# Void_ID, N_particles, Void_Volume, r = (a*b*c)**(1/3.0), a, b, c, vector_a, vector_b, vector_c

0, 7, 115.42988101958724, 3.0204840465434266, 3.936677691315466, 3.5028427695757234, 1.9983848830304058, 0.110896365514, -0.977588379896, -0.178949589572, 0.0282543576883, -0.176886201902, 0.983825677063, 0.993430262971, 0.114158797598, -0.00800509485706,  
1, 6, 56.05722511899825, 2.374183754106194, 4.104801090930149, 2.67143661686864, 1.2204106676360493, 0.267924101214, 0.110932512948, -0.957032211349, 0.666146099913, -0.738973672183, 0.100832957861, -0.696035954214, -0.664538854689, -0.271886117794,  
2, 7, 73.82802402472892, 2.602420942488531, 3.7449315967988124, 2.8432663490312047, 1.6552789836050747, 0.405826184347, 0.898498258597, -0.167349895122, 0.419007294715, -0.0201790301799, 0.907758609828, 0.812242571572, -0.43851303976, -0.384666503462,  
3, 5, 44.826251416856124, 2.203676994235775, 4.120454571463875, 2.3058881636751374, 1.1263164910771828, -0.713177544729, -0.546659479286, 0.43879517249, -0.684738633539, 0.409299630958, -0.602998188917, -0.150035973797, 0.730504774662, 0.666222170723,  
4, 11, 80.27557081540024, 2.676074898363763, 3.54513527875526, 3.008730835773881, 1.7967127263408942, -0.57382961321, -0.310091305466, -0.757999312188, -0.555094247398, 0.827776457541, 0.0815874552018, -0.602154424969, -0.467578355589, 0.647132544287,  
5, 13, 1502.976052572794, 7.105933690535498, 9.332623356563332, 7.867362164320689, 4.886867564599284, 0.280628300685, 0.862722280141, -0.420663789984, 0.920659838921, -0.365856706708, -0.136140850424, -0.271354413732, -0.349083281618, -0.896943501366,  
6, 8, 1024.9666974046966, 6.254708129015108, 7.422600789527522, 6.6220850828303925, 4.9781764454815285, -0.465805823571, 0.727642656534, 0.503548507216, -0.396852040738, 0.336835733586, -0.853844333788, -0.790906690128, -0.597559915801, 0.131866426882,  
7, 7, 1906.7244050863587, 7.692481114145462, 13.175639305884046, 9.589108177841544, 3.6028767095837937, -0.304176435458, 0.908662931237, -0.286021631188, 0.26899786151, 0.369959300757, 0.889252644802, -0.913847277511, -0.193550492582, 0.356961286705,  
9, 9, 719.6096612855596, 5.559078311448485, 7.374104408773073, 4.955980629108912, 4.700775314564361, -0.925475655263, -0.36315241337, -0.107773541186, -0.339670910119, 0.66962338931, 0.660475729538, 0.167685671227, -0.6478617454, 0.743072455762,  
10, 9, 1345.709767028827, 6.8489016804039204, 10.67181489892328, 5.751197510781024, 5.234391821054269, 0.126783611432, -0.586614414135, -0.799880894259, -0.826092661049, -0.508822337542, 0.242220445421, 0.549087271054, -0.630066153628, 0.549108195913,  
11, 6, 143.6486860200135, 3.248910014698022, 5.748157347770904, 2.8648942385281426, 2.082455868648482, -0.105670784271, 0.952382059935, -0.286010659358, 0.141041137458, 0.29906775263, 0.943750961261, 0.984348049673, 0.059387635512, -0.165927772999,  
12, 5, 1048.2791681759963, 6.30177339034825, 9.208176520713868, 7.857440474183517, 3.458864988893867, -0.12276704215, -0.483469303522, -0.866709689524, -0.0254717066297, -0.871493198714, 0.489745644959, 0.992108585551, -0.0822011991819, -0.0946758539959,  
13, 6, 329.98067731651946, 4.286800770607522, 6.681654068141833, 3.78483767358339, 3.1150760615319517, 0.817729786351, 0.546949780359, -0.179343063094, 0.478984128709, -0.473809937456, 0.738971141259, -0.319205577895, 0.690181194277, 0.649428762919,  
14, 7, 233.55770997337672, 3.820338686453926, 4.848003634336314, 4.108265712724108, 2.7995236284758613, 0.716341145593, -0.693995077138, -0.0722924341764, -0.131350649164, -0.235880166771, 0.962864244786, 0.685275397263, 0.680243618002, 0.260127372786,  
15, 7, 477.2827641416582, 4.847997426672747, 6.674540014967289, 5.27749214094004, 3.234731260529678, -0.851110222745, -0.505128176115, -0.143027670165, -0.519898861108, 0.773139175203, 0.363264352759, 0.0729147650143, -0.383537927018, 0.920642219096,  
16, 6, 10.032314878300983, 1.3379427024335107, 2.4033132747246033, 1.2148330135343117, 0.820324296088637, -0.441777360955, -0.877614845991, -0.186077794063, -0.866185981119, 0.471267276583, -0.166219734494, -0.233569281929, -0.087745860971, 0.968372890173,  
17, 14, 3335.219502735861, 9.268552995066159, 12.133588763668216, 10.137271601469477, 6.4732958837365295, -0.911441219289, -0.186935723668, -0.366510489616, -0.410525034932, 0.472269512849, 0.780019681116, -0.0272781868208, -0.861403820778, 0.507187695113,  
18, 6, 2098.272319046281, 7.941899993534587, 12.61362550922605, 7.464395595068322, 5.320331107863212, 0.590956994221, 0.64514738152, -0.484308462758, 0.303447102806, 0.378487861692, 0.874452282489, 0.747455474781, -0.663725692338, 0.0279019452891,  
19, 12, 410.7442113988673, 4.611344986534983, 7.844952650898137, 4.491529342102501, 2.782904316958375, 0.19762271004, -0.781420374415, 0.591884670291, 0.534474483735, 0.592043635696, 0.603176060257, -0.821755614957, 0.197145965926, 0.534650518944,  
21, 5, 51.704379913532385, 2.311068979458097, 3.7783312367421575, 2.9157369082159823, 1.1204445324550738, 0.0178714396843, -0.205705484678, 0.978450747466, 0.960555977244, -0.268086052503, -0.0739059066219, 0.277511848799, 0.94117751887, 0.192800549142,  
22, 6, 384.5967498447269, 4.511341117871702, 6.423533155244148, 4.417214981141554, 3.2358955439850616, -0.11107694964, -0.089465146312, 0.989776691408, 0.966350553935, -0.242229604096, 0.086553023107, -0.232009737227, -0.966085299803, -0.113360819232,  
23, 5, 115.73184534412027, 3.02311561310994, 9.695573121295569, 5.637078930388926, 0.50551804966392, 0.686224322586, 0.697102946085, -0.207710523688, 0.226732452501, 0.0663346131713, 0.971695484233, 0.691150181997, -0.713895791873, -0.112535435624,  
24, 7, 515.3765441948478, 4.973689620200795, 7.773045485889495, 4.43754790284244, 3.5669890523161762, 0.137390482975, -0.435128677241, 0.889824077799, -0.798822429085, 0.482493143031, 0.35928135732, 0.58566763781, 0.760173270492, 0.281300580965,  
25, 8, 1230.7231240947435, 6.647993463745085, 11.03405012660741, 6.360433343420997, 4.186490337028009, 0.520763558417, 0.720587046829, 0.457776827906, 0.762658144873, -0.1517320661, -0.628752681248, 0.383611613855, -0.676558709987, 0.628578111022,  
26, 10, 419.108576681658, 4.642436581112282, 5.227958771178221, 4.846349805327362, 3.949035402673047, -0.526603877225, -0.491971635944, 0.693290895598, -0.708489496878, 0.704692927194, -0.0380855770166, -0.469820166985, -0.511245330335, -0.719650764541,  
27, 22, 1368.282332152192, 6.886983407060112, 9.645343884316073, 7.016781954360696, 4.826490022096136, 0.328317700506, -0.0614692739754, 0.942565125544, -0.597897185481, -0.786047094965, 0.156999745511, 0.731249918378, -0.615102831121, -0.294825480612,  
28, 8, 741.8504021798808, 5.615769093651804, 7.4047104686568765, 5.23952469743679, 4.564863056801662, -0.0423699445431, -0.54382217282, 0.838130199998, -0.750250509662, -0.536670187721, -0.386146710932, 0.659794635134, -0.645168624439, -0.385264176232,  
29, 8, 925.7937939729424, 6.04609850582343, 8.220443078189636, 6.6371112511273225, 4.05089822507278, -0.907211397544, -0.391929221934, -0.152836399987, 0.200980902609, -0.72297708788, 0.660992289809, -0.369559409234, 0.568942541382, 0.734663343071,  
30, 8, 457.778510513369, 4.781038755594875, 7.021385697691326, 5.060707325530103, 3.07562045461955, 0.488640837862, 0.693379825436, 0.52957959671, 0.81568646977, -0.578474590471, 0.00476772623911, -0.309654185516, -0.429641205958, 0.84824685059,  
31, 8, 540.143644170558, 5.052118790995507, 6.315996106045218, 4.630592761386219, 4.40902152143565, 0.152658893016, 0.988278917565, -0.000208515830377, 0.846747250317, -0.130687769759, 0.515693514519, -0.509621777855, 0.0789017612681, 0.856773106256,  
32, 7, 239.86787442668128, 3.854438841742142, 5.337672680817593, 4.255005293763875, 2.5213401195998726, -0.744971707462, 0.394739829253, -0.537770975679, 0.643819847041, 0.214351698933, -0.734540232881, 0.174680163833, 0.893439318793, 0.413827287642,  
34, 11, 1298.1447689843556, 6.767238864290081, 8.797081095640761, 8.255279037473725, 4.267407983362124, -0.893023122813, -0.243665893194, 0.378334025188, -0.266018130562, 0.963941987231, -0.00708515807398, 0.362965640706, 0.106970920097, 0.925642029037,  
35, 7, 280.3287886158099, 4.060003085867929, 8.36212446249382, 4.455797472026804, 1.7961269153531594, 0.447706518239, 0.892235195981, -0.0589510693647, -0.457274998535, 0.285109227634, 0.842384890672, 0.768412941875, -0.350184356263, 0.535642107557,  
36, 10, 2015.5660666705892, 7.836151243488743, 10.932908434676825, 7.3030895505859625, 6.026512920566977, 0.143742731193, 0.916443926397, 0.373454892857, 0.438287992281, -0.397299592227, 0.806260919206, 0.887266399145, 0.0477866486168, -0.458775297027,  
37, 21, 4866.879344743917, 10.512854574557595, 13.764595399926224, 10.536754935812413, 8.011090555978008, 0.732031578402, 0.624982943564, 0.271156944364, 0.483620542369, -0.757051856521, 0.439299052512, -0.479834283083, 0.1904437103, 0.856440455598,  
38, 9, 59.25918920314197, 2.418553499328908, 3.4695562377675597, 2.164520270109957, 1.8837857495792327, -0.800912474208, 0.504535052423, 0.32246486558, 0.539921744741, 0.375672691869, 0.753229406051, -0.258889393783, -0.777376620088, 0.573290390925,  
39, 18, 5778.872798888561, 11.132298474675467, 18.24751664950392, 9.942069202125376, 7.604557980892917, 0.0457340563118, -0.99546814219, -0.0833760995585, -0.902074571967, -0.0770105073022, 0.424653798258, 0.42915016335, -0.0557903185989, 0.901508501151,  
40, 11, 5150.13975530173, 10.712976074679991, 13.243559925599868, 10.919860170121456, 8.501755025021021, 0.215906581841, -0.822643986355, -0.525966937775, 0.776830478798, 0.471065299262, -0.417889807296, 0.591539309875, -0.318361988224, 0.740761020388,  
41, 5, 107.92685079938157, 2.953567939785668, 4.43543941191895, 3.4142278064280203, 1.7014208457135975, -0.0148783883821, -0.676813250625, 0.736004386765, -0.670234051599, -0.539485966604, -0.509648121663, 0.742000639916, -0.500877944829, -0.445596605405,  
42, 8, 103.79924095807006, 2.9154248829362164, 3.8219861695081185, 2.978448002441376, 2.176839626640991, -0.999492622656, 0.031480749386, -0.00484351870211, 0.0119725149092, 0.512244539842, 0.858756187919, 0.0295153543443, 0.858262485385, -0.51236154231,  
44, 5, 27.740057301700457, 1.8779019583739365, 9.02894626020248, 3.37311676305099, 0.21744543845596576, -0.264014693545, -0.409969990443, 0.873052603529, -0.0161267826524, 0.906919007944, 0.420996246908, -0.964383828397, 0.09706966553, -0.246051440883,  
45, 12, 1192.0856990343834, 6.577683251934924, 9.093534852345764, 6.14872257652891, 5.089806059359411, 0.926904796014, -0.135671264309, -0.349915428592, -0.20419334827, 0.59997462701, -0.773521508082, -0.314885019727, -0.788431198637, -0.528416189539,  
46, 13, 2317.747025641097, 8.209672029355747, 10.113313607906516, 8.915011200985306, 6.137083825457925, -0.867088423379, 0.320003038413, 0.381779676578, 0.497419829561, 0.597777178553, 0.628677944547, 0.0270403254558, -0.735024149404, 0.67750152811,  
47, 7, 53.89154480671741, 2.3432070995666474, 4.785932319257549, 3.409193024920805, 0.7885221177713526, 0.698535733995, 0.48138181054, -0.529451962706, -0.123811728747, 0.810044932473, 0.573147331146, 0.704782579351, -0.334811528858, 0.625446045624,  
48, 7, 9.664896470857194, 1.3214057704354123, 2.1199662680105376, 1.3544343523655846, 0.8035662465338198, 0.446453882746, 0.801244778894, -0.398353781049, 0.495007069581, 0.149705998415, 0.855894920597, 0.745417286925, -0.579305548336, -0.329785005755,  
49, 8, 1154.381407388213, 6.507590822563957, 10.318029337501425, 6.907041377565623, 3.8669797509983046, 0.0293413374868, 0.0782685351983, 0.996500437688, 0.908304799293, -0.418264379081, 0.00610743597212, 0.417278656891, 0.904946929709, -0.0833641224595,  
50, 11, 1903.8520905735536, 7.688616488293862, 10.708188421603337, 7.611970039045128, 5.576112423326154, -0.961875744228, -0.119289241204, 0.24609983665, -0.260824514899, 0.670765359931, -0.694294177093, 0.0822534199522, 0.732013598815, 0.676306488255,  
51, 7, 93.18244982674662, 2.8124307538089024, 4.269444417460788, 2.9350246232298023, 1.7752617743299433, -0.11231639036, 0.608551652032, 0.785525248013, -0.959973619657, -0.270581601801, 0.0723619121454, 0.256584641043, -0.745956086895, 0.614584280961,  
52, 5, 178.93077062995212, 3.495683793052041, 11.315177475087411, 2.659283212213885, 1.4196146125761067, -0.452456880496, 0.57366993065, 0.682777842318, 0.889789363791, 0.239197294018, 0.388663791238, -0.0596461178678, -0.783382068471, 0.618671864093,  
54, 15, 2535.8820186873945, 8.459541234308952, 9.540496581968426, 8.695882460662581, 7.29719234286988, 0.653178795708, -0.709027352807, 0.265777489283, 0.0417947129074, 0.384222681872, 0.922293951356, 0.756049378553, 0.591314758573, -0.280599703282,  
55, 8, 555.623524521772, 5.099927535029204, 7.457628573329808, 5.650654572816973, 3.147694003361654, -0.940349865877, -0.0189072173711, 0.339683156598, 0.0303530901686, 0.989810093992, 0.139121054295, -0.338852209174, 0.141132898228, -0.930193896656,  
56, 10, 601.0289398863717, 5.235227893228881, 6.6218533859900335, 6.327663616789372, 3.4243948102942783, -0.920585893546, 0.0806341617357, -0.382125299562, -0.172418116314, -0.961848923888, 0.212411489291, 0.350419185792, -0.261428345015, -0.89936734133,  
57, 11, 1017.968232360626, 6.240439904816593, 7.32863921140837, 6.551992234166131, 5.061146399997677, -0.289457788286, 0.880662468139, -0.375030406782, -0.52871760268, -0.473711349869, -0.704311900809, -0.797917217145, -0.0055833874664, 0.602741188544,  
58, 5, 85.17107351679483, 2.729404085648554, 4.583963320454308, 2.724275663967029, 1.6282134097280603, -0.899288180687, -0.436169599747, 0.0322001294056, -0.00803861144776, 0.0900960491882, 0.995900638943, -0.437282687518, 0.895342829411, -0.0845285100992,  
60, 15, 1185.7379222124146, 6.5659872256128, 9.537153442361063, 5.647417631409988, 5.255710378847708, 0.948161829317, 0.112422730855, -0.297237741571, -0.179178391976, 0.961607903471, -0.207858951772, 0.262458090514, 0.250342504521, 0.931903632976,  
61, 9, 398.20610045323525, 4.563938321433769, 6.349928492940358, 5.47957670911428, 2.732143173051243, 0.400587325376, 0.91198002579, 0.0884433565013, 0.882692703956, -0.358222936553, -0.304187307609, -0.245730309753, 0.199921885465, -0.94849768296,  
62, 7, 124.142891965112, 3.094646756860648, 4.526867353981303, 3.7046387693766647, 1.7672159092855588, -0.0159510691799, 0.256914867598, 0.966302392732, 0.302060434381, -0.92003248908, 0.249599104605, 0.953155316501, 0.295863093076, -0.0629283146244,  
63, 10, 2679.267326820019, 8.616068562810533, 11.440981544674475, 8.405287013538663, 6.651377635540638, -0.877275729477, 0.264706513115, 0.400396998472, 0.473347501776, 0.615379979425, 0.630277417876, 0.0795577591003, -0.742454000486, 0.665156087043,  
64, 6, 1041.1431633160819, 6.287441357557092, 10.893975905468796, 8.774357092900386, 2.6002800675684155, -0.619442448998, 0.389044205898, -0.681861905547, -0.323546179876, 0.664852647771, 0.673267276971, -0.715268426444, -0.637664145619, 0.285964185737,  
65, 11, 3415.5213067750115, 9.342349920103317, 11.369544761896588, 9.952383654252682, 7.206065485789084, -0.420725692038, -0.878690808021, 0.225593342007, -0.178701242186, 0.324073669839, 0.929000604175, 0.889413153771, -0.35054061165, 0.293369257905,  
66, 6, 466.0223931767426, 4.809567883149844, 6.47318676766854, 4.675411841370779, 3.6760394747374514, 0.369629520477, 0.919060656121, 0.136753529984, -0.36130370542, 0.00656768031149, 0.932425062954, 0.856057036675, -0.394061386013, 0.334487629086,  
67, 13, 56.95293260438177, 2.3867622527693024, 3.8621724747553716, 2.049318149530458, 1.71785471623629, -0.891480856948, -0.436184479519, -0.122494822426, 0.0242288482972, -0.31588562588, 0.948487867225, -0.452410040345, 0.842590868209, 0.292174236041,  
68, 9, 756.1740721486998, 5.651682085961071, 9.22856730888913, 7.238708487950597, 2.7023263830237507, 0.855336086425, 0.201387862582, -0.477329140178, 0.253704451192, 0.640493598963, 0.724846191362, -0.451701484062, 0.741087632127, -0.496744291165,  
69, 6, 1579.7179003982706, 7.224874540726536, 11.485733802758057, 6.897082396643134, 4.760655649452409, 0.295302565588, -0.376654408193, -0.878024972051, 0.364573382279, -0.805044713733, 0.467962880819, -0.883109644207, -0.458295173092, -0.100413597833,  
70, 7, 426.91892910179155, 4.6710975171007, 6.882504488808272, 4.724674179586262, 3.1342846405238824, 0.794916564466, 0.586903396868, -0.153792256902, 0.417573633111, -0.345337672752, 0.840460678859, -0.44015896727, 0.732315706866, 0.51959002012,  
71, 11, 900.7149530079645, 5.991003699616048, 8.643019425615803, 5.722337306308897, 4.347702513045919, 0.710601255392, 0.556000582008, -0.431171901498, 0.579975136463, -0.115932948635, 0.806342602437, -0.398339926344, 0.823057047979, 0.404848612265,  
72, 6, 114.67109448517064, 3.0138510354674004, 6.46145624905059, 3.174347673242132, 1.3346901298344302, 0.347426763799, 0.789202510997, -0.506412914954, 0.748980808269, 0.0913862053331, 0.656259331605, -0.564200666998, 0.607295610152, 0.559347521,  
73, 24, 9401.245633568587, 13.09279185197849, 15.96574552662871, 12.780552376587407, 10.999120584896886, -0.937655776419, 0.340095380638, -0.0716713123674, 0.345489934621, 0.889523792283, -0.298971784687, 0.0379255853381, 0.305094337922, 0.951566652918,  
74, 5, 247.03957575000223, 3.892476277908966, 6.5023895072102675, 4.46877574359082, 2.0296276997829494, -0.226534748138, -0.876151168539, -0.425489292173, -0.118332438513, -0.40885308352, 0.904895900141, 0.966788209424, -0.255339550334, 0.0110576739792,  
75, 8, 375.9567183417323, 4.477302252313036, 6.66098716993696, 4.495135713005199, 2.997559659858928, -0.174521609894, -0.0745132649374, -0.981829914511, 0.00863526279611, -0.997210041605, 0.0741455673609, -0.984615478203, 0.00446164444945, 0.174678143488,  
76, 5, 308.89663078083214, 4.193482683795456, 6.161444327325765, 4.031817962377282, 2.9685277834197703, 0.217994994819, 0.974554970918, 0.0521612010264, -0.53318681553, 0.0741607076172, 0.842740772237, 0.817428897201, -0.211524934947, 0.535786524576,  
77, 13, 3349.10345379177, 9.281396326114347, 13.53550567226627, 9.27144032214067, 6.371156327485038, -0.993654284708, 0.103313574441, -0.0444687285328, 0.05624743377, 0.798791841158, 0.598972303778, 0.0974032272334, 0.592670144208, -0.799534058993,  
78, 11, 835.702594378917, 5.843248824433008, 7.575920124899419, 5.775789425040702, 4.559491419271547, -0.392271031912, -0.552075878852, 0.735755164109, -0.919172653881, 0.204577252193, -0.336555760971, -0.0352855477607, 0.808307102453, 0.587702780531,  
79, 6, 870.8733313196861, 5.924096541715446, 8.394005753632994, 6.0985296454012, 4.0613646109297825, 0.586178954658, -0.452554862641, -0.672003221284, 0.508846213002, -0.439796705607, 0.740036748582, -0.630452031981, -0.775740261967, -0.0275187451242,  
80, 10, 430.79735836613077, 4.6852000662099345, 5.846628936879155, 5.30576391801171, 3.315362100756444, 0.360534589056, 0.495279551105, 0.790387864501, -0.329935542597, 0.860311433445, -0.38859590221, -0.872443320695, -0.120674785024, 0.473582356549,  
81, 12, 1171.208890826687, 6.539058917420372, 9.104287334880661, 7.003377101361977, 4.385229061811815, 0.666960908876, 0.74503870248, 0.00897094412785, 0.57071792592, -0.503094088665, -0.648981807899, 0.479003335129, -0.437965375066, 0.760751033636,  
82, 11, 330.25350846539794, 4.2879819009682425, 6.402420868696778, 5.741750795770686, 2.144718371935052, 0.50872030927, 0.786935968812, -0.349192537044, -0.390517796626, 0.57239358635, 0.721014169641, -0.767267552719, 0.230428651203, -0.598500742898,  
83, 8, 855.0279188605222, 5.88794704643313, 8.70450996662368, 6.017041491772326, 3.897304629092231, -0.0848006900426, -0.986983302038, 0.136648470416, -0.56597898563, -0.0651560109202, -0.821840910436, 0.820046724762, -0.147032838984, -0.553086533435,  
84, 13, 459.7251568708131, 4.787806097054151, 5.787938825589175, 5.025195780102977, 3.7733991012637906, -0.597516556848, 0.499270088737, 0.627457841441, -0.698962245142, 0.0591881667715, -0.71270508682, -0.392970411301, -0.86442243111, 0.313605032541,  
85, 6, 307.91220870236475, 4.189023209171864, 5.789981987744367, 4.039903562114838, 3.1426071117357646, -0.149810309172, -0.084688598522, -0.985081069022, -0.977855699706, -0.13456752915, 0.160280412561, 0.146133848981, -0.987278796176, 0.0626536256183,  
86, 7, 145.61830702234664, 3.2636916680695403, 4.61810774372301, 3.8000430595999575, 1.9809558179136646, -0.105994280271, 0.548349510506, 0.829504687677, 0.580691862426, -0.643044767177, 0.499289884054, 0.807194012281, 0.534608493885, -0.250263031237,  
87, 7, 1590.3727663082643, 7.241081578613859, 9.437706251147159, 8.328940228098288, 4.830077728172401, -0.111556001788, -0.972580389619, -0.204065293948, -0.00654486952425, -0.204623537819, 0.978818866008, 0.993736596462, -0.11052869989, -0.016461571999,  
88, 6, 127.45042626597422, 3.121889744156298, 5.614592031906721, 3.398277700901356, 1.594687581921856, 0.129160189097, -0.973325470534, -0.189618495832, 0.676489636461, 0.226300580247, -0.700820818142, 0.725037528211, -0.0377567979174, 0.687673619457,  
89, 13, 1648.9906519772221, 7.32897423252029, 11.527825990262894, 6.672028787860933, 5.118282591889063, -0.923706855935, -0.254982243381, -0.285919044239, 0.127037234105, -0.907970595496, 0.399313083764, -0.361423830771, 0.33252586858, 0.871090902992,  
90, 14, 901.9548377227517, 5.993751423546961, 8.462678885518622, 6.266666730842482, 4.060240155345227, 0.374626392179, -0.92349650977, 0.0825182569288, -0.423047663698, -0.091059288275, 0.901520316054, -0.825036811617, -0.372642459286, -0.424796253532,  
91, 8, 1255.7852767467289, 6.692816622683469, 9.607842139303848, 6.270286256154774, 4.976380169313534, -0.0156624363642, -0.671097036722, 0.741204057861, -0.730889072944, -0.49817560564, -0.466499977488, 0.682316532951, -0.549044472924, -0.482694847303,  
92, 7, 492.57412122043434, 4.899228107580238, 6.307340350006812, 4.435701623640964, 4.203145174468767, 0.524542902746, -0.842199950994, 0.124715619407, -0.669205495325, -0.317296509607, 0.671927771429, 0.526325705438, 0.435915321521, 0.730040467548,  
93, 10, 835.5252043203927, 5.842835356928182, 7.047186740528312, 5.70145897525944, 4.964427382755987, -0.810023739598, -0.25148123578, -0.529734583861, -0.568191440355, 0.559953018807, 0.603001744472, -0.144982855522, -0.789436384251, 0.596464723873,  
94, 6, 932.8870924158718, 6.061500680864579, 8.631594558040371, 5.971774091897873, 4.320620003562082, 0.811016671015, -0.462535308487, -0.358208106746, 0.187181928751, -0.374950343842, 0.907951080842, -0.55426968606, -0.803413547344, -0.2175127285,  
95, 7, 263.4600735277836, 3.976876152725078, 4.966816526775888, 4.161689133652762, 3.0428352961863054, 0.0547639699988, -0.436655329526, 0.897960483978, -0.111792408822, -0.896337122365, -0.429048039735, 0.992221429379, -0.0768887915549, -0.0979017303908,  
96, 17, 1663.7043524564494, 7.35070816941645, 9.50369569502281, 7.593909960278861, 5.503380974214169, -0.272336596861, -0.956990395131, 0.100010807603, -0.178307802241, 0.152333194845, 0.97211158074, 0.945536411605, -0.246908852364, 0.212124757995,  
97, 6, 21.145021199269326, 1.7154306753239563, 2.569314473145773, 1.510917421993015, 1.3003537765625097, 0.137839291547, 0.973407333059, -0.182971291882, 0.745782386263, 0.0195631300559, 0.66590233239, -0.651773704629, 0.228244272414, 0.723253475667,  
98, 8, 1076.432247115814, 6.357690226582418, 8.460140094971077, 6.521240791812514, 4.6579014864215305, -0.871166643979, 0.0894404373636, 0.482772292683, 0.48189983927, 0.344061494627, 0.805850006407, 0.0940277795625, -0.93467753588, 0.342836229987,  
99, 11, 4128.354257427996, 9.951673431682252, 11.879802922115104, 9.872850474545514, 8.403042351469338, 0.842313256961, -0.28952377387, -0.454625517886, -0.428055597679, 0.153229013195, -0.890667881318, -0.327531345743, -0.944826361762, -0.00513455709936,  
101, 6, 480.66246014879084, 4.859413604574387, 7.3965056975492836, 4.799017764251999, 3.23275388266369, -0.827499039098, 0.305079949798, 0.471350787125, 0.540082869338, 0.66198673365, 0.519696121516, 0.15347910131, -0.684616526753, 0.712561840655,  
102, 7, 838.6974643176942, 5.850220565937543, 10.157105887251275, 5.614181284115166, 3.511238328947039, 0.744718126877, -0.151264988486, -0.65001062665, -0.572596685229, 0.355495807532, -0.738752845607, -0.34282349331, -0.922356565589, -0.1781303409,  
103, 22, 1646.157588242347, 7.3247746224140435, 11.648429492707406, 6.172180183139967, 5.466090626073981, -0.289731857417, 0.921059881026, -0.260200204386, -0.305701869402, 0.168565229547, 0.93708704528, 0.906973989617, 0.35104765909, 0.232731010408,  
104, 5, 418.6578358597137, 4.640771709205544, 9.589232552951716, 4.432175596691047, 2.3516344060749286, 0.497034050392, 0.598711331941, -0.628093857442, -0.337148651554, 0.800210408574, 0.49597791157, 0.799554838336, -0.0347569132062, 0.599586538773,  
105, 10, 1895.23324336598, 7.6769966673493535, 9.988808302139343, 7.846332665522529, 5.772895027009256, -0.333256653317, -0.390191920632, -0.858306628247, -0.934944174733, 0.254303414611, 0.247404857368, -0.121734929876, -0.884918096996, 0.449555968104,  
106, 13, 1584.6481369532573, 7.232382916772798, 8.67930369374299, 6.95786352502337, 6.26445716839326, -0.96765672047, 0.234637691929, -0.0926586469486, 0.0631355067822, 0.58085699714, 0.811553483547, 0.244242459682, 0.779455131743, -0.576884146505,  
107, 14, 618.825816888453, 5.286398988018936, 6.837630910494275, 4.919889946729526, 4.391559508821738, -0.140733776114, 0.958990759531, -0.246029931908, -0.0764870554444, 0.237229000608, 0.968437985428, 0.987088514071, 0.155110039664, 0.0399642463357,  
108, 10, 1165.9733614415277, 6.529300744918607, 10.075600227915945, 6.07959561717121, 4.544168200917627, -0.147448914072, 0.582511387127, 0.799336788598, -0.206391049359, -0.808500092301, 0.551117351835, 0.967296000448, -0.0837143035353, 0.23943759709,  
109, 7, 812.9825988795781, 5.789808687415191, 8.352408049530746, 5.989592742551033, 3.8795704576477426, 0.445099065574, -0.680607902484, -0.58194476104, -0.441945554944, -0.732168366483, 0.518279470543, -0.778826648421, 0.0265021923197, -0.626679092927,  
110, 6, 767.9109899361962, 5.6807728571114, 8.335361797236576, 5.78579931398114, 3.801320195135718, -0.857542959254, 0.386108597161, 0.339912083092, 0.507224545402, 0.744737938099, 0.433691899968, 0.0856932528002, -0.544321187126, 0.834488532977,  
111, 7, 1514.1391952349586, 7.12348308686776, 9.753381868376895, 7.833976887667387, 4.730855448425977, -0.0375403289129, -0.950463565471, 0.30856074672, -0.636711080988, -0.215234836809, -0.740454566041, 0.770188108875, -0.224260954549, -0.597090697644,  
112, 6, 165.86401517030268, 3.408431118496991, 5.6263003987391516, 4.489077687939051, 1.5677742515029378, -0.101183719824, 0.0258241778864, 0.994532536762, -0.480621152039, -0.876538710146, -0.0261380532594, 0.871071273235, -0.480638119017, 0.101103093388,  
113, 7, 239.3428525039706, 3.8516245936094546, 5.581770620337167, 3.5603369878670894, 2.875204647779316, 0.0939934527438, -0.995519966719, -0.0102580068445, 0.820590803817, 0.0833033699792, -0.565412487694, 0.563733947472, 0.0447274458608, 0.824744501076,  
114, 9, 616.1605654255021, 5.278798648528085, 6.861119886297563, 5.59483358929316, 3.8319788995451525, -0.701821564738, 0.467717811235, 0.537295580033, 0.682423489926, 0.225109309639, 0.695430786716, -0.204315128335, -0.854731447747, 0.477168188971,  
115, 7, 20.217289366173066, 1.6899665397035808, 2.5088779993944983, 1.8610199271669745, 1.0337219811009868, 0.626524979985, -0.146105036476, -0.765584592172, 0.483541153702, -0.697517379417, 0.528826491477, -0.61127277228, -0.701514663944, -0.366364264279,  
116, 12, 4673.947627383819, 10.372061363042942, 12.047921393899124, 10.402489496065042, 8.90319368063004, -0.0296851647037, -0.224842337816, 0.97394287005, 0.961730243635, -0.271946373816, -0.0334680182677, 0.272385259284, 0.935676810065, 0.224310449225,  
117, 9, 2094.4316654709446, 7.937051446550046, 11.634773344011766, 7.311287853697513, 5.877948488980293, 0.469721820007, 0.348848745907, 0.810966068519, 3.11021473952e-05, -0.918620906634, 0.395140011802, 0.882814482687, -0.185580662715, -0.431507134106,  
118, 12, 55.3265976957259, 2.3638238940409155, 2.9021955870667306, 2.511118653331416, 1.812389107098676, 0.411802699047, 0.300435733542, 0.860323722251, 0.400648560148, 0.788257980402, -0.467043988918, -0.818473743201, 0.537017435791, 0.204237619815,  
119, 10, 4484.490686410827, 10.22998128090421, 12.6644516646079, 9.975763312240092, 8.474068882446087, 0.749135272238, 0.380290120008, -0.542379727233, -0.441629110914, 0.896997513048, 0.0189523080135, 0.493720641944, 0.225332834292, 0.839919663723,  
120, 8, 1173.6288377847086, 6.543559477977108, 8.884626315946228, 6.463689694707313, 4.878906527466911, -0.450769687201, -0.487312788857, -0.747885642941, 0.215136664614, -0.872447353714, 0.438807281772, -0.866327250315, 0.0369033984109, 0.498111668752,  
121, 8, 1592.147577641397, 7.243774191781062, 8.519731306827369, 8.191631426651556, 5.4462604887961685, 0.304236121581, 0.866752082431, -0.395197684618, 0.481222002409, -0.497876374017, -0.721487699543, -0.822110556265, 0.029324798338, -0.568572149758,  
122, 7, 347.5762940535048, 4.361680466851979, 5.6154822106295645, 4.274255444688209, 3.4571164584510825, 0.406482790697, -0.54563364803, -0.732840816962, 0.579957300158, -0.465694781634, 0.668414467491, -0.705989568521, -0.696715359739, 0.127147302935,  
123, 6, 100.5387201632724, 2.8845733115668772, 4.183210638581932, 3.423734553753879, 1.6758491517930452, 0.539016420479, -0.648280852603, -0.537766896157, -0.701739409505, -0.698747493512, 0.138973887686, -0.465857381182, 0.30246301668, -0.831560595471,  
124, 9, 805.7072983605647, 5.772486103898526, 8.174491429783057, 5.701784293275066, 4.126835541882952, -0.224958118538, -0.493999576703, -0.839856096675, -0.0120872578039, -0.860468032215, 0.509361034763, -0.974293458411, 0.124736457195, 0.187598169351,  
126, 8, 449.56846388811323, 4.752284255780132, 6.832147503733437, 5.880616297039577, 2.6713276072211225, 0.613084361913, -0.295670491812, -0.732602569917, 0.515024917631, 0.85276542696, 0.0868358267064, -0.599063351739, 0.430546265636, -0.675094818341,  
127, 6, 268.3629127697866, 4.00139380936695, 5.511286982695435, 4.919218412468543, 2.3631144508848196, 0.823616251069, 0.384397344813, 0.41700713696, 0.447064892453, -0.892466307866, -0.0603064777533, -0.348983169953, -0.23609864596, 0.906900312309,  
128, 8, 209.8182940739161, 3.686251091253749, 5.596532198986394, 3.450234512252711, 2.5941024302724305, -0.256719810373, -0.835574233815, -0.485706329737, 0.13386287736, -0.52844582096, 0.838347030993, -0.957170658256, 0.150202243972, 0.247514882136,  
129, 13, 981.2490401404841, 6.164486112660386, 8.233005157706053, 5.844033795569718, 4.868773030947696, 0.447461384523, 0.130667864932, -0.884705724201, 0.531852746668, 0.756429400869, 0.380719341986, 0.718965204459, -0.640890373289, 0.268976884142,  
130, 6, 41.364868240385036, 2.1454299811018145, 3.5886410651953367, 2.4591757301340387, 1.1189828990158197, 0.295792800539, -0.597309359218, -0.745471762403, 0.824343831751, 0.553921214625, -0.116741316779, -0.482663305218, 0.579993808052, -0.65623419327,  
131, 10, 378.7484905620716, 4.488357421405406, 5.869494017794436, 4.312725757065198, 3.5719863821325752, 0.617504490661, -0.352526946042, -0.703145046437, -0.733561470922, -0.580713557239, -0.353071285745, 0.283858719073, -0.733823219006, 0.617193414461,  
132, 5, 76.02490303127392, 2.627982215429003, 6.0866387490163305, 2.6738584145124182, 1.1151963316942126, 0.455581895715, 0.634051971486, 0.624838566152, -0.575476294157, -0.325748936941, 0.750143096312, 0.679170207797, -0.701331396371, 0.216476560635,  
133, 11, 274.85921581797317, 4.033424183837666, 6.892100180786095, 3.7121347141522802, 2.5647579447130493, -0.0660154259936, 0.162168368723, 0.984552377335, 0.512940371935, -0.840833781284, 0.172889349271, 0.855882082048, 0.516430026662, -0.0276747031079,  
134, 9, 1251.8995215391753, 6.685906333769611, 10.005459631660527, 7.393443054169513, 4.040146262659653, 0.694605602982, -0.372090000373, 0.6156883042, 0.480375064109, 0.876981806767, -0.0119460613518, -0.53550243145, 0.30405910975, 0.787899234477,  
135, 6, 137.09766204999858, 3.1987513325621895, 5.893131985949527, 3.428160027124923, 1.6200715105071932, -0.459784617762, 0.244412425369, -0.85373337266, 0.888029633039, 0.125230993597, -0.442403174817, 0.00121495442236, 0.961550708266, 0.274624760934,  
136, 8, 252.965395617176, 3.923354057798352, 4.280094328738518, 3.9194403800181803, 3.5999386824616852, -0.0926143347712, 0.149873786823, 0.984357878527, -0.84495417409, -0.534835214458, 0.00193314871884, 0.526758985384, -0.831558260977, 0.176169889362,  
137, 6, 874.5079165717619, 5.932326498302191, 8.494516133584153, 5.12336154172842, 4.797129986115955, -0.943665361054, -0.103624864463, 0.314257177822, -0.244078148827, -0.423278507136, -0.872502815274, -0.223431295061, 0.900053994415, -0.374140700173,  
138, 5, 92.28561236084148, 2.80337887481215, 6.511434302650611, 4.210547671248916, 0.8035818835732592, 0.63164230463, 0.619281141011, -0.46638918018, 0.733058238114, -0.672871415461, 0.0993462520131, 0.252296687522, 0.404641726276, 0.878983193708,  
139, 8, 1795.2693370041561, 7.539577354068933, 10.79542619446906, 6.69323540360271, 5.93150788111453, -0.725794555272, 0.670512875768, -0.153735965105, 0.687657293794, 0.713251576501, -0.135645253916, -0.018700530189, 0.204168244464, 0.978757180369,  
140, 5, 47.74668479958444, 2.2505303344552328, 5.763260318180939, 3.6472552319792575, 0.5422757963702153, 0.123145888424, 0.264723832018, 0.956428974324, 0.41096532698, -0.890844806097, 0.193656994375, 0.903295405825, 0.369211083545, -0.21849619128,  
141, 6, 39.96293726711158, 2.1209133739167294, 4.136027664481398, 3.101824330072301, 0.7436492749771251, -0.233913116087, -0.474636403702, -0.848531047401, -0.962709249857, -0.00894217280998, 0.270390343366, 0.135924811431, -0.8801365359, 0.454845164656,  
142, 13, 2928.0973466901237, 8.874944256191542, 9.988572236931166, 8.593324778179339, 8.143896789574265, -0.835800650727, -0.497137638332, -0.233005237707, -0.499804800116, 0.513299583122, 0.697652277103, 0.227227714036, -0.699555363442, 0.677487903548,  
143, 9, 1850.8043467179143, 7.616532516194351, 9.165627001579194, 8.251892201830026, 5.841927676001394, -0.0116070436094, 0.912705800092, 0.40845244401, 0.534231424844, -0.339634138674, 0.774109447402, 0.84525857656, 0.227193253259, -0.483653971788,  
144, 6, 148.30428964480635, 3.2836361979517195, 5.7343227650647615, 4.818497298640117, 1.281360551945892, -0.512744299228, -0.35117355272, 0.783435012926, -0.821564780257, 0.465616031422, -0.328987876866, -0.249248060075, -0.812329272618, -0.527253788413,  
145, 7, 713.8063202612067, 5.544094103618925, 10.366941736658232, 5.437734797634197, 3.022895256075568, 0.384956346649, -0.284931406423, -0.877851186027, 0.323137638565, -0.849338765707, 0.417379596543, -0.864517598269, -0.444339683915, -0.23488628649,  
146, 11, 499.5879151636316, 4.922372075798371, 6.992995346924201, 4.7600474673795565, 3.583016369502233, -0.711150740722, -0.104670075717, -0.695204142119, 0.120817276114, -0.992338958173, 0.0258181696578, -0.692580543881, -0.0656320603178, 0.718348538591,  
147, 7, 327.63381596732245, 4.276613838492502, 6.897754450936209, 3.6035770790662807, 3.146723364613851, -0.298406345237, -0.712705875983, -0.634825950526, -0.916209597292, 0.4002630744, -0.0186934507877, -0.267420318886, -0.576055384152, 0.772429004787,  
148, 8, 327.1046079257038, 4.274310008253439, 7.483093163925487, 4.074920154161047, 2.5609305276884933, 0.19561281673, -0.778044169883, -0.596978136654, -0.450096218104, -0.612064883785, 0.6502230175, -0.871291581722, 0.141505645643, -0.46992247432,  
149, 11, 487.5801556860993, 4.882614885331619, 5.820114000677229, 5.015808050955417, 3.98735600555499, 0.221966045968, 0.965131717591, -0.138751007696, -0.231872468183, 0.190465998091, 0.953917114885, -0.947083012695, 0.179564671555, -0.266064457968,  
150, 13, 1681.8451493535422, 7.377328674513892, 8.725777038231207, 7.161175403486283, 6.4255302826850444, -0.0813278502857, 0.982759248934, 0.166042281974, 0.290688125571, -0.135963116705, 0.947108465039, 0.953355229922, 0.125292815161, -0.27461885596,  
151, 10, 640.3706658727524, 5.347050347459569, 6.993223906808618, 5.3624720021798495, 4.076621108865058, 0.0355454561548, 0.861275796303, 0.506893009668, 0.929303369999, -0.21505707758, 0.300242734952, 0.367602729935, 0.460385117142, -0.808030801924,  
152, 10, 3099.151210658635, 9.044503247546388, 12.807834554172226, 8.657022159849912, 6.6728278223127475, 0.185956080101, 0.148008770306, 0.97134635439, -0.628355098015, -0.74209716228, 0.23337024775, 0.755374216579, -0.653747050203, -0.0449954139787,  
153, 8, 437.23689158306564, 4.708429401307534, 6.6997901253144585, 4.837185735027018, 3.2208776440574924, 0.486372951847, -0.872622481972, 0.0443999512292, 0.412332086114, 0.274028944477, 0.868844283143, -0.770339926573, -0.404274834174, 0.493090514998,  
154, 11, 105.88254448234808, 2.9348005154996906, 4.077144509364237, 2.9243737955535156, 2.120053261077708, -0.962796500175, 0.210527352, 0.169414088291, -0.0346429762373, -0.717919219153, 0.695263877221, 0.267997692992, 0.663528619451, 0.698503405661,  
155, 9, 171.52391704412122, 3.44676778798259, 4.402664332709237, 3.6459418305394413, 2.551001805528282, -0.955868636684, -0.29354683158, -0.0120584855504, -0.0155710036511, 0.00963175040657, 0.999832372565, -0.293381480755, 0.955896169599, -0.0137775069163,  
156, 6, 1355.081218898185, 6.864763380577704, 8.069910563654501, 7.026566339033946, 5.705120796790837, 0.469663190138, -0.764171307893, -0.442107113744, 0.44993901703, -0.223672442533, 0.864595581417, -0.759586314242, -0.604989959127, 0.23877977421,  
157, 10, 2246.5315663590736, 8.124711938143092, 10.324269861115205, 8.98383618071009, 5.782328279136864, 0.820430979975, 0.413671366788, -0.394675825706, 0.259107179794, 0.346332367678, 0.901619299082, -0.509663100956, 0.841979745242, -0.176956582601,  
158, 7, 1350.1233419178186, 6.856381042969476, 10.302913036384288, 6.218918565525204, 5.03048585779366, -0.82277190792, -0.547818178631, 0.151464948747, -0.540093401524, 0.670552683725, -0.508584521963, -0.177046618629, 0.500254276854, 0.847584894463,  
159, 8, 985.968771332625, 6.17435387394619, 9.203985738166372, 7.036928801650603, 3.6342555005615553, 0.550800360732, -0.293394111506, -0.781369859894, 0.733376009822, 0.617076823792, 0.285264476857, -0.398470313618, 0.730161686801, -0.555054339946,  
160, 6, 515.8026885138473, 4.97506009109815, 6.651542287723896, 6.306135319317804, 2.935684297862306, -0.817877664062, -0.426169250138, 0.386595262343, -0.132270973291, 0.793141571777, 0.594500493477, 0.559982603528, -0.435093343269, 0.705062597497,  
161, 10, 1449.704520553145, 7.020967477196666, 9.006211327844914, 6.838985503315616, 5.618974579988103, 0.298508082558, 0.705131711868, 0.643181306915, 0.844894681377, 0.118199899794, -0.521710418785, 0.443898526724, -0.699155242136, 0.560478407582,  
162, 9, 2954.691598171466, 8.901732018850234, 12.898682941179539, 7.8291365265948905, 6.984966279034215, 0.521314868592, -0.561286442831, 0.642797275102, 0.485239237228, 0.814596397057, 0.317766569286, -0.701978411661, 0.146254022152, 0.697019419074,  
163, 7, 272.42985029463534, 4.021505751370983, 5.054277669113375, 4.451842852744958, 2.8904613034655835, 0.682562403594, 0.202153295113, 0.702312331142, -0.512709696016, -0.552364469772, 0.657284002654, -0.520804505368, 0.808719690504, 0.273377265662,  
164, 11, 1367.6681006181882, 6.885952714434172, 9.81411006837961, 6.442065496610129, 5.1643545203692325, -0.254918208027, -0.569764654889, -0.781271364671, -0.0251523984278, -0.803783889749, 0.594389447613, -0.966635434934, 0.1711715415, 0.190568201206,  
