# Void_ID, Void_Volume, r = (a*b*c)**(1/3.0), a, b, c, vector_a, vector_b, vector_c 

0, 6, 6100977.085567477, 113.3540204112836, 167.0524711449871, 101.94548173755584, 85.52437275773303, 0.396794267486, 0.9132515044, -0.0923363363048, 0.709757298836, -0.241469498607, 0.661768130081, -0.582064331529, 0.328122189061, 0.744000633741,  
1, 7, 8950084.361979002, 128.7991034183399, 185.56655120245466, 129.32829371015703, 89.03182494724946, 0.5270133087, -0.827514035963, -0.193591045085, 0.231161432586, -0.079624896457, 0.969651621949, -0.817814994077, -0.555770092888, 0.149325949902,  
2, 9, 3760187.6596381865, 96.46585920256152, 180.7112467095214, 123.82677771694068, 40.116326452272325, 0.76502416928, -0.643708385336, -0.0194302615976, -0.588127317958, -0.68603935119, -0.428317950232, -0.262381932094, -0.339101051704, 0.903419170952,  
3, 7, 5912316.752010436, 112.17335119281975, 255.79768148016674, 103.15199899365551, 53.492738491900106, 0.779537617867, -0.614316916739, -0.122212225815, -0.510557483899, -0.510179054903, -0.692133215193, -0.362839024866, -0.601940244332, 0.711347864472,  
4, 8, 5778884.79182589, 111.32306175650506, 238.27617309879622, 143.81059512454263, 40.26094155796366, 0.238164159474, -0.858404511709, -0.454334158324, -0.921385281866, -0.0517671599971, -0.385187387523, -0.307127002237, -0.510354636918, 0.803250365125,  
5, 8, 4778029.270416899, 104.48486811678815, 197.86414683596317, 96.12375533262201, 59.97390957303141, -0.662576213446, 0.7332882138, -0.15258164004, 0.693638308265, 0.523878734878, -0.494385445225, 0.282592743508, 0.43340450695, 0.855746384551,  
6, 5, 4648503.007601241, 103.53205530649429, 187.64880702979028, 92.50249753059386, 63.93302307690454, -0.584587914387, 0.747390680079, 0.315696280756, 0.762761285354, 0.638887669573, -0.100088796741, 0.276499894969, -0.182290199951, 0.943566686082,  
7, 9, 8183486.409163157, 125.0114863176142, 190.54113353513154, 111.13501859477822, 92.25928513111866, 0.610311528971, -0.659870832835, -0.438281098816, -0.713993115786, -0.697872196495, 0.0564643955901, 0.343123400857, -0.278468815729, 0.897062679221,  
8, 7, 7964194.25594534, 123.88472041380919, 174.6731547313382, 131.15947109620294, 82.99031526980322, -0.954156989588, 0.278868149598, 0.108705999654, 0.26049213114, 0.952583010173, -0.157256028003, 0.147405185916, 0.121729880756, 0.981556695915,  
9, 6, 6939600.731082634, 118.32648355259363, 178.57508923254002, 140.31608486416832, 66.11767000816097, -0.917868763771, 0.248690025754, 0.30930600315, 0.365004729634, 0.834972694857, 0.411815670159, 0.155847617368, -0.490890894124, 0.857168390823,  
11, 7, 10224466.139431179, 134.64307158986298, 287.2785122300252, 111.32949749755296, 76.32004889035017, -0.725160433062, 0.674616484417, 0.137967189119, 0.660334093308, 0.62451351665, 0.417063247885, -0.195195367609, -0.393542204184, 0.898344756756,  
13, 7, 3114546.662819756, 90.59455113435483, 187.9017443245253, 88.87016462424512, 44.52658995955896, 0.287252835536, -0.919789631336, -0.267344052792, -0.631673954256, -0.391719819916, 0.668986994044, -0.720051264836, -0.0232941360013, -0.693529782516,  
14, 7, 6828122.769648048, 117.68946012144275, 165.91125493444412, 132.65153229045274, 74.06697239596005, 0.312809254038, -0.948058768744, 0.057748953195, -0.833264626797, -0.244735310125, 0.495756683977, -0.455873263438, -0.203197438431, -0.866539305916,  
15, 6, 3655719.924681257, 95.56409884465296, 233.0546766922614, 128.79783039595756, 29.07488039014219, 0.783421590719, -0.609867596958, -0.119633295432, -0.251258487338, -0.4868627853, 0.836560697637, -0.568436261806, -0.62532083163, -0.534653227609,  
16, 12, 13503134.694543507, 147.72318526141865, 191.25652874839676, 146.7711188791197, 114.83892443443449, 0.54896088763, -0.792106562353, -0.266850403278, 0.257007411832, -0.143828719819, 0.955646634284, -0.795354722194, -0.59319515611, 0.124620915787,  
18, 13, 9957817.608141815, 133.46227369622022, 219.711076216292, 140.4715552455544, 77.02562231095906, -0.697170493072, 0.569076823337, 0.436010175031, 0.716897746238, 0.550601432336, 0.427663049781, -0.00330530294271, -0.610728771101, 0.791832964155,  
19, 6, 7286009.6801336, 120.26346474083006, 208.329092493465, 153.04132358750138, 54.55599733852298, -0.668845102776, 0.73962474602, -0.0748429259724, 0.50999542661, 0.529765487133, 0.677682221606, -0.540879740173, -0.415094885199, 0.731536289566,  
20, 18, 13041753.874837512, 146.02116090438466, 236.99354774361097, 125.89005621909057, 104.35648459322752, -0.63833660988, 0.769757346428, 1.03378956121e-05, 0.760067515858, 0.630299000547, 0.158178826798, -0.121752798012, -0.100979193552, 0.987410481333,  
21, 16, 6710486.014350067, 117.0096792245376, 214.2727601473694, 108.0879702717386, 69.17052002739767, -0.646818237161, 0.734929969566, -0.203725570093, 0.75722649836, 0.650669446807, -0.0568972861715, -0.0907424831985, 0.191068602409, 0.977373311952,  
22, 6, 2805301.78066354, 87.49105619106554, 200.3001526283935, 94.31229356920103, 35.45205311647781, 0.435757505748, -0.897800899916, -0.063788245738, -0.458308547052, -0.282322810203, 0.842761595316, -0.774640995484, -0.338004992492, -0.534494109572,  
23, 6, 4391244.093819484, 101.5857964269119, 176.37932033928723, 98.58433558336169, 60.289737198977974, 0.31489138709, -0.94889906591, 0.0208321158571, -0.362416232887, -0.0999239984064, 0.926644305374, -0.877210287489, -0.29934220761, -0.375361631319,  
24, 15, 14181543.330614293, 150.15678543706258, 219.54813838652262, 145.50328666277093, 105.98205216103054, 0.647621288995, -0.761932020277, -0.00680165543106, -0.633117381153, -0.533122656285, -0.561197483099, -0.423968215462, -0.36774968366, 0.827653987151,  
25, 7, 4872326.14578885, 105.16774956592575, 164.29666077999704, 100.5881198156429, 70.38373590525883, -0.919848932964, -0.0668968704123, -0.386526518178, -0.0285599753686, -0.971315318195, 0.236073887684, -0.391231732267, 0.228191501525, 0.891552786042,  
26, 7, 4730825.233000544, 104.13964632761318, 251.5348926937546, 123.29584831058847, 36.41678513349909, -0.856795453253, 0.514073592975, 0.0403719245507, -0.0499880106732, -0.160726810088, 0.985732261473, 0.513227776016, 0.842552807559, 0.163407516352,  
27, 16, 8568106.703124987, 126.94007551981925, 219.80926627493807, 104.70600003155975, 88.8748112584156, -0.784364682627, 0.532881102112, -0.31750555217, 0.223500004661, 0.720263301982, 0.656710380407, 0.578636148683, 0.444137936716, -0.684048025073,  
28, 9, 9500166.1696322, 131.3855280289393, 193.28798880863133, 151.08242286061483, 77.66472062744212, -0.817389123967, 0.436713306434, 0.375708008969, 0.5428185356, 0.365440788578, 0.75617528884, -0.19293277956, -0.822030728152, 0.535763403514,  
29, 6, 8092475.378958179, 124.54632744415662, 227.33536677003988, 111.15391884674492, 76.45413764015623, -0.967207374338, 0.238721751425, 0.0867284291538, -0.00982832628278, -0.376388403846, 0.926409830179, 0.253797752215, 0.895178024108, 0.366391875079,  
30, 6, 4163997.0889897263, 99.80231210580517, 224.6926761790017, 80.57456123305906, 54.90791361940772, -0.818813359001, 0.344124777819, 0.45948103379, -0.189590747543, -0.917602257323, 0.349372932268, 0.541848716495, 0.198957871536, 0.816587860421,  
31, 6, 3487789.8989201533, 94.07781787242541, 184.87100002436068, 84.15064643168667, 53.52238519771174, 0.404864860552, -0.857548345999, 0.317325194343, -0.79255597909, -0.502186054925, -0.345925116532, -0.456003798997, 0.111445056026, 0.882972556078,  
32, 6, 3481515.840845485, 94.0213729612419, 209.57531706558342, 115.30563541778734, 34.394507964120564, -0.630028276554, 0.730047751741, -0.264753944106, 0.217098209197, 0.492911552212, 0.842559534549, 0.745608971449, 0.473358724303, -0.469040275265,  
33, 7, 3291296.663479903, 92.2768597501458, 243.9333209767523, 84.37872485141901, 38.1745858211005, -0.790046933561, 0.608355856524, -0.0756901222328, -0.081912606323, 0.017603504945, 0.996484039781, 0.607549312974, 0.793469135157, 0.035924418678,  
34, 5, 8508221.334934661, 126.64364157981034, 177.01697847656638, 125.70322097131901, 91.28277631574693, -0.599299541208, 0.565078800573, -0.567032634909, 0.774657823649, 0.230760871038, -0.588773875658, 0.201854690727, 0.792108180453, 0.576037597983,  
36, 11, 11355275.209736224, 139.43432063933102, 284.260957683904, 126.29870434950432, 75.50799613108595, -0.790962525243, 0.566493029869, 0.231222686541, 0.0135961778218, -0.361532558802, 0.932260346081, 0.611713517597, 0.740526742282, 0.278256565699,  
37, 8, 8141990.296999084, 124.7998290330669, 223.46989439197017, 119.77998576326839, 72.61706474311713, -0.531944432458, 0.828100410123, -0.176875186303, 0.840530105532, 0.491041354849, -0.228883222455, 0.102685259264, 0.270422074877, 0.957250039931,  
38, 5, 5001958.173114078, 106.09228798416076, 252.06206297869798, 93.83528864662863, 50.48679083050503, 0.533939567134, -0.816933082802, -0.218011185198, 0.543034860649, 0.133691096541, 0.828999294828, -0.648090795158, -0.561023198209, 0.515006108996,  
39, 12, 10541273.424574187, 136.0195988552447, 178.1852934586262, 126.756429630312, 111.41986159024847, -0.0672879889966, -0.853172950344, -0.517269990758, -0.994107131565, 0.0131667168216, 0.107599482065, 0.0849902200799, -0.521461939522, 0.849031276291,  
40, 18, 12894948.797167484, 145.47119425936765, 209.9782103662123, 132.75532127207353, 110.43451919448691, -0.526554820596, 0.775186731646, 0.349035172994, 0.0541615667861, -0.379138818752, 0.923753365785, 0.848414135662, 0.505311079628, 0.157652044751,  
41, 6, 3180598.117191528, 91.23050161019331, 211.985662503366, 112.06359622254112, 31.96311845079304, -0.272836133266, 0.858799383183, -0.433617416428, 0.943478573567, 0.150690659359, -0.295195708644, 0.188171798111, 0.489648797228, 0.851372673844,  
42, 6, 1497139.2586934217, 70.96723147509363, 146.8241963685621, 116.20060937137512, 20.94920523543109, -0.856771660344, 0.483706601089, 0.178802254163, -0.33842670451, -0.788995586166, 0.512789752905, -0.389113977782, -0.378832270369, -0.839688289321,  
43, 7, 5162266.916718126, 107.21378186452057, 178.03945741515423, 132.7512703451705, 52.1431062283176, -0.67024866389, 0.699648074098, -0.247506163488, 0.440124272862, 0.643260706942, 0.626503222133, -0.597542762479, -0.310979477323, 0.739076729232,  
44, 8, 2925227.1023757355, 88.72043443464527, 148.70939193581424, 82.63825017492735, 56.826573343958884, -0.635040573345, 0.220383277045, -0.740374689873, -0.176705745891, 0.89158333919, 0.416958305648, 0.751996376038, 0.395613903292, -0.527248603552,  
45, 5, 3821503.2385723996, 96.9873755381025, 191.3842051381752, 95.72082565905235, 49.800430134057216, 0.720839232156, -0.307918900853, 0.620948268281, -0.513956030098, 0.363606603008, 0.776942364256, 0.465016129301, 0.879190644142, -0.103845128645,  
46, 7, 2733906.0127458787, 86.74244451094488, 177.67655576164753, 100.71419921585492, 36.473222834155465, 0.875078426718, -0.421268410786, 0.238265971481, 0.203387011736, 0.766813918417, 0.608794002909, -0.439171345319, -0.484282294324, 0.756702840523,  
47, 6, 5255212.247674602, 107.85341078620449, 190.92192105355093, 106.77046218011508, 61.54527739481855, 0.76729166968, -0.506776365091, 0.392990088201, -0.476385097646, -0.860667014858, -0.179748513974, -0.429325904623, 0.0492950841318, 0.901803339038,  
48, 8, 4501377.161343954, 102.428056242875, 137.65694494208057, 128.35996900176426, 60.8175699570197, -0.256821326838, 0.0362956628528, 0.965777112454, 0.0251597776422, 0.99920696285, -0.030861480545, 0.966131353218, -0.0163728510195, 0.257530848791,  
49, 7, 4048063.8196301996, 98.86735458779988, 125.07929889136105, 106.20987457535198, 72.7458809009053, 0.574730497539, 0.618425827657, -0.535942488412, 0.60451356186, -0.762269085043, -0.23132054711, -0.551586991078, -0.191037529491, -0.811946090328,  
50, 10, 6378998.061473914, 115.05035249789738, 170.16201972000374, 113.47748832469726, 78.86630871541486, -0.231963419021, -0.891172284373, 0.389878098644, 0.0871099782507, 0.380168641727, 0.920805981484, -0.968816197184, 0.247555576413, -0.0105552196301,  
51, 6, 6672517.874328364, 116.78858022724465, 220.8969756266517, 108.62320186880767, 66.38787482097226, -0.698847336926, 0.607904570245, -0.37691435784, 0.177320210477, 0.657747030146, 0.732069933333, 0.692942957701, 0.44477059009, -0.567458526735,  
52, 8, 12483147.995996315, 143.9058679963912, 214.18518011199419, 135.6124790422475, 102.59978179605802, -0.60799001015, 0.784186593764, 0.124094857744, 0.775298239333, 0.620089464009, -0.120007069427, 0.171057848827, -0.0232474253597, 0.98498668497,  
53, 18, 11892500.112066794, 141.59943429175337, 190.15754384402186, 143.37493107319455, 104.13525228885761, 0.54646129431, -0.801543377051, 0.24271025633, 0.503863694789, 0.546153138111, 0.669207088131, -0.668955477513, -0.243402885023, 0.702320158238,  
54, 7, 7369893.692107021, 120.72323686741606, 167.58748583633505, 153.96105560531564, 68.18991487529917, 0.94867438498, -0.162542763656, 0.271287230192, 0.139466164764, 0.984916717995, 0.10241214528, 0.283841681521, 0.0593203893931, -0.957034477558,  
55, 9, 14196132.512079528, 150.2082587677561, 242.04614031229414, 159.26641021710358, 87.91421086183155, -0.649340721306, 0.752103248632, 0.112682434531, 0.71982724961, 0.560025230746, 0.410146890328, -0.245367802233, -0.347436964535, 0.905031600168,  
56, 14, 5967189.548365816, 112.5193137404161, 217.91771951754384, 82.77228554170925, 78.97756351476409, -0.602788460785, 0.770885786343, -0.205866888933, 0.797643229662, 0.58874947632, -0.130917272765, -0.0202817582897, 0.243123751509, 0.969783218938,  
57, 6, 6041738.49254018, 112.98594909570652, 182.4816875108001, 100.53465810437173, 78.62093791867348, -0.94892282799, 0.305174205766, 0.0800885176266, 0.305004064341, 0.822330480777, 0.480359345825, -0.0807340526396, -0.480251272274, 0.873407538451,  
58, 14, 10458579.225976987, 135.66298243937874, 219.54022883310677, 154.09461122663132, 73.8044447562336, 0.412387456964, -0.896256922564, 0.16327925188, 0.614246197037, 0.405910758968, 0.676711212542, -0.672783913872, -0.178773556517, 0.717914911898,  
59, 11, 2182621.578939883, 80.46924843092016, 210.21429237014442, 71.1235296672852, 34.85092374327994, -0.780285504481, 0.609734424024, -0.139206550339, -0.221406624621, -0.0611343797768, 0.973263424867, 0.584921907669, 0.7902445949, 0.182701511104,  
60, 11, 6677041.599455053, 116.81496707230953, 186.18267201598883, 103.12251700030582, 83.02381950513289, -0.58393173861, 0.759863539372, 0.285711613656, 0.805791791012, 0.585274443502, 0.0902962641602, 0.0986068668077, -0.282950927402, 0.954052125673,  
62, 8, 8231598.4960553795, 125.25599559173476, 240.55261746701373, 142.5705234777611, 57.300147351633115, -0.838352454635, 0.542412910032, 0.0543451638805, 0.535426849807, 0.83805463307, -0.104797521422, 0.102387744934, 0.0587593994252, 0.993007594466,  
63, 6, 6314680.00029519, 114.66236961811974, 223.2311000067277, 102.67781149847035, 65.77054419608746, -0.771660128127, 0.633657445893, 0.0549444075629, -0.0354437201166, -0.129092391695, 0.990998939006, 0.635046761556, 0.762766934044, 0.122074628678,  
64, 11, 6046171.688470089, 113.01357725765557, 228.25990820056936, 94.49804574411043, 66.91745268840587, -0.563163934807, 0.778800908762, 0.276252650747, 0.798680432871, 0.427214635672, 0.423789123523, -0.212028178981, -0.459300337011, 0.862604922163,  
65, 16, 11264935.03720106, 139.06356567093988, 252.85624921700085, 117.07324280221104, 90.84661351821768, 0.799507291834, -0.510028169686, -0.317268587211, -0.376187896211, -0.836956456892, 0.397475226914, -0.468263555114, -0.198431739884, -0.861019214396,  
66, 6, 7040828.765931869, 118.89905174646105, 160.52595755395598, 111.27153504064286, 94.10351039376033, 0.130968182163, 0.965257175462, 0.226110416568, -0.651904393542, -0.0879797924983, 0.753180069965, 0.74690561448, -0.246044998591, 0.61773284009,  
67, 7, 7479318.125403883, 121.31778307226683, 156.28106613238464, 115.0906545490221, 99.27204566230213, 0.24370921452, 0.967868587376, 0.061937196652, -0.594221431344, 0.0985426845683, 0.79824196197, 0.766489862483, -0.231343331197, 0.599144017596,  
68, 6, 7452580.434049091, 121.17304481172845, 137.67906527883545, 126.1841508794169, 102.41070225776139, 0.0888872159617, 0.800813489143, 0.592281029955, 0.393859395482, -0.574430115842, 0.717568685635, 0.914862743492, 0.169492765686, -0.36646741049,  
69, 19, 12690303.902972687, 144.69753666819028, 213.1923571627425, 147.79288039019934, 96.15198812000916, -0.714848017086, 0.691930842765, 0.101113902598, 0.688639302267, 0.671443397044, 0.273751120434, -0.121524581221, -0.265321452952, 0.956470753741,  
71, 7, 10396565.388509318, 135.3943141645577, 195.2958631940255, 136.88538705954315, 92.84342381793697, 0.395070979337, -0.917493000152, -0.0461033182984, 0.60567359457, 0.222411757191, 0.76399771407, -0.690708634756, -0.329756887625, 0.643569714124,  
72, 8, 3711255.5230247374, 96.04558715771738, 163.724651234468, 116.66692382513267, 46.38423803513029, 0.754148111386, -0.128970197881, -0.643915611048, 0.317735745325, 0.929776184467, 0.185903854026, 0.574721343118, -0.344794047015, 0.742167395476,  
73, 9, 9086503.30291025, 129.45020022072825, 235.07469370578613, 147.5256321948782, 62.55108051758064, 0.69006010468, -0.696779158006, 0.195744366193, -0.586601510438, -0.696867615231, -0.412642938621, -0.423928908994, -0.169924488552, 0.889612246043,  
76, 17, 11248257.884159423, 138.99490630808117, 195.30989755999119, 126.40213101807123, 108.77222374219589, 0.658146246939, -0.73769294514, 0.150507927804, 0.353194399449, 0.479061083863, 0.803588323786, -0.664903928277, -0.475720082211, 0.575841271135,  
77, 7, 5346280.910257324, 108.47285101665756, 207.55507698094226, 88.72623800782239, 69.30710141334947, -0.590726501262, 0.7436909928, -0.31299506056, -0.0437401681563, 0.357825828798, 0.932763353662, 0.805685421487, 0.564698488995, -0.178848030825,  
79, 8, 8523736.67042648, 126.720576007095, 236.56352707559594, 124.16844538419112, 69.27593316615881, 0.53008107123, -0.841187124502, -0.106856349812, -0.692271945576, -0.502085109652, 0.518333961877, 0.489666837035, 0.200785368585, 0.848476060045,  
80, 5, 4172003.8189963046, 99.86623934689426, 245.48012608636134, 171.34170891084142, 23.679725094183315, 0.915626866067, -0.401339502751, 0.0235381746982, 0.337492904213, 0.799141353089, 0.49746521224, -0.218462769694, -0.447548546322, 0.867164527032,  
81, 8, 7786298.729283599, 122.95536522963447, 262.7014775539944, 104.87229987591097, 67.4713103787044, -0.476439443753, 0.87219549777, -0.110817282524, 0.878760593059, 0.468382327431, -0.091639595355, 0.028022785778, 0.141042578749, 0.989606848429,  
82, 7, 12523298.42230528, 144.05998773159865, 242.40090902081707, 117.50709404616211, 104.96192569841587, 0.572432190446, -0.818161992148, 0.0541511029053, 0.573155698342, 0.446490163925, 0.687123772675, -0.586356489517, -0.362294753099, 0.724519550515,  
83, 6, 2895432.904408018, 88.4181924046747, 175.2207965769828, 101.15235276772427, 38.999878775356315, -0.73703382288, 0.592452589183, -0.325240024443, 0.0876206842725, 0.560926184001, 0.823215908367, 0.670152042165, 0.578240214506, -0.465332671012,  
84, 12, 11035508.17682479, 138.11300541715804, 194.05508501276915, 126.81110869037495, 107.05856074368853, -0.82728456299, 0.561733377269, -0.00747426917661, 0.526187425579, 0.779458178957, 0.339958439254, -0.196791882455, -0.277309502397, 0.940410758594,  
85, 9, 5770989.724597944, 111.27234241978812, 177.19480851901693, 97.58403937082413, 79.67680426944554, 0.14933892492, -0.763333097084, -0.628506538072, -0.935638052122, 0.096497256573, -0.339513939175, -0.319811383356, -0.6387572797, 0.699792695522,  
86, 10, 4717270.860812686, 104.04009373445956, 245.92077325644814, 106.67012660854422, 42.930325181439834, 0.719469777286, -0.611786391862, -0.328756217134, -0.401104502781, -0.752446631351, 0.522435876273, -0.566990667842, -0.244011224539, -0.786752886794,  
89, 8, 6202901.743416908, 113.98177894292824, 145.0438196216966, 124.62320660970964, 81.92343293994516, -0.71931983012, -0.516045643073, -0.465054702439, -0.681168141374, 0.655347725673, 0.326388298859, -0.136341281981, -0.551558022986, 0.822918466257,  
90, 6, 3593243.4251211644, 95.01656882793179, 216.51763267627436, 140.57680081968314, 28.183252047357634, 0.744330888985, -0.509930254885, -0.431210694274, -0.450306313648, 0.0935804147879, -0.887956603589, -0.493148812825, -0.855110426273, 0.159970019964,  
91, 13, 8058725.792560386, 124.3729464611093, 157.3139100899206, 123.82384636369895, 98.76574708192653, -0.838109522531, -0.281414713753, -0.467309519619, -0.0121254353693, -0.846837299501, 0.531713797066, -0.545367217625, 0.45130072796, 0.706330128823,  
93, 7, 2043495.006996568, 78.721795416159, 150.9182488583547, 83.5530759214681, 38.688400201298734, -0.790379763445, -0.408896817906, 0.456183320435, 0.154874004773, 0.587090620718, 0.794568213378, -0.592717362815, 0.698661574277, -0.400697058196,  
94, 13, 11279071.582364371, 139.12171237738582, 214.74994121638989, 140.5419057266709, 89.21663765430135, -0.823416003908, 0.565442290671, 0.0475510297277, 0.566269804696, 0.813455455006, 0.132773231529, -0.0363949556522, -0.136254316048, 0.990005135624,  
95, 9, 16803687.663736276, 158.89320691335683, 201.3545397312982, 153.47776276976575, 129.81028568346227, -0.547830053361, 0.813057169752, 0.19702860541, 0.138129650727, -0.144373531789, 0.979834926357, 0.825107527674, 0.563998512439, -0.0332151432548,  
96, 8, 7372375.454643141, 120.73678626152989, 203.88464033218145, 164.83748115608006, 52.36949141438813, -0.817789113334, 0.496317788491, 0.291358231289, 0.289516220328, -0.0827550206281, 0.953588991509, -0.497394535836, -0.864187629735, 0.0760158952623,  
97, 8, 9179619.14839424, 129.89088763121214, 243.44229884612596, 154.9168007909041, 58.10874471036352, 0.759683802614, -0.646687484663, -0.0683799475465, -0.267876907543, -0.40702034234, 0.87325620715, -0.592555889728, -0.645081187218, -0.482439404948,  
98, 9, 10938399.772161487, 137.70669677283985, 223.82679381227084, 161.79771013750363, 72.10754967025724, 0.610140975148, -0.786602894375, 0.0947833160821, -0.582110368813, -0.526216124733, -0.619874268374, -0.537471402929, -0.323036339493, 0.778955720436,  
99, 6, 11222686.974433472, 138.88949967697314, 195.53064857270834, 134.71932738659413, 101.70996237752911, 0.419024086423, -0.898923887464, 0.127885337487, -0.848729468906, -0.33773429524, 0.406932223386, 0.322609831852, 0.279054457706, 0.904461998111,  
100, 8, 7681885.27078559, 122.40328380879646, 176.68535773255718, 125.97306305754132, 82.39501891752823, 0.852359622088, -0.50423068242, -0.138688476596, -0.461923109148, -0.601592139233, -0.651700805008, -0.245173644321, -0.619546864183, 0.745688652999,  
101, 6, 9808899.397463543, 132.7936241559026, 253.43030128092332, 113.7512354180591, 81.23010395856356, -0.632567812899, 0.738412340752, -0.233677506641, 0.232232109755, 0.468663511695, 0.852304382251, 0.738868194797, 0.484872898635, -0.46794450834,  
102, 10, 8204129.876206893, 125.11651504765726, 164.61874567814507, 130.88291451751905, 90.90372335447766, 0.789466621609, 0.469663843834, 0.395168732518, -0.326884406164, -0.223202917933, 0.918328395746, 0.519508458422, -0.854164112581, -0.0226854668659,  
103, 7, 7631292.503556281, 122.13397639961342, 170.19875336282826, 121.65454581565855, 87.98826911735392, 0.445230879153, -0.681968471137, -0.580248626559, -0.784362308244, -0.609618021603, 0.114636979824, 0.431908825627, -0.404085228773, 0.806331131877,  
104, 5, 344556.1486700802, 43.49010588385717, 223.55822529297185, 32.4577683843213, 11.336058669140412, 0.536122144084, -0.832262906961, -0.141108115711, 0.531857313166, 0.20322584678, 0.822087010987, -0.655515709236, -0.515788434242, 0.551598990253,  
105, 7, 3672493.846032401, 95.71003810583409, 197.04820798374928, 133.67542756405737, 33.28498732652143, 0.530289427288, -0.776217157242, -0.340998604264, 0.388387004241, -0.135111006524, 0.911537465414, -0.753623684768, -0.615818106846, 0.229824718072,  
106, 8, 3962658.4966137107, 98.1671114916448, 188.57240595158297, 129.04216021810322, 38.87659945776117, 0.251524946628, -0.915248673547, 0.314730149168, -0.320683394309, 0.228006137243, 0.919334194944, -0.913179808055, -0.332164216843, -0.236155819769,  
107, 5, 2523363.8454094776, 84.45598322932328, 159.03438812666084, 115.62072275888518, 32.76155784723773, -0.35849861486, 0.930220343816, 0.0785420593949, 0.29021647491, 0.0310896129164, 0.956455871256, -0.88727286718, -0.36568230463, 0.281110852239,  
108, 8, 879772.8591118843, 59.44207803815317, 134.22894314793382, 81.03882067759486, 19.308239070820825, 0.350106098312, -0.390677246128, -0.851350109698, -0.891628991808, 0.139570310328, -0.430717853638, -0.287094863926, -0.909885387196, 0.299474742298,  
109, 8, 7399211.532564402, 120.88310627914734, 216.55673345523343, 130.6733807920352, 62.422048213546674, -0.644106081079, 0.74278196884, -0.182762969671, -0.101366637898, 0.153936037758, 0.982867489034, 0.758190056014, 0.65159699435, -0.0238578271447,  
111, 11, 5464995.939427421, 109.26986623645234, 213.4661892059248, 103.29238356449848, 59.17030908436437, -0.904431580143, 0.419602975673, -0.07705101976, 0.400477747199, 0.772801060482, -0.492337379158, 0.147041119548, 0.476142692608, 0.866987338684,  
112, 5, 2865752.2399302907, 88.11503344692537, 232.17688987295895, 76.09968517958792, 38.72114417225535, -0.883317823451, -0.25276571843, -0.394789962335, 0.096870790552, -0.922420305429, 0.373840647965, -0.458656377599, 0.291976491724, 0.839275911467,  
113, 5, 7138635.989373825, 119.44708141610565, 249.14657147889594, 155.46644864721128, 43.99821267577714, 0.672399041649, -0.690122071251, 0.267602420695, -0.213220696069, 0.165616345455, 0.962864559991, -0.708813419426, -0.704487581785, -0.0357880364398,  
115, 15, 8704450.245354654, 127.60986404257146, 181.28638516091218, 133.11917898770696, 86.10867730802465, -0.580039976542, 0.509275929563, 0.635760688609, 0.805896493328, 0.245061336216, 0.538958053594, -0.118677999875, -0.82497452631, 0.552569057481,  
116, 10, 5451232.40907402, 109.17805748014, 203.12465843915825, 99.25121140223295, 64.55169116619598, 0.396455862218, -0.870145541526, -0.292693501596, 0.440647700699, -0.0993330564673, 0.892167331705, -0.805389566099, -0.482679687221, 0.344046459598,  
117, 6, 2058371.489759931, 78.9123632129586, 287.31012893363703, 48.56527815494225, 35.21748441420993, -0.777118004153, 0.501889809308, 0.379729149439, 0.625619217536, 0.55040485241, 0.552860826152, -0.0684704481582, -0.667203955141, 0.74172143017,  
118, 7, 5168689.186005918, 107.25822425436364, 191.6074279512201, 97.1386119402036, 66.2960377747058, -0.629067938848, 0.777316662292, 0.00723428203032, 0.21425716434, 0.164433470936, 0.962837214261, 0.747239851616, 0.607240018575, -0.269985488496,  
119, 6, 5239523.870306312, 107.74597893377077, 150.98995675839038, 113.70825920145028, 72.85563409441865, 0.764984575709, 0.364521211331, 0.53096410935, 0.401213200587, -0.914626172423, 0.0498691527374, 0.503812034992, 0.174880677061, -0.845925636323,  
120, 12, 14889806.70715718, 152.61602935257437, 248.3523045418534, 122.36069778498256, 116.97426133170256, 0.690458990457, -0.675456377308, 0.25889199457, 0.508847065627, 0.707900478415, 0.489848523997, -0.514141076262, -0.206483885605, 0.832480245222,  
121, 9, 5582258.479925439, 110.0458774486038, 161.10209031263227, 97.21356704813842, 85.09289090146609, 0.635860494591, -0.760382599212, -0.132286561051, -0.401945481804, -0.472568611184, 0.784295057603, -0.658878790884, -0.445530257715, -0.606120061031,  
122, 6, 1989571.7981734716, 78.02318396267549, 135.82795728536092, 98.53051543622121, 35.490415421585006, -0.97121350224, 0.234000264684, 0.044589339469, 0.0435730243475, -0.00951392500467, 0.999004943321, 0.23419164079, 0.972189982132, -0.000956046806561,  
123, 9, 6708627.002717815, 116.9988731297087, 195.3628463885299, 101.98678524380497, 80.38206518510586, -0.663675167017, 0.522938481387, -0.534855697707, 0.0916711465209, 0.766498556481, 0.635670011727, 0.742382430813, 0.372847566169, -0.556644427639,  
124, 8, 7655782.158058606, 122.26448400249184, 236.428835909572, 133.05338995366077, 58.09979098544982, -0.983355171351, 0.0613073615293, -0.171038049564, 0.145816701642, -0.295321129764, -0.944204914114, 0.108397862057, 0.953428989352, -0.281465922918,  
125, 10, 9008114.443992183, 129.07687088635512, 200.31268093551037, 119.94550848837417, 89.50614495025263, 0.459321225096, -0.851271561585, -0.253694187186, -0.740795788974, -0.209510189067, -0.638221810749, -0.490148560351, -0.481084409551, 0.726850864808,  
126, 15, 11130425.030829031, 138.50784741045427, 186.37353454357284, 133.2230868976274, 107.01863453414236, -0.807181988444, 0.589079425425, -0.0379824706026, 0.588922268223, 0.808023462228, 0.016390438683, -0.0403459976021, 0.00913865585244, 0.999143976335,  
127, 7, 7483628.1023047445, 121.34108182890446, 205.05547138134952, 99.54149525366908, 87.52821380517553, 0.0423809265007, -0.977498613261, 0.206640552996, 0.499926777382, 0.199819818253, 0.842701167372, -0.865030100243, 0.0675906894993, 0.497146280653,  
128, 11, 6862492.00458962, 117.88659234051327, 174.9988766849038, 146.81371782272677, 63.76631857812362, 0.926149959756, -0.340585950413, 0.162010686145, 0.128260585381, 0.68837737812, 0.713922830234, 0.354676577013, 0.640420015047, -0.681224434416,  
129, 7, 9632285.04819162, 131.99178606744968, 198.72383164332078, 175.90913766710617, 65.78128681758659, 0.754946843035, -0.597945409959, -0.269288972851, 0.0477796150538, -0.359391167045, 0.931963034372, 0.65404309688, 0.716449074086, 0.242751625465,  
130, 7, 1598885.7661675164, 72.53978694072923, 200.9061416711842, 120.78892038149061, 15.729268074298618, -0.833444792512, 0.534622359087, -0.139816705004, 0.550153683477, 0.826547196184, -0.118956534235, -0.0519682825398, 0.176064379263, 0.983005916546,  
131, 8, 6627151.922666322, 116.52329915651391, 185.6910426334052, 113.93971083216955, 74.77772523415706, 0.92633661568, -0.304967921133, -0.221122232102, -0.257494777611, -0.0841837476608, -0.962605597393, -0.274948929719, -0.948634631304, 0.156510134934,  
132, 6, 2275980.3154262016, 81.60058973135126, 120.40005478891734, 90.6792758612311, 49.76742428857817, 0.541008140519, -0.762531881109, 0.354760936667, -0.237543217866, 0.266101904539, 0.934217852562, -0.806773457383, -0.589690517723, -0.0371709802009,  
133, 7, 7425202.394821097, 121.0244810081868, 155.08729032518457, 137.7512146367964, 82.97514914449285, 0.447802428863, -0.75626188781, 0.477012517394, -0.729817480088, -0.000936889121125, 0.683641403074, -0.516565030235, -0.654268354183, -0.552352686472,  
134, 6, 9343882.32647834, 130.66108204118908, 207.42048154027398, 145.5518649306457, 73.88722205091126, -0.197753774147, 0.806762235125, 0.556801706882, 0.971019893029, 0.238994477035, -0.00141678778548, 0.134215543629, -0.540385358724, 0.830644239085,  
135, 6, 10010207.945280025, 133.69592284523702, 223.001505085186, 161.99789249308222, 66.15113973619405, 0.845445326532, -0.528648812935, 0.0758461101692, 0.430181860055, 0.758256460233, 0.489888464648, -0.316489758326, -0.381546292208, 0.86847951028,  
136, 11, 8755525.680773847, 127.85897120314637, 218.19441519380422, 119.39337567296532, 80.23608967650932, -0.600669023932, 0.799181753862, -0.0224777218973, 0.79890267983, 0.601069220602, 0.0216864059983, -0.0308420467624, 0.00493115993666, 0.999512106887,  
137, 7, 1408053.4418887026, 69.53073864968381, 219.73305219655947, 58.53229054540466, 26.136030074581125, 0.614922411795, -0.785185958335, 0.073167194184, -0.511183471907, -0.326240560997, 0.795146875998, -0.600468055371, -0.526355495073, -0.601986716868,  
138, 8, 8551575.973262288, 126.85838640886894, 208.17266107055087, 111.71735316058086, 87.78356569544688, 0.726609532212, -0.620765925906, -0.294428689045, -0.597347616118, -0.782510086429, 0.175652469823, 0.339432486979, -0.0482455165872, 0.939392333859,  
139, 13, 8212654.303754761, 125.15983377864958, 231.83923367866643, 110.68405173876648, 76.40520614219237, 0.690994893577, -0.720288485201, 0.0609143262023, 0.296504570961, 0.359279238706, 0.884874831846, -0.659250404967, -0.593382614104, 0.461828947587,  
140, 6, 6088637.0559156835, 113.27754434879513, 221.74265944359163, 88.61984442219475, 73.96925456313123, -0.588997298693, 0.709309693321, -0.387249197665, -0.32951267001, 0.226753651694, 0.916517420318, 0.737904860016, 0.667429801855, 0.100169242594,  
141, 7, 5734012.696333334, 111.0341776246285, 239.52180936609923, 117.11355840622619, 48.79977283418238, 0.333969509531, -0.942463118971, 0.0150876135369, 0.660611717146, 0.245450838649, 0.709468847079, -0.672351489827, -0.226973908601, 0.704575275568,  
142, 6, 7136243.875192534, 119.43373792493422, 183.0347186142072, 168.41335473212584, 55.26765922677285, 0.90355925821, -0.273406034513, -0.329893630122, 0.392110495519, 0.838016146445, 0.379444722723, -0.172713711695, 0.47220554697, -0.86440262332,  
143, 10, 7232230.235676067, 119.96683776648354, 235.84406573432616, 120.07600654695476, 60.968069696944724, 0.661186959964, -0.613652344821, 0.431581514513, -0.64995550472, -0.755856057744, -0.0789902643127, -0.374686063069, 0.228281448366, 0.898608888491,  
144, 8, 6301454.125331314, 114.58226156533392, 217.5422035500489, 119.4722091467882, 57.88176318525171, 0.698893601183, -0.710833763971, -0.0791397133223, -0.38102496218, -0.46367922882, 0.799888461572, -0.605283167139, -0.528882721177, -0.594907854057,  
145, 10, 2995005.031655603, 89.4203397617763, 205.6990437264906, 74.7005505555465, 46.53212345823972, 0.617288091091, -0.72499004182, 0.305523897361, -0.517487726534, -0.0816536429931, 0.851785850712, -0.592589120288, -0.683902128851, -0.425577269915,  
146, 7, 4157708.1034443, 99.75204217382424, 184.51431121893145, 122.2134992266087, 44.01656535687816, -0.819737507926, 0.557000845844, 0.133343450637, 0.539678083467, 0.673236286324, 0.505470542171, -0.191775870026, -0.486315700452, 0.852478184571,  
147, 10, 7659502.198218576, 122.28428407569675, 252.95093114249366, 107.61222351367216, 67.17598580419124, -0.769239718649, 0.60482497329, 0.206050981405, 0.573675087519, 0.511743303368, 0.639543341313, -0.281366574441, -0.610168454726, 0.740626294189,  
148, 11, 17670722.014954638, 161.58035644946037, 234.68953969169996, 149.87624459248667, 119.93312499003031, -0.772649783161, 0.616153075774, 0.152864972429, 0.619735968882, 0.679881338942, 0.392031495969, -0.137621369909, -0.397638972149, 0.907162392503,  
149, 16, 8867570.302735846, 128.40206561585896, 221.71538890731964, 106.73437608971285, 89.45731878339014, 0.667085583677, -0.729427254214, -0.15143548085, -0.638691119753, -0.455328396696, -0.620281955817, -0.383497689171, -0.510501647375, 0.769621719046,  
150, 7, 7000089.38083711, 118.66928490847334, 170.66528077775155, 113.71820559155452, 86.10726564161669, 0.029169965401, -0.973564266367, -0.226543003362, -0.992154372988, -0.0557638901767, 0.111893202266, 0.121568142535, -0.221501710617, 0.967552675008,  
151, 5, 2522524.269957336, 84.44661543825822, 160.79285431578873, 93.22936814043709, 40.172351925968904, 0.588110961429, -0.419136372551, -0.691700945679, -0.623734340612, -0.77948184686, -0.0579958856817, 0.514860145465, -0.465545649341, 0.719851567333,  
152, 6, 4282146.191833746, 100.73745162293125, 206.6497842514848, 137.6665615595649, 35.93432233024521, -0.873068084696, 0.477998752903, 0.0962772647548, 0.115185505821, 0.0103211741401, 0.993290376785, 0.473797866958, 0.878299872246, -0.0640696158731,  
153, 11, 11092642.724767309, 138.35094778990634, 196.35257886537192, 131.31242766866495, 102.70792987230189, -0.595685178297, 0.614230120667, -0.517571760457, 0.189745285474, 0.733744768723, 0.652392014829, 0.780484397665, 0.290413452232, -0.553628152974,  
154, 9, 9498436.173949916, 131.37755237214353, 244.77958765098353, 110.53091591776273, 83.81167722836045, 0.518278841351, -0.791511146157, -0.323878292136, -0.405527824951, -0.560881290204, 0.721775146074, -0.752950347499, -0.242739127064, -0.611672698748,  
155, 7, 3067279.0556465117, 90.13391321312784, 216.56189634038194, 72.97360686601569, 46.335816625539294, 0.727064987771, -0.628657118611, -0.275983207419, -0.558073537875, -0.775283675459, 0.295785646862, 0.399913027896, 0.0610364627602, 0.914518518311,  
156, 6, 1199925.4118173996, 65.92071064126688, 185.71715895505736, 118.36027271070243, 13.03189742850225, -0.720356633, 0.442193252283, 0.534370142251, 0.109196711743, -0.68851667318, 0.716952487197, 0.684954304635, 0.574812942085, 0.447691503352,  
157, 6, 8907892.486954764, 128.59639257652188, 181.3193795645183, 122.82373102065269, 95.49042961639437, 0.378818965151, -0.915164844717, 0.137729803005, 0.644832280762, 0.367757128809, 0.670034345312, -0.663842994487, -0.165009094306, 0.729441209054,  
158, 11, 8460883.591896439, 126.40833282285774, 192.82570580824313, 145.89708588400393, 71.79853178683808, -0.754217681224, 0.637819219177, -0.156020296683, 0.31498226305, 0.55992255916, 0.766337328927, -0.576143960562, -0.528841537128, 0.623205235308,  
159, 7, 2463511.199265376, 83.78288493512927, 129.08610143333922, 97.45582745605988, 46.74967904837737, -0.662172477948, 0.733963407861, 0.151080526108, -0.56709824762, -0.622620212987, 0.539206498409, -0.489823628457, -0.271370201572, -0.828511331669,  
160, 5, 964205.6181888143, 61.28586913050202, 195.63919536711785, 107.81682146316497, 10.912861819319346, 0.503464466884, -0.860021064886, 0.0829897495927, -0.726607259186, -0.473410708119, -0.497919865377, -0.467509808971, -0.190384005081, 0.863243018579,  
161, 7, 6204860.162082241, 113.99377335909999, 225.6445216201266, 104.28530172882999, 62.94996502701693, -0.535582861917, 0.843382245094, -0.04309740921, 0.259566590859, 0.212969866697, 0.941949585057, 0.803602005306, 0.493305406963, -0.332976864857,  
162, 9, 8067942.373679403, 124.4203425656747, 189.43653494040083, 132.92736147705747, 76.48848387906392, 0.761826643376, -0.639680435399, -0.102122994523, 0.218594372945, 0.105461218596, 0.97010021724, -0.609784113895, -0.761371704189, 0.220173709831,  
163, 5, 4729493.299097703, 104.12987212416036, 178.37596849437872, 143.69987420670884, 44.04871799187606, -0.614047093943, 0.776357665583, 0.142179258368, -0.647764872602, -0.392792002014, -0.652774932865, -0.450939947491, -0.492933279708, 0.744090011701,  
164, 6, 1907096.3715479071, 76.92981301609719, 151.01369010285583, 89.68533935672832, 33.61601701236499, -0.351751872789, 0.863595005442, 0.361212245869, -0.190487781684, -0.443833476113, 0.875629059883, 0.916506969433, 0.239197642249, 0.320623553289,  
165, 7, 9244634.772172486, 130.19682181142267, 165.08460580974483, 143.5688146497138, 93.11817528273878, -0.771485467025, 0.456971244355, 0.442704705196, 0.635822789228, 0.52833139193, 0.562668038011, -0.0232283203785, -0.715571954547, 0.69815272183,  
166, 6, 4505656.315401391, 102.4605030993948, 262.0589396178709, 81.51095085777028, 50.356381286678065, 0.623477879101, -0.757553655141, 0.193359235246, -0.622727421916, -0.331628173502, 0.708684212138, 0.472742945231, 0.562259027604, 0.678512264894,  
167, 7, 9534971.488488853, 131.54578284019257, 200.26293360967276, 110.55514566415609, 102.81376296925603, -0.529188069154, -0.437527794051, -0.727000286725, 0.23148078243, -0.89874424902, 0.37239149053, -0.816318954105, 0.0287785386452, 0.576884009904,  
168, 7, 3896219.923885907, 97.61538792544678, 198.0029824560551, 79.35847763403335, 59.195649987070595, -0.421615715342, 0.8180490035, -0.391198180531, 0.863274047208, 0.494134171074, 0.102904520768, -0.277485329332, 0.294325073432, 0.914535206077,  
169, 6, 4342760.649363372, 101.21054455424851, 176.46442768907593, 100.35420467494355, 58.54428943717282, 0.816110727744, -0.0947827992824, 0.570069733473, -0.37668178038, 0.660859141448, 0.649134833062, 0.438262611217, 0.74450078316, -0.50363128128,  
