# Void_ID, Void_Volume, r = (a*b*c)**(1/3.0), a, b, c, vector_a, vector_b, vector_c 

0, 10, 8023817.65572303, 124.19310364311376, 166.68992000593846, 112.66016997374498, 102.00294270828738, 0.774747511707, -0.578223360398, -0.255781231905, -0.523075648006, -0.813415784776, 0.254453586222, 0.355187499172, 0.0633443491437, 0.93264641417,  
1, 6, 4108325.0157815246, 99.35553392832024, 203.92909581496582, 119.58008415628007, 40.21963604722649, 0.466916826197, 0.63147361658, 0.619055529801, 0.799582943575, -0.600481335873, 0.00944889476961, -0.377698019267, -0.490574394797, 0.785290372672,  
2, 10, 7171812.700526335, 119.63183837395566, 162.8010717225648, 115.83296132735671, 90.79269567930976, -0.961024514461, 0.242462098337, -0.132830770063, -0.125600079043, 0.0451114412078, 0.991054780533, 0.246285409129, 0.969111494485, -0.0128999421674,  
3, 5, 1139046.9781521717, 64.78647372695067, 118.99797458619499, 70.39137681774167, 32.463399594244414, -0.75267013272, 0.585438514823, -0.301246438442, 0.634553090058, 0.767046298449, -0.0947752706885, -0.175584871814, 0.26249137395, 0.948824657875,  
4, 6, 3259578.4760017954, 91.97947873567811, 163.32990455730507, 83.45228680294676, 57.09116191619927, -0.822425586326, 0.545228096654, 0.162303658539, -0.130930726042, -0.459068372132, 0.878699820579, 0.553600307021, 0.701414679293, 0.448936685668,  
5, 7, 1612335.9518792403, 72.74262620945751, 160.55527346581965, 68.26837496625514, 35.117435132120264, 0.102804308347, -0.647995229374, 0.754674404557, -0.710932176516, 0.482773791456, 0.511375504573, -0.695705910985, -0.589093922046, -0.411049433072,  
6, 6, 4542770.991054966, 102.7410685311298, 187.74760526637078, 104.76495673454298, 55.13682959980431, 0.267971545014, -0.940032921638, 0.211019803098, 0.664224770777, 0.338917310083, 0.666288609247, -0.697851492045, -0.0383818077036, 0.715213347113,  
7, 6, 1729854.42856376, 74.4686789170416, 109.53576063594218, 80.88208263534545, 46.61360531769749, 0.911043893257, -0.406956426706, 0.0662230422279, -0.308672046083, -0.566707032251, 0.763914070799, -0.273350676835, -0.716400451117, -0.641911053895,  
8, 10, 11921892.919386031, 141.71599460830868, 182.35774260509106, 147.00841151513566, 106.16716368622477, 0.725221076155, -0.622806558624, 0.293541106551, 0.149608693212, 0.558697252546, 0.815766277136, -0.672065197444, -0.547694596041, 0.498356298096,  
9, 6, 4685282.220496865, 103.80438877444843, 218.08014808783545, 74.13142045423733, 69.187667785856, -0.918595673181, 0.388832852714, -0.0706470230305, 0.378390480073, 0.813779892691, -0.441115552708, 0.114029091916, 0.431938999051, 0.894665338155,  
10, 9, 7547576.479230719, 121.68572604720538, 174.0023124172608, 129.1009017271705, 80.21112683482237, 0.620179002623, -0.759926828907, -0.194651533292, -0.7121775787, -0.649463049675, 0.266459834692, 0.328908955644, 0.0266263368486, 0.943986195388,  
11, 6, 8140405.743855233, 124.79173253642351, 188.65490688464473, 115.06033321300639, 89.5289950721243, 0.549738556181, -0.779774824894, -0.299564254059, 0.579519304262, 0.0977381323775, 0.809076407682, -0.601618563407, -0.618383764293, 0.50562498378,  
12, 5, 1295959.6446621122, 67.63439708416223, 166.00629199405574, 83.5850382964472, 22.29717148503785, -0.473135662483, 0.522510847162, 0.709313089887, 0.122375694611, -0.758347437998, 0.640260378791, 0.872448757381, 0.389732700553, 0.294858589606,  
13, 7, 4923775.150388213, 105.53662484940341, 164.89904859918994, 103.61872859240498, 68.79441687230448, 0.632246054699, -0.75941913515, 0.153451958233, -0.413527897792, -0.16328235729, 0.895730734956, -0.655179062597, -0.629778888949, -0.4172756247,  
14, 10, 8143456.622667938, 124.8073204940661, 254.5448069838795, 112.19553177412337, 68.0738597257263, 0.749377302845, -0.602407117065, -0.27484418002, -0.365223298259, -0.722279948971, 0.587301981713, -0.55230933397, -0.339731277077, -0.761273314247,  
15, 10, 4331498.633315432, 101.12297955457974, 201.15415122977265, 118.06134149657578, 43.542449735157376, -0.713393471799, 0.643099170658, -0.278376024639, 0.114626746375, 0.498986383926, 0.858995516678, 0.69132515028, 0.580892455929, -0.429689994338,  
16, 5, 2859958.974239166, 88.05561703228807, 153.02355784749562, 123.55579182550866, 36.11185437925284, -0.544096102566, 0.766313741083, -0.341647012864, 0.512248565589, 0.62589653683, 0.588094322568, -0.664500442607, -0.144971636573, 0.73309098096,  
17, 8, 5399849.211103487, 108.8339373175131, 176.53350210973764, 146.38413959291609, 49.88521655374205, 0.869129180319, -0.302587269851, 0.391222969728, -0.137312692496, 0.612289453913, 0.778618551735, 0.475141760318, 0.73043998299, -0.490609558459,  
18, 6, 4092249.7051247344, 99.22577636063919, 223.29491119855172, 68.62277378749117, 63.75678693472721, -0.848034616667, 0.508998799593, 0.147504274337, 0.0185164114666, -0.249711230563, 0.968143297161, 0.529617249947, 0.823750279723, 0.202338936479,  
19, 7, 5119621.750962593, 106.9177363639111, 228.09019546112978, 90.80342399557176, 59.01201222793479, -0.495164193169, 0.727693568242, 0.474630901377, 0.0678300576504, -0.512258815278, 0.856148345469, 0.866147507693, 0.456128246121, 0.204292726275,  
20, 8, 3390289.019639245, 93.19287385490816, 169.89187288584222, 111.881134327231, 42.58127378177663, 0.160887884444, -0.927817206379, 0.336556563131, 0.416094194791, -0.245451001177, -0.875568059652, 0.894975256474, 0.280907524942, 0.346569261087,  
21, 9, 8641441.185276045, 127.3012074772094, 191.30893341122356, 111.66440666544827, 96.57118400491113, 0.442563801727, -0.881891979021, 0.162492519027, 0.615785478077, 0.430601130157, 0.659841580758, -0.65187845983, -0.191961465005, 0.733624747104,  
22, 8, 2945967.7258202923, 88.92962448362287, 263.72402206026743, 123.91505477145616, 21.521156796157225, 0.692907304801, -0.712624296172, 0.109754632974, 0.246359968342, 0.37705201747, 0.892826154478, -0.677632815728, -0.59160661645, 0.43682419624,  
24, 12, 8662979.544140268, 127.4068836871043, 269.54229806537586, 124.41085090757352, 61.67277531387295, -0.683001543072, 0.703168607834, -0.197643115534, 0.686109243793, 0.710445614339, 0.156592256025, -0.250525443302, 0.0286520160418, 0.967685932643,  
25, 6, 8981686.888801055, 128.95052082520326, 220.49343664371798, 114.73537517784277, 84.757140281825, 0.584734320569, -0.725062602133, -0.363826878251, -0.648397993699, -0.1482047968, -0.746736486301, -0.487509811303, -0.672547069873, 0.556789567691,  
26, 7, 3812116.9985968536, 96.90790479376983, 187.51544307371, 101.87625861239535, 47.639542736223916, 0.663864192785, -0.63943561035, -0.387822683393, -0.388206782826, -0.737890124275, 0.552099319203, -0.639202493194, -0.215963572654, -0.738092072835,  
27, 10, 11495066.051682899, 140.00416441591648, 261.6876758376701, 117.42321392198785, 89.30702630760332, 0.502875044487, -0.863207749152, -0.0445990071125, -0.769646476057, -0.423692015008, -0.477628912767, -0.393396735529, -0.274513129416, 0.877428943136,  
28, 9, 10231956.69432163, 134.67594388894523, 190.46843815332133, 152.24293580496652, 84.2383619702351, 0.906285126824, -0.339354324338, 0.251964107466, 0.184010990842, 0.853455863688, 0.487599265777, 0.380509164341, 0.395539797352, -0.835919281129,  
29, 8, 6590418.978766094, 116.30761191135221, 203.6454866066788, 116.44827042232392, 66.34628107437274, 0.692954343505, -0.690208319671, -0.208390866582, -0.410327847809, -0.615205815479, 0.673166295883, -0.592828250954, -0.380964932846, -0.709521236336,  
30, 8, 11674060.03633021, 140.7271106619052, 187.13213785869934, 144.47927843182808, 103.08117729273438, -0.555447486089, 0.820131505398, 0.137340467638, 0.817001428548, 0.507472325536, 0.27382568281, -0.154876582957, -0.264303145401, 0.951922838986,  
31, 14, 10721966.87955758, 136.79239415338282, 232.21758998522273, 144.3920679709841, 76.33916444316874, -0.700913769027, 0.713219777758, -0.00611857855535, -0.165565130587, -0.154352294502, 0.974044945942, 0.693763703232, 0.683734537519, 0.226271974139,  
32, 8, 5413679.088757908, 108.92677181584756, 213.20728692015598, 104.60265655087277, 57.95076065247733, 0.487566536299, -0.860782721631, -0.146054711743, 0.422226236636, 0.0860425515207, 0.90239774181, -0.764201464129, -0.501647072621, 0.405396517935,  
33, 9, 6832096.42137437, 117.71228563553292, 205.33705286682624, 112.97761988028748, 70.30814375505867, 0.614510555447, -0.695614884212, 0.372151461246, -0.587528159213, -0.0887145196326, 0.804326050889, 0.526485934643, 0.712916311266, 0.463209341178,  
34, 7, 10875299.281709582, 137.44138914556052, 235.3093284459154, 108.16968381112615, 102.0018158932266, -0.614361982668, 0.789020575869, -0.00242592424237, 0.788980776764, 0.614357481373, 0.00861504369336, -0.00828783144362, -0.00337874773111, 0.999959947155,  
35, 6, 12867727.178041937, 145.3687574755068, 244.80676933882103, 150.94111660926228, 83.1346847048606, -0.834876839493, 0.548808074923, 0.0423126432347, 0.514655946207, 0.75103330367, 0.413616046366, -0.195217621928, -0.367094910995, 0.909467650008,  
36, 7, 1424877.7045808618, 69.80657451681907, 176.7397213681453, 96.29615115902273, 19.986920566838254, 0.839418311882, -0.0591824303253, 0.540253956597, -0.191291943282, -0.962617299821, 0.191768940449, 0.50870845296, -0.264320589487, -0.819359710909,  
37, 7, 4524350.441668715, 102.60201164656469, 236.59588991274683, 91.76242767676159, 49.750280834060646, 0.578952415327, -0.672228168676, 0.461436225307, -0.73412951653, -0.676011909871, -0.0637318654356, -0.354778739142, 0.301856235567, 0.884881268477,  
38, 12, 4669223.4250211045, 103.6856565742554, 154.13721438302628, 115.40074811560201, 62.66714595307125, -0.786803413415, 0.573338205637, 0.228525032754, 0.584356664934, 0.572808863768, 0.574819357482, -0.19866473463, -0.585809958558, 0.785721970973,  
39, 6, 8157006.191518204, 124.87650275973053, 253.03671681714147, 96.25424143631, 79.95373620834933, -0.626526654922, 0.765388143169, 0.14712355681, 0.206648846196, -0.0188794528703, 0.978233009372, 0.751505558887, 0.643291968359, -0.146338096225,  
40, 9, 8583457.169863494, 127.01583814920016, 158.46918860827296, 130.87774286610525, 98.80137858021185, -0.950823574212, 0.290323334702, -0.107920767469, 0.309730825416, 0.892538579006, -0.32778300867, -0.00116039230592, 0.345090200257, 0.938568807907,  
41, 20, 7959350.223223969, 123.85959866986894, 159.1258715702409, 115.78227632113959, 103.13501268096037, -0.676897123938, 0.560596786176, -0.477013130777, 0.0192484329855, 0.661306675586, 0.749868640932, 0.735825917886, 0.498402171097, -0.458427196416,  
42, 8, 7104381.045141184, 119.25571828272636, 197.0267282856127, 120.2724643652305, 71.57251564219469, 0.691027343608, -0.681294968352, -0.241491980167, -0.647294200848, -0.43456816238, -0.626227378668, -0.32170083608, -0.589056600289, 0.741296764947,  
43, 9, 8962792.402709624, 128.86003432200067, 170.7175953961717, 118.90746303012783, 105.40648469054193, -0.440743965394, 0.870113638881, 0.220560677369, 0.852747095202, 0.482595788581, -0.199809150113, 0.280298320711, -0.100017799799, 0.954688059593,  
44, 8, 2828405.9961115913, 87.73058931228249, 148.13256211549557, 112.28917405194339, 40.59426832843845, -0.400728705283, 0.85026061434, 0.341281983797, 0.884677126659, 0.455960643785, -0.097191938381, 0.238249630281, -0.262976765175, 0.934922635649,  
45, 5, 4565636.565950768, 102.91315901983225, 238.91149441877303, 121.21095047000368, 37.63863170144835, 0.792768809064, -0.525976062812, 0.308004540103, 0.231243765442, 0.727082002762, 0.646434901753, -0.563953842366, -0.441249297573, 0.698036618718,  
46, 9, 4034226.418293133, 98.75457400072419, 192.97924015800902, 111.27883306363114, 44.84856017491022, -0.973075025664, 0.130527834523, -0.189967046733, 0.201483939558, 0.881975123458, -0.426056456003, -0.111933982908, 0.452860205821, 0.884527228215,  
47, 9, 8842650.486663861, 128.28167345371395, 221.04626829021504, 126.68767941891241, 75.38349722422508, -0.520151366877, 0.85161985717, 0.0647006523098, 0.172041497596, 0.0302738112739, 0.984624405271, 0.836566960046, 0.523284927381, -0.162260919925,  
48, 17, 8177537.436425331, 124.98118667238074, 172.7463366015226, 124.5877210505891, 90.70888815797022, 0.478890891522, -0.859476499612, 0.178783837724, 0.382999014452, 0.387803198244, 0.838403503309, -0.78992105235, -0.333029767507, 0.514894071638,  
49, 9, 7557507.40341407, 121.73907306495386, 155.31861411258382, 131.11358208160112, 88.59695229816819, -0.913857255105, -0.140819626983, -0.380834281478, -0.244721476505, 0.939456780303, 0.239859035433, -0.324000488008, -0.3123952474, 0.892990981574,  
50, 7, 6142801.3374181455, 113.61245740740361, 210.67248022564812, 127.52477515999844, 54.58527293187978, -0.297707474429, 0.932074209485, -0.206416878387, 0.953909914582, 0.281884294686, -0.102942310404, 0.0377641964172, 0.227549802073, 0.973033891006,  
51, 6, 1017385.2657332331, 62.39248425957063, 160.2993982174047, 65.85267264919219, 23.00867113822401, 0.56658523606, -0.551241483877, -0.612465506564, 0.301625960865, -0.552948186292, 0.77670463048, -0.766813504061, -0.624804873324, -0.147023536416,  
52, 9, 7707760.87876331, 122.54056390450351, 210.9857580193151, 95.05334465421653, 91.75274795214126, -0.654001500356, 0.756493108424, 0.000463076620612, 0.755858148584, 0.653477399505, -0.0405678142829, 0.0309918820346, 0.0261813911701, 0.999176680074,  
53, 13, 8773768.495420383, 127.94771095004323, 238.16553870414364, 118.0824602760474, 74.47889880793547, 0.697372738109, -0.624161194084, -0.352269879414, -0.532285307417, -0.121907875224, -0.837741500385, -0.479941262709, -0.771726165008, 0.417247061812,  
54, 7, 5032876.754579549, 106.31043504937472, 210.91752762537433, 93.97295375298344, 60.619470213232006, -0.774997982639, 0.511568880266, -0.371046368597, 0.630696191961, 0.588928031922, -0.505357385087, 0.0400055040133, 0.62566848567, 0.779062581369,  
55, 5, 3858496.6282067755, 97.29932750173724, 154.80537630356224, 109.2759507107318, 54.45263278997606, 0.62629886224, -0.653045564083, -0.425771331101, -0.698096945273, -0.226704053183, -0.679165611078, -0.347002003102, -0.722590315117, 0.597873603985,  
56, 8, 7427813.0733202165, 121.03866329221287, 164.93833068099565, 122.99735162476003, 87.40876847855631, 0.319834799417, -0.91954350817, 0.228353755529, -0.80199337413, -0.134415086162, 0.582013068981, 0.504492149526, 0.369286232068, 0.780458422898,  
58, 7, 13613728.243162246, 148.1253840022009, 247.52201173308146, 164.18699377789508, 79.97161940720099, 0.760039092661, -0.608787368283, 0.227417057071, -0.472442631751, -0.277301123601, 0.836601486105, 0.446249411576, 0.743291347366, 0.498376800824,  
59, 14, 9875258.90628883, 133.09241139835044, 221.46533502792911, 105.49226634063736, 100.90983615784829, -0.662030816439, 0.747781604729, 0.0503772737823, 0.748683099482, 0.656741967878, 0.0903526655817, -0.0344791913401, -0.0975328624413, 0.994634870748,  
60, 13, 7518930.217162294, 121.53158117638968, 222.88135418389052, 112.65849988951123, 71.48743966827217, 0.582784616312, -0.791009534252, -0.186188097666, -0.587313831049, -0.251644564902, -0.769244744418, -0.561626704181, -0.557654848161, 0.611225421161,  
61, 19, 9526117.92569532, 131.50505524043675, 203.54332533831968, 115.72697724696826, 96.54635209947449, 0.707601469813, -0.706511754485, 0.0118869967874, -0.564905572261, -0.575722452333, -0.591122112856, -0.42447833201, -0.411563845174, 0.806494480452,  
62, 6, 6568222.28103529, 116.17688938331412, 165.11694108764632, 128.83916600146287, 73.70885979113258, 0.946179696189, -0.321138365788, 0.0401762683461, -0.24036373915, -0.614149552299, 0.751695151183, -0.216723915204, -0.720895607858, -0.658285855195,  
63, 6, 1803022.6044264552, 75.50415543705064, 173.3073995832397, 98.48333858296755, 25.219280585437232, 0.642010019711, -0.692943667022, -0.328103960543, -0.561733473753, -0.716385368313, 0.413820623619, 0.521803257039, 0.0813700092184, 0.849176237623,  
64, 9, 11415607.469699161, 139.6808296434001, 230.54329062892273, 139.36730528629664, 84.81975761468624, 0.510035828311, -0.764563996005, 0.394087997599, -0.729866501083, -0.142252380838, 0.668624820615, 0.455146508759, 0.628654242138, 0.630583459509,  
66, 10, 4472305.094951185, 102.20706987021542, 205.4457961033606, 88.44556791356746, 58.75833482811462, -0.979631577291, 0.111983356639, 0.166678434747, -0.0896598713085, -0.986654154514, 0.13592162027, 0.179674929388, 0.118208744244, 0.976597978973,  
67, 6, 5376429.504727127, 108.6763679392508, 216.45639060648824, 136.37912494466502, 43.479749624575206, 0.398041619021, -0.82524590276, 0.400664534872, 0.604375324865, 0.564475000846, 0.562226324636, -0.690140084491, 0.018362281911, 0.723442803808,  
68, 6, 5103847.149428299, 106.80781158307319, 185.81509220132307, 84.298210303472, 77.78748149948619, -0.753105543872, 0.652819094447, -0.0816043486218, 0.652099313206, 0.724266598775, -0.224063338399, 0.0871695216507, 0.221957482018, 0.971152073916,  
69, 5, 2755513.881375881, 86.97037272187126, 183.6451752530821, 78.74832378871906, 45.48761353681515, 0.403859927939, -0.902172903934, 0.15159554747, 0.496965644223, 0.355486034774, 0.791615328011, -0.76806399933, -0.244363930416, 0.591915502791,  
70, 6, 4461094.270583119, 102.12159685032941, 211.34186257172394, 99.21327636277442, 50.792252036461974, 0.79207183048, -0.563335916053, 0.235106063395, -0.422258472439, -0.227506408797, 0.877461461495, 0.440817420044, 0.794288033172, 0.418074781044,  
71, 7, 4937790.065888258, 105.63666230057456, 197.89402316056015, 151.45885764141488, 39.3293399323539, 0.524770827911, -0.844479959457, -0.10709424004, -0.796398141557, -0.442630707299, -0.412101998395, -0.30060867968, -0.301548760621, 0.904821953021,  
72, 9, 5366317.346216923, 108.60819119602974, 179.48111888743642, 95.79236647657245, 74.51403337018361, -0.781043038124, 0.593217695827, 0.195101353036, -0.218542267315, -0.552319046059, 0.804476816792, 0.584988076797, 0.585693125039, 0.561028086006,  
73, 6, 3438683.0238567307, 93.63420161540628, 189.11497935406817, 88.33015642441676, 49.14378543091296, 0.925021039955, 0.37648462082, 0.0509451266234, 0.305476135481, -0.816783241108, 0.489437909951, -0.225876971585, 0.437177844053, 0.870548750144,  
74, 8, 8951477.474624706, 128.80578575203083, 199.14811348344668, 113.94155809362003, 94.17763131703194, 0.417851169119, -0.814575238699, 0.40232770345, -0.820241621146, -0.147830119666, 0.552584779612, 0.390645726208, 0.560904123908, 0.72991950267,  
75, 9, 6304297.505306434, 114.59949313921932, 226.90403024864816, 87.92698734189793, 75.43687467829102, 0.68613019273, -0.683320565606, 0.249596400703, -0.572897972859, -0.296085802347, 0.764278162937, 0.448345036013, 0.667387595231, 0.594626375478,  
76, 8, 14831808.256097555, 152.41761596518796, 221.80979256188078, 163.20704462298332, 97.81058958549617, 0.796449021982, -0.402452403044, 0.45133249237, 0.210331664364, 0.884133194364, 0.417215874087, -0.566947569313, -0.23736166057, 0.788815501712,  
77, 11, 4423883.445227429, 101.83686523561154, 169.00849033947867, 85.62490670912396, 72.98043256123361, -0.459511530736, 0.837918706125, 0.294518921373, 0.858572841437, 0.334172028522, 0.388820950183, -0.227380362098, -0.431533657181, 0.872970144766,  
78, 7, 12919135.551344784, 145.5620897595908, 228.91805428455547, 135.16988956134162, 99.67467788076452, -0.722191920793, 0.680412089089, 0.124411488873, 0.682575074679, 0.730157377463, -0.0310076049296, 0.11193791569, -0.0625267395453, 0.991746091433,  
79, 6, 1709936.9698788102, 74.18176534660654, 200.71447789508375, 65.54221401587486, 31.0307080283408, 0.852013698031, -0.333118642857, -0.403862140029, 0.33385726472, -0.24848228976, 0.909283167374, -0.403251763991, -0.909554023385, -0.100496235662,  
80, 12, 6360963.761378965, 114.94182913538961, 170.512698844791, 111.07727440632955, 80.17747390685521, 0.804262679166, -0.541683076104, -0.24441969635, -0.493173232938, -0.837851651132, 0.234061472713, 0.331574584693, 0.0677056552907, 0.940996407553,  
81, 6, 2460217.6426948193, 83.74553083451606, 178.20767880003038, 109.71816108418776, 30.03862061199598, 0.529136815546, -0.816416294618, 0.231254544425, 0.211160428269, 0.390652436744, 0.895992158001, -0.821842748929, -0.425270628599, 0.379103400781,  
82, 7, 2409443.494571186, 83.16540603074735, 171.015970873673, 85.8821123608832, 39.16415389386111, -0.653690530988, 0.749194205838, -0.106755475905, 0.734690709825, 0.594457731995, -0.326878518364, 0.181433873887, 0.292109648608, 0.939017413362,  
83, 8, 10438295.42422712, 135.57522221050718, 180.21252873731873, 121.77886949286294, 113.54919404167951, -0.903472088722, 0.428575941, -0.00780049334559, -0.167536190236, -0.33631223424, 0.926728496412, 0.394550136056, 0.838580195268, 0.375650697114,  
85, 5, 3100987.490183664, 90.46289215799582, 227.44342406667505, 159.64785783970163, 20.388014065938393, -0.326654096625, -0.875475880471, -0.356144751291, 0.529989855392, -0.481666975184, 0.697930998165, -0.782564920208, 0.0392289144769, 0.621331825942,  
86, 11, 5404171.625801474, 108.86296898903481, 198.69066235856786, 107.18632691490161, 60.57922002749556, 0.467507186088, -0.880940401906, 0.0733555672396, -0.683251098117, -0.412751231149, -0.602332431558, -0.560896575027, -0.231474468297, 0.794867663608,  
87, 8, 14291866.150741424, 150.54515285329526, 193.69425920938258, 139.34818516798885, 126.41024260838046, 0.566373002411, -0.815585467907, -0.118498804544, -0.611884944595, -0.319809742439, -0.723407591348, -0.552103646716, -0.482226163931, 0.680176072868,  
88, 14, 10430883.863464046, 135.54312687084234, 185.713313875022, 149.90755334319178, 89.44703416444094, -0.736439800518, 0.670039567588, 0.0932920043688, 0.63701673979, 0.640405138514, 0.429058191615, -0.227741286199, -0.375404097515, 0.898446253334,  
89, 7, 3459520.048393366, 93.8229493116089, 231.7293027473744, 102.1170973355333, 34.901800039275805, 0.601042768257, -0.667287180217, -0.439858397493, 0.511559894831, -0.101641841001, 0.853214750317, -0.614047282159, -0.73783247101, 0.280266266248,  
90, 8, 4424605.78807567, 101.84240766070893, 236.94736891815086, 112.90049214037734, 39.4855551289639, 0.861450191159, -0.466586683934, -0.200500460168, -0.169535778597, -0.636379534973, 0.752514921608, -0.478707831487, -0.614262121446, -0.627312408796,  
92, 7, 7840612.87125581, 123.24059903571636, 200.34470526454206, 136.39638257803435, 68.49843988803946, -0.664868064125, 0.74689365152, -0.0100165176011, -0.120418463135, -0.0939402571355, 0.988268496829, 0.73719051204, 0.658274335979, 0.152397662547,  
93, 13, 10285165.697009128, 134.90899109446062, 212.10199772393338, 111.90072673126113, 103.45345931410752, -0.587614109948, 0.807567699488, 0.050438760225, 0.719280125274, 0.492788176162, 0.489689610692, -0.370601887711, -0.324028122511, 0.870436681584,  
94, 11, 8896873.998899102, 128.54334888746789, 271.51600429204257, 93.82833320033801, 83.37184172953297, -0.656985487213, 0.752578496497, -0.0446729918714, -0.342461883422, -0.24512318932, 0.906991995809, 0.671632286296, 0.611179375199, 0.418771827296,  
95, 8, 2531707.3021605886, 84.54896488228827, 203.7032874553386, 64.22890971326723, 46.195141008886836, -0.714047817867, 0.600872877546, -0.359287487715, 0.668216757445, 0.738040764638, -0.0937133651256, -0.20885899279, 0.306997743904, 0.928509723357,  
96, 9, 8097712.835210927, 124.57319047584818, 176.17965771339905, 117.80353535012587, 93.14502772171195, 0.5324787489, -0.764265877545, -0.36381870539, -0.673385978973, -0.122061106983, -0.729144985229, -0.512852518072, -0.633244624599, 0.579640871682,  
97, 7, 22800185.230322365, 175.9070539951049, 242.86205890245202, 161.05922183872158, 139.15682040617412, -0.70714597824, 0.618109956087, 0.343343337848, 0.0377421584796, -0.451898050316, 0.891270823933, 0.706059554806, 0.643217097337, 0.296229084935,  
98, 15, 13174782.814318122, 146.51596565376846, 216.84780796058376, 139.61687017547646, 103.88717121309769, 0.583052252539, -0.811729118568, -0.0338512758688, -0.730519127764, -0.505576446744, -0.459058014273, -0.355516349526, -0.292383813789, 0.887761133782,  
100, 5, 371035.28061017947, 44.57679764947401, 194.01339927660092, 30.28631786831645, 15.07469024195413, -0.996483138408, -0.00590651050622, 0.0835850943785, -0.0819035018229, 0.279324770568, -0.956697177239, 0.0176966453815, 0.960178517611, 0.278826187905,  
101, 7, 5792403.716159231, 111.4098025994542, 256.8929432924823, 87.77442029187438, 61.326766918291746, -0.691887676892, 0.682460443917, 0.235667530759, -0.305497057876, -0.57246764568, 0.76088917871, 0.654188803171, 0.454454108947, 0.604572967198,  
102, 7, 12114820.598045446, 142.4763539182557, 192.63491619594873, 137.9929975914321, 108.80186025409684, -0.815759205987, 0.416969330844, 0.40084098466, 0.535778236903, 0.805844437081, 0.252103994588, 0.217895843716, -0.420418030491, 0.880778111064,  
103, 7, 3384541.7686921917, 93.14018358102905, 225.8861495290246, 90.05460667430091, 39.72059382594809, -0.639976534804, 0.482529660883, -0.597992609711, 0.722858036024, 0.641996496403, -0.255571434949, -0.260588362472, 0.595823484746, 0.759663136113,  
104, 8, 6666159.839574988, 116.75147370361947, 181.7016139744269, 105.43891982736946, 83.0667808902192, -0.468070575417, 0.853779769435, 0.227969387707, -0.268974998796, -0.383381098384, 0.883556100892, 0.84176147836, 0.352248546774, 0.409094823781,  
105, 9, 10167153.33445496, 134.39102140141313, 235.63401358252355, 122.96170179834034, 83.77277814941692, 0.813393207813, -0.578555113032, 0.0605431306478, -0.515765495812, -0.765395965643, -0.384909040044, -0.269030561115, -0.281856341001, 0.920966644469,  
106, 6, 3451168.0802686666, 93.74738606276901, 179.1144789428808, 77.50605372005734, 59.34869620926344, 0.251030827317, -0.967942983149, 0.00836092756452, -0.861230168794, -0.227281850137, -0.454560839665, -0.441889262254, -0.106908100589, 0.890676449634,  
107, 8, 6540301.706184338, 116.01203845476509, 182.48835642027953, 107.39559521566675, 79.6686658753045, -0.99182167819, 0.0623067809034, 0.111389513533, -0.038466246768, -0.978090131787, 0.204597267723, 0.121696781105, 0.198639268911, 0.97248770394,  
108, 10, 5802015.703034957, 111.47139348182556, 176.3717824000798, 90.63601135494224, 86.64837084149478, -0.558731584793, 0.784620083262, -0.268682602891, -0.068951359767, 0.278899450892, 0.957841743859, 0.826477299229, 0.553702466342, -0.101729310554,  
109, 6, 1106261.6472272421, 64.15882705556422, 165.321767251048, 68.64644678579245, 23.271326806189382, 0.791500506853, 0.397216270208, 0.464484856947, 0.457308956434, -0.889106388156, -0.018930105799, -0.405457107493, -0.227396273544, 0.885378714879,  
110, 8, 2989644.5256007095, 89.36695926903124, 280.31575739309704, 68.77385461904824, 37.02201615259657, 0.578186757335, -0.811386445363, 0.0857444454406, 0.460307699542, 0.411158180122, 0.786807328805, -0.673659331847, -0.41545274966, 0.611213643021,  
111, 8, 9164529.342761148, 129.81967540960073, 170.84850855126916, 138.2313893712047, 92.64109756111995, -0.55019534029, -0.102976353749, -0.828662149547, -0.177453322437, 0.984119050911, -0.00447347618773, -0.815962870404, -0.144587565862, 0.559731212208,  
112, 8, 6656521.863386893, 116.69517989111759, 178.887540145919, 112.57856540418369, 78.90834799076387, 0.706586244413, -0.705628009441, 0.0531506490955, -0.540929433775, -0.490183242744, 0.683458657279, 0.456214014343, 0.511673236378, 0.728051696167,  
113, 10, 17782146.19451086, 161.919264481127, 243.81105696573297, 161.72070461615326, 107.6654958906052, -0.738041901605, 0.628121208687, 0.246491173621, 0.67416070519, 0.671102252977, 0.308430072508, -0.0283106879829, -0.393808980657, 0.918756219952,  
114, 10, 5992327.521806535, 112.67709571821341, 194.4894910299512, 135.18691269651364, 54.40967645124411, 0.736646078376, -0.66819385678, 0.104257014027, 0.441197008429, 0.591672619882, 0.674736030337, -0.51254049105, -0.45104376799, 0.730658445781,  
115, 8, 3035357.5131426444, 89.82014404176665, 178.17255026854866, 73.56104482015645, 55.28821339246174, -0.831548235818, 0.535943225355, 0.145919123847, 0.261165109859, 0.145395016577, 0.954281444096, 0.490224761615, 0.831640035322, -0.26087264086,  
116, 8, 5518471.829900968, 109.62511792506, 193.45141478081965, 103.71459094749494, 65.66265690804785, 0.575633811866, -0.817553330584, 0.0158828929072, -0.70416422643, -0.485736015376, 0.517893102467, 0.415690337695, 0.30930094571, 0.855297882688,  
117, 10, 4296446.485596828, 100.84946512017693, 174.19158262113064, 125.86261323249335, 46.78395012532529, -0.980283932083, 0.196652119946, 0.0192706050842, 0.163267038127, 0.751189607163, 0.63957646013, 0.111298188489, 0.630112781819, -0.768485911014,  
118, 7, 2894948.5213791574, 88.41326157489823, 153.39166565722914, 86.30199716280653, 52.207106842853676, -0.0557453619047, -0.891046924953, 0.450475118246, 0.140077728064, 0.439734788977, 0.887136711823, -0.988570020143, 0.112555288173, 0.100302653892,  
119, 7, 3645014.4227116937, 95.47072353595635, 147.04130275570827, 123.2085834785695, 48.03196293406771, 0.5715211919, -0.249705946628, 0.781671585404, -0.00724952828893, 0.951002135164, 0.309099309693, 0.820555282445, 0.182323556162, -0.541707623464,  
120, 8, 16366182.044836724, 157.50206642746267, 230.55095387009257, 141.7529114619301, 119.55282898517079, -0.829239265852, 0.482174002221, -0.282613643603, 0.545894125257, 0.807196420385, -0.224574136819, -0.119840911123, 0.340502820106, 0.932574922203,  
121, 6, 3171943.3799803415, 91.14767722252382, 190.51093829384575, 97.27742934622326, 40.860607167663495, -0.408791361871, 0.901854307324, -0.139815703059, 0.882091255146, 0.429747468243, 0.192956293324, -0.234103908669, 0.0444513430708, 0.97119485071,  
122, 9, 8950757.469707556, 128.80233219604958, 182.10467019832728, 111.98983906074558, 104.77833093329153, -0.647024556633, 0.680558728761, -0.34380087234, 0.74258265855, 0.664763307396, -0.0816133589562, -0.173003521161, 0.308106413188, 0.935489294337,  
123, 6, 13571575.619159777, 147.97234414462304, 225.3930065621252, 136.78892350276, 105.08731431937755, -0.947871662788, 0.289710120873, 0.132692715502, 0.315338291544, 0.792915809598, 0.521388800011, -0.0458374603325, -0.536052763032, 0.842939121453,  
124, 6, 6737001.56111838, 117.16359247303274, 195.47743830710263, 146.6292304715549, 56.11265838848881, -0.74210471814, 0.487427194315, -0.460103594374, 0.670266884018, 0.534741383814, -0.514581341117, 0.00478450659458, 0.690265443637, 0.723540410632,  
125, 9, 7331860.31304328, 120.5152088221331, 177.9778852735934, 170.76943419498448, 57.590306672262464, -0.370027542767, 0.745483480553, 0.554377125986, 0.921634668942, 0.36966170109, 0.118066776666, -0.116915159831, 0.554621138229, -0.82384843171,  
126, 5, 4271858.290713092, 100.65671266841635, 153.66092049983055, 87.26828347893903, 76.05160152342012, 0.27159060353, -0.926106699535, 0.261849050314, -0.884234854652, -0.132701290845, 0.447793578813, 0.379956926365, 0.353152585272, 0.854936246526,  
127, 7, 10700247.527469156, 136.69996550977416, 207.33209679310585, 140.27630785061515, 87.83231885152654, -0.747461482219, 0.641582822166, -0.172257989366, 0.659395979803, 0.685093948986, -0.309585566334, 0.0806118751714, 0.344989511963, 0.935138472215,  
128, 7, 6439136.276607451, 115.41076924670253, 170.4779386864502, 134.16582169753744, 67.20923108947223, 0.517247748635, -0.451414130284, -0.727103878075, -0.81640287716, -0.00533998677644, -0.577458073549, -0.256790008952, -0.892298586529, 0.371297890892,  
129, 5, 3904184.332649451, 97.68185574379193, 217.07218654401223, 117.78811494314773, 36.45323309758054, 0.875234206714, -0.470460993035, 0.112390112687, -0.414776518958, -0.849519721591, -0.326001045931, -0.248848393039, -0.238710487118, 0.938664892612,  
130, 5, 4612265.744127794, 103.2623262056822, 288.1376239183208, 70.4819901578004, 54.21851066405724, -0.52884525781, 0.802758377311, -0.27550259699, -0.336463649093, 0.0997113810088, 0.936402612842, 0.779175786412, 0.58790869032, 0.217367121974,  
131, 7, 6617439.483259946, 116.46634765286113, 146.14986180842448, 125.85557218297059, 85.88760877074955, -0.810231650889, -0.256251310254, -0.52712421486, -0.585008876459, 0.408670817935, 0.700537491525, -0.0359066339547, -0.875969992957, 0.481027322589,  
132, 5, 7645592.154593139, 122.21021440333841, 195.69792120637047, 121.88722779541338, 76.52055408451515, -0.664191146518, 0.733398564571, 0.14483323642, 0.733610380801, 0.602188734645, 0.314935766542, -0.143756495739, -0.315428713582, 0.937997226318,  
133, 6, 3486202.8871565484, 94.06354663295849, 182.63930177129825, 134.16987844508157, 33.96368344443387, 0.570873396958, -0.646428471164, -0.50619541317, -0.779092953132, -0.231963238626, -0.582414994919, -0.259070907332, -0.726858505897, 0.636049508592,  
134, 8, 12225873.393391848, 142.91037591158766, 223.49663620409063, 141.09461973706746, 92.55712162569871, -0.686352119013, 0.708392631512, -0.164622745533, 0.156204223353, 0.364664259443, 0.917943472384, 0.710296423568, 0.604317679292, -0.360942008031,  
135, 7, 2468993.654999088, 83.84499082061922, 137.67356221110643, 95.10727657531227, 45.01601731650403, 0.430595531698, -0.901300565525, -0.0473790952471, -0.8609108699, -0.394405967155, -0.32136646863, -0.270961182033, -0.179168143534, 0.94576890104,  
136, 6, 2528542.145622106, 84.51371563774575, 187.72670090118413, 81.14203208442416, 39.62868485688089, -0.961341273016, 0.129193919424, -0.24317049159, -0.118533083836, 0.602933612018, 0.788936605524, 0.248541475075, 0.787261068949, -0.56431121244,  
137, 6, 5021196.805521834, 106.22813206990479, 189.64347678507698, 88.87125844530959, 71.12452775568958, 0.683649559434, -0.721240348866, 0.111515196513, -0.439292850988, -0.284656315475, 0.852051977951, -0.58279076087, -0.631492787947, -0.511440893766,  
138, 6, 7243630.662096612, 120.02984069704344, 205.60040420508588, 110.98820889841308, 75.7821429639284, -0.785492805161, 0.531007285148, 0.317855810329, 0.595863755112, 0.787657647531, 0.156658276608, 0.16717487366, -0.312452705872, 0.935107409986,  
139, 6, 9118978.08852691, 129.60423341080246, 224.77769633102454, 106.57751801573131, 90.87381166801089, -0.781893514716, 0.507266419187, -0.362385584164, 0.554941429849, 0.831200654573, -0.033844959378, -0.284046723414, 0.227565928476, 0.931413553216,  
140, 9, 8197490.529959786, 125.08275497550235, 224.13526053640973, 107.69536062657902, 81.07465983099311, 0.950158105591, -0.265431995281, 0.163540301639, 0.106645681447, 0.769625366658, 0.629526404232, -0.29296121417, -0.580708748753, 0.759572956413,  
142, 8, 10434630.151384901, 135.55935185576794, 201.61666232702564, 125.92131198313893, 98.12118628565797, 0.812181952865, -0.573689031054, 0.106025332295, 0.234076709951, 0.486907722411, 0.841503989126, -0.534386161216, -0.658636292277, 0.529744905777,  
143, 7, 4392491.333316338, 101.59541327816989, 253.4517423829552, 87.03843395689677, 47.53526883906074, -0.762712872386, 0.428125473176, 0.484744936554, -0.245754377887, -0.88515910043, 0.395092587473, 0.598225592938, 0.182214011933, 0.780335949325,  
144, 6, 1960860.5438393157, 77.64604980543288, 154.93953425564416, 80.29982020251117, 37.62541332601519, 0.934350182527, -0.0197603893736, -0.355807902419, 0.20873538787, -0.778897094276, 0.59139568343, -0.288823950293, -0.626840365277, -0.723637949666,  
145, 5, 5517759.175086215, 109.62039873021953, 220.39414748742496, 134.73075064653554, 44.361614662083674, -0.512410344475, 0.794165552974, 0.326705851408, -0.171191214116, -0.46727962, 0.867377267942, 0.84150413373, 0.388523913295, 0.375393076273,  
146, 6, 3845051.606135301, 97.18618205027373, 172.715073833649, 114.77865576968377, 46.30439209313069, 0.653136472434, -0.736319931521, 0.176764551937, -0.534725109612, -0.283185503848, 0.796162689129, 0.536173298036, 0.614523334671, 0.57868753712,  
147, 8, 6923648.563657614, 118.23574768638592, 225.1837539363732, 110.3006465869163, 66.54743076767828, -0.63524752313, 0.766248745203, -0.0965579868903, 0.768587756712, 0.614968752679, -0.176313055276, 0.0757195126088, 0.186215718196, 0.979586781101,  
148, 8, 2677130.382497393, 86.13777270231257, 186.33710111314974, 80.57501932860704, 42.567795585401086, -0.859003119349, 0.475891501486, -0.18878802865, 0.170027256684, 0.612993308937, 0.771576266602, 0.482912386394, 0.630687309221, -0.607477690994,  
149, 9, 7790467.185255136, 122.97730302097794, 274.4390634011215, 88.51490683628963, 76.56187278195634, -0.708062013506, 0.698405413981, 0.10429795181, -0.312399650095, -0.442269388132, 0.84071650807, 0.63328875219, 0.562696779841, 0.531335760425,  
150, 5, 2619309.092561446, 85.51311242188767, 204.88683890084675, 101.68970239334172, 30.012840686598167, 0.914532639466, -0.34096861228, -0.217647551771, -0.276461715214, -0.919625570212, 0.279029981602, 0.295294719513, 0.19501081009, 0.935292367432,  
151, 13, 8464501.522288678, 126.42634793806192, 172.57526815255792, 129.15570293166456, 90.66102688220889, 0.722473822992, -0.66399588441, 0.192720109427, -0.580889410601, -0.734109329446, -0.351640420134, -0.374965422064, -0.142101927877, 0.916082951675,  
152, 7, 6894604.847079714, 118.07018861464617, 155.67307061343834, 112.81780770347646, 93.71942664564162, 0.211239170627, -0.916742981911, 0.339057986058, -0.759058717818, -0.372401998781, -0.533991211734, -0.61579856747, 0.144565059474, 0.77452764178,  
153, 7, 8790456.724629952, 128.02878095566126, 170.6055268418298, 142.0066985761824, 86.62054338698485, -0.979221646486, 0.202282304372, 0.0143818076822, 0.182945575281, 0.850562071747, 0.493026448165, 0.0874979059135, 0.485413258414, -0.869895444877,  
154, 12, 12240610.635747354, 142.9677749237887, 181.5765855701899, 147.40051847011242, 109.1831495320343, 0.735238954951, -0.639686043587, 0.224110340597, -0.146047932668, 0.173360739894, 0.973969227043, -0.661886455886, -0.748830968579, 0.0340367450067,  
155, 8, 7454619.132963633, 121.18409301328887, 237.88263016233842, 146.4060915455344, 51.099302465601916, 0.693557869437, -0.682860845503, 0.229518076458, -0.223520066979, 0.0988964281386, 0.969669158094, -0.68484761911, -0.723823571169, -0.0840427059297,  
156, 9, 5539542.247037622, 109.76446286600579, 176.24214166208307, 96.60244617226049, 77.67609498169485, -0.963312005146, -0.112260139683, -0.243777853341, -0.224723723088, 0.833973687115, 0.503971365736, -0.146728419274, -0.540264333673, 0.828604381318,  
157, 10, 8912034.950819647, 128.61632334227204, 201.24974348483335, 109.7621915511997, 96.31638333158656, -0.654307925339, 0.752468940661, -0.0753102395344, 0.337150438878, 0.379402711828, 0.861616599087, 0.676912638679, 0.538371689075, -0.50194143483,  
158, 8, 10297775.209860735, 134.96410094839624, 166.12445308288451, 124.32435668827145, 119.0323515046592, -0.876044825579, -0.416448465329, -0.243138107464, -0.439625192321, 0.896910134091, 0.0477692541427, -0.198179599991, -0.148737645168, 0.968814718642,  
159, 8, 8622771.126422133, 127.20946218078876, 183.55521849966314, 153.36892457355452, 73.12302363060942, -0.00196158022102, 0.981161524644, 0.193179229631, -0.999201327463, -0.00963303416648, 0.03878030233, 0.0399106426796, -0.192948872011, 0.98039679385,  
160, 6, 7643601.373037878, 122.19960633203173, 199.40758763211085, 122.57703212327277, 74.65495517487433, 0.735587142228, -0.669064017294, -0.106136218848, -0.604189976386, -0.577099215748, -0.549464255087, -0.306375633208, -0.468305280716, 0.828748535703,  
161, 7, 4842262.579912086, 104.95099869312767, 176.29324074848893, 85.21850120107999, 76.9467309542362, -0.726931959518, 0.478525725505, -0.492527213726, -0.112004590894, 0.625002825878, 0.772545428609, 0.677513762111, 0.616753271313, -0.400737450802,  
162, 5, 3297673.5400156486, 92.33641667436824, 175.44209760239355, 103.62152924374922, 43.30472068853535, 0.757963857779, -0.594485961547, 0.268472031735, -0.28399182255, 0.0697747625169, 0.956284543031, -0.587230308333, -0.801072982967, -0.115942403527,  
