# Void_ID, Void_Volume, r = (a*b*c)**(1/3.0), a, b, c, vector_a, vector_b, vector_c 

0, 9, 7640914.051246259, 122.18528375722396, 211.62157853777035, 121.90574093385027, 70.70865841189207, 0.768817329989, -0.584175742397, 0.26011269693, 0.315099795036, 0.700033552075, 0.640831604352, -0.556445893396, -0.410720985542, 0.722271583103,  
1, 13, 7491136.918145664, 121.38165142354555, 201.24954477647037, 113.5909063089892, 78.23131929350103, 0.59622764778, -0.772891188802, 0.21714465753, 0.453687489265, 0.54752871677, 0.703121587207, -0.6623294151, -0.320704715562, 0.677102821814,  
2, 6, 8482793.823969968, 126.51735408404605, 181.40309239281186, 136.94121356195603, 81.52136515429083, 0.631116530612, -0.541132280874, -0.555758742067, -0.620156828436, 0.0783693758829, -0.780553488922, -0.465937155562, -0.837277788741, 0.286126670458,  
3, 8, 4403194.447331926, 101.67786498924828, 168.78076094814668, 124.90893041029227, 49.86121134008591, 0.886673630984, -0.437051212284, -0.150983806943, -0.286551941326, -0.775630436543, 0.562392577147, -0.362901993712, -0.455393965429, -0.81296892881,  
4, 5, 7575820.759973877, 121.83732647715163, 251.56716860843463, 153.6628938877058, 46.786236516210906, 0.574241561236, -0.748567960771, 0.331500584398, -0.69511379819, -0.659723667056, -0.285624737536, -0.432508308493, 0.0664130351126, 0.89918066697,  
5, 12, 10191715.022696901, 134.4991544502467, 187.53928886111063, 148.5581136359485, 87.33131934239474, 0.575847651284, -0.729364172459, -0.369360780869, -0.13619074508, -0.531051654444, 0.836323036432, 0.806133713143, 0.431291136294, 0.405137498004,  
6, 8, 6861275.413980039, 117.8796255711443, 211.04784493757407, 114.00103437674589, 68.0810945579409, -0.592521126366, 0.785120211044, -0.180291344829, -0.0151621132531, 0.212900980037, 0.976956131575, 0.805412208209, 0.58160074528, -0.114244246939,  
7, 8, 6321497.2708689235, 114.70361759199979, 238.00300715574602, 84.31249769865163, 75.20677156723472, 0.619471012037, -0.758340242609, -0.202918066435, -0.661053242832, -0.364504764, -0.655854318552, -0.423396121129, -0.540422384308, 0.727103411594,  
8, 8, 2459559.426253716, 83.73806163057888, 167.46029210048673, 144.74621018432282, 24.224212346329466, 0.89850420928, -0.432245011018, 0.0765142885711, 0.236809435919, 0.624064254678, 0.74462413142, 0.369609898359, 0.650928610897, -0.663084056927,  
9, 6, 4167537.1596273207, 99.83058679409224, 154.85786801606116, 132.92225310410936, 48.3347972840084, -0.176279648705, 0.982906740083, 0.0531020315205, 0.676030187961, 0.08167813063, 0.73233316731, 0.715477931468, 0.164994009818, -0.678872820421,  
10, 10, 6123860.49293946, 113.4955654922841, 162.8860627170548, 111.87633850114489, 80.22588363399645, -0.887814731156, 0.452889976225, 0.0817047891969, 0.455943613606, 0.841533424525, 0.289718685312, -0.0624533774499, -0.294469293546, 0.953618063379,  
11, 7, 8974343.195564281, 128.91536665398928, 212.6366018157809, 124.348175734583, 81.02828053661672, 0.19536689015, -0.920376218793, -0.338732038805, 0.63524812886, -0.144383117059, 0.758691854635, -0.747189128008, -0.363402162058, 0.556459590265,  
12, 10, 4935428.900217164, 105.61982174201972, 202.70001771720067, 131.46430372736845, 44.21551199186336, 0.763564307269, -0.579516011551, -0.284834585366, -0.235578466415, -0.660702469772, 0.712723671979, -0.60122569375, -0.477109462066, -0.641010316907,  
13, 5, 531447.8645492125, 50.248606112398654, 133.63694208090482, 56.13129546941047, 16.91377161483591, 0.0655705430167, 0.944305555039, -0.32247096398, 0.947916164679, 0.0420003658979, 0.315738679931, -0.311697687879, 0.326378596091, 0.892368513219,  
14, 6, 3690963.7944276603, 95.87022028542454, 160.05953925667734, 129.57634332915976, 42.485809112138305, -0.729201218562, 0.673236834864, -0.122546917671, -0.587263015559, -0.523753233415, 0.617093753852, -0.351265901283, -0.521952789695, -0.77728858986,  
15, 6, 3407478.802289635, 93.35011368079597, 169.11740203217025, 112.95358431718708, 42.584959473881135, -0.862781752566, 0.50321812504, -0.0487766959704, -0.0974701336248, -0.0708923622484, 0.99271035354, 0.496091947617, 0.861246649692, 0.110213374434,  
16, 7, 3431672.9583812268, 93.57053107481687, 206.44673259136738, 99.34418476987902, 39.94540412058008, 0.721037989958, -0.683476056138, -0.113862626543, -0.62277712344, -0.567227865236, -0.538888859989, -0.303731578138, -0.459470379443, 0.834646091979,  
17, 8, 9503279.149477236, 131.39987710551497, 152.64131520177995, 135.58023596994605, 109.62671292282369, -0.966070880011, 0.242915728322, -0.0877439669026, 0.253214464754, 0.823867490612, -0.507074740794, 0.0508870281454, 0.512088182685, 0.857424167796,  
18, 18, 12976058.512744013, 145.77556342177982, 211.89988378975286, 146.96344429527713, 99.47504531828876, -0.564543125831, 0.825324198993, 0.0114466429222, 0.82284059288, 0.563828044623, -0.0709316206257, 0.0649955212725, 0.0306251963798, 0.99741549996,  
19, 8, 9071836.553715536, 129.38051312524243, 229.57704433459455, 148.72073747050874, 63.43173887881245, 0.470116863779, -0.848355396043, -0.243481531938, -0.789407578152, -0.280777128621, -0.54589365228, -0.394747780168, -0.448839978219, 0.801696241731,  
20, 5, 7870451.244310247, 123.39673666039803, 172.64293527063455, 116.91441666787418, 93.08809551893188, -0.752418002351, 0.539984404391, 0.377205504668, 0.137848189155, -0.430895122407, 0.891811230156, 0.644100168052, 0.723011920026, 0.249777374907,  
22, 8, 5381983.309401475, 108.71377564091846, 242.34669496419562, 85.7607105399736, 61.81989532760871, -0.666007355359, 0.728462072204, 0.160552832325, -0.115287851419, -0.313168701341, 0.942673896857, 0.736982302313, 0.609317957933, 0.292555485706,  
23, 6, 8172006.324986265, 124.95300211633287, 191.11957966746036, 120.74201482286549, 84.54277221726515, -0.939108220942, 0.298763372086, -0.169753341229, 0.321521248122, 0.589690930238, -0.740870227368, 0.121242881706, 0.750336627318, 0.649842372688,  
24, 12, 11627245.016639078, 140.53874521342036, 258.12548407719214, 115.67567873295062, 92.96410126852678, -0.736638095618, 0.672170113014, 0.0745094306511, 0.663545186115, 0.697073179204, 0.271655607006, -0.130660254358, -0.249552243038, 0.959505901976,  
25, 8, 5169415.696874027, 107.26324942367863, 202.14962572513002, 112.32403701057964, 54.35095786876689, -0.831732870729, 0.51500513007, -0.20734065629, 0.0739562163907, 0.472919804772, 0.87799620518, 0.550228052544, 0.71492417378, -0.43143077769,  
26, 7, 2599758.8094348917, 85.29982687793057, 210.52631201169348, 83.25613176741734, 35.40966660433011, 0.729166250259, -0.652386648481, -0.206659721203, -0.611133736729, -0.75665866686, 0.232342888201, 0.30794826727, 0.0431198649134, 0.950425453118,  
27, 6, 3005959.6606425596, 89.52922936943627, 240.32878313907932, 67.92204600135025, 43.962055658126026, -0.71830044479, 0.695497381639, -0.0181069916778, 0.69458599184, 0.718367137802, 0.0387163436526, -0.0399345834228, -0.0152331040926, 0.999086173254,  
28, 9, 7100630.444286853, 119.23472844890603, 169.6204840402487, 123.52239281932631, 80.90666627794019, 0.680005854302, -0.624770724443, -0.38373634177, 0.229005358663, -0.316206244582, 0.920635735017, -0.696526082655, -0.71391536807, -0.0719462536491,  
29, 6, 2858776.5228162217, 88.04347981358593, 189.92927279108287, 83.07534958161283, 43.25412337980912, -0.683202979386, 0.730223723923, -0.00264612522221, 0.729987138313, 0.68287949489, -0.0281846298067, 0.0187741006797, 0.0211874604354, 0.999599232024,  
30, 8, 7731283.40661705, 122.66509365237778, 296.15610122582206, 103.58301298365924, 60.16636314649582, -0.727719498068, 0.679707729731, -0.0917700074967, -0.264022887893, -0.154122523823, 0.952122976468, 0.633021521593, 0.717107836936, 0.291616363404,  
31, 11, 7460397.299040809, 121.215395349192, 222.6740028798366, 129.628009111148, 61.70281525937995, 0.68884156949, -0.707478175492, -0.158025071888, -0.417054984198, -0.565074397225, 0.711868011472, -0.59292700419, -0.424459134433, -0.684304033963,  
32, 9, 6722743.331371986, 117.08087885485266, 149.89033802420275, 112.9958217937748, 94.75931164663258, 0.937031662475, -0.119518462107, 0.328156975752, 0.216650843875, 0.935899262494, -0.277767856873, -0.273923484512, 0.331372762428, 0.902861017518,  
33, 7, 3414851.2398717096, 93.41738943687989, 173.8241500838644, 105.4347088392441, 44.48252817015666, -0.727162912807, 0.683860219669, -0.059743603769, 0.680075646542, 0.705814828653, -0.19829912414, 0.0934409611371, 0.184825938677, 0.978319047742,  
34, 9, 5481629.561762173, 109.38061427790572, 179.90858499438008, 131.88377224853434, 55.1541029719751, -0.974735165344, 0.197412363375, 0.104497446036, 0.223359622587, 0.858631971334, 0.461369284631, -0.00135515277834, -0.473053376047, 0.881032727526,  
35, 9, 11570351.068800319, 140.30914421523886, 191.05146711224663, 174.5166102618727, 82.84585442494834, -0.752921685365, -0.469592019739, -0.461077293633, -0.542222625977, 0.839690823812, 0.0302315114545, -0.372965896008, -0.272768501488, 0.886844848331,  
36, 7, 5687688.349588547, 110.73435851723548, 179.12940075274824, 122.5574354008879, 61.85013400089411, -0.253616146566, -0.796918735273, -0.548269440669, 0.759676479403, -0.514970717431, 0.397110572549, -0.598807562446, -0.315793745281, 0.736005308132,  
37, 10, 12726033.165244397, 144.83320696435118, 227.03691312617295, 132.22709743194275, 101.20162904393635, -0.95988558103, 0.252935856758, 0.121008775289, 0.275279753958, 0.7680704273, 0.57817720101, -0.0532984839518, -0.588295224418, 0.806887848796,  
38, 6, 3249372.2821749677, 91.88337818163394, 169.7196684620674, 161.10342529096056, 28.370952278907634, -0.824100271574, -0.558935508838, 0.0919230077319, -0.566443244896, 0.813430569663, -0.132184562824, 0.000890338661789, 0.161002500902, 0.98695359668,  
39, 5, 496747.4659770154, 49.130254860151695, 292.31932310798487, 104.56298674788009, 3.879819725393277, 0.728081905682, -0.684316998053, -0.0400872148568, -0.472110722979, -0.542985690551, 0.694462385666, -0.496999199061, -0.486699893192, -0.718411449032,  
40, 9, 5118164.856788394, 106.90759351789677, 198.44816502985256, 139.73791698571918, 44.062010386906536, 0.614646738658, -0.78029139746, -0.115562631096, -0.732742202731, -0.510559166288, -0.449909104215, -0.292058643072, -0.361212780462, 0.885565963799,  
42, 8, 6599343.495845002, 116.36008814430244, 203.99470256772136, 98.79012007458925, 78.17712981833643, -0.356638231936, 0.866810790387, 0.348494225477, -0.170197128129, -0.427062693925, 0.888059903967, 0.918608790018, 0.257403397658, 0.299835591242,  
43, 6, 8408530.539081266, 126.14706937214676, 182.47355322734867, 161.45869362540785, 68.1349800870682, 0.373865975877, -0.729348749231, 0.572952558312, 0.85037439859, 0.51616382414, 0.102167944441, -0.370253446039, 0.449027068944, 0.813195595814,  
44, 8, 10808111.067052767, 137.1577640294255, 252.16289645370577, 115.91856735017522, 88.27281987015732, -0.611116586797, 0.783593860243, 0.111880201695, 0.732502521762, 0.613421750674, -0.295218243698, 0.299960952383, 0.0984602355714, 0.948856685204,  
45, 9, 8489952.664122231, 126.5529344548031, 210.69169725053894, 144.2415336577097, 66.69279315832524, -0.710235195259, 0.58291531186, 0.394684312602, 0.680368881245, 0.712336345865, 0.17226466786, 0.180732268421, -0.390879354224, 0.902523782287,  
46, 7, 7870356.4268494, 123.39624112708958, 272.49807087922954, 128.43900384906792, 53.68406961102703, 0.734352205205, -0.658326632798, 0.165326595739, -0.251342751934, -0.0374811260568, 0.967172159566, -0.630518564168, -0.751798649731, -0.192989975132,  
49, 5, 8380007.010574674, 126.00426852752965, 186.2970063672446, 137.83298500405039, 77.9106333475157, 0.373601883506, -0.807713418017, -0.456092827171, -0.59677589433, -0.585723076239, 0.548440525407, -0.710126865136, 0.0672867915493, -0.700851141894,  
50, 8, 10520139.50358387, 135.92863733758807, 229.07867897151857, 124.79305764975234, 87.85324221913683, 0.670077130037, -0.735767681882, 0.0981965279353, -0.296469883774, -0.143996491269, 0.944124260104, -0.680516162788, -0.661748387833, -0.314621714737,  
51, 6, 7162211.161999121, 119.57842729856995, 186.26197003484882, 153.29176175125176, 59.884648427504764, -0.684560222173, 0.473561734304, 0.554181004746, 0.728881520091, 0.455564414061, 0.511070244009, 0.010441833607, -0.753790652929, 0.65703167326,  
52, 8, 6369147.335316499, 114.99110006850574, 154.28073423201081, 121.84486938740758, 80.88607137486672, 0.131279754708, 0.63124462601, 0.764392469964, 0.262503412428, -0.765677384721, 0.587222360772, 0.955958986812, 0.123565224319, -0.266221807656,  
53, 11, 4910033.73900134, 105.43835517239029, 189.96770701878793, 103.80216939217472, 59.44422322067487, -0.679992000038, 0.725562610423, 0.105687171601, 0.697922167248, 0.684681965957, -0.210036315807, 0.224756598009, 0.0690615946123, 0.971964488961,  
54, 9, 6653237.412444396, 116.67598354715045, 216.13829329509815, 97.63679353404773, 75.26606053909646, 0.735148473656, -0.669022330632, -0.109388494813, 0.371543458909, 0.262668302026, 0.890483476126, -0.567020440393, -0.695280148017, 0.441671072122,  
55, 8, 11115272.476150535, 138.44496568962649, 185.1596913223614, 145.62261718814307, 98.4138504193385, -0.920751919043, -0.0701857969241, -0.383783607634, -0.134174011438, -0.866721408076, 0.480407468133, -0.366351249804, 0.493829884367, 0.788618289842,  
56, 8, 8006629.796332428, 124.10436202826989, 243.18454744340613, 137.20491078198904, 57.28692459138611, 0.767371166741, -0.595334709154, -0.23815557212, -0.532079257348, -0.383956277231, -0.754631857978, -0.357817210814, -0.705800369263, 0.611402226356,  
57, 7, 4517064.432456886, 102.54690533089375, 166.3778766472554, 85.97757486770713, 75.38534170843447, -0.380777345484, 0.885943433822, 0.264788302677, -0.021405704382, -0.294729757151, 0.955340863812, 0.9244189575, 0.358104178024, 0.131190657807,  
58, 8, 9186007.45739025, 129.92101200051746, 245.64233690679202, 124.90121809551896, 71.47732487438468, 0.366898203767, -0.90305734199, 0.223322961538, -0.849959775303, -0.422995260039, -0.314075453276, -0.378092698208, 0.0745818145549, 0.922758616594,  
59, 6, 3739511.8110608933, 96.28872439098039, 205.30204216342125, 132.25764453565296, 32.87851900794954, 0.547417441924, -0.796534312377, 0.256646125013, 0.214135890908, 0.429791517057, 0.877168781986, -0.808999360014, -0.425220344142, 0.405841957447,  
60, 7, 7096470.840774879, 119.21144102965772, 206.63789262377816, 129.70672741872028, 63.20935333221016, -0.629039918691, 0.776114514596, -0.0442158447418, 0.121543787045, 0.154371417473, 0.980508323931, 0.767812404513, 0.611404715144, -0.19143768118,  
61, 9, 7071876.014775326, 119.07356130233322, 178.97235660405764, 135.21275838406152, 69.7657712015929, 0.0991241311724, 0.643112127244, 0.759329439974, 0.95222232741, -0.282830209343, 0.11523763216, 0.288872023225, 0.711627616436, -0.64042102536,  
62, 8, 10065091.953019788, 133.93982048417394, 198.99579187537424, 123.36876568981238, 97.87685935758343, 0.348797762515, -0.83104611569, 0.433246436179, -0.843748704852, -0.479678063363, -0.24082582625, -0.407956178929, 0.281551610056, 0.868504719014,  
63, 9, 5803992.030855124, 111.48404879670274, 222.43628973006733, 85.9077203609388, 72.51041003416128, -0.703697508978, 0.706023944913, 0.0796241487754, 0.639629086065, 0.580723901256, 0.50362126918, -0.309329028897, -0.4053269541, 0.860247413342,  
64, 6, 3582883.427873399, 94.9251640406763, 171.49943399265453, 78.31944818829231, 63.6812763050649, 0.186959970465, -0.966764109615, -0.174393594503, -0.982366677105, -0.184224541535, -0.0318909079572, 0.00129659475807, -0.17728077915, 0.984159460751,  
65, 5, 1661105.5910505194, 73.46878824841961, 208.9471814114466, 138.09595554750445, 13.7433040312874, -0.894693165044, 0.441690014227, -0.066588826058, 0.413222911068, 0.7618196187, -0.498876431928, 0.169620064239, 0.473857362396, 0.864111239315,  
66, 5, 686756.3616123728, 54.73158525014865, 159.24619334526008, 56.46505051408167, 18.23330098566657, -0.11106038074, 0.749217577162, 0.652946103367, 0.981571581859, 0.185501560188, -0.0458955428709, 0.155508268326, -0.635816163085, 0.756012556273,  
67, 20, 9487893.199356686, 131.32892601708343, 200.84918177430444, 115.01969966649176, 98.04803222472007, 0.689941297227, -0.699633917417, 0.185723956398, 0.451569610741, 0.616525519624, 0.644966022599, -0.565743663717, -0.361121399603, 0.741299832533,  
69, 6, 5739788.367819415, 111.07144540255595, 149.7493561851254, 117.31672879365384, 77.9978015411729, -0.975526895404, 0.0333784793418, 0.217331897017, -0.212853019344, -0.391240265328, -0.89533493562, -0.0551440704006, 0.919683060572, -0.388770111501,  
70, 9, 7412078.312077132, 120.95313516308752, 199.34520623230577, 109.39436035625414, 81.14292525519508, -0.969422375615, 0.230359980239, 0.0845844971715, 0.236257699931, 0.969316402053, 0.0678823389008, 0.06635176622, -0.0857903969911, 0.994101328288,  
71, 11, 14499155.76929658, 151.2694990886365, 210.73527546195083, 133.5664846401137, 122.97571923710804, -0.62938044193, 0.776222863373, 0.0368554703195, 0.721890985674, 0.566453461666, 0.397497019572, -0.287669365971, -0.276782481641, 0.91686301798,  
72, 9, 7081529.293273514, 119.1277160807792, 175.44061782136552, 130.73053198967781, 73.71082468075888, 0.867730980055, -0.473783896113, -0.150239029668, 0.195436791913, 0.0473132553532, 0.979574354623, -0.456998256691, -0.879369248752, 0.133649982154,  
73, 6, 3180105.0013640476, 91.22578661343748, 148.0515532246836, 118.38596184648122, 43.3151353258243, 0.0484173643347, -0.998355449545, -0.0306945466617, 0.0815800118329, 0.0345805746826, -0.996066707367, 0.995490060473, 0.0457228631924, 0.0831201496706,  
74, 9, 6018647.448093432, 112.84182422163498, 163.40735490035448, 150.6928693076729, 58.350689595513806, -0.159464433141, 0.950155854952, -0.267908465456, 0.985191516298, 0.17048534323, 0.0182324972948, 0.0629981807426, -0.261033712465, -0.963271836077,  
76, 7, 7112296.254147947, 119.29999066390567, 198.55114178643245, 122.0563574614232, 70.06295253854552, -0.771731752423, 0.454281719748, 0.445037325855, -0.119714802799, -0.791065878793, 0.59990260993, 0.624578632594, 0.409686336742, 0.664874903417,  
77, 7, 4141225.757711429, 99.62005238302322, 141.06562878404637, 116.73023460916869, 60.03931516903608, -0.152153490408, -0.219928804625, 0.963577000687, -0.489413066844, -0.830243786344, -0.266777257725, 0.858675820877, -0.512178265971, 0.0186884592231,  
78, 12, 12565707.567421403, 144.22242037686823, 195.66768496506833, 155.2587200986148, 98.7468454934679, -0.656922546354, 0.725273758864, -0.2059872394, 0.38079389144, 0.554963795629, 0.739602053664, -0.650729421752, -0.407422581903, 0.640748046755,  
79, 7, 2373764.443792278, 82.75285836722655, 193.83633445251425, 105.41450332842344, 27.734060313761645, -0.515991867224, 0.562436026861, 0.646079026627, 0.855754923448, 0.37183222522, 0.359755899581, 0.0378933233386, -0.738516426342, 0.673169803296,  
80, 9, 5938589.729171904, 112.33926320948034, 206.12888547838486, 107.56120221013741, 63.94406048688043, 0.696638246501, -0.715915510598, 0.0464772546354, -0.580492955346, -0.600559692493, -0.549869061274, -0.421572155516, -0.356080099751, 0.833956761622,  
81, 6, 3833032.346344174, 97.08481148043978, 173.61858669791107, 90.85429304748908, 58.01124750499632, 0.206849351032, -0.76139664382, -0.614400925095, -0.68446635141, -0.561335457499, 0.465197074304, -0.699084515466, 0.324311046581, -0.637262257866,  
82, 9, 5720873.669509559, 110.9493041489404, 242.20862023975806, 86.27403494909773, 65.35879589687352, -0.704204573327, 0.709235499932, -0.0328774168918, 0.229265479339, 0.27097682543, 0.934884431394, 0.671962245136, 0.650812235377, -0.35342633659,  
83, 10, 9728729.935091222, 132.43085394235518, 169.25271924470675, 123.10321842684587, 111.4711486318248, 0.39479511403, -0.810076746085, 0.433488735022, -0.826486862391, -0.519215906502, -0.217564493268, -0.401318183283, 0.272379345561, 0.874501691181,  
84, 8, 8968288.709635349, 128.88636947667507, 161.43892662995958, 116.1426106903963, 114.18817344762803, -0.171060532113, -0.979082579346, 0.110161686505, -0.958562737981, 0.191233741966, 0.2111566558, 0.227806434739, 0.0694763179366, 0.971224623626,  
85, 11, 6693088.741459432, 116.90847388568187, 179.6351869749697, 101.77564856212179, 87.39823958537022, -0.735396949078, 0.67758832848, 0.00808606178758, 0.12408480328, 0.122920975625, 0.984628557044, 0.666178871537, 0.725096194211, -0.174474124897,  
86, 8, 3331853.054768902, 92.65433499698926, 199.3851415752655, 101.58568705859604, 39.27099606876621, -0.3575988581, 0.932767618534, 0.0454711611966, 0.162546505717, 0.0142207658981, 0.98659840021, 0.919620405474, 0.360197639682, -0.156703446685,  
87, 6, 4934012.932161489, 105.60972004662189, 191.40430966902647, 112.82233270798093, 54.54624854700514, 0.00550130303013, 0.862513432576, 0.506004263115, -0.38497293321, -0.465184538944, 0.797119304385, 0.922911467239, -0.199183140233, 0.329485204958,  
88, 6, 2050346.9700949995, 78.80968358110748, 239.4252003156649, 108.92621270344752, 18.768799212942465, 0.262776221199, -0.95472349051, 0.139469402522, 0.584126027868, 0.272464119195, 0.764565293038, -0.767948853206, -0.11944187046, 0.629275931878,  
90, 5, 5624890.536243277, 110.3253097148501, 184.2086233492071, 103.56829836356805, 70.38638621435005, 0.737136510537, -0.606668706754, -0.297628703385, -0.322883344263, -0.7031273369, 0.633528447744, -0.593612761681, -0.370897598198, -0.714184052482,  
91, 6, 5843717.58787973, 111.73782240045708, 256.7289042085819, 122.49507128045059, 44.361602725436214, -0.648538907186, 0.757965323938, 0.0698988810644, 0.731861355566, 0.646164353637, -0.216449958, 0.209227727835, 0.0892199293737, 0.973788253219,  
92, 8, 5616140.7044777125, 110.26807429745013, 220.4345805981787, 105.62205175838128, 57.58575240993593, 0.705603640643, -0.673060656314, 0.22161420359, -0.6227854415, -0.439848205119, 0.64704856874, 0.338026324665, 0.594577925402, 0.729530872862,  
93, 6, 2167288.8680260372, 80.28037583825493, 148.07250310554087, 93.93684365992482, 37.197847487657725, -0.946003972767, 0.267374452887, 0.183268615571, 0.297594797728, 0.492228943595, 0.818014671906, -0.128506108318, -0.828384915985, 0.545219782376,  
94, 5, 1080282.1300319484, 63.65260680062194, 177.80292393251173, 58.60511749678131, 24.749939587913797, -0.576803885162, -0.50801929308, -0.639698113113, -0.816513211754, 0.335002808205, 0.470190699107, 0.0245652822764, -0.793529782903, 0.608035385938,  
95, 5, 1149396.0811657056, 64.9820938315333, 229.45109781042393, 78.02778180995655, 15.326454561432165, -0.817170809794, 0.57475301805, -0.0434837425105, 0.234569495703, 0.400518625233, 0.885755035282, 0.526506428552, 0.713613199908, -0.462111654917,  
96, 5, 4457368.218313847, 102.0931571617655, 200.97027388811193, 140.95724690911408, 37.563899478738705, 0.867845603137, -0.335664807723, 0.366296527383, -0.426747931255, -0.881153863224, 0.203602732045, -0.254421328285, 0.333012021078, 0.907949768176,  
97, 8, 11861463.55726066, 141.47614686408923, 190.50257162232356, 141.3795059089723, 105.1386429944643, -0.776531733037, 0.536194593737, 0.330898511985, 0.586753553159, 0.806763752239, 0.0696600023631, 0.229605608473, -0.248249080001, 0.941091737737,  
99, 7, 6263077.5299858, 114.34918128638301, 241.7646165516141, 137.61055662737783, 44.942237135187916, 0.49687042613, -0.815997847439, -0.295410380001, 0.458162988752, -0.0424434115381, 0.887854285655, -0.737025410265, -0.576494639864, 0.35277113662,  
100, 7, 8867170.329617219, 128.40013505521122, 278.34718200028504, 101.09856518057192, 75.225419927166, 0.624227935755, -0.781066134579, 0.0165884790559, -0.579269339471, -0.476990549301, -0.661004575042, -0.524200836104, -0.403008324097, 0.750198489826,  
101, 6, 8283500.542905819, 125.51869980052747, 257.5164828557432, 111.35774859463305, 68.96040790505309, -0.556926055786, 0.81539763284, -0.157987558834, 0.202435409326, 0.317744027525, 0.926314545942, 0.805514291268, 0.483906430348, -0.342025281566,  
102, 8, 4110146.361705085, 99.37021420643661, 173.2828753226398, 110.91484707897784, 51.053244532340166, 0.737060464519, -0.673234157779, 0.0591408525688, -0.406878894362, -0.372169597283, 0.834229798186, -0.539621568292, -0.638940967271, -0.548236266017,  
104, 10, 4208102.953719665, 100.15345038222978, 184.16539803334123, 101.10270705642034, 53.95440743072954, 0.736439729688, -0.656867035868, -0.161809213973, -0.391797483113, -0.609118200672, 0.68954314574, -0.551499099512, -0.444410525078, -0.705937694444,  
106, 8, 7036169.39035451, 118.87281820652817, 222.3119569123859, 120.57876459264386, 62.663410129061106, -0.863776450964, 0.494052735562, -0.0990057434894, 0.0123773969788, 0.217233854386, 0.976041112122, 0.50372318073, 0.841855894433, -0.193756574607,  
107, 8, 2783670.2157999896, 87.26559572876982, 129.65913611819417, 92.72727876309108, 55.27369971404083, 0.870519587251, -0.430694402125, -0.238113376756, -0.240518014163, -0.794450145768, 0.557673785248, -0.429356184392, -0.428195396832, -0.795174175295,  
108, 10, 8459828.063840589, 126.40307596092138, 206.47448282298006, 126.28408725521572, 77.45650747628751, -0.834090585941, 0.518138666406, 0.189275505071, 0.550272225632, 0.805566183266, 0.219689786006, 0.0386441734615, -0.287394235767, 0.957032486964,  
109, 10, 5747341.297184476, 111.12014331169368, 170.88300877020563, 139.09871203507006, 57.72399596709247, 0.707209911964, -0.428113554677, -0.562648135802, -0.66017543675, -0.684687337661, -0.308822995191, 0.253026743905, -0.589849162031, 0.766847724728,  
110, 5, 14372619.542148223, 150.82816246063396, 206.31825562604095, 178.62843467340807, 93.10201284180206, -0.7999386199, 0.591376122015, -0.101845405898, 0.480391680715, 0.732803721891, 0.481894737762, -0.359613733737, -0.33656052575, 0.870290167137,  
111, 7, 3360703.3098688917, 92.92099568776405, 176.61464340845617, 78.06827532291416, 58.18891649889414, 0.0124306735425, -0.77131288635, 0.636334746581, 0.176680018259, -0.624676724013, -0.760633395023, 0.984189844239, 0.121882820064, 0.128510422418,  
112, 15, 5445844.900097081, 109.14207835951598, 190.31135988979446, 127.49712659574958, 53.58109062087578, 0.898617326732, -0.379475256729, 0.220194072642, 0.214199700265, 0.817474022951, 0.534653822773, -0.382890831051, -0.433283684588, 0.815879807427,  
113, 8, 3755337.6421789345, 96.42436637983072, 169.23813896584988, 116.52923193979937, 45.45977231850415, -0.783373481284, 0.484259116899, -0.389639700904, 0.599143415481, 0.421526932796, -0.680692450828, 0.1653878971, 0.766686476095, 0.620353682076,  
114, 8, 3218216.523225134, 91.58876796264516, 113.8346168608857, 104.91034370761392, 64.33302768851874, -0.979556229471, -0.179812628527, 0.0902053874641, -0.0778693799261, 0.752359941631, 0.654133685036, 0.185488417362, -0.633736488495, 0.750980765515,  
115, 10, 5485253.294847081, 109.40471166455983, 166.56613807185832, 123.36169796052461, 63.72957507238966, 0.774321211209, -0.631972802455, -0.0322030872752, -0.533248890572, -0.679067441319, 0.504492845186, 0.340693825269, 0.373467250368, 0.862815119435,  
116, 8, 8136790.263311779, 124.77325479679268, 188.3627774573115, 111.61746509055156, 92.39261763199494, -0.740192590116, 0.665802998328, 0.0939217597537, 0.644821338636, 0.663289112488, 0.379806522448, -0.19057904076, -0.341692728445, 0.920285666818,  
117, 8, 4433562.555612036, 101.91108149631968, 212.8850066172114, 85.49787084360142, 58.15189293474429, -0.716848930176, 0.683684297579, 0.136760347138, -0.0186303308229, -0.214860995654, 0.976466928943, 0.696979570776, 0.697431382855, 0.166760139513,  
118, 8, 10139464.979215682, 134.26891415346972, 218.33798912512256, 116.24799169383536, 95.36997424142893, -0.698201825278, 0.640347598038, 0.320108051861, 0.0063824829305, -0.44155459288, 0.897211683728, 0.715872527124, 0.628477919417, 0.304207215094,  
119, 12, 12629007.573908325, 144.46418931321818, 226.25737631106367, 144.6329028348039, 92.13205643379037, -0.891657658204, 0.451405048351, 0.0343526256662, 0.00773347163231, -0.0606831453104, 0.998127120808, 0.452644246604, 0.890253356185, 0.0506176631038,  
120, 8, 12165654.867352001, 142.67535465574895, 246.9382098381864, 144.93725962328418, 81.14813465191, 0.624451237602, -0.762480832717, 0.169362426754, -0.719742393421, -0.645954509166, -0.254388795351, -0.303367003758, -0.0369560797018, 0.952156872161,  
121, 5, 2377641.438818532, 82.79788641131677, 175.48894421760116, 106.46396724769825, 30.38122948887502, 0.762780007833, -0.602736843559, 0.234254043867, -0.399184728217, -0.153892224629, 0.903863228568, -0.508741793457, -0.782959437401, -0.35798925539,  
122, 9, 7251552.285635324, 120.07357957408779, 259.5850813392176, 115.75406070123672, 57.61378515468243, -0.684836507163, 0.718801612175, 0.119679575495, -0.223804805616, -0.363777630601, 0.904199781275, 0.693477012914, 0.592444155856, 0.409999457014,  
123, 11, 13088226.69145971, 146.19439859973627, 221.12559812440122, 126.50955198535875, 111.6940042592831, -0.695302004884, 0.700401137559, -0.161224590279, -0.1515755487, 0.0763769604326, 0.985490442851, 0.702552471379, 0.709651186444, 0.0530586330196,  
124, 9, 15413666.735267544, 154.38524279823017, 265.9174956916198, 137.18479813933857, 100.87056530634256, -0.726062316632, 0.644146243803, -0.240643156899, -0.172257176086, 0.16841857822, 0.970547602025, 0.66570337062, 0.74613055098, -0.0113235701226,  
125, 6, 8242793.063622296, 125.31275052827154, 217.7441063050445, 153.36893939170227, 58.92532202883311, 0.78501951174, -0.46953132335, 0.404085019001, 0.436022945541, 0.882161932721, 0.177972794045, -0.440032222854, 0.0364782243496, 0.897240760331,  
127, 16, 7149979.4638234675, 119.5103160858835, 166.00210833030908, 130.89269566449218, 78.55741232247107, -0.147741333976, -0.984771220043, -0.0916413793502, -0.975060275119, 0.160544828382, -0.1532410453, 0.165619920661, 0.066715832109, -0.983930403853,  
128, 9, 13759922.506105434, 148.65372382806254, 212.9822442206279, 176.80177814386266, 87.23632288526333, -0.753236575732, 0.462809260659, -0.467378058137, 0.250228622079, 0.858770042741, 0.447101387141, -0.608292937385, -0.219821750378, 0.762665129915,  
129, 7, 7876399.419694517, 123.42781495483602, 162.3681675718186, 109.509521718225, 105.75145480391417, -0.215497579324, 0.360666904112, -0.907458085855, 0.945710936214, 0.308613564478, -0.101923956675, -0.243293276582, 0.880157401888, 0.407592111641,  
130, 8, 4885463.243207903, 105.26218489081703, 228.51232174137215, 122.19425778184379, 41.76925412907876, 0.617325670606, -0.776433302922, 0.126729406711, 0.46593827964, 0.490640469673, 0.736324282559, -0.633885270358, -0.395503799772, 0.664654954385,  
131, 7, 1384731.0948270983, 69.14470770954716, 91.47749397378271, 79.49073011009682, 45.46174386395698, -0.162046943495, -0.172625001368, 0.971566465563, 0.706302486686, -0.707865321933, -0.00796764121751, 0.689113623001, 0.684928678702, 0.236632879555,  
132, 5, 2200610.3784449315, 80.68971518398365, 196.09947663861095, 76.86580247402469, 34.853383694438484, 0.667680842476, -0.318078757051, -0.673073693516, -0.595616828564, 0.314134384687, -0.739297086352, -0.44659028888, -0.894508520178, -0.0202884501099,  
133, 7, 8159749.207899882, 124.8904989039012, 214.06849083660111, 122.47455161649357, 74.30013382667477, -0.557208613313, 0.830361241572, -0.00433240629861, 0.0962839082611, 0.0697911754414, 0.992904124697, 0.824771465474, 0.552837589465, -0.118838669696,  
134, 6, 7832549.134552143, 123.19833530626622, 247.44231773849017, 152.91007586519027, 49.42019331778678, -0.902237022352, 0.396328458094, -0.169976789013, 0.406085162308, 0.913477138054, -0.0255804457717, -0.145131652133, 0.0921046771787, 0.985115999256,  
135, 5, 5527790.185396243, 109.68678665122445, 227.93813989708391, 84.07583281414945, 68.86122802748594, -0.64677495216, 0.637494828981, 0.418667534304, 0.689245624912, 0.253538406021, 0.678718457987, -0.326531208001, -0.727542864506, 0.603372812204,  
136, 5, 10754283.62788658, 136.9296902120254, 204.65730194539734, 136.40404556754623, 91.96834712479442, -0.587859476806, 0.683042494048, 0.4334445603, 0.0508717134179, -0.503528846414, 0.862479431408, 0.807361941327, 0.529066774758, 0.261256662201,  
137, 7, 8211769.816838638, 125.15534046034335, 215.10504974636694, 152.11699639450612, 59.91282674458175, 0.449859349144, -0.873442896146, -0.186343964647, 0.331855895784, -0.0302310572244, 0.942845558728, -0.829155130492, -0.485987232704, 0.27625745099,  
138, 6, 4248274.18942151, 100.47113533849534, 240.21632086628622, 139.30108523055515, 30.308672763330254, -0.883976322439, 0.437302000657, -0.165386884572, 0.12690012627, 0.564885249893, 0.815353305265, 0.449980243255, 0.699765399741, -0.554838864902,  
139, 6, 2849596.5896784184, 87.94913876536037, 245.52331337839172, 95.33454019362277, 29.063757447654794, -0.787068542371, 0.562424350315, -0.25338105648, 0.562714422973, 0.486320702284, -0.668464398984, 0.252736201975, 0.668708475124, 0.699252020025,  
140, 7, 9493672.307768218, 131.35558490546256, 210.3653325742937, 123.87990537220246, 86.97022459894077, -0.66145788162, 0.582466460936, 0.472447132204, 0.748523573031, 0.55198640272, 0.367455401143, 0.0467539459248, -0.596694086695, 0.801105633137,  
141, 7, 2739548.6292315563, 86.80208055256358, 192.02955280859263, 103.13198926462897, 33.02394401346772, -0.575693668891, 0.816624875671, 0.0412384775845, 0.0622755230603, -0.00649739821396, 0.998037846499, 0.815290475123, 0.577132217305, -0.0471152302604,  
142, 11, 7825892.166242365, 123.16342288058019, 252.99689275952122, 112.42963972462864, 65.68243486296596, 0.679289012924, -0.67270690374, 0.293311879373, -0.603118480982, -0.284025029276, 0.745370968474, 0.418108281214, 0.683224124578, 0.598657047712,  
143, 9, 7327990.629729682, 120.49400284608076, 218.35712638408197, 137.51640169632057, 58.260529289679084, 0.925605523098, -0.377884891203, 0.0213874872352, -0.29386716094, -0.75312275509, -0.588598511285, -0.23852988771, -0.538524952779, 0.808142541822,  
144, 8, 8075734.590022169, 124.46038574825329, 195.62844025837606, 105.51712162324603, 93.39819862639246, -0.351533410283, 0.443429331622, 0.824496627836, 0.931860876559, 0.250196118867, 0.262749327006, 0.0897750978454, -0.860681317307, 0.501166740562,  
145, 6, 3200544.210648411, 91.42081187799296, 228.25165538407066, 69.30451283184915, 48.30140573984382, 0.742055018096, -0.645517396899, 0.180725317595, -0.577679050255, -0.75257151273, -0.316106047274, -0.340060678431, -0.130166848805, 0.931351344261,  
146, 8, 4698201.584048429, 103.89971251414464, 153.16599555233037, 145.94431588673214, 50.17570628505654, -0.763149334456, 0.325387606042, -0.558324277775, -0.569995626502, 0.0681452067663, 0.818816961575, -0.304480014265, -0.943122015769, -0.133464543172,  
148, 8, 10730355.920489045, 136.82806104943853, 214.19540740623268, 129.00438648010146, 92.70664953259883, 0.763341497884, -0.614569120416, 0.19903405196, -0.471691901858, -0.319746400315, 0.82174752157, 0.441380229881, 0.721156734501, 0.533962973392,  
149, 8, 4796346.775901213, 104.6182188813127, 144.98074951296192, 115.45997171535335, 68.40379210078329, -0.515556766603, 0.833562217429, 0.198431978482, -0.610443501771, -0.194797284257, -0.767732211902, -0.601298554427, -0.516941048593, 0.609271696966,  
150, 9, 5992636.204490699, 112.67903046287971, 184.2416647643187, 109.06271322843403, 71.19756775394576, 0.654966688969, -0.660716783768, -0.36670419685, -0.635906256213, -0.219767973131, -0.739814349208, -0.408217919314, -0.71774324771, 0.564094638087,  
151, 7, 7839292.226288366, 123.233679244347, 181.31819849866812, 127.10446419595294, 81.20561224336026, -0.987097359111, -0.141021995367, -0.075839306825, -0.159560358809, 0.90591938367, 0.392237889791, -0.01339012822, -0.399277932165, 0.916732151368,  
152, 7, 10223136.250752509, 134.63723369547318, 177.9047772153868, 164.8121344447217, 83.23744589448998, -0.283812924204, -0.946041431764, -0.156383609886, -0.946128860011, 0.302797716246, -0.11468968258, 0.155853791449, 0.115408632357, -0.981015006648,  
153, 8, 6862144.185102998, 117.88460064678853, 278.1856468562684, 127.69270546085545, 46.11799550173502, -0.696494121232, 0.712769807922, 0.0827957728627, 0.094688306879, -0.0230814523808, 0.995239353671, 0.711287609641, 0.7010181506, -0.0514148704138,  
154, 7, 6169083.128177115, 113.77425603673053, 208.70962975084507, 128.6676766467277, 54.842856431501794, 0.806711941186, -0.571510633305, -0.150304490844, -0.4013813938, -0.716588328356, 0.57043329529, 0.433715137688, 0.399845924931, 0.807474095966,  
155, 8, 5597589.759596328, 110.14652977665176, 144.06950483392663, 123.74381014525984, 74.9578134485938, -0.557569478947, 0.60416370104, -0.569300007458, -0.640082643539, -0.74958071664, -0.16859109906, -0.528592929944, 0.270397802482, 0.804658028498,  
156, 6, 3871880.9526632736, 97.41170139609196, 217.36575025719114, 88.1782701197633, 48.22593953928028, 0.646395683559, -0.735059129148, -0.204598868357, -0.656852587016, -0.672526221526, 0.340959176868, 0.388223259488, 0.0860032442168, 0.917543537265,  
157, 11, 5214608.933215385, 107.5749232737041, 162.12949236393553, 106.57516612021215, 72.0468659753945, 0.739901013816, -0.672710500699, 0.00265932397369, 0.445318244083, 0.492752078716, 0.747587486792, -0.504220339972, -0.551956493911, 0.664158021549,  
158, 11, 6691871.023760384, 116.90138347955396, 219.9008499626026, 115.90977752182687, 62.677544286164135, 0.736029140088, -0.668559594305, -0.10625052378, 0.333075381322, 0.221013319091, 0.916631825294, -0.58934022033, -0.710057167872, 0.385352985009,  
159, 6, 5550341.406768585, 109.83574399786778, 138.62399247496015, 118.29251928684731, 80.80447347062568, -0.847486341852, -0.170864238952, -0.502565729256, -0.360915803269, 0.87973580239, 0.309523344748, -0.389238594342, -0.443700721028, 0.807231681015,  
160, 9, 7438257.5027244855, 121.0953685293424, 177.54405365537926, 149.82756628220835, 66.7551449355515, 0.445325842345, -0.864731122745, 0.232217526245, -0.662293997073, -0.143598932294, 0.735354341855, -0.602537596819, -0.481268565356, -0.63665454716,  
161, 5, 3541150.994446809, 94.55516976731522, 138.25251971490218, 100.70890438861021, 60.71764373325155, -0.815867812793, -0.0773802578075, -0.573037527349, 0.136355661542, -0.988803839852, -0.0606143535762, -0.561931353115, -0.127590211206, 0.817284462345,  
163, 5, 8134739.186295313, 124.76276986544967, 259.57122830175524, 107.83593618883606, 69.38010594637107, -0.688272939516, 0.67051129349, 0.276938560031, 0.0407238437077, -0.34543364765, 0.937559152067, 0.724307896743, 0.656574596199, 0.210446834955,  
164, 7, 3100856.8305310044, 90.46162159325708, 164.6142835879599, 71.18506676455203, 63.17375512488026, -0.622275749221, 0.609397473555, -0.491332485346, -0.172662474008, 0.5053512729, 0.845463045347, 0.763518540705, 0.610945832462, -0.209247766525,  
165, 10, 8233939.801900273, 125.26786994781052, 187.25435656889752, 144.4287637399825, 72.68310196563006, -0.388538044045, 0.78226202053, -0.486933588454, -0.673789965978, -0.601670581169, -0.428951737964, -0.628526268406, 0.16142689674, 0.760852210966,  
166, 6, 4437430.948158111, 101.94071285631989, 188.32091230091348, 126.1454933176061, 44.593618052252054, 0.0484170192535, 0.708607964514, 0.703939304822, 0.692645908608, -0.531600516545, 0.487485934256, 0.719650913662, 0.463978063529, -0.516552919873,  
167, 5, 4168442.316895334, 99.83781375144767, 273.46421265249586, 83.04363141364136, 43.820603549618234, 0.782040619207, -0.60234895672, 0.159963134028, -0.30244877646, -0.142387051049, 0.94247051164, -0.544919450495, -0.785430876673, -0.293532162532,  
168, 7, 10112537.580582947, 134.14994936627144, 216.6426778002209, 140.12634221150716, 79.5257435932561, 0.776584069048, -0.624129650868, -0.0859032165146, 0.254001990932, 0.185391905294, 0.949269629797, -0.576541561644, -0.759007259754, 0.302502574102,  
