# Void_ID, Void_Volume, r = (a*b*c)**(1/3.0), a, b, c, vector_a, vector_b, vector_c 

0, 6, 6919844.1493928945, 118.21408761439194, 170.43984101181132, 130.46425970214307, 74.29250963671264, -0.806142248303, 0.569198254234, 0.161703502986, -0.45144899226, -0.768292395001, 0.45378475423, -0.382529061495, -0.292814178553, -0.87631693693,  
2, 5, 3506246.729517324, 94.24347429966282, 212.661712502347, 92.69091544871483, 42.464634068131204, -0.674231778557, 0.67670528579, 0.295772657573, 0.738305181422, 0.627273412404, 0.247857872935, 0.0178035914725, -0.385484140108, 0.922542687281,  
3, 16, 9906180.284958353, 133.2311795045769, 207.81734997598736, 142.655608131894, 79.77135448128715, 0.664620646012, -0.735112714729, 0.133748620697, -0.658215753469, -0.660741573545, -0.360794394184, -0.353597820667, -0.151755954192, 0.923005260866,  
4, 7, 3026000.4552497785, 89.72775323515214, 144.41712948270035, 105.35220042295697, 47.480803570926206, 0.851990488161, -0.522041876867, -0.0398056136725, -0.448464580339, -0.688445915372, -0.570019071426, -0.270169813756, -0.503502234756, 0.820666662739,  
5, 8, 7871339.259472876, 123.4013773960997, 149.64914689935839, 126.12079914848252, 99.56324950651504, -0.900758126892, -0.326292086761, 0.286650084521, -0.198821921103, 0.896563452584, 0.395782540265, -0.386140700428, 0.299512019137, -0.87246083572,  
6, 9, 8433427.311839616, 126.27144942002155, 164.2322315732363, 128.61373124720376, 95.3168682949803, 0.716575507223, -0.466890951021, -0.518201102182, -0.222944060519, -0.857269400134, 0.464096026133, -0.660920183023, -0.217029987441, -0.718388819668,  
7, 6, 3196847.13232768, 91.38559702025519, 142.72534668100425, 111.30241903906456, 48.04271587890191, -0.58769588463, 0.62950071733, -0.508273936052, 0.798498886627, 0.552547279035, -0.238937298231, -0.130434179737, 0.546278638894, 0.827385383872,  
8, 10, 9360478.15032378, 130.73839272414963, 168.12950906413673, 139.30061745408176, 95.41407366333908, 0.569990768787, -0.714913217471, 0.404981005705, -0.73524809256, -0.22377663368, 0.639792357415, 0.366770726592, 0.662437249634, 0.65318919496,  
9, 5, 2552380.701628001, 84.77847776051148, 154.4454023137292, 106.10425963892408, 37.18339492945698, 0.649200931689, -0.760010452909, -0.0303687629644, -0.227465171238, -0.232090315531, 0.945723892746, -0.725808339831, -0.607056996423, -0.323549156892,  
10, 6, 10427858.759994801, 135.53002246430506, 167.58208908122018, 158.10943365825966, 93.95527063298248, -0.767277964429, 0.632920511277, 0.103422201223, -0.408244400197, -0.606407086297, 0.682353981007, -0.494591786233, -0.481333639062, -0.723669049288,  
11, 8, 10878500.114083584, 137.45487179965022, 188.51472166860756, 139.20283894954477, 98.96623477743714, -0.802538472123, 0.586489168323, 0.109373014048, 0.591192950091, 0.806413156145, 0.0137374437124, 0.0801429755181, -0.0756853819234, 0.99390584385,  
12, 11, 7110096.9710827395, 119.28769264329193, 219.5467380387779, 126.42436607574213, 61.15460157667073, -0.617739879579, 0.779202823813, 0.106020755229, -0.22086125808, -0.301306967396, 0.927596041431, 0.75473024708, 0.549597189549, 0.358225045722,  
13, 7, 12956360.8183955, 145.70176349072014, 199.30343655376285, 156.18163974517844, 99.36871171806236, 0.623421153018, -0.763933528846, 0.166588203288, -0.682094536838, -0.635520018703, -0.36174763115, -0.382221282486, -0.111892221948, 0.917271509359,  
14, 15, 8236404.020876712, 125.2803652489899, 209.6692611922392, 130.48710804197393, 71.8698373011857, 0.541763519972, -0.786464753611, 0.296589749915, -0.702541195408, -0.229979155417, 0.67345783597, 0.461441390843, 0.573221405218, 0.677118204907,  
15, 7, 5705525.77934673, 110.84999747598745, 152.1912555965621, 136.4052191470961, 65.61246815674927, 0.761738943263, -0.414037935843, -0.498323559546, -0.0358525167249, -0.794915214606, 0.6056602997, 0.64689131959, 0.443488882917, 0.620362177577,  
16, 13, 9030365.161460545, 129.1830600159693, 198.54433970384537, 133.34844963628854, 81.4275226279337, -0.469808455439, 0.85579524857, 0.216551397416, 0.876872310682, 0.480716222217, 0.00262001087252, 0.101857576826, -0.191118827495, 0.976267702948,  
17, 7, 5184059.5468124375, 107.36443855564936, 200.11077074263358, 128.58889430821256, 48.09583239183716, 0.794605481127, -0.607053790173, 0.00937150994966, -0.173599709842, -0.212388507757, 0.961641441763, -0.581777680996, -0.765752451912, -0.274149434225,  
18, 8, 16423894.081752956, 157.68698232135242, 231.9506854055, 142.24604604404848, 118.83699538390626, -0.748390399953, 0.660808816928, 0.0569518808192, 0.156061680333, 0.0919864629077, 0.983454748615, 0.644636766862, 0.74489609887, -0.171968720114,  
19, 7, 4509866.226114214, 102.49240487379458, 156.7459368678858, 127.40843669216576, 53.911395239080235, -0.656965751688, 0.738061861975, 0.153820314028, -0.290670284715, -0.436215698787, 0.851602401192, -0.695634089657, -0.514762617165, -0.501111426009,  
20, 9, 7064050.787439709, 119.02962569148848, 202.93547158668494, 94.83897372718556, 87.62345891808296, 0.862020791225, -0.422024673489, -0.28074068188, -0.324651074656, -0.88504811548, 0.333603826431, -0.38925805736, -0.196430670344, -0.899940640558,  
21, 9, 8901922.07065853, 128.56765605275666, 191.58952290331212, 126.89450614838208, 87.41392134938636, 0.630867569765, -0.771344869137, 0.0838641894686, -0.659539103051, -0.476190330055, 0.581593450023, 0.408673807536, 0.422220158708, 0.8091451394,  
22, 6, 4597252.243745403, 103.1501604950791, 197.5764314974071, 103.68461492104556, 53.57476415219409, -0.501810506055, 0.746068207761, -0.437685326898, -0.119156057618, 0.44155902278, 0.889284804399, 0.856731025437, 0.498405315752, -0.132680410323,  
24, 7, 3582257.983643423, 94.91964019818894, 205.0388057965093, 96.17249211351158, 43.36919051895702, -0.675726319067, 0.730186199889, 0.10110417999, -0.185912620958, -0.301531514106, 0.935155197478, 0.713323516428, 0.613112436256, 0.339503610318,  
25, 9, 7339538.36736765, 120.5572627013165, 223.07446747238714, 163.7267193280762, 47.974528060396736, -0.841020614216, 0.367000096391, 0.397486170466, 0.533512046673, 0.68446583367, 0.496861568843, 0.0897174593817, -0.629934482139, 0.771448848398,  
26, 7, 6212688.035440653, 114.04169030460781, 186.03991697730177, 99.25751630474085, 80.31957399472239, -0.830037878618, 0.55651286935, 0.0364766542623, 0.551868753013, 0.829029044985, -0.0902868873036, 0.0804860205653, 0.0548112107027, 0.995247573057,  
27, 17, 7461286.542655505, 121.22021125597709, 206.69635251986185, 104.70006856924053, 82.30862195754042, -0.716478214859, 0.600206593039, 0.355543265025, 0.252976112774, -0.251426311852, 0.934231179138, 0.65012464497, 0.759300240604, 0.028303544316,  
28, 6, 4165284.4351778696, 99.8125960457496, 164.4695902783986, 100.06907505726554, 60.41858613184968, -0.90405353982, 0.154113091701, 0.398668223094, -0.0992643924156, -0.982934909453, 0.154872670855, 0.415732819894, 0.100439627367, 0.903923726714,  
29, 6, 3503286.972802697, 94.21694866303416, 209.19763268258947, 123.22323475162514, 32.444249598051435, 0.741762757267, -0.666030574722, -0.0786847219486, -0.521032710161, -0.646161188251, 0.557674307943, 0.422271153258, 0.372664718392, 0.826322020033,  
30, 9, 10692454.636954848, 136.66677168008152, 208.63478858994665, 137.86867322249114, 88.74348605466704, 0.555544744024, -0.718298433243, -0.4188286024, 0.431649048879, -0.181378847107, 0.883618024049, -0.710668091298, -0.671676316854, 0.209288770333,  
31, 6, 6340692.94239749, 114.81960214286002, 182.844959163349, 151.2056571409703, 54.751633561202375, -0.638648604834, 0.733042943582, -0.234042736284, -0.323891662926, 0.0198145872767, 0.945886659605, -0.698013001476, -0.679893686539, -0.224771939474,  
32, 8, 10992642.631037064, 137.93394792087452, 271.7579788639636, 148.10014236576504, 65.20422241399811, 0.73846265287, -0.6742916118, -0.00193198648019, -0.527631810051, -0.579624810708, 0.620998995035, 0.419854240586, 0.45756518778, 0.783808979021,  
33, 11, 8621694.216578461, 127.20416617159384, 199.58632575084508, 150.15132678181482, 68.68217649059662, -0.889176882168, 0.456577095385, -0.0300304543281, 0.414221003196, 0.831096085538, 0.371079852747, -0.194384754362, -0.317516381583, 0.928115248608,  
34, 10, 10768683.784149893, 136.99077996205676, 213.9205828984948, 123.35254868122185, 97.42565057499695, 0.61729387307, -0.637927766228, -0.46043071069, -0.69022256283, -0.158281638765, -0.706073464018, -0.377546140268, -0.753654488413, 0.538018423535,  
35, 9, 9950562.787876554, 133.42985427524752, 198.00522227080188, 126.24237337570247, 95.03361279845153, 0.490177129378, -0.861063047574, 0.135265701261, 0.348769135297, 0.335985235695, 0.874913716694, -0.79880314978, -0.381686192439, 0.465004492885,  
36, 8, 9603007.260488257, 131.85791857678123, 194.03675399461127, 129.61284131285228, 91.1562846760024, -0.853578780989, 0.42876998634, 0.29590465265, 0.0240932785312, -0.53489698845, 0.84457369464, 0.520406359085, 0.72803949794, 0.446246244649,  
37, 7, 6785598.508357266, 117.4446352516739, 220.62210152115924, 108.83744803857141, 67.46401487929165, 0.317003583258, -0.926876595236, -0.201018669295, -0.70094263619, -0.371739851852, 0.608677996412, 0.638896039252, 0.0520505499341, 0.767530189165,  
38, 13, 5638371.7604058115, 110.4133786041699, 175.63001361827597, 93.02071309665826, 82.39231365939925, -0.96628146924, 0.1158614854, 0.229948338554, 0.257330033733, 0.403242122194, 0.87816686605, -0.00902086149603, -0.907728983282, 0.419460030239,  
39, 5, 1153983.9835763867, 65.06843938161535, 217.3870780213917, 66.03255823612234, 19.19195973273556, 0.629655049105, -0.762951523688, 0.146422305809, -0.589948948986, -0.592212381517, -0.548857661665, -0.505464891685, -0.259209312487, 0.822991965692,  
40, 6, 6080287.1651695445, 113.22573812797121, 194.7561798993772, 143.4518378206612, 51.956288276097375, -0.688671550532, 0.710839950369, 0.142961744702, 0.504700001945, 0.328389325814, 0.798397368939, -0.520585635151, -0.621986346837, 0.58491331052,  
41, 9, 11591864.93544029, 140.39605380019793, 182.54415913716858, 131.02285998397647, 115.70434989064343, -0.735931182275, 0.515306308372, 0.439163640921, 0.63413274334, 0.751884006442, 0.180405389836, 0.237236082373, -0.411253996223, 0.880107488783,  
42, 6, 4204110.597504647, 100.12176747819068, 173.2174952986452, 90.92813976977345, 63.72288977574296, -0.681174017478, 0.711981575007, 0.170540888831, 0.128412380261, -0.113139930726, 0.985245967599, 0.720771960129, 0.69302351542, -0.0143592675989,  
43, 7, 3764836.0761267184, 96.50559381855547, 216.9118929695575, 75.53099970792742, 54.85912353776131, 0.45824288341, -0.88636698229, 0.0660835267686, -0.590817835921, -0.248212541087, 0.767674943713, -0.664038963136, -0.390824906004, -0.637423052834,  
44, 23, 8719848.840440873, 127.68506906120238, 182.25910761899374, 120.41832335337465, 94.85026128999742, 0.722125484774, -0.690457889212, -0.0424580671401, -0.573285139029, -0.562970748272, -0.595321833934, -0.387142007032, -0.45423764685, 0.80236477152,  
45, 7, 4235736.155413073, 100.37219698040802, 271.82999630307387, 78.6907957969427, 47.27363243909906, -0.617210760298, 0.774520769439, 0.138450189889, 0.780787600492, 0.624647132805, -0.0136631766129, 0.0970649282137, -0.0996671319257, 0.990275144859,  
46, 7, 4496075.402312719, 102.3878269089877, 183.0483041045599, 99.18931655495014, 59.11726984893814, 0.816269425486, -0.573346889582, -0.070551890292, -0.463432826124, -0.57703197475, -0.672505848143, -0.344868439681, -0.581642024206, 0.736721327904,  
47, 7, 5389283.799465868, 108.76290903057254, 235.43972331095668, 120.15067652604978, 45.48167867540265, -0.63079532804, 0.77592728165, -0.00584018093457, 0.0591579589583, 0.0555947310959, 0.996699333684, 0.773690887897, 0.628367789965, -0.0809711709214,  
48, 8, 13095422.755230322, 146.22118683452993, 208.61030562203268, 151.33464930159695, 99.02771996208673, -0.629373524123, 0.776706170399, -0.0248292568855, 0.771702548798, 0.628440920919, 0.0976585126507, -0.0914556904306, -0.0423028814443, 0.994910208466,  
49, 7, 8276799.302342516, 125.48484302216752, 228.08801220108532, 119.8760018962711, 72.26684667140934, -0.658630728333, 0.752401052916, -0.00991056340191, 0.735009847928, 0.646115853946, 0.205657060974, -0.161139961352, -0.128167698157, 0.978573938956,  
50, 9, 10418156.807826418, 135.4879775975283, 236.06634904296544, 123.93293641321138, 85.01223956856323, -0.672515051527, 0.672469609338, -0.309043896536, 0.256129197309, 0.603256724662, 0.755300707292, 0.694349580367, 0.42879592893, -0.577938328525,  
52, 11, 5543598.637875463, 109.79124840812493, 215.36460515189233, 78.6351119404476, 78.14700379241374, -0.74030158705, 0.492939305182, 0.45712624254, 0.278227304843, -0.394352868713, 0.875828397449, 0.611999286807, 0.775562155049, 0.154790880234,  
53, 8, 4451493.193471956, 102.04828288320067, 210.13683108504262, 103.52184108780357, 48.852066378601776, 0.710169979426, -0.687993479154, 0.149410752505, -0.63592943559, -0.717922056839, -0.283163686326, -0.302080044478, -0.106079653781, 0.947361997223,  
54, 6, 2433828.377508869, 83.4450246074727, 186.06163135982405, 135.49725651947804, 23.0469794625911, 0.910677143982, 0.0357542386639, -0.411568674521, 0.299133852279, 0.63005097148, 0.716627317201, 0.284931707345, -0.775730241614, 0.563077716123,  
55, 6, 8130930.880010754, 124.74329745237023, 228.88405879111147, 120.85656168334161, 70.17232709765639, -0.447132446239, 0.876341709467, -0.179158543668, 0.0624227852832, 0.230379878077, 0.97109654909, 0.892286933334, 0.423025200226, -0.157714008813,  
56, 5, 9821632.968640702, 132.85106199266173, 188.6515337791903, 147.72144989690568, 84.13780720174019, -0.113179294743, -0.966468806225, -0.230496190501, -0.528629883596, 0.255000538736, -0.809645089785, 0.841273376145, 0.0302121140995, -0.539765073667,  
57, 5, 1814797.9300108426, 75.66816844836146, 167.192893690377, 112.67324390241183, 22.99858165873008, -0.873378678618, 0.152883202003, 0.462424491438, 0.486760531819, 0.306257793536, 0.81808945022, 0.0165489697505, -0.939591874403, 0.341896535748,  
58, 7, 7905667.287008398, 123.5805075501668, 207.36622293643882, 117.26745207375573, 77.6129904434169, 0.507601651333, -0.8598194506, -0.0552365452745, -0.521755835543, -0.357774985701, 0.774446839804, -0.685646710515, -0.364290504922, -0.630222989412,  
59, 10, 8658749.642649716, 127.38614385190675, 175.45880780330666, 128.2478129991138, 91.86317074939095, -0.840873968748, 0.504533486966, 0.195900304267, 0.503052780351, 0.862098892147, -0.0610196717467, 0.199671903039, -0.0472383391796, 0.978723490291,  
60, 14, 9326068.091606729, 130.57799352370628, 201.9519832509017, 122.19273564521086, 90.22283352183561, 0.521421312333, -0.850966847809, 0.0630494962362, -0.650430120065, -0.444195419387, -0.616142100743, -0.552322798695, -0.280260331346, 0.7851074275,  
61, 9, 4270875.178359813, 100.64899046704559, 150.74755311295297, 133.54863256077616, 50.645230544989296, 0.0329474040491, -0.635379146748, 0.771497121475, 0.866605650365, -0.366388184421, -0.338754107092, 0.497904725145, 0.67974483315, 0.538551619145,  
62, 9, 3812780.2241070326, 96.91352442433929, 175.69636114775662, 99.58437321134696, 52.023456276161426, 0.796090884526, -0.578063307916, -0.179114811267, -0.506622889907, -0.798476252614, 0.325221342216, 0.331017448175, 0.168162082682, 0.928519769823,  
63, 7, 7280105.340783344, 120.2309701275352, 186.70212803762865, 108.97944840960861, 85.41913724881331, 0.434330599404, -0.730474172419, 0.527033598408, 0.316110125108, 0.671498800733, 0.670196799022, -0.8434638814, -0.124486320709, 0.522562758652,  
64, 8, 4539392.955192192, 102.71559589365306, 177.6042148608778, 142.37535994918966, 42.856930900083505, -0.712516701992, 0.682047676283, -0.164714652231, 0.693032062061, 0.720784416278, -0.0132810468334, -0.10966544733, 0.123615502776, 0.986251842652,  
65, 7, 10803386.911898982, 137.13777752785867, 188.8571682500396, 126.91836926932096, 107.60027071164417, 0.683522267323, -0.688377654139, -0.24276226098, -0.633601267946, -0.724674045849, 0.270918734181, 0.362417912542, 0.0313645110815, 0.931487801377,  
67, 10, 9132678.491213772, 129.6691069698444, 179.2321525223253, 128.4845798376057, 94.67659501390715, 0.504275298305, -0.840046626487, -0.200070209793, -0.727760448133, -0.538133509424, 0.425178851977, 0.464834544384, 0.0688040068763, 0.882720145338,  
68, 14, 7054714.093239111, 118.97716130822258, 214.26385962454938, 103.04164934394919, 76.28323163484954, 0.6939174664, -0.717724222868, -0.0578834150181, 0.402683469504, 0.320168930778, 0.857518442456, -0.59692928661, -0.618355719366, 0.511186493477,  
69, 6, 5615637.357825021, 110.26477994003439, 199.48480864807388, 118.57132013576684, 56.67884107146325, -0.562627106087, 0.810821085739, -0.161306870332, 0.823137786918, 0.56754938369, -0.0182175964604, -0.0767784035005, 0.143027493836, 0.986736141409,  
70, 14, 9505665.522397006, 131.41087481343894, 218.68420930698636, 104.87487475282332, 98.94754865882095, -0.653152804228, 0.75710141591, -0.0137426473474, 0.668662743808, 0.585183644504, 0.458748555582, -0.355361153437, -0.290443709231, 0.888459848499,  
71, 10, 6387487.912816803, 115.1013703001032, 188.34452896761005, 130.0049814103515, 62.27711407937617, 0.331841794607, -0.709481006075, -0.621705497299, -0.892372647294, -0.44978234111, 0.036971664638, 0.30586284788, -0.542524236919, 0.782378022853,  
72, 6, 2574962.353200103, 85.02776394907495, 131.56111431405628, 93.78591584047565, 49.821535408600475, 0.140017656026, -0.274173625308, 0.951432540534, 0.824657973429, -0.499546993506, -0.265314960262, 0.548027629651, 0.821755209576, 0.156154067108,  
73, 5, 5314172.397243759, 108.25526064166283, 196.84204755481778, 172.47984858129732, 37.36722041674395, -0.304103864748, 0.890354292955, -0.338806836506, -0.613573293183, -0.455119257416, -0.645286196521, -0.728730851095, 0.0116488001974, 0.68470114073,  
74, 6, 6564535.608762484, 116.15514903724421, 161.52742492579773, 142.3777781717061, 68.14388944599197, -0.0312936104511, 0.760586651267, 0.648481808426, 0.275624383853, -0.617076749419, 0.737053243906, 0.960755904989, 0.201802455984, -0.190325667707,  
75, 8, 6675523.679566281, 116.80611438919998, 172.15781131683926, 129.88996008847076, 71.26797441150973, 0.706680042404, -0.450492040857, 0.545582476618, -0.600667398942, -0.78948451871, 0.126146226915, -0.37390104776, 0.416858628124, 0.828508835585,  
76, 7, 9450596.842174986, 131.15661791455886, 202.15001282366524, 140.25074770650846, 79.57775244784972, 0.757658221427, -0.4173307231, 0.50178589763, -0.520721902394, -0.850037087112, 0.0792820969821, -0.393449767913, 0.321359639799, 0.861350835628,  
77, 6, 6470040.3416658705, 115.59510924585308, 176.99782333060685, 128.93601567003333, 67.68247133711029, 0.750227458181, -0.62885368665, 0.204210190194, -0.584011920244, -0.775069803728, -0.241240287601, -0.309981996259, -0.0617239024688, 0.948736697856,  
78, 7, 9080041.359833157, 129.4195064114503, 229.6160272248008, 120.4642337594063, 78.36802397676726, 0.82970770138, -0.438290356748, -0.345668473326, 0.19203317434, -0.357335807435, 0.914020995753, -0.524126311325, -0.824750073602, -0.212317982918,  
79, 14, 7635713.711089132, 122.15755804978485, 151.27438907132833, 140.35487790280652, 85.85549749764428, 0.208846784745, -0.977832609734, -0.0150468548733, 0.851852786453, 0.189454060304, -0.488317508642, 0.480343471605, 0.0891658363635, 0.872536304638,  
80, 9, 6003722.588547975, 112.74847310396629, 232.78674623505344, 101.93978969887807, 60.39903836777386, -0.709824077927, 0.697618441752, -0.0973565001577, -0.0780111707545, 0.0595060928521, 0.995175000767, 0.700045738243, 0.713994071853, 0.0121831738912,  
81, 11, 9621141.495727278, 131.94086616768615, 185.69646925420793, 121.25295352701143, 102.00982910203444, 0.480148563567, -0.752026077209, -0.451568528689, 0.513968211633, -0.175977678555, 0.839564490722, -0.710840371909, -0.635207553362, 0.302022068427,  
82, 9, 6424882.521624013, 115.32554807849893, 156.55815687294265, 123.19189599942895, 79.52775861081473, 0.621226993874, -0.761581040479, -0.184584237859, -0.176784515131, -0.36568110455, 0.913796785388, -0.763429274585, -0.535043595007, -0.36180670827,  
83, 13, 8413480.678800812, 126.17181896494749, 216.86786421908434, 135.26852421356935, 68.46918180044592, -0.911881075507, 0.360093452899, 0.196991394006, 0.382774335892, 0.919307991768, 0.0914145724358, 0.148177973786, -0.158762468647, 0.976134092548,  
84, 9, 6977969.592493231, 118.54415749649125, 229.05818103825314, 87.58824732121364, 83.03263488454286, 0.640671713922, -0.6351929834, -0.431357889484, -0.620509358573, -0.0974410317158, -0.778121700803, -0.452225486792, -0.766182171012, 0.456570903495,  
85, 6, 4432537.505102653, 101.90322686049718, 272.37806059063576, 120.08373409074105, 32.352474404430694, 0.737677946097, -0.663376681868, 0.125549296277, -0.255152123906, -0.101752793229, 0.96153198737, -0.625082907708, -0.74133511115, -0.244322760847,  
86, 6, 2834191.955428565, 87.79037090946747, 179.84479783363219, 96.9677323231498, 38.79855331669812, 0.899519719212, 0.252596551865, 0.356453723132, 0.264801251444, -0.964185933712, 0.0150260595391, -0.347483196691, -0.0808731551098, 0.934192143405,  
87, 10, 6222863.408505325, 114.10391692794798, 188.0225285681485, 120.97800396845598, 65.31085292065946, 0.809988440923, -0.53654732436, 0.236718597268, 0.154789480572, 0.58493684294, 0.796171530812, -0.56564913354, -0.608248188237, 0.556843963092,  
88, 7, 9090512.829173623, 129.4692378943604, 229.1066228027486, 117.21194998072708, 80.81467674533503, 0.670920948051, -0.709703165879, 0.214910441364, -0.587737426337, -0.332235187999, 0.737688618279, 0.452139136936, 0.621241656842, 0.640022659485,  
89, 9, 4601161.714906877, 103.17939160240131, 238.0737435129191, 97.25052158157492, 47.44336101251057, -0.764638442562, 0.644434076246, 0.00572481706315, 0.0507433738405, 0.0513480827186, 0.997390838344, 0.642458685184, 0.762933873789, -0.071963477245,  
90, 8, 13376591.038088247, 147.26027712725843, 223.33518709557234, 122.48097615223746, 116.74305353743893, 0.653768687933, -0.638861788846, -0.405514632819, -0.433558623327, -0.755470739786, 0.491213682083, -0.620172091291, -0.145325758487, -0.77088715199,  
91, 9, 7779864.773445265, 122.92148916885111, 189.36973228558261, 108.81535587155419, 90.13276354332875, -0.490183082947, -0.654631156576, -0.575481184777, -0.809976496306, 0.0982339932853, 0.578176580289, 0.321960588619, -0.749538612349, 0.578388492255,  
92, 7, 744823.1159582129, 56.23260192939006, 185.65926370738504, 74.14022186073178, 12.917962882619664, -0.356669213186, 0.8509342772, 0.385613703401, 0.919585241261, 0.392575293873, -0.0157360317512, 0.164772741738, -0.348992112412, 0.922526123779,  
93, 7, 2215741.0538410842, 80.874224959645, 190.4490080515438, 90.98476672780131, 30.52692040005089, 0.566358333959, -0.714157824058, -0.411359745104, -0.54272685935, -0.698803638608, 0.465962477897, -0.620230435963, -0.0406457501457, -0.783365897458,  
94, 15, 7557995.886252754, 121.74169589474974, 188.16045001995806, 114.77261062168547, 83.5509588986734, 0.785519301653, -0.600995771072, 0.147524607724, -0.416143261566, -0.336560768973, 0.844719855717, 0.458022065608, 0.724935122574, 0.514475320568,  
95, 9, 13808701.415851504, 148.82917575983572, 245.38125855286484, 132.91104659538422, 101.07919214835744, -0.728313422195, 0.677194076717, 0.104726985587, 0.660624751273, 0.653299649734, 0.369830374174, -0.182028835779, -0.338537664251, 0.923178072112,  
97, 6, 7646877.366289263, 122.21706179957825, 185.1860956867033, 121.22684065926572, 81.31831174823125, 0.47780148655, -0.875747669886, -0.0690779135476, -0.792867799051, -0.396050400239, -0.463146557473, -0.378241183214, -0.276061766929, 0.883585597529,  
98, 6, 3778083.113007306, 96.61865023864053, 185.85238988366325, 140.52795879765065, 34.5344075682614, -0.603854248978, 0.676631172634, -0.421343449232, 0.409399584773, 0.716825183313, 0.564405560351, -0.683923991376, -0.168320862602, 0.709870453839,  
100, 6, 5052631.736306982, 106.44934956020136, 198.6511340493507, 126.29083643300585, 48.08018698861022, 0.674904364095, -0.732121953934, -0.0922038171377, -0.265523413577, -0.357533852783, 0.895358509736, -0.688477607601, -0.579799093379, -0.435696677918,  
102, 8, 5949137.287912918, 112.40573264738826, 265.02302839285585, 93.19012301480302, 57.505831119411646, -0.723890675192, 0.689866830958, -0.00812686371011, 0.215908763513, 0.237713655796, 0.947035175527, 0.65526002183, 0.683795271548, -0.321026993258,  
103, 8, 10085541.53537521, 134.03046911781584, 215.28068367237015, 164.1576579561579, 68.13094325006267, -0.485017012737, 0.866589211521, -0.117395212133, -0.695781718231, -0.463722507222, -0.548497253295, -0.52976060436, -0.184349056878, 0.827870235784,  
104, 10, 11583962.098721825, 140.36414120938542, 190.39533942221473, 128.36904254713608, 113.14930827039872, 0.568104699939, -0.793681180238, 0.21754823383, 0.422103757765, 0.507950622462, 0.750875877107, -0.706459813144, -0.33474818786, 0.623584944604,  
105, 14, 12123375.20253184, 142.50988150474427, 205.58113327769115, 138.6233335062571, 101.558281375272, 0.60880377838, -0.793263329382, 0.00955247022002, 0.503686494991, 0.395809750072, 0.76787665449, -0.612909352346, -0.46267475834, 0.640526497345,  
106, 6, 6202207.664037668, 113.9775274191192, 238.10763490258097, 100.2474433002481, 62.031326379588876, -0.780967233187, 0.578151736142, -0.236285316268, 0.612073461751, 0.783761496364, -0.10528055014, -0.124323200202, 0.22684463144, 0.965963381852,  
108, 6, 1752123.5644486598, 74.78687281459258, 138.92710392087204, 79.82343498448176, 37.718874580497, 0.168749613999, -0.96839298256, 0.183680698781, -0.913207589498, -0.223733113902, -0.340580962808, -0.370911669079, 0.110265702162, 0.922098697899,  
109, 7, 6478731.9885092545, 115.64684835150915, 225.24333746540555, 112.48814677363814, 61.04395865690474, -0.620630543288, 0.763601324841, -0.178131259017, 0.770599963574, 0.635973815248, 0.0413884338862, -0.144891079361, 0.111581015501, 0.983135927581,  
110, 7, 3824843.4081994304, 97.01562445202583, 173.51823390885934, 102.26709089128276, 51.456948653494464, 0.742748004669, -0.669333783042, -0.0178238166096, -0.475264497122, -0.508268069575, -0.718183282474, -0.471645056515, -0.541900227282, 0.695625678318,  
112, 7, 4361122.094635253, 101.35298535460792, 173.42347821672914, 132.52959131885765, 45.299028190594086, -0.752028276809, 0.617444380489, 0.230685734023, 0.573245243287, 0.439927139622, 0.691269848086, -0.325335767982, -0.65209397239, 0.684784702841,  
113, 7, 5140176.79496584, 107.06063520851653, 188.9028707713747, 90.2227115471904, 72.00041741167429, 0.867407667576, -0.493201669709, -0.0660003880767, 0.268684061433, 0.352588935602, 0.896375991213, -0.418823128972, -0.795256660134, 0.438353773967,  
114, 9, 3476591.353428704, 93.97702201722814, 160.4112098181643, 89.089612633338, 58.07687656766607, 0.580840987005, -0.728581625188, 0.363032454821, 0.500409936659, 0.67134537387, 0.546704018895, -0.642038661692, -0.135883054212, 0.754534394491,  
115, 8, 6651309.097693839, 116.66471035056796, 169.04192875631952, 133.09794764128824, 70.57529844147307, -0.0641935849347, -0.823999082195, 0.562942888928, 0.341981600807, -0.54811336584, -0.763295698204, 0.93751147639, 0.143517423085, 0.316977887096,  
116, 9, 5493450.596687215, 109.45918359875353, 167.64014752102995, 109.07637790180031, 71.72125356278478, -0.997928872736, 0.0492174661708, 0.0414198742532, -0.0166973059218, -0.820014149834, 0.572099636468, 0.0621221774762, 0.570223145002, 0.819137595261,  
117, 5, 2387132.0134780495, 82.90790528573783, 161.61732959520083, 94.7936605496395, 37.19808708679318, -0.243866531586, 0.839799438366, -0.485042284851, -0.0625756506912, 0.485474201401, 0.87200865117, 0.967787891386, 0.243005561861, -0.0658399133641,  
118, 11, 8012715.624481822, 124.13579791569467, 196.13957125250843, 132.3477460925873, 73.69013449304664, -0.621289412045, 0.781966715679, -0.0502744671888, 0.773517706199, 0.601796885134, -0.198773406774, 0.125179170304, 0.162384003565, 0.978755133171,  
119, 13, 8627857.779097455, 127.23447127766048, 219.41306404740948, 139.4026846785426, 67.34118406475447, 0.666440569301, -0.664193519644, 0.338679695366, -0.573287870074, -0.746947475281, -0.336764735681, -0.476652898466, -0.0302727209739, 0.878570188857,  
120, 5, 1502681.473267771, 71.05469412173184, 162.3043466267506, 83.59568497899642, 26.44017414550984, 0.212032964711, -0.975552009284, 0.0577953203768, -0.857166046649, -0.157246166217, 0.490448785993, 0.469370206072, 0.153531496415, 0.869551429911,  
121, 10, 4478560.821943111, 102.25470240188368, 144.4817162965118, 128.17819884562175, 57.73282522286633, 0.825976338792, 0.538184837433, 0.167690692983, 0.512421663574, -0.840813660629, 0.17451769767, -0.23491940417, 0.0582191451114, 0.97026975872,  
122, 6, 8326185.313618325, 125.73392927449932, 173.4157353058598, 120.01089213119646, 95.50987956209869, -0.883331065333, -0.414885732904, -0.21816520724, -0.45607498438, 0.653189369368, 0.604433004036, 0.108267435736, -0.633414142862, 0.766201465661,  
123, 7, 7097713.705803014, 119.21840012643753, 218.16820373429135, 100.80648628502937, 77.04597140332136, -0.767944591455, 0.566953774347, 0.298034431246, 0.614131663791, 0.519573560042, 0.594041762197, -0.18194340874, -0.639223539506, 0.74718797003,  
124, 9, 4584216.30666519, 103.05257089841838, 198.20227583024894, 75.2896535471568, 73.33859012834935, 0.773658372247, -0.633597977236, 0.00251521271949, -0.245643257334, -0.296280130671, 0.922972087496, -0.584048040129, -0.714682927886, -0.384858674592,  
125, 8, 5877464.599404024, 111.95250206838179, 208.1772726355058, 110.66545689655867, 60.90543043628894, -0.595766463897, 0.784252356671, 0.173235566648, 0.227339078887, -0.0422057907858, 0.972900618992, 0.770311147334, 0.619004775652, -0.153146413648,  
126, 21, 7973971.570937961, 123.93539574733897, 186.24138900098367, 104.53811941774096, 97.77665789763542, -0.698614802374, 0.691246202002, 0.184705295325, 0.0714296936285, -0.189479419355, 0.979283078843, 0.711923561045, 0.697335097251, 0.0829976226759,  
127, 5, 4324466.316498602, 101.0682245237631, 200.99243625059765, 136.1664622957794, 37.72194180536943, 0.693539311241, -0.6621785547, 0.283765370437, 0.351946661136, 0.655111618959, 0.66855240215, -0.628599054628, -0.363797097844, 0.687397192401,  
128, 6, 10856726.984853745, 137.36310603620413, 231.83675034576314, 123.32490680297305, 90.6519667491468, -0.754442389663, 0.651306516566, -0.0813418844046, 0.655945618486, 0.752582916401, -0.0579163148936, -0.0234952392851, 0.0970503756833, 0.995002109702,  
129, 8, 8155051.096590561, 124.8665250416062, 237.6441055778125, 118.0552044639958, 69.3946345170236, -0.627732200882, 0.763617418328, -0.151131473895, 0.00757407917203, 0.200131637745, 0.97973974141, 0.778392521354, 0.613869502419, -0.131412772212,  
130, 10, 7470894.034725988, 121.27221849340324, 164.35127912994358, 141.2209592361582, 76.8443111143763, -0.413500152914, 0.890746026963, -0.188650838826, -0.874128037403, -0.446345510864, -0.191509423155, -0.254789712832, 0.0857158117384, 0.963190013369,  
131, 8, 3024924.2817551284, 89.71711498170994, 175.77982943426636, 67.3964677173604, 60.956458146408444, -0.69584996909, 0.640380081694, -0.325124855229, 0.718005259292, 0.610116998741, -0.335001038021, 0.0161637912073, 0.466551817933, 0.884346161318,  
132, 8, 6449625.093335943, 115.47340009599927, 243.18953036021375, 108.53744087207417, 58.33395331409416, 0.457314336402, -0.877571956661, -0.14398284135, -0.623932089169, -0.431985825528, 0.651227298758, -0.633697361385, -0.20798006497, -0.745098615452,  
133, 10, 14465865.143196248, 151.15363681562715, 223.3030677705933, 126.36950139813956, 122.38236494341123, 0.427644408899, -0.896319279131, 0.117183656688, -0.535027792281, -0.146488479387, 0.832037491279, -0.728605188716, -0.418512694269, -0.54220070427,  
134, 5, 1515653.7915233942, 71.25857506513782, 115.4442045366042, 94.43450189176035, 33.19010080506098, -0.187205836726, 0.78766427101, 0.586974420968, 0.754209167322, -0.267597565383, 0.599633283706, 0.629382639277, 0.554956339882, -0.543967787835,  
135, 16, 7019485.893981636, 118.77879053990738, 168.4703702418086, 137.89295701652395, 72.13583797585987, -0.682894184442, 0.680448642961, -0.265791604736, 0.582731937769, 0.726823766205, 0.363525379559, -0.440544006383, -0.0933641107275, 0.89286287932,  
136, 9, 4954433.088022182, 105.75521342781303, 194.79693301555517, 91.87552358852784, 66.08812281039347, -0.804001199559, 0.575606858798, -0.149193884633, 0.0531042103343, 0.31940631784, 0.946128715857, 0.592251647488, 0.752765799056, -0.287370210389,  
137, 8, 11551224.93022634, 140.23178983033728, 173.9765380485115, 159.15281139579866, 99.59428820529716, -0.758512584097, 0.645578321709, -0.0888104177824, 0.457522529003, 0.62462110757, 0.632867764571, -0.464038570835, -0.439405396551, 0.769149596802,  
138, 8, 9296062.460836312, 130.43780280434297, 185.06204841496896, 146.04153820239688, 82.11389637420122, -0.864821096774, 0.500030735655, 0.0453181417875, 0.0247512014471, -0.0476916960601, 0.998555396637, 0.501469688617, 0.864693451766, 0.0288684234257,  
139, 5, 4029365.7222469714, 98.7148961020418, 230.384550118281, 100.61235956025423, 41.499550499809686, 0.779565916003, -0.570013354693, -0.259541438075, -0.436524498297, -0.197324520575, -0.87778664604, -0.449136220977, -0.797588746818, 0.402652264312,  
140, 6, 7410169.239175866, 120.94274994362023, 220.37133160099785, 100.44481779080968, 79.92025968122523, -0.643236087212, 0.655192605633, -0.396194378598, 0.765554063375, 0.559266769771, -0.318037193234, -0.0132027329966, 0.507881216185, 0.86132593023,  
141, 7, 4900915.552078995, 105.37304656662269, 267.6000737502822, 132.3867316512082, 33.02614783886678, -0.763316008237, 0.586075148693, 0.271780410723, -0.140003605481, -0.56076970117, 0.816049221985, 0.630672388821, 0.58485319725, 0.510097123738,  
142, 8, 5444941.320441598, 109.13604170721995, 227.40651600266062, 146.35819880139155, 39.05571867463618, -0.647909109838, 0.761694554572, 0.00593219391558, 0.759446212774, 0.646558443369, -0.0721361851797, 0.0587812495028, 0.0422325093243, 0.997377150261,  
143, 5, 961762.1044978269, 61.234054614895456, 124.78793823105761, 88.39890780905188, 20.814191364511622, -0.735596988843, -0.459563441584, -0.497693191801, -0.660457575133, 0.64991313416, 0.376043494154, -0.150641499775, -0.605321700591, 0.781596300746,  
144, 11, 8639487.025892891, 127.29161086795597, 217.95318440530906, 118.9500310203591, 79.55574905579034, 0.641448178717, -0.766025643947, 0.0418204117153, -0.636608213027, -0.501073520674, 0.586221212501, 0.428105380867, 0.402653746654, 0.809070913566,  
145, 8, 5963602.207629951, 112.4967611898407, 165.43542205129899, 130.59768959978695, 65.89554585758374, 0.50628987597, -0.813486642094, -0.286199309266, -0.575083562629, -0.565800122209, 0.590888413917, -0.642611435849, -0.1345723034, -0.754281669984,  
146, 13, 13563485.076516846, 147.94293428175578, 245.74361393618528, 130.05305141747505, 101.31643439444755, -0.895836567227, 0.438775823666, 0.0703748633036, 0.437755099627, 0.898588540589, -0.0301514091456, 0.0764677550927, -0.00379622043065, 0.997064827953,  
147, 7, 10467319.434406264, 135.7007629883574, 259.8393172656267, 113.78087358453631, 84.52257865811711, -0.813145132905, 0.580159794143, -0.0470064473539, 0.241369187048, 0.409581533432, 0.879763538126, 0.529656405962, 0.70402953115, -0.473081928308,  
148, 8, 2392092.095186482, 82.96528871865283, 227.19726962377533, 69.43447313122827, 36.200205365233565, -0.900967038959, 0.433765185764, -0.0103033163639, 0.42621594083, 0.889233114931, 0.166145836823, -0.081230329878, -0.14530048496, 0.986047363253,  
149, 6, 4786337.2131411, 104.54539179141489, 138.47176321296237, 119.05744369824043, 69.31016101162113, -0.467118378009, -0.857440595027, -0.215861175124, 0.819697640296, -0.511472857892, 0.257859058658, -0.331505956838, -0.0564901906455, 0.941760404212,  
150, 5, 1808233.661717797, 75.57682563597997, 171.18407567746266, 80.22921359519265, 31.43185721687043, -0.781781881782, -0.356429462175, -0.511639646442, -0.623214141483, 0.473640267277, 0.622309433537, -0.0205237221889, -0.805371303007, 0.592415260708,  
151, 11, 5633608.818790573, 110.38227975459607, 152.96532898715256, 115.65107542565592, 76.02481948042008, -0.799183379691, 0.555565648576, -0.229461839415, -0.0762923177977, 0.284903735444, 0.955515224251, 0.596225970476, 0.781138061838, -0.18530493916,  
152, 7, 7645438.991355722, 122.20939832366362, 277.3537839910161, 104.99870161178579, 62.675209404243255, -0.658632735083, 0.724200500149, -0.20429526637, 0.304118278276, 0.504535027701, 0.808057224855, 0.688269564266, 0.470083015441, -0.552545894472,  
153, 7, 5473634.227021456, 109.32740867848806, 172.84228759266185, 117.17150091458201, 64.52309104182513, 0.895599338872, -0.163622888405, -0.413677863322, -0.367512380732, -0.796116677117, -0.480762817223, 0.250672045153, -0.582602597665, 0.773135006951,  
155, 6, 5863063.964074917, 111.860994036795, 208.87840907644946, 101.82244575747019, 65.81106931589886, 0.48685459472, -0.807287920288, 0.333554819118, -0.791561558578, -0.246297018861, 0.559256718764, 0.369327635823, 0.53630587565, 0.758928919703,  
156, 6, 8251271.164037931, 125.35569915966038, 168.85343999748025, 129.1247735749112, 90.34679786898951, 0.694029831311, 0.465365336, -0.54932476487, 0.567701571659, -0.822990380329, 0.0200439373038, 0.442761243546, 0.325763622793, 0.835368507473,  
157, 9, 7718937.977192462, 122.59976771445263, 189.1366820857657, 131.66449283172656, 73.99877072423045, 0.627234275849, -0.5616628317, 0.539547983674, -0.572365224233, -0.802239159143, -0.169736211891, -0.528181042152, 0.202354132709, 0.824668170652,  
158, 9, 9964787.00461103, 133.49340282571936, 188.9356206944014, 114.82075517627563, 109.65922374446932, 0.888167014797, -0.452130229328, -0.0820829431441, -0.278618028591, -0.671902749125, 0.686235156388, -0.365419413785, -0.586621642498, -0.722733492086,  
159, 7, 4957862.161327418, 105.77960631264189, 210.9268773594585, 92.21452609798088, 60.85196083488034, 0.341648623672, -0.820549867368, 0.458229345531, 0.57306541595, 0.568323789857, 0.590427047928, -0.744897474144, 0.0608768021942, 0.664395791655,  
160, 9, 11457060.334580993, 139.84969716881307, 227.91294805549302, 125.73535798226925, 95.44609604196619, 0.767519549754, -0.639342300619, -0.0464237372991, -0.555666547438, -0.62746143435, -0.545460206122, -0.319606678284, -0.444447489636, 0.836850046396,  
161, 6, 5772316.188427684, 111.28086709449258, 260.74720855323534, 146.9235321798231, 35.97083129483979, 0.77233966362, -0.63482510808, 0.0221026276551, 0.219125635854, 0.298929283214, 0.928776205202, -0.596217577492, -0.712487449565, 0.369981397508,  
162, 7, 2578647.209789159, 85.06830380134123, 165.04923038774447, 85.99015653866304, 43.37515872204769, -0.563190498254, 0.815609762339, -0.132654356336, -0.0833914900392, 0.103616300547, 0.991115291805, 0.822108461254, 0.569248959454, 0.00965919743971,  
163, 10, 6263679.896581282, 114.35284710501494, 177.8338189689957, 118.16753768877523, 71.15876544474624, -0.724905402901, 0.589615375293, 0.356182349453, 0.687255706739, 0.65418499632, 0.315787245063, 0.0468161339559, -0.473704232415, 0.879438769781,  
164, 6, 8320883.201229875, 125.70723449741223, 227.32042570112606, 119.55164198646503, 73.09485528916882, 0.716767127479, -0.693496754559, 0.0728500952761, -0.324306646667, -0.239044046967, 0.915250316874, -0.617308742765, -0.679647110658, -0.396244521831,  
165, 6, 4148498.27029278, 99.67833338826105, 250.56298049810655, 69.99965054465856, 56.46632529233676, 0.815543199899, -0.57781601515, 0.0319051991741, -0.350208399122, -0.448898773304, 0.822097298688, -0.460698780422, -0.681629330327, -0.568452363664,  
