# Void_ID, Void_Volume, r = (a*b*c)**(1/3.0), a, b, c, vector_a, vector_b, vector_c 

0, 12, 1071.803867903736, 6.348564996196081, 8.565879928700658, 6.905000494498928, 4.326044816033204, 0.250776003679, -0.332234955175, 0.909247672825, 0.0790085028488, 0.94315256097, 0.322832624145, 0.964815553594, 0.00912037799177, -0.262769416502,  
1, 5, 305.23930502881205, 4.1768667012058565, 5.177731266961403, 4.537846815925412, 3.1014337556849467, 0.711423146221, -0.697882866981, 0.0826838012906, -0.112796065567, 0.00273696783457, 0.993614390294, 0.693652762276, 0.716206683145, 0.0767712993544,  
2, 8, 1429.7608088347054, 6.988622676237887, 9.97781418102911, 7.726194386706503, 4.427654625795817, -0.696912902423, 0.697372259442, 0.167285200175, 0.691623369142, 0.715248149163, -0.100385259751, 0.189656325215, -0.0457385710189, 0.980784615207,  
3, 7, 333.57492552544863, 4.302308971455104, 6.077743293608694, 5.029542170478157, 2.6051574832964493, 0.300096907954, 0.746911681285, 0.593350475012, 0.367296497468, 0.483585295956, -0.794505219921, -0.880360794666, 0.456364111094, -0.129215592405,  
4, 7, 469.3647398448124, 4.821038694340717, 6.287114321871059, 4.423326533877722, 4.029224755981055, -0.958209071501, -0.204688407987, -0.199845017273, 0.0769975703839, -0.857349563379, 0.508943120917, -0.275511795479, 0.472286334557, 0.837280639178,  
5, 8, 389.8220033654744, 4.531680120847916, 5.318450495781619, 4.546915144309338, 3.8483606849777683, 0.616304891142, -0.257535752704, 0.744206703298, 0.366696256884, 0.930162449929, 0.0182118622941, -0.696923336058, 0.261673752639, 0.667701063979,  
6, 22, 3676.744725347012, 9.57469517094415, 12.307061674597835, 8.999776418931345, 7.92480840681066, -0.198240274851, 0.961741032586, 0.189089871931, 0.197543711881, -0.149756336781, 0.968787655521, 0.96004024672, 0.229406246283, -0.160298156081,  
7, 7, 320.70624530300495, 4.246256936542254, 6.703289865213682, 4.210361957615809, 2.712760013974733, -0.490292307866, 0.626645940051, 0.605746084317, -0.0238528934417, -0.704402588861, 0.709399769016, 0.871231595112, 0.333364453149, 0.360310489794,  
8, 19, 2517.975263952448, 8.439582249308682, 9.513956880253724, 8.177837518290886, 7.72615103679023, -0.522797758747, 0.619945063732, -0.58510735887, -0.112232188374, 0.630346642029, 0.768158217281, 0.845036353858, 0.467259273677, -0.259966020512,  
10, 7, 945.679033835367, 6.089080520656192, 9.302841033617833, 5.146100336951981, 4.7158643230747535, 0.584116441739, -0.758487111848, 0.288972807807, -0.560007045239, -0.118890330732, 0.819912921316, -0.587537310963, -0.640751426389, -0.494203923302,  
11, 7, 593.2485109821854, 5.2125393818089085, 7.406109728093096, 6.969266696146831, 2.743916057042181, 0.379589132124, -0.132915665378, 0.91555748955, -0.624133116819, 0.693711851491, 0.359474226601, -0.682912837237, -0.707882259276, 0.180368411145,  
12, 8, 765.4798792746493, 5.6747716462383755, 7.413401239703001, 6.283284476857306, 3.9232044503849117, 0.807372720705, 0.492027698088, 0.325665525003, -0.281217391457, -0.164338446349, 0.945467954927, -0.518715787887, 0.854927844538, -0.00568436723573,  
13, 8, 1084.2232826932466, 6.37299199941565, 8.64220115952082, 7.079184774455163, 4.230800050483393, -0.0803325687836, 0.818241964973, 0.569233489133, 0.847623926066, -0.244413877894, 0.470951734526, 0.524481037172, 0.520328687515, -0.673927072164,  
14, 5, 67.34961484902416, 2.523958263357783, 5.398388749720399, 2.716173647148037, 1.0965408619566182, -0.969820566873, 0.00809270772418, -0.24368540406, -0.0977220083443, 0.902760986291, 0.418894987696, 0.223379670416, 0.430066401516, -0.874725335824,  
15, 7, 1103.6417755455884, 6.410813960166742, 10.7495811461392, 6.748807940319819, 3.6317915217399177, -0.116820643298, 0.810493262581, -0.573980494974, 0.220089410946, 0.584694746822, 0.780828216849, 0.968459389179, -0.0351101744355, -0.246685401194,  
16, 7, 620.5526404562148, 5.291311625311237, 7.374854978673741, 5.601143986725873, 3.5864088443818125, 0.587815972972, 0.772924650304, -0.238872072188, 0.482532664887, -0.0979795527684, 0.870380511361, 0.649333973573, -0.626887144702, -0.43055533741,  
17, 12, 1300.4508050323407, 6.77124362186568, 9.509074830738701, 7.052930389351853, 4.629109521453968, -0.00253149388494, -0.990895576721, 0.134608868854, -0.950895516262, -0.0392766566947, -0.307009871814, 0.30950171032, -0.128776163455, -0.942138732372,  
18, 5, 468.449459307891, 4.817902913945384, 6.815119578297553, 4.526888297400197, 3.6249404302931896, 0.247246647217, -0.264243548163, -0.932225532097, 0.526415178016, -0.771095848437, 0.358187454942, -0.813483961608, -0.57929831674, -0.0515490487635,  
19, 10, 1217.1934950058633, 6.623542660009992, 7.738647299858843, 7.563542151370896, 4.964559594798582, -0.390226249285, -0.910844276914, 0.134484860048, 0.508068551436, -0.0912109393242, 0.856473532334, -0.767847524845, 0.402545982169, 0.498364235102,  
20, 6, 157.67729553586548, 3.351404519749914, 5.791685507015385, 3.3208036634287295, 1.9571872697165882, -0.997492282622, 0.0145091889183, -0.0692721412006, 0.0088431988074, 0.996641474588, 0.0814098824844, 0.0702206803188, 0.0805931421909, -0.994270487085,  
21, 5, 76.67862008526983, 2.6354931582657057, 5.547578386662678, 2.0058553998240485, 1.6450632857180425, 0.121482266069, 0.981136944878, -0.15037404838, 0.867847264481, -0.178516611603, -0.463651749609, 0.481750126688, 0.0741762413259, 0.873163616202,  
22, 10, 1288.374431996247, 6.7502184774872, 7.90451132609694, 6.861806269192952, 5.670743580808904, -0.248615877257, -0.230750145638, 0.940714896163, 0.779099815801, -0.624683092115, 0.0526736314003, 0.575494242017, 0.746006303401, 0.335083530916,  
23, 8, 1072.6214264313815, 6.350178787817476, 7.227324820827269, 6.749939353151292, 5.249046427951959, -0.713877060366, 0.499454378122, 0.490840979196, -0.643397012356, -0.74450765955, -0.178181450669, -0.276441362996, 0.443005269772, -0.852834394112,  
24, 6, 317.66642149855244, 4.23279823221851, 8.6208178306744, 6.341634255326309, 1.3871807146245754, -0.950615602182, 0.300923157545, -0.0759949349714, 0.0654682854245, 0.433758086206, 0.898647776526, 0.303387343988, 0.849293339138, -0.432038127489,  
25, 8, 989.6453499477818, 6.182018869844343, 10.565830112094057, 5.763057351097335, 3.8800240201746847, -0.852975585451, 0.400782560169, 0.334374027234, -0.0453258220117, -0.695079955376, 0.717502212884, 0.519979057736, 0.596856092453, 0.61105203086,  
26, 7, 242.15483735097533, 3.866649857900141, 6.9448891187944515, 3.6217150837380663, 2.2983964471290537, -0.921847283104, 0.243964162003, 0.301129663588, 0.32426054754, 0.911080431036, 0.254533977089, 0.212256175277, -0.332285924833, 0.918984972791,  
27, 8, 798.321312218636, 5.754792974269023, 8.526830845543575, 5.508465445058888, 4.057614998416136, 0.1794062242, 0.416234488353, 0.891382217359, -0.520968188743, -0.728408284944, 0.444987097277, 0.834509168935, -0.544215234195, 0.0861639474121,  
28, 7, 499.89393508862673, 4.923376928280912, 5.682430961964241, 4.668004874370954, 4.49908076618206, -0.255532764969, -0.669610910841, 0.697369510454, -0.966503411494, 0.194806420329, -0.16709761868, 0.0239616693346, 0.716708927447, 0.696960652922,  
29, 7, 786.5910679588928, 5.72646750184834, 7.31516040800434, 6.251747218951322, 4.106153095881735, -0.255362409742, 0.321206437905, 0.911930076233, 0.960666085488, -0.0221727516467, 0.276819510291, -0.109136207943, -0.946749593785, 0.302910044045,  
30, 9, 871.1097738572727, 5.92463262491057, 7.041853361691283, 5.515229220407343, 5.354682600570323, 0.778423719146, 0.600219840527, 0.183827790359, 0.520313057787, -0.453097221831, -0.723862714515, 0.351184901962, -0.659119906092, 0.665003845122,  
32, 9, 519.4824539453166, 4.986862854543536, 7.0650877447540035, 5.054458588262293, 3.4728823533641235, -0.57167846966, -0.777279667368, 0.262716664916, 0.0869047904191, 0.261034422612, 0.961409687706, -0.8158622952, 0.572448555688, -0.0816784326575,  
33, 7, 512.080401180747, 4.963063689181607, 6.388336289075393, 5.1445905815348505, 3.7197260570415875, 0.784131639866, 0.00470327956536, -0.620576708008, 0.323321017561, -0.856636801415, 0.402040930832, -0.529717935287, -0.515898507094, -0.673236688999,  
34, 11, 1086.0941004380086, 6.376655407057354, 8.262699635346694, 7.057331479760558, 4.446480204453828, -0.753710650135, 0.643970338679, -0.131234365829, 0.649768949701, 0.700216802393, -0.295798481489, 0.0985929403003, 0.308218481841, 0.946192791969,  
35, 7, 665.0981495040705, 5.415007262141159, 8.04244594740548, 4.930998515550003, 4.003815971635646, 0.852841037065, 0.497767914482, -0.157763331639, 0.400016799045, -0.816997432322, -0.41533330719, 0.335631830998, -0.291105305503, 0.895884465279,  
37, 7, 338.18941158549154, 4.322056755831436, 6.608210833671822, 4.2882464868695855, 2.8491004786495218, -0.767696298769, -0.075546224032, 0.636345158613, -0.113798850681, 0.993315097856, -0.0193633146863, -0.630628428189, -0.0872804927035, -0.771161397603,  
38, 12, 1143.1468213098854, 6.486411065823507, 7.7500029152631935, 6.220808271611839, 5.660629384979198, -0.658098606632, -0.751015979013, -0.0536770268888, -0.165355921517, 0.0746110657939, 0.983407651018, -0.734549959613, 0.656055019132, -0.173286377722,  
39, 7, 356.0916987082712, 4.39701297033054, 7.379347699714451, 5.0833370098071695, 2.266242413010488, 0.144017827941, -0.092455375802, 0.985246602999, 0.879056036578, -0.445269986119, -0.17027954668, 0.454444000721, 0.890610264339, 0.0171466399647,  
40, 9, 817.7854714691624, 5.801187829048607, 8.807917760753151, 5.087280639779979, 4.357042882264362, 0.42468466574, -0.0469480484337, 0.904123230226, -0.415506572843, 0.877159256094, 0.240719603217, -0.804361375633, -0.477899069048, 0.353008862768,  
41, 7, 421.67686369654524, 4.651900188705038, 5.9652702665101565, 4.2464614924239665, 3.9740547743545265, -0.363374975025, -0.456961704357, -0.811877224879, -0.900545074778, -0.050993376664, 0.431761790608, 0.238698964845, -0.888023466068, 0.392984895249,  
42, 6, 179.8274963603753, 3.501513696938737, 5.990757678280192, 4.2756229876789495, 1.6760475369260848, -0.164934328171, -0.9523677903, 0.256500018304, 0.145359440727, 0.233750587028, 0.961369489871, 0.975534366582, -0.195847530143, -0.0998821533337,  
43, 10, 1388.7778944969032, 6.921199938854065, 8.60279241505863, 7.454204038910122, 5.170153842033601, -0.51543545675, -0.775638287193, 0.364295947499, -0.0170255139459, 0.434303639198, 0.900605618933, 0.85675925545, -0.458001742812, 0.237061135114,  
44, 6, 247.3287595709781, 3.8939945261774835, 6.664511533573455, 3.4382084531559163, 2.57682830581709, -0.737540382911, -0.0248453146425, -0.674845829739, 0.661032279936, -0.230918111953, -0.713941979753, 0.13809601174, 0.972655918561, -0.186734987695,  
45, 11, 1213.2364980866373, 6.616357335494115, 7.803642802748985, 7.077531482064102, 5.2441809130218235, 0.604366857372, -0.492414125579, 0.626313843564, -0.616622943813, -0.78690314743, -0.0236554798741, -0.504496627217, 0.371902897938, 0.779212029958,  
46, 6, 123.36644342756347, 3.0881814627744224, 5.074821972243012, 3.316677855875759, 1.7497835626209874, 0.32625670408, 0.941108207968, -0.0887237506975, -0.589541152379, 0.275946558082, 0.759140781894, 0.738916634469, -0.195368467204, 0.644851431981,  
47, 7, 428.25361939362733, 4.6759602535896585, 5.997570787089371, 4.476577574834014, 3.807947354036427, 0.701213598079, 0.690260034766, -0.17843927335, -0.40617847258, 0.592469631473, 0.695700211438, 0.585933902656, -0.415356256949, 0.695816528642,  
48, 6, 190.11451047490232, 3.5670474412922517, 5.667179578757556, 2.9270626194504636, 2.736072923207998, -0.374183372014, 0.092077548323, -0.922772197892, 0.888113920566, -0.250814686492, -0.385156665705, 0.266909101016, 0.963646054387, -0.012075332705,  
49, 10, 2397.123960095163, 8.302342161767198, 11.205338321342905, 9.00840743619176, 5.6692928267124065, 0.255949822874, 0.966559679564, -0.0158768388462, -0.357013594835, 0.109776293255, 0.927626249382, -0.898349030875, 0.231757526911, -0.373172168638,  
50, 7, 824.0929995351918, 5.816064379714552, 7.633191502468704, 6.6857586567778045, 3.8550566301243254, -0.497359227028, 0.00822305110726, 0.86750572374, 0.825082305172, 0.313492748459, 0.470065406467, -0.268091381778, 0.949554989505, -0.162703205015,  
51, 5, 74.6367509608125, 2.611888934535183, 4.88087423302875, 3.092027828048652, 1.180655257350461, 0.820294141309, 0.560696269281, 0.112859272322, 0.448275857652, -0.507740004298, -0.735696162476, 0.355198926211, -0.654079338956, 0.667842751828,  
52, 10, 1737.6413977037535, 7.458025234260498, 10.455178806559562, 7.114357808285191, 5.577047931994664, -0.978651558026, 0.0713805347606, -0.192732839005, 0.0517202718109, 0.993106929957, 0.105183835044, 0.19891239644, 0.0929701292251, -0.975597464949,  
53, 5, 383.3678855079095, 4.5065311090636175, 8.503844631727691, 4.797067920051622, 2.243550945684355, -0.0356022181608, 0.98833854778, 0.14805200787, 0.632735530668, -0.0923784974403, 0.768838059308, 0.773549113045, 0.121050106084, -0.62206803609,  
55, 14, 1819.3084795681032, 7.573080584448269, 10.271018233129759, 7.702634704203642, 5.489906301147597, 0.84135264366, -0.214372913712, 0.496155200389, -0.266863070007, 0.6335143835, 0.726253143033, -0.470010458259, -0.743440501833, 0.475800787475,  
56, 6, 150.08849523726857, 3.2967518966907874, 6.824413175267207, 3.2530782737540043, 1.6139830454737687, -0.8510917846, -0.520186724315, -0.071053121201, -0.520361384735, 0.853766959528, -0.0174930870515, -0.0697624789043, -0.0220850778611, 0.997319129403,  
57, 7, 428.5814747818135, 4.677153197558747, 7.6265560479875925, 4.656064061266834, 2.881359001694856, 0.537428237741, 0.679606471647, -0.499305450575, 0.632547433171, 0.0667104846596, 0.771643347684, -0.557722721491, 0.73053730564, 0.394031230997,  
58, 8, 987.7122985367671, 6.177991181403052, 8.444608740252702, 5.880019790917158, 4.748796201562645, -0.213909642038, 0.343458947808, 0.914482704163, 0.942058896526, -0.175096945209, 0.28612251791, -0.25839446689, -0.922700932561, 0.286103632502,  
59, 8, 262.2728841357719, 3.970893697073121, 5.25536373906873, 3.8285336208056613, 3.111927978957338, -0.812747619653, 0.0578072891947, 0.579740997399, 0.57904778892, 0.190105878689, 0.792819912108, 0.0643814017838, -0.980060239069, 0.187981283378,  
60, 8, 674.4044035017861, 5.440146510732694, 6.55094755743501, 6.304921468863204, 3.8980551897715676, 0.51007090861, -0.848268928237, 0.142363947602, -0.724946710555, -0.334898497003, 0.601909680568, -0.462903807552, -0.410222893184, -0.78577174985,  
61, 7, 642.8989545341326, 5.354078117890636, 6.872871621536432, 5.789922347015375, 3.856942277422755, 0.24777654502, -0.202145216826, 0.947493585758, 0.729235385519, -0.604951241281, -0.31976514535, 0.63782641545, 0.770176153219, -0.00248128334674,  
62, 8, 910.0264118048656, 6.011577669986359, 8.1209850987543, 6.361632407168627, 4.205214017730818, -0.741429524942, 0.262756343503, -0.617447458083, 0.65363224219, 0.0746222817675, -0.753124429981, 0.151812883231, 0.961972254804, 0.227073180874,  
63, 10, 710.8325628410628, 5.536384384322656, 6.518712483652879, 5.5382583584636675, 4.7004957799920195, 0.0578305251258, -0.648347472993, 0.759145035304, 0.21582981375, -0.734314967559, -0.64358295496, 0.974716944482, 0.201064871826, 0.0974668941597,  
64, 9, 513.1271711468466, 4.966443139033876, 6.2160185502529295, 5.7720089649834545, 3.4142640398108552, 0.933315541754, -0.0632371352836, -0.353444711717, 0.333466121913, 0.517628888214, 0.787947129967, -0.133125673917, 0.853265139806, -0.504198528495,  
65, 10, 1224.5050818559762, 6.636778561823744, 7.643501131955726, 7.34413130096522, 5.207619152578667, -0.58980914482, -0.507526993168, -0.628125404591, 0.126715607034, -0.826353656273, 0.548710114449, 0.797538919189, -0.244040951421, -0.55170253435,  
66, 7, 356.29190221411056, 4.397836852204821, 6.7959219038938175, 5.361544087906379, 2.3344204631308996, -0.0342430024864, 0.881942702088, 0.470111143257, 0.993623125115, -0.020518779992, 0.110869585121, 0.107426728601, 0.470909810793, -0.875616039187,  
67, 9, 1085.7401193119665, 6.37596256932205, 8.649582106513844, 6.881190813388099, 4.354903641173637, -0.3333091188, -0.687321533885, -0.645363572247, -0.942244072077, 0.266709256224, 0.20258894659, -0.0328806928294, -0.675614743551, 0.736521268081,  
68, 8, 499.97938924052573, 4.923657453807892, 7.329754112497973, 4.6983200631340685, 3.466023378384615, -0.82374154905, 0.555634511971, 0.112783640109, 0.0363412529299, -0.1467711743, 0.988502673608, 0.565799587933, 0.818369422389, 0.100709060138,  
69, 6, 319.61070956630704, 4.241416335136527, 9.762455970860653, 5.318927178697312, 1.469432297913919, -0.458624302516, -0.520066815118, -0.720551356223, -0.883100993889, 0.357051801411, 0.304379115086, -0.0989766827773, -0.775915278185, 0.623024154704,  
70, 7, 679.240221901742, 5.453118416154996, 7.987099127014877, 5.707180287958379, 3.5573297095987537, 0.106057216221, 0.310558065697, 0.944619264422, 0.574999470073, -0.794194833282, 0.196545608457, 0.811250563206, 0.522310496371, -0.262800816358,  
71, 17, 2613.314049181342, 8.544782212103557, 11.615846493803264, 8.700113892903163, 6.173439435418347, 0.687553425658, -0.725394387467, 0.032760792077, -0.570276710891, -0.511498354681, 0.642770492613, 0.449505016526, 0.46062177086, 0.765357971362,  
72, 5, 196.15235647495678, 3.604416536764757, 6.344024762899111, 4.4846167990440895, 1.6459426982920131, -0.158887764107, 0.750225403205, 0.641807231809, 0.37071003117, -0.55716661075, 0.743060859321, 0.915056692892, 0.355987657442, -0.18958912559,  
73, 8, 628.2571115624324, 5.313119712606918, 7.742769500850758, 5.168886412504102, 3.747619454342447, -0.324609882544, -0.938149874005, 0.120429390345, 0.160343616352, 0.0709001950898, 0.984511598221, -0.932157899098, 0.338892278224, 0.127411439477,  
75, 5, 9.609502781903586, 1.3188764165806082, 4.960209143390253, 3.1226858865382243, 0.14810987607827536, -0.390572144715, -0.76977153245, 0.504881359928, -0.887805363915, 0.459989749842, 0.0145281053244, 0.243423572352, 0.44256210623, 0.863066478641,  
76, 5, 115.73166602071005, 3.0231140516967736, 5.127557011401226, 3.509191150732833, 1.5354867473428462, -0.0764058045284, 0.176002762483, 0.981419981778, -0.602340988869, -0.792537353309, 0.0952359004646, 0.794573776412, -0.583872906725, 0.166568132096,  
77, 6, 498.77562350633724, 4.919702828710903, 7.180219883436833, 5.88073395370639, 2.819988482803329, -0.00702503626688, 0.105797150903, 0.994362917514, -0.916546289568, -0.398313690871, 0.035904076979, 0.399866912791, -0.911127415088, 0.0997661542313,  
78, 6, 796.1928787123676, 5.749674068002491, 7.59992670142931, 5.62756220073405, 4.4442652566026455, 0.439009013912, 0.781043140955, -0.444120138781, 0.832003273401, -0.166791177535, 0.529104201595, -0.339177886592, 0.601790923048, 0.723053280321,  
79, 5, 159.7579689963272, 3.366081604697153, 5.901493150719494, 4.050828664924104, 1.5953946798123542, -0.355028941994, -0.341788544793, 0.870135070547, -0.923652460705, -0.0154176133661, -0.382920917463, -0.144293389244, 0.939650407251, 0.310220131477,  
80, 5, 305.0100127992016, 4.175820567922656, 9.15995161915269, 3.876138847857334, 2.0508456778172985, -0.771771900409, -0.492473349441, -0.402291105829, -0.627866233548, 0.690389525605, 0.359369302675, -0.100757761534, -0.529936131081, 0.842030623235,  
81, 5, 455.27659476252137, 4.772312836841657, 7.8838676749131285, 5.444947938837386, 2.5319414406872696, 0.44130562121, 0.696920835819, 0.56528815421, 0.76252877504, 0.0408614442653, -0.645662612831, 0.473074218199, -0.715983024222, 0.513389806192,  
82, 5, 87.72904265463346, 2.7564593586757673, 4.693102940346582, 3.1279723615389736, 1.4266971494193115, -0.471011573965, -0.0781354864565, 0.878659742419, 0.854540526565, -0.287568295905, 0.432510073465, -0.21888029982, -0.954567609416, -0.202217935416,  
83, 7, 562.9395457730371, 5.122213970909977, 6.673491865218382, 5.547173756407096, 3.6303478836484233, -0.522133723397, -0.788727706501, 0.32447647047, -0.0391833549911, 0.402238119435, 0.914696211846, 0.851963050597, -0.46487966214, 0.240927084708,  
84, 8, 626.4573737228442, 5.308041447785752, 6.129211042662469, 5.468682568677236, 4.461856775856371, 0.618416552403, -0.0820382823985, -0.781556580124, 0.703877042947, 0.500077634738, 0.504459579795, -0.349453968537, 0.862085888677, -0.367001150432,  
85, 9, 638.7395395612426, 5.342506557082908, 6.314332917071345, 5.276809398820356, 4.5765299428736235, 0.296267749654, -0.95400430734, 0.0458388709716, -0.701913122825, -0.250025979076, -0.666937011864, -0.647721690637, -0.165417022595, 0.743702776729,  
86, 5, 178.39907517910717, 3.492217865605435, 7.511224970573425, 2.9931399165659203, 1.8943760777368714, -0.753670487605, -0.60716284656, -0.251662619137, -0.649047169721, 0.627226240356, 0.430493919684, 0.103530515263, -0.487791473035, 0.866799233528,  
87, 12, 2048.806471133381, 7.8789941125187255, 10.823772655385463, 7.370538809722964, 6.131043943258424, -0.945973417191, -0.246895729887, 0.210182759834, -0.132651670068, 0.886181211599, 0.443944134589, -0.295867923905, 0.392078255928, -0.871054999889,  
88, 9, 724.1048375285134, 5.570629566260278, 7.746147372342482, 5.283200959008793, 4.224058788487991, 0.298680758905, -0.87442809121, -0.382315730206, 0.468288799443, -0.214774020947, 0.857075096034, -0.831562026896, -0.435026014429, 0.345336013463,  
89, 11, 1869.7986981858462, 7.64249942267403, 9.564096028033354, 8.097587799126929, 5.763770105826857, -0.399799676731, 0.555276255584, 0.729265725556, 0.598852566682, 0.760572321228, -0.250809384912, -0.693927821797, 0.336449140533, -0.636605179032,  
90, 5, 154.69520984935906, 3.3301419972167965, 5.428454640333531, 3.4881367879497343, 1.950376860790505, -0.897101164785, 0.376903880199, 0.230549268555, -0.0538653884716, -0.611218422519, 0.789626848517, 0.438529383355, 0.695956539638, 0.568626832703,  
91, 8, 636.2866186218482, 5.335658926476988, 8.303963512870393, 4.571702980217477, 4.001296567116096, -0.174497602549, 0.90420321956, -0.389829609499, 0.979757991087, 0.198888294933, 0.0227535720013, -0.0981063994079, 0.377968231306, 0.920605860572,  
92, 5, 234.23297217340692, 3.8240169324280506, 5.075684541067253, 3.933381600658038, 2.800907171400407, 0.141249061138, -0.963190802882, -0.228718560618, 0.141355419378, -0.209044704847, 0.967635756257, 0.979830264964, 0.16900825015, -0.106624871587,  
93, 7, 427.65024122098447, 4.673763192238201, 7.842389040438113, 4.179298969957028, 3.11492998531733, -0.987864255681, -0.0656749449187, -0.140751603748, -0.0267462810733, -0.820739022346, 0.570676873237, -0.15299950587, 0.56751586657, 0.809022182882,  
94, 20, 3460.4880547168646, 9.383169934411749, 12.019541357133713, 9.292718426505985, 7.396360506317842, 0.948410695221, 0.11415702493, -0.295779185963, 0.245090590276, 0.327810743627, 0.912398333471, 0.2011162742, -0.937821033045, 0.28292040264,  
95, 5, 278.3707468010209, 4.050528215377948, 8.458032676397483, 5.19500430506201, 1.5124454328745516, -0.728721680857, 0.0865229287668, 0.679322084616, 0.680833812294, -0.0152059443749, 0.73228006889, -0.0736887500692, -0.996133807304, 0.0478268340992,  
96, 7, 395.8903818457437, 4.555074108899229, 8.10098964943217, 3.981156832457643, 2.9304814574276223, -0.928832825089, -0.131649695587, -0.346320575031, -0.321527167839, 0.750868223748, 0.576903103568, -0.184091997053, -0.647198013144, 0.739760007302,  
97, 6, 760.5590115719812, 5.662585454783217, 8.110989297751404, 5.313573832231365, 4.21292530662429, 0.610458316901, -0.778404577601, 0.146379496162, 0.366846838879, 0.441664071316, 0.818752859484, -0.701971537978, -0.446115637114, 0.555172764273,  
98, 9, 946.3958473676355, 6.090618615795023, 8.113217340934526, 6.169592750421572, 4.5137199371988705, 0.252552114432, 0.962582369231, -0.0982477070524, 0.927905843079, -0.212164823031, 0.30655641283, -0.274241090785, 0.168586091696, 0.94676847952,  
101, 11, 966.2880341470585, 6.132995755005136, 7.558381675532306, 6.2615019121008295, 4.874282050306245, -0.171062373966, 0.728582038277, 0.663254006933, -0.716897968405, -0.553826265491, 0.423478181904, 0.675866086669, -0.403044266988, 0.617057818797,  
102, 7, 196.7906742180257, 3.608322126383766, 5.263962689834124, 4.046173277882951, 2.2057618669248775, -0.516954036754, 0.401434337939, -0.756048276373, 0.845251483734, 0.0997726713081, -0.524971754769, 0.135308732641, 0.910437195189, 0.390890854955,  
103, 7, 714.5511113843661, 5.546021683806652, 9.070012879629136, 6.343118189836983, 2.965063388806818, 0.932477404124, -0.194845265997, 0.304172998666, -0.213348843899, 0.382426012566, 0.899017583654, -0.291492987233, -0.903208540278, 0.315033603227,  
104, 6, 396.53096828598353, 4.5575296255747535, 7.290779778140127, 4.438886255163311, 2.925098562076017, 0.743003030889, -0.668134516504, -0.0392780338928, -0.260164722973, -0.342392317965, 0.902818817659, -0.616652911297, -0.660578359057, -0.428223561396,  
105, 7, 892.762379987366, 5.973319671720614, 7.211433522826906, 5.704648063727493, 5.1807998068881185, 0.557843858422, 0.163311398985, -0.813719617916, 0.689275261743, 0.454955453482, 0.563839648213, -0.462287619529, 0.875411287515, -0.1412275983,  
106, 6, 109.36340092172934, 2.966614619752606, 3.6551637937213126, 3.5944351437353, 1.9872197874342117, -0.194770937558, 0.190216206986, 0.96222766354, -0.976846545118, -0.126149030375, -0.172792503968, 0.0885161520553, -0.973603726747, 0.210382209538,  
107, 7, 445.7778836586913, 4.738890091239122, 8.652764805237833, 3.8939645175232114, 3.1585155532889675, -0.61136528419, 0.0643124073579, -0.788730881573, 0.770838255773, -0.177049966378, -0.611932751895, 0.17899964448, 0.982098377794, -0.0586677390985,  
108, 11, 654.2617500217333, 5.385437298874443, 8.531430449560272, 5.252552720420776, 3.4855446212454257, -0.655146109728, 0.460795580556, -0.598707781684, 0.75403312816, 0.349414023783, -0.556186912486, 0.0470915761685, 0.815829193473, 0.576372371415,  
109, 9, 700.2995515688203, 5.508902419115024, 7.800218961055049, 6.047842823067676, 3.5439529634719693, -0.0665700185874, 0.3609267227, 0.930215208146, -0.137734547429, -0.926682137156, 0.34969902934, 0.98822954169, -0.104843299823, 0.111401325901,  
110, 8, 581.1012534681529, 5.176716729349622, 7.177616831911856, 5.484301441006818, 3.5242086686035754, -0.593157307229, 0.520493523053, -0.614207539307, 0.0569469763058, 0.788122812397, 0.612878025768, 0.803070016107, 0.328555817237, -0.497121337492,  
111, 7, 727.514342556617, 5.579359129583596, 8.473139567777666, 5.088246772079436, 4.028472696384978, -0.963456325562, -0.152613278266, -0.220138810825, -0.256040435916, 0.766171417476, 0.589427395206, -0.0787096176486, -0.624251989456, 0.777247868926,  
112, 9, 1087.4817231973748, 6.379369912957129, 8.276897681479694, 6.33289799317988, 4.952942408849415, -0.266563578342, 0.874194429678, -0.405866921319, 0.954476292364, 0.29791895149, 0.0148089721959, -0.133861368647, 0.383442821634, 0.91381219981,  
113, 6, 327.5806667517612, 4.276382573228553, 8.056760463196078, 5.566111077284821, 1.743882954097548, 0.758281299978, -0.633756871418, -0.152845340244, -0.332822986822, -0.577925627614, 0.745138127054, -0.560569647365, -0.514153864984, -0.649159051062,  
114, 11, 1521.7469105365644, 7.135393687054567, 9.996836593978731, 8.35766684657477, 4.348166550958932, -0.46839490211, -0.466245033107, 0.75048103559, 0.821910025241, 0.0816936175865, 0.563728714237, -0.32414522376, 0.880875542826, 0.344946592917,  
115, 7, 749.2365827320358, 5.634345246650265, 9.52044824584852, 5.326011927684479, 3.5275309579697174, -0.374613092046, 0.505058062731, 0.77754831653, 0.911985536981, 0.0495104783357, 0.407223639875, -0.167174793573, -0.861664125867, 0.479152921924,  
116, 10, 975.9002536233546, 6.1532648317580305, 7.235100207913233, 6.342512320923251, 5.07704428308749, 0.848834591721, 0.51506429798, 0.119115930273, -0.225299773894, 0.148616294487, 0.96288795241, -0.47824663907, 0.844169394115, -0.242194521529,  
118, 12, 1679.0606235634286, 7.37325503168485, 8.709505537276582, 7.694307085740393, 5.9815639834528636, 0.218825396382, 0.968864496104, 0.115831921711, -0.537779248546, 0.0206973771063, 0.842831595525, 0.814192192134, -0.246724961789, 0.525564332407,  
119, 9, 538.5576189940149, 5.047169093411091, 6.385674956489329, 5.188652625940998, 3.8804506127456193, 0.546228571113, -0.823096635144, -0.155390724672, -0.619224284618, -0.271863063913, -0.736649007207, -0.564088320601, -0.49860044494, 0.658180798008,  
120, 9, 1272.6161055861119, 6.722584481268321, 7.391797886563758, 6.50049948374331, 6.322837119174611, 0.835330737382, -0.523943799279, -0.166449555065, -0.319060134702, -0.708613893016, 0.629338526604, -0.447686485867, -0.472598398031, -0.759096544947,  
121, 6, 73.12501939889509, 2.5941343336403015, 5.1530861020691745, 2.4725759002429806, 1.3701255149525686, 0.567057357998, -0.721620211725, -0.397127464134, -0.433633631818, -0.671457745595, 0.600921267087, -0.700291243767, -0.168549001512, -0.693673848428,  
122, 6, 135.80565023292527, 3.188671229869827, 4.1923860574823335, 2.9550030791874424, 2.617037972683352, 0.526605162385, 0.353601243322, -0.773080308681, -0.500332539392, 0.864120961856, 0.0544271376039, 0.687280403456, 0.35813562236, 0.631968767442,  
123, 9, 448.42068363167215, 4.748236502545065, 5.89786325895668, 4.81381616211617, 3.770620524208319, -0.175376493655, 0.746355404719, 0.64202546314, -0.917281432206, -0.360712793704, 0.168763309368, 0.357544206503, -0.559320918887, 0.747878499551,  
124, 7, 1142.3203754274982, 6.48484755710066, 8.237237369062555, 6.519917433079039, 5.077800535055017, -0.835930284658, 0.0562060711948, 0.54595003137, 0.548454266534, 0.0484709055244, 0.834774513769, -0.020456703361, -0.997241920939, 0.0713447574045,  
125, 6, 244.24260610213852, 3.877730345998998, 5.043921379932554, 4.111054251768092, 2.811973991026537, 0.573961159174, -0.520397299182, 0.632262001677, 0.444332406138, 0.846472628762, 0.293347578159, -0.687849766021, 0.112564380514, 0.717071795307,  
126, 12, 2216.200677743672, 8.087981664147055, 9.37676640975189, 8.79054041038413, 6.41876982260233, 0.611792061838, 0.215974784688, -0.760963445542, 0.184892922821, -0.974399984556, -0.127903390054, 0.769106676712, 0.062446476889, 0.636062384803,  
127, 14, 1757.5108785107261, 7.486344430503988, 9.889808643600823, 6.893504637912158, 6.154339524501367, -0.034423631409, -0.652815587239, -0.756734314445, -0.0503343362763, -0.755089677273, 0.653686495093, -0.99813900244, 0.0605919824192, -0.00686611056324,  
128, 7, 539.6645647038649, 5.0506246931847265, 7.086374659373648, 4.81766603890555, 3.7737618685034096, 0.628911167421, 0.319831986497, -0.708645358347, 0.297749333833, 0.742898523624, 0.599539087799, 0.718203367923, -0.588055510994, 0.37198741685,  
129, 9, 871.5921360522411, 5.925725977916818, 8.38451694665688, 6.223209948263411, 3.9877892131462804, -0.960452413287, -0.069675121309, 0.26958586625, -0.245570264513, -0.244411556567, -0.938060891522, -0.131249407611, 0.967165119557, -0.21763553137,  
130, 7, 920.5618142643812, 6.0346874542172895, 7.108220100492892, 6.246632535665538, 4.9494566050340065, -0.0839908530692, 0.430832722946, 0.898514719657, 0.195538705287, -0.877043482619, 0.4388158433, 0.977092703552, 0.212550921982, -0.0105808425561,  
131, 7, 338.69453372407213, 4.324207503752323, 7.489866204931847, 3.7915347018963397, 2.847282004273713, 0.142915165374, -0.680941203401, 0.718257845774, -0.889773053445, 0.229425145669, 0.394547862621, 0.433450307267, 0.69547334963, 0.573094801133,  
132, 9, 1127.4041109517002, 6.456497714025442, 8.396886032037976, 6.885636143007331, 4.655096373241451, -0.658122833591, 0.0254502982262, 0.752480310856, 0.299528587059, -0.908085737556, 0.292682282998, -0.690765489468, -0.418010257729, -0.590008866876,  
133, 7, 656.9873038133892, 5.392905239434506, 8.461220854627406, 4.606462894970292, 4.024090685260346, -0.812881593458, -0.512195229809, -0.277271638613, -0.269308870841, -0.0915695775302, 0.958690640695, -0.516426419835, 0.853973687553, -0.0635034948951,  
134, 7, 454.43240610209415, 4.769361352649146, 6.335198501317421, 4.983849995154425, 3.4360185117926036, 0.119158454536, -0.536809909813, 0.835246301063, -0.259841442135, -0.828780988499, -0.495585005878, 0.958271197345, -0.157978460014, -0.238241722857,  
135, 12, 2010.8678600755975, 7.8300579180438845, 9.028762150658858, 8.101106114436428, 6.563302032314815, 0.844384869847, -0.374917812862, 0.382688940488, 0.136327480449, 0.84117624307, 0.523294702983, 0.518101350748, 0.389691110617, -0.761388093326,  
136, 7, 1306.2842524386, 6.7813531363827115, 8.267012087173699, 7.67663465919683, 4.913937596803952, -0.501768966827, -0.121414678811, 0.856438193741, 0.794858001934, 0.325845052743, 0.511884516629, -0.341216442585, 0.937594516501, -0.0669915064554,  
137, 15, 1831.4133278429335, 7.589839411290343, 10.742028833034533, 8.914926063805124, 4.565556289482354, -0.575128994935, 0.192873375299, 0.795000943575, 0.805600761956, -0.0354485688961, 0.591397337921, -0.142246446429, -0.980583122465, 0.134991438301,  
138, 7, 530.8601027001976, 5.023007490722396, 6.9356201337119066, 5.028411981976298, 3.6339196990371074, -0.954649027251, 0.212330464943, -0.208712741409, -0.153943037252, 0.248014553885, 0.956446716939, 0.254846573551, 0.945200801268, -0.204080055936,  
139, 10, 916.4515881512218, 6.025692607377306, 8.015565733598939, 5.4502378330426335, 5.008080311523288, -0.883192280507, 0.343699674005, 0.319126823913, 0.403483202648, 0.209903090267, 0.890585199673, -0.239108136275, -0.915320286449, 0.324061834196,  
140, 6, 310.14881583522106, 4.199141466644762, 7.5626252345661396, 3.6066254041411625, 2.714612853577337, -0.23012286336, -0.972368121592, 0.0392899970826, -0.964889276432, 0.2227276748, -0.139215901049, -0.126618134505, 0.0699472586305, 0.989482303543,  
141, 7, 536.2294597958967, 5.039885696694638, 7.410805321083565, 5.2071176142601, 3.3174109104482015, -0.933953993436, -0.355728491708, -0.0344554543163, -0.356363427899, 0.919611473534, 0.165287159215, 0.0271117207312, -0.166649266223, 0.985643432823,  
142, 11, 1373.1564319012912, 6.8951513276486915, 9.625152308206502, 6.2838095487457934, 5.420018661201806, -0.761964551057, -0.0698217691863, -0.643843881295, -0.623575020284, -0.189279097997, 0.758503537987, 0.174826248059, -0.979437769136, -0.100684851793,  
143, 13, 834.9810403595369, 5.84156663361201, 9.467095852373951, 4.861498221135618, 4.331128803925518, 0.590790610828, -0.57519599162, 0.565787968573, 0.515307299162, 0.808594312741, 0.283960604367, -0.620825935015, 0.123793411079, 0.774112620867,  
144, 7, 584.0355912691182, 5.185415579850188, 7.754347066197756, 5.464606839434414, 3.2903837234774707, 0.387469573594, 0.826443406369, -0.408483323537, 0.750666346917, -0.540052004757, -0.380583588407, 0.535133034997, 0.159170123539, 0.829636972794,  
145, 9, 915.7936919629936, 6.024250367458086, 8.262992643114533, 6.959948780375442, 3.801593083333566, 0.89418340936, -0.44484065829, 0.0505254308032, 0.13298020781, 0.371663768251, 0.918793941915, 0.42749537396, 0.814851417193, -0.391490578612,  
146, 6, 381.4335714456237, 4.498938968530196, 8.986913360511965, 3.525296503538313, 2.8742470874049006, 0.436008038792, 0.886628703572, -0.154228830347, 0.623049416884, -0.173728487262, 0.762645289, 0.649389262483, -0.428611659565, -0.628160513767,  
147, 6, 383.5176204691427, 4.507117749601719, 5.798960492146067, 4.642362456474542, 3.4010069350714422, 0.52708270167, -0.744561995722, 0.409647726866, -0.716095584143, -0.129574932199, 0.685869850129, 0.457592547984, 0.654857061863, 0.601474262589,  
148, 7, 138.6146663037984, 3.2105062878647654, 5.54836985618289, 2.9246143277100143, 2.0393255840034854, -0.483049721976, -0.874253401943, 0.0484144120061, -0.847806062095, 0.453185446914, -0.275404850684, -0.21883292068, 0.174080268545, 0.96010843811,  
149, 10, 1150.8196895285287, 6.50089110697289, 7.470621385960788, 6.66646058965783, 5.516538222297366, 0.381399550435, 0.0268114843866, -0.924021388948, 0.381311465924, 0.906015159011, 0.183679333616, -0.842102101222, 0.42239516563, -0.335330247919,  
150, 9, 1921.3460282422632, 7.712094204061157, 9.484704340875977, 8.138474206119469, 5.942240003901672, 0.810356180365, 0.250378681715, 0.529748408857, 0.524622320844, 0.0926052301085, -0.846283458322, 0.260948809953, -0.96370887051, 0.0563110245385,  
151, 11, 662.3904592098711, 5.4076488971373395, 9.51220925101434, 5.334067958710203, 3.1166319551138253, 0.901888056157, 0.11987458332, 0.415003636653, 0.266396564402, 0.601930470495, -0.752803147685, 0.340045297919, -0.789499710553, -0.510939724821,  
152, 5, 43.262182878872004, 2.1777429000536404, 3.1478919712067075, 2.270795844599829, 1.444847160606524, -0.514995161131, 0.00529879965556, 0.857176706831, -0.856628888396, -0.0394566755126, -0.514422120756, -0.0310955234222, 0.9992072325, -0.0248591018221,  
153, 9, 763.0785764392357, 5.668831529634479, 6.536989203099023, 5.762380678564501, 4.836163091666099, -0.920442133929, 0.0534212392348, 0.387211117206, 0.388948977182, 0.223492087881, 0.893739324302, 0.0387939587781, -0.973240698827, 0.226489670646,  
154, 8, 1075.2425047788208, 6.355347053349477, 8.044388106367705, 6.107574382253176, 5.224635951493678, -0.60969440403, -0.789499649928, -0.0704488215538, -0.790066758651, 0.612463771049, -0.0261274956337, -0.0637749995711, -0.0397294842165, 0.997173163254,  
155, 9, 419.6825327670688, 4.644554838335799, 7.108372866499606, 4.316178657126624, 3.265597625321935, -0.412186476144, 0.768415964818, 0.489529584293, 0.89175533596, 0.23012549606, 0.389634029378, -0.186747770189, -0.597142496458, 0.780093654155,  
156, 6, 445.4600347681427, 4.7377635144160655, 6.037962551481713, 5.03031328645372, 3.501343251408055, -0.394810351657, 0.892171300364, -0.219442833173, -0.331631697177, 0.0843597656671, 0.939629633081, -0.85682273759, -0.443749705063, -0.262566173764,  
159, 8, 379.670821233479, 4.491997826559535, 7.032034517759755, 5.446759075800028, 2.3664615515088525, -0.0342303557428, 0.822092777603, 0.568323629421, 0.764446664715, -0.344766049292, 0.54475468613, 0.643777585468, 0.453100249689, -0.61664461741,  
160, 6, 197.5681794639276, 3.6130679520726137, 6.277534693791441, 4.509338678192886, 1.6661972465161365, -0.952455086774, -0.255251088684, 0.16636162239, -0.183448377833, 0.916396070415, 0.355759658755, -0.243261177234, 0.308326326889, -0.919651496926,  
161, 8, 336.5281091592659, 4.314967993741922, 7.412843296042294, 4.631341150644326, 2.3401362479740433, -0.353125608444, 0.839820823107, -0.412314551934, -0.156025030019, 0.381671986651, 0.911033854812, 0.922474115989, 0.386040774636, -0.00374508337624,  
162, 9, 893.5046762361214, 5.974974738645937, 7.321210213937783, 6.167231295222596, 4.724274315871989, 0.642498057614, 0.621843084798, 0.44778055323, 0.243538589516, -0.719759083062, 0.65010446681, 0.726557087488, -0.308639012825, -0.613886600589,  
163, 5, 70.19509244700164, 2.559014305354594, 4.6380936161647845, 2.634716538063304, 1.3713387032318944, -0.68411418083, -0.42538295955, 0.592483860803, -0.056733024786, 0.840890582683, 0.538223366135, -0.727165147327, 0.334592835666, -0.599398434127,  
164, 11, 894.6753628352252, 5.977583107819646, 7.7877409409283525, 6.078379807711872, 4.5120877697998285, 0.164829021965, 0.956177935172, -0.241981713789, -0.49234048976, 0.29234893257, 0.819837144662, 0.854653283888, -0.0159955592457, 0.518952701529,  
165, 8, 259.1069903226209, 3.9548514325431876, 6.078822529852501, 4.369591394229632, 2.3287894693265674, 0.158902767136, -0.0345410457642, 0.986689833106, 0.601255466994, -0.789304304426, -0.124461152271, 0.78309755076, 0.613029877879, -0.104654645484,  
166, 14, 887.8766044302729, 5.962403105028601, 8.147305766260269, 6.419348505258314, 4.0528360311829035, 0.115540114094, 0.96224220891, 0.24645570277, -0.810591564894, -0.0520658810411, 0.583292772931, 0.574100859569, -0.26716862732, 0.773969720091,  
