# Void_ID, Void_Volume, r = (a*b*c)**(1/3.0), a, b, c, vector_a, vector_b, vector_c 

0, 5, 8371606.872306309, 125.96215212917357, 169.95142833545017, 121.58993184340089, 96.71587885647364, 0.250244681271, -0.968138380683, -0.00925609771772, -0.83290902262, -0.210396855877, -0.511855177834, -0.493599189155, -0.135798523137, 0.859021886555,  
1, 8, 4037755.3645535004, 98.7833608511205, 158.34860258781407, 100.63948798193842, 60.48793241737833, 0.449502455645, -0.80321048482, -0.390896993393, -0.81383562306, -0.187828969973, -0.5499016791, -0.368265014639, -0.565308053289, 0.738110888606,  
2, 7, 4648863.733974066, 103.53473328524142, 189.22994349814866, 127.51103439789753, 45.99605436508648, -0.685267648298, 0.715617482101, 0.135277010271, 0.717125436633, 0.695419965247, -0.0460671257031, 0.127040774285, -0.0654422741624, 0.989736303478,  
3, 9, 15354592.629074523, 154.18775904315652, 250.85656220212496, 129.21747731291214, 113.08446948770046, 0.78205765233, -0.621191742586, -0.0500664296202, -0.440553025052, -0.49423822505, -0.749427520857, -0.440793444312, -0.608152444576, 0.660190687308,  
4, 14, 12401644.304209609, 143.59199207340913, 181.41907514563061, 175.90698475287658, 92.77364686711262, -0.0396435767809, 0.865946618719, 0.498562774733, -0.986806214949, -0.11231585733, 0.11661321679, 0.156977326254, -0.487361879635, 0.85897410748,  
5, 6, 3273910.6724022413, 92.1140912887196, 196.8008363460031, 79.76601253122432, 49.78899891821001, -0.659351162018, 0.383733403422, 0.646532845449, -0.195708778711, -0.917895255759, 0.345204828167, 0.72591605512, 0.101079051007, 0.68031529923,  
6, 9, 4142139.122997072, 99.62737572272724, 157.75349492356182, 97.5903150766488, 64.23183992305466, -0.976596494125, 0.091576532606, -0.194609933812, 0.215035081188, 0.397293830576, -0.892142099693, 0.00438195400924, 0.913110809739, 0.407687929202,  
7, 7, 3864041.070169652, 97.34590974487372, 194.10473315555262, 125.47183892203009, 37.87657804563719, -0.23791429996, -0.910908772371, -0.33710828274, 0.748550338303, -0.393121459229, 0.533973697217, -0.618925825039, -0.12530254072, 0.775390286494,  
8, 7, 6390697.617554164, 115.12064650354739, 223.3236712811053, 115.26729047848066, 59.26780131888174, 0.748189653382, -0.522457110712, -0.408963091291, 0.436196291246, -0.0771247141155, 0.896540335945, -0.499945035054, -0.849170386871, 0.170189940907,  
9, 5, 15609847.540742967, 155.0374740544686, 182.00699326432402, 168.31522283484156, 121.64620939362835, 0.728146057989, 0.681683166499, 0.0714939070655, -0.623381543198, 0.61526225851, 0.482543060103, -0.284953978453, 0.39592980914, -0.872949492467,  
10, 16, 7928220.419133831, 123.69791199148514, 197.3014069916504, 105.27985294090341, 91.11956853046578, -0.803784787133, 0.566345267333, -0.182162164413, 0.144627923095, 0.483028470129, 0.863577594027, 0.577072594944, 0.667784797082, -0.470160275811,  
11, 9, 6131475.712339093, 113.5425911455376, 183.929506368727, 131.88531971893616, 60.34322836171416, -0.633356659268, 0.299811718157, -0.713422929136, -0.126598409279, 0.869339642735, 0.477725264496, 0.763434466689, 0.392888685541, -0.51264636529,  
12, 8, 4759646.125525611, 104.35069640626544, 139.6637675964325, 120.83428411871948, 67.33054477406799, -0.691619118552, 0.630673366129, -0.352014346453, 0.260221125595, 0.672228512823, 0.693104459906, -0.673756603417, -0.387762726165, 0.629040624721,  
13, 5, 8120763.386856388, 124.69127980610283, 236.17323345140085, 132.63155375937657, 61.8914581207131, 0.575979030018, -0.805309220194, -0.140446491055, -0.604856306276, -0.535414432811, 0.589474540499, 0.549906360882, 0.254575028248, 0.795483846005,  
14, 10, 7025339.090424392, 118.81179592204684, 214.19727201049392, 125.14113265036744, 62.56978532217903, 0.787698081387, -0.579908743674, -0.207936484508, -0.293275074414, -0.649803487028, 0.701245434191, -0.541776211463, -0.491387095126, -0.681921739965,  
15, 6, 3525040.5766490633, 94.4115592800627, 188.14293069570363, 121.10676770930392, 36.93339181360377, -0.885897696317, 0.333204160243, 0.322738685715, 0.0183589028744, -0.670007159004, 0.74212758847, 0.463517229826, 0.663374249184, 0.587440535862,  
16, 5, 1148257.9466903622, 64.96063827843528, 212.95376234012235, 109.79659586270132, 11.724022888309833, 0.538819242852, -0.631857856377, -0.557161980817, -0.782233549912, -0.129763294933, -0.609321065351, -0.312705127756, -0.764144709216, 0.564179374359,  
17, 9, 8283205.272920933, 125.51720838818015, 240.2264313545086, 142.9700234986865, 57.576337641873536, 0.707848282034, -0.669810487564, -0.224287138218, -0.251643590055, -0.535812936964, 0.8059652599, -0.660019933945, -0.514060703935, -0.547827782669,  
18, 5, 1652153.9487065552, 73.33657685667593, 163.8969127398206, 127.48602978958886, 18.8768069322405, -0.712579223163, 0.678975751848, 0.176699686246, 0.699723570512, 0.706139739926, 0.108413986949, 0.0511642021909, -0.200894489969, 0.978275844695,  
19, 11, 9152149.50807156, 129.7611937618076, 241.54919646809216, 119.23631143043231, 75.86131506345276, 0.604097633944, -0.767498566289, 0.214504077834, -0.629284734175, -0.294274170143, 0.71930760883, 0.488944549001, 0.569516166172, 0.660745461181,  
20, 6, 1517982.9566081164, 71.29505833930524, 107.29149011280192, 95.29621189374659, 35.44356287425744, 0.893158763075, 0.312269515217, 0.323659039435, 0.376386340124, -0.912912000226, -0.157876542942, -0.246172189553, -0.262829659113, 0.932909332883,  
22, 7, 2964227.4879073543, 89.11298136108334, 247.94353400336615, 104.67761695314441, 27.26567833356141, 0.727768998739, -0.663769372691, -0.172518127601, -0.460971989114, -0.659688867942, 0.593561641926, -0.507796327011, -0.352449737396, -0.786080194944,  
23, 5, 7258090.786714402, 120.10965761410094, 162.69690861737266, 131.58405857330743, 80.93776509953362, -0.824791782552, -0.403526507018, -0.39608695203, -0.558701005494, 0.689405086558, 0.461057277449, -0.0870155267444, -0.601570432088, 0.794066315457,  
24, 10, 12619660.171459047, 144.42853863084477, 195.47347700918988, 155.39358254441117, 99.18320397373661, -0.522812571072, 0.824116095832, -0.217944204142, -0.678197333252, -0.557013179067, -0.479358629332, -0.516444956117, -0.10280553942, 0.850126830753,  
25, 5, 6733872.985825764, 117.14545325224067, 199.14895315161283, 147.75808388935042, 54.6319915771425, 0.743232536169, -0.0782992542108, 0.66443556796, -0.00555426647787, 0.992371622624, 0.123157268301, 0.669010124964, 0.0952249410691, -0.737127982981,  
26, 7, 5850120.270892531, 111.77861610874248, 187.41930905048258, 118.49617343532664, 62.88651484889281, 0.774307043033, -0.619020449459, 0.131386020034, -0.294978825495, -0.169384829154, 0.940370284602, -0.559853637676, -0.766891428302, -0.313753791336,  
27, 5, 8650806.691121755, 127.3471801231989, 200.90828368460242, 134.7568610582812, 76.28150771443714, 0.793704254387, -0.454446333047, -0.404366278204, -0.481915579304, -0.875397878918, 0.0378936407617, 0.371202008335, -0.164794065325, 0.913811788631,  
29, 8, 4921419.3377999, 105.51979060032238, 194.39383363017748, 101.61248214028707, 59.480172221086974, -0.533347676891, 0.799254890875, 0.277005189422, 0.838481956103, 0.542784680272, 0.0482990698884, 0.111750905341, -0.258024049798, 0.959653752601,  
31, 7, 8253266.415829155, 125.36580249286023, 240.2013630733757, 127.87432905564522, 64.14730562992652, 0.658842561138, -0.691030869497, 0.297326112267, -0.544140856777, -0.164841464708, 0.822640881247, 0.519458571609, 0.703778110569, 0.484622702178,  
32, 16, 6209695.978818888, 114.02337971264511, 189.32359714908355, 96.07356838710805, 81.50289956745071, -0.585043598573, 0.810842657406, 0.0160677534435, -0.343495449351, -0.265690826014, 0.900788133385, 0.734666498518, 0.521481130918, 0.433961479917,  
34, 10, 12563182.389868787, 144.2127588539041, 194.12136456281164, 140.4365240568226, 110.01645538245954, -0.995440152748, 0.0884970279275, -0.0355974485614, 0.0602809767098, 0.872847220957, 0.484256061103, 0.0739263562134, 0.479902078466, -0.874201858235,  
35, 11, 8189014.033335359, 125.0396267682948, 214.66372822847666, 161.27288176274365, 56.47067668219724, -0.791966599428, 0.58952270177, -0.15890843114, 0.422242110032, 0.716811824447, 0.554880535654, -0.441022114984, -0.372349019644, 0.816612332545,  
36, 10, 3149179.2109098546, 90.9291062039664, 128.77010766134308, 91.1321111186906, 64.0652133373351, 0.269801354479, -0.641574984444, 0.718045101966, -0.599872030758, 0.471328432752, 0.646531557771, -0.753233546674, -0.605170263492, -0.257697839241,  
37, 7, 8179063.291665746, 124.98895964560892, 176.18375126682992, 133.54029706032708, 82.99210286564198, -0.086837948139, 0.844412105482, 0.528608897843, 0.992849000516, 0.0297259240649, 0.115616744514, -0.0819147907066, -0.534868736752, 0.840955053204,  
38, 8, 7001646.633839708, 118.67808405318753, 252.21333907016648, 98.54013484963056, 67.25589790975344, -0.859750713389, 0.473856176655, 0.190496810136, 0.497721557363, 0.861008928702, 0.104579520135, 0.114463802849, -0.184726686056, 0.976101474897,  
39, 16, 5976576.378279822, 112.57828322727259, 166.61375292514697, 109.72485462730577, 78.04552451772784, 0.428523733882, -0.889361930243, -0.159382453656, 0.548309301954, 0.115767486128, 0.828223881898, -0.718139484286, -0.442304472269, 0.537254534574,  
40, 8, 4200326.854275893, 100.09172158543494, 245.10330480261518, 114.40811156424787, 35.759257573672095, 0.789179904123, -0.573378831423, 0.220072248601, 0.257046052317, 0.633798720889, 0.729538558534, -0.557783475837, -0.51916846695, 0.647565978884,  
41, 7, 7113757.571098844, 119.30816070041251, 170.48694121372228, 108.46852285705434, 91.83655980006941, -0.633800048453, 0.772847038675, -0.0317009998741, -0.200545779959, -0.124605749036, 0.971727738334, 0.747046778135, 0.622238589385, 0.233966341936,  
42, 8, 3474458.564011055, 93.95780068054763, 155.0195668040922, 125.93683781460034, 42.48730889689752, -0.479246025679, 0.718899969123, 0.503493874109, 0.157661165089, -0.493818089796, 0.855152998716, -0.863403847509, -0.48921010679, -0.123317750229,  
43, 6, 2842489.37988485, 87.87595959197651, 246.54741074712453, 95.17147060252582, 28.920314761303235, -0.44237696125, 0.89225781038, -0.0904357449869, 0.265830860539, 0.226765140404, 0.936969329638, 0.856525876866, 0.390453032916, -0.337505335285,  
44, 9, 9812988.025220413, 132.81207231048174, 217.43182401759532, 108.94800370899296, 98.89407519119419, -0.658193242707, 0.707246872875, 0.258037819059, 0.708368442009, 0.697859570514, -0.105859199922, 0.254942749694, -0.113110037799, 0.960317819124,  
45, 5, 4086153.6533112694, 99.17648105660403, 219.17516905185406, 81.70605678756331, 54.47289822921284, -0.87757572294, 0.46384416248, -0.121282494362, 0.420630707603, 0.866281962415, 0.269490944959, -0.230066638883, -0.185483569425, 0.955335117719,  
46, 6, 5370255.923776546, 108.63475548264691, 174.79746267947706, 98.96953771730344, 74.10878746889375, -0.59295490416, 0.572599484041, 0.56615749797, 0.749331939712, 0.649779258105, 0.127626642451, 0.294798449385, -0.499916739679, 0.81435687977,  
47, 6, 2051098.3342524157, 78.81930919417232, 179.87793480557622, 120.39881958795641, 22.609853628633303, 0.788518343089, -0.59751188173, -0.145665280023, -0.453387627622, -0.404724552127, -0.794127002453, -0.415546004351, -0.692226543913, 0.590037227784,  
48, 13, 6287043.575475475, 114.49485032951115, 169.85627866849663, 109.45550535064729, 80.73068652648381, -0.0995426633784, -0.944377557106, -0.313436257957, -0.987344700243, 0.132828335893, -0.0866433845511, -0.123457284395, -0.300844914896, 0.945648262364,  
49, 11, 6186212.159674427, 113.87946031845205, 174.78953084933818, 107.99986645038055, 78.2343657135565, 0.571623703658, -0.813408125782, -0.107766239277, -0.632225018377, -0.352915123209, -0.689740851298, -0.523008477518, -0.46240473259, 0.715991617076,  
50, 5, 3957263.8987978804, 98.12254439272628, 167.90106628625162, 141.56574594298505, 39.746122607556785, -0.243002530851, 0.939454250936, -0.241610182731, 0.966925608472, 0.254489133274, 0.0170337525558, -0.0774895972411, 0.229479827969, 0.970223876677,  
51, 9, 8205257.43301538, 125.12224669411522, 156.69442194921908, 137.3412943848399, 91.022535553765, -0.710075860199, -0.222045168582, -0.668197737105, -0.276061097525, 0.960790724961, -0.0259124152057, -0.647751914854, -0.166063620152, 0.743532333436,  
52, 5, 2206313.994369094, 80.75936648212708, 179.70348136524905, 76.17171056827145, 38.479419452989085, 0.601640763266, -0.731750134486, -0.32026572195, -0.58310705155, -0.128329653748, -0.802195528785, -0.545907096867, -0.669382731065, 0.503897014222,  
54, 7, 5928667.677673702, 112.27666376239296, 172.55822473401798, 103.67210396229166, 79.11720229066322, 0.786358220665, -0.612362253761, 0.0815672664812, -0.512923584957, -0.573593629225, 0.638670294054, 0.34431111627, 0.544061410763, 0.765145108154,  
55, 8, 10000520.853440318, 133.6527821270058, 176.37465348929288, 132.05152480908666, 102.50721078356729, -0.77416899175, 0.619244106089, -0.13114537463, 0.624880819198, 0.714645216699, -0.314334497068, 0.100927369978, 0.3252982498, 0.940209931168,  
56, 8, 2698985.8629419273, 86.37154073711557, 138.58675471106446, 96.18436407742546, 48.337679460400444, -0.291522733625, 0.747544363438, 0.596818163659, -0.0060106379231, -0.6253379788, 0.780330881423, 0.956545016197, 0.223896933796, 0.186793455519,  
57, 11, 4281262.581021613, 100.73052216741405, 247.1975659418074, 94.56566731427775, 43.72255916396917, 0.777015567957, -0.537380920795, -0.327823966662, -0.471115544833, -0.151049835097, -0.86904205349, -0.417488862809, -0.829702171434, 0.370536578691,  
58, 5, 1753656.2880540476, 74.8086738258967, 175.69233137770792, 82.3102795421977, 28.95002779649046, 0.916666726048, -0.395414934615, -0.0580443178926, 0.179680877524, 0.278026378088, 0.943618628122, -0.356983046669, -0.875413252453, 0.325906032195,  
59, 6, 1645008.3041987692, 73.23069600060656, 121.87355077180615, 108.14517230101345, 29.79633744369489, 0.987573407719, 0.000250958608201, -0.157158204957, 0.028380979421, -0.983842299418, 0.176773442243, 0.15457452692, 0.179037054531, 0.971623614746,  
60, 13, 5665277.736382605, 110.58872867948368, 155.79510373513793, 128.57935988113766, 67.5161286969063, -0.560017153067, 0.797659786492, -0.223874190752, 0.823331879362, 0.565912832405, -0.0432120648135, -0.0922247509977, 0.208522255727, 0.973659624391,  
61, 10, 8474546.468454786, 126.47633882578063, 182.13092471831632, 123.92433328448925, 89.63705354373877, -0.876603591946, 0.481100041056, 0.0104351848722, 0.454407048169, 0.820440816762, 0.346974207638, -0.15836785394, -0.308900658283, 0.937816616483,  
62, 7, 5785382.0644248715, 111.36476676843861, 248.38633584854935, 111.54460608758652, 49.85022932639287, 0.45168020407, -0.890603194065, -0.0530183361985, -0.595972920016, -0.345409938904, 0.724919480159, -0.663928664736, -0.295834286094, -0.686790217834,  
63, 8, 13856418.741405293, 149.0004099559122, 178.90712370834572, 169.4163435245356, 109.13886981035117, 0.65692559673, 0.555787919979, 0.50945907428, -0.692541584793, 0.711937505944, 0.116323432556, -0.298051864099, -0.429237435035, 0.852596217838,  
64, 7, 6456650.962328953, 115.51531501622213, 224.7428466818462, 123.29028992306873, 55.62934533162057, -0.61557983413, 0.78677736485, -0.0451978536213, 0.785390585704, 0.617202882392, 0.047140533036, -0.0649853498927, 0.00647920722112, 0.997865183366,  
65, 10, 6387148.257470455, 115.09933008808738, 208.96790777414787, 129.0086935620929, 56.56135643054081, 0.768650726946, -0.593261747414, -0.239199830727, -0.304161421729, -0.667940408948, 0.679221200807, -0.562727189228, -0.449328509167, -0.693860217446,  
66, 6, 1064187.8335369525, 63.33492006018267, 173.56264372034906, 79.87247954696133, 18.326361820719615, -0.536206084691, 0.728383581158, 0.426544714468, -0.194423840683, -0.598322577572, 0.777309116981, 0.821390531303, 0.333867416601, 0.462439340041,  
67, 9, 12149032.334221622, 142.61034358393613, 210.67106219068475, 144.78870036965145, 95.08533125047818, 0.787744525923, -0.580782719428, 0.20530463875, -0.532608633916, -0.809610154487, -0.246697062871, -0.309494111345, -0.0849872376568, 0.947095858126,  
68, 5, 1091255.1548591824, 63.86739945633347, 216.08902996513973, 101.4934611033096, 11.878645346118244, 0.442481303665, 0.890256636337, 0.1079509952, 0.702604663898, -0.418957478476, 0.575170685534, -0.557276396571, 0.178655402065, 0.810879316013,  
69, 11, 11174503.92306668, 138.69044692928065, 193.79726748825058, 179.11898465180928, 76.85115076613758, 0.879900005341, -0.254433867825, 0.401297131195, -0.00926618565273, 0.835204710832, 0.549861099558, 0.475068540745, 0.487541278157, -0.732538998066,  
70, 15, 8694001.780216327, 127.55878438313871, 180.81002457947028, 121.11799088997523, 94.77634408014528, -0.730332257345, 0.680530377645, 0.0591032908087, 0.681694602659, 0.720573174622, 0.126754758174, -0.0436722175598, -0.13286348301, 0.99017171859,  
71, 8, 4877544.458592856, 105.2052814272523, 242.33046431657195, 78.2553210496894, 61.40316191221669, -0.693530456152, 0.704333867135, -0.151424271489, 0.705128094252, 0.706725393088, 0.0577372450129, -0.147681674849, 0.0667309701077, 0.986781181692,  
72, 7, 3844367.628046205, 97.18041904474349, 187.92467834625376, 77.20913488319017, 63.25338918083381, -0.451849575304, 0.892047871112, 0.00908608506005, 0.874796503411, 0.441069293654, 0.200471832972, -0.174822878701, -0.098531588029, 0.979657331542,  
73, 8, 6996479.603554076, 118.64888310501267, 212.97694649396007, 109.83418787551375, 71.40371761377104, 0.702391129397, -0.709084411979, -0.0620161110801, 0.29760325019, 0.213410355397, 0.930531206186, -0.64659029286, -0.672053061073, 0.360923366216,  
74, 6, 4501168.825202837, 102.42647600091499, 289.8752113537173, 110.81324650911736, 33.45291261423484, -0.70465080049, 0.700930925595, -0.110286385893, -0.265852183265, -0.116697984737, 0.956924342365, 0.657867666041, 0.70361738033, 0.268575345248,  
76, 8, 5099013.831442148, 106.77408544504848, 183.65735601169575, 124.41953050403485, 53.27220765049301, -0.887915019457, 0.410573638505, 0.207451694591, 0.452131902864, 0.862020941905, 0.229121448429, 0.0847564784297, -0.297235904768, 0.951034781846,  
78, 6, 4703732.953609615, 103.9404715366964, 191.30565845061753, 123.49331650999359, 47.53163770928854, 0.261833174493, -0.742945958339, 0.616015171666, -0.779035311232, 0.214069850258, 0.589303048579, -0.569690593734, -0.63419665893, -0.522730547427,  
79, 8, 5935478.323325886, 112.31964047537284, 164.58604470620085, 99.47487789196147, 86.54872825611486, 0.764900222522, -0.60272586981, 0.227264549477, -0.463336880431, -0.759911728285, -0.455909092306, -0.447489200785, -0.243424918768, 0.860521774334,  
80, 7, 4004016.371988304, 98.50745034506777, 161.48984312077914, 94.50686397952029, 62.6323447307606, -0.881534088524, 0.383230841477, -0.275738595253, 0.412506881824, 0.909291597121, -0.0550169415076, -0.229642598876, 0.162243377512, 0.959656898706,  
81, 7, 3359702.905099729, 92.91177461863245, 225.89695457988978, 138.90224388393608, 25.561870362864575, -0.423581215093, 0.895627469182, 0.135758574927, 0.886379322432, 0.440703782941, -0.141816333563, 0.186843921455, -0.060262858768, 0.98053951316,  
82, 5, 2875051.271517836, 88.21023821180255, 115.12870624871275, 98.95380113827441, 60.24775642766332, 0.611722165707, -0.126409689977, 0.780907537588, -0.157819452625, -0.986807439352, -0.036112297254, -0.775170311838, 0.101151707448, 0.623601892015,  
83, 7, 1977020.3860940095, 77.8587653807124, 151.7643564993713, 92.37959114270328, 33.66485263309375, -0.943532902436, 0.247017834718, 0.22074385915, -0.154908175331, -0.917983245714, 0.365116718055, 0.292829505407, 0.310304608278, 0.904412478267,  
84, 14, 7772704.91667296, 122.8837691309648, 230.99946549916578, 106.33677559612605, 75.54210961000786, 0.747166587968, -0.556725166099, 0.363041566844, -0.511795264871, -0.133440900365, 0.848680819252, 0.424037376513, 0.819908906856, 0.384631886065,  
85, 11, 10430025.214175586, 135.5394075566528, 239.4392382906736, 109.42632546604374, 95.03413166878681, -0.658512616145, 0.711426958212, -0.245423750903, -0.310848960581, 0.039866417426, 0.949622868547, 0.685371474518, 0.701628357388, 0.194893791654,  
86, 7, 6656717.701633103, 116.6963242903361, 182.39290230690148, 121.88784009031934, 71.48307316276518, 0.834548141068, -0.547045738456, 0.0653479936797, -0.442312829248, -0.735995297216, -0.512513691094, -0.328464246644, -0.398813092204, 0.856188855431,  
87, 8, 3862557.758829343, 97.33345190866365, 181.5557652771606, 111.93049852678632, 45.37617613093028, 0.907872021695, -0.309391171832, -0.282923125631, -0.202230957062, -0.914311681915, 0.350908518447, -0.367247916576, -0.261364211601, -0.892646467906,  
89, 8, 6705138.92298213, 116.9785921716691, 184.10858966233073, 99.34805935061713, 87.51565182851667, 0.788046160636, -0.552927192277, 0.270656181801, -0.401453710777, -0.128259914092, 0.906854074557, -0.466709938623, -0.823298800241, -0.323049405993,  
90, 5, 1329751.4423172106, 68.21721004061223, 212.41240821163578, 70.78505468726244, 21.113508434270972, -0.979453803032, -0.180621232726, 0.0897007135732, -0.153459638439, 0.956115366205, 0.249586750203, 0.130844897101, -0.2306932526, 0.964188900635,  
91, 10, 4941216.812001511, 105.66109335920589, 206.40271555212408, 118.35443899825535, 48.28868102322524, -0.702124129296, 0.634685778709, -0.322793539845, 0.673811845824, 0.738788339534, -0.0130148297965, -0.23021577593, 0.226640136942, 0.9463799157,  
92, 5, 5736985.867397517, 111.05336526743969, 206.8472717614897, 151.64016998761508, 43.664763379656186, 0.575858964512, -0.506724949396, -0.641573283928, -0.26353058451, -0.85791585902, 0.441057830528, -0.773910901861, -0.0849129230582, -0.627576060314,  
93, 8, 5838954.171049483, 111.70745368962454, 189.23056178927712, 122.68159604365326, 60.04484957860997, 0.701343046805, -0.529148152837, -0.477619265783, -0.530972182997, -0.834850819735, 0.145233087387, 0.475590655482, -0.151744328189, 0.866479767381,  
94, 20, 11138908.456455471, 138.54302793644752, 213.39343696729955, 129.88387752590654, 95.94397812597744, -0.777907963429, 0.609329568567, 0.153546987286, -0.198032270929, -0.46962733417, 0.860368169257, 0.596357627691, 0.638879991759, 0.485993761302,  
95, 8, 6680585.3839301625, 116.83562960903649, 239.04617481473676, 134.8753402219129, 49.4665427145516, 0.365564707114, -0.923828784976, -0.113590584835, -0.258519027182, -0.218009819593, 0.941084284826, -0.894164614317, -0.314661873463, -0.318524014622,  
96, 7, 3652551.6435236237, 95.53648354134214, 236.4071962893665, 94.73196040523925, 38.93592876048362, -0.701001932395, 0.689815451481, 0.180972190338, 0.685510416699, 0.58179412802, 0.43771116184, -0.196651365049, -0.43089469189, 0.880714485588,  
97, 8, 8088318.689139093, 124.5249994371264, 205.4383718452315, 136.91078927488516, 68.65155942269831, 0.902791715636, -0.427679829592, -0.0453550607942, -0.352890926044, -0.676354539169, -0.646538886426, -0.245835539529, -0.599695339906, 0.76153160591,  
98, 7, 4257067.638028301, 100.54040887188398, 204.00825820478275, 81.00338743090916, 61.49941894321119, 0.69378954003, -0.719717365527, 0.0257485515073, 0.384891144408, 0.400769889193, 0.831409828467, -0.608699335552, -0.566913053012, 0.555062797549,  
99, 9, 14216402.19554542, 150.27971545760585, 224.89104240144803, 140.47287518089703, 107.432693233265, 0.744332191512, -0.65733046248, -0.117839941342, 0.247389667053, 0.10750771395, 0.962933250063, -0.620296655895, -0.745894600153, 0.242638216586,  
100, 9, 5712232.97898022, 110.8934174832204, 205.36274804983603, 86.72818502103648, 76.5658975337155, -0.570737406128, 0.810018472298, 0.134643558265, -0.220338113592, -0.309034973454, 0.925174848816, 0.791018286101, 0.498364785792, 0.354855761313,  
101, 6, 5895620.506395354, 112.06765999161844, 164.0154245205512, 150.34799774578693, 57.07666250832557, 0.0751311301229, 0.922189945485, 0.379369236672, 0.642986661635, -0.335592674961, 0.68843714998, 0.762183354742, 0.192206297918, -0.618169291371,  
103, 14, 7172571.829598762, 119.63605919446587, 151.32528351188324, 128.90573076142402, 87.78141463661535, 0.605256702243, -0.752191701233, 0.260522492286, -0.713247371142, -0.367121881233, 0.597075968265, -0.353472080863, -0.547201214287, -0.758701732655,  
104, 9, 5830813.340346412, 111.65551434097601, 194.35549207761454, 144.27425379024493, 49.64264069028446, -0.660143567626, 0.651564586404, 0.373729929048, 0.746636827373, 0.514802265998, 0.421321818725, -0.0821213622151, -0.55717341705, 0.826325520119,  
105, 8, 5210308.69587815, 107.54534451867673, 198.3450593362223, 97.60226329612381, 64.25302367955601, -0.575324214489, 0.802371249881, -0.158752718364, 0.811471223348, 0.535595047762, -0.233778524443, 0.102549997078, 0.26332170852, 0.959241979858,  
107, 7, 13036224.110668728, 146.0005201035455, 279.2629646621379, 122.17892133548358, 91.2123358891438, -0.815628064543, 0.578310197648, 0.0175549316693, 0.569181752756, 0.796568990051, 0.203739972561, -0.10384118961, -0.176167986267, 0.978867635564,  
108, 10, 9769704.26285213, 132.61651247204603, 192.68275642424862, 126.78498017325175, 95.47334760560047, -0.560865477847, 0.817015745629, 0.133847626628, -0.201513773832, -0.291527380791, 0.935095709115, 0.803008166032, 0.497490761366, 0.328147569915,  
109, 7, 3626841.4578966107, 95.31179618229173, 183.87558126947906, 120.02214047269533, 39.23327259761514, 0.65895962411, -0.750273815187, -0.053492205381, -0.665106484005, -0.614417046774, 0.424411424879, 0.351291301809, 0.244091980364, 0.90388800545,  
110, 5, 1718988.2491887088, 74.31242486628781, 211.53446132045434, 91.82672551907962, 21.126817063501086, -0.524823539136, -0.810907131281, -0.258824027489, 0.163445816434, -0.394410302769, 0.904282023575, -0.835371604652, 0.432284787504, 0.339535189096,  
111, 7, 2426662.6040616487, 83.36305006028125, 111.7054136823402, 83.82503139551513, 61.868963775869716, 0.202422342541, -0.826233415233, -0.525702899738, 0.805509121007, 0.445769251209, -0.390441840292, 0.556938283129, -0.344424328741, 0.755772208113,  
112, 19, 9736583.5299232, 132.46647964538073, 222.22950769626624, 125.41773327855326, 83.398322114322, 0.571660785811, -0.751725700855, -0.328804526489, -0.639193707863, -0.156766852602, -0.752898105824, -0.514427205534, -0.64057210726, 0.570115800173,  
113, 11, 7658617.201638927, 122.27957422473168, 203.120621765285, 122.47393668562545, 73.4960601276839, -0.636889336369, 0.765584995685, -0.0908382496594, -0.0577365492069, 0.0701305425837, 0.995865552112, 0.768790260152, 0.639500837668, -0.000463158949907,  
115, 7, 8281190.37400254, 125.50703016255002, 182.3463089977611, 151.26335630011675, 71.67594870100645, -0.912418471207, 0.385808599999, -0.136543976678, 0.250386003935, 0.79014638961, 0.559442161461, -0.323727327289, -0.476256661007, 0.817545234475,  
116, 6, 1411757.8786923627, 69.59166121307732, 172.32805970575504, 91.48574933165568, 21.37775832245353, -0.805847745489, 0.589725380463, 0.0532295662958, 0.0439065772511, -0.0301360908623, 0.998581007481, 0.590492695606, 0.807041381631, -0.00160772209499,  
117, 7, 4910549.272721717, 105.44204524378898, 229.8572735222986, 113.49570571774196, 44.936969757876554, -0.782808560067, 0.611728583369, -0.114012712343, 0.616000224141, 0.787740764861, -0.00286552528377, -0.0880595375027, 0.0724750140795, 0.993475158315,  
118, 11, 4259370.428426315, 100.55853416172491, 178.33262261870766, 108.36092777924873, 52.62029649155047, -0.949998731862, -0.0152520150005, 0.311881043829, -0.273416868252, -0.441785715385, -0.854440517436, -0.150816529652, 0.896990946287, -0.415525711195,  
119, 5, 2165791.426576446, 80.26188224756572, 135.384654107134, 78.41301690545511, 48.70464898312219, 0.67985785508, -0.234075415229, 0.694983450789, 0.344369710396, 0.938604872136, -0.0207460011709, -0.647458724126, 0.253435581536, 0.718726378091,  
120, 7, 4689406.805963184, 103.834840479528, 141.64288882742377, 102.2697703619219, 77.2835821354011, -0.880661787925, 0.435593179114, -0.186261637482, 0.447392948819, 0.6353939896, -0.62937590304, 0.155802325514, 0.637599451294, 0.754448523807,  
121, 5, 1996613.1824964464, 78.11512072532366, 218.57707422851345, 96.38360059125574, 22.625467954318687, -0.744860061628, 0.565616389336, -0.353923139545, 0.661439159674, 0.695639951187, -0.280327123842, -0.0876454598967, 0.442903102751, 0.892275246173,  
122, 12, 3967420.5996553446, 98.20641967838746, 166.17672823982545, 78.70575281026234, 72.41740416172713, -0.460308843382, 0.86764320325, 0.187912321468, 0.457366687599, 0.0503567993842, 0.887851285875, 0.760875470612, 0.494630634525, -0.420010777969,  
123, 7, 4332078.441828481, 101.12749141474924, 225.62544005839158, 83.25232182867356, 55.05836136540571, -0.823460006856, 0.565118357335, 0.0505456161451, 0.073029726056, 0.0172245864622, 0.997181013023, 0.56265466871, 0.824830016321, -0.0554541969117,  
126, 9, 4202104.207320226, 100.10583741068675, 218.9994193315839, 143.2927566329763, 31.967671809499713, -0.729781132481, 0.595704647317, 0.335492878969, -0.104991689697, -0.582544664549, 0.805989118351, 0.675571050127, 0.552971687313, 0.487674142498,  
127, 13, 7537319.969390341, 121.63058090148795, 172.82589535411756, 136.5115960393081, 76.2693390772098, -0.618071881141, 0.752748138577, -0.226621688307, 0.784802894567, 0.607530497315, -0.12243819466, -0.0455144638784, 0.253528962252, 0.966256435361,  
128, 7, 5277831.704515005, 108.00792999816622, 201.91020544673822, 103.16447891472995, 60.48928746709995, -0.547190620934, 0.831892334623, -0.0923989608032, 0.822327650251, 0.513723038887, -0.244675039489, 0.15607581489, 0.209866107108, 0.965192497429,  
129, 7, 1978499.8728336452, 77.87818219091449, 176.29102707175895, 129.96978871517598, 20.614594502986996, -0.425743343317, 0.801339138239, 0.420235875608, -0.397091659241, -0.582782905652, 0.709000916107, -0.81305646777, -0.13498025932, -0.566321030699,  
130, 10, 5690823.247592163, 110.75469936220028, 202.95599798151102, 111.7736219020445, 59.8887533803315, -0.743158414901, 0.66888675912, -0.0174949660329, 0.636215731834, 0.714474251452, 0.291128986153, -0.207232026794, -0.205224383263, 0.956523831164,  
131, 7, 3099818.8245833865, 90.4515265146053, 186.80688657818735, 72.1814190811976, 54.88193355792028, -0.558181994568, 0.746157067246, -0.362880823328, -0.124145294131, 0.357324831885, 0.925692665231, 0.82037845345, 0.561754924782, -0.10682039879,  
132, 7, 6783737.696754571, 117.43389867382461, 190.61142595442897, 97.06203340179005, 87.53507778493878, -0.631564515816, 0.77085907907, 0.0830815417393, 0.12108996315, -0.00777254530028, 0.992611106307, 0.765809038329, 0.636958293576, -0.0884344336695,  
133, 13, 9066482.05676252, 129.3550532343666, 257.0933026472271, 106.10585581332936, 79.34509440526665, -0.762307447274, 0.621460853339, 0.180758854825, 0.645043340179, 0.706657050291, 0.290783257021, -0.0529758918802, -0.338263537854, 0.939559116734,  
134, 5, 5927856.100905935, 112.27154033528663, 165.39893107137155, 117.17838221648269, 73.01781737182645, -0.218894945794, 0.763117983376, 0.608059163366, 0.0812366150268, -0.606755636211, 0.79072638144, 0.972360846129, 0.222482676571, 0.0708226202631,  
135, 7, 7449180.769410607, 121.15461672609675, 207.11588463196253, 127.80106201213721, 67.18495540400758, 0.729261077213, -0.529938984281, -0.432831323036, -0.566998798398, -0.822122455247, 0.0512545724166, 0.383002146049, -0.208036875378, 0.900016674626,  
136, 6, 8471078.224928629, 126.45908281495379, 215.04806792118933, 161.5017035710813, 58.228745026520855, -0.933797775099, 0.296864781211, 0.19973236317, 0.321601320182, 0.941049813024, 0.104870588177, 0.156825718801, -0.162162113592, 0.974222327212,  
137, 14, 8538617.489674794, 126.79427645724212, 197.95435029523492, 114.84527405744585, 89.664549433734, 0.69151861605, -0.713414462924, -0.113321700249, -0.451795048453, -0.549557583872, 0.702757209997, -0.563633957325, -0.434771510221, -0.702346421683,  
138, 5, 2797926.1035361895, 87.41431196361208, 212.11190439478713, 69.19518345075373, 45.509988160816974, 0.704255396925, -0.588945864381, -0.39644306619, -0.517460073166, -0.808141984657, 0.281321178217, 0.486065230788, -0.00702150000807, 0.87389432425,  
139, 5, 10786358.90946197, 137.06568870398746, 180.29122818133786, 131.30759630233098, 108.77317596083498, -0.937425845779, -0.154646332765, 0.311957201275, 0.071399057515, 0.791534241374, 0.606939633999, -0.34078579526, 0.591234349895, -0.730963053276,  
140, 7, 11636207.66000259, 140.5748464894275, 237.92079486540277, 121.4513044845101, 96.13649134835892, -0.693687790756, 0.719768178965, 0.0270373354128, -0.142300961808, -0.173749129337, 0.974454553236, 0.706079092754, 0.672119787392, 0.222951353821,  
141, 7, 5736114.200731171, 111.04774057054873, 203.45635748915623, 140.74629360671608, 47.82125262916877, -0.593248184759, 0.805014000522, 0.00300836215256, 0.786047572349, 0.578456421681, 0.217984821077, -0.173740626462, -0.131683815176, 0.975947522942,  
142, 5, 2044344.3433161378, 78.73270026605749, 122.133211930729, 78.92440375327588, 50.63144840942645, -0.765879918013, 0.62291893262, 0.15937363197, 0.633093544544, 0.687260648009, 0.356181646852, -0.112341065693, -0.37369078806, 0.920725083767,  
143, 11, 13079014.464404391, 146.16009061367924, 199.96590967208775, 126.91717112396464, 123.0297280832442, 0.708455956318, -0.70512196687, 0.0298859464396, -0.526969670876, -0.556680022135, -0.642191808522, -0.469460460458, -0.439215624487, 0.765961168254,  
144, 9, 4467824.997828887, 102.17293008670407, 159.33596332179542, 118.92295388587888, 56.28958490483187, 0.668146500401, -0.628389107545, -0.398380952759, -0.678761121901, -0.734098891749, 0.019548824249, 0.304735284138, -0.25734402393, 0.917011701097,  
145, 7, 8098159.35142864, 124.57548013173069, 191.3492899772727, 102.94808575675265, 98.14147443067148, 0.679704666905, -0.67773814074, 0.280486324754, -0.4852948881, -0.128794728085, 0.86481257484, -0.549991306633, -0.723935722702, -0.416445232924,  
146, 6, 1598007.0642799393, 72.52649590824058, 208.10601881443657, 70.84111023313972, 25.877367029895385, -0.260343351926, 0.855908013985, -0.446814067264, 0.227245821244, 0.504090791652, 0.833217744949, 0.938392602185, 0.115386070946, -0.325738205921,  
147, 20, 16357761.104435122, 157.4750484572438, 192.4757154062442, 154.6082274138549, 131.22805998341704, -0.856123690791, 0.515313062198, -0.0387901275481, 0.47230580398, 0.810713144937, 0.345935578038, -0.209712788339, -0.277842841468, 0.937456079959,  
148, 15, 6480659.290444525, 115.65831480807132, 138.55777789989244, 125.55629252503569, 88.93264056500043, -0.894037082447, 0.420414693744, 0.15475522768, -0.423482659204, -0.905792723849, 0.0142119237202, -0.146151060768, 0.0528301685248, -0.987850616607,  
149, 10, 8728696.681660535, 127.72824088472392, 239.65694146068478, 102.2683067202856, 85.02168644169937, 0.693298878568, -0.715064705528, 0.0895496057194, -0.507359513606, -0.572567605555, -0.644012935447, -0.511784123367, -0.401059601527, 0.759755360029,  
150, 8, 7975309.488615101, 123.94232688499406, 193.31022469461303, 122.38735090611685, 80.47622121670828, 0.625577435517, -0.651996763881, -0.428430965338, -0.692274202637, -0.717128958602, 0.080513881406, 0.359735042129, -0.24622403746, 0.899980234695,  
151, 12, 4731739.472047491, 104.14635427629118, 143.16531719442227, 97.03915841437869, 81.31063898164142, 0.592521514427, -0.805167406346, 0.0249740404973, -0.690571656699, -0.52366468242, -0.498884843776, -0.414763838714, -0.278353638638, 0.866308380401,  
152, 6, 5858427.544845085, 111.83150028651757, 138.6784925724725, 134.13128763029843, 75.1888163028334, -0.971896142793, -0.138103631618, 0.190644366707, -0.0293711304972, 0.874648675431, 0.483866749489, 0.233570598142, -0.464668786881, 0.854123933737,  
153, 6, 3734424.0621714736, 96.2450364074427, 155.95775401824196, 91.41883044611042, 62.53057039693795, 0.699439958758, -0.683690722186, 0.208208406383, -0.242730775907, 0.04676274199, 0.968965952131, -0.672209427574, -0.728272093628, -0.133245049148,  
154, 7, 12008671.336533565, 142.05900980556902, 224.9359050976125, 133.20138985064494, 95.68388678359649, 0.724591033985, -0.674523542405, 0.141371228369, -0.510327062254, -0.38727709449, 0.767842914673, 0.463178284249, 0.628517655142, 0.624845128152,  
155, 9, 13451638.19305757, 147.53515686584316, 201.38936343803664, 135.67683222355615, 117.52881139641228, 0.43914759769, -0.879528686346, 0.183244856238, 0.54379463525, 0.422578565207, 0.725061894531, -0.715148084047, -0.218761619401, 0.663857342929,  
156, 9, 5889620.585911783, 112.02963033471487, 201.2257961914832, 94.95369093057374, 73.58735677582132, -0.581376269632, 0.801176467325, -0.141837587798, -0.122644835963, 0.0860409680272, 0.988713910104, 0.804338161049, 0.592210452479, 0.0482379793854,  
157, 8, 1275063.5557184895, 67.26891266863723, 178.13097755496403, 76.18176965859223, 22.431210730379576, -0.335542272983, 0.934664374592, 0.117532505762, 0.896427847876, 0.278459136547, 0.344786343734, -0.289531512264, -0.221049804666, 0.931293985411,  
158, 16, 12074588.156459063, 142.31846112216934, 181.47710005230832, 142.30745543429236, 111.61799920783758, -0.761500565092, 0.619651858697, -0.190127492431, 0.602008887398, 0.567451624439, -0.561768594187, 0.240212799115, 0.542245542106, 0.805150658701,  
159, 6, 4899516.257142994, 105.36301701166296, 143.71243332919227, 120.98261342652815, 67.27400591945224, 0.8273668291, 0.42857178816, -0.363029409964, -0.456674330461, 0.88958425222, 0.00940287721538, -0.326975054098, -0.158006584027, -0.931730236389,  
160, 7, 5657582.284078426, 110.53863311188464, 228.23947507169927, 120.32773001645215, 49.17968991690824, -0.771395206595, 0.612337604495, 0.17318225476, -0.0231853869559, -0.299010607525, 0.953968078302, 0.635933859041, 0.731871105256, 0.244852633674,  
162, 5, 1486531.8472594635, 70.79923029291744, 182.11577781003763, 78.82022649632358, 24.722953787206297, 0.934923036856, -0.333189482933, -0.122080643914, -0.25432757373, -0.389255535449, -0.885323451267, -0.247459896541, -0.858757763624, 0.448663240102,  
163, 6, 3263681.8965050196, 92.01805961480994, 271.5167556783786, 73.79100092786715, 38.88831950099116, -0.519435763533, 0.854135168914, 0.0252903299027, -0.226429330565, -0.166118991789, 0.959757385398, 0.823963740599, 0.492805837821, 0.279689399847,  
164, 10, 9020821.765824605, 129.1375365855087, 239.41142535662158, 151.7674252089669, 59.26988086469985, -0.595447921317, 0.798885956442, 0.0849882438843, 0.104001885298, -0.0282462831673, 0.994175917704, 0.796633780889, 0.600818921212, -0.066266455011,  
165, 6, 2887632.6017093053, 88.33872139438951, 206.95390698762975, 78.29586097701826, 42.544252082394266, -0.233299342493, 0.781036406804, -0.579269840437, 0.962758922765, 0.269226336369, -0.024747453233, -0.136626034959, 0.563470772137, 0.814760096911,  
166, 7, 6493525.82315312, 115.73480588111077, 211.16817143267892, 138.25417570115945, 53.098865996848915, 0.685398467537, -0.697970837597, 0.207522650719, -0.534543207986, -0.288756594242, 0.794281554663, 0.494461828146, 0.655329183804, 0.571008897795,  
167, 11, 5953380.371646278, 112.43244988761596, 178.90121978858767, 108.93799870699081, 72.92598900685014, 0.686620334266, -0.387191567103, -0.615333411198, 0.396620845287, -0.509842473065, 0.763382314272, -0.609298302686, -0.768207877481, -0.196499962647,  
168, 10, 8237252.971652752, 125.28466944165565, 235.81115781577427, 114.85201544873811, 72.60906144241349, 0.770026489864, -0.631291148975, 0.0923617352203, 0.424750489694, 0.615259013199, 0.664110960745, -0.476073761525, -0.472152339719, 0.741906962958,  
169, 12, 4027354.6466367748, 98.69847034418424, 189.1295342280762, 76.81034419839692, 66.18387658123942, 0.386523983447, -0.819818065859, 0.422489702965, -0.751509089392, -0.54551541655, -0.371008111592, -0.534633798764, 0.174101318769, 0.826955519978,  
