# Void_ID, Void_Volume, r = (a*b*c)**(1/3.0), a, b, c, vector_a, vector_b, vector_c 

0, 8, 6930398.621406523, 118.27415898043247, 199.17651795645963, 108.41296953605621, 76.62142588022074, 0.305181085131, -0.660562068749, -0.685946250524, -0.856015577433, -0.505896593857, 0.106329523262, 0.417255121564, -0.554730916439, 0.719841492188,  
1, 7, 5515133.513573528, 109.60300811206439, 225.36742107486535, 126.83772386115346, 46.060414975379736, 0.662785137314, -0.728937674116, 0.171364316619, -0.371553089514, -0.121451263795, 0.920433534914, -0.650126267296, -0.673720608099, -0.351335137433,  
2, 8, 7007457.183717173, 118.71090463061066, 166.7888156341481, 134.83162917289505, 74.38975641577473, -0.454586670845, 0.890694777091, 0.00371116600307, -0.411147578342, -0.213531137186, 0.886206591194, -0.790132031697, -0.401331867057, -0.463275409418,  
3, 11, 9911196.519819109, 133.25366399046266, 222.67192745747195, 121.80864971856175, 87.23562577491818, 0.762295391393, -0.641010307692, 0.0895071041446, -0.292548969355, -0.217888907812, 0.93109587282, -0.577339446764, -0.735955303863, -0.353622615122,  
4, 8, 2234508.2067082296, 81.10191610233221, 235.3308203935681, 106.42941438734965, 21.298688573695784, 0.623683026507, -0.737109291887, 0.260171816807, -0.619969997161, -0.669173464186, -0.409687780449, -0.476084745678, -0.0942165943065, 0.874337777,  
5, 7, 1853538.1935922164, 76.20280830576857, 217.15332777843844, 63.463223973006166, 32.108817391483996, 0.908697150927, -0.239704647799, -0.341776490883, -0.325464731318, 0.105904908795, -0.939604629065, -0.261423404776, -0.965052243206, -0.0182200800993,  
6, 7, 8571503.051771818, 126.95684607816271, 221.77915254245394, 110.51420054620577, 83.48905950494522, 0.348442317019, -0.90144570947, -0.256872701134, -0.803779847375, -0.146373837846, -0.576639104248, -0.482209403335, -0.407394566081, 0.775566733985,  
7, 24, 10533064.999518717, 135.9842838109304, 180.12198765466115, 128.6924960993752, 108.47913154127252, 0.681622705993, -0.711348990923, -0.171385821429, -0.58605737114, -0.390517426282, -0.709952743147, -0.438095017555, -0.584361833869, 0.683076864424,  
8, 8, 5659553.911652544, 110.55147226555118, 223.3983874702881, 118.14784121311696, 51.19031091554775, 0.613755792753, -0.626523376836, 0.480387640494, -0.62725463155, -0.756473956569, -0.185199298679, -0.479432429088, 0.187658230061, 0.857279962806,  
9, 7, 6644640.235509677, 116.62570644756231, 206.57560268081212, 135.69066500095428, 56.59184630564718, 0.798716222098, -0.51758712189, 0.306848444369, -0.424412119064, -0.123116200557, 0.89706006173, 0.426528720896, 0.846726622006, 0.318005153789,  
10, 10, 4228755.8605505545, 100.31703043831095, 209.08540266627762, 78.1960216873034, 61.746967208302124, -0.895701107519, 0.421578513721, 0.141389825513, -0.162101305536, -0.605676981391, 0.779024108071, 0.41405638835, 0.674853281078, 0.610843970491,  
11, 11, 6550728.829478873, 116.07365791294389, 194.23342915597664, 141.82485732942595, 56.770756269143114, -0.317896360602, 0.864309383059, -0.389757866211, -0.616475878273, -0.500748945096, -0.607624872345, -0.720346718896, 0.0471145873565, 0.692012153242,  
12, 12, 9890909.71978258, 133.16268483214506, 238.98576374664617, 113.14585798188777, 87.32466685194127, -0.768717268971, 0.591051478274, 0.244401126054, 0.627556129242, 0.770788776332, 0.109808774379, 0.123479006461, -0.237787325798, 0.963436620984,  
13, 7, 3039194.3945954903, 89.85797419677598, 136.1349658718654, 108.62303619845697, 49.06572783932737, 0.376386887841, -0.878786452376, -0.293372258029, -0.59893796228, -0.472393334699, 0.646620332708, -0.706828287493, -0.0676676322299, -0.70414122415,  
14, 5, 1273879.5512643096, 67.2480845937033, 236.75171353325982, 84.45171573287313, 15.210312917799898, -0.805617983318, 0.591471221844, 0.0337854803822, 0.064856815234, 0.0313660699131, 0.997401505501, 0.588874569388, 0.805715808079, -0.0636300097394,  
15, 8, 5352114.112166098, 108.51228740664767, 239.90730244971482, 103.85943050415173, 51.27992138874545, -0.746100727697, 0.641899666908, -0.176913882309, 0.607330486598, 0.547174973471, -0.575976760343, 0.272916441752, 0.537181874257, 0.798092882935,  
16, 10, 9969025.389473904, 133.51232666953774, 168.48084898708606, 138.85733106397845, 101.72899099233918, -0.715441978386, 0.652079541173, -0.250868586209, 0.467450647324, 0.713610657183, 0.52177554779, -0.519261656469, -0.256031447167, 0.815362024001,  
17, 5, 848608.713441838, 58.731752388650946, 183.88660830898127, 41.919030512270545, 26.281947596099258, -0.410702888635, 0.870788564832, 0.270278398368, 0.809834222152, 0.212193159576, 0.546939297967, -0.418917259012, -0.44351024609, 0.792342723646,  
18, 6, 2827290.191557857, 87.7190512390645, 211.04496535841332, 150.61237953996093, 21.234699084337876, -0.153777922731, 0.916884757451, 0.36834045669, 0.341250836682, -0.30055732528, 0.890625151612, 0.927308048571, 0.262654974776, -0.266668609478,  
19, 8, 2350974.019278537, 82.48717054854446, 122.71109237798123, 76.1365215074451, 60.07342137740849, 0.0560809400278, -0.984834403849, 0.164183206085, 0.655739051908, -0.0876728242111, -0.749879838173, 0.752901868751, 0.14971530613, 0.64087760387,  
20, 6, 1954365.9935661508, 77.56023137253612, 258.2629408679283, 106.94031993686565, 16.893269745322485, 0.684798000329, -0.679899348181, -0.262275761535, -0.581187421752, -0.726673146582, 0.36628857317, 0.439628115051, 0.0984023088158, 0.892773266892,  
21, 10, 11045996.155742984, 138.15674506262187, 242.0791343333933, 118.37548656644032, 92.02316024481757, -0.710106915251, 0.601038996493, -0.366742816709, -0.274427000811, 0.243418806476, 0.930288721785, 0.648411898517, 0.761248585778, -0.00791204860278,  
22, 6, 4255887.677299934, 100.531118854537, 232.42399275782097, 112.91565952056503, 38.71385463686224, -0.87741303422, 0.474973471792, -0.0674282468603, 0.442330271526, 0.855380428397, 0.2695704984, -0.185715638203, -0.206699114195, 0.960617081837,  
23, 16, 13207382.73983896, 146.636713383984, 205.9716391674069, 129.76260379480954, 117.96989084904085, -0.62453648723, 0.764770600524, 0.158366993697, 0.265246135592, 0.0169791613561, 0.964031221296, 0.734573797295, 0.644078905611, -0.213456552193,  
24, 7, 12292351.969743477, 143.16893441135755, 260.66523756405036, 134.55684547918904, 83.66762925845939, 0.667648427846, -0.675419291779, 0.313136323488, -0.512511928646, -0.111911585567, 0.851356165193, -0.539978795686, -0.728892706308, -0.420878038036,  
25, 8, 6200717.6914584, 113.96839964824785, 197.05883227612506, 116.17046573493039, 64.66387322781875, -0.619902054693, 0.758881901915, 0.199548744753, -0.136930765021, -0.355023964333, 0.924774540275, 0.772639248406, 0.545945275366, 0.323994364345,  
26, 9, 4937840.266708993, 105.63702028995208, 233.9804849231318, 139.09803907757188, 36.219944732133364, 0.662670122, -0.725145012737, -0.187171097958, 0.234995138095, -0.0359663416084, 0.971330894877, -0.711087613786, -0.687656260623, 0.146571732425,  
27, 9, 5504128.145427545, 109.53005583301393, 165.9089244548424, 95.78064683698895, 82.68988988509888, 0.478054340381, -0.87525020354, 0.073492372708, -0.53351253743, -0.222891657277, 0.815894405865, -0.69773090805, -0.429250964261, -0.573511281173,  
29, 17, 14202320.004742164, 150.23007873645483, 205.66586308323522, 135.19941757607123, 121.93647931549337, -0.608382345456, 0.793554742732, -0.0119076456466, 0.109959183704, 0.0991407864714, 0.988979313422, 0.785989757984, 0.600368199312, -0.147574135939,  
30, 10, 12623122.654643977, 144.44174647877082, 218.72497511049758, 177.67661676243134, 77.5442394977489, -0.746813811625, 0.663840984107, -0.0398029971982, 0.47781326417, 0.577238436519, 0.662185979909, -0.462562012436, -0.475511235646, 0.748281664499,  
31, 6, 1101230.7501879237, 64.06142183324354, 160.5280958654176, 73.12259191489603, 22.396857626979365, -0.466353738402, 0.874248602038, 0.134920615596, 0.834169999062, 0.485384264878, -0.261844473062, 0.294405508344, 0.00956541910706, 0.95563272203,  
32, 8, 8319915.114357191, 125.70235920391254, 205.0493023665291, 129.2618069737006, 74.93794290992358, 0.707512838941, -0.698893601869, 0.104753596598, -0.510497345837, -0.402936381524, 0.759628022349, 0.488690129455, 0.590923011662, 0.641865991981,  
33, 7, 2234236.6134662605, 81.09863012576831, 181.17564423120163, 139.73717995106784, 21.068264715124688, 0.472262747189, -0.519552029874, 0.712062908648, -0.825132251372, 0.0235649324355, 0.564447926477, -0.310039780292, -0.854113799334, -0.417570296386,  
34, 10, 7334572.2078009555, 120.53006563710525, 232.5721860611182, 153.85713117592462, 48.93400633277862, -0.933671542902, 0.354978345683, -0.0474112230447, 0.338618808631, 0.918133745016, 0.205834226271, -0.116596536897, -0.176127227762, 0.977437694804,  
35, 7, 3108814.576479717, 90.53893954287477, 270.6411961715824, 65.64834443141756, 41.77231341142584, 0.757326555838, -0.638449667046, -0.137253453406, 0.415680046497, 0.30919765101, 0.85534023146, -0.503653240601, -0.704825393455, 0.499554379396,  
36, 9, 9869695.763107145, 133.06741454420805, 172.3455930991699, 132.40099705745234, 103.25800209372626, 0.95424591738, -0.273881241615, -0.120015810025, 0.235585082392, 0.441406340847, 0.865829146665, -0.184158622168, -0.854487862846, 0.485732533531,  
37, 5, 2428238.973606324, 83.38109714111334, 132.23208777228962, 108.5329683734674, 40.392829834844804, -0.569817107225, 0.751322873411, -0.332899991294, -0.76260131818, -0.63439222483, -0.12643470483, -0.306182451855, 0.181825314424, 0.93444735604,  
38, 6, 4470743.945147419, 102.19517599496578, 177.63477827324132, 123.35795751593905, 48.70752022386258, 0.774168330672, -0.632761637795, -0.0166164231717, -0.389299301318, -0.496669083761, 0.775735699339, -0.499108655282, -0.594081249469, -0.630839138966,  
39, 12, 6337303.20339485, 114.79913761504268, 157.85193405314783, 134.87468991017676, 71.06168647971931, -0.817546670346, 0.462373630118, 0.343260932788, 0.327923884306, -0.116193478362, 0.93753133371, -0.473374447883, -0.87903907863, 0.0566297654384,  
40, 6, 5345596.911421434, 108.46822484322014, 270.20165045338246, 105.80081253333452, 44.64065904141725, 0.75689530286, -0.649721068658, -0.070512647451, 0.352140712647, 0.314560362329, 0.881503656798, -0.55055101399, -0.692036351208, 0.466882500852,  
41, 12, 8149722.180518484, 124.83932111556607, 205.81348524077126, 121.9303049031738, 77.52980791263616, -0.68388066169, 0.708971519702, -0.172240020952, 0.152061447675, 0.369397354556, 0.916745826594, 0.71357168995, 0.600753675559, -0.360430942906,  
42, 10, 14436435.69287184, 151.05106457832673, 217.93279671341872, 142.0677064471629, 111.3149280523359, 0.454001737512, -0.858622338831, -0.238012818136, 0.293248169927, -0.108255083264, 0.949887544808, -0.841360762795, -0.501047419121, 0.202641433624,  
44, 5, 5859126.567295559, 111.83594798855655, 216.8821425270205, 209.3097633818246, 30.81278748931502, 0.316355319156, 0.786818599408, 0.529939433961, 0.899346891761, -0.42648917587, 0.0963439211618, 0.301818621561, 0.446120470827, -0.842544981107,  
45, 9, 9984624.549720827, 133.58192875334288, 204.08664298918288, 152.85171306709796, 76.41141411342662, -0.631598588377, 0.72782847391, -0.267112215605, 0.746270399537, 0.664119631635, 0.0450067289673, -0.210151645093, 0.170911753378, 0.962613867873,  
46, 9, 6857067.666336722, 117.85552367971933, 216.36171649855567, 129.25068380527028, 58.53782179209705, -0.767316380586, 0.572878398427, 0.288159526478, -0.132110511501, -0.580938607755, 0.803154497448, 0.627512856311, 0.578204699596, 0.521446968089,  
47, 6, 15158971.92058465, 153.53016372962108, 253.21201384315685, 123.72507994196752, 115.51518788616207, -0.774107094437, 0.626822654946, 0.0886090604176, 0.296048835046, 0.234726549404, 0.925882570455, 0.559565271984, 0.742964875516, -0.367273603923,  
48, 10, 5418458.802219271, 108.958819375428, 201.36556548372096, 88.58268247120213, 72.5192214273776, -0.552269284912, 0.830596457506, -0.071471404913, -0.190161653988, -0.0420391245605, 0.980852311696, 0.811687860138, 0.555285725356, 0.181164513415,  
49, 12, 11142031.242545249, 138.55597354412896, 213.13424344219283, 139.64402798667928, 89.3717297268755, -0.341930410832, 0.924188973575, 0.170171487832, 0.904785192625, 0.274854035534, 0.325298346688, -0.253864824967, -0.265198039723, 0.930173451767,  
50, 9, 5595841.08842992, 110.1350587608872, 180.0131544206817, 99.57653356709366, 74.52732229028226, 0.446660977649, -0.769097909331, 0.457145903305, 0.324768825383, 0.615468811853, 0.718138810882, -0.83367810401, -0.172297845311, 0.524684925833,  
52, 6, 1512413.5680592076, 71.20775905385999, 140.9339441354691, 109.00279475506092, 23.503293087494452, -0.136051533039, 0.914317717781, 0.381461782239, 0.72092930826, -0.172729599768, 0.671137406091, 0.679522562428, 0.366316251776, -0.635658312961,  
53, 9, 6932815.852386925, 118.28790820056729, 167.94495937393455, 121.39899339981427, 81.17812126412073, -0.75502143176, 0.621134193113, -0.210083201921, 0.646040323787, 0.759476272455, -0.0763393189607, -0.112136245815, 0.193360041692, 0.97469859785,  
54, 23, 9574401.463490663, 131.7268605914211, 187.68848734025443, 127.36060723366838, 95.62033687145419, 0.784040346706, -0.577599150433, 0.227288266648, -0.203036056041, 0.107381312248, 0.973265438474, -0.58656380274, -0.809227085062, -0.0330821721918,  
55, 8, 7984766.4581442475, 123.99129701475644, 274.3173121050563, 141.16650248988245, 49.225341458659095, -0.607939975634, 0.768786687572, -0.198433905967, 0.779334430308, 0.530001517213, -0.334269707704, 0.151811830112, 0.357862293017, 0.921351044648,  
56, 6, 4610612.065763292, 103.24998353098033, 185.70196774988932, 114.51921255827553, 51.75771732724602, -0.528423786327, 0.831751105894, -0.170171677691, 0.845098098767, 0.534480041771, -0.0118443408114, -0.0811018218323, 0.150070592699, 0.985343245627,  
57, 5, 4477740.260100141, 102.24845698545414, 205.58848566112272, 128.87612445629856, 40.34586522467038, 0.74735680642, -0.648335294322, 0.14532429265, -0.44662043195, -0.652141162108, -0.612570073093, -0.491922751723, -0.39290361518, 0.776941925446,  
58, 13, 7517548.447679788, 121.52413601628068, 211.04192697117452, 123.17157991585981, 69.04120625343803, -0.465849058394, 0.857893617475, -0.216802204529, 0.874186299674, 0.484148153746, 0.0374015866873, -0.137050969553, 0.172102022998, 0.97549880852,  
59, 9, 4014980.197717825, 98.59727966841186, 198.46889504560232, 104.18872533064268, 46.35340285788853, -0.746849486596, 0.661572864982, -0.0673586571239, 0.618470957026, 0.653807828544, -0.435923156818, 0.24435531442, 0.367228359, 0.897459644029,  
60, 23, 10490783.995438356, 135.8020873215907, 221.9373250472298, 108.91355266960146, 103.61128593565749, 0.408430399458, -0.905614343524, -0.114224645338, -0.687677867326, -0.222995948103, -0.690921093845, -0.600236419745, -0.360742938855, 0.713849264535,  
61, 11, 3667609.6153732566, 95.66758944901228, 175.93426078605228, 97.40463078607179, 51.09336053957431, 0.548376734294, -0.836097646017, -0.0149560559415, 0.474485225368, 0.296376915195, 0.828869407716, -0.688583130923, -0.461629126533, 0.559242184875,  
62, 6, 6394944.507521969, 115.14614170968524, 232.99618980326053, 140.34885138139305, 46.68641101799852, 0.829713907459, -0.514144121083, 0.217326147817, -0.505279498518, -0.857257557046, -0.0990056021861, -0.237207630878, 0.0276641219335, 0.971065001023,  
63, 15, 16962491.644956473, 159.39218072893522, 238.36879262263378, 152.29367407582663, 111.55005188153552, -0.778088414652, 0.613003524273, -0.137131682017, 0.59446285963, 0.789129850311, 0.154557393443, -0.202958930586, -0.0387396253987, 0.978420622186,  
64, 6, 2692587.3056191048, 86.30323229478766, 240.16556229825983, 101.17767677913218, 26.453658833258793, -0.701011307179, 0.578156199277, 0.417514737997, 0.712988094613, 0.5557054777, 0.427597239227, -0.0152027677272, -0.597433537134, 0.80177431024,  
65, 7, 7037278.118952392, 118.87906169706261, 181.13565927657027, 115.02733049381659, 80.63268257663647, 0.507926580443, -0.709036791992, 0.489159908906, -0.638621894915, -0.691047226327, -0.338549562576, -0.578076694059, 0.140429906313, 0.803807674259,  
66, 7, 6074819.387538314, 113.19178804140294, 173.41062023674604, 128.86858015137457, 64.8966121930551, 0.280892350136, -0.738292285317, 0.613207949293, -0.102882311571, 0.612086662698, 0.784069606166, 0.954208948607, 0.283327405643, -0.0959732442431,  
67, 8, 5267984.543353197, 107.94071592898817, 171.57559532361415, 132.08043468089173, 55.49602520619538, -0.810687543128, 0.566068789754, -0.149505293164, 0.451676941288, 0.767158537576, 0.455473071579, -0.372523352457, -0.301718251836, 0.877606089531,  
68, 8, 5372594.3905511, 108.65052145390477, 197.91701896683844, 123.43948089185402, 52.4998687097344, 0.604109383623, -0.7512391968, 0.265878772771, -0.589292369525, -0.196529383336, 0.783652157979, 0.536457226476, 0.630091954144, 0.561424770993,  
69, 8, 7655183.527744793, 122.26129716790135, 164.77452492141066, 136.7217689971039, 81.12211419589876, -0.568862973347, 0.66064685311, 0.489837374065, 0.811900560599, 0.546117620326, 0.206332315621, 0.131196026061, -0.515074053167, 0.847045643693,  
70, 5, 2685858.588925583, 86.2312823653755, 248.58300532704385, 116.24487268188005, 22.189590802840215, -0.594247157584, 0.753764749563, -0.280551275206, -0.227074830858, 0.177393605333, 0.957584737753, 0.771561622227, 0.63274814192, 0.0657453572707,  
71, 21, 9417656.424427334, 131.004056717081, 222.398208654655, 104.35627087963042, 96.87336750341491, 0.566814408396, -0.735930176998, 0.370308251351, -0.607937020042, -0.676983248247, -0.414856916607, -0.555998206919, -0.0100227829322, 0.831123058112,  
72, 12, 12455102.144689616, 143.79801622470907, 193.19357583900816, 154.1099455783996, 99.87006584436801, -0.931311530263, 0.35730910556, 0.0706331132222, 0.36413705718, 0.917641590765, 0.159179503975, 0.00793959618924, -0.173965841421, 0.984719680331,  
73, 9, 9850927.862258064, 132.9830154311194, 216.5274152627477, 123.57210999768647, 87.89317956085385, -0.673361507156, 0.737414809588, 0.0529497807468, 0.0767539592777, -0.00150574731449, 0.997048926814, 0.735318373506, 0.675438473383, -0.0555855939848,  
74, 7, 7460901.747677459, 121.21812735573882, 196.71396300931292, 132.05407524889026, 68.56708954715975, 0.697918136847, -0.623762342539, -0.351896027669, -0.61652448573, -0.273252318821, -0.738397405707, -0.364428089965, -0.732293459133, 0.575272506692,  
75, 7, 5938863.540581918, 112.34098973046292, 191.79184853094765, 106.69762870204158, 69.283500914207, 0.680961110927, -0.637714916996, 0.360016180256, 0.504521712254, 0.764863422283, 0.40055185322, -0.530801099536, -0.0911242552507, 0.842583267598,  
76, 6, 7301143.35358145, 120.34667303619818, 167.2248555263229, 153.58581489196322, 67.86569962661456, -0.193910664282, 0.864175339451, 0.46432707972, -0.968792414505, -0.243180101196, 0.0480072492513, 0.154401787152, -0.44052743509, 0.884361728626,  
77, 7, 5242134.203173294, 107.7638689929451, 163.002709608156, 120.41231296981279, 63.76080672258879, -0.582119921751, 0.447938813119, -0.678592083952, 0.78450035918, 0.0900000100544, -0.613562698212, 0.213765252433, 0.889522803469, 0.403798958593,  
78, 14, 9299285.588304473, 130.45287617858833, 200.74128861975265, 116.5799710916753, 94.8637580103045, -0.810134998807, 0.570318490636, -0.135713311604, 0.543586600399, 0.817471388923, 0.190405189423, -0.219533349574, -0.0804819702225, 0.972279672159,  
79, 11, 9669548.083567616, 132.16177293201827, 184.6921916528767, 131.54632341196967, 95.01459437705948, 0.818269373633, -0.517580241179, 0.250091835362, -0.193825028957, 0.161162901833, 0.967707795371, -0.541171960031, -0.840319708809, 0.031554661502,  
80, 8, 9656334.555978501, 132.1015453916389, 256.6425040278514, 107.61089496191228, 83.47162484072331, 0.560167685953, -0.802316835787, 0.206154938402, 0.534251888679, 0.540098154456, 0.650283709619, -0.633077470028, -0.254129255629, 0.731184818207,  
81, 10, 12517221.411588056, 144.0366819510554, 220.31853561924342, 173.8615205668562, 78.01261129061066, -0.559169222815, 0.718890748624, 0.412947783381, 0.828626362711, 0.468630488988, 0.306208778141, -0.0266107361005, -0.513401944225, 0.857735572534,  
82, 8, 9087815.739919646, 129.456432433086, 266.80420299100865, 156.33677751841748, 52.013620059807565, 0.855070890954, -0.490281373935, -0.168754098665, -0.413033516093, -0.447293244999, -0.793304523851, -0.313459863504, -0.748032704733, 0.58497007327,  
84, 6, 2783043.7054464095, 87.25904838932492, 202.69903293911972, 100.03183491038433, 32.7673639833545, -0.94526288005, 0.314595149804, -0.0866485967559, 0.0406600745019, 0.377028002068, 0.925308945163, 0.323766653535, 0.871137060041, -0.369182037323,  
85, 8, 3583794.475515688, 94.9332091454617, 168.6260073361638, 118.69876334084564, 42.74484385769966, -0.92382588196, 0.0084077586087, -0.382720589223, 0.370569830977, -0.231178833759, -0.899574536763, 0.0960403050277, 0.972874943874, -0.210453328301,  
86, 9, 7014915.480994873, 118.75300584100796, 149.15975873512755, 117.91275973814165, 95.21850472030563, 0.448379817428, -0.725118834333, -0.522645401223, -0.652984614544, 0.133561286791, -0.745501492849, -0.61038236581, -0.675547229117, 0.413605257148,  
88, 7, 9716018.09417851, 132.37314946973677, 198.3774844738741, 132.95018374195212, 87.94646441976292, -0.199909948785, 0.967711700159, -0.153525495445, 0.951964947516, 0.228920710082, 0.203366779972, -0.231945577836, 0.105495847645, 0.966991145281,  
89, 7, 8040051.17966544, 124.27680169076426, 222.45614888818668, 97.39375910384801, 88.59203155315541, -0.846400498316, 0.516822842202, -0.128453673475, 0.528324736554, 0.784584183641, -0.324500587867, 0.0669265955788, 0.342522712472, 0.937122735956,  
90, 18, 6358823.366325893, 114.9289354643823, 167.57006643305607, 126.9355633699609, 71.36880014471937, 0.523459061734, -0.850921980283, 0.0438451155846, -0.450679319087, -0.232838127784, 0.86178567962, -0.723103562456, -0.470869610106, -0.505374166575,  
91, 7, 8363263.978383821, 125.92029484586878, 184.8675464056498, 131.425972229733, 82.17606100865599, -0.973135723808, 0.164866803404, -0.160704076439, 0.226933612115, 0.804600319194, -0.5487435303, -0.0388329594693, 0.570471089091, 0.820399133209,  
92, 7, 2203407.924654002, 80.72389321952544, 114.86771005543551, 76.55676636286042, 59.81701723746254, -0.291533199814, 0.826668817774, -0.481276489273, 0.0288478204961, 0.510501487423, 0.859392829032, 0.956125617615, 0.236657763573, -0.172675725803,  
93, 8, 9023394.02960926, 129.14980982953605, 167.420289830759, 126.77888339260072, 101.49071245855198, -0.668800498504, 0.703243734792, 0.241151700547, 0.715715329541, 0.521284237499, 0.464773397254, -0.201140399376, -0.483436648601, 0.851957479296,  
94, 5, 2355693.8222790593, 82.54233391879971, 237.16468579789603, 94.94265734010044, 24.97576666610184, -0.72018091996, 0.665923224895, -0.194642495541, 0.649095603888, 0.547666460764, -0.52795487001, 0.244978242989, 0.506564612166, 0.826666773351,  
95, 7, 11796519.203597993, 141.21746891817958, 279.1261113619744, 128.30711475059948, 78.63466942564749, -0.759221115987, 0.650192863829, -0.0288537149374, 0.134355642668, 0.199955440247, 0.970549526402, 0.636813833332, 0.732985035141, -0.23916747257,  
96, 9, 12861559.508706152, 145.34552805039462, 165.10171298437598, 161.03733240518352, 115.48534474514037, 0.519701502268, -0.811590041013, -0.266893150661, -0.824874227876, -0.558006760316, 0.0906143676637, -0.222469900719, 0.173060858575, -0.959456660044,  
97, 7, 4139954.1030563693, 99.6098544947779, 242.72304728901327, 100.87387645058541, 40.366137082325736, 0.768501579607, -0.578847779027, -0.272654673273, -0.544119781643, -0.815428405486, 0.197509945955, 0.336658559027, 0.00342990416949, 0.941620544801,  
98, 8, 12271317.238395952, 143.08722399795545, 213.5129649740977, 130.7072836675061, 104.97322347405579, -0.785831103313, 0.564692058262, -0.252175249385, 0.598894505016, 0.593149270187, -0.538051405666, 0.154255790584, 0.573843900911, 0.804306116139,  
99, 7, 7666744.582378986, 122.32281359333304, 215.31501560045228, 117.98344934953232, 72.04883768740598, 0.775481884315, -0.630754991228, 0.0278565636866, -0.374326843386, -0.42379026586, 0.824791625129, -0.508436093742, -0.650038423174, -0.56475019874,  
100, 5, 2587914.365342455, 85.1700882693687, 217.978278231759, 125.50242058917588, 22.58374554846438, -0.746291162379, 0.664146485207, 0.0442599948398, 0.651103413231, 0.714588678544, 0.255787735781, -0.138252834453, -0.219709960368, 0.965719258937,  
101, 12, 8772942.308249947, 127.94369473300775, 197.20177973644974, 114.67046400971883, 92.61775806709815, -0.870977217372, 0.490500828419, 0.0284187286739, 0.148324163484, 0.207353985508, 0.966956186816, 0.468400074024, 0.846411993071, -0.253353722372,  
102, 6, 1477978.0144451323, 70.6631708462953, 154.43814321913578, 82.49466213339699, 27.6948453764064, 0.742019806257, -0.336669241441, -0.57970719246, -0.570218211033, -0.771678154621, -0.281716200257, 0.352502197056, -0.539598598541, 0.764575407349,  
103, 12, 4430586.677569356, 101.88827494398389, 136.8525373733693, 112.9330377086829, 68.43822919156409, -0.977401816773, 0.195586708885, -0.0801968071434, 0.131972852352, 0.860945779836, 0.491279483008, 0.165132839891, 0.469593657847, -0.867302105209,  
104, 9, 9010994.410982186, 129.0906250602866, 239.93506004653153, 121.30405588349309, 73.91202073431376, -0.674432140169, 0.737518431663, -0.03475415462, -0.204677130004, -0.141528553167, 0.968543721828, 0.7094001415, 0.660330395783, 0.246404560925,  
105, 10, 7573204.008170382, 121.82329698479641, 177.89439948544506, 139.19074738225467, 73.01606165768203, -0.833982996798, 0.541390204546, -0.106625547945, -0.294720170139, -0.273684874724, 0.915552625828, -0.466489423637, -0.794980022245, -0.387807145196,  
106, 8, 8222614.911688241, 125.21041281294507, 286.6741662055438, 131.2526112760157, 52.170479901330495, 0.655028443357, -0.719774169297, -0.22991929803, -0.478047444436, -0.630410368755, 0.611599058073, -0.585156713422, -0.290702446118, -0.757022924724,  
107, 7, 12300866.257168274, 143.2019820637234, 221.35200617340803, 138.64905100123627, 95.6856306280315, 0.878294085486, -0.478120321969, 0.000676107413648, -0.260703102893, -0.477718201335, 0.838939337649, -0.400790957411, -0.737011721639, -0.544224522255,  
108, 7, 3526654.218220327, 94.42596319713869, 213.1770767566626, 84.30564427086173, 46.84649645271105, 0.702028928467, -0.557255713116, 0.443420177478, -0.500165841116, 0.0574149905796, 0.86402410281, 0.506941332874, 0.828353541102, 0.238413288153,  
109, 5, 9999527.352894494, 133.6483560738924, 254.50784238217625, 130.6373607985404, 71.79964488048141, 0.697451319038, -0.687985230981, -0.200594066524, 0.478337358235, 0.238494614829, 0.845170805467, -0.533624427185, -0.685417128944, 0.495427421588,  
110, 10, 9701961.032425731, 132.3092798327875, 254.1632619223709, 103.01427028751856, 88.46281408722926, 0.601676857345, -0.792322398128, 0.101045419289, -0.556021706168, -0.324655116686, 0.765139802572, -0.573432490887, -0.516550358274, -0.635885921971,  
111, 7, 10231893.241831528, 134.6756654950884, 188.85713796600854, 122.78407112178968, 105.3396710564502, -0.946272131137, 0.243355456709, 0.21294876267, 0.3113463315, 0.507730246782, 0.80328914991, -0.0873642701236, -0.82643095186, 0.556218811363,  
112, 7, 3652090.70402953, 95.53246458005708, 233.1442100739138, 87.73416908890943, 42.624524179843, 0.651762234363, -0.615794644634, 0.442722199013, -0.315370716747, 0.310828777399, 0.896619641854, -0.689744373574, -0.724004438371, 0.00838286001418,  
113, 6, 8723719.506268047, 127.7039590340653, 232.8142970398214, 166.06926071566187, 53.865932801045986, -0.653283307599, 0.755075249287, 0.0555183566617, -0.02530502521, -0.0950639223353, 0.995149489458, 0.756690541577, 0.648709656614, 0.0812108718352,  
114, 11, 11073587.449724441, 138.27168124507614, 189.4788946460762, 136.51938059995967, 102.19851343648506, 0.722943848288, -0.613456055871, 0.317842507758, 0.346809913151, 0.720091837185, 0.600991372783, -0.597557592506, -0.324252083317, 0.733338605354,  
115, 6, 10456143.125763321, 135.65244836724685, 182.8292890590724, 152.62754664543547, 89.45491680767424, -0.401817253286, -0.767654876059, -0.499248321203, 0.869013637088, -0.491561482468, 0.0564146036757, -0.288718190483, -0.411185238325, 0.864620440579,  
116, 6, 6635650.365236076, 116.57308643485223, 170.012626647458, 147.21884733184763, 63.292215094590134, -0.858230947143, 0.433350177588, -0.275040478749, 0.414080541827, 0.901216024044, 0.127855320131, -0.303277012394, 0.00415951797184, 0.952893358233,  
117, 6, 4155270.333345499, 99.73254264177228, 261.6252069037208, 94.41056656172543, 40.161551821901206, -0.597651589591, 0.686929943868, 0.413448702594, 0.754381730344, 0.656435966267, -0.000164666528801, 0.271515712958, -0.311799734458, 0.910527398384,  
118, 7, 3728456.6393687855, 96.19374415937051, 146.52311701089664, 94.13616685234206, 64.53240167144915, 0.283972155386, -0.84040670998, 0.461601967919, -0.829412183941, -0.456847390234, -0.321505662729, -0.481077170624, 0.291559640309, 0.82677550281,  
119, 8, 6754752.5565345455, 117.26640509745438, 189.53955158714882, 113.44086481524148, 74.99830660647362, -0.303419776602, 0.722561366347, -0.621161421073, 0.952742649373, 0.240157358219, -0.18602657702, -0.0147608682443, 0.648251120443, 0.761283522489,  
120, 7, 13625732.068001995, 148.16890744135284, 184.67712860284607, 165.82977207169097, 106.21738821216937, -0.130303312895, 0.990015966409, -0.0537534455019, 0.862508226626, 0.139925702844, 0.486313023356, 0.488979146437, 0.0170054090922, -0.872129698159,  
121, 5, 3719444.329872736, 96.11617611795086, 245.81428437145198, 112.77563307569585, 32.03074673506625, -0.734932429311, 0.654768611278, 0.17650039669, 0.10037068738, -0.152377088531, 0.983212565016, 0.670671342359, 0.740310265075, 0.046267288256,  
122, 9, 5657181.032717787, 110.53601981505467, 236.8062623968225, 97.92746923932343, 58.23897904548441, 0.39916115319, -0.909864378714, 0.113213012204, 0.472769728591, 0.310039771073, 0.824841878229, -0.785594779459, -0.27572115026, 0.553912167935,  
123, 6, 8804692.092113802, 128.0978541136042, 209.5592952356158, 132.70448909643451, 75.58454795710527, -0.95192485574, -0.178221608605, -0.249150812261, -0.29460776657, 0.755486017292, 0.585189833775, -0.0839364813457, -0.630458512436, 0.77167138809,  
124, 11, 6326398.602440103, 114.73325483358036, 230.39506418154383, 116.72910418968081, 56.15851547688224, 0.562132549452, -0.822183580424, 0.0895609118265, 0.31008607257, 0.30991230292, 0.89877749866, -0.766716130289, -0.477460495307, 0.429159470332,  
126, 8, 7964093.067306041, 123.88419574138254, 264.5314155531132, 105.70005962652226, 67.9978574918554, 0.623473134161, -0.749526699288, -0.222465678329, -0.399213074098, -0.549840325134, 0.733692400346, -0.672242644027, -0.368626293027, -0.642031528541,  
127, 8, 6694694.744139371, 116.91782384424172, 212.68267625468457, 125.34252736724346, 59.953094756946406, 0.351235969679, -0.90448156317, 0.241963624311, -0.718958554251, -0.426093218099, -0.549129462659, -0.599776534114, -0.0189122017799, 0.799944021635,  
128, 5, 6835635.51735017, 117.7326075171289, 253.22778377926315, 110.38816434119826, 58.3789692573243, -0.799697558197, 0.566140158493, 0.199922825997, -0.0825202482756, -0.433460312652, 0.897386519834, 0.594705157231, 0.701140127434, 0.393355180041,  
129, 5, 5155214.6468302915, 107.16493736094142, 168.3761850891804, 125.07617194787741, 58.4390163207361, 0.524242425858, -0.508325717065, -0.683209224397, -0.193671940875, -0.852440750864, 0.48562943237, -0.829253313679, -0.122269095181, -0.545334035354,  
130, 8, 9409880.0934614, 130.96798930708033, 212.32672054778365, 165.66946446166372, 63.862859398520634, -0.867301104507, 0.497085434607, -0.026360288731, 0.483678271019, 0.854059138498, 0.191411384437, -0.117661056706, -0.15326140626, 0.981155857693,  
131, 8, 3394444.2947136895, 93.23093195995992, 128.57531370303582, 100.52045345942813, 62.70007278789224, 0.111913465658, 0.992510377025, 0.0489747659772, -0.397121603566, -0.000507917388188, 0.91776586012, 0.910917014983, -0.122159295668, 0.394090469685,  
132, 11, 7495041.068092424, 121.40273455467083, 171.13635755911434, 117.00714556440025, 89.3574441924713, -0.862835846844, 0.429364077932, 0.266759798287, 0.46426994683, 0.881863933213, 0.082276483687, 0.199919278386, -0.194839656844, 0.960244651248,  
133, 9, 4319758.19732955, 101.03153298000554, 152.23570215011847, 110.62819321931343, 61.233416852735324, 0.437948883429, -0.652520384912, -0.618399484781, -0.789340057269, -0.60833479328, 0.0828918166999, 0.430282522878, -0.451825106163, 0.781480021463,  
134, 7, 7459870.07873556, 121.2125398836067, 229.69984065260985, 97.5021761321786, 79.51840346319493, 0.585980092253, -0.670929629262, -0.45440154496, -0.491146866403, -0.740091908302, 0.459389511077, -0.644516940899, -0.0460152131849, -0.763204109691,  
135, 6, 7711922.69567355, 122.56261525579264, 221.8833824104272, 119.62412666210452, 69.3634203672416, 0.66673398567, -0.726403303565, -0.1667454135, 0.421626575177, 0.183133582911, 0.888083961073, -0.614570438158, -0.662420056596, 0.428372320724,  
136, 7, 1626724.2642355182, 72.95836817729237, 138.92035681967275, 75.41702260049318, 37.0672239890252, -0.313908389655, -0.521125360476, -0.793656022199, -0.937136074656, 0.0358509409946, 0.347117685531, 0.152438513778, -0.852726842957, 0.499619285875,  
137, 6, 5105139.313620388, 106.81682449562163, 273.30614307045687, 110.22984702490989, 40.454830939929835, -0.682589130457, 0.637010341324, 0.35817580045, 0.729357596497, 0.563005544228, 0.388667278788, -0.0459301144605, -0.526538300805, 0.848909796369,  
138, 11, 6970201.524844314, 118.50015229112648, 163.53877452520007, 109.31900018028523, 93.07656245805511, -0.938234980535, 0.16606828501, -0.303539859022, -0.085001988643, 0.739768615547, 0.667470641586, 0.335394966014, 0.652045796065, -0.679960658131,  
139, 6, 5719615.344709846, 110.94116899883636, 229.1846964207001, 121.1861096329277, 49.16315605143246, 0.503386115359, -0.826482505564, 0.2520497706, -0.670360364519, -0.557604240136, -0.489586042555, -0.545178319952, -0.0774866399993, 0.834731346049,  
140, 5, 5823216.188086171, 111.60700009030214, 184.22469843065642, 144.06789463508667, 52.379245768046644, 0.589893850874, -0.758529812198, 0.276871393806, -0.762473078495, -0.636122603881, -0.118249048213, -0.265819580302, 0.14135259757, 0.953603373467,  
141, 6, 2813946.6361039854, 87.58083523517531, 215.37170763056878, 84.70159204410118, 36.825361855697004, -0.881674475098, 0.445951478907, -0.154199216671, 0.466504062866, 0.7747231205, -0.426823202147, 0.0708807399117, 0.44825368378, 0.891091777365,  
142, 9, 8611743.689199986, 127.15521075890575, 225.7331123238715, 138.19850676474576, 65.90279990365627, 0.559878400533, -0.82451327956, -0.081939175283, -0.458511625316, -0.390673550501, 0.79821129182, -0.690147278533, -0.409331196915, -0.596778606491,  
143, 5, 4031366.062370285, 98.73122875535026, 139.50475134298276, 109.37384163760082, 63.075566578871765, 0.122998433789, -0.185825407186, 0.974853990775, -0.91451212749, -0.402710815762, 0.0386208174775, 0.38540751674, -0.896266097157, -0.219472388076,  
144, 8, 6559860.272407291, 116.12756681868495, 137.50464500289252, 129.4848981860271, 87.95681417967826, -0.315504981781, 0.643295776857, 0.697586661247, -0.943223460357, -0.132144940159, -0.304741232233, -0.103856200123, -0.754127481443, 0.648464055617,  
145, 9, 6975759.961553338, 118.53164351765656, 203.3760643410269, 107.40510838262577, 76.23916694577588, -0.465640948567, 0.662599185091, -0.586635173625, 0.883536077723, 0.38583844629, -0.265504600198, -0.0504232722014, 0.641943154245, 0.765092465222,  
146, 6, 6547552.851555895, 116.05489628720223, 157.28293139876138, 129.6052669148135, 76.68071571079703, 0.941914494504, -0.332391866635, -0.0480908727216, -0.214436011937, -0.705402869883, 0.675591583685, 0.258484587217, 0.62603709008, 0.735705973888,  
147, 10, 6463032.742759975, 115.55336108854755, 192.84877691036863, 108.54976402394868, 73.7058526048773, 0.563002184523, -0.801709681786, 0.200724005425, -0.672230512861, -0.302944652934, 0.67552251986, 0.480764680277, 0.515253455486, 0.709492211943,  
148, 7, 5808284.717736892, 111.51152690577628, 155.1724484486561, 123.25860333661014, 72.49823480815583, -0.973793335567, 0.0253483110907, 0.226017704461, 0.0841811032678, -0.883019512675, 0.461725115288, 0.21128199511, 0.468651259851, 0.857744667825,  
149, 6, 4297512.251659574, 100.85780325509222, 143.80558755591392, 123.59293556751643, 57.72435722505339, 0.270743264571, -0.957458818261, -0.0998533726234, 0.834566039867, 0.285151537473, -0.471368354663, 0.479789130547, 0.0442855733991, 0.876265472444,  
150, 7, 7078661.446862993, 119.11163263760368, 204.02527490102597, 128.90195805470657, 64.25679296379244, -0.894452170561, 0.201401757467, -0.3992400865, 0.0138797546252, 0.90490209982, 0.425393396932, 0.446948170363, 0.374952692791, -0.812187054304,  
151, 8, 11310750.113123061, 139.25183691312932, 236.01062207099054, 130.2177359109699, 87.86200483377483, -0.750416103252, 0.65857938792, 0.0561147198777, 0.620179897577, 0.730929664278, -0.284813483739, 0.228588203154, 0.178927403395, 0.956939087765,  
152, 7, 3324420.293210011, 92.58538534557282, 170.4147440060928, 97.42280278990485, 47.80348171259527, 0.629863309327, -0.628334637091, -0.456582736637, -0.58068012218, 0.00946044679641, -0.814076836455, -0.515832150286, -0.777885649552, 0.358902645509,  
153, 15, 6681302.542874213, 116.83981021666561, 236.61930597712606, 119.76066539481636, 56.287006479392275, 0.619766505938, -0.736748270648, 0.27035433012, -0.694126629882, -0.675350233933, -0.249179219069, -0.366166218822, 0.033227206086, 0.929956048945,  
154, 7, 7083685.509278931, 119.13980570207397, 155.7777395020587, 118.90189602873, 91.3011998679178, -0.848605270201, 0.295965462035, -0.438490069066, 0.514727282898, 0.270514055264, -0.813558830169, 0.122167588288, 0.916093112728, 0.381901151065,  
155, 5, 8256591.369279306, 125.38263540373032, 189.96458118784685, 129.26078494784758, 80.2736034251216, -0.939877672882, 0.337923468143, 0.0493729652231, 0.311399255936, 0.788644946842, 0.530160024165, -0.140215774503, -0.513660274401, 0.846458893912,  
156, 14, 9070606.306652343, 129.37466435761198, 237.49755922745078, 105.18985037550424, 86.6791652370499, -0.779380098565, 0.614799002334, -0.120784306476, 0.069595500513, 0.276530855976, 0.95848169101, 0.622674175046, 0.738615510549, -0.258309890069,  
157, 8, 8902384.07098726, 128.56988018934757, 201.23326024753771, 118.37961617812047, 89.21564644309264, 0.684879497718, -0.605458985112, 0.405412741478, -0.618913108624, -0.77701452927, -0.114869427076, -0.384560317217, 0.172243544585, 0.906887823146,  
158, 5, 8555322.083994962, 126.87690760264856, 212.53014701490306, 133.0620118335047, 72.22260130446605, -0.691804186235, 0.721591253656, 0.0267026320001, 0.701594342685, 0.680459984366, -0.211517346782, 0.170799139987, 0.127594170419, 0.977009407045,  
159, 12, 9800493.449203739, 132.75567985970108, 235.4992631468316, 114.99045497369838, 86.39885529124753, -0.736639703792, 0.633676859143, -0.236253222166, 0.621962471808, 0.497606529284, -0.604607662602, 0.265564738737, 0.59231864752, 0.760679951977,  
160, 6, 3117854.133809635, 90.62660853876692, 151.72240037851114, 105.57107045128814, 46.46998729748497, 0.344608236693, 0.935830122442, -0.0739401456117, 0.876853844458, -0.292761387016, 0.381337259826, -0.335220074969, 0.196246661633, 0.921474225975,  
161, 10, 3542550.058575362, 94.56762064636077, 175.8344206174903, 102.72186054349378, 46.82314866328891, 0.544227584235, -0.779478777859, 0.310208271046, -0.339658831604, 0.133378485434, 0.931043531601, -0.767103783508, -0.612064550918, -0.192168600031,  
