# Void_ID, Void_Volume, r = (a*b*c)**(1/3.0), a, b, c, vector_a, vector_b, vector_c 

0, 6, 8091288.569864968, 124.54023866276934, 169.9239042175826, 115.98210991402811, 98.01298093988905, -0.825083303718, 0.539636646052, -0.167421122212, -0.111514105343, 0.134955862807, 0.984556508995, 0.553897234363, 0.831010953798, -0.051172731346,  
1, 9, 6983519.361319373, 118.57557629842186, 215.4422245055026, 91.49569381713074, 84.57738490244655, -0.532094864956, 0.820211504059, -0.210066997161, 0.799852767709, 0.568318120123, 0.193002757306, -0.277687962784, 0.0653268929984, 0.958447595008,  
2, 8, 5150156.0787357455, 107.1298739297306, 189.41732745192039, 103.1927456374217, 62.901776180941795, 0.896779652167, -0.442361300204, -0.0101358542287, -0.267348722046, -0.559952873689, 0.784204973248, 0.352577532295, 0.700549255462, 0.620419071589,  
3, 7, 4148884.047997852, 99.68142305945393, 145.78356328757363, 99.92045144838016, 67.99543232139634, -0.0731221268932, 0.236665486156, 0.96883569413, -0.688613354032, -0.714687635612, 0.122610081769, 0.721432466144, -0.658187686884, 0.215230494186,  
4, 5, 3906687.4268126865, 97.70272691064632, 155.79668748655317, 105.49444984020452, 56.74560417475973, 0.868324003228, -0.0532084765422, -0.493135157378, 0.18301114693, 0.958445557297, 0.218835631916, 0.460999290149, -0.280269462698, 0.841979027507,  
5, 7, 6866069.004259007, 117.90707115284185, 203.9370153060594, 148.57995694654784, 54.09576507201587, -0.228390032218, 0.967387671386, 0.109540341583, 0.973249961772, 0.223981805738, 0.0511533245126, -0.0249500519749, -0.118293042692, 0.992665226024,  
7, 6, 4474704.899864103, 102.22534778022779, 188.86678577734776, 106.33107188427405, 53.19367664986377, 0.320246357359, -0.625917337582, 0.711104603496, -0.880803604945, -0.473070607964, -0.0197283906248, -0.348751028837, 0.620025553018, 0.702809386314,  
8, 7, 11322490.11282207, 139.29999909552058, 225.6259242411938, 128.8210794118993, 92.99881369739238, -0.460670209997, 0.8398731512, 0.287047117239, 0.876665312078, 0.481100195079, -0.000729996781141, 0.138711528797, -0.251307962845, 0.957916186098,  
9, 8, 7312788.136546353, 120.41062039488916, 216.62067522712542, 97.81460551261556, 82.39308592484339, -0.844395194318, 0.476020472157, -0.245766689973, -0.0853849936954, 0.333309710267, 0.938943044009, 0.528872535366, 0.813823781373, -0.240800112555,  
10, 8, 6237571.797180496, 114.19374504060312, 179.93087747317085, 137.2428543543125, 60.30197114088584, -0.982921060939, -0.106560126387, -0.150037086837, -0.17775505345, 0.760802673585, 0.62416538901, -0.0476374740629, -0.640175156758, 0.766750572048,  
11, 7, 2581429.918603499, 85.0988928660069, 243.69145354031573, 67.57023000162664, 37.42622587199884, -0.513888454883, 0.857324472066, -0.0302225997428, 0.222744583474, 0.167371530575, 0.960401802001, 0.828434370648, 0.486807477706, -0.27697467967,  
12, 8, 2152889.79193748, 80.10219120214478, 158.37069744688282, 91.11209355841002, 35.61905015233086, -0.593682326888, 0.793293602807, -0.135005757235, 0.761160766465, 0.60803880361, 0.225661474113, -0.261104542923, -0.0312101433861, 0.96480585851,  
13, 5, 1878671.3691612203, 76.54568887182484, 167.41562950864542, 65.56247435300128, 40.861176941486455, 0.684289704716, -0.687694357735, 0.242536740224, 0.44502263822, 0.657315387624, 0.608186922471, -0.577669846445, -0.30824170959, 0.755833709871,  
14, 6, 4458633.186009051, 102.10281400593608, 205.7160734788732, 90.29955079076906, 57.300619685167675, 0.516857470585, -0.794665166688, 0.31837969149, 0.417733923406, 0.558742352291, 0.716453315291, -0.747232710965, -0.237306250675, 0.620748756789,  
15, 6, 6045438.770564156, 113.00901056511277, 210.91670948280677, 116.0699915322584, 58.953321335100846, 0.627483344666, -0.700196524515, -0.340572281937, -0.593140338226, -0.146484529124, -0.791660799773, -0.504429570244, -0.698761124981, 0.507231405652,  
16, 5, 4082958.3878548616, 99.15062317589613, 141.00456362290083, 111.66187372487784, 61.90821246821301, -0.87959668085, -0.343661997879, -0.328946971793, -0.47209754837, 0.715757056691, 0.514602507398, -0.0585967905318, -0.607937716391, 0.791819518027,  
17, 6, 3902292.877580419, 97.66607859544415, 247.52005649484525, 107.33547824050576, 35.06530015874838, -0.562773016715, 0.7658605393, -0.311037242145, 0.824188482635, 0.491094810937, -0.282027005378, 0.0632445788103, 0.415070501258, 0.90758834404,  
18, 6, 2568720.7574463803, 84.95900717506, 250.22408357240144, 66.59025578217825, 36.803446914704, 0.707622638415, -0.680938649774, -0.188660427347, -0.572461974537, -0.708998120394, 0.411836075384, 0.414194989482, 0.183423609502, 0.891514604572,  
19, 5, 944696.8067561379, 60.86971654460663, 190.4236725791163, 117.71512961657245, 10.06121931881458, 0.168412454642, -0.97316757312, -0.156786860895, 0.908060678438, 0.215050586356, -0.359414871121, 0.383488004241, -0.0818420425943, 0.919912403801,  
20, 9, 8928198.469393818, 128.6940323727075, 242.06195267675926, 118.0866844005882, 74.56718794155337, 0.809862454391, -0.586618668322, 0.00115885474239, -0.4956804081, -0.683257540317, 0.536153025381, 0.313725577525, 0.434784626656, 0.844120009495,  
21, 10, 16429617.95056145, 157.70529861839216, 238.49161282544546, 143.23879042103817, 114.81671039770333, 0.6155001078, -0.778193045301, -0.124800647208, 0.545090117094, 0.30595092481, 0.780558002877, -0.569241935862, -0.548461134315, 0.612498165387,  
23, 8, 4378423.717759756, 101.48683907910961, 182.50803911228155, 119.45278709902526, 47.94583562311222, -0.253999869012, -0.966453807006, -0.0380933782465, -0.962846915064, 0.256393680015, -0.0847826574195, -0.091705423464, -0.01514330785, 0.995671027767,  
24, 5, 3297818.166416722, 92.33776652381489, 204.95010382515795, 107.89246998096142, 35.604002148076674, -0.99868615984, -0.0091931135506, 0.0504127048254, -0.0503828368169, 0.355755896336, -0.933219862614, 0.00935542082722, 0.93453369596, 0.355751665092,  
25, 7, 6955527.73383501, 118.41693766627166, 197.76529458583627, 104.04529819732288, 80.69914576462715, 0.570581098655, -0.817598978675, 0.0772600797807, -0.407508531649, -0.200194589348, 0.890987611041, -0.713003510855, -0.539864831663, -0.447405808012,  
26, 14, 7818508.773771963, 123.12467756346746, 203.33330465118058, 126.92091939981805, 72.32585728941179, 0.581394094985, -0.807891618482, 0.0963952234491, -0.740200967486, -0.574387570605, -0.34954462729, -0.337762392888, -0.131871344582, 0.931947699407,  
27, 11, 6821854.475945941, 117.65343567839275, 195.9840801402463, 104.7989556242342, 79.29322685057713, 0.725263718699, -0.65164737969, -0.222144617045, -0.597890943944, -0.436175987551, -0.672515373083, -0.341348732952, -0.620569255142, 0.705956685701,  
28, 7, 4200259.830252648, 100.09118919944137, 180.80036648678697, 76.0646953075349, 72.91302410412985, -0.914490904907, 0.0183797711214, 0.404188778736, 0.0165342311319, -0.996435623851, 0.0827204129662, 0.404268480151, 0.0823300159963, 0.910927419953,  
29, 7, 9211723.11339084, 130.0421343075596, 220.22251893975022, 126.91442685541314, 78.68275310173938, -0.72923902994, 0.63562924979, -0.253349351734, -0.199913403547, 0.156186028993, 0.967285146908, 0.654404361458, 0.756030013398, 0.013173858446,  
30, 7, 4590107.923697962, 103.09669958739867, 164.70123568394524, 94.66122791659791, 70.28542841761605, -0.926030464053, 0.372205747685, -0.0626933890973, 0.377413281942, 0.910803514919, -0.167320566057, 0.00517631724029, 0.178605259167, 0.983907194372,  
31, 6, 2943271.9698740523, 88.90249070311923, 171.52322563321073, 157.73063706722195, 25.971844405491723, -0.0920098294533, 0.872788090243, 0.479348663097, -0.760817675965, -0.372186781207, 0.531632828025, 0.642410036677, -0.315781489996, 0.698277448692,  
32, 8, 6583740.213047796, 116.26830971407536, 162.55135065227984, 126.70644397083129, 76.31234364396916, -0.854208307854, 0.51866322394, -0.0362853541572, 0.515691445158, 0.836283397906, -0.186258991132, 0.0662608495597, 0.177816024361, 0.981830413715,  
33, 8, 7137722.468118991, 119.4419860401482, 182.64714008330776, 128.97887766756614, 72.33351641247162, -0.971476124662, -0.236390313091, -0.0188084844791, -0.219780579506, 0.867748635495, 0.445767655252, 0.0890541188485, -0.437186373843, 0.894951081592,  
34, 5, 4759948.443587107, 104.35290570443033, 218.78214675159808, 82.32648900613181, 63.09023799121109, 0.699406665385, -0.704511757502, -0.120388952801, 0.470827781679, 0.32742626128, 0.8192150166, -0.537728106402, -0.62964690658, 0.560707817513,  
35, 13, 9967789.844302913, 133.5068106730891, 187.0141690833549, 119.85148407735576, 106.16768205265693, -0.633010313367, 0.770964705539, 0.0700811385801, 0.769611179695, 0.616939043667, 0.164574750456, -0.0836455334096, -0.158112742095, 0.983871833893,  
36, 5, 3812030.1915409067, 96.9071692135336, 232.34319594511658, 107.16738916179567, 36.54896751821717, -0.747130259122, 0.635911459055, -0.193424383538, 0.165297046289, 0.459623290408, 0.87259573538, 0.643795978858, 0.619970198603, -0.448512753944,  
37, 7, 4982827.316183379, 105.95685905878052, 204.44760597550004, 103.72369796941845, 56.09539441627778, -0.553437930078, 0.832839865522, 0.00917692473115, 0.172378358328, 0.103755184786, 0.979551204997, 0.81485714032, 0.543702694519, -0.200985623472,  
38, 7, 3245949.1889767824, 91.85110160109481, 171.9322738433559, 127.37896270355445, 35.383272176531015, -0.690028449169, -0.722931109841, -0.0350905936348, -0.721998762609, 0.684117272834, 0.103447299629, 0.0507791899115, -0.0967169449175, 0.99401574758,  
39, 10, 6602864.553633247, 116.38077897765959, 215.13282176176568, 101.72552591362718, 72.02896292407777, 0.568788308303, -0.81087271064, -0.137714587017, -0.484784293195, -0.465780491258, 0.740292322691, -0.66442761036, -0.354307749144, -0.658028851562,  
40, 6, 6043152.319896926, 112.99476168980328, 154.5866310335263, 115.70045656520138, 80.66180318449092, -0.175209498818, 0.622824358226, 0.762490295232, 0.860243851821, -0.279822602924, 0.426239165606, 0.478834153886, 0.73060873913, -0.486753246913,  
41, 6, 6157579.9881081, 113.70349589957613, 221.29401337418818, 121.19361799267485, 54.811544121195105, -0.350871425295, 0.836982989583, 0.419938945634, -0.231489881518, -0.512057954219, 0.827169321406, 0.90735972892, 0.193018461993, 0.373419597321,  
42, 10, 6150210.227357972, 113.65811540403233, 221.2646039972683, 95.60861013780965, 69.40526266362232, -0.317962268935, 0.948103234374, 0.000502497333428, 0.887155935011, 0.297335529626, 0.352910654128, -0.334446322313, -0.11265806581, 0.935656891013,  
43, 10, 12371268.65691631, 143.47466178171345, 230.5151748968663, 134.55298170780202, 95.22100969225818, -0.692478189125, 0.704601861966, 0.154952165848, 0.720651113713, 0.685612699774, 0.102942693829, 0.0337035590153, -0.182952021096, 0.98254395733,  
44, 6, 2571344.0151467607, 84.98791826437785, 197.74398538283975, 65.98055632722222, 47.0492081779988, 0.727921407107, -0.629933365134, -0.27076628403, 0.478104258134, 0.183260360636, 0.858971453876, -0.491474051634, -0.754718222723, 0.434572963792,  
45, 7, 3264453.070634879, 92.02530668124678, 160.0780326218835, 114.44033625783054, 42.54131957155602, 0.517454190326, -0.816927110524, 0.254698364749, -0.770882663115, -0.57423580581, -0.275668567367, -0.371458046921, 0.0536966983833, 0.926895670483,  
46, 11, 5245853.653698717, 107.78935019344411, 174.2334713417956, 121.85695359718906, 58.985553001033686, -0.434888803236, 0.882967331508, -0.176749597764, -0.170205496829, 0.112142958738, 0.979006662722, 0.884252123361, 0.455842789014, 0.101516176226,  
47, 5, 1199969.3094972786, 65.92151450538962, 118.96505132652096, 63.05727706222285, 38.188000529124885, 0.365686091191, -0.786260313698, 0.498064656257, -0.819740052375, -0.0186443127189, 0.572432210953, 0.440794656549, 0.617614045102, 0.651347036572,  
48, 11, 5387657.441479288, 108.75196724134858, 249.57562824636057, 91.62052964407725, 56.249205713616526, 0.752332307392, -0.642237621345, 0.146720608582, -0.500338667032, -0.701916879217, -0.50692594424, -0.42855258432, -0.307966771583, 0.84941106072,  
49, 6, 5415104.969411172, 108.93633419416098, 201.45976675322015, 140.84463505138422, 45.56062097588328, 0.568590678413, -0.624334405766, -0.535640915352, -0.777168790664, -0.194250130115, -0.59856123978, -0.269654058451, -0.756619743813, 0.595662028363,  
50, 11, 15060460.689687787, 153.196866577916, 227.29638687429323, 131.51311060946372, 120.27851716657472, -0.658040000403, 0.745062129354, 0.108930166953, 0.74570447683, 0.664889738484, -0.0429705584544, 0.104442286, -0.0529533668563, 0.993120209156,  
51, 8, 9120519.936478518, 129.6115375465079, 245.79914093556224, 134.02761296190235, 66.09313376245989, 0.72241491179, -0.686290623252, -0.0843912060586, -0.317204181297, -0.437374975517, 0.84147765161, -0.614408823659, -0.581126760035, -0.533660459638,  
52, 6, 3128190.6386474646, 90.726648399036, 253.3852410059005, 92.4403246553189, 31.883194301062765, 0.513495672783, -0.84478709423, 0.150522288897, -0.594841625905, -0.224015914641, 0.771997610151, -0.618454229611, -0.485954355274, -0.617545731478,  
53, 14, 5968772.994238913, 112.52926552114218, 186.08177517153428, 92.98042813200483, 82.35710475215052, 0.617874583896, -0.744377106624, -0.253246365642, 0.431473436637, 0.0517378324578, 0.90064081085, -0.657313982852, -0.665752145943, 0.35314644005,  
54, 8, 6835069.315687348, 117.72935679578909, 182.39339269136948, 125.07192126953822, 71.52953321476319, 0.297231448037, -0.934839512807, 0.194238388565, 0.631616429624, 0.345071745873, 0.694252242366, -0.716040607876, -0.0836694418199, 0.693026170053,  
55, 6, 1915501.6890500651, 77.04266727707953, 191.25738241792772, 109.8484252619654, 21.766163487403666, 0.630594675735, -0.770445193277, 0.0936192239449, -0.651909892672, -0.46035610583, 0.602565969552, 0.421145873507, 0.441006190412, 0.792558952537,  
56, 8, 10736742.34719363, 136.85520115812022, 212.29990788842545, 145.49873408497234, 82.98028107356248, 0.527496340506, -0.79828977517, -0.29065623271, -0.777873526144, -0.316292380419, -0.543021092972, -0.341555834494, -0.512535427994, 0.787811555497,  
57, 10, 6552521.756115623, 116.08424668735218, 187.99276407331055, 113.67089863947146, 73.20309369579793, 0.504547816929, -0.862961076293, -0.0270126125369, -0.805011596734, -0.481514409668, 0.346554761049, 0.312070231769, 0.153107981783, 0.937640718163,  
58, 8, 9195992.132089475, 129.9680672393179, 168.54775815421633, 159.5194465950195, 81.6532296261738, -0.92170128499, 0.312913893211, 0.229241437536, 0.375579553881, 0.572141910601, 0.729104678932, -0.096988349582, -0.758115116305, 0.644867994613,  
59, 6, 4494177.883416418, 102.37342099887168, 164.32091815222557, 152.25049153727815, 42.885461951185356, -0.349091628378, 0.848862504154, 0.396947709451, 0.921802680318, 0.387264844972, -0.0174859488867, -0.168567059522, 0.359803264148, -0.917674646894,  
60, 7, 4873031.3443515515, 105.1728231567763, 209.84964779650414, 111.11676697474874, 49.89106263525265, -0.813764063227, 0.520721076353, 0.258142615702, 0.547163711851, 0.536644297185, 0.642358755473, -0.195958979978, -0.663974742698, 0.721621520761,  
61, 15, 6384023.650006074, 115.08055807523762, 127.8130743441526, 116.75624481967098, 102.12932890366972, 0.341182849713, -0.16097439114, 0.926110959042, -0.250220253348, -0.965233445629, -0.0755924616178, -0.906081722515, 0.205940867328, 0.369600150552,  
62, 5, 9159406.134023618, 129.79548004928753, 259.48300902355976, 119.76622743989552, 70.36155223748491, -0.64269511004, 0.740568698704, -0.196216711905, 0.0547396141717, 0.299851267984, 0.952414191268, 0.764163968119, 0.601371116357, -0.233251388507,  
63, 5, 1822131.2146980783, 75.76995213677505, 216.01049982273585, 92.40344518072345, 21.79355170094663, -0.611834227592, 0.714305815231, 0.339744139425, 0.739292409526, 0.363684546047, 0.566727698444, -0.281257197532, -0.59791366709, 0.750595520599,  
64, 5, 3864491.116910664, 97.34968890662698, 184.0272931356231, 92.18562188896813, 54.3823882544295, -0.909116811614, 0.416314703011, 0.013736480535, 0.011226020173, -0.0084776194426, 0.999901048324, 0.416389960628, 0.909181058989, 0.00303358910343,  
65, 7, 2211802.8196685915, 80.82628155295154, 142.2321121561017, 79.46006964257391, 46.720899697554906, 0.337615715196, -0.364174609957, -0.867981844462, 0.479253485428, -0.727148245582, 0.491499263125, -0.81014302784, -0.581921199485, -0.0709647238595,  
66, 6, 5361909.319127022, 108.57844522294856, 233.39822932446918, 83.25825208166891, 65.87278263708232, -0.889487955388, 0.444669267057, -0.105263574682, -0.0299569846959, 0.173117158408, 0.984445543711, 0.455975609312, 0.878805833162, -0.140664676847,  
67, 6, 6959875.678313407, 118.44160691948171, 160.9090646307223, 114.66821476728038, 90.05115993858834, -0.90515375434, 0.404400753916, -0.130983629647, 0.37688653978, 0.620960200852, -0.687288123781, 0.196604214441, 0.6714673925, 0.714477657925,  
68, 5, 1903249.6280640159, 76.87805397296887, 159.58536190205555, 115.81754848443673, 24.583274100259803, 0.193684299085, 0.83264388391, 0.518835768693, -0.906377191662, -0.0505235334877, 0.419437431567, 0.375455428411, -0.551499351905, 0.744903809982,  
69, 6, 5561529.626039467, 109.90949571369411, 207.38148612445747, 103.6424368697045, 61.772908165244324, -0.493664719392, 0.855856915331, 0.154285726197, -0.0201148372305, -0.188600562496, 0.98184786049, 0.869419655949, 0.481600216265, 0.110320866306,  
70, 14, 7074728.96489536, 119.08957144628242, 217.2766828405783, 94.69568796672422, 82.08765917174729, -0.814436141956, 0.579939441424, -0.0190791759625, 0.300542905355, 0.449736723236, 0.841077191353, 0.496354442627, 0.679269551837, -0.540578526424,  
71, 5, 2545509.5583067643, 84.70233334842555, 246.05205202843067, 92.01924496162954, 26.839873589136044, -0.785124555947, 0.526885716151, 0.325531678589, 0.173068710483, -0.318027626586, 0.932151087635, 0.59466516049, 0.78819405659, 0.158503867636,  
72, 15, 11399399.594195208, 139.6146920684121, 171.8484461902988, 142.70426214110867, 110.97133592223288, -0.244486660263, 0.958479041605, -0.146779425526, 0.969445082223, 0.238485650897, -0.0574528229868, 0.0200625398791, 0.156341041062, 0.987499353606,  
73, 19, 7993154.911106585, 124.03470179702445, 194.8257543423618, 113.94295969110898, 85.95987157439815, 0.617520363918, -0.786422028658, 0.0144565897718, -0.584034730293, -0.470756395509, -0.66128046236, -0.526851054814, -0.399911001261, 0.749999438075,  
74, 7, 4574620.509590808, 102.98061659023075, 203.34940626580453, 87.23590845515658, 61.564203725683676, -0.950966988701, 0.308479281513, 0.0224124803929, 0.238597950741, 0.685567887825, 0.687799163336, -0.196806514887, -0.659421871082, 0.72555495425,  
75, 6, 4191367.2943102955, 100.02050362255326, 186.0646922907776, 80.9939996825757, 66.3972811028058, -0.824474205981, 0.552139294024, -0.124034203618, -0.157271209626, -0.0130149036218, 0.987469685057, 0.543606521572, 0.833650293755, 0.0975660669829,  
76, 9, 8707500.40849494, 127.62476773886104, 190.73067810189193, 111.49227688450807, 97.75512980022465, 0.205627864375, -0.930703307181, -0.30250377749, -0.755321337702, -0.347480591422, 0.555649993608, 0.622259478195, -0.114230436348, 0.77443175891,  
77, 6, 11333731.403558468, 139.34608418317023, 183.87408585048752, 154.87305578073008, 95.01406802522408, -0.0626821947269, 0.995962939226, -0.0642554756567, 0.692842210926, 0.0897647785582, 0.715480227043, 0.718359668428, 0.000328965096665, -0.695671818143,  
78, 6, 4905369.825924939, 105.40496021465931, 213.26743795661415, 121.55951309958043, 45.17203359526662, -0.0416159250311, -0.994167892876, 0.0994902787102, -0.624900917139, -0.0517975806781, -0.778983860163, 0.779594098581, -0.0945897003374, -0.619100823814,  
79, 8, 9007066.34491634, 129.07186463718904, 212.4208633261449, 144.9294080353289, 69.84592358893451, -0.721769564402, 0.648802673281, 0.241047271394, 0.664303304896, 0.747142787797, -0.0218808991684, 0.194293116215, -0.144335531962, 0.97026668458,  
80, 8, 3310332.7927759276, 92.45442082194737, 240.50656631029483, 120.9454296390756, 27.16856168858579, -0.84359495186, 0.525922169843, -0.108413230114, 0.534203213068, 0.842456081785, -0.0699619711839, -0.0545388333639, 0.116934261579, 0.991641010711,  
81, 5, 5987031.141545484, 112.64388899659332, 254.0802485102135, 85.32356787152233, 65.92998771071592, -0.935294460197, 0.110191447175, 0.336276846801, 0.334872846067, 0.582780583693, 0.740423506, 0.114387279413, -0.805123988116, 0.581971574966,  
82, 7, 7177301.799705878, 119.66235151347868, 199.99907914465032, 121.6645957443556, 70.41746483439339, 0.410780713286, -0.902130612149, -0.131983196721, -0.743597154001, -0.247734060366, -0.621040343211, -0.527562771766, -0.353253724621, 0.772586129753,  
83, 6, 10978467.707500903, 137.87463418291193, 183.65253650219717, 176.33383634734608, 80.93204835204425, -0.309448407314, 0.931916517507, -0.189138276425, -0.506202271126, -0.329814633072, -0.796857307501, -0.804985058195, -0.15084399958, 0.573798870575,  
84, 5, 5728445.50575788, 110.99823138460782, 186.7199480097053, 108.21558425440718, 67.68113769526815, -0.725013239728, 0.659556303692, -0.198346375009, 0.673904709829, 0.619906907109, -0.401955057922, 0.142155704386, 0.425089295065, 0.893918814508,  
85, 11, 6528537.647106197, 115.94243964890293, 194.35471093293094, 110.38376711719329, 72.64856165985147, 0.513379007163, -0.790884413455, 0.333082331501, -0.463839666342, 0.0708245069311, 0.883083604845, -0.722007450745, -0.607853381805, -0.330483747401,  
86, 8, 7961225.885124001, 123.86932728996216, 166.07376972649453, 130.1330011674052, 87.94331809422167, 0.388051269288, -0.906225439612, -0.167844168809, 0.325612189047, -0.0355658710111, 0.944834255922, -0.862202362991, -0.421296239502, 0.281276667773,  
87, 7, 2182865.1686584176, 80.47224188805566, 127.6521268777516, 105.87751409428972, 38.55729077065827, -0.410197746342, 0.7496626603, 0.5193685634, 0.911705782319, 0.351456405395, 0.212769738434, 0.023029880222, -0.560788989602, 0.827638407614,  
88, 6, 3906050.4604954626, 97.69741663777906, 139.96240651049754, 97.17820088868086, 68.55971199456972, 0.918548608466, -0.209931105217, 0.334958780967, -0.294906974942, 0.200353932273, 0.934284848402, 0.263245759728, 0.956967728236, -0.122124678504,  
89, 6, 2177488.9042077474, 80.40612149193863, 170.9775115447216, 131.88013218907813, 23.05414262614817, -0.740604672119, 0.671064214906, -0.0343152896979, -0.187757943436, -0.157639653972, 0.969482694107, -0.645175692592, -0.724446381016, -0.242746301147,  
90, 5, 3338942.1444467157, 92.72000111790261, 212.80772580118216, 82.22866622931342, 45.55223056721221, 0.609813515167, -0.707550950603, 0.35707020181, -0.675711943452, -0.228715850526, 0.70078700701, 0.414174898076, 0.668625988142, 0.617574644707,  
91, 13, 6694639.323937041, 116.91750121925875, 208.59370010290752, 89.31227111857847, 85.78794287254281, -0.765414327752, 0.635461762859, 0.101632941586, 0.320532988763, 0.23950813981, 0.916457557162, 0.558031818077, 0.734046455552, -0.387009419918,  
92, 7, 4623291.981451544, 103.34454818077415, 146.85454002051532, 114.75219640179675, 65.49593229787742, -0.288089216612, 0.901781285363, 0.322172495165, 0.952573613496, 0.235432550367, 0.192808259936, -0.0980209882788, -0.362438998449, 0.926838636581,  
93, 6, 3362281.0516853575, 92.93553454970562, 135.31135964151625, 97.02190814490096, 61.142238408946135, 0.508930058168, -0.755177452725, -0.413155189716, -0.71121060975, -0.639277083827, 0.292411146629, 0.484942949709, -0.145023532537, 0.862437540079,  
94, 10, 9321500.542989219, 130.55667268686852, 153.11252540875697, 141.69479616234884, 102.57289175520138, -0.164094371303, -0.906933233234, 0.388001479072, -0.982993787308, 0.117468189346, -0.141153953558, 0.0824393802736, -0.40456561266, -0.910785602452,  
95, 5, 10906213.596388135, 137.57149703454547, 210.23242596414642, 163.11109855078655, 75.92803755015771, -0.483082610371, 0.795314170763, 0.366205627128, 0.858866382904, 0.51174455141, 0.0215882009446, 0.170234332246, -0.324950586836, 0.930283498854,  
96, 8, 6437282.007694283, 115.39968995812717, 202.0442952237697, 133.097969084217, 57.14732479078658, 0.522569762118, -0.590980632794, 0.614542704279, -0.709280081787, -0.7013122242, -0.0712946685797, -0.473120079156, 0.398626461552, 0.785655353733,  
97, 5, 6785928.456470184, 117.44653879330268, 186.54782618021216, 116.42356578578523, 74.59154077125619, -0.689872517978, 0.676477952373, -0.25778574222, 0.71773933943, 0.685611177374, -0.12160408749, -0.0944783021278, 0.268914286369, 0.958519147964,  
98, 7, 5644021.6083157435, 110.45024566295437, 189.64026907951097, 92.62881447416463, 76.70494978056735, 0.779155865187, -0.623964499082, 0.0598702065361, 0.352639151854, 0.515294510692, 0.78109999093, -0.518229453356, -0.587486060376, 0.621529052047,  
99, 8, 4759823.243313169, 104.35199076966538, 184.50346301006797, 97.74356748755915, 63.01000413044649, -0.926237109249, 0.326493327673, -0.188379734671, -0.0522940822661, 0.383624358419, 0.922007418944, 0.373296325202, 0.863848631771, -0.338253447843,  
100, 7, 6483245.324248362, 115.67369680978524, 230.9438168311728, 106.35937564670043, 63.01177705954497, 0.714216487685, -0.685505608248, 0.141339554901, 0.408016717225, 0.57184568915, 0.711698578238, -0.56869778194, -0.450637957635, 0.688119367519,  
101, 9, 10210362.64609322, 134.58113481226377, 220.3665012125468, 154.9579749923031, 71.38271291481134, -0.78803488224, 0.485830639867, 0.378113228727, 0.585060805663, 0.399868349136, 0.705555920559, -0.19158517179, -0.777221907003, 0.599350673,  
102, 7, 17457204.76598278, 160.92691983896876, 248.52307532663642, 149.70831942299523, 112.01429310253675, 0.371704968406, -0.927056131723, -0.0490137235517, 0.663711972889, 0.228460034616, 0.712244641697, -0.649093085393, -0.297275867196, 0.700217984114,  
103, 6, 2385035.1574702538, 82.88362274847304, 268.0087001898675, 133.80684129509328, 15.877384598874, 0.874604146219, -0.481035310977, -0.0606021205096, 0.219144371737, 0.280718910096, 0.934437070032, -0.432485065352, -0.830543149456, 0.3509341037,  
104, 6, 5387785.14604596, 108.75282649005874, 172.05582368346288, 126.56723546915778, 59.065106052663445, 0.694586377094, 0.321338048634, 0.643654894532, -0.434097738532, -0.526254151052, 0.731174207629, -0.573680153183, 0.787272778013, 0.226036843994,  
105, 12, 10200590.033095121, 134.53818403034228, 197.92272195158264, 149.68564104535363, 82.1979312689654, 0.76703027344, -0.5366020934, 0.351742452634, -0.128161045563, 0.409031682714, 0.903475416897, -0.628680607325, -0.738072676567, 0.244968198096,  
106, 6, 2258634.247245808, 81.39275832346263, 176.21468033156458, 61.44729184937597, 49.798064824363266, 0.122495573571, -0.75634629038, 0.642600282823, -0.624749342642, 0.444330501237, 0.642073722043, -0.77115698358, -0.480115293131, -0.41809832812,  
107, 5, 3418784.6657733917, 93.45324354979816, 246.76347363604071, 84.36104273810855, 39.20670308967241, -0.818051014279, 0.512737643733, -0.260562174415, 0.0330974243439, 0.494253681971, 0.868687434213, 0.574192562246, 0.702006699795, -0.421295021219,  
108, 5, 2398892.314609266, 83.04383201473307, 141.7376567938004, 86.86123773751471, 46.5169125197673, 0.124040931194, -0.565679206882, 0.815242836393, 0.714511532618, -0.519179958622, -0.468962088363, 0.688539844268, 0.640670902622, 0.339784751555,  
109, 5, 1575411.3896708519, 72.18303258564818, 182.06963899977282, 125.34805791285464, 16.479735270973855, 0.328270461713, -0.905348631568, 0.269411134301, -0.146522810265, 0.232958596367, 0.961385124937, 0.933150346964, 0.355069215362, 0.0561807997775,  
110, 9, 5481450.552714256, 109.37942361415979, 127.62284114824497, 106.86865785162364, 95.94627702330764, -0.0506504302547, -0.690918644621, 0.721155988972, -0.0677253401237, 0.722796820777, 0.68773398504, -0.996417488917, -0.0140065123923, -0.0834026701639,  
111, 6, 1874969.964247568, 76.4953850826937, 156.76852671246579, 65.36527891386847, 43.68171793124557, -0.924010720601, 0.360282941907, 0.128064007375, 0.325419745143, 0.916831454905, -0.231348379653, 0.200763985029, 0.172093826351, 0.964405276451,  
112, 5, 1585552.495833744, 72.33758495722272, 173.77178514592373, 114.39173759822675, 19.042242728722375, 0.78271232277, -0.585783857966, -0.210282408992, -0.489095319553, -0.369971921211, -0.789877551211, -0.384898932417, -0.721095034834, 0.576085725011,  
113, 9, 8304016.575365286, 125.62223986962154, 226.834617805145, 121.14650332718536, 72.1405386096976, 0.872383714168, -0.445629479002, -0.200900529364, -0.387497955678, -0.379914744088, -0.839946499231, -0.297979847641, -0.810604191125, 0.504111947618,  
114, 7, 3597965.37477273, 95.05817163742444, 190.26164544566456, 122.09561834015423, 36.97575438251219, 0.508752119413, -0.598951172826, -0.618408258, -0.820308545192, -0.555253272773, -0.137068208421, 0.261276044974, -0.577019319993, 0.773811044556,  
115, 8, 2998367.2083839076, 89.45378818125575, 171.93967413237266, 95.03030950076337, 43.80845804094436, -0.723614262428, 0.690173729971, 0.0065285272492, 0.659019423922, 0.693699734503, -0.290644245157, 0.205123860394, 0.206011894822, 0.956808915661,  
116, 8, 4858202.921671702, 105.06603598991603, 171.70504182787855, 98.15850534973985, 68.81388178626554, -0.974691643299, 0.188630756719, -0.119977656679, 0.18618885306, 0.982013698978, 0.0313497370947, -0.123733227061, -0.00821782447596, 0.992281490245,  
117, 8, 7373548.500462704, 120.74318954688349, 235.62646500172994, 111.31393603419833, 67.1141855975733, -0.681164153848, 0.667168089086, 0.30149981164, 0.701260137898, 0.476229027339, 0.530509314258, -0.210355923396, -0.572793727642, 0.792248528598,  
118, 9, 9955687.435813751, 133.45275628560728, 197.08784046038252, 163.90895619704517, 73.57328178241428, -0.586833683297, 0.809421442419, -0.0215210757251, -0.763933470253, -0.562273346161, -0.316629653102, -0.268387557787, -0.169368275508, 0.948305070152,  
119, 9, 11169123.160576137, 138.66818255041935, 196.25562726758014, 175.86353326530093, 77.25606042730078, 0.973067341725, -0.225598262229, -0.0473853621582, -0.202509817448, -0.934780900971, 0.291846605285, 0.110135018521, 0.274390399356, 0.955290629304,  
120, 8, 3501686.2297557606, 94.202596417725, 160.89566615298983, 125.00470053960817, 41.56405671686453, -0.0232576434952, 0.994367839937, 0.10340058471, 0.809720672249, -0.0419259403816, 0.585315853583, 0.586354427758, 0.097338658417, -0.804185097242,  
121, 10, 9605450.349689052, 131.8690995653184, 170.15285077358143, 132.04125045522537, 102.06580469066984, -0.781874130439, 0.556263218424, -0.281503243283, 0.623153184577, 0.683706229552, -0.379770852256, 0.0187870354686, 0.472352647394, 0.881209409731,  
122, 5, 3508025.3463959666, 94.2594072627025, 164.65176419857275, 90.61135165633308, 56.13388699557567, -0.721877449509, -0.499957806312, -0.478471670843, -0.681688988569, 0.632771393152, 0.367288016237, -0.11913467486, -0.591305805752, 0.797599130723,  
123, 7, 7729977.059743561, 122.65818439900757, 193.33819839011184, 128.96922507571492, 74.00922187172513, -0.76534014723, 0.546762353334, 0.339566470688, 0.62503756745, 0.75726053345, 0.189432108564, 0.153565941259, -0.357221798685, 0.921308899463,  
124, 8, 5660800.38209362, 110.55958768886352, 225.07826810141526, 113.77884945414382, 52.770854750754, -0.785036804481, 0.616720378114, -0.0580791772355, -0.119416079772, -0.0586703600087, 0.991109271851, 0.607829758651, 0.784992843327, 0.119704721809,  
125, 10, 9441394.2282003, 131.1140323957819, 252.3054082464097, 98.72718902348929, 90.48658353822444, -0.762038619636, 0.572925194016, 0.301751328489, 0.640188672613, 0.596613681222, 0.483953075036, -0.0972399385062, -0.561968715714, 0.821422885558,  
126, 10, 2827988.2191455336, 87.72626960898016, 167.5485985575333, 113.47135748457298, 35.510921035141195, 0.523164653976, -0.811041701891, 0.261744345925, 0.281703975887, 0.45443744232, 0.845061820808, -0.804326808455, -0.368372052158, 0.466219279298,  
127, 7, 6000135.097023379, 112.72601121868145, 139.08778849429888, 122.87396626858983, 83.8153456947242, -0.925886414946, 0.345612337128, 0.152599013903, 0.37595912698, 0.803020859458, 0.462398350036, -0.0372703831429, -0.485499342636, 0.87344221723,  
128, 10, 7953397.204909876, 123.82871162757385, 188.76663876086033, 126.93918161462433, 79.23975539789153, -0.563508411617, 0.814332206017, -0.139001180857, 0.199922182279, 0.297685458221, 0.933495843052, 0.801554359398, 0.498243340353, -0.330551331451,  
129, 6, 5260538.148667217, 107.88983320658515, 240.78803261805146, 117.27245434600862, 44.47445679535879, -0.654711695013, 0.750394856455, 0.0908853993721, -0.128540502341, -0.229015640313, 0.964898531323, 0.744869072839, 0.620047898067, 0.246395349857,  
130, 6, 353168.3032922976, 43.84947215735691, 187.81899420878395, 57.50249791794885, 7.806689174580619, -0.823913478543, 0.549980635507, 0.136703622635, 0.123083829712, -0.0618029165741, 0.99046997449, 0.553187988606, 0.832887567484, -0.0167734669072,  
131, 7, 5167860.53565394, 107.25249202630965, 211.6784124746535, 101.91393614073903, 57.188937833503296, 0.785047823366, -0.555913976971, 0.273239025831, 0.333725388136, 0.751196068884, 0.569501388415, -0.521849863794, -0.35589902543, 0.775247446533,  
132, 16, 10066652.997783754, 133.94674458872475, 206.14320700725065, 118.68324264525756, 98.22862334560428, -0.727461714972, 0.615582146333, 0.303080969984, 0.667761617746, 0.533587012995, 0.519017650402, -0.157777929749, -0.579951308886, 0.799226253451,  
133, 5, 6763449.797700587, 117.31671322152454, 176.6539564677436, 118.1470797439672, 77.3629997635621, 0.0324514641489, -0.996715082961, 0.0742020611141, 0.849304123529, -0.0116391052027, -0.527775555503, 0.526905502183, 0.0801472059966, 0.846136523937,  
134, 7, 6170778.7041583145, 113.78467872140033, 163.91109326332347, 127.7045222505504, 70.37797053612199, -0.480111119379, -0.875968082715, 0.0466179269604, 0.627459324354, -0.305796085605, 0.716089065906, -0.613015586531, 0.373053175961, 0.696450442297,  
135, 8, 17745970.893316556, 161.80938920383772, 266.31603902343545, 141.9386632526879, 112.07612886226606, 0.728798875075, -0.684717164681, 0.00382152856612, 0.402689760116, 0.433115265371, 0.806382120338, -0.553798841446, -0.586151491761, 0.591382508972,  
136, 5, 10889161.659505738, 137.49976165434165, 201.06199623647646, 151.941523056116, 85.09408455487977, -0.920502793791, -0.192165409149, 0.340216199129, -0.353250754259, 0.781411595791, -0.514402393636, 0.166998536635, 0.593690469428, 0.787174132751,  
137, 5, 2154611.8461731286, 80.12354289974253, 212.56820827181804, 150.89673224796437, 16.03623039102718, 0.487491768172, -0.870662779633, 0.0655598972382, -0.446305027668, -0.183945536646, 0.875771580851, -0.750442268428, -0.456191148214, -0.47825311086,  
138, 9, 9380975.732314229, 130.8337534940484, 177.41654953552612, 129.08321194193329, 97.79023982664734, -0.716115573707, 0.670570593008, 0.193684188532, 0.664260843913, 0.739962485426, -0.105891696586, 0.214326891308, -0.0528261294748, 0.975332447787,  
139, 8, 2358351.376909367, 82.5733620489325, 186.890982130641, 113.52615636067308, 26.53601001344383, 0.401321330197, -0.538063948699, 0.741234360401, -0.671372169727, 0.377687755988, 0.637660857112, 0.62305746095, 0.75355102421, 0.209667008057,  
140, 11, 9701550.71631954, 132.30741459497023, 199.37634538052413, 136.81797483092677, 84.90548757959264, -0.530881892181, 0.802897360159, 0.271146170183, 0.818939082384, 0.403766418112, 0.407813019592, -0.217952278949, -0.438552743299, 0.871876307423,  
141, 7, 9361545.89181393, 130.74336360621155, 220.91553690218544, 115.89996256317356, 87.28696736334095, -0.672622110704, 0.706300082242, 0.220725372389, -0.0844470636992, -0.3695996355, 0.925345774762, 0.735151813998, 0.60376841857, 0.308245854982,  
142, 9, 6504076.6890054215, 115.79745503249715, 213.809863278521, 126.87788005542045, 57.23786086624507, -0.836680005639, 0.522232688281, 0.165044198486, 0.500890929443, 0.607728146296, 0.616258693246, -0.221528429247, -0.598280468919, 0.770055605489,  
143, 8, 6773037.457287717, 117.37212190947069, 207.85092131495261, 92.21648955053824, 84.35956439537333, -0.855691751587, 0.50673147389, 0.104951606162, 0.23736858716, 0.204129083192, 0.949730209704, 0.459834513816, 0.837588521151, -0.294953706773,  
144, 13, 12030733.283811785, 142.1459520093872, 181.42348439910515, 138.20059275018312, 114.55131525137169, 0.542750646228, -0.839392757993, -0.0290092028149, -0.777401764208, -0.515141237394, 0.360937671271, 0.317912303985, 0.173347348884, 0.932138650421,  
145, 9, 7716183.628094576, 122.58518355215537, 228.420201362222, 101.21253826601306, 79.67922816321831, -0.764132872851, 0.643606729676, -0.0432588735852, -0.0686960694718, -0.0145132284797, 0.997532062762, 0.641390522745, 0.765218755464, 0.0553032875869,  
146, 17, 11076463.88280935, 138.28365251779655, 198.6287809056634, 126.28087433630398, 105.42236849121478, -0.689588375127, 0.707153191581, 0.156212152302, 0.722720147698, 0.685767130769, 0.0860176171959, 0.0462975269433, -0.172214418658, 0.983970900487,  
147, 7, 2295503.7854078556, 81.83325034688471, 151.55834594194218, 87.54541685024151, 41.30248024267293, -0.347958975489, 0.864683170916, 0.362281058449, -0.0757273177318, -0.411089441892, 0.908444188772, 0.934446319874, 0.288666736392, 0.208522398256,  
148, 7, 5411183.701550054, 108.91003296827826, 146.16730680658912, 110.35386133193657, 80.08771255291195, 0.516467047961, -0.85465680146, -0.0531369936032, -0.427693830969, -0.311218405079, 0.848658406717, -0.741848889817, -0.415577737684, -0.526265492522,  
149, 8, 6861799.110852391, 117.88262460640341, 197.10217476061783, 109.62198310641985, 75.81590430700808, -0.837784513165, 0.519711407982, -0.167383278479, 0.501216792691, 0.610445097005, -0.61330132094, 0.216561391354, 0.597709658577, 0.771909533442,  
150, 6, 5049447.087258552, 106.42698002510367, 230.04299817379302, 126.5508251730009, 41.40771026404623, -0.866234110748, 0.410244930572, -0.285197409379, 0.0204163677769, 0.599394293197, 0.800193509853, 0.499221030509, 0.687332218235, -0.527591493936,  
151, 7, 8276466.992763819, 125.48316361398557, 222.51949402528507, 142.137321966426, 62.4712485397837, 0.443571514853, -0.89081414999, -0.0984604559632, 0.5808027041, 0.202044788392, 0.788572204934, -0.682577856454, -0.406974266584, 0.60700858002,  
152, 11, 9381411.013006931, 130.83577704069833, 244.1569125003202, 106.31388055151032, 86.28207067521947, -0.618748219789, 0.784218957504, -0.0463817550272, 0.709424654522, 0.532424071294, -0.4617805408, 0.337442291457, 0.31863024809, 0.885780709283,  
153, 5, 7772141.7130002985, 122.88080104102728, 164.10754520946352, 119.57334696849064, 94.55601622546628, 0.715796725815, 0.361346728121, -0.597547980826, 0.587530827452, 0.150847728379, 0.795017288892, -0.377415651645, 0.920148631972, 0.1043260321,  
154, 10, 7907967.751603021, 123.59249325615784, 203.6433397668819, 115.95993684181462, 79.94625036026326, 0.798565484742, -0.601759233664, 0.0133787622223, 0.336985046285, 0.465392767417, 0.818444042447, -0.498732638955, -0.649072720684, 0.574430464116,  
155, 8, 4948469.771637339, 105.71276625781009, 260.331727659079, 82.62555101670046, 54.92130437004611, 0.838116297779, -0.520291963729, -0.163882103591, -0.409945553359, -0.798958919024, 0.440010555547, 0.359869024339, 0.301597278156, 0.882911868269,  
157, 11, 6760673.115579031, 117.30065653357715, 193.9371683983669, 122.6954202688405, 67.82845514497605, 0.554765072049, -0.821872297981, 0.129466754986, -0.641598413848, -0.521662512746, -0.562334151678, -0.529704814196, -0.228897681526, 0.816712104239,  
158, 13, 8589278.865827885, 127.04454765652713, 222.70007667073708, 97.61359683460378, 94.32730172503521, -0.495550637613, 0.855644244539, -0.149340189997, -0.417542805549, -0.0839067699234, 0.904774922008, 0.761634801658, 0.51071771141, 0.398848151753,  
