# Void_ID, Void_Volume, r = (a*b*c)**(1/3.0), a, b, c, vector_a, vector_b, vector_c 

0, 6, 43.338934585114025, 2.179029988259514, 3.6561453401904114, 1.9717326121592043, 1.4352189175077743, -0.666931840449, -0.302193426483, -0.681088139073, -0.732596886521, 0.0990667090177, 0.673414871401, 0.136028386944, -0.9480848697, 0.287456705941,  
1, 7, 438.48238429755713, 4.71289590078237, 7.633070219748689, 5.654210589558916, 2.425449876092567, -0.967681179837, 0.0268309548899, 0.250745356983, 0.0684441763781, 0.984944000057, 0.158747319571, -0.242710792732, 0.170778852938, -0.954948194658,  
2, 8, 211.2874598431639, 3.694834903349661, 6.341459691408108, 3.9157719727652425, 2.0313206466664795, 0.185357741524, 0.625006606203, 0.758293643557, -0.549076751502, -0.574091703041, 0.607398911309, 0.814958421404, -0.528947500894, 0.236764255498,  
3, 15, 1354.1034618839028, 6.863111896405302, 9.258678832195727, 7.663886596109983, 4.555805241188621, -0.024494023641, 0.885317568539, 0.464341302968, 0.826213309404, -0.243572447168, 0.507980344447, 0.562824670897, 0.396087447184, -0.725495088897,  
4, 7, 622.5787004935078, 5.297063954342305, 6.684915033629681, 5.124418245029434, 4.33875561634973, -0.768195615801, -0.572635960091, -0.286292775101, 0.0562064087051, -0.505778606757, 0.860830320428, -0.637743157929, 0.645194589374, 0.420722719088,  
5, 17, 1363.7648583444993, 6.879395774853115, 9.838015675440927, 5.945749578003803, 5.565917465296855, -0.685584466203, 0.516807846589, -0.512721746569, 0.722856068799, 0.566787957652, -0.395260059785, -0.0863310112418, 0.641608183212, 0.762158707707,  
6, 11, 539.3395597604341, 5.049610601760209, 7.803005554164489, 4.482529651848003, 3.68119293519604, 0.698498618229, 0.693081397799, -0.17815121767, 0.625897760501, -0.471009110162, 0.621612750468, -0.346917387475, 0.545700095445, 0.762797307349,  
8, 7, 503.8866182302785, 4.9364499547162035, 6.452992520161576, 6.087589958332389, 3.0622289779441925, -0.0788070010186, -0.348485830306, -0.933995226255, -0.0333375508102, -0.935463803008, 0.351846672526, 0.996332306159, -0.0588650943919, -0.062103432802,  
9, 8, 671.3982930153306, 5.432051446799923, 8.140900079558502, 6.156554132769819, 3.198022365683934, 0.631991840726, -0.120485653757, 0.765551775189, -0.658509717569, 0.437337776243, 0.612454587164, 0.408596702291, 0.891189585167, -0.1970529324,  
10, 9, 1065.9534968215014, 6.336992840153203, 7.799236194322905, 5.976502367613991, 5.459469958750065, 0.522464410584, -0.489718140095, 0.698002208403, -0.780465848357, -0.604326830376, 0.160194074912, -0.343371517779, 0.628462588663, 0.697947544898,  
11, 5, 103.1556643904694, 2.9093869763394964, 5.637109556615728, 3.521463245253434, 1.2405801731053019, 0.451287562528, 0.350247630737, -0.820771669267, 0.558697434711, 0.606297551001, 0.565915590965, 0.69584244794, -0.713953693746, 0.0779320911517,  
12, 6, 443.5006007140561, 4.730806676343007, 7.742947824527727, 4.174518303066019, 3.275615373758945, -0.990419570948, -0.093789486236, -0.101353864037, -0.13542328802, 0.516118644505, 0.84574350595, 0.0270112299883, -0.851366593816, 0.523875287057,  
13, 7, 455.8162238347981, 4.774197597281485, 7.438951377270503, 5.896203311311807, 2.480944215720494, 0.931472411611, -0.271466924421, -0.242208289193, -0.0271765807025, -0.715810423406, 0.697765627704, 0.362795506959, 0.643367038858, 0.674135204125,  
14, 5, 858.1135926778999, 5.895021463447503, 8.77381243314515, 5.98881026067524, 3.8987669185291387, 0.319019075323, -0.756001180984, 0.571567182342, -0.283770530533, 0.499217592529, 0.8186916888, -0.904268276332, -0.423372188105, -0.0552709214581,  
15, 14, 1344.6457013899444, 6.847096040292871, 9.961010650092327, 6.841890309217653, 4.710204325044718, -0.211484391111, 0.427291392358, 0.879031522946, -0.135814047823, -0.903496279054, 0.406508324822, 0.967899218271, -0.0334146637389, 0.249107534043,  
16, 6, 386.7388576204941, 4.519701296502169, 6.628671033753375, 5.063987916804683, 2.750490020280361, -0.473480338523, -0.24832780378, 0.845073766544, -0.878621467923, 0.0656532547175, -0.47298410782, -0.0619732614677, 0.966448628751, 0.249271664752,  
17, 8, 379.53331402754105, 4.491455464930903, 7.158346263916611, 5.248967174318321, 2.4114304148481045, 0.138871744254, 0.376661718848, 0.915882409593, -0.787956315438, -0.518184129667, 0.33258089651, 0.599866221428, -0.767861418041, 0.224831846218,  
18, 5, 130.46989073495718, 3.1463514336951626, 4.75141988254286, 2.8147740040854483, 2.3289209479884145, -0.970253793179, 0.19921853608, 0.137548361326, -0.0445009185564, -0.705256314088, 0.707554379315, 0.237964797962, 0.680386291986, 0.693143021756,  
19, 13, 2272.371051004386, 8.155743266132857, 10.643757510773316, 7.64804341221883, 6.66415857141386, -0.0992523147418, 0.98961353579, -0.103990517836, -0.214505575863, 0.0807707611155, 0.973377337969, 0.97166678236, 0.118916499823, 0.204260936373,  
20, 8, 1102.4601874237742, 6.40852528077985, 11.213506091831428, 6.958215407003989, 3.3731450213280283, -0.68740352503, -0.609697050556, -0.394646551132, -0.726057401162, 0.563569152693, 0.393992969925, 0.0178057292682, -0.557368205656, 0.830074478182,  
21, 5, 257.2342683757144, 3.9453003555806077, 6.737968720875747, 4.363917104841144, 2.0885012138092884, -0.128082529258, 0.634674836203, 0.762091016867, 0.986788845276, 0.158422874951, 0.0339111711903, 0.0992100828459, -0.756366343106, 0.646581251258,  
22, 8, 676.0068085626529, 5.444451753082614, 9.464895325947259, 5.010065323233234, 3.403323691379299, -0.656436247551, -0.592851800368, 0.466495654536, -0.721688353198, 0.313449293525, -0.617183490745, -0.219675610299, 0.741806095411, 0.633613717537,  
23, 6, 839.0615799158896, 5.851067056462388, 11.674408930679316, 5.505174936455103, 3.1167301378588235, -0.111912398337, 0.373681120944, -0.920781209055, 0.953093879032, -0.22186777734, -0.205880419492, 0.281225306205, 0.900631505794, 0.331323434005,  
24, 5, 24.708099763934474, 1.8068284168796365, 3.7713631172677955, 1.5590926409069776, 1.003183697199991, 0.646170693947, -0.400174028224, 0.649864740864, -0.496158814038, 0.426743931884, 0.756119069891, -0.579905048724, -0.81101810321, 0.0771995513509,  
25, 8, 582.8888917354661, 5.182019662710052, 6.897897496786939, 6.253940530232081, 3.225720142115139, -0.726682114877, -0.468158781325, 0.502752881031, 0.595389125473, -0.794281057213, 0.120952021149, -0.342702339042, -0.387227268694, -0.855926485859,  
27, 9, 1184.8092480079854, 6.564272609635229, 8.473197628311016, 6.539572747291289, 5.10461643977368, -0.23487739791, -0.398889528159, 0.88640834398, -0.79423854056, -0.446964747757, -0.411591611858, 0.560372865725, -0.800693236257, -0.211831519779,  
28, 9, 439.95114075100963, 4.718152198437099, 5.9828690846410915, 5.821002267075506, 3.015841898946288, -0.0793339385865, 0.200170495986, 0.976543853969, 0.441096460763, -0.871457888768, 0.214464590098, 0.893946328641, 0.447764358385, -0.0191583107001,  
29, 5, 95.09215332225052, 2.83151385397384, 5.247047126846802, 3.8346595434463153, 1.1282732617120281, -0.420663710212, -0.666530071845, 0.61545081545, 0.648651454199, 0.253313145089, 0.71769334781, -0.634265980388, 0.701120612913, 0.325786052911,  
30, 5, 113.36145344811138, 3.0023334995864355, 9.121141160200633, 3.3087012180635216, 0.8967472796977963, 0.360607058453, 0.813744104717, 0.455832295292, 0.836178436086, -0.0655213745162, -0.544529680097, 0.413241058486, -0.577518381975, 0.704062742987,  
31, 6, 261.38973451363574, 3.966431630899223, 6.235866784738034, 4.115838511986364, 2.431334781326546, 0.766611542822, 0.636297397585, -0.0862111607576, -0.327613729324, 0.503065884897, 0.799746184618, 0.552246309875, -0.58485069657, 0.594115877544,  
32, 8, 633.5310283791373, 5.327945334706686, 9.539722498635939, 4.914105832553034, 3.2262575489215064, 0.925936229026, -0.35286866269, -0.134632116034, -0.14007586041, -0.651903191385, 0.745252294457, -0.350743286617, -0.67119738971, -0.653049164259,  
33, 9, 607.404023786616, 5.253672764986682, 5.910799499324396, 5.044167189853433, 4.863549658484506, -0.819827544944, -0.30460132759, -0.484871970504, 0.0492930483765, -0.881173443112, 0.470216501768, -0.570484874411, 0.361595622739, 0.737424988513,  
34, 14, 2207.2804681259413, 8.077115694870866, 11.917446048715208, 7.329105799905605, 6.033019450020325, -0.635399677775, -0.511772859522, 0.578235064433, -0.767125624926, 0.503926854322, -0.396958437465, 0.0882356224257, 0.695806198413, 0.71278903554,  
35, 11, 1776.5461507759553, 7.513275169026898, 8.905391371690879, 8.287486216469219, 5.746614377793404, 0.17081970788, 0.562797141669, 0.808752128114, 0.20381437521, -0.823246360315, 0.529835003265, 0.963991871261, 0.0743290492093, -0.255332850582,  
36, 5, 38.822711867786595, 2.1005470794601515, 4.964844836755429, 3.80988076874772, 0.48998207730910054, 0.496834673817, -0.822664938029, -0.276365168991, -0.634500295425, -0.561597333039, 0.531053491307, -0.592085029366, -0.088492006763, -0.801002173992,  
37, 6, 117.18379288571046, 3.035705567535758, 5.6995004600966865, 3.0508904062802884, 1.6088499490682406, -0.277628372561, 0.502874781621, 0.818559369111, 0.148261419769, -0.819419148705, 0.553688369161, 0.949179139129, 0.275080375066, 0.152937075612,  
38, 8, 200.09488014547514, 3.6284052698990337, 6.150770648449393, 3.1364166493175536, 2.476190672274604, -0.387488072201, -0.63005710969, -0.672964361932, -0.874828922019, 0.481536552806, 0.0528857779714, -0.290735878594, -0.609221295459, 0.737781852621,  
39, 5, 81.68148147225598, 2.6916071021638626, 4.443886063770898, 4.051226179998881, 1.0831424843735173, 0.745122765616, 0.6665017837, 0.0238209253579, -0.335863801537, 0.344145871131, 0.876789100183, -0.576183626093, 0.661316105738, -0.480284746077,  
40, 12, 1047.1744346603077, 6.299558895239118, 7.831200997684734, 6.134552882067964, 5.203782499670307, -0.694898901055, 0.523672823902, 0.492830894749, 0.69542304625, 0.314935918909, 0.645911877677, -0.18303634627, -0.791569416089, 0.583022774389,  
41, 6, 493.6419450211239, 4.9027658063292, 6.771661277580059, 4.961279377886174, 3.5077976728786813, -0.129608309508, 0.431284353041, 0.892858047468, -0.356116342746, -0.860622576857, 0.364019134982, 0.925409550705, -0.270781437742, 0.2651312438,  
42, 11, 1429.3061487161287, 6.987881809919268, 10.316952670044593, 6.388724448489388, 5.176915276062458, 0.111736883614, 0.252545272781, -0.961111728175, 0.595289273463, 0.757419099726, 0.268229357585, 0.79570443617, -0.602110614892, -0.0657058421571,  
43, 6, 151.6647673446051, 3.308252870335521, 6.957839154458228, 3.930177889195512, 1.3240655955963136, -0.0464539815417, 0.987578370992, -0.150103260286, 0.882555059662, 0.110963015429, 0.456928633236, 0.467908745658, -0.111248237543, -0.876746962002,  
44, 7, 649.2161272551338, 5.371557513662987, 7.711169891227352, 5.111610056266996, 3.9320832391979668, -0.753386259851, 0.163972678264, -0.636806174789, 0.648350617843, 0.0235615768798, -0.760977219394, 0.109775315117, 0.986183458023, 0.124062755544,  
45, 9, 1079.8944069728723, 6.364499072333217, 8.264558715015191, 5.893049709035523, 5.293378007357825, 0.2355129322, 0.425023026875, 0.874007485891, 0.875867068784, 0.296907821267, -0.380397980397, 0.421177559452, -0.855103018529, 0.302338041135,  
46, 8, 451.30344227681024, 4.758389760125665, 6.9664237908163615, 4.751270193364911, 3.255070639962789, -0.944799904672, -0.323998407454, 0.0487665059202, -0.254069112367, 0.818449827527, 0.515353049823, 0.206886505779, -0.474515449473, 0.855589306816,  
48, 5, 728.0975565104098, 5.580849634434093, 7.475124690400575, 5.2706557833341, 4.411820848717889, 0.171516193789, 0.843838647986, -0.508447176639, -0.560457452342, 0.508019142427, 0.654067271037, 0.81022814033, 0.172779880459, 0.560069168519,  
49, 8, 809.9355192492438, 5.782566181016212, 7.552244097437546, 6.63118845708213, 3.8609523938113313, -0.593014878769, -0.801490550891, -0.077111934162, 0.672242730496, -0.545537094685, 0.500478760406, -0.443196417915, 0.244953414254, 0.862307810467,  
50, 7, 786.4074953407921, 5.72602199106032, 7.331086997104503, 5.9778259447551685, 4.283979618691726, -0.89906774091, 0.122943713324, -0.420192861207, -0.0652668162244, 0.911399669189, 0.406313777397, 0.432917359267, 0.392728260196, -0.8113858969,  
51, 9, 1277.4679679496248, 6.7311169552026815, 7.463983825545553, 7.400897864522921, 5.520854599244788, 0.441729549827, 0.609292052242, 0.658512110659, -0.882671086121, 0.426486935839, 0.197485815403, -0.160520274532, -0.668484920274, 0.726196359692,  
53, 7, 770.6028399230929, 5.687402946281475, 7.997516160021495, 5.412295687475461, 4.250160731539144, -0.597308724022, 0.478829813484, 0.643385030854, 0.801183403224, 0.392690045406, 0.451552524782, 0.0364340857602, -0.785185671009, 0.61818768949,  
54, 9, 579.3667911361696, 5.171561134266249, 7.233527120327099, 5.399474606594031, 3.5413053188828787, -0.096796480838, 0.967519204293, 0.23353164801, 0.708129056573, -0.0979355165586, 0.699258088143, 0.699416671616, 0.233056267715, -0.675648648,  
55, 7, 175.49037246777374, 3.4731341808827647, 5.367320431684302, 3.795429078158697, 2.056583192612908, -0.688885473585, 0.676469963393, -0.260432703228, 0.721627767642, 0.606067766929, -0.334567223228, 0.0684848103686, 0.418413970271, 0.905670790205,  
56, 10, 773.1941123028405, 5.693770740872002, 7.015505977096382, 6.391354768783495, 4.116688490146108, 0.675788210355, -0.32985881784, 0.659168760666, -0.488940383705, -0.869817028608, 0.0659972569647, -0.551586435591, 0.366894394939, 0.749093390062,  
58, 10, 1744.7551255663464, 7.46818884386528, 9.70419160691029, 8.509860723164348, 5.04387201722246, 0.451706277852, -0.216777508416, 0.86542992229, 0.777326999781, 0.571705562151, -0.262517591064, -0.437863190919, 0.791302888944, 0.426750001743,  
59, 10, 1432.8531998959993, 6.993657549166895, 8.901623609607828, 7.259562221644504, 5.293384358728973, 0.623190733107, -0.187583381411, 0.759240268419, -0.333586757462, 0.814306784984, 0.474999300184, -0.707356476902, -0.549287661383, 0.444893110349,  
60, 7, 1187.6211415680718, 6.569461476690617, 10.727519671405538, 5.416197127777657, 4.879727033247914, -0.072861019688, -0.277047990264, -0.958089600664, -0.99015414167, 0.135220042827, 0.0361982838326, -0.119524255047, -0.951293830059, 0.284172485203,  
61, 6, 269.03083728909104, 4.0047107292061215, 6.397382547147169, 4.3850142761064035, 2.2894972232662156, -0.115489920774, 0.924602242899, -0.363005193662, 0.992441792271, 0.0921433037433, -0.0810487540309, 0.0414893619411, 0.369621839183, 0.928255529929,  
63, 6, 155.35912943591535, 3.3348992896293614, 4.540824581135383, 4.251388292448015, 1.921244656672034, 0.799788424821, 0.546669510943, -0.247973630309, 0.526449880617, -0.440287667309, 0.727322001052, -0.28842503137, 0.712249405631, 0.639931078678,  
64, 8, 642.197447091671, 5.352130018811052, 6.453193457168903, 6.043871137339614, 3.9308827019168318, 0.0919623992098, -0.723152943704, 0.684538338695, -0.913219847442, -0.335297576991, -0.231527633562, 0.396953936081, -0.603842160566, -0.691232390556,  
65, 14, 1827.2051836381806, 7.584021748991951, 10.48745958434122, 7.245672053127543, 5.74050018955122, 0.156369036377, -0.653057881937, 0.740988614827, -0.872805470115, -0.442539354111, -0.205838605224, -0.462341146557, 0.614552131966, 0.639191944017,  
66, 6, 328.8178671410766, 4.281759463058786, 7.307628734952654, 3.7428915240336695, 2.8700078406573235, -0.521000499998, -0.808369470387, 0.274038826352, 0.145072549455, 0.232521445881, 0.961710836271, -0.841137583512, 0.540807337739, -0.00387156959373,  
67, 8, 699.6955869061183, 5.5073182687619155, 7.570683624529713, 6.749219505888122, 3.2691276199392436, 0.107432151528, 0.885311769992, 0.452417288277, -0.741325111035, -0.231891027865, 0.629812377573, 0.662491820754, -0.403050395248, 0.631391294147,  
68, 11, 589.7023544923154, 5.202132594276658, 7.648421847899802, 4.66692805935968, 3.944040017561113, 0.167561833463, 0.300615619402, 0.938910688691, -0.611184323808, -0.715598062568, 0.338190974422, 0.773548159004, -0.630515394118, 0.0638246306841,  
69, 6, 804.8640649646937, 5.770471620415116, 10.479206879448718, 4.5614964008024925, 4.019741982479923, 0.974408863339, 0.0283475401731, -0.222988304654, 0.14282280311, -0.844111487883, 0.516795358856, 0.173577112425, 0.535417792933, 0.826558390589,  
70, 13, 616.1660468372103, 5.278814302014388, 9.120312332878786, 4.11264173014203, 3.921737895255431, -0.93596048273, 0.339420005922, -0.0936591391568, 0.318980092519, 0.704726455877, -0.633728903368, 0.149096194936, 0.62302061119, 0.767864338727,  
71, 13, 1459.9865649804656, 7.037527150476981, 8.711543307703572, 7.673019076040154, 5.214334312935607, 0.391890839556, -0.825345035417, 0.406481417022, -0.896431762206, -0.243167103798, 0.370512962443, -0.206958125186, -0.509583488883, -0.835160464987,  
72, 6, 223.99862544871638, 3.767491212429312, 5.76142629577213, 3.7352766939967816, 2.48487161707349, -0.587573174477, 0.118906935328, -0.800386722382, 0.806590633602, 0.00713627492093, -0.591067359415, 0.0645702285866, 0.992879758234, 0.100102304015,  
73, 5, 132.98276562981644, 3.16642289547146, 5.115607539869861, 3.3053662668155153, 1.8775432157946657, 0.0769392919789, -0.996340540642, 0.0372273074964, 0.691549312405, 0.0264316759955, -0.721845492482, 0.718219948109, 0.0812828000115, 0.691052250239,  
74, 7, 395.62087143646806, 4.554040221212686, 6.128976431572444, 5.017513081878919, 3.0712425863358344, 0.359316486358, 0.870147560024, -0.337246032468, 0.785328819481, -0.477162167691, -0.394429855636, -0.504133224379, -0.123123878711, -0.854804189606,  
75, 10, 566.0243939252944, 5.131553325919057, 6.1480991642527, 5.1951107466891555, 4.230686700637562, -0.421458818637, -0.57434455352, 0.701784010957, -0.906736813387, 0.254801956765, -0.336012371911, -0.014170936504, 0.777948775095, 0.628167881929,  
76, 8, 409.87717609651787, 4.608098022172643, 6.462524331608087, 4.585468848360502, 3.3020161077421553, 0.281108151299, 0.782205981052, 0.55599641229, 0.412866298205, -0.621574622439, 0.665722471114, 0.866325358673, 0.0424121674243, -0.497676180839,  
77, 9, 459.86783446241185, 4.788301350921963, 5.908311475091756, 4.697012142792489, 3.956028021656768, -0.302132878004, 0.0712706453972, -0.95059782197, -0.0832438861815, -0.995364346752, -0.0481692082939, -0.949624230653, 0.0645779553635, 0.30666514024,  
78, 10, 2581.0734477429482, 8.509497557042875, 10.209835937538323, 9.431240437088356, 6.399177748280444, -0.708823507281, 0.642679609385, -0.290744140451, -0.452600955033, -0.0982320583971, 0.886285979922, -0.541037531996, -0.759811412381, -0.360506597148,  
79, 5, 407.44726291998455, 4.598973761529084, 7.336701835895204, 6.089330953999299, 2.177270293951087, 0.975918766433, -0.105845222257, 0.190733715553, 0.129048990701, 0.985106732138, -0.113626952329, 0.175866197213, -0.135504668635, -0.975043365936,  
80, 10, 1617.7112376866849, 7.282337420396089, 8.655660991833706, 7.156297189368138, 6.234818089648391, 0.424307265597, -0.890881362789, -0.162153451389, -0.843409410133, -0.453993211814, 0.287316429264, 0.329581418257, -0.014851298325, 0.944010342993,  
81, 7, 367.3626895688721, 4.442923262419161, 7.04050269434944, 5.764482160302905, 2.1609388038964057, 0.279079292842, -0.813490244056, 0.510243443007, -0.0334457696103, 0.522798344138, 0.851800018702, 0.959685432213, 0.254785231503, -0.118694384898,  
82, 5, 8.865565636889267, 1.2839238905937211, 5.1353730858993245, 1.997770388763299, 0.2063004939684883, -0.187537888807, -0.676284905403, 0.712368069881, -0.954673997661, -0.0451670679451, -0.294206550172, -0.231143025966, 0.735254148372, 0.637161077632,  
83, 11, 538.7525687290348, 5.047778019638112, 6.623121272057234, 5.8807788578026114, 3.302198599882582, -0.864534655038, 0.107506840046, -0.490940026462, 0.502361998273, 0.156539692738, -0.850369182937, 0.0145689028354, 0.98180324095, 0.189341340254,  
84, 6, 142.48663395558532, 3.240125553288717, 6.459817952902091, 2.9160577655312303, 1.8057977838855, 0.252950473138, -0.454769464545, 0.853932545496, -0.443630314088, 0.729853728641, 0.520101604699, -0.859772180616, -0.510390310357, -0.0171326744125,  
85, 9, 452.406478577449, 4.762263285729627, 6.623413676173067, 4.782100653484209, 3.409884060910466, 0.605936781298, 0.684563160002, 0.405233139116, 0.249728371648, -0.647335113476, 0.720134009234, 0.75529885308, -0.335157471689, -0.563198998318,  
86, 8, 591.8865439812101, 5.208547380565623, 6.5781822734504685, 5.482744569665007, 3.9178331892572635, -0.363242711589, 0.278467688429, 0.889106562218, 0.717876034277, 0.691947356038, 0.0765692881128, -0.593892862297, 0.666081528773, -0.451250113728,  
87, 8, 951.8342496415559, 6.10226278814383, 8.854395421886037, 5.728594749492754, 4.479873027786259, 0.336711596063, 0.221787177563, 0.915115156111, -0.492282295348, -0.787001147499, 0.371870051928, 0.802672687191, -0.575707948272, -0.155810511629,  
89, 11, 1973.4629690652616, 7.7812038094417595, 9.624083869260591, 9.172494118016042, 5.336954881026517, -0.189935191133, -0.688578752588, -0.699845643448, 0.0788184995992, -0.721214763736, 0.688212836766, 0.978627747047, -0.075555053124, -0.191256808133,  
90, 5, 80.34206903223384, 2.6768136249447396, 5.370669347299673, 3.6072628559234374, 0.990029641111457, 0.199436112992, -0.435005940186, 0.878063248768, 0.527168750818, -0.707717031272, -0.470350626458, 0.826025632166, 0.556692406676, 0.0881772042705,  
91, 7, 684.3153418368668, 5.466666194114645, 7.715134230968555, 4.816966831631196, 4.395927538337901, 0.458503122293, -0.671055792813, -0.58263110952, -0.713476759914, 0.112912371039, -0.69152130085, -0.529835634805, -0.732758431817, 0.42701203811,  
92, 7, 308.8349997080359, 4.193203770612987, 5.510795738779923, 4.190763074944709, 3.1924968716989506, 0.040811429883, 0.708836236558, 0.704191463263, -0.551585876629, -0.571670904732, 0.607408756429, 0.833119107868, -0.413211285452, 0.367653349884,  
93, 6, 380.7627698847521, 4.496300093889857, 6.386728336703095, 4.859066389312041, 2.929102649918841, -0.487899689786, -0.140558775294, -0.861508632223, -0.01322359267, -0.985646882367, 0.168301395942, 0.872799535577, -0.093506438105, -0.479038116155,  
94, 6, 352.0001307149518, 4.38010718791391, 6.917997902196181, 4.35639365575885, 2.78834605843547, -0.286598699463, -0.926892698746, -0.242345023629, 0.0546198108156, -0.268352931493, 0.961770960481, -0.95649247866, 0.262405467113, 0.127536305015,  
95, 13, 1579.095130339, 7.223924998418349, 9.921263382654402, 6.915453241096959, 5.494549074540247, 0.109986020249, -0.525951280572, 0.843373183007, -0.939400987577, 0.222187662733, 0.26107168952, 0.324698105768, 0.820979837142, 0.469641615614,  
97, 7, 706.1073698519513, 5.5240895685762625, 7.0015312845578785, 5.985712093866107, 4.0222890572886865, 0.86308187254, 0.481382078984, -0.152842976043, -0.461885543808, 0.874716826858, 0.146738601713, -0.204331656171, 0.0560514660337, -0.977295660198,  
98, 7, 221.5926423681301, 3.7539536749471707, 4.55458370601104, 4.330381859394045, 2.682204235924392, -0.204372514433, 0.440366294926, 0.874247906282, 0.975939983913, 0.0223408121106, 0.216891760827, 0.0759804129029, 0.897540202112, -0.434336922731,  
99, 11, 1379.4404814560298, 6.9056535404489905, 7.933751713307065, 6.653894113531951, 6.238208224005272, -0.0254727813054, -0.881348369437, 0.471779809979, -0.846172063991, -0.232282519628, -0.479622423575, 0.532300643935, -0.411424212664, -0.739855487038,  
100, 7, 673.0788052619067, 5.43657981856703, 6.673305405144513, 5.820461232748964, 4.136936969609286, 0.37458031064, -0.553752301162, -0.743671957142, -0.0599202294584, -0.814847686264, 0.576569869393, 0.925256265573, 0.171410726469, 0.338406864393,  
101, 6, 1204.8530679371895, 6.601082483854593, 8.546038830416498, 8.147950051440784, 4.1307818367539255, 0.540387989934, -0.278288424989, 0.79406320457, 0.70768726313, 0.660809990158, -0.250017788388, -0.455147841847, 0.697055026109, 0.554034956152,  
102, 8, 568.7201057708049, 5.1396868308814865, 6.145169282959066, 5.476098570428716, 4.034640695823037, -0.562567318276, 0.798562150002, 0.214047903498, -0.123555440073, -0.337202126055, 0.933289226024, -0.817466859044, -0.498591234147, -0.288365593641,  
103, 7, 183.03186245627583, 3.5221893254383523, 5.483626349183679, 3.424212839388401, 2.3270701945640564, -0.964177879343, -0.240379068592, 0.112155786161, 0.0684783011038, 0.182921018432, 0.980739834662, -0.256264978615, 0.953287891667, -0.159907649401,  
105, 5, 211.23287666934073, 3.6945167062275455, 6.875572711799291, 5.2944815836965295, 1.385289629221122, -0.986421448497, 0.00551710318018, 0.164141059816, 0.0947512420636, 0.835450797875, 0.541335539622, -0.13414517536, 0.549537556408, -0.824629338567,  
106, 7, 826.5160737295699, 5.821759111484117, 8.96191495841343, 5.694052083029048, 3.8666996659877224, -0.364953670665, -0.442139864379, -0.819341905797, -0.199107335746, -0.822617446289, 0.532594410328, -0.909486166536, 0.357509268953, 0.212183966153,  
107, 9, 739.0333633256232, 5.608651797794099, 7.330609883307753, 5.727451639401361, 4.202172696905685, -0.858651434635, -0.502353601191, -0.101777075852, 0.0418826545618, -0.266667768897, 0.962878052652, -0.510845923, 0.822513927178, 0.250014564681,  
108, 10, 532.6353517409784, 5.028600406653803, 8.33981283690427, 4.555394932857425, 3.347025644215269, 0.384754082582, 0.37208915956, 0.84469755136, 0.604262442646, -0.793321023614, 0.074220306521, 0.697732897565, 0.481862439738, -0.530073007071,  
109, 13, 967.4362660841996, 6.135424055826001, 8.336408090663948, 5.51702570956371, 5.0216886229573765, 0.796456895234, -0.516563208671, -0.314354681025, 0.35277378067, -0.0252975088806, 0.935366610328, -0.491128367849, -0.855875275663, 0.162081580698,  
110, 5, 99.67085378422749, 2.8762492806016615, 7.863151118281981, 3.9239423281132244, 0.7711881207794241, -0.971078349555, 0.0482317751014, -0.23383869418, 0.238494586412, 0.242204898346, -0.940455804102, -0.011277024317, 0.969025532733, 0.246702950195,  
111, 8, 1037.3057698156802, 6.279707201870273, 9.209235783685887, 5.964417040286073, 4.5084430658853085, -0.68871676594, 0.221312613898, -0.690427362756, 0.708027550268, 0.410319358624, -0.574747781205, -0.156096778873, 0.884680027393, 0.439289249536,  
112, 7, 596.3986806025606, 5.221749352603538, 7.031107738659836, 5.216030600757213, 3.8822561031255685, -0.491807789381, -0.51633439824, -0.701087646089, -0.173730289693, -0.730813901124, 0.660097590032, -0.853195689597, 0.446441296385, 0.269717044577,  
113, 6, 328.62138047674495, 4.2809064312843725, 8.813112943528358, 5.812836402870964, 1.531403975902556, -0.856963598493, 0.400962191905, 0.323794242568, -0.154502564713, -0.799242522161, 0.580810079343, 0.491673009585, 0.447706054719, 0.746871434863,  
114, 15, 1980.5966395363505, 7.79056836211675, 9.326111956615831, 8.275506340038959, 6.126497041328113, 0.594434082759, -0.232982396582, -0.769654028858, 0.586221864701, 0.780704795601, 0.216434626325, -0.550447133339, 0.579844138548, -0.600656914045,  
115, 6, 209.44927459658015, 3.6840887492846752, 5.365536545917053, 4.208013014901147, 2.214624089365231, -0.0680148563789, -0.850146687971, 0.522134645704, -0.393254144806, -0.458131167394, -0.797161847466, 0.916910659173, -0.259550462136, -0.303163983184,  
116, 11, 1572.37845241467, 7.21366812535216, 8.645698973327628, 6.9669963741885335, 6.231933059747571, 0.373021183932, 0.177189217414, 0.910746494679, -0.34077175968, 0.939155584289, -0.0431439022751, -0.862977290629, -0.294263096108, 0.410706009363,  
117, 10, 1180.11792632077, 6.55559727528009, 8.707434316733767, 6.130692020602893, 5.2776075390074135, -0.332452245086, -0.293978497425, 0.896131769211, -0.926672473362, 0.278500410593, -0.252419588013, 0.175367134466, 0.914338101772, 0.365009868083,  
118, 7, 273.696595633219, 4.027729186234545, 6.41673394428502, 4.653905328092086, 2.1880095294991624, -0.11293252283, 0.959542309593, 0.257924022512, 0.306107479109, -0.213359324358, 0.927780151729, 0.945274804764, 0.183729025499, -0.269627870718,  
119, 5, 967.1909867720636, 6.134905496328795, 9.944197902912691, 8.482184992025681, 2.737449604201538, -0.969858073648, -0.152584371707, -0.189982437322, -0.184276168495, -0.0508388010494, 0.98155881639, 0.159429014626, -0.986981978467, -0.0211887582618,  
120, 9, 655.8476931572015, 5.389785255643091, 7.425230732940633, 4.878830652081907, 4.322039073261899, 0.149496687993, 0.23353660408, -0.960786862334, 0.934837602331, 0.283130920181, 0.214279115421, -0.322070485371, 0.930213704797, 0.175991664179,  
121, 7, 391.98022347162254, 4.540027835929095, 8.769036661880586, 5.2755245837517215, 2.0228235909451717, 0.325538328917, -0.470835025649, 0.819962910764, -0.35444267874, 0.743197728331, 0.567474690265, -0.876581532941, -0.47536461293, 0.0750553187998,  
123, 9, 434.3347770890507, 4.697989030985994, 6.836202644208085, 4.771001673130041, 3.179153506735392, 0.0982564516767, 0.890706133575, 0.443833587413, -0.697767597173, -0.256331383561, 0.668890575608, 0.709553415916, -0.375415510353, 0.59631966641,  
124, 10, 692.4613218496877, 5.488272127406593, 6.407465445820161, 5.415807590099087, 4.763842688331409, 0.263973714706, 0.948047293272, -0.177550577761, 0.883150079164, -0.311576448631, -0.350665159848, 0.387767734109, 0.0642374219422, 0.919516034665,  
125, 7, 734.1185204577957, 5.59619093669146, 10.097399990388935, 5.831655590630743, 2.9762961578327327, -0.968807957803, -0.11797555484, -0.217928679521, -0.241672414287, 0.25523961615, 0.936187578704, 0.0548232165229, -0.959653326367, 0.275789608437,  
126, 7, 1102.6797957353835, 6.408950775201295, 9.310475740650313, 6.305216771824296, 4.484240666480451, -0.373504593382, -0.31573017193, -0.872243530934, -0.00483419148239, -0.939618920399, 0.342188420349, -0.92761573365, 0.13202553905, 0.34942568269,  
127, 10, 459.5023799774332, 4.787032602363705, 6.229114639718974, 5.215313408844055, 3.3766995517331617, 0.0580900772638, 0.382317426432, 0.922203300997, 0.711399345039, -0.663935407293, 0.230435992894, 0.700383120015, 0.64266877969, -0.310548425869,  
128, 8, 139.93791517515518, 3.220690038616729, 4.165930464044541, 3.444022505546994, 2.3284600591607068, -0.619181954502, 0.757301388406, -0.207625418332, 0.757429636601, 0.645745295386, 0.0965057463821, -0.207157072815, 0.0975070284908, 0.973436349526,  
129, 9, 899.909876766583, 5.98921820966881, 8.35584324147132, 6.42251546692883, 4.003270777323224, -0.0864638679559, -0.497058622613, 0.863398358363, 0.977457523803, -0.20988190271, -0.0229428872663, 0.192615650193, 0.841951490646, 0.504000891566,  
130, 8, 1082.4818262183194, 6.36957811606639, 10.853760301445657, 6.500098021401928, 3.6629574377081187, 0.632265750237, 0.0191717828999, -0.774514340615, 0.375932349661, -0.881710895583, 0.285062738865, -0.677432571963, -0.471400402366, -0.56468289428,  
131, 9, 1205.3992720818078, 6.602079837530251, 9.176228474597025, 6.76099584544668, 4.638391777952616, -0.735002395071, 0.450801333698, 0.506507291927, 0.669780603188, 0.599093338855, 0.438726697309, 0.105666564399, -0.66171393281, 0.742273028132,  
132, 9, 316.9859540517703, 4.229773738324788, 5.329105012926575, 4.490954155907671, 3.1619755632271014, -0.543405500279, 0.191152461625, 0.817417395631, -0.828928968817, -0.276009667956, -0.486513543337, -0.132616842526, 0.941955094264, -0.308436984599,  
133, 7, 178.01541943804585, 3.4897126750705256, 7.259937469995114, 3.345262770127965, 1.749870441659426, 0.258728132905, 0.0719867617028, -0.96326406524, 0.510922856143, -0.856502303683, 0.0732232125544, -0.81976678898, -0.511098532502, -0.258380923754,  
134, 15, 1359.2501033667936, 6.871795949814988, 8.833227291350685, 6.737637334570561, 5.452350034003889, -0.802738111647, 0.509981256233, 0.30908031707, 0.589279591696, 0.757855325598, 0.280008693209, 0.0914389792101, -0.406908372676, 0.908880899418,  
135, 6, 819.4623278604097, 5.805150203827047, 8.379769293287634, 6.9368689262674375, 3.3654631003910063, -0.458441737572, -0.884473755966, 0.0868179028764, -0.885149416865, 0.463167112084, 0.0445728180327, 0.0796346851318, 0.0564127759571, 0.995226564975,  
136, 12, 825.5370709561267, 5.8194595917180205, 9.411293562284841, 4.69338141828922, 4.46182775680682, 0.0999077324369, -0.850171045331, 0.516940652957, -0.701239055794, 0.308420005818, 0.642760364864, -0.705891090486, -0.426715705935, -0.565359597672,  
137, 5, 201.7867706446266, 3.638603170267129, 6.274276730646129, 5.050722071464151, 1.5201517370203281, -0.829956303158, 0.455460253039, 0.32206908071, -0.490372828899, -0.870923865877, -0.0320329287424, -0.265907923021, 0.184519857327, -0.946174084789,  
138, 5, 26.802290193317848, 1.8564977701184173, 4.301777249633189, 2.9954517576290236, 0.49656150397048726, 0.259389454519, 0.0794280247488, 0.962501064814, 0.776494794188, 0.575444099653, -0.256748754182, -0.574258605059, 0.813974985524, 0.0875886833854,  
139, 8, 592.8566841060978, 5.211391541960359, 6.075501784300216, 5.0473723466932245, 4.615445367047407, -0.566811195674, 0.0434350771636, 0.822701928119, 0.190935291356, 0.978345803041, 0.079894957208, -0.801416734897, 0.202368188568, -0.562830643518,  
140, 8, 518.4243381941878, 4.983474697232984, 7.727669120333918, 4.732576346585673, 3.3841579549126743, -0.893913370405, 0.0476098968635, 0.445704143946, 0.444353177498, 0.22478220561, 0.867192720039, 0.0588994045639, -0.973245219748, 0.222091427976,  
141, 6, 436.6968678347384, 4.706490169385518, 7.617254867452703, 4.216052939670386, 3.2462870939264894, -0.685994932964, -0.461142194524, 0.562813315743, -0.205209139381, 0.864731956211, 0.458397047354, -0.698068879884, 0.198963615614, -0.687832333203,  
142, 8, 681.1316523088732, 5.458175358068717, 8.47302181121562, 7.140461382299343, 2.687681822784399, -0.102578098315, 0.141952904396, 0.984544111089, -0.728705379758, -0.684448943144, 0.022762111977, 0.677101324219, -0.715107696199, 0.173651316087,  
143, 8, 687.7396628861355, 5.475769444765255, 7.368809455046287, 4.956971038932477, 4.494917799598392, -0.443831734618, 0.562703424349, -0.697408235951, -0.246958975132, 0.671316920458, 0.698816754885, 0.861408530227, 0.4823882757, -0.158987092305,  
144, 9, 821.5361576561367, 5.810043148715775, 7.8148466630367555, 5.915533672380938, 4.242517880127716, -0.893823351844, 0.431194112164, 0.12309123987, -0.106596145334, -0.470945485231, 0.875698356593, 0.435565239083, 0.7695985886, 0.466905702393,  
145, 13, 668.4602595180169, 5.424116323115402, 7.650197560108891, 4.667057832875846, 4.469625650872014, -0.753850999425, -0.61928789254, 0.219524888837, -0.601074196261, 0.784941722019, 0.150254130137, 0.265364807868, 0.0186815199455, 0.963967073897,  
146, 5, 122.75719036198319, 3.0830893437908453, 4.644712691770411, 3.6333997762520087, 1.7365459938491372, 0.231906736737, -0.957174590326, -0.173309171971, 0.577315975232, 0.278828437101, -0.767437924139, 0.782895606194, 0.0779198710022, 0.617254375039,  
147, 8, 402.25166986467076, 4.579342030262644, 7.167195683477451, 4.590516831792342, 2.918760096397367, 0.250645200937, -0.961772234539, -0.110322944656, -0.891271042003, -0.273741997659, 0.361526276228, 0.37790595779, -0.00771281969093, 0.925811859656,  
148, 8, 691.860630270798, 5.486684692128773, 7.447225790182015, 6.006316401796866, 3.6925576228567705, -0.955154381777, 0.26669488069, -0.128662145118, 0.0467716119813, 0.564940181565, 0.823805200011, 0.292391045152, 0.780843410593, -0.552078839341,  
149, 9, 760.4371242338497, 5.662282942932854, 7.601569131191838, 7.012937970035641, 3.4054260547019104, 0.82503164686, 0.165854753735, 0.540199021049, -0.471552780738, -0.32470238612, 0.819881903341, -0.311385222285, 0.931160867472, 0.189680474037,  
150, 9, 1222.7732105884402, 6.6336481898399775, 9.335990010427318, 6.542897287831093, 4.77888769915838, 0.623726260255, -0.00129878760157, -0.781641775636, 0.299023551666, 0.924326775428, 0.237075784879, 0.722184510923, -0.381599692581, 0.576915250972,  
151, 7, 791.230246773076, 5.737703348448151, 9.067425038559122, 6.4496336177544515, 3.2299459373172303, 0.38517599439, -0.396720070019, -0.833218242353, 0.617031844225, -0.560674192843, 0.552192133856, -0.6862296675, -0.726813342974, 0.0288306766874,  
152, 12, 920.9038093798139, 6.035434671143983, 8.828883466581331, 5.58450516154533, 4.458976452974325, 0.560592507173, -0.809649037555, 0.173794352287, -0.60087435912, -0.253299519159, 0.758148638557, 0.569812289664, 0.529441016148, 0.628495159065,  
153, 9, 371.52180757931063, 4.4596273193327285, 6.96812806793115, 4.237774695390167, 3.003597362895262, 0.390034372066, -0.306062260105, 0.868446360777, -0.811391810672, -0.560136580803, 0.167004013187, -0.435334949414, 0.769787570558, 0.46680893097,  
154, 9, 474.8605771730141, 4.839782396428162, 8.007912197778396, 4.254142927882876, 3.327715021007109, 0.434830591315, -0.84828278361, 0.302222891071, -0.661091093265, -0.0728219989395, 0.746763364712, 0.611458030663, 0.524512416918, 0.592457425674,  
155, 7, 260.9311126861088, 3.964110502945626, 5.926167858312857, 4.097324330677502, 2.5654465197095013, 0.298985419507, 0.923521622363, -0.24024057099, -0.612919730134, 0.378812505544, 0.693419418575, 0.73139395905, -0.0600741098185, 0.679304039436,  
156, 6, 237.0062735438084, 3.839049785852518, 7.414802029465981, 3.9566938279845107, 1.9285869643165376, -0.325889161007, -0.0996311837733, 0.940143543273, 0.903408509801, -0.325923739343, 0.278615829688, -0.278656274213, -0.940131556407, -0.196222673229,  
157, 8, 530.7702340121659, 5.022724028364977, 6.878818680187522, 5.225084594718198, 3.5254191716958077, -0.953080557025, 0.240614224347, -0.183690628128, 0.0795278847286, 0.784512341042, 0.61499244085, 0.292083493835, 0.571528810992, -0.766838999292,  
158, 7, 171.65352495931435, 3.4476357250847265, 5.28173415721918, 3.621174653502119, 2.1425852300411456, 0.0352778539028, -0.970010700544, 0.240488490067, 0.975634970358, -0.0187138210144, -0.21860054327, 0.216545324676, 0.242340738906, 0.945716177628,  
159, 7, 210.13019657838728, 3.6880767688908116, 6.440536569273569, 3.521827480939236, 2.2116160298812826, -0.877689976698, -0.1800678494, 0.444112456948, 0.0356126783349, 0.899653380763, 0.435150010484, -0.477903799886, 0.397742836636, -0.783204056399,  
160, 6, 89.4332732905231, 2.7741940697390284, 4.445430669841743, 2.506867874572839, 1.9158664431391486, -0.824747727925, -0.216723051517, -0.522323945673, -0.561385835542, 0.425000943297, 0.710084601896, -0.0680964678591, -0.878865926713, 0.472183813707,  
161, 8, 390.86313777140674, 4.535710929715735, 7.215133440503579, 4.088391151637692, 3.1632921060144272, -0.258023735824, 0.66987367392, -0.696198974963, 0.921339517314, -0.0462795599323, -0.385994425047, 0.290787285806, 0.741031351105, 0.605239862445,  
162, 5, 26.452218219474958, 1.848379582116569, 5.365173406134199, 3.552465171672115, 0.3313293400492106, 0.537505385815, 0.52747117848, -0.657922576063, 0.272366824754, 0.629799004106, 0.72744039426, 0.798062825217, -0.57019941275, 0.194854706656,  
163, 11, 1032.7867729552618, 6.270574797744621, 6.986407706012665, 6.224693999101724, 5.669570042870733, -0.721488220938, -0.592804920776, 0.357822683672, -0.690236226972, 0.65680344113, -0.303616848505, 0.0550336081261, 0.466038158978, 0.883051378094,  
164, 10, 834.2073306406744, 5.839761772828635, 7.735691971970924, 6.085040117172477, 4.230802756316302, 0.764310714203, 0.631813440102, -0.128999647523, 0.500264909279, -0.707185239769, -0.499623915758, 0.406895751636, -0.317333914921, 0.856583348975,  
165, 8, 567.0072186645898, 5.134521691096609, 6.0161344390007, 5.400597532180527, 4.16620496797343, 0.115653960146, -0.639997377865, 0.759623273622, 0.872891125999, -0.299464571004, -0.385203910761, 0.47400975059, 0.70761877239, 0.524013768241,  
166, 5, 597.8416787443922, 5.225957335176052, 7.377062288487187, 5.244084596433224, 3.689303976646141, -0.681586077588, 0.698752066216, -0.217223315501, 0.722854029205, 0.596841239638, -0.348227780526, 0.113677048254, 0.394367955883, 0.911894425947,  
