# Void_ID, Void_Volume, r = (a*b*c)**(1/3.0), a, b, c, vector_a, vector_b, vector_c 

0, 13, 9955722.014016079, 133.4529107886186, 233.85831270808788, 106.52595521185567, 95.40604729095168, -0.663116266391, 0.681690041363, -0.309152882493, 0.73880278817, 0.662400067388, -0.124083000114, -0.120196744717, 0.310684467315, 0.94288276277,  
1, 8, 3734702.569134145, 96.247428944729, 142.18235091068095, 93.11778952600483, 67.3424732419523, 0.492761270771, -0.868961924077, 0.0457329698763, -0.655763014622, -0.336288864013, 0.67593244381, 0.571980068431, 0.363063320161, 0.735543218901,  
3, 6, 3120141.047761079, 90.64876101864421, 155.0909858597382, 123.63300375335763, 38.84763997229688, -0.599209504316, 0.436424029031, 0.671179586118, -0.19037181201, -0.891979728526, 0.410037482544, -0.777628795203, -0.117924682672, -0.617565564201,  
4, 6, 3074696.593352475, 90.20651105196748, 124.42346452647058, 84.64144653811539, 69.69927978680651, 0.494972224199, -0.843410966592, -0.208950804507, -0.556652164474, -0.492438674281, 0.669060923877, -0.667188777677, -0.214853656019, -0.713230005985,  
5, 9, 11367611.396323582, 139.4847954259591, 188.51859494733426, 165.19986751073986, 87.13983244177014, -0.0184614398704, 0.999508142863, 0.025350494849, 0.952431379331, 0.0098665149611, 0.304593367539, 0.304193430081, 0.0297678389155, -0.952145069232,  
6, 9, 9561339.412648799, 131.6669297430324, 262.54425992122333, 115.4345255239427, 75.31680283643158, 0.650738090695, -0.747018621128, -0.136026162948, -0.671050528581, -0.481975178726, -0.563374755543, -0.355290198866, -0.457889841315, 0.814926848135,  
7, 9, 4548394.905205358, 102.78344858756131, 212.272812842648, 109.87054930268675, 46.55795374187876, 0.755482831491, -0.645482897239, -0.112238677354, 0.381962928691, 0.294748076252, 0.875915459763, -0.532306314473, -0.704610105603, 0.469227649073,  
8, 6, 3505176.823677894, 94.2338874195395, 170.93317367817625, 124.96043541428841, 39.17621155196873, -0.90144412818, -0.296798582354, -0.315133440439, -0.389898520552, 0.872950369968, 0.293149782952, -0.188089413423, -0.387128212723, 0.902637313361,  
9, 9, 5177400.956308722, 107.31845129268454, 163.0380721911688, 104.59300178334473, 72.48222751155325, -0.355529726082, 0.887635802515, 0.292747836825, 0.896830654359, 0.412185312792, -0.160617699277, 0.263236379087, -0.205440867434, 0.942603128954,  
10, 6, 6198126.901848667, 113.9525246429684, 211.1261474206097, 112.51076195397184, 62.292500707763736, -0.827779273698, 0.302855464855, 0.472292326259, 0.049837406788, -0.798775901954, 0.599560915456, 0.558836028653, 0.519841923921, 0.646116604967,  
11, 10, 5333168.661050823, 108.38409851384029, 216.4019728739517, 108.79633826041508, 54.07807387159929, 0.477244804066, -0.847317436174, 0.233003346213, -0.696932999181, -0.5264516688, -0.486963073621, -0.535277303502, -0.0700128757627, 0.841769805578,  
12, 6, 8607145.858774645, 127.13257724064277, 269.14709546425377, 112.70192764676393, 67.74067372917817, -0.709393604043, 0.693893333128, 0.123582995522, -0.226376549071, -0.390369347253, 0.89239309206, 0.667468630404, 0.605081659749, 0.434006696333,  
13, 16, 9743904.0741712, 132.49967006209818, 198.21420555638485, 124.03189733647692, 94.61853666566469, -0.576190231095, 0.784835574643, 0.228118255222, 0.763752213847, 0.417654150736, 0.492186515679, -0.291010950713, -0.457818884655, 0.84006814927,  
14, 13, 9820153.55026713, 132.84439126992115, 177.7334865451341, 139.41699480480372, 94.61166639570054, 0.532845810357, -0.767387544728, 0.356639451803, -0.648557409296, -0.641059176735, -0.410385695134, -0.543551864345, 0.0126288606316, 0.839280574449,  
15, 10, 11217006.588349942, 138.86606265369966, 192.3140419029776, 154.95351961562238, 89.86196784701625, -0.938095041763, 0.0931357125224, -0.333621689452, -0.126982034316, 0.803644318671, 0.581404654289, 0.322262712055, 0.587776784265, -0.742068188443,  
16, 6, 5459688.375283917, 109.23448074658539, 178.25104545757853, 104.44560939946774, 70.00949933164668, -0.0557054466405, 0.654639422432, 0.753886019112, 0.612527385085, -0.573870857759, 0.543582966193, 0.788484055473, 0.492056363857, -0.369016841151,  
17, 9, 4558709.017196255, 102.86108181180063, 138.3992429037157, 119.49975555821698, 65.80403602333618, -0.629561239221, 0.729607868295, -0.26706741582, 0.769882225924, 0.63208254292, -0.0880512188587, -0.10456578923, 0.261044091023, 0.959646798705,  
18, 8, 5880445.705359817, 111.97142666050715, 222.12788748587363, 137.2273609743163, 46.05511142134194, 0.680286257571, -0.649834796276, -0.339006408951, -0.382974286746, -0.709515323857, 0.591539264043, -0.624933039175, -0.272585294471, -0.731543541962,  
19, 8, 8474541.63285484, 126.47631476985835, 143.30856953270782, 133.13912677209407, 106.03512265442022, -0.193771065416, -0.980971605071, 0.0121443094058, 0.0841142075567, -0.00427916541243, 0.99644693227, 0.977434179009, -0.194104092659, -0.0833428276372,  
20, 10, 7093264.0451351805, 119.19348166480006, 178.96841495858376, 110.64934444883424, 85.51302708379545, 0.689744110764, -0.715243241768, 0.112606246591, -0.579537571358, -0.452130184531, 0.678022491972, 0.434038322099, 0.532921571473, 0.726364463343,  
21, 6, 3260675.156885868, 91.98979303716906, 101.2763260102486, 92.64999648285901, 82.95939572813673, -0.96641829125, -0.120527615175, -0.226955458884, -0.237542089961, 0.755907337582, 0.610063810177, -0.0980277605294, -0.643488299016, 0.759153059136,  
22, 11, 12272678.12134189, 143.092513236301, 183.43132703642448, 152.9593216722843, 104.42422908515921, 0.837825439656, -0.14135380519, 0.527321187156, 0.0388396197364, 0.978884518478, 0.200690267382, 0.544554879332, 0.147662457116, -0.825624480109,  
23, 9, 6990733.77825892, 118.61639426768818, 184.63466582016844, 110.58311002163043, 81.73952503219685, 0.28972780117, -0.953382389925, -0.0843790247069, 0.491858233323, 0.0726830123925, 0.867636247526, -0.821056197554, -0.292880860233, 0.489987267353,  
24, 6, 5065908.318015862, 106.54250546325498, 168.93900059974834, 108.87909496897416, 65.74977841103184, -0.953611207645, -0.290050190063, 0.0806011904269, -0.29564049939, 0.952799751342, -0.0690603284378, 0.0567658328074, 0.0896856793912, 0.994351104559,  
25, 6, 9230565.082324946, 130.1307381121009, 169.7019152171215, 123.45745191453314, 105.18059580677935, 0.826362886694, -0.555790409676, 0.0906719361599, -0.491265614594, -0.790199245106, -0.366392206456, -0.275286170034, -0.258228916945, 0.926032046444,  
26, 7, 5195195.042340175, 107.44125745314227, 181.0987113914972, 100.26465662492414, 68.30461009934439, -0.331723658184, 0.747333936792, 0.575718161533, 0.131203410535, -0.567794705023, 0.812646810129, 0.934208263539, 0.345110358968, 0.0902981753322,  
27, 8, 11089640.766204786, 138.3384662050664, 177.87234548251277, 139.41218065732625, 106.76274130011588, 0.755290477439, -0.523233660047, 0.39466800185, 0.289276376623, 0.806502993749, 0.515627868721, -0.588094782002, -0.275280689603, 0.76050316851,  
28, 8, 5476414.74793163, 109.34591775151118, 238.01737639770698, 121.1251580456092, 45.34868535739998, -0.525928326147, 0.649343077283, -0.549320456328, -0.122000129614, 0.581583905628, 0.804286099028, 0.841733546991, 0.490014008676, -0.226651510408,  
29, 10, 5281139.815087836, 108.03049150761434, 163.90347691959218, 105.77215610482297, 72.72429708776791, -0.8314183419, 0.555265243498, 0.0205924771311, 0.551771658462, 0.82942190316, -0.087220086423, 0.0655101340984, 0.0611540343757, 0.995976207753,  
30, 5, 3062135.728337768, 90.08350506406381, 218.6384077822489, 146.81970610664888, 22.77325038438691, -0.839379637698, 0.531840464763, -0.112194223821, 0.504771994478, 0.839278362826, 0.202032332272, -0.201611153979, -0.112949323739, 0.972931340259,  
31, 10, 4650171.187977418, 103.54443846776762, 225.09515697450666, 72.73047386128555, 67.81062753891811, -0.464952167562, 0.863600582019, -0.194970553201, 0.00641401623329, 0.223502125224, 0.974682338209, 0.885312567558, 0.451930121541, -0.10945694573,  
32, 6, 2040345.835020783, 78.68133598619063, 171.62371387498516, 107.25669515607599, 26.461439717900305, 0.674017455015, 0.731390372414, 0.10377183373, 0.610240156392, -0.472108049882, -0.636176815644, 0.41630208006, -0.492120018264, 0.764532841519,  
33, 7, 13988527.404722845, 149.47244190356287, 252.52399865864425, 143.94146212556612, 91.87446459101307, -0.927892687201, 0.347635332678, 0.134776988069, 0.312482812726, 0.92227387933, -0.227520072204, 0.203395311622, 0.168998718867, 0.964401254785,  
34, 6, 4917184.271094794, 105.48951399587224, 174.27411407181472, 117.31799307174207, 57.4156605702158, 0.675845878981, -0.736936047342, -0.0125542818148, -0.581959415271, -0.544013877135, 0.604460205855, 0.452278218403, 0.401215856631, 0.796536408174,  
35, 6, 1970036.9171040244, 77.7669831985451, 145.09163850933945, 94.21079912908849, 34.406673199292605, -0.0175938871197, -0.985253356397, 0.170194826137, 0.583238613509, -0.148373015751, -0.798635190753, 0.812110321845, 0.0852130970268, 0.577248259631,  
36, 10, 7395039.72535736, 120.86038332551789, 176.40703771841623, 129.35632610491106, 77.36567558006573, -0.0810316792655, 0.94497472125, 0.316948959855, -0.815866125519, -0.245549913665, 0.523514761139, 0.572535005206, -0.216166639649, 0.790870186387,  
38, 6, 4384745.907362123, 101.53566262135722, 151.55828196084175, 89.3383722880736, 77.31043431036707, -0.992143094383, 0.124213418534, 0.0149367641811, 0.0996170653443, 0.856568273397, -0.506327199843, 0.0756869906941, 0.500861078209, 0.86221207355,  
40, 8, 6036336.266677508, 112.95226355800159, 177.95647386112478, 121.6518365347537, 66.56598369208622, -0.735918008021, 0.483080991394, 0.474402193528, -0.0132786697366, -0.710831493958, 0.703236990017, 0.676940442284, 0.51122533481, 0.529528370013,  
41, 7, 2195550.5067194123, 80.62782433582781, 198.94390967989767, 78.05600838023452, 33.75342406047473, -0.552032758308, 0.783526725065, -0.285211684305, 0.0157263420109, 0.351776036771, 0.935952083239, 0.833674106544, 0.512190873662, -0.206513905139,  
42, 5, 2211655.265429146, 80.82448414653801, 241.521911376641, 82.68435551194638, 26.439238455685675, -0.834441561864, 0.441074546545, -0.330394497872, -0.0286329930356, 0.564013168469, 0.825269227285, 0.550352097792, 0.69809912633, -0.45800674479,  
43, 7, 5013031.622797952, 106.17052012833393, 156.75899960685626, 114.35974674000227, 66.75843802109264, -0.893942600981, 0.431703351767, 0.120411138291, 0.442634976381, 0.80828223379, 0.388270663614, -0.0702915630434, -0.400389868269, 0.913644925314,  
44, 13, 7407734.377946523, 120.92950188486735, 171.35479246571268, 127.23848901726207, 81.11142540924601, -0.151078951996, 0.881678408432, 0.447010441006, 0.666968632512, -0.2428430427, 0.704400525168, 0.729608109542, 0.404562035685, -0.551363369996,  
45, 7, 8150621.370580198, 124.8439122801949, 183.24797326249654, 124.86657679074102, 85.03872181179841, 0.400323724123, -0.735693806929, -0.546347452039, -0.750844752004, 0.0784502833831, -0.65580310416, -0.525331394734, -0.672755658083, 0.520986324412,  
46, 7, 8528239.871361893, 126.74288812107083, 180.68567908549278, 124.28390120172101, 90.66343899876115, 0.52166729427, -0.818024535104, -0.242278959173, -0.789513761748, -0.57050055086, 0.226267853392, 0.32331293525, -0.07324603359, 0.943453106658,  
47, 9, 2746686.776299514, 86.87740544865777, 168.2266065658788, 75.24717550704543, 51.80070136780494, 0.618282654165, -0.784798199229, 0.0426420689767, -0.706862290154, -0.531523580249, 0.466720887038, 0.343616446518, 0.318707499326, 0.883376062363,  
48, 14, 9367387.471753284, 130.77055245639522, 215.11435588981303, 118.6089560069133, 87.64819921388481, 0.751613607511, -0.647135481924, 0.127642677186, -0.489654575973, -0.417753430918, 0.765323766249, 0.441944997974, 0.637728577838, 0.63086201326,  
49, 6, 3578145.5357221193, 94.88330356828969, 154.03595514781074, 103.0372441435046, 53.82115967948812, 0.0929200394569, 0.240861680456, 0.966101194055, -0.222290061445, 0.950827006855, -0.215673669276, 0.970542629074, 0.194714287929, -0.141892040742,  
50, 7, 11423473.498996712, 139.7129050639335, 285.0403274124276, 113.15502721055618, 84.55307521767752, 0.540162635632, -0.81224804605, 0.220175926829, -0.615901455904, -0.203263052554, 0.761150135047, 0.573489078956, 0.546751536948, 0.610059860311,  
51, 8, 2822574.1199742397, 87.67025073529625, 148.01230172526743, 107.26206983500693, 42.44365348611813, 0.405521220915, -0.813724700298, -0.416418841446, -0.0166017803922, -0.462039159417, 0.88670411979, 0.913934855597, 0.352664043091, 0.200875962812,  
52, 5, 837740.6882158879, 58.479950987578086, 244.04257609804884, 161.6451121688619, 5.069823290951889, 0.261696520952, -0.897157131185, -0.355842679966, -0.915767677237, -0.114390619004, -0.385077067108, -0.304769572382, -0.426642553255, 0.851523129165,  
53, 8, 7756101.309080207, 122.79620766078503, 191.50622933171476, 126.99048124523713, 76.13788165987395, -0.970043857696, 0.215615495215, -0.111914576216, -0.0201974281413, 0.387509506497, 0.921644425074, 0.242088781324, 0.896295900134, -0.371546338106,  
54, 9, 3850320.9813015903, 97.23055741436558, 182.0901842670793, 87.32481388971982, 57.807491297393284, -0.360690626575, 0.791202472168, 0.493863260362, 0.908747312992, 0.178927253006, 0.377045566558, -0.209953787844, -0.584793712489, 0.783540503614,  
55, 6, 748058.3443786727, 56.3139020112595, 175.35205365697277, 68.14253554678574, 14.945750104255081, 0.647582836832, -0.676506581892, -0.350678362746, 0.323105257025, -0.173005006282, 0.930415101277, -0.690101052255, -0.715826873244, 0.106547760268,  
56, 8, 3550656.6583601474, 94.6397003456395, 201.1298823893362, 112.10373649155406, 37.59441937570371, 0.859091220869, -0.487457752445, -0.156035937547, -0.35765972303, -0.789826869021, 0.498249976914, 0.36611718991, 0.37223441076, 0.852877333911,  
57, 7, 5272210.227291718, 107.96956955990156, 184.8457575351637, 127.41291025144716, 53.44181348551798, -0.95580477609, -0.24250173529, -0.166223158387, -0.273395196024, 0.525177113679, 0.805880925484, 0.108130924319, -0.815709450509, 0.568265603003,  
58, 10, 7462293.1097815605, 121.22566209400154, 185.4577908651579, 140.48418807290253, 68.3771769297906, 0.64993878065, -0.59408404087, -0.473965962693, -0.00809243301285, -0.629024971229, 0.777342973274, 0.759943480751, 0.501389806393, 0.413635308103,  
59, 8, 8157041.622310147, 124.87668356409584, 185.11096676471553, 136.26682611808243, 77.2007962152661, -0.682749161886, 0.728861753818, -0.0511285220241, 0.711317947881, 0.647061001462, -0.274479211251, 0.166974126635, 0.223769086801, 0.960232803453,  
60, 7, 7847559.310816738, 123.27698355027805, 199.60979359838007, 130.11931210363787, 72.1310730873977, -0.746335975122, 0.331741832482, -0.577000839532, 0.0330807869018, 0.884346104258, 0.465658275371, 0.664746774175, 0.328449881208, -0.670993592933,  
61, 13, 9288433.306171633, 130.4021101825072, 173.93222968454327, 130.72225830977197, 97.52686217647077, -0.775327702016, 0.425319109517, 0.46687322644, 0.0271456490014, -0.71611339144, 0.697455894191, 0.630975489403, 0.553430452433, 0.543676986907,  
62, 8, 5455484.073833557, 109.20643441929485, 206.97273416303858, 124.60116484588586, 50.50210072457198, 0.666918814844, -0.723055668534, 0.180027205191, 0.391140276607, 0.54535457535, 0.741348549038, -0.634214930779, -0.424003404875, 0.646523421255,  
63, 10, 11947090.834864855, 141.8157672086356, 207.36239521154786, 129.83943768934563, 105.93438014081998, -0.352370035513, 0.930435030169, -0.100628091043, 0.209558875895, 0.183239902516, 0.960472912507, 0.912096724918, 0.317354364646, -0.259549169972,  
64, 7, 2283205.2932364466, 81.6868440952656, 170.1376169212734, 93.22901083090771, 34.364096625743954, -0.349048890893, -0.931758663128, -0.0999533163615, -0.210293028111, -0.0260592493123, 0.977291030273, -0.913204092245, 0.362141835764, -0.186846398668,  
65, 5, 3577383.8273248915, 94.8765702351108, 120.82373573227561, 104.14779998401409, 67.86948756469098, -0.17250838489, 0.532065355171, 0.828943493231, -0.419985410103, -0.800960239513, 0.42670241389, 0.89098435028, -0.274534428708, 0.361632043672,  
66, 12, 2799113.671206878, 87.42667775684264, 170.47311775258513, 98.14195044219561, 39.941221026446044, -0.914407870638, 0.399751985416, 0.063691414426, 0.40207093075, 0.915163245613, 0.0285517166696, 0.0468744361181, -0.051716380722, 0.997561127552,  
67, 5, 14709219.72230953, 151.99653070546452, 241.47186998629704, 147.30422712936814, 98.72321065256237, -0.938257975497, 0.195157662338, 0.285631682848, 0.0529920784011, -0.734849620656, 0.676156693857, 0.341853493535, 0.649545627229, 0.679136707229,  
68, 7, 8415612.223257864, 126.18247322101087, 227.40203753638207, 179.63537188122186, 49.18253360572758, 0.52614691417, -0.849216209606, 0.0447353780759, -0.806952391865, -0.515176563912, -0.288826843038, -0.26832305524, -0.115866031854, 0.956335610907,  
69, 13, 9118411.477995656, 129.60154902212582, 216.31979092477053, 127.11932415001898, 79.16309172303474, 0.805941456842, -0.512069535635, -0.297057500863, 0.213401649975, -0.216752968315, 0.952616337522, -0.552193900665, -0.831145559696, -0.0654137192517,  
70, 6, 1904077.8429239164, 76.88920373007556, 167.37011636011843, 82.29327018214988, 33.00303281662811, -0.752607776377, 0.651558972851, -0.0951443105699, -0.0993535431057, 0.0304729140033, 0.994585478973, 0.650930417486, 0.757985690108, 0.0418005404474,  
72, 8, 4951593.63522026, 105.73500631792486, 195.54664024733995, 101.33049467625966, 59.657612010579896, 0.646747519185, -0.634466439758, -0.423284754332, -0.562692958649, -0.771565253367, 0.296755276419, 0.514873072431, -0.0462536119372, 0.856017711656,  
73, 8, 5616999.416856266, 110.27369403644678, 209.34363686566326, 106.43614739853822, 60.18203354712624, -0.661789948546, 0.658398723893, -0.358531985156, 0.0323529534229, 0.502877121795, 0.863752213763, 0.748990888068, 0.560022964486, -0.354100167805,  
74, 7, 738225.7798262882, 56.06608089649445, 190.64072194814364, 41.197923091997126, 22.439315323672552, -0.411365502729, 0.711681444014, 0.569462856919, 0.874591219744, 0.484122282061, 0.0267547072309, 0.256648829164, -0.509053178222, 0.821581548132,  
75, 9, 12539556.94024212, 144.12230329067478, 202.8738643379007, 136.64073479831157, 107.9909326763172, 0.713395333264, -0.695079667527, -0.0890581510443, -0.634557842957, -0.694681934408, 0.338752644195, 0.297327163943, 0.185152007275, 0.936651104619,  
76, 5, 3336552.9550368823, 92.69788048867888, 227.85900232215005, 89.69696658841302, 38.973146057941406, -0.462573350809, 0.816139906614, -0.346325782977, -0.241333454953, 0.259968686253, 0.934972965218, 0.853102607335, 0.516073575181, 0.0767072770824,  
77, 7, 5516548.262048354, 109.61237914126903, 190.29485674861903, 113.40133685521519, 61.0286253770168, -0.361861266333, 0.885008441637, -0.292944503548, 0.927054042683, 0.3085485027, -0.212999116025, 0.0981184278001, 0.348651516148, 0.93210240554,  
78, 9, 7269415.491043955, 120.17209366304418, 196.1823451526842, 105.0709901832712, 84.19147844440182, 0.872039022986, -0.468771083809, -0.140718205555, -0.271168127577, -0.702095783737, 0.658429462468, -0.407450351548, -0.536017892839, -0.739370698351,  
79, 12, 8902138.899664247, 128.56869990862177, 219.021057375378, 133.693581726932, 72.57872376689724, 0.698862149656, -0.696135865706, -0.16427584197, -0.604115164323, -0.451526960229, -0.656634047565, -0.38293153959, -0.558138209285, 0.736101334956,  
80, 8, 11298861.444162603, 139.20303085549102, 262.46923605868204, 144.8838742435807, 70.93288368025442, -0.724986241855, 0.683598410262, 0.0841912264373, 0.641891388343, 0.626260972353, 0.442462021057, -0.249740654864, -0.374820501034, 0.892826521399,  
81, 8, 8285059.320569669, 125.52657261843304, 189.16217741180418, 139.730585999246, 74.83094472554532, -0.900836997044, 0.166342903128, 0.401027110475, 0.413369397356, 0.611019099604, 0.675115842837, 0.132734494714, -0.773941663498, 0.619189676444,  
82, 7, 4868076.000221731, 105.13716128282708, 179.32143171462855, 107.98054531610994, 60.01931388752666, -0.7612051675, 0.46750228135, 0.449453345636, 0.0741922086147, -0.625725591512, 0.776506922254, 0.644253218193, 0.624427018201, 0.44162052691,  
83, 9, 7645366.222492071, 122.2090105950118, 216.10858070653939, 126.80404253282968, 66.60465359632306, -0.662082995316, 0.731770495544, 0.161734502086, 0.164860019931, -0.0683102480774, 0.983948618494, 0.731072692105, 0.678119201807, -0.0754126448225,  
84, 6, 9238154.628207164, 130.16639366293546, 265.66428869980473, 127.2258860262971, 65.25111759645692, 0.608750579213, -0.747109549912, 0.266927055089, 0.378040802648, 0.568959693832, 0.730321859407, -0.697501171211, -0.343674536771, 0.628792437084,  
85, 8, 4832625.988679332, 104.88133143122978, 196.4724145493507, 111.85873347172782, 52.49562318260972, -0.8715182059, 0.430283305496, 0.235185658142, 0.018385350823, -0.450605440763, 0.892533873659, 0.490018362574, 0.782183491111, 0.384799935778,  
87, 8, 3026247.8552180105, 89.73019849126747, 158.21160964838683, 105.64301899034089, 43.225172251265725, -0.895803053889, -0.317553975561, -0.310960385335, -0.432316407102, 0.784937123513, 0.443820049435, -0.10314752926, -0.532008632201, 0.84043286613,  
89, 10, 9414017.919057075, 130.98718343349498, 210.76561013941645, 134.7478208711565, 79.13432653905883, -0.551789962479, 0.724845927072, -0.412463597564, 0.83355559007, 0.463501469384, -0.300585206127, 0.0267004788612, 0.50967123706, 0.85995483285,  
90, 12, 8244573.874276733, 125.32177425808305, 178.65848247685764, 119.71673049964679, 92.02400197350275, 0.676289077851, -0.66384204973, -0.319291115111, -0.628201712225, -0.293381769124, -0.720617614483, -0.384702082054, -0.687925047193, 0.615437598387,  
91, 6, 5941731.378661738, 112.3590697284922, 181.8645122299194, 113.52041401648843, 68.70723571074426, 0.577510937231, -0.812750489288, -0.0769269753764, 0.547659922304, 0.315811238928, 0.774810861352, -0.605433503268, -0.489591568074, 0.627495314398,  
92, 10, 6216498.644327408, 114.06500170956457, 159.9141925766428, 127.57585341863023, 72.74476447960413, -0.885042918701, 0.101957438958, -0.454206684999, 0.44536701296, -0.098453460089, -0.889918614236, 0.135452042522, 0.989904842314, -0.0417270576357,  
93, 8, 9236639.237325547, 130.1592759444261, 255.44846721611552, 133.7258455515254, 64.55155645274851, 0.762013749203, -0.646856593908, 0.0301925974849, -0.486943092141, -0.541649086251, 0.685202665187, 0.4268740693, 0.536835928642, 0.727726400976,  
95, 8, 7505603.977355826, 121.45973954004464, 204.6760103041454, 118.34720545132957, 73.972804853716, -0.610495310692, 0.646669716534, -0.457289572744, 0.171826414494, 0.671759363512, 0.720565778271, 0.773156619906, 0.361327601009, -0.521220880092,  
96, 9, 3028669.280189208, 89.75412438115262, 173.48139282115545, 98.85140324024661, 42.16261164881149, -0.479712045453, 0.853967279363, -0.201534709729, -0.134681932815, 0.155301046564, 0.978643122854, 0.86702775643, 0.496609978468, 0.0405141810375,  
97, 5, 5897420.196865094, 112.07906204735653, 229.95093775565425, 109.54272029295423, 55.892657185799834, -0.833497943414, 0.541755544973, 0.108545418211, 0.548275934073, 0.786664092702, 0.283818789671, -0.0683716201377, -0.296075218052, 0.952714430884,  
98, 7, 8750150.144057991, 127.83279910994612, 156.50918124205847, 132.69171388429058, 100.58732824419394, 0.464721916204, -0.706120414022, -0.534254154407, -0.825365912498, -0.563932899876, 0.0274006373076, 0.320631643926, -0.428221490983, 0.844879697693,  
99, 7, 6758804.314575305, 117.28984736401924, 192.24787579595082, 117.7883309127386, 71.25534476188945, -0.948871470184, 0.273686365881, -0.157285429081, 0.0692853766484, 0.666694089295, 0.742104121995, 0.307965046155, 0.693263849072, -0.651569463616,  
100, 6, 4167090.5992115997, 99.82702098059761, 166.18876459164028, 86.2974763410911, 69.36566890405706, -0.865731796258, 0.476116162878, -0.154343306928, 0.449721304956, 0.875324675526, 0.177644195751, -0.219679777895, -0.0843807552796, 0.971915985733,  
101, 5, 1891932.3770877835, 76.72537151970965, 187.92897482007285, 83.77640424286353, 28.688083705920054, -0.367279275304, -0.899263210843, -0.237553386752, -0.241160602622, -0.154598539822, 0.958092299952, -0.89830256466, 0.409175963505, -0.160086018174,  
102, 9, 8983765.431935653, 128.96046730667365, 187.53901127115597, 125.25252984862246, 91.30439141532439, -0.928294156207, 0.183392532453, 0.323476643041, 0.344004280138, 0.753826738518, 0.559827030021, 0.141177246039, -0.630961510186, 0.762860772268,  
103, 7, 3728475.1808987334, 96.19390361553911, 160.73574834337794, 101.58159068356004, 54.51489267702576, -0.449345998234, 0.751672256654, 0.4827804806, 0.890818423974, 0.33628794754, 0.305537152973, -0.0673105443334, -0.567361643854, 0.820713138499,  
104, 12, 8878133.698784782, 128.453031235479, 203.3345308421562, 121.76882431631842, 85.60237628784263, 0.704538611876, -0.698845737403, 0.123450312634, -0.586876769872, -0.67155785277, -0.452311515847, -0.399000001704, -0.246220806792, 0.883274766391,  
105, 8, 4613194.252998813, 103.2692550889398, 161.18423210725052, 116.37763482539101, 58.711212811156784, -0.91335345434, 0.178767542441, -0.365824593507, 0.20166747897, 0.979134194112, -0.0250291399385, 0.353716970714, -0.0966353749397, -0.930347198061,  
106, 6, 2008022.5578209695, 78.26363095842231, 208.99522846755443, 121.3340788219667, 18.90430910234521, -0.430804376919, 0.871521172478, -0.234218775399, 0.892759371078, 0.449500078337, 0.030502211848, -0.131864681323, 0.19596052025, 0.971705294996,  
107, 5, 3370585.813181627, 93.01198789178787, 206.34953820596567, 112.47346925037657, 34.670746030200405, -0.672748564328, 0.65446542858, -0.345086035633, 0.711833975466, 0.69972104807, -0.0606864586218, -0.201746773377, 0.286470692534, 0.93660705835,  
108, 9, 11043059.28243911, 138.14449975624896, 216.9714649417972, 159.89070291420433, 75.99324000954132, 0.78237448662, -0.524737203734, 0.335471354519, -0.512819847595, -0.848425712374, -0.13110917014, -0.353420382262, 0.0694598992168, 0.932882284001,  
109, 10, 6201045.492868386, 113.97040792888286, 226.88847965774306, 115.37513356066583, 56.552478903776866, -0.640281459785, 0.744636576586, -0.188563042686, 0.173169071003, 0.379088516613, 0.909012854375, 0.748366304094, 0.549370790435, -0.371671373007,  
111, 5, 7079675.475016775, 119.11732000203361, 298.4666923695625, 114.59853447111615, 49.413976546097054, -0.561020513387, 0.820799742283, 0.107441922114, 0.785978924459, 0.568903749859, -0.242044734919, 0.259794368425, 0.0513449750621, 0.96429797245,  
112, 7, 9750728.986183, 132.5305983749084, 243.20954797480837, 143.94062026453625, 66.49431034946726, -0.617445124247, 0.726828750986, -0.300801405058, 0.747092487315, 0.661539310015, 0.0649504172624, -0.246199784608, 0.184623151436, 0.951472520892,  
113, 8, 4101303.7496005553, 99.2989009993613, 160.80782625203287, 87.88425360561847, 69.28114806372565, 0.390140234407, -0.872394951731, 0.294478599715, -0.65337753939, -0.036961406163, 0.756129384084, -0.6487591144, -0.487402198034, -0.584423398603,  
114, 8, 4464942.797949012, 102.15095472931199, 187.61779325789252, 78.08834005187097, 72.75570871231999, -0.723041392303, 0.616251595018, 0.312162003862, 0.616862003684, 0.779375293981, -0.109797174566, 0.310954037484, -0.113172977208, 0.943662791363,  
115, 7, 7633857.530008997, 122.14765873835898, 184.27034646699147, 116.11781694373981, 85.17283957780592, 0.47891608871, -0.781562667813, 0.3997488915, -0.680235450048, -0.0425511972926, 0.731757561018, 0.554904597632, 0.622373836122, 0.552025086058,  
116, 6, 6275098.545416922, 114.42229309457046, 160.64365015838203, 148.01600045164977, 63.00277991680016, 0.863127237756, 0.451500455772, -0.226182912443, -0.422389335468, 0.890962334402, 0.166653436686, -0.276764558291, 0.0483058703884, -0.959722836115,  
117, 9, 13481051.978693461, 147.64261362413757, 185.37066147789812, 158.82451262582615, 109.31421563027841, -0.836634607064, 0.520349953896, 0.171109496357, 0.547706640716, 0.790271469048, 0.274751598585, -0.0077440286024, -0.323584503166, 0.946167585226,  
118, 8, 8740350.835398074, 127.78506122547336, 173.67228722806541, 140.33080737413667, 85.61634987256231, -0.849055356526, 0.453041934701, 0.271768296453, 0.503567541306, 0.849573025853, 0.156988550813, 0.159764617162, -0.270145662831, 0.949471741526,  
119, 9, 6063745.212232235, 113.12296469622511, 177.22550094789835, 139.1327653697101, 58.70792161006774, -0.613014419113, 0.733310091572, 0.294057190966, -0.563596326928, -0.666710796302, 0.48770472047, -0.553689897174, -0.133240473183, -0.82199420562,  
120, 6, 8516512.243375737, 126.68476454870857, 181.8526862552091, 159.91375860135733, 69.91455763359524, -0.757123829841, -0.167018801916, -0.631560152396, -0.2462624169, 0.968413283921, 0.0391220340543, -0.605077125919, -0.185149753801, 0.774339228218,  
121, 10, 6032434.007072779, 112.9279185441784, 155.53992633742467, 109.72802686038291, 84.38096962573738, 0.381623493416, -0.673665170023, -0.632881306384, -0.504238892389, -0.725574420425, 0.468278656173, -0.774665507607, 0.140417232284, -0.616584424229,  
122, 24, 11280775.845639594, 139.12871910314792, 214.24398365396067, 128.34619437940137, 97.9396910068047, 0.809466130785, -0.586412533155, 0.0297476733697, -0.274857667811, -0.333661872728, 0.901733340369, -0.51886206795, -0.738098974153, -0.431267966346,  
123, 9, 4275208.957589015, 100.68302276182555, 198.17064777041423, 122.92670787034203, 41.89702223780718, 0.917550758971, -0.291022067253, 0.270936821201, 0.218915605005, 0.93856792894, 0.266769939555, -0.331928550439, -0.185462662378, 0.924892987468,  
124, 15, 7481739.114435299, 121.33087149078177, 211.3262417280163, 112.90461707115654, 74.85982705997048, -0.708038123141, 0.686068566275, -0.167307915377, 0.69183292818, 0.626404430904, -0.359144383821, 0.141595252976, 0.37003704046, 0.918163042723,  
125, 8, 8476859.42662678, 126.48784417586081, 202.97037678725357, 114.29287645192174, 87.23576041897687, -0.436184399316, 0.724258882305, -0.534033932625, 0.128240518873, 0.637438986888, 0.759753846528, 0.89067252069, 0.26290798656, -0.370920276462,  
126, 8, 11271026.172060506, 139.08862580380432, 275.2031248792879, 108.31957840722194, 90.26398999598064, -0.870187872837, 0.492557614026, -0.0126515940554, 0.40937483078, 0.708465013456, -0.57488222501, 0.274199405344, 0.505434784689, 0.81813835293,  
127, 11, 10366398.865905054, 135.2632345802729, 274.9886436418331, 141.2221199332123, 63.726757318013334, -0.773716948476, 0.616174762027, 0.147277786115, -0.125972688716, -0.377461616244, 0.917416813646, 0.620880798011, 0.691267958829, 0.369669641378,  
128, 11, 4125951.8060424877, 99.497426339696, 236.406101677522, 97.44445658103498, 42.75823028287167, -0.710149825525, 0.67655418117, -0.194837535521, 0.702568443651, 0.698925872113, -0.133791656228, -0.0456596900076, 0.231898825423, 0.971667704247,  
129, 6, 6245899.17238346, 114.24453998285283, 233.1802257099491, 104.67308910247502, 61.09133283361419, 0.688509996742, -0.623030908081, -0.371196002082, -0.527898883902, -0.781500816156, 0.332534573725, 0.497269296018, 0.0329994230636, 0.866968445398,  
130, 8, 10115672.165981943, 134.16380876370215, 207.8558615155303, 133.06166592646844, 87.31541131813846, 0.892238044647, -0.426661577813, 0.147889045243, -0.372016450738, -0.880157987514, -0.294831608543, -0.255959043727, -0.208042820192, 0.944035567604,  
131, 5, 6947598.989320324, 118.37192528364837, 174.118278349829, 103.8064058039792, 91.76511547623822, 0.494571216077, -0.852627578597, 0.168598708312, -0.728851001993, -0.512539927007, -0.453959293459, -0.473471782816, -0.101631862327, 0.874925959975,  
132, 7, 8165191.944813546, 124.91826099281997, 188.0800509188853, 141.67837965449775, 73.15288764394771, 0.946271080407, -0.243433772346, -0.212863902216, 0.259532204155, 0.179025652709, 0.948995706354, -0.192909505705, -0.953252230081, 0.232585701312,  
133, 9, 5608449.119512302, 110.21771208905481, 157.16228366179868, 107.94231634534005, 78.92491281417885, 0.717178773986, -0.451926941535, -0.530487177657, -0.377869986103, -0.891784301434, 0.248867501529, -0.585550065961, 0.0219726928174, -0.81033839908,  
134, 8, 3825938.252547571, 97.02488033204274, 245.10322568725692, 90.40870762602064, 41.21829843151395, -0.642393893536, 0.708476097817, 0.292218590047, -0.31245834001, -0.590292633028, 0.744260971132, 0.699785589524, 0.386802567486, 0.600569648318,  
135, 7, 1189007.7924413788, 65.72017287932718, 180.2817701877381, 45.10928502138272, 34.90425189628371, 0.356684579554, -0.925228368557, -0.129338999246, -0.56880075161, -0.324902152439, 0.755582091045, -0.741108504658, -0.195936360479, -0.642158179085,  
136, 6, 7360752.958119307, 120.67330600133229, 196.17389678825685, 111.50094181355223, 80.33667964228894, -0.960743965623, 0.275240517468, 0.0348380547986, -0.145301544367, -0.606158900738, 0.781958341768, 0.236344015627, 0.746199735058, 0.622356378353,  
138, 9, 5836047.189848222, 111.68891239132736, 219.77985508086695, 129.9265277423165, 48.79153380342886, 0.421453673384, -0.831739711162, 0.361366647696, -0.744897539696, -0.544784388289, -0.385146239281, -0.517208329928, 0.106859829462, 0.849162246158,  
139, 9, 4796754.299112616, 104.62118177141065, 179.7100260441687, 109.06125197210719, 58.427335071097964, -0.443719016251, 0.851699652634, -0.278785107781, 0.135864492361, 0.371423386196, 0.918469111022, 0.885807131566, 0.369665213253, -0.280523360485,  
140, 9, 7638954.386607924, 122.17483724732907, 177.80211002521858, 108.9985935497168, 94.09954052420397, -0.890810550522, 0.42235838692, -0.167540908669, 0.454370724074, 0.829617530464, -0.324471875902, -0.00195145679481, 0.365168654385, 0.930939335118,  
141, 12, 10432592.69787627, 135.55052822868618, 203.00449366585377, 157.11234434984667, 78.08860823642407, 0.618039305816, -0.775487777097, 0.129019859089, -0.732967383869, -0.627754076565, -0.262075625612, -0.284229186838, -0.0674056891407, 0.956383940905,  
142, 8, 6269351.543146743, 114.38735149039863, 169.86986452387822, 142.26824592935776, 61.93122866260687, -0.809733748197, -0.342568848305, -0.476421915115, -0.00366017975474, -0.808937408323, 0.587883383418, 0.586786042877, -0.477772805406, -0.653770056135,  
143, 16, 7212213.262331164, 119.85605626978679, 186.32888390049285, 122.7937146960215, 75.25296753943448, 0.705917441075, -0.690467760656, 0.157907687844, 0.372344852069, 0.551405846315, 0.746532587224, -0.602527906013, -0.468194258981, 0.646339120225,  
144, 7, 4858512.04604331, 105.0682643710712, 189.18532744572056, 127.67905890016246, 48.01838513962177, -0.142142650853, 0.957287781388, 0.251784770021, 0.821946421576, -0.0275839995527, 0.568896478304, 0.551542878538, 0.287818044213, -0.782918403513,  
145, 5, 1524644.861625743, 71.39920263170016, 167.52007909144376, 76.71451518756241, 28.322766437807772, -0.88020907051, 0.343145066123, 0.327846695556, 0.449588426486, 0.38166256536, 0.807591439388, -0.151994206998, -0.858245390199, 0.490216902239,  
146, 6, 1237214.50548278, 66.5966113278883, 168.7895781883758, 78.69851399498812, 22.23536352048965, 0.434016316354, -0.826034892015, 0.359577800083, 0.577778886195, 0.561453769389, 0.592402923277, -0.691231796003, -0.0493560737252, 0.720945616659,  
147, 6, 2583801.8195761493, 85.12494875541016, 216.74799817475, 88.95188829746132, 31.993394666367312, -0.607321705243, 0.750495270823, -0.260609276145, 0.028951084539, 0.348723999155, 0.936778205936, 0.79392832236, 0.561380816278, -0.233515305858,  
148, 8, 4392141.171915489, 101.5927135393888, 160.37374726806627, 111.83538989637951, 58.46219918323193, -0.330752597056, 0.863327777416, 0.381140221287, 0.00498827308002, -0.402266098197, 0.915509204418, 0.943704316337, 0.304708278495, 0.128744041975,  
149, 6, 1775819.06550424, 75.12250045618143, 190.2914900279575, 86.73665204661208, 25.68550350588445, -0.753941297473, -0.280368874637, -0.594109261078, -0.62194339999, 0.595865112266, 0.508066113014, -0.211563057204, -0.752554358249, 0.623620887004,  
150, 11, 6120688.719262162, 113.47596759240854, 169.77739056469673, 130.01868484438828, 66.19513324478815, -0.780563386769, 0.583122366547, 0.225142410196, 0.591559276636, 0.805488162391, -0.0353049921886, 0.201936676861, -0.105627297043, 0.973686013383,  
151, 9, 4200910.969233916, 100.09636109436347, 190.61955126115436, 114.9927091374877, 45.75274124802296, 0.828078678064, -0.551485082174, 0.10074674722, -0.479057036317, -0.789436508513, -0.383789467003, -0.291187326117, -0.269544436349, 0.917908349424,  
152, 6, 4210838.059239583, 100.17514431663513, 137.28798059200315, 105.73731284302279, 69.24989897023455, -0.590535577258, 0.736375476772, -0.330180086016, 0.802096600817, 0.580651821996, -0.139586906878, -0.0889312934282, 0.347267359282, 0.933539825732,  
153, 8, 4913404.292225063, 105.46247614033801, 146.90802764755125, 109.36224482832449, 73.00976445686274, 0.820664923733, -0.215641878106, -0.529157503359, -0.482370598589, -0.757874305892, -0.43925521293, 0.306313056482, -0.615731367462, 0.725980161266,  
154, 7, 3283094.3192468616, 92.20014062579376, 182.97778141334013, 133.62984453641857, 32.054789530418574, -0.394145506416, -0.722863206293, -0.567554494969, 0.55973731454, -0.678608078542, 0.475589333826, -0.728933096027, -0.130230030042, 0.672083834645,  
155, 7, 1252248.5394460226, 66.86527598808499, 162.75243681105394, 78.71500347463471, 23.33548898682682, -0.153909714475, 0.985478291567, -0.0717240311211, -0.0606449323647, 0.0630306038948, 0.996167322869, 0.986222080451, 0.157669527249, 0.0500632420903,  
156, 20, 10853109.293904122, 137.34784691089865, 205.16802501530387, 134.08155507685206, 94.18610797930707, 0.460372326412, -0.886284289961, 0.0505715180894, 0.567673191058, 0.337713304725, 0.75079749065, -0.682498695404, -0.316938292384, 0.658593690823,  
157, 6, 7711172.527933099, 122.55864108466663, 207.08152193667803, 118.12150031389497, 75.25953108952018, 0.901727411098, -0.293390170174, 0.317505722972, -0.265701152372, 0.203226637615, 0.942391548875, 0.341014037398, 0.934141928087, -0.105300923493,  
158, 9, 7675819.949508267, 122.37106035081905, 166.31646371259873, 119.87969149357663, 91.90842224171078, -0.807463185184, 0.585283930047, -0.07379651618, 0.544882239333, 0.787900057621, 0.286909122303, -0.226067578018, -0.191458142762, 0.955111108583,  
159, 12, 11828233.57354779, 141.34390778371585, 194.66996705409952, 143.3006150946582, 101.22418127601813, -0.855149738954, 0.403307291294, -0.325671848272, 0.510935450234, 0.761859517702, -0.398139474281, -0.0875436443245, 0.506866159924, 0.857567960142,  
160, 9, 9300944.990190592, 130.46063522888858, 228.44383617607008, 103.93621350798267, 93.5173369100592, -0.686536189856, 0.727012395411, -0.0110016788102, 0.348733787086, 0.342519777677, 0.872390364255, 0.638006901031, 0.595090899627, -0.488686009027,  
161, 6, 3358401.4732272, 92.89977614091148, 158.3526206264889, 82.09704714026967, 61.67245129514585, -0.809811913025, -0.187152691851, 0.556038249993, 0.170474203449, 0.831801089185, 0.528247568844, -0.561376176445, 0.522571352031, -0.641697725223,  
162, 7, 8563174.937613126, 126.91571545748948, 202.08570303998707, 151.97515879072463, 66.56378538032888, 0.792910101783, -0.0696875188453, 0.605340581993, -0.302188727731, -0.90763720845, 0.29133600991, -0.52912715232, 0.413930365587, 0.740733493992,  
163, 8, 7808369.466422138, 123.07143045335964, 212.6040969463517, 102.58617703181663, 85.46952104098884, 0.799915530024, -0.433206635223, 0.415291651764, -0.424472345156, 0.080750505425, 0.901832902522, 0.424215008014, 0.897669965562, 0.119290653043,  
164, 8, 8405244.586639222, 126.13063497947627, 186.50037284502926, 130.9507372746191, 82.16258489509264, 0.533344927357, -0.603072234083, -0.593166982342, -0.630200667407, -0.751040795215, 0.196938677568, 0.564260850372, -0.268777983474, 0.78062032278,  
