# Void_ID, Void_Volume, r = (a*b*c)**(1/3.0), a, b, c, vector_a, vector_b, vector_c 

0, 18, 12404409.534261525, 143.6026636524903, 203.22948074092508, 129.21121617944561, 112.77181366471946, 0.685754953301, -0.723376897123, -0.0804114962625, 0.469110605814, 0.354813387701, 0.808729064286, -0.556484845738, -0.592311847439, 0.582658812554,  
1, 8, 3403446.6306391116, 93.31327781950364, 154.2503610700744, 123.08902916198517, 42.79418895340751, -0.660921710325, 0.699866288018, 0.270868366033, 0.734662120499, 0.529739919402, 0.423848070063, -0.153147189087, -0.479127119549, 0.86428186478,  
2, 15, 8187692.917503866, 125.03290228294742, 204.91756055461664, 109.36401154756643, 87.22065170805874, 0.620243142068, -0.755950884148, 0.209372169766, -0.627927739243, -0.638465667676, -0.445048700131, -0.470111900516, -0.144567810921, 0.870686481484,  
3, 5, 6340948.758270591, 114.82114625809751, 158.04425754644433, 123.56185860101183, 77.51798612336914, -0.912451486386, -0.365766556013, -0.183431489919, -0.187237729674, -0.0253767190432, 0.981986789482, -0.363832815422, 0.930360601398, -0.0453302745279,  
4, 10, 4445378.74347253, 102.00153789200336, 187.52039774549598, 105.49303679464995, 53.64729751863084, 0.611080713411, -0.607002935664, 0.508062789222, -0.646715266598, -0.0127409511083, 0.762625092764, 0.456442466962, 0.794597447932, 0.400343814857,  
5, 8, 12558807.98677089, 144.19601898783893, 240.30045496677258, 168.2235480764632, 74.16831789360181, 0.662053735882, -0.716732803387, 0.219040953602, -0.593965195904, -0.680020756882, -0.429857088186, -0.457045070928, -0.154485788212, 0.875924622545,  
6, 12, 8049496.649329066, 124.32544953110889, 233.68393391085337, 107.16095555174608, 76.73874316632825, 0.634013361263, -0.772798655433, -0.0284481264968, 0.500365167498, 0.381901499083, 0.777036642735, -0.589628490572, -0.506886065264, 0.628812181773,  
7, 11, 8088083.38725081, 124.52379188284249, 159.25569564698424, 121.16699110574451, 100.06396646493876, -0.706259240802, 0.696813505007, -0.125095259787, 0.693255540109, 0.644895607557, -0.321724123221, 0.143508330384, 0.313943616903, 0.938533304959,  
8, 6, 3447772.3994951304, 93.71662926273902, 218.4747232001644, 71.3140549693518, 52.829153286873556, -0.902711699116, 0.430232665508, -0.00338257445088, 0.426707302748, 0.894253200054, -0.135026264021, 0.0550678314563, 0.12333315744, 0.990836245913,  
9, 7, 6048390.435016115, 113.02739965807741, 149.939272484616, 116.16020158482974, 82.90456641264713, 0.511612921965, 0.155021189731, 0.845115760599, -0.738664590166, 0.581778526593, 0.340453182142, 0.438892744659, 0.798437334253, -0.412154075506,  
10, 16, 8246235.979203154, 125.33019530953314, 211.10578623587, 126.95923333148042, 73.45184702545018, -0.731064199846, 0.674470154786, -0.103126844257, -0.0717318795725, 0.0743317443763, 0.994650355266, 0.6785275773, 0.734550748472, -0.00596026530727,  
11, 7, 10381901.560022738, 135.33062860771798, 215.94936841254375, 127.02685828810333, 90.35263074113428, -0.791371746506, 0.588443891567, 0.165724305126, 0.181975263232, -0.0320515682218, 0.982780596342, 0.58362296254, 0.807902521009, -0.0817175265429,  
12, 12, 9906751.902876323, 133.23374207536446, 194.16046281624122, 148.37499214487386, 82.09584364364362, -0.303934526284, 0.930036906522, 0.206531247612, -0.777742721116, -0.117017136428, -0.617594729198, -0.550218196249, -0.348336535968, 0.758894982344,  
13, 6, 1985544.6589793912, 77.97050554860711, 199.96084756188364, 64.58356104481348, 36.70490410425618, -0.557832423428, 0.825989281626, 0.0810227993319, 0.79228051567, 0.559046331196, -0.244456098444, 0.247213615852, 0.0721727525809, 0.966269383724,  
14, 8, 6426863.106385162, 115.33739724749933, 165.99248813513069, 122.222592796289, 75.62589246765589, 0.869663698616, -0.487015691452, 0.0806273377348, -0.420974947044, -0.6463805291, 0.63637434389, 0.257808349887, 0.587373754845, 0.767155086569,  
15, 6, 6880161.049376457, 117.98768090332412, 214.42997751083428, 114.63864144689016, 66.81799877071451, 0.745002141811, -0.300728767087, 0.595427592023, -0.354763106719, 0.577286458496, 0.735447811165, -0.564902599399, -0.759145936881, 0.323392176327,  
16, 7, 8882141.891879195, 128.4723591373417, 170.8700988005589, 120.56632300437988, 102.9288239810137, -0.866181353465, 0.2745552959, 0.417551496707, 0.451472974308, 0.0717075280558, 0.889398776641, -0.214247558629, -0.958893852266, 0.186066019757,  
17, 6, 4938181.778727084, 105.63945559758737, 153.73570670079718, 131.73253978844872, 58.211749219897676, 0.859918521475, -0.140922116212, 0.490592594305, -0.185715567869, 0.808879159386, 0.557874747019, 0.475447015214, 0.570837509869, -0.669398739953,  
18, 9, 5337722.4421125855, 108.41493803138248, 147.21800899271773, 104.89283660500648, 82.52026379595901, 0.710490128899, -0.691015976176, -0.133043967947, -0.497216809527, -0.626744343078, 0.599972476655, 0.497975120926, 0.360122825004, 0.788880428107,  
19, 10, 3943588.0318023087, 98.00938037271861, 217.37464193921699, 68.80548735920974, 62.94641136619275, -0.742893958969, 0.49537301604, 0.450237871249, 0.621696461847, 0.759945889021, 0.189672757892, 0.2481976532, -0.420818037564, 0.872530861464,  
20, 7, 7519603.49335004, 121.53520854868543, 223.69976371909473, 121.716174808318, 65.93143237953899, -0.587581035345, 0.807214237592, 0.0561578269867, 0.00783926167306, -0.0637201012977, 0.997937019389, 0.809127352695, 0.586809102963, 0.0311127594581,  
22, 8, 5250757.651851236, 107.82292808672638, 227.7447029194107, 102.36705743065339, 53.76812109636872, -0.795416777792, 0.590277033736, -0.137423335179, -0.133036466887, 0.0511637025729, 0.989789661503, 0.591281192062, 0.805577618224, 0.0378319036122,  
23, 8, 8523451.673146665, 126.71916366008598, 158.47809191258895, 130.85797385389537, 98.11998396975693, 0.196205130108, -0.925695916452, 0.323404726595, -0.0146264606004, 0.327015784535, 0.944905679587, 0.980453779415, 0.190125608294, -0.050622519702,  
24, 6, 1129292.5602268323, 64.60100671426378, 134.16662953950294, 90.05248110847006, 22.314012138668076, -0.474855559035, 0.87083538519, 0.127113846429, 0.879271525779, 0.475580440365, 0.0265486100674, 0.037333389987, -0.124374340773, 0.991532773714,  
25, 8, 9158970.576596664, 129.7934226276371, 212.18209464561562, 143.5215269960983, 71.80129475585856, -0.810389605938, 0.543183665222, -0.21959096617, 0.569194358743, 0.818745656863, -0.0753215197942, -0.138875730646, 0.186029715919, 0.972680048234,  
26, 5, 980178.2348704865, 61.62242928534054, 115.43984631847717, 82.30698229030509, 24.62770974353332, 0.185299830187, 0.953081834648, 0.239372073133, -0.54484102476, -0.10307787796, 0.832179793563, 0.817809409747, -0.284622500057, 0.500177770188,  
27, 11, 11575785.388897747, 140.3311074053264, 217.66941796902825, 142.23710453271374, 89.25890161316619, 0.390980302434, -0.905633568102, -0.164201837493, -0.865807712524, -0.301362354973, -0.399446787368, -0.312268166873, -0.298343043043, 0.901931272673,  
28, 7, 9986668.782295747, 133.5910445658546, 213.90787643082786, 145.29888097846276, 76.70841181708798, 0.782400034378, -0.602124190775, 0.159049190781, -0.489449629187, -0.752424289439, -0.440791049309, -0.385083428225, -0.267028364682, 0.883406251824,  
29, 7, 8221624.935891848, 125.20538763727983, 228.36944866332576, 106.16223799597259, 80.95822593127502, 0.71692493001, -0.696092446463, 0.0383920656789, -0.568215258441, -0.615352584907, -0.546326474119, -0.403918388793, -0.369860111699, 0.836691958232,  
30, 8, 4232845.258440484, 100.34935705305116, 183.2286663910207, 110.19658217435874, 50.04748261593682, 0.391416501456, -0.755920090988, 0.524764650514, -0.796210878963, -0.564106287484, -0.218706041621, -0.461347329686, 0.332218169976, 0.822672309568,  
31, 8, 7280286.98014866, 120.23197004417834, 231.60090790337216, 115.21286980316394, 65.13563294627694, -0.754583224587, 0.645682646039, -0.117038787487, 0.635597660915, 0.674822033998, -0.37500778108, 0.163155663744, 0.357364160255, 0.919603765952,  
32, 7, 6263670.157683996, 114.35278783893772, 228.87832578123948, 106.05148179338337, 61.60541131831347, 0.781472706927, -0.621618774143, -0.0537634444615, -0.272096053805, -0.417070235586, 0.867188650809, -0.561483878514, -0.663055441287, -0.495069021398,  
33, 5, 3062661.243382782, 90.08865806113778, 172.50720883937043, 124.94282252585876, 33.92280785413112, -0.802118050275, 0.595873343751, 0.0392631077375, 0.251426955028, 0.277350773253, 0.927286921541, -0.541655905264, -0.753665381176, 0.372286681886,  
34, 5, 2543573.988221352, 84.68085907895649, 164.88797837489045, 139.50366599139429, 26.39861558574177, 0.0120305310833, 0.985366783008, 0.170022261093, 0.992232797512, -0.0328179078614, 0.119987751315, 0.123811719413, 0.167258147392, -0.978108056539,  
35, 7, 3405041.4894562955, 93.32785111143541, 181.4921973544478, 147.37499531036846, 30.39149300891905, -0.763802697795, 0.607998938901, 0.216662708228, 0.276341044313, 0.00468211736132, 0.961048232403, -0.583301865306, -0.793924031676, 0.171591275589,  
36, 11, 14654569.074232554, 151.80805440879377, 205.46536310472362, 143.86750987932862, 118.3540425039037, 0.560537416935, -0.826547299434, 0.0511601995189, -0.669087472315, -0.488424258355, -0.560146140075, -0.487975161875, -0.279752221884, 0.826812515474,  
37, 7, 7753177.299894102, 122.78077454753844, 214.61174213532445, 120.6965294251503, 71.45668158562188, 0.601861702778, -0.789620356851, 0.119424380995, -0.58785101412, -0.53927037891, -0.603007996322, -0.54054942043, -0.292723675976, 0.788745316053,  
38, 10, 6603074.494513912, 116.3820124233398, 182.83739399012404, 105.81031949445658, 81.48253639299463, -0.703527116633, 0.519029742178, 0.485445901102, 0.710462213753, 0.530119005851, 0.46283612917, 0.0171183816929, -0.670508736983, 0.74170411529,  
39, 7, 8938687.805849291, 128.74441158054054, 209.78477095307872, 140.39094573992608, 72.4556242245035, 0.643423394211, -0.763881647823, 0.0499115607995, -0.659593287003, -0.520128028028, 0.542589651763, 0.388513875586, 0.382036205848, 0.838513748187,  
40, 9, 4995229.321814867, 106.04469331834171, 194.32921432056096, 85.4751479974611, 71.79411810366169, -0.62011343236, 0.718858234094, 0.314169015472, 0.693752495069, 0.689457221859, -0.208221552227, 0.366287873935, -0.0888345569145, 0.926251377816,  
41, 14, 6151542.088737801, 113.66631923896749, 222.64795848999236, 101.26496252167803, 65.1354573401676, 0.612852441942, -0.777772276021, -0.139578547993, -0.46255373007, -0.496313826212, 0.734654090514, -0.640668347278, -0.385671975342, -0.663928607782,  
42, 8, 5561400.787514797, 109.90864698516219, 163.49933116285086, 158.43851133545166, 51.252948079429366, 0.982770373505, -0.178032082732, 0.0496686065688, 0.169610377715, 0.975456154189, 0.140419411148, 0.0734487081701, 0.129575726021, -0.988845497787,  
43, 7, 3614209.813831476, 95.20101612589485, 186.49376713279648, 85.64553547847157, 54.02013942966226, 0.870315042276, 0.11494304835, -0.478894375436, 0.412721536862, -0.700789740783, 0.581854511217, 0.268724134009, 0.704046756153, 0.657347324442,  
44, 12, 8709408.150877003, 127.63408757379324, 231.51535358348858, 111.21751166256156, 80.75084252449307, -0.707839805687, 0.669579526312, 0.225002372054, 0.184216741922, -0.132525233093, 0.973910290832, 0.681928883009, 0.730821674923, -0.0295411235532,  
45, 15, 10948497.400917158, 137.7490577358255, 195.65958716003172, 137.13968991364064, 97.40956733160174, -0.939280555252, 0.110830911389, -0.324759214814, 0.0910368468657, 0.992975780819, 0.0755737468978, 0.330853942154, 0.0414198960414, -0.942772539467,  
46, 7, 5983106.054588394, 112.619267237457, 205.40192668699237, 92.26380969834365, 75.37063869427396, -0.647551275877, 0.691720902532, 0.319686624855, -0.313117938903, -0.624005144501, 0.715943249129, 0.694719008987, 0.363510347359, 0.620665550772,  
47, 10, 7534126.380105571, 121.61340003812035, 197.81810902415523, 142.11092591153022, 63.980963589218696, -0.452802603501, 0.853042778468, 0.259398959838, 0.89037797101, 0.417322962219, 0.181847776849, -0.0468707905055, -0.313304266341, 0.948495422071,  
48, 12, 6160583.635415012, 113.72198095828018, 210.42866287570743, 86.33288836197478, 80.95656674520805, 0.780987237987, -0.612857903381, -0.120266888065, -0.400604277092, -0.639307458665, 0.656355228875, -0.479140008012, -0.464425627586, -0.744804463711,  
50, 8, 4429623.609893967, 101.88089199285604, 127.97216402580248, 123.25881314067834, 67.04165401317482, -0.784095937854, 0.396549671439, -0.477432632235, 0.372626255955, 0.915970193264, 0.148822976808, -0.496329762975, 0.0612124426461, 0.865973327101,  
51, 8, 7042029.63828746, 118.9058111054454, 153.20249758674717, 133.5217852569972, 82.18475472622798, 0.42513487375, 0.362363206033, 0.829429470199, -0.681715902876, 0.730999127969, 0.030061647892, -0.595418984318, -0.57821551503, 0.557801982151,  
52, 8, 9379288.168807752, 130.82590770362776, 199.49964711212192, 148.155732441066, 75.7566354598974, 0.919224973285, -0.377707412835, -0.111187044111, -0.316468578876, -0.876777698464, 0.362089085808, -0.234250052451, -0.297654124389, -0.925488484618,  
53, 5, 2381913.3845653553, 82.84744483035982, 159.3559626883772, 94.16520531457856, 37.89470927801583, -0.624135437385, -0.454313617496, -0.635652493708, 0.00258919318101, -0.814764485819, 0.579786278492, -0.781311878752, 0.360219335414, 0.509699694443,  
54, 8, 3406369.661494439, 93.33998403545372, 196.28997090645476, 89.18635897000878, 46.45223579991748, -0.937827605427, 0.345530031213, 0.0329906051547, -0.00224075154673, -0.101070876724, 0.994876704376, 0.347094168103, 0.932948913611, 0.095561305248,  
55, 11, 11671556.471857278, 140.71705004939827, 166.02365553778935, 135.08195125498167, 124.24326879208027, 0.814258348134, -0.32802794661, 0.478937374546, -0.379995522919, 0.322519349751, 0.86693983159, 0.438847063401, 0.887907053288, -0.137964921866,  
56, 7, 8080451.087245705, 124.48461069915157, 197.43059097605376, 132.48705413210496, 73.74950459203995, -0.764396158525, 0.56303103232, -0.314156918556, 0.620186025137, 0.508881775626, -0.596999692346, 0.176260622536, 0.651180002058, 0.738171252395,  
57, 9, 5928600.032474663, 112.27623674086713, 173.20460341425905, 119.63490215716621, 68.30401196630211, 0.645686708603, -0.745142051245, 0.166889178198, -0.604796099782, -0.365615983708, 0.707493201483, 0.466165584338, 0.557752880695, 0.68673238751,  
58, 7, 6249843.335928831, 114.26858265589279, 167.15848662943563, 117.7645215395692, 75.79448723726412, 0.677403377414, -0.732184143001, 0.0709298597644, -0.509236084701, -0.536338841881, -0.673067052179, -0.530851461622, -0.419817850297, 0.73617232919,  
59, 6, 4351453.259644062, 101.27802831567146, 235.98584725290735, 100.38215081190391, 43.85339886515824, 0.846499456696, -0.461918059364, -0.264708096302, 0.283481325813, -0.0297885924986, 0.958514985627, -0.450640663644, -0.886422216661, 0.10572911652,  
60, 12, 9650035.307449777, 132.07281394171468, 188.77917945444196, 136.0522078593831, 89.69755499406023, 0.61493348911, -0.758725800427, 0.214923157751, -0.587773980009, -0.622690130456, -0.516506292176, -0.525717179095, -0.191290776568, 0.828872298008,  
61, 12, 8466221.471088827, 126.4349104473626, 220.58878743937822, 117.50999965617127, 77.97273311293132, 0.692728423155, -0.486996414359, 0.531941560845, 0.468636552786, 0.864596005089, 0.181255425784, -0.548185290887, 0.123726474067, 0.827154548116,  
62, 8, 14910692.926533885, 152.6873551633485, 231.4896481230177, 138.52366760916485, 111.00784217230398, -0.880251189423, 0.453096714617, -0.140929807782, -0.030124465041, 0.243041118151, 0.969548106849, 0.473550799941, 0.857691309325, -0.200287937191,  
63, 6, 5612204.551722601, 110.2423072897028, 204.7639088525128, 111.34243401632547, 58.766626384049836, 0.474541743566, -0.698332629259, 0.535856018465, -0.69947377514, -0.668731851418, -0.252059811931, -0.534365578518, 0.255204329531, 0.805806539241,  
65, 7, 8429729.715173408, 126.25299234728756, 207.48392011609545, 113.19469552261224, 85.68691758416742, 0.290570331832, -0.8744623626, -0.388438487609, -0.625840038398, -0.480766701606, 0.614156026564, -0.723804620458, 0.0646448375651, -0.686970098607,  
66, 6, 6087168.128219795, 113.26843394067281, 197.1092883614131, 136.66299637845017, 53.9471690418156, -0.718606905015, 0.647063047683, -0.254781334459, 0.0177307964452, 0.383301290602, 0.923453160415, 0.69519043069, 0.659082341552, -0.286915897313,  
67, 10, 2910812.927764195, 88.57446991561429, 132.7285756327432, 89.72350413946197, 58.351903184744, 0.65264186802, -0.132746710326, 0.745946984044, -0.323349475629, 0.841572091284, 0.432667923219, -0.68520340682, -0.52357876778, 0.506321602554,  
68, 9, 5997675.074421749, 112.71060342991962, 224.8388690631035, 104.38309805572433, 61.00883756046453, 0.691936899808, -0.705272181825, -0.154319396794, -0.362326650567, -0.524117285115, 0.770727234326, -0.624453941434, -0.47738058296, -0.618194996778,  
71, 6, 1448464.7469399145, 70.18965484702449, 186.15050811268387, 128.73215878184232, 14.430056852875, 0.821313717728, -0.478627936478, -0.310417582452, -0.352539038358, -0.853632440647, 0.383442150407, -0.448508643736, -0.205491982077, -0.869835065858,  
72, 7, 6683970.906303645, 116.85536255241064, 138.1136074934315, 120.48432713687355, 95.89123584611754, -0.992800458979, 0.109843062383, -0.0477676699935, 0.116296660438, 0.979436293785, -0.164862467495, -0.0286763913595, 0.169230753894, 0.985159183338,  
73, 6, 3722359.0016769394, 96.14127610047001, 160.24050737435746, 114.50158160390264, 48.433499535876514, 0.00561971827747, -0.619521236646, 0.784959779932, 0.351784462399, -0.733571133905, -0.581481799815, 0.936064159543, 0.279404418086, 0.213815482069,  
75, 7, 5481942.104676065, 109.3826930688821, 222.0616308416979, 97.33790549318466, 60.54667710797254, -0.849583795993, 0.44632253495, -0.281075734248, -0.0487564608287, 0.464156609932, 0.884410226639, 0.525195374232, 0.765084855589, -0.372578827409,  
76, 5, 1047149.3436005182, 62.99508580835548, 172.38916295370325, 60.92705543501246, 23.80125543097232, -0.996460888629, -0.017691388866, 0.0821748878459, 0.012370785814, 0.936091139711, 0.351539957634, -0.0831424145117, 0.351312386509, -0.932559352532,  
77, 7, 6109336.394974656, 113.40576779945178, 175.5909659111129, 129.91076808182368, 63.937862224138186, -0.589368578381, -0.796350171946, -0.135908360519, -0.807582546064, 0.57632349236, 0.125146567858, 0.0213333098564, -0.183514674607, 0.982785456798,  
78, 7, 5175886.626990684, 107.30798714115807, 167.546254903605, 119.76850432216193, 61.57703805750374, -0.843652065665, 0.483041155797, 0.234355358175, 0.102366087682, -0.283776194046, 0.953410853612, 0.527041152275, 0.828337077221, 0.189961338986,  
79, 10, 5125988.081871704, 106.96203597397032, 172.59315311366237, 135.20634600543522, 52.44068353312575, 0.0345834897445, -0.826857348262, 0.561347403898, 0.947512561987, -0.151506628515, -0.281541624618, 0.317842613747, 0.54162040872, 0.778218096516,  
80, 5, 1291053.0090717846, 67.54893222171948, 180.7814567631721, 99.23565852679349, 17.18042200437769, 0.277648093789, 0.900932266276, 0.333515498286, 0.7874041771, -0.412303433863, 0.458258159022, -0.550369146938, -0.135376992162, 0.823873092225,  
81, 5, 8302268.240925043, 125.61342304778977, 194.09565917674198, 103.71055636299795, 98.4621613757514, 0.417456089931, -0.829710041625, -0.370555879465, -0.598005605306, -0.557883479328, 0.575460962634, -0.684192742582, -0.0186351903695, -0.729063111588,  
82, 6, 6275488.832930069, 114.42466525739174, 151.3187256199382, 124.64199326848306, 79.43316935916322, 0.413672836376, -0.886753928788, -0.206257737364, -0.726980400254, -0.4581123646, 0.511500302099, -0.548064122244, -0.0616484483123, -0.83416136732,  
83, 12, 13354064.343495302, 147.17756668756238, 192.99491159521133, 144.55379352966477, 114.27454559321082, -0.455795632948, 0.889021174624, 0.0434935863855, 0.860436042296, 0.452593709226, -0.234112689719, 0.227816061998, 0.0692840922569, 0.971236097175,  
84, 7, 7908641.886414982, 123.59600514178082, 168.78947100433584, 137.43886952277052, 81.38762490977575, 0.886313908716, 0.426678281388, 0.179981386284, 0.394460449403, -0.899215539308, 0.189241559186, -0.242587322574, 0.0967318874952, 0.965294946049,  
85, 17, 7497517.479439237, 121.41610383894104, 200.39827685576574, 113.09917398361502, 78.97242274454396, -0.642867011812, 0.765839077691, 0.0145777983924, 0.764502701945, 0.642693331042, -0.0498086433563, 0.0475144592971, 0.0208755674575, 0.998652385388,  
86, 7, 2178884.3072868735, 80.42329341123153, 240.6150767518376, 86.22309829185049, 25.072584336839324, 0.707573743833, -0.59421113141, -0.382429769169, -0.50186528339, -0.0415814010505, -0.863945730017, -0.497464204104, -0.803233539138, 0.327635845474,  
87, 5, 1155627.7702296206, 65.09932019345625, 187.8462184757225, 97.3764185570859, 15.08249208661667, 0.528208004094, -0.792419444987, -0.305070037234, 0.534764771831, 0.0313726360899, 0.84441837765, -0.659562690894, -0.609169254733, 0.440329281185,  
88, 5, 4904755.457270673, 105.40055958096299, 212.6764313339148, 131.00269760748705, 42.02707322583979, -0.168113019577, 0.981852568384, 0.0877698502182, 0.16298664331, -0.0601262248419, 0.984794491855, 0.972200270907, 0.17986208896, -0.149920853133,  
89, 8, 7547823.184017234, 121.68705186457495, 231.83298211075137, 165.48086376308876, 46.96886955265713, 0.785293685009, -0.611563112995, -0.0964592510297, -0.131425622276, -0.31691307028, 0.939304749107, -0.605013333815, -0.724952870682, -0.329244895475,  
90, 8, 3502415.105458203, 94.209132051863, 126.40236528817665, 88.61429380940069, 74.64831799068577, -0.516924828676, 0.498671226635, 0.695784254798, 0.0216808842896, -0.804915340073, 0.592993452385, 0.855756192356, 0.321618256699, 0.405269091102,  
91, 8, 7224655.132869949, 119.92493835389783, 216.80582637801893, 107.40364693566926, 74.06935013577667, -0.756887346863, 0.652905099196, 0.0289218879429, -0.0393754397899, -0.0897304547783, 0.995187429697, 0.652358121663, 0.752105961237, 0.0936242712719,  
92, 8, 6378698.716456367, 115.04855282715579, 189.19867836450965, 126.686503729309, 63.53236632154892, 0.285015121768, -0.947263246135, -0.14648796157, -0.831556585176, -0.168346110677, -0.52931392639, -0.476738949545, -0.272675502276, 0.835684177453,  
93, 8, 9803925.81216228, 132.77117610302307, 196.2884982414316, 110.99261065388174, 107.42923620822407, 0.484652582808, -0.849246787981, -0.209503620687, -0.675483544953, -0.211204356678, -0.706480502363, -0.555728219974, -0.483913848556, 0.676012967849,  
94, 7, 7659023.845855249, 122.28173838397397, 226.35338442135222, 115.29826832613985, 70.0607908431843, -0.712459896939, -0.603776825286, -0.357567392952, -0.69993336785, 0.575203152436, 0.423361091739, 0.0499417242855, -0.55190114937, 0.832412725455,  
95, 8, 3788271.6088753613, 96.70542397411889, 135.3082851321061, 95.24003753679932, 70.17922243730482, 0.391238180156, -0.0166036607185, 0.920139665942, -0.371417601471, -0.91764077548, 0.14136609386, 0.842010481945, -0.39706388104, -0.365182998875,  
96, 8, 8293297.417877049, 125.56816385405043, 204.67548951715048, 152.5631595518381, 63.40494339748613, 0.519504968446, -0.830197824403, 0.202203264357, 0.404154140909, 0.447239262893, 0.797895025748, -0.752843953383, -0.33278914358, 0.567870907663,  
97, 11, 10481976.38373793, 135.76407214753758, 188.09446133906113, 143.60652613132643, 92.64124513015803, 0.696814870791, -0.672818320807, 0.248524733239, 0.274344760515, 0.570164785225, 0.774368820438, -0.662709580603, -0.471410251136, 0.581883482238,  
98, 16, 11365404.07813705, 139.47576663808036, 238.34334941449052, 109.60184968103708, 103.86646474331923, -0.659222893149, 0.747999336061, 0.0769556391738, 0.742068840516, 0.663681020609, -0.0941346844645, 0.121486678628, 0.00494935710551, 0.992580722551,  
100, 7, 4601230.589122246, 103.17990642631037, 137.9906319153264, 103.53478295364619, 76.88639671898129, -0.88610306267, -0.454056844059, 0.0930255055823, -0.430777101401, 0.732743155067, -0.526800301453, -0.171033479865, 0.506872618184, 0.844883245011,  
101, 16, 9646706.482793612, 132.0576258175981, 204.19101484621845, 109.46117304248948, 103.03712439601028, -0.304986183028, 0.944715693758, -0.120398032083, -0.277962220126, 0.0326151750888, 0.960038152646, 0.910889912308, 0.326264476034, 0.252648093866,  
102, 6, 3366269.730703791, 92.97226988148253, 200.04662094666054, 83.30451048668704, 48.223704115477894, -0.463006548092, 0.751177519257, -0.47048620701, 0.112455580646, 0.576305282597, 0.809460291573, 0.87919206025, 0.321876615823, -0.351307223638,  
103, 7, 9727530.424610678, 132.42541100076684, 190.0620013746257, 128.82032170961438, 94.84933950655106, 0.395479375858, -0.80507182488, 0.442103404257, -0.871373502194, -0.481037817071, -0.0964926848064, -0.290351998348, 0.347076324938, 0.891758791223,  
104, 8, 6928881.917819621, 118.26553033155271, 179.2060702882235, 119.88215791925006, 76.99584375102536, 0.241596804496, -0.933418567697, 0.265256030161, -0.781557117933, -0.0251555351918, 0.623326295336, 0.575151680398, 0.357906379558, 0.735597422512,  
105, 10, 7059516.683966673, 119.00415361392284, 180.2167242501663, 135.7662906691132, 68.8809797253383, -0.922928467585, 0.34186113778, 0.177014141236, 0.339798873006, 0.939523659886, -0.0428020842682, 0.180941343053, -0.0206459436548, 0.983277161021,  
106, 6, 3976474.733016205, 98.28106922744568, 161.26576843751866, 95.15319957979192, 61.86485955373504, -0.973459125766, -0.211628021834, 0.0871258333545, -0.181905607242, 0.484456797992, -0.855693847666, -0.138880094028, 0.848831662495, 0.510095214866,  
107, 7, 6217439.921473934, 114.07075850648576, 230.15860817931352, 145.06188739116664, 44.45723431701158, -0.699396920215, 0.705411717464, 0.115057624081, 0.713475661825, 0.679514171857, 0.170918021951, -0.0423842892666, -0.201630352651, 0.978544211016,  
108, 5, 565141.1023210074, 51.288826413865365, 131.36382537313082, 100.10823644422237, 10.259417123965594, 0.796481732485, 0.527774677102, -0.295077515285, -0.507380305148, 0.848806409579, 0.148636822506, -0.328910437301, -0.0313300058472, -0.943841276364,  
109, 11, 10751929.43374697, 136.91969783408769, 197.6150806867758, 145.28935255998852, 89.40131844627753, -0.919195201524, 0.383579592063, -0.0891452637411, 0.387495367016, 0.921346205562, -0.0311208939116, -0.0701963107005, 0.0631495530418, 0.995532325901,  
110, 5, 4391586.810063989, 101.58843912498887, 189.1430342467512, 83.14596693678918, 66.66552793792329, -0.728972135091, 0.182608588637, 0.659737621799, 0.683299304378, 0.252184651017, 0.685204321664, 0.0412515078093, -0.950293115385, 0.308611905079,  
111, 7, 7404980.990317625, 120.91451722876587, 207.89637774776727, 104.70135324737934, 81.2149761726129, -0.741458089698, 0.659478639123, 0.123805596654, -0.162778826739, -0.355781053196, 0.920284138596, 0.650955416897, 0.662199189616, 0.37114589919,  
112, 6, 4890080.48298702, 105.29533546365698, 186.20842421716696, 86.57887063491498, 72.41293598754622, 0.598787547862, -0.760184567987, 0.25213665961, -0.415933436144, -0.0261233310658, 0.909019773312, -0.684436154234, -0.649181788229, -0.331828504817,  
113, 10, 9499025.246099027, 131.3802682317471, 162.28266298612598, 136.16560468930234, 102.62446071010133, -0.756715642696, 0.607139054571, 0.242412055215, 0.0212461796509, -0.347770340211, 0.937338994345, 0.653398833752, 0.714449409605, 0.250263871077,  
114, 7, 9812607.802299054, 132.81035693604719, 191.74998196062933, 165.2222789179226, 73.94211892764747, 0.880769494725, -0.448105989958, 0.153121255631, 0.203805258437, 0.650575011101, 0.731584288763, 0.427444164535, 0.613150207286, -0.664332980899,  
115, 19, 13183590.384752389, 146.5486078675472, 205.75607156646745, 130.7681414840354, 116.97430694853063, -0.699985412606, 0.713894202887, 0.0193775443068, 0.677193737193, 0.654894934588, 0.335441898034, -0.2267797708, -0.247926787048, 0.941861584215,  
116, 8, 7007642.549278937, 118.71195135930368, 203.3001288695954, 126.1343222561198, 65.23976675754939, 0.499604648852, -0.678638995622, 0.538371905347, -0.866253433405, -0.391091727368, 0.310889449642, 0.000428905426394, 0.621688325776, 0.78326460512,  
117, 12, 8586827.070483753, 127.03245828799201, 178.40258629337197, 154.6977674126887, 74.2777800406683, 0.925948999531, -0.193876955228, 0.324083594925, 0.0670665342819, 0.928940622847, 0.364103555604, 0.371645705273, 0.315406159508, -0.873154295813,  
118, 6, 9864494.20862087, 133.0440339168287, 221.35955091270208, 125.19831444090435, 84.97466592867902, -0.519544657791, 0.846964532489, -0.112802611963, 0.846169620833, 0.52833797259, 0.069684714964, -0.118618385338, 0.0592458220043, 0.991170828483,  
119, 6, 2960491.2761654947, 89.0755252895651, 179.89606088234166, 81.80783078077953, 48.024034843674976, -0.822440908358, 0.446091370804, 0.352977961285, 0.563599124225, 0.554882331802, 0.611932696485, -0.0771166611824, -0.702216552602, 0.707774634908,  
120, 12, 4172817.623237568, 99.87273233274908, 153.92436491217703, 95.94807184142081, 67.45236362688308, -0.351706270061, -0.932387739039, -0.0834014609555, -0.911436821818, 0.361394825064, -0.196663927174, -0.2135078908, -0.00684722622638, 0.976917343514,  
121, 12, 6213556.596061566, 114.04700456391946, 176.23605172914887, 124.63101692315718, 67.53528794681482, 0.668601119313, -0.563562846234, -0.485148906624, -0.531083122468, -0.818544918578, 0.218940478899, 0.520502891715, -0.111270546936, 0.846578764854,  
122, 5, 4741659.392608678, 104.21908316301052, 171.0246429542282, 126.89377661974862, 52.16061812284626, -0.519742370071, 0.310176965602, 0.79602645607, 0.85419204753, 0.204989168333, 0.477844521578, 0.0149604374687, -0.928315512569, 0.371492253532,  
123, 5, 1785675.7434388988, 75.26123315807253, 205.79326569789595, 100.84535594345023, 20.541252814052253, 0.0892427893533, -0.798042797598, 0.595955885741, -0.958428163937, 0.0940050822773, 0.26940397005, 0.271018780016, 0.595223267108, 0.756477417489,  
124, 7, 2719395.6919851424, 86.58870915025423, 132.26973345411156, 74.50375693027436, 65.87871880023941, -0.443047150941, 0.895290543421, -0.0465195109955, 0.866430344968, 0.440936959962, 0.234249983263, -0.230233966569, -0.063477871733, 0.971062758239,  
125, 5, 3906679.102312833, 97.70265751452077, 172.7796145806806, 110.23525895876664, 48.96729372707174, -0.851048519896, 0.502067298713, 0.153768801602, 0.524634625864, 0.800883523646, 0.288693766642, -0.0217927999199, -0.326364840502, 0.944992626826,  
126, 9, 5289358.574069234, 108.08650317782673, 173.43176288754012, 123.89614627184075, 58.766247999439614, -0.746659872834, 0.654469938653, 0.119029969755, 0.655984357372, 0.754116828806, -0.031501291961, 0.110379151942, -0.054561047568, 0.992390817624,  
127, 7, 6199116.574893646, 113.95858936445354, 223.29726600522477, 103.64995100080328, 63.94236382166661, -0.790191071446, 0.612856819911, 0.00214217078219, -0.115081636037, -0.151812657079, 0.981686881952, 0.60195870926, 0.775473684556, 0.190489571648,  
128, 9, 10293917.44029839, 134.9472453519055, 206.8151740521056, 121.04946496470507, 98.16276829084255, 0.584843403816, -0.782316870841, 0.214332700747, 0.497140051734, 0.554493125022, 0.667374814677, -0.640944585728, -0.2837563883, 0.713212696273,  
129, 6, 8650042.772785682, 127.3434315051755, 195.78092764873628, 121.46157052946833, 86.84011129090393, 0.761625968098, -0.611812795002, 0.213567292886, -0.302830740072, -0.0446677952148, 0.951997022547, -0.572904379094, -0.789740395284, -0.219295874269,  
130, 8, 5746740.664928911, 111.11627226570367, 202.54905913824243, 102.37522172691419, 66.16189019203219, 0.0812093544585, -0.955421178773, 0.283858084084, -0.518055189243, 0.202842711024, 0.830947444477, -0.851483330222, -0.214534859023, -0.478488173957,  
132, 6, 3096724.2816963717, 90.42141730083355, 239.4356748117567, 132.17445623775174, 23.36025283636553, 0.485498051198, -0.823332935318, 0.293963466953, -0.496814830018, 0.0168430570358, 0.867693111707, -0.719351560057, -0.567308724638, -0.400866740941,  
133, 7, 4187902.705556421, 99.99293700668098, 160.0278201899973, 147.52156602359074, 42.35034675708709, 0.850894500848, -0.523950535698, 0.0381363942783, 0.250245463118, 0.468085160292, 0.847510171563, 0.461904488629, 0.711598284748, -0.529407333278,  
134, 8, 19193268.924278837, 166.09380959671546, 240.18403159332914, 147.47792237419824, 129.35678046826726, 0.497747300917, -0.852059291656, -0.161995641711, -0.629120303594, -0.483263767449, 0.608821627964, 0.597038749191, 0.201124574764, 0.776591036125,  
135, 8, 9247266.61895194, 130.20917584460904, 207.3632542220862, 131.15524392496914, 81.1721989066288, -0.781830399038, 0.470759637551, 0.408811192108, 0.582755566719, 0.318630558689, 0.747576428553, -0.221669070008, -0.822714975385, 0.523452856215,  
136, 7, 5176176.237587207, 107.30998853420688, 213.80127829081343, 117.91480911947865, 49.01644336418908, 0.944885107749, 0.0306470436265, 0.325964556157, -0.212537194679, 0.814726735102, 0.539488913684, -0.249038298323, -0.579034632666, 0.776336795561,  
137, 11, 6744673.088951567, 117.20804760142764, 181.18015263565525, 102.64645312468744, 86.58002896106454, -0.608814565611, 0.768583730603, -0.196529574752, 0.772853922574, 0.518727557745, -0.365538691793, 0.179001785082, 0.374433932607, 0.909811843762,  
138, 5, 3326073.821016175, 92.60073309750977, 200.59691161554667, 102.15078566341872, 38.75050093774652, 0.886457422447, 0.426409146673, 0.179912417088, -0.210972659429, 0.0263105409935, 0.977137806252, 0.411926905121, -0.904147662202, 0.113283846031,  
139, 6, 4772533.05645751, 104.44478942216344, 221.73506283361195, 86.40834473491878, 59.466212281593634, -0.988760414981, -0.1409861012, -0.0497570199602, -0.147952780842, 0.970582057767, 0.189948529299, -0.0215131682467, -0.195175276124, 0.980532403943,  
140, 9, 4181126.9614720256, 99.93898062124754, 207.14640194367783, 103.92217354900089, 46.36808183703484, -0.81890334512, 0.50705053627, 0.268881135486, 0.562503199718, 0.802095142896, 0.200582980459, 0.113962544982, -0.315504572727, 0.942055944692,  
141, 7, 3362858.290831232, 92.94085266143345, 159.50974188651566, 125.1663886963342, 40.211013833509526, -0.622496076535, -0.777745684619, -0.0872369460426, 0.699837887572, -0.603075776131, 0.382787851639, -0.350322088679, 0.177232215754, 0.919708201487,  
142, 5, 4728695.711036229, 104.12401826154813, 175.85638324390663, 114.75076901346998, 55.942132472450226, 0.386715561303, 0.643113983057, 0.660950436449, 0.796358017185, -0.594303848328, 0.112324727146, -0.465042990606, -0.482915459122, 0.741975522662,  
143, 6, 2533033.0212868736, 84.56372022421282, 189.02458707904466, 111.0849320130117, 28.799091688919297, -0.620597203736, 0.506103352842, -0.598931137074, -0.103121703121, 0.704505315413, 0.702166771429, 0.77731912691, 0.497525533813, -0.385023789062,  
144, 5, 1327029.933437398, 68.1706397979839, 257.24684531026435, 81.78068482731804, 15.058832732291657, 0.630703295589, -0.497170007975, -0.595848417052, 0.334470244201, -0.518688434597, 0.78682397241, -0.700244963336, -0.695546038006, -0.160849931108,  
145, 9, 13537458.87885718, 147.84824727413107, 236.84781663634143, 152.6720091293877, 89.37575730256019, -0.936585951628, 0.311295068626, 0.160941403813, 0.31114607425, 0.527394452008, 0.790596744535, -0.161229264376, -0.790538090316, 0.590808473254,  
146, 9, 7056842.203589003, 118.98912357296837, 165.08366407315938, 111.45783424182133, 91.56027692887915, 0.571432158434, -0.763539575574, 0.300786643388, 0.294136881413, 0.532730638132, 0.793524770998, -0.766125827329, -0.364973127405, 0.529004568006,  
147, 6, 6665011.685956765, 116.74477037781999, 185.468304174359, 99.18515036902407, 86.49598502249442, -0.909431292209, 0.38980541892, 0.144867042944, 0.415611328829, 0.840062925775, 0.348656713815, -0.0142108444436, -0.377287710003, 0.925987060266,  
148, 6, 3908444.6166553283, 97.71737329232221, 175.47108228731926, 129.06267450881418, 41.20113097993847, 0.543007125893, 0.3275501974, 0.77321027503, 0.210340463099, -0.94448723291, 0.252390087868, -0.812957656224, -0.0255877911056, 0.581760357994,  
149, 5, 5426572.315242444, 109.01317664751421, 205.06618417861384, 111.82566612703238, 56.49388498466332, 0.150744509911, -0.923491330327, 0.352760337258, -0.610652136608, 0.193632985992, 0.767860817331, -0.777418845146, -0.331164656246, -0.534742844427,  
150, 8, 10109445.85152829, 134.13627665000092, 199.48429084749924, 116.87899506120293, 103.51268434975084, 0.749295725817, -0.662011792054, -0.0172134381967, 0.391730149836, 0.422121124707, 0.817533635874, -0.533950751457, -0.619317481796, 0.575623533014,  
151, 6, 2339321.351991933, 82.35066145381597, 207.1462840288478, 112.44742214896537, 23.975883786343427, 0.546361897087, 0.733728324297, 0.403895312594, 0.789623879118, -0.612033765577, 0.0436898079756, -0.27925401866, -0.295054937119, 0.913761334892,  
152, 11, 11897868.495918714, 141.6207375152673, 192.5875086540814, 135.31997112898992, 108.99097649408631, 0.860825027994, -0.480403608609, -0.167906652684, 0.279903065816, 0.171402502626, 0.944603332537, -0.425011229177, -0.860135777031, 0.282014007,  
153, 5, 3034617.191098108, 89.81284108659894, 170.25534170387675, 74.33379461741549, 57.243773472448154, -0.244997317351, 0.375490768418, -0.893858488422, 0.133966314653, 0.926223480903, 0.352367833326, 0.960223589082, -0.0334177536296, -0.277225382519,  
154, 5, 4066086.1695958474, 99.01385954972682, 257.4413411489077, 71.65783874449289, 52.61940999625088, -0.772815819561, 0.57841260253, -0.261140901184, 0.634606353893, 0.707910367853, -0.310060779016, -0.00552128928566, 0.405341550202, 0.914148643845,  
155, 10, 9460086.437680766, 131.2005025114261, 192.52057839418194, 156.4008904534977, 75.00498286771928, -0.558425917428, 0.686193443085, 0.466153465516, 0.41067725438, -0.259563334406, 0.874054385131, -0.720766735831, -0.679533247237, 0.136857146033,  
156, 12, 12262339.19156918, 143.05231991515646, 242.88216687191868, 119.74840226437983, 100.65129324623827, 0.690114402672, -0.721460945281, 0.0568877461222, -0.000678422863679, 0.0779618042926, 0.996956115791, -0.723699973033, -0.688052368287, 0.0533131084001,  
157, 6, 3560377.9161534556, 94.72599223068181, 169.88728938454872, 92.25847646809744, 54.23008981495865, -0.68493949631, 0.70982153829, 0.164351057721, 0.723844452475, 0.688661176634, 0.0423673508582, 0.083108934632, -0.147983673347, 0.98549162219,  
158, 6, 8588532.860961609, 127.04086948221024, 188.78126676159278, 147.0389761847623, 73.86505172471111, -0.902192838251, 0.407393277901, 0.141699681469, 0.430767199849, 0.867821967317, 0.247638148467, 0.0220839793036, -0.284456939031, 0.95843442535,  
159, 7, 7833520.24008141, 123.20342660917416, 165.06352901002293, 112.46956665315827, 100.73542262636563, -0.776757275606, 0.619680238319, -0.112447930306, 0.625328380606, 0.737610967108, -0.25474394519, 0.0749169620434, 0.268191095004, 0.960448325189,  
160, 9, 4831345.302684097, 104.87206580492936, 159.32102376903777, 87.11154578569383, 83.1056709551421, -0.731928720176, 0.648620608191, 0.208738245683, 0.643929363312, 0.558276632344, 0.52314642008, -0.222789864323, -0.517318575356, 0.82628455628,  
161, 5, 408553.41882553056, 46.031318336228296, 254.86400637366808, 44.1089313843701, 8.676112957703968, -0.646292136671, 0.752374271765, -0.127434019255, 0.671387710655, 0.481267976306, -0.563577569606, 0.362691350956, 0.449793386087, 0.816174548595,  
162, 7, 4327599.974194349, 101.09263113849394, 145.78223551620516, 110.58573987212255, 64.08476065090838, -0.384300616256, 0.452099724359, 0.804934081512, 0.779168670411, 0.626491186672, 0.0201240173216, -0.495186045235, 0.634913090318, -0.593022890239,  
163, 7, 5627868.904579404, 110.34477862292651, 142.28769045756738, 130.6965382611562, 72.24768709014252, 0.0615394676428, 0.78931121562, 0.610901545929, 0.618160006352, -0.510687075115, 0.597559133356, 0.783639649628, 0.34086143256, -0.519348036796,  
