# Void_ID, Void_Volume, r = (a*b*c)**(1/3.0), a, b, c, vector_a, vector_b, vector_c 

0, 7, 4620486.929424544, 103.32364348903981, 146.92266258886002, 112.09627495891017, 66.97599367207575, 0.0836302879907, -0.917116399137, 0.389747976728, 0.255989187257, -0.358220215765, -0.897857345587, 0.963055300042, 0.174859336184, 0.204813821826,  
1, 16, 13565197.616600424, 147.949160497247, 207.53828019625269, 145.65570505709857, 107.13017202051549, -0.730350147416, 0.678866119171, -0.0756931596068, 0.681532465448, 0.71677719187, -0.147458318707, 0.0458493261734, 0.15928355049, 0.986167627654,  
2, 5, 1931492.9177914727, 77.25646580611372, 193.93975829168136, 57.19160774327237, 41.57242469957486, -0.601984849317, 0.687381570247, -0.40635060979, 0.797587945715, 0.542026975755, -0.264688923841, -0.038310704024, 0.483439070036, 0.874539281862,  
3, 9, 5889921.71403892, 112.03153960868505, 149.1205722890673, 110.89903037673106, 85.02675452670329, -0.0480396250941, -0.992453809006, 0.112816804646, -0.912028223583, -0.00247359834646, -0.410119983296, 0.407304203033, -0.122594120173, -0.905027053679,  
4, 13, 16275601.549443353, 157.210957675287, 228.64644101969049, 138.21584503986665, 122.94932838180699, -0.672190431167, 0.692266535146, -0.262539651413, 0.74036805926, 0.626636119437, -0.243274147094, 0.00389372253961, 0.357902526023, 0.933750834426,  
5, 7, 4386478.598971754, 101.54903525653383, 228.97110048440942, 83.26367456198192, 54.92766798739796, -0.610437308817, 0.698819872378, 0.37284994029, 0.310566141447, -0.221863959755, 0.924297060013, 0.728639117664, 0.680019977156, -0.0815957528146,  
6, 9, 6056253.704622522, 113.07635924243327, 226.43088634091137, 120.09397728902704, 53.169007822740724, 0.530554569347, -0.809260974624, 0.252207303414, -0.576539636042, -0.126406621954, 0.807231945601, -0.621380637788, -0.573688104179, -0.533636638647,  
7, 8, 4248437.725757322, 100.47242452635282, 120.73179188417348, 100.00875770082742, 84.0003253967022, 0.489477982025, -0.855798271291, -0.167393619859, 0.371860158861, 0.0312172093287, 0.927763713503, -0.788753020511, -0.516366928354, 0.333517417742,  
8, 7, 2850503.6566389976, 87.95846959429085, 197.85770757090842, 85.17601405925541, 40.37966461676976, 0.664947099648, -0.63944130111, -0.385953594496, -0.316946108876, -0.709491829683, 0.629417594036, -0.676306527203, -0.29620291364, -0.674442966613,  
9, 5, 2106700.659863432, 79.52519462784278, 228.95676627857426, 71.57939281966901, 30.68829280745819, 0.59023055462, -0.72694453458, -0.350969423222, -0.490923163683, -0.668385236145, 0.558798374607, -0.640798205173, -0.157520854961, -0.751375299367,  
10, 6, 4038921.4889495615, 98.79286964902795, 168.06973910297853, 84.95241361529817, 67.53230195810376, -0.818024936858, 0.546196021228, 0.180291733235, 0.562260495333, 0.693279063072, 0.450807360292, -0.121236702635, -0.470142581672, 0.874224007239,  
11, 5, 3427395.8686053003, 93.5316408163463, 200.56609249816768, 96.5046535529544, 42.273663893054625, -0.378296215375, -0.896884124298, 0.229108797333, 0.284377175162, 0.122933812528, 0.950798033225, -0.880920879353, 0.424836610145, 0.208547977695,  
12, 7, 2819550.16168397, 87.63893110741321, 240.16326687921463, 85.19849387199717, 32.896728920335164, -0.876986584481, 0.447466591821, 0.17512332753, 0.435723692713, 0.58689500457, 0.682421509934, -0.202581821125, -0.674779892124, 0.70967084126,  
13, 9, 6983292.797581538, 118.57429398335404, 154.288173933326, 120.49418973254548, 89.67531228551172, -0.387186526196, 0.745798490694, -0.542098888774, 0.888392662213, 0.459074947081, -0.00294460321804, -0.246667938041, 0.482736785672, 0.840309540647,  
14, 11, 5691986.178062006, 110.7622431589675, 145.53283874148215, 125.42205879713946, 74.44581716526923, -0.522054711509, 0.406619284434, 0.74974638093, 0.359521020664, -0.692221592936, 0.625758661125, -0.773436173121, -0.596229841419, -0.215189363839,  
15, 12, 7036645.859632652, 118.87550138844647, 183.75050155138342, 108.10934947706448, 84.56395721891398, -0.860840555208, 0.451510025541, 0.234717352033, 0.508149474539, 0.787328299687, 0.349139313224, 0.027159713452, -0.419824779341, 0.907198712861,  
16, 12, 7585804.766749571, 121.89082522252814, 165.29114864622596, 123.3235187725541, 88.84184034952476, -0.237978408606, -0.778273579953, -0.581082190214, 0.828878442236, -0.474590855114, 0.29618245768, -0.506287275204, -0.411161470701, 0.758036569024,  
19, 8, 3974544.5582966194, 98.26516482722867, 176.47264204714378, 102.48632133738033, 52.46328352890946, 0.855746432301, -0.447873874873, -0.259050257307, 0.12803241031, -0.301804266998, 0.944733764789, -0.501304044981, -0.841619377527, -0.200925553022,  
20, 8, 3803870.4588457877, 96.83797585938996, 127.06880853687495, 89.01353489292312, 80.28642193816059, 0.0380166294881, -0.961796351883, 0.271113469577, 0.844726903711, -0.114010715671, -0.522913008882, 0.53384566499, 0.248896231823, 0.808120951192,  
21, 9, 6017069.189123732, 112.83195992393382, 168.19242136455105, 97.90561904851145, 87.23331073843624, 0.566194896458, -0.690356265282, 0.450368256221, -0.59045462169, 0.0415505327379, 0.806000553942, 0.575140573208, 0.722275418532, 0.384098347867,  
22, 6, 7011522.881477334, 118.7338587176668, 178.14986348951697, 121.59294163462904, 77.27337611240651, 0.542337472142, -0.821881887814, 0.174299250699, -0.656497992802, -0.285098141486, 0.698376284798, 0.524290426917, 0.493182737132, 0.694183215036,  
23, 6, 6932717.563850405, 118.28734919729088, 260.4884561815168, 111.19538508612592, 57.13992331754517, 0.74954754681, -0.440823165626, -0.493815159466, -0.581909381748, -0.0832062610032, -0.808985901956, -0.315531213201, -0.893729072358, 0.318886184584,  
24, 8, 5324740.598245514, 108.32697490008968, 187.99026102162915, 123.66681926145675, 54.67909330383309, -0.765845511337, 0.61990631616, -0.170870746324, 0.621166788329, 0.644520099254, -0.445808998041, 0.166230183306, 0.447560052777, 0.878668040454,  
25, 8, 8534975.525852777, 126.77624676887034, 171.5915370670356, 117.92728608167536, 100.69397889932075, 0.282652701174, -0.94658451049, -0.155194120439, -0.61113181462, -0.302413127532, 0.731480830545, -0.739341163251, -0.111910968168, -0.663965796955,  
26, 7, 2830849.4716805103, 87.75584568759689, 169.45032552488502, 93.46752339971087, 42.67023400257218, 0.60839016344, 0.00510901977935, -0.793621639666, 0.723679031197, 0.406943377459, 0.557391915396, -0.32580679679, 0.913439097838, -0.243883057439,  
27, 6, 11250317.464058014, 139.00338921116656, 226.28867666984337, 176.9967051229095, 67.05762437797567, -0.627064672017, 0.778929180781, -0.00769600125372, -0.575418990143, -0.456527434002, 0.678583589387, -0.525055123669, -0.429944221185, -0.734482868268,  
28, 9, 7376328.053959321, 120.75835953784994, 212.40122326611697, 108.3599441921764, 76.51134343133624, -0.34514855261, 0.927232062217, 0.145303748843, 0.181369529049, -0.0860053796848, 0.979646961205, 0.920856976171, 0.364477403226, -0.138487010128,  
30, 8, 3757374.6889275345, 96.44179805139453, 145.4007919010255, 128.37796619292465, 48.055005707580335, 0.997973568612, -0.0269204243499, 0.0576545497369, 0.00300513892751, 0.92502273758, 0.379899860622, 0.06355883489, 0.378956759688, -0.923229142085,  
31, 8, 1340713.3145605507, 68.4041479566004, 181.74915332019773, 96.91543692723043, 18.171130971289358, -0.482441098047, 0.874719043914, -0.046012836586, -0.120738228882, -0.0143790759661, 0.992580234672, 0.867567211807, 0.484417006709, 0.112549085329,  
32, 7, 9221742.790041422, 130.08926656807722, 210.2989418684527, 136.3949097944888, 76.75190173734428, -0.765268541846, 0.532750452392, 0.361304600492, 0.602205848665, 0.394232612256, 0.694210892501, -0.227403110564, -0.748837501004, 0.622519254639,  
33, 9, 8609653.378947109, 127.14492188832618, 226.86160441933274, 123.22266622441238, 73.5267647847332, 0.768796256799, -0.609086369896, 0.194848940309, -0.533121671692, -0.442167124165, 0.721297107633, 0.353176441322, 0.658408709172, 0.664653573662,  
34, 5, 6501217.781200282, 115.78048604615486, 184.40634270910994, 135.71544487911973, 62.01560371801746, 0.853372164814, -0.453814886358, -0.256530694537, 0.330590900545, 0.0906292687939, 0.939412578218, -0.403070223159, -0.886475258852, 0.227367567268,  
35, 5, 1249979.2181128766, 66.8248605420384, 169.28069477717864, 99.78339307620155, 17.66641721593099, -0.977410495352, 0.168062410188, -0.128155178818, 0.202852580599, 0.916182145169, -0.345631461847, -0.0593258301292, 0.363820427074, 0.92957793795,  
36, 7, 7849177.8621350005, 123.28545821950433, 152.84598403631256, 133.5861045926489, 91.77412294667569, 0.950687201514, -0.137676414533, 0.277919142482, 0.0191240015457, 0.920392171694, 0.390528517331, 0.309561169144, 0.365955537143, -0.877637981968,  
37, 8, 6427160.107845836, 115.33917389691723, 187.6163046323515, 121.49440867845912, 67.3137274871817, -0.506063153569, 0.850079587661, 0.14582448094, 0.208562878826, -0.0434440305563, 0.977043572101, 0.836900000105, 0.52485932482, -0.155309622927,  
38, 8, 15522592.31728961, 154.74806029978586, 209.85288624223497, 153.91074724299344, 114.7338980004953, -0.629824193139, 0.693966308452, -0.348901488202, -0.00676977207693, 0.444266861672, 0.895868922224, 0.776708218009, 0.56660190465, -0.275112023954,  
39, 8, 6086142.467348806, 113.26207184017079, 199.79380289687316, 120.66111919583098, 60.27040951258156, -0.839659635471, 0.413876814346, -0.351678374522, -0.072617013201, 0.556156978886, 0.827898655773, 0.538236440567, 0.720690916679, -0.436928068065,  
40, 10, 5740853.825707564, 111.07831758542808, 173.26256070493125, 126.88418657824337, 62.34127082072563, 0.426278905556, -0.815262685538, 0.391960518735, 0.118296619668, 0.479820945233, 0.869354801155, 0.896823396469, 0.324220008766, -0.300980367237,  
41, 6, 1834474.2151352281, 75.94065421172417, 132.88464835160357, 130.20858388688728, 25.3109575448593, -0.774054869659, -0.162313148739, 0.61195874085, 0.491535790878, -0.763276979891, 0.419286081638, -0.399038375401, -0.625350056941, -0.670600985118,  
42, 6, 2654031.7531055873, 85.88932079635808, 156.69852584717546, 94.50209670241438, 42.786932319586604, -0.076501719343, 0.919284300205, 0.386087894572, 0.74649000031, -0.20389302541, 0.633387964541, 0.66098424064, 0.336666020837, -0.670638370539,  
43, 9, 7743963.562575592, 122.73211844249053, 195.9674013476439, 128.98711015738812, 73.13824669485584, 0.747691439152, -0.543412978876, -0.381654092352, -0.570255474025, -0.819928032102, 0.0502664551882, 0.340244333037, -0.180056537127, 0.922937396183,  
44, 13, 10637755.148632873, 136.43332399013389, 213.44392976634245, 122.07887082937503, 97.46239261746325, -0.71002213739, 0.702774382188, -0.0444604561021, 0.682230643596, 0.702159589815, 0.203797103436, -0.174441719078, -0.114368169394, 0.978003071812,  
45, 7, 2747943.904739694, 86.89065770589188, 209.80009296650226, 78.1351071410265, 40.01910441689553, -0.772203113026, 0.520044391422, -0.365042714192, -0.110712388181, 0.455610929925, 0.883267483629, 0.625655751462, 0.722476651169, -0.294248821882,  
46, 8, 6053827.701115469, 113.06125858257634, 241.88787987913676, 110.32132276461257, 54.158656022085744, -0.879327580319, 0.422307759692, -0.220088987897, -0.0786886964964, 0.326958680565, 0.941756927369, 0.469671263262, 0.845431355763, -0.254272938315,  
47, 10, 15729487.023414634, 155.43255406559936, 224.5729427360823, 134.06512085635194, 124.7247712900029, -0.64098172677, 0.732894644922, -0.22805233038, 0.742325791171, 0.667470102121, 0.0586181075952, -0.195179009399, 0.131715990751, 0.971882735761,  
48, 5, 9726975.090016706, 132.42289094315262, 243.85969611979027, 113.73997071100855, 83.72131748539292, 0.689359848548, -0.684819272432, -0.236232011624, -0.419254789131, -0.643091200663, 0.640826910655, -0.5907693467, -0.342718939855, -0.730435012348,  
49, 10, 8086912.19259167, 124.51778103811775, 168.1475482913174, 117.58389137235821, 97.64629063971056, -0.0353197336582, 0.968655366307, 0.245884724492, -0.965608913256, 0.0303389367479, -0.258222724711, 0.257588709098, 0.246548839464, -0.934270692414,  
50, 7, 5954171.73579992, 112.4374314310358, 238.87433114385428, 122.27933012951462, 48.6642699507407, 0.74563529972, -0.653710863908, -0.129190193977, -0.545503648461, -0.487479688877, -0.681754591072, -0.382692787137, -0.578814011009, 0.720083725224,  
51, 6, 2154926.948515196, 80.12744861256779, 226.55862481034953, 92.05860820472282, 24.66601199648885, 0.430184211548, -0.847284553757, 0.311529178569, -0.721587528569, -0.530098874532, -0.445316316603, -0.542450903537, 0.0332275214935, 0.839430133523,  
52, 8, 4255116.518226505, 100.52504646938425, 197.06244016562835, 122.94629677982132, 41.927941363447374, -0.318717388234, 0.939503624239, 0.125507635144, 0.947753897106, 0.317762481299, 0.0280990390955, 0.0134824684976, -0.127906002677, 0.991694649336,  
53, 13, 12340560.69487795, 143.35585249341239, 227.91083014680189, 132.61005766520702, 97.47760634858858, -0.610745755427, 0.791824838171, 0.00174581892207, 0.78483810781, 0.605646132442, -0.131232262752, 0.104970313695, 0.0787793622317, 0.991350112387,  
54, 8, 3678764.6119706235, 95.76448194308482, 225.99575572142396, 100.28064096057436, 38.75216821359649, 0.866853114657, -0.109687920885, 0.486347856602, -0.418171730605, -0.691132856429, 0.589463975564, -0.271473905435, 0.714355608067, 0.64497905694,  
55, 11, 8997175.931613758, 129.02460390580387, 251.25443429994553, 104.98415347038161, 81.42919053218581, -0.716321678871, 0.696657614983, -0.039388067541, -0.306043936495, -0.262950529995, 0.914983129741, 0.62707285168, 0.667476730876, 0.401565003985,  
56, 6, 3213136.321181231, 91.5405492790465, 218.7332059652666, 93.68643834100963, 37.43252255049123, 0.814150182549, -0.570728211922, -0.106905511423, -0.399723758812, -0.684423729399, 0.60974181034, 0.421165521971, 0.453688733332, 0.785357330361,  
57, 7, 6184565.770404432, 113.8693568522316, 222.2023436883999, 93.17475173967719, 71.31382377349883, -0.801727769888, 0.522325493788, 0.290531687651, -0.259402096797, -0.742006011339, 0.618172816706, 0.538463680454, 0.420241784781, 0.730379153013,  
58, 26, 9364968.339518623, 130.75929430157265, 198.99575718416702, 139.40785827440033, 80.59101623135237, -0.851583072358, 0.483830040043, -0.201778995998, 0.494133895358, 0.869385446571, -0.000799217660584, -0.175037037032, 0.100386441525, 0.979430752032,  
59, 7, 9214753.553390918, 130.0563930107962, 273.646691968405, 122.69749483077081, 65.51929522896212, 0.787207799868, -0.542375769019, 0.293483227814, 0.373871344618, 0.798211028859, 0.472312789454, -0.490432561623, -0.26208334283, 0.83113670591,  
60, 5, 2026837.4579191215, 78.50731133478143, 241.33855648517252, 109.84977235743783, 18.251747019072287, 0.244659000381, -0.945243626417, 0.216001065392, -0.720153214572, -0.326314883604, -0.612289101879, -0.649246733588, 0.00575182198307, 0.76055610935,  
61, 6, 1341801.4442430392, 68.42264866947795, 212.3730448818305, 124.86322804979459, 12.079965487707918, 0.683623107209, -0.663053001788, 0.304992072207, -0.241756549916, 0.188570971876, 0.951837569724, -0.688631409291, -0.724431988102, -0.0313859324,  
62, 7, 1449426.652785723, 70.20518874237008, 248.3856862321128, 51.16014369054845, 27.230104820736138, -0.74601354367, 0.489177138824, 0.451851213912, 0.340354162808, -0.303126839648, 0.890097277237, 0.572383469817, 0.817814065627, 0.0596432522776,  
64, 6, 3094384.940716347, 90.39864271773867, 268.57570051712173, 69.98042398459023, 39.304515123135666, 0.352088792695, -0.935024015533, 0.0419949096262, 0.595371456822, 0.258359589048, 0.76077799071, -0.722195479396, -0.242858833735, 0.64765212608,  
65, 9, 7958262.566987517, 123.85395655093413, 227.97527734334435, 114.4315329900877, 72.82763143400435, -0.793924202628, 0.605284737777, 0.0575738369044, 0.598077430075, 0.760385298884, 0.253214503684, -0.109488575281, -0.235466735346, 0.96569543254,  
66, 9, 9568509.248348732, 131.6998328870307, 189.04047341026555, 123.07281540526033, 98.18355205985733, 0.78783864247, -0.612580393034, -0.0636830864545, -0.2774479163, -0.445325171602, 0.851297918051, -0.549848094633, -0.653016656455, -0.520803532267,  
67, 7, 6286470.99223416, 114.49137440732167, 204.98791068650755, 104.20809775671921, 70.25683630111793, 0.648198636499, -0.614706393266, 0.449415818278, -0.604876170331, -0.0571391352773, 0.794266918476, 0.462561721511, 0.786683652618, 0.408858758614,  
68, 7, 11608480.870761083, 140.46310363848465, 262.6629124427098, 105.78622091833269, 99.73760206406357, 0.741534343656, -0.662545077164, -0.105644866912, -0.529273670817, -0.674454648701, 0.514762380352, 0.412305952611, 0.325798937339, 0.850798950323,  
69, 5, 5776399.799379962, 111.30710270100029, 198.88600559943103, 126.00588948142122, 55.02671221795636, 0.473551472651, -0.779168611596, -0.410664434124, 0.50310415346, -0.143410004601, 0.852243968211, -0.722935137839, -0.61018836869, 0.324090945868,  
70, 9, 7232542.218726792, 119.96856277986775, 250.66419952103152, 94.92014524087782, 72.56908758194672, -0.619689714051, 0.770273930524, 0.150541456931, 0.320518397175, 0.0732857991918, 0.94440306475, 0.716416509701, 0.633488171628, -0.292301421542,  
71, 7, 8044505.670659827, 124.29974879547312, 241.55579162748307, 127.45797516746423, 62.37725846696721, 0.555142879995, -0.824968534109, -0.106034430827, 0.420186177872, 0.168139577376, 0.891724541798, -0.71781610369, -0.539588732508, 0.439981864438,  
72, 9, 11494285.027692663, 140.0009935167024, 231.21648685089988, 124.2473339712807, 95.5184961270224, -0.631795159688, 0.741847151556, -0.224716888381, 0.771726257508, 0.574843384625, -0.272017768953, 0.0726185903714, 0.345279433042, 0.935686193897,  
73, 7, 14251224.297305861, 150.40231536267459, 223.48476915467455, 184.20326059770642, 82.64533075274146, -0.606259780044, 0.781757608439, 0.145959311962, -0.712462036144, -0.452364155796, -0.536436871967, -0.353336845171, -0.429210568601, 0.831222811072,  
74, 6, 8883279.195075626, 128.47784226632402, 247.7370969762729, 118.68654484776899, 72.1260537862728, -0.697040876153, 0.716270058352, -0.0330336265087, 0.116784811402, 0.158863177982, 0.980369215402, 0.70745694201, 0.679499591015, -0.194383592447,  
75, 6, 6332289.276027034, 114.76885415507103, 190.85918485224326, 159.27958571243815, 49.72776666991958, -0.740678296629, 0.664159596487, 0.101428256893, 0.621859968852, 0.620551019256, 0.477709756693, -0.254334111047, -0.416903421543, 0.872642937898,  
76, 8, 9225178.656019785, 130.1054209182089, 146.034897356173, 132.46032147910796, 113.85280156649516, 0.413023685879, -0.402302642775, 0.817045909676, -0.780588240993, 0.305767332283, 0.545149829435, -0.469141165244, -0.862936221354, -0.187743561669,  
77, 7, 13403025.36454125, 147.35721674410615, 198.3012352804401, 176.91974872167782, 91.20370826430849, 0.908727142779, -0.232387418952, 0.346714677349, 0.109776534191, 0.934494131328, 0.338629341692, 0.402696029925, 0.269660538504, -0.874710867348,  
78, 9, 4058667.9976622458, 98.95360923104313, 151.7446778468563, 98.1308620262829, 65.06925523632863, 0.67047028541, -0.565778701166, 0.479962558634, -0.540480873731, -0.815632493698, -0.206455952578, -0.508281439278, 0.120988001599, 0.852649917583,  
79, 5, 6063211.433233113, 113.11964527164325, 157.28017284719033, 117.54605556296335, 78.29464614303218, -0.0367763635085, 0.664122452521, 0.746718733623, 0.701551657842, -0.514978381929, 0.492567292381, 0.711669003446, 0.541976599312, -0.446977175404,  
80, 7, 8099857.263701456, 124.58418595595535, 204.74339495299523, 121.32361049884074, 77.84550316382517, 0.397140808623, -0.917716990936, -0.0086430708245, 0.624584157188, 0.263363743973, 0.735210288931, -0.672438702572, -0.29738033376, 0.677783983564,  
81, 8, 10347376.33803536, 135.1804471001725, 207.5996272693047, 120.56761597103251, 98.69255505161259, -0.957948918999, 0.286888083681, -0.00539407355691, 0.0229331374824, 0.0952876053412, 0.995185582429, 0.286020873002, 0.953213249861, -0.0978599023957,  
82, 7, 6150303.240769362, 113.65868837500194, 194.59049679728386, 137.92799074750667, 54.70586423503493, 0.493957019777, -0.867893969855, 0.0525977157458, 0.578364573433, 0.373137420057, 0.725439787956, -0.649230993415, -0.327915420256, 0.68627297364,  
83, 9, 8883936.490800273, 128.48101098558587, 211.6202930619527, 115.02204151606564, 87.1321544927471, 0.73391768923, -0.622863106117, -0.270936111424, -0.277160445968, -0.638780622409, 0.717733518533, -0.620118466606, -0.451664551934, -0.641445414592,  
84, 8, 2973834.678468829, 89.20915055923818, 143.97788317897587, 79.84754104748521, 61.75482307418239, -0.304545209732, -0.573288388123, 0.760652771817, -0.105045942926, 0.813931122768, 0.571385576703, -0.946687680866, 0.0941092526401, -0.30810044379,  
85, 8, 5305105.391935847, 108.19365745946922, 206.76955915132834, 91.54961920032639, 66.90556811459214, 0.50691110773, -0.834459524638, 0.216144466968, -0.422633254411, -0.0220545130958, 0.906032411516, -0.751280414444, -0.550627732858, -0.363850022236,  
86, 6, 4684579.267213152, 103.79919710671528, 215.7194545864282, 139.36334805778986, 37.20009918843645, -0.928746535854, 0.0379674811961, 0.368765972551, 0.0881297978301, -0.943611233518, 0.319109665654, 0.360087504468, 0.328871267141, 0.87302959788,  
87, 9, 9088562.883224996, 129.45998003495487, 220.96838713677852, 136.52356673356894, 71.92317246790543, 0.512858090649, -0.855387733358, -0.0727214169065, -0.283269013412, -0.248584363859, 0.926263720592, -0.81039203161, -0.45444211916, -0.369793341527,  
89, 21, 8642941.913905853, 127.30857636797256, 205.58659252045814, 105.57455775177962, 95.06462200465413, -0.789778135403, 0.600471204339, -0.125239089742, 0.546360163559, 0.781459653539, 0.301349268402, -0.278820853803, -0.169573413748, 0.94525329348,  
90, 8, 5662703.642095934, 110.57197698888126, 191.16378786762542, 114.10481216196506, 61.976298735429076, -0.893647989366, 0.436769948149, 0.10307901579, 0.437195699932, 0.79549841566, 0.419573820255, -0.101258041969, -0.420017003318, 0.901849502889,  
91, 9, 6071664.592509044, 113.17219027223132, 178.94132515750428, 103.36873829998004, 78.36448766785553, -0.954830044424, 0.283840806806, 0.0879430648584, 0.297136438725, 0.915080445873, 0.272649434922, 0.00308594341864, -0.286464961161, 0.958085749284,  
92, 7, 10707352.317794703, 136.73021433377292, 198.81281179077726, 149.71194464267037, 85.88012436367521, 0.151449776571, -0.988051671371, -0.0285807606015, 0.612236950327, 0.116466298262, -0.782049562383, 0.776034072597, 0.100943033782, 0.622560536895,  
93, 8, 9892852.356849968, 133.1714022585773, 194.0389306939127, 129.1193989909104, 94.2654510181833, 0.8090786156, -0.500971200729, -0.307277805608, -0.242285768468, -0.760676544353, 0.602219894448, -0.535433842951, -0.412794199222, -0.736825317773,  
94, 5, 5216603.889605068, 107.5886398611884, 177.24890271690936, 96.81652358668676, 72.57151875758568, 0.841484581289, 0.503430519731, 0.196115810828, 0.397525516184, -0.822739168002, 0.406292659813, -0.365892283926, 0.263927969792, 0.892448801515,  
95, 7, 4278922.517455165, 100.71216630629505, 197.80836082004146, 124.2654126740181, 41.557642483135616, 0.782230694195, -0.54553459482, -0.300844057469, -0.142627973374, -0.626898471392, 0.765934440914, -0.606442414637, -0.556228651205, -0.568187720131,  
96, 9, 9156738.80626851, 129.78287949806796, 177.9719397052688, 165.16816610538777, 74.36598528609484, 0.509168916912, 0.605853432909, 0.611300770393, -0.855185582293, 0.436169896694, 0.280024000856, -0.0969774916561, -0.66535512251, 0.740201274696,  
97, 8, 5946717.933036258, 112.3904931139089, 186.47269107267113, 118.56762122414247, 64.21069709776488, -0.571673033212, 0.761676417928, 0.305022913026, 0.789803667621, 0.410150662366, 0.456055479928, -0.222261354514, -0.50162283494, 0.836046901649,  
98, 7, 7775132.245765967, 122.89655954334081, 222.37609888356693, 130.29795880769234, 64.06096194963155, 0.59020014446, -0.648889493374, -0.480214759111, -0.737927086594, -0.674862150273, 0.00496920520177, 0.327303229972, -0.351430652502, 0.877136871948,  
99, 5, 2042230.299267593, 78.705551903797, 228.09370871270403, 83.17114979656186, 25.699820724911373, 0.361393163605, -0.93191599466, -0.0304558729306, 0.613586422828, 0.213098005753, 0.760329495459, -0.702073132246, -0.293465191872, 0.648823163996,  
100, 8, 5821890.394320663, 111.59852945076683, 151.3757222852037, 137.82785582273908, 66.61655767761319, -0.665073822595, 0.625985200358, -0.407209208431, 0.474177025154, 0.77524869727, 0.417307567864, -0.576916769833, -0.0844510882883, 0.812425414652,  
101, 8, 1330873.1551641165, 68.23638620951209, 170.89874095095314, 47.474227763790196, 39.16077549876136, -0.709627335779, 0.265902109667, 0.652476139326, 0.393511435102, -0.618588336436, 0.680071481882, 0.584446571347, 0.739354135783, 0.334331672358,  
102, 7, 6955195.746199891, 118.41505362113593, 219.42794536889102, 106.53009700006902, 71.03240004686249, -0.732038515652, 0.569778117492, 0.373460183191, -0.148055121453, -0.668141394135, 0.729154824749, 0.664980670857, 0.47847672281, 0.573463802795,  
103, 9, 6146887.27118744, 113.63764190460924, 170.1570254072772, 96.71797497498447, 89.16810959348688, 0.416979569853, -0.750660059658, -0.51248171983, -0.708048832564, -0.62180872818, 0.334695019778, 0.569907789936, -0.223301098057, 0.7907855149,  
104, 5, 3252970.3248709207, 91.9172799467594, 175.0363265347982, 94.16782299032131, 47.11517098530478, -0.0888109962727, 0.299582729358, 0.949927784209, 0.993136714176, 0.0995033524999, 0.061469909681, 0.0761056758459, -0.948867362233, 0.306363599327,  
105, 6, 9448371.660042915, 131.14632331708125, 180.71457443062852, 114.8491359258828, 108.67945391766315, -0.773386202151, -0.328809885234, 0.541994318876, -0.542486432048, 0.785633188796, -0.297470945988, 0.327997337437, 0.524084489405, 0.785972769629,  
106, 10, 12221612.73687851, 142.89377279593808, 209.00714057195637, 155.61622605853017, 89.7064987440391, -0.534264074095, 0.652061856933, 0.537937946109, 0.84152874187, 0.350089177255, 0.411420641893, -0.0799454547657, -0.672497511298, 0.735768864223,  
107, 10, 10118526.710229935, 134.17642748390432, 182.01765964494405, 120.83265049179546, 109.83249396414908, 0.69901649113, -0.7094735367, 0.0895725730929, -0.573005354843, -0.480762919466, 0.663725755556, 0.427832687449, 0.515280812751, 0.742593344679,  
109, 15, 8237562.108120983, 125.28623669455241, 191.1056617305873, 133.0192174246429, 77.3610134563957, -0.881930711186, 0.471045045213, -0.0177422108787, 0.102088475664, 0.227613597389, 0.968385250518, 0.460191442557, 0.852237417428, -0.248827692455,  
110, 6, 5569597.83665601, 109.96261925738995, 236.20318256460578, 97.62613992600126, 57.66115867436735, -0.696374104175, 0.677680732038, 0.236245491932, 0.651146383405, 0.458185139513, 0.605041126956, -0.301780540148, -0.575165370441, 0.760337623844,  
111, 9, 5245103.513699637, 107.78421210643927, 158.6653373864444, 100.7128686366999, 78.36072192112128, -0.639126519502, 0.766266374191, -0.0659782983463, 0.740682006394, 0.636345363744, 0.21553362486, -0.207141153499, -0.0888843170951, 0.974264912999,  
112, 7, 3723891.400250427, 96.15446724637496, 116.32843364128857, 102.52661721325268, 74.5393993986239, -0.63213565162, 0.521345885517, -0.573239030079, 0.520367182525, 0.833779953029, 0.184469469771, -0.574127610642, 0.181685050517, 0.798353323483,  
113, 9, 6039453.73073804, 112.9717049324718, 210.8706566510752, 129.28920165517053, 52.88477304660496, 0.170489372946, -0.894578968089, -0.413112386119, -0.937702767261, -0.0184898101443, -0.346946173334, -0.302732380136, -0.446527263191, 0.842001490048,  
114, 7, 8599533.097739398, 127.09508454076673, 215.7629729600178, 131.76754633408444, 72.21058885433554, -0.740567590551, 0.646742971767, -0.182436762454, -0.150405512866, 0.105071795691, 0.983024973971, 0.654933451218, 0.755435931248, 0.0194609417917,  
115, 6, 1810638.6807542106, 75.61031746901536, 160.28060129113535, 89.92082115966701, 29.991760367226117, 0.473415322564, -0.880067086029, 0.0368762315034, -0.641047176113, -0.315522838925, 0.699645521757, 0.604099702333, 0.354862314434, 0.713537866855,  
116, 6, 6306456.821348261, 114.61257565827711, 183.71983841968688, 122.84445829503795, 66.70911712447199, 0.595798842054, -0.736102635124, 0.321211223917, -0.276388086551, 0.187594625988, 0.942559219313, -0.754077824512, -0.650354646991, -0.0916813378879,  
117, 5, 892002.6356141397, 59.71624751152789, 195.913762034304, 144.27590589361682, 7.53388131339649, 0.501152729896, -0.842758909379, 0.19647738287, -0.827510481392, -0.533131270313, -0.176060932068, -0.253125155811, 0.0743536769474, 0.964572022308,  
118, 15, 6323400.9558254015, 114.71513056254594, 174.50607627930845, 111.11781561298598, 77.85165730885916, -0.693378461893, 0.594074060979, 0.407801812961, 0.0646582035526, -0.512362194682, 0.856331885529, 0.717666792666, 0.62012981829, 0.316849148921,  
119, 9, 9830746.455681939, 132.8921400953951, 244.70910686622784, 145.58949304846072, 65.8745589239698, 0.640546787826, -0.765358870175, -0.0626547081287, -0.386012393322, -0.391445052594, 0.835323412219, -0.663848058525, -0.510878234655, -0.546176880276,  
120, 7, 6996537.105984895, 118.6492081532697, 193.00074048485436, 96.1541842013354, 90.00515199135559, -0.644974172042, 0.733446317723, 0.214627156758, -0.196429023628, -0.430524240803, 0.880945240499, 0.738528236478, 0.526027924259, 0.421747159829,  
121, 6, 2360304.8484728616, 82.59615483536456, 214.25609441814612, 110.43868298595234, 23.813601741387767, 0.806501105969, -0.505769157192, -0.306191975245, -0.413000710298, -0.111353889634, -0.903897518835, -0.423067818871, -0.855451851887, 0.298690056311,  
122, 7, 13459624.090693519, 147.5643470547855, 204.80468550524895, 138.82876244451862, 113.01210935804646, -0.607755882693, 0.776677049269, 0.165546211646, 0.77624023952, 0.62500929788, -0.0825497917211, 0.167582450159, -0.0783335094462, 0.982741056279,  
123, 10, 9326957.877554182, 130.58214614078207, 210.7648626214169, 111.98025395143378, 94.34344882156704, 0.815902489821, -0.560219583833, 0.143028476162, 0.359204088597, 0.684974284587, 0.633863275628, -0.453073448614, -0.465794211368, 0.760105389283,  
124, 5, 3636616.98683673, 95.39735156006024, 178.66298425740163, 115.06468031632632, 42.23109425713774, -0.693974104744, 0.673889528733, -0.253520896593, -0.133095957993, 0.22597469234, 0.964997877919, 0.707591271788, 0.703426145012, -0.0671286124036,  
125, 7, 2108993.7235505157, 79.55403755061967, 252.3508077623036, 60.21770839208986, 33.13277066761419, -0.714453118406, 0.683436552839, 0.149904035449, -0.369591061468, -0.550546419612, 0.748532622626, 0.594103685297, 0.479388274883, 0.645931647329,  
126, 9, 7586459.468105181, 121.89433176293576, 294.8726090987907, 149.87426113217245, 40.98161272733456, -0.505863519184, 0.818617143339, 0.271970720097, 0.829655950122, 0.375402943837, 0.413211367445, -0.236163300252, -0.43467068269, 0.869073238124,  
127, 8, 4405583.6173558375, 101.6962517753396, 229.07008998704848, 104.5431137941745, 43.918856240383896, 0.663314806301, -0.728370239659, 0.171727288807, -0.351527796183, -0.100689093235, 0.930746966159, -0.660637325809, -0.677745158952, -0.322830951529,  
128, 8, 5088345.845826586, 106.69957040215999, 150.02613845753476, 106.64607030747474, 75.92350067748374, -0.728182545999, 0.678041980758, 0.100046249462, 0.0592413040637, -0.0831584432809, 0.994773914618, 0.682818165835, 0.730303872125, 0.0203864357996,  
129, 6, 169951.3022102387, 34.36201547651368, 299.77879006147805, 79.99934779291674, 1.6917981220380593, 0.809028772099, -0.55930626022, 0.180690213333, -0.474709053519, -0.803041178535, -0.360244611457, -0.346588748263, -0.205672975511, 0.915191164032,  
130, 8, 5230731.530384501, 107.68567640160062, 172.174504311688, 108.06567898758541, 67.11462888741649, -0.961054152606, 0.221326856503, 0.165497245747, 0.223478091602, 0.270098243093, 0.936538563889, -0.162580621026, -0.937049284546, 0.309040741648,  
131, 9, 7642557.20973721, 122.19404167087914, 235.09828675548115, 156.37521283616937, 49.62867849415042, -0.714924730838, 0.695978295764, -0.067058489861, -0.0346303391081, 0.0605436870257, 0.997564635287, 0.698343303003, 0.71550588662, -0.0191822147566,  
132, 17, 11386895.799466087, 139.56362645143, 220.43311070035608, 131.39594940747983, 93.85511162339849, 0.431628087033, -0.811911875259, 0.393060175161, -0.702227621379, -0.575937864851, -0.418535474725, -0.566192160187, 0.0953660455509, 0.818737903788,  
133, 12, 6962953.962810076, 118.45906619796335, 215.7538949509292, 111.98128205759728, 68.80196380399498, -0.67995610072, 0.732727243333, -0.0277576650943, 0.733232846383, 0.679170788283, -0.0331154545278, 0.00541240042487, 0.0428698871203, 0.999066003175,  
134, 6, 7556626.874742902, 121.73434492281716, 252.31775816981965, 108.31632206757011, 66.0081630614554, -0.417715441383, 0.87338406158, -0.250427815964, 0.898003953625, 0.354934014885, -0.260020661395, 0.138212551185, 0.333499814177, 0.932563759021,  
135, 6, 2627828.9419545904, 85.6057284906975, 254.72230013280029, 99.56361456360048, 24.73664859389973, -0.731461467174, 0.61757889053, -0.289068220341, 0.137284557722, 0.548624471774, 0.824720643116, 0.667919959464, 0.563566768841, -0.486081705896,  
136, 11, 10317717.511157429, 135.0511669783565, 183.71558603082315, 142.26632033095865, 94.24252698165301, 0.639738694707, -0.494451660732, -0.588431778283, -0.703337934401, -0.0679039871031, -0.707604973533, -0.309919590422, -0.86654867361, 0.391207417795,  
137, 5, 1841053.6002364808, 76.03133354011416, 241.4305650992154, 63.88374660599923, 28.496740926495924, -0.653017370547, 0.710144818145, 0.263177983551, -0.355491423041, -0.594259452523, 0.72144407353, 0.66872577482, 0.377557996007, 0.640512137077,  
138, 7, 11078959.815678567, 138.294038527741, 231.61187054910812, 120.6586709954334, 94.6435509636871, -0.809132091956, 0.543576620973, 0.223225703939, -0.0386120858604, -0.428237018693, 0.90284116136, 0.586356857718, 0.721898547549, 0.367488941948,  
139, 11, 8236678.410494522, 125.28175644065261, 163.49440942128356, 138.3912580810665, 86.90643525943729, -0.372046105212, 0.69514745199, 0.615103012177, 0.862567293343, 0.503705047553, -0.0475277763415, -0.342869304621, 0.512885216263, -0.787012957255,  
140, 10, 6933191.511670297, 118.29004466523038, 169.2237958616428, 111.28852217612732, 87.88864714105421, 0.667070306153, -0.744726878627, -0.0199770593231, -0.290250799817, -0.284494095681, 0.913683524383, -0.686128034593, -0.60369279089, -0.405935135671,  
141, 6, 10066732.678381724, 133.94709799743458, 213.76322408809042, 154.13462931144437, 72.94016029529011, 0.715182870889, -0.588701695552, 0.376754263203, -0.30247416188, 0.225257679901, 0.926157847799, -0.63009748657, -0.776330658482, -0.0169666177574,  
142, 7, 4409907.9822208155, 101.72951470760657, 189.35156910352973, 104.39559036671149, 53.258613394824565, -0.72650312251, 0.410776406785, -0.550868365957, 0.115516065278, 0.863254645079, 0.491373031833, 0.677384124147, 0.293349895822, -0.674608469392,  
143, 7, 5098042.06122559, 106.76730201124579, 206.29145070421714, 95.19314008108856, 61.976624933498705, -0.883602296002, 0.468227861997, -0.00310672659235, 0.434390581001, 0.822187971926, 0.367847471051, -0.174790748147, -0.32368133723, 0.929880952752,  
144, 9, 7851264.537632185, 123.29638224899233, 235.3176142019502, 106.0230745584966, 75.12702140584445, -0.685609577221, 0.456619058792, 0.566955503342, 0.725355991641, 0.494439190751, 0.478945270401, 0.0616294816806, -0.739614035695, 0.670203614725,  
145, 11, 5718059.9378491035, 110.93111154512215, 149.67868600128892, 129.38206008786486, 70.48976622498733, -0.806519823776, -0.566501843689, -0.169119587725, -0.568821836745, 0.665585175206, 0.483154315502, 0.161144320091, -0.485872447915, 0.859046257462,  
146, 7, 6513471.0296583, 115.85317994987606, 225.0939397251456, 112.41198169064673, 61.45361992014087, 0.731890616864, -0.681292804004, 0.0132755473994, 0.361264024961, 0.404465665438, 0.840176070685, -0.577775414167, -0.610121004961, 0.542151205929,  
147, 5, 5785462.151012729, 111.36528063729662, 181.62877354590984, 118.23420992200262, 64.31638754738934, -0.752202984779, 0.651103732489, 0.101264995083, 0.656395700954, 0.726937488515, 0.201758696366, -0.0577525190662, -0.218233401041, 0.97418623949,  
148, 5, 8621056.188492341, 127.20102827971527, 177.8703799675317, 127.26163809638197, 90.92236514683046, 0.585208920846, -0.617740799837, 0.525287371997, 0.270965701771, 0.759534802447, 0.591341248633, -0.764269656225, -0.203723312579, 0.611873111425,  
149, 7, 13052995.367172603, 146.06310373832775, 233.2322288384076, 126.90349673837862, 105.28328401492115, 0.536490545417, -0.816238071165, 0.21432056798, -0.60419262657, -0.548810988372, -0.57771772436, -0.589176683751, -0.180449190143, 0.787596930606,  
150, 8, 4129430.8815482142, 99.52538447920496, 174.96029002994462, 94.87072642204943, 59.39226337069835, -0.807847280181, 0.587948492757, 0.0412230732588, 0.589238291239, 0.807255490185, 0.0337166087219, 0.0134539229316, -0.0515280838995, 0.998580917366,  
151, 7, 10363758.060669499, 135.251747653484, 200.37377369855852, 137.35438311468562, 89.8970119073517, 0.677515479419, -0.734179082421, 0.0442023764425, 0.190028302785, 0.232785908176, 0.953781927432, -0.710536430655, -0.637802317251, 0.297230861152,  
152, 9, 11338314.722825395, 139.3648653329198, 235.838792898459, 113.6176782240705, 101.01799511040504, -0.606241626278, 0.774513230136, -0.180555661536, 0.794479858854, 0.600001279636, -0.0938094787834, -0.0356769455375, 0.200319047471, 0.979080913295,  
153, 5, 1826973.212777056, 75.83700794978733, 240.73219634465977, 63.55546478474519, 28.507326719576948, -0.403502671989, 0.897929655285, 0.175806506869, 0.847445820879, 0.439205252964, -0.29821858836, 0.344994455568, -0.0286544922888, 0.938167226937,  
154, 9, 7842123.1399797965, 123.24851144749455, 193.65003837594827, 152.46434365878312, 63.41020719595474, -0.710340558706, 0.702577306453, 0.0424431279937, 0.692354544223, 0.686602000255, 0.221862295893, -0.126733877675, -0.186983479758, 0.974153839261,  
155, 7, 10657386.03622648, 136.51719699350605, 181.37475396013403, 128.2482058699306, 109.37900122721214, 0.418849415639, -0.903875911775, 0.0870258762167, -0.737500319551, -0.282700296021, 0.613330107929, 0.529772069556, 0.321074568819, 0.785017627558,  
156, 7, 8411424.59514261, 126.16154018496793, 254.48353012241967, 120.86332355589833, 65.2870031323597, 0.723997152851, -0.640699713137, 0.255601252441, -0.459044808582, -0.170922234614, 0.871816180986, -0.514884439829, -0.748524860843, -0.417857088395,  
157, 11, 9646620.534972616, 132.05723362506023, 188.98565303313933, 166.90952751701258, 73.00903740297203, -0.913099972772, 0.240212773011, 0.329463599517, -0.310762041211, -0.933106752458, -0.180938504081, -0.263960969589, 0.267599723841, -0.926668761928,  
158, 9, 6697553.493618104, 116.9344634480273, 218.31965501773902, 106.23764214835134, 68.9376257474544, 0.751770204033, -0.643721103388, 0.143054889399, -0.46175275299, -0.359004280457, 0.811110548396, 0.470771659548, 0.67582473147, 0.567128712815,  
159, 7, 2630937.2423140006, 85.6394678091139, 127.01670824824068, 89.25954029306617, 55.3995682535952, 0.563813162527, -0.479922676712, -0.672152469414, -0.521421451393, -0.837982654804, 0.160949496038, -0.640495423706, 0.259729271791, -0.722707629396,  
160, 8, 7980644.835942343, 123.96995916507547, 197.35094387333527, 134.65884609069735, 71.6927563647492, 0.806486097481, -0.553680919303, 0.207406880719, -0.435929897694, -0.319851072632, 0.841225543854, 0.399431219194, 0.768851566257, 0.499321509849,  
161, 7, 5503877.747471802, 109.52839486647783, 166.0250131289155, 98.84513370011796, 80.06659378325158, 0.554638900261, -0.773932924144, 0.305619893401, -0.673275059569, -0.633239636158, -0.381717509895, -0.48895437873, -0.00594912796318, 0.872289071006,  
