# Void_ID, Void_Volume, r = (a*b*c)**(1/3.0), a, b, c, vector_a, vector_b, vector_c 

0, 7, 4021131.304744137, 98.64760560901064, 177.98567938058088, 91.52503654728307, 58.92976018399204, -0.553612774672, 0.832346835357, -0.0266766075618, 0.228112840548, 0.182375569418, 0.95640142391, 0.800922860017, 0.523390769263, -0.290834445953,  
1, 9, 4208507.22587468, 100.15665752450845, 190.3071436928281, 98.1968733378145, 53.76339893629078, -0.961055022554, 0.0182271107465, -0.275755355447, -0.212341396108, -0.687329230283, 0.69461475704, 0.176873896103, -0.726117278153, -0.664431579054,  
2, 10, 4379877.2979552485, 101.49806861033491, 188.16106292106343, 98.70790184318403, 56.29783013788632, -0.787672594705, 0.612561955686, -0.0658766574493, 0.58221673416, 0.705124702842, -0.404750327866, 0.201483393894, 0.357165233315, 0.912051225588,  
3, 8, 13286910.637003016, 146.93044759794185, 217.16984478396523, 143.6771955350432, 101.65951689716975, -0.396056161567, 0.657972590571, -0.640477624076, 0.895899282177, 0.429781842858, -0.112481303976, -0.201256038617, 0.618352357161, 0.759694918578,  
4, 8, 6909295.801909659, 118.15399004612428, 221.27407962128405, 135.01862403339476, 55.21040793804567, 0.578614156733, -0.814678863574, -0.038781527478, -0.223422342693, -0.204054528697, 0.953123395004, -0.784403030599, -0.542826029741, -0.300086299292,  
5, 8, 3570976.5004739715, 94.81989301702066, 185.44131789695507, 114.2562439584207, 40.2357346001228, -0.0887907529905, 0.667903347625, 0.738932554713, 0.988912307668, -0.0295435366158, 0.145532220444, -0.119032138208, -0.74366141333, 0.657874647936,  
6, 6, 4024281.8632396413, 98.67336236702353, 208.00337299513663, 112.23625858112898, 41.15249999544255, 0.909272837936, -0.398996395438, -0.11842627504, -0.316762316819, -0.478854585669, -0.818755104062, -0.2699713704, -0.781984758299, 0.561796490691,  
7, 9, 4367244.044699315, 101.40038812502615, 204.05543700149022, 142.53248116284206, 35.84733181028149, -0.214546656452, 0.976090585738, -0.0348841029509, 0.816111832113, 0.198775915162, 0.542632115744, 0.536592219185, 0.0879505769453, -0.839245784216,  
8, 6, 3662285.335170589, 95.62127338439069, 265.3537539046788, 73.82240260280336, 44.63239143217384, -0.552320680539, 0.798350711957, -0.239954175973, 0.713634162533, 0.60158737022, 0.358913524485, -0.430892269501, -0.0269958646816, 0.901999487458,  
9, 24, 13188223.305092337, 146.56577234982905, 219.04128159014587, 141.3594765561696, 101.68263280770665, -0.747203937081, 0.66365523172, -0.0353271824845, 0.615935446561, 0.671551985366, -0.411875535351, 0.249619314318, 0.329514285521, 0.910555068932,  
10, 6, 8815247.150764696, 128.1490215448494, 191.95161279017339, 137.42178155342302, 79.78082882302857, 0.805804139171, -0.592075038972, 0.0112622165313, 0.220225559855, 0.317268997724, 0.922410475802, -0.54970937056, -0.740801951476, 0.38604672853,  
11, 8, 6853106.490834244, 117.83282513662913, 213.90198625962194, 143.22711306166914, 53.40215899937926, -0.715735674477, 0.683032270104, 0.145565663112, -0.0249584237199, -0.233319950526, 0.972079666371, 0.697925154559, 0.692119006156, 0.18404282097,  
12, 7, 9498320.464689337, 131.37701889270573, 186.88468305761916, 155.09364105266093, 78.23309444340897, -0.725694501468, 0.382754786469, 0.571722191256, 0.676086955817, 0.550790155135, 0.489424798289, 0.127569270255, -0.741706800859, 0.658480905453,  
13, 7, 8850216.43975547, 128.31824983401776, 218.1983404940943, 160.1411686027758, 60.46594517698385, 0.434153467607, -0.875461581256, -0.212315299284, -0.859130327754, -0.47327277288, 0.194699672276, 0.270935133378, -0.0978769748007, 0.95760861071,  
14, 7, 6007174.963091457, 112.77008055196472, 224.80596880213912, 123.0085542390796, 51.860717365639985, 0.559016789987, -0.823716054601, 0.0948266307781, -0.760567866286, -0.463864712599, 0.454275301088, 0.330207130882, 0.326069608823, 0.885800124699,  
15, 7, 4885456.462492875, 105.26213619170201, 165.80525896014325, 125.03492080354422, 56.25834000432967, -0.206711727685, 0.712901451931, 0.670105798715, 0.730586517923, -0.343088047213, 0.590367624187, 0.650779226363, 0.611606173689, -0.449915866402,  
16, 16, 8939893.836709566, 128.75020149639914, 193.1121858565687, 144.99464369863853, 76.22231122483943, -0.695848466937, 0.58796617478, 0.412420523708, 0.717517236719, 0.59396894551, 0.363826753801, 0.0310471588581, -0.5490871234, 0.835188245154,  
17, 10, 7912520.603747175, 123.61620733006114, 194.38984240858053, 131.83893485298415, 73.70704348936894, -0.565830354816, 0.691519874541, -0.44903927744, 0.0824948025843, 0.589353367163, 0.803652422481, 0.820384432517, 0.417687528816, -0.390520820387,  
18, 8, 7241634.10739349, 120.01881178188012, 184.2399680287052, 131.91778806159937, 71.1313020086773, 0.756268973067, -0.649181333516, -0.0813685233388, -0.574588779989, -0.599540408285, -0.557134663025, -0.312897705786, -0.468097100021, 0.826426119303,  
19, 21, 8831112.473356655, 128.22585459852743, 193.41118732812217, 137.25635529488082, 79.41686756533669, 0.616583699958, -0.767402374403, 0.175835538804, -0.554476147765, -0.264726465055, 0.788971545912, 0.558910317051, 0.583963607137, 0.588732335645,  
20, 6, 7648322.1014832705, 122.22475819481892, 175.93364674519017, 107.87592201415362, 96.2064378599858, -0.966528561543, 0.0977316023736, 0.237215247441, -0.00258388288186, -0.928264144509, 0.371912626257, 0.256546025637, 0.358851239258, 0.897446335339,  
21, 13, 8877238.480777932, 128.44871361138516, 205.15810136012365, 126.26164369725133, 81.81429036234854, -0.748882497241, 0.661766669546, -0.0352119355407, 0.621328844604, 0.682656256441, -0.384617865425, 0.230489635752, 0.309911778769, 0.922404042267,  
22, 5, 4825791.520954659, 104.83186582987449, 175.77414377079094, 92.63635820667173, 70.75277568672607, 0.296947823439, -0.856591519172, -0.421986918561, -0.836816107113, -0.0205731455743, -0.547097384893, -0.459957381755, -0.515584828096, 0.72291873126,  
23, 10, 6737733.877522263, 117.16783757184746, 249.70424738149396, 80.53655933497228, 79.98457523041766, -0.759893440505, 0.637170361636, 0.128747385724, 0.643667347183, 0.765210824144, 0.0120308263753, 0.0908532071437, -0.0920126342719, 0.991604442248,  
24, 5, 5419644.311165599, 108.96676519178695, 250.21573629068703, 95.33641155218407, 54.23863547662078, -0.0632769234792, -0.949639764613, -0.306888169244, 0.22146493668, -0.313198859623, 0.923504063961, -0.973113206557, -0.00952847298142, 0.230130170613,  
25, 5, 2379105.3661688897, 82.81487596805648, 107.09593548376522, 81.87566784427992, 64.77347889335363, -0.885609630679, -0.310756369616, 0.345146433839, -0.457416904431, 0.7122886572, -0.532367020357, 0.0804074473469, 0.629345173626, 0.772954911262,  
26, 10, 8185504.799986749, 125.02176316388146, 238.53574327089606, 130.36767406452475, 62.83960928993442, 0.674391688032, -0.723136111643, -0.149231414761, -0.48334815672, -0.585141094192, 0.651140890502, -0.55818492501, -0.366993275042, -0.744140796869,  
27, 6, 9052218.6112229, 129.28718357483683, 189.50227506465458, 155.20199913882888, 73.47755305467716, -0.238466709086, -0.858674808593, 0.453664194912, -0.961956877994, 0.272978476837, 0.011032500307, 0.133313891012, 0.433774508554, 0.891104417109,  
28, 7, 11324167.254934248, 139.30687668628798, 228.07401029918364, 124.37468206058799, 95.30372668979328, -0.735232772307, 0.658942964094, -0.158829910903, 0.621883651262, 0.56257349124, -0.544767648862, 0.269617311793, 0.499304753658, 0.823408324075,  
29, 6, 2700087.306571314, 86.38328841444134, 232.48846997171083, 92.34810718785808, 30.023393624680075, -0.43179868765, 0.762805137112, -0.481329633557, -0.260260548695, 0.405574043241, 0.876227220669, 0.863605430817, 0.503624878501, 0.023401743916,  
30, 6, 1209314.206536086, 66.0921959580491, 143.66028876014371, 61.589044379804534, 32.62949443857496, -0.771931445858, -0.0263872214195, -0.635157899613, -0.625364658921, -0.147962317745, 0.766176347781, 0.114196699896, -0.988640919178, -0.0977151301468,  
31, 13, 6323453.424275512, 114.71544784478586, 182.4157452173019, 112.48435869122802, 73.57177879927852, 0.348837315666, -0.888413699691, 0.29838502878, -0.451415320283, 0.119735534956, 0.884244089764, -0.821301854261, -0.443152908001, -0.359275332186,  
32, 5, 390983.0854512179, 45.36174853705943, 142.22316939689105, 79.56060784951258, 8.248992622617592, 0.755314734267, -0.22804366807, -0.614406817713, -0.522427630255, 0.356526518058, -0.774569695423, -0.39568803791, -0.90602700146, -0.150153419141,  
33, 15, 7807056.854879313, 123.06453383498031, 158.5799122016518, 121.88142369076967, 96.43019415986014, -0.50251993233, 0.844801483095, -0.183804710961, 0.858763714106, 0.463148615075, -0.219130654379, 0.0999930044849, 0.267962337865, 0.958226270011,  
34, 7, 8980572.999736093, 128.9451898847728, 176.86660094798344, 172.83287578281357, 70.13636477679113, 0.56882445286, -0.817805711991, 0.0873645194791, -0.818104966716, -0.551696364167, 0.162281807977, -0.0845163017622, -0.163783207932, -0.98286929728,  
35, 8, 6166275.285593004, 113.7569920622812, 167.83818107620422, 132.95979155369508, 65.96646475712008, -0.944504981567, 0.041024503904, 0.325925344019, 0.243048064389, -0.580200964421, 0.777363801114, -0.220993163222, -0.813439506641, -0.538031774939,  
36, 9, 7032685.737717818, 118.85319673611778, 183.93066190954173, 108.51665790769326, 84.11666737952201, -0.762543650256, 0.196108344426, -0.616497119783, -0.0214030136678, 0.94477900717, 0.327008468725, 0.646582626166, 0.262553127687, -0.716237923236,  
37, 5, 1481457.5797044944, 70.71858087493617, 257.3394643162532, 45.50908040083254, 30.199250086884273, 0.728676740882, -0.604533152234, -0.321822738706, -0.44944049708, -0.776678106703, 0.441332480283, -0.516752790881, -0.176948541722, -0.837648951948,  
38, 6, 8206536.636167466, 125.12874856021567, 218.3425861107464, 130.3689978140545, 68.8269502870329, -0.548983631396, 0.797804846445, -0.249247666886, 0.833073238658, 0.498062887576, -0.240670602798, 0.0678671606183, 0.339765782576, 0.93805823993,  
39, 10, 13909535.234856494, 149.1905574023491, 220.72273693518912, 138.63242720362143, 108.52058092888971, -0.803353296835, 0.594734396089, -0.0302403467753, 0.563659033811, 0.775797395262, 0.283596359476, -0.192124891846, -0.21078282571, 0.958466810233,  
40, 6, 10511755.818392899, 135.89251976343408, 216.89684629914922, 153.2332633916804, 75.50580923036324, 0.697374000138, -0.710575416977, -0.0935525559165, -0.625337302009, -0.539486691869, -0.563832748262, -0.350175331294, -0.451704201977, 0.820573306457,  
41, 9, 9088614.394974984, 129.46022461698658, 194.39112862395328, 141.52853376351902, 78.86578308368027, 0.75751529932, -0.123646120474, 0.641000942423, 0.15119102433, 0.988431833707, 0.0119910081753, -0.635068378569, 0.0878302169341, 0.767446419977,  
42, 8, 3320804.415648142, 92.55180566979476, 149.23291689935664, 88.01149689107477, 60.360197660808566, -0.0298997674652, -0.885074494841, 0.464488043428, -0.353583775157, -0.425284555803, -0.833133579051, 0.934924872838, -0.189145936191, -0.300232071856,  
44, 6, 3980112.268557733, 98.31102808565561, 212.79447603399558, 149.13609813907726, 29.940812874168675, 0.501720131767, -0.771664315087, -0.390910596173, -0.698191572252, -0.094452918971, -0.709652854947, -0.510691137397, -0.628977607645, 0.586158452353,  
45, 5, 4657857.563198101, 103.60145739358884, 211.29222898375565, 119.56002845733585, 44.017772353416426, 0.481811206873, -0.875231701368, 0.0427484485327, -0.602506972304, -0.295465275304, 0.741407863065, -0.636272983283, -0.382974855585, -0.669691683339,  
46, 9, 3927368.163569852, 97.87482577598692, 227.11727660285678, 102.14708187763246, 40.414468329305976, 0.823804466071, -0.557450129822, 0.102934709609, -0.490610745136, -0.610155791658, 0.622102087011, 0.283984679936, 0.562991352213, 0.776140089735,  
48, 9, 10672923.246247167, 136.5835067627322, 258.3168733100729, 148.4217653281958, 66.45756257110594, -0.695543129157, 0.699428003562, 0.164378293323, 0.715200741972, 0.652152785765, 0.251365555916, -0.0686123470287, -0.292399062673, 0.953831816403,  
49, 7, 5172313.54962694, 107.2832887638431, 195.83804504491923, 153.5632787164212, 41.05932388899347, -0.73616040448, 0.676647331644, 0.0147053546039, 0.670163398, 0.731798885944, -0.123900809171, 0.0945985140304, 0.0813558793843, 0.992185638897,  
50, 6, 10165032.009239804, 134.38167408190836, 203.8850278935826, 132.9124507175921, 89.5507320561138, -0.189977914544, 0.912445788406, -0.362423888845, 0.981637940026, 0.1829946475, -0.0538508466803, -0.017185653529, 0.36599951121, 0.930456345621,  
51, 9, 3937363.0092879413, 97.95778337528508, 192.3756597923099, 76.77161272920559, 63.64525946968482, -0.801449553582, 0.594292402062, 0.067045909015, 0.580746359572, 0.800119857569, -0.150139532992, 0.142871546878, 0.0813925941071, 0.986388851679,  
52, 10, 2654008.5200238237, 85.88907017395651, 151.07846549049293, 88.84220179757811, 47.20541555730684, -0.634845996041, 0.256620753321, 0.728777298134, 0.735861012468, -0.0867274286282, 0.671555599673, -0.235540084995, -0.96261318404, 0.133778646548,  
53, 7, 5674827.468662877, 110.65083213094458, 211.8640907579643, 124.8421598955236, 51.22069011605752, 0.876606856493, -0.320251584434, -0.359164783654, -0.366598776298, 0.039038454956, -0.929559753997, -0.311714222272, -0.946527824051, 0.0831824616795,  
54, 6, 9309280.394801406, 130.49959605462416, 202.8364944374731, 129.5208117260847, 84.5944455704701, 0.395457008152, -0.894784328759, 0.207303544857, -0.457438323254, 0.00384893507254, 0.88923302127, -0.796469669932, -0.446482016106, -0.407786554673,  
55, 8, 2358655.5319687873, 82.5769117074596, 231.4716821495274, 107.85072057767267, 22.55563152262496, 0.730351689986, -0.660128181253, -0.175548264729, -0.553967445535, -0.722774648891, 0.413178988101, 0.39963292935, 0.204517948446, 0.893569208591,  
56, 9, 10181798.076784179, 134.45551594284603, 189.22668943457697, 131.4751665368524, 97.70341633742083, 0.574071557252, -0.816790167333, -0.0574079236861, 0.48685764722, 0.284128558879, 0.825978567139, -0.658339941442, -0.502120288952, 0.560770663396,  
57, 17, 8596768.530361403, 127.08146362362838, 213.00513751114968, 130.78878372079765, 73.66921543092924, 0.68858210218, -0.721214136987, 0.0755305048775, 0.447403579035, 0.50449629539, 0.738453468679, -0.570687941018, -0.474693223617, 0.670060905761,  
59, 7, 10075347.988322252, 133.98529863160925, 269.3360728199738, 116.67551881349408, 76.54153747763002, -0.601854688465, 0.792347600754, -0.0997808275753, 0.792168958488, 0.576494271432, -0.200306505672, 0.101189303689, 0.199598683826, 0.974638953784,  
60, 8, 3115724.074208217, 90.60596570275172, 163.73605332493423, 80.88974551736575, 56.160710507516384, -0.943702632455, 0.275766321704, 0.182697228528, 0.323075692445, 0.649738775765, 0.6880854745, -0.0710453267214, -0.708373107254, 0.702253588435,  
61, 9, 3899570.7399994778, 97.64336354437437, 179.40636206097753, 90.67373928625622, 57.228034197272336, -0.504099486283, 0.789244164033, -0.350681276189, 0.834395128584, 0.549850791179, 0.0380641147863, -0.222864257618, 0.273418647828, 0.935720987098,  
62, 12, 10716215.403033884, 136.76793039059353, 212.9386724590025, 129.4451311699098, 92.8138019703147, -0.666299393484, 0.618211915364, -0.416964202235, 0.735186134452, 0.451122114541, -0.505954726711, 0.124685468087, 0.643663627584, 0.755083219635,  
63, 7, 8464964.237219198, 126.4286516095665, 266.6494814694881, 113.57665172967988, 66.72778570136327, -0.665576289644, 0.461189079099, 0.586781761802, 0.742954613601, 0.484116574542, 0.462222440371, 0.0708988349137, -0.74359651396, 0.664859067498,  
64, 6, 2207098.156696253, 80.76893310950133, 166.45568902313403, 64.35381692388813, 49.18810430125803, 0.795903611584, -0.605003471371, -0.0225441943052, -0.435801473302, -0.546669246396, -0.715003364267, -0.420255299712, -0.578898553007, 0.698757431724,  
65, 5, 3263559.242092369, 92.01690687149697, 216.10031092745837, 85.87277236768854, 41.98479292050765, -0.826001298241, 0.259357238308, 0.500455470789, -0.0637243919795, -0.925129886888, 0.374264471001, 0.560054512679, 0.277251718344, 0.780685869927,  
66, 18, 13479405.257010488, 147.63660182343634, 247.3202748140208, 124.71850528561157, 104.32574710756708, -0.691200832999, 0.722156218339, 0.0270518904103, 0.662235374624, 0.647945147954, -0.376312893535, 0.289284837242, 0.2421930667, 0.926097619792,  
68, 9, 9193860.257164858, 129.95802311453363, 223.94801081774435, 118.49892966376858, 82.70802535227638, -0.361512727288, 0.927375839355, -0.0963462536335, 0.893051759832, 0.3741059087, 0.250006646586, -0.267893826487, -0.00433839328686, 0.96343867271,  
69, 11, 6100369.3664233545, 113.35025654992596, 241.07104358793916, 129.62723435562137, 46.604324659890814, -0.657284299976, 0.752659308091, -0.0384878545624, 0.715939930216, 0.639537882158, 0.280038057427, -0.235387691538, -0.156509626633, 0.959217061693,  
70, 18, 9269283.201555952, 130.3124311835638, 217.28575113550863, 138.25039699994875, 73.66478186010703, 0.743653372864, -0.666084406094, -0.0575432444963, -0.58673525803, -0.608950153287, -0.533780336651, -0.320501790966, -0.430710198126, 0.843663041277,  
71, 8, 9403605.893789973, 130.93887444742103, 222.62058688188472, 123.45586479219705, 81.68245099574729, -0.79850235219, 0.600161453768, 0.046906534285, 0.0520010544375, -0.00886138663007, 0.998607713852, 0.599741514225, 0.799829797668, -0.0241331903609,  
72, 7, 4614149.919328205, 103.27638566054264, 197.0635661770774, 94.28636204574052, 59.28541644783956, 0.130271328844, -0.768885532701, 0.625974774639, -0.864264656073, 0.221334645858, 0.451727327939, 0.485876512238, 0.599854992599, 0.635687032044,  
73, 13, 9539233.976586623, 131.56538187804242, 230.93999852757554, 125.94588833194408, 78.29639012234385, 0.551368080487, -0.808208073866, -0.206864567187, -0.774309516742, -0.588064054169, 0.233720860166, 0.310544702261, -0.0313109810104, 0.950042951853,  
74, 6, 9712661.93298387, 132.35790602375764, 228.48249318031108, 124.8277579808678, 81.29906743404207, -0.494215954384, 0.869201791812, 0.015454305043, -0.196741922851, -0.129145190781, 0.97191261721, 0.846784037536, 0.477294212001, 0.234834045582,  
75, 7, 5995787.536069604, 112.69877840851437, 173.30960486607322, 124.08867391191168, 66.55839643748071, -0.680631901922, 0.71388702343, -0.164637577317, 0.0960706479927, 0.309751958475, 0.945951454788, 0.72629928038, 0.628027899061, -0.279410653556,  
76, 17, 13583662.964771664, 148.0162609842947, 239.39021677367452, 143.1395552285587, 94.63727500561502, -0.894587213355, 0.364425180856, 0.258665817725, 0.437729292247, 0.831158952384, 0.342881703478, 0.0900376832758, -0.419963192946, 0.903063747562,  
77, 9, 5668109.858150479, 110.60715369965281, 199.38273148019016, 102.44282330768866, 66.24918948180124, -0.668910449234, 0.716246850399, 0.198869958009, 0.0368967577944, -0.235212881565, 0.971243290638, 0.742426723771, 0.65701244253, 0.130909167713,  
78, 5, 1745207.8487240945, 74.68834728130376, 138.0816502189684, 102.92748306342428, 29.315089646500258, -0.974823531768, 0.0763857213732, -0.20948580735, -0.0819776028789, 0.750919077719, 0.655286358277, 0.207361410433, 0.655961706419, -0.725751669082,  
79, 10, 11005724.49264017, 137.9886426095062, 246.6155767383481, 106.584849204237, 99.95719223439242, -0.759570082616, 0.620264324505, -0.195768887571, 0.613259455527, 0.78324389393, 0.102185335679, -0.216716704021, 0.042440197537, 0.97531159115,  
80, 7, 6921734.4753552545, 118.22485099812532, 236.2128767149198, 90.51870062457662, 77.28308432070318, -0.700236107088, 0.525291649642, 0.483464659666, -0.214135552358, -0.80056566766, 0.559678994586, 0.681039910392, 0.288380468445, 0.673068604136,  
81, 11, 7140693.766012198, 119.45855754871795, 152.13016121263345, 139.25327899613546, 80.46945191973812, 0.259634391075, -0.911994533673, 0.317578263618, 0.739791775024, -0.023543790503, -0.672423839209, 0.620723861776, 0.409526141388, 0.668573277167,  
82, 8, 7070191.388054885, 119.06410551658125, 224.52816826608168, 104.55596692989485, 71.89900906293012, -0.740492472111, 0.579150456146, 0.340962824796, 0.635219161257, 0.768810543099, 0.0736679441254, 0.219470991065, -0.271136677648, 0.937185886639,  
83, 7, 3288479.0993498843, 92.25052056702991, 156.62979466479763, 97.61313473576926, 51.34803613836579, 0.0109113481489, 0.574489629964, 0.818439128797, -0.957812549635, -0.229067901407, 0.173559834945, 0.287186459017, -0.785805040458, 0.547753937593,  
84, 10, 5085219.805651173, 106.67771552813814, 162.8979934270412, 146.34166170669295, 50.92574647367423, -0.321527850671, 0.801272588062, 0.504561275628, -0.900241896723, -0.0934684809085, -0.425238956895, -0.293571743578, -0.590953367616, 0.751391874242,  
87, 10, 9697108.737121705, 132.2872186311249, 198.70874614442803, 118.6595226375446, 98.18249777747795, -0.800784304769, 0.582765160928, 0.138308584129, 0.598157583852, 0.76621181156, 0.234791321616, -0.0308545315266, -0.270747533755, 0.96215579344,  
88, 10, 9624023.89769969, 131.95404092595612, 146.69225814375417, 131.3825944936247, 119.21284582601324, -0.229865793668, 0.866973165459, 0.442175584215, 0.972698769401, 0.189759454202, 0.13359810458, -0.031918974105, -0.460813280967, 0.886922938691,  
89, 14, 10121845.586707216, 134.1910958350993, 201.35841017461226, 129.01955110067644, 93.01345963759937, 0.551065891675, -0.552359238809, 0.625480338888, -0.742153078471, -0.667095532477, 0.0647484259655, -0.381490748444, 0.499882808118, 0.777548703941,  
90, 15, 5502190.161307265, 109.51719927510905, 205.3585176157872, 92.511193028827, 69.14168899358958, 0.787451632082, -0.608089794711, -0.100730971901, 0.411498178728, 0.396970185915, 0.820416918644, -0.458899962993, -0.687489253053, 0.562822663813,  
91, 5, 5807528.758238605, 111.50668888218955, 200.90864434949074, 143.05908429813715, 48.237933633495054, 0.340307126559, -0.937547522612, 0.0720812212566, 0.493146895408, 0.243217144462, 0.835255386208, -0.800623006891, -0.248696729944, 0.545117177635,  
92, 11, 12710304.156070616, 144.77351247813314, 245.34222535757343, 125.35054752743515, 98.66629002952209, -0.44927879423, 0.890486060469, -0.0719940356279, 0.850919757522, 0.401977013594, -0.338156837577, 0.272184002676, 0.213187843587, 0.938331930627,  
93, 8, 7023132.3988177655, 118.79935484055592, 213.45778919506543, 99.4307274349798, 78.99682244052198, -0.990806239636, 0.11337923828, -0.0738115426263, 0.131123549103, 0.670452262341, -0.730274180559, 0.0333108145865, 0.733238646178, 0.679154973024,  
94, 12, 4944002.362728429, 105.68094468035972, 145.60864407576494, 109.02340499229695, 74.35037459696605, -0.897530943434, -0.399366920123, 0.186933861807, -0.428129446569, 0.687762723615, -0.586248763739, -0.105562221269, 0.606208296806, 0.788269064675,  
95, 9, 7904885.4576239325, 123.57643359267733, 217.04742181111334, 129.676338942741, 67.04889111705054, 0.513644828141, -0.790732907157, 0.333032220758, 0.457375349478, 0.580742087361, 0.673458549324, -0.725931663598, -0.193597772471, 0.659956909412,  
96, 6, 1003574.4662873477, 62.10887526050277, 159.9245999741729, 95.31182069415179, 15.718060461798817, -0.524548231938, 0.727029132253, -0.443032496806, 0.844083946483, 0.376111690587, -0.382180961709, 0.111226991596, 0.574428966069, 0.810962341469,  
97, 9, 3221944.242826396, 91.62411730438893, 167.10910137352855, 87.95150305968704, 52.334254446130394, -0.75632563786, 0.561440882766, -0.335791102734, 0.649987939152, 0.703036776579, -0.288539372938, -0.0740756942154, 0.436489892136, 0.896654540829,  
98, 5, 190566.4321404392, 35.69871617072546, 205.61366425825395, 52.54498343515482, 4.210896446822822, -0.817820128427, 0.561201604235, 0.127369529107, 0.49512151822, 0.573374160952, 0.652760870264, -0.293300050691, -0.596904373378, 0.746779920262,  
99, 6, 6251368.666281875, 114.27787799074994, 199.04636631102798, 158.1338255125857, 47.41409562161502, -0.979328184462, 0.201485359687, -0.0178873405243, 0.132681543872, 0.706609296288, 0.695053170854, 0.152682399232, 0.678311839961, -0.718735787848,  
100, 5, 4211517.557339395, 100.18053240947131, 216.07514750995918, 72.25352318175722, 64.4000432986169, 0.929193840613, -0.339447941262, -0.146198159154, 0.202930834351, 0.137971285718, 0.969424056225, -0.308897852108, -0.930450976403, 0.197086522809,  
101, 5, 1997600.1629346148, 78.12799008435394, 232.92936964501953, 110.32949842749338, 18.556841582516757, 0.460088903247, -0.75410834986, 0.468656374948, -0.608487210267, 0.116581727503, 0.784953511842, -0.646576767329, -0.64631981053, -0.4052273269,  
102, 6, 7777839.030835692, 122.9108193641256, 276.71197454104447, 104.52818424092564, 64.19614979946792, -0.771149586374, 0.596164018313, 0.223420631776, 0.63633023644, 0.710548424133, 0.300341084693, -0.0203013700878, -0.373777206676, 0.927296314099,  
103, 6, 3904707.1592158466, 97.6862158854038, 281.39966938445184, 85.84068210134339, 38.5907408998245, -0.668677476936, 0.691726318138, 0.272736379373, 0.204537720853, -0.181530734446, 0.961878845385, 0.714866947471, 0.698971596881, -0.0200986110701,  
104, 9, 6170106.7419957435, 113.78054840668483, 140.41266787056418, 123.26269431629733, 85.10716430828425, -0.181185067855, 0.664428365405, 0.725056493269, -0.491169762758, -0.699861025872, 0.518600818181, 0.852011875116, -0.262163101353, 0.453151490067,  
105, 6, 2692208.5683559296, 86.29918565625094, 118.13775967562762, 99.40299558326176, 54.730811768509, 0.248744837832, -0.497011252673, 0.831327745458, 0.19268007906, 0.866542216381, 0.46041174438, 0.949210404908, -0.0456552510278, -0.311312070547,  
106, 11, 8523260.59222253, 126.71821671211346, 205.65558020749987, 137.31381353615433, 72.05471932404473, 0.626965321438, -0.73570269366, 0.256234330752, 0.53444746721, 0.645489619615, 0.545627213179, -0.56681601116, -0.205145552014, 0.797894048093,  
107, 7, 22046865.815743163, 173.94799070261132, 231.57233400685848, 159.67675685845228, 142.34095438865916, -0.92825182312, 0.313702640727, -0.199847957398, 0.351681754942, 0.9151688393, -0.196941460378, -0.121113567019, 0.253094150023, 0.959830638763,  
108, 10, 5919629.098373361, 112.21957742987664, 202.5236043134221, 116.54339491128516, 59.87459297958594, -0.525010827989, 0.765334753611, -0.372325590591, 0.153855434508, 0.515603480302, 0.842900680017, 0.837073554573, 0.38524766841, -0.388448321168,  
109, 13, 7126593.482539506, 119.37987661141538, 155.36308801514798, 134.54566296879938, 81.39089596524437, -0.188978407113, 0.880702456552, -0.434338974384, 0.981829206712, 0.177244443035, -0.0677924498752, -0.0172791924625, 0.439257999855, 0.89819476678,  
110, 9, 3465572.4357869453, 93.87763146391995, 231.4895234479208, 77.72133867755092, 45.984848309366285, -0.765866622414, 0.613133339159, 0.193690023192, -0.0529370564791, -0.360330137557, 0.931321566388, 0.64081665453, 0.703014722734, 0.308422299609,  
111, 10, 14300343.805418879, 150.5749137801559, 235.3526407407534, 157.3609559734569, 92.18108351607056, -0.724428516728, 0.683440592692, 0.090068198673, 0.681553379842, 0.690500362292, 0.242268941674, -0.103384305274, -0.236892815288, 0.966019399126,  
112, 28, 10253503.85201207, 134.77041422572302, 208.78951529235985, 112.3891608517468, 104.31591575783871, -0.759158120659, 0.566724959752, 0.32015897275, -0.302177464884, -0.742503074076, 0.597810977404, 0.576513423569, 0.35708823137, 0.734928749922,  
113, 11, 5784117.224868833, 111.35665040280142, 223.87735433675937, 94.27665613449697, 65.42355519094338, -0.833379595314, 0.531936329424, 0.150073953613, 0.505833176747, 0.624631529252, 0.594952308985, -0.222735824278, -0.571733499196, 0.789626214408,  
114, 8, 8075425.124509731, 124.45879593667554, 216.14598099461827, 139.8958927295953, 63.75652772056984, 0.816696935306, -0.574252518268, -0.0569224131988, 0.146092934748, 0.110322937963, 0.983100047694, -0.558267830237, -0.811210758448, 0.173994641008,  
115, 8, 7541988.543784988, 121.65568815530206, 208.19842839029602, 98.65603384355882, 87.65892899190801, -0.634205115394, 0.759219634316, -0.146182825523, 0.765167589061, 0.643448278817, 0.0222007463412, -0.110916329994, 0.0977745332727, 0.989008447074,  
116, 8, 7111525.085024248, 119.2956787046687, 207.43092224694948, 95.91064345587061, 85.33630496294839, 0.494429443185, -0.860920255505, 0.119815856105, -0.583738154911, -0.226738816122, 0.779640478532, -0.644041374613, -0.455418294456, -0.614658348077,  
117, 6, 3990284.912476532, 98.39471351924509, 239.86564590140753, 109.73807770680222, 36.19010945855045, -0.649970552164, 0.724713689138, -0.228753907279, 0.115664864033, 0.391838024908, 0.912734682952, 0.751105798505, 0.566791876275, -0.338507087726,  
118, 5, 2679460.1752511747, 86.16275280448585, 181.79922754971116, 82.35865034386191, 42.7225771411631, -0.720255602007, 0.42704191086, 0.546687364174, 0.645117358964, 0.122574671087, 0.754187671055, -0.255059720343, -0.895885403597, 0.363777243215,  
119, 8, 6432008.69220422, 115.36817017405718, 206.65403079093772, 144.0990069730126, 51.564777098213675, -0.712702701574, 0.701256505331, -0.017151469335, 0.688797595032, 0.704247868183, 0.17202561797, -0.1327129694, -0.110789231838, 0.984943152604,  
120, 8, 3957088.310598659, 98.12109310246231, 145.0379229118369, 135.64438484396857, 48.01796395831896, 0.858019216652, -0.263060825529, -0.441137196265, 0.0896347669837, -0.769010400127, 0.632920700439, 0.505735733762, 0.582599353389, 0.636246305315,  
121, 14, 10143151.38797244, 134.28518424689642, 209.9898772439385, 124.38977368539145, 92.7045949709079, -0.738175418596, 0.65845564313, 0.146742009702, 0.0139837318805, -0.202539896339, 0.979174165118, 0.674463866062, 0.724854300133, 0.140302305593,  
122, 7, 3819032.5218488523, 96.96646928065915, 143.2767694156712, 103.1011384390941, 61.71994155002642, -0.146134838448, 0.966679100135, -0.21018117507, 0.594106558841, 0.255639480769, 0.762683323939, 0.791000635736, -0.0134154103239, -0.611668227908,  
123, 9, 16627495.493103772, 158.33590541004105, 198.13842567415998, 151.66251112411103, 132.0964903535755, 0.273371487396, -0.96183747897, -0.0116916178258, -0.840779399051, -0.233024687684, -0.48866092238, -0.467287954061, -0.143416034593, 0.872395443025,  
124, 11, 11116808.509833317, 138.45134269135926, 174.02597026927415, 146.2366272992486, 104.28486650197047, 0.454397216944, 0.494652462646, 0.740838788423, 0.716862756596, 0.290638398001, -0.633748459417, -0.528801434793, 0.819053272263, -0.22253264874,  
125, 7, 3721560.6960166167, 96.13440271612868, 239.42296092083635, 105.93838085920505, 35.0281635463134, 0.595091751716, -0.795394179109, -0.114951758919, -0.571926299293, -0.519631719329, 0.63473079683, 0.564593761227, 0.311979127678, 0.76413539944,  
126, 10, 7646215.053188421, 122.21353320028291, 164.77953058655828, 121.4093172577176, 91.24364393453142, 0.825249060662, -0.47182000835, -0.310402750627, -0.427568573351, -0.16286586206, -0.889190545417, -0.368983878996, -0.866522123604, 0.336140307528,  
128, 6, 2845467.7162572388, 87.90664077480939, 235.91708567568958, 57.19319686430394, 50.3455727765177, 0.713226394951, -0.694522739609, 0.0945847435384, -0.517486476642, -0.430729034232, 0.739378283129, 0.472774635569, 0.576290433059, 0.666613441754,  
129, 6, 5009991.290294046, 106.14905215006002, 272.25982297395205, 110.87354117520145, 39.62204484051291, -0.798268857582, 0.446667561613, 0.404048165961, 0.58354931154, 0.407476063453, 0.702448189345, -0.149120863783, -0.796524542695, 0.585927999732,  
130, 6, 5368915.425884914, 108.6257157657853, 239.635864719221, 112.54485179146063, 47.52482247894153, 0.378324346984, -0.849561469248, -0.367581281418, 0.504202581018, -0.143895430956, 0.851512690595, -0.776305639406, -0.507483413443, 0.373911940577,  
131, 11, 9137249.474962927, 129.69073686087836, 237.65292562074157, 129.72150966781408, 70.75737520306052, 0.878903725497, -0.467776359081, 0.0933462328739, -0.360435933545, -0.779466217646, -0.512365449028, -0.312432679335, -0.416674565378, 0.853679171264,  
132, 7, 6801548.8783112215, 117.53658584862545, 177.16015640644687, 129.53758936282503, 70.75503470154685, 0.820981044213, -0.538926867248, 0.188541658001, 0.182254289679, 0.560309411596, 0.807983129261, -0.541085482097, -0.628976307213, 0.558225139194,  
133, 8, 8643856.639558036, 127.31306744341506, 221.6733655965552, 118.9434457568276, 78.2645180606025, 0.781116495602, -0.461067382995, -0.421039058326, -0.520166375697, -0.107526927468, -0.847269084449, -0.345375103174, -0.880826219073, 0.323822806331,  
135, 14, 8888229.155732736, 128.50170140525182, 205.4397576092367, 124.5439187046869, 82.93151769792614, 0.731199600341, -0.524965567048, 0.435612554772, -0.472842389901, -0.850317209622, -0.231042674269, -0.49169830056, 0.0370377703814, 0.869977577178,  
136, 7, 2926101.7923160275, 88.7292764988944, 130.8856472628185, 109.11321189380004, 48.9138058955941, -0.740075614972, 0.257046784864, 0.621462013734, 0.556618133096, -0.284508231272, 0.78053271568, -0.377444483377, -0.923570255438, -0.067480702714,  
137, 11, 12948772.168822944, 145.67331168547366, 240.3532638271672, 140.18399872552982, 91.74692396047756, -0.803337833931, 0.556064633084, 0.213167653288, 0.573348868815, 0.818947390854, 0.0244181416373, 0.160995028505, -0.141835449892, 0.976710451439,  
138, 6, 11165012.004498865, 138.65116669657021, 211.711509759143, 117.8842659008559, 106.79975895098302, 0.705450893606, -0.706189437886, -0.0602952280782, -0.572399526867, -0.517494337441, -0.636049048705, -0.417968681068, -0.48321432981, 0.769289342908,  
140, 8, 3238137.3388326173, 91.77735805372966, 303.0203635139656, 71.13177879418953, 35.86502774158648, 0.615915068082, -0.771002216729, 0.161877146959, -0.551099342654, -0.274824074232, 0.787884028743, -0.562972595634, -0.574480034484, -0.594167103216,  
141, 16, 10494364.982718857, 135.8175373974302, 207.30450977348696, 137.76784729521563, 87.72248639745601, 0.486131344748, -0.82161733355, -0.297693252969, -0.765008989803, -0.235445374536, -0.5994386717, -0.422418703627, -0.519143942292, 0.743002022882,  
142, 6, 6081847.7684991155, 113.23542436721183, 235.08559666797845, 114.08992246381159, 54.13443765029934, 0.721821186257, -0.691198861083, 0.0349042906974, -0.519278444594, -0.574245622949, -0.63292326668, -0.457519477237, -0.438732377381, 0.773427326248,  
143, 6, 9087475.762429902, 129.45481808030726, 248.0889929558291, 123.41526818865661, 70.85626708920283, -0.682914824584, 0.674089663383, -0.281479072194, 0.714688115463, 0.696274360807, -0.0665049780043, -0.151156342836, 0.246586983036, 0.957259954149,  
144, 6, 1747248.2144126713, 74.71744261065442, 166.97773700482827, 62.136339983841964, 40.20330500112715, 0.165522393794, -0.903516600216, 0.395297470632, -0.892922967091, -0.307464619882, -0.328867879796, -0.418677575221, 0.298535191654, 0.857663003371,  
145, 6, 833951.3031992533, 58.39164282574665, 122.23036277045618, 94.9696277743979, 17.150952566790693, 0.745573426037, -0.170393941013, -0.644271814729, 0.261831930978, 0.963915662954, 0.0480690610746, -0.612833016659, 0.204529947877, -0.763284477842,  
146, 8, 11192455.670540541, 138.7646755434973, 227.58567521916413, 133.255720368951, 88.1061023359639, -0.76028245337, 0.649289706306, 0.0198360374759, 0.645995401971, 0.752510519333, 0.128132193166, -0.0682680872064, -0.110230647178, 0.991558708646,  
148, 10, 19611367.017314855, 167.29119599545265, 237.78307219728535, 141.95479602779847, 138.70376638932842, -0.712261729838, 0.701913813222, 0.000476463305914, 0.310731990897, 0.314704123601, 0.896887364401, 0.62938768501, 0.638966598029, -0.442258780084,  
149, 8, 7069309.449595054, 119.0591546095693, 170.91286444109065, 108.77806915323956, 90.77625982019774, 0.759750805349, -0.6478059575, -0.055912030891, -0.45492669457, -0.468157466482, -0.757542268884, -0.464564760113, -0.60097922427, 0.650387235158,  
151, 11, 9433561.029143494, 131.07776210014137, 163.55575697689224, 128.46902933049333, 107.1822268784481, 0.571514331797, -0.819551119229, 0.0413198683562, 0.505005105375, 0.39096156631, 0.769492623235, -0.646793021063, -0.418909317917, 0.637317637655,  
152, 8, 8641794.149633644, 127.30294068259346, 178.11234178758275, 117.6406869094447, 98.46088665603811, -0.538962549328, 0.834154696656, -0.117069690649, 0.178719901556, 0.249062495746, 0.951854542459, 0.823151606455, 0.492091267205, -0.283315402918,  
153, 7, 7306249.50448286, 120.37472184280578, 138.97264128637528, 128.464740444708, 97.69956594871579, 0.63648914037, -0.715095723121, 0.288997717924, -0.669739840376, -0.326589183175, 0.666924322278, -0.38253120187, -0.61804337405, -0.68679856391,  
154, 7, 2300221.886083434, 81.88927774181843, 148.46299224652432, 68.6629395696473, 53.86919929319662, 0.40395581459, -0.594625514795, -0.695154800756, 0.516609643521, -0.478847673748, 0.709802353875, -0.754939849312, -0.645852461868, 0.113755973113,  
155, 6, 2692129.0112377913, 86.29833557573593, 233.08778083617315, 106.18067918143137, 25.968224245405434, 0.565766269081, -0.806270517429, 0.172732109045, -0.609654433401, -0.267980391851, 0.745994625596, 0.555184654511, 0.527365492148, 0.643160661955,  
156, 5, 2682633.0581402807, 86.19674926493657, 210.7885169312972, 99.36074461845364, 30.57812678824222, 0.625116986296, -0.77447208835, 0.0970656366133, -0.718698053455, -0.522617814353, 0.458632454239, 0.304469803764, 0.356459821703, 0.883308855445,  
157, 8, 8080055.150775723, 124.48257744622866, 175.18213555334395, 164.97277827536539, 66.74574903207288, -0.552907153513, 0.822797731854, -0.131520234377, 0.832189789111, 0.537353034969, -0.136791340038, 0.0418788072181, 0.185082706555, 0.981830207948,  
158, 11, 13872566.78348678, 149.0582683601864, 185.66891588302252, 137.4248813689106, 129.79669750558872, -0.539429258548, 0.825183069454, -0.167597663791, -0.0507411133497, 0.166822265236, 0.984680491955, 0.840500692705, 0.539669559738, -0.0481181031839,  
159, 5, 7952758.704907774, 123.82539787595864, 211.4788111829678, 175.38588902767773, 51.18794415758709, -0.496523457066, 0.837609988751, -0.227758563676, -0.444015878854, -0.470546686232, -0.76251932133, -0.74586483756, -0.277480310689, 0.605549602651,  
160, 9, 5565795.147818018, 109.93758759806303, 204.69672051320413, 128.3575508989569, 50.5715542968623, 0.512775861078, -0.842064672486, -0.167296155504, 0.609964969207, 0.220204564781, 0.761217896525, -0.604155321616, -0.492378956699, 0.626545537342,  
161, 13, 8703915.558039628, 127.60725109667287, 259.074442838778, 108.22432647100675, 74.10996278720764, -0.431205375726, 0.901654513821, -0.0328795019798, 0.837296680194, 0.386318387485, -0.386900985819, 0.336149064079, 0.194363682813, 0.92153489653,  
162, 8, 6871273.131205214, 117.93685279375892, 214.45625746744034, 126.80246687517314, 60.32289519899402, 0.818294722851, -0.570639598234, -0.0690231517852, -0.486251548829, -0.751263172629, 0.446276905869, 0.306517826261, 0.331623422542, 0.892229078099,  
163, 10, 11362656.908895882, 139.46452801692752, 234.13758958907093, 112.48352244395589, 102.99857904207495, -0.54251328588, 0.745601447986, -0.38698554935, 0.0133432862226, 0.468261501877, 0.88348917513, 0.8399412428, 0.47414095649, -0.263986859563,  
164, 5, 1571707.576322517, 72.12642043725414, 223.8911369556461, 127.33241818803953, 13.161556386035425, -0.694568765324, 0.679543640138, 0.236208957036, 0.0808227238126, -0.252546691802, 0.964203223276, 0.714871958851, 0.688796493609, 0.120488475966,  
165, 7, 7028588.386441961, 118.83011034964859, 193.34088803967504, 105.83292939953894, 82.00398828242356, -0.517448270419, 0.758039268661, 0.397018582194, 0.0903607521785, -0.412963567385, 0.906253842187, 0.850930209774, 0.504814380916, 0.145190285192,  
166, 11, 6908049.9536569305, 118.14688798175953, 149.6157521740991, 111.50075900475434, 98.8579763511482, -0.916886570648, 0.183272028574, -0.354584799601, 0.397898071146, 0.349433205429, -0.84827681798, 0.0315617101027, 0.918862230416, 0.393314200061,  
