# Void_ID, Void_Volume, r = (a*b*c)**(1/3.0), a, b, c, vector_a, vector_b, vector_c 

0, 7, 7487940.397788259, 121.36438416828115, 181.0205536614058, 128.11736768660748, 77.0793198306732, 0.46204448253, -0.78344285497, -0.415610622048, -0.774929552649, -0.128758258853, -0.618793583684, -0.431276111783, -0.607979114586, 0.666605064211,  
1, 9, 4814287.740387041, 104.74849972576733, 167.59275654404982, 102.46492545580026, 66.92878817368019, -0.400916204359, 0.895827816649, -0.191725637304, -0.17473774021, 0.130662559366, 0.975906766923, 0.899295790732, 0.424758541406, 0.104150190946,  
2, 6, 5809365.024637191, 111.51843997391408, 252.26978109991992, 128.3375918627505, 42.837186604891144, 0.568768168849, -0.723275790081, 0.391631078423, 0.556124368784, 0.688988090126, 0.464780698942, -0.605993775999, -0.0465568807696, 0.794105786595,  
3, 7, 8293122.792701898, 125.56728251918423, 153.88026829362423, 129.0149200502495, 99.72558993841444, 0.520751824504, -0.594312344883, -0.612870601347, 0.431529422458, -0.436179449688, 0.789639060092, -0.73661380304, -0.675677677883, 0.0293220187107,  
4, 8, 9226369.954140382, 130.11102108697597, 242.2483790591141, 147.53856270288026, 61.627681207622985, 0.742948911945, -0.666962348632, -0.0564636143671, -0.226613036395, -0.330009141423, 0.916373558279, -0.629820169553, -0.668023346961, -0.396322295537,  
5, 7, 4181034.328871996, 99.93824256855882, 164.8234193194148, 104.36555544552789, 58.02551661631995, -0.853864404303, 0.32624280763, -0.405562830562, 0.131905069787, 0.889380618746, 0.437724990792, 0.503504351151, 0.320261995043, -0.802443532532,  
6, 6, 4710658.757857312, 103.99146070783756, 316.8853681258654, 78.37613082231024, 45.280063697350805, -0.637887395758, 0.76631249268, -0.0765822035241, 0.736068902228, 0.635899634553, 0.232022037634, -0.22649998125, -0.0916341548663, 0.969691157099,  
7, 8, 3935069.881989512, 97.93876275251652, 171.16799794803072, 111.45392990803248, 49.2431563824846, -0.897543501005, 0.349560308311, 0.268743845802, -0.173544032274, -0.840367030496, 0.513483907165, 0.405337060562, 0.414235253098, 0.814930072108,  
8, 9, 12821537.29758681, 145.19461079886761, 224.31206673629677, 147.61862472427052, 92.43952367698478, -0.713100172585, 0.694721783988, -0.0940733049939, 0.0897503305464, 0.223548480778, 0.970551881616, 0.695293479062, 0.683657604064, -0.221763969975,  
9, 6, 2062107.74605829, 78.96008032072116, 147.52395779730745, 108.61156416738592, 30.724450255082445, -0.843745056359, 0.515080713115, -0.150950782862, 0.393988566512, 0.785330379957, 0.477524034761, -0.364509656014, -0.343435661069, 0.865554537496,  
10, 7, 2045912.3583257138, 78.75282448607331, 150.78538855404145, 91.20482047256803, 35.51578057370236, 0.510524932113, -0.337691062841, 0.790777490681, 0.610266808239, 0.790174720803, -0.0565538094802, -0.605754666885, 0.51145738501, 0.609485542786,  
12, 10, 11541485.038516536, 140.19236467487542, 204.8468648134538, 124.25216785934899, 108.25296179214013, -0.719928396677, 0.68983850883, -0.0763278153297, 0.181294089236, 0.2930702193, 0.938745066441, 0.669951906383, 0.661991448808, -0.336053217273,  
13, 7, 2542692.0117601296, 84.67107033827455, 253.57134464507823, 59.7251848234986, 40.08182368813901, -0.657715741921, 0.654578884177, 0.372741850641, -0.296902049883, -0.680051579255, 0.670357384033, 0.692285472623, 0.330236784659, 0.641626441516,  
14, 7, 7050680.74372559, 118.95448295203407, 208.22563467938127, 126.89403809783744, 63.7040477709667, 0.567272813414, -0.816704278663, 0.105809623262, -0.552709379585, -0.282320087317, 0.784096747867, -0.610502986791, -0.503278739379, -0.61155262538,  
15, 8, 2448404.321957689, 83.61127434839302, 132.86793085799783, 86.29964414673917, 50.97595273036329, 0.886887171535, 0.258124303297, -0.383148781825, 0.375746450489, -0.885547746256, 0.273166238846, 0.268785695139, 0.386234427709, 0.882370226685,  
16, 6, 3898825.3020732924, 97.63714134627965, 181.85759381024798, 103.95811854401454, 49.23288831652823, -0.72642595599, 0.667913262188, 0.161855505488, 0.655718187208, 0.744119699296, -0.127747923991, 0.205764402724, -0.0133321908371, 0.978510737427,  
17, 7, 6081191.014551843, 113.23134827653412, 238.65548780880007, 121.0665193572093, 50.24635401079222, 0.696049854622, -0.665028174503, 0.270651301489, -0.589627397032, -0.314342995161, 0.743994633087, 0.409700051928, 0.6774407786, 0.610917227568,  
18, 7, 9094012.69556776, 129.4858510713567, 253.28452821664646, 108.09088368337513, 79.29927514980766, -0.706709613181, 0.61546069022, -0.348955099448, 0.683075020204, 0.722030370846, -0.109912057343, -0.184309629187, 0.316038419135, 0.930671627493,  
19, 9, 7875111.894169588, 123.42108916073822, 237.94037068493446, 118.00404688930942, 66.95809490707728, 0.731470906326, -0.625580485125, -0.271292037903, -0.553030974371, -0.31153873763, -0.772722690454, -0.398882256544, -0.715257066785, 0.573846908006,  
20, 12, 11222765.265852172, 138.88982264866763, 237.5770169599803, 120.68735838453381, 93.44263217820837, 0.681616604785, -0.72041844221, 0.128047148364, 0.458186571485, 0.556673486535, 0.69294999466, -0.570494408203, -0.413656738749, 0.709523947937,  
21, 8, 5919944.6389313135, 112.22157131599926, 256.23000615098897, 81.34933807459116, 67.80239355398686, 0.486072062934, -0.830820480779, 0.271055858365, -0.533128658767, -0.0361398734097, 0.845261937361, -0.692465004774, -0.555365859833, -0.460500791416,  
22, 5, 1986756.7569641606, 77.9863683107641, 216.6745706762098, 88.81016099139985, 24.648215783926275, -0.891675408303, 0.37731350683, 0.250098948001, 0.44195876574, 0.845139111037, 0.300686435312, 0.0979153492209, -0.378648122349, 0.920346773683,  
23, 11, 7613292.394054255, 122.03787403735862, 147.10814693209878, 134.32894170420374, 91.97664885461327, -0.783936838243, 0.552961433273, 0.282270591733, 0.599107387845, 0.554539150185, 0.577543650941, -0.16282927094, -0.621868140545, 0.766006947945,  
24, 10, 8748003.12749508, 127.82234284792222, 216.50858894717663, 136.15747702068415, 70.84410129222047, 0.605534660503, -0.707413075464, 0.364547000526, -0.659516055404, -0.189710918507, 0.727357092537, 0.445383371483, 0.68086452989, 0.581426817703,  
25, 5, 3912285.7738582864, 97.74937450458812, 202.45975296439082, 151.1565172624377, 30.519427425348866, 0.589996485793, 0.734233478819, 0.33586507013, 0.743099566994, -0.656479011771, 0.129762631898, -0.315764437967, -0.173021691375, 0.932928890125,  
26, 6, 12364612.16050931, 143.4489244614217, 205.58210974438666, 129.8578887558146, 110.57023503295471, -0.936518231038, 0.275471751027, -0.216907623932, -0.0826920467691, 0.42765579956, 0.900151399768, 0.340728085626, 0.86094473196, -0.377728129977,  
27, 8, 11309389.743048703, 139.2462539758085, 206.36536945447634, 160.10012733534631, 81.71881587477083, -0.833229751837, -0.148654514896, -0.532569259209, -0.357150771593, 0.879988667443, 0.313150557277, -0.42210366855, -0.451133882981, 0.786324813689,  
28, 11, 5536774.464756207, 109.7461788794949, 173.94564078033878, 143.2584427804533, 53.04377796513764, 0.252097020807, 0.96235395343, -0.101597049253, -0.967701917373, 0.250736558883, -0.0261567802224, 0.000302013666418, 0.10490970573, 0.994481705428,  
29, 10, 9291268.071095731, 130.4153747707088, 215.06422345581197, 127.00807328542713, 81.20576894728224, -0.70438302477, 0.704486605458, -0.0868514660018, 0.0770471865087, 0.197516612227, 0.977267066336, 0.705626165521, 0.681678671094, -0.193406059647,  
30, 8, 7899799.0913370345, 123.54992298852915, 136.0136916291329, 126.06349227226242, 109.99057562308218, -0.323092391172, -0.927658091551, -0.187247889033, 0.0876749493554, -0.226349389907, 0.970092293003, 0.942297410599, -0.297012489417, -0.154464141821,  
31, 11, 9606983.493381556, 131.87611514901857, 252.8281714978872, 134.59084404578894, 67.39962104929933, 0.849706802361, -0.512086879501, -0.12556025591, -0.409800929807, -0.491581422575, -0.768382003243, -0.331755253086, -0.704354124587, 0.627553758038,  
32, 8, 7313515.667842166, 120.41461338124364, 221.4280121044501, 109.1651254178763, 72.23058090402755, -0.735047279589, 0.677632313564, 0.022802288999, 0.628528006278, 0.693624058795, -0.351906536433, 0.254279456687, 0.244336065032, 0.935757364508,  
33, 5, 3116976.2190096327, 90.61810162917413, 174.42251003237558, 88.49852673836374, 48.2065783332638, 0.328997904976, -0.599318453147, 0.729779261311, 0.384656887144, 0.790833483973, 0.476047770502, -0.862438089195, 0.124095899795, 0.490714530007,  
34, 10, 5381440.958516924, 108.71012376578655, 229.20863470587773, 101.19787364685476, 55.38697022106037, 0.614649482294, -0.770900957426, 0.167085989104, -0.534849774387, -0.251616460616, 0.806613213124, -0.579777313073, -0.585150297433, -0.566972130408,  
35, 15, 5391249.626916106, 108.77613175976362, 201.2895069492259, 105.19278153011724, 60.78462710115154, 0.712047124446, -0.584473395066, 0.389075497851, 0.318504321572, 0.762716583486, 0.562866245582, -0.625734679962, -0.276865064131, 0.729247452211,  
36, 5, 4673236.299643605, 103.71535161933225, 153.4451218119791, 112.33740544131, 64.72195940426342, 0.813302602051, -0.187777428451, 0.550707286007, 0.297117333216, 0.947816112797, -0.115611014292, -0.500260100147, 0.25765141895, 0.826653239583,  
37, 13, 7547006.999119298, 121.68266549110177, 183.4887313912637, 105.34871348161967, 93.20678092460642, 0.721239287701, -0.692339614124, 0.0219031639561, -0.39926575261, -0.38967674433, 0.82990294235, -0.566039529246, -0.607303790243, -0.557477674609,  
38, 10, 7409989.58558608, 120.94177254917403, 172.8486117138106, 128.23289776618165, 79.81116241115232, 0.724116896985, -0.496443913651, -0.478746446566, -0.481941101364, -0.860784338884, 0.163655420771, 0.493343181078, -0.112221934269, 0.862565210957,  
39, 9, 9308403.586667635, 130.49549882780752, 167.9222211160583, 137.09630217425115, 96.52786143095669, 0.874564521826, -0.484905091949, 0.00198720049692, -0.390861573734, -0.702512354458, 0.594729873146, -0.286991510923, -0.520906367437, -0.803923148704,  
40, 14, 8130026.509677332, 124.73867238454584, 173.34288196675615, 119.40567085265046, 93.7718289491837, 0.568005717353, -0.821919605764, 0.0426341027168, -0.651518121951, -0.417385857274, 0.633492843619, 0.502885316771, 0.387604447611, 0.772573071216,  
41, 10, 7674790.064843243, 122.36558715854115, 212.71237660727502, 133.5859598790918, 64.4798947679774, 0.759789081717, -0.627313383845, -0.170875597302, -0.472792696387, -0.352674347263, -0.807519579345, -0.446304400099, -0.694333294054, 0.56454730468,  
42, 8, 5885612.841068051, 112.00421341429194, 297.4482232355194, 84.03298419523381, 56.21366686683271, -0.765658902277, 0.600231004476, 0.231277293806, -0.109831113299, -0.476256799526, 0.872419960487, 0.633800892959, 0.642574666611, 0.430574297785,  
43, 8, 6253423.653664865, 114.29039865526532, 163.18013622607413, 136.40555640351505, 67.07024456515809, -0.635477818089, 0.54171096793, 0.550197391798, 0.748840590217, 0.258748367604, 0.610153302626, -0.188164059163, -0.799749029063, 0.570084009031,  
44, 6, 5627013.447003305, 110.33918739697137, 190.14569652965918, 131.16585637216573, 53.861946467675416, -0.865451279141, -0.134939734447, -0.482478343038, -0.126295655491, -0.873177610326, 0.470754998093, -0.48481284104, 0.468350433856, 0.73865037756,  
45, 7, 5858189.997274029, 111.82998875120529, 193.9682252039946, 114.06405032046166, 63.21140778426945, -0.648681828834, 0.467079797864, 0.600872987717, 0.116920228911, -0.718987790079, 0.685117667111, 0.752024963025, 0.514677588539, 0.411783237692,  
46, 6, 2288529.515609939, 81.75029017813728, 147.35232920409285, 87.06574798702759, 42.58567820913401, 0.285891426503, 0.956751087221, -0.0537907924581, -0.461095142475, 0.186555992764, 0.867518375108, 0.840034143257, -0.223213392665, 0.494488037769,  
47, 8, 1956172.6077187692, 77.58412288147277, 167.9242638210566, 72.97176049326607, 38.11099494448395, -0.383928532268, 0.711007290353, 0.589124363081, 0.871041887146, 0.490600012846, -0.0244470495667, 0.306406450565, -0.503766077123, 0.807672474826,  
49, 5, 6369512.491723762, 114.99329758581486, 200.58519311564618, 155.74728821759777, 48.67413247004054, 0.838526823601, -0.335503308398, 0.429313750253, 0.0553933177035, 0.836343982231, 0.545399233351, 0.5420372187, 0.433550773774, -0.71988150421,  
50, 12, 6778726.248964591, 117.40497367415516, 193.61216012856232, 133.3699594240642, 62.67131927975335, -0.892874858183, 0.438390780861, -0.102898060626, 0.183539385255, 0.56296258398, 0.805845160747, 0.411202847369, 0.700633036828, -0.583117111754,  
51, 5, 327744.789523667, 42.77096631019271, 115.66902898518225, 56.57578692328403, 11.956374057476486, 0.387103676478, -0.69071498133, 0.610789291183, -0.280364812061, 0.542891781981, 0.79162117532, -0.878377092037, -0.477683292175, 0.0165032288062,  
52, 20, 13151177.945646197, 146.42841056902185, 248.0586433153766, 127.32977700014891, 99.40121714107367, 0.775485497978, -0.630986798027, -0.0218609958874, 0.260914141087, 0.288750133362, 0.921166201868, -0.574931346689, -0.720054873742, 0.388554919406,  
53, 10, 9283931.284520721, 130.38103852706644, 241.26744778107235, 133.71596467848997, 68.7007243499904, -0.631496466609, 0.760295705913, -0.152192812674, -0.0397866946005, 0.16424993496, 0.985616039743, 0.774357302279, 0.628468295489, -0.0734736005108,  
54, 11, 11627884.571142578, 140.54132193557467, 193.77604564317113, 124.45762985974858, 115.1040188885574, -0.516356877092, 0.636490942535, 0.572935297875, 0.815675624763, 0.569331720518, 0.102638526781, 0.260861746234, -0.520327466201, 0.813148496444,  
55, 8, 6703572.989391455, 116.96948497936111, 244.24153936902246, 133.95616591472478, 48.91426092498249, -0.80540057767, 0.584687509973, 0.0973161095127, 0.575779045011, 0.810734438406, -0.105774106989, 0.140742320628, 0.0291579502717, 0.989616801151,  
56, 7, 7451068.745002382, 121.16485130287982, 160.26073724311112, 136.57899112335005, 81.26787882178026, -0.155219872447, 0.488306903338, 0.858756752143, 0.922457706376, -0.239441630775, 0.302885267716, 0.353523084317, 0.839180596537, -0.413276366673,  
57, 6, 3787819.165372486, 96.70157389090778, 167.07843523002055, 127.32490480468934, 42.507627725798706, -0.838348524992, 0.497177845437, -0.223575357878, 0.545124466833, 0.762080050039, -0.349389915414, 0.00332660544357, 0.414786917994, 0.909912493791,  
58, 7, 1642290.7572990956, 73.19034817221547, 128.56550167535676, 99.79978093793477, 30.556766995746965, -0.743467269778, -0.197090716602, 0.639070941444, 0.656071795937, -0.400289828403, 0.63979516398, -0.129715910141, -0.894943184066, -0.426908046247,  
59, 5, 1214985.3799334683, 66.19534971435534, 144.79085722922463, 70.08333108385834, 28.584234599046763, -0.921814232929, 0.247005475843, 0.298742054075, 0.362099900134, 0.273629292027, 0.891072765192, -0.138355275622, -0.929578025476, 0.341676034072,  
60, 15, 6718141.211701683, 117.05415646949304, 140.3528566130009, 127.90564740861369, 89.34073938348332, -0.642441371422, 0.743905746572, 0.184047071432, -0.238736900873, -0.422496335612, 0.874357786353, -0.728198995088, -0.51778478793, -0.44902687775,  
61, 14, 9864135.646806216, 133.04242190350658, 215.85697724067424, 117.80810773429701, 92.60387394638047, -0.615200213013, 0.784329150683, 0.0797275441613, 0.750489151521, 0.613608479849, -0.245460112659, 0.241443018863, 0.0911724566237, 0.966122586319,  
62, 9, 5243658.092195406, 107.77431030432722, 200.3175481121021, 91.14345237918036, 68.56481145484925, -0.693604847352, 0.630641502494, 0.348143089924, 0.682141303934, 0.419689230798, 0.598785596871, -0.231507142865, -0.652803373831, 0.721285101689,  
63, 7, 11218091.033112334, 138.87053763611038, 260.80831831895586, 115.39502860743502, 88.98602609218283, -0.63441378215, 0.772857783559, -0.0144913564019, 0.772904967035, 0.634513469778, 0.00325093878317, -0.0117074741748, 0.00913800097311, 0.999889709911,  
65, 9, 6593118.484259811, 116.32349002062897, 187.30155721105413, 126.59258980025639, 66.38234627834368, 0.310840228746, -0.806286312779, 0.503270040851, 0.582873001107, 0.579953253567, 0.569133805232, -0.750757894913, 0.116432836873, 0.650235324882,  
66, 8, 5814793.647153385, 111.5531656876529, 224.87475893290997, 109.35630616138567, 56.44963718949738, 0.603878575377, -0.779139223964, -0.168144984708, -0.641226690182, -0.349568683124, -0.683103262748, -0.473454325146, -0.520330477159, 0.710701904134,  
67, 8, 4082651.0878563668, 99.14813562088523, 201.74804818350268, 94.11328675928894, 51.332613242995556, -0.319574448437, 0.750756499451, -0.578132208442, 0.947387290999, 0.264841524815, -0.179767315124, -0.0181519354104, 0.605164147374, 0.795893750431,  
68, 5, 7121860.331906877, 119.35344191168686, 262.87202186630515, 135.93352698927663, 47.58103581230583, -0.551706059624, 0.736614632995, -0.391176822207, -0.149302491884, 0.374213855068, 0.915244643029, 0.820566383476, 0.56334968992, -0.0964776511712,  
69, 7, 7854876.6152672805, 123.31528739150421, 267.0774493290228, 84.68898891966325, 82.90611993051901, -0.737112667476, 0.652529776938, 0.175698052507, 0.0437758487817, -0.213343326882, 0.975996055288, 0.674350495298, 0.727110387138, 0.128693023926,  
70, 7, 4692456.579883251, 103.85734539870646, 174.91291200472722, 94.87828990269455, 67.50297833220706, -0.437505701934, 0.732797020155, -0.521149966926, 0.861786080882, 0.507166575433, -0.0103351614222, -0.25673626852, 0.453641479602, 0.853402540664,  
71, 19, 9108472.622296428, 129.5544443490789, 172.19309829928886, 135.55603565757423, 93.1584701997088, 0.629984804874, -0.770604383639, 0.0963744237036, -0.643806263753, -0.587620577783, -0.490117895325, -0.434318593177, -0.246720369006, 0.866311964097,  
72, 9, 8532224.008002654, 126.76262186755517, 190.29584244509428, 139.31420710638346, 76.83320192115671, -0.448874630757, 0.87633104777, -0.174801203021, 0.87668908474, 0.394004114452, -0.276001823349, 0.172996573841, 0.277136523232, 0.94512831559,  
73, 7, 7056342.901903037, 118.98631717743727, 243.46988170232473, 113.50489089361479, 60.9580755039827, 0.846048947321, -0.434579994678, -0.30877403868, -0.39176479493, -0.89964819923, 0.192752336111, 0.361554317069, 0.0421111131176, 0.931399554413,  
74, 8, 7970762.408412398, 123.9187673879338, 179.577271853354, 131.20000057526676, 80.7655301630699, 0.376706691272, -0.926112267296, 0.0202024036634, -0.627863051292, -0.239233848093, 0.740645093651, -0.681087408174, -0.291690305444, -0.671592665339,  
75, 6, 4430038.500726122, 101.88407270918466, 177.5443839621696, 133.68334964103352, 44.5589176369618, -0.961615995424, 0.237921398806, -0.136704372041, 0.273710820241, 0.866948079863, -0.416513401591, -0.0194181417219, 0.437943415081, 0.898792802018,  
76, 5, 3156946.186189066, 91.00379913739322, 159.7751911973591, 83.92288171556226, 56.20679677714198, -0.940923174481, 0.124441817663, -0.314925092271, 0.0709061552742, 0.981813446687, 0.176109832343, 0.331113117936, 0.143375695013, -0.932634715851,  
77, 7, 6575809.429250115, 116.2216052928349, 177.37335381864628, 120.90428057626742, 73.20328226893128, -0.658154912946, 0.732596446486, 0.173593079243, 0.0606755598115, -0.178209087185, 0.982120154404, 0.750433599332, 0.656920061986, 0.0728384867562,  
78, 15, 6075187.473709493, 113.19407417194331, 143.48950489807433, 129.8487354566526, 77.84186155895495, 0.205193675947, 0.764269031409, 0.611382370519, 0.916317435011, -0.36950368783, 0.154367687598, 0.343886483663, 0.528545052299, -0.776132858501,  
79, 14, 7473329.398145954, 121.28539450854248, 161.21390007794687, 151.5583699408404, 73.02021466709763, -0.518754465839, 0.821121308691, -0.238020168442, -0.743860328908, -0.570743948262, -0.347740070454, -0.421385352438, -0.0033379537151, 0.906875538768,  
80, 8, 8398208.804604571, 126.09543174516094, 215.1777877362967, 111.762478323, 83.36900094803444, -0.599091493508, 0.788198381964, 0.140828594668, 0.754552403647, 0.496938299011, 0.428605876216, -0.267843335847, -0.363036689117, 0.892448491397,  
81, 7, 3078599.2773421565, 90.24466101251289, 197.05338677909722, 112.08171820503004, 33.27713052867199, -0.604081738872, 0.796003482927, -0.038258436054, -0.213332545319, -0.115267895325, 0.970155934587, 0.767837533512, 0.594215253485, 0.239444679739,  
82, 5, 1051819.3649130317, 63.08859432273852, 209.25852928109106, 60.18610335746713, 19.93761281001005, 0.0755017369141, 0.693001979776, 0.716971229374, 0.736252878372, 0.446170339538, -0.508786524197, 0.672481365401, -0.566286397632, 0.476538066733,  
83, 5, 3411222.193462509, 93.3842853880857, 234.43741847943332, 157.56449565623643, 22.046319910033517, -0.766917346522, 0.638453631853, 0.0649210565042, 0.634208193589, 0.738561721213, 0.228706255149, -0.0980701319925, -0.216572260303, 0.971328320023,  
84, 9, 10232043.295638984, 134.6763238449856, 214.27037836809234, 132.2752481658977, 86.18526837507964, 0.821217261545, -0.560494673169, -0.106995003109, -0.365187890262, -0.372170114647, -0.853303703595, -0.438451837887, -0.739821010187, 0.510318389577,  
85, 10, 6781973.546399361, 117.42371800231312, 168.7513984458772, 110.57596658215684, 86.76795407908192, 0.624028025817, -0.702465870493, 0.342243661428, -0.318864288926, 0.170939531655, 0.932258141163, -0.713382497853, -0.690884489123, -0.117320221817,  
86, 7, 3998118.265982511, 98.45905786045599, 181.99296279366408, 105.16296238528075, 49.87117729197991, -0.596604746998, 0.792379066106, -0.127272115781, 0.802158180701, 0.583917283966, -0.12483132067, 0.024597337122, 0.176567327335, 0.983981173562,  
87, 15, 6187352.051485916, 113.88645449025923, 198.48383343376625, 152.17331934633557, 48.9049213805961, -0.441830995382, 0.887917400404, -0.128015864562, -0.555349048933, -0.382786057641, -0.738283324967, -0.704537298778, -0.255102967712, 0.662230828711,  
88, 9, 3337464.760240402, 92.70632380455326, 148.98373363904219, 85.51335079922153, 62.539629097951796, -0.383042851041, -0.748111898423, -0.541854926806, -0.86956180395, 0.489948745911, -0.0617454086639, -0.311673616749, -0.44752521026, 0.838200896447,  
89, 9, 4290009.3429466775, 100.7990741069239, 192.46708774789494, 109.09166432997316, 48.77773009040695, 0.659321433443, -0.707833155874, -0.253510297324, -0.383577635125, -0.606666221042, 0.696293252932, -0.646655584709, -0.361840185292, -0.671497010472,  
90, 5, 6884551.047485091, 118.01277021765175, 193.69531516945804, 131.61165502390335, 64.4723570642681, 0.67623218313, -0.736345770678, -0.0224708812264, -0.660896064087, -0.592901520442, -0.460091490392, -0.32546340343, -0.325979589946, 0.887587111199,  
91, 6, 7167249.562580012, 119.60646067088341, 154.61213752225382, 146.96527393637516, 75.30184283276986, 0.82503295692, -0.550161273656, -0.129008499581, 0.300557287932, 0.233901425839, 0.92463800466, 0.478524750317, 0.80163127182, -0.358331365323,  
92, 14, 11596461.415570011, 140.41460826051653, 214.56347111577827, 138.00950406092434, 93.49149324591997, -0.886898216357, 0.458223637152, 0.0586741184624, 0.459090564398, 0.888388259819, 0.00146747996278, 0.0514529639912, -0.028238239522, 0.998276111266,  
93, 15, 7614241.927138326, 122.04294736506634, 203.54053569835935, 101.54240277463506, 87.95078361024513, 0.343877559889, -0.936157690719, 0.0731915426234, -0.740247474088, -0.3182186488, -0.592258869636, -0.577738609504, -0.149484680362, 0.802416618364,  
94, 9, 8369315.29809728, 125.95065780216872, 200.18225405458614, 107.44132058459165, 92.8975814111259, -0.621611112492, 0.434551542571, -0.651739657897, -0.174033359809, 0.734607748503, 0.65579253237, 0.763748659246, 0.521072367995, -0.381013874828,  
95, 6, 767414.4168541511, 56.795480940008964, 166.3232156797601, 67.31252208725462, 16.364118216734912, -0.94841829234, 0.280591053276, -0.147551359116, 0.089302246805, 0.683042621182, 0.72489853522, 0.304183910605, 0.674330363005, -0.672867527868,  
96, 7, 7125609.200010807, 119.37438034651416, 234.21532578423316, 120.13763950575687, 60.45594117257679, -0.803776669622, 0.549917236103, 0.227011230576, 0.576389932206, 0.625287003309, 0.526109123229, -0.14736930285, -0.553721226729, 0.819557863514,  
97, 9, 5437714.936071712, 109.08773949464518, 162.69971377330174, 99.00388256651702, 80.59142075220318, -0.964007844132, -0.134651353067, -0.229255075338, 0.128540965198, -0.990837494945, 0.0414521275337, -0.232736109611, 0.0104915074379, 0.972483332276,  
98, 15, 14146353.893972514, 150.03248516320897, 230.86189441471274, 142.05096121103372, 102.98156258407604, -0.834978248868, 0.522144637693, -0.173713273087, 0.549255318534, 0.771519258709, -0.321055491316, 0.0336142675123, 0.363487291071, 0.930992518901,  
99, 6, 1194230.7118682244, 65.81626134243193, 164.41878186696323, 61.466895063264246, 28.210249313109134, -0.910830914685, 0.408365907488, 0.0602024123666, 0.13154066128, 0.148908486159, 0.980062914909, 0.391259631554, 0.900590666369, -0.189347174168,  
100, 5, 2924374.0463707545, 88.71180936556472, 170.41167351335116, 104.0046761164126, 39.39055539704248, 0.566893944188, -0.823060275213, -0.0346848585112, -0.698519607984, -0.502581412432, 0.509394033278, 0.436693958402, 0.2645443389, 0.859834099958,  
101, 7, 5137713.300926444, 107.04352909248746, 184.34802285930613, 88.17005739244856, 75.460842349159, -0.478917864324, 0.859126124693, 0.180388417316, 0.783453028805, 0.325591859605, 0.529330985883, -0.396029078336, -0.394831917187, 0.829016722559,  
102, 8, 7959423.322939834, 123.85997784963857, 246.28685949776104, 147.60266295356524, 52.27060902841666, -0.80114940656, 0.58370462934, 0.13209289934, 0.562632371082, 0.659379631916, 0.498661524508, -0.203971672984, -0.473822125593, 0.856672720424,  
103, 6, 1982352.819361808, 77.9287029425558, 124.41887840665349, 95.61118030160253, 39.782986461820606, -0.803131227357, 0.0482433227711, 0.593845782549, 0.46475004696, -0.572946929626, 0.675084594464, -0.372810441772, -0.818171374249, -0.437730484278,  
104, 8, 6686752.77905359, 116.87157206143374, 213.51441382153573, 102.8792097686866, 72.67279096266633, 0.774484039025, -0.620826118443, 0.121447124112, -0.309996299115, -0.205117077077, 0.928347606894, -0.551431562237, -0.756638563219, -0.351313701439,  
105, 7, 5320683.891066393, 108.29945791242758, 228.58707320682515, 105.26430102273142, 52.78932031880431, 0.685268791899, -0.728282273348, -0.00340781113059, -0.607959523813, -0.574616278636, 0.547906332991, 0.400988653522, 0.37339129965, 0.836532747172,  
106, 8, 12209408.945710232, 142.84619515468597, 199.3989160745559, 145.8009301631342, 100.2589018113204, -0.835380863308, 0.395392508422, 0.381842346398, 0.0486836803138, -0.638721806156, 0.767896056515, 0.547511381152, 0.660075161345, 0.514326811362,  
107, 7, 5964765.79210892, 112.5040772922099, 249.5093153598977, 100.40563221798124, 56.840769246348174, 0.510790833376, -0.784695686974, -0.351205642586, -0.433134411284, -0.587774603313, 0.683312225459, -0.742621913426, -0.196910371857, -0.640108583878,  
108, 8, 4455371.6454907125, 102.0779114790234, 214.3239200694115, 140.1880692070664, 35.400845032008576, 0.865143072467, -0.431719336114, 0.255236907572, -0.422276367697, -0.901612061523, -0.0936929015512, -0.270573711669, 0.0267227495155, 0.962328302198,  
109, 11, 9971099.990247978, 133.52158754020851, 187.83893128898177, 121.80341214683419, 104.04216932026038, -0.78767208161, 0.592286997166, 0.169613692963, -0.0424480187704, -0.32682267828, 0.944131930751, 0.6146306676, 0.736466597987, 0.282570508891,  
110, 7, 10324107.44472175, 135.0790410339954, 191.22181042851835, 149.20631491017474, 86.385186739974, -0.923091154898, -0.123250036066, -0.364296786094, -0.0117137176925, -0.937805750423, 0.346962769316, -0.384402794691, 0.324545533143, 0.8642364771,  
111, 6, 6790514.324509507, 117.47298926611406, 175.93804631248753, 132.10997652018662, 69.74589954404344, -0.968599128713, 0.221089663944, -0.113732529881, 0.147276681204, 0.878757006459, 0.453977645674, 0.200313022615, 0.42297220251, -0.883724622761,  
112, 6, 1832203.7700260985, 75.90931184920714, 126.77599544450548, 83.35079820498365, 41.39409295924181, 0.518203370602, -0.359110086712, 0.776212092356, 0.380383233561, 0.90964512153, 0.166896220754, -0.766011659391, 0.208771881484, 0.607980624016,  
113, 5, 8113953.147733323, 124.65641383429491, 233.55344912866897, 138.60022830491047, 59.84028528383954, -0.811801173054, 0.192764514201, -0.551199326462, -0.117429232873, 0.870764991537, 0.477471155967, 0.572004572267, 0.45233855858, -0.684251852557,  
114, 5, 1622879.3977923188, 72.90084224751361, 167.476828399333, 109.38228758355427, 21.14929563568693, 0.762306226505, -0.644544212373, -0.0587535133236, -0.245907641496, -0.372410815039, 0.894896427915, -0.598680757069, -0.667737181186, -0.442389430227,  
115, 7, 6553434.249143462, 116.08963500211297, 183.8688849712817, 112.13592376533927, 75.88000130833909, -0.883279287838, 0.446528046236, -0.142934962836, 0.412219521446, 0.884869674503, 0.216980932995, -0.223366886121, -0.132734181992, 0.965654633456,  
116, 6, 9300854.40467365, 130.46021169190885, 218.5240880701935, 121.04126271259338, 83.94628366506389, -0.751147082206, 0.599898067452, 0.275500216989, -0.0295990954531, -0.447526183242, 0.893780850579, 0.65947096558, 0.663206320824, 0.353914426913,  
117, 7, 4790761.4398444155, 104.57759387367669, 194.83199801916544, 111.41245903196987, 52.68923486078825, -0.828503414766, 0.497835895596, 0.256401077956, 0.0804991624273, -0.34723489356, 0.934316762957, 0.55416782347, 0.794724700604, 0.247609922418,  
118, 16, 9553774.235731345, 131.63219449659917, 205.6517206865845, 131.92282794344945, 84.0686483613187, -0.784865839461, 0.619662547592, 0.00198523510398, -0.0811764442091, -0.105993304305, 0.991047831514, 0.61432564569, 0.777678433901, 0.133492525984,  
119, 7, 6815332.905635579, 117.61593220142842, 241.5889009811155, 102.92982110276257, 65.4305045225895, -0.73251156695, 0.68072396751, -0.00645634115112, 0.670429386955, 0.723014464086, 0.166656898534, -0.11811537322, -0.117749585048, 0.985993810239,  
120, 7, 7847633.898179018, 123.27737411230028, 197.2126820501451, 146.56667354434535, 64.8156759321036, -0.832033923586, 0.532540992498, 0.155304994483, 0.535393523661, 0.697659898523, 0.47605088049, -0.145166541685, -0.479239770159, 0.865595701164,  
121, 5, 4213193.849029506, 100.19382211769368, 186.6024765950398, 78.27549331043976, 68.86199736828078, -0.679894819984, 0.401397249382, -0.613696408615, -0.254902617204, 0.655333595037, 0.711029208232, 0.687581042133, 0.639857896259, -0.343240707221,  
122, 14, 12855018.775767405, 145.32088543269919, 191.62941995178863, 138.08883255621564, 115.97472810007666, -0.823478035591, 0.556551888899, 0.110154073286, -0.00750619168962, -0.204826598888, 0.978769493535, 0.567298494608, 0.805168342243, 0.172847790453,  
123, 17, 9532317.375588983, 131.53357620488262, 195.43092942199007, 127.843618071698, 91.08304348562818, 0.724284986603, -0.658306578604, -0.205045621137, -0.563977108078, -0.736707553257, 0.373084176211, 0.396662425427, 0.154578231136, 0.904856060771,  
124, 5, 3595165.815553242, 95.03351047429499, 134.4013475629664, 87.08771400557704, 73.32799367015726, 0.235493409201, -0.926126119756, 0.294674845428, -0.679942361817, 0.0596430712722, 0.73083588353, -0.694421513801, -0.372468944147, -0.615666831019,  
125, 7, 3875562.948133358, 97.44256975305797, 181.65967093124732, 91.84267877159844, 55.45530784399492, 0.81948123208, -0.573102327218, -0.00205737856089, -0.433700570747, -0.622488827692, 0.651468705566, 0.374638926438, 0.532974091243, 0.758672717884,  
127, 7, 12208669.90840427, 142.84331292951563, 236.12171171654032, 132.61727052091967, 93.07729090735059, 0.58368189473, -0.756526656934, -0.294928572901, -0.654097975963, -0.222861743873, -0.722833646809, -0.481114626265, -0.614817095132, 0.624922919989,  
128, 8, 5864265.823651456, 111.8686369133127, 178.85697982589855, 132.75211544593446, 58.96274525025662, -0.873208203, 0.369160122078, -0.318163854768, 0.466130236871, 0.823182523381, -0.324180714223, -0.142232332778, 0.431383051901, 0.89088642713,  
129, 8, 10061877.671980912, 133.92556109922026, 198.1936957840192, 187.26187152358284, 64.72189552936221, -0.988630760041, -0.123351777054, -0.0859858092851, -0.150298109723, 0.827555709469, 0.540890031282, -0.00443830085763, -0.547664027323, 0.83668656895,  
130, 5, 3038647.7407289604, 89.85258634854375, 257.37534018906683, 108.61662418166891, 25.949471256041566, 0.53523554105, -0.842764175592, -0.0571966776586, -0.56046775366, -0.40497853314, 0.722404516046, -0.631980073028, -0.354599678559, -0.689101048658,  
131, 6, 6453825.551306788, 115.49846283980558, 250.62214017104594, 102.56959450557764, 59.93638424758773, 0.661089817761, -0.732180232764, 0.16392790977, -0.407908253672, -0.167349043951, 0.897555098072, -0.629738921648, -0.660232083617, -0.409295109088,  
132, 6, 7167842.455537891, 119.60975862929499, 210.36052186494544, 128.53327696841492, 63.28780339202802, 0.412268476361, -0.884181797504, -0.219675333987, -0.686391064683, -0.142884892115, -0.713057651196, -0.599084309361, -0.444754377796, 0.665801422129,  
133, 6, 1025488.7427666546, 62.55769850393768, 102.0670002663942, 57.789267100378545, 41.50589186005324, 0.385668063828, 0.554777022793, 0.737212723388, 0.828488709617, 0.143402562606, -0.541333689211, 0.406037686158, -0.819547533716, 0.40432071107,  
134, 9, 4107483.8583489987, 99.34875262856868, 179.9850978057484, 111.30367292732053, 48.94870559953687, -0.792044765507, 0.605721947966, -0.0759342556813, 0.587864095991, 0.790331555675, 0.172603119175, -0.164562735993, -0.0920703744818, 0.98206015705,  
135, 7, 1238563.1656678296, 66.62080103844593, 122.89583596703854, 69.87480950164847, 34.43275289135778, -0.88087403812, 0.472570631223, 0.0271648204695, 0.0709371699191, 0.0750514962261, 0.994653301828, 0.468005178272, 0.878091265997, -0.0996337377135,  
136, 5, 13088995.65521179, 146.19726163062128, 194.0812070979044, 151.46627069215194, 106.29633653460883, -0.875312046461, 0.476977735184, 0.0795051033469, -0.117795643635, -0.36978936153, 0.921618150016, 0.468991479305, 0.797338114126, 0.379866982116,  
137, 7, 10510510.265655152, 135.88715218613203, 212.06001700083675, 134.83310689399983, 87.75661391611393, -0.637441110313, 0.765318147339, -0.089201817452, 0.74242068292, 0.579112813631, -0.336808370831, 0.206107642887, 0.280920776095, 0.937338336515,  
138, 10, 9559811.335794905, 131.65991510842383, 200.55660015194286, 118.79515323256614, 95.79107151922831, 0.591237835933, -0.799276596477, 0.107678891552, -0.70071716006, -0.442990059243, 0.55924526731, 0.399290975303, 0.406099408687, 0.821979310753,  
139, 5, 1710025.6321014378, 74.18304746141274, 186.90027448202548, 73.32952547662397, 29.78689243330027, 0.863973478482, -0.136274606703, 0.484746387349, -0.394892912434, -0.78067763157, 0.484357330156, -0.312425056917, 0.609894800055, 0.728298645252,  
140, 5, 3262612.024927929, 92.00800366480806, 267.0462213658525, 133.1773070828508, 21.90080896915852, -0.588150046975, 0.752209707982, 0.297085976546, 0.0518637621021, -0.331502680962, 0.942027665568, 0.807087152929, 0.569461612167, 0.155960892034,  
141, 11, 7248312.085142206, 120.05569280911757, 189.18802162778508, 148.27518351390898, 61.6859374153541, -0.454855436508, 0.849138608009, -0.268458853955, 0.861235526369, 0.49613953094, 0.110086029804, -0.226671347987, 0.181133073254, 0.956980098944,  
142, 11, 3569193.7811337216, 94.80411158262498, 129.04264896840976, 90.32773655918282, 73.10164011320143, -0.816247945879, -0.182349603549, 0.548167778087, 0.144602690852, 0.854180268497, 0.499465845387, -0.559311498761, 0.486954506084, -0.670854646223,  
143, 8, 4610659.977155496, 103.25034117209539, 148.0410485378736, 97.85182045158564, 75.98422249782023, 0.17379150458, 0.615482577697, 0.768750746008, 0.326098219597, -0.772556528281, 0.544808555169, 0.929223581336, 0.156005151076, -0.334971534203,  
144, 6, 7769304.695149055, 122.86584774307251, 232.8598656565132, 108.08283335595044, 73.69570552825255, -0.696789061791, 0.644472101512, -0.314866183865, 0.666077280726, 0.418503051893, -0.617410926091, 0.266131658149, 0.639930391472, 0.720876573764,  
145, 7, 3895533.729309313, 97.60965697905999, 202.20611765075043, 86.79053816644517, 52.99216799470663, 0.574238547262, -0.816934297494, 0.0535578604514, -0.651810247071, -0.416625087318, 0.633693094827, 0.495372074962, 0.398800564437, 0.771728331185,  
146, 13, 4703634.076322353, 103.93974321984835, 156.41736349577454, 113.94228429108674, 63.00500284955926, 0.670903851368, -0.694800473004, 0.259114501587, -0.596550723659, -0.713256696423, -0.367956681023, -0.440471629417, -0.0922886110028, 0.893010389614,  
147, 10, 7048821.941827987, 118.9440285358576, 193.2143157805238, 111.19800950683162, 78.32341522105494, -0.769171490604, 0.631883966764, -0.0953827583403, 0.638393901749, 0.766506187802, -0.0701533339988, -0.0287827075086, 0.114851715739, 0.992965578024,  
148, 9, 3478319.080262121, 93.9925870460175, 114.24167228368621, 88.55880459430668, 82.07757420636797, 0.839733393177, 0.129517770402, 0.527326251512, 0.315088831152, -0.907140365643, -0.278954092109, 0.442229416556, 0.400401678532, -0.802565660218,  
149, 8, 1398153.601563483, 69.36740139322146, 178.62260036232738, 91.80727527359953, 20.35414062588137, 0.619052091236, -0.600809525985, 0.505769138858, 0.542468753705, 0.792808904062, 0.277815933476, -0.56789273599, 0.102381419822, 0.816710404786,  
150, 10, 10255037.207505066, 134.7771319506299, 187.94655695668547, 154.02864506075335, 84.56930506602215, -0.813731671201, 0.412443347829, 0.409550060574, -0.488741525771, -0.866901210618, -0.0980510684094, -0.314598932407, 0.279951381244, -0.907003161994,  
151, 13, 6659413.269694741, 116.71207381578627, 207.62041104814014, 96.86742507306133, 79.04957800380643, -0.619995126439, 0.711718796766, 0.330245965187, 0.766597515874, 0.459830856918, 0.448200660064, -0.167135549325, -0.531047961446, 0.830694751877,  
152, 10, 7137910.647167837, 119.44303568784301, 186.6187118917582, 110.53004607242742, 82.612727210809, -0.714214344881, 0.587403503987, 0.38059820424, 0.696420189299, 0.650755444595, 0.302516563625, 0.0699770641244, -0.481117942749, 0.87385853298,  
154, 8, 4855126.397364066, 105.04385313241708, 166.17292647334085, 114.72754839989652, 60.797251995518955, -0.0415549121285, 0.965115243819, 0.258506780233, 0.98911990512, 0.00319383251288, 0.147076893933, 0.141120524989, 0.261805969341, -0.954747417825,  
155, 8, 12565230.748534737, 144.2205961303786, 269.65930473242196, 117.36157165485572, 94.7852002436223, -0.551139584579, 0.788734040119, -0.272293540628, 0.800232652642, 0.40718409066, -0.440259943623, 0.236374406303, 0.460542864749, 0.855586003727,  
156, 13, 11449699.355194611, 139.81974034885488, 198.75168889610117, 133.80711509429148, 102.78161531446342, -0.633511190887, 0.756758315502, 0.161184437646, 0.768921870414, 0.638955629206, 0.0222454738063, 0.0861552564889, -0.138030995879, 0.98667356099,  
157, 8, 3555075.033582505, 94.67894007126007, 237.0480414462288, 73.83735853200959, 48.48949251890022, -0.738944843643, 0.617842867725, 0.268757714039, -0.10513735001, -0.499739974806, 0.859770955089, 0.665512325721, 0.607066840127, 0.43423863938,  
159, 6, 1544403.310533465, 71.70630953880813, 139.06887026664168, 84.18576309390474, 31.492238735214045, -0.7514790609, 0.535085898979, -0.385956346938, 0.651766329267, 0.692865344007, -0.308444917461, -0.102371251147, 0.483343248414, 0.869424770265,  
160, 9, 8660054.92923407, 127.39254458630651, 233.2300894236402, 118.63154478275659, 74.72179099741379, -0.633744924151, 0.764439717761, -0.118318591197, -0.266102432176, -0.0718245316401, 0.961265172699, 0.726331099915, 0.64068178885, 0.248937700504,  
161, 12, 9754056.197075948, 132.5456709951266, 206.09479461364785, 120.66126901818079, 93.64007065279712, -0.902850837328, 0.416003833535, 0.108633217852, 0.411094553738, 0.909250346971, -0.065307537237, 0.125942976873, 0.0143044404644, 0.991934347404,  
