# Void_ID, Void_Volume, r = (a*b*c)**(1/3.0), a, b, c, vector_a, vector_b, vector_c 

0, 6, 1069.9767190823536, 6.3449553896294155, 9.622934762436566, 6.522573593226887, 4.069669951194377, -0.709903937088, -0.462595779418, 0.531075837307, -0.676492508841, 0.238082785019, -0.696903488985, -0.195944598263, 0.854003356166, 0.481958485836,  
1, 9, 1834.402972712586, 7.593967113872237, 8.568589373019716, 7.82292651414765, 6.533224087992129, -0.883494194806, 0.0832951105371, -0.460977149439, 0.453616637077, -0.0934879370361, -0.886279838536, 0.116918579839, 0.992129996618, -0.044812001729,  
2, 10, 764.3499506289502, 5.6719780850682096, 8.288346692766694, 5.5209063796979185, 3.9877262853982067, -0.422361768968, 0.604369181515, 0.675535660457, 0.138997661847, -0.693273509489, 0.707143189914, 0.895706529012, 0.392568125903, 0.208806322723,  
3, 13, 1274.168413806048, 6.725316722612732, 9.0477913547363, 7.28271317766722, 4.616389477974705, -0.489485316975, -0.0853335297943, 0.867826199857, -0.862157888884, -0.101828653625, -0.496301017464, -0.130720691173, 0.991135265236, 0.0237273451018,  
4, 6, 480.00889077854436, 4.857210114792664, 8.296876106179068, 4.502186835561131, 3.0677682857178254, 0.388899730462, 0.607570583561, -0.692542407104, 0.532887099212, 0.464855704426, 0.707064716668, 0.751524011021, -0.644024192134, -0.142984267686,  
5, 6, 2147.5744044822977, 8.00362139791898, 10.254101088230172, 8.310618875790167, 6.016288437328353, 0.343012464347, -0.901703708687, -0.263197399383, -0.786799364269, -0.428863747924, 0.44387233086, -0.513117150063, 0.0548298044478, -0.856565515799,  
6, 7, 942.8139319834679, 6.082924984658361, 9.05927602209127, 5.5372917017828955, 4.486901002463904, -0.970329213517, 0.143139343545, 0.194864942267, 0.241311371495, 0.522752747332, 0.817617506628, -0.0151670492412, -0.840381278639, 0.541783413488,  
7, 6, 860.5318563726379, 5.900553887908075, 10.007407437084316, 5.576660812843689, 3.6811416620363953, -0.245168200127, -0.230215670114, 0.941750125501, -0.968118435731, 0.00666141073365, -0.250404313072, -0.051373612339, 0.973116833089, 0.224509200511,  
8, 10, 2010.24999273672, 7.829255870871826, 10.755063376842465, 8.689616004960255, 5.135088119936912, 0.361583117158, 0.0500369292588, 0.930996216478, 0.699332050593, 0.645835166937, -0.306319474017, -0.616597382738, 0.761835443425, 0.198530664488,  
9, 10, 3215.6541979203316, 9.15644540269262, 13.468287376164474, 8.87907175530253, 6.419493897579197, 0.263794090848, -0.0199156834313, -0.964373394068, -0.896718288783, 0.363308717268, -0.252790598161, -0.355399758294, -0.931455925694, -0.0779799352023,  
10, 10, 1309.0021019993842, 6.78605296341391, 12.21652574423881, 8.096638652934308, 3.1593610716658262, 0.670405192124, 0.723212124964, -0.165894848254, 0.252960537675, -0.0125830994107, 0.96739476533, 0.697544152547, -0.690511323523, -0.191379903162,  
11, 8, 957.0645318472101, 6.113419588581956, 8.056738036307054, 6.246104573760047, 4.540295493332988, 0.836236530602, 0.389613742908, 0.385888061779, -0.343345583614, -0.176688666442, 0.92243965947, 0.427577215365, -0.903870702307, -0.0139813594792,  
12, 8, 2605.608522836851, 8.536375662335645, 10.476762497768243, 9.00976213555788, 6.5899198508605545, -0.636986466119, 0.0971235239364, 0.7647321512, 0.595190607867, -0.56847556631, 0.567964497848, -0.489894256231, -0.816947092293, -0.304304232809,  
13, 8, 252.58784535989585, 3.9214012203765956, 5.86502135458488, 4.253685203789998, 2.4170681446368505, -0.866342288053, -0.474865337526, -0.154770640457, -0.11741664078, -0.107552591123, 0.987241496601, -0.485452749914, 0.87346170572, 0.0374202651238,  
14, 5, 548.2313484345322, 5.077209515763516, 7.395610745414918, 6.125514994169551, 2.8890735879672174, 0.837621826247, -0.378181932866, -0.394167606291, 0.110223694018, -0.589730216876, 0.8000431292, 0.53501440492, 0.713580196584, 0.452286291601,  
15, 8, 2135.2930874983003, 7.988335473211504, 12.660428866507047, 7.02167991163046, 5.734287183580717, -0.801905705235, 0.372756491298, -0.466904527829, -0.175876991571, 0.59958242443, 0.780748487126, 0.57097681542, 0.708204429886, -0.415249276632,  
16, 12, 3971.752496535695, 9.824214947075605, 11.912371212463729, 9.76400131473202, 8.152062868252989, -0.0717714081917, -0.487500652566, 0.870167787679, -0.890261726396, -0.362081679843, -0.276280501729, 0.449758739192, -0.794506117579, -0.40801606053,  
17, 6, 813.9899562334115, 5.792199062095497, 9.683291652825718, 8.433728629062909, 2.3795114645136897, 0.283767187443, -0.924766495264, 0.253541145708, 0.956387051363, 0.253848573815, -0.144515430171, 0.0692819696293, 0.283492205904, 0.956468597433,  
18, 8, 1123.0504962340767, 6.448176130156101, 8.827407498005016, 6.7362484605929245, 4.5087837075838175, -0.962639837496, 0.0693398779316, 0.261756613276, 0.0305060052304, -0.932733964257, 0.359272508782, 0.269061195474, 0.353835178085, 0.895771589101,  
19, 5, 418.7141124343179, 4.6409796395738825, 6.359613928300038, 6.067414519721243, 2.5905654615513467, -0.515756317551, -0.85510716497, 0.0527935348563, 0.800426478474, -0.458971123661, 0.38556835996, -0.305471559172, 0.241116660688, 0.921167673377,  
20, 7, 712.5765487456057, 5.540908417725448, 9.3747489341368, 6.0904870382106, 2.979416696146904, 0.576994292195, 0.62491406449, 0.525889721118, 0.694235907344, -0.714437710037, 0.0872654767465, -0.430248871851, -0.314739845715, 0.846064263393,  
21, 6, 423.2889258549207, 4.657820690696945, 8.440013054875521, 4.154443372052083, 2.8819891087526006, 0.180333296814, 0.654216272927, 0.734493682953, 0.733176263401, -0.587195468752, 0.343007358905, -0.655692358386, -0.476657686096, 0.585546737195,  
22, 11, 2661.3169246014713, 8.5967836157186, 9.932185732836528, 9.37884414126415, 6.820462657737635, 0.258326556087, 0.0720413856025, 0.963367753862, 0.783714745122, -0.598698708187, -0.165381543992, 0.564852714164, 0.797727958376, -0.211119671576,  
23, 7, 612.0022394232707, 5.266896700902855, 6.494863771523251, 5.848180616366042, 3.8465694561567974, -0.833506558869, 0.486202194568, -0.262439025908, -0.401831231075, -0.207439185678, 0.891908429144, -0.379207697779, -0.848867722465, -0.368273148224,  
25, 6, 126.13749705957612, 3.111132683279052, 5.724341373998617, 5.137755426787323, 1.0238978896464446, -0.648238645733, 0.349514294209, -0.676480906103, -0.613480429433, 0.286515745138, 0.735901141792, -0.451030399064, -0.892047356328, -0.0286896006953,  
26, 8, 758.7576665902637, 5.658111406401865, 8.204277678454002, 5.170977778237778, 4.269740300702487, -0.800964214452, -0.571283956686, -0.179139521045, -0.540125879504, 0.818571047604, -0.195462206871, -0.258302848332, 0.059800341623, 0.964211365669,  
27, 9, 546.7114776796141, 5.072513296225426, 9.516213315687576, 5.3425733866174205, 2.5671717040275768, -0.145212639432, 0.96851468873, 0.202219156025, 0.124485876281, -0.184876426732, 0.974845615185, 0.981537852533, 0.166733333658, -0.0937200058234,  
28, 9, 1056.167307611105, 6.317540532815481, 8.567496558152467, 5.951682005949405, 4.944819613949337, -0.284032752695, -0.0270777396998, 0.958432152742, 0.0885758089862, 0.99458561353, 0.0543487205139, -0.954714471169, 0.100330719981, -0.280096456903,  
29, 8, 566.1986188918273, 5.132079777311943, 7.938251522470876, 4.847200694073017, 3.512888289286152, 0.396703132769, -0.803333712977, -0.444163899981, -0.288587914329, -0.568477776295, 0.770421984085, -0.871403259206, -0.177448481125, -0.457349315504,  
30, 6, 434.30005928184994, 4.6978638524125245, 7.422125476145518, 4.115455159066399, 3.3943382109893, -0.253330954055, 0.823258065437, 0.508005497421, 0.959091901703, 0.282334525096, 0.0207349951943, 0.12635723883, -0.492476774712, 0.861104218178,  
31, 7, 585.8008964722884, 5.190634801589641, 7.76400086231686, 4.795283002102422, 3.7563115425699873, -0.997892614285, 0.0598578817053, 0.0250472424164, 0.037869012932, 0.2237912576, 0.973901129931, 0.0526903047482, 0.972797258949, -0.225586401998,  
32, 9, 1925.5225977242324, 7.717678273046017, 8.978865798938612, 7.842046285936847, 6.528435665598699, -0.369576815324, -0.188805600622, -0.909816147773, -0.134061330404, -0.958060357248, 0.25327437999, 0.919478405002, -0.215575501954, -0.328765365713,  
33, 7, 510.42565568642294, 4.957712010490496, 6.8401652184198305, 5.268860850908027, 3.3811198472011923, 0.757014503797, -0.172417596458, 0.630239012973, -0.277156021482, 0.788748853661, 0.548689152076, -0.591703963818, -0.590040183615, 0.549307747006,  
34, 6, 286.6228476542477, 4.0901640987411865, 5.619869751932184, 3.796816932336937, 3.2068325948518113, -0.0299475562562, -0.608061426411, 0.793324930647, -0.661774936296, -0.582754780526, -0.471646901256, 0.749104183385, -0.539127227549, -0.384947730154,  
35, 5, 15.25884742368858, 1.5386660582997551, 4.974742288204325, 1.727610172430089, 0.42385448317303603, 0.679301639128, -0.060093988788, -0.731394555346, 0.387537774415, -0.816966164249, 0.427060604451, -0.623188379609, -0.573545986808, -0.531677763816,  
36, 5, 105.92374678663793, 2.9351811412303355, 5.5838591602357415, 3.8611855524434264, 1.1728692411923762, 0.800577547593, -0.50691241185, 0.319554998399, -0.365574620611, 0.00937074028805, 0.930734863423, -0.474795521309, -0.861946631723, -0.177812308366,  
37, 7, 1124.5277039781774, 6.451002100558672, 8.14832517564047, 6.013014243443941, 5.479248094208084, -0.526312056152, 0.349226125622, -0.775265588513, 0.822980842167, 0.438446589054, -0.361202328306, -0.213771263215, 0.828133867035, 0.518166136769,  
38, 14, 1597.0514146546564, 7.251203545076302, 9.639198014407617, 7.088090988857521, 5.580332832608015, -0.303929542414, 0.511373450272, -0.803818404619, 0.952401072556, 0.184028208457, -0.243034597301, -0.0236438203696, 0.839422904648, 0.542964231704,  
39, 5, 64.2649646707124, 2.4848216437625026, 4.80046821929312, 2.7202675173053676, 1.1748717177489958, 0.335760432028, 0.82848096172, 0.448201102578, 0.522796647963, -0.559713693572, 0.642965198208, 0.783548720351, 0.018435761312, -0.621056781254,  
40, 6, 528.1103445918325, 5.0143197201007155, 7.369379917964232, 4.851675474273696, 3.5262522412860773, 0.118916723652, 0.247865341859, 0.961468452494, 0.86224232436, -0.505937161934, 0.0237857574374, 0.492338285043, 0.826190268933, -0.273884378164,  
41, 5, 226.23092932034268, 3.7799651000951, 5.247965890995019, 4.068452069255847, 2.529549384771838, 0.869831482787, 0.456411474649, 0.187301247625, -0.391679471416, 0.408034909726, 0.82467854593, 0.299967303593, -0.790693416093, 0.533688615694,  
42, 11, 2054.832820217285, 7.886711628631896, 9.94700752468055, 7.585375729870211, 6.501571458302613, -0.98909051297, 0.00518811957516, -0.147217663913, -0.112772080307, 0.616312313846, 0.779385392283, 0.0947756036954, 0.787484739672, -0.609003587614,  
43, 7, 615.8245278887679, 5.277838835363209, 8.068671721178449, 5.94582488214419, 3.0644618059341604, -0.0886192177939, 0.049859398816, 0.994816905057, 0.214090763313, -0.974450291564, 0.0679100459107, 0.972785577248, 0.21899924571, 0.0756805858665,  
44, 9, 911.682875757546, 6.015222958273812, 7.047793556278079, 6.215062318200826, 4.968857320487597, 0.43341869923, -0.0580374955548, 0.899321900249, 0.517312473997, 0.833156443439, -0.195545761917, -0.73792684963, 0.549983626907, 0.39112910238,  
45, 7, 750.4083215146743, 5.637280920260919, 9.22062829216724, 4.490361720207824, 4.326803679761703, -0.644259038202, -0.656522449927, -0.392311820415, -0.255892077508, -0.298352636805, 0.919513430451, -0.720728476171, 0.692794325073, 0.0242174891907,  
46, 8, 1488.3901668719893, 7.082872014477001, 9.835126195854127, 6.940524808563627, 5.205421903287074, 0.50632278758, -0.794183858158, 0.336019693202, -0.57438996579, -0.0199561765812, 0.818338510774, -0.643205567433, -0.607349776042, -0.466275506074,  
47, 7, 432.00820078011014, 4.68958552498819, 6.135889762970583, 4.2651461250089255, 3.940868273338954, 0.296661694267, 0.177512753181, 0.938339523633, -0.464074467423, -0.831957596776, 0.304107622154, 0.834641676314, -0.52567649712, -0.164430813825,  
48, 13, 1101.3238322025654, 6.406322672236555, 8.44196205010434, 8.00591085009286, 3.8902031643107526, -0.403728720951, 0.326273508624, 0.854721426811, -0.790469036127, 0.34595827506, -0.505441959915, -0.460610272143, -0.879692258399, 0.118235813983,  
49, 9, 440.28484480505807, 4.719344807084705, 5.877203295451339, 5.4136075951941445, 3.303601397756213, -0.308325680836, -0.857996941723, 0.410824199057, 0.948174985626, -0.312052333461, 0.0598960584234, 0.0768080150093, 0.408000722028, 0.909744986056,  
50, 7, 313.43635242887996, 4.213926132680829, 7.152731952272648, 4.545749797853625, 2.3013531996534247, -0.438271466468, -0.829699677374, 0.345711681961, -0.861116302115, 0.27731690858, -0.426115062451, -0.257675834939, 0.484452038473, 0.836008006246,  
51, 12, 2858.9670239880415, 8.804543543030986, 11.323897902517635, 9.029204608437775, 6.675366227638542, 0.241960342144, 0.959472372687, -0.144457463915, -0.9042124646, 0.276970964687, 0.32509522233, 0.351930407455, 0.0519600882524, 0.934582868202,  
52, 5, 248.58614698587812, 3.9005822298719495, 6.607801595637044, 3.820650136328129, 2.3506829038487767, 0.247227692766, -0.87052444984, -0.425518096161, -0.925786319206, -0.341839164893, 0.16144868075, 0.286003774626, -0.354024247159, 0.89043173423,  
53, 12, 2797.8627287100744, 8.741365196182942, 10.17391580208945, 8.661084626515441, 7.580142540971262, -0.418892526528, -0.893537832049, 0.16161433698, -0.891371896074, 0.438580952144, 0.114467861455, 0.173162334556, 0.0961087462953, 0.980192794697,  
54, 9, 1171.7647485505584, 6.540093236621347, 8.412384655784509, 6.402127240881771, 5.194077139790204, -0.596165623334, -0.796723358742, 0.0990880375728, -0.759182848318, 0.519268820371, -0.3924299874, -0.261204809249, 0.309179206652, 0.914428928785,  
55, 8, 1528.164477816408, 7.145410168203544, 11.619340722389767, 8.694138275097915, 3.6113822641887894, -0.780491356668, 0.570754960069, 0.255092174955, -0.149263397412, -0.566367401409, 0.810523537483, -0.60708622152, -0.594530690695, -0.527237685928,  
56, 8, 1519.876795350138, 7.132469530611606, 10.078714078372062, 6.473728287764514, 5.561093317592533, -0.574011999673, -0.785026243481, -0.232903459138, 0.159834046102, -0.386373511041, 0.908387905948, -0.80309607267, 0.484199656146, 0.347256952485,  
57, 10, 1683.731017896333, 7.3800850668376095, 9.91458154198781, 7.083165537698439, 5.723771959188601, -0.745295153407, -0.425320612501, 0.51345643524, -0.664217895567, 0.406790842513, -0.62716488873, -0.0578767787289, 0.808469904838, 0.585684805552,  
58, 8, 667.7850231210143, 5.422289341065926, 8.753612382714577, 5.115089948811022, 3.560471209427446, 0.31751970902, 0.868192524008, 0.381343645077, 0.822525964528, -0.452274985974, 0.344816436297, -0.471839243876, -0.204179034965, 0.857717115149,  
59, 7, 586.1532005442191, 5.191675152396351, 8.5702765076648, 4.508772321635675, 3.6213407522969727, 0.24924457692, 0.830579507085, -0.498010866635, 0.708713903832, -0.506893649009, -0.490696883126, 0.66000132075, 0.230643688412, 0.714983738,  
60, 5, 104.98705101344697, 2.9265034643171286, 4.836921806128111, 3.4375472934759452, 1.5074030136138366, 0.860747713763, -0.176629144327, 0.477404983872, -0.212140059551, 0.728069731597, 0.651852023903, -0.46272018368, -0.662356860995, 0.589214239736,  
61, 7, 1420.9302680440233, 6.974205158054901, 10.258229797772364, 6.939169688842343, 4.765453375683989, 0.135762157685, 0.144855420366, 0.980094660597, 0.901150516697, -0.429135848752, -0.0614017065903, 0.411699384013, 0.891548837982, -0.188796945676,  
62, 8, 222.4840350123763, 3.7589805713219957, 4.414669550275323, 3.541964612509133, 3.3967831631796823, 0.353109666273, 0.746809486022, -0.563550490349, 0.780500419968, -0.567279065558, -0.262704313269, 0.515880468728, 0.347087962004, 0.783196838998,  
63, 6, 195.6157048079296, 3.601126436336831, 5.582332934884441, 4.72849793760039, 1.7691969047453635, -0.651133239499, -0.692592398095, -0.310388908501, 0.0409155744951, -0.440402302484, 0.896867731458, 0.757859762873, -0.571280650878, -0.315098393759,  
64, 6, 262.9689135420698, 3.9744032954145556, 7.878853804275259, 4.884877954399893, 1.6311693153553404, 0.597027532881, -0.230447350642, -0.768408838812, 0.26942201072, -0.844618841116, 0.46263462189, -0.755625505871, -0.48323186134, -0.442173114361,  
65, 5, 115.6922932533494, 3.022771184237311, 7.920700499688809, 4.284124905630734, 0.8139357124981491, 0.816608616341, 0.57318220667, 0.0679155775616, -0.294012501331, 0.311822301194, 0.903506226619, 0.496696101031, -0.757778998413, 0.423159512224,  
66, 11, 1577.294815458477, 7.221178639657903, 9.451481435431871, 8.250389729417705, 4.828918956970881, 0.0878237388937, 0.878622118528, 0.469372095166, -0.434338617531, -0.390267254557, 0.811813670334, 0.896458005825, -0.275162938736, 0.347344786831,  
67, 11, 4116.381234478815, 9.942043525877727, 15.75367884237171, 10.456905894467804, 5.965430538211227, 0.770287481711, 0.450924202094, 0.450915246455, 0.575435470078, -0.186761003596, -0.79623761988, 0.274829429457, -0.87280449787, 0.403337443343,  
68, 17, 2989.724717626391, 8.936775829974723, 10.893110768604293, 8.90499749451818, 7.357950659314788, 0.703540468389, 0.149966503157, 0.694651608556, 0.198379693646, -0.980067209408, 0.0106659360981, 0.682404796648, 0.130300855618, -0.719267252513,  
69, 7, 727.2960456499571, 5.578801028935196, 9.329010949684164, 5.644691765877143, 3.297211321216462, -0.940628396235, 0.143327320438, -0.307693840387, 0.326220877738, 0.632205439057, -0.702777505157, -0.093798502779, 0.761428632272, 0.641426752508,  
70, 9, 1847.3079585385683, 7.611733316102082, 10.917082727719725, 7.719441800683148, 5.233089872853581, -0.652681902311, 0.72387492656, -0.223632343575, -0.130788239704, 0.183090611211, 0.97435735972, 0.746257844683, 0.66519389563, -0.0248256010097,  
71, 9, 956.7835323885812, 6.112821218708878, 9.04805062073694, 7.455854786141417, 3.3858882480371393, 0.618983290993, 0.319240371004, 0.717596872201, -0.481624729324, -0.567433044997, 0.667875257476, -0.620400923254, 0.759016024183, 0.197477516336,  
72, 7, 560.3308655882317, 5.114289548824111, 8.465582593082264, 5.551852649653408, 2.846172082672743, 0.443539427762, 0.448871737412, -0.775749276102, -0.471458202925, 0.852967791426, 0.223993548313, 0.762233519937, 0.266383389391, 0.589949108772,  
73, 9, 834.3698971900948, 5.840141090305364, 7.813451332702959, 5.62753307812895, 4.53011315214358, 0.378934683922, -0.419915779641, 0.82466917205, -0.533560746288, 0.628964433978, 0.565434939504, -0.756122632475, -0.654274008959, 0.0142858622246,  
74, 7, 1627.4594510145887, 7.296935753188444, 10.502015989768386, 7.659636215140013, 4.829929018973165, 0.462008166396, -0.872499462336, -0.159038179083, -0.266340472073, -0.307544680927, 0.91349823326, -0.845938063406, -0.37968534006, -0.374470072802,  
75, 5, 458.4944791673838, 4.783529982817134, 10.676099609027528, 5.634986010024531, 1.8194496509497038, 0.36351262685, 0.90051658241, 0.238596846008, 0.637034252146, -0.427162165306, 0.641653992526, 0.679739605815, -0.0812549649908, -0.728938748422,  
76, 9, 1761.3884494909346, 7.491846057789042, 9.631788828970414, 8.109959401041838, 5.3832047968754555, 0.694142030519, 0.641020821365, 0.327504424465, -0.416238477733, -0.0137631327552, 0.909151310746, -0.587292406831, 0.76740007998, -0.257263961963,  
77, 6, 217.74429744372463, 3.732095315981473, 6.80224485724411, 4.240520986529015, 1.8021324333236408, 0.1351532166, 0.990599227404, -0.0211371405133, 0.37331308373, -0.0311493085655, 0.927182324083, 0.917807686587, -0.13320244458, -0.37401358157,  
78, 13, 2530.369253751406, 8.453406709056614, 9.976567167781441, 9.130372733398273, 6.631711952963798, 0.509762769584, 0.713074596641, 0.481317502665, 0.722539563605, -0.0511691886853, -0.689433313058, -0.466988755508, 0.699218373439, -0.541308755217,  
79, 8, 668.6581220421261, 5.424651445165336, 7.472870574857105, 6.034260251391668, 3.5400061572321864, 0.430621352916, 0.895947058817, 0.108830685975, 0.855616046881, -0.366885193716, -0.365125231874, 0.287204510291, -0.250348002647, 0.924575279163,  
80, 5, 95.57076881904814, 2.83625640820544, 8.21003574315863, 3.540131754054707, 0.7850042300066681, -0.687231815879, 0.717541360256, 0.113343846617, 0.00219814672379, -0.1539720726, 0.988072754917, 0.726434855576, 0.679284179987, 0.104237245857,  
81, 6, 791.2875291941222, 5.737841808611582, 9.207991634493013, 5.7572391364160005, 3.56341601005883, 0.608027164046, -0.168310247722, 0.77587023934, -0.273263979625, 0.87318815199, 0.403570624133, -0.745405772195, -0.457399291359, 0.484928987629,  
83, 10, 1168.8343902095617, 6.5346368470562055, 8.333784353772186, 7.093126349920628, 4.720461039306812, 0.460526009113, 0.201542096588, 0.86446317344, 0.745823776171, 0.44021694536, -0.499955933974, -0.481313504722, 0.874979899381, 0.0524164654558,  
85, 8, 1414.970834477647, 6.964441471631009, 9.527375327681668, 7.379383058154015, 4.804691964425804, -0.98635660561, -0.163639815391, -0.0179626665391, -0.149637774781, 0.936703739059, -0.316535371784, -0.0686234867141, 0.309528861419, 0.948410618361,  
86, 6, 656.0520944781936, 5.390345123839999, 10.920128786722332, 5.706376047610646, 2.513399756677694, 0.348780686539, -0.929203749122, 0.122198303238, 0.532975831993, 0.303903289559, 0.789670534531, -0.77090128759, -0.210293088837, 0.601238739254,  
87, 6, 844.3291445851938, 5.863285707162515, 8.51010913144492, 6.351458116770136, 3.7291907923351917, -0.179364439605, 0.767909862247, 0.614933200655, 0.711144377863, -0.330709308316, 0.620407146338, 0.679780899731, 0.548585268537, -0.486777291484,  
88, 6, 259.92346432042973, 3.9590011309667084, 5.856586177780796, 3.972702297634223, 2.6670202778659307, 0.321116949202, 0.398688781836, -0.859029196345, 0.814595825414, 0.34636284924, 0.465259516705, -0.483029549979, 0.849164313843, 0.213547235858,  
89, 7, 427.3952541780689, 4.6728340949838385, 6.871169861486114, 5.463006303939029, 2.7181830478608258, -0.0147661995545, 0.22819276891, 0.973503990525, 0.0680204709792, -0.971125446117, 0.228666970576, 0.997574646269, 0.0695947420546, -0.0011819474855,  
90, 7, 128.063816618882, 3.126890049611646, 4.780843111812221, 3.91439630055143, 1.6336858482664165, -0.717071770355, -0.367714898153, -0.592109643425, -0.49889280668, 0.864023113962, 0.0676019672969, -0.486738167399, -0.343874704239, 0.803016901554,  
91, 10, 535.6037303405751, 5.037924575807709, 6.61022567550152, 4.872903348335616, 3.9696379573785747, 0.609854998915, -0.785860393197, 0.102471082274, -0.50721017289, -0.287682434129, 0.812389474089, -0.60894558116, -0.547414157196, -0.574040956455,  
92, 6, 1116.9636903839507, 6.436505560100709, 10.821597694581081, 7.860121221975664, 3.1349442196435318, -0.820615553266, -0.52303201434, -0.230277280065, -0.539593675752, 0.841856631109, 0.0107739383198, -0.188225340554, -0.133097425347, 0.973065412261,  
93, 8, 469.3818789886062, 4.821097374696441, 6.179669746862602, 5.586318009496061, 3.245987093905926, 0.896797258616, 0.383735949041, -0.220230330228, -0.385091220165, 0.922074090437, 0.0385243286438, -0.217851851245, -0.0502602542671, -0.974686861382,  
94, 11, 1180.5971750336396, 6.556484569758559, 7.997025848400392, 6.468624014175427, 5.448446890634507, -0.00322760734979, 0.244879557853, 0.969548134286, 0.727924673103, -0.664201790584, 0.170181231847, 0.685649511659, 0.706307286902, -0.176110089519,  
96, 7, 1059.9055002701914, 6.32498517906974, 8.226401490571865, 7.680006003622314, 4.0050420071213395, -0.00204757473626, -0.154418625011, 0.9880033885, -0.736812403704, -0.667753135032, -0.105892551219, 0.676094142251, -0.728189974461, -0.112410283822,  
97, 17, 2358.7434522523304, 8.257793772916077, 10.459519800051481, 7.861212807116496, 6.848426496686724, -0.766154816904, 0.0205870115272, -0.642326218904, 0.599415880292, -0.33753365148, -0.725790353044, 0.231748568473, 0.941088310986, -0.246262851311,  
98, 9, 615.0351417070857, 5.275582762798621, 6.626845193990267, 5.291448757939417, 4.187259741155943, -0.380569953964, -0.924683748892, -0.0112460960066, -0.922622893719, 0.378840828189, 0.072433575662, 0.0627176699637, -0.0379419481958, 0.997309832721,  
99, 8, 1031.3114357962233, 6.267587533618785, 8.97301266776915, 6.991943200020615, 3.9243257649388803, -0.994667572638, 0.102456487414, -0.0117935630631, -0.0508337872751, -0.387553791228, 0.920444449696, 0.0897348650986, 0.916135758003, 0.390695440074,  
100, 7, 471.4521923414808, 4.8281751535281225, 6.128965235173571, 5.115866000427069, 3.5895725206724527, 0.767657406543, -0.267829520621, -0.582210833001, 0.493313963285, 0.826863711141, 0.270069873971, -0.409076325162, 0.494533872533, -0.766872094361,  
101, 10, 1925.5008270082285, 7.717649186567481, 12.105576618563862, 7.30074657809116, 5.201185532189723, 0.604965691005, -0.393095786417, -0.692453764094, -0.509943653154, -0.859170890862, 0.0422238191521, -0.611534122772, 0.327568440172, -0.720225613047,  
102, 17, 2657.648373693543, 8.592831657391562, 9.886339099566527, 8.403451570223114, 7.63687543050259, 0.616557660897, 0.188031349658, 0.764526560909, -0.386075995995, -0.774084390434, 0.501735669255, 0.686150111933, -0.604514324092, -0.404673270505,  
103, 11, 2928.2638673521597, 8.875112492125858, 10.112985760086438, 8.499040930118523, 8.133402837040215, 0.0366532760566, -0.304607415294, 0.951772483266, 0.783218503204, -0.582770482079, -0.216673351975, 0.620665218611, 0.753387607918, 0.217213716514,  
104, 5, 102.0759982472487, 2.8992011092379575, 6.759474782176549, 2.6166997180637526, 1.3777429161465051, -0.255495381486, 0.113978542576, 0.960068227717, 0.025707960479, -0.991874455356, 0.124596009488, 0.966468422043, 0.056515101031, 0.25048918649,  
105, 11, 1275.238228076019, 6.727198427580094, 8.272064414408781, 6.789305011783677, 5.42080127342064, 0.733121073014, 0.680007146187, -0.0111253511041, 0.56587104298, -0.600832575958, 0.564615070987, -0.377257809754, 0.420226720714, 0.825279375834,  
106, 8, 1272.1873580978136, 6.721829444735617, 10.07711519715222, 7.042721799785947, 4.279427860438164, 0.352885329888, 0.916192515746, -0.189903180703, 0.549821629362, -0.0388266884674, 0.834379208842, 0.757078674799, -0.398853058599, -0.517443830585,  
107, 8, 1557.2689332813213, 7.190487519406547, 9.032468214809514, 7.140873129219617, 5.763910801866001, -0.120465012157, -0.782821879332, 0.61047365716, -0.89084714721, -0.186103687702, -0.414435492848, 0.438040570215, -0.593763692611, -0.674955654975,  
108, 11, 2256.7834352943473, 8.13705201270439, 10.74873876848343, 8.675292109315036, 5.777762169523209, 0.108876486817, 0.98481115142, 0.135251272295, -0.854508274709, 0.0232038087829, 0.518919253556, 0.507899122928, -0.17207143661, 0.844055627095,  
109, 7, 831.6098331433338, 5.8336943212712855, 7.094026943010395, 6.294964273983605, 4.445748629882669, -0.631834902302, 0.762016731729, 0.141827912616, 0.303538747942, 0.074890880647, 0.949871351549, -0.713196245595, -0.643212139625, 0.278620276917,  
110, 7, 507.4541446378827, 4.9480726199347425, 7.803194057175853, 4.755685042684446, 3.264545323413648, -0.0059095356391, 0.818758156178, 0.574108142322, 0.883873805517, -0.264236176774, 0.385935666666, 0.467688115425, 0.509719849109, -0.722117374195,  
111, 7, 853.9997420179315, 5.885586001103038, 8.111611798051236, 5.596941699371519, 4.49067048681826, 0.838008036774, -0.157829901112, 0.522333468789, -0.392979332668, 0.489548770504, 0.778401724943, 0.378562774712, 0.857573159336, -0.348221914861,  
112, 6, 154.38991679504193, 3.327949861338163, 4.392479162012616, 3.7618101387131206, 2.2306104957669266, -0.281694675454, 0.027135987266, 0.959120299032, -0.948904825298, -0.156046234275, -0.274279429221, -0.142224267782, 0.987376934592, -0.069706862576,  
113, 7, 349.8727490610826, 4.37126533987335, 6.150781151873221, 4.9675384483956675, 2.733694607221793, 0.904021766601, 0.423366844303, -0.0592043972679, -0.25471102071, 0.644681989868, 0.720768636851, -0.343317551896, 0.636510523938, -0.690642752424,  
114, 8, 1055.6426776071175, 6.3164943222308825, 12.08861120741909, 5.152140857587862, 4.046356957240593, -0.589103683394, -0.795771391176, -0.140373584401, 0.0355715604873, -0.19908761279, 0.979335890549, -0.807274125868, 0.571937072954, 0.145590076188,  
115, 5, 549.7847436961102, 5.08200036171342, 7.205257639191409, 4.873584928065776, 3.7377136085470735, -0.407589992929, -0.877439290485, 0.252924275579, -0.886375401911, 0.446751382296, 0.121457191238, 0.219565581435, 0.174681120701, 0.959831996508,  
116, 25, 3465.9366243372187, 9.3880919805802, 15.177270017201206, 8.307365233092472, 6.56258652782122, 0.0501748615828, -0.824470055995, -0.563676866682, 0.654819063149, 0.453308617203, -0.604750603229, 0.754118344692, -0.338763079951, 0.562623406783,  
117, 9, 1413.4300508476872, 6.961912657503182, 8.991320249175885, 7.6314947656992285, 4.917593591326317, -0.999068940859, -0.0401886477865, -0.0156883395982, -0.0420922633541, 0.9877595232, 0.15019775529, -0.00946006215559, -0.150718270019, 0.988531491813,  
118, 11, 2495.6882755546567, 8.414608405471187, 12.865059643010449, 7.83414631162482, 5.911507531942229, -0.98505361814, -0.170617945656, 0.0236407700701, -0.0882521499703, 0.617786558418, 0.78137783835, -0.14792203154, 0.767612718015, -0.623610285135,  
119, 9, 1079.2532826428999, 6.363239306270207, 8.254135073350593, 7.252614858426236, 4.30396352422237, 0.319714199917, -0.474421263313, 0.820187353772, 0.596794303063, 0.773167487906, 0.21458936478, -0.735947953461, 0.420875873104, 0.530324531995,  
120, 6, 1143.8568150448061, 6.487753663300562, 8.722747434949488, 7.117888603593829, 4.398236415920506, -0.714233552042, -0.554411930255, -0.427197664705, -0.699254262131, 0.538868683758, 0.46974888883, 0.0302309449073, -0.634230205253, 0.772552999291,  
121, 9, 960.5208554906906, 6.1207700408500605, 7.892711832325804, 7.104619074117201, 4.089320460639904, -0.407492181978, -0.364324158419, 0.837387621845, 0.889600840065, 0.0487860988921, 0.454125821673, -0.206301883128, 0.929993453819, 0.304223123498,  
122, 10, 1876.603946543014, 7.651759980539222, 9.164346480954864, 7.960161435949733, 6.141304625025231, -0.65712211682, 0.187785816578, 0.73001850023, 0.75283497263, 0.212084943386, 0.623104710922, 0.0378157053376, -0.959039344282, 0.280737437028,  
123, 8, 1185.5828903305335, 6.56570105171656, 8.741673247916806, 6.347910707383136, 5.100560879850008, 0.529088954424, -0.489637308202, 0.693051357926, 0.33749945221, 0.870778096164, 0.357546678071, -0.778562135005, 0.044730455595, 0.625971395735,  
124, 5, 155.77825509231593, 3.3378955448291507, 4.927744954249548, 3.9958486663126314, 1.8886912648805911, -0.195329670747, 0.725642053287, -0.65976505684, -0.2251922397, 0.621564397766, 0.750297377451, -0.954533799771, -0.295129310525, -0.0419989900362,  
125, 6, 201.59286109392772, 3.637437276140421, 4.1662719680002915, 3.4960045135577813, 3.30420464962424, -0.972241491149, 0.120139060655, -0.200781196813, 0.196381072332, -0.0475303597499, -0.979374973813, 0.127204391899, 0.991618611668, -0.0226179502776,  
126, 6, 392.7374494162363, 4.542949425086405, 7.875612131973332, 5.487895568603813, 2.169319640645516, 0.152701072971, -0.427161613047, 0.891187600145, 0.866556739837, -0.375678554792, -0.328549905057, 0.475143977081, 0.822434544392, 0.312793256376,  
127, 8, 349.2184784140121, 4.36853884839375, 8.689598257373317, 4.051256138980914, 2.3682045213969403, 0.123925895347, -0.0662812502162, -0.990075334675, -0.811965311852, 0.566772536227, -0.139575157275, -0.570398724413, -0.82120380421, -0.0164197180081,  
128, 8, 204.91438089941929, 3.6573058134963703, 6.001359085445789, 3.20494420592227, 2.543394585744793, 0.121288973619, 0.896505224947, 0.426107224206, 0.444266770707, -0.432908926721, 0.784357633743, 0.887646337977, 0.0941713481257, -0.450794560602,  
129, 6, 303.8013663672654, 4.1702975012006664, 6.7832888710992005, 4.349137550777384, 2.458428930080318, -0.855468882244, -0.500198795923, 0.134067729411, 0.00848587725369, 0.245315800615, 0.969406079956, -0.517784686332, 0.830434417956, -0.205615408164,  
130, 6, 207.2364950596589, 3.6710689634272677, 9.235590728679982, 3.8035535781208734, 1.4083915537825333, -0.338216744474, 0.427721148629, -0.838250590678, 0.914798844907, -0.0595617322355, -0.399494021744, 0.220799699079, 0.901946239567, 0.371134037537,  
131, 8, 1400.0216650893406, 6.939828141564386, 8.74638055229204, 7.883744823507318, 4.847136151062838, -0.00186063540942, 0.93853514432, 0.34517867969, -0.766178638046, -0.223159162121, 0.602636111567, 0.642624954883, -0.263347244599, 0.719500796472,  
132, 20, 3396.4308256042127, 9.32491155949978, 11.408246404160135, 8.861611696933476, 8.02052054705373, -0.996099288936, 0.0310411882893, -0.0825993414666, 0.0731439467275, 0.814070523636, -0.576141602042, -0.0493575692094, 0.579935881953, 0.81316554476,  
133, 6, 296.60170134442353, 4.137090387688917, 9.453590027242097, 8.120642804727495, 0.922354468657112, 0.55928628876, 0.818651168528, 0.13041898433, -0.30964828313, 0.0603715053408, 0.948932675219, -0.768971253013, 0.571109048791, -0.287258883986,  
134, 5, 574.3310333800565, 5.156534068535582, 8.472642119868425, 6.192068052566065, 2.6134794594786843, -0.830260550798, 0.549405183531, -0.093922106548, 0.540934504643, 0.834873464076, 0.10186344128, -0.134377377098, -0.0337674886827, 0.990354722931,  
135, 12, 967.3049017977248, 6.135146341722453, 8.44924475214917, 6.513879670787307, 4.195822977143214, 0.740682564873, -0.67064325052, -0.0403356991426, -0.0816095132233, -0.149399364911, 0.985403327128, -0.666880218214, -0.726579286999, -0.165388374014,  
136, 6, 213.49694295319742, 3.7076695236959023, 5.979119897994866, 3.307871660669693, 2.5770161352561916, 0.0429656593834, 0.998359373472, -0.0378485602761, -0.841986612865, 0.0565759804266, 0.536523720067, 0.537784804424, 0.00881588566118, 0.843036051596,  
137, 6, 281.8917787101055, 4.067534702984746, 7.334453567877327, 5.369922412286739, 1.7086693389130942, 0.540239626401, -0.705635558671, -0.458497114936, -0.766123891307, -0.637829046819, 0.0789195172506, 0.348131195434, -0.308630143333, 0.885184786015,  
138, 7, 276.78273329035324, 4.042811212195976, 8.928172476416377, 4.479890554432284, 1.6520394309101545, -0.371128555893, -0.814861137827, 0.445269492622, -0.00225086789163, 0.480303822218, 0.87709929424, -0.928578768115, 0.324514351642, -0.180088608701,  
139, 9, 692.6140296190509, 5.488675538719624, 7.590693841868323, 6.132035716424612, 3.552356342792987, -0.25205640579, 0.716522403025, 0.650433097455, 0.634877013278, 0.629706451006, -0.447661661943, -0.730341527172, 0.30010903273, -0.613625147922,  
140, 12, 1149.2733858179167, 6.4979781520326325, 8.545708535837221, 5.760329675930321, 5.57364526018945, 0.119298990554, 0.483165620226, 0.867363092531, -0.434065190189, -0.760310571778, 0.483234151431, 0.892947457312, -0.434141472189, 0.119021093115,  
141, 8, 318.92801387001543, 4.23839426200387, 5.827407030194546, 3.9075779933688706, 3.3436518433557585, 0.89259262142, -0.121636680787, -0.434146208176, -0.374639541723, 0.335640147914, -0.864286355837, -0.250845821102, -0.934103960486, -0.254020009134,  
142, 11, 2791.721115702452, 8.734964427972702, 10.75045793220907, 9.604565224924608, 6.454739918149744, 0.0212533616758, 0.0909445129118, 0.995629142898, 0.902813398425, -0.429568750775, 0.0199663712746, 0.42950699906, 0.898442977561, -0.0912357047949,  
143, 10, 2332.1089335272136, 8.226594188575108, 14.01134945160593, 8.195678535983422, 4.8483653975675916, 0.636089328272, -0.156461178208, 0.755586041541, -0.700023923505, -0.528934095289, 0.479786649836, -0.324587234774, 0.834115473154, 0.445975901218,  
144, 8, 637.3446121478721, 5.3386146000718435, 7.535922322431968, 5.455414833474152, 3.701020716102449, -0.391294594321, -0.917444676228, 0.0719986563522, -0.887827747434, 0.355756106618, -0.291889505618, -0.24217851131, 0.178137190575, 0.953738281707,  
145, 7, 581.2606790583063, 5.1771900981771735, 7.8059891352801944, 5.600479097528361, 3.1741629090126704, 0.559625254212, -0.401582283127, -0.72494913251, -0.351537540957, -0.907185587238, 0.231161561694, -0.750493792211, 0.125482987634, -0.648855213178,  
146, 5, 445.8921394730922, 4.739294926258577, 5.990966666329542, 4.674984237151831, 3.8007049192459967, -0.398966752533, -0.898241044003, -0.184359857999, 0.0337674740383, -0.215309991688, 0.975961764198, -0.916343433474, 0.38315092894, 0.116232859305,  
147, 6, 443.4422217734738, 4.73059909180585, 10.641186138831314, 3.948239073686577, 2.51973547257979, 0.652147168152, -0.680354387453, -0.334397934421, 0.499273519995, 0.0535249888159, 0.864789585856, -0.57046474326, -0.730926113261, 0.374589099749,  
148, 5, 526.5348521121364, 5.009328407150135, 12.35287319426335, 3.9663263021502098, 2.5655594962123165, -0.100319530779, 0.994934268489, -0.00646476063147, 0.990979569339, 0.0993362826078, -0.0899544112928, 0.0888565411079, 0.0154306300388, 0.995924902168,  
149, 6, 1431.6437090309128, 6.991689181416578, 9.207747613575535, 7.125222710244196, 5.209481376245703, 0.498320600412, 0.358797477891, -0.789266082551, 0.339057576695, 0.757199171181, 0.558291478394, 0.797945197924, -0.545814790036, 0.255674942236,  
150, 7, 1234.5961902463462, 6.654959871119627, 8.23750881804135, 7.083349114326889, 5.051283962268253, -0.184327120874, -0.737304927943, 0.649926884919, -0.795050048951, -0.276922258034, -0.539638288734, 0.57785719012, -0.616194373746, -0.535150036524,  
151, 10, 1889.5557413824984, 7.669323071877045, 11.04947023163551, 7.108447831069789, 5.743212188693159, -0.484052395898, 0.0597127072746, 0.872999238611, -0.842712456884, -0.300481316228, -0.446706496046, -0.235645906048, 0.951916682902, -0.195769343297,  
152, 6, 691.8168584363565, 5.486568981291255, 9.663428081119022, 4.212487330998233, 4.057258744791725, -0.161892572649, -0.888218250106, 0.429952480048, -0.486438613956, 0.450916835378, 0.748365874707, -0.858585039338, -0.0879906117226, -0.505063741001,  
153, 9, 1061.450999768027, 6.328057941688732, 8.758010019226704, 5.889478245697589, 4.9127999674715355, -0.529454646787, -0.76932808091, 0.357508155038, 0.130153497657, 0.342767943457, 0.930360254947, -0.838294604565, 0.539114496987, -0.0813493398563,  
154, 7, 426.14781221637617, 4.6682834519717815, 4.979674933700796, 4.707688322293029, 4.339732476208783, -0.616193021143, 0.745162026922, 0.255028849992, 0.204310525135, -0.16148724089, 0.965494215596, -0.760633532007, -0.647035875871, 0.0527371341907,  
155, 6, 531.6278866848787, 5.0254279193295, 9.13705277477073, 5.962506937004043, 2.3296147850195283, -0.0502341055311, -0.815237545969, 0.576943912598, -0.165273678985, -0.562923161835, -0.809816105609, 0.984967586104, -0.136034030713, -0.106459366952,  
156, 5, 142.1233050228939, 3.237369193247759, 6.745828570173518, 4.698925050620607, 1.0703920396539188, -0.043878430694, -0.124999319877, -0.991186084118, -0.0890291560948, -0.987705001558, 0.12850151463, 0.99506205469, -0.0938829054058, -0.0322103614959,  
157, 6, 451.2920767615361, 4.758349815083202, 6.917416558071117, 4.830763916311476, 3.224106333154642, -0.354912567036, -0.774570793562, -0.523523786967, -0.176964937859, -0.494195632817, 0.851148686936, -0.917998083075, 0.394728719838, 0.0383243683112,  
158, 8, 727.2044078844868, 5.578566713378686, 7.6889084772313785, 5.92580018018195, 3.8102739280495888, 0.290342449845, -0.650147982339, -0.70214589857, -0.424286631164, -0.74514987, 0.514521647605, -0.857719136101, 0.148523642226, -0.492197735942,  
159, 7, 331.33178777991907, 4.292643591763198, 6.886799346655046, 3.9289344126265577, 2.9233599035459776, -0.155618189965, -0.43482577069, 0.886966475182, -0.985071262442, 0.00140616289308, -0.172141310022, -0.0736042584533, 0.900513504535, 0.4285531954,  
160, 10, 827.8634174871597, 5.824920837616328, 7.698198783161208, 6.210182249945843, 4.134058479687815, -0.530310000109, 0.440229855704, 0.724547429732, 0.664230767363, 0.746825210611, 0.0323974147806, -0.526847977573, 0.498447368277, -0.688463092391,  
