# Void_ID, Void_Volume, r = (a*b*c)**(1/3.0), a, b, c, vector_a, vector_b, vector_c 

0, 12, 740.1974792724931, 5.611595145200263, 6.983501453193459, 5.979209516947501, 4.231964275063359, 0.92602413484, -0.220086096083, -0.306661722431, 0.0481517289694, -0.736911144002, 0.674272479671, 0.374380438446, 0.639158881778, 0.67179997853,  
1, 17, 2410.1062298731563, 8.317303041897379, 10.56015320934986, 8.988383890766166, 6.061718219563986, -0.897895070851, -0.269761716156, 0.347869312009, -0.427356573772, 0.344605863897, -0.83583081866, -0.105597351269, 0.899152609441, 0.424704349331,  
2, 7, 622.1004859441298, 5.295707348390625, 7.87403083874445, 5.9064571886789885, 3.193359106154672, -0.338156627371, -0.680387235828, -0.650171750146, -0.930853248006, 0.140197957548, 0.337426678518, 0.138428053665, -0.719317552978, 0.680749536861,  
3, 7, 475.4836625870373, 4.841898301571483, 6.328803848836973, 5.105816849299731, 3.5128541786725282, 0.49301258314, 0.0126156822795, -0.869930708405, -0.729312377621, 0.551192691216, -0.405327118509, -0.474385970191, -0.834282603025, -0.280945705743,  
4, 6, 206.79718585601594, 3.668473096149251, 5.8796030345210095, 3.467931471587414, 2.421238120039141, 0.877988122613, -0.413770175181, -0.240688800487, 0.148849153929, -0.241894737818, 0.958817430583, -0.454951410509, -0.87765664012, -0.15079136623,  
5, 7, 1038.1641180566626, 6.281438831931854, 9.161808267017236, 6.013976372376361, 4.498155746916719, -0.124791860316, -0.851664165648, 0.509013890332, 0.216951528077, 0.477186987793, 0.851601205463, -0.968173035188, 0.216704239996, 0.12522079022,  
6, 12, 1723.642684707683, 7.43794353459348, 8.540212987099679, 7.328068173297086, 6.575070721363498, -0.864086371286, -0.470241364727, 0.179521034583, -0.158576957832, 0.592819645833, 0.789568373201, -0.477711305501, 0.65378737095, -0.58681682166,  
7, 12, 1409.932422698642, 6.956165339783531, 9.651474338000162, 6.326303761121403, 5.512720667321254, 0.690361260979, -0.671592795648, -0.26900640545, -0.433433304468, -0.681658880184, 0.589471578318, -0.579255470339, -0.290352006882, -0.761681568756,  
8, 7, 339.92748392225303, 4.3294482891393535, 5.81576890054537, 4.200851628783668, 3.3216447808349714, -0.0804137620292, 0.928210931775, 0.363260365317, 0.984729935193, 0.130433429765, -0.115299935539, 0.154403955946, -0.348441654418, 0.924525733474,  
9, 7, 127.6182883084544, 3.123259732740306, 4.918082486373849, 3.2094728525582013, 1.9301665767260388, -0.665988369469, 0.370952496262, 0.647189104705, 0.726950588786, 0.128119326491, 0.674631958658, -0.167338976915, -0.91977153886, 0.354990116916,  
10, 8, 1855.556249529483, 7.623045376669904, 10.473536034629111, 6.894071251602893, 6.135026118248608, 0.0985042206088, 0.856941064662, -0.505913955349, 0.418517445409, 0.42556623806, 0.802331929386, 0.902851076541, -0.290766897563, -0.316724714651,  
11, 9, 591.0031417585692, 5.205954804095498, 7.529555407958497, 4.876181499441969, 3.84283718424724, -0.942437564642, 0.317524827891, -0.104830436539, -0.140196478631, -0.0905968380136, 0.985970161983, 0.303572699912, 0.943912176325, 0.12989772613,  
12, 8, 879.4031441742371, 5.9433750243410275, 8.465950061933857, 5.4095869934228125, 4.584158161510209, 0.261563995621, -0.306199556463, 0.915328415279, -0.886093880353, 0.299794166621, 0.353498363308, 0.382651161498, 0.903529351644, 0.192906193063,  
14, 12, 1266.9297639644653, 6.712556846310773, 10.450418635643798, 5.876241727206073, 4.925276186922262, -0.388875948803, 0.719814066953, -0.575015830616, 0.889905408266, 0.455003555712, -0.0322510252439, -0.238419505877, 0.524251345545, 0.817506370563,  
15, 7, 377.2397385454717, 4.4823896703141175, 7.007559412577938, 4.49934318755456, 2.856359831755364, -0.0517922927923, -0.96652615288, 0.251286199792, -0.00399062668969, 0.251822203178, 0.967765288117, -0.998649905275, 0.0491199937407, -0.0168994943406,  
16, 10, 1794.4369759394315, 7.538411954048223, 10.537042642657799, 7.025350556973631, 5.786991744968907, -0.043950183822, 0.342780895817, 0.93838672135, -0.962461119264, -0.266349474156, 0.052216391306, -0.267837591175, 0.900865814136, -0.341619393,  
17, 7, 637.0921140061496, 5.337909503597388, 7.495539166156001, 6.068805676832094, 3.3435476023140867, -0.600589405946, 0.10865158576, -0.792140895534, 0.771323962218, -0.182218526958, -0.609799765285, 0.210598458621, 0.977236532957, -0.0256329452283,  
18, 10, 780.0163787087027, 5.710468026963672, 7.0061923822055885, 5.493058600980468, 4.838589984979869, 0.855336643225, 0.0265311253551, -0.517392816092, 0.29905725698, -0.840781389446, 0.451277533463, -0.423041349993, -0.540724286997, -0.727085456909,  
19, 7, 840.8369916124449, 5.855191002735426, 7.098082093232257, 6.302987505484986, 4.486789927948236, 0.435798595869, 0.864687010717, -0.249791828, 0.302948470707, 0.120414591343, 0.945369002183, -0.847526877411, 0.487664536017, 0.209479097708,  
20, 9, 1233.1724429265444, 6.65240070078767, 8.759978961733966, 6.827426017581089, 4.9223799823622585, -0.907469410882, -0.391347651927, -0.152794907127, -0.418585941456, 0.873274645224, 0.249353571509, -0.0358479836038, -0.290238538688, 0.956282653158,  
21, 12, 2177.9786667388025, 8.04121493762314, 13.84811867162288, 6.583631165876464, 5.703070538668599, 0.202858797589, 0.978339167422, -0.0412405350242, 0.85683149936, -0.156961504499, 0.49112408596, -0.474012752935, 0.134965031004, 0.870112837775,  
22, 16, 2823.2837311870267, 8.767759705318047, 11.091826651540465, 9.361758553444249, 6.490907295881943, -0.402126880375, 0.104766821806, -0.909570165039, -0.907451243758, -0.177721008274, 0.380719691399, 0.12176293476, -0.97848819935, -0.166537177387,  
23, 5, 241.6714977924429, 3.864075541294453, 5.045393433835434, 4.358814703319093, 2.623453552325222, -0.626888948092, 0.650533435511, -0.42873826053, -0.445269602759, 0.152418586844, 0.882328484887, -0.639331860318, -0.744026090717, -0.194113236835,  
24, 12, 2447.45198201016, 8.360043236421326, 10.154508833245593, 8.177547690355734, 7.036287290307994, 0.605919665869, 0.250324587389, -0.755115196154, -0.267297402238, 0.958080164837, 0.103123695157, 0.749275288042, 0.13935565541, 0.647430725279,  
25, 8, 1789.805901641555, 7.531921334777491, 10.765203241486244, 8.539717591561818, 4.647844440729699, -0.571267984214, 0.810760141463, -0.127753212194, 0.343182390623, 0.377342878806, 0.860138476398, -0.745572757669, -0.447526920787, 0.493802509302,  
26, 9, 737.3600471234539, 5.604415570441722, 7.020765649888296, 6.420128314475799, 3.905375596253634, -0.145770260217, -0.904721752124, 0.400286875216, 0.125596898935, 0.384411403874, 0.914578204174, 0.981313634988, -0.183593093023, -0.0575944960932,  
27, 6, 717.3323750090492, 5.5532080036886065, 6.527652847940012, 5.781238644239794, 4.537889077414532, 0.0152721287175, -0.297552137064, 0.954583410611, 0.9794780196, -0.187436844907, -0.0740961422246, 0.200971568152, 0.936125074389, 0.288583218317,  
28, 7, 448.52290824546515, 4.748597287094926, 6.561436595080957, 4.058646322584527, 4.0208315211390016, -0.805360382087, -0.390537018407, -0.445954585377, -0.587753339229, 0.623897483187, 0.515070813285, -0.0770757237438, -0.676928923689, 0.732001752104,  
29, 5, 163.03852032936172, 3.388965949476484, 4.984430375519646, 4.30038763129964, 1.8158437595526413, -0.56353564707, 0.235969159681, -0.791672994462, -0.539529525015, 0.620579183686, 0.56902492776, -0.625568114691, -0.747796785534, 0.222406163196,  
30, 5, 62.92665209059202, 2.467451769330534, 5.964429904829467, 3.9606853199486007, 0.6359262311011049, -0.0104135032952, 0.419029004159, 0.907913130549, 0.25733317867, -0.876258291727, 0.407370889161, 0.966266626819, 0.237878329937, -0.0987051469868,  
31, 5, 511.89402959077154, 4.962461514011332, 8.773407975354964, 4.221972531416573, 3.2991930324034393, -0.66461760907, 0.71112905316, 0.229300901583, 0.744670698125, 0.655567976754, 0.125284393316, 0.0612289561235, -0.254019876402, 0.965258989766,  
32, 10, 939.8735355471094, 6.076594701519603, 7.134932844990984, 6.379319519605067, 4.929655459645727, -0.400405926453, 0.519622943232, 0.754762936907, 0.868216461015, 0.478542934453, 0.131136709994, -0.293044827431, 0.707805521844, -0.642756619852,  
33, 5, 472.37555875288984, 4.831325184764378, 9.223752648832448, 7.45088761035791, 1.6409039057362051, -0.565421144403, 0.776751238813, 0.277410242177, 0.158915818248, -0.227439756962, 0.960737695557, -0.809348313258, -0.587306282919, -0.00516118897305,  
34, 9, 985.7136068441911, 6.173821195893292, 15.81932664837217, 4.876113113577474, 3.0507061457652385, 0.687610775812, -0.725168357331, -0.0363630927331, -0.617961353959, -0.558193047714, -0.55366441686, -0.38120229013, -0.403176605236, 0.831945574536,  
35, 7, 816.7229376089346, 5.798674280685411, 8.254996121522261, 6.123220971329438, 3.8573525846605907, -0.804059161066, 0.111289126377, 0.584040748455, 0.593150510492, 0.217495180921, 0.775156963575, 0.0407595069695, -0.969696125921, 0.24089019483,  
36, 7, 575.9368222137425, 5.1613353644568, 7.455005605822855, 5.196997357830106, 3.5488346604256567, 0.806506403618, -0.561200895158, -0.186013376391, -0.518469567811, -0.822548874924, 0.233672111334, 0.284142091525, 0.0920157792735, 0.954356520483,  
37, 9, 561.7797476254541, 5.1186938660118875, 7.450841326089855, 5.330311724186358, 3.3769104709591624, 0.309951507023, 0.655355541565, 0.688795453987, 0.701431448214, -0.646685630655, 0.299652496338, -0.641813046573, -0.39026504999, 0.660128172407,  
39, 8, 1299.4126631101478, 6.769441328073706, 9.801319324739575, 6.503589356539992, 4.866546026540081, 0.113450691692, -0.95628887373, 0.269519072674, 0.413038535844, 0.292113714642, 0.862594195219, -0.903619448918, 0.0134598550625, 0.428124659229,  
40, 7, 662.1436729114752, 5.406977239202309, 8.262630029969607, 5.185008852423417, 3.6897404294058584, 0.795503243113, -0.443404348464, 0.412997789292, 0.28182995678, 0.874107492187, 0.395610878975, -0.536420045914, -0.198314588129, 0.820319973228,  
41, 6, 379.061667444261, 4.489594181036156, 7.162700710078804, 4.129628642001083, 3.0593802254362568, -0.860335337669, 0.439512516732, 0.258170204311, 0.490898173376, 0.850811689619, 0.187452533151, 0.137266493126, -0.288007320122, 0.94773925392,  
42, 9, 954.259488093112, 6.107441172456735, 7.78869522296279, 6.210781743317907, 4.709414317798158, -0.397385745261, -0.00768570642239, 0.917619474172, -0.911671981149, -0.110663571341, -0.395736999491, -0.104588566542, 0.993828206429, -0.0369692825699,  
43, 7, 576.4904206363972, 5.162988550478026, 6.275039165501135, 5.605376059947413, 3.912751717004528, -0.550699228684, -0.385126505207, 0.74054570049, -0.824816452431, 0.114929138586, -0.553596525371, -0.12809441567, 0.915679457065, 0.380950065734,  
44, 7, 517.194657284741, 4.979531379743645, 8.234954868126502, 4.450028014776863, 3.36931373355948, 0.564782753281, 0.202979028787, -0.799887464253, 0.591166927659, 0.5767843444, 0.563774319828, -0.575796930557, 0.791277027297, -0.205763361252,  
46, 8, 591.4497459567953, 5.207265804385851, 8.48421954421761, 4.964992724599404, 3.351959215044164, 0.386062934767, -0.311348917645, -0.868341673468, -0.472643800661, -0.875136980024, 0.103648945443, -0.792188896726, 0.370401292757, -0.485015086598,  
47, 9, 1093.8746899087585, 6.391846273573705, 8.428390844263724, 7.19297091639253, 4.307507015782088, -0.434862669439, 0.897062041828, 0.0785757713303, 0.894619247182, 0.440329790785, -0.0759346950949, 0.102717385578, -0.0372742331822, 0.99401195679,  
48, 7, 954.5809215952265, 6.10812684054084, 8.497825008180236, 5.375311751074918, 4.988990768061383, -0.179762952031, -0.894005029412, 0.410414776127, 0.0151281567238, 0.414649405891, 0.909855488013, -0.983593625412, 0.169767127502, -0.061013953064,  
49, 6, 558.1158624673286, 5.10754167435249, 7.1421073003619355, 5.45786494773255, 3.4181144559752927, 0.564535970941, -0.755784088444, -0.331797452024, -0.59459754416, -0.0935598737723, -0.798561400581, -0.572497072475, -0.648102585765, 0.502205277085,  
50, 6, 226.19518446975022, 3.7797660094212917, 6.2073773069659435, 3.2258133830406472, 2.696791446415334, 0.358939382777, -0.433836111552, 0.826407131991, -0.850780246434, 0.212045856209, 0.480842518028, 0.38384305617, 0.875684180043, 0.29298758515,  
51, 13, 584.545218248298, 5.186923398575099, 5.870195104779615, 5.60568866498697, 4.240801972546152, -0.588165982326, 0.262057703657, 0.765105572577, -0.753419759258, 0.166333662957, -0.636153895631, -0.293971841497, -0.950609737232, 0.0996076497344,  
52, 7, 406.37357090975206, 4.5949305183282725, 8.866204589971284, 3.7072422795097446, 2.951536294105729, 0.263666175964, 0.589780261467, 0.763308188634, 0.522395219971, -0.752529004324, 0.401002907473, 0.810915150804, 0.293017645943, -0.506514834296,  
53, 13, 2684.2809238552, 8.621439506178838, 11.014889267457287, 9.172368882489582, 6.342751663387339, -0.99941203658, 0.034207527442, -0.00232942151758, -0.0217681993576, -0.58055694535, 0.813928607866, 0.0264901233488, 0.81350075493, 0.58096023538,  
54, 5, 36.82158024314017, 2.063817407228226, 3.490195326626061, 1.8941944265370363, 1.3296567005963544, -0.607701190969, -0.0732632469294, -0.790779210112, -0.1134623441, -0.97751143226, 0.17775740849, -0.786018803189, 0.197747051688, 0.585722241836,  
55, 9, 1177.224622424742, 6.550235422127656, 8.568112773272247, 7.445345596377161, 4.405555656856865, -0.512750396482, 0.787629789834, 0.341652374605, 0.229039362165, -0.258031405203, 0.938595101472, -0.827422504822, -0.559516852378, 0.048092519363,  
56, 8, 1886.0333060465362, 7.664554490920485, 9.661182364460789, 8.167895362155152, 5.705849379453265, 0.606726252065, 0.0383612393597, -0.793984678926, -0.717218474276, 0.457102202654, -0.525980262448, -0.342754890865, -0.888586513314, -0.304849295792,  
58, 5, 111.9675388760637, 2.9899769544775907, 6.68269968131305, 3.0258730467042985, 1.3219069185526957, 0.634573658498, -0.593307002249, 0.495280802195, -0.704658820402, -0.707375736066, 0.0554573246225, -0.317446402987, 0.384195743218, 0.86696102111,  
59, 6, 380.46869635282997, 4.495142257128665, 6.307418852523653, 4.268023306576189, 3.3740527404592053, 0.262752423168, -0.434331159153, -0.861578556087, 0.728690717499, 0.674625023332, -0.11785973072, -0.632432606963, 0.596856366376, -0.493752443606,  
60, 6, 462.96818099448956, 4.799037882241589, 6.225805405368328, 4.914072776050094, 3.6126460062219468, -0.276984576031, 0.913399082869, 0.298297938403, -0.752584245165, -0.0132097381153, -0.658363468571, -0.59740815074, -0.406850855024, 0.691068653026,  
61, 8, 1148.4877379204745, 6.496497133192978, 9.500287549363424, 6.044971094193918, 4.774267783383983, 0.162222774208, -0.873727458249, -0.458567443491, -0.402399446303, -0.482902092845, 0.777740480071, -0.900976391002, 0.0583600670627, -0.429925162591,  
62, 11, 666.7176226775564, 5.419398769828898, 7.471757833600943, 5.154070304624533, 4.133140791643953, -0.294460492147, 0.69008677574, 0.661115164335, 0.266696163153, -0.604963876946, 0.750261197284, 0.91769612352, 0.397239159122, -0.0059055343957,  
63, 9, 1407.6654396031488, 6.952435144800755, 8.166499076354098, 7.694256869030499, 5.348207400600861, -0.902663421228, -0.419767128131, -0.0948383156617, 0.0373690954153, -0.295999352883, 0.954456878963, 0.428721703072, -0.858009289713, -0.282874106418,  
64, 10, 1717.7092786010053, 7.429399018781517, 9.742608947911751, 6.8718791398876125, 6.125058889340262, 0.202011232641, 0.664686614391, 0.719293519042, 0.787352567301, 0.326570232732, -0.522903258603, 0.582466648531, -0.671969930684, 0.457371857033,  
65, 9, 1504.9017156721666, 7.108967181865547, 9.324372682285048, 7.044269160618, 5.469705739906965, 0.730727129071, 0.54028602528, 0.417287519256, -0.343346304998, -0.237457195699, 0.908695435806, 0.590043369324, -0.807282534865, 0.0119887955312,  
66, 10, 1032.3050495190744, 6.269599716638604, 9.197650779782606, 7.161663885298428, 3.741352185717486, 0.269451971724, 0.091674877964, -0.958640366188, 0.334682238322, 0.924493641047, 0.18248097713, -0.902985843901, 0.370009762592, -0.218424681072,  
67, 8, 716.5356630478384, 5.551151334483169, 6.381238019236868, 5.809452747375153, 4.614334073003447, 0.497703614042, 0.30359676435, 0.812477764155, 0.200850813436, -0.951618641876, 0.23255302874, -0.843771333545, -0.0474443369686, 0.534601694328,  
68, 12, 1921.7212791559343, 7.712596244812932, 11.684210752238776, 6.6091796364607935, 5.9409356982317805, -0.969172040181, -0.243394108241, 0.0382735496819, -0.237803877465, 0.964702240207, 0.113132239448, 0.0644582996527, -0.100543004798, 0.992842501,  
69, 20, 2543.7161161250187, 8.468243629391386, 10.585469240979473, 8.464318504306615, 6.77763100177261, -0.281271556764, 0.647249701762, 0.70848721578, -0.0227295379567, -0.742579787759, 0.669371815149, 0.959358994048, 0.172171665438, 0.223578259588,  
70, 12, 1861.4837652089373, 7.631153940958018, 11.461041777590214, 6.815849962890987, 5.6888767682317445, -0.0926863227592, -0.959224581608, -0.267015819029, -0.993257540276, 0.107826877369, -0.042577261568, -0.0696326378877, -0.261269145816, 0.962751125258,  
72, 6, 316.72508318297264, 4.228613090068358, 5.479362143892738, 4.832410310455908, 2.8556175500553995, -0.500628443108, -0.67158368488, -0.546211054589, 0.580256514021, -0.728576862185, 0.363975457722, -0.642396715346, -0.134726055726, 0.754437108062,  
73, 5, 175.97112391701074, 3.476302810345221, 5.603679188072101, 3.1508864432165247, 2.3792867334674934, 0.397918000589, -0.400556350815, 0.825358028148, 0.639297297328, 0.766317680487, 0.0636881323424, -0.657997135584, 0.50230650244, 0.561006191739,  
74, 6, 363.06494002554166, 4.425529442691152, 8.053622229481118, 5.6862209221774735, 1.8926953709166672, 0.856163987669, -0.347104079179, -0.38275577649, -0.34873006816, -0.934778153499, 0.0676545881777, -0.38127492152, 0.0755550260258, -0.921369020676,  
75, 10, 1417.2589754586863, 6.968193502287925, 9.255933566693503, 6.853975741185208, 5.333322121075649, 0.276117067428, -0.671936032179, 0.687212728152, -0.796792500931, 0.239812929392, 0.554627324747, 0.537476581383, 0.70070801876, 0.469177148751,  
76, 9, 686.2290811441272, 5.47175743206728, 7.282434454072774, 6.062204228833668, 3.7108496767882677, -0.927627925628, 0.350390972997, -0.129354542391, -0.286597346878, -0.445648461097, 0.848091628236, -0.239516998056, -0.823786146499, -0.513817080757,  
77, 9, 557.0794123199632, 5.104378058478789, 7.018419847601167, 5.557446391303247, 3.4096819684681012, -0.274360210202, -0.937408849642, -0.214455411845, -0.944168550613, 0.304897340207, -0.124833328755, -0.18240675177, -0.168232757056, 0.968723653248,  
78, 7, 279.930022040017, 4.058077059630307, 6.558282104572953, 3.3492673763900687, 3.0424325296723223, 0.348461749904, 0.875497142624, 0.334782260748, 0.713569775459, -0.479375211034, 0.510898798782, -0.6077767554, -0.060861813182, 0.791772224375,  
79, 10, 1038.9976030839155, 6.283119389836889, 10.130857862495793, 5.996139312204677, 4.08326907585841, -0.0692954875296, -0.678921144157, -0.730933796882, -0.985316073252, -0.0680306601583, 0.156601612605, 0.15604605474, -0.731052603644, 0.664237698046,  
80, 8, 1060.765983307345, 6.3266963600127, 8.22082613534969, 6.511466837175078, 4.730822772476679, 0.880392940043, 0.418775227484, 0.222565900283, -0.270450015706, 0.0578291846778, 0.960995616225, 0.389570353245, -0.906246707164, 0.164170172769,  
81, 7, 591.0369753526473, 5.206054145248508, 8.037446233011211, 6.031804830528222, 2.910453603918391, 0.5240585741, -0.229913254518, 0.820062501465, -0.649552084963, 0.514880235097, 0.55944654117, -0.550858148558, -0.825856064277, 0.120486768004,  
82, 7, 774.2048362093391, 5.696250637511672, 10.074194528295287, 4.601859822722519, 3.986791764417653, -0.411322896495, 0.428303157122, 0.804592990535, 0.0550007168814, -0.869451868094, 0.490946402584, 0.909828772881, 0.246190687612, 0.334068480063,  
83, 13, 1061.0997047484602, 6.327359758878876, 11.406856628020122, 5.925590935202333, 3.7477441433041845, 0.950003773541, 0.076957622641, 0.302605939426, 0.225574290983, -0.839259095487, -0.494732665072, -0.215891337265, -0.538258018945, 0.814658968854,  
84, 11, 2070.075608146004, 7.906164863803153, 10.674592720199989, 8.099770939425351, 5.715754245807922, -0.926697762034, -0.179274757468, 0.330290507246, -0.20822600684, 0.976580431482, -0.0541534017527, -0.312846908116, -0.118958909632, -0.942324567175,  
85, 6, 605.7515075328315, 5.248904019914478, 7.868293752821939, 5.26011749648386, 3.494056181134946, 0.499069377707, -0.460265817666, 0.734224171029, -0.79397304827, -0.582331353491, 0.174633883776, -0.347183747973, 0.670108626888, 0.656062400472,  
86, 9, 771.2298111351665, 5.688944973337978, 7.009446147301494, 5.6833820347572654, 4.62173079825873, -0.895355112822, 0.320740309378, 0.308973908096, 0.443464990549, 0.705908916797, 0.552296481379, 0.0409636924765, -0.631520589629, 0.774276256108,  
87, 9, 892.495730584732, 5.972724910725189, 8.240506463172627, 5.9508641354690734, 4.344938149761614, 0.364175912721, -0.429628954163, -0.826314024049, 0.821829301467, 0.56564930136, 0.0680989509537, -0.438146669329, 0.703889074795, -0.559077513892,  
88, 8, 1036.4056221493815, 6.27789021925514, 7.926781165779106, 7.333504990354765, 4.2563045002051805, 0.313237740865, 0.0310073139542, 0.949168406648, -0.28722221639, 0.95575255107, 0.0635646091381, -0.905199158257, -0.292533088051, 0.308283759361,  
89, 11, 1395.4083517783715, 6.932197109249006, 10.380683896231947, 6.002143909818455, 5.3466325518617115, 0.21823240542, 0.828229277797, 0.516150056305, 0.849208752241, 0.0994362442411, -0.518610574949, 0.480852485012, -0.551496778531, 0.681639340801,  
90, 6, 372.83264358787255, 4.46486611297492, 7.550439152204041, 3.7506284722783505, 3.1430338822304185, 0.196756707691, -0.578509558782, 0.791589216941, 0.467560550294, 0.765016581512, 0.442873302221, -0.86178531537, 0.282977597011, 0.421010391562,  
91, 7, 297.63146559183457, 4.1418726786770135, 7.697488899545351, 3.472644767240802, 2.658158067442487, 0.268962568006, 0.959857867249, 0.0795739385194, 0.512861723467, -0.212660010125, 0.831714237401, 0.815249648644, -0.182889569886, -0.549471942516,  
92, 5, 79.85620152197895, 2.671406713510403, 5.0016646765946895, 2.0659324274142854, 1.844970194184016, -0.636760046446, 0.130463587015, -0.759944666218, 0.752906903881, 0.31781647102, -0.576301904246, -0.166336518357, 0.939133613077, 0.300599766216,  
93, 6, 121.06628989424819, 3.068867995669068, 4.954843722978882, 3.2305795215432487, 1.8056111469463685, -0.960393957256, -0.277831692049, 0.0212837440421, -0.261002538777, 0.870208224117, -0.417869981492, -0.0975762349088, 0.406874916373, 0.908257496973,  
94, 5, 125.20733734152888, 3.103466464791779, 4.81117667269701, 3.107763695819841, 1.999133866969179, -0.47917915059, 0.132571094243, 0.867647535933, 0.872947449125, 0.174897576722, 0.455382903415, 0.0913788416785, -0.975620696084, 0.199534870801,  
95, 6, 992.1559394313649, 6.187242089652424, 11.68783526043126, 4.933381406959229, 4.107830857709414, 0.486965595368, 0.322391382638, -0.811743990017, 0.491147492744, 0.667446862838, 0.55972209681, 0.722245560249, -0.671251429561, 0.166681939673,  
96, 7, 590.6691294669765, 5.204973884000105, 8.553035314700528, 6.893076945024624, 2.3917857425864097, -0.738501089794, -0.673096938374, -0.0394544284626, 0.00945180724785, -0.0688447962046, 0.997582606793, 0.674186030494, -0.736342926623, -0.0572039395444,  
97, 7, 549.0458831403375, 5.079722759440799, 5.759210374132174, 4.973973117270629, 4.575659024209709, -0.507394051914, -0.773997262251, -0.378786898018, 0.112298870976, -0.495217805447, 0.861480289238, -0.854365401722, 0.394572633613, 0.338189587574,  
98, 9, 551.6712474972243, 5.08780643295113, 7.448835079172088, 4.985546845982758, 3.5464233685012796, -0.823963408206, 0.563299853416, -0.0614619970294, 0.56620010555, 0.814174105859, -0.128600022642, 0.022399607428, 0.140761502157, 0.989790107597,  
99, 7, 255.38780187858674, 3.9358376902315206, 5.6692394233384205, 3.913976271662447, 2.747695192749768, 0.614804059221, 0.622012449417, 0.484888112388, 0.453156627541, -0.781792733055, 0.428309693397, 0.645495964108, -0.0435962763599, -0.762518409619,  
100, 7, 555.926888755236, 5.100855533965882, 7.803565369399195, 6.08688871379492, 2.7940915798342005, -0.809935813243, 0.580394357142, -0.0845361971276, 0.585010116284, 0.789087231722, -0.187361961398, 0.0420373913667, 0.201205693087, 0.978646579106,  
101, 8, 908.7570709858267, 6.008781307352433, 8.168539252264294, 5.962102590292732, 4.454668067340599, 0.602300784476, -0.603381594776, -0.522651333209, 0.235620267503, -0.491184924403, 0.838582410727, -0.762703647927, -0.62822609077, -0.153672132523,  
102, 5, 341.7557212870852, 4.337196128996315, 5.144400626029664, 4.821089455144305, 3.2896312013784548, 0.664593338662, 0.526954183091, -0.529749925086, 0.371463435736, 0.382152947919, 0.846152492349, -0.648329090908, 0.75913003716, -0.0582320922108,  
103, 6, 227.09548132602055, 3.7847740834443084, 8.276862372498007, 3.3569167727800937, 1.9512529636917206, 0.360095941934, 0.832929678799, 0.420189317783, -0.51489886446, -0.198144566317, 0.834037103621, 0.777952486968, -0.516688379021, 0.357523491542,  
104, 9, 3207.8135336892915, 9.148997354399627, 10.017539705767623, 9.739273078700446, 7.849335465497956, 0.0642265341791, -0.954768193475, 0.290331963509, -0.997101082274, -0.0732906469345, -0.0204429156193, 0.0407968630465, -0.288177337415, -0.956707603276,  
105, 7, 729.462510870931, 5.584334904469372, 8.298042074240742, 6.081403573570803, 3.4509201499520517, 0.452819970859, 0.490161291562, -0.74477914998, 0.562291357236, 0.491273708286, 0.665190629162, 0.69194111279, -0.719994480396, -0.0531549116265,  
106, 10, 1393.0099184338699, 6.928223135697194, 7.766919318594503, 6.941464792931656, 6.168302734175243, -0.565363723892, -0.485661162122, 0.666706153649, 0.146898011468, 0.736078545719, 0.660764215707, -0.811655612889, 0.471509925811, -0.344809448722,  
107, 7, 872.7276769851317, 5.928298275983837, 8.411755849511328, 6.728312791181586, 3.6812669163118414, 0.928672425406, -0.128656473691, 0.34787215765, -0.243585230267, -0.918853312016, 0.310442952237, -0.279702988698, 0.373036329029, 0.884652550631,  
108, 5, 183.53670974465845, 3.525424709942763, 7.5258883821095415, 3.6188227470998275, 1.608826636737706, 0.0322591105157, 0.840673433807, 0.540580731695, -0.925347435716, -0.179293538699, 0.334044832611, -0.377745248815, 0.511000983044, -0.772131156168,  
109, 6, 344.2659326670944, 4.347789203514593, 7.137829896880614, 4.278722562002568, 2.691070764502256, 0.288884122399, -0.452804323544, 0.843513016145, -0.85674799067, 0.270917040912, 0.438847168643, 0.427233945641, 0.849454060867, 0.309675562756,  
111, 8, 2021.7357414128787, 7.844138620526217, 9.751390795939722, 7.6829716819465155, 6.44228577022533, -0.261862369713, -0.506370332108, -0.821594295312, -0.952943731229, 0.000942531331693, 0.303145768149, 0.152729644929, -0.862315602547, 0.482789247151,  
112, 9, 922.3014150381331, 6.038486344931442, 6.957843438048154, 6.31689729221609, 5.0096316922637625, -0.317227322493, -0.801145671323, 0.507476540527, 0.712483202076, 0.151827598425, 0.685066469122, -0.625886980711, 0.578890312302, 0.522638970705,  
113, 8, 2277.0109324432983, 8.16129047566636, 11.749710577974186, 9.369170041922112, 4.937967375861262, -0.630591518619, 0.772325707787, -0.0765985491848, -0.648558603662, -0.470169899354, 0.598591683335, -0.426293413347, -0.427145486729, -0.797383633457,  
114, 9, 704.4018273738457, 5.51963832613656, 6.6792032265597046, 5.4176145988318645, 4.647282786970406, 0.329841236635, -0.406162209646, -0.852195410731, 0.650001885637, 0.752362187765, -0.106998537794, 0.68461836616, -0.518636093882, 0.512166276554,  
115, 13, 1671.6195416757153, 7.362346900055929, 11.40679551695657, 7.897765000525583, 4.429767850363145, -0.116585983432, -0.7404957172, -0.661871438631, -0.16647138653, -0.642418212939, 0.74805488913, 0.979129708432, -0.197395371003, 0.0483743896317,  
116, 8, 565.9980712068312, 5.1314737778001245, 7.179504132538263, 4.78723206308985, 3.9314016127857445, -0.941519591826, -0.336471530123, 0.0181043537408, -0.324115068132, 0.889633039344, -0.321718009936, -0.0921427198272, 0.308771703244, 0.946662428989,  
117, 7, 371.00147207925227, 4.457544367057794, 5.521659073771404, 4.8701132183817295, 3.2936570580565427, -0.954608642906, -0.0920709747368, 0.283275968801, 0.173281524148, 0.601876553966, 0.779562779496, 0.2422722689, -0.793263858623, 0.558602361546,  
118, 8, 1066.083351226568, 6.337250153761856, 10.00802786174648, 5.962760488141413, 4.264878675105589, 0.905841421753, -0.257524083348, -0.33635199588, -0.2277066105, -0.96554173319, 0.126011352677, -0.357212847153, -0.0375567299497, -0.933267632496,  
119, 18, 1811.3857553355474, 7.562071504857536, 11.192888069333087, 6.978124240100772, 5.5365787384944865, 0.419810555033, 0.0598507252085, -0.905636234133, 0.437503395757, 0.86089869319, 0.259700247909, 0.795204298645, -0.505243832971, 0.335229462698,  
120, 20, 3031.1436420319887, 8.977856016554737, 11.786401095886687, 9.088334148553407, 6.755420784708135, -0.169163391418, -0.506898132248, 0.845244361429, 0.762629236447, -0.610573004945, -0.213535133757, 0.624323950141, 0.608485734554, 0.489861935778,  
121, 7, 613.223750792482, 5.270398484727075, 7.992303855510955, 5.504161074611652, 3.327876772202802, -0.144724480516, 0.765105905809, 0.627429500132, 0.988617771856, 0.0854680591088, 0.123814829654, -0.0411062757914, -0.638206991319, 0.76876661629,  
122, 14, 1099.2893215121483, 6.402375372418793, 7.458359017868767, 6.6006706360472815, 5.330795868627089, -0.397824064667, -0.00834366463636, 0.917423782574, 0.591401975641, 0.762150599065, 0.263382170151, -0.701412657984, 0.647346003004, -0.298267389458,  
123, 7, 936.8748023613467, 6.070125214032949, 7.829308246901843, 6.461207169659673, 4.42136013364021, 0.689238522245, 0.724088509312, -0.0254183031698, 0.540826760709, -0.49081817083, 0.6830841369, -0.482137609355, 0.484554799652, 0.729897233712,  
124, 6, 162.52306069854785, 3.3853906812169527, 5.988739879907436, 3.240418117650701, 1.9993548547398279, -0.659901871128, 0.0838533853571, -0.746657974073, 0.734330833018, 0.282303505075, -0.617302971564, -0.159021219216, 0.955653358068, 0.247868737545,  
125, 11, 1690.8563191680903, 7.39048089314485, 9.046784847546972, 7.237910250445948, 6.164681450266999, -0.481633796698, 0.561134368555, 0.673169448434, 0.854585939191, 0.130509728005, 0.502643097469, -0.194195155491, -0.817371048742, 0.542395437169,  
126, 6, 197.15060699976954, 3.610520676385618, 5.4929156881924035, 3.7161170516885873, 2.305776407064914, -0.478798904184, 0.730104386133, -0.487544043859, 0.871623695208, 0.328908894788, -0.363443355808, 0.10499401556, 0.598971221579, 0.79385750133,  
127, 13, 2502.2473051528827, 8.421973559477337, 10.774564020834097, 9.187293751933678, 6.034680924061321, 0.87004023606, 0.374771101454, -0.320275832918, 0.44505543741, -0.317698020554, 0.837253620696, -0.212027463475, 0.870984838703, 0.443203977285,  
128, 11, 1395.1910778299768, 6.93183729485822, 9.986625118840037, 6.013970801945979, 5.5458104052027535, 0.0505313811486, -0.114697131988, 0.992114483028, 0.93376981431, 0.357820606836, -0.00619251218157, 0.35428874298, -0.926719472784, -0.125181889105,  
129, 6, 324.3461095484062, 4.262260878819996, 5.634200127217449, 5.079439609434714, 2.705652475488433, -0.543698283428, 0.320281260177, 0.775765487101, 0.806359310975, 0.455687950019, 0.377005508992, -0.232759184999, 0.830522971739, -0.506018532479,  
130, 10, 1834.4999256242543, 7.594100898408334, 9.85281132672047, 9.309715782732708, 4.774550598267254, -0.25903146184, -0.00735665010956, 0.965840867574, 0.938837901101, -0.236834601455, 0.249985533603, 0.226905480838, 0.971522131118, 0.0682543149772,  
131, 7, 668.5880878436259, 5.424462048736818, 7.592238626266972, 5.502151780883392, 3.820917046179973, -0.754626892335, -0.228521640563, 0.615074071279, -0.646418780303, 0.419794274505, -0.637115003406, 0.112610007714, 0.878379546032, 0.464508728954,  
132, 7, 614.4706091462313, 5.273968139644911, 9.557111623311624, 4.812044592610789, 3.1897467523926464, 0.452606874145, -0.648070132209, 0.612496629555, -0.745490561784, -0.651889300071, -0.13886742866, -0.489275831988, 0.393758103652, 0.77817974533,  
133, 6, 386.8024060687169, 4.5199488401764265, 5.414007381577786, 4.857214567826407, 3.511514169130724, -0.663623833712, 0.673355944624, 0.325876018094, -0.57099566843, -0.737387022302, 0.360866077618, -0.483288065199, -0.0534055351085, -0.873830930361,  
134, 10, 623.6993489013948, 5.300240306788699, 7.808925865150627, 5.055274686400289, 3.77181708079439, -0.70566674189, 0.687431536626, 0.17167507636, 0.0550628187466, -0.188354854463, 0.980556237445, 0.706401115077, 0.70139883893, 0.0950638383664,  
135, 9, 1303.6261576345153, 6.7767503301823275, 8.634222301962089, 6.376326639096632, 5.652891818092048, -0.808203775149, -0.106090086706, -0.57926811697, -0.167048440964, -0.901936149098, 0.398253689652, -0.564713623181, 0.418635971284, 0.711226017058,  
136, 7, 629.14794758187, 5.315629769388658, 8.404003523090795, 4.552550583459202, 3.925754788810741, -0.171369591779, -0.362814003522, 0.915968592181, -0.947573402749, -0.193811172006, -0.254050931919, -0.269698182079, 0.911484080198, 0.310579558453,  
137, 10, 713.2787191863093, 5.542727817509365, 7.046938849669318, 5.856641809069584, 4.125926539585845, -0.189347125718, -0.952492859629, -0.238547727591, -0.10135110468, -0.222686322115, 0.96960752654, 0.976665561778, -0.207769473935, 0.0543711884936,  
138, 7, 744.4206016083524, 5.622247043763844, 6.9275892343505205, 5.78481649191034, 4.434636824514546, 0.632398647067, 0.316554230922, 0.707011577043, -0.23017285826, -0.794684829668, 0.561690730577, 0.73965695191, -0.517947333598, -0.429695419001,  
139, 8, 1027.5936272973483, 6.260047054591878, 7.818362058941925, 5.852740504676931, 5.361147372710711, 0.159256258387, -0.193928668475, 0.968002642408, -0.493172144221, 0.833780588754, 0.248175675645, -0.855230191427, -0.516915468294, 0.0371445596229,  
141, 16, 3279.085349971302, 9.216259697060744, 11.653086968529262, 9.19719682291391, 7.304115688710758, 0.268848812206, -0.939700965634, 0.211382145326, -0.861390221617, -0.136379514026, 0.48929287166, 0.430960789723, 0.313628320375, 0.846114693396,  
142, 5, 194.71733207844827, 3.5956052044791647, 9.782984920088856, 4.798790166876663, 0.9901770513567378, 0.42840297702, 0.102368982729, 0.897770282787, -0.482655922871, 0.865868719045, 0.13158503523, -0.763880978555, -0.489685565188, 0.42034973278,  
143, 7, 531.0275791246014, 5.023535656794057, 6.943135555567373, 4.414386134629662, 4.136209275708704, 0.31422197543, -0.660696667323, 0.681721690974, -0.769355114555, 0.243491874298, 0.590596660047, 0.55619893731, 0.710064518857, 0.431799862431,  
144, 9, 604.0171846999995, 5.243889864946076, 7.337554034820606, 5.548009128834378, 3.5421928818565194, 0.369731374755, -0.0239074616613, 0.92883106311, -0.49364091408, -0.851964726371, 0.174570194953, 0.787157772285, -0.523053093191, -0.326799790752,  
147, 6, 1023.6425466302953, 6.252013490003249, 8.961125063589675, 5.801253968520553, 4.700838189046318, 0.699927177282, -0.65196810801, -0.291615384778, 0.352208108607, -0.0401219625359, 0.935061322243, -0.621330342679, -0.757184134976, 0.201546002209,  
148, 9, 772.0948127696564, 5.691071061661535, 8.493460203581536, 5.929777631671833, 3.659813557960164, -0.850418405946, -0.523734932196, -0.0499024611206, -0.505403916369, 0.839616700911, -0.199024312261, -0.146134924461, 0.14403303909, 0.978723182265,  
149, 8, 1822.9600015736523, 7.578143825127812, 10.474361082467738, 7.668205277186982, 5.418352542277143, -0.726170644003, -0.0831341910918, 0.682469707797, -0.68597257705, 0.0211662798584, -0.727319470475, -0.0460197710132, 0.996313552487, 0.0723981063801,  
150, 11, 1196.1010314064936, 6.585060234315405, 8.439651989765963, 7.164457086906002, 4.722494176586797, 0.755452532906, 0.638925917446, -0.145138356553, 0.530896661427, -0.467100131659, 0.70708288191, -0.38397943358, 0.611221023052, 0.692075614053,  
151, 8, 456.2634635765826, 4.775758542844101, 7.492260453945492, 4.916299528872826, 2.957167214237971, -0.392000811851, -0.740902017816, -0.545343527975, -0.916435206257, 0.366367511707, 0.161001115208, -0.0805101002421, -0.562884576411, 0.822605055539,  
152, 5, 266.0902910231834, 3.9900665539083806, 5.547771062500567, 4.029554624468998, 2.8416124105519334, 0.726532836305, -0.6623322027, -0.182937396497, -0.569290321368, -0.729296388104, 0.379519839133, 0.384783793536, 0.171589135917, 0.906917085883,  
153, 11, 2112.4141692088488, 7.959702223497029, 8.966624717778815, 8.028752450002068, 7.005084873079509, 0.369007884783, 0.712061447744, 0.597328783506, -0.267202904771, -0.534276820158, 0.801966886551, -0.89018862532, 0.455540090528, 0.0068874720823,  
154, 8, 611.0157283717853, 5.264065204670047, 8.952629828045515, 4.941937051908065, 3.296977197007259, -0.236062841906, 0.880523975984, 0.411037543769, -0.158828067351, -0.452265986531, 0.87762698366, 0.958669901318, 0.141890821211, 0.24661511544,  
155, 5, 391.2356029996988, 4.53715121072687, 6.894833831855778, 4.574200181508754, 2.9614935374655835, -0.561815209272, -0.44523728884, 0.697228389594, -0.823425337577, 0.38205433221, -0.419529737535, 0.0795888438564, 0.809813709359, 0.581263599469,  
156, 9, 1806.0039270611676, 7.554574823997847, 9.974082553637848, 8.682523577791466, 4.9786448969739405, 0.40400030291, 0.893379294217, -0.196614322755, 0.841977562977, -0.447182318927, -0.30183067618, -0.357571725243, -0.0436051637159, -0.932867113261,  
157, 7, 1158.48812300948, 6.515298614802534, 8.103602556127711, 7.480149862642977, 4.562622572534063, -0.656551931634, -0.022146461416, 0.753955632192, 0.0841600572794, 0.991176539472, 0.102401915795, 0.749570974509, -0.13068512481, 0.648895024119,  
158, 14, 2646.9172612943776, 8.581250612975879, 10.508983531626994, 8.106884686148305, 7.4171497909152295, -0.621319787039, -0.485064070417, -0.615365395374, -0.73480244773, 0.0879966490113, 0.672548847723, 0.27207918892, -0.87003990561, 0.411100325472,  
159, 7, 709.6522890677109, 5.533318463414256, 7.432477453920866, 6.314734514973174, 3.6096766622619523, -0.921502064746, 0.257705592446, -0.290554250167, 0.37408481546, 0.38790446051, -0.842372055779, 0.104376700034, 0.884939521741, 0.453858510278,  
160, 8, 485.8167982237633, 4.876721703498726, 5.651112058670495, 5.078405180349061, 4.0413145163593756, -0.260766076566, -0.89160847071, 0.370182911911, 0.161331800902, 0.337810721089, 0.927284188766, 0.951826193866, -0.301526535608, -0.055755223919,  
161, 7, 1372.647650349751, 6.8942996259112705, 9.886547906601177, 5.8342938873131045, 5.681166072047051, -0.424497273967, -0.255777539107, -0.868550467666, -0.820861822025, -0.296086528754, 0.488383698163, 0.382083673475, -0.92027746793, 0.0842700924698,  
162, 8, 1073.5570649582285, 6.352024653485604, 8.593101048944098, 5.983311055659701, 4.984768857712774, -0.880946261384, 0.0770894331485, 0.466894960189, 0.435596122607, -0.253418616421, 0.863733189602, -0.184904576803, -0.964280158537, -0.189668324528,  
163, 10, 2319.350918388169, 8.211565304324198, 9.476508715125336, 8.77378521406531, 6.659513265292504, -0.168574267002, 0.428132267862, 0.88785442372, 0.945251557431, -0.185135148923, 0.268746106592, 0.279431941052, 0.884549454722, -0.373483670957,  
164, 9, 1204.9995286259077, 6.601349946596422, 8.987309892930401, 7.222763212289937, 4.431647140370901, 0.496803482555, -0.17767636801, 0.849480669569, -0.794725738917, 0.300151651662, 0.527560409723, 0.348708043532, 0.937198001628, -0.00791240298568,  
165, 5, 400.7398405147118, 4.573597802819461, 6.524273364054687, 4.907396777975425, 2.988068772054991, -0.512251236044, 0.381390896835, -0.769506111075, 0.83009672095, -0.00997615626782, -0.55753018768, 0.220313651505, 0.924360027326, 0.311481034484,  
