# Void_ID, Void_Volume, r = (a*b*c)**(1/3.0), a, b, c, vector_a, vector_b, vector_c 

0, 6, 194.71291591107232, 3.5955780216319813, 6.904590737270899, 3.1304170955002864, 2.150631503862157, -0.15678881476, 0.775665263743, -0.611359686428, 0.252179122984, 0.62993835732, 0.734563377734, 0.954894212726, -0.0390008281905, -0.294373874355,  
1, 6, 1599.3760647746585, 7.2547200962505105, 10.885719067486697, 6.9243916579165266, 5.065510693055427, 0.616912274212, -0.246240458234, -0.747519152032, 0.420733816486, -0.699504782153, 0.577647050897, -0.665133296108, -0.670864141592, -0.327931398215,  
2, 10, 858.743283350262, 5.896463048981005, 8.893555047620833, 6.6567230774065935, 3.4628912733813815, 0.659473475258, 0.326409741829, -0.677164245859, 0.681629287492, -0.639492757882, 0.355570706118, 0.316979888738, 0.696064431684, 0.644218951196,  
3, 7, 766.4570993353645, 5.677185444736631, 8.232511618089296, 5.735879320351872, 3.874956970236113, -0.770231558738, 0.457071604493, 0.444779601927, 0.600582285442, 0.754471008371, 0.264715726659, 0.214579272851, -0.47101915661, 0.855626489637,  
4, 6, 309.14253171783463, 4.194595146359853, 6.930158036561829, 3.4595147298994964, 3.0783062735406643, 0.650559876409, 0.757002565339, 0.0609833032562, 0.39905605711, -0.409053355425, 0.820627574299, 0.646162603754, -0.509531616767, -0.568200159297,  
5, 9, 957.6645666457617, 6.114696931270961, 8.635205856295048, 5.45905163222379, 4.849923769256799, -0.9842060411, 0.153803054579, -0.087653231907, 0.118769960749, 0.940857362073, 0.317302884727, -0.131271341447, -0.301880845094, 0.944264682322,  
6, 8, 1872.8924915890946, 7.646712226538012, 10.223982091611424, 7.603057768324511, 5.751960154238047, -0.064903435004, -0.837558347291, 0.542479086241, 0.72522981334, -0.413000907607, -0.550882898772, 0.685440925221, 0.35766781404, 0.63422746143,  
7, 5, 385.47624577682575, 4.514777345166209, 8.534282983178223, 5.305375210045941, 2.0324780698543368, -0.994977048886, 0.0683662794352, -0.0731212966716, 0.0990199264568, 0.779348787725, -0.618716834453, -0.0146876259224, 0.622849515459, 0.782203780825,  
8, 7, 292.27115519934716, 4.116857003161541, 6.224171324864101, 4.489225140419048, 2.4971488010147027, 0.0213178854826, -0.804047733907, -0.594182454603, 0.999626447737, 0.027308910059, -0.00109014513165, 0.0171030039341, -0.593937256813, 0.804329548273,  
9, 7, 763.2457614249682, 5.66924549937124, 7.627637261827523, 6.890975264717099, 3.466610668436012, 0.0524937740847, 0.185144578148, 0.981308253743, 0.621867935413, -0.774935090351, 0.11294191714, 0.781360783881, 0.604315390276, -0.155814744129,  
10, 5, 593.6668484088276, 5.213764325437875, 7.903848851450594, 5.25561259504127, 3.4118679729166272, -0.514809830593, 0.735791003567, -0.439980042041, 0.840462600255, 0.534388201094, -0.0897322021613, -0.169095996103, 0.415981789987, 0.893513119378,  
11, 5, 116.91678006089602, 3.0333981132051298, 6.575373097285661, 3.7061484471275667, 1.1453679483405161, 0.773377257135, -0.356178209923, -0.524427974962, -0.354419540943, -0.928810146746, 0.108159605674, -0.525618119117, 0.102219342974, -0.844557161344,  
12, 8, 871.4670292054811, 5.925442441487841, 8.432277894916721, 6.182320427658118, 3.9908548279346436, 0.497752595138, -0.840627243695, 0.213513913343, -0.462562198129, -0.0490500831643, 0.88522895468, -0.733674701005, -0.53938847457, -0.413257191838,  
13, 8, 303.62693849522907, 4.169499221513743, 4.911926462716375, 4.408212160106397, 3.347629195060542, 0.0787379517901, 0.59874809577, 0.797057747444, 0.140700377934, -0.798211113096, 0.585715308472, 0.9869162774, 0.0660283025797, -0.147093591504,  
14, 5, 25.25002432054273, 1.819942766354944, 4.4467332355236, 2.8085970644664413, 0.4826615213431185, 0.455416283377, -0.880374903224, -0.132423708637, -0.596773507758, -0.412258244332, 0.688407234432, -0.660649218022, -0.234484903041, -0.713133536564,  
15, 6, 1197.1045916281753, 6.58690139905532, 9.655753095269818, 9.179698549460955, 3.2242515372724156, -0.961498092717, 0.270379973498, 0.0491537143434, -0.270347233825, -0.962734140958, 0.00743955627112, -0.0493334659807, 0.00613545153961, -0.998763518241,  
16, 5, 120.50577186401055, 3.064124540990286, 3.9336342079328923, 3.3065831076192556, 2.2117998523694418, -0.607312803001, 0.20658603995, 0.767133213601, 0.366949838484, -0.783488185984, 0.501491852836, -0.704641025876, -0.586061831654, -0.400015692355,  
17, 10, 575.002791160984, 5.158543706440493, 8.744409837250135, 4.610091861273377, 3.4051893003931424, 0.466777371844, -0.231222232378, -0.85361300622, 0.557355894646, -0.672492462723, 0.486937669815, -0.686639127809, -0.703057726531, -0.185031190146,  
19, 7, 534.7908343010673, 5.035374567101308, 7.705341133843608, 4.8205760488209455, 3.4371978912933288, -0.680708071975, 0.00318079797456, 0.732547884628, 0.0746782728925, -0.994479633999, 0.0737116891575, 0.728738414183, 0.104881552644, 0.676712777779,  
20, 6, 370.3439522157538, 4.454909465431104, 6.599059749101045, 4.391803152700008, 3.050645342042855, -0.1972441866, -0.0158171369985, 0.980226784489, 0.963394007447, -0.188309067796, 0.190818451415, -0.181567390428, -0.981982440354, -0.0523810039062,  
21, 8, 1031.1724253455063, 6.26730591829343, 9.222516549655191, 6.053317573721329, 4.409605927380549, -0.437535090761, 0.330899495981, 0.836103204103, 0.879555037581, 0.350797544739, 0.321440536447, 0.18693843965, -0.876040299395, 0.4445305542,  
22, 9, 1077.2234148542884, 6.359247459617931, 9.050494092735377, 6.159410626022504, 4.613236593558054, 0.701718238651, -0.392229993536, 0.594766463173, -0.564622941342, 0.2029655109, 0.800003709676, 0.434502528939, 0.897195983917, 0.0790374518166,  
23, 11, 2470.9990921250683, 8.3867685674747, 12.004583871250041, 8.53033867640715, 5.760638096933006, 0.292384307904, -0.721119318245, 0.62809103269, -0.704437681749, -0.606598346555, -0.368518654193, -0.646744902588, 0.33470191934, 0.685343458542,  
24, 10, 1880.9616090235402, 7.657678119966356, 12.02321403276923, 8.6277284251293, 4.328867346925643, 0.323278673566, 0.86417117188, 0.385615203161, 0.830770588091, -0.0640583382796, -0.552916593402, -0.453112711343, 0.499103912015, -0.738636687304,  
25, 6, 379.9348736916742, 4.493038946159527, 6.605425245440678, 4.434466294175063, 3.0965522262278125, -0.919369924236, 0.111541998541, -0.377249685184, 0.393227045073, 0.232618744652, -0.889528532797, 0.0114644421198, 0.966150558763, 0.257724008134,  
26, 6, 730.0931711547811, 5.585943762012104, 10.926756263504668, 5.910922046075655, 2.6986290401722806, -0.294117468663, -0.667170447589, -0.684381844068, -0.954745056606, 0.171946439987, 0.242685596323, 0.0442356362433, -0.724788255727, 0.687550138424,  
27, 12, 1739.74226761173, 7.461029695848524, 8.124789624715152, 7.816798614357193, 6.53966132495353, 0.897747893464, -0.197261967548, 0.393873629405, 0.175262214575, 0.980263479445, 0.0914694867647, 0.404143385352, 0.0130853745068, -0.914602042995,  
28, 16, 1051.4393615541194, 6.308099581731674, 9.156273875792445, 6.419636290741974, 4.270379030763209, -0.538807552119, -0.652880496279, -0.532384709922, -0.827823414909, 0.527502700673, 0.190916983294, -0.15618839748, -0.54358804104, 0.824692200843,  
29, 15, 1800.128649342564, 7.546373763289437, 10.68353457679366, 6.783399800467595, 5.929970874560366, 0.451401424915, -0.397639229616, 0.798824008562, -0.594279684942, 0.533828800745, 0.601546729324, -0.665633840523, -0.746263930902, 0.00466216522012,  
30, 7, 953.7463048519508, 6.106346152877654, 8.011171591561782, 6.576953599717964, 4.3213898458638615, 0.0346371463746, 0.165752923133, 0.9855588448, -0.384234539734, -0.908145904383, 0.166237284707, 0.922585544308, -0.384443734276, 0.0322324155102,  
31, 6, 438.89938699068995, 4.714389436727018, 7.860181231069794, 4.931320748677673, 2.703214784382013, -0.922766198844, -0.314205628052, 0.223108416632, -0.369119771904, 0.886979487666, -0.277521138743, 0.110693885382, 0.338440854154, 0.934454200043,  
32, 7, 225.57591233162756, 3.7763134703415626, 5.091003164980153, 3.8159346942778343, 2.7720420413931186, -0.880454942528, 0.318470957889, -0.351248264279, 0.457843809664, 0.763582884543, -0.455324306825, -0.123199594684, 0.561709379852, 0.818110281353,  
33, 9, 355.98697176629645, 4.396581872690647, 6.542847942786818, 4.352230781538578, 2.9844667951126786, 0.251958981073, 0.913202172764, 0.320278727854, 0.49545301172, -0.406018419261, 0.767903220724, 0.831289952444, -0.0347970527507, -0.554748754019,  
34, 12, 2072.2070646614657, 7.908877464585563, 9.625046588864047, 7.645996283528749, 6.722141000093907, 0.697594120798, -0.374213914676, 0.611004409715, -0.490318417917, 0.372484868632, 0.787935829679, -0.522446448624, -0.849246117861, 0.0763592798374,  
35, 9, 934.4221446114509, 6.064823562797702, 8.132676639166961, 5.832001593443583, 4.703307504409846, -0.148206349809, -0.965405265444, -0.214540325649, 0.0207904825025, -0.219929617227, 0.97529417065, -0.988737899402, 0.140084392136, 0.0526662070632,  
36, 12, 1245.8403224934289, 6.675102279323591, 7.947172990623712, 6.302817682639645, 5.937810895614531, -0.93550768412, -0.330443149823, -0.125030786962, -0.290366337298, 0.517487998123, 0.804918357328, 0.201277825697, -0.789312040029, 0.580063565783,  
37, 6, 405.70658512468356, 4.592415236964905, 7.223435738361089, 4.496590956422345, 2.9819218092697795, 0.680033431778, -0.650211455463, 0.338791373634, -0.663316214051, -0.348749958609, 0.662106537158, 0.312355777665, 0.674980391978, 0.668457432156,  
39, 6, 286.422737012104, 4.0892120044649864, 6.918114109176271, 4.430182713168252, 2.231051122984685, -0.802012589723, -0.239149251978, 0.547342160997, -0.0499455959279, 0.939990938866, 0.337524032177, -0.595215291616, 0.243361192733, -0.765829019101,  
40, 12, 1408.1641231607114, 6.95325604434533, 9.2502507072534, 6.6974752187327065, 5.426253102407135, 0.914706581829, 0.403441446579, -0.0233852163128, 0.275234215651, -0.664309128015, -0.694938492941, 0.295902003532, -0.629228401789, 0.718688821874,  
41, 12, 1156.8483725903702, 6.512223196094195, 10.934194333438814, 6.211727791177923, 4.066198973621781, -0.0413780132045, 0.707917906195, -0.705081625142, -0.163416350646, 0.691388179196, 0.703759534223, 0.985689076923, 0.144342037388, 0.087077091579,  
42, 8, 275.56582398075716, 4.03687760225096, 8.808703219651042, 4.315891167486794, 1.730430984165362, -0.936231837239, -0.0818589864105, 0.341714871323, -0.345393769417, 0.0356040585487, -0.937782221554, -0.0645994658446, 0.996007759688, 0.0616072370251,  
43, 8, 655.2484768089876, 5.388143293358885, 8.490925278256636, 4.738419142231981, 3.8880238259592117, 0.0256380123398, -0.764290918211, 0.644361765364, 0.705369750762, -0.442919735378, -0.553421740377, 0.708375752714, 0.468701931244, 0.527752112847,  
44, 9, 1611.3368080688465, 7.272759721527484, 9.105404847396224, 7.8045479631850165, 5.413158010205122, 0.305302089938, -0.667731195587, 0.678915078872, 0.59295101416, 0.691174072794, 0.413143432603, -0.745117258347, 0.276429831128, 0.606948778545,  
45, 6, 172.7700936204108, 3.4550949471292323, 6.546950087952006, 5.085228250461091, 1.2388835268779317, 0.298070942155, -0.509512477541, 0.807186935395, -0.871726625739, 0.199229212963, 0.447661044407, -0.388904105687, -0.837081092805, -0.384771153607,  
46, 6, 776.4778450134339, 5.701819782684982, 10.769731752296694, 6.266862474886499, 2.7465367144396517, -0.660317301846, 0.655493861818, -0.366481729425, -0.00133774044834, 0.486972837611, 0.873416089776, 0.750985533372, 0.577222013223, -0.320679709551,  
47, 8, 540.1694824709056, 5.052199347394843, 5.963770617551732, 5.715169492525957, 3.7834795389254423, 0.996223241179, -0.0818073837595, -0.0290999260785, -0.0231165821129, -0.572933017662, 0.819276132268, 0.0836951454193, 0.815509233078, 0.572660294938,  
48, 10, 1133.3387757714854, 6.467806912880768, 8.353839450775327, 6.567550341514197, 4.931529139936726, -0.69812564126, -0.640908787356, 0.319149675397, -0.0675514479005, 0.502728227089, 0.861801097455, -0.7127814468, 0.580086421129, -0.394261782474,  
49, 10, 1892.7888173421227, 7.673694712439785, 10.29462546902481, 8.063865403621035, 5.443268168835905, -0.91620908514, -0.381251640229, -0.123321121997, -0.155572710809, 0.0548334358903, 0.986301386981, -0.369266900709, 0.922843692687, -0.109551243303,  
51, 12, 2946.4893114604315, 8.89348725245877, 11.931237864424455, 8.380156566764615, 7.035235245861778, -0.441027947773, -0.288438044273, -0.849881076327, -0.891079368418, 0.0277162957011, 0.45300040412, 0.107106995397, -0.957097331293, 0.269244851332,  
52, 6, 284.5130420319347, 4.080103593747701, 6.858027946356468, 3.780700960345694, 2.6196422835005957, -0.454501901426, 0.586622623675, -0.670299872439, -0.0838009078608, 0.721017523264, 0.687830748795, 0.886795032373, 0.368792121036, -0.27854432685,  
53, 6, 488.1846059683861, 4.884631701904659, 9.587117702440702, 5.388698848795794, 2.255918982113994, 0.861836302063, -0.449031504771, -0.235815385777, 0.196528310192, -0.132964885657, 0.971440663384, -0.467562628681, -0.883567228288, -0.0263465625032,  
54, 6, 224.82305958051847, 3.772107677487803, 5.750355917174888, 4.4082123222501455, 2.1173615103217456, 0.70891186911, -0.369934144739, 0.600493705539, -0.00929212288736, 0.846432686677, 0.532414653609, 0.705235860041, 0.383014928536, -0.596608704454,  
55, 8, 1182.1120880705037, 6.5592877439503114, 10.972967333429398, 5.624753405648371, 4.57238167394775, -0.759205862886, -0.319765385918, 0.566883194078, 0.0760802083897, 0.821415780569, 0.56523262231, -0.646388628961, 0.47225651229, -0.599295859279,  
56, 10, 1743.1741796573685, 7.465932487023022, 9.311164082985437, 7.989798299870647, 5.593870129947944, -0.143692594136, -0.842913898657, 0.518506121315, 0.403755960779, -0.528287359536, -0.746922746936, 0.903511794348, 0.102022670055, 0.416242492148,  
57, 14, 2122.956856656262, 7.972922079608716, 9.06961104030089, 8.643905896124595, 6.464781733098922, -0.226744257648, 0.900503073111, 0.371054250672, -0.745558584882, -0.405617828848, 0.52878783404, 0.626681289119, -0.156743077163, 0.763349310361,  
58, 9, 453.0148047264967, 4.764396847698423, 7.267808795723288, 6.730578641937309, 2.210893839928937, -0.946057829387, -0.178097636319, -0.270658115329, -0.318645719145, 0.662657145034, 0.677753947835, -0.0586471578686, -0.727438478549, 0.683662029661,  
59, 6, 272.9460292917299, 4.0240440282267755, 5.228377423220426, 4.446323245307451, 2.80298135112314, -0.257976334281, -0.965849689071, 0.0241368820127, -0.966105537192, 0.258126601549, 0.00327850275445, 0.00939691219194, 0.0224729992405, 0.999703287154,  
60, 9, 1061.7672823194896, 6.328686407048123, 7.00593896461423, 6.445768755607005, 5.613059669199665, -0.680024684139, -0.373402746766, 0.630980837799, 0.00956551604726, 0.856005961485, 0.5168774466, 0.733126817041, -0.357525079692, 0.578533393614,  
61, 6, 337.9693674028359, 4.3211191650860625, 7.541791760481479, 4.051511491102874, 2.64056655185611, 0.757438053394, 0.589610821315, -0.280440144521, -0.272102028325, 0.675510267935, 0.685307496016, 0.593504912745, -0.44276964361, 0.672091482795,  
62, 8, 1185.8778985346544, 6.56624558697101, 7.992941240104881, 6.531094416816811, 5.423239490584888, -0.155302859797, -0.892960445269, 0.422495757286, -0.157499170165, 0.444595934061, 0.881775746329, -0.975230758916, 0.0703995639332, -0.209687549134,  
63, 5, 84.80802906824408, 2.725520504791783, 4.760095768122756, 2.622952601066936, 1.621594370878265, 0.136268800124, -0.916381226907, -0.376399071578, -0.896367509031, 0.0477366412554, -0.440734048872, -0.421848435894, -0.397450198206, 0.81490934286,  
64, 13, 2687.353422435074, 8.624727694090362, 11.97120599227993, 9.04170260534082, 5.927179150158458, 0.60923803466, 0.782869540324, 0.126270740696, 0.740745312175, -0.618680268022, 0.26178446946, -0.283064302968, 0.0659545964427, 0.956830492613,  
65, 8, 760.186594556188, 5.661661052492592, 11.13670471951294, 5.883215509044246, 2.7698747752485247, -0.135143517224, 0.341560718588, -0.930092740145, 0.0131290341206, 0.939239277374, 0.343011965245, 0.990739046478, 0.0341446241125, -0.131416461788,  
66, 18, 2077.8140134976043, 7.916004283832965, 11.351793288140321, 7.798538933998743, 5.603254425252015, 0.735074434399, -0.0862218014797, -0.672481506692, 0.43132225025, 0.824746539563, 0.365724297685, 0.523093387773, -0.558890817985, 0.643439477527,  
67, 6, 186.24007875679968, 3.5426494392300314, 5.6254550815236835, 4.342602885665977, 1.8200225103576904, 0.608818424149, 0.742187200762, 0.280175454744, 0.172888297903, -0.468815282153, 0.866211214236, -0.774241411231, 0.478926288947, 0.413738863162,  
68, 6, 755.1033126466114, 5.649013189488037, 7.3926855136139595, 5.403769241799375, 4.512515842432894, 0.449392948022, -0.839881379655, 0.304376816425, -0.406661011518, 0.111039628025, 0.906805945459, -0.795407317027, -0.531290381163, -0.29164658562,  
69, 7, 724.4272458319041, 5.5714562194559285, 9.01097310791735, 5.700395787920418, 3.366894145246241, 0.201369602952, -0.762421806908, 0.614949812064, -0.935242376362, 0.0369587363448, 0.352073499804, 0.291156281854, 0.646024024444, 0.70560681642,  
70, 8, 533.9625294797867, 5.032773562540304, 6.510034399086627, 5.522750497221339, 3.545548786435378, -0.637099002361, 0.202294390788, -0.743761951599, -0.478916499016, 0.65218165229, 0.587620693464, -0.603940268703, -0.730572427533, 0.318622158625,  
71, 9, 1466.4246040832209, 7.047856341478337, 9.882301525589815, 6.841216669578042, 5.1782102893979784, -0.0574401930058, -0.803169541863, 0.592974966799, 0.707696433329, -0.451699154738, -0.543262028732, 0.704177806012, 0.388441193274, 0.594345906764,  
72, 14, 3165.1517481558544, 9.108257687873783, 10.675391078392877, 8.94822579564716, 7.910158740412228, 0.89450449636, -0.0218561531453, -0.446524371745, 0.380413747942, 0.561870669496, 0.73456567517, -0.234834167807, 0.826936309113, -0.51091022137,  
73, 8, 1346.7276259893983, 6.850628020719024, 9.618752011200916, 7.412625117764746, 4.509209308915291, 0.454246898129, -0.882185196272, 0.124133134247, -0.744315153584, -0.29924727971, 0.59703100232, 0.489545409217, 0.363593653773, 0.792555958435,  
74, 5, 188.39540976856136, 3.5562632560425853, 5.012484077449541, 3.7478400494241955, 2.3941295879639752, 0.140614180795, -0.403872329694, 0.903944021202, -0.389099255147, -0.862093899264, -0.324647314012, 0.910400692994, -0.306073929238, -0.278369050071,  
75, 11, 1421.6149736499979, 6.975325201418615, 9.855258599828428, 7.983586133518083, 4.3134755446538255, -0.546939055406, -0.368038144565, -0.75193456751, -0.835901872413, 0.289546398678, 0.466294909589, -0.0461056327188, -0.883578410305, 0.466008007951,  
76, 14, 2273.3676545179233, 8.156935391633994, 9.355225797419495, 7.8697535395831375, 7.371666201651468, 0.713332691678, 0.228040700235, -0.662686886863, -0.252375203646, 0.965726324496, 0.0606582456079, 0.653806720345, 0.123976228413, 0.746435976638,  
77, 6, 867.1521604363343, 5.915646767701013, 7.812091356016244, 6.748408250194463, 3.9267932888039963, 0.0537556462504, 0.119477035155, 0.991380637579, -0.88839454452, -0.447580476245, 0.102111951075, 0.455922651076, -0.886226243887, 0.0820827684778,  
78, 6, 717.0271484171778, 5.552420257647042, 9.52347137050874, 6.847051215018155, 2.625113789154347, 0.0666074362503, -0.357135508584, 0.931674663144, 0.294980045165, -0.884961960115, -0.360318056867, 0.953179008576, 0.298825296216, 0.04640280111,  
79, 10, 682.1175503147955, 5.460807551098026, 7.178840528181562, 5.399840230022515, 4.200832819801954, 0.0193355033932, 0.909224599745, 0.415856664641, -0.924429563544, -0.142185535979, 0.353854850756, 0.380862337799, -0.391272156659, 0.837764870993,  
80, 7, 1919.451058132452, 7.709557962117157, 10.986329163738514, 9.655028385204263, 4.319985329116891, 0.562187290818, 0.815175458859, -0.139407393333, 0.744555349722, -0.572266557662, -0.343727098411, -0.359976084265, 0.0894424857398, -0.928664234534,  
81, 7, 529.8514029797251, 5.0198240288018985, 8.578067742284002, 4.440668543693201, 3.320684764102404, -0.84746475559, -0.0623651817252, -0.527175561025, -0.527150553873, -0.0181954129423, 0.849577083318, 0.0625762062166, -0.997887524251, 0.0174558689068,  
82, 11, 949.1573031951265, 6.09653673215222, 7.07857462665765, 6.467514556384431, 4.949557279384248, 0.886244320415, 0.0161692824718, 0.462935804228, -0.0407359896295, 0.998239124455, 0.0431187842581, 0.461423432089, 0.057071925772, -0.885342426188,  
83, 7, 1130.9284303860343, 6.4632184897787655, 8.232215978010938, 6.612601945161919, 4.959722478143673, -0.0890877210477, -0.680428824375, 0.727378851025, -0.736171710477, -0.44692461194, -0.508241678668, 0.670905798642, -0.580753825818, -0.46109695634,  
84, 7, 628.6247918164526, 5.314155991225962, 7.862405917691524, 5.707263154510397, 3.344410175019855, 0.650090973556, -0.736190886882, 0.188161378005, -0.567713565515, -0.305985307114, 0.764247538014, 0.505057455772, 0.603652192825, 0.616863839487,  
85, 8, 724.0552311401507, 5.570502353960804, 8.322963483387019, 5.589318916450642, 3.7157476063222616, 0.10412133692, 0.0575800684558, 0.992896410969, 0.393521892656, -0.919236383856, 0.0120412041042, 0.913399839719, 0.389472728587, -0.118371138751,  
86, 9, 802.7350145409985, 5.765379052904435, 8.952166100779863, 5.494827881115756, 3.8958423362604826, 0.895122969825, -0.399920894517, -0.197023214419, 0.161975241194, -0.120000747649, 0.979471205194, -0.415353933569, -0.908660056728, -0.0426381422686,  
87, 6, 241.2349354531457, 3.8617474131613174, 6.391818101454967, 3.514990981769732, 2.563320852349281, -0.358255189905, -0.586571166705, -0.726352177182, -0.0736577058939, -0.75780967528, 0.648304741935, -0.930713576386, 0.28575997348, 0.228283762646,  
88, 5, 513.475626148824, 4.967567090667203, 9.066523876463382, 4.9045269527135105, 2.756724009656306, -0.595282239369, -0.666507587205, 0.448783568872, -0.775594090589, 0.622579644436, -0.104155619041, 0.209983004396, 0.410075874116, 0.887549950895,  
89, 12, 683.28999777868, 5.463934502444395, 7.7399991881828, 5.146669783343798, 4.094955953377853, 0.798155315134, 0.602220523961, -0.016689321238, 0.47377189658, -0.644545548423, -0.600084349087, 0.372140138838, -0.471053581377, 0.799762615116,  
91, 7, 1004.896117570972, 6.213612793563875, 8.903800296807546, 7.572639807930105, 3.558031988091028, 0.587242342779, 0.590594276193, -0.553484265156, 0.753685866632, -0.648323472098, 0.107862365845, -0.295133944653, -0.480494616468, -0.825845553514,  
92, 7, 412.35902874056114, 4.617380164012707, 8.224586095489375, 4.1660650342518935, 2.8730739361005777, 0.601263248835, 0.548316908962, -0.581232374311, -0.525820845448, 0.819221276395, 0.22888630102, 0.601660156644, 0.168003177497, 0.780884106803,  
93, 8, 1259.6033673112534, 6.699592708323473, 8.961554447867497, 7.449337752178395, 4.504475097348593, -0.526373349099, -0.726793408499, 0.441250992884, 0.773893626287, -0.19458491249, 0.602681812421, -0.352164382853, 0.658716975031, 0.664885098536,  
94, 9, 835.1952051845087, 5.842066026647642, 7.2733934520373005, 6.0921857460006965, 4.4997580822757515, -0.720339472016, 0.626614837134, -0.297430480853, -0.504340334136, -0.178784037279, 0.844794114194, -0.476184704101, -0.758544734276, -0.444812335353,  
95, 7, 493.8860080187073, 4.903573670263221, 9.253288177661863, 4.183727995649103, 3.0456401172190435, 0.335160373636, 0.934870235355, 0.116983618477, 0.432867643161, -0.263079420208, 0.862215067235, 0.836835185355, -0.238341900871, -0.492848872212,  
96, 8, 473.0382216816353, 4.833583306245701, 6.699028532978274, 4.7627496873383, 3.539468399341751, 0.0963374035171, -0.837872090259, 0.537298301737, -0.896288072136, -0.307790272982, -0.319269227462, 0.432881965933, -0.450816490629, -0.780626476202,  
97, 6, 172.36144331431043, 3.45236870316566, 6.3664046059509065, 3.283173651580797, 1.968626935689205, -0.0461836986109, -0.979829252271, -0.194426598946, -0.50677777635, 0.190709499257, -0.840717653134, 0.860838748768, 0.0597036287678, -0.505363359704,  
98, 5, 420.3398986798019, 4.646978558707967, 10.09806950936799, 4.016877772413721, 2.473916476838726, -0.0328839747837, 0.913885986072, -0.404636934379, 0.353515160863, 0.38931999064, 0.850562740736, 0.934850616538, -0.11507540723, -0.335874940132,  
99, 9, 1282.3355263242508, 6.739655350297455, 8.124137894936833, 6.523911841647064, 5.776006788318268, 0.285556986325, 0.871284009623, -0.3991508263, 0.828072686361, -0.433981771324, -0.354902026285, 0.482444643108, 0.229181143931, 0.845413017171,  
101, 8, 821.1388430444264, 5.809106372226538, 8.472382795674507, 5.447149851407825, 4.247692743588534, -0.068112976902, 0.130862698991, 0.989057923678, 0.697890151073, -0.702194486311, 0.140968934273, 0.712958595862, 0.699855597539, -0.0434992319419,  
102, 6, 383.88289292573546, 4.508548195464587, 6.005566683782604, 4.441756410218079, 3.435590698753633, 0.0788021417498, -0.49511757853, 0.865244939821, -0.889921282196, -0.426083224588, -0.162767310044, 0.44925531043, -0.757173473621, -0.474191940984,  
103, 9, 1511.7551741322802, 7.1197424675783445, 10.205084624183097, 7.181974861106135, 4.924162351634343, -0.830816095024, 0.440552520298, 0.34008542031, -0.00210769420611, -0.613549432801, 0.789653500679, 0.556543056621, 0.655340041787, 0.510675293858,  
104, 9, 808.8397479931342, 5.7799572369200165, 8.035159034656429, 6.308630397660232, 3.809292439760061, -0.116844247404, -0.960693913782, -0.251822607942, -0.741942827028, 0.252992326512, -0.620899125581, 0.66020319847, 0.114289486603, -0.74234065629,  
105, 6, 70.03161272038852, 2.5570261694666363, 5.8370411361482155, 2.308391858730165, 1.2408041299966504, -0.247157849852, 0.968661784337, 0.0246443669336, 0.917792221742, 0.225870102683, 0.32655801081, -0.310757839751, -0.103329784085, 0.944855820088,  
106, 11, 1927.7779416127514, 7.72069030852123, 9.6383160454734, 8.380847373132774, 5.697433997171248, 0.32341633262, -0.886284616798, -0.331513881794, -0.571784646752, -0.462190020696, 0.677822028639, -0.753965644797, -0.0296641668766, -0.656243738004,  
107, 9, 699.1956406446072, 5.506006260478703, 8.295306462939449, 4.81182325959429, 4.1818456595869185, 0.0602256015839, 0.504954350958, -0.86104238012, 0.418480748642, 0.770367274793, 0.481048983934, 0.906226649316, -0.389301124293, -0.164917842254,  
108, 16, 2163.573248630812, 8.023447179766553, 14.684923429866654, 6.598260010846206, 5.330671031341035, -0.975765663499, -0.00409521502054, 0.21877979603, -0.200753011462, -0.38104507922, -0.902498130741, -0.0870608886108, 0.924547390249, -0.3709885778,  
109, 22, 3527.4191846497533, 9.443279001423015, 11.995924221109675, 9.1719241182621, 7.653750425857314, 0.0238236479796, 0.578638837, 0.815235873911, 0.259883807108, -0.791016192149, 0.553853582241, 0.965345969381, 0.198671789828, -0.169223755208,  
110, 10, 1498.0074653641789, 7.098094703673476, 8.911694659266162, 6.884487462755927, 5.828991971085356, 0.499902762627, -0.226927034324, 0.835823754754, -0.605732948507, -0.781373655077, 0.150142619678, 0.619019242844, -0.581342697765, -0.528068030414,  
112, 8, 483.9799058256526, 4.870567581867382, 7.850415642721259, 5.041213515069827, 2.919516797427367, 0.651242704928, -0.71153562967, 0.263818094505, -0.592438960981, -0.693956319673, -0.409195190462, -0.474235191429, -0.110189264883, 0.873475419868,  
113, 9, 1101.6174529106127, 6.406891945264632, 8.001332752701392, 7.456759851644219, 4.407879464266141, -0.94416536628, -0.145381876258, -0.295661751285, -0.32052083523, 0.613055781157, 0.722100410866, -0.076276833314, -0.776547950384, 0.625423956572,  
114, 5, 63.242418447640816, 2.471572114797741, 4.209625418669107, 3.207488733031094, 1.1181788345936488, -0.054003175946, -0.96734390277, 0.247647795792, 0.934965613729, -0.1360653178, -0.327605754582, 0.350603705245, 0.213850422176, 0.911781245038,  
115, 9, 1866.2579173441816, 7.637672251578229, 11.985176935184338, 7.663054017508536, 4.851060791826761, -0.0434830784657, 0.829478476962, -0.556843495198, 0.153677893767, 0.556290447863, 0.816654175636, 0.987163779144, -0.0500638979014, -0.151661726459,  
116, 8, 800.9913295672046, 5.7612015462486035, 9.07589486097178, 5.434133473973206, 3.8772111064575565, 0.179595179998, 0.278141521976, 0.943601009471, -0.408422712869, -0.851540283564, 0.328740069175, 0.894950534351, -0.44442821605, -0.039333215535,  
117, 14, 1956.5291878267421, 7.758883672489167, 11.216473944058299, 7.584811902979314, 5.490306057896974, -0.965189387737, 0.0491614840038, -0.256890237825, 0.260816035696, 0.254535756283, -0.931228513469, -0.0196071752977, 0.965812972197, 0.25849731413,  
118, 12, 2232.8134063025996, 8.108140654451503, 10.866685852753026, 7.1620964086560965, 6.848990233522248, -0.501354930711, 0.344736929469, -0.793599195383, 0.758661734665, 0.616154224522, -0.211627843063, -0.416023564004, 0.708174004793, 0.570450675456,  
119, 8, 1111.3186246448936, 6.425644007319793, 9.114256007564508, 5.66248678426674, 5.140691699227333, -0.91846383614, -0.166235769457, -0.358873028599, -0.37513618819, 0.0787216847875, 0.923620991887, 0.125287756836, -0.982938739341, 0.134664073492,  
120, 10, 2030.7838140592225, 7.85582308842012, 11.278528844339794, 7.462787584192453, 5.759987608058987, 0.284323463345, -0.489628038975, -0.824272134457, -0.706428101735, 0.474260757981, -0.52539134987, -0.648166263601, -0.731670087464, 0.211043544892,  
121, 6, 473.8066180094731, 4.836199090945732, 5.33976695298386, 5.094426189113033, 4.158100057623582, 0.955239337432, -0.275211851073, 0.108518409734, 0.135388161416, 0.732843494089, 0.666791165898, 0.263035841609, 0.622253043544, -0.737301360252,  
122, 8, 1151.4207593368874, 6.502022708883702, 9.755874619984736, 5.954496081430389, 4.731885441932008, 0.509589024091, -0.656715012976, -0.555917636218, 0.572156326441, -0.22391305106, 0.788986744932, -0.6426166545, -0.720130777913, 0.261640016172,  
123, 7, 893.1976496839579, 5.974290285576512, 10.321841413373729, 5.837106374241346, 3.5391923962580876, -0.142530369782, -0.926683148063, -0.34776922921, -0.989280068259, 0.12209239432, 0.0801148787309, 0.031781130164, -0.355459970102, 0.934151042081,  
124, 6, 571.4566036352409, 5.147917149959902, 7.061673026077378, 5.1939459101586545, 3.719543302720175, 0.23656042913, -0.260087534496, -0.936158981034, 0.497683223129, -0.795074798511, 0.346651805402, -0.834476226615, -0.547914718887, -0.0586420330626,  
125, 7, 268.64335175130634, 4.002787141675774, 5.953150739802984, 4.184090309903421, 2.5747766308985716, -0.599996955482, -0.798958037279, -0.040862061615, -0.773082705962, 0.565912039571, 0.286507754191, 0.205783340324, -0.203493533401, 0.957206142223,  
126, 7, 415.78847724820224, 4.630145230250745, 7.863094905713347, 3.6414929750519467, 3.4666567819232306, -0.197878986678, -0.977783905669, 0.0691559140425, 0.307730730807, 0.00501711955565, 0.951460259721, -0.930669492327, 0.209555392026, 0.299901373329,  
127, 7, 269.34362234259527, 4.006262135655622, 6.355795971553141, 3.5128508725820975, 2.879973066925614, -0.372069568744, 0.91241932283, -0.170455904392, 0.906145795319, 0.396847795002, 0.146327117197, -0.201156738988, 0.100014033661, 0.974439920893,  
128, 11, 1672.333266011384, 7.363394574350131, 10.126698716754317, 6.714504085873994, 5.871544919891536, -0.0245801959154, -0.710964266186, 0.702798424995, -0.993093807253, 0.0980386854089, 0.0644445975888, 0.114719239728, 0.696360702776, 0.708464020022,  
129, 14, 4312.642662697809, 10.097602922087795, 13.79727749481511, 8.704825495426752, 8.572379660796528, -0.153404352553, -0.0614305980454, 0.986252192009, 0.0805785588738, 0.993964351051, 0.0744443731223, -0.984872682364, 0.0908908711782, -0.147528468673,  
130, 9, 1176.7060170693667, 6.549273417637406, 9.143613741076255, 6.417560500472412, 4.787309677728501, -0.584219386413, -0.416520461856, 0.696561851808, -0.184784897077, 0.903985644222, 0.385570352664, -0.790279855716, 0.096543564758, -0.605092629068,  
131, 7, 297.0009033108604, 4.138945618930021, 5.769264817662135, 3.7929591007774106, 3.2401903702556756, -0.948071087573, 0.108261309044, -0.299066383721, 0.307282505159, 0.55445644925, -0.773405138273, -0.0820894325177, 0.825140918176, 0.558930935107,  
132, 8, 668.0884958364074, 5.4231105972134115, 7.9606787980596, 4.893048144352388, 4.094640654543539, -0.944921265019, 0.32632122408, -0.0252638403511, 0.10840925198, 0.384879909188, 0.916577814257, 0.308822338893, 0.863355033702, -0.399057450478,  
133, 11, 862.9685175592234, 5.906117928088523, 7.580328045053663, 6.0630180578577235, 4.482594776751496, -0.103147265788, -0.994325440161, 0.0260299944216, -0.993341317113, 0.101624400607, -0.0542725429388, -0.0513192875654, 0.0314547333546, 0.998186821428,  
134, 6, 369.86302262511305, 4.452980244536072, 7.993919203026625, 5.975735444624929, 1.8484222537830899, 0.369173361231, 0.920796663409, 0.12587507304, 0.929360308443, -0.365868779572, -0.049289483913, -0.000668167023395, -0.135179661155, 0.990820878243,  
135, 10, 1789.5369522637125, 7.531544048609317, 8.694693333242688, 7.191188215113493, 6.832775266591504, 0.242604097902, -0.658545528278, 0.712362996559, -0.707082674617, 0.382717787371, 0.594610113003, 0.664211820835, 0.647954382974, 0.372797229935,  
136, 5, 138.1184799724697, 3.2066709219257343, 4.2802648343167435, 3.9504910547080736, 1.9500307376472152, -0.0212391497072, 0.249250751251, 0.968206053235, 0.754218449061, -0.631706488417, 0.179168757291, 0.656279993308, 0.734044259901, -0.174572606357,  
137, 6, 76.75015668965173, 2.636312489787128, 5.373119887540383, 3.143838653303266, 1.0846856168365357, 0.238823565436, -0.825934402526, 0.510681571349, -0.586933387134, 0.296187833312, 0.753513083141, -0.77361004625, -0.479692745537, -0.414031842035,  
138, 7, 1111.6918806077063, 6.426363315422636, 9.65352966425787, 5.938833424919634, 4.6292277177475265, 0.200666558222, -0.139939818377, -0.96961321136, 0.590386207064, -0.772552039521, 0.233682418552, -0.781778139193, -0.619338512822, -0.0724068202299,  
139, 9, 569.6518883986365, 5.142492228348106, 6.082382074288406, 5.887358842318988, 3.7977531017602617, 0.00393646387225, 0.940927161671, 0.338586149571, -0.811364022228, -0.194910857051, 0.551088179185, 0.584527952869, -0.276885958895, 0.76266718697,  
140, 5, 163.4906008526861, 3.3920954176860176, 5.7639339649895565, 3.381154655450636, 2.0027195991231754, -0.805984025885, -0.503491962391, -0.311264507817, -0.150930270858, -0.333658828379, 0.930533094298, -0.572372084712, 0.796974046034, 0.19293150751,  
141, 7, 800.2821913851992, 5.759500864399486, 7.5122117641957225, 6.7213333119127965, 3.7838271478572243, 0.745992145937, 0.583081890019, -0.321731608227, -0.524096268075, 0.812093994145, 0.256566651112, -0.410875674614, 0.0227783714454, -0.911406783936,  
142, 5, 309.68008632607786, 4.19702500534271, 7.710759787424122, 5.351365148608987, 1.791690167448092, -0.0351964062837, -0.887941506751, -0.458607777489, 0.999073967229, -0.0198988283868, -0.0381476687846, 0.0247471410385, -0.459525752508, 0.887819611066,  
144, 7, 714.2939378621517, 5.545356249217103, 7.788308845427769, 4.956849582862716, 4.417122559739176, -0.361891914043, -0.897102906278, 0.253457329934, 0.293835128242, 0.148255399438, 0.944288755598, -0.884700604703, 0.416205132218, 0.209947917242,  
145, 5, 240.053050241049, 3.8554304505082646, 8.269086286338194, 2.9054415116804644, 2.385332681138143, -0.0241712865757, 0.970007997545, -0.241868215364, 0.206200530872, 0.241573977431, 0.948221152736, 0.978211168395, -0.0269536291892, -0.205855317881,  
146, 5, 201.08470139590253, 3.634378380938032, 6.504962572009194, 4.002137190303278, 1.843969134663584, -0.746892388095, -0.664224764982, 0.0309390075947, -0.134992479681, 0.197024424866, 0.971060454573, -0.651098142399, 0.721101128547, -0.236821391292,  
147, 9, 2510.4469039227715, 8.431162833763297, 9.47055555851798, 8.662759264368047, 7.305176768444761, 0.866687371232, -0.335886975479, 0.368826436484, 0.0898450804069, 0.832361789258, 0.546901922934, 0.490694265376, 0.440855749068, -0.751575243366,  
148, 8, 597.3897522676766, 5.224640183871328, 7.78228511597532, 4.750390276821318, 3.8577380081802497, 0.372819246907, 0.204883326978, -0.90500200633, 0.47339307852, 0.796845830805, 0.375414058259, 0.798063156865, -0.568383272322, 0.200089113647,  
149, 8, 658.9110563092315, 5.398163841935835, 7.780609120126948, 5.076748031882528, 3.9823458922713297, -0.452812772189, 0.621729209731, -0.639072283165, 0.209384777103, 0.770871999989, 0.601593197061, 0.866670992049, 0.138597075728, -0.479241319316,  
150, 7, 945.1211125941494, 6.087882828999145, 9.851930481156444, 5.9646387951642446, 3.8396652904747572, -0.896229028174, 0.37669490941, -0.234253013392, 0.438631367707, 0.673809436788, -0.594628763313, 0.0661517371098, 0.635674278322, 0.76911778003,  
151, 10, 2134.73604036075, 7.987640757273417, 9.422138705097375, 8.766998998391529, 6.169573219658485, 0.779404016586, 0.622896239594, -0.0673027015079, 0.344358763806, -0.336168031509, 0.876588898162, -0.523398911654, 0.706393183214, 0.476510493052,  
153, 6, 832.6854360272989, 5.836208334807706, 8.900300339698504, 6.203073403005118, 3.6006489141046467, -0.147008099511, 0.870849017866, -0.469052882691, 0.973239368808, 0.0426752252587, -0.225796271343, 0.176617523709, 0.489694612214, 0.853818152236,  
154, 7, 1214.4276446575452, 6.618521924064852, 10.01524011083801, 6.384678231086583, 4.534011889888784, -0.0998499604295, -0.983990402872, 0.147624091725, -0.977448022961, 0.0692564018, -0.199496649644, -0.186078875243, 0.164214609171, 0.968714722879,  
155, 6, 944.1140977397149, 6.085719872666779, 10.57940977986597, 5.367615354949029, 3.969109199026288, -0.0194048671658, -0.6903047142, 0.723258496447, -0.153654106917, -0.712741904977, -0.684389795597, 0.9879341408, -0.124412131415, -0.0922374923714,  
156, 9, 1006.5763767240726, 6.217074068783467, 7.6307531482519275, 6.477906144538277, 4.861340805834613, 0.312972792489, 0.246696303846, 0.917163543121, -0.228220151146, -0.917849345411, 0.324758589939, -0.921934701469, 0.310955805215, 0.230960804967,  
157, 7, 1718.268072535291, 7.430204559249511, 12.000023549512004, 6.948673775016413, 4.919469698121383, 0.620634166637, -0.720745985899, -0.30876925853, -0.583596270517, -0.16161221546, -0.795799525542, -0.523668429678, -0.674096963073, 0.520926732021,  
158, 8, 1448.4384351184951, 7.018922983867215, 12.482364053291986, 5.807111854234977, 4.7703955928760875, -0.857031619996, -0.436858662996, 0.273223920793, -0.46404418658, 0.884873938671, -0.0407566627927, 0.223963825715, 0.161717720817, 0.961086668071,  
159, 7, 719.3157926490733, 5.558321483925887, 8.848195012497568, 5.811102826374527, 3.339779079775662, -0.343796695184, -0.158274540022, 0.925609530181, 0.0413879897849, 0.982181529296, 0.183320696626, -0.938131582819, 0.101334167439, -0.331120098797,  
160, 14, 1896.7438084319463, 7.679035734470264, 9.968610964303526, 7.592514278689533, 5.982735472887071, 0.0911038807341, -0.557099336269, 0.825433469423, 0.31418030589, -0.770468646488, -0.554679006427, 0.944981914275, 0.309868349962, 0.104836956201,  
161, 15, 2766.6301123469366, 8.708716710102754, 10.839167165310082, 8.340888396832902, 7.30557268133687, -0.742356813816, 0.646961951789, -0.174202737977, 0.62672937238, 0.57859873737, -0.521951908618, 0.236889541299, 0.496652528486, 0.83499677315,  
162, 7, 1161.2781548401915, 6.520524770287781, 7.7081391619614195, 6.499697639877881, 5.5335641148586765, -0.919130444921, -0.193268029696, -0.343288062591, 0.172844209284, -0.980879220263, 0.0894473843833, -0.354011446901, 0.02287846047, 0.934961213906,  
163, 10, 659.7653617644247, 5.400495815338558, 6.970553807177824, 5.427027575943876, 4.163624825963413, 0.536231284087, 0.811196652325, -0.23327237561, 0.626926165746, -0.197720197573, 0.753571699425, -0.565172179667, 0.55033327605, 0.614584162343,  
164, 5, 61.369313912425, 2.4469262853402913, 3.6315612248542406, 3.3704387014275783, 1.1969688691534393, 0.931235194405, -0.248331622484, -0.266706614048, 0.0785740318947, -0.577827798087, 0.812367624459, 0.355847065766, 0.77746153669, 0.518581165058,  
