# Void_ID, X_c, Y_c, Z_c, N_particles, R=(abc)^(-1/3), a, b, c, vector_a, vector_b, vector_c 

0, -176.9956438210728, -49.16355127643799, 240.62702317399848, 9, 16.20782590179153, 20.751351078689787, 17.6910619427173, 11.597757077374494, 0.8028969292186017, 0.2606236839256894, 0.5361266794595676, -0.28183417286282064, -0.62654049104452, 0.7266474469014678, -0.5252866075373234, 0.7345218229969026, 0.42959477590310224
1, -3.452633661781249, 87.89581827129392, -83.23997291872111, 7, 8.996983135353881, 12.378942111495034, 9.089365672975209, 6.4725231342982115, 0.6314393942220802, 0.769603339708313, 0.09484192603623763, -0.34352304883339335, 0.16798285404566868, 0.9239987422431275, 0.6951807004978364, -0.6160295936531639, 0.3704474772472545
2, 177.30808943681697, -45.35946147978658, 248.35413054167415, 78, 29.06100741105664, 52.19434931316849, 23.021136213809736, 20.425925959009128, -0.13150649105432022, -0.8258130605928229, 0.548396600796262, -0.9912073228953475, 0.11770443009297524, -0.06044592769679758, 0.014631672809983846, 0.5515237584101002, 0.8340308495853012
3, 149.14275532580166, -27.88672605556403, -259.9346454350273, 51, 24.96759260109863, 35.930290610248264, 21.430653149530954, 20.213144030044578, -0.5959212909440459, -0.7938993769056054, 0.12083705701676618, -0.7936674165517476, 0.5593318544223165, -0.23924863329299761, -0.12235132571270546, 0.2384777892747748, 0.9634098282241881
4, -324.3465005240988, -79.00172294661276, -249.8004272641475, 21, 15.75618737924041, 21.560097535173124, 18.875916005267808, 9.61157709061422, 0.09174480571166571, 0.9249466164255626, 0.3688585736943519, -0.9024165731596153, -0.07937330519338401, 0.42349050391896, 0.42098363283123597, -0.3717171440565814, 0.8274050674866776
5, 298.15637226637773, 230.9107311057459, -55.517462025940596, 19, 15.912261962360214, 18.50816995856894, 16.058270253038366, 13.556061119803216, -0.909154884848025, 0.3625500130055251, -0.2049265317782645, -0.09259069543156165, 0.30378758989914023, 0.9482299633225959, 0.40603492273014413, 0.8810621932037291, -0.24262121348010843
6, 151.2709934777912, 43.271812018072964, 316.93449726311167, 108, 31.637380623056472, 49.23113461259732, 31.05472868411402, 20.7125692831727, -0.10052398936752298, 0.21241532206134953, -0.9719951946975929, -0.036022574532888166, 0.9755262012799626, 0.21691243565159718, 0.9942823048237661, 0.056818672721727886, -0.09041203871432431
7, 59.047098141287094, -173.23273655758254, 93.67445703234037, 7, 7.545872739459729, 11.395784926634734, 7.642014403500793, 4.933740846632259, -0.0810483491665245, -0.791850905703804, 0.6053125706884391, 0.6971270534798274, -0.4790828595444428, -0.5333793068701236, 0.7123517645123894, 0.37875025653692246, 0.5908495635686808
8, -173.45306958821837, 128.99501271170556, 46.765435547474766, 26, 19.278425520586577, 22.83166355651467, 19.791205328021086, 15.856410670301473, -0.992961520210937, 0.11255322754980578, -0.036867198815569026, 0.030828024136136625, 0.5461673059727558, 0.8371086589053561, 0.1143549400255485, 0.8300801436334829, -0.5457929120437253
9, 166.3893329978929, 299.6996572897094, -5.0480096750233585, 31, 19.760811560036366, 22.99498206581551, 20.077318686979254, 16.71381313766462, 0.17429763326322195, 0.9433978007749724, 0.2821717996749235, 0.28315566317829916, -0.32247355294994645, 0.9032351178170032, -0.9431029665147369, 0.07753320024856414, 0.3233348069885441
10, 280.11946213259495, -6.5279728458520365, 134.1895426967963, 5, 8.794237794662761, 12.20116747522032, 9.342666078818272, 5.966537835210484, -0.8660560128650786, -0.18684877087973298, 0.4637181465081735, -0.47177481576113073, -0.0015258649573638913, -0.8817177524297007, -0.16545544957418107, 0.9823875042756117, 0.08682905993583405
11, 322.31036786507207, -86.92692090808092, -45.68533634497566, 29, 16.20671321122402, 19.934016352712813, 18.38878580185258, 11.61280081308361, -0.4928903712219202, -0.5287688333572033, -0.6909866878795711, 0.8619387171368841, -0.4051906369457012, -0.3047658045646848, 0.11883067725608605, 0.7458043098572168, -0.6554808933456873
12, 77.27028678251484, -141.90641977935084, 323.16190863151456, 57, 28.981051178517035, 42.482322477121414, 26.542284965078448, 21.58717651060379, -0.8803317305402788, -0.30909220436826346, 0.3598305898651831, 0.04198951177925137, 0.7048083516141846, 0.7081539863585009, -0.4724964815789615, 0.6385195350916554, -0.6074865251195604
13, 57.46045484787204, 140.56246333959035, -213.6624134131955, 10, 14.126504436357722, 17.467880255483156, 13.466390992431513, 11.984300896399601, -0.95412162092762, 0.036506368291106914, 0.2971854935097692, 0.18904334731288333, 0.843146012385335, 0.5033561508866747, -0.23219505876566734, 0.536443927053798, -0.811365126075744
14, 260.33273549278545, 252.88070378289282, 56.96243004979148, 201, 41.606247891296015, 55.053243609987966, 40.52572840231369, 32.282110194787, 0.8272085693086855, 0.1899884010309662, -0.5288008985771248, 0.4018168579333059, -0.8578555948622342, 0.3203544771720349, 0.3927711745315369, 0.47748108427168057, 0.7859660416454755
15, 20.009251565720838, -71.08837330114403, -239.94468164923933, 68, 27.814832579045596, 36.39702213009042, 27.407554714015966, 21.572138907363104, 0.46285213720824603, 0.8721746142880136, 0.15836458339323822, 0.8036859310118506, -0.48826449586345305, 0.34012748547099664, -0.37397436192254296, 0.03015334592981847, 0.9269487323222702
16, 59.29675615776297, -288.8390894053289, -41.80783692007409, 19, 15.926119327843711, 21.291868852070436, 16.792984539468314, 11.297652844820552, 0.42853745615038347, 0.5381200364709053, -0.7257978196610332, 0.7818654953747178, 0.18172327814118575, 0.596374879856679, -0.4528156311553371, 0.8230452457369355, 0.3428622575484525
17, -329.5775955171745, 169.25808071064313, -34.3426496888932, 15, 17.996048246870224, 24.89828600847036, 18.37344729095384, 12.740056301473947, -0.9611747926075095, -0.10599352448021046, 0.25477125195785777, -0.19060498388966252, 0.9226501021513988, -0.3352410015443144, -0.1995313463401996, -0.3707858705078667, -0.9070309146106272
18, -298.4775133192205, -21.089566442618985, 4.333517134238325, 127, 35.623647597843636, 47.39650454331, 33.52329080498308, 28.45261579040216, 0.8398051052004759, -0.36596478023438755, -0.40099521806028277, -0.3383760105717683, -0.9304607117861655, 0.14051526355494856, -0.42453393356568386, 0.017681726453557096, -0.9052393582919762
19, 320.0430717309505, 348.1023566194155, 296.30378769797574, 56, 27.115541785409988, 52.73653087128339, 21.77740582924484, 17.35949779663246, 0.8644905250114239, 0.1676473598442473, 0.4738675921633871, -0.32238734942781033, -0.5383661029977499, 0.7786066632593939, 0.3856456003825047, -0.8258670001158013, -0.411365007050119
20, -97.43101523378996, 107.49929902100764, -220.01355246038287, 84, 28.141049293155877, 44.5478860328255, 24.173908254468493, 20.69411657564189, -0.06792685145247064, -0.45690735986641623, 0.8869169111882211, -0.9859530691418477, 0.16670058637943372, 0.010366289139517319, 0.15258600296726058, 0.873754301277341, 0.46181265974182745
21, 326.0488529994699, -249.90773711040254, -291.7401396446678, 8, 6.886573169772096, 9.89616228364532, 7.097245291529889, 4.6499991636742495, 0.47701821548651335, 0.8388454832369363, 0.26228205685302436, 0.7156446240806692, -0.5439526889189339, 0.43814180837064526, -0.51020230704937, 0.02130087957931203, 0.8597906014900653
22, -337.62485318958517, 108.20952893716478, -198.8703711454889, 10, 10.68116849855338, 14.288939437872546, 10.41281149319323, 8.19008288522965, 0.5411231639916345, -0.8056114542854329, 0.2411968202854102, -0.6792789975448875, -0.5878148482294179, -0.4393788202626966, -0.4957476826835362, -0.0739181231169747, 0.8653151715928523
23, 2.441619611409074, -116.72320944921557, -313.78422066685187, 127, 37.104979099058134, 67.27552360941284, 32.5846414649941, 23.30378906190148, -0.9861513707199874, 0.09383479858762404, -0.1367497883037131, 0.1648086311940861, 0.46230081708614473, -0.8712726723623406, 0.018536156856857253, 0.8817442855474045, 0.4713633691680708
24, 224.77375441414074, 290.56483952734095, 206.30081749768198, 16, 15.40096799230462, 19.191869490837988, 16.944593386580546, 11.232996445582916, -0.8166774519814766, 0.550927411825196, -0.17180490774315543, 0.561818265731663, 0.8270538956656148, -0.01849567394276432, -0.13190214446819834, 0.11162813518070445, 0.9849573512192135
25, -348.24875633299416, 143.07644819281435, 33.81659396286617, 24, 16.193702615653915, 23.097856220203628, 15.362584810128062, 11.967474521816014, -0.25712243395300616, -0.914736854635418, 0.31168018982569934, -0.9649611733153707, 0.22556166623282561, -0.13405919856576184, -0.052325786682142335, 0.3352289091023825, 0.9406825131520844
26, 348.3544701059221, -155.91230042673345, -302.2109818882251, 7, 11.947135914924136, 17.617796068900045, 10.798292406527784, 8.963647123441357, -0.46910095991249134, -0.8648025251096343, -0.17905552762531365, 0.3032023374603748, -0.34813175338535585, 0.887058411178995, -0.8294652686928762, 0.361829897671321, 0.4255190867439628
27, -92.29721110974131, 209.8802561269887, -340.2472032689758, 27, 19.417998659186534, 23.241871706532116, 20.434030160680805, 15.416588155071967, 0.6315834644001054, 0.3762778295115992, 0.6778770703559758, -0.4602503473715303, -0.5216414338318619, 0.7183730453282786, -0.6239166172179959, 0.765705693806621, 0.15627810221324628
28, -210.877858654833, -31.796605563011525, -159.0407324569576, 62, 26.86992999792156, 42.23336527913108, 24.333198176300453, 18.87751061671121, -0.6351629513240065, 0.6711107839576, -0.38233276202961347, -0.21507632284228953, 0.32175051322506926, 0.9220730896149415, 0.7418289564434761, 0.6678973894957368, -0.06002396593664147
29, -156.7863049547555, -231.93250548495945, -270.3800136639719, 32, 18.719761851434072, 28.73767947075557, 18.011856994168923, 12.673330817684095, 0.16031589934399476, -0.8269759820107829, -0.5388965926732396, 0.26294637455257025, -0.49044948952926704, 0.8308540800466355, -0.9513979275398837, -0.27490002436846506, 0.13882348531509883
30, -161.16262879875563, -46.72220526057065, -354.59377342247507, 5, 8.644507829829603, 16.598184735470603, 10.488646654734751, 3.710571180115743, 0.7868387637310227, 0.6043067011427502, 0.12529234152254767, 0.5568624750478689, -0.782701670552046, 0.277996904296789, -0.26606191718056477, 0.14896813709314793, 0.9523757401137427
31, -229.70117851795843, -123.80149605602716, -211.24797992282313, 52, 23.671200625702493, 36.67819610217098, 20.857230248394274, 17.3378904821899, -0.7118699472542603, -0.3538892301986104, -0.6066329952662082, -0.7015144035406383, 0.3171622288830568, 0.6381893623329631, 0.03344726926431876, -0.8798696115444411, 0.47403665138825946
32, -290.5519750358815, -237.59503398126785, 304.97504718342367, 36, 21.896425796561793, 27.764280368205437, 20.663880099731394, 18.29874877404736, -0.8349564863451753, 0.29889397813150265, 0.46207148337334564, 0.5274906385425151, 0.19537019725894758, 0.8267914563376967, -0.15684799061552832, -0.9340732711408273, 0.3207893888209924
33, 43.30132625803841, 241.08786315394372, 289.49836601964114, 5, 3.294115609825074, 11.465183574735258, 4.81532205739809, 0.6474558503503856, 0.4807179028378094, 0.8367542519063947, -0.2622072077723798, 0.8007389359939486, -0.2970193734119886, 0.5201890504434219, -0.3573897791970245, 0.46002370996995284, 0.8128042396487501
34, -341.42358826222784, -223.79216501931003, -77.24991380959496, 102, 32.28803194031634, 54.7916614105406, 29.58145935879485, 20.767807882110812, -0.1463850269733024, 0.5914677332384846, 0.792929596128026, 0.26718616731897665, -0.7481328438542134, 0.6073786298018746, 0.9524615351138448, 0.30077095684978544, -0.048516550209619924
35, 68.03463056995595, 194.30515234638645, 50.83157687528623, 10, 13.954498459138797, 16.629735359382032, 13.432675710333086, 12.164515830897473, -0.32209245961056415, -0.029129080508746005, -0.9462599770310124, -0.9398678939215194, -0.11009833289723785, 0.32330589086618333, 0.11359924928248637, -0.9934937613100365, -0.008084355292268822
36, 247.30102098148913, -195.71429528413162, 27.913912245254146, 494, 59.78740149137074, 80.18654428209811, 54.76562026792158, 48.66531363383823, -0.9350556152857882, 0.30248318428141957, -0.1848645978804184, -0.09773551320076036, 0.2813016704961331, 0.9546293205404227, 0.3407620368848325, 0.9106993430342736, -0.2334693573363375
37, 262.64906811184034, 280.34509281619995, -243.76808482850342, 10, 13.007143569229871, 15.555794087855816, 13.859599384531515, 10.207113378834325, 0.357674162210839, 0.5451685321721466, 0.7581955323107896, 0.7639825158111107, 0.2960794976612265, -0.5732954269829839, -0.537028778764883, 0.7843010917969848, -0.3105992404761415
38, -151.1198311998939, -96.830590200989, -52.92992403516406, 15, 16.54803339313454, 23.101179487543813, 17.32253169146265, 11.323837978540881, 0.7050706941212624, 0.6746932671001866, -0.21832157845947697, -0.43545862008747827, 0.6549188613661667, 0.6176221136085986, 0.5596884012402534, -0.34039723905537217, 0.7555650952503092
39, -302.0769152345698, 6.943090356985039, 158.31505911423838, 8, 11.71774155912121, 16.451585156636725, 11.550348308363455, 8.466987427553, 0.4385554071027502, 0.8753498121037253, 0.2035481794340441, 0.7409839450364888, -0.48035519125785914, 0.469256521989612, -0.508539033014284, 0.05496905203474223, 0.8592825235155773
40, -148.13755945029374, -299.8353901493861, 319.614421654331, 7, 10.8900300491391, 17.442113044844287, 10.324549026996149, 7.171616315363364, -0.6937313309325128, 0.2215583650178365, 0.6853092231782871, -0.12865619901684708, -0.9743262109363846, 0.18475934925433404, 0.7086497180816075, 0.040004069455127265, 0.7044254761789125
41, -352.7637214004236, 351.2800819931714, 103.46906690957947, 13, 15.894707433019553, 23.09952301199361, 17.179447783795588, 10.119181916941828, -0.23881937068001308, -0.5201023153455377, -0.8200359076041812, 0.03610081281513906, -0.848643074983885, 0.5277325673065689, 0.9703927243658048, -0.09642879680939125, -0.22144852143061236
42, -148.09539589563101, -145.87363826450644, 248.48657631036016, 9, 10.014721661749387, 17.882905590374342, 9.021659152401458, 6.225756801625623, -0.7435889610681262, 0.5591634115204699, 0.36662206179445145, 0.6110541450464733, 0.7908967647028076, 0.03309289053793288, 0.27145586897164137, -0.24863343861882536, 0.9297812239454128
43, -231.92038764025224, -298.98404081662585, -54.13455652301022, 24, 19.44861687782647, 32.833279420873126, 16.019213837328, 13.98655321556744, -0.5603848499095859, -0.27355067762481294, -0.78175369955173, 0.007902532739832513, -0.9456051308542195, 0.32522067351026496, -0.8281946449767149, 0.1760709041073519, 0.5320645325134093
44, -345.02157747522364, -330.27168694495685, 340.97409635051247, 57, 27.769849055189315, 41.73533523951963, 27.116051931563273, 18.923008918582198, 0.12017755776824014, 0.9389795043586256, 0.3222962069328319, 0.3403561680843874, -0.34394334447210245, 0.8751346494341639, 0.932585134695902, 0.004523957092428901, -0.360921737162577
45, 208.81665166274715, -199.22738213567538, 182.41890383770595, 19, 18.916497905452506, 25.584682590833648, 18.12498873467368, 14.597027670080836, -0.710406025866566, 0.1398510185775235, 0.6897571826485761, 0.6670662885073688, -0.17865742356039507, 0.7232593530288878, -0.2243787983510823, -0.9739215664567608, -0.03362941035661637
46, -103.88284852290913, -206.717537732744, 169.98887895602465, 39, 23.81629241513749, 29.61311541697341, 24.056945697358916, 18.96259958524494, 0.7113247301289696, -0.26267500503017654, -0.6519347897139294, -0.5763905513260685, 0.31280787101860724, -0.7549338833108745, -0.40223259520951304, -0.912772193683179, -0.0711045834656071
47, 110.74295480709412, 7.19823782244795, 162.45756519817417, 8, 14.040889675697878, 19.241776532719477, 14.01848498852377, 10.262132868160384, 0.4091931900894763, -0.6362737149423147, 0.6540005297076629, 0.4796407823597286, 0.7597306247609824, 0.4390376950759861, -0.7762123762745253, 0.1340340907149873, 0.6160594203844797
49, -307.0085603821757, -84.855433565472, 75.49439266441865, 8, 11.583357872150115, 19.490977127427723, 12.12229683351883, 6.577864100955154, -0.21335278682695996, 0.17805203118041638, 0.960613378287903, 0.19931732676668912, 0.9705053438145396, -0.13561703756535598, -0.9564273059693301, 0.16253261771087732, -0.2425488746135493
50, -117.16686181071562, -221.90432444005984, -334.8597337369891, 20, 16.07398948544947, 22.410641735894263, 13.844353905007932, 13.38579144130094, 0.3471115331436342, -0.71789220510347, -0.6034437549683924, -0.6969087133761556, -0.628027874354389, 0.34626468814232175, 0.6275602192451869, -0.30035274409531465, 0.71830105132552
51, 348.8434936094078, -238.57149017418158, 345.2038636380899, 41, 21.858801363705354, 31.27216284161023, 19.21461752066097, 17.38158464820489, 0.08419556331792566, 0.9636789560293673, -0.2534442282312344, 0.7121852838422679, -0.236089940114374, -0.6611003415936945, 0.696924119683117, 0.12483753395089152, 0.706195696334219
52, -62.91912087178403, -234.04693755220734, -357.1623152433945, 8, 9.958459392539295, 19.02356974846311, 10.566850463685734, 4.912910966303418, -0.958692410569249, -0.25333619339649155, 0.12934309039256, -0.2350233701100103, 0.9616351492023887, 0.1414986053663868, 0.16022758008238044, -0.10525499006638549, 0.9814522452198422
53, -31.570845422063204, 316.81397421604174, 154.31403200770194, 17, 14.753493521702827, 16.8267966064186, 15.480941166569735, 12.327806402853428, 0.32075955037871756, -0.4762692993828665, 0.818706825002819, -0.3602216008057697, 0.7380856433341499, 0.5704997646072633, -0.8759872768218563, -0.4779091310797149, 0.06518552965850975
54, 21.669426418421164, -140.15644716774614, -24.80477717542059, 5, 6.222008679511426, 10.666719483569006, 6.381597009577276, 3.538600937455603, -0.1625136543579742, -0.8252713168448742, 0.5408480061351285, -0.9817310219401311, 0.08026399182999737, -0.17251635335787766, -0.09896217816723069, 0.5590035287980224, 0.8232384478896475
55, -110.56869742016893, -169.88054317326583, 52.079781554247546, 51, 26.199240991718696, 42.97023855556168, 23.247861719668222, 18.001775888308572, 0.7782781448454218, 0.6046791853069917, -0.1692519190805268, 0.4648633764719629, -0.3736505422084193, 0.8026750983570128, -0.42211985320647377, 0.7033835050410451, 0.5718972585745793
56, 50.67633246955609, -261.45498723756543, -194.32680873456363, 55, 24.023749703499856, 29.23672057502116, 27.810129418964607, 17.052604369338493, -0.5792690377723407, -0.8124309954209262, -0.06635706109879581, 0.76978854533756, -0.572001131019417, 0.283267191145729, -0.26809136007225026, 0.11300700771134298, 0.956742618922529
57, 91.79003056653556, 104.1352887458664, 125.23425246641554, 43, 22.390243972941064, 37.21281395904007, 21.137975101489925, 14.269888634387373, 0.7016035254643441, 0.6450117164352465, 0.3028405169676946, 0.6439129673172705, -0.39188426359994766, -0.6571170477650039, 0.30516976189765493, -0.6560385732592137, 0.6902787891999465
58, -341.4726780178741, 53.02642053489331, -109.93684419809324, 7, 9.448587675258937, 12.132928982448899, 10.25854415088815, 6.777184431438493, -0.14528144432138806, -0.984785524857116, -0.09534553984212314, -0.9258454350150238, 0.16929727422171098, -0.33785894009621836, 0.34886033365479385, 0.039190598017800164, -0.9363549351764389
59, 72.37439008061372, 22.122786915530163, 190.5285947945522, 58, 26.405297536607254, 50.48396775375831, 22.384261626171593, 16.292095332561058, -0.7469457639146219, 0.6638144104925415, -0.03771543705754024, -0.14869265380988136, -0.11148742598278683, 0.9825787747304068, 0.648045153112788, 0.739541061922982, 0.18197938690096532
60, 267.2814521502355, -170.62408095783206, 97.71241346610897, 33, 21.78721755952291, 25.981293517647885, 22.630563265797825, 17.589325168019855, -0.6733729309378431, 0.4154323830005209, 0.6115429919757788, 0.3187418471316235, -0.5832244225930803, 0.7471632403819723, -0.667062613828192, -0.6980438439277842, -0.26031185372015553
61, 283.7178634496494, -18.518772363364064, -245.03578493720224, 12, 11.628170081851994, 22.34359364419265, 9.205817319661282, 7.64396604886145, -0.8827718935414198, -0.4457269379261083, -0.14846306200638415, -0.023178952495863183, -0.27430518871047604, 0.9613633026112992, -0.4692297093476615, 0.8521057212890458, 0.23181742732586852
62, -286.0812679781702, 274.6768755343078, 162.31428262639233, 18, 16.35930654201097, 18.5834077364558, 15.6224032070049, 15.080699027697056, -0.997216925732906, 0.05690058781384917, 0.04817391553787283, 0.07103627412210038, 0.529007760780628, 0.8456385970334583, -0.022632958062557204, -0.8467072174844751, 0.5315774986481616
63, 82.92346394382608, -65.04368146173474, -39.601145554760535, 6, 9.257271258594914, 15.181765894864169, 9.482444872444265, 5.510694714404343, 0.22680298810573668, 0.0437318491011167, 0.972958339272811, -0.34605872390844195, 0.9374211910062892, 0.03853401431477252, -0.9103866015013456, -0.3454403508951254, 0.22774371512795433
64, -130.05870538991115, -294.1959548355965, 190.89031825118204, 7, 12.301149508537737, 16.661992297914658, 12.102484013202313, 9.230721410630512, 0.16258894463185103, -0.22787111336435267, -0.9600206199752124, 0.27691403515629015, 0.9444021691270806, -0.17726578937156964, 0.947039308696826, -0.23702172609732378, 0.21665006148368188
65, 90.61852321155621, 34.38844706480839, -322.16335715682527, 10, 10.576229872375746, 14.735288457281824, 12.348403326223236, 6.501644160941838, 0.039104398504788904, -0.8491367808900194, -0.5267234315628208, 0.016768980595674866, -0.5264947157667169, 0.8500130090531003, 0.9990944136103258, 0.04207186244343142, 0.006349100974188732
66, -200.24264224824242, 330.6249701553755, -116.94160436745773, 8, 14.242275101592066, 16.903692454871546, 15.48917341352785, 11.033880756110385, -0.38334730299172254, -0.15505033871996518, 0.9104966983750115, 0.7637532678783157, 0.5011126870275118, 0.40689927587212654, -0.519351317601262, 0.8513785687711964, -0.07367999418391837
67, -346.38117232318433, -156.52441556214904, -31.94691507007076, 10, 10.939201347205072, 11.832073219430459, 11.180264947283115, 9.895640380822847, -0.5669151046394066, 0.3563146139742657, -0.7427295335450588, -0.26406569620755377, 0.7754331746901811, 0.5735614175276497, -0.7803054352098993, -0.5212900224043019, 0.34551431276231115
68, 105.31618035406426, 162.1991228867831, 246.904273099767, 6, 11.34939712902829, 17.81189061619945, 12.87033513748478, 6.377030629828246, -0.381271032042394, -0.9050058814450611, 0.188671022351541, -0.10080525149588922, 0.24356964093639547, 0.9646305672561729, 0.9189508699577896, -0.3487666620592674, 0.18409539385834303
69, 80.09726967754068, 246.35553296298684, 346.4236498967405, 7, 7.546824898722719, 12.640807080832131, 7.574729450875919, 4.489013297620714, 0.6422946805690537, -0.519198136081009, 0.5638180901697848, 0.24395134300271024, 0.8358421854443825, 0.4917881487782442, -0.7265984348729854, -0.17832873162102753, 0.6635160720876048
70, 117.80290062766406, 71.46063599948145, -81.49041839653577, 40, 23.086018905367165, 34.99724264466051, 22.75899121043333, 15.44757470723828, 0.5008457683401403, -0.850723791260949, 0.15944449604289146, -0.4969102555433072, -0.13178658093265128, 0.8577368448550913, -0.7086844955773062, -0.5088234743687424, -0.4887381278963829
71, -67.99710338929012, -352.3403847761405, 256.3810400842456, 42, 19.622741513238186, 29.93009370660953, 23.32467128300564, 10.823193938994907, -0.9558047034876708, 0.02241335885050623, 0.29314673823169873, 0.2794850337582971, -0.2401803593508392, 0.9296243923688885, -0.0912440940333635, -0.9704694927338726, -0.22330131879792073
72, 164.19847817577337, 9.282504803650532, 246.04288936149746, 27, 18.500471707780374, 22.247240254508135, 17.895937941461817, 15.904418513753242, 0.5016206567647363, -0.5485144291425459, 0.66896086412386, -0.7836645217515429, 0.03939572988265221, 0.6199337817984584, 0.366396825934449, 0.8352124864305134, 0.41008958589035216
73, -346.33620842079233, -252.5376740617866, -353.4634436966544, 10, 12.573250800404221, 20.971017819303118, 16.192359080680024, 5.8534660027950896, -0.44317067260937115, 0.8951484173125437, -0.048052741043627785, 0.8672010688771028, 0.414522589071706, -0.27592268715656537, 0.22707281007942684, 0.16395223125086902, 0.9599779189077706
74, -120.33977078137504, -68.05059565966567, -298.4852286044952, 22, 17.165996146875663, 23.532516620183724, 16.961402034227383, 12.672926314789558, 0.5804581015302069, 0.7554346224316104, 0.3039521732107833, 0.7376992126101437, -0.6458974304042299, 0.19651051145317205, -0.34477277166609543, -0.11015916043989891, 0.9321999223819185
75, -102.1223254395719, -226.44093312714173, 129.01391696015298, 93, 31.128321357530446, 35.81163828976267, 32.364642943458136, 26.02388280707207, -0.3086081432048172, -0.9251282031611602, -0.22113077954793678, 0.894128350030729, -0.3614554959580477, 0.2643566116310465, -0.32449269270509107, -0.11613669599883121, 0.9387314633181709
76, -252.12901806333105, 297.5753561065844, -353.68996203382505, 16, 13.507128702516898, 21.221764190869752, 14.448315919832552, 8.036933974963263, -0.7022067105689304, 0.6910745095537412, 0.17123597132909527, 0.6688241933693877, 0.7227420571355003, -0.17412098440835053, 0.2440900120770021, 0.007742163302407077, 0.9697216739413675
78, 120.10358214422597, 37.96784815599522, 347.2226863011543, 72, 30.81570787915372, 53.20326346415655, 27.1260027074279, 20.276471066001776, -0.28878920889877957, -0.9469411837552355, -0.14107865654254811, -0.9323365239250075, 0.31165291291532765, -0.18336048654719758, -0.21759917044660507, -0.07858025438762897, 0.972869849795606
79, 83.79780508215273, 189.78954042815963, -108.71837518789681, 62, 25.789072781189926, 47.66222689839699, 21.42977411888021, 16.792496261317936, 0.5580049818771001, 0.8245243860428416, -0.09375487731852788, 0.6674760928199095, -0.37882675309248554, 0.6410662654166669, -0.4930579131442924, 0.42029730901122847, 0.7617375311245438
80, 354.1100840675038, 282.6784839810851, -23.849203643571546, 7, 6.606259432578381, 10.195872396991549, 8.168249556693757, 3.461891758221057, 0.2874637700501093, -0.3541883012737748, 0.8898961895352601, 0.7004948923653002, 0.7113887487988092, 0.05685907009959996, -0.6532009542849, 0.6070228128524184, 0.45260558767875764
81, 184.08798959587529, 308.0215858907909, 35.62810970709707, 14, 15.418670452755434, 17.853305747053177, 15.21704347663183, 13.49248222942068, -0.5812788574078837, -0.784842091462013, 0.21479707027824718, 0.06579540472041567, 0.21777542509941444, 0.973778634464962, -0.8110399833844577, 0.5801695921817196, -0.0749492472239429
82, -104.11871883901186, -136.43763755276922, -10.087762327743308, 7, 11.268977509867103, 18.06677500323031, 9.646646132571927, 8.211009465322359, 0.3812415937673611, 0.7561066082692061, -0.5319376317890658, -0.6145425002422402, 0.6371324780070209, 0.4651878339602718, 0.6906463368307532, 0.149549330992388, 0.7075610468517831
83, -164.62669775237615, -245.7816424358908, -234.32981502846664, 62, 26.697385647456322, 38.60540196381343, 26.43911193663728, 18.6428052445269, 0.2872864857603248, -0.825462758694366, 0.48587828631064556, -0.6671920175192493, 0.19150798461064705, 0.7198468612065777, -0.6872563472664889, -0.5309763891540327, -0.49572450746646396
84, 349.100110424669, -349.1311148007536, 202.7742707805429, 18, 15.232735900507482, 21.259223618918092, 16.16021121621098, 10.28819778220984, -0.09123390290784547, -0.3353783287740082, 0.9376554546041713, -0.5390185382380781, -0.7750935699193644, -0.32968010753659505, 0.8373382771591705, -0.5354916754333423, -0.1100603250299768
86, 171.8215687603412, -307.4408264353246, 179.97741871350374, 19, 15.916022144394706, 21.680816640529102, 14.503427629223767, 12.82204555173409, 0.4732101594849633, -0.1783043614033456, 0.8627164653956483, -0.5017530809286673, 0.7503870495038352, 0.430305846713148, -0.7240966722329315, -0.6364957428305978, 0.2656260126940132
87, 173.17834630964884, 210.80576594789088, 329.4161423006599, 13, 15.443067713485808, 21.31197954063062, 17.04350593850814, 10.139534103789254, 0.39967311586855503, -0.5355314532744949, 0.7439539387661229, -0.6738253634263712, 0.3785948502983991, 0.6345276344895087, -0.6214666363170591, -0.7548986699426883, -0.20954049265838876
88, -28.80518906127238, 1.0907842099567435, 289.48640390390517, 14, 12.912993087757432, 14.531575134711238, 13.918824812597427, 10.645486051242743, -0.6172797633022358, -0.3917253139280442, 0.6822880419921714, -0.10863544589280931, 0.9013622780612469, 0.41921877770909793, 0.7792073111266389, -0.1846546022069729, 0.5989479477972839
89, -18.901155454305428, 213.56670369032813, -336.31228046586915, 36, 21.99967490234986, 24.929499977187884, 22.679255009018927, 18.832433274248913, -0.3634804703886167, -0.5804020870069475, 0.7287080108274163, -0.9161097137833307, 0.36474586498395667, -0.1664435228205931, 0.16918906571612438, 0.7280754571986923, 0.6642899883838533
90, 24.453506868727832, -290.7886212748101, 219.5116283184085, 13, 11.733794952928553, 15.452826825387788, 10.599409490418564, 9.863382509198624, -0.43296843602635915, 0.9008934967816945, 0.030483452254292213, 0.3589982171559012, 0.1413169712189752, 0.9225777981961085, 0.8268365095251765, 0.41039057140965973, -0.38460494720462934
91, -118.08038092508292, 100.75183014812836, 151.03785089979993, 25, 19.7059001630384, 28.903792014198917, 18.693243003469128, 14.162807732012743, -0.7495201304183262, -0.14836956598178258, -0.6451403304615769, -0.6547454895775107, 0.022451720704485884, 0.7555158926953911, 0.09761105457683009, -0.9886770919404299, 0.11397232074768912
92, -184.48623706387275, -353.16862520330767, -232.05647715687542, 14, 16.123885288335597, 21.30383023432071, 20.770092775531737, 9.473554767699332, 0.8768551030950473, -0.208544448435942, 0.43316779797524496, -0.3850678037937346, 0.23478749841936633, 0.8925231745268276, 0.287833136830426, 0.9494124728549362, -0.12557086337933787
93, -349.5653948309548, -298.92246682717894, 12.965631625491369, 26, 19.23459447342323, 34.84277322193762, 18.87808252854997, 10.818785459498356, -0.2443767166840546, 0.5567223952865737, 0.7939396670585879, 0.020475431728678106, -0.8156191363321013, 0.5782267558185121, 0.9694641700641883, 0.15756141353534836, 0.18791919520500724
94, -162.16118250020892, -27.73585514059112, -170.14295727097985, 7, 9.488769158542436, 12.068558343218136, 9.633998700518053, 7.347974935661411, 0.004352099000270164, -0.584953550777851, 0.8110551169104823, -0.6211698920939299, -0.6371880007674955, -0.4562229902514095, 0.7836638465504882, -0.5018174918337407, -0.3661286392777633
95, -266.11275414932754, 142.9440988542161, 35.24444637557074, 23, 15.718438178309373, 25.25630703107903, 12.764462574307757, 12.046358708193514, -0.004539150137500531, -0.8686723288392777, -0.49536631014328675, -0.20911713125406683, 0.48524339344605083, -0.84900463752151, 0.9778800650039341, 0.09973582217993236, -0.18385685802274135
96, -84.84306932313851, 106.06143155781422, 334.64380423076, 8, 11.924819774331825, 17.26798412281203, 11.316943348235737, 8.677301540283764, -0.2400377561623188, -0.9436886108196285, -0.22767011535526327, -0.2629506373555636, -0.16255368425232591, 0.9510169620202881, -0.9344724917999799, 0.28814597957513577, -0.20912450005635816
97, 52.112570410929564, -345.59014827366695, -317.4951654083833, 71, 28.59220711451552, 39.997265272613014, 26.66747126389131, 21.914466839534164, -0.49774658371095576, -0.13568863576538334, -0.8566428266951177, -0.851733629048557, -0.10994881222768524, 0.5123095586044598, 0.1637014463951003, -0.9846318361772843, 0.06084392849168942
98, 336.1690802614083, 343.8365665156225, 212.54353075507478, 24, 21.157597334517064, 25.265435954172347, 20.981687482951134, 17.8661852226383, 0.2900741772661361, 0.7961193469944925, -0.5310846985410493, 0.84727869588972, 0.044371716584535786, 0.5292919442602136, -0.44494469675993487, 0.6035106760517204, 0.6616638729119229
99, -208.04890022007416, 349.3553888474421, -102.79694253367127, 54, 26.805614596062842, 49.93571162537075, 22.54479023154495, 17.108812442206, -0.6982338499938349, -0.06283315640923268, -0.7131069240853295, -0.7025329230073543, 0.25153052536875764, 0.6657175729229774, -0.13753902287543798, -0.9658076357450118, 0.21976948815315636
100, 339.6904213438799, -280.28348381846496, -57.24736544387422, 6, 9.287430685591257, 12.978359608287835, 10.12103093524498, 6.09876923362261, 0.42639479699140914, 0.7290001280806039, 0.5354869656276594, 0.23096617919905918, -0.6601242926225613, 0.7147660752692107, -0.8745525148124855, 0.18109315709884288, 0.44984793796029676
101, 199.90943089737496, -89.48332059292109, -89.48827006310299, 61, 32.14921652122138, 49.44893017216661, 28.730034115716773, 23.3893492612668, 0.9102312362381598, -0.25330380633035016, 0.32759163340187397, 0.19445382750932788, 0.959902996979611, 0.20192559361441353, -0.36560471214595147, -0.12009753572874585, 0.9229895862730839
102, 251.61898735704256, 144.7412987084268, 298.4001330229764, 44, 25.76433738587024, 28.349335578446226, 27.1107372017343, 22.252188023091314, 0.9956342764907601, -0.09317842217575277, -0.005492642129067634, -0.0685296911982071, -0.769673466844798, 0.6347491125313907, 0.0633724616927517, 0.6316015643393759, 0.7726987737941958
103, -342.3193427883844, 184.12726960803045, -39.40816660380487, 11, 12.560528970447868, 16.163597018672196, 13.869625166515469, 8.839364647343382, 0.9492214082065553, 0.29316376687321144, 0.11416533622371236, -0.29266216035164033, 0.6896574520025982, 0.6623605202573555, -0.11544513025968098, 0.6621386597156167, -0.7404355591199899
104, 67.82897069570824, -84.56465038235393, -217.2427376685871, 59, 25.3346333982227, 42.07517124467703, 24.081374491111816, 16.04858360696874, -0.7412578862813621, -0.569093821510375, 0.35590584196442265, -0.057882096365173136, 0.5824577871846557, 0.8107975018883119, -0.6687199779773743, 0.5804094662104267, -0.4646917715941048
105, 293.88340387460687, -349.4965083672769, 46.00433533069346, 12, 9.611672272465144, 13.762729448387248, 9.795142583709666, 6.586906947688436, -0.6788575204710812, 0.5527555620801052, -0.48333606888930053, 0.17094175266203054, 0.7591402621190103, 0.6280803926462866, 0.7140948004968868, 0.34375478326764836, -0.609837080607537
106, -193.44983460543705, 145.55668865212584, 137.9389383125439, 56, 24.66211687975297, 29.313598936374532, 25.734970629838244, 19.883747358541623, -0.836005062728882, -0.30339158243575903, -0.45721885656521655, -0.16705564591592142, -0.6529650493268314, 0.7387347666958846, 0.5226738430984397, -0.6939669963800402, -0.4951988102529862
107, 353.7480848714929, 4.906701385427983, -56.04048855969954, 11, 13.862864645219977, 24.366812670751106, 11.512307016378234, 9.497249798385656, -0.10302041219914648, 0.9927768356516433, -0.061489423999805476, 0.04263114578029932, 0.0661684675452659, 0.9968973464264864, 0.9937652540111155, 0.10007941095060999, -0.04913991680906864
109, 344.70766407315006, 16.27185459895496, -205.4747878066337, 28, 21.243439174165506, 28.288756691963453, 20.534093072675194, 16.503843475832387, -0.5358068218043451, 0.1120042632642503, 0.8368787813767052, -0.002481675992459114, -0.9913671739665905, 0.1310914477216737, 0.8443369534683385, 0.06816282998913985, 0.53145925301539
110, -22.574261716105728, -104.54683674789419, 117.1059519007065, 51, 23.146665875555357, 31.56726068498828, 24.400037435910292, 16.10044717928626, 0.8062809179710043, -0.4510664137586414, 0.3826880866903913, -0.49044862774010034, -0.14806451401717866, 0.8587997690013133, 0.33071320636419566, 0.8801227130734525, 0.34060649592827535
111, 124.14143913033833, 105.21878425771878, -256.6597044809393, 132, 40.15080943254032, 59.750394557988365, 37.10394977606441, 29.195908512530405, -0.05611316435384165, -0.5701464074015826, -0.8196245402092762, -0.09874861611238137, -0.8137237363742669, 0.5728022273673454, -0.9935290753682493, 0.1130785346039229, -0.010640554954560944
112, 343.2345536229401, 139.66385433312325, 176.77939244252462, 5, 7.701598163913972, 17.078872147702985, 5.9344436661639035, 4.507164062222181, 0.24445818097318628, -0.9388405887001926, -0.24252535282802185, -0.8061522093708732, -0.0577864200647572, -0.5888797372830545, -0.5388495273095646, -0.33946881839894383, 0.7709747779616944
113, 181.23031714183142, -45.633422002944776, -46.06385241975089, 15, 11.997433453108156, 15.437402574802848, 13.189112804380429, 8.481550192953081, -0.7002025185888483, -0.3744066362718707, -0.6078948130042044, -0.6880790733019796, 0.1267874854613759, 0.7144733181961873, 0.1904300970060197, -0.918555716462515, 0.346398287969663
114, 299.752533131433, 102.2142850630794, -164.16244177375083, 11, 14.05937986369424, 17.830453732570803, 15.511843039476371, 10.047839723034064, -0.8771311902141701, -0.31376623270273457, 0.36358166396149144, -0.12001460822740904, 0.8762541654801004, 0.4666638311362844, 0.46501329977269884, -0.36569029067546555, 0.806246390590494
115, -286.2194070140419, -84.32232201187195, -293.7540029556888, 133, 34.22718707261904, 45.668817843115775, 31.265075894332035, 28.082409535983146, -0.5061553137687208, 0.8195409682006699, 0.2686250170486663, 0.8570467413348205, 0.44318188910008804, 0.2627940188456399, -0.09632072212692985, -0.36323878456792824, 0.9267037843208372
116, 154.10214645572268, -132.03391666733472, -88.74316228633326, 9, 9.369181709575585, 14.654483961486886, 10.819375926918985, 5.187191062337376, -0.8028962618154915, 0.0077893732957534, 0.5960678807202826, -0.5951161216750042, -0.06844374580900905, -0.8007198357616311, -0.03456001280687206, 0.9976245683238215, -0.05958880928075063
117, -48.861231183991684, -10.917253455722367, 52.88524433888371, 8, 10.40709985145404, 14.866046524919016, 11.500972708356175, 6.592636093474559, -0.07313967397538113, -0.4996403192417278, 0.8631396987039811, -0.9825668710184666, -0.11221988200755233, -0.14821957380586087, 0.17091791031882833, -0.8589332043123232, -0.4827222995284241
118, 193.2073892697774, -140.24149693561301, 173.08314987982362, 12, 13.362242623478952, 17.418426068995764, 14.289740781627296, 9.585279899119403, 0.5358601572133184, -0.8418951223149634, 0.06376907505672752, -0.4111625374896494, -0.19424176672314952, 0.890626467058633, -0.7374274606199515, -0.5034706933700733, -0.4502421584448391
119, -234.653676007095, 16.39126852742201, -332.6564532208167, 6, 9.733759728943184, 13.105438298185781, 11.321284874456648, 6.215765143486134, -0.7219324732595765, 0.19532963088836403, 0.6638221443657377, 0.6739384711451121, -0.01905623428314894, 0.738541669132849, -0.1569090219327713, -0.9805524948884488, 0.1178828384631952
120, 30.75295024112765, 70.83202384090283, 156.95303787430058, 29, 17.0813810369833, 23.516795694092874, 14.778800107118432, 14.340081538553223, 0.6234040448962744, 0.2973043988719671, 0.7231718268975514, 0.5952730977239791, -0.7801428516395108, -0.19242419328626587, -0.5069687721478207, -0.5504427540145663, 0.663321519792469
121, 317.1933348962602, 99.38805703172962, 152.63146100140426, 190, 38.940522004941904, 46.21134258903032, 37.260691546337426, 34.293026075964875, -0.6759245930671175, -0.5458040306537052, -0.4952008729891545, -0.7154997197105923, 0.6470216990103866, 0.263482584061597, -0.17659585380499623, -0.5324104442362881, 0.8278605095588283
122, 328.1104183653131, -294.27870600680745, 74.9811206655735, 39, 20.278200997835555, 33.916933813856, 18.163602438971665, 13.53535650073854, -0.998102658166398, 0.02744372374575644, 0.05511738190568396, -0.02336092187695063, -0.9970289751846599, 0.07339952296361292, 0.05696798302756932, 0.07197266612536718, 0.9957783810871659
123, 173.57605198615386, -231.7554523816738, -9.445927641439388, 6, 6.568392298542421, 10.878341261914052, 7.258065021045182, 3.5891674152837902, -0.21507735722976093, -0.01974910426058916, 0.9763973081117984, 0.1724028945122533, 0.9833253894771068, 0.057865537010324285, -0.9612590558069446, 0.18077928888730765, -0.20808622332711205
