# Void_ID, Void_Volume, r = (a*b*c)**(1/3.0), a, b, c, vector_a, vector_b, vector_c 
0, 153.58069889845103, 3.322125311226672, 7.494981421051544, 2.569618056735443, 1.9037455196516289, -0.8263000005974803, -0.5562266472927272, -0.08854504985653244, -0.5584147019503578, 0.8295619418941081, -7.21565597635826e-05, -0.07349373890541301, -0.04938523465943976, 0.9960721705475637, 
1, 276.3471310967357, 4.04068923241055, 7.90209833100813, 4.538438328514371, 1.8395749332824938, -0.16661534495737518, 0.3726460819729118, 0.9128933258683475, -0.9649360867581812, -0.2520659087767622, -0.07321971117364909, -0.20282424730919713, 0.8930832409259414, -0.4015777004275443, 
2, 2540.698433207111, 8.464893598049171, 11.433800607071108, 9.82133249603752, 5.401364453910647, -0.5871356628051465, -0.48859245056867123, -0.6454061749856921, 0.09183382789241841, -0.8323576079573303, 0.5465778631907598, 0.8042625575749419, -0.2616452363847873, -0.5335761508539917, 
3, 244.7665409982517, 3.880501125514216, 5.7906751429307155, 4.498976654157365, 2.2429546874112907, 0.10883544428812099, 0.9855784137288285, -0.12957637307153388, -0.494444971508132, 0.16675485568040418, 0.8530632967472755, 0.8623682602095982, -0.028775136815897228, 0.5054631295003592, 
4, 566.3407955787612, 5.132509309169649, 7.52663480113102, 4.956928210055485, 3.623896319205735, 0.7258986413147491, -0.44830370952332277, -0.5216272103380241, -0.6206302775761933, -0.10003820670884776, -0.7776955803874516, -0.2964611628748335, -0.8882658055031198, 0.3508484540094133, 
5, 4.6867952005990325, 1.038155611410913, 5.2079759531561125, 1.7127595261825375, 0.1254359447723914, 0.31845719600586375, -0.9311026992458022, 0.1778560591300274, -0.7726763456562705, -0.1462778098087598, 0.6177168179844417, 0.5491414018040818, 0.3341415356024047, 0.7660242522335144, 
6, 3603.6630890881706, 9.510832300551373, 12.33613052323636, 8.63139525977363, 8.079706992479656, 0.3752631233296597, 0.37098532990461097, 0.8494395053589371, 0.7355536763068574, 0.4384589842148122, -0.5164441000077181, 0.564037567490263, -0.8186107769611174, 0.10834213539885007, 
7, 372.8173447240234, 4.464805041504674, 8.506606858980861, 4.259521257895588, 2.4563505610555865, -0.81146070624457, -0.2443038019596787, 0.5308928089257848, 0.06694281371648443, 0.863593234374046, 0.49972530978037716, -0.5805602310809653, 0.44104691121401207, -0.6844175919683797, 
8, 2472.395836394773, 8.388348490416814, 11.340013029142401, 9.072801462341898, 5.7368623990053464, -0.9860631798252342, -0.09024467907359834, 0.13976874933922437, -0.07797634210585232, 0.9928021874266301, 0.09090383222224362, -0.14696630724332288, 0.07873826604518239, -0.9860026318400268, 
9, 230.7601708161865, 3.805024120452619, 6.822840771512103, 3.9426305147833345, 2.0479574424306826, -0.4250949523053406, -0.13425268729341733, -0.8951371389228671, -0.156220888035194, -0.9632167570458642, 0.21865157920203565, -0.8915656541534198, 0.23278680138819044, 0.3884855073660275, 
10, 446.51380201492, 4.741496410812701, 8.10667618441884, 5.990839408327165, 2.194905236934372, -0.504757032528924, 0.3775137123893223, 0.7763399610161947, 0.6468189423181189, 0.7609693633231799, 0.05050627626329341, -0.5717041140057185, 0.5276447905945317, -0.6282876578346811, 
11, 1513.9417666246175, 7.123173463089132, 11.339600124901754, 7.027569470698062, 4.535421699809425, 0.508316229284054, -0.5556969228308157, -0.6578871795397776, -0.6170467769830212, -0.7679256581776089, 0.17188210647810803, 0.6007228030142581, -0.3185766995071174, 0.7332400701474551, 
12, 1027.7681279496398, 6.260401384175407, 7.726218209868625, 5.891768459005629, 5.390063673274548, 0.27037623444621334, 0.7057783571522647, -0.6548080653307018, 0.8979477526715144, -0.4301853098429978, -0.09290012199917148, 0.34725570595580046, 0.5628654455291565, 0.7500639738784971, 
13, 574.7105382149998, 5.157669591792809, 6.674273079569697, 5.1650546448460375, 3.9799870486088222, -0.9594718743851117, 0.08193962719619749, 0.26962867013518577, -0.03586062128994078, -0.984516789572659, 0.17158294463682613, 0.279513395215006, 0.15495995787458317, 0.9475545753944136, 
14, 948.7569550887143, 6.095679452341769, 9.193716937762352, 6.1961951731868465, 3.976034516821164, 0.345813352757772, -0.6227539070889511, -0.7018480578158456, 0.5284843146587306, -0.4887962012316399, 0.6941056135929242, -0.7753176472995575, -0.6109466792339278, 0.1600834186257749, 
15, 55.013011267643186, 2.359349445818718, 6.283295634312856, 2.358021042834206, 0.8864242690672218, 0.5196640112182644, -0.09933378001640357, 0.848576523121042, -0.7179900436511037, 0.48755830460433763, 0.49676674287761075, 0.4630762492964086, 0.8674212931205899, -0.18204583922346032, 
16, 543.2260920167325, 5.06171090785987, 6.157430736324858, 4.925068837630233, 4.276418228388435, -0.5970421667708611, -0.5816946295768984, 0.5524237585576406, 0.1141445151479903, 0.620021177073482, 0.7762375729388806, -0.794047656478618, 0.5265027045531763, -0.30378153554652654, 
17, 7.220807820299311, 1.1990364688097066, 4.586147734558574, 1.437080259388136, 0.2615580632472781, 0.3254546948955241, 0.920483197469087, 0.2163097888389402, 0.8636375463240569, -0.3825159964149861, 0.3283469218159546, -0.3849797788843248, -0.07995120801924115, 0.9194554770006215, 
18, 279.8039560451971, 4.057467785528773, 7.32132101336866, 4.441666457577448, 2.054139099224098, -0.40208300485974396, 0.3985124370034155, -0.8243282688083418, -0.0026865175296274897, 0.899794308509835, 0.43630606802664434, 0.9155992790661874, 0.17764582721501393, -0.3607213886735458, 
19, 41.27097499156639, 2.143805462454513, 3.4069400900626055, 2.4752940023881127, 1.1683281297092725, -0.08541839497098724, -0.9599971575987367, 0.2666629993136029, 0.8044700504398702, -0.22435432220726123, -0.5499937054659745, 0.5878193904132907, 0.1675428169432118, 0.791452947903336, 
20, 76.25702711953949, 2.6306541389426834, 4.575307246240636, 3.2998514936653924, 1.2058036718481846, -0.8860380699504565, 0.46010312140018106, -0.05693554492828147, 0.11134854461896652, 0.33040793676331687, 0.9372470842499572, 0.4500422649148719, 0.824096907530673, -0.3439858235286356, 
21, 433.6334836554029, 4.695459151687418, 5.6991494172208315, 4.774427982326865, 3.8045457437749515, -0.5237516850876083, 0.8104721040834798, 0.26233402537678485, 0.8484575554220489, 0.5238422488085493, 0.07555842117489464, 0.07618365320153148, -0.26215313628812303, 0.9620144407019935, 
22, 1842.5269442191934, 7.605161005257558, 9.958686171706214, 7.801420484668193, 5.661734570165109, 0.48804688982916683, 0.4805225612606195, -0.7286345458785297, 0.7897405098999276, 0.11234495222649606, 0.6030659489079357, -0.3716452076256047, 0.8697566785192055, 0.32465852802623346, 
23, 781.5208675418894, 5.714137102764884, 7.82442559480583, 5.7926248324039715, 4.116461923586604, 0.7715257625534333, -0.5161057925307634, 0.3719983986961983, -0.5568887236227101, -0.8305828876410705, 0.00264882232124715, -0.3076084316435617, 0.2092053481008873, 0.9282295918078538, 
24, 2192.1758775868725, 8.058649399881226, 13.038223216671911, 7.835829898928564, 5.1225165893034035, -0.644335608768716, 0.5345801452080808, 0.5468598464158393, 0.7488700195696292, 0.29612576409257674, 0.5928770746372054, -0.1550010227786598, -0.7915387546986538, 0.5911354182822021, 
25, 81.09511362709821, 2.6851508707328104, 5.035219913106845, 3.4045933490708276, 1.1293339597661904, 0.34552713625342957, -0.9298447109989255, -0.1264903614503044, -0.7917904198420455, -0.21653466320199602, -0.5711222904758275, -0.5036654933175992, -0.29749210587732045, 0.8110607361855315, 
26, 45.75785664737395, 2.21883847512203, 7.642329276026946, 4.258797348575187, 0.3356327593157199, 0.42015909546383273, 0.7582170485734214, 0.49857120028299245, 0.85623706655337, -0.14928634464823612, -0.49454188211075495, 0.3005402142128299, -0.6346814118549382, 0.7119375570137655, 
27, 300.23480901381186, 4.153913778475012, 6.972680807532145, 4.933938317147929, 2.0834300932844654, 0.8966084912004941, 0.4341709724760401, 0.08711360494425166, -0.345655287472435, 0.5632246495612168, 0.7505334212205296, 0.27679529575034634, -0.7030459165558497, 0.6550654955534017, 
28, 511.0990366300234, 4.959891212463977, 8.155854510605177, 5.082461786635404, 2.9435597859984237, -0.8408610264407461, -0.3776119232912455, 0.3877653537918281, -0.5306350752009357, 0.43393574749447045, -0.7280976473062609, -0.10667310429303342, 0.817990832732679, 0.5652537893599529, 
29, 753.2958415783853, 5.644502289943794, 8.210890635589632, 7.770681281202232, 2.8185620268667546, 0.9793541061699138, -0.18806130015089145, -0.07415175057734835, 0.19751797127849685, 0.812110106755833, 0.5490572151671048, 0.04303702766405059, 0.5523677415369092, -0.8324888541952126, 
30, 546.0512856239025, 5.070470669840065, 7.581034370775637, 5.050039852222386, 3.4050347907347276, -0.6516475411168359, 0.6174574161580563, 0.44056988252466667, 0.7584260631083943, 0.5396247867313335, 0.3655064928876977, 0.012057734210190872, -0.5723210888798176, 0.8199409626730064, 
31, 136.00398217958636, 3.1902227307555857, 6.044376413804116, 3.490015137221032, 1.5391615387946067, -0.16995730566135922, -0.8690083865900522, 0.4646923049594062, -0.7676661874461127, -0.17892273282030718, -0.615365972679724, 0.6179022082047294, -0.4613145127960612, -0.6366991294005765, 
32, 1017.8306751341299, 6.240158803616905, 8.13561616835594, 5.993452429584189, 4.983327306385138, -0.02132175355247039, -0.3016592974425522, 0.953177345037068, 0.41708789054414364, -0.8691500072495928, -0.2657366298790383, 0.9086160214231775, 0.3918927572238332, 0.1443502422880463, 
33, 118.46378522019663, 3.0467185165158837, 5.582634217151968, 3.3574303131460597, 1.508866497550101, -0.933095180740631, 0.3213280602845455, 0.16149817755126636, 0.15270521651700322, -0.05256214159845287, 0.9868730101279897, 0.32559868016793975, 0.9455080639234947, -2.2990003816964524e-05, 
34, 425.4836483625149, 4.665856972099256, 6.931137671166383, 5.899841578491194, 2.4839874071028385, -0.03926368076870302, -0.8457184394819075, 0.5321829426924358, -0.3795522989132509, -0.48005289464497436, -0.7908787964869506, 0.9243367437044572, -0.23304407193333265, -0.30214573433125297, 
35, 1513.254468211924, 7.122095375198451, 10.063967177929428, 7.699473433529028, 4.662223821907308, 0.9203892550111322, 0.23119937527021753, -0.31532597123407713, 0.2799181692753672, 0.1734619988819802, 0.9442228304025458, 0.27300080177461, -0.9573180160315218, 0.09493565406048028, 
36, 1925.317729842979, 7.717404553333844, 9.805212069658838, 7.16457132248905, 6.542844508281699, 0.9169301518809627, 0.2471584297629667, -0.31329188813095543, 0.23739406048171657, 0.29320520741508277, 0.92610731904714, -0.32075404380858213, 0.9235493581513562, -0.2101747521436868, 
37, 464.4992241911321, 4.804322226449221, 8.790896745030409, 5.138543754983947, 2.454839742978011, 0.9285981599838546, -0.31961513101583966, 0.18855138636543373, -0.29189770958473615, -0.9428568433142375, -0.16067576094326338, -0.22913136933598705, -0.09416549814682429, 0.9688300545219353, 
38, 373.1156442843898, 4.465995521099594, 5.896508729819253, 4.965991955134576, 3.0419627527585207, -0.5655432796623152, -0.11908655423855154, -0.8160754814527764, 0.011842074644381131, -0.9905904683608264, 0.13634621102471306, 0.8246335938445082, -0.0674456565856333, -0.5616320141434458, 
39, 2754.380129490278, 8.695844314421612, 12.065816255288157, 7.896776477577446, 6.901265168936523, 0.7851412244573428, 0.6133168070771705, 0.08599855704771606, -0.3242882190523118, 0.2888325766075516, 0.9007845989325765, 0.5276271492649944, -0.7351314418843126, 0.42566577794272714, 
40, 439.5492831840137, 4.716715218610637, 6.384133954165149, 4.138074257120349, 3.972086487110631, 0.6655338058114871, -0.31556206411953724, -0.6763766236429929, -0.45966174512614316, -0.8872660545401996, -0.038340951060923084, -0.5880270685858461, 0.3364216582642808, -0.7355573631342753, 
41, 72.65749159760415, 2.588593941260339, 4.06868992158185, 2.9554730002743965, 1.4424813329556416, 0.753963124091338, 0.31440140345861156, -0.5767940403763588, 0.18319578741625092, 0.7425686482251869, 0.6442290789354037, 0.6308556974327557, -0.5913912073883705, 0.5022723651967694, 
42, 704.6099644231964, 5.520181921215011, 6.883905199167441, 5.526078901777998, 4.421892791139594, 0.7224863865449719, -0.6659355404154288, -0.1858582181901045, -0.1576345479957581, -0.42040188174287085, 0.8935399303362028, -0.6731751410557006, -0.6162727592865552, -0.4087090843448103, 
43, 802.3117822449955, 5.764365632729619, 8.048969312828069, 5.758514359980792, 4.132414102077167, -0.13729982837994634, -0.2250822463101502, 0.9646174057743381, -0.4465031030908612, -0.8552239933695965, -0.2631100532005416, 0.884185351641311, -0.46682963012317147, 0.016922186087914258, 
44, 762.0436327578062, 5.666267540403364, 7.986970186147797, 5.945586695420052, 3.8310202708610452, 0.5061362681716596, 0.08810522524024339, -0.8579414591489515, 0.6412275929107866, 0.6268034506126383, 0.4426563095562157, -0.5767610008756696, 0.7741801493098727, -0.2607524578665348, 
45, 388.61882015466557, 4.5270129815962115, 6.529301929034206, 4.294110134056529, 3.3089887370696105, -0.043421585270039746, 0.8448895728382974, 0.5331755579935713, 0.7351125117640626, -0.33438339515300436, 0.5897434527774603, 0.6765531471958189, 0.41755161927008405, -0.6065694389469053, 
46, 400.87067636686083, 4.57409548684888, 8.519248424005673, 6.757327175150973, 1.6624150039245544, -0.7526402678384966, -0.5463118062871765, -0.3675269208360644, -0.6289269309480813, 0.7617154413618196, 0.15569361553768263, -0.19489367038522087, -0.3483288628612498, 0.9168879214721751, 
47, 36.1775331259611, 2.0517138029329023, 2.958802976564729, 2.853197624877374, 1.0230631448795477, 0.6101768187792227, -0.501188494073884, 0.6135913487268378, -0.008016686817041235, 0.7705317016543403, 0.6373512606703966, 0.7922247045863594, 0.39381593435717915, -0.46614271129069196, 
48, 1287.5918123670974, 6.74885139987463, 8.182624113596674, 7.464366355093703, 5.03273483702955, -0.9958558356343167, -0.07855420853334402, -0.045830022417371497, -0.0325556449551068, -0.16262154352121047, 0.9861512883753365, 0.08491928293758626, -0.9835565412849833, -0.15939023019271642, 
49, 14.847364414088283, 1.5247088445440615, 4.028375100455653, 2.0985121016403836, 0.41929470474277136, -0.8030561791239931, -0.5911503967365495, -0.07511312541089722, -0.5883881300288646, 0.806559634338483, -0.05710485703430891, -0.09434077385684951, 0.0016627368982525296, 0.9955385746891469, 
50, 568.0760718612469, 5.137745991646738, 9.752951823001132, 4.13159444715289, 3.3656125876005545, -0.9137911519246709, 0.32729867361381715, 0.24054377754333847, 0.39577106875123397, 0.8506799191426451, 0.345989792200534, 0.09138376115967685, -0.4113626786888936, 0.9068791290895437, 
51, 632.9625149133416, 5.326351140140058, 8.754103635576035, 5.837229264380038, 2.9571336076523416, 0.3319511609564511, -0.01904003193784097, 0.9431043971498967, -0.4995787106496406, 0.8445203086961521, 0.192890020647514, -0.8001434487673492, -0.5351849450270078, 0.27082750231675323, 
52, 618.9490650478839, 5.286749919130628, 7.677005243936352, 4.969368090923067, 3.8732300953331107, 0.3057770482041113, -0.8910865291016165, 0.3353583075535996, -0.8326530388193737, -0.07946281189605567, 0.5480643926314084, 0.46172428324319437, 0.44682262608243783, 0.7662638103710446, 
53, 8.020196390613405, 1.2417441744963222, 3.297226152852212, 1.787855897773921, 0.32479934614583433, -0.6477986523781963, -0.3390525723429843, 0.6822025059794181, -0.7415731127424949, 0.4856922492403203, -0.4627875943511078, 0.17443114525336204, 0.8056962158378828, 0.5660630559841512, 
54, 112.9563632442061, 2.998753013079638, 4.9200886174518725, 3.3783353948420114, 1.6223569128163062, -0.8613675249598842, 0.19368921604226783, 0.46960672326257735, 0.474718853909376, 0.635952593576252, 0.6084458139116475, 0.1807982209189346, -0.7470266302566267, 0.6397368341747858, 
55, 188.05650854634368, 3.554129542748025, 7.337766760935787, 3.501607777697545, 1.7473035452261856, -0.6879657783135729, -0.20309100818816092, -0.6967475369619303, 0.03362100951220421, -0.9679350056571505, 0.24894066068618106, -0.7249639408886348, 0.14783729981506208, 0.6727342842420115, 
56, 78.65656607882252, 2.65796214293946, 6.336530405973903, 2.19476655293523, 1.3502261562686013, 0.9514397834046596, -0.24568964551965403, -0.18546950325948752, -0.21577752182391302, -0.9619837470753226, 0.16741365367989705, 0.2195504489415238, 0.11926386060893686, 0.9682839108041749, 
57, 167.41188880501636, 3.4190010092906307, 6.137292611073817, 4.136321710651654, 1.574369064828647, 0.8928317721849064, -0.017466315447138607, 0.4500515019437891, -0.3139297558018842, -0.7406488602950217, 0.5940432426733383, 0.32295438532295656, -0.67166523921399, -0.6667580306470142, 
58, 1502.918185866251, 7.105842493194903, 8.861714236479502, 6.703196163060098, 6.040140769309641, 0.43666290277826303, -0.8928325660484638, 0.11034273125392806, -0.7621192114719567, -0.3019543681548561, 0.5727109803885067, 0.4780165445281425, 0.3341759544843364, 0.8122971221184137, 
59, 148.88666455875668, 3.2879287455195216, 5.153104054678064, 3.153685870351333, 2.1871564361148343, 0.21921302705385542, 0.9667113445258623, -0.13196524214688177, 0.7870158747207531, -0.25514252652610714, -0.561701258762523, 0.576672924375173, -0.01927349275232949, 0.8167477399844532, 
60, 449.7109329909717, 4.752786205406311, 7.454084709479924, 5.204468680978172, 2.767413870534712, 0.8667803465946776, 0.48913574866447584, -0.09714962756312179, -0.34556271449603904, 0.7295767291317381, 0.5901730311184706, 0.3595528349315855, -0.477979095450708, 0.8014098472097675, 
61, 361.9629447400998, 4.4210473656046245, 7.529854313474811, 4.2799704253894895, 2.681317000544737, -0.30300398712313337, 0.4798376196733222, 0.8233738170076361, 0.9519530240175901, 0.11211828098282832, 0.28498233477396695, -0.04442998819772031, -0.8701639786934966, 0.4907551592526097, 
62, 2443.058563576465, 8.355037871961718, 11.06444257580831, 8.020827878907388, 6.5719845305005915, -0.9918365621228484, -0.08911540205936858, -0.0912067933441713, -0.09810718549249502, 0.07638720026962649, 0.9922398781492856, -0.08145682409148067, 0.9930878313375736, -0.08450647938569339, 
63, 1225.60888976048, 6.638772164145778, 10.224977543785236, 5.709938965741603, 5.011519957096939, 0.676906269012439, -0.16969312439801199, 0.7162416816296721, -0.5530818025178147, -0.759332199512099, 0.34280479942346603, -0.4856937540213016, 0.6281869580914261, 0.6078509052296757, 
64, 755.5341810543407, 5.6500874435995625, 6.573181235430083, 5.8047859300574265, 4.7271969038476405, 0.0990841491272782, -0.9211940492084814, 0.37627630153200636, -0.10335047070718366, 0.36656511555847593, 0.9246343581439124, 0.9896974343688715, 0.13050494150982753, 0.058885046023499074, 
65, 2886.6408593675155, 8.832860707883853, 16.30812112764068, 9.437699419238614, 4.477484338299729, 0.23039531589996642, 0.8093563429236874, 0.5402409726969523, -0.6158530945785162, -0.3085689634214237, 0.7249207961640316, 0.7534208414355289, -0.49972743068819314, 0.42735176460189894, 
66, 1824.6258747204558, 7.580451497408248, 10.697844193920615, 6.464036039625611, 6.299196880222402, 0.014029789089932385, 0.8183873811810162, 0.5744956565038328, 0.87920658899055, 0.2635514343902679, -0.3969085729817815, 0.4762341219334251, -0.51066891011154, 0.7158340068422226, 
67, 2279.852433534262, 8.164683912163714, 12.959058877945804, 7.0463870953055805, 5.960437901936752, -0.6239760627142888, -0.7260567072356852, 0.2889559326915586, -0.16197642083078, 0.48191106145637375, 0.861118672391234, -0.7644720480530496, 0.4905133909732386, -0.41830503346423004, 
68, 157805.75244558902, 33.52314382748556, 64.83236649020095, 27.825507648673614, 20.88330591183126, 0.6006795815084885, -0.3731719764613677, -0.7070549599166274, -0.6554335044906634, 0.2765677760090593, -0.7027924206083117, -0.45781105442078623, -0.8855805673440001, 0.07846080035792943, 
69, 14202.658554364772, 15.023127243655265, 21.4381730128675, 15.204118216330539, 10.402363550962137, -0.3741865796662673, 0.11206282120801217, 0.9205576178059478, -0.8960554249128787, -0.29940893426117476, -0.3277788363649917, -0.23889135413794452, 0.9475210890463011, -0.21244930390719274, 
70, 1165124.2385911336, 65.27715367115691, 87.31614845758844, 65.58078412009425, 48.57496006719335, 0.26565632176526355, -0.5520317792575761, 0.79037183236491, -0.6279378447797452, -0.7211541698603312, -0.2926272823685874, 0.7315195019953461, -0.4185660975076361, -0.5382208099077076, 
71, 897708.7216292671, 59.84331067825295, 86.66098044749813, 66.97223938729422, 36.92567272448143, -0.9675087360547532, -0.175174497999691, -0.18232043469751358, -0.1817009219520242, -0.01970755913927825, 0.983156339080696, -0.17581700890277516, 0.9843401380434145, -0.012762132155459084, 
72, 4377.63760100153, 10.148076495401769, 15.307662102524054, 9.484849472141947, 7.1980007354842375, 0.5880957688390371, 0.7206193764195661, -0.367220752412357, 0.5544682164697713, -0.02866823513047461, 0.8317109649507662, 0.5888194660491892, -0.6927379350253453, -0.4164202081772305, 
73, 5771.161670509083, 11.12734475239498, 13.235451410761405, 11.311647077759535, 9.202589005674904, 0.3883965624511819, 0.4323362014279793, -0.8137773154929614, 0.4407427468632248, 0.6883898159741395, 0.5760775055064636, 0.8092551769148989, -0.5824129722095117, 0.07681919316497812, 
74, 21246.977720801067, 17.181833956161558, 34.94315116584709, 13.1079284122431, 11.074201599936712, 0.2052348000163434, 0.9748193631261063, -0.08721173164582871, 0.4591227294926707, -0.01719903064507602, 0.8882063457373347, 0.8643407870310494, -0.22233174001766437, -0.45109156637567904, 
75, 8976.701923535558, 12.892665994637403, 19.32824746675973, 13.333922738437677, 8.315297339218013, 0.247905399269466, -0.730007848470657, -0.6368920271005825, -0.49231020194904174, -0.6611296063053372, 0.5661610272029006, -0.8343701684923428, 0.17319406698207604, -0.5232879103249639, 
76, 1524.8500308796397, 7.140240518386076, 10.584576268220536, 6.412211791127491, 5.363609960213265, -0.6313380103416096, -0.07915829642076076, -0.7714572449628435, -0.7299596763550162, -0.27524273169161717, 0.6256199401766351, 0.2618610081581012, -0.9581103291159638, -0.1159888341510606, 
77, 499.8963259903789, 4.923384777473799, 9.586547226905623, 4.075552572923574, 3.054517514907337, -0.717402620502828, 0.5470940277035253, -0.4313022199650841, 0.29518926980838367, 0.7994951968837188, 0.5231354749487527, 0.6310283472916796, 0.24798297322799856, -0.7350562358781354, 
78, 28769.533227669825, 19.008509701913685, 33.09495659033424, 15.853976687569265, 13.090136503851564, -0.6969869891295524, 0.44710583146929367, 0.5606295679414999, 0.7011628197262302, 0.5887579729480902, 0.40216259090524326, 0.15026588840346558, -0.6733947020553466, 0.7238506324001576, 
79, 21851.006700802, 17.343135357550832, 25.671780325375646, 17.075206612954297, 11.90038154161359, -0.8757206645592848, -0.10802813676244086, -0.47057755931565604, 0.1317312673701764, -0.9911289159997361, -0.017616613358856364, -0.46449993634110653, -0.07741701064251648, 0.8821827563505673, 
80, 2562.7472502838846, 8.489309925292371, 10.527098778331844, 8.307686320675927, 6.9956549216482165, 0.3143526152653004, 0.11228726871520568, 0.9426420330965223, -0.39052205944096335, -0.889770922065465, 0.2362207174164894, 0.8652600501386016, -0.4423791083801889, -0.2358511609106337, 
81, 26240.922415003915, 18.434449060384914, 27.398496314439882, 18.37006614886246, 12.446666102991808, 0.6172685774446092, -0.566219333578688, 0.5462372832215091, -0.6730826144142228, -0.020574846713637483, 0.7392810493012957, 0.4073564746911764, 0.8239977803152246, 0.39381259573908983, 
82, 21850.843384880125, 17.343092149515698, 23.37584896857126, 19.09980027442023, 11.6837801514253, -0.9525299514924541, 0.05294619552187938, 0.29980559015725833, 0.2988804746455753, -0.02478920776793966, 0.9539685304316246, -0.05794094739835077, -0.9982896351049613, -0.0077878788244748615, 
83, 3246.222240522093, 9.185367705545879, 16.684764568379574, 7.781901715454787, 5.968755859317879, -0.45163202782879797, -0.7866476260299524, -0.4209679606581574, -0.1420989613946942, -0.40238629928767944, 0.9043744530426074, -0.8808157563360213, 0.46826357813415953, 0.06994872967536186, 
84, 731247.5976784325, 55.88886384517637, 90.02038154595027, 55.13945201149778, 35.17001455265526, -0.7840647201169133, 0.46373478741225743, -0.4125440117268639, -0.004312002674850682, 0.6605797929871121, 0.7507434606641847, 0.6206640969968528, 0.5904103522473265, -0.5159376848595857, 
85, 1663.5388083693492, 7.350464354735751, 10.104601958841512, 6.763534585694015, 5.81100704562041, 0.20868440557442688, -0.913617454280289, 0.3489326096891096, -0.8848426580203578, -0.024421775774514463, 0.4652494464429675, 0.41653846091029256, 0.40584076200207375, 0.8135041404197405, 
86, 10668.363944536126, 13.656405523117789, 20.11714912282932, 13.435169050346337, 9.423226780549392, 0.7119689945361783, -0.5690161602273568, 0.41148603891172103, -0.5980592210363108, -0.7984472630197639, -0.06933351505360968, -0.36800179205077804, 0.1967297068984838, 0.9087750565849905, 
87, 56673.62607635304, 23.828541658970412, 33.08235906636417, 26.322098951601276, 15.537294681510804, -0.6333534380642, -0.11651261577860372, -0.7650413275481822, 0.7564688063772821, -0.3016382957242831, -0.5803182605525006, 0.16315136367921562, 0.9462764653720271, -0.27918181103473616, 
88, 11323.792730624797, 13.93053409033967, 20.145246417450537, 13.429827153872294, 9.992181060008093, 0.47199908182372, -0.7513275613771255, 0.4612198632676904, -0.7996477941827705, -0.1445886229408226, 0.5828014545063404, 0.37118765067846166, 0.6438951977078092, 0.6690431244341621, 
89, 2454.098515360303, 8.367604172292825, 13.441378996079171, 7.41444423684294, 5.878695336163229, 0.3928220860589924, 0.7627399854791357, -0.513730010078786, 0.6810598608637174, 0.1340841783679453, 0.7198464412857001, -0.6179387304778319, 0.632652469893765, 0.4668003617316123, 
90, 10497.867306126303, 13.583264468070345, 19.463812975649756, 17.08353467721947, 7.537144008440929, -0.13290440938741518, 0.9816227979605592, 0.13694196029510314, 0.9682512978421105, 0.09907653733171932, 0.22950656630568372, 0.21172114252584953, 0.16309666543016688, -0.9636252567949375, 
91, 17046.411932973824, 15.965460756282525, 24.65061972992041, 20.353968476603665, 8.110869803308564, -0.8703940900820245, 0.3300745960155497, 0.3653284672941, 0.4896948038191582, 0.5033193507265884, 0.7119470698701426, -0.05111875451143567, -0.7985739741873245, 0.5997220028378666, 
92, 2830.6062913611013, 8.775333276631038, 17.597637755189144, 7.182729148662815, 5.3462220732487555, -0.4428510573078592, -0.8933476423518115, 0.07624257961120687, -0.8654556727512746, 0.40370591317217275, -0.2966614470612266, -0.2342422240842783, 0.19736140852325312, 0.9519343753020837, 
93, 1342.3131855786137, 6.843134599385001, 12.122948383145095, 5.376199080253626, 4.916789876556596, -0.31369855877583597, 0.3180554018902892, -0.894669757815905, 0.9214346766669727, 0.3294496910527233, -0.20596368053833317, -0.22924081411824204, 0.8889902487618591, 0.3964151696753462, 
94, 1730.0116764315032, 7.447093530848019, 11.788104538025218, 6.596288989739742, 5.311494941797017, -0.7907748743529893, -0.31190583203862693, -0.5266781275430998, -0.5510301907279866, 0.7374073802572493, 0.3906354879531801, -0.26653485137650074, -0.599120277976325, 0.754992758587311, 
95, 44014.64833490552, 21.902963310103488, 33.551093672468305, 19.80402750945739, 15.814243608524109, -0.32445316842578265, -0.222176193728268, 0.9194388943474656, -0.8906656701858664, 0.3990580851449717, -0.21786993512825464, 0.31850401167149184, 0.8896012497860182, 0.3273603685975452, 
96, 11706.681928261329, 14.08580709578694, 23.723568766697994, 12.097730549326652, 9.737809651813693, 0.4216728669351919, -0.8939394531108091, -0.1518691787776683, 0.5307492452187816, 0.10753445340862999, 0.8406792373014816, -0.7351851685054247, -0.43509607617405016, 0.5198020512729778, 
97, 6142.3963056416505, 11.360996030201962, 17.963839566572872, 9.53941586760685, 8.5571328478279, -0.19868958374404358, -0.8735976130904282, 0.44424054262789336, -0.9275301745614424, 0.31402138973653226, 0.2026779269332437, 0.31655998576831657, 0.3717765151144491, 0.8726809257797027, 
98, 4282.35194044556, 10.073906500852129, 17.58381798947346, 11.285174384171798, 5.151957752523196, -0.5320519737385858, -0.3641998791854471, 0.7643815442841233, -0.8402004398869575, 0.33883631895572486, -0.42338300600082857, 0.10480418910825168, 0.8674954737391085, 0.4862794309730995, 
99, 669.068189738708, 5.425760143153278, 9.907396857577357, 4.153211146416921, 3.881845107409265, 0.9068222422054681, 0.21735334013258065, -0.3611522484696145, -0.20497371430660963, 0.9760597772616054, 0.07275360922577952, 0.3683194231707036, 0.008052126752339633, 0.9296644371868618, 
100, 10021.492444108952, 13.37461424121786, 27.042380596494727, 11.451921195234734, 7.725391945293215, -0.864001359914939, -0.41280284244377324, 0.2882628372431614, -0.5002881524092125, 0.639416467799314, -0.5838307505313721, -0.056686988137601195, 0.6486450446718843, 0.7589770690860803, 
101, 51085.61939152414, 23.01812891448008, 35.0867347833006, 23.089811189078073, 15.053819984808982, 0.5866535349446541, -0.13134350067474185, -0.7991160834118193, 0.25819891766952796, -0.9049286612640879, 0.33828602829125265, -0.7675747187415863, -0.40478760214869486, -0.49696684828616555, 
102, 9732.27062411517, 13.244691769038043, 19.53310440144556, 12.253215009121392, 9.707429428517202, -0.7592259121241567, -0.32615680155172216, 0.563203120695183, -0.649810713158536, 0.3315400188442792, -0.6839789857657398, -0.03636002507750679, 0.8852699908537991, 0.46365395703053974, 
103, 7848.354017386225, 12.32811447473228, 17.095070795177868, 11.647622501285875, 9.409830162076114, -0.12615844159746745, 0.8639277846251399, -0.48755802789657393, 0.750848913536147, 0.40436246248243335, 0.5222230442796738, 0.648313162488073, -0.30019957009935977, -0.6996929765667745, 
104, 12533.711347549432, 14.409990453994471, 24.979178605462575, 11.529373613162177, 10.389800611324297, 0.9159330529855162, -0.007396063464691395, 0.4012629321203963, -0.2373600746650783, 0.7962347671753521, 0.5564803594882763, -0.32361526138861424, -0.6049425541209934, 0.72754221101593, 
105, 8512.900668391785, 12.66668543916166, 18.897472152281004, 11.867393364222865, 9.062121998965344, -0.08332177322944677, 0.9575509582145607, -0.2759594979852609, 0.7109159951772331, 0.2511731414696979, 0.656894588808134, 0.6983236569865471, -0.1414503991744795, -0.7016664839268838, 
106, 2066.1352937376364, 7.9011453108625025, 9.546307402385304, 7.508888969286689, 6.881118697645713, 0.8410585794862602, -0.46525134007253083, -0.27597401405434613, -0.4531360188479865, -0.32731274949617095, -0.8291767679089026, -0.2954457890970033, -0.8224400005945542, 0.4861113361431501, 
107, 32352.602971364573, 19.766974694203114, 26.815522482240173, 19.195808032528284, 15.004722136827704, -0.7154473697654289, 0.6926217508506659, 0.09170698634394141, 0.6986425223968024, 0.7103232478357235, 0.08567093721410261, 0.005804049858805499, -0.12536344695590934, 0.992093906428504, 
108, 14607.744801660885, 15.16461962205374, 25.710221675772605, 15.413633337288687, 8.800021210646312, 0.6541439493323358, 0.47210510656956833, 0.5909420123014025, -0.48259722168832303, -0.3410787023769215, 0.8067002171833022, 0.582405026738786, -0.812885039311102, 0.004722043369355987, 
109, 2740.0154084020087, 8.680701020919237, 14.602600955032932, 7.585543717488477, 5.905374748983722, 0.19279756697251393, 0.5323926631383308, -0.8242494467125561, 0.8498793548606018, 0.3292507630761845, 0.41145961794017794, -0.49044284106428504, 0.779841001262581, 0.38899078703558965, 
110, 3946.770664478421, 9.803573910820612, 15.659666803875789, 8.92771045329548, 6.739546411531865, -0.5170600816992227, 0.6931626818226178, -0.5021696610127591, -0.13203660468229614, 0.515068104605, 0.8469186399191979, 0.8457039712199323, 0.5042125981637993, -0.17479830924739173, 
111, 12579.736991029382, 14.42760744686111, 23.586538255175487, 12.057682311718853, 10.559780957630586, -0.2655316682670223, -0.23431242391925217, -0.9351954988901608, -0.9250935463301775, -0.2112105846073743, 0.31558203289805126, 0.27146797911648174, -0.9489403442508368, 0.1606778123062323, 
112, 7483.837879221406, 12.134221560696968, 19.904212473083135, 12.663447861519382, 7.08824623626351, 0.0911603528686967, -0.48735775191819325, 0.8684308905780007, 0.9242190413028718, -0.2833268524871907, -0.2560176914842066, 0.37082199740314103, 0.8259590282241283, 0.4245971383994462, 
113, 10014.646010780685, 13.371567813235261, 21.05477588815932, 14.301348821013802, 7.939979313183748, 0.30331001857609424, 0.8647438783190509, -0.40027622654998624, 0.22496111144545952, 0.34320850124343394, 0.9119212811484658, 0.9259565491796001, -0.3666414455349561, -0.09043516709469136, 
114, 9804.43811387438, 13.277348870436947, 22.990778400279613, 10.546586499278119, 9.653137800744895, 0.05591599473461276, 0.4795895572470632, -0.8757095740668848, 0.7265395026418129, -0.6211515158476667, -0.29378758561439067, 0.6848457874834524, 0.619810173310917, 0.38317306328402195, 
115, 18608.70504306132, 16.439017115209897, 29.19108135480265, 15.486283164624483, 9.827208344827113, -0.36456489052850577, 0.8342257188424004, -0.41371474546578485, 0.9310801615444716, 0.3330127440617413, -0.14897061814596158, -0.013497161637154123, 0.4395110491379592, 0.8981357716478009, 
116, 669.2818606514372, 5.426337664622207, 9.659886139007767, 4.942668300473216, 3.346470274627605, 0.08836838829924182, 0.9923319299345126, 0.08641972449528028, 0.8291940666022679, -0.12135810719378946, 0.5456275375473036, -0.5519313615486879, -0.02344249668414973, 0.8335599687414369, 
117, 1000.2050102091696, 6.203928807307151, 10.667033810686842, 4.892241845731437, 4.575608168962029, -0.9936150753431985, 0.10244890452804616, -0.047257846033577584, 0.10694958113189858, 0.9886667427560607, -0.10535586772379055, -0.03592866747378079, 0.10973738528470633, 0.9933110475195746, 
118, 3562.828396208755, 9.47477194111725, 18.690757535082664, 7.71285425004248, 5.900166501402377, 0.23275138927395533, 0.8256608239952483, 0.5139173031826533, 0.8474810515897351, 0.087029314398491, -0.5236427843785164, 0.4770772033826385, -0.5574137620787778, 0.6794757095421324, 
119, 6509.514997811734, 11.582972027750062, 22.212978748055633, 11.45818782298474, 6.105725628265693, 0.06691319963428384, 0.021592608942233558, 0.9975251289836112, -0.6368652037182191, -0.7686866439654186, 0.05935954583833075, 0.7680659711298597, -0.6392609816250703, -0.03768370157106227, 
120, 1471.267055977488, 7.055605667503438, 8.955717314842902, 7.807479396429922, 5.023329633113837, -0.9873614252231513, -0.026749431438499838, 0.1562110236155713, -0.153072918256512, -0.0944162530839101, -0.9836941866505211, -0.04106211974244349, 0.9951733713636595, -0.08912835267716647, 
121, 918.9158369789319, 6.031088606826033, 10.444604451412836, 5.109892935157656, 4.110392826508164, -0.40657512208916796, 0.9078365573643441, 0.10261313371608091, 0.9114967739397847, 0.4107128254904457, -0.022104435641289045, 0.062211744836030265, -0.08454442672649017, 0.9944757104695648, 
122, 3000.224454051909, 8.947225416155986, 15.008217662740927, 7.077464888508867, 6.743079719942143, -0.6615110146998481, -0.729442902918798, -0.17411556165999195, 0.21607464399032922, -0.407717459032708, 0.8871742905564636, -0.7181329442764968, 0.5492536071627655, 0.42732370559502136, 
123, 5408.636257628239, 10.889293961953252, 15.580985302144597, 10.868906976901728, 7.624623024030814, 0.561328062003354, -0.8256705199997568, 0.05638261443822927, -0.5131474326478794, -0.29379044532069093, 0.806453276145097, -0.6493000224660777, -0.48161744843973575, -0.5886035288578801, 
124, 3697.2120378600357, 9.592428771497417, 15.67701512404922, 9.388019222580208, 5.997198194931633, -0.35732075143683223, 0.6557071965143753, 0.6651089783124837, 0.04614295064351299, -0.6988588516155351, 0.7137696642646882, 0.9328412022946498, 0.2857348035467043, 0.21946050520218535, 
125, 4370.367553247613, 10.142455664696488, 12.509304300904526, 9.881129221873064, 8.440916764638406, -0.8316429704265275, 0.48088349728392277, -0.277706737008891, 0.010169354590678512, 0.5131972593586738, 0.8582104387700927, 0.5552175735397352, 0.71090058026895, -0.43168716798848566, 
126, 13080.559122371462, 14.616584432093225, 25.75194668853975, 12.487602306341433, 9.710656121074967, -0.4430573203633192, 0.8249728344600868, 0.3508846438295143, 0.8875465543515184, 0.34848473371075017, 0.3013627452577623, -0.1263381364878497, -0.44494742697698275, 0.8866005089640654, 
127, 5599.650607792673, 11.016004555965084, 15.569284711818725, 10.449348510902327, 8.217021926356173, 0.20741936406422012, -0.2775925502653452, 0.9380402888193964, -0.5706056797755854, 0.7445431141453293, 0.3465035488802636, -0.7945982416410418, -0.6071226624134187, -0.0039632265903777756, 
128, 809.8450652327282, 5.782350906344195, 15.718662594495598, 4.010127241867415, 3.0671822766036527, -0.015567855580467293, -0.9665717106422922, 0.25592336755102807, -0.9579243182535006, 0.08778281944681819, 0.2732675924959518, 0.28659839910786156, 0.2409010269716599, 0.9272691372157333, 
129, 10756.59860191551, 13.693951469825668, 23.784243713286084, 12.464346780274917, 8.662185574123304, -0.832582400567472, 0.44468255790635236, 0.3302483443700651, 0.5457740475518208, 0.5568457212137283, 0.6261417824940815, -0.09453695195112219, -0.7015556039686559, 0.7063161468180985, 
130, 1171.1787171772148, 6.539002762061689, 8.81248054888939, 5.964664087243712, 5.31924997891208, -0.7151309026087818, -0.11580750565596953, 0.6893304097221389, 0.01908896788971897, 0.9825763977262442, 0.18487626655745465, -0.6987298501129419, 0.14536933743077002, -0.7004601004311986, 
131, 5706.462215834409, 11.085606167338613, 15.078468706768954, 12.79946043106684, 7.0587765721582, 0.31219455680052777, -0.6516762204286257, 0.6912688785356846, -0.93126378968895, -0.06605876019365076, 0.35830712275344545, -0.18783586643209868, -0.7556152089056567, -0.6275056520479826, 
132, 1093.1765312097193, 6.390486132157971, 11.38122759117533, 5.709103107522904, 4.016471555275526, 0.5943348652496169, 0.3022790647547384, -0.7452472307628659, 0.4701784181873541, 0.6211996249462027, 0.6269316398440379, 0.652455609999299, -0.7230064958060182, 0.22707550286797798, 
133, 7337.530585019047, 12.054626860300363, 16.858869978140348, 12.788288260036493, 8.124945132408154, -0.46682026559226864, -0.8648961674713918, 0.18448159562856695, -0.8739346879379175, 0.48309688680822294, 0.05343743233967981, 0.13534031495167495, 0.13627918934856248, 0.9813821792244244, 
134, 1452.8659586383687, 7.026067421888528, 11.955091527504546, 6.8487769590265595, 4.236146884714818, -0.7060730366688632, -0.6025986566811173, 0.37193510973733457, -0.7050945088353061, 0.6469088230769331, -0.29043193391139965, 0.06559421086886026, 0.46731556104128463, 0.8816538810151979, 
135, 3417.123573659486, 9.343810565634488, 13.19386472337457, 8.884645386298446, 6.959210126723234, 0.22122562041592334, 0.6941223208283018, -0.6850207504882768, 0.8920786737328608, 0.13976950577549674, 0.4297209852058586, -0.3940239393014232, 0.7061576941329781, 0.5882911237424746, 
136, 617.7609007093748, 5.283364852513515, 9.31535049649022, 4.916436406129472, 3.220195079502412, -0.01201913109656301, -0.09361018246786593, 0.9955363751395608, 0.5341356408800615, -0.8422628229630582, -0.07274925563843358, 0.8453133487821718, 0.5308770769138869, 0.06012380209232721, 
137, 16950.28171594188, 15.935392702575163, 22.748421223971693, 14.962139796940756, 11.888945653000395, -0.8934903081116649, -0.027254795373261663, -0.4482546658314712, 0.4356087908385808, -0.2952664857037671, -0.8503309260307405, 0.1091789844918505, 0.9550261140666833, -0.2756901717436051, 
