# Void_ID, Void_Volume, r = (a*b*c)**(1/3.0), a, b, c, vector_a, vector_b, vector_c 

2, 25.723480542735818, 1.8312474819906455, 5.375143282089546, 3.063118809094895, 0.37298145089344176, -0.0433063914476, 0.523047240836, -0.851202760988, -0.123174311899, -0.848297186019, -0.514995119472, 0.991439683162, -0.0825437341341, -0.101162673983,  
7, 689.2683413201677, 5.479823544862398, 10.66355219545524, 4.996008112185094, 3.0886926043222926, -0.944236964846, -0.000349864531201, -0.329266505757, -0.129058280653, -0.919589900976, 0.371077315687, -0.302919980215, 0.392879487397, 0.868265624086,  
11, 1161.9491761337629, 6.521780446621797, 13.049582552413149, 8.338388477927182, 2.5492931516609127, 0.648526818719, -0.396569270531, 0.649727465229, 0.25069011275, 0.917221671018, 0.309610842161, -0.718726257188, -0.0379106829923, 0.694258847508,  
12, 933.6918182297811, 6.063243101144823, 10.671102484500924, 5.302290344628188, 3.9395094602874297, 0.437223998383, 0.26780130923, -0.858555550918, 0.679083512028, -0.724196947835, 0.119934834134, 0.589644603918, 0.635469306514, 0.498495738747,  
18, 2795.6810009235464, 8.739092480602434, 15.020000654716435, 8.131366109046947, 5.464690106253495, 0.774259119174, 0.330459517433, 0.539740051982, -0.337007164506, -0.506584894358, 0.793598082079, 0.535676196454, -0.796346816498, -0.280860749139,  
27, 1579.5667392100474, 7.224644087036786, 10.173794488253694, 7.51193842658598, 4.934173209253106, 0.271566209942, 0.914004482141, -0.301409356596, -0.265688689416, 0.372206444645, 0.889309778919, 0.925019628945, -0.161425429193, 0.343919346469,  
29, 605.3234980798195, 5.2476674788328985, 9.756532192735746, 4.1388504171778795, 3.5786869627701074, -0.840955918254, -0.216537503311, 0.495887742552, -0.181629588869, 0.976229137683, 0.118268183323, -0.509709560437, 0.00939044190134, -0.860295288607,  
44, 997.025859045059, 6.197348769207183, 9.578957750573837, 5.773441205463656, 4.303926121263816, 0.914097298398, -0.0327018384887, -0.404174119435, 0.200123603334, -0.830513809877, 0.519805112511, -0.35267077062, -0.556037230196, -0.752626020137,  
61, 1043.542853884117, 6.292268211098134, 14.641545913446702, 5.761840938682411, 2.953068223555921, 0.960098985762, -0.0307021167501, -0.277969994002, -0.155332145009, -0.885080224944, -0.438753826354, 0.232555073618, -0.464424779098, 0.854533651938,  
84, 155.44574051651784, 3.3355188982610895, 12.195226361909718, 2.6109428731191517, 1.1654750513672918, -0.313191492586, 0.115972240002, 0.942582372273, 0.937950699663, 0.193346635651, 0.287863793286, 0.14886092158, -0.974252286644, 0.169330765057,  
93, 380.2869233941917, 4.4944262757831295, 5.812847129449646, 4.647843517419464, 3.3603335114411963, -0.468407775439, -0.647103331183, 0.601540883632, 0.0931079907793, 0.640906162766, 0.761951568396, -0.878592657585, 0.412912302191, -0.239954938973,  
107, 215.25694114009886, 3.7178299220780118, 7.713742985871649, 6.191130397410659, 1.0760524471778168, 0.322080550677, 0.841439312224, -0.433870951689, 0.270293407074, 0.357485587935, 0.893949399301, -0.907306779964, 0.405196172567, 0.112296343526,  
114, 222.7811539776072, 3.7606531521725772, 5.784600265652234, 4.257093296892027, 2.159749184012826, 0.0357250106318, -0.299317990077, 0.953484380801, 0.333099255201, -0.89596866189, -0.29374315838, 0.942214736565, 0.328098914547, 0.0676941095913,  
116, 245.29441869655366, 3.88328876030598, 7.460286612337574, 4.285605886335467, 1.83160286732329, 0.504575684284, 0.250315676984, -0.826284116201, -0.701822304393, 0.676320707132, -0.223686732198, -0.502840761958, -0.692771508479, -0.516932108843,  
120, 472.93237005247136, 4.833222742826554, 13.549622836940843, 4.762229344969148, 1.7497375735077014, -0.813581784662, 0.53088331243, -0.237165740044, 0.580698629993, 0.762602357843, -0.285003061276, -0.0295597833339, 0.369595119552, 0.928722599495,  
128, 532.5068673838344, 5.0281960346653936, 8.275946893822496, 6.516356642042553, 2.357295695350816, 0.0156767178057, 0.872218028142, 0.488865985627, 0.935104267053, -0.185903010533, 0.301695343705, 0.354025776262, 0.45241107641, -0.818529148952,  
142, 2841.229274222718, 8.78629722246242, 13.100810230405685, 8.601639173920654, 6.019193363573187, 0.189979334865, 0.976905241098, -0.0977957168772, -0.632013036749, 0.197914545993, 0.74925920339, 0.751310437638, -0.0805355970968, 0.65501652185,  
147, 215.33698065805373, 3.7182906682578563, 10.384909415735612, 4.435072326766023, 1.1161603497624812, 0.779335951391, 0.496016555227, -0.382887779657, 0.441900178334, -0.00184366861446, 0.897062335222, -0.444251851158, 0.86831110659, 0.220626641445,  
148, 217.38826421369652, 3.730060092653974, 6.737029700407343, 3.894116225176564, 1.978199619942466, 0.397133931142, 0.803821770631, -0.442894120299, -0.628298675435, 0.589887248165, 0.507221656575, 0.668973403942, 0.0768348587062, 0.739304395567,  
149, 204.46781222663049, 3.6546470996962355, 8.134173946917661, 5.284296888373626, 1.1356269117192748, 0.275450422219, 0.813311182906, -0.512495838675, 0.463614067246, 0.354635169104, 0.811970377222, 0.842133636397, -0.46125786345, -0.279378098381,  
163, 89.75270398145199, 2.7774930275074308, 5.939405791580318, 3.5886847722684485, 1.0052651389649732, -0.337838381839, 0.536742984518, 0.773157290807, 0.935941297965, 0.278330661789, 0.215745056656, 0.0993937348133, -0.796516799119, 0.596390705998,  
165, 63.49195918966133, 2.4748186094284175, 10.542912057566735, 2.7017986626746233, 0.5321285405860838, -0.22217025229, -0.974999934932, -0.00393775056606, 0.168699943387, -0.042418285661, 0.984754293285, -0.960302404505, 0.218118811485, 0.173906515052,  
167, 275.54597044095317, 4.036780652353676, 10.355004644656807, 2.8216280096865574, 2.2514141909047924, -0.883235581487, 0.214925263838, 0.416775765323, 0.4670808702, 0.324377144199, 0.822566063617, -0.0415976957206, -0.921187602655, 0.386888914839,  
170, 388.893072759085, 4.528077652247885, 11.492798541877667, 3.407096842909143, 2.3709987547383244, -0.823187418883, 0.434203425227, -0.365827635524, 0.559759522732, 0.512803710933, -0.650923675069, 0.0950355202183, 0.740607682633, 0.66518306527,  
218, 431.99602768259007, 4.689541476967786, 6.131690114586542, 4.184584000748718, 4.019376190990971, 0.123262048338, 0.778054047727, 0.615985686729, 0.716881784231, -0.499031058923, 0.486876277579, -0.686212048042, -0.381575550901, 0.61928436447,  
225, 487.41376613698, 4.882059415281386, 8.83110898158833, 5.633160361371498, 2.3390624801935895, -0.652570985977, 0.124615553126, 0.747410243561, -0.0142335177592, -0.988225762919, 0.152339254542, 0.757593898625, 0.0887739005643, 0.646661178165,  
226, 1199.0756106542826, 6.590514502755352, 10.044938678476358, 7.32876742437742, 3.888478755693587, -0.983350038118, -0.0914884883124, 0.157011334113, -0.171648321022, 0.75130101915, -0.637246916442, 0.0596620182706, 0.653587511455, 0.754495731231,  
240, 967.8021708840469, 6.136197473919508, 10.830786415909719, 5.681627450063714, 3.7546135042337068, 0.174003624662, 0.476534940804, 0.861763998318, 0.835724543695, -0.534327092484, 0.126724288528, -0.520852402961, -0.698146838731, 0.491226796806,  
241, 380.8716889219884, 4.496728782500106, 9.324647450163553, 7.051092385260289, 1.3829333714194856, 0.880130232434, -0.0753059015951, -0.46872144728, -0.00380838546498, -0.988426631998, 0.151651868954, 0.4747170422, 0.131688322724, 0.870230955266,  
243, 582.7307031786546, 5.181550842442639, 13.743288349214987, 5.731317668242385, 1.766176705575014, -0.866214242079, -0.0194963387228, -0.499292278726, 0.491314629792, -0.215233295886, -0.843969527231, 0.091010006986, 0.976368025449, -0.196016982708,  
245, 991.0633662415521, 6.184970102129187, 12.942013260572908, 7.154155859818233, 2.555362845493303, -0.92458578604, 0.374130861883, 0.0718833947405, 0.36576339717, 0.818944023312, 0.442207896778, -0.106575145055, -0.435151450496, 0.894027378545,  
302, 525.083242375224, 5.004720746016757, 7.795026729704488, 5.944693604477392, 2.7051569331848073, 0.0577917804586, -0.965127707995, 0.255320616817, -0.771284121102, -0.205543996031, -0.602388969214, 0.633861905029, -0.162111606481, -0.756266429505,  
315, 121.92087706221636, 3.076071950975987, 6.360293575421373, 3.963859382748143, 1.1545003455916465, 0.846561321712, -0.516228337683, -0.129777625012, -0.185968675549, -0.515286564845, 0.836597518407, -0.498748012824, -0.684096527884, -0.532223975635,  
317, 1325.4030993651968, 6.814277113006395, 10.756281106279706, 7.688320922967813, 3.82618289371871, 0.586974302225, 0.747501436605, 0.310970691227, 0.623534847011, -0.66238697296, 0.415268338085, -0.516396614136, 0.0498507806046, 0.85489732517,  
325, 580.0112356201614, 5.173477910274709, 10.82437641928304, 6.514334799125047, 1.9636986234980938, -0.952862416211, -0.29739011743, -0.0601026940121, -0.011800353707, -0.161619944958, 0.986782521655, -0.303173164091, 0.940977210907, 0.150492262686,  
329, 1030.4109062509897, 6.265762740074402, 8.801596519023342, 6.273488273319237, 4.45503675181748, -0.714232581146, -0.67846483656, -0.171922324265, -0.0822110445206, -0.162611828646, 0.983259242185, -0.69506342458, 0.716409700336, 0.0603653632147,  
333, 936.1918713443454, 6.068649924606347, 9.128982248866233, 7.167377367109769, 3.4158093509774408, -0.677741408797, 0.00367562331391, -0.735291148182, 0.724575268949, -0.166833370313, -0.668698217567, 0.125128983171, 0.985978253484, -0.110406617679,  
337, 266.2005943460393, 3.9906178164104618, 9.754230469406195, 4.8107416762446125, 1.3543015068001196, 0.0336061778994, -0.998518132361, 0.0428037866584, 0.740104168792, -0.00391846020361, -0.672480828728, 0.671652026085, 0.0542787713101, 0.738875747904,  
350, 197.5640074550322, 3.6130425197420615, 8.649927211182781, 6.736438628845765, 0.8094246146409287, 0.854700024995, -0.481781046589, -0.193325865889, -0.140741630921, -0.573514980184, 0.807014473743, 0.499679557916, 0.662546293215, 0.557989918142,  
352, 610.1325888179855, 5.261527820025067, 9.39078000527986, 4.5553483633859715, 3.404962646717178, -0.24270557974, -0.424009234742, -0.872530899405, -0.967503157243, 0.0400310790889, 0.249670089181, 0.0709340700103, -0.904772723705, 0.419946039571,  
369, 1105.6486466778904, 6.414697432525866, 11.2642983745749, 5.473329010431269, 4.281272079053943, -0.482460825877, 0.129990966149, 0.866218159711, 0.850829507757, -0.165440489332, 0.498716946994, -0.208136253986, -0.977615360563, 0.0307815946249,  
381, 68.68294619166157, 2.5405052825749452, 6.472757059754294, 4.544315460893734, 0.5574456462166548, -0.905021209239, 0.269278648272, 0.329280458595, 0.388149276156, 0.839457578623, 0.380330268467, 0.174002155871, -0.472016931134, 0.864247225321,  
398, 334.9490103347151, 4.3082083343177775, 13.661387949611147, 4.553767228338645, 1.2853589855077854, -0.525037518674, 0.700410914033, -0.483487492588, 0.810029487368, 0.585549006911, -0.0313781787354, -0.26112800229, 0.408113846873, 0.874788691291,  
409, 123.55388816166283, 3.0897447469397283, 10.60920296701426, 2.413930446775397, 1.151755505895649, -0.953852466992, -0.288073526296, 0.0847296563232, -0.284107310422, 0.77447487527, -0.56521827973, -0.0972034329563, 0.56320716528, 0.820578565159,  
415, 765.6812276540593, 5.675269158077279, 8.372490747649785, 5.991864548227886, 3.643700958001609, -0.606665808585, -0.791443919614, 0.0746533241084, -0.792094163905, 0.609772343529, 0.0276500375389, 0.0674049864811, 0.0423581299614, 0.996826141623,  
447, 43.170248228509806, 2.1761991960166536, 5.856903617749617, 3.587416927828736, 0.49050789974924613, -0.35525239665, -0.73768337796, -0.574124523563, -0.926678984052, 0.19728719354, 0.319912212618, 0.122726505658, -0.645678710465, 0.753682431573,  
465, 148.97326468649575, 3.2885660980151874, 7.432157465569555, 4.260433741253467, 1.1231842579349476, -0.541317012891, -0.528174766567, 0.654222674261, -0.837057923189, 0.265009063392, -0.478648335991, -0.0794350349739, 0.806722760484, 0.585566787767,  
467, 1012.861685758274, 6.22998753792619, 9.196787429537762, 6.316034793062801, 4.162755195542305, -0.655787720048, -0.293609535208, 0.69551125589, -0.730387794446, 0.479814565616, -0.486118969335, 0.190987266484, 0.826783782774, 0.52910532088,  
471, 1090.3542672283252, 6.384981933600182, 10.361368964529001, 5.429825789689587, 4.626749463805148, -0.394240692039, 0.109779814671, -0.912426802013, 0.916117363305, -0.0317281757293, -0.399652723643, 0.0728234398486, 0.993449402414, 0.0880626564035,  
480, 327.3807732550755, 4.275512563604092, 5.809989301391496, 5.514988186780928, 2.439184444133696, -0.0239627855929, 0.107959301716, 0.993866476988, 0.899157639203, -0.432210234291, 0.0686283705009, 0.43696833383, 0.895287162059, -0.0867154696858,  
494, 2665.4951875670563, 8.601280241773233, 16.707326908523005, 8.070739541036112, 4.7192066054788855, 0.313425578458, 0.676755764457, -0.666157670558, 0.62237391784, 0.383440717034, 0.682366413969, 0.717227378982, -0.628470247343, -0.301015008005,  
504, 549.5538330501261, 5.081288778784959, 12.677348464131764, 6.04647871294669, 1.7115542758293323, 0.550014777638, -0.513283873292, 0.658804530797, -0.635439182401, 0.254687571383, 0.728938465478, 0.541941684917, 0.819557140413, 0.186078756843,  
510, 144.33120398898487, 3.254047401982255, 7.277463346011805, 3.3005166681593887, 1.4345301093075038, -0.39166295402, 0.825497112315, -0.406392234187, -0.199719694759, 0.354875036206, 0.913332224442, 0.898171572682, 0.438882929991, 0.0258766263077,  
556, 281.58967261555983, 4.066081111737083, 5.756397430242054, 4.63033405943072, 2.5221157734543564, 0.19614737758, 0.243949182892, 0.94974470382, -0.668012348815, -0.675795092239, 0.311545333999, 0.717834039384, -0.695549990635, 0.0304056315314,  
585, 352.1402484964126, 4.38068829516542, 16.722278333193792, 2.9272063012469247, 1.7174269672065854, -0.380650963515, 0.382247394919, 0.84201649215, -0.362472256741, -0.899372915678, 0.244422220018, 0.850716584456, -0.212168064569, 0.480901242782,  
614, 517.2678625285347, 4.979766307802854, 12.95634199290936, 3.3671939129429598, 2.8305860165453347, 0.209474054225, 0.714041185544, -0.668031291148, 0.540741121761, 0.484622985598, 0.687560616286, 0.814689916375, -0.505258099566, -0.284595490091,  
615, 435.53533968811695, 4.702313683602132, 9.674781877626103, 6.710278721429985, 1.6015962690119108, 0.325517218418, 0.607645717558, -0.724434415559, -0.872670548973, 0.488006169383, 0.0172073123571, -0.363984413771, -0.626591302666, -0.689128932751,  
619, 2622.3318294051987, 8.554599440950224, 17.528836609858754, 8.734685807029066, 4.088826253480785, 0.388978564819, -0.181955221013, -0.903099094041, 0.773771040768, 0.596551948458, 0.213082494024, -0.499974051906, 0.781676448626, -0.372837601488,  
623, 1617.1036773862722, 7.281425635684828, 12.300472806395334, 6.377034283869073, 4.921627023475354, 0.618359305587, 0.343939972549, 0.706637859498, 0.687491010749, -0.672379562455, -0.274338903789, -0.380772739746, -0.655447190302, 0.652227798696,  
626, 72.9465049529112, 2.592021660464433, 10.12038488728056, 1.8100626983222903, 0.9506600228156034, -0.478048598849, -0.620387650606, -0.621762575357, 0.156873639865, -0.756813763053, 0.634526271457, -0.864210737178, 0.205796236675, 0.459116227895,  
663, 696.0568443995022, 5.4977547991704325, 11.707086529580655, 8.995687137525675, 1.5778762091545553, -0.846825724869, -0.139993949522, 0.513115860013, 0.0980827243507, 0.907088392344, 0.40935367063, 0.522748477649, -0.396979020317, 0.754414797405,  
671, 299.66233979319617, 4.151271956457656, 12.032331918791677, 3.770565954021981, 1.5768384866901775, 0.695595477786, -0.509627411761, 0.50638605082, -0.588089185575, 0.00096264078295, 0.808795513794, 0.412671832203, 0.860394662062, 0.299036760954,  
677, 253.32393310363918, 3.925206755801233, 8.144318171631548, 4.847854696942402, 1.5317337681208618, 0.552661578777, -0.719970941808, 0.419770201772, -0.716595348719, -0.15335967484, 0.68042039676, 0.425507092229, 0.676847584826, 0.60068382813,  
695, 268.2003792502587, 4.000585833887132, 10.873356058581926, 5.284218805262347, 1.1143622110868594, -0.669661687597, 0.124106053305, -0.732223266291, 0.697912121309, 0.442249165945, -0.56332437028, -0.253913164477, 0.888264241515, 0.382772441735,  
720, 252.20304569391098, 3.9194088827692863, 6.164791622372697, 4.6380898434840265, 2.1057371500942157, 0.637902438539, -0.109594909417, 0.762279105536, -0.411867831906, -0.884921179958, 0.217438254002, -0.650726799777, 0.452662634963, 0.609631996339,  
725, 15.41876246900289, 1.544022540957322, 5.853662477459166, 3.2982350782123078, 0.19065650392119174, -0.978119854266, -0.132983947056, 0.159990063807, -0.196124532329, 0.845960284541, -0.495869302134, 0.0694025828805, 0.516397585979, 0.853531964653,  
729, 525.323064064427, 5.005482566749075, 10.201878270420101, 6.42533689564576, 1.9132063715588883, -0.768867684022, 0.638892534639, -0.025667365463, 0.638487808422, 0.769295188154, 0.0227647090932, -0.0342899834362, -0.00111474923553, 0.999411303903,  
737, 548.8574526056553, 5.079141578871917, 10.932049883152427, 6.722355821450966, 1.7829856800334802, -0.211432711566, 0.432114770558, 0.876682972086, 0.166130724806, -0.868020465482, 0.467911373852, 0.963170177464, 0.244575748124, 0.111740380679,  
755, 394.06305883339496, 4.548054967954535, 11.763838675187928, 4.05461149575582, 1.972326488387499, 0.661377881338, -0.59626463634, -0.455025033956, 0.49470666406, -0.109214881951, 0.862170183952, -0.563777096565, -0.795324206227, 0.222743781906,  
765, 661.7512683294595, 5.405908920246361, 12.385660622270537, 5.450855137443013, 2.3400350200263094, -0.539476028044, -0.59437954967, 0.596387932557, -0.812530184172, 0.181740608423, -0.553863747738, -0.22081737924, 0.783379411386, 0.580996026528,  
766, 1561.7109989550675, 7.1973179165713095, 12.972268872164786, 8.290541417876891, 3.4666757684388196, -0.763646822508, 0.580654117516, -0.282284123333, 0.609136045523, 0.50304372923, -0.613107074276, 0.214001889053, 0.640146703729, 0.737845098369,  
767, 11156.850339806373, 13.86173736239522, 18.449294786203087, 14.085774195232212, 10.24925989532208, -0.280349530637, -0.951567197608, -0.126190368525, 0.0246719430331, -0.138562034311, 0.990046391779, -0.9595808647, 0.27444567966, 0.0623228129749,  
768, 612.8269937639291, 5.269261586611946, 11.2391909827054, 6.326860728958782, 2.0574341867064287, -0.217106868494, 0.435372251178, 0.873679352255, 0.190211654217, -0.859002437867, 0.475325507771, 0.957436229862, 0.269380427355, 0.103682453217,  
769, 755.5228929835446, 5.650059305051457, 10.494760703376807, 5.433229156598782, 3.1632131398156114, -0.691195391603, 0.569722523567, -0.444595520408, 0.666295431101, 0.264190879813, -0.697318849249, 0.279820172827, 0.778215539015, 0.562211033078,  
770, 472.27262422858536, 4.830974230756511, 12.023446104858518, 5.053213302535266, 1.855699159029419, 0.234358672274, -0.726820991249, -0.645606117854, 0.688957450512, -0.344358724468, 0.637773235772, -0.685867074668, -0.594262833739, 0.420045283657,  
771, 962.9992749565105, 6.126029967166769, 8.91483142691598, 6.5653006159095, 3.9279829937347297, 0.707825072183, 0.237989125317, -0.66509010173, 0.647326491932, 0.158350611539, 0.745582655826, -0.282757988449, 0.95827253955, 0.0419721325671,  
772, 1606.8180287289501, 7.265954861310265, 14.589914099071558, 6.939211470643144, 3.7889181977974333, 0.370218321358, -0.696860654024, 0.614266736365, 0.484099665569, 0.709094383235, 0.512672087654, -0.792834098867, 0.107565721946, 0.599869741807,  
773, 3140.2990305521544, 9.084355724282993, 19.98781746724284, 7.464790923484394, 5.024575457846881, 0.358387398782, 0.0726721476901, -0.93074015243, 0.464391260574, 0.850991895704, 0.245262207745, 0.809876058108, -0.520126477307, 0.271236461611,  
774, 14608.748173223674, 15.164966821431676, 25.13695901595084, 16.522505053196706, 8.397224476874408, -0.597787333268, -0.3280904873, 0.731441683477, -0.763698748657, -0.0443579329452, -0.644047044155, -0.24375094971, 0.943604263411, 0.224045684152,  
775, 802.2834975958467, 5.764297893072334, 12.864086199311425, 5.215273322994486, 2.8548496055010264, -0.778236292993, 0.559624802081, -0.284900602254, 0.59528930184, 0.512986881123, -0.618445718645, 0.199947291514, 0.650895184106, 0.732363666442,  
776, 1007.0751905400963, 6.218100866281753, 9.958899577549557, 8.355048287190003, 2.889435275755561, 0.403654086829, 0.264412981591, 0.875870511749, -0.883829118966, 0.360108317938, 0.29861026074, -0.236451827342, -0.894655114845, 0.3790550868,  
777, 3854.240080277183, 9.726353535440547, 18.864601705345187, 8.48743240075776, 5.746801354972572, -0.818667750982, 0.311704441031, 0.482310537873, 0.539623467615, 0.704853098796, 0.46042222179, 0.196442425921, -0.637198909729, 0.745243532504,  
778, 1738.5337792882465, 7.459301728055467, 13.3491558659558, 7.7785076567523115, 3.9970946886033354, 0.954282182288, -0.0916432891244, -0.284511905068, -0.204217759123, -0.894943854147, -0.396699640513, -0.218267321021, 0.436665782358, -0.872744161305,  
779, 3957.8191871338713, 9.812713373841747, 22.241932927738677, 9.7359615074175, 4.363308954628527, 0.604999096042, -0.737421349995, 0.300309584196, -0.450475850701, -0.00600820221164, 0.892768396305, -0.656542155328, -0.675406288154, -0.335825466871,  
780, 913.7790706622299, 6.019829614283305, 8.633886902640986, 5.812646404559145, 4.34682681232821, 0.010146451481, -0.374629309411, 0.92711915634, 0.835620437071, -0.506062186495, -0.213634146498, 0.549213560168, 0.776887343139, 0.307913171848,  
781, 1240.2634104023002, 6.665127179611053, 17.435591998495862, 5.257911773749997, 3.229797767498322, -0.464454693579, -0.823087542689, 0.326816056342, -0.873555799741, 0.365154279207, -0.321811462065, -0.145540724034, 0.434958905469, 0.888610515468,  
782, 1219.7057388953694, 6.628096446969093, 11.002776826438577, 7.968103532415562, 3.3213082591634167, 0.110554789887, -0.226302016226, 0.967762902722, -0.964194162688, -0.260591566846, 0.0492102827493, 0.24105446495, -0.93855177414, -0.247008728969,  
783, 373.95868267912255, 4.469356564505375, 6.422595193755965, 5.167084695908132, 2.6901647745381694, -0.703539874361, -0.0433996602384, -0.709329341473, -0.707184530271, -0.0557788060616, 0.704825343571, 0.0701547242102, -0.99749947082, -0.00855104586891,  
784, 1493.622525642049, 7.0911621311610915, 13.689557673587771, 6.69536356682513, 3.890349910072447, 0.0462268045328, -0.778462522488, 0.625986568246, 0.672375888705, -0.43919950163, -0.595830900555, 0.738765014623, 0.448441633717, 0.503116640868,  
785, 706.0470902159641, 5.523932368883651, 10.611200805498989, 7.050213174674905, 2.253088631702966, -0.958595336689, 0.282777339138, -0.0336445678884, -0.149336956385, -0.398578370798, 0.904894334047, 0.242473614928, 0.872451866181, 0.424304474713,  
786, 4721.768496325765, 10.40731485661667, 26.18278510076355, 8.50535114835608, 5.061835080383397, 0.0713354898177, 0.98483756948, 0.158133518372, -0.465155819225, -0.107396609126, 0.878689952252, 0.882349880565, -0.136238504427, 0.450441736719,  
787, 821.2942408340721, 5.809472800453208, 8.990881374985772, 5.986772580500049, 3.642630666987427, 0.595022168532, -0.221265252747, 0.772651478276, 0.60652706049, 0.754384770084, -0.251054861654, 0.527326790377, -0.618017238103, -0.58307902514,  
788, 2076.5325504937996, 7.91437658717985, 14.260505604657515, 10.057738582261706, 3.45632734178847, -0.747480026188, 0.446242201367, -0.492078762159, 0.662951766316, 0.548019013579, -0.510068736833, -0.0420543218687, 0.707490677306, 0.705470322223,  
789, 2165.242574369671, 8.025510171884559, 14.407775365799228, 6.190685132971431, 5.795385156772856, -0.390614691279, 0.539739650836, 0.745721980548, 0.245391748987, -0.719715976503, 0.649455004365, 0.88724464072, 0.436680687094, 0.148683977054,  
790, 4958.159895700687, 10.578172373028051, 17.157479472287726, 10.849102697234523, 6.3589382945109785, 0.278847663919, 0.0275703126937, 0.959939507566, -0.714631232234, 0.673697133281, 0.188240204328, 0.641518653075, 0.738493094394, -0.207561478337,  
791, 72.55083759287413, 2.587326721126514, 5.154068943616933, 4.254449870696489, 0.7898783075684211, 0.566610520671, 0.380360104054, 0.730943711314, -0.710244736567, 0.675175349002, 0.199225154735, -0.417737874802, -0.632031992342, 0.652710217947,  
792, 1010.8471051548332, 6.225854317296512, 14.800037763315203, 6.684314055845959, 2.439367269254402, -0.0702652181754, -0.615140611003, -0.785280095132, -0.972103434532, 0.218827985477, -0.0844347401463, -0.223780498897, -0.757440652109, 0.613356296818,  
793, 719.9772847003717, 5.560024796536815, 7.688212223323308, 5.7744721116285795, 3.8716183015829944, -0.342496813059, 0.70927835523, -0.616133222483, -0.20737036802, 0.582552604669, 0.785894390653, 0.916347894367, 0.396934097295, -0.0524390969853,  
794, 4701.0377564293585, 10.392061542159768, 12.772044466549563, 12.065576901161709, 7.28277036036519, -0.618870966422, -0.752868542678, 0.224026079654, -0.0283004111753, 0.306390520117, 0.951485121224, 0.78498268366, -0.58250648634, 0.210922686606,  
795, 52.40504807430845, 2.3214616028995474, 5.975954150924875, 3.240257029922961, 0.6460971065245146, -0.280635099203, 0.956723911346, 0.0769629687202, -0.111692531008, -0.11219250889, 0.98738929479, 0.953293616685, 0.268499903925, 0.138344070997,  
796, 4067.314106983175, 9.902382577423655, 14.294890686312153, 9.977335633572675, 6.808064836911149, 0.810833461808, -0.56406734131, 0.156131776648, -0.531729980271, -0.598483697778, 0.599233253062, 0.244565584851, 0.568898319528, 0.785202124771,  
797, 3724.9055048688897, 9.61631948405932, 19.43992865247965, 10.806573851553212, 4.232957987825957, -0.982402636671, 0.185306410912, -0.023379339946, 0.153396043512, 0.729074094419, -0.667023701739, 0.106558497063, 0.658872141559, 0.744669582957,  
798, 6788.66796698943, 11.746234123622859, 16.6987602358639, 11.803620255923175, 8.222360244701312, -0.235896443196, 0.676458121648, 0.697679924997, 0.944460133798, -0.00944086974395, 0.328490373746, -0.228796686499, -0.736420586102, 0.636660660487,  
799, 433.01592277639804, 4.693229073648768, 8.536184518219255, 4.631074122756767, 2.614988183563946, 0.625984385156, -0.488400396849, -0.607954440644, 0.411668105155, -0.455160682119, 0.789530319019, -0.662323879034, -0.744509103914, -0.0838646138155,  
800, 2537.5580393524006, 8.461404523343209, 13.000013689118898, 9.344750088415507, 4.986730223898048, 0.836706866852, -0.437050574718, -0.330012748393, -0.365214659541, -0.894329508032, 0.25844338552, -0.408092969088, -0.0957158618083, -0.907908917446,  
801, 1401.9695774632723, 6.943045213796966, 13.882373867286852, 8.060716693355621, 2.9909736474072357, 0.477297922005, -0.0215652505132, 0.878476882803, 0.731899816746, 0.563019743375, -0.383837761061, 0.486322271643, -0.826162035281, -0.28451175646,  
802, 197.9615345072897, 3.615464215713593, 13.863393176783072, 2.1542965678079913, 1.5824032725672519, -0.793136740188, -0.596915650191, 0.120937247862, -0.578590187557, 0.800478607247, 0.156420568351, 0.190177564994, -0.0540897947575, 0.980258531142,  
803, 1857.8473733423677, 7.626181571427941, 11.808887061952179, 6.885138533556351, 5.455063010242508, 0.0122412966084, -0.957463171982, 0.288295724831, -0.992061777827, 0.0244575424675, 0.123350142243, 0.12515422339, 0.287517134994, 0.949563224568,  
804, 13423.149494656016, 14.743093027261782, 30.66613623017545, 12.468203601867772, 8.38113568189587, 0.572963578634, 0.450049936474, 0.684958241238, 0.670876576602, -0.737608383909, -0.0765407796775, -0.470783768333, -0.503377519033, 0.724550699956,  
805, 3523.964648196664, 9.440195273158798, 14.170715030215822, 10.585364630389211, 5.608482208542226, 0.285516714086, 0.749672418185, 0.597052318805, 0.918662602932, -0.0366123908361, -0.393342795552, 0.273018731871, -0.660795579775, 0.699149464562,  
806, 3992.4110888881623, 9.841218657168016, 13.91854680243855, 10.517075773987669, 6.5111506939868455, -0.795907672724, 0.556205787169, -0.239094330379, 0.587246234001, 0.805295840567, -0.0814890778993, -0.147216973039, 0.205265027429, 0.967570892164,  
807, 2262.5133060882354, 8.14393272805552, 14.559374126758435, 7.988557222189047, 4.6439921423051835, 0.508420685329, 0.838372576943, -0.196570162944, 0.595966290089, -0.177811530149, 0.783075501356, 0.621556584558, -0.515280973816, -0.590044854411,  
808, 3637.4900869834028, 9.54049854660716, 20.39616680744315, 8.871259241317869, 4.79931641282139, -0.659226118745, -0.744313372416, -0.106857512641, -0.75041303558, 0.642140602085, 0.156638830389, 0.0479708285938, -0.183447678637, 0.981858314018,  
809, 346.21237823319444, 4.355967799351213, 8.073305101528277, 3.7648014670394154, 2.7193213817641584, 0.721675359875, 0.0818941148628, 0.687370372434, 0.383215910637, -0.874202265781, -0.298187800452, 0.576480911032, 0.478606051419, -0.662273362564,  
810, 252.63277855663026, 3.9216337343957264, 6.298803725409505, 4.21738021126962, 2.2703889152124352, -0.761160457337, -0.473528724146, -0.443176382037, 0.0807248450187, -0.747177248986, 0.659704220083, -0.643520207596, 0.466365421109, 0.606947309418,  
811, 1024.786003305998, 6.254340554383326, 11.355010532526947, 7.904232834767076, 2.725820853061798, -0.544129269207, 0.822519340964, -0.165484960443, 0.83755211593, 0.520930233214, -0.164736593461, 0.0492929152494, 0.228240280985, 0.972356201524,  
812, 184.36160736394265, 3.530698438748099, 8.0360708260948, 4.853753427985074, 1.12839307068602, -0.122712621, 0.930949372914, -0.343911148, 0.975446738528, 0.049281756859, -0.214650806511, 0.18288048814, 0.361807370727, 0.914139023095,  
813, 493.5410352381071, 4.902431710767474, 8.949918750871165, 5.016171139887815, 2.624479715773619, 0.395428073364, -0.570420641944, -0.719900639005, -0.871364820441, 0.0148740515977, -0.490410147007, -0.290447910121, -0.821218030631, 0.491162862677,  
814, 2696.644431490448, 8.63465570875706, 14.744091489582237, 9.383127254863204, 4.653390010823872, -0.397980001991, 0.0499693559103, -0.916032194568, 0.914012343765, -0.0640592050502, -0.400596871796, 0.0786978618478, 0.996694276957, 0.0201783255586,  
815, 2210.5684634023983, 8.08112429923311, 12.187819595228095, 9.788208580372823, 4.423704698284732, -0.875486261011, -0.214851649064, 0.432853988864, -0.482648259343, 0.433191879658, -0.761180302656, 0.0239679897928, 0.875319121403, 0.482951313459,  
816, 5353.900247036386, 10.852435715576792, 15.626921414551484, 11.306259731321623, 7.23417948597366, -0.745028893808, -0.565307723178, 0.354060906493, 0.0432461480129, 0.488746957793, 0.871353075355, -0.665628814035, 0.664494988216, -0.339683223847,  
817, 202.10101632445964, 3.640491008409997, 9.482299335407339, 4.616467168416098, 1.1021900243061606, -0.645924742321, 0.643500147654, 0.410717405556, 0.166061671458, -0.406687832339, 0.898347665606, 0.745120626832, 0.648469403285, 0.155829023206,  
818, 1052.4435125028988, 6.310107073878153, 17.143684163746627, 5.233208530766168, 2.800515548672769, 0.192104749623, 0.0182480572168, 0.981204756195, -0.662185313405, 0.740326310313, 0.115877370394, -0.724297159931, -0.671999972222, 0.154303795969,  
819, 189.10741933280653, 3.560737728567799, 5.929734722957132, 3.1118127540856078, 2.4466465669707533, -0.871112599628, 0.0269545300773, 0.490343035107, 0.481169549156, -0.152769353383, 0.863213409089, -0.0981769002074, -0.98789421396, -0.120109609484,  
820, 2348.8949154432776, 8.24628473004295, 10.449240338335565, 8.29041385924495, 6.473125826268433, 0.214060502218, 0.730626894067, 0.648353640428, -0.464135667417, -0.507951194577, 0.725647067216, 0.859509269073, -0.456256425264, 0.230377713297,  
821, 821.9350893706348, 5.810983434132643, 9.395300319740993, 6.512999754336804, 3.2066915210380027, -0.887168092509, 0.443042265982, 0.129020642488, -0.0587198062551, -0.385718464972, 0.920746029116, 0.457695051304, 0.809280431206, 0.368212470836,  
822, 8872.030188016653, 12.842358832857563, 22.775259341596357, 10.41501604333123, 8.92917073740323, 0.471890719347, 0.0554391816064, 0.879912294571, -0.521298978833, -0.787331671575, 0.329175050091, 0.711032013106, -0.614032031801, -0.342634120106,  
823, 2779.463243232006, 8.722161194241842, 14.245876347465577, 7.8128512796449545, 5.96174777072804, 0.54187837052, 0.840451733168, 0.00295224965033, 0.55688522588, -0.361676311773, 0.74770922871, 0.62948127594, -0.403523394263, -0.664019723746,  
824, 2482.6841702330153, 8.399967813287843, 16.136198298001005, 7.8382590584943905, 4.6861051625373245, -0.616333856246, 0.78728433175, -0.0177752250383, 0.762078015334, 0.601984225987, 0.238436763539, -0.198417933134, -0.133410541724, 0.970995340446,  
825, 248.1439463352029, 3.8982679902087325, 12.051203027115694, 4.149367777429342, 1.1846845980463254, -0.978436659141, 0.0536442512998, -0.199459264891, 0.19954983061, -0.00371708934084, -0.979880629643, 0.0533063706478, 0.998553192148, 0.00706776478371,  
826, 204.35160823221136, 3.653954627101489, 8.399750351761451, 5.968056539320344, 0.9731732059901546, 0.312992894292, 0.242437666002, 0.918291580178, 0.865943632975, 0.324283865937, -0.380764492571, -0.390098798553, 0.914365327643, -0.108438807495,  
827, 651.3946572541583, 5.377559127882084, 11.688910540894442, 4.368283351829233, 3.045585152405506, -0.217889410081, 0.943843691583, 0.248361210404, 0.975496761496, 0.202660735095, 0.08564283252, -0.0305003817337, -0.260936222685, 0.964874092514,  
828, 525.2179698495531, 5.005148751629705, 11.688391719186093, 5.19103240393032, 2.0665335935763487, -0.584532203538, 0.315918060845, 0.747340539419, 0.801506114716, 0.3680195238, 0.471327463845, 0.126135051032, -0.874504093149, 0.468329520709,  
829, 5891.636343869898, 11.204240981443512, 24.515172602293507, 8.500719471617673, 6.749268155928474, -0.671840872489, 0.241822373161, 0.700108407243, 0.366641925229, -0.712708939484, 0.598013098722, 0.643586467164, 0.658458736306, 0.390164775275,  
830, 997.3811214495873, 6.198084766023508, 12.793457260255957, 5.338299878143103, 3.4864355808453094, 0.684187213956, 0.666783043389, 0.295445814504, -0.352068923371, -0.0528030334718, 0.934483447072, 0.638698152068, -0.743378915967, 0.198626427849,  
831, 935.9958851672748, 6.068226416512652, 11.82284199380104, 5.8542294627480285, 3.2284473155313593, 0.178840870678, 0.794470896361, -0.58037224073, -0.666901765026, 0.531579437994, 0.522173665467, 0.723365729615, 0.293665278738, 0.62490217257,  
832, 169.63248963928535, 3.434051539637196, 12.066360242226203, 3.295672703348736, 1.0183570277057554, -0.807519608028, -0.0282083227293, -0.589165828251, -0.538542152625, -0.372166320497, 0.755952762899, 0.240591837967, -0.927737312183, -0.285340230405,  
833, 304.5356566110635, 4.173654678277191, 8.02528341635111, 6.846851339758603, 1.323117041072475, -0.0181526385368, 0.297051485811, 0.954688900371, 0.890121087528, -0.430071390323, 0.150741662336, 0.455362417479, 0.852525081158, -0.256604861108,  
834, 1929.0163438472944, 7.722343208692077, 16.723042088677147, 5.750976091433312, 4.788400341098041, 0.943443179337, -0.146425687355, 0.297446609403, -0.194806320487, 0.481124384217, 0.854733773996, -0.26826379715, -0.864337228745, 0.425388869324,  
835, 4130.678829887978, 9.95354092689244, 14.661273467390743, 11.931922314497804, 5.637034696968294, -0.417700789789, -0.33318000445, 0.84529115389, -0.901431761319, 0.0354575470762, -0.431466733412, -0.113784137276, 0.942196288992, 0.315149683665,  
836, 413.706795955712, 4.622405223465221, 8.624175968420834, 5.844814091654868, 1.9593667529275802, -0.279062317748, -0.41645716074, 0.865267389933, -0.0732518493256, 0.907670600688, 0.413241148987, 0.957475007185, -0.0519375963517, 0.283802918769,  
838, 99.9485167820351, 2.8789176886910566, 13.704610181319008, 3.777418009517825, 0.46092048580482814, -0.491837622537, 0.13891413175, 0.859533953406, 0.00765578195783, -0.986462447897, 0.163808509824, 0.870653284643, 0.0871475925558, 0.484115848792,  
839, 130.69460780990096, 3.14815678855016, 6.028652585990296, 5.198063070153646, 0.995651284691715, 0.783213912244, -0.0366468303538, 0.62067139252, -0.568830954144, -0.445250352657, 0.691508112076, -0.251012575932, 0.894655874224, 0.369572122109,  
840, 58.652231046425555, 2.410267857122331, 6.308686059288012, 2.462554928602211, 0.9013035567863049, 0.732472669484, -0.663778444606, -0.151267858237, -0.610215841226, -0.738642090412, 0.286434092572, 0.30186158347, 0.117499101053, 0.946083265721,  
841, 243.7441953690119, 3.8750908685322325, 11.18413165697902, 5.051937936729036, 1.029877085417458, -0.735305956256, 0.222347783452, -0.640223877943, 0.670830315274, 0.104275274736, -0.734243389612, 0.0964978694291, 0.969375123609, 0.225831864277,  
842, 1731.2349540087253, 7.448848377617422, 15.712063451869549, 7.228726542389272, 3.6389189482278876, -0.917779367437, -0.201017221987, -0.34245161581, -0.395816585531, 0.39408218828, 0.829474809442, 0.0317846397633, -0.896822895194, 0.441246451918,  
843, 413.20444626464405, 4.620533524023159, 13.626862859107504, 3.29576853545551, 2.1964624764569467, -0.999366147678, 0.0345193750274, 0.00870147249381, 0.0287799665052, 0.927289182667, -0.37323784004, 0.0209527182915, 0.372750834281, 0.927694884722,  
844, 723.4031707786953, 5.56882964790845, 9.89075893385169, 5.755334173196841, 3.033832758941891, -0.988555246359, -0.103514035769, -0.109742285813, -0.128288268488, 0.959579945163, 0.250496405184, -0.0793766027565, -0.261708183365, 0.961877425504,  
845, 4336.838702789381, 10.116451883232441, 17.844900817360106, 12.327069225481, 4.706636813542096, 0.550794612799, 0.572316962312, -0.607518385863, 0.371438514863, 0.483749491279, 0.792477040275, 0.747434762496, -0.662147811548, 0.0538660512286,  
846, 839.6076597045499, 5.852336115702967, 12.577341431616535, 4.721404577985266, 3.3754191906017628, 0.820929415532, 0.276618143862, -0.499557101041, 0.473996016678, 0.157758224919, 0.866279469135, -0.318437860323, 0.947942374281, 0.00160753095259,  
847, 152.81941405289288, 3.316627063883479, 8.266048495900048, 2.7353493655990597, 1.6135378913567693, -0.00725187388139, -0.820337600236, 0.571833570163, 0.221166101468, -0.559002464787, -0.799125647144, 0.975209190834, 0.120675042993, 0.185484684305,  
848, 1242.758376665653, 6.669593469875834, 13.506224053087863, 5.894202643023346, 3.7268256604220182, -0.0294188117248, -0.970773817151, 0.238186333467, -0.545586404575, -0.184068016545, -0.817590631324, 0.837538064007, -0.154003770146, -0.524225934231,  
849, 2732.816235676994, 8.673091735411868, 15.78942750913964, 8.350307500332432, 4.948265200857501, -0.309080662914, 0.243546456716, 0.919322722026, -0.0306824993984, -0.968704528302, 0.246313055028, 0.950540755593, 0.0479234834671, 0.306880451788,  
850, 84.90153912218362, 2.726521864206975, 7.6592843466303115, 2.2921140846601578, 1.1545228464661785, -0.247855273552, 0.0714744719903, -0.966156904041, 0.111834343723, 0.992718759757, 0.0447497887263, 0.962320551031, -0.096958052171, -0.254043880428,  
851, 1573.9687759668373, 7.2160993044377575, 12.320616131181799, 6.145444799706735, 4.962742648275099, -0.264849952791, 0.295841503039, -0.91778663511, -0.0605947046753, 0.944787890461, 0.322031246625, 0.962383906906, 0.140902970575, -0.232300599679,  
852, 3015.927411452926, 8.962807971546933, 16.579635931544438, 8.5959625532653, 5.051993354499533, 0.499912782463, 0.30235898453, -0.811582561668, 0.798849407132, 0.201003512412, 0.566954330367, -0.334554681112, 0.931759965051, 0.141055070358,  
853, 393.0907341276123, 4.544311211505151, 10.768968092297088, 5.052077841101335, 1.7248847157411533, -0.810610600438, 0.373472257289, 0.451030960681, 0.583025830949, 0.586665849524, 0.562053432913, 0.0546930974022, -0.718569171366, 0.693301529681,  
854, 4328.825168876991, 10.11021704110802, 14.235959100164214, 10.452527098995828, 6.945018436231912, 0.487861761303, -0.514110645696, 0.705465198178, -0.53592791055, 0.461518636239, 0.706952489986, -0.68903713728, -0.722973576548, -0.0503689493898,  
