# Void_ID, Void_Volume, r = (a*b*c)**(1/3.0), a, b, c, vector_a, vector_b, vector_c 

1, 814203.101839067, 57.92704585955176, 152.5237705185807, 65.94711546820294, 19.324613035203253, -0.171762538994, -0.973250707159, -0.15258011408, -0.981407048209, 0.182514672074, -0.0594020218843, -0.0856611692919, -0.139540157274, 0.986504287159,  
3, 1520951.655683267, 71.34150500647026, 109.85537785921277, 81.22972713216467, 40.69026179963799, -0.182316045509, 0.979572102435, -0.0848490169704, 0.406881352356, 0.15372385028, 0.900453520711, 0.895102466009, 0.12964364229, -0.426595946252,  
14, 1313307.0407796444, 67.93483961391152, 107.51103274326509, 84.30629257286884, 34.59112114089159, -0.864078067553, 0.485513319888, 0.132837906435, -0.253533217261, -0.647776269881, 0.718405743243, -0.434844800957, -0.587079824547, -0.6828230215,  
18, 2363317.0143202455, 82.63127565985121, 122.19771544747692, 92.51621056937388, 49.90596409210018, -0.0240499339172, 0.789864934535, 0.612809094148, 0.185452931018, -0.598821863369, 0.779114616939, 0.982358799551, 0.132384897716, -0.132081140976,  
23, 268590.7415962258, 40.02525827434809, 123.34692537099063, 85.5269292259969, 6.078147307581543, 0.506861049511, -0.835976236443, -0.210322629765, -0.703845447956, -0.542209044299, 0.458923673036, 0.497688117078, 0.0845759089984, 0.863222713867,  
42, 833940.3749030054, 58.39138776530682, 87.43723296301232, 66.06656322658566, 34.46420542898895, -0.136563552896, 0.0390618636892, 0.989860882561, -0.639295212381, -0.766775432187, -0.0579402107413, 0.756737753417, -0.64072584418, 0.129685639736,  
48, 1996449.9046735137, 78.11299131694126, 119.7184593277903, 97.86723718963282, 40.67910230510112, 0.809754209058, -0.419275226661, 0.41049531693, -0.175067578889, 0.495089351139, 0.851021666711, 0.560044162308, 0.760982797899, -0.327499187125,  
60, 1319403.9081894062, 68.03980374975117, 100.97263656694784, 89.79965962275764, 34.738476642195714, -0.251797228795, 0.958991576157, -0.130128061659, 0.901134009746, 0.281362375443, 0.329837399583, 0.352924428242, -0.0342106788154, -0.935026190759,  
72, 917306.7152269725, 60.2756618555279, 140.9187494389216, 64.95823654132586, 23.923403027446817, 0.940177816736, -0.310107971614, 0.141062818838, -0.202253914716, -0.841256912683, -0.501378261241, -0.274151467075, -0.442854211681, 0.853651638724,  
78, 2388978.114370855, 82.92927219777643, 118.14837318954706, 113.92743974954908, 42.37087941935889, 0.300637543741, 0.457048537707, 0.83709240916, 0.950556538313, -0.215225561819, -0.22387546764, 0.0778417289426, 0.863009033394, -0.499155360099,  
103, 755934.5505583524, 56.510852909079226, 95.30767553448612, 63.79409162676479, 29.68159608399872, 0.617153708548, -0.688717568079, -0.380512038502, 0.520967869555, -0.00475342050321, 0.853563052085, -0.589672603159, -0.725014149113, 0.355866133075,  
138, 224828.91244453148, 37.721404105501776, 91.41868146656145, 71.47919731596957, 8.213890904415138, 0.755201261317, -0.0156204308285, -0.655306841904, -0.655492951283, -0.0176703613821, -0.754994535839, -0.000213831210381, -0.999721841549, 0.0235837615078,  
182, 2952439.540512307, 88.99469818935908, 123.66122648374174, 86.71219878573314, 65.73227374598537, 0.563146481243, 0.825913659611, 0.0270678320371, -0.569152031827, 0.363910206288, 0.737316300123, 0.599109343385, -0.430622791578, 0.675005189641,  
184, 3618252.432057919, 95.23649810566538, 118.69588222884661, 103.91834535650385, 70.02971801086339, 0.339315358409, -0.830306924026, 0.442103494063, 0.00606234568349, 0.471906991791, 0.881627494503, 0.940653143041, 0.296469565072, -0.165158897652,  
199, 232023.17540165264, 38.11953423963353, 119.77821818445982, 103.10394027678177, 4.485280888770275, -0.0992291096474, 0.356891033112, 0.928860793813, -0.979492116594, -0.199531179568, -0.0279732355969, 0.175353292893, -0.912587584216, 0.369371254712,  
221, 481848.85727700614, 48.634084089640155, 120.63424344237856, 45.204395735737144, 21.094583307595165, 0.313889038713, -0.552589591729, 0.772087051108, -0.690572624955, 0.425205074044, 0.585072725967, 0.651600430508, 0.716830097108, 0.248136032936,  
233, 590494.9743371311, 52.04462282292096, 100.23765914283827, 81.73618489187749, 17.20609504767003, -0.480974197643, 0.669833186665, -0.565674220064, 0.154950183215, 0.699993828809, 0.697136342727, -0.86293352115, -0.247653269052, 0.440469745163,  
257, 340709.5565152794, 43.32766006044165, 121.52576660843025, 90.47177930439253, 7.397997920118952, 0.551204990628, 0.544201442237, 0.632469642413, -0.490067427917, -0.402331123334, 0.773281050648, -0.675282884724, 0.736189145168, -0.0449284779993,  
286, 2511902.14972608, 84.32791633309334, 117.31103940677372, 84.72051410538744, 60.33740708064219, -0.580063623761, -0.788473545162, -0.20453767616, -0.797649348609, 0.498899529265, 0.338902310942, 0.165171756219, -0.359734246741, 0.918318878533,  
308, 1447654.0722760893, 70.17655785503399, 107.96923620713643, 62.55824446610896, 51.16719447972066, -0.232812843085, 0.540911405237, 0.808215956152, 0.943931798779, 0.325707175141, 0.0539221226939, 0.234074644823, -0.775454503982, 0.586412289183,  
316, 2653196.6100220326, 85.88031093212888, 119.81368561395341, 95.36587407714569, 55.434661886050314, -0.110059410606, -0.747562024412, 0.655009882211, 0.728115888376, -0.509228807528, -0.458839050951, 0.676560551046, 0.42642354677, 0.600357209941,  
333, 1357598.8955494552, 68.6901221856892, 96.45758687401069, 73.80997455018634, 45.52305698911569, -0.236991970665, -0.812956582088, 0.531917664193, 0.674141334857, 0.256633232108, 0.692584178865, -0.699548616236, 0.522724573574, 0.487227620014,  
348, 2373238.430180933, 82.7467453841596, 106.35995521509523, 90.24876877602215, 59.02463790102178, 0.879271960133, 0.274705512702, 0.389124275027, 0.226565522385, -0.959809096959, 0.165633817387, -0.418985541744, 0.0574750266342, 0.906172024023,  
350, 694017.2103865078, 54.9237957806736, 104.22518848339658, 79.8062334853704, 19.91921078726095, 0.607303039635, 0.771684581673, -0.188907184773, 0.722299082794, -0.635321787123, -0.273222000947, 0.330858055735, -0.029481065375, 0.943219918015,  
378, 1991696.573036397, 78.0509491865468, 125.43753536053256, 85.65211470824393, 44.25567453968429, 0.317226473527, -0.343700788763, -0.883876197381, 0.31958348626, -0.838756711311, 0.440855503018, -0.892879476639, -0.422323273139, -0.156234737373,  
379, 4060720.22579838, 98.970284748153, 112.61312181673182, 95.67492564851256, 89.97613380096253, -0.933293255975, 0.356284402767, -0.0450013632688, 0.356855921725, 0.934145483238, -0.00510561215472, -0.0402187702598, 0.0208240363598, 0.998973878552,  
380, 3157066.7082931274, 91.00495720061123, 101.03074709946911, 93.04735763163566, 80.17473631180233, 0.336375732874, 0.931688063908, -0.137144879252, -0.322543445316, 0.25080396449, 0.912722902791, -0.884769513612, 0.262782653476, -0.384874245456,  
381, 3356027.568237403, 92.87788207151587, 109.25069943899642, 88.8645233998002, 82.52475968425993, -0.235673993541, -0.486994824348, -0.841007615796, 0.0713132489489, -0.871716651536, 0.484793254861, -0.969212148754, 0.0542781769415, 0.240170127649,  
382, 2860071.6157701463, 88.05677306160965, 97.47552466006836, 89.06996443676584, 78.64324737117293, 0.180732447991, 0.98174027652, 0.0593448540503, -0.603375684546, 0.06302340384, 0.794962787725, 0.776706872341, -0.179482812624, 0.603748585448,  
383, 3573117.3374308343, 94.83883773042038, 100.02349721553057, 94.49132851053047, 90.25363010357786, -0.0144560252313, 0.993737823239, 0.110797842935, -0.900158923484, -0.0611767160644, 0.431243923881, 0.435321646381, -0.0935015939759, 0.895406341343,  
384, 3406983.025202546, 93.3455860818606, 105.33738662766645, 89.78120903052363, 86.00295458689948, 0.862114806605, 0.457822768621, -0.217155181299, 0.41765901489, -0.884696179293, -0.207059454323, 0.286912891856, -0.0878122023196, 0.953923482052,  
385, 1676573.0103147165, 73.69611948520114, 125.6189894360971, 88.78235637027375, 35.88821834299387, 0.665077567405, 0.141792276146, -0.733189456935, -0.683076877571, 0.512283515411, -0.520549305222, -0.301791001627, -0.847030430542, -0.437563299505,  
386, 2761339.6058130236, 87.03162067793534, 105.30800637599533, 92.57980810458037, 67.61663367132948, -0.592599763691, -0.796940544449, 0.11709521206, 0.674605914931, -0.411596721652, 0.612776466801, -0.440150405673, 0.442124312087, 0.78153292512,  
387, 3444497.076110797, 93.68694347504409, 104.51027535093996, 95.15466978044118, 82.68907099998897, -0.627510402809, -0.69907959652, 0.342809585771, -0.0768727340206, 0.493760476028, 0.86619349748, 0.774804024983, -0.517192720408, 0.363579995086,  
388, 3095040.911703167, 90.40503006108176, 112.84216915136324, 93.65679295730823, 69.91447108270808, -0.715758477842, -0.480592086032, -0.50667647295, 0.0202601542765, -0.739520824878, 0.672828712021, -0.698053957474, 0.471317511255, 0.539055169754,  
389, 432245.8830173564, 46.904454059070275, 112.55160890192974, 74.89839096439191, 12.241032775031552, -0.865073657623, 0.471445595583, 0.171425252785, 0.496040490361, 0.752974972587, 0.432403194461, -0.0747756565288, -0.459094479452, 0.885234918046,  
390, 3097056.788062316, 90.42465347537504, 93.37272594385712, 90.9859488047537, 87.02944084816744, -0.905606956669, 0.165020983088, 0.390696960793, 0.358363249454, -0.194948013552, 0.913001124563, -0.226829939543, -0.966831602273, -0.117408821534,  
391, 3325468.156768342, 92.59511201982659, 97.34992684756078, 94.1137851323626, 86.65134620351775, -0.250226921401, -0.707558017291, 0.660869230614, 0.870417372569, -0.463313273958, -0.166476447893, 0.423981232291, 0.533575170281, 0.731804244538,  
392, 3555418.5116460416, 94.68198914818228, 101.95252268169423, 96.00173216151838, 86.72115923052489, -0.690439285875, 0.701194996213, 0.177817799464, 0.46532120525, 0.242291447553, 0.851334852093, -0.553868006356, -0.670537420081, 0.493568434775,  
393, 3307964.397243548, 92.4323665560607, 103.20324763084253, 94.44480143258727, 81.02159631311257, 0.958976037755, -0.180991616021, -0.218190270042, -0.0425148380619, -0.852781462564, 0.520534596019, 0.280281015332, 0.489903880407, 0.825491817286,  
394, 3589946.854345644, 94.98750273128806, 98.69243259587671, 96.02697715741424, 90.43203385788297, -0.501844507802, 0.355804205973, 0.788387884864, 0.848901023964, 0.0277932313574, 0.527820601913, -0.165888943277, -0.934147152917, 0.315990435292,  
395, 3035775.5533254184, 89.82426730189155, 103.25063571435824, 91.04902174386555, 77.09266017213517, -0.508645480248, -0.65692605273, -0.55653206257, 0.6282058725, -0.725196528305, 0.281864111038, -0.588758997536, -0.206247803818, 0.781552740537,  
396, 2435310.7552578654, 83.46196252359597, 101.75778516483884, 91.91805266169025, 62.15804074636087, 0.942676733924, 0.249593472708, 0.221503213746, -0.319502276154, 0.483453704506, 0.814979024964, -0.0963268957792, 0.839032546437, -0.53548624181,  
397, 3194175.6806182056, 91.36013440724399, 99.07935502527056, 90.4969558544786, 85.04583471775824, 0.774241727431, -0.423948164023, 0.469912440488, -0.280491902914, 0.43573029299, 0.855256338281, -0.567339439757, -0.793981779383, 0.218446547475,  
398, 2356797.889061545, 82.55522722077619, 119.50986080686998, 80.09683117629947, 58.77797988909026, -0.529645719112, 0.694936349931, 0.486352631092, 0.812237009519, 0.580756088557, 0.0547120276795, 0.244430874879, -0.424011597894, 0.872047998826,  
399, 3291417.7962267497, 92.27799178750666, 105.41151203068328, 92.99326417786125, 80.1594758031791, -0.925913778503, 0.377281955145, -0.0184932717587, 0.375929349787, 0.915601678466, -0.142655845861, 0.0368890057767, 0.139039176894, 0.989599569796,  
400, 3486150.344584565, 94.06307406861845, 112.37360922275671, 89.84938895499783, 82.4286231528224, -0.883365465676, -0.309421105138, 0.352028455876, -0.45334866481, 0.754673186829, -0.47428195116, 0.118913591176, 0.578555927095, 0.806927875995,  
401, 3513417.2558788587, 94.30767544521414, 99.86455031392788, 91.86199723416114, 91.43108772519508, 0.300070412054, -0.258278423546, -0.91828644972, -0.707760055112, 0.585130599768, -0.395850837568, -0.63955723137, -0.768709592204, 0.00721877110513,  
402, 3416771.8011621526, 93.43489924769771, 103.4237976654687, 89.90084185940901, 87.72898919027213, -0.670681479066, -0.37756001975, -0.638462829869, -0.69573795598, 0.0217830081482, 0.717965317522, 0.257167358438, -0.925728865296, 0.277292296524,  
403, 3335085.5018164306, 92.6842886418003, 99.50172141723903, 96.06531706681614, 83.29542498491456, 0.284910617686, 0.545376935647, 0.788282904796, -0.912095119989, -0.0986726229583, 0.397927387309, 0.29480236095, -0.832362728348, 0.469322763602,  
404, 1223783.4946325542, 66.35474645735982, 98.92145216735557, 70.58787528288701, 41.840357757275235, 0.36882982133, -0.668801133279, -0.645499501954, 0.514661856121, -0.431346293061, 0.740988224817, -0.774007581844, -0.605512526367, 0.185113056428,  
405, 3764172.881382586, 96.49992683777468, 106.74107996045053, 93.1175379986401, 90.41029262761377, -0.463720827555, -0.788450305476, -0.404115218578, -0.863782850564, 0.300870587681, 0.404173324875, 0.197084198159, -0.536491384146, 0.820569810298,  
406, 3725389.4282060736, 96.16735902668346, 108.67493906811582, 94.86569663880579, 86.26695381410755, 0.25022307997, -0.743113876107, -0.620620799996, 0.428156583082, -0.48999605587, 0.759332473687, -0.868372241964, -0.455725391403, 0.195560775762,  
407, 3562952.375244242, 94.74881840643782, 101.79899685285261, 93.30474660448436, 89.55176952895076, -0.124755952033, -0.963408069441, 0.237235840818, -0.228233059615, 0.26055715074, 0.938093620966, -0.965580459066, 0.0628877009792, -0.252387626746,  
408, 3226984.506953089, 91.67186995666218, 99.60682158325645, 93.1231625605988, 83.05417568828796, -0.970787000122, -0.157307799288, 0.181181833186, 0.0863509578207, 0.475463052834, 0.875487519884, -0.223866282582, 0.865557127908, -0.447989671588,  
409, 3367710.28757029, 92.98553013216114, 101.65299873560883, 94.64197461420923, 83.56840759165866, -0.77176532374, 0.0366713964925, 0.63484918977, 0.351619488412, -0.807224372672, 0.474080739467, -0.52985094172, -0.589104422699, -0.610093401632,  
410, 2646197.815419425, 85.80473066345533, 132.2421776566395, 87.31258296941076, 54.7125389612285, 0.653821103292, -0.432050335819, 0.621168634276, 0.480357162717, 0.87130484121, 0.100423452991, -0.584615224842, 0.232723829899, 0.777215966048,  
411, 2116090.4261797247, 79.64316999119751, 91.39402711051785, 77.67364633136835, 71.16297662998197, -0.124187817921, -0.959914504826, 0.251279782919, -0.97678099114, 0.162819926428, 0.139242834304, 0.174574572109, 0.228153051659, 0.957846492812,  
412, 2877255.1403289987, 88.2327716233535, 99.34852666313516, 89.66483275107846, 77.10919898280618, -0.16927626306, 0.835129684014, 0.523358345346, 0.817215345965, -0.177894341308, 0.548190369898, 0.550912538506, 0.520492088518, -0.652367504331,  
413, 3832797.018976208, 97.08282461306678, 115.16788268318706, 97.37808823607516, 81.58955870046321, -0.328786455494, 0.942428793689, -0.0610527272968, 0.913666601893, 0.3010610484, -0.273085308506, 0.238982859782, 0.145568588517, 0.960050508446,  
414, 2930115.2887108736, 88.76982554818905, 102.45285250860002, 89.44191618387622, 76.3362725337524, -0.269643321492, 0.640831948001, -0.718767621416, 0.960530765054, 0.126002065244, -0.248000259959, 0.0683602849653, 0.757270027121, 0.649514416671,  
415, 3035813.082502806, 89.8246374453042, 106.4794874194949, 92.34263604994348, 73.70860622898515, -0.72430110957, 0.420568800129, -0.54636049183, 0.688869501706, 0.474855440542, -0.547696193348, -0.0290983211712, 0.773068040308, 0.633655342248,  
416, 3083060.7716163727, 90.28823404295805, 110.54300934146993, 87.96036863950812, 75.69638715735718, 0.650055029036, -0.613331374297, -0.44861239899, -0.491613635948, -0.789617291633, 0.367179201079, -0.579434631494, -0.0181427136201, -0.814816758399,  
417, 3912501.1678612186, 97.75116836150403, 117.8067623342586, 107.10818421613345, 74.0240757395596, 0.228127314918, -0.941914450435, -0.246485488922, 0.515391023008, 0.33160801726, -0.790195049524, 0.826032700073, 0.0532286666176, 0.561103098779,  
418, 3297910.5748388297, 92.33862898369763, 111.18434706548231, 95.93877724652548, 73.80952950434035, 0.350108891691, -0.526116217446, 0.775000315935, 0.664468087477, 0.722653623058, 0.190404574015, -0.660231720447, 0.448300643342, 0.602594895842,  
419, 3082489.32359571, 90.28265536379128, 104.19912211944445, 91.6852118979029, 77.0281768230585, -0.146469633564, 0.466595404838, 0.872258777329, 0.69679580705, -0.577224172835, 0.425779118291, 0.702155431313, 0.670149970141, -0.2405759086,  
420, 2400988.0553765176, 83.06800812942365, 104.7394184518751, 77.79967925320607, 70.34179158192562, 0.285514846377, 0.957657875082, 0.0370495181042, 0.333732522349, -0.135588934728, 0.93286560892, 0.898389601467, -0.253982351893, -0.358314232068,  
421, 3972798.120564676, 98.25076995914853, 126.75747463969115, 99.56426804498669, 75.15031474816097, 0.286165289246, -0.957616745651, -0.0328572013336, -0.69535711275, -0.231142267989, 0.680479050153, -0.659232821527, -0.171881995561, -0.732030509353,  
422, 3600480.3628559452, 95.08031512335128, 104.57664488599923, 93.81497164850623, 87.61227977219033, 0.593967963857, -0.487274191049, -0.640129612382, -0.715668098609, 0.0433940313627, -0.697091192511, -0.367452351394, -0.872170178795, 0.322951929357,  
423, 3456717.0418095514, 93.79760307866246, 108.2054212106068, 88.69892038912359, 85.98206430740517, 0.0102586437756, 0.088410678213, 0.996031280737, -0.2602599536, -0.961517489844, 0.0880276847119, 0.965484084167, -0.260130099568, 0.0131458935972,  
424, 1738688.4225702942, 74.59522890798864, 115.07042240559967, 97.6711432530178, 36.93202955565739, 0.578003631504, -0.790738029565, -0.201606474521, -0.587348339667, -0.574639684356, 0.569922065772, -0.566510132177, -0.211003795614, -0.79658249314,  
425, 3440413.152360558, 93.64990259146354, 96.6658431024966, 93.80903866766656, 90.5741488170017, -0.157303569691, -0.922557454647, 0.352339793151, 0.245577316304, 0.309031395992, 0.918798877888, 0.956528812258, -0.231057004149, -0.177947442112,  
426, 3759163.7258515623, 96.45710222653256, 100.5748421834897, 97.11544923131633, 91.88083826522666, -0.555430238347, -0.24724095789, 0.793957907619, -0.794831900585, -0.122785970038, -0.594277591176, -0.244416652751, 0.961142816809, 0.128315959859,  
427, 2833615.1962199183, 87.78441538014194, 101.49489183722977, 87.71557381992325, 75.98561270451907, -0.022121744697, -0.975943027533, 0.216900519641, 0.699243068735, -0.170164079016, -0.694336602116, 0.714541642759, 0.136306247918, 0.686185723796,  
428, 3171130.157523122, 91.13988707994767, 110.51951016556168, 100.4203653291907, 68.2126167459897, -0.7591693933, 0.523590462381, -0.386671514313, 0.633479808326, 0.730844703875, -0.254105000465, -0.149549873688, 0.437857335809, 0.886518916187,  
429, 3281378.459950989, 92.18407549315803, 99.46975186922205, 92.01512210832783, 85.58890540878159, -0.109840781425, 0.488941152589, 0.865373648802, -0.919508786001, -0.380575483139, 0.0983152790812, 0.37741038036, -0.784919646166, 0.491388394103,  
430, 3161801.174883455, 91.05042606671067, 100.76284323324724, 93.34406102145901, 80.25255026876698, 0.155350326153, 0.286042847349, 0.945539933395, 0.821450081494, -0.56906647217, 0.037190238836, 0.548713076003, 0.770936339611, -0.323374582319,  
431, 3583689.0274268435, 94.93227804448068, 97.6739610176786, 96.11696796398547, 91.13030945629511, 0.906847334866, -0.353023137232, -0.230222882931, 0.104555219492, -0.340736392365, 0.934326986122, 0.408284358411, 0.871362941315, 0.272085477709,  
432, 3151654.121708808, 90.95292008105234, 114.45624595257677, 90.72990371232808, 72.45360400184205, 0.0269210223977, 0.85167931968, 0.523371373865, -0.753346318451, -0.326857165373, 0.570643249255, 0.657072738005, -0.409642197378, 0.632810150912,  
433, 3145930.9147881856, 90.89783178237683, 108.98642611300531, 88.42725532156845, 77.92952251361417, 0.223103876654, -0.74016115348, 0.634339126258, 0.513888438876, 0.642276381614, 0.568682443909, -0.828337692377, 0.199104285489, 0.5236546103,  
434, 3452439.8564729635, 93.75890014050596, 122.98703160630426, 100.53323409503145, 66.66049572456593, 0.588451018496, 0.381221739698, 0.713018501872, 0.26040408121, -0.924236998526, 0.279241266728, -0.765450921562, -0.0213531200529, 0.643139899978,  
435, 3846507.479458376, 97.1984465510965, 112.07090833253287, 96.95500262581815, 84.51131464872043, 0.885974938117, 0.0149615725322, 0.463491704755, -0.264505939216, -0.804646442015, 0.531583212181, 0.38090027192, -0.593565712201, -0.708939156875,  
436, 2888257.874017541, 88.34509706349445, 99.88192913470664, 94.15531020305585, 73.31884525660298, -0.562794803136, -0.195197486511, -0.803218495071, -0.455738931684, 0.88395729185, 0.104506135381, -0.689611510715, -0.42487344874, 0.586445664017,  
437, 3316001.0105522, 92.50716002781483, 96.73468686288241, 92.92477809996575, 88.06681338317205, -0.652887944216, 0.0631287809793, -0.754819242805, -0.254809188283, 0.920137222471, 0.297354618914, -0.713308916153, -0.386474124405, 0.584660706138,  
438, 3027204.696606379, 89.73965448259865, 109.27305852176534, 83.33738006505, 79.35974013963131, 0.312137324463, -0.950021317887, 0.00545767688706, -0.776561421203, -0.258446569067, -0.574593534628, -0.547286624883, -0.175113867232, 0.818420725377,  
439, 2101447.8937725695, 79.4590446020299, 111.28902980025711, 75.01801139572623, 60.09137102075733, -0.977724173774, 0.0980107987618, 0.185605289107, 0.194339162547, 0.756788520918, 0.624102094619, 0.0792952074155, -0.646270081261, 0.758977767887,  
440, 3421936.795237334, 93.4819561152364, 104.21165819642401, 92.37634886880642, 84.86063457366042, -0.924449161746, 0.354251889575, -0.141065042019, 0.374422574491, 0.9133311872, -0.160105834369, -0.0721213079428, 0.200827640576, 0.976968154917,  
441, 2064028.9246826554, 78.98459396595216, 103.54958778227048, 91.42352566674903, 52.05001151801683, -0.84473950908, 0.211215230323, -0.491734977686, 0.533403477267, 0.257527522992, -0.805704850017, 0.0435418446972, 0.942903866458, 0.330206611653,  
442, 2570422.768596078, 84.97776738889625, 112.15649493813446, 87.33159692199517, 62.64986220331749, 0.409650953231, -0.656719193637, 0.633171380612, 0.34590227921, 0.754072781868, 0.558324146785, -0.844119487842, -0.00970259525765, 0.536067299778,  
443, 3265876.0316308397, 92.03867588349952, 104.41883395594095, 88.62932293531648, 84.24707189683005, -0.991621204286, -0.0320554436094, 0.125139265399, 0.0921506561191, 0.503353350444, 0.859152874158, -0.0905297950201, 0.863485873151, -0.496181925388,  
444, 2613569.9655703376, 85.45061127226899, 106.3763894509957, 101.20699577871838, 57.95484413763711, 0.574864001023, 0.675526675444, -0.461730539483, -0.561282341617, 0.73615297778, 0.378207517501, -0.595393578498, -0.0417433116692, -0.80234904039,  
445, 3519644.903601111, 94.36336370795392, 102.14620385422275, 95.95524718516994, 85.7273266465118, -0.64854460818, -0.651535587363, 0.39356228173, -0.0969809968392, 0.583559191822, 0.806258864071, 0.754973229627, -0.48472677669, 0.441650738148,  
446, 2155708.7829598505, 80.1371378543243, 109.07529187600214, 87.42436638185957, 53.968780498500536, -0.293896704899, 0.349997944018, 0.889452734007, 0.716027114969, 0.697053893567, -0.0376966854206, -0.633190253777, 0.625793343402, -0.455469860557,  
447, 3639333.8312718743, 95.42110213637324, 113.06104995325518, 98.77359941602673, 77.79996307915933, -0.189533253256, 0.580288289279, 0.792049649476, 0.261475800596, -0.747712079618, 0.610374517568, -0.94641827519, -0.322788084227, 0.0100150420669,  
448, 1922932.795922627, 77.14216663076789, 115.3066530524356, 65.79062715151926, 60.51417328348993, 0.863053919644, 0.173310375113, -0.474448570095, 0.282584105279, 0.612881397585, 0.737917756893, 0.418669505972, -0.770934437143, 0.479974935176,  
449, 3511357.4126302586, 94.28924163466112, 110.52220006506856, 97.04371866155857, 78.1572871705588, -0.113814796907, -0.925911646403, 0.360185806301, 0.63937062149, -0.34575278311, -0.686775233499, 0.760428432123, 0.152127039105, 0.631352487595,  
450, 3594019.1612315862, 95.02340596374937, 100.83299378801412, 94.11495808760269, 90.41291340623468, -0.900115847216, 0.264130836364, -0.346448210953, 0.387912433227, 0.123985553781, -0.913318962138, 0.198281128046, 0.956484439881, 0.214060997209,  
451, 3389397.9485290246, 93.18470849855971, 113.87069117221309, 95.85617684994588, 74.1313472046334, 0.295823960579, -0.853437743514, -0.429106283213, -0.5908897911, -0.516444561375, 0.619785664403, -0.750558085108, 0.070207072094, -0.657064325548,  
452, 3271546.9159331014, 92.09191722600869, 104.35497560159277, 91.29189356699365, 81.98212426732586, 0.922426160446, -0.345407046341, -0.172696122893, 0.277755058221, 0.282724901051, 0.918106071191, -0.268294812021, -0.8948522798, 0.356731399206,  
453, 3017787.7788236346, 89.64650488064296, 94.93412327480065, 89.79412378897467, 84.51422730709923, 0.653293414099, -0.679530979908, 0.333834333825, -0.249873432162, 0.222708872259, 0.942318431379, -0.714682435068, -0.699026755971, -0.0243024987015,  
454, 3489450.700171825, 94.09274803056779, 108.35130935635188, 91.72767999221495, 83.81734199053655, 0.258771369532, -0.134247724527, 0.956564125801, -0.923041307643, 0.257471932168, 0.285837276312, 0.284661417643, 0.956914704979, 0.0572898306918,  
455, 3553133.717340785, 94.6617031888995, 107.81717452598448, 96.31015334881053, 81.6888762532177, -0.0267032461597, -0.815151831024, 0.578631514025, -0.590014960155, -0.454408100061, -0.667379671096, 0.806950607805, -0.359222453331, -0.468817603749,  
456, 3542853.4904554733, 94.57032058578517, 99.89598833904896, 94.7075712316081, 89.39883029388095, -0.970287051158, -0.110181194081, 0.215413887261, 0.196190135883, 0.16278423739, 0.96695952482, -0.141606740434, 0.98049038574, -0.136330974234,  
457, 3355149.6803965205, 92.86978286570313, 101.00043532116875, 93.41708426923093, 84.89336272336139, 0.00764900914648, -0.604705455065, 0.796412459266, 0.581357992287, -0.645319424507, -0.495566065382, 0.813611932965, 0.466791337718, 0.346614295101,  
458, 3731708.1545952987, 96.2216989385451, 104.41812122176363, 98.80116340339316, 86.35373548359853, -0.0100656873881, -0.999792952974, -0.0176842619442, -0.948894231276, 0.0151290401751, -0.315231422918, 0.315433701099, 0.0136074731852, -0.948850049736,  
459, 2593612.306225153, 85.23255020190315, 89.76382661087253, 87.7207145960171, 78.63446380998292, -0.75192877001, -0.124181552267, 0.647442713225, 0.0308080877334, 0.974406021966, 0.222674125319, 0.658524097176, -0.187381553076, 0.72885812543,  
460, 3525723.2808923936, 94.4176538682068, 116.82625236436775, 89.28523788624692, 80.69367757597307, -0.528980446902, 0.261701388534, -0.807274470075, 0.824360442571, -0.0674278298117, -0.562035006464, 0.201518107176, 0.962790668321, 0.180068268926,  
461, 3351637.093781446, 92.83736234861682, 123.9889713796734, 86.97513563855262, 74.19765969161288, -0.952197980498, -0.154004565383, 0.263821151118, -0.290034933764, 0.726911435314, -0.622478515619, 0.0959100783675, 0.669240135565, 0.736830304626,  
462, 2945773.5768558206, 88.92767085577042, 99.46443708535567, 89.4297425545289, 79.06075244873561, -0.269077951547, -0.568849095315, 0.777179363308, -0.208287040044, 0.822214343779, 0.529698104428, 0.940326307694, 0.0193463082891, 0.339723645651,  
463, 3290024.4257772593, 92.26496846616259, 114.96559697743236, 85.5016212436654, 79.90395285647254, -0.505670942332, 0.0898972830352, -0.858029939212, 0.79478328456, -0.338320987927, -0.503843665944, 0.335583713348, 0.936726954684, -0.0996302348921,  
464, 3978950.0269374168, 98.30145781187444, 109.74055596679679, 97.88779318012932, 88.42685550799952, 0.92777964804, -0.0361665931539, 0.37137164973, -0.274845755883, 0.606905612235, 0.745738149964, -0.252358346715, -0.793950600086, 0.553134440679,  
465, 3543953.531449443, 94.5801074675091, 106.80914452102945, 95.82163208313034, 82.66609239163459, 0.325952544994, 0.911509370736, -0.250809899073, 0.84777776293, -0.399227864967, -0.349127450246, -0.418363243, -0.0988320742221, -0.902886713831,  
466, 3313140.1186367148, 92.48054874392045, 111.07134626783738, 91.1907255786224, 78.09055095036932, 0.422794212943, 0.668560528537, 0.611777633773, 0.833888642826, -0.0227195449369, -0.551464916059, 0.354788366308, -0.743310595889, 0.567110723909,  
467, 3249322.9268788556, 91.88291296826299, 105.67311741593083, 91.62811583413986, 80.11447478380285, -0.180871037446, -0.55399021054, 0.812637997167, -0.0851201241274, 0.831982928599, 0.548232588404, 0.979816427848, -0.0299875498368, 0.19763733092,  
468, 3239056.9329065327, 91.78604513909872, 118.12773033442313, 84.19704318878019, 77.74657614813488, 0.126846289709, 0.349047621802, -0.928480358705, 0.428432039603, 0.824947225998, 0.368657105941, 0.894626182396, -0.444553519875, -0.044901689704,  
469, 3845122.635474585, 97.18678048418303, 107.399568422407, 95.76989728834853, 89.24626064081602, 0.436945978003, 0.869217019076, 0.231387091378, -0.567328494148, 0.0666951400848, 0.820786292537, 0.698009020024, -0.489911759441, 0.522273755733,  
470, 3521185.224291699, 94.37712727854907, 104.01026078666926, 95.75306737875313, 84.40562324644603, 0.655954366762, -0.628809841617, 0.417518923896, -0.67357706572, -0.238041590701, 0.699735762722, 0.340613865339, 0.740225900778, 0.579696308903,  
471, 3709052.854628907, 96.0265820487496, 111.68146535398114, 94.73353006691401, 83.6930872772545, 0.66154536592, -0.105451817861, 0.742453798522, -0.228295284558, -0.971389564254, 0.0654490451205, 0.71431015104, -0.212796213708, -0.666692417501,  
472, 4078443.495796574, 99.11406312769363, 112.1700722274188, 103.11208018333006, 84.18201028596906, 0.0851163866329, -0.992742291084, -0.0849584852696, 0.0258167964948, -0.0830418893611, 0.9962115928, 0.996036492176, 0.0869872870257, -0.0185612001392,  
473, 3512263.7090751994, 94.29735308971846, 101.12873992364653, 94.83146574986012, 87.43220835038017, 0.0163995726311, -0.65338495777, 0.756848169039, 0.769153398102, -0.475401483857, -0.427079008305, 0.638853742421, 0.589136254279, 0.494756879374,  
474, 3629686.9601690844, 95.33671584854208, 104.84815767661367, 96.47750465855697, 85.6630821183051, 0.768089498248, 0.491571812393, 0.410360421998, 0.529976093907, -0.847687791187, 0.023468032706, -0.359393743084, -0.199455664078, 0.911621399211,  
475, 2662364.195009702, 85.9791112472237, 107.76274863270821, 93.16459789282075, 63.30810015341347, -0.836746343166, 0.366892081562, 0.406504314473, 0.533460946571, 0.713713094051, 0.453908622813, 0.123591972565, -0.596660556655, 0.792919418636,  
476, 2943702.1289786203, 88.90682152420366, 105.20255448477427, 89.42603020604307, 74.69903911456643, -0.0772102389734, 0.0442875310182, 0.996030719202, 0.987357331806, -0.135315349705, 0.08255456052, 0.138434382746, 0.989812290654, -0.0332798879709,  
477, 2252611.3970467, 81.32034689854677, 121.94363055006903, 93.50037440855138, 47.16558191334046, -0.501284294506, -0.863101426391, -0.0614001941708, 0.0227170347454, -0.0840627242711, 0.996201482995, 0.864984388538, -0.497985327244, -0.0617464285226,  
478, 2465409.9558085063, 83.80440468672705, 116.59982765690273, 75.84637243342395, 66.55302704221852, -0.726576904137, 0.659515336684, 0.192679845995, 0.618034469683, 0.749857782161, -0.236107392548, 0.300198928475, 0.0524673918837, 0.952432557261,  
479, 3531486.0188484895, 94.46906724545865, 102.79723665253832, 91.34071797393885, 89.78897639776038, -0.189183093966, 0.728042577315, 0.65891104299, 0.921669786141, 0.363130785242, -0.136604678266, 0.338724906484, -0.581455104394, 0.739713052002,  
480, 3705349.1687470716, 95.99460885998714, 108.17044310073582, 97.97687546475726, 83.46575687142867, 0.253063164107, -0.96384997026, 0.0833802722622, 0.816517204888, 0.166561338033, -0.552772082141, 0.518901425218, 0.207967678987, 0.829150622869,  
481, 3347701.344151808, 92.80100919556365, 108.46369525966259, 87.78614477006029, 83.93589470554659, -0.475895083433, 0.87815890638, 0.0485881128439, -0.18592928848, -0.154448392239, 0.970348387859, 0.859624435, 0.45275007375, 0.236776691146,  
482, 3268313.126132778, 92.0615641965743, 101.42464131239065, 92.53555521951445, 83.13481472463212, -0.354011843143, 0.336346828206, 0.872666274168, 0.921172507024, -0.0358353198221, 0.387501022137, -0.161607014755, -0.941056130637, 0.297147323348,  
483, 2796933.7782934355, 87.40397648868169, 111.01920368673177, 97.37564385418503, 61.76538095677527, -0.461653270913, 0.0929637420371, -0.882175719527, -0.24576994477, 0.942156679337, 0.227898937753, -0.85233408456, -0.322022567917, 0.412102018982,  
484, 3365302.8492436376, 92.96336766635174, 99.11474650669679, 96.04956135457287, 84.39211740411079, -0.554263924051, -0.468510548285, 0.687960295832, -0.831807948228, 0.341361438581, -0.437684710168, 0.029783212735, 0.814843687093, 0.57891512836,  
485, 3577615.535001517, 94.87861858069013, 114.72425449117846, 96.97136383138313, 76.77261090991442, -0.31277447935, 0.799755009025, 0.512410041478, -0.356694695352, -0.598891246105, 0.717006394426, -0.880307343702, -0.0414873580672, -0.472586266988,  
486, 2796085.9096078635, 87.39514365123361, 121.51441527530767, 82.20631844712553, 66.82345112063894, 0.172045424211, -0.89254173619, -0.416856835337, -0.374089080196, -0.450663082953, 0.810530780256, -0.911294536407, 0.0164934781794, -0.411424638411,  
487, 2648206.1131191533, 85.82643197226307, 130.52012848186413, 119.92346645551639, 40.39071194174408, 0.1090493856, 0.929878083181, 0.351333149476, -0.698805736324, -0.179650709854, 0.692384405753, 0.706950333744, -0.321017714261, 0.630213339077,  
488, 3303226.7478276207, 92.38821842145644, 100.90219644752332, 91.73422465701917, 85.19571705641961, -0.239100993332, 0.131723276789, -0.962018551453, 0.959629967517, -0.119083278964, -0.254812672593, 0.148125083733, 0.984107794412, 0.0979326735368,  
489, 3200631.5736265066, 91.42164368670953, 104.39403606306347, 89.98127906429924, 81.34282010613518, -0.94312416637, -0.251896954625, -0.216944073573, -0.197781964641, -0.0993667707748, 0.975196667, -0.267206102608, 0.9626391687, 0.0438945282791,  
490, 3520116.216451896, 94.36757556096141, 101.39736982545735, 94.00829854242977, 88.16079753472634, -0.568318724569, 0.26043875632, 0.780503351377, 0.794983819041, 0.418401881042, 0.439250035178, 0.212166337501, -0.870121554811, 0.444830220517,  
491, 1750688.7400973774, 74.76645276870053, 86.16951866397315, 77.10317144060278, 62.90634032788048, -0.805307993584, 0.518834568735, -0.286861858314, 0.579420460377, 0.79121754523, -0.195567702389, -0.125502850828, 0.323705864029, 0.937797178513,  
492, 2550721.4506433015, 84.76010285460471, 127.9415886468976, 83.78486745754547, 56.80637797151281, 0.771002638815, -0.0842699253615, -0.631231740821, 0.240862264543, 0.956162911293, 0.166546860031, 0.589525487541, -0.280447975116, 0.757501572799,  
493, 3711391.8876175033, 96.04676349430474, 102.14235565625762, 99.07769762953926, 87.5520721777512, 0.203585407691, -0.155384815353, 0.966648095706, -0.390187520974, -0.918406023489, -0.06545284176, 0.897945811423, -0.363848780644, -0.247603280618,  
494, 3586593.279863936, 94.95791576516005, 109.47081226732145, 101.95968948149833, 76.71259540750665, -0.172433539255, 0.973194127231, 0.152183656361, 0.561990450206, -0.0296864253709, 0.826610821382, 0.808970585632, 0.228061191069, -0.541806870305,  
495, 2804883.4921360025, 87.48670748196592, 97.40614289606877, 87.93052371859788, 78.18081813948089, -0.989720182367, 0.141393158608, 0.0214926805005, 0.0187326821204, -0.0208223296798, 0.999607681647, 0.141785215156, 0.989734512526, 0.0179596068338,  
496, 3550957.506946103, 94.64237322361177, 101.90091405216307, 95.62289557621297, 86.999527874692, -0.241975382606, -0.430592763785, -0.869504333508, 0.958640564589, -0.244497944727, -0.145701828911, 0.149853869274, 0.868798380984, -0.471946173905,  
497, 3128910.705932736, 90.73360921514991, 101.75921558811508, 88.11440492313143, 83.30746068229803, -0.652121582225, 0.518021292421, -0.553526316082, 0.706414942111, 0.680217935243, -0.1956565617, -0.275164262866, 0.51861112712, 0.809522777486,  
498, 2349922.4969482515, 82.4748706768093, 95.37223279375901, 84.39560119240087, 69.69845773664369, 0.660116517862, 0.230031519946, 0.715074599379, -0.593905309024, -0.423026527243, 0.684342780455, -0.459915934447, 0.876432574178, 0.142629857188,  
499, 3114371.1001694263, 90.5928488728829, 112.5180934578186, 84.5328020745612, 78.16892177448754, -0.40928328847, 0.378909134896, -0.830009070596, 0.864310757358, -0.130445676384, -0.48574771253, 0.292325340151, 0.916194189572, 0.274106005955,  
500, 3407690.8787527443, 93.35205029849129, 104.35361486143651, 95.91568751793646, 81.27826801616372, 0.0405685112055, -0.718375783247, 0.69447133126, 0.400986842291, -0.624912156127, -0.669846511848, 0.91518508959, 0.305648541905, 0.262707481094,  
501, 3743149.579344009, 96.31993724840618, 102.36885085911216, 99.68714911972057, 87.56722127307187, -0.275024365983, 0.730692648803, 0.624859865171, 0.882887482506, -0.065353612007, 0.465014621954, 0.380619615035, 0.679571304856, -0.627145557481,  
502, 2914134.806436036, 88.60815143256816, 110.85048263265259, 86.83482133242816, 72.27523716983487, -0.278826036471, 0.92851397354, 0.245189400926, 0.121853413869, -0.219044708357, 0.968076010068, 0.952579543615, 0.299801962437, -0.05206722966,  
503, 3325495.9417638695, 92.59536990307657, 115.08029669359671, 93.41256794426127, 73.85187549215348, -0.0875419513733, 0.622677309538, 0.777566315459, -0.872987968504, -0.423928554371, 0.24119823307, 0.479821230873, -0.657691074119, 0.58070133238,  
504, 2322298.96047884, 82.1504297136469, 126.31759567694311, 87.56963596858002, 50.120122455214855, -0.977236561402, -0.196943460315, -0.0788795062018, -0.209745290259, 0.841034273517, 0.498666485723, 0.0318687350475, -0.503859726718, 0.863197404722,  
505, 3570165.2077155625, 94.81271173957828, 102.18928745773371, 94.5780907178388, 88.18684199184379, -0.17954394401, -0.6277999131, 0.757384473884, 0.900200622675, -0.415342399396, -0.130879831143, 0.396740231267, 0.65829929392, 0.63971808519,  
506, 3164986.1047449014, 91.08098796156419, 111.12963637767947, 90.21479912278372, 75.36600913247231, -0.0946019659231, -0.899962384089, 0.425579810691, -0.874725533383, -0.128957666699, -0.467145760386, 0.475295391616, -0.416458434209, -0.775020427656,  
507, 3081376.3395757647, 90.271788037822, 105.23336695056258, 89.0784987835209, 78.4747207441413, -0.0624172718433, 0.622569350303, 0.780071463546, 0.998048430644, 0.0403819636359, 0.0476301070861, 0.00184777265082, -0.781522041324, 0.62387489504,  
508, 3312948.4141952074, 92.4787650107382, 102.80463067203372, 95.37262406157939, 80.66583898594972, 0.520803041357, 0.403416404209, 0.752342606083, -0.717545741474, 0.684314387645, 0.129776453003, -0.46248491976, -0.607428204545, 0.645862737211,  
509, 3110925.551564234, 90.55942775976703, 109.147146156844, 90.67669997499435, 75.04001593124373, 0.199289650901, 0.454323266304, -0.868259180625, 0.433067809512, 0.753981295285, 0.493927604741, 0.879053984354, -0.474449761361, -0.0464921126249,  
510, 3632830.71303002, 95.36423232476815, 103.04779160322057, 97.5347220456313, 86.28963096960963, 0.294002469586, -0.776440874572, 0.557406598608, -0.942441540013, -0.13831452489, 0.304422462807, -0.159268614404, -0.614824089068, -0.772414945458,  
511, 3952553.7941466593, 98.08359905492706, 104.93225656415, 101.23408370493556, 88.82872148177869, -0.341931875133, 0.924784298683, -0.166902946879, 0.935698381982, 0.318630220482, -0.151470527008, 0.0868972423266, 0.20796341867, 0.974269000724,  
512, 3208212.750634544, 91.49376873889685, 106.11048425406437, 90.68098358502482, 79.59761087934676, 0.1575591223, -0.616430900395, 0.771484327785, -0.51383042888, -0.718329937214, -0.469020672955, 0.843299124473, -0.322513637448, -0.429920388354,  
