# Void_ID, Void_Volume, r = (a*b*c)**(1/3.0), a, b, c, vector_a, vector_b, vector_c 

7, 1329880.0774668467, 68.21940966173429, 125.5971330546079, 89.63394752521413, 28.201461867793576, 0.119299733611, 0.961531075571, -0.247438000865, -0.89229675366, 0.213123752847, 0.397975840196, 0.435401053016, 0.173309713185, 0.883396664216,  
11, 2204003.8980216077, 80.73117057582733, 125.94988544319203, 100.03621762166335, 41.760790361379605, 0.521594068625, 0.738513568757, -0.427243883907, 0.818900865145, -0.292794051531, 0.493632471028, -0.239459810073, 0.607346155129, 0.757489040984,  
12, 157186.98456695772, 33.47927086943925, 116.7197975967503, 58.201621779850974, 5.523932476266425, 0.189253931444, 0.381059600827, -0.904973220626, 0.766417653181, 0.518809941313, 0.378735033615, -0.613829724212, 0.765264546031, 0.193863983921,  
13, 681123.5105512608, 54.58153610281933, 94.13384631255688, 74.42811862411844, 23.208892472632524, -0.862349193245, -0.107848373582, -0.494694448347, 0.474482708362, -0.513106352249, -0.715253822602, 0.176691902403, 0.85152251855, -0.493649037301,  
26, 1001312.8132524341, 62.062184030552245, 121.27392584734586, 66.38057218037368, 29.694275673820847, 0.412033081924, 0.171077844662, -0.894964306811, -0.741420080884, 0.633893820153, -0.220170135201, -0.529646111156, -0.754261888098, -0.388025773757,  
27, 594408.971023294, 52.15935936933548, 118.75252563313133, 59.99125042338553, 19.9189286892578, 0.31457553751, 0.51344834233, 0.79838150715, -0.522789021053, -0.608312164354, 0.597200092235, 0.792296579992, -0.605249626565, 0.0770650301726,  
28, 1698498.682954918, 74.01598704023414, 125.43141150921394, 99.51477432731652, 32.48498968125466, 0.760458184772, 0.553274911066, -0.339985620281, 0.572787212965, -0.324802255554, 0.752607669009, -0.305970844815, 0.767066077709, 0.563907327982,  
38, 836522.5061699443, 58.45159146233779, 89.32769228048316, 59.92188269692397, 37.30933051727659, 0.637321945782, 0.117538275919, -0.761580915674, -0.707058857618, 0.482171368337, -0.517279946857, -0.306412319089, -0.868156394465, -0.390404873766,  
42, 1433583.2390632296, 69.94845104428369, 98.15818316083872, 88.60646566675929, 39.34978650015165, -0.848980575893, -0.145823397877, 0.507905028906, 0.371929406278, -0.847668599152, 0.37832058199, -0.375367151603, -0.510091641417, -0.773890185268,  
49, 2679969.5123586464, 86.16821200198095, 107.63188070914912, 81.04654338455293, 73.34420713759503, -0.0898278230537, -0.847432333655, -0.523248891142, 0.146072697977, -0.530901442126, 0.83474931905, -0.985187154358, -0.00144866311665, 0.171476448132,  
55, 1760629.9005134094, 74.907704388824, 128.6720415121105, 73.24889064816973, 44.59582685255587, 0.00222171291759, -0.8218630059, 0.569680843565, -0.96425219674, 0.149192338256, 0.218996226654, 0.26497691423, 0.549802551594, 0.792151746313,  
57, 529930.8909516116, 50.20075039857286, 111.81542662648997, 53.666568468897076, 21.08264399282931, 0.839390134008, 0.235746649438, -0.489742503984, 0.408179710739, 0.321569915971, 0.854389906824, -0.358906013701, 0.917069411997, -0.173695615685,  
60, 2753803.965512932, 86.95237937015433, 128.558601786908, 82.16535498084554, 62.23784338756903, -0.696041644731, 0.558063275855, 0.451764771693, 0.704290165428, 0.65303960875, 0.27841449726, 0.139647383367, -0.51196157038, 0.84758124022,  
64, 1557802.8260026528, 71.91309152338614, 102.54172033850938, 68.14092192619485, 53.22495140572351, -0.940822028918, -0.00881620144366, -0.33878634048, -0.336116744674, -0.103604138053, 0.936104543589, 0.0433525530181, -0.99457953788, -0.0945097824375,  
68, 898249.2661440023, 59.85531957827244, 80.484218089744, 62.58271430796727, 42.5738707472397, 0.359732644585, -0.240315125722, -0.901576987711, -0.065055514624, -0.970371510091, 0.232694891266, 0.930784725077, 0.025055393708, 0.364708133731,  
78, 1892606.9059669836, 76.73448871124043, 132.68129275916334, 78.43531197344727, 43.41606797529837, -0.57389167189, 0.744300680838, -0.341562359517, 0.81877315869, 0.513297034122, -0.257170506417, 0.01608923691, 0.42725010388, 0.903990312553,  
81, 551167.6478474754, 50.86257806787072, 99.71832371411432, 59.495535182639166, 22.178683507989994, 0.220115616045, 0.472312440933, -0.853504583299, 0.388758204177, 0.760002434939, 0.520829489922, 0.894659809234, -0.446449613089, -0.0163269321856,  
82, 1589252.1339729053, 72.39380405777774, 96.6312965164719, 87.83863298041139, 44.69930998711031, 0.99829394948, 0.00359243987128, 0.0582776527277, -0.0287723933011, 0.898774344341, 0.437466372809, 0.0508068874801, 0.438396820621, -0.897344352996,  
85, 230502.35318405152, 38.03606533418131, 96.17934766773678, 47.65795430164708, 12.005203618777065, 0.516816616562, -0.854100239651, 0.0584240145201, 0.526422640383, 0.37087268562, 0.765070359348, -0.675114648439, -0.364645350565, 0.641290869867,  
93, 1825553.7237711768, 75.81736203302363, 108.10783841745324, 87.29785677657277, 46.179076491129095, 0.74890142236, 0.580170907407, 0.320231756367, 0.361839723721, -0.762844303861, 0.535855001287, -0.555174453596, 0.285430002392, 0.781224065047,  
95, 68927.1553630329, 25.435127289042363, 118.64234167572961, 62.434746891976175, 2.221445591547579, 0.521005338689, 0.737873767806, -0.429063794606, -0.428155398854, 0.660788401029, 0.616475176708, 0.738401240174, -0.137480878121, 0.660198922039,  
97, 879469.1528811033, 59.435237254560846, 147.86112003775133, 62.441467163755426, 22.74075668180923, -0.155923218465, 0.987752982813, -0.00565640233229, 0.188278781507, 0.0353415047304, 0.981479535435, 0.969659244466, 0.151970467483, -0.191483489197,  
98, 570760.9227526688, 51.458273080949276, 99.85330596591407, 84.38540528370116, 16.170961137058768, 0.0174935134135, -0.105037182887, 0.994314420694, -0.0138567135384, 0.994345621251, 0.105284267529, 0.999750953227, 0.0156197218409, -0.0159391283088,  
103, 2444391.399097399, 83.56556987785676, 109.37786850010639, 80.77879289839879, 66.04733867078298, -0.558058890392, -0.050506438031, -0.828262865624, -0.795735181929, -0.25048871821, 0.55141719441, 0.23532062191, -0.966801169717, -0.0995977064848,  
105, 2305219.871606725, 81.94854526318248, 124.69500076448197, 90.34145547615871, 48.85259298212929, 0.249253537795, 0.148556333448, 0.956976326609, -0.429521568152, -0.868698875298, 0.246725528773, 0.867976898534, -0.472539183401, -0.152718118645,  
111, 886648.6628247197, 59.5965315057652, 118.9835021789281, 96.45840940854391, 18.44319296258366, 0.334126721481, 0.937881311641, -0.0934771590687, 0.786330021007, -0.332060834178, -0.520980518319, -0.519657995277, 0.100569616087, -0.848434629341,  
115, 2320472.1740749516, 82.12888344161946, 142.95499813137883, 70.03957695097179, 55.32799052769089, -0.649710700125, -0.692348157744, -0.313894941999, 0.0453437172815, -0.447481909029, 0.893142703265, -0.758828013088, 0.566051207543, 0.322127423533,  
121, 2067491.2644618296, 79.02873396928808, 121.97061401039208, 86.92497340976739, 46.55381724390961, 0.680965950597, 0.702717532382, 0.206090862998, -0.403054474546, 0.124680980208, 0.906643118169, 0.61141840394, -0.70045893731, 0.368136947977,  
128, 735249.1098658592, 55.99062293657528, 126.0209934557055, 52.9166284471275, 26.32151203152276, -0.949394193621, -0.239814688863, -0.202828943012, 0.133400053059, -0.892511135141, 0.430846027593, -0.284350296222, 0.381985325182, 0.879336181664,  
129, 2820484.553638325, 87.64861114656073, 123.78222077750776, 88.13251216917281, 61.72210039442832, 0.181481374173, -0.403257084772, 0.896910382596, -0.485224892174, -0.830018685931, -0.275001427307, 0.855348651044, -0.385295606758, -0.346303307189,  
143, 2133102.0966387508, 79.85602302790247, 126.84793662415309, 114.68930859086659, 35.00392071989594, 0.295025658901, -0.393422153409, 0.870734672445, 0.203476590473, 0.91626281959, 0.345050318891, -0.933572245581, 0.0753754246708, 0.350373240468,  
153, 1115695.284665706, 64.34068240422052, 100.88198824755887, 71.12237210302867, 37.122491998595954, 0.662789907621, 0.00941833459773, 0.748746174167, 0.568916429814, 0.64381214454, -0.51170305689, 0.48687127071, -0.76512562205, -0.421353946511,  
171, 289018.97050340637, 41.015301983007056, 116.03673718578193, 50.38409898905897, 11.801813175704481, 0.225349992831, -0.261607113539, -0.93849832119, -0.923219487514, 0.250407171595, -0.291482463087, -0.311260595972, -0.932125510089, 0.185091530968,  
185, 3403166.4170829724, 93.31071685059165, 98.36162518450685, 91.52885478859446, 90.2424449783289, 0.735854603829, 0.677045430425, -0.0112910213703, 0.324363082096, -0.337802700336, 0.883559803646, 0.594395990057, -0.653833939763, -0.46818221476,  
186, 3614267.8768913746, 95.20152593144809, 103.90266486595563, 99.18355292219854, 83.72697114935612, -0.626667032272, 0.326894904335, -0.707409465715, 0.779274721134, 0.25774701387, -0.571224461873, 0.00439768844648, 0.909233852406, 0.416262491674,  
187, 1163852.8039371744, 65.25340059820925, 156.12911944435632, 83.99165588806521, 21.187972186565794, -0.842990748747, 0.521218296764, -0.13303414842, 0.487037604243, 0.634531716327, -0.60013654532, 0.22838776145, 0.570702188619, 0.788757277194,  
188, 3534369.103685041, 94.49476825339097, 98.63320721424851, 93.13262245694234, 91.85404908876886, -0.862685670109, -0.325720875062, 0.386884150796, -0.461374291923, 0.193547695688, -0.865836619834, -0.207140525589, 0.925443245717, 0.317250061649,  
189, 2891452.200325646, 88.37765407050794, 97.39589885627423, 89.2349594951117, 79.42399114438403, 0.74182995912, 0.596619917261, -0.306158432971, 0.251489323372, 0.175710152768, 0.951776792344, -0.621644136128, 0.783052116108, 0.0196964838582,  
190, 3200351.2374511277, 91.41897446954191, 103.85199425006483, 90.02804994488525, 81.71774080473904, 0.365584333803, -0.903813723781, -0.222415933743, -0.553440490897, -0.403205611337, 0.728785879406, -0.748366032041, -0.143338716654, -0.647612765775,  
191, 3724587.3622313933, 96.16045700975569, 108.4924858608645, 97.5994749013236, 83.97353091065382, -0.192760827299, 0.546866813679, 0.814726918394, 0.974800529182, 0.0117144136458, 0.222770511559, -0.112281751708, -0.837137659295, 0.535344139432,  
192, 3535617.5699346317, 94.50589326018014, 100.22149974464334, 96.56483475773906, 87.21612258250285, -0.930658767394, 0.136032775102, -0.339660628819, 0.363918137737, 0.24793782244, -0.897825386826, 0.0379189622492, 0.959177731342, 0.280250302409,  
193, 3852957.1558419806, 97.25274242583006, 102.72713487524442, 96.5727869355431, 92.71833631694507, 0.651316299975, 0.146216967078, 0.744585573272, -0.296824986164, 0.952163262396, 0.0726639479462, -0.698342326496, -0.268338816203, 0.663560302266,  
194, 3307596.6412596363, 92.42894110447504, 106.54544490490554, 90.83495174175668, 81.58983520091124, 0.767704924579, -0.573114755131, -0.286650704217, -0.523385479252, -0.302703083297, -0.796516467796, -0.369725288403, -0.76151843104, 0.532346588514,  
195, 3400831.7155662337, 93.28937373628239, 99.55248241022741, 95.30090398824919, 85.57510066519362, -0.298981498983, -0.699585142572, 0.648992058162, 0.760224585121, 0.23644709305, 0.605104414433, -0.576774343607, 0.674294743032, 0.461148518459,  
196, 3735390.616434456, 96.25333916257352, 103.0399863670299, 96.7722583957948, 89.43154739366074, 0.469956360181, 0.0446345397436, 0.881560421858, 0.600313154552, 0.71602392781, -0.356277772638, -0.647120650263, 0.696647323016, 0.309705297561,  
197, 3630351.38557544, 95.34253272036814, 104.16162641521989, 95.66728454237702, 86.97388185879852, 0.401806113608, 0.870521608489, 0.284154845499, 0.342496327609, -0.430648327296, 0.835007954316, 0.8492632764, -0.2381893099, -0.471187584735,  
198, 3228904.07183398, 91.6900432927357, 97.637538953681, 93.91769633738919, 84.06249538730755, 0.0404758138455, -0.979203035429, 0.198804235118, 0.991886943671, 0.0153803305979, -0.126189287997, 0.120507258985, 0.202298939291, 0.971881237443,  
199, 2747600.8940914185, 86.88704219528285, 105.78974161751535, 86.87740775931796, 71.3698245829883, -0.616175696452, -0.762058283934, -0.19898412748, -0.774930311303, 0.54144088813, 0.326074803204, 0.140749862258, -0.355118200812, 0.924164779531,  
200, 3403893.018026704, 93.31735721840862, 105.6980756385226, 96.74564290463633, 79.46736215373186, -0.745369917485, 0.638520801239, 0.191611253566, 0.582943119903, 0.484833527228, 0.652007492161, -0.323420786386, -0.597685232594, 0.733601634181,  
201, 3547200.7708722157, 94.6089858087036, 101.58700965510752, 95.82406966116349, 86.99301300352101, -0.608951311946, 0.791684114561, -0.0491381972689, 0.000369284419964, 0.0622316732045, 0.998061662664, -0.793207515918, -0.607752812911, 0.0381884156515,  
202, 3481917.246079272, 94.02498625523621, 99.2279472045014, 94.51949248482305, 88.6287140232816, -0.764063616921, 0.635333088661, -0.112065408353, 0.527958107147, 0.715604070057, 0.457352218772, -0.370765460088, -0.290280349611, 0.882196288949,  
203, 961895.7883344245, 61.23689163805695, 122.3485544863498, 59.71846923607033, 31.429097069968893, 0.711721944235, 0.581636907853, -0.393891332118, 0.633632031487, -0.773630423043, 0.00253322228307, 0.303252902324, 0.251385114844, 0.919153524319,  
204, 3615353.5955333, 95.21105775797312, 100.04622922563343, 96.07826590890579, 89.79171974302606, -0.914108472496, -0.373422520313, -0.157991524568, -0.382257358978, 0.923611476584, 0.0286557468983, -0.135222084066, -0.0865878839476, 0.987024582437,  
205, 3403513.817789268, 93.31389184528736, 101.1952355662883, 92.39168851626684, 86.90523512891542, -0.843693129102, -0.253051482608, 0.473441496973, 0.143855576354, 0.743097546883, 0.653537763995, -0.517191915113, 0.619492520508, -0.59054342768,  
206, 3680294.1629296555, 95.77775237258331, 111.44056769091819, 100.05373799315615, 78.798380060686, -0.439195210824, 0.448088866996, -0.778668051267, 0.898068786046, 0.195742688709, -0.393900057561, 0.024083652536, 0.872296490358, 0.488383876259,  
207, 3415181.513581886, 93.42040101884076, 100.78822495238839, 94.58130465767672, 85.52834820288139, 0.602780958449, -0.262025994642, -0.753656084871, -0.0306312325017, -0.951444474268, 0.30629257252, 0.797318533415, 0.161541915668, 0.581538791274,  
208, 3142152.1589588635, 90.86142302266084, 93.78631903223811, 90.4834527138229, 88.39545743654438, 0.453518243622, 0.715912135879, 0.530839915985, -0.554222003523, -0.23990905689, 0.797045554052, 0.697967888598, -0.655677861547, 0.287971124183,  
209, 3479725.2013827595, 94.0052509365745, 135.88106517117947, 104.17460795779891, 58.686136818257985, -0.580907676483, 0.150460327469, 0.79994247372, 0.803342022134, -0.0523125882974, 0.593215802705, -0.131102505224, -0.987231018031, 0.0904823196014,  
210, 3633096.87779858, 95.36656126886695, 106.15477258321592, 96.05560999932793, 85.06014343811229, -0.0308717127546, -0.871885820174, 0.488735157249, -0.955293855538, -0.118107864384, -0.271042767737, 0.294041811523, -0.475253247175, -0.829260974679,  
211, 3573543.3586638365, 94.84260677848299, 107.01685723839839, 91.32879562891074, 87.28719209876995, -0.394955754734, 0.91782540963, -0.040080783925, 0.899670178991, 0.377572548296, -0.219163272032, 0.186020216205, 0.122619281563, 0.974864601343,  
212, 2252922.3463051124, 81.32408853194949, 85.69381077672624, 81.48805317149905, 77.02189774468746, -0.878410231145, -0.417511648402, 0.232549971551, -0.164129549017, 0.720555314862, 0.673692459037, -0.448839567061, 0.553610026709, -0.701469159242,  
213, 3325281.3665898186, 92.59337831091374, 101.04840188983994, 94.92006938439467, 82.7660621949091, -0.50947162534, 0.42361005828, -0.748994780688, 0.852531060394, 0.13039482628, -0.506150155925, 0.116745252738, 0.896410457215, 0.427573196259,  
214, 3189570.4580152584, 91.31620694272918, 95.8968073594728, 91.27815080720005, 86.99065663320012, -0.492686806353, 0.867416496225, -0.0696299714303, 0.860328360307, 0.497554348357, 0.110791619192, -0.130747173192, 0.00531907011848, 0.99140147478,  
215, 3667525.6931299563, 95.66685975485201, 101.1753927480132, 94.5638251099219, 91.51338622905601, 0.542212219091, 0.268573991485, -0.796161993923, 0.671264469462, -0.708375660321, 0.218192428609, 0.505380966704, 0.652741859361, 0.564374116638,  
216, 3672210.748526872, 95.70757874439117, 110.78935528019488, 91.48854352042065, 86.49166136869894, -0.803894660614, 0.438089514945, -0.402282178989, 0.0723015824827, 0.743327570702, 0.665008724608, 0.590360784442, 0.505511324828, -0.629231630374,  
217, 3522889.4320048373, 94.39235058898907, 102.62473572479394, 95.79237786124288, 85.55145454937679, -0.802687526762, -0.312293612534, 0.508099826758, -0.591719618155, 0.523535136602, -0.613008037658, 0.0745696176169, 0.792706541107, 0.605025381133,  
218, 3591080.9361872864, 94.9975040177434, 101.43857854964128, 94.85477976636552, 89.09928300783575, -0.300216264586, -0.236757748701, 0.924021624697, -0.679860037314, 0.732590921651, -0.0331793788103, -0.669074378632, -0.638166365413, -0.380897841834,  
219, 3823786.384883278, 97.00668663730677, 107.16496352558737, 102.87439011245914, 82.80278024121921, -0.0322596737599, 0.338749287824, 0.940323472773, -0.775018852191, -0.602547889706, 0.190477871046, 0.631114167324, -0.722623664579, 0.281975082577,  
220, 3267235.5543079083, 92.05144543414292, 100.10532453084109, 90.36366101447882, 86.22651656340776, -0.206163318847, 0.574234156139, 0.792307907246, -0.100206619978, -0.817835017134, 0.56666084924, 0.973373165479, 0.0374301839729, 0.226149645264,  
221, 3424475.302387594, 93.50506641526248, 102.36821431666421, 93.47575049441483, 85.43608531733038, -0.610411386653, -0.458591635181, -0.645826332063, -0.792011076741, 0.364481361847, 0.489767078504, -0.0107885756378, -0.810461010172, 0.585693228258,  
222, 3642112.23189369, 95.44537861328344, 103.30395075615677, 98.4564366421883, 85.48770743250401, -0.920937830352, -0.214333277978, -0.325476202783, 0.0432966232755, -0.886277999868, 0.461125481147, 0.387296933941, -0.410575879591, -0.825486845479,  
223, 3480784.104218161, 94.0147854376794, 102.99390496099217, 90.65558815281062, 88.99843571659208, -0.173995134841, -0.96710845931, 0.185544929821, -0.253522388101, 0.226060316131, 0.940544061808, -0.95155246402, 0.11661029715, -0.284517041344,  
224, 3640881.696641584, 95.43462824598238, 106.20427948473623, 95.73891865439222, 85.48450937055131, 0.584229846664, 0.810527277438, -0.0414851635769, 0.683662033563, -0.463951559616, 0.563342856699, -0.437357645562, 0.357483542082, 0.825181075285,  
225, 3908050.9989664042, 97.7140928247113, 113.88739226897799, 94.91665855697397, 86.30849097776992, -0.665760757702, 0.732049469715, 0.144451332267, 0.736980854347, 0.614845390241, 0.280756774497, -0.116712612131, -0.293374709185, 0.948846376491,  
226, 3414462.3442407604, 93.41384306533415, 103.28495620526594, 96.38594837537603, 81.88095958633477, 0.315046720984, -0.585035875072, 0.747314250149, -0.781087918342, 0.287456008761, 0.554320040092, -0.539117081363, -0.758354843003, -0.366402380828,  
227, 3516438.9274449116, 94.33470375275057, 103.32442486849023, 101.42150880095191, 80.10901765429497, 0.443648323575, -0.658839927352, 0.607541039861, -0.880339545378, -0.193398155723, 0.433127508024, -0.167864379285, -0.726998695659, -0.665803609691,  
228, 3249298.0369363283, 91.88267835874443, 99.62499325145666, 93.45975511020958, 83.31208341565352, -0.925721375318, -0.0939105061047, -0.366361504695, -0.374361424009, 0.0897524616029, 0.922929043779, 0.053790886717, -0.991526758327, 0.118242242988,  
229, 3234036.5879903133, 91.7385996542506, 109.91268359856012, 85.91862987398285, 81.75628806803968, -0.275848582514, -0.332342600387, -0.901917931684, 0.141874925854, -0.942124062338, 0.303765956911, -0.950672953722, -0.0441661310535, 0.307034668936,  
230, 3525574.3689453253, 94.4163245792918, 106.69469215956521, 91.90307529381708, 85.8357906797935, 0.225670244336, 0.971629004778, 0.070781479895, 0.836846513444, -0.230536947359, 0.496528578069, -0.498759314458, 0.0528184908662, 0.865129674248,  
231, 3770954.761036609, 96.55784644493839, 101.3622754087781, 96.03377414520477, 92.4830970449193, -0.767366278687, -0.616144746278, -0.177523649039, -0.592124620445, 0.574689777229, 0.564907155036, 0.246043549391, -0.538606824671, 0.805832029781,  
232, 3550936.7113108127, 94.64218847042761, 102.25637718567644, 97.1113232659778, 85.36779194576111, -0.0732579015336, 0.169719601034, 0.982765758911, -0.214860663748, -0.964959088622, 0.150628192776, 0.97389330783, -0.200122997953, 0.107156944027,  
233, 3522276.0870718095, 94.38687228003361, 101.99253561368972, 91.95669689863394, 89.6567585375436, -0.743178187042, 0.168926194726, -0.647418043493, 0.634551839889, 0.484819907138, -0.60190831539, -0.212203074433, 0.858145441273, 0.467500007297,  
234, 3708905.4949003654, 96.02531032799679, 101.93465943865544, 97.31589246203458, 89.25889621017484, 0.894174109174, -0.427294421584, -0.133686722478, -0.0285918354787, -0.352483260313, 0.935381236792, 0.446805516335, 0.832571335372, 0.327398537092,  
235, 3342578.1139535597, 92.75364498709469, 97.76887485621597, 93.2894111249847, 87.4903163778785, -0.425788741276, 0.384209507903, -0.819199000145, -0.87297646692, -0.412521851411, 0.260264884901, 0.237941244861, -0.825959306592, -0.511053018627,  
236, 4011810.7314602737, 98.571328272879, 113.54463673678474, 100.26003795457851, 84.1312490250704, -0.103238762257, 0.993112716159, -0.0553975718902, 0.990101968595, 0.097282669937, -0.101164094001, 0.0950781244691, 0.0652933008334, 0.993326197739,  
237, 3210662.042445859, 91.5170462823086, 98.5654970250276, 94.9955518572916, 81.86114184539879, 0.759680649748, 0.474372604013, 0.444810007712, 0.300566641166, -0.862699695083, 0.406704967171, -0.576667152365, 0.175270843741, 0.797956845147,  
238, 3664507.4340168727, 95.64060893966123, 107.91671187193717, 98.93090837696981, 81.94195036217464, -0.179911074751, -0.451263545965, 0.87406705536, -0.329786041419, -0.809471768621, -0.485794836006, 0.926754105503, -0.375654985176, -0.00318748258689,  
239, 3467065.075061109, 93.89110738355733, 100.43074968883748, 95.69103280167903, 86.12623001153914, -0.676535169557, -0.434760810907, 0.594376313165, -0.11593301219, 0.859941165132, 0.49705203872, 0.727227406687, -0.267365348935, 0.632183572353,  
240, 3091967.232017429, 90.37509312333825, 106.18549394009078, 93.97259881699675, 73.97412628456748, -0.0424890925934, -0.505007079266, 0.862068748361, -0.2161019916, -0.837776877186, -0.501427794682, 0.975445849977, -0.207599985414, -0.0735366562942,  
241, 3978207.4737852425, 98.29534241308293, 106.06235066921032, 101.31333688922757, 88.38345036552556, -0.7645997068, -0.542791809856, -0.347511639395, -0.643968987946, 0.665392387305, 0.377567097984, -0.0262912708968, -0.512474411137, 0.858299916699,  
242, 2392194.7485948713, 82.9664754828606, 108.73562513975405, 89.03833840453888, 58.98736833085726, 0.179400346433, 0.387068813034, 0.904429792563, -0.657108475015, -0.637039112063, 0.402975956808, 0.732136577261, -0.666602508005, 0.140061160064,  
243, 3714956.883475201, 96.0775063844364, 112.51105226004579, 92.68222052174862, 85.0498499238896, -0.609479068252, -0.453540570401, -0.650258576539, -0.77030682723, 0.532771204039, 0.350402962415, -0.187517085316, -0.714461892019, 0.674078294835,  
244, 3717662.161067225, 96.10082233554553, 103.64833399491818, 96.85660976886832, 88.4076247432052, 0.244509160266, -0.956693853253, 0.157962469259, -0.517339481959, 0.00907220743919, 0.855732175075, -0.820106780213, -0.290954577556, -0.492717264613,  
245, 131077.91138694514, 31.512314423034955, 123.48282906508253, 37.863006756831275, 6.692975473512528, -0.459793105792, 0.624958799097, -0.630885726021, 0.0016659216918, 0.711041831561, 0.703147735882, 0.88802450674, 0.322251475096, -0.327973264502,  
246, 3583008.601766491, 94.92626948309467, 99.82606147151121, 95.72809789125445, 89.51088994463947, -0.0434727523865, 0.964680336862, -0.259811407509, 0.99527839584, 0.0644078535589, 0.0726122797715, 0.086781533598, -0.255428025228, -0.96292548484,  
247, 1990523.712958362, 78.03562543048082, 99.38883444823368, 77.47628522343533, 61.71238905691556, 0.777693971847, 0.626833391844, -0.047665344049, 0.276713066447, -0.273254141978, 0.921282829944, 0.564466088451, -0.729665726728, -0.385961089007,  
248, 2407625.5735318027, 83.14448471546002, 99.84588945364163, 84.41893363446357, 68.19150669940602, 0.209884631869, -0.778134884894, 0.591992011953, 0.848246826336, -0.156194171535, -0.506044170393, 0.486236324142, 0.608366239768, 0.62726769038,  
249, 2743994.1027729446, 86.84900650907382, 105.52757928438463, 80.43291302363029, 77.17822581624684, 0.236703383703, -0.560848162086, -0.793360477481, 0.395240000739, -0.690362399946, 0.605958000655, -0.887556674224, -0.457000104842, 0.058258511949,  
250, 3687967.651472236, 95.84427235250043, 99.56784002025294, 97.5482259265796, 90.64837693834725, -0.0453903371906, 0.314463151011, 0.948183866107, -0.079986549944, -0.947258735196, 0.310327311757, 0.995761954042, -0.0617560948424, 0.0681492159312,  
251, 3733490.8481838293, 96.2370186876743, 102.4546393057549, 96.48010283392128, 90.16896722285779, 0.908572402107, 0.296213978929, -0.294539418103, -0.313662738486, 0.949449318538, -0.0127152669313, 0.27588380999, 0.103938781094, 0.955554735832,  
252, 2502041.231828356, 84.21742355080549, 106.55969319515606, 92.21822732415835, 60.78495812852475, -0.778556298562, 0.375255395984, 0.503024331176, 0.580642866733, 0.126586264146, 0.804257284108, -0.238125914763, -0.918237063897, 0.316443902143,  
253, 3900670.7246564883, 97.65254370902245, 110.48304314626722, 95.70239666254203, 88.07086051345566, 0.857252860478, 0.358516173865, 0.369572301828, 0.15923904839, -0.867172782577, 0.471862575996, 0.489653406676, -0.345655201371, -0.800476122752,  
254, 3273951.7409678195, 92.11447645273894, 116.3804238974891, 91.98491774026736, 73.01079966608252, 0.827408170142, 0.385784729192, -0.408124812655, 0.452719118028, -0.88821565847, 0.078219845446, 0.332326827317, 0.24948564442, 0.909569015014,  
255, 3810325.2811488174, 96.89271998581287, 103.14130059890046, 95.85349350724962, 92.00954721420702, 0.823896349879, 0.2469587251, 0.510104099918, 0.452427605103, 0.255475938855, -0.85442454717, 0.341326920703, -0.93474244194, -0.0987547489486,  
256, 3274654.5177061292, 92.12106698766232, 98.70436348420125, 90.91518433138909, 87.11723896465702, -0.164219794236, 0.854494209703, 0.492819951671, 0.767762023764, -0.202956916536, 0.607741692576, 0.6193329751, 0.47817165915, -0.622718660664,  
257, 3608004.9797109812, 95.14650491359782, 103.96830364754837, 93.61888543439623, 88.49405471420299, -0.129555894655, 0.705599635534, 0.696666652348, 0.123134121312, -0.685701267206, 0.717392333608, 0.983896975465, 0.178725841684, 0.00195325001953,  
258, 3535294.567233638, 94.50301525392882, 106.04110607018886, 93.13888616573881, 85.45386447220157, -0.967165729209, 0.175418083916, 0.183899287871, -0.12114560264, -0.954308165135, 0.273166009813, 0.22341485001, 0.241918213022, 0.944225281913,  
259, 3676183.223851673, 95.74207739827757, 110.28217965828942, 92.37237643059449, 86.15115053320554, 0.397914369438, -0.667975282301, -0.628866581104, -0.863012046647, -0.505092772716, -0.00956547397599, 0.311246464939, -0.546525674772, 0.777454387651,  
260, 3920417.9971942687, 97.8170561313245, 107.24641927987935, 102.40402151017527, 85.22047524502983, 0.138285283539, 0.98772141802, -0.072688243491, -0.421132956509, 0.125070516542, 0.89833423559, 0.896395121193, -0.0936149895962, 0.43325745282,  
261, 3588335.155410993, 94.97328579169886, 108.73828657470192, 93.25753737123544, 84.47689880845576, -0.888751029347, -0.211201304814, -0.406836105427, -0.452649629334, 0.264337962779, 0.851606572601, 0.0723181920279, -0.941020430319, 0.330530828855,  
262, 3758017.680777391, 96.44729903353534, 100.21901938879378, 96.86652435682362, 92.41582472550147, -0.868025387776, -0.241798735202, -0.433664960346, -0.145616537578, -0.711031793439, 0.687916864673, 0.474687002309, -0.66027809321, -0.58198375361,  
263, 3345781.1761855567, 92.78326292860524, 103.97652794100975, 92.6641344467819, 82.90141428515663, -0.207374632544, 0.971972063566, -0.110752288578, 0.924284430921, 0.231759148968, 0.30329191817, 0.320459127713, -0.0394715659371, -0.946439614,  
264, 3144399.8689599554, 90.88308348977597, 97.07143485740839, 90.82487879093459, 85.14377158648882, -0.131033887413, 0.980383083994, 0.147238340685, 0.919304927611, 0.0645668161671, 0.38821331291, 0.371091054083, 0.186226031661, -0.909731440982,  
265, 2477344.9838040634, 83.93941918215617, 94.5093839777481, 90.25214160567494, 69.33706126043005, 0.424838925427, -0.033409854195, 0.904652236544, -0.376237899891, 0.902407382425, 0.21001418721, -0.823381400159, -0.429586659228, 0.370807729269,  
266, 3580288.5753845247, 94.9022424384826, 105.89992663950612, 97.75441564703654, 82.56526519780628, 0.767757216996, 0.6362978389, 0.075325400508, -0.408803628692, 0.395921874732, 0.822268485519, -0.493384686547, 0.662095861125, -0.564092742163,  
267, 3652074.3345676013, 95.53232184744124, 128.40053313031092, 102.45467890409626, 66.27540277944543, -0.997592315455, -0.00791325378991, -0.0688981317604, -0.0681274329407, -0.0739791518862, 0.994930016618, 0.0129701590789, -0.997228391844, -0.0732619237586,  
268, 3496717.4991224343, 94.15801895236088, 106.37238212473424, 100.58565963167125, 78.02018652995184, -0.771260509869, 0.271689989387, -0.575622945671, -0.502508958219, 0.295181557152, 0.812620818849, -0.390694219084, -0.915998033832, 0.0911352247472,  
269, 3928037.934537547, 97.88038929740033, 106.01973975952089, 95.49392681667766, 92.62422298310469, 0.200042338614, -0.107940815457, 0.973823312065, 0.877898654979, 0.461078540761, -0.12923053368, 0.435059782498, -0.880769754027, -0.186996326286,  
270, 2907042.703497665, 88.53621142806176, 104.26430545255245, 83.18043740688296, 80.02136362427957, -0.442443046027, 0.497464060736, 0.746172673915, 0.854170530299, 0.487233886776, 0.181647583925, 0.273197467396, -0.717727418908, 0.640492385557,  
271, 2893324.957447949, 88.39673031658467, 97.45625079803024, 90.59281572611098, 78.23573120295246, 0.244363871622, 0.448587674863, 0.859683311579, 0.370420816718, 0.776141622674, -0.510286782207, -0.896144361578, 0.443140248131, 0.0234947589518,  
272, 2891993.7591355187, 88.38317133381184, 93.16288243057484, 86.99625160136647, 85.18542303968081, 0.363265421457, -0.804380990748, 0.470116427386, -0.373012517236, 0.336816048333, 0.864532597171, -0.853756344374, -0.489414110247, -0.177690554424,  
273, 3170433.894404026, 91.13321627345671, 114.12994591782764, 89.70737010135797, 73.92687641540776, -0.849322641647, 0.0313034167157, 0.526945107661, -0.476282386325, -0.475865970838, -0.739396149757, -0.227609619441, 0.878960564474, -0.419073009435,  
274, 3818467.92264627, 96.96169059312057, 103.71010507686658, 99.66796610234816, 88.19091879711098, 0.469062206061, 0.118277964616, -0.87520910069, 0.102222164323, -0.991601961922, -0.0792223341887, 0.877229317776, 0.0523055656635, 0.477213633328,  
275, 2850928.297912869, 87.9628371197653, 103.29696145522728, 91.32050499289348, 72.1509135510249, 0.0448704075346, -0.70975342609, 0.703019715713, -0.894139460201, -0.34238469383, -0.288595473185, 0.445534815968, -0.615648272624, -0.649981486025,  
276, 3460371.0860689133, 93.83064212420166, 99.92348734309103, 96.79012209689077, 85.41525562265814, 0.633521699108, -0.347547588829, -0.691274858691, 0.0422291646564, -0.876574226105, 0.479410391815, 0.772571650018, 0.332908845824, 0.540652148762,  
277, 4124265.1292636693, 99.483866408174, 108.86294144343333, 101.0460957570538, 89.5072809771777, -0.471266300028, -0.844280540657, 0.255143965489, 0.48268432286, -0.00476441556591, 0.875781448085, -0.738189622606, 0.535880274886, 0.409766289567,  
278, 3522525.7207662878, 94.38910204912216, 98.17184473837837, 93.66037816442739, 91.4582115974943, -0.577647453874, 0.681445407812, 0.449394676432, 0.796148210849, 0.591862948234, 0.12588199581, 0.180198350143, -0.430500181975, 0.884419667311,  
279, 3204601.9941919656, 91.45943126858901, 104.83888036245074, 91.14562954164244, 80.06215324868415, 0.455977370004, 0.811329339348, -0.365826927874, 0.359750821687, 0.207944146459, 0.909581540187, 0.814041758351, -0.546355136397, -0.197058571479,  
280, 2481904.8670408907, 83.99088817500252, 99.41110227336928, 87.56328648881829, 68.06746530393323, -0.407588377534, 0.292134360588, 0.86517583754, -0.906780000332, -0.241332565813, -0.345700193342, -0.107804199816, 0.925427527169, -0.363265944537,  
281, 2378924.230710907, 82.81277418483809, 116.61672235373504, 79.14275736598417, 61.53468651787976, -0.666593931332, 0.380399993646, 0.641052552873, 0.0895785130517, -0.812875773257, 0.575507312944, 0.740019067802, 0.44105421672, 0.507782391585,  
282, 3226767.619284378, 91.66981613587133, 104.24915837737696, 100.81153098263589, 73.29870689520247, -0.0381322379097, -0.852280850736, 0.521692710225, -0.756286204326, -0.316614034303, -0.572526619843, 0.653128708279, -0.416380720918, -0.632495047941,  
283, 3008529.969535935, 89.55474004850561, 108.95762119744658, 86.65885198721384, 76.06680731211928, -0.989810254335, -0.117870830375, -0.0798882204111, -0.109935030776, 0.276012809839, 0.954846174948, -0.0904983393329, 0.953899049246, -0.286158442871,  
284, 3308800.4404333085, 92.44015290963358, 106.13479850726398, 93.10998948806092, 79.93332673878808, 0.193496276881, -0.378498806121, 0.90515073032, -0.530176888325, -0.816617643038, -0.228140509697, 0.825512966536, -0.435745658434, -0.358683792827,  
285, 3301219.8829331845, 92.36950457510758, 106.86724501136874, 88.33010933357394, 83.48961555013214, -0.361713317581, -0.264573433097, -0.893959940033, -0.915890992934, 0.279900845375, 0.287748511415, -0.174089531413, -0.922852325812, 0.343564287718,  
286, 3510000.6483855983, 94.27709583299759, 99.79026368219377, 95.9086102171378, 87.55336038454367, -0.968436735917, -0.0999578784156, 0.2283390266, -0.249121346279, 0.418640198805, -0.873314913861, 0.00829718951244, 0.902634370322, 0.430328188897,  
287, 3485636.0360163595, 94.05844816139654, 113.9981441191856, 87.07370270298283, 83.83176960215076, -0.899354871164, 0.237082408675, -0.367359152888, 0.374613510667, 0.851089186682, -0.367847677631, -0.225445189213, 0.468443302663, 0.854245479269,  
288, 3756407.6247414122, 96.43352335436238, 109.48479105723975, 95.42105424522364, 85.83928662385065, 0.844120979981, 0.511914298577, 0.159384823834, 0.369400329966, -0.339834801504, -0.864902135451, 0.388591260037, -0.78895884468, 0.475962996486,  
289, 3528764.433423327, 94.44479307204399, 100.34915979935829, 93.87218074023771, 89.43003702776423, 0.699433341404, 0.470906081361, 0.537624835243, -0.44513045828, -0.301497817099, 0.843183219352, 0.559152819938, -0.829063645821, -0.00126298583649,  
290, 3330074.471419805, 92.63784539532227, 99.41491919286966, 94.26949598979229, 84.8286562654566, 0.959175504184, -0.279954483828, -0.0400978697566, 0.233282189582, 0.703046908977, 0.67179197956, 0.159880493488, 0.653720529555, -0.739653768354,  
291, 3389843.2686792593, 93.18878938173049, 100.33656420368925, 91.4939013349302, 88.15351573927907, -0.142299714101, -0.349667337588, -0.926004073636, -0.0871315692626, -0.92746761705, 0.363609555653, -0.9859811768, 0.132425723893, 0.1015113129,  
292, 3120909.2423697733, 90.65619980365548, 118.43039839692152, 83.68165145321224, 75.1794419073699, -0.403072220921, 0.594180537201, 0.696047608956, -0.117616714169, -0.78789382774, 0.604474668417, 0.907578698114, 0.161780114419, 0.387463677405,  
293, 3108723.940647932, 90.53805966281742, 112.62825924322628, 85.15639399934685, 77.38003359878536, 0.163614854034, 0.82304539994, 0.543899300585, -0.374785875468, -0.458135353675, 0.806007162042, 0.912559985474, -0.335720519705, 0.233508041747,  
294, 2974078.2272786824, 89.2115858200716, 132.02259522044625, 89.28031309806168, 60.23651089116356, 0.455241859653, 0.261996536248, 0.85094809725, -0.47341987841, -0.738201337663, 0.480554267277, 0.754074577178, -0.621624163033, -0.212025781422,  
295, 3657974.878354596, 95.58374370512622, 102.23946098918, 97.34010970899304, 87.74890923891219, 0.48416364712, 0.396210063734, 0.780130212339, 0.724771738731, 0.317904214861, -0.611263312256, -0.49019535855, 0.861367805046, -0.133244192693,  
296, 3414816.3718707343, 93.41707148367259, 105.96530981997778, 102.11214630588681, 75.34208395849885, -0.574787748707, 0.636041469175, 0.514849777534, 0.792667135039, 0.589017575301, 0.157280351652, -0.203218741671, 0.498507317375, -0.842729255192,  
297, 3470211.147042496, 93.91949824385371, 97.78259536260894, 96.46191361147874, 87.83141061550964, 0.299597836592, 0.313479625577, -0.90109470127, 0.181444324078, 0.908520048275, 0.37638979681, -0.936653134073, 0.276264087841, -0.215311542189,  
298, 3560429.6873505153, 94.72645136305074, 106.75200922337808, 91.88697012071187, 86.6530423353471, 0.279927546549, -0.731769916087, 0.621412390118, 0.553666531361, 0.651854238333, 0.518207896522, -0.784279249205, 0.198994577506, 0.587628468839,  
299, 3064965.1717724795, 90.11124253654306, 105.71669345166654, 87.50968349206421, 79.09285462713936, -0.0292824270525, 0.554284693949, 0.831811888301, -0.983985624449, -0.162364366784, 0.0735534042528, -0.175826136693, 0.81633711814, -0.550162593424,  
300, 3492807.262200108, 94.12290816746459, 105.56630604815606, 95.24115700566706, 82.93465154951423, 0.605733348851, 0.588930521087, 0.535021449498, 0.6898729742, -0.0537041015401, -0.721935695853, 0.3964371193, -0.806397365329, 0.438817615452,  
301, 3175573.804260062, 91.1824380968691, 96.86376336859621, 92.31223487085886, 84.78382344282205, -0.544175633099, -0.247697845776, 0.801572615263, 0.827309464866, -0.31717653986, 0.463635731912, -0.139398456536, -0.915447879325, -0.377522516619,  
302, 3824191.062744721, 97.01010864451506, 114.86821672912045, 95.26958972690761, 83.42511212365713, -0.840484373801, 0.472299979901, -0.26555366008, 0.504500481509, 0.860917738005, -0.065573718405, -0.19764939047, 0.189085635028, 0.961863473198,  
303, 3466254.34896707, 93.88378842616021, 112.6215921308528, 100.03420662367118, 73.45166138406026, 0.146699195757, 0.611112932751, 0.777830527422, 0.425285296132, -0.748917468269, 0.508187999283, 0.89309112797, 0.256249115406, -0.369762934858,  
304, 3192667.841720164, 91.34575635792103, 101.33657493891482, 93.09991826039412, 80.78851165265955, 0.764338151137, 0.591699535994, 0.256278851685, 0.586563915211, -0.803094219977, 0.10479717178, -0.267824502406, -0.070223450107, 0.960905147747,  
305, 3616687.3172896253, 95.22276426135109, 107.27583317525472, 94.2692227994487, 85.37889527108368, -0.900249875782, -0.432960428379, 0.0457758518428, -0.389762335132, 0.848319627353, 0.35838405651, 0.193998668208, -0.304793499448, 0.932451306733,  
306, 2109235.922609502, 79.55708279051817, 116.84740691326448, 78.61570494416807, 54.816103074013, 0.586088635625, 0.745761047011, -0.316765799845, -0.236442077758, 0.531351029327, 0.813487078876, 0.774980809476, -0.401878768279, 0.487748091283,  
307, 3653989.2141453936, 95.5490156413866, 104.00673855289216, 102.24732880688568, 82.02858175804424, -0.623660026848, -0.119655799417, 0.77248343709, -0.751998777412, 0.361636301829, -0.551105274853, -0.213415111188, -0.924608930773, -0.31551912058,  
308, 3344894.4575590063, 92.77506554884691, 103.25076816148393, 93.8896303283406, 82.37262178664722, 0.586887733189, 0.400663027626, 0.703585053086, 0.766834604085, 0.00383981635006, -0.641833269462, 0.259860498364, -0.916217438223, 0.304988733047,  
309, 2674011.5831892565, 86.10431015379767, 112.7303098790661, 85.2881697820255, 66.39649884583395, -0.597656239412, 0.610614541831, 0.519573768387, 0.800681763908, 0.488047481852, 0.347445489829, 0.0414214007145, -0.623666206205, 0.78059255108,  
310, 3582789.052633725, 94.92433057195879, 105.42223694542096, 93.58316442293865, 86.69672170620764, -0.959762643687, 0.0234948197058, 0.279827913601, 0.217920970395, -0.566159369002, 0.794967936179, 0.177104823326, 0.823960898549, 0.538258598832,  
