# Void_ID, Void_Volume, r = (a*b*c)**(1/3.0), a, b, c, vector_a, vector_b, vector_c 

8, 672222.7879364108, 54.342741049969526, 109.01007820306386, 98.97165106062187, 14.87466367644688, 0.03060374166, -0.457060756376, -0.888908811959, 0.0155726314902, -0.888999403731, 0.457643478392, 0.999410278187, 0.0278482521421, 0.02008906936,  
17, 926369.7794385768, 60.473521121616095, 134.5496176559386, 76.92256139653065, 21.367787912632835, -0.652574105576, -0.629233433139, -0.422152014506, 0.107293899199, -0.628252295758, 0.77057580553, -0.75009003188, 0.457563481382, 0.477494088529,  
18, 631333.9961050822, 53.2177924607872, 92.56208603406121, 76.34078277089311, 21.32950733238907, 0.317553752796, 0.933807487713, 0.164812590466, 0.613572471116, -0.0698321665273, -0.78654452589, -0.722971947433, 0.35089463434, -0.595134034329,  
24, 773513.5305617936, 56.945546940527166, 86.29294750700251, 69.3310738484869, 30.86569605907262, 0.0508534066314, -0.711971092332, 0.700364972509, -0.963663018544, -0.219117826103, -0.152777501535, 0.262235614906, -0.66714656708, -0.697243099864,  
34, 2378426.571376948, 82.80699910610467, 111.49464040123516, 94.80302364075222, 53.7186337732969, -0.953596640272, -0.162866377467, -0.253235050402, -0.111301311748, -0.590809016839, 0.799097443135, 0.279759656964, -0.790202030314, -0.545266252048,  
40, 1399316.6265545082, 69.38663000588788, 134.7685821626749, 63.48836051089236, 39.04312880342103, -0.173486853756, -0.516377440537, -0.838603989066, -0.949226569318, -0.139231989785, 0.282105251851, 0.262433289952, -0.844966740129, 0.466004266504,  
49, 2455485.108598146, 83.6917980570787, 142.78602367932012, 67.17563458483839, 61.115478745254364, -0.30163225084, 0.660900649501, 0.687188705336, 0.851742652929, 0.510668004022, -0.117271662605, 0.428430202525, -0.549935015394, 0.716951212014,  
63, 562889.5734476482, 51.22062399561738, 110.8037349163702, 61.482539329893136, 19.725517192005743, -0.7184691448, -0.615385413557, -0.324195744501, -0.691852811757, 0.680318429919, 0.241881212121, -0.0717061701325, -0.398079925008, 0.914543929219,  
64, 1099508.8939508412, 64.02801614949453, 128.96464148584164, 91.47066188204599, 22.251416383028623, 0.337950068246, -0.826679302633, -0.44987896369, -0.818061205991, -0.494367152677, 0.293899611444, -0.465366108162, 0.268705133841, -0.843345680265,  
87, 2368626.706819778, 82.69311226384633, 131.46354113633447, 115.27135004823585, 37.31481617281247, 0.288176736953, -0.951828281777, -0.104771610123, 0.0410627339185, -0.0970292008289, 0.994434103433, 0.956696409611, 0.29087498379, -0.0111231129867,  
90, 614742.5891814426, 52.747461548638526, 109.97672389996376, 66.88533989960678, 19.95138163080195, -0.989255544888, -0.0121052083061, -0.145694649319, -0.0449486464971, 0.973479484003, 0.224315209925, 0.139115369698, 0.22845384251, -0.963564090113,  
119, 2029035.629111458, 78.53568232562684, 111.60998206954206, 90.33041664119271, 48.04674954054993, -0.637143085468, -0.509448265244, 0.578369392068, -0.024390347433, 0.763353707353, 0.645520122399, 0.770359526191, -0.3971820521, 0.498791156595,  
147, 1482543.1471211223, 70.7358501382845, 124.13228905262348, 71.62158595095048, 39.80980357776502, -0.736950234781, 0.661077948548, -0.140997508484, -0.192103301487, -0.00484189236195, 0.981362765564, 0.648074589082, 0.75030160737, 0.13056349017,  
153, 711706.8540533031, 55.38653286700033, 127.09911965717953, 49.508908639650116, 27.00142244555243, -0.832291278779, -0.0536869052869, -0.551732673918, -0.526230134603, 0.389431492618, 0.755926555952, -0.174278721317, -0.919489439177, 0.352372102384,  
167, 1049186.9222828837, 63.03591865947179, 133.78000049616304, 68.87122009490793, 27.185372568118517, 0.19718485733, 0.744367330026, -0.637993268013, -0.578633420669, 0.613695096646, 0.537179386087, 0.791392125639, 0.263240586429, 0.551727194483,  
179, 1264603.619375113, 67.08446135981812, 109.0042908987325, 76.50054179757394, 36.20409586039643, -0.324088880553, -0.707645906192, -0.627856407908, -0.945437352809, 0.265695149002, 0.188558478225, -0.0333857666574, -0.654708606364, 0.755143715685,  
185, 2695918.9332135646, 86.3388129078813, 125.08732982487025, 83.58234901045007, 61.55882547601696, -0.661628447094, 0.74394504138, -0.0937740550595, -0.159144020539, -0.0171103716551, 0.987107094447, 0.732748919292, 0.668021714159, 0.129715113573,  
186, 1013244.4695398479, 62.307722577188535, 117.7302210591462, 48.47717575359512, 42.38384600145806, -0.3283895356, 0.0690391899596, 0.942015872031, -0.342907988405, -0.937994698519, -0.0507942618744, 0.880099099191, -0.339705071791, 0.331701733192,  
194, 1300730.711857878, 67.71729397345595, 111.90100617315368, 98.59163174188808, 28.146522097942288, -0.209418500936, -0.636706484744, 0.742124479956, -0.0528547416422, 0.765214689179, 0.64160178908, 0.976396572992, -0.0951384872128, 0.193903069856,  
223, 2789737.6711510145, 87.32895283579354, 101.60000835732234, 91.3772416925374, 71.73696017066226, -0.607535365371, -0.0610815842534, 0.791940540627, 0.173935088667, -0.98307049452, 0.0576106564393, -0.775014428739, -0.172746759362, -0.607874322847,  
241, 499582.4140110833, 49.22354008361684, 172.5815411771001, 42.60692851717905, 16.21974276792249, -0.986199199447, 0.11100438092, -0.122837968177, 0.0669839994096, 0.946020957199, 0.317108013716, 0.151407670983, 0.304503490877, -0.940400628036,  
254, 3527178.658838507, 94.43064358757312, 104.10038959673548, 91.39423182948845, 88.50497974468966, 0.44715147356, -0.894098158476, 0.0253779964352, -0.664844112794, -0.313250297327, 0.678127242417, 0.598362653729, 0.320098007232, 0.734506228965,  
255, 3468780.859244671, 93.90659313363267, 106.29626869522492, 91.33131584223253, 85.30029247307228, -0.936185353124, 0.0797404508293, 0.342342584405, -0.168414841471, -0.956618636798, -0.237733516574, 0.308534318623, -0.280218208244, 0.909001831682,  
256, 3160126.033169141, 91.0343435342061, 102.76480005270042, 92.03547374778363, 79.76569629057305, 0.632930452889, -0.473788403918, -0.612310044111, -0.365274853791, -0.880070443251, 0.303397917104, -0.682622386825, 0.0316316807591, -0.73008637419,  
257, 3484798.9415143356, 94.05091800881253, 102.8941621099429, 90.07376598569479, 89.76355848093428, 0.128111828889, 0.444064941047, -0.886788411873, 0.776291630556, 0.51157529658, 0.368323255114, -0.617218489376, 0.735592988046, 0.279185050299,  
258, 3437558.4020616515, 93.6239928092004, 98.16189025771423, 93.57224637619935, 89.34525805643091, 0.17135427311, 0.0604407307607, 0.98335376704, -0.86424125617, -0.469970585546, 0.179484539323, 0.472995522412, -0.880610337656, -0.0282960949927,  
259, 2931965.8956206115, 88.78851007803217, 111.35712383358532, 88.76169839397434, 70.81523425681544, 0.407283272063, 0.0280390784317, -0.912871374498, 0.49620711435, -0.845929179635, 0.195402975185, -0.766745613595, -0.532557633616, -0.358445994413,  
260, 2934167.954440628, 88.81073277788208, 102.45864207385496, 86.98090963561492, 78.60023047156858, 0.810676907515, -0.150660723544, -0.565777604721, -0.17101220311, -0.985117175788, 0.0172909327502, -0.559962300525, 0.0827375147637, -0.824376567863,  
261, 3159229.8208063557, 91.02573693465024, 97.89459743615926, 89.43957281700118, 86.1398616280027, 0.807780549922, -0.49862908983, 0.31441948722, -0.304556990484, 0.103661481331, 0.946836488965, -0.504713406515, -0.860594752519, -0.0681252465708,  
262, 2997673.325111757, 89.44688717239814, 107.85886376446385, 96.34957543272111, 68.86365156254898, -0.634464275781, 0.686320677094, -0.355554511926, 0.771136834864, 0.593538983465, -0.230346384872, -0.0529439767432, 0.420327733205, 0.905826435928,  
263, 3128071.7313378053, 90.72549883159004, 101.87748553682702, 91.25602790531627, 80.32455262365845, -0.972527742301, -0.167843716968, 0.161301819984, -0.222017154059, 0.877092821013, -0.425930236813, 0.0699869542091, 0.450040742602, 0.890261285376,  
264, 3517035.714503623, 94.34004007424144, 101.09808125105053, 97.59518898616663, 85.09750883541602, 0.656787075574, 0.578968584012, 0.483141921268, -0.67024836143, 0.154622633448, 0.725850518513, -0.345539970712, 0.800554320426, -0.489606891993,  
265, 3438755.9545053365, 93.63486356987467, 98.87383375174099, 96.78611067816433, 85.78637843663289, 0.702391138548, 0.621677042958, -0.346647288678, 0.635959799338, -0.329378940746, 0.697900169809, -0.319690197089, 0.710652635014, 0.626714456697,  
266, 3679844.2136113686, 95.77384898072971, 104.63443036664768, 94.66849187423699, 88.6871606314607, -0.0717070240629, -0.801381064184, -0.593840460619, -0.135820115591, -0.581982247234, 0.801778997047, 0.988135111663, -0.138148665838, 0.0671114537636,  
267, 3497281.229441041, 94.16307863837027, 103.20959034453323, 97.4456598678684, 83.01553909950859, -0.169716208493, -0.482258240207, 0.859432020771, -0.960020944519, -0.116088965256, -0.254721687788, 0.222612206895, -0.868303139404, -0.443275832234,  
268, 3271484.234158661, 92.0913290718624, 99.10624912967558, 91.39465324285413, 86.22523630189139, 0.775013204791, 0.631114964657, -0.0323795272591, 0.388802143359, -0.435805453528, 0.811730558742, 0.498184128329, -0.641691131357, -0.583133832168,  
269, 3473935.871745934, 93.95308882135255, 104.27125490513534, 90.7246987230539, 87.66839442834369, -0.134155901023, 0.232617714863, -0.963271090064, -0.262786489461, -0.945607638363, -0.191753631587, -0.955481792175, 0.227409746937, 0.187987637414,  
270, 3141633.6546654264, 90.85642489534692, 120.92597976620121, 97.08116701286, 63.88697545439792, -0.324193606552, 0.936631734492, -0.132738462447, 0.9291529087, 0.341629202631, 0.141295294205, -0.177688991571, 0.0775272974613, 0.981028103789,  
271, 3743473.825053688, 96.32271836664178, 117.71164142625275, 109.84495476572202, 69.11728359287345, -0.412969650669, -0.204012585731, 0.887600660483, 0.841977835091, 0.285987285126, 0.457476335959, -0.347173433377, 0.936263925189, 0.0536700060308,  
272, 3723518.5833144053, 96.15125830834182, 100.74052687537771, 94.26879247915431, 93.60364360512288, 0.176526650264, 0.546525054928, 0.818626108845, 0.828592680401, 0.366408927231, -0.423295013, 0.531293244576, -0.753030452493, 0.388165719618,  
273, 3436224.269057128, 93.61187926748651, 103.13148210111017, 94.46232147671017, 84.20599617284996, 0.485808854157, -0.851228948203, -0.198491901508, -0.169360809888, -0.314458931227, 0.934040950197, 0.85750024682, 0.420148614555, 0.296931757126,  
274, 3612088.2629043655, 95.18238472861897, 99.85682009536939, 93.59770683318, 92.26283688487851, -0.731874395757, 0.680561320557, -0.034585514248, 0.0321480213481, 0.0851799627046, 0.995846814865, 0.680680816211, 0.727722930046, -0.0842197335971,  
275, 3532356.359270125, 94.47682729263298, 101.91769333490525, 92.53446264533153, 89.41755862197913, 0.713419671703, -0.69107808429, 0.115945907392, 0.313811120794, 0.463030320426, 0.828930336537, -0.626542059636, -0.554990093406, 0.547202927375,  
276, 3223007.6358845015, 91.63419628422461, 100.40161913212634, 90.00520854428751, 85.14602267326812, 0.769522498539, -0.567666546738, 0.292557372079, -0.472753361528, -0.198376901431, 0.858574903047, 0.429347625365, 0.799000185665, 0.421021757039,  
277, 3529396.5310328943, 94.4504319450723, 105.27725434671663, 94.14159163485895, 85.01503906137425, 0.223110389868, -0.152604454953, 0.96277392687, -0.863329022366, -0.489555412032, 0.122468353838, 0.452641970076, -0.858514635215, -0.240972753744,  
278, 3732396.076598152, 96.2276112405503, 108.67712876688984, 91.73325861296263, 89.3787214683721, -0.768188828979, 0.331480901609, 0.547728340421, 0.618844863112, 0.603692480247, 0.502579769482, 0.164063885212, -0.725035034438, 0.668885072645,  
279, 3432035.451836906, 93.57382563030468, 97.58901890996816, 94.04111017682305, 89.27800082003458, -0.871881544085, 0.468851166323, 0.141425446513, 0.456095566796, 0.672265462073, 0.583126043367, -0.178323882397, -0.572920354274, 0.799976787554,  
280, 3808303.742449883, 96.8755817260947, 103.01445297960339, 94.45366188278257, 93.4385326542658, -0.216112423975, -0.746993530429, -0.62872576351, -0.23284980277, -0.585931155481, 0.776186607967, -0.948196387651, 0.314142239334, -0.0473102939378,  
281, 3760014.482313337, 96.46437825201525, 103.81708773283204, 95.4045031132886, 90.62816621091018, -0.0482489019233, -0.70671684417, 0.705849378855, -0.985630758716, -0.0808403833609, -0.148313316631, -0.16187665346, 0.702862813488, 0.692661399589,  
282, 3507621.231797, 94.25578765132775, 99.24022581689711, 94.8245492149976, 88.98474296408477, -0.309738401202, -0.203143736071, 0.928867453039, 0.133231045883, 0.95799947843, 0.253941898355, 0.941441241519, -0.20240953985, 0.26966417438,  
283, 2104235.8696723166, 79.49416832264619, 101.53848297036238, 90.53222312118208, 54.64770834834815, 0.408729471672, 0.441303810446, 0.79886867874, -0.689431669839, 0.72285189696, -0.0465736801793, -0.598016882379, -0.531729331472, 0.599699696884,  
284, 3710763.351294086, 96.04134124396124, 100.37530612940132, 96.16960877307704, 91.77194101051585, 0.537996347698, -0.628842810323, -0.56135251827, 0.556341649163, -0.235412477606, 0.796909615197, -0.633280269131, -0.741038248198, 0.223200393005,  
285, 3106572.780628787, 90.51717147861756, 102.35904476935428, 90.83830617138021, 79.76230053479708, 0.426377215333, -0.414108568455, 0.804186896049, 0.845419102911, 0.498595699221, -0.191491172516, 0.321665992418, -0.761522437129, -0.562685140262,  
286, 3120591.852468751, 90.65312651790231, 107.22213532895961, 84.26633534020395, 82.45363410321247, -0.941243418394, 0.160725415515, -0.29703226784, -0.152777155418, 0.581733457773, 0.798902575343, 0.301197556619, 0.797341535927, -0.522997616603,  
287, 3287862.6888592737, 92.24475622630463, 98.52834820129117, 93.47061769702478, 85.22926589218997, 0.217387502442, -0.409484832781, -0.886038851013, -0.0902796485176, -0.912291223783, 0.399467530686, 0.971901362714, 0.00684797276015, 0.235288857415,  
288, 3471407.9462611275, 93.9302939234324, 116.52766082132364, 87.57055170269555, 81.21381832589819, -0.438524825371, 0.047941073618, 0.897439485978, -0.128080686853, -0.991717209963, -0.00960797156719, 0.889545566673, -0.119157999827, 0.441032941954,  
289, 3559248.7466303697, 94.71597709412663, 98.62952132064596, 96.85571993480269, 88.94827549053699, -0.959523591613, -0.278519229261, 0.0417314757671, -0.25575648735, 0.923796748504, 0.284935407824, 0.1179113918, -0.262729150239, 0.95763787378,  
290, 3543237.9506494934, 94.57374129443187, 98.55524442786646, 96.42525163641488, 89.0104894904393, 0.165045290436, 0.761400893008, 0.626920036553, -0.521461482751, -0.472164749492, 0.710730871248, 0.837160662067, -0.444217434894, 0.319112670422,  
291, 3501814.9352596416, 94.20375055160044, 106.22614568674322, 97.09627791564566, 81.05327651365323, -0.855203414903, -0.151394924424, -0.495688103546, -0.29379885901, 0.929491291677, 0.222998137081, -0.426976989524, -0.336341367596, 0.83938378282,  
292, 3325768.63763826, 92.59790082233833, 128.95652459642272, 97.05562018647727, 63.43652941073461, -0.657669471431, -0.752126289887, 0.042153415151, -0.745082046227, 0.657716110669, 0.110735099027, 0.111011759456, -0.04141934123, 0.992955601945,  
293, 2479959.193027169, 83.96893439089718, 99.86835925236034, 85.14040744994831, 69.62934123398566, -0.204492878674, -0.901950293496, 0.380352902755, 0.195116795822, 0.343208152286, 0.91876961214, 0.959224738296, -0.262095082492, -0.105802028212,  
294, 3757929.1982049732, 96.44654207664796, 99.24237932732223, 96.40359518270091, 93.77122421179294, 0.273015164888, 0.81490199025, -0.511270443139, 0.561170925811, -0.566575578563, -0.603389845623, -0.781376933218, -0.122175529722, -0.611983029317,  
295, 2417905.504958531, 83.26265176100354, 110.67598335452986, 80.64390621383652, 64.67341135831988, 0.135281467638, -0.752662350772, 0.644358836554, 0.3244361154, 0.648134364894, 0.688957946516, -0.936183812901, 0.11585003571, 0.331871417402,  
296, 3282985.916394621, 92.1991258444874, 97.32144402177805, 94.37137235799437, 85.3358650902104, 0.956117739421, -0.0821948755595, -0.28121676834, 0.276424885531, 0.571180015661, 0.772879468203, -0.0970986664331, 0.816699082981, -0.568836054444,  
297, 3465678.931952145, 93.87859306603407, 101.67192106504613, 95.3301277308862, 85.36277257865841, -0.391644923463, 0.153513867126, -0.907219789536, -0.230806648346, 0.938068172799, 0.258372588059, -0.89069778545, -0.310582671412, 0.331957616593,  
298, 3101265.824846634, 90.4655986297665, 101.39823430385809, 88.6578487517116, 82.35743316031358, -0.606456488901, -0.752048331682, -0.258135301507, -0.786282016274, 0.615495241362, 0.0540943504058, -0.118199483729, -0.235773015157, 0.964593161582,  
299, 3023057.0054569817, 89.69865048367222, 112.16794903257188, 103.8028147583212, 61.98403128795085, -0.847728095073, 0.325422985986, 0.418875825295, 0.529713676934, 0.560439463581, 0.636640422947, 0.0275771154, -0.761582226587, 0.64748128533,  
300, 3563399.812658596, 94.75278444240581, 104.2434687415687, 100.32213432901321, 81.34489935781606, -0.959628491276, -0.188937850784, -0.20836421783, 0.170901365386, -0.98003841932, 0.101574701403, 0.223396244462, -0.0618642481343, -0.972762526397,  
301, 3133641.9858378908, 90.77931946886007, 118.40842866709693, 83.15317511894554, 75.98000421312766, 0.745519406606, -0.570854561048, -0.343985296929, -0.590946679688, -0.327516600517, -0.737234628969, -0.308192855432, -0.752899692201, 0.581514589107,  
302, 3802116.2706241542, 96.82308767660793, 127.17566657040449, 104.61359147988446, 68.22517364581189, 0.726907305747, 0.686725812552, -0.00366431815627, -0.589276357933, 0.626478173859, 0.51017494221, -0.35264591708, 0.368690596644, -0.860062847188,  
303, 3229461.2136204075, 91.69531664198885, 95.00447755649901, 93.78173407571646, 86.53247603876041, 0.963545112005, -0.258742801058, 0.0680659976242, 0.00930846527124, 0.286675286226, 0.95798258478, 0.267383936701, 0.922425846975, -0.278633069153,  
304, 3383659.0604144703, 93.13208570888683, 98.77369922788179, 93.49881188497866, 87.46827792166829, 0.805691859416, 0.588625938495, 0.0661825672005, -0.399083259995, 0.456867099421, 0.794987424466, -0.437713581309, 0.666927250904, -0.60300486129,  
305, 1122169.1935509557, 64.46488974770607, 108.77151822920109, 63.47073651550924, 38.804402830868725, -0.858148329478, 0.482471555568, 0.175506816626, 0.476645017687, 0.621690015139, 0.621539260377, -0.190764178315, -0.617027327713, 0.763469911082,  
306, 3212626.994890813, 91.53571221151509, 115.51480157104695, 95.38624024064492, 69.60626453187781, -0.580777538999, -0.294724932671, -0.758837706138, -0.80577813829, 0.340772316737, 0.484350926498, -0.115840588947, -0.892754973219, 0.435395815029,  
307, 2948551.943581432, 88.95562005580092, 107.4595286082061, 86.11407118993347, 76.0678463940424, 0.231008871233, -0.104383036331, -0.96733607559, 0.843006430025, 0.517869305818, 0.145435693787, -0.48577264265, 0.849067467177, -0.207627974596,  
308, 3574075.3471230078, 94.84731290754095, 100.6474559279229, 95.00724092509508, 89.23096440117988, -0.410816004909, -0.290339464991, -0.864252975221, 0.893342421917, -0.317549214238, -0.31796511403, 0.182125032091, 0.90269900388, -0.389826860389,  
309, 2993791.1524863597, 89.4082574052707, 100.01093986961314, 90.8875585573489, 78.62867280875253, 0.107396992544, -0.651950113905, 0.750617702277, 0.875701009115, -0.295453124869, -0.381909928701, 0.470758567238, 0.698332657108, 0.539182595591,  
310, 3135050.1969077503, 90.7929157144529, 106.22667706855108, 87.68231271635784, 80.35451738857984, -0.296281254788, 0.665813785884, -0.68476961132, -0.0335383393883, 0.709265742455, 0.704142944558, 0.954511706504, 0.231590390791, -0.187811855432,  
311, 2675126.1836726596, 86.11627202846408, 110.67892902387901, 89.93461583118723, 64.1599225410027, 0.553380291958, 0.150576564366, 0.819205072455, -0.199801340419, -0.930810327514, 0.306058096707, 0.808609718491, -0.333044790467, -0.485006691402,  
312, 3550333.105578827, 94.63682558458613, 96.62217874021073, 95.71023570015811, 91.65270368887258, 0.566628121507, -0.266413952822, 0.779715446595, 0.579614660412, 0.80145408143, -0.147370963201, -0.58564444619, 0.53543903584, 0.608543853429,  
313, 2433779.1470873835, 83.44446197379523, 109.11505835840435, 88.60583892302687, 60.09599432958909, 0.74456789661, -0.0656946557527, -0.66430629949, 0.546467309371, 0.63153110127, 0.550038133148, -0.38339552309, 0.772562411934, -0.506117765486,  
314, 3627448.695919625, 95.31711520138543, 102.28159672787235, 97.71446552662385, 86.64755439806706, -0.261349057109, -0.964551092435, 0.0365767744736, 0.348345703733, -0.0589100647404, 0.935513161299, -0.900195501566, 0.257236844863, 0.351393318955,  
315, 3683694.106009709, 95.80723721498767, 100.0882735513243, 95.64262890501527, 91.86715073054806, -0.255393049452, 0.835556169621, 0.486436303846, 0.959646639175, 0.280320467931, 0.022333006477, 0.117697570965, -0.472510658786, 0.873430569148,  
316, 3640096.7063588346, 95.42776904293588, 106.06274644705876, 92.61090238578042, 88.47067232866596, -0.391353186794, 0.803038789324, 0.449412267331, 0.133311191544, -0.433739200243, 0.891122007573, 0.910533255513, 0.408655122338, 0.0626911603914,  
317, 3613149.491295928, 95.19170531651464, 103.4565907407192, 95.19915803727763, 87.58022388456682, -0.0915916799135, 0.623622097838, 0.776341705217, -0.977960822972, -0.20322667271, 0.0478701183474, 0.187626205265, -0.754847268384, 0.628491852382,  
318, 3710448.793473921, 96.03862739007484, 104.78706114105783, 93.78214226378074, 90.13843712301227, -0.742417702972, 0.668801518596, -0.0389933717135, 0.182977968814, 0.258422022199, 0.94854473873, 0.644464907689, 0.69708147814, -0.31423302753,  
319, 3342626.6799327596, 92.75409420619272, 112.43829928524907, 90.96240959048771, 78.02307127650204, 0.816586307234, -0.354726889149, 0.455363192356, -0.387595923879, -0.921546848412, -0.0228211738167, -0.427733798793, 0.157861459188, 0.890013234212,  
320, 3268317.124368845, 92.06160173721601, 102.00155350409487, 92.70069343888528, 82.51745235177819, 0.474456488067, 0.0297734428068, 0.879775302583, 0.655896968549, 0.654612797028, -0.37587398502, -0.587103234176, 0.755377804857, 0.291056977841,  
321, 3275843.2390802894, 92.13221249252045, 106.1103750375962, 89.06542167716984, 82.74990880210748, 0.793537013669, -0.493449598695, 0.356099005173, 0.318315398541, 0.835340086435, 0.448198892286, -0.518627337294, -0.242310613763, 0.819945883256,  
322, 3386616.2429389297, 93.15920904670142, 96.66710690470823, 96.51588735799676, 86.65624152550905, -0.238940402965, 0.951905875941, 0.191788130964, -0.838442676678, -0.301879008477, 0.45374325578, 0.489817682159, -0.0523857575019, 0.870249602502,  
323, 3601903.829013568, 95.09284361630009, 107.49576880833176, 95.27032547823144, 83.96426383363446, -0.952431905869, 0.183408786521, -0.24338176125, -0.168957345719, 0.346859942921, 0.922573354983, 0.253627443329, 0.919809435168, -0.299372214754,  
324, 3562085.8506026273, 94.74113668315258, 106.81955840652589, 91.86561142457803, 86.65867108633306, 0.647507185024, 0.517126988417, -0.559744694653, 0.34005793298, 0.461257006936, 0.819513621467, 0.68197877354, -0.720986581986, 0.122814091364,  
325, 721541.665241268, 55.64048859820162, 88.95238968606715, 67.35794120856164, 28.749240819010026, -0.320869959306, -0.590399818753, -0.740587957795, -0.203993525168, -0.720501657316, 0.66276994764, 0.924894107941, -0.363738114336, -0.110749597177,  
326, 3572171.2225900413, 94.83046629597527, 101.33380277391666, 92.81384815610969, 90.67269789717828, -0.0546771980724, -0.562810119685, 0.824775832085, 0.0131567654254, 0.825533682019, 0.56419946772, -0.998417399455, 0.0417002282001, -0.0377331079235,  
327, 3616158.3395354315, 95.2181215984653, 109.33621447732182, 91.20806804150453, 86.56882826260171, -0.65482604237, 0.679765789337, 0.330335172031, 0.735165289736, 0.471514914374, 0.487037660033, -0.175313579054, -0.561775895861, 0.808500458769,  
328, 3789099.002836606, 96.71246391806095, 114.99778010927139, 102.42862153312315, 76.7956390150841, 0.657864452602, 0.580875114899, -0.479372989325, 0.520041641606, 0.110045471962, 0.847022245928, -0.544766971281, 0.806519742469, 0.229684244146,  
329, 3101768.8105676076, 90.47048915373799, 95.1127412605634, 90.53409002242995, 85.99436142669138, -0.934996947468, -0.211832528732, 0.284442767523, 0.140929189603, 0.514068769437, 0.846092349456, -0.325453025401, 0.831180052733, -0.450799343606,  
330, 2717544.2154755685, 86.56905363650799, 108.23737102039824, 87.2472985408219, 68.70032409310731, 0.462916550766, -0.744299153036, 0.481380346313, -0.735232833467, -0.0190702467122, 0.677546313016, 0.495117104954, 0.667574038201, 0.556061108064,  
331, 3405447.6094065593, 93.33156137415389, 99.96452150586795, 93.43061673483062, 87.04633431486042, 0.528962166336, -0.829979246148, 0.177012647992, -0.624446382787, -0.239409168662, 0.743471562997, 0.57468751649, 0.503803236318, 0.644915930541,  
332, 2919902.6795213176, 88.66657286081252, 111.7782269128036, 95.00658979809248, 65.6400376328938, 0.0344538625267, 0.970308818594, 0.239402856951, -0.686738075592, -0.151048577793, 0.711038074001, 0.726087974621, -0.188905065327, 0.661143803877,  
333, 3752136.5786688393, 96.39696109764357, 101.85181590037098, 97.21191941245144, 90.4694051024201, -0.746881151619, 0.451322948902, -0.488340189981, 0.365972356727, 0.892157193951, 0.264801388577, -0.555187157154, -0.019056155839, 0.831507115698,  
334, 3476992.8417452187, 93.98063947085797, 103.97441877453277, 97.70346584180844, 81.71065958500091, 0.192087204261, 0.333986710711, -0.922797585079, 0.977934733123, -0.143840344456, 0.151504498476, -0.0821350333974, -0.931537885636, -0.354247094432,  
335, 3747411.9865440843, 96.35648392724877, 105.15291346086423, 95.58283491518067, 89.01057671816501, 0.314960728504, -0.909321840501, 0.271907208231, 0.666211285735, 0.415863650491, 0.619047612838, -0.675989838873, -0.0138280363216, 0.736781190824,  
336, 3347638.6088798796, 92.80042950098957, 97.9814739655228, 91.3112101846092, 89.32682371447581, 0.482207767165, -0.811461000996, -0.330161646997, 0.457214421681, -0.0883665824365, 0.884955546746, -0.747282170196, -0.57768710473, 0.328400619878,  
337, 3287847.518132571, 92.24461434871105, 99.70738789834513, 94.90509670322731, 82.94805054507718, -0.847930211516, 0.528719794272, -0.0383371300915, -0.294427832484, -0.409577593208, 0.863457263911, -0.440824917464, -0.74343901854, -0.50296303826,  
338, 3808206.019335257, 96.87475309256169, 108.92818072264363, 92.85557792290716, 89.8842457045002, 0.1203417513, 0.429784967387, -0.894875826415, 0.637387264019, 0.657637121133, 0.401560571489, 0.761088259376, -0.618706957061, -0.194798261603,  
339, 3403801.8008783497, 93.31652364155907, 97.29530049399808, 96.22283731957201, 86.79718330693933, -0.648028170571, -0.401558391433, -0.647155582852, 0.0126637500597, -0.855276964807, 0.518016353897, 0.761511076467, -0.327493773591, -0.559328801938,  
340, 3394555.1540744244, 93.23194689378573, 103.23792075394287, 92.9672530858355, 84.43548687618821, 0.603759025836, -0.57044540026, 0.556836676274, -0.261828115687, 0.51786279094, 0.81441031894, -0.752941615636, -0.637503078488, 0.163305689923,  
341, 2624981.9771446297, 85.57480250980637, 96.73546160325688, 93.02580177454468, 69.63836827530591, -0.15585482773, -0.619343852963, 0.769494941159, 0.569169580346, -0.692997805221, -0.442492972564, 0.807313607889, 0.369008446727, 0.460518734431,  
342, 2905600.583505574, 88.52156871696047, 105.98182250327694, 88.85607344606979, 73.65950624872127, -0.79816855949, -0.597648694481, 0.0757825087075, -0.599748207814, 0.800163337412, -0.00638127610934, 0.056824623749, 0.0505437577409, 0.997103951797,  
343, 3368577.402894502, 92.9935100603716, 105.40977774589985, 96.04578112322129, 79.43259139299359, 0.785485906663, -0.46337369421, -0.410239820043, -0.568130053826, -0.802776634991, -0.181046723946, 0.245438652974, -0.375279221149, 0.893826254817,  
344, 3346689.830000201, 92.79166158852372, 109.70075932687526, 101.58864027158974, 71.69222737373265, -0.853471168157, 0.492542443805, -0.170261287953, 0.521031632884, 0.79980476066, -0.298057682942, 0.0106302708901, 0.343095155718, 0.939240497138,  
345, 3545677.4575717202, 94.59544087840679, 104.14885021508468, 92.01166193730822, 88.33102337620421, -0.968072082521, -0.112435142077, 0.224041919894, -0.145087254055, 0.980162871152, -0.135020127118, -0.204416564285, -0.163214842592, -0.965181217909,  
346, 3560286.2816874087, 94.72517956037993, 107.69077572235511, 93.84019978978807, 84.10636867357677, -0.974477558411, -0.102782277819, -0.199572772493, 0.136270712651, -0.977328052724, -0.162049900437, -0.17839221123, -0.185109915252, 0.966390468831,  
347, 3440234.1781814084, 93.64827863872391, 103.15676518087285, 94.7711223732782, 84.00896959393687, -0.769163023598, 0.635624002444, 0.0661087788916, 0.204122563035, 0.146334586328, 0.967946366337, -0.60557594271, -0.758002847199, 0.242300353383,  
348, 3365256.4151408277, 92.96294009805463, 109.98886621873932, 97.79679763614374, 74.6889221675528, 0.533563980903, -0.686758442318, -0.493631765781, -0.808645639143, -0.243241345585, -0.535654625754, -0.247793681471, -0.684979189248, 0.685129040196,  
349, 2310998.8835780495, 82.01696772123661, 114.21481445303348, 80.01283018530886, 60.37109532457494, -0.856401312689, -0.248829397758, 0.452394432366, -0.48917716671, 0.110732577427, -0.865126577945, -0.165174123865, 0.962196563654, 0.216553184456,  
350, 2868831.1132135284, 88.14657815149772, 106.0784129823197, 88.06037311200552, 73.31770092515058, 0.0779040706, -0.669275843733, 0.738918669936, -0.940759612062, -0.294684759461, -0.167726696902, 0.330003497097, -0.682078248838, -0.652584825419,  
351, 1885196.8787386543, 76.63421285302118, 120.47686205177331, 107.45577407963664, 34.764396803952806, -0.576748320261, 0.205021855417, -0.790776462647, -0.551104690671, 0.616900966387, 0.561886836998, -0.603029845859, -0.759867907253, 0.242808089921,  
352, 3179772.4691836047, 91.22260678476911, 98.43993593318604, 94.57469990561559, 81.53820400350405, -0.512659232219, 0.655669403504, 0.554326749246, -0.596637430629, 0.192219260192, -0.779150519722, -0.617417434151, -0.730170794623, 0.292653929901,  
353, 3310058.0664444505, 92.45186313685167, 113.7909333410617, 90.23553229820064, 76.95941519925074, -0.682222908376, 0.39513348519, 0.615175935947, -0.0202408316587, -0.851272310199, 0.524333636744, 0.730864017462, 0.345260746059, 0.588755301641,  
354, 3744560.040376718, 96.33203387584868, 100.32225197247313, 95.55119287709262, 93.25643377686949, 0.261218693001, 0.644404107568, -0.718685007898, -0.245985110209, 0.764393844349, 0.595981020064, 0.933411013425, 0.0211044277586, 0.358187776378,  
355, 2802770.4208193533, 87.46473246407976, 105.82710962297135, 87.32146206372437, 72.40707149269673, 0.569635165576, 0.792828526647, -0.216653422483, -0.574676747102, 0.572659756755, 0.584643001611, 0.587590345801, -0.208527528945, 0.781827254062,  
356, 3221136.946079586, 91.61646415823887, 104.84236694628407, 89.99305411826963, 81.50322091585849, 0.412614379091, -0.870110299037, 0.26955044366, -0.672473660776, -0.0913657572722, 0.734459987992, 0.614433519374, 0.484314325524, 0.622825083279,  
357, 3288347.266914155, 92.24928780126633, 104.16118377293323, 89.63583974272629, 84.0816968098885, 0.510478944385, 0.812198880507, 0.282390201391, 0.303828614524, -0.477585677171, 0.824378610808, 0.80442490037, -0.335029699375, -0.490566692918,  
358, 2969923.9278848646, 89.1700284809776, 108.42111854583443, 86.93765556633143, 75.22027349668461, -0.583036105879, 0.714556370376, -0.386623968213, 0.796427238844, 0.596709280283, -0.0981920977088, -0.160538320874, 0.365167397751, 0.916995212174,  
359, 3692104.10256408, 95.88009217274171, 106.15213667260633, 96.51641585366008, 86.03108544436456, -0.997609587832, 0.0399254302225, -0.056400977719, -0.0213156532908, 0.598597984116, 0.800765943542, 0.0657324363682, 0.800054006573, -0.596316051583,  
360, 3023822.7652572542, 89.70622359280193, 101.61713075394051, 88.08360708556997, 80.65024740631351, -0.948216255677, 0.317386561637, -0.0123167756069, 0.0869956940686, 0.296810173832, 0.950965546129, 0.30547942923, 0.900649482986, -0.309051495895,  
361, 3081517.2253037994, 90.27316380970146, 105.87222949987661, 94.87632109614688, 73.23793583117117, 0.571310807138, -0.423720256036, 0.702897649927, 0.762824275381, 0.590133886217, -0.264274707886, -0.302825174875, 0.687170387141, 0.660373964129,  
362, 2805528.0586340814, 87.49340849489572, 91.50910143525584, 88.33231439206175, 82.85946156323185, -0.556451401346, 0.406215340501, 0.724810965068, 0.227909072746, -0.764259940773, 0.603294453389, -0.79901144704, -0.500895038977, -0.332693353447,  
363, 3297210.0852021608, 92.33209082048478, 99.19694397946905, 96.35453517036801, 82.35454210236463, -0.960440344966, -0.266301957547, 0.0814715359364, 0.0687897810458, 0.0566238351104, 0.996022945178, 0.26985609088, -0.962225030179, 0.036064962375,  
364, 3324451.5790053825, 92.58567578200768, 109.41291391810857, 94.89398956121711, 76.44060440091944, -0.159001431913, 0.888300307498, 0.430860892108, 0.984555576178, 0.175055556896, 0.00242268771641, 0.0732725191692, -0.424591704699, 0.902415105279,  
365, 2525178.4859916, 84.47622347753288, 115.38905819546478, 79.04542775921509, 66.09400798821635, 0.901610998046, -0.423598584693, 0.0875319784383, -0.343988762945, -0.579495784515, 0.738820930061, 0.2622390878, 0.696239093111, 0.668192925774,  
366, 3473915.1124626864, 93.95290167505895, 104.42378047521377, 94.5132738835937, 84.0307758770661, 0.428021544867, 0.903567565911, 0.0190580944019, 0.706181148251, -0.321210653016, -0.63097694272, -0.564008637332, 0.283530192787, -0.775567461149,  
367, 3602865.705568033, 95.10130760648259, 110.45366392732028, 98.39941046410658, 79.13832280119513, -0.380351349175, -0.614936305879, 0.690786646434, 0.603662862127, 0.400796638115, 0.68916848721, -0.700659689199, 0.679128408026, 0.218770668381,  
368, 3296233.1643208456, 92.32297098329384, 100.40811805379056, 91.12198876945313, 86.00769293481869, -0.127107012822, -0.976165399713, 0.175911681517, -0.991647669774, 0.121149613772, -0.0442455660517, -0.0218793583966, 0.180066330794, 0.98341110945,  
369, 3581643.6272522258, 94.91421365606291, 97.16659869492105, 95.79591833928735, 91.86070126037818, 0.0106896385205, -0.805660731464, 0.59228077582, -0.99629358832, -0.059138900062, -0.0624634002535, 0.0853511423478, -0.589417828265, -0.803306794583,  
370, 3898999.7693431186, 97.63859770215444, 104.69765370513407, 97.70950269952712, 90.98940982411723, -0.486496595048, -0.783520168151, -0.38654522259, 0.0852256974931, -0.482881319819, 0.871528663589, 0.869515752297, -0.391052141115, -0.301696170735,  
371, 3438608.642538758, 93.63352648430788, 102.06086399075963, 92.20593263028026, 87.23204134248896, 0.665149228234, -0.452028479394, -0.594345655319, -0.282883826475, -0.889165115108, 0.359669485491, -0.691052273637, -0.0711031074686, -0.719299036014,  
372, 3198079.1286576493, 91.39733486233742, 100.46680520928683, 92.63318219891653, 82.03731164863557, 0.267564906439, 0.195061935276, 0.94358882054, -0.577541014116, 0.816346420341, -0.00498989082783, -0.771268693683, -0.543626124651, 0.331081921495,  
373, 3219379.4847543356, 91.59979906068413, 107.94299166458988, 95.63908358652408, 74.44811506008148, -0.952610365745, -0.00276913454962, 0.304180576252, 0.123422189495, 0.910433881454, 0.394812753898, 0.278029592338, -0.413645354615, 0.866946980149,  
374, 3717482.9935557754, 96.09927849598104, 106.78027065748488, 98.7553158869171, 84.16061129232101, -0.718491517937, -0.624067084723, 0.307099678309, -0.690339908475, 0.693716118849, -0.20539901951, 0.0848572296257, 0.359580617127, 0.9292475614,  
375, 3515400.8304523937, 94.32541990883543, 109.04200012471165, 96.44589042119222, 79.80106836331092, 0.0675580249296, 0.748264688325, 0.659951414479, 0.947269291779, -0.255773604598, 0.193030443306, 0.313236016638, 0.612110953501, -0.726087720929,  
376, 3220308.7083820887, 91.60861116356489, 105.49001877156621, 97.87841968779155, 74.45786493986294, 0.835085967506, 0.051096269877, 0.54774136057, -0.449899611603, -0.509550073474, 0.733450108802, -0.316578215224, 0.858922519106, 0.402529924128,  
377, 2451498.232081687, 83.64647780452485, 108.5083151452325, 86.60283657560059, 62.27989016150745, 0.160633785487, -0.338166470092, 0.927275700892, -0.602122605652, -0.777983785089, -0.179414597794, 0.782077460821, -0.529513615164, -0.328588156562,  
378, 650803.5562502193, 53.75932033086211, 133.3323246621143, 60.22933093051136, 19.34718650496362, -0.610333633468, 0.107403212311, -0.784829539354, -0.211506498921, 0.932700792284, 0.292120237209, 0.763385785021, 0.344287353904, -0.546542186085,  
379, 2653932.1066598324, 85.88824586917114, 107.0890322632874, 85.03854686373214, 69.5729430042391, 0.326062910892, -0.898929649368, 0.292589240452, 0.241551478935, 0.378453575506, 0.893546738683, -0.913967100701, -0.220677086882, 0.340537460731,  
380, 3388034.5528390957, 93.17221221153265, 103.70821259815384, 94.3742353109747, 82.64044109004841, -0.252076613605, -0.776219187892, 0.577876416911, 0.673505338831, 0.288072823878, 0.680738280626, -0.694872606627, 0.560801052505, 0.450171345233,  
381, 3348893.037538766, 92.81201945979896, 115.42475056910061, 99.12183355082233, 69.87863219741894, -0.714264512008, 0.348895588095, 0.606710866471, 0.698251544429, 0.414268622034, 0.583803296925, 0.0476548800132, -0.840626776522, 0.539514258389,  
382, 2685899.0596827636, 86.23171547675574, 115.10951116663894, 84.53327287055001, 65.89647513560844, -0.034779781969, 0.824062849852, 0.565429735917, 0.800147012576, -0.316025825189, 0.509796465346, 0.598794726957, 0.470157523929, -0.648380118188,  
383, 1801705.9572719238, 75.48577213273674, 115.92660085759117, 70.79089259402336, 52.41249271036929, 0.334641026723, -0.82481561228, -0.455735218052, 0.464904463338, -0.276162481221, 0.841188518665, -0.819682391663, -0.493369526526, 0.291045163322,  
384, 2262619.0071354327, 81.44059549970815, 104.74453879120979, 82.3495741374168, 62.622452984711956, -0.251807460173, 0.964661584624, -0.0775952972273, 0.948685426206, 0.26189265585, 0.177223584536, -0.191282422363, 0.028987306917, 0.981106911061,  
385, 3988349.714033391, 98.37880453939822, 111.44273069430655, 103.62387976640225, 82.45044973846197, -0.93121642363, 0.284699821896, -0.227556550716, 0.359591154277, 0.615898291435, -0.700973249399, 0.0594152684672, 0.734585125101, 0.675910141848,  
386, 3210638.0540167494, 91.51681835884445, 96.92570145922512, 93.72071210558364, 84.37780180966908, -0.846699056012, 0.357435246881, -0.394132912653, 0.441225760077, 0.885657807794, -0.144672306052, -0.297355909969, 0.296395498922, 0.907595268292,  
387, 3832571.751097523, 97.08092260170565, 107.46027641866714, 95.87048209084782, 88.81142127975741, -0.971803590463, 0.0187960289395, 0.235041466256, -0.210888845833, -0.515158265706, -0.830745361695, -0.105468840266, 0.856888948797, -0.504596525119,  
388, 3916817.559335178, 97.78710251408526, 105.86674111338854, 98.5162354380159, 89.65559176011644, -0.659548123628, 0.632953611221, -0.405420767427, 0.747521728974, 0.608862776301, -0.265513435342, -0.0787879262984, 0.478179721107, 0.874720879476,  
389, 3214327.8404211462, 91.55186313102116, 109.61362208859579, 93.40253202517856, 74.95116404457191, 0.879517017948, 0.470508865043, -0.0712125203596, 0.360659654115, -0.56145331052, 0.744778352263, 0.310442311926, -0.680728718376, -0.66350130591,  
390, 3549986.8904575617, 94.63374927557894, 105.65185900466632, 92.75141503296493, 86.48493290849592, -0.743807312838, -0.444956408151, 0.49876294591, -0.667357630607, 0.452851396531, -0.591235490757, -0.0372085237451, 0.772618539452, 0.633779234636,  
391, 3510100.985091915, 94.27799415791642, 104.88462293402125, 96.05832420962109, 83.17334631974475, -0.70945062509, 0.576985169657, 0.404682498454, 0.699058130569, 0.648998665561, 0.300197372051, 0.0894289698287, -0.495871804095, 0.863778683031,  
