# Void_ID, Void_Volume, r = (a*b*c)**(1/3.0), a, b, c, vector_a, vector_b, vector_c 

39, 2752503.6308326195, 86.9386910324785, 113.39824496144125, 87.70220117752535, 66.07276242374148, 0.51301158605, 0.339295259291, -0.788478179534, -0.503415779684, 0.862933702344, 0.0437947271158, 0.695263737975, 0.374465155096, 0.613501574795,  
43, 2687933.7983474066, 86.25348530915771, 126.86961804082323, 93.19775653626195, 54.27088058881367, 0.442959993628, -0.372132194561, 0.815661739826, -0.317000938025, 0.786007790071, 0.530756214508, -0.838627956448, -0.493669306033, 0.230203750936,  
53, 1639519.23336493, 73.14915306778006, 140.16005512727187, 101.32209808039474, 27.561285679192515, 0.101663424276, -0.652029882024, 0.751346512012, 0.830711432539, -0.359897205593, -0.424726402823, 0.547341816431, 0.667331277818, 0.505060295047,  
69, 3385202.6675978657, 93.14624567582668, 135.54814450618747, 114.87920358144191, 51.89924882759961, -0.0403831572659, -0.0979036228037, 0.994376227215, -0.594719910978, -0.797351643606, -0.102657605298, 0.8029180706, -0.595520979547, -0.0260256570183,  
84, 2015557.610192047, 78.36140284394153, 121.64318498816486, 95.90152059175185, 41.247091550780574, 0.298597902809, -0.893819155675, 0.334554344444, -0.633224462419, 0.0767263147122, 0.770155732839, -0.714049068785, -0.441814881573, -0.543077837689,  
91, 408669.6500438832, 46.03568314196439, 128.52012344414956, 57.76787265168839, 13.140935026730805, -0.442043105414, 0.847204454477, -0.294690524569, 0.896199837737, 0.4309569501, -0.105365829383, -0.0377325296883, 0.310677838726, 0.949766043154,  
93, 1027106.4321900351, 62.59057575763035, 88.79704752820855, 62.565366823879366, 44.13613695715224, 0.762599230628, 0.0490504186992, 0.645008891312, 0.476098427562, 0.632470644618, -0.61099195655, 0.437918600563, -0.773029714902, -0.458968799767,  
120, 1856435.3158473172, 76.242489878043, 98.13372115106945, 74.88361278866853, 60.309559460937436, -0.378899456772, -0.899272908113, -0.218502719416, -0.920002115246, 0.391577163717, -0.0162306129633, -0.100156425653, -0.194873193615, 0.975701352264,  
127, 1999853.7320050918, 78.15735876675043, 122.74466522233051, 73.10897718033812, 53.20302056489065, -0.228298496156, -0.972756936423, 0.0402956485671, -0.938653654222, 0.208929247509, -0.274368159506, -0.25847459076, 0.100461495985, 0.960780086053,  
147, 123481.38553010467, 30.89140264526933, 91.78319427891178, 66.21163630548682, 4.8508226369028025, -0.833944575476, 0.512756819652, -0.20400217875, 0.333081880361, 0.762433254381, 0.554753993757, -0.439991938574, -0.394684654521, 0.806617082311,  
148, 910045.4195576938, 60.11619524371177, 104.23837547752312, 61.75801652096378, 33.748423091548325, -0.146954713171, 0.0346669920828, 0.988535539036, -0.984162908052, -0.105285656238, -0.142612415324, -0.0991346694693, 0.993837577399, -0.0495901911552,  
151, 3636022.6561212516, 95.39215436118194, 105.77360371477938, 98.82169992709275, 83.04401724632227, 0.11283416367, 0.963735789165, -0.241830064698, -0.406614365264, 0.266858130999, 0.873757114924, 0.906605321774, -0.000258075054142, 0.421979530223,  
217, 908218.3034287662, 60.07593613191303, 116.51207981281492, 86.30095366176761, 21.563293348374113, 0.821946534514, 0.298902116783, 0.484831330446, 0.278391404218, -0.953455472656, 0.115848555102, -0.496892463675, -0.0397515564968, 0.866901201579,  
221, 561434.7888423314, 51.17645946459157, 121.48169248429203, 53.74747794980748, 20.52777063166585, -0.927043569014, -0.301393533189, 0.223051920643, -0.374930449056, 0.738511838817, -0.560381497105, -0.00416887528029, 0.603127019855, 0.797634263557,  
246, 1266210.17813203, 67.1128574833228, 116.64424849624902, 96.02382184017182, 26.988259298282657, 0.633280908449, -0.753615350635, 0.176122668277, -0.713210831854, -0.479934742703, 0.510874693123, -0.300475623505, -0.449139784514, -0.841420140979,  
249, 1759665.8816509366, 74.89403018738302, 117.29106111412506, 77.79491467688557, 46.03895741062951, 0.325566152008, -0.396115184858, -0.858544955719, 0.732726005317, 0.679587092458, -0.0356929250179, -0.597594579794, 0.617457807538, -0.511494451693,  
256, 396412.8804062254, 45.570771662151486, 86.67089719500753, 39.274148216169365, 27.802194735470636, -0.0595975349751, 0.584200922959, 0.809417948553, -0.70872679143, -0.595781253932, 0.377824076221, 0.702961214388, -0.551138802007, 0.449545939798,  
268, 1673556.3822999096, 73.65189290996469, 107.13183451637377, 92.23625806597369, 40.432586238302804, -0.676016761567, 0.725292264467, -0.130201648168, -0.608853346797, -0.450240947676, 0.653131450115, -0.415089074988, -0.52080151703, -0.745967049999,  
289, 2821987.3902510125, 87.6641756298107, 111.67362454086971, 108.54828014360773, 55.57671851861873, 0.532339459962, 0.485722662712, 0.693316806587, -0.60898420358, 0.788624900423, -0.0849058668364, -0.588007601275, -0.377020239988, 0.715613582516,  
338, 2018923.6957406977, 78.40500111558255, 113.9762546823779, 102.15365364836434, 41.396441483776194, 0.158881367095, 0.474668991412, 0.865705527175, 0.965402613683, -0.258331330313, -0.0355347333288, 0.206771624465, 0.841400185626, -0.499290719867,  
345, 4197021.223117975, 100.06545750650714, 114.64376059596938, 111.38983224401647, 78.46149566724061, 0.272270641848, -0.959297001097, -0.0749530604758, 0.912803338714, 0.282145072614, -0.295269745882, 0.304399018429, 0.0119758793805, 0.952469325434,  
350, 836438.6133282044, 58.44963740690364, 122.58364764873527, 100.15510513391986, 16.26446688679291, -0.762281156599, 0.559534503559, -0.325343783743, 0.277090524984, 0.736380871126, 0.617222855705, -0.58493442304, -0.380347672488, 0.716370971477,  
365, 1195610.6188250266, 65.84160132577824, 127.83135160967636, 61.735151288436384, 36.16856319081474, -0.426933261969, -0.599686059833, -0.676834262923, -0.874493136563, 0.0832661273745, 0.477837321833, 0.230195012823, -0.795891564017, 0.559970422788,  
377, 1107525.3944005165, 64.18324854806657, 116.26589494621692, 63.17776866422824, 35.995520794845994, -0.730678069215, -0.65809307086, -0.181722506185, -0.0302272293335, -0.234729009232, 0.971590760985, -0.682052691348, 0.715413029174, 0.151619009079,  
424, 1378628.548127342, 69.04298394220356, 110.66572234943904, 102.8150320597056, 28.92603582504038, 0.878334106669, 0.385638696799, -0.2825101637, -0.427899654144, 0.8977138736, -0.104936586229, -0.213145685027, -0.213055384062, -0.953507378197,  
480, 2033686.1318372714, 78.59563719959694, 112.02538933876846, 71.97725890761083, 60.21206923401695, 0.427438980272, -0.293879196147, -0.854944990169, -0.528748464369, -0.848340848217, 0.027255580617, -0.733294606261, 0.440400753086, -0.518002120758,  
482, 2723429.2553353617, 86.63149911098343, 128.86621690438395, 87.26495879109675, 57.816063928946136, -0.821935273679, 0.31997327963, -0.471210681336, 0.569576664822, 0.464926580237, -0.677809484943, -0.00219744678356, 0.825506132813, 0.564388869412,  
506, 729331.9357599746, 55.84001682564604, 114.39366645560116, 41.771096474054126, 36.438355289409856, -0.987576788606, 0.156375663054, 0.0154511685726, 0.137286246028, 0.810797599107, 0.568998892736, -0.0764498087466, -0.564051332138, 0.822193116886,  
511, 3155744.183531215, 90.99224781660419, 142.09035092835532, 97.89657756648778, 54.16030295585771, -0.942772788713, -0.253484855901, -0.216621551772, 0.0607311580052, -0.769338676243, 0.635947896989, -0.327858498914, 0.586398694632, 0.740705998101,  
568, 453897.40393517434, 47.67488965162539, 107.86902097784683, 88.75950546766106, 11.317681776943209, -0.914826184665, -0.392266524819, 0.096020963116, -0.179020360923, 0.607028708143, 0.774253096775, 0.362001052797, -0.691117299015, 0.625549451903,  
583, 1677820.5020245118, 73.71439336984257, 146.46654106128503, 65.5697291266981, 41.707587791659094, 0.113731267991, -0.928085619128, -0.354573380626, -0.803442691054, -0.295851306184, 0.516673830207, 0.584418549391, -0.226117421259, 0.77931115155,  
587, 70408.05411057486, 25.61599584609169, 112.05844098308195, 42.828047868863855, 3.5023607481206267, -0.20892811348, 0.837706739962, 0.504575525783, 0.213025278738, -0.464586506254, 0.859522896045, 0.954447103833, 0.287065839188, -0.0813875294815,  
594, 332731.5850650877, 42.986802282671206, 112.64935332335956, 86.82027131603942, 8.121861474961534, 0.458556100278, -0.563167443209, 0.687436348913, 0.62423571141, 0.754702533783, 0.201875858143, -0.632499865216, 0.336550912063, 0.697622680316,  
597, 1218293.481417153, 66.25537306795557, 135.6334570471828, 90.98490543237325, 23.568238907735328, 0.608709730907, 0.44840097687, 0.654529623044, -0.173794044403, -0.729580361447, 0.661443970658, 0.774124081546, -0.516380731759, -0.366173246207,  
599, 2105636.975252138, 79.51180814031332, 132.91259255077026, 71.80349945409343, 52.67240504667281, 0.558128617905, 0.352480498141, 0.751165723596, 0.663080601596, -0.733690451083, -0.148399588197, -0.498815157811, -0.580909476958, 0.643216618191,  
631, 3207755.7416396593, 91.48942411213878, 140.9232544469989, 88.6014071383859, 61.332320761423915, -0.725074966338, 0.602779838877, 0.333050685382, 0.688266186337, 0.650830309585, 0.320483330097, 0.023578590596, -0.461601964866, 0.886773745719,  
657, 2111984.528823415, 79.59162550066019, 129.65913100652446, 102.16376317670458, 38.06292287135097, -0.353861934421, -0.113957326945, 0.928329391436, 0.70139234433, 0.624274879317, 0.343990776576, -0.618732988198, 0.772848369791, -0.140978319706,  
668, 1140649.0782525237, 64.81683413432926, 147.29785353747766, 64.30818770285896, 28.747544546208953, 0.377060950058, 0.23710666215, -0.895324226582, 0.481463078366, 0.775621789553, 0.408171708648, 0.791213210274, -0.584971170516, 0.178298585395,  
685, 1292397.974891188, 67.57238064568186, 138.1882999209261, 85.67355804854182, 26.06091033325035, 0.737214628073, -0.404519125395, -0.541182842803, -0.529170745792, 0.152347188432, -0.834726695377, -0.420110597287, -0.901750858811, 0.101747111415,  
686, 1615714.6611071755, 72.7934023734996, 107.76812612121155, 75.20260904300918, 47.59406693762324, 0.882401446639, 0.338675243293, 0.326598785286, -0.296702521534, -0.138182228714, 0.944919724306, 0.365151065568, -0.93070121481, -0.0214463998506,  
708, 4491168.464675993, 102.35056525881565, 132.60858891321317, 92.28140041522907, 87.61629941537669, 0.152801967653, -0.888648601288, -0.432383188978, 0.635528334817, -0.246693443351, 0.731605139848, -0.756805981957, -0.386582473008, 0.527066122263,  
709, 213727.24176242042, 37.09002197011884, 118.71897960838069, 67.98484989926553, 6.321774109842418, 0.456826842524, -0.654506959701, 0.602436615465, -0.767196980676, -0.632662242564, -0.105580678513, -0.450242189039, 0.413955464437, 0.791152857968,  
760, 1422077.8180184343, 69.76082119838213, 108.3078119885384, 68.55569712013578, 45.72265271354064, 0.183162943986, -0.845857125694, 0.500976106081, -0.591737572141, 0.31208174258, 0.74327090059, -0.785046483762, -0.432586071045, -0.443363631201,  
770, 2287716.8345844788, 81.74061223502986, 145.10242444579333, 69.92375187396595, 53.8287465219555, -0.369889945259, 0.861938700086, -0.346760876817, -0.0312278553007, 0.361487022844, 0.931854040807, 0.928550617602, 0.355512038629, -0.106793918087,  
828, 2325319.357066659, 82.18602940568834, 141.66304055832563, 95.43866874555384, 41.05944415793181, -0.210275510656, 0.934515437579, 0.287167384193, -0.0693384076115, -0.307250667259, 0.949099158518, 0.975180185837, 0.179660581082, 0.129405103287,  
829, 1274253.1466515043, 67.25465798298725, 114.35813774052772, 63.56013677390555, 41.85190278232242, 0.479756785594, -0.280947172083, 0.831205217245, -0.543883106391, 0.648156022731, 0.532996188336, -0.688494439526, -0.707787013653, 0.158154829344,  
834, 3530867.086654954, 94.46354800484548, 116.32138564043095, 107.02227135003241, 67.7109690907983, 0.968515348344, -0.0273200904297, -0.247450263043, 0.177634746058, -0.620561832538, 0.763772812419, 0.174424530999, 0.783681456114, 0.596170662084,  
920, 1872681.1746927425, 76.46424625002089, 129.25788873369336, 97.89475821537677, 35.331228567169845, 0.64984646664, -0.758225297026, 0.0528580054889, -0.684208137256, -0.613858376222, -0.393747531871, -0.330996668726, -0.21970956486, 0.917697614905,  
928, 2673846.7294816277, 86.10254066426967, 117.48131762983108, 106.6176999426894, 50.96238936067885, 0.819219817891, 0.573313936137, 0.0137847961766, 0.344743938213, -0.511535961417, 0.787072155042, -0.458290854196, 0.640032882599, 0.616706901333,  
936, 797886.326544237, 57.53747569260665, 96.27614346661619, 63.9195058820801, 30.952826886153733, -0.981548932435, -0.17002729456, -0.0874780677656, 0.0984455732533, -0.841566686085, 0.531106375389, -0.163921207726, 0.512695067245, 0.842777316781,  
950, 826933.4491726737, 58.2273890706595, 124.4783023372362, 71.5457136818791, 22.166885253070316, -0.391527034496, -0.919351956363, -0.0387112592206, -0.0381856469321, -0.0258001484482, 0.998937539944, -0.919373937866, 0.392589267138, -0.0250045936005,  
951, 1897048.9872768547, 76.79447554905308, 132.7950890249401, 73.2848516817806, 46.53649912354914, 0.328826917313, 0.676343028142, -0.659115290928, -0.326171152247, 0.736314024426, 0.592835590088, 0.886276050614, 0.0200440943434, 0.46272345563,  
957, 442634.8620905539, 47.277264024768485, 107.14012760775725, 67.75226997803595, 14.557305529882742, -0.730016186392, 0.556402632959, 0.396853219266, 0.672778799669, 0.4829497928, 0.560471394765, -0.120187579729, -0.676147622691, 0.726897061494,  
1017, 1119136.5436535624, 64.4067654710854, 141.5902335673249, 63.114718811849386, 29.89720009044782, -0.572582288088, 0.645320819973, -0.505678319367, -0.172988065013, 0.507812873211, 0.843920147386, 0.801389201781, 0.57069004294, -0.179131856905,  
1018, 624805.5081911817, 53.03371862309572, 119.07001308579228, 76.40205584923993, 16.396410925923284, 0.171045997329, 0.851655230309, -0.495405526296, -0.49558918308, 0.508945425134, 0.703822361004, 0.851548371152, 0.12513162239, 0.509124197683,  
1020, 699340.4977458939, 55.06386473105057, 117.66688757741967, 87.20039532378138, 16.271490956603756, 0.440290242111, 0.194537253727, 0.876527101472, -0.818422428803, 0.48842169532, 0.302702784218, -0.369227884557, -0.850646521449, 0.374260958172,  
1067, 1349823.8162594687, 68.55873974746036, 106.54673544813343, 77.66357570243301, 38.94313835966058, -0.637047229865, -0.720346379768, 0.274357285443, -0.756708675185, 0.652231561934, -0.0445642291294, 0.146842799692, 0.235998056713, 0.960594664469,  
1068, 173682.12497977167, 34.611639494491584, 113.95332983771847, 43.373661363891664, 8.389062114845885, -0.708815381483, -0.230756108434, 0.666582608079, -0.69188897372, 0.0434092172198, -0.72069777848, -0.13736958549, 0.97204282739, 0.190426727908,  
1104, 1667128.2769357532, 73.55747330727213, 114.45297204036082, 84.85511584313416, 40.98031602646528, 0.852246023748, 0.444630841423, 0.275644934402, -0.285069456569, -0.0470933708276, 0.957349267173, 0.438648059311, -0.894475057942, 0.0866155343054,  
1105, 313798.0282635792, 42.15546333403472, 93.93166324148605, 47.208275296603404, 16.89395972202249, 0.546313496436, -0.306146567478, -0.77962545035, -0.732550914592, 0.276646559473, -0.621961283893, -0.406092010685, -0.910901180345, 0.073132198822,  
1122, 1840628.7961798168, 76.0254852759443, 107.81870638700474, 78.9310105406663, 51.634006249701656, -0.662822027682, 0.368819061757, -0.651643659759, -0.130854486801, 0.799830063876, 0.585789187511, 0.737254408534, 0.473544473735, -0.481883355691,  
1146, 694396.8517573691, 54.93380876206707, 111.12265134575279, 68.49976413437598, 21.77847485270044, 0.568288716578, -0.41486881639, 0.710585533062, -0.768626929869, -0.575905424122, 0.278470079446, -0.293701510533, 0.704426580741, 0.646159898985,  
1176, 703553.8147715807, 55.17422449595272, 93.62460220937491, 50.888758529288495, 35.25306415592256, -0.434526730307, -0.469804499938, -0.768420622111, -0.882644010313, 0.391913594717, 0.259505848364, -0.179237472944, -0.791004087293, 0.584967060764,  
1178, 2335078.922227905, 82.30084952783713, 105.72642260841464, 85.08444636992091, 61.96967799747957, 0.683992013472, 0.40301723924, -0.608055943464, 0.656562110589, -0.703383657197, 0.272355697072, 0.317932572168, 0.585515615218, 0.745714653129,  
1224, 380790.6521892205, 44.9640984214444, 128.257443383209, 69.58280697717173, 10.186222219540605, -0.341655419166, -0.395468359372, -0.852570437729, -0.939805236696, 0.137835896178, 0.312677761926, 0.00613935118215, -0.908078213845, 0.418755615971,  
1225, 1973925.913261381, 77.81812212294506, 93.69371616082601, 85.6513774056863, 58.72153815191975, -0.657789453553, -0.733681821281, -0.170364373965, 0.177475774661, -0.370795247141, 0.911599272765, 0.731994114869, -0.569404838247, -0.374115952584,  
1242, 1894608.762527996, 76.76153382583472, 134.7173067287114, 94.88186239717508, 35.38541877974546, -0.0557412285357, 0.239014696219, -0.969414715399, -0.0327107574392, -0.970840223337, -0.237485298701, 0.99790927533, -0.0184725673046, -0.0619341785131,  
1253, 1135382.2412784295, 64.71691836813595, 131.6541698187909, 69.9403953393793, 29.43681280284755, -0.425349918395, 0.621713799809, -0.657684877467, 0.883247390848, 0.443636588027, -0.151857249825, -0.197361327219, 0.645490920844, 0.737827878049,  
1254, 77077.89638029604, 26.400597016492654, 95.14688912123032, 59.100943026881346, 3.2722934272953426, -0.750483893034, -0.194486698529, -0.631623978639, -0.65306800526, 0.0716453068291, 0.753902600151, 0.101371133965, -0.978285170134, 0.180781689045,  
1266, 1016472.4651578732, 62.3738191126152, 107.00761924667609, 74.7239466735146, 30.348169832225803, -0.0598925444095, 0.305677574964, 0.950249495284, 0.989947571871, -0.104002509526, 0.0958503153809, 0.128127624151, 0.946437899799, -0.296375798191,  
1267, 1039111.6545063531, 62.833492820851895, 86.0967824367218, 71.76138281017288, 40.15095561705777, -0.939675247448, 0.246875655707, -0.236775927729, 0.304664960114, 0.918746463953, -0.251165676503, -0.155530355272, 0.308151497796, 0.938537672656,  
1334, 646952.3054808277, 53.653066879414794, 100.14019791156467, 62.98220509065365, 24.48822733653008, 0.503832907089, -0.457645962777, 0.732606698364, -0.748620374496, -0.654468572836, 0.106011424192, -0.430952360039, 0.601856344923, 0.672345895691,  
1339, 2931878.0037982007, 88.7876228619438, 136.689526018166, 79.76452717838009, 64.19663337320702, 0.626968828805, -0.172145765329, 0.759786761655, -0.65495429692, 0.411618768709, 0.633723013778, 0.421835224528, 0.894950180024, -0.145324528633,  
1345, 1593628.8106702666, 72.46019878056184, 83.69147494710434, 74.51482001542944, 61.00629981671156, -0.6328622113, 0.245508836228, -0.734309766272, -0.498300305345, 0.59673519267, 0.628970520392, -0.592606300339, -0.763958455129, 0.255314025537,  
1354, 379764.54677671427, 44.92367427692758, 121.21428238740214, 28.82575393608368, 25.947250182337125, -0.392416312839, 0.862219945357, 0.320290810432, 0.898979469207, 0.285883292543, 0.331823231539, -0.194538817108, -0.418147711789, 0.887303296378,  
1360, 2991698.4079845888, 89.38741958408485, 122.80025962895901, 99.07114186772948, 58.70603476708554, 0.559996343649, -0.82836738742, 0.0145453277635, -0.791200420851, -0.529497565188, 0.305997095582, 0.24577629899, 0.182865524141, 0.951921326022,  
1366, 1079023.0675502664, 63.62786827405943, 111.27515153167822, 56.015812078294395, 41.32694374821866, -0.0320801505078, 0.422030003297, -0.906014094957, 0.996692523194, 0.0812252376568, 0.00254459745702, -0.0746651066565, 0.902935843283, 0.423239866699,  
1379, 823148.8733561555, 58.13842463439468, 95.96511196895588, 71.437799316044, 28.664761790328885, -0.440248356344, -0.0450849634129, -0.896743402993, 0.886809147559, -0.178158913022, -0.4264140447, 0.140537968333, 0.982968335088, -0.118415926598,  
1407, 2336908.5526624075, 82.32233928366232, 130.82159418770027, 74.16296137922826, 57.502484346449044, 0.754672623818, -0.224670757461, -0.616435139817, 0.310973313449, -0.704818912182, 0.637593835724, -0.577723834701, -0.672869490891, -0.462040927891,  
1416, 1267704.1841604756, 67.13924267752617, 126.32588051224256, 70.58629616897197, 33.940371089626815, 0.399412918458, 0.863337183994, 0.308412430527, 0.465037356517, -0.480713705369, 0.743407418926, 0.790069349876, -0.153503225387, -0.593487305831,  
1442, 2366852.5530713117, 82.67246078400024, 127.75349528012342, 79.10879184895767, 55.909428284982944, -0.995960826981, 0.00590834691659, -0.0895942105059, -0.0638577662394, 0.654856709825, 0.753050380312, 0.0631206528038, 0.755729965685, -0.651834336435,  
1443, 672737.7359711915, 54.35661370534972, 109.10180795738093, 44.03439330954292, 33.429756664811045, -0.0270573893909, 0.326700682643, 0.944740473167, 0.728312520049, -0.640905097638, 0.242490265705, 0.684710720538, 0.694627468347, -0.220598978688,  
1448, 306555.5217134055, 41.82861755256731, 125.09831901225037, 51.301288999701065, 11.40356867837767, -0.17118461698, -0.984555615325, 0.036688789055, -0.147706595412, 0.0624637279997, 0.987056758427, -0.974103992694, 0.163549757007, -0.156118187286,  
1511, 2017499.5112214503, 78.38656068686178, 105.92859214364321, 85.53560120311803, 53.15752062296371, -0.904997191462, 0.385187640472, 0.180583955747, 0.119054968601, -0.178207922328, 0.976763968864, 0.408418900024, 0.905468065725, 0.115419166761,  
1529, 1184231.461284633, 65.63205386855786, 113.05374236842185, 53.808814342921444, 46.47395355325487, 0.614031996114, -0.218198578182, -0.758520987335, -0.68254950708, 0.33579566978, -0.649128214255, -0.396346916392, -0.916313619148, -0.0572579534177,  
1536, 1011820.8536605857, 62.278527964954044, 137.43031870026832, 73.57770237891563, 23.888354820559602, 0.905514801846, -0.385156211524, -0.178038300267, -0.331959919957, -0.904386450875, 0.268118926999, 0.264283096659, 0.183684077147, 0.946791743005,  
1551, 438290.9180942925, 47.122098286319996, 123.71326330569254, 75.72334897207021, 11.169347078137902, 0.603243972767, 0.652999047554, -0.457918063864, 0.580369586828, -0.753224599861, -0.30955426802, 0.547053792607, 0.0790249710989, 0.833358987434,  
1563, 2807647.022289847, 87.5154303381031, 124.30452799133506, 98.19512342984783, 54.91323495254594, 0.72702243289, 0.359116412174, -0.585212597764, -0.562734137243, 0.799994829332, -0.208179162798, -0.393406498238, -0.480670027721, -0.783701251495,  
1564, 1066318.5197929044, 63.377160999629446, 115.73413613557238, 79.42687601103111, 27.692960554739667, -0.0332306825631, -0.774947961646, 0.631150836549, -0.938804778747, -0.192421973885, -0.285691041804, 0.342842980295, -0.602021129784, -0.721130536142,  
1567, 997438.2525296567, 61.98203108119123, 124.72200041086103, 61.151792894410136, 31.22088057447064, 0.424711815402, -0.262081040685, 0.866564136098, -0.398892331233, 0.805091416633, 0.438990568175, -0.812714452893, -0.532110269565, 0.237389719832,  
1572, 251016.61683083687, 39.13253246425747, 124.75277808000921, 61.25583590181519, 7.841807307072185, 0.758071796959, 0.365082958553, 0.540408719424, 0.550437955204, 0.0862507899873, -0.830408850324, 0.349778798851, -0.926970999871, 0.135571225831,  
1587, 1435030.0216987203, 69.97197396146866, 123.65432253436857, 83.3100836811253, 33.25565487544675, -0.997384864787, 0.0667546155053, -0.0276993285723, 0.0722689312999, 0.916950767271, -0.392400932681, 0.000795652797779, 0.393376552058, 0.919377101753,  
1591, 479982.84004781645, 48.57122244085583, 115.30014574975071, 62.98907566715504, 15.777638826115231, 0.905942176009, 0.183276446255, 0.381678553204, 0.356792092046, -0.815816710023, -0.455129101136, -0.227965297318, -0.548500537735, 0.804474352185,  
1622, 1861829.2348726327, 76.31625996129065, 136.52422752218425, 97.98035780149111, 33.22786881198613, -0.181371630151, -0.902530117024, 0.390568457048, -0.104511418308, 0.412596030062, 0.904898822753, 0.97784543524, -0.123304111212, 0.169157917162,  
1634, 1372736.4902280022, 68.94448359279703, 154.28688240943012, 80.25700310576563, 26.465897537693046, 0.650925727759, 0.641259553354, -0.406302697719, 0.678852669052, -0.731252353983, -0.0665510970317, 0.339786330895, 0.232499849521, 0.911311730041,  
1642, 2134073.8776341286, 79.86814790214663, 135.35358396203236, 65.47370980836347, 57.48891756590517, 0.0697098296891, 0.997567294131, -0.000182549631517, 0.893567419766, -0.0625236875162, -0.444553770461, 0.443483715571, -0.0308266472233, 0.895752148668,  
1643, 1335164.6461647998, 68.30965180523476, 130.18366814988224, 71.27458672457841, 34.35223536372021, -0.562188433058, 0.567616743759, 0.601461052721, 0.230759331425, -0.590721974035, 0.773173771123, 0.794162638693, 0.573462101274, 0.20111420066,  
1645, 2064182.5106535978, 78.98655301871068, 119.19546659167537, 81.56114157395767, 50.689318340048324, -0.930506800175, 0.362702887791, -0.0510265618767, -0.0808780053446, -0.0675903324092, 0.994429633115, 0.357233597357, 0.929450462452, 0.0922279500301,  
1669, 2499397.515993772, 84.18775105814579, 92.76103442861996, 83.88421091874906, 76.68332186842824, 0.210621065539, 0.812457923033, 0.543645923422, -0.881211953077, -0.0829614401883, 0.465384672283, 0.423207113014, -0.577087101522, 0.698474206217,  
1723, 3839854.6416970766, 97.14237675568181, 107.44149068123919, 101.31942826199858, 84.20956412099012, -0.666522952328, -0.22334245919, -0.711242082517, -0.552542683507, 0.788469351795, 0.270208556829, -0.500443540195, -0.573091813938, 0.64893916192,  
1725, 1306652.9391352742, 67.8199106785387, 115.22037818353375, 63.19388904512041, 42.841755733681985, 0.0608246678651, -0.682685709994, 0.728176201993, 0.551760581376, -0.58493623688, -0.594482850572, 0.831781594302, 0.437938146493, 0.341100511913,  
1728, 1227712.1887106795, 66.4256764970431, 116.4538168433037, 67.65262908908568, 37.202279581456246, 0.842287204395, -0.212625507575, -0.495320763587, -0.437672676949, -0.806149568495, -0.3982028391, 0.314634539051, -0.552189520675, 0.77206984146,  
1750, 2065849.9430670082, 79.00781555897547, 114.69496081671052, 80.34964464050218, 53.51578071241116, -0.34305528311, -0.161743670771, -0.925284852192, -0.939139537715, 0.078111418367, 0.334537793114, -0.0181659415284, -0.98373654567, 0.178696410938,  
1751, 1547581.3894434269, 71.75546167639872, 126.59207900759202, 97.38308306182752, 29.969178402804314, 0.434876119273, -0.899512090692, 0.0419614058935, 0.0682523547438, 0.0793898380125, 0.994504333672, 0.8978999816, 0.429622220467, -0.0959185629749,  
1760, 1952353.4146136525, 77.5335987455082, 109.23320633305272, 74.66271135720928, 57.149362227827076, 0.443619999781, -0.819347868679, -0.363139595589, -0.81250365372, -0.538681090781, 0.222846348695, 0.378205114304, -0.196193151067, 0.904692842344,  
1774, 3563547.4842373785, 94.75409331415068, 123.09388003979537, 100.37249950087504, 68.85615068270508, 0.0174479731745, 0.642376081656, 0.766190927868, 0.997035629157, -0.0686117113717, 0.0348193517109, 0.0749367895163, 0.763312126707, -0.641668976029,  
1778, 1511369.7915822219, 71.19137418616407, 100.61534293245643, 67.30435794585055, 53.28128997437284, 0.567981063451, 0.655689498332, 0.497462353689, -0.436425826799, -0.27251016495, 0.857479275377, 0.697803703963, -0.704137409726, 0.131379218143,  
1779, 2248127.7964919684, 81.26635768907957, 116.8020827737174, 71.44019833923463, 64.31897983564026, -0.516212044384, 0.168757474894, -0.839670197101, 0.803579757897, 0.434593293718, -0.406679532006, -0.296284825683, 0.884674846326, 0.359952383445,  
1790, 1611532.641569589, 72.73054340731125, 122.67538524866123, 112.97791593284211, 27.758724560743662, 0.456272890517, 0.881378041249, 0.122424661665, 0.610076535494, -0.20969177758, -0.764091603969, -0.647782116316, 0.42332269821, -0.633384735339,  
1794, 1429875.2115732315, 69.88809070177383, 122.01929826685469, 82.5568255294955, 33.886601837327376, -0.244285257692, 0.130846277287, 0.960835035058, 0.839999463714, 0.523605987859, 0.142259166444, -0.484484895362, 0.8418527313, -0.237820026423,  
1816, 2608647.394947309, 85.39692977710205, 118.06860611342248, 88.39379792852698, 59.671992676530174, 0.717620018033, 0.175695080935, -0.673908560751, 0.269550781965, 0.82216685442, 0.501382129154, 0.642155655321, -0.541454432088, 0.542644646441,  
1827, 1709647.9110979047, 74.17758505625486, 137.61988354239702, 98.26654444544234, 30.18083147864562, 0.362503027459, 0.817459732884, 0.447606010009, 0.658033124778, 0.115610726744, -0.744060862132, -0.65998784972, 0.564263896572, -0.496006343958,  
1838, 1675924.3262367158, 73.68661365280002, 139.30510565164533, 78.21368478431083, 36.721128119731375, -0.0565504476298, -0.716664669342, 0.695121427227, 0.232145751894, -0.686591768828, -0.688984827739, 0.971035734023, 0.122407085963, 0.205197730387,  
1840, 442747.13523551065, 47.28126093723587, 150.76427839767626, 64.6966901914518, 10.836440079369304, -0.370041377044, -0.323510466344, -0.870867588926, -0.164155606599, -0.899889976019, 0.404043274764, -0.914397241957, 0.292470527107, 0.27989046907,  
1847, 2092189.8565850754, 79.34218585015422, 124.10403025012404, 69.51071315956818, 57.89950532838244, 0.542560471574, -0.725793726111, -0.422908502897, -0.703005781759, -0.116752025276, -0.701535341524, -0.459794525304, -0.677932468415, 0.573582219712,  
1853, 1395053.1919101113, 69.31608930857088, 121.16905632877614, 70.84597689794437, 38.79674041748108, 0.264809961106, 0.93672227572, 0.228969567124, 0.255281410034, -0.297073438585, 0.920097154532, 0.929896277114, -0.185199217755, -0.317795789074,  
1854, 303302.07426488545, 41.68011645414095, 62.03676293547753, 47.57656407047955, 24.53265594911743, -0.931987052729, -0.072851612666, -0.355095446434, -0.222680620145, 0.888031350595, 0.402260688822, 0.286030548994, 0.453974628027, -0.843856363459,  
1856, 584668.2804566466, 51.872873678280456, 103.07677578963053, 70.06720736252582, 19.326147503440303, 0.8768502006, -0.377881009775, 0.297219898661, -0.31998786443, 0.00267285334766, 0.947417871096, -0.358805647009, -0.925850310961, -0.118573645332,  
1866, 2411629.4419941143, 83.19054880136362, 99.98837697116574, 95.73523945559508, 60.145151220682976, -0.524830809695, 0.537775215786, 0.659810911157, 0.301339499173, -0.607565901667, 0.734886509177, -0.796082362217, -0.584518171162, -0.156816389922,  
1869, 3023838.5095504993, 89.70637928519845, 125.71587523666776, 91.72576464402977, 62.60204497407566, 0.863999214468, -0.411877828621, -0.289589384627, 0.257910365224, -0.131925790178, 0.957119548121, -0.432420629605, -0.901638641683, -0.00775621787438,  
1870, 3669803.9573669587, 95.68666504848532, 144.80446643912813, 99.0241995167414, 61.09855754604321, 0.0980760499824, -0.975657547178, -0.196146473467, 0.975147674986, 0.133562878961, -0.176770951608, 0.198665800752, -0.173934780873, 0.964509508307,  
1873, 1428174.6722058926, 69.8603739251586, 124.00631624386519, 88.38417174154017, 31.108166492538018, -0.862462097216, -0.229128429454, 0.45128626578, 0.0396020864829, 0.858370829909, 0.511498966868, -0.504569921429, 0.459020349415, -0.731238342274,  
1878, 1301318.1951739932, 67.72748742143601, 130.66708562630862, 107.02303488112327, 22.21526130074107, -0.828573251304, -0.47437120979, 0.297385814299, -0.54409216714, 0.807480273691, -0.227901999237, 0.132023031631, 0.350638792666, 0.927158215299,  
1886, 768113.531621835, 56.81272260549733, 91.44670733031198, 60.93430776925707, 32.90840642011232, -0.789163840216, 0.496990996132, -0.360860614447, 0.0239823262117, 0.61203305689, 0.790468459398, 0.613714332019, 0.615154848015, -0.494913357708,  
1893, 3153737.634355622, 90.97295821641026, 105.62517800452508, 91.12100389096689, 78.2259780450947, 0.816932594033, -0.278068420454, 0.505271303711, 0.336077909044, 0.94149594552, -0.025239326881, -0.468692624072, 0.190429352031, 0.862591378362,  
1896, 2762053.9882755433, 87.03912530871884, 111.85916861223897, 98.03690465263232, 60.12877777224935, 0.431764247161, 0.40018663634, 0.808350351623, 0.702548671089, 0.412848106427, -0.579639375621, -0.565689844017, 0.818173023947, -0.102897537685,  
1899, 1125352.935181997, 64.52579730738594, 113.37801515437201, 85.29978969803742, 27.779429885027763, 0.937425796273, 0.206440634502, -0.280383916994, 0.283724203944, 0.0138697784889, 0.95880561395, 0.201825302128, -0.978360819775, -0.0455703165415,  
1904, 2214345.330252349, 80.85724015709476, 128.5406554717062, 74.52562812299868, 55.183670781207695, 0.463462866922, -0.613424157471, 0.639463035691, -0.749625512457, -0.656225121462, -0.0861984978756, -0.472507949201, 0.439408002877, 0.763974374537,  
1929, 1767858.3198128447, 75.01007778216983, 130.8559562467141, 57.41723878144525, 56.17240891543795, -0.846130311305, 0.387163860402, 0.366289013609, -0.109192872196, -0.798599231075, 0.591875142904, 0.521670789822, 0.46080734947, 0.717994549925,  
1946, 342620.1123228543, 43.40849690968155, 134.00532176963895, 46.1602147002486, 13.223133354295808, -0.415250361509, -0.70620392652, -0.573448473216, -0.871214136388, 0.490146031325, 0.0272542938513, -0.261826403984, -0.510913771731, 0.818788160657,  
1949, 1983276.9388970209, 77.94081048271114, 138.83397420080794, 76.7402933730844, 44.44015262618299, -0.704622666648, 0.137481292641, -0.696136331346, 0.192013628273, 0.981392112138, -0.000537392756443, 0.683108823104, -0.134046321872, -0.717909408902,  
1954, 471659.6479919233, 48.288832389934306, 116.2271092040318, 66.58285274571844, 14.55024407332796, 0.109881983561, -0.841764101493, -0.528544366281, -0.265664001857, -0.537290684396, 0.800463215006, -0.957783163251, 0.0524587256719, -0.282664985972,  
1956, 358247.6392052996, 44.058689578862534, 101.47396461480608, 61.26187035706866, 13.75782710087099, -0.300510877353, 0.953771500155, -0.003624649618, 0.925113593912, 0.290552547659, -0.244425971223, 0.23207337407, 0.076805875695, 0.969661181293,  
1960, 930524.0564095053, 60.56378354865037, 110.3245600124696, 61.97677163641191, 32.48911203090718, 0.0299311490601, 0.0206468339138, 0.999338698623, -0.793173361537, -0.607912133321, 0.0363160668305, 0.60825993199, -0.79373581651, -0.00181899001742,  
1961, 2845213.5600950085, 87.90402343360712, 120.61697293159222, 85.27907123692268, 66.03518117247972, -0.97150337245, 0.0335267009847, 0.234642616846, -0.0924489031228, -0.965138741377, -0.24486814861, 0.218253058697, -0.259582684734, 0.940735048861,  
1968, 1696127.687251426, 73.98153047166554, 117.57508814718014, 92.53209618602112, 37.218787489317364, -0.241849359429, -0.306602174597, -0.92059980115, -0.966573216972, -0.00710230377141, 0.256292359451, 0.0851181741798, -0.951811254301, 0.294635762613,  
1974, 1512210.4597480178, 71.20457131573819, 111.37744241481147, 66.10216054313233, 49.03551410243347, -0.791002077825, -0.168154547867, 0.588251443609, 0.00443373543106, 0.959887484744, 0.280350421118, -0.611797396911, 0.224365916891, -0.758527442134,  
1976, 2799213.1299243704, 87.42771323250618, 132.8713050932981, 91.99252439166834, 54.67183111445149, -0.607559786009, 0.34720363673, 0.714367371222, 0.792547773929, 0.324270986093, 0.516445886438, 0.0523367219532, -0.879942022079, 0.47218948031,  
1983, 1069923.3430213823, 63.4484988130343, 136.4907062822874, 62.10011739499291, 30.134816501918944, -0.743869898934, -0.208074187578, -0.635108420606, -0.606164098521, 0.61027303699, 0.51003127942, -0.281465200556, -0.764376839515, 0.580090844686,  
1986, 388149.0751309557, 45.25188229329358, 96.34377122571802, 75.59209333997548, 12.72359779074452, -0.889900160145, -0.456116491825, 0.00595406249379, 0.0204406853763, -0.0268341430802, 0.999430891631, 0.455697139947, -0.889515415634, -0.0332030419288,  
1987, 4307995.255158454, 100.93974478422815, 130.81565247947614, 106.34664745770384, 73.92700156113935, 0.204975041081, -0.967108889563, -0.150617489894, 0.862617069093, 0.251209674723, -0.439073446515, 0.46246840394, -0.0399261199497, 0.885736349205,  
1991, 2899215.586724765, 88.45667972831448, 125.63351304597512, 111.95525686673906, 49.208701689031024, -0.115423231671, -0.814394609139, 0.568716887561, -0.991147594594, 0.0566118743943, -0.120089722328, 0.0656042934727, -0.577543518952, -0.813719583391,  
1992, 860012.8867361218, 58.99367480503658, 118.97755827068644, 82.08837744798426, 21.02178675363236, -0.810746151174, -0.570826165839, -0.129800488252, -0.0872997628516, -0.101354799312, 0.991012591273, -0.578851820212, 0.814791195982, 0.032340024538,  
1997, 2537141.018697141, 84.60940984024889, 128.46297674758867, 82.45260461398746, 57.183882299765614, 0.511945348621, -0.206949535024, -0.833716888385, 0.253246083946, -0.891051533557, 0.3766876498, -0.820840045923, -0.403979027301, -0.403760528667,  
2003, 1069255.0078003302, 63.435284876004104, 113.69277041192638, 66.19191753679668, 33.91992410259297, 0.331456328784, -0.867325576315, -0.371326065309, -0.799785443826, -0.0495222774578, -0.59823974114, -0.500479715826, -0.495271530279, 0.710088843274,  
2017, 2644403.3093047375, 85.78533025779379, 112.09649898474932, 87.74896873188364, 64.18078322876644, -0.22490144321, -0.343905615506, -0.911673334295, -0.971061867274, 0.00194009963747, 0.238820195837, 0.0803628693394, -0.939002217056, 0.334389960368,  
2020, 2117766.0081868195, 79.6641857054625, 134.25945265641775, 99.2761053719874, 37.93147756001475, 0.188874182793, -0.940462798386, -0.282588513437, 0.340193067298, 0.332611979449, -0.879566909387, 0.921192281794, 0.0699928280533, 0.382760739869,  
2021, 2830999.235221536, 87.75739320829317, 124.28542251017802, 92.96777270886041, 58.49227636611102, 0.411271866694, -0.793524287581, -0.448524978886, -0.712836432996, -0.586668995865, 0.384296381825, 0.568084211591, -0.161674655742, 0.806933475716,  
2023, 890196.3281932194, 59.67591175902791, 104.67739282153349, 60.242861877611155, 33.70068255759323, 0.360038667811, 0.930213787371, 0.0712352964945, 0.74061090724, -0.238548507828, -0.628164065743, 0.567333801002, -0.278920990961, 0.774813163958,  
2024, 552839.0909039269, 50.91394060791456, 128.52128107252807, 70.93024475960127, 14.477835257550407, -0.0495440668695, -0.831137302257, 0.553855730525, 0.285055689347, -0.543238579954, -0.789705704183, 0.957229669102, 0.118754494848, 0.263834665168,  
2028, 2356031.764409709, 82.54628083784068, 132.22270350864494, 89.80328576338012, 47.36900607401954, 0.687394958821, -0.665203543126, -0.29153458937, 0.474592313729, 0.107553294515, 0.873609995701, -0.549772958899, -0.738875182322, 0.389632081087,  
2043, 3128178.6954244995, 90.72653293612736, 125.09427267965253, 106.47425846166384, 56.06875259293964, 0.782176829124, 0.340369627908, 0.521869643091, 0.223030367859, -0.935049196518, 0.275572957861, -0.581770455587, 0.0991540038992, 0.807286578927,  
2045, 1940696.9493024517, 77.37898665423383, 131.41915904520826, 69.00210157050417, 51.09143631120967, -0.971297322795, -0.16274442687, -0.173481302317, 0.0435862792101, -0.838735374351, 0.542792048649, -0.233841285908, 0.519651059206, 0.821754847671,  
2047, 3675520.0139222634, 95.73631953191153, 116.4174887696823, 98.61890317016164, 76.42787552935793, 0.40940540003, -0.896710153749, -0.168220446409, -0.657343431265, -0.417777538233, 0.627185412714, -0.632682251845, -0.146194489334, -0.760486909479,  
2050, 4132761.310177223, 99.55213337269393, 120.85875447474402, 101.08325766479761, 80.75963916074345, -0.949398022621, -0.12056224045, -0.29001403556, 0.124928358614, -0.992159649799, 0.00348346459823, -0.288160198254, -0.0329237830362, 0.957016052453,  
2056, 1130835.0366404357, 64.63040570827695, 116.5845379048456, 62.23387032840547, 37.20856148624509, -0.166966902772, -0.875193560253, 0.454046567512, -0.955328803662, 0.257504261208, 0.145046311067, 0.243862523306, 0.409545830831, 0.879092305834,  
2061, 2643827.8965104367, 85.77910761175197, 121.62380957359647, 79.80316318672085, 65.02881842735985, -0.435091207982, 0.886101348719, -0.159749931254, 0.875951335067, 0.457621635343, 0.152616176929, -0.208338425, 0.0735312087807, 0.975288809535,  
