# Void_ID, Void_Volume, r = (a*b*c)**(1/3.0), a, b, c, vector_a, vector_b, vector_c 

103, 994637.2852996584, 61.92395817979982, 113.38860981665762, 99.60033566217183, 21.025478739050396, -0.526041165467, 0.362098477531, 0.769522829294, -0.811677424842, 0.0563645190884, -0.58138008135, -0.253890626524, -0.93043416401, 0.264257102469,  
111, 1563779.3760991103, 72.00493963133286, 126.20085902635552, 62.30830957717268, 47.47648871416255, 0.48757068711, 0.0816373914804, 0.869258397362, 0.661037206314, 0.615885228476, -0.42862010827, 0.570354834239, -0.783594743255, -0.246322230834,  
115, 359025.3823037327, 44.09054982566113, 82.20564688681397, 59.86624619196285, 17.416178432280635, 0.708456535705, 0.105767626491, -0.697784025472, 0.440214128848, 0.706571779443, 0.554046786163, -0.551634714082, 0.69969245364, -0.454014991535,  
120, 940361.6976605782, 60.77646562853571, 115.03139881410776, 71.81695183521886, 27.1745870311508, -0.946164660923, 0.201491217377, 0.253325331817, -0.140187260959, -0.960503919754, 0.240374191632, 0.291753262681, 0.191920581121, 0.93704136742,  
154, 2150666.3021015404, 80.0746053716113, 122.19406514838253, 77.15259489317933, 54.460769144848015, 0.0919638834463, 0.845623091572, -0.525798660269, -0.346937403701, 0.522160299863, 0.779091175127, 0.933368674241, 0.11077097204, 0.341398168857,  
157, 2987844.6614533155, 89.34902172115645, 121.70071732287126, 83.33478750526517, 70.33150891301163, 0.55807934021, 0.816061459698, 0.150303506368, 0.317071774052, -0.377110970784, 0.87020273834, 0.766820018082, -0.437985170651, -0.469207896523,  
164, 996798.9658115506, 61.968786232000994, 83.72611416145145, 76.6168735678086, 37.09655733743495, 0.260334228409, -0.673462685212, 0.69186277624, -0.0979012354344, 0.694465507256, 0.712834488035, 0.960542262276, 0.253309436971, -0.114860313087,  
187, 2565356.7856391035, 84.92190380948973, 110.67479032849029, 84.4442061762502, 65.53006518902411, -0.906412678051, -0.357761596418, -0.224549988191, -0.365214447697, 0.930880874738, -0.00889967635748, -0.212213251851, -0.0739421204366, 0.974421930461,  
242, 3474611.087854691, 93.9591755321914, 116.08108896204388, 103.64810058795074, 68.94372913665937, 0.810861448744, 0.0407037650236, -0.583820960957, 0.274676940203, 0.854409050961, 0.441064340156, -0.516774892444, 0.518004225031, -0.681626975251,  
275, 1404453.1885304442, 69.47142699612975, 132.0880281207631, 72.26150282036852, 35.12757849628612, 0.628428563423, -0.0178757752296, 0.77766187854, -0.596740472911, 0.630220143215, 0.496712571893, 0.498977302755, 0.776210685154, -0.385381140676,  
284, 371120.689856715, 44.5802177901834, 102.42056343686116, 43.40377113066408, 19.93021262927936, 0.2998275023, -0.627389042962, 0.71866992259, -0.864017353365, 0.140791671972, 0.483375338829, 0.404447131217, 0.765872504973, 0.499861805079,  
295, 754528.8324901344, 56.475802423819566, 119.23935931880835, 56.467116706309646, 26.75296886831242, 0.784630270888, -0.280801720425, 0.552725729283, 0.342033512442, 0.939652267317, -0.00816657162267, -0.517076797364, 0.195458461908, 0.833323211783,  
327, 1025632.4761151363, 62.56062108028127, 151.40403664546977, 67.32462099142407, 24.021038725491213, 0.461340711121, 0.876162506923, 0.139656756818, 0.780127427731, -0.325624364707, -0.534200308508, 0.422570638785, -0.355398416671, 0.833742178773,  
362, 443501.3445806611, 47.308093212752624, 126.20216045042554, 33.129914878856304, 25.323237132892604, 0.561691739212, 0.0354175140378, -0.826588162146, 0.614359191982, -0.687014412193, 0.388038632957, 0.554134616612, 0.725780130025, 0.407649395354,  
369, 706624.3179508972, 55.254373196967975, 128.0776724806044, 49.81899389578239, 26.438182166845902, -0.734745243596, 0.391969327437, 0.553632977126, 0.621553183907, 0.06211800585, 0.780905239401, -0.271700324968, -0.917878749998, 0.289270692802,  
406, 711518.8741529457, 55.381656106455374, 84.14943397140553, 69.01481263864594, 29.248547474676503, 0.555164707784, -0.129100255947, 0.821660070312, -0.79146880777, 0.221672314346, 0.569595041568, 0.255674155045, 0.96653738105, -0.0208858199602,  
426, 1467479.7434748772, 70.4954632220918, 128.3023618768596, 80.20417340469635, 34.0448862380105, 0.298903649625, 0.952733974645, -0.0543560649604, 0.276536012684, -0.0319608088862, 0.960471936281, 0.913336981584, -0.302119976587, -0.273018456918,  
466, 1787354.06265471, 75.2848045935444, 120.45023679096602, 69.39959520397741, 51.0454911767551, 0.653930309484, 0.742199904727, -0.146678054804, -0.508470352064, 0.574718858095, 0.641214578143, 0.560208042972, -0.344728205364, 0.753212727598,  
516, 2141935.0592577183, 79.96609650342278, 119.9492674092128, 78.36561467865373, 54.39945463704045, -0.767988995948, 0.505595344593, -0.393149144254, 0.111310205087, 0.709876650792, 0.695474786678, 0.630716212211, 0.490355471252, -0.601455377786,  
523, 2357233.6959555456, 82.56031546924572, 134.3051949877342, 77.07205560347637, 54.36561149656897, 0.0330805785395, 0.687827492485, 0.725120001038, 0.704697851978, -0.530533677092, 0.471099729239, 0.708735925956, 0.495406255564, -0.502260917459,  
587, 1585155.9261887923, 72.33155356176071, 125.81197623814525, 63.78254378158772, 47.1584540167226, -0.783445275911, -0.394627974484, 0.480085681319, -0.621202201872, 0.474998785961, -0.62328482873, -0.0179255137041, 0.786539836938, 0.617279321595,  
597, 1610093.0417464618, 72.70887995733078, 131.78787004280503, 85.76613742718787, 34.007215483697976, 0.741187389407, -0.659566878938, 0.124951134415, 0.416012356185, 0.597379595061, 0.68561748731, -0.52685384433, -0.456189819716, 0.717158193917,  
604, 1673793.7318270335, 73.65537460037108, 122.68671886632502, 78.04680979643953, 41.73117569053025, -0.122273298489, -0.979121466738, -0.162389635903, -0.662535312725, 0.202347464543, -0.721181296891, 0.738983220289, 0.0194076522267, -0.673444239092,  
608, 2054621.324536958, 78.86441036842085, 108.38943326639713, 95.29363296792896, 47.48892648130545, 0.994112195915, -0.0689869711756, -0.0835568054709, -0.00936262096236, -0.822939453962, 0.568051931113, 0.107950374067, 0.563925041934, 0.818740046546,  
609, 1248851.98531818, 66.80476692022911, 116.07755159937909, 90.54188408648193, 28.367730524416366, 0.0215810721332, 0.677447122992, 0.735254821729, -0.74304689415, -0.481166281002, 0.465145485972, 0.668891299405, -0.55636714998, 0.492990896471,  
612, 3236519.505833637, 91.76207095525314, 126.72829817382699, 101.45677815207858, 60.094530963278046, 0.585989676254, 0.546845014322, -0.597977114641, -0.14001743669, 0.795185089451, 0.589979483488, -0.798129824494, 0.261994663734, -0.542538090302,  
615, 1997335.594825802, 78.12454076425267, 110.90905780636147, 96.0956198986796, 44.739571866276236, -0.205019622254, -0.360770991808, 0.909841330102, -0.96229041244, -0.0955044918107, -0.25470778192, 0.178785112964, -0.927751682033, -0.327586171668,  
622, 2243437.3626264264, 81.20980101774974, 101.64449927649812, 87.73208336749475, 60.059680244452146, -0.00847671005136, 0.0203564580079, 0.999756850441, 0.980120328311, -0.198019728049, 0.0123421771122, 0.198222822649, 0.979986633542, -0.0182732224868,  
630, 1215601.489473239, 66.20653687083849, 106.12178885344824, 54.86250810576712, 49.845091105058735, -0.830482710683, -0.278313136673, 0.482535247636, 0.158024879268, 0.712945611054, 0.683181303323, -0.534159718426, 0.643622834923, -0.548108603817,  
633, 2367937.5580608207, 82.6850916692873, 125.52526832288905, 83.87572505129121, 53.69256986010123, 0.283629238142, 0.323197893504, 0.902827545496, -0.602295703517, 0.792654766591, -0.0945426175122, -0.746186532173, -0.516954101092, 0.419480770201,  
646, 2065125.6294047122, 78.99858075954222, 117.05298464713736, 98.29224722514216, 42.850521428407305, -0.201515733225, 0.19147641799, 0.96058741956, -0.77598265702, -0.62965167254, -0.0372785095147, 0.597697519877, -0.752911384308, 0.275467098057,  
665, 960302.4825165564, 61.203061564012856, 94.31998197370582, 75.29148576761033, 32.282701153579566, 0.749041830599, -0.0683031921309, -0.658992420258, 0.606894418739, 0.469698549319, 0.641141511112, -0.265735771991, 0.880180633002, -0.393276687298,  
693, 1198785.825021762, 65.8998354088488, 103.1952069149346, 66.36250732700371, 41.78983700355598, 0.141896258401, 0.81199604108, -0.566151818086, -0.436753196066, 0.564614491065, 0.700326439745, 0.88831981717, 0.147894914548, 0.434758549856,  
700, 2620744.2201805282, 85.52872720408365, 104.33906853188527, 102.88835036154012, 58.280446177825624, 0.955672231108, -0.12950362805, -0.264422761899, 0.285711242067, 0.190928817885, 0.939103440872, 0.0711313773555, 0.973023636313, -0.219466011794,  
716, 136815.68261680886, 31.965567870243344, 93.84664583976212, 58.73722363050421, 5.925364927410153, -0.731612605006, -0.673327546961, 0.106644318648, -0.119900311062, 0.281086592339, 0.952162928817, -0.671093817289, 0.683827713764, -0.286378676381,  
730, 2844112.142910439, 87.89267905986966, 147.80344801164188, 95.22105972415027, 48.24369145372226, -0.163576517343, 0.45785286345, 0.873849803115, -0.870988966738, -0.482985343126, 0.0900187655259, 0.463271996558, -0.746388580939, 0.477789852811,  
731, 1032703.4642292126, 62.7040618996793, 108.72690352052354, 71.57980465336136, 31.67812702869631, -0.166053714379, -0.932525539135, 0.32065913803, -0.0941927603059, 0.338686073499, 0.936172776534, -0.981607807552, 0.125251197515, -0.1440772351,  
746, 792493.9243133235, 57.40756294714256, 138.41020174604495, 78.88550793307078, 17.327743245363795, 0.0953356274325, -0.477562850874, 0.873409893239, 0.916030495298, -0.301325913357, -0.264746719761, 0.389614232063, 0.825309891741, 0.40873503981,  
774, 1549828.1123430233, 71.79016888419159, 113.64605456743749, 86.49169980990395, 37.6414313646617, -0.520364628641, 0.839671146759, 0.155476746043, -0.656341932573, -0.276792804138, -0.701855406137, -0.546292889214, -0.467266635742, 0.695144567925,  
776, 929143.7395139122, 60.533822444984345, 127.3380123588515, 65.09600786474034, 26.759739024511706, -0.661291891892, 0.188204115961, 0.726135142004, 0.126601337635, -0.926125920094, 0.355334886325, 0.739368064652, 0.326909759514, 0.588612669,  
792, 559982.7617095457, 51.13230250390011, 112.95195591968444, 49.72778498646199, 23.800888951448478, -0.717710943152, -0.66932821098, 0.192069643791, -0.663046706055, 0.572614170002, -0.482163953342, -0.212744136628, 0.473405490356, 0.854767321574,  
797, 1560412.359125957, 71.95322388233663, 123.47834548979293, 59.06713662198411, 51.075667641863475, 0.376928024655, -0.359673147984, 0.853557549816, -0.743194326435, -0.667426240604, 0.046951107634, -0.552799653929, 0.652056316565, 0.518878697427,  
847, 582332.5905478526, 51.803705884123964, 99.37691470354774, 74.77851897573862, 18.707687994984287, -0.967717695504, -0.0913600466552, 0.234895303664, -0.0698555150234, 0.992700941486, 0.0983109749406, -0.242162484355, 0.0787285376983, -0.967036270531,  
939, 952619.5231883809, 61.03940471118039, 106.04073039015569, 50.263016487926954, 42.66871945068283, -0.445134639375, -0.892951795852, 0.0670241979686, -0.853680720811, 0.400577125365, -0.332817057179, -0.270341228346, 0.205365666359, 0.940606486974,  
944, 1091000.625113276, 63.862433487578684, 136.450228763375, 76.08137577179237, 25.089023870459034, 0.783196179388, -0.352961324133, 0.511880892648, -0.489933179995, 0.156579434631, 0.857582858848, 0.382843602182, 0.922443052073, 0.0502950489738,  
964, 1338210.6761508933, 68.36155931506177, 113.43882937791189, 72.20292164197394, 39.00491838178182, 0.18698640002, 0.397923190016, -0.898161021786, 0.567145482955, -0.790254393509, -0.23204308803, -0.802111019355, -0.465999064792, -0.373447163923,  
992, 715627.8999634265, 55.488061338166276, 108.94658180196015, 102.75186357939288, 15.261433847828068, -0.755909499632, 0.570423141567, -0.32127599962, 0.653330716207, 0.625829424489, -0.426024068221, 0.0419500134338, 0.531935119172, 0.845745366741,  
1018, 3222479.6638232255, 91.62919237245613, 115.92469005504864, 104.9353417807307, 63.24174594952292, -0.602495847972, 0.494258592324, 0.62666354377, -0.223297350154, -0.858205062511, 0.462192994424, -0.766248684561, -0.13853705134, -0.627431620828,  
1055, 1352767.89351816, 68.60854764506469, 87.1230934587694, 76.62702992426014, 48.37482399698552, 0.528227264452, -0.435340286885, 0.729009459269, -0.608185628869, 0.405143894351, 0.682618975496, -0.592525271973, -0.803951030526, -0.0507596551282,  
1092, 1382743.6267195193, 69.11161134379535, 114.42335531210759, 67.72228300415135, 42.59972417004602, -0.588199021517, 0.291783703142, -0.754244112783, -0.0904715134991, 0.903048018866, 0.419903775724, 0.803639730434, 0.315224596443, -0.504773847843,  
1106, 745152.4496816875, 56.24088871271183, 116.17625523760329, 71.95748263332754, 21.27958672220865, -0.670027136732, 0.705896952002, 0.22972402834, 0.733223092512, 0.580972843642, 0.353347494059, -0.115963497056, -0.405191372199, 0.906847517086,  
1116, 1168319.8250898728, 65.33677774846348, 103.61768135243037, 76.82087741353364, 35.03966971969141, 0.51664664186, 0.61592932674, 0.594732975306, -0.302678364338, -0.518379746419, 0.799792627038, 0.800913263229, -0.593222979127, -0.0813906740304,  
1126, 3019644.223833691, 89.6648836517091, 134.18414893146897, 96.53752782369033, 55.65059074472409, 0.505498447581, 0.460262141501, 0.729815100278, -0.410116248141, -0.616014344713, 0.672555566566, 0.759128436106, -0.639284825573, -0.122633312306,  
1146, 1362277.712302758, 68.76894271475328, 127.54776944783549, 83.16991866816008, 30.657581903866355, 0.214860857522, 0.29981396946, -0.929487168078, 0.257055305136, -0.935518415039, -0.242338328015, -0.942208778353, -0.186860586643, -0.278075060286,  
1148, 3108761.4247046364, 90.53842355490379, 129.10776849883356, 83.19231440399359, 69.09763827897605, 0.515481518277, -0.841468774254, 0.161892267482, 0.466660117663, 0.434124845708, 0.770560804169, -0.718684311014, -0.321661188666, 0.61646325179,  
1155, 1920266.367845251, 77.10649383142469, 113.28252847501577, 77.51647890501067, 52.20545619685661, 0.788719849842, 0.567569979931, 0.236189153744, -0.366839351904, 0.126226620587, 0.921680926433, 0.493305066222, -0.813591517984, 0.307764444833,  
1157, 681920.2316431311, 54.602809443043554, 78.58184119157643, 62.13429966000204, 33.341977833595244, 0.580640029358, 0.809508658751, 0.086907351319, 0.729525448111, -0.469917272478, -0.496961142933, 0.361455082777, -0.351956657038, 0.863409945913,  
1174, 1847771.5261514955, 76.12369964675675, 130.56236500958306, 85.63501427171721, 39.45393078744213, -0.501340076024, -0.788821183331, 0.355554874668, -0.839966154511, 0.345086103811, -0.418774927893, -0.20764148778, 0.50860271498, 0.835588589479,  
1179, 181467.6791611385, 35.12127108581297, 71.15525755642423, 37.24054432565429, 16.348866986882737, 0.76690453729, -0.590453201327, -0.251440743968, -0.452811917443, -0.775490203012, 0.439973081511, 0.454773348061, 0.223561987097, 0.862091201567,  
1221, 1143469.6015322711, 64.87021511813398, 109.73259598150024, 81.99508654200064, 30.339787326161762, 0.268470297299, -0.18223964891, 0.945892388083, -0.124357235563, 0.967167700509, 0.221634647685, 0.955227186292, 0.177130882278, -0.236992981146,  
1233, 795767.5873171822, 57.486501442400865, 153.98124155032087, 77.24729092147099, 15.971531482533123, 0.274428850239, 0.480433574972, -0.832990027669, -0.334551057538, 0.859833107342, 0.385697572482, 0.901534467481, 0.172831153319, 0.396692571629,  
1245, 2457117.013091071, 83.71033435034826, 148.4344948155115, 97.4544419643966, 40.55092375624705, -0.289753828018, 0.95538553763, -0.0572817041956, 0.95709482532, 0.289013952807, -0.020986434406, 0.00349492416483, 0.0609049223767, 0.998137453428,  
1263, 795388.8545738733, 57.477380070922955, 119.6115995938882, 40.5216839028599, 39.17690369789799, -0.802596531741, -0.448841684828, -0.392912139286, 0.057409415557, -0.713733204392, 0.698060937135, -0.593753287354, 0.537704430807, 0.598607533236,  
1267, 900832.5025506334, 59.91264310777892, 97.92279917345228, 61.37793903694872, 35.78156379923004, 0.366078185438, 0.604400571372, 0.707592192913, 0.671632043578, -0.69791109834, 0.248657388494, 0.644125112214, 0.384213544971, -0.661424819368,  
1277, 253320.8587040794, 39.2519087665578, 94.39915670516253, 42.064742284652226, 15.22986294472997, 0.203501359048, 0.672904901026, -0.711186467139, -0.437953689746, 0.712226270665, 0.548571148543, 0.875661899653, 0.199831763117, 0.439640198282,  
1280, 2062077.1635662066, 78.95968997448865, 105.42675659415215, 93.11960123767783, 50.14462062816819, -0.354527539848, 0.00122932611111, -0.935044764836, 0.928410473029, -0.118455902934, -0.352167847241, 0.111194501033, 0.99295855292, -0.0408545606114,  
1302, 98764.60552205474, 28.675053799129344, 100.19886244790413, 41.865164114722084, 5.620787091867067, -0.970944822054, 0.0169812741873, 0.238700207065, 0.237280135435, 0.19775395243, 0.951100158567, 0.0310530168208, -0.980104591676, 0.196037495192,  
1309, 667778.8147653274, 54.222725374519754, 109.59944469967094, 60.9473001334321, 23.866086046543074, -0.870517806136, 0.0920082311479, -0.483459651471, 0.0225196121405, 0.988786370446, 0.147629199986, 0.491621415592, 0.117626523457, -0.862828131617,  
1316, 536212.927175457, 50.398339008498496, 122.32147653297059, 45.43463631555511, 23.033445084993083, -0.74913262447, 0.66215854432, -0.0186111025825, -0.272452569922, -0.282386544385, 0.919797497655, 0.603796247171, 0.694120956127, 0.391951770206,  
1323, 203975.3173028728, 36.51710464375879, 140.2004440144746, 27.339892504173406, 12.704068195390425, -0.437053730868, -0.866106239164, 0.242577861347, 0.330439527496, 0.0962223986162, 0.938909457122, -0.836536762493, 0.490511195067, 0.244141378122,  
1326, 482582.1892189125, 48.65874386216869, 79.71375217697577, 66.06203165234969, 21.8774904078214, 0.34746519321, -0.763939664135, -0.543750061214, -0.918208715604, -0.394795343585, -0.0320841280546, -0.190159654231, 0.51042416307, -0.838633698141,  
1333, 522108.60665372637, 49.952521379167415, 111.09794899969167, 85.8540981584853, 13.067881000852609, 0.54950522971, 0.564350892659, -0.616077975971, -0.20205025348, 0.805260639224, 0.557432505319, -0.810690876716, 0.181833365674, -0.556522173446,  
1336, 369591.0736050712, 44.518885966729776, 102.84875485529902, 67.25675362322528, 12.755512868278611, -0.930752336578, -0.0777243514876, -0.35729401498, 0.133335461782, -0.982008866392, -0.133717018208, -0.340472822096, -0.172097389617, 0.924370459232,  
1356, 65244.153598082485, 24.97378282505226, 113.47606655757741, 44.82782473506364, 3.0619708615063987, -0.230641248507, 0.298022971597, -0.926275835207, 0.929403635477, 0.349346657365, -0.119020146826, -0.28812062899, 0.888335083957, 0.357557382474,  
1364, 2479963.1744484506, 83.96897932651875, 130.0200194953149, 98.30908099407658, 46.31831580952914, -0.456827167073, 0.527116023218, -0.716559584048, -0.553373327141, -0.799085521153, -0.235032531137, -0.696481801796, 0.28915571575, 0.656735922435,  
1386, 533531.6184120332, 50.31419371718329, 124.18053081676976, 55.323433966692214, 18.539965062535504, -0.374647209318, 0.743774564595, -0.553569205802, -0.0246403480031, 0.588856111985, 0.807862199034, 0.926839965582, 0.316303456257, -0.202286434938,  
1387, 1162285.5870531425, 65.22409787530896, 155.90914009600945, 96.0440370508901, 18.530291881940347, 0.682819761287, 0.406794940759, -0.606856696238, -0.303499566027, 0.913519170979, 0.270870333695, 0.664563907399, -0.000774872644513, 0.747231030241,  
1494, 1590330.3691728294, 72.41017232306503, 126.2156017482982, 62.69946270198444, 47.97576203543455, 0.605181451538, -0.388291352653, 0.694971392338, -0.667357537962, -0.723409095901, 0.176955351695, -0.43403839374, 0.570884493941, 0.696922927832,  
1508, 1791217.6924185907, 75.33901196095387, 122.52708091902606, 67.73287077629195, 51.52620901476889, -0.99761890508, -0.0615377953701, -0.0311387213661, -0.0243039636793, -0.108849465964, 0.993761093578, -0.0645433000148, 0.992151648439, 0.10709467271,  
1514, 1576409.1082678104, 72.19826736952302, 131.73383282285226, 55.550220737228265, 51.42771272601571, 0.452123969775, 0.572653704231, -0.683850605751, 0.627168428478, 0.341052564993, 0.700244893043, 0.634226835033, -0.74548701058, -0.204952284158,  
1605, 1834686.3161428669, 75.94358083931431, 128.94542331750333, 87.01358555719993, 39.03733982911263, -0.608216309296, 0.683064114247, 0.4043468028, 0.773416809341, 0.624585650798, 0.108255271682, 0.178603919711, -0.378571235893, 0.908176447183,  
1627, 565828.2408921509, 51.30960485718304, 103.69425818910187, 55.84477249955728, 23.326993866841864, 0.572314114873, -0.712701444387, -0.405602274508, 0.556003094578, -0.0263100780435, 0.83076370805, -0.602757922168, -0.700973916036, 0.381206579562,  
1638, 1014522.1332777389, 62.33390082027929, 119.71942899128746, 65.63569991208439, 30.822521160937278, -0.586488171996, 0.149440824726, 0.796052174178, -0.229644655016, -0.97318086804, 0.0135029812705, 0.776720642529, -0.174889788112, 0.605077354958,  
1642, 2429946.1784323, 83.40063328314803, 93.75055866133756, 90.14279379514547, 68.64409231335198, -0.309120406472, 0.309521424955, 0.899244717414, -0.758553828467, -0.650568684054, -0.0368303766771, 0.573620661779, -0.693510544132, 0.435892717945,  
1662, 590423.3134240451, 52.04251740501731, 124.42678589990354, 90.31546266071092, 12.54292699330334, 0.406921285783, -0.699831308127, -0.587070019113, 0.0337708079017, -0.630721045313, 0.775274464646, 0.912838758878, 0.335301510829, 0.233019950059,  
1672, 1926072.1047516114, 77.18412362082347, 158.46816476460447, 71.6795135165766, 40.48059195291308, -0.775677658732, 0.207127281127, -0.59617317883, 0.613547722039, 0.468882139001, -0.63538077757, -0.147930262367, 0.858631369761, 0.49078387131,  
1722, 1460484.006421767, 70.38326326811784, 118.96795902678554, 104.00950563716569, 28.177674820975746, -0.942703570564, 0.00749681919423, 0.333547261639, 0.252182339443, -0.638543862912, 0.727094081128, -0.218435449774, -0.76954891517, -0.600067014126,  
1731, 1213460.1775605273, 66.16763920796909, 120.54698767437867, 76.13678620801302, 31.56356256561412, 0.463781446486, 0.818087938882, -0.34005719247, 0.795188706016, -0.215151146223, 0.566908199009, -0.390617065321, 0.533331143413, 0.750317399335,  
1747, 558238.6671637411, 51.07916258525456, 117.90391213675284, 64.56372823256163, 17.50711117247764, -0.292476237541, 0.340594372578, 0.893562042525, 0.94292524416, 0.258294419769, 0.210180818919, 0.159215685154, -0.904035102241, 0.396700011995,  
1781, 1486555.3100171187, 70.79960277881385, 109.96182757160477, 76.23462756271395, 42.33487005858633, 0.592517972901, -0.805554931608, 0.00192456516892, -0.586543332261, -0.433061303637, -0.684415682661, -0.552167883138, -0.404399752044, 0.729089479678,  
1790, 3096530.836518144, 90.41953445627196, 113.32369968014642, 103.24475453926698, 63.18268233725261, -0.877033647373, 0.467767518033, -0.109569751525, 0.474160089787, 0.879500296919, -0.040637876093, -0.0773575505612, 0.0875943879123, 0.993148041622,  
1795, 1721517.1987705217, 74.34884944918561, 113.07970511589485, 90.7558037164671, 40.046418548511255, -0.121718490959, 0.193909762881, 0.973439064769, -0.986697554596, -0.130115415877, -0.0974572434697, 0.107761517771, -0.972352293364, 0.207167740918,  
1804, 899790.6149300402, 59.889536214258484, 95.36062834993703, 52.99374825045278, 42.50686810177882, 0.911438589154, -0.355897039283, 0.206438842348, -0.167455607026, 0.137430743001, 0.976253763401, -0.375816867472, -0.924364694429, 0.0656627277553,  
1867, 1995124.8058751475, 78.09570557732569, 96.46310686201305, 80.27364749440459, 61.51021096732937, -0.0353199793058, -0.916160310154, 0.399252783534, -0.894608031091, -0.149086192365, -0.421247881838, 0.445453667365, -0.372053213055, -0.814338650002,  
1887, 3936095.1161151216, 97.94726759451895, 128.06042880301072, 104.21781223388328, 70.40768606385163, -0.16338253902, 0.923694394196, 0.346546983935, 0.985923955358, 0.165511056285, 0.0236652593112, 0.0354978900006, -0.345535463272, 0.937734047279,  
1897, 1051001.9685759002, 63.07224748861294, 108.70583414622912, 91.65586698910606, 25.18267133458218, -0.0500305599136, 0.213091214439, 0.975750520063, -0.960296548971, -0.278738536835, 0.0116346945903, 0.274458523478, -0.936427766788, 0.21857620291,  
1918, 2889942.326502107, 88.36226822162104, 122.47094287761533, 109.33256864327944, 51.524994443533636, -0.21295914035, -0.203742647005, -0.955582198627, 0.976922178095, -0.0279089691655, -0.211764367601, 0.0164761186799, -0.978626600513, 0.204984180565,  
1925, 1599078.604645222, 72.54270311732478, 118.24092855844937, 74.02158208231407, 43.61692138204704, -0.869936268233, -0.286537954649, -0.401381227461, 0.112260433298, -0.907579713101, 0.404594438276, -0.48021712207, 0.306912145269, 0.821703383684,  
1948, 862643.4813739802, 59.05376323935632, 113.46412658107646, 73.48830152639474, 24.698236855682087, 0.834352543505, -0.548249577879, -0.0572558599853, -0.230048047401, -0.440712319311, 0.867669607336, -0.500932858809, -0.710770745011, -0.49383318945,  
1980, 1351001.1872507117, 68.57866719106559, 106.94806019546888, 71.43371891822946, 42.217348055730504, -0.469141366781, 0.755295676691, 0.45764049072, 0.864677870528, 0.287496737159, 0.411919660057, -0.179550990512, -0.588960157307, 0.787964069556,  
2008, 925984.4925077251, 60.46513610129075, 98.22545210575285, 73.38688350427385, 30.66709388892624, -0.915703722372, -0.355424987857, 0.187509388676, -0.354789584152, 0.934169354543, 0.0381046979992, 0.188708886414, 0.0316337642351, 0.98152343892,  
2026, 207023.5140341366, 36.698109224107974, 93.37715657654644, 38.14221135096925, 13.876647405075209, -0.461558992104, -0.885039733991, 0.0605637355616, 0.245423221853, -0.061788432552, 0.967444898575, -0.852485037396, 0.461396639411, 0.245728309636,  
2050, 4670524.688313279, 103.69528771236084, 129.4598939083585, 110.00652294736473, 78.29307998069886, -0.334372799936, -0.901169142247, -0.275842360278, -0.167892214508, -0.231048814665, 0.958346831554, 0.927365642544, -0.366756898099, 0.0740428438566,  
2087, 2420428.1927830772, 83.29159866984865, 102.31184093673193, 87.98609204462224, 64.18945166188847, -0.586745724646, -0.342007345987, 0.734003017637, -0.613819100799, 0.779054120155, -0.1276745447, -0.528162442914, -0.525457565519, -0.667037315849,  
2115, 1930805.4644886688, 77.24729906013874, 102.03368123836002, 82.69181941523448, 54.63158576203031, -0.245444118835, -0.93620147754, -0.251563069588, -0.192553040333, -0.207248201419, 0.959151452935, 0.950095001138, -0.28385731708, 0.129400588687,  
2162, 694628.955124936, 54.93992865428365, 129.84569258279618, 85.24495700205627, 14.981939193001809, -0.960580576645, 0.208226917426, 0.184191494459, -0.133969100919, -0.927269338175, 0.349605283826, 0.243592355731, 0.311148076226, 0.918612888485,  
2166, 827042.7171197849, 58.22995360877808, 128.42875827235656, 66.19310963457612, 23.225456818433155, 0.0218881318554, 0.994277469548, -0.10456205446, -0.858530741629, 0.0722853174967, 0.507641407445, 0.512294715337, 0.0786584161002, 0.855199963876,  
2169, 944429.3204776598, 60.863971014830604, 115.01275487531515, 100.48092487365838, 19.50972834550057, 0.794212905195, 0.37467843101, -0.478374262015, 0.28083525117, 0.471802633907, 0.835783366871, -0.538848237375, 0.798134291943, -0.269488829273,  
2184, 2189474.967664456, 80.55338438170031, 134.92459510857702, 106.44817701132901, 36.39334908238731, 0.5007143136, 0.790278593607, -0.353192469686, 0.164742654916, 0.313566255703, 0.935166327952, -0.849791170704, 0.526437031155, -0.0268145188582,  
2189, 1249257.803213024, 66.81200226761865, 94.0058048227751, 65.51784111688636, 48.422723356904484, 0.899595125097, -0.337711657921, 0.276910539716, -0.369938700318, -0.252273159684, 0.894149658005, 0.23210766663, 0.906812598615, 0.351876316458,  
2201, 360626.52741441666, 44.155996157407, 111.90071811020199, 61.009660164234255, 12.610653160862308, -0.399730441712, -0.661493431628, -0.63454078977, -0.90322164242, 0.402230261039, 0.149671245632, -0.15622496162, -0.632959127446, 0.75825886368,  
2205, 2727166.202835287, 86.67110474229274, 123.89122712627334, 88.2935766408983, 59.518685693499, 0.570206103669, 0.671822778319, 0.4727781233, -0.467190330614, -0.208183548007, 0.859297855996, 0.675720500147, -0.71085425009, 0.19516157616,  
2250, 1917255.9369429185, 77.06617908086459, 124.03494756866617, 64.94349092648902, 56.82138102390578, 0.591457741974, -0.476721591581, -0.650318586217, 0.541958685081, -0.362141175431, 0.758376260654, -0.597041475213, -0.800993316563, 0.0441722050267,  
2274, 2984669.626938633, 89.3173615774997, 123.41137073255065, 122.30892698069594, 47.20568723409787, 0.869502721868, -0.153915505493, -0.469334671458, 0.45240571438, -0.133172939146, 0.881812926802, 0.19822736002, 0.979068427357, 0.0461619788502,  
2308, 600523.5599334766, 52.33760120785172, 140.21501143747457, 61.07242143311157, 16.74178613936049, 0.248292513013, 0.680776152105, 0.689126010761, 0.8854806768, -0.447964631628, 0.123497610601, -0.392778307695, -0.579544234322, 0.714040392043,  
2314, 963849.4798717598, 61.27832269930052, 141.49983106055365, 52.71548076086124, 30.84796468854512, 0.429199622055, 0.614085238195, 0.662334511149, -0.435162007986, -0.501997132919, 0.747417490662, 0.791468073414, -0.609014120339, 0.0517695856062,  
2338, 1734950.5273110701, 74.54173471466542, 134.74684114836785, 76.25047727601702, 40.31227673201668, 0.0112836591996, 0.66734338324, 0.744664681505, -0.672023506955, -0.546391558257, 0.499840645773, 0.740443843337, -0.506072202271, 0.442305144615,  
2372, 1221960.8561851948, 66.3217883393, 83.64425798779168, 68.76783869615458, 50.71625500289633, 0.786735149423, -0.56687609273, 0.244334402311, 0.144762530006, 0.554210468199, 0.819691751115, -0.600076340617, -0.609509846048, 0.518079272894,  
2382, 1473303.2615847052, 70.58859108389777, 117.77221920841939, 113.03245765500141, 26.421502560914497, 0.386410283304, 0.906991172695, 0.167493598713, 0.333975416153, -0.306868448441, 0.891230709052, -0.859736886705, 0.288441966441, 0.421489878448,  
2463, 3114453.4778555115, 90.59364761771533, 102.26828789558373, 87.44654869804965, 83.13991568160215, -0.323716571457, -0.551814700997, -0.768575381552, -0.935635283527, 0.0659083988761, 0.346760290656, 0.140691853292, -0.831358297439, 0.537632945136,  
2478, 1731929.9413185122, 74.49845000000546, 124.24940869916703, 65.33506299111322, 50.933212151109956, 0.379812455367, -0.439570222443, -0.813953633993, -0.766854454445, 0.342497351697, -0.542798129859, -0.517374858731, -0.830345460409, 0.207001623016,  
2492, 2508959.2005664865, 84.29497054954916, 112.89568775293499, 88.68653525445372, 59.82324236211686, 0.230841748297, 0.131286415273, 0.964093338017, 0.937755609076, 0.234217674937, -0.256430299289, 0.259473514814, -0.963278754002, 0.0690473547533,  
2526, 1831656.3249791926, 75.9017507694815, 106.65445934535622, 92.88304550776822, 44.140771064422175, -0.885069012699, -0.459738212095, 0.0727572614849, 0.23466027689, -0.305725786339, 0.922749314829, 0.401979349232, -0.833770064171, -0.378470716019,  
2528, 1962709.1075929007, 77.67044191783089, 92.73594868034165, 82.84841601438083, 60.98668111916051, -0.506043559692, 0.856323070199, -0.103105359408, 0.861117313679, 0.494819344488, -0.116750967458, 0.048958020547, 0.14786688529, 0.987794764341,  
2588, 1823246.0520311936, 75.78540180164497, 130.55536858497175, 86.27374401047479, 38.64410841645206, -0.251486417375, -0.595408249981, -0.763048882924, -0.96400208984, 0.224421978083, 0.142599952799, -0.0863397513362, -0.771442669035, 0.630413876537,  
2612, 2271498.319267828, 81.54699028309444, 113.45803479976126, 72.31027544770727, 66.09803332653607, 0.925821635625, -0.20937475366, -0.314668891914, -0.209647122668, -0.977206852547, 0.0333893889219, -0.314487492542, 0.0350568091189, -0.948614061233,  
2652, 2240279.02278613, 81.17167372093407, 124.3361588753171, 83.03070797496628, 51.80567246341411, 0.672762119387, 0.406365096655, -0.618270603327, 0.311229002303, 0.602687210975, 0.734782031526, 0.671213556808, -0.686757259843, 0.278992521781,  
2703, 310887.0883545927, 42.02470679401062, 113.78156572109796, 70.18395811265152, 9.294035207025567, 0.438446348835, 0.834720309265, -0.333176836671, 0.853773635514, -0.27101446967, 0.444546664064, -0.280776385213, 0.479367460859, 0.831487497787,  
2721, 1399219.1052898457, 69.38501806927518, 91.80859616421176, 85.24645256353854, 42.68128194639781, -0.522064687819, -0.702383954596, 0.483844233259, 0.745119177115, -0.0995536122921, 0.659459240723, -0.415025148186, 0.704801999575, 0.57533317979,  
2725, 2426890.4748872854, 83.36565932460589, 109.81506194529217, 81.23109613530555, 64.94972899361846, -0.85062795203, 0.466166343268, -0.243148159831, 0.523328069991, 0.70619674851, -0.476879317599, 0.0505946477863, 0.532893134501, 0.844668626633,  
2772, 466232.4649387753, 48.10290454023465, 112.30634330099636, 65.14716697366177, 15.21297251501863, -0.497132654938, -0.563197868162, 0.660050971283, -0.212351500352, 0.816551408015, 0.536796645265, -0.841288276213, 0.126696327361, -0.525530281659,  
2777, 1238536.884610482, 66.62032982644665, 111.0111144586865, 60.765908516769656, 43.83226139399382, 0.363765587118, 0.791870216029, 0.490526409681, 0.686969438337, -0.583707008919, 0.432849995414, -0.629084722767, -0.179520719433, 0.756323160346,  
2797, 310002.24029666145, 41.98479861230534, 110.02703104158559, 81.60944322045482, 8.24207218886082, 0.454395844257, 0.123101348793, -0.882253067236, 0.844292263854, 0.256316583474, 0.470608523332, -0.284068635929, 0.958721996703, -0.0125356738892,  
2807, 1919880.8058788278, 77.1013328596889, 102.35587420679899, 81.67768354697097, 54.82384276949062, -0.372284028819, 0.0586675823873, 0.926262768691, -0.696041325534, 0.642525154102, -0.32044952722, -0.613947127231, -0.764015406339, -0.198366791176,  
2821, 2131275.600923175, 79.83322394192757, 124.653416787228, 117.67997573166842, 34.6852034716169, -0.821517684364, -0.324534061849, 0.468813755106, -0.232635644639, 0.94144445034, 0.244055329315, 0.520566375326, -0.0914329788613, 0.848911455486,  
2839, 655992.5990387297, 53.90182174053099, 125.25191201281736, 66.55513667665082, 18.78643553083698, -0.560435699202, 0.639660037323, -0.52606735663, -0.140086722364, 0.552827019006, 0.821436544886, 0.816264379523, 0.534057416116, -0.220216118878,  
2843, 2366119.309004882, 82.6639226726029, 118.61458698192145, 92.35559782609022, 51.56401256008017, 0.374670910647, -0.922600751433, -0.0918126471142, -0.703511101767, -0.347396306169, 0.619990271013, -0.603898864385, -0.167701102906, -0.779219161519,  
2877, 2567872.8406719742, 84.94965802140084, 111.95174654266029, 77.70709048841822, 70.46823320870344, -0.414803858605, 0.41279758491, -0.810885881477, 0.907428270076, 0.121884116716, -0.402142010688, 0.0671691413816, 0.902630830398, 0.425142200282,  
2915, 891194.5692384014, 59.69820972089072, 118.74591983456781, 74.18295158239678, 24.152445847570682, 0.377074531377, -0.661331030254, -0.648425837093, -0.762926035759, 0.175159488521, -0.622304601897, -0.525127281473, -0.729356169512, 0.438498479185,  
2922, 3004842.29134283, 89.5181347860761, 135.0381633515059, 90.38573389774656, 58.77283804278, -0.135120702763, -0.962705310073, 0.234394713339, -0.979627795475, 0.0943306003895, -0.177288240341, -0.148565736353, 0.253574887926, 0.955838897616,  
2947, 1830013.5137471613, 75.87905190682258, 147.99257196599518, 96.9181571815104, 30.459349336892924, 0.312736389755, -0.519429001009, 0.795229189249, -0.506325338958, -0.799520754742, -0.323111766832, 0.803635863841, -0.301595881349, -0.513039299373,  
2953, 2113598.264209435, 79.61189192490934, 100.32810000043335, 91.44522153625542, 54.99842215185825, -0.413125494804, 0.839089125074, 0.353916325881, 0.264424760674, -0.26136130515, 0.928315578945, -0.871439539776, -0.477095072656, 0.11390092257,  
2964, 1521257.3783110178, 71.34628474444725, 150.88623857563095, 74.26397022582556, 32.41054192717048, 0.557925251445, 0.579960469542, 0.593603628332, 0.636240996773, 0.160331495694, -0.75464641092, 0.532838444395, -0.798711252742, 0.27954163718,  
2987, 760744.2371029037, 56.63045103649905, 73.88093647206836, 55.71474205185989, 44.12122338591344, -0.577553916058, -0.815578266264, -0.035546668534, -0.805950727091, 0.562725127603, 0.183803852697, 0.129903423928, -0.134805498262, 0.982319997806,  
2998, 1938448.543522468, 77.3490924810002, 150.957390542238, 99.09981897308802, 30.934167061457174, 0.579969618996, 0.324720792246, -0.747122244432, 0.634282007306, 0.395507752812, 0.664274004214, -0.511196220888, 0.859144938034, -0.0234179247884,  
3018, 1991962.1720582084, 78.05441847911251, 141.39667152036958, 111.0511904018562, 30.28517398057839, 0.156615546338, 0.773400419072, 0.614266523933, 0.748154108754, -0.498923875222, 0.43742473214, 0.644776705689, 0.391058510345, -0.65676193654,  
3040, 1260452.5616624514, 67.01097938300222, 94.83636415161439, 64.63279063435216, 49.091928451097154, -0.381230844735, 0.656679389016, -0.650719004689, 0.0953940046178, 0.728061156455, 0.67884235014, 0.91954501081, 0.196720950847, -0.340202646362,  
3041, 2334593.7124721813, 82.29514865823477, 105.7745903149208, 77.18571226617777, 68.265996506475, 0.120816507692, -0.57198086504, 0.811320689677, -0.853514422664, 0.357469527326, 0.379115638477, 0.506869314295, 0.738277337497, 0.445005697902,  
3048, 2286848.676176748, 81.73027109822569, 122.82789110250752, 86.08070311924807, 51.635218296965384, 0.858322383293, 0.429189008127, 0.281210742401, -0.2694260127, -0.0894407462027, 0.958858684374, 0.436683306321, -0.898775360266, 0.0388656887099,  
3060, 1436658.9427756413, 69.99843931349506, 111.80728076384892, 67.95047622513195, 45.14425404507721, -0.810760812809, 0.0738970359184, -0.580694525974, 0.132300817797, 0.989463918021, -0.058801773317, 0.570231004089, -0.124500534206, -0.811995208704,  
3072, 2269701.238157272, 81.5254794858579, 111.05859059615642, 81.5020476501887, 59.863128197091235, 0.472331933556, 0.874440137617, -0.110711292413, 0.832825677695, -0.483886455543, -0.268803438806, 0.288624210896, -0.0347612408657, 0.956811225383,  
3074, 1420045.580591298, 69.72757450901246, 108.20408150334505, 61.593722195984114, 50.866702227581364, 0.706838192492, -0.70312992921, 0.0773826355515, -0.404482056869, -0.312003701346, 0.859678984283, -0.58032235465, -0.638953826967, -0.504939572323,  
3076, 1002613.1573591696, 62.08903787183743, 118.74251352228345, 48.70211930592457, 41.38954882168753, 0.88211572069, 0.415871192974, 0.221185456497, 0.324586292283, -0.196388429348, -0.925243386185, 0.341343806408, -0.88796550365, 0.308223409485,  
3078, 337218.7535363305, 43.17917793938178, 103.5701634136091, 65.36289352489227, 11.892062374172948, 0.166341490693, 0.952546115827, 0.254924313664, -0.478682159445, -0.14801625448, 0.865421619003, 0.862086943819, -0.265983243143, 0.431345587278,  
3087, 1654986.525054809, 73.37846416574371, 130.82003385745588, 77.46875258337559, 38.98567272360655, -0.176810361651, -0.845860424087, 0.503247691477, -0.794845265304, -0.178842490008, -0.579858920766, 0.580481782864, -0.502529110333, -0.640706947856,  
3095, 906524.6475901577, 60.03856946498967, 145.46831542820883, 78.29044080387806, 19.002636439741924, 0.467133554301, 0.267402475539, -0.842782390966, -0.284622791337, 0.947913989433, 0.14299977374, 0.837123711943, 0.173075084035, 0.518911270054,  
3110, 537212.6830169038, 50.42964171752764, 152.68159229280175, 59.89008050680843, 14.025426308038107, 0.637869429551, 0.262016649945, 0.724202917693, -0.446827550344, -0.639988173401, 0.62510821316, 0.627270062332, -0.722331235001, -0.291152633243,  
3120, 1351444.536888897, 68.58616804853172, 109.13795299582726, 67.54104850455849, 43.768938647659475, -0.607873335093, 0.78945318351, 0.0851685360243, 0.773951397348, 0.565110140671, 0.285744227332, -0.177452086564, -0.239612603918, 0.954513780423,  
