# Void_ID, Void_Volume, r = (a*b*c)**(1/3.0), a, b, c, vector_a, vector_b, vector_c 

13, 2384320.5581393447, 82.87534411472153, 116.75515394151707, 86.86169697714044, 56.12697852802561, 0.0508464266324, 0.499116666242, 0.865041729848, 0.793445009446, -0.54620865347, 0.268516524369, 0.60651435093, 0.672709937754, -0.423794386186,  
17, 1196680.3101618807, 65.8612312386332, 123.26902193348079, 59.58565144569974, 38.89501059114311, -0.0416863944117, 0.978575417545, 0.201624395093, 0.843209354955, -0.0737949090222, 0.532496286483, 0.535966629779, 0.192209426351, -0.822067702921,  
23, 1937387.9249828204, 77.3349827696323, 141.52638213547223, 94.51238394365447, 34.578158179310435, 0.778739920903, -0.375923182288, 0.50224087509, -0.433677219392, 0.255898319564, 0.863967661099, 0.453308068506, 0.89061653424, -0.036248916737,  
27, 2211063.9289690824, 80.81728008157542, 130.3145513885096, 75.36041598206783, 53.74975511773971, -0.511612884371, 0.602082049889, -0.612984063208, 0.821807926871, 0.551112381013, -0.144592098075, -0.25076679979, 0.577730342543, 0.776751996089,  
35, 2154469.5111367526, 80.1217785233964, 140.79602645178275, 67.54651453270407, 54.082704489893494, -0.949456392843, 0.0391261839404, 0.311450958931, 0.264623785528, 0.633452138663, 0.727126289001, 0.168839599093, -0.772792035255, 0.611788901522,  
38, 846931.9446481833, 58.693044127559396, 141.84115951255222, 68.62207013895288, 20.77274148560004, -0.9472190675, -0.0747406868052, 0.311752895575, -0.313823841344, 0.0174815139859, -0.949320279607, -0.0655029370918, 0.997049761248, 0.0400142328142,  
70, 1661476.5120411632, 73.47425631092504, 112.94274598676633, 88.75799949962207, 39.567603683768134, -0.800762261108, 0.418282715065, 0.428741613869, 0.447121179068, -0.0588798659618, 0.892533367787, -0.398575529121, -0.906406493612, 0.139874286142,  
82, 960983.7369834705, 61.21753096438341, 131.77034732268203, 80.07286800249568, 21.74324472600197, 0.299194514826, -0.251634363273, 0.920414466161, -0.307098140437, 0.887884077526, 0.342567653196, -0.903423142518, -0.385151933783, 0.188373600766,  
92, 1836276.5908438375, 75.96551670139556, 155.90248854659245, 72.89854880838243, 38.57247960238127, -0.507026375716, -0.750059901687, 0.424657977918, -0.861801459357, 0.449679214896, -0.234705876237, 0.0149163996538, 0.484972934885, 0.874401940443,  
171, 2814650.1950853406, 87.58813378018705, 128.11764653597913, 90.6576419931719, 57.852542220930374, 0.888281929604, -0.203117411861, -0.411944814918, -0.359104970807, 0.252046392024, -0.898619071804, -0.286354384427, -0.946158513816, -0.1509477832,  
200, 990143.4266093014, 61.83055807943224, 134.03443412525888, 56.219550058481566, 31.36936652799908, 0.500679654279, -0.502447026502, -0.704887841682, -0.746479030393, -0.662902344157, -0.0577021602241, 0.438279523791, -0.555074290226, 0.70696788566,  
202, 3839595.796946609, 97.14019391616985, 127.58774171020166, 118.68601163151233, 60.532472286271876, 0.602577223557, -0.376449842897, 0.70369468197, -0.317573761855, -0.922043961427, -0.22131841084, -0.73215271319, 0.0901135338241, 0.675153283033,  
214, 1854411.9914249175, 76.21478097303066, 107.66539221622872, 80.74801247745668, 50.922492087146544, -0.854782929339, 0.00320719963184, 0.518975777452, -0.518802099364, -0.0318762552678, -0.854299880631, -0.0138030940972, 0.99948667736, -0.0289111807562,  
228, 1908970.4929546167, 76.95500464767335, 103.43861637221372, 78.0335871391934, 56.46070959736645, 0.607858429558, 0.463640705192, 0.644628130091, 0.529463818646, -0.841671633103, 0.106098665276, 0.591756870987, 0.276814303312, -0.757098175352,  
234, 2117943.507605368, 79.66641131357191, 107.84600588134005, 90.18027839145967, 51.98883977222062, -0.953017554408, -0.169052874245, -0.251353668562, -0.284481412739, 0.21445413517, 0.934387365986, 0.104057036265, -0.961993009132, 0.252470955925,  
243, 1901065.1865783862, 76.84863062987368, 107.74322327014845, 78.67630780708001, 53.53951897351884, 0.862029894552, -0.499782176272, 0.0843933479551, -0.379803676993, -0.526670635539, 0.760504575005, 0.335639133358, 0.687630582465, 0.643824940661,  
275, 1055595.361727358, 63.1639994845662, 128.09809305549427, 82.1847053239506, 23.937301890304074, -0.748925466192, 0.440029199643, -0.495464377681, 0.655015689101, 0.604784349088, -0.452979401442, -0.100324937681, 0.663784750171, 0.741164430015,  
297, 405444.4867791338, 45.91426078975912, 127.66842715901811, 64.4201290064126, 11.768949295045028, 0.901337427418, -0.281062629271, -0.329537009095, 0.149606805883, -0.511980969601, 0.8458683647, -0.406458664036, -0.811713795123, -0.419418727809,  
303, 2661036.6405321867, 85.96481806982924, 119.0043143920884, 87.07959446752841, 61.303199384818804, -0.939473947999, -0.0571201582665, 0.337825381745, -0.342264886772, 0.201364854566, -0.917772816457, 0.0156028303351, 0.977849417275, 0.208727259409,  
304, 1837607.6008777157, 75.98386659586886, 116.94387346815559, 68.44573500336303, 54.807539193521464, -0.0138586317793, 0.70277473606, -0.711277448456, -0.00945208894794, 0.71122190326, 0.702904020715, 0.99985928827, 0.0164643457087, -0.00321387315505,  
311, 675626.9046807102, 54.43431666739787, 141.5215305675454, 63.44971975533631, 17.96247187859591, 0.878101404966, 0.323005456334, 0.352994897662, -0.221762070538, -0.37898593267, 0.89843822654, 0.42398054987, -0.867200748395, -0.261157721148,  
321, 2373532.1331681493, 82.7501587178157, 104.72468538421806, 86.91789823818112, 62.251271422083455, -0.663501939269, 0.707651633434, -0.242887509528, 0.716923009499, 0.694198544137, 0.0641075640611, -0.213977977926, 0.131596151224, 0.967933818991,  
346, 1832162.6852637283, 75.90874445610358, 109.59930957314401, 89.60446807681465, 44.53874138409219, 0.619879315504, -0.727174924167, -0.294900430439, -0.745983026946, -0.429511802233, -0.508948853276, -0.243431628429, -0.535477582542, 0.808705633018,  
356, 925885.0921330522, 60.46297246813316, 131.26118991658458, 54.86440925781975, 30.693148307677948, 0.940816249103, 0.307559980941, -0.142378522074, 0.181226157255, -0.101534122501, 0.978186026221, 0.28639459728, -0.946096020545, -0.151262865758,  
389, 2978358.968738224, 89.25436755230614, 108.40335741734243, 89.64869407177217, 73.16472258306455, -0.314873953265, -0.947659306598, 0.0528794116162, -0.946344586436, 0.309193267104, -0.0939757803904, -0.0727070648416, 0.0796326703997, 0.994169160921,  
409, 1083328.787484917, 63.71238922872776, 131.84719859887917, 57.10239773398494, 34.35155674907777, -0.0540471224491, -0.771777202829, 0.633592027845, -0.997179995414, 0.008630726762, -0.0745490932356, -0.0520669309799, 0.635834459391, 0.770067253523,  
416, 368748.69471150526, 44.48503747822968, 137.8208444475019, 70.68529900895807, 9.036450549798069, -0.696422984312, -0.568312424724, 0.43819631996, -0.717550646206, 0.542286574186, -0.437088482559, -0.0107748341697, 0.618826517985, 0.785453781955,  
417, 937917.1973143771, 60.723756472857346, 105.24179976348486, 85.50193568096267, 24.883512044038106, 0.368286160053, -0.0635779738648, 0.927536061592, -0.801208429889, 0.484389180585, 0.351329152799, -0.471625228532, -0.872539376173, 0.127454622673,  
452, 3358003.81262874, 92.89610931319967, 131.94536562941786, 96.01110207150778, 63.28153131384782, 0.865686954099, 0.138465885707, -0.481054358673, -0.329401720505, 0.881179674202, -0.339141398685, 0.3769358089, 0.45205041784, 0.808436649156,  
457, 3230365.5493567553, 91.7038748923347, 120.88205920559655, 93.94258409388597, 67.91077848821949, -0.957226546366, -0.189117311156, -0.218979408973, 0.144034837145, -0.967842887157, 0.20623799715, -0.250940838888, 0.165875822232, 0.953684385411,  
460, 775309.7413642826, 56.9895914767186, 91.4651248495243, 58.05784646085385, 34.85540853063681, 0.506632817888, -0.858095969472, 0.0836330976006, -0.720322347316, -0.474592439863, -0.505863353072, -0.473770940218, -0.196044186856, 0.858549808109,  
461, 2285402.4045032146, 81.7130379067496, 120.19243262702383, 97.56894198832717, 46.524889453463025, -0.146134037309, -0.638095205238, 0.75596253359, -0.989162560491, 0.0832634907734, -0.120932295217, -0.014222238296, 0.765442159903, 0.643347517118,  
467, 2999315.945526786, 89.46322211377394, 134.0689628461597, 89.64757036533773, 59.575381708302906, 0.417811904299, 0.589133918641, 0.691631721751, 0.716390503535, -0.681819913433, 0.148007608219, -0.55876458287, -0.433639056765, 0.706922421046,  
481, 1497526.900132031, 70.97335592557236, 141.1566423224818, 74.39397782710226, 34.04449706903986, -0.560552232712, 0.0313475499465, -0.827525543723, -0.115804484237, 0.986497099202, 0.115813620514, 0.819982021652, 0.160750752341, -0.549352964668,  
487, 1202768.183279453, 65.97272768563606, 102.71959215144784, 61.2707076565562, 45.62334664426136, 0.730240728137, 0.215836730993, -0.648199802934, 0.527972972187, 0.423851913585, 0.735930768476, -0.433581618164, 0.879638596757, -0.19555796963,  
497, 1808495.048055367, 75.58046708975162, 108.25303000959043, 93.16469311209107, 42.809218115562004, -0.396222805308, -0.248610728161, -0.883855301731, -0.0212603079338, -0.959901068481, 0.27953164049, 0.9179082132, -0.129547846651, -0.375049153536,  
498, 2307284.5838367073, 81.9730041987633, 110.62162535503795, 96.23939321446655, 51.73919218113782, 0.39072891935, -0.878795835189, 0.273950345203, -0.443876064319, 0.0808462053823, 0.89243371216, -0.806414875302, -0.470299660992, -0.358487486201,  
499, 2860885.873393045, 88.0651288075542, 105.18455175839196, 97.2296868825062, 66.78225449113187, 0.432161062964, -0.900039310135, -0.0562677160567, -0.000829151615902, -0.0627916886083, 0.998026310449, 0.901796056858, 0.431261456722, 0.0278823919426,  
500, 2991832.2037289375, 89.38875210232078, 112.30251726975142, 91.30170922333751, 69.65947937473402, 0.0669806404566, 0.0546825290246, 0.996254693752, 0.902590625084, -0.428894652879, -0.0371421626074, 0.425257283671, 0.901697952616, -0.0780835765917,  
501, 2674267.688433323, 86.10705896530065, 114.8706064803908, 83.407513374947, 66.63496592131612, -0.502019944315, 0.655843467963, 0.563777723079, 0.818866107767, 0.570193860706, 0.0658578678909, 0.278270144033, -0.494720432915, 0.823296678116,  
502, 3419259.45161902, 93.45756947531247, 111.50241910626376, 92.296688091632, 79.3182346318461, 0.397461627613, -0.804514817953, -0.441339055907, -0.779148548786, -0.549946838426, 0.30080893243, 0.484718261983, -0.224308677048, 0.845419318387,  
503, 3300395.4285133593, 92.3618144090934, 108.01923855482102, 96.13610327975876, 75.87343414244332, -0.47935220746, -0.872606140791, 0.0937015701948, -0.870761807285, 0.459562235641, -0.17486116363, -0.109523222087, 0.165411833393, 0.980124272323,  
504, 2900373.5421671807, 88.46845478227512, 106.7754411480446, 82.03060974835992, 79.05293730276802, -0.478040436303, 0.87763833196, 0.0350471044907, 0.877962861562, 0.478621618209, -0.0101272059789, 0.0256623260276, -0.0259288421835, 0.999334348537,  
505, 3737020.6871642442, 96.26733831728247, 112.77442385472368, 98.08928212109575, 80.650064592111, 0.769763178414, 0.288413732924, -0.569457784054, 0.530026679836, -0.78592979837, 0.318411794216, 0.355719507225, 0.546929493349, 0.757846792884,  
506, 3467742.432493076, 93.89722145956206, 108.28315839272786, 90.79001293473173, 84.20913972344563, -0.904168123008, 0.253604835945, -0.343750770938, 0.143865348079, 0.9384740392, 0.31395738464, 0.402222285506, 0.234416434861, -0.885023258513,  
507, 3737549.6777376835, 96.2718804482199, 101.87784859900448, 97.235743902586, 90.07259151588714, 0.140769210515, -0.366335622498, 0.919772929075, 0.540865707688, -0.749681567644, -0.381368369666, 0.829245630449, 0.55115856051, 0.0926062932988,  
508, 3737278.698784396, 96.26955376486346, 114.35684023858488, 94.41725459080473, 82.63296974544852, 0.699429461402, -0.58211096093, -0.414662824097, -0.637460330665, -0.245752615174, -0.730239672275, -0.3231760439, -0.775082241637, 0.542959264907,  
509, 2886182.4637865312, 88.32393133419872, 103.12860426113954, 86.31869600446508, 77.4018183349243, -0.937490670459, -0.259055188676, -0.23238255533, -0.346168134795, 0.762780621822, 0.546198998009, -0.0357612255709, -0.592499900585, 0.804776368038,  
510, 2676531.7188020423, 86.131351473323, 91.55871536255344, 84.62338986591517, 82.46955974833206, 0.348348985374, 0.929540235645, -0.120863289325, 0.537227101022, -0.0923191479852, 0.83836997611, 0.768140629258, -0.35697636509, -0.53153348761,  
511, 2494741.6466700123, 84.13544367842596, 101.22589519254495, 83.84010579696374, 70.176794039403, 0.582737737323, 0.286729160049, 0.760396684814, -0.47096082742, -0.643385297825, 0.60353231693, 0.662278361821, -0.709818108616, -0.23988669022,  
512, 3793401.7124106907, 96.74905733450711, 112.28813609956126, 94.96053971612668, 84.93040193207766, 0.906358501953, -0.354296461427, -0.230191840339, -0.296151373653, -0.921310711128, 0.251954236807, 0.301344702661, 0.160189234913, 0.939963179702,  
513, 2284616.3721384257, 81.70366881165161, 112.11141191281935, 87.1954305931928, 55.79318147264358, 0.115669973632, -0.637490947417, 0.761725507753, 0.525269643809, -0.611613665744, -0.591625324989, 0.84303751903, 0.468544571879, 0.264109306292,  
514, 2990678.0720714275, 89.37725639776087, 108.5856693394695, 93.60998519964244, 70.24030161932701, -0.511736088986, 0.550638120521, -0.659487555196, 0.855508282798, 0.397123468908, -0.332262740173, -0.0789414548532, 0.734227901044, 0.674297883753,  
515, 4055105.62334923, 98.9246495673307, 112.60995171128265, 94.72912513447476, 90.7513852228129, 0.879322719294, 0.235028557937, -0.414189729819, 0.363021672648, 0.232117161524, 0.902406166044, -0.308231764297, 0.943866092346, -0.118785433444,  
516, 3865206.7069139704, 97.35569730141333, 104.17921009067763, 95.50220340008714, 92.74482014246621, -0.706640353434, -0.685983487236, -0.173453354358, -0.696440464902, 0.630987574755, 0.341797248896, 0.125020357326, -0.362327663511, 0.923627941602,  
517, 63874.432985224055, 24.797780769694008, 74.13036562307616, 55.21878793926245, 3.725250115901146, -0.194389476902, -0.804943916466, 0.560605050472, -0.772158363644, -0.226899410065, -0.593538641679, 0.604966274039, -0.5482535445, -0.577437319732,  
518, 3352312.643057105, 92.84359930068474, 111.13185913493528, 91.13418482399852, 79.01981574102264, 0.641455241234, -0.732655672795, -0.227488106534, -0.618649346582, -0.669367799849, 0.411363263428, 0.453660841893, 0.123135752915, 0.882626436771,  
519, 3100898.880477341, 90.46203050057387, 99.7482962858734, 89.04821341197899, 83.3428404428955, 0.702955931096, 0.694791320914, -0.152045977651, 0.618682938676, -0.491895165836, 0.61259331307, -0.350833835779, 0.52469435504, 0.775636160491,  
520, 2261654.872966367, 81.42902619056606, 95.6111010002537, 83.90047390697818, 67.3077371527621, 0.525582932235, 0.839718150703, 0.136513767524, 0.315366353469, -0.341338449697, 0.885455885891, -0.790130776798, 0.422328651809, 0.444220514405,  
521, 3494877.86151312, 94.14150374741301, 106.45138995622797, 96.44748365366144, 81.26455390241487, -0.758242613919, -0.598588603485, -0.258379221716, -0.630775607914, 0.773755698904, 0.0585170989961, -0.164894726713, -0.207349468752, 0.964269633925,  
522, 2767326.404497825, 87.09447238123107, 146.84012385300468, 75.36763902695077, 59.695572936571175, -0.0738021237011, -0.464564513746, -0.882458531097, -0.137534133892, -0.871675176293, 0.470389996758, -0.987743695779, 0.156083950499, 0.000438001152651,  
523, 3100807.2421510834, 90.46113937501683, 102.1865162322, 86.11876688859925, 84.11912846135081, 0.00398231552073, 0.52789043534, 0.84930314343, -0.142555935937, -0.840335833723, 0.52298517349, 0.989778736028, -0.123155896479, 0.0719074326487,  
524, 3498355.758652227, 94.17272142574569, 100.60618845331337, 93.74414266483446, 88.55366201081834, -0.325135338427, -0.390314626984, 0.861360263577, 0.0580384051025, 0.900895908446, 0.430137310261, -0.94388482096, 0.189844815859, -0.270259857642,  
525, 3235335.3228026377, 91.75087823805367, 100.5413759978587, 89.00910459970146, 86.3080755715355, -0.750847199622, -0.259177055126, -0.607499577709, 0.122150130246, -0.958415010147, 0.257914741737, -0.649082297171, 0.119448409033, 0.751281737485,  
527, 3874606.9983013845, 97.4345573370282, 111.87395111633938, 92.30144784192936, 89.57804073222266, -0.124407356859, 0.924859300452, -0.359385703566, 0.992149557513, 0.120597700197, -0.0330975865219, -0.0127304786165, 0.360681950027, 0.93260198683,  
528, 2745923.7210173886, 86.86935958487805, 93.15805335036063, 90.62878105613235, 77.64496809188572, -0.509908582773, 0.557416072922, 0.655195054058, -0.730562456883, 0.121517644261, -0.671946395724, -0.454171480619, -0.821292142773, 0.345264365974,  
529, 3154918.614581023, 90.98431234805398, 99.00058552697044, 89.9448453974769, 84.58347203762756, -0.556761299562, 0.714245768108, -0.424110643641, -0.220260330744, 0.365348737313, 0.904436668233, 0.800938350943, 0.596970085417, -0.0460920286638,  
530, 3215026.800485466, 91.55849867677775, 115.5464219482442, 90.95799880765607, 73.02954418573901, 0.602575122566, -0.568039908464, 0.560565682197, 0.214823111338, 0.791933354681, 0.571570286648, -0.76860539453, -0.223991571573, 0.599227438761,  
531, 2921553.850306706, 88.68328301442182, 95.95816147599733, 90.3667348797584, 80.433094427582, 0.479663150927, -0.231699976423, -0.846308680428, 0.319668926973, 0.944365490936, -0.0773666378865, -0.81715056065, 0.233428662455, -0.527044609852,  
532, 3881923.948956762, 97.49585177266573, 105.83996409830547, 100.80664794615234, 86.85994619168831, -0.541468398658, 0.823937660074, 0.167148752813, 0.442812616995, 0.110498095984, 0.889779274323, -0.714653034336, -0.555802935487, 0.424681218585,  
533, 3198880.9393238067, 91.40497249224077, 99.71975632926755, 90.05061877900341, 85.0435844780345, 0.652911892465, 0.753864242064, -0.0734490654485, 0.469849047635, -0.327044291462, 0.819929206614, 0.594094212322, -0.569851503428, -0.567733503438,  
534, 3358051.336205245, 92.89654754324924, 103.04883081308381, 92.0805165907607, 84.48661418874003, 0.329763575517, 0.932779387428, 0.145528686697, 0.731758424862, -0.155153900304, -0.663669251107, 0.596477654155, -0.325345787755, 0.733733280207,  
535, 3566648.4338622494, 94.78156991196416, 106.09055059158712, 97.31270549736838, 82.4755923131716, -0.278968819928, -0.146359148854, 0.94908134375, 0.411794310299, 0.874604462945, 0.255914984714, -0.867526278284, 0.462218598655, -0.183717510173,  
536, 443143.0149187409, 47.295348824062515, 123.74155736823457, 46.558835410818496, 18.36274539092606, -0.22481216612, -0.0783096616082, -0.971250269943, -0.0779461109294, -0.992125795055, 0.0980347416818, -0.971279513711, 0.0977445839136, 0.216938015479,  
537, 2510410.611247237, 84.31122204751362, 107.38695607011161, 88.1559433754867, 63.30718796959929, 0.417985989941, -0.379108144231, 0.825569335181, -0.747733577823, 0.372533674476, 0.549648212931, -0.515928491953, -0.847051165137, -0.127758032356,  
538, 3757159.8157989876, 96.43995960943063, 125.12109237004034, 99.12346594312322, 72.32093844622209, 0.0499318241846, -0.702127097192, 0.7102987768, 0.622759004064, -0.534113311628, -0.571746616255, 0.780818823922, 0.470893310349, 0.410586719803,  
539, 3667151.5872084075, 95.66360681188739, 108.19113292105203, 100.07224415785895, 80.86022502800274, -0.130943368776, -0.780328589742, 0.611507257688, -0.919224446432, -0.1354636637, -0.369697190819, 0.371322301049, -0.61052181603, -0.699559047468,  
540, 2332349.906824998, 82.26877526005228, 103.77538077019203, 89.16090286697425, 60.17779947098365, 0.654540397277, 0.0477394139839, 0.75451826796, -0.303801161572, -0.897274473638, 0.32031761298, -0.692301756866, 0.438884343888, 0.57279910102,  
541, 3577059.823201539, 94.8737058208209, 105.45514425278628, 93.57481448800505, 86.53879611334159, -0.970686039776, -0.108385793459, 0.214525364375, -0.0258859735455, 0.934502324864, 0.355014536601, -0.238952983989, 0.339054456689, -0.909914032666,  
542, 3367288.7656417694, 92.98165043625886, 100.61379453672059, 91.8411768030553, 86.99549908299097, 0.274564982696, 0.787288186709, -0.552079144095, 0.712676386056, -0.552052977038, -0.432816218852, 0.645528031177, 0.274617591591, 0.712656115777,  
543, 3681828.1598837553, 95.79105768329043, 110.90893717826405, 92.6527164234102, 85.53624983237988, -0.241399791837, 0.217977142391, 0.945627889762, -0.931706527487, -0.324567830368, -0.163029660273, -0.271383653044, 0.920403003518, -0.281441333096,  
544, 3893209.240854014, 97.59023835926892, 117.57260601072835, 95.34807406773318, 82.90888347181902, 0.682535743224, 0.159893953068, -0.713147167837, 0.305888086694, 0.823701548214, 0.477439250469, 0.663760075359, -0.544012576364, 0.513296093027,  
545, 3492181.2301449645, 94.11728446958416, 108.99792613288763, 93.51648056425391, 81.79029517965914, 0.643262867482, 0.151796943254, -0.750446914404, 0.371127172844, 0.795485633821, 0.479027377047, 0.669684630924, -0.586651765874, 0.455370399456,  
546, 2931651.400191368, 88.78533535044392, 111.44851997715583, 88.62899871059473, 70.85550046033615, 0.853142576816, -0.200580076264, -0.481575930285, -0.219253146073, -0.975504085856, 0.0178839708941, -0.473366455889, 0.0903294607758, -0.876221882262,  
547, 3447186.039554253, 93.71131619038229, 109.55403569834509, 92.87608902637933, 80.88049737669287, -0.942135773282, -0.143132150139, 0.303139196243, 0.195366350535, 0.500406498999, 0.843460327958, -0.272419114199, 0.853877346787, -0.443487658073,  
548, 1339876.0946347474, 68.38990647286587, 98.04519820841176, 60.131733798392645, 54.25577537624334, -0.815384345579, 0.11358656482, -0.567667562291, 0.0377146158592, 0.988902308592, 0.143700493429, 0.577690208274, 0.0957617687464, -0.810619335392,  
549, 3238805.5491927294, 91.78367056790725, 101.43413917500224, 91.51939231047785, 83.29117518847745, 0.708827570952, -0.617344194279, 0.341247154492, 0.13980818731, 0.59713563149, 0.789862461677, -0.691387840087, -0.512167144002, 0.509575971946,  
550, 3695237.147875447, 95.9072051445265, 103.4709759907662, 95.97640695613694, 88.83225217233728, 0.00685571952222, -0.981995701889, 0.188778813913, 0.929532542972, -0.063343381216, -0.363258678648, 0.368676349481, 0.17796645057, 0.912362697508,  
551, 3563398.3069528355, 94.75277109655252, 103.52137396837414, 95.93129470470045, 85.661451039453, 0.126964418639, -0.590302396343, 0.797134315703, 0.832541995005, -0.373450707155, -0.409155711043, 0.539215970603, 0.715596010467, 0.444036582784,  
552, 2863660.3511210084, 88.09358803391682, 116.09474652128752, 80.1503595262048, 73.47081455316652, 0.650816018943, 0.152912016304, 0.743677634971, -0.500502756475, -0.650134208199, 0.571683917992, 0.570907610956, -0.744273757834, -0.3465848715,  
553, 3986367.000884668, 98.362499610052, 109.97470022265091, 98.8024714833969, 87.58466529180215, -0.214458386096, -0.971873720206, -0.0973091599346, -0.208399835048, -0.0518029526781, 0.976670856965, 0.954241640983, -0.22973446861, 0.191428745352,  
554, 3243558.1826851266, 91.82854317568474, 110.81068283888548, 89.86557246971289, 77.76033215794807, -0.858103477317, 0.512521822205, -0.0313018207159, 0.473810716468, 0.81383648275, 0.336412818283, -0.197893474315, -0.273845871083, 0.9411942476,  
555, 3966153.7902268884, 98.19596602981164, 104.22325791683426, 97.81271879163037, 92.87973456917521, -0.387817051849, 0.747348385332, -0.539507483949, 0.180746831023, 0.635613163817, 0.750550790458, 0.903840980134, 0.193562126782, -0.381582475627,  
556, 3061422.7321223225, 90.07651275655579, 97.79536739612203, 95.15804583975125, 78.53638300831936, -0.526858060433, -0.830529220679, -0.180670411952, 0.840731471819, -0.540459499724, 0.0327737921389, -0.124864632503, -0.134628164795, 0.982997497857,  
557, 3898832.974476167, 97.63720539215113, 102.66665798794816, 101.0303220772702, 89.73561810391872, 0.204665649973, -0.214590299618, 0.955019882008, -0.113380962157, 0.963908134614, 0.240885585797, 0.972243143016, 0.157582078088, -0.172948430244,  
558, 3408642.9655472566, 93.36074347532245, 103.89761422097469, 96.12205270623406, 81.48249016418603, -0.00111438627768, -0.912338812801, 0.409434547639, -0.978380658402, 0.0856696553563, 0.188233890191, -0.206809200493, -0.400373077028, -0.892710117442,  
559, 1223701.4465083936, 66.35326351418281, 106.86854275038195, 68.75817149850022, 39.75691321687536, -0.615470763926, -0.787252857295, 0.0377978495897, 0.00817297763419, 0.0415796134274, 0.999101765679, -0.788117339734, 0.615226847942, -0.0191568364448,  
560, 3660011.693887649, 95.60148123629664, 100.34072785896535, 96.21956702383137, 90.50096673119708, -0.846270831945, -0.116075403761, 0.519954016853, 0.335988599145, -0.873695861649, 0.351805631822, -0.413445692013, -0.472421466467, -0.778383336009,  
561, 3826640.8663160414, 97.03081934095565, 103.51300199936736, 100.35139868103963, 87.94492079300292, 0.350769923712, -0.817790472612, 0.456266592601, -0.614264287955, 0.166834662365, 0.771262328898, -0.706852067383, -0.550803901891, -0.443818900565,  
562, 3355640.515323641, 92.8743113780664, 97.0682392839161, 95.10336313813515, 86.77883047914973, 0.793459011872, -0.0542651033366, 0.606199715473, -0.573724446771, -0.399117330142, 0.715224171822, -0.203133098379, 0.915292661033, 0.347816458786,  
564, 3654225.8327828124, 95.55107806216954, 111.41150919563745, 93.21589903330641, 84.00143869720512, -0.0519495188103, -0.28339391264, -0.957595497992, -0.15647985232, -0.944735728181, 0.288077176668, -0.986313998336, 0.164809872816, 0.00473312888361,  
565, 3413098.849754384, 93.40140711837499, 100.10966596183245, 95.29319473984732, 85.41268173831772, 0.0273039710069, -0.919482225274, 0.392182267029, -0.995469954879, -0.0607538013186, -0.0731337443209, 0.0910717415025, -0.388408822029, -0.916975749336,  
566, 3533272.6175737167, 94.48499537129979, 102.15997036134416, 92.3750999431068, 89.38257435575431, 0.028666360781, -0.40922874945, 0.911981398047, 0.91765171963, -0.350987466154, -0.186341407267, 0.396350301147, 0.842223028197, 0.36546793232,  
567, 2406926.748295286, 83.13643957098964, 100.29364248711263, 80.72988020986723, 70.96865123708616, -0.926243557904, -0.0525273255906, -0.373247574015, -0.0145333515362, -0.98452882806, 0.17461892341, -0.376645261666, 0.1671641911, 0.911150086472,  
568, 3050673.61851978, 89.97096508759722, 105.54223086707985, 84.87284817785216, 81.30403337316761, 0.494083484398, -0.703294595879, 0.511134250323, -0.475168300756, 0.273893207247, 0.836180361514, -0.728077328587, -0.656017699786, -0.198857187865,  
569, 3566633.110512697, 94.78143417545655, 106.9190889451837, 97.57179736543159, 81.61881273137838, -0.495144813653, 0.0422136366866, 0.867784317898, -0.788590332092, 0.397359360838, -0.469287573335, -0.364632557027, -0.916691631484, -0.163461160902,  
570, 2675892.994527459, 86.12449950125342, 98.10287520800226, 84.83929010200417, 76.75406250828722, -0.988654673531, -0.148573374463, -0.0220882074014, -0.142126663011, 0.877725328059, 0.457600546487, 0.0485998782599, -0.455548242104, 0.888883485587,  
571, 3493201.717650557, 94.12645124841154, 115.4306246455664, 96.19861926606742, 75.10090513012774, -0.922421087787, -0.374035358556, -0.096108726736, 0.0901693159063, -0.450585155839, 0.888168065068, -0.37551142629, 0.810598894575, 0.449355761996,  
572, 3667421.419448864, 95.66595309179526, 112.04299232903021, 103.57780583833835, 75.44332175048876, -0.90926666297, 0.411164465013, 0.0646368186222, -0.364515894179, -0.8616258589, 0.353169990465, -0.20090370455, -0.297564550955, -0.93332365207,  
573, 3201650.0128425225, 91.43133943072691, 100.78648215303343, 93.2989975590163, 81.28417117083526, -0.364654223569, 0.008683178007, -0.931102518337, 0.92662257722, -0.0950284406595, -0.363785918986, 0.0916400383027, 0.99543668703, -0.0266064934624,  
574, 3608087.0598308234, 95.1472264182658, 103.97214693156307, 97.66899377896154, 84.8232041132287, 0.498348251252, -0.62038737674, -0.60561417029, -0.0841728070432, -0.72985753247, 0.678397317839, 0.862881196358, 0.287101872301, 0.415942971924,  
575, 2121841.1074427036, 79.7152507517425, 131.8178215857056, 67.91359706705977, 56.583966216599286, -0.808432825988, -0.363961821259, -0.4625669233, -0.524159592468, 0.802695567284, 0.284493493576, -0.267755648847, -0.472452768993, 0.839699525772,  
576, 354105.45366297994, 43.88822351588299, 101.57608125984378, 63.32807991941165, 13.141841699158368, -0.995923347897, -0.0350891849087, 0.0830989423232, -0.0383381220915, 0.998548511579, -0.037829332774, -0.0816509247179, -0.0408609731414, -0.995823030145,  
577, 2750717.0954807787, 86.91987753494604, 96.04985880618426, 87.80248832462046, 77.86705730753071, 0.592594563286, 0.771656267739, 0.231037416931, -0.531645164114, 0.159212522928, 0.831868254002, -0.605132302094, 0.615790530133, -0.504595798596,  
578, 2292584.3764145616, 81.79854393815238, 131.85920924623542, 80.83255347530893, 51.34994158901118, -0.0582433172495, -0.771381731887, 0.633701775055, -0.998141599141, 0.0336034961247, -0.050834566114, -0.0179182605065, 0.635484876893, 0.771905374499,  
579, 3129279.7485113917, 90.73717629774315, 100.21119403411515, 96.1750198503122, 77.51348421409945, 0.377841085849, 0.791815506545, 0.479858643185, -0.185669718337, -0.442950498543, 0.877109805859, -0.907062770451, 0.420503340576, 0.0203487352716,  
580, 3098874.5334555884, 90.44234089728359, 103.21906449536849, 96.33929081578141, 74.3964170040097, 0.433456898302, 0.699810868285, -0.56778505259, 0.422033139963, -0.714324322071, -0.558237218099, -0.79624314508, 0.00234766450538, -0.604972183149,  
581, 3587669.078260107, 94.96740902272256, 107.90743838797523, 102.99793508052903, 77.06263721710566, 0.999439649904, -0.0248202116083, -0.0224575888365, -0.00954394264175, -0.854392820627, 0.519540009258, 0.0320826956392, 0.519034551024, 0.854150944204,  
582, 3154955.0803475566, 90.98466289063154, 115.62003424936228, 83.46628855129815, 78.04774771996406, -0.125765988462, 0.893355531839, 0.431391712807, 0.942400630571, 0.243439090916, -0.229387141123, 0.30994187785, -0.377694721629, 0.872515174429,  
583, 3429879.6718572844, 93.55422920963713, 108.92365127450341, 95.9190884536117, 78.37238098033649, 0.703105614849, -0.197539160441, -0.683096460582, 0.602568309564, 0.6755826512, 0.424852343417, -0.377563142635, 0.710328347661, -0.594036793333,  
584, 3373376.71013538, 93.03765259555988, 97.89422753665153, 93.1105076303446, 88.35282794933555, -0.534460166175, 0.600298023515, 0.594974464777, 0.845128115034, 0.370803308021, 0.385049835656, -0.0105261555716, -0.708623447061, 0.705508334695,  
585, 3354449.024065164, 92.86331774615134, 111.09656560181516, 92.45137742698998, 77.96839021616279, -0.851563643826, 0.121578913785, -0.509958751505, 0.521788330864, 0.10237901035, -0.84690936706, 0.0507572486234, 0.987287752361, 0.150620701597,  
586, 3674645.1346915197, 95.72872293209001, 98.66875236231652, 95.59028862796237, 93.01080134735746, -0.164455408518, -0.487861638952, 0.857289589257, -0.338970247158, -0.788239798013, -0.513592437999, 0.92631182123, -0.375058718159, -0.0357402823424,  
587, 3152309.398924214, 90.95922314645208, 108.6397720911113, 92.73550416000222, 74.69737571516113, 0.615836811714, 0.77304423597, -0.152143453922, 0.652118423023, -0.60849771991, -0.45218589896, 0.442138647589, -0.179257173073, 0.878851683853,  
588, 3583984.2604056285, 94.93488488986662, 103.01162323911173, 94.3375009721021, 88.04544365682963, 0.368345686048, 0.908810050046, 0.195922812619, 0.813826103977, -0.417080465626, 0.404636821952, -0.449453588323, -0.0104008714914, 0.893243132532,  
589, 2713811.829819002, 86.52940299299105, 108.85544410591714, 100.77947740215835, 59.05665790752504, -0.365456683401, -0.483999697706, 0.795101066015, -0.2812671368, 0.871676853793, 0.401333103939, -0.887316296658, -0.0769659352004, -0.45469334117,  
590, 2848243.2976417094, 87.93521402062129, 117.92430236249331, 96.22467424152043, 59.92371221329541, -0.851365780205, 0.457868605838, 0.255993453205, 0.30981116394, 0.0450744935414, 0.94972908386, -0.423312356298, -0.887876472162, 0.180227687067,  
591, 435403.08578347444, 47.01837669948936, 81.27434751778728, 52.04225665997143, 24.574986137963656, -0.0463925092278, -0.691901287123, 0.720500065208, -0.993664622972, 0.105876692773, 0.0376927444243, 0.102363822429, 0.714186764652, 0.69242971705,  
592, 3121724.631603226, 90.6640942607772, 115.36093342862448, 87.9986875107123, 73.41267103630301, 0.177700182136, 0.92864679719, -0.325634413625, 0.285296496246, 0.268074900346, 0.920185718773, 0.941821933541, -0.256419527089, -0.217302718871,  
593, 2853576.5280608987, 87.99006494665271, 113.46460392202175, 87.80106145320629, 68.38183442238562, 0.393112225202, 0.690311214259, 0.607398720665, 0.867307932119, -0.497752794661, 0.00437107432545, -0.30535181231, -0.525083405637, 0.794385100467,  
594, 3241578.158393184, 91.80985384889388, 107.64957254707589, 91.89365040905834, 78.22941355007386, 0.59241819032, -0.183242515868, 0.784514415519, -0.214449668104, 0.902787784098, 0.372807667215, -0.776564245654, -0.389096899579, 0.495531608587,  
595, 3314751.5786184967, 92.49554001532614, 116.28433902436487, 90.20884174748025, 75.43832579472824, 0.464594707919, -0.241055868896, -0.852082053235, -0.835446256782, 0.199678704386, -0.51201363951, -0.293566533179, -0.949747589144, 0.108619554003,  
596, 2722591.304676711, 86.62261320998765, 110.15553415455459, 97.42887920924623, 60.56194528354991, 0.0517107821493, -0.218614504839, 0.974440194821, -0.960051583129, -0.279575219862, -0.0117751505421, 0.275003550415, -0.934903949458, -0.224338254755,  
597, 2983640.4787930944, 89.30709451551739, 100.13092727360744, 90.83373582348982, 78.31455183221988, 0.400297900497, 0.906938705321, -0.131239382991, 0.780268160166, -0.412429064277, -0.47019556056, -0.480565488865, 0.0858163838078, -0.872749883519,  
598, 2861165.840895794, 88.06800141078091, 100.47953326804694, 95.30496766626341, 71.32820166638369, 0.729278156144, 0.614386118986, 0.301136294339, 0.28074432448, -0.670056566973, 0.687173065049, -0.623967944083, 0.4165980003, 0.661143033619,  
599, 2563232.2431334, 84.89845417677422, 102.46390094350443, 80.40728879192535, 74.27335527676057, -0.956790060005, -0.290714304804, 0.00616230955385, -0.258167036271, 0.83953834002, -0.478043049337, -0.133800457621, 0.458977743054, 0.878314789197,  
600, 3769567.818607045, 96.5460071270977, 104.45725597475462, 95.32720833792943, 90.37482387926588, 0.447470147317, 0.580038934508, -0.680680028879, 0.397215318172, 0.55302476905, 0.73238213784, 0.801243070653, -0.598095677356, 0.0170617249537,  
601, 2319815.767652572, 82.12113860830001, 124.29645637173952, 92.82396307786017, 48.00053002228083, -0.789678101617, 0.524502245365, -0.318285862761, -0.426306931283, -0.0960090239843, 0.899469103223, -0.441215249246, -0.845978523321, -0.299415166471,  
602, 3547008.3688621568, 94.60727523095157, 105.84031883253401, 95.47995859941992, 83.79348290238566, -0.914286425006, 0.404766921098, -0.0156228241332, 0.0418284452205, 0.132703622611, 0.990272755213, 0.402902859533, 0.904739458701, -0.138259891689,  
603, 3485076.6604874036, 94.05341638638221, 100.14615422837699, 95.25262604812285, 87.21927900279039, 0.0413319271629, -0.775201443295, 0.630360527088, 0.747047778601, -0.394973159678, -0.534710968301, 0.663484203493, 0.493010066274, 0.562787514315,  
604, 1313090.0761109795, 67.93109835329713, 112.86880833026378, 60.80285859100466, 45.6780938309236, -0.390451245406, -0.470742716555, 0.791169463371, 0.264704919805, 0.765689647588, 0.586217254102, -0.881747770279, 0.438315706297, -0.174356563461,  
605, 3105464.8235298465, 90.50640923623165, 111.51613579623415, 92.8786413198173, 71.57880427268735, -0.32839592497, -0.944472596558, 0.0112973808675, 0.814344105157, -0.277049608662, 0.509987443705, -0.478539230219, 0.176677753812, 0.860107653988,  
606, 3231946.398252142, 91.7188315409947, 97.7185162940631, 92.54254454546593, 85.32125583730561, 0.81180767024, -0.0799060466382, -0.578431785305, 0.103060891836, -0.955434569587, 0.276628335158, 0.574758000479, 0.284182699946, 0.767393923573,  
607, 3419719.440672025, 93.46176020061007, 102.5437731079203, 99.49368582040005, 80.01972504093403, 0.763959602874, -0.191375637022, 0.616231361366, -0.407961663007, -0.883165197375, 0.231487614488, -0.499933002204, 0.428245957015, 0.752776456598,  
608, 1727724.6779482323, 74.43810508288746, 97.74779193962351, 78.01552018042683, 54.08763135612326, -0.253736490292, -0.13127351426, 0.95832408816, -0.802025520753, 0.582390496677, -0.132575915768, -0.540715135312, -0.802239723421, -0.253058429242,  
609, 3083227.2180441986, 90.28985882265034, 95.76839149690208, 91.4315083519346, 84.06183078673311, -0.56598285067, 0.530866285706, 0.630749078039, -0.429424351396, -0.842935429933, 0.32412125415, -0.703745791586, 0.0874119423441, -0.705053907982,  
610, 3791948.055044846, 96.73669745639464, 130.05542577432968, 87.23317563495205, 79.79278290705432, 0.657647504041, 0.438053636368, 0.612869294461, 0.636493938239, -0.75828212469, -0.14100952436, -0.402958095852, -0.482822152599, 0.777500830834,  
611, 3459383.73719262, 93.82171703211402, 106.89015909989855, 93.4157157528166, 82.70894114005678, 0.735746998458, 0.416146106602, -0.534320851381, -0.276478421691, 0.904770491626, 0.32395993552, 0.618252405251, -0.090624364513, 0.780737592253,  
612, 3371812.2725538677, 93.02326798740943, 98.60270711392806, 93.38201750666262, 87.42239227984398, -0.139917779937, -0.838694115856, 0.526322329838, 0.490236732198, -0.520505754249, -0.699100640965, 0.860285395239, 0.160205929426, 0.48398667225,  
613, 3922886.7985668224, 97.83758457234411, 114.58721796852048, 98.87114695209075, 82.66304881320822, -0.95110761856, 0.273801426676, -0.142923324435, 0.308431312911, 0.817616317984, -0.486182765821, 0.0162610926282, 0.506494161186, 0.8620900426,  
614, 1545514.7978710185, 71.72350745214348, 124.78070076092688, 87.07931043710573, 33.95644034080871, 0.783174718886, 0.59115942768, 0.192789757933, 0.473374194124, -0.365806115609, -0.801313146105, 0.403180148365, -0.718829894237, 0.566329719435,  
615, 2804417.1121807494, 87.4818582837149, 97.78335333848156, 88.35041955687556, 77.49620869130204, 0.720845303344, 0.664480201909, 0.197099238754, 0.645954837385, -0.747164854394, 0.156483316737, -0.251245689926, -0.0145169427967, 0.967814476884,  
616, 3453086.025993635, 93.76474917932755, 99.92227090967145, 95.92646641331311, 86.003880319681, 0.0842825192192, 0.974298596056, -0.208898785724, -0.214138210522, 0.222456514272, 0.951135072454, 0.97316046146, -0.035430847869, 0.227383753313,  
617, 951725.4534336238, 61.02030279753466, 101.90696329420756, 63.57370398630328, 35.07047914663542, 0.618141254795, 0.368279962536, -0.694457528086, 0.419992056052, 0.59205073018, 0.687810007012, 0.664460730196, -0.716830385857, 0.211296322588,  
618, 3054057.7660263153, 90.0042214039249, 107.42521289561073, 84.39183381797203, 80.42331876144615, 0.692507587077, 0.489026996777, -0.530363873454, 0.636377733027, -0.0678292287968, 0.768389599506, -0.339789085683, 0.869627386956, 0.358178147165,  
619, 3966378.086558206, 98.19781707416664, 111.40002792136994, 100.93704847585335, 84.21115030800763, 0.0932693027399, -0.124619386893, -0.987811138618, 0.0948168147859, -0.986515050399, 0.133408496617, 0.991115840253, 0.106104023233, 0.0801955575674,  
620, 3028663.8881955906, 89.75407111750135, 114.22982827636682, 90.77425143292656, 69.73009709301151, 0.766759504968, -0.641922400486, 0.00393615245807, -0.305799391465, -0.359864370971, 0.881467167106, -0.564417038829, -0.677077001722, -0.472228906377,  
621, 1756605.16547699, 74.85058209009395, 133.64223635661367, 82.72919027925404, 37.9300170643882, 0.00639973082031, 0.542048755389, 0.840322670304, 0.0354920650179, -0.839933534052, 0.541527443161, 0.999349466786, 0.0263591569824, -0.024613778194,  
