# Void_ID, Void_Volume, r = (a*b*c)**(1/3.0), a, b, c, vector_a, vector_b, vector_c 

2, 474643.21958393796, 48.390438470310215, 113.2963538590852, 63.74940203021311, 15.688687881026722, -0.536032038101, 0.594159239189, -0.599703637321, 0.826629008619, 0.513588947284, -0.23002364082, -0.171330488349, 0.619032464184, 0.766449393012,  
3, 2664491.4827827574, 86.00200488685941, 135.26274437545666, 84.56651730200053, 55.60951237962242, -0.0582507339882, -0.626235154617, 0.777455068227, 0.126326699067, 0.76789317245, 0.627998121659, -0.990276939594, 0.134794683972, 0.0343798790029,  
4, 2336409.4818120743, 82.31647860576612, 144.31200722314338, 123.50182000494246, 31.29568960741164, -0.880112754517, 0.113607815162, -0.460971586619, -0.21316439967, -0.962136778638, 0.16986393939, 0.424219846365, -0.247762151116, -0.871005992186,  
5, 1689497.603138089, 73.88500780930721, 134.18469785867939, 65.86123419529854, 45.638999288650645, 0.18779851211, -0.893741855508, 0.407378466002, 0.39407089819, 0.448472886225, 0.802234502824, -0.89968874954, 0.00987755200699, 0.436420196505,  
6, 2839965.8567546345, 87.84994686819333, 118.74778700616434, 85.0799581986207, 67.10760148497927, -0.932874453534, 0.304070420373, -0.193096953362, 0.04652807117, 0.63331232305, 0.772496368966, 0.357183975756, 0.711657699268, -0.604948697442,  
7, 2636941.477094607, 85.70456613166056, 125.97083641157349, 78.53486385494699, 63.6325568137084, 0.213539763462, 0.597839716508, -0.772650271977, 0.379403670106, 0.678063467703, 0.629509959315, 0.900251978354, -0.427571756706, -0.0820290700727,  
8, 1164962.2551335476, 65.27412844038315, 115.72252963070233, 66.05615024870897, 36.38246055592607, 0.606280300798, 0.773618842226, -0.184222918816, -0.294591132639, 0.433653303079, 0.851563783459, 0.738674665489, -0.462015908472, 0.490816705995,  
11, 1833031.0307602887, 75.92073476793398, 128.93799835995213, 81.64413349734254, 41.56954774839411, -0.649692380555, -0.163458204008, 0.74241580411, -0.75499997803, 0.252745127497, -0.605057793687, 0.0887403167891, 0.953625354145, 0.287617523992,  
13, 2945077.985467571, 88.92067074868137, 107.68815141801512, 96.90822384607186, 67.37203015467323, 0.39903863791, -0.692902548166, 0.600544939367, -0.36672231085, 0.479686292467, 0.797129730687, -0.840406397037, -0.538318789905, -0.0626894588871,  
14, 989424.6658431237, 61.8155931979113, 123.67721295235268, 64.63212296930614, 29.549899778088367, -0.491470015636, -0.232411083524, -0.839310617106, -0.862836531267, 0.260738737608, 0.433045529964, -0.118196209931, -0.937016754901, 0.328678044585,  
16, 1357070.7878816228, 68.6812141827091, 143.1101315351645, 72.34914112384867, 31.290329176821956, 0.321512387479, 0.795860142257, 0.513065705991, 0.800475586805, 0.0610079737406, -0.596252347643, 0.505834577334, -0.602399087903, 0.617451795096,  
18, 1141327.2601321219, 64.82967737546794, 100.15141109812194, 72.30337263771612, 37.62755095932255, -0.840929735702, 0.00150867004837, 0.541142221165, 0.516188675144, -0.297939368656, 0.80298280446, -0.162439007834, -0.954583603735, -0.249767316146,  
19, 1243297.5357681555, 66.70557844017475, 142.0920576756639, 83.89400508486302, 24.899219404657636, -0.1846956817, 0.620640741128, 0.762031873095, -0.867362786118, -0.467536386319, 0.170562377815, 0.462135588782, -0.629455953916, 0.624672633994,  
21, 3040887.6307288534, 89.87465871923932, 109.34852971892131, 98.70933557022343, 67.25747922822637, -0.818792012163, -0.552718784094, 0.15518242983, -0.238469176029, 0.573339866475, 0.783845552131, 0.522218434089, -0.604800250678, 0.601252495942,  
22, 1515131.5589118386, 71.25038985668844, 138.80733575601062, 81.77030920579122, 31.86791693240715, -0.29331723798, 0.600199335399, -0.744127513058, 0.940940197297, 0.0435636242592, -0.335758478302, 0.169105124152, 0.798663238435, 0.577529643012,  
23, 609452.1297349265, 52.59571094408681, 127.9249799258224, 80.36064013934146, 14.153121814894098, 0.809977121794, -0.400370119498, -0.428533347108, -0.452419665095, -0.891529121547, -0.0221872050581, 0.373166864561, -0.211848041874, 0.903253507244,  
25, 748798.6643407044, 56.332473004933455, 107.1799784622389, 82.60453738441437, 20.191049011517375, 0.687551752816, 0.415868974265, 0.595252537536, 0.518823950407, -0.854878727751, -0.00201725620372, -0.508029817712, -0.310218241053, 0.80353615179,  
26, 3043672.142204931, 89.90208280302106, 105.4262340615224, 84.90446781977668, 81.17644395796559, -0.877354224348, -0.387954684281, 0.282384007982, -0.471837362649, 0.590457096754, -0.654774709424, -0.087287274147, 0.707708682889, 0.701091543192,  
28, 2702386.4379203883, 86.40779998995893, 117.89904903750717, 82.08288212184314, 66.66470231314547, 0.813496836169, 0.232001812044, -0.533289843098, 0.493598618015, 0.209482751123, 0.844083752524, -0.307543983581, 0.949890591695, -0.055897781469,  
30, 544225.1967330411, 50.64812183786985, 89.87475674703815, 66.7189113053269, 21.66722817023649, -0.119218923518, -0.985608517513, 0.119844476219, 0.123122612717, 0.105097774188, 0.986810660714, 0.985204380072, -0.132402069718, -0.10882105229,  
31, 2211753.2863778695, 80.8256781806627, 125.84246685837756, 82.7571936371026, 50.70083290529391, 0.272627845664, 0.382928987927, 0.882632113609, -0.733517888173, 0.676372218349, -0.0668739857934, 0.622595828366, 0.62919473333, -0.4652831633,  
34, 2311379.601358667, 82.02147134426576, 112.79721214597191, 108.51931143899506, 45.07931119563674, -0.28713116421, 0.659886071085, 0.694338582918, 0.510171470217, -0.508150025929, 0.693908223128, 0.810728539967, 0.553474411637, -0.190749338523,  
35, 2159874.0837838673, 80.18871880548078, 119.42239247470876, 100.1146945403936, 43.12769326502794, 0.790358663519, -0.131942343503, 0.598267833826, -0.255759307192, -0.95842758598, 0.126505886099, -0.556704912665, 0.252997589759, 0.791247028298,  
36, 3507631.856857425, 94.25588282241968, 125.27052387398365, 103.67861247840538, 64.47440254041979, -0.863448403006, -0.0201952700859, -0.504032743393, -0.503183034278, -0.0359324990584, 0.863432504326, 0.0355484087032, -0.99915014216, -0.0208639416481,  
37, 532789.5754873498, 50.290857009876525, 148.6632432222437, 56.80724998272527, 15.061205725671265, 0.412986242843, 0.746402778657, 0.521847923475, 0.756785283036, 0.0375246690946, -0.65258557645, 0.50667385822, -0.66443569382, 0.549369466001,  
40, 296269.03538746637, 41.35543100552983, 90.18262156973265, 40.000983410285784, 19.606683117250324, -0.23102007143, 0.779508299403, 0.58223409189, 0.209002370882, -0.544692376871, 0.812174995641, 0.950235621076, 0.309317031119, -0.0370842108852,  
41, 551771.4251746313, 50.88114378299533, 108.30950379146938, 91.68906506050226, 13.26436567031385, 0.110514193805, -0.844581376036, 0.523897807039, 0.693999580022, -0.311754331259, -0.648979059655, 0.711443037704, 0.435306255634, 0.551685841679,  
44, 1718469.3848533463, 74.30494722217578, 117.77701232208483, 66.06484219998184, 52.725687934140716, -0.0649640788614, 0.257424484441, 0.964112183964, 0.863162661765, -0.470309166879, 0.183737603349, 0.500729355833, 0.844121983104, -0.191646001387,  
45, 507493.40194029786, 49.48200213055809, 79.99390899530219, 58.27352045051249, 25.990439027688776, 0.541965213306, -0.5711557322, -0.616485877487, -0.511167584629, -0.806300635375, 0.297635659522, -0.667069267761, 0.153819423252, -0.728943191915,  
47, 2937795.9059286662, 88.8473210408517, 146.5864123352969, 79.59387620419079, 60.11178729526363, 0.275898620601, -0.451501475647, 0.848543675151, -0.712755095749, -0.688389368283, -0.134537173747, -0.644872176973, 0.567685207773, 0.511735654651,  
48, 1491125.9609716404, 70.87209008816103, 125.97626326254439, 94.61784310663316, 29.86509883954472, -0.539031132007, 0.83105316966, 0.137098752457, -0.693871861391, -0.345857968514, -0.631604390093, -0.477480134348, -0.435583395934, 0.763072622029,  
49, 1656704.5469211962, 73.40384648894674, 98.15896585090323, 70.29144205580705, 57.322355409759645, -0.705023788906, 0.247806443414, -0.66447981435, 0.000852454773856, 0.937259811258, 0.348630634799, 0.709183143058, 0.245226452085, -0.661001707108,  
51, 2765225.703642969, 87.0724287525056, 117.93501444506305, 80.92690287205883, 69.16817090810055, 0.324278450774, 0.944982704979, -0.0430252676347, 0.619217619693, -0.177665475304, 0.764855880769, 0.715131474504, -0.274668283892, -0.642763026315,  
52, 738217.8696722118, 56.06588064478533, 88.61238304777227, 51.04416118791066, 38.96327528060412, 0.340416086578, -0.918613605843, -0.200663726564, -0.631993353568, -0.381549381159, 0.674540192118, -0.696204918859, -0.10280619095, -0.710443240561,  
53, 3238733.203294231, 91.78298716559989, 116.07557453161952, 91.30595166962878, 72.9535844366947, 0.326054484692, -0.944153047299, -0.0475762155673, 0.294546334318, 0.0536398518872, 0.9541306112, -0.89829334293, -0.32511196466, 0.295586333383,  
54, 3501420.90239644, 94.2002170728585, 137.72745121135932, 99.2558577822265, 61.14754893602721, 0.5058689565, -0.750812264432, -0.424708773665, 0.199248436146, -0.377335365733, 0.904388236578, -0.839283420271, -0.542124492479, -0.0412840781862,  
59, 3174795.423168315, 91.17498742392326, 129.40704235065795, 91.50241286027085, 64.00835684861399, 0.603574321292, -0.666862516211, -0.43702679912, -0.636191000908, -0.733201539285, 0.240159349503, 0.480581989925, -0.133078500378, 0.866793553101,  
60, 393855.8196045114, 45.472575484728345, 90.0123784015055, 51.87128010782819, 20.138144582110776, -0.420768660909, 0.736136643749, -0.530147692372, 0.901325397865, 0.405459672406, -0.152364632432, -0.102792320531, 0.541945842113, 0.834103376721,  
61, 2211783.659080701, 80.82604815608485, 129.37673416964395, 82.00908314796202, 49.76636209499064, -0.62554519325, 0.224591374178, 0.747162583275, -0.184057364257, -0.973120872092, 0.138414793148, 0.758166273231, -0.0509360672205, 0.650068780355,  
62, 695379.0300298614, 54.95969663619062, 124.61650608371424, 64.06968347813377, 20.792410056546903, 0.294519387096, 0.597725382259, -0.745642473326, -0.625034110396, 0.710708281937, 0.322840670963, 0.722904344617, 0.370969143447, 0.582916120161,  
67, 1812297.6944796424, 75.63340329390368, 121.77823502530158, 96.12935410019388, 36.95857594394354, -0.98802705327, -0.122666169601, 0.0935711111486, 0.120246556105, -0.232282922695, 0.965186722644, -0.0966607870394, 0.964882197296, 0.24425199608,  
70, 469071.1457733409, 48.200332761057496, 87.34957531888143, 60.90779942843028, 21.04826983595572, 0.712937380371, -0.540416252204, 0.446845125322, -0.204452018066, 0.449349340583, 0.869646216818, -0.670760511642, -0.711361683303, 0.209868748388,  
71, 813829.3616256147, 57.91818116724696, 125.41605809941127, 78.5234873691999, 19.72840702484113, 0.928050654911, 0.34679065396, -0.135861047567, -0.211164537104, 0.790389399133, 0.575060115125, 0.306808605143, -0.504995881235, 0.806751287415,  
72, 546524.7727493983, 50.71935800227875, 120.04389888397105, 67.33929546756673, 16.14033640911436, -0.673324081639, 0.73823428422, -0.0405564136288, -0.112307448113, -0.0479066597118, 0.992518004398, 0.730767896246, 0.672841061141, 0.115165916225,  
73, 571125.5076005207, 51.469227412671245, 130.39453464873498, 84.91162523325637, 12.31448929359172, 0.230847285301, 0.870219501592, -0.435232753729, -0.792937667162, 0.427491277813, 0.434167091555, 0.563878876058, 0.244886149962, 0.788715022484,  
74, 1704873.2966658692, 74.10846759252144, 121.1871534247123, 102.45908379519622, 32.779056341167234, -0.949803287598, 0.034309426669, -0.310960734033, -0.213222779819, 0.656360704314, 0.723689624078, -0.228931782493, -0.753666696275, 0.616098003479,  
75, 1982706.8677350266, 77.9333420239276, 100.74088805128095, 74.31606885722735, 63.223916917275204, -0.376630222413, -0.185601321922, 0.907580202993, -0.0757370435699, 0.982612951263, 0.169516041249, -0.923262463114, -0.00489257705908, -0.384138629786,  
77, 2853603.9938245635, 87.99034724812613, 104.83184707730639, 100.91951866732329, 64.39270755250496, 0.548245077493, -0.416732450063, -0.725094062911, -0.177343038078, -0.90522069386, 0.386166987524, 0.817298465586, 0.0831237659912, 0.570187388213,  
78, 657232.8634226159, 53.93577050868026, 120.39754541242591, 68.48092659988087, 19.030202120008813, -0.625747445591, 0.14284522055, -0.766834647954, 0.0377416472238, 0.987482048062, 0.153149511326, 0.779112124409, 0.0668913127436, -0.623305583064,  
82, 2780873.514611738, 87.23636123440926, 118.73077626439128, 83.9743327730122, 66.58597409915953, 0.67850414644, -0.641880685377, -0.357241247623, 0.428735380143, -0.0488738081855, 0.902107158095, -0.596504901134, -0.765245409404, 0.242035878145,  
84, 2516078.881235331, 84.37462993977023, 122.10540880923642, 83.03529364981875, 59.24313269487459, -0.937891168092, -0.292031823149, 0.187290072037, -0.110583066908, 0.76333662806, 0.636465692379, -0.328833608575, 0.576224441108, -0.748220456377,  
85, 2893803.6391514316, 88.40160493486039, 126.21433226359845, 96.68972462223651, 56.609778006781205, 0.684183361374, -0.726609469042, -0.0627041268013, -0.567531682587, -0.584441418867, 0.579944839767, 0.458040300933, 0.361202031295, 0.812238989035,  
86, 553649.4500910473, 50.938805249043604, 111.62747890353765, 50.39395218902066, 23.49615116635196, -0.320206789422, -0.807487899061, -0.495409835266, 0.292445236351, -0.581657710827, 0.759045513241, -0.901079017481, 0.098171280455, 0.422396737618,  
88, 1503645.8396452987, 71.06989097836161, 116.89445999938921, 87.33923735217687, 35.16038511628422, -0.196386378523, -0.979580736818, 0.0430577564001, 0.0200773993285, 0.0398863276179, 0.999002491942, 0.980321012917, -0.197054969297, -0.0118343021941,  
90, 660928.1986057503, 54.03666745504402, 98.42735206489117, 75.64216020961402, 21.19268326675691, -0.0832294700281, 0.980904729125, 0.175780453118, 0.571714827327, -0.0974758405756, 0.814641403759, 0.816219952913, 0.1682984637, -0.552684915285,  
91, 3347225.3789848196, 92.79661093968794, 115.53896154280426, 104.76091602279335, 66.01894796272728, -0.545146812568, 0.238956049366, 0.803563911097, 0.751429460434, 0.56427225001, 0.341980399818, -0.371710530841, 0.790251121062, -0.487169833757,  
92, 2214790.454085959, 80.86265772120021, 119.12807267923928, 80.94336398856805, 54.833841012920395, 0.585108640006, -0.22140008575, -0.780147345968, -0.744931383151, -0.526944399474, -0.409153802694, 0.320507587721, -0.820555666541, 0.473247593043,  
93, 1390112.3247603136, 69.23416012456033, 115.51099183335769, 59.15023894555778, 48.57149469046053, 0.548900534748, 0.601708333668, 0.580220030805, 0.539822294753, -0.785146433196, 0.303540719717, 0.638200668317, 0.14660204512, -0.75578287049,  
95, 627338.9004579725, 53.10530038161907, 148.79229692518805, 66.98118645619058, 15.027278144271078, 0.245456137634, 0.838908283394, -0.485782025759, 0.828844900852, -0.441503441352, -0.343643480377, 0.502759798343, 0.31828855356, 0.80369458244,  
98, 2096944.8487010747, 79.40224827943086, 117.71852014303037, 82.51620165057034, 51.53643540652442, -0.169497170531, -0.57302208355, 0.801820678797, -0.977884658085, 0.198935786011, -0.0645457088181, 0.122524710425, 0.795028455345, 0.594068557094,  
101, 868501.795851803, 59.187142139324244, 73.2686001520521, 63.40145817542466, 44.63391386720134, 0.0475708676761, 0.176883415111, 0.983081517478, 0.99885163244, -0.0140348902899, -0.0458087134272, 0.00569463957102, 0.9841317388, -0.177347939844,  
102, 2160410.9775721137, 80.1953625968209, 121.03954258793235, 86.27302632844761, 49.39073164124777, -0.44205579701, 0.522661697692, -0.728979713089, -0.14705517038, 0.759473228695, 0.63369960688, 0.884851088712, 0.387330820696, -0.258869438414,  
103, 612924.6194930617, 52.69541376392696, 104.42637526498665, 91.49073784015123, 15.315498011970218, -0.719644717834, 0.485265613393, 0.496617322041, -0.395322326676, -0.874344410546, 0.281499750938, -0.570816729016, -0.00625589361719, -0.82105366796,  
105, 620034.1978755505, 52.89837667326183, 115.68597554471842, 38.552649072589325, 33.188841720891695, -0.934304350578, 0.233539522339, -0.269322616941, 0.267336523937, -0.0407400661404, -0.96274162161, 0.235810439674, 0.971493457784, 0.0243700230664,  
107, 810504.4527734282, 57.839198384605794, 108.45417395864517, 86.36893875768818, 20.656795098011923, 0.415245061896, -0.874699695583, 0.249943955956, -0.585521335405, -0.0467046951538, 0.809310470238, -0.69623006568, -0.482409695174, -0.531549227866,  
108, 2549984.5578202545, 84.75193978801427, 112.97968434271766, 97.73309590137427, 55.132403749595, 0.644453136983, 0.762005436506, 0.0634654943091, 0.225142874788, -0.268419656278, 0.93662242876, -0.730746768836, 0.589320458544, 0.344543984095,  
112, 505866.3176709421, 49.42906378456706, 106.7250857333965, 61.47430620481826, 18.407169262398373, -0.490041419568, -0.857251465748, -0.158048510214, -0.865322710787, 0.456504017364, 0.206931603018, 0.105242640145, -0.23816802179, 0.965505038874,  
113, 1120389.7675747746, 64.43079768573577, 106.48496643282013, 83.64195719151671, 30.030878684509265, 0.0807114390594, -0.208673850791, 0.974649109988, 0.928952251311, -0.338695529922, -0.149442473197, 0.36129403315, 0.91746420203, 0.166511439859,  
114, 983927.3854109043, 61.700897267710374, 123.86772983039138, 54.06777384661446, 35.0733922510503, 0.157467091324, 0.978844505985, -0.130642827022, 0.772888777771, -0.0398118116446, 0.633291368052, -0.614692648684, 0.200694924589, 0.762806984039,  
116, 2804801.378914524, 87.48585374650638, 129.41697690478853, 94.15048149484906, 54.95405028563238, 0.449006782032, -0.156490528753, -0.87971792303, 0.532842005116, 0.837223320639, 0.123030520447, 0.717267249547, -0.523992200122, 0.459303676165,  
117, 2643366.943093395, 85.7741221043125, 125.826131431105, 103.90932105867883, 48.266242866104214, 0.889645475742, 0.336554900905, 0.308644984034, 0.247754538616, -0.923495580578, 0.292871304925, -0.38359955173, 0.184083435785, 0.904966669321,  
118, 1356923.3441129383, 68.67872672125488, 134.8838314344151, 79.8432392757799, 30.079364934877105, 0.144458215453, 0.566785730016, -0.811101572085, 0.359327908617, 0.733695672154, 0.576692391793, 0.921962731393, -0.374759385357, -0.0976735635154,  
121, 2841148.1730422215, 87.86213621810693, 129.64160136550421, 92.02472147315896, 56.8533913743872, 0.516462413784, -0.630270965125, -0.579676707889, -0.808043670177, -0.582768293071, -0.0862933582528, 0.283429007399, -0.512971370655, 0.810264383182,  
123, 392986.6016146702, 45.439099026836196, 107.35843874656437, 69.74979207401452, 12.528815969782004, 0.533377891088, -0.844186457833, 0.0534532478948, 0.465678989399, 0.345806878221, 0.814592340872, -0.706152323604, -0.409593490411, 0.577565639977,  
127, 3524309.2474483773, 94.40502973766948, 109.95697630474497, 102.52859704260516, 74.63071402042023, -0.992122868392, -0.123308337417, 0.0220741463699, -0.0923578001112, 0.839073120874, 0.536121566983, 0.0846300819633, -0.529859747244, 0.843852118251,  
128, 2333014.464580852, 82.27658814734927, 106.2665837989531, 90.59965747834593, 57.85029087904372, -0.894221227736, 0.364045758515, 0.260459366455, -0.233148930293, -0.875504788321, 0.42324099746, -0.382112512449, -0.317745261703, -0.867771845876,  
129, 2174594.169368376, 80.37047529147145, 100.02314395249854, 78.11512641466429, 66.44372448762961, -0.751744290007, -0.545704062343, 0.37025342508, -0.624505521422, 0.408753223301, -0.665517585158, -0.211833368842, 0.73152435283, 0.648073101634,  
131, 651150.4170976798, 53.768869393415144, 112.04920771892594, 47.50409553124265, 29.204708117435672, -0.218949812384, -0.953307428587, 0.208004630377, -0.968111800559, 0.238842856345, 0.0755885678615, 0.121739563311, 0.184821634487, 0.975202769762,  
132, 835378.7711642974, 58.42494000854489, 124.64995434946404, 63.67076794179052, 25.128271374448925, -0.327892480968, 0.422701358287, 0.844872820386, -0.187411679432, -0.905645302836, 0.380372774871, 0.92593918987, -0.0336176613299, 0.376173456679,  
133, 527325.0565762201, 50.11833094223993, 125.18692632676019, 66.72599678659914, 15.07078075585817, -0.592846636989, -0.474789088048, -0.650467667822, -0.804589638761, 0.383492610269, 0.453397100859, -0.0341815477881, -0.792154492343, 0.609362685148,  
134, 2429197.143097743, 83.39206293678396, 124.25547137969087, 79.85603271261967, 58.44547609188837, 0.86280270561, 0.318159749843, -0.392868762785, 0.376281267485, 0.114824090893, 0.919362733577, -0.337615015857, 0.941057809983, 0.0206470176422,  
136, 1759457.6819607613, 74.89107630675208, 144.64036363850747, 82.937842430692, 35.0145039556169, -0.967344964826, -0.24981649918, 0.0428419859964, -0.253268059635, 0.95932693468, -0.124688100335, 0.00995032638636, 0.131466912697, 0.991270619897,  
137, 2349096.0000614612, 82.46520039803465, 106.78979065761487, 100.33413946600645, 52.33999667258447, 0.139089707336, 0.137220818498, 0.98072651656, 0.951161615016, -0.294114726627, -0.0937449182716, 0.275582356898, 0.945868370627, -0.171427506586,  
138, 1153141.129741083, 65.05259382912823, 152.5001390300389, 58.304290915508446, 30.9615786276503, -0.8956909433, -0.299319675586, -0.328854779344, -0.444108667312, 0.639515543269, 0.627524789578, -0.0224772264299, -0.708115528515, 0.705738742431,  
140, 1237326.7533972594, 66.59862528872301, 77.46880554247895, 62.74830807122234, 60.766876567892936, -0.080793551036, -0.810653594845, 0.579925125577, 0.0902459813981, 0.573487878544, 0.814228049139, -0.99263692504, 0.118120287538, 0.026824107057,  
141, 1022574.1533630724, 62.49837621625532, 110.88146606249758, 76.05701345241964, 28.947294173071832, -0.920500170977, 0.235973721605, -0.311441548197, 0.19579853005, 0.968321023288, 0.154975260894, 0.338145487714, 0.081674956817, -0.937542975318,  
142, 1709451.4604215086, 74.17474377046537, 111.4810177461279, 93.14332809070979, 39.30207570146688, 0.0760839979558, -0.979587091986, -0.186065457485, 0.992832052735, 0.091677457544, -0.0766795855522, 0.0921723403047, -0.178897660667, 0.979540650862,  
143, 2567090.9170690663, 84.94103468605242, 129.09086933172216, 90.32665453837872, 52.55828552610357, -0.506684037593, 0.570485454047, -0.64638814405, 0.856194966133, 0.245134573699, -0.454795801151, 0.101002306983, 0.783872047912, 0.612652549564,  
146, 1070937.225323536, 63.46853420504329, 122.22496719356684, 80.98542928934899, 25.829059183429187, 0.774439421939, 0.460934183508, -0.433339659183, -0.157817031695, 0.804060000683, 0.573220114623, 0.612647832163, -0.375535875484, 0.695439026781,  
148, 1334565.850723138, 68.29943842703857, 123.38496261127638, 53.95524130385521, 47.85810800854106, -0.150431262382, -0.822123913671, 0.549074408317, -0.978499255859, 0.203085038419, 0.0359954643586, 0.141101529341, 0.531854056806, 0.83499797645,  
149, 3465045.739355811, 93.87287539360628, 114.29165323454059, 104.15542064286845, 69.4902654082941, -0.271329979754, -0.0821216913919, 0.958976574213, -0.254136138396, 0.967106881764, 0.0109134048555, -0.928329071638, -0.240749469464, -0.283275180178,  
150, 708965.5115698833, 55.31532901097131, 128.5575462269613, 60.98526639739227, 21.58807906248633, 0.749373940952, -0.659538381809, 0.0587181363989, 0.30548831784, 0.423045885902, 0.853058653367, -0.587465389862, -0.621322220222, 0.518500833532,  
152, 1988596.1253704082, 78.01042786011284, 118.47670785825649, 88.48200681825834, 45.28663351943229, 0.671154975107, -0.651362504701, -0.353946163786, -0.121264838614, -0.567490120407, 0.814401499358, -0.731331551558, -0.503668393599, -0.459861186647,  
153, 2994718.0500533436, 89.41748358270522, 118.47445474037735, 96.44504318354008, 62.56950229633827, 0.140424903559, -0.738287057729, 0.659706803702, -0.85117452616, -0.430377785696, -0.300461124932, 0.505749713274, -0.519333401554, -0.688846895582,  
154, 2309572.074988085, 82.00008517946925, 140.07054793748998, 70.56409951737902, 55.7843374340292, 0.443291908809, -0.150889209671, 0.883586288932, -0.660316754456, -0.721592575217, 0.20805273172, -0.606196393398, 0.675674923167, 0.419510823263,  
155, 1559231.4506668197, 71.93506808008017, 119.76663678261889, 63.2227474047045, 49.16010005960089, -0.314237027459, 0.471052228773, 0.824235942156, 0.933739303632, -0.00341675857698, 0.357937478638, -0.171423462299, -0.88209870396, 0.43876630801,  
156, 1767699.723193607, 75.00783463474592, 118.74299142362604, 70.9782726140765, 50.07102399301261, -0.891601069998, -0.318382983704, 0.3219934901, -0.435768125645, 0.409974613213, -0.801265846765, -0.123100254472, 0.854723985979, 0.504274959859,  
157, 2405576.705377683, 83.12089294737606, 127.72352996138115, 70.1967698839522, 64.05345480907845, -0.804004006531, -0.59370436617, 0.0330557570379, 0.10268199869, -0.0838679817364, 0.991172320429, -0.585691014638, 0.800300747988, 0.128392944285,  
160, 2402485.5902950983, 83.08527482491536, 99.35786242139504, 91.84785911291112, 62.84936655809373, 0.800664033076, -0.567014111703, -0.193473779278, -0.0451055751889, -0.379066912706, 0.924269312905, 0.597413251632, 0.731302449621, 0.329080740781,  
161, 648782.455880396, 53.70361194224744, 115.82159697053186, 46.41192041785083, 28.81319380195428, -0.811999643147, -0.557157067783, -0.173875188998, -0.170021930522, -0.0591871450983, 0.983661234876, -0.558344985355, 0.828295167, -0.0466689795695,  
162, 867566.1452233117, 59.165880089504135, 115.00493783346069, 50.7808399926629, 35.46480848854603, 0.347471195547, -0.897260539454, 0.272373443281, -0.462426589079, 0.0887254851495, 0.882207140074, -0.815736120309, -0.432494292014, -0.384087580375,  
163, 975409.7520889754, 61.522337524604986, 125.3554139941626, 88.98489928195838, 20.875605220396846, 0.242684377586, 0.91922214481, 0.31005635192, 0.614582877259, 0.101609285804, -0.78228092142, -0.75059455091, 0.380402683387, -0.540279204316,  
164, 1643846.1370828093, 73.21344657266147, 123.21943323303165, 101.06084816568001, 31.514499227660412, -0.394276856127, 0.058374265959, 0.917135870957, 0.914776917666, -0.0705412831555, 0.397752584248, -0.087914456304, -0.995799363549, 0.0255866357352,  
165, 881605.6181466588, 59.48332635248897, 153.42986020571345, 71.32911371682333, 19.2313168231542, -0.439182528577, -0.0700716977786, -0.895661020567, -0.191948063188, 0.981251659791, 0.0173528440333, 0.877652919799, 0.179541464091, -0.44439871179,  
166, 2243692.1629708586, 81.21287539255859, 124.63457547929632, 77.9202697706038, 55.15509988968813, -0.344006985252, 0.191298650968, -0.919273637301, 0.93882215868, 0.0528740473111, -0.340319393355, 0.0164969230565, 0.980106709118, 0.197784454068,  
169, 1584141.3511412803, 72.3161183921464, 127.51566817020665, 83.99626668606578, 35.30870477051651, 0.824831365468, -0.457976163837, -0.331528357607, -0.455420745939, -0.190721134335, -0.869607608687, -0.335030092243, -0.868264523216, 0.365884619815,  
170, 1598476.5751963302, 72.5335982229343, 123.90376474548472, 66.243979472333, 46.49291225988012, -0.378428555044, -0.283285125389, 0.881215845557, 0.294696178193, 0.86560615361, 0.404821132589, -0.877465663878, 0.412886818106, -0.244087042157,  
171, 2919620.1716694543, 88.66371319804576, 121.26195947714923, 108.39205663004459, 53.0292772230712, 0.40260723285, -0.754261607337, 0.518649056448, 0.867380765445, 0.495406715554, 0.0471465154555, -0.292503032108, 0.430884687453, 0.853686337202,  
172, 2343936.48559527, 82.40478108765227, 117.4361666306005, 82.62908134602, 57.66634675459634, -0.343237161241, -0.318958546966, 0.883432904334, -0.158445611115, 0.94675696498, 0.280261016875, -0.925787901985, -0.0437800705675, -0.37549975494,  
175, 1604098.8542313718, 72.61853887778366, 90.70010983095528, 85.71642508806926, 49.25730609745915, -0.47726352782, -0.604601420613, 0.637712040976, -0.836608880232, 0.534673460226, -0.119205169549, -0.268896088722, -0.590407836264, -0.760995059345,  
176, 1518607.5725972727, 71.30483577161226, 131.98838880373395, 77.30596075523559, 35.53106642338707, -0.07559181459, 0.845179783341, -0.529109640244, 0.135735633282, 0.534410388251, 0.834254981877, 0.987857133104, -0.00875618418306, -0.155118064112,  
179, 1885741.5011000389, 76.64159186789914, 151.25425893800698, 79.71978662800085, 37.33531415310588, 0.323141033749, 0.740329052307, -0.589485170821, -0.577416339634, 0.647759064514, 0.496989501966, 0.749780129793, 0.179780668176, 0.636795625235,  
184, 1908088.7863890391, 76.94315494785991, 106.9585760492172, 93.49458955026437, 45.55204492308151, 0.391303110709, -0.0245568980557, 0.919934146723, -0.904738514358, 0.172568742157, 0.389446080822, -0.168315466272, -0.984691316093, 0.0453091141531,  
187, 813520.3714969587, 57.91085022357305, 124.99513041794837, 68.80380801996918, 22.582616217827276, -0.349635831167, 0.417027228628, 0.838953560185, 0.904335399996, -0.0837657215115, 0.418522147818, -0.244810681707, -0.905025742442, 0.347844987947,  
188, 1446320.077687297, 70.1549956323978, 114.95168890108256, 84.07407805551162, 35.72714690620427, -0.398912865099, 0.657554972302, -0.639132212034, 0.914369222867, 0.232589223256, -0.331407871811, 0.0692636292143, 0.716605687687, 0.694030862457,  
189, 3580802.494274971, 94.90678301490956, 135.5859047540178, 91.53649727900205, 68.87838011775051, -0.0943325197133, 0.0343576236994, 0.994947701851, 0.909312811219, -0.403878893238, 0.100160126546, 0.405279640591, 0.914167048898, 0.00685708626519,  
190, 911498.7912343803, 60.1481807187595, 97.59239284283285, 64.65861007125488, 34.48459713077535, 0.581909798326, -0.246074252437, 0.775131246241, -0.407346717434, 0.73674872451, 0.539694328976, -0.703881835543, -0.629800586869, 0.328483762721,  
191, 1149043.8046507386, 64.97545440148826, 126.64046422346884, 80.9101983581581, 26.77146986744133, 0.348358803693, -0.924013266269, -0.157624958841, -0.734397330686, -0.373541049353, 0.566681255319, 0.58250039019, 0.0816490551561, 0.808719189349,  
192, 822602.8602726457, 58.125566951322945, 131.12152908673988, 41.74495421557892, 35.87761884572732, -0.127251753043, -0.190285273074, -0.973446714617, -0.960749184393, 0.267562309481, 0.0732899395045, -0.246511654968, -0.944564410401, 0.216864193838,  
193, 2326574.1183072007, 82.20080949752617, 115.1105883918546, 85.75333673591103, 56.26806514230021, 0.0905017420702, -0.832499734467, 0.546583595432, 0.183378253638, 0.55338170992, 0.812490676389, 0.978867637005, -0.0266997235686, -0.202744356238,  
194, 717167.9467176188, 55.52783665630659, 147.3342369197898, 99.09209396475948, 11.727071623538963, 0.696042281342, 0.640629895997, 0.32421980035, -0.442005220924, 0.0264609597647, 0.896622106734, 0.565823759893, -0.767393741155, 0.301579705511,  
195, 682901.176922445, 54.62897902659452, 101.55931151097526, 91.83295400540428, 17.480383215725443, 0.272215909807, -0.0955955784339, 0.957475839816, -0.891281553955, -0.40006868118, 0.213453137525, 0.362650920346, -0.911485894418, -0.19410763573,  
196, 706520.7556798727, 55.2516737201267, 137.85169751429902, 96.80250403833257, 12.639724427106968, -0.921436365875, -0.0920616530214, -0.377464800593, -0.378979083404, 0.427047316537, 0.820978345501, -0.0856147065989, -0.899530567286, 0.428386368285,  
197, 59275.11079523176, 24.187700833143083, 133.5024751723813, 61.89258598427254, 1.7125995229964652, 0.59673256388, -0.677305578105, -0.430310819145, -0.730803145377, -0.237232974098, -0.640036935425, -0.331416671144, -0.696403381575, 0.636541687731,  
199, 2205495.077943276, 80.74937344153844, 106.67534213442845, 88.71170054060076, 55.63813125687466, -0.216685436362, -0.364838978479, -0.905505351421, -0.976222297069, 0.0867918898794, 0.198638351171, -0.00611950761779, -0.927016551974, 0.374970484162,  
200, 1006112.3975171077, 62.161186730175224, 103.52935067651848, 79.03131271283699, 29.355886869889083, 0.585152455505, 0.810786922881, 0.0148717686057, -0.487769978602, 0.33725895056, 0.805193671263, -0.647824861974, 0.478415056151, -0.592825423086,  
201, 2210350.940190103, 80.80859225669974, 145.0296695522033, 73.40507897875014, 49.566660026769355, -0.371368807281, 0.866672179843, 0.333113406611, 0.295922624606, -0.229579839929, 0.927212433774, 0.880065343724, 0.442913569203, -0.171209114802,  
202, 565437.072155671, 51.29777833532417, 100.90573269524174, 85.61887939538163, 15.624649727555445, -0.271160398654, 0.859956273881, 0.432373964543, -0.317920029729, 0.343975366919, -0.883520119551, -0.908514663007, -0.377036011497, 0.180124826537,  
203, 2517731.779931849, 84.3931020935043, 103.89864069004294, 92.87799528009577, 62.2871061323534, -0.826822992685, -0.465836080205, -0.315214982428, -0.217788353451, -0.251552246731, 0.943021579958, 0.518586513389, -0.848362076913, -0.106535508572,  
204, 1656574.123744255, 73.40192021224838, 122.1869342440867, 79.26116682948634, 40.83542071193029, 0.225917789316, 0.614738043486, -0.755683988425, 0.378444280081, 0.659422983287, 0.649570054718, 0.897630814614, -0.432733713736, -0.0836687136971,  
205, 572670.0798270041, 51.51558405402568, 100.51334172318094, 71.49262784545398, 19.025273608642888, 0.244039135348, 0.90922128294, -0.337285574948, 0.783322337423, -0.389854927047, -0.484168618925, -0.571708856074, -0.146047233822, -0.807353199894,  
207, 1454804.630761089, 70.29191175740299, 126.76068648505897, 79.95217437943066, 34.26898202154656, -0.291803822742, 0.680405179835, 0.672234572368, 0.923942323152, 0.382270051345, 0.0141488986864, 0.24734816054, -0.625234675221, 0.740203004844,  
209, 590613.5918139394, 52.04810746365352, 88.1524469641254, 81.35882790116973, 19.659649577677772, -0.840956598522, 0.492564585268, -0.223991358631, 0.54028848799, 0.787067992582, -0.297678223589, -0.0296706782474, 0.371354418841, 0.928016996859,  
211, 2060146.7851720287, 78.93504335934622, 119.3744281947774, 73.0660894363002, 56.38744118829084, 0.0259411358068, 0.801638072401, 0.597246564117, 0.405198816354, -0.554599517614, 0.726796597604, 0.913860479887, 0.223149671609, -0.339209739486,  
213, 1264105.3922601196, 67.07565024898182, 113.36064539761955, 66.74003105608922, 39.88833975622989, -0.487155365994, 0.820367471421, 0.299460951073, 0.871658541281, 0.435639900896, 0.224564610213, -0.0537683624037, -0.37042555066, 0.927304628815,  
214, 2970031.8020067415, 89.1711080846188, 99.87355588873189, 93.82547137852369, 75.66607779549948, 0.120964604324, -0.616824642952, 0.777749911185, 0.476020242972, -0.651493981929, -0.590728634646, 0.87107536573, 0.441681957247, 0.214813304665,  
215, 925681.993230762, 60.45855116306777, 99.34043724927915, 76.56898331072884, 29.053219059717215, -0.324448631894, 0.083210863092, 0.942236189883, 0.26127631979, -0.949485000366, 0.173818637656, -0.909102727957, -0.30257922325, -0.286318081298,  
216, 635111.2934794866, 53.323716242140726, 130.41333567568407, 79.18754290442511, 14.681903161451661, -0.00917297958124, 0.789149778019, 0.61413230195, 0.914879536542, -0.241275364159, 0.323699910824, 0.403622707566, 0.564826368456, -0.719763769187,  
218, 1209630.6948825289, 66.09796109479795, 116.87483167276704, 80.77347057529887, 30.589645744081285, 0.765569271696, 0.220522686999, -0.604378552526, 0.43923078402, -0.865570119725, 0.240550797564, 0.470085107831, 0.449619964368, 0.759514238864,  
219, 516316.0737435115, 49.76710124795569, 94.24897822314146, 51.30621604364556, 25.490620073359686, -0.375204125903, 0.425836651156, 0.823337725625, 0.925162842469, 0.117028043884, 0.361079149024, -0.0574071321374, -0.897199857042, 0.437877651523,  
220, 1243259.5979471877, 66.70489995146222, 104.02239736810435, 77.2359198632094, 36.94256358587398, 0.531175752046, 0.532060975215, -0.659365937163, -0.593116823814, 0.789247959171, 0.159060027203, 0.605032853444, 0.306592200812, 0.734803693958,  
221, 1183719.245994647, 65.62258989954518, 121.8994745439325, 84.53510878807015, 27.423390636177725, 0.816580726776, 0.0710578183424, -0.572840905584, -0.51835692022, 0.526906809094, -0.673554242648, -0.253972478662, -0.84694746058, -0.467095256987,  
224, 1649541.4886560908, 73.2979021013744, 113.84217324420752, 74.46895579174334, 46.45112021737154, 0.184082072789, -0.894748916882, 0.406863817776, -0.86195874471, -0.34588506535, -0.370662439406, -0.472377934388, 0.282467515487, 0.834907893003,  
225, 1293956.3192157962, 67.59952882115319, 115.95473285007749, 62.07278172527029, 42.91818215134009, 0.126269860874, -0.761538875367, -0.635699979188, -0.529052921596, -0.593783153055, 0.606238050025, -0.83914178086, 0.259769337015, -0.477871283048,  
226, 4176058.8623027294, 99.89858437906383, 131.54271823052346, 111.14044675050971, 68.19288307338667, -0.331399451649, 0.940890660616, -0.0699940584128, 0.319829660258, 0.181823894786, 0.929865076075, -0.887627958024, -0.285770600396, 0.361181079353,  
227, 2242126.655738101, 81.19398258611933, 110.68468647837547, 99.11644933139353, 48.79083577073896, 0.321126748132, 0.450650474111, 0.8329416317, -0.281791922983, 0.885155829706, -0.370260002267, -0.90414098667, -0.115815833638, 0.411236876876,  
228, 1728443.084129313, 74.44842103679716, 111.83998303014246, 72.79608004574065, 50.68289194263531, -0.87995827, 0.430085762586, 0.201741616627, 0.472668768895, 0.83514838053, 0.281267519293, 0.0475150288855, -0.34286064125, 0.938183832046,  
230, 1294574.1199278026, 67.61028559647303, 113.15640524828073, 103.44461092916089, 26.402879799253245, 0.213984504012, 0.260121776994, 0.941566404018, 0.417753146163, -0.895670405583, 0.152501912884, 0.883002231545, 0.360709281411, -0.300326278222,  
231, 1226731.3510023146, 66.4079822939187, 128.32230539983334, 69.20588040272487, 32.97734622399188, 0.793737067588, 0.126198586485, -0.595025532483, 0.37431988917, 0.66972563964, 0.641367436171, 0.479443519207, -0.731806999405, 0.484347424389,  
232, 623393.8678785873, 52.99374832503346, 150.06545918013526, 85.28336740373915, 11.628637571132936, -0.0294511973385, -0.790756913446, 0.611421401991, -0.978889922776, -0.100953581484, -0.177715765967, -0.202255150893, 0.603748191073, 0.771090770087,  
235, 2000172.1309060499, 78.16150638617948, 97.41317703878566, 81.04768912121408, 60.48120264003842, 0.356005283161, -0.480502185934, -0.801484801898, 0.412562442598, 0.850381381499, -0.326563526681, -0.838482241505, 0.21440418679, -0.500977420018,  
236, 639387.689968766, 53.4431301965083, 148.699222071503, 47.56601112061262, 21.580933760971522, 0.528032521506, -0.655612817484, 0.53977170154, 0.459767413911, 0.755095977776, 0.467379919821, -0.713999706819, 0.00137764175491, 0.700144642745,  
237, 2710822.952718926, 86.49762472046969, 126.97107269410918, 83.86331319867209, 60.77650752677099, 0.76070668042, -0.645592669653, 0.067345758991, -0.434819534298, -0.583868896006, -0.685586672033, -0.481930823829, -0.492247109862, 0.724869273646,  
238, 3142409.6499736183, 90.86390490554257, 115.84748277221092, 107.64545540174025, 60.15779224603512, -0.971242586706, -0.22917785679, 0.064539505151, 0.178709567683, -0.522596915936, 0.833639822629, 0.157323641537, -0.821200324776, -0.548524656147,  
241, 3162260.2057419373, 91.0548320925268, 136.0436288604667, 76.68398194115775, 72.36459393108798, -0.00172512222813, -0.18292051068, 0.983126192676, -0.624271709184, -0.767828767828, -0.143957689646, 0.781205387249, -0.613986213255, -0.112867501372,  
243, 728834.0709455855, 55.82730788543044, 85.53683020639194, 72.6523946002359, 27.998642275094852, -0.957118041509, 0.0774106185974, -0.279164200331, 0.289612690909, 0.279090523214, -0.915550637112, -0.00703874155708, 0.957139527958, 0.289541672539,  
244, 709838.8547770403, 55.33803319189304, 106.03745473008078, 54.9465324990834, 29.085167770300746, 0.472709131659, 0.637203425098, -0.608701792251, -0.345772725048, 0.769474734632, 0.53698217417, 0.81054753066, -0.04336389982, 0.584065298348,  
246, 1897232.005924025, 76.79694506339911, 129.66009442413363, 100.42012316817575, 34.78602061118493, 0.0765432585474, -0.994629750932, -0.0696619561373, 0.0822615685362, -0.063329071424, 0.994596633342, 0.993667028694, 0.0818601690354, -0.0769723899368,  
247, 3567763.170048609, 94.79144336806777, 114.6958369424837, 92.97835205882042, 79.86893792387501, -0.852828033232, 0.273382891992, -0.444911384546, 0.0469022924502, 0.888665896592, 0.456150303297, 0.52008126355, 0.368150402147, -0.770701473142,  
