# Void_ID, Void_Volume, r = (a*b*c)**(1/3.0), a, b, c, vector_a, vector_b, vector_c 

3, 272173.6811124145, 40.202448654265126, 89.68657107076062, 50.402309727472954, 14.374066799037154, -0.304758276626, 0.724623759501, 0.618096109027, 0.951809669075, 0.255127631346, 0.170200603932, 0.0343619947496, -0.640179895725, 0.767456157984,  
12, 962062.406304725, 61.2404272177069, 113.18159539344566, 58.026136124824546, 34.971573336060345, -0.896072646104, 0.41807472829, 0.149222432861, 0.408645125433, 0.908188520644, -0.0905691582741, 0.173386776783, 0.0201775255164, 0.984647090637,  
19, 3208765.064660233, 91.49901884708976, 121.44888346127243, 89.70965515107542, 70.30991900199876, -0.0754495601201, 0.577272060817, 0.813058627454, 0.995258978543, 0.0937840374413, 0.0257705248596, 0.0613753167651, -0.81114827382, 0.581611165961,  
25, 841682.8987904922, 58.57153843784332, 137.91286871330664, 78.14246121890352, 18.645241627683, -0.96350323585, 0.265855970932, 0.0313387495977, -0.123438185022, -0.545107530644, 0.829229036222, 0.237538478956, 0.795096461289, 0.558029648191,  
108, 1376219.240716708, 69.00274038037058, 119.34293653096073, 70.714674053338, 38.93074837402116, -0.784721515104, -0.0268542994371, 0.619266493793, 0.154958156334, -0.975837473241, 0.154042836911, 0.600166738098, 0.216841122529, 0.769921953227,  
113, 1976792.2727178675, 77.85577075487885, 100.41300174293342, 84.69315910454497, 55.49248109679909, -0.954824479077, -0.203577232088, -0.216486777265, -0.156431235944, -0.275068913016, 0.948612861769, 0.252664763227, -0.939624075717, -0.230796693555,  
132, 2263446.1215491556, 81.45051799569102, 138.33333175132924, 85.01685015453698, 45.94621117574188, 0.502878106955, -0.349484629353, -0.790553036419, -0.812769443788, -0.502436960819, -0.294894780638, 0.294141871876, -0.790833480733, 0.536714975532,  
137, 1567071.227963034, 72.05542916371473, 136.80288803463313, 94.41343631469704, 28.964834878141335, 0.916968029892, -0.341097870361, 0.206934470283, 0.251182101019, 0.896564008453, 0.364802043407, -0.309963198274, -0.282533576025, 0.907798212234,  
160, 2352558.4406895977, 82.5056969251144, 122.68846978897614, 76.5012778333498, 59.83831727309739, 0.135367925921, 0.878378863103, 0.458395132484, 0.274413293323, -0.477792979358, 0.834512560315, 0.952036170048, 0.0128234835037, -0.305716681245,  
187, 2325866.7653771653, 82.19247809490976, 123.53595317796913, 78.56995736510302, 57.20662620600291, 0.554709731227, -0.445657714308, 0.702628148994, -0.367410330911, 0.626472504328, 0.68741679501, -0.746529813753, -0.63946962633, 0.18377114621,  
225, 2209987.8933027014, 80.80416778368802, 132.21456235049683, 91.79792738040803, 43.469947702539265, 0.488351563561, 0.215493629956, 0.845621218878, -0.789216189261, 0.522549860943, 0.322613467537, 0.372358103143, 0.824926747218, -0.425259103074,  
234, 303824.0110582055, 41.70401113585012, 111.33816241473279, 32.991568659940675, 19.74633355722985, 0.6173187798, -0.375086057337, 0.691540290726, -0.6262934419, -0.766275248417, 0.143453017731, -0.476102981233, 0.521663390756, 0.707950039202,  
235, 2609740.3208219553, 85.4088541538375, 114.36334140681, 76.38081305766009, 71.32430907964638, -0.792724520915, -0.596095431386, 0.127507139493, -0.541336818466, 0.784571950571, 0.302326484699, 0.28025396146, -0.170637308518, 0.944637827968,  
244, 138021.67251243553, 32.05921559923116, 120.9698088479432, 40.46640929456941, 6.731115027210436, -0.815136560252, -0.247797633745, -0.523592132152, -0.551580931918, 0.0559204874264, 0.832244780477, 0.176948760056, -0.967196583842, 0.182263283517,  
246, 1791354.0105206813, 75.34092310230548, 120.23350088123016, 83.38949159909035, 42.65362949493733, 0.461149125372, -0.881781224892, 0.0990118962394, -0.555518175369, -0.199893426973, 0.807119678045, -0.691911151091, -0.42720544154, -0.582026176143,  
248, 1560680.1554508621, 71.9573398257101, 113.35938608609187, 84.34271905671746, 38.969085651952675, -0.949381203864, 0.304568011184, 0.0769003011283, 0.312872854072, 0.938667950209, 0.144958809442, 0.0280340317353, -0.161681185712, 0.986444771516,  
266, 3343302.8847516356, 92.76034842306433, 127.39858542630616, 83.99484489529564, 74.58815685683054, -0.983186084372, -0.156484331385, -0.0941157666299, -0.156811326667, 0.987620649711, -0.00395728361252, -0.0935699274673, -0.0108676720458, 0.995553395041,  
286, 307037.49368491943, 41.8505273031575, 136.81341229567548, 43.673676823550075, 12.26745213260546, -0.690615699914, 0.488612711075, -0.533205001484, 0.694526311095, 0.653687597751, -0.300542389263, -0.201700664918, 0.577884195253, 0.790801301623,  
296, 1209296.5736438711, 66.09187472853861, 105.5820732561236, 62.55599725967443, 43.710429647700714, 0.821237060314, 0.203476648981, -0.533073113264, 0.384142097768, 0.493644019577, 0.7802246027, -0.42190584197, 0.8455251831, -0.327234816692,  
306, 2657835.2038139673, 85.93033008602572, 136.36699109751862, 92.6525375183362, 50.219555468983486, -0.937508402724, 0.303684215443, 0.169864334433, -0.0154288659477, -0.523968100456, 0.851598132807, 0.347620403483, 0.795759591206, 0.495909999987,  
336, 1206466.6131291941, 66.04027903516915, 98.67391973779529, 70.8003775441397, 41.227665586576336, 0.322040487231, 0.604484173458, -0.728621169485, 0.760152562098, 0.293653241881, 0.579599737636, -0.564320836864, 0.740517830691, 0.36493196011,  
346, 1254772.9150873045, 66.91017649402015, 129.03605309714595, 93.82844736945083, 24.74177914647536, -0.309840333244, 0.114112885952, 0.94391589517, 0.871327599276, 0.431389796205, 0.233861194879, -0.380509109793, 0.894919601411, -0.233091665177,  
347, 316465.0111261483, 42.2745536126807, 126.11712319756457, 44.394792821110975, 13.49369849953956, -0.911487452108, 0.111646989236, 0.395885809855, 0.0805977174821, -0.895322670521, 0.438065432998, 0.403354227184, 0.431198638038, 0.807076887271,  
399, 906223.6582191781, 60.03192394917899, 99.59462114696689, 66.97184184707235, 32.43535530378592, 0.426988078549, -0.112302975871, -0.897256497545, -0.789330568927, 0.437823743276, -0.430427256085, -0.441178460189, -0.892019288712, -0.0983013470483,  
422, 455983.1879005413, 47.74780450700743, 128.64123147316675, 73.94434878187067, 11.44392607766834, -0.730428608553, 0.311587916672, 0.607772176059, 0.124792284478, -0.814004723788, 0.567294628377, 0.671491573694, 0.490213504338, 0.555688569814,  
433, 74968.27129369746, 26.157503718463726, 132.16356234656018, 70.59029970387449, 1.9183689004753122, 0.617693814251, 0.240618342171, 0.748703656494, 0.680813865653, -0.640148592046, -0.355952609818, -0.393632864698, -0.729597555857, 0.559232129189,  
439, 2290122.59475148, 81.76925497240997, 116.7041114797851, 95.27413470080806, 49.17099003517156, 0.032835722086, -0.142528260911, 0.989245930089, -0.788032708937, -0.612494326972, -0.0620898467685, 0.61475707804, -0.77751938514, -0.132428625045,  
451, 513781.1602384417, 49.685521813397294, 118.4202018824406, 75.92069206598872, 13.642803074459772, 0.340245999305, 0.820163875541, -0.459960734427, 0.816058778863, -0.500573419458, -0.288919229498, 0.467205232632, 0.277051383303, 0.83962003407,  
483, 2363319.9240609333, 82.63130957200161, 127.59074423491862, 82.05228675144853, 53.891968497218485, -0.973856991556, 0.222225507125, 0.0470997237868, -0.0236909610618, -0.305566637635, 0.951875920658, 0.225923213419, 0.925875182704, 0.302842942284,  
505, 263054.81810308335, 39.74836023622054, 131.8026664363389, 31.8497569634392, 14.959853218066732, 0.278777070689, -0.951655947227, 0.128974039892, -0.784703453575, -0.303147259753, -0.540686812167, -0.553645947159, -0.0495247111316, 0.831278213465,  
516, 2971474.7997769993, 89.1855470856707, 107.5057981599828, 93.48124817388006, 70.58737826746575, 0.155018980258, 0.303955885344, 0.939989327346, -0.754368002267, -0.57794926967, 0.311293364599, 0.637885595475, -0.757354250964, 0.139701487579,  
540, 187769.86227657905, 35.523228233236225, 101.75415265877898, 21.657649231357787, 20.341071235534923, 0.639042261888, 0.634134702565, -0.435313871275, 0.667015087527, -0.175043260409, 0.724189705807, -0.383035064363, 0.753148747585, 0.534837455195,  
564, 1105389.665853246, 64.1419654605147, 106.98993389896468, 69.20789952557884, 35.639221032899584, 0.840674577641, -0.541243438627, 0.0179386357171, -0.259383764427, -0.373361848119, 0.890685687053, -0.475380181812, -0.753429804635, -0.454265574557,  
568, 2428584.9050465394, 83.38505649515724, 135.54841835768602, 96.29721070690873, 44.41774636454831, -0.132950656825, -0.580393536108, 0.803409899176, -0.946171987648, -0.167026677875, -0.277237549167, 0.295097767934, -0.797022855458, -0.526945799147,  
574, 791578.778741628, 57.385456989075884, 106.51030306992155, 62.64208400349379, 28.323551935731974, -0.994467889271, 0.10005635063, 0.0319741130827, 0.0772195672874, 0.490021809155, 0.868283228549, 0.0712092384232, 0.865948816762, -0.495037262347,  
584, 1412427.7915256813, 69.60266710755575, 124.23462404313169, 78.55138894774467, 34.55263132764508, -0.0296495019913, -0.940983292916, 0.337151819638, 0.867155642369, -0.19197847865, -0.459549078601, 0.497153898647, 0.278737701413, 0.821671038112,  
660, 1703899.3789098724, 74.09435328844263, 136.18685803827015, 78.15297704078836, 38.21858545121017, 0.036637752931, 0.476657442948, 0.87832531396, 0.895200620754, -0.406291293121, 0.183148119663, 0.444154841989, 0.779567230722, -0.441589638829,  
661, 3873819.8788830554, 97.42795900537466, 147.48569798225134, 90.87255712709877, 69.00302930765974, 0.0124225679834, 0.158032445267, 0.987355774808, -0.937681367628, 0.344777166558, -0.043386152449, 0.347274146185, 0.925286145829, -0.152467097198,  
672, 507858.29943498154, 49.493858792316466, 116.43213219371133, 60.6301923020415, 17.17481819215242, -0.534261390389, 0.143317998944, 0.833081459353, 0.821866511503, -0.142467005755, 0.551578271454, -0.19773771519, -0.979368727012, 0.0416736432484,  
677, 2379663.0563432714, 82.82134638826498, 131.15620356193992, 105.90296076259676, 40.90062268795525, 0.175551953952, -0.891752985002, 0.417082875702, 0.692417298815, -0.189317749349, -0.696216255257, 0.699814115152, 0.411017522159, 0.584230092269,  
683, 1552059.263195866, 71.82460235750032, 124.32434385470434, 86.8175137025492, 34.328606205206995, 0.834942442894, -0.534243841093, -0.132115991875, -0.375104709098, -0.728109821799, 0.57371817525, -0.402700352951, -0.429464324076, -0.808327173909,  
689, 1588326.7267564754, 72.37974990933873, 101.27417351467376, 75.53019870981564, 49.57148162845756, 0.696959254304, 0.393968992026, -0.599196321052, 0.229342354937, 0.669229841894, 0.706776840983, 0.679448218831, -0.63001575539, 0.376072155161,  
697, 2322478.4883694234, 82.15254656905324, 126.92260963602423, 114.64059156102479, 38.10532581798593, 0.756027317659, -0.289990077015, -0.5867950666, 0.44965854473, 0.881569454484, 0.143674945877, -0.475636298136, 0.372479599648, -0.79688710602,  
755, 2260772.6792469337, 81.41843726021519, 137.4258057607369, 84.28151363832221, 46.59804197608551, 0.735925875161, 0.508126342579, 0.447460306895, 0.257995118321, -0.821479550467, 0.508536986942, 0.625980531, -0.258802952346, -0.735642172979,  
784, 1952454.7543173614, 77.53494021984075, 134.50794469535813, 78.09784082330977, 44.37163230076641, -0.0820184511121, 0.886945257931, 0.454533918549, 0.972496949862, -0.0285337981121, 0.231161209708, -0.217996917835, -0.460992333775, 0.860211260107,  
797, 2231903.4811719684, 81.07039084064904, 111.22317738039848, 91.0938535658275, 52.589910058898546, 0.559160569887, 0.166178015057, 0.812234156137, 0.645478068472, 0.527564812544, -0.552298317658, -0.520285998472, 0.833102776299, 0.187729177053,  
830, 1271918.2367218856, 67.21355427667945, 97.84878196770586, 62.06530478276695, 49.999569917395064, 0.125370298971, 0.0826400697956, -0.988662180424, 0.63236942881, -0.774512886868, 0.0154497113615, -0.764454834272, -0.627136673253, -0.149359965917,  
865, 1321605.7202413704, 68.07763083255081, 116.0051602353183, 65.86893119358686, 41.29099759421702, 0.110892105083, -0.947366663685, -0.300332058842, -0.405265570819, -0.319034428372, 0.856724489332, -0.907448487871, 0.026710261164, -0.41931349109,  
894, 603484.6612016927, 52.42348343885936, 116.27139503382809, 71.6809860951816, 17.286249315148325, -0.871981175044, -0.23071261244, -0.431764427472, -0.485461221153, 0.521135830122, 0.701957868622, -0.0630573796355, -0.821698933323, 0.566422660078,  
896, 2044603.2384522932, 78.73602368738302, 121.73441587531084, 68.23710214207023, 58.76063544896969, -0.923894263304, 0.0854322998753, -0.372988890414, -0.141833476798, 0.828864696624, 0.541171488116, 0.355390848354, 0.552887544468, -0.753666178144,  
897, 1557199.7385695584, 71.90381018623869, 140.85914204102505, 78.61465505605779, 33.57122284156495, -0.99408700604, 0.0405838398534, 0.100717309161, 0.107820118551, 0.25891127219, 0.959864456665, -0.0128781387437, -0.965048136144, 0.261756085826,  
906, 335107.7504912783, 43.08888813670727, 99.61221480132915, 52.6935343093474, 15.241437790476498, 0.406566611712, -0.257756422205, -0.876507397033, 0.515614152571, -0.727257302551, 0.453032958574, -0.754218559775, -0.636127693704, -0.162775678137,  
912, 1840692.6365507427, 76.02636422178392, 144.87401154566822, 65.86190451638865, 46.054057075471356, -0.15612282554, 0.832415698789, -0.531704586923, 0.937080992042, 0.295001517051, 0.186690437066, -0.312257710393, 0.469103623251, 0.826097399193,  
957, 2170278.799765558, 80.31727640266531, 122.15864114172491, 96.71480232028182, 43.85405704205139, 0.255410297152, 0.0685915020889, 0.964396591631, -0.833618931669, 0.520887310854, 0.183727750094, -0.489739784857, -0.850865215667, 0.190219157541,  
964, 1306677.1855575517, 67.82033016764527, 121.12322361815849, 56.57642223384354, 45.52152451729606, -0.224667379506, -0.952339523058, -0.206334683, -0.972416213372, 0.232742762239, -0.0154115085857, -0.0626998928031, -0.197180727882, 0.978360099347,  
971, 1443372.0664996912, 70.10729794033331, 118.60821496176831, 95.55081460494321, 30.40468602815577, -0.170356686684, 0.593661286142, 0.786476240352, 0.806245248372, -0.374897206375, 0.457625047533, 0.566522019678, 0.712052218583, -0.414770345169,  
973, 818293.9855669306, 58.02390008453452, 121.89284144183682, 53.00360188177735, 30.236893173967477, 0.910015041322, 0.398016587095, 0.115997504136, -0.164178334712, 0.0890631245552, 0.982401768247, 0.380681098795, -0.913044662786, 0.146394483429,  
1000, 1397576.0471224566, 69.35784856381417, 114.38286885056935, 62.2949762934817, 46.824465604505214, 0.863900080747, -0.503529072671, 0.0116242617388, -0.396564839621, -0.665791854647, 0.632026529714, 0.310504393628, 0.550617543546, 0.774859562938,  
1008, 1297839.4748647271, 67.66708322483929, 121.07917974439016, 80.14729900597138, 31.928168661000772, -0.187210065733, 0.640689065265, 0.744627365156, -0.832661015869, -0.505679572142, 0.225751640017, 0.521179454642, -0.577759198947, 0.62814511388,  
1016, 1040315.2118135913, 62.857742550790014, 121.32736620792791, 80.59780610694253, 25.39769768001542, 0.349222342741, 0.0355936086045, 0.936363631479, -0.485849004181, 0.861342469902, 0.148458393766, -0.801245593103, -0.506776325976, 0.318093154537,  
1030, 1473160.0735734375, 70.58630421200955, 143.93151868115345, 57.30983435353434, 42.63598193405918, -0.339871998459, -0.937972713651, 0.0685143277632, -0.913791151205, 0.312123068931, -0.259932533209, -0.222424721293, 0.150951575967, 0.963193057009,  
1048, 2085593.9516768702, 79.2587191679385, 150.39295933224594, 79.40534122682804, 41.69307508626423, 0.931833834796, -0.212844461482, -0.293909747278, -0.230441812057, -0.9727340642, -0.0261727262816, 0.280325303147, -0.092117726642, 0.955474776671,  
1063, 1053658.7479598154, 63.12534857789139, 88.92897667117484, 64.13326504499535, 44.10468478772158, -0.9637715348, 0.206319881016, 0.169045956495, 0.190908380512, 0.0909722016434, 0.977383266062, 0.186275116319, 0.974246460207, -0.127064612754,  
1083, 511297.3341630644, 49.60532580020597, 119.08862442498712, 74.72630769520084, 13.716430787872165, -0.374591149489, 0.865602576884, -0.33228549414, 0.905669019925, 0.264825991026, -0.331105452726, 0.198607897811, 0.424969849952, 0.883150909844,  
1093, 32716.811613508686, 19.84087349190926, 66.3616011127127, 57.35780350319154, 2.0519793994531312, 0.1223536136, 0.43331962758, 0.892896238985, -0.422782073314, -0.791190910519, 0.441896211339, 0.897933690048, -0.431568121466, 0.0863947036062,  
1157, 207348.44295423196, 36.71729874145858, 86.29586975559515, 54.625112945734685, 10.500979507223139, 0.685651180577, 0.37063406795, -0.626508456645, 0.612143816731, 0.172159588239, 0.771777833198, -0.393906595796, 0.91268366034, 0.108839928042,  
1166, 1152922.439254661, 65.04848121230893, 96.6883725686927, 82.21165017962679, 34.6261229387459, -0.951391873036, -0.234515915157, -0.199639148114, -0.29901519686, 0.548065747356, 0.781161858146, 0.0737795091361, -0.802886182539, 0.591549120462,  
1186, 1701673.65270988, 74.06207720375092, 108.51759440744503, 75.85871819934141, 49.34941484427345, 0.669911156562, 0.323434937033, 0.668288024598, 0.559400802929, 0.371934710709, -0.740766705955, 0.488149345996, -0.870088738277, -0.0682334487454,  
1187, 1880386.3904060833, 76.56897439826963, 143.76567533774463, 75.31810921884875, 41.45757281463637, -0.0363997188481, -0.642565351333, 0.765365814323, -0.859675458716, -0.370369713014, -0.351830046136, 0.509542114206, -0.670772722275, -0.538916309738,  
1189, 919495.8926496978, 60.32357359691253, 83.83669857767428, 58.3111745865599, 44.902986489209965, 0.368140845361, 0.785919450995, -0.496792647414, 0.866634383132, -0.48358942707, -0.122825534802, 0.336774648615, 0.385320493322, 0.859133839094,  
1280, 3729546.854309621, 96.20311905156287, 115.37940467947647, 96.20512321463204, 80.21229905144128, 0.355030844196, 0.714959454239, 0.602317257319, 0.366065791005, -0.699161627949, 0.614140744992, 0.860202846034, 0.00244883608657, -0.509946141153,  
1286, 479333.33974817325, 48.549304112990555, 133.00831000199162, 43.58847155581453, 19.737793993693508, 0.534876941995, 0.615620289114, -0.578721277087, -0.481298181801, 0.784940874441, 0.390153666939, 0.694448498535, 0.0698532981511, 0.716143700398,  
1306, 3085606.2043759474, 90.31307509390582, 118.38015734727686, 91.27789606135185, 68.17220727897734, 0.0819625130032, -0.707446987172, -0.701997796865, 0.128470175741, -0.690991615484, 0.711355045863, 0.988320575728, 0.14849022753, -0.0342504295004,  
1314, 2732689.750120135, 86.72957925004275, 120.34459014922126, 86.19675335243667, 62.890382790005134, -0.159113179448, 0.967910848488, -0.194503433147, 0.909945534614, 0.220206353984, 0.351437456315, 0.382991018383, -0.121069199408, -0.915783887603,  
1326, 1791754.3439894316, 75.34653510424118, 108.25927898319755, 91.87633534127747, 43.00520895901906, -0.162063561617, -0.844922183179, 0.509746904226, -0.553171086164, -0.349986559443, -0.75598356969, 0.817151853347, -0.404494638508, -0.410666453452,  
1364, 1201179.2134422124, 65.94366282437517, 136.65353886200754, 55.546875004117744, 37.77797585771642, -0.508908914648, 0.849439013537, 0.139517306711, 0.0154190235832, -0.153053757393, 0.988097566569, 0.860682270239, 0.505002880812, 0.0647929013756,  
1370, 258736.94002006395, 39.529677946561165, 83.36143465661517, 38.326867085016595, 19.333092437622497, 0.617158275288, 0.00285057499481, 0.786833869039, -0.484900671895, -0.78615649301, 0.383183124491, 0.619666847298, -0.618020907997, -0.483800739602,  
1394, 1966095.3877449173, 77.71508476371076, 151.3064694788803, 96.62741874357222, 32.10392256230528, -0.327382398996, -0.944404257083, -0.0303539788492, -0.935231587094, 0.319286230271, 0.152964641867, 0.134768851482, -0.0784659312296, 0.987765384242,  
1402, 1300108.96770915, 67.70650272075908, 126.56405260825717, 90.82491213381768, 27.000747383752266, -0.878259343149, -0.0218473268489, -0.477685273461, 0.453611627063, -0.354175338106, -0.817799683095, 0.151317606263, 0.934923806621, -0.320968001284,  
1405, 2441630.417548228, 83.53409511489141, 105.14077023900195, 94.62648479074514, 58.58783584369163, -0.542605139871, -0.668574470871, -0.508515328269, -0.832784093281, 0.507288476374, 0.22165075167, -0.109773932074, -0.543752313684, 0.832035519194,  
1431, 902460.0185147196, 59.94870238972691, 130.67819101310187, 59.11246553823348, 27.890556096075102, 0.171518657729, 0.739647384501, -0.650771155363, 0.814611521005, -0.477976078186, -0.328552794126, 0.554066259482, 0.473772746455, 0.684507096252,  
1440, 1175776.5201856466, 65.47548508520148, 122.75889735274791, 95.95357530787034, 23.829889776590335, -0.171569397785, 0.903075551633, 0.393723875053, 0.404203596838, -0.299936448888, 0.864093501267, 0.898433856245, 0.3073966081, -0.313566470277,  
1459, 1250315.5279363112, 66.8308531328158, 121.0939812519194, 79.25619562997566, 31.101063190674473, 0.129123105909, -0.333590287276, 0.933833359736, -0.951191698601, -0.307847141054, 0.0215520360321, 0.280288380124, -0.891037405489, -0.357058490989,  
1462, 2095481.2286758374, 79.38377032254252, 106.42429977513093, 89.38710095770698, 52.587135139211455, -0.522266055776, -0.185112126794, 0.832449198148, 0.426344059252, -0.90208490194, 0.0668847727958, -0.738558670739, -0.389841416739, -0.550049779266,  
1498, 1663899.8443568603, 73.50996070654509, 120.39557693093157, 78.95810052262301, 41.786052691228186, 0.487731598689, 0.369504855178, -0.790938714213, -0.612059488203, 0.790771265673, -0.00799926790698, 0.622495839778, 0.488003040346, 0.611843086153,  
1505, 2763025.219888424, 87.0493260800625, 125.12603600759361, 89.12318065327835, 59.150425903826495, 0.557733010027, 0.616056547676, 0.556244747922, 0.636056501429, -0.747776893918, 0.190425428744, -0.533259802081, -0.247596540743, 0.808906630271,  
1514, 4268200.739809026, 100.62797715122593, 126.73180648975463, 95.81460531538333, 83.91486243230081, -0.598322130774, 0.251137177188, -0.760881558497, 0.107359911954, 0.966175882435, 0.234473907941, 0.794030526574, 0.0586027510825, -0.605046477912,  
1555, 518591.515218646, 49.84010315691512, 93.83235283157892, 70.48555204243884, 18.719062131997596, -0.369537628483, -0.848914351797, 0.377870830374, 0.770936649113, -0.0530758006738, 0.634696496317, -0.518747167885, 0.525858709822, 0.67407269127,  
1577, 1110181.1388897395, 64.23450944799603, 133.0393772642054, 54.24242411128046, 36.727041187952985, -0.0362409399975, 0.33106243182, -0.942912647336, -0.11165555992, 0.93628334204, 0.333026334331, 0.993085912803, 0.117350626994, 0.00303317277394,  
1590, 2756307.6725287065, 86.97872321319815, 113.41207598711134, 109.92346543270504, 52.78242910792603, 0.166342553207, -0.962301849314, 0.215186676633, -0.728024279636, -0.267038040973, -0.631404254764, 0.665064510596, -0.0516317293992, -0.744998900177,  
1594, 912182.2754090669, 60.16321093011844, 88.69214350043991, 76.6390462731303, 32.03743789818499, 0.045939210479, 0.790827529204, 0.610312549432, 0.869827828125, -0.332094485947, 0.364846271495, 0.491211907796, 0.514106089691, -0.703139950638,  
1601, 3019441.4911768553, 89.6628769686292, 111.10679617903584, 91.36942566148977, 71.0062356762572, 0.0298956975191, 0.294073896375, 0.955315021729, 0.810825902816, -0.566038292561, 0.148869092419, 0.584523397815, 0.77014361961, -0.255364842101,  
1656, 2475221.9384085606, 83.91543407851675, 117.26284807968484, 94.64953280479085, 53.24105143540036, -0.981501394322, -0.0619675549811, 0.181149206659, -0.184401522465, 0.0515177337733, -0.981499873469, -0.0514887507713, 0.996747683838, 0.0619916390128,  
1669, 3740379.7076440947, 96.29617297383072, 111.87515370319234, 98.77569553122021, 80.80595018528467, -0.6063625219, 0.03538765695, -0.794400532333, -0.142787056207, 0.977926276281, 0.152551810014, -0.78226360558, -0.205931813701, 0.587924943756,  
1688, 542851.2291317252, 50.60546331878728, 89.90378068638896, 60.093659698735095, 23.987534234518115, 0.526775023644, 0.681171555959, -0.508442116486, 0.456921436647, 0.27746616703, 0.845124444615, 0.716750218136, -0.677508551611, -0.165079639254,  
1721, 1122374.4367921485, 64.46881968876129, 117.53522171415214, 89.2588357668521, 25.540530196344914, 0.142475244877, -0.477544951487, 0.866978444891, 0.132326103705, 0.877241092922, 0.461451912086, 0.980913149507, -0.0489784054353, -0.188176802304,  
1722, 581056.8462716978, 51.76584859426497, 86.80978720066267, 65.72281848400758, 24.31336903948457, 0.711923203122, 0.289485138937, -0.639815369611, -0.238470308762, 0.956601280606, 0.167469106948, -0.660528019614, -0.0333518256996, -0.750060258264,  
1747, 1380140.4498087042, 69.06821386309885, 98.38425777285906, 76.60270252230177, 43.718471540457045, 0.210771813917, -0.290056238296, 0.933510911068, -0.920791862409, -0.37953563584, 0.0899724805071, 0.32820357795, -0.878532913301, -0.347076838276,  
1761, 1171871.3512115788, 65.40291561470448, 138.87638198203493, 79.10004960498816, 25.467491994372114, 0.855563497946, 0.461868638912, -0.233855642165, -0.140809980891, 0.642303492771, 0.753404786589, 0.498180339098, -0.611656426079, 0.614567137237,  
1766, 1732040.087946068, 74.50002927464018, 132.94867086027662, 59.13465428494327, 52.59485573080145, 0.248472651807, 0.876488748359, 0.41234550477, -0.433638395071, -0.280001470117, 0.856479374564, 0.866151882538, -0.391620544319, 0.310506466346,  
1784, 1955812.3765393232, 77.57936019067519, 111.25183773483094, 80.53212576168248, 52.11493782659413, 0.405102052244, -0.895669080502, 0.18349175867, -0.839669078998, -0.443882165384, -0.312928843394, -0.361729408594, 0.0273042393409, 0.931883208064,  
1799, 1582224.5008256498, 72.28693852071629, 140.746044768397, 64.152144859751, 41.83426235527857, -0.186213553852, -0.980080113431, 0.0690469667664, -0.055787226215, 0.0807098993073, 0.995175209471, -0.980924205917, 0.181463173706, -0.0697052281778,  
1860, 1157994.0948868282, 65.1437235055542, 103.72372527926977, 89.34467291190555, 29.831216634856226, 0.36654474175, 0.341564929765, 0.865435353478, 0.366541512665, 0.801936072981, -0.471747659607, -0.855156285008, 0.49013460764, 0.168747724741,  
1866, 1222597.7230983735, 66.33330829827173, 125.88741208497501, 55.34007513747494, 41.896034951339686, -0.928692537569, 0.250020240975, 0.273897882006, -0.0409230228961, -0.803146390093, 0.594374614429, 0.368585779516, 0.540782539644, 0.7561076431,  
1890, 2579007.5955485064, 85.07226659974881, 128.16544673172922, 74.36173375902375, 64.60164090659279, -0.537345228671, 0.44321765019, -0.717508341265, 0.172339754149, 0.890525181594, 0.42102720825, 0.825565935806, 0.10258175036, -0.55490347821,  
1896, 1007711.9921438872, 62.19411216070175, 121.88043381620821, 61.88473402311494, 31.895564838938718, 0.501671369723, -0.792934625096, 0.345804160074, -0.534812133265, 0.0299034904558, 0.844441687372, -0.679927804191, -0.608572478496, -0.409069333371,  
1904, 2335590.7820230643, 82.30686266053381, 142.1508970022838, 82.29603295766233, 47.66280945153601, 0.357184486195, -0.705095684934, 0.612584131291, -0.842986026129, 0.0390844231635, 0.536513716149, 0.402236003575, 0.708034238546, 0.580425459877,  
1910, 1580651.636398609, 72.26297747728619, 119.70561949546584, 82.26047733015542, 38.32143753399094, -0.409713089738, 0.706027343776, 0.577633598346, 0.904796144511, 0.395118725683, 0.158824209401, 0.1160996166, -0.587713010282, 0.800696132481,  
1931, 743809.9982556995, 56.20709426484751, 90.20110837431139, 69.0948303113911, 28.49154327004972, -0.567763625207, -0.317593691473, 0.759459487418, 0.613393061329, 0.45205433009, 0.647607778644, -0.548993094861, 0.833535320057, -0.0618502385711,  
1934, 3332511.424199423, 92.66043738339069, 119.88947162511953, 89.86751006908955, 73.8412912319096, -0.919084014398, -0.3932193156, 0.0257515886533, -0.373657349949, 0.8488758031, -0.373885083603, -0.125158936188, 0.353254073934, 0.927117468254,  
1940, 2128886.933896499, 79.80338793266436, 98.74375046682417, 81.55250830378544, 63.11274150321515, 0.554446276813, 0.827926819228, 0.0844186480067, -0.441053171454, 0.206304502956, 0.873447509591, 0.705734671161, -0.521512832118, 0.479544512906,  
1989, 613676.1951159852, 52.7169435520436, 92.95673771333944, 88.0712086083195, 17.89517037819113, 0.176969090236, -0.122961612387, 0.976505188404, 0.304288863376, -0.936720670143, -0.173097295626, 0.93599691705, 0.327772524789, -0.128354755528,  
1990, 2508811.396251416, 84.29331522768634, 143.02962404050243, 75.64708421223997, 55.35555564171715, 0.8630320442, -0.122774873544, -0.490002062353, -0.40807846048, 0.402281974487, -0.819537176152, -0.297737570313, -0.907246131669, -0.297080453405,  
2000, 2580296.833703702, 85.08644002849236, 125.94188026229706, 92.5684787964816, 52.83816909591964, 0.434122092001, 0.828526749426, -0.353668537932, 0.851381298597, -0.505652566253, -0.139518338011, 0.294428078886, 0.240538786327, 0.924907129735,  
2022, 1479885.5582492836, 70.69355811502341, 119.5684899147468, 89.2991626260117, 33.08837140671217, 0.108284225249, 0.857189566938, 0.503488403934, -0.306741098203, -0.452944555196, 0.837108791371, 0.945613253521, -0.245086262878, 0.213888518891,  
2045, 349617.8270852164, 43.702034277457244, 149.5397046217905, 85.08747198002166, 6.559682524821342, 0.495824214517, 0.235674867883, -0.835832342607, 0.594345121457, -0.793839148833, 0.128737261041, -0.633176298435, -0.560603926519, -0.533676880399,  
2086, 446164.5084650689, 47.402597143203835, 112.1558195379817, 70.28663276596738, 13.511758040113621, -0.351646199609, 0.534282238804, -0.7686920317, -0.189541417987, 0.763492560539, 0.617376028745, 0.916743694371, 0.362796911921, -0.167210644195,  
2087, 1152723.4545380098, 65.04473872339885, 92.41768871140646, 85.77889199076752, 34.713706356549615, -0.713461807479, -0.287063884587, -0.639192127169, 0.695724965939, -0.398670238189, -0.597518880833, 0.0833007865407, 0.871008821625, -0.484153500053,  
2100, 551443.6671541411, 50.8710671429585, 145.24753971191686, 40.187398632410314, 22.553495667769663, -0.851165137728, 0.516112728231, 0.0956324216679, 0.229354248018, 0.201812452834, 0.952191347785, 0.472138260716, 0.832405781839, -0.290148370888,  
2119, 2152863.515192698, 80.1018653094143, 97.2308135852231, 86.36365152229246, 61.20585546324884, -0.0125499542042, -0.346419333002, 0.937995812556, 0.187515569079, -0.922242578858, -0.338092497839, 0.982181454723, 0.17164577322, 0.0765331204976,  
2132, 1752055.987167144, 74.78591132256162, 129.29838142264816, 68.79480871654377, 47.02303051829688, 0.831901347862, 0.0371690631809, -0.553677350239, 0.259629950203, -0.907884621988, 0.3291470828, -0.490441063109, -0.417569124698, -0.764920642757,  
2142, 2797671.055922653, 87.41165577133496, 103.48935584651637, 96.29447193450989, 67.02101501215793, 0.570180474854, -0.12048080496, -0.812636820315, 0.16475694182, -0.952320187492, 0.256790596826, 0.804828786896, 0.280304541762, 0.523144327744,  
2146, 1740249.5003340822, 74.61754728657132, 125.2405751010222, 71.10974945502855, 46.649684055946686, 0.221640138067, 0.788168460577, 0.574165591923, -0.418904652653, -0.454751061137, 0.785951884266, 0.880564898905, -0.414719121992, 0.229376347234,  
2152, 2228619.3896320397, 81.03060816491262, 110.09725847421599, 86.96014305032057, 55.57129854217401, -0.318331775775, -0.0610351153806, 0.946012470966, 0.765043812977, 0.572750462985, 0.294388979713, -0.559797146079, 0.817454354592, -0.135630134562,  
2156, 315330.94838506187, 42.22399575638004, 160.229633260342, 108.24169200983735, 4.340508155723414, -0.0766809326968, -0.637576997114, 0.766560896023, 0.442129903477, -0.710845860011, -0.547009425657, 0.893667266387, 0.296974302015, 0.336400179742,  
2179, 774303.9011514363, 56.96493585564621, 83.59036698148054, 57.042903402992124, 38.76724900671944, 0.567302915768, 0.750413745358, 0.339185218632, 0.399296210136, -0.610876031469, 0.683661473792, 0.720229087396, -0.252407775147, -0.646189118381,  
2186, 1308646.0765119928, 67.8543767871718, 95.56258745641817, 82.37261929444695, 39.68832971318553, -0.176107385823, 0.289172934912, 0.940938468962, 0.171788811053, 0.950237722056, -0.2598785793, 0.969265078838, -0.115876163625, 0.217020555819,  
2203, 693935.6524193755, 54.92164422566648, 95.85871343843105, 72.39787446503726, 23.871141098077604, 0.32746209641, 0.599868608487, 0.73001796414, -0.548176209955, 0.749910305157, -0.370320640875, -0.769591721794, -0.278912507377, 0.574400900917,  
2233, 2221559.537632182, 80.944954354104, 103.40659650168237, 74.59593245969629, 68.75526437169967, 0.405926603719, 0.639386692939, -0.652999425181, 0.793286228286, 0.108268507511, 0.599145132913, -0.453784698294, 0.761224400012, 0.463267590514,  
2248, 2470229.2877473794, 83.85897551140039, 111.04293247684689, 91.82032787375407, 57.8387496250462, 0.831324319629, 0.525612386909, 0.180641895252, 0.505606893374, -0.580245503042, -0.638495752196, 0.230784628962, -0.622130834252, 0.748125444099,  
2249, 2024935.3628316869, 78.48274513064578, 96.31076853747632, 85.00486555285374, 59.047827322248956, 0.973419371187, -0.125193443598, -0.191784591346, 0.0595500449413, -0.670226951511, 0.739763222671, 0.221152707298, 0.731520632073, 0.6449566225,  
2251, 1027900.3107536609, 62.60669759214874, 117.54398744664647, 66.9985828980193, 31.159921285208302, 0.852092818271, -0.129449929805, 0.507129711932, -0.323043819831, -0.892427385387, 0.314985796949, -0.411801553567, 0.43222225473, 0.802248965718,  
2262, 1758306.3600230075, 74.87473745529944, 124.32204404116308, 105.24494246926565, 32.08163996682557, -0.348801815803, 0.443893711909, 0.825406364054, 0.437256618604, 0.856065672831, -0.275605176452, -0.828941459199, 0.264782809729, -0.492692724619,  
2267, 1634653.7887708356, 73.07672212062307, 139.54896323572024, 74.21839484489993, 37.678968443832865, -0.951078713511, -0.195504915641, 0.239221881661, -0.305607124399, 0.48176489384, -0.821283673635, -0.0453162909087, 0.854213331097, 0.517944030523,  
2280, 1905562.4627185636, 76.90918218123844, 92.26402195645858, 72.84153324839106, 67.68978251831291, 0.0757096298534, -0.645156974129, -0.760289767575, -0.340467005965, -0.733379846648, 0.588418404181, -0.937203430316, 0.214304641252, -0.275178580091,  
2281, 650286.0746940237, 53.745067779425845, 102.27572436375938, 60.27833477349395, 25.181525405975403, 0.792304707551, 0.602022131705, 0.0991090476718, 0.493377764719, -0.536625119292, -0.684552308174, 0.3589312353, -0.591272216734, 0.722194941857,  
2294, 1382200.2520147115, 69.10255726202254, 111.33991383334924, 68.563151249046, 43.22556787817856, 0.368714363001, 0.820404039544, -0.43702051487, 0.880825234178, -0.158161064485, 0.446242069415, -0.296979166529, 0.54947455772, 0.780948836395,  
2297, 1184971.570259347, 65.64572370645686, 106.42584163233859, 71.73560467924911, 37.05420200883, 0.349331525512, -0.527869951005, 0.774158123454, -0.749455838965, 0.338484689954, 0.568985114135, 0.562390816714, 0.778961763819, 0.277371843891,  
2308, 1816875.6473921605, 75.69703430836525, 110.28047628785403, 92.92091686411051, 42.32768095713391, 0.928553634211, 0.316085474748, 0.194623022912, -0.309950223851, 0.371722145588, 0.87507342847, -0.20425231242, 0.872876061725, -0.443134712857,  
2326, 943590.3118294469, 60.845942304733875, 108.73084097071897, 72.85958130295842, 28.435144897353783, 0.523127375965, -0.829537443513, -0.195461961329, -0.513244357913, -0.489734796464, 0.704797884647, -0.680380759271, -0.268379319142, -0.681949091553,  
2349, 1061751.3386913086, 63.286547294449136, 101.33503253634464, 73.84302214602944, 33.87389477157104, -0.659040187007, -0.620678617285, -0.424763564768, -0.735605971997, 0.649596852392, 0.19211398524, -0.156684031965, -0.439069451689, 0.884685328645,  
2361, 1306157.1758337189, 67.81133230371448, 120.86064000984081, 62.459144063249774, 41.30721482957083, 0.293715459127, 0.614970649193, -0.731807576963, 0.854888750172, -0.511510573139, -0.0867303775892, 0.427663949731, 0.600140012163, 0.675970052519,  
2369, 3320009.3036366096, 92.5444184108482, 151.81559463017595, 86.57828711442386, 60.30111146439967, -0.812084885691, 0.114832054591, 0.572129126746, 0.578625651528, 0.28542779156, 0.764017886701, 0.07556780946, -0.951495966909, 0.298236367886,  
2372, 3139517.7116837148, 90.83602253865139, 148.3308507990647, 91.70060008773287, 55.10241873245488, 0.383194033387, 0.457559540178, -0.802372482061, 0.878464826661, 0.0878901179573, 0.469653995495, -0.285415278316, 0.884824612201, 0.368270993355,  
2374, 1524382.3653311036, 71.39510482455326, 161.5543212322495, 81.4027501076849, 27.67245248733652, -0.86885347155, 0.0257082569452, -0.494401386021, 0.493943692932, 0.112320940017, -0.862208579548, -0.0333657487204, 0.993339363943, 0.110288870036,  
2376, 2372833.7262845426, 82.74204156769659, 120.90834178590676, 85.07131724907103, 55.07306850822877, 0.186328770858, 0.733643030026, 0.653490239901, -0.75213185506, -0.321430112048, 0.575308921948, 0.632122821732, -0.59870743069, 0.49190461543,  
2407, 1336029.605407648, 68.32439962689743, 114.92512144361793, 79.76297006341571, 34.794546801333894, -0.11794472794, 0.985520031024, 0.121816704936, 0.957784731268, 0.0805122286186, 0.275982226952, 0.26217827847, 0.149224828676, -0.953412030974,  
2411, 1170753.881990107, 65.38212010434754, 119.76992499202342, 55.915839647200606, 41.73441870638262, -0.926955081553, -0.375020177066, -0.0106837996975, -0.318234720979, 0.770875941298, 0.551794296357, 0.198698110575, -0.514888482996, 0.833911812443,  
2422, 2177919.0383474673, 80.41141553205703, 125.1764881086839, 84.19085904891205, 49.33616843122326, -0.10965620989, -0.984678436038, -0.135587216336, -0.667843042154, 0.174020208707, -0.72367301871, 0.736180131951, 0.0111957386037, -0.676693038798,  
2426, 1187672.1615915166, 65.6955554969849, 94.98563512359327, 79.1156295022614, 37.73008196496514, -0.522078329029, -0.799490632919, 0.297067241938, 0.731811260379, -0.241019411107, 0.637465232504, -0.438048510487, 0.55020393614, 0.710907259152,  
2434, 3522090.4852521024, 94.3852143858642, 129.68032898684478, 103.38586622160261, 62.715750741649934, -0.884935602202, 0.0451424813766, -0.463520373157, 0.0108194098277, 0.997015188369, 0.0764437998281, 0.465587714966, 0.0626328231548, -0.88278265113,  
2447, 2317774.3321939684, 82.09704269998703, 109.50787341556892, 83.68592842381524, 60.37883871345805, -0.996957648941, 0.0575509502605, -0.0525674266262, 0.0632496799914, 0.991453315201, -0.114104345918, 0.0455513358638, -0.117082073352, -0.992077045345,  
2454, 991089.9651057298, 61.850254338444394, 105.125092859952, 54.704347406140144, 41.14302652024945, -0.818319742401, -0.473146070286, -0.326321306952, -0.568558370181, 0.749568917192, 0.338951055576, -0.0842269487437, -0.462903050921, 0.882398201807,  
2474, 944647.0186101713, 60.868647191436985, 96.23424888050246, 55.27472723871178, 42.395980118904305, 0.137527699421, 0.951022538019, 0.276843392682, 0.918632311061, -0.226987444297, 0.323405901627, -0.370406275551, -0.209840015992, 0.904857092983,  
2480, 856689.5747554494, 58.917587780539804, 133.63178261587228, 92.91225482936001, 16.472219125430577, -0.209415979141, 0.493222914988, 0.844319906085, -0.872442398718, -0.484178421767, 0.0664493552537, 0.441575824292, -0.722704927356, 0.531703281328,  
2489, 1078720.7340558611, 63.62192504841286, 132.31934425452178, 84.60917746844012, 23.002741771085482, -0.782851340286, 0.477147147341, 0.399342433002, 0.584308320028, 0.784347303727, 0.208286087584, 0.213840048067, -0.396396148972, 0.892828386042,  
2499, 1007853.9138683178, 62.19703173870866, 128.97231756232017, 61.475529037142394, 30.346611065398214, 0.100626174587, 0.27180329954, -0.957077499133, 0.623167752036, 0.732672365418, 0.273593051401, 0.77558772928, -0.623950455815, -0.0956530338129,  
2505, 1406322.5108606722, 69.50223540778956, 126.76602188013999, 76.56814654531654, 34.58958274229533, 0.0590604029239, 0.913152371261, -0.403317016337, -0.978426819096, 0.133077262021, 0.158023422337, -0.197971787083, -0.385283258388, -0.901312366677,  
