# Void_ID, Void_Volume, r = (a*b*c)**(1/3.0), a, b, c, vector_a, vector_b, vector_c 

3, 1402649.042741431, 69.44166682789846, 110.80462937708174, 104.10640294569552, 29.028531337878245, -0.78443967736, -0.0170297504917, 0.619971273674, 0.527528215478, -0.543983396761, 0.652530494248, -0.326141647842, -0.838923150025, -0.435705834131,  
4, 2429966.9394227643, 83.40087080210166, 162.6958817432883, 75.50850609827744, 47.22144989762435, -0.17364415957, 0.59879549457, 0.781851431878, 0.232283126104, -0.746609290717, 0.623393227699, 0.957022599093, 0.289859487851, -0.00944574656217,  
10, 669601.3695313161, 54.27201021477795, 128.33048924954778, 105.6411299332576, 11.791385447360419, -0.882311747182, 0.107867117683, 0.458138260471, 0.300193382731, -0.620727654027, 0.724279719784, -0.362505053412, -0.77657057918, -0.515294306006,  
11, 1833614.406956227, 75.92878803252651, 120.77423555459318, 66.69595365611093, 54.34325143301435, 0.0627518912303, -0.907012644951, -0.416401563453, 0.800747001381, 0.294789937624, -0.521443316627, 0.595706672722, -0.300710749017, 0.744786281761,  
14, 1125159.1042765125, 64.52209245134442, 120.89709305978968, 108.18794588551843, 20.536697009232764, -0.175531569936, 0.54041146031, 0.822887672481, -0.649897366078, -0.691457721712, 0.315467324217, 0.739474192599, -0.47941805624, 0.472584644091,  
16, 2639972.290547111, 85.73738889241797, 123.87485971558853, 76.8198134283855, 66.22993601211974, 0.35727909967, -0.576406995299, 0.734919465458, -0.806372072156, -0.587405467248, -0.0686942377128, -0.471291551151, 0.568075516826, 0.674666199684,  
23, 774818.0371694035, 56.97754126174224, 109.68565681839922, 70.49128873596632, 23.923560874136438, 0.242390318997, -0.969688756853, 0.0308325816262, -0.316606517486, -0.0490208592092, 0.947289432248, -0.917064472293, -0.239375583959, -0.318891962053,  
27, 1296634.8612273193, 67.64614126064501, 102.3695089364903, 82.3371481680987, 36.72507098080451, -0.603652379481, -0.124506287755, -0.787465547854, -0.376188634385, 0.91533926497, 0.143652850173, -0.702912452661, -0.382951973899, 0.599384575695,  
30, 1428227.6382287405, 69.86123754044124, 150.71113589136883, 62.592088963399206, 36.14465090883057, 0.381277601518, -0.26976511906, -0.884225181229, -0.726924367008, -0.678412887825, -0.106474965518, 0.571146526936, -0.683361349632, 0.454762477122,  
33, 2640143.2539534215, 85.73923962392033, 151.1599453159102, 98.61171074435659, 42.28376628864402, -0.99686913325, 0.0739661235154, -0.0279453707332, 0.0674894287256, 0.611821452829, -0.788111468555, 0.0411959729052, 0.787530013669, 0.614897852807,  
36, 1864072.6426543177, 76.34690003799031, 121.86549246079346, 81.89164475973223, 44.59168482675278, 0.782325361301, 0.0590185939164, 0.620067604893, -0.456601287447, 0.731443320907, 0.5064641474, 0.423653506261, 0.679343413799, -0.599174626266,  
37, 1438973.8998360615, 70.03601641182131, 127.4900347529325, 105.60828398417179, 25.51467742660653, -0.636086798947, 0.526866665939, -0.56374205141, -0.647268654991, 0.0333818926466, 0.761530654347, -0.420043893507, -0.849292155601, -0.319790496985,  
40, 1076245.2822271718, 63.57322117434639, 100.07628569627535, 61.32308245847403, 41.86658101810206, 0.36496891198, -0.512156666978, 0.777491634526, 0.515681962146, 0.806498136411, 0.289193481744, -0.775157924042, 0.295391781261, 0.558456702313,  
42, 2705779.342862407, 86.44394715699592, 109.45865097497553, 92.85173518456259, 63.55703841589468, -0.640571542078, 0.30857918101, 0.703169246005, 0.289370952256, -0.751198347259, 0.593266799227, -0.711289358468, -0.583506582758, -0.391902432256,  
46, 988809.7750785733, 61.802785177487415, 95.77600293434917, 76.7975566768502, 32.09371784702962, -0.704624326933, 0.556552352713, -0.440175006767, 0.424555495462, 0.827715351968, 0.366933137493, -0.568557111614, -0.0716712969474, 0.819515732629,  
47, 1436984.378004472, 70.00372431598663, 146.65191503236676, 50.87788000508317, 45.97764177622691, -0.394368863877, -0.897854345702, -0.195782463743, 0.18704847636, -0.287018603164, 0.939485598043, -0.899714436194, 0.333883056387, 0.281133487798,  
51, 3303696.6821224685, 92.3925994239198, 128.392088247996, 93.8567099886602, 65.44974649583436, -0.880235560932, -0.218029988147, 0.421483429732, -0.474427934887, 0.38529747765, -0.791494780978, -0.0101730953679, 0.896665365666, 0.442592058385,  
55, 651263.3239564967, 53.77197698224632, 93.59202538822004, 56.58646919964659, 29.3573310413071, -0.972432768861, -0.230872667482, -0.0327463197141, -0.124881699716, 0.397032027984, 0.909269008507, -0.196924023727, 0.888292395647, -0.414918725432,  
56, 2636139.914864847, 85.69588125871687, 117.4557188939877, 79.0458386189481, 67.78391815218093, 0.308505456191, -0.427832692052, 0.849578466719, -0.313586856833, 0.797470896117, 0.515464308238, -0.898046583826, -0.425440192575, 0.111861413455,  
59, 1366775.4720029884, 68.84454315775264, 115.86310664710118, 92.04728127331535, 30.595139123544733, -0.387753298867, -0.00635071203057, -0.921741312774, 0.921650063745, -0.0183374121707, -0.387588569637, 0.014440886975, 0.999811686155, -0.0129635262097,  
60, 1238755.2277160997, 66.62424445485314, 111.71713045266739, 68.99724822047101, 38.36589630609839, -0.25646802413, -0.950115808028, 0.177493954642, 0.219908927726, 0.121460989227, 0.967929383582, -0.941203599709, 0.287275441748, 0.177788088643,  
65, 1664154.2842120596, 73.51370750867743, 132.2594209670666, 80.69045723998367, 37.226841021103226, 0.459773266792, -0.414232500767, 0.785506192498, -0.751414269629, -0.652879277686, 0.0955261438845, -0.473270682106, 0.634160929163, 0.611436650343,  
66, 754810.0306694047, 56.48281736246119, 109.67799651098703, 84.49348621091816, 19.444926928018113, 0.766861400482, -0.35192739592, -0.536722181814, -0.581094567282, -0.735764671838, -0.347821005045, 0.272493479419, -0.578616847038, 0.768732624518,  
67, 197680.82922897994, 36.13754523369545, 102.96572296269802, 62.12217181346795, 7.377965859546054, 0.93280649754, 0.337526250254, 0.126285662439, -0.2455160724, 0.338679023577, 0.908305222479, 0.263806550982, -0.87827817312, 0.398790113068,  
68, 673867.2066330963, 54.387016773592215, 99.02177989923699, 74.09640994794323, 21.925919637555328, -0.828878941764, -0.0802524527651, 0.553641800919, 0.236367832498, -0.947220475159, 0.216572434069, -0.507040380699, -0.31037544243, -0.804100203381,  
69, 3099401.078200495, 90.44746310555979, 114.62253710627505, 102.07305698660161, 63.24235471459955, 0.531365540723, 0.45805558009, -0.712625952151, 0.33181963088, 0.661456849875, 0.67258498966, -0.779452625048, 0.593851767111, -0.199483543191,  
72, 298751.45625208394, 41.470614805931525, 114.54374225140947, 61.77377606911719, 10.07966049480874, 0.12134841496, -0.898770938703, 0.421290116106, 0.347422107383, 0.436037850889, 0.830161955219, -0.929823876596, 0.0456266625316, 0.365165395647,  
80, 800996.728777989, 57.61214490987819, 140.9154682911543, 47.90964138386507, 28.324388648586698, -0.746413214888, 0.435931749894, 0.502822853573, 0.661670989991, 0.566899831977, 0.490730151416, 0.071125337572, -0.698990765274, 0.711584918626,  
86, 472026.5718091593, 48.30135111338372, 138.0048898717213, 81.90906891069227, 9.968994898123292, 0.305117508706, 0.612208479587, -0.729454647941, 0.641348580482, 0.434130011474, 0.632616101163, 0.703971096136, -0.660856951738, -0.260178371787,  
87, 2383084.509648917, 82.86102058619362, 140.86980955312748, 84.28822265913297, 47.91439521144072, -0.275899808489, -0.805488355835, 0.524469068955, -0.932875209321, 0.0929418943605, -0.348002367962, -0.231566706394, 0.585277979158, 0.77706276941,  
88, 234690.04836747787, 38.2650267899902, 83.23283699559629, 57.236656928398915, 11.760806584414805, -0.670797974763, 0.479834322528, 0.56549898318, -0.0921700754286, -0.810523417337, 0.578408564204, 0.735890449897, 0.335873209519, 0.587923832548,  
89, 3632018.717126003, 95.35712665041302, 142.35503471241003, 98.92353079599695, 61.57253413483066, 0.597317889272, 0.800683763487, 0.0460092386872, -0.205489305803, 0.0973397310383, 0.973806511563, 0.775232535667, -0.591126456564, 0.222674713413,  
90, 2726194.395204794, 86.66080862765679, 120.0267049588632, 98.16250655170768, 55.238857570312334, -0.247687539328, 0.772794753087, -0.58432794941, 0.292958834071, 0.634628163745, 0.715137899514, -0.923485790038, -0.00594671183617, 0.383586538107,  
91, 561821.7461550047, 51.18821420306666, 126.2651628262407, 106.84116802204115, 9.942320652261193, -0.234587596301, -0.233183626692, 0.943712909684, -0.688252302381, -0.645742928852, -0.330643067529, 0.686496487922, -0.727077345322, -0.00900588644074,  
92, 1031808.8002222735, 62.685949157363, 91.88516661056096, 80.85326872601038, 33.15641974474657, -0.584187263225, 0.797888682103, 0.148656962357, -0.794635410215, -0.525013319772, -0.304820568359, -0.165165996252, -0.296200379869, 0.940736694643,  
93, 2648603.742295066, 85.83072738131055, 125.89238039604338, 96.08887346643871, 52.27040100419601, -0.297744340327, 0.0746318396191, 0.951723907611, 0.954608123479, 0.0144370764555, 0.297514539833, -0.00846394660242, -0.997106643915, 0.075542718176,  
97, 1954996.4494664818, 77.56857048755575, 132.23177561577052, 81.89776219887887, 43.097244025739215, 0.21446008616, -0.212993973901, 0.953226331217, -0.225046381304, -0.960450838963, -0.163976559903, 0.950453048659, -0.179353709239, -0.253911892743,  
98, 1281418.5922390514, 67.38048570290235, 152.1773756947822, 104.90517982607061, 19.162642112641787, 0.259375666974, 0.960003399739, -0.105440674656, 0.920446723145, -0.212668425511, 0.327948121876, -0.292407409675, 0.182114286318, 0.938792998209,  
102, 286996.07233520964, 40.919386584519295, 125.17049450326917, 48.95309621975084, 11.181632395958811, -0.918734261912, -0.363636781845, 0.153933904253, 0.0948318676783, 0.175235419946, 0.979948705019, -0.383320065822, 0.914910289857, -0.126510429026,  
104, 1170555.2211604873, 65.37842174634402, 79.51991500974192, 62.72389809707114, 56.02661050512791, 0.24777716896, -0.95538230271, 0.160782866659, -0.718049447778, -0.292508260639, -0.631540899707, -0.650393315685, -0.041031367595, 0.758488603597,  
106, 684792.2885771431, 54.67935931889307, 85.48922065122095, 70.12545545568618, 27.269878247211746, -0.220912243965, -0.437911854543, 0.871453376904, -0.338895795729, 0.872317671658, 0.352436546558, -0.914520322411, -0.217474337251, -0.341112140701,  
108, 517593.65452784556, 49.8081156091803, 109.61262424877289, 64.28926445693165, 17.534819584809398, 0.494361048212, -0.41904778965, 0.761581318048, -0.802775526992, 0.115947800462, 0.584899616029, 0.333404569965, 0.900530431222, 0.279081233997,  
109, 1965686.5772506404, 77.70969795411527, 130.51901491177836, 79.50178612887926, 45.22462658479733, 0.408739979129, 0.804409773624, 0.431110827469, -0.296285125023, -0.329830295527, 0.896340951225, 0.863218833293, -0.494102107111, 0.103519822238,  
110, 397806.7649072767, 45.62412183439508, 95.92672711411507, 55.49595160492661, 17.83949782460409, -0.586529535291, 0.0237187185079, -0.809580463341, 0.779451403274, -0.255090746077, -0.572174991764, 0.22008774197, 0.966626160239, -0.131130668329,  
113, 2019199.601749806, 78.40857256071183, 100.60381441508733, 83.89074822169755, 57.11657109037385, 0.656718260389, 0.696919113273, 0.288140375559, 0.6589479941, -0.716104391176, 0.230178283099, -0.366754233165, -0.0387072408379, 0.929512281771,  
114, 2998111.987568565, 89.45125000909127, 114.70542329222067, 89.73212756978555, 69.53882123099011, -0.461014157807, -0.8841131844, -0.0762221980172, -0.854623782978, 0.465475644041, -0.230110004939, -0.238922865941, 0.0409426669136, 0.97017501625,  
116, 1911358.576229388, 76.98708099117698, 97.31384579972011, 85.60309901483393, 54.77588926504725, -0.761718277705, -0.321281068812, -0.562639973902, -0.608306762338, 0.653574972422, 0.450336139252, -0.223042929283, -0.685286969266, 0.693277449114,  
118, 1456222.4142175466, 70.31473872921954, 123.91348070624191, 69.50170483525581, 40.366871115899286, -0.996721572718, 0.0715903617625, -0.0376951798163, 0.0260901922109, 0.725408936496, 0.687823506956, 0.0765859539933, 0.684585053119, -0.724898542347,  
119, 242697.3826318907, 38.69535432931071, 83.50785866257903, 53.93696762069599, 12.86360244293481, -0.874962643881, -0.152253618429, -0.459629424089, -0.474198562106, 0.0776007361018, 0.876991362246, 0.0978575265899, -0.985290292975, 0.140096192161,  
121, 618168.9615419402, 52.845279021295475, 112.50013072611375, 96.85305518549784, 13.544164939096358, -0.5443239607, 0.12370224773, 0.829704272446, 0.554945269759, 0.794815498032, 0.245568873557, -0.629084392891, 0.594109483172, -0.501285097151,  
124, 3415077.2606556932, 93.4194504154602, 123.54243355661643, 92.89060024355186, 71.04344337790018, 0.720049457756, -0.476430828475, -0.504521995619, -0.598215107943, -0.0577282106981, -0.799253488149, -0.351663849455, -0.87731472082, 0.326575286294,  
125, 1491516.3910512947, 70.8782751639144, 134.33619101285362, 84.6586364455803, 31.309427159264487, 0.497661892113, 0.0368319441446, 0.866588742732, -0.813907542646, 0.36517409666, 0.451887586853, 0.299811862945, 0.930210345577, -0.211711029044,  
127, 464804.1541685046, 48.05373294880188, 131.9700159065576, 50.000173384200515, 16.816461301450868, -0.604950575815, 0.766785577649, -0.214650130983, 0.728886443313, 0.641786700222, 0.238399631235, -0.320560998213, 0.0122355763393, 0.947148846326,  
128, 1627385.2201621877, 72.96824810128076, 115.39954805353199, 66.70441762058154, 50.47113291471722, -0.78568941761, 0.611685565139, 0.0923737433235, 0.603731896484, 0.790746143331, -0.101135226181, 0.13490713926, 0.0236919017162, 0.990574963125,  
130, 1859682.6982888868, 76.2869198842371, 98.59684036418348, 89.55631124179914, 50.279511148541026, 0.148068555873, 0.609147968041, 0.77911132439, 0.913161546505, -0.386710767915, 0.128805170562, 0.379752146467, 0.692382506285, -0.613510205493,  
137, 2803744.712563213, 87.4748660440292, 144.73817287964528, 81.02527364444225, 57.075045434803734, 0.352344699558, -0.8985867035, 0.26152466229, -0.399138132871, 0.108471904168, 0.910451864128, -0.846488017388, -0.425177353935, -0.320440718573,  
138, 3441405.219464807, 93.65890326036266, 104.52156152998613, 89.8921702891, 87.44187238335927, -0.513922251842, -0.829506875456, 0.21863728555, -0.298693964376, 0.411956536679, 0.860856391934, -0.804155354833, 0.377107617874, -0.459482328098,  
139, 3666525.8973076693, 95.6581657899072, 106.48138082223271, 91.88399657347375, 89.46488258057818, 0.351393525487, 0.0931961207146, -0.93157773338, 0.662959421809, 0.677818039453, 0.317879710625, 0.661065348722, -0.729299107689, 0.176395624218,  
140, 2202840.2964461627, 80.71696076221558, 96.09875287202932, 89.98023951801787, 60.817632027347294, 0.753924581883, 0.652125861323, -0.0795586942268, -0.407552613715, 0.559244403684, 0.721904816442, -0.515265554726, 0.511837433119, -0.687403702471,  
141, 3664463.453063497, 95.64022631597837, 109.93073526100909, 94.57661480172123, 84.14317347636708, 0.484036932485, 0.26490510454, 0.833986530814, -0.438349184911, 0.898273043404, -0.0309116738633, -0.757336279389, -0.350614924214, 0.550918265117,  
142, 3518518.2867452973, 94.35329425452326, 98.60707436388813, 92.96675377318515, 91.62953088607364, -0.952024612909, -0.0986696000827, -0.289678177352, -0.234305878476, -0.373878470128, 0.897393807025, 0.196849921834, -0.92221429158, -0.332822638472,  
143, 3475990.6298257257, 93.97160891174357, 108.53405331127944, 104.32496112821325, 73.28848323745014, -0.575601516911, 0.62412623205, 0.528345852825, -0.748007693987, -0.140802503341, -0.648582411718, -0.330404878092, -0.768531783026, 0.5478973581,  
144, 3297300.8041139944, 92.33293761618683, 102.39042811348658, 91.80482290275302, 83.74234212397093, -0.0872002315111, -0.615315480869, 0.783443028322, -0.970057923314, -0.126503559183, -0.207326975888, 0.226679829365, -0.778064077385, -0.585860517907,  
145, 3001074.5284089185, 89.4807036279102, 96.23294327996183, 90.40573391357891, 82.35091452585367, 0.924508383018, 0.200143436498, -0.324386890236, -0.243958304326, 0.964602083301, -0.100135741082, -0.292862758781, -0.171713207758, -0.940609365678,  
146, 3231751.752354188, 91.716990230266, 95.89560923337399, 90.97663581004288, 88.43430923528615, -0.0291726301547, -0.412138189151, -0.910654199295, -0.999267976017, 0.0345807685966, 0.0163610070128, -0.0247481263343, -0.910464872187, 0.412845306085,  
147, 3670654.3206531988, 95.69405528366083, 103.4124938326009, 95.85398475912605, 88.40395500108886, 0.651779067293, 0.235113295193, -0.721044926383, 0.675260068323, 0.252916246229, 0.692861611379, -0.345264952707, 0.938485541081, -0.00608289529457,  
148, 3360889.19302902, 92.92270883411935, 103.42873351246696, 94.1097456099202, 82.43085009614042, 0.252152304995, 0.7720493816, -0.583402920336, 0.449816174324, -0.627304290029, -0.635731654889, -0.856787385763, -0.102122867577, -0.505456521885,  
149, 2075722.2792072818, 79.133470461504, 113.00998199823319, 67.35407004570106, 65.10284796297114, -0.646544505252, -0.701120258464, -0.300683531142, -0.754332904261, 0.646373132944, 0.114820044233, -0.11385109696, -0.301051750001, 0.946787078251,  
150, 2984456.657456423, 89.31523712967409, 102.34167532531903, 85.35205450639019, 81.56618786572704, -0.121213579095, 0.308938907653, 0.943326040975, 0.26359993515, 0.92622991292, -0.269468407425, -0.956986072225, 0.215997453109, -0.193707918833,  
151, 2355254.744018298, 82.53720523922084, 113.93135428438316, 79.71102904339787, 61.91382030442694, -0.0355030069304, -0.451727384026, -0.891449329474, -0.996872698082, -0.047008050817, 0.0635221770438, 0.0706000022443, -0.890916726569, 0.448645768957,  
152, 2566160.7816767427, 84.93077453694835, 115.92926052477226, 80.49315304359504, 65.65128768203802, -0.297531216811, 0.705178983363, 0.643581988908, 0.9286424324, 0.370220684172, 0.0236617361462, 0.221581605214, -0.604697648776, 0.765011337038,  
153, 3093861.951751057, 90.3935496047543, 100.15357786422315, 92.2209314791661, 79.96802113070686, -0.971182735896, -0.183070422104, 0.152608368214, -0.214751080636, 0.9498837208, -0.227162695716, -0.103373434034, -0.253389300307, -0.961825241728,  
154, 2693542.1511317086, 86.31343270869883, 97.74580253843135, 90.62213046507006, 72.59434352258779, -0.635288361294, -0.00834411703214, 0.77222993578, -0.752208346283, -0.219779609806, -0.621192020953, -0.174903692888, 0.975513863984, -0.133346913685,  
155, 3487885.4502363633, 94.0786769816317, 106.91773786180262, 92.98797153960554, 83.75236288121093, 0.176305952784, 0.562262833119, 0.807945986751, -0.399139186733, -0.709459583227, 0.58082270047, 0.899780040136, -0.42488540368, 0.0993391821587,  
156, 3551190.5005097874, 94.64444314245281, 117.84091828417256, 100.38586221051385, 71.66658154560749, -0.387370881947, 0.666014199451, 0.637470694189, -0.847089701853, 0.0157607242573, -0.531216186298, -0.363844522886, -0.745772542871, 0.558068523987,  
157, 3403378.364724713, 93.31265392657804, 101.65534015028767, 92.97760530853573, 85.96329821677148, 0.428587756156, -0.268586217515, -0.862655191275, 0.731485118992, 0.66358017461, 0.156814771489, -0.53032259613, 0.698228326284, -0.480869159345,  
158, 4100341.333624354, 99.29113319910223, 103.68148378055695, 102.02155192123296, 92.54187030465138, 0.787364203053, -0.0889554859247, -0.610036501592, 0.498696782354, 0.673654408834, 0.545427590729, -0.362435002477, 0.73367340076, -0.574773181348,  
159, 3403445.059319681, 93.31326345906211, 109.42403986904223, 94.62039460580773, 78.47523691429953, 0.770740549971, -0.537034315542, 0.342860246398, -0.529467425806, -0.240499207605, 0.813525891507, 0.354433702743, 0.808550725107, 0.469704668157,  
160, 3762113.380130707, 96.48232421222842, 102.91300538381824, 97.76378624681094, 89.26783389316138, 0.337881885867, -0.495771471094, -0.800029049255, -0.174338626445, -0.868277725688, 0.464434962513, 0.924901007964, 0.0174481954337, 0.379807432713,  
161, 2940961.178432574, 88.87921854170118, 107.67619389496842, 89.82548612286037, 72.59077120205095, -0.628858592394, 0.46888263739, 0.620230556428, 0.735391307191, 0.0996699708661, 0.670272722268, -0.252460880298, -0.877618920296, 0.407490533212,  
162, 3162654.231129562, 91.05861382069173, 103.07591798769003, 88.46957367244137, 82.79649620278781, 0.685473273739, -0.688265825758, -0.237521670768, 0.470714274681, 0.170033962232, 0.865746223381, -0.555476788536, -0.705250738945, 0.440530285697,  
163, 3376328.4305555387, 93.06478081190943, 98.14949721268644, 91.50936974522529, 89.74338221682282, -0.372546584286, -0.907458376598, -0.194237836889, -0.915636568856, 0.393506127682, -0.0822350366392, -0.151058651892, -0.147214884503, 0.977501438091,  
164, 3523669.2292437702, 94.3993147080219, 104.56094021641326, 95.81766478978889, 83.96367957060873, -0.0218483560469, 0.527330379061, 0.849379373812, 0.789446096802, -0.512184626637, 0.338292430421, 0.613430933017, 0.677930364828, -0.40510851739,  
165, 3114865.90664067, 90.59764636946466, 111.39756806003653, 100.38936720012953, 66.49474417163155, 0.151715500129, -0.972803104414, 0.175032931366, 0.272220419443, -0.129111149102, -0.953533614728, 0.95019916347, 0.192313367241, 0.245228706561,  
166, 3651467.5575120766, 95.52703078759784, 101.67862481694088, 93.12127675991559, 92.06620704536098, -0.758347877568, 0.565415360813, 0.324367024132, 0.639648294119, 0.74130825077, 0.203253873691, 0.125533088937, -0.361617957375, 0.923836509609,  
167, 3277210.689679583, 92.14503043624917, 106.16109955833859, 91.74085837205872, 80.33180884019639, 0.219372625424, 0.35977479128, 0.906883537602, -0.927536918317, 0.365178819487, 0.0794965090873, 0.30257381971, 0.85860731965, -0.413814637572,  
168, 2752953.48612178, 86.94342704797499, 111.07361201731635, 84.99222653927293, 69.61777880404026, -0.916846486112, 0.209162226337, 0.340064235076, 0.398011847109, 0.412101144714, 0.81960918497, -0.031290421304, -0.886805395563, 0.461082530503,  
169, 2506844.0793385245, 84.2712762347485, 115.50233072813427, 78.53880356614778, 65.97261277552288, -0.842499993519, -0.172883562004, -0.510200975018, 0.088749459118, -0.978706713989, 0.185085659894, -0.531335387893, 0.110654606687, 0.839903722811,  
170, 3654186.560602561, 95.5507357632554, 102.61418743094792, 94.617444881349, 89.8511169825929, -0.227459989097, 0.489396684706, -0.841874597763, 0.174927523825, 0.871008049754, 0.45907008035, 0.957946926906, -0.0428469632872, -0.283728431724,  
171, 3155927.2861302895, 90.99400763339953, 106.66241996134728, 95.30343207137169, 74.1170978332442, 0.68054780268, 0.635683050609, 0.364364854831, -0.385882203216, -0.111779405401, 0.91575121609, -0.622856013465, 0.763814390868, -0.169227547386,  
172, 3628175.7015948184, 95.32348252827056, 105.68037044135923, 97.33591241352394, 84.20391224626188, 0.613114648322, -0.424176426577, 0.66645689069, -0.680795414873, 0.144266233982, 0.718125933817, -0.40075931817, -0.894014324756, -0.200325624999,  
173, 3523785.595248038, 94.40035384737958, 102.55809193429062, 91.64397055195843, 89.5049464727214, 0.190215095115, 0.955883152163, -0.22384283996, 0.866610594136, -0.270621979097, -0.419225264698, 0.461307159842, 0.114241602932, 0.879854851915,  
174, 3187438.736508704, 91.29585894629248, 95.83118035418394, 91.75068769602305, 86.54402139682814, -0.885666352247, 0.22707500181, 0.405008711078, -0.382317559745, -0.851622950342, -0.358568869203, -0.263492686819, 0.472414324512, -0.841068552491,  
175, 3478094.1130142426, 93.9905606161024, 106.53929819759702, 99.27411798217231, 78.50672328916134, -0.418273877608, -0.334647689818, 0.844427549888, -0.885209171699, 0.358560700986, -0.296376358788, -0.203596870434, -0.871461500818, -0.446209779074,  
176, 3340174.9629529393, 92.73141120558084, 101.27962180081022, 94.7961313221395, 83.05540918554698, -0.519714527298, 0.736248581346, -0.433399165413, -0.445660672047, 0.199170540557, 0.872764378951, -0.728891881904, -0.646737289972, -0.224605214219,  
177, 3674963.981869031, 95.73149163031076, 102.75295449847111, 95.71772944962176, 89.20265308196993, -0.113760780072, -0.963182726077, -0.24359294141, -0.0149826036424, -0.243493552045, 0.969786786722, 0.993395191505, -0.113973357852, -0.0132690314031,  
178, 3229911.418539938, 91.69957739032726, 101.54186892480223, 90.36150777379319, 84.03754968463782, -0.431213363924, 0.115194290166, 0.894866085114, -0.867537899051, -0.325398384456, -0.37615672944, -0.247856870962, 0.938534052076, -0.24025154445,  
179, 3230732.1832457623, 91.70734410511946, 99.76533565285074, 90.40681370668219, 85.51287685342862, 0.873668130939, 0.471453276868, -0.120149093682, 0.48652190948, -0.846939511851, 0.214452546877, 0.000654658794418, 0.245815522285, 0.969316408829,  
180, 2880042.607839941, 88.26125555350733, 104.96777217377954, 82.69980363350128, 79.20449792113054, 0.331567966308, -0.616710716231, 0.713954183547, -0.648651999659, 0.400496811695, 0.64718844795, -0.685064425479, -0.677694766327, -0.267238725928,  
181, 3393008.5932898675, 93.21778590464906, 98.12613493720022, 95.86747327447536, 86.10738024107394, -0.0861808407195, -0.798572373824, 0.595697092873, 0.858797017049, -0.362633346449, -0.361890507684, 0.505015392044, 0.480394858223, 0.717063619208,  
182, 2848800.3155194013, 87.94094600913591, 121.4923038495828, 99.90895328685221, 56.029948436750985, -0.817622156885, 0.442454197943, -0.368413207273, -0.240867282722, 0.318333185815, 0.916868002999, -0.522950246854, -0.838390282346, 0.153703525606,  
183, 1979247.2820938851, 77.88798752328746, 96.03340263219663, 92.33126292238711, 53.289341667057094, -0.717730953102, 0.694522642638, -0.0500057778779, 0.467903075392, 0.534229313832, 0.70403533454, -0.515683033459, -0.481910094421, 0.708402195012,  
184, 3651082.7567282375, 95.52367504390766, 104.18350796638751, 100.57785197318962, 83.18245522692663, 0.0496393192269, 0.552993671437, 0.831705439045, 0.932231473581, -0.324507445534, 0.160123069722, 0.358441651669, 0.767393586853, -0.531626433885,  
185, 3423233.4929147167, 93.4937625409098, 105.50938498481644, 96.9921729984868, 79.85831317685418, 0.518902521778, 0.333253668269, 0.787198936405, -0.590320022295, 0.805739507917, 0.0480220434683, -0.618273761509, -0.489618053146, 0.614826575437,  
186, 3528130.3148917384, 94.43913549393629, 97.80911029972405, 96.19282929412289, 89.52287095841534, -0.605858480913, 0.0828452528855, -0.791247221278, -0.79423885314, -0.120545993923, 0.595527755451, 0.0460450352268, -0.989244826837, -0.138832731398,  
187, 3016511.752535769, 89.6338678727973, 98.85053801275899, 92.98088527764052, 78.35084744882747, -0.759245463493, -0.60874537091, 0.230163853722, 0.160169654929, 0.168000433529, 0.972687789568, 0.630786816448, -0.775374056652, 0.0300510310236,  
188, 3577422.6700395923, 94.87691361921395, 106.21414451115419, 93.34759250220871, 86.13827459361305, -0.399698710933, 0.62042693551, 0.674767632724, 0.113006858674, -0.697158599413, 0.707954332677, 0.909653994864, 0.359221804679, 0.208540894482,  
189, 3723617.855867954, 96.15211279547087, 100.00601024255509, 97.30962609041549, 91.3470632758417, -0.125600688353, -0.381436101226, 0.915822563473, -0.854265255625, -0.427795583198, -0.295333391321, 0.504435664994, -0.819449473536, -0.272116188794,  
190, 3655239.8301103096, 95.55991528076378, 104.97074053026175, 93.28630505121342, 89.11301048166641, 0.148647163367, 0.590693233946, 0.793086076156, -0.824052526814, 0.517338480606, -0.230864309792, 0.546663931382, 0.619227260265, -0.563663149648,  
191, 3582959.3795429072, 94.92583479221742, 111.95159192509928, 90.24378832387336, 84.66534522151643, 0.789515066803, -0.540547302648, -0.290645097828, 0.286560280508, -0.094100947153, 0.953429712868, -0.542723838546, -0.836034464209, 0.0806052710971,  
192, 2895772.7182938857, 88.42165124890764, 103.48360835730148, 87.83364536383745, 76.0577356297267, -0.519489730353, 0.266943998207, -0.811708889861, -0.013500198555, 0.947265860886, 0.320164228856, 0.854370039676, 0.177280260099, -0.488491089665,  
193, 3493300.6681547044, 94.12734000058558, 100.92715950938458, 94.93787476076857, 87.03617594173726, -0.061200430293, -0.864440440821, 0.498996224038, -0.157049190217, -0.48536631099, -0.860090167371, 0.985692679888, -0.13100484124, -0.106055044139,  
194, 2807879.6422391855, 87.51784722225376, 130.0231058461337, 94.22311276606253, 54.71569191436673, -0.523489053737, 0.69837207831, 0.488093895531, 0.838467294648, 0.524063411041, 0.149432717346, 0.15143251442, -0.487477159921, 0.859903606302,  
195, 4166478.8460611044, 99.82213567898395, 109.49000915795158, 101.0667161359155, 89.88721504041328, -0.970136888989, -0.203110169956, -0.132592139599, 0.218772566827, -0.96877410213, -0.116684630722, -0.104751995812, -0.142207587362, 0.984278426803,  
196, 3427278.8248557625, 93.53057611893185, 101.9497999571497, 93.9651988167407, 85.40974268367768, -0.655138760043, 0.50448048175, -0.562399011933, 0.0648741701375, 0.779212391435, 0.623393448059, 0.752718106026, 0.371924041395, -0.543219992539,  
197, 3253966.6845404278, 91.92666350627171, 105.75565682344917, 89.08700851587963, 82.45300916932744, 0.199592818242, -0.97941117527, -0.0302730352342, -0.932752956606, -0.199368766253, 0.300373129601, 0.300224297568, 0.0317150563411, 0.953341243392,  
198, 3724192.2547174715, 96.15705662747082, 115.2638077262112, 93.15885095447504, 82.79924900332935, 0.265585004568, 0.899757761359, 0.346266625914, -0.483210102295, -0.18656321282, 0.855395911063, 0.834249724236, -0.394499858676, 0.385223648178,  
199, 3000370.317651663, 89.47370411236378, 110.33964151774614, 86.61996757510607, 74.94396489266242, 0.740114783112, -0.293136779671, -0.605228003502, -0.429713508332, -0.898435308399, -0.0903343643334, -0.517277883323, 0.326932447192, -0.79091008743,  
200, 2591193.5062490725, 85.20604603350594, 98.84729862829052, 88.76022524838224, 70.50631818280621, -0.917445427902, -0.228115914916, 0.325970882415, -0.105195542482, 0.929231406324, 0.354207412885, 0.383702729548, -0.290675287672, 0.876515882614,  
201, 3340679.302690128, 92.73607820480504, 98.95790755761611, 93.17383055971109, 86.49713501693189, -0.871838068397, 0.421052209286, -0.250226736281, -0.397027307802, -0.308353871809, 0.864457752929, -0.286823463743, -0.85301402497, -0.436003869078,  
202, 2908285.3849083507, 88.54882523550332, 105.31513346946285, 99.19160552621281, 66.46342370767731, -0.647154661558, -0.100956354032, 0.755644531909, 0.720734390284, 0.242019185167, 0.649591142699, -0.248460827267, 0.965004937081, -0.0838611275992,  
203, 3578766.4353719754, 94.88879147648737, 105.14170738540187, 91.03189404923897, 89.2639584814752, 0.100619875081, 0.727432498494, -0.678761814537, 0.839318280638, -0.428397299732, -0.334694752527, 0.534247568572, 0.53602025495, 0.6536526767,  
204, 3141845.2029055557, 90.8584641831297, 100.11225720860762, 90.61807161095179, 82.6787886549166, -0.56060782577, 0.828035859147, 0.00868801772354, -0.0320838885334, -0.0322033341754, 0.998966250363, 0.827459660516, 0.559749552242, 0.0446200513611,  
205, 3657006.368655442, 95.57530716511977, 102.66164324634725, 95.25688450585261, 89.27554756849395, 0.163819634283, -0.922575024893, 0.349311395274, 0.874572745338, -0.0279917268713, -0.484085711769, 0.456383216755, 0.384800970206, 0.802273377841,  
206, 3685689.218626042, 95.82453070026853, 109.1672054825852, 96.99483994516766, 83.09775273570207, -0.488370619089, -0.184603445875, 0.852886690119, 0.603670403357, 0.634297744096, 0.482957985693, -0.630139811884, 0.750724942709, -0.198332745338,  
207, 3313491.036235283, 92.48381371362785, 99.27438018005368, 93.84125038944431, 84.91144284402516, -0.606769593495, 0.693589758917, -0.388283281555, 0.349109358715, 0.671381507156, 0.653735059107, -0.714110156816, -0.261113228645, 0.649512560124,  
208, 3475149.2912829896, 93.9640265825057, 105.50059973969438, 91.29991615278186, 86.1310119998317, -0.888729597261, -0.306138833619, 0.341231178973, 0.00728996896837, 0.734812722443, 0.67823087462, -0.458373820484, 0.605251416757, -0.650818072282,  
209, 3804134.1699196356, 96.84021363770563, 99.74669748598417, 97.45775898011368, 93.42266897154661, -0.220642692993, -0.974280526055, 0.045763070042, 0.226370136287, -0.00551433381988, 0.97402574582, 0.948721963183, -0.225271056004, -0.221764712929,  
210, 3389443.755792907, 93.18512828966199, 104.86606169245547, 93.17801049855571, 82.81164866068144, -0.690921980509, 0.6950578297, -0.198799975408, 0.722400392328, 0.674315899156, -0.153087364957, -0.027649412528, 0.249384605617, 0.9680097254,  
211, 2763732.2120460556, 87.05675006133548, 105.08206370069644, 82.19506525295562, 76.3893849344889, 0.79934621915, -0.550366561872, -0.241127081648, -0.377111957182, -0.771930723845, 0.511770973518, -0.467795033836, -0.318150287062, -0.824589716866,  
212, 3126149.009250322, 90.70690636861707, 103.8205053721986, 86.46051893537087, 83.14192762309152, 0.822340165356, -0.494674381123, -0.281165270088, -0.454153804772, -0.272941128279, -0.848084584287, -0.342784150821, -0.825106294458, 0.449108704871,  
213, 3744156.3272711514, 96.32857179558088, 100.33183081647437, 95.93864401315102, 92.8609347240673, -0.570910628204, -0.540613295554, 0.617898308198, 0.00173732707569, 0.751808321431, 0.659379427585, -0.821010375268, 0.377520214688, -0.428276138961,  
214, 3110397.917934204, 90.55430764353393, 102.49906202341796, 88.40911923020033, 81.94272232623585, -0.371229917832, -0.731368562535, -0.572091228601, -0.907899603957, 0.415088129261, 0.0584820834184, -0.194696320563, -0.541111698896, 0.818102360391,  
215, 3114576.9424377447, 90.59484472010021, 96.7338525361607, 90.42578102726769, 85.00406640742989, -0.302245552862, -0.129868043455, 0.944342055118, -0.0834365025378, 0.990477826984, 0.109508101515, 0.949571469569, 0.0456942615929, 0.310203253752,  
216, 3897224.840712761, 97.62377955591553, 111.96153031802446, 99.10218847152363, 83.85226183265284, -0.184613265053, -0.0946680236479, 0.978241231837, 0.135680301179, 0.983364439828, 0.120769343597, 0.973400636038, -0.155023687801, 0.168697534013,  
217, 3433507.4382482907, 93.58720153258886, 101.67085473799706, 97.07944405791419, 83.04732115056242, -0.0698567541157, -0.0918855847766, 0.993316200016, -0.174329976308, -0.979301330643, -0.102849225379, 0.982206237643, -0.180349502664, 0.0523924004427,  
218, 3617258.983395629, 95.2277810768538, 113.84223557758614, 98.33778368084789, 77.1377848103905, 0.132189004518, -0.979461998634, -0.152250649645, 0.587003903731, 0.201121722336, -0.784204354623, 0.7987192774, 0.0142914672889, 0.601534097016,  
219, 3345920.9105620133, 92.78455458818294, 102.02414113745708, 97.99396341547497, 79.89595477296476, -0.76805045103, -0.101161369073, -0.632348702916, -0.632939461235, -0.0302640495608, 0.773609543449, 0.0973968330283, -0.994409606104, 0.0407847055238,  
220, 3677369.477475519, 95.75237450674095, 112.70715292500444, 102.08015381098275, 76.30550355946545, 0.632790655348, 0.422496966279, 0.648900839874, 0.350829298135, -0.903508732044, 0.246151934159, -0.690286020483, -0.0718907824805, 0.719956196807,  
221, 3469316.6444714186, 93.91142779813333, 105.52802874303056, 95.46152087495291, 82.21653235362496, -0.0126888870805, -0.580304158583, 0.814300973643, -0.999205068302, 0.0381376379948, 0.0116082750124, 0.0377918460153, 0.813506363896, 0.580326780594,  
222, 3480156.061430046, 94.00913069076337, 100.8752356797421, 95.57505740413856, 86.17493813815936, -0.0970357085959, 0.947128896805, 0.305828259148, 0.278228793194, -0.269213908146, 0.922015515216, 0.95560075863, 0.174558656323, -0.237395167617,  
223, 1898913.454848251, 76.81962582695705, 132.8323152935561, 71.3161606958363, 47.854729418230704, 0.27927396002, -0.26028946949, 0.924259404782, -0.819764481309, 0.436582991666, 0.370650086432, 0.499992250378, 0.861187948976, 0.0914498009869,  
224, 3383509.5762300566, 93.13071421738954, 102.23098155899517, 94.49137322664106, 83.6188344096029, -0.939489688028, 0.108428050105, 0.324965358215, 0.225677760977, -0.517783930267, 0.825208670433, 0.257737607442, 0.84861249078, 0.461982863538,  
225, 3624164.6886000554, 95.28834230527495, 114.34928580141779, 100.7391445097081, 75.10824259999882, -0.866251208199, 0.449356516723, 0.21837482724, 0.496234168753, 0.72314265987, 0.480433495126, -0.0579697684679, -0.524541146484, 0.849409260362,  
226, 2858519.641073237, 88.04084262015338, 117.15669203236736, 93.85923998069721, 62.05952360111912, 0.321297205716, -0.685877074292, 0.652947734937, -0.443450613374, 0.500261520508, 0.743700184616, -0.836731533467, -0.528498864767, -0.143419980627,  
227, 3463449.4901885553, 93.85845831457809, 115.9436510698693, 96.39421579620141, 73.9813585831878, -0.572013500729, 0.0127756015684, 0.820144706127, -0.813016748106, -0.141272492893, -0.564841437972, -0.108647698007, 0.989888310243, -0.0911965512588,  
228, 3404031.699611983, 93.3186245147284, 103.45845727000432, 89.72995346954278, 87.53899287393575, -0.22042467649, 0.69229162603, 0.687128275159, 0.957075383194, 0.0175839612396, 0.289305228419, -0.188201150044, -0.721403568633, 0.666451212232,  
229, 3164959.8658083323, 91.08073626221059, 103.26189099447974, 92.02878082575779, 79.50892019955731, 0.0910969604467, -0.190470717347, -0.977457032115, -0.0300975394437, -0.981616451068, 0.188476208347, 0.995387101542, -0.0122494418817, 0.095154974945,  
230, 3213243.260158119, 91.54156481268775, 102.3793007446062, 87.79705162812448, 85.34201744911057, 0.849247952357, 0.173975649531, 0.49850816321, 0.367857980703, 0.482333863312, -0.795006006478, 0.378759054612, -0.858537429395, -0.345622714642,  
231, 3617018.0653280113, 95.22566689753945, 101.83008400596297, 97.16296588007009, 87.27406473514033, -0.567361522084, 0.417130102761, -0.71000238072, -0.806468687192, -0.455757012226, 0.37668793767, 0.166460685561, -0.78631292955, -0.594981358519,  
232, 3583430.3173202653, 94.92999357070627, 98.49544425074762, 94.08605167168281, 92.31429711472404, -0.936708515775, -0.138946114489, 0.321358263847, -0.335636420176, 0.0951898380042, -0.937169722191, -0.0996260504382, 0.985714396775, 0.135800508338,  
233, 3365124.6290485845, 92.96172658155805, 115.04264283882071, 87.26198707658213, 80.02553671460115, 0.206605516891, 0.830874818117, -0.516682878572, 0.817796289246, 0.143262628519, 0.557391288562, -0.537143732799, 0.537701456097, 0.649887493668,  
234, 3622223.2726161317, 95.2713243742896, 103.3015146372296, 98.32871956148281, 85.13331293287077, -0.256211141946, 0.350790936188, 0.900722804103, 0.841091750783, -0.37830925962, 0.3865834591, 0.476361750676, 0.856637509787, -0.198120315262,  
235, 3317555.3026587004, 92.52161123868648, 103.20568114946016, 95.27518324402217, 80.54640558479956, 0.216019842559, 0.838158319519, 0.500825377794, -0.927396002124, 0.0156909793199, 0.373751854059, 0.305404785269, -0.545201269798, 0.780694237551,  
236, 3484925.8457469456, 94.05205966384025, 102.81746808469909, 94.21270497485331, 85.88722161755221, 0.600814344719, 0.306635025413, -0.738239178295, 0.644443121535, 0.360629345036, 0.674269633459, -0.47298539754, 0.88086402849, -0.0190624506753,  
237, 3533395.429890932, 94.48609008697711, 105.0747471597085, 96.19170372509087, 83.45794044956232, 0.47722091708, 0.214576441572, 0.852183751913, 0.739470429008, 0.42589603691, -0.521340627965, -0.474809099454, 0.878959337209, 0.0445735640108,  
238, 3582008.1521625873, 94.91743353917846, 101.03807356229031, 98.02707668295689, 86.33896773185856, 0.202384908691, -0.484217667905, -0.851218890076, -0.0359618494927, -0.872294657678, 0.487656411388, 0.978645540589, 0.0680828926811, 0.19395263754,  
239, 3126734.0369939315, 90.71256431461686, 100.14116468405824, 96.53237579472875, 77.21767108186282, -0.788477600209, -0.356686771366, -0.50107646233, -0.5321562252, 0.804109744594, 0.264985415881, -0.308403673696, -0.475586023534, 0.823835607551,  
