# Void_ID, Void_Volume, r = (a*b*c)**(1/3.0), a, b, c, vector_a, vector_b, vector_c 

3, 2332535.1113706483, 82.27095277035652, 147.88280685807487, 86.26403140324882, 43.650793737000924, 0.703590905024, -0.709662798447, 0.0365862114615, -0.546547700484, -0.573339337864, -0.610383170437, -0.454142543111, -0.409463937555, 0.791260914224,  
7, 289600.2232919654, 41.04277918117884, 114.43769513833085, 73.77503855424511, 8.189016303413306, -0.0530667836369, 0.881727009109, 0.46876582414, -0.812275454307, -0.311167943066, 0.493338724954, 0.580854975708, -0.35458707339, 0.732717888808,  
22, 792971.9681765942, 57.41910365263203, 135.61466655638935, 78.0457191019634, 17.88601039664155, -0.181860730696, -0.787518997109, 0.588846757504, 0.208164898909, 0.554427760638, 0.80577740915, -0.961038006269, 0.269116494155, 0.0631051747549,  
26, 579245.7137695838, 51.71200854367215, 108.67090426075457, 50.90339066707868, 24.998515935345026, -0.977325544894, 0.114902156554, -0.177854642104, -0.0699999675062, 0.617403415199, 0.783526022191, 0.199836893109, 0.778209815744, -0.595360981953,  
34, 756540.152355113, 56.52593972625375, 118.87020665352951, 88.8633293516959, 17.098096940981904, -0.162779135516, -0.891997080053, 0.42171573627, -0.818351501146, -0.116712058935, -0.56274249517, 0.551183974379, -0.436714442715, -0.710968861422,  
54, 788296.6373583943, 57.30603423476866, 101.66743586406957, 67.6376355519058, 27.36722589412675, 0.101237967803, -0.941145584976, 0.322483893791, 0.814680691409, -0.107620293878, -0.569836154864, 0.571004592731, 0.320410455862, 0.755837876039,  
70, 1157869.1718247964, 65.14138087815981, 129.91704890188242, 115.49092488235294, 18.42285252202912, -0.556889718514, -0.22731406567, 0.79887555787, 0.760061539459, 0.248385526406, 0.600509022835, -0.334933273427, 0.941611887043, 0.0344493328112,  
71, 1595735.1346652508, 72.49210865015331, 111.08561885494555, 62.46304162700024, 54.902387531847374, -0.645941745204, -0.330824356203, -0.687978565906, 0.0123897466934, -0.905643470602, 0.423858936834, -0.763286156025, 0.265264301217, 0.589091753906,  
96, 822931.0648736347, 58.13329629551736, 102.20285983902441, 72.10791958605674, 26.658077942338526, -0.330711706124, -0.888331062395, 0.318587022674, 0.201741027607, 0.26323273041, 0.943402929517, 0.921916658496, -0.376266465719, -0.0921586760011,  
102, 3187344.8515841607, 91.29496257466067, 117.25733528697556, 99.92377859783038, 64.94288473065426, 0.358403682776, -0.885705391016, -0.295080938891, 0.148295251738, -0.25805287334, 0.954681744286, 0.921713251768, 0.385920555147, -0.0388588037707,  
128, 418884.6437277351, 46.41609603884655, 83.19650749617094, 64.26401910602773, 18.70392927573431, -0.467736929053, 0.149789292244, 0.871082850899, -0.700899256111, 0.537562405517, -0.468793017182, -0.538481566986, -0.829813128424, -0.146450585223,  
137, 1299541.2820905754, 67.69664672548403, 107.53265954083683, 72.92379485989208, 39.563237493292576, 0.418582979118, -0.719133070072, 0.554649364123, -0.632489947909, 0.207433122666, 0.746276065149, -0.651724447437, -0.663188606016, -0.368016463576,  
138, 2530588.1836383147, 84.53650500879982, 133.21850021772048, 115.07015781096659, 39.40992585302166, 0.033420071454, -0.106230892126, 0.993779702138, -0.80452569653, -0.592806691037, -0.0363129547778, 0.592976814426, -0.798307725517, -0.105277124454,  
141, 1243927.2590137355, 66.71683854008289, 141.27196462787916, 83.10084672322449, 25.29559748303174, -0.952574643587, -0.00493364808758, 0.304265028406, -0.300384507115, -0.144737264763, -0.942772651319, -0.0486897964626, 0.989457822904, -0.136391056946,  
143, 2763521.0589780356, 87.054532918402, 124.36371603157058, 103.58017662533237, 51.21578473493468, 0.546982413597, 0.0290242548465, -0.836640802165, 0.288657387127, 0.931568327098, 0.221037021345, -0.785803507292, 0.362405911346, -0.501173426419,  
149, 1791637.7105191334, 75.34490018544727, 90.00766113649787, 82.0324582705469, 57.929046841623, 0.552259016533, -0.0338265851144, 0.832986038777, -0.605678477286, 0.670301212613, 0.428777175841, -0.572855619515, -0.741317777009, 0.349691853894,  
157, 3490382.1887986585, 94.10111979014182, 129.85134957984314, 107.09806438221251, 59.91785877497631, 0.727581864724, 0.581434277851, 0.364086268163, -0.612614111562, 0.31181556169, 0.726274745398, -0.308753267901, 0.751468719261, -0.583066191382,  
166, 733747.6281156515, 55.952483395734845, 140.40581819374972, 54.19355125569848, 23.021063646845313, 0.644343007908, -0.295030174784, -0.705534750475, -0.555692417479, 0.453195902865, -0.69700746824, -0.525383693425, -0.841172199727, -0.128067580169,  
185, 2448249.5345065645, 83.60951235063466, 110.5792990442026, 97.56989257447813, 54.17231708364869, 0.965360832539, -0.0592380612141, -0.254104929318, 0.131392808586, -0.731018447578, 0.669587902484, 0.225420480107, 0.679781495339, 0.697913121917,  
193, 1446437.1884219476, 70.15688910016316, 132.84051566516416, 77.79425464811895, 33.414340426074205, 0.413084847521, -0.217077580621, 0.884442328668, -0.449886378003, 0.795755321587, 0.405432750347, -0.791810050224, -0.565376681654, 0.231054219191,  
207, 1872349.8954470472, 76.4597371159152, 129.7582709269996, 108.29622284945987, 31.809001902920418, -0.523976483906, 0.831738858642, 0.183464207242, 0.291995977874, -0.0269317075572, 0.956040287872, -0.800116862227, -0.55451343911, 0.228752819933,  
219, 3840211.295389175, 97.14538425795705, 135.72196423319102, 97.44406508775258, 69.32038751867351, 0.903097844954, 0.333859529458, 0.270096458751, 0.274485722205, -0.932475128366, 0.234835523897, 0.330260307553, -0.137941834004, -0.933755952959,  
227, 2814464.144408501, 87.58620385526892, 100.88731776729253, 87.78304711190789, 75.86821794796612, 0.617130546034, -0.0493252219086, -0.78531325701, -0.601699077907, 0.613557108831, -0.511376469784, -0.507058289348, -0.788108302638, -0.348965893056,  
228, 1336304.5501062856, 68.32908618546458, 128.91636287784752, 100.68789155847448, 24.577151521055693, 0.804002983993, 0.407112810058, 0.433403232126, -0.188437500043, -0.516858123387, 0.83507424153, -0.563977402302, 0.753071603618, 0.338840153341,  
243, 2328269.4667575294, 82.22077091888735, 142.22253819081004, 75.7031984557585, 51.62522763426308, -0.954345440219, 0.201894432364, -0.22014408671, 0.277758505019, 0.328685259647, -0.902671708308, 0.10988627586, 0.922607521252, 0.369757174517,  
254, 1193929.4653264345, 65.81072679250971, 129.14303838689924, 62.18081924554022, 35.494627390585784, 0.41972910344, 0.848004179414, 0.323599121477, 0.831179646404, -0.215875073574, -0.512384960761, 0.364647604037, -0.484031883562, 0.795452865081,  
257, 3215017.06227459, 91.55840623411986, 136.77365015754125, 88.06905134950078, 63.71899497429068, -0.825815798766, 0.559872949245, -0.0676058223296, 0.515288001258, 0.797840418613, 0.312936003343, -0.229143060704, -0.223591026501, 0.947365035559,  
273, 2806640.8378782086, 87.50497470482512, 150.41047754072832, 78.60454322486316, 56.672515816932254, 0.891375160004, 0.40365144829, 0.206193676968, 0.191006131302, -0.747051981796, 0.636733848872, 0.411055935285, -0.528184479881, -0.743003481337,  
299, 658030.8191248414, 53.95758974096935, 110.66921741776298, 46.68255568398522, 30.40718121255303, 0.625494664875, -0.190299094865, -0.756665499878, 0.464689922224, -0.688173537384, 0.557207733819, -0.626753301065, -0.700145297019, -0.34201880455,  
302, 2230445.7638711995, 81.05273723241552, 111.59545911120011, 71.02758668332955, 67.17837214908823, 0.20399535075, -0.101808557404, 0.973663655741, -0.874028918601, 0.429064663122, 0.227984570331, 0.440975448661, 0.897517984499, 0.00145642688405,  
321, 931622.8663270377, 60.587613098701354, 114.34563227177671, 88.18484350714135, 22.056571265789636, 0.408590048431, -0.417472332933, 0.81164710531, -0.873200902821, 0.0800362670339, 0.480743569143, 0.265658343811, 0.905158023328, 0.331835195796,  
322, 3018912.438257201, 89.65763988777786, 108.32963218756359, 91.45734412954742, 72.74381160219001, -0.390495990344, -0.262343386869, 0.882433469952, 0.784457366106, 0.406838710782, 0.468090700796, -0.481808595075, 0.87501897738, 0.0469283170016,  
349, 1211797.0977316776, 66.13739721120963, 109.18540322915507, 68.32501991584364, 38.77903069647178, 0.847330119649, -0.256583699538, 0.464969325297, 0.133577059918, 0.95036181643, 0.281015278831, -0.513993032442, -0.17600347441, 0.839543887832,  
353, 1988220.2237680503, 78.0055121489133, 134.87865991517864, 86.32610704306555, 40.76528462417162, 0.29938038221, 0.791170226729, -0.533311409108, 0.801513111106, 0.0947027500579, 0.590430454716, -0.517637053806, 0.604219381904, 0.605781164332,  
356, 538585.9223100124, 50.47257508042016, 79.77750366339139, 65.86056704588927, 24.471493772479842, -0.692287345179, -0.584564739869, 0.423110265304, 0.153762902845, 0.453371723167, 0.877958455931, 0.705049786478, -0.672858191251, 0.223979135307,  
377, 1752702.5156471713, 74.79510914039493, 120.34244331566518, 94.89910573226366, 36.63858190995584, -0.445409067819, 0.0537709903325, 0.893711051125, 0.839832123498, 0.371055654458, 0.396231883668, -0.310310758185, 0.927052523805, -0.210430158154,  
401, 1185260.7443156044, 65.65106321465352, 157.25951894634275, 47.564069536756485, 37.82939043775293, -0.711071761492, -0.561589463393, -0.423077090629, -0.692053839542, 0.665334624464, 0.279984500756, -0.124251491675, -0.491881197135, 0.861750807787,  
411, 1143176.0250428347, 64.86466301015804, 112.00715305879895, 54.41397854779893, 44.77836774523904, -0.368713511814, 0.886197100051, -0.28054419628, -0.331862439346, 0.156420435771, 0.930268761501, 0.868284324146, 0.436104743306, 0.236421203171,  
446, 1009172.146883253, 62.22413700957415, 127.3825163353702, 71.05517650430963, 26.617735173553903, 0.68865796847, -0.000764047558886, -0.725085938833, 0.514026950158, 0.705804689375, 0.487458752067, -0.511396614159, 0.708406067653, -0.486450764558,  
459, 1846703.1941732168, 76.10902592403937, 123.71162664344436, 68.49007150500411, 52.03198017628727, -0.239606829613, -0.209812177504, 0.947927960013, 0.119371977952, 0.962594680086, 0.243232014236, -0.963503449959, 0.171436087334, -0.205598564871,  
491, 838497.0524390875, 58.49754546844648, 125.8593627550447, 42.31483615180305, 37.58674684337501, 0.854088073604, -0.18805526555, 0.484942037388, -0.437010411189, 0.2461430105, 0.865121678664, 0.282055780015, 0.950814827125, -0.128045700744,  
497, 1259073.287906358, 66.98652779006085, 115.60671130658879, 96.16465928352454, 27.037333424021806, 0.627008720624, -0.706786417249, 0.327586667394, 0.0423092454693, 0.450791215267, 0.891626159321, 0.777862450572, 0.545197432707, -0.312553623175,  
540, 1340591.9314038758, 68.40208354260312, 103.06054067187466, 78.3458609632631, 39.636885113199206, 0.195181991771, -0.19461573754, -0.961264118122, -0.0574209214022, -0.980700934149, 0.186891721443, 0.979084688816, -0.0187187729367, 0.202590176628,  
558, 1066570.7395080344, 63.3821575396053, 121.78060545404655, 80.90315284463288, 25.843865974689578, 0.255711121392, 0.925074487286, 0.280800668392, -0.332306839504, -0.188651490593, 0.924111886903, 0.907845794623, -0.329617669536, 0.259168294964,  
560, 796023.0755544082, 57.49265296772125, 87.37659695334685, 78.65280938148597, 27.652072202482557, 0.937784305837, 0.343186175419, -0.0527621524159, -0.297059877587, 0.871669726984, 0.389804202372, -0.179766584366, 0.349878744796, -0.919385033098,  
580, 2217055.207861092, 80.89021060965636, 119.30697389074588, 110.558854667995, 40.12624653658935, -0.0197132356552, -0.64894650228, 0.76057861232, 0.756643542884, -0.506937835956, -0.4129220017, 0.653530364521, 0.567346867141, 0.50101456565,  
601, 2935066.7651867275, 88.81980018562199, 115.14983694083598, 102.57849296593167, 59.321173515065794, -0.579996833262, 0.773999704867, 0.254023877368, 0.284915038874, -0.0993964733904, 0.95338542138, -0.76316911234, -0.625335748174, 0.162874516197,  
617, 583271.0002868713, 51.83151760401125, 138.7977718107858, 59.562312639639366, 16.84332112910553, -0.718131663112, 0.0850176473116, -0.690694515746, 0.685882371057, 0.25432769017, -0.681823143554, -0.117695741256, 0.963373980165, 0.240952872637,  
632, 2425394.1481967033, 83.34852245635352, 121.04436559326331, 75.66831302611145, 63.21717517703322, 0.28738884669, -0.663224557501, -0.69104329613, -0.536590538919, -0.709114846524, 0.457413082434, -0.793396650069, 0.239351876466, -0.559671720647,  
650, 766041.4896744704, 56.76159112136617, 112.31042262977765, 81.51332858248448, 19.976297329908913, -0.895773818776, 0.325667014354, -0.302539685589, 0.4312653927, 0.471820888844, -0.769022242792, 0.107700634417, 0.819344887463, 0.563093712213,  
659, 1331839.6412605348, 68.2529000699662, 129.86067566532847, 61.80113396191269, 39.61769697734438, 0.750249669912, 0.542120519629, 0.378458419108, -0.291524391535, -0.24252000747, 0.925309448302, 0.593412977561, -0.804542968507, -0.0239092009277,  
737, 113703.26785182531, 30.053480783716232, 73.6050090577642, 39.83262103886222, 9.258445667455232, 0.723062562643, -0.260359803181, -0.639838497898, -0.509379683199, -0.826607063006, -0.239276203858, 0.466597116203, -0.498932396499, 0.730310615338,  
749, 1723947.6302069863, 74.38382147088869, 128.00172942143425, 61.25088838191145, 52.49370544300284, -0.865155530531, -0.501159662172, 0.0185715105124, -0.424077453808, 0.711316584624, -0.560523888528, -0.267701739185, 0.492816101046, 0.827929990632,  
756, 2970388.264756048, 89.1746753760254, 136.1883734468858, 83.08670019074735, 62.66904360744655, -0.873824887222, -0.390098848379, 0.290263595658, -0.471513779347, 0.534009607517, -0.701789494767, -0.118763724919, 0.750104411114, 0.650567867382,  
759, 826401.1356074578, 58.21489234466174, 142.25226844439842, 81.34095924770308, 17.050369915382664, 0.0939958181922, -0.378579600545, -0.92078350996, 0.263744514223, 0.90130242601, -0.343646283386, 0.96000188405, -0.210550285963, 0.184566951812,  
797, 446479.0362494473, 47.413733492709916, 86.52359771299224, 49.36212475254593, 24.956521260995803, 0.866525113331, -0.464414370352, 0.182903035999, -0.317729416857, -0.795837326244, -0.515452197416, -0.384944470841, -0.388538598813, 0.837171136388,  
847, 773964.3844626743, 56.956608645502655, 129.90792399921688, 68.25137523548818, 20.839405130861863, -0.0666362229456, -0.39606387807, 0.91580184444, 0.872172218624, -0.46893434346, -0.139342034523, 0.484639283233, 0.789451699607, 0.376683924711,  
894, 463659.30402460054, 48.01424710461287, 99.9749986974571, 51.625335840563494, 21.44648250807195, 0.883606661833, 0.458398192136, 0.0954482300067, 0.347775689092, -0.506022249647, -0.789299406397, 0.313514492874, -0.730624787636, 0.606544377972,  
943, 2965676.6529139383, 89.12750098164855, 130.959582014115, 83.23005209524756, 64.95577102444437, 0.798364316818, -0.484084054663, -0.358157850189, -0.414067399989, -0.873162130021, 0.257169366302, 0.43722146093, 0.0570133556209, 0.897544913296,  
962, 1151197.2162324619, 65.01601902269473, 102.95915791743359, 84.41547635335142, 31.620888151839868, -0.292172600035, 0.689606265799, 0.662629889123, -0.572636573756, 0.428786131729, -0.698734432838, -0.76597814994, -0.583597165352, 0.269614210322,  
975, 851687.6275524752, 58.80269665417069, 98.42448488795858, 51.31159655848974, 40.259933251966665, -0.584869632153, -0.754730371453, -0.297169278007, 0.260417781758, -0.521690712369, 0.812416998574, -0.768186235446, 0.397769866926, 0.5016662642,  
989, 604815.7130555123, 52.461997058603295, 134.2433164850618, 57.5900927408349, 18.676436066292965, 0.0302442880631, 0.977652586629, 0.208040147323, -0.532806846252, -0.160331180743, 0.830909608242, 0.845696250214, -0.135975484335, 0.516050888996,  
1030, 2421165.719287489, 83.30005771350747, 121.85359844316568, 105.03639459888178, 45.16039605699732, 0.304835818539, -0.886304635523, 0.348624750678, -0.152074996216, 0.316053893117, 0.936473775485, 0.940185257947, 0.338487857531, 0.0384402268827,  
1104, 2312959.155944135, 82.0401510813814, 94.78778515773087, 84.89135221645395, 68.62202464730348, -0.917963563296, -0.373006758587, 0.13494018864, 0.139514485148, 0.0148422324476, 0.99010879027, 0.371320084153, -0.92770990411, -0.038415217296,  
1157, 1318348.712029131, 68.02166058494306, 128.06684888037398, 86.41923352072564, 28.437705745854036, -0.968169521849, 0.201794971951, 0.148076217732, 0.178435914368, 0.141593540013, 0.973710374747, 0.1755232219, 0.969138823246, -0.173094020266,  
1203, 349570.7297534716, 43.70007180922612, 110.39363642193545, 47.894599904928654, 15.783956041414383, -0.390700379535, -0.665327103423, -0.636154901641, -0.0791206623058, -0.664254213146, 0.743307649035, -0.917111298713, 0.340743577736, 0.206883252111,  
1241, 1393822.5894240083, 69.29570164011477, 115.59641817960234, 59.68480379346881, 48.22927589099177, -0.942812238535, -0.161146038045, 0.291782517111, -0.327426615619, 0.283799075643, -0.901249075477, -0.0624251091599, 0.945246020402, 0.320332743659,  
1297, 1781074.8005318232, 75.19653860854814, 114.35494342065303, 69.99117581132653, 53.124556440344115, 0.0993756316576, 0.974611479345, -0.200641342106, -0.743520677883, 0.206735212308, 0.635954049875, 0.661287747802, 0.0859826512826, 0.745188230103,  
1362, 2208064.8145858664, 80.78072302929249, 104.61806840557423, 79.64016885507105, 63.26803389510519, 0.522382677509, -0.11437832045, 0.84500528877, -0.548809830517, -0.80353800005, 0.230509115663, 0.652628614272, -0.584161178347, -0.482526278607,  
1368, 981608.2021017212, 61.652381401797236, 86.56570199889502, 56.43361491041749, 47.969572016856745, -0.1075708568, -0.740824243588, -0.663029374069, 0.0125034610724, -0.667854446032, 0.74418687329, -0.994118792815, 0.0717626576109, 0.0811045420688,  
1398, 2239034.3150525163, 81.15663783677326, 119.38122029875186, 84.32399573018652, 53.098829633458934, 0.507654814925, 0.430788527575, -0.746128563582, -0.614845600135, 0.787801610889, 0.0365172544811, 0.60353249861, 0.440215704388, 0.664799711742,  
1417, 1734183.821639944, 74.53075265481681, 111.86033342621117, 67.18291704200215, 55.0898455514814, 0.397676673232, 0.0895879744331, 0.913141423003, -0.787110055439, 0.544735550998, 0.289345710361, 0.471498700097, 0.833808835594, -0.287144217235,  
1455, 1263462.08810749, 67.06427003591409, 115.43903352210029, 67.65366471274079, 38.62154087170454, -0.442841366992, -0.568407534905, 0.693400604228, -0.87470699544, 0.104030035225, -0.47335549421, -0.196924340315, 0.81614375329, 0.543258850049,  
1472, 669690.4054322386, 54.27441559773418, 109.60504669053071, 76.5830253484744, 19.046816484521234, 0.33138263123, 0.259482144771, 0.90711331611, -0.824390760197, 0.547232431134, 0.144625519246, -0.458874085367, -0.795742221363, 0.395258005509,  
1502, 997324.6622274118, 61.97967811183609, 95.28091610591484, 83.58611867120159, 29.895640742293914, -0.119861200487, -0.968116246572, -0.219964146492, -0.384392572631, 0.249535134672, -0.888805134251, 0.915355473422, -0.0219806662335, -0.402046275431,  
1514, 1675466.8009318064, 73.67990759051332, 113.3323739719144, 82.53324168245412, 42.762622185919454, 0.135318256539, -0.427244364846, 0.89395258384, -0.653192462166, -0.716887412809, -0.243745860939, 0.745002400544, -0.550939824358, -0.376080753457,  
1524, 2687225.474371657, 86.24590814101488, 127.31724050896113, 81.84642226659668, 61.564248361306454, -0.697724389336, -0.710914081513, 0.0882147676512, -0.044471849897, 0.165889366907, 0.985141092694, -0.714984567031, 0.683433893404, -0.147360721545,  
1563, 2821300.8215201898, 87.657065703933, 131.83562746124548, 98.6247326327337, 51.80147864613072, 0.922237033627, -0.222872934533, 0.31592168153, 0.303663365868, 0.923324346904, -0.235075967816, -0.239306109486, 0.312729604399, 0.919202252225,  
1566, 488200.143519775, 48.84683522745922, 118.92917690832171, 46.64130250497418, 21.01116872261296, -0.869480276654, -0.41995880238, -0.26007432171, -0.482296055509, 0.835519505187, 0.263244508569, -0.106745320036, -0.354318727639, 0.929012204384,  
1605, 961789.1469900551, 61.23462852879729, 89.55718755931449, 61.31109997080137, 41.81688788320679, 0.392345830733, 0.729484246798, 0.56028339506, 0.828908329043, -0.544446265848, 0.128410457706, -0.398717608277, -0.414042265086, 0.81828679054,  
1641, 2212331.8386320476, 80.83272504884197, 121.83222090254655, 90.3881541526231, 47.96097258968299, -0.920521513012, 0.244757555498, 0.304522385235, 0.38811808713, 0.483561124468, 0.784559105069, -0.0447715816703, -0.840394180091, 0.540123252179,  
1658, 608710.6810443129, 52.57437328459045, 131.29377270090245, 78.03983849644386, 14.182794923811278, -0.912449540834, 0.0789588738062, 0.401498856387, 0.389086494695, -0.136346551874, 0.911055057303, -0.12667886595, -0.987509551366, -0.093687517217,  
1674, 3522951.068481682, 94.3929010819971, 116.00412795281848, 105.05031525275638, 69.0155889040562, -0.914319557752, 0.0615307373449, -0.400292036735, 0.403010830099, 0.0405507080973, -0.914296402101, 0.0400252062377, 0.997281108031, 0.061873859028,  
1684, 1668339.6518015473, 73.57528519417548, 112.47925713993565, 73.23304119355676, 48.35221273679006, -0.987952117442, 0.137760382625, 0.0705173072484, -0.0224607780123, -0.578466483871, 0.81539686073, 0.153121282302, 0.803989181529, 0.574591392983,  
1689, 2359509.6405423624, 82.58687799767647, 146.4399435282303, 76.08610393514121, 50.55548113492958, 0.0676308938107, -0.323117357065, 0.943939211902, 0.866593080162, -0.449814186582, -0.216063951098, 0.49441126162, 0.832623787261, 0.249589930225,  
1691, 1133310.7470735295, 64.67753593813028, 123.04034900735299, 81.29279249226595, 27.049597130905482, 0.885143129101, 0.366852549137, -0.286253119103, 0.239220486524, 0.168896827966, 0.956162862869, 0.399118027446, -0.914818598791, 0.0617392215139,  
1758, 1445552.4110898725, 70.14258132688029, 115.05858847514762, 93.88774961324228, 31.946056957687496, -0.177788417587, -0.946742705521, -0.268457684029, -0.479544105486, 0.321572013951, -0.816473447662, 0.85931875894, -0.0164222223132, -0.511176663345,  
1763, 1965972.3177295192, 77.71346317466174, 108.63026120654013, 90.57594074420206, 47.70073948987708, -0.897800719142, -0.172394817566, 0.405257813724, -0.438664963519, 0.268409790186, -0.857630010152, -0.0390758043864, 0.947753243945, 0.316602069012,  
1766, 906774.3360750411, 60.044081197205045, 124.26353609498894, 54.96006476536037, 31.697109998784466, -0.000595312165877, -0.649724617055, 0.760169433479, -0.634014288588, -0.587610042848, -0.502732850935, 0.773321102434, -0.482257565556, -0.411584879453,  
1782, 2407214.7033394505, 83.13975480863743, 108.79168015565027, 79.85802381383259, 66.14727768234785, 0.244171706164, 0.408753274533, -0.879375311495, 0.914511039462, 0.204581242943, 0.349021594944, -0.322567414055, 0.889419628519, 0.323856430838,  
1806, 1324691.5071092502, 68.13057394801062, 141.48610446708594, 79.19249304911683, 28.224635248554524, -0.410475209742, 0.90825278272, -0.0811602419215, 0.893566539955, 0.382894705308, -0.234372531071, 0.181793676625, 0.168726190405, 0.96875308093,  
1829, 2408713.4660742134, 83.15700585462335, 140.262471795278, 85.62101792706527, 47.882261760369424, 0.365012088918, -0.347683101114, -0.863644971121, 0.673647952473, 0.738942071188, -0.0127691642921, -0.642623226371, 0.577131767128, -0.503938798169,  
1865, 230411.4229711009, 38.031063096868984, 149.83361478213408, 63.78962906033962, 5.755142254360103, 0.80557429253, 0.0310746325419, 0.591679327362, 0.506815056154, 0.481128635878, -0.715299751569, 0.306901544588, -0.876099082839, -0.371835768826,  
1901, 2769860.9136532904, 87.12105331766132, 109.82774599331708, 88.28707385712242, 68.19619735666646, 0.254640833124, -0.268466328676, 0.929023076394, -0.853649986117, 0.388971632137, 0.346385292117, -0.45435641, -0.881264375633, -0.130128217279,  
1917, 1130889.7321390137, 64.63144769204936, 131.14909685207195, 53.03179631832829, 38.81771878213972, -0.858324602382, -0.386808928232, 0.337131621159, -0.464697454664, 0.864602669529, -0.191098140941, 0.217566432552, 0.320688442079, 0.921858866933,  
1928, 1191450.8860221293, 65.76515455485857, 131.79388123656545, 73.26374097550283, 29.45799585276355, 0.048286858736, -0.345272770732, 0.937259352082, -0.808339009056, -0.564715080813, -0.166387871979, 0.586733692327, -0.74958894822, -0.306365766681,  
1930, 2963107.448169151, 89.1017561031803, 143.7677656670582, 76.23287210664812, 64.54386753605992, -0.411185475308, -0.559697641592, -0.719489440431, 0.0697197169839, -0.806299877507, 0.587383749005, -0.908881546715, 0.191361065863, 0.370560759542,  
1936, 749801.492652046, 56.357609534212564, 94.91601958247665, 63.32511868627183, 29.78119783789726, -0.852023155586, -0.282008225374, 0.441053174987, -0.489624081338, 0.13111145257, -0.862019748021, -0.185269536944, 0.950411041511, 0.249788011831,  
1968, 1652370.1255187162, 73.33977530276148, 121.92836912911801, 87.27092262541072, 37.07186141355246, -0.658207552887, 0.382921759459, -0.648177246943, 0.744207622609, 0.460935709322, -0.483418334698, -0.113656639809, 0.80056804708, 0.588364657523,  
1979, 2927235.646050442, 88.74073577550482, 135.76706940167787, 98.94643236021787, 52.020496431021094, 0.593495547586, 0.746776578124, 0.300146259947, 0.397389381286, -0.596198683575, 0.697587850629, 0.699889073094, -0.294740346863, -0.650602346518,  
1983, 189354.71123431993, 35.62289153790062, 138.01635144766664, 71.1358800663572, 4.604349209407583, 0.121445397568, 0.84893360888, 0.514356630289, 0.3445486284, -0.522026215702, 0.780240266064, 0.930879830095, 0.0824642821641, -0.35589659185,  
2005, 2328751.056236618, 82.22643949648695, 133.81625058679805, 102.01567055829632, 40.72477652762645, 0.168492397817, 0.0489583874547, -0.984486357537, 0.220415325274, -0.975346537845, -0.0107803292044, 0.960743147913, 0.215179477207, 0.175129655759,  
2036, 2260390.7319199676, 81.41385190964148, 102.81789075891766, 87.9554579062177, 59.67101487728319, 0.55874230809, 0.338115157349, 0.757288038676, 0.32026023299, -0.930255536892, 0.179047533483, -0.765010075957, -0.14248781159, 0.628057964867,  
2057, 1076009.435624552, 63.56857705841499, 138.38035957593866, 82.63084595272294, 22.465227278978425, 0.876716455337, -0.0650548779102, 0.476587997962, 0.331237672315, 0.800101193373, -0.500119670481, 0.348783401813, -0.596327043847, -0.723010508497,  
2066, 1843351.178407548, 76.06294864612211, 121.04436591359638, 88.40789759822057, 41.12290902922753, -0.0500253577954, -0.978090666914, 0.20207946673, -0.975116515373, 0.0040778746305, -0.22165548129, 0.21597510279, -0.208139420185, -0.953956359977,  
2096, 3083077.1179424496, 90.28839361147513, 139.07041678223408, 104.2254441185652, 50.779365283755865, -0.951790083072, 0.172402043832, -0.253718688804, 0.0164868849953, 0.854673915405, 0.518903344516, 0.306306742317, 0.489704026539, -0.816312529612,  
2106, 2075058.4490876847, 79.125033754496, 110.06364479126226, 88.27603017894356, 50.98648113708427, 0.524039522791, 0.465237562632, -0.713397917623, 0.422545348891, 0.585248770142, 0.692054409116, -0.739484960417, 0.664106834299, -0.110109518,  
2153, 1579405.797713242, 72.24398706558459, 111.72654934253245, 68.48613590309064, 49.27720530935705, 0.707286875692, 0.661407782891, 0.249569670041, -0.233138031964, -0.115046383542, 0.965614305862, 0.667376905149, -0.741150507228, 0.072828511654,  
2202, 3784643.700051197, 96.67454353113595, 115.44601586409398, 96.7108415866764, 80.92491989550835, 0.323402173107, 0.929948762844, -0.174946657341, 0.47427172223, 0.000686840301737, 0.880378249245, 0.818826824135, -0.367688491437, -0.440826275693,  
2232, 1855518.5751411212, 76.22993784680385, 122.50935901016845, 70.93608376348448, 50.97300311732175, -0.267081866897, -0.579518263109, 0.769951855052, -0.956957797805, 0.065330502189, -0.282778532961, -0.113573982914, 0.812336450128, 0.572023113343,  
2253, 1010470.3517666165, 62.25080740637095, 129.06903371264005, 73.17242650485214, 25.542620465267024, 0.437937491621, -0.223377918937, -0.870811724062, 0.694180747642, 0.699517726525, 0.169670385987, -0.57124761972, 0.678805756906, -0.461409689274,  
2263, 581468.1214704739, 51.77805909697206, 123.23651049620176, 55.52527998530661, 20.286501193674784, -0.0547261529723, -0.934508848738, -0.351707633996, -0.756571922345, 0.268675802065, -0.596164607893, 0.651616432037, 0.233466325228, -0.721726749182,  
2276, 1189037.6417453885, 65.72072282946677, 120.10253592179842, 67.15855948754442, 35.192769452742425, 0.252669459201, -0.568219155918, 0.783125235984, -0.61194846724, 0.533089173892, 0.584238826271, -0.749451277823, -0.626851596095, -0.213025488247,  
2281, 530109.8307052578, 50.20640012836287, 110.1117703618303, 69.34050466429478, 16.575113290067307, 0.768976181863, 0.599228787409, -0.222711679233, -0.26236242235, 0.613509868626, 0.744829913763, 0.582959339118, -0.514325287574, 0.628989592518,  
2292, 811638.5235891407, 57.86616232340271, 113.13489148783515, 64.36732278856174, 26.607987768276317, 0.225247576517, 0.301650170913, -0.926429006271, 0.524277480167, 0.763935709734, 0.376211848807, 0.821216568916, -0.570446672163, 0.0139262757343,  
2296, 1006582.141598998, 62.170859375917075, 82.45066222982113, 65.77435444322705, 44.31082839297454, 0.285876925384, -0.803212969908, -0.522612005703, -0.795920085661, -0.502739402962, 0.337289652897, -0.53365307155, 0.319534063412, -0.783014930601,  
2307, 1611080.2225778848, 72.72373668639901, 120.91529142914366, 86.90495394605489, 36.60182972691605, -0.83208896817, -0.0490211878698, -0.552471603062, 0.53435405012, -0.337795685156, -0.774828899958, 0.148639490614, 0.939942018547, -0.307270733393,  
2320, 747748.9810234496, 56.30613797345308, 84.15752480464427, 64.73695086934889, 32.76589435631167, -0.277865526357, -0.419105143475, 0.86437354655, -0.136241095062, 0.907905789178, 0.396415743878, 0.950909624138, 0.0076129291958, 0.309375063686,  
2344, 598668.3504236008, 52.283649743907375, 119.15533307210931, 66.03587602109808, 18.163697533254705, 0.391423167925, -0.782599626305, 0.484072028234, -0.354892498737, 0.356966212674, 0.86407548128, -0.849022507329, -0.510012693878, -0.138013891082,  
2372, 1258573.4854754566, 66.97766294721448, 108.60435209585374, 87.38165198767085, 31.660844068187757, -0.718882990683, 0.432763291838, 0.543988215815, 0.42111555099, -0.351491659644, 0.836131153537, -0.553054191216, -0.830162361492, -0.0704380233945,  
2375, 1742910.0880024866, 74.65555437296192, 102.92735771557095, 88.29973083600805, 45.78214859242572, -0.974655195668, -0.196754823544, 0.106464965922, -0.213727036026, 0.678352309621, -0.702964364747, -0.0660908740164, 0.707902312077, 0.703211428325,  
2376, 1979270.5795810444, 77.88829312553767, 117.44399976577823, 88.27735843350234, 45.57602003436254, -0.97139605767, 0.175914118483, 0.159511510747, -0.192774541239, -0.976423732612, -0.0971322327624, 0.138663893616, -0.125103626285, 0.982405927963,  
2384, 1761331.3589367454, 74.91765114397556, 125.48395938217554, 103.83840893181262, 32.27053902242478, 0.594092061717, 0.211144621329, 0.776191066097, -0.477291774034, -0.68418816554, 0.551433691912, -0.647492999688, 0.698071989855, 0.305693166976,  
2399, 1742594.463066973, 74.65104762355152, 106.99802668753507, 68.5959042329584, 56.68051228994243, 0.917232954394, -0.395203505485, 0.0499789618306, -0.167851412964, -0.269653515348, 0.94821563203, -0.361261138983, -0.878123664931, -0.31367055735,  
2402, 2576951.7313282313, 85.04965537994242, 122.36694214001123, 78.90418407356259, 63.716738000251766, 0.0873799603358, 0.157234706367, 0.98368795339, 0.719046514193, -0.693373668534, 0.0469581325312, 0.689446773115, 0.703214194181, -0.173646031178,  
2405, 3059055.1620456525, 90.05328635993627, 123.16498240023012, 96.46851591577432, 61.46471223088068, 0.0398355547001, 0.782966345345, 0.620787266814, 0.940328152601, -0.239490879367, 0.241716950433, 0.337929125718, 0.574114814961, -0.745785549092,  
2416, 1299859.2849506459, 67.7021681536572, 119.3652864163788, 70.11840530912201, 37.07640833037977, -0.170154442461, -0.654871153011, -0.736336362449, -0.0925307340469, -0.733313356742, 0.673564832871, -0.981063468369, 0.182743792722, 0.0641808168716,  
2417, 1771553.2136562914, 75.06229942753174, 127.56595196280391, 78.0205592150848, 42.493427227316566, -0.607557027907, -0.773213298248, 0.181702100299, -0.78247525948, 0.621945922782, 0.0302611539255, 0.136407207077, 0.12379202134, 0.982887892544,  
2428, 3601922.405662269, 95.09300709496736, 108.69884149415475, 93.9920719599288, 84.16462733458897, 0.425232353773, -0.469163992104, 0.773991339627, -0.526003198001, 0.567813024557, 0.633173755644, -0.736544690428, -0.676367886329, -0.00532929129825,  
2431, 1843255.769599438, 76.06163632600915, 116.26209101153819, 81.61741388195838, 46.37415757621141, 0.159998663701, 0.166093163672, 0.973043415576, -0.726630219654, -0.647390647722, 0.229986680326, 0.668138422409, -0.743840312314, 0.0171066734734,  
2439, 1395744.6336404807, 69.32753931895247, 116.89572862646573, 59.028935328872386, 48.28961745251838, 0.592529921809, -0.216235515567, 0.77598356527, -0.573190807592, 0.56366854295, 0.594752109521, 0.566004054626, 0.797195067406, -0.210046267882,  
2451, 2820325.205973466, 87.64696050057198, 102.99441542793744, 92.6459901511878, 70.56190145239442, 0.198768306105, -0.260888013352, 0.944684394376, 0.954858180103, -0.165579355067, -0.246636033592, 0.220764617587, 0.951063048207, 0.216199125707,  
2454, 256387.864013046, 39.40968391656945, 94.0054658567562, 29.267235837486925, 22.247132520836438, -0.461426713554, -0.886627197077, -0.0312666183265, -0.39963669176, 0.17625963692, 0.89956826033, -0.792070642442, 0.427580113892, -0.43565966486,  
2461, 1336361.066996058, 68.33004946213455, 113.15891406098504, 66.7208511162291, 42.255656799596316, 0.331167539332, -0.504531171661, -0.797355853879, 0.533185995145, -0.597132129488, 0.599287839452, -0.778486194787, -0.623603653578, 0.071258176865,  
2465, 357781.37211208756, 44.039566832695435, 111.53175396415844, 70.56156197882315, 10.85331475275938, 0.0912460230696, -0.107153658937, 0.990046593171, 0.275066153864, -0.952802764193, -0.128473746516, 0.957085562671, 0.284051026968, -0.057465118166,  
2471, 1676546.7523846987, 73.69573474847161, 101.48236573849242, 63.34545080413245, 62.261710155268396, 0.467031578764, -0.0587446075554, -0.882287127595, 0.461036210069, -0.835254554194, 0.299658877231, -0.754537684574, -0.546716472023, -0.363006861886,  
2477, 2299088.1297665606, 81.87582139595105, 114.5942083494067, 84.52987191315935, 56.66229101219257, -0.451791022091, 0.136315215729, -0.881647908362, -0.874020256571, -0.265711758152, 0.406799523947, 0.178811250937, -0.954366503782, -0.239188446623,  
2512, 1362853.147340666, 68.77862416914773, 119.86589199836472, 89.43489894838758, 30.349938120156555, -0.0159740440028, 0.985891917049, 0.166619200023, -0.96168279245, -0.0607642167708, 0.267346061622, 0.273698806397, -0.155964219802, 0.949085942114,  
2530, 858522.3917681812, 58.95957429987066, 108.23891748683708, 46.620323090853766, 40.61666849649708, -0.526645468777, -0.264572901571, 0.807864920621, 0.0867465693315, 0.928647378172, 0.360678637743, -0.845647434174, 0.260029280599, -0.466117142257,  
2532, 2387499.3419589913, 82.91215765116674, 118.7096481566118, 95.27435461220773, 50.39559973675623, 0.00436650776186, 0.107488912227, 0.994196694502, -0.794940607639, -0.602789231745, 0.0686627440361, 0.606671545349, -0.790627140845, 0.0828152173413,  
2555, 868776.7372937176, 59.19338710101279, 112.78380242278581, 83.62429737872505, 21.99076613802451, -0.21379098961, 0.485342510395, 0.847783026703, 0.852535193341, -0.33101537984, 0.404490497322, 0.476945654007, 0.809241290292, -0.343003465304,  
2568, 1930785.2109372441, 77.24702895911213, 117.71284963807837, 97.18337655086414, 40.29299006724506, -0.956290789675, 0.285816800669, 0.0617793010472, 0.286599646057, 0.874175370226, 0.392017939603, -0.058039369937, -0.392589070844, 0.917880849017,  
2572, 1804448.196449144, 75.52404976434926, 102.70417528869412, 89.67107881815184, 46.77516357399319, 0.367456541298, 0.562656522851, 0.740535838127, -0.386818379838, 0.816563183885, -0.428481163814, -0.845782023501, -0.12900466665, 0.517697367876,  
2576, 937424.8136615288, 60.713128449122685, 94.15663646253203, 67.26208941500371, 35.33674527493612, -0.985156603802, 0.0948719879267, 0.143058630963, 0.165642716676, 0.744083671414, 0.647226374885, 0.0450439385302, -0.661315957649, 0.748753796491,  
2580, 2000831.3790476879, 78.17009267515533, 139.5126486495378, 76.76944429257416, 44.5984638088828, 0.714491579076, -0.673105337104, 0.190869035181, -0.243090020625, 0.0169803053042, 0.969855097994, -0.656055657168, -0.739351658139, -0.151492905129,  
2587, 602379.2365627185, 52.391455212793225, 117.70500069048386, 50.075554205255266, 24.398363969161643, 0.627174724893, -0.754230795374, -0.194390770781, 0.417173589449, 0.114529409288, 0.901581505286, -0.657737075678, -0.646543828149, 0.386475118942,  
2601, 1314401.2342933044, 67.95370121649844, 122.68818896775753, 93.6520017204235, 27.309863455113206, 0.744720331032, 0.479741046207, -0.463939820593, -0.497409430402, 0.86247315584, 0.0934018950683, -0.444944364044, -0.161209751688, -0.880929014658,  
2624, 154412.68958035595, 33.28113479453868, 65.55680154158854, 40.89105233459373, 13.751444945768801, -0.118237976441, -0.195108385929, 0.973628521905, -0.363893674844, -0.903780953923, -0.225302864461, 0.923905392524, -0.38093661555, 0.0358625235891,  
2639, 2306643.960083846, 81.96541682167872, 127.00239428189892, 89.4603078215898, 48.46739282259601, -0.698578765195, -0.335474362824, -0.632016345284, -0.680904403254, 0.0402194339171, 0.731267113143, 0.219902029202, -0.94119038936, 0.256522413309,  
2666, 2767870.350454494, 87.10017844013939, 114.20563364531294, 96.48530274730528, 59.96646423845739, 0.640814850763, 0.427971545774, -0.63733561257, 0.721158468278, -0.0509304082637, 0.690895474833, -0.263223841383, 0.902356054738, 0.341272266388,  
2671, 1727552.8351408024, 74.43563708220077, 105.17592610729268, 91.7864261493245, 42.72164080915733, -0.475007942764, -0.723366997237, 0.501106417459, 0.824227741164, -0.166257483476, 0.541301283837, -0.30824679237, 0.670148219796, 0.67519277136,  
2672, 1446022.9076352394, 70.15019047388084, 127.906937629785, 67.05741098815133, 40.24812756762325, -0.538558144101, -0.793429992315, 0.283591207054, 0.0815276085734, 0.285922365314, 0.954778325086, -0.838634827838, 0.537324155709, -0.0892993685767,  
2689, 1754272.0050938786, 74.81742802815486, 119.2096868989246, 89.43401168358872, 39.28204277601361, 0.587936135468, -0.800550296496, 0.115975529277, -0.67554829963, -0.407073120046, 0.614756837948, 0.44493324834, 0.439784831157, 0.780143388619,  
2693, 2014852.1440057817, 78.35225934097754, 126.07967809184284, 86.02545758410514, 44.348862977257504, 0.831957533601, 0.482202387295, 0.274458594275, 0.490924571099, -0.870244847521, 0.0408285544133, -0.258533803933, -0.100770844248, 0.960731757138,  
2700, 1169525.9474282954, 65.35925362736451, 118.96424251885274, 67.63309204891048, 34.70128568429002, -0.0384400157668, -0.336360381244, 0.940948489088, 0.480825335608, -0.831691691195, -0.277661533947, 0.875973379633, 0.441758559313, 0.19370083492,  
2706, 2202780.736640939, 80.71623328781243, 122.53104585965492, 94.45221400897287, 45.438540966358886, 0.380869060571, 0.896232605642, 0.227389259388, 0.298863892048, -0.352050027382, 0.886984302144, -0.874996647268, 0.269866438828, 0.401936527905,  
2707, 1093877.3975138948, 63.9185154735923, 113.5291120626182, 88.12291371242532, 26.102610922063036, 0.527053765624, -0.0632593758008, -0.847474235311, 0.0274155200043, -0.995440996843, 0.0913543160794, 0.849389614608, 0.0713825831469, 0.52291663716,  
2717, 2744461.303588266, 86.85393528837493, 107.32447955463167, 83.74303250388276, 72.8989088279785, 0.303082123258, -0.93525124804, -0.182883377048, 0.574596353719, 0.0262478828793, 0.818015940515, -0.760250127822, -0.353010129718, 0.545347221009,  
