# Void_ID, Void_Volume, r = (a*b*c)**(1/3.0), a, b, c, vector_a, vector_b, vector_c 

7, 3202539.9316926375, 91.4398099521261, 126.40956956935435, 104.13980665493976, 58.077675345718866, 0.128369841465, -0.789930213414, 0.599609407646, -0.807383137714, -0.434339987627, -0.399351028649, 0.575893785986, -0.432849896711, -0.693532489635,  
8, 3678690.7694690092, 95.76384119028025, 119.70405997404201, 108.22973424952536, 67.78743495309139, 0.87437293707, 0.472520589107, 0.110436677741, -0.462611380139, 0.742988741038, 0.48369250734, -0.146501460356, 0.474016902189, -0.868242649582,  
12, 1825453.7030048622, 75.81597734828375, 103.1731676741045, 92.38654414649515, 45.72005318402172, 0.932898522055, 0.348572092007, -0.0905419473032, -0.345970356461, 0.93723620736, 0.0435063680887, -0.100024297038, 0.00926219670677, -0.994941883586,  
13, 2170752.3237641724, 80.32311734073494, 133.5196725261551, 75.830714868072, 51.18365042768649, 0.422636239274, -0.764963569894, -0.486013730245, 0.349023609526, -0.357522063264, 0.866233510246, -0.836397709971, -0.535731939513, 0.115888566045,  
14, 984392.5271108145, 61.710618560617, 100.78711562269447, 69.22844575913572, 33.68139735070607, -0.992536414851, -0.115557017724, 0.0389620436892, -0.121908296641, 0.9484195928, -0.292640809189, 0.00313566643606, 0.295206455971, 0.955428341609,  
15, 1523099.960502326, 71.37507854683813, 110.55518806326754, 84.5408178857783, 38.90399715489947, -0.873496355104, 0.477570233396, 0.0945028560138, 0.484858959214, 0.835957051338, 0.257075082395, -0.0437710782433, -0.27037470387, 0.961759643683,  
20, 2215420.2663246184, 80.87032187210868, 129.16472837962354, 101.31321413920968, 40.416386913029534, -0.262181959249, 0.076313217438, -0.961996316567, -0.320514547088, 0.933392434142, 0.161396991892, -0.910236807292, -0.350649193256, 0.220259160807,  
27, 1044218.775013811, 62.93626455623081, 125.87452694589592, 69.147640735049, 28.64096653984061, 0.655919286159, 0.566285298696, -0.499090022467, 0.67769369968, -0.150613000446, 0.719754800964, -0.332417116675, 0.810331219057, 0.482557950886,  
29, 1230403.9041506832, 66.47418637567255, 118.54960650664476, 84.19258491685913, 29.429652278334427, -0.670549367146, 0.374594946339, 0.640345354006, 0.725812055992, 0.152669094358, 0.670737658854, -0.153493992054, -0.914533090601, 0.374257692771,  
34, 1249534.8956118848, 66.81694166158852, 88.1899205398765, 74.77967425673393, 45.23319445122245, -0.865283693595, 0.482213898495, 0.136944827198, 0.295397807695, 0.269785215717, 0.916491174311, -0.404999092354, -0.833478070184, 0.375885676389,  
39, 2564393.485345243, 84.91127298978215, 136.55210702288278, 89.30010697998577, 50.20484963420636, -0.248871336921, 0.458628629719, 0.853066725211, 0.968022206639, 0.146485676904, 0.203654005401, 0.0315604992528, -0.876471178342, 0.480418784419,  
40, 743515.8840930001, 56.19968489870235, 96.51328189350315, 53.81745605759244, 34.1736520290263, 0.393623458599, -0.728781643428, -0.560301605426, -0.85109612052, -0.0585685302521, -0.521732806042, -0.34741325029, -0.682236794277, 0.643317176871,  
42, 2093758.8368698296, 79.36201439161418, 123.91832236762235, 65.04866219334461, 62.01034586563042, -0.316667356708, 0.0946257941475, 0.943804929145, 0.904327719399, -0.270109462327, 0.330503032191, -0.286204753842, -0.958168480719, 3.78791611339e-05,  
51, 1132581.94694667, 64.66366886643004, 107.54347942159906, 79.66412341754544, 31.55979404393214, -0.100649969884, -0.682660797249, 0.723770557195, -0.887056340375, -0.267863217912, -0.376005778533, 0.450555915024, -0.679870232022, -0.578598163709,  
55, 542328.2663777873, 50.589207621716135, 94.62432369357006, 52.86442401268348, 25.882566478197067, 0.636250434439, 0.767301513741, 0.0802107953332, 0.284994225504, -0.330379665611, 0.899793069533, 0.716912600047, -0.549634117902, -0.428880706411,  
57, 241461.76296225787, 38.62957403943442, 105.50656916488425, 54.012138053473294, 10.115535716544247, 0.50705043183, -0.0900254394644, -0.857202006432, -0.657631563157, 0.602469270024, -0.452273706749, -0.557154006286, -0.793048673744, -0.246278733051,  
59, 2933225.962624775, 88.80122776214772, 126.94093008755094, 85.4812173814661, 64.53339845308035, -0.0467047213446, 0.151679905968, 0.98732561758, -0.763876556071, -0.642324591369, 0.0625437959144, 0.643670160944, -0.751273801918, 0.145864315249,  
60, 1945871.6439971486, 77.4477003312067, 121.57596122336483, 82.04738186710048, 46.57074021975815, -0.0423488599199, 0.53191033876, 0.845741074788, 0.7947915424, -0.494998744771, 0.351116286726, 0.605403153438, 0.687057227744, -0.401795206059,  
65, 1830380.810065445, 75.88412805003597, 117.07354431538339, 101.31903211124914, 36.83859395093975, -0.748779312881, 0.66274734394, -0.00977234375378, 0.66086798984, 0.745363185539, -0.0876768022189, 0.0508236225252, 0.0721088048936, 0.996101038876,  
66, 764482.3896323579, 56.72305660913178, 106.17282138158956, 65.08968507581791, 26.40908459736884, 0.545190174001, -0.275990039575, -0.791578910929, 0.599446572507, 0.788434339904, 0.137967743947, -0.586030273008, 0.549727923355, -0.59528793823,  
70, 1685042.7366178401, 73.82001066251658, 98.64855337692066, 68.56639470283352, 59.47305877974264, -0.0802994041159, -0.413333307621, 0.907032294083, 0.980353222199, -0.197225865927, -0.00308504996394, -0.18016538353, -0.888964304469, -0.421049759478,  
77, 1332554.4754495132, 68.26510894223507, 122.29963798783699, 69.71042543544074, 37.31414185342746, 0.736340416701, 0.458285863048, -0.497771894006, 0.395928170377, 0.304731706998, 0.866244463562, 0.548674470551, -0.834932724523, 0.0429379888467,  
79, 1112749.3559363205, 64.28400320804391, 112.40146655071544, 69.63226089536376, 33.941127723702685, -0.305743457061, 0.805716239224, 0.507289148627, -0.056909151254, -0.547315160465, 0.834989499113, 0.9504116408, 0.22642318118, 0.213190656588,  
80, 3604312.0987175754, 95.11403224365456, 119.8334125242106, 106.03310158556985, 67.71960061952522, 0.0370365276733, -0.564300371204, 0.824738374684, 0.275383797773, -0.787585613507, -0.551246465132, 0.960620663708, 0.24753584075, 0.126229742937,  
91, 1565293.8424898777, 72.02817689830657, 132.91675371905234, 67.32568634659903, 41.758679055701876, 0.633634815219, -0.290630468336, -0.716966423075, -0.612019142075, -0.755196159083, -0.234758026571, 0.47322245369, -0.587548033935, 0.656389988606,  
100, 819578.8665537712, 58.05425381232491, 124.31450599433238, 103.33300385868414, 15.231451049504303, -0.103420970312, -0.990574370302, 0.0898138062897, -0.955626909518, 0.0739177265623, -0.285155009607, 0.275828411705, -0.11531949792, -0.954264167144,  
102, 2445086.7908986392, 83.5734935001412, 123.16071187625846, 97.13864268080069, 48.79119431058654, -0.368507699646, 0.926811133964, 0.0722716905942, 0.925950242626, 0.372845622568, -0.0600190795747, 0.0825725346737, -0.0448024964917, 0.995577477058,  
104, 1148729.9934669484, 64.96953879273678, 100.2636235683414, 61.89552993343398, 44.19027148136121, -0.523610089756, -0.845665369551, 0.103356454313, 0.154347654698, 0.0251480310215, 0.987696500968, -0.837859937815, 0.533120679845, 0.117358703669,  
107, 1036445.5268746779, 62.77970790756016, 125.02405830836814, 103.34672008417594, 19.14994725723147, 0.270344812768, -0.678629584154, 0.682916956679, 0.590451350852, 0.677138854847, 0.43914709783, -0.760447818385, 0.28450809965, 0.583758731624,  
112, 484292.47581253137, 48.716158799525765, 131.44728115905556, 41.961281092301014, 20.961326652081492, -0.646547915105, 0.711918932856, -0.274129944579, -0.0448249659997, 0.323265420022, 0.945246100569, 0.761555326878, 0.623434761029, -0.177094841381,  
114, 1890854.4794078078, 76.71079774107116, 114.20968726113944, 97.56101860540824, 40.51261054750771, 0.899113868665, -0.434195587658, -0.0553935269868, -0.217444071959, -0.552894551191, 0.804379071603, 0.379884622937, 0.711183384874, 0.591528415492,  
134, 2269929.392966918, 81.52821109457142, 138.38474257768044, 96.88145779334945, 40.419865487198514, -0.856110701714, 0.251701307593, -0.451354537107, 0.51525893609, 0.348494068532, -0.782981553408, 0.0397831018265, 0.902883345706, 0.428040849517,  
136, 2212022.4629714605, 80.82895695174999, 96.73889812192496, 86.14806805271746, 63.365701151715776, -0.369841665694, 0.186771531708, 0.91012830813, 0.813862070811, 0.537639477117, 0.220391293704, -0.448158088193, 0.822228792726, -0.350847745324,  
145, 2671158.716532481, 86.07367808437226, 121.37152688255381, 95.86578229768143, 54.806320811781966, -0.194394524642, -0.608341280704, 0.769500912917, -0.960919382149, -0.0395181575437, -0.273993168227, 0.19709061317, -0.792691113496, -0.576884814139,  
150, 2994831.1790260654, 89.41860951849361, 126.73964833982261, 104.30294117904356, 54.084732219838685, -0.309718781323, 0.778937451338, 0.545280408046, -0.503086335594, 0.352382000379, -0.789133109651, -0.806832334153, -0.518732467377, 0.282733464333,  
154, 1372795.3369847941, 68.94546875426441, 113.36749013811553, 109.77435745598405, 26.334662110934467, -0.278929966484, 0.0667508464117, 0.95798872556, -0.830870890635, -0.516972168155, -0.205896431366, 0.481509747454, -0.853395630324, 0.199660364745,  
155, 728848.8955556294, 55.827686395204225, 103.72872340820136, 52.22457209976504, 32.11995790001243, -0.526239720065, 0.105332757513, -0.843787157535, -0.293331483303, 0.908901952028, 0.296401556177, 0.798140587823, 0.403487610461, -0.4474028948,  
158, 2098239.0229771174, 79.41857985093039, 120.3444845272218, 79.81586927587203, 52.14959157877085, 0.227667882668, 0.244770333449, 0.942472715289, -0.640244837266, -0.691622675971, 0.334282249658, 0.733657879093, -0.679518622221, -0.000747327936663,  
162, 1125011.183529116, 64.51926482919482, 86.74450632962566, 60.524170072524406, 51.15609764757069, 0.530716164436, 0.430574335472, -0.730031570851, -0.481904119545, 0.861861940561, 0.157994984026, 0.697215011579, 0.267954729468, 0.664899609403,  
169, 1657404.292643758, 73.41417961237849, 113.6710171801982, 77.25828621465585, 45.055211590335304, 0.33663002532, 0.853720700554, 0.397292324993, 0.890983530907, -0.425298931835, 0.15896278254, -0.304677819518, -0.300469273013, 0.90381947438,  
170, 1975148.765768876, 77.83418831895293, 117.11742049441885, 97.2593131262339, 41.39601215396918, -0.871012943237, -0.141944496946, -0.470306509098, -0.486831533807, 0.121145417244, 0.865054244294, 0.0658142112604, -0.982433482566, 0.174622283597,  
185, 1951733.802700923, 77.52539568416132, 133.81269006157387, 78.70897603762114, 44.23952044551463, 0.60138698011, 0.0999015478255, 0.792687442121, -0.714670766132, 0.510816210559, 0.477820567857, 0.357182581031, 0.853865609901, -0.378594933981,  
201, 1206984.355573151, 66.04972451428867, 131.4007561072258, 83.49463785499375, 26.263740705136463, -0.328219996783, 0.348556511759, -0.877940767832, -0.108120487093, 0.909458721947, 0.401490713897, 0.938393091397, 0.226700664281, -0.260816438961,  
206, 1557449.755959906, 71.90765817064832, 129.37917011503498, 102.19631451994904, 28.120681426714274, -0.22765932367, -0.586551564622, 0.777257032381, 0.893801255421, -0.442610368455, -0.0722175708837, 0.386381350682, 0.678272307982, 0.62502490196,  
214, 2689881.563239, 86.27431431259707, 154.45230529829965, 85.60349704268633, 48.568942481866266, -0.558567015502, 0.737494990194, 0.379610364232, 0.0943637214675, -0.398188591093, 0.912437030153, 0.824074254703, 0.545478675443, 0.152822241095,  
220, 1063498.8717705102, 63.321249303633, 130.78978500745995, 56.6406270857421, 34.27256000005309, 0.551912040154, 0.279895974085, -0.785526157186, -0.329212412203, 0.938606514286, 0.103135827872, 0.766167271283, 0.201683055882, 0.610173464996,  
221, 2164852.812568575, 80.2502858996758, 113.1662848776401, 78.20636188474711, 58.39566694566517, 0.519481230931, -0.595072831632, 0.613210873814, -0.791145967272, -0.606099251462, 0.082047278116, -0.322842545491, 0.527761330936, 0.785646656195,  
227, 804120.8310217797, 57.686948685489455, 115.97709542535924, 93.16602858344882, 17.766541411342022, -0.440728298699, -0.00925545657967, 0.897592838234, -0.626932343192, 0.718821503986, -0.300418845059, -0.64242852037, -0.695133067787, -0.322607523601,  
229, 745269.7626783219, 56.243839983949776, 80.00297178959423, 52.901508336555096, 42.03883938726515, 0.218546434313, 0.819987065511, 0.529016699588, 0.349049121469, -0.571942776459, 0.74232484214, 0.911264048918, 0.0224203668821, -0.411211819259,  
230, 1052342.4569375515, 63.09905102041187, 139.06379014849597, 96.15541181872784, 18.78800595283052, 0.370163225913, -0.369337111522, 0.852390335606, -0.769052804252, 0.392863238647, 0.504198631486, -0.521092094024, -0.842168969846, -0.13861621757,  
231, 584750.0758293417, 51.87529257877975, 134.4509646508738, 75.88328441854436, 13.682694645871383, -0.386289905318, -0.15895651266, 0.908577424402, 0.106862196209, 0.970692971267, 0.215257117313, -0.916166240412, 0.180244230463, -0.357982453919,  
240, 832315.8231252179, 58.35344680476906, 170.77407219844025, 73.5729812367553, 15.814637912284564, 0.783370530968, 0.617430151582, 0.0714885943937, 0.460870915469, -0.654171847867, 0.599714259237, -0.417047491883, 0.436851463744, 0.797014547006,  
243, 531300.051541686, 50.243947087625, 108.49428994062022, 61.461534565902554, 19.02133382026143, 0.388217729575, -0.274852410773, 0.879626708744, 0.307810478156, 0.938346254464, 0.157349980207, -0.868642448871, 0.209672265752, 0.448885104446,  
250, 950184.8961651992, 60.9873605106576, 132.24184150136398, 56.22440138474181, 30.508846294685405, -0.762506721902, 0.476860637931, 0.437249849681, 0.582089780624, 0.800644900094, 0.141912759276, 0.282409253295, -0.362728101951, 0.8880728223,  
253, 952208.5866498408, 61.03062648485612, 145.0588485020662, 67.23150542396905, 23.309149243629875, -0.863223934777, -0.474372514014, 0.172670658701, -0.0693764930343, 0.45027351344, 0.890191364432, -0.500031339661, 0.756455207558, -0.421597175412,  
268, 387824.5343259171, 45.23926671311078, 113.53100496685703, 45.257456186547984, 18.019471470555253, 0.854015753417, 0.342194058487, 0.391867731832, -0.314062651114, -0.261392467884, 0.912709498641, 0.414755041067, -0.902539308878, -0.115762912194,  
271, 1895878.3851640073, 76.77867657693326, 101.77063108049659, 80.78920942758715, 55.04856977952091, -0.602394056805, 0.702766566039, -0.378471338391, 0.761698041064, 0.364373009368, -0.535768984063, 0.238615788591, 0.611024928871, 0.754792051981,  
275, 1628043.0987487626, 72.9780793692828, 121.70140249863124, 68.04455541639561, 46.934081634688795, 0.460939882605, 0.216056489804, -0.860728771355, -0.600197511934, 0.790332654675, -0.123033497971, 0.65367986912, 0.573318313128, 0.493972408682,  
280, 2219610.482072988, 80.92127543678991, 109.33124773219853, 94.91038234472195, 51.06579886970754, 0.862931782216, -0.146979160804, -0.483472714361, 0.17249512935, -0.813615827352, 0.555224923642, 0.474967545831, 0.56251792129, 0.676741766581,  
281, 447570.5821233461, 47.452340864397726, 117.82587879423795, 93.35368107270378, 9.714060168360957, -0.997601448558, 0.0578730535569, 0.0379744586064, -0.056352733135, -0.997611165483, 0.0399541233473, 0.0401960110292, 0.0377183267953, 0.998479648526,  
283, 3250044.86683539, 91.88971736367753, 108.3957163273027, 85.30193459241664, 83.91309634905174, -0.868528408267, 0.201400592271, -0.452875485609, 0.452198071696, 0.6960705745, -0.557676123991, -0.202916997778, 0.68914697761, 0.695630027575,  
289, 1224372.2227144982, 66.3653852236966, 110.77568411089624, 70.27815557780333, 37.54568766882473, -0.583251732375, -0.158002029273, 0.796776490258, -0.112685728039, 0.987153790598, 0.113266589977, -0.804437283682, -0.0237224040647, -0.593563732187,  
290, 1710555.0591636712, 74.19070240718102, 119.12413989119318, 79.9739018603299, 42.86475888279214, -0.788938555799, 0.592883785059, 0.161445881295, 0.067118848751, -0.178018843303, 0.981735377569, 0.610795395624, 0.785364952645, 0.100652252045,  
296, 1040941.613689477, 62.87035613408521, 98.39055033531126, 79.05070925647335, 31.950569290497917, 0.135482178598, 0.551991760151, 0.822769515726, 0.348761486188, -0.803846584269, 0.481867299899, 0.927367243887, 0.221665887509, -0.301420353129,  
302, 3452888.6391496253, 93.76296253780897, 141.68651879675053, 85.76181887302197, 67.8377522613266, -0.608946003986, 0.266362370313, 0.747151826546, 0.0881873058204, -0.913358817366, 0.397490465083, 0.788294211143, 0.307939536957, 0.532696422231,  
306, 2841627.917339709, 87.86708128303268, 111.26628330082357, 85.87155783326511, 71.00119831509777, -0.453301364224, -0.0667405552419, 0.888855202763, 0.862864717752, -0.282968759906, 0.418799665444, -0.223567332255, -0.956804253337, -0.18585819526,  
307, 1431268.9369475474, 69.91079039246476, 127.14639562281401, 70.90071788832748, 37.90338098189265, -0.480093566931, -0.29034519272, -0.827774024753, 0.218302076838, -0.953493870599, 0.207830801323, -0.849620132906, -0.0809265580312, 0.521149231953,  
323, 837292.232294732, 58.469514042222116, 112.83765197438625, 80.17871781683965, 22.0940486304307, -0.476078245632, -0.850427198266, 0.223881853855, -0.15062677509, 0.329678946261, 0.931999660417, 0.86640699366, -0.409982161614, 0.285050080681,  
343, 1876293.1792010877, 76.51337577721546, 133.13862209506055, 86.27134931724132, 38.99791981015565, 0.215924667936, -0.305450792757, 0.927403014326, -0.879450899534, -0.473479992246, 0.0488140579263, 0.424196479341, -0.826145574428, -0.370864984554,  
348, 2530353.844071682, 84.5338954890575, 109.64902115720483, 80.92894178414008, 68.07443210725232, 0.262636959898, 0.250107900021, -0.931916233168, -0.791867290104, 0.607732229819, -0.0600643962929, -0.551332950366, -0.753729112603, -0.357665210295,  
349, 1863828.553020685, 76.34356749613269, 109.00337265282383, 90.59464216978563, 45.05831033025775, 0.339097929095, 0.778679047636, -0.527893488552, -0.284734777205, 0.619773051868, 0.731305319841, -0.896626288447, 0.0976744846439, -0.43188076354,  
351, 4573737.873649886, 102.97399307252505, 137.410957253646, 99.730744319151, 79.67686473251922, -0.672043298029, 0.685470196888, -0.280157838999, 0.106496718725, 0.463863091739, 0.879482507514, 0.732813928958, 0.56121443433, -0.384736408759,  
357, 433843.44721753965, 46.962168701219646, 119.69760974304569, 49.05552277334821, 17.638881665714717, -0.53708798569, -0.552650132803, 0.637270999137, 0.265699039125, 0.606189582536, 0.749625380195, -0.800587606846, 0.571937077604, -0.178738532572,  
369, 1775212.8155265881, 75.11395074922076, 104.1818396635318, 75.49493392840324, 53.88302682334337, -0.617231203304, -0.763087566045, 0.191632482154, 0.0774395381465, 0.183460455877, 0.979972131778, -0.782961531367, 0.619709309013, -0.05414436926,  
387, 1383558.573659707, 69.12518610290662, 131.34384094085593, 68.90262316078872, 36.497529830712395, 0.106826343002, 0.0201046436858, 0.994074411572, 0.666979401623, -0.742919373419, -0.0566505287608, 0.737378200282, 0.669078925016, -0.0927727430232,  
388, 2850713.644950237, 87.96062942277298, 119.53017313947592, 85.32972475074477, 66.72477098775033, 0.68461912064, -0.566924517336, -0.458141082308, -0.262169626235, -0.777995289021, 0.570955705235, -0.680120391353, -0.270776516531, -0.681260839445,  
390, 1030263.3102542945, 62.65463556628667, 107.949528699517, 95.55057457057472, 23.845452665975277, 0.396304520733, 0.903823128592, 0.161389216082, 0.569417534862, -0.104069509724, -0.815434367768, -0.720212744846, 0.415058175883, -0.555895955008,  
397, 836932.817434026, 58.46114666498669, 107.60431305643561, 57.85155331830685, 32.09647101537821, -0.348552609645, -0.498474509563, 0.793746963223, -0.172770586791, 0.866511604241, 0.468303282131, -0.921228203351, 0.0260922024925, -0.388146614464,  
400, 1948390.5784394145, 77.4811046518079, 148.03461860052136, 61.50552030373648, 51.08695594549311, 0.613206874831, 0.080534745098, -0.785806263332, 0.619475022993, -0.666274447734, 0.415125349966, 0.490130619885, 0.741345071561, 0.458453334946,  
407, 3259609.2895499286, 91.97976856918321, 117.17075777350806, 100.29570193403241, 66.2178958931621, 0.172159726605, 0.0126801912885, 0.984987432044, 0.915662210175, -0.37074781551, -0.155270004033, 0.363213085382, 0.928647010464, -0.0754386145383,  
408, 2977090.1074756323, 89.2416908291823, 103.71604435364671, 95.81293622550783, 71.52095025815196, 0.0522385445893, 0.828339004905, 0.557786363595, 0.460726648651, -0.515543690486, 0.722458066896, 0.886003436608, 0.219246884021, -0.40856910574,  
409, 3379129.566126696, 93.0905104384771, 102.64490547159764, 94.730457515901, 82.96390796857428, -0.916369686799, 0.298222219697, 0.267076964178, 0.309342176201, 0.104011344971, 0.945245501518, -0.254114177366, -0.948812493487, 0.187565554047,  
410, 3824495.445279979, 97.0126823826768, 125.03187544381944, 96.77652150466892, 75.45617481863385, 0.680235783529, 0.414493505745, 0.604544797763, -0.426642336777, -0.446761244714, 0.786371862856, 0.596033216588, -0.792842685479, -0.127062507478,  
411, 2855602.4248282523, 88.0108828708808, 133.29051400198915, 81.79433521528063, 62.52974578090405, 0.420796538397, -0.617787376542, -0.664280837191, -0.319275408753, -0.786274944613, 0.528994257851, -0.849113353233, -0.0105104167146, -0.528106092089,  
412, 3521491.988182138, 94.3798678949592, 105.50136231132514, 93.2005419657339, 85.49910920682346, 0.740604487062, 0.0385878093084, 0.670832299995, -0.158334574913, 0.980259059717, 0.118415954284, -0.653020027358, -0.19391533414, 0.732094042494,  
413, 1754807.1270021782, 74.82503467344468, 92.37957207235112, 85.48045625051842, 53.05154089418668, 0.0126368324791, 0.121958274315, 0.992454779721, 0.0399022467974, -0.991804945253, 0.121370347579, 0.999123676611, 0.0380674388054, -0.0173996821058,  
414, 3044565.4059061264, 89.91087683082746, 97.62156089895812, 88.96123165508004, 83.69319831061082, -0.447839983224, -0.60559293403, 0.657796737358, 0.142661973159, 0.677873860626, 0.721203570772, -0.882659000317, 0.416826375525, -0.21718393547,  
415, 2549106.812211416, 84.7422143460989, 104.17163215818745, 83.89699334493268, 69.63114849032301, 0.599273156604, -0.772845999241, 0.208760018276, -0.644467307758, -0.311047368338, 0.698506566814, 0.474903751307, 0.553135242149, 0.68447631872,  
416, 2911947.4444363033, 88.58597599800709, 105.11943276898079, 95.90666931635128, 68.95457808867889, -0.0949997436767, 0.514614764741, 0.85214241334, -0.308996077473, -0.828975871943, 0.46617639134, 0.946306754075, -0.219022025485, 0.237766439063,  
417, 2672611.9196991595, 86.08928427861248, 93.96763457638869, 87.02838021602656, 78.02038636381522, -0.327810299905, 0.941511931724, 0.0780748980017, 0.396289251158, 0.0620160380901, 0.916028842579, -0.857610189243, -0.331223932471, 0.393440554424,  
418, 3594090.423774661, 95.02403400388134, 105.47157677237882, 97.18918074815156, 83.70415761844454, -0.810705336708, 0.0270493057365, -0.584829199076, -0.135938613287, -0.980328072059, 0.143099841194, 0.569453729859, -0.19551267527, -0.798434244855,  
419, 3417921.2235674756, 93.4453754254302, 103.85347649689601, 98.19392300292571, 80.01433299820822, 0.253611828978, 0.0499853290435, 0.966013719925, 0.70390222879, -0.694522850767, -0.148861217471, 0.663477725705, 0.717732176124, -0.211323994971,  
420, 3217520.8647471745, 91.58216812762153, 109.19426454647032, 95.96478358699945, 73.30288148060657, -0.000315221584081, -0.973263501731, 0.229691220629, 0.998491549138, 0.0123047996872, 0.0535090478681, 0.0549047077622, -0.229361609916, -0.971791502825,  
421, 3499552.675665791, 94.18346019254814, 106.39361883134283, 100.47250034463774, 78.15578587799187, -0.485430891586, 0.68465062617, 0.543700624957, 0.172534515828, -0.534637455685, 0.827281470738, -0.857081495741, -0.495395106016, -0.141403672491,  
422, 3549684.8445655066, 94.63106527074468, 110.12829131644304, 96.20284101082213, 79.98607544226594, -0.250562068929, -0.297764789525, 0.921170331553, 0.96247546031, -0.17904433419, 0.203921834767, -0.10420958648, -0.937698915705, -0.331453021666,  
423, 3266917.2667738413, 92.04845618134802, 131.4756330781606, 89.84338873591324, 66.02647803933968, 0.583331101744, -0.324578736401, 0.744562602885, -0.7461573894, 0.148018903616, 0.649106735766, 0.320895584236, 0.934205035337, 0.155842792483,  
424, 3146487.511742619, 90.90319219600663, 97.94770819462853, 92.64465770437803, 82.77948941016776, 0.18640123687, 0.544834535575, 0.81756339677, -0.975810095826, 0.00591370610091, 0.218539893299, 0.114233251623, -0.838522722963, 0.532757362501,  
425, 3194597.743541409, 91.36415819209564, 120.35710185283656, 82.3248179913971, 76.97063517962184, -0.315939382936, -0.335973923632, -0.887301430715, 0.158074198741, -0.940771727217, 0.299935167931, -0.935518494741, -0.0454981308249, 0.350335647757,  
426, 2909858.291918368, 88.56478583862892, 94.71912654701934, 89.93924944177999, 81.54480280287568, -0.0496081757912, -0.520587076687, 0.852366191541, 0.980116594747, -0.189535790304, -0.0587166492175, 0.192121028511, 0.832505423274, 0.519638557676,  
427, 2442745.7082656943, 83.5468121117657, 109.63444058443018, 93.63272884131169, 56.808714772079895, 0.325724661397, -0.924015170081, -0.200248371825, -0.0704430319568, -0.234928160123, 0.969456826697, 0.942836796167, 0.301669894159, 0.141612325563,  
428, 4058638.8163534086, 98.95337207583576, 112.87080922013321, 97.11741282067756, 88.39201864658058, 0.260424159701, 0.936627320485, 0.234325669882, -0.674523565413, 0.00285259792238, 0.738247805542, 0.69079462704, -0.350315750726, 0.632520085093,  
429, 4138285.9491722146, 99.59647375957626, 111.04828294213475, 100.85474502489161, 88.21119461399988, -0.930766412595, -0.237777132858, -0.27773354186, 0.0830973955097, -0.877333639408, 0.47263147168, -0.3560459353, 0.416830565401, 0.836351344654,  
430, 3778834.6961514913, 96.62505667386225, 104.46440277037335, 94.72313920171112, 91.16851414208125, -0.124886800597, 0.482512866893, 0.866939802016, 0.799577474298, -0.468393514048, 0.375876813055, 0.587434379, 0.740127589866, -0.327310252037,  
431, 3607674.5668840306, 95.1436003919808, 98.10961952933793, 97.56081581977111, 89.9811896350516, -0.358323069685, -0.394347084954, 0.846223938636, 0.928188614312, -0.247906569437, 0.277503565908, 0.100351751323, 0.884891354584, 0.454859117297,  
432, 3162651.149974255, 91.05858424997868, 98.60236562726037, 94.02665139011953, 81.4374895070293, 0.624067516901, 0.663598212832, 0.412525328042, 0.742549786516, -0.339330514904, -0.577472610779, -0.243227360497, 0.666702492557, -0.704519863116,  
433, 3717524.4657841288, 96.09963585573304, 108.17641759946828, 99.43204671108217, 82.50993631798332, -0.194203102616, 0.881122244415, -0.431171364229, 0.966998799994, 0.245850439924, 0.0668646543409, 0.164919603883, -0.403956868472, -0.89978907121,  
434, 3594895.5632751626, 95.03112915934932, 108.63652449814299, 92.3824704988513, 85.51301786882364, 0.121552192698, 0.813360886155, 0.568919267844, 0.380309940292, -0.567591805165, 0.730208115556, 0.916836634175, 0.127607255213, -0.378321258524,  
435, 2987206.2670781175, 89.34265771607389, 101.40587840519139, 96.99293861343743, 72.50590098719351, -0.559535585903, -0.458727228123, -0.690282013591, -0.434397185935, 0.871617697026, -0.227115994776, -0.70584630973, -0.172777083001, 0.686970935797,  
436, 4083412.023862683, 99.15429507446687, 113.97561998235604, 102.02347305737396, 83.83445147095075, 0.931438530949, 0.338956068439, 0.132404859171, 0.276500562339, -0.895771491312, 0.348052976397, -0.236579166645, 0.287579935011, 0.928077625465,  
437, 4060633.987132004, 98.969584123197, 111.31597098370752, 99.51862334484704, 87.50712133235098, -0.203346688681, -0.627188558974, 0.751854131926, -0.856095400378, -0.258745760479, -0.447382718581, 0.475132391712, -0.734632658494, -0.484318146904,  
438, 3337444.4206589796, 92.70613547680675, 103.12934793199048, 92.52703149149494, 83.49770367384309, -0.274313250517, 0.536331445079, 0.798185956786, 0.877733592816, 0.478730315187, -0.0200256176874, -0.392856183143, 0.695101335304, -0.602078195109,  
439, 3956229.1301620705, 98.11399109384773, 115.42185360935999, 92.86069298936367, 88.11967002019593, 0.801920394858, -0.48159597905, -0.35353782439, -0.51675328469, -0.856113871506, -0.00592298710814, 0.299816148787, -0.187441596176, 0.935401477949,  
440, 2216854.194186292, 80.88776584570803, 95.06812536384243, 87.78400608419349, 63.41590492298085, 0.327164225985, 0.837410128583, 0.437844545225, 0.553080627814, 0.205998864506, -0.807258500704, -0.76620192402, 0.50626943851, -0.395759860594,  
441, 2562553.7932148958, 84.8909630579444, 119.16434748577456, 92.02011471964046, 55.789860050797174, -0.892752299023, 0.253153131466, -0.372702058778, 0.450286810945, 0.529480774386, -0.718951943766, -0.015333638759, 0.809668822164, 0.586686694871,  
442, 3898055.991498717, 97.6307190506354, 119.71193936482086, 90.46143109346438, 85.93271695361099, -0.649082368788, -0.0386386628327, -0.759736225452, -0.760609564932, 0.0498361820515, 0.647293939947, -0.0128517805435, -0.998009723747, 0.0617367236241,  
443, 974205.3397070884, 61.49700499670891, 96.55656906601885, 84.50050883011141, 28.504980392599915, 0.536689506297, 0.812567272799, 0.227373703418, 0.779169077356, -0.373845159745, -0.5031255762, -0.323820818852, 0.447184775804, -0.833766066452,  
444, 2293979.559609113, 81.81513377628163, 111.1050620642428, 83.62888499164059, 58.94008824736612, -0.533067808813, -0.622277404797, 0.573244749376, -0.815896015647, 0.198744741239, -0.542967972796, -0.223947321618, 0.757146854519, 0.613658078926,  
445, 3199627.577555104, 91.41208343085384, 105.22137167179906, 94.87473264204107, 76.51671169677306, 0.684003163922, 0.357617931693, -0.635805856121, 0.449671652408, 0.479595395167, 0.753514208197, -0.574399753452, 0.8013099724, -0.167234121421,  
446, 361464.75629833766, 44.190181284668164, 103.90688836359277, 35.38952512197451, 23.467037919689556, -0.819316488524, 0.537050274012, -0.200742359298, 0.572988568601, 0.779266603411, -0.253826044882, -0.020114469536, 0.3229869409, 0.946189644904,  
447, 2179168.7008489585, 80.42679227710907, 96.96448920673524, 87.1911849184433, 61.534255368578364, -0.930431591722, -0.19570148937, -0.309835408215, -0.209656443427, -0.409174895877, 0.888042836981, 0.300568176717, -0.891222100064, -0.339679171429,  
448, 3157345.5605830974, 91.0076365013614, 106.71432896574636, 89.38639654145, 79.020421081506, -0.286246335331, -0.821650121974, -0.49290375589, -0.0775353478301, -0.492879010626, 0.866636342834, -0.955013772333, 0.28628894136, 0.0773778825511,  
449, 3157117.982833148, 91.00544987440094, 115.25829338463245, 95.29265906766013, 68.6231377703257, -0.475405554665, -0.61592196705, 0.628195581884, -0.869313869055, 0.219130893134, -0.443029399412, -0.135214480226, 0.756717769171, 0.639605552007,  
450, 3271935.9073684663, 92.09556703329979, 107.79293321347846, 92.83128566544727, 78.06053498872522, 0.759937245738, 0.307685169375, -0.572560231841, -0.449029419934, 0.88539782013, -0.120180198627, 0.469965916395, 0.348425797918, 0.81100647394,  
451, 3461696.3721127524, 93.84261931446504, 121.76389151602302, 102.94616986514951, 65.92826562353187, -0.249657040441, -0.145343680704, -0.95736439073, -0.962957273286, -0.0667807406028, 0.261253942575, 0.101905112652, -0.987124889345, 0.123287472403,  
452, 2491358.8853701083, 84.09739847511428, 100.22415721551421, 88.95232031597313, 66.7141550078739, -0.496859300259, -0.509672605711, 0.70239922461, -0.838615988987, 0.0737395710902, -0.53970890179, -0.223280224744, 0.857202607697, 0.464057787991,  
453, 2291159.156218625, 81.78158998515595, 118.7806839900211, 76.52593996849245, 60.17445351143016, -0.191796548123, 0.28483655336, 0.939192324286, 0.968841176654, -0.097860780637, 0.227530310141, -0.156719043349, -0.953567724644, 0.257192021589,  
454, 530819.0351406686, 50.2287796006219, 106.29927035871277, 59.474922485449284, 20.044429996733964, -0.102454101188, -0.657030934241, 0.746869137534, -0.943942529112, -0.172643986385, -0.281365519739, 0.313808315509, -0.73382859403, -0.602511357321,  
455, 2696877.385259456, 86.3490434092738, 98.98196312163171, 84.49687913827057, 76.97963729406715, -0.431190862726, 0.227056496138, 0.873223790023, -0.860168631051, -0.39560610616, -0.321878447437, -0.27236807092, 0.889910757509, -0.365888613669,  
456, 2928971.307490396, 88.7582714826608, 107.80187776593971, 81.57763416664898, 79.51134062393461, 0.181470708168, 0.453344866739, -0.872666496365, 0.729987243201, -0.656706578402, -0.189354415442, 0.658928681149, 0.602673130051, 0.450108977331,  
457, 3076123.7030399838, 90.22046523896758, 99.63802567396043, 92.23244220800956, 79.91096313082687, -0.660818032894, 0.609773391374, 0.437602489223, 0.586131421064, 0.0550930970727, 0.808340712754, -0.468795781384, -0.79065868858, 0.393813856447,  
458, 3172777.805642222, 91.15566909412556, 98.81850746023034, 92.29497578535755, 83.04905580862662, -0.330549277613, -0.847999313952, -0.41428774856, -0.917516331325, 0.18588104483, 0.351585009529, 0.221135607314, -0.496331946091, 0.839496064593,  
459, 3091608.7372714765, 90.37160017469053, 107.56053757960225, 84.72559037093943, 80.98943120024941, 0.11265361961, 0.968470436877, -0.22220300377, -0.708674548633, 0.235061496007, 0.665226635978, 0.696483701251, 0.082529424998, 0.712810878075,  
460, 3110328.6970899184, 90.5536358868119, 118.16337525633759, 91.44655811602328, 68.71751187816942, 0.829610382053, 0.0103270031478, 0.558247227486, 0.48282922118, 0.488840405733, -0.726574841911, 0.280397141863, -0.87231210626, -0.400560896876,  
461, 2889649.275992397, 88.35928137042774, 113.6333338882024, 105.34820002552746, 57.626687602623974, 0.524580598981, 0.737926732985, 0.42459313692, 0.767735732233, -0.194473507116, -0.610542300322, -0.367963368591, 0.64625396848, -0.668549749531,  
462, 3351085.1940930192, 92.83226635895576, 106.07405561754305, 98.95082065434883, 76.21988432956918, -0.650313240532, 0.75665902486, 0.0675263599304, -0.318297378659, -0.352110894063, 0.880173106281, -0.689767691275, -0.550894761619, -0.469824960696,  
463, 2413450.332647709, 83.21148109180642, 107.04541726799441, 93.04658102024652, 57.847055461315946, -0.0358059347038, -0.705304756898, 0.707999389079, 0.973395250959, -0.185052132862, -0.135119922786, 0.226317521307, 0.684325147879, 0.693166265429,  
464, 3370940.497007365, 93.01525030099867, 107.78856918989236, 98.67615918177854, 75.66195057876072, -0.640502287923, -0.66156245684, 0.389989659947, -0.767610829961, 0.566747799321, -0.299283386929, 0.0230311287843, 0.491051980613, 0.870825768706,  
465, 3182712.574225282, 91.25071376707815, 102.41037916401022, 89.97971895803778, 82.45560910658048, 0.215989036097, 0.323091480238, 0.921390596698, 0.976395234215, -0.0724769348945, -0.203468524621, -0.00104061948775, -0.943588357975, 0.331119204826,  
466, 3311303.7845970714, 92.46345956176553, 108.25688329439969, 92.54173833123679, 78.90731093234055, 0.797379226947, 0.603149539014, 0.0199249095588, 0.424579313181, -0.584156023489, 0.691732713583, -0.428857523254, 0.543113591995, 0.721878695446,  
467, 2845264.9030064424, 87.90455218376324, 111.89487462520059, 92.99143352731159, 65.2801225064519, 0.515561150957, -0.190393065189, 0.835432331402, 0.577334529276, 0.797642434373, -0.174503261265, -0.633152067776, 0.572291034016, 0.521153942186,  
468, 3468902.3558264365, 93.90768950315747, 117.6150391362377, 92.42726887811294, 76.17991579250287, -0.562917169877, -0.82488631424, -0.0518346258565, -0.088768411242, -0.00201316180814, 0.996050257941, -0.82173257756, 0.56529506964, -0.0720906042228,  
469, 1275887.8587877776, 67.28340554786736, 81.22355731648132, 76.28644228782434, 49.158036504136916, 0.958428716082, 0.161517781798, 0.23521565074, -0.2787529962, 0.354024626115, 0.892728027573, -0.0609193179525, 0.921183244674, -0.384330933484,  
470, 1434949.2349315027, 69.97066088425836, 128.48957608267526, 65.57640519177015, 40.656728153651784, 0.13343345908, 0.958336245379, -0.252561186231, 0.669054241675, 0.100898661766, 0.736332724895, 0.73113742463, -0.267228555447, -0.627715672466,  
471, 3193998.678765618, 91.35844683446916, 125.89205879821627, 82.8104624449251, 73.14128347519542, 0.0308557647749, -0.435008092153, 0.899897706154, 0.335649859276, -0.843534737123, -0.419271176251, 0.941481329474, 0.314987471225, 0.119982495487,  
472, 1704333.7118778913, 74.10064843449427, 114.76267379416372, 69.73757731755795, 50.839176966224954, 0.539251974752, 0.308408626615, -0.783639857814, 0.772365302963, -0.551994718838, 0.314250965239, 0.335647354383, 0.774716689768, 0.535868364518,  
473, 2962241.706870391, 89.09307753568744, 104.38711259308832, 91.53324310824647, 74.0126830123646, 0.352250475682, -0.232364926107, 0.906601424826, 0.831293757278, 0.522706913952, -0.189018970525, -0.429965453836, 0.820234127077, 0.377287271565,  
474, 2161355.1634919755, 80.20704375453802, 100.49366886833067, 80.25368575633097, 63.978468468493865, -0.320319347414, 0.893135587836, -0.315759936364, 0.914917572182, 0.205255733163, -0.347557074616, 0.245604054902, 0.400223569701, 0.882892826152,  
475, 4373519.200592542, 101.44893122743954, 122.89999650128367, 102.1932249727141, 83.13204289299722, 0.552887024169, 0.0208303759486, 0.832995818683, 0.788363867909, 0.310625951295, -0.531031006776, 0.269811694114, -0.950303958647, -0.155319142088,  
476, 3232680.940867692, 91.72577949936617, 102.40628093690877, 88.58436075391572, 85.07277191975781, -0.239823174367, 0.915497493895, -0.323031242619, 0.953543965518, 0.15964639731, -0.255473939279, 0.182314977063, 0.369293063159, 0.911254016529,  
477, 2237329.925919514, 81.1360400276653, 119.46391586043546, 75.71431860386141, 59.05091860124223, 0.274414500537, -0.0721451072093, 0.958901332464, -0.711169557187, 0.655967378937, 0.252872811313, 0.647251529798, 0.75133340221, -0.128699556712,  
478, 1797383.703328082, 75.42536088247705, 109.95528949290559, 80.12843295125896, 48.702293614299364, -0.985440373808, 0.164718654715, 0.0421311578074, -0.0608007471531, -0.572821815421, 0.817421823126, 0.158778269341, 0.802958861067, 0.574496761191,  
479, 3467805.797446565, 93.89779337409023, 107.93898587972694, 96.26925276959714, 79.67099200344238, -0.522755244117, -0.385669394302, 0.760253952997, -0.623809823967, 0.780887664848, -0.0327987562473, -0.581023457591, -0.491399606418, -0.648797478834,  
480, 3324129.344796946, 92.58268428749881, 104.71995232150564, 92.76349047290114, 81.69261296827472, -0.956293085151, -0.16828055108, -0.239134253969, 0.187100573973, -0.980618571116, -0.0581428688716, -0.224715176417, -0.100343779627, 0.969244146425,  
481, 3018411.308422142, 89.65267865250716, 103.06721492553426, 89.20396775532704, 78.37636132430083, -0.249347458843, -0.945085060071, -0.21128197746, -0.953415302885, 0.277821333525, -0.117535385581, -0.16977957767, -0.172132320815, 0.970332602326,  
482, 2320430.6514572636, 82.12839356623874, 104.74278586540073, 80.55043074472601, 65.65805242890752, -0.714927361871, -0.475884855245, -0.512262112396, -0.691110300897, 0.369844484633, 0.620952179463, 0.106044421082, -0.797965326148, 0.593300867202,  
483, 3263727.949746355, 92.01849242966021, 97.50341287236158, 94.48119360776643, 84.5785339075456, 0.135137983117, -0.934807399529, 0.328440026952, -0.912246279777, -0.246759596389, -0.326980774088, 0.38670977561, -0.255430670389, -0.886121166699,  
484, 3271408.6833704575, 92.09062015550522, 106.9223440636286, 91.86602097982102, 79.51019443664234, 0.435557908531, 0.894538054901, 0.100453853335, 0.810753492893, -0.341359147501, -0.475555155769, 0.391111342302, -0.288575121504, 0.873931528881,  
485, 2738235.2321793595, 86.78820675607379, 107.51331757880679, 99.30089560279279, 61.23034636066559, -0.554846911679, 0.339173649833, 0.759675022532, -0.649808082903, 0.393522312752, -0.650299657666, -0.519513580182, -0.854459726743, 0.00205313926184,  
486, 3707224.8415102945, 96.01080383397394, 106.237859008147, 95.2935275197575, 87.42136911366882, -0.485952890396, 0.824073120177, 0.291124167526, 0.869304714697, 0.490173568512, 0.0635545886394, 0.0903277439147, -0.28396014744, 0.954571911039,  
