# Void_ID, Void_Volume, r = (a*b*c)**(1/3.0), a, b, c, vector_a, vector_b, vector_c 

39, 1484156.463017931, 70.76149928528092, 93.32131500068547, 82.62384111787017, 45.95204540504095, -0.483714331022, -0.16416113457, -0.859692717115, -0.189761554267, 0.978558379455, -0.0800877676023, -0.854406810884, -0.124397025263, 0.504494183931,  
44, 1022775.4806703416, 62.50247756645187, 147.04836913118854, 80.30607791895862, 20.676787793836695, 0.857265137232, -0.376126034914, -0.351604451544, -0.406299331992, -0.0747287219722, -0.910679126222, -0.316255177521, -0.923550119903, 0.216882084827,  
52, 554086.9780345478, 50.952220044502944, 125.11769871885487, 37.38222708936706, 28.281693744046677, 0.0231504406626, 0.328639386353, -0.944171706224, 0.700183297316, -0.679440555877, -0.219325970164, -0.713587701167, -0.656015765639, -0.245837157437,  
101, 3045361.040519106, 89.9187082687671, 114.57573103977508, 95.55793583703988, 66.40347103670642, -0.497851964907, -0.865780632673, -0.0506686996637, -0.853041670222, 0.478315804037, 0.208647790482, 0.156407576231, -0.147098224654, 0.976677419828,  
106, 652488.9502843745, 53.80568738742913, 84.99180615460266, 64.17306041851053, 28.559772411658976, -0.98563267285, 0.129598517236, -0.108316474009, -0.0680270769117, 0.282385882571, 0.956885850105, 0.154598030447, 0.950506411159, -0.269512543913,  
110, 411243.0517300223, 46.13211025618721, 123.95771474597619, 65.32692410740658, 12.123951567684221, -0.357882875789, -0.891863226253, 0.276586031598, -0.932490319878, 0.325874756151, -0.155780122732, -0.0488021572445, 0.313664835392, 0.948278820014,  
118, 3386201.157878721, 93.15540283099145, 124.0846320861816, 92.66648528876894, 70.30455377186361, -0.061905521903, -0.90982536553, -0.410348035935, -0.968372933221, 0.154316656818, -0.196061805648, 0.241705541027, 0.385232622796, -0.890603311116,  
157, 844116.6862925155, 58.62793873624698, 112.59194512878186, 87.62562308673441, 20.425628789931338, 0.0309511562931, 0.551433323698, 0.833644597799, -0.24151831131, -0.805203260655, 0.541587125339, 0.969902536973, -0.218103183256, 0.108259273171,  
164, 189829.0916254797, 35.65261478204872, 118.27171390379283, 63.37795811632153, 6.045817408073103, 0.499510273195, -0.522922876216, -0.690681657859, 0.409883903332, -0.559726820103, 0.720209047879, -0.763206834851, -0.642851112146, -0.065251627179,  
197, 138312.39850573917, 32.08170943575444, 92.33681192269162, 25.33304767567284, 14.115952460470082, 0.678876133228, 0.478858615973, 0.556616224738, 0.559647846061, -0.828190212862, 0.0299208910011, -0.475311986102, -0.291196492472, 0.830230762282,  
222, 3141034.776230234, 90.85065131622977, 137.44049057060718, 97.93587654531301, 55.70929007616031, -0.284605727268, 0.934540826157, -0.213618876161, -0.828984501633, -0.35183295447, -0.434739310623, -0.481439794842, 0.0533574399219, 0.874853534912,  
223, 661042.7065889604, 54.03978795159957, 117.22501499433557, 70.67850716027978, 19.04729217636495, -0.602974375876, 0.748771276677, -0.275251661685, -0.048633464111, 0.309887175278, 0.949528685595, 0.796276766084, 0.585927908383, -0.150438685094,  
226, 2311620.7309832633, 82.024323481991, 107.93481382028624, 97.1410883854528, 52.633646524573315, -0.605950131221, 0.718069950253, -0.342344833489, -0.464048806999, 0.0304739248347, 0.885285289965, -0.646129354849, -0.695303449185, -0.314753825004,  
231, 491355.97847609053, 48.95186153756612, 98.70525867025, 44.924136146599544, 26.45377221119628, 0.398886169312, -0.630435994342, -0.665913118184, 0.497092618961, -0.461573298246, 0.734744185769, -0.770576895648, -0.624099789604, 0.12926987472,  
232, 1075886.2567271148, 63.5661512413817, 149.19663061937715, 52.32128748454098, 32.903364835862014, 0.140914203671, 0.496718461063, 0.856395911739, 0.37151958879, -0.828340575543, 0.419315020069, 0.917668993891, 0.25908041483, -0.30126559097,  
240, 578117.0307846055, 51.678399079014476, 86.81045135745165, 77.63579125110407, 20.478264885262078, 0.894276090457, 0.341921526943, -0.288721220988, -0.326299930117, 0.939724315609, 0.102208445142, -0.306265619425, -0.00280714549841, -0.951941957418,  
249, 1358721.1978675036, 68.7090452638026, 114.01714145180685, 99.30142885306756, 28.649437242255484, 0.547783036412, -0.108766899731, -0.829520045896, 0.059024242841, -0.984018013165, 0.168002049168, 0.834535729479, 0.140990465247, 0.532608491232,  
258, 2621182.4564913623, 85.53349426027226, 131.51892360652988, 74.8270236349083, 63.58606163209303, 0.44919299184, 0.458122188839, -0.767039579276, -0.593294116734, 0.79485766888, 0.127292487095, 0.668002804733, 0.397901176569, 0.628845693755,  
295, 2150750.9014150864, 80.07565530480602, 141.03854307144343, 79.4167329138733, 45.84074576391321, 0.289267889289, -0.767936331149, 0.57148742727, -0.396847535454, 0.447084301755, 0.801640605714, -0.871112003034, -0.458682263038, -0.175426508099,  
304, 130159.42159737884, 31.438537415008785, 84.96932786033035, 34.777365214262936, 10.515456757271297, -0.823078760419, -0.206796350372, -0.52893914926, -0.544265944287, 0.0211874685989, 0.838645141323, 0.162221872867, -0.978154568893, 0.129991166301,  
338, 957883.469516934, 61.15162794715411, 141.18392734144274, 72.7632200128537, 22.26008923127067, -0.184187811031, -0.935211857045, -0.302413016768, 0.0986526175987, -0.323713451258, 0.940998014087, -0.977927661593, 0.143486528699, 0.151885169695,  
343, 1618046.7864344253, 72.82840891022565, 109.84294805212883, 70.75816261565554, 49.69969672418179, -0.596924673756, -0.784969176775, 0.1658442805, -0.752591303184, 0.476220597721, -0.454774969274, -0.27800587086, 0.396279363354, 0.875028800639,  
346, 1313619.2801144272, 67.94022303343809, 106.2176030636615, 91.30610998363876, 32.33587128796982, -0.455610364158, 0.61235160687, -0.646099609686, 0.886952977978, 0.374015907186, -0.270973275487, -0.075720610986, 0.696518205603, 0.713532604957,  
357, 1465501.4366991324, 70.46377070765598, 107.8462315514095, 84.13436877895833, 38.55841952210262, -0.978863979197, 0.204492713123, -0.00283557922337, 0.0966068736831, 0.474568693703, 0.874900946916, 0.180256545477, 0.856135085858, -0.484293601626,  
366, 282144.785519108, 40.687512528800895, 121.8822853725952, 57.54486631857556, 9.603648241124986, 0.549095315097, -0.675591158546, -0.492007033926, 0.344948439432, -0.353013605829, 0.86970797871, -0.761252198073, -0.647269635155, 0.0392059987084,  
369, 1260871.8044393037, 67.01840813140355, 115.77777020603477, 92.97506214475611, 27.96344445065302, 0.610994335113, -0.735011035968, -0.294014794637, -0.00975327265469, -0.378363055416, 0.925605894519, 0.791574883465, 0.562672351642, 0.238346446513,  
377, 542135.2318919552, 50.583204725718126, 84.42176146924196, 47.25394354139016, 32.44341448178248, 0.456536472525, -0.881479986108, 0.120695829859, 0.4004664055, 0.324731834577, 0.856840646607, -0.794481659524, -0.342844381176, 0.501255047831,  
380, 1076147.247368928, 63.571290827217666, 119.78437094995785, 76.58246261387215, 28.00616258971194, 0.699756381565, -0.0883326614141, 0.708899391583, -0.592727277813, 0.482125956097, 0.645158071013, 0.398767326389, 0.871637483926, -0.285013536555,  
390, 1549018.0788063523, 71.77765941551726, 146.41776968029873, 87.10346430327417, 28.99603810597317, 0.586523325849, -0.250150444446, 0.770334436059, -0.506319133843, 0.629111391113, 0.589796399003, -0.632164000035, -0.735964409951, 0.242332549083,  
428, 1415096.2756616052, 69.64647271389623, 122.73185891924598, 63.04155910173193, 43.662954684105614, -0.601741341024, -0.247183941636, -0.759478411477, -0.797291468447, 0.242173167424, 0.552881968707, -0.0472617482129, -0.938217595218, 0.342803254329,  
446, 3143185.127258887, 90.87137869229849, 132.9991318237505, 103.2906215457165, 54.62251023486068, 0.904784152583, 0.365810661387, -0.218055491219, -0.352515491258, 0.930608752214, 0.098489485358, 0.238952852375, -0.0122437869392, 0.970953976264,  
449, 641629.4091375435, 53.50551527222347, 119.65716632462964, 75.98296563939142, 16.847703014693515, -0.875524750471, -0.278081514403, 0.395129197427, -0.483139124531, 0.494134167087, -0.722777982001, -0.00574435894979, 0.823712386859, 0.566978752755,  
459, 274437.56056314294, 40.31360600226032, 110.74736948728898, 30.106468314476057, 19.649961715867313, -0.917484300544, -0.234703738131, 0.321149051941, -0.397264859073, 0.499911517188, -0.769590220006, -0.0200795916649, 0.833668177568, 0.551900516134,  
460, 1127978.651142176, 64.57594300253594, 155.46520578038445, 64.3580808711204, 26.91385941198447, -0.324919068558, 0.238231147973, 0.915245059546, -0.0571878895076, -0.970931872034, 0.232423848092, 0.944011199182, 0.0231780068951, 0.329098216062,  
495, 1361847.4376460703, 68.76170174159583, 115.93779831949496, 62.987592664416994, 44.52047503839059, 0.54895549114, -0.743862160537, -0.38120461024, -0.685026437993, -0.139058980789, -0.7151233314, -0.478943261774, -0.653706115914, 0.585902437287,  
496, 2363620.3289982243, 82.63481055120124, 120.31592632548201, 96.45953877006873, 48.620655227040146, 0.214320715421, -0.871812639464, 0.44046492779, -0.00683160844386, 0.449594388837, 0.893206703206, 0.976739453522, 0.19444178357, -0.0904015084758,  
497, 390690.0081474519, 45.35041145484681, 117.21234526235446, 40.260418574389654, 19.764783137577368, -0.73265000139, 0.325322552857, 0.597820384451, 0.662555708614, 0.139965090001, 0.735819071895, -0.155704554995, -0.935187152491, 0.31808973792,  
502, 1084457.476752579, 63.73450825391533, 139.5811760905731, 80.91507839519154, 22.922796846688257, 0.271186886865, 0.783462707988, -0.559145649706, 0.917535454607, -0.0348894100979, 0.396120459712, -0.290837346178, 0.620458632187, 0.72831636245,  
506, 1671718.973374373, 73.62492873491856, 112.2493159121969, 77.52001823905348, 45.86454538686535, 0.316014754481, -0.396676764413, 0.861848141801, -0.672840483081, -0.734145926917, -0.0911890471405, 0.668894879093, -0.551069235728, -0.498901130643,  
512, 2914124.960477077, 88.60805163928897, 121.5824285536676, 111.06160183993275, 51.52106294849547, 0.590559924688, 0.371967506632, 0.716155813606, -0.76416813316, 0.54301378826, 0.348113616542, -0.259395527361, -0.752845402303, 0.604927897039,  
526, 604520.1044953326, 52.4534485909436, 117.67619013904877, 56.12781426728033, 21.850199666864174, 0.306842217881, -0.797027225473, -0.520187903724, -0.881247266342, -0.444373355707, 0.16104526166, 0.359515102453, -0.408998682874, 0.83873056968,  
533, 913784.1690718532, 60.198408100968, 111.47281622184553, 88.36044745539202, 22.14767494504992, -0.135775124521, 0.400414574808, 0.906219225046, 0.630328070789, -0.670778031287, 0.390823944913, 0.764363551418, 0.624279585622, -0.16131757573,  
564, 535355.0585961364, 50.37144780749878, 123.367913953351, 73.06097455006487, 14.179653528463977, 0.29954585009, -0.377481366202, 0.876230621391, 0.778712890023, 0.62736730472, 0.00406200444432, 0.551251774243, -0.681115322936, -0.481874878216,  
574, 588962.965129077, 51.99957479897979, 95.02464464077073, 84.1124252441156, 17.591503852451783, -0.823242371876, -0.566022055011, -0.0434859792235, 0.164649688333, -0.311376109901, 0.935914204569, 0.54328857643, -0.763324276717, -0.349533362208,  
599, 788550.7737707951, 57.312191809006364, 97.49157090614214, 65.61319367764052, 29.429494830800092, 0.391731715542, -0.212495852783, -0.895204879113, 0.562437673252, 0.825313723218, 0.0502107754867, 0.728155290268, -0.523166102512, 0.442817233672,  
604, 1815424.1777794096, 75.67687126703453, 100.97940246480697, 87.21819217979662, 49.20957664032802, -0.435006498951, -0.229470219701, 0.870696711915, -0.853248024089, 0.413952365256, -0.317192762665, -0.287640670382, -0.880901162202, -0.37586698069,  
608, 1261230.578115073, 67.0247640935606, 114.56633265534506, 57.85924430093673, 45.42303135207062, 0.315476234587, -0.944186910571, 0.0947935826834, -0.710452569063, -0.168788133117, 0.683204005573, 0.629072247459, 0.282880971481, 0.724048660969,  
634, 461544.15919759043, 47.941124514008195, 132.0332836185927, 47.10332371141736, 17.716979104250452, 0.795772425274, -0.139667380261, 0.589270116385, -0.51134508657, 0.36635753822, 0.777372726966, 0.324457161447, 0.919932158955, -0.220118998056,  
668, 1602463.6387436746, 72.59385475224566, 99.22161571133792, 70.24138008038395, 54.89088638470892, -0.168682529387, 0.985401126892, 0.0230396050334, 0.761088780574, 0.115360166526, 0.638307057821, 0.626330641406, 0.125206433939, -0.769436986722,  
673, 1289187.392103702, 67.51637967653886, 110.4591172817007, 63.44345824220257, 43.917642997293285, -0.583728198148, 0.811944339676, 0.00278925689746, 0.12607766781, 0.0872458967784, 0.988176388695, 0.802100874184, 0.57717808583, -0.15329593886,  
674, 1278706.7962672075, 67.33292092391004, 113.00948636071634, 73.14073184973763, 36.93245365522155, 0.342223304529, -0.408022828733, 0.846404502038, 0.880143643469, 0.4545926338, -0.136721264461, 0.328983854768, -0.791746745196, -0.514690892453,  
675, 384341.8810396035, 45.10344355937175, 112.71873544871022, 49.981468663907805, 16.28635813826123, 0.580536946362, -0.668787089523, -0.464435875871, -0.294305864939, -0.704185011653, 0.646148223882, -0.759184372713, -0.238426714632, -0.605633379181,  
680, 866284.6181664824, 59.136733400945694, 107.41677802258225, 87.6203619671341, 21.973276936705375, 0.972797485228, -0.154562267519, 0.172555956703, 0.204157272423, 0.924014107973, -0.323292029569, 0.109475389248, -0.34972622682, -0.930433611508,  
681, 1550893.9236303787, 71.80662172795343, 137.3643698217323, 68.3008993559908, 39.463260535507814, -0.759776962627, 0.454624221818, -0.464818011697, 0.617503395665, 0.728351960796, -0.296973024947, -0.203539979865, 0.512659963466, 0.834117041221,  
683, 931619.5337383155, 60.587540854218396, 123.11698423035182, 52.242239428036946, 34.57882427806869, -0.525139585829, 0.789806777994, -0.316912714844, 0.0251992527981, 0.386661403776, 0.921877408601, 0.850642940989, 0.476128356921, -0.222953750095,  
689, 3790115.557294317, 96.72111194543031, 107.51221788730567, 99.2838207348575, 84.76714171026644, -0.437077282985, -0.233709916589, 0.868529287696, -0.596007877922, 0.798458597795, -0.0850792399009, -0.673600815138, -0.554836500687, -0.488281065936,  
726, 1714646.901159777, 74.24981282831243, 129.29801035366543, 79.84055636838998, 39.65251088064483, -0.0278783521994, 0.963045644843, 0.267891551618, 0.256660860542, -0.252114941606, 0.933039794909, 0.966099373845, 0.0947688881887, -0.24014757481,  
770, 1780832.6269859555, 75.19313028494918, 126.31635264846618, 85.91464846897397, 39.174882276261776, -0.368385639103, -0.880961419291, -0.296983162188, -0.906261409914, 0.269053938409, 0.326037168321, 0.207321677118, -0.389251789909, 0.897496944981,  
778, 1499497.1589950542, 71.00446824418412, 128.04862896215712, 110.79044942594221, 25.23363292642348, -0.153144954867, -0.888340333808, -0.432894992035, -0.986554096163, 0.162740196297, 0.0150546953599, 0.0570757228784, 0.429379878242, -0.901318635122,  
881, 380904.09751146496, 44.96856321955905, 130.99938304535385, 47.091159502399606, 14.740709956153628, -0.805135633002, 0.3491331568, 0.479439935021, 0.231981587988, -0.558589383345, 0.796343169525, 0.545839862327, 0.752385499353, 0.368747752614,  
889, 1654587.2324146533, 73.37256243847155, 150.69313473573834, 102.56671110916396, 25.556487422111175, -0.201246259225, -0.94819160845, 0.245830463559, -0.0511953032615, 0.26080347393, 0.96403349989, 0.978201913754, -0.181422770488, 0.101028680466,  
957, 2104807.2220314476, 79.50136255263891, 118.04118587105921, 79.66712856424539, 53.433175874933, -0.682185510005, 0.134413036027, 0.718718349345, 0.731161407266, 0.11855832446, 0.6718235782, -0.00509180356305, -0.983807430063, 0.179156395613,  
974, 1528302.0691693164, 71.45624612211664, 128.89303418264953, 78.09049879014935, 36.24874271872535, -0.897952230699, 0.399975099856, 0.183580257318, -0.0869791904993, -0.570203654763, 0.816885801392, 0.431412113648, 0.717556765413, 0.546805154152,  
1004, 1919074.3684781664, 77.09053599041094, 120.87533373256844, 64.69396919694142, 58.58706096711473, -0.899599188842, -0.394810834289, -0.186670041953, -0.112471429291, -0.203571080277, 0.972578527867, -0.421985162095, 0.895925901179, 0.138727439857,  
1019, 1893282.7111537335, 76.74362098168429, 110.55582443832316, 84.95194315489898, 48.125129928702734, 0.659929535972, 0.403529452025, -0.633764142959, 0.688242255035, 0.0136568553505, 0.725352389316, -0.301356277412, 0.914864728608, 0.268713457821,  
1020, 2115921.6919132643, 79.64105305439952, 131.02295182075295, 78.6755490208971, 49.003129896657306, 0.0329849664743, -0.943588024474, 0.329474782125, 0.315440263169, -0.302976463819, -0.899278990494, 0.948371990497, 0.133592299334, 0.287651986262,  
1026, 2804616.6034851633, 87.48393256576458, 113.60366544169153, 101.44592529039522, 58.09756621016048, -0.231078676316, 0.513853363446, 0.826170300984, -0.684150316922, -0.689574858063, 0.237539173575, 0.691766571329, -0.510334435446, 0.510898986875,  
1060, 328875.16294971836, 42.820081444186016, 95.82447589201773, 57.88837533099803, 14.153852107103514, -0.910013596288, -0.207267679465, -0.359047857005, -0.401612175478, 0.655632959709, 0.639416204558, -0.102873296234, -0.726075430787, 0.679876131166,  
1061, 1176756.9000876122, 65.49367817312056, 108.32665852248965, 64.37370481341178, 40.28601341796226, 0.494925393415, -0.486733620197, 0.719818892446, -0.817729120938, 0.0192769884333, 0.575280351209, 0.293884228436, 0.873337724301, 0.388475584291,  
1071, 2584007.91717042, 85.12721203279857, 115.31924751401655, 94.88537917049274, 56.37728188197984, -0.219513836205, -0.771480484022, 0.597186351558, 0.148774388442, 0.578486634613, 0.802009597772, 0.964199075429, -0.264898237719, 0.0122092831526,  
1111, 2445495.056668586, 83.57814477304119, 116.51088983746662, 108.97852786557584, 45.98018601350305, -0.612994429271, 0.406549576437, 0.677462376507, 0.488150184114, -0.479333251611, 0.72934836097, -0.621246511002, -0.777789866094, -0.0953713624125,  
1137, 2959017.6058677183, 89.06074286209328, 107.1777444446515, 87.12391169342493, 75.65139846352257, 0.470838796241, 0.168240219562, -0.866028900486, 0.698053088696, 0.529229302623, 0.482325855213, -0.539474478837, 0.831631873948, -0.131741082874,  
1186, 3097673.3220065767, 90.43065338357789, 126.79226362172902, 107.75562455887687, 54.127043059616895, 0.337276606748, 0.834120484896, 0.436448745236, 0.912762283473, -0.176254980725, -0.368509424085, -0.230454994327, 0.52266356143, -0.820800400306,  
1200, 518606.1890845421, 49.84057323793949, 94.99638011255391, 80.50792409444395, 16.18838039956184, -0.453296986813, -0.871222456621, -0.188396583901, 0.139806402321, -0.278234436112, 0.950284046184, 0.880327218491, -0.404421846146, -0.247925308798,  
1202, 902593.892440002, 59.95166657322759, 108.60859368421286, 76.12908841209197, 26.0608730943157, 0.500439767012, 0.136029560154, 0.855018127502, 0.734274796054, 0.456543245367, -0.502403014511, 0.458694411861, -0.879240708722, -0.128589317802,  
1210, 2399388.489951209, 83.04955708222755, 131.9032938159936, 88.73552239342412, 48.939419189123235, -0.420978853993, 0.801029618341, 0.425591770399, 0.145821232166, -0.403326036642, 0.903362760145, 0.895272568965, 0.442356935865, 0.0529846067429,  
1212, 2643271.123797627, 85.77308568428936, 136.1458376895177, 87.77819711634571, 52.803423061808225, -0.780756508235, 0.572067894858, -0.251311755639, 0.111405987231, 0.523210313148, 0.844890332661, 0.614823536357, 0.63165599173, -0.472231645756,  
1236, 1512861.7546849898, 71.21479223005065, 98.99788990045461, 71.42522906893691, 51.077902517793866, -0.1389019474, -0.123115879837, 0.982623391305, 0.637990480374, -0.770018537715, -0.0062927360265, 0.75741296263, 0.626030296158, 0.185503833741,  
1241, 1801514.4965640584, 75.48309817230155, 116.63852793515933, 96.11852698171488, 38.361891739305904, 0.188591412056, -0.951590809367, 0.242710137461, 0.845008169257, 0.0313095369939, -0.533836029865, 0.500394317701, 0.305768939595, 0.810006717498,  
1248, 267598.61333136924, 39.97591531659795, 95.80121653538986, 71.6575889088372, 9.305978270371163, 0.416421143817, -0.731062843005, -0.540500278039, -0.867429976541, -0.497537520492, 0.00465311734721, 0.272320889357, -0.466908487052, 0.841330968133,  
1249, 738820.4499426147, 56.08113133919664, 150.07859481155452, 57.38256943495425, 20.481018644879875, -0.218431034312, 0.961679762119, 0.165710344822, 0.955844882138, 0.176635775901, 0.234862436251, -0.196592076492, -0.209694629886, 0.957799414104,  
1252, 1526638.144191069, 71.43030425915278, 109.02168968960343, 70.12704347398106, 47.67042915619075, 0.632480698339, -0.499023616425, 0.592404926109, -0.543278703964, 0.259341571849, 0.798492453896, 0.55210181674, 0.826872045337, 0.107080365108,  
1317, 1102907.0966173196, 64.09391114601173, 89.99829236714884, 81.33766820594143, 35.96866631110377, -0.831467147769, 0.547580147718, 0.0939061446679, -0.309067272018, -0.596348880735, 0.740841031405, -0.461670665679, -0.586961663374, -0.665083605407,  
1332, 391565.0139192465, 45.384242440503094, 113.35650688486596, 30.547632537453598, 26.99549276633818, 0.391252252251, 0.66987540141, -0.631021886858, 0.67995335779, 0.25163909636, 0.688724325411, -0.620149261338, 0.698530394306, 0.357029665284,  
1343, 1846553.015940101, 76.1069627466388, 131.88934879512814, 72.64309785147391, 46.01178603335823, 0.454269119455, 0.855766756377, 0.247594074624, 0.748543396334, -0.215965253043, -0.626930453306, 0.483034523522, -0.470130054514, 0.738684899621,  
1353, 2259918.60095484, 81.40818317334083, 104.67738328254622, 77.63843884597048, 66.38569951082296, 0.0293345126046, -0.765752885191, 0.64246556732, -0.922576599478, -0.26810921718, -0.277434435061, 0.384697159419, -0.584585294448, -0.714330546071,  
1356, 2245235.4044177104, 81.23149089213123, 108.22117337922856, 89.79828638029684, 55.15602820619909, -0.658255750943, -0.126954003841, -0.742012161126, -0.582155468631, 0.71077516327, 0.394833734149, -0.477278091571, -0.69186801356, 0.541778806451,  
1362, 2351310.4006844405, 82.49110449633316, 114.88316024276295, 79.35174432853769, 61.57557894741747, -0.0661298245357, -0.994524080042, 0.0809240416871, -0.776878648475, 0.000423327011205, -0.629650209512, 0.62616803803, -0.104506818009, -0.77265251772,  
1365, 1544325.197435961, 71.70510059372106, 106.45597508413292, 93.3188235443322, 37.11170017916659, 0.949269745549, 0.227765089893, 0.216817928254, 0.296068463379, -0.879692425777, -0.372135326222, -0.105973653228, -0.417449757283, 0.902499465355,  
1368, 1130614.7454355091, 64.62620868156804, 104.41363683733832, 76.70200739693374, 33.7024973149715, -0.253640317272, -0.471586931977, -0.844554530532, -0.0814108952193, -0.859601153444, 0.504438423534, 0.963866617118, -0.196701862181, -0.179637194981,  
1380, 1550924.2988921728, 71.80709051795485, 101.38095540086967, 63.378183776149356, 57.62432110703258, -0.815856263822, 0.276054396789, -0.508106806485, -0.0192881292862, 0.865209765476, 0.501038950376, 0.577932976089, 0.418576195858, -0.700562233788,  
1382, 963892.674234124, 61.279238069937584, 147.67127126079268, 84.50649147856349, 18.439705705390498, 0.772324285045, -0.401152934559, 0.492535807656, -0.573208069785, -0.774272858339, 0.268205237778, -0.273765789429, 0.489466918119, 0.827933831055,  
1385, 1851708.5382021808, 76.17772640551598, 122.33417009251897, 92.72739171238406, 38.969801696299406, -0.840115442502, 0.37485066484, 0.392037016542, -0.20146722232, -0.886715421139, 0.416109024469, -0.503604012693, -0.270597008451, -0.820463440634,  
1393, 1428924.790699352, 69.87260267829303, 125.7603986103218, 69.994331536953, 38.75377256165756, -0.469177396244, -0.00777749503303, -0.883069692281, -0.874461527539, -0.135463139911, 0.465796924184, 0.123246126541, -0.990751860102, -0.0567551230833,  
1395, 2359937.076482612, 82.59186469319371, 119.25736187617655, 85.68058545538152, 55.137134360792764, 0.258511806792, 0.813556732771, 0.520861870664, -0.520064610743, -0.33717203006, 0.784759722972, 0.814066610544, -0.4737514799, 0.335939114855,  
1396, 3955025.964186259, 98.10404396314918, 141.70171575962416, 82.83721915313453, 80.43778622240004, 0.528442276089, 0.557751922136, 0.640048087409, 0.701481795594, 0.137793273023, -0.699239804616, 0.478196665915, -0.818489955506, 0.31843702901,  
1397, 1828397.4437428766, 75.8567092714321, 135.33063171493475, 70.5224715641921, 45.73601932043899, -0.671423015422, -0.050182659172, -0.739373271819, -0.234326784354, 0.960891702024, 0.147574032658, 0.703051984206, 0.272339563228, -0.656923945221,  
1402, 528273.5525922284, 50.148362111545, 120.02890633034725, 62.73479639937174, 16.74850000290472, -0.254768386369, 0.916861425729, 0.307340520134, -0.116758342867, -0.344669268766, 0.931434691505, 0.959927371564, 0.201415543536, 0.194862054141,  
1408, 1315783.8294770357, 67.97751929540784, 108.03094250281622, 94.40375607610525, 30.80055174787761, -0.468632874507, -0.30166252307, 0.83029088343, 0.345238071181, -0.927681742987, -0.142187404276, -0.813138305049, -0.22001433113, -0.538887549456,  
1409, 1377763.8192627253, 69.02854545106295, 93.04138924362849, 76.75744449977428, 46.05634533145609, 0.165060513284, 0.104997190495, 0.980678651212, 0.941406449459, -0.31329217027, -0.124907617722, 0.294123994044, 0.943834522591, -0.15055719874,  
1410, 2291017.8123352514, 81.77990822140828, 119.30537229360756, 98.45770185802597, 46.56184295208324, -0.424049281438, 0.682639576608, -0.595134787557, -0.54515661004, -0.71715336728, -0.434160475319, -0.723178039933, 0.140336225713, 0.676253847538,  
1414, 2607141.6113222516, 85.38049545582061, 124.32736413395966, 72.4992610988212, 69.05191151598144, -0.565359476832, 0.430422882555, 0.703636841083, 0.726550178114, -0.143998017777, 0.671855199845, -0.390504162127, -0.891067176508, 0.231313177989,  
1422, 537604.8404626212, 50.441909701207365, 125.1718561611055, 51.95395873503499, 19.73554952450792, 0.342982664128, 0.606566059739, 0.71724508174, -0.536256075311, -0.500469537764, 0.679676146016, 0.771227796309, -0.617744167874, 0.153622359235,  
1435, 2207832.2997820512, 80.77788745834808, 120.99791460313345, 73.08101481900363, 59.60669174795389, 0.228773601817, -0.970954893705, 0.0700659225467, -0.567846960072, -0.0746402764322, 0.81974304454, -0.790703780849, -0.227322289986, -0.568429509637,  
1446, 698768.2390380495, 55.04884135068688, 128.17745891583442, 71.21059165329633, 18.276300741752426, 0.643895009615, 0.376753452543, -0.665924960179, -0.216793294035, 0.924530043935, 0.313440369962, 0.733757374242, -0.0574546243332, 0.676977903545,  
1447, 2769579.2340133255, 87.11809997335841, 149.55489105993453, 93.28879574548151, 47.39091318444731, 0.807224222491, -0.419561217651, -0.415159534718, -0.389445304208, 0.149946083697, -0.908762084934, -0.44353287325, -0.895256698734, 0.0423560352142,  
1462, 2800048.9557072213, 87.43641413778509, 112.62464530805936, 98.41458399772777, 60.30927642722182, 0.172492063244, -0.619863997585, 0.76551623929, 0.722517012284, -0.448599499304, -0.526049100545, 0.669489100044, 0.643837800787, 0.370482430352,  
1463, 798824.722633661, 57.56002351140049, 113.04845256888728, 65.1704956981468, 25.884944708474542, -0.738319990908, 0.610044837272, -0.287626298421, 0.665819289634, 0.727277123168, -0.166591295295, -0.107555867234, 0.314504821322, 0.943142859162,  
1464, 1236875.9677411602, 66.59053651952495, 127.70646566526705, 59.5128745557682, 38.852031168540606, 0.752665734861, -0.609070409652, 0.250055049245, -0.581945958848, -0.79305278513, -0.180017168562, -0.30794998384, 0.0100257709342, 0.951349720855,  
1468, 2619720.23405503, 85.51758639424047, 107.23504762690048, 105.48775857668238, 55.287568660881554, 0.998528569302, -0.0502792827631, 0.0203147732649, -0.0419090656307, -0.477758857746, 0.877490799988, 0.0344140451842, 0.877051006253, 0.479163026458,  
1487, 1253845.1452751027, 66.89368146472326, 95.0325749525282, 69.84353776569004, 45.09792574170009, 0.313243554466, -0.94757486903, -0.0630899609067, -0.784082268214, -0.220571124901, -0.58014082388, -0.53581104156, -0.231193093412, 0.812069135789,  
1496, 1092702.9276366294, 63.89563135686656, 103.13489275756831, 87.03454031792613, 29.061380195123952, -0.292164858031, -0.62441719384, 0.72439137472, 0.879440046126, 0.122219592402, 0.460051710683, -0.375799016764, 0.771469726736, 0.51342921589,  
1504, 1790279.8249713366, 75.32586069469413, 102.75705772766983, 73.4335752757422, 56.64035601132784, -0.646561591224, -0.57807441502, 0.497783165096, -0.762466789298, 0.468696222895, -0.446058567748, -0.0245459563143, 0.667947468999, 0.743803518872,  
1517, 3434842.4008540884, 93.59932899780821, 135.81877447695953, 110.93728824315961, 54.42279634342918, 0.914258847981, -0.400281794838, 0.0624919483647, -0.0355689845978, 0.0743478270748, 0.996597836614, 0.403566111342, 0.913371165152, -0.0537355417359,  
1523, 1938591.1533818338, 77.35098926812265, 101.28956664323879, 85.48999500506787, 53.44629598606592, -0.947728115416, -0.292968423607, -0.12641567157, 0.151098140678, -0.761017935934, 0.630889097283, 0.28103517775, -0.578810162278, -0.765505078305,  
1524, 2877063.071484183, 88.23080827717837, 133.53837583023545, 80.87270342478591, 63.59935666084455, -0.488750794608, 0.80474281547, 0.336914917626, -0.0916746124977, -0.431418662671, 0.89748186774, 0.867593468275, 0.407758431487, 0.284630699958,  
1528, 1679855.474840636, 73.74418324331836, 94.44646011530021, 71.10629474473868, 59.71584416631683, -0.738637394853, 0.656459553945, -0.153217665296, 0.144027910672, 0.375728371195, 0.915469361599, 0.658536832585, 0.654132284109, -0.372075523267,  
1534, 2401570.61637091, 83.07472595655273, 100.58252254980385, 84.07690186625781, 67.79653975364033, -0.968702851945, -0.241482666319, 0.0574535160062, -0.0708130488596, 0.490687416993, 0.868453436239, -0.237908168724, 0.83720486183, -0.492430424103,  
1536, 2940951.3938852744, 88.87911997484616, 109.35178532794274, 95.91619192294071, 66.93934085489889, 0.440984980089, -0.689860895868, -0.574129072324, -0.0433683672878, -0.655319127372, 0.754106110583, 0.896466079701, 0.307650427681, 0.318904033045,  
1537, 1837162.8162102238, 75.97773558328679, 90.78663264043179, 83.89253243088967, 57.58559055750432, 0.330189806829, -0.329698047551, 0.884462485867, -0.834157013722, 0.336615894547, 0.436888791337, -0.441765512375, -0.882036811578, -0.163872801579,  
1539, 1800786.9377434931, 75.47293528088461, 122.6889029931425, 87.69435313254476, 39.95736218990735, 0.546768114764, 0.369698379846, -0.751244125845, -0.163325185626, 0.927096677043, 0.337367211145, 0.821200044093, -0.0617645477168, 0.567287958825,  
1547, 48498.045901943726, 22.622740315582043, 137.31425377224735, 41.33507923062262, 2.0398641029754505, -0.858356583373, 0.304814995121, -0.412688495757, -0.176264329134, 0.58021174445, 0.7951636422, 0.481824513755, 0.755276207987, -0.444300559974,  
1552, 2339153.9911165573, 82.34869754984545, 144.67968919820305, 75.38218913704708, 51.202821285214824, -0.37823636577, 0.924130031196, -0.0540456940986, 0.176572737321, 0.129334074297, 0.97575343487, 0.908713002022, 0.359522436946, -0.212095019481,  
1554, 1225301.2080197346, 66.38216576375842, 116.9431947769138, 64.6474881161878, 38.69257590210665, -0.940746831599, -0.205781846045, 0.269535212309, -0.337119518677, 0.481536284024, -0.80899520227, -0.0366855416161, 0.851925254354, 0.522376810387,  
1556, 1719281.346495224, 74.31664819044009, 128.7267971083394, 56.96182301109959, 55.97646883214877, -0.44338223083, -0.131124773543, -0.886689625037, -0.87207242092, -0.16549052314, 0.46054595799, 0.207127714357, -0.977455462164, 0.0409747413751,  
1558, 566416.9577680809, 51.327393741923395, 124.20271923332884, 73.1180788390088, 14.889899336698482, 0.235544021686, 0.910780804604, -0.339112576902, 0.721653993989, 0.0698019648265, 0.688725779005, -0.650948943319, 0.406947185359, 0.640827169774,  
1560, 3227447.9127238286, 91.67625787569709, 110.19333948640772, 90.07866952525384, 77.62351857335297, 0.811548036331, 0.521142619293, -0.264197189773, 0.518314900683, -0.850836075417, -0.0861837368558, 0.269702518448, 0.066995097769, 0.960610331205,  
1570, 1153904.1073533462, 65.06693804907998, 96.63483784026988, 74.02885939542571, 38.50758916498296, 0.642374765387, 0.3919942212, -0.658555382136, -0.558106842435, 0.828173234751, -0.0514377844516, -0.525234626829, -0.400586599612, -0.75077224442,  
1574, 2679161.590101291, 86.15955217544595, 120.78844755510848, 88.79405476694257, 59.63497081800986, 0.370568641419, 0.832505587076, -0.411841388745, -0.499634259966, 0.552462233892, 0.667196437634, 0.782971575643, -0.041472009965, 0.620673492365,  
1580, 2109668.1222838517, 79.56251638483779, 118.52055955909705, 99.97231479305606, 42.50618128096367, 0.57368635243, 0.466067720627, 0.673546471169, -0.174127821411, -0.734130832185, 0.656301320314, -0.800352091798, 0.49379429019, 0.3400054825,  
1582, 1081232.6693163954, 63.67127061828444, 128.18765957911853, 63.336516251218676, 31.792901159026027, -0.174179997475, -0.132635877258, 0.975740258749, 0.198417606237, -0.975290390027, -0.0971550752967, 0.964516346163, 0.17668157568, 0.196193370939,  
1588, 3072573.485043196, 90.18574344276321, 115.58062944724239, 93.09940346081557, 68.16818260284899, 0.0399879869653, -0.375947723144, 0.925777657087, 0.993809446242, -0.0811481744963, -0.0758798941449, 0.103652040298, 0.923080864951, 0.37037544641,  
1592, 1506246.0368411234, 71.11083353467252, 96.33724010504147, 73.44737367110339, 50.820254621320366, 0.286341666527, -0.926995873174, -0.24225420766, -0.277234243915, -0.32218647697, 0.905172385824, -0.917142095867, -0.192027407355, -0.34925041276,  
1596, 1368913.3251407202, 68.88041904589892, 97.35769583245722, 73.58744015124732, 45.61559658656568, 0.248673978024, -0.686566958494, 0.683218167321, 0.374375189707, 0.718686527641, 0.585946151382, -0.893310959289, 0.11007037063, 0.435752273114,  
1602, 549542.7961332382, 50.812547620159584, 112.38247587397568, 91.36927839800985, 12.776565304821192, 0.644314959735, -0.535787779279, 0.545701097888, 0.0723460938322, 0.753061087534, 0.653961039473, 0.761330595319, 0.381877537985, -0.523970677247,  
1605, 1991929.9867151943, 78.05399808596142, 118.70325344497738, 106.52236015688779, 37.60815755550227, 0.999294313779, 0.00720874995167, -0.0368633744097, 0.0192184764774, -0.941347112948, 0.336892064475, 0.0322726604206, 0.337362782281, 0.940821358453,  
1606, 2029741.5866384201, 78.54478951370616, 124.05075371714676, 89.68083077586307, 43.55651363159475, 0.893749015214, -0.426358164448, 0.13939660474, -0.287902427578, -0.306924511432, 0.907143614031, -0.343983851364, -0.850891332598, -0.397063030399,  
1611, 929969.0672733025, 60.55174054044436, 107.57426847378413, 75.18189394176913, 27.45100383349827, -0.205484005115, -0.190920808539, 0.95985705629, 0.464354082618, -0.882374014396, -0.0761011476615, 0.861482216646, 0.430075974203, 0.269968603389,  
1615, 4203018.576203876, 100.11309782276525, 124.48758478234691, 102.16730186341935, 78.89232129827317, -0.176036247908, 0.858751291985, -0.481204174896, 0.522681567288, 0.495777054706, 0.693548189562, 0.834155392382, -0.129426931287, -0.536128203715,  
1617, 571346.4064479311, 51.475862280928446, 77.33592584439364, 69.99769553655436, 25.196827299700423, -0.0546466705597, -0.581733434115, 0.811541713672, 0.990109461168, -0.136748613942, -0.0313539708779, 0.129216857653, 0.801801738722, 0.583452633451,  
1622, 1675907.8166019004, 73.68637168820017, 118.9336271577975, 87.30624436972398, 38.53111233893278, 0.483968448124, -0.311316820431, 0.817836400839, -0.539183034445, -0.842187246666, -0.00151555910648, 0.689243205688, -0.440230029495, -0.575448802712,  
1625, 1153028.5820635709, 65.05047736180506, 114.10966885635824, 81.85970399143763, 29.4685555544068, -0.610559434413, 0.508894895185, -0.606830423351, 0.791767536481, 0.409568910095, -0.453163851226, -0.0179261045336, 0.757152094059, 0.652992619589,  
1631, 718535.8023664295, 55.5631170149175, 97.24451086486216, 64.44358143121673, 27.372536203619827, 0.696157237453, 0.226076232339, -0.681362339664, -0.574731749079, 0.744243991271, -0.340270918617, -0.430172659918, -0.628482631922, -0.648044029392,  
1635, 2915629.994845989, 88.62330324006545, 112.59846006258866, 99.00486023377653, 62.43884115946205, 0.879239362666, -0.180394405128, -0.440903619555, 0.256895203134, 0.958968412537, 0.119935142316, -0.401177015474, 0.218717723, -0.889505233206,  
1642, 966871.680739369, 61.342303011944715, 116.96458070756526, 68.86652489823415, 28.656140251768132, 0.0190459312604, -0.64271602345, 0.765867720761, -0.894518476587, -0.353133730634, -0.274104475215, 0.446625063724, -0.679862251849, -0.581647118934,  
1643, 1167633.5696482179, 65.3239825930621, 111.12684677541276, 79.10973884900648, 31.70801251652028, 0.875441277977, -0.468880553083, 0.117275725344, -0.397056098229, -0.559337639383, 0.727659164739, 0.275588504248, 0.683587911033, 0.675839140784,  
1737, 2025440.1606962606, 78.4892662656249, 113.84433390517519, 91.65467784544548, 46.34093072039173, 0.212543464639, 0.724673472048, 0.655494953871, -0.288763430622, -0.594280908579, 0.750630323684, -0.933510019643, 0.348824541294, -0.0829486745913,  
1739, 243411.5411376943, 38.73327199531876, 92.42314412022326, 45.220744993712366, 13.903818992904283, 0.247557465742, 0.877482692058, -0.410779048022, 0.819335371309, 0.036684926167, 0.572139638125, -0.517112028943, 0.478203242702, 0.709870979962,  
1747, 1374980.2991604256, 68.98202758813039, 108.2135451938389, 88.60210115999402, 34.235937112319505, 0.71733666706, 0.695939946692, 0.0331013094799, 0.649575386346, -0.685215945632, 0.329440321311, -0.251952224728, 0.21481782619, 0.943595982402,  
1753, 2981332.6156966584, 89.28406205857478, 114.41728468499018, 109.92314658880298, 56.590174516509464, 0.157679677893, -0.987475698966, -0.00537244183509, 0.891855647315, 0.144742595658, -0.428535979066, 0.423946486637, 0.0627799725544, 0.90350874457,  
1754, 257953.9642450805, 39.48976346386452, 114.47543634212795, 67.89071488159757, 7.923752610350047, 0.503358107788, -0.250093011438, 0.827093767933, -0.469698616689, 0.724235086135, 0.504843292014, -0.725268105465, -0.642601762868, 0.247081261034,  
1756, 2426267.0696250885, 83.35852055425367, 136.28044148084206, 94.06176429588045, 45.18594218058554, 0.709129679389, -0.616164820706, 0.34274773746, -0.336639609164, 0.131249179203, 0.932441647773, -0.619523099934, -0.776604511114, -0.114352796055,  
1758, 3188930.9505319856, 91.31010358160562, 121.12460755955516, 96.6713939799048, 65.01688259926235, -0.832588711962, 0.524236128081, 0.178808609209, 0.545906841566, 0.831268824571, 0.10477529111, 0.0937110294706, -0.184847567769, 0.97828912886,  
1764, 1196233.7013264832, 65.85303693993278, 98.46219582669809, 79.9724243332544, 36.2675021726371, 0.0996649765312, 0.655585822566, 0.748514610214, -0.505574199985, -0.614553271072, 0.605573286502, 0.857007363307, -0.438784122623, 0.270197840427,  
1765, 2304868.6393591505, 81.9443830523026, 132.77438613791443, 85.89423338578878, 48.24799377176453, 0.498721754487, -0.597964482029, 0.627467202197, 0.382474099471, 0.801451281418, 0.459771037307, -0.777811143424, 0.0106921347198, 0.628407115985,  
1766, 1869527.7960288846, 76.42130315280205, 133.72342439835495, 74.07029452400073, 45.06005902364349, 0.0133467676587, 0.872091903961, 0.489160070773, -0.425354663923, -0.437781826815, 0.792098782974, 0.904928325157, -0.218638475927, 0.365105386391,  
1767, 3164488.69377862, 91.07621626543775, 149.09446553584567, 101.59598754058162, 49.87430540851545, 0.249371469049, -0.603757666706, 0.757159527654, -0.781234764076, 0.336604642121, 0.525708624908, -0.572264024576, -0.72261607704, -0.387736884214,  
1768, 2079515.0092703842, 79.18163831803841, 116.44573697194232, 89.86820067728019, 47.43990490046557, 0.017391563574, -0.723208193904, 0.690411067254, -0.537631194508, -0.588957349455, -0.603392027802, 0.843000730847, -0.360692595978, -0.399062174352,  
