# Void_ID, Void_Volume, r = (a*b*c)**(1/3.0), a, b, c, vector_a, vector_b, vector_c 

1, 3038369.1713661477, 89.8498405062278, 141.21358071442677, 94.6943756112691, 54.2439467979821, 0.116768444696, 0.582923797041, 0.804092642154, -0.858266133219, -0.348168259947, 0.377038601916, 0.499744309514, -0.734151693868, 0.459648687042,  
12, 4098996.0364887915, 99.2802730716662, 111.3599413997996, 96.32426687971666, 91.22716588727071, -0.35294845954, 0.741822689017, -0.57019863466, -0.129782737037, 0.564712192752, 0.815019374324, 0.926597985145, 0.361661772124, -0.103038519538,  
62, 2061726.0442036025, 78.95520811024129, 91.7656018216859, 81.00400316594974, 66.21493371597303, -0.486576069848, -0.397944874984, 0.77774263399, 0.714219672825, 0.331488452132, 0.616445995244, -0.503124226411, 0.855426959229, 0.122925710175,  
69, 2545034.6974327085, 84.69706599107951, 100.42088750571791, 88.14410177226665, 68.64166139042787, 0.264468696974, 0.958747215386, -0.104211733072, 0.888522478433, -0.284247583185, -0.360182060593, -0.374945480891, 0.00266241288715, -0.927043039949,  
72, 957188.4040706444, 61.136833291424, 90.88331165124795, 60.36936797814341, 41.64933259962945, 0.417264286469, -0.367991275816, -0.830947011644, -0.619065744718, -0.784488196223, 0.0365496060735, -0.665318058491, 0.499159985286, -0.555149700653,  
76, 1082364.6865316115, 63.6934834860596, 89.68389519528176, 76.97608770942172, 37.4295588277975, -0.471764496969, -0.67124149483, 0.571728182809, -0.87208905043, 0.259622242369, -0.414797516129, -0.129995951932, 0.694284629591, 0.707862914409,  
87, 1202102.7633592177, 65.96055918246567, 124.17194313088079, 66.61598526693636, 34.69373470966288, 0.183222423989, 0.979698441657, -0.0813664965652, -0.583518300545, 0.174991684273, 0.79302225906, 0.791161131677, -0.097820620785, 0.603734370292,  
99, 1701855.3020051504, 74.06471242220869, 112.716600004883, 94.05468407622784, 38.32354836993322, 0.449509926731, 0.115804513456, 0.885737060551, -0.269289611629, -0.927863853267, 0.257976306797, -0.851718222676, 0.354482699808, 0.385899060245,  
144, 2453118.0434507066, 83.66489670215962, 127.47928591318457, 78.85546647434538, 58.258380850876534, -0.983591246078, 0.0520216764898, -0.172748388744, 0.179789216707, 0.203188696914, -0.962491657627, 0.0149699096343, 0.977756666365, 0.209207560055,  
146, 2651178.8505303976, 85.85853471465708, 112.72291241586143, 94.41961185841237, 59.46699666845795, -0.851975908741, -0.511301206108, -0.112730331133, 0.0758923572055, -0.333629001413, 0.939644634707, 0.518051542843, -0.79199922099, -0.323047725434,  
161, 1901076.9070395282, 76.8487885587977, 130.57296744111486, 85.8922913838591, 40.46724271227167, 0.299929118019, 0.756895164434, 0.580648115661, -0.510356761899, -0.38693035854, 0.767997964336, 0.805964329079, -0.526682644195, 0.270234884046,  
169, 1394869.6013868165, 69.31304848416227, 127.90645118516065, 76.48040773731479, 34.04100366816102, 0.310763582026, 0.732597848941, -0.605579381925, 0.423209170065, 0.463834991136, 0.778300134505, 0.851069911616, -0.498154085324, -0.165899104327,  
176, 1723276.7116979577, 74.37417076048371, 118.31878131656643, 103.56830691922279, 33.57266718846205, -0.550259070951, -0.184146210312, -0.814435465868, -0.278348118969, 0.960042136241, -0.0290072630345, -0.787233942042, -0.210735070338, 0.579528645217,  
178, 1329020.4763357963, 68.20470805516788, 94.0221583001301, 83.00562492409496, 40.654190981000056, -0.528077595597, -0.797308122202, -0.29229062814, 0.726363594061, -0.602402767917, 0.330918168782, -0.439920427182, -0.0375588002562, 0.897250998479,  
180, 941643.0841529318, 60.804058839188954, 101.57951883172733, 67.38697616701663, 32.8409409285334, 0.311713401895, 0.790182882261, -0.527679607017, -0.58154602688, 0.597841850506, 0.55171490863, 0.75142462942, 0.134893047881, 0.645883032703,  
183, 564882.1840335103, 51.280992592320935, 124.71038934391326, 83.63434295592114, 12.92950754317119, 0.547686928548, -0.448355466397, -0.706410931434, -0.64657776732, -0.762653118585, -0.0172456232295, 0.531014330414, -0.466194805275, 0.707591820494,  
198, 2940845.6035481784, 88.8780542579463, 117.32438552601388, 100.97109816343725, 59.26499430987233, 0.902388574887, -0.430914829021, -0.00269630193087, -0.155328066415, -0.33109973096, 0.930723460509, 0.401955285695, 0.839455405777, 0.365713781547,  
201, 2288027.6070978562, 81.74431339025192, 123.9127904603358, 84.3397810790927, 52.26657529658276, 0.370814012025, -0.603688065518, -0.705732022822, 0.618730676156, -0.406112113556, 0.672491859881, -0.692581633361, -0.686027456283, 0.222928262806,  
218, 309095.460575223, 41.94382240889488, 102.91131443799631, 79.91673250289566, 8.972287339574544, -0.308511319675, 0.72332999801, -0.617749528216, 0.943274787549, 0.316405383673, -0.100599743329, -0.122692464347, 0.613743714559, 0.77991359267,  
219, 1038761.2234090639, 62.82642868248604, 134.33730649599605, 80.44249007518788, 22.948007227133502, -0.625745448984, -0.577478761451, -0.52436715491, -0.0825534472832, -0.619438011619, 0.780692947389, -0.775646544127, 0.531803375163, 0.339937654208,  
221, 614676.304138969, 52.74556563672121, 134.57209499782007, 49.31890187460608, 22.110036036411067, -0.610336273491, 0.706236996563, -0.358774215834, 0.749727309343, 0.368793561485, -0.549454520987, 0.255731489823, 0.604334852291, 0.754573251195,  
245, 1957130.3447149205, 77.59678247692638, 128.92996533990697, 94.69118257270627, 38.27081712581135, -0.359595724578, 0.195797812086, 0.912334440678, 0.808051848154, 0.554290334271, 0.199535550788, -0.466629537813, 0.808965661889, -0.3575352183,  
280, 99039.78774839905, 28.701660995782508, 84.61095680169252, 39.682934452255054, 7.041913820051429, -0.599408932354, 0.141342418411, -0.787864996412, -0.0640676513581, 0.972656532585, 0.223236658436, 0.797874844737, 0.184286707003, -0.573963536959,  
321, 1532962.5555549986, 71.52880658658914, 127.52629154888672, 73.09767241808774, 39.25903845805365, -0.797063547765, 0.596462458678, 0.094457589488, -0.10874763667, -0.295622944661, 0.949094845686, 0.594023275927, 0.746216865246, 0.300494155816,  
335, 333109.5921547372, 43.003074825033636, 80.2563307334931, 67.22195474694047, 14.740360059374398, -0.840657998582, -0.331980164795, -0.427882343177, -0.202028202673, -0.540811274087, 0.816521751789, 0.502472620891, -0.772859842405, -0.387567967268,  
338, 1355626.7782594636, 68.65684514402201, 106.89895474362119, 69.89957468875701, 43.31153121098809, 0.584318211528, 0.618880420434, 0.52493737996, -0.483227291413, -0.254333168967, 0.837738637044, 0.651969027262, -0.743170010406, 0.150448406852,  
350, 3025682.5101650693, 89.7246105282737, 118.58866748366282, 94.33538193704142, 64.56794201147336, 0.744017522251, 0.323175614525, -0.584803769447, -0.0962096062101, 0.917941744842, 0.384872270695, 0.661197125112, -0.230087972857, 0.714057341178,  
354, 436490.53256135934, 47.057487947653506, 95.28224228116171, 71.50752229466802, 15.294050504169881, 0.161078838278, 0.98601319424, -0.0427970634881, -0.975363359992, 0.165662115411, 0.145679029041, 0.150731296829, 0.0182768788822, 0.988405803228,  
359, 2903539.2710038926, 88.50063055771531, 131.8902935269281, 82.96211296332928, 63.34997614216688, 0.408661335337, -0.474849739669, 0.779431611969, -0.678717080388, -0.7290706555, -0.0883125363659, -0.610195901158, 0.492923628999, 0.620231616563,  
393, 4431590.147676398, 101.89596648521466, 133.86586397539054, 104.27936551642617, 75.78840260519333, 0.828227703276, -0.499074736776, 0.25487894899, -0.424927943659, -0.262785335903, 0.866244832557, 0.365342461567, 0.82575315582, 0.42971689684,  
408, 1812920.5305138417, 75.6420666633669, 126.83254771607315, 93.36161246615018, 36.55031277054217, -0.402221853085, -0.105407735604, 0.909454116586, 0.913823045498, -0.107067983445, 0.391744672507, -0.0560804994347, -0.988648398672, -0.139389100676,  
430, 1013028.6949422461, 62.30329936751169, 113.14771772082962, 57.48940214610626, 37.17915777570826, -0.690722468732, -0.710872520852, 0.132524451651, -0.697229771553, 0.606111880618, -0.382751922051, -0.191763179072, 0.356775345661, 0.914296579826,  
443, 388387.955957819, 45.26116359862104, 114.3607519359608, 50.56509620779322, 16.034274135845035, -0.723886046735, -0.678875206944, 0.122953018422, -0.648042917445, 0.607919520645, -0.458774708945, -0.236705235455, 0.411779443168, 0.880004728222,  
449, 1799517.4034436098, 75.45519525787199, 126.62472715427653, 98.96194432054087, 34.28314850364205, 0.280006591507, 0.238338077446, 0.929941540933, -0.749290725656, 0.65982634514, 0.0565031211929, -0.600133082873, -0.712617818398, 0.36334023689,  
453, 497072.98970120697, 49.140984370567594, 130.63875672202929, 57.403957602645754, 15.82405128816378, -0.309721004132, 0.888109509564, -0.339609185124, 0.94755737151, 0.31789352406, -0.0328441023348, -0.0787904010456, 0.331971695151, 0.939993013975,  
468, 460108.1696535801, 47.891353564171084, 101.12150077863153, 42.97899822814157, 25.273857952267797, 0.797795786038, -0.546918337977, -0.25377591565, 0.267629589796, -0.0559361298601, 0.961896851041, -0.54027426965, -0.835315198569, 0.101745921755,  
478, 413900.333470876, 46.231259185426175, 86.00065648261865, 69.00319858979047, 16.650841163411005, -0.135674939865, -0.865925100138, 0.481420846707, 0.689620444564, -0.431418770994, -0.581636902606, 0.711347983151, 0.253084106544, 0.655692368327,  
490, 3571161.094896243, 94.82152682986147, 113.33807438103277, 104.957005402102, 71.66936747602456, 0.29073437124, -0.554772103618, 0.779552075507, 0.827739326582, -0.262829861911, -0.49575000849, 0.479917839436, 0.789397477026, 0.38279301281,  
496, 1876152.4362538846, 76.5114626100914, 130.43310313360436, 78.5674518119113, 43.706800712053784, -0.985084076818, 0.0468906968058, -0.165561541888, 0.144806967655, 0.745652677717, -0.650409891016, -0.092953234037, 0.664682891886, 0.741320679272,  
501, 806365.5285644508, 57.74057638403703, 77.97832124671712, 67.57033247036048, 36.53536137913073, 0.545276878235, -0.834416839074, 0.0801352901858, -0.0782247605409, 0.0445291234738, 0.995940783381, 0.834598114604, 0.549332045154, 0.0409913559895,  
507, 1284106.433388877, 67.42756414206828, 137.26842546176317, 67.17594173521624, 33.24512704032715, 0.800861919483, 0.301561435228, 0.517378861866, 0.520690112479, 0.0761058362629, -0.850346816571, 0.295807357394, -0.950404441525, 0.0960697915151,  
516, 1451585.476102891, 70.24002675088458, 112.51386463063798, 80.41726518540187, 38.29999022919219, 0.579952308826, 0.636914589263, -0.507932205586, 0.729010078595, -0.127477894111, 0.672527837208, -0.363592663285, 0.760321769054, 0.538248253791,  
520, 197380.39170468552, 36.11922853677628, 114.29668373324469, 75.68002704520337, 5.447540765582963, 0.352051356024, -0.0508497312007, -0.934598388378, 0.565153030227, 0.807500762402, 0.168951386931, 0.746097778543, -0.587670676108, 0.313019618068,  
521, 967993.0833775325, 61.36600930939237, 113.5652110975474, 47.148716841946765, 43.158709919195125, -0.618536396609, 0.659214149543, 0.427608969869, 0.780560301531, 0.453013134019, 0.43070258425, -0.0902127582072, -0.600179810931, 0.794761506874,  
532, 2041557.6678941192, 78.69691010391979, 121.28579796485867, 68.12096417067063, 58.99053114509358, -0.206785137466, 0.965307844291, 0.159438617262, 0.948023530116, 0.157406764683, 0.276540226329, -0.241849732828, -0.20833596949, 0.947683929666,  
534, 557281.2656565069, 51.04994494424105, 124.59094271341783, 37.45157920036762, 28.512101418043144, -0.428451007357, 0.534940339915, 0.728195418158, -0.418710473585, -0.831704803822, 0.364621253644, 0.800694244768, -0.148680704972, 0.580329884087,  
536, 298529.9884772527, 41.460364730129626, 100.35122611208406, 55.255667954639684, 12.85286182039071, -0.978420158642, -0.16568301298, -0.123463081007, -0.0302206668942, -0.476349446741, 0.878736545207, -0.204403288756, 0.863504686611, 0.461062850104,  
566, 102103.25946139313, 28.994591807034006, 63.24651410278733, 32.3508707030376, 11.91319990146074, 0.408031522685, 0.749398885739, -0.521451422999, 0.315135232422, 0.420446635291, 0.850831600353, 0.856854749524, -0.511493828824, -0.0646065112281,  
603, 461598.4682965149, 47.943004823188204, 108.75733548929112, 51.961471741112355, 19.500051005809055, 0.16657821856, 0.739092313212, 0.652682349732, 0.7425864065, 0.341447592522, -0.576176162682, 0.648704189892, -0.580651439429, 0.491962173246,  
606, 726333.3034738633, 55.76338336835152, 91.87354856239652, 63.35031928116019, 29.79257554515396, -0.111349392035, 0.0712707721523, 0.991222371585, -0.963648953529, -0.25149606008, -0.0901688756002, 0.242862115729, -0.965230650571, 0.0966839383909,  
613, 1294879.254385855, 67.61559715206056, 125.70424508142582, 86.51945488281538, 28.42346008404224, 0.268722589169, -0.935472263062, 0.229520838079, 0.389296437252, 0.323435908461, 0.862460142303, -0.881042821895, -0.142410877955, 0.45109055391,  
654, 620946.5590451172, 52.924310066444185, 87.59727239585749, 73.5641772461716, 23.004280266327857, 0.962593499652, -0.105553397274, -0.249544053731, 0.164875086275, -0.502667585477, 0.848611515616, 0.215011535398, 0.85801152605, 0.466461424784,  
673, 937897.04227324, 60.72332150248537, 114.93036071776926, 65.01750721277755, 29.964116207061778, -0.436884875992, 0.741211634489, 0.50964391297, 0.870558946041, 0.205804151073, 0.446958356974, -0.226403901463, -0.638944414091, 0.735181140335,  
677, 2079318.633800334, 79.17914577837433, 115.88788074731066, 93.13425528747814, 45.9922831123777, -0.175463416719, 0.954344102236, 0.241743508537, 0.538684352646, -0.112463253128, 0.834967774774, 0.824033832805, 0.276729744015, -0.494357048265,  
678, 751268.2999538297, 56.3943356576089, 93.8627901624704, 77.8596309064899, 24.541474599357723, 0.778041240596, 0.436151576375, 0.452132315099, 0.219897050204, -0.863259896265, 0.454343084917, -0.588470148132, 0.254075095053, 0.767560245734,  
699, 2689573.4352400745, 86.27101992381426, 123.20524014507427, 81.86681694584954, 63.65869227708844, -0.032528784277, -0.646418294295, 0.762289490282, 0.497565308788, -0.671938417271, -0.548568616388, 0.866816382912, 0.361444535434, 0.34349265803,  
772, 1139574.827321263, 64.79647981268747, 139.16885109650883, 83.48760494467012, 23.414786042072706, 0.511533576975, 0.588056723926, 0.626516311897, -0.555211416513, -0.330278773731, 0.763319208848, 0.655800032481, -0.738312414272, 0.157547124155,  
785, 1162441.6877778417, 65.2270177179832, 131.64887541301857, 70.56685675264666, 29.872023365863942, -0.835213663617, -0.0762774169847, -0.544609852799, 0.0590708869527, -0.997047798508, 0.049054233298, -0.546743784988, 0.00880017886068, 0.837253719269,  
788, 174679.84112544192, 34.67778845805669, 134.44775311732687, 80.00542184667975, 3.876869753268496, -0.729880213778, 0.396657186363, 0.556720710987, 0.665305718192, 0.599238226526, 0.445288501099, 0.156981447557, -0.695396738831, 0.70127041913,  
790, 350596.4106069236, 43.742770426413365, 67.0962531892536, 36.97465849337085, 33.737773318597675, -0.938592592169, 0.152065581169, -0.309709549335, -0.0934988817346, 0.751949432663, 0.652556518497, 0.332117306144, 0.641442210758, -0.691556205393,  
791, 386826.7440485714, 45.20043638032673, 112.65161123466989, 54.43798859909197, 15.058732024295116, 0.438573894655, -0.897931197796, 0.0370473069577, -0.711291438973, -0.321627573426, 0.624996154272, 0.549288109985, 0.3004584298, 0.779748231285,  
792, 515183.5174070467, 49.730686016303785, 108.89204403737533, 66.8642529490753, 16.892082885502212, 0.696529991013, -0.110237698743, -0.709008900787, 0.242808527269, -0.893619465497, 0.37747618464, -0.675196260879, -0.435076890515, -0.59566610499,  
805, 1467415.3068557638, 70.49443139506064, 141.5618581575778, 74.37835682407761, 33.27144028467414, 0.238808468585, 0.4465017, 0.862326357726, 0.824496292869, 0.375902434999, -0.422969528935, 0.51300719135, -0.811993590652, 0.27837031157,  
810, 1300137.3378254129, 67.70699519932049, 103.0268760137267, 83.34438828686402, 36.14712214885568, -0.747762446747, -0.0209691723644, -0.663635153563, 0.663031691002, -0.0765975737477, -0.744662197525, 0.0352178926435, 0.996841564897, -0.0711800149722,  
824, 1765684.5871290327, 74.97932140871396, 148.01424112737016, 88.40926445343058, 32.212411360988696, 0.281281981317, -0.0812037589414, -0.956183244216, 0.669665201505, -0.697074177136, 0.256195451682, -0.687334681854, -0.712385809168, -0.141695074076,  
835, 2719992.343112546, 86.59504137486604, 107.26755033114289, 88.84654852035624, 68.13498243182059, -0.980643405852, 0.166051434553, -0.103756598062, 0.0996378657389, 0.879362656454, 0.465611011623, 0.16855505412, 0.446260282253, -0.878886200947,  
880, 105384.92547516583, 29.301957075189527, 119.200670082923, 108.3442577674163, 1.9480732727837935, -0.815098652305, -0.4558759093, -0.357479149505, 0.140806474921, -0.754457955969, 0.641066868038, 0.561949929825, -0.472197361276, -0.679147942921,  
896, 2585601.942155131, 85.14471288344579, 114.53628052824615, 90.03295170964323, 59.85886691984854, -0.073871315704, -0.432415620017, 0.898643288675, -0.691113798612, -0.627436949864, -0.358726345998, 0.718960879384, -0.64756436399, -0.252498808722,  
899, 1504640.9081784696, 71.08556484163202, 137.80298646310513, 77.30579879825277, 33.71891209833846, -0.634496035861, 0.0168989325025, 0.772741358125, 0.759429361038, -0.172386881675, 0.62733548331, -0.143811773058, -0.984884353164, -0.0965452475448,  
901, 789111.9393383308, 57.32578383273006, 91.02130157073137, 71.27772191742436, 29.037094145184387, -0.633127631812, 0.716067679193, 0.293932782541, -0.268998264246, -0.559611367176, 0.783884590715, -0.725802545924, -0.417231586224, -0.54692638242,  
905, 1099375.9660616894, 64.02543576956496, 132.3720802421033, 73.38174589836302, 27.019244104667024, -0.427943659368, -0.459108832516, -0.778513522241, -0.883026342247, 0.396027714817, 0.251846238792, -0.192688098502, -0.795223948962, 0.57488274256,  
966, 1655928.5234961314, 73.39238357181816, 122.01060203712183, 87.04879593329062, 37.22139444434205, 0.702258158942, -0.659644707268, 0.26777292315, -0.593637818834, -0.334961752273, 0.731706747656, 0.392972795814, 0.672807167536, 0.626819668695,  
974, 3292684.09216159, 92.2898242024973, 116.68151231001826, 98.8473640420088, 68.15446520202364, 0.432361162604, -0.507908414538, 0.745045547274, 0.776085243325, 0.630288282318, -0.0206972526271, -0.459081169473, 0.587167543053, 0.666692400002,  
1035, 345838.26821403607, 43.543982439503104, 101.10799127563692, 64.61243970909639, 12.63812993965108, 0.306912191128, 0.74171739477, 0.596372545673, 0.621995245109, -0.630597897731, 0.464185530192, 0.72036575571, 0.228476689562, -0.654882875275,  
1045, 592901.2763922388, 52.11522198628251, 127.63631737073975, 76.94312895870328, 14.412843385809271, 0.480442428969, 0.856397291163, 0.189099846998, 0.551488449608, -0.462656092545, 0.694125226439, 0.681935159964, -0.229200828357, -0.694572831232,  
1056, 1936949.0844101417, 77.32914324201548, 106.51119200745465, 90.58721231522392, 47.92558859209629, -0.465848277981, -0.349006467356, -0.813129674557, -0.870251045864, 0.0143872706598, 0.492398338355, 0.160151487892, -0.93700986771, 0.310425528492,  
1082, 4053852.5526392283, 98.91445892842977, 150.39799956484543, 87.9437080139813, 73.16990755010492, 0.698102196982, 0.385859758547, -0.60312981132, 0.495399139889, 0.347876441729, 0.795965874575, 0.516945852837, -0.854455515533, 0.0516987157473,  
1115, 1317835.4119554223, 68.01283134385893, 112.605135581878, 62.565739177973256, 44.655790987315356, 0.786454382422, 0.55999313802, -0.260570891965, 0.554997674306, -0.455579377856, 0.696006474099, -0.271048124664, 0.691993580782, 0.669087287484,  
1135, 617277.60004817, 52.81986692611029, 99.01988538379433, 76.27169756931235, 19.512192697731766, -0.166194830583, -0.118039328429, 0.979002551188, -0.885974866197, -0.418003863073, -0.200801660657, 0.432929341526, -0.900743852269, -0.0351097970043,  
1162, 1624443.0439802355, 72.9242480807139, 138.8096280205716, 82.72768116145069, 33.77111795765813, 0.588786238545, 0.633296795534, -0.502260822747, -0.40667859678, 0.769112416946, 0.493030028518, 0.698529372483, -0.0860305693688, 0.710391059144,  
1180, 1995694.632459118, 78.10313982789421, 115.02526882505875, 69.42201492974166, 59.66436301503743, -0.908953967565, 0.0889128976235, -0.407304777144, 0.134697912308, 0.987226615432, -0.0850886725895, 0.394536636154, -0.1322047897, -0.90931993067,  
1182, 1613383.0944629302, 72.75837053314957, 116.3695385002244, 94.47842608666706, 35.032967879276704, 0.669838483515, 0.679304154511, 0.29977036489, -0.383830684033, -0.0288084400453, 0.922953996566, -0.635602400874, 0.733291169623, -0.2414407765,  
1188, 352374.99031727895, 43.816614891659576, 92.33535162984036, 66.77194463635345, 13.644399777034632, -0.202132289024, -0.971415169564, -0.124479339955, -0.363277679563, 0.192405043951, -0.911597294091, 0.909489892888, -0.139042681951, -0.391784720645,  
1197, 2226166.5462008817, 81.00086952074372, 132.638280411147, 99.63438162926698, 40.21526457067628, 0.714930609075, 0.67262960992, -0.190902153122, 0.364404438894, -0.125430071772, 0.922754952308, -0.596727432855, 0.729271352073, 0.334783013195,  
1199, 525073.5480431981, 50.04689945996695, 92.66736638301771, 62.96439548759858, 21.483729333283968, 0.493328963111, 0.484197577662, -0.722619706307, -0.38892518107, 0.865866024609, 0.314663679119, 0.778051243612, 0.125812293572, 0.615473418679,  
1237, 801028.4465689078, 57.61290533988664, 121.443113077376, 109.79024122539886, 14.34242868973831, 0.594003832685, -0.726170126902, -0.346173935401, 0.0345388688066, -0.406899405731, 0.912819774193, 0.803720419858, 0.55417490056, 0.216618711777,  
1267, 974648.8270906904, 61.50633533918164, 130.7623230631816, 97.01976822890127, 18.340733269152977, -0.422902768872, -0.34407086715, -0.838312881005, -0.884920760636, -0.0423805997638, 0.463809370494, 0.195111494985, -0.937986739321, 0.286552580485,  
1269, 221507.97370197557, 37.53475496103219, 113.58341412612769, 61.29194914974579, 7.595955357904616, -0.841199900632, 0.519854492632, -0.148775111047, 0.531031825871, 0.846097772684, -0.046084259467, -0.101921180764, 0.117770393348, 0.987796642717,  
1285, 3651025.1578852055, 95.52317271966902, 129.9922056150528, 109.25883042234197, 61.36946770167742, 0.731408409045, 0.614328223527, -0.296044883348, 0.45709298692, -0.119480741732, 0.881357109045, -0.506070884844, 0.779952040919, 0.368194341863,  
1297, 1765797.7762230805, 74.98092355596445, 98.96960130266248, 87.94937188700787, 48.430370708200535, 0.0828028969687, 0.750527515144, 0.655631092357, -0.280578084615, -0.6137202347, 0.737986051327, 0.956252905192, -0.24506309908, 0.159763759288,  
1331, 342306.6471265646, 43.39525463896616, 69.17658397806657, 53.6126403674264, 22.03435868460158, -0.034753655908, 0.245864491813, 0.96868097693, 0.379641265054, -0.893362035596, 0.240368016226, 0.924480769551, 0.376104938843, -0.0622927099172,  
1340, 2189953.411976182, 80.55925146584606, 109.702269593697, 100.84914879143207, 47.25615878072338, 0.0749112566932, -0.393975422953, 0.916063136323, 0.339261719456, -0.853774983555, -0.39493007377, 0.937704532, 0.340369862891, 0.0697034224633,  
1354, 508883.7313398621, 49.52714790828787, 123.36500777787427, 34.05074089514861, 28.92087319408215, -0.730166612529, 0.633686098241, 0.255535999115, 0.678758042843, 0.629804984246, 0.377668109714, -0.0783851849783, -0.449207758966, 0.88998210772,  
1402, 953337.8039958691, 61.05474221548573, 115.56476331656022, 67.87618471271792, 29.014517225598016, 0.299049023887, -0.272687167147, 0.91444594711, -0.617109866131, 0.675668480583, 0.403295818811, -0.727835898013, -0.684918836958, 0.0337800583755,  
1445, 1722560.8108623277, 74.36387024684353, 125.39655862819002, 83.73560667841525, 39.16428156070052, 0.870989377998, -0.473518845961, 0.130986281473, 0.233470501614, 0.633503200571, 0.737675551813, -0.432283504532, -0.611926137198, 0.662327241116,  
1456, 1958677.3770723043, 77.61722279785498, 116.42606612271231, 71.94778507330058, 55.82216110172764, 0.238251705166, -0.0736057885902, -0.968410198661, 0.2964534973, -0.94402386306, 0.144686799371, -0.924852122733, -0.32156046688, -0.203094601642,  
1459, 997600.2849144676, 61.98538719622102, 121.55531951710006, 65.71508973241158, 29.81459269505192, -0.912021739413, -0.141647932731, -0.384905455913, -0.397804605599, 0.533951622698, 0.746087903925, -0.0998390835432, -0.833565550974, 0.543323687709,  
1463, 2304024.3539567967, 81.93437627874292, 114.09761592700707, 93.30680536097034, 51.666443291526264, 0.558061508484, 0.829796514021, 0.00225789004806, 0.776858487492, -0.521498982651, -0.352887661311, 0.291647463834, -0.198687081644, 0.93566297374,  
1468, 210118.51033295586, 36.8800839767778, 93.53885513733162, 70.64197817631265, 7.591381226822797, 0.626130353029, 0.768239358958, -0.13330066903, 0.108726401624, 0.0832655249163, 0.990578327014, -0.772100609121, 0.634724459674, 0.0313928285746,  
1471, 1826040.9619122748, 75.82410662126064, 109.11981796582644, 94.21536341876154, 42.402996265590225, 0.291648121736, -0.319701289266, 0.901516754547, -0.519852529956, 0.738170362638, 0.429951000488, -0.802928838806, -0.59405016738, 0.0490884757291,  
1517, 1026449.6118024781, 62.57723097617818, 134.09565209891832, 52.696093225820945, 34.678149151563154, -0.742159081636, 0.24050546239, -0.625585341984, 0.0255870010231, 0.942884489941, 0.332135731303, 0.669735173724, 0.230490696537, -0.705924100656,  
1554, 1343323.6182335904, 68.44851236128225, 123.64065157830157, 108.0391959232106, 24.00763683358266, -0.101080287359, -0.945606546644, 0.309210340143, 0.90431939205, -0.216887225963, -0.367649790394, 0.414715821581, 0.242462760353, 0.877053360504,  
1556, 1372796.2067586666, 68.94548331505462, 129.5911378399083, 75.64962430766249, 33.429923481841435, -0.281311986183, -0.761972297248, 0.583319624783, -0.955192503457, 0.164041951535, -0.246368665775, -0.0920372086126, 0.626488991415, 0.773977193377,  
1574, 1019409.3880069674, 62.43383416605961, 96.08680027918551, 67.6076766467353, 37.46280368182141, -0.822056362824, 0.365580313874, -0.43654824527, 0.53656660114, 0.240750716825, -0.808786359238, 0.19057706809, 0.899105180975, 0.39406884508,  
1599, 879584.2857740637, 59.437830732759416, 123.78899404577815, 62.517874843161046, 27.133299718092648, -0.506156670623, -0.771189360001, 0.386098945614, -0.862192422995, 0.463230729444, -0.205040281478, 0.0207280127671, 0.436674091652, 0.899380946633,  
1600, 499708.6213758967, 49.227684778629346, 128.8395585480863, 95.8035125191523, 9.664904624265434, -0.175103203435, 0.815888085323, -0.551058527177, 0.981069270534, 0.097570284549, -0.167281576949, 0.0827161082268, 0.569918127279, 0.81752759809,  
1606, 2643094.1436034003, 85.77117132950434, 135.18489306788027, 78.97806894845459, 59.10025441635249, -0.318671209608, -0.590433435199, 0.741509958642, -0.938908166631, 0.0893349139846, -0.332371370272, -0.130000441538, 0.802126942411, 0.582831239261,  
1698, 1604833.190471137, 72.62961847122989, 143.84439354913277, 71.4212014801314, 37.292474115607526, -0.428658115161, -0.29267257569, 0.854748491514, -0.146563408178, 0.956071145527, 0.253864397021, -0.891499516371, -0.0164538181176, -0.452722745375,  
1700, 1221292.692956594, 66.30969797396125, 110.50974906414208, 65.03039596435138, 40.57085481545211, 0.199775911858, -0.0620905982128, 0.977872354991, -0.935247218358, 0.285566148705, 0.20919994089, 0.292236591816, 0.956345508866, 0.00102082151153,  
1701, 1327976.3498114794, 68.18684201430112, 137.43276027919273, 71.18546850254509, 32.40560354653373, 0.716122517911, -0.593695740782, 0.367006684841, -0.451243088612, 0.00734505638228, 0.892370845068, -0.532492454708, -0.804656086489, -0.262641139496,  
1712, 557401.7284132813, 51.05362302353411, 118.61921840922274, 50.973711158804186, 22.0078891512958, -0.790197760072, 0.0119183796199, 0.612736037952, 0.607102282149, -0.121409703169, 0.785293895931, -0.0837515312538, -0.992530924558, -0.0887020000286,  
1739, 360379.81907599827, 44.14592466911935, 94.26277054183718, 71.51532048671015, 12.76240622850456, -0.507289178056, -0.17348005235, 0.844134089623, 0.857605132946, -0.197879242889, 0.474718064937, -0.0846824997949, -0.964753065126, -0.249159381839,  
1741, 365147.47753400926, 44.339749156499096, 123.12446708117508, 86.73579510157694, 8.162758875288379, 0.159861333155, -0.288652618391, 0.94399365467, -0.0488195306415, 0.952810049172, 0.299615860102, 0.985931543054, 0.0939823179799, -0.138225599356,  
1751, 1463111.16456686, 70.42544042782326, 123.2051891985342, 97.1248119828705, 29.189692769313506, -0.0403851934769, -0.00193630689432, 0.999182309123, 0.18411546435, -0.982889026606, 0.00553689131681, 0.982074606094, 0.184188523242, 0.0400506675487,  
1778, 931461.452314264, 60.58411373754145, 129.45866730994885, 50.213439869525146, 34.20780215700582, -0.188721259679, -0.0675219675896, 0.979706624474, -0.915703276609, -0.348321450341, -0.200398793506, -0.354784153186, 0.934940078895, -0.00390557591681,  
1787, 138920.75277643197, 32.12867678463545, 142.8473627253715, 76.96575290237415, 3.0165377859577323, -0.977553186044, -0.133997928734, 0.162586357207, -0.169051612158, 0.0382966506967, -0.984862893489, -0.125743074885, 0.990241345148, 0.0600895787818,  
1789, 1303205.1162624597, 67.76020673274124, 119.46432097286969, 71.58765910447036, 36.378751206360384, 0.382136813768, 0.185688628661, 0.905257526204, 0.84034912481, 0.337688525692, -0.424004490598, 0.384427891801, -0.922760094934, 0.027000059328,  
1792, 3039842.793997716, 89.86436401660227, 126.80296926051842, 88.04562153266622, 65.00179182044916, 0.719675055018, -0.442252439332, -0.535238820611, -0.55185784747, -0.832159953295, -0.0544309499974, 0.42133209155, -0.334548340359, 0.84294523938,  
1820, 1506715.4707747102, 71.11822019222664, 121.7746090354347, 68.93961347547393, 42.84666759279361, 0.370337278884, -0.789103569665, -0.490067195608, -0.445896266097, -0.613839312181, 0.651442874473, -0.814878407954, -0.0227344488224, -0.579185915822,  
1829, 1396857.0855673654, 69.34595316342258, 90.03353393968158, 74.07304066882583, 50.00332639019342, -0.699227695876, -0.0166331078366, 0.714705512113, 0.707186908611, -0.162542422028, 0.688089120195, -0.104724904438, -0.986561351749, -0.125416879348,  
1860, 2157012.872328354, 80.1532941681824, 110.60677446822888, 97.08548199163945, 47.95436106703724, -0.756756680772, 0.653695392801, -0.00128823062234, -0.572608920494, -0.66193293722, 0.483698057463, -0.31533846939, -0.366779388807, -0.875233985668,  
1876, 1610874.059159313, 72.72063449994216, 94.30675935842739, 91.64732472191874, 44.49491331710801, 0.696962937436, -0.701063417108, 0.15084014397, -0.36367762175, -0.164265299173, 0.916927204813, 0.618046318069, 0.693921462905, 0.36944790166,  
1878, 1811130.7206341382, 75.61716586684734, 102.08767512366337, 75.63394228806942, 55.997822095263764, -0.39307626151, -0.824989660078, -0.406058017286, -0.905155409873, 0.424882516908, 0.0129819414402, -0.161816984939, -0.372648504077, 0.913755085236,  
1881, 292098.4564667046, 41.160459799554715, 99.94988598910211, 68.55585141883242, 10.176860485374783, -0.705910402951, -0.620328755413, -0.341881175577, -0.685036388488, 0.720620624095, 0.106916147408, -0.180043465455, -0.309674266508, 0.933641365413,  
1891, 2882705.3153939447, 88.2884474570843, 123.83081294808247, 77.46430778303579, 71.74328710460203, -0.501555080304, 0.78860594583, -0.35572905929, -0.200791131663, 0.293847415325, 0.934524808634, 0.841501885242, 0.540142905821, 0.0109644163086,  
1904, 2003146.1994079861, 78.20022681285977, 135.96053901706156, 77.05951399418142, 45.644125916169344, 0.761475118657, -0.531126334666, 0.371564880325, -0.526827346353, -0.84108326783, -0.122604582747, -0.377635526402, 0.102390200704, 0.920275858642,  
1905, 367478.0036303227, 44.43388087276215, 80.04233056586051, 47.730012410564356, 22.963150194556082, 0.556471693303, -0.645304311167, 0.523375200541, -0.382937749403, 0.359830035176, 0.850811980327, -0.737358755719, -0.673872904763, -0.0468761516234,  
1908, 1213262.2612313987, 66.16404168068402, 127.65331378309408, 101.18776070118126, 22.423634268457906, 0.415829828386, -0.519812839323, -0.746244039104, -0.084439564195, -0.839074394704, 0.53742359471, 0.905513950098, 0.160464239714, 0.392804931169,  
1934, 2091672.0308123045, 79.33563946867687, 110.69895563354744, 75.87259423991922, 59.453376258364116, 0.946027692081, -0.169355865929, 0.276315393148, -0.226221619284, -0.955598374368, 0.18882670858, -0.232067629763, 0.241143810992, 0.942334482886,  
1956, 389727.48729065346, 45.31313841507755, 117.8489504596099, 65.88658438030151, 11.982562836314115, -0.468957803578, -0.856226562589, -0.216690221238, -0.880049360808, 0.432220895079, 0.196718632567, 0.0747776771821, -0.282950828546, 0.95621500073,  
2024, 1687374.4835508096, 73.85404545652624, 123.09086039751061, 86.05957086916283, 38.02750959324356, 0.244372261746, 0.556715453446, 0.793945905956, -0.409557787536, -0.682897432382, 0.604907857045, 0.878945172555, -0.472989429841, 0.061125959309,  
2044, 4044525.8886185633, 98.83854346170712, 144.27226339474154, 94.93999876485061, 70.49315419678824, 0.67077018365, -0.741665244322, 0.000161525431814, -0.574624018144, -0.51955854824, 0.632349707617, 0.468907878478, 0.424254145902, 0.77468304563,  
2062, 2065295.6792772906, 79.00074904246108, 106.04032466730696, 79.08976049123274, 58.78984538970072, -0.980160196653, -0.0700138930284, -0.185429349565, -0.191492273051, 0.575943685, 0.794744978638, -0.0511536729762, -0.81448568219, 0.577924195072,  
2073, 639823.1954586435, 53.45526133102216, 153.67121347818448, 66.6121416424391, 14.921945641693544, 0.695370942751, 0.318529462182, 0.64420356542, 0.595837981761, 0.24563343839, -0.764618410343, 0.401791427818, -0.915534377108, 0.018985596254,  
2074, 3691788.217185632, 95.87735769016668, 125.67855021346887, 88.18080945289073, 79.52669363141331, 0.536621666412, -0.814545261008, 0.220347917864, -0.396451280558, -0.0128568784147, 0.917965730744, -0.744891649357, -0.579957514347, -0.329826791319,  
2128, 238333.78386132227, 38.46204156932034, 82.80212442705131, 68.05387444073601, 10.097239644377947, 0.935856686094, 0.169463690347, -0.308956826671, 0.317413039994, -0.024618872295, 0.947967759562, -0.153039946205, 0.985228891568, 0.0768297213632,  
2143, 2168883.698333721, 80.30006282847133, 125.88587819537473, 92.51847119224747, 44.45720891171615, 0.0770857250598, 0.621957971637, 0.779247119025, 0.787573260921, -0.517249596437, 0.334934640889, 0.611380527719, 0.587895514954, -0.529710028056,  
2144, 1139715.759435, 64.79915084642732, 132.7723761518559, 60.17603708568174, 34.0546666012526, 0.520895824755, -0.0414254514254, -0.852614491859, 0.644777751251, 0.673649353104, 0.361189978481, -0.559400742979, 0.737889206478, -0.377611344795,  
2155, 1661039.6664833396, 73.46781631298745, 139.60936745157323, 69.55560770566018, 40.83614015334877, 0.18787511222, -0.953515379098, 0.23560849737, -0.914163919009, -0.0820357218478, 0.396956508352, 0.359175822392, 0.28996303586, 0.887081826239,  
2159, 2344865.5182840857, 82.4156668523299, 140.3280468311971, 89.9747188304159, 44.336800771377035, 0.768241501086, 0.0347187429965, 0.639217963525, -0.586918341676, 0.436888867355, 0.681656055343, 0.25560097068, 0.898845218303, -0.35601322633,  
2164, 1459774.635466476, 70.37186614950531, 98.05656324223764, 88.38547117845117, 40.21051679144928, 0.0617274619416, 0.177672118659, 0.982151891865, -0.829172578504, -0.538616669207, 0.149549051183, 0.555574077419, -0.823604700025, 0.114073408807,  
2171, 1349418.6138696796, 68.55187886554795, 123.26079716342923, 88.49438667592328, 29.533668200736432, 0.937456194682, 0.271073174459, -0.218392346799, -0.273507996351, 0.961669951425, 0.0196030726476, 0.215335224669, 0.0413550313031, 0.975664134015,  
2174, 4149547.24628971, 99.68673412837204, 115.53734576180436, 103.60327137287538, 82.7591934153977, -0.240015207412, -0.269541846719, 0.93259846294, -0.0284229010563, 0.962219317399, 0.270787968567, 0.970352945534, -0.0384860766027, 0.238608430281,  
2193, 2205205.0144861764, 80.74583327353464, 105.45796263633486, 80.9510123078471, 61.667834918271616, -0.529614653046, 0.777564405622, 0.338971848961, 0.826746645976, 0.562573057981, 0.00124008119997, 0.189732186638, -0.280900604384, 0.940795699294,  
2211, 1027546.722625167, 62.59951806199655, 109.4841101797001, 100.25681322616342, 22.34847946173315, 0.173853509791, 0.689968348167, 0.702651147911, -0.53860302489, -0.530719104077, 0.654403556031, 0.824428128288, -0.492220388743, 0.279351660444,  
2214, 2201130.463067327, 80.69607132573199, 110.92759139257946, 94.3082230004082, 50.230561183636546, -0.422671660722, 0.301790270329, -0.854559126075, 0.895228311937, -0.00779440698434, -0.445539579305, 0.141120291701, 0.953342477788, 0.266876719321,  
2216, 2664134.4825901827, 85.99816374070505, 136.65128704261687, 99.60504792530837, 46.72749065034534, -0.199821053177, 0.145332660292, 0.968994305742, -0.931094132354, -0.33618101717, -0.141584040025, 0.305180706145, -0.930516384352, 0.202494432147,  
2220, 533463.0921057853, 50.31203952216058, 146.1986602142937, 58.28890716045378, 14.944674588664025, 0.881037981858, 0.44036363098, 0.172777160044, 0.389244203614, -0.882428113004, 0.264215017236, -0.268814107657, 0.165530957498, 0.948861674658,  
2226, 860554.9935657814, 59.006067703320475, 107.10271288456403, 54.09757124042463, 35.45779956327821, 0.497924258276, 0.399380688611, 0.769783410178, 0.428229486644, -0.885107773915, 0.182218921424, 0.754115998895, 0.238912733273, -0.61174321908,  
2231, 1734880.712570183, 74.54073484336865, 119.45860304942336, 89.40487692820948, 38.77951453569135, 0.72833800152, 0.638906623904, 0.247632957163, 0.504890087445, -0.744720496484, 0.436437145207, -0.463259921795, 0.192846332733, 0.864985859312,  
2246, 203961.18982669796, 36.516261557377035, 131.93768390417594, 51.651934527256095, 7.145020507653807, -0.791576993605, 0.139360309724, 0.594966021945, 0.608535625929, 0.0912038506623, 0.78826787934, -0.0555900635955, -0.986032738654, 0.15700058322,  
2255, 1658326.0319191264, 73.42778646991923, 121.4425178818136, 64.75904369171518, 50.3396415959034, -0.803904051796, 0.500042864194, 0.322017716089, 0.232585333337, -0.234000792119, 0.944006192779, 0.547395961095, 0.833787001132, 0.0718115486561,  
2258, 1531341.862396757, 71.50359024441742, 123.59852688706579, 66.90296121919904, 44.21044745263787, -0.583771236397, 0.799588403343, 0.140959316096, 0.190869819009, -0.0335953585154, 0.981040296867, 0.789164023348, 0.599607986209, -0.13300528985,  
2261, 1955789.6992190857, 77.57906034957666, 157.12135944432026, 62.423251039952476, 47.604930325011445, 0.54347093704, -0.582376642241, 0.604546761769, 0.567474999715, 0.785585639742, 0.246631967372, -0.618555951625, 0.209027867051, 0.757427148646,  
2271, 2445338.4442574093, 83.576360587031, 127.87871347722417, 91.01652509677649, 50.157035202453066, 0.600475877828, -0.785593305743, -0.149237656503, -0.744947973743, -0.481738256634, -0.461498394917, -0.290656561189, -0.388292943622, 0.874498343835,  
2282, 2465057.0124937776, 83.80040540378504, 119.43613699372183, 97.40797165920355, 50.58341085301923, 0.330269754957, -0.248032945598, 0.910714854858, 0.761132309701, 0.640596337579, -0.101557566974, -0.558210978117, 0.726715893715, 0.400355484203,  
2283, 2391236.9915559217, 82.95540164464465, 116.62040753258513, 80.91701920434485, 60.49501384086034, 0.253343531743, 0.923020198526, -0.289569970884, 0.752063846593, 0.000349081849022, 0.65909016742, -0.608454620799, 0.384751336912, 0.694081683358,  
2285, 1609624.72610256, 72.7018298455375, 100.26461913008161, 81.18759114382074, 47.20615859369061, 0.58954741767, -0.581393634921, 0.560727459281, -0.735152864116, -0.673819021065, 0.0742845423514, -0.334640267601, 0.456014657795, 0.824661459737,  
