# Void_ID, Void_Volume, r = (a*b*c)**(1/3.0), a, b, c, vector_a, vector_b, vector_c 

11, 878630.5777116981, 59.41634071774587, 109.30849686949156, 71.12530728834253, 26.97985591741385, 0.376060101185, -0.61040328684, 0.69712741139, 0.547654598066, 0.753300568363, 0.364160259942, -0.747431094826, 0.244838888084, 0.617576454674,  
14, 956468.3988316905, 61.121500231319594, 84.35151277717188, 69.79548011467644, 38.78482548779445, -0.917857155776, 0.230261189125, -0.323292478065, -0.325955433699, 0.0274743763765, 0.944985827346, -0.226475819533, -0.972740943636, -0.0498373328075,  
17, 1316835.3239563904, 67.99562230818232, 127.95845630583283, 81.07057602330099, 30.304743168783066, -0.222976945469, -0.360914589146, -0.905550628695, -0.156878964256, -0.903544327657, 0.398743825698, -0.962117597991, 0.23097252499, 0.144849647347,  
24, 2004577.3642261801, 78.21884598479835, 97.20339197916961, 74.0358942032947, 66.49828827643168, 0.74562745587, 0.0251915845138, -0.6658866879, 0.392627922781, -0.82401092185, 0.408471926727, -0.538407848481, -0.566013590598, -0.624296086768,  
65, 677204.9655467853, 54.476664434388674, 109.07398762950616, 80.41467796731371, 18.432108012048694, 0.117310868609, 0.875117730572, 0.469475364363, 0.957124381382, -0.225710846033, 0.181569635534, 0.264860489071, 0.428046226033, -0.864074851913,  
120, 979408.7662843665, 61.60629992741754, 110.38939274652002, 103.49425188079434, 20.465945050924965, -0.950200343192, -0.296734526777, 0.0952256709962, -0.218968881407, 0.853135346295, 0.473511045149, 0.221747461707, -0.429078898946, 0.875625126241,  
132, 1251689.9528675308, 66.85533238145172, 109.374239600089, 75.30661102936403, 36.27939252165276, -0.227105419515, -0.971414850101, -0.0691109067356, -0.780621287688, 0.224011579649, -0.583480263069, 0.582283035675, -0.0785620849139, -0.809181354938,  
164, 462349.7915703115, 47.969002288063564, 99.72113531282909, 42.32106769869002, 26.154006470799942, 0.776178275221, 0.0349621034555, -0.629543434877, 0.426626620797, -0.764308827209, 0.483551179378, -0.464259638028, -0.643901908658, -0.608155671292,  
167, 2314564.006329977, 82.05912125762758, 121.19715369522206, 96.29605779055142, 47.34560353999403, -0.103951696704, 0.915376644401, -0.38894683909, 0.99161501927, 0.0652020386196, -0.111572163725, 0.0767704260155, 0.397283643063, 0.91447909142,  
176, 1352443.601686505, 68.60306481985873, 120.00935680012165, 79.85721527227129, 33.6900212186999, 0.788721249428, -0.455975620497, -0.412316655271, 0.177089344158, -0.473751193842, 0.862669792284, -0.588691901496, -0.753422882481, -0.292909209939,  
192, 3407409.8078087987, 93.34948362687892, 128.0250665244151, 95.14736227798556, 66.77962817363677, -0.466186017594, 0.0722509893948, -0.881731473597, 0.849371963054, -0.242230770948, -0.468925923771, 0.247462856563, 0.967524701565, -0.0515566337519,  
194, 1123609.3179956398, 64.49245474662895, 84.48188613524077, 68.37795147738085, 46.435169565595025, 0.0493532149088, 0.373347800569, 0.926377719933, 0.88569182068, -0.445059519996, 0.132181778026, 0.46164299947, 0.813961573707, -0.35263621137,  
206, 1948440.3244434465, 77.48176405801806, 145.35754862220358, 75.5300551645809, 42.36830673757814, 0.778745428078, 0.409817551621, -0.474979086519, 0.307915253146, 0.409960725696, 0.85855716191, 0.546574565021, -0.814850770246, 0.193065965676,  
216, 3132057.95494837, 90.76402081816582, 133.37277828626816, 98.16476128336026, 57.110816261026606, 0.779469428159, -0.145926414885, -0.609206772783, -0.488694109567, 0.46677926161, -0.737085604395, -0.39192534728, -0.872251455929, -0.292526784739,  
241, 2418064.240554145, 83.26447378663364, 113.2668190090464, 97.54372242792176, 52.248905378965745, -0.434969275826, 0.166735285387, 0.884873478919, 0.170374576814, -0.949715590783, 0.262702874365, -0.884179977529, -0.265027623525, -0.384689649076,  
244, 1157020.1095014918, 65.12545431858412, 104.22459686780006, 89.54432829124076, 29.59674774335618, 0.794534591304, 0.211326730626, 0.569258988638, -0.510489450514, -0.275180143964, 0.814663371756, -0.32880891736, 0.937878937439, 0.110760076623,  
246, 3033125.7481921474, 89.79812504315727, 112.22766282533495, 94.67580925705713, 68.14952948972383, -0.75245048708, -0.110422545857, -0.649326671144, -0.408140051623, 0.851929159101, 0.328082925698, -0.516952573021, -0.511882378325, 0.68610237429,  
262, 942172.3345723065, 60.815448344418, 99.93885777151866, 62.94312280706944, 35.75683505437523, 0.407673479589, 0.616121844591, 0.673940803526, 0.860141584029, -0.506868841324, -0.0569248023222, -0.306526979995, -0.602891242524, 0.736589003599,  
266, 945083.5753265094, 60.878022306823304, 125.45337045322447, 72.39214562156313, 24.8432164845926, -0.431835320762, 0.166898431422, 0.88637642643, 0.900856193263, 0.128248160558, 0.414741519953, 0.0444564371257, -0.977597730615, 0.205733571144,  
272, 383192.7225028006, 45.058446511244135, 139.18621659147524, 33.92676746718143, 19.37269009716533, -0.723577426006, 0.0562310337643, -0.687948965706, 0.27309215959, 0.9386723622, -0.210510970763, 0.633921431207, -0.340194455104, -0.694558386151,  
275, 619366.4453937198, 52.879380027311, 109.99226830841776, 42.02935857810745, 31.98483713357194, 0.911211802863, -0.0321283594073, -0.410683355938, -0.309780173101, 0.603704026651, -0.734559522816, -0.271531388013, -0.796560868187, -0.540149505782,  
285, 330290.361026285, 42.88141391816471, 126.38221684571664, 116.364693358468, 5.361670142210465, 0.835175258546, -0.471269459289, -0.28352669055, 0.148531624123, -0.303091886275, 0.941314859709, 0.529547584404, 0.82827556116, 0.183136426295,  
300, 2429991.7484826767, 83.40115463177378, 125.17739296614144, 109.00940596737499, 42.513446517632765, 0.400062496667, 0.84208108376, 0.36173118076, 0.521287423865, 0.115551895181, -0.8455218396, -0.753796670516, 0.526827493487, -0.392738299158,  
311, 1864708.5789470247, 76.3555810738562, 109.8813096375711, 92.13496469878842, 43.97178125307231, -0.380374553074, 0.918574492222, 0.107406245689, -0.312137531284, -0.236831788898, 0.9200439475, -0.870566115202, -0.316435784965, -0.376806360158,  
315, 1697153.8527364095, 73.99644719220498, 122.5048536983206, 78.36986020775277, 42.201728286644766, 0.318287867347, -0.355796477482, -0.878693177458, 0.897601627097, 0.411287260444, 0.158600467936, -0.304965821909, 0.839197030505, -0.450271242097,  
318, 969624.849847636, 61.400471946294246, 118.96118827625247, 55.1936300996692, 35.255012713353864, -0.879255959141, -0.21363457157, 0.425757240861, -0.447245773222, 0.677866820839, -0.583496179542, 0.163951750983, 0.703460619392, 0.691565600876,  
322, 1574056.3446225366, 72.16233125897392, 109.93822094347712, 86.3371037322213, 39.589998420585, -0.214370579504, 0.456038971497, -0.86375558529, 0.975560316738, 0.143642735541, -0.166279382163, -0.048242336687, 0.878291079883, 0.475686299938,  
323, 389085.04256934865, 45.28822596704752, 115.14621609864292, 41.5650950165956, 19.40785227811253, -0.255521439114, -0.92486572691, -0.281659690654, -0.958561350778, 0.28031332909, -0.0508387089682, -0.125971945083, -0.256997713455, 0.958166605727,  
355, 464753.75918525434, 48.05199619252775, 91.86589002497577, 54.91882182205948, 21.99170004282641, -0.20608300679, -0.842151773207, -0.498307320031, -0.947725230249, 0.29855387796, -0.112616472618, -0.243611744919, -0.44905007832, 0.859655364026,  
397, 2647432.446751427, 85.81807317031864, 133.03649908718057, 87.89537379353096, 54.05046727030007, 0.691760354951, -0.675144314172, -0.25621820068, -0.671306777361, -0.731988293441, 0.116363005008, 0.266110544675, -0.0915057009527, 0.959589435491,  
400, 762296.8810276625, 56.66895156923997, 130.03849991429544, 65.17581907215671, 21.472226757011914, 0.883018512336, 0.392575155811, -0.257221799062, 0.375239783417, -0.261323158516, 0.889328573568, -0.281910290366, 0.881813446179, 0.378063003113,  
404, 1639593.2943261245, 73.15025449127562, 127.12985943666968, 80.6683916280194, 38.167750034472846, -0.659727028821, 0.696798388752, -0.281482242558, 0.0690063420187, 0.429144415171, 0.90059602247, 0.748330389737, 0.57472347817, -0.331201677888,  
409, 4263180.176049827, 100.58850639033173, 133.8296074184852, 109.27175815546254, 69.59610643869179, -0.380299216187, 0.840282918083, 0.386389859785, -0.369695297425, -0.521065967668, 0.769295550748, -0.847760516437, -0.149715980831, -0.508809622408,  
420, 497666.65619044733, 49.16054001586276, 128.51655972975314, 65.31675859499359, 14.153577225221763, 0.848337587563, -0.517155745871, 0.113460442623, 0.180428194096, 0.483850050972, 0.856349691978, -0.497764004627, -0.706002169039, 0.503777662277,  
470, 982821.749670359, 61.67777757866423, 111.49122252651381, 101.30329591424213, 20.774084625669037, -0.279744055516, -0.745766123852, -0.604628937381, 0.959602128264, -0.197437003906, -0.200455443729, 0.0301167534034, -0.6362794339, 0.770870587816,  
483, 1737561.288716737, 74.57910622191325, 139.32015509826323, 71.87697733875572, 41.42359322999295, -0.0508721931379, -0.998702837918, -0.00215905061717, -0.176442631704, 0.00685979640412, 0.98428702161, -0.982995431161, 0.0504537880393, -0.1765627299,  
528, 1833306.1141764284, 75.92453239239617, 114.117740892262, 95.23639072988135, 40.2708024631355, -0.53914961206, -0.727845099041, -0.423744271486, -0.820145545785, 0.339318916351, 0.460677714606, 0.191517569803, -0.595906187926, 0.779882578115,  
530, 1096886.3015441184, 63.97706822888698, 129.83640305072777, 75.20499854494685, 26.818212082442688, 0.521537897213, -0.354419343316, -0.776134750448, 0.280701965791, -0.787736887786, 0.548340224699, -0.805732355172, -0.503842757916, -0.31134843363,  
553, 960718.6740625442, 61.21190201387422, 153.66962493542846, 79.09425359315036, 18.87011990764784, -0.0083298268702, 0.963146149089, 0.26884960383, 0.453633849149, -0.23596205702, 0.859382475126, 0.891149227061, 0.129117787861, -0.434950171821,  
558, 941708.2222032916, 60.80546084475097, 158.58996265699153, 46.800290546333386, 30.290295272994538, -0.823172975135, -0.176738137769, 0.539583064658, -0.564595336246, 0.15411115647, -0.810852549938, -0.060152799575, 0.972117987751, 0.226645667494,  
570, 2670466.9402415724, 86.06624699334424, 100.49073460894776, 95.54071334178613, 66.40244885262786, 0.242479653664, -0.553564260549, 0.79672468708, -0.095857197118, 0.803544142833, 0.587476134221, 0.965409247583, 0.21882280494, -0.141779987017,  
585, 396663.37024223455, 45.580368231939204, 117.86136467577985, 81.19663789414726, 9.895186319859386, 0.877347277558, -0.347306931469, 0.331118785204, -0.425872066406, -0.245587745002, 0.870815504318, 0.221121544894, 0.905021853249, 0.363374060061,  
595, 1717228.924173801, 74.28706414689402, 124.14853154359811, 83.66438345285853, 39.4691145608595, 0.0883523154722, -0.126769201584, 0.987989594014, 0.36661270503, -0.918105986331, -0.150587258337, 0.926168987206, 0.375514270558, -0.034641589834,  
599, 542294.8770718201, 50.588169398618504, 90.83473117740843, 42.90198427278469, 33.22137304070403, 0.887231039606, 0.451676937062, 0.0938564163315, -0.253647150886, 0.30767964011, 0.917058537886, 0.3853364831, -0.837449212543, 0.387549495167,  
600, 2475103.6332791476, 83.91409712305635, 120.31618698627442, 83.12239358110145, 59.083018888688365, -0.926480384109, -0.233430569199, 0.295202078624, -0.372226027224, 0.452665261622, -0.810272759988, -0.0555147054186, 0.860583714861, 0.506274418866,  
602, 472165.66923834337, 48.30609514993245, 109.55484795184084, 56.97773844690279, 18.05797259831615, -0.123290469179, 0.493193258542, 0.8611387054, -0.771325349793, -0.593606485926, 0.229539854127, 0.62438502943, -0.635918036853, 0.453598484818,  
614, 964808.5211444453, 61.29864017307861, 125.20526125939861, 66.07614436268517, 27.84102684362821, -0.885384705577, 0.444791787143, 0.135108064969, 0.45725256214, 0.885664607159, 0.0807359773757, 0.0837497316212, -0.133260908431, 0.98753608174,  
639, 1202944.0036696533, 65.97594215531652, 112.42157334736767, 71.52324604676939, 35.71576254451256, 0.625612339168, -0.580391437013, -0.521301238175, -0.418503261045, -0.813613826276, 0.403593312863, -0.658379997855, -0.0343266883693, -0.751902558108,  
661, 730679.8662149152, 55.874396296078814, 108.130619227078, 63.05702753519273, 25.58328722310956, -0.957004890766, -0.289889099442, 0.0102931567173, -0.290063846449, 0.956638502537, -0.0265657758476, 0.00214570119198, 0.0284092500426, 0.999594072851,  
690, 2521796.7792125624, 84.43849658172734, 138.28114473753894, 76.50623560036797, 56.906473970061235, 0.853140389526, -0.375916441468, -0.361715779023, 0.212191382458, -0.383366937353, 0.898890765641, -0.476577688285, -0.843632989148, -0.247299588861,  
704, 2194704.6547187963, 80.61746885151715, 122.09021058147886, 93.25124172971454, 46.020571655467585, 0.765291292873, 0.610105472661, 0.2051841838, 0.53375353892, -0.423321190585, -0.732056233695, 0.359772701498, -0.669754045774, 0.649609976391,  
716, 1477473.9101245478, 70.65513607174672, 106.13128231891051, 72.395257839292, 45.90686975182856, 0.244302800104, -0.892613190098, 0.378890267393, 0.595336327662, 0.446487741401, 0.667999516275, -0.765435038933, 0.062372988082, 0.640483264052,  
770, 2070177.6811671394, 79.06294809599375, 122.45055014918408, 70.18402871072193, 57.50690280782428, -0.765640029787, -0.603513145423, 0.222636987246, -0.604688524136, 0.793297370167, 0.070930044865, 0.219424550965, 0.0803191495726, 0.972317695327,  
777, 1644777.2036905172, 73.22726654605697, 136.288153784714, 65.97475854535455, 43.66993554360936, 0.335836452278, -0.874938908137, 0.348849228677, 0.463828497626, 0.475958898281, 0.747212320521, -0.81980302641, -0.0891349211869, 0.565665947104,  
799, 315085.9151787673, 42.21305596736324, 96.61190844495762, 50.72712901380065, 15.348623610604186, 0.0979365410321, -0.973499974653, -0.206654865128, 0.281019128151, -0.172150215874, 0.944135876232, -0.954691931224, -0.150539372009, 0.256712317451,  
804, 3120904.717363693, 90.65615598949518, 123.28392507566426, 92.65474807290809, 65.22555271235842, -0.158745520909, -0.915133856563, 0.370580469214, -0.399055190392, -0.283844909632, -0.871887046754, 0.903080735379, -0.286290223109, -0.320129807328,  
808, 281914.5865350959, 40.6764440125044, 105.86737606002701, 65.43977608175184, 9.714601365076067, 0.813528342063, -0.421101854167, -0.401054690881, -0.399839767456, -0.905824095067, 0.140038813035, 0.422255606264, -0.046432070946, 0.905286841706,  
822, 607425.7330523046, 52.53735354858036, 88.1393054233116, 74.46785268620296, 22.093581458726458, -0.657666346867, 0.381384959449, 0.649631040595, -0.709258077957, -0.0229178949252, -0.704576290366, -0.253826624001, -0.924132178207, 0.285572691534,  
828, 2308735.6090984177, 81.99018456380408, 114.79965238771105, 88.53242846306517, 54.23037928668078, 0.506265730497, 0.579962805563, 0.638230486805, -0.408044375714, -0.490896034286, 0.76975377295, 0.759733372686, -0.650126316715, -0.0118732784631,  
834, 2608680.652883488, 85.3972926872161, 127.3770815858928, 93.2538952378038, 52.42929672932437, -0.371930442688, -0.823960962201, -0.427499799498, -0.903056705096, 0.214587504231, 0.372076323365, 0.214840250378, -0.524443072027, 0.823895097097,  
844, 1224588.40375976, 66.36929092431483, 93.69624983056556, 78.70853359648424, 39.64217764343136, -0.711582722672, -0.561981681978, 0.421694934657, -0.689617561347, 0.443790936632, -0.572256256973, -0.134453143792, 0.698015897874, 0.703346400033,  
877, 846441.3920445847, 58.681710046361665, 112.70606725676751, 71.08578859361828, 25.221923374221333, -0.704532001218, -0.403142760261, 0.584046722539, -0.00616942200224, 0.826429131115, 0.563006953311, -0.709645402642, 0.393053184816, -0.584732927425,  
881, 1361663.389334024, 68.75860397774348, 124.06505289354756, 66.31747007283255, 39.509700398843165, 0.663596222964, -0.386919674101, 0.640260274155, -0.598383955129, -0.788184581755, 0.14388087895, -0.448972933607, 0.478600282989, 0.754562836357,  
886, 3495420.682360962, 94.14637748238864, 138.01187079806206, 105.26776536419983, 57.43795851340817, -0.645740005324, 0.244869036381, 0.723228180138, 0.755990572083, 0.072017039251, 0.650608792578, -0.107229195863, -0.966877810832, 0.231622966208,  
909, 1356403.7655544446, 68.66995969460089, 124.63417262824242, 84.09425913284423, 30.89561848986737, -0.254897501483, -0.639769777318, 0.725066821588, -0.168816895338, 0.767762524809, 0.61809510704, -0.95211770259, 0.0351473687304, -0.303704696845,  
924, 1194594.2362469619, 65.8229388316897, 82.70153167097467, 76.48302802002138, 45.087191014580846, 0.263470549109, 0.616499109728, 0.741965037894, -0.695191205711, -0.411898884036, 0.589108221664, 0.668799265291, -0.671020235935, 0.320061534257,  
982, 2163060.1087640193, 80.2281281619631, 111.35163038906616, 80.21304832838926, 57.81471344553635, -0.644135323705, 0.66153642821, 0.384004217303, -0.167100232986, -0.611597315085, 0.773321560748, 0.746436331439, 0.433956539681, 0.504494325811,  
1008, 2464632.5697624944, 83.79559543868689, 130.80138989820966, 87.65939862696347, 51.31599194152514, 0.663846566415, 0.741689968001, 0.0959360600948, 0.66849450675, -0.530975374965, -0.520749695752, 0.335295139697, -0.409830626659, 0.848301848842,  
1049, 1290528.484275633, 67.53978312946327, 118.80344714027105, 60.43842382563337, 42.907855896594015, -0.607077824088, -0.628102931932, -0.486768140287, -0.787734771176, 0.556269623893, 0.264647002279, -0.104548772262, -0.544105515899, 0.83247747224,  
1052, 628499.1249431322, 53.13801854236926, 99.5132563228525, 50.08056614998856, 30.106890328036165, 0.38025573566, 0.809324022614, 0.447660811237, 0.808202410743, -0.526100908677, 0.264625579185, -0.449682597803, -0.261175152549, 0.854150514209,  
1085, 801382.8176229784, 57.62139997621882, 116.65747422795546, 51.017218010256904, 32.14563989881677, 0.425829702012, -0.845058625955, -0.323334167053, -0.669501732159, -0.0539026561829, -0.740852167637, -0.60863494438, -0.531949642688, 0.588721565873,  
1134, 326777.867016504, 42.72886348282786, 127.33220408871013, 27.80936465112694, 22.031024876150006, -0.0419009758824, -0.998023565057, -0.0468323799393, 0.192964628371, -0.0540746449481, 0.979714542595, -0.980310644856, 0.0320140026301, 0.194849026731,  
1136, 973187.4712351377, 61.47557978203395, 118.43674654733643, 81.31953382907994, 24.122735267109185, 0.763301574936, -0.110148408282, -0.636583092654, -0.463026567273, 0.593884574307, -0.657957073371, -0.450529803342, -0.79697455452, -0.402311391522,  
1143, 1938910.1930007527, 77.355232328251, 110.75958697485322, 96.50758263160591, 43.30383103579691, -0.537094522015, 0.469972726688, 0.700467779838, 0.832868179559, 0.163901551189, 0.528646268308, -0.133641572496, -0.867330339425, 0.479455954612,  
1144, 542687.3973354517, 50.600371918847515, 105.54992949758062, 69.06717215159337, 17.77180357465482, -0.951076801464, -0.299156759166, -0.0771890611618, 0.215068566769, -0.820431955465, 0.529751751333, -0.221807189481, 0.487233660473, 0.844633015455,  
1199, 2592565.7157521467, 85.22108413760778, 113.90048267560337, 96.96853205521492, 56.038277647027265, -0.990275211347, -0.041709112427, 0.132722853087, 0.0946818101953, 0.496934190118, 0.862607538519, 0.101933118313, -0.866785302501, 0.488152515879,  
1246, 3310503.799493545, 92.4560128124194, 149.5225865091331, 80.8607684334863, 65.3673405381763, -0.538571401333, -0.0595796690314, -0.840470766121, -0.818326346326, 0.274594391909, 0.504915746278, -0.200705845889, -0.959712552262, 0.196644299323,  
1262, 2937093.241405917, 88.84023695009797, 119.12118180092112, 84.893701560405, 69.33693835003557, 0.191018912831, 0.789426310151, 0.583367702039, 0.881221511773, 0.123877867588, -0.456182990817, 0.432389202142, -0.601215747268, 0.671996430874,  
1274, 2007802.881057639, 78.26077685234922, 123.10446479389597, 76.64505729520154, 50.80126259610661, 0.822206926916, 0.279801511849, -0.495668118098, 0.150605598441, 0.732850586963, 0.663511846847, 0.548902289164, -0.620194430122, 0.560415154859,  
1285, 987622.4169754741, 61.77803777190176, 142.26848064727253, 67.71482242858137, 24.47427819150281, 0.234705464342, -0.563700757401, 0.791931058309, -0.531368965598, 0.607793824066, 0.590113285587, -0.813978112364, -0.559310399987, -0.156880556665,  
1302, 2346311.4639975033, 82.43260372892621, 115.66906998807592, 91.15112812730426, 53.12730200826825, -0.813460558739, 0.0309425254782, 0.580796418285, -0.56702976764, -0.26445606149, -0.780089888508, -0.129457182057, 0.963901214678, -0.232669908574,  
1308, 2347087.912595314, 82.44169567624445, 95.77027274062687, 91.30524470841306, 64.07878943589155, -0.834643935462, -0.339715912153, 0.433546537326, 0.544029335339, -0.631421890899, 0.552574409454, -0.0860324548506, -0.697064914282, -0.71182787385,  
1325, 463237.52893009863, 47.99968371208689, 104.74932901275184, 49.59619975017344, 21.287049830421218, -0.958625885159, 0.251090637723, 0.13412644762, 0.101587609257, -0.138398316759, 0.985152710783, 0.265925496989, 0.958018474543, 0.107164511314,  
1337, 1349927.31453959, 68.56049195892626, 99.37065081931543, 78.57754660082067, 41.27291818818392, 0.404882803606, -0.155161161217, 0.901107612549, 0.648945016555, 0.743029107483, -0.163640187365, -0.644158583605, 0.651024392387, 0.401530770533,  
1345, 1617285.6696179858, 72.81698781064213, 136.9538177764999, 88.96860123911033, 31.687445017096664, 0.885731738555, -0.0588486661493, -0.460452084161, 0.223913906687, -0.814736569224, 0.53485220871, -0.406622490411, -0.576837201698, -0.708461003182,  
1376, 1576316.1346950424, 72.19684797003715, 107.01851852686633, 66.86935729448813, 52.585817256569975, -0.832837258418, -0.52896509932, -0.163027680755, -0.139032639211, -0.0851747890298, 0.986618052008, -0.535772364186, 0.844358442259, -0.00260667602703,  
1387, 2749964.526520354, 86.91195000599258, 107.32310322857799, 83.19880746462508, 73.52383627063568, 0.0371434416829, -0.613747600554, 0.78862807936, 0.934044327317, -0.259201288112, -0.245715052141, 0.355220437683, 0.745740286598, 0.563639836772,  
1401, 931946.5008134393, 60.594628087147576, 102.77259796373217, 78.34376363626951, 27.632527213173468, -0.976435526938, -0.215515852311, 0.0112507393268, -0.195855403416, 0.863054363101, -0.465594058472, -0.0906329006786, 0.456826097913, 0.884926886008,  
1429, 1034817.906430392, 62.746827880480275, 115.18906071199594, 70.36229528238786, 30.48064064440331, -0.965115891289, 0.171018528257, -0.198252312408, -0.142453937902, 0.292323488444, 0.945649963612, 0.219677472578, 0.94090363008, -0.25776378129,  
1431, 2434236.999567406, 83.44969428344265, 118.90799757668852, 75.53347963416205, 64.70289196531301, -0.0296479917919, 0.868674373983, 0.494495529371, -0.131850534173, -0.493788875188, 0.85952776766, 0.990826136727, -0.0397162274935, 0.129175028751,  
1447, 184534.99166857716, 35.318049162059545, 111.61744635340513, 23.267499171096066, 16.96322141765614, 0.826808819922, 0.402635086651, 0.392774951208, 0.467381834267, -0.103263417618, -0.878003922303, 0.31295590152, -0.909517264036, 0.273563429801,  
1473, 1187838.3895973673, 65.69862029665407, 120.02744851330537, 108.55225361038701, 21.764531824052096, 0.106034575091, -0.730403609934, 0.674734937202, -0.731489392517, -0.516937409095, -0.444633538672, 0.673557672007, -0.446414920979, -0.589095731445,  
1479, 1471462.1775268572, 70.55917561900507, 105.56779987796004, 89.65538544933577, 37.11527148044843, -0.683526787956, 0.445622224157, -0.578110684458, 0.376593859529, 0.893758067341, 0.243666948987, -0.625274495811, 0.0511600469232, 0.778726174266,  
1492, 1214089.7026311539, 66.179079491823, 146.5631965742686, 103.00659196189459, 19.198717549864398, -0.930782316073, 0.262919832815, -0.254002837776, 0.327467079456, 0.290772198015, -0.899008810154, 0.162510282623, 0.919959069945, 0.356743209701,  
1498, 3571580.574893529, 94.82523936438147, 132.26123607510425, 81.3506316635856, 79.24617995550057, -0.840088386952, 0.298299091401, -0.453066390474, -0.0767069896504, 0.761503157708, 0.643606229413, 0.536998640452, 0.575439478025, -0.616848334101,  
1502, 1088869.5797805013, 63.82082567534097, 103.43219699451707, 84.9045742085844, 29.600593416716208, -0.0326700017604, -0.267048655443, 0.963129112119, 0.645354998277, -0.741466364428, -0.183696915108, 0.763183855427, 0.615558807952, 0.196564892005,  
1519, 602454.7108033226, 52.39364322543949, 124.29054909601477, 83.41375168458462, 13.872669308315128, -0.596219768457, -0.439816565152, -0.671627409148, -0.79598007227, 0.214867103001, 0.56590445536, 0.104583518061, -0.872005457016, 0.478193235716,  
1520, 669661.6568441498, 54.273638952718926, 106.32560604825063, 59.35645967139102, 25.33150351203212, 0.493042163711, -0.869833726029, 0.0172833406745, -0.635637448169, -0.346587838061, 0.68981294928, 0.594032372256, 0.351092807631, 0.723781307538,  
1553, 2769603.4572866634, 87.11835395651104, 112.95120310379757, 92.84030671549053, 63.05239035795366, -0.344859344059, -0.903429576516, 0.254729333, -0.933118212526, 0.300529641552, -0.197414123106, -0.101796042497, 0.305772684889, 0.946647046638,  
1600, 1214675.448181407, 66.18972062454989, 133.97815111765192, 82.49123917628276, 26.237946135546956, 0.216095145413, -0.976222323017, 0.0171132747508, 0.737083266609, 0.151614785769, -0.658575139844, 0.640321127414, 0.154928799066, 0.752320357964,  
1617, 64378.31224551665, 24.862816569253933, 104.35691788369121, 36.9514442755429, 3.985642267184686, -0.900163252945, 0.364014297523, -0.239164607009, -0.00875055575338, 0.533880727885, 0.845514515645, 0.435464746933, 0.763193920044, -0.477394485292,  
1623, 2095330.2738328623, 79.38186405360138, 105.04281302766752, 76.14555273172823, 62.53929647913824, -0.124162039418, -0.387809847843, -0.913338551624, 0.169704160926, -0.91519868415, 0.365529569659, -0.977642207421, -0.109612455708, 0.179445879924,  
1663, 126239.96876575277, 31.119749302733112, 50.66385455234517, 36.211432736764394, 16.427229798748193, 0.740642176182, 0.671640806044, -0.0186492497566, 0.32055048265, -0.32881645842, 0.888328275327, 0.590505338615, -0.663911413013, -0.458830121873,  
1679, 2388787.344308775, 82.92706472066334, 132.27551562906243, 86.74481206849724, 49.701089221480956, -0.163474961747, 0.968722589547, 0.186688192938, 0.809885590582, 0.023718393776, 0.586108153812, 0.563348264442, 0.247010085417, -0.78843183006,  
1689, 3579088.067782403, 94.89163401986467, 110.14735962650354, 94.31710244321526, 82.24684254832903, -0.927621211385, -0.188041704705, 0.322737053158, -0.00596845701261, 0.871388636719, 0.490557052051, -0.373474585093, 0.453124884649, -0.809440901611,  
1705, 1136806.8772028862, 64.74397519184842, 132.22851131470793, 82.25238136868737, 24.953099247523262, -0.122337245832, 0.992450320659, -0.0087154635898, 0.95242703311, 0.119864360887, 0.280205784364, 0.279134994016, 0.0259787607964, -0.959900390199,  
1728, 1256775.584058941, 66.94575470014347, 134.25285987933572, 84.17971456844339, 26.54838645331821, -0.906615591261, -0.355699816301, -0.226992974264, 0.114154658228, -0.724650167173, 0.679596092706, -0.406222702082, 0.59022010801, 0.697583930731,  
1745, 3106776.5708221947, 90.51915073462709, 134.16271598779494, 109.1577190395746, 50.64483008869169, 0.226961416013, 0.559077009691, 0.797446808807, -0.900254871497, -0.191924136254, 0.390776524717, 0.371523460885, -0.806596567782, 0.459752427785,  
1750, 4396685.58090338, 101.6277397134701, 118.56446869866353, 113.89753409511891, 77.72628643290058, -0.408487735306, -0.55226354082, -0.726734306047, -0.08312349139, -0.770374786069, 0.632149645391, 0.908970987042, -0.318634069852, -0.268782578018,  
1779, 1477238.127252807, 70.65137736867898, 115.27872073419074, 101.54100719627114, 30.128068047913406, 0.350965187913, 0.265770251118, 0.897880621516, -0.529907033539, 0.84693628744, -0.0435598533414, -0.772024593312, -0.460505264506, 0.438078678645,  
1788, 2954446.4683988304, 89.01485840885461, 130.63040513584104, 86.3769853110652, 62.5093812282573, -0.92361807068, -0.305866921514, -0.231030486814, -0.3756114246, 0.601974076034, 0.704658264333, 0.0764572901952, -0.73761279687, 0.670881244834,  
1825, 1923948.767924785, 77.15575013245714, 141.87235425861724, 83.64150065178838, 38.706624759234245, -0.978125916598, 0.207890462914, -0.00715868065711, 0.158086933322, 0.765286505812, 0.623975228302, 0.135196940765, 0.609194648246, -0.781411330706,  
1831, 507138.04738207796, 49.47045008498749, 122.4340508599708, 63.169574630236504, 15.65407512035706, 0.699578269244, 0.179377469344, -0.691674756438, -0.365829477904, 0.921408577678, -0.131053523713, 0.613807004114, 0.344717212324, 0.710218983996,  
1836, 654313.5710645722, 53.85579480302136, 124.33974184114939, 50.142295054993895, 25.054350534079923, -0.960802003537, 0.274067175791, 0.0417934582615, 0.224559221049, 0.857756326157, -0.46241457717, 0.162581260426, 0.434903745778, 0.885678308229,  
1853, 2109348.796802778, 79.55850191126278, 126.31743865522162, 84.44602139526076, 47.208183137235885, 0.100999693269, -0.0739649254313, 0.992133182474, -0.555086654834, -0.831774329691, -0.00550182625835, 0.825637854985, -0.550164206645, -0.125065895201,  
1856, 2371017.225636255, 82.72092204568973, 135.24827582258425, 78.64418942966108, 53.216673257759794, 0.197812640965, 0.519956813567, -0.830972364823, -0.288541480364, 0.841051530108, 0.457576373749, 0.93681053217, 0.149255605353, 0.31639973307,  
1864, 1003074.400184115, 62.09855757295409, 129.69130908813176, 110.36064514246351, 16.73090498592556, -0.142785964878, -0.980784903128, 0.132940370202, -0.55689091073, -0.0314269608311, -0.829990879275, 0.818220435934, -0.192544332372, -0.541702869008,  
1865, 1568794.0582851782, 72.08182528642814, 141.16663412135293, 87.2614897384117, 30.40343432631977, 0.119039964697, -0.175089887649, 0.97732953401, -0.853511532794, -0.520965572878, 0.0106271004272, 0.507294342756, -0.835427078277, -0.211456961788,  
1878, 3853573.656811793, 97.25792919623889, 123.38060656937775, 110.16135103275431, 67.68600795086057, -0.632917307299, -0.758688757709, -0.15429533709, 0.720022294685, -0.650056888635, 0.242886674592, -0.28457613617, 0.042631097391, 0.957705075823,  
1898, 797157.5937149741, 57.51995347268446, 115.27655851610527, 87.59302027483355, 18.847123410746406, -0.468462585832, -0.575971905833, 0.669924749033, 0.0370864188496, 0.744788043885, 0.666269740587, 0.882704595668, -0.336967555377, 0.32754459759,  
1903, 2419514.510402882, 83.28111682697632, 128.6609869592176, 91.84901910939821, 48.87853948497983, 0.482798171833, -0.871922685668, 0.0815889422209, -0.648140170156, -0.293117977865, 0.702848611639, 0.588914463318, 0.392215095668, 0.706644941696,  
1904, 1216486.194200487, 66.22259449956198, 128.75149496799534, 103.95065318656127, 21.6989676401786, 0.959258995819, -0.231767822137, -0.161573065709, -0.224027199132, -0.972423568826, 0.0648399324515, 0.172145267114, 0.0260015271266, 0.984728352185,  
1936, 1867213.0242749294, 76.38974956410453, 93.85720164419129, 85.32673399681394, 55.66119607763408, 0.403226388444, 0.855039362109, 0.326061602933, 0.840605939547, -0.205275594567, -0.501242042005, -0.36164918645, 0.476203338418, -0.801523702968,  
1948, 1050310.0705525102, 63.05840382815804, 119.49526320653126, 67.56078461928092, 31.058719426355598, -0.351884987844, 0.573081466044, 0.74010444439, -0.0114899662748, -0.79325827897, 0.608776874988, 0.935972721827, 0.205715668149, 0.28572036657,  
2071, 1084835.958891128, 63.74192196622779, 105.78129510908248, 78.72111218135065, 31.10107222611704, -0.0695880505571, -0.643827888996, 0.761999443944, -0.845835126167, -0.36689181948, -0.387238081987, 0.528886039296, -0.671473039034, -0.519040957235,  
2085, 2052085.0296964548, 78.8319460311633, 143.8418127919354, 99.2058859791372, 34.33081828726532, -0.969574403686, 0.244327632254, -0.0151487238642, 0.216670199396, 0.885327786419, 0.411398511529, -0.113927610401, -0.395599189472, 0.911329677382,  
2086, 3509100.7012757435, 94.26903774785896, 117.28238635124998, 88.32264973932588, 80.87277370139624, -0.349781923297, 0.925163357818, 0.147395276334, 0.880349358044, 0.270795802913, 0.38942860824, -0.32037105663, -0.265974424477, 0.909186444905,  
2088, 2535247.1560635106, 84.58835221601299, 151.56420843968752, 71.9041438060725, 55.53683421659918, -0.258388286691, -0.80131974561, 0.539557372849, -0.965211833627, 0.191008103615, -0.178555371189, -0.0400201140391, 0.566923777636, 0.822797557619,  
2101, 2332886.678228577, 82.2750859396261, 145.2030278417721, 101.82140656765885, 37.669535859196756, -0.47463655701, -0.612203368842, 0.632397955348, -0.167839897704, 0.768253539511, 0.617750975529, -0.8640311959, 0.187065587981, -0.467393365705,  
2116, 1406802.5793846096, 69.51014303907327, 135.6075457980063, 59.14122667460278, 41.87649861262012, -0.263849538731, -0.962891506991, -0.0567747010151, -0.929271758905, 0.237978708191, 0.282524569816, 0.258529338787, -0.1273031037, 0.95757845672,  
2118, 754257.8158993736, 56.46903983163611, 110.50742991044115, 51.99549519963934, 31.338197452089982, -0.743419908, -0.594356005658, 0.30670470966, -0.246367591168, 0.669681879124, 0.700592028783, -0.621795666125, 0.445271961065, -0.644284898378,  
2125, 1939187.4861089885, 77.35891980355011, 120.09628236440616, 71.80977423602862, 53.68068702441674, -0.321047638857, 0.939682227147, -0.118007311506, -0.111433963884, 0.0862569712686, 0.990021316235, 0.940484388641, 0.330994028484, 0.077019918402,  
2133, 2343003.4335898464, 82.39384533189062, 104.0085652695746, 75.64553855938469, 71.09382665497414, 0.238360387943, 0.644253831018, 0.726719565361, 0.775210540178, -0.576961211435, 0.257224374616, -0.585006789582, -0.502048565099, 0.636957058541,  
2137, 2548470.4016896347, 84.73516150634329, 117.096252375909, 90.45968893128222, 57.43715218798282, 0.856659433856, 0.138443347445, -0.496958805068, 0.314964505689, 0.622578109603, 0.716375500418, 0.408573095715, -0.770214215002, 0.489732670409,  
2171, 2234095.3209512276, 81.09692053796809, 121.94001336458953, 84.80866457526392, 51.57350251458982, -0.768087012333, 0.287544181528, 0.572154424219, 0.637311959817, 0.256402826321, 0.726698738494, -0.062255982516, -0.922808720334, 0.380195026687,  
2210, 388570.7927027279, 45.26826483632666, 80.98773113483901, 52.9319602074378, 21.63935612517189, 0.170121267762, 0.840258596145, 0.514805056171, -0.585450500946, -0.334044199672, 0.738689504195, 0.792657848758, -0.427059672961, 0.4351017933,  
2257, 1558219.1383373716, 71.91949704959438, 115.12805908585807, 79.41860502055091, 40.68520300407159, -0.861186157604, -0.465294621267, 0.20459549695, 0.162088921345, 0.130108128775, 0.97816105852, -0.481752616526, 0.875541426916, -0.0366282162237,  
2258, 3056838.5628749738, 90.03153015724897, 112.16723725833008, 100.50278979549064, 64.73508965723562, -0.867519338422, -0.207015321189, -0.452277408519, -0.463595143187, 0.66601763916, 0.584380054024, -0.180249107287, -0.716634607816, 0.67375447917,  
2268, 1593050.4068826805, 72.45143130081252, 111.07329732017271, 76.19416970921465, 44.93756160849189, -0.0409303820268, -0.134849132681, 0.990020411528, -0.3670492314, -0.919541143848, -0.140424166368, 0.929300578691, -0.369133845897, -0.0118591001984,  
2270, 1901874.7702632353, 76.85953794794794, 109.24879491944901, 69.88144308149332, 59.472307331223874, 0.766575638768, -0.268779313579, -0.583197625715, -0.525850143971, 0.258517690107, -0.81033957696, -0.368569418337, -0.927861134273, -0.0568357226851,  
2276, 2993233.5024598744, 89.40270573621221, 106.31736919382136, 92.09479258075581, 72.98148443296247, -0.840480108877, 0.540128486379, 0.0430628004577, 0.253469267485, 0.321682915305, 0.912290212839, -0.478901364607, -0.777676873902, 0.40727406347,  
2313, 1342344.486277472, 68.43187789463333, 128.16173277896743, 89.81655155708178, 27.839448445512772, 0.401391190461, 0.915590806735, 0.0240538321778, -0.584480956293, 0.235837495161, 0.776377928336, 0.705171698207, -0.325690267736, 0.629808483231,  
2318, 470361.90139306197, 48.244503652071806, 86.95819983222361, 76.78668828257496, 16.81694291537201, 0.714192826428, 0.0398350327622, 0.698814551111, -0.569311842784, -0.547755529069, 0.613064357177, -0.407200972918, 0.835689565891, 0.368524513588,  
2333, 101228.7066191437, 28.911571122618074, 67.08482428637805, 38.77570117447604, 9.290329818507658, 0.247692387164, 0.901361196353, -0.355241432057, 0.823062066531, -0.00233872598327, 0.567946621611, -0.511094233952, 0.433061801674, 0.742455493583,  
2335, 175431.6021921473, 34.72746429615325, 107.36312778367034, 39.42467316609222, 9.89454808853203, 0.524833107244, -0.851204563794, -0.00100005783259, -0.744608158, -0.459676860003, 0.483999871299, 0.41244260277, 0.253274505139, 0.875067497092,  
2336, 1745597.6529641452, 74.69390758694314, 137.21037925380452, 77.15619811469121, 39.363866994590964, -0.437732671872, 0.134636450213, 0.888967453988, 0.895082366119, -0.0281700574256, 0.445010118679, -0.084956846916, -0.990494560378, 0.108179757919,  
2339, 2468199.755714718, 83.83600313530559, 113.62305253712341, 96.80710665281977, 53.56955057358301, 0.312696715071, -0.907336200763, -0.281001393537, -0.552783250499, -0.414411607645, 0.72297558563, -0.772432160355, -0.0707392269886, -0.631145402751,  
2345, 1082899.3957905131, 63.70397036691672, 115.6903957195392, 87.81704035283818, 25.446227127205038, -0.595372197894, 0.803321880275, 0.0143493082221, -0.6965762906, -0.50719417205, -0.507479598814, -0.400391580018, -0.312134632026, 0.861544284492,  
2362, 1435062.474609845, 69.972501424797, 105.52611995837577, 64.79847528791127, 50.1022744793702, -0.502130906334, -0.760073767724, -0.412495358182, -0.281657966183, -0.307242322197, 0.908994469475, -0.817638882998, 0.572616820456, -0.0598049658573,  
2373, 2105913.205808682, 79.51528493948025, 122.61976574497712, 100.02146486617855, 40.991911066333294, 0.549260019099, 0.411144124231, 0.727512158338, -0.690737129019, 0.713354728858, 0.118352226046, -0.470314416124, -0.567525805516, 0.675809743981,  
2377, 1993234.6224090927, 78.07103513189665, 99.40875493489467, 85.10368685940345, 56.246668412760734, 0.51691404018, 0.85348247528, -0.0660873622952, -0.427927451692, 0.32449395601, 0.843553062114, -0.741402705116, 0.407763824907, -0.532964062525,  
2390, 162165.62805152434, 33.82907059694893, 81.52857262443602, 60.225990427571524, 7.884540882520393, -0.337669455248, 0.322569230715, 0.884267171385, -0.612220346428, 0.638310775876, -0.466632190082, -0.71495845083, -0.698933791426, -0.0180546057937,  
2397, 2203794.1685432633, 80.72860974499892, 111.06458615513107, 92.59627496644605, 51.157969851739516, -0.7570687869, -0.630992122506, 0.169398327137, -0.100804345742, 0.368992491174, 0.923949687665, 0.64551168524, -0.682417381661, 0.342959445746,  
2399, 971731.1156092801, 61.44489881309149, 112.9812491927768, 59.54247162162631, 34.4845266856919, 0.433391860585, -0.0302328050431, 0.900698325011, -0.686501735841, 0.636420245535, 0.351688267874, 0.583855171995, 0.770749796349, -0.255064481185,  
2401, 3787123.563487561, 96.6956540451988, 125.60282581431886, 89.28393584580188, 80.6209903771181, 0.520354810631, 0.0163685850844, 0.853793265654, 0.623446417338, 0.675961130435, -0.39292634787, 0.583562709366, -0.736755467956, -0.341534690293,  
2408, 2623085.4814424044, 85.55418886413042, 142.17270337284944, 66.8617290455403, 65.87642301156065, -0.12029385439, -0.301537237136, 0.945835441933, -0.0634788338152, 0.95314063885, 0.295792765682, -0.9907067307, -0.0244584789504, -0.133798193388,  
2412, 931840.7478089975, 60.5923360005064, 109.41533627992285, 74.71060387021733, 27.214016388263985, 0.157810645017, -0.881343198411, -0.44534252765, 0.755561310231, 0.398145206633, -0.52019948185, 0.635785267839, -0.254390567924, 0.728740373624,  
2413, 935194.5457503141, 60.664941804815285, 133.6266960444368, 64.1642690616431, 26.039154244569787, -0.267452460048, -0.963281996006, -0.0236003768068, 0.0402580972808, -0.0356420697386, 0.998553417934, -0.962729695822, 0.266115461851, 0.0483124595369,  
