# Void_ID, Void_Volume, r = (a*b*c)**(1/3.0), a, b, c, vector_a, vector_b, vector_c 

1, 355270.3187672519, 43.93629573349823, 96.13713311803237, 50.89863408655881, 17.332971446199974, 0.270990737335, 0.461303990235, -0.844844748384, -0.73865045753, 0.662439300956, 0.124778500312, -0.617219184625, -0.590231142132, -0.520257318053,  
14, 2188285.5469528083, 80.5387950059834, 104.36354710043834, 90.31793885491778, 55.423319442229655, -0.961387507672, 0.103227192879, 0.255104305612, 0.247734584442, 0.728301391677, 0.638908959519, 0.119840042403, -0.677437251362, 0.725752805509,  
26, 459438.9795650227, 47.86812426644566, 134.7054224474133, 58.60736428177291, 13.893189538797305, 0.860758982134, -0.298976883026, 0.411954849578, -0.346934723716, -0.936808506498, 0.0450124386381, -0.372465128777, 0.181666302788, 0.910091798819,  
29, 964265.9229398392, 61.28714678053927, 120.23855683339512, 72.49773688233363, 26.408273256229005, 0.287416684804, -0.377761788366, -0.880163439679, 0.238307481358, -0.861835835759, 0.447714793736, -0.9276859348, -0.338430234246, -0.157682538421,  
33, 1741355.111359372, 74.63334588677262, 123.87185067650789, 102.2351172583859, 32.82660808536079, 0.573407799066, 0.818223013588, 0.041407680499, 0.211002952452, -0.196329508321, 0.95756591325, -0.791632016802, 0.540338619938, 0.285224342889,  
54, 1762952.8861064462, 74.9406344676871, 99.11798876153303, 89.15447083191772, 47.627357819828845, -0.633496044029, -0.649744332917, 0.420136958672, -0.773349801861, 0.549071543383, -0.316939306821, 0.0247557298441, 0.525692630812, 0.850314301744,  
73, 514036.1842294068, 49.69374120402235, 118.40972294319037, 51.7389019926048, 20.030902129161213, 0.718603265793, -0.644964892224, -0.260056982585, -0.598447871671, -0.383053849929, -0.703654668816, -0.354216729256, -0.661279090742, 0.661241614587,  
118, 618047.8155745952, 52.84182666921392, 106.05930530821924, 72.26525333004126, 19.25108266445333, -0.214822979337, -0.684481119271, 0.6966610976, -0.581819394108, -0.483233566061, -0.654195317372, 0.784434369587, -0.54586712485, -0.294434715716,  
126, 1783643.7476907768, 75.2326746787911, 103.00780298028518, 84.22188718781803, 49.0822443948519, -0.840805953733, 0.508629893361, 0.185313193666, 0.541195738694, 0.781990396053, 0.309189574372, -0.0123499225323, -0.3602591457, 0.932770511623,  
135, 449734.5811960958, 47.52869512915498, 100.89524428921983, 51.14495490693989, 20.806267476281235, 0.790639248335, 0.385626707399, 0.47558555648, 0.542500731578, -0.0810882754236, -0.83613255398, 0.283870631149, -0.919084726306, 0.27331434401,  
180, 1594246.234187524, 72.46955538313738, 147.65756833270808, 92.92160020216035, 27.739229791376573, 0.65289822918, 0.469700523937, -0.594226657217, 0.355501440273, 0.502716038283, 0.787969105243, 0.668836772536, -0.725712065951, 0.161243198419,  
204, 1757376.6585085173, 74.8615384984463, 112.6262832975095, 74.66344325110951, 49.891720144383896, -0.364560891373, 0.249958515503, 0.897003955961, -0.239745462399, -0.956019118641, 0.168966144693, 0.899787458093, -0.153454179874, 0.408453601941,  
224, 3004259.8375948467, 89.51235039571016, 131.8069690594006, 104.165430280012, 52.238042825459544, 0.0745043709655, 0.76584732697, 0.638691608274, 0.846408763512, -0.387224329983, 0.365581076259, 0.527296220123, 0.513356786301, -0.677069794188,  
281, 1615372.2604250985, 72.78825990783821, 111.24485512623679, 96.37367646850511, 35.97043168976095, -0.812519074894, -0.125089383509, -0.569355248563, 0.580689797725, -0.259316170077, -0.771721765116, 0.0511088226313, 0.95765743879, -0.283337463423,  
316, 411467.72825711576, 46.140509924215706, 118.98255863637117, 48.69919658535271, 16.95282461767694, 0.229493266716, 0.779596223628, 0.582719974462, 0.779222701173, 0.211584782956, -0.589952423166, 0.583219360541, -0.589458741326, 0.558921792172,  
317, 225047.97628001467, 37.7336515117483, 100.23054524936147, 65.08439308980688, 8.235871279807478, 0.352827225501, -0.716333785668, 0.601979116296, -0.874107086213, -0.481876232453, -0.0610909029928, -0.333840906387, 0.5046396775, 0.796171492278,  
335, 1107075.0114926053, 64.17454718026409, 109.26497096478292, 92.29083152148725, 26.208907933686437, -0.914591886595, 0.244552826487, 0.322049058424, -0.26546814096, -0.963869088358, -0.0219783221384, -0.30503827155, 0.105594959947, -0.946467832165,  
343, 532413.1677384627, 50.27901097735478, 99.10072598110357, 92.05717382981065, 13.932392629278903, 0.173685336146, -0.600163729655, -0.780792483067, 0.0556636476436, -0.785592393161, 0.616235466472, 0.983226811239, 0.1504928218, 0.103038576504,  
360, 1531911.081746813, 71.51244874648252, 134.48611094700183, 63.43036426410414, 42.8716608277261, -0.979624592542, 0.190428859143, -0.0638161992872, 0.130548560443, 0.845239147246, 0.518196736124, 0.152619563138, 0.499307153533, -0.852877268649,  
371, 1456693.973965794, 70.32232777645524, 130.3457479010246, 70.12667680409704, 38.0451750951907, 0.687202638729, 0.577524301223, -0.440701956905, 0.585552366031, -0.0812875824522, 0.806548669067, -0.429977859847, 0.812316447227, 0.394031762179,  
381, 999870.6033308824, 62.032373264948795, 104.56281840986664, 65.74396675807361, 34.723381004113506, 0.619594634093, 0.649200217716, 0.441182010876, 0.607703205956, -0.0410138924683, -0.793104453458, 0.496788992303, -0.759510986058, 0.41993304131,  
391, 2139119.4035078147, 79.93104163878425, 106.1786626489766, 80.00245300449815, 60.118185409330195, 0.109661130459, 0.34679669912, 0.931507641378, -0.827025546801, -0.488017361701, 0.279048023854, 0.551364835119, -0.800981338208, 0.233293194151,  
411, 3288692.3366745138, 92.25251448057236, 158.39312096098507, 113.52212234118082, 43.66342699335501, -0.720682499169, 0.208300517451, 0.661231903209, 0.69175407585, 0.279008726618, 0.666055875296, 0.0457496878383, -0.937424676921, 0.345169438337,  
438, 2332121.140726725, 82.2660854232161, 134.46839628387906, 82.18953508402788, 50.376239772461375, -0.251074121491, 0.492589433949, 0.83325712423, 0.966034697496, 0.0731363735141, 0.247846795626, -0.0611453084927, -0.867183210418, 0.494221135544,  
472, 1191201.209491532, 65.76056039073914, 113.215311413037, 82.64823214046785, 30.39189517019262, 0.084439344599, 0.725717157468, 0.682791772387, 0.790516026032, -0.465940592759, 0.397471730575, 0.606592457644, 0.506195586088, -0.61303476162,  
505, 3654775.2047294537, 95.55586616721084, 113.14564673225637, 110.81080664546879, 69.59084261801907, 0.681628062469, -0.596661213926, -0.423531085341, 0.0733479955625, -0.520198493978, 0.850889886184, 0.728013225155, 0.611055580662, 0.310817987478,  
511, 1127241.6202319567, 64.56187511334424, 96.61622878788616, 81.41317435216456, 34.212407482652374, 0.769596253373, 0.600993669013, -0.215704002279, 0.53143666582, -0.415597481625, 0.738142129599, -0.353972706597, 0.682704433172, 0.63923233641,  
514, 1205239.7017488035, 66.01788497669352, 131.632074018689, 87.50626753306189, 24.97951120237664, 0.204155305577, -0.499355910355, -0.842000169832, 0.370920084708, -0.756524639882, 0.538598886011, -0.905946412303, -0.422272594476, 0.0307726175367,  
521, 348280.06722556887, 43.64622328612435, 137.26172944177947, 61.12895370532527, 9.909313797586629, -0.965995554111, 0.176013599552, 0.189398527477, 0.195305336476, 0.976750406744, 0.0883994822906, 0.169435577674, -0.122384050016, 0.977912945676,  
533, 1583182.2035706558, 72.30152040341416, 106.53762155742213, 79.7187227997972, 44.5019417538955, 0.358113407488, 0.0598329190519, 0.931758986635, 0.845449355894, 0.402684884399, -0.350799473338, 0.396194616313, -0.913381029841, -0.0936211532226,  
543, 3932731.8913245117, 97.91936239591394, 129.698225814818, 109.59896966500062, 66.04884447427493, -0.767906318005, -0.517815398763, 0.377077047261, -0.627611122559, 0.490432858533, -0.604632028685, -0.128156800863, 0.700958503818, 0.701593194321,  
623, 1648289.015883476, 73.27934606177985, 114.66819387564094, 79.11855556911377, 43.37339658513935, -0.979573888801, -0.00186393422724, 0.20107591136, 0.0557976872993, -0.963208638052, 0.262898721323, 0.193188028801, 0.268748293633, 0.943638034522,  
644, 2037290.0617697688, 78.64203669233882, 102.92956527790456, 83.92524953007505, 56.30299242478007, 0.833617214149, 0.383441266535, -0.397561486303, 0.472629750001, -0.12270345402, 0.872676905725, -0.285838170452, 0.915377876884, 0.28351346145,  
677, 398780.71938936476, 45.66132549446932, 111.08664051487837, 90.45181585202985, 9.474720781985024, -0.53311680646, -0.820780195844, 0.205198296241, -0.845996869208, 0.514676056677, -0.139276178776, -0.00870447934653, 0.247847587832, 0.968759931689,  
754, 1539512.7461497167, 71.6305402245347, 122.75249506152517, 86.52451178685926, 34.60391159427273, 0.842719751319, -0.265259138599, -0.4684666585, -0.401831444517, -0.889027436109, -0.219457759132, -0.358266536163, 0.373186022294, -0.855790442708,  
779, 672022.650150431, 54.33734744355963, 123.721044139692, 94.61336147564725, 13.705637862593319, -0.705229076605, -0.355426411542, -0.613452537276, -0.686849084415, 0.128011831602, 0.715437842309, 0.175756322076, -0.92589688246, 0.334401971139,  
787, 331867.8128192734, 42.949572089326324, 106.0082097089414, 66.9260838582109, 11.167130990804829, 0.538971011906, -0.369837859664, -0.756789406562, 0.234185580866, -0.797238854597, 0.556387744685, -0.809115172296, -0.477106032533, -0.343077938201,  
819, 614701.4643721242, 52.746285296057216, 105.61369572789552, 67.0419802795004, 20.72566930512266, 0.431668081125, -0.797592818414, -0.421317414489, -0.835004175836, -0.530010490039, 0.147840815697, 0.341219422183, -0.287983639227, 0.894781945204,  
834, 1310464.6489415676, 67.88579373142376, 136.95267545840048, 105.2435369259074, 21.70554748829495, 0.712444223129, 0.265136789072, 0.649712022369, -0.154945421559, -0.843583395991, 0.514158507025, -0.684408609873, 0.466979161301, 0.559924385648,  
839, 1546764.3593363543, 71.7428319275893, 127.68102658009919, 98.32292342299196, 29.414021019978538, -0.9715924343, 0.126242992518, 0.200177042767, 0.0268118973561, -0.781677565068, 0.623106175887, 0.235136691673, 0.610772372582, 0.756087194125,  
841, 3873809.3247405444, 97.4278705251381, 143.7247077284854, 90.69496390147496, 70.94716147932145, 0.407326455936, -0.835177901722, 0.369544355618, -0.735247512459, -0.53990366587, -0.409774483104, -0.541752945278, 0.104794580276, 0.833979521467,  
856, 1535323.923225427, 71.56551528019973, 92.92577121297984, 86.36445523790923, 45.67096580454216, -0.595597113073, 0.803274305511, 0.00380381457704, 0.243576399424, 0.176086127781, 0.953763185097, -0.765463661151, -0.568985119057, 0.300535052445,  
916, 1446342.258323868, 70.15535426083032, 134.07534366574208, 72.21717999486611, 35.66095927995294, 0.756208165258, -0.505487962988, -0.415489025212, -0.537500634024, -0.842001597966, 0.0461126603713, 0.373151817925, -0.188454844187, 0.908428584139,  
922, 3568206.9614359075, 94.79537355065169, 137.88210482132234, 100.10376844377356, 61.71675673328116, 0.377885034866, -0.553900564794, 0.741887501408, -0.858693063623, -0.509295326959, 0.0571357368291, -0.346192320697, 0.658644391352, 0.66808565531,  
947, 2163532.1936704786, 80.23396429710758, 114.97134533250737, 83.57201493551771, 53.755668388217686, 0.401809722034, 0.87452638445, -0.2715742075, -0.314374215377, 0.410281810169, 0.856059395691, 0.860068485637, -0.258597059428, 0.439783766037,  
962, 1771093.8490194762, 75.05581096938305, 125.05739663778695, 76.66214193399252, 44.102441506854966, -0.994989308229, 0.0547058848409, -0.0836871715054, 0.0885936433369, 0.0944554355223, -0.991579213709, 0.0463405100436, 0.994024867327, 0.0988287420987,  
977, 1677407.4944575527, 73.70834443103317, 116.15752799078716, 71.02012622542398, 48.54239153780222, 0.330147075426, 0.674312327905, 0.660534475273, 0.443362112291, -0.728553297182, 0.522149528918, 0.833326434221, 0.120469820291, -0.5394942784,  
987, 757324.9204446455, 56.54547798170223, 131.06871828721725, 67.90557346428301, 20.31370610624707, 0.513716285836, 0.289942093832, 0.807483225765, 0.662229725105, -0.732381714465, -0.158331347197, -0.545479026961, -0.616076786238, 0.568244687264,  
990, 4331243.999444208, 101.12099795863791, 137.0436038447193, 99.55426842434152, 75.78886180758778, -0.206699353188, -0.956653842808, -0.205155556668, -0.952078576594, 0.148352446456, 0.267465765325, 0.225436823483, -0.250609211065, 0.941473983681,  
1116, 797892.9398699278, 57.537634659701844, 120.26413891766384, 65.90136193656787, 24.033967905879074, -0.605633397848, 0.711691675875, -0.355953853612, 0.768717593214, 0.638855870841, -0.0306012773609, -0.20562453476, 0.292161145231, 0.934002363981,  
1121, 1449672.700589374, 70.20916108437916, 132.74303821745428, 63.256102841964704, 41.21612570442852, -0.03613476979, 0.744901793854, 0.666194863328, 0.993787026893, 0.0970061449724, -0.0545632936677, 0.105269290824, -0.660084180503, 0.743779033759,  
1126, 1326593.7622661912, 68.1631701533449, 143.4054876066714, 80.81415893670804, 27.327261561143438, -0.820823447259, -0.510617517737, 0.255966050504, -0.00707836947398, 0.457193022818, 0.889339325889, -0.57113813138, 0.72817874898, -0.378889092503,  
1156, 844109.6072956028, 58.627774845731125, 108.17825960002583, 46.997521566733944, 39.63649906408989, 0.107241215708, 0.572556673659, 0.812821122451, 0.918934474937, 0.255015583243, -0.300876192272, 0.379550724444, -0.779195680014, 0.498793885109,  
1163, 1601425.3740318306, 72.57817308144541, 101.15206311598742, 72.39332154975544, 52.208936614430236, -0.911879464664, 0.0481752166798, -0.407621135887, 0.409624078998, 0.170084407945, -0.896258560952, -0.0261525491882, 0.984251209129, 0.174830207627,  
1208, 1178370.6687423098, 65.52360317790303, 100.02498373451839, 84.14838764130687, 33.42250724750235, -0.530957802753, 0.812999017136, -0.238990396944, 0.832087929484, 0.553569092498, 0.0345099614353, -0.16035426188, 0.180537691263, 0.970408497866,  
1209, 1630710.3400446079, 73.0179112272571, 113.27592281260725, 72.8595888857723, 47.16978431452136, -0.314133895288, 0.542732730344, 0.778948701292, -0.161178249524, -0.839059867283, 0.519615349076, 0.935596851059, 0.0376792055129, 0.351053855926,  
1210, 4099992.5267555844, 99.28831762770146, 117.68568401822796, 97.1397282982991, 85.61974607309273, 0.356078595508, -0.731806097415, -0.581091963124, -0.42895493977, -0.680468561232, 0.594104533581, -0.830184132267, 0.0377143601401, -0.556212130011,  
1247, 1326115.7605050937, 68.1549822587928, 117.28060967885469, 72.09082089074975, 37.444379783158105, -0.12498664249, -0.981789472489, -0.143065617496, -0.459623906023, 0.185086057689, -0.868613271981, 0.879274817228, -0.0428086785559, -0.47438719716,  
1264, 615266.9549955443, 52.7624548730024, 102.40999384872151, 58.919483827741495, 24.34297805684174, 0.675403655008, 0.731332821579, 0.0947745054479, -0.274937506561, 0.130466638399, 0.952569065082, 0.684280110984, -0.669425694417, 0.289188466862,  
1268, 1363752.6253899797, 68.79375205425585, 122.1877498705046, 59.99300790865821, 44.413877069794836, 0.367903983195, 0.359406887751, 0.85759742781, -0.389368511241, -0.777987271705, 0.493080082259, 0.844416260859, -0.515327560007, -0.146282891322,  
1272, 1204164.9340435918, 65.99825541198503, 134.12746175299327, 97.56608094381822, 21.967508359369127, -0.843668169916, 0.140568747474, 0.518135548196, 0.227213934009, -0.780927028148, 0.581830563738, -0.486413247417, -0.608599543165, -0.626904098564,  
1310, 1465986.4888281594, 70.47154389050057, 117.79342121637967, 64.55835022092249, 46.0222554996711, 0.31933133153, -0.816163812679, -0.481564254878, -0.497288224457, -0.576902846841, 0.647987289322, -0.806679566197, 0.0325535893561, -0.590091807519,  
1314, 2349478.8975170925, 82.46968070307886, 117.75375899632348, 73.96282016264242, 64.40130937803295, -0.39009676351, -0.67907824539, 0.621833781438, -0.872995736545, 0.487487987143, -0.0152939977054, 0.292750677324, 0.548824379041, 0.78299989904,  
1349, 744583.0882463198, 56.226560748765955, 90.37317413337021, 65.34205156279089, 30.101785481900464, -0.619269332508, -0.106208333228, 0.777962263717, 0.0918302602477, 0.974212729744, 0.206098909525, -0.779790162235, 0.199071211272, -0.593546927989,  
1403, 1460057.2542522838, 70.37640729065737, 131.35997305882216, 53.968351417355436, 49.1676073445489, 0.863438377269, -0.0825738112434, 0.497650212857, -0.278096293941, 0.745150273548, 0.606146451881, -0.420876014945, -0.661764788674, 0.62042787213,  
1409, 802926.0453104092, 57.65836355095195, 124.81919603428682, 59.639779238475015, 25.749543159815904, 0.729410937933, 0.327432710234, 0.600622596889, -0.287883914001, -0.649543747187, 0.703715690141, 0.620550187885, -0.686207505613, -0.379521703669,  
1410, 1359243.7812143127, 68.71785295751873, 114.03734017701665, 97.09581884650581, 29.306309884995194, -0.572937826265, -0.808488113845, -0.13449615982, 0.678913135875, -0.560089321003, 0.474738777051, -0.459150521258, 0.18068459334, 0.869789558777,  
1425, 1180245.8557014377, 65.5583415081544, 129.17929745805802, 68.28996779028134, 31.93993651970412, -0.931126372047, -0.136657644002, -0.33812478113, -0.353587887065, 0.565368574298, 0.745207341159, -0.0893268459063, -0.81343903492, 0.57475007705,  
1438, 1050388.046219883, 63.05996428780514, 117.22524227502535, 84.054748386642, 25.449413018348334, -0.767706684186, 0.625235472504, -0.140381804299, -0.471686995264, -0.403086915953, 0.784239961164, -0.433748574124, -0.668282531651, -0.604367961043,  
1493, 1789105.1151849583, 75.30938182079429, 108.76085168283039, 87.00606497459408, 45.136213287942425, -0.991229849901, -0.132137668689, -0.00173815366852, -0.131684191013, 0.98875951739, -0.0708088314266, -0.0110751298898, 0.0699589399869, 0.997488390015,  
1501, 1070408.2546239798, 63.458082760190656, 118.67942074287397, 97.63935730738471, 22.052636059473247, 0.291904992665, 0.86575041422, -0.406531297118, 0.559945159032, -0.499276605213, -0.661199130643, -0.775404987174, -0.0346279044357, -0.630514087155,  
1510, 1462724.5664909366, 70.41923703995967, 158.7500343356987, 68.12804131430786, 32.287484828800444, -0.85008537519, 0.278138939908, 0.447206423249, 0.52516489343, 0.384080059067, 0.759397355102, -0.0394549058601, -0.880409699137, 0.47256964785,  
1521, 975564.2489503967, 61.5255855634387, 141.3498568450105, 86.01049148319426, 19.156689714727428, -0.784013376898, -0.459741512057, -0.417086042606, 0.00715780199713, -0.678564170659, 0.734506250598, -0.62070265886, 0.572877306575, 0.535294125593,  
1543, 751436.7544887104, 56.39855038428255, 115.14477157703296, 71.63141410371821, 21.749840521820623, 0.367280388552, 0.842782520673, -0.393475207648, -0.41549603627, 0.527150625893, 0.741265985638, 0.832146717851, -0.108765070077, 0.54378488348,  
1572, 1155886.5311914491, 65.10417870874697, 87.15084647052005, 66.75549339872414, 47.43162175790003, 0.552271709669, 0.682329191183, -0.478981036742, -0.411114401868, 0.722737289187, 0.555549961205, 0.725245411758, -0.109898524454, 0.679662715651,  
1594, 1631730.8095140972, 73.03313915376867, 110.94595204251867, 92.19869296529482, 38.08234461788503, -0.460226421309, 0.887666536049, 0.0154842470675, 0.884101478781, 0.456647931534, 0.0991828707146, -0.080970465888, -0.0593362233743, 0.994948740514,  
1595, 845907.2473267359, 58.66936380031815, 99.33558251382043, 83.64221489740723, 24.305455751814844, -0.0474855365151, -0.0152095147442, 0.998756123627, -0.992179270816, -0.11483454227, -0.0489215950739, 0.115435776017, -0.993268190653, -0.00963758539825,  
1630, 2249011.5199468406, 81.27700470809324, 109.77231589620065, 91.57633962998675, 53.41053933714569, 0.384922978396, -0.493633400823, 0.779846373522, 0.671066930569, 0.729783010974, 0.130713165327, -0.633643018899, 0.473014611281, 0.612171301283,  
1713, 2531589.2881286964, 84.54765112861797, 124.41741093997221, 91.05401730490597, 53.34876483155266, 0.798989691798, -0.482039387373, -0.359518429877, 0.139181624234, -0.433385953822, 0.890396030149, -0.585016194541, -0.76145560872, -0.279179884795,  
1733, 1615395.1081502107, 72.78860307709893, 105.28001179048384, 85.1510408927425, 43.01840143912672, 0.00483748303361, -0.969189856444, 0.246267376898, 0.996222758481, -0.0166809342185, -0.0852171456765, 0.0866995630989, 0.245749402034, 0.965448298542,  
1739, 786505.1123173317, 57.262589054808316, 114.66212792831797, 100.2206732204053, 16.339382048829236, 0.613349743322, 0.220905479601, 0.758289431186, 0.700773881651, 0.290635568728, -0.651495919393, -0.364304898625, 0.930984283043, 0.0234564610617,  
1748, 855361.8348701178, 58.887134244875355, 159.20758789819314, 61.84103495535141, 20.740572864607852, -0.0594321988761, 0.125721716116, -0.990283728955, -0.996707703858, -0.0622818548167, 0.0519107275052, 0.0551504016874, -0.990108590336, -0.129009350576,  
1795, 1033166.4180650355, 62.71343043260194, 108.81281955924722, 77.26957888447555, 29.33547082571261, 0.356937134545, -0.481911303217, -0.800223329961, 0.0195665376724, -0.852607349948, 0.522185654167, 0.933923461846, 0.202045051031, 0.294897888714,  
1876, 945495.0145791592, 60.88685537892172, 99.33756344954837, 56.597707938986474, 40.14747966206864, -0.167252201671, 0.769627323555, -0.616198412748, 0.980499760508, 0.195255462307, -0.0222603702539, -0.103183916774, 0.60790549206, 0.787276312385,  
1880, 1975442.5395990433, 77.83804701801556, 102.3313072666849, 75.80316427994141, 60.79668999861835, 0.20031763475, -0.504681753541, -0.839743516111, 0.239568609122, -0.805864858944, 0.541469030179, -0.949989329799, -0.30964198159, -0.0405230367271,  
2001, 2477714.4247717108, 83.94359154128256, 101.69029113836214, 96.50596763504888, 60.27385646827804, -0.499862133184, -0.727759806091, 0.469578015294, -0.689538592809, 0.662468917507, 0.292696877953, -0.52409386262, -0.17748407809, -0.832961598868,  
2003, 2461292.7312433114, 83.75772768900023, 120.34933289072781, 84.63892760585898, 57.684724185760466, 0.622407355794, -0.638695082565, -0.452413168422, -0.68084445184, -0.156684177141, -0.71547250194, -0.386082783678, -0.753338343735, 0.53237338777,  
2010, 483769.0712688336, 48.69860229424304, 97.7355369768532, 65.26007026211546, 18.107122907200985, -0.0874812628314, -0.237203789712, 0.967512992574, -0.351659440931, -0.901353345384, -0.252780110708, 0.932031472783, -0.362348601366, -0.00456342316537,  
2017, 1050629.6669230436, 63.06479914378233, 119.73551256708434, 83.52394107533955, 25.079974733577615, 0.869180241448, -0.480937621102, -0.114998749932, -0.430869991387, -0.622466249594, -0.653365761758, -0.242645334591, -0.617442120951, 0.748256953777,  
2047, 616177.322943558, 52.7884650334965, 90.6010661090076, 70.34779631469854, 23.079866699772253, 0.388828733812, 0.361291935207, 0.847514220126, -0.66127301955, 0.749967666972, -0.0163245860882, -0.641506203693, -0.554090819316, 0.530521587283,  
2057, 1033776.0698512691, 62.725763339938176, 123.67517086969325, 59.40914488322028, 33.58938444534297, -0.884182816024, -0.0442061402397, 0.465044691415, -0.140410585557, 0.974627762628, -0.174314634438, -0.44553968994, -0.219423201783, -0.867956129771,  
2126, 251333.8307325315, 39.14900967086732, 134.31273784171537, 103.3699286262455, 4.321663250032554, 0.644095325531, 0.745875430436, 0.169738192228, 0.605823533321, -0.632872595046, 0.482130817221, -0.467032181015, 0.207706814311, 0.85949916881,  
2143, 457360.0190514579, 47.795814031374206, 136.89976608001612, 81.36780086857443, 9.801991091728828, -0.0351535491868, -0.783893422985, 0.619899451025, -0.215211147554, -0.59979204851, -0.770670915834, 0.975934623808, -0.16050109017, -0.147617783842,  
2170, 2361484.8837980684, 82.60991720200971, 123.91495603711292, 103.25133755014463, 44.063312968748996, -0.695699012636, 0.0723609429578, -0.714679493026, -0.346917596047, 0.837349562736, 0.422485374112, -0.629008001038, -0.541857549288, 0.557439979648,  
2191, 2968553.5581946345, 89.15631155236643, 125.40951969855335, 112.29635801454543, 50.32225608097682, 0.501610379231, 0.600030910262, -0.623177289523, -0.236024453635, 0.787952069898, 0.568703783027, -0.832273683793, 0.138182640996, -0.536866904357,  
2214, 1188299.925843683, 65.70712829136009, 129.8612099372726, 60.35465437806843, 36.194888950034, -0.275521835603, 0.835376739984, 0.475640011353, 0.953849100347, 0.176113517505, 0.243219906092, -0.119413616785, -0.5207011919, 0.845346471502,  
2219, 740081.5585811705, 56.113021900688665, 93.43395867273627, 71.64726975143734, 26.39286753538248, -0.752034238684, 0.609794264858, 0.250190843942, 0.657380793308, 0.72149931122, 0.217460884988, 0.0479061210815, -0.328008686554, 0.943459222811,  
2232, 1069079.2861678537, 63.43180969549045, 106.91623942315904, 73.92474949995766, 32.29146654125562, -0.920621916171, -0.267824999999, -0.284121552931, -0.389050086129, 0.567531541546, 0.725636258626, 0.0330955880446, -0.778574157499, 0.626679314583,  
2233, 3221155.176913107, 91.6166370000421, 109.43977268064863, 90.06391172405989, 78.0184018599071, -0.61299621155, -0.080192147765, 0.786005638696, -0.750321901477, -0.25254374064, -0.61093265032, -0.24749280553, 0.964256645557, -0.0946384314687,  
2272, 842179.3335201888, 58.58305157464818, 99.1187259544165, 45.99565648049981, 44.10049231776389, 0.77467869485, -0.571919140721, -0.269780311034, -0.333367294345, -0.731893901224, 0.594304269219, -0.537344551295, -0.370458923265, -0.757641748696,  
2276, 2125231.436788072, 79.75768514789235, 119.3766618006771, 83.5326004655629, 50.87942447725473, -0.173589289594, 0.239100382583, -0.955352168358, -0.201421447301, 0.94095349742, 0.272095417566, 0.964000082524, 0.23966126667, -0.115179504048,  
2279, 1591263.1913831583, 72.4243271628554, 111.9057795453041, 73.23086257311584, 46.35608399027678, -0.0970361160394, 0.122791635413, 0.987677177248, 0.939283300905, -0.316872569294, 0.131676328438, 0.329136556502, 0.94048603876, -0.0845880492305,  
2294, 1953017.7963259295, 77.54239258762748, 119.07156780429702, 93.00250969433986, 42.10317538270262, 0.82796618951, 0.5231293973, 0.202008966903, 0.255977847421, -0.673078006926, 0.693859739589, -0.498946220206, 0.522782584134, 0.691195369681,  
2305, 1019313.5914298389, 62.431878414347324, 103.3765228497054, 55.79468986640545, 42.18950380579168, -0.443963506134, -0.301884490977, 0.843659978504, -0.835472766362, -0.200833085706, -0.511518649076, -0.323854383771, 0.931950549006, 0.16305370992,  
2310, 1226768.0763702102, 66.40864498539867, 105.02940918471492, 85.37903616476153, 32.65966204459791, -0.736332512124, 0.184994945876, -0.650838921384, 0.674345701492, 0.121846157802, -0.728293477046, 0.0554283904499, 0.975156594517, 0.214469834016,  
2314, 1982954.8372840025, 77.93659082995866, 123.6598267260892, 100.12153548743696, 38.23561488746069, 0.808467115822, 0.268192553103, 0.523883266667, 0.323007612978, -0.946292297489, -0.014034588381, -0.491982727941, -0.180564786636, 0.851674440872,  
2374, 691518.7266028287, 54.85780739975383, 84.68311831363333, 63.279407324435866, 30.80747405893499, -0.424359955938, -0.398937693939, 0.812875970952, 0.579143328126, 0.57051088541, 0.582331808435, -0.696068698681, 0.71788999574, -0.0110598704122,  
2393, 2214695.8651828687, 80.86150654849071, 121.89951708789145, 75.02708094330478, 57.810330279877746, -0.208049412649, 0.545015873207, -0.812202647034, -0.0816722326929, 0.817792976747, 0.569687891384, 0.974702564018, 0.184857634778, -0.125628685263,  
2422, 1947995.6534485458, 77.47586934075441, 126.19944070414435, 84.98170720179716, 43.36271764044901, 0.353923396385, -0.360759010121, 0.862896961466, 0.223306412279, 0.928525221003, 0.296606069048, -0.908224903714, 0.0877145972855, 0.409186600094,  
2477, 1636262.0806430378, 73.10068033849448, 97.22650288863508, 77.66409450992126, 51.73200471991187, -0.813557826014, 0.20068181773, -0.545756788106, 0.0074359975124, 0.942072331908, 0.335327343642, 0.581436470882, 0.268749938578, -0.767922587793,  
2496, 1261314.34020454, 67.02624783230083, 107.82212446586432, 61.502487904325676, 45.40818625236411, -0.0147732497634, -0.106255349195, 0.994229124427, -0.859552193377, -0.506647736732, -0.0669185902809, 0.510834393861, -0.855580429669, -0.0838471849021,  
2501, 638455.8148948958, 53.41715402374435, 94.51741828441477, 69.75142334671561, 23.119440124876704, -0.315279521193, -0.263124311223, 0.911791873379, 0.874888602659, 0.291632959437, 0.386678354589, -0.36765303814, 0.919628084507, 0.138258561156,  
2508, 1984689.0623987191, 77.95930444363005, 100.43675683543202, 91.83539125415867, 51.3689993351876, 0.012656928394, -0.82086629002, 0.570980153834, -0.0693821157688, -0.570370562022, -0.818451919168, 0.997509861693, -0.0292567238001, -0.0641725793264,  
2514, 1036397.706917848, 62.778742373911314, 82.1812296918143, 63.054705354798216, 47.74717684500668, -0.00440170224039, 0.385061799112, 0.922880293365, 0.397825756802, -0.846039028578, 0.354898054865, 0.917450430401, 0.368707706709, -0.14946348976,  
2521, 1376869.382149894, 69.0136045597314, 137.62565451437118, 80.56128473292704, 29.646836099179527, 0.619275789751, 0.201267407161, 0.758939343455, 0.737816065265, 0.181444378327, -0.650157974196, 0.268560887072, -0.962584733095, 0.0361342157329,  
2541, 2127500.926786577, 79.78606556673594, 126.01312424383774, 89.17548986951425, 45.19806743123795, 0.346320341981, 0.764175676873, 0.544148652121, 0.312398169068, -0.640881181431, 0.701198042817, 0.884573120038, -0.0728481033611, -0.460677272224,  
2542, 606281.0371234945, 52.50433052007681, 103.42104339816956, 67.47152788902835, 20.742252452671377, 0.0519549404187, -0.785241232952, 0.617006394001, 0.725267582555, -0.395054820771, -0.563842728321, 0.686503909574, 0.476789151154, 0.548984961071,  
2545, 218656.14849810404, 37.37297711152753, 104.02328866902506, 38.72427861412589, 12.958632354263438, -0.374186735541, -0.38753468188, 0.842496977612, 0.0368864537011, 0.901557404165, 0.431084256878, -0.926619488506, 0.192382736582, -0.323056041867,  
2552, 1487400.2604069284, 70.8130142814423, 129.2056556079394, 83.3433524212238, 32.9751480565794, 0.298075796295, 0.948407126879, -0.108049717024, 0.918396747079, -0.254090609025, 0.303290912096, -0.260188844145, 0.18963618877, 0.946752280848,  
2559, 1656664.6924916108, 73.40325787224664, 125.24018224858574, 87.25898625830985, 36.19029748580114, -0.984864083308, 0.14649130452, -0.0926446712438, -0.124728279958, -0.227832051982, 0.965678731395, 0.120356111555, 0.962617709057, 0.242655213465,  
2586, 915761.0310350308, 60.24178750182959, 136.6031130468528, 50.54449502871444, 31.663512533204482, -0.503922098904, 0.761262159742, 0.408096119047, -0.153207306563, -0.543756328357, 0.825140337511, 0.850052962734, 0.35328314355, 0.39064175536,  
2601, 2278591.6564721284, 81.63178588960209, 140.06597400944867, 106.7277756960174, 36.38880463931885, -0.987213074052, 0.158190863922, 0.019646806156, 0.144974274392, 0.839744533456, 0.523270081597, -0.0662782482029, -0.51942734728, 0.851940388004,  
2644, 674334.9213660243, 54.39959676256517, 86.6413866878839, 56.026532973846145, 33.16407576411782, 0.664782624664, -0.477302526892, 0.574670653303, -0.547302896493, -0.834766302354, -0.0602059793066, -0.508452162386, 0.274495024138, 0.816167188932,  
2651, 2081709.9385874383, 79.20948727743114, 114.19260514711898, 85.61598513529758, 50.83218372930368, 0.468365007199, 0.851856827498, -0.234465702131, -0.222299535531, 0.370452080885, 0.901858177471, 0.855112353164, -0.370277195102, 0.362874168623,  
2674, 1322291.3104229001, 68.08940067842973, 100.46811691909932, 69.79456989424236, 45.018252945910966, 0.44396953148, 0.891430629403, 0.0907881494418, 0.641983237358, -0.387135979526, 0.661803034375, 0.625098854637, -0.235535913011, -0.744160100794,  
2675, 2826293.7890511844, 87.70874528692235, 114.52029582514969, 98.91754201272151, 59.56249993568739, 0.0670104593231, -0.323048907313, 0.944006886535, 0.972674624484, -0.189640487958, -0.133942376459, 0.222291864957, 0.92718708404, 0.301513578407,  
2676, 2056869.9131568477, 78.89316975767912, 116.00385513709581, 76.40737770877796, 55.40009366240181, -0.0271638466551, 0.238664927562, 0.970721987897, 0.66143076867, -0.723815858966, 0.196468675789, 0.749514151762, 0.647402235601, -0.138198703492,  
2685, 2137050.7191890827, 79.90526694799176, 111.04504680329724, 96.52346239258826, 47.59859533854787, 0.332564709562, -0.90232858766, 0.274233174224, -0.890129963947, -0.204264043135, 0.407363287454, -0.311559562904, -0.379577818864, -0.871120725382,  
2688, 665792.184511701, 54.168901411960235, 112.75812665367485, 75.86371999348557, 18.58095779887878, 0.344643174249, -0.603751426373, -0.718822159922, -0.793094394943, 0.222394694005, -0.567046630171, -0.502217446086, -0.765522576565, 0.402185058917,  
2697, 1502993.3361231307, 71.05960928780944, 138.53702469475826, 87.37662888644151, 29.64198645647984, -0.0275205790492, -0.841614695081, 0.539376791077, -0.141102783143, -0.530907855458, -0.835599696986, 0.989612359623, -0.0991037538978, -0.104143284206,  
2702, 2758681.9940665867, 87.0036909369709, 121.71844501406225, 90.34482544075834, 59.88986751233477, 0.792097367978, 0.56945500479, 0.21977888243, 0.229967655353, -0.611937773641, 0.756734457179, 0.565417223946, -0.548865337501, -0.615670532148,  
2710, 2449017.072176453, 83.61824876200775, 125.07723809405213, 76.77419360911948, 60.88490840034445, -0.537781831244, -0.158481336723, 0.828054568186, -0.0673377836296, 0.987109631986, 0.145190210882, -0.840390578767, 0.0223212981408, -0.54152140749,  
2711, 1749212.0991147875, 74.74542594639122, 137.73005334930346, 82.22896955998333, 36.87230602899706, 0.856820815102, -0.339435221831, 0.388126037503, -0.299316110889, 0.285491642425, 0.910441864079, -0.419842776012, -0.896257916164, 0.14301675127,  
2746, 609622.743052498, 52.600618461872386, 99.22238990538725, 65.47057249065949, 22.403544260605308, 0.251345613753, -0.943983377666, 0.213824145358, -0.416225709435, 0.0940303694565, 0.904386227463, -0.873831529102, -0.316312618007, -0.369276030141,  
2761, 1133891.8882548816, 64.68858920454832, 148.83792039992233, 93.12608270716221, 19.529814164180713, 0.0863808497378, 0.643684071602, 0.760400660681, 0.932191246688, -0.321517594507, 0.166270610817, 0.351507935042, 0.694476243214, -0.627809620199,  
2788, 648024.5532572134, 53.68269174648379, 100.04536079473458, 75.83339961725238, 20.391321471322428, 0.0951950648023, -0.837121937883, 0.53866943551, -0.95809369157, -0.223914365406, -0.178658431478, 0.270174717194, -0.499088387042, -0.823356790286,  
2794, 613695.271187417, 52.71748978026029, 98.56571808008584, 87.82927365810522, 16.92384293591732, 0.816586650661, 0.473026973002, 0.330804662565, 0.533858914165, -0.83684268351, -0.121198113938, -0.219501484569, -0.275571779885, 0.935884230235,  
2803, 2865110.838910813, 88.10845910686265, 141.06894965658705, 92.62506188866855, 52.34712981733807, -0.0800248473468, 0.278027300514, 0.957233954672, 0.942491106521, -0.291529066055, 0.163466564697, 0.324509688508, 0.915265876024, -0.238708689096,  
2836, 2566190.0422899066, 84.93109734305254, 127.98819376183044, 98.7119368936803, 48.49094216770426, -0.573911226771, 0.563288185787, 0.59441763394, 0.81419918305, 0.314681144029, 0.487909282462, -0.0877815134674, -0.763990966795, 0.639227822101,  
2856, 799811.9469284029, 57.5837255239641, 101.35853415604485, 66.44045506403977, 28.35347921447849, 0.269883324607, -0.857956979985, -0.43711876143, -0.498981232377, -0.512868943152, 0.69855792665, -0.8235172863, 0.0295849225987, -0.566519206665,  
2864, 1632417.1787701445, 73.04337790846722, 112.42198579685773, 76.90414811917073, 45.07560132256434, 0.273298449781, -0.863006252543, 0.424886061691, 0.650385113961, 0.491221204248, 0.57939704179, -0.708736312662, 0.117991256325, 0.69553641353,  
2870, 1559217.0630333412, 71.93484682180649, 125.98869612057966, 70.22038693355874, 42.0749075009042, 0.814607023184, 0.492591632928, 0.306217048755, 0.429778649081, -0.158098953596, -0.888985395643, 0.389494172707, -0.855779296338, 0.340493884506,  
2873, 2045378.572152743, 78.74597492169897, 117.02825389539784, 78.96812152956613, 52.8375364035957, 0.762603625234, 0.248133359644, 0.597382244975, -0.380103142496, -0.575356014467, 0.724214786981, 0.52340931578, -0.779355690586, -0.344452312674,  
2884, 2384833.6918556886, 82.88128893658858, 120.04098278073268, 70.43226941526379, 67.33924840848869, -0.255315278927, -0.879849879984, -0.400846974591, -0.955996870632, 0.291696506285, -0.0313549288493, -0.144513292428, -0.375203060906, 0.915608306755,  
2891, 1935818.4507610404, 77.31409415454043, 135.1646577202838, 76.85627091362238, 44.4870448843886, 0.587891479208, 0.785045413103, 0.195159698813, 0.733164806498, -0.619031794692, 0.281547515836, -0.341837644485, 0.0224351627357, 0.939491185848,  
2895, 982077.7706309456, 61.662210646969385, 106.49474997103832, 81.42671969777889, 27.037226163784197, -0.892551016192, -0.36586942721, -0.263613819303, -0.438582828238, 0.84025258345, 0.318780016283, -0.104870330738, -0.400143921908, 0.910432345367,  
2910, 2432048.584111813, 83.4246792780655, 115.45238072742188, 84.29202341716093, 59.661513323856134, 0.664941971652, -0.713735346464, -0.220077326283, -0.50107224968, -0.644795829146, 0.577204417271, -0.553876136818, -0.273532802282, -0.786384785674,  
2924, 2234778.5012285695, 81.10518610146173, 115.55177683614436, 80.28675405861233, 57.507613788541015, 0.737827474364, -0.657436739892, 0.152929889535, -0.611330116631, -0.554813355942, 0.564320501637, 0.286157485613, 0.509861817661, 0.811267416034,  
2932, 914726.3295153683, 60.219090255955415, 93.43722781400908, 53.20829182406437, 43.924144244338756, -0.785024324739, 0.338294017189, 0.518935417468, 0.0615954542258, -0.790936260508, 0.608790466278, 0.616395011001, 0.50987938745, 0.600066830167,  
2946, 941462.3130620761, 60.800167655196006, 136.50564532995062, 64.40890208931451, 25.563353272752742, 0.308462633591, 0.883970040446, 0.351351350178, 0.501874299864, -0.465007620036, 0.729307959948, 0.808067441996, -0.0486300411475, -0.587079320266,  
2954, 1008007.8871937583, 62.20019892925458, 136.37278458342197, 67.65362861003115, 26.082938512154886, -0.953891944582, 0.10888280035, -0.279704654678, 0.296760978706, 0.481773546335, -0.824516325836, -0.0449786569191, 0.869504908462, 0.491872071358,  
2959, 1791102.4524336935, 75.3373962532272, 122.88755569848459, 76.64567988399902, 45.397948965980135, -0.924957227302, 0.378595082565, 0.0334647743117, -0.0146307518536, -0.123451156209, 0.992242789407, 0.379789505861, 0.917292524492, 0.119726169861,  
2961, 1630058.2819391326, 73.00817758191297, 134.89950903555388, 94.45906744248649, 30.539400023115864, -0.0492484272162, -0.887206019861, 0.458737474749, -0.467457409942, -0.385411218614, -0.795576371228, 0.88264271498, -0.253621116803, -0.395750131781,  
2968, 727390.4650804775, 55.79042436555643, 125.18196655338181, 84.2093303787833, 16.473163570716718, 0.776280797444, 0.0382946489108, -0.629223047404, 0.254313109654, -0.932347826935, 0.257006559971, -0.576812764923, -0.359528927174, -0.733502545836,  
2969, 1817044.0216198359, 75.69937257809603, 147.32749339303322, 77.52561779012927, 37.97937417635785, -0.210459807289, 0.925286388918, 0.315518253037, 0.950141885761, 0.269560809533, -0.156739806323, 0.230080565103, -0.266799678499, 0.935885070462,  
2976, 2740374.037402438, 86.81079731115307, 113.73211905065902, 97.6817098824588, 58.88773506860331, -0.613905065964, -0.293725580179, 0.732697654925, -0.647966231584, 0.717635406968, -0.255223794722, -0.450844022596, -0.631446518886, -0.630884269161,  
2979, 1828147.7443188427, 75.85325593054745, 139.88634462756673, 89.41742098160131, 34.89194829759959, -0.076132424248, -0.49186861778, 0.867334489584, 0.302640333885, -0.840222271081, -0.449928175919, 0.950059304614, 0.228236276747, 0.212827441117,  
2983, 3216085.9962463067, 91.56855227111664, 111.27520349326059, 91.45612114970679, 75.44454930474524, -0.725314214059, 0.442418092574, -0.527432955215, 0.645641595807, 0.171306152325, -0.744178158736, 0.238885371356, 0.88029565121, 0.409894310541,  
