# Void_ID, Void_Volume, r = (a*b*c)**(1/3.0), a, b, c, vector_a, vector_b, vector_c 

24, 302494.39285188424, 41.643086064648465, 103.96367876897746, 68.37581010496066, 10.158851127708694, 0.844278536165, 0.525473177581, 0.105222112762, -0.388851242697, 0.465573633957, 0.795006856837, 0.36876613785, -0.712122974638, 0.59740472426,  
26, 1098304.3042734058, 64.0046252001035, 121.6554036121321, 78.10964406174472, 27.592942353528695, 0.161287125467, 0.480198123477, 0.862204282851, -0.300770531204, -0.808165599641, 0.506364938673, 0.939959334609, -0.340995785555, 0.0140827382138,  
28, 309048.2738269313, 41.94168790832098, 99.62258561856774, 62.157014525155226, 11.91488231194943, 0.607598478166, -0.78118249744, -0.143450322493, -0.584943533072, -0.317946525987, -0.746157536805, -0.537275676397, -0.537274522294, 0.650131475354,  
43, 2620860.666921523, 85.52999394274023, 125.72856672534714, 74.62233046914912, 66.68874599244222, -0.295264543774, -0.310247671906, 0.903639989856, -0.905982995694, 0.391206453417, -0.161716796649, 0.303337535929, 0.866431701222, 0.39658851019,  
51, 1719335.8816477833, 74.31743395031661, 129.65182942201685, 67.56566430327248, 46.856238027329574, -0.84694714204, -0.0883840167155, 0.524279318856, -0.497657644742, -0.215278749093, -0.840233258577, -0.18712938631, 0.972544768007, -0.138344739695,  
65, 591895.1900975028, 52.08572742119311, 88.4462058467948, 46.355684840113184, 34.46465953479888, -0.205216707421, 0.556934585635, 0.804804305604, 0.939632267767, -0.117945827998, 0.321216411519, -0.273819839249, -0.822139069125, 0.499109253223,  
75, 885339.5447089458, 59.567186049634884, 115.43590215270666, 58.11243831919825, 31.5073047771535, -0.211427982812, 0.976484334065, 0.0421491804252, 0.0629947193445, -0.029420173483, 0.997580131482, 0.975361406566, 0.213571530684, -0.0552931086352,  
81, 1100674.5056604436, 64.050633958955, 130.49662688846107, 63.05042447804163, 31.936182187659018, -0.218689585008, 0.958303714653, -0.183926224045, 0.965317251421, 0.184916575151, -0.184305356252, 0.142609500096, 0.217852818933, 0.965506436936,  
83, 1651728.351399336, 73.33027911222506, 135.10768287406, 72.40274890154875, 40.310196293467285, 0.110449917284, 0.790802888592, 0.602022929104, -0.585277223334, -0.437810628659, 0.682475219536, 0.803275412059, -0.427729639875, 0.414482771118,  
167, 3796674.0195547803, 96.77686892815105, 144.00425369624932, 105.50195219378705, 59.65940044307418, -0.919253508913, 0.0135872333237, 0.393431535902, 0.336014200856, -0.493617174317, 0.802144963235, -0.205103493814, -0.869573155238, -0.449193816203,  
217, 946738.5592734083, 60.91353711866099, 105.04238461708059, 55.059182147254106, 39.079331679825216, 0.185087606206, 0.280965114728, 0.941701217125, -0.900891360128, 0.43134080849, 0.0483721425919, 0.392603279757, 0.857323574409, -0.332954882058,  
256, 843145.2774715824, 58.60544044171783, 132.46105185428493, 94.09698514233652, 16.149158395453732, -0.296162280026, 0.90169715592, 0.31500816322, -0.316889059185, -0.403884658495, 0.858171606848, -0.901037861612, -0.154335419259, -0.405353364737,  
283, 1946541.9494366152, 77.45659225976983, 153.0087498991943, 106.17285801175106, 28.60522599427491, 0.481308506193, -0.861512881065, 0.161671511484, 0.617462272961, 0.464140046615, 0.635070357203, -0.62215951599, -0.205838705999, 0.755346254228,  
301, 2952700.636400355, 88.99732149623411, 127.30285639781624, 87.096769690854, 63.57562115920368, 0.517699660924, 0.120380453668, 0.847051124463, -0.384135938244, -0.851944377106, 0.355851597251, 0.764478019323, -0.509607029673, -0.394808856638,  
321, 348159.86546130263, 43.641201506997604, 89.53896937054847, 56.82657388741405, 16.335278097570445, 0.302556887468, 0.740700061064, 0.599852272968, -0.279434532255, -0.532762122506, 0.798799638837, 0.911249511401, -0.409301771756, 0.0457863255588,  
331, 2730029.6500234674, 86.70142819936014, 121.0819392616463, 102.27552789202228, 52.62930763373372, -0.0199241403988, 0.902699191728, 0.429810653525, -0.819233270525, -0.261168586307, 0.510536793965, 0.57311419202, -0.341943180632, 0.74472477072,  
383, 1790798.2614453502, 75.3331310487661, 125.0128758820702, 74.0632288823058, 46.17433685568497, 0.451812734815, 0.411923688034, 0.791317968894, 0.824593248671, 0.145681745844, -0.546646872463, 0.340457378984, -0.899497473128, 0.273848624118,  
385, 1264578.6412713947, 67.0840196789519, 111.85168262907322, 88.18633309357708, 30.606482948730754, 0.58065597413, 0.496687799817, 0.645089039762, -0.542079500865, -0.355316187292, 0.761511800165, -0.60744419863, 0.791865920824, -0.0629278077541,  
404, 594402.0344917496, 52.159156475106855, 115.94249275246047, 64.79206005857758, 18.889795486507285, -0.0175101855957, 0.772432089872, 0.634855936364, 0.290814218962, -0.603567111402, 0.742383884579, 0.95661929912, 0.19762441289, -0.214065662777,  
405, 1358523.5947772595, 68.70571424491659, 138.14269108349743, 51.1721031195681, 45.87936495502772, -0.115333750904, 0.919420135078, -0.375985027781, -0.147926091745, 0.358392658126, 0.921776856936, 0.982250475838, 0.161929978122, 0.0946714576956,  
409, 4708792.96541151, 103.97772928766705, 126.1786420630442, 109.11632202020684, 81.64797511627263, -0.749309768033, 0.629946766838, -0.204210534695, -0.514970140743, -0.360421745245, 0.777754408343, -0.416341957618, -0.687941303096, -0.594471309503,  
423, 2060369.0500665272, 78.9378819690839, 110.01461103207045, 85.34913327540977, 52.38499724205929, -0.0169850678883, 0.794355234429, 0.60721599864, -0.959594895269, -0.183550018759, 0.213276880104, 0.280872114034, -0.579058850333, 0.765376837518,  
435, 978750.7839666153, 61.592500807532524, 124.14583326294911, 78.35927619832586, 24.019333379608188, 0.580624496918, 0.165277818701, 0.797219189573, 0.768605522351, 0.211709417472, -0.603675967358, 0.268553057309, -0.963256126479, 0.00410977016269,  
436, 833050.3900226653, 58.370608522002705, 90.64210527133562, 69.87300454604484, 31.400984203061743, 0.590985330568, -0.0191308837394, -0.806455422414, 0.121094105252, -0.986286744735, 0.112136857607, 0.797541570532, 0.163928235665, 0.580564360623,  
443, 1805731.2378629416, 75.54194582181067, 109.02097357680978, 93.27383718787186, 42.393044032746474, -0.341301218369, 0.102956467609, 0.934298369964, -0.351892129599, 0.907703916917, -0.228572807524, -0.87159933884, -0.406784420781, -0.273570882119,  
448, 1845129.3585710968, 76.08739870945335, 112.97119898597487, 103.26183423962408, 37.75988271254655, -0.676519797367, 0.21826670982, 0.703335344736, 0.736386234463, 0.190772226245, 0.649108058329, -0.00750183069762, -0.957060918165, 0.289789788395,  
475, 3022543.9011688097, 89.69357533774095, 145.39051525860663, 80.13751144998885, 61.931568694147046, -0.183807045851, -0.91487398194, -0.359472623526, -0.227068369181, -0.316293054726, 0.921085587364, -0.956375933205, 0.250926883178, -0.149602051073,  
500, 2391649.084084661, 82.96016672896107, 151.04608791722728, 76.29514778007422, 49.54529840856304, 0.318680845805, 0.924949266578, -0.207150604088, 0.712249688171, -0.0894774736565, 0.696199801356, -0.625414182936, 0.369408494712, 0.68730958368,  
513, 1083995.3569322564, 63.72545390655, 140.62751046479, 108.0221582679251, 17.035530956259233, -0.290550935657, -0.93648835026, 0.19639176056, 0.00890665906559, 0.202590352039, 0.979223069931, 0.956818073206, -0.28626337364, 0.0505218338853,  
517, 1185477.335697682, 65.65506193772801, 109.66731528584288, 76.91975750486978, 33.54976850465577, -0.727290734589, 0.224931273694, -0.648424328272, 0.684509520824, 0.168965848206, -0.709152492798, 0.0499490068244, 0.959612663659, 0.276854894237,  
524, 680294.6903747852, 54.55938806878032, 74.42309517995017, 51.06605621329362, 42.733496151082164, 0.193732885894, -0.792267354975, 0.578601769064, -0.473769861236, 0.440891900328, 0.762336179654, -0.859074902152, -0.421813667946, -0.28993713461,  
530, 367009.5226311117, 44.41499059819896, 86.43293867842118, 47.45561308699363, 21.361013573887142, 0.890665445039, -0.356291710967, -0.28243810244, -0.256887806475, -0.90690724906, 0.333957926222, 0.375131603438, 0.224889880382, 0.899277944689,  
532, 1381644.555536096, 69.0932954118395, 141.50530754265154, 65.73520884942168, 35.45985407448286, -0.993482222716, 0.0762153465949, 0.0847602152606, -0.0449478560671, -0.94528077034, 0.323146956446, 0.104750958862, 0.317230966598, 0.942545357237,  
542, 1207899.372232513, 66.0664110968634, 153.06253988301657, 90.35742825580407, 20.85015889733569, -0.500926707073, 0.799510806945, -0.331443665981, 0.843835217625, 0.536289792762, 0.0183134834465, -0.192391682869, 0.270510125055, 0.943297255697,  
588, 2374261.1495013987, 82.75862992425313, 114.87108013162941, 104.81523811056209, 47.076562865692175, 0.993860380628, -0.0735947831993, -0.0826156867953, -0.0784914507943, -0.995245156334, -0.0576729654713, 0.0779784327299, -0.0638035005301, 0.994911291196,  
598, 523299.94621546427, 49.990486155166096, 144.7275037905253, 85.59084313344341, 10.085181179061667, -0.168840247256, 0.604991698639, -0.778124678625, 0.983408148955, 0.0502618923716, -0.174304775451, 0.0663429233323, 0.794643811247, 0.603439996827,  
604, 533400.8913653493, 50.31008401808767, 103.50111562133169, 49.24070268366513, 24.985949331465193, 0.405148260421, -0.0866620807067, 0.910134369665, -0.638935547991, 0.685196456655, 0.349667243677, -0.653923736066, -0.72318427773, 0.222234668434,  
631, 1043199.3643290184, 62.91577753719344, 103.02198017753011, 74.84415310171856, 32.29913805665203, -0.485458743098, -0.723724712814, -0.490461363221, -0.867970488228, 0.466148136589, 0.171269221754, -0.104675882206, -0.508850130016, 0.854467380809,  
633, 1453632.001860228, 70.27302067936779, 89.10502387291365, 73.82371315026174, 52.75550563678575, 0.549982656902, -0.664122455958, 0.506419234034, -0.754900728283, -0.13591312248, 0.641601522423, 0.357272959436, 0.735165958563, 0.576096385881,  
642, 3146702.588396478, 90.90526336360506, 125.96953917866112, 86.19061737688482, 69.18971726233382, 0.765380069572, -0.642196669375, -0.0421519506694, -0.527602684982, -0.663614576962, 0.53033112302, 0.368549529781, 0.383665389483, 0.846742058133,  
658, 1558433.6981726254, 71.92279789623643, 130.6180985572853, 64.69090917428692, 44.03044847179672, -0.0826832429824, -0.892596183492, 0.4432104856, -0.989673058727, 0.0212893897502, -0.141753302301, -0.117092775862, 0.450354099681, 0.88513867091,  
664, 498362.0676091443, 49.18342741731901, 121.03323113156142, 98.0422145712468, 10.026252316444484, -0.300526436524, 0.943826812251, -0.137385623073, -0.637474549656, -0.305912589673, -0.707137671194, -0.709443485763, -0.124933726258, 0.693600392554,  
666, 3913450.136087283, 97.7590708302036, 122.8003324532987, 104.90422915551852, 72.52348342255976, 0.885904791215, -0.350496993199, 0.303849565841, 0.0628493196037, 0.739690826332, 0.670005555549, 0.459589669083, 0.574464393326, -0.67732414461,  
667, 3116016.2015503203, 90.60879732413754, 119.9973802363501, 89.09067338840305, 69.58363168388716, 0.839133288772, 0.543925825019, 0.000143361810465, 0.441119028862, -0.680683824379, 0.584879076052, -0.318228418043, 0.490728262999, 0.811120487871,  
669, 4403997.080898819, 101.68404270939983, 121.0460779344245, 112.38961383708057, 77.28256216051986, 0.366845539481, -0.831772847461, 0.416627267937, 0.147259821647, 0.494124958556, 0.856828495243, 0.918552608777, 0.252971254411, -0.30375425816,  
670, 2508548.23213299, 84.29036778257294, 106.40354801029217, 84.18555111000359, 66.85596739995701, -0.957301873059, -0.0337886888515, 0.287108774412, -0.0180822150803, 0.998199951276, 0.0571829587358, -0.288524101829, 0.0495497908944, -0.956189657383,  
676, 2033909.6591657046, 78.59851663920449, 126.09308154465268, 79.38773733813613, 48.50632440634547, -0.881886827146, -0.32826328877, -0.338406319907, 0.0511533626001, -0.780166515511, 0.623476977578, -0.468677882561, 0.532525512366, 0.704810344048,  
677, 2333744.4643073175, 82.28516869473295, 122.69195302144217, 118.21228291815365, 38.41368823501061, -0.301955679429, 0.888477766937, -0.345586494701, -0.246003451114, 0.277610950799, 0.928662727817, -0.921034782025, -0.365430455293, -0.134742393639,  
678, 1890386.5510846903, 76.70446936471498, 131.7001856851653, 101.02557833816596, 33.91909661972473, -0.384017306198, 0.537483731065, 0.750760912263, -0.520286711428, 0.545758884108, -0.656847758867, -0.762779421886, -0.642851833052, 0.0700647863728,  
690, 390822.03889724246, 45.355519489636386, 111.31020124128156, 76.41519791698468, 10.96921948858828, -0.0661552876522, -0.898425134656, 0.434114910287, -0.013286796493, 0.435822602566, 0.899934508801, 0.997720872266, -0.0537674298303, 0.0407691615665,  
693, 968422.5049968302, 61.37508237535853, 105.56841152713585, 70.46342597118843, 31.079821956379405, -0.0234977768857, -0.957551766483, 0.287302051831, -0.179827627589, -0.278645521396, -0.943408022947, 0.983417448918, -0.0738328376176, -0.165646712169,  
701, 3058259.6419077734, 90.04547943809179, 115.86845139697643, 88.08359368387235, 71.53614236689532, 0.0714237311388, -0.02029503075, 0.997239571195, -0.979624220859, 0.186724354816, 0.0739621607695, 0.187709979856, 0.982202691426, 0.00654495357035,  
702, 2306861.711126449, 81.9679959646067, 134.5361339096143, 91.04845750979585, 44.959494061242545, -0.938040594262, -0.170721914499, 0.301552435616, 0.0151915403695, 0.849120651999, 0.527980430935, -0.34619223073, 0.499848123192, -0.793916112145,  
706, 663091.3329917309, 54.09555498351202, 86.9450221879278, 56.162123613577066, 32.41876740076357, 0.0770628195893, 0.828003387191, 0.555402298011, -0.812003914446, -0.27112114504, 0.51685875018, 0.578542102843, -0.490819432696, 0.651448631687,  
713, 1907654.894095907, 76.93732230997921, 103.94077123832878, 95.42011050653765, 45.91825247520647, 0.0750446241972, 0.930973046, 0.357291886278, 0.945185783311, -0.180596738235, 0.272045314545, 0.317792604392, 0.317291673008, -0.893495302077,  
715, 2565695.570759612, 84.92564195242394, 103.71324835034642, 81.75331931758394, 72.23985799689142, -0.184225220835, 0.973179985418, -0.137774395263, 0.954192230689, 0.210703091781, 0.212417970067, -0.235750408063, 0.0923305101028, 0.967417604761,  
723, 1635838.803053618, 73.09437642818125, 130.52955246462855, 61.3926645740299, 48.73338342488323, -0.367348619384, -0.782859702195, -0.502180922094, -0.342268331717, -0.388257318159, 0.855633475268, -0.86481638568, 0.486196402264, -0.125322294448,  
729, 549171.4376142799, 50.80109936134722, 111.98300486880647, 100.6538820745309, 11.631525729450182, -0.750078446302, -0.364045383388, 0.552135203756, 0.0502448713184, 0.801080948037, 0.596443432019, 0.659437470348, -0.475121325059, 0.582582139424,  
731, 1157111.9691813784, 65.1271777818795, 101.80923082137413, 53.982389672741796, 50.26289678132454, -0.765037058848, -0.265842082762, 0.586554588783, 0.142107658921, 0.818675720091, 0.556395074214, -0.628111225712, 0.509016750575, -0.588539069025,  
740, 3333615.5086281695, 92.67066927129926, 132.4463730167775, 100.01513993770254, 60.078776788581145, 0.183126943376, -0.684606280372, 0.705534381504, -0.847283683211, -0.473875767597, -0.239900223109, 0.498572846005, -0.55385557482, -0.666835151644,  
750, 1931458.8189475152, 77.2560111713162, 126.55563843726277, 93.47770515404679, 38.97690068280172, -0.777539149451, 0.343563703016, -0.526684775783, -0.356168967961, 0.449649383124, 0.819120930338, -0.518243704576, -0.824487364504, 0.227253269373,  
751, 1709657.6563362528, 74.17772599694568, 115.911168454234, 82.53657171043993, 42.66274905593747, -0.19893172169, -0.542907391422, 0.815890761343, -0.969508142286, -0.0125494520109, -0.244737560042, -0.143108812261, 0.83969880052, 0.523856652396,  
752, 2652788.9479479836, 85.87591222067879, 104.96188950174226, 86.86631202071598, 69.4594062306845, 0.302970618485, 0.488881543957, -0.818048678449, 0.911534228987, 0.101792023512, 0.398426572073, -0.278054228019, 0.866390916346, 0.414792268917,  
754, 2430910.473718196, 83.41166400779143, 137.5166136031893, 75.1674612740067, 56.142959719574215, -0.225946999887, -0.85749118381, 0.46223027046, -0.973796988658, 0.211404525449, -0.0838304926629, 0.025833662582, 0.469059693757, 0.882788550883,  
771, 838421.9616725822, 58.49579918655342, 113.16981906276824, 89.92925740196983, 19.667194268698047, -0.0273813658998, -0.771874957196, 0.635184470257, -0.837805515361, -0.328894068115, -0.435787345376, 0.545281742985, -0.544093505211, -0.637675527486,  
774, 451517.02654314874, 47.59140294987648, 95.52495359840202, 53.45018637305388, 21.111518077091244, -0.799275376817, 0.600858674717, 0.0113015499809, 0.592248022015, 0.784351288069, 0.184486686034, -0.101986040388, -0.154148986119, 0.98277003294,  
782, 1874607.3827484928, 76.49045387491152, 136.90225790105856, 67.4891348668833, 48.437000561774646, -0.853232273344, -0.412060047309, 0.319689232122, -0.458764800921, 0.301456184301, -0.835858257351, -0.24805149699, 0.859843408045, 0.446250791017,  
786, 546398.3078879592, 50.715445577376535, 138.90351110373444, 83.92074568300788, 11.190208502036022, 0.619596201893, -0.530904760988, -0.578135521621, -0.735878272968, -0.136626587731, -0.663186506873, -0.273100190357, -0.836345209997, 0.475334593462,  
788, 2142312.4473391823, 79.97079264323854, 104.15068640585605, 77.05738961382609, 63.726163358737615, 0.0406202767764, 0.131689142926, 0.990458460891, -0.190679795908, -0.972036927604, 0.13705993874, 0.980811505105, -0.194427829825, -0.0143739501398,  
796, 1499635.3157705266, 71.00664885232072, 132.55799577979266, 68.58616922067631, 39.37808338169113, -0.942490084615, -0.328845927156, 0.059772875075, -0.0684440444433, 0.36493608872, 0.928513362279, -0.327151116736, 0.871023540062, -0.36645619039,  
798, 216652.1557651843, 37.25845155312523, 86.65079953639274, 48.42937753971866, 12.325170732956044, 0.290456295408, 0.953881388774, 0.0757986583506, 0.768188096207, -0.185213801811, -0.612848183864, 0.570545519047, -0.236233240186, 0.786556842782,  
800, 1156417.421323669, 65.11414447237644, 108.88734142329277, 95.05713314590125, 26.67251143148778, -0.331142936315, 0.686118555206, 0.647754339184, 0.178546441117, -0.628521051498, 0.757022097556, -0.92653414621, -0.366336752219, -0.0856262803127,  
801, 3016496.216681948, 89.63371399295488, 108.81347260805747, 95.29810795889381, 69.44599856897706, -0.280568917018, -0.0429985769358, 0.958870275473, -0.556536040579, 0.821210605991, -0.126018951526, -0.782015804405, -0.569002867294, -0.254336428125,  
802, 3378043.123326053, 93.08053268593001, 116.60023735707901, 86.05350402957885, 80.37270525363944, -0.0063574700857, 0.733512779416, 0.679645926206, 0.609845970541, -0.535793403192, 0.583963458883, 0.79249446357, 0.418191859712, -0.443923522334,  
803, 2428118.151930258, 83.37971418950237, 113.17820074249887, 86.47039199799296, 59.231262977765326, -0.49086172509, 0.862172469694, 0.125353098657, 0.845374039815, 0.506131329348, -0.170803425782, 0.2107071419, -0.0221293911843, 0.977298721169,  
804, 2978507.580695, 89.25585204379303, 118.69120359060608, 84.48669750984936, 70.90930557305542, -0.52042639456, -0.783474648333, -0.339593644324, 0.0799738837976, -0.440667154947, 0.894101021396, -0.850153248395, 0.438155148288, 0.291992329134,  
805, 3181649.16610247, 91.24054973694308, 105.94608136183217, 86.04634772347262, 83.31943966857786, 0.18364217876, 0.713965466361, 0.675669196445, -0.399731743704, -0.573721259234, 0.714883521826, 0.898047929264, -0.40136919357, 0.180035238766,  
806, 2621089.230643184, 85.53248021066948, 105.63653477917077, 90.34547783003302, 65.56508537367706, -0.286724080759, -0.844386429017, -0.452549290138, 0.443834853227, -0.535710218616, 0.718348929651, -0.848999366651, 0.0051107887519, 0.528369146775,  
807, 3630272.880885207, 95.34184546917628, 108.34216530106295, 91.98971451289464, 86.95886847326042, 0.615941061871, -0.481816849786, 0.623272919004, -0.71553354282, -0.673157663111, 0.18673647125, -0.329588163319, 0.56099134027, 0.759381563341,  
808, 3202538.0073434254, 91.4397916372713, 112.32774947076439, 87.2806065754003, 77.98316723074201, 0.326391207954, 0.213345615871, 0.92084332411, -0.556103857515, 0.831100317761, 0.00455647616581, -0.764341075062, -0.513571718464, 0.389906156615,  
809, 3678249.058294753, 95.76000815523835, 110.51708842133843, 92.35429055253321, 86.0331871263958, -0.772251314786, 0.295521948704, 0.562400822053, 0.635157046567, 0.33925367692, 0.693889377994, -0.014262994385, -0.893069829594, 0.449691946182,  
810, 3347682.904258545, 92.80083880562836, 104.9944594025444, 90.76214701618117, 83.8657359934436, 0.848189911402, 0.421233177612, 0.32114869496, -0.283976205767, -0.150180692751, 0.946996976808, 0.447136879215, -0.894431869738, -0.00776154895706,  
811, 3416339.8829568755, 93.43096200937701, 112.63015303049485, 88.00794595710214, 82.28030682921016, -0.45931562518, -0.0511157410519, -0.886801182612, -0.158171348157, -0.977681389215, 0.138278435788, -0.874077216891, 0.203779984784, 0.44097929284,  
812, 3660109.0462339115, 95.60232886072747, 107.71617838852892, 94.39199787725168, 85.93880294879939, 0.424624418795, 0.782794431598, -0.454892273865, 0.408463620135, 0.2827625, 0.867872594117, 0.8079923106, -0.55432684082, -0.199675185132,  
813, 3628461.879345866, 95.32598872283324, 135.4897958806935, 110.1864887293637, 58.02284548840827, -0.895726191496, 0.358355752304, -0.26316486213, -0.391274161025, -0.354271832392, 0.849350339782, -0.211137682054, -0.863754955739, -0.457545905514,  
814, 3476354.385926703, 93.97488678342414, 98.65572230481379, 93.3255237466439, 90.13899612140676, 0.317961435855, -0.304717592912, 0.89780160051, -0.443586763275, 0.789096147199, 0.42492123261, -0.83793275909, -0.53336147128, 0.115733453238,  
815, 2307671.99551391, 81.97759191802353, 113.31459976730449, 91.3949817851963, 53.19578850114618, -0.657865926385, 0.453132280658, -0.601567584837, 0.201427111421, 0.875514468755, 0.439205571214, -0.725699346621, -0.167766359042, 0.667244263436,  
816, 3437389.703180668, 93.62246124528703, 101.9215333030989, 92.44377089823891, 87.09566936848339, -0.721087085255, -0.692067927225, -0.0327932856823, -0.663381061891, 0.675992976109, 0.320872346853, 0.199897429206, -0.25313135001, 0.946554561258,  
817, 3758521.124942264, 96.45160570671038, 100.27740528281862, 96.73634864559709, 92.49869542854734, 0.0498261726752, -0.851758520069, -0.521559944787, 0.14559270903, 0.522824633077, -0.839914975534, 0.988089123305, -0.0340855766799, 0.150060180823,  
818, 3451639.7377215666, 93.75165656270276, 107.00404487510723, 100.56029570594863, 76.5790746781336, 0.572894514852, -0.258347652655, 0.777848549025, -0.459982744587, -0.88682503974, 0.0442405195859, -0.678386136013, 0.383142061458, 0.626892663226,  
819, 3106438.779354942, 90.51586998105701, 109.75446336964463, 94.65922695787087, 71.38205485126784, 0.867124378376, 0.495177853071, -0.0537978275928, 0.236387477483, -0.314048422687, 0.919507775224, -0.438424763118, 0.810044740762, 0.389372886895,  
820, 2797615.1728343135, 87.41107375559059, 117.90414987292777, 91.48860443782131, 61.916054126495766, -0.201723299728, -0.300184335629, 0.932307392972, -0.555383391042, -0.748993057166, -0.361329059546, 0.806757088163, -0.590676531581, -0.0156280432944,  
821, 2930250.393044094, 88.77118988628762, 138.2802611539333, 76.11016751863593, 66.46809848273406, -0.871524441037, 0.187487787515, 0.453093233462, -0.134902510336, -0.980036170799, 0.146049363675, 0.4714302296, 0.0661621754308, 0.879418049145,  
822, 2634048.9914031755, 85.67321795428036, 103.45857954012516, 97.39792900737214, 62.40494505072996, -0.889431206588, 0.205732614607, 0.408149751971, 0.385112805846, -0.14362421755, 0.911625038547, -0.246171191491, -0.968011454178, -0.0485135966459,  
823, 2869630.7506962847, 88.1547671731169, 107.85896054376703, 93.21552813006683, 68.13855403031211, -0.759876999494, 0.470235501873, 0.448849104286, 0.647013776632, 0.48024641201, 0.592230155092, -0.0629294723364, -0.740433627363, 0.669177050549,  
824, 3154432.22427878, 90.97963645759269, 116.89295917157952, 84.23969066533346, 76.47640683902601, -0.625619587745, 0.589246159815, -0.51126225616, 0.712709724815, 0.16519919407, -0.681728739626, 0.317245929185, 0.790884434935, 0.5233133201,  
825, 3394719.265357362, 93.2334493162593, 120.59286812996474, 89.97163899155647, 74.69439249416297, 0.265879533075, 0.938936014871, -0.218419856858, 0.389206467657, 0.102733660193, 0.915403801935, 0.881944669141, -0.328397556387, -0.338125192101,  
826, 825617.0876539549, 58.196476062490355, 125.07654834280487, 58.45742972566817, 26.95718006279575, -0.903719311841, 0.37830661031, -0.200438304726, 0.0949785184598, 0.633668264273, 0.767752311546, 0.417457167188, 0.674795257429, -0.608589249095,  
827, 1919025.6257660098, 77.08988330880548, 89.47244012293702, 77.80263998782799, 65.81252438528014, -0.213587854183, 0.412543474446, 0.885543962905, -0.953604470823, -0.284915294651, -0.0972717230228, -0.212176204537, 0.86523474073, -0.454257748049,  
828, 3157493.9761801693, 91.00906246090219, 103.98820821956846, 90.12282601818734, 80.43314025232469, -0.959394872663, 0.22693089477, 0.16752267699, -0.088318310974, -0.805727020484, 0.585665300669, 0.267883098112, 0.547088966677, 0.793052525553,  
829, 3708614.7147941403, 96.02280078443881, 112.78036229322927, 97.72271661931029, 80.33301944695226, -0.516302703012, -0.529826377493, 0.67284138441, -0.165368406832, 0.832548832009, 0.528692474262, 0.840288527164, -0.161698645734, 0.5174637563,  
830, 761534.695200295, 56.65005837240235, 126.62173700855047, 94.43823673082329, 15.203547960623395, 0.165384630168, -0.636047619813, 0.753718348877, 0.949141696216, -0.104960059863, -0.296839057972, 0.267914099308, 0.764478129945, 0.586340536061,  
831, 3499524.8702811473, 94.18321074978442, 104.64131113676619, 90.84755315045292, 87.88283688631651, -0.631911418393, -0.718265088079, 0.291175587148, 0.210725497075, 0.202313673795, 0.956380647168, -0.745843632531, 0.665705971613, 0.0235124471493,  
832, 3519440.351452987, 94.36153562555525, 101.19284071051263, 93.97781660762766, 88.35067283513087, -0.871027823473, -0.484768101598, 0.0794381420222, 0.180047540398, -0.164590221619, 0.969790153664, -0.45704859034, 0.859016848857, 0.230643966858,  
833, 2128591.325693994, 79.79969404179222, 100.03691062329688, 79.06790219376033, 64.24557066346387, 0.118321625673, -0.354706263062, 0.927460759193, 0.506895762554, -0.781578646471, -0.363581497447, 0.853848159103, 0.513145482612, 0.0873214456559,  
834, 2572762.4010760137, 85.00354219602134, 98.83554734910113, 85.00671626481342, 73.10459225094112, -0.985776226516, -0.112230034142, 0.125098563827, -0.0383219823186, 0.874848540313, 0.482878304734, -0.163635744586, 0.471215928156, -0.866705770227,  
835, 872823.033292883, 59.28514181457486, 79.77298435545762, 66.92934583613706, 39.02700008742627, -0.795819033301, -0.248411623808, -0.552235213829, -0.533613671599, 0.718782912076, 0.445654097693, -0.286231577082, -0.649340273251, 0.704576960889,  
836, 1760816.935299387, 74.91035682027655, 116.47807684602591, 96.67840641894735, 37.329478485174064, 0.145927506202, 0.930907184214, 0.334838733292, -0.850078973708, -0.0551350917178, 0.523761262524, 0.506034486367, -0.36107054164, 0.783298897335,  
837, 2968774.651141532, 89.15852490217033, 102.67863665985482, 88.41213197302982, 78.07224483727009, -0.220495324961, 0.0709541712083, 0.972803843156, 0.974742587187, -0.0202478001897, 0.222411589879, -0.035478167867, -0.997274050688, 0.0646975071327,  
838, 1778975.8862876822, 75.16698845051094, 114.2621585522668, 76.28834013933871, 48.7215237366354, 0.26886662638, 0.0146554973328, -0.963065913433, 0.645125168481, -0.7452060701, 0.168764421835, -0.715209238063, -0.666673180414, -0.209815672212,  
839, 1916704.7088586094, 77.05879263629085, 118.00677385897532, 81.8497324000626, 47.37425562544668, 0.48610877041, 0.362131576611, -0.795335768435, 0.329929030634, 0.766698638057, 0.550744980137, 0.809224998425, -0.530126324212, 0.253221212188,  
840, 443032.8724100699, 47.29143010419553, 123.20114657364847, 42.611635850393384, 20.146721619904998, -0.579008475427, -0.686054863065, -0.440542745087, -0.079118867284, -0.490501226916, 0.867841432079, -0.811473591822, 0.537342787482, 0.229724483931,  
841, 3160525.993480566, 91.03818394943403, 116.02946906231844, 96.80882742305101, 67.17187828547439, -0.202973939662, 0.345074114836, 0.91636533931, -0.78856493816, -0.612401447072, 0.0559446684594, 0.580488516788, -0.711258267364, 0.396414882393,  
842, 3661715.9542609286, 95.61631766736087, 121.85955683256068, 94.9769103594126, 75.52981325308517, 0.585875442596, -0.0216865302026, 0.810110893749, -0.704139117067, 0.481227860467, 0.522118616913, 0.401170873295, 0.876327245222, -0.266669251511,  
843, 3683641.715407512, 95.806783013082, 103.60685820112185, 96.49955057674126, 87.9579255602082, -0.668103302978, 0.384428667013, 0.637065598292, 0.743989977266, 0.332703437463, 0.579471601055, -0.0108115807244, -0.861117310637, 0.508291340713,  
844, 2752429.949852007, 86.9379152799242, 108.01238238656094, 86.15812424636415, 70.6086462410039, -0.0430999421111, 0.318912342986, 0.946803734932, -0.998596617267, -0.0429448631845, -0.0309924944068, -0.030776467853, 0.946810781633, -0.320315708028,  
845, 3076634.027647872, 90.22545411264323, 111.84615747385955, 96.54194369760009, 68.0221137281116, 0.354532231079, 0.347392170567, 0.868116107992, 0.794933835499, 0.37686155256, -0.475453012801, -0.49232823838, 0.858658284786, -0.142544223534,  
846, 2029399.8256902616, 78.54038089856311, 89.86395167642158, 81.2984829642957, 66.31489027765046, -0.325998715925, -0.582942504623, -0.744246513945, -0.924584676176, 0.0324246301506, 0.379594283335, 0.197149724312, -0.81186617103, 0.549550094659,  
847, 1461577.0795106564, 70.4008179201649, 92.03587256368651, 65.11162444676798, 58.22606620536954, -0.934196741915, -0.309823953534, -0.176877260301, -0.110408348172, -0.22037327829, 0.969146848971, -0.33924393001, 0.924902554885, 0.17166484765,  
848, 3351597.057104508, 92.83699268704744, 101.4988923595854, 90.29383506235891, 87.3059392603736, -0.224818758841, -0.197377597921, -0.954200508023, 0.930845137452, -0.333012887492, -0.150431867787, 0.288069185708, 0.922032808854, -0.258595521311,  
849, 3073223.6507469662, 90.1921041848034, 104.31904067513858, 87.67153548136857, 80.22012972995985, -0.264190894695, 0.963164332908, -0.0501760796962, 0.963585578006, 0.261363113509, -0.056499174824, 0.0413038136162, 0.0632755143024, 0.997141015238,  
850, 3184413.5405167653, 91.26696685747365, 107.34962216645836, 92.42301886678032, 76.62318182809517, 0.424472869252, -0.758531425879, -0.494421742264, -0.867397172046, -0.497282113675, 0.0182385675617, 0.259701615698, -0.421118243934, 0.869030779334,  
851, 80014.49027441241, 26.731706113899186, 96.24059479681272, 31.222625376186773, 6.357001545473613, -0.947724028156, -0.256929579172, 0.189225679551, -0.302678825666, 0.536112576889, -0.788015757072, -0.101018290168, 0.804096074016, 0.585853914218,  
852, 4313105.678440962, 100.97964276843854, 116.41447889665955, 102.98693119455602, 85.88402194401793, 0.62615681135, -0.756317830232, -0.189501945302, 0.303956201529, 0.0129642733376, 0.952597792969, -0.718009940845, -0.654075888021, 0.238005162881,  
853, 3313874.657139792, 92.48738269417646, 101.62303805176077, 90.10304453835234, 86.40041500569968, 0.608458839159, -0.71032314103, -0.353862793136, 0.282335116576, -0.222969417943, 0.933044222216, -0.741663483662, -0.667626897285, 0.0648814536194,  
854, 3384378.3193684607, 93.13868422049214, 107.9555191440918, 96.78656609364751, 77.32685782918831, 0.206499351605, -0.131871660525, 0.969519408231, 0.389552637583, -0.897877147911, -0.20509843932, 0.897555992871, 0.420031537399, -0.134040095685,  
855, 2929059.2889942857, 88.75916019149386, 111.37168521616299, 82.3856067711299, 76.21025546827642, 0.134163148952, 0.55991017161, 0.817619012249, 0.858683430459, 0.346149237401, -0.377946387339, 0.494634224169, -0.752782375707, 0.43434511521,  
856, 3554674.9134037923, 94.67538793097401, 112.19968035934612, 95.10526749283993, 79.52708954401602, -0.832867116441, 0.487220755264, 0.262580086815, -0.0786498755871, -0.57379345992, 0.815214856601, 0.547856334655, 0.658313755738, 0.516213556181,  
857, 1777349.5479077338, 75.1440755992111, 88.03839929618643, 78.54390009948868, 61.36201870594277, -0.239546325956, 0.345248368518, 0.907425546123, -0.957078164692, -0.241033632788, -0.160947738523, 0.163153131725, -0.907031615711, 0.388168396071,  
858, 2511182.2614093376, 84.31985969203333, 123.01895951757, 81.91682769161358, 59.490065986743836, 0.394579944838, 0.719090762667, -0.572027221537, -0.607934241766, 0.671109183959, 0.424297561736, 0.689001179114, 0.18033562669, 0.701966122349,  
859, 2163664.9527780144, 80.23560537454878, 128.06469280618967, 81.8296743743819, 49.290266471275025, 0.649011868164, 0.00490187843767, 0.760762490249, -0.457035087586, 0.801934957992, 0.38473270184, -0.608196122725, -0.597391240928, 0.522705635674,  
860, 3187343.802016698, 91.29495255375642, 110.62935086255351, 93.41558248489855, 73.62928980863074, 0.0911948133053, -0.553475883958, -0.827857446608, 0.083513097537, -0.824142433319, 0.560191763723, 0.992325082101, 0.120223522993, 0.0289350298621,  
861, 3809711.039087845, 96.88751318779481, 110.37137930699211, 96.19604881707987, 85.66229845251432, 0.883130644007, 0.397478540187, -0.249180809268, 0.358993931711, -0.914523003879, -0.186469923504, 0.301999375184, -0.075222905206, 0.950335673287,  
862, 2473692.9471450583, 83.89815180419318, 102.21587122410737, 84.75421193318282, 68.16752982645887, -0.815907033599, -0.320196699022, 0.481424746413, 0.0747866256512, 0.767210709307, 0.637020163062, -0.573325974597, 0.555753363876, -0.602026183312,  
863, 1277275.8736091198, 67.30779549668016, 116.97326924533304, 60.76355239383172, 42.900891355939414, -0.402128900193, -0.495334389465, 0.770023499799, -0.155985302558, 0.865788622959, 0.475477282045, -0.902197834743, 0.0710908079033, -0.425423511358,  
864, 3606996.3553826697, 95.13763796135053, 136.40909523274743, 97.14304708757457, 64.98334218341495, -0.75554801709, 0.65305083207, 0.0516895018741, 0.652578422344, 0.757208128209, -0.0278792622718, 0.0573462863862, -0.0126673322574, 0.998273981496,  
865, 2360451.4850623286, 82.5978652595708, 124.756982635481, 93.27945177376436, 48.423438167433375, 0.730711857195, -0.427188544917, 0.532513031621, -0.600833307858, -0.0320737925929, 0.798730622924, 0.324128860058, 0.903593503142, 0.280105807074,  
866, 2343179.405797588, 82.39590802112808, 106.08686558033101, 74.59888396403906, 70.68430368276037, 0.13190608491, 0.155057859185, 0.979059673906, -0.596288314219, 0.801417397398, -0.0465875678099, -0.791859224288, -0.577656658798, 0.198171020729,  
867, 3431030.874654761, 93.56469486766679, 109.84652547228544, 92.78279686354408, 80.36782822641233, -0.13153809766, 0.552199310972, 0.823270095306, 0.977653348802, -0.0651200300571, 0.199883244076, -0.163986763005, -0.831165027325, 0.531293740705,  
868, 3749944.7900004094, 96.37818753440386, 101.24433145934212, 95.99375435593961, 92.11334848766208, -0.695971733414, -0.534528561645, 0.479481556553, -0.699493783307, 0.655573971901, -0.284484119909, 0.162270741057, 0.533387274082, 0.830160359476,  
869, 3176820.8120031073, 91.1943719323539, 104.02634619516067, 100.43610780181749, 72.58901296458048, 0.171458211254, -0.924747216003, 0.339771494225, -0.898054044721, -0.288512412931, -0.332053490187, 0.405093834259, -0.248199867201, -0.879940799922,  
870, 2999775.3552086814, 89.46778961881779, 98.80096366868771, 86.40565151538262, 83.88741152218837, -0.720460466603, -0.609052275946, 0.331650480516, -0.636025050828, 0.770916192341, 0.0340640441752, 0.27642150926, 0.186396216566, 0.942787144412,  
871, 2967143.281780834, 89.14219076287779, 113.23179235798061, 88.19464102755961, 70.93153047286938, 0.0972907486884, -0.0791936172916, 0.992100237476, -0.315603557425, -0.947837201736, -0.0447105529691, 0.943890303351, -0.308760441097, -0.117209578334,  
872, 3297279.4363640375, 92.33273816502935, 96.52235909210964, 93.01597531665928, 87.67619071596788, -0.934005225612, 0.0931241744294, -0.344908867191, 0.347337539176, 0.0107538553603, -0.937678510191, 0.0836114370715, 0.995596425632, 0.0423896786861,  
873, 580605.5237451729, 51.75244247903903, 149.3842734345701, 100.33171800310069, 9.248034176134333, -0.180797019584, -0.790171351503, 0.585612220649, -0.84516010742, -0.179701404682, -0.503400236373, 0.503007783771, -0.585949349704, -0.635331825935,  
874, 3154231.855578553, 90.97771008265961, 102.89284674840137, 88.60675035444655, 82.59485821708351, 0.287724416793, 0.554862595006, -0.780603715495, -0.330221495256, 0.822563868361, 0.462971323667, 0.898981881937, 0.124563972039, 0.419899265084,  
875, 1730504.3088150318, 74.4780033364296, 111.34987562705602, 85.63586137128573, 43.32500973335752, -0.673189091499, 0.60253945238, -0.428675466307, 0.482557947142, 0.797215259525, 0.362747374397, -0.560316227445, -0.0373368224024, 0.8274368175,  
876, 2841032.6049818085, 87.86094489289515, 107.2357002728924, 86.56186251115115, 73.06705849922939, 0.73202346804, -0.569884057096, -0.373328010879, -0.599794102711, -0.798968687172, 0.0435439005072, 0.323092365419, -0.19204478224, 0.926676925914,  
877, 2500424.0229898123, 84.19927483360667, 128.36622577522323, 85.51850896974068, 54.376864427192594, -0.120812856732, -0.554925708887, 0.823080622579, 0.711545997521, -0.626564779397, -0.317991934853, 0.692175228581, 0.547242208566, 0.470552248006,  
878, 3105341.4215880474, 90.50521040178768, 127.07718832518533, 96.32115775560857, 60.56635751186078, 0.747683811416, -0.621983450661, -0.232605901151, -0.470951768745, -0.743615578904, 0.474594882323, 0.468159534414, 0.245300749926, 0.848913536482,  
879, 1434698.6321851355, 69.96658736950037, 125.60065754432911, 71.8833567046389, 37.9360241379813, 0.295879800064, -0.248583328791, 0.922313109829, -0.747287026328, 0.541184675848, 0.385592073194, 0.594993482482, 0.80332152671, 0.0256374828793,  
880, 3847588.2660231446, 97.2075492620827, 111.07873105182955, 97.96232804798514, 84.41312437050415, 0.69831710821, 0.600784629926, 0.389115721638, -0.478406189582, -0.0126218867461, 0.878047951848, 0.532429088378, -0.799311276299, 0.27860500611,  
881, 1765842.1948731, 74.98155226583526, 143.7754554888997, 76.96648450205336, 38.09578072684488, 0.32100848804, -0.269122331954, 0.908034537366, 0.692716007796, 0.720529234523, -0.0313393481157, 0.645831311683, -0.63907025642, -0.417721347563,  
882, 3344445.3960682475, 92.77091359185606, 103.68428741217932, 90.69863678949567, 84.9027570937408, -0.0424431561942, -0.356065785154, 0.93349651051, -0.319117153245, -0.880564852377, -0.3503851927, 0.946764395717, -0.31276620246, -0.0762527481575,  
883, 1713486.7657041263, 74.23306316493074, 115.29479754424612, 75.09382342551693, 47.24743290829178, 0.496687175619, -0.102841801533, -0.861815185195, 0.624408033154, 0.732019756099, 0.272509971953, -0.602840325218, 0.673476533027, -0.427800072175,  
884, 2943841.566889392, 88.9082252878056, 108.14065711011415, 92.78249852306578, 70.0439704807477, -0.644642003445, -0.6673728985, -0.372894223262, -0.753896311657, 0.474059029249, 0.454871836959, 0.126795262785, -0.574353071843, 0.808728329045,  
885, 3348603.9744317587, 92.80934899502552, 104.88563213834352, 91.04769139069883, 83.7124862804121, -0.961056583975, 0.104301261968, -0.255913049979, 0.250620475956, 0.719155033386, -0.648078247581, -0.116445778925, 0.686976917158, 0.717288711652,  
886, 3071036.483482652, 90.17070298358843, 104.01345288430454, 91.26539269755344, 77.23261255787153, -0.84338786031, 0.487724110827, -0.225437594026, 0.487266005948, 0.871076958938, 0.0616179442552, -0.226426050907, 0.0578802498693, 0.972307112051,  
