# Void_ID, Void_Volume, r = (a*b*c)**(1/3.0), a, b, c, vector_a, vector_b, vector_c 

1, 689531.5277341316, 54.8052091795496, 98.90798968104244, 68.40787351314462, 24.329212618882675, 0.377075010646, 0.85515680916, 0.355698282388, 0.69497108895, -0.00737785962521, -0.718999828033, 0.61223330673, -0.518316890459, 0.597091265382,  
2, 404375.71356445673, 45.87388114412481, 103.88926474487732, 78.19451966093334, 11.883639434221779, -0.943879229989, 0.312722287763, 0.106286264075, 0.329914024266, 0.877288233634, 0.348600188927, -0.0157713597261, -0.364101807004, 0.931225610875,  
3, 2016240.0232652768, 78.37024552707106, 104.574185834873, 81.16485750661955, 56.710189634414036, 0.538041796276, -0.493967018261, -0.683013623825, 0.512393007784, -0.451732339114, 0.730336428896, -0.669301450046, -0.742922929158, 0.0100543670594,  
4, 2124448.828858374, 79.74789379698558, 93.25258939925276, 83.90416277769874, 64.82063143715439, -0.69292749248, -0.612708520388, 0.380052311149, -0.708714564879, 0.675727063507, -0.202772288966, 0.132571323044, 0.409855102065, 0.902465312141,  
5, 1623835.1471839978, 72.91515040918765, 98.19540721733246, 79.99118054414294, 49.35373741857953, 0.691762516338, 0.720732686123, -0.0448220497388, -0.585404224589, 0.596051038999, 0.549568060155, -0.42280789352, 0.35393156692, -0.83424572586,  
6, 773193.5316595107, 56.93769315593502, 118.79022517279593, 56.14323604172679, 27.677155640729495, 0.539116650942, -0.362249319163, -0.760347727979, -0.545866655656, -0.837784671076, 0.0121012046277, -0.641391324326, 0.408524510496, -0.649403490446,  
10, 4203048.163519461, 100.11333273891859, 118.24716463099556, 94.1156695097087, 90.16190630753947, -0.851965811481, 0.516806203782, -0.0840571460352, -0.0727582165178, 0.0421280276372, 0.996459467925, 0.518517596612, 0.855065247229, 0.00171025842051,  
12, 2536173.9829868698, 84.59865879965392, 136.7268656552221, 101.71531437388073, 43.536170972281376, 0.00327619346223, -0.57159285883, 0.820530846642, 0.268709249262, -0.789853525238, -0.551295517877, 0.96321576291, 0.222290378569, 0.151004575024,  
13, 1659055.6298152362, 73.43855333216088, 112.12945495213758, 65.17953977107929, 54.19276857122668, 0.926132866413, 0.136909694679, 0.351473539904, 0.271242683167, -0.889244346457, -0.36833666546, -0.262116997882, -0.436463317813, 0.860694168462,  
15, 1240833.3464481626, 66.66147961292639, 115.4085677039133, 60.05980245229511, 42.73688817197473, 0.704060616626, -0.642687554704, 0.302078392381, -0.33515893164, 0.0742945937036, 0.939227769973, -0.626072790223, -0.762517554142, -0.163094576758,  
16, 1932439.7053138632, 77.26908704654456, 137.22663394728986, 72.70307679069566, 46.24088546368265, -0.472617616968, 0.238675584946, 0.848331629307, 0.878620280278, 0.0530572263609, 0.474564362143, -0.0682568034436, -0.969648851844, 0.234780989226,  
17, 555352.2638699148, 50.99097455668621, 119.0968403368596, 49.38469679576751, 22.54173323253091, 0.302453508424, 0.952989242106, 0.0182586876055, 0.711660705128, -0.213036105303, -0.669443544008, 0.634082735941, -0.215469539073, 0.742638513486,  
18, 2643916.944693208, 85.78007065828835, 108.76935269398552, 104.62372139808156, 55.46544368565093, -0.0756218871276, -0.00838319552246, 0.997101324952, 0.813838597583, -0.578302330413, 0.056860810071, 0.576149344589, 0.815779465708, 0.0505548816434,  
19, 694332.6207327171, 54.93211493544409, 122.82159290693772, 56.663500844780216, 23.817755437607783, -0.962838249026, 0.270053867047, 0.00366266358276, -0.0970265447061, -0.358526685477, 0.928463497087, 0.252048320435, 0.893604792229, 0.371405599678,  
21, 842385.1719689271, 58.58782397948229, 130.07691990165154, 72.11803955489356, 21.437688059162916, -0.141310094811, 0.132863631263, 0.981009027783, 0.905634704956, -0.382870610562, 0.182307094613, 0.39982150803, 0.91419765426, -0.066222433219,  
23, 2590285.2536677504, 85.19608953343638, 109.88304847013353, 80.79184749673075, 69.65635501964601, -0.382971728345, 0.715369849536, 0.584447289037, 0.899976694344, 0.146300591005, 0.410655679017, -0.208265707512, -0.683258454354, 0.699845182614,  
24, 1968793.41995568, 77.75061745185651, 124.08401622306819, 105.54739295613865, 35.88791168253613, 0.890114567323, -0.206675696363, -0.406178795079, -0.234656462534, -0.971878436634, -0.0197141826284, 0.390681969932, -0.11286036035, 0.913580941916,  
25, 431422.61194308935, 46.8746564957974, 113.12317995975015, 44.71126945428423, 20.363184161792002, 0.337919594352, -0.860978880376, -0.380165378881, 0.539849855121, -0.153560878435, 0.827635904574, -0.77095556401, -0.484906613856, 0.412908094084,  
26, 1697976.8854319784, 74.0084067548273, 97.97530397324383, 81.09035300919805, 51.02198538181413, 0.711536268787, 0.448285788625, 0.541069302324, -0.446707248881, -0.305792325507, 0.84079943355, -0.542373277363, 0.839958871242, 0.0173298189659,  
27, 1368039.9311098843, 68.86576690183661, 127.30380740054908, 65.41973113173987, 39.21570411009274, -0.00451408741955, 0.931639387443, 0.363356126658, -0.597536238456, -0.293868480313, 0.746050775759, 0.801829200483, -0.213750714722, 0.55801484318,  
28, 808486.9519247984, 57.7911675616123, 77.74178911917548, 58.28925633254279, 42.59330697780474, 0.507239556195, 0.0833050117107, 0.857769379061, -0.335831258926, 0.935742910791, 0.107715228414, -0.793678397186, -0.342703195094, 0.50262224574,  
29, 3537890.7442020644, 94.52614265429628, 110.16404038516261, 102.82261358148008, 74.56367645065883, -0.540003401764, -0.509815291876, -0.66968999862, -0.433612758411, 0.850469521757, -0.297794506843, -0.721371126277, -0.12957608086, 0.680318849836,  
31, 780763.7312413732, 57.122912239196374, 102.17113221379877, 64.31911068667982, 28.363693554115475, 0.060840658206, -0.658713407271, 0.749930037664, -0.773815454297, -0.505701446758, -0.381412754686, 0.63048240023, -0.557102049743, -0.540489823376,  
32, 836669.3261802433, 58.455010920540005, 120.01769653791939, 54.75777386118021, 30.393041762673327, -0.660532063554, 0.601443827616, 0.449402620419, 0.718843948678, 0.679380011365, 0.147330165299, 0.216704338827, -0.420366652317, 0.881096536796,  
33, 244122.36856579242, 38.77093922401933, 105.1016439660807, 60.96092203359392, 9.096156617702354, 0.524341461068, 0.0809321131082, 0.847653245893, 0.764302904082, 0.394108430229, -0.510411222481, 0.375375948907, -0.915493603632, -0.144790741043,  
34, 763653.7027012766, 56.70255356417785, 105.05396560009913, 64.22540958508401, 27.02019749794914, 0.503039925807, -0.861431331769, 0.0699063208166, -0.809050479169, -0.497807445184, -0.312450107499, -0.303954199182, -0.100617136541, 0.947358452031,  
35, 2047612.7785667896, 78.77463640349241, 104.08245987805252, 93.59218056087337, 50.181323146845855, 0.437448642973, 0.823825563777, -0.360485957047, 0.385252750313, -0.533917910132, -0.752669903488, -0.812538616398, 0.190376221486, -0.550942729469,  
36, 1212332.4855043923, 66.14713589886887, 111.90631163521577, 54.96948406902477, 47.04970346886587, 0.260230333775, -0.427910188682, 0.865547828722, -0.623414571692, 0.610075769416, 0.489041743999, -0.737315702522, -0.666858625193, -0.108005225897,  
37, 656048.04545665, 53.90334034441957, 153.74487008519486, 37.147985578874824, 27.422758214994843, -0.671301693486, 0.59064132654, -0.447768756957, 0.237107543777, 0.74351269677, 0.62527504542, 0.702235038294, 0.313578846743, -0.639166846659,  
38, 2731129.2124992847, 86.71306675926472, 109.92883927675838, 82.6572759094119, 71.75644384761216, 0.628295423495, 0.777833604115, -0.0148238026432, -0.510516826118, 0.42659841973, 0.746583122321, 0.587041251588, -0.461506958336, 0.665126977607,  
39, 1222211.313340263, 66.32631920775503, 113.07615025404164, 56.13015810379074, 45.97168374300973, -0.52199179481, -0.626277879655, -0.579051451605, -0.817788482318, 0.174559190564, 0.548407774541, 0.242376905539, -0.759805966313, 0.603281301895,  
40, 1621510.4893806726, 72.8803390504252, 137.56082976958425, 88.49176281601265, 31.80046860187553, -0.128246233891, 0.149714035297, 0.980376769986, -0.580351220061, -0.812937056212, 0.0482265902958, 0.804204802813, -0.562777976002, 0.191142838894,  
42, 1165921.0933295249, 65.29203178560866, 139.41716108446596, 67.77792398851967, 29.45615474132865, 0.872003129256, 0.202802563267, -0.445512808906, 0.359466795862, -0.88307506866, 0.301599147517, 0.332256174118, 0.423142462349, 0.84294501085,  
43, 1784070.0107168476, 75.23866734657065, 108.90786520684432, 85.81296362085625, 45.57336928622168, 0.423644254646, 0.616148347787, 0.663993041398, 0.476815552594, 0.471563671701, -0.741804982685, -0.770176911047, 0.630863627935, -0.0940138747141,  
44, 1415921.8008693093, 69.66001331019977, 121.46805080070462, 77.44326771785232, 35.933947351263704, -0.614747178433, -0.270723169722, 0.740806906004, -0.178289638563, 0.962633437922, 0.203837359128, -0.768308994734, -0.00676975413337, -0.640043325908,  
45, 555990.0407245336, 51.010486749955504, 115.8704186089707, 64.6676848283719, 17.714076422410756, 0.382198286192, -0.896013481574, -0.226018386132, -0.414853050927, -0.384925622689, 0.824456918907, -0.825724782339, -0.221341604393, -0.518831839806,  
46, 729049.6188110099, 55.83281086223947, 160.12740757627543, 65.9004010441142, 16.49357303077838, 0.247392441358, -0.846181667123, 0.471988947099, -0.733422017156, 0.15478299756, 0.66191719151, 0.633158056657, 0.509920395642, 0.582316121535,  
50, 3281697.1185331377, 92.18705943179995, 100.01529263002746, 93.85449554235436, 83.46192489618957, 0.451575767368, -0.49612776501, -0.741577081032, -0.121259600405, -0.857561849741, 0.499883769668, 0.883954430746, 0.135812056367, 0.447414404897,  
51, 3687199.69516963, 95.83761924619098, 98.25792402030042, 96.05337081316956, 93.26696733933888, 0.805226036274, -0.0307776011172, -0.592168700435, 0.33010351676, 0.85286284295, 0.40454497814, -0.492587757388, 0.521227119771, -0.696907160881,  
52, 3665524.432311787, 95.64945572569873, 101.71599248945284, 95.63792546738667, 89.95558272182217, 0.366616225967, 0.533041961959, 0.762534464565, -0.846314496965, 0.531509288541, 0.0353503666367, 0.386450921961, 0.6583039898, -0.645981069328,  
53, 2928885.3059348008, 88.75740275625708, 98.19515496440175, 88.56276950461438, 80.40304691367008, 0.3284791343, 0.889694988168, -0.317087190467, -0.622774241553, 0.456416308751, 0.63548123274, 0.710108232869, -0.0112685906453, 0.704002355448,  
54, 3731533.5642759018, 96.22019831752016, 107.97903558249257, 94.62426070000825, 87.18801684541621, 0.26736222397, -0.930813524141, -0.249205988031, -0.866520390428, -0.345373878748, 0.360359954561, 0.421497157958, -0.119595431164, 0.898908826677,  
55, 3340131.7830425827, 92.7310116106173, 103.1162539269312, 92.36706147040344, 83.72029269753868, 0.787929999238, -0.358952967342, 0.500318981788, 0.19774861186, 0.916983636336, 0.34646283668, -0.583148182548, -0.174051078505, 0.793501366894,  
56, 3857893.0252366546, 97.29425357170042, 116.01345482435072, 98.84986480184065, 80.31138803985168, -0.367565523642, -0.0643181045656, -0.92777085924, -0.00588402302319, -0.997424818626, 0.0714780348229, 0.929979012722, -0.0317318863946, -0.366240526544,  
57, 3400234.125364675, 93.28390918270566, 104.97694148905998, 89.11919924347467, 86.76708781743352, 0.129525012785, -0.540918424971, 0.831041833237, -0.552414598615, 0.656629667143, 0.513493516478, -0.823444826507, -0.525589895026, -0.213761268582,  
58, 3316612.3627243936, 92.51284468410836, 102.00498092410486, 90.17809375967958, 86.07631699887507, -0.980015298882, 0.047658404009, 0.193128688919, -0.147921475057, -0.823732669629, -0.547342421344, 0.133000944258, -0.564971827186, 0.814320319845,  
59, 3616165.5094399196, 95.21818452937357, 107.7131466003926, 90.86571405634285, 88.20453880467664, -0.0797129454315, 0.99532503167, 0.0545337295738, 0.99677981216, 0.0800685191322, -0.00436329165297, 0.00870932837241, -0.0540103098916, 0.998502395603,  
60, 3008909.3052914194, 89.55850377892544, 100.21987401835466, 85.23617192226067, 84.089679833797, -0.354598109918, 0.913542318483, -0.199250126179, -0.339423839825, 0.0727938161247, 0.937812623765, 0.871235695665, 0.400176826758, 0.284265491971,  
61, 3269591.3400320495, 92.07356417221933, 97.82346725051941, 92.745950562046, 86.0333544733569, -0.788572355145, 0.0112528986113, -0.614839013868, 0.59851766929, -0.215490483945, -0.771583080994, 0.141174502828, 0.976441100938, -0.163194779787,  
62, 3636012.8215709804, 95.39206835697054, 101.11465984233449, 97.76000772678094, 87.81353174731521, 0.584555917346, 0.806396636961, 0.0895479949156, 0.61545411983, -0.368789814878, -0.696570383254, -0.528687625995, 0.462297021772, -0.711878400979,  
63, 3372468.672744053, 93.02930396292439, 103.11718878329482, 95.23099637186465, 81.98793006407568, 0.603282332639, 0.616869620467, -0.505492134925, 0.661603341367, -0.741028322582, -0.114708516787, -0.445344188036, -0.26523366392, -0.855172297087,  
64, 3664574.949096902, 95.64119629861078, 103.62766470760876, 94.43450692875572, 89.39815806729362, 0.656706734884, -0.0321962125934, 0.753458471485, -0.526180704091, 0.696158704926, 0.488361468788, 0.540250063396, 0.717165574641, -0.440231084262,  
65, 3708970.081170918, 96.02586771441729, 103.91705773112574, 94.61199591203227, 90.05994442225192, -0.7798278849, 0.621887732533, -0.0715829452976, 0.609090430205, 0.727399098759, -0.316068661777, 0.144489853501, 0.290079642944, 0.946031967211,  
66, 3741587.3233849206, 96.30653522495966, 101.69402955367298, 96.69496461589354, 90.83808312118073, -0.771528815583, -0.434912633706, -0.464321319528, -0.630289817754, 0.621739099693, 0.464946488909, -0.0864756171477, -0.651376613762, 0.753810635825,  
67, 3561098.938592542, 94.7323862107195, 100.00596295746527, 93.61167288600299, 90.8112237631387, -0.939801858764, 0.176375002279, 0.292684685001, -0.0342810893996, -0.900845654318, 0.432783911446, 0.339995989936, 0.396697574568, 0.852662747608,  
68, 2888209.477310465, 88.34460361313415, 107.57115234665314, 85.399992611239, 75.05617450406179, 0.324379259262, 0.598758111795, -0.732302410019, 0.873569217324, 0.10733605166, 0.474716541272, -0.362842829203, 0.793705043182, 0.488239066158,  
69, 3231100.2135952353, 91.71082626772501, 102.36650208839276, 90.06171380349309, 83.66884006438492, 0.510084711227, 0.56158154771, 0.651490408713, 0.392792503023, -0.825932464107, 0.404412678217, 0.765197776357, 0.0496158241486, -0.641880544224,  
70, 3171019.9199790535, 91.13883097342384, 100.89352989479184, 94.43349186626708, 79.45495670839992, 0.330014414714, -0.149673081385, 0.932034578108, -0.199940447227, -0.976031512717, -0.0859436079407, -0.922558563802, 0.157988780905, 0.352030171242,  
71, 2828446.9589245976, 87.73101283403304, 96.27966411827553, 92.17118715107624, 76.09036755184385, 0.773632396521, 0.428087953607, 0.467154812702, -0.323514242105, -0.367065217325, 0.87212479691, -0.544822402448, 0.825835231876, 0.145480993894,  
72, 3759535.1436711675, 96.46027888224344, 99.05787533311762, 97.10338240554304, 93.30870734698081, -0.127730255555, 0.246085676892, 0.960794890413, -0.519268675474, -0.841941311914, 0.146611288664, 0.845011848726, -0.480183992779, 0.235325962426,  
73, 3830212.6629806985, 97.06099956026003, 105.29794455632191, 95.78396573586323, 90.66122243376932, -0.270642263725, -0.198737229902, -0.941942821267, -0.961317741201, 0.107827259415, 0.253459035308, -0.0511953663719, -0.974103072358, 0.220232238521,  
74, 3599090.4543957533, 95.0680787983892, 101.05243353055324, 96.19959939508117, 88.38612870915901, 0.726492481449, 0.661343279052, -0.186637996268, -0.314772867143, 0.561705479625, 0.765117635576, -0.610840991183, 0.497103632467, -0.616247727849,  
75, 3314390.41870648, 92.4921805987286, 96.92528334032798, 91.83564241762953, 88.89282493609859, -0.780626000178, -0.285964054357, -0.555740593677, 0.119038446085, -0.940937614319, 0.316964121493, -0.613557573663, 0.181275937663, 0.76856108295,  
76, 3513045.7184198676, 94.30435103987345, 99.11025269841339, 94.54711661925833, 89.50108910958004, 0.0525538195406, -0.904293814299, -0.42366353805, 0.993959803954, 0.0882979930255, -0.0651718693268, 0.0963431584264, -0.417679496563, 0.903472099168,  
77, 3759405.25561627, 96.45916800179225, 103.30539840000492, 99.29269423932747, 87.496407723099, -0.119168936596, 0.153314656484, 0.980965534898, 0.980471002941, -0.137507448248, 0.14059983666, 0.156446083183, 0.978563394872, -0.133933958627,  
78, 3299466.4787883395, 92.35314801995915, 98.28611891593262, 93.58680537728272, 85.63440850262623, -0.601792739258, 0.615604755589, 0.508798863867, 0.781493462963, 0.322550609499, 0.534068414772, -0.164661672291, -0.719021480352, 0.675199707102,  
79, 3984600.4629758946, 98.34796785237609, 115.07091142300828, 94.48211290976778, 87.49455405377198, -0.997862189663, 0.059484242465, -0.0270679762708, 0.00731584396653, 0.513248276001, 0.858208998793, 0.0649425043257, 0.856176285633, -0.512586225968,  
80, 3708093.0289559755, 96.01829810727416, 103.3942487049382, 93.79129444588042, 91.28577360018015, -0.97212091337, -0.0116039525751, 0.234192822419, 0.208876114424, -0.496683809526, 0.842422674302, -0.106544350442, -0.867853986359, -0.485260507098,  
81, 3447157.729678265, 93.7110596562148, 111.35624003192821, 93.62823027485969, 78.93164851151394, 0.283893063488, 0.523125509909, -0.803582248053, 0.891345183628, 0.164921954435, 0.422261189986, -0.353423955224, 0.836146189268, 0.41946520481,  
82, 3326915.398453381, 92.60854251686077, 106.48139017270685, 94.5322315852123, 78.904091757898, -0.181380279982, 0.721817937489, 0.667892251155, 0.966889219361, 0.00691799396646, 0.255102682938, 0.179517217882, 0.692048413392, -0.699172769782,  
83, 3168274.6163330865, 91.11252229772109, 97.64661380813119, 92.02268853488894, 84.1748020381502, -0.763265708239, -0.559128968259, 0.323728675714, -0.600439611871, 0.798863077239, -0.0359173540212, 0.238532452975, 0.221794005052, 0.945467973123,  
84, 3630449.968309335, 95.3433957261268, 97.4984996264051, 96.52531329640698, 92.09428793905981, 0.670343457341, -0.67946269219, -0.298278559608, -0.095594190059, -0.4776884336, 0.873312951485, 0.735867787057, 0.556905925921, 0.385168001846,  
85, 3780034.5996298734, 96.63528279570755, 106.80078740289272, 92.92548575105282, 90.92804867733001, -0.296999508829, 0.878002040165, 0.37537142835, 0.895200649883, 0.119228244033, 0.429418702753, -0.332275620839, -0.463569890406, 0.821398726871,  
86, 3701588.224839268, 95.96211956402419, 100.46474054506, 94.62259780801124, 92.95889689465545, -0.557100730789, -0.411932446191, -0.721075887497, -0.120925627595, -0.818805828562, 0.561189814326, -0.821593432511, 0.399835809911, 0.406344135884,  
87, 3490634.8246181407, 94.10339009930132, 100.0028772820681, 94.70429413358151, 87.99006543743471, -0.342833909186, -0.799855955016, -0.492641210149, 0.521878685005, -0.598219137936, 0.608092510351, -0.781093815652, -0.0486242144611, 0.622517579606,  
88, 3437438.8414083184, 93.62290736092417, 96.96137748594052, 93.61854738019021, 90.40359391620538, -0.908010987086, -0.164919877844, -0.385120086756, 0.214000868441, -0.972866363837, -0.0879469523191, -0.36016617781, -0.162272832006, 0.918666344412,  
89, 3648108.984971694, 95.49773362838094, 99.55945502619772, 95.27767680649866, 91.81328473885438, 0.595439778982, 0.1543334835, -0.788436836707, 0.540841147635, -0.802699135044, 0.251326384655, -0.594089490422, -0.576068810534, -0.561428893895,  
90, 2678592.219615626, 86.15344825325808, 97.28736972813614, 89.52991525854164, 73.4164462305394, 0.789890359293, 0.611560892837, 0.0454587136707, -0.283007783215, 0.297761382697, 0.911726249274, -0.544040269591, 0.733028944399, -0.408275338145,  
91, 3920194.0437135478, 97.81519349938421, 103.020874249139, 97.96203262618144, 92.73334730228532, -0.710275074215, 0.696334015108, -0.103093444761, 0.683136470436, 0.717196200613, 0.137674153662, -0.169805423087, -0.0273596277309, 0.985097745942,  
92, 3643773.8321478944, 95.45989106684682, 102.75970928630203, 92.84287781730352, 91.17826894758426, -0.564552371345, -0.428285566304, -0.705586347448, 0.287228272022, -0.903354571022, 0.318512854945, -0.773809110673, -0.0228471597772, 0.633006688377,  
93, 3439358.6750515266, 93.64033379999744, 95.71348664032385, 95.5428505033935, 89.7878408889261, -0.256449135428, 0.430459593535, 0.865412259719, 0.692519087788, -0.542777162243, 0.47519497598, 0.674278246711, 0.72117784941, -0.158906751057,  
94, 3686766.6154329027, 95.83386689938301, 100.6429490137552, 95.43068980980142, 91.6401138214344, 0.584440396302, 0.155700807224, -0.796358387788, -0.699208850809, 0.594635426013, -0.39688246759, -0.411747988605, -0.788774979801, -0.456396346524,  
95, 3152705.5596813285, 90.96303336521883, 97.97079364875172, 93.8234981029551, 81.88164442635758, 0.667093306692, 0.0729935501558, 0.741389547945, -0.490182061814, -0.706399689688, 0.510608484737, -0.560988472647, 0.704039359727, 0.435454375926,  
96, 3582365.702098131, 94.92059159946784, 100.07351762486665, 97.10753782080114, 88.00537556730686, -0.788528839395, -0.292320044531, 0.541083414095, 0.597881390215, -0.570496884213, 0.563090710577, -0.14408370025, -0.767516968326, -0.624625960598,  
97, 3517329.041654463, 94.34266271142181, 103.13121103629037, 96.76108876501986, 84.14600941959685, 0.827907009292, -0.0459827845517, -0.558977251316, 0.511632833662, 0.470238784614, 0.719101751468, -0.229786482377, 0.881340495478, -0.412840288183,  
98, 3595431.347059615, 95.03585007616212, 99.7085863246657, 97.60711353460418, 88.19589312344004, 0.364887525815, -0.447031019536, 0.816713144915, -0.0494686329801, 0.866646756142, 0.496463749351, 0.929736493774, 0.221555111973, -0.294114577168,  
99, 3303531.1206075163, 92.39105601000749, 98.29458355735662, 94.49963040589144, 84.90438021882122, 0.442176869409, 0.896642268339, 0.0226331347379, 0.508517398105, -0.229827852694, -0.829812758368, -0.738843469203, 0.378433350479, -0.557582753733,  
100, 2915491.1870710454, 88.6218968203235, 102.62885610590257, 87.78138190705937, 77.2593805738226, 0.721210448779, -0.426592952193, -0.545778289885, -0.543771690172, -0.836748049574, -0.0645372024606, 0.429147803837, -0.3433236879, 0.835440606978,  
101, 3166468.6801173226, 91.09520743951506, 102.20600307910449, 91.82374904879539, 80.54807431131067, -0.0615633972384, -0.519860851752, -0.852029719515, 0.0727703167393, -0.85371489359, 0.515631032293, 0.995446848969, 0.0302584744909, -0.0903880279648,  
102, 3504360.28520292, 94.22656952239771, 98.74545720105431, 97.3981692508448, 86.98657310311269, 0.898830039839, -0.338797788495, -0.2780658519, -0.136850165003, -0.819638673402, 0.556295314921, 0.416385148415, 0.461961582358, 0.783080394726,  
103, 3602858.6368859224, 95.1012454114221, 98.87558794796102, 96.62173885155347, 90.03154128038523, -0.621166537006, 0.749764871169, -0.228045546468, -0.575709211038, -0.239144740547, 0.781900695354, -0.531705781076, -0.616978468854, -0.580195252773,  
104, 3212121.8857603744, 91.53091468938032, 114.02834411417277, 95.29430205303419, 70.57057498200264, 0.617473957175, 0.436098896357, -0.654632465439, -0.349630025305, 0.897672553223, 0.268221610978, 0.7046167452, 0.0632593059263, 0.706762691855,  
105, 3403713.2762296023, 93.31571465555102, 103.10867249379466, 94.05979128524066, 83.78478376804269, 0.146580087241, -0.778407491003, -0.610406467835, 0.976821603942, 0.211211606643, -0.0347737155345, 0.155993051439, -0.59116109071, 0.79132466961,  
106, 3876263.342131014, 97.44843935884282, 115.31364340768211, 100.97837942518812, 79.4722619401262, -0.604618215002, -0.169123100107, -0.778353512935, -0.627663436304, 0.702785427917, 0.334860049925, -0.490382936913, -0.691006526249, 0.531069257128,  
107, 3523588.8759588087, 94.39859714609048, 96.4276754205645, 95.31521218235035, 91.5235178538984, -0.232898954225, -0.583891443894, 0.777707437837, 0.809702065972, -0.559360109974, -0.177479102237, 0.538647047222, 0.588376621831, 0.603052493073,  
108, 1772515.9077090542, 75.07589370234496, 92.12458206677863, 85.0145270283627, 54.02973762592537, 0.340374732246, 0.718081195138, 0.607045664541, 0.739848052537, 0.19391478032, -0.644221947105, -0.580318792395, 0.668398425464, -0.465267282356,  
109, 2353409.1288522542, 82.51564044877695, 98.552983843241, 92.12106022939118, 61.884248164596045, -0.0804153217669, -0.950813401216, 0.299144199497, 0.906497877457, -0.194558692735, -0.37471123982, 0.4144815728, 0.241041056978, 0.877555829939,  
110, 3310654.2032416216, 92.45741295381953, 99.40055877902802, 93.19935191282131, 85.3146264848553, -0.643025356974, -0.0257101443295, -0.765413207861, 0.754673658385, -0.191354985792, -0.627575444669, 0.130330578255, 0.981184110089, -0.142448876727,  
111, 3333695.915739259, 92.67141434031628, 103.86096138622752, 90.33117588183565, 84.8295907253956, 0.137912743271, -0.923712832083, -0.357399886805, 0.873582216629, 0.283487305387, -0.395586979656, 0.46672710017, -0.257661699771, 0.846035615349,  
112, 3226133.171492657, 91.66380769528044, 111.88428632150372, 84.9098066777013, 81.07122462076438, 0.739337310062, -0.574056692398, -0.351908021879, -0.566043057942, -0.246845103428, -0.786551175366, -0.364658194074, -0.78072172304, 0.507442600367,  
113, 3358742.956796034, 92.90292472932836, 106.48382002076276, 89.31580171054524, 84.3094460604626, 0.0157108028852, 0.984449573436, 0.174963447712, -0.382436604225, -0.155763152225, 0.910757972327, 0.9238481555, -0.0812211657858, 0.374042387714,  
114, 2805328.3619988733, 87.49133252755739, 102.02693120859406, 86.98559745979468, 75.46280051966916, 0.64950710112, -0.336747730898, -0.681719510744, -0.61901175653, 0.286473374161, -0.731271120156, -0.441548378858, -0.896958177192, 0.0223843136113,  
115, 3563937.601348755, 94.75755090283224, 103.9450527168742, 95.73020971966326, 85.50443629791617, -0.709177484564, 0.65292736661, 0.265994641522, 0.688098964848, 0.723181778382, 0.0593963802902, 0.153580955727, -0.225153213053, 0.962142879561,  
116, 3612372.900497218, 95.18488483117171, 98.01482534923296, 94.21804553322308, 93.38521112083988, 0.636226133225, 0.059091818436, 0.769236286453, -0.425792007271, -0.804566502031, 0.413973320825, 0.643364184538, -0.590915307641, -0.486725410524,  
117, 2958771.4714863957, 89.05827340301435, 96.0072455136082, 86.6469488012164, 84.91130771464162, 0.34044391011, -0.838192574978, 0.426064726679, -0.772997419705, -0.507481992744, -0.380705944489, -0.535325072454, 0.199737914006, 0.820689851595,  
118, 3687985.1681530583, 95.84442409559473, 102.40701510402839, 93.40700574418317, 92.043134108134, -0.21005270258, 0.798331298902, -0.564397908689, 0.912282024237, -0.0475559392959, -0.40679225766, 0.351595464126, 0.600337879724, 0.718314039801,  
119, 3687254.9333622577, 95.83809782712635, 106.6140227753438, 91.41776792953651, 90.31702262035695, -0.530006611558, 0.107350092105, 0.841171177247, 0.267362211135, -0.920206798431, 0.285896652969, 0.804742467975, 0.376424502187, 0.459014329178,  
120, 3928207.016386486, 97.88179369318414, 103.84707662901671, 99.53101163284714, 90.73044984375508, -0.588669039801, 0.490344970336, -0.642674545666, 0.790686607235, 0.51466175489, -0.331568947871, -0.168176843587, 0.70333853024, 0.690674642043,  
121, 2833360.110129645, 87.78178114157781, 99.54151956453161, 92.25719044131215, 73.65609242850515, -0.80886237412, 0.473276997209, -0.348927705471, 0.568440280541, 0.781171198569, -0.258161201549, -0.150390515632, 0.407161445177, 0.900889699336,  
122, 1902592.7073778447, 76.86920794548568, 88.65719008519322, 86.14282593813115, 59.473588150959834, -0.323104881045, -0.83822539593, 0.439296507456, 0.920197590573, -0.386671917525, -0.0610018237501, 0.220996900765, 0.384529600702, 0.896268573607,  
123, 3171790.195803338, 91.14620991946296, 103.33926555005752, 96.29419083966984, 76.09399478266545, -0.594188108578, -0.561943896417, 0.575464637405, 0.0791154660635, 0.671159067419, 0.737079540654, 0.800425658418, -0.483492051124, 0.354336283558,  
124, 3334395.704547276, 92.67789822317786, 99.08948886190257, 91.5597482085658, 87.73974152156458, 0.16421869651, -0.545379223741, 0.821945084558, -0.698191494025, -0.652887369099, -0.293711969354, 0.696821969651, -0.525642069837, -0.487995447755,  
125, 3301731.363515523, 92.3742748085231, 101.00150425883093, 92.46365483023304, 84.40228960286292, 0.749586616802, 0.604489118787, -0.269653127516, -0.463789799893, 0.770324249115, 0.437606641564, -0.47224879611, 0.202961711889, -0.857780635174,  
126, 3269780.436827722, 92.07533916267937, 99.60826864187662, 90.52469821826548, 86.57001738235434, -0.839075658377, 0.471115435814, -0.272033611262, 0.110256403328, 0.636939467667, 0.762988623804, 0.532724661569, 0.61021173429, -0.586383896684,  
127, 3392197.7351216953, 93.21035961192277, 97.86583496340606, 93.69918866018382, 88.31319855446806, -0.538401556483, -0.478271248252, 0.693815809183, -0.841353727264, 0.351408856942, -0.410652798458, 0.0474095939168, 0.804840622955, 0.5915943729,  
128, 3701900.1393767823, 95.96481490609756, 100.24775779957375, 94.77985231421856, 93.01337318316386, -0.528363150225, -0.470568642044, -0.706680645419, -0.8474582167, 0.342745677162, 0.405388667495, -0.0514485415887, -0.813074752967, 0.579881447933,  
129, 3646137.2071636072, 95.48052523832963, 103.19232731900505, 95.80673003626232, 88.04424493231454, -0.561268595723, 0.780518855331, 0.275259659099, 0.819196406291, 0.476552215438, 0.319084994761, -0.1178762545, -0.404584110456, 0.906872034077,  
130, 3170410.714726869, 91.13299417518351, 115.29235278846281, 93.28566916708789, 70.37387812873877, 0.501273119116, -0.0119454440997, -0.865206661103, 0.275951140027, 0.949900907587, 0.146762509123, 0.820107449283, -0.312322865208, 0.479456149714,  
131, 3550746.806333961, 94.64050127777189, 105.58791475802175, 93.62627874651665, 85.74703669412969, 0.45614418812, -0.451367571542, -0.766941845908, -0.811640432464, 0.14239951346, -0.566535247762, -0.364927784685, -0.880902772119, 0.301393460511,  
132, 2848666.2239444973, 87.93956620902541, 115.2578110364718, 82.02197997669177, 71.93700307033484, -0.767355103907, -0.590501768285, 0.24994760683, 0.050142334112, 0.333345782019, 0.941470305395, -0.639258860586, 0.734975000434, -0.226185450239,  
133, 3759866.004960371, 96.46310849058764, 105.6999530683341, 95.1912267942948, 89.20969201451837, -0.908152251875, -0.281605336225, 0.309770757211, -0.182171324651, 0.932041953938, 0.313227400739, -0.376925849324, 0.228026820151, -0.89773641644,  
134, 3380631.161285166, 93.10429737745866, 98.54319463767567, 96.98914878998399, 84.44217203223461, -0.303404129181, -0.111914909611, 0.946266869019, -0.87887512184, -0.350805845009, -0.323285909559, 0.368136461937, -0.929736689668, 0.00807671209615,  
135, 3192206.795102134, 91.3413591284439, 98.7378647039447, 92.83946596839179, 83.13541016573488, -0.859505682495, -0.486411409567, -0.157015675659, -0.501489019236, 0.743151045839, 0.442984521913, 0.0987863621409, -0.459489351032, 0.882672527579,  
136, 3374210.5254143733, 93.04531749951796, 100.72924199811615, 90.38963809139607, 88.47271465045425, 0.0289491745818, 0.725892784114, 0.68719837839, -0.778207553356, -0.415101368897, 0.471257739926, 0.627339580443, -0.548425491303, 0.552878405527,  
137, 3890352.8491473966, 97.56636566786136, 102.42754717129466, 96.53397115302799, 93.92980885765374, -0.636566342378, -0.125273667301, 0.760979500402, -0.743025316619, -0.164749003117, -0.648668748157, -0.206631727029, 0.978347726656, -0.0117921640149,  
138, 2339692.9573550075, 82.35502173935701, 94.27611256013427, 90.09347253226571, 65.76203829610063, 0.0594693960984, 0.655747912326, -0.752634085335, 0.0643197960516, -0.75491892852, -0.652656399033, 0.9961557884, 0.00959618896, 0.0870721447644,  
139, 3442840.4315125267, 93.67192136350727, 101.57362351663309, 92.72534651399049, 87.26676454577498, -0.992529598673, -0.120988388127, -0.0157100507919, 0.00986571354798, -0.207936457597, 0.978092581149, -0.121604537142, 0.970630846172, 0.207576725588,  
140, 3725055.429452746, 96.16448498818009, 104.27389579160634, 95.77101050908911, 89.05011011086208, 0.811286792734, -0.450724331305, 0.372372551492, 0.184011875566, 0.801400638832, 0.569119184117, -0.554935464343, -0.393197905957, 0.73310438354,  
141, 3236583.248837198, 91.76267336694939, 105.54854168100903, 86.91883198439764, 84.22326124520205, -0.929907865206, 0.276124625632, 0.242953809083, 0.354836504148, 0.499761528371, 0.790145220883, -0.0967595863604, -0.820971135838, 0.562711272828,  
142, 3569269.3732340033, 94.80478086461201, 101.55554721947058, 98.02427023952889, 85.59599559350063, -0.47587489135, 0.0916310434903, -0.87472672284, -0.394356973412, 0.866748209389, 0.305336075567, -0.786146083946, -0.490256354767, 0.37632836899,  
143, 3442135.440263447, 93.66552718654754, 104.69328649166448, 95.68965114030232, 82.0267568814879, 0.611164416512, -0.739326111462, -0.28262157897, -0.724646896515, -0.666283873096, 0.175933725658, 0.318378597523, -0.0972764173025, 0.942959366715,  
144, 3635683.2952686865, 95.38918652397055, 104.0172728300108, 98.9653406252114, 84.31577740087836, 0.900684587479, -0.138771687721, 0.411715548122, 0.107702185876, 0.989355567731, 0.0978560154396, 0.420912714272, 0.0437947404066, -0.906043325496,  
145, 3641817.9178225845, 95.44280760751755, 103.82131966005836, 93.89181536774224, 89.18983040043322, -0.438804335758, -0.168691825941, -0.882606267132, 0.879561342914, -0.281660439238, -0.383456961104, 0.183909213936, 0.944568930692, -0.271968630913,  
146, 3853762.9954176648, 97.25952203626922, 106.50719767739463, 98.66370000471218, 87.55078348120358, 0.62393989574, 0.774016003982, -0.10769508849, 0.583799572878, -0.370055596171, 0.722659611747, -0.519496934748, 0.51376850947, 0.682762662618,  
147, 3604475.672372733, 95.11547106786784, 98.82816157258067, 95.2697128391178, 91.39404868019629, 0.201595352595, 0.891350265701, 0.406022188614, -0.434791429438, -0.290013850713, 0.852554033057, 0.877676322285, -0.348405898672, 0.329086011662,  
148, 3636105.14538032, 95.39287573261561, 108.14303499131869, 94.83458158435387, 84.64134146853806, 0.436282105702, 0.430529055494, -0.790128253272, -0.774827057061, 0.626210773778, -0.0866204274452, -0.457494214051, -0.650003691666, -0.606790116045,  
149, 2775532.6542499107, 87.18047761660807, 100.32028033542825, 87.99046201209258, 75.06429269469712, -0.54670801665, 0.272332939233, -0.791798657955, 0.0726976296725, 0.957497860662, 0.279128825933, 0.834161494659, 0.0950400812044, -0.543269715513,  
150, 3218617.9814732242, 91.59257623525471, 99.58383540173024, 88.61318753115361, 87.07502666912121, -0.343218251309, -0.4835401117, 0.805226795596, 0.347618789779, 0.73103346382, 0.587155219484, -0.87256083396, 0.481434351861, -0.0828163986621,  
151, 3253823.244171305, 91.92531272535493, 95.39583045304303, 92.77540473696945, 87.76939349105344, 0.446567739893, 0.659715845261, -0.604443758508, 0.595268724239, -0.723406824026, -0.349768084444, -0.668006287119, -0.203611322044, -0.715758359997,  
152, 3322866.169508189, 92.57095560474109, 104.97483170524058, 89.59978103536768, 84.33971040670559, -0.903473921731, 0.428513885143, -0.0105224993123, -0.124437131406, -0.238712561954, 0.96308447869, 0.410183218915, 0.87143110055, 0.26899361315,  
153, 4069494.227250932, 99.04151519477402, 109.0087895004134, 99.8661379142127, 89.24256732618286, 0.462840847717, -0.794747698232, 0.392625070313, 0.132276563706, 0.499885505401, 0.85593071693, 0.876516548833, 0.344224603485, -0.336493925617,  
154, 3127835.0086571523, 90.72321016656788, 121.21610124706112, 94.14941952747306, 65.43005250188595, -0.966055347458, -0.227683571945, -0.122054318704, -0.112771067052, -0.0533960397787, 0.992185239445, -0.232421496604, 0.972270051993, 0.0259074104029,  
155, 2772518.3741031373, 87.14890631080206, 99.19360123892555, 92.33550200623179, 72.26590592012455, -0.585823534482, -0.262763603406, 0.766659034495, 0.769886196803, 0.115056638305, 0.627723835738, -0.253152188257, 0.957975604443, 0.134895184767,  
156, 2960982.607726837, 89.08045275958087, 121.64019726372678, 78.14114065165035, 74.3687333929117, -0.200579160838, 0.058259907564, 0.977943650426, 0.157435343738, -0.983339425643, 0.0908718136638, 0.966944730985, 0.17218988689, 0.188065228241,  
157, 3282929.422508282, 92.19859698479014, 101.22592969128115, 90.8368778337105, 85.23519599870737, 0.823720399953, 0.566993031339, 0.00189871376418, 0.473127156137, -0.689190972285, 0.548786386353, -0.312466633141, 0.451148208612, 0.835960463802,  
158, 3392960.810337249, 93.21734831444614, 100.02174947661553, 90.69833554769467, 89.28869395069646, 0.668605935396, -0.253042557196, 0.699239277645, -0.596861669628, 0.378243394863, 0.707593161054, 0.443533821125, 0.890450110051, -0.101864375655,  
159, 3682596.9975311994, 95.7977249006317, 107.27168338986795, 98.03869270421418, 83.59551505952702, 0.954659678038, -0.257932091217, 0.148647016277, 0.0748446745503, 0.691231518823, 0.718747008396, 0.288137421762, 0.67503335007, -0.679195702632,  
160, 3091572.7013913267, 90.37124904867139, 115.44763335349555, 89.19937139186663, 71.67109278122925, 0.749958011377, -0.645919601549, -0.142656403663, -0.292562273019, -0.517307771871, 0.804238761543, -0.593270846728, -0.561409420562, -0.576930814679,  
161, 3322547.3784241816, 92.56799513451539, 97.90039405938586, 96.48651834749509, 83.97142010019881, 0.539300907591, 0.186990645901, -0.821090146949, 0.290356215347, 0.873954743837, 0.389738853509, -0.790473148994, 0.448595144948, -0.417030690296,  
162, 3531668.6712186085, 94.4706958989933, 106.05520173343301, 91.07878041748214, 87.28551175627172, -0.79157550934, 0.597340955683, 0.128809920721, 0.596069677172, 0.708371894945, 0.378034652392, -0.134570252913, -0.376022660376, 0.916786674159,  
163, 3403839.9556812453, 93.31687231641062, 104.61016407652639, 98.28406718323045, 79.03573915090752, -0.0405071889315, -0.726709333653, 0.68574974446, 0.903002819742, -0.320416824434, -0.286214895064, 0.42772079115, 0.607640192055, 0.669199762266,  
164, 3247413.236276907, 91.86490897934337, 108.09923043289045, 91.97811909399364, 77.97256494710066, 0.748739600972, 0.231844117776, 0.620997032995, -0.202822201439, -0.811777022194, 0.547614116729, 0.631072234011, -0.535972360566, -0.560786469318,  
165, 3401267.5632145163, 93.29335886116706, 103.81650465503662, 91.4982362151814, 85.48168276152019, -0.0897100205608, 0.19938795819, 0.975805592492, -0.613122542507, -0.783157707898, 0.103656897647, 0.784877608344, -0.588989343443, 0.192506345949,  
166, 3500458.2321314225, 94.19158323890886, 111.01608822327357, 92.90753360428553, 81.02134326562462, -0.181749888521, 0.813647120726, -0.55221856267, 0.917542835037, 0.342296440954, 0.202356844173, 0.353669512251, -0.469905851682, -0.808768425855,  
167, 3629549.860218687, 95.3355154857442, 110.31155258926283, 98.76319986918129, 79.5331178564361, -0.446423834764, -0.408155982001, 0.796313037763, -0.891694622973, 0.128583630209, -0.43398957292, -0.0747426191347, 0.903811343367, 0.421353291771,  
168, 3636991.1676692846, 95.40062334043103, 111.03448249653087, 98.74671047384517, 79.19050770582609, -0.569500328522, 0.818567323035, -0.0749460704318, 0.809096137491, 0.574317983686, 0.124588498315, -0.145026949602, -0.0103146146138, 0.989373939729,  
169, 3506004.0182415675, 94.24129965885157, 101.57697209237895, 93.60599356221815, 88.02881994413531, -0.312364566305, -0.655718483984, 0.687358456323, -0.925844409482, 0.372145114301, -0.0657277972601, 0.212698159719, 0.656918018982, 0.723338239822,  
170, 3222504.7518752273, 91.6294301595246, 97.59675819812303, 91.89981622897201, 85.77385353749648, -0.691678215398, 0.687552878402, -0.221025531885, 0.712945410347, 0.698898862983, -0.0570019401928, -0.115282644871, 0.197006138794, 0.973600787319,  
171, 3212757.68129069, 91.53695338792147, 107.66253349230385, 94.26701892320132, 75.57270941082518, 0.883493875794, -0.30411739827, 0.356302090231, 0.0815273873816, 0.848825966416, 0.52234831659, 0.461293677109, 0.432443160203, -0.774726439882,  
