# Void_ID, Void_Volume, r = (a*b*c)**(1/3.0), a, b, c, vector_a, vector_b, vector_c 

0, 1077350.4369580552, 63.594974025830595, 119.21169813846946, 89.94997864301736, 23.98548164610416, 0.709871137792, -0.354584776966, -0.608566022444, -0.641860946711, 0.0300736357116, -0.766231101902, -0.289995677238, -0.934540107421, 0.206245714632,  
2, 891411.9263594282, 59.70306267394815, 118.61529442216724, 63.42049788605508, 28.289123566044427, 0.835152222072, 0.507365655224, 0.212369625579, -0.304139336293, 0.104282386874, 0.946902554599, 0.458279423592, -0.855397729531, 0.241401520758,  
8, 1193262.5129587902, 65.79847012326326, 114.86428104650624, 68.51517204833745, 36.197254950393784, -0.229011779801, 0.86793143388, -0.44073646411, -0.120544734272, 0.423997888213, 0.897605012146, 0.965930935291, 0.25869058134, 0.00752405305181,  
27, 1917629.5505330795, 77.07118469004608, 113.70152647299419, 75.46680635276108, 53.35238487118782, -0.721966559854, -0.163571157215, -0.672315969601, -0.685895158596, 0.0411554424738, 0.726535657053, 0.0911708169709, -0.98567271753, 0.141905518042,  
28, 682129.0389997284, 54.608382091301024, 109.22220774052336, 55.58491179086351, 26.8231672410599, -0.349444104864, -0.839573821209, -0.415938236179, -0.936703896366, 0.323361750622, 0.134249725389, -0.0217859612606, -0.436523741594, 0.899428927107,  
33, 2554136.056453596, 84.79790827463407, 104.8599452579756, 80.79444839084863, 71.97211609412707, 0.282191467478, 0.378198471814, -0.881665407964, 0.848895681685, -0.526570137748, 0.0458258840439, 0.446927396005, 0.761373630979, 0.469644649444,  
36, 519281.2989320905, 49.86219097176942, 109.86643728062512, 52.77219915436035, 21.381779121581165, -0.969206028736, -0.100730248286, -0.224706677564, -0.232640424834, 0.0753740406906, 0.969637657439, 0.0807347917232, -0.992054520211, 0.0964869024025,  
42, 944366.6329203193, 60.862624346879635, 90.05808963338637, 76.86914776257225, 32.56696055996308, 0.435922027321, -0.892213096257, -0.118016003, -0.394092185682, -0.30712744158, 0.866235582168, -0.809112683921, -0.331101986548, -0.485497826177,  
46, 1693507.2391828143, 73.94341135213828, 128.3048895029183, 70.66474349189441, 44.5915382595526, -0.665311729861, 0.638027080018, -0.387661898144, 0.0503099820792, 0.556396098564, 0.82939272194, 0.744868584256, 0.53230144342, -0.402275981785,  
58, 996416.6266409162, 61.96086215867969, 129.16060792098415, 92.50317594475065, 19.909741997796626, 0.612056569529, 0.638144709857, 0.467073960928, 0.238288400028, -0.711995082282, 0.660516193002, 0.754059277582, -0.292974968363, -0.587843749482,  
62, 1828261.269175035, 75.85482601731178, 91.10778919044344, 81.82253445773321, 58.549233497201044, -0.114484402472, -0.393443104036, 0.912192877344, 0.885905895354, -0.45592431711, -0.0854620479824, 0.449515368111, 0.798332976242, 0.400749788369,  
63, 1590978.152813722, 72.42000251489455, 96.67446547597943, 76.98961916182121, 51.03071529432659, -0.973347507102, 0.22904077246, 0.0116170120162, -0.178086040467, -0.786781545069, 0.590982370744, 0.144499109369, 0.573162389633, 0.8066008198,  
65, 1656246.1077527895, 73.39707515428304, 127.77356156863408, 94.1402310487314, 32.87153622729253, -0.183625609825, -0.208763214369, 0.960572514568, 0.0711687451515, 0.971800529715, 0.224808229741, 0.980416567144, -0.109643288769, 0.163590048896,  
67, 961365.0211991315, 61.22562620785244, 100.56450367216607, 56.18229578169394, 40.62145833873564, 0.0415322069767, 0.0568472548372, 0.997518654162, -0.778736195936, -0.62365916327, 0.0679645879032, 0.62597524945, -0.779626601449, 0.0183670735295,  
81, 550161.5274328081, 50.83161044961512, 110.3392340938868, 59.34597932767664, 20.05766353434673, 0.0964315215597, -0.166129671306, 0.981377549143, 0.739904123901, -0.647534772075, -0.182320065785, 0.665764860205, 0.74370669707, 0.0604772655674,  
88, 679850.1315824067, 54.54750099430747, 112.24774883220714, 58.81471379049485, 24.58447559174134, 0.24047688853, -0.967474840739, 0.0785066788272, -0.859269871822, -0.24980311826, -0.446378415122, -0.451471099254, -0.0398852685224, 0.891393859017,  
94, 2657149.987680521, 85.92294488908186, 145.77252091829158, 91.93939682478641, 47.33148667623291, -0.421809501101, 0.544920271247, 0.724664503591, 0.875192631718, 0.453519164502, 0.168399004797, 0.236885208841, -0.70525333421, 0.668208898787,  
100, 1244769.0273626435, 66.73188429121295, 110.822229658774, 66.02769965952066, 40.61132073215204, 0.887298178472, -0.448836152626, 0.10605682711, 0.176260054355, 0.542523229756, 0.821340939205, -0.426185799528, -0.71008073715, 0.5604917582,  
116, 2311318.400344955, 82.02074741276685, 111.35155204586613, 79.45737745409419, 62.364962556254746, 0.187439477184, -0.82610734879, -0.531425526926, -0.85757807119, -0.40144048972, 0.321567077028, 0.47898464924, -0.395464513564, 0.783697342284,  
136, 3007373.611530671, 89.54326483057449, 123.56584737534591, 88.99311617749075, 65.28958518072463, 0.0942987413407, -0.604736178444, 0.790823559248, -0.685053345038, -0.615804063884, -0.389213655152, 0.722363940015, -0.505053966804, -0.472346090045,  
149, 1106393.5614639216, 64.16137712327415, 144.824896716831, 74.68779720759663, 24.419015593109126, 0.342891991422, 0.86818981533, -0.358708135922, 0.847631136983, -0.450551425842, -0.280222890372, 0.404903121544, 0.207966000175, 0.89039519593,  
151, 1625933.5965658778, 72.94654581485403, 143.79395003546716, 108.00064691221442, 24.994659500654183, 0.797700056183, 0.509646594645, 0.322389467775, 0.513756402475, -0.8542675131, 0.0792551258742, -0.315798953896, -0.102407834797, 0.943283444194,  
160, 2157801.2031209664, 80.16305761072451, 133.7198327218554, 78.94555160847472, 48.79769782718388, -0.973033718365, 0.0433118348385, 0.226560075669, -0.00739459789646, -0.987565209095, 0.157035912159, 0.230544361991, 0.151125916866, 0.961254521136,  
161, 2065651.2469516587, 79.00528245318438, 129.11228253693733, 78.96203802562854, 48.37071223676202, -0.13561872836, 0.990122972852, 0.0355536095113, 0.528288050058, 0.0419091539121, 0.84803028188, 0.83816424207, 0.133791335481, -0.528753800805,  
162, 702828.1963737864, 55.155249778786555, 147.6499234451464, 68.3990930707509, 16.614106791543705, -0.844825803728, -0.407790924456, -0.346375408028, 0.0967525787051, -0.753145171545, 0.650700614025, -0.526220771036, 0.516215955303, 0.675731298388,  
177, 1031062.8196419338, 62.670838549417915, 111.35062035100013, 69.49246977443784, 31.810180199960932, 0.661333504263, -0.0797950373307, -0.745835603975, 0.661416070866, 0.531020365589, 0.529666076439, -0.35378917075, 0.843593577113, -0.403959279276,  
186, 3460333.765106047, 93.83030479405093, 115.02237382580714, 92.13813423841397, 77.94847826978273, -0.794880756675, -0.0473377621606, 0.604916290855, -0.0950412453474, 0.99435970419, -0.0470737757745, -0.599276016832, -0.094910036121, -0.794896433942,  
208, 1360186.085759387, 68.73372898807642, 114.8152473414362, 83.54189271829598, 33.853676701774965, -0.0965221105316, 0.742473791792, 0.662884718998, 0.98007143759, -0.0452740375388, 0.19341726589, 0.173618718455, 0.668343422222, -0.723307410839,  
212, 2030573.1613325572, 78.55551451468136, 115.67421531490301, 90.56036416806292, 46.275946468286165, -0.986285689257, 0.164872863273, -0.00758143282515, 0.0242922949933, 0.190446971117, 0.981396879757, 0.163249574491, 0.967753527583, -0.191840262406,  
214, 2071812.6957908464, 79.0837571084174, 126.83866704682316, 82.09256122091608, 47.501399581397585, 0.657288229887, 0.0522678355828, 0.751824617989, -0.591078056041, 0.654642658203, 0.471242741829, 0.467545628274, 0.754129341309, -0.461183284669,  
219, 793952.438858304, 57.44275920110747, 105.99400840921352, 62.42533201166778, 28.64598107360221, 0.746144942552, 0.614298840006, 0.256719029039, 0.276280514565, -0.636507357752, 0.720088509004, 0.605753086641, -0.466363933742, -0.644645545497,  
228, 807310.3887914056, 57.76312012176595, 113.3140311346367, 71.35084836340974, 23.837960776127805, 0.372573552548, -0.147026060308, -0.916281771909, 0.841524885151, 0.469736302983, 0.266802686141, -0.391183864205, 0.870477537476, -0.298737411678,  
231, 1924805.382360195, 77.16719931514416, 119.09903483661559, 95.61937990983175, 40.35004748176351, -0.797295823589, 0.603311621122, 0.0182881793921, 0.593684335031, 0.77838641851, 0.204091875922, -0.108895730062, -0.173579005922, 0.97878089922,  
232, 1530368.7928567124, 71.48844172010044, 106.66365852156159, 93.89701935864296, 36.47868796712682, 0.11064929675, -0.000221469823799, 0.993859489103, 0.64016322538, -0.76490988217, -0.0714417037107, 0.760228766885, 0.644137270393, -0.0844949637028,  
236, 354262.5633678529, 43.89471333999124, 109.49397902904516, 60.201821622440065, 12.830299091503578, 0.930307328832, 0.316723225677, -0.184972085026, -0.223041919086, 0.888867440803, 0.400208664336, 0.29117104295, -0.331060524672, 0.897562450613,  
246, 1823984.766394984, 75.795635601528, 126.55464500686402, 82.9360344501846, 41.486924565816466, 0.290666051929, -0.923927691127, 0.248738553154, -0.913388937198, -0.345368023635, -0.215503080385, -0.285015605996, 0.164555613151, 0.944292091738,  
251, 1912327.5815698516, 77.00008889216235, 97.21692599425508, 81.17753068474872, 57.84901366768834, -0.0547801486858, -0.783843556286, 0.618537318663, 0.786278015396, -0.415681867636, -0.457138346044, 0.615439694702, 0.4613001888, 0.639090070333,  
267, 648360.2100723131, 53.69195880848655, 113.64955377387133, 51.98712605249607, 26.197762499625874, -0.248133400727, -0.393503386029, -0.885203310335, 0.223908057654, -0.912334095539, 0.342799766388, -0.942494030305, -0.113144082044, 0.314489140571,  
271, 904158.5265196621, 59.98628837152175, 126.9354061084885, 48.16639244558889, 35.30441960738227, -0.445110564809, -0.611092296957, -0.654555413769, -0.88066081029, 0.16631663509, 0.44359363624, 0.162213200187, -0.773889515042, 0.612194328782,  
277, 1514308.5466119938, 71.23748656176146, 101.77235959832139, 60.39971653285268, 58.811332578733065, -0.48475822007, -0.518343052029, -0.704506883208, -0.131120870596, -0.75330481362, 0.644468133479, -0.864764005592, 0.404786781145, 0.297205108371,  
292, 1081733.66970172, 63.681103347885504, 112.088553023062, 64.64350854891428, 35.64064505293163, 0.436775318627, -0.646565553923, 0.625444086645, 0.629818605086, 0.71622537791, 0.300582322709, -0.642305103301, 0.262629382435, 0.720048582914,  
294, 1665288.9317556904, 73.53041132802122, 126.77734437228258, 67.52044339631, 46.44340476871433, -0.0334439148491, -0.999372151924, -0.0116964318847, -0.83246390522, 0.0343307051006, -0.553014691661, 0.553069029204, -0.00875811889438, -0.833089397537,  
305, 205753.81304662823, 36.62293062974771, 106.72471488558017, 42.027671856008226, 10.951130317630685, 0.389473463579, -0.0971938738955, 0.915895066066, 0.768501418695, 0.582395360985, -0.264992854557, 0.507657355537, -0.807074342536, -0.301521168392,  
321, 1631835.255892806, 73.03469739366864, 110.52362061701488, 71.19996888926488, 49.50542522837135, 0.684864241263, 0.564203767276, -0.461123714453, 0.666055356346, -0.741365987986, 0.0821385058366, 0.295518583718, 0.363387645428, 0.883525996125,  
342, 947329.9153100622, 60.92621717348353, 107.83168481770932, 81.81640864604199, 25.634558355386734, -0.543875057552, -0.836151373184, 0.0710690009424, 0.549409220782, -0.290784718252, 0.783322255365, -0.634310200054, 0.465075401148, 0.617539829772,  
345, 265021.58235385205, 39.847175671391994, 93.74809858395453, 49.24265863858764, 13.705303983505331, 0.413045499717, -0.833845705924, -0.366189505415, -0.858917250406, -0.490342805123, 0.147733173052, 0.302745061264, -0.25350596083, 0.918738349969,  
348, 941306.8572677753, 60.7968209966692, 95.5818372853438, 88.52606933832878, 26.55804224440998, -0.364058994433, 0.245982859836, 0.898305895138, -0.918381554287, 0.0657403582636, -0.390196778613, -0.155036670879, -0.967042211055, 0.201972752421,  
357, 2643878.9993332094, 85.77966028593784, 125.70125212742485, 87.86950653067436, 57.14459705126857, 0.325887271158, 0.691106056893, 0.645112319385, 0.396213749769, -0.71938700786, 0.570523441601, 0.858377627266, 0.0696760435704, -0.508264791188,  
367, 1332924.2078720902, 68.27142200249452, 104.75969905747114, 61.20936689350247, 49.62547954622159, -0.603737989281, 0.326740697704, 0.727145760328, -0.023705091948, -0.919099236312, 0.393312423432, 0.796830288653, 0.220220594574, 0.562640543163,  
388, 24865.329625691993, 18.106528969769638, 99.35873478152044, 22.937745277510757, 2.604646761696637, 0.853904683946, 0.42529361557, -0.299953548556, -0.345815411815, 0.894395777112, 0.283668635623, 0.388919646826, -0.138497416727, 0.910801830187,  
398, 1958963.3157327417, 77.62099961260272, 140.88248746533353, 72.47489592179852, 45.802911227808565, 0.688636275009, -0.0859976822038, 0.719989221723, 0.25896450073, 0.956626951648, -0.133425120361, -0.677286843297, 0.278333027212, 0.681038367392,  
407, 2331110.5841558347, 82.25420117149359, 117.81067341921421, 105.33618511818574, 44.84479496125764, 0.961749172879, -0.273194731771, 0.0200790188617, 0.0865677873445, 0.372657092225, 0.923922458764, 0.259893337083, 0.886843464286, -0.382052513658,  
409, 1109750.6184994902, 64.22620514503559, 137.4558086762209, 96.64655744234285, 19.942853557873946, 0.319735283369, -0.797663886105, -0.511372343183, -0.848359103742, -0.481358460072, 0.220410671285, -0.421967036234, 0.3633543143, -0.830612703136,  
425, 651380.4407424444, 53.77520006341014, 84.0001641292004, 70.86789840769316, 26.122600929652542, 0.443422617657, 0.469087010558, 0.763762894278, 0.355460078935, 0.690210130609, -0.63028414853, -0.82281499405, 0.550969465696, 0.139313077048,  
428, 2567900.180395815, 84.9499595020546, 115.51942529686025, 82.39507672807197, 64.40702604773445, -0.992381747258, -0.0801383329655, 0.0935751852748, -0.0107517935014, 0.81296945752, 0.582207059452, -0.122730870795, 0.576765557856, -0.807637681529,  
429, 3247008.5532341558, 91.86109284297561, 109.4360903916424, 89.24072587958977, 79.3727010745752, 0.361444849571, -0.925853909127, 0.110236834469, -0.785469665507, -0.238649530453, 0.571037482292, 0.502389316453, 0.292986246383, 0.813488803945,  
430, 3446019.6377187343, 93.70074550262365, 109.20558638807385, 91.17686052773846, 82.62275067028112, 0.237906968912, -0.734901239455, 0.635075147041, -0.655499345095, 0.361012769738, 0.663317713216, -0.71674324742, -0.574099249549, -0.395839827386,  
431, 2971302.9513138854, 89.18382777167159, 111.54094225182116, 92.05033429888385, 69.08736771797732, 0.641563913271, -0.625531387447, -0.443966472278, 0.252173456363, -0.374616012685, 0.89222832893, -0.724433774126, -0.684378058063, -0.0825977030364,  
432, 2007873.1741579026, 78.26169014393582, 103.29808013865734, 79.84132260302077, 58.120279693087, 0.878649588199, -0.429448773494, -0.20868313804, 0.313985448195, 0.190429844224, 0.930134190722, -0.359705489921, -0.882785492276, 0.302161769831,  
433, 2727706.3939923723, 86.67682690588045, 117.73688745509335, 90.29007341271955, 61.25710324926479, 0.658445144948, -0.350236848388, 0.666171255104, -0.709962109574, -0.582823191053, 0.395311182412, -0.249807514026, 0.733247078414, 0.632411992243,  
434, 2959507.334806029, 89.06565589099817, 113.31433353189625, 91.11402417202872, 68.43223657706766, 0.38504633848, -0.765998592915, -0.514767396865, -0.720454506937, -0.598077566535, 0.35106769695, 0.57678819393, -0.235689159827, 0.782154715694,  
435, 4012182.1731921816, 98.57437032192038, 115.90957247586898, 97.17695313606822, 85.03729803277079, 0.638059006966, -0.470590778312, -0.609446489036, -0.62337899401, -0.78031192015, -0.0501192288427, 0.451972713178, -0.411895164623, 0.791241454869,  
436, 3278538.982423296, 92.15747791618232, 105.74908105108715, 89.4060449758554, 82.78435261883516, 0.271381997362, 0.567180410618, 0.777597706606, 0.771877798925, 0.354360987889, -0.527856944436, 0.574940409986, -0.743461278127, 0.34162677426,  
437, 3836186.4367486127, 97.11143359851124, 104.57064431507101, 97.4492652506894, 89.87165581335695, -0.891504099627, -0.439792130534, -0.108643095815, -0.452728991364, 0.873430235572, 0.179321175458, -0.0160281229667, -0.209051442258, 0.977773283417,  
438, 3325139.3017855254, 92.59205968089408, 95.81656117898585, 92.45260639703635, 89.61103543723405, 0.683272225, -0.657318792886, -0.317916767507, -0.664826699544, -0.740091372981, 0.101342090035, 0.301901517248, -0.142115319928, 0.942686962743,  
439, 3145341.96766973, 90.89215912579431, 124.09430635632003, 83.58417777649393, 72.39412609780115, 0.867868786986, -0.478690180777, 0.132888973972, -0.202655423442, -0.0969007960522, 0.974443951735, -0.453579704049, -0.87262016167, -0.181106337611,  
440, 2982007.46548579, 89.29079828389273, 123.11647632404058, 83.68037966501636, 69.1003580814287, -0.883209509882, -0.384680837194, 0.268256621818, -0.412671008259, 0.36571947543, -0.834237318893, -0.222808439239, 0.847508064143, 0.481753547592,  
441, 3736481.924445135, 96.26271183806728, 124.53012408227998, 97.04246641474252, 73.81387916945377, 0.954048310619, 0.298053474406, 0.0309183990469, -0.244203269381, 0.713559743497, 0.656656116764, 0.173656512198, -0.634032032988, 0.753556100709,  
442, 3165723.6214487622, 91.08806208772533, 108.82982813075054, 97.69874291072257, 71.08000807554065, -0.638533512131, -0.149143331421, 0.755004119577, 0.762342443244, -0.256936177566, 0.593984679842, -0.105399018566, -0.954850808949, -0.277760651524,  
443, 3585871.359812127, 94.95154420138678, 100.27809551522112, 98.56768249077048, 86.60948843372346, 0.687860563471, -0.192863285965, 0.699751097283, -0.144145938254, 0.908554864948, 0.392109686013, 0.711385826192, 0.370583068025, -0.597158602037,  
444, 3333530.1469433988, 92.66987827906094, 101.97310470115349, 97.38137012528652, 80.14090730752791, -0.85630769174, -0.515142204499, 0.036954650722, -0.0150838211336, 0.0964674744149, 0.995221836939, 0.51624569287, -0.851658696617, 0.0903761532153,  
445, 2485759.355351049, 84.03434598450922, 102.53276052765757, 83.35294714891396, 69.43634672378612, -0.19184608046, -0.898393282436, -0.39507542506, 0.0390047369765, -0.409214262462, 0.911604255086, -0.980649637692, 0.159477890229, 0.113547746005,  
446, 1795633.0713820655, 75.40086510407896, 123.42628815273724, 87.13003309220488, 39.861481774629546, 0.0162969190796, -0.173528860357, 0.984693934708, 0.583766636269, -0.797894131383, -0.150271319566, 0.811757922541, 0.577280425554, 0.088297143013,  
447, 2627101.3717344347, 85.59782717377809, 110.67792994903675, 90.54442833687189, 62.5843092177702, -0.929106246525, -0.324254330555, 0.177822135252, -0.36238998537, 0.894151874537, -0.262994151581, 0.073723003009, 0.308790470026, 0.94826861408,  
448, 3019354.7506143427, 89.6620183680256, 108.45786579786657, 88.5048706263257, 75.0926286201434, -0.022992726185, -0.641082195005, 0.767127729775, -0.099580306342, -0.762045957166, -0.639820069829, 0.994763839879, -0.0911020220076, -0.0463176473355,  
449, 3188865.9798380896, 91.30948346563038, 97.79582701451649, 93.663430858237, 83.11076360490314, -0.0672401176329, -0.969584315059, 0.23534022727, 0.642955684946, -0.222475243774, -0.732879767154, 0.762946101488, 0.102034415266, 0.638359008964,  
450, 2264423.1992043126, 81.46223641503242, 93.25965978339842, 85.36110367357081, 67.9070927658741, -0.966735491123, -0.128206441218, 0.22132690445, -0.13905850614, 0.989696879001, -0.0341001402697, 0.214674688945, 0.0637432045525, 0.974603294577,  
451, 3367085.699799708, 92.9797812987995, 101.09962920925298, 97.5305348040214, 81.52210638687332, -0.74187410397, 0.546800083742, -0.388114006806, 0.648902505467, 0.731298458845, -0.210066900035, -0.168962576503, 0.40769134466, 0.897351333219,  
452, 2978512.418824463, 89.25590037125481, 108.36384065833613, 97.87506703287342, 67.04313967527303, 0.17916790976, 0.869534213822, 0.460227238552, 0.554549578583, -0.475660159787, 0.682804640644, 0.812633758224, 0.132882140953, -0.567422868423,  
453, 3562245.0666936864, 94.74254822396883, 101.18637714038361, 95.85232821864241, 87.68200485143669, -0.799309071579, 0.538999067086, -0.265678402908, 0.464235667675, 0.834599922035, 0.296526921201, -0.381562908247, -0.113679267323, 0.917325880607,  
454, 3383181.053344732, 93.12769993487807, 106.11449899001511, 96.56276043353371, 78.82286755648788, 0.885097564003, 0.0713156326486, -0.459909102688, 0.196352455966, -0.953157239913, 0.230080396899, 0.421957361864, 0.293947880654, 0.857640150779,  
455, 3941704.0474165115, 97.99377042962394, 109.04600033804701, 98.02284080816487, 88.03561012865133, 0.586018853519, -0.799138453914, 0.134013561985, -0.234251652392, -0.00875492849627, 0.972136571979, -0.775698437972, -0.601083257713, -0.19233005648,  
456, 82440.57526823346, 26.9991941222287, 117.37962417266604, 58.773508355360185, 2.8528443272736923, 0.279080385867, -0.9561211767, 0.0891427713858, -0.880590449343, -0.291842466739, -0.373347606304, -0.382981198951, -0.0256957209198, 0.923398684847,  
457, 3120408.659807453, 90.65135256889245, 98.82510707040429, 96.08932199937878, 78.44774109979737, -0.557481691652, -0.795514823829, -0.237424363833, -0.00279949225151, -0.284185246999, 0.95876530404, 0.830184513416, -0.535158771261, -0.156201034654,  
458, 3332106.625996774, 92.6566854285274, 100.32954208133513, 91.51577028194178, 86.63742010035571, -0.63723843407, -0.219459446806, -0.738758911521, -0.769545470827, 0.129509349087, 0.625321594724, 0.04155654549, -0.966987528206, 0.251412358129,  
459, 2981406.650862761, 89.28480111349876, 129.5226750143137, 88.83294353264795, 61.86040349352446, 0.509207727186, 0.71357606516, 0.481161812497, -0.241343259469, -0.418247966908, 0.875683772424, 0.826111930481, -0.56203010365, -0.0407583231843,  
460, 2942311.8174629314, 88.8928224127061, 92.6428601240307, 90.5359921023712, 83.7465388908304, -0.963493402557, 0.201683774354, 0.176079863676, 0.26101065432, 0.561141958773, 0.78548910905, -0.0596146086239, -0.80277229478, 0.593298189085,  
461, 3878227.526985141, 97.46489630985471, 108.21641391580948, 100.61951676860032, 85.02943824149014, -0.450468236452, 0.141315449798, 0.88153747033, -0.87610596769, -0.259978384753, -0.406016714975, -0.171804252934, 0.955217872063, -0.24091931339,  
462, 3001910.629674921, 89.48901264990928, 106.54478104286844, 98.71799342962991, 68.13662986618004, -0.16468168775, 0.867656419243, 0.469097303197, 0.977400386233, 0.0796408503161, 0.195820887427, 0.13254594189, 0.490743999564, -0.861163108929,  
463, 2495407.0177076124, 84.14292291799099, 118.52579685498208, 85.20151417809493, 58.99192743028028, 0.71537694985, -0.0583126925825, 0.696301263468, 0.492224576527, 0.749336808232, -0.442955205513, 0.495934255608, -0.659616538386, -0.564761220696,  
464, 3929550.2673292593, 97.89294931944004, 102.42080252283372, 97.76962486110781, 93.68328614077117, 0.036769014152, 0.959955773324, 0.277728199613, 0.409391030774, -0.267994412403, 0.872111219308, 0.911617805618, 0.0816327641496, -0.402851173881,  
465, 2453049.189561464, 83.66411392865446, 92.961632006401, 82.27044583942599, 76.57201175662071, -0.668397900313, -0.474181344717, 0.573058722278, -0.700021944931, 0.140599897533, -0.700143517736, -0.251422997103, 0.869128138502, 0.425914023475,  
466, 3827605.4837203766, 97.0389718134754, 118.97429483407261, 99.12922297125554, 77.47894838756838, -0.0238738099874, 0.89811614033, 0.439109826439, 0.922014177383, -0.149996691822, 0.356918546936, 0.386419329099, 0.413386490976, -0.824494821801,  
467, 3225145.37189143, 91.65445132231781, 105.06966637956211, 95.1402237652187, 77.02277543720791, 0.479303226325, -0.307197925287, 0.822130069961, 0.157526619768, 0.951640629368, 0.263752680746, 0.863396653514, -0.00308986009721, -0.504516274728,  
468, 2492971.1921755644, 84.11553604246886, 103.53028535068287, 92.69533024415071, 62.01594753590454, 0.0708445480594, 0.282459120233, 0.956659759479, -0.279900817413, -0.914907824925, 0.290859423611, 0.957411396643, -0.288375653079, 0.0142443072662,  
469, 2915698.651933947, 88.62399886675985, 94.14442654458693, 90.6386825588163, 81.57288605674363, -0.203797116482, -0.323492730032, 0.924023370338, -0.970949599756, -0.0541021768651, -0.233087599825, 0.125393819813, -0.944682702327, -0.303069269108,  
470, 4057675.477052459, 98.94554242164156, 108.83168823335647, 102.90581426838769, 86.49548164391453, -0.827847103834, 0.338789934809, -0.447091213003, 0.557238174841, 0.588252606849, -0.58604136973, -0.0644576541019, 0.73428894218, 0.675769901831,  
471, 2750893.741657064, 86.92173810860959, 109.43072553040555, 83.37910724271677, 71.97616227682246, 0.491234996343, -0.763087475308, -0.419982956077, -0.481525185123, -0.6397045896, 0.599092258452, -0.725824823535, -0.0920627127163, -0.681691119546,  
472, 3498173.706932319, 94.17108783895164, 104.2220478836461, 92.58620041194678, 86.54597954335642, 0.536540003054, 0.40768998982, -0.738859727772, 0.707181449022, 0.260518531399, 0.657285701166, -0.460455452006, 0.875167965021, 0.14853218412,  
473, 2909765.0311401025, 88.56383966321792, 96.82261040678544, 92.5813102254406, 77.49420030783894, -0.777045890217, -0.447162252612, -0.442996167405, 0.0810992185943, -0.769047349602, 0.634026096319, 0.624197565872, -0.456740729418, -0.633849591662,  
474, 3183535.139498783, 91.25857427402707, 104.04409887468915, 91.71413112127883, 79.6466162038493, 0.615326489769, 0.7444300219, 0.25922433042, 0.196181893467, -0.463126541428, 0.864306931189, 0.763469695315, -0.480975830077, -0.431017720306,  
475, 3921408.4249453084, 97.82529271644563, 110.06930421196232, 94.22182793826559, 90.26839521060651, 0.181544268901, -0.576553169346, -0.796635500933, -0.495436371104, -0.753399075175, 0.432357069691, -0.849461288474, 0.316190253553, -0.422420694263,  
476, 3152040.909784783, 90.95664067396031, 112.93610316481188, 88.38041764817899, 75.39011195380009, -0.639652819136, 0.155939761678, 0.752679919819, 0.0541572425795, -0.967629062174, 0.246497446464, 0.766753717988, 0.198435855543, 0.610501389996,  
477, 3256807.6415001056, 91.95340868148122, 108.05487295178354, 92.59612301241552, 77.70810866477814, 0.119377377429, -0.0767536046049, 0.989877732823, -0.605128065838, -0.796048614122, 0.0112529058536, 0.787127096277, -0.600346140268, -0.141475956161,  
478, 3293664.468020824, 92.29898286402612, 105.92435485488649, 98.23195124245285, 75.56873407861384, 0.0612076240353, -0.131158546985, 0.989470091672, 0.582399586415, -0.800382651363, -0.142120839924, 0.810595058277, 0.584965851097, 0.0273971631096,  
479, 1612548.8443645413, 72.74582770868764, 110.35139443162333, 71.50726710173815, 48.78611816609187, -0.301997107716, 0.217925877713, -0.928065762085, 0.94937758279, -0.0195686979259, -0.313527146126, 0.0864867170602, 0.975769121198, 0.200984252835,  
480, 3067836.2829278447, 90.13937104001363, 108.3014006273958, 89.28417188455042, 75.7416953876999, -0.354365322442, 0.862055024422, 0.362334587252, 0.935030025966, 0.331628445877, 0.125464833427, 0.012002866014, -0.383254104679, 0.923564953024,  
481, 2065742.3006431633, 79.00644328433137, 94.5453125900197, 81.41033909170635, 64.07195382909349, -0.535266779401, -0.598594728307, 0.595964618172, -0.822981399909, 0.210673987192, -0.527558609563, -0.190239560222, 0.772852393645, 0.605399114108,  
482, 3176719.1469250503, 91.1933991168263, 102.84490691298619, 98.890270487211, 74.5682338819464, 0.601827253471, -0.794432843504, -0.0817338004898, -0.218272571301, -0.262068116412, 0.940041162385, 0.768219396786, 0.547902144113, 0.3311226342,  
483, 2417010.914272819, 83.25238182824259, 120.24866357412809, 95.60111341397891, 50.193420643389175, 0.74931320118, 0.483038914615, -0.452993524793, -0.45478468752, 0.872592837123, 0.178192672684, -0.481352900203, -0.0724923966258, -0.873524033955,  
484, 2957080.82836078, 89.04130752758903, 114.09943320398285, 86.91983430709372, 71.18233162626616, 0.663474322381, 0.506792208029, -0.550421185478, 0.66429017284, -0.737503275043, 0.121686012219, 0.344267904124, 0.446374928936, 0.825971569128,  
485, 1434739.1064618574, 69.96724530567495, 106.87261298039374, 81.17229625772252, 39.48299302335156, -0.723824309423, 0.190348992954, -0.663208587075, -0.457712811236, 0.586791552536, 0.667963065074, -0.516311293232, -0.787046971123, 0.337608817609,  
486, 3171884.4609464016, 91.14711286121634, 115.17636165391755, 95.68423152326031, 68.7108025936931, 0.190611941185, 0.092400798311, 0.977307106466, -0.680927646314, -0.704673551669, 0.199431005775, 0.707110053926, -0.703489358875, -0.0714009354739,  
487, 3455769.0300659076, 93.78902756627595, 112.5075009293305, 96.44932522642794, 76.02832583584048, 0.154921214149, -0.743199735278, 0.650886757347, 0.64721739103, -0.421415463436, -0.635231183055, 0.746397391579, 0.51967601509, 0.415725598424,  
488, 3280846.1827310375, 92.17909078552493, 105.54814136661452, 93.12722462466631, 79.68379508485945, 0.405643454566, -0.9090310672, 0.0954772571455, -0.769258559564, -0.283110419594, 0.57279120005, -0.493654389532, -0.305795698436, -0.814121817981,  
489, 3245188.8060791516, 91.84392881874729, 97.6055969018465, 92.22064506496021, 86.06934195201706, 0.570136917338, 0.821449737734, 0.0128149859627, -0.486917334427, 0.325304863471, 0.810609804552, -0.661706434095, 0.468398413937, -0.585446428718,  
490, 2694724.667108281, 86.32606193750321, 102.34563908901981, 90.80618426723356, 69.22150215452322, 0.282517991706, -0.456026459632, 0.843933322294, 0.884002632429, 0.465362024386, -0.0444694515043, -0.372455272778, 0.758602698634, 0.534601735318,  
491, 2238716.14517329, 81.15279349776858, 101.91886007827031, 74.95185124997353, 69.96381783966109, 0.612206096509, 0.3415026225, 0.713147708558, -0.416791943071, -0.627068787261, 0.65807994365, 0.671928695315, -0.700114772639, -0.241559792897,  
492, 1961324.428768638, 77.65217228610634, 105.55260266937283, 72.59554964681396, 61.10572258923339, 0.243094512709, -0.469108257081, 0.849024440773, -0.865480588891, -0.500129465824, -0.0285283660271, -0.4380050321, 0.727879083745, 0.527582819378,  
493, 2914702.056455982, 88.61390039044079, 102.90984176058274, 97.33131255096082, 69.46980304856038, 0.108063064021, -0.948445013235, 0.29795038356, 0.450289702517, -0.220503034029, -0.865226904223, 0.886319106192, 0.227663059922, 0.40324678938,  
494, 3346480.474041176, 92.78972665247406, 122.74502720707632, 91.02387294029833, 71.50566819744013, 0.313151636579, 0.902044715659, 0.297071344057, 0.492710653002, -0.421725943584, 0.76117241209, 0.811894244915, -0.0919921706457, -0.576511210311,  
495, 3475421.07448542, 93.96647608670392, 108.18381704133974, 94.88685837964232, 80.82588203495324, -0.747604916508, -0.296714381321, 0.594177973953, -0.0501335426399, 0.917312574214, 0.394999074798, -0.662248832929, 0.265515003542, -0.700662733545,  
496, 3173730.9245681507, 91.16479605901654, 105.1471137259962, 94.55850955599566, 76.2050092710714, -0.541554156217, -0.792622093357, 0.280123745881, -0.810203614702, 0.580989776863, 0.0775949863301, 0.224252533113, 0.184935384128, 0.956822713511,  
497, 3349910.9068517955, 92.82142166483209, 106.54815020338599, 92.42713876711504, 81.2080765798447, 0.526263910683, -0.759214536666, -0.38293548233, 0.304913984247, -0.251900711233, 0.918462570762, -0.793771855462, -0.600116087932, 0.0989288758758,  
498, 3344754.70967162, 92.77377350011015, 107.83332967269293, 94.70746004905483, 78.18770390334723, 0.46341469511, 0.31100489494, 0.829772725317, -0.621000943779, 0.781965887151, 0.0537324776822, -0.632142901709, -0.540190065307, 0.555508816458,  
499, 2939973.458600378, 88.86926741901804, 104.6102653380375, 92.07976803127322, 72.8645488428833, 0.186762964117, 0.913178511813, -0.362249362729, -0.690111591309, 0.38438547627, 0.613183330802, 0.699189235311, 0.135472547756, 0.701984046848,  
500, 3356939.528591136, 92.88629412748259, 107.64312607283232, 93.54693296558456, 79.5864354494261, 0.637561076286, -0.200269040364, 0.743914098184, 0.535809357556, 0.80909753698, -0.241390778632, 0.553555964976, -0.552497499655, -0.623155122353,  
501, 1052498.407407063, 63.10216782600945, 90.51425739338157, 82.95826817074544, 33.46232925639519, 0.257016081076, -0.693139001037, 0.673424872803, 0.149827826964, 0.716987366079, 0.680794197353, 0.954722135669, 0.0740772713076, -0.28812879332,  
502, 2739853.2671390707, 86.8052978981516, 101.49016874719514, 85.29083154729743, 75.56355335075253, -0.294950520315, -0.252059854711, 0.921666979016, 0.937331421382, -0.263596392851, 0.227874413146, -0.185510099608, -0.931119096206, -0.314011515114,  
503, 3709321.7688414925, 96.02890270307512, 108.84506592629265, 95.04981203164255, 85.59450601634704, 0.769555096604, 0.591437388457, -0.240804420278, 0.555264368999, -0.433511424302, 0.709753003178, -0.315382995436, 0.679904155403, 0.662015034312,  
504, 2798063.2831010153, 87.41574055284329, 103.28446150995237, 87.74112695424402, 73.7107322391758, 0.403967344992, 0.354830255998, -0.843152343061, 0.427424108275, 0.741690945357, 0.516916988733, 0.808776245846, -0.569201221893, 0.147955916242,  
505, 3020743.5911727045, 89.67576381693237, 96.16107629576922, 88.61021239146726, 84.6334725110709, 0.169929064839, 0.0951869211699, 0.980848389386, -0.816467364061, -0.543746399556, 0.194218681887, 0.551819858601, -0.833834098013, -0.0146813025656,  
506, 1330148.1913844752, 68.22399387060581, 91.41532625437519, 84.4910571329121, 41.11323602481557, -0.0425736111218, 0.587326913245, 0.808229289629, -0.727518056332, -0.572677530444, 0.377833195783, 0.684766358218, -0.571915678315, 0.451671884835,  
507, 3040443.0875678817, 89.87027895508406, 101.55294053489119, 89.77006694270916, 79.62037467395008, -0.847711604553, -0.384954067613, -0.364959451631, -0.530135526237, 0.590849414962, 0.608155648383, 0.0184759121052, -0.709018571454, 0.704947732818,  
508, 2774761.3463212317, 87.17240118206477, 103.48694284568798, 86.65739355341415, 73.86621518046655, 0.243315299544, -0.809461089882, -0.534387882511, -0.881539127703, 0.0452602283615, -0.469936461723, -0.404581798078, -0.585426558755, 0.702559117063,  
509, 2689259.298896476, 86.2676610370384, 108.82756014712491, 83.3812277603948, 70.75170194876473, 0.1643308158, -0.822109382112, 0.545097740614, 0.657152865236, -0.320873106835, -0.682048796657, 0.73562592035, 0.470294177249, 0.487522196578,  
510, 3693137.0633943407, 95.88903297740109, 109.01070866975651, 97.9026316701771, 82.61202877657401, 0.461843671884, -0.88320920152, -0.0814980312075, -0.560107045676, -0.361661611515, 0.745305961428, -0.687735792383, -0.298567220415, -0.661722823219,  
511, 2886618.4545318354, 88.32837855565836, 116.00258449320519, 81.47908609100818, 72.9099768175557, -0.674900833036, -0.612480022496, 0.411554477087, -0.722236934634, 0.433951235625, -0.53857231209, -0.151270207966, 0.660722746046, 0.735229744392,  
512, 2020131.391723894, 78.42063164365254, 126.84875065728222, 68.08322784067785, 55.84247730093078, 0.764083231319, -0.44959176307, 0.462648962169, -0.374675256467, 0.274535239279, 0.88557826, -0.525162134781, -0.849998617042, 0.0413168636051,  
513, 3605954.094283438, 95.12847356696673, 105.02256896984926, 94.3033149536817, 86.92045430409863, 0.494760536955, -0.708917618776, -0.502640846789, -0.287734951976, -0.679402927794, 0.674996488225, -0.820012566052, -0.189334285045, -0.540122134357,  
514, 2748061.5263554207, 86.8918974296136, 105.48663416234594, 84.25253789021392, 73.81717415682976, -0.215853744128, 0.203740456796, 0.95493297535, -0.0250545011685, -0.978822047946, 0.203173990526, 0.976104212222, 0.0199304972176, 0.216387019397,  
515, 3429422.4040495106, 93.55007150901488, 102.16329422207272, 95.11081642076643, 84.25730687861827, 0.124075686495, 0.199413274971, 0.972028584861, -0.972175119651, -0.171729660166, 0.159325015456, 0.198697661666, -0.96475036646, 0.172557148978,  
516, 3473435.193355191, 93.94857496510843, 114.52233330665541, 95.97617540277503, 75.44265496131706, 0.62137035281, -0.656794315517, 0.427223725645, -0.546645008532, 0.0272288851624, 0.836921634599, -0.561318197902, -0.753578008515, -0.342114112229,  
517, 2302545.0151438597, 81.91683672837956, 109.84619835064638, 93.11598943640864, 53.741554780000044, -0.922296521563, -0.314433346784, -0.224723823264, -0.185428069494, -0.150154761444, 0.971117901524, 0.339095203971, -0.93732876732, -0.0801824456974,  
518, 3475732.352944474, 93.96928139346032, 104.88128109572816, 97.65164953303763, 81.01774476011006, 0.746281846582, -0.55855871211, 0.362043603158, 0.198357286002, 0.705817308111, 0.680056111406, 0.635387907149, 0.435699544063, -0.637532834254,  
519, 2898475.4161480004, 88.44915141565586, 100.17115447560401, 88.91188844242755, 77.69239299173424, 0.166007197592, -0.971346648194, 0.170080273369, 0.943967606954, 0.106638917515, -0.312335233833, 0.285248606254, 0.212400165521, 0.934622598869,  
520, 1258452.7000050151, 66.9755202601611, 113.55535478833222, 70.86268109585116, 37.33559605733171, -0.532838555093, 0.614852327961, -0.581411806732, 0.803078901988, 0.150847959911, -0.576462635538, 0.26673460853, 0.774081073138, 0.574152541422,  
521, 3485419.911526086, 94.05650411119382, 114.5814589159713, 91.90822645643459, 79.01285695116971, -0.229141494764, -0.358150553259, -0.905109030216, -0.969451446676, 0.000373277633947, 0.245283006345, 0.0875103874702, -0.933663773456, 0.347295105379,  
522, 2046839.3636784859, 78.76471702327667, 110.08808090215001, 88.48258945859726, 50.16456219372141, -0.16224974695, 0.776540202585, 0.608818801766, -0.876845232187, -0.396444841111, 0.271981482361, 0.452567628544, -0.489710936907, 0.745228649388,  
523, 2582923.1308930214, 85.1152980139853, 118.67551375149375, 102.65360956786641, 50.61596566676739, -0.226241983059, 0.834465490322, 0.502475781071, -0.255667585885, 0.446893444204, -0.857274947176, -0.939919491568, -0.322418353988, 0.112239718382,  
524, 3374087.5979590314, 93.04418755984493, 101.01292516536597, 97.55017415529271, 81.7452916109252, 0.916938458325, -0.136616481805, -0.374913057313, 0.356120275129, 0.704024196042, 0.614433300716, -0.180006147913, 0.696911664622, -0.69419876003,  
525, 2947707.632523286, 88.94712849959461, 108.3774590064884, 87.42987775246621, 74.26718469586287, 0.852165788967, -0.0658989839806, -0.519105761887, -0.435360604135, 0.461074418041, -0.773221524141, -0.290300899897, -0.884911128271, -0.364222023745,  
526, 3076550.7818502784, 90.22464034912048, 101.46871988100773, 87.1439493909809, 83.06270284897074, -0.0593233291589, -0.989605161665, -0.131005216018, -0.470374468303, 0.143465261588, -0.870727040057, 0.880470670827, 0.00996708202476, -0.473995838684,  
527, 3328808.930764448, 92.62610873947582, 115.09446830967923, 104.08065196843962, 66.34005139379664, -0.244080199181, -0.823432423449, 0.512234224141, 0.296435101105, 0.439573873942, 0.84788032185, -0.923336930487, 0.358795001861, 0.136802994992,  
528, 3617249.30815934, 95.22769617351412, 106.07877918336213, 96.64100981152484, 84.23641212224044, 0.0637801593703, -0.128845223785, 0.989611539736, -0.706943307522, -0.705751482233, -0.0463249962278, 0.704388565509, -0.696644639421, -0.136099210673,  
529, 3831954.779287193, 97.075712922601, 117.38271428931324, 94.42296857144622, 82.53724494807953, -0.646341471992, 0.168877119741, 0.744125809263, 0.74257360762, 0.363602116838, 0.562474833124, 0.175576589697, -0.916118998307, 0.360414819467,  
530, 2550823.785560794, 84.76123636425463, 100.29996472588576, 84.68698679042801, 71.69260939581412, -0.988934135452, 0.1359992482, -0.0592746170473, 0.139820362004, 0.720850153381, -0.678841161642, 0.0495937708402, 0.679616995711, 0.73188878734,  
531, 1484256.1497674333, 70.76308353557236, 114.81648163041883, 63.01104147874142, 48.977809235171364, 0.565386643868, 0.336837599717, 0.752913258186, 0.647226246833, -0.747026953125, -0.151818696859, -0.511308251788, -0.57314148578, 0.640369197363,  
532, 3598632.990709063, 95.0640507402722, 114.01529542772776, 92.39897647544497, 81.54900573602882, 0.24283224882, -0.563633557193, -0.78952499146, -0.648075159783, -0.6998692999, 0.30030243144, -0.721824830693, 0.43874842024, -0.535227743612,  
