# Void_ID, Void_Volume, r = (a*b*c)**(1/3.0), a, b, c, vector_a, vector_b, vector_c 

28, 1017514.8315230871, 62.395132744411455, 134.6840429285536, 66.07269662163623, 27.296939833197428, 0.19010018487, 0.208489389225, -0.959371718518, 0.68271828349, 0.674159446866, 0.281788547656, 0.705519429287, -0.708548667899, -0.0141816824564,  
29, 2813149.405786855, 87.57256349670321, 111.82481512394092, 97.0282115781147, 61.896768124500696, 0.2240574434, -0.530346298828, -0.817637490198, 0.155053487337, -0.808882750931, 0.5671570429, 0.962162500891, 0.253853301271, 0.0990041580542,  
36, 338554.47186789237, 43.23611351984317, 118.36790947567938, 60.06689551667555, 11.367652295748867, 0.200857647335, -0.902202561498, 0.381689328556, -0.57601259924, 0.206387650489, 0.790957409247, -0.792379764396, -0.378727706607, -0.478225504573,  
37, 1115684.5953754985, 64.3404769244531, 126.78033347019348, 50.315598554246804, 41.75401993098794, -0.570055551943, -0.795197752315, 0.206633013848, 0.0329564407641, 0.229165237979, 0.972829464353, -0.820944907233, 0.561376725929, -0.104430028603,  
46, 242461.9477425706, 38.68283780382363, 84.6064051589915, 56.465894729068566, 12.116174610158124, 0.681683740337, 0.397425349871, -0.614296646125, 0.274639664756, 0.639216269088, 0.718314426889, 0.678144772672, -0.658373490212, 0.326594572342,  
66, 802907.7989336415, 57.657926788354835, 125.57688871230553, 64.08467779938212, 23.818430643750677, 0.361027954647, -0.578202462127, 0.731669822224, 0.417248071137, 0.801825977956, 0.427760620217, -0.834004114556, 0.150854280237, 0.530735454853,  
68, 1352550.9182897694, 68.60487932637065, 126.35447605280086, 71.69948611344628, 35.64169423010533, 0.197897069804, 0.452113034133, -0.869730161676, 0.394366849423, 0.775577892223, 0.492903358856, 0.897391518702, -0.440536874123, -0.024813800579,  
78, 670359.0067152507, 54.29247163974669, 92.4726204540069, 73.4483619894349, 23.562618951248602, 0.443738848439, -0.477061693929, 0.758622418975, 0.0559392420407, 0.859623675688, 0.507856217248, 0.894408539531, 0.182918769901, -0.408134889505,  
103, 2448179.2863365505, 83.60871266752335, 116.43922679263571, 77.40078034626401, 64.849996611669, -0.792437980118, -0.381281224875, -0.476095237557, -0.561633598111, 0.760584317926, 0.325698014728, -0.23792803353, -0.525486558232, 0.816856246825,  
109, 2463809.933958618, 83.786271408172, 104.28538819016353, 87.34594116478573, 64.57321380857768, -0.996860116469, 0.0751267927462, 0.0250174580016, 0.06793891493, 0.649211503269, 0.757567639133, 0.0406720054993, 0.75688862393, -0.652277087543,  
134, 588228.8059853347, 51.97795949714665, 139.02886549373693, 66.10798911738773, 15.279134478571688, 0.880311416038, 0.297929446001, 0.369174560336, 0.409804755981, -0.869601745637, -0.275413990131, -0.238980904613, -0.393739570262, 0.887613248009,  
138, 701251.2453944846, 55.11396787535941, 111.08739674038304, 92.05725709738577, 16.370510250196084, 0.217957955237, 0.177600160223, 0.95966270785, -0.965041189422, -0.107443530959, 0.239063569734, 0.145567278149, -0.978219847858, 0.147973297552,  
156, 1894766.020726913, 76.76365757944245, 110.41629635224093, 92.38893678340496, 44.34185256126395, -0.515528368711, -0.840248910359, 0.167965084751, 0.617068919466, -0.228045724617, 0.753140820904, -0.594522034649, 0.491911492166, 0.636055527601,  
164, 712614.1471703534, 55.41005869601343, 114.07039927306566, 58.5004443900113, 25.493748892655667, -0.250816273174, 0.965750030052, 0.0664686133916, 0.214064750596, -0.0116306601654, 0.976750229228, 0.944069637084, 0.259213439465, -0.203815880484,  
182, 1574430.219961956, 72.16804422267253, 127.24446670049039, 62.98850540168319, 46.895870136577344, 0.896003606123, 0.341887823624, 0.283355349116, 0.30774354143, -0.0180881485114, -0.951297393874, 0.320111621974, -0.939566674027, 0.121420815908,  
216, 515699.29112847947, 49.747276367227535, 124.86120340496714, 58.34204872834955, 16.90046808135748, 0.128532888556, -0.668719561702, -0.732320588511, -0.874460866565, 0.271878330423, -0.401746644408, -0.467757938903, -0.692023353106, 0.549823780269,  
235, 801666.1722980582, 57.62819047581537, 128.13195533757613, 86.80905183580863, 17.206101578410603, 0.674784865766, 0.421496711304, -0.605810124786, 0.681428174621, -0.671061487499, 0.292116625387, 0.283409646563, 0.60993196535, 0.740041870356,  
242, 416458.0239041865, 46.326292141966746, 98.82270929183463, 82.99769304121789, 12.121597174892294, -0.0505303398142, 0.956232245441, 0.288212729658, 0.934247477168, -0.0567502269207, 0.352081046281, 0.353027387272, 0.287052790482, -0.890489954639,  
264, 736614.0152618139, 56.02524823638357, 143.98978867129517, 54.39287239489716, 22.45317081730728, 0.683390883237, 0.355912299296, 0.637419277963, 0.547163844799, 0.328318201065, -0.769947326636, 0.483310074025, -0.874947766475, -0.0296273233148,  
271, 404518.0526625126, 45.879263004490575, 116.04166123753312, 62.4976341744333, 13.315938586752646, -0.363866068382, 0.531772481888, -0.764734929101, 0.907553069578, 0.387188174056, -0.162581498855, -0.20963995368, 0.753195423099, 0.623496386873,  
287, 1246075.4356492686, 66.75522158077774, 125.66600948719663, 65.44446345006251, 36.171372624781256, 0.0546176462902, 0.382226943495, 0.922452967029, 0.878514007572, -0.457486370241, 0.137547662804, 0.474584082342, 0.802875323267, -0.360778552684,  
315, 2330729.5951039284, 82.24971980858373, 131.01153593320407, 85.51693409192893, 49.663991499584256, -0.488319943593, -0.744399815425, 0.455425677236, 0.161138999566, 0.435989149991, 0.885408201853, -0.857658355937, 0.505749321192, -0.092950355596,  
323, 1437807.9498640718, 70.01709539309677, 169.72827278370633, 62.85200214608648, 32.17651192535738, -0.679391805034, -0.021385724158, 0.733463990973, -0.722225237996, -0.157168687048, -0.673564183588, -0.129682230291, 0.987340191937, -0.0913338082685,  
331, 2238563.3155138856, 81.15094677919966, 132.13255422948896, 88.5497929389152, 45.67550869420029, -0.862883525926, -0.0449307499767, -0.503401676986, -0.495250432916, -0.123469272902, 0.859931594574, 0.100792010508, -0.991330704838, -0.0842876281681,  
360, 91213.44646821565, 27.924800908228946, 131.60665286133576, 46.07982503311127, 3.590720416941192, 0.0291694282, 0.973335315385, -0.227524742132, -0.48886179702, 0.21243311403, 0.846100653278, 0.871873435696, 0.0865478820495, 0.482023003849,  
385, 1831512.323174424, 75.89976162712404, 149.11081239637977, 66.99081430065327, 43.77204556181129, -0.828516629192, 0.0660290962636, 0.55605786893, -0.0508744764047, -0.99779263214, 0.0426808024524, 0.557648619476, 0.00707260164646, 0.830046983913,  
416, 2139545.874191417, 79.93635316725745, 114.74421039887615, 89.75081974277703, 49.5979569955772, -0.181079393893, 0.0606848667242, 0.981594417292, -0.569610413795, -0.820114086276, -0.0543770354848, 0.80171954548, -0.568972962839, 0.183072493712,  
417, 1996539.3974897875, 78.11415846320324, 106.41147993279725, 79.04008963512496, 56.67002025425277, 0.491193366505, 0.869316881068, 0.0549293818715, 0.687894581246, -0.348452848475, -0.636695890894, 0.534350186483, -0.350526422229, 0.769156099583,  
434, 3005211.4615609404, 89.52180065523515, 125.3121889258499, 115.34850904020874, 49.63421135172615, -0.773973347275, -0.455101989734, 0.440281088224, -0.13006320839, 0.794738690488, 0.592852406307, 0.619716725231, -0.401587590422, 0.674298589416,  
447, 1876278.9060665444, 76.5131817619645, 108.79878815043561, 98.08911412946675, 41.97241095580169, -0.225002243979, 0.757357638119, 0.613011743923, 0.960397272001, 0.0662645327795, 0.270640151545, 0.164350449155, 0.649629447977, -0.74227387815,  
458, 5123801.589536815, 106.94682557754763, 126.20336038847766, 101.81689053091957, 95.19473872670719, -0.558257622817, -0.741903441415, -0.371386200853, 0.0291443139886, -0.464892105621, 0.884887529064, -0.829155615991, 0.483171412387, 0.281151828596,  
468, 600969.1474474205, 52.35054281275368, 133.6768511465684, 87.75728973479661, 12.229935269088122, -0.599223777563, -0.737581537588, 0.311294618991, -0.795866047155, 0.590958225208, -0.131778644115, 0.0867646206081, 0.326713714845, 0.941132322866,  
491, 66864.01526155778, 25.178776019756793, 73.34820651966227, 23.507745135481738, 9.257705708081184, 0.734686116502, 0.656246063748, -0.171980853684, 0.56342796188, -0.731438509718, -0.384118000454, 0.377869345132, -0.185307340159, 0.907125100354,  
497, 920232.7614041652, 60.33968339801866, 122.6976217765906, 57.26216139794819, 31.268366924236023, 0.0665302147117, 0.430437630744, 0.900165082954, 0.549903944654, -0.768603704509, 0.326885296501, 0.83257394998, 0.473256580994, -0.287834720563,  
501, 1676771.2966235676, 73.69902468832932, 142.08888275400122, 90.74941663042064, 31.04425773574972, 0.615897447682, 0.402441045412, 0.677282466115, -0.244320892573, -0.719731575625, 0.649841334866, 0.748984402636, -0.565709876187, -0.344956085021,  
512, 1370987.5651409805, 68.91519174118207, 124.60065651208978, 78.17238205326852, 33.60247216119941, -0.879622151881, -0.439553067918, -0.181818509522, 0.117033098465, -0.570470238956, 0.812937242553, -0.461051107562, 0.69379882311, 0.553240516653,  
522, 1683689.3966374586, 73.80024255271137, 94.00921453525049, 70.27739363284391, 60.83973265047994, 0.0907959410992, -0.276396700889, -0.956744982123, 0.265119496653, 0.93275215667, -0.244305273627, 0.959931117099, -0.231469820851, 0.157968264093,  
538, 927426.2167362177, 60.496500502896744, 88.53714048529773, 82.85046342063066, 30.183550588387735, 0.43757345858, 0.884305580216, -0.162889868151, 0.881493269687, -0.457623759515, -0.116404940724, -0.177479812497, -0.0926506099668, -0.979753428485,  
547, 996091.5793804098, 61.95412387993744, 138.03925618166824, 103.42568386132928, 16.65634270194218, -0.512424740483, -0.799195793405, 0.31417665277, 0.777337621874, -0.276221802968, 0.565197078181, -0.364920685848, 0.533842298221, 0.762787843158,  
564, 732718.1519463828, 55.926303318628534, 129.09245576249594, 90.22011613772821, 15.019106502068052, -0.341960957102, -0.191301053399, -0.920036200802, -0.307744684214, 0.947867672229, -0.08270480809, -0.88789408893, -0.25485443475, 0.383005618669,  
565, 1232845.429256445, 66.51812619128127, 108.1462099343405, 63.58962415628092, 42.79789984655024, -0.910007234226, -0.206818194403, -0.359323069285, 0.113981345912, -0.958095902571, 0.262793634362, -0.39861646534, 0.198187981323, 0.895447618579,  
585, 1852623.0706506628, 76.19026537248955, 103.30270255195816, 94.1480798397826, 45.47527230441028, 0.560896729169, -0.225350645781, -0.796625348363, 0.366544179894, 0.930386620936, -0.00510879331632, -0.742320835888, 0.289132879537, -0.604451780192,  
605, 727303.5997309261, 55.788203436599346, 109.43051244818972, 61.532259186020966, 25.78611018587793, 0.125878486303, 0.450579341965, -0.883817211464, 0.953881356554, 0.189758644928, 0.232598397013, -0.27251598908, 0.87233589475, 0.405912702963,  
610, 3753963.9694052297, 96.4126078560869, 112.74080985010276, 97.15854595301853, 81.81620551008913, -0.232562446008, -0.565748185398, 0.791102837452, -0.772327590793, -0.386949786646, -0.50376577406, 0.591121646707, -0.72814754915, -0.346952944159,  
629, 1383558.1962571177, 69.12517981765855, 123.21308781805301, 90.40253060880617, 29.653188135887266, 0.208069665787, 0.577336458469, 0.789550269395, 0.929128652054, -0.368916754667, 0.0249073494952, 0.305658243979, 0.728411313646, -0.613180231286,  
638, 593773.3459610594, 52.140760715185756, 103.54917629743123, 83.39559897751393, 16.415053721856484, -0.737054121225, 0.614188760745, -0.281998915884, -0.254395789839, 0.134437265805, 0.957710500974, -0.626126188957, -0.777623808623, -0.0571594940922,  
660, 937070.373964094, 60.705475620060724, 130.38370998750085, 97.1188249369707, 17.66675737461146, -0.977748557675, 0.153550015649, 0.142934078018, 0.203887203496, 0.535202678888, 0.819748803452, -0.0493737401384, -0.830650639683, 0.554600530634,  
664, 1187358.3467064742, 65.68976881052437, 89.88402197424801, 69.55427053613813, 45.34056239880144, -0.045956845331, -0.299967251604, 0.952841863235, -0.308486990406, -0.902966401546, -0.299144537688, 0.95011775329, -0.307687057972, -0.0510385074127,  
670, 529615.8373327842, 50.19080000461713, 107.31696138048343, 68.73391931631794, 17.140870668339648, 0.350331678205, 0.38434543392, 0.854134826987, -0.725633346157, 0.687977755944, -0.0119521659724, 0.592219521961, 0.615601490212, -0.519914265103,  
679, 486449.500247639, 48.788378463207025, 149.49190319860037, 110.38139838513828, 7.037778425719071, 0.57951439099, -0.0232504225601, -0.814630277173, 0.0767469158169, -0.993593693424, 0.0829547063235, 0.811340237846, 0.110593807419, 0.574017445913,  
695, 1273794.0397961512, 67.24657984361028, 102.33845247162095, 59.90353588322817, 49.60429707544386, -0.787007960667, 0.609241754172, -0.0971748672274, 0.615646975358, 0.765347959857, -0.187673392029, 0.0399658801891, 0.207525866621, 0.977412780305,  
698, 73239.34863729158, 25.954855855607804, 126.12815783015053, 64.33096639574427, 2.154883201959376, -0.795418726498, 0.567177402369, -0.21358568252, -0.154285512491, 0.151306285161, 0.976372054448, 0.586093021773, 0.809577792626, -0.0328445964559,  
719, 778217.0513618479, 57.06073712334185, 132.53994043835664, 52.52204037076829, 26.688475871051022, -0.841360830679, 0.271277188885, 0.467461912234, 0.0322756186204, -0.838149121959, 0.544485384378, 0.539509255752, 0.473196297692, 0.696430202396,  
730, 1544954.8275647138, 71.71484412820608, 140.38900015168372, 79.01620857870749, 33.248947964442834, -0.0115653591777, -0.847477130195, 0.530705903739, -0.93934722602, -0.172727630922, -0.296297071339, 0.342772565173, -0.501943900563, -0.794077634273,  
747, 1741415.382866487, 74.63420694268467, 129.4817756594236, 61.56642399867392, 52.15082603601343, -0.877832659768, -0.474207971229, -0.0673544465265, 0.14442460367, -0.39614444961, 0.906758572553, -0.456674233233, 0.786254650267, 0.416235834155,  
760, 1509846.989172789, 71.1674561864589, 101.96074956562931, 79.04834480389057, 44.721723047813995, -0.523253815465, 0.174838963416, -0.834048428734, 0.848879233996, 0.192958046453, -0.492108970046, -0.0748965332456, 0.9655042875, 0.249383199368,  
795, 1102093.0330853448, 64.07813787480951, 125.38534140778813, 64.54359790651833, 32.510953722996796, 0.0608096368203, 0.821366481357, 0.567150148878, -0.250274873923, -0.537503456431, 0.805265497713, 0.966263253753, -0.190911334466, 0.172882002591,  
882, 1418826.1541179104, 69.70760989156761, 122.88568592253668, 60.918129747213996, 45.2473049603544, -0.539058000236, 0.287504723762, 0.791680179237, -0.308037909006, -0.942117171888, 0.132392904077, 0.783919076817, -0.172500052896, 0.596418152602,  
892, 1052397.618268153, 63.10015350271293, 115.93305474415357, 85.69696668175366, 25.288234956588703, 0.63104810921, -0.347604686307, -0.693505058324, -0.337694972673, -0.927929962289, 0.157822972086, -0.698384127321, 0.134599283594, -0.702952803225,  
934, 1116228.1570287738, 64.3509241237399, 101.73065037946606, 55.12752158013388, 47.51645969257452, -0.454469802693, 0.534623854108, -0.712484759878, 0.877551570988, 0.131477808649, -0.461103921138, 0.152841220538, 0.834799928397, 0.528912696816,  
946, 740640.8108673036, 56.127152521006046, 131.6416039155619, 52.756651309976434, 25.459428071871706, 0.657512929907, -0.681858787331, -0.32053914136, 0.380032196693, -0.0672136815852, 0.922527967318, -0.650578416858, -0.72838926073, 0.214934428075,  
992, 835759.4319800026, 58.433812913013945, 96.70393271275069, 61.75896586066776, 33.407849910515516, 0.567575029416, 0.543719982783, 0.618245231527, -0.458974596666, -0.41445687266, 0.785854834127, 0.683520962077, -0.729790436377, 0.0143182881056,  
1068, 779125.2619069066, 57.08292588427522, 127.1935239651742, 76.92410368648561, 19.010398999801033, 0.621958041145, 0.698461610332, 0.354005047913, 0.652295663858, -0.212021095068, -0.727706961735, 0.433218838425, -0.683519154186, 0.587471704761,  
1069, 380400.72743966937, 44.94874562631259, 81.22814091341942, 60.118251608278285, 18.596870814518777, -0.945034462923, -0.322824055529, 0.0519085066256, -0.304747504934, 0.812103908365, -0.497610490499, -0.118485535509, 0.486078050513, 0.865846006334,  
1202, 330842.28721407143, 42.905286049412524, 124.22751140225665, 36.80035957726938, 17.276770244187386, 0.820979085031, -0.569943712716, -0.0340221439322, -0.411868860918, -0.549904710525, -0.726614650794, -0.395420514577, -0.610548092846, 0.686202333845,  
1239, 2314531.9644901417, 82.05874259202052, 95.503173863492, 90.99539363538653, 63.58246499102701, 0.389790792797, 0.895266029839, 0.215782004966, 0.541348245796, -0.0332023040922, -0.840142656801, -0.744986721106, 0.44429308212, -0.497592647209,  
1253, 815055.6258792981, 57.9472566124207, 107.08437969392364, 46.630924614154495, 38.967136064971584, 0.920693091928, -0.349998891572, -0.172699178845, -0.290160393601, -0.317900086322, -0.902633082211, -0.261019494408, -0.881158505046, 0.394244229538,  
1257, 2360660.5579561577, 82.60030384176463, 115.53651151007519, 83.75696605358142, 58.23777132038851, 0.635592825147, 0.772024284299, -0.000514853742948, 0.717899993438, -0.590787767203, 0.368224678077, -0.283974224261, 0.234410576927, 0.929736694651,  
1262, 1692652.0590672852, 73.93096271288378, 120.25826652217322, 87.82934725153771, 38.25819620814101, 0.699302458868, 0.677014664085, 0.229406224055, 0.139867178411, -0.4443147521, 0.884885062293, 0.701008732774, -0.586715898609, -0.405402529463,  
1270, 3055349.3811329696, 90.0169077419716, 112.55885203008529, 101.41182660654614, 63.900463692079235, 0.189049633446, -0.853424884252, 0.485722351794, 0.894584626136, -0.0542983453234, -0.443587687358, 0.404942690728, 0.518379838182, 0.753195698734,  
1286, 3417209.738609392, 93.43889101688272, 114.35971769061165, 104.75775280575736, 68.0963411739115, -0.15448510011, -0.774766757469, 0.613083049322, -0.295092777202, -0.556024370474, -0.777018115801, 0.942896922621, -0.300954101086, -0.142730593609,  
1303, 1309537.5213532106, 67.86978067306318, 132.3282089548462, 93.58606125877196, 25.24443953877617, 0.544834581374, 0.409341752982, 0.731843294842, 0.791829542869, -0.538381548507, -0.28835964223, -0.275973284902, -0.736603446566, 0.617457778741,  
1308, 709028.7571567144, 55.31697382366525, 110.1416997603379, 47.570925937015105, 32.30590126146693, -0.792161939689, -0.130773335372, -0.5961357195, 0.103321325391, -0.991410417923, 0.0801878229698, -0.601501591875, 0.00192820873127, 0.798869274026,  
1310, 725864.9611985836, 55.751395315926366, 91.9708618724595, 69.68124138796875, 27.03965137888165, 0.460902667892, -0.832311112593, 0.307939835981, -0.850214621976, -0.513587017436, -0.115600484857, -0.254369470079, 0.20853437936, 0.944356704491,  
1311, 1578707.0750610854, 72.23333201291084, 111.12692301722892, 90.0960533565683, 37.64331738415145, -0.761958181294, -0.646186159313, -0.043164539513, -0.639259702976, 0.761120981396, -0.109735517636, -0.103763009357, 0.0560205247328, 0.993023130998,  
1322, 1227029.8554755421, 66.41336827950354, 101.9285394618151, 56.45173666588143, 50.908864731526315, -0.581870461032, -0.728183701848, -0.362181257025, -0.812585169115, 0.502116148017, 0.295947152099, 0.0336468351059, -0.466506023823, 0.883877831051,  
1388, 2392738.997354659, 82.97276691286535, 131.43329209221298, 78.63137963164421, 55.272032725447815, -0.284743666582, 0.777521466041, -0.56069725716, 0.200849997331, 0.620317986506, 0.758198439849, 0.937326156102, 0.103276161156, -0.332796802304,  
1398, 3394866.1301522977, 93.23479380779533, 126.37549570360098, 92.44869114930518, 69.36979403172563, 0.0411757520693, -0.814816604493, 0.578254665769, 0.107926088309, 0.578986376325, 0.80816256749, 0.993305852648, -0.0291320626123, -0.111780168295,  
1440, 1880380.880402327, 76.56889960942999, 120.31910922666475, 75.05985797374132, 49.706693077515155, -0.592698415943, 0.71059246169, 0.379166112842, 0.774556422042, 0.37379193589, 0.510237138728, -0.220841429111, -0.596102291602, 0.771939842951,  
1459, 1064029.1797353579, 63.331772487634716, 114.53698037907859, 77.55233209409303, 28.597254304305785, -0.113542346196, -0.992230846963, 0.0508535343395, 0.151868508121, 0.0332500382806, 0.987841278342, 0.981857470238, -0.119884866805, -0.146913331082,  
1462, 2791820.600473795, 87.35068185425611, 121.27730204929878, 89.789537611129, 61.205949007184216, -0.727753342598, -0.027253343171, 0.685297254936, 0.678144001339, -0.177854007178, 0.713083912018, -0.102448942334, -0.983679423093, -0.147915539406,  
1464, 1550038.985639497, 71.79342471686513, 112.09670996904138, 106.44133397094726, 31.013504017085083, 0.929827481657, 0.11841480436, -0.34842328921, 0.301831804084, -0.787051258587, 0.538003604449, 0.210519396728, 0.605415766614, 0.767563243737,  
1496, 205668.32213005688, 36.617857638883216, 86.2140545379778, 56.7725321399478, 10.031421085151683, -0.518612677102, -0.150460562322, -0.84166650779, -0.851488248671, 0.00164158600126, 0.524371116263, 0.0775155050613, -0.988614649083, 0.128966748016,  
1511, 372789.40130684804, 44.646934899823435, 126.92120865313083, 82.3781626079082, 8.51194182917366, -0.773137453415, 0.0659033265046, 0.630805223253, -0.0785820053508, -0.996876858, 0.00783571437621, 0.629351528609, -0.0435118551705, 0.775901650918,  
1519, 1578837.9359551151, 72.23532779316893, 95.09224140200305, 67.97627786816129, 58.310461537971314, -0.0609873959994, -0.530235654213, -0.845654000482, -0.240530982935, -0.814456096948, 0.52802093935, -0.968723584815, 0.235608610083, -0.0778665465863,  
1534, 572166.8378861859, 51.50048961538706, 100.55597653521357, 67.25450151711453, 20.197835353878784, -0.842915403707, 0.476049590005, 0.250739725712, -0.147650750224, -0.652788429936, 0.743011791091, 0.517390450388, 0.589274175234, 0.620534502063,  
1546, 1718479.6068317133, 74.305094551356, 125.31353548384205, 85.7887853362552, 38.161661212864765, -0.340370321164, -0.218871849082, -0.914463317006, -0.10201796901, -0.958194844764, 0.267310631039, -0.934740808176, 0.184276295672, 0.303812225533,  
1550, 1293385.705051829, 67.589590587664, 108.91946985552968, 90.0826890956778, 31.469698819972354, 0.985744942378, -0.157747495305, 0.058503301633, 0.0830466164757, 0.758612582614, 0.646227675817, 0.146322138, 0.632157161808, -0.760898912278,  
1551, 1840223.4572332785, 76.01990414835448, 117.29126401323722, 67.71014530612355, 55.31749950757515, 0.317060525815, 0.58807342004, 0.744071418354, 0.874548930127, 0.122246495212, -0.469275998984, 0.366928864746, -0.79951575785, 0.475539442281,  
1561, 1154694.2933271886, 65.08178713105838, 98.3336807757745, 65.2594909209887, 42.9568505446578, 0.528788870034, -0.617858897162, -0.581921570425, 0.523934418987, -0.301774969797, 0.796507747737, -0.667738762937, -0.726073171796, 0.164142297017,  
1583, 654837.4063342962, 53.87016306149459, 132.65156410398444, 82.63256163200896, 14.2620278123462, -0.222466109054, 0.946833736671, 0.232410639651, 0.960732766293, 0.253452818748, -0.112934584778, 0.165835406632, -0.198160399095, 0.966038857468,  
1588, 47138.65294434049, 22.40936340594854, 103.56478347761447, 58.47815894422067, 1.8581585394813893, -0.125919327373, 0.891244956967, -0.435691117279, 0.556741027142, 0.426990753296, 0.71254356028, 0.82108693309, -0.152844114316, -0.549959021226,  
1595, 2552183.6922294307, 84.77629645233773, 112.90038416588823, 111.01481801567274, 48.61238726232809, 0.108428343884, 0.552859899501, 0.826189582219, -0.985961974693, -0.0463449114022, 0.160409269205, 0.126973535441, -0.831984423358, 0.54007373625,  
1620, 1136635.454463442, 64.74072071133138, 113.68195460915098, 88.4477603693474, 26.986975628212463, 0.891680622514, 0.450197441541, 0.0472009646422, 0.3617876735, -0.771450855616, 0.523424547259, -0.272057616575, 0.449650798954, 0.850763664165,  
1628, 3884344.406053859, 97.51611109934878, 114.22676971595756, 110.36927874883338, 73.55513901907501, 0.102219723496, 0.27187643758, 0.956887836069, -0.885794345968, -0.41286102874, 0.211929581696, 0.452680356078, -0.869269218158, 0.19862407101,  
1643, 1758967.9787635233, 74.88412761210665, 114.69982582085827, 85.5655136877208, 42.78660263172975, -0.180358097518, -0.512353365976, 0.839621929819, -0.431823062836, -0.725712324905, -0.535602897568, 0.883741930126, -0.459168432989, -0.0903579054843,  
1644, 1157256.9971232382, 65.12989859779044, 89.7938258278463, 58.88835198957431, 52.24747773457353, -0.429499461892, 0.827363503429, -0.361939007885, -0.059018415215, 0.374215612389, 0.925461777768, 0.901136526227, 0.418846402203, -0.111895721374,  
1656, 2123722.6324360818, 79.73880606964183, 126.96539317249766, 95.81267565856817, 41.6774228009155, 0.40141132063, -0.754846359477, 0.518725288813, -0.520378385094, 0.278101334114, 0.80738217982, -0.753707694002, -0.594025775154, -0.281172705743,  
1664, 3606698.3606394874, 95.13501793312697, 144.32930003519493, 98.23886873562796, 60.72721367671478, 0.368952959104, -0.597085910477, -0.71229356973, 0.607011189535, -0.42555816335, 0.671146530488, -0.703854480519, -0.679991665476, 0.205426885135,  
1670, 2620021.2847497556, 85.52086208023907, 96.71175590211946, 89.24626543826334, 72.46810249552627, 0.354655554877, -0.934841892129, -0.0170315623078, 0.00807652947075, -0.0151519370823, 0.999852583371, 0.93496214205, 0.354740828666, -0.0021765594389,  
1671, 461105.06883350597, 47.925916749382175, 92.20662945548342, 65.44349086818744, 18.24242976088046, -0.511609132632, -0.788398402566, 0.341590477383, -0.857864597096, 0.491008639184, -0.151587761034, 0.04821232681, 0.370592060192, 0.927543581977,  
1673, 441633.32202378375, 47.24157935866242, 113.62154622346357, 81.704767181051, 11.35703941582589, -0.951697829574, 0.240594245728, -0.190750229638, -0.202702760602, -0.0257107453948, 0.978902726738, 0.230614032593, 0.970285198534, 0.0732379783831,  
1686, 2583929.169709059, 85.12634727539417, 117.34756996435894, 86.88946681420352, 60.49935749784675, -0.95595112821, 0.263512701542, -0.129300025525, 0.176211983087, 0.867501292603, 0.465178293076, 0.234748327983, 0.421903500174, -0.875722935094,  
1687, 2114675.443897251, 79.62541416485895, 98.94089104363924, 91.39896220498797, 55.826195372047415, -0.547242510551, 0.830158722852, 0.106593290214, -0.546638952225, -0.258059753849, -0.796612213912, -0.633807139875, -0.494208112354, 0.595018362009,  
1702, 1417009.3771269685, 69.6778441413135, 94.13731359413283, 73.02730586547813, 49.208149720213115, 0.233037465378, -0.913383062512, -0.333803716047, -0.597308781022, -0.40531359746, 0.692057156475, -0.767408470011, 0.0381086450907, -0.640024977111,  
1707, 3235002.2918729284, 91.74772998851938, 109.80971121171991, 102.8173630911259, 68.40357066277491, -0.874466444239, 0.386922347357, 0.292573982124, 0.431730795056, 0.345789842462, 0.833089374227, -0.221171785047, -0.854821900729, 0.469427906641,  
1725, 778409.3312714184, 57.065436210768425, 118.35767103474667, 70.5094556251845, 22.267714868426555, 0.455938803241, -0.269152523338, -0.848337625524, 0.573716307821, -0.63982728889, 0.511341997622, -0.680418551951, -0.719845788744, -0.137304896447,  
1729, 2375325.822548946, 82.77099836368934, 147.98970928248644, 104.91784808109989, 36.521927440886536, -0.114273343224, -0.714033595889, 0.690722539788, -0.983177764293, -0.0184386792396, -0.181718185408, 0.14248890072, -0.699868586986, -0.699914904914,  
1744, 668121.3708500795, 54.231995484585916, 98.80329083670601, 88.2920461376127, 18.284107364592206, -0.33694783163, -0.903715698163, 0.264128937554, 0.308388688863, 0.159125525249, 0.937856856773, -0.889585620017, 0.397463211012, 0.225078698572,  
1746, 3032447.9730312484, 89.79143585212735, 134.01524629304615, 93.76962918043115, 57.608735388129645, 0.575659635062, 0.504657642687, -0.64337908595, 0.58252149438, 0.299070688516, 0.755794569877, -0.573833332202, 0.809862572878, 0.121811000759,  
1748, 1192613.403314319, 65.78653696579266, 83.47201488513487, 77.72526062807201, 43.884180509913556, 0.0857971851623, -0.990969046506, -0.103049463298, 0.649405263682, 0.134063658541, -0.748531722081, 0.75558695497, -0.00269894912586, 0.655042799482,  
1756, 1668775.61767327, 73.58169346555412, 98.11267249555976, 77.01627090632793, 52.7231978991078, -0.109118431346, 0.651489600154, 0.750769251389, -0.930799190808, -0.332039917897, 0.152847503457, 0.348863919503, -0.682136931865, 0.642637667629,  
1757, 369338.0479325118, 44.50872429218024, 98.4089571610696, 61.335591286344005, 14.607915709989301, -0.463118288756, 0.657358945574, 0.594475119154, 0.874532970054, 0.447850830793, 0.186069120614, 0.143921975069, -0.606060104306, 0.782289981439,  
1762, 399891.1386916863, 45.703668086740834, 152.136025229141, 85.9576735598936, 7.300228483718378, -0.530627070528, 0.615818207707, 0.582411235365, -0.100894874027, -0.728130591485, 0.677972024599, 0.841578954358, 0.300988001089, 0.448498703211,  
1803, 1850414.1402364112, 76.1599721213433, 114.59332683526122, 79.1777382755442, 48.68754869728901, -0.109699809135, 0.554816892844, 0.824708534751, 0.193686244335, -0.801878942844, 0.565221903131, 0.974911068063, 0.221739433659, -0.0194944332894,  
1824, 1114585.5855779273, 64.31934369811445, 104.09537677265304, 65.26872861156173, 39.164106099029574, 0.132889666564, 0.967131109692, -0.216789651938, -0.349699505634, 0.250414589042, 0.902775049142, 0.927389126678, -0.0441582411537, 0.371482782183,  
1829, 1288050.9698007065, 67.49653521837953, 121.83692927470753, 78.74892083934998, 32.04947235560558, 0.262149049492, 0.318379946928, -0.910995107146, 0.638307707049, -0.765211811989, -0.0837505457549, -0.723768710965, -0.559540072011, -0.403823923067,  
1838, 3120830.239695939, 90.6554348404068, 120.15711407558709, 92.3813585653763, 67.11934389492308, 0.682826687392, 0.724180582604, 0.0964893712494, 0.593706399426, -0.627003764497, 0.504359981152, -0.425746904, 0.287104097996, 0.858085549726,  
1843, 1119739.7792046953, 64.41833554334117, 132.2735281827032, 64.94848968300744, 31.116196359487212, 0.252989291033, 0.840266146581, 0.479530209198, -0.503796404814, -0.308729290087, 0.806768497116, 0.825945277315, -0.445689385507, 0.345217859514,  
1874, 3304034.217554658, 92.39574587035695, 129.1216529698103, 91.3971530050324, 66.83811329783623, -0.299200883054, -0.629624495784, 0.716974076162, 0.0735232849357, 0.733949023283, 0.67521341648, -0.951353329816, 0.254738739754, -0.173306134677,  
1892, 1195824.3139363022, 65.84552378178077, 149.66546225852707, 77.00266976013651, 24.771448120421162, -0.0492756619721, 0.811978448411, 0.581603738343, -0.967782488634, 0.105142547353, -0.22878395798, 0.246918941821, 0.57413939427, -0.780637554898,  
1897, 252391.37153274356, 39.203842110865814, 97.56715277922864, 25.089398627981467, 24.61455626913252, -0.391025017003, -0.166167141495, 0.905255719212, 0.305643108536, 0.904305914546, 0.298015273302, -0.868148447146, 0.39321659935, -0.302818393948,  
1904, 534709.3040965382, 50.35118668934435, 107.64970126465273, 73.58721254707022, 16.114392975348945, 0.203403327465, -0.19517839393, 0.959443839377, 0.0307943904322, 0.980719720803, 0.192978068044, 0.978610643665, 0.00970689298036, -0.205492054188,  
1909, 3366236.5912146936, 92.97196478970626, 112.81159450487745, 95.39040413349724, 74.67884643344448, -0.213250268542, -0.0216680603747, 0.976757297452, 0.317520707199, -0.947019711407, 0.0483142495257, -0.923961537872, -0.320443694535, -0.208832265626,  
1938, 922647.5248754942, 60.392415998886975, 107.28137018584437, 59.76659425705966, 34.35297801155067, 0.111178153002, -0.838271158891, 0.533798541086, -0.99380045944, -0.0936409047573, 0.0599335279516, 0.000255169587028, 0.537152534321, 0.843485085678,  
1940, 2655702.787413254, 85.90734292315507, 98.57824372826673, 88.28574430546311, 72.84826299952118, -0.226199588274, 0.906472249421, 0.356569498547, 0.534897373497, -0.190335875046, 0.823199279942, 0.814075270531, 0.376935426432, -0.441815728794,  
1944, 424078.7936948026, 46.60716094209994, 92.57477419856923, 41.19251873266392, 26.548924793487718, -0.00443065724056, -0.362460180105, 0.931988726924, 0.193596707362, -0.914676151281, -0.354806782878, 0.981071192205, 0.178857921589, 0.0742237139305,  
1945, 2324329.5038906084, 82.17436596855377, 150.9137343172103, 65.15358630115486, 56.434150757895125, -0.565295921767, 0.241156421579, 0.78884985971, -0.358940401652, -0.932940805038, 0.0279864673932, 0.742699339501, -0.267329449605, 0.613948415161,  
1958, 1905367.383457798, 76.90655760210721, 120.94338736236078, 72.1207610019817, 52.14920457116955, 0.154206066263, -0.723448428933, -0.672935999782, -0.649584344045, -0.587428482391, 0.482667544016, -0.744486849514, 0.362698426727, -0.560525808639,  
1959, 2517201.377567972, 84.38717540387047, 120.43337769814602, 103.62933044567711, 48.15038815426206, 0.495228410782, 0.27220820064, 0.825016070546, 0.52669017207, 0.661153844833, -0.534296786541, -0.690902513962, 0.699126804641, 0.184052783825,  
1967, 642312.5066903195, 53.524496386625465, 107.80897272378932, 72.70459994489686, 19.563248529342214, 0.471676217994, -0.881194368125, -0.0319065974852, -0.798760179452, -0.411664794815, -0.438764484014, -0.37350196934, -0.232440491943, 0.898035465115,  
1993, 2135476.3087138226, 79.88563949368256, 133.23300907435697, 75.86654206491644, 50.43639323003006, -0.93385380959, 0.125168496144, 0.335037176874, 0.356323744809, 0.244856798232, 0.901708676483, -0.0308293885772, -0.961445784188, 0.273260961111,  
1994, 1836618.7246205946, 75.97023435581644, 117.41182869360652, 81.86951709535157, 45.61380666037919, -0.256546232455, -0.201400277431, 0.945315798484, 0.692193709012, 0.644329292007, 0.325127102325, -0.674575347769, 0.737751781911, -0.0258922472939,  
2005, 843987.9220066054, 58.624957486269, 120.24814612659505, 81.77704616644247, 20.489804433026823, 0.139379695825, -0.192427071872, 0.971362508234, -0.856231769064, -0.516180805478, 0.0206042156285, 0.497433873029, -0.834583248135, -0.236707295823,  
2022, 2182119.004946752, 80.46307163014738, 120.92661848768371, 104.54634912024305, 41.20586566800242, -0.44648265242, -0.770104187175, 0.455623509034, 0.826494817679, -0.159820761399, 0.539781104314, -0.342869592465, 0.61757336821, 0.707844317234,  
2025, 585962.6439303176, 51.91112492177729, 98.87170508147149, 76.48602782001933, 18.498102845608898, -0.377423043568, -0.302630078234, 0.8751953393, 0.710271767378, 0.511815597472, 0.48327922638, -0.594193455577, 0.804027256959, 0.0217785999854,  
2031, 447558.3494168142, 47.451908548340285, 128.95978585527624, 56.408909741483996, 14.687877611330292, -0.851598711419, -0.158176580904, 0.499759746242, 0.148266562987, 0.841771618711, 0.519073759915, -0.502788883141, 0.516140204969, -0.693399327808,  
2034, 1217939.768491338, 66.24896036838375, 111.23351182585372, 80.60943924955511, 32.42766316425732, 0.499923695794, 0.0494208982515, 0.864658240694, -0.391314477196, -0.877761943643, 0.276418071459, 0.772624927323, -0.476541231278, -0.419474881931,  
2043, 1298098.2723054106, 67.6715806747472, 99.46793916218019, 64.42035883286303, 48.36294100754207, 0.111940134405, -0.904926982841, -0.410580761892, 0.424502041435, -0.330033312121, 0.843134645064, -0.898480619227, -0.268672977087, 0.347199378249,  
2048, 2335984.184994493, 82.31148361079636, 107.12433418822944, 84.76431830765905, 61.41579522498058, -0.944843842726, -0.105086139768, -0.310204797017, 0.127711935352, -0.990367665949, -0.0534934370886, -0.301595381981, -0.0901597996417, 0.949163545495,  
2054, 416584.3577110413, 46.33097607552755, 114.18055001965489, 58.42394681800353, 14.908409945695077, -0.587459209203, 0.739879981006, 0.327825092432, 0.768183162628, 0.382427296896, 0.513462745722, -0.254531542598, -0.55346813485, 0.793023781187,  
2056, 2556438.0284353453, 84.8233759592687, 103.11630729959286, 96.44626710771534, 61.36685755256479, 0.322575144262, -0.758937259229, -0.565649637902, -0.292330890142, -0.648259194369, 0.703066616748, -0.900271029731, -0.0614349531666, -0.430973107694,  
2062, 438446.68873435137, 47.127680096402834, 105.24762584484048, 63.46409359241728, 15.67067831501877, -0.0844884039388, 0.522022455427, 0.848736864776, 0.960162495488, -0.185045899243, 0.209394358642, 0.266363833614, 0.832616701252, -0.485592150821,  
2063, 3350830.405970365, 92.82991357302032, 122.65677795688708, 109.5264286176918, 59.54610509390433, -0.0398281718189, -0.996193696226, 0.0775360324612, -0.964029030138, 0.0179016054875, -0.265193441798, 0.262796015535, -0.0853091561395, -0.961072631021,  
2080, 1570655.174717967, 72.11031843667932, 125.51190092173816, 100.92774554644048, 29.600344162568454, -0.712212739677, 0.600059859482, -0.364254277231, 0.477053174703, 0.794416266467, 0.375929599896, -0.514949785851, -0.0939731909153, 0.852053846562,  
2082, 2865965.661660926, 88.11722079536989, 114.25029060527419, 85.0956619814719, 70.37487537720757, 0.553851635891, -0.642240795283, 0.529882181523, 0.542564705556, 0.761123465762, 0.355407667548, -0.631563065501, 0.0906522517179, 0.770006664616,  
2095, 2715950.9681089805, 86.55213236874134, 105.93617288357677, 95.55218095741508, 64.05432108719874, -0.17508170962, 0.380701646693, 0.907971723768, -0.625991152328, -0.754851368194, 0.195791953725, 0.75992201716, -0.534102675654, 0.370476530559,  
2102, 1022390.4042652716, 62.494632491610524, 106.19356330971848, 74.98891460208768, 30.650170452394793, -0.237338771199, 0.943338697656, -0.231910347313, 0.960904816767, 0.263022115436, 0.0864945079534, -0.142591166629, 0.202315269558, 0.968884044096,  
2104, 891527.7710658349, 59.70564882743455, 88.81055882375612, 67.86549536730101, 35.312839492664246, -0.539231315458, 0.832757790465, -0.125475299757, 0.842007731009, 0.535929281095, -0.0616667380932, -0.0158924306342, 0.138903808748, 0.990178348866,  
2110, 2904607.7042372725, 88.51148460056515, 129.1194321568311, 96.95922277551077, 55.388313630301944, 0.256400596859, 0.706245535127, 0.659906037283, 0.847080302437, 0.164635412414, -0.505321820431, -0.465525182084, 0.688558222006, -0.556034063483,  
2112, 1329817.787018676, 68.21834453212301, 124.66199782515307, 80.10718320401338, 31.79054583567394, -0.07851668798, 0.960513145119, -0.266926259033, 0.970957706439, 0.13437997265, 0.197947354763, 0.22600057968, -0.243631937569, -0.943168710773,  
2113, 2751864.510836297, 86.93196157637867, 108.37176620184523, 97.96507992826245, 61.8800975378396, 0.919992734922, -0.236427519222, 0.312594619029, -0.136513529247, 0.554324914008, 0.821028590271, 0.36739273812, 0.79801373288, -0.477699338613,  
2121, 2523119.601834936, 84.45325822966977, 114.55376374899996, 91.9032992188559, 57.21484992780527, -0.890768534477, -0.285635742114, -0.353473677681, 0.107695472815, -0.888312821131, 0.446432544681, -0.44151229102, 0.359600548722, 0.822042786135,  
2129, 1362219.075913041, 68.76795602891448, 138.96883627848075, 55.22440626351899, 42.37501571529049, -0.999819382728, -0.0189728039826, -0.0011111394954, 0.00158693060987, -0.141601940816, 0.989922407064, -0.0189389432963, 0.989741846678, 0.141606473583,  
2133, 1500760.962121805, 71.02441058951462, 143.5263126744484, 71.4727816923879, 34.926148999113785, 0.22767949985, -0.969456692858, 0.0911908220174, 0.515282538591, 0.199417378784, 0.833496619347, -0.826223910797, -0.142781055154, 0.544947354813,  
2144, 772427.406953983, 56.91888122546937, 123.73311802300616, 66.25765332745671, 22.49298316439597, -0.34327084588, -0.226155023497, -0.911602452671, 0.181692650807, -0.968234012637, 0.171786720721, -0.92149493054, -0.106662093175, 0.37345721424,  
2148, 3122250.259017384, 90.66918256554399, 119.48469214016241, 102.83789457322946, 60.661571287388036, -0.45745488715, 0.637320540083, 0.620127047798, -0.416966273541, 0.462217382063, -0.782620098419, -0.785413364384, -0.616585453045, 0.0542975702993,  
2154, 3560981.778951814, 94.73134730538496, 132.74273441823604, 83.93416001798131, 76.30124669989111, -0.568630315096, 0.822479555973, -0.0136727744025, 0.171216692112, 0.134597359084, 0.975996104126, 0.804577161679, 0.552639965017, -0.217358367611,  
