# Void_ID, Void_Volume, r = (a*b*c)**(1/3.0), a, b, c, vector_a, vector_b, vector_c 

0, 2176059.6123067983, 80.38852492733461, 127.82788860311555, 90.34455649493685, 44.98363777675906, -0.959455151176, 0.150481591743, -0.238329820688, -0.0385041979603, 0.767654813358, 0.639705802902, 0.279218981486, 0.622945726427, -0.730736192004,  
1, 3658824.635740194, 95.5911445855067, 122.83367644032477, 104.22801096369068, 68.22618456528485, 0.213373343136, -0.976644748566, -0.0252359175879, -0.153088021289, -0.0589354157133, 0.986453584571, 0.96490200237, 0.2066195825, 0.16208785874,  
2, 2377558.071062692, 82.79691867994175, 97.1441831760376, 81.24098890302922, 71.92013961757549, 0.583927315549, 0.661946827908, -0.469952430761, 0.7485912651, -0.663021162979, -0.00374903433045, 0.314070068571, 0.349613121127, 0.882683781183,  
3, 2130290.9850662234, 79.82092814967278, 122.03264971915864, 98.91878263243923, 42.13039354664291, 0.6530864457, -0.114655204543, -0.748553457353, 0.212775600408, 0.976434741188, 0.0360796351458, -0.726776883448, 0.182837032005, -0.662092124566,  
4, 715161.8811154854, 55.47601406355593, 107.25120471415055, 89.87838446826903, 17.711621066240596, -0.0825430227689, -0.789109487936, 0.6086812511, -0.995188583767, 0.0329166839331, -0.0922831222823, 0.0527857190109, -0.613369960112, -0.788029796328,  
5, 2029438.4413735461, 78.54087905425737, 120.34079649012985, 70.60532640969225, 57.02127533001871, 0.206313811299, -0.821181121667, 0.532067830905, 0.464921086676, 0.560733914939, 0.685146597307, -0.86097792912, 0.106014348341, 0.497471570559,  
6, 1353627.7701647617, 68.62308140031023, 143.0250112119273, 93.67246321001946, 24.120522713701654, -0.507587308009, 0.712635188094, -0.48425841597, 0.834944239419, 0.545562434703, -0.0723169890254, -0.212657569365, 0.441035960587, 0.871931212689,  
7, 1520501.1688217185, 71.33446082372913, 121.54322070049692, 67.62675540337705, 44.16201260904145, -0.26680709624, -0.352778444881, 0.896861941563, -0.935565105163, -0.128602375174, -0.328906313562, -0.231369633698, 0.926827275131, 0.295735176595,  
10, 2426282.1401784904, 83.35869314537113, 119.34674045530906, 78.12103081836322, 62.12611047356947, -0.148975650313, 0.988178583127, -0.0361848512827, -0.148902248093, 0.013757824145, 0.988756209987, 0.977565535464, 0.152688605087, 0.145092431746,  
11, 4195419.9126253035, 100.05272972956004, 126.22764000770398, 97.66642266518156, 81.24321152655234, -0.309293715719, -0.718548960304, -0.622916358, -0.918169697165, 0.396185768617, -0.00111532603308, -0.24759201244, -0.571597960451, 0.782287649771,  
13, 3229125.230599305, 91.69213663393987, 126.69155141952838, 100.89260212330386, 60.30999621301564, 0.303350278876, 0.883605528791, -0.3566789562, -0.350266424807, 0.451512009025, 0.820640199697, -0.886167049692, 0.124008770643, -0.446463643362,  
16, 2542564.6107461844, 84.66965617298162, 170.56998064044717, 61.91381800312899, 57.476882217576325, -0.962228040423, 0.0763616275811, -0.261316092225, 0.244274930989, -0.181609051667, -0.952548114503, 0.120195492067, 0.980401476022, -0.156096090601,  
19, 2022766.4050427843, 78.45471352392181, 113.36237605703123, 87.21856454543315, 48.84040403064934, -0.149871159629, 0.988611687341, 0.0136223039438, 0.698111855974, 0.0960554987074, 0.709516157474, 0.700127468437, 0.115845901185, -0.704557488867,  
21, 2087170.7639093958, 79.27868864074298, 85.92563294758739, 82.62484093224639, 70.18365752200081, -0.350834876623, 0.0167453235065, 0.936287607248, -0.926765387853, 0.13712178856, -0.349719217344, -0.134241592743, -0.990412645942, -0.0325881195376,  
22, 757387.092126666, 56.547025283784976, 91.84663208038258, 55.94997424369466, 35.18569738918821, 0.509924569445, 0.779823051097, -0.363115604805, 0.784693629646, -0.248721213993, 0.56779720438, -0.352466794277, 0.574468246892, 0.738751238405,  
25, 627979.6189863284, 53.12337353299304, 123.74453491967155, 45.436671031430976, 26.663945141224943, -0.723340270884, 0.639903872957, 0.259426070187, 0.687286078936, 0.703395080619, 0.181309697098, 0.0664582441767, -0.309448531965, 0.948591011894,  
26, 3170450.912058843, 91.13337932903981, 127.15432631611598, 98.15556928899908, 60.64379019908127, -0.00269577273823, 0.761613220582, 0.648026261076, -0.164660861301, -0.639521191153, 0.750932384987, 0.986346558551, -0.104680219243, 0.127131892672,  
27, 2589700.5793850464, 85.18967895108099, 118.55462807267811, 76.48244231708136, 68.18371881100093, -0.228053459115, 0.35935056054, 0.904908169057, 0.923668020098, 0.373796504952, 0.084341932237, 0.30794319027, -0.855069206278, 0.417166206735,  
28, 3416216.689265762, 93.4298389513848, 115.93669661542339, 99.64668555044273, 70.59485021380048, -0.369843656067, 0.473346331465, 0.799474152525, -0.908395742925, -0.364846315543, -0.204216405486, -0.195020112559, 0.801767058767, -0.564921887675,  
33, 226014.4053672505, 37.787587895946146, 139.31464307762485, 34.01849826759383, 11.385067414678177, -0.539976426333, 0.455714750097, -0.707636577311, -0.39047687988, 0.609158283076, 0.690256468597, 0.745622736566, 0.649037943963, -0.150985039034,  
35, 1903729.6691375198, 76.88451687037895, 129.96754672318963, 73.71321986634283, 47.439091766292634, 0.331115512799, -0.523464387938, -0.785078054555, -0.466821275644, -0.813933821006, 0.34581733853, -0.820024642184, 0.251985653526, -0.513870427859,  
36, 2664363.302258054, 86.00062576705845, 108.67222117290041, 106.2346767768205, 55.095989763655034, -0.508231337482, 0.386265914302, 0.769739924293, -0.684822316318, 0.360709481749, -0.633172223687, -0.522225337066, -0.848933044018, 0.0811996557952,  
37, 1422766.92207438, 69.77208750683162, 115.41575268812113, 84.3233258002796, 34.90055513541299, 0.311709774765, 0.896731029077, -0.31418223662, 0.739515706165, -0.436575156051, -0.512365741881, -0.596618417962, -0.0726332885797, -0.799231423769,  
38, 1327414.1027527219, 68.17721752984369, 102.22407866040736, 84.31124539529239, 36.768770563027765, 0.244456925209, -0.463632646466, -0.851637000634, 0.0415128685154, -0.872474722517, 0.486892740053, 0.968771125429, 0.15437819697, 0.194035766896,  
42, 749586.8157283289, 56.35223040688823, 105.32097900078318, 55.50126672207341, 30.613680635981275, 0.145106197982, -0.00845263437962, 0.989379979724, -0.930017152054, 0.340091336809, 0.139305346321, 0.337657057076, 0.940354420205, -0.041488265898,  
43, 2581394.600207367, 85.09850476455273, 103.97455965999087, 92.35868320324201, 64.1742742352894, -0.734454614962, 0.063734429375, 0.675658450013, 0.601884510196, -0.398796256736, 0.691879022662, -0.313546575403, -0.914822096435, -0.254536985382,  
44, 2550442.3848242643, 84.75701163634132, 123.08709626420057, 101.66304992852787, 48.657663079140804, -0.786767504796, -0.521650138114, 0.329966705597, -0.615787021118, 0.626561031731, -0.477731742863, -0.04246455015, 0.579053026002, 0.814183244153,  
45, 906142.4518224545, 60.03013074878807, 101.79271224676108, 97.59015562601685, 21.776354158615533, -0.580965597103, 0.156327287324, -0.798774532782, -0.215500399874, -0.975902752366, -0.0342548621134, 0.784881234734, -0.152235334803, -0.600654518172,  
46, 1369451.793868946, 68.88944934481158, 98.61528493783895, 67.31150777404234, 49.25208124441438, 0.343485942142, -0.752872955815, 0.561426504499, -0.843145694206, -0.51051574223, -0.16875726733, -0.413669851321, 0.41539859092, 0.810136571678,  
47, 1005310.3456428134, 62.14466447066556, 135.3804343464217, 58.25764187304582, 30.43005504824144, -0.751069707667, 0.0565985920377, -0.657792439607, -0.190811748956, 0.935193118656, 0.298336567116, 0.632048392677, 0.349586084101, -0.691595545906,  
50, 1895029.949944494, 76.76722164860793, 116.98280245865176, 76.01699217148557, 50.87386886134568, 0.900710709557, -0.328867911264, -0.283841706994, -0.263127048288, -0.932895894789, 0.245905278399, 0.345665118501, 0.146803087249, 0.926803366106,  
51, 1517763.666940618, 71.2916250503085, 121.47805892853789, 82.40534001340946, 36.19614701300547, 0.535534125582, 0.838659344872, 0.0992658228968, 0.685328633004, -0.500261867311, 0.529209532132, -0.49348542544, 0.21538005333, 0.84266456405,  
52, 1507078.7545694497, 71.12393549840992, 92.61590060947961, 81.9048849899462, 47.42987490823432, 0.180022196348, -0.973607039253, 0.140290206139, 0.703909737907, 0.0278855298364, -0.709741839056, 0.687097583828, 0.226520926942, 0.690351490152,  
53, 548910.089432903, 50.793039412184775, 98.00185892861838, 47.38311923233741, 28.21984627895955, -0.303774658961, -0.128135420385, 0.944088062956, -0.95270550907, 0.0497499183901, -0.299795194439, 0.00855392081641, 0.990508081574, 0.1371880854,  
54, 1976387.5292783785, 77.8504567985667, 116.04656414288118, 88.788756309951, 45.79238213611019, -0.861904346455, 0.424183657277, -0.27782930454, 0.456403334365, 0.887710030651, -0.0605549160858, -0.220945454677, 0.17899476635, 0.958719969374,  
58, 1699869.1060215228, 74.03588813463871, 103.5132322454153, 95.4420001329302, 41.07631444268515, -0.454124735202, -0.708307025738, 0.540436751311, -0.820837274641, 0.568477331836, 0.055314480464, -0.346405677549, -0.418490956268, -0.839564426404,  
59, 516468.45054128376, 49.77199657339881, 168.9077079816158, 42.117827759762804, 17.33164379482022, -0.168614255703, 0.131342546779, -0.976892198853, 0.947940317161, -0.250017554546, -0.19723178628, 0.270145123728, 0.959291591657, 0.082348371578,  
61, 2122532.74702741, 79.7239111918452, 113.27069272296812, 94.44656122001665, 47.365495357563084, -0.471707350465, 0.170547628019, 0.865104434213, 0.396719349393, 0.917253742889, 0.0354870254104, -0.787468052263, 0.35994315903, -0.500334876791,  
63, 1906980.7306764564, 76.92825805002931, 148.9370977158704, 65.78718711686125, 46.463667968276184, 0.102539884988, 0.594419010152, 0.797591131067, -0.677708931751, -0.54518741236, 0.493438232435, 0.728145710563, -0.591131733013, 0.346939617822,  
64, 1181932.7193466618, 65.58955967577006, 94.47027075468637, 75.78867475342861, 39.40984011701009, 0.131893028461, -0.810614807275, 0.570532964228, -0.787768483307, -0.435073490994, -0.436041138131, 0.601685171624, -0.391937101664, -0.695959957603,  
66, 2185839.169338682, 80.50877123186307, 127.07019826269445, 93.2601845693768, 44.03414991139484, 0.847377705711, 0.244458889023, -0.471371271337, 0.192259139369, 0.686234811249, 0.701511373506, 0.494962066419, -0.685070533162, 0.534500624321,  
69, 990360.2728807931, 61.83507148188708, 94.77622612607824, 58.66990348878554, 42.519663227394794, 0.225474289281, 0.766294052274, 0.601626769952, 0.813957506332, -0.487520653444, 0.315906299956, -0.535382594748, -0.41846987695, 0.733654168751,  
70, 1689747.6189409317, 73.88865218824148, 108.42928947957195, 75.08522416443712, 49.54868582766396, 0.870881761774, 0.48884190484, -0.0509759657308, 0.344290462133, -0.532744772341, 0.773076377358, -0.350754949636, 0.690808656298, 0.632261311239,  
75, 432643.9080720051, 46.918846654567034, 75.19221534505542, 44.56357987886903, 30.82400255145826, -0.0559345946855, 0.917597720568, 0.393555262099, 0.909229858021, -0.116045675139, 0.39979302966, 0.412519558809, 0.380194456154, -0.827816277388,  
76, 2021958.3245228427, 78.44426476923235, 101.7508791846898, 72.40178262235641, 65.52336018902857, 0.100460688728, 0.199925714888, 0.974647299564, -0.812948951576, 0.581255729152, -0.0354369787132, 0.573604090076, 0.788778477048, -0.220922751189,  
77, 2519026.027871473, 84.40756046284503, 115.76958705983215, 93.07748081587857, 55.80908997751611, 0.0591967578238, -0.716414018766, 0.695159476364, 0.254496967725, -0.662538340864, -0.704467345094, 0.965260087894, 0.218618161642, 0.143105073698,  
78, 313705.3933724024, 42.1513147514695, 110.79688706351732, 79.24545266936416, 8.529655025021524, 0.851363650096, 0.510810312216, 0.119384924633, 0.294128564502, -0.653275082214, 0.697653248041, -0.434359669905, 0.558842099248, 0.706418562375,  
79, 3290299.9158503683, 92.26754366218861, 127.31044158392683, 96.53625358224404, 63.91347221171562, 0.200482696108, 0.613734954729, 0.763633481393, -0.82150698942, -0.319376694382, 0.472360872025, 0.533791115415, -0.722030423479, 0.440158054197,  
81, 1368012.0892760272, 68.86529972194316, 90.39555568966328, 76.48504604908562, 47.236500400469886, -0.896474828022, 0.324301892075, -0.301929073658, 0.161025076703, 0.873266279021, 0.459866209455, -0.412799960509, -0.36364032879, 0.835081974348,  
83, 1452886.4815099884, 70.26100504637806, 116.44555616503148, 105.85983491819952, 28.137722463918287, -0.502468329813, 0.706431173715, -0.498478258641, 0.863798299614, 0.385416252186, -0.324510107909, 0.0371224341705, 0.593640724137, 0.803873507168,  
84, 1855098.1075965464, 76.22417941417034, 130.004366645759, 76.28582776429519, 44.65565564985812, 0.566451074163, -0.311986382477, -0.762756630734, -0.64088029321, -0.748641987682, -0.169728088587, 0.518078787787, -0.584978351248, 0.624014982365,  
85, 2124768.045957578, 79.7518878708124, 144.63937242793173, 88.73287064092078, 39.52317784066277, 0.30165749211, 0.754691537076, -0.582617748889, 0.733061204996, -0.57431834548, -0.364389500087, 0.609609733504, 0.317173646305, 0.72648251934,  
87, 388510.7137312323, 45.265931661331344, 131.51961992387382, 75.32804127830259, 9.361968387887032, 0.409905454469, 0.911722233972, -0.0272045304624, 0.869014611282, -0.399417971893, -0.292025493935, 0.27711211409, -0.096061708343, 0.956023548044,  
90, 2727313.987183449, 86.67267027471819, 129.1784357739102, 98.29409884834213, 51.277762164040034, -0.608302470352, -0.272966340667, -0.74529019947, -0.0839615320111, -0.911602061835, 0.402407929842, 0.789251902567, -0.307361444753, -0.531611114043,  
92, 2073057.4658721155, 79.09959209624789, 101.72512165084011, 83.4965485166926, 58.2674470755217, -0.94859566296, 0.272118061383, -0.161610732572, -0.164408869139, 0.012645022309, 0.986311222262, 0.270436669041, 0.962180785549, 0.0327436094237,  
93, 1708651.6219294595, 74.16317337844455, 130.3826053260162, 107.47876224545126, 29.10868608532439, 0.795031848648, -0.0624320309331, -0.603346170245, 0.495259507632, 0.641099911303, 0.586266939054, -0.350203340555, 0.764913815564, -0.540614904552,  
94, 453355.57688921515, 47.655911919521046, 136.5662946280739, 41.877330973179845, 18.924648974820975, -0.80266236187, -0.517108548013, -0.297206800746, -0.588548750461, 0.767467688617, 0.254172609186, -0.0966617875288, -0.378935478019, 0.92036101739,  
96, 2945984.2984525077, 88.92979124209107, 112.76291625716225, 102.67608656722601, 60.74439515268115, 0.0777291755503, 0.491931727819, 0.867157050616, 0.904691506407, -0.40027833646, 0.145981271389, 0.418917000734, 0.773162614542, -0.476159760973,  
97, 676645.2978601065, 54.461653109304585, 128.27752922403036, 55.78155880592557, 22.575180227767138, 0.0238567295086, 0.820077091824, 0.57175555959, -0.798490592944, -0.328495641001, 0.504483286962, 0.601534395889, -0.468576757114, 0.646987011658,  
100, 3120897.792751435, 90.65608894064768, 132.66009492570922, 78.78131453505061, 71.28980223038286, -0.850726975937, -0.463594747166, 0.24767624596, -0.442630194628, 0.886012844105, 0.13805705663, 0.283446861363, -0.00781987733962, 0.958956060673,  
101, 1151958.6876004105, 65.0303510370623, 117.81840490607794, 78.69430096948965, 29.661415626645677, 0.37951979048, 0.189943840805, 0.905475602087, -0.450543358122, 0.892753175819, 0.00156509326948, -0.808068939563, -0.408550002331, 0.424395434128,  
102, 516407.43057395617, 49.7700363341248, 105.23478065166782, 71.88960875457812, 16.295903835692677, -0.0646107194521, -0.906039555319, 0.418231728985, -0.903799809468, -0.124544556795, -0.409431994083, 0.423050067176, -0.404451452674, -0.810831464049,  
103, 1477766.7314229119, 70.659803489082, 120.27213562924597, 74.69691854502315, 39.26897513000551, -0.959340392353, 0.106766641094, -0.261279344665, 0.258748402156, -0.0371543918182, -0.965229928851, 0.112762032533, 0.993589671604, -0.00801801103786,  
104, 2237729.1645857585, 81.14086582730268, 116.48348575118997, 99.84708903223775, 45.932400887967844, -0.205019459372, -0.137064495135, 0.969113174739, 0.693445871854, -0.71910232681, 0.0449962930165, 0.690724144711, 0.68125264605, 0.242476778605,  
106, 611524.132934123, 52.65524814031616, 101.27318938975853, 71.59233937342215, 20.135571013409365, 0.742423506849, -0.660493371859, 0.112052854528, 0.138549425314, 0.315023061498, 0.938916677597, -0.655447475564, -0.681548953821, 0.32539150315,  
107, 883346.8619555669, 59.5224620902205, 113.81590645240198, 74.89937939349477, 24.737823154304163, 0.240117693084, -0.397925170755, -0.885437209489, 0.895235557764, 0.443467187114, 0.0434758561394, -0.375362211181, 0.803114196383, -0.462721080118,  
108, 1336540.1972682916, 68.33310238792659, 74.88486122124473, 73.54673981219742, 57.93432620470398, -0.480923454586, 0.00930535331811, 0.876713203521, 0.248687114469, 0.960323858898, 0.126225215897, 0.840754036521, -0.278731943685, 0.464156389208,  
109, 2371633.642842841, 82.72809002137741, 108.44557035585274, 85.74874459683208, 60.886275073024535, 0.243018785153, -0.935009172825, 0.258262883115, -0.519096977631, 0.0995587146342, 0.848897161118, -0.819438953112, -0.340361438874, -0.461165797789,  
112, 2255081.8707728144, 81.35006446428584, 135.05174779884265, 115.47448789885239, 34.52132450542193, -0.872171570985, 0.256362360271, -0.416647442093, 0.298167983879, 0.953784502896, -0.0372957829456, -0.387830638495, 0.1567592494, 0.908302776376,  
113, 2304310.4873733157, 81.93776790848602, 152.62189315484895, 94.92232646659487, 37.97232391619522, 0.573648027722, 0.709431520276, 0.409432361117, -0.423159803264, -0.171309575932, 0.889712768311, 0.701329965988, -0.683637292161, 0.201931502186,  
115, 605891.8540922853, 52.4930936144786, 114.96732260552547, 96.18785910198464, 13.080123011799076, 0.237396685417, -0.806643315496, 0.54126645501, -0.830425725118, -0.457621151797, -0.31776720487, 0.504019770262, -0.374044707214, -0.778495104795,  
117, 910189.1327579618, 60.11935956785119, 110.53169930805042, 67.66226895594278, 29.05424755550049, 0.270429832796, -0.505528509669, 0.819334261121, 0.403154173728, 0.832295896399, 0.380460580144, -0.874262213377, 0.227430135975, 0.428883568711,  
120, 1606932.8738006586, 72.66127965173997, 107.97772923121502, 87.16276476629793, 40.760916330489636, -0.0113188143476, 0.659961136705, 0.751214471693, 0.472341174573, -0.658633711247, 0.585743501212, 0.881343122311, 0.361459447861, -0.304271865783,  
123, 1919714.8454465568, 77.09911116981272, 132.3427060030216, 73.79717598840239, 46.92544078449985, -0.381435684368, 0.543854901403, 0.747481548208, -0.020895405798, -0.813482801043, 0.581213484379, 0.924159185805, 0.206076632902, 0.321655437798,  
124, 2295233.2655026866, 81.83003559972839, 124.92371516478636, 92.0134890905909, 47.66963534304407, -0.803567158386, 0.365803743743, 0.469539607516, 0.572409716655, 0.691196517405, 0.44112865539, 0.163177627885, -0.623245533791, 0.764812438685,  
127, 1807954.0315848636, 75.57292963372396, 133.0863492449306, 101.85664140114092, 31.840209097492828, -0.772988241858, -0.626489024724, 0.100003399187, 0.149671952004, -0.02690284233, 0.988369639284, 0.616512355701, -0.778965813739, -0.114563416033,  
129, 631987.2003078915, 53.23613990922583, 145.8338917571504, 68.74119299440538, 15.050264852154626, -0.388198469205, -0.491054796353, 0.779850713589, -0.916592508929, 0.293612163466, -0.271385463943, 0.0957085214676, 0.820156743826, 0.564076940209,  
130, 1371092.50927197, 68.9169500990663, 128.02182287755969, 87.71102101337856, 29.150095076771194, -0.890968512724, 0.395416351876, 0.22320622304, 0.453186697976, 0.804948540155, 0.382987812444, 0.0282298797795, -0.442384172832, 0.896381234473,  
138, 1740823.1969927931, 74.62574594512628, 124.13011088589501, 95.86168339687666, 34.92559883567791, -0.998681136175, -0.0268253974949, -0.0437765496215, 0.0385914545477, -0.954579922635, -0.295445208015, -0.033862780208, -0.296744956743, 0.954356192815,  
140, 1739325.2084016853, 74.60433450475118, 105.51669324375541, 77.61899526179648, 50.699420202026104, 0.843680890525, -0.178186445406, 0.50641104415, 0.364392289981, 0.882798179937, -0.296455110434, -0.394234465725, 0.434645791621, 0.809729721488,  
141, 2760177.4820147078, 87.01940973155968, 115.19618252477883, 80.67482354256445, 70.90425329695634, 0.570372396077, -0.814450009474, 0.106520006857, -0.640363293095, -0.522130284737, -0.563307037606, -0.514402743626, -0.253083282395, 0.819352591698,  
144, 753899.9338055939, 56.46010722930916, 94.60950491739445, 67.8901887813631, 28.02097932615206, 0.558332997968, -0.65804698893, 0.505211266442, -0.600565006319, -0.740720559022, -0.301089233662, -0.572351235313, 0.135304152937, 0.808768724441,  
145, 2183950.688348566, 80.48557905735247, 151.75795729684924, 70.41940694298358, 48.7877043597336, -0.638835346622, -0.587085164731, 0.497212639884, -0.231431094896, 0.762993638708, 0.603556422886, -0.73370910327, 0.270502710975, -0.623297068125,  
146, 3978184.948533099, 98.29515689137365, 108.61797534476352, 96.51042776739685, 90.59837681632672, 0.0693417927774, -0.812808841687, 0.578388712416, -0.806181284145, -0.387155372688, -0.447417539322, 0.5875912294, -0.435261420614, -0.682117323381,  
147, 600506.1269584962, 52.33709475593638, 109.21032335981944, 73.73651994111292, 17.802561867552022, -0.420602200116, -0.85140783595, -0.31336637685, -0.907244456501, 0.395147142067, 0.144104934908, -0.00113375745213, -0.344910760921, 0.93863479671,  
149, 199827.0919913027, 36.267859085841415, 121.65910029066343, 46.242712839155864, 8.479648583807988, 0.785146939972, 0.611752705683, -0.0964515927399, 0.437529243808, -0.658144441083, -0.612710417313, 0.438306335187, -0.438867316807, 0.784399792691,  
151, 1474281.108412655, 70.60420442625889, 126.80365692178505, 118.87893392143485, 23.348286347905074, 0.594708788269, -0.794388863491, -0.123562901862, -0.194672202475, -0.291418416516, 0.936577834512, 0.78001550673, 0.532936806833, 0.327954523043,  
153, 506266.9139799248, 49.44210799227886, 80.42537698778347, 70.29699111161976, 21.377705739216022, -0.15541215983, -0.289470136365, 0.944486156982, -0.498282093043, -0.802589264217, -0.327971688894, 0.852972459303, -0.521591327685, -0.0195056544135,  
158, 145312.32632752604, 32.61404119345668, 97.31012470274918, 68.34726875292338, 5.215964811370075, 0.609047328902, -0.517187868729, 0.601313611684, 0.380256442461, 0.855741232026, 0.350873170501, -0.696036198142, 0.0149550075047, 0.717850930644,  
159, 1273532.1837951879, 67.24197152999602, 117.26570009243713, 67.86254723476502, 38.20499592231799, 0.234473209228, -0.226904624612, 0.945270651974, -0.679697957083, -0.73345416521, -0.00746154628756, 0.695005756301, -0.640748998334, -0.32620196174,  
161, 2819780.285782445, 87.64131532714089, 144.90975326243807, 94.25861689078697, 49.284230578940516, 0.66041258379, 0.70333877621, 0.263001492488, 0.682110082665, -0.708359318695, 0.181529366069, -0.313976200212, -0.0595116921023, 0.947563878693,  
162, 898440.6859455546, 59.85957106318778, 124.10170986163052, 59.93653340676822, 28.835760881785067, 0.509060709938, 0.85387289008, -0.108435608466, -0.571071054191, 0.429315800999, 0.699689784174, 0.643999258278, -0.29426014103, 0.706169897927,  
164, 2529726.8681729487, 84.52691292238815, 103.45799147549266, 91.14362351016005, 64.04639520508101, -0.712805980075, 0.633465167097, -0.301047366446, 0.698588234086, 0.603124861842, -0.38498685721, 0.0623066125369, 0.484729082172, 0.87244232069,  
165, 2484944.921829488, 84.02516731855583, 138.58244927445253, 82.89002437270612, 51.64373664898509, 0.460390208334, 0.880091414352, -0.116103223269, 0.324192480202, -0.0449344197708, 0.944923348056, 0.826401894874, -0.472673248982, -0.306006385303,  
167, 777354.2185655214, 57.03964100275081, 135.15319841653, 76.09920081150148, 18.043630575553863, -0.384321417958, 0.231103979977, 0.893805346895, 0.911209543277, 0.250484650981, 0.327039153412, 0.1483044704, -0.940132113089, 0.306850768286,  
170, 2253454.9689423363, 81.33049674771914, 100.00143795181351, 78.08784011152841, 68.8922897044255, 0.213673705563, 0.878706707839, -0.426870084628, 0.919690122608, -0.0335946168073, 0.391205163691, -0.329414064557, 0.47617845743, 0.815316166129,  
172, 592431.4204944284, 52.10145178172914, 87.58365132309628, 46.20412673944785, 34.949877781945496, -0.833630711698, -0.43121537905, 0.345127705906, -0.527561965607, 0.436669556087, -0.728696144653, -0.163518222098, 0.789539736592, 0.591513985789,  
174, 565802.7734682776, 51.308835045800635, 100.70244100906096, 81.45452415303814, 16.467256634469518, 0.408474184203, 0.898343080588, -0.161643281334, 0.459921597328, -0.355533748475, -0.813675536075, -0.788429429405, 0.258022214655, -0.558393742437,  
175, 531693.8357826535, 50.25635714256492, 83.65179996837469, 60.0201303767648, 25.28138086031263, -0.715386166889, 0.497367634943, 0.49076274098, 0.35377765825, -0.347854558949, 0.868238777262, -0.602547924025, -0.794746904071, -0.072892782382,  
178, 2853243.484299116, 87.98664167740105, 125.58969479998584, 82.12428559428893, 66.04266884876085, 0.89669546768, 0.245897181423, -0.368064959498, 0.158101301485, 0.598743095685, 0.785181943143, 0.413450379986, -0.762260638848, 0.498013555791,  
179, 2587343.6870991895, 85.16382733454572, 136.20892823254354, 80.73804479897412, 56.16706216398787, 0.536717243295, -0.542529518158, -0.646216931592, -0.542521520188, -0.808465779674, 0.228152324618, -0.64622364618, 0.228133305378, -0.728251463503,  
184, 1372180.9419040142, 68.93518169577139, 118.15433048774821, 74.01881601353323, 37.4568279599067, 0.106397912239, 0.983764093624, 0.144525749842, -0.474511566172, -0.0774958797556, 0.87683131912, 0.873795318047, -0.16187216165, 0.458562040996,  
186, 1417339.1507302548, 69.6832489823872, 120.45186716329957, 97.26408974286996, 28.881457833490064, -0.0523203973642, -0.544963158968, 0.836825986324, -0.457881860938, -0.731607014071, -0.505069676764, 0.8874721277, -0.409592886084, -0.21125077568,  
187, 1044856.4020295166, 62.9490721204972, 101.57174650491602, 60.97363407038948, 40.27661824082715, -0.804707227153, 0.363227656885, 0.469586997096, -0.080677093025, -0.85055704802, 0.519657497515, 0.588164505243, 0.380287230047, 0.713753555112,  
189, 443686.79368533514, 47.31468621867686, 120.80823086462692, 46.19397283644653, 18.98043028926739, -0.760649500026, -0.450719847079, -0.467187283174, -0.142401623872, -0.58629706272, 0.797481994633, -0.633351494534, 0.673132508274, 0.381783329489,  
190, 896514.3770645825, 59.81675965579265, 126.69973752158937, 58.507526445435325, 28.872287691213014, -0.0481045082912, -0.327756271613, 0.943536847559, -0.914741702823, -0.364936367665, -0.173404338678, -0.401165269432, 0.87143403306, 0.282257245482,  
191, 1723681.4491601551, 74.37999293568302, 113.98747771942548, 75.04953087825605, 48.10201535457295, -0.434924004799, -0.848963347252, -0.300170526654, -0.899975989263, 0.420832868696, 0.113766934458, -0.0297376663455, -0.319626237421, 0.947076944895,  
192, 996318.9616839145, 61.95883770341357, 100.2079103370609, 59.412622224647436, 39.95112929330131, -0.583474720083, -0.337488276888, -0.738687291069, 0.0486507484803, -0.922457881343, 0.383020315154, -0.810672779669, 0.187544981567, 0.554649911379,  
196, 998599.0073331734, 62.006065334092845, 118.59482641005908, 86.21708999022968, 23.31542930828597, -0.165652727103, 0.74315376721, 0.648291332878, 0.713812604892, -0.363231828388, 0.59877725737, 0.680463620704, 0.561947610661, -0.470302183465,  
197, 457317.4325311207, 47.79433050235175, 132.71940606346854, 60.44187691926594, 13.609957707961149, -0.857691472451, -0.362464176005, 0.364671165844, -0.503518537219, 0.448534537098, -0.738434730838, -0.104088523682, 0.816967863593, 0.567211679265,  
198, 2591276.392667791, 85.20695454004156, 124.5264568968247, 94.93589601554315, 52.3278684187133, 0.454054563198, -0.631875229772, 0.628146597253, 0.112539713142, 0.740038439233, 0.663082137766, 0.883837805599, 0.230384032561, -0.407128887375,  
201, 1741030.7103456985, 74.62871106023125, 102.31445461449101, 88.89246797554394, 45.69996473461399, 0.444626923888, -0.115516679193, 0.88823577691, -0.0463940240156, 0.987347932148, 0.151629995116, 0.894513551093, 0.108627610263, -0.433642190289,  
202, 689696.7279624717, 54.809585634071624, 129.72431859915918, 65.24605596005543, 19.453327304190505, -0.503689417575, 0.843448351006, -0.186793602158, 0.831444721222, 0.532004442641, 0.160221560852, -0.234513637501, 0.0746066498043, 0.969245686929,  
205, 891692.0528840012, 59.70931592207447, 131.1985372494481, 96.75855186058185, 16.769029696833293, -0.714194338758, 0.288556734855, 0.63770013114, 0.683284679941, 0.485030024269, 0.545772774802, 0.151817300213, -0.825518556017, 0.543572093681,  
206, 1292948.086652392, 67.58196672497827, 107.50061654401154, 80.30459455357676, 35.755357912825005, -0.445158488859, 0.626154728452, -0.64012824952, -0.666513343858, -0.709091898094, -0.230105720304, -0.597991540288, 0.324220505357, 0.732998759651,  
207, 837704.3341981039, 58.47910505678614, 126.35103955387831, 59.0720956934899, 26.794209896967896, 0.0943213414584, -0.906946499157, 0.410550279761, -0.935537899493, 0.0602574569704, 0.348048671154, 0.340400239656, 0.41691376392, 0.8427992586,  
209, 1284381.2242370974, 67.43237349316242, 145.61685030657114, 98.75985354842152, 21.321279758861245, 0.441522815661, 0.282425297161, 0.851641682149, -0.420468956837, -0.773368329251, 0.474454722443, 0.79263072082, -0.567571474649, -0.222708692192,  
210, 838543.146363912, 58.498617359336784, 112.04320991035601, 67.84103827976712, 26.336543498218287, -0.356874708757, -0.353134504629, 0.864833200039, -0.912233933783, -0.0676282146433, -0.404049099293, -0.201170803807, 0.933125096771, 0.298006478908,  
212, 814461.3887941549, 57.93317054696827, 137.22316098036424, 72.48293644694795, 19.548736499129593, 0.813028129535, -0.423312823077, 0.399739308053, -0.317812886122, 0.252593725205, 0.913888056275, -0.48783217401, -0.870059000187, 0.0708315339011,  
213, 2942223.329300157, 88.89193127201095, 103.8269940617526, 87.22839248826463, 77.55662032879098, 0.696120067134, 0.279869161384, -0.661127903389, -0.343673913097, 0.938421981952, 0.0353896205804, 0.630321420856, 0.202576988561, 0.749438102924,  
214, 1609054.0234696155, 72.6932365319009, 114.18777173801769, 73.24520966519944, 45.928598329274834, -0.453337732777, -0.0576537018741, -0.889472287764, -0.870095979534, -0.187940050995, 0.455644075601, 0.193437034817, -0.980486913677, -0.0350360624103,  
216, 3689474.942995756, 95.85732792458234, 100.59565516637446, 97.645321640409, 89.66961231416867, 0.944004842315, -0.0866559392528, -0.318348246229, 0.114235197843, -0.819362657583, 0.561778563967, 0.30952411418, 0.566688259585, 0.763583158006,  
217, 2949668.5815908583, 88.96684801807893, 115.35301743512198, 99.00421644544798, 61.65977883872644, -0.182051358689, 0.0449496850623, 0.982261079659, -0.926325098677, -0.342911464547, -0.155992112117, 0.329816789081, -0.938291667497, 0.104065519482,  
218, 2654816.7847427125, 85.89778831465416, 102.41460444304613, 84.86896941432346, 72.91806325497467, -0.972180476349, 0.0400647533035, 0.230781145131, 0.223524060047, 0.45319262156, 0.86293304627, 0.0700151125524, -0.890511798522, 0.449540455029,  
219, 2569885.370319365, 84.97184487565471, 131.98234810429366, 78.95061403500803, 58.87809907904003, 0.0316802161975, -0.995723134739, -0.0867859599614, 0.725755976254, 0.0826179461236, -0.68297330688, 0.687222399834, -0.0413486870779, 0.725269370126,  
220, 3661251.803636288, 95.61227746240031, 121.72256788546437, 102.06639327290998, 70.35372797713943, -0.21050192684, 0.97553512941, -0.0634046534862, 0.894597487112, 0.218377295996, 0.389880356835, 0.394188121141, 0.0253489226708, -0.918680116945,  
221, 3789930.692878521, 96.7195393827737, 111.16915279740758, 104.00536312901617, 78.25329404520821, 0.51344392828, 0.464169837582, 0.721749052228, -0.817949094865, 0.519061257108, 0.248061866435, -0.259489134112, -0.717719843148, 0.646176149381,  
222, 3609170.1071039606, 95.15674564856904, 105.19565138522928, 99.07006813140568, 82.67581666617116, -0.819955106183, 0.207658572295, -0.533433727089, -0.343275127944, 0.567347354614, 0.748517979575, -0.458078388902, -0.796865670339, 0.393915337422,  
223, 2566702.0776329776, 84.93674577266758, 95.67540840284997, 86.36394515691283, 74.1573249295321, -0.00288891955464, 0.974725318829, 0.223388018877, 0.643248100236, -0.169227651821, 0.746722092483, 0.765652359552, 0.145851138813, -0.626501324516,  
224, 3778591.3250146834, 96.62298229056424, 100.77026601179203, 96.2843272454522, 92.97224298956311, -0.962097878977, -0.100754329923, 0.253409226883, 0.193939983127, 0.400481577329, 0.895545526015, -0.191715816281, 0.910748632292, -0.365762183072,  
225, 2653070.79371456, 85.87895341061873, 101.37362875412977, 89.53724934704806, 69.78008406487197, -0.765103934157, -0.0738309184246, -0.639660038944, -0.212259925892, 0.966797519085, 0.142296454456, -0.607915860788, -0.244645769583, 0.755371930659,  
226, 3198515.579396442, 91.40149242256908, 101.95957561093459, 91.26708885031158, 82.05737955415178, -0.799807120126, -0.148596306045, 0.581573476378, -0.589040192664, 0.00786772482747, -0.808065436913, -0.115499878889, 0.988866642544, 0.093821859078,  
227, 3342576.202034861, 92.75362730239583, 100.40557116714517, 91.76947652328762, 86.6037389252464, -0.820225790883, -0.401177796591, -0.40778183811, -0.571469520294, 0.54283393025, 0.615429859159, 0.0255389769883, -0.737826334371, 0.674507272728,  
228, 3780948.3569799312, 96.64306879902462, 102.839124003729, 95.32797601437818, 92.0732334987359, -0.157727638604, 0.672163608075, -0.723407268418, -0.188040797908, 0.698727918417, 0.690231812037, 0.969413560016, 0.244898713768, 0.0161854765884,  
229, 2713699.702078832, 86.5282112522892, 104.46125300718744, 89.67144364928595, 69.16140147068388, 0.0613427991029, 0.993912131167, -0.0915190500201, -0.90431314862, 0.0941508957249, 0.416357224107, 0.422439096475, 0.057221362729, 0.90458328827,  
230, 3696787.905525759, 95.92061953225699, 102.00509705604539, 96.62959460512207, 89.5372794551144, 0.720156912039, 0.248606401553, -0.647741367483, -0.230385177198, 0.966311964744, 0.114733852541, -0.654443803676, -0.0666036327738, -0.753171470471,  
231, 3172978.3029680247, 91.15758918686832, 102.39467533190745, 90.70189926313078, 81.56141255119654, -0.295079936703, 0.0801626821406, 0.95210386794, 0.810096147844, 0.549358802431, 0.204814885786, -0.506628130095, 0.8317324393, -0.227044240652,  
232, 3380617.8321188437, 93.10417501329678, 102.31555751802948, 94.74578868479986, 83.25414753419601, 0.866948577438, 0.296881961801, -0.400326447834, 0.445126129567, -0.0999051150998, 0.889877349276, -0.224193873367, 0.949673664336, 0.218762516009,  
233, 3449163.6323223147, 93.72923296766905, 105.09370391238586, 92.0374503431234, 85.13025049015765, 0.755146434133, 0.140243943463, 0.640379184029, -0.541667261112, 0.683715460782, 0.489008943605, 0.369256606244, 0.716145798709, -0.592270844915,  
234, 3501542.241589796, 94.20130520694653, 102.43200852615905, 93.49987592231048, 87.28186901211294, 0.887129401997, 0.410697349601, -0.210544796048, -0.249360114686, 0.810411376003, 0.530144258526, 0.388356739759, -0.41780508455, 0.821351297563,  
235, 3461625.85650136, 93.84198211101551, 102.92873016978243, 91.14742670495865, 88.08673033974321, 0.462155421666, -0.738272422624, 0.491290338005, 0.453769947127, 0.672857240835, 0.584256765934, -0.7619089193, -0.0470846413208, 0.645970460039,  
236, 3359800.747523066, 92.91267654609408, 103.07501635271322, 96.497160713293, 80.64119700733474, -0.478116117389, -0.847224925728, 0.231548922515, 0.678334671279, -0.188733713816, 0.710099752859, -0.557913122299, 0.496577799035, 0.664938671963,  
237, 1032960.9733437345, 62.70927331034544, 125.16756020257334, 84.9992734571606, 23.178658869169865, -0.734280450439, -0.587561688032, -0.340005121816, -0.657053157549, 0.741028087827, 0.138414309976, -0.170626399654, -0.325036360748, 0.930181700493,  
238, 1863869.956909066, 76.34413280155135, 105.57599072916818, 86.18897114315065, 48.90014386370204, 0.100764932208, -0.310099616695, 0.945348959995, -0.484799556677, -0.845049352066, -0.225523795681, 0.868801368716, -0.435579866727, -0.235487497373,  
239, 2998241.295689629, 89.45253599694254, 108.35844444117579, 86.60093159684213, 76.27683187540488, 0.768422139156, -0.346178847857, 0.538226366272, 0.242920512268, 0.935892816814, 0.255135768082, -0.592044796256, -0.0653057480744, 0.803254703375,  
240, 3537131.630275466, 94.5193814464395, 125.9367439273335, 88.10025089445598, 76.10847270096535, 0.791281260521, 0.337967499425, -0.509560532303, -0.256069314261, 0.939924716963, 0.225765437427, 0.555249919444, -0.048161143828, 0.830287920653,  
241, 3424408.8390992973, 93.50446148615234, 107.4348923063075, 93.15845033638442, 81.6825696387243, 0.300242556854, 0.322391843835, -0.897729305572, 0.366216166778, 0.830063448985, 0.420571503848, 0.880761106228, -0.455036448746, 0.131155267025,  
242, 3173243.4078352875, 91.16012787925412, 99.76660711375939, 91.20543897479469, 83.25471459906956, -0.298371536587, 0.623648704361, 0.722521085993, -0.779141209851, 0.278089097086, -0.561787708297, -0.551283412835, -0.730567414843, 0.402936534832,  
243, 1544717.3912557499, 71.7111701091864, 112.82606210625298, 73.66602505167867, 44.369420845958196, -0.274000460053, 0.490794012316, -0.82707012119, -0.0629639910222, 0.848982430716, 0.524656428695, 0.959666235587, 0.195831738518, -0.201719226808,  
244, 2870088.4634890393, 88.15945388755156, 102.11910218425514, 85.91616167721041, 78.09528591074204, -0.140075081973, -0.065079370586, 0.987999821323, 0.168915175106, 0.981639535666, 0.0886086092664, -0.975626278361, 0.17930002103, -0.126510345148,  
245, 3629897.6897687246, 95.33856080830488, 104.60200639212889, 99.04848834456763, 83.64074806615501, 0.781939747244, 0.452943432863, 0.428266830733, 0.517875477866, -0.854429885437, -0.0418874718478, -0.346951323827, -0.25454236877, 0.902680985396,  
246, 3405223.857750148, 93.32951724259053, 105.42429963474586, 95.65172742532056, 80.61642146342494, -0.741219220803, 0.589857845966, -0.320408783063, 0.296480917697, 0.715918472419, 0.632107432555, -0.602240095106, -0.373535088581, 0.705534127768,  
247, 2632279.6261394904, 85.65403061559239, 107.62839651914344, 83.52348626397362, 69.90495001567918, -0.0442741220477, -0.998890363904, -0.0160574910025, -0.69154544208, 0.0422434452836, -0.721096659865, 0.720974828725, -0.020821436813, -0.692648369747,  
248, 3331127.5198559915, 92.64760912664448, 108.02566731499917, 88.12896984203776, 83.53279203244401, 0.670604193469, -0.461288572801, -0.580949970569, -0.654242858659, 0.00135438668276, -0.756283311683, -0.349651680383, -0.887249129749, 0.300886497147,  
249, 3581494.023833084, 94.9128921316389, 101.94139010546122, 93.87186217768134, 89.34898777689938, -0.9109708504, -0.412313215878, 0.0113983215558, -0.18679812782, 0.437037314557, 0.879832282386, -0.367747969627, 0.799372377367, -0.4751475909,  
250, 2386943.0045977137, 82.90571706100317, 120.92369300607002, 78.40696939471134, 60.10178491708744, 0.263637032951, -0.50744358496, 0.820363652864, 0.558261038005, 0.773819061064, 0.299246844894, -0.786663923351, 0.379084514082, 0.487293343769,  
251, 2089314.6349747127, 79.30582347949014, 124.06181589719581, 68.40265915444046, 58.77655370812912, -0.991716605625, -0.125900489614, -0.0254409284906, -0.00708027681988, -0.144183883108, 0.98952558205, -0.128249927126, 0.981509080226, 0.142098140824,  
252, 3369003.441707291, 92.99743032796489, 95.93883627497213, 93.92692923708465, 89.25412052562609, 0.462022245828, 0.886202729449, 0.0343535540652, 0.64118521554, -0.307019169931, -0.703292790143, -0.612712790573, 0.346963905345, -0.710069774498,  
253, 3600727.6637608097, 95.0824919541508, 99.91619321275125, 97.17541214310981, 88.53385921157751, -0.579780115771, -0.361594980995, 0.730139772287, -0.130917053118, 0.925826618482, 0.354550134272, 0.80418638546, -0.109973370543, 0.584114813382,  
