# Void_ID, Void_Volume, r = (a*b*c)**(1/3.0), a, b, c, vector_a, vector_b, vector_c 

0, 2954738.495402964, 89.01779115065938, 123.97086967343884, 83.37226998155354, 68.24788025877511, -0.153267883559, 0.615387983247, 0.773179530216, 0.979719377998, 0.196823733252, 0.0375547387795, 0.129069346652, -0.763254903754, 0.633074289203,  
1, 1066384.2512927384, 63.37846323411622, 125.8417657083341, 84.34505414079989, 23.985053343678988, -0.735905364104, 0.67620524816, 0.0344928607604, 0.668404770007, 0.717397583505, 0.196407155197, -0.108066454163, -0.167592271721, 0.979915543271,  
4, 1892003.381759185, 76.72633134817342, 118.20945342150073, 91.38270137372763, 41.813555451326394, -0.562180051439, -0.127925466905, 0.81706099202, -0.0172950201084, 0.989566589133, 0.143034429248, 0.826834005132, -0.0662800165055, 0.558527069504,  
9, 1660116.108128978, 73.45419745401468, 139.4640597614658, 99.54231159483568, 28.548272213610108, -0.235143024688, 0.143178872568, 0.961357149238, 0.79456815318, -0.541342788379, 0.274971699312, 0.559793897692, 0.828521451696, 0.0135276083015,  
14, 418575.6099799133, 46.40467867986647, 115.58762685514061, 64.95374412437151, 13.309746138082373, -0.689000624489, 0.352104242753, 0.633483023995, 0.707711974804, 0.138390199077, 0.692814487088, -0.156275078542, -0.925673136174, 0.344539322562,  
20, 725637.0613186042, 55.74555994848991, 146.33946547291137, 51.60332292344171, 22.93991021989485, -0.691518388055, 0.721084297928, -0.042892356699, 0.721059559996, 0.685496824658, -0.10083260545, 0.0433062341901, 0.100655544633, 0.993978385789,  
39, 1058876.4884142035, 63.22937640513147, 124.35770482516128, 100.74942494792812, 20.17629512942969, -0.0625564096015, -0.076611764, 0.995096645173, -0.109769849851, -0.990472409822, -0.0831563914925, 0.99198652999, -0.114433574615, 0.0535507359367,  
41, 788926.6054678035, 57.32129556317841, 125.91197400974067, 43.752129899463945, 34.18863490465474, 0.0352706823345, 0.992458979857, -0.117393152566, 0.480620860804, 0.0861452743253, 0.872686988485, 0.876218903658, -0.087201863587, -0.473958086607,  
43, 1559061.583646843, 71.93245571627608, 115.53783769613368, 90.42503550575823, 35.625563110379545, -0.5042849094, 0.512135520453, 0.695279755812, -0.742190602051, 0.154525557045, -0.652131092992, -0.441417988282, -0.844889969706, 0.302177263722,  
51, 672530.144818625, 54.35102206968994, 96.38882374268397, 44.085691443875376, 37.78320624966883, -0.833572794647, -0.217829052298, -0.507648401947, 0.145532007074, -0.973102165785, 0.17858502138, -0.532894765354, 0.0749845245304, 0.84285259099,  
76, 1822918.1708678992, 75.78085860511848, 95.9684978673983, 81.90312669338222, 55.36679521898503, 0.87910124541, 0.39896328184, 0.260785927655, -0.34905602846, 0.166311227541, 0.922225820822, -0.324562612319, 0.901758767818, -0.285464945917,  
84, 2114482.7505780584, 79.62299555077927, 101.49063433021541, 74.47174899913702, 66.78793516033778, -0.99560146924, -0.092408513649, -0.0154395936842, -0.0279173311033, 0.135301284583, 0.99041111919, -0.0894334225669, 0.986485797665, -0.137285956793,  
100, 1635525.953244351, 73.08971642956708, 104.21463450011046, 67.87783091336729, 55.196579477558046, -0.272970298519, 0.66062034346, 0.699333953082, 0.932690753002, 0.359870525767, 0.0241073422291, 0.235743876679, -0.658842899705, 0.714388450437,  
119, 972964.7755337169, 61.47089024647613, 144.0709186495431, 82.66945894004445, 19.502356353347317, -0.80592492518, 0.383265037672, -0.451212727959, 0.564748630211, 0.726363123184, -0.391734090873, -0.177606305205, 0.570530037926, 0.801842550739,  
121, 1594333.3003462595, 72.47087461283944, 137.469012378843, 94.55025019058142, 29.283502024178212, 0.407792971602, 0.767633741367, 0.494412106877, -0.636669161842, -0.149078746368, 0.756589654793, 0.654490084471, -0.623308885302, 0.427935465734,  
146, 368362.6322282572, 44.46950747886663, 101.38625472063998, 74.63475308647216, 11.621622859608754, 0.535959531246, -0.263509057333, 0.802066304971, -0.801463503017, 0.139778680739, 0.581479297776, 0.265336831589, 0.9544762423, 0.13627717596,  
152, 3299578.0156401647, 92.3541886592447, 118.94348027746554, 86.1064626138917, 76.91187556528529, -0.0358276372359, 0.989734173609, -0.138356951402, 0.59501260513, 0.132358153653, 0.79274290845, 0.802917418012, -0.0539220247465, -0.593646388939,  
163, 2517228.0486275908, 84.38747344484266, 139.97674451803454, 75.75277801104329, 56.67343031186755, 0.618111726306, 0.408058390325, 0.671882611688, -0.551943998363, -0.38330264943, 0.740565258172, 0.559728252346, -0.828593645296, -0.0116984828152,  
181, 2104247.413398326, 79.49431368930614, 102.48611780653994, 79.13415316637023, 61.9411395841739, 0.37670570263, 0.765645675125, -0.52142066872, 0.37872465448, 0.386395897397, 0.840990990775, 0.845375922117, -0.514280964685, -0.144411355744,  
189, 2350268.34173216, 82.47891649884293, 123.5915595659261, 75.05486889081068, 60.48687646736824, 0.877362707899, -0.479310625702, -0.0222711220244, -0.359861397531, -0.687997193963, 0.630206026364, 0.317386914277, 0.544904748729, 0.776108472739,  
206, 2597407.1852453016, 85.27409966451498, 164.71080355026302, 76.39684155661088, 49.27809815668041, 0.864840198505, -0.186120924392, 0.466272916384, 0.208223030787, 0.978072337915, 0.00420371912392, -0.456831041524, 0.0934532145418, 0.884630937845,  
209, 1033750.2008006132, 62.725240122344026, 106.36360673434943, 67.59250126272988, 34.32696634171544, -0.103454831553, -0.898948511798, -0.425662625755, -0.81715335983, 0.320805691595, -0.47889883562, 0.567060388624, 0.29828724642, -0.767767695515,  
215, 1162853.8144471913, 65.23472523502062, 107.73685655469961, 54.10512990273819, 47.62486618970417, -0.803542406516, -0.564322875261, -0.189365502108, 0.299469364942, -0.658196120387, 0.690721337855, -0.514429490205, 0.498314719394, 0.697885907612,  
226, 2158330.3119065925, 80.16960926643362, 125.89857616053126, 103.37736335883253, 39.589774765084506, -0.998226621244, -0.0090055967121, 0.0588431123193, -0.00617003900157, 0.998818954623, 0.0481936355247, -0.0592076283792, 0.0477451056573, -0.997103235191,  
229, 1717063.5009484573, 74.28467867570451, 116.00562404912914, 75.0118094246239, 47.1073919964449, 0.434249767274, 0.489395183743, -0.756253590902, 0.821687859516, -0.559236912053, 0.109923326563, 0.369128976304, 0.669138573337, 0.644978579897,  
238, 1854875.8421074874, 76.2211350682285, 143.01118879773597, 73.99392253164599, 41.846599099508815, -0.822048352559, -0.56855767676, 0.0312837697898, -0.541792435825, 0.764080667996, -0.350202354758, -0.175206913498, 0.304832578627, 0.936151502947,  
245, 2074103.219507984, 79.1128904542118, 124.43956472604152, 114.98238694656786, 34.60604378752271, 0.407064230331, -0.336880823293, 0.849005314048, 0.913218684555, 0.16859988867, -0.370952438623, -0.0181754385025, 0.926328984993, 0.376276846215,  
268, 2848921.628839699, 87.94219428391104, 128.9281269193997, 101.304815199812, 52.07318374624044, -0.392997109581, -0.0255272329556, 0.919185308977, -0.909479580264, -0.136668981204, -0.392642945511, -0.135647207654, 0.990287811676, -0.0304940174687,  
276, 983570.9072286328, 61.69344492897117, 110.2862779688647, 66.72870931898747, 31.906771365513308, -0.411340677063, -0.65398434995, 0.63490417971, 0.0750119243059, 0.669911264139, 0.73864207123, -0.908389816436, 0.351458913957, -0.226505128407,  
306, 1770351.0511728888, 75.0453166844243, 137.88364256282009, 72.81017140813199, 42.09843801996464, -0.920107862113, 0.249406219319, 0.301990165143, 0.134262428737, -0.523473932394, 0.841396839983, 0.367933584099, 0.814721780652, 0.448166596059,  
323, 943742.8000268054, 60.84921978232262, 119.77749604288185, 89.18253015689625, 21.091624108202428, 0.757530232359, -0.0500698202135, -0.650877069934, 0.535022729317, 0.618894930646, 0.575082380129, -0.374030247674, 0.783876315451, -0.495620112485,  
363, 599091.7527898713, 52.29597254017223, 116.13124491825864, 67.11985013009016, 18.348673464880186, -0.781315429401, -0.173241073191, 0.599611316054, 0.0712414764273, 0.929672320446, 0.361433297627, -0.620057135929, 0.325110607573, -0.714025378419,  
369, 3099420.1841845834, 90.44764895697608, 119.10389319469776, 107.88062979765033, 57.58672980449004, 0.0308393886468, -0.648828768326, 0.760309253857, 0.997536361548, -0.027972776044, -0.0643329712511, 0.0630090429819, 0.760420116247, 0.646367625511,  
382, 2175972.834504434, 80.38745632421657, 112.82715916079331, 81.52980605924398, 56.472211750696445, -0.448438863711, 0.19667980114, 0.871905752554, -0.0414125080684, -0.97901391153, 0.1995413872, 0.892853621648, 0.0533743089265, 0.447172889896,  
391, 469489.9493410928, 48.21467349007172, 97.74659543784801, 46.53519470827528, 24.640783627235585, -0.193337753524, -0.939358840975, 0.28324102977, -0.95190931898, 0.249525927245, 0.177779245336, 0.237674486435, 0.235248335839, 0.942427216809,  
394, 2621771.365523514, 85.53989947067629, 123.98293590949314, 94.48657298402445, 53.42864902069314, 0.298681596568, 0.257814854084, 0.918869307837, -0.489809804942, 0.867748294727, -0.0842570589431, -0.819069996309, -0.424905163552, 0.385460689478,  
422, 3217753.714294613, 91.58437731837198, 125.24598895885939, 96.20133318372399, 63.755737520995, 0.198678195518, -0.733203814447, 0.65033771312, -0.355247965603, 0.56456330735, 0.745028291361, -0.913414395311, -0.379052026078, -0.148302744295,  
423, 3223880.465592601, 91.64246742296297, 126.36937612645816, 123.98771306883016, 49.121297567766426, 0.771900517402, -0.238434021212, -0.589337601688, 0.429654474008, -0.487603917611, 0.760025955146, 0.468579368089, 0.839875965282, 0.273937472322,  
434, 766584.8223518833, 56.77500777443972, 121.2358226775916, 68.82679300527775, 21.932246040669856, -0.858923790612, -0.343422724376, -0.379882553301, -0.476713965083, 0.8071740808, 0.348157721127, -0.187066077671, -0.480136267811, 0.857015429801,  
468, 1622949.341167891, 72.90188953374361, 107.90042066379318, 89.28041252456168, 40.2195334582386, -0.94583512468, -0.132850129751, -0.29622079594, -0.316745717128, 0.577712446421, 0.752276863881, -0.0711903617282, -0.805356549781, 0.588500433408,  
470, 220261.68448189987, 37.46422752508894, 98.29269538380952, 71.36273908954053, 7.496483534151061, 0.325838215252, 0.0174086165046, -0.945265252484, 0.328717017533, 0.93536370016, 0.130536856126, -0.886439270263, 0.353258670799, -0.299054730175,  
482, 549495.5247967665, 50.8110906235872, 97.6625231958091, 58.61935659948345, 22.914298310437502, -0.0612704822596, 0.779349620001, 0.623586479815, 0.207999066332, -0.601074479442, 0.77165138409, 0.976208131706, 0.176984858018, -0.125275870077,  
511, 2870982.8481305796, 88.16861043140742, 125.37813789703071, 88.47542426360444, 61.78705836905997, -0.346964345685, 0.557412766763, 0.754259073709, 0.927147565737, 0.325160032918, 0.186194372471, 0.141467784921, -0.76391227274, 0.62962282788,  
525, 1157343.5336784574, 65.13152197001222, 119.30281721924491, 89.825751931547, 25.782327432324102, 0.805876369515, -0.149045811179, 0.573017122979, -0.475198102097, -0.740142319394, 0.475789986029, -0.353199718036, 0.655724555902, 0.667289491875,  
547, 2622752.6239577024, 85.55056990000773, 142.821247012878, 71.44246486825388, 61.36482079309017, -0.982497651237, 0.13485355521, -0.128502466748, 0.180157745185, 0.512581520749, -0.839525682416, 0.0473450331383, 0.847982725787, 0.527905052641,  
552, 1412850.8761413114, 69.60961610653413, 102.07677173203422, 68.5450665346839, 48.20638744911621, 0.0928353008895, -0.388467816498, 0.916773888401, 0.411404931085, -0.823510989161, -0.390609310449, 0.906712517608, 0.413427631244, 0.0833666848105,  
583, 914225.3402813883, 60.208094389612306, 135.13825479446837, 60.22444008117113, 26.81720849295509, 0.0786788500048, -0.933492548532, -0.349858972154, -0.935590102201, -0.190318701285, 0.297405367477, 0.344210399647, -0.303925079215, 0.888340445437,  
603, 573809.7697721333, 51.54973570616214, 113.92061445120093, 63.567812672006895, 18.916454598740398, -0.875477956608, -0.470942442759, 0.108404626757, -0.483244533688, 0.854820946362, -0.189092227024, 0.00361499033245, 0.217932019832, 0.975957256532,  
615, 1644350.800731002, 73.22093802493407, 136.8292773317488, 63.286475425407076, 45.33315259319571, 0.90080183621, 0.427329389276, -0.0771080082869, 0.337864384602, -0.801300170359, -0.493726335737, 0.272770433697, -0.418697540049, 0.866192045945,  
636, 959020.9159339019, 61.175823369866066, 134.41110432694842, 70.53461059052651, 24.149161031697613, -0.666151002442, 0.728940318327, 0.157762017809, -0.00463571159684, -0.215571914531, 0.976476963294, 0.745802488681, 0.649749768744, 0.146982604051,  
647, 2676207.251242909, 86.12787085466024, 117.08172833437722, 87.48796845414746, 62.372575454047016, -0.0656414780877, -0.122015511302, 0.990355194542, -0.382439641464, -0.91363036706, -0.137911105506, 0.921645873962, -0.387803774333, 0.0133084793244,  
662, 275861.5389611406, 40.38321102997492, 129.71959797268715, 36.77859044788837, 13.803902102994195, -0.120541957983, -0.960341185003, 0.251424829228, -0.246756058887, 0.274308526232, 0.929444070313, -0.961551394242, 0.0499964081042, -0.270035692841,  
697, 1551800.7372666078, 71.82061420369982, 105.57941893324572, 77.53348799569123, 45.25626982577724, 0.440367758286, 0.361964717704, 0.821618999658, -0.804621178659, 0.565113048425, 0.182296465556, 0.398322728847, 0.741369533794, -0.540102044105,  
702, 2664774.392565682, 86.00504861304022, 144.54998547253726, 73.28151471107036, 60.056407146942455, -0.98446371469, -0.0446662812468, -0.169812007168, -0.0607849841891, -0.820613171769, 0.568242208936, -0.164731236127, 0.569735856024, 0.805148852203,  
726, 639260.2060490687, 53.43957805191402, 83.15488059219736, 63.180711369347414, 29.048038093629238, -0.847552645795, 0.512059180009, -0.139462929753, -0.413944768776, -0.473389509322, 0.777529485529, -0.332120822908, -0.716727122853, -0.613186749985,  
729, 1471308.7726363475, 70.55672352318096, 116.22412167038182, 93.25544373269894, 32.407441774534874, 0.33551959859, -0.72699172496, -0.599090669934, 0.0198639500995, -0.630353679512, 0.776053904192, 0.941823774625, 0.272281601592, 0.197055086173,  
752, 542030.4416440588, 50.57994541093845, 159.93259554082894, 65.31629179160325, 12.387297355379303, 0.106372206865, -0.497658914674, -0.860825509759, 0.538285030468, 0.756727424596, -0.370962034227, 0.836022834366, -0.423909435505, 0.348377110197,  
766, 1464893.911388317, 70.45403241605331, 120.85758454871456, 62.79893797930566, 46.07775965921839, 0.601193650297, -0.734424136304, -0.314940284589, 0.358233518344, -0.104598239924, 0.927754253313, -0.71430731564, -0.670582132344, 0.20021154463,  
772, 2229561.4614397204, 81.04202418599499, 122.06888191719456, 82.29930019766599, 52.98216862314825, 0.720129526367, -0.209698662981, -0.66139242209, -0.470858787566, -0.847833977264, -0.243863792246, 0.50961305657, -0.487035951179, 0.70928873869,  
778, 2792100.6798517117, 87.35360280442396, 109.31534392416131, 106.12055818067279, 57.4594962173461, 0.480512905007, -0.0735307417157, 0.873899638485, -0.729242673007, 0.520020888352, 0.444728455962, -0.487147279565, -0.850982670623, 0.196254993089,  
787, 54845.76900799345, 23.56956172841332, 86.03334224465269, 49.772942346861605, 3.05769674637113, -0.202201625381, 0.905175927159, 0.373859657605, 0.966707398013, 0.245603419265, -0.071803670319, 0.156816164088, -0.346894077979, 0.924701675863,  
791, 1603386.9204007487, 72.60779406099253, 149.87240798700861, 61.50958562124548, 41.522667033892866, 0.81858010843, -0.29946439403, -0.49015067356, -0.306220030381, -0.949479152969, 0.0686922926602, -0.485958742155, 0.0938638097748, -0.868926743827,  
806, 1611509.0223039845, 72.73018808295096, 112.94031262770456, 90.86263108928512, 37.48951638262753, -0.714424937922, 0.173541581614, -0.67784978242, -0.488462756497, 0.569942283593, 0.660734386035, -0.501000143305, -0.803149495937, 0.322412381253,  
813, 883354.6921821875, 59.52263796412693, 90.70894511955213, 68.78347176248766, 33.799657694484125, 0.694477852123, 0.336761331129, 0.635839853082, 0.5956795651, 0.226560486965, -0.77060768324, 0.403567055932, -0.913926775843, 0.043260602906,  
819, 802956.4348457138, 57.65909096903288, 89.5210885805406, 69.15289569726416, 30.96475503131892, -0.390588759997, -0.773157439587, 0.499667883873, -0.905742286701, 0.419774917461, -0.058480156912, 0.164533676326, 0.475412023703, 0.864240751801,  
833, 241641.26642869523, 38.63914411902418, 158.5106601982359, 30.885866041312998, 11.783226763175271, -0.947224138832, -0.0633620310611, 0.314247806409, -0.0626756005593, 0.997958171967, 0.0122986218055, -0.314385432086, -0.00804611854264, -0.949261323382,  
835, 1387762.8490025091, 69.19513313243286, 102.1931479447537, 67.37869493009987, 48.11519781627856, 0.728594948312, 0.237190082046, -0.642565378988, 0.236786722929, 0.7930638529, 0.56123236994, 0.642714127073, -0.561062019925, 0.521658854673,  
846, 514221.20184958837, 49.699702596847104, 107.45450047245241, 46.50000211958454, 24.568791089724538, -0.474634980919, 0.379375951242, -0.794226367295, -0.0902855060595, 0.876598246319, 0.472677524266, 0.87553992615, 0.296056417208, -0.381812042171,  
859, 731800.5365631054, 55.90294723735486, 98.42820642478394, 82.92830169004323, 21.403350890098643, 0.185999702359, -0.920280082342, -0.344221848184, 0.976640847957, 0.211528073618, -0.0377958750842, 0.107595375478, -0.32915109618, 0.93812727871,  
872, 1092949.4160500239, 63.90043545268653, 148.33280760740837, 79.85896660710713, 22.026756459813498, 0.716080356492, 0.682558414357, -0.146092210733, 0.590114194636, -0.480189410653, 0.648986415256, -0.372819205963, 0.550937510874, 0.746641613344,  
887, 614604.4388281207, 52.7435099616825, 137.23101197849786, 76.0723181303615, 14.054913161817426, 0.518035755534, -0.766337706544, -0.379954570333, 0.301268452552, -0.25227061911, 0.919563404138, -0.800547484841, -0.590835048268, 0.100188174213,  
903, 1160407.814160371, 65.18895388532515, 125.41096125667332, 73.16187087670288, 30.192685003527377, -0.821867993451, 0.0216233947429, 0.569267450449, 0.56681555079, -0.0690089125694, 0.82094939026, -0.0570362404463, -0.997381671571, -0.0444597401025,  
920, 2202482.55680222, 80.71259106730862, 111.47886178927443, 69.83473884919117, 67.5398091324573, 0.0139105517703, 0.991059552181, -0.132693106757, -0.856370637194, 0.0803143865754, 0.510077377523, -0.516174222817, -0.106539022618, -0.849831517631,  
925, 1054800.614946582, 63.1481436650156, 95.73635131864347, 79.03609731682563, 33.27970025210617, 0.247022474032, 0.257981147597, 0.934037271637, -0.440875251682, 0.888286584886, -0.128747642954, -0.862907242859, -0.379990355925, 0.333164253224,  
933, 345254.61826094415, 43.519473147287684, 126.46756641567598, 67.73638444496716, 9.621653526584803, -0.757852027032, 0.611431400352, -0.227622379803, 0.652092343371, 0.698704416972, -0.294257902903, 0.0208777594664, 0.371434759234, 0.928224293365,  
934, 1816236.1636249104, 75.68815226496919, 127.47189440867244, 86.01232068858906, 39.546550169192834, -0.880733663289, -0.380842769319, -0.281543956439, -0.134532602966, -0.368799613641, 0.919721601202, -0.454102623962, 0.847906616341, 0.273578465665,  
952, 693137.3675652, 54.900576018870865, 100.36830144428869, 55.43583532300109, 29.740175895566804, -0.315477694342, -0.892659398324, 0.321920833368, -0.129393756237, 0.37654302518, 0.917318159656, -0.940069720936, 0.247738872146, -0.234295477993,  
963, 357878.87305848225, 44.0435669565955, 93.42608210883104, 47.910103217781426, 19.087638816625265, 0.219620124289, -0.807893347877, -0.546877810359, 0.535431790699, -0.368777910946, 0.759812904542, -0.815524247657, -0.459685969826, 0.35158073131,  
980, 772352.1745813349, 56.91703324964875, 96.74842746692268, 74.55842070787564, 25.56148904119161, 0.873963029755, 0.298564440572, -0.383468248291, -0.220061978738, 0.946633316857, 0.235495411695, -0.433314375639, 0.121427501997, -0.893025203241,  
983, 909695.9817902994, 60.108499818882684, 111.62808217355119, 50.638765135349445, 38.41944591226608, -0.893486575075, -0.0943732994989, -0.439061977973, -0.442586793553, 0.0192647698019, 0.896518710802, 0.0761490008664, -0.995350465407, 0.0589811892121,  
997, 3179180.708400981, 91.21694754229571, 109.8906666975764, 95.5866806398766, 72.25508502597748, 0.344684117085, -0.669958914619, 0.657531681481, -0.588396240199, 0.391583141039, 0.707426680423, -0.731425132156, -0.630727909939, -0.259228817215,  
1000, 1579841.1131566658, 72.25062374596087, 117.62900737130033, 66.28157920274454, 48.374615136082596, 0.417725347622, 0.458650775864, 0.784311800086, 0.711920850639, 0.371114135457, -0.596190406573, 0.564512388155, -0.807411768718, 0.171499269258,  
1027, 1853593.953616975, 76.20357243495043, 127.90909431123798, 111.48246758964419, 31.03258817326849, -0.802490586013, 0.583361016912, 0.125294785637, 0.401371249356, 0.372414108764, 0.836784830039, -0.441486103462, -0.721801673274, 0.533003156565,  
1028, 2931406.897683684, 88.78286702142621, 124.70954953722769, 89.00044590794043, 63.051526151873084, -0.267701745498, -0.906440099321, 0.326652907228, -0.0288587898147, 0.346417989729, 0.937636254974, -0.963069543547, 0.241580054506, -0.118895464828,  
1037, 808643.5691741159, 57.79489902126089, 98.72236784113433, 87.26916903523721, 22.40743389270631, -0.0941624171239, 0.01679325395, 0.995415202729, -0.348596688708, -0.937115612156, -0.0171661898552, 0.932530850869, -0.348614853491, 0.0940951438848,  
1042, 1874531.656220088, 76.48942389309968, 107.87469801256194, 90.29611689212653, 45.94259293128637, -0.483677377067, 0.823481537253, -0.296537270367, -0.567621951157, -0.553021182554, -0.609895804389, -0.666229326492, -0.126671738954, 0.734910031958,  
1044, 1368959.8507764037, 68.8811993896742, 131.20231886554586, 67.44543542614518, 36.93244232490073, 0.166837435834, -0.713089326554, -0.680932362544, -0.68145092981, -0.582514516356, 0.443059215563, -0.712593783488, 0.390103128146, -0.583120612863,  
1047, 882755.3666322795, 59.509173569504036, 125.1404404107333, 79.84649165988189, 21.0910518574261, -0.22922778632, -0.171761464714, 0.958098440255, 0.837743781976, -0.536002011416, 0.10434174389, 0.49562080035, 0.826559037817, 0.266758653587,  
1053, 2282341.5031910357, 81.6765414470466, 115.23403539565209, 94.98237573636072, 49.78152763232651, -0.904867852864, 0.265844303786, 0.332477029279, 0.406805546802, 0.770077722196, 0.491415861433, 0.125393045838, -0.579919915093, 0.804965512388,  
1061, 1252665.6161089833, 66.87269859622576, 122.96055563248953, 101.71955735303965, 23.909817923866143, 0.0526927973329, -0.442982511735, 0.89498042627, -0.963523015532, -0.258038102673, -0.0709910987965, 0.26238686638, -0.858593519581, -0.440420594983,  
1062, 752579.7192213787, 56.427130699888316, 141.07126883978978, 72.16655014539359, 17.647751672190264, -0.0207407609485, 0.682635195706, 0.730464927576, 0.514280795259, -0.619264483064, 0.593318433594, 0.857371030804, 0.387969959661, -0.338222154713,  
1067, 2998260.127936526, 89.45272328326035, 114.97149427396192, 104.19845568856046, 59.74880749775071, -0.371063043917, 0.141345668755, 0.917787349751, 0.496402572967, 0.865471359847, 0.0674077950678, -0.784790865766, 0.480604543475, -0.391308790856,  
1083, 1941472.5554598116, 77.38929353997175, 112.91887725481199, 77.8984749530308, 52.692298050188676, 0.00896657247866, -0.841716259982, 0.539845661518, 0.898217541423, -0.23047982966, -0.374278367528, 0.439459723817, 0.488254836946, 0.75397769552,  
1090, 3656365.898601737, 95.56972731010441, 132.72138862449492, 106.5236463171328, 61.74106258890083, -0.846189148964, -0.00132273499828, 0.5328810135, 0.0362025812038, 0.997543824963, 0.0599640758429, 0.531651481038, -0.0700326184691, 0.844062873878,  
1104, 1253648.898613335, 66.89019130841338, 149.70093141554185, 70.19972809709745, 28.47917352010187, 0.742867606545, -0.669427354011, -0.00383886021178, 0.370374477493, 0.40621645514, 0.835350787391, -0.557647259088, -0.6219768559, 0.54970385223,  
1107, 2549745.2710835785, 84.74928870666838, 115.52812712584677, 110.65659613471853, 47.61492952824958, -0.561745603188, -0.30303997224, 0.76981079008, -0.74516099254, 0.58957380166, -0.311669420369, -0.35941198157, -0.748711898945, -0.557004057331,  
1109, 3041832.9849651097, 89.88397119602105, 138.1305882164523, 94.76735631510681, 55.47510449921229, 0.226760230841, -0.330278074326, 0.916240247603, -0.831374188673, -0.555686313173, 0.00544791336936, 0.507342838835, -0.762973862574, -0.40059222273,  
1114, 2427933.699892743, 83.3776028222267, 118.84004677645295, 100.51393398470006, 48.52428320650054, -0.545233298621, 0.751312340979, 0.371820408755, -0.743533174087, -0.228588616616, -0.628415199836, -0.387142182029, -0.619093701022, 0.683259775084,  
1116, 539480.67494083, 50.500509641502816, 109.16492432469056, 49.217173514642454, 23.971074175236218, 0.67859126181, -0.200468904371, 0.706630113833, -0.620638150025, -0.671013317952, 0.40564690787, -0.392838626065, 0.713830053662, 0.579762424067,  
1117, 2184687.4221033882, 80.49462837285026, 124.21149043382822, 77.99535809031894, 53.83567587130219, -0.696925450455, 0.652188562782, -0.298236475107, 0.689128323082, 0.724143549603, -0.0268006323452, -0.198486953814, 0.224201244742, 0.954115680105,  
1126, 2291746.014636574, 81.7885719120722, 94.73778461924896, 88.25469013723672, 65.43601694306305, -0.153452929933, 0.947254096249, 0.281357202563, 0.801833305423, -0.0470401205723, 0.595693358508, 0.577508050688, 0.317012466941, -0.752321438745,  
1127, 1615600.997231185, 72.79169535296991, 118.70291072699597, 79.41835376111402, 40.913181671204775, 0.702658565632, 0.375323723288, -0.604485767311, 0.264013954675, 0.651383475812, 0.71133409814, 0.660732602405, -0.659417675056, 0.358609478322,  
1129, 3162091.6791815404, 91.05321453322146, 112.63911310600989, 98.14466520226148, 68.28572550093882, -0.340016379939, 0.486098162484, 0.805044991167, 0.846289358729, 0.531469763513, 0.0365268637143, -0.41010142974, 0.693720741294, -0.592088127244,  
1130, 3998084.696726783, 98.45878229694313, 130.9898012058759, 103.43019049906816, 70.44960674650261, 0.201961102059, -0.723716450515, 0.65988348404, 0.765301032742, -0.303834018951, -0.567449749504, 0.611167769552, 0.619612288598, 0.492498293681,  
1131, 680387.267641962, 54.56186284430367, 105.29828896278579, 63.71437285104553, 24.210783366120115, -0.964086403957, -0.0108610619929, 0.265366620052, -0.00966430330041, 0.999936390591, 0.00581515380972, -0.265412898985, 0.00304172722288, -0.964130043588,  
1134, 803715.7481495797, 57.677260290825984, 114.38323603042976, 58.371963382380386, 28.73738116141822, 0.17908278702, -0.501480380895, 0.846431794636, -0.677067713271, 0.561380720935, 0.475847662397, -0.713798758082, -0.658307765213, -0.239002550659,  
1151, 2065172.687544493, 78.99918080342755, 106.99570558473307, 83.07472499962799, 55.46672245988916, 0.376863811522, 0.664804027647, 0.644987807938, -0.361262720423, -0.535690561064, 0.763233168579, 0.85291436522, -0.520645011126, 0.0382865249366,  
1162, 812762.5263307872, 57.89286210900415, 96.13793455916637, 48.515327820435786, 41.600763810205144, 0.791895852196, -0.591717198704, 0.150903002069, -0.340888039238, -0.223323250757, 0.9131933368, -0.506652054155, -0.774595044155, -0.378558071623,  
1171, 2949839.3928225175, 88.96856530067517, 116.24032814145573, 102.38125156619812, 59.17421428726472, -0.820006956827, -0.299083435272, -0.487993534282, -0.208322577936, -0.638165400566, 0.7411792125, 0.533095014306, -0.709432181584, -0.460994235816,  
1172, 1317428.154864099, 68.00582450992675, 129.52164753444652, 93.37725210355988, 26.00488165928136, 0.80066816379, -0.596838208313, -0.052102251304, -0.517987659295, -0.645935838288, -0.560763477442, -0.301030357791, -0.475973787001, 0.82633508807,  
1173, 2045071.2138768402, 78.74203034800593, 122.77609610840835, 85.18495019831063, 46.68132047964629, -0.636209923434, -0.321551784842, 0.701314040205, 0.0819578901776, 0.875696507419, 0.47585557802, -0.767150466051, 0.360222259945, -0.530773102068,  
1178, 1317240.6151711186, 68.00259741511836, 142.42023260966366, 78.68621256725709, 28.06119561598707, 0.890026988326, 0.19783369644, -0.410747840657, 0.264703395611, 0.509296913921, 0.818870420655, -0.37119276987, 0.837543122486, -0.400920747247,  
1181, 1621920.902784754, 72.88648733932783, 150.54070495919822, 73.73415353692573, 34.88336861449538, -0.590777883768, 0.680556466593, -0.433387110825, 0.772425300683, 0.632255708814, -0.0600988646926, -0.233110803944, 0.370264249491, 0.899201722993,  
1191, 1161548.6004630355, 65.21030911014117, 127.12241497880693, 85.67005945705958, 25.462296647821134, 0.164729102929, 0.428628787544, 0.888336470678, 0.470878000978, -0.825555085477, 0.31101882425, 0.866682312525, 0.367064249596, -0.33782481529,  
1194, 1149812.5797963124, 64.98994191949403, 105.12027805784622, 66.12579387305726, 39.48944650177063, 0.892454973615, 0.439546133674, 0.101603722579, 0.354992878869, -0.545236787862, -0.759405623573, 0.278395718397, -0.713803923731, 0.642635030514,  
1209, 982316.9968787524, 61.66721704670955, 108.98439884384304, 52.87735987926229, 40.693866245305145, -0.00754161478331, -0.987529033224, -0.15725626406, -0.918921801773, 0.0688644291362, -0.388381787197, -0.394367653685, -0.141577183682, 0.90798130751,  
1210, 1662306.39633369, 73.48648739605056, 120.98965099618539, 77.25525765558872, 42.456696320659226, 0.000598270808748, 0.485386173748, 0.874299665107, 0.544047348915, -0.733743146382, 0.406980929868, 0.839054303493, 0.475416930149, -0.264512038133,  
1214, 1578125.7221152864, 72.22446437333743, 89.34068559487457, 74.02989676636514, 56.96348672840796, 0.548015689534, 0.246872204282, -0.799207681881, -0.783616711562, 0.485759596628, -0.38727569462, -0.292615196777, -0.838505652358, -0.45965706519,  
1241, 761902.6726685099, 56.659181435984365, 124.3472937064928, 109.83147011654133, 13.318268104392608, 0.841954910478, 0.511364732482, -0.172098922414, 0.331734521124, -0.23906985726, 0.91257756429, -0.425516317216, 0.825440315059, 0.370923374916,  
1262, 1334693.565100419, 68.30161704864979, 115.06133732389613, 81.3351486179306, 34.04750367030853, 0.295960199006, 0.378264317317, -0.877110977499, 0.904947987003, 0.182876125739, 0.384220592177, -0.305739597407, 0.907453816389, 0.288185477944,  
1263, 1546164.2595301422, 71.73355267997113, 138.09540711293593, 69.1355288857433, 38.6621940735834, -0.579041977785, 0.288270534919, -0.76263391392, 0.813002594674, 0.134021317558, -0.566626038488, 0.0611323892565, 0.948123612794, 0.311968661642,  
1264, 493513.56824324117, 49.023407642165445, 114.63869300450307, 78.61202134098488, 13.073452659246046, 0.856131708781, 0.448113659609, 0.25735703855, 0.429579115471, -0.893975567136, 0.127551828349, -0.287228621085, -0.00135404421845, 0.957861099426,  
1265, 3649139.236376492, 95.5067225241248, 108.68306972058139, 102.6948015061935, 78.05333591038725, -0.448906271773, -0.356312391135, 0.819466069515, -0.598021980855, 0.801210372626, 0.0207761693155, -0.663967521478, -0.480732169425, -0.572751003231,  
1304, 2752189.5747658564, 86.93538438690344, 115.16313742243541, 86.22854593464938, 66.16452293424256, -0.161041683017, -0.969264876519, -0.185987030401, -0.678723177104, 0.245575513524, -0.692118137329, 0.716519661415, 0.0147738384918, -0.697410430452,  
1315, 1102852.3662168994, 64.09285093478793, 83.56327735007906, 80.80260746754405, 38.99311493446507, 0.714366816163, -0.374091226643, -0.591384651571, 0.128551340588, -0.760572913094, 0.636398771763, 0.687862344367, 0.530645454157, 0.4952381217,  
1317, 1631777.0513461693, 73.03382904580133, 116.30812743090418, 82.65724070572693, 40.52110171785174, 0.351112423614, -0.49253894452, -0.796319944567, 0.601959300478, 0.770160818265, -0.210943865939, 0.717192489191, -0.405287184772, 0.566901429975,  
1330, 2038114.2575746167, 78.65264027129612, 111.7341308337639, 82.19941697260855, 52.9767516803225, 0.473019040405, 0.611496339991, -0.634291111078, -0.49185113042, 0.780574604528, 0.385727562238, 0.730982525727, 0.129520318652, 0.669991816471,  
1331, 1602779.543993539, 72.59862475606279, 107.81448476546393, 94.81573843151659, 37.430673207400346, -0.531543747309, -0.844634248333, 0.063672845382, 0.624498506898, -0.340002334352, 0.703135852817, -0.572243706456, 0.413511062945, 0.708198941855,  
1337, 2136780.759501989, 79.90190216913261, 123.31564602319679, 78.98927833537513, 52.370295773365946, 0.552293388457, 0.620730222414, -0.556476418232, -0.566147937769, 0.769253909051, 0.2961839563, 0.611921993089, 0.151467535768, 0.776278983344,  
1342, 3118816.977876692, 90.63593656885668, 108.03526210116111, 93.95850977684842, 73.34991762684264, 0.635053998297, 0.428191917087, 0.642929312902, 0.481712800414, -0.87016927024, 0.103721834955, -0.603870182377, -0.243838313787, 0.758870001756,  
1350, 1028618.1582236744, 62.621268266335534, 103.96189514221136, 72.81717362935639, 32.438261584800806, 0.36017529719, 0.500349801188, -0.787352419026, 0.823185516679, 0.226624364077, 0.520583329292, -0.438907006579, 0.835638363204, 0.330256211929,  
1353, 708490.3917625147, 55.302969556182695, 122.34145089696786, 49.5749288163017, 27.887502977396313, 0.639372743026, -0.218479341066, 0.737203684882, -0.409280765423, 0.714958780121, 0.566853771076, -0.650916085629, -0.664154138928, 0.367705764456,  
1360, 3218118.804568489, 91.58784094588584, 123.46745882106337, 94.40614811388484, 65.91142115819846, -0.951517172096, 0.0903788809148, 0.294018246189, -0.150483327002, -0.97043706183, -0.188697316678, 0.268271950643, -0.223793581033, 0.93698804346,  
1362, 1356254.6792420098, 68.66744369692235, 113.18555445756651, 63.2243921075191, 45.24566495728546, -0.993451850147, 0.109297815715, 0.0332777541293, 0.113673909198, 0.916319809135, 0.383974282672, -0.0114744850747, -0.385242773931, 0.922743919691,  
1366, 1437999.1477050893, 70.02019884979, 122.85314297234939, 84.3409631056545, 33.13181225788871, -0.349334653502, 0.186269191784, -0.918296840926, -0.176656007239, -0.975558803449, -0.130681582938, -0.92019452018, 0.116571047883, 0.373702068266,  
1367, 1399207.2497755995, 69.38482210344671, 125.52173488021015, 58.50708781679632, 45.484772049601396, -0.518085949193, -0.573532429428, -0.634545113954, -0.854422485796, 0.312891019299, 0.414802875844, 0.0393594336201, -0.757073155274, 0.652143444764,  
1380, 2615030.089563756, 85.46652121687931, 113.82855908912752, 92.57290773292704, 59.245168303041325, -0.488198269157, -0.839121088264, -0.239871318049, 0.0619457830086, -0.307474920535, 0.949537726059, 0.870531544494, -0.448703657743, -0.202088736866,  
1385, 1698230.1199893297, 74.01208575161212, 131.2713573365797, 84.59789480088354, 36.50718934536665, 0.235877674998, 0.971628976015, -0.0172874349169, 0.840097321819, -0.212823645911, -0.498941465118, -0.488465159772, 0.103166024977, -0.866463247333,  
1388, 1075240.6240344716, 63.55343347893893, 146.25895498779207, 66.55822228144679, 26.368952329465312, 0.321718559851, -0.785252551393, -0.529032701049, 0.531935262744, -0.312329654068, 0.787080087055, -0.78328924702, -0.534629420927, 0.31722127574,  
1393, 2277087.534495241, 81.61381993977724, 137.21222077021932, 97.60564290992968, 40.59040613007094, 0.482946328957, 0.244574226051, 0.84080098198, 0.792981229479, 0.285115451776, -0.538414291092, 0.37140761037, -0.926764601779, 0.0562473097088,  
1402, 2953799.22999608, 89.00835769395916, 117.10943661736678, 103.85381485151026, 57.97997421478701, 0.67801945537, 0.733598008142, -0.0460823240453, -0.491354913875, 0.498971597948, 0.713861116081, -0.546680863713, 0.461368948773, -0.698769437195,  
1403, 2194313.229638715, 80.61267586410186, 143.82539991269164, 75.95279351558933, 47.95464388625023, -0.13500276298, -0.635562078544, -0.760154654202, -0.209216327271, -0.731596495303, 0.648841349225, -0.968505437461, 0.246632139791, -0.0342024155736,  
1460, 1411927.9262296362, 69.59445522747126, 138.51035963339743, 100.31787060772591, 24.25846725023312, 0.34898796989, 0.206480399703, 0.914096954054, -0.755861747815, 0.638627197365, 0.144320202938, -0.553967882699, -0.741296936001, 0.378943844934,  
1461, 961864.6835861985, 61.236231560097245, 117.06005892109394, 70.83185350124766, 27.694149042104108, 0.435405156013, 0.898751456432, 0.0516543287565, 0.543752429664, -0.308286060481, 0.780572226093, 0.71746473457, -0.311778005117, -0.622927628359,  
1470, 3305463.8322355775, 92.4090701137265, 120.98525757103603, 83.85210878821424, 77.78526896238711, -0.316906478143, -0.743680016253, -0.588651269885, -0.348213895165, -0.486071702806, 0.80154936401, -0.882222969167, 0.458992737586, -0.104920443754,  
1471, 2213033.0044916756, 80.84126372577823, 117.72117545750537, 85.1773604427606, 52.68906769970277, 0.613200442139, -0.361754767418, -0.702224113807, 0.466044597, -0.552090096577, 0.691374687755, -0.637799068177, -0.751219018338, -0.169948036527,  
1474, 1520847.8474449741, 71.33988189889838, 108.49524276178009, 69.66131176726596, 48.03909464228316, -0.41718014647, -0.515097673032, 0.74875570958, -0.908799138837, 0.230369356595, -0.347870787493, -0.00669706209032, 0.825593330145, 0.564225843595,  
1482, 3171944.47340623, 91.14768769593677, 130.16916459234199, 106.6749533207216, 54.5338786924687, -0.33464970143, 0.0884692141188, -0.938180566568, 0.94063791564, -0.0284960182518, -0.338213377329, 0.0566558822452, 0.995671218373, 0.0736813131671,  
1501, 1857560.5536553413, 76.25789100798566, 118.02100974701843, 88.86848436253354, 42.28119674831875, 0.434602288478, -0.160606363796, -0.886186462748, 0.460093080574, 0.885476405912, 0.0651605078353, 0.774232011775, -0.436047165433, 0.458723949081,  
1506, 1058115.0009457797, 63.21421570577263, 114.30117373292101, 64.03464032785851, 34.51267307364173, -0.0928418029441, -0.929650835718, -0.356552553315, -0.917544982807, 0.218938888103, -0.331929160819, 0.386641441328, 0.296336104661, -0.873323141181,  
1507, 908266.7729039094, 60.077004816715686, 145.9687797295504, 56.11054163953272, 26.4740496476515, -0.698312082822, 0.715638682517, -0.0148832479991, 0.0113143809664, 0.0318257313067, 0.999429391008, 0.715704002901, 0.69774522493, -0.0303213014044,  
1511, 1375555.296722849, 68.99164202163081, 81.1556591542295, 66.52943320588007, 60.82145582556068, 0.820331250934, -0.519340380643, 0.239462330596, -0.455415992549, -0.846500257198, -0.275741887086, -0.345908821038, -0.117144712201, 0.930926529825,  
1513, 1307375.1033045305, 67.83240266929032, 114.36303520617444, 94.9619204680899, 28.73931674770161, -0.177976789051, -0.93544826075, -0.305386335678, 0.125299679972, -0.329358178624, 0.935854251672, 0.976024719338, -0.128295524603, -0.175829478782,  
1522, 2913501.9231217257, 88.60173641468322, 134.23493869841212, 86.50001981743218, 59.90249671667086, 0.832037167661, 0.332878198742, 0.443741204344, 0.468366566916, -0.850192360003, -0.240428180519, -0.297232082093, -0.407878726823, 0.86330066233,  
1525, 3562846.926150174, 94.74788366893358, 117.90272195368044, 95.91545605737312, 75.21355682715604, -0.71460610212, 0.642409003785, 0.276855179957, -0.108978300528, -0.493179840056, 0.863074374186, 0.690986142283, 0.586587007373, 0.422437964622,  
1531, 629645.584432793, 53.17030900414278, 124.15846321690113, 45.33248541556718, 26.706790145336434, 0.0693883859997, 0.980449835534, -0.184128682963, -0.690512100092, 0.180415333227, 0.70045938295, 0.719984924505, 0.0785393375185, 0.689531203752,  
1533, 3154440.926459679, 90.9797201198252, 103.52048396302703, 89.53046126294895, 81.25248903948544, 0.321953459938, -0.0560787566637, -0.945093192593, 0.315665585459, -0.934765354076, 0.16299991097, -0.892581205152, -0.350811781259, -0.283248806421,  
1555, 1878065.8871973306, 76.53746461738972, 116.49575777072347, 81.4360536480212, 47.26018142981647, -0.672225665984, 0.738756891876, 0.04848617017, 0.716000537038, 0.66538110831, -0.211213663539, 0.188297331243, 0.107267121757, 0.976236589991,  
