# Void_ID, Void_Volume, r = (a*b*c)**(1/3.0), a, b, c, vector_a, vector_b, vector_c 

0, 2953308.685901051, 89.00343014832018, 101.63004726417705, 88.68335802162511, 78.2268740915021, -0.863580518098, -0.502693259435, 0.0390918876625, -0.492047875843, 0.823285046443, -0.283002862497, -0.110079864828, 0.263630838905, 0.958322077455,  
2, 275654.55036745226, 40.37310818923724, 101.33572658044913, 62.19022584168717, 10.442195911996048, -0.660350718189, -0.681029676089, -0.316441952454, -0.102508521915, -0.335693692495, 0.936376926112, -0.743928042167, 0.650775172472, 0.151864225454,  
4, 2172491.4717259766, 80.344562516613, 131.66279730850115, 70.68015135014886, 55.73255102168659, 0.283310869575, 0.415015946162, -0.864578923877, 0.329771386551, 0.80438429075, 0.494182906834, 0.900547491137, -0.425120779573, 0.0910304288785,  
5, 2526915.460161609, 84.49558836438554, 127.95995410015175, 88.53429880891231, 53.249615420418046, 0.47382603507, 0.752354580025, -0.457658687675, -0.513743365107, 0.658260861531, 0.550236669975, 0.71523188079, -0.0255973454073, 0.698418307757,  
9, 3098441.3882702435, 90.43812684156298, 121.93075965481063, 101.83347634638075, 59.57318594650164, 0.0101468830093, -0.319403516871, 0.947564474944, -0.982621608253, -0.178826940339, -0.0497564106726, 0.185342428383, -0.930592455815, -0.315667333472,  
10, 632065.0776006844, 53.23832651267326, 70.46501064767394, 63.06545346171785, 33.95534454989237, 0.184149442353, -0.499729581732, 0.846380132106, -0.761738051248, -0.61675411127, -0.198417508079, 0.621163524494, -0.608181478979, -0.494237963399,  
13, 1292083.405499772, 67.56689783314074, 146.96314992572837, 46.220624983751776, 45.410645367270064, -0.695643089465, 0.53469925796, -0.479768064399, -0.106914524501, 0.583345177587, 0.805156933918, 0.710387201834, 0.611396031491, -0.348632924646,  
14, 760942.7996337627, 56.635377662709935, 102.57519610982892, 51.916803531976214, 34.11246484723428, 0.728587172881, -0.137235330706, -0.671064226076, -0.312422718382, -0.938455688871, -0.147285318565, -0.609551291157, 0.316965903579, -0.726622212306,  
15, 1192705.10571677, 65.78822307487442, 110.70600617904, 79.84753463478091, 32.21156118849279, -0.968558469739, 0.226935868627, 0.10195392208, 0.248309130382, 0.856436959192, 0.452612760204, -0.0153969628848, -0.463698012138, 0.885859518814,  
16, 3807547.576137722, 96.86916951869775, 140.51259083786235, 88.98233673803107, 72.70054747130389, 0.246380028313, -0.237240930106, -0.939688045434, 0.862395708896, 0.496083677093, 0.100869354113, -0.44223356151, 0.835235132405, -0.326820670506,  
17, 1102697.9536450098, 64.08985953896764, 124.48650696824048, 68.90804199488622, 30.688507574228826, 0.688930900158, -0.12772591949, 0.713484620926, -0.484217377414, -0.81357719924, 0.321909416276, 0.539358643408, -0.567254995894, -0.622345581984,  
19, 3335165.6214193394, 92.68503082856326, 118.5784057957768, 87.00939889318722, 77.17151399639599, 2.92959458511e-05, 0.0964278699828, 0.995339974598, -0.711583676122, 0.699329230561, -0.0677296032746, -0.702601359961, -0.708265693912, 0.0686369857142,  
20, 1659732.365368606, 73.44853726986247, 105.44394375765047, 81.50107492699952, 46.10674635201252, -0.0100825833246, 0.56573403764, 0.824526130677, -0.939009153618, -0.28881169145, 0.186680519344, 0.343744310403, -0.772355362212, 0.534141407801,  
22, 1098365.5514930456, 64.00581492273807, 117.7294048979646, 50.4643025463997, 44.135603567910344, 0.308894256531, -0.388914597719, -0.867945720632, -0.675069690892, -0.732490682685, 0.0879676771252, -0.669974067201, 0.558751139114, -0.488806622109,  
23, 2448627.1492883516, 83.61381073664994, 117.92781911807343, 84.88500400620205, 58.396498951051655, 0.849987383707, 0.404484317088, -0.337511310579, 0.175338656996, 0.386932324173, 0.905284337583, 0.496767352895, -0.828659045531, 0.257965856961,  
24, 3089440.034407113, 90.35046393029513, 140.85892028283533, 97.57944391714072, 53.6597279859572, 0.636080352044, -0.531413884883, 0.559464984336, -0.632511561555, 0.0561970114596, 0.772509560071, 0.441962566563, 0.845246223805, 0.300379611327,  
25, 230984.48632456455, 38.062566403502515, 94.98501375244498, 80.07182171561202, 7.250357207360767, -0.535321096629, -0.549251907119, 0.641680345679, -0.546990686719, 0.804311174623, 0.232130831685, -0.64360897457, -0.226728641558, -0.731000417887,  
29, 909535.828211176, 60.10497220945572, 127.57383727331202, 90.65602426221993, 18.77469602387186, 0.689323587475, -0.67487231905, 0.263401489615, -0.251696890294, 0.117836169774, 0.960605700852, -0.679324419675, -0.728465503695, -0.0886360127675,  
30, 503505.0989760039, 49.352037575456656, 121.11106119950186, 59.535809072257635, 16.670675359483187, 0.574006009128, -0.618422143107, -0.536722604703, 0.287249066578, -0.461732858986, 0.839220317129, -0.76681488981, -0.635890572227, -0.087396252311,  
32, 1595470.7959934194, 72.4881055785683, 117.84530743741439, 69.90694771503024, 46.23465441127583, 0.228120035594, -0.924477354675, 0.305455185017, -0.768853007067, 0.0214340731505, 0.639066220381, 0.59734939766, 0.380633946464, 0.705897652577,  
35, 85356.91314808042, 27.313877911307035, 110.64578438254024, 64.5199185259606, 2.8544432253139664, -0.910941994972, -0.348017893335, 0.221513493305, -0.388157944632, 0.541226187231, -0.745927358578, -0.139707164511, 0.765478778396, 0.628111572899,  
36, 2143234.4551660414, 79.98226360016766, 118.53059080671896, 103.91262904009237, 41.54151119620337, 0.92468211864, -0.345574352495, -0.159816602285, 0.0481198750211, -0.31031451273, 0.949415283644, 0.377686982958, 0.885597690877, 0.270313286424,  
37, 1809227.7632957003, 75.59067290201648, 154.9317862377723, 59.743094919024536, 46.66340107830223, -0.307049473279, 0.932171541769, -0.191772880447, 0.950839289672, 0.29194501538, -0.103309018054, 0.0403145901068, 0.214066169001, 0.975986889827,  
39, 2569152.090989042, 84.96376228107653, 158.29457875774145, 79.45667538941724, 48.764612168580285, 0.0044124514764, 0.775522514942, 0.631304489997, -0.949052897893, 0.202166699185, -0.241717237161, 0.315085904591, 0.598074790105, -0.736903940937,  
41, 1646297.6112926677, 73.24982299616157, 128.58087757231803, 65.42983106115392, 46.71620486248194, 0.940029482268, 0.0327996874259, -0.339512522554, 0.141633137027, 0.867964916556, 0.476001006431, 0.310297642534, -0.495541203263, 0.811267088514,  
43, 184867.67994555258, 35.339260761351944, 141.33440073415807, 38.34928722294539, 8.14267691978203, -0.524105106096, -0.692257856577, -0.496077511859, -0.850446010421, 0.456417403806, 0.261581224214, -0.0453367524546, -0.558983196089, 0.827938624154,  
45, 792523.1682580545, 57.40826907366993, 144.0490961922991, 74.48752780535153, 17.633123913969573, -0.982905365851, -0.121882336175, 0.137991803775, 0.07093284229, 0.440951774436, 0.894723457, -0.169898715902, 0.889216637693, -0.424768404645,  
52, 491207.0635108099, 48.94691576733743, 103.53681655755415, 53.12686662207187, 21.319007581278978, -0.51332198573, -0.104406858927, -0.851821428925, 0.11935017185, -0.991611594606, 0.0496183627485, -0.849856502855, -0.0761948374328, 0.521477009371,  
54, 1597345.336316016, 72.51648355439369, 104.36028521180472, 87.2925801153309, 41.85984552192194, -0.557210644492, 0.657487524592, 0.507174972441, 0.512346825903, -0.20843365293, 0.833100319477, -0.653465398971, -0.72406185325, 0.220720196213,  
55, 780880.2326127889, 57.12575328930052, 117.33978854597136, 93.97994574011756, 16.905005976271664, 0.881534034352, 0.469569036851, -0.0490169961253, -0.399417031052, 0.797108815876, 0.452861536187, -0.251721635114, 0.379634633935, -0.89023242085,  
57, 3433207.2575007603, 93.58447410829007, 116.91954300866294, 89.74485559336983, 78.11145729094572, -0.730897618078, -0.534976400779, 0.423779332315, -0.678550607918, 0.636214067911, -0.367152192266, 0.0731966145524, 0.555906386365, 0.828015908794,  
58, 1459950.8976480435, 70.37469841304781, 130.91368127546338, 81.27556552665759, 32.75703650970711, -0.206503569232, -0.832675378997, -0.513817077477, 0.220171836999, -0.551213124902, 0.804790937529, -0.953352315824, 0.0530641512562, 0.297159145517,  
59, 1414384.0658157186, 69.63478652961841, 113.12608244474643, 106.78954613098108, 27.950350428171753, -0.594056615812, 0.0294390149575, 0.803884370795, 0.659158081771, 0.590628278441, 0.465477024075, -0.461093656914, 0.806406585479, -0.370271600922,  
61, 2142603.9922434757, 79.97442019058899, 131.66562784032797, 93.07443933297016, 41.73980899096606, -0.459986877698, -0.887920109631, 0.00315456163464, -0.862135720514, 0.445773604178, -0.240848278449, -0.212447809495, 0.11350670787, 0.970557651821,  
64, 1827505.0221127195, 75.84436564135034, 131.42709227882537, 65.37205623687342, 50.78002666401108, 0.382166574395, 0.4597067634, 0.801634830269, 0.412381774737, -0.861155003227, 0.297242884326, 0.826976409144, 0.216983299131, -0.518679348556,  
65, 1035078.5731423233, 62.752096000941954, 79.76183330804906, 62.3814131911102, 49.66316261461898, 0.535908275254, 0.0728274332289, 0.841129291776, 0.791741473633, 0.302597022433, -0.530641574836, 0.293168483032, -0.950332156135, -0.104503749083,  
66, 706166.9247117315, 55.24244869382235, 90.8013388637632, 70.51555340953111, 26.32943817828369, -0.579560890031, 0.207928793161, -0.787956084893, 0.814156508508, 0.105646011259, -0.570953675843, 0.0354732913524, 0.972421995473, 0.230514876572,  
67, 579482.3379195881, 51.719049104617916, 134.44024526935712, 89.85865748165979, 11.451499867387595, 0.781189996876, 0.231595374375, -0.579746299125, 0.36537224673, 0.583381461186, 0.725375207781, 0.506206785909, -0.778479064146, 0.371113239574,  
69, 2900904.1395225995, 88.473849290404, 128.70636288202383, 93.76298626371737, 57.38697331784268, 0.318942233626, -0.44287242163, 0.837937867488, 0.383145968043, 0.868896076538, 0.313398748162, -0.866876587977, 0.221096418644, 0.446812438145,  
71, 927100.1822339566, 60.489410537920605, 87.81986063944166, 84.63607753854981, 29.777606445390493, 0.168443597494, 0.412952642062, 0.895040149869, 0.556108941053, -0.789522012365, 0.259610935193, 0.813860921868, 0.454010030071, -0.362636584546,  
74, 1395133.8797731241, 69.31742566365871, 90.82446012052208, 84.54585576256095, 43.37426481709894, 0.271011922416, -0.492361500149, 0.827123141424, -0.678574643323, -0.707168772317, -0.198617171712, 0.682707105095, -0.507437169146, -0.525755197808,  
82, 1781300.6785516108, 75.19971731226339, 108.03418316541426, 68.16956717908343, 57.74267441273643, -0.357680315808, -0.88278442437, 0.304559438819, 0.129825324058, 0.275961418431, 0.952360583377, -0.924775744122, 0.380180162065, 0.0159018066722,  
84, 2799398.8782202373, 87.42964701279843, 114.06779878227458, 91.86292131973563, 63.778288666979165, 0.464642798682, 0.759208381849, 0.455751799297, 0.794784060055, -0.584488798062, 0.163374241612, -0.390416914996, -0.286313600567, 0.874985231084,  
86, 1056056.7852894748, 63.173201593959796, 145.05311782841164, 75.41435321398339, 23.047168826954664, -0.91475919912, 0.0248118122499, 0.403236880256, 0.399939131868, -0.0855383869579, 0.912541437501, -0.0571340391165, -0.996025882359, -0.0683238116963,  
90, 920174.4209296547, 60.3384082423178, 134.78361048740928, 69.22872611431075, 23.54280043739651, -0.780813727437, 0.175540711684, -0.59959601532, 0.62099547272, 0.112812566354, -0.775653239362, 0.0685167563937, 0.977987108, 0.197095587671,  
91, 1144234.8852308556, 64.8846836698665, 124.25227655918957, 74.94915535466605, 29.332932136509775, -0.0156257816077, 0.986825066093, 0.161034542504, -0.845682156734, -0.0989696882957, 0.524429871938, 0.533458081513, -0.127989412566, 0.836086828948,  
94, 885276.7364515888, 59.56577740001941, 127.1996548416859, 47.12173440934908, 35.26007587917614, 0.58169199889, 0.778663680002, -0.235196283714, 0.651325614528, -0.27267987622, 0.708110605036, -0.487246716036, 0.565091637303, 0.665779302143,  
95, 963748.3087196286, 61.27617858324457, 123.1984789299015, 65.78467589020387, 28.388662677963726, 0.776909100194, -0.343730345095, 0.527505165754, -0.565934226751, -0.74841102872, 0.345831437383, -0.27591792444, 0.567212818924, 0.77597610596,  
96, 1494264.0208085338, 70.92177179043591, 105.49213260210227, 98.51234562768003, 34.32637939749276, -0.542214502152, -0.231378188533, 0.807754645624, 0.180006772056, 0.907031051258, 0.38064712539, 0.820731987722, -0.351793697961, 0.450155749052,  
97, 1980136.9786452323, 77.8996563184346, 113.8718097647031, 80.95411895878254, 51.280405573474454, -0.258805667971, -0.89832493867, 0.355009761542, 0.196262298181, 0.310960204235, 0.929938095625, -0.945780490674, 0.310348281686, 0.0958290536072,  
100, 1412009.3593317906, 69.59579315776412, 144.0815881489584, 91.67524270039267, 25.520454867639703, 0.267642481084, -0.906239176467, -0.327258395394, -0.869414382142, -0.373548152137, 0.323388945636, 0.415314500642, -0.197970535867, 0.887874727923,  
102, 718820.5567788505, 55.570455899117896, 110.73820619246338, 86.90752504691308, 17.83105389667727, -0.598690250557, 0.70958814353, 0.37155706217, 0.307230954386, -0.224960046855, 0.92466324572, -0.739715570037, -0.667740701081, 0.0833260557405,  
103, 1768846.5682085112, 75.02405227692797, 124.32593147599472, 88.89862435006765, 38.20716304639909, -0.812253740202, -0.143343439174, -0.565417120339, -0.559991193013, -0.0796762362868, 0.82465845119, 0.163259686618, -0.986460519137, 0.0155537425846,  
104, 1117736.2488203947, 64.37989174626905, 98.74309306016174, 74.33585507369011, 36.35345212605801, -0.0506886853539, -0.544348396723, 0.837326388072, 0.940786490162, -0.307410619817, -0.142896783563, 0.335188658976, 0.780502103654, 0.527697857761,  
105, 2071574.3936900904, 79.08072489286133, 108.41449503498131, 88.78713717100132, 51.377683682509854, -0.0577870377849, -0.679521127364, 0.731376575869, -0.661942697547, -0.522326338833, -0.537593769425, 0.747323573446, -0.515195335021, -0.41962035621,  
106, 283065.50173117564, 40.73172266347514, 129.0867512507963, 49.21184142503143, 10.637683072480261, -0.0588591942091, 0.995489455052, 0.074406586657, -0.0514049076859, -0.0774593978946, 0.995669411574, 0.996941889341, 0.0547794355456, 0.0557322412833,  
107, 3085643.8602149305, 90.31344247722853, 138.42862742698898, 94.89058167458732, 56.08002108119172, -0.699172267302, 0.694600862043, 0.169374682539, 0.0267700051709, -0.211303150957, 0.977053911112, 0.714451893033, 0.687663159436, 0.129142834474,  
108, 71458.56325349736, 25.742766863782993, 85.23510212514675, 27.317475583907626, 7.326669837115958, -0.593482568999, 0.569050788563, 0.569174525371, -0.13168966981, -0.766310055664, 0.628829650583, 0.794000170756, 0.29824503118, 0.529729770936,  
111, 2638093.605095259, 85.71704627882478, 100.29954883177956, 88.19817147275222, 71.19394044730167, -0.410289177269, 0.906191527667, -0.10237043616, 0.908985060186, 0.397315210437, -0.126042786043, 0.0735455734502, 0.14476718806, 0.986728691124,  
113, 835956.9023153106, 58.43841473004131, 88.9534955473922, 71.66046174394614, 31.307807694800857, 0.394229012059, 0.452768025755, 0.799740333424, 0.505573135716, 0.61985428133, -0.600147043948, -0.767449861876, 0.640922604353, 0.0154571904164,  
114, 1782048.1744811852, 75.21023464983564, 124.08818100642361, 85.71931229617765, 39.996476565601014, 0.0733891743546, 0.989620647734, 0.123551619436, -0.323386208547, -0.0935779770736, 0.941628654156, 0.943416869263, -0.109060239246, 0.313162058696,  
115, 3562546.3239674987, 94.74521892523583, 121.11596034746906, 95.25898100065265, 73.71648221391692, 0.608363874275, -0.727245967998, -0.317815510174, -0.683346579272, -0.683636954704, 0.256277128828, 0.403646936163, -0.0612683947345, 0.912861070882,  
117, 839218.839667214, 58.51432575868514, 91.48108478179009, 60.34176874053139, 36.29420380210323, -0.856961227709, 0.290206102906, 0.425908290644, -0.0155650029307, -0.84059162371, 0.541445706265, 0.515145789934, 0.457368713387, 0.724871488698,  
120, 976864.2349420987, 61.552902028051186, 106.84168942336454, 71.875409733989, 30.36858243231037, 0.359834733236, -0.913945682268, 0.187675929785, -0.786383752756, -0.188832920182, 0.588168956727, 0.502115084575, 0.359228921608, 0.786660678897,  
121, 688544.0973221327, 54.77903576530253, 104.28982423192716, 53.39161589406323, 29.520801856762407, -0.921364027912, 0.181131686558, 0.343918071922, 0.341772720075, -0.0439336348334, 0.938755156334, -0.185147875716, -0.982477046986, 0.0214269984558,  
122, 3909439.747493005, 97.72566587665665, 126.81003794926488, 97.7146701673199, 75.32038164670593, -0.0757999673965, 0.897156169206, 0.435161088563, 0.997008455143, 0.0748088602744, 0.0194364296573, 0.0151163922968, -0.43533256538, 0.900142795451,  
126, 790622.4210657963, 57.362337311301005, 82.68203093665103, 69.24559297323354, 32.966834096193075, 0.0670989158336, -0.618013448305, 0.783298865828, 0.0503713776069, 0.786165290693, 0.615960112367, 0.996474013616, 0.00187441278686, -0.0838810274422,  
127, 1823888.9752617492, 75.79430871235145, 114.36151913781757, 83.95794127151568, 45.349039433020714, -0.235332682613, -0.300950390773, 0.924146844818, -0.59573775088, 0.795952458392, 0.107499842583, -0.767929072682, -0.525250936479, -0.366601136192,  
128, 1324436.9764425938, 68.1262100562151, 122.74957610794607, 60.071119585219876, 42.88021562360904, 0.906726205934, -0.415379600921, 0.0728517303217, -0.18416480061, -0.23460739434, 0.954485566542, -0.379382279091, -0.878873800759, -0.289222973935,  
129, 1389933.2554667047, 69.23118716467611, 102.91435733487293, 76.73138497885769, 42.020027580164474, -0.991409663294, -0.119499849577, 0.0531663942586, -0.00456497749136, 0.43785880381, 0.899032162332, -0.130713581957, 0.891066469955, -0.434642963379,  
131, 503438.6069511294, 49.34986503117468, 137.29712548493515, 72.2271848006082, 12.119808988357969, -0.942364117057, 0.263400073646, 0.206325645733, -0.10072290185, -0.811375204375, 0.575782228598, 0.319068594391, 0.521814793705, 0.791141297838,  
134, 673861.608382097, 54.38686616379296, 119.25471661514668, 48.38979597990268, 27.877430972456494, -0.00645061280961, -0.702375039946, 0.711777839536, -0.820142398179, -0.403525471956, -0.405627464789, 0.572123095411, -0.586375730008, -0.573444563105,  
136, 1311735.944486424, 67.90773887748185, 131.01465486054468, 68.52214315597288, 34.88245117948865, -0.656625754152, -0.751650610178, 0.0621609137901, -0.706263153959, 0.583866349371, -0.400365387404, -0.264641221928, 0.306792187467, 0.9142448126,  
137, 660926.7801844446, 54.036628798895784, 138.1180788007234, 108.78342497274494, 10.501503543335955, 0.139923724257, 0.225974725969, 0.964031521587, -0.335154878293, -0.905330289118, 0.260860643181, 0.931714848517, -0.359600459994, -0.0509406539572,  
138, 1460109.876157763, 70.37725275890912, 111.88338365451199, 80.791178633998, 38.56269639167122, 0.341367947907, -0.821822206358, -0.456153686029, 0.425152033505, -0.297815959246, 0.854722997716, -0.838280187377, -0.485709702965, 0.247734559351,  
139, 2221754.315276175, 80.94731993055045, 140.54023171763774, 66.68172452614165, 56.597850122582415, -0.355825347409, -0.928796166745, -0.103566417246, -0.183876543405, -0.0390743870358, 0.982172392741, -0.916284747732, 0.368525267678, -0.156880171327,  
144, 1177128.8966216391, 65.5005787358661, 117.05315337556908, 77.54469479688939, 30.959946590885536, 0.0070669187631, -0.167669162745, 0.985817990566, -0.58794710031, -0.798133649754, -0.1315328262, 0.808868509646, -0.578679297189, -0.104220943712,  
147, 871998.8890008508, 59.266476367087854, 143.99248286226566, 51.779010982966675, 27.921178890264216, -0.958605443321, 0.275793581637, -0.0708061039939, 0.0709602897888, 0.472217852924, 0.878621042687, 0.275753950666, 0.837226492478, -0.472240996721,  
148, 1155379.0947593232, 65.09465036065754, 124.02444936653487, 71.41783574489754, 31.140236259142792, -0.00297749393419, 0.904341636361, 0.42679894479, 0.278250436896, -0.409196460944, 0.868985011791, 0.960503945279, 0.121344390456, -0.250415075441,  
151, 2457686.288455061, 83.71679864041279, 126.01050333824227, 89.83026001982037, 51.83324924993168, -0.739903033533, -0.517547112919, 0.429753984133, -0.0891563870558, 0.708643774547, 0.699910808205, -0.66677930353, 0.479550817646, -0.570470309201,  
152, 1696746.6030961482, 73.99052798081934, 108.28986123432443, 95.22853892059983, 39.28017923925412, 0.911619414819, 0.327713486466, 0.24810061127, 0.381896742348, -0.898512275864, -0.216403716017, -0.152003028615, -0.292026644179, 0.944253948036,  
153, 695975.7492998155, 54.975412829455976, 118.12644285807363, 70.65435354431222, 19.907624688300057, -0.551361260113, -0.273437258846, 0.788183244126, -0.00751224533881, 0.946350780686, 0.323053812955, -0.834232777477, 0.172198331493, -0.523835286722,  
154, 1910881.4806776193, 76.9806748584139, 97.33847782973562, 78.24901905681065, 59.893775419674114, 0.689488714196, -0.258647538347, -0.676540289934, -0.657923857133, -0.614265433469, -0.435676686845, 0.302888611888, -0.745506155677, 0.593699469964,  
155, 2866719.5448667808, 88.12494643678306, 129.28508459251597, 91.32055915465872, 57.96683816306051, -0.501231284299, 0.170824748697, -0.848284212321, 0.038801168738, 0.983771184814, 0.175181977483, 0.864442981893, 0.0548922686999, -0.49972509432,  
161, 1478387.2540270947, 70.66969225540065, 109.81723077172438, 80.5430431542924, 39.902589259242255, -0.86074242468, -0.319500815793, -0.396284881196, -0.461385112067, 0.818552649391, 0.342191961532, -0.215049428549, -0.477379082997, 0.851975911865,  
162, 2038132.4640460333, 78.65287447190218, 120.5363458459377, 100.08409235644406, 40.333018073036335, 0.652422161869, 0.716452630569, -0.247064669372, -0.673211870551, 0.697606903769, 0.245214977444, -0.348038934676, -0.00634318250822, -0.937458619879,  
163, 1603924.2270206253, 72.61590362184587, 101.01196493011246, 90.85544047718663, 41.7226111756596, 0.315341404539, 0.343825990255, 0.88450182985, 0.745929684397, 0.486375485538, -0.455003069224, -0.586641887797, 0.803257477708, -0.103095683655,  
164, 443915.12717822765, 47.32280130871196, 147.8498651052155, 47.55895835117571, 15.07155520594069, -0.458112923077, -0.807770213868, -0.370998424926, -0.26324182175, -0.275362335988, 0.924596845766, -0.849020784782, 0.521232064926, -0.0864918580091,  
165, 947759.0662355976, 60.935415867917904, 118.76549440880913, 99.41283591508859, 19.163577805592706, -0.221101790245, 0.866279154897, -0.447966990013, -0.384833069684, -0.49955960199, -0.776108054679, -0.896112440951, 0.000793631570215, 0.443826388716,  
166, 2167012.642344849, 80.27696505716322, 133.36733366063666, 86.89675447488652, 44.63955029944209, 0.187654201713, -0.55088911285, 0.81320789834, 0.866560159428, -0.296941904268, -0.401122170394, 0.462449338492, 0.779965826708, 0.421656161458,  
169, 3991553.059638817, 98.40513597972844, 153.4743868521356, 101.4347732407141, 61.2111484345874, 0.674724377293, 0.306312816546, -0.671505378315, -0.367037509271, 0.928591283205, 0.054787731686, 0.640336225334, 0.209501043374, 0.738971468563,  
170, 347130.2218198955, 43.598137712035054, 104.01061596323316, 75.5530524389944, 10.545668932901172, 0.525522609853, -0.66983206374, -0.524548370429, -0.567213370198, -0.735379798255, 0.370790432707, -0.634109595577, 0.102672093119, -0.766396413152,  
174, 543595.8318487832, 50.628590434895635, 103.63734559981688, 92.00972254565653, 13.609353862131035, -0.753910125091, -0.655282642355, 0.0471612331579, 0.20019904524, -0.160773333252, 0.966474147404, 0.625731464423, -0.738076279217, -0.252395603145,  
178, 815233.804472501, 57.951478904351816, 113.09595386037313, 61.475992137917714, 27.99245291187819, 0.300912442154, -0.847506848873, -0.437245747002, -0.609528823314, -0.52354233251, 0.595296598024, -0.733434602201, 0.0873817325519, -0.674120254191,  
180, 1607410.4573715446, 72.66847729654457, 119.47355011008266, 93.45299883410493, 34.36949644275824, 0.718168856235, 0.692786451113, 0.0654249729705, -0.271197217978, 0.192063118125, 0.943166913975, -0.640847534828, 0.695096174504, -0.325815508064,  
183, 1099531.828765288, 64.02846133627068, 105.62447611347449, 99.11000048855846, 25.074781087871397, -0.831473061407, -0.555097824944, -0.0227805377032, 0.0832351758237, -0.165008607022, 0.982773659148, 0.549294505398, -0.81525368098, -0.183403876697,  
184, 2383621.7770664003, 82.86724713574954, 146.13911025523808, 80.10308699910175, 48.61082851475097, 0.264522918359, 0.355425586857, 0.896493322825, 0.427479928765, -0.876503202161, 0.221366318812, 0.864458521946, 0.324676437101, -0.383792489538,  
185, 3172080.7079965724, 91.14899260424838, 126.27052261681318, 93.65904066854847, 64.03301281924949, 0.30064281502, -0.859824754612, -0.412692729683, -0.571276171737, -0.508846380409, 0.643986720943, -0.763712926028, 0.0421515420976, -0.644178402398,  
187, 1620061.7798405567, 72.85862803830436, 118.75592491363106, 106.12156816249224, 30.68909076562253, 0.95818357696, -0.285807719795, 0.0140776471521, -0.0536537430273, -0.131117794031, 0.989913834608, 0.281079185823, 0.949274497389, 0.140969570841,  
189, 1026582.0797294714, 62.57992281784179, 135.76872269202468, 104.78823701662097, 17.226331625719336, -0.489438422101, 0.306271588306, 0.816484993841, 0.871325132613, 0.133909779925, 0.472081226186, -0.0352497411159, -0.942478585983, 0.332402723687,  
197, 1364782.212442625, 68.8110600171111, 113.7533449016325, 70.88834163560838, 40.40505961069557, -0.734995133325, 0.161287154515, -0.658611120296, 0.628838071872, -0.201224386751, -0.75104688638, 0.253662834001, 0.966175553388, -0.046475441705,  
203, 470797.5449258284, 48.259393548973534, 114.66423990288453, 83.70710417400146, 11.70995606872573, -0.591848380371, 0.46450270674, 0.658750886211, 0.518753460866, -0.40601479867, 0.752360837697, -0.616936253994, -0.787012845316, 0.000663185703733,  
204, 2432470.210928934, 83.42949991224098, 130.65240422225972, 85.09734827546983, 52.230656908243795, 0.845477894405, 0.450758746827, -0.286327927786, 0.33082052057, -0.863021147657, -0.381775171882, 0.419195554892, -0.228059314335, 0.878785546026,  
205, 2705505.1294687977, 86.44102687835026, 147.67503107169503, 106.45845739839164, 41.08398032590824, -0.864231507318, 0.24813181707, 0.437646550445, 0.460773741923, 0.0411642774675, 0.88656249696, -0.201968959281, -0.967851281767, 0.149908091405,  
206, 1176359.5594092207, 65.48630586820065, 120.33889412535274, 57.95756326858863, 40.26570826067799, -0.44898631494, -0.0351313153891, -0.892847735997, 0.885466919193, -0.151498748125, -0.439313628667, 0.119831648626, 0.98783294134, -0.0991284822433,  
208, 2140321.114505833, 79.94600668004574, 133.80852870360806, 69.8213762999205, 54.69128480067706, 0.575390476953, 0.747747370399, 0.3313603312, 0.72490752206, -0.278646229422, -0.629972509948, 0.378727980869, -0.602685779565, 0.702378080251,  
211, 456652.608050285, 47.77115895986599, 106.97391081957102, 63.669524685600564, 16.006185731314698, 0.448402082409, 0.250616511122, 0.857978401153, -0.676705374493, 0.722296438329, 0.142680381656, 0.58395668386, 0.644576775512, -0.493472767076,  
213, 50926.48058092192, 22.9942024947208, 80.10199465218253, 39.93505810653519, 3.8006458504677543, 0.302410388984, -0.0174508518718, 0.953018060901, -0.617135494481, -0.765564380801, 0.181810231561, 0.726423938266, -0.643122575112, -0.24228416229,  
219, 2253337.422177113, 81.32908257804465, 140.9281832149782, 81.14440358246043, 47.04150354447451, 0.397006321524, -0.331976760384, -0.855673659309, -0.793273125075, 0.344800466884, -0.501827048962, -0.461631595217, -0.878011428514, 0.126460277144,  
231, 742610.0761000264, 56.17685337106636, 103.1012264961082, 56.98019316411602, 30.17758483471727, 0.472680729569, -0.171305041809, -0.864423224205, 0.545993062334, 0.826891784299, 0.134690582232, 0.691711286432, -0.535634726012, 0.484387176247,  
232, 1756421.801020351, 74.84797755604272, 99.00701727391215, 88.66622726165342, 47.76568420598814, -0.0356283941116, -0.941017315558, 0.336477383122, -0.531597183944, -0.267259618094, -0.803726776062, 0.846247630162, -0.207505923664, -0.49072012399,  
233, 2871651.167836353, 88.17545132309648, 115.59986819410926, 98.47419818566306, 60.223124185833775, -0.841683435397, -0.234252529804, -0.486512843468, -0.525229895902, 0.146081683928, 0.838327917984, 0.125309820167, -0.961137812127, 0.245990965421,  
236, 1700295.897300849, 74.04208375429207, 141.9947219780246, 79.91963770397223, 35.76927926700963, 0.160126736762, -0.28606257641, 0.94473680491, -0.337100735408, 0.883698019498, 0.324716652672, -0.927751325713, -0.370467289667, 0.0450717752644,  
238, 3163019.5980799193, 91.06212021379457, 126.48016649931485, 79.62901757483992, 74.97552012190248, -0.35309241808, -0.884633766895, -0.304546946733, -0.86449372991, 0.184026489551, 0.467744419625, 0.357737802366, -0.428435934082, 0.829738702933,  
240, 1420193.5012190726, 69.72999550841043, 91.00691699518907, 75.36353743849443, 49.43371326545982, 0.110443456867, -0.281134026603, 0.953292138812, -0.727432690002, -0.676437847516, -0.115210763233, 0.677232548208, -0.680731589934, -0.279214215458,  
241, 1151114.5495958729, 65.01446273439579, 96.64363059218606, 61.23454107820266, 46.43658031779696, -0.354810891409, -0.712379005852, 0.605495981291, -0.0576288888794, 0.663064818402, 0.746340376613, -0.933160298397, 0.229915633698, -0.276316229848,  
242, 813346.6536791612, 57.906727867190064, 116.80880040034508, 79.94714618493757, 20.792587864826437, 0.0386371123107, 0.396340445731, 0.917290261929, 0.188677549014, -0.904356779979, 0.382804907235, 0.981278735146, 0.158281602161, -0.109722278353,  
244, 2929662.483491253, 88.76525263243846, 131.68985860497133, 84.7727903728094, 62.649869454955464, 0.251751327913, -0.766668318436, 0.590627597054, -0.878300481057, -0.437302605066, -0.193273631356, -0.406459756765, 0.470091609273, 0.783456664418,  
245, 960260.6303139814, 61.20217242745081, 120.60391099589565, 85.15247460608003, 22.32244950949229, -0.457209845307, 0.110229139021, 0.882501384852, 0.887784849561, 0.115577177663, 0.445510916694, 0.0528887345731, -0.987163336492, 0.150702783123,  
248, 2501586.24948512, 84.21231841730349, 124.9734416360609, 83.10288573817871, 57.5033355079774, 0.543124325307, 0.42432797971, 0.724542430017, 0.694508315521, 0.257925155447, -0.671664212133, 0.471883637068, -0.867997914642, 0.154613884385,  
251, 2233055.000133187, 81.0843308165078, 146.10267994903765, 79.70082578948055, 45.78147777887659, -0.620533175731, -0.766439692126, 0.165857698497, -0.034849758941, 0.238248853603, 0.970578682055, -0.783405432786, 0.596496171061, -0.174551556254,  
253, 1017934.6048809247, 62.40371188665366, 151.85033097120035, 74.93532095831007, 21.356444656695874, -0.908153318755, 0.369595503578, -0.196613105792, -0.049207059912, 0.372153884818, 0.926865767665, 0.415735751277, 0.851410975822, -0.319786077497,  
258, 1038465.1864907274, 62.82045980691979, 85.43127190645443, 62.08339586227862, 46.74239877408224, -0.690440904788, -0.289077313177, 0.663118137289, -0.021476131585, 0.924470127656, 0.380649128259, -0.723069936291, 0.24857451615, -0.644500253804,  
259, 1435476.422074326, 69.97922869405137, 138.86284415787367, 66.33561244872946, 37.202716690155896, -0.90916663419, 0.0285288137397, 0.415454134728, -0.00753882131371, -0.998614661428, 0.0520761380514, 0.416364260533, 0.0442138526681, 0.908122204212,  
260, 2370230.0514140367, 82.71176662437776, 122.94134167540078, 75.37987707699972, 61.05883554196514, -0.599031795867, -0.185692847337, 0.778896061094, -0.786480346386, 0.319113986438, -0.528786278575, 0.150364797375, 0.929346238012, 0.337203199277,  
261, 1419870.5174135577, 69.7247090534745, 130.15386385056837, 82.09845795079264, 31.722548266706493, 0.372762351481, 0.921317899728, -0.11055115087, 0.328939959361, -0.0197980590226, 0.944143283615, 0.867667408892, -0.38830576161, -0.310438243531,  
263, 1785703.5973408443, 75.26162447736564, 118.44480506232648, 70.01041507763955, 51.40934779298492, -0.910697824351, -0.102797415072, 0.400077697675, -0.38161687316, 0.580095121392, -0.719623660156, 0.15810766851, 0.808036101664, 0.567520593077,  
266, 1868157.8008156116, 76.40263134269907, 138.7800742394576, 68.18904161471576, 47.128459748900866, -0.214101925795, 0.361712446917, 0.907372289149, -0.309693015235, -0.90612632223, 0.288141153735, 0.926418157036, -0.219315284252, 0.306023208937,  
267, 1413866.964352196, 69.62629929242537, 116.29980352464806, 77.06954982473582, 37.658076605120506, 0.184087461449, 0.817197620317, -0.546168340244, -0.371003602187, 0.572331157334, 0.731295681314, 0.910202248789, 0.0680080560894, 0.408542250698,  
268, 403768.5539509401, 45.85091016382125, 133.36057202276479, 45.29562986788493, 15.957326469481828, -0.967338986505, -0.193109750859, 0.16420691006, -0.243553253649, 0.88762025599, -0.390911874714, 0.0702644848089, 0.418137423915, 0.905662186964,  
269, 3091037.5718869073, 90.36603453845991, 115.20640846715861, 89.55014164229978, 71.52745285380918, 0.687963902451, -0.555966708044, -0.466483320677, -0.371279814354, -0.821902091333, 0.432004920939, -0.62358397059, -0.124007950587, -0.771858186336,  
270, 2741435.9720564876, 86.82200934368724, 97.20779234871304, 96.18570822276139, 69.99674915047969, -0.624872874569, 0.0595481447361, 0.778452252284, -0.77668591491, 0.053897428802, -0.627577928825, -0.0793276761822, -0.99676932418, 0.0125711640082,  
271, 4097019.7808183967, 99.26431511991072, 114.21368032000338, 99.29458264054625, 86.24536622726296, 0.00491437084496, -0.647186117503, 0.762316193106, -0.227478948888, -0.743062540323, -0.629373807035, 0.973770597611, -0.17031791004, -0.150872902628,  
272, 4169354.3476349423, 99.84509452991149, 116.18002813473711, 97.30011348495391, 88.05121911183576, 0.224785007143, 0.401147214379, -0.888004849626, 0.710443013715, 0.556245829916, 0.431116342725, -0.666890114508, 0.72778533174, 0.159956513076,  
273, 3589826.5328119895, 94.98644151133514, 100.73184606259215, 93.2523881698156, 91.23429027051229, 0.25891955365, 0.0309559316907, -0.965402711323, -0.862019170316, 0.45831465836, -0.216496244632, -0.43575637086, -0.888250755263, -0.145351233326,  
274, 2676661.372788528, 86.13274221501658, 114.8307262265524, 85.47704338121159, 65.10243298829505, -0.693283955543, 0.340776613773, -0.635002879121, 0.720663609218, 0.326424512702, -0.61162978987, 0.00114862329328, 0.88165658678, 0.47189018177,  
275, 3351604.627872438, 92.83706258872772, 103.29354139725635, 94.34418824558958, 82.1061810707609, 0.657568572143, 0.753392770778, 0.00170466082561, 0.701081938102, -0.612736452535, 0.36474395924, -0.275839969904, 0.23864905756, 0.931106298083,  
276, 3635537.6631652173, 95.38791286028376, 103.24117135609438, 93.8958014867422, 89.53254757217493, -0.0900352053271, 0.399323509201, 0.912378428505, -0.343809581893, -0.87224384495, 0.347829910079, 0.934713128826, -0.28236750866, 0.215823902414,  
277, 3671438.8099900936, 95.70087201731972, 105.38238640183812, 93.76791084034845, 88.70036687554226, -0.248210797571, -0.856584460745, -0.452387512625, -0.967232130671, 0.244899866939, 0.0669780603713, -0.0534172759217, -0.454188415509, 0.889302804364,  
278, 3424082.8311762484, 93.50149414549938, 104.69852788429915, 93.30055722907794, 83.68176658259003, -0.975753149588, 0.143444138257, 0.165316575902, 0.181328111388, 0.106777132942, 0.977608694673, 0.122580206757, 0.983881305382, -0.130198578453,  
279, 2962599.9190406986, 89.09666861540425, 135.16480275981246, 90.86306892206449, 57.588183682731845, 0.444631754648, 0.792330409259, 0.417750075192, -0.311824623839, -0.300289958636, 0.901438486371, 0.839683277627, -0.531072935957, 0.113549680612,  
280, 3738737.916820961, 96.28208159605607, 102.57798197922688, 94.77488343355331, 91.80979195875855, -0.0443713382335, 0.994535871574, -0.094496478745, 0.991456998792, 0.0554515164308, 0.118059937623, -0.122654816006, 0.0884507177888, 0.988500008413,  
281, 1141798.9992584614, 64.83860805464887, 136.3312050466642, 71.22493450970374, 28.072023362179333, 0.179694524847, -0.983707712391, 0.00538649437404, 0.650513770802, 0.122933699885, 0.749479245496, -0.737930695755, -0.131173328135, 0.662005926143,  
282, 2912827.6721661203, 88.59490106487617, 109.23599035043055, 89.5513509810057, 71.08668956159508, -0.175008619448, -0.111735409374, 0.978206103748, -0.656898265636, -0.726819360047, -0.200544973673, 0.733387109052, -0.677678991967, 0.0538008561625,  
283, 3128735.947004111, 90.73191993677723, 115.51332334806968, 86.97548550403646, 74.34493090335425, 0.368671443211, -0.635034044764, 0.678832180256, 0.396365888611, 0.76795000153, 0.503137036498, -0.840818321224, 0.0835736629663, 0.534827068829,  
284, 3322566.387004273, 92.56817166400651, 98.13865089689494, 93.75565827457534, 86.20798357869094, 0.124158026768, -0.795166714841, 0.593544168532, 0.880029554159, -0.188099583687, -0.436080876012, 0.458402408584, 0.576479351083, 0.676416136397,  
285, 3290005.7993573374, 92.26479434695986, 107.09587769514302, 89.28244789733925, 82.14274481140859, 0.858190244165, -0.378851003735, -0.346383345139, -0.413518781891, -0.910027368588, -0.0291959833634, 0.304157396497, -0.168291727041, 0.937638615227,  
286, 1694885.991075578, 73.96347267053174, 110.67483118333632, 99.15356895546425, 36.87182735825817, -0.865538261763, 0.49684250851, 0.0631746718405, 0.369766963525, 0.548836647146, 0.749700425127, -0.337810464774, -0.672254309385, 0.658755063284,  
287, 2447069.5213151285, 83.59607742073808, 164.1547789569431, 70.48032772073623, 50.493590438766404, -0.489102948988, 0.374470058629, 0.787750265301, 0.859800871836, 0.0550931721897, 0.507648700549, -0.146699577649, -0.925600841383, 0.348915915873,  
288, 3769356.7674633674, 96.54420528256377, 108.111212422742, 100.45833854595213, 82.85560766881486, 0.623103852592, 0.625627419375, 0.469395271612, -0.211476496828, -0.443026573572, 0.871209014186, -0.753006826114, 0.64211976082, 0.143746069824,  
289, 2357786.5050988644, 82.56676887124702, 111.38343976593981, 83.68126333913975, 60.39027600589676, -0.966396757958, -0.118148704912, 0.228294086071, -0.180752473006, 0.943803168887, -0.276702226049, -0.182772672218, -0.308668854804, -0.933443993159,  
290, 2605978.66464353, 85.36779857091918, 109.03301729673493, 98.77048045793428, 57.76929260293565, 0.224132398747, 0.527708257512, 0.819322075124, -0.393546861589, -0.720105049002, 0.571462672565, 0.891563534228, -0.450524930893, 0.0462790565956,  
291, 3413114.5275083017, 93.40155012839793, 114.85528445535978, 94.17569607832932, 75.33077429756999, 0.607153894495, 0.520087871499, 0.600726855, 0.48171904894, -0.842175900913, 0.242252987204, 0.631910520792, 0.14229672463, -0.761866612913,  
292, 3801950.702815705, 96.8216822295716, 108.90651012390637, 96.32900492476551, 86.51809663969796, -0.0734120947306, 0.392361605477, -0.916876782831, 0.995472758195, -0.0268236028405, -0.0911837815801, 0.0603709536106, 0.919419852341, 0.388616112741,  
293, 1653212.7874958352, 73.35224025367324, 112.33991478575895, 63.45196932669533, 55.36826958985946, -0.747871246055, 0.435150395338, 0.501330961302, -0.00621824842298, -0.759753027937, 0.650182028302, 0.663814682506, 0.483135043209, 0.570903316957,  
294, 4109723.163514149, 99.36680356241929, 118.0775857294753, 100.10675976074279, 83.00286625472596, -0.18205816115, -0.747280692126, 0.639082461921, -0.901554201833, -0.132577901087, -0.411853276424, 0.392498212883, -0.651148729032, -0.649577159054,  
295, 3364501.5919535453, 92.95598908440863, 107.60319034123162, 90.09793234024092, 82.84993201721895, 0.186085140788, -0.475607545355, -0.859749837557, 0.536246745912, -0.684053703738, 0.49447948178, -0.823293233226, -0.553053336672, 0.127750768761,  
296, 3288348.0350572984, 92.24929498427214, 106.93683123992756, 99.71946993934878, 73.61764068948125, -0.380531141816, -0.204117432768, 0.901960156408, 0.731698839634, 0.529987509642, 0.428637431523, -0.565519989202, 0.823073091082, -0.052324263487,  
