# Void_ID, Void_Volume, r = (a*b*c)**(1/3.0), a, b, c, vector_a, vector_b, vector_c 

25, 587030.8059500585, 51.942649020569064, 138.04896425144597, 49.5947238615941, 20.469331252460197, 0.713845123395, 0.551094369754, -0.432111253534, 0.545080175893, -0.0498435524971, 0.836900963151, -0.439673448884, 0.832952949392, 0.335971192882,  
41, 1620884.8633340488, 72.87096472444524, 119.19790626791382, 77.4910825996642, 41.89316786856335, -0.882139297655, -0.455679490421, 0.119106933226, 0.0399996419299, 0.179491147608, 0.982946059851, -0.469286999796, 0.87185958155, -0.140109178434,  
47, 2367835.830413293, 82.68390758959634, 120.81854770905602, 74.0076933955552, 63.219709957663994, 0.429098050736, 0.896415520814, -0.110968810478, 0.746809330789, -0.421194427767, -0.514656271179, 0.508085313998, -0.13796545967, 0.850185183144,  
60, 2178627.218851562, 80.42013021560905, 121.00821626351376, 93.4013524739406, 46.01784656770552, 0.457136744128, 0.889280995691, 0.0143285683434, -0.300536014703, 0.139288266584, 0.94354484931, -0.837080701626, 0.435635271179, -0.330934751078,  
76, 377023.4242398656, 44.81532752464877, 123.33704461826166, 39.6299989882879, 18.414593030672208, -0.984051915347, -0.159970435125, -0.0777900237075, 0.013620475189, -0.503792206063, 0.863717486083, -0.177359269727, 0.848883309411, 0.497936558656,  
98, 2878716.5029145796, 88.24770695135629, 107.23903722945822, 93.92916984783939, 68.22709778604508, -0.0121466467788, -0.712895026662, 0.701165558147, -0.704866853095, -0.49126043488, -0.511689265599, 0.70923562966, -0.50044366924, -0.496528907052,  
100, 2327457.0262858984, 82.21120626809282, 135.48427461304306, 95.13394955921999, 43.109069028851515, -0.0406097020188, 0.798117543193, 0.601131632298, -0.806487081974, -0.38134897096, 0.451831327994, 0.589855438825, -0.466456160422, 0.659157956558,  
128, 471916.8091386974, 48.29760690589115, 131.76676769758973, 96.54487688459247, 8.856083684678717, 0.341359878439, -0.552622486656, 0.760316921181, 0.0587216824888, 0.819864096161, 0.569538960768, 0.938096582127, 0.149770661577, -0.312319630399,  
129, 590145.1323119185, 52.034342750599606, 132.43776332790637, 43.733313202291214, 24.324616503708647, -0.840862126648, 0.0150433544188, 0.541040277111, 0.520135212995, -0.254017381617, 0.815435178319, -0.149700514934, -0.967082657959, -0.205769017357,  
153, 797930.0859551256, 57.53852753835166, 86.07350450809656, 81.38855083108412, 27.192142638559105, 0.890295289629, -0.0959338239263, 0.445164013247, -0.398532225399, -0.637120723528, 0.659734226011, -0.220332391133, 0.764770478692, 0.605458299423,  
208, 920597.2916955715, 60.34764976608261, 148.79052854152403, 59.273500464096, 24.919838381084755, -0.396798004047, 0.34248534331, -0.851619124728, 0.873150717084, 0.427003968897, -0.235107285727, -0.283123946781, 0.836881951152, 0.46847564568,  
241, 417942.14359165344, 46.381257466713095, 105.82560472069181, 58.38751798422419, 16.14792723073456, 0.907240748857, 0.317050873673, -0.27639277689, 0.309461241338, -0.0581033514499, 0.949135259412, -0.284864816576, 0.946627035349, 0.150828685015,  
248, 2355957.1935364795, 82.54540993656772, 121.15951559065049, 93.67154981795296, 49.557974957826794, 0.612471952599, -0.499732145976, -0.612491542437, -0.726004787031, -0.662128120241, -0.185750912768, 0.312722171403, -0.558439016066, 0.768342832887,  
257, 1759040.8827884705, 74.88516217308229, 148.34353550081616, 77.3362250899811, 36.60460534965513, -0.0615074212293, 0.185561681089, 0.980705715108, 0.128083773085, 0.975909593214, -0.176621099944, -0.989854223715, 0.114748979885, -0.0837931226854,  
293, 864353.1003891535, 59.09274914605174, 125.39507649785419, 73.16715186322175, 22.490854203712214, 0.612242163482, 0.338407320966, -0.714590804847, -0.427211242719, 0.902080042174, 0.0611731281258, 0.665319537778, 0.267828457464, 0.69686284879,  
309, 1654953.4817757008, 73.37797580704265, 133.529155181285, 91.44682566091967, 32.35582260383945, 0.389174615053, -0.121492546771, -0.913117013355, 0.843023803053, 0.446516037089, 0.29989047352, -0.371286932821, 0.886489136821, -0.27619381567,  
312, 1019889.9186097371, 62.44364267398041, 117.87639009697308, 85.99307097558899, 24.020077458282746, 0.835047500135, 0.371320803721, -0.405976025453, -0.380350642576, 0.922783710405, 0.0616734343408, -0.397528692311, -0.102912994981, -0.911800336836,  
369, 1221722.1405569871, 66.31746930339601, 121.9017599345847, 58.81272130664148, 40.68202706670585, 0.307927046187, -0.615353303378, -0.725617837603, 0.571831959516, -0.489844350187, 0.658073493362, -0.760387496151, -0.617570096921, 0.201042361421,  
372, 1798062.332945406, 75.43485235296733, 107.21351871769413, 91.66398924312728, 43.67851154929084, 0.465703984753, 0.842966077113, 0.269310214105, 0.580517815199, -0.0613155164157, -0.811935633953, -0.667921301368, 0.534461037198, -0.517911705695,  
380, 916128.7561634894, 60.2498498142476, 112.08028545151683, 73.42895116838719, 26.57488248362301, -0.909077740887, 0.0335209563966, -0.415275819794, 0.405841173408, -0.15408103862, -0.900861796007, 0.0941838786109, 0.987489432359, -0.126467458224,  
450, 464525.1898087241, 48.044117457012305, 112.22412413790407, 50.7848428455861, 19.458095147003185, 0.694036776477, 0.040116167878, 0.718821011082, 0.513049349062, 0.672892426607, -0.532912889357, 0.505067637377, -0.738651795699, -0.446430516861,  
469, 3229448.377629536, 91.69519515610945, 131.42047874753283, 79.84160788955718, 73.47632359392846, 0.831536981363, -0.407905799213, 0.377039928383, -0.462216387132, -0.131671955964, 0.876937003142, 0.308062104279, 0.903479581939, 0.298030845595,  
477, 1066515.4675980643, 63.381062655696056, 124.74583385388176, 64.74601034345896, 31.52386698974147, 0.778965599765, 0.594709237789, -0.198830372106, 0.562081881752, -0.521643438177, 0.641834933307, -0.277986605054, 0.611726283476, 0.740617581154,  
491, 2827728.7425471884, 87.72358647542558, 122.74994128650074, 92.69900533779929, 59.327052166276346, -0.267342718272, 0.959725789857, 0.0863381681, -0.758300883496, -0.154252688865, -0.633392357128, -0.594565085652, -0.234803143637, 0.768999247504,  
495, 271767.8895656285, 40.182459055396905, 115.59023074484148, 50.7734367051845, 11.054824219317037, 0.506017103891, 0.406168098141, 0.760903519917, -0.353820910574, -0.706791580933, 0.612581769532, 0.786611374066, -0.579200429191, -0.213937862508,  
508, 1511218.4221520324, 71.18899741122695, 138.0856767996147, 92.78952990286389, 28.15730093497567, 0.361060603139, 0.929578616322, 0.0742888749228, 0.880814826383, -0.36611205668, 0.300211931104, -0.306268644306, 0.0429599584465, 0.950975267547,  
516, 3066708.8845736957, 90.12832792252074, 127.5889402325223, 114.3834681591378, 50.16578950404573, 0.374706525338, 0.114994622855, 0.919984378445, -0.734834271553, 0.641896357651, 0.219060857721, -0.565343800904, -0.758119583409, 0.325024743721,  
521, 491512.19203502056, 48.957048635179135, 95.84793603365105, 55.005737431122704, 22.2564005640129, -0.780430220467, 0.451080643051, 0.432960649998, 0.614615259473, 0.426337928311, 0.663689726986, -0.114790042276, -0.784067742193, 0.609968049857,  
528, 1576458.149096306, 72.1990160385739, 135.55076234173075, 78.18342781167541, 35.51216621587815, 0.530171091873, -0.605396592852, 0.593644320031, -0.665690896984, 0.136434043316, 0.733649358684, 0.525142116969, 0.784143301436, 0.330673615213,  
530, 805912.3819453222, 57.72975835804584, 107.27364609655582, 100.97661738423643, 17.761733878486353, -0.403102438352, -0.284459827937, 0.869822413188, 0.0481106798924, 0.942563389698, 0.330544427999, 0.913889373324, -0.175091012594, 0.366264044965,  
545, 719453.5604000918, 55.5867631582577, 70.39281878930699, 59.97120595889964, 40.68581484875231, 0.507928747896, 0.0309782133338, 0.860841877094, -0.0438019047015, 0.998989131956, -0.0101048195595, 0.860284708806, 0.032573985517, -0.508772203704,  
548, 973926.5418883897, 61.49113803829335, 100.96203857764921, 74.601211571846, 30.869784696368715, 0.00790242701585, 0.296021399274, 0.955148618184, -0.916780416952, -0.379282747518, 0.12513298737, 0.39931343421, -0.87665040273, 0.268389367622,  
552, 604103.6254231178, 52.44140003530367, 141.39252743582858, 66.0153587377807, 15.450814818125977, 0.385602177438, 0.512016340472, 0.76756122091, 0.78058120802, 0.26251220373, -0.567256838284, 0.491938958044, -0.817879337056, 0.298445056209,  
556, 1724911.2255745956, 74.39767776101796, 108.68601753925468, 84.95277074761775, 44.59918428231692, 0.268183200443, 0.672000147697, 0.690285138545, -0.583027274711, 0.683630170513, -0.439009096612, -0.766913924729, -0.284720198546, 0.575132541764,  
569, 1334856.6261536495, 68.30439843117874, 110.65903045182539, 79.51092593717115, 36.218656836542934, 0.209406287203, -0.419185845071, 0.883420757155, 0.0129619709923, 0.904562037202, 0.426144937975, 0.977742805746, 0.0777865550436, -0.19485445252,  
572, 1441089.9544337739, 70.07032962385627, 97.542065636473, 76.62961655799192, 46.027128432776784, -0.618902688018, -0.582258499497, 0.527194937881, -0.0947193641943, 0.721612876545, 0.685786481677, 0.779735663421, -0.374499527594, 0.501759303871,  
574, 1830391.6988650016, 75.8842785260857, 130.96728179801406, 74.03195093858353, 45.068532806408314, -0.216435566452, -0.266303744602, 0.93927523186, -0.0638898398069, 0.963880657027, 0.258557860794, -0.97420415414, -0.00404902703668, -0.225632159578,  
580, 1229248.8635225839, 66.45337900119887, 103.86261277173104, 75.3603445960796, 37.49290461287894, -0.785578002405, -0.618724353815, -0.00688303228715, -0.055116526746, 0.0588916950309, 0.996741659978, -0.616302986052, 0.783397690993, -0.080365957536,  
581, 1616140.3783234656, 72.79979514486679, 124.18754303549139, 71.0351862004419, 43.73598516268109, 0.818311805613, -0.246486693654, -0.519239923971, -0.31036675988, -0.949847742296, -0.0382327191934, -0.483775012951, 0.19244109828, -0.853772897519,  
585, 2733228.944469441, 86.73528315693129, 117.54387717583303, 79.73366085071403, 69.62187025454953, 0.922886441374, -0.0489952075224, -0.381942516576, -0.293455184314, 0.552735530508, -0.779979158769, -0.24932844027, -0.831915201781, -0.495734229117,  
598, 3955675.2092728703, 98.1094118237032, 136.59164673404436, 89.64121763435506, 77.12587927727498, 0.00930625932288, 0.355169616921, 0.934755549196, -0.99672479266, 0.0783911801316, -0.0198622902418, 0.0803310726524, 0.931509187337, -0.354735891436,  
622, 3999306.742994912, 98.46881284403725, 127.68072984415221, 92.9863579111069, 80.41767484157855, -0.568617290004, -0.806356978902, 0.162673907201, 0.00432899442437, 0.194819228141, 0.980829612193, -0.822590807945, 0.558420890478, -0.10728686668,  
626, 2095064.062489737, 79.37850209392522, 127.82933765568606, 86.29245715792834, 45.342485599135216, -0.630191294836, -0.304248789753, 0.714346978608, -0.768406961417, 0.112386369502, -0.630015909003, -0.111398714349, 0.945939732691, 0.304611799767,  
645, 797984.6734075409, 57.53983960401927, 105.49139377601425, 72.07607834810786, 25.0551935352848, 0.199708763296, -0.978658751124, -0.0484092833114, 0.866410720033, 0.199446578218, -0.457770167933, 0.457655846761, 0.0494783921016, 0.887751662708,  
660, 776599.7002141456, 57.02118035475286, 103.88858879688492, 65.54090425779809, 27.22878942725766, 0.548398066781, 0.76483775313, -0.338057349777, 0.732852634524, -0.244888542493, 0.634788640279, -0.402723945677, 0.595863082548, 0.694809765644,  
673, 2526748.2373712542, 84.4937244450504, 104.8920941932917, 88.4518633793437, 65.01650490247832, 0.372610169684, 0.305271013825, -0.876339699869, 0.360173609544, 0.822740607984, 0.439741813979, -0.855240686846, 0.479486704812, -0.196610954609,  
679, 3259414.6438965285, 91.9779376934617, 113.64993478862634, 99.77733859225495, 68.6198708967615, -0.274422248774, 0.218652471717, 0.936420592464, 0.310157057819, 0.9418876181, -0.129036097102, -0.910217022947, 0.2550270799, -0.326291525564,  
685, 2060881.3492906794, 78.94442391431444, 159.8548779452829, 88.38766473920252, 34.821448003240164, -0.72113270684, 0.624057929776, -0.300864287361, -0.0931960597148, 0.342944827987, 0.934720995491, 0.68649990064, 0.702097247709, -0.189148992014,  
686, 1931024.9545080622, 77.25022605426129, 95.27545590245454, 81.97432258014877, 59.02559924408148, -0.338411918623, -0.610010958792, 0.716494245258, 0.73268231745, 0.306971815811, 0.607408368393, -0.590469300667, 0.73051689539, 0.343061321806,  
698, 3704665.892000114, 95.98870793916454, 119.27054682404652, 97.78801800413538, 75.83009209229182, 0.501725319297, -0.557101056952, 0.661747773944, 0.414585732435, 0.82628137759, 0.381284349941, -0.759203776623, 0.0830511733305, 0.645532437737,  
705, 53488.78660796931, 23.373551815396425, 82.31279282295924, 31.473906369705528, 4.92896972863256, 0.542571973622, -0.107184136132, -0.833142973565, -0.603226709052, 0.640515251456, -0.475244936993, -0.584579499235, -0.760428677532, -0.282869290417,  
706, 2104787.5054042274, 79.50111431080357, 100.44789650425825, 86.77033245725754, 57.65109223818547, -0.0956380007656, 0.547180033851, 0.831533152294, 0.115975200361, 0.835798301824, -0.536647884156, 0.988637004017, -0.0451132931881, 0.143393392689,  
707, 1451322.9361773087, 70.2357918588596, 98.19925719143261, 89.19887313906312, 39.555591107119746, 0.330238532028, -0.652311779205, -0.682225662574, -0.305910335546, -0.75772878434, 0.576425152114, -0.892950938501, 0.0183420852981, -0.449780156672,  
720, 3173025.5178658366, 91.15804133565928, 119.88430327017612, 96.58253777273049, 65.42203050773594, -0.0547742454043, -0.174898283945, 0.983061733724, -0.852674506166, -0.504106622151, -0.137195845554, 0.519563247906, -0.845746477247, -0.121519248061,  
727, 1596034.6361192772, 72.49664368300061, 117.68461886128675, 73.04000883463871, 44.32749407068285, 0.632149897308, 0.262466056757, -0.729039145989, -0.384052480071, 0.923311067177, -0.000604797256477, 0.672971173146, 0.280371614609, 0.684471736331,  
733, 768717.5573772765, 56.82761075029454, 104.8148191686089, 65.45499376753119, 26.749318129740654, -0.398320719339, 0.229374850245, -0.888103475176, 0.878194629391, -0.184142602123, -0.441435946646, 0.264791989028, 0.955760786054, 0.128087947863,  
737, 490376.0469395937, 48.91929763987599, 95.182953875821, 87.81292094213335, 14.006287517422724, -0.258913311113, 0.358008141236, 0.897103153566, 0.873061358159, -0.310568556187, 0.375913602836, 0.41319216137, 0.880555133264, -0.232152740809,  
739, 1690934.2683097653, 73.90594459425506, 128.93818396779724, 62.05527562147926, 50.451938575030745, 0.289708684969, -0.87239224834, -0.393701210171, -0.62331188134, -0.484124615526, 0.614089289291, -0.726327182772, 0.0674916415433, -0.684027559305,  
741, 386143.2624713792, 45.17379923663183, 104.96539540418347, 61.86244478868662, 14.196674563815884, -0.471253776092, -0.574861986378, -0.668919707541, -0.0669314741871, -0.732918995009, 0.677015453677, -0.879454408302, 0.363817871157, 0.306914483765,  
745, 1072460.504447382, 63.49861206220443, 147.7358514117665, 69.84396548554224, 24.81292195995853, 0.451241496889, 0.837651012802, -0.307769219119, 0.657058355646, -0.0784864502903, 0.749742752146, -0.603867062159, 0.540537378793, 0.585801940392,  
757, 1155145.328556671, 65.0902598953158, 93.90812153310857, 75.29307719329569, 39.002263905418694, 0.470511351081, 0.513867882267, -0.717327587702, 0.320346411471, 0.657993606816, 0.681485575817, -0.822190516341, 0.550440017589, -0.144977728892,  
768, 2232894.013574218, 81.08238224514069, 117.18516849876471, 108.35214795758688, 41.98259951495596, 0.355570039244, -0.364695218371, 0.860562226042, -0.60566528672, 0.611350303068, 0.509333257703, -0.71185638134, -0.702316313805, -0.00350538274625,  
774, 3234141.0426870575, 91.73958731824062, 115.58966080315469, 102.64313370263974, 65.07609052136901, -0.906754830932, 0.0623035548848, 0.417029907358, -0.408896243466, -0.371410195844, -0.833581626778, -0.10295406093, 0.926376129589, -0.362253678886,  
777, 3147586.211506185, 90.91377157939166, 116.72135905802105, 94.69506505693255, 67.98472457236238, 0.437190391458, -0.672502572458, 0.597164007333, -0.757143232726, -0.633559030016, -0.159176256468, -0.485385091195, 0.382548357104, 0.786166692072,  
779, 3787457.59612829, 96.69849688484949, 114.39531221086399, 95.21135817361261, 83.01607224353535, 0.227605026557, -0.921663214263, 0.314217872439, 0.820953476035, 0.00808785173405, -0.570937804705, 0.523671024664, 0.387906568813, 0.758483455191,  
780, 1775080.716832899, 75.11208755460082, 155.74141473754912, 98.15315808728919, 27.721779434203068, -0.12097667926, 0.801748492845, 0.585289669562, 0.987116782886, 0.159363878372, -0.0142692401689, 0.104714373512, -0.576023010383, 0.810698705741,  
784, 498465.0708578752, 49.18681565260265, 100.82215167224253, 84.99098879736044, 13.887282763753939, -0.431162855197, -0.882567786471, 0.18754384709, 0.0114256022525, 0.202499555085, 0.979215699324, 0.902201777826, -0.424344238176, 0.0772264178575,  
790, 2742041.0163821327, 86.82839617896883, 125.76378538176654, 93.41012305304316, 55.723167150317494, 0.294131897686, -0.95312605044, 0.0709729436913, 0.359806005792, 0.179217661467, 0.915653137391, -0.885452463411, -0.243786303534, 0.395654108091,  
797, 1642216.087467607, 73.18923890988994, 126.44641967563753, 95.21247463599903, 32.564266720324596, -0.80304999822, -0.586283370328, -0.106688846814, -0.595904433489, 0.790946747827, 0.138928572473, -0.00293368471299, -0.175142946697, 0.984538644095,  
803, 152801.33038648576, 33.164962359523486, 110.15093453749485, 87.53740733013859, 3.7831769980503736, -0.469364724258, -0.0278179516574, 0.882566097914, 0.707660119418, 0.585950507798, 0.394815346456, -0.528123007459, 0.809869226466, -0.255338843529,  
823, 1959524.9755332258, 77.62841721436898, 94.7769951265795, 77.16670517408652, 63.96307014719295, 0.504773252961, -0.411818341413, 0.758689407314, -0.790919154115, -0.572792618127, 0.215303293688, -0.345905846653, 0.708741328197, 0.614845407364,  
826, 977998.7172943043, 61.576720986497605, 85.38476627870908, 67.00846593566128, 40.807464023315916, -0.69625890132, -0.706314147333, -0.127843136738, -0.717394706845, 0.678832955211, 0.156622646861, 0.0238406569552, -0.200763901627, 0.979349518241,  
827, 2236254.51392103, 81.12303812245632, 113.59952271319658, 74.3942865460147, 63.17082242505908, 0.0561591479146, 0.446104504775, 0.893217174558, -0.735356029783, -0.586661722884, 0.339233742963, 0.675350027443, -0.675883713165, 0.295099215029,  
829, 1264944.4999725104, 67.09048847548515, 90.11978080225909, 76.08841233874551, 44.039685899565924, 0.0976024827018, -0.486035230482, 0.868471939731, -0.95035045935, -0.30459975307, -0.0636631356636, 0.295478865206, -0.819139026759, -0.491633496679,  
832, 1835362.5582913982, 75.95291030731099, 114.54648954020799, 71.66691051430286, 53.3743736374397, -0.426666394276, 0.487220281125, -0.76195287627, 0.863562870993, 0.469800796312, -0.183156707838, -0.268728405341, 0.736141025514, 0.621193556565,  
834, 2525599.369232794, 84.48091656513962, 138.98020769035426, 83.76521706282614, 51.791581949254685, -0.614302896069, -0.616851225164, 0.492063530344, -0.788888948989, 0.493486696496, -0.366230947006, 0.0169167977017, 0.613160212665, 0.789777421531,  
835, 176851.17908456744, 34.82088328358459, 89.61460021468284, 68.63584524389215, 6.864194679903001, 0.706823688303, 0.366531473824, 0.605024753502, -0.359491434005, -0.550493579429, 0.753473773853, -0.609234095017, 0.750074328119, 0.257336977066,  
836, 1971260.8937386028, 77.78308531041621, 117.66805061337861, 85.84706901417275, 46.587721043420444, 0.656537612446, -0.752668272128, -0.0494857108165, -0.405034510144, -0.407127640928, 0.818653852116, -0.636321781048, -0.517433624848, -0.572151234238,  
845, 2782324.011440923, 87.2515260223518, 99.69624680887914, 87.81474255367984, 75.87048371285637, 0.184154851744, -0.6473725913, 0.739591589063, 0.94280092622, -0.0963834744315, -0.31911853499, 0.277872999943, 0.756054861694, 0.592593994243,  
846, 915547.6948825017, 60.23710915276828, 134.52968073984684, 95.36254305590163, 17.037129664081863, 0.528629280561, -0.847752937938, 0.0431976845688, -0.14580409484, -0.0405497566569, 0.988482110694, 0.836236957842, 0.528838986321, 0.145041638453,  
847, 3150740.376135653, 90.94412936799897, 98.82878846129796, 90.49883789033666, 84.10029811961617, 0.312191062223, 0.13889091944, -0.939811711549, 0.575578659379, -0.814675670244, 0.0708008416593, -0.755808142015, -0.563038954966, -0.334277112071,  
848, 2425449.9811645253, 83.34916201696095, 111.58423724576573, 86.99591013434738, 59.64884359361544, 0.794354552595, 0.0494232618061, 0.605440489201, 0.512393977721, 0.480816650761, -0.711524953847, 0.326271752328, -0.875427146908, -0.356614713786,  
849, 2766871.2332462333, 87.0896970050618, 95.43750237314005, 84.74812504799182, 81.66785985657998, -0.977408946972, 0.195862522689, -0.0794331327857, 0.180902903627, 0.580900168208, -0.79361775058, 0.109297254483, 0.790058774258, 0.60320912077,  
850, 2310276.0747313406, 82.00841604084559, 99.10012988913589, 76.38759751387353, 72.85815954574228, -0.866705281571, 0.0847656227182, 0.491565605085, 0.0271259301285, -0.975988438049, 0.216126705221, 0.498082461859, 0.20065233116, 0.84359498765,  
851, 3364988.329477345, 92.96047147058455, 106.12535991291247, 99.8836504215757, 75.78467123120284, -0.353618865396, 0.934040482838, 0.0502202594184, 0.932526079438, 0.356225671343, -0.0591471237166, 0.0731355536211, -0.0259161628437, 0.996985227223,  
852, 2136363.221767965, 79.89669741859036, 120.17083354325133, 89.59098192806564, 47.37215192375696, 0.489691471837, -0.511765820181, -0.70590226498, -0.0480314373331, -0.824222265227, 0.56422569822, 0.870571791088, 0.242391012206, 0.428195462101,  
853, 2989173.8344808607, 89.3622690300517, 130.88432800096254, 79.41467271609895, 68.65531510691223, -0.240552393686, 0.886350106713, -0.3956236017, 0.28662448353, 0.454281634232, 0.843489538904, 0.92735157914, 0.0895080171227, -0.363328176085,  
854, 3016674.487487247, 89.63547970151846, 117.51439673238198, 94.5820813206514, 64.79476200783958, -0.933602231551, -0.0565796876292, 0.353815788499, -0.341485377387, -0.158541173823, -0.926419145546, -0.108510876294, 0.985729899694, -0.128693257691,  
855, 1293663.449837473, 67.59442835896832, 108.71472253478201, 81.76575311908135, 34.743446350855955, 0.473661973235, -0.69092250542, -0.546141398006, -0.709561108474, -0.666715022141, 0.228066026825, -0.521696624919, 0.279494491459, -0.806049291788,  
856, 3430324.4107270353, 93.5582726366105, 109.56784745587301, 90.62457747013042, 82.4740762876099, 0.470958371163, -0.740304266806, 0.479737225136, 0.589547601449, 0.668676703585, 0.453106049076, -0.656225447737, 0.0694338435681, 0.751363495992,  
857, 1353116.3465104229, 68.61443798822606, 116.91963087648588, 75.36759938924337, 36.6584766157213, -0.141771163108, 0.952485627226, -0.26957757184, 0.959295636909, 0.199387409656, 0.19999135451, -0.24423926449, 0.230251581534, 0.941982691392,  
858, 3491720.872602854, 94.11314861074956, 108.26015714242659, 105.17015564452431, 73.2132590916731, -0.126061969017, 0.172570110093, 0.976897096459, 0.699685713938, -0.682620974059, 0.21087557347, 0.70324126847, 0.710104332389, -0.0346922966028,  
859, 2564813.1654968257, 84.91590483642862, 104.79552392944575, 94.26475554489222, 61.98335019341962, -0.884723162103, 0.464754644604, -0.035609644171, 0.456168763163, 0.879009881091, 0.138750453909, -0.0957861469835, -0.106511732987, 0.989686952921,  
860, 3569607.282447517, 94.80777255046259, 117.1761909522032, 91.49342661791256, 79.48818127443383, -0.00644553031512, -0.996226586815, 0.0865508108708, 0.933351141379, -0.037058457912, -0.357046660233, 0.358906815239, 0.0784809430411, 0.93006808329,  
861, 3318293.530127035, 92.52847341308951, 104.01301705488108, 94.5415103433845, 80.55935140169088, 0.791910317059, 0.5910832106, 0.153292817454, 0.550880400253, -0.583228075457, -0.596972190823, 0.263455564286, -0.557194445545, 0.787480485791,  
862, 3703635.9982101168, 95.97981218991737, 120.08641857750982, 94.77762662672556, 77.68550003548233, -0.273805047936, 0.126187534493, -0.953471290529, 0.951117277158, -0.111719008219, -0.287914550333, 0.142852094194, 0.985695474952, 0.0894299158172,  
863, 2924897.4707870614, 88.71710179809013, 113.89058645919137, 88.71715909762897, 69.10772270741751, 0.0271611556757, -0.831828598431, 0.554367616708, 0.495847800447, -0.470326615406, -0.730019063884, 0.867984579595, 0.294710124824, 0.399685766461,  
864, 3089222.653592172, 90.3483447848697, 117.19703770193672, 79.74898246626407, 78.90759676877194, -0.358680521892, 0.933458877706, 0.00167536463405, 0.37438024614, 0.142210610014, 0.91630539325, 0.855095149393, 0.329288120088, -0.400476740216,  
865, 2923897.053975875, 88.70698586503791, 119.02215321384922, 88.94078710033847, 65.93935537031739, 0.743082407495, -0.648862156068, -0.163726717718, -0.614257257558, -0.758430092327, 0.217880280408, 0.265549538146, 0.0613326786965, 0.962144347442,  
866, 3202242.040172418, 91.43697470373054, 105.2804934603053, 95.56662703632075, 75.98211453072196, -0.748787329862, 0.504021632852, -0.430441318016, -0.58064595937, -0.185637318202, 0.792709944404, -0.319636988637, -0.843505174678, -0.43166099637,  
867, 2997783.9701215085, 89.44798766255248, 110.58013554777273, 92.6706068613331, 69.83812945245643, -0.830039210922, 0.477690132801, -0.287831626748, -0.102546278324, 0.376576611088, 0.920692302989, 0.548196287048, 0.793726774782, -0.263588007808,  
868, 2808316.1195779834, 87.52238179195892, 100.64292240479324, 92.72405858606521, 71.84254550781706, 0.555294890528, 0.831207560719, 0.0272318849257, 0.713836511463, -0.459572109389, -0.528423041864, -0.426714212858, 0.312869728921, -0.848544349619,  
869, 3436565.498517353, 93.61497783064134, 112.2100335755376, 103.52634595602166, 70.62418327908226, 0.640985865195, -0.630871944784, -0.437192989313, -0.187878336604, -0.681224762371, 0.707555336188, 0.744203501238, 0.371393877733, 0.555182615296,  
870, 1642410.463285148, 73.19212640178033, 121.46982514513867, 67.91091534651984, 47.531892178188855, 0.473078573805, 0.880246433649, 0.03691719185, 0.812937848449, -0.45228916882, 0.366833153256, -0.339600820915, 0.143529522453, 0.929553956808,  
871, 3377603.0777225588, 93.07649075431758, 108.06177835601979, 91.29810103044419, 81.73087483517227, 0.207551564644, -0.883600011299, -0.419730113342, 0.588875727884, -0.229761548083, 0.774877414906, -0.781119533185, -0.40799589588, 0.472643231012,  
872, 2002539.9754900357, 78.19233728536894, 94.65168745501148, 82.73879917766436, 61.04569051471614, 0.880296545707, -0.313437862181, -0.356138594045, 0.050249623489, -0.684853471618, 0.726946145015, 0.471755198123, 0.657824010632, 0.587124010819,  
873, 2941005.3053566474, 88.87966306155654, 103.8072752545437, 90.43540067692463, 74.7895533834976, -0.324709254734, -0.838213318386, 0.438135062247, -0.942294183429, 0.326624448655, -0.0734720451342, 0.081520376382, 0.436709173731, 0.895901515689,  
874, 2783428.8968517967, 87.2630739441344, 101.42436283802978, 88.26137387384316, 74.22984452039556, -0.36715212248, 0.926238770229, 0.0853291244719, -0.635468619388, -0.18278382831, -0.750179782373, -0.679248815039, -0.329654080261, 0.65570514306,  
875, 3866397.5128398673, 97.365694165449, 107.70377888192084, 97.964031872442, 87.48232191424536, 0.334998012464, -0.902360525897, 0.271149060386, -0.881707610493, -0.19875526007, 0.427887878063, 0.332216828659, 0.382415778829, 0.862200760182,  
876, 3490485.807595978, 94.10205097263554, 110.4631582699165, 92.68934545149168, 81.386054676712, 0.224769277314, -0.971333819046, 0.0773911102985, -0.550347253657, -0.0610060686881, 0.83270412511, -0.804112350588, -0.229758289427, -0.548283189667,  
877, 3393146.2443365348, 93.21904647246353, 109.59306148902543, 90.59666976023338, 81.58657012531549, -0.127388334494, 0.128639131606, -0.983475564544, -0.987077742884, -0.113622655767, 0.112993015708, 0.0972097821073, -0.985160832512, -0.141451024551,  
878, 3522862.8795945197, 94.39211343983742, 104.12338484167084, 97.09009233156186, 83.19245459600752, -0.528084113179, 0.759557690466, 0.379735808506, -0.240175895336, -0.562507470078, 0.79113897983, -0.814519925298, -0.326584538766, -0.47947870686,  
879, 921174.597805675, 60.36026179064175, 115.82159954334955, 93.45778047522305, 20.316473354054235, -0.82207961575, -0.136080643226, -0.552871742728, -0.567664964009, 0.271035456518, 0.777364952868, -0.0440635223779, -0.952901799688, 0.300060937388,  
880, 2459942.4109851867, 83.74240776594216, 112.99874912091123, 76.93769613040386, 67.54971444481296, 0.620228250875, 0.614644841114, -0.487369096383, 0.367438298856, 0.32128479279, 0.872791600817, 0.693041133953, -0.720408079643, -0.0265741497545,  
881, 3166386.0975867496, 91.09441550177473, 111.78696075228879, 87.37649122290216, 77.39083121161174, -0.909930591349, -0.118494306508, -0.39747379568, 0.0679252482747, -0.987956184024, 0.139027835689, -0.409160701405, 0.099507174488, 0.907020309944,  
882, 3683384.726317729, 95.80455497604203, 103.05746774071622, 96.0317770840657, 88.85135206290384, 0.285914419203, 0.865664781781, 0.410946992294, 0.303465606075, -0.488572775912, 0.818049673655, -0.908934305008, 0.109183919242, 0.402389489124,  
883, 3403182.1333390265, 93.31086049062972, 99.35850210107265, 95.82484464865749, 85.33229454938123, -0.623625860241, 0.574105773654, 0.530559466125, 0.69122713224, 0.721961142771, 0.0312595582691, -0.365097025588, 0.386231367169, -0.847071126247,  
884, 1352292.5451413584, 68.60051059682449, 132.55686798768264, 76.7167586281593, 31.7460404523578, 0.138960042432, -0.954662847296, 0.26326593893, 0.53892398048, -0.150130241911, -0.828867814388, 0.830813486813, 0.257059834391, 0.493628596894,  
885, 3098738.631250117, 90.44101875132947, 108.24248750638942, 92.84834063660203, 73.6078997852303, -0.201838276971, -0.128072869964, 0.971009088489, -0.575668326388, -0.786571805721, -0.223407189766, 0.792380772068, -0.604071299123, 0.0850328032729,  
886, 2889597.5787593853, 88.3587544370917, 100.20772714374058, 87.69360610813749, 78.50179986905232, 0.635747705366, -0.591210623946, 0.496281022462, -0.540383618313, 0.118216135549, 0.833072920191, 0.55118998556, 0.797806332031, 0.24432489924,  
887, 2449578.4752535583, 83.62463771373537, 109.34722316917627, 88.67329062736474, 60.31178246198075, -0.383047985928, -0.920460130179, 0.077636262325, 0.724649132594, -0.247309817193, 0.643211853863, -0.572850656896, 0.302640055299, 0.761742162298,  
888, 3460705.578421257, 93.83366536652602, 118.42826568438682, 100.16280257978936, 69.64889116181246, 0.734647207874, 0.120198439452, -0.66771686748, 0.455830159017, 0.641504636145, 0.617001351647, -0.502506065728, 0.757643806124, -0.416489516013,  
889, 2579423.674537859, 85.07684134126106, 110.52995066683077, 82.3785158824293, 67.63011603741653, 0.933074887, 0.350166928217, -0.0821850207315, 0.252966785317, -0.476444141558, 0.842026594295, -0.25569329435, 0.806463949819, 0.533138665702,  
890, 1743979.3597321238, 74.67081826126783, 102.94795780503563, 87.70683164530946, 46.110684881294745, -0.808524831073, 0.279940264587, -0.517610901934, 0.562998042017, 0.112034213094, -0.818829371592, 0.171233180848, 0.95345780366, 0.24818826406,  
891, 3783576.969461568, 96.66545985937937, 115.36100844046916, 104.7232782886406, 74.7672988690397, 0.527364841138, -0.331068216262, 0.782483329224, -0.567516876658, 0.548125132431, 0.614396804927, -0.63230603274, -0.768083768464, 0.101175123334,  
892, 2957493.4673362025, 89.04544902243386, 105.87899966553627, 88.2003961887808, 75.60574884702758, 0.352972042815, -0.610632763886, 0.708899403766, -0.498467140253, 0.518460747456, 0.694786991412, -0.791796215626, -0.598603442202, -0.12137821841,  
893, 2516205.7760116714, 84.37604835314453, 114.83981498187266, 90.5557125206475, 57.762929322061666, 0.149690033158, 0.540864671327, 0.827682488206, -0.498956203935, -0.681382341047, 0.535500524616, 0.853601546699, -0.493136403665, 0.167871638023,  
894, 2463287.3190504513, 83.78034683713142, 113.8237204251274, 78.96441468611097, 65.42779201575357, -0.759485684282, 0.648890271373, 0.0460750592838, 0.065372185271, 0.00566116717825, 0.997844892044, 0.647231004173, 0.760860937954, -0.0467189504689,  
895, 3866555.1723263985, 97.36701756935419, 105.160125972678, 100.40063068607499, 87.4275007624873, -0.931254712582, 0.256689897518, 0.258601927306, -0.344470677334, -0.851550683306, -0.395223210626, -0.118762842469, 0.457134258476, -0.881432729694,  
896, 3930334.7523927432, 97.89946324948998, 107.60621780376431, 101.40507501664712, 85.9891932888484, 0.643885497204, 0.4113585849, 0.645132219874, -0.671546868095, -0.100220329341, 0.734153042314, -0.366655520131, 0.905947018438, -0.211716152765,  
897, 3584652.6843080497, 94.94078640403576, 106.6573095628099, 94.06854743235935, 85.2949682442331, -0.022296831119, -0.734026178193, 0.67875505232, 0.551625894125, -0.575255750545, -0.603978223445, 0.833793574125, 0.36095206218, 0.417734227177,  
898, 3508395.661682364, 94.26272389316925, 103.04712206345769, 91.4194750110418, 88.908926366547, -0.991851304976, -0.0978684690503, 0.0815644014494, -0.127368084853, 0.747207336692, -0.6522718505, -0.00289132823715, 0.657345387722, 0.753583891456,  
899, 1501679.8351342299, 71.03890303720242, 105.19863091695812, 78.7976575197416, 43.247931931196334, 0.169107401339, -0.984458786586, 0.04736648949, 0.798223275163, 0.108609242372, -0.592489354722, 0.578136912677, 0.138003369472, 0.804184543631,  
900, 3399018.2694911254, 93.27278903565343, 122.346291439149, 84.9221587107125, 78.10036340766469, 0.30226809468, -0.953100525151, -0.0152770381584, -0.775352788145, -0.255156473603, 0.577687829104, 0.554492608476, 0.162771505292, 0.81611481068,  
901, 1619739.1899039454, 72.85379179878885, 126.26737133603515, 82.38952482720869, 37.17006695694436, -0.716917111803, -0.427770964822, -0.550492376386, -0.0961507295947, -0.721407737126, 0.685803116072, -0.690496120194, 0.544594232865, 0.476059060965,  
902, 1577169.8436266838, 72.2098791907551, 129.01047071007858, 66.01722233574795, 44.20869019368992, 0.425664918869, -0.532777478908, -0.731407912736, -0.398676432483, -0.836033657087, 0.376967938158, -0.812321659828, 0.131133070527, -0.568276023414,  
903, 3337250.6755668055, 92.70434151870847, 115.88592751292774, 88.09841364007652, 78.03715554934502, -0.458986112337, -0.841436069685, 0.285161514437, -0.879668443098, 0.385408066127, -0.278646824461, -0.124559940992, 0.37874260811, 0.91708170732,  
904, 2881621.3418744775, 88.27737980515198, 115.15140319994102, 79.6138190163863, 75.03961737825571, -0.377794958995, 0.344101084287, 0.85957280829, 0.30020474221, -0.832697551365, 0.465286901498, 0.875869899993, 0.433830879195, 0.211288159971,  
905, 2404989.3148156316, 83.11412694646685, 102.39134754314341, 79.31657879640662, 70.69640174158422, -0.159738277669, 0.114765943588, 0.980465430721, 0.0995949679236, 0.990024731449, -0.0996587852849, -0.982122459275, 0.0817301004068, -0.169574955922,  
906, 2180992.605243734, 80.44922435919436, 123.3033928303251, 82.5666679021475, 51.142952756681105, -0.623710361498, 0.597062500907, -0.504481669608, 0.736170395741, 0.231743673994, -0.635883651306, 0.262751847557, 0.767991692386, 0.584080668257,  
907, 2896829.493228388, 88.43240605476988, 99.06836225070238, 90.87624322847478, 76.81552010021157, -0.65503597703, -0.251966689245, -0.712348690114, -0.591863398099, 0.757155697407, 0.276428956291, -0.469707980332, -0.602684027825, 0.645094082918,  
908, 1653439.6155650117, 73.35559485030248, 105.67086777601611, 69.1786058055449, 53.99737533952891, 0.719078669753, -0.663089474364, 0.207938009257, -0.494486869937, -0.69846770217, -0.517325433828, -0.488271033512, -0.269175069447, 0.830142264808,  
909, 3192583.0494566187, 91.34494768396344, 105.4579544568668, 97.83159298070417, 73.87459719281993, -0.880636435645, 0.0342655509323, 0.472551944482, 0.411770200448, -0.438000266969, 0.79912518929, -0.234360342715, -0.898321567232, -0.37160946114,  
910, 3545287.1960388855, 94.59197014380807, 118.52089367792192, 86.44133371290863, 82.6126277279433, -0.0891350063693, 0.855250801673, 0.510490956704, 0.96065762863, -0.0615366210197, 0.270832355579, -0.263043477765, -0.514547675644, 0.816118139913,  
911, 3240779.377800511, 91.80231205387345, 109.5417794776319, 90.39403614563662, 78.13422113626845, 0.274074766564, 0.559960534937, -0.781874172515, 0.571105029608, 0.559361253065, 0.600794502076, 0.773771327647, -0.611194885354, -0.166489473026,  
912, 2468276.486294683, 83.8368718816417, 110.4129524109837, 100.01938123048494, 53.358180309266544, 0.528800658329, -0.706652162307, -0.470119756295, -0.787574109976, -0.615012040022, 0.0385643867242, -0.31638091764, 0.349861275558, -0.881759719435,  
913, 3337341.4518423667, 92.70518205875864, 102.9467675700303, 91.08581236088354, 84.96666704071168, -0.646246425715, 0.107681597695, 0.75549336911, -0.0176360340694, -0.99183756461, 0.126282285895, 0.762924981603, 0.0682855690939, 0.642870557344,  
914, 1516310.5053536338, 71.26886539548424, 94.8602458536753, 78.30640590138724, 48.73242212455021, 0.556871787563, 0.825831259636, 0.0888624939177, 0.622838706488, -0.344402562128, -0.702466241823, -0.549514110754, 0.446530632553, -0.706147743942,  
915, 3167221.484377271, 91.10242593571392, 109.11924622995237, 91.6486641583976, 75.60705619790534, -0.541344698757, 0.826611056976, 0.153818326646, 0.0672716120353, -0.139774691891, 0.987895523687, 0.838105272231, 0.545139611468, 0.0200588301464,  
916, 2895304.919456386, 88.41688962138457, 106.12525340321436, 92.23513022605123, 70.61396426079973, 0.246532695144, 0.643796364909, 0.724394830707, 0.933360869304, -0.358936852239, 0.00135046525852, 0.260881424937, 0.675788855069, -0.689384004375,  
917, 3404398.852062447, 93.32197945116302, 108.83686365597137, 90.72763898956484, 82.30689122977859, -0.724118096468, -0.388393649563, 0.569915217683, -0.674148885405, 0.224249888974, -0.703729541516, -0.145520660644, 0.893791004807, 0.424218548688,  
918, 2850594.4755727765, 87.95940372272939, 100.40195093914255, 88.7663904391756, 76.35827659047173, 0.371511200113, -0.0699201666792, -0.92579187644, 0.522911717718, 0.839716934491, 0.146419962444, 0.767165408282, -0.538504076327, 0.348526320549,  
919, 3248807.420697425, 91.87805362620125, 125.6342075349502, 94.76882157327755, 65.14213288729842, 0.455030372449, -0.280018151341, -0.845303019673, 0.317385672359, -0.835927648703, 0.447762549925, -0.831993807146, -0.472032627107, -0.291498720094,  
920, 1539977.9482439798, 71.63775448145827, 114.70966279992497, 76.18335847300325, 42.069347426221626, 0.397384969385, -0.71475578392, 0.575507910857, -0.642629781441, 0.2309359824, 0.730544684491, -0.655066523425, -0.660146000052, -0.367552864908,  
921, 1893957.4029568662, 76.75273603924126, 126.7583092042667, 78.71919515384342, 45.31317726096256, 0.468367529321, -0.473785709232, 0.745760658124, -0.481576328052, 0.570768908516, 0.665061721445, -0.74075373623, -0.670633994664, 0.0391656413595,  
922, 2649320.2574152616, 85.8384664865243, 130.44892330931094, 76.9977162945581, 62.969103114397534, 0.81048533383, -0.579858420388, 0.0829321165297, -0.480645818095, -0.739269844309, -0.471656331287, -0.334803108101, -0.34240956412, 0.877873891402,  
923, 3021236.1097834315, 89.68063729494492, 106.31161942527058, 95.70226226009257, 70.89132925821919, 0.933949575564, 0.257785650138, -0.247557566813, -0.326492389719, 0.897151998089, -0.297524808681, -0.14539913947, -0.35869883037, -0.92205978078,  
924, 3636164.49997825, 95.39339478388524, 116.99488595418832, 99.72494166591152, 74.40193727050917, -0.187330998728, 0.115648343927, 0.975465303054, -0.735069288613, -0.675232235853, -0.0611111168596, 0.651598218118, -0.728482592937, 0.211501475016,  
