# Void_ID, Void_Volume, r = (a*b*c)**(1/3.0), a, b, c, vector_a, vector_b, vector_c 

1, 2210876.549509234, 80.81499702892447, 110.71827796930178, 78.66307822939382, 60.601814021720415, 0.458851135359, -0.878556961776, 0.132639739497, -0.825485280457, -0.366302320872, 0.429414323785, 0.32867869923, 0.306529402567, 0.893314075807,  
5, 3191978.9857408516, 91.33918624167838, 127.35825776888902, 109.93640658293863, 54.425542599687205, -0.739832997558, 0.660083297212, 0.130142907859, -0.578063146955, -0.722629683923, 0.379010999901, -0.344223958865, -0.205174025294, -0.91619511322,  
14, 651324.6858155119, 53.773665723050584, 110.85726441148024, 43.63197449603363, 32.14695965406587, -0.88590251589, 0.274088987113, 0.374235166017, 0.400882212567, 0.0464663951173, 0.9149504499, -0.233388482981, -0.960581126854, 0.151042095933,  
15, 1861453.4724785218, 76.31112545710599, 108.70843321942752, 79.08188738842424, 51.6919974104517, -0.874665274493, 0.42116406655, -0.239961427405, 0.45626022523, 0.882488520607, -0.114195524734, -0.163668153495, 0.209367714902, 0.964042475977,  
17, 756209.5164611012, 56.51770388757576, 109.4663860899852, 53.4601390755867, 30.849111789176412, 0.189008003518, -0.081688495492, 0.97857190043, 0.799566803549, 0.591314390096, -0.105072445145, 0.570060436506, -0.802293139551, -0.177078561551,  
18, 911552.8552598227, 60.1493698914764, 100.03795466279617, 93.38722183571656, 23.293834572585556, -0.659779040195, -0.731492402701, 0.172076967984, 0.718648107785, -0.547278210917, 0.428988877516, -0.219628129568, 0.406700657297, 0.886768323778,  
22, 2667663.6607045727, 86.03612089854515, 118.31542807276959, 87.63085281870953, 61.42484169572447, -0.192416815139, -0.555264518141, -0.809108820954, -0.980154031824, 0.0686825432107, 0.185959087322, 0.0476848314584, -0.828832928371, 0.557460432405,  
23, 1278188.361706021, 67.32381994988972, 121.19659835169614, 90.13034679550901, 27.93474921746961, -0.574816314686, 0.444788576275, -0.686840102779, -0.228483735914, 0.718739875247, 0.6566644304, -0.785736206875, -0.534393220526, 0.311516450708,  
24, 1768763.6867266514, 75.02288047720621, 106.34318865595189, 88.20989825156896, 45.014683890637656, -0.754885202192, 0.650561283512, 0.0831766067298, 0.524421200087, 0.522569275363, 0.672237872591, -0.393866394112, -0.551081998292, 0.735647942122,  
25, 437742.8895221402, 47.10244997663721, 103.12338078303667, 61.790812154080946, 16.40021136205266, -0.389105466222, 0.920278127697, -0.0410500163004, -0.050713810504, 0.0230943343896, 0.998446173383, 0.91979619785, 0.39058266654, 0.0376846788293,  
28, 2522944.7423962126, 84.45130723344047, 114.91823596468987, 112.18428724561511, 46.71949562434424, -0.620511699165, 0.703366740915, 0.346757060455, -0.733061177455, -0.363200375467, -0.575071123748, -0.278543607552, -0.611032499165, 0.740980933396,  
30, 1442546.3229622634, 70.09392608409178, 115.68453271470905, 63.96548876051025, 46.53933136382387, 0.594074105903, 0.146278823056, -0.790998396093, 0.532866428515, 0.665070267081, 0.523196816893, 0.602602129152, -0.732314171494, 0.317153950269,  
36, 703398.973665159, 55.17017653989109, 117.40426717224989, 72.65123484551853, 19.687303597382197, -0.327513789467, 0.787419818928, 0.522211400171, 0.0566869471406, -0.535323303811, 0.842742873254, 0.943144372688, 0.305612482004, 0.130689338168,  
37, 1374288.4288535083, 68.97045539227601, 118.25103292065246, 66.51007900009279, 41.71544433828411, -0.763789431329, 0.550758689694, 0.336586646076, 0.0513003287816, -0.468016299866, 0.882229572916, 0.643423640269, 0.691104629406, 0.329211801667,  
39, 394512.2225015321, 45.497823102698646, 96.74176803166593, 83.38986839364803, 11.674668153948167, -0.980283865671, -0.166229682328, 0.106823384231, 0.0276803750905, 0.419761674605, 0.907212176598, 0.195645954572, -0.892282370803, 0.406884297084,  
41, 1151380.7453315654, 65.01947388898067, 100.70603263008518, 84.74174544396443, 32.209016292631404, -0.240375820146, 0.779164273214, 0.578897659725, -0.715815511319, -0.545095067076, 0.436439596741, 0.655612399855, -0.309474398287, 0.688765546439,  
42, 1715013.240513084, 74.25510034872677, 111.6767814105688, 80.6099369301653, 45.48072696020077, -0.779740646008, 0.57199801999, 0.254603201258, 0.605738640895, 0.586321540181, 0.537873359115, -0.158383155323, -0.573624717604, 0.803660039733,  
43, 1502219.7752865602, 71.04741620558796, 122.69867431313924, 70.12877529547488, 41.67817946586436, -0.851329217202, 0.483704945781, 0.203145488173, 0.520226836011, 0.728253449579, 0.446106436033, -0.0678424869253, -0.485465177539, 0.871619732661,  
45, 912048.7830171403, 60.16027594553607, 151.81884542282563, 71.41191489216682, 20.083208444653412, 0.556183610255, -0.472747732812, 0.683497895246, -0.563789377297, 0.389608240203, 0.728249241134, -0.610574589817, -0.790389144844, -0.0498364322794,  
48, 1427886.3614892992, 69.85567262114283, 128.64019359523743, 79.17930488579302, 33.466990958221636, -0.215689949917, -0.532767141225, -0.818313521052, -0.147301781098, -0.810696367013, 0.566633555128, -0.965287537882, 0.242756202274, 0.096381509986,  
49, 533290.6146233394, 50.306616698211336, 132.20696664998079, 48.40720260432731, 19.893491119900535, 0.0472405017679, -0.361553770653, 0.931153696185, -0.815398891359, -0.552406404099, -0.173123691853, 0.576968788552, -0.751083241483, -0.320906499466,  
50, 2529080.743005191, 84.51971588504126, 118.78774958715599, 107.20596495895094, 47.41147650110485, -0.703083088449, 0.705648845154, 0.0879424702268, 0.666816446541, 0.611267056832, 0.426272696586, -0.24704250112, -0.358346609534, 0.900309785616,  
55, 1015830.0073906623, 62.3606752936831, 134.47302043453652, 60.29356065191566, 29.910683444040703, 0.842794111317, 0.394883360348, 0.365739275509, 0.412579332751, -0.910353610922, 0.0321651561086, -0.345653555046, -0.123787862092, 0.930161375828,  
56, 1679453.892801122, 73.73830640845381, 127.93854827773298, 78.13298070142592, 40.10916908048708, 0.108780158777, 0.196564123164, 0.974438003436, -0.551251285514, -0.803796648068, 0.22368050602, 0.827217563447, -0.561492203008, 0.0209190985791,  
61, 205490.55451636133, 36.60730448956601, 67.88529720377478, 38.88257583981478, 18.58542528310531, -0.79249919447, -0.470539222487, -0.387992096395, -0.578563521756, 0.781271382417, 0.234263267094, -0.192897065961, -0.41013152417, 0.891393770915,  
62, 1315068.1337384572, 67.96519203125146, 111.46540923250248, 69.10686925874046, 40.756634195327834, 0.00670613704916, -0.992617405482, -0.121102081155, 0.180814448548, 0.120312239518, -0.976130677839, 0.983494363442, -0.0153509399186, 0.180286399158,  
74, 1598457.5985031165, 72.53331118853552, 98.18944388188463, 86.54014941567868, 44.90865726087951, 0.0409423387286, 0.579326070708, 0.814066968189, -0.892326604386, -0.345361141836, 0.29065256375, 0.449529705363, -0.738313609185, 0.502808172655,  
76, 1011105.6497537089, 62.263850681172684, 97.0109718745031, 69.4799097407854, 35.811938231559814, -0.41157290756, 0.853658642532, 0.319178106693, 0.119479475089, -0.296653541637, 0.947481573049, 0.903511149237, 0.428092978527, 0.0200998741544,  
80, 1361542.4639766207, 68.75656850040711, 114.55861852488194, 65.98465876588008, 43.00033494925736, -0.841017422932, -0.274086751363, 0.466439864347, -0.118131079457, 0.93439945203, 0.336069504882, -0.527953352476, 0.227539264245, -0.818224382939,  
83, 1647419.3232792139, 73.2664555802417, 110.50919238075667, 85.87573481561637, 41.44256956498353, -0.0211519905377, 0.74205291038, 0.670007515997, 0.519462426861, -0.564440602113, 0.641533782249, 0.854231455975, 0.361613446766, -0.37352956341,  
90, 1766750.7927818592, 74.99441041745413, 132.99656339900045, 72.11731202827657, 43.975089830060135, 0.46441222319, -0.837459019245, 0.288068877244, 0.493654996371, 0.514845853911, 0.700884078339, -0.73527275994, -0.18329249247, 0.652516536721,  
91, 2802627.70448957, 87.46324787852029, 118.81901873596686, 98.48686704403931, 57.175835245285256, -0.409230121691, -0.550900105623, 0.727351208925, -0.740808634025, 0.66597776763, 0.0876138161264, -0.532666194961, -0.502973842905, -0.680649717622,  
93, 1732683.7500456849, 74.5092567181874, 105.45055656033199, 88.21312729624057, 44.46810249976035, -0.435095259215, -0.74355031752, 0.507764749391, 0.610023103854, 0.171348871674, 0.773635170439, -0.662241593509, 0.646353223471, 0.379029790829,  
95, 1446538.6155762596, 70.15852891034758, 128.3945344074094, 81.17803306201326, 33.13266439173897, -0.974766458812, -0.0629859625615, -0.214156763364, -0.205080272819, -0.126210788746, 0.970573499795, 0.0881614001408, -0.990001820869, -0.110108865224,  
98, 574567.6648608171, 51.57242156543338, 125.72856340527659, 72.1034310202047, 15.130827770363858, -0.167346805612, -0.632502906271, 0.756263922325, 0.0315220732799, 0.763256390427, 0.645326306119, -0.985394035677, 0.131832302685, -0.10779071584,  
99, 1500946.3690063152, 71.0273352996622, 129.92907465718108, 63.55993872658795, 43.38971024402606, 0.176113456037, 0.497519921788, 0.849386824731, 0.807361764012, -0.566658529072, 0.164514721047, -0.563161639863, -0.656789189051, 0.501474753634,  
104, 1976956.796648314, 77.85793061460838, 130.442247345208, 102.20511166340417, 35.40117522739596, 0.519187845081, -0.662235487259, 0.540266731286, -0.774602231685, -0.0974824453451, 0.624890834881, -0.361158364417, -0.742927541732, -0.563580787064,  
105, 1927719.3970277524, 77.20612151319965, 128.3646205328791, 75.4965467440051, 47.48787974954266, 0.411817878415, -0.858310494598, 0.306119469946, 0.596522872407, 0.507864206267, 0.621477602724, -0.688887870203, -0.0733283223242, 0.721149401603,  
106, 2679918.619017003, 86.16766654602306, 130.10469590827884, 78.33458992037833, 62.77496084631764, -0.0578704354828, -0.964416836485, 0.257975150358, -0.0412578178952, 0.26049783733, 0.964592488675, -0.997471205178, 0.0451778956082, -0.0548648575033,  
107, 1816249.2162200173, 75.68833357847514, 110.90254338752437, 85.81352745955355, 45.56061417698985, -0.509985064813, 0.0218473866837, 0.859905765397, 0.720900715449, 0.556229854173, 0.413413240948, -0.469273259554, 0.830741259973, -0.299418714922,  
111, 641940.4314247487, 53.514159264802515, 121.8201091039273, 71.00213958821098, 17.71804091936291, 0.67836601989, 0.319809616805, -0.661469086245, 0.59101556794, 0.297326118956, 0.749865172841, -0.436486129804, 0.899621580436, -0.0126834736168,  
112, 2025726.665323317, 78.49296693905038, 127.80573854073677, 79.39285323149616, 47.66070600643607, -0.882343280934, -0.30886341433, 0.355068621365, -0.413699395261, 0.149414700463, -0.898069071757, -0.224328208102, 0.939296885214, 0.259611664753,  
113, 1508067.6301667725, 71.13948817972833, 118.15320825399141, 83.36152847372082, 36.55283122310611, 0.845713210927, 0.234227945345, -0.479485593614, -0.327360464626, 0.937309819535, -0.11952166499, 0.421431241205, 0.258045677781, 0.869372266129,  
116, 828483.3966168632, 58.263745509355566, 126.27102554242882, 82.27484226047564, 19.038136395961025, 0.158091000094, -0.436627714308, 0.885642972528, 0.645252289755, -0.633245950146, -0.427374600543, 0.747433420617, 0.639027233944, 0.181624546863,  
117, 1056940.6621061699, 63.190821150812035, 119.50616343296679, 62.649221568654106, 33.7020263246672, 0.00213364194704, 0.738272675739, 0.674499002096, 0.392192789193, -0.621079139982, 0.678561359041, 0.919880570333, 0.263085837961, -0.290870380389,  
118, 1779864.0809345874, 75.17949598539604, 108.6878735991748, 102.13736384412947, 38.276524116273386, 0.366748963143, 0.861909560007, 0.350152978571, -0.804522236487, 0.482834311533, -0.345854013428, -0.46716075288, -0.154864256609, 0.870504389991,  
122, 1355230.483024559, 68.65015425811619, 107.10815836058902, 75.7216363110582, 39.891650918985846, -0.77041703137, 0.631085714454, 0.0904898822368, 0.633215195073, 0.740938719221, 0.223714843246, -0.0741357842368, -0.229653293839, 0.970444872275,  
124, 3220892.813080221, 91.61414953376037, 134.7344251829066, 85.58081101571585, 66.68569647272437, -0.264852235341, -0.954415487509, -0.137638550698, -0.947979150459, 0.231565381416, 0.218433066234, 0.176603577907, -0.188330962226, 0.966096591929,  
127, 1765443.3069923755, 74.97590595441855, 137.25714892267365, 75.25112662538525, 40.80535744687247, 0.249279916732, -0.965890831772, 0.0701029543778, -0.709063484563, -0.231342842026, -0.666115203477, -0.659612384643, -0.116341697347, 0.74254704328,  
130, 992930.4855168586, 61.88851735012197, 111.79668544687357, 97.3954834267113, 21.77020357688918, -0.303302840232, -0.47335079154, 0.827010529108, 0.094965486266, 0.848557187617, 0.520511532784, 0.948150274759, -0.236410083311, 0.21241781701,  
136, 3564349.5908865286, 94.76120207182554, 99.99576519653804, 96.52742171106674, 88.15752103620552, -0.442155189362, 0.0860160049538, -0.892804589713, 0.882838269986, -0.134067752821, -0.450136009114, 0.158415206241, 0.987232031766, 0.0166594683685,  
137, 3431982.211517785, 93.57334176524665, 97.29360875216, 92.72695232530161, 90.81678441940234, -0.859884429339, 0.0155895947084, -0.510250656753, 0.510460412121, 0.0157257337326, -0.859757447747, 0.00537920419297, 0.999754802857, 0.0214801845162,  
138, 3555263.1616838, 94.68061012087276, 98.47655996355455, 95.68143665032777, 90.07879891587633, -0.152637517103, -0.182176910068, 0.971346159621, -0.510098708381, -0.827299709769, -0.235317865713, 0.846463877599, -0.531400756166, 0.0333487670769,  
139, 3409195.969752856, 93.36579202323766, 107.74413169748954, 91.42107671449033, 82.62726917714623, -0.609717775861, 0.103399119592, 0.785845312938, 0.756819277398, -0.218653393905, 0.615966942857, -0.235518184347, -0.970308876287, -0.0550624140424,  
140, 3002591.238686696, 89.49577527917033, 97.89384836194183, 94.22151849695237, 77.71450818518615, 0.0550899547238, -0.840190551562, 0.539485805146, 0.919662699254, -0.167707492307, -0.355098178855, 0.388825946267, 0.515707314365, 0.763452912379,  
141, 3477050.9815251846, 93.98116329354937, 100.19704115719415, 99.80956133757694, 83.0033088384409, 0.675804227283, -0.353427609079, 0.646821127923, -0.693628002272, -0.00809010271268, 0.72028795957, -0.249336802038, -0.935426894727, -0.250614612046,  
142, 2142138.0822923398, 79.96862294893644, 105.2588901064095, 91.87627882794175, 52.88063594081044, -0.86995743936, 0.10986309675, -0.480732933837, -0.308846593286, 0.638598781215, 0.704844222822, -0.384431834684, -0.76165720413, 0.521622917325,  
143, 3455881.4834567914, 93.79004487768444, 111.41918990063091, 89.87956073135011, 82.38521762980422, 0.215133770988, -0.954826841136, -0.204995521967, -0.685966935699, -0.297154088408, 0.664190342349, -0.695102023956, -0.00226962296795, -0.718907521941,  
144, 3459708.264468879, 93.82465076796005, 111.413487691224, 97.5351996346027, 76.00667301145364, 0.694431620572, 0.221392956233, -0.684653111641, 0.461682962685, 0.592725285345, 0.659943617348, -0.551918079351, 0.774378392676, -0.309393824505,  
145, 2961789.1916307905, 89.08854065310597, 117.23861061203428, 101.06261177298967, 59.67663878806866, -0.568714473288, 0.639707353873, -0.517047724367, -0.26217127446, 0.454838866566, 0.851109762786, -0.779634575119, -0.619593501307, 0.0909605541835,  
146, 3466630.3252619067, 93.88718275321648, 102.98690934512024, 94.03321500078656, 85.4585682518754, 0.785210156402, -0.318927501601, 0.530782685292, -0.513081954018, 0.144810550526, 0.846035940677, 0.346687061692, 0.936651030629, 0.0499292306849,  
147, 2137453.972438552, 79.91029257072553, 131.45466743635734, 90.78578766892552, 42.757695041391166, -0.184756064334, -0.246918252279, -0.951260518146, 0.0944278018222, -0.967905736334, 0.232898853186, 0.978237490048, 0.0467959641861, -0.202142402284,  
148, 3197207.770471991, 91.38903331144412, 100.79743180381917, 91.29928168009832, 82.94026581919758, -0.897695638704, -0.429150072037, -0.0998636867022, -0.41174062808, 0.897734107857, -0.156662461292, -0.156882744238, 0.0995172711653, 0.982590513541,  
149, 2643335.941521663, 85.77378678159064, 93.51660719077529, 85.51978457799886, 78.9057062709204, -0.597433421493, -0.800311221734, -0.050746972817, -0.795853245676, 0.599494787355, -0.084991830671, -0.0984424615195, 0.0103898171721, 0.995088505345,  
150, 3614288.8061283105, 95.2017096930945, 98.73844667740653, 94.48241144492377, 92.49046939344531, -0.194953113823, 0.668574540222, 0.717635957556, 0.957171393131, -0.0299893936798, 0.287964512464, -0.214047208771, -0.74304018763, 0.634093898396,  
151, 3481390.5589319183, 94.0202451652518, 110.33860216917334, 95.93913749727413, 78.51286951025358, -0.553629626951, 0.72854997379, -0.40337224973, -0.22174052809, 0.337923616013, 0.914679598517, -0.802698806754, -0.595837700579, 0.0255354695427,  
152, 3403557.9531072984, 93.31429519514985, 98.05270933557117, 92.57631938458107, 89.51277725562521, -0.318346350406, -0.383500257806, -0.866938956009, -0.918853465745, -0.100101785562, 0.381690897213, 0.233160694953, -0.918099768429, 0.320513502897,  
153, 3583763.7108627288, 94.93293749710958, 98.66969508655035, 97.47663063395068, 88.9542009856066, 0.169096138343, 0.861006671963, 0.479660303583, 0.886151718301, -0.345851799429, 0.308418003665, 0.431441338018, 0.372899508806, -0.82146474555,  
154, 2144794.279915764, 80.00166232721456, 99.05927061069427, 79.35620306313442, 65.13599136894071, 0.637774400068, 0.768565583626, -0.050505032269, 0.633440507476, -0.48608081126, 0.602061930713, -0.438174552099, 0.415971619934, 0.796850471106,  
155, 3708295.363421323, 96.02004450877185, 101.44949483312776, 96.09645551789106, 90.8089075073578, 0.886311948378, 0.449199209339, 0.112566427017, 0.371485627602, -0.834800332922, 0.40633340084, 0.276495133135, -0.318321338402, -0.906764559779,  
156, 3361944.1460071057, 92.93243035202306, 101.84349861124748, 92.52986082550112, 85.17000359577769, -0.983431898941, 0.0855792088671, -0.159805817024, 0.164337283344, 0.792984409586, -0.586659171458, -0.0765176936928, 0.603201396851, 0.793910018446,  
157, 3978603.2883316963, 98.29860229301235, 103.3698049468443, 100.67817385068287, 91.26683742822891, 0.240668852886, -0.891383554056, -0.38407533481, 0.426384161903, 0.452574968135, -0.783180978253, 0.871937526277, 0.0247236278976, 0.488992528056,  
158, 3101846.992790209, 90.4712492710481, 96.7560639368345, 90.12272496561248, 84.92181242802283, 0.268251494161, -0.959960221347, -0.0807310925929, -0.363464718157, -0.178462405128, 0.914354727997, -0.892151632031, -0.215934118163, -0.396784478121,  
159, 3456996.0902141663, 93.80012699243167, 99.01977471004346, 92.64671335162414, 89.9618396564279, 0.389089526925, 0.702225544305, -0.59622866835, 0.855636040694, -0.0356844112731, 0.516346384376, -0.341315551804, 0.711059707561, 0.614733915104,  
160, 3428071.1881945985, 93.53778343926194, 105.47830114527191, 100.98825317880996, 76.82936367024534, -0.290004015441, 0.956667294215, -0.0261793660444, -0.524846625198, -0.181857267904, -0.831543116218, -0.800271011, -0.227410690797, 0.554842938735,  
161, 2707180.494810571, 86.45886586600693, 95.48444886938512, 90.28854809006171, 74.96581864877545, -0.854363530526, -0.109449813068, -0.508019385582, -0.508402248108, -0.0264804139433, 0.860712461741, 0.107657381664, -0.993639535293, 0.0330206310721,  
162, 3579237.687168531, 94.8929562775579, 102.55045735197344, 98.18517589766235, 84.86300503796448, -0.93728369572, 0.0420720904845, 0.346019093316, 0.29880200145, -0.414192939663, 0.859745062599, -0.179489937507, -0.909216227273, -0.375645064386,  
163, 3884575.6853571385, 97.51804647619056, 115.65380654532376, 94.86687303536559, 84.52408167407611, 0.551297114779, 0.177838101198, -0.815135020103, -0.275458046346, 0.961029024266, 0.0233683380155, 0.787524193876, 0.211652602821, 0.578799464218,  
164, 3310067.711780097, 92.45195293672496, 99.94130048839406, 91.23549218429176, 86.66414423904999, 0.662620435715, -0.560056901807, 0.497262933378, -0.50435706108, 0.157154806468, 0.849073802294, -0.553676903177, -0.813411724493, -0.178334666696,  
165, 3362965.4680710733, 92.94184001974332, 102.99305285550639, 95.03070247594674, 82.0279631274297, 0.496956878136, -0.832003566284, -0.246584522963, -0.867774746717, -0.476168975605, -0.142232540692, -0.000922081398384, -0.28466326135, 0.958627131581,  
166, 3581818.6115187635, 94.9157593359539, 103.67640584631977, 94.09192946524897, 87.65620655838134, -0.736170224742, 0.674554959004, 0.0550364196372, 0.627032850857, 0.649176620614, 0.430580444509, -0.254721817183, -0.35149014571, 0.900872617699,  
167, 3744268.168729801, 96.3295309276049, 112.00152602055209, 96.57753527518359, 82.63771096097986, -0.0900444381087, 0.986044288213, -0.140030928186, 0.816049923741, 0.153648114967, 0.557184689963, 0.57092426917, -0.0641008459371, -0.81849652438,  
168, 3651951.80323539, 95.53125342873737, 102.64128418772086, 94.19884925087433, 90.17138774025311, 0.256895790245, -0.199071334647, -0.945714098804, 0.642926458362, 0.765809914164, 0.0134441253523, 0.721560892851, -0.611478355373, 0.324721571223,  
169, 3768410.1384045603, 96.5361226301362, 104.45995007933676, 94.91520475201281, 90.73690286252359, -0.536699492579, -0.402885023347, 0.741375284608, 0.0950541907002, 0.844180400543, 0.527564358319, -0.838402263532, 0.353614351097, -0.414775282778,  
170, 3359589.563536946, 92.91072979567673, 106.2278640574995, 91.61232036372778, 82.41481382839994, 0.505327882944, -0.829256494173, -0.238699387499, -0.794441003906, -0.555067423677, 0.24650283261, 0.336908328826, -0.0650678264938, 0.939286407824,  
171, 3296528.285880823, 92.32572621780417, 107.4745477991353, 88.55396297787183, 82.69030031525901, -0.807942825811, -0.0754872815716, -0.58440573281, -0.565943915238, 0.375632142931, 0.733899160649, -0.164121525172, -0.92368943023, 0.346210862709,  
172, 3185185.7624955247, 91.27434369055973, 95.6700895493447, 91.29291605713625, 87.06285339200934, -0.614274226133, 0.50881708012, -0.60313543594, 0.785193009496, 0.470029219274, -0.403168042964, -0.078352491653, 0.721233465673, 0.688246449352,  
173, 3415813.264437593, 93.42616106207583, 96.75062728431121, 95.7982960133835, 87.98202179023667, 0.379998007606, -0.507191799718, 0.773536031814, 0.146567692606, 0.858717271355, 0.491042319317, 0.913301388206, 0.0732197116605, -0.400648784005,  
174, 3390738.4425890674, 93.19699161256514, 99.90753907782799, 92.88490935388131, 87.22927394960247, -0.451893588012, -0.692205486105, 0.562711071617, -0.884436090598, 0.430002656932, -0.181302279848, 0.116468823126, 0.579611318073, 0.806526957517,  
175, 3636506.3839980382, 95.39638442266366, 105.06960152454462, 94.47264638164437, 87.4606254536351, -0.859129770378, -0.220290684472, -0.461917797866, -0.502994421096, 0.19716457663, 0.841500292376, 0.0943008483372, -0.955300028293, 0.280194942755,  
176, 2904928.469269949, 88.51474268187229, 101.99382385592442, 95.3326704721626, 71.32326248653172, 0.138344808934, -0.880662992872, 0.45309315469, -0.929993276896, -0.272827754995, -0.246328076015, 0.340548408849, -0.387295377057, -0.856754966218,  
177, 3488810.5916751917, 94.08699418792463, 104.7078917613488, 94.03052355446944, 84.59418549383399, -0.996567912769, 0.0566336660713, 0.0603740267625, 0.0798088523092, 0.463717965398, 0.882380981017, -0.0219759489734, -0.884170954304, 0.466646312781,  
178, 3553027.591401699, 94.66076071924063, 102.37409705796736, 94.58680354073545, 87.59702106663256, -0.28316083521, 0.878793828348, 0.384111114992, 0.939204180109, 0.335182699407, -0.0744853413992, 0.194204658719, -0.339667433345, 0.920277450151,  
179, 3711375.553705279, 96.04662259283585, 102.88781366823864, 98.70351093576738, 87.24684955800679, -0.155525814418, 0.323815309354, 0.933249894979, 0.429263584963, -0.8287281966, 0.359085436609, 0.889687864183, 0.45645725056, -0.0101134928514,  
180, 3868576.732613247, 97.38398348979662, 100.29072790281775, 96.98959811072518, 94.94599781054035, -0.22252289055, 0.255535679662, -0.940842749667, -0.164265524286, -0.961069069243, -0.222178040489, -0.960989282309, 0.105108327758, 0.255835569699,  
181, 1825279.230439786, 75.8135618338156, 100.56371270931858, 87.78636969739942, 49.359677604947386, -0.704891628602, 0.595354352524, -0.385591735981, 0.225087996065, 0.70326120441, 0.674358267094, -0.672653838132, -0.388557426002, 0.629730053868,  
182, 3632889.6978038913, 95.36474845187674, 98.91524139702047, 94.63276741175837, 92.65286366612376, -0.0718101179153, -0.993645054517, -0.0866764823822, -0.911121635758, 0.100707483229, -0.399644051221, 0.405833305459, 0.0502743319674, -0.91256332368,  
183, 3505403.068169446, 94.23591484357846, 99.78915881850433, 97.79586741465378, 85.75224295136786, 0.601864947953, 0.747391997934, 0.281360597544, 0.787240808416, -0.496056504909, -0.366305683141, -0.134203181741, 0.441965095186, -0.886936503166,  
184, 3608701.9531914718, 95.15263113583863, 122.60858778913594, 90.56858695386504, 77.58252734545911, 0.170536688049, -0.553873028526, -0.814949020676, -0.78323000732, 0.425645254483, -0.453185252374, -0.597886271512, -0.715577239442, 0.361221844204,  
185, 3626753.6860203575, 95.31102730733876, 109.57827876219466, 91.33683940153409, 86.5085431200625, 0.151641958603, -0.76448504447, -0.626551939724, -0.914993408193, -0.348343490407, 0.203577689479, 0.373887388599, -0.542419975178, 0.752322265505,  
186, 3583888.373088216, 94.93403824062908, 104.07907373068122, 93.1142009041103, 88.28491961918111, 0.0601352748121, 0.796985275471, 0.600997686689, 0.904838142361, -0.297755865683, 0.304317893952, 0.421487467015, 0.525505390204, -0.739048306957,  
187, 3637533.632165577, 95.40536616913839, 130.00343075252442, 94.1104637488516, 70.97831436950763, 0.627953535631, 0.199768233952, -0.752174853204, -0.230454210169, 0.970879003793, 0.0654585136456, 0.743347303825, 0.132236956623, 0.655704333674,  
188, 3099847.952617593, 90.45180982868, 99.22852348448495, 87.64135649928068, 85.09541545047192, -0.802165690458, 0.19824177331, -0.563232105234, 0.527632903024, -0.206241473559, -0.824055807716, 0.279524103967, 0.958209086734, -0.0608409516863,  
189, 3329121.693091291, 92.6290095818535, 121.63706739618843, 94.32196412774124, 69.27272702402763, 0.500491723608, -0.850522223206, -0.161616776455, -0.199167379284, -0.294789162608, 0.9345756816, -0.842520260664, -0.435558603911, -0.316935818313,  
190, 4291645.000807955, 100.811883080477, 115.55258941118613, 99.13902672394136, 89.43568717314065, 0.647580132195, -0.473052577615, 0.597378633027, 0.424072518335, 0.875076433712, 0.233246081113, -0.633089623655, 0.102286333266, 0.767290710518,  
191, 3150740.9164776173, 90.94413456687509, 100.85791468808175, 90.38433931085095, 82.51272143131878, -0.0897009647664, 0.96348319799, 0.252297174204, 0.9604906682, 0.0166746027152, 0.277812227817, 0.263460458552, 0.267249106295, -0.926912348588,  
192, 2153689.1653179633, 80.11210402354004, 121.4121528069065, 77.02530659381432, 54.97925092587832, -0.421592754447, -0.874198796855, -0.240906647841, -0.0426820672782, -0.246245540883, 0.968267202134, -0.90578021094, 0.41849683054, 0.0665027239895,  
193, 3009543.9485995276, 89.56479993740163, 103.57605144131054, 89.44494026074797, 77.55270518235484, 0.407349194484, -0.883091737089, -0.232842473871, -0.836626393493, -0.463068853778, 0.292614959242, 0.366227950141, -0.0756056912254, 0.927448579701,  
194, 4015827.7441477478, 98.60421701212822, 117.44095311965957, 100.66094504306584, 81.09720673805015, 0.851479491313, 0.418443763925, -0.316049825671, -0.232933784776, 0.841790667482, 0.486960290013, 0.469813290344, -0.341018017958, 0.814237178987,  
195, 3806120.5600544605, 96.85706626561193, 107.00112064960095, 98.08732041370838, 86.57504672631511, -0.974846055783, -0.0359844314349, 0.219955195933, 0.130020715307, 0.709734745773, 0.692366380057, -0.181024255598, 0.703549366667, -0.687203396054,  
196, 3099672.277315324, 90.45010109441716, 106.77964919375833, 92.04949986150355, 75.28652413899958, 0.556012459065, -0.529979530322, 0.64029043629, -0.766899078704, -0.624151195577, 0.149335488559, -0.32049328924, 0.574070537913, 0.753476654617,  
197, 3325360.4500934505, 92.59411233909695, 98.06392804123458, 91.54668000919571, 88.42971668618468, 0.764769156565, -0.126508270552, -0.631762451123, 0.365318846183, -0.722544160496, 0.586917436065, -0.530726179673, -0.679651082258, -0.506363632773,  
198, 3111035.9936415544, 90.5604994079312, 107.19539212036655, 84.92547662410641, 81.5834968657171, -0.753779514459, -0.578975410569, 0.310811707532, -0.635358474664, 0.762865737172, -0.11981433855, 0.167738046534, 0.287790446342, 0.94288949869,  
199, 3347010.251877666, 92.79462287575464, 100.5972690993918, 92.7432436276535, 85.64459523629745, -0.325730712298, 0.182584930915, -0.927664942783, -0.911861954014, -0.319919391683, 0.257214617871, 0.249814490946, -0.929685068089, -0.270699823209,  
200, 3568286.383661094, 94.79607687342481, 119.8413511658104, 93.69740377977426, 75.86419243206453, 0.636358114835, 0.170288425511, 0.752363078454, -0.723967304633, 0.468553922697, 0.50628901168, 0.266307513049, 0.866867391048, -0.421451343373,  
201, 3399465.075168547, 93.27687580252244, 107.49506451430365, 94.24124223829486, 80.11105436401384, -0.94981685437, -0.310217960965, -0.0401591813723, 0.168621717368, -0.615904970825, 0.769563371884, -0.263466619491, 0.72417255099, 0.637306407316,  
202, 3016489.1765598003, 89.6336442616352, 122.14537129020762, 85.86633771833546, 68.66148749930656, 0.751453212294, 0.217080233175, -0.623052359034, -0.32244666718, 0.944699944082, -0.059750836609, 0.575626803196, 0.245801114756, 0.779894605333,  
203, 3800923.743465626, 96.81296382038131, 101.65752945604967, 97.39116925450412, 91.65188814290104, -0.860015202758, -0.199737303995, -0.469551765429, -0.140811553765, -0.791576173141, 0.594625317693, 0.490454847413, -0.577505126824, -0.652642222922,  
204, 3646083.015393107, 95.48005220033063, 107.75007774093795, 100.27367639024298, 80.56258874837468, -0.832647534937, -0.216597288326, -0.509689804934, 0.0436597629904, -0.943153459077, 0.329477431285, 0.552079620761, -0.252085634895, -0.79477098904,  
205, 3776132.712263816, 96.60202121287898, 104.7944480158123, 95.61390286957595, 89.97033123694439, -0.437334415269, -0.745085781274, -0.503573021283, 0.0776607336672, -0.589160436773, 0.804275319892, -0.895939406248, 0.312629426453, 0.315524043535,  
206, 3757349.838530258, 96.44158543642818, 102.44942987580062, 99.14012521426793, 88.31490677527593, -0.0732854638685, -0.964139578797, 0.255076681378, 0.420488447036, -0.261790979051, -0.868708782732, 0.904333294032, 0.0435930715185, 0.424595027551,  
207, 3880003.5055867033, 97.47977158930952, 114.53410429003321, 106.04301707268012, 76.26523439416425, 0.874125993836, -0.177113863895, 0.452254824315, 0.195622441674, 0.980661246726, 0.00594806553691, 0.44456226472, -0.0832718342925, -0.89186893342,  
208, 3971078.30664935, 98.23659041241038, 112.50882896190974, 96.99991141438039, 86.86841546220937, -0.918483813151, -0.361388459481, 0.160579781836, -0.383198867846, 0.913655656713, -0.135616992436, 0.0977042100526, 0.186096002939, 0.97766158001,  
209, 3187465.6652233913, 91.29611604647204, 101.71311902090773, 91.30234303916913, 81.9403870800836, 0.840602369513, 0.309016699006, 0.444855410335, -0.394213952753, -0.214205322413, 0.893706573381, 0.371460651784, -0.926620072945, -0.0582428072014,  
210, 2620007.8874861156, 85.52071631202266, 111.50672357998691, 81.99139822360601, 68.4139461977072, -0.40062989514, 0.901960985581, 0.161127488688, 0.914962612749, 0.403119254973, 0.0183924860005, 0.0483642883954, -0.154794207774, 0.986762204813,  
211, 3755467.9700290235, 96.42548182635788, 107.61480309404436, 93.17630420213258, 89.41244218802605, 0.230216628829, 0.131752537246, 0.964179222313, 0.869757935416, 0.416548036554, -0.264591887676, 0.436487614476, -0.899515982166, 0.01869653006,  
212, 3675873.292397751, 95.73938671672144, 97.67493229881458, 97.1110635829553, 92.51669160008895, -0.651108507016, 0.519171906306, 0.55364089787, 0.697502796459, 0.696902718745, 0.166782641593, -0.299244984959, 0.494759671262, -0.815883145229,  
213, 3894767.369383514, 97.60325571369938, 101.87388283084414, 97.75344238011995, 93.36798672413597, -0.842942660102, -0.439977497979, -0.309624729395, -0.517677307525, 0.506615183406, 0.68945722218, 0.146485074509, -0.741458601147, 0.654813916873,  
214, 2962109.4370165933, 89.09175145621697, 114.9075891095368, 95.02495642066175, 64.76287180615769, -0.657458740065, 0.742261713713, 0.129597659965, 0.319111133645, 0.118481193046, 0.94028202752, -0.682580463752, -0.659552693308, 0.314760472826,  
215, 3509519.182350364, 94.2727849795549, 111.62821884680645, 91.47151182824769, 82.05388700058597, 0.355856341504, -0.879775180321, 0.315217220822, 0.447841117284, 0.456581748379, 0.768746668752, -0.820246668925, -0.132396144725, 0.556477010289,  
216, 3588950.3382472047, 94.9787128764299, 105.62773760462261, 94.55462697634056, 85.78632747024785, -0.973070783518, -0.0948249511761, 0.210098736071, -0.130620552814, 0.977834987536, -0.163636818393, -0.189925041652, -0.186673420137, -0.963888745016,  
217, 3676923.570641512, 95.74850413469935, 117.19088304501754, 95.61316671878437, 78.34016181766759, 0.422872373198, 0.240943759298, 0.873570295306, -0.777762857623, 0.59121312688, 0.21342908871, 0.46504181886, 0.769683794464, -0.437404804788,  
218, 1636778.740057396, 73.10837351932499, 110.07838182702723, 76.69293341729816, 46.285395603205814, 0.439742524986, -0.897187540541, 0.0410003514216, -0.667045552989, -0.356829240708, -0.654005445859, -0.601395661737, -0.260244904029, 0.755377950413,  
219, 3576645.023533078, 94.87003846038854, 97.87791394156056, 95.8354471011119, 91.02828318370314, 0.554341864608, 0.822199194917, 0.129203641668, 0.379431263457, -0.387822858919, 0.840015087014, -0.740767853956, 0.416631628633, 0.526954526092,  
220, 3600813.388128307, 95.08324650735604, 128.01548994959273, 89.87320234058775, 74.71697247672103, -0.618973213662, -0.325542171826, -0.714768812367, -0.741142990132, -0.0591202381103, 0.668739011591, 0.259960052599, -0.943677429956, 0.204679454865,  
221, 3294682.65572341, 92.30849283971334, 109.30961153361244, 93.78763477766422, 76.72219968041007, -0.129791723142, -0.974248114083, -0.184376573377, -0.467602472587, 0.224114579635, -0.855055894562, 0.87435807095, -0.0247642363399, -0.48464904453,  
222, 3437487.822452414, 93.62335204529379, 103.88621073010837, 94.61382386627885, 83.49107604993071, -0.625007557878, -0.164273860005, -0.763138029136, -0.117855171411, -0.946543173693, 0.300276837115, 0.771670727167, -0.277615055887, -0.572236113487,  
223, 2903723.7748254193, 88.50250509279904, 127.83403847160756, 76.97572560536572, 70.44763055434392, 0.120774647055, 0.349906819157, 0.928966470082, 0.468014810761, -0.845353023268, 0.257566307888, 0.875428821514, 0.403662586771, -0.265858786774,  
224, 3714729.564464722, 96.07554667670622, 110.11372531086617, 94.21252396876358, 85.4847209685015, -0.650736232892, -0.626207523848, -0.429425770394, 0.0944940684856, -0.627943107492, 0.772501342895, -0.753401105801, 0.462116425622, 0.467798228885,  
225, 3007628.254044945, 89.54579204994845, 99.49755397074422, 91.89836905007601, 78.52633682735114, -0.730361787387, 0.282879696547, 0.621732045825, 0.606828142977, -0.149147840021, 0.780714113301, -0.313578163167, -0.947488258027, 0.0627274779189,  
226, 3825429.822238439, 97.0205822512424, 109.836229004137, 105.20413848053668, 79.03385971296781, 0.909991062683, -0.0564285520866, -0.410770111311, -0.0286694302753, -0.996887997694, 0.0734328524617, 0.413635503318, 0.055046694382, 0.908776942837,  
227, 3503769.743480293, 94.22127632172513, 98.41360060456363, 96.36642735410213, 88.19948897581565, 0.994167220693, -0.102261592511, -0.0342652009618, 0.0802706349473, 0.489414176708, 0.86834923205, 0.0720289002067, 0.866034832056, -0.494768134788,  
228, 3644431.044869295, 95.46562995974196, 101.98558588161559, 97.18975604232715, 87.77722381915136, 0.94016508309, 0.184551455009, 0.286409456883, 0.273536421133, -0.910015226426, -0.311528672817, -0.203143896911, -0.371231798378, 0.906046085484,  
229, 3298560.599965011, 92.34469529796041, 101.13134101313928, 96.01876031072648, 81.09498490145808, 0.862599971668, 0.0265831675606, -0.505187711728, 0.487441891882, 0.223520531328, 0.844061001417, -0.135357640778, 0.974336649869, -0.179851054503,  
230, 2493766.845962564, 84.12448382950734, 90.94480075819743, 85.93409567350014, 76.17699742668106, -0.568471494598, 0.30240542106, -0.765108568207, 0.816117173163, 0.0898460693776, -0.570859390293, 0.103888976787, 0.948935532653, 0.297873186727,  
231, 3809273.9998072768, 96.88380815890858, 106.52864276336712, 94.43168251346724, 90.4002187863516, 0.51875658611, -0.143815845686, 0.842738753646, -0.738063769379, 0.422142421667, 0.5263626584, 0.431455069152, 0.895049036846, -0.112843896353,  
232, 3248364.310669826, 91.8738763048363, 100.69318675835558, 94.20564439495597, 81.7521363863791, -0.0365123319795, -0.361493581029, 0.931659401546, -0.924006005982, -0.342879374411, -0.169253169878, 0.380630727245, -0.867038710485, -0.321502914447,  
233, 3187283.126553544, 91.29437324184615, 109.35299266529387, 87.52837911592556, 79.49731766729542, 0.911576907624, 0.0974026119451, 0.399424927455, 0.262224535031, -0.886009083164, -0.382395342255, -0.316647808636, -0.453321779465, 0.833206774786,  
234, 2843212.0115957465, 87.88340571472787, 110.28876518457044, 88.87467278538041, 69.2486556714905, 0.806164989863, -0.0613671915076, -0.588499852953, 0.252826344258, 0.934963278802, 0.248842333499, 0.534954996957, -0.349396243681, 0.769249904864,  
235, 3353511.9726312207, 92.85466994653093, 103.39449074695614, 91.91208270444287, 84.24443969371087, 0.00349686152819, 0.267322726102, 0.963600711949, 0.782334960818, -0.600915559573, 0.163867322385, 0.622848120364, 0.753285503891, -0.211237232953,  
236, 1524072.973825377, 71.39027433624861, 118.15964650955195, 85.63315338438238, 35.95886974517667, 0.605462263601, -0.478294227528, 0.636121119967, -0.729889560596, -0.0150445546531, 0.683399510322, 0.317295881927, 0.878070779202, 0.358210873681,  
237, 3812183.263886556, 96.90846630094809, 106.67142766857798, 99.29781553679273, 85.92061143903769, -0.644845657746, -0.56394579416, 0.515886827644, -0.763024183564, 0.435816998882, -0.477344360794, -0.0443640956487, 0.701447563781, 0.711338978464,  
238, 3543371.7013847907, 94.57493127456254, 102.04331314324209, 93.67882140491218, 88.49161763870507, 0.364572564868, -0.0408098347188, -0.930280281601, -0.823941451338, 0.451308371403, -0.34269700709, -0.433828687056, -0.891434412221, -0.130909736062,  
239, 3709089.1650938257, 96.0268954044406, 102.82999707174152, 96.95578327281567, 88.81475492741473, -0.673105046484, 0.739514168923, -0.006956317908, 0.717509989302, 0.655298172568, 0.236143431586, -0.179189875969, -0.153958107907, 0.97169331034,  
240, 3407959.4346426507, 93.35450255382376, 103.01760609584012, 92.11598044336925, 85.73524136795217, 0.684876208261, -0.206979485867, 0.698644453058, 0.271017051438, 0.962378287121, 0.0194368286404, -0.676383276839, 0.176032738171, 0.715204962164,  
241, 662111.2415705833, 54.06888961087743, 111.94637761386318, 83.66225897947056, 16.877290286467094, -0.976457204207, -0.175362844272, -0.125615290474, -0.204880832823, 0.936157633066, 0.285714421047, -0.0674920194824, -0.304724070104, 0.950046350661,  
242, 3669474.4524970534, 95.68380112022268, 102.66667210154, 93.97937914598967, 90.79317484356153, 0.162520837653, -0.349518659104, -0.922726223897, 0.347412753158, -0.855006041557, 0.385057200742, -0.923521172617, -0.383146676664, -0.0175290584325,  
243, 3094897.9281527763, 90.40363787364363, 103.95769953528892, 96.28479649964953, 73.81478236426108, -0.760911922698, 0.196521732515, 0.61837873067, 0.510077418519, -0.407874704526, 0.757270924124, -0.401041236049, -0.891637501486, -0.210115427637,  
244, 2930541.7606655248, 88.7741320914163, 113.75582547393151, 90.21624473752544, 68.17119600388732, 0.428311061757, -0.243787138227, 0.870124971261, -0.673542497472, 0.555798841868, 0.487265996636, 0.602403634182, 0.794767562633, -0.0738537941507,  
