# Void_ID, Void_Volume, r = (a*b*c)**(1/3.0), a, b, c, vector_a, vector_b, vector_c 

0, 610368.4000428659, 52.62205578451894, 121.41784115604139, 59.185343980490515, 20.27714231150894, -0.479788572429, 0.146412019736, 0.86508175697, 0.82790691016, -0.250873107281, 0.501630174683, -0.290470435459, -0.956883589848, 0.00084947286671,  
5, 1198721.574657801, 65.89865806091127, 109.5431646811758, 67.02853055348461, 38.974874955829506, 0.730309850056, -0.5801630961, -0.360635972741, -0.579539322866, -0.80568225457, 0.122516439399, 0.361637520402, -0.119527764956, 0.924625014394,  
13, 2628775.5298934253, 85.61600612849469, 137.41996811410988, 71.40334696651246, 63.95823660780895, -0.663395754165, 0.352802229516, -0.659876246129, 0.734531869343, 0.138840773758, -0.66421846742, 0.142720027594, 0.925339843728, 0.351250860971,  
38, 3222908.4875308597, 91.63325663675963, 107.1917752238217, 91.22448758785326, 78.68400709169562, -0.958879714535, -0.248903139307, 0.136370525763, -0.273161932743, 0.939773517, -0.205446575162, 0.0770211110939, 0.23424978973, 0.969120624307,  
46, 416116.6087230317, 46.31362914222121, 138.19795808707238, 81.23875405021992, 8.848335081925148, 0.778539964343, 0.508926995588, 0.367244927919, -0.386148469656, -0.0728402043935, 0.919556232107, 0.494737186092, -0.857722343061, 0.139812370382,  
52, 254971.49470324855, 39.336979265972154, 112.29239325519875, 36.543523874736415, 14.833452964071453, 0.330852655145, -0.942665928536, -0.0437888999782, -0.580858189889, -0.23999846095, 0.777820353283, -0.743734014163, -0.231908787931, -0.626959352955,  
66, 790113.5954570719, 57.35002899610344, 111.61155427283424, 91.00077076428614, 18.57148785534126, 0.0642826192842, -0.498585957402, 0.864453461986, -0.7459417722, -0.599432387346, -0.290261408886, 0.662901664914, -0.626173183778, -0.410449176601,  
120, 2743892.0181069933, 86.84792948273503, 117.07563466650092, 105.18119585962877, 53.19536363999171, 0.457911844939, 0.293269860151, 0.839231512392, 0.475653233593, 0.716706987698, -0.509985387199, -0.751046432411, 0.632711532147, 0.188693861721,  
122, 2860567.384098227, 88.06186072406672, 109.68661303488079, 92.68144595038179, 67.17646497181134, 0.530972426334, 0.704174295855, -0.471388208942, 0.807494036972, -0.58913812652, 0.0294897971435, 0.256946809142, 0.396301436961, 0.881432645376,  
149, 2057387.4172993733, 78.89978565470186, 102.99279634383632, 80.86145732287535, 58.976508247334216, 0.766436889911, 0.473230348664, -0.434312710944, 0.506619979349, -0.0297182856892, 0.861657136, -0.394855277676, 0.880437312135, 0.262525139924,  
254, 1324901.8612011687, 68.13418001689867, 133.7418905293041, 53.66963616038937, 44.06552937543433, -0.211066878045, 0.696461070653, -0.685851842643, -0.101036889122, 0.682355677834, 0.724004334217, 0.972235732746, 0.222109671094, -0.0736544226633,  
271, 813936.2429483255, 57.92071654756424, 119.5991319835995, 63.54706051047276, 25.566912431353323, -0.276100359689, -0.840787383541, -0.465666368829, -0.961099347612, 0.245316499655, 0.12691674049, -0.00752564944433, -0.482593400987, 0.875812179594,  
292, 2212541.590173993, 80.83527955605496, 111.1537004301778, 88.50030627935345, 53.69503560130198, 0.535058910133, -0.583439178984, 0.61099156059, -0.0114629695404, 0.718145059618, 0.695799018162, 0.844736978601, 0.379297241978, -0.37756196738,  
342, 430983.6419709385, 46.85875287146279, 117.99191852708647, 69.57658982524732, 12.533050107462216, -0.426462241344, -0.531271367602, 0.732038722114, -0.903036265822, 0.296189099343, -0.311122998251, 0.051531149014, 0.793739725223, 0.606070779105,  
349, 2177195.9754852303, 80.40251576078971, 138.61617746160334, 77.6367649874508, 48.297823991425425, -0.809687728558, -0.453016516027, -0.373070795466, -0.583766349406, 0.686925491931, 0.432839713793, -0.0601883005606, -0.56825118103, 0.820650939032,  
351, 854384.4829846635, 58.86469719589816, 112.02816949892792, 75.0607070137102, 24.256316589693782, -0.931822156938, -0.335960179858, -0.137252414876, -0.357331161786, 0.78325104399, 0.508755582677, 0.0634185198176, -0.52311428927, 0.849899718617,  
366, 2849049.8008815977, 87.9435130942126, 106.5560063883651, 93.98302593442453, 67.91787236109228, 0.58493858442, -0.16836822305, -0.793409726386, -0.0154183804205, -0.980348298227, 0.196671013899, 0.810931024195, 0.102807371476, 0.576039511117,  
376, 287510.9779212935, 40.943843403299404, 81.60149658360578, 63.09983827109495, 13.330285548971714, 0.250466993291, 0.891771506422, -0.376841963701, 0.464475197838, -0.452214322683, -0.761423007897, -0.84942867615, 0.015677585767, -0.527470508597,  
412, 360441.8914303632, 44.14845911011936, 123.52182899808462, 113.82165318630543, 6.1203752162296094, -0.0674993507113, -0.298186933404, 0.952117844807, -0.468320373529, -0.833163538834, -0.294133550101, 0.880976654283, -0.465750008378, -0.0834090181257,  
417, 2150741.863826294, 80.07554314369087, 128.06542164921828, 79.88429525113105, 50.1887509460221, -0.00957924856568, 0.0313578168258, 0.99946231811, -0.508310646758, -0.860889181713, 0.0221382745829, 0.86112050515, -0.507825269293, 0.0241861836108,  
420, 1106598.2557602688, 64.16533371959481, 144.6714863251997, 89.9755822400719, 20.295219980169037, 0.788119610877, 0.603490263158, -0.121107312842, 0.342350480206, -0.266265899647, 0.901054171173, 0.511530671273, -0.751599609472, -0.416454558612,  
437, 641231.350401769, 53.4944482692736, 130.57916852140175, 73.8174552672585, 15.88156036121882, 0.122963794401, 0.213191549985, 0.969241594383, -0.899602656652, -0.388441847069, 0.199569515683, 0.419040529556, -0.89647213814, 0.144023401323,  
504, 415816.94778194034, 46.302509087423545, 127.79236253688812, 49.109670865567445, 15.817638807815205, 0.0713327040969, 0.448933526073, 0.890713385155, -0.391433545382, 0.833952365878, -0.388977159992, -0.917437422867, -0.320908305616, 0.235215719098,  
521, 614928.8095327044, 52.7527871701904, 109.28097286322938, 95.30939065785633, 14.094704831736774, -0.382472050095, -0.600769829753, -0.701990557312, 0.0713167915743, -0.776685516943, 0.62583825627, 0.921210641567, -0.18930192664, -0.339905478677,  
534, 2226302.25976158, 81.00251550317061, 132.6859206570926, 104.62436426899231, 38.28581033408967, 0.833361498538, 0.523616103374, -0.177016352468, -0.220654655502, 0.608796339138, 0.762022664005, -0.506774245359, 0.595980866923, -0.622885760394,  
589, 1660752.7256532933, 73.46358560322378, 117.39687798323585, 78.5441725822094, 42.99776165524353, 0.40933750412, 0.856351078408, -0.314810479861, 0.712980274695, -0.0849358504013, 0.696020854007, -0.569299513101, 0.509361101603, 0.645328856132,  
591, 607349.052797234, 52.535142717426595, 110.4872741968304, 59.16514505385595, 22.18051145748844, -0.938309024626, -0.336192283299, 0.080937772121, -0.134795883661, 0.571148648285, 0.809703211868, -0.318443470734, 0.74884175245, -0.581231266996,  
610, 1225381.0347942235, 66.3836073029408, 91.8303386508855, 81.31078995334833, 39.17853378126854, -0.171167676337, -0.879267675639, 0.444510946045, -0.864089105825, -0.0827833294676, -0.496484579375, 0.473340938196, -0.469079177686, -0.745595789479,  
621, 1563507.2157652571, 72.00076213978042, 124.55945087511776, 74.17688004185919, 40.3985737779708, -0.638428574532, 0.769583912707, -0.0122293304567, 0.0202421517486, 0.0326715025858, 0.999261141149, 0.769414849423, 0.637709317967, -0.0364364551679,  
629, 2791970.5760100554, 87.35224597466969, 122.99883771067098, 100.31654357899733, 54.01926367515228, -0.522062916882, -0.840025905845, 0.147671216984, -0.827349326531, 0.540837825106, 0.151616420033, 0.207227900404, 0.0430223714302, 0.977346240004,  
637, 701857.09676231, 55.12983535108265, 107.36348460457151, 44.49111073537226, 35.077629733600055, -0.865292602393, -0.494978221473, 0.0791534744116, -0.458353567538, 0.845214381008, 0.2748174981, 0.202930331319, -0.201517270735, 0.958232784988,  
646, 453451.56036228675, 47.659274884779585, 105.73635004889023, 44.488011133192714, 23.013092646687817, 0.48783837153, 0.865409338342, 0.114369578007, 0.636456285629, -0.262947801789, -0.725108164357, 0.597442147614, -0.426526822891, 0.679071240452,  
662, 531526.7657514336, 50.25109270265404, 123.46027423664428, 80.20415062368353, 12.814818170580311, 0.0303170676078, -0.280721167884, 0.959310430108, -0.83090560042, -0.54054864145, -0.131920617863, 0.555586859638, -0.793096962627, -0.249640640259,  
666, 2735969.4082753737, 86.76426176451434, 133.13066117466403, 94.0754879161431, 52.15165072943939, -0.964487227362, -0.10725276642, 0.241373636402, -0.26090218888, 0.529274857038, -0.807340184523, 0.0411635286669, 0.841644206184, 0.5384613209,  
668, 1535140.0316090006, 71.56265794098921, 94.71594282082978, 71.82611956663732, 53.87085851487345, 0.104498231769, -0.337186839264, 0.935620198042, -0.933335205125, -0.358146507906, -0.0248288893929, 0.343461081392, -0.870652694421, -0.35213402458,  
701, 1119143.989854144, 64.4069083147308, 88.1170937545743, 71.10442419539247, 42.64229483679806, -0.271065847205, 0.0150975042723, 0.962442399234, -0.885486688104, 0.388127815403, -0.255480183382, -0.377407779026, -0.921481884942, -0.0918395560493,  
707, 3399336.5307873935, 93.27570009113421, 112.52214841973517, 87.90427906305788, 82.04602026554177, -0.0394072066868, 0.159430607788, 0.986422299708, 0.156499631696, 0.97599072108, -0.15149250029, -0.986891552978, 0.14840483033, -0.0634118994699,  
719, 753751.2443140973, 56.45639516434026, 142.49261620183358, 48.13290808646331, 26.23644394046904, -0.99329694751, 0.0635029977, 0.0965843846148, 0.0810793443365, 0.978311369007, 0.190612185324, 0.0823851563709, -0.197165500418, 0.976902477965,  
731, 100448.9634872226, 28.83714648032638, 104.70674707246242, 43.92261877529274, 5.214275298519859, -0.125361183083, -0.364798560859, -0.9226085756, -0.989293307603, -0.0240752446093, 0.143941426034, 0.0747216522014, -0.930775156841, 0.357874673734,  
733, 2035868.8639026852, 78.6237457452953, 118.93408980518092, 74.4275532173827, 54.906163110190356, 0.746748300371, 0.442015355018, 0.496980283131, 0.560786497187, -0.820193858618, -0.1131394664, -0.357610794671, -0.363186536387, 0.860354612542,  
735, 2273900.03088687, 81.57572071275514, 110.80780119335824, 83.48143415414846, 58.68437989588669, 0.726904382092, -0.684413440212, -0.0564646982931, -0.638651915582, -0.643490370194, -0.421952454894, -0.252455441652, -0.342780376224, 0.904857924569,  
759, 568741.2197622652, 51.39750434494721, 135.4011353028146, 84.56471308641646, 11.858086396616896, 0.57767472473, 0.814751147953, 0.0497240315837, 0.759363170758, -0.55875164604, 0.333412916583, -0.299431941024, 0.154845616522, 0.941468718407,  
775, 977006.9627505884, 61.55589967523855, 120.31479751693504, 69.01811740478986, 28.088393199255272, -0.00556386393521, -0.848130365254, 0.529758366572, -0.995787300308, 0.0531864084402, 0.0746917565939, 0.0915242916605, 0.527111078893, 0.844853368665,  
808, 367246.7350772608, 44.424557579285114, 109.87419681858456, 68.56211932726286, 11.638295695396373, -0.275138877483, 0.264797151166, 0.924219166016, 0.95621075822, 0.175160542042, 0.234477654319, 0.0997977152093, -0.948262228103, 0.301395359607,  
815, 359228.2666473779, 44.098853414809625, 130.7838021088778, 46.530472791895875, 14.092578710984187, -0.0333506676086, -0.974296645717, -0.222786397956, -0.998857168004, 0.0248566828273, 0.0408228275143, 0.0342358130837, -0.223893259083, 0.974012175304,  
857, 1086755.4600302698, 63.77949465124808, 139.15790007315104, 72.15531277501694, 25.838484735373648, -0.712569778682, 0.0472578943396, -0.700007858479, 0.665709107994, -0.269491240754, -0.695849017166, 0.221530345648, 0.961842587215, -0.160571303094,  
875, 531216.9395165214, 50.24132704022264, 105.54546320687858, 50.038290541944704, 24.012715278877607, 0.631921866629, 0.553554088908, -0.542450573906, 0.637188185314, -0.769509173242, -0.0429749786692, 0.441209667814, 0.318486268071, 0.838987798527,  
885, 856491.8893948955, 58.91305559022637, 105.73691288083543, 58.01567861728934, 33.3320974094948, 0.0572132078972, -0.0307089625746, 0.997889577288, 0.524915837255, -0.849294621593, -0.0562317484337, 0.849229069593, 0.527025241664, -0.0324712489502,  
888, 1168902.7764751553, 65.34764287607138, 109.34765237175304, 70.1671964960272, 36.37024215911472, 0.624957345451, 0.728855518304, 0.279638963316, 0.638294034247, -0.683312739269, 0.354491785796, -0.449454160301, 0.0430503634073, 0.892265444808,  
912, 1300280.0875196767, 67.70947309117426, 111.18462700364742, 77.85146493725969, 35.86218692633658, -0.149449532021, -0.970877087254, 0.187249883376, -0.893641850595, 0.0515791948621, -0.445806941987, 0.423165547091, -0.233959971156, -0.875324883487,  
940, 941421.3442994232, 60.799285713796344, 107.4514046061827, 79.86823412425083, 26.188417263221957, 0.665163014998, 0.715215717475, 0.214533542727, -0.467701746367, 0.175097682138, 0.866369365891, -0.582076661553, 0.676614572106, -0.450976142262,  
955, 1230338.291530697, 66.47300475202165, 124.32362461184746, 97.86284895840289, 24.1415090289611, 0.634909687359, 0.174621190983, 0.752593601193, -0.432166883699, -0.727190716166, 0.533315522891, -0.640407271611, 0.663853223221, 0.386234934317,  
956, 1862784.3472056743, 76.32930772798395, 111.4552592429152, 79.08014311691072, 50.455202978548705, -0.367167346919, -0.479443651619, 0.797070840189, -0.142049569103, 0.875773288266, 0.461349181725, -0.91924428705, 0.056168785664, -0.389660118876,  
1002, 2397726.8051619357, 83.03038079957882, 132.53952578671462, 84.88846117572182, 50.87647528534524, 0.197130881928, 0.666677858454, -0.718804596839, 0.901128565227, -0.412001087067, -0.13499041887, 0.386143398651, 0.621124574705, 0.681980599706,  
1091, 973928.0609629167, 61.49117000838858, 86.93605445190168, 71.36827535107912, 37.47426655885054, -0.515435286978, -0.304869564649, 0.800862668307, 0.289812425448, -0.941521124389, -0.171891623954, -0.806433644507, -0.143500943831, -0.573648198922,  
1119, 1430735.0301870175, 69.90209636232895, 90.13107855479423, 81.49374554744863, 46.5020131077343, 0.863308474398, -0.282433239845, 0.41824627083, 0.11697545874, 0.918154983298, 0.378560653922, 0.490933009774, 0.277890071208, -0.825688735686,  
1142, 909537.3890222881, 60.10500659052936, 125.87966870973167, 66.88629511027298, 25.789279879189927, -0.00816795001444, -0.384649155376, 0.923026712431, 0.884441166534, -0.433473664598, -0.172813208521, 0.466580226254, 0.814951292636, 0.343740138912,  
1152, 5489640.041610936, 109.4338688038197, 123.31139810392524, 111.41106916890097, 95.39457892677737, -0.472991037425, 0.156184712217, 0.867113495562, -0.62637095476, 0.632523902906, -0.45560173319, -0.619628038059, -0.758630244535, -0.201348569721,  
1154, 1519755.5043147597, 71.32279794261363, 120.34421758831846, 96.15657503607439, 31.3531299153157, 0.255212881663, -0.861137610216, 0.439668512979, -0.450121101749, 0.29662919121, 0.84226012412, -0.85572038587, -0.412859708853, -0.311912619194,  
1180, 801753.7089056717, 57.630287937689666, 107.53622285797114, 70.27159391165132, 25.328984945685377, 0.551289705625, -0.369685903061, -0.747938495833, -0.273998072117, -0.926971865091, 0.256219081658, -0.78803852504, 0.0636827638178, -0.612323271357,  
1185, 1628428.2994884418, 72.9838345390724, 110.04756513301238, 88.16063667645167, 40.070510550396456, -0.431922209969, -0.215830401648, 0.875705682441, -0.450604170044, 0.89272107931, -0.00222631858992, -0.781280414751, -0.395558228685, -0.482840140466,  
1209, 955907.4200524887, 61.1095484267409, 119.14238709122857, 106.50504881925538, 17.984183718015977, 0.922222701244, -0.143004665402, 0.359242195438, 0.0529674427735, 0.967057808938, 0.248985228836, 0.383014019738, 0.210591689878, -0.899417256249,  
1218, 1638497.9367035583, 73.13396111355141, 166.93738743071086, 61.32010614573167, 38.212088865417854, 0.100061480955, 0.38451807383, -0.917678348294, 0.404944017101, 0.82672888087, 0.390563311833, 0.908849846258, -0.410688700153, -0.0729845772972,  
1230, 2494097.3793429476, 84.12820039208367, 104.72213792970754, 91.36066383155668, 62.23390467943267, -0.974456600433, -0.194587232155, 0.112116648876, -0.223087440117, 0.781353146317, -0.582854402749, -0.0258133286266, 0.592978136042, 0.804804698198,  
1276, 2416141.5445476, 83.24239900478288, 123.76822306606425, 104.82416079550893, 44.459360707040986, -0.715476870521, 0.692290545201, -0.0939502462757, -0.410677516843, -0.307966848929, 0.858196013228, -0.565187424585, -0.652602651685, -0.504651319333,  
1291, 3519106.351848818, 94.35855051907564, 113.68730916522868, 93.54146872516839, 79.00009447015223, 0.134863364841, 0.60771832695, 0.782617600053, -0.840023200744, -0.348778631198, 0.415589326898, 0.525521545739, -0.713464716372, 0.463460034367,  
1314, 1991381.030765529, 78.04682712719081, 118.62192655086237, 79.67112379490258, 50.30368960746627, -0.866867127892, -0.250280196232, -0.43116262124, -0.498444248978, 0.418224905237, 0.759368987582, 0.00973207281478, -0.873182542206, 0.48729614686,  
1326, 3620676.25619306, 95.2577592901078, 121.50820954625298, 94.14209818478905, 75.56341721018877, 0.617519606078, -0.775786519493, 0.12971049411, -0.584399189596, -0.342151112893, 0.735805818913, 0.526447645363, 0.530177227085, 0.664654033744,  
1336, 831545.5880619691, 58.33544092240381, 123.81797244968679, 75.0766119536536, 21.355468361973237, -0.174447731759, 0.75549268877, 0.631505175038, -0.739355807283, -0.524074090643, 0.422728444459, 0.650323749468, -0.393163000207, 0.650001443188,  
1338, 3603389.3912912603, 95.10591512249079, 129.56853827393203, 95.89273640488543, 69.23685225342136, -0.0782078013782, -0.956065774304, 0.282527476555, -0.33980898399, -0.240860317106, -0.909129342857, 0.937237106715, -0.167106381831, -0.306042583554,  
1365, 2429234.340468775, 83.39248858491521, 119.68009579180334, 83.048026264295, 58.3484816147867, 0.00595582003281, 0.923993727755, 0.382361241862, -0.283084962072, -0.36516871861, 0.886856646362, 0.959076343393, -0.113522676231, 0.259393850206,  
1367, 1196682.424452118, 65.86127002640161, 115.23794021371249, 92.33062052535522, 26.850295025397365, -0.647719455655, -0.379892083216, 0.660410108853, -0.063563993148, 0.890741086456, 0.450044370784, 0.759222711423, -0.249524191231, 0.601097789423,  
1368, 1554258.8727768012, 71.85851676447771, 136.79202841229727, 70.32140036669125, 38.5732689954622, -0.739783620368, 0.617704886335, -0.266759945332, 0.624161208895, 0.481952260084, -0.614934796796, 0.251282670206, 0.621419900227, 0.742087816405,  
1371, 1141329.25922084, 64.82971522619533, 108.77001197910583, 65.05750076961371, 38.50488138023128, -0.925080179838, -0.0811286156496, -0.371005132841, -0.337390291618, 0.624034094578, 0.704804398345, -0.174340047015, -0.777174109532, 0.604653579729,  
1379, 1667215.762365932, 73.5587599698366, 124.10739603198918, 84.37568427759544, 38.00915606118429, 0.540409226465, 0.679796805007, -0.495816671617, 0.630025104506, -0.717510149871, -0.297064896148, 0.557697261642, 0.151840339615, 0.81603815819,  
1410, 2657092.518408605, 85.92232543280899, 151.1609743874287, 69.95230759273706, 59.98965149083748, -0.509063450407, -0.48453190833, -0.711395272172, -0.85612912253, 0.370369886321, 0.360373518536, -0.0888669174356, -0.792499196919, 0.603363649774,  
1430, 112699.34520623239, 29.964768570404438, 128.91726820373273, 27.807716017950167, 7.505098037779039, 0.156361070955, 0.9872365837, 0.0302513353956, -0.538943958705, 0.05961264889, 0.840229576644, 0.827702014535, -0.147682970906, 0.541386290221,  
1437, 3852189.662799687, 97.24628454973377, 124.29626447188632, 99.41204791927964, 74.42553323298662, -0.104873007857, -0.964271527216, -0.243273660768, -0.992265341522, 0.117796822205, -0.0391586605006, -0.0664164455292, -0.237285335575, 0.969166923334,  
1441, 587896.9539447763, 51.96818312188553, 107.65290829447626, 87.79696319774878, 14.849346430411714, 0.513986763645, 0.619710249998, -0.593107758206, 0.603584088777, -0.752579343709, -0.26326902438, -0.609511160335, -0.222673611974, -0.76086306781,  
1448, 1305778.495362962, 67.80477839383998, 120.26885314753888, 84.72016335884256, 30.594330120315934, -0.861531655243, -0.0847434956624, 0.50058140892, 0.487009198943, -0.416573692292, 0.767651222259, -0.143475597783, -0.905143579126, -0.400162284589,  
1472, 2260776.0114984484, 81.41847726225816, 117.42881010188815, 85.970781797177, 53.46177707950427, -0.18761112891, -0.935541412773, 0.299273001281, -0.817931120966, -0.0199034964779, -0.574971766422, 0.54386647779, -0.352655803603, -0.761474319016,  
1474, 386446.76828546904, 45.185631563725536, 111.21257656010164, 78.20700874532123, 10.607217951581369, -0.877762855837, -0.128587847183, 0.461516559258, 0.0197509364803, 0.952777124904, 0.303027475269, -0.478688071108, 0.275101646336, -0.83377263973,  
1492, 2910409.203851415, 88.57037469252202, 103.73573819461257, 84.88482044468759, 78.90545158881538, -0.315922376189, 0.671473627537, 0.670310539783, 0.908626226072, 0.0107517960352, 0.41747189148, -0.273114323163, -0.740950448008, 0.613515281048,  
1493, 1183348.9823985884, 65.6157470072374, 116.9175622496962, 76.07614317898911, 31.761133522294255, -0.961850291975, 0.177546218404, -0.208137829714, 0.232370419297, 0.931741159529, -0.279038348396, -0.144388379253, 0.316758191639, 0.937451995553,  
1500, 1745804.2372933375, 74.69685404334098, 112.08375525497438, 96.5371821104164, 38.51852454317189, 0.629202477481, 0.592978421789, -0.502474709438, 0.678583890389, -0.734329246415, -0.01686598836, -0.378983041884, -0.330359121491, -0.864427385506,  
1506, 808712.4787152333, 57.796540662069326, 116.67728767081391, 69.32495031829522, 23.868748223112107, -0.986290872991, 0.154151945214, -0.058885411103, -0.10591746765, -0.317745939688, 0.94224148065, 0.126537756819, 0.935561166145, 0.329717303915,  
1510, 2147973.0007408033, 80.04116532676022, 114.9233295199499, 82.73241337273281, 53.933215766399975, 0.722982983163, -0.589342490125, -0.360514958622, -0.544309575836, -0.807276157972, 0.228105875467, 0.425467615348, -0.031315077888, 0.904431685749,  
1538, 2887455.7427379536, 88.33691786227786, 121.63196457279645, 89.82054525920056, 63.096216567822665, -0.198425018924, -0.886366619929, -0.418308172213, -0.653003904784, 0.437827992902, -0.617974553657, 0.730899043782, 0.150535257354, -0.665676891662,  
1545, 974587.9079826908, 61.505053855687635, 115.25650936877875, 56.269935403066995, 35.874886047068976, 0.0656164031996, 0.307562617289, 0.949262726582, -0.251462830009, 0.925706669421, -0.282548415876, -0.965640167327, -0.220164480868, 0.138082108214,  
1548, 1024981.1592650799, 62.547375460002336, 110.3575419142753, 53.807511176295854, 41.20807716162566, 0.911222844268, 0.335010779683, 0.239667906864, 0.237024265202, -0.902307314569, 0.360084723058, 0.336886369254, -0.271310316005, -0.901608721475,  
1549, 3752569.569897805, 96.40066897912568, 139.85884468393863, 105.26487306733196, 60.85086213439214, -0.388474472815, -0.485229931486, 0.783351452135, 0.773459728151, 0.290361602595, 0.563427181335, -0.500846915633, 0.824767878453, 0.262507740404,  
1559, 377323.28804007603, 44.827205595860576, 139.4328345077625, 42.05585796039429, 15.361493717847539, 0.647556092226, -0.699481402301, 0.302319161245, -0.554735464915, -0.160722375383, 0.816355855014, 0.522436284523, 0.696343367805, 0.492103894241,  
1572, 1186167.940810277, 65.66780867927288, 122.51702477199854, 84.3120212133217, 27.413950869113044, 0.733257609624, 0.60828019299, -0.303856026344, -0.212894518292, 0.629795317767, 0.747016587366, 0.645762496596, -0.483066314843, 0.591301727931,  
1573, 3160558.7725798762, 91.03849867967854, 113.99098312661451, 88.3091392901425, 74.95474141110745, -0.96943571929, -0.212645276269, -0.122377990849, -0.0573650956964, -0.288516194303, 0.955755016425, -0.2385448217, 0.933563276969, 0.267499487728,  
1580, 1507077.4204379946, 71.12391451107327, 112.85549159625796, 77.81820932683708, 40.96783596415441, 0.841145345993, 0.272032123372, 0.467410987, -0.282743929642, -0.515546339564, 0.808868247623, 0.461010170349, -0.812533381232, -0.356733972617,  
1582, 1094315.1608843443, 63.92704094242008, 106.57487424978255, 67.21815566378466, 36.46803691893061, -0.392562003303, 0.110724822147, -0.913036191683, -0.0578867648684, 0.98778406754, 0.144678119863, 0.917902062322, 0.109647843912, -0.38135699064,  
1587, 1368897.4004953182, 68.88015194827197, 107.02765823240328, 61.32638079742234, 49.789633670848175, -0.945602113123, 0.321109596385, -0.0522041259457, 0.30297472663, 0.810772881315, -0.500852922471, 0.118502990174, 0.48942411264, 0.863956642018,  
1589, 1362704.5949936446, 68.77612509889039, 122.96104764968123, 59.15392744588823, 44.72619695902568, -0.587180408546, 0.0815413814363, 0.805338544299, 0.0551044086593, -0.988578438234, 0.140271791908, 0.807578276061, 0.126742552334, 0.575980601637,  
1591, 2115879.1934504593, 79.64051985177608, 101.99360087002522, 93.8929210440207, 52.74684447615165, 0.981427530252, -0.0833704866006, -0.172769687237, 0.0965204916774, -0.563713584616, 0.820311397706, 0.165782380096, 0.821752004247, 0.545197070761,  
1605, 2091451.550666718, 79.33285181877791, 122.82680758586547, 100.8421463466488, 40.31103548927514, -0.834467386041, 0.421416488366, -0.355066648627, 0.55041340084, 0.606266010082, -0.574009244869, 0.0266321198858, 0.674425435725, 0.73786249521,  
1615, 2764184.0623831567, 87.06149418694622, 119.65594988673718, 99.86914632755287, 55.22207391879486, -0.359048384283, 0.932756472411, -0.0323978536193, 0.921970511502, 0.349072159994, -0.167687217871, 0.145102149067, 0.0900776903144, 0.98530775702,  
1624, 3398509.864412775, 93.26813840613436, 154.63388020827222, 90.03953899738353, 58.272279751263966, -0.909717360716, 0.223123434165, -0.350186031616, 0.35397640252, 0.857592541234, -0.373143055247, -0.217059968837, 0.463412307073, 0.859147253724,  
1632, 1206617.317788898, 66.04302870744728, 107.00109000661115, 69.33015893240713, 38.830282242656644, 0.698716233953, 0.524367147755, -0.486656674429, 0.662838678144, -0.218584968677, 0.7161462827, -0.269147749698, 0.822957900396, 0.500299693193,  
1661, 2173556.2195064803, 80.35768611593457, 130.96249037068017, 84.2178662606198, 47.04691053362564, 0.527009068942, 0.822881906243, 0.212430717248, 0.24075784714, -0.384277717479, 0.891272289982, 0.815044232109, -0.418564217566, -0.400633118301,  
1664, 479647.86271556845, 48.559920616705966, 94.89247866827385, 55.61258012490729, 21.698467848024777, -0.0750981118853, 0.995168277582, 0.0632485010597, 0.971348839664, 0.0586635143257, 0.230304198334, 0.225481053028, 0.078731768569, -0.971061070862,  
1665, 2366550.0060566575, 82.66893805054356, 111.23046468312249, 76.079393914626, 66.76306720920961, 0.281820562085, 0.925436145829, 0.253268850789, 0.764342452632, -0.376103752657, 0.52376195198, -0.579963607385, -0.0459772468816, 0.813343904433,  
1667, 2306574.8019245593, 81.96459764685103, 99.14060755252173, 76.49336346399771, 72.6111977058565, -0.920325331334, 0.327904691606, 0.213259929963, 0.39097261226, 0.787744561265, 0.476024077815, 0.0119038215308, -0.521475809046, 0.853183028202,  
1680, 543993.2184768609, 50.640924490865046, 77.43955388351297, 52.78360382059709, 31.77188599328709, -0.00929886098198, -0.729509722447, 0.683907227655, 0.999881068391, 0.00163190616713, 0.0153357736904, -0.0123036684309, 0.683968494696, 0.729407785814,  
1694, 471269.506515006, 48.27551440147758, 118.44551953268844, 41.91992587056526, 22.659044230130107, -0.790476380534, 0.574711154929, 0.211788054944, 0.588845278978, 0.617926753965, 0.520987297503, -0.168547706131, -0.536538549533, 0.826872454266,  
1709, 2414678.821473933, 83.22559740122244, 141.74271224848732, 91.32787575530507, 44.53143279376439, 0.574270750229, 0.635818248735, 0.515701716118, 0.73788744269, -0.674844609484, 0.0103380351579, -0.354591634633, -0.374592989291, 0.856705821751,  
1711, 1983179.8633717287, 77.93953880477567, 93.77923604522115, 75.19140753555881, 67.1426672484132, -0.847912358197, -0.430798784626, -0.308961227311, -0.119110451044, -0.413084921299, 0.902869618631, -0.51658235865, 0.802354818618, 0.298947172209,  
1714, 1885950.7591289415, 76.6444266988733, 125.79602601288362, 87.29468540871899, 41.000298091545375, 0.485959382157, -0.870982568548, -0.0723384004443, -0.827482639594, -0.485163673818, 0.28264587522, 0.281275594507, 0.0774956443476, 0.956492794036,  
1716, 1446634.256279326, 70.16007509862594, 98.95715362318658, 79.11851570090468, 44.11078734578043, 0.141294110729, -0.816040256099, 0.560458985742, -0.708987997671, -0.478533922288, -0.518016702798, 0.690921119544, -0.324165984713, -0.646176772194,  
1720, 995125.9299185803, 61.93409717069009, 142.30075544171157, 55.249768622548515, 30.217029196041427, -0.215721374147, 0.678717978832, 0.702001562638, 0.328510906527, -0.626574612507, 0.706742413652, 0.919535139638, 0.383074614366, -0.0878007220864,  
1725, 1335618.0013197374, 68.31738244440004, 105.67034931094985, 64.9702292524709, 46.4436252621065, 0.562758620487, -0.180125473565, -0.806757428749, -0.519747147288, -0.836016741569, -0.175894601115, -0.642779618496, 0.518296075221, -0.564095329229,  
1727, 776602.3007010033, 57.0212440008692, 116.8540464988584, 66.65717002050076, 23.802328028589955, 0.0939237907678, 0.932495584909, 0.348755366485, -0.480691143245, -0.264291624235, 0.836113606016, 0.871845368362, -0.246174575218, 0.423419097565,  
1734, 1834665.8999036727, 75.94329914028503, 100.7263648171925, 79.85127565116439, 54.455701936017505, -0.0985569658313, 0.761574179305, 0.640539845678, 0.275718777233, -0.597576047763, 0.752915681216, 0.956172411423, 0.250813948087, -0.151085019369,  
1736, 917618.7496253282, 60.28249561039055, 142.81870306491305, 59.33076964606843, 25.852860486955603, -0.240040609826, -0.963816073481, -0.115927055228, -0.970583558259, 0.240573886973, 0.0095792141445, -0.0186564217178, -0.114816294167, 0.993211536644,  
1760, 1681047.2776706335, 73.76161882058594, 95.9047928958108, 78.45701478239883, 53.33585076546408, -0.978970143541, 0.0566582301755, 0.195977812542, 0.0768574346125, -0.787440627305, 0.611580079151, 0.188971936541, 0.613780989786, 0.766526257722,  
1762, 1821629.3407793886, 75.76299499883481, 114.73454577561105, 65.86020690056593, 57.551164034289734, -0.686889093013, 0.145111633983, -0.712127788801, 0.233575333298, 0.971957081585, -0.027239589403, 0.688204865992, -0.185046062479, -0.70152121649,  
1775, 2008962.0697611186, 78.27583502966971, 127.76407001056675, 88.79078545455089, 42.27722681292933, -0.353013464182, 0.516099474877, -0.780399145398, 0.918826150907, 0.348550155789, -0.18512507477, -0.176465289831, 0.782402786889, 0.597248591923,  
1788, 909683.5275875976, 60.10822551227473, 105.4392351266147, 64.26929105537997, 32.04763349103414, -0.689606298439, 0.259459053481, -0.676109571534, 0.708444350706, 0.435293369212, -0.555541433804, -0.150165758765, 0.862090878206, 0.483993349756,  
1794, 1574217.9334917972, 72.16480051207202, 135.21976266262303, 61.7166728389398, 45.0332791577639, 0.662626028945, 0.218404230481, -0.716398169926, 0.548817716221, 0.509291305521, 0.662888739144, -0.509633064201, 0.832419340374, -0.217605564368,  
1798, 1398434.8963483565, 69.37205309476781, 99.705878742767, 80.50899436775735, 41.589957452991754, -0.500091666842, -0.848175950578, -0.174659330169, 0.725438655026, -0.520470219517, 0.450388175234, -0.472913398572, 0.0985307437131, 0.875582440433,  
1800, 1469880.4638480477, 70.53388457909212, 98.21967822627005, 79.2430567542384, 45.08516688447494, 0.181190124591, 0.953785500316, 0.239715160426, -0.967881995561, 0.129747288334, 0.215337139942, 0.174283049718, -0.271032951055, 0.946660740722,  
1808, 4212382.8509934, 100.1873929327603, 132.93435280715823, 101.9457684279406, 74.20493644274976, -0.938591356929, -0.123506866415, 0.32216815275, -0.344184209638, 0.400523792565, -0.849186623437, 0.0241556315211, 0.907924416203, 0.418437283148,  
1811, 710365.0565127954, 55.35170379549185, 122.82826736483723, 65.16693660303659, 21.186896695704185, 0.84590873707, -0.0826586875941, 0.526883241254, 0.467657679882, 0.589884670406, -0.658279856951, 0.256387798064, -0.803245676606, -0.537644566622,  
1812, 3146754.850682396, 90.90576663016533, 120.65448735457058, 91.59712785598758, 67.97496087224556, 0.419002665592, -0.130303491287, -0.898586538061, 0.246607890321, 0.9687800301, -0.0254912085156, 0.873854286857, -0.210917646105, 0.438055284072,  
1822, 387580.37945688114, 45.22977126268007, 120.27145993768566, 54.12948408276723, 14.212703751486554, 0.726552052291, 0.504462995286, -0.466518168669, -0.378064335125, 0.860439647742, 0.341629874426, 0.573750358446, -0.0718380051264, 0.815873658848,  
1823, 1836046.766957075, 75.962347349747, 142.1266663272313, 68.73143827076768, 44.87083261829842, -0.745344470409, 0.142254589799, 0.651325764968, 0.13929738129, -0.922175991833, 0.360815298529, 0.651964615601, 0.359659661024, 0.667523084422,  
1832, 859749.9573915377, 58.98766220162576, 82.5888247149749, 60.98932559891348, 40.74820071133194, 0.308724173979, -0.358602666419, 0.880961697259, -0.365551154318, -0.899804357874, -0.238168996993, 0.878101211694, -0.248508038479, -0.408878975779,  
1841, 697119.1424638805, 55.005502057907684, 143.68014844214946, 91.75182185778175, 12.624289189329199, 0.460862354004, 0.768807625407, 0.443329139328, -0.309069570358, -0.329230845157, 0.892234863293, 0.831914593778, -0.548217006041, 0.0858849401624,  
1842, 1034170.0017067188, 62.73372977776729, 94.94705072009003, 77.97719641482983, 33.346805086850786, 0.771468831368, -0.207087605085, 0.601623275853, 0.110739321116, 0.974821481391, 0.193545555818, 0.626556178636, 0.0826910106278, -0.77497712984,  
1844, 3037977.1982861273, 89.84597656570135, 118.24268337241939, 101.87910999190096, 60.20554350356917, -0.420203783131, 0.757056137915, 0.500294697842, 0.257614055032, -0.42912253433, 0.865730240422, -0.870094120939, -0.492666068018, 0.0147093892231,  
1847, 2391455.9596870323, 82.95793367233655, 153.56119898021043, 103.40567938142838, 35.954056080178106, 0.616068809092, -0.334111977551, -0.713322093391, -0.651835858931, 0.29217498894, -0.699816968107, -0.442232105885, -0.896104325564, 0.0377862703836,  
1848, 2163529.776872394, 80.23393442167763, 121.40713000172762, 84.03075456646006, 50.6281212339735, -0.473351531581, 0.87263218441, -0.120213968745, 0.87823747875, 0.456969405335, -0.140988983633, 0.0680974189553, 0.17231376416, 0.982685457414,  
1856, 2890732.976258008, 88.37032573368936, 125.72841585463745, 96.52064615184872, 56.86770517964809, 0.0160784709134, -0.0809507897398, 0.996588406722, -0.627622877359, -0.776713734429, -0.0529650692999, 0.778351467262, -0.624630086043, -0.063294936768,  
1859, 1769549.7792413018, 75.03399298300486, 118.83573337457342, 83.82044306063489, 42.410869090415545, 0.585273553934, 0.461033929981, -0.667010181685, 0.599159217528, -0.800163247929, -0.0273314601553, 0.546317763867, 0.383648917722, 0.744547116585,  
1861, 925581.3817067744, 60.45636068894262, 136.75521784479943, 49.72149591859729, 32.49659880847293, -0.688633982563, 0.107740462266, 0.717060130567, 0.71002433514, -0.100469566258, 0.696972962004, -0.147134909412, -0.989089409026, 0.00731159254979,  
1867, 1637279.7628812923, 73.11583232160102, 130.78524877408853, 97.57600487480634, 30.62897682632381, 0.701663313034, 0.565290381459, 0.433722699167, 0.659136450281, -0.746144719047, -0.0938466736229, -0.270569279583, -0.351731208266, 0.896145870982,  
1872, 1221601.444036591, 66.31528535034536, 116.21730718347374, 77.91676046752906, 32.20618120202295, 0.226786544635, -0.674315348524, 0.702756482658, -0.864478118902, -0.471721825825, -0.1736551208, 0.448603884415, -0.56813495737, -0.689911026946,  
1875, 577048.4330412002, 51.64653847071315, 123.89505705422562, 86.84127753799213, 12.803935358775034, -0.812462823235, 0.291777173975, -0.504747700944, 0.0818228772915, 0.914253947483, 0.396793064789, 0.577242737168, 0.281079704461, -0.766671391228,  
1879, 176947.2181611699, 34.827185306047674, 137.35338450442003, 63.19811091250091, 4.866443303862747, -0.443309610798, -0.635019068671, -0.63263525937, -0.0287895038056, -0.695324873827, 0.718118711849, -0.895906107494, 0.336562181864, 0.2899623153,  
1882, 1752608.4992188693, 74.7937717590861, 117.70518262612275, 63.440695039072054, 56.031569326201755, 0.242629101266, 0.291191312531, -0.925385724293, 0.550693780687, 0.743963114257, 0.378490745644, 0.798666062339, -0.601437032558, 0.0201498569862,  
1888, 2019202.8369396813, 78.40861443646043, 88.72142362377792, 79.07547848895412, 68.71016762142511, 0.330680643219, 0.431094546135, 0.839528322627, -0.368993400077, -0.759699083004, 0.535444837479, 0.868616246049, -0.486841653493, -0.0921467390878,  
1890, 1602235.8258523522, 72.59041450784109, 118.47362128018946, 82.00067377456708, 39.37302157094373, -0.996162624884, -0.0475490948725, -0.0734786252007, -0.0853593497299, 0.342367570315, 0.935680622975, 0.0193340683322, -0.938362153101, 0.345112537339,  
1895, 567837.0588468005, 51.37025336744007, 106.38610278945617, 49.63741124444965, 25.670900295029348, -0.96837136511, -0.244321314247, -0.0506359026788, -0.0628010181877, 0.0422561325815, 0.997131110423, -0.241480705958, 0.968773200839, -0.0562632560919,  
1900, 381972.57639240724, 45.01057125925274, 104.94211986750213, 75.37933812590785, 11.527666988005043, 0.628165661185, 0.469013662657, -0.620833380504, 0.581945736417, 0.246434596698, 0.774989773749, -0.516475616049, 0.848113302449, 0.118138749931,  
1904, 1091886.6723469114, 63.87971726045846, 91.1190163587045, 56.16560365388825, 50.934201482151934, -0.81861622491, -0.307162577133, -0.485302614379, 0.168709582733, -0.936298545476, 0.308029398651, -0.549003235881, 0.170282661914, 0.818290450906,  
1916, 2114795.9463372887, 79.62692659150181, 90.42687141480118, 78.82170167610829, 70.8331487572692, -0.0439049391654, -0.25654121528, 0.965535582555, -0.931293843911, -0.339314965328, -0.132503322965, 0.36161323622, -0.905014894445, -0.224017651589,  
1924, 2683577.425501698, 86.20686269265953, 129.117699411233, 85.4765284146131, 58.04874917911364, 0.797375281542, -0.0678223324935, 0.599660563653, -0.372442256194, 0.726552922267, 0.577414597101, -0.474846739682, -0.683755060208, 0.554075438414,  
1933, 2205988.761230733, 80.75539803626482, 123.3924995309357, 103.27845527771623, 41.32531673629183, 0.45462887959, 0.247953883556, 0.855471480221, 0.864778967273, 0.107062513366, -0.490606722328, -0.213236768885, 0.962837727689, -0.165751592855,  
1939, 1495485.0852308362, 70.9410848598072, 107.72970441285443, 88.43420776787036, 37.474661527230225, -0.349354933695, -0.2067099692, 0.913904874118, 0.647708805779, 0.651521028818, 0.394960316898, -0.677070478769, 0.729925569932, -0.0937242185302,  
1943, 2138830.37133038, 79.92744145271821, 110.18636374254135, 90.24427485229494, 51.34997333514237, -0.176482545149, -0.212235514575, 0.9611503512, 0.94696333551, -0.303015503861, 0.106967497956, 0.268541155984, 0.929052038786, 0.254456198137,  
1949, 3484685.8178833146, 94.04990030337702, 126.27999612324646, 104.0617797188509, 63.30663206390649, 0.0358316717115, 0.995999646064, -0.0818583920172, -0.884177068989, 0.0697720357895, 0.461912084379, 0.465775699212, 0.0558262309589, 0.883140096452,  
1954, 2401741.850100321, 83.07670033906348, 108.30125639530011, 86.0413247814935, 61.53144765399397, 0.0166596786423, -0.634684770716, 0.772591545986, 0.965306701467, -0.191173329384, -0.177864359089, 0.260586698067, 0.748750959902, 0.609480576259,  
1956, 589013.6672265104, 52.00106691988373, 95.41613624155026, 56.99882709294168, 25.855266434160757, 0.13034028969, -0.596677492272, 0.791825346335, 0.887710534902, -0.285455183717, -0.361227551985, 0.441566999568, 0.749994205514, 0.49247058449,  
1960, 380214.62240764947, 44.94141427659813, 112.36664418517766, 84.71020327975158, 9.53601819277185, -0.207231486693, 0.939941408845, 0.271229163001, 0.446436522698, -0.15583472378, 0.881141288368, 0.870488105677, 0.303686823559, -0.387330312617,  
