# Void_ID, Void_Volume, r = (a*b*c)**(1/3.0), a, b, c, vector_a, vector_b, vector_c 

9, 611428.5308885694, 52.6525040612145, 136.27411286133542, 41.20396356918627, 25.99589253243641, 0.0943601057422, -0.355497758898, 0.929901883998, -0.841747595976, 0.470250395899, 0.265189648791, 0.531561054925, 0.80776599865, 0.254866506845,  
10, 1524732.5530050024, 71.40057146949329, 113.85058605509215, 90.79766403409421, 35.21235869878595, -0.660151135777, 0.749352426246, 0.0516857737917, -0.29360715521, -0.32076790668, 0.900501409468, -0.691372053487, -0.579291715221, -0.431770532035,  
14, 2230721.9440471693, 81.05608248828715, 140.34690948538804, 91.74305287407245, 41.36002463740296, 0.388392374963, 0.669325025143, 0.633368276588, 0.423326137205, -0.740105616284, 0.52253101181, 0.818502501297, 0.0651742852874, -0.570794155461,  
21, 1998521.694178569, 78.14000221717956, 105.70074446232276, 74.28542234668015, 60.76291701776914, 0.516589076102, -0.739609051697, 0.431409523654, -0.469425843136, 0.176733590651, 0.865103817892, -0.716083168527, -0.649417961396, -0.255892960374,  
25, 627381.308419465, 53.10649698991007, 128.81067937626457, 74.88549205565161, 15.527209320626785, 0.534591841627, -0.797884159312, 0.278554179982, -0.647058046663, -0.174414467255, 0.74222333422, 0.543624362143, 0.577027262728, 0.609517916844,  
33, 754769.7502438866, 56.48181260969881, 121.97720377791676, 71.18420437660593, 20.752172473132717, 0.181332987119, -0.792569922934, -0.582195212144, 0.760001213735, 0.48864962741, -0.428508689239, 0.6241125723, -0.364766307234, 0.690962399993,  
36, 2215979.426614963, 80.87712504613005, 104.63238524882333, 82.13715151158881, 61.55613611852876, -0.144766987206, -0.0602734943329, 0.987628282957, 0.988871007149, -0.04341636521, 0.142299509667, -0.0343023415351, -0.997237246152, -0.0658879674323,  
40, 1068651.6012264045, 63.42334993994863, 125.52523365818847, 57.790039066207406, 35.16928223969961, -0.988224972785, -0.0280757843255, -0.150409951464, -0.152273013219, 0.276687584143, 0.948818691967, -0.0149777371418, -0.960549702574, 0.277704764587,  
47, 2781078.7204989707, 87.23850696002434, 114.9126580572907, 80.15992419224085, 72.07746509772731, -0.906956924593, 0.321879626442, -0.271703225994, 0.0586721058175, 0.735281041277, 0.675218019856, 0.417117154925, 0.596452258291, -0.685753587411,  
50, 1241768.348901541, 66.67821916898258, 109.50913621386347, 104.11747693488873, 26.00027778845324, -0.672098396905, -0.637383354998, -0.376863640658, -0.64130674281, 0.755486584925, -0.134036120597, -0.3701478171, -0.151599732093, 0.916519565926,  
51, 659458.399870302, 53.99658141987214, 113.12533564420121, 56.33976167760439, 24.701533115511797, -0.441317454493, 0.255616875555, 0.860173771566, -0.115240088843, -0.966776887181, 0.228171366163, 0.889920573019, 0.0015695046476, 0.456112826362,  
54, 1740898.8153438023, 74.62682646729044, 95.55704971486388, 80.93323421840567, 53.73970672365422, -0.943961115138, 0.0789535398992, -0.320474260502, -0.150072337199, -0.967464900801, 0.203690842519, 0.293965485584, -0.240370556134, -0.92509798888,  
68, 152983.01945605196, 33.178102132620495, 112.79932002904195, 30.846475884430983, 10.496453425411017, -0.892544727522, 0.274142807228, 0.358063724243, 0.406580126319, 0.832671312844, 0.375966867754, 0.195080778797, -0.48114883977, 0.85465740723,  
71, 1391624.3062028163, 69.25925230205083, 143.4726578497618, 81.30914634365703, 28.479007570271012, 0.439179959261, 0.619529141071, 0.650618633877, 0.828002338429, -0.56014265497, -0.0255408229694, -0.348615964837, -0.549930767867, 0.758975005922,  
81, 373322.243734493, 44.66819664129065, 118.2766666188523, 45.76972420088618, 16.46333768526614, 0.142843680447, 0.51843071224, 0.843104548418, -0.630179196771, -0.60921801371, 0.48138092165, 0.763197132406, -0.600069169661, 0.239681306548,  
84, 838858.5981012553, 58.50595197574226, 127.39618558024993, 79.62581437767894, 19.741940517915378, 0.500031982478, 0.865096982478, 0.0396891346265, -0.000642349335538, -0.0454595272498, 0.998965974781, 0.866006699678, -0.499540431087, -0.0221755230614,  
86, 2083748.366680935, 79.23533304455216, 106.44040986449473, 81.14421071204305, 57.59603469939905, 0.833757239725, 0.502338038983, -0.229140480484, 0.454756591066, -0.38942538359, 0.800964614386, -0.313121874177, 0.772013189788, 0.553127767072,  
106, 1050394.324439544, 63.06008992503043, 135.73438466894424, 56.013513941810174, 32.98230931208781, 0.134782000564, 0.287755764521, -0.948172153308, -0.715042670539, 0.690692456648, 0.107971800195, -0.685964861806, -0.663430893398, -0.298850561407,  
110, 620007.8894537428, 52.897628492761, 90.05776140301491, 78.22627310727215, 21.01042412281669, 0.957658857006, -0.0778834954922, 0.277170840329, 0.0382834726784, 0.988614166264, 0.145521153042, 0.285348715292, 0.128748558799, -0.949736763155,  
115, 641430.5043310387, 53.49998580618812, 91.56453821164509, 70.0174241854819, 23.885127346643156, 0.59002696225, 0.787154338274, 0.179600199204, 0.604205639849, -0.578033801374, 0.548463735578, -0.53554059472, 0.215092938531, 0.816658618519,  
127, 2851340.360820108, 87.96707485948208, 129.09592694771422, 85.13347053985304, 61.93663034041377, 0.1493233778, -0.950048527201, -0.274062629349, 0.495024733974, -0.16810626041, 0.852461610845, -0.855951541617, -0.262960227362, 0.445195324806,  
136, 1240771.1351327302, 66.66036553163671, 122.8013758145906, 59.4111885881529, 40.60052027209679, -0.616422184926, 0.678683074975, -0.399265542807, 0.786142807543, 0.559263926325, -0.263065290109, -0.0447568551063, 0.476039015684, 0.878284509409,  
137, 1649283.2092580143, 73.29407632588494, 103.10340669153254, 87.08558343263768, 43.851792183003234, -0.737095092596, 0.428969980057, 0.522183474155, 0.632354792019, 0.165264210934, 0.756845530868, -0.238365772464, -0.888072348851, 0.393076661382,  
143, 2648080.6638046764, 85.82507671054834, 159.8442185147657, 72.03401462055265, 54.904513597711535, 0.711226205377, -0.669024464762, -0.215785890029, -0.607605800323, -0.430697397079, -0.667319221634, -0.353514463917, -0.605727676188, 0.712826420738,  
145, 2049174.1781965713, 78.79465441968752, 169.18085451432793, 65.96977788382311, 43.832276731053454, 0.237044844447, 0.44511019652, 0.863531501843, 0.769214194964, -0.62891604048, 0.113022724675, -0.59339638016, -0.637449234827, 0.491466386472,  
146, 2548065.4091931107, 84.73067268008053, 102.36447296594562, 83.18353383882257, 71.43899591138492, -0.989709227484, 0.063105754225, 0.128426277747, -0.00474236308665, -0.9114738048, 0.411330783137, 0.143014527321, 0.40648882758, 0.90239330562,  
156, 2972261.1884521, 89.19341392205207, 143.5676926859746, 80.09795135328828, 61.70498230122793, 0.0655891556989, 0.784124136469, 0.617128350719, -0.839506054736, -0.290940673336, 0.458893352165, 0.539377091391, -0.548181414502, 0.639194407108,  
157, 1107501.1652214609, 64.18278050198542, 100.0985982666253, 61.19170538023106, 43.16532644984626, -0.597164063684, -0.799847765318, 0.0603210855336, -0.783694921835, 0.597820927244, 0.1686191224, 0.170930835528, -0.053419951935, 0.983833806189,  
160, 1204790.4174430352, 66.00968066514984, 109.36733715486595, 69.33819592726311, 37.92824252683013, -0.836773609006, -0.5445448319, 0.0572787335987, -0.547242852894, 0.835215010383, -0.0542323371097, 0.0183081191824, 0.0767255660328, 0.996884145871,  
163, 1591239.7735624097, 72.42397188363648, 124.72042683339546, 62.49928068983039, 48.73426368224613, -0.488082499756, -0.656533159935, -0.575099715995, -0.870130632005, 0.417492437569, 0.261863987251, -0.0681773912526, -0.628223108838, 0.775040365945,  
167, 1979713.2025307803, 77.89409872834298, 137.96206463201807, 76.88704501793335, 44.55544801157674, 0.444675100408, 0.0564424661384, 0.893911798274, -0.41352241561, 0.898220866116, 0.148991568429, -0.794520778121, -0.435905406815, 0.422756678769,  
170, 3104778.6225977456, 90.49974247716126, 118.42549468219427, 96.7003144075284, 64.72453462870132, -0.666044200542, 0.408265282779, -0.624263231179, -0.38737676915, 0.525878848188, 0.757225643881, -0.637435770605, -0.746170822202, 0.192106070824,  
175, 2796164.340828733, 87.39596079872082, 117.66066165347728, 105.33517111822428, 53.8603774035311, -0.637050901084, -0.759113954013, -0.133836296464, -0.169541162897, -0.0313859429449, 0.985023206158, 0.751945439186, -0.650200682411, 0.1087066193,  
177, 4464873.831836736, 102.15042878076838, 137.7237113591426, 102.92926120434609, 75.19223757500315, -0.923308798263, 0.366706705152, -0.114136126824, 0.157232359709, 0.632059841531, 0.758800594217, 0.350398128005, 0.68266137222, -0.641244573287,  
178, 1992668.7242316871, 78.06364606394374, 136.16076033455454, 82.36563688382607, 42.417831864304084, 0.24784002507, -0.59049560391, -0.768043139241, -0.819196507461, 0.295491708272, -0.491529991461, -0.517196678389, -0.750999062653, 0.410497264008,  
181, 1822579.2757942895, 75.77616222475584, 118.90692002452217, 106.76982059178845, 34.27221514275685, -0.943690553912, 0.265588108674, 0.19725895414, -0.316639476056, -0.897849329592, -0.305951014958, -0.0958518683204, 0.351183054662, -0.93138761075,  
185, 4113382.059417908, 99.39628364601916, 113.50251497557079, 105.12329630527718, 82.30116543917853, -0.703733555471, 0.471046925167, 0.531858888423, 0.296275287911, -0.485835269742, 0.822304715083, -0.645739914112, -0.736260066122, -0.202339018375,  
196, 1532919.4988989895, 71.52813689855196, 100.32839169717482, 91.29657767664, 39.95327557978788, 0.954264834007, -0.298544820366, 0.0157992661305, 0.220126964686, 0.737404980946, 0.638574986587, 0.202293712201, 0.605891809078, -0.769397406868,  
208, 853901.1671298445, 58.85359539947452, 112.78949388988534, 99.8873188227134, 18.094225316485023, -0.618188191724, 0.264772014734, 0.740094007425, -0.759812272889, 0.0398620315516, -0.648919354317, -0.201317335517, -0.963486792154, 0.176534789109,  
210, 1146518.623855151, 64.9278220112124, 117.00593243353822, 83.97319656190811, 27.857615317909268, -0.992047381014, 0.0376324049569, -0.120107434909, -0.0771631185887, 0.572053048674, 0.816578938396, 0.099437653597, 0.81935286147, -0.564599895012,  
211, 152036.57887599946, 33.10954097053541, 111.41094851392525, 55.84683416355722, 5.833551666104666, 0.378555631642, -0.494531081813, -0.7823903392, -0.794273881576, 0.260425909267, -0.548914699046, -0.47521009543, -0.829226962239, 0.294207427333,  
224, 1732009.9082056773, 74.49959656629481, 153.32656106432745, 83.98145106299924, 32.11152961909462, -0.106398873271, 0.9328338875, 0.344238606345, -0.0494639333452, -0.350740814753, 0.935165333064, 0.993092442356, 0.0824731422806, 0.0834600607332,  
228, 3709681.1256040405, 96.03200367619142, 122.68556558845286, 112.10295534380639, 64.39281924558165, 0.823978611416, 0.543336080073, -0.160764274701, 0.541739076724, -0.672267182987, 0.504554860673, -0.166066314102, 0.502834703227, 0.848280166308,  
230, 2283855.586533176, 81.6945985979555, 137.15244054572779, 98.86427494881383, 40.21028062236007, -0.997358901518, -0.0540210987182, -0.0485483517283, -0.0669263440176, 0.943216781154, 0.325365898992, -0.0282149966985, -0.327755739299, 0.944341087382,  
237, 3140888.813720308, 90.8492440311096, 110.47735004161791, 99.3894539105983, 68.28894456893539, 0.218662784173, 0.869755089513, -0.442394248476, -0.970682645288, 0.240249369504, -0.00744597810629, 0.0998087619141, 0.431052577674, 0.896789767072,  
240, 2096365.9291483606, 79.3949405455251, 158.9815416769723, 62.45632167697817, 50.4028827438138, -0.293291975903, 0.503385360925, -0.812762570052, -0.313012789487, 0.752728796427, 0.579156587329, 0.903328738881, 0.424267059098, -0.0632032600133,  
253, 1261449.6131390366, 67.02864388136138, 104.99536459792004, 98.45787026669593, 29.131358329195947, 0.21142959556, -0.87155466884, 0.442368608001, 0.13173211276, 0.473881282765, 0.870679723155, 0.968475181194, 0.125813310379, -0.21500426587,  
254, 2544258.5823189756, 84.68845558376483, 120.48998310623126, 95.02239118577744, 53.05126454997774, 0.0470731085451, 0.971562227483, 0.232058097423, 0.812949219148, -0.172254706703, 0.556275006724, 0.580428884136, 0.162465855324, -0.797939318692,  
255, 1541966.0799474847, 71.66856965080635, 109.91140337922212, 74.29135475940164, 45.082208136510474, 0.792315647735, 0.0911534076022, -0.603263599628, 0.477016338702, 0.523915308648, 0.70566859217, -0.38038313181, 0.846878861258, -0.371624632376,  
284, 1263492.0890491295, 67.06480084601797, 124.29185028439682, 71.57892213707548, 33.90440367283311, -0.954851506888, -0.201087967387, -0.218682942103, -0.115054519544, -0.428351193349, 0.896257615136, -0.273899721298, 0.880953395208, 0.385875702973,  
286, 1861674.1296636087, 76.31414065160791, 114.99889274278368, 85.33814782669168, 45.28748288139802, -0.279199165955, 0.583922953198, 0.762287223072, -0.66513191415, 0.45496236316, -0.592122271907, -0.692565782081, -0.672341604274, 0.261360679241,  
289, 901829.795813118, 59.93474430830958, 110.91520354543425, 65.67493361917545, 29.55597208158298, 0.398974223646, 0.124550859852, 0.908463897013, -0.344223551761, -0.897930994032, 0.274281017153, 0.849899826614, -0.422145725156, -0.315377981879,  
291, 674588.4748505431, 54.406414086551976, 111.44795428353811, 48.69417471256407, 29.675715380056726, -0.706199487332, -0.135892342586, -0.694849304035, -0.650487083292, 0.512029413947, 0.560974539283, -0.279551137652, -0.848150429157, 0.449991123199,  
315, 598529.2843020366, 52.27960106517506, 95.615702193135, 80.34418239166827, 18.600008399422038, 0.597860448764, -0.325264609634, -0.732643035539, 0.582230541207, 0.804416567946, 0.117989754219, -0.550972304831, 0.4971085585, -0.670307840008,  
319, 570420.0460540025, 51.44802686476807, 106.43661748452745, 69.7790390311709, 18.33538871061476, 0.433264883256, 0.354205672817, 0.828745969692, -0.598936135511, -0.573959782366, 0.558431440559, 0.673466440527, -0.738314641308, -0.0365300412471,  
323, 1173204.4692177011, 65.42770694893667, 99.86596294043949, 84.66650057322657, 33.125008280873026, 0.308733223133, 0.863714474444, 0.39834796795, 0.655766645535, 0.110068683976, -0.746896908155, -0.688951307088, 0.4918152005, -0.532413284036,  
324, 1672500.1815863377, 73.6363954632536, 117.65121858843061, 89.89421159968006, 37.75282080023334, 0.850937788345, 0.26410688026, -0.454040126162, 0.193763775569, 0.645606851318, 0.738679492614, -0.48822175253, 0.716546822846, -0.498196919928,  
327, 1659649.208621243, 73.44731059749998, 98.83668627877424, 68.47062475652672, 58.54707828064598, 0.507018383388, -0.198263654431, 0.838822914707, -0.549396850222, 0.675535516321, 0.491746751037, -0.664150178704, -0.710171309981, 0.233583498148,  
331, 813237.5583444458, 57.904138714375875, 113.52880162377289, 85.18074405369966, 20.076191774452315, 0.014613581731, -0.0396686435339, 0.999106021376, 0.27740920277, -0.95982608266, -0.0421666368572, 0.960640711946, 0.277777410467, -0.00302205012874,  
337, 1567352.8279173707, 72.05974498333927, 110.59286153756086, 82.81614919665209, 40.85413638883772, -0.0648508518231, 0.389173980212, 0.918878653656, 0.898226043638, -0.378379613912, 0.22364892646, 0.434723293083, 0.839864561047, -0.325027964258,  
338, 1515047.4308634663, 71.24907110053711, 131.62105827599927, 75.94445568555702, 36.18396610391064, -0.137454785955, 0.979955569567, 0.14419869449, 0.989010872247, 0.127783543518, 0.0743563082927, -0.0544396582913, -0.152834707055, 0.986751172244,  
339, 1651020.7067038459, 73.31980539735073, 133.18600847777134, 86.26069081074071, 34.307760960553004, 0.952684055478, 0.269453112169, 0.14067021995, 0.233449281974, -0.944993620289, 0.229103667277, 0.194665156575, -0.185424049024, -0.963183990139,  
346, 1306976.9403349608, 67.82551581815217, 121.06791828210771, 77.59078335183392, 33.21544723286849, 0.74615563658, -0.175994208926, 0.642088626612, -0.266580210326, 0.804763075993, 0.530369100704, -0.610071108529, -0.566906015088, 0.553561932032,  
352, 1306095.3898373642, 67.81026304577374, 134.15751641987526, 76.48539993329189, 30.387343521763995, 0.0176147590709, -0.188182277641, 0.98197614566, 0.431706526702, -0.884430847628, -0.177233040282, 0.90184211205, 0.427047428451, 0.0656604811716,  
358, 1385667.3586704365, 69.16028789573022, 144.87620298259176, 77.3018593608897, 29.53815614759385, 0.491705453711, 0.0114845029917, -0.870685852063, 0.729551763404, 0.540447505692, 0.419130908078, -0.475373507156, 0.841299352063, -0.257362446584,  
370, 989823.6042104546, 61.8239001460512, 85.27742626553913, 56.43227787430366, 49.10294402027643, -0.841963593923, 0.518129506693, 0.150463021381, 0.537907075188, 0.827764897936, 0.159565824057, 0.0418722458333, -0.215283738445, 0.975653435903,  
379, 982164.8213447129, 61.6640324921158, 146.34515981178254, 64.11093781114326, 24.991094252704862, 0.661216104355, 0.745412602034, -0.0845772786871, 0.675159781217, -0.542138935704, 0.500244584399, -0.327035981458, 0.387872952295, 0.861743604391,  
382, 751980.1408409083, 56.41214160061333, 99.34668874220108, 86.00043058916938, 21.01182329860312, -0.271543265318, -0.633358035409, -0.724652919709, -0.124598321705, -0.723472506258, 0.679016046141, 0.954326732984, -0.274672771987, -0.117538738466,  
387, 770166.4348565135, 56.86329120260714, 145.23170662787996, 68.78741635228506, 18.40456425560184, 0.168558391696, -0.985024412969, -0.0362625763597, 0.645000713777, 0.0824047212313, 0.759725964507, -0.745360414709, -0.151447574342, 0.649231456732,  
394, 1498476.5838017787, 70.98835576608876, 125.74389566024013, 86.37269894562509, 32.938054961819056, -0.141468706734, 0.977556921479, -0.156105958514, 0.808643154793, 0.205076770396, 0.551398010924, 0.57103664788, -0.048228451274, -0.819506658463,  
408, 873315.701350728, 59.296294286032605, 123.73237290188665, 48.39326849048564, 34.81884509372428, -0.784685655321, 0.592379217698, 0.182634292436, -0.163655043981, -0.482134900445, 0.860675876479, 0.597900868801, 0.645470990993, 0.475270187234,  
410, 589150.2624041246, 52.00508637724499, 81.06600626657337, 60.821599240979985, 28.525998361633626, 0.858605636332, -0.00264048606985, 0.512629875341, 0.446742822894, 0.494312499448, -0.745705037586, 0.251430331208, -0.869280265923, -0.425599116336,  
427, 1901984.5105369375, 76.86101621291044, 130.3516045058353, 88.70064708803088, 39.271292685171304, 0.498821093313, -0.425629799554, -0.75499456329, 0.535836583061, -0.533229529017, 0.654633810338, -0.681217052869, -0.731098860015, -0.0379181192094,  
434, 2998349.3862951454, 89.45361094518015, 116.46489625579447, 83.45470327058963, 73.64576323377905, -0.819461762566, -0.277843030164, 0.50128402157, -0.0675353523449, 0.915354374121, 0.396945016296, -0.569140927957, 0.291426869674, -0.768862135728,  
471, 2291559.7501714607, 81.78635602990931, 131.59806542687605, 76.9019055655186, 54.057501608371034, 0.617844907066, -0.711180660608, 0.335394899766, -0.509253162894, -0.0369227830036, 0.859824356585, -0.599106740819, -0.702039013212, -0.384983554238,  
479, 2718579.428369489, 86.58004469023352, 111.03153080041788, 91.79097693183387, 63.680592767453135, -0.518775702362, 0.843630925661, -0.138414709865, -0.674834758248, -0.503497654166, -0.539525867136, -0.52485218843, -0.186485853396, 0.830513820947,  
482, 1584581.6118705496, 72.32281707847508, 135.5161646642849, 66.78418068490954, 41.798557896414, -0.0406419579195, -0.812685741799, 0.581283163641, 0.172190990738, 0.567363148837, 0.805263509697, -0.984224818812, 0.132819209522, 0.116878413819,  
488, 500242.98779638915, 49.24522583452634, 79.13602160100093, 54.26847551701262, 27.808051898054966, -0.0696620880203, -0.00406640890616, 0.997562357856, -0.288537790358, -0.957166387212, -0.0240510026083, 0.954930959299, -0.289509881541, 0.0655048964756,  
494, 2359198.4348663925, 82.58324692750344, 101.96374406762263, 83.20917859727736, 66.38330230607251, 0.262434824126, -0.96478802191, -0.0176645369212, -0.254551802128, -0.0868759107938, 0.963148979212, -0.930769221193, -0.24826729326, -0.268387794019,  
495, 736169.3990411801, 56.01397378912017, 100.06539099643315, 48.041082266992234, 36.55884546884703, 0.616163737655, -0.0998679175186, 0.781260934291, -0.597277880682, 0.587357188191, 0.546141617833, 0.513421251652, 0.803142535626, -0.30225930229,  
497, 518384.64433572226, 49.833475051668486, 125.1998192664671, 70.69408467324398, 13.98223964520113, 0.131413536042, 0.43107229576, 0.892696565678, 0.952544055623, 0.194508990044, -0.234149684793, 0.274572949581, -0.881103245154, 0.385054238697,  
504, 404887.1032823035, 45.89321098025249, 85.87911184922442, 54.36978167508446, 20.701423060615625, 0.864627273979, 0.494651475995, 0.0879749645464, -0.321992412822, 0.411154351827, 0.852803016563, 0.385668981351, -0.765684018554, 0.514769288667,  
520, 2246080.709717296, 81.24168385365999, 112.87437018962004, 75.5572376346918, 62.873166992806304, -0.535527852, -0.184232854316, 0.824177271661, -0.843162802973, 0.171894923787, -0.509439518352, 0.0478163927319, 0.967734669508, 0.24739280915,  
523, 1739283.0394556788, 74.60373158672239, 99.60103931447924, 88.16350522443189, 47.28560323646237, 0.862175054182, -0.389142588204, 0.324379749665, -0.248915306526, 0.232285119827, 0.940257833408, 0.441242955892, 0.891409933281, -0.103406889147,  
528, 549001.5166632567, 50.795859308799486, 138.23288608167553, 96.63092985253385, 9.811996865147083, 0.0871507882357, -0.0301736234434, 0.995738064231, -0.291412146169, -0.956591259461, -0.00348186570017, 0.95261938946, -0.289866718979, -0.0921606426468,  
530, 540652.235245146, 50.53703959754786, 98.65214399866707, 59.54316733084326, 21.97307978485217, -0.930350442915, 0.113733601243, -0.348586748623, 0.18754189798, 0.964515966031, -0.185841297278, 0.315081084595, -0.238272153682, -0.918667671637,  
541, 1616164.0620243386, 72.80015075757073, 110.15256808755585, 72.6273522069104, 48.228304918166174, -0.999796343698, -0.0138942511891, 0.0146362874795, 0.00256936062362, 0.631713220362, 0.77519791383, -0.0200167308339, 0.77507764579, -0.631548868642,  
543, 1258122.260379923, 66.96965768962941, 127.88106847235903, 83.95366711601528, 27.976173329358463, 0.338323046977, 0.43591534221, 0.833975617336, -0.897571775151, 0.415695657104, 0.14684014818, 0.282670168813, 0.798232381635, -0.531904728849,  
548, 1272610.558434766, 67.22574713659802, 121.77350051668869, 50.25294089940899, 49.64695759326107, -0.140364231361, 0.0451909874646, 0.989068075112, -0.0156540715494, -0.998934249357, 0.0434202200036, 0.989976177793, -0.00938829660873, 0.140922061042,  
574, 965408.5011019689, 61.311344018357026, 140.80083330095712, 43.012482220279736, 38.05596844099903, -0.210999778955, 0.876947685549, -0.431789126879, 0.970912377742, 0.239168621121, 0.0112927152538, -0.113173530596, 0.416846647439, 0.901903888722,  
585, 2800303.795323082, 87.43906666119798, 101.85084823719103, 95.4166264802259, 68.79039951845951, -0.544471956974, 0.744477642777, 0.386397887512, -0.232428327774, -0.576539920162, 0.783312704421, -0.805932602962, -0.336681986249, -0.48694751218,  
592, 2239444.7409748305, 81.16159633647084, 117.16539533165505, 87.55981328603234, 52.113177258010715, 0.0637635480713, 0.0141376004343, 0.997864889748, 0.99093693378, -0.119355586911, -0.0616298397179, 0.118229451525, 0.992750911421, -0.021620006129,  
595, 320085.54204947926, 42.43515728407856, 124.52772624050985, 54.02962898794274, 11.35741263973338, 0.078199830598, -0.267574988373, 0.960358481033, -0.849461167618, -0.522105493151, -0.0762992708446, 0.52182421485, -0.809820646575, -0.268123123168,  
603, 1612265.315279361, 72.7415639066924, 120.07857013153276, 98.53309564731995, 32.53121370314666, 0.90800495989, 0.150771609271, -0.390889900934, 0.335713238891, 0.296339273378, 0.894136262707, -0.25064639245, 0.943107076048, -0.218461504756,  
613, 1645930.5364010967, 73.24437842175918, 112.98749097633247, 77.33938910892005, 44.966780180166815, 0.289697981239, 0.612968046982, 0.735081800241, 0.563416615299, -0.730064355389, 0.386739905616, 0.773716225287, 0.302119529938, -0.556854552247,  
615, 2130498.0840492374, 79.82351469731645, 117.3181946436118, 92.16986798946273, 47.036846981446345, 0.717246487369, 0.66876434708, 0.195733810141, 0.149749814325, -0.422266576291, 0.894016740144, -0.680538367373, 0.611919264791, 0.403016555381,  
623, 3909601.859617149, 97.72701664960003, 144.73907719822662, 97.11518421230883, 66.4004443399035, -0.159055127026, -0.536331239201, 0.828884954879, 0.119765133436, 0.822890613744, 0.555434380125, -0.979978458631, 0.187616203109, -0.0666511886691,  
633, 1237349.7604779473, 66.59903806851749, 131.91168367528414, 72.04959844739982, 31.08057473049126, -0.328706320948, 0.91278456154, -0.242438649523, 0.930748200404, 0.269548436948, -0.24708587087, 0.16018720927, 0.306868024324, 0.938174863037,  
634, 2223623.2808124195, 80.97001151084875, 128.22769954757064, 82.42356439230122, 50.227245356317624, -0.495076308658, 0.692940533535, -0.524149659534, 0.153422879116, 0.663510766081, 0.732266948222, 0.85519639193, 0.282111467824, -0.434801392538,  
652, 1976086.0082875495, 77.84649759853717, 101.38837134010564, 86.65613938634138, 53.69449351493798, 0.270659333682, 0.219687751228, 0.937273074963, 0.940048443739, 0.149534132221, -0.306510141307, -0.207490839591, 0.964041926091, -0.166044320061,  
653, 3316253.964419454, 92.50951220330387, 107.32281601274026, 94.92321489273547, 77.7131789678419, 0.0615858941194, 0.595067812248, 0.801312346387, 0.14837821719, -0.799373865592, 0.582224465024, 0.987011186517, 0.0830404831129, -0.137525255337,  
654, 3072323.075262919, 90.18329337868927, 115.13560800822087, 86.22265478303673, 73.8834597664615, 0.474690604601, -0.877192796406, -0.0721223116374, -0.478138679646, -0.325803316009, 0.815619765763, -0.738953471424, -0.352682572876, -0.574075578526,  
655, 3142521.556008344, 90.86498349381618, 111.26573635372715, 98.56189929965669, 68.40992997237124, -0.100878386145, 0.722270469656, 0.684214089209, -0.897529609636, -0.362793022396, 0.250642819025, 0.429260004002, -0.588817961313, 0.684857107285,  
656, 2857251.4372347393, 88.0278206991761, 106.26150754595501, 85.45412583146799, 75.11918054640607, -0.795810549065, -0.458283729412, -0.395804994097, -0.602288853426, 0.666739020216, 0.438984300357, -0.0627192716404, -0.587737273173, 0.806617127693,  
657, 3273673.5309955375, 92.11186718073297, 110.01604519621108, 93.15268128838467, 76.25974847444859, 0.391695588791, -0.146671277163, 0.908329291709, 0.11038569072, 0.98757330144, 0.111865873115, 0.913449267888, -0.0564491872309, -0.40301851602,  
658, 2271193.368513237, 81.54334086676926, 131.94823927657728, 82.85659997764095, 49.59464600998312, 0.383274242814, 0.815319423058, -0.433998955275, 0.851728645158, -0.493754990748, -0.175397617225, 0.357294234228, 0.302423953243, 0.883674477787,  
659, 2553899.7121531726, 84.7952926321271, 99.150010729478, 89.77703246401926, 68.49473951800557, -0.717430138741, 0.5977386158, 0.357774430622, -0.533320427153, -0.80168596588, 0.269942464411, -0.448177775004, -0.00285644753077, -0.893939887632,  
660, 532973.9060374979, 50.296656092604216, 89.6582945369168, 66.32442905385273, 21.397022527012425, 0.0926611255773, 0.995696293589, 0.00167533270424, -0.964047002241, 0.0892946769456, 0.250279520016, 0.249052792148, -0.0248062815049, 0.968172172251,  
661, 2803376.091978914, 87.47103230822539, 105.72760066501154, 85.32063341503971, 74.19084342880774, 0.604648169046, -0.287896192125, 0.742641484318, -0.727800003408, 0.17909152206, 0.661991980137, 0.32358576407, 0.94076671353, 0.101243488704,  
662, 2312955.9291378506, 82.0401129299946, 111.89440145563741, 81.72545441106574, 60.38277208947842, -0.101037144821, 0.838903870878, 0.534819400164, 0.00409346462449, -0.537215240741, 0.843435254577, 0.994874232712, 0.087407554259, 0.0508446707601,  
663, 2124134.684221325, 79.74396279964417, 118.97498936507095, 108.73975244444837, 39.196692919166175, -0.177223594696, -0.365830819553, 0.913651798525, 0.125090669275, 0.91244457559, 0.389611628338, 0.976188568845, -0.183337688272, 0.115944685587,  
664, 3184843.3391205887, 91.27107275743234, 112.49131266724399, 85.19327698495013, 79.33688717840856, -0.261422485898, 0.597629633814, 0.757955872498, 0.961364234147, 0.231375231763, 0.149145269552, 0.0862385828381, -0.767661594008, 0.635026443478,  
665, 3615096.86840169, 95.20880405122801, 104.50837168666821, 92.45160447826298, 89.32351314762526, 0.677662918733, -0.652040677801, 0.340023415468, 0.324267500449, 0.679959261843, 0.657651876289, -0.660017845764, -0.335407746968, 0.672218778782,  
666, 2696094.051087628, 86.34068229421202, 98.55845592620663, 88.28855012379897, 73.96872843437374, 0.679502396015, 0.471062971683, -0.562473262048, -0.373135218441, 0.881984239115, 0.28787829149, -0.631701355523, -0.0142645946738, -0.775080588565,  
667, 1095337.8220807163, 63.94694847669963, 95.26324894862842, 71.55302897165303, 38.36242592481905, 0.589420791421, 0.793611322893, -0.150878092564, 0.538502054525, -0.246777217288, 0.805677691326, 0.602161662606, -0.55613134528, -0.572816950591,  
668, 3245237.693114163, 91.84439000966569, 107.68614192291724, 88.27673971118986, 81.49890982376402, -0.974871837016, 0.154468683989, -0.160512700615, 0.198649888751, 0.276725333528, -0.940192167316, 0.100812316169, 0.94845269542, 0.300456921136,  
669, 2994912.6349858376, 89.4194202055507, 106.63984881544313, 89.3549101855984, 75.03391473175823, 0.151465951423, -0.532130846068, 0.833003498325, -0.488852096655, -0.772777657237, -0.40476946534, 0.85911680996, -0.345906714502, -0.377182782887,  
670, 2464154.1095816474, 83.79017266276836, 97.9416093156593, 87.67868798183862, 68.50432285758023, -0.520552367151, 0.853214022267, 0.0324201366449, -0.309212953787, -0.223774044171, 0.924290282523, -0.795872214783, -0.471116768288, -0.380310936438,  
671, 2866445.501887253, 88.12213825689979, 104.88223433030912, 90.67838908286014, 71.95307405048413, -0.0591614785409, -0.704624649272, 0.707109625938, -0.954273642394, -0.168006063374, -0.247256502647, 0.293021731086, -0.689404138592, -0.662465243469,  
672, 1483840.273444461, 70.7564738408836, 94.97785360054432, 76.03712787429113, 49.05129641186856, -0.503787456229, -0.857324901326, -0.105793253624, -0.863788524964, 0.501137918128, 0.0522510397553, -0.00822089337089, -0.117706416903, 0.993014408925,  
673, 3199729.149504768, 91.41305071064542, 109.44390381819173, 99.55051332525302, 70.11154361785536, 0.457820358834, -0.571348907734, 0.681146786434, 0.64285079701, 0.741977833101, 0.190293846381, -0.6141199979, 0.350755357505, 0.706984658504,  
674, 2265799.6372794965, 81.47873877974277, 108.32252072760274, 84.73412463856033, 58.93262535216998, 0.805352608365, -0.493798500963, -0.327978988116, -0.490442863489, -0.865802937965, 0.0992525579732, 0.332975935846, -0.0809216476451, 0.939456605219,  
675, 1821058.5019050234, 75.75508029299942, 136.4041702607497, 64.37347868363005, 49.51088185345618, 0.398231173195, 0.866228324229, -0.301762196106, 0.827266942802, -0.197037403583, 0.526123243106, -0.396284415593, 0.459156565773, 0.795068493946,  
676, 2773486.4333241787, 87.15904817147594, 91.3409731689754, 86.87372371464275, 83.44174250871119, -0.957777411891, -0.105333160154, -0.267520755537, 0.195376425176, -0.921074081643, -0.336824269629, -0.21092766949, -0.374869926105, 0.902763566359,  
677, 3083993.817138522, 90.29734128430218, 110.69212872331369, 85.01920445479935, 78.23320331055871, -0.0441211989285, 0.841654465448, -0.53821100007, 0.99632864501, 0.0766339693531, 0.0381636721726, -0.0733658703868, 0.534551209458, 0.841945635733,  
678, 1269858.6271525964, 67.17725517492983, 107.02267689176539, 74.5854040409063, 37.97843882609633, 0.415756972997, 0.187944525491, -0.889844365461, 0.388855978064, 0.847739160476, 0.360734450974, 0.822153980547, -0.495999164448, 0.279370114969,  
679, 3109223.89112096, 90.54291289952893, 111.2721829610784, 88.86417192542298, 75.06717637268567, 0.937789379574, 0.331972980915, 0.101710468982, 0.347204546838, -0.896890667854, -0.273927239555, -0.000286728184198, -0.292200393323, 0.956357071354,  
680, 3142804.6522876653, 90.8677119573432, 109.87247777056751, 87.5547906691461, 77.99377575657452, -0.0547687933992, 0.502729006106, 0.862707323308, -0.983702988834, 0.121022166854, -0.132973925596, 0.171256559081, 0.855930593886, -0.487907787827,  
681, 3585261.76376471, 94.94616332734749, 124.38944634489305, 86.89946526856382, 79.182939744409, -0.171955900416, 0.813156158135, -0.556064951961, -0.149308837855, 0.536438119937, 0.830626880384, 0.97372380029, 0.225856604875, 0.0291677010348,  
682, 2168354.2418856607, 80.29352815411481, 117.27561050586829, 72.52983863321325, 60.857934849471434, 0.0248393256197, 0.999511338737, -0.0189760806925, -0.676326471809, 0.0307801446291, 0.735958617197, 0.736183069238, -0.00544669003165, 0.676760535296,  
683, 3384340.2538849944, 93.13833502959187, 108.89133103694061, 94.30570427713972, 78.67815026667397, 0.73236030622, 0.57598242714, -0.363170243136, 0.455890481954, -0.0185979999565, 0.8898415493, -0.50577885517, 0.817250486707, 0.276205343249,  
684, 2407430.777090308, 83.14224230053293, 94.86138037640039, 82.46960058988566, 73.46523426426694, 0.813849850178, 0.580908074997, -0.0139366340474, 0.526332245442, -0.74712790451, -0.405923960502, 0.246216954682, -0.323025854546, 0.913800584658,  
685, 1870254.5621144332, 76.43120462204513, 105.51962720808818, 72.7608010847376, 58.15424119251229, 0.629883759969, 0.633195353012, 0.449788943674, 0.690749068286, -0.191907804712, -0.697163624376, 0.35512275848, -0.749823338804, 0.558258709735,  
686, 4461455.17090412, 102.12435063830338, 116.86747275082969, 101.84976681469611, 89.48170129267037, -0.833693180966, -0.127059402355, -0.537411935375, -0.0964611590419, -0.92470242261, 0.368267123722, -0.543737919228, 0.358861167991, 0.758661806935,  
687, 2817217.900497254, 87.61476019964667, 96.9162337513204, 92.95419634752675, 74.65627222767625, -0.628845503541, -0.775977846548, -0.0491092083406, -0.191117291902, 0.0930391158294, 0.977147841251, 0.75367600029, -0.623860645171, 0.206810014251,  
688, 3970427.987035349, 98.23122758109979, 108.30344741469456, 96.89676224500828, 90.32275330718917, 0.610952421529, -0.669482447878, 0.422528567805, 0.269970473106, 0.677915979767, 0.68377325776, -0.744213062421, -0.303682690255, 0.594914902622,  
689, 2622322.5228841947, 85.5458932099354, 98.49253868700929, 80.81388651907395, 78.65171024841054, -0.482491536985, 0.685239460998, -0.545571991426, 0.340005069003, 0.720550791652, 0.604320370086, 0.807216494993, 0.106082221603, -0.580644549161,  
690, 1786712.409006566, 75.27579452435297, 119.97979965284368, 80.48955046388399, 44.16908576621995, 0.42322610126, 0.74627949208, -0.513757322978, -0.368301009964, 0.659790363025, 0.655004612899, 0.827788640458, -0.0879977076951, 0.55409599364,  
691, 3089289.347087281, 90.34899495960128, 114.76042474165385, 89.07859874570599, 72.14470365785859, 0.232395031881, -0.249875596255, -0.939975922858, 0.513172512194, -0.78946822491, 0.336740099462, -0.826224256413, -0.560626531885, -0.0552392058308,  
692, 3985218.6993213575, 98.35305402889014, 111.84123786910902, 100.53245076004188, 84.61655016253941, 0.156723568967, 0.570785559936, 0.806003453776, 0.41008121476, -0.780023330333, 0.472648919852, 0.898482676645, 0.256451649838, -0.356316475993,  
693, 3108449.5296210903, 90.53539561443259, 110.10262292443612, 89.22683368461948, 75.53740552980142, 0.343817213537, -0.0128587869379, 0.938948547725, 0.849286892764, 0.430853646312, -0.305085085246, 0.400626381377, -0.902330198463, -0.15905569932,  
694, 2473195.14905012, 83.89252362763688, 112.11553410898586, 90.32825614347443, 58.301584841144475, -0.00215304757867, 0.999520707118, 0.0308823643757, -0.521549923553, -0.0274719016669, 0.852778383791, 0.853218050458, -0.0142706223449, 0.521359096698,  
695, 1520214.4344326875, 71.32997648454572, 120.59412199076358, 59.21906596233801, 50.819284884077064, 0.822199429911, 0.513730972636, -0.245088933263, 0.418780368058, -0.837593751889, -0.350798674636, 0.385501103478, -0.185788036621, 0.903809551103,  
697, 3873460.260191782, 97.42494406573218, 109.51681376358543, 96.65233916770246, 87.36094555968468, 0.116725292208, -0.800126761732, 0.588364148567, 0.930801219218, -0.118484096914, -0.345789833688, 0.346387494668, 0.58801248621, 0.730928874515,  
698, 2200783.4968493264, 80.69183103762647, 102.24633456386427, 84.91674111512245, 60.512855187621774, 0.465691628544, -0.700827191193, -0.540344848396, 0.00407263310509, -0.608891940186, 0.793242723784, 0.884937693153, 0.371607122188, 0.280701667213,  
699, 2838687.0068386598, 87.8367584743296, 135.31401587933252, 87.63269489531247, 57.15048889237137, -0.41290198515, -0.476121972839, 0.776414720133, -0.014032360499, 0.85570098159, 0.517280313722, -0.910667361619, 0.202691137165, -0.360001749158,  
700, 2602668.7996618655, 85.33164125306561, 127.94788797453721, 98.51191742079409, 49.2956279185267, -0.397460876568, 0.804069838066, -0.442149914747, -0.722498459012, -0.571273534811, -0.389413052104, -0.56570383446, 0.164676179021, 0.807998098847,  
701, 3102807.3865179988, 90.48058554227269, 97.28243394293519, 93.88927621735318, 81.09905401368766, 0.863487474269, -0.172998018882, -0.473773223435, -0.183543284935, -0.98271086926, 0.0243148101623, 0.469788510222, -0.0659623597292, 0.880311151107,  
702, 4201906.272331201, 100.10426559825089, 115.48709503550651, 97.04015110013269, 89.5102623822461, -0.0566511822735, -0.99688193436, 0.0549277024292, 0.0301170572353, 0.0532846964522, 0.998125094358, -0.997939680748, 0.0581992274101, 0.0270045092228,  
703, 3432412.648076365, 93.5772535671332, 105.95366976614808, 96.14762972331776, 80.43708039107018, -0.855620056853, 0.416278746421, 0.307613919693, 0.308244042929, -0.0676350792682, 0.948899945227, -0.415812371521, -0.90671798335, 0.0704455134137,  
704, 2432940.5998539855, 83.43487740644419, 111.44711860525769, 105.01647043506112, 49.62684136257129, -0.543855197192, 0.527557627318, 0.65261357199, -0.707454217928, 0.130054963359, -0.694690028747, -0.45136465748, -0.839505006754, 0.302491800902,  
705, 2513988.415302113, 84.35125611498776, 134.94319911661, 88.50474744670151, 50.252433071021976, 0.62523381895, -0.0651424496827, 0.777714043136, -0.492260790578, -0.806195758185, 0.328219002413, 0.605608772807, -0.588051750048, -0.536127926492,  
706, 2878650.870612166, 88.24703628855669, 110.45776018169121, 96.50663713078733, 64.4684118277299, -0.420342761195, -0.114536077043, -0.900107465899, 0.0185281764717, -0.992877719743, 0.117688318515, 0.907176206581, -0.0327920827933, -0.419471106894,  
707, 2736231.022941273, 86.76702715604652, 97.54988601918555, 86.64665172522587, 77.28328999447027, -0.111962188029, -0.953452073728, 0.279988591831, -0.710958104967, -0.119995120863, -0.692921167198, 0.694264388712, -0.276641128672, -0.66442956323,  
708, 371119.08260998275, 44.580153434198266, 134.90935536628066, 76.0231996603753, 8.63846275912773, 0.454966784764, 0.781182579602, 0.427503218804, 0.590083135819, -0.62400737322, 0.512266230576, 0.666938616053, 0.0191983200564, -0.744865294482,  
709, 3737418.0296183783, 96.27075010330549, 103.99550976586437, 97.77797181532803, 87.74602557912351, -0.873051954429, 0.451682935187, 0.183746594332, 0.369403505864, 0.366654298033, 0.853876850365, -0.318310123501, -0.81335548919, 0.486961511295,  
710, 2096460.0603335712, 79.39612886032788, 110.09500421212391, 79.98142927328769, 56.838317100687924, -0.671680542341, 0.0444431255421, -0.73950663123, 0.0787602614288, 0.996825756503, -0.0116289462574, 0.736642430397, -0.066054672533, -0.673048816934,  
711, 2921470.1505089016, 88.68243610850308, 116.26829978780987, 82.77179252438118, 72.47181897340089, 0.182321563442, -0.208165892453, 0.960950471525, -0.789006171874, 0.552209659632, 0.269320909983, 0.586709560387, 0.807298862274, 0.0635644454271,  
