# Void_ID, Void_Volume, r = (a*b*c)**(1/3.0), a, b, c, vector_a, vector_b, vector_c 

3, 1770807.3692883758, 75.05176391714353, 130.8927426691292, 75.59482913143194, 42.72430962892102, 0.0133572088295, -0.786990083743, 0.616821038116, -0.990863037905, 0.0723798348168, 0.113805094906, 0.134208886021, 0.61270528609, 0.77883259261,  
5, 2678931.1251667487, 86.1570815860122, 112.2202386750991, 86.76783108420496, 65.68149194328018, -0.0264269169243, 0.997857197798, 0.0598550821913, 0.988011991905, 0.0169621461201, 0.153442462997, 0.152098395499, 0.0631925502037, -0.98634313486,  
6, 1959938.7012999398, 77.63388020782517, 121.18409910234972, 75.84700735798036, 50.906095855482015, -0.861853182929, 0.484250120864, 0.150701398529, 0.506400106936, 0.805457273062, 0.307892047585, -0.0277132237503, -0.341672945541, 0.939410227491,  
10, 1420296.6983684907, 69.73168442438578, 133.5841314216165, 88.50753137185501, 28.67842982241053, -0.606889905674, 0.276652621908, 0.745082525082, 0.126242469065, -0.892007283388, 0.434034382725, 0.784695789078, 0.357472143214, 0.506424906013,  
13, 796224.5892192145, 57.49750399028679, 109.57289482259392, 46.48301240123423, 37.3206823260881, -0.00415376896649, 0.0958352621077, 0.995388541596, 0.735329057944, -0.67429125787, 0.0679887939512, 0.677697515671, 0.732220528323, -0.0676696029022,  
17, 3127044.076286637, 90.7155624941245, 120.72882107250052, 79.81650981128846, 77.4714528518429, -0.735953786945, 0.581283447409, -0.347104562416, 0.674681799198, 0.672358456872, -0.304530089325, -0.0563603877968, 0.458305203159, 0.887006114661,  
23, 3936900.243966033, 97.95394550705288, 112.31661135009091, 105.81536706154479, 79.08116639859436, -0.735283428013, -0.486859394388, 0.471514804207, 0.139724285801, 0.571864257369, 0.808361549742, 0.6632008779, -0.66025692063, 0.35245623035,  
24, 823794.4060975496, 58.153618504105374, 119.2752031928725, 46.68843628361283, 35.3159371845238, -0.710166578352, -0.277708243706, 0.646947882267, -0.279595807081, 0.95459310825, 0.102850290933, -0.646134363469, -0.107843076088, -0.755566181936,  
26, 758429.1229679037, 56.572946305627255, 127.3935437379218, 41.00335284200511, 34.662477667922936, -0.159385668907, -0.872727695431, -0.461457016605, -0.445659628136, -0.353485690707, 0.822456906054, -0.880899372458, 0.336740606539, -0.332598946947,  
29, 1108483.054341725, 64.20174263668844, 91.14512127129173, 80.42616912786319, 36.10020258866499, 0.93478028604, -0.0978736237297, -0.34147704258, 0.0776625888582, -0.881729739874, 0.465318372851, 0.346632859266, 0.461490432836, 0.81662245945,  
31, 2869748.884998323, 88.15597684779786, 112.46106146030034, 97.05946333716953, 62.764666070164324, -0.426280318877, -0.889870142098, -0.162530673844, 0.564462811983, -0.402070448425, 0.720916838748, -0.706871150653, 0.215570138714, 0.673693321675,  
33, 2709707.940185658, 86.48576372675309, 116.30684114258928, 85.72788275288733, 64.87935386724348, 0.818996985486, 0.57364764378, -0.0131270160493, 0.373867106826, -0.550845496164, -0.746185382991, 0.435278444445, -0.606215819772, 0.665608785744,  
34, 243515.29058402256, 38.73877431551361, 108.44300649560633, 38.81424205292973, 13.811631017319714, -0.250962886486, -0.960456562021, -0.120585331107, -0.962705051161, 0.260654489192, -0.0725135968883, -0.101077267851, -0.0978898857677, 0.990050986661,  
36, 951904.0744389993, 61.02412001393466, 147.3383938117303, 73.54524836472729, 20.971718825523165, 0.0553366428435, 0.648056909528, 0.75957889516, -0.958094992769, -0.179675013568, 0.223093868875, -0.281054871492, 0.740094001808, -0.610957467994,  
38, 3597073.3331856807, 95.05031508126771, 128.47773400707908, 92.52621603230453, 72.23838244445842, -0.0973884859431, 0.765955799417, 0.635473993288, -0.469917928424, -0.598242554569, 0.6490631606, 0.877321277156, -0.235409344001, 0.418198299143,  
41, 3103382.9944449128, 90.4861802737039, 114.03276509290576, 100.74518900382392, 64.49006214140553, -0.687259607344, 0.726203170356, 0.0174122795513, 0.717012068177, 0.674327833018, 0.176566326645, -0.11648144145, -0.133831718893, 0.984134718835,  
54, 978036.0604885417, 61.57750471015189, 120.74260873335155, 91.80508163318717, 21.06390960593953, 0.554923538533, 0.715449736473, -0.424489741881, 0.692561843507, -0.680003539454, -0.240734873352, -0.46088822864, -0.160395950418, -0.872843158758,  
60, 2380509.8690624265, 82.83116932682772, 119.36892260939463, 84.00397630800855, 56.67483431414674, 0.478172170658, -0.786476466145, 0.390904263738, -0.699966462381, -0.0724368302964, 0.71049268621, 0.530469911258, 0.61335770462, 0.585144426132,  
62, 404235.3180291473, 45.868571532801205, 101.99149755023652, 36.94129083452193, 25.613540277188786, -0.506955237016, -0.0565033791877, 0.860118454518, -0.860562676382, -0.023868088404, -0.508785017835, -0.0492774560981, 0.998117068533, 0.0365246468044,  
63, 566772.1810372135, 51.33812133649295, 94.49512942374415, 81.97157107978259, 17.468162894154837, -0.87290579303, -0.240719274821, -0.424369776521, 0.100430890789, -0.939835717238, 0.326530949191, 0.477440166587, -0.242410922472, -0.844563693274,  
79, 468262.0695957551, 48.172604071732614, 80.53609537848847, 65.08991564350609, 21.3253462984649, -0.801071767952, -0.248410789731, -0.544588011378, -0.436397583535, 0.865095799497, 0.247318431939, -0.409684234106, -0.435776705708, 0.801409689913,  
81, 228370.10701237695, 37.9184184878162, 59.55074472646316, 47.84041973612328, 19.136762530653492, -0.0762936242518, 0.450533860288, 0.889493408425, -0.142724753126, -0.887841461002, 0.437455351975, 0.986817575717, -0.0935776728743, 0.132038976805,  
85, 901016.177948296, 59.91671479727406, 89.60166496299574, 68.74794696512512, 34.91951206430471, -0.842635192431, -0.163374743308, 0.513102938722, 0.322279480844, -0.916372749329, 0.237480358163, -0.43139525809, -0.36547185601, -0.824820255426,  
87, 2329761.3571240855, 82.23832876419752, 120.17882969090049, 101.8870922491816, 45.42298696971703, -0.492050145299, -0.696281018567, 0.522569993107, 0.803528716025, -0.132248811678, 0.580389398881, -0.335004861211, 0.705480683643, 0.624554839843,  
89, 483863.0778310016, 48.701756479407436, 135.64389722734927, 85.28638703093439, 9.985134019955126, 0.357461050822, -0.581910821096, -0.730480248492, -0.875150859076, -0.48180469445, -0.0444433376879, 0.3260867538, -0.655167179198, 0.681486167356,  
93, 2979540.137703996, 89.26616493879087, 121.16853794755353, 91.90791126524043, 63.87308124014742, 0.167839389126, 0.700459447511, 0.693676078476, 0.674437361454, -0.594800211237, 0.437432228108, 0.719002214832, 0.394422706121, -0.572246925691,  
95, 1255881.3532115116, 66.9298730095004, 94.02528434887358, 87.47142698401144, 36.45433128176809, -0.282333055469, 0.313275522472, 0.906722941592, 0.937171357202, -0.111842461499, 0.330455913921, 0.204933874772, 0.943053397654, -0.262016022687,  
96, 427023.31499258685, 46.714781958875, 85.64468416081752, 60.971662961038206, 19.522459294275045, 0.792944837715, -0.37091232452, 0.483386524285, -0.397539437643, 0.286273738996, 0.871785376041, -0.461736807997, -0.883442920556, 0.0795470066057,  
97, 2048130.7868658847, 78.78127868717638, 135.27662993811515, 69.50266791284803, 52.004967037885756, 0.089508716681, -0.126221626328, -0.987955611698, 0.761650269947, 0.64784214346, -0.0137631190791, -0.6417764844, 0.751244739219, -0.154124254639,  
98, 1116852.1496068672, 64.36291301649533, 135.8371639637576, 52.02968646923533, 37.72569598029626, -0.00221397945043, 0.99699647904, -0.07741523801, -0.993852937308, -0.0107626132446, -0.110183960542, 0.110686210973, -0.0766954166642, -0.990891707384,  
108, 2632292.785635882, 85.65417335144477, 128.84520104662514, 76.8958843533768, 63.42701026639247, -0.561739523459, -0.17966087547, 0.807570849901, -0.822919000263, 0.221824758628, -0.52306605268, 0.0851647039009, 0.958392271612, 0.272454082231,  
113, 590399.479769295, 52.0418171277449, 106.74886909762546, 54.185915335028426, 24.367314014818433, 0.350156385688, 0.328940035905, -0.877034183108, -0.352028819932, 0.913884789413, 0.202213505029, 0.868024317343, 0.237934958462, 0.435798967464,  
117, 1148479.4835787157, 64.96481569411647, 146.25588683336014, 97.15568049795581, 19.295368563322292, 0.865681694738, -0.145354264456, 0.479027495245, 0.189977953705, 0.980722541765, -0.0457348136582, -0.463145312512, 0.130596454311, 0.876607657746,  
125, 3145651.9454591763, 90.89514487693117, 122.3120596885334, 95.2072041728344, 64.48860270288054, -0.0720848953849, 0.880816214924, 0.467938632071, 0.936197658804, -0.102059872385, 0.336329787707, 0.344002487647, 0.462327349371, -0.817261103024,  
129, 2313329.303107113, 82.04452719402582, 122.9590651618887, 78.45248087181196, 57.25080735675429, 0.237487348311, -0.199121615869, 0.950763031194, 0.779178426634, 0.623521982482, -0.0640415242524, 0.580069598289, -0.756023094525, -0.303229849595,  
145, 3076156.7470760746, 90.2207882903056, 109.6177507401257, 98.33981541114817, 68.12548024681948, -0.0987297738019, -0.856052805622, 0.507371684026, 0.0575280405929, 0.504100013339, 0.861727161633, 0.993450027083, -0.114266226581, 0.000522639739053,  
147, 505271.361102262, 49.409678107754445, 88.87313456316932, 70.74927418495186, 19.18419529427558, -0.0107065345019, -0.929721311692, 0.368108207876, 0.0892408422164, -0.367548744721, -0.925712694271, 0.995952530093, 0.0229391115975, 0.0869042861983,  
150, 3202473.3604126466, 91.43917636050823, 99.46687709269266, 90.04875022884767, 85.35731469851116, -0.996256049543, 0.0661054556316, -0.0557131266845, 0.0750894804744, 0.981031133256, -0.178716215, -0.0428421949872, 0.182230580084, 0.982322025616,  
151, 3340914.396893908, 92.7382535311477, 100.90059158193507, 93.01931314136701, 84.97866377201495, 0.727923590364, -0.138159494325, -0.671594521062, -0.622726082558, 0.276703366144, -0.731879411697, -0.286948554089, -0.950971714244, -0.11538338708,  
152, 3801150.9121784866, 96.81489251278443, 102.65898285004378, 95.80722513966559, 92.26378862148636, 0.470290781869, 0.879270796247, 0.0755608850983, 0.253790179712, -0.216751723465, 0.942660721074, 0.845231994881, -0.424148036943, -0.325086630895,  
153, 3175158.3200823315, 91.17846122895743, 101.89900474777481, 88.61039623649587, 83.95028113754952, -0.745023562964, 0.548875766642, -0.379045226089, 0.652516656802, 0.71762622798, -0.243381612928, -0.13842652645, 0.428658360128, 0.892799029495,  
154, 3442846.8304944807, 93.67197939742577, 99.34811885229158, 95.0629157257572, 87.02786183372025, 0.0870644186104, -0.642770411264, 0.761095253839, 0.859216074251, -0.338186101797, -0.38389829161, 0.504150299773, 0.687369157699, 0.522834693075,  
155, 3644699.1215323997, 95.46797065249856, 101.85336319710349, 98.89973064756883, 86.3778897883018, -0.493857385839, -0.468500618999, 0.732538089419, -0.731556711957, 0.679241895579, -0.05878115753, -0.470031551752, -0.564922664873, -0.678183399288,  
156, 3434847.837665904, 93.59937838208945, 124.1737014307064, 81.8195757435313, 80.71087270472707, 0.0355584912655, 0.0735472934869, 0.996657608871, -0.43221785348, 0.90032488265, -0.0510179656057, -0.901067878038, -0.428959090476, 0.063802647796,  
157, 3854487.8543500295, 97.26561954094566, 104.71093514165662, 99.99716123259752, 87.88168248574067, -0.506854154395, 0.274478816407, 0.817165984067, 0.269139655382, -0.850178931909, 0.452503734391, -0.818939992962, -0.449285168997, -0.35704358956,  
158, 2895284.0924541554, 88.41667761571516, 106.86186858239704, 98.55104987771767, 65.63244082916684, 0.428136666811, -0.810983709441, 0.398753579988, -0.563366594451, 0.105499299413, 0.819443700373, -0.706623715133, -0.5754783409, -0.411713012141,  
159, 3702136.8509086594, 95.96686029660215, 104.52916148434272, 94.4599814042312, 89.5114385851552, 0.658644097289, 0.586086486273, 0.471901031694, 0.671773644105, -0.740540597666, -0.0178827932314, -0.3389810086, -0.328789071923, 0.881470148101,  
160, 3311428.0947193378, 92.46461660854423, 109.61365976262228, 100.25359400690277, 71.93861809533868, 0.782165800311, 0.435473883413, 0.445622214088, -0.597487233826, 0.321384560667, 0.73465704215, -0.176707855624, 0.840877197354, -0.511566098105,  
161, 3452373.938405755, 93.75830341808427, 96.48554436327895, 94.33501093644536, 90.55116968350411, 0.0223766967967, -0.941644211704, 0.335865243818, -0.0214997031683, 0.335418425257, 0.941823891586, 0.999518407136, 0.0282959107045, 0.0127395146397,  
162, 3360788.157458021, 92.92177767250429, 102.17037310214072, 90.94284894958874, 86.34933442846302, -0.38108185822, -0.832029293501, -0.403117690125, -0.885155898211, 0.454247160637, -0.100789646871, -0.26697500482, -0.318412895168, 0.909580988693,  
163, 3795711.7974273963, 96.76869258642651, 102.23827902203226, 95.56099585695297, 92.74925354188652, 0.182528837865, 0.700521501868, 0.689893360432, 0.810626491789, -0.504301333504, 0.297598480905, -0.556388276438, -0.504925529606, 0.65991082382,  
164, 3030248.9823829955, 89.76972640857466, 124.70094507705657, 83.52776394950547, 69.4526953074446, -0.861740656283, -0.468439068297, -0.194853484963, -0.48628363173, 0.872135286639, 0.0539283905907, -0.144676434917, -0.141226347023, 0.979348685651,  
165, 3549674.0202646046, 94.63096908228373, 101.50705244017853, 91.93834719190662, 90.80441268077888, -0.91823556446, -0.152604910584, -0.365452034372, 0.139618295869, -0.988270302853, 0.0618751966227, -0.370607851535, 0.00579221583585, 0.928771376936,  
166, 3633498.964037525, 95.37007931134417, 103.60169816338845, 100.27407056401213, 83.49893035468119, -0.386776897767, 0.887792457246, 0.249455776062, -0.863712139593, -0.253968653732, -0.43531742768, -0.32311758119, -0.383828706298, 0.865026330783,  
167, 3441617.5851556626, 93.66082975330298, 107.61808044374682, 94.50460695135396, 80.78593973254227, 0.47972482363, 0.216756114184, -0.850224017867, 0.282619875997, 0.879189334974, 0.383604117497, 0.83065642674, -0.424314624108, 0.360509362545,  
168, 3635655.603198813, 95.38894433834265, 100.3180290367494, 95.63976058027052, 90.46418112866643, -0.195180070274, -0.27449900486, -0.941570515946, -0.980332343694, 0.0831958412276, 0.178960744049, -0.0292102049987, -0.95798160125, 0.285338422914,  
169, 3143314.959563316, 90.87262985182672, 101.03256447838393, 94.66026931050163, 78.46395186070708, 0.00393721524736, -0.495634595455, 0.868522219707, -0.802268206378, -0.520038632714, -0.293130594652, 0.596950771313, -0.695633645157, -0.399679381948,  
170, 3686672.005196757, 95.8330471257364, 99.22514926469053, 98.1253172366135, 90.39471859747235, -0.727735153988, -0.666253101276, -0.16281385288, -0.685793976339, 0.703616747619, 0.186037884548, 0.00938976390412, -0.247043068129, 0.96895900575,  
171, 3186342.4840480024, 91.28539131649751, 100.33414586695802, 94.83559568325386, 79.94360166487718, -0.555805980833, -0.677334829446, 0.481972240373, -0.111984194972, 0.635492104664, 0.763943273409, 0.823734940224, -0.370630967041, 0.429061108147,  
172, 3559327.29699131, 94.71667386283505, 115.2003957734326, 100.1123045161476, 73.67800981292487, 0.600219289634, 0.310058736108, 0.737292604408, -0.696923964153, 0.655060104073, 0.291878824584, -0.392471390728, -0.689028185356, 0.609267073823,  
173, 3420001.193466121, 93.46432692081106, 96.74993370116422, 94.49309324428381, 89.3072890264035, -0.402119051143, 0.883874237098, -0.238886168922, -0.866539111024, -0.451645890448, -0.212428714413, -0.295652224368, 0.121582575379, 0.947527012591,  
174, 3916883.1647730526, 97.78764847857163, 106.30004800499495, 95.15399340988293, 92.44672445306321, -0.615658411376, -0.786885999511, 0.0421324610734, -0.78800198977, 0.614484566845, -0.0382306320552, -0.00419340202385, 0.0567374733568, 0.998380325576,  
175, 3705439.481946852, 95.99538876937915, 108.59243264464804, 96.45923515178974, 84.45157223834494, 0.525450180524, 0.525533783661, 0.669116096069, 0.329984841013, -0.850752567811, 0.409059987122, 0.784227079671, 0.00585752450223, -0.620446272386,  
176, 3697979.741585167, 95.93092662160407, 104.35054754128237, 97.20747593454739, 87.03251220218395, 0.697152726976, 0.423643719929, -0.578363271512, 0.506406991358, 0.280050789304, 0.815551049606, -0.507474171139, 0.86145084246, 0.0192979701616,  
177, 3461072.012570546, 93.83697708481257, 96.98832714646674, 95.52935685519681, 89.17963769175047, 0.875842937096, -0.234906346274, 0.42156631509, -0.428954627903, -0.779192223866, 0.457009196261, -0.221126834055, 0.581101098559, 0.783214170272,  
178, 3457424.8504916257, 93.80400474302265, 114.35892411155045, 100.89456174948394, 71.53627479151437, 0.623779570973, -0.585940017588, -0.517274919773, -0.670169548167, -0.741526282994, 0.0318048477425, -0.402208681591, 0.326822684983, -0.85522810351,  
179, 3573339.220358728, 94.84080078596766, 102.00382632048546, 98.26195006388657, 85.11062799556973, -0.631584162628, 0.159882360903, -0.758642917445, -0.424023614846, 0.747964809833, 0.510639420045, -0.649080441525, -0.644194282747, 0.404608831474,  
180, 3670774.1259134784, 95.69509638110296, 110.22013337842785, 92.91882738633801, 85.56662448106168, 0.0509993129919, -0.989152728388, -0.137753221368, 0.839924065855, 0.117103870203, -0.529919094939, 0.540302353939, -0.0886767359927, 0.836785398308,  
181, 3478620.463910073, 93.9953016724393, 102.17701771428248, 92.46992948570507, 87.89510497077555, -0.87636912014, 0.19721222158, 0.439413819679, -0.115569310605, -0.971777830101, 0.20564917547, 0.467569138964, 0.129441834753, 0.874427762428,  
182, 2824531.228776785, 87.69050890754183, 122.11654732692604, 89.59485672988167, 61.63113636659113, 0.841889730058, 0.469273905597, -0.266465164605, 0.442049717441, -0.316468704708, 0.839309005224, -0.309537929392, 0.824396482565, 0.47387414975,  
183, 3427442.4682312678, 93.53206470665954, 97.24457424246053, 94.01842117856029, 89.49591882191869, 0.748815299043, -0.183055234214, -0.636997982058, 0.598471617146, 0.599733122824, 0.531179729336, -0.284793559249, 0.77898072031, -0.558642699761,  
184, 3074547.348032034, 90.20505149142504, 97.67409193911675, 90.1202233094074, 83.38557631810893, -0.981185667404, 0.0419158539706, -0.188461527285, -0.178296185518, -0.571182190342, 0.80122492202, 0.0740618411207, -0.819752381285, -0.567909215515,  
185, 3404708.5353998877, 93.32480906338364, 100.19845466388425, 93.88737309735109, 86.40186534500144, 0.266983706654, 0.767406849348, -0.582929179193, -0.355923687744, 0.640639885137, 0.680366714407, -0.895565759106, -0.0258314758557, -0.444178686985,  
186, 3799773.6677805986, 96.80319834625007, 102.23191599463726, 97.92307697190806, 90.61447271872164, 0.0306677949233, 0.416118033855, 0.908793303373, 0.304142224278, -0.869991498491, 0.388088005438, 0.952132865605, 0.264500613334, -0.15323978524,  
187, 3678578.225949616, 95.7628646010258, 113.43581314580841, 99.77920253880585, 77.58918130770157, 0.302955322122, 0.949863973988, 0.0773078502934, 0.731390875455, -0.17973308027, -0.657847556169, -0.610970915919, 0.255840674592, -0.749172936728,  
188, 3240967.1859084284, 91.80408538095297, 98.23364543308504, 93.39124229955102, 84.33728406508963, 0.0975765831471, -0.716002446405, 0.691244751997, -0.353524999936, -0.674198368729, -0.648441696703, 0.930321925379, -0.181099575771, -0.318910738004,  
189, 3565459.1930094585, 94.7710342837734, 101.26763370652684, 93.64033065709303, 89.76215289228921, 0.730923680786, 0.591835075462, -0.339826156027, 0.60362880487, -0.32832724579, 0.726521497, -0.318406719146, 0.736160623183, 0.597230858276,  
190, 3805886.5171792344, 96.85508093955838, 102.77774351389928, 99.68535685651544, 88.68226541234344, 0.00602409102195, -0.961555081725, 0.274546052851, -0.231077424176, -0.268458701041, -0.935164771509, 0.972916715019, -0.0578078770063, -0.223810891139,  
191, 3418619.9966496155, 93.45174310326392, 96.62538795780614, 96.03117775057464, 87.95463151674849, -0.546554135859, 0.770229581431, -0.328671520615, 0.364579239038, 0.572186530502, 0.73463225683, -0.753896912739, -0.281689485427, 0.593540629411,  
192, 3834762.745263665, 97.09941872990302, 105.91926175595397, 95.93855959826192, 90.09107131455491, 0.49418537702, 0.717366083445, -0.491087278863, 0.474303089797, 0.250927862376, 0.843843461131, 0.728572159877, -0.64993931271, -0.21624406962,  
193, 3145706.797780087, 90.89567320203545, 124.46847996798786, 94.75354659731772, 63.67585295793193, 0.00432576392779, 0.948685765595, 0.316190774571, -0.303764305171, -0.300005802027, 0.904280800224, 0.952737390192, -0.0999591762053, 0.286879118135,  
194, 3890951.344196131, 97.57136864101804, 107.25155447419606, 98.49349402341954, 87.93384248288768, 0.185748365901, 0.258044836599, 0.948108858133, -0.408550187953, -0.857258819694, 0.313359314496, 0.89363543377, -0.445556032797, -0.0538101584198,  
195, 2904193.211844064, 88.50727415448917, 118.17525017361743, 85.04287077489481, 68.98782518010609, -0.847501918583, -0.261305480418, 0.462017254983, -0.0144596553114, 0.88147211817, 0.472014643053, -0.530595341448, 0.393352705332, -0.750827698505,  
196, 3354208.3624641355, 92.86109689765563, 117.53020374354188, 97.16317079801512, 70.12134859980533, 0.845936295274, -0.0104184240842, 0.533182183478, 0.460697974494, 0.517863733565, -0.720815184188, 0.268605957931, -0.855399678453, -0.442879475102,  
197, 3454115.7656812062, 93.77406873548856, 99.62163763257276, 93.75909286663885, 88.28383821708879, -0.318419336976, -0.361685015516, 0.876238024392, 0.552355926728, 0.680427084225, 0.481582716947, -0.770397336475, 0.637340515427, -0.0168822790906,  
198, 3428041.265530494, 93.53751128351556, 97.38102492906035, 95.56449487441158, 87.94001231745253, -0.313549201481, -0.919849000736, 0.235721687792, -0.0823387374064, 0.273642205412, 0.958300723019, 0.945995364985, -0.281065400329, 0.161539500324,  
199, 3492283.3605266013, 94.1182019611503, 102.12737277559842, 94.37496464325996, 86.50115445101504, -0.568979746816, 0.790708038021, -0.22592663925, 0.821506987253, 0.534076040115, -0.199722440573, 0.0372601342873, 0.299238336421, 0.953450628197,  
200, 3050673.7720667953, 89.97096659707508, 98.50722963513573, 90.53525959958468, 81.66224261116966, 0.768878873032, 0.559393069325, 0.309684795554, -0.459680426395, 0.146951450985, 0.875841981549, -0.444431304248, 0.815772434595, -0.370129910653,  
201, 3555205.544073051, 94.68009864443519, 103.32720043692736, 92.03697229352426, 89.2481287485049, 0.106294968707, -0.773026327324, 0.625405210157, -0.921481500329, 0.159736018602, 0.354056844182, 0.373595000206, 0.613933792542, 0.695350324798,  
202, 2597997.705545732, 85.28056152791605, 118.74545732422632, 87.15503732774897, 59.929500260778795, 0.324955176451, -0.29983463635, -0.896941092906, 0.243285892913, -0.889991254699, 0.385652098229, -0.913901585296, -0.343532760307, -0.21626172798,  
203, 3575340.020190588, 94.85849870948483, 110.77723628502143, 96.76518241240244, 79.626769260441, 0.55840975147, 0.568934656785, -0.603731650465, -0.261637802115, 0.811410084237, 0.522646472965, 0.787225641076, -0.13389186498, 0.601954116627,  
204, 3331992.287424109, 92.65562560306473, 107.75861680534715, 92.69705940188713, 79.6337949737939, -0.133564236798, -0.11509739907, 0.984333877999, 0.789033042946, -0.613333045406, 0.0353473132214, 0.599656111273, 0.781393091946, 0.172735011136,  
205, 3522244.189479504, 94.38658735791839, 106.38959423317264, 90.32570921417317, 87.50247140385952, 0.21741059801, -0.940101055005, 0.262569301807, -0.559464007212, 0.10040998835, 0.822750180112, -0.799832892864, -0.325772682431, -0.504122507804,  
206, 3416406.9903333182, 93.43157376210075, 108.27141910392709, 90.4295457405662, 83.3022657871096, -0.711603676528, 0.602215728409, 0.36187901847, -0.00347580746043, -0.518082047276, 0.855323863254, 0.70257250609, 0.607393783922, 0.370762275507,  
207, 3418152.2442595446, 93.44748073325984, 104.06879759275415, 95.49541201331785, 82.11069902333118, 0.433852384377, 0.30490422903, 0.847823990985, 0.440684363849, 0.748944426336, -0.49485304659, -0.785855839216, 0.588315950302, 0.190564798927,  
208, 2823574.1889743228, 87.68060369012984, 107.99881930349589, 102.4683683071032, 60.9118465985198, -0.983164645012, -0.126014849672, 0.132316055187, 0.0806942649999, 0.350258133032, 0.933170764566, 0.163938148075, -0.928137650301, 0.334192737352,  
209, 3112516.0104871443, 90.57485794919161, 110.71283307450756, 93.40103521323016, 71.85770305089122, 0.155937265396, -0.417033966814, 0.895414004684, -0.942489660648, -0.334126749556, 0.00851791073112, 0.295629512791, -0.84524670112, -0.445153013483,  
210, 3577893.2489849725, 94.88107351537079, 97.50740644468932, 95.39264074929461, 91.83036127389012, -0.727769112509, 0.428899771059, -0.535160821869, -0.337904330521, 0.454790464622, 0.824006247976, -0.596802129934, -0.780519455026, 0.186055362815,  
211, 3657700.7721719467, 95.58135615915397, 108.07741901361919, 93.64859656939785, 86.27467392118017, -0.0140812746015, 0.446690936429, 0.894577512023, 0.437414237924, -0.801766910693, 0.407232863824, 0.899149877477, 0.397035298468, -0.18409907551,  
212, 3035255.49251894, 89.81913772320915, 94.36675658828085, 90.43898703501578, 84.90473806838648, -0.144659464777, -0.988486693558, 0.0443587185237, -0.400664700465, 0.0175266111923, -0.916057102861, 0.904732798705, -0.150289302875, -0.398587115182,  
213, 2934472.7984222407, 88.81380832096289, 93.33746465919855, 90.97680901551614, 82.50015773482157, 0.156570979415, 0.514264376646, 0.843218642653, 0.921207318031, -0.383921960709, 0.0630952081524, 0.356177772483, 0.766900305775, -0.533855144576,  
214, 3282314.1572978143, 92.19283687179122, 95.60638841766747, 94.1849291471221, 87.02082743509037, -0.58761974036, -0.112372197497, 0.801296156217, 0.0108616520555, 0.98912463704, 0.146678140549, 0.809064314658, -0.0948943709085, 0.580008614692,  
215, 3668834.4744123053, 95.67823818953903, 100.05147320872683, 97.11741997532937, 90.14027626571811, -0.624754557346, -0.726747929007, 0.285515657643, -0.7801227514, 0.565506281659, -0.267602575009, -0.0330187192749, 0.389923188703, 0.920255220626,  
216, 3448200.7973967814, 93.72051064274761, 98.4940455605759, 95.8816735505907, 87.1682559557758, -0.485703024198, -0.643406605643, 0.591709820858, -0.759532986625, 0.64569640674, 0.0786498096092, -0.432668712196, -0.411222677072, -0.802305238265,  
217, 3174941.638211952, 91.17638708892397, 104.1249762387114, 91.45299725967654, 79.59655625131681, -0.499748703981, 0.0457576358995, -0.864960965377, -0.116641470251, 0.985952589979, 0.119550230998, 0.858280839986, 0.160635391714, -0.487391291103,  
218, 3771272.9093047143, 96.56056183575093, 102.50655211456856, 99.9876640937022, 87.84181559943359, -0.0766229083868, -0.0983415414957, 0.992198503893, 0.602399167475, -0.797531978352, -0.032526704883, 0.794508762026, 0.595207261987, 0.120350082438,  
219, 3467013.675153297, 93.89064339667809, 101.97645356231207, 92.80686184563639, 87.45546498271497, -0.137882357673, -0.306487810293, 0.941835270939, -0.84784302906, -0.455047717689, -0.272201713258, 0.512006497534, -0.836060282975, -0.19711050128,  
220, 3679796.0010897894, 95.77343070949696, 107.36205818544332, 94.17751735793478, 86.88345197239313, 0.824938203506, -0.40827499099, 0.390881685589, -0.462341831479, -0.885226092479, 0.0511350766027, -0.325141494216, 0.222904232636, 0.919019429507,  
221, 2680326.5054510394, 86.17203792742998, 104.8138073884557, 82.13851542161858, 74.32479936486243, 0.124092167538, 0.619386767956, -0.775216850718, -0.388118119779, 0.749310983242, 0.53656069134, 0.913217093059, 0.234292727318, 0.333378851866,  
222, 3705024.87759724, 95.99180830427878, 104.39782521242549, 93.84071949050939, 90.28585986653502, 0.290797758429, 0.806842393598, 0.514239259087, 0.69395552099, 0.192147580821, -0.693905643494, 0.658682319924, -0.558645378642, 0.504036647816,  
223, 3258035.2237148187, 91.9649605037849, 99.05956904710074, 96.09352643732225, 81.71026148722804, 0.196052663532, 0.858535954142, 0.473792537475, 0.933794442845, -0.310940835121, 0.177041620998, 0.299318044283, 0.407715357203, -0.862656881887,  
224, 1950818.933583227, 77.51328052870538, 87.61429102594438, 78.12206511746751, 68.04240984485513, -0.0642004440239, -0.968031842194, 0.242471968453, 0.609776507957, -0.230391360913, -0.758348489258, 0.789968931877, 0.0991674004653, 0.605074303994,  
225, 2218424.1250395407, 80.90685569452123, 112.14929896162512, 99.96768259814837, 47.23890068046065, 0.678608839705, 0.725611276728, 0.113922419915, -0.54968725604, 0.398839460804, 0.734010221354, -0.487169337316, 0.56072752705, -0.669515255381,  
226, 1501223.4178087104, 71.03170517100259, 97.66414833093692, 64.49977790194926, 56.89358947550286, 0.0922708334632, 0.657213872476, -0.748034771329, -0.346536939564, 0.725472020666, 0.594644849257, 0.933487141213, 0.204353304488, 0.294688792008,  
227, 3617435.202297825, 95.22932742844428, 108.21820380228749, 91.47319273997512, 87.24046910310372, -0.712604929772, -0.413951080931, 0.566426267629, -0.688721656412, 0.25898442966, -0.67719239894, -0.133628941674, 0.872680679166, 0.469650655443,  
228, 3594641.20433324, 95.02888777874345, 107.10732134254494, 97.03459559632682, 82.56979009126545, -0.688222915555, -0.373933618949, -0.621709632485, -0.0429790625948, -0.834421458302, 0.549448478116, 0.724225116026, -0.404863530766, -0.558196652419,  
229, 3340511.4634641972, 92.73452512624009, 109.43072627437336, 91.58763488116023, 79.56979358222952, 0.803529749757, 0.585684818877, 0.106363688319, 0.252222070718, -0.496838105437, 0.830382998398, 0.539188249407, -0.640410173188, -0.546946836337,  
230, 3878779.690912147, 97.46952162263547, 103.23952495773747, 101.97133299872, 87.9594306578469, -0.0617035674724, 0.834224964422, 0.547961110386, -0.177815766245, -0.549412418731, 0.81641138369, 0.982127396541, -0.0470606298172, 0.182239057519,  
231, 2485913.8416031813, 84.03608681837855, 111.00041369224697, 91.26656329331016, 58.58159184611944, -0.0511703132675, -0.992143920703, -0.114157959219, -0.979201093735, 0.0723147629266, -0.18956738404, 0.196333433395, 0.102083376099, -0.975208781367,  
232, 3241244.9271791577, 91.80670775194518, 103.62850109453403, 91.10074471009293, 81.96380230464035, -0.582471236466, -0.810100463816, 0.0668168931798, -0.775140565734, 0.528821903924, -0.345694225124, -0.244712815446, 0.253149427127, 0.935965280073,  
233, 3406452.086341552, 93.34073688698626, 98.65812219342014, 93.69188181650856, 87.97896902752572, -0.21684614576, -0.901555913181, 0.374399097858, -0.960008369415, 0.127366468004, -0.249322508974, -0.177092291537, 0.413490892567, 0.893120149835,  
234, 4143645.301401841, 99.63944987193923, 110.89635504031462, 98.63802961060797, 90.4341171081908, 0.26027504816, -0.740626995169, 0.619458274085, -0.554274294474, 0.410716813023, 0.723941783561, -0.790592755969, -0.531773780406, -0.303611166926,  
235, 3185773.1055691885, 91.27995362592357, 97.58033243827558, 95.76484804759541, 81.38751999939102, -0.409035870467, 0.909801939286, -0.0703568613778, -0.785202278057, -0.390201191629, -0.48083304024, -0.464916163632, -0.141433593333, 0.873984839383,  
236, 3570308.4046147955, 94.81397934709999, 112.38463356406227, 92.14272696655034, 82.30934165125642, 0.742971117586, 0.639440681931, 0.197761302397, 0.560212796194, -0.755777578542, 0.339060281886, -0.36627249612, 0.141123584367, 0.919743764601,  
237, 3203941.0139677655, 91.4531427047984, 105.19411044172632, 90.44896440677864, 80.38978708448296, -0.669117352876, 0.136994897912, 0.730420677436, 0.737755234838, 0.240736254781, 0.630684762067, 0.0894381437062, -0.960873796906, 0.262149508621,  
238, 3512396.7789012655, 94.29854396213445, 99.14497512905812, 92.85830963120529, 91.08009587949894, 0.891000299101, 0.258036822401, 0.373544462262, 0.359416697111, 0.101780795612, -0.927609997511, 0.277377188751, -0.960758902082, 0.00205602310697,  
239, 3475206.2120778924, 93.96453960390762, 103.04903036731704, 93.96921007493695, 85.67665153816631, -0.0581304436736, -0.727072994372, -0.684094812415, -0.0870219453562, -0.678954706685, 0.729004586608, 0.994508940405, -0.101908621444, 0.0238033680523,  
240, 1797930.1186610837, 75.4330033608048, 116.51451592045781, 73.65572288739214, 50.014699872183556, -0.0672947184711, -0.674038826587, 0.73562427986, -0.00781681727352, 0.737629174805, 0.675160794066, -0.997702519909, 0.0396845149818, -0.0549073859973,  
241, 3186431.8647421724, 91.28624486309461, 106.4643926259357, 98.72956763732937, 72.37097293276967, -0.150354099856, -0.618636894213, 0.771156299187, -0.954413155278, -0.112617997579, -0.276428500075, 0.257854946993, -0.777563875022, -0.573502612524,  
242, 2606710.065511319, 85.37578434127714, 125.15736861361425, 75.22102557344496, 66.10106329723246, -0.66482837492, -0.227961277139, -0.711362697944, -0.690721752701, 0.550217514326, 0.469216524938, -0.284441017167, -0.80330214929, 0.523258028796,  
243, 3118847.363318787, 90.63623091166659, 104.53420950172786, 89.00304456216482, 80.02804527649948, -0.562476128534, -0.700179665392, 0.439737468271, 0.133135641595, 0.448206253532, 0.883960437594, -0.816024206606, 0.555751374687, -0.158886449288,  
244, 3472242.8313381234, 93.93782350181402, 112.61201485434927, 88.96804195717155, 82.73756192792739, -0.63544743709, 0.619773823421, 0.460529002883, 0.772115436752, 0.515174666573, 0.372065606111, 0.00665635224456, -0.592009688031, 0.805903357886,  
245, 3379154.6354621113, 93.09074064682052, 104.43560403965687, 91.72752866265029, 84.21145693668532, 0.545320599261, 0.140860208991, 0.826307355374, 0.67977716162, 0.502451656919, -0.534270851722, 0.490437003663, -0.85305376969, -0.178243685598,  
246, 3108796.1677219416, 90.53876083459694, 98.38560882141037, 88.72813567643315, 85.01796487315923, -0.938275696095, 0.345520320295, 0.0159507486013, 0.343417708003, 0.936084687334, -0.0762216240181, 0.0412673714614, 0.0660391278075, 0.996963308077,  
247, 2455291.1513486095, 83.68959441127313, 96.32702679369199, 84.73247046072682, 71.8151984330875, -0.290620349652, 0.156967538018, 0.943875523772, -0.667283886621, 0.673739747092, -0.317501130462, -0.685763827439, -0.722105217539, -0.0910605720322,  
248, 3001982.7946548345, 89.48972973999497, 107.43949500254763, 99.65556973019683, 66.93512131123062, -0.525310511753, 0.741308950705, 0.417743828017, 0.850770300315, 0.466487431772, 0.242031758455, 0.015451936573, -0.482545868911, 0.875734390128,  
249, 3591301.519643705, 94.99944906336435, 106.91421164065993, 92.65744072068553, 86.54610387669194, -0.747439975033, -0.244841639038, -0.61756461647, 0.173670663081, -0.969293252254, 0.174095065756, -0.641226936824, 0.0228727551643, 0.767010334065,  
250, 4383656.167463274, 101.52725037940793, 124.13913854086005, 99.74469091697162, 84.51802838455995, 0.162526978916, -0.96398220159, -0.210530986181, 0.294624955671, -0.156221836128, 0.942757059593, -0.941690563094, -0.215251139219, 0.258622950345,  
251, 3938025.520402276, 97.96327727906724, 105.75466375741883, 97.74269476019944, 90.95070710291768, 0.323052021517, 0.667145851579, 0.671233047544, -0.250668893382, -0.623610718689, 0.740455790326, 0.91258013198, -0.407462985138, -0.0342259909725,  
252, 3631534.6929513807, 95.35289051172812, 109.72030723490792, 94.55598487074893, 83.5652180269285, -0.553371971249, -0.808798582977, 0.199058568293, -0.811840132302, 0.577172293392, 0.0882481916195, 0.186266102713, 0.112769658663, 0.976006118354,  
253, 3538713.3365823547, 94.53346815459365, 106.19424953991083, 99.68428658216877, 79.80481005892365, -0.36357351119, -0.695109079848, 0.620191638991, -0.811445089836, 0.563314883738, 0.155670189632, -0.457570943288, -0.446653902784, -0.768849219929,  
254, 3256512.9245135942, 91.95063489684432, 95.4460023628847, 94.71818970157017, 85.99497302549645, -0.172793417064, 0.388771080268, 0.90498590164, -0.344895971698, -0.884517885267, 0.314125578946, 0.922599156582, -0.257847159746, 0.286924447346,  
255, 3674415.838648689, 95.72673174898472, 113.928179165191, 88.83110494861809, 86.67692078276899, -0.613342847582, 0.509552579089, 0.603462277582, 0.772678127133, 0.545418576951, 0.324787758031, 0.163643096921, -0.665488350808, 0.728248715597,  
256, 2998129.659413791, 89.4514257603136, 97.45032849571754, 91.15751231260496, 80.57234974799059, -0.905362620969, -0.418196582843, 0.073689501635, -0.402037474243, 0.788308176357, -0.465763983572, -0.136690869691, 0.451311242036, 0.881835454581,  
257, 3168725.767041744, 91.11684678902357, 104.36410611736542, 92.95770554270274, 77.97573782015003, -0.323760977858, -0.0440941895697, 0.945110856811, -0.594044100364, 0.78695304944, -0.16678280727, -0.736403718105, -0.61543529345, -0.280978581989,  
258, 2776908.946710343, 87.1948851823075, 102.03398092405038, 85.46852404975608, 76.01897244557821, -0.683050877499, -0.642389292809, -0.347530567334, 0.157953088959, -0.594492041033, 0.788435181126, -0.713086474725, 0.483647815701, 0.507535683407,  
259, 3621171.1529279565, 95.26209923500127, 109.6664895220143, 96.59942097809915, 81.6040996981294, -0.686924839335, 0.599715151352, 0.410458283318, 0.519749339916, 0.0106614071562, 0.854252280099, -0.507931972573, -0.800142532076, 0.31902513945,  
260, 3342524.7064090646, 92.75315098011, 127.3695765622005, 107.02324510443233, 58.53858176869418, -0.0920791045853, 0.219262163071, 0.971311248954, -0.768084718532, -0.63641662731, 0.0708501350773, 0.633693382998, -0.739525510262, 0.227012589993,  
261, 3740874.79115125, 96.3004214323196, 105.32216620223126, 93.68878350933215, 90.5059602104764, -0.509331942522, -0.225237899056, -0.830571406416, -0.839845317275, 0.34063405639, 0.422644392699, -0.187725372229, -0.91281779587, 0.362660800425,  
262, 3402334.542255101, 93.30311322966836, 96.65831140908725, 94.5463975216223, 88.88003470363651, -0.636484102847, 0.710105026154, 0.301062848346, 0.753288515754, 0.656156066014, 0.0448957577834, 0.165663510938, -0.255362622293, 0.952546866185,  
263, 3158928.4790930864, 91.02284269298909, 112.82335405290588, 88.29920007971326, 75.69991785501728, -0.695352837159, -0.600809778893, 0.394350150808, -0.671192485666, 0.739046925666, -0.0575351097, 0.256875610053, 0.30469205971, 0.917157385463,  
264, 3324154.7579369103, 92.58292022002672, 119.0846018762399, 91.0652602323829, 73.1786314130741, 0.0402188588612, 0.802352040163, 0.595494455925, 0.834401175422, -0.354836107394, 0.421741645257, 0.549688204209, 0.479919306275, -0.683754588737,  
265, 2415496.2433737563, 83.2349875735553, 130.4322881674841, 93.92238595804795, 47.07209497441418, -0.437391078743, 0.0788077607602, 0.895811576773, 0.891549295426, -0.0922636739957, 0.443426733842, -0.117596335236, -0.992611077565, 0.0299056956821,  
266, 3077391.9764899365, 90.23286271382032, 96.6715242440327, 90.95551219670297, 83.55387916234429, -0.62295822148, -0.552852866172, 0.553422770273, 0.1213943511, 0.630576728399, 0.766574458955, 0.772778406668, -0.544726259664, 0.325709742287,  
267, 3291982.409517204, 92.28326797393186, 103.0298459691972, 99.5155902335906, 76.65045247707977, 0.317507871204, -0.046700535527, 0.947104963404, -0.554983207168, 0.80070457553, 0.225534526153, -0.768883860856, -0.597236337397, 0.228311992256,  
268, 3299381.886292877, 92.35235875599065, 102.87382372627842, 93.68918347659003, 81.72400468629998, 0.362999283074, -0.630392830508, 0.686175196092, -0.881851642112, 0.00542076970038, 0.471495807575, -0.300947174422, -0.776257363572, -0.553945217244,  
269, 3687168.410591652, 95.83734819605355, 121.95549081527119, 107.19823157690988, 67.33104977558119, -0.840691755895, 0.446217191662, -0.306802199204, -0.505651313873, -0.444113563155, 0.739648492056, -0.19378885507, -0.776951324658, -0.598992920462,  
270, 3065508.6676957556, 90.11656855665088, 105.34372245429185, 102.87522758737997, 67.52964543973677, 0.794893730731, -0.113085761099, -0.596117075315, 0.0724367096649, -0.957763943993, 0.27828250157, 0.602409229625, 0.264385775381, 0.753128994156,  
271, 2585725.622250058, 85.14607047038336, 114.88251554815757, 95.0990151311819, 56.50200688248818, -0.920286425909, -0.349072057976, -0.176696328846, -0.363825388544, 0.929636636297, 0.0583678944754, -0.143888779751, -0.118001791492, 0.982533254535,  
