# Void_ID, Void_Volume, r = (a*b*c)**(1/3.0), a, b, c, vector_a, vector_b, vector_c 

4, 1672064.0678062423, 73.62999453948999, 116.33149498391407, 80.12923331089857, 42.822893438234566, 0.433499138365, -0.797423007593, -0.419755933845, -0.671708710804, -0.596446026046, 0.439385418334, 0.600737800431, -0.0914805169176, 0.794194818768,  
24, 1062779.9189670926, 63.30697715175864, 112.11494029432197, 79.67768141833774, 28.40236817271932, -0.946789010615, -0.298601393703, 0.120115681978, -0.279643374625, 0.947945952277, 0.152309075863, 0.159342876862, -0.11061500459, 0.981006711676,  
42, 1067836.4511141868, 63.40721973701259, 119.95130762067674, 79.98202498636239, 26.571663883488984, 0.724525702933, -0.399604508056, 0.561585917675, -0.589180287205, -0.781886811006, 0.203763598182, -0.357671769866, 0.478507316471, 0.801936190183,  
59, 1038682.2905869521, 62.82483730202836, 103.7754463461856, 62.964324100728, 37.94940420606812, -0.975596228531, -0.153663537657, -0.156842328697, -0.109156534115, -0.280368689492, 0.953665690382, -0.19051732188, 0.947513015819, 0.256753256876,  
69, 2115511.9439076344, 79.63591189543472, 131.58731670228218, 89.91599826561387, 42.685057530037426, 0.840602568287, -0.0857959822086, -0.534814333789, 0.370543671455, 0.811268216289, 0.45226238931, 0.395075574712, -0.578344992783, 0.713745304425,  
81, 1146000.1150753924, 64.91803274674032, 118.35974928481872, 83.64636577831622, 27.634075427844188, 0.528334414334, 0.296652654077, 0.795524952129, 0.781175723107, 0.197210732342, -0.59234484608, 0.332606729124, -0.934400947066, 0.127544634788,  
100, 1136348.4300906013, 64.73527078774765, 94.87318570938726, 70.84590672356886, 40.36125484713873, 0.196939992115, -0.0495991607259, 0.979160131317, 0.413998595535, -0.901102938975, -0.128913367287, 0.888718066881, 0.430759116706, -0.156929222817,  
102, 521565.59473571467, 49.93519789312611, 122.2762213267622, 44.44825101261788, 22.909923549816355, -0.40717908582, -0.886384461728, 0.220290213305, -0.88986134609, 0.330651793445, -0.314350403572, -0.205795959157, 0.324024655696, 0.923393765246,  
108, 321127.0714322512, 42.48113417219545, 96.17840137993606, 51.50137921913435, 15.477182209608756, -0.967607342872, 0.168986384431, 0.187562341361, 0.252026402365, 0.60304271203, 0.756850170099, -0.0147892707923, -0.779604444154, 0.626097586743,  
118, 2451662.9866351867, 83.6483516014286, 113.94215958460398, 95.12340323700711, 54.000817554381165, 0.605258294653, 0.45183177819, 0.655370460863, -0.154291595196, -0.741097470816, 0.653428375877, -0.780933095986, 0.496611098312, 0.37884154554,  
129, 118270.48493713493, 30.450604790940975, 120.36580116662816, 90.13631862744296, 2.602464660383338, -0.811221609325, -0.428627659627, -0.397740908088, -0.558363738789, 0.365839535967, 0.744574622942, 0.1736359288, -0.826099124395, 0.536107079699,  
139, 2062539.6989612884, 78.96559323257446, 130.60051948749862, 86.07765057829677, 43.80043240434693, 0.491874476001, -0.586000443691, -0.643943304844, -0.591645584896, -0.767565991261, 0.246572405051, -0.63876051986, 0.259703540704, -0.724250695004,  
143, 989740.2625837895, 61.82216493821526, 106.74616912675283, 66.55509632139271, 33.258220929882874, 0.318943986977, 0.55284825274, -0.769826956279, 0.509496199957, 0.584889989093, 0.631123857011, 0.799179801672, -0.59351706808, -0.0951269388596,  
175, 1657400.703371213, 73.41412661712346, 124.56254970622422, 76.52089366623332, 41.51178293561334, 0.0704331786658, -0.987192048077, -0.143146874071, 0.947540584019, 0.111064645553, -0.299719011985, 0.31177878212, -0.114527309937, 0.943227165798,  
182, 1506773.2897341612, 71.11912988154147, 128.17384536689684, 62.5290325307893, 44.88261792184396, -0.0243060853977, -0.798126341433, -0.601999632328, -0.986436210592, 0.116931195097, -0.115198515819, -0.162335506425, -0.591034211128, 0.79014286343,  
205, 487678.74078329577, 48.829439393473635, 117.85489821740967, 70.55093716363159, 14.00215208445806, -0.897465792577, -0.432544077218, -0.0863757629077, -0.169908542489, 0.158302193931, 0.972662070087, -0.40704574478, 0.887606915622, -0.215563737665,  
215, 1045148.9622232286, 62.95494682701172, 132.1164060726919, 78.00290684554035, 24.21151947085479, -0.988928967131, 0.0966743377643, 0.112576953182, 0.14725215199, 0.733095662025, 0.663993640071, 0.0183385305879, -0.673219743277, 0.739215040133,  
293, 1862660.7031430018, 76.32761888075879, 93.39633097872037, 83.15826440168733, 57.25453750469819, -0.887074924292, 0.186390812262, -0.422322795735, -0.318696558684, 0.414577274145, 0.852383826246, -0.333961947198, -0.890721139789, 0.308358993637,  
299, 2300141.9614722896, 81.88832927614702, 118.57221719549729, 100.165869053468, 46.23419786986938, 0.932036022096, 0.183009238711, -0.312756250236, 0.362365592559, -0.47029735422, 0.80468103988, -0.000175627512084, 0.86332381941, 0.504650326459,  
308, 544918.4806141662, 50.66961945010742, 113.78142276006771, 62.867832815449376, 18.18624670122094, 0.200886436505, -0.97790364876, 0.0578713519002, 0.323702275914, 0.122021876049, 0.938257692925, -0.924587192317, -0.169750156135, 0.341062176583,  
312, 1108430.44037152, 64.2007268454813, 109.11011465788225, 74.6662750982119, 32.48107068440994, 0.656929068691, 0.600562887909, -0.455816208987, 0.655669194542, -0.156600906722, 0.738629855437, -0.372212447451, 0.784092069645, 0.496646272797,  
348, 295906.6433191931, 41.33856233424242, 120.2971409813214, 51.054046072140096, 11.502192571575947, 0.0590679898954, 0.744312714902, 0.665213916726, -0.735299409045, -0.418259997178, 0.533285433721, 0.675163499922, -0.520631498467, 0.522586922125,  
358, 843813.7233216232, 58.62092382143948, 128.15260531235322, 63.161870754599356, 24.88717207296066, 0.594928512194, 0.426692085079, -0.681170999023, 0.498559437062, 0.46884377123, 0.729125507643, 0.630474863174, -0.77338178328, 0.0661971615338,  
376, 899437.5165695248, 59.881701182612794, 98.48212483295899, 69.56426319094619, 31.342872022584633, 0.462931848742, 0.777809750902, -0.425095394967, -0.187783783036, 0.554751668904, 0.810547862052, 0.866274410478, -0.295402398856, 0.402872273185,  
382, 1880952.4940049725, 76.57665750408383, 116.02920945899912, 87.52771440173645, 44.21567877621048, 0.602948063474, -0.42546015014, 0.674860943747, -0.31430728966, 0.650819698292, 0.691118403735, -0.733256135617, -0.62882221729, 0.258685250107,  
414, 1044839.6865276393, 62.948736434514466, 103.45611516599502, 54.46615570180194, 44.26680334956158, 0.649560015693, 0.728929233557, -0.216180384122, 0.668949620056, -0.412783291247, 0.618155611715, -0.361356045805, 0.546142954668, 0.755744454976,  
433, 1570877.035030708, 72.11371355162669, 109.66537820165357, 68.13881143925302, 50.1867978877646, 0.338388738335, -0.699679030289, -0.629239474558, 0.491146376008, -0.439056931992, 0.752332538047, -0.802663253863, -0.563629545928, 0.195072898821,  
437, 1750475.3138708835, 74.7634143891941, 131.02526552937627, 71.51767349104276, 44.596312960258345, 0.219832599309, -0.362210958694, -0.905801771737, 0.780634014685, 0.622165425409, -0.0593356430992, -0.585050564821, 0.694055764926, -0.419526437517,  
457, 2125455.277432019, 79.76048521702671, 110.27426818136074, 82.18453001366738, 55.98853471987657, -0.545316297277, -0.431775592074, 0.718470579782, -0.798333680494, 0.0062383480071, -0.602183043271, -0.255525870536, 0.901959489724, 0.348102870404,  
459, 2568086.259625084, 84.95201137843539, 130.34657389937266, 79.88129002113743, 58.881153271419144, -0.00845287197316, 0.949883950745, 0.312488446304, 0.827105969245, -0.168984055619, 0.536041140759, 0.561982441536, 0.262992146393, -0.784226285163,  
481, 674507.6049871559, 54.404239914065926, 83.66259769808606, 68.34591181031888, 28.161407330628265, -0.249643190499, -0.121985079645, 0.960623712898, -0.483345864476, 0.875310073839, -0.0144585590223, -0.839079884595, -0.467922979751, -0.277476183283,  
498, 2823198.9486275166, 87.67671939838696, 128.8303619737451, 83.37024926815262, 62.75141846754423, -0.277035512861, -0.90976282287, -0.309164892471, 0.267693841336, -0.382096702188, 0.884501055674, -0.922817063087, 0.162276665913, 0.349392260612,  
506, 2620132.358626107, 85.5220705945213, 117.05394949605038, 99.60549229797411, 53.64944867902998, -0.89003474241, 0.419481995482, 0.178530145271, 0.452370028924, 0.764034548008, 0.460013658908, -0.0565642487401, -0.490189825391, 0.869778374558,  
515, 1745648.2317727413, 74.69462900029609, 136.62679732581876, 70.9771924443679, 42.974755934952924, -0.851445001519, -0.393947025944, -0.346189471442, -0.502296521411, 0.802375965911, 0.322321289874, -0.150796597992, -0.448328618401, 0.881057226266,  
526, 594221.2757435308, 52.15386870736701, 110.0635572645626, 76.35749158626211, 16.879687028593434, -0.960697657968, 0.0613152260936, -0.270740564053, -0.14051782081, -0.948532205423, 0.283798162978, -0.239404995791, 0.310688104574, 0.919868550211,  
537, 3195080.5929887835, 91.36876105755977, 118.3595674544196, 99.53605757974505, 64.74547232219909, -0.999701997819, 0.00985585584299, 0.0223333307393, 0.0158849572947, -0.432037153669, 0.901715900925, 0.0185360105754, 0.901801951625, 0.431751845806,  
549, 1145604.2352455533, 64.91055668594183, 111.03791111961836, 73.65471503560562, 33.440607966828324, -0.752275581444, 0.402082443689, 0.521930223344, -0.0600819114341, -0.830750901574, 0.55339235941, 0.656103355792, 0.384944993488, 0.649111499287,  
555, 1576929.6042711646, 72.20621259437266, 142.08077068571555, 60.00353333569035, 44.15822094905032, 0.6247353544, -0.275350890902, 0.730676141558, -0.422495015437, 0.667745632611, 0.61287334096, -0.656661022822, -0.691590671574, 0.300829925537,  
569, 1752403.551737002, 74.79085622057383, 116.79568607738145, 77.99203766676001, 45.927038957979605, -0.556001617559, 0.0183591334897, 0.830978425405, 0.0216816723288, -0.999095478476, 0.0365804589087, 0.830898373062, 0.0383557962562, 0.555100645412,  
634, 1219498.1074603691, 66.2772032366036, 114.45535722024424, 68.97145709221894, 36.87966735762505, -0.599235091437, -0.745958239249, -0.29062623847, 0.00201403057408, -0.364426259031, 0.931230071148, -0.800570577071, 0.557440406703, 0.219879385353,  
656, 885452.1867307202, 59.569712192953304, 92.86427822747038, 75.31889205772836, 30.222048278377738, -0.289654406673, -0.766256695201, -0.573542502134, 0.388392573276, -0.641775629369, 0.661267911343, -0.874786564665, -0.0312204837751, 0.483501548781,  
680, 3037276.6512108026, 89.83906997724434, 137.35098634886066, 87.20547820340596, 60.536901968747834, -0.385749215589, -0.560905590876, -0.73251789111, -0.922569883611, 0.227715879582, 0.311464746062, 0.00789636154316, -0.795946227022, 0.605315827617,  
698, 1578329.2638302306, 72.22756933495157, 121.70458518302843, 65.2548115915858, 47.44489818791433, -0.790994123536, 0.494387210659, -0.360429719181, -0.155153689651, 0.407762274399, 0.899809568834, 0.591823984914, 0.767666082039, -0.245831562999,  
735, 1644439.6392927167, 73.22225662549819, 101.99072981063445, 78.74530266208524, 48.881437779506705, 0.477368224983, 0.53376249822, -0.698009436377, -0.56807510407, 0.793501819281, 0.218278581025, 0.670380678356, 0.292322524436, 0.682009741716,  
761, 1384122.4078732645, 69.13457489989231, 88.0517950941698, 74.18568615724202, 50.58567600752016, -0.977445238304, -0.0876185013752, -0.19215567734, -0.072261068918, -0.716200359576, 0.694143632732, -0.198441790045, 0.692372763156, 0.693715224573,  
774, 1212427.0882850157, 66.14885642254194, 112.18728700726695, 78.93838574654434, 32.68399495829552, 0.0231661328527, -0.981298357028, 0.191093863802, -0.931790660255, -0.0904557591499, -0.351545048463, 0.362256118997, -0.169915538226, -0.916460154136,  
827, 2077105.4811338775, 79.15104398531032, 123.0976874241739, 87.70366043441312, 45.93062220698926, -0.227384535982, 0.950947570032, -0.209749831577, 0.670551996402, 0.309091246887, 0.674405383444, 0.70615599758, 0.0127011868689, -0.707942361308,  
840, 538728.6978485921, 50.47703466746695, 107.28872813908544, 58.347591049464434, 20.5449209324731, -0.475606034367, -0.616526983605, 0.627449901235, -0.0306602839426, 0.724473166596, 0.688620779436, -0.879123908822, 0.308274405959, -0.363466702146,  
861, 2109471.8290765737, 79.5600486877061, 145.07622478239793, 62.737775206994606, 55.329884187213764, -0.485438177275, -0.779770470129, -0.395357799921, -0.777848200345, 0.178768137497, 0.60248994202, 0.3991264878, -0.599999972442, 0.693323935694,  
870, 3793525.9183132765, 96.7501132621195, 111.56377069210149, 97.871227454156, 82.94232915447786, -0.542172993299, -0.780659344499, -0.310836666408, -0.832382933793, 0.448429753862, 0.325652279867, 0.114835085527, -0.435295007665, 0.892934017402,  
888, 2158986.0933628143, 80.1777279526074, 126.33205678913825, 83.42587766426664, 48.904281709169744, -0.0221775467497, 0.883128725978, 0.468606241713, 0.53145431712, -0.386595445257, 0.753724266905, 0.846796590236, 0.265758565353, -0.460768835433,  
895, 2409464.5002342905, 83.16564771026495, 96.23979032543855, 86.78105892893782, 68.87352472566891, -0.986030323476, -0.166211842397, 0.0108547055426, -0.15910788781, 0.959160371994, 0.233871889788, 0.0492836810925, -0.228877705868, 0.972206827036,  
905, 1151222.7472047773, 65.01649965563563, 119.5028329767047, 93.77058794359822, 24.52595420502742, -0.349827787264, -0.921747981175, 0.167335526588, -0.923013555653, 0.308584522289, -0.229829433897, -0.160207663175, 0.234853681691, 0.958737322136,  
931, 574962.4690188806, 51.584231224492164, 128.881102825859, 62.45771055361964, 17.052010175983376, 0.515186375156, 0.579883377981, -0.631124604808, 0.725727327756, 0.096599398205, 0.681166941369, -0.455963643947, 0.808952300329, 0.371070520509,  
945, 3244273.1207858734, 91.83528956319519, 139.3014902795086, 86.76507415454188, 64.08082496699558, 0.0493249782244, 0.242295624899, 0.968947819378, -0.315942931487, -0.91652734858, 0.24527063287, 0.947495177068, -0.318230183138, 0.0313438985065,  
947, 2520656.1491231564, 84.42576391225063, 127.38972751719055, 80.01567782940585, 59.03580636906936, 0.826436780831, 0.273875109476, 0.491929539364, -0.301143524121, -0.523221840654, 0.797214828853, 0.475725577586, -0.806989051891, -0.349934058014,  
950, 768600.5829078273, 56.824728149805864, 99.66769317890066, 80.56411217147007, 22.85157130714503, 0.673304038508, 0.739296498331, -0.0101172765325, -0.432616835114, 0.405022794231, 0.805480732314, -0.599586812484, 0.537956525854, -0.592535594362,  
957, 1516984.1763257093, 71.27941834778619, 123.85570405726011, 67.66151601903834, 43.21501863820703, 0.782348057537, -0.538483837266, 0.312996284117, 0.401726864476, 0.820291486893, 0.407108588573, -0.475969582249, -0.192761597665, 0.858076874901,  
962, 1561324.8519929065, 71.96724667341239, 101.41013238748883, 66.52131131304584, 55.253845860831035, 0.22276218191, -0.195823012021, -0.955002805375, 0.652675427714, -0.697716118552, 0.295308320185, -0.724149015306, -0.689090390207, -0.0276158967953,  
969, 2284736.616412575, 81.70510219978578, 108.83443120890418, 92.50977287129821, 54.174337136508306, 0.311378365639, 0.946167080486, 0.088381950744, -0.000687482943787, -0.0927813170074, 0.995686273171, -0.950285767956, 0.310095925513, 0.0282396211218,  
984, 1270685.0816121201, 67.19182553757514, 143.79745892392722, 70.68007370693617, 29.847029615788866, -0.814239773566, 0.571356014335, -0.102790544445, 0.552919274504, 0.817217085232, 0.162593085605, -0.17690072647, -0.0755548839464, 0.981324407363,  
996, 2105059.965765465, 79.50454458071326, 114.39370364827528, 81.16311501344553, 54.12713433233775, 0.392357712598, 0.844663246537, -0.364142040026, 0.773285353295, -0.517279376338, -0.36667670937, 0.49808150713, 0.13771727112, 0.856124269888,  
1006, 869354.8849518646, 59.20651472750837, 105.17469199170192, 75.40253882788349, 26.17045489971502, -0.25897548725, 0.143945759476, -0.955097542313, -0.408025431596, 0.879966110708, 0.243258897426, -0.875469556395, -0.452702178408, 0.169156121648,  
1015, 1736731.789941724, 74.56723649687169, 107.73852362995504, 81.61200258830604, 47.15405979974967, 0.0581089448088, -0.511201011983, 0.857494534024, -0.172842054556, -0.851126014745, -0.49569156862, 0.983233936919, -0.119407003028, -0.137815067818,  
1018, 1724352.431903398, 74.38964305930268, 104.02113658756112, 76.28637414342793, 51.876283648300884, 0.447864759606, 0.754108678764, -0.480351181654, -0.448131392785, 0.654219097532, 0.609241846253, 0.773689480285, -0.0575975089538, 0.630941451371,  
1026, 1219449.4036579574, 66.27632090783675, 138.12959823045807, 61.09851263789879, 34.495130294275235, 0.544167878112, 0.739225432453, -0.396770816022, 0.757220730444, -0.636376072287, -0.147113085775, 0.361245187949, 0.220388871398, 0.906052238862,  
1027, 1054829.3607575677, 63.14871730521721, 108.86076270597837, 66.25818597303793, 34.91263966797481, 0.441600653879, 0.894329768978, 0.0718549011032, 0.504688645711, -0.313821138497, 0.804242291802, 0.7418074099, -0.318889569212, -0.589941699886,  
1028, 1629873.1870498718, 73.0054140913443, 112.20189639985504, 99.5815113159458, 34.82461273167733, -0.234052346523, 0.0797740479991, 0.968945612691, 0.821032537648, -0.517548625132, 0.240933585759, 0.520696717111, 0.851926946334, 0.0556363810846,  
1043, 1094856.8751593977, 63.93758771455343, 115.71874646182857, 96.87931106149018, 23.31492261787114, -0.567738128936, 0.407407489266, 0.715326886564, 0.816610882155, 0.168923081612, 0.551916352036, -0.10401963323, -0.897487676901, 0.428597463495,  
1051, 1794676.544620775, 75.38747414338751, 118.35761482719435, 66.27770836647518, 54.617760567710235, -0.622197710797, 0.614896225403, -0.484533425744, 0.766044180308, 0.350613221906, -0.538745470923, 0.161388731003, 0.706380209667, 0.689188419009,  
1067, 623110.5528580885, 52.98571905134824, 124.22652881990545, 107.76477254446363, 11.111823394527907, -0.963237574488, 0.26836935508, 0.0122989572091, 0.261511283772, 0.947139457518, -0.18584589442, 0.0615241704887, 0.17579743248, 0.982501928333,  
1070, 336323.16111070284, 43.14091866973077, 110.07197432969649, 48.43795313662084, 15.059329227621308, -0.761957967281, 0.209913763941, 0.612663258083, 0.625416417457, 0.484124998925, 0.611945496096, 0.168149816748, -0.849446406269, 0.50016641431,  
1081, 173247.66475536724, 34.5827554309094, 59.61269717524376, 41.745429294469474, 16.620002187620432, 0.242832800373, -0.183402273343, 0.9525732713, -0.691764152185, 0.65567106404, 0.302585216977, -0.680069547043, -0.732433657005, 0.0323473224765,  
1086, 1538258.812730993, 71.61108724597156, 101.0746273092783, 79.49866545106484, 45.70237986463058, 0.447960685614, -0.107485809206, 0.887568602962, 0.0542231460887, 0.994185678422, 0.0930305715785, 0.892407459949, -0.00645272339483, -0.451184316868,  
1089, 1452169.9352883212, 70.24945251809149, 101.87947258191264, 73.15578799718487, 46.51504561704416, 0.873953948828, -0.27366186217, -0.401638743799, -0.358964295363, -0.920585161214, -0.153842762609, 0.327641770813, -0.27862545854, 0.902783874397,  
1094, 785540.1014932836, 57.23915982211094, 106.14583677761273, 53.16864010371231, 33.229303137352346, 0.693238695055, 0.525114907126, 0.493633919005, 0.509449540176, 0.127435424401, -0.851011973254, 0.509785521266, -0.841436002867, 0.179176380659,  
1097, 1032749.3408037178, 62.704990402736584, 105.36464354530308, 83.43646666596813, 28.04500426615038, 0.342160842534, 0.933065984083, 0.11096768531, 0.833180570265, -0.246670236718, -0.494938310955, -0.434437676968, 0.261804628806, -0.861813344737,  
1106, 2275624.4974663765, 81.59633713620003, 132.5680197446887, 82.85052571246403, 49.462715290611584, 0.11995216514, 0.907501735643, 0.402556925021, -0.766019362121, -0.173332986567, 0.619007279944, 0.631526575002, -0.382617662389, 0.674372233633,  
1107, 2070942.0212327857, 79.07267730002572, 120.43734544864752, 68.88962916584462, 59.58875469276465, -0.145220774409, -0.978171382552, -0.148632678222, 0.26317687002, -0.183003031177, 0.947231664202, -0.953755137216, 0.0984410327828, 0.28400792471,  
1109, 2463447.1586069087, 83.78215893104004, 128.39460087283666, 78.61752661219549, 58.26241787628904, -0.456143234901, 0.509654845838, -0.729510306554, 0.887991608606, 0.314420876655, -0.335574753771, -0.0583459707149, 0.800869184348, 0.595990182187,  
1112, 1129604.0998090098, 64.60694669265492, 89.22082819548072, 68.56031679732628, 44.085785646679135, 0.120595080485, -0.276002137922, 0.953561558802, 0.810996398108, -0.52656618268, -0.254976268533, 0.572487265203, 0.804083873188, 0.160335448543,  
1118, 2416603.693044086, 83.24770607479299, 119.65300533723226, 82.8007231118436, 58.23164847145315, 0.255489645166, -0.894070660726, -0.36791669552, -0.804180777533, -0.407763475207, 0.432460663336, 0.536673381359, -0.185382312847, 0.823173784704,  
1120, 668239.9392857586, 54.235203396005836, 127.70241493475534, 81.8190542015191, 15.268284882108428, -0.844910452834, 0.476107567412, 0.243819422821, -0.133525147324, -0.62911065347, 0.765761595226, 0.51797428674, 0.614443951832, 0.595114500187,  
1122, 866857.2818353674, 59.14976145139228, 117.40976799218079, 56.22563667207196, 31.348760988428978, -0.472545397503, -0.0617506358667, -0.879140322286, -0.120396979208, -0.983666746127, 0.133806950347, -0.873043764479, 0.169075697643, 0.457392603537,  
1125, 572847.8173284519, 51.52091307004917, 98.69404894512732, 61.847577161059306, 22.404589747615784, 0.890878208993, 0.419238005755, -0.174858546467, 0.337658837478, -0.353705053551, 0.872283924285, -0.303846221327, 0.836141273723, 0.456667542269,  
1128, 297069.5288308652, 41.39264378253986, 128.36540737134555, 70.67467822052683, 7.817315766823305, -0.177358795671, 0.123115885261, -0.976415043101, 0.0444909462502, 0.992132926717, 0.117016287009, 0.983140078168, -0.0226877614627, -0.181441043261,  
1139, 1470038.8843207941, 70.53641848353803, 92.02026612974002, 70.13560677953053, 54.377366346923715, -0.678351668217, 0.479734308141, -0.55650157935, 0.149324278757, 0.831624820052, 0.534885425533, 0.719403415339, 0.279741223751, -0.635770063571,  
1150, 1184259.8596154936, 65.63257849175397, 119.22977379986878, 59.9864854835362, 39.52940358414878, 0.819078680663, 0.22257584078, 0.528743898296, 0.476379720125, 0.249650651019, -0.843052142337, 0.319644297834, -0.942408906763, -0.0984529091255,  
1151, 1582494.7248208253, 72.29105351901705, 104.25825145290989, 64.99581862452548, 55.751660469339335, 0.29534070463, -0.784138023503, -0.545803470387, -0.523209183673, -0.610752916324, 0.594334102439, -0.799391029665, 0.110038335587, -0.590648411826,  
1158, 1937646.2394367147, 77.33841967486048, 93.82139317596422, 77.50165594253498, 63.61697594482846, 0.4090231784, -0.203578606684, 0.889525598526, 0.849129326054, 0.441901596695, -0.289313612666, 0.334184720128, -0.873658245391, -0.353612560713,  
1159, 2677757.719686904, 86.14450045431671, 126.69513728893301, 86.80310197589941, 58.12828086352895, -0.988549604462, 0.0695335096744, -0.133920762211, 0.102384849978, 0.961030386138, -0.256783837914, 0.110846840341, -0.26755501855, -0.957145386049,  
1161, 2056155.3816546267, 78.88403319154536, 122.33187103258996, 86.67040542364143, 46.297429088843266, 0.663323879475, 0.312030338502, -0.680175344137, 0.691599923438, 0.0915351683267, 0.716457157728, -0.285816334066, 0.945652357272, 0.155082695256,  
1163, 1646474.6982438362, 73.2524493181305, 130.69940322891298, 61.57236495670759, 48.843526494343195, -0.860760265505, 0.17583680965, -0.477674765609, 0.452225602678, -0.166559175981, -0.876213470097, 0.233631696501, 0.970226497921, -0.0638496133226,  
1169, 3287636.321637489, 92.2426391804297, 117.41547729103637, 98.85536647363486, 67.61912743391854, 0.888178342288, -0.19747238371, -0.414902265555, -0.0446251710283, -0.935746398621, 0.349838922333, 0.45732682668, 0.292204269545, 0.839921924026,  
1189, 803014.851178522, 57.66048919805387, 95.75583309684703, 82.22382679490086, 24.348490578719556, -0.521701180286, -0.849806697616, 0.0752094088265, -0.849163863447, 0.525743992098, 0.0501396827661, 0.0821499330708, 0.0377071804885, 0.995906399736,  
1190, 804782.3144000351, 57.70276243619466, 140.3007719319623, 103.32527926251193, 13.253273683661602, -0.037840119962, -0.807835639171, 0.588191895053, 0.741576909427, -0.417237228995, -0.525334923782, 0.669799830341, 0.416310791148, 0.614860563419,  
1196, 1788394.169069324, 75.29940513738002, 113.06497946451752, 90.65353276880825, 41.65448740815288, -0.517240264367, 0.705257522667, 0.484844651037, -0.742220566179, -0.0875879565984, -0.664407240328, -0.426111652104, -0.703519848036, 0.568760655603,  
1204, 4004821.776377445, 98.51405479807053, 125.78672966772842, 94.41880672875405, 80.50099548474496, -0.0312594315378, -0.996046520443, -0.0831515306697, -0.564118226073, 0.0862570881905, -0.821176194096, 0.825102099714, 0.0212377929568, -0.564584343741,  
1218, 1093991.3160038614, 63.92073426216496, 99.84341515710359, 69.32871131739465, 37.730512994113774, -0.482996731282, -0.847707757314, 0.219330152421, 0.0192595712094, 0.240139348631, 0.970547351836, -0.875410318929, 0.47299540318, -0.0996600325239,  
1219, 1397646.5922495786, 69.35901553094297, 112.16239909401213, 96.04205708434806, 30.974194214878843, 0.533999326522, -0.558882861782, 0.634424673292, 0.714912598201, 0.699071929721, 0.0140859507657, -0.451380877095, 0.446036303324, 0.772856338468,  
1221, 249404.4685525174, 39.048576550881805, 126.8620479018204, 41.63334553039023, 11.27308008825523, 0.927032390168, -0.0845401345293, -0.365327131807, -0.179217502338, -0.955668521219, -0.233620984516, -0.329381290355, 0.282047235768, -0.901086745191,  
1223, 1289072.515293484, 67.51437420219399, 100.76002983253802, 60.93074698423034, 50.12610386342417, 0.162245150261, -0.629276254065, 0.760057831541, -0.692246787996, 0.476324398376, 0.542134164226, -0.703186245405, -0.614106231511, -0.358333142051,  
1228, 3390179.640340985, 93.19187163152746, 130.1651792106439, 102.40225059963947, 60.71972273561287, 0.87236880088, 0.0805183665374, -0.482171616649, 0.215095584468, 0.822507134395, 0.526512966043, 0.438983558683, -0.563026470532, 0.700210417437,  
1233, 828315.4198211973, 58.25980754317508, 85.98127573533547, 66.62500727254357, 34.51961813984476, 0.365933013795, 0.861937063571, 0.350938068408, -0.381546807131, -0.204993187613, 0.901332251171, -0.848831587173, 0.463726526603, -0.253855559603,  
1252, 1159156.379521284, 65.16551124790489, 120.9629947204411, 69.89921002923944, 32.728690003202786, -0.301855655769, 0.711071883692, -0.635027510666, -0.0176901062007, 0.661806221743, 0.749466200042, 0.953189500164, 0.237464315394, -0.187191013917,  
1253, 312323.62617997633, 42.08933618917478, 142.55238045605248, 64.53802275532092, 8.10449762392111, 0.801128067801, 0.511462775343, -0.310804839762, 0.359054694568, 0.00474472311961, 0.933304459387, 0.478825171947, -0.85929233503, -0.179841979719,  
1254, 599503.4151619639, 52.30794808753306, 81.25970570529189, 48.62854741191108, 36.21900456806985, 0.220930488896, 0.186153757895, 0.957359126711, 0.920236499429, 0.28534600709, -0.267847795132, 0.323039477765, -0.940172555789, 0.10826384967,  
1257, 2510447.4877805067, 84.31163487378561, 108.18850554938139, 78.35481144041097, 70.69940202932436, -0.528631952283, -0.809021213627, -0.256968743092, -0.843255221559, 0.535208976751, 0.0497190357736, -0.0973082233856, -0.242973305337, 0.965139929003,  
1262, 784048.7719185543, 57.202914471809095, 131.08413723310213, 85.87630425234691, 16.62765418390883, -0.578297441207, -0.363318474814, 0.730459961499, -0.810839792089, 0.354804614822, -0.465459468554, 0.0900605410798, 0.861460022961, 0.49977567746,  
1269, 4555076.841475325, 102.83375618140488, 135.97914749111015, 97.05775014583993, 82.39570316897264, 0.257118420431, -0.294560631794, 0.920393476765, -0.403308321828, 0.832799020641, 0.379194130709, -0.878198448768, -0.46870014446, 0.0953292146382,  
1270, 1512049.6076759982, 71.20204657700698, 116.51032857978917, 76.280584080865, 40.61617238954637, -0.761630070721, 0.0791612994228, -0.643158708288, -0.628833030107, -0.329968655938, 0.70405234631, 0.156488515933, -0.940666877684, -0.301093290541,  
1279, 3945660.8064616923, 98.02654881393052, 116.95648231249298, 102.08970562687121, 78.8905328533819, -0.773674904863, -0.604691888966, -0.189142435756, -0.627705903857, 0.690980771243, 0.358512024953, 0.0860955274521, -0.396097580392, 0.914163151172,  
1288, 3881442.844785448, 97.49182390749144, 125.72555715572591, 103.57305183864435, 71.15972222004292, -0.658686572734, 0.308969470079, -0.686053835686, 0.724993204399, 0.0166955825227, -0.688553637053, 0.201287983933, 0.950925404058, 0.234997922206,  
1289, 2284951.1190162655, 81.70765908221216, 111.82216037820956, 91.70224385245973, 53.19618204262713, -0.151601462706, 0.0627465745366, 0.986448105016, -0.864140252159, -0.492919225734, -0.101450783638, 0.479873546993, -0.867809601402, 0.128949116359,  
1290, 2456419.643630066, 83.7024141530754, 105.97122900036294, 94.55251116752862, 58.52654859198578, -0.467793600057, 0.135569060315, 0.873378599252, 0.552624926395, 0.816048567405, 0.169323437134, -0.68976433546, 0.561859204358, -0.456661139146,  
1292, 1521946.8667585573, 71.3570620154407, 124.084630391966, 82.64749820596973, 35.42934949115349, 0.5526829358, -0.539028675536, 0.635601808859, -0.441505817408, 0.457474497085, 0.77187414629, -0.70683391661, -0.707223565407, 0.014854052104,  
1295, 3558259.6702099754, 94.70720276886289, 118.21541338798652, 97.42124813121312, 73.7600554327404, -0.218540788229, -0.855965926237, -0.468574708026, -0.969996858125, 0.138136908395, 0.200060715201, 0.106517693871, -0.498237420976, 0.860472807956,  
1300, 1248509.5874474419, 66.79866107235863, 115.06626048855809, 71.71578955202529, 36.119396805813345, -0.906922641829, -0.325448195804, -0.267534658664, -0.419117367263, 0.632449551403, 0.651420138919, 0.0428013340648, -0.70291609512, 0.709983808987,  
1305, 1425883.3033542477, 69.82299251025037, 120.79862337752562, 88.18958206793859, 31.953328535254077, 0.786395456383, -0.118696443144, -0.606212290015, 0.230552482291, 0.966848536794, 0.109770031474, -0.573086153288, 0.226086402257, -0.787691055951,  
1308, 1435593.7495510245, 69.98113520688003, 120.80757672861439, 93.07029090652846, 30.481596174813102, -0.965775180094, 0.216967696095, -0.142138384563, 0.165655245394, 0.93761734842, 0.305666562801, 0.199591185147, 0.271659210763, -0.941469400469,  
1311, 2721424.7204874037, 86.61023933570907, 134.74298422488312, 108.40511062285546, 44.478670513534055, -0.739464569453, -0.00959495056118, 0.673127096058, 0.640386191866, -0.318374157995, 0.69895881194, -0.207599797186, -0.947916574623, -0.241570883517,  
1312, 1671163.3543279746, 73.6167710748029, 116.57480354883509, 66.84882101398617, 51.19550720635851, 0.735515984739, -0.66959738268, 0.103225875157, -0.603860401468, -0.71699311246, -0.348243438164, -0.307195136245, -0.193804596936, 0.931703239489,  
1314, 1515247.417531398, 71.25220592811787, 112.21264977391874, 73.96947402372669, 43.581341541826525, -0.520869434496, 0.649364494331, -0.55409456387, 0.838426360666, 0.267181216352, -0.47503203615, 0.160425278396, 0.711997156687, 0.683610838797,  
1316, 1340487.0719264145, 68.40030005338751, 133.65553290267889, 89.09894332785098, 26.8728993293979, -0.339182602315, -0.516089846787, 0.786515373232, -0.927214324094, 0.0422405462296, -0.372141550285, -0.158835636687, 0.855492259636, 0.492853156854,  
1318, 780014.5394566905, 57.10463538597209, 127.00071630448704, 62.28116203037349, 23.542425853670608, -0.965723721953, -0.195176817334, -0.171124816533, -0.124792399259, -0.228967869257, 0.965401767108, -0.227606128971, 0.953666464139, 0.196763119592,  
1319, 1073361.1035826541, 63.51638141743826, 114.57978293609054, 52.575097573854876, 42.53722568759432, 0.145233515622, 0.0975591782721, -0.984575762791, 0.581490011408, 0.79670399461, 0.164718279512, 0.800485223207, -0.596443586358, 0.058978434361,  
1320, 1402366.5577197168, 69.43700480454724, 138.01692983832052, 61.28525053850198, 39.58080375415926, -0.699895796621, -0.566150338724, -0.435453404896, -0.109647345542, -0.517276192709, 0.848765456455, -0.705778530056, 0.641793685244, 0.29996255115,  
1321, 1624188.06394726, 72.92043237288047, 115.61639782063064, 105.20573604743767, 31.877837457786754, 0.913800237526, -0.37271341249, 0.161412013332, 0.197875442579, 0.755577150203, 0.624458548917, 0.354703305767, 0.53869089675, -0.764197410776,  
1324, 1160314.0834091215, 65.18719864776442, 123.85977689945159, 119.1122794270428, 18.775872398686488, 0.627172549701, -0.723735613115, 0.287856483704, -0.741245895038, -0.441117633464, 0.505934537798, -0.23918427204, -0.530680690958, -0.813122923212,  
1325, 3711788.9972856217, 96.05018896012069, 121.82827355258216, 113.59302765379626, 64.03168136083708, -0.982588339022, 0.122770025551, 0.139454927643, 0.157152914471, 0.949571007583, 0.271326119329, 0.0991116415521, -0.288517629241, 0.95233106645,  
1327, 3330314.882330629, 92.64007463604489, 124.4030287838513, 96.86931137276608, 65.97501875486995, 0.34342541064, 0.00420179838728, -0.939170555446, -0.825993251319, 0.477275942959, -0.299904689941, -0.446983373407, -0.878743431932, -0.16737934381,  
1329, 2048540.7642193013, 78.78653492463602, 95.45027415040548, 82.14891151847888, 62.37018147532036, 0.607253715523, 0.30472460072, 0.733747805925, 0.175602517933, -0.952162092815, 0.25010218852, -0.774859136023, 0.0230275209906, 0.631714375805,  
1333, 2908408.809116395, 88.55007785375079, 129.872575098524, 102.83142226328545, 51.99044656226616, 0.045563146953, -0.0863333572322, 0.995223869825, -0.925517704561, -0.378584398837, 0.0095305562103, 0.375953425552, -0.921531553658, -0.0971525472109,  
1340, 2420402.152386433, 83.29129996869992, 125.87799783698789, 102.93668039971945, 44.594257367869474, 0.537569603928, -0.231879523806, 0.810710063692, 0.7824664455, 0.495509733593, -0.377115851671, -0.314269283576, 0.837079440886, 0.447808918007,  
1347, 1533818.405778327, 71.54211557790127, 93.9466125235947, 79.37731253175195, 49.102976589234174, -0.767058683147, 0.105173948061, -0.632897635687, -0.321776247014, 0.790365363673, 0.521327765196, -0.555050469297, -0.603540415015, 0.572414136773,  
1350, 3038519.2541536656, 89.85131988455367, 123.51518999787757, 99.6983515065, 58.906746296224036, 0.621671156569, -0.0523162598894, 0.781529258596, -0.59797491449, -0.676152396049, 0.430399743214, -0.50591597596, 0.734901997731, 0.451628253102,  
1355, 821977.17634008, 58.110826157311216, 112.94189479204252, 78.3036093028873, 22.18882470576812, -0.493436738938, -0.826292866049, 0.271588446336, -0.109736144433, 0.368895695139, 0.922970175419, -0.862831480227, 0.425624324522, -0.27270088211,  
1357, 1996930.144674446, 78.11925409626414, 125.02722526703513, 70.38636952752786, 54.17277781166976, -0.0525768832785, -0.0539245930432, -0.99715987164, -0.137283728251, 0.989450524908, -0.0462691767368, 0.989135404938, 0.134461135736, -0.0594251939354,  
1359, 3922205.849663332, 97.8319232439585, 105.22394866926169, 100.89105256916085, 88.20120644223044, -0.333154596968, 0.7306044864, -0.596007633317, -0.382879308467, -0.682484624968, -0.622589890563, -0.861633013334, 0.0207803064186, 0.507106230683,  
1360, 949103.6452306868, 60.96421846412806, 116.30350691555523, 54.990518148088896, 35.42781841096686, 0.475106569978, -0.628451001485, 0.615892105726, -0.686504481842, 0.17311056035, 0.70621833048, 0.550441044595, 0.758341659562, 0.349188464583,  
1362, 477066.9795238619, 48.47266706126844, 81.93743513758817, 47.07144474092005, 29.529143817603753, -0.984324787065, 0.0667080648632, 0.163262817725, 0.167061454738, 0.64936278753, 0.741901907608, 0.0565259578432, -0.757547361063, 0.650328233922,  
1366, 2139079.868399948, 79.93054920845424, 121.98510153558992, 86.78307036285617, 48.23881023883246, 0.75059208643, -0.21032553428, -0.626398187592, -0.609194373085, -0.587430520875, -0.532735956123, 0.255917439011, -0.781465644014, 0.569049832296,  
1372, 3597496.7984198662, 95.05404486571695, 117.76432363358425, 88.62056401524656, 82.29312508451478, -0.045420112723, -0.332684051138, -0.941943913128, -0.998961000367, 0.0116027824701, 0.0440714781287, 0.00373270756051, -0.942966965252, 0.332865392219,  
1374, 2212732.957692716, 80.83761002839117, 133.96525233369587, 91.95803296011593, 42.88037314299639, -0.316336633553, 0.00472671180495, 0.948635226242, 0.0889213951314, 0.995732569689, 0.0246907907771, -0.944470285271, 0.0921645694225, -0.315406994822,  
1376, 2470545.001609688, 83.86254796158268, 112.59468051667173, 89.25107854622235, 58.6911762998707, -0.802585823909, -0.428099897798, -0.41543528108, -0.572573480315, 0.748234519132, 0.335118955029, -0.167378627372, -0.506828947363, 0.845641066419,  
1378, 945391.7232676846, 60.88463808812727, 121.31493175177185, 51.73717351076761, 35.95888604897784, 0.0216284086824, 0.900814251554, 0.433665650168, -0.38984559804, -0.391831827417, 0.83335960348, 0.920626211677, -0.187086886823, 0.342703771722,  
1388, 388064.6033288598, 45.24859937476396, 102.29222379858017, 76.9719737687948, 11.766307078818134, -0.696536018296, 0.172023664077, 0.696595603069, 0.315401204456, -0.798607502726, 0.512589637837, -0.644484022645, -0.576744237585, -0.502002419285,  
1390, 712072.1228270431, 55.39600657600066, 137.08849827011784, 90.21197985106394, 13.745803815104072, -0.957777602565, 0.28061752413, 0.0625769061001, -0.0492791410931, -0.374657495027, 0.925852757016, 0.283255415268, 0.883677297757, 0.372667147934,  
1392, 166241.40158240817, 34.11014200912465, 106.8398365380613, 56.32417519240464, 6.595117340233797, -0.989525249066, 0.131412743751, -0.0597534286967, 0.130350807318, 0.635489950486, -0.761026405496, 0.0620358645697, 0.760843751115, 0.645963108773,  
1396, 1172724.7964803437, 65.41878887703488, 131.6542207704699, 103.98249213495845, 20.450903053656717, 0.9646936407, -3.00786452163e-06, 0.263374599351, -0.203352479174, 0.635488160779, 0.744850700962, 0.167373680148, 0.772110612219, -0.613050775787,  
1398, 2303581.884305176, 81.92913099334416, 136.65632819387938, 77.17770934322353, 52.14268771055856, 0.692302302802, 0.184253764736, 0.697687660573, 0.632201584024, 0.311275529574, -0.70952709733, 0.347906134887, -0.93228648755, -0.0990112440015,  
1401, 673567.1709477389, 54.37894373480406, 145.52315933876892, 69.6587741389372, 15.862964793901767, 0.615474159582, -0.354628003331, 0.703868267605, -0.659504698649, 0.257273118229, 0.706303118425, 0.431561248662, 0.898915747938, 0.0755338782438,  
1403, 3173753.209531116, 91.16500943557524, 104.79817213776035, 93.02620999327135, 77.71869655567902, 0.515559100852, 0.0364596011053, 0.856077981854, 0.79391167045, 0.35552352845, -0.493261877953, 0.322339996048, -0.933955950892, -0.154347687842,  
1404, 1387532.7364435536, 69.19130837968544, 120.79328632382673, 89.81677628586219, 30.531937793115038, -0.118916719238, 0.952216680155, -0.281322249246, 0.525383481514, 0.300762798953, 0.79593588694, 0.842514694969, -0.0531519783373, -0.536044639895,  
1405, 1421199.9874071884, 69.74646408693606, 134.87399117662324, 104.474196290879, 24.078494955531088, 0.86738899589, 0.374215926685, 0.328022514507, -0.446292849005, 0.293388296722, 0.845426519737, -0.22013410171, 0.87970776259, -0.421491672163,  
1408, 2809067.838647687, 87.5301903115075, 113.69490165586745, 92.55222374379545, 63.73027168026413, 0.695255995574, 0.62181439867, -0.360507911459, 0.612348417962, -0.775062591914, -0.155908285969, 0.376362213349, 0.112360278665, 0.919633977266,  
1411, 1743362.7741592221, 74.6620172442133, 116.94792163261906, 82.05604057662363, 43.37066624581703, 0.280037690317, 0.490207276163, 0.825394280571, 0.263723082811, -0.865999250646, 0.424847541447, 0.923054184539, 0.0987021999629, -0.371791404053,  
1413, 1204079.5696491997, 65.99669581548764, 104.43523151807342, 70.06830420203912, 39.28239312262838, 0.854138833377, 0.390878104922, -0.343017726087, 0.451841995543, -0.231248761481, 0.861604794194, -0.257460024823, 0.890919927606, 0.374133690293,  
