# Void_ID, Void_Volume, r = (a*b*c)**(1/3.0), a, b, c, vector_a, vector_b, vector_c 

2, 1326099.7465361853, 68.15470791467878, 115.92839841084927, 74.17949110246275, 36.81407537455766, -0.00576392229247, -0.59212443406, 0.805825931445, 0.428103696523, -0.729719294136, -0.533138796928, 0.903711238296, 0.341904089409, 0.257696704329,  
3, 2218543.3060261547, 80.90830452871923, 125.9377892598618, 74.18203177919501, 56.69235681401359, -0.653326490086, -0.75232615531, 0.0846749867855, -0.22410283337, 0.299010717212, 0.927561594218, -0.72314757652, 0.587024656235, -0.363950045398,  
5, 2225492.707857065, 80.99269597837099, 113.1454894309049, 87.59745928976082, 53.60543332051295, 0.537524838081, -0.842718845032, -0.0298663133797, -0.160870408066, -0.137249517557, 0.977385943085, -0.827760690209, -0.520564614778, -0.209343549186,  
7, 1496388.8114063295, 70.95537195323969, 129.01319955837465, 73.2655915976251, 37.79389361551533, -0.363318320573, -0.19366745955, 0.91131372921, 0.237034204315, 0.926753806886, 0.291448395788, -0.901007538215, 0.321901066376, -0.290800824526,  
10, 1404373.053253464, 69.47010567098673, 121.3981400654975, 94.48678819289921, 29.228784737048322, -0.336299680549, 0.797192303444, -0.501385037863, -0.597836186637, -0.592079585174, -0.540401386718, -0.727663671493, 0.118009305351, 0.675706582061,  
11, 1202249.2988277632, 65.96323925525834, 130.47032879092018, 62.71902509128543, 35.074772862497085, 0.943040881805, 0.321565303233, 0.0852622483935, 0.190381748028, -0.311475387032, -0.930987579558, 0.272816211509, -0.894191723865, 0.354954188182,  
12, 2715670.7121878676, 86.54915519398672, 144.7639077194348, 96.496226827736, 46.4106733497468, -0.782514687817, 0.267640018178, -0.562173980205, 0.604622499421, 0.542225953305, -0.583457495245, -0.148668747706, 0.796467096767, 0.586120949312,  
13, 2364773.1917320527, 82.64824349102597, 104.72288229240068, 82.69702883546009, 65.18826027602105, 0.812702455653, 0.453343610835, 0.366052303764, 0.164121152911, -0.780888196057, 0.602725370651, 0.559087619021, -0.429759462693, -0.709033030601,  
14, 590661.9203220449, 52.049527082623506, 107.91622648476013, 72.58689200070984, 18.001363905741268, -0.225712502568, 0.109095497849, 0.968066133347, 0.972527512267, -0.0328647829318, 0.230456381832, -0.0569570370446, -0.99348783505, 0.0986803807209,  
15, 3178276.4805819714, 91.20829869739724, 123.03385367067334, 95.25691366417837, 64.74137686737157, 0.781864685596, -0.609844022085, 0.12952946439, -0.566859595462, -0.608895568054, 0.554902141136, 0.259533836815, 0.5072834079, 0.821769877531,  
17, 1379303.899399532, 69.0542561724254, 148.60481828517612, 88.01233201030057, 25.176475671111053, 0.590484223491, 0.671944236092, 0.447011549505, -0.552429248802, -0.0672601889257, 0.830841737068, 0.588345397599, -0.737541192455, 0.331485569151,  
18, 1394243.605142, 69.30267805227776, 114.55608307469832, 84.63057317671834, 34.33243559017784, -0.532908899758, 0.745207971914, 0.400840595693, -0.212211390552, -0.576272457044, 0.789225177609, -0.819130288952, -0.335522180859, -0.465242341014,  
19, 2718402.9971712343, 86.57817168365126, 117.89800764100322, 99.14612782005987, 55.51917546866698, 0.80287525414, -0.0990502382075, 0.587860847991, -0.350026289419, -0.876552928251, 0.33035823085, -0.482569086251, 0.471003199868, 0.738432842383,  
22, 58947.21271072509, 24.143017827645473, 96.31782632500052, 68.11333837497074, 2.1450421267339155, 0.640875603223, -0.506374839341, 0.576942790297, 0.387084225028, 0.862201267269, 0.326764100619, -0.66290592389, 0.0139103127718, 0.748573469521,  
23, 1284249.3630111597, 67.43006576199556, 126.30908786507462, 90.0455829515497, 26.956514493312692, -0.139245435151, 0.933831993931, 0.32949736858, 0.700989525337, -0.142069204525, 0.698877690653, 0.699445776424, 0.328289732153, -0.634823957965,  
24, 3892566.7705722325, 97.58486984250912, 113.22350945377046, 107.72333980524745, 76.1905379447059, -0.483555151057, 0.711578909663, 0.509735099056, -0.615583692341, 0.137544001617, -0.775975750486, -0.622278983745, -0.689011685636, 0.371526262123,  
25, 2072226.1550308312, 79.08901751561349, 131.58309224486678, 66.47862885159269, 56.554400106680625, -0.267357006321, -0.638016019975, -0.722118957946, -0.904035011827, -0.0933079954366, 0.417150231187, 0.333528002666, -0.764348857684, 0.551842273838,  
27, 1079524.1302320943, 63.63771564360283, 108.63519667908676, 63.84037767357772, 37.1601743138655, 0.372737184506, -0.925196986742, 0.0712567681734, -0.64828617281, -0.204694898725, 0.733365554535, -0.663921704291, -0.319547389537, -0.676089813864,  
28, 1164022.4487610194, 65.2565709200349, 103.78595846817757, 98.8875330142698, 27.076504893711235, 0.549704244637, 0.366826844574, 0.750508700501, -0.826389384453, 0.370103433535, 0.424386655951, -0.122089429071, -0.853499569177, 0.506589238657,  
29, 684298.1602731437, 54.66620441981615, 100.64733346542563, 51.612807212222236, 31.448288063864833, -0.956492541448, 0.24419569963, 0.15965737827, 0.223844675141, 0.263244450154, 0.938400725103, -0.187124502844, -0.933311748424, 0.306453260205,  
30, 1548620.5739889692, 71.77151909416679, 132.07947496294997, 83.96802374707875, 33.3355135250999, 0.440154788839, -0.897310481671, -0.033130972597, -0.675009953829, -0.30632760618, -0.671211561226, -0.592136237781, -0.317800719281, 0.740525069617,  
31, 802153.6884533878, 57.63986989288228, 123.18439488239524, 54.60362806068282, 28.47028281339698, 0.198390520177, 0.515658502393, -0.833509154367, 0.518964970568, 0.666152872357, 0.535645134369, 0.831454485121, -0.538828970602, -0.135450284653,  
32, 2727308.612374877, 86.6726133384408, 141.1107510673963, 81.55738794646868, 56.57470044379805, 0.458240945223, 0.887273089247, -0.0525518907264, -0.285250019478, 0.202802617881, 0.936751581033, 0.841812130174, -0.414267502079, 0.346027129302,  
35, 792532.0624304047, 57.408483829591205, 115.71779848735679, 50.39514390073429, 32.44437252490792, -0.365707777426, -0.925562967556, -0.0979337256496, -0.0792045382311, -0.0738920737282, 0.994115990498, -0.927353472336, 0.371312744906, -0.0462858813965,  
38, 2101776.873859458, 79.46319080356146, 114.45221129182003, 90.46048037073919, 48.46351638802165, -0.539057985954, -0.300313624195, -0.786910550763, 0.0330286563773, -0.941093423198, 0.336529755998, 0.841620814641, -0.155418454301, -0.517222880802,  
39, 3781252.4521809244, 96.64565967506924, 121.66859051676397, 115.65180824853505, 64.15288030806578, -0.347837511928, 0.882698358263, -0.315994736691, -0.727738335403, -0.466693566347, -0.502587336007, -0.59110572699, 0.0551427551925, 0.804706962856,  
40, 4170914.1638892936, 99.85754414607759, 122.79167289669033, 93.7728931083429, 86.47616303228659, 0.137050323623, -0.920292464354, 0.36644097594, -0.801437153881, 0.114395283658, 0.587036802472, 0.582164665, 0.37413299658, 0.721878662724,  
41, 1079636.4170053266, 63.63992199416265, 111.57716198178565, 62.88964473136815, 36.73114476744806, -0.867516013801, -0.278388463599, -0.412208477755, 0.0494138773589, -0.872845159675, 0.485489027637, -0.494948719084, 0.400800686834, 0.770963406985,  
42, 3731013.1626176415, 96.2157251362018, 130.20152410439258, 97.82629158011383, 69.93048066791152, 0.497454881331, 0.65949095695, -0.56356926703, 0.690907215745, 0.0916553812007, 0.717109831426, -0.524581604968, 0.746103859257, 0.410052644097,  
49, 2247854.9987308388, 81.2630704831307, 118.48999623235076, 69.91975655822961, 64.7736082701883, -0.635330102067, 0.668235050064, -0.387062758831, 0.285180338339, 0.668813235152, 0.686557376415, 0.717654398741, 0.325807879511, -0.61548467862,  
50, 3760937.976163329, 96.4722751159033, 126.93623680697138, 99.32219465707861, 71.21568168011125, 0.0954124685002, 0.983980295333, -0.15059627901, -0.593288237141, 0.177691855599, 0.785133537765, 0.79931566263, 0.0144354719532, 0.600737953374,  
51, 75246.9298878677, 26.189872970832873, 115.93249943386796, 20.86838284104141, 7.425166238837151, 0.145281633269, -0.160890092877, 0.976221094347, 0.622532685013, 0.781756343633, 0.0361949620807, -0.768990444106, 0.602471075823, 0.213734179932,  
54, 2497244.863924314, 84.16357469982596, 119.80676468975669, 87.28742601281158, 57.00848396445193, 0.00441999451788, -0.532547633202, 0.846388493553, -0.45064998869, -0.756637909763, -0.473723190485, 0.892689784495, -0.379331111142, -0.243336920293,  
56, 2267145.451827392, 81.49486753280988, 128.60982261775987, 103.61354032350742, 40.61627791731297, -0.117756915501, 0.951350628199, 0.284719671041, 0.454362065122, -0.203325502462, 0.86730263105, 0.882999673063, 0.231496700354, -0.408314652071,  
57, 713832.4863248959, 55.44161846246372, 125.3309659192187, 74.9826005600809, 18.13379968550369, 0.116851015587, -0.00878476360902, 0.993110602141, 0.804350402347, -0.585709790742, -0.0998221982964, 0.582551517379, 0.810473237656, -0.0613747557439,  
60, 2236502.1602122895, 81.12603257558538, 123.35083359771642, 92.15455185306149, 46.97013759609473, 0.615254171464, 0.761214585024, 0.204974779043, -0.226079678718, -0.078714105234, 0.970923307223, 0.755215388725, -0.643705247131, 0.123665967219,  
61, 2104833.4269380053, 79.50169248263745, 95.5936873045819, 77.71909786069263, 67.63510339003615, -0.782549193265, 0.464583131654, 0.414462632698, 0.608337965863, 0.428963213933, 0.667769032212, -0.132445005229, -0.774695472347, 0.618308374288,  
62, 1153312.5980573352, 65.0558180386699, 112.42488272493911, 79.74808003081326, 30.709712274598964, 0.0355682855807, -0.947111281268, 0.318928076463, -0.687351591868, -0.254844772099, -0.680148462683, 0.725453434906, -0.19502400629, -0.660062838488,  
63, 1650722.911027672, 73.31539688532642, 126.09578566254645, 86.31573110253503, 36.207208625435776, -0.0483809070888, 0.429935831066, 0.901562238004, -0.490395028404, -0.796565152818, 0.353548686084, 0.870156310065, -0.425016633181, 0.249376938736,  
64, 1817373.5364903829, 75.70394824439241, 102.52052283644849, 95.68054941276532, 44.23042554140121, -0.521480777958, 0.431583202305, 0.736066394905, 0.411543072833, -0.628458635178, 0.660054575829, -0.747455749475, -0.647128799667, -0.150114020727,  
65, 1372825.3251309753, 68.94597077902249, 94.00266936251073, 72.10398956067856, 48.353419400308, -0.904794613635, 0.0713668799344, -0.419825529936, 0.116280247319, 0.989796955819, -0.0823461616221, 0.409665242877, -0.123323779941, -0.903861512666,  
67, 1283003.8917070064, 67.4082607092318, 131.30237655408823, 102.41593397025314, 22.777142964713942, 0.691554425539, 0.0159817420237, 0.722147533707, -0.537371796706, -0.65669076689, 0.529139668506, -0.482684191394, 0.753990597159, 0.445549268628,  
68, 818514.7468103801, 58.029117556010505, 85.69089358017024, 53.46026956225175, 42.6552098692561, -0.546844666645, -0.195479256992, 0.814093834056, -0.837223322338, 0.122746852901, -0.532907420324, -0.00424489047457, 0.972995925063, 0.230783254844,  
69, 2174987.309489738, 80.37531833374838, 149.1120996068554, 75.29499097458225, 46.247594341530224, -0.368000549537, 0.927113088959, -0.0709712323571, 0.909799849425, 0.374780202222, 0.178336855443, -0.19193704574, -0.00105844429358, 0.981406669107,  
72, 1385359.9927510675, 69.15517385271457, 153.10401932219813, 75.42620180685627, 28.639484829511243, -0.65644509978, -0.494111150826, -0.570029825188, -0.715303682172, 0.167673930721, 0.67839965745, 0.239625694045, -0.85307656373, 0.463508255771,  
74, 1753402.83718925, 74.80506969193102, 148.17859240384584, 73.75047479373465, 38.30388370056731, 0.707515999698, 0.706579074274, -0.0129275662493, 0.495024659069, -0.48245997017, 0.722622283145, -0.504352750647, 0.517666291138, 0.691122213457,  
75, 2083406.499590287, 79.23099959835582, 109.2863654597812, 94.89816734549852, 47.9580589331019, 0.29825864695, 0.87029772845, -0.391948521333, -0.224936725834, 0.463161932652, 0.857254042576, -0.927601880599, 0.167519813747, -0.333903972889,  
83, 1798971.9002677691, 75.44757002671537, 109.47155649072067, 90.93209863461088, 43.143687649477016, 0.289149102547, -0.189968547081, -0.93824556893, 0.0181625595694, -0.978846859282, 0.203786524342, 0.957111758326, 0.0759656316611, 0.27958237584,  
85, 1182830.9148264327, 65.60617013312738, 89.18247021868035, 65.99306450488109, 47.97956034138165, 0.26527780447, -0.17722592035, 0.947743984213, -0.407432364831, -0.911491841785, -0.0564047023568, 0.873857284998, -0.371178657139, -0.314006130418,  
86, 543229.8833032678, 50.61722683406028, 142.22966186364386, 68.5106811206614, 13.309035411081592, -0.070973484721, -0.846665643235, 0.527370887547, -0.554940857538, -0.405812212614, -0.726193564229, 0.828856687915, -0.344200140412, -0.441047451233,  
87, 1106159.4297981772, 64.15685092500203, 90.5080613700993, 72.70553582130553, 40.130481868440704, -0.199995361278, 0.629504359393, 0.750816966359, -0.337882470738, -0.763603385722, 0.55022295961, 0.919694129282, -0.143645852074, 0.365415623293,  
88, 3172902.0689138216, 91.15685912953343, 121.44752638868941, 89.91171137412942, 69.36863054399609, 0.632445610241, 0.75476165191, -0.174205048414, 0.479121821392, -0.204457113869, 0.853603871157, 0.608650006451, -0.62332346129, -0.490930781529,  
89, 727782.1304189718, 55.80043606982634, 133.6752212406168, 91.74975983186404, 14.166316190932706, -0.855374726318, -0.268184270059, -0.443183116634, -0.514418156857, 0.339202088727, 0.787601360397, 0.0608936570844, -0.901675740106, 0.428103751713,  
93, 1851480.301174462, 76.17459645068678, 104.25950493429242, 72.4424037046081, 58.522379472416844, 0.84014968402, 0.03222268934, 0.541396533729, -0.256945076636, 0.902747035102, 0.345002924926, -0.477627193567, -0.428963272212, 0.766722097672,  
95, 643700.6237329477, 53.56302633709669, 125.94955892539622, 93.2748321863214, 13.080796621144254, 0.128727992214, -0.984432359846, 0.11967469619, 0.960109184912, 0.0935112740187, -0.263526079695, 0.248232667206, 0.148823958148, 0.957200069167,  
96, 863780.3830357417, 59.079694712439895, 151.92016458300992, 91.73944720603153, 14.795961287122047, 0.614469699768, -0.714018518442, -0.335566004519, -0.623501220319, -0.700111721008, 0.347979606253, 0.483397575841, 0.00459711086472, 0.875388856591,  
99, 218831.31359309764, 37.38295425874238, 99.77382793105454, 64.71621949556912, 8.090792887199077, 0.435075840871, -0.90038429351, -0.00413964865932, -0.645453936209, -0.315089562097, 0.695778545293, -0.627772434026, -0.300044483131, -0.718244442526,  
102, 1630549.0779607273, 73.01550421717404, 97.48048048963045, 73.67999816755233, 54.19734329089888, -0.749321183671, 0.377371713873, 0.544158389875, 0.661532402349, 0.463655457439, 0.589405206484, 0.0298771542402, -0.801632213896, 0.59707047264,  
103, 2739535.224321961, 86.8019389749903, 136.81337202216383, 90.0647749363995, 53.0768040416225, -0.579766243873, -0.717976396815, 0.385202539039, -0.806748321353, 0.57207395617, -0.147947743026, 0.114141352979, 0.396536609014, 0.910895421688,  
104, 732950.5896132702, 55.93221646321483, 109.44098584645013, 53.436868238305806, 29.920241534047168, 0.452170051278, 0.829541348476, 0.327724573227, -0.597770024047, 0.00914313255037, 0.801615494784, 0.661976769289, -0.5583704454, 0.50000920254,  
105, 2360938.8103128737, 82.60354909532387, 123.35254605462382, 74.94050626627534, 60.97213203841227, -0.0803809031044, 0.433419463155, 0.897600400721, 0.970714889156, -0.170489086471, 0.169251515103, -0.226387973149, -0.884918663128, 0.407022659395,  
106, 1340972.3520639022, 68.40855309886436, 113.04979860279413, 67.2627452832745, 42.100459185487914, 0.0562713861065, -0.221779686492, 0.97347177759, 0.272647446835, -0.934544145098, -0.228671403105, 0.960467022255, 0.278282251542, 0.00787957085971,  
109, 2520565.133207666, 84.42474775081932, 142.87426128753845, 92.12830882878978, 45.71536779152281, -0.534253961501, -0.441038286846, 0.721150424084, -0.8452875024, 0.286658939753, -0.450905411973, 0.00785766554494, 0.850477443437, 0.525952826113,  
110, 373992.96059477516, 44.694931175113425, 108.08755978068712, 44.91287491649881, 18.39197004021017, -0.242371370786, 0.407822878264, 0.880304844124, 0.96985850415, 0.0783625835003, 0.230724483824, -0.0251117612255, -0.909692148736, 0.414523333452,  
111, 373446.6445614524, 44.673157631059915, 73.72359545767344, 48.769160266499924, 24.79637337787397, 0.456812091183, 0.740094999556, 0.493540378268, 0.625037012655, -0.661818040671, 0.413914983847, 0.632970335924, 0.119399634314, -0.764913250745,  
112, 1384274.4631718385, 69.13710644224805, 123.74694983376644, 63.36943163824168, 42.14240173955086, -0.68284614529, -0.197897710185, -0.70324792084, -0.69507223122, -0.120395018951, 0.708787438376, 0.22493495782, -0.972800871564, 0.0553419283689,  
113, 1785870.8656654367, 75.26397434341679, 132.43736296771448, 84.76010086191854, 37.980392933858774, -0.437965801298, -0.351890576513, -0.827259922307, 0.150557324977, -0.935922541505, 0.31840459827, -0.88629478662, 0.0149002840554, 0.462881769727,  
115, 890495.5945163538, 59.68259829517755, 125.41555805623481, 81.26404102223617, 20.85899289987135, 0.520434571231, 0.549524343234, 0.653583088261, -0.277018654482, -0.615356559027, 0.737968136393, 0.80771809571, -0.565118838348, -0.168024332783,  
117, 2011471.938085041, 78.30841906611907, 108.28623388437886, 71.37713147379343, 62.12880907974097, -0.460317198346, -0.825248988013, -0.327218863592, -0.240148651875, -0.239095061961, 0.94083057792, -0.854655896785, 0.511661664706, -0.088122862872,  
119, 2713560.3803722416, 86.52673043695768, 106.08333619145685, 88.45866996741724, 69.03404254531112, 0.0476571964257, 0.366738426426, 0.929102641376, 0.674290648906, -0.698050998696, 0.24095004465, 0.736926666926, 0.615002219347, -0.280555445094,  
120, 2745454.1448557777, 86.86440750438258, 97.60927859272267, 95.34380879652578, 70.4274534049854, 0.166109301593, -0.363777142747, 0.91655544859, -0.523391244218, -0.820266288653, -0.230705052341, 0.835744760917, -0.441394841513, -0.326651631689,  
121, 3207517.6539928266, 91.48716053157645, 95.30864360902433, 94.79767775679927, 84.75209815252673, -0.556340112475, 0.291209196342, 0.778256309462, -0.687379024659, 0.364967429896, -0.6279401656, -0.46690015604, -0.88430536529, -0.00287492764463,  
122, 3047272.076663121, 89.93751304184629, 99.06804404144444, 88.74375097150093, 82.7468086286651, -0.0424728753938, -0.988130689217, -0.147627219319, -0.337481226225, 0.153264884483, -0.92877139121, 0.940373583637, 0.010373823432, -0.339985157008,  
123, 3608436.418859021, 95.15029724861688, 103.14648339019513, 92.6209372379776, 90.17099266734556, 0.335996653025, 0.513956045978, -0.789275257409, 0.835197209299, 0.224779188619, 0.501916265869, -0.435375551376, 0.827842677787, 0.353729600257,  
124, 3322413.4276340967, 92.56675113693275, 102.10966801624798, 92.10769619392447, 84.33391851835191, -0.187057852383, 0.547954407743, 0.815325289009, -0.887265139437, -0.450469915929, 0.0991838050428, 0.421627717545, -0.704856596676, 0.570444779028,  
125, 3576432.867982502, 94.86816262394734, 109.78338319891688, 99.3168943821613, 78.30720571395706, -0.77235590881, 0.305640357078, -0.556821625165, -0.554863911075, 0.102053867604, 0.825657948725, -0.309180190687, -0.946662020064, -0.0907668962495,  
126, 4004010.552676662, 98.50740262249981, 109.21087153143282, 99.99767362228104, 87.52877182770256, -0.24837659878, -0.690911336542, 0.678933421048, 0.381638652035, 0.574408950287, 0.724159027495, -0.890315115255, 0.438971391856, 0.121008729772,  
127, 3254741.41155041, 91.93395844040145, 105.82210095602905, 89.69512087434086, 81.86206228803444, -0.441007494601, 0.711424796849, 0.547162816842, 0.87082372838, 0.191640021642, 0.452703143566, -0.217205947883, -0.676127843335, 0.704040279864,  
128, 2275423.5029264432, 81.59393473323468, 108.63632383007348, 87.31031577231059, 57.270768443858145, -0.705231383075, 0.0735365052025, -0.705153230673, -0.689255980456, -0.304070297648, 0.65762257222, 0.166056887035, -0.949807157528, -0.265125392555,  
129, 3493204.699676313, 94.12647803257163, 101.95400895525263, 96.99085750245041, 84.3335379282222, 0.390114017548, 0.0604648336676, 0.918779112302, -0.379937498787, 0.91950258581, 0.100809184625, -0.838724358969, -0.388405713886, 0.381683705564,  
130, 3185077.1286108377, 91.27330601175596, 98.12333214681999, 89.34220227006499, 86.73660171528014, -0.588469044618, -0.458358433067, 0.666041838297, -0.745657562855, -0.0107962911094, -0.666241877291, -0.312568364496, 0.888701854918, 0.335425149,  
131, 1536762.575395048, 71.58786143152821, 115.25870805029659, 101.98165776550523, 31.2120541548251, -0.491522697633, 0.0721620032963, -0.867869853717, 0.869294744017, -0.0191582964124, -0.493922673809, 0.0522693575204, 0.99720890738, 0.0533133126485,  
132, 3724610.276396623, 96.16065420673061, 101.49795423785665, 94.20222750196187, 92.99803384033257, -0.451776873457, 0.331926716068, -0.828083517388, -0.304683236425, 0.814992436271, 0.492905116897, 0.838490180057, 0.474986298731, -0.267062228642,  
133, 3466980.783512573, 93.89034648148774, 104.84876308851459, 93.58741740426557, 84.34941034093741, 0.542113938302, 0.840193253537, -0.0137030875954, 0.375391751389, -0.227558250496, 0.898497788322, 0.751793529427, -0.492232200635, -0.43876411632,  
134, 3455730.272914016, 93.78867694396442, 112.71483718874136, 97.93645916852775, 74.73529305761983, 0.40830596155, -0.442580378404, 0.798378889009, 0.468011100613, 0.852404187163, 0.233179569023, -0.783742209828, 0.278441574407, 0.555174241275,  
135, 3668442.891631915, 95.67483408542779, 109.16123591751713, 91.04168422235091, 88.12201635772217, 0.00447204419662, 0.436218105868, 0.899829853324, 0.811237732658, -0.527723045381, 0.251796998563, 0.584699360297, 0.728849882683, -0.356236587931,  
136, 2406635.138437926, 83.13308198585426, 98.7789612883281, 87.6289653664027, 66.37575973734599, -0.951965978003, 0.302939521414, 0.0445917379132, 0.306167855894, 0.939475145173, 0.153778072623, -0.00469262627495, -0.160044050088, 0.987098719121,  
137, 3295063.387478261, 92.3120484093443, 106.40531761456629, 88.66477275829452, 83.37977647506949, 0.0881513375628, 0.977025626675, -0.194036765861, -0.806911369111, 0.184256602185, 0.56119831339, 0.584057689005, 0.107100090436, 0.804615552014,  
138, 3464733.5559448632, 93.87005614899603, 103.42614977008847, 95.36283990295924, 83.86325205390622, 0.253710369986, -0.712550912452, 0.654142373896, 0.633593922782, 0.633415875327, 0.44423312562, -0.730882883351, 0.301754082073, 0.612172103886,  
139, 3533815.7765447535, 94.4898367510318, 101.16291509495822, 93.23604053328401, 89.44377873301184, 0.006554755205, 0.182012514567, 0.983274366454, -0.984849204918, -0.169222933965, 0.0378898692537, -0.173289003563, 0.968625336836, -0.178145665349,  
140, 3130309.3519174033, 90.74712673032667, 101.64376666871361, 95.69705482648195, 76.82796444082553, -0.46953200109, -0.764282561964, -0.442054143097, -0.882730812311, 0.416597289536, 0.217331570068, -0.0180558286755, -0.492258939816, 0.870261525762,  
141, 2316630.913005881, 82.08354026746836, 101.73086147572225, 97.17578953799784, 55.9445052983382, -0.610735264166, -0.260920437667, 0.747611504935, 0.287856277528, -0.952713058119, -0.0973477908205, -0.737659271338, -0.155750936105, -0.656963047143,  
142, 3213518.217665681, 91.54417581145768, 104.02965908496908, 90.61672295596875, 81.38167594957095, 0.722779724771, 0.601352088966, -0.340536539237, 0.472983221576, -0.0711837522014, 0.878191178235, -0.503861430919, 0.795806847494, 0.335879621165,  
143, 3137694.2294589113, 90.81843279330253, 140.4523721324237, 113.83300869690707, 46.85163124794334, -0.224204129318, -0.973815930473, 0.0376170434081, -0.966372703387, 0.227146476082, 0.120533300596, 0.125921827123, 0.00932802021793, 0.991996311229,  
144, 2156387.784327467, 80.14555078941635, 117.19262494368772, 83.76008100186557, 52.44461276272836, 0.912959266109, -0.387913620998, 0.12660332172, -0.319653365205, -0.87273552874, -0.368991087952, -0.253627885965, -0.296404655023, 0.920769882187,  
145, 3394172.495437811, 93.22844350392522, 97.30401899364978, 93.8366844775658, 88.74458596138456, -0.798961237172, -0.511971963652, -0.31550855762, 0.0860679049851, -0.6165825116, 0.782571608302, 0.595191781889, -0.598089219785, -0.536689880609,  
146, 2876036.457883999, 88.22031265238236, 99.21889204216667, 89.03470544124548, 77.7234515358917, -0.843636472646, -0.458156724743, -0.279946276264, -0.536387106117, 0.742289832291, 0.401615085958, -0.0237986220688, -0.488976707473, 0.871972135527,  
147, 3795113.070486005, 96.7636042944248, 111.17113747511117, 101.17366924703182, 80.55204312017432, 0.402319524114, 0.480384420462, 0.779339341426, 0.55924288731, 0.545027722909, -0.624653643432, -0.72483542512, 0.687150340055, -0.0493762762084,  
148, 3327549.33418322, 92.61442425499483, 108.54341027268063, 89.03752066286775, 82.1976446718393, -0.979491346079, 0.201483888611, -0.00097241309321, 0.161743291217, 0.789156503233, 0.592512549362, -0.120149118613, -0.580203633249, 0.805560632889,  
149, 2715989.272425413, 86.55253926178659, 104.88597644960262, 89.77777926770479, 68.85780218688271, 0.0890931047103, -0.0699987756989, 0.993560561865, -0.872018990126, -0.487504036095, 0.0438485535698, 0.481295438948, -0.870310281562, -0.10447350983,  
150, 3304160.807557836, 92.39692586503608, 97.95905544496499, 92.8847948715131, 86.69286407794986, -0.96497278945, 0.0137842821002, 0.261987612663, 0.0785253082865, 0.968012021423, 0.238299186612, -0.250322375309, 0.25052488888, -0.935187675534,  
151, 3558475.2237763586, 94.70911513286472, 115.11573068464548, 90.80785683078324, 81.2675630042962, -0.577928432701, 0.380124547766, 0.722152376484, 0.170438008318, -0.809161969859, 0.562323565089, 0.798091230372, 0.448064989393, 0.402850038207,  
152, 3655728.486384723, 95.56417344836572, 101.06317202407656, 96.25197320786202, 89.71865554783238, 0.808849612592, 0.57223546784, 0.135310286212, -0.221207911154, 0.0829089930197, 0.971696021871, -0.544820488099, 0.815887656618, -0.193643919413,  
153, 3552457.60466739, 94.65569853288795, 100.09106020514974, 93.23568824129289, 90.87885024187626, 0.12525850517, 0.792214684138, -0.597248860291, -0.643825787857, 0.522925782848, 0.558602703648, 0.754850092252, 0.314554478381, 0.575549145041,  
154, 3743126.8277342496, 96.31974209741388, 110.53697824754185, 94.7818172397798, 85.2929850582715, 0.51152207612, 0.357412773743, 0.781409799534, 0.767900812144, 0.217928538479, -0.602358277793, 0.385582038419, -0.908164776504, 0.162982300779,  
155, 3284574.115114352, 92.21399106484557, 95.66709557376457, 93.79640441615086, 87.3859631099806, -0.0951269741565, 0.866223779364, 0.490517301278, 0.781106373584, -0.240515025599, 0.576216413866, 0.617109141024, 0.437959914291, -0.653733448386,  
156, 3073003.251423161, 90.18994806078403, 105.04393678877376, 86.60347753613554, 80.6432625378195, 0.266528354585, 0.897814792573, -0.3505584608, -0.673049253082, 0.433717850593, 0.59907723125, 0.689903862236, 0.0762720414888, 0.719871680621,  
157, 1909455.410140239, 76.96152013950788, 107.49281892308856, 81.14888486771954, 52.25873629127469, 0.475078871008, 0.741384245484, -0.473972010641, 0.682448926017, -0.650463256912, -0.333408180442, 0.555484950022, 0.165066507675, 0.814978231822,  
158, 3336236.609775681, 92.69495077224872, 112.52128003741359, 92.38376383290164, 76.61925386314768, -0.869887760458, 0.215820504456, 0.443527670006, 0.463690907304, 0.664409231548, 0.586132336182, 0.168184501926, -0.715529092973, 0.678035463985,  
159, 3452829.1278067273, 93.76242385918792, 100.49564454385455, 92.7784173950873, 88.40814482666082, -0.00830362200006, 0.976955613305, 0.21328098718, -0.674744223024, -0.162887359483, 0.719852722171, 0.738004934507, -0.13793272908, 0.660547711291,  
160, 4032615.709288956, 98.74142930339251, 111.20850598566642, 97.92477027528118, 88.4031338015233, 0.442566462983, -0.214584168569, 0.870682812764, -0.288859750061, 0.885079048457, 0.364959070003, -0.848937554027, -0.413023864422, 0.329721574635,  
161, 3628790.517905568, 95.32886660432628, 117.30481678077948, 91.37875907559459, 80.81876082072732, -0.95160748648, -0.297782143568, 0.0759538455117, -0.301889940191, 0.952043474221, -0.0497562780349, 0.0574948318323, 0.0702781485562, 0.995869131035,  
162, 3483783.351655079, 94.04178056734358, 103.23900328253795, 93.4150944764004, 86.2385944770133, 0.772792858669, -0.561360169446, -0.296084376064, 0.316035660124, -0.0641930424414, 0.946573142886, -0.550375016803, -0.825078186272, 0.127801906943,  
163, 3582919.376245025, 94.92548151250493, 99.72684243684012, 93.59115627478585, 91.64347421430523, 0.614315843676, 0.139672375828, 0.776600071877, 0.598915196992, 0.558245556009, -0.574162421278, 0.513728168413, -0.817834657267, -0.259287181235,  
164, 3481795.1216095295, 94.02388696759012, 97.9546180997601, 93.33199810921333, 90.91993651800415, -0.909097112844, 0.0851798717284, -0.407782820715, 0.4128567106, 0.314877113762, -0.854635442596, -0.0556037402534, 0.945302487398, 0.321420956673,  
165, 3460695.5827502008, 93.83357502547325, 115.401032698099, 100.01383733299608, 71.58219367647995, 0.656174022048, 0.338207605256, 0.674574879859, -0.711594508405, 0.574830083245, 0.403984691546, 0.251135239256, 0.745108039913, -0.617855242318,  
166, 3078756.543141131, 90.2461976590827, 94.97603362043924, 91.7784414611832, 84.32027833318539, -0.0294313984428, 0.777668224166, 0.627985609635, -0.904883578358, -0.287628082158, 0.313776665755, 0.424640438965, -0.559018979532, 0.712164502148,  
167, 3112946.592209926, 90.57903442892531, 103.40474080837036, 91.48642336602522, 78.55719369548491, -0.917016848837, -0.230085231886, 0.325792702522, -0.181820431033, 0.968175370741, 0.171981924484, -0.354994971524, 0.0984745528474, -0.929667323635,  
168, 3479539.358890267, 94.00357738668663, 104.99928434456793, 96.51473744107463, 81.96966714007429, -0.132058708147, -0.917746426497, 0.374569078082, -0.443389931323, -0.283276079364, -0.850388165288, 0.886547159718, -0.278381320337, -0.369510451926,  
169, 2617771.532832522, 85.49637680590723, 126.4179007807035, 82.12426634908702, 60.195365259771094, -0.843399506527, 0.23000298412, -0.48556760568, 0.485606774839, 0.713052246664, -0.505709950226, -0.229920274486, 0.662310441427, 0.713078920287,  
170, 3392419.1854956737, 93.2123878957915, 101.47085966422918, 96.6106420386757, 82.61417938465327, -0.0593651738416, -0.222918509315, 0.973027807588, -0.689764918748, -0.695455402977, -0.201410375438, 0.721595546687, -0.683117208592, -0.112475536568,  
171, 3078564.4631712786, 90.24432083563272, 110.22188341593915, 93.97428299492658, 70.95496562589406, -0.102609161836, 0.830609538018, 0.547319975207, 0.863138125202, -0.199146100291, 0.464040308122, 0.494432944624, 0.52002752436, -0.696496544986,  
172, 3483070.542622804, 94.03536623784099, 102.65078922517966, 94.33149212617015, 85.87261022464953, 0.29115407605, 0.342897855768, 0.893112738969, 0.537823205416, 0.713399624951, -0.449229534689, -0.791186137212, 0.611131766177, 0.023290784738,  
173, 2692169.9723128364, 86.29877325345709, 101.56714387921554, 85.49860504997572, 74.01190752869525, 0.355914599198, 0.543556041113, -0.760178681789, -0.671490199637, 0.714486614865, 0.196493737739, 0.649942851233, 0.440517544882, 0.619288771723,  
174, 3973342.44894303, 98.25525699308243, 104.5166979392418, 99.13291898634493, 91.55115193682022, -0.179799666237, -0.668925134467, 0.721256711927, 0.872033545993, -0.447688411374, -0.197819566738, 0.455224751836, 0.593392155998, 0.663819383956,  
175, 3283183.8592533306, 92.20097881129142, 97.84515216770919, 94.90511637616396, 84.40684273975224, 0.044139900121, -0.835571266549, 0.547605996804, 0.97193783756, -0.0908595693121, -0.216982438424, 0.231059535915, 0.541816571528, 0.808112797622,  
176, 2809496.149983171, 87.53463879401603, 107.59518059342336, 96.59439200030641, 64.53496813144196, 0.168639668691, 0.0864224206725, 0.981881778703, -0.567021586366, -0.806314258814, 0.168356278852, 0.806255035791, -0.585139710872, -0.0869731913995,  
177, 3145842.9827720085, 90.89698487841298, 97.73478948711991, 93.15402532500403, 82.48930123815595, 0.835484409173, 0.284780774572, -0.469963522481, -0.331946957653, 0.943114051247, -0.0186307178086, -0.437923531377, -0.171568635756, -0.882489197606,  
178, 3164081.2159678205, 91.07230693138482, 103.57164153240657, 93.38178916933575, 78.10088641926366, -0.564069687531, 0.823679172488, 0.0581206367727, 0.825152721588, 0.564904302115, 0.0024729551936, 0.0307956760671, -0.0493533206768, 0.998306504073,  
179, 3287994.1641526837, 92.24598577326613, 99.53394865870342, 91.82444605249695, 85.88412159920344, -0.955249148165, 0.107450044649, 0.27559672138, 0.16421268178, -0.582308104878, 0.796210692051, 0.246035078948, 0.805836062049, 0.538604661165,  
180, 3114539.036150196, 90.59447718723462, 120.22542124277203, 88.5742461874316, 69.82346497923825, 0.0996604226798, 0.273376506189, 0.956730414493, 0.910657926512, -0.412519781753, 0.0230123997975, 0.400961271238, 0.868960710002, -0.290064378097,  
181, 3092075.0259407153, 90.3761433471297, 102.79574917596562, 90.79619871951624, 79.08945649150505, 0.47718086123, 0.804337272769, -0.354033864638, -0.597197758137, 0.592339508083, 0.540822285821, 0.644711767654, -0.0466418138539, 0.763001492691,  
182, 3933969.3352283253, 97.92963150950101, 107.25900328651834, 98.67210535793814, 88.73893440064211, -0.602753480683, -0.758926875971, -0.246410710915, -0.780960627453, 0.497757700196, 0.377276782037, 0.163672660799, -0.419841956961, 0.892717195579,  
183, 2662497.835992569, 85.98054983586637, 109.0720427339584, 80.95948479557318, 71.981264485969, 0.471654058163, -0.138344769618, -0.870863464693, 0.68700473988, 0.67677914773, 0.26456468506, -0.55278109302, 0.723070335388, -0.414249143972,  
184, 3460315.766602873, 93.83014211148125, 103.10304501290297, 93.30233462712785, 85.87428213664784, -0.966886882909, -0.245903871626, -0.0682718212629, -0.248206523751, 0.843876399384, 0.47567440979, 0.059357200294, -0.476868858788, 0.876967966514,  
185, 2741940.5451116813, 86.82733567139137, 107.35429959107715, 89.52943719436205, 68.1058044353914, -0.218968164706, -0.395627588561, 0.891925868004, -0.958375435124, -0.0844433042864, -0.272737701304, -0.183219726549, 0.914520715747, 0.360669366973,  
186, 3936895.5253311265, 97.95390637227996, 105.52190907837455, 94.95578318193657, 93.79965061785494, -0.945054030595, -0.0953649033726, -0.312695402045, -0.147732979111, -0.728686406956, 0.668723475885, -0.291629638649, 0.678175239538, 0.674559484656,  
187, 2852176.034834777, 87.97566784954219, 95.132619304301, 87.20470669360755, 82.07640711643859, 0.561964206962, 0.575356855909, 0.594273269172, -0.338961066336, -0.495172664024, 0.799943390692, 0.754520792028, -0.650975054178, -0.0832457400451,  
188, 3523225.5568878786, 94.39535253851616, 111.43444462210181, 90.188076361202, 83.69186801712034, -0.568719123063, 0.275657172714, 0.774965600652, 0.765305708904, -0.167948598899, 0.621369809411, -0.301439431697, -0.946470491489, 0.115446428092,  
189, 3584545.8249342, 94.93984299196822, 110.28217246430492, 90.75782955475054, 85.49803105508047, 0.345412206418, 0.184530845159, 0.920129759785, -0.565594209987, 0.823331676235, 0.0472031835563, -0.748861534122, -0.536724620353, 0.388758388488,  
190, 3192216.342679599, 91.34145019270221, 103.44090608280312, 95.25913829081864, 77.34010239135243, -0.889599244087, -0.287211412604, -0.355137704827, 0.0743649978703, -0.858250397777, 0.507815027158, 0.450647347725, -0.425342049633, -0.784857381186,  
191, 3450756.62093935, 93.74366029333477, 103.1732982616169, 91.87159565009745, 86.9114802756556, 0.436613556276, -0.895146588342, 0.0898954273347, -0.407725156032, -0.107813155572, 0.90671744255, -0.801953115596, -0.432537754266, -0.41204646767,  
192, 3761846.3333042026, 96.48004128367651, 108.25227851547527, 92.55974822491402, 89.62996586955674, -0.143588457845, 0.831489943491, -0.536662676779, 0.948570604753, 0.270231135681, 0.16489069442, -0.282127918809, 0.485386039336, 0.827528990577,  
193, 3735087.2094850885, 96.25073303417157, 105.67960266938162, 94.2019439594955, 89.56969603675658, -0.825773463681, -0.563892014056, -0.011134772767, -0.56097357735, 0.823222590194, -0.0872537249019, -0.0583680751473, 0.0658054973192, 0.996123890049,  
194, 3554698.818795472, 94.67560016296076, 105.68322456102963, 90.64125243505069, 88.58949928143163, -0.148415145085, 0.985936818101, 0.0768214515825, 0.988542407062, 0.145748363409, 0.0392596994941, -0.0275109823559, -0.0817679966578, 0.996271619877,  
195, 3280464.751559026, 92.17551840009658, 100.40119369494835, 92.76951636339544, 84.08191562131378, 0.489437810639, 0.0694878367149, -0.869265247243, 0.806908052181, 0.341911363571, 0.48165964621, -0.330681152837, 0.937159570196, -0.111274054245,  
196, 2528038.1755275414, 84.50810038425789, 109.33312281915973, 84.1309182162249, 65.6126588019254, -0.236731879286, -0.682284862254, -0.691697465709, 0.108241384114, -0.726023146657, 0.679098073391, -0.96552670605, 0.085893872057, 0.245724281764,  
197, 3511320.7889237106, 94.2889138190316, 114.7695343833469, 87.67979218387413, 83.30206491322546, 0.0730593979405, -0.491780817997, 0.867648518366, -0.855691335755, 0.415975218334, 0.307826177649, 0.512303291309, 0.764928914856, 0.390421686041,  
198, 3538922.181649545, 94.53532781922823, 107.95707119631368, 96.62310380646657, 80.99352962797043, 0.453011244737, 0.315854137654, 0.833676781414, 0.891504446423, -0.159663457425, -0.423942687601, 0.000796334711466, -0.935277362118, 0.353914709727,  
199, 3909139.937750921, 97.72316766228532, 105.32211099656703, 98.07813032823655, 90.34432441850066, 0.185854312162, -0.849810475001, 0.493234560051, 0.102786245477, 0.516041242195, 0.850374284709, 0.97718634988, 0.107347999198, -0.183257318208,  
200, 3779474.0949311834, 96.63050618974124, 100.58118191439138, 100.1126273467544, 89.60601630087571, -0.483022435294, 0.808403070518, 0.336413142698, 0.870673112183, 0.484169192899, 0.0866517418682, -0.0928313455886, 0.334760613312, -0.937719399955,  
201, 3306439.7861451427, 92.41816395786287, 99.44778615758452, 93.6860621190975, 84.723112947309, -0.0127411832954, -0.847631428282, 0.530432487727, 0.991129151375, -0.0808881157561, -0.105451970225, 0.132290088605, 0.524383518541, 0.841142828501,  
202, 3708171.7453217753, 96.0189775362903, 103.53938766570846, 97.70030040878288, 87.51242930553917, 0.358819528524, 0.392180886798, 0.847019892316, 0.596199544462, 0.601919414907, -0.531261819766, -0.718188449596, 0.695619989641, -0.0178376253892,  
203, 3600911.6551182307, 95.08411144706315, 105.84568342327957, 98.92232191998598, 82.1025042883427, -0.383409257991, -0.921703995647, -0.0588139889479, -0.173048944734, 0.00914001272461, 0.984870815333, 0.907221805081, -0.387786287246, 0.163004269301,  
204, 3436522.271698965, 93.61458531718432, 102.19000668338526, 91.55839782370671, 87.68472446938146, 0.422787863559, 0.896591619468, -0.131810053966, 0.81931907756, -0.440330771485, -0.367185322188, 0.387255305418, -0.0472470060691, 0.920761124746,  
205, 3127124.609260891, 90.71634124141919, 109.77042665776465, 92.06894756006531, 73.86829025217695, 0.150864835077, 0.137835328884, 0.97889796386, 0.822313241435, -0.567100618002, -0.0468809345329, 0.548671791236, 0.812033442152, -0.198899357286,  
206, 3064459.51942711, 90.10628680137154, 110.6647200535512, 87.23673929124907, 75.78036024853827, 0.758728266923, 0.512893379276, 0.401586601453, -0.230581967091, -0.365113458492, 0.901955718914, 0.609231789571, -0.776937927973, -0.15875793729,  
207, 3407492.4284818214, 93.35023811345013, 97.04622077018156, 93.07277360846417, 90.06270908997962, -0.510068883336, 0.823896335928, 0.247031499806, 0.815988085079, 0.554331245914, -0.163952172334, 0.272016873121, -0.117947859018, 0.955036713059,  
208, 3449304.2554875584, 93.73050673755462, 110.34429104697709, 93.35581085809308, 79.9377041144969, 0.423116452431, 0.785527420602, -0.451574068304, 0.837145583543, -0.529586152416, -0.136842168659, 0.346640649141, 0.320133063977, 0.881677424976,  
