# Void_ID, Void_Volume, r = (a*b*c)**(1/3.0), a, b, c, vector_a, vector_b, vector_c 

43, 1622044.1599383764, 72.88833361789548, 117.14499005577798, 88.07328576743997, 37.53238352744217, -0.802534735679, 0.284922491264, -0.524172845539, 0.470316143952, 0.842705614652, -0.262011396265, -0.36707046022, 0.456800198125, 0.810304175126,  
49, 1266608.9661766016, 67.11990238956764, 160.86390401289046, 50.962238499648066, 36.884750349183086, -0.425013186966, -0.37136162289, 0.825502474829, -0.827169618678, 0.529724790739, -0.187568835398, 0.367633258616, 0.76254979583, 0.532319073525,  
55, 631100.809077285, 53.21123954948838, 110.3929230481282, 62.00744797827199, 22.010253122348956, 0.486988691568, 0.380964442758, 0.78594408684, -0.433413031384, -0.675841101508, 0.596147590568, 0.758284352016, -0.630955544287, -0.164012019746,  
71, 3284237.187100683, 92.21083788697317, 127.87386626643614, 110.94336945800359, 55.26660119403789, 0.449332476194, 0.755613857428, -0.476600487095, 0.824187908503, -0.556460851559, -0.105193213466, -0.344694962705, -0.345541631565, -0.872803737126,  
76, 1979533.3362519355, 77.89173964151614, 106.46709221995361, 81.80832274052106, 54.257693619720186, -0.992552341417, 0.0828870368152, 0.0892725527531, 0.0310208004511, -0.536697266812, 0.843204455477, 0.117803053808, 0.839693862622, 0.530128906577,  
98, 1592211.827039757, 72.43871628702112, 118.97196399151599, 73.86645227388807, 43.25341124584639, 0.253209974926, 0.889641157415, 0.380030682486, -0.463992611993, -0.233018339472, 0.854642211388, 0.848879004696, -0.392735361921, 0.35378435647,  
143, 1727248.2456076727, 74.43126217528254, 108.7228024044341, 81.77655005812507, 46.378503167463414, -0.271101851998, 0.854463039751, -0.443166672418, -0.873197267705, -0.412042043733, -0.260284240531, -0.405006564781, 0.31640838784, 0.857820152823,  
161, 2372312.1422903175, 82.73597848137966, 122.0445240632839, 92.6618841577426, 50.07993973031497, 0.931169314412, -0.197605064102, 0.306391818654, 0.300694594693, 0.891474062852, -0.338905231569, -0.206170969392, 0.407708515858, 0.889532066582,  
199, 2761041.680111917, 87.02849056805233, 112.521850482352, 91.59776930947442, 63.953245693925, 0.567037493642, -0.442561325219, -0.694699902277, -0.823691979238, -0.304729378622, -0.478196119958, 6.43609859697e-05, -0.843373866814, 0.537327196997,  
203, 26763.97143048564, 18.55612614085031, 114.45720345069859, 29.304912583879858, 1.9049272198715808, -0.581402562933, 0.397708922216, -0.70978776617, 0.742136063522, -0.0983315248499, -0.662996964126, 0.333474321402, 0.912227232882, 0.237983933396,  
205, 1375429.1264938517, 68.98953258082351, 135.52579496863538, 55.669053039371065, 43.52249763068616, 0.884911354937, -0.463198092848, 0.0487793059057, -0.29642039635, -0.479298551519, 0.826079806762, -0.359258740368, -0.745466582278, -0.561438092915,  
225, 3303300.510832051, 92.38890611083404, 121.3340787563831, 91.80987926565068, 70.792502022623, -0.891024396108, -0.37548689879, 0.255117844099, 0.155350212034, 0.275842518449, 0.948565873641, -0.426546406809, 0.884827945904, -0.187450444079,  
239, 1609322.1250484544, 72.69727370506152, 111.34166367330955, 65.7266886425022, 52.49946934863636, -0.718680117801, 0.651374940161, -0.243330178169, 0.674436149414, 0.567835988919, -0.471909069687, 0.169218109674, 0.503262334195, 0.847403241874,  
241, 1634073.8019145431, 73.06807838369006, 126.54568523496073, 84.63698410119008, 36.42298513174238, -0.533239608982, 0.70515443381, 0.467346492327, 0.162919502402, -0.456500493065, 0.874679675978, 0.830128155859, 0.542553706383, 0.128540734949,  
276, 274281.23051275726, 40.30594982831892, 135.0759253232527, 59.64655147481231, 8.127260663842964, 0.910433732266, -0.0932423987454, -0.403009024996, -0.185071847478, -0.963131619902, -0.195258531222, -0.369944361253, 0.252355578144, -0.894124058371,  
282, 742548.4253752311, 56.175298746513484, 106.563099478274, 57.10574912376605, 29.130604389172085, -0.391600492408, -0.516207656694, -0.761694630096, -0.236555320589, -0.743502714105, 0.625496038692, -0.8892078692, 0.425127474165, 0.16904436123,  
294, 1876213.6531529848, 76.51229476414146, 131.28327040736855, 89.5573691493345, 38.096314957950774, -0.988925651253, 0.108387939792, 0.101381017955, 0.145405635021, 0.570809160327, 0.808105255391, -0.0297196500354, -0.813897387264, 0.580248037832,  
312, 1479165.6476722586, 70.68209297284842, 141.1761560425797, 67.47765939733709, 37.068656025064186, -0.317432587535, 0.137048120855, -0.938325298039, -0.18319527326, 0.961998586411, 0.202480151122, 0.930417134529, 0.236170557676, -0.28026313254,  
324, 4404115.71680687, 101.68495576407867, 126.6724645851318, 101.45812139013411, 81.80899830783046, -0.669495788496, 0.386462539672, -0.634367476008, 0.742569588648, 0.326212457595, -0.584957980136, 0.0191257732379, 0.862688899859, 0.505373195627,  
338, 2510419.250292835, 84.31131876046474, 141.20210756638068, 94.28826434986175, 45.0151629769971, 0.329748359186, 0.511322786642, 0.793608863027, -0.609743281901, 0.757125593454, -0.234465276562, -0.720749019972, -0.406583132455, 0.561436556177,  
339, 737116.1168510336, 56.037974927463296, 144.0254769993416, 50.862144361273174, 24.022229364215345, 0.483952079081, 0.620806314644, -0.616757573809, 0.760842226085, -0.646692388903, -0.0539264419431, 0.432330304465, 0.443157391716, 0.785303784537,  
380, 1428577.6480448216, 69.86694394210544, 107.05957783216826, 85.44241717847056, 37.2834582521928, -0.561442326943, -0.560370861072, -0.608906406254, 0.732944902541, -0.678332094624, -0.0515493864472, -0.384153983913, -0.475236854068, 0.791565315801,  
399, 1304406.0459796402, 67.78101447343461, 127.73368660584973, 73.68676939267321, 33.08485461665426, 0.849436954621, 0.501252095928, -0.16493391541, 0.348837351006, -0.298877772943, 0.888248039336, -0.395941110101, 0.812045819624, 0.428733278582,  
425, 840820.4574263889, 58.55152623734118, 112.43254902221956, 58.37330775916598, 30.58498697508616, 0.308011292374, 0.0789877042294, 0.948098088992, -0.42830466021, -0.878336615943, 0.212320293746, 0.849519959632, -0.471471877925, -0.236706794395,  
429, 746806.4160316045, 56.28246937553578, 116.95275335753841, 104.64726329270819, 14.567368461259267, -0.816743385902, 0.197088533448, 0.542297290763, 0.379018980282, -0.525393615101, 0.761778289135, -0.435057299872, -0.827718345329, -0.354411465156,  
486, 1181519.6079681274, 65.58191712261892, 120.7320288836459, 76.75438120164154, 30.438738555046466, -0.0695382889925, 0.878273312651, 0.47307548515, 0.997556089002, 0.0644541913987, 0.0269723285392, 0.0068026215299, -0.473794940345, 0.880608925031,  
509, 2331707.2361605135, 82.26121827710608, 119.59008689933576, 77.40844283341193, 60.13148074698991, -0.385087107999, -0.804937513882, -0.451423878409, 0.27217842345, -0.566446814717, 0.777854042803, -0.881831517389, 0.176673724256, 0.437217989219,  
510, 1041180.6127413162, 62.87516742080004, 93.72971531931555, 82.85977535701647, 32.00489553205414, -0.580815991547, -0.0490414861522, 0.812556285188, -0.801031887053, -0.143266430258, -0.58122512496, -0.14491618228, 0.988468341727, -0.0439276395495,  
524, 515690.6598035187, 49.74699882350441, 115.83222909058834, 38.55754783086557, 27.565243688452846, -0.833323588834, -0.489795305473, 0.256266180035, -0.228730048616, 0.727561816458, 0.64678927642, -0.503243838664, 0.480368985228, -0.718325328022,  
534, 985054.3826917278, 61.724445824940325, 130.42718120148285, 83.77396884087086, 21.522583382456926, 0.121591312624, 0.992128569393, 0.0299408498307, -0.26207973481, 0.00299603726917, 0.965041572349, 0.957355610678, -0.125187561503, 0.260381084468,  
557, 1827095.6588037852, 75.83870214227164, 144.33629644656003, 97.5057606744315, 30.993230361953238, -0.76267175066, 0.423773969628, -0.488617870539, 0.644675265935, 0.559050844834, -0.521398076696, -0.052207300608, 0.712655439575, 0.699568883104,  
565, 1202012.7659172781, 65.95891305871051, 117.63851145263085, 68.33966137541019, 35.69423904276772, 0.896215331673, -0.0325354939621, -0.442424593469, 0.161649035286, 0.952690659511, 0.257390941314, 0.413119436319, -0.302195216561, 0.859075306608,  
573, 389472.497988187, 45.30325382754347, 98.87949472135155, 78.66625993229678, 11.953454849357964, -0.915867977804, -0.394524587395, -0.0744056259587, 0.152806310041, -0.513927990098, 0.84411388604, 0.371262816405, -0.761727228695, -0.530976035448,  
615, 1226485.5726331861, 66.4035470017853, 128.33630482505353, 82.49989216454053, 27.654825545875607, 0.791182061532, 0.609316478994, -0.0525773138888, -0.251736955071, 0.40280717412, 0.879985730526, 0.55736832612, -0.682993271492, 0.472081285516,  
626, 2958026.5254106964, 89.05079854612454, 130.35710177751372, 107.14046086612008, 50.56211689919425, 0.644418653554, 0.710948568592, 0.281561239819, -0.395199655542, -0.00557287526261, 0.918578344683, -0.654631064961, 0.703221925055, -0.277375364643,  
635, 2139557.6757476116, 79.93650014106791, 122.46611406636404, 101.8984517518802, 40.930953888298625, -0.547322379271, -0.101260474191, 0.830773452582, 0.829094296024, -0.201047944456, 0.521711004609, -0.114196591233, -0.974333639159, -0.193992520871,  
680, 496106.8260801752, 49.10912518229144, 104.2184286146271, 59.05818543996061, 19.24252119235638, 0.0543842331692, -0.950308328183, 0.306523141979, 0.773672433675, -0.153962536742, -0.614594583975, 0.631247432117, 0.270572760392, 0.726854222509,  
682, 2270657.7574123936, 81.53693029381854, 135.2061299685307, 85.88474132904425, 46.68213145278842, 0.619281011429, -0.251963795003, -0.743643244366, -0.441005128422, -0.895224719914, -0.0639310375295, -0.64961950832, 0.367541762065, -0.665512995778,  
744, 1607169.9114965533, 72.66485221654867, 134.92264306792393, 68.6345774777995, 41.43290452487176, -0.822853632259, -0.562168997793, 0.0829332128802, -0.51245432263, 0.671040651357, -0.535812477872, -0.2455656065, 0.483394727057, 0.840254170331,  
745, 1000698.3878996895, 62.04948723853237, 123.78405351909365, 70.67384900594422, 27.30807872868419, 0.2078115288, 0.0198364651344, 0.977967731139, 0.774205081061, 0.607728611428, -0.176840117936, 0.5978468541, -0.793897001822, -0.110935519739,  
755, 2148157.7369452217, 80.04345990513575, 112.35507976338701, 77.46240583967156, 58.9242230819145, 0.797507017267, 0.352242544021, 0.489803784787, 0.165512167003, -0.908452004082, 0.383823760147, 0.580162287627, -0.225033656284, -0.782797274877,  
768, 715544.5552450747, 55.48590713838816, 87.12841281638507, 57.46221803061471, 34.11975340490105, 0.0166682105252, 0.637873059876, 0.769961122552, -0.642828174059, -0.582985873976, 0.496889735635, 0.76582903405, -0.503234965228, 0.400325443081,  
826, 2371654.1071769577, 82.7283279685284, 127.5755112540043, 97.2803631076171, 45.62157139856587, -0.902299369892, 0.39262444449, -0.178050253248, 0.0359059294882, 0.480010516187, 0.876527619974, 0.429612163841, 0.784497259357, -0.447210731916,  
836, 292953.20594610303, 41.200569129861265, 86.55347394255675, 71.24030096836478, 11.342254730105694, -0.694822343295, -0.110030632361, 0.710714549732, 0.227177670539, -0.971207445634, 0.071738438464, -0.682357836671, -0.211303945744, -0.699813135949,  
837, 691517.4051643112, 54.85777245673008, 113.49521451966191, 94.48018976515765, 15.395585123208411, 0.176800610003, 0.487606667877, 0.854974433386, -0.649431364769, -0.594932823804, 0.473596703551, 0.739581264471, -0.6389793992, 0.211482577631,  
919, 470062.9254573697, 48.23427960773929, 121.94770676770194, 51.59620418211256, 17.835118502423335, -0.269999586771, 0.848637512148, -0.454878660874, 0.277956454521, 0.52100806597, 0.807025900814, 0.921867904059, 0.091460199919, -0.376556236567,  
921, 520025.50876104605, 49.88599965996337, 131.6691481138265, 58.62803645726379, 16.08224460493287, -0.122488674027, 0.990070217148, -0.0689745594557, 0.963170095489, 0.135347331271, 0.232345576833, -0.239373958256, 0.037974531395, 0.970184540731,  
927, 2420393.327937247, 83.29119874575002, 132.56382697858314, 108.20904653426906, 40.28178751311142, -0.833252677959, -0.415671653637, -0.364564193301, -0.542341366749, 0.486293928919, 0.685116089878, 0.10749798411, -0.768593059466, 0.630641651299,  
933, 1825375.3503778789, 75.81489260133813, 111.33821064536045, 75.61843805529973, 51.7596859309442, 0.449550745082, 0.88419757857, 0.126880927039, -0.583458635121, 0.183106142426, 0.791232053008, 0.67637278826, -0.429728731476, 0.598208215127,  
959, 1932218.927163783, 77.2661443112106, 101.244606557, 90.88708148567004, 50.129534038113526, 0.305437904675, 0.738546493132, 0.60104639078, -0.90268027224, 0.425506714992, -0.064127697643, -0.303110561506, -0.522965690059, 0.796637228935,  
991, 2222473.4567605336, 80.9560527137321, 110.4135556313423, 105.5188588813374, 45.540258552537814, 0.832996578141, 0.260616318555, -0.488053107058, 0.354218677896, -0.928837753411, 0.108579722177, 0.425024504042, 0.263324063354, 0.866033838036,  
998, 1630154.969660339, 73.0096210588801, 125.75024608071652, 79.40215017805022, 38.9761713852402, 0.500692971719, -0.862877316483, 0.0689150547452, -0.66332187556, -0.331308650325, 0.670998262012, 0.556157025915, 0.381676977193, 0.738249312635,  
1061, 1186282.2429281916, 65.66991791644116, 86.75784276077088, 75.484936699088, 43.244450246806274, 0.167253187287, 0.774399853011, 0.610189510725, -0.775553091245, -0.278784762008, 0.566388964523, 0.6087230684, -0.567964720848, 0.55396055985,  
1063, 823987.1688554833, 58.158154011821125, 110.21158324931194, 80.27412712449812, 22.234583898733312, -0.0920792872401, 0.985739892854, 0.140848388335, 0.73580935408, -0.0279453976806, 0.676611889636, 0.670899395819, 0.16593950218, -0.722743441552,  
1070, 1162685.7124880117, 65.23158164309666, 106.49280582524939, 66.35045860671663, 39.283441469862936, -0.993671856584, 0.0838757628277, -0.0747067456339, 0.0787618792857, 0.994505737496, 0.0689558152672, 0.0800800087695, 0.0626354092974, -0.994818575268,  
1072, 86944.74399837606, 27.4822049832596, 158.5073650282878, 15.382245656721821, 8.5130568670085, -0.875369478943, 0.480319400216, 0.0549686193299, 0.385353539055, 0.624557929189, 0.679286421935, -0.291943359699, -0.615808953218, 0.731811729794,  
1102, 1474886.0125126848, 70.61385951230373, 119.8021387753344, 93.55510842189378, 31.415051049431707, 0.460620540675, -0.236109697918, 0.855617278962, 0.764464243131, 0.595364451409, -0.247256124234, -0.451024543104, 0.767980065202, 0.454734517022,  
1115, 3286939.035936306, 92.23611737014552, 116.6304160562058, 96.08870422375752, 70.01947950398345, -0.802225555263, -0.386577187191, -0.454963995088, -0.568492489925, 0.261873724888, 0.779896429734, 0.182347052023, -0.884296460785, 0.429848022052,  
1131, 2542332.696292867, 84.66708177572501, 137.22315798215055, 72.01192542646088, 61.42030104237122, -0.212410466731, 0.802630630693, -0.557374079319, 0.969427266208, 0.244793972578, -0.0169318198093, -0.122851817876, 0.543930125717, 0.830088820056,  
1171, 2454178.9774964754, 83.67695620394042, 140.88451045053185, 84.83782989889329, 49.01904253127347, 0.380489795, -0.915044633526, 0.13386872135, -0.837330244101, -0.279431282161, 0.469889583693, 0.39256283346, 0.290880520498, 0.87251529762,  
1235, 1960705.22674469, 77.64399967199714, 138.17596722098696, 72.77643503942357, 46.54793360177999, 0.138398756958, 0.976969097841, -0.16241048592, -0.663335194699, 0.213213124197, 0.71730508373, 0.735412947633, 0.00845845935074, 0.677566418087,  
1240, 2684933.440915166, 86.22138039695311, 134.81537887133635, 74.79457609929324, 63.56753532917615, -0.719911803109, 0.652137605601, 0.237578490411, -0.195736130534, -0.519166490406, 0.831957644621, 0.665893657387, 0.552433433638, 0.501400975718,  
1293, 338624.0570697585, 43.2390755125068, 92.30076223468684, 51.74230673653049, 16.926927173202817, 0.00761236008557, -0.166854550597, 0.985952134193, -0.223412461841, -0.961341374383, -0.160964697354, 0.974694271999, -0.21904867232, -0.0445954626253,  
1311, 192049.65283948174, 35.79109391993956, 123.82664885047971, 35.64156170952916, 10.38852937559257, 0.0949825030354, -0.135719456002, 0.986183833461, -0.812710019862, 0.561521226104, 0.155551715678, 0.574874549561, 0.816256174186, 0.0569658702199,  
1342, 1515257.4547819137, 71.25236325658521, 99.76614900715468, 73.9047317473754, 49.06167444975709, 0.300882670961, 0.691571177892, -0.656657387246, 0.799383756454, 0.192595233271, 0.569115705318, -0.520053101359, 0.696158302422, 0.494882197838,  
1364, 510373.9573851567, 49.575446247409694, 128.99064532433485, 64.64897918164286, 14.611002304864847, -0.124697536306, -0.392011206153, 0.911470097529, 0.764573807358, -0.623444739604, -0.163534552197, 0.632358614665, 0.676493807001, 0.377463523467,  
1366, 948016.4226535202, 60.94093087754203, 104.54652270563857, 75.46602580402056, 28.685748025242447, -0.648075777164, 0.42793338586, 0.629976828399, 0.0815418165821, -0.783456262128, 0.616074035714, 0.757197939248, 0.450632114479, 0.472844560294,  
1369, 1666830.503119192, 73.55309356155577, 117.22192316665311, 95.80490988524947, 35.43286105721899, 0.152612470786, 0.957505978066, -0.244727880981, -0.435823255647, 0.287454094146, 0.852894034213, 0.886999167755, -0.0235041640436, 0.461172452207,  
1377, 1223734.858041147, 66.3538674044173, 130.30654168375955, 71.04420309284151, 31.557591915957758, -0.840385443406, -0.0381186672447, -0.54064708796, -0.541486470843, 0.102005449416, 0.834498226591, -0.0233389889669, -0.994053245806, 0.106364637437,  
1383, 616583.5888146354, 52.80006420539818, 95.890267361372, 62.07139849646025, 24.730750273488834, 0.527871002795, 0.844518030054, -0.0902302683288, 0.607845470981, -0.301449981556, 0.734609959112, -0.593191442804, 0.442625355729, 0.672463163787,  
1408, 1705446.427089362, 74.11677105587103, 126.67728708701215, 96.00548650633098, 33.47762694373293, -0.874325388497, -0.0303285334814, -0.484391675286, -0.394405687608, 0.626029654862, 0.672704262523, -0.282841419548, -0.779209247437, 0.559315367299,  
1410, 1844440.8233083102, 76.07793318070642, 120.20103127969212, 97.60059630524732, 37.53318779946111, -0.736357737706, 0.55729738286, -0.383662493838, -0.317094446294, 0.216663276337, 0.923313671954, -0.597685865861, -0.80154641272, -0.0171742250316,  
1420, 1071130.4264459424, 63.47235063002381, 122.09625391550748, 88.97079149309701, 23.539864206689472, 0.54885505074, 0.351583062458, -0.75838478589, 0.377356671741, 0.705334149018, 0.600088060639, 0.745895485688, -0.615542921673, 0.254453995859,  
1501, 1536077.5948847735, 71.57722357545249, 125.41417581771995, 74.413681923068, 39.293898888654894, 0.937486999116, 0.123390439022, -0.32541193286, 0.263705579956, -0.862033741201, 0.432847774779, 0.227106788955, 0.491602103931, 0.840684172458,  
1503, 1714710.2400264621, 74.25072707701011, 106.75217096693584, 94.7121395149796, 40.4873888730856, 0.206455427698, -0.71690572548, -0.665899644953, 0.977113338363, 0.186701192387, 0.101942085297, 0.0512413931065, -0.671705921915, 0.739043621241,  
1509, 1002081.0906767895, 62.07805279295163, 116.79106876860443, 63.80454447562848, 32.103546554042005, -0.329058098381, 0.769707044397, -0.547057431808, -0.0960902424787, 0.549020030951, 0.830267228617, 0.939408022741, 0.325773036669, -0.106698150824,  
1543, 303773.58212954865, 41.701703654222776, 124.55685911348411, 50.916236965165055, 11.435033620017178, 0.432455813448, -0.807088812515, -0.401982111702, -0.716345518853, -0.0367948928781, -0.696774880056, -0.547568321796, -0.589282431922, 0.594066619491,  
1582, 662845.0744707808, 54.0888574944698, 90.6815386546075, 58.818497130437386, 29.668160511712415, 0.630904143756, -0.672267655132, -0.387319198149, -0.649516792454, -0.184593689726, -0.737599556693, -0.424367644516, -0.716924939988, 0.553110054791,  
1590, 889487.3984596506, 59.660066092052794, 112.98582074138594, 101.76459391108858, 18.46845399029607, 0.802108648528, 0.58760223702, -0.106514445059, -0.313666133068, 0.566327472363, 0.762159268797, -0.508168547751, 0.57792456696, -0.63856708495,  
1602, 2775433.092368844, 87.1794351793281, 117.00130287799112, 110.85425761004824, 51.08566806548558, -0.785348365155, 0.244875495426, -0.568563045835, -0.289490872249, -0.957101150916, -0.0123459224204, 0.547195559406, -0.154897962078, -0.822547044922,  
1641, 1425553.3601003122, 69.81760651490318, 109.00547679060234, 65.56704071392579, 47.61688344551425, -0.950789408014, 0.025917740316, -0.308751959257, 0.279018161611, -0.361649144471, -0.889583476575, 0.134715875454, 0.931953951137, -0.336620655724,  
1674, 2078402.6145085974, 79.16751692439068, 114.8278166744967, 94.91511384070435, 45.52590528393419, -0.921598769041, -0.333008709605, 0.199401374693, -0.379072218287, 0.882626747062, -0.277982515087, 0.0834263880633, 0.331775865153, 0.939662073874,  
1687, 905644.4238923815, 60.01913094753305, 98.29971356177626, 73.55846976352282, 29.90089375407925, -0.322918917034, 0.913970286958, 0.245726855636, 0.946421451267, 0.310983947254, 0.0870368952319, -0.00313202859909, -0.260667027276, 0.96542368486,  
1692, 1305085.0401174098, 67.79277331911956, 99.40608889745013, 63.75590835957204, 49.16055503248953, 0.280692594129, 0.158839941926, 0.946563014516, -0.772844974586, 0.622208748884, 0.124767455971, 0.569141733541, 0.766567769777, -0.297408038695,  
1711, 1218415.8658466279, 66.25759156857478, 116.34066604829083, 89.74188865188503, 27.859940548708636, 0.682701222189, 0.69746879837, -0.217844707356, 0.607078892993, -0.375486042272, 0.700332385186, -0.40666234016, 0.610366699091, 0.679763365986,  
1741, 2825992.7198269777, 87.70563080277594, 105.40130667612898, 95.44867821717342, 67.06045810442565, -0.802323163271, -0.173400188444, 0.571147893568, 0.372942706705, -0.892735027326, 0.252859463933, -0.466037851676, -0.415880446322, -0.780930326708,  
1748, 385500.4385947893, 45.148717936159834, 108.35660328395184, 76.79290399879348, 11.06011884192753, 0.0524187687628, 0.435533654575, 0.898644928998, 0.699649811432, -0.658120283845, 0.278150738547, 0.71256046343, 0.614156435873, -0.339218894273,  
1751, 3606199.705665048, 95.13063333797842, 121.59521573107882, 87.95037379526869, 80.50205875549692, -0.315708848047, 0.289143175216, -0.903727916737, 0.0456989051409, 0.955967546422, 0.289892497758, 0.94775499647, 0.0502222501847, -0.315020939388,  
1763, 1119137.0527650975, 64.40677523760954, 129.30203952398423, 81.41182181702393, 25.380596036944333, 0.747937198286, 0.550823964298, -0.370382110496, 0.604224818041, -0.795982792343, 0.036383561643, 0.274776848887, 0.251006682479, 0.928166649189,  
1786, 4163316.631141981, 99.79687542524637, 126.8021812178614, 102.58906618750748, 76.40522010466013, -0.0468614701342, -0.493392828373, 0.86854333198, -0.752986780602, -0.553887819907, -0.355273403449, 0.656364922018, -0.670650281346, -0.345562279878,  
1787, 2653676.4344163234, 85.88548770445163, 120.6293656482376, 76.15553307854162, 68.96120665364452, -0.128911295863, -0.925556035496, 0.355988627564, 0.290634358512, 0.307957302525, 0.905921613317, -0.948110514366, 0.220246055533, 0.229299209704,  
1789, 932264.3994841008, 60.60151716709581, 104.59960279339177, 82.29521183100633, 25.855080123340226, 0.963183488316, -0.102440483686, 0.248562899762, 0.147759143413, 0.974109621846, -0.17110721833, 0.224599206084, -0.20153508858, -0.953382821692,  
1817, 2104273.057985056, 79.49463662194982, 145.40263366081345, 107.89064249711907, 32.0226621303782, 0.346377812389, -0.654518214996, 0.672032973389, -0.891020397412, -0.00545970092689, 0.453930438571, 0.293436641338, 0.756026519312, 0.585080199303,  
1834, 2439228.99977679, 83.50670002395387, 126.81614085823509, 111.57166070378415, 41.156225195248076, -0.319069107059, -0.0573522247511, 0.945994517551, -0.653104909352, 0.736620938659, -0.175623375749, -0.686766978168, -0.673869657311, -0.272490004686,  
1842, 711933.8369091911, 55.392420336481315, 96.79356638240176, 50.010537490385104, 35.11098484201339, -0.551786801113, -0.639469652652, -0.535359588926, -0.779137421934, 0.166314450805, 0.604387608407, 0.297449497999, -0.750611794998, 0.590004855361,  
1851, 1183686.7204643227, 65.62198884793192, 121.41366764235775, 87.28079323633048, 26.666247341423443, 0.852616134435, -0.510986115536, 0.109265351466, -0.294637864212, -0.297433828811, 0.908141864717, -0.431548671964, -0.806490116002, -0.404152739094,  
1852, 226781.8963281538, 37.830312114266405, 152.06600934654028, 99.5132358178805, 3.5777235202624653, 0.242164186274, -0.630551611943, -0.737401635177, 0.170657447251, -0.720491966227, 0.672136416436, 0.955108654858, 0.288610449009, 0.0668690222644,  
1860, 93989.68608713354, 28.20528743747156, 116.63689540006776, 56.162155363344574, 3.425404563710945, -0.547204129268, 0.706885125887, 0.448197567722, 0.78706443952, 0.61675777782, -0.0118072664643, 0.284775716934, -0.346299382469, 0.893856548192,  
1871, 1462829.8331752205, 70.42092626702409, 136.99831517425076, 57.43644716178173, 44.38154384126068, -0.0142234020724, 0.880803282697, 0.473268710168, 0.670177623085, -0.342869251306, 0.658257267354, 0.742064450267, 0.326536757041, -0.585417883184,  
1878, 1499572.8010194516, 71.00566216250927, 115.91082384477319, 63.59964580418305, 48.56241273549991, 0.700168958252, 0.0850803945662, 0.708889805514, 0.493214971888, -0.775531321778, -0.394068725538, 0.51623872521, 0.625549754538, -0.584965882075,  
1892, 394096.1162994752, 45.48182141313817, 143.36072701208207, 81.1105292164575, 8.091072934354347, -0.0295323030261, -0.96564415314, 0.258184454576, -0.610619958156, -0.187069867652, -0.769511618702, 0.79137292712, -0.180378031156, -0.584116988366,  
1898, 3702941.5724096727, 95.97381312809311, 126.8026593692011, 110.41456672697859, 63.1398456252096, -0.917116881786, -0.398384208489, -0.0136619021617, -0.181123752688, 0.385942855674, 0.904567464795, 0.355092679953, -0.832068587666, 0.426111551196,  
1908, 332816.1771893135, 42.99044489527853, 100.12090540298813, 94.57980081814136, 8.390592995597377, -0.0298766990728, -0.668207897558, 0.743374460479, -0.939317827099, -0.235502057746, -0.249440975967, 0.341744645235, -0.705717355914, -0.620623566275,  
1913, 2422786.4032910652, 83.31864007905888, 121.57300930980475, 80.81725299804162, 58.8688113579138, -0.481724801682, -0.509336329203, 0.713104283537, 0.0623232679585, 0.791773307672, 0.607627220859, -0.874103555487, 0.33715209181, -0.34967333509,  
1916, 1296598.6292262713, 67.6455111737527, 103.18534047759128, 73.03897476927384, 41.07185128436965, 0.540603328107, 0.804944202494, 0.244566703601, 0.788158206639, -0.586258560173, 0.187370066797, -0.294201772509, -0.0914643728161, 0.951356707843,  
1921, 2137354.627750884, 79.90905452674835, 120.90099436393804, 106.64738998154368, 39.573810744164916, -0.538504457285, 0.782981207841, 0.311373373383, -0.403203546342, -0.563917726207, 0.720710550975, -0.739891782426, -0.262558995727, -0.619373008825,  
1941, 1396043.404920229, 69.3324856869777, 132.60180626950145, 91.85239350448516, 27.3634211263954, -0.239378694652, 0.0436790504039, 0.96994328757, -0.969435039313, -0.0660987333687, -0.236276664101, -0.0537916824274, 0.996856608547, -0.0581666304574,  
1950, 653707.6020181512, 53.83916413040378, 126.81669254197709, 70.99476988458143, 17.333734809391665, -0.819216237191, -0.316703546951, 0.47810419374, -0.557923237251, 0.633023271284, -0.536659295408, 0.132689178376, 0.706385448152, 0.695279210519,  
1952, 1612935.7565609966, 72.75164541301316, 137.2404187662666, 91.49359144069427, 30.66590248837591, 0.633165660806, 0.743348630157, -0.215717546853, 0.686994477849, -0.411324570021, 0.599041472272, -0.356566730615, 0.527489253104, 0.771112997217,  
1954, 168658.7379062913, 34.2746802773165, 108.69108671243704, 82.44945637305557, 4.493021630597884, -0.520891216609, 0.62317226229, -0.583376955297, 0.414458777196, 0.782084360024, 0.465368645066, -0.746254824081, -0.000620740163336, 0.665660087595,  
1957, 934491.2781117235, 60.649731283675486, 106.34572090724876, 74.2778834229174, 28.24275792032162, 0.907438352667, 0.259348767173, -0.330596208502, 0.272764807381, 0.234888335539, 0.932966681979, 0.319616951935, -0.93678476012, 0.14240546774,  
1974, 855152.9253777582, 58.88233975031572, 128.0047501021964, 52.1041827829125, 30.609518755672372, -0.957841702932, -0.278367731731, -0.0710681226328, -0.222363925972, 0.561683346809, 0.796910347745, 0.181916344923, -0.779116951329, 0.599902675108,  
1975, 967451.6040002631, 61.354564797093325, 90.75303210791105, 67.7121263274883, 37.58486925336759, -0.540985738519, 0.812100968729, 0.218692586314, 0.84083062503, 0.527937966948, 0.11952139167, 0.0183926814456, -0.248542792381, 0.968446276065,  
1984, 1236733.8844083657, 66.58798660939733, 99.97102523847472, 73.13278846146048, 40.38325968909762, -0.98813239611, 0.0394789880712, 0.148444525864, 0.149097898643, 0.0141389629241, 0.988721349192, -0.036934866703, -0.999120362733, 0.0198574014747,  
1998, 233882.95447269044, 38.22111221693533, 121.13341025549853, 32.08157186670073, 14.367803480549219, 0.145711825397, -0.987010519961, 0.0676631171803, -0.645120509176, -0.0429410874563, 0.762873247433, -0.750058392781, -0.154810518037, -0.642997753436,  
2005, 1496894.4783240203, 70.96336358018357, 106.15440921069396, 63.21439174229239, 53.25355145465929, 0.179461334662, 0.917191267018, 0.35574402183, 0.903980580117, -0.296401751263, 0.308164100148, -0.388088572535, -0.266282146519, 0.882315747515,  
2025, 389931.9126342545, 45.32105979180934, 132.91996803731524, 39.41682571520151, 17.767580648299656, -0.843513531692, -0.495873854761, 0.206383240637, -0.225813968211, 0.676048833513, 0.701402898816, -0.487332508266, 0.545038617779, -0.682231582028,  
2028, 2722525.2046909425, 86.62191218668576, 136.1768681077977, 105.68887637462144, 45.1596614295888, -0.640516072495, 0.460084908847, 0.614866682725, -0.138427301228, -0.856721924272, 0.496855539112, -0.755365503018, -0.233129623005, -0.612432474423,  
2044, 3322391.4237046763, 92.56654678380215, 114.3813064584621, 91.20555489123821, 76.03014960951408, 0.0348880210319, -0.66393431929, 0.746976603152, 0.0850604839965, 0.746692149441, 0.659708684213, 0.995764801573, -0.0405222609484, -0.0825251859547,  
2063, 1102403.113406841, 64.08414689759115, 124.83913259470313, 77.69566398046358, 27.133404975528187, 0.031183994243, 0.999426174444, 0.0132242330402, -0.909751817729, 0.022901122219, 0.414520408111, 0.41397969593, -0.0249571720665, 0.909943927349,  
2064, 702934.0752562494, 55.158019295346065, 115.63663610157433, 58.870025964596245, 24.65110039774418, -0.732005642555, 0.598399091912, -0.325708867038, 0.680840486175, 0.660032099603, -0.317511983834, -0.0249794245725, 0.454176347131, 0.890561549841,  
2092, 1236750.375111061, 66.58828257115691, 115.372697761075, 86.57870966781657, 29.558288562132915, 0.0741748669523, 0.968345377467, 0.238338664615, -0.623554770161, -0.141478151588, 0.768871498518, 0.778252875178, -0.20564815234, 0.593322256212,  
2095, 1365009.1445779337, 68.81487370870795, 128.82656044459884, 72.05632833005998, 35.105035070726125, -0.98502476769, -0.132788173148, -0.109970487447, 0.123697529821, -0.988607786881, 0.0857529290125, -0.120104655003, 0.0708656813288, 0.990228724617,  
2099, 1597434.0654977232, 72.51782624236597, 107.97936894112748, 90.58222185437003, 38.98976145828915, -0.605230857377, 0.722366482446, 0.334488077988, 0.54117888693, 0.0652187825713, 0.83837457186, -0.583798785216, -0.688428046667, 0.430401908618,  
2102, 1136413.4966868656, 64.73650633112656, 166.60173853750828, 54.994004636062044, 29.610988026088563, -0.316277844407, -0.948512365974, 0.0171060437139, -0.947729515544, 0.316715322599, 0.0387320254836, 0.0421555512836, 0.00396182099235, 0.999103204614,  
2109, 1696885.6505243117, 73.99254908630459, 127.71287294918507, 88.15614773735106, 35.981286649442055, 0.663340319596, 0.00714436231904, 0.748283755326, 0.644115062189, 0.503552499447, -0.575804365182, 0.3809139103, -0.863935089221, -0.329424884537,  
2111, 2938820.174793424, 88.85764544429645, 111.92663770724798, 108.13814016022064, 57.965828771630456, -0.275363083984, -0.954718354842, -0.112641177667, 0.344993258543, -0.207504086704, 0.915380634251, -0.897304197883, 0.213201587537, 0.386510361482,  
2114, 1847109.113981143, 76.11460196859373, 111.95470036801541, 91.00083848762007, 43.28288651839274, -0.332265434107, 0.838649942024, 0.431585398318, 0.929857959145, 0.214611927006, 0.2988409219, -0.157999547825, -0.50060762632, 0.851133448618,  
2115, 565086.0398074031, 51.28716064496036, 122.41824495460284, 56.90794717468924, 19.36452731628325, -0.461383960359, -0.290833976968, -0.838176854228, -0.150397254033, -0.905430876991, 0.396957923425, -0.874360055756, 0.309209516076, 0.374010652343,  
2116, 4384241.282624307, 101.53176734639608, 144.18530834501374, 93.8564957467525, 77.3429071223109, 0.181224559379, 0.522177810142, 0.833359462461, 0.660896793461, -0.692182870214, 0.289997073391, 0.728267181377, 0.498210004694, -0.470546176004,  
2124, 1932589.7941450097, 77.27108744129511, 92.22467918775368, 81.36645844401926, 61.48348921885187, -0.693066216428, 0.606077818459, 0.390293348159, 0.720243034376, 0.559541953908, 0.410076545599, -0.0301527955318, -0.565316265279, 0.824322951963,  
2155, 883587.4871917983, 59.52786627394268, 125.30185672174066, 70.31595003715704, 23.941402744014503, -0.886901879504, 0.148299257776, 0.43750701283, 0.417225327319, -0.149420163953, 0.896435519626, -0.198313091793, -0.977589353843, -0.0706468178791,  
2157, 2496501.2404451943, 84.1552198625408, 116.08681849625391, 97.154811655157, 52.84403283192227, 0.539350956386, -0.640589854471, 0.546575872313, -0.762062711922, -0.0951491265697, 0.640474095348, -0.358274990676, -0.761965407392, -0.539488414142,  
2161, 1643140.9476449843, 73.20297585754876, 99.06872927827061, 93.46608265934105, 42.36386503866993, 0.379873555782, -0.889320677126, 0.254567898317, 0.0839339847147, 0.307199118324, 0.947936594879, 0.921222648347, 0.338729146866, -0.191341049531,  
2169, 532914.1985593433, 50.294777827639685, 133.9149957587217, 66.02405674726307, 14.389220403181445, -0.160540468259, -0.541879925432, 0.824980547932, -0.0510501870222, 0.839261618148, 0.541325978231, -0.985708190316, 0.0447893147643, -0.162398524706,  
2185, 394663.83818284515, 45.50365080549964, 124.35804961220745, 89.79019118016653, 8.437930180679563, 0.457941378729, -0.686698217538, 0.564566428047, -0.114992508435, 0.583977798202, 0.803583632369, 0.88151370758, 0.43291510627, -0.188462447483,  
2193, 1920311.3599644892, 77.10709603216246, 134.50410413063625, 92.95299657442361, 36.66773725031278, -0.838691075554, 0.39107213624, 0.379024885784, -0.0709580395016, -0.768495317447, 0.635908722767, 0.539965032587, 0.506436107834, 0.672279876439,  
2231, 1109821.6991940604, 64.22757636776171, 84.371881850859, 72.15085212272521, 43.52365931235792, 0.529296538344, 0.847340645122, 0.0431161874678, 0.641921996209, -0.366715591042, -0.673391287491, -0.554780429792, 0.384100906548, -0.738027891281,  
2232, 603862.0942819313, 52.434410108908175, 100.28802071888587, 79.73507369805257, 18.028130760779362, -0.769097315494, 0.0100134347287, -0.639053245376, -0.0727967695857, -0.994742786085, 0.0720237451851, 0.63497240069, -0.10191428093, -0.765782952085,  
2236, 3600703.977674303, 95.08228346508245, 125.17719358736882, 112.58659768355666, 60.99397021870426, 0.125351008544, -0.594222409995, -0.794472688087, 0.112205180924, -0.787159845356, 0.606456408353, 0.985746986823, 0.165163874131, 0.031996447478,  
2237, 3397187.635215893, 93.25604115789143, 118.73627510243932, 83.957154928903, 81.35603824220159, -0.767306566976, -0.640819436918, 0.0243121686173, -0.56372825259, 0.655956108663, -0.501928322312, -0.305697709358, 0.398838354193, 0.864567451225,  
2239, 2065090.6273537881, 78.99813443835487, 126.84030468759349, 72.09539430633453, 53.91203288605621, 0.555927435808, 0.326787395954, -0.764300126888, 0.481958749281, 0.622424301354, 0.616687727359, 0.677244749044, -0.711194760195, 0.188524701202,  
2245, 695408.7354080332, 54.96047921914447, 129.17439593364955, 90.3927593394998, 14.21809623004721, 0.0570679978881, 0.821866927392, 0.566813900038, -0.687381647497, -0.379397944164, 0.619325173595, 0.724050905877, -0.424961120131, 0.543284761498,  
2247, 1970878.1375934966, 77.77805065110883, 124.92021037644315, 100.41159667576513, 37.510649389788135, -0.884893312964, -0.089623658549, -0.457090171082, 0.462306173225, -0.28884803575, -0.838355422504, 0.0568931179487, 0.953170715072, -0.297033265913,  
2248, 2136442.5196541403, 79.89768594600393, 107.37949428399293, 82.16758819904226, 57.807037011963196, -0.180062387971, 0.945195459515, -0.272365709571, 0.825327806175, 0.29582032171, 0.480961900381, 0.535174316268, -0.138187845252, -0.833362208545,  
2252, 1780095.3417328694, 75.1827519114142, 105.57203810898426, 69.1446549878279, 58.21663976658713, 0.588895935009, -0.451631198447, -0.670246848795, 0.546874694561, -0.387946018827, 0.741906971881, -0.595087931468, -0.80344704061, 0.0185258402149,  
2263, 328695.44935663755, 42.81228035561565, 120.15963323171287, 52.258030455130765, 12.49664551199873, -0.405148134729, 0.132592411403, 0.904585121127, 0.890712693787, 0.280315050714, 0.357846851977, 0.206121047087, -0.950706434596, 0.23167086387,  
2266, 848435.6846112524, 58.72776037323476, 105.52878009230484, 82.2353520900054, 23.339999538013675, -0.508680945374, 0.681747079443, 0.525799025754, 0.84012435761, 0.52658154295, 0.130011316334, 0.188241227058, -0.507870848045, 0.840614324254,  
2268, 2544132.271324273, 84.68705409360649, 116.362586299554, 112.13703705427704, 46.54667202316872, -0.960394616494, -0.278035639624, -0.018394665235, 0.214437060344, -0.779637834702, 0.588371985951, 0.177929558424, -0.561124789864, -0.808381124495,  
2278, 1686381.06816489, 73.83954913921325, 123.11704642934635, 92.76022587655372, 35.252272859234004, -0.914506481601, -0.38034818181, -0.137888200017, -0.363350048648, 0.922037091031, -0.133507845876, -0.177917501267, 0.0719921062139, 0.981408426388,  
2285, 1019720.8813799049, 62.44019266648882, 116.38918821396621, 80.7848397520635, 25.89108177738759, 0.753438083504, -0.654648788593, -0.0613678899721, -0.421620953718, -0.552636974933, 0.718907605554, -0.504546158158, -0.515778380247, -0.692391389864,  
2304, 1751591.1605953395, 74.77929708312149, 119.88439847923804, 90.77604343919923, 38.42467627905005, 0.344170737821, 0.444981889904, 0.826763340313, -0.488413173016, 0.836891661415, -0.247113171401, -0.801872231501, -0.318752983849, 0.505368637368,  
2308, 605235.5015430293, 52.474131801292806, 120.49023352487426, 55.44075970301585, 21.62991269607974, 0.422037058478, 0.892847346377, -0.157188858824, 0.339430518765, 0.00515458346549, 0.94061700665, 0.840637641438, -0.450329930536, -0.300884212715,  
2311, 1290732.0931196315, 67.54333489764414, 104.45183018926659, 61.02524988958497, 48.34169553994148, 0.933908837536, -0.0870314724097, -0.346756118881, -0.2800079069, 0.424985324594, -0.860803720922, -0.222283277025, -0.901006657406, -0.372528050038,  
2317, 1247856.311144377, 66.78700835295498, 139.23062667101465, 69.87818712476623, 30.61960354474995, -0.00563338245621, 0.526953217873, 0.849875621003, 0.0195122822141, 0.849785222019, -0.52676783053, -0.999793746652, 0.0136155283089, -0.015069225062,  
2324, 971545.8226618165, 61.44099305838073, 94.23452762528422, 78.87954774140627, 31.203277232541584, 0.276962778451, -0.691448028139, 0.667226531049, -0.505102010626, 0.485945835329, 0.71325213213, -0.817412734312, -0.534561754626, -0.214662880527,  
2341, 2642042.083621565, 85.75978967006843, 102.83853961221217, 90.19105569307312, 68.00357595032962, -0.794722287635, 0.317664260975, -0.517209728094, 0.516504320388, 0.801499498, -0.301366623444, -0.318809931709, 0.506643831507, 0.801044477816,  
2354, 1300470.3269008673, 67.71277504133221, 115.24688671611081, 95.3430476185272, 28.254889022566942, -0.549774157703, 0.608864862923, -0.571867077405, -0.664504966587, -0.733619964051, -0.142249420834, -0.506143778885, 0.301803457641, 0.807919023203,  
