# Void_ID, Void_Volume, r = (a*b*c)**(1/3.0), a, b, c, vector_a, vector_b, vector_c 

0, 1632340.3881117222, 73.04223254417553, 114.11914900015734, 74.46684619503498, 45.85647121329092, 0.879996668847, 0.0116438590741, -0.474837112454, 0.259558734881, -0.849020440597, 0.46021033734, -0.397787790115, -0.528231684012, -0.750157424839,  
1, 542114.2733549065, 50.58255288120299, 127.22084350691703, 36.217868793766236, 28.088016454448635, -0.169127728951, -0.132084340237, -0.976703403477, -0.946473049507, 0.298194638734, 0.123566678305, -0.274926495371, -0.945322000429, 0.175447250331,  
2, 1652020.834166427, 73.33460722043179, 96.48792310593048, 81.679317635442, 50.04282881671932, 0.897603860065, -0.36669290941, 0.244629557871, 0.0504371632559, 0.636756152088, 0.769413864796, 0.43790798458, 0.678290434081, -0.590049730172,  
3, 2896161.736126792, 88.42561059036711, 112.75765498388013, 105.20543320790263, 58.28408699754055, 0.283994055024, 0.519470053079, 0.805914536825, 0.803166304991, -0.587974754367, 0.0959665293434, 0.523709139922, 0.620029476865, -0.584202177829,  
4, 2775021.2064436143, 87.17512236788936, 121.99685813009557, 84.66203060831299, 64.14168580753983, -0.0719299058578, -0.184314937539, 0.980231652439, -0.703520758144, -0.687277283891, -0.18085485315, 0.707025198634, -0.702622187841, -0.0802335942665,  
5, 1325759.252821284, 68.14887420666882, 101.9188499044453, 60.89901925032629, 50.993080048731606, -0.959774419415, -0.0422541205828, -0.27757459021, 0.0311206323977, -0.998529171662, 0.0443959410125, -0.279042237082, 0.0339717917248, 0.959677730955,  
6, 1565098.6668058117, 72.02518305509363, 149.1007187026406, 94.61626904240623, 26.485462221793874, -0.986461494603, 0.000984299534209, -0.163990093663, -0.0451837021365, 0.959646116849, 0.277556775233, 0.15764565559, 0.281208750879, -0.94660946842,  
7, 1941529.9817180901, 77.39005655766663, 121.49102674923988, 81.43577598224216, 46.848538894540724, 0.496227200442, -0.251428903527, -0.830988611241, 0.702882807873, 0.678182204396, 0.214533577879, -0.509621745944, 0.690545005131, -0.513257510369,  
8, 1462103.6023720023, 70.4092707050331, 108.84649799231886, 75.27326669844531, 42.60242428322001, 0.725375499022, 0.600605473128, -0.336308565259, 0.580896780179, -0.79622999109, -0.169046538171, 0.369309241959, 0.0727383457221, 0.926455512621,  
9, 1229367.1160479584, 66.45550984932544, 104.44381843916014, 60.10174677399479, 46.75447097579603, 0.147184450702, -0.604474632868, -0.782909417296, -0.703974400736, -0.620035018681, 0.346376411895, -0.694807009593, 0.500166965951, -0.516794181073,  
10, 1301440.7192294195, 67.72961295487075, 111.04670309615437, 66.18316050215661, 42.274902019953295, 0.0146083086119, -0.93352464711, 0.358215480622, 0.936654059394, -0.112608577545, -0.331660189477, 0.34995109707, 0.340368978464, 0.872744629407,  
11, 378137.80063443194, 44.85943797552482, 88.68073276845476, 46.93162106402292, 21.690354803910672, 0.00979826617562, 0.135262687903, 0.990761323045, 0.91942712598, -0.39076233031, 0.044255634934, 0.39313833951, 0.910499207288, -0.128192977714,  
12, 2054596.4333915988, 78.86409189393183, 98.22805077166103, 74.51942614342012, 67.00896233059696, -0.00125112289778, -0.757706427461, 0.652594364422, -0.661089470095, -0.489019553814, -0.569052360084, 0.750306035709, -0.432135217001, -0.500299917056,  
14, 2064420.1459122216, 78.98958396350628, 123.81636192414533, 97.15618833373881, 40.969529087009704, 0.478857729066, 0.132823444365, -0.867786383819, -0.817238229601, 0.428490570633, -0.385379691937, -0.320650824719, -0.893730252093, -0.313734418101,  
15, 529104.173962442, 50.17463163840563, 122.91342988611797, 54.70612024043139, 18.785264950372902, 0.206975296185, 0.977252867252, 0.0462391632358, 0.764178854688, -0.190997667765, 0.616076755734, -0.610894348326, 0.0921776781876, 0.786327775693,  
17, 774990.6519274415, 56.98177211929177, 113.26346234279292, 82.97161466880014, 19.68740518330621, -0.927990174145, 0.203659216922, -0.312021089116, 0.336341280165, 0.0975052799231, -0.936678847655, 0.160339576984, 0.974174339505, 0.158982943433,  
18, 1792804.2416022185, 75.36124893328812, 112.750069965324, 67.26895621156764, 56.43035114587671, -0.923743295028, 0.161363135449, 0.347361862341, 0.32743836335, 0.80320484531, 0.497640527568, 0.198701895053, -0.57343170037, 0.794791571365,  
19, 2904365.1701310417, 88.50902096880938, 122.75993298445763, 91.5345912937658, 61.7050518010443, -0.0751327928957, 0.892464950834, 0.444816113652, -0.770561622765, -0.335094110145, 0.542168537328, 0.632921676793, -0.302023589938, 0.712875797153,  
20, 997156.1526015888, 61.976187185547786, 114.82866359840887, 81.19546614978049, 25.53244905581647, 0.280238941572, 0.607069569139, 0.743594428336, 0.790672829243, 0.293285880534, -0.537419639925, -0.54433685593, 0.738545821534, -0.39780328904,  
21, 523684.8222162831, 50.00273879889457, 102.63319612373024, 53.36851892178725, 22.824873208463412, 0.229220918422, -0.659078158583, -0.716291666458, 0.700419138976, -0.399323292639, 0.59156904729, -0.675922185103, -0.637304392606, 0.370097704466,  
22, 1347402.2798559645, 68.51771788528715, 143.55726624447522, 66.72987380704069, 33.578646426975745, 0.50571684089, 0.744421943868, -0.435989043817, 0.8028157341, -0.591096806052, -0.0780478248064, 0.315812244731, 0.310548764872, 0.896561258763,  
23, 2800019.3842975367, 87.43610633041374, 145.88917970774853, 85.45356061641512, 53.61905838136109, 0.445188737398, 0.495459389107, -0.745873301466, -0.282213049925, 0.868155188948, 0.408243018747, 0.849801613641, 0.0287499851968, 0.526318017747,  
24, 1188929.4218089958, 65.71872891775757, 121.01657615479168, 95.40522302488162, 24.58388142238161, -0.931119882054, 0.357117104873, 0.0740482184182, 0.363546142084, 0.925038901291, 0.110169113977, 0.0291542075783, -0.129500596546, 0.991150658414,  
25, 456929.26240427035, 47.780804097021445, 123.61076999104179, 58.2908919933189, 15.139214754349645, -0.997441271414, 0.0624067298444, -0.0348756383615, 0.070787739707, 0.93038119997, -0.359694201578, -0.010000299404, 0.361242609353, 0.932418238346,  
26, 1994199.8798094809, 78.08363550221563, 113.06538709104935, 81.55551280215046, 51.629400201042436, -0.727755541008, 0.225772881679, -0.647609819591, 0.114185768039, 0.970970077493, 0.210187342605, 0.676264358745, 0.0790171785915, -0.732408903945,  
27, 2313760.0466278363, 82.04961912728778, 126.64223125913783, 96.29291985937914, 45.29568155248448, 0.100022997727, -0.992851834618, -0.065120153728, 0.847662656544, 0.119302270083, -0.516947762403, 0.521021516471, -0.00349325764006, 0.853536394376,  
28, 2791869.6729456666, 87.35119364558955, 95.99487177408578, 86.78466954678142, 80.0046970252075, 0.502560680705, 0.0127473674586, -0.864447954959, -0.740060155473, 0.523239283797, -0.42253002044, -0.446926983399, -0.852090462636, -0.27239330938,  
29, 1695002.497132701, 73.96516737550049, 127.95366498499243, 76.96632193027169, 41.089255295968705, -0.991916087433, 0.0698892673799, -0.105914898839, 0.0738959275757, 0.996673020704, -0.0343843232984, 0.103159426999, -0.041933043129, -0.993780535388,  
31, 1045786.0027986342, 62.96773502324142, 113.88658535951215, 61.44585883789375, 35.67705721804827, 0.767241096958, 0.570412822886, -0.29320694164, 0.249601510676, 0.155561679369, 0.955771756111, 0.590796229683, -0.806492266174, -0.0230225887779,  
32, 1803740.7992958, 75.51417925270704, 130.81210540843279, 95.72503065738665, 34.388407919923935, 0.929330673358, -0.142397538224, 0.340686719236, -0.242248157075, 0.461210083372, 0.853581331444, -0.278676030454, -0.875790043392, 0.394121136132,  
33, 286226.53565313196, 40.88278079286112, 106.49045200023859, 89.79097463852537, 7.146245450750751, 0.629371670541, 0.141726418094, -0.764071281187, 0.473667548863, 0.709504411073, 0.521768668877, -0.61606034889, 0.690302189683, -0.379410771386,  
34, 2916273.0347895827, 88.6298180281734, 112.83952851581104, 103.13308942535612, 59.824665979305195, 0.445282736322, -0.689672740007, 0.571029593301, 0.0613634205715, 0.659749766071, 0.748975818558, 0.893284845584, 0.298465672834, -0.336095859525,  
36, 3660769.0817838307, 95.60807524170887, 117.72203596551897, 93.11311896739697, 79.72877415431473, 0.610431036697, -0.0333312959809, 0.791367786901, -0.665228752514, 0.52074551268, 0.53506524635, 0.429935642004, 0.85306103869, -0.295706286716,  
39, 3300830.8782169344, 92.36587626136702, 101.51987416659277, 92.90280463288894, 83.55159946306149, 0.42238579034, -0.362675788627, -0.830696404508, 0.445082847125, 0.881354185747, -0.158480467126, 0.789614781595, -0.302788823455, 0.533692256902,  
40, 2208301.0710125426, 80.78360402629392, 117.98477102196676, 76.5157049533391, 58.39734947700135, 0.848499070899, -0.0611685466511, -0.525649822205, 0.313569715438, 0.85825633277, 0.406288199215, 0.426290230059, -0.50956302472, 0.747410304715,  
41, 1740081.724147913, 74.61514926838647, 101.10899797903777, 77.81293888349671, 52.80066735474988, 0.872877566438, 0.475529036289, 0.10934756355, 0.318490449044, -0.725035966122, 0.610644480608, 0.36966009776, -0.498191713576, -0.78431908599,  
42, 1773198.1651752093, 75.08552493111009, 93.58503025133243, 70.68080416112845, 63.99717401944467, 0.465903615442, -0.192550431807, -0.863630796307, 0.492768207556, -0.754210372514, 0.433988718303, -0.734924019705, -0.627766712405, -0.256506608212,  
43, 2096026.3541086973, 79.39065344476109, 134.64107799803304, 87.77563322059893, 42.340558101067714, -0.375076911801, -0.20294942463, 0.904504749173, -0.164014444678, 0.974874851554, 0.150725862891, -0.91236866023, -0.0918180529619, -0.398939685892,  
44, 2129683.911804787, 79.81334518640185, 115.95454468985031, 72.24001516905679, 60.696121079172656, 0.439551458594, -0.785699539711, 0.435282377941, 0.533393477831, 0.61823183941, 0.577304764009, -0.722693512532, -0.0215783696647, 0.690831716779,  
45, 2593695.098835679, 85.23345711594357, 121.64589118999548, 89.16372419060424, 57.08797889921474, 0.505442918718, 0.560448879138, -0.656067458262, 0.445696942417, 0.481477004399, 0.754674850353, 0.738838068482, -0.673852319212, -0.00643120941409,  
46, 1043543.8497021535, 62.9227021259785, 87.87500883972282, 67.48340793024373, 42.01067943082522, 0.0233539264005, 0.768424229875, 0.639514501057, -0.993563417871, -0.0530849010699, 0.100068616196, 0.110843713356, -0.637735208546, 0.762238463337,  
47, 3263527.6237848895, 92.0166097083861, 124.49008428616378, 101.68198984668335, 61.548841992277765, -0.463039125927, 0.416691501571, 0.782280614856, 0.886194200689, 0.201762915877, 0.417075010571, -0.0159563945347, -0.886374592537, 0.46269371638,  
48, 2518752.007134605, 84.40449972159209, 121.19933484047962, 80.32986247289175, 61.761742513412536, -0.829207257005, -0.258891102874, 0.495369278198, 0.0518489477832, 0.846814520627, 0.529355130579, -0.556531231418, 0.464629491647, -0.688761514567,  
51, 1575605.739921627, 72.18600074446901, 121.21017280912282, 75.97380069972951, 40.84661024716413, 0.692256037936, 0.191207781629, -0.695860016228, -0.481218986508, 0.840885480286, -0.247668924311, 0.537782358362, 0.506311360024, 0.674120865829,  
52, 1789624.1857262314, 75.31666425143543, 141.1525481629861, 93.49669557486621, 32.37339500741772, 0.349799764458, -0.198762519765, 0.91549636019, -0.357103746498, -0.931741067388, -0.0658444954361, 0.86609297366, -0.303894791135, -0.39690164638,  
54, 3670318.4584391983, 95.69113654903578, 100.61835484020675, 95.97415587385824, 90.73683475960542, -0.2614763929, -0.319451064627, 0.910813434939, 0.308971527449, -0.921691401356, -0.234566740804, -0.914421506299, -0.220081752935, -0.339701826376,  
55, 3646358.448593156, 95.48245639811608, 106.47727920300403, 94.83558276565819, 86.20699112190566, 0.0983089918685, -0.845812673938, 0.524343649455, 0.197072133482, 0.533007807843, 0.822839748057, 0.975447546679, -0.0224409755751, -0.219085568426,  
56, 3806401.230083661, 96.8594470106072, 107.88365568394373, 96.51425972380962, 87.2727814574732, 0.575452601377, -0.777817913181, 0.252692693807, -0.364689978708, 0.0325066725595, 0.930561408865, -0.732021531786, -0.627648476597, -0.26495634891,  
57, 3022275.516486902, 89.6909204996305, 116.56483993952958, 96.23055066887747, 64.32279404258578, 0.716868885533, -0.684471531104, 0.132656413578, -0.600768605114, -0.70297838347, -0.380655323729, -0.35380232343, -0.19318414915, 0.915152337293,  
58, 3393564.8880142244, 93.22288007867685, 102.74000796189095, 96.81432175016651, 81.44948564661975, -0.582997140387, 0.426995377364, 0.691223033477, 0.706134943011, 0.687085358885, 0.171134893768, -0.401855417482, 0.587867891039, -0.702085155893,  
59, 3490165.3846636326, 94.09917139469364, 101.01686081682968, 91.09025498128206, 90.55065820269256, 0.136566014984, 0.702260118028, 0.698699112765, 0.82809322707, -0.468030836206, 0.308559141238, -0.543701508948, -0.536449310734, 0.645453953571,  
60, 3621105.4460514956, 95.2615230482207, 103.88161426248641, 94.57104381968638, 87.9945328515471, 0.357142628353, 0.927965090567, 0.106442161296, -0.339938349804, 0.0229891196387, 0.940166697299, 0.869994862827, -0.371957378024, 0.323661316175,  
61, 3917425.602223051, 97.79216237665663, 105.56624876634562, 95.78686155265957, 92.48708991925562, 0.842304506334, -0.0277851809694, -0.538285335421, 0.446600300735, 0.595119263012, 0.668117679885, -0.301780201461, 0.803156925208, -0.513680507218,  
62, 3439225.546009087, 93.63912558939776, 112.1819730786393, 94.25992521801886, 77.6464998937153, 0.0678267221463, -0.420610358776, 0.904702416186, 0.842649114405, -0.461351442769, -0.277664034847, 0.5341741343, 0.781179731141, 0.323134990212,  
63, 3634729.6708394084, 95.38084573393516, 124.40397259042855, 90.07978625169646, 77.43225570492976, 0.563528399248, 0.460084913108, -0.686117785786, -0.379111163834, 0.881960943457, 0.280035032939, 0.733968983471, 0.102307218451, 0.671433365536,  
64, 3478668.381835851, 93.99573326491058, 99.37695348665231, 96.03987555289736, 87.01360321685294, -0.802382305336, 0.383514041823, 0.457274114518, 0.350193640635, -0.317876865784, 0.881089502978, -0.483267058822, -0.867105113538, -0.120754593841,  
65, 3682074.5878216513, 95.79319476168017, 104.7677079280723, 92.20485699645968, 90.9960899167598, 0.298962814984, -0.605337107652, 0.737691142252, -0.790729413181, -0.589898976789, -0.163603766195, -0.53419868063, 0.534402641538, 0.655015714567,  
66, 3169586.785091828, 91.12509891208725, 97.15679390282595, 94.03757765355107, 82.82080162718118, -0.885010660647, 0.456098906182, -0.0934340319196, 0.302591872029, 0.716019033178, 0.629090536496, -0.353828050786, -0.528479452681, 0.771696299441,  
67, 3808177.898467964, 96.87451464180846, 105.80393396678204, 95.46850822338808, 90.00500631181767, 0.352344547275, 0.842250452047, 0.408004284331, 0.809245580199, -0.49317407311, 0.319219242119, -0.470079685727, -0.217700504451, 0.855354651258,  
68, 3605037.1639210386, 95.12040972053711, 99.92225325121524, 97.31135623305188, 88.51062198538105, 0.263231680003, 0.772715365539, -0.577598516707, 0.368045898551, -0.633867179654, -0.680260696437, -0.891768635467, -0.0335165991196, -0.451248643633,  
69, 3320031.5763929063, 92.54462535953218, 104.90377443248461, 88.88279664845551, 85.00506026358796, -0.69131404621, 0.597249981574, 0.406666139508, 0.0839044215005, -0.492654593489, 0.866170594956, 0.717666313523, 0.632916985886, 0.290467126214,  
70, 3368495.7934335945, 92.99275907950702, 102.06880738063317, 95.62030964144279, 82.39563669841202, -0.704592119485, -0.225568361022, 0.672806703047, 0.371983629646, -0.924829050917, 0.0794946907375, -0.60429969753, -0.306284412084, -0.735534998813,  
71, 3940542.1619160557, 97.984141030036, 100.35150896155375, 98.43570951983085, 95.23372812582885, -0.559293436189, 0.666044164833, -0.49353421637, -0.740253917761, -0.669246665151, -0.0642887114799, -0.373115249589, 0.329384382865, 0.86734706943,  
72, 3801839.4576554424, 96.82073788551835, 100.8227755147115, 98.46886167525828, 91.42134328192736, 0.0709795528541, 0.871516065489, 0.485202690298, 0.553575268958, -0.439062177218, 0.707657280139, 0.829768838096, 0.218367012462, -0.513614177368,  
73, 2497811.4304862665, 84.16993913530891, 96.38167332707441, 93.1804096508326, 66.39753582837265, 0.971011579003, 0.00765023738285, 0.238909998347, -0.0168127579952, 0.999198154256, 0.0363370293242, 0.238440442482, 0.0393004122052, -0.970361599091,  
74, 2706313.4876555265, 86.44963504951475, 113.24810768071517, 92.76969107060893, 61.49678734733319, 0.869571506261, 0.488156628882, -0.0744882620096, -0.302538734055, 0.645879749922, 0.700934849353, -0.390276453165, 0.586977388252, -0.709324915526,  
75, 3375826.875923285, 93.06017231638293, 98.02203740940415, 93.37465995506459, 88.0519135817229, -0.694487940439, -0.719502084926, -0.00180287869398, -0.0951065630692, 0.0893157843968, 0.991452183577, 0.713190887663, -0.688723050612, 0.130458105573,  
76, 3220724.4363487083, 91.6125530861539, 100.13848306549389, 91.03570890940678, 84.3436074706715, -0.979033779795, 0.00713787063456, -0.203572858759, -0.0827709466787, 0.899219841725, 0.429595910867, 0.18612315387, 0.437438826638, -0.879775792201,  
77, 3423818.402103479, 93.49908716031956, 105.59685942392899, 91.54131956408064, 84.55785198290306, 0.549830319454, 0.791126995882, 0.26796398302, 0.680025210813, -0.610261470506, 0.406382394149, -0.485028176983, 0.0412190975525, 0.873526561433,  
78, 3359059.8618988045, 92.90584650545924, 102.29153678618441, 91.20397667696899, 85.95589288540555, 0.588255371701, -0.807801110972, 0.0375896631723, 0.248039805553, 0.224479264806, 0.942382785567, -0.769695961096, -0.545038003064, 0.332417963848,  
79, 3075954.8991669957, 90.2188149106095, 113.77228288918703, 92.13837071045955, 70.05100224599005, 0.507498173301, 0.458950270303, 0.729253216301, -0.568672549894, -0.457442455266, 0.683635817609, 0.647346225056, -0.761650214671, 0.0288412100501,  
80, 2467438.4825705686, 83.82738299826298, 107.11498356282499, 85.18474415941589, 64.55734714105674, -0.614189507339, 0.436045479278, -0.657750400285, 0.760068203393, 0.551072301216, -0.344406220942, -0.212291251034, 0.711465852191, 0.669887129225,  
81, 2440627.358950739, 83.52265452607898, 106.09208544166515, 93.14630972668944, 58.960916540028244, 0.958847270449, -0.264167714326, -0.104054460069, 0.187138535988, 0.312407373649, 0.931332809063, 0.213520678861, 0.91247852117, -0.348986916806,  
82, 3313522.4594081608, 92.48410606648152, 99.58437263196218, 92.96280270371943, 85.44780460976705, -0.815345455254, 0.440128499354, 0.376163119742, 0.100466458785, -0.532296083435, 0.840575618382, 0.570191440883, 0.723151286811, 0.389787040738,  
83, 3206594.4506133175, 91.47838226236199, 97.45108090240687, 90.00063202594063, 87.28170221405719, -0.252166404743, 0.428748450568, -0.867517648497, 0.110288987045, 0.903380820525, 0.414414565917, 0.961378408149, 0.00882378846403, -0.275088525936,  
84, 3724844.343778845, 96.16266852048463, 103.62749212493486, 96.85591703506314, 88.59686898960805, -0.788017935722, 0.303641803659, -0.535564550778, 0.598590266586, 0.581262334832, -0.551202132482, -0.143935491551, 0.754940893829, 0.639802173407,  
85, 3488504.2337341537, 94.08424013170175, 103.7463579594245, 102.50552160580482, 78.31239851392539, 0.0221311468016, 0.844460614902, 0.53516023976, 0.820674847665, -0.32105343538, 0.472670589355, 0.570966729987, 0.42873180604, -0.700132867203,  
86, 3301005.297964749, 92.36750313953621, 94.16886981571989, 93.83348568880545, 89.1851206647287, 0.255394545632, 0.393624178197, 0.883081894504, 0.947487864902, -0.283712852694, -0.147559354431, 0.192458753829, 0.874395233035, -0.445412847277,  
87, 3341521.5300819403, 92.74387086166469, 101.13268970955953, 96.58391507624499, 81.66938605695972, 0.00701567075528, 0.993543536509, 0.113234365038, 0.403421598502, -0.106425245871, 0.908803983763, 0.914987319161, 0.0393053190179, -0.401563566165,  
88, 3713685.28482864, 96.06654295802664, 106.62659750971721, 92.70381152298644, 89.69192518621593, 0.151904416475, 0.96309896301, 0.222183338042, 0.88834631873, -0.231584356211, 0.396496537132, -0.43331958905, -0.137146175325, 0.890744104858,  
89, 3927156.5367448023, 97.87306774449954, 106.47043162437075, 98.07910074717543, 89.78093281184708, 0.521384776123, -0.743808265782, -0.418219056215, 0.503912280792, -0.127144944826, 0.854345700681, -0.688643832829, -0.65618856037, 0.308522681089,  
90, 3417970.372466063, 93.4458233307471, 98.6792969150482, 93.98908812573772, 87.978428850214, -0.788514534426, 0.397474782349, -0.469317191669, -0.324461684469, 0.379412085487, 0.866470475376, -0.522464778058, -0.835500010044, 0.170206606529,  
91, 3673189.5293536778, 95.71608119953532, 99.5554019391583, 94.84963223947832, 92.86546697482697, -0.0616794782058, 0.0235852577998, 0.997817306716, 0.190120818098, 0.9816939072, -0.0114519471135, -0.979821267627, 0.188999492543, -0.0650344164618,  
92, 3429278.734645143, 93.54876512082873, 102.75208829361043, 91.30514934214187, 87.26262012035104, 0.935615440892, -0.205115742315, -0.287317383774, -0.197505359241, -0.978726125373, 0.0555590189288, -0.292601059183, 0.0047648471078, -0.956222733675,  
93, 3076335.5894801375, 90.22253668300449, 98.96261140974221, 92.55093866139076, 80.18499857710661, -0.179693555915, -0.0510634410899, 0.982396432682, -0.847894943949, -0.498312870043, -0.180992948966, 0.498782908677, -0.86549223482, 0.0462471780557,  
94, 3751850.618289154, 96.39451214521934, 104.38068444799333, 97.42569927414374, 88.07715078873365, -0.933609521109, 0.337920141904, -0.119093407841, -0.260293830021, -0.41127477541, 0.873556054964, -0.246212071492, -0.846559529394, -0.471928574091,  
95, 3469635.0857421076, 93.91430102097333, 97.48534562739785, 94.8738946002437, 89.55897756831475, 0.0157252515166, 0.994882931629, 0.0998031503446, -0.490232722802, -0.0793234564127, 0.867974462042, 0.871449708221, -0.0625758868633, 0.486476787138,  
96, 2727991.0054841046, 86.67984144868522, 96.79818987670139, 88.36227340795479, 76.14128601090817, -0.455056860285, 0.890029319274, -0.0277680524976, 0.284451115079, 0.174843598901, 0.942611945105, -0.843807334074, -0.42104337871, 0.332733611477,  
97, 3466010.9401753526, 93.8815907922367, 99.13386081547984, 94.19985363224737, 88.60721195287812, -0.0762950273444, 0.6296820211, 0.773097420191, 0.996914466157, 0.0338221301689, 0.0708350949603, -0.0184557841806, -0.776116367444, 0.63031957626,  
98, 3181382.8101333478, 91.23800355811335, 95.88864258559194, 92.7003252316883, 85.44347291346624, 0.236732829225, -0.936975524766, -0.256971659052, -0.292433540298, -0.320941360258, 0.900821440567, -0.9265204758, -0.138106876239, -0.349980426109,  
99, 3515018.819751143, 94.32200307465901, 109.81362644986608, 92.6895780905423, 82.4426429976788, -0.099391232385, 0.988051075398, -0.117798367266, 0.911724866759, 0.137850462874, 0.386981933971, 0.398596475473, -0.0689370893716, -0.914531862457,  
100, 3162647.03726276, 91.05854477910115, 94.96119418179534, 92.31973244412832, 86.1234486293732, 0.675191249747, -0.377203496719, -0.633904013497, 0.157641920291, -0.765723334609, 0.623551761926, 0.720601000021, 0.520946539385, 0.457546611692,  
101, 3561701.972057442, 94.73773320947672, 104.75190028288682, 97.7221982873485, 83.06418902421284, 0.343108211148, -0.924714077817, 0.164865489807, -0.338545537171, 0.0419783552302, 0.940013157862, -0.876164182505, -0.378340708857, -0.298654705835,  
102, 2487523.6426007343, 84.0542226286765, 101.40567976208978, 90.36773970146281, 64.80416326506321, -0.0236266540486, -0.489429998163, 0.871722466222, -0.464865978606, -0.76658410942, -0.442999351151, 0.88506576205, -0.415700709746, -0.209407537503,  
103, 3374613.632715214, 93.04902263814539, 99.04612752786913, 92.51177655084417, 87.92268172574212, -0.78880797279, -0.272098500398, 0.551130100923, -0.612060209398, 0.429800139472, -0.663817851659, 0.0562519522702, 0.860949618846, 0.505570441853,  
104, 3536968.366213546, 94.51792717433516, 107.74201961803523, 94.84373192218085, 82.63210568689794, -0.279012117898, -0.955562737533, 0.0951424863248, 0.586576281124, -0.0911463863811, 0.804748782337, -0.760316055656, 0.280342987941, 0.585941383266,  
105, 3557173.070218756, 94.69756141492002, 99.64196864676987, 93.87503692129617, 90.7870629105401, 0.328676577845, 0.406809219182, -0.852336768164, -0.420846629287, 0.871010049597, 0.253435609413, 0.84549383309, 0.275404707094, 0.457484891026,  
106, 3609934.056215892, 95.16345908320862, 107.89660441126333, 95.47036468833682, 83.66316700324818, -0.235389305265, -0.971479805929, -0.028615758584, -0.971654467881, 0.234564182846, 0.0294489248079, 0.0218968037284, -0.0347365916313, 0.999156593927,  
107, 3586652.370589459, 94.95843725364823, 102.06501575268095, 94.40074341491572, 88.86860335062637, -0.85510963206, 0.140047354655, 0.49917357263, 0.10822766653, -0.893391768033, 0.4360480719, 0.507024939579, 0.426893297282, 0.748790907651,  
108, 3326070.5253803623, 92.60070251306202, 108.0303601937369, 90.96287304176938, 80.80399838238809, 0.670490377102, 0.741899821763, -0.00522577092002, 0.518170580445, -0.463231304306, 0.718968711609, -0.530982018317, 0.484769443322, 0.695022793184,  
109, 3745092.4254190912, 96.33659901416928, 108.44651689450879, 98.26905846308287, 83.89605274313584, -0.439322294585, -0.252672007964, 0.862063093904, -0.12869271902, 0.967432884072, 0.217972013999, 0.889063611645, 0.0151812781759, 0.457531882213,  
110, 3676203.587528759, 95.74225418101018, 111.34725487044149, 94.58621935089641, 83.33041867304678, 0.70007737658, -0.0847896462021, -0.709015079316, 0.474278727538, -0.687058317549, 0.55046394695, -0.533808350821, -0.721638125506, -0.440780058998,  
111, 3280928.1042714226, 92.17985800530467, 99.99781550113482, 94.94991149949925, 82.49412632201879, 0.750716271086, 0.545457581463, 0.372694388408, 0.309081316079, -0.788601754827, 0.531578792218, -0.583861131073, 0.283871976618, 0.760606915899,  
112, 3349486.172079359, 92.81749856032471, 100.40686340472116, 94.65012072199714, 84.14048426641459, -0.730075983311, 0.0203619192689, -0.683062552652, -0.054688371624, -0.998090935321, 0.0286995964937, 0.681174163193, -0.0583084648527, -0.729795781247,  
113, 3500101.8977051587, 94.1883870056826, 101.4085865305951, 94.84315777584528, 86.87830597401243, -0.870860013825, -0.482960041117, 0.0913916571919, 0.0705455035318, 0.0611996063039, 0.995629419071, -0.486442358612, 0.873501120132, -0.0192256307056,  
114, 3474656.938232485, 93.95958882014767, 99.00076950680496, 93.64944015835827, 89.47043873370504, -0.261130246829, 0.740998944954, -0.618653018879, 0.224348978034, 0.669927931641, 0.707717530136, 0.938870880498, 0.0460122807866, -0.341180802171,  
115, 2838634.5627691876, 87.8362175499021, 99.44401053593334, 84.42544604602938, 80.71771930609313, -0.858395414277, 0.487470729826, -0.159779849515, 0.00663247035376, 0.321988772583, 0.946720254704, 0.512945731131, 0.811600590127, -0.279626820998,  
116, 3372288.296027095, 93.02764537379849, 102.96421330212998, 91.92850430512989, 85.05494855274628, -0.361215254888, 0.515593836162, -0.776972673746, 0.913334401052, 0.0276349661299, -0.406271560045, 0.187999498644, 0.856387356725, 0.480891758872,  
117, 3716225.6997827822, 96.08844332886538, 103.84007948051419, 94.31149432628129, 90.59074580786594, -0.941862258874, 0.171614640474, 0.288866579034, 0.193289136422, -0.426484494804, 0.883600750018, 0.274835942062, 0.888064969958, 0.368518403997,  
118, 3424416.771568487, 93.50453368554227, 104.0840641939813, 89.14826025711808, 88.10506825094065, -0.734090389845, 0.570294424174, 0.368613034622, 0.577839119611, 0.239503791936, 0.780217844897, -0.356669667036, -0.785749453328, 0.505355859976,  
119, 3485753.2791474797, 94.0595027353888, 101.65312416256064, 98.86896334860342, 82.79942562881153, 0.522716161108, -0.754253704126, 0.39732752828, 0.168044273517, 0.548086751829, 0.819366849835, 0.835780435913, 0.361527678447, -0.413241818628,  
120, 3532494.0609524483, 94.47805493859015, 116.24241168935485, 90.53472940039735, 80.13329695814708, -0.60514046881, 0.70006138492, -0.379102981197, -0.152677560968, 0.365300470801, 0.918283795136, 0.781341522886, 0.613571204814, -0.114174433379,  
121, 3494911.843866633, 94.14180887390751, 102.27871953849501, 97.84061200534981, 83.3764065150531, 0.00424005879343, -0.69289260447, 0.721028335485, 0.983836220524, -0.126190651045, -0.127052000278, 0.179020426453, 0.709912500425, 0.681157785431,  
122, 3650479.7603677767, 95.51841600126859, 107.62275538015047, 96.02233031308211, 84.33056060967786, 0.511771855137, 0.518869275131, -0.684736623538, -0.221546099208, 0.849768731672, 0.47834133064, 0.830064391608, -0.093100902241, 0.549841184149,  
123, 3124650.8375487225, 90.69241396552732, 102.20311974687733, 85.47070216143285, 85.39480682900506, -0.884930088256, -0.315408287209, 0.342660694069, -0.455560393647, 0.433362815956, -0.777599766903, -0.0967650073133, 0.84422407103, 0.527183318451,  
124, 3489357.7203676845, 94.09191229224851, 105.4167726749934, 91.29739220583517, 86.55432949306619, -0.106484341097, 0.953155865644, 0.283116550008, 0.971142939109, 0.0385858075509, 0.235356171097, -0.213406834284, -0.300008385288, 0.929759373084,  
125, 3521274.894117295, 94.37792840167174, 103.85594948483643, 95.77690194569438, 84.5121509936471, -0.0145078181893, -0.666061621944, -0.745755616127, -0.00078237487656, -0.745826320568, 0.666139990871, 0.99989444998, -0.0102476983343, -0.0102992027803,  
126, 3162792.4305824176, 91.05994013991533, 107.01432066362463, 99.16608769948367, 71.1503437701741, -0.0981612702586, 0.939683366964, 0.327657648884, -0.613958986898, -0.316304607015, 0.723191370239, 0.783210525611, -0.130178974615, 0.60797591,  
127, 3374672.2435160805, 93.04956133153443, 104.28415600274359, 94.02484470322204, 82.16408718226592, 0.810739103583, -0.140645761303, -0.568261274194, 0.284625089555, 0.942956092114, 0.172691536392, -0.511557097807, 0.301749197469, -0.804522689245,  
128, 3801116.5141382497, 96.81460047381249, 102.32830707991357, 96.26459221947025, 92.12133182669291, -0.394164550751, 0.433440238151, 0.810409690763, -0.17806288999, -0.901108592113, 0.395344043117, 0.901625151679, 0.0115267155342, 0.432364684832,  
129, 3300742.313947179, 92.36505016738785, 105.19658167855681, 90.54701708679443, 82.72699243959869, 0.6466770412, 0.527555813401, 0.55090259405, -0.276503692173, -0.510985269363, 0.81390402549, 0.710882910611, -0.678659648307, -0.184571311856,  
130, 4236502.42063509, 100.3782492212737, 107.07792801378449, 99.05220256857739, 95.35747737701278, -0.757522426216, -0.197515112129, -0.622211824269, -0.648894539031, 0.332046457845, 0.684602824307, -0.0713838286714, -0.922351847352, 0.379699115999,  
131, 3876220.266889207, 97.44807839002074, 102.94989173643195, 95.53744754680322, 94.08498288468522, -0.328968676992, -0.341315664253, -0.880501690455, -0.944019730007, 0.0945466667008, 0.316050118135, 0.0246243561516, -0.93518155732, 0.353311613074,  
132, 3533157.1637349473, 94.48396622396979, 112.53141978676209, 90.2206460278113, 83.07964195583524, -0.0335429620796, -0.357422467886, 0.933340264397, -0.977000454902, 0.208492955706, 0.0447302866352, 0.210582479842, 0.910373476586, 0.356195385024,  
133, 3337699.9774428145, 92.70850166623723, 106.3180766693944, 93.99858780524683, 79.73155717255139, -0.847491441023, 0.193025304191, -0.494468896226, 0.48318286117, -0.105124855053, -0.869185301027, 0.219755728173, 0.975545999321, 0.00417410386134,  
134, 3240115.482427978, 91.79604285282251, 101.08455006248319, 91.4187941652369, 83.70504017433463, 0.527452731448, 0.0406833108168, 0.848609736162, -0.747775800148, 0.496351298763, 0.440983832956, 0.403267862346, 0.867167951689, -0.292223843589,  
135, 3529238.1126290937, 94.44901877519942, 104.14756675981819, 94.59798366794578, 85.51874990782711, -0.29454610282, -0.714378924319, -0.634748253879, -0.938925242955, 0.340010698417, 0.0530293607803, -0.177938139409, -0.611600750041, 0.770897231213,  
136, 3568133.272228489, 94.79472098723011, 103.08804218321053, 92.57148273465273, 89.26206840831816, 0.189403399745, -0.677994847106, -0.710245971099, -0.760985472626, -0.558467614569, 0.33017424783, 0.620505811913, -0.47795074095, 0.62171989401,  
137, 3064249.4369604792, 90.10422769073449, 112.37322036618943, 94.8252721194426, 68.65127083092428, 0.755247493027, 0.48583175659, -0.439964462843, 0.575550206186, -0.170416466644, 0.799812595585, -0.313597169049, 0.857278095011, 0.40832717688,  
138, 3626187.4615385113, 95.30606692582309, 99.40929560755019, 94.89918849334643, 91.76396010137728, 0.613063029563, -0.0743977826918, -0.786523166673, 0.488858212702, -0.746348686147, 0.451642875025, -0.620621760541, -0.661383858751, -0.421188819564,  
139, 3507985.897817095, 94.25905393823142, 101.5615034132314, 92.8287398232436, 88.82958918265305, 0.27356747452, -0.0128356736526, -0.961767166401, 0.469610047093, 0.87441697608, 0.121907159807, 0.839420776818, -0.48500535814, 0.245239805132,  
140, 3426761.8529038476, 93.5258731540479, 95.92867089893134, 93.76008366732425, 90.95548642806575, -0.547353412659, -0.789867774357, 0.276610087816, 0.672244886828, -0.218087193585, 0.707477765111, -0.498488769967, 0.573190086294, 0.650355342249,  
141, 3576643.805183198, 94.87002768819725, 106.81212624694822, 91.18173754902413, 87.67154454875639, 0.132512762353, -0.542954968848, 0.829240779037, 0.770907466949, 0.582316558913, 0.258087393373, 0.623010469587, -0.605068035034, -0.495732415487,  
142, 3351939.772375563, 92.84015690698685, 101.60985215939824, 95.52104634252032, 82.44659168434349, 0.260957160197, -0.817041560924, 0.514144384649, -0.830227896203, -0.461707879893, -0.312325909927, 0.492567762758, -0.345353328301, -0.798816673413,  
143, 3711860.5095370584, 96.05080579844825, 100.4154586006687, 95.76623879070378, 92.14887361849156, -0.501236667064, -0.0128328423313, -0.865215072539, -0.865293735669, 0.0136081036767, 0.501080403254, -0.00534365059944, -0.999825053533, 0.0179250586121,  
144, 3556679.136705719, 94.69317811546775, 99.80651955513063, 93.95358938080982, 90.54902752852016, 0.0485775683721, 0.674143373415, 0.737001310671, -0.390721750903, -0.66624763071, 0.635177619209, 0.919226159997, -0.318817826749, 0.231037789387,  
145, 3316291.8836540636, 92.50986479758288, 101.96040196664175, 89.93051160087722, 86.34268219938693, 0.891566691474, 0.381161919799, -0.244590321862, -0.163239835059, 0.774225470841, 0.611496260456, 0.422447145692, -0.505262813986, 0.752494450411,  
146, 3057625.9007234997, 90.03925918238282, 96.19398918623783, 90.48840066271232, 83.86000646178012, 0.102215869622, -0.994474898136, 0.0239080106829, 0.451042578911, 0.0249117051813, -0.89215469452, 0.886629859641, 0.101975898733, 0.451096894327,  
147, 3671718.9837848637, 95.70330632131216, 108.22371698159716, 94.07719205903004, 86.09422745020345, -0.422639621496, -0.902249776819, 0.0855633716681, -0.874361970211, 0.430766921239, 0.223452466121, 0.238467807872, -0.0196265074742, 0.970952061027,  
148, 3419201.3425238915, 93.4570400462907, 111.48294531674655, 102.48693913081165, 71.44290563634779, 0.108305725981, -0.246651868612, 0.963033086363, -0.987206352149, -0.140715999682, 0.0749841697241, 0.117019177896, -0.958833595127, -0.258736639966,  
149, 3563661.9321011, 94.75510768606657, 107.37200413388122, 90.52709584408608, 87.52623368954437, -0.712617530531, 0.700913555062, 0.0299406665077, 0.68725376701, 0.688884359593, 0.230479063776, -0.140920243086, -0.184820257111, 0.972616552219,  
150, 3696559.295950355, 95.91864224596621, 105.00638343446295, 95.6488514200499, 87.8645334754926, -0.302062589231, -0.204873747806, 0.931012856864, 0.0756584693663, 0.968400328543, 0.237648058464, 0.950281004861, -0.142223595576, 0.27701707648,  
151, 3509681.2975266944, 94.27423653773602, 99.73239563709697, 97.48891932778689, 86.17624465271854, -0.379293254624, -0.888994737398, 0.256563800788, 0.89311011198, -0.279275319516, 0.352646599004, -0.241849033235, 0.36289620112, 0.899897434342,  
152, 3794009.905496582, 96.7542276247264, 105.90248739621707, 98.11916211824224, 87.16655044560525, 0.609646540304, -0.680020115484, -0.407312826256, -0.727198805767, -0.275311215183, -0.628796971753, -0.315456800192, -0.679541299209, 0.66235234572,  
153, 3806685.2148966244, 96.86185575369069, 111.07620742028195, 98.95511048017745, 82.67973675331164, -0.906870794496, 0.421316031871, 0.00884100556967, 0.1870636328, 0.383672579161, 0.90432436066, 0.377614299748, 0.821759182053, -0.426754364168,  
154, 3239992.817781111, 91.7948844299885, 102.98857307288085, 91.02773235301973, 82.50735661645523, 0.0916852986223, 0.543864397004, 0.83414946124, -0.429459629206, -0.734173306171, 0.525884001837, 0.898419853353, -0.406449350076, 0.166254903459,  
155, 3246580.131706, 91.85705250860367, 96.75647244681736, 93.69276083904538, 85.49711384123017, -0.293492761632, 0.204114200341, 0.933916159025, -0.571972817646, 0.745283814925, -0.342635565996, -0.76596938238, -0.63473571542, -0.101987630751,  
156, 3446489.808237032, 93.7050067788441, 108.05883310111344, 100.29111820598978, 75.92165075146015, -0.401908929908, -0.456126114113, 0.793988778312, -0.539062752565, 0.818782359624, 0.197501383201, -0.740189543872, -0.348632206764, -0.574956540574,  
157, 3560973.533587918, 94.73127418930983, 98.07740967571564, 94.33163615282763, 91.88693856124112, -0.618412689942, -0.370029780545, -0.693284722483, -0.759589354121, 0.507627016183, 0.406618771759, -0.20146900016, -0.778069902997, 0.594993670575,  
158, 3032264.894554393, 89.78962881808641, 103.19481857441333, 96.50481260083188, 72.68949725014504, -0.636671410905, -0.327388799845, -0.698187717073, -0.0714899159669, -0.876444300955, 0.476166545694, 0.767814239547, -0.353075007696, -0.534602031879,  
159, 3660696.6998374155, 95.6074451059792, 102.68825682796802, 95.42775327895035, 89.18250313156418, -0.127657227035, -0.721471211043, 0.680575435953, -0.968772364408, -0.0563598353316, -0.241461539218, 0.212564668621, -0.690146984778, -0.691746630679,  
160, 3563748.768644713, 94.75587731941619, 102.22221050000117, 96.84569451437834, 85.9395123207276, 0.95950695628, -0.247388624598, -0.134704377325, 0.109718071824, -0.112211821726, 0.987608450642, 0.25943851982, 0.962396683018, 0.0805250206409,  
161, 3524949.258071184, 94.41074400776617, 100.55110360731388, 97.63797342652502, 85.7153617079849, 0.769255062156, 0.542539514342, -0.337487073419, -0.511071373166, 0.839477743822, 0.18461627544, -0.38347451138, -0.0304629775999, -0.923048918594,  
162, 3108204.308862718, 90.53301481954956, 121.16893761604466, 98.23694472781321, 62.33827805512411, 0.41938355111, -0.481860918999, -0.769368242001, -0.839043672649, 0.117818091622, -0.531154038556, -0.346587871176, -0.868290822264, 0.354891385534,  
163, 3469195.905428293, 93.91033835136012, 101.861276291889, 99.46497883857903, 81.74494534705715, -0.131230908087, -0.323782849355, 0.936986187319, -0.980338572897, -0.098108205217, -0.17120473872, 0.147359191277, -0.941031055031, -0.304541987603,  
164, 3238318.718457469, 91.77907161415351, 101.76196527845391, 93.64293082239246, 81.12794914681173, 0.307404253063, 0.951482493258, -0.0135532365703, 0.509236513501, -0.176522169438, -0.842328971966, -0.803853717113, 0.252033705523, -0.53879329317,  
165, 3045925.6241054893, 89.92426464223853, 112.40386936223943, 82.53620563788695, 78.37993952342649, -0.89864733634, 0.351788143128, 0.26206500576, -0.0772602091649, -0.71499198232, 0.694850577677, 0.431814572437, 0.604178423623, 0.669704865936,  
166, 3348903.4328039694, 92.81211549198505, 103.55962542020792, 95.67187643114922, 80.69362997298644, 0.39277373923, 0.452627564303, 0.800535494407, 0.739117396037, 0.3625952809, -0.567653183859, -0.547205870443, 0.814648973671, -0.192127002396,  
167, 3686986.9384569866, 95.83577588802434, 110.94421108377401, 91.89894651126804, 86.33120656343227, 0.713697807758, -0.687057390226, 0.136336281808, -0.38219788913, -0.218864897631, 0.89778779794, -0.586992515068, -0.692856622341, -0.41879528189,  
