# Void_ID, Void_Volume, r = (a*b*c)**(1/3.0), a, b, c, vector_a, vector_b, vector_c 

8, 1654625.7384426002, 73.37313161648521, 121.36795721192115, 71.37435983754776, 45.600005820937504, 0.527953253643, 0.763193821668, -0.372559461746, -0.278413318958, 0.569972005353, 0.773057524988, 0.802341190389, -0.304412719317, 0.51340189961,  
10, 828863.5372959953, 58.27265537736223, 94.45751269792699, 82.48071405585003, 25.39835026535042, -0.814052938824, -0.223039966632, 0.536256455511, -0.577462862325, 0.212128533613, -0.788376894551, -0.0620842607064, 0.95144871565, 0.301481153741,  
47, 302447.13062475243, 41.64091715667359, 105.98332196469491, 63.761369112543505, 10.68478278017768, 0.0670481331337, -0.254455020239, 0.964757581218, 0.773529406237, -0.597482851464, -0.211344505235, 0.630203780955, 0.760438613487, 0.15676833095,  
80, 422556.62307857425, 46.55133082844041, 124.41874767260913, 57.059894645181046, 14.20952343868472, 0.756243357302, 0.59809557227, -0.265287902038, 0.223092762529, 0.145452439862, 0.963884436561, 0.615081786304, -0.788115013288, -0.0234333520245,  
82, 110638.5548537427, 29.781001264969397, 94.50295792300004, 56.29916524186448, 4.964442987561497, -0.138449247124, -0.966793931734, -0.214805259555, -0.589906146661, 0.25472323209, -0.766242006918, 0.795514012512, 0.0206293139742, -0.605583922592,  
85, 133044.03741169593, 31.669091303672424, 95.52830922940858, 77.02097533706245, 4.31683750630087, -0.439213896358, 0.532957249268, 0.723220383907, -0.423610611065, 0.587052464284, -0.689872056523, -0.792240622185, -0.609365222695, -0.0320752541709,  
95, 2483454.768011077, 84.00836809166066, 99.30020830382146, 89.39401411710523, 66.78963137358812, 0.0770666496357, 0.267002822349, 0.960609298504, -0.675658900684, -0.694516733375, 0.2472479666, 0.733175136949, -0.668098795029, 0.12687875567,  
99, 580308.3689378378, 51.743611978943875, 135.0290096312381, 43.65763608886014, 23.50081510777891, 0.35289441404, -0.904400821341, -0.23984304638, -0.646527697624, -0.420993784114, 0.6362123623, -0.6763634147, -0.0694506162319, -0.73328653551,  
129, 1676907.4992508919, 73.70102013617476, 112.43437221766898, 72.65757548260001, 49.005011622922744, 0.343880153714, -0.937330846615, 0.0561900690966, 0.626636916463, 0.273638029254, 0.729690622026, -0.699337268282, -0.215715351631, 0.68146479899,  
145, 3002054.0325488746, 89.49043760652788, 136.12646818098867, 92.72961257860757, 56.7765335128057, -0.951026120456, -0.00411290158516, -0.309083163972, 0.300397460285, -0.248031705148, -0.921000346957, 0.0728744404054, 0.96874318438, -0.237120135487,  
150, 2612868.1375103258, 85.44296183663943, 110.45024896173358, 86.01466070797868, 65.65831057868334, 0.785063806259, 0.617643309629, 0.0468141236461, 0.185117546209, -0.306075981441, 0.933835632042, 0.591106009264, -0.724454440013, -0.354625788905,  
157, 1709618.2278618491, 74.17715575860124, 121.99400810773537, 83.83035453732552, 39.90898909618426, 0.782800817923, -0.615639851778, -0.0906115465133, -0.482178202485, -0.508055129509, -0.713711542872, -0.393353607467, -0.602384892143, 0.694554088038,  
174, 2058338.9493385174, 78.91194737368984, 131.3824422470316, 82.93721169559062, 45.09636341894783, 0.133327756926, -0.287447870832, -0.948471101714, 0.293769512299, 0.925468475745, -0.239181048676, 0.946532187977, -0.246742420261, 0.207834056803,  
194, 1187537.1921740116, 65.69306681168105, 97.0064799954272, 78.93069531002958, 37.02643816935896, -0.0970627690099, -0.8020035366, 0.589380306892, -0.754944953812, -0.326559736796, -0.568697507482, 0.648565290148, -0.50014904337, -0.573771730596,  
218, 2818544.441124299, 87.62850973383611, 148.1605978351352, 105.61956927039539, 42.99908002129856, -0.514418647255, 0.850181097834, -0.112096191914, 0.145550327312, 0.215385013716, 0.965621249811, 0.845096774089, 0.480417939665, -0.23454220446,  
228, 1068486.9327038324, 63.420092137999895, 89.85773477698316, 77.50623160881351, 36.62591792587637, 0.150739728501, 0.868805786494, 0.471650336166, 0.708321962647, -0.42773687062, 0.5615346532, 0.689606794836, 0.249434710628, -0.679871159596,  
229, 920716.5055678071, 60.350254584552914, 155.3564526214548, 75.77838444965658, 18.67078944112878, 0.405699651279, -0.88176272985, 0.240628928436, -0.844302904437, -0.260701776533, 0.468174315049, 0.350086272954, 0.393101859523, 0.850241453664,  
243, 2078281.634101294, 79.16598082414775, 124.47205963091052, 72.03188516576643, 55.337448858879505, 0.710275224517, 0.389001624165, -0.586674391664, -0.366635240262, 0.915899760732, 0.163420405367, 0.600905738062, 0.0990220414305, 0.793162612127,  
258, 500725.294758132, 49.26104726976055, 81.39516147364725, 64.06964440714015, 22.922396416557515, 0.336559637973, 0.47886775317, 0.810810264527, 0.483101346548, 0.651286322793, -0.58518306085, -0.808294933209, 0.588652529695, -0.012144967359,  
308, 923122.4510700359, 60.40277640907211, 114.95313067567905, 79.58052430012758, 24.09034971405995, 0.849010397406, -0.233745271051, 0.473861259608, -0.437624290358, 0.191473114503, 0.878534590618, 0.296084997231, 0.953258199379, -0.0602700566685,  
326, 1219270.1616962263, 66.27307351880265, 132.92187863366644, 83.30321423957825, 26.2877312931861, -0.828732224477, 0.324481112171, -0.455976872174, 0.520326131655, 0.746741587263, -0.414291827785, -0.206067020239, 0.580593670045, 0.787684818613,  
349, 3453009.6306813746, 93.7640576973638, 142.04547164841247, 102.19884446680652, 56.785283952077876, -0.560616163802, -0.81862793251, 0.124731010572, -0.013232163936, 0.159464404629, 0.987114995071, -0.827970063904, 0.551742160589, -0.100230541791,  
356, 3698643.065906802, 95.93666214179916, 140.26731221458985, 110.50359286189436, 56.96668384775497, 0.102967575911, -0.981239576662, -0.162992550455, 0.935777128689, 0.151113919991, -0.31856827935, 0.337222246796, -0.119722497375, 0.933781387632,  
403, 775650.3465390963, 56.99793571512151, 120.66295910337108, 61.72991457633807, 24.860378354197056, -0.957569937854, -0.286195494718, -0.0339404319654, -0.285146834161, 0.923730007328, 0.255761913758, 0.04184611197, -0.254587926588, 0.966143824981,  
436, 706205.3056933196, 55.24344950582129, 88.69514679101862, 69.26239324884143, 27.443848686561804, 0.0473975207342, -0.98174268073, 0.18421396218, 0.993288808695, 0.0268451225104, -0.112501919627, 0.105502689779, 0.188309979107, 0.976426410037,  
440, 2878160.4062764877, 88.24202416258328, 146.21841523285457, 84.73352328029866, 55.45861858403627, 0.207045899145, 0.35681193919, 0.910943047451, -0.417142789965, -0.8100403425, 0.412100153242, 0.884942872974, -0.465316971078, -0.0188740032503,  
442, 1427877.2434534077, 69.85552392866441, 106.08220552266722, 72.16481531277365, 44.5281054960948, -0.946754437052, 0.167091507599, -0.275202587217, 0.188082935387, 0.980799684132, -0.0515440493494, 0.261306037701, -0.100560467855, -0.960003514038,  
454, 820028.696408849, 58.064872989809, 110.70876918685272, 73.06363410217176, 24.20232836881739, -0.959961017196, 0.0213847887636, 0.279316194078, -0.243160815781, -0.558694612483, -0.792926949757, -0.139095877485, 0.829097714864, -0.541524991182,  
468, 1390256.8776228507, 69.23655984650472, 97.19134382433565, 83.59546897736048, 40.85038156074715, -0.333411678003, -0.502689230596, 0.797583970761, -0.411473185177, 0.838752284156, 0.356629252452, -0.848249061805, -0.20928005941, -0.486492945356,  
493, 511624.96023057925, 49.615918806586045, 78.05230325780128, 59.894850951739606, 26.12690119153191, 0.577782059726, 0.161427746297, -0.800068105966, 0.369048405453, -0.92598833125, 0.0796798896935, -0.727991185311, -0.341301469546, -0.594594097679,  
515, 2003554.9041613368, 78.20554488549935, 92.91734263196562, 81.7938108263803, 62.93546063818482, 0.052857083151, -0.910084948954, 0.411037120524, 0.117063609236, -0.403127431063, -0.907625685906, 0.991716814496, 0.0960919352084, 0.0852296886917,  
568, 931522.1251865302, 60.58542913725628, 134.62343445012726, 112.15221384496647, 14.729094500079063, -0.752027019735, 0.101408264537, 0.651284673144, 0.520326446422, -0.515220972484, 0.681034315337, -0.40461803067, -0.851036846086, -0.334694690517,  
572, 3061472.223712458, 90.07699815242314, 136.55515999484953, 111.14463056922091, 48.15541302606023, -0.368137960801, -0.62689255812, -0.686644130821, -0.929767831039, 0.250195189711, 0.270063228543, -0.00249443037912, -0.737840150452, 0.674970881,  
627, 1352746.4853091557, 68.6081857219581, 95.25093721431614, 77.71939958837402, 43.62436420753137, -0.8770364075, -0.165814244587, -0.450902180313, -0.432401980958, 0.681466628211, 0.590450473366, -0.209369689264, -0.712817557954, 0.669369451268,  
630, 934246.3030464356, 60.64443108426172, 89.35344181841319, 53.70833827927188, 46.47504053184175, -0.88855145435, 0.320040649624, 0.328710047856, 0.429903476116, 0.831006877981, 0.35300222375, 0.160185249622, -0.454974231509, 0.875978957776,  
634, 2668161.4692071085, 86.04147225390273, 135.36186487821897, 107.38001741761849, 43.82316095023627, -0.676649962316, 0.601637881252, -0.424472246843, 0.720335606263, 0.421489071351, -0.550875282692, 0.152517024777, 0.678512212546, 0.718581752189,  
665, 495856.49418776337, 49.10086375691194, 107.60492269595497, 44.86749693572089, 24.519037313969992, -0.0894789312606, 0.900953886936, 0.424588759243, 0.994253327776, 0.105954257392, -0.0152975666958, 0.0587693888577, -0.420779976895, 0.905257073973,  
689, 2319921.4660687726, 82.12238582551169, 123.56697076880083, 87.75429347713957, 51.07564973157291, -0.543344824513, -0.048698811882, 0.838095953574, -0.0514238696442, 0.99837208048, 0.0246733570539, -0.837933163985, -0.0296919962073, -0.544964584221,  
703, 696609.0487267551, 54.99208263566244, 88.91456626171043, 55.944312439843515, 33.43271508182844, 0.207619440251, -0.25213362879, -0.945157553672, 0.850074355693, 0.524579741184, 0.0467940694059, -0.484012146358, 0.813169556964, -0.323245284274,  
707, 1115840.7032053247, 64.34347764820673, 84.2591278813937, 66.69194225969068, 47.40490328958031, 0.620597838594, -0.595049906125, 0.510660290167, -0.243990019819, 0.472374195315, 0.846954243055, -0.745202786469, -0.650213986947, 0.147968166232,  
715, 1951654.7556305656, 77.52434905267695, 140.60773077167772, 92.85597608179276, 35.6857908631901, 0.738279385159, 0.324770486526, 0.591157915054, 0.482106344766, -0.867040732846, -0.125753091107, -0.471717099315, -0.37784189639, 0.7966922113,  
731, 959855.7190162843, 61.19356888299774, 118.72523281391835, 54.46489160235122, 35.43705919487985, 0.32731563515, -0.49033352413, -0.807736039867, 0.527423748159, -0.614464614195, 0.586734546264, -0.784020831907, -0.618066560345, 0.0574896696725,  
749, 1815141.2269123143, 75.67293941295029, 119.48479771971084, 82.38180132863678, 44.022821632467206, 0.387260837877, -0.884142331343, 0.261383590484, -0.866022951824, -0.251579988154, 0.432101558056, 0.316280398319, 0.39370020001, 0.863114628628,  
788, 781983.32485868, 57.152639754051656, 105.31431831741034, 75.16251645690727, 23.584145741210644, 0.603930853883, -0.19109410089, -0.773789744267, 0.680912736033, 0.628311287365, 0.376274862405, -0.414276923852, 0.75412729083, -0.509574979359,  
804, 810691.0514203038, 57.843636726666205, 123.70490310833435, 102.2793600404176, 15.296492371531867, -0.5156862773, 0.582802239997, 0.628020073293, -0.260227982948, -0.804917368002, 0.533281752527, -0.81630206437, -0.111577684789, -0.566746292411,  
811, 2314355.262507446, 82.05665429198852, 131.1055440812142, 100.71550573034112, 41.843116283765674, -0.155304168149, -0.499002997305, 0.852570597684, 0.81179188531, -0.556253862752, -0.177695174721, 0.562916113023, 0.66451309156, 0.491475127392,  
827, 1417681.1882003208, 69.68885393708321, 138.0366228995484, 69.43324896228243, 35.312474710301885, 0.570878841062, 0.753495949041, -0.326099990197, -0.367924883804, 0.589849526378, 0.718824607335, 0.733981354467, -0.29038145776, 0.613962523517,  
841, 1144680.2383543488, 64.89310060381614, 133.27279060598227, 71.57513462659483, 28.647841874805525, 0.0536396442657, -0.945297330414, -0.321769709071, 0.772333787357, 0.243525707337, -0.586681984361, 0.632948109619, -0.217044205125, 0.743147699688,  
842, 288690.48126198415, 40.999757221373116, 107.5142973211129, 84.67007213532459, 7.570903394481656, -0.171894554063, -0.655287399951, -0.735561476525, -0.983309783225, 0.0689459050649, 0.168369630246, 0.0596165455049, -0.75222661854, 0.656201936802,  
873, 731439.4799458785, 55.89375190410309, 96.42790701121801, 70.06062009328333, 25.847174295098252, 0.566075058322, 0.696208774582, 0.44142085422, 0.544343144853, -0.717818756352, 0.434081528841, 0.619071537867, -0.00543831076541, -0.785315768197,  
886, 1273008.1868120295, 67.23274799034762, 105.42790492688577, 83.63066949539646, 34.46842487093843, -0.610443207409, 0.134625595567, 0.780535098216, 0.791841064579, 0.126897782317, 0.5973982602, 0.0186230764136, -0.982737453169, 0.184065964164,  
903, 3680847.4813369685, 95.78255207385521, 141.09997539648543, 114.97825468396185, 54.164727578150504, 0.0203311701086, 0.963377683761, 0.267376292802, 0.383124344088, -0.254524097828, 0.887937622016, 0.923472999329, 0.0843855559654, -0.37426821593,  
911, 1425460.1130368405, 69.81608419874583, 136.45782428988656, 98.02396464607465, 25.441092311118865, 0.127969031932, 0.789409832658, 0.600379915528, -0.321797958709, -0.539556466013, 0.778026280889, 0.938120461688, -0.29276430125, 0.184983954106,  
913, 1743208.6739586068, 74.65981732517928, 112.229816329407, 81.30706988294214, 45.606233489423545, -0.629845764763, -0.739533440108, -0.237454424198, -0.767694019852, 0.639193260178, 0.045583637707, -0.118068643141, -0.211003002597, 0.97032856724,  
915, 393337.85075979575, 45.4526327299065, 110.87867032602917, 35.403578806115526, 23.921144616089183, 0.0479042156182, 0.869257721591, 0.492032722063, 0.530682254503, -0.439472671246, 0.724734514139, 0.846216007224, 0.226395195802, -0.482352241039,  
924, 1123859.2350462459, 64.49723593672668, 127.52940866091879, 90.68385228629417, 23.19973384622725, -0.43729951642, -0.480922175904, -0.759923018248, 0.119702976631, -0.868609149066, 0.480821529827, 0.891313822581, -0.119297975183, -0.437410176828,  
970, 3738561.4184210473, 96.28056647685996, 130.71822781352842, 96.7569196657043, 70.56636152247563, 0.815562723044, 0.129442839561, -0.564005315638, -0.154672477881, 0.987960987991, 0.00308395749496, 0.557614445085, 0.0847209389353, 0.825765398366,  
987, 1526257.9364110061, 71.42437388365971, 124.2792174504857, 63.706931719059554, 46.02079609459028, -0.872228992975, -0.438618832086, -0.216402643132, 0.0924032366446, -0.582264119987, 0.80773147545, -0.480289730967, 0.684530506782, 0.54839744676,  
992, 763441.1637375534, 56.69729261925944, 105.83548699156988, 72.39217459114609, 23.78833404538026, -0.454685387306, -0.768590650957, 0.450032898611, -0.0980494598471, 0.545408712374, 0.8324155452, -0.885238669509, 0.334361701946, -0.323349269795,  
1003, 1150280.0400710665, 64.99874802131987, 92.833189553773, 61.11619215618169, 48.40112037921265, 0.156025499379, -0.474778324954, -0.866164872122, -0.814716883909, 0.433941611903, -0.384618091791, -0.55847331415, -0.765689375408, 0.319103960755,  
1020, 796587.5254084828, 57.506238860403315, 127.35963356027256, 53.6892652794128, 27.811577943172974, -0.584809286046, 0.617084981666, 0.526501874979, 0.80518565771, 0.3629003063, 0.469019641706, -0.098357285306, -0.698218800298, 0.709095445859,  
1027, 2586742.764853459, 85.15723359632163, 128.066138574497, 99.81469668802606, 48.30986539060992, 0.39328704198, 0.880502075872, -0.264653352512, 0.589246622087, -0.462348751323, -0.662587390847, -0.705771720155, 0.104640941008, -0.700668646719,  
1044, 1464010.1508761349, 70.4398614200662, 116.3944035804002, 59.773260460671246, 50.23615981489591, -0.977560457156, 0.060711514231, 0.201716793167, 0.186970652697, 0.691190217818, 0.698067373413, 0.0970439469315, -0.720118181157, 0.687031496753,  
1071, 1697902.3830904302, 74.0073243136606, 120.29802092857511, 71.01395744926035, 47.4484369407882, -0.25515101462, 0.21858136626, -0.941870556957, 0.158004560364, 0.970443924991, 0.182409285271, 0.953903830919, -0.102277929059, -0.282146604773,  
1092, 1863316.0341575188, 76.33656915833689, 130.17684351328222, 90.90848949610836, 37.58891010027045, 0.559116606067, -0.523824795368, -0.642647807572, 0.527815789658, -0.372869228034, 0.763137622564, -0.639374000885, -0.765882577516, 0.0680056207241,  
1106, 1463120.8101661436, 70.42559518801315, 107.8124870858046, 101.24602860818904, 31.99959755344343, 0.785842775277, -0.562229718711, -0.257582755524, -0.156567866294, -0.583817836204, 0.796644988294, 0.598278894655, 0.585708526085, 0.546816136084,  
1107, 2097617.2818110185, 79.41073475196123, 124.0197866395647, 71.57239663955609, 56.41584575331107, -0.951949237924, -0.0249951311248, -0.305234159026, 0.0929407934307, -0.973238847966, -0.21016220813, -0.291812709341, -0.228432458792, 0.928797046958,  
1125, 1282636.2729343225, 67.40182193706721, 122.93443525681806, 72.282380482351, 34.45949519093617, 0.19721278333, 0.0136490165056, 0.980265689719, -0.886180938719, 0.430113389761, 0.172295721939, 0.419273731519, 0.902671687989, -0.0969193570018,  
1149, 3575788.7434795406, 94.86246695089153, 122.77280656683351, 105.44787139019434, 65.9391344986405, 0.00130890102693, 0.621177338334, 0.783668935915, 0.423484385461, -0.710273149639, 0.562292653493, 0.905902457248, 0.331135572299, -0.263988580641,  
1153, 1721227.2585699772, 74.34467523769125, 110.86180109804803, 86.65224010044531, 42.77478955295847, -0.379769845783, -0.235003373489, -0.894733635605, -0.898596710056, -0.136061839367, 0.417146411402, 0.219769918122, -0.962424329658, 0.159501074516,  
1158, 1566097.9738236915, 72.04050902340518, 103.75643541202581, 86.1115312575049, 41.84600121704738, 0.0788919636515, -0.776799817063, 0.624786445341, -0.179308301553, -0.627575544787, -0.757626206371, 0.980624592321, -0.0522587772127, -0.188797322912,  
1196, 2356659.971927179, 82.55361684333434, 109.68400905495973, 85.33840632475297, 60.10636604229621, -0.106862906477, 0.6968940913, 0.709167783201, -0.509334341165, -0.650928642928, 0.562912453873, 0.853907985751, -0.30104904472, 0.424512219547,  
1200, 3433240.3880577018, 93.58477513835152, 122.82643658944845, 108.30141998260231, 61.615446545930816, -0.543050711501, -0.79353884834, -0.27457607491, -0.00304196890433, -0.325131802441, 0.945663818419, 0.839694391528, -0.514378661315, -0.174149136146,  
1203, 755352.6750294544, 56.496349571022485, 92.71931412715364, 50.98144182927251, 38.1486205140845, 0.34813040802, 0.636325494505, -0.688400380632, 0.850609259964, 0.0942507921992, 0.517282007258, -0.394042010292, 0.765641334577, 0.508452791233,  
1208, 1768691.9256595115, 75.02186587120143, 110.21610646583902, 81.61180515989994, 46.942426497470436, -0.971812919426, -0.176411206156, -0.156392889799, -0.0122701699079, -0.624627841759, 0.780826166461, -0.235433839045, 0.760735923723, 0.604856810981,  
1218, 3197181.0913805505, 91.38877911222475, 107.08835224740615, 97.22415336685603, 73.30983133997238, 0.862628647269, -0.433079760622, -0.2613689688, -0.0411555551765, -0.575081505445, 0.817060268507, 0.504160725553, 0.694062809142, 0.513905419096,  
1223, 832797.3702652693, 58.36469835023104, 136.40995842597147, 73.65615284489226, 19.787714146098082, -0.968077179404, 0.0420304803931, -0.247103244487, 0.240159252291, 0.437791807361, -0.866407448575, -0.071764254729, 0.898093409465, 0.433910266781,  
1232, 3717460.765196121, 96.09908695656344, 118.04291330322101, 93.73353854532539, 80.20895394813137, 0.139651606346, 0.401136262349, 0.905310514616, -0.589943163551, -0.700587085543, 0.401428448605, 0.79527636242, -0.590141876669, 0.138809483744,  
1252, 434031.18725131877, 46.96894181083885, 103.7952157801864, 49.039377485469565, 20.35682498529475, -0.97668214928, 0.116422605394, -0.180382250322, 0.117217476195, 0.993086389481, 0.00628381262191, 0.179866735536, -0.0150066645159, -0.983576513276,  
1255, 1869676.5252756355, 76.42332965052402, 118.14564624997527, 90.57303730700356, 41.71201903489512, -0.00293161727533, 0.73748950046, 0.675352235749, -0.513518941186, -0.580616924914, 0.631808739688, 0.858073250173, -0.344953943614, 0.38041697402,  
1265, 998651.686350446, 62.0071556486658, 107.19945737878648, 86.71432393105054, 25.647320613231486, 0.033157263054, 0.719154403909, 0.694058743368, 0.513008486273, -0.608225433157, 0.605709596649, 0.857742903741, 0.33597435289, -0.389099402829,  
1267, 3889279.813886015, 97.5573946069147, 120.32101147591872, 107.98296494251626, 71.46343018771829, -0.409832718268, 0.750272261332, 0.518776133715, -0.812347871995, -0.0415296218225, -0.581692552279, -0.414883209954, -0.659823328162, 0.62650227271,  
1294, 1014792.8880125883, 62.33944553178018, 72.28779973385593, 63.650074178024404, 52.65321391935861, -0.462524818742, 0.884950574678, 0.0541596937282, -0.315070908939, -0.221158444705, 0.922940553165, -0.828734646548, -0.409818768131, -0.38111345148,  
1312, 1123212.4840958088, 64.4848614175706, 125.48681209139114, 60.11455439712442, 35.54639755954185, -0.224236875832, 0.276406713607, 0.934514393784, -0.180744388594, -0.95409262202, 0.238827834639, 0.957626905172, -0.115354225236, 0.26390171127,  
1313, 2120603.6517390814, 79.69975111890668, 147.62861173777588, 112.28116920406319, 30.541715933249836, -0.664164490643, 0.00101116093508, -0.747585785661, -0.743060872451, -0.110758953024, 0.659994692522, 0.0821344580653, -0.993846784911, -0.0743135177462,  
1324, 2921856.2660921365, 88.68634283586667, 123.26292416087004, 84.03593808846128, 67.33993921180125, 0.123100797968, -0.537582293775, 0.834177122055, -0.734738164244, -0.614402476406, -0.28752291559, 0.667087718027, -0.57750746697, -0.470615662777,  
1340, 1082102.982149028, 63.68834960108529, 92.06678279550853, 77.80234261635516, 36.064867715487956, -0.871756587897, 0.151946887067, 0.465781703127, 0.480275683426, 0.0771403456596, 0.873718853512, -0.0968282983819, -0.985373792315, 0.140223999552,  
1352, 849255.8624645728, 58.74667820701986, 120.32869809143396, 86.36803693157633, 19.50867068892944, 0.23929667509, -0.845398762252, 0.477533280592, -0.394748417557, 0.364632028017, 0.843336926134, -0.887079922063, -0.390313229249, -0.246464591668,  
1356, 270365.3535110066, 40.11321543722997, 77.79662652534728, 55.611117383426176, 14.919011250982454, 0.335760891874, -0.700926029242, -0.62925934639, -0.0776214172741, -0.686357672036, 0.723109992752, 0.93874359602, 0.19394805379, 0.284858935901,  
1365, 2260644.4038881185, 81.41689734764681, 151.03629335748377, 71.67529991162488, 49.85317320189931, 0.163248031444, 0.968084440549, -0.190164655487, 0.764300565158, -0.00221227725617, 0.644856380854, -0.623854731751, 0.2506144884, 0.74026863494,  
1368, 847476.9383187786, 58.70563092354934, 117.10419030730833, 47.68430675063842, 36.23192185103244, -0.980000822327, -0.110649622057, -0.165393619517, -0.118117233838, 0.992347321774, 0.0359876650987, -0.160145893824, -0.0548037782221, 0.985570818655,  
1374, 1059086.7433734818, 63.23356115827326, 107.65376449708194, 72.00440685133246, 32.61779691919, 0.437461166832, -0.876149004916, 0.202461474602, -0.828421126213, -0.305086257161, 0.469724188579, 0.349780166903, 0.373209454429, 0.859283735425,  
1399, 2972207.1180573143, 89.19287305972067, 143.83589595211498, 97.41702082161224, 50.639374631276866, -0.0710668880477, -0.798795778438, 0.597389991357, -0.991667116884, -0.00793564519449, -0.128582093721, -0.107451508661, 0.601549939644, 0.791575544974,  
1406, 1400917.671946449, 69.41308310932159, 140.11180931469195, 63.19971520000059, 37.76888308755847, -0.650224374245, -0.563918596563, -0.509120888972, 0.258332383808, -0.7943010781, 0.549863780226, -0.71447368224, 0.226012419523, 0.662152356794,  
1422, 1043958.7841920855, 62.93104080755166, 100.56153615540333, 90.06402733664878, 27.51765881125895, 0.0998834217815, -0.244303837171, 0.964540790841, 0.775898083324, -0.587743627182, -0.229215167475, 0.622900847926, 0.771280146154, 0.130849034396,  
1443, 2684645.617108037, 86.21829932084998, 119.72001640843736, 77.42912027715911, 69.13966379990171, 0.480345010629, -0.465113180759, -0.74359827854, 0.485350969118, -0.565213496995, 0.667059322393, -0.730549866566, -0.681324762429, -0.045754350191,  
1455, 376721.20579398295, 44.80334980806038, 87.55480900305892, 47.2552457507504, 21.737091183915325, -0.542532971337, -0.687856449589, -0.482194441871, -0.828892167242, 0.531539378079, 0.174366466488, -0.136366235179, -0.49428675312, 0.858536461423,  
1468, 3274598.9126896583, 92.12054556650544, 133.20519350506794, 99.41535660254398, 59.03300235705182, 0.26678703621, 0.876466498332, -0.400788166756, 0.843622082754, -0.41344578564, -0.342584827197, -0.465968302355, -0.246716557283, -0.849708468572,  
1476, 904798.9274614675, 60.00044747023751, 105.60420714704415, 69.68874063535691, 29.35077891822524, 0.619171274223, -0.554191423394, -0.556326162798, -0.232987283116, -0.806214908825, 0.543814717247, -0.749895898831, -0.207097530223, -0.628304666458,  
1479, 2487355.706566805, 84.05233104860456, 124.3407946611047, 76.95583928135834, 62.05747050098975, 0.627924349341, -0.770929017842, -0.10667455626, -0.689744598274, -0.614734949109, 0.382561539489, 0.360504369816, 0.166641506813, 0.917751168646,  
1489, 959454.0682038497, 61.18503222648275, 125.7435858894421, 97.56313786066403, 18.670845206599417, 0.508997640257, -0.540030812205, -0.670289582257, -0.815364836506, -0.552059190298, -0.174387023015, 0.275865158369, -0.635293138855, 0.721318960046,  
1493, 1060111.7705627002, 63.25395458388004, 95.48107567359675, 76.62761850120765, 34.59078482949115, 0.932409619429, -0.227109353373, 0.281129228659, 0.17074902768, 0.962419563116, 0.211171385556, 0.318523266249, 0.148895688795, -0.936147959842,  
1495, 892498.2302088462, 59.72730486682124, 89.80773765243327, 68.93093372186527, 34.418412615474885, -0.339073659005, -0.460337704696, -0.82043784128, 0.0551257813894, -0.880325025295, 0.471157084279, 0.939143334106, -0.11452967945, -0.323871503115,  
1496, 1298337.545183433, 67.67573828989083, 124.45675422811021, 56.174534356717174, 44.33442243738955, -0.115032211666, 0.696135415004, 0.708634654992, -0.134101172271, -0.71772251538, 0.683294421543, 0.984268492778, -0.0164278694171, 0.175913783518,  
1498, 358739.1074137649, 44.07882793058878, 72.2326971020345, 57.02690004247138, 20.79105457662974, -0.902383691474, -0.191167116783, 0.386210832088, -0.416162401152, 0.153950801748, -0.896162935246, -0.111859417255, 0.969409244902, 0.218479259128,  
1501, 1255824.8902591364, 66.92886996494315, 107.35151557228718, 58.0693004002444, 48.093424613622446, 0.45181397562, 0.819078488225, -0.353517413377, 0.583863005711, 0.0281220731026, 0.81136498542, 0.674513248199, -0.572991779288, -0.465523682397,  
1508, 2327345.4475438115, 82.20989250669763, 105.51138128369807, 82.31359090036639, 63.973687481417315, 0.857081014505, 0.0577475663199, -0.511934911057, -0.45466285559, 0.552079983609, -0.69892015241, -0.242268079452, -0.831788981823, -0.499432945846,  
1513, 1286786.9012468215, 67.47444805582509, 98.18426140622113, 84.3109735611172, 37.11009279846416, -0.217109282847, -0.974973584823, 0.047854657019, -0.818088226286, 0.154990854328, -0.553813586946, 0.532536584014, -0.159387402173, -0.831264363915,  
1514, 1545780.6313581618, 71.72761944060196, 138.2456002713984, 80.75450315714481, 33.0553061562452, -0.765452028377, 0.591879642378, 0.252510754609, 0.610109749449, 0.542782688753, 0.577194115023, -0.204570980057, -0.595873679339, 0.776585650388,  
1523, 1840058.859859603, 76.01763756679678, 114.37939041896938, 107.28895566793702, 35.79647897517808, -0.923245117774, -0.171055499385, 0.344032656352, -0.38268432439, 0.329649183915, -0.863066696965, -0.0342222204451, 0.928478018951, 0.369807257843,  
1557, 925172.227359554, 60.44745110734192, 123.83900280006822, 47.606362418698225, 37.46377471740334, -0.72350204873, 0.53029345767, 0.441965648253, 0.316495436898, -0.314165996869, 0.8950588611, 0.613494436736, 0.787457030678, 0.0594642828069,  
1559, 2612018.830815836, 85.433703154903, 110.41224790284063, 80.75665726196587, 69.93460212357334, 0.564021492428, 0.247328664856, -0.787850422111, -0.412248650461, 0.911025610891, -0.00913162053514, 0.715493400579, 0.329940703523, 0.615798933002,  
1564, 1527318.7913140967, 71.4409183455238, 108.48582987844522, 90.23434000493468, 37.247422408329726, -0.337400610424, -0.0104044271761, 0.94130365769, 0.236646225377, -0.968764917427, 0.0741154422304, -0.911130831495, -0.247762552977, -0.329324042916,  
1565, 3391924.6819303944, 93.20785857168563, 127.74595947057554, 90.67091574736291, 69.91050130117753, -0.399024358973, -0.890852054709, 0.217168546451, -0.903493145987, 0.341573540437, -0.258896990379, -0.156459886554, 0.299516498868, 0.941174888533,  
1575, 5509246.58466769, 109.56399697871008, 154.08873591572333, 112.41342981074693, 75.93019422307447, -0.880983620803, -0.290693780797, 0.37331620067, -0.174343320492, 0.932932664387, 0.315025475667, -0.439854824319, 0.21244709818, -0.872578915628,  
1595, 314979.3323944546, 42.208295686410516, 125.5787255745031, 39.33221244774475, 15.224007920974525, -0.383092485039, 0.561922536118, -0.733132465049, 0.916811355888, 0.328126584256, -0.2275739054, -0.112681345487, 0.759326022277, 0.640879790813,  
1596, 2710127.1758849127, 86.49022374614717, 119.02496004183827, 89.09304754888147, 61.0125536644894, -0.330805492286, -0.256483706302, 0.908176103338, -0.943588916369, 0.104593813436, -0.314165706431, 0.0144112171415, 0.960872646396, 0.27661539044,  
1598, 2702399.475612696, 86.40793894818756, 117.82298298204802, 86.75536352821175, 63.1152912922728, -0.696892872835, -0.0214900914861, -0.716853192614, 0.686885169221, -0.307424134284, -0.658543214956, 0.206225818211, 0.951329899471, -0.229002913247,  
1605, 2013852.3475133274, 78.3392973849277, 141.03575923488833, 83.8123165246672, 40.672599569521665, 0.30022913233, -0.648395659912, 0.699603842404, -0.74511818833, 0.298493586326, 0.596406291333, 0.595534510772, 0.700346090964, 0.393514929006,  
1623, 4234419.412574762, 100.36179516246693, 110.94426355542853, 99.42624139863176, 91.64301924449836, -0.696044289833, -0.648259312839, -0.308678165583, -0.717268730502, 0.647181183497, 0.258228743503, -0.0323715127033, -0.401143838347, 0.915442901617,  
1626, 1996346.460397837, 78.11164217525541, 107.50218028513352, 95.01956484663323, 46.65701982835676, -0.0880693685028, 0.518530962748, 0.850511273884, -0.608484629142, -0.704015240357, 0.366208953253, 0.788663580007, -0.485271245818, 0.377520298201,  
1640, 205613.3866197726, 36.614597049524505, 157.8045975973536, 52.9077349325953, 5.879277454031891, 0.736848390772, 0.58007634123, -0.347225988892, 0.567737847774, -0.80978909184, -0.148038383341, 0.367053381978, 0.0880514910872, 0.926023082701,  
1646, 1607063.3374857001, 72.66324600680151, 102.96251448231976, 74.11869345797835, 50.27331102368259, -0.786680805174, -0.0974229331084, -0.609624542546, -0.0975277528759, -0.955459034496, 0.278543301514, -0.609607782258, 0.278579980443, 0.742139842824,  
1650, 3105298.5233224193, 90.50479364305838, 140.90109917485958, 86.9952869613121, 60.47900553739896, -0.0370266800642, 0.887704711813, 0.458921964596, 0.914827556567, -0.154695420945, 0.373041376371, 0.402143714, 0.43364694322, -0.806368874602,  
1665, 3144447.979300975, 90.88354700099403, 125.87291889682139, 85.27386081206349, 69.93709282713083, 0.178999627023, -0.559390792685, -0.809346078377, -0.826309169962, 0.361031975831, -0.432283550536, -0.534015251806, -0.74614868055, 0.397605152571,  
1671, 698265.3087340774, 55.03563126004231, 103.173291010661, 74.03617244650091, 21.823309628422745, 0.48086474761, 0.308336440768, 0.820790919662, -0.628877681989, 0.773599699598, 0.0778226565905, -0.610968047939, -0.553599263075, 0.565902730441,  
1678, 1049022.306198309, 63.03262173539895, 117.28910409493702, 68.95230768512896, 30.966322975011956, 0.224947905704, -0.972648270437, -0.05791184451, -0.208873593339, -0.106189744032, 0.972160254417, -0.951719633992, -0.20658915818, -0.227047699829,  
1679, 955407.1777326416, 61.09888668422496, 118.29941946185924, 64.30581661841072, 29.982443179438008, 0.775887512925, -0.596152752502, -0.206398795954, 0.274978430833, 0.0251242531727, 0.96112207054, -0.567789952239, -0.802477829966, 0.183422742728,  
1687, 1540217.1754045528, 71.64146380064575, 91.99240707320953, 86.89760229897271, 45.997430991157565, 0.675645517142, -0.733007172068, 0.0787630678879, -0.726264622075, -0.643434348168, 0.24193374779, -0.126660309049, -0.220664281872, -0.967090709715,  
1693, 799558.9274282185, 57.57765270390653, 132.71317308672334, 67.03638497753573, 21.455431243397996, -0.352452889826, 0.713549739806, 0.605494615398, -0.0663556646101, -0.664440294267, 0.744389697086, 0.933474095103, 0.222184302272, 0.281531969049,  
1695, 1995845.6068686354, 78.1051092805171, 144.86921347808592, 67.20474673782346, 48.93981035207302, 0.805405691868, -0.200953598556, 0.557619334972, 0.304664917392, 0.947337247825, -0.0986479953861, -0.508429896463, 0.249338705601, 0.82421432302,  
1700, 769718.603234078, 56.85226756054003, 111.2293977741925, 52.48555372940695, 31.47632381711678, -0.511095450175, -0.183909393128, 0.839618232252, -0.82094691139, 0.393814102053, -0.413469009363, 0.254612665612, 0.900604123988, 0.352256444038,  
1706, 2046673.7084575598, 78.76259209856879, 119.50045992424259, 80.92272786019652, 50.526580853868815, 0.319634406175, 0.617403268878, 0.718781642759, -0.396154513987, -0.60202106538, 0.693276451271, 0.8607528376, -0.506343599167, 0.0521604461792,  
1707, 2745971.275666688, 86.86986105766736, 119.04516150525177, 81.91962964836492, 67.22141528353453, 0.639750639458, 0.768293242405, 0.021085848057, 0.523423924141, -0.455611539961, 0.720031610619, 0.562802376462, -0.44960384599, -0.693620837865,  
1719, 2516397.359124881, 84.37818975402261, 121.21400280810731, 83.61111155410583, 59.275308271832984, 0.162585585285, 0.671887442868, 0.7225878435, 0.948982220145, 0.0940507846239, -0.300977068497, 0.270182666555, -0.734657548813, 0.622317935356,  
1720, 1171936.1885052456, 65.40412179654841, 133.64585897397887, 87.32932846588619, 23.971749381101397, -0.0227387239565, -0.994280384336, 0.104352612605, -0.839933282646, -0.0376110268735, -0.541384790478, 0.542213086467, -0.099959631763, -0.834273960328,  
1725, 1020386.2458540412, 62.45377038626622, 153.04619923533963, 62.54894025479642, 25.446817897632954, -0.836950974025, 0.465110212011, -0.288419066223, 0.0945431571859, 0.641960196557, 0.760886783606, 0.539049773683, 0.609556885549, -0.581262199676,  
1726, 1506571.489159167, 71.11595476949697, 100.05899945007451, 65.1328140469474, 55.18806119435074, 0.0968721407835, -0.933325707971, -0.345715072249, -0.865629104266, 0.092426905909, -0.492080807299, -0.491225042306, -0.346929949564, 0.798960304338,  
1727, 1541226.7378347851, 71.65711326762597, 117.58410827536767, 79.88193854589963, 39.172446838974984, 0.330344732728, 0.721807103533, 0.608166805119, 0.839528547791, -0.519171160898, 0.160165923769, -0.431351567754, -0.457663425436, 0.777483127801,  
1730, 1507132.61953368, 71.12478284244953, 129.0926232888981, 80.3065653811971, 34.706465068088576, -0.109273270345, -0.400353256169, 0.909822302795, 0.161063451333, -0.910339177671, -0.381236339088, 0.980876096677, 0.104880178641, 0.163958016258,  
1734, 1631604.723351797, 73.03125798044094, 150.9153762534907, 58.308401241933105, 44.26512756351272, -0.917897004496, 0.144732197387, 0.369482990374, 0.341366738281, 0.762737516125, 0.549272456519, 0.202321128733, -0.630304745765, 0.749521239415,  
1735, 2116736.512964381, 79.65127474308099, 121.67527594882088, 83.69709795156896, 49.62099314621037, 0.439295549339, 0.752059223806, 0.491351548505, 0.762108235975, -0.601568015383, 0.239388720551, -0.475615871256, -0.269300662374, 0.837416680186,  
1743, 1134079.9559401877, 64.69216543047006, 99.78693195480912, 60.94429005120551, 44.51930471523978, -0.95439139186, -0.0256604589533, 0.297453545934, -0.0395636104209, 0.998383171633, -0.0408137639884, -0.295925314688, -0.0507206412297, -0.953863525186,  
1758, 1706960.2858665306, 74.13869476643325, 113.76796368525031, 88.92456933508193, 40.28033300492156, 0.122700483268, -0.359414847289, 0.925075974693, -0.353534382383, -0.886801390549, -0.297652035425, 0.927339221579, -0.290524114778, -0.235876465239,  
1765, 2171036.8930559466, 80.3266271060856, 105.31655903693299, 91.05504689571123, 54.047786305703845, 0.151430175812, -0.918175048675, 0.366092176704, 0.877809354131, -0.0453585373867, -0.476857778469, 0.454444319641, 0.393569794416, 0.799113995166,  
1768, 2962947.6199011942, 89.10015404231947, 128.06367110598623, 103.99022701818356, 53.11496395083556, -0.0804918336233, -0.839722693177, 0.537016632222, 0.775575819193, -0.391183228485, -0.495437009554, 0.626101599905, 0.376618481112, 0.682755670999,  
1772, 3433242.8974049147, 93.5847979386423, 123.22560675717463, 100.45466734608206, 66.21323942172604, 0.187658630183, -0.962236954452, -0.197190978509, -0.0484156227789, -0.209575164511, 0.976593148599, 0.981040348808, 0.173719008481, 0.0859158897032,  
1775, 2153114.751599768, 80.10498111647996, 144.29422829599153, 97.85592376509848, 36.403445137792616, -0.872111779254, -0.449750538272, -0.192731673086, -0.453839804784, 0.890733876967, -0.0249517938534, -0.182894713099, -0.0657085515561, 0.980934202775,  
1780, 955561.996265496, 61.102186753320275, 83.78638684382105, 69.49657553883502, 39.177199853094734, -0.899075087281, 0.34556794452, 0.268787617183, 0.356027095233, 0.219838297866, 0.908248771126, -0.254771848702, -0.912279517753, 0.320682688335,  
1785, 1484948.5024489223, 70.77408464540672, 106.05219804167585, 83.64670369087567, 39.96264987939109, 0.31144148797, 0.656713093895, 0.686827570703, 0.551165125554, 0.463940725807, -0.693524337937, -0.774093795314, 0.594547655991, -0.217466964874,  
1787, 1092931.2723262997, 63.900081853442344, 125.41940525353077, 70.24154102376549, 29.61730075279272, -0.324551559097, -0.446632280684, 0.833778082789, 0.135831767357, 0.85035082827, 0.508382926383, -0.936064109164, 0.278250021945, -0.215315835051,  
1794, 913446.5580473413, 60.19099345814109, 98.07007140960563, 82.3136666169792, 27.013825821265367, -0.396937194493, 0.904849523754, 0.153909723504, -0.38492304427, -0.0118818322819, -0.922872186195, -0.833231728643, -0.425565695778, 0.353013774461,  
1800, 240756.21044037538, 38.591912060947394, 88.822038123423, 62.657370328145916, 10.327518727456038, 0.612883958063, 0.339569116524, 0.713488660773, 0.14100579307, -0.935459495779, 0.324087793782, 0.777489948661, -0.0980221753545, -0.621209330958,  
1803, 936416.6578724372, 60.69135594842049, 131.31344319760456, 58.104596790332955, 29.299542590648112, 0.249428577809, -0.93780062306, 0.241485767616, -0.870722265578, -0.326324357586, -0.36790644174, -0.423825578274, 0.118500654153, 0.897958503588,  
1807, 972586.2844645615, 61.46291832357308, 102.90576430261964, 81.00981935131156, 27.85237059831232, -0.660521435897, 0.0200246406312, -0.750540103184, -0.436708506734, 0.802901610773, 0.405751997611, -0.610734895734, -0.595775139785, 0.521588793924,  
1813, 1945816.3358844053, 77.44696655092558, 112.00624995889454, 75.65982750345853, 54.81578425837838, -0.932773754063, 0.287781887545, -0.217059229088, -0.124342550764, 0.308322212751, 0.943120534817, 0.338337189503, 0.906707780007, -0.251811333888,  
1816, 332476.568658502, 42.97581731043296, 109.97880096402051, 38.733632052609565, 18.63267596033854, 0.822297571108, 0.567938856175, 0.0356673547756, 0.317142921828, -0.509417216665, 0.799946539776, 0.472490287398, -0.646482447567, -0.599010328211,  
1817, 1694325.676845989, 73.95532121685748, 108.472157061821, 75.56047633963495, 49.35092753437869, -0.475660047779, 0.689661121401, 0.545999136057, 0.18689992301, -0.527302309423, 0.828867114353, 0.859544028963, 0.496306167709, 0.121919031201,  
