# Void_ID, Void_Volume, r = (a*b*c)**(1/3.0), a, b, c, vector_a, vector_b, vector_c 

0, 2415087.209916912, 83.23028904742874, 119.21555494847665, 86.30427962293984, 56.037525823232066, 0.607949261585, -0.146177610874, -0.780403614431, 0.637174219866, 0.676262506615, 0.369699926541, -0.473715852465, 0.722011861555, -0.504273896705,  
1, 1103196.3755061356, 64.09951433618157, 104.9328566912497, 89.47547036238463, 28.051024703854267, -0.694818533013, 0.718960416949, 0.0179756791825, 0.665868099461, 0.633662674022, 0.393816314633, -0.271747824832, -0.285600305344, 0.919013376011,  
7, 2846575.0750735174, 87.91804271623911, 123.22827897397353, 99.19559791935318, 55.59442596849199, 0.820787939986, 0.300818500519, -0.485608265291, -0.404087651677, 0.906632451528, -0.121370373643, -0.403757758236, -0.295847642515, -0.86571002367,  
8, 2481146.7689846153, 83.98233562946591, 110.09175119091262, 83.51829012237945, 64.42100140366512, -0.698899582761, -0.707521562226, 0.104654728525, -0.147918052968, 0.286148736168, 0.946699081227, -0.699756831209, 0.646167269192, -0.304644444233,  
18, 3168182.3843314927, 91.11163816015245, 145.08114767502835, 84.03347283675198, 62.03806896195667, -0.611049817668, 0.34395232232, -0.712962074937, -0.260648436396, 0.763019790318, 0.591492343304, 0.747449338037, 0.54726373857, -0.376592468743,  
20, 2330134.3028772534, 82.24271673852061, 109.28864932625332, 101.70721211555265, 50.04555793014842, -0.901683079945, -0.0786217296828, 0.42518965999, 0.318018480709, -0.786837135022, 0.528915464775, -0.292970765211, -0.612132294992, -0.734480894346,  
25, 2360587.1628044597, 82.59944779257667, 116.21113173195681, 85.7653891118906, 56.54206152079963, 0.899691377936, 0.152088730203, -0.409175320142, 0.357527389414, -0.794535553052, 0.490802832872, 0.250458759653, 0.587862461024, 0.769212673213,  
30, 753084.799839449, 56.43975123513293, 103.66593826480862, 84.58004569214773, 20.504598719325273, -0.385896454524, -0.136069086272, 0.912452261846, -0.816409143776, 0.5109508921, -0.269082321644, -0.429604511551, -0.848772283727, -0.308262183915,  
53, 1428486.3356481742, 69.86545531597942, 131.02522301038945, 76.57384179719409, 33.990076097410586, 0.73003891071, 0.635994023086, -0.25010955889, 0.469027783204, -0.200095994605, 0.860217723327, -0.497047409642, 0.745300741676, 0.444376728718,  
60, 523752.3640270362, 50.004888393583634, 83.18082020059576, 74.33815345940529, 20.220990232394072, -0.475249953376, -0.563699711423, 0.675559114481, 0.816229971725, 0.0041959863711, 0.577711889229, -0.328490662082, 0.825969145332, 0.458114457189,  
71, 1344086.069376312, 68.46146004195282, 107.88948642066964, 76.17745127173832, 39.04207638636385, 0.198604399456, -0.752612810061, 0.627797937755, -0.19406257315, 0.59767728357, 0.77789561151, 0.960674768181, 0.276325573983, 0.0273526405343,  
77, 1011843.3298829095, 62.278989105767934, 137.86773567969573, 73.72252848561148, 23.766312266665654, 0.497734178631, 0.0119318547225, 0.867247553046, -0.406495060695, -0.880078309766, 0.245405652564, 0.766173905228, -0.474678627624, -0.433194814633,  
83, 1152741.7554827132, 65.04508294411151, 137.62116200636777, 77.47215273603594, 25.811460019825397, -0.940247209426, 0.120743479311, 0.318364880868, 0.312603805772, -0.0644914721543, 0.947691780399, -0.134959422729, -0.9905866253, -0.0228930555701,  
85, 1310868.2702296905, 67.8927625926708, 116.0371709482959, 73.14727346858209, 36.87017233724542, -0.074215638756, -0.956663701219, 0.281578766483, -0.975708587782, 0.0112984009306, -0.21878093579, 0.206118389992, -0.290975787492, -0.93426350694,  
86, 1378410.2355943208, 69.03933931909191, 107.22089978791482, 62.95698508365971, 48.74908970188976, -0.814949551385, 0.520505629432, -0.254815851991, 0.579061269237, 0.749067760526, -0.321847070222, -0.0233511277306, 0.409843116168, 0.911857085822,  
90, 1752076.5498394999, 74.78620389163221, 119.68352817111573, 82.16133551559842, 42.53658246959297, 0.45280639427, 0.79453361149, -0.404577198468, 0.735819157502, -0.589257582927, -0.333684983802, 0.503524117357, 0.146600958983, 0.851452654036,  
103, 873143.114304801, 59.29238792988309, 96.85014629052371, 73.06379041663091, 29.457395401276077, -0.149182748528, 0.709041186912, 0.689206139558, 0.98741433392, 0.0698079150701, 0.141914721444, -0.0525113388772, -0.701703249427, 0.710531567936,  
117, 1495691.2728637017, 70.94434500648097, 118.26599115899509, 62.071238623200934, 48.64106359072144, 0.167434899459, 0.828695225491, -0.534069075768, 0.77955977201, 0.220339555273, 0.586290919464, -0.603533028348, 0.514504328097, 0.609124929765,  
126, 1528514.2490501115, 71.45955281488331, 122.44113167381401, 59.17016396230936, 50.36754401954456, -0.907343414913, -0.392039012818, -0.151767387284, -0.0280462887966, -0.303760257995, 0.952335608568, -0.419453612571, 0.868351955195, 0.264619630431,  
129, 2950861.7887772094, 88.97884276353774, 119.20787697834321, 94.99171454249078, 62.21134335725757, 0.507464021629, 0.683610201198, 0.524554439091, 0.625287283664, 0.12670537481, -0.770039973561, -0.59287104807, 0.718764802152, -0.363154346729,  
131, 370696.9881693385, 44.56324585726073, 108.49622751581904, 53.13090040028873, 15.352129832648075, -0.934478139903, 0.334890076509, 0.12082732596, 0.0806005430346, -0.131568445678, 0.988024947339, 0.346776813679, 0.933026463053, 0.0959555143632,  
134, 3144373.972209786, 90.88283398981126, 125.53115676804893, 90.7174318387574, 65.91789123155618, 0.423462278848, 0.716991120623, -0.553717826461, 0.860479929598, -0.127204708214, 0.493349017398, -0.283291350295, 0.685377775505, 0.670822864617,  
148, 1115399.3220346826, 64.33499264228038, 91.96493541006724, 64.61629428053293, 44.81025846647958, 0.748042782137, 0.421445834281, 0.512655249519, 0.584422877708, -0.0523075250045, -0.809761583949, 0.314454919033, -0.905343764321, 0.2854308538,  
153, 535245.2520029965, 50.368003678727455, 117.38231309305183, 76.85837690238249, 14.163492016657814, -0.321586535921, 0.896695190244, 0.304170734469, 0.0145099875812, -0.316530133106, 0.948471473001, 0.946769010992, 0.309429169001, 0.0887807929454,  
161, 620093.9641311186, 52.90007627646301, 137.93990999126785, 76.30317822054619, 14.064889634819176, -0.507074433189, -0.358185307688, -0.78395076667, -0.858812762608, 0.133028806159, 0.494716055444, 0.0729119879597, -0.924124787076, 0.375069620102,  
174, 3541675.054678983, 94.55983399090104, 132.2322836050729, 89.82700994861817, 71.1828974204415, 0.392900478259, -0.875924789937, -0.279973171138, -0.431159194406, -0.444389685377, 0.785251269728, -0.812238242921, -0.187812592507, -0.552263946708,  
178, 472492.71044803876, 48.317245500158776, 114.33557285579265, 44.87441889197588, 21.98499107478698, -0.282773245887, 0.524398654306, 0.803147148891, 0.938634874893, 0.323685126797, 0.119132322759, 0.197493956986, -0.787549357217, 0.583748359228,  
180, 2124244.1329014716, 79.74533241172547, 106.23725738878902, 89.70004290992588, 53.216501084104564, -0.139927983685, 0.1359331791, 0.980786587491, -0.457317999932, -0.887426246098, 0.0577486335332, 0.878225714905, -0.440450710701, 0.186340454876,  
183, 2355436.486019824, 82.53932816472044, 116.98343615762829, 88.479776269217, 54.32683434478245, -0.956061998618, 0.0862010880505, 0.280204973577, 0.279367458451, -0.0218784228528, 0.959934975804, -0.0888778822694, -0.996037502824, 0.00316465020514,  
192, 3348556.145787873, 92.80890712268405, 103.00873245156582, 94.29792264315937, 82.29866821332014, -0.809455283791, 0.280191780904, -0.516018129, 0.328833652572, 0.944382972098, -0.00303824743257, -0.486467442362, 0.17214345159, 0.856572273423,  
193, 2343872.31724188, 82.40402910092675, 103.21085500324139, 81.4915892705604, 66.52841504347651, -0.222624033092, -0.908760728285, 0.352976597832, -0.94717584236, 0.115879924747, -0.299048100964, -0.23086026843, 0.40090620071, 0.886553864518,  
194, 3982349.22400165, 98.32944265851198, 108.95431764479275, 95.93236491052362, 90.95804906355235, 0.417173812058, 0.832640373596, -0.364247194624, -0.39997092178, 0.528093955312, 0.749092808732, 0.81608165784, -0.166813616414, 0.553338906201,  
195, 3372224.060919755, 93.02705470872647, 109.57215135950194, 90.49674514264848, 81.18852760265209, 0.496179317535, 0.352112773389, 0.793613684148, 0.812909142865, 0.132627810079, -0.567087814575, 0.304934108122, -0.926513064565, 0.220428516516,  
196, 3294980.816030589, 92.31127731612098, 105.81455987237395, 94.82212769799747, 78.39875302983917, -0.117683466166, -0.0801771407641, 0.989809187616, 0.486907977795, -0.873358696079, -0.0128533708733, 0.86548900799, 0.480433360709, 0.141818768036,  
197, 3287583.60390189, 92.24214613633157, 100.38771066925852, 90.1976925514224, 86.67866597694231, -0.173171652442, -0.972048388214, 0.15853551577, -0.96069728496, 0.131255385177, -0.244607339491, -0.216961529911, 0.194663696749, 0.95657395935,  
198, 2586702.282557741, 85.1567893596103, 121.04210866011869, 86.26752288356198, 59.13900705038275, 0.755765879346, -0.557508730885, -0.343514119947, 0.353639850382, -0.0940260898585, 0.930643836625, -0.551141353773, -0.824829139527, 0.126095593694,  
199, 3595423.8031534315, 95.03578360828764, 98.95616957605903, 95.27366174169623, 91.04282951279743, -0.977382533801, 0.189402316851, -0.0940752092342, 0.14125237819, 0.915735502189, 0.376133295105, 0.157388526509, 0.354337765983, -0.921777413111,  
200, 1199873.8263679806, 65.91976597193364, 111.89597828230376, 69.78979800257588, 36.68094803598565, -0.803574416172, -0.549931928114, 0.227690650036, -0.543537608262, 0.833898999728, 0.0958088026108, 0.242559324862, 0.0467689287219, 0.969008586767,  
201, 3148237.9930859925, 90.92004642282676, 109.08423114442559, 88.17508880175161, 78.1395787695657, 0.462623958839, -0.832916538218, 0.303692464626, -0.793590499767, -0.541763947379, -0.276958379546, -0.395212843147, 0.112879872799, 0.911627633921,  
202, 3245472.0658716056, 91.8466009730112, 106.51869301767013, 93.22379559205574, 78.025517172616, 0.299064905507, -0.94025316361, -0.162739579133, 0.145772124786, -0.123526267384, 0.981576155426, 0.943032698229, 0.317277874407, -0.100120330013,  
203, 3272812.1430801363, 92.10378746959951, 96.22192278001523, 95.55260530408526, 84.97983912964219, 0.32257608432, 0.867261034613, 0.379213617458, -0.835565404323, 0.0726744329008, 0.54456301922, 0.444719152864, -0.492520786002, 0.748096351035,  
204, 3214393.417916946, 91.55248572890059, 102.55353757981189, 91.04438202734582, 82.18766128509876, -0.9604394634, -0.262859303644, 0.0919838226644, -0.277730661545, 0.879712961927, -0.385967335738, -0.0205357440161, 0.396244988746, 0.917915133393,  
205, 3222134.1874028, 91.62591778683584, 106.2959683484019, 94.19376361703486, 76.82738848814164, -0.913510792401, 0.390513999037, 0.114003722412, 0.267511049351, 0.365506482468, 0.891539595166, -0.306489593041, -0.844928297449, 0.438360926095,  
206, 3595526.2507453714, 95.03668624594033, 103.91664956943252, 94.0914399529768, 87.78869711805824, 0.613735386633, 0.622304850919, 0.485865771295, 0.612393840977, 0.0131790944706, -0.790442973909, 0.498299767939, -0.782664030086, 0.373007181273,  
207, 2727648.4904242507, 86.67621357825394, 103.26970799861655, 87.16521667867953, 72.34085377407634, -0.899873941742, -0.205828783894, 0.384527503171, -0.194698232299, 0.978494105553, 0.0681313711718, -0.390281292549, -0.013557179605, -0.920595848115,  
208, 3176725.4211155656, 91.19345915406983, 104.64202685178303, 90.67715417362, 79.92580963796377, -0.399932908819, -0.908364759599, -0.122176642461, -0.90348546539, 0.368294312999, 0.219256272067, 0.154167708267, -0.198072619338, 0.967987373469,  
209, 3770655.844189805, 96.55529505486264, 104.25424281163075, 97.12857009787113, 88.89709154085006, -0.931102118968, 0.129771545703, -0.34089322372, 0.362112236725, 0.441231236286, -0.821090569998, -0.0438585461123, 0.887960777316, 0.457823203738,  
210, 3679666.788734834, 95.77230970030969, 98.1877779616273, 96.75148723666811, 92.47083990232636, -0.144457364489, -0.054756115193, 0.987994857119, 0.493528488726, -0.869399071838, 0.0239767534059, 0.857648937888, 0.491067227309, 0.152614801387,  
211, 3560262.9443423925, 94.72497258835087, 98.60289683176845, 96.53754014711845, 89.29097437932604, -0.170563608791, 0.964349516001, 0.202331575255, 0.749147716236, -0.00647203278179, 0.662371355094, 0.640066992286, 0.264552686209, -0.721336344298,  
212, 3017819.328166573, 89.64681728150047, 111.17013604993382, 86.02715325226079, 75.33224973893806, -0.99015235915, -0.025045745754, 0.137735312424, -0.137995197248, 0.340275882461, -0.930144961472, 0.0235718307616, 0.939992039559, 0.340381160406,  
213, 2282600.141744383, 81.67962656885118, 121.76682521235628, 74.46834328894222, 60.095306637427235, 0.0910939510174, -0.579715363619, 0.809711052952, 0.850551679889, 0.468184677698, 0.239509806492, 0.517941822916, -0.666883201733, -0.535726668481,  
214, 3442859.8222638112, 93.67209722270992, 100.38395992404877, 92.1296483859407, 88.8724174931417, 0.727409897422, 0.593915055665, -0.343714631326, 0.580299285267, -0.265082375058, 0.77005459154, -0.366234324786, 0.759602686336, 0.537472025561,  
215, 3040047.913693002, 89.86638523256948, 107.0845833271198, 86.31088589925459, 78.52343577514567, -0.452161485834, 0.865255093018, 0.21652624491, 0.882535111946, 0.398859374149, 0.249084274566, -0.129157914628, -0.303718329477, 0.943966847632,  
216, 3568340.2537098406, 94.79655391319825, 117.55432481368172, 92.42184415107045, 78.40872799082946, 0.91587437194, 0.118227743536, -0.383661746179, 0.315133250648, 0.380358111357, 0.869493382069, -0.248727097758, 0.917251278431, -0.311102753214,  
217, 3677370.5225293, 95.7523835772076, 100.16044325150783, 95.95518731722363, 91.3448539626254, -0.107854934278, -0.883810387347, 0.455243355107, -0.624436430634, -0.296094191985, -0.722777540858, 0.773593211739, -0.3622256599, -0.519948184016,  
218, 3667478.5448633037, 95.6664498012648, 99.66137770257133, 93.90932578652803, 93.54990772899187, -0.137461237933, -0.579083223687, 0.803596309169, -0.911045133837, 0.392305217152, 0.126859689056, 0.388717342266, 0.714674217136, 0.581497713823,  
219, 3752904.748684951, 96.4035390567029, 114.48423895638658, 104.56175602710952, 74.84458124168178, -0.852242596565, 0.400158793023, -0.33697996523, -0.478699290349, -0.33667602891, 0.810861419095, -0.211020250258, -0.852362711482, -0.478485383326,  
220, 3147197.7116247034, 90.91003099423986, 98.09435158360922, 90.17834351070853, 84.93548347174502, -0.389712700624, -0.030324802896, -0.920437079491, 0.00569947673608, -0.999517996536, 0.0305170536812, -0.920918849268, 0.00664687368364, 0.389697693261,  
221, 3463791.673384542, 93.86154923397217, 107.24576442982332, 101.30816192142697, 76.10944755567394, 0.0368072531707, -0.652524146852, 0.756873479447, 0.985633010839, -0.101228911122, -0.135204569071, 0.164841724265, 0.750975995175, 0.639423381347,  
222, 3529077.905177655, 94.44758960313524, 98.41217717636069, 96.27564841309075, 88.92161549932264, 0.908791152144, -0.410549260757, -0.0744845371645, -0.237088511646, -0.654988799805, 0.717480807949, 0.343347752912, 0.634380782041, 0.692584539206,  
223, 3776869.0474902885, 96.60829984533262, 101.37521894118042, 95.92319614396257, 92.72308479715423, 0.767993810496, 0.211380345007, 0.604569149713, 0.564318393559, 0.223057881543, -0.79485214485, 0.302870034389, -0.951611018866, -0.0520212556826,  
224, 2452296.0836978042, 83.65555119998643, 102.2385100125238, 81.54372419419673, 70.22297773967365, -0.880645373542, 0.430078286296, 0.198736996346, -0.128807410866, -0.621015953922, 0.773141536771, 0.455930232564, 0.655264719508, 0.602292097244,  
225, 3538912.3226998807, 94.5352400316801, 110.58450508741328, 91.80230101129277, 83.22108013322062, 0.0849868308761, 0.23530402998, 0.968198973379, 0.910919177363, -0.412090418965, 0.0201925459206, 0.403736908012, 0.880234911869, -0.249365212162,  
226, 3807356.732360151, 96.86755105022607, 106.53437675006448, 100.72842809899852, 84.70189655150126, -0.202172607576, 0.0891937272911, 0.975279814083, -0.744598444966, -0.660873258921, -0.0939132120473, 0.636159879669, -0.745178511938, 0.200023980675,  
227, 2766343.413127701, 87.08415878594131, 102.31692692695546, 97.09496840488428, 66.47728445766452, 0.562186159704, 0.382472497246, -0.733254056032, -0.222807994998, 0.923895142217, 0.311085781663, -0.79643161615, 0.0115132548832, -0.604618992225,  
228, 3650685.216671527, 95.52020795683023, 99.28574167448473, 95.86993037340126, 91.56225532941414, -0.135467443826, -0.774680337647, 0.617672199574, -0.803265932427, -0.279080091874, -0.526192117122, 0.580010701164, -0.567436936393, -0.584468057084,  
229, 3527547.5663800547, 94.43393563914442, 102.3734776723339, 94.45269938641154, 87.09283713445726, 0.266896812181, 0.222397530426, 0.93771287189, -0.38430148956, 0.916860529131, -0.10807004786, -0.883786431651, -0.331520902181, 0.330174854657,  
230, 3016572.6730122934, 89.63447127408021, 97.39309610405252, 94.26740761670057, 78.4396138452085, -0.785909126285, -0.473724047283, -0.397407061146, 0.252843166122, -0.832713145207, 0.492604457089, 0.564284660936, -0.286660678896, -0.774214748379,  
231, 3918821.542245204, 97.8037767883848, 115.41149917709879, 90.57629609308724, 89.4959201782264, -0.670635985075, 0.69162139095, -0.268155229489, 0.694150159562, 0.712585354937, 0.101870839351, -0.261539540993, 0.117821744638, 0.957974480343,  
232, 1717925.6798330215, 74.29710996989985, 107.08045936794802, 90.68945108468867, 42.23269183707174, -0.0526582134839, 0.986064553557, -0.157809406475, 0.249296578901, 0.166005715165, 0.954092929583, 0.966994482043, 0.0108994840168, -0.254564084166,  
233, 3069163.209565265, 90.15236511585468, 102.49101603603877, 90.97859628518555, 78.57897220398354, 0.54347388028, 0.247896538534, 0.801987186703, 0.611238392275, 0.537967538282, -0.580498540535, 0.575346651387, -0.805691152947, -0.140847423831,  
234, 3527165.111852147, 94.43052269281065, 99.91333082963153, 94.71265833527977, 88.98272822483207, -0.849779919998, 0.426590094385, -0.309669144316, 0.43190691787, 0.900244064717, 0.0549275726522, -0.302209367598, 0.0870718973868, 0.949256542154,  
235, 3737641.26363756, 96.27266679895284, 103.96487596817904, 94.38938826828895, 90.92832588282211, -0.0879418641207, 0.808415415938, -0.582005793622, 0.97739658362, 0.182794057635, 0.106217940204, -0.192255420893, 0.559509470668, 0.806217715862,  
236, 3910760.4965350125, 97.73666971656738, 111.33306649058655, 95.18153676530743, 88.10402037983583, 0.824938769727, 0.0905458604775, 0.557922461774, 0.245539825619, -0.946489611164, -0.209445959601, 0.509103349268, 0.30977227621, -0.803028590185,  
237, 1610050.8843074036, 72.70824536731038, 109.99615569015005, 91.63846667969713, 38.132534474478774, 0.418991162434, -0.47711540658, -0.772533037873, 0.0103497871545, -0.84825155651, 0.529492378401, 0.907931323233, 0.229848179638, 0.350471862792,  
238, 2726188.5146217654, 86.66074631656508, 114.55629273672055, 83.86379150843253, 67.74446709737933, -0.681928785213, -0.0182977940064, 0.731189662559, -0.72872856, -0.0686621723533, -0.681351738772, -0.0626723043955, 0.997472153407, -0.0334885867055,  
239, 3050370.413698642, 89.9679842667898, 100.80400775652818, 95.9499824404596, 75.2906890856812, 0.672652792138, 0.632955705695, 0.383282266557, 0.54886009619, -0.774186161667, 0.315259229673, -0.496276954976, 0.00169165939659, 0.868162612791,  
240, 3346494.281447355, 92.7898542675105, 106.51227634895623, 88.28954626340347, 84.95570077455518, -0.0604038637789, 0.834709207427, -0.547368168856, 0.610213733434, 0.464845760669, 0.641527566295, 0.789930739223, -0.295260830156, -0.537429501802,  
241, 3045173.5054832553, 89.91686248276574, 105.9601487458441, 87.60742186122478, 78.31410229074268, -0.629912885703, -0.0421561378892, -0.775520867846, -0.762386203904, -0.157032178135, 0.627780352613, 0.148246526175, -0.986693343987, -0.0667773345403,  
242, 3190590.272279785, 91.32593820573909, 118.03250760692929, 89.93239536362472, 71.7570593185273, 0.732955824229, 0.528657795402, -0.428131632899, -0.180771633007, 0.758082863588, 0.626603533851, 0.655818097058, -0.381878655197, 0.651207583092,  
243, 3165602.7058799113, 91.08690236287357, 99.74602974959103, 90.69785821027465, 83.53628344214596, -0.22044613093, -0.95073991779, -0.217938321731, -0.832766130553, 0.299783696698, -0.465435609938, 0.50784256927, 0.0788881734786, -0.857830158553,  
244, 3495848.927032877, 94.15022213532109, 118.1883128420004, 99.5821086614736, 70.91011598158047, 0.742892458509, -0.0381321961124, 0.668323821744, -0.404175216462, -0.821409108824, 0.402404610236, -0.53362270331, 0.569063275534, 0.625630720914,  
245, 1912215.1699360067, 76.99858010683198, 96.30235934415313, 85.14891644589113, 55.67139411175542, 0.13997200257, -0.878906047066, -0.455995612837, 0.0453369304748, -0.454357396492, 0.889665060002, 0.98911698056, 0.145201641461, 0.0237504123196,  
246, 2923117.0212443434, 88.69909679264441, 104.2039337196334, 89.04965764535551, 75.20404911996408, -0.923922874729, 0.270002124627, 0.271044967209, 0.379062322577, 0.550222679144, 0.744020671056, -0.0517520739254, -0.790160652053, 0.610710951918,  
247, 3424508.1700034966, 93.50536556364817, 105.85751355648188, 96.04554612977466, 80.4101140680917, 0.323074641581, -0.634810850271, -0.701881728174, -0.106979333959, -0.761397769361, 0.639397262207, 0.94030750187, 0.131486201518, 0.313899953389,  
248, 3677530.2255344274, 95.7537696873777, 103.92183502647745, 94.62438333746313, 89.28073820863713, -0.159237985337, -0.321463109473, 0.933437053729, -0.70843170829, -0.621303913605, -0.33482228365, 0.687581107008, -0.714592832449, -0.128799476312,  
249, 3713650.891072331, 96.06624638833782, 110.2219267361909, 98.05912515265774, 82.02692904370119, 0.0193134133835, -0.0449373808738, 0.998803095642, 0.995534644522, -0.0914595219692, -0.0233650892777, 0.0924000195848, 0.994794344396, 0.0429703239383,  
250, 3569975.8403779906, 94.81103537007353, 111.93396280920143, 105.0336859065985, 72.49134906784892, 0.262145386297, -0.901217987286, 0.345088301505, 0.0876577104418, 0.378352947181, 0.921501586086, 0.961038980606, 0.211317738847, -0.17818218487,  
251, 3364024.216746212, 92.9515924962625, 96.53991066065859, 93.12657175980172, 89.3284906479567, -0.320624373934, 0.946557341315, -0.0350600975728, 0.339287012053, 0.149326324862, 0.928755065749, -0.884355321289, -0.285886075746, 0.369032271492,  
252, 2536433.6101848483, 84.60154547901698, 106.37370620167981, 82.34256478643351, 69.13153641814456, -0.958549780299, -0.245794253974, 0.144109345299, 0.0193418967703, 0.448479258255, 0.893583933352, -0.284267848548, 0.859332031073, -0.425135567382,  
253, 3126099.0873024277, 90.70642352859629, 112.80518970400546, 95.04981024279539, 69.60393550784437, -0.989440278309, -0.0373572951007, -0.14004416504, -0.13939879412, -0.0193673314632, 0.990046909328, 0.0396977563191, -0.999114277235, -0.0139552559444,  
254, 3404462.8994757547, 93.32256467380843, 114.99966968494259, 91.05419020438828, 77.61818216269415, -0.319189373111, 0.197116095996, -0.926964610324, 0.938877703691, -0.0673137511182, -0.337605563375, 0.128944955713, 0.978066512876, 0.163582073548,  
255, 3047574.7503712988, 89.94049065796388, 101.55002405192435, 87.686996332551, 81.70535720082204, -0.382244959956, -0.367607612083, -0.847793273226, -0.923417274027, 0.117717322091, 0.365298740906, 0.0344866440302, -0.92250055589, 0.38445207213,  
256, 4038050.86513405, 98.78577059166334, 118.36437916835989, 98.99401306537939, 82.27222091882413, 0.746638206151, 0.386111129327, -0.541709871542, -0.237548764109, 0.915380603191, 0.325036822485, 0.621371043569, -0.114002399583, 0.775178353092,  
257, 3438750.404012179, 93.63481319119548, 103.86054068578865, 94.8994152380801, 83.29097186888015, -0.259085342384, -0.310489111981, 0.91458804754, -0.630366223472, 0.7718001812, 0.0834440207889, -0.731787680729, -0.554906290865, -0.395683963147,  
258, 2922531.3591471864, 88.69317261782405, 106.13053801716018, 84.7716403584066, 77.54960994688707, -0.0459079944659, -0.997523488556, 0.0532855123255, -0.933372164911, 0.0238257303322, -0.358118327293, 0.35596187691, -0.0661757081851, -0.932154449559,  
259, 2082710.6281030856, 79.2221773908938, 121.89487931275085, 89.573008586544, 45.538392987674406, 0.328889445388, -0.397595905063, 0.856591634905, -0.0279002695113, 0.902565555521, 0.429647521753, 0.943956200082, 0.165205672617, -0.285751252074,  
260, 3747229.741664554, 96.35492189274387, 104.23432882271148, 98.71519308835349, 86.94146169979179, 0.800390841367, 0.132631830756, -0.58462235548, 0.387287724706, 0.629983933178, 0.673148172567, -0.457583565427, 0.765198694071, -0.452866690366,  
261, 2492329.552854817, 84.10831888907718, 104.09026526622058, 90.59101283966609, 63.098876613402155, -0.525928749658, -0.576564755267, -0.62527756498, 0.115725139353, -0.776835892288, 0.618977938682, 0.842618918851, -0.253177960015, -0.475283366169,  
262, 3060369.7544701933, 90.06618428733375, 142.27833002355362, 92.31817395752077, 55.62362996215857, -0.142809771269, -0.319914386928, -0.936621670829, -0.976302836799, -0.109930642611, 0.186408220508, 0.16259809374, -0.941047309571, 0.296634153564,  
263, 3473650.3952174825, 93.9505151664401, 97.21181384804957, 94.89996499474131, 89.89021076548597, -0.654263840773, 0.700501264024, -0.285020711103, 0.435256343789, 0.656987969714, 0.615563743931, -0.618458359025, -0.278684026726, 0.734741091406,  
264, 2866726.771860228, 88.12502049098396, 107.72404735352951, 97.57759341055396, 65.1080859385779, -0.126361121299, -0.88040281997, 0.457081766879, -0.268667601116, -0.413179724257, -0.870115070306, 0.954908679997, -0.232751777765, -0.184325860402,  
265, 3333016.897770698, 92.66512204193066, 97.39215645491596, 92.00206944031598, 88.80293665637419, 0.803608062244, 0.205256938965, -0.55864449456, 0.293247751642, 0.680242840322, 0.671770373228, 0.517899448207, -0.7036613299, 0.486457494907,  
266, 3204303.2858968056, 91.45658946590153, 108.99777532188881, 93.697730991868, 74.9028422822149, -0.924588676084, 0.0269580093217, 0.380011902169, 0.0803968819775, -0.961221392206, 0.263798742481, 0.372387058617, 0.274457102112, 0.886567074549,  
267, 3713019.829530285, 96.06080456037024, 102.74720285794653, 98.31527985298133, 87.75010238266778, -0.104742150373, -0.954828788072, 0.278084640721, 0.716335847464, -0.266400484226, -0.644898236656, 0.689849284679, 0.131653968699, 0.711881448665,  
268, 2861399.89423797, 88.07040276850006, 96.863619602711, 88.79898537154244, 79.41842137702336, -0.932117287009, 0.28126949411, -0.22813337095, -0.226237750518, 0.039655934778, 0.973264551434, 0.282796470096, 0.958809093887, 0.0266697952976,  
269, 3543541.8678696826, 94.57644520228949, 100.63160972360704, 95.25430540479623, 88.25309092979016, 0.0821589999737, 0.734468922781, 0.673650725667, -0.716056423277, -0.42663899441, 0.552487436176, 0.693190520281, -0.527763744414, 0.490868956724,  
270, 3429693.2280398784, 93.5525340166703, 108.11735588806044, 90.9237266941485, 83.29022258278306, 0.670685501346, -0.54258274626, -0.505751838103, -0.58414438832, -0.806570053654, 0.0906646686552, 0.457117372102, -0.234624619359, 0.857901507233,  
271, 3052755.0917260456, 89.99142281822989, 98.62673757699508, 91.97416372600557, 80.34203719142333, -0.896052535924, 0.411675513448, 0.166171972644, -0.32800503278, -0.866148470231, 0.377093524191, -0.29916977009, -0.283390365298, -0.91114617352,  
272, 3518140.9882674105, 94.34992156333662, 100.2954423624448, 96.3728830496683, 86.8937581450079, -0.132727536137, -0.502719817385, 0.854199149121, -0.953776499642, -0.169655589558, -0.24804711178, 0.269617858981, -0.847637756438, -0.456964379332,  
273, 3581433.044436031, 94.91235345850936, 103.70816828164894, 94.67765999862354, 87.07786006484493, -0.945731228042, -0.272378259675, -0.177207584383, -0.319794067048, 0.68338995529, 0.656284940928, 0.057655866892, -0.677339097251, 0.733408173085,  
274, 3180251.854502604, 91.22719082146052, 102.0488953379345, 91.42596063475422, 81.3757613889846, 0.764827801789, 0.533501831679, -0.361129103238, 0.212697214327, 0.320013842489, 0.923228593379, 0.608110457588, -0.782922049894, 0.131281130257,  
275, 3801768.980876902, 96.82013960882072, 104.05715542204251, 100.20584052566946, 87.04265485364395, 0.0682879158764, -0.868155776454, 0.491571264778, 0.857601330029, -0.200677371575, -0.473548890053, 0.50976143369, 0.453909837245, 0.730827709091,  
276, 3341110.454236276, 92.74006757142848, 101.02777559659279, 91.43474470413321, 86.34758119504389, -0.0990596469244, -0.289748602067, -0.951962674663, -0.112947356412, -0.947211454156, 0.300055587843, -0.988650636489, 0.137245068095, 0.061104093584,  
277, 3015046.636637851, 89.61935383775432, 96.5246220225142, 92.5984692637843, 80.53107709122558, -0.467419783025, -0.793705835678, -0.389293967134, -0.0866384266249, -0.397112234755, 0.913671525243, 0.879779818744, -0.460795962892, -0.1168526898,  
278, 3351383.76847486, 92.83502332789703, 104.06109556138692, 93.268393296351, 82.43519382299371, -0.442019210153, 0.254921100376, 0.860019912815, -0.885904024689, -0.274438027757, -0.373975705041, -0.140687870462, 0.927199547834, -0.347142509067,  
279, 3654777.759383317, 95.55588843142611, 109.42792220034869, 92.93047264392324, 85.7997584412544, -0.151787322137, -0.121739645861, -0.980887387759, -0.214579353167, 0.972776725673, -0.087527956577, 0.964840043755, 0.197192547054, -0.173777988691,  
280, 3242781.136268119, 91.82120958961715, 120.30923322264202, 85.35251025075985, 75.39000487763543, -0.330758265314, 0.597691001612, 0.730318037925, 0.923036262174, 0.366008215194, 0.118499135537, 0.196476534575, -0.713304600436, 0.672750710411,  
281, 873147.7105965645, 59.29249196958045, 89.74255479460403, 57.788092866767855, 40.194100992408124, 0.452296197776, 0.79971483912, -0.394821890944, -0.336114865651, 0.562893174487, 0.755101364854, 0.826108314064, -0.208823969428, 0.523390488285,  
282, 3715766.851439833, 96.08448843472401, 112.681623887302, 91.23657056060983, 86.28549545380946, -0.0576747230103, 0.93256554731, 0.356363755587, 0.867164070151, -0.130074928482, 0.480735882185, 0.494671711103, 0.336752153596, -0.801185300217,  
283, 988507.3960671095, 61.79648475085162, 129.31038714605685, 64.36297558859297, 28.354486583627427, -0.412436559855, -0.449312989744, 0.792473293772, 0.17858178718, 0.81315193148, 0.553978773616, -0.893311048506, 0.370002396718, -0.255134468548,  
284, 3563973.823299067, 94.7578719233865, 108.59096131273012, 99.75315652850571, 78.54627094712683, 0.768553119664, -0.03999634007, -0.638534568396, -0.0299822393765, -0.999199078769, 0.0265003077082, 0.639083067822, 0.00122219788142, 0.769136748995,  
285, 3609143.073560089, 95.15650806574487, 110.82000928753746, 96.57444459441948, 80.50726778001324, 0.584853902446, 0.778417942695, 0.228060122081, 0.754546835192, -0.625281329619, 0.199204247776, -0.297665897098, -0.0555766616539, 0.953051020871,  
286, 3324615.824286131, 92.58720049563603, 117.3587216473894, 91.11327989485184, 74.22595730934046, 0.174310964512, -0.926212411715, 0.334284693091, 0.439844676678, 0.376969609422, 0.815126109243, -0.880995089685, 0.00494792445026, 0.473099534976,  
287, 3407720.6649648417, 93.35232229067675, 109.17405794326194, 98.21107027520948, 75.87443700856117, 0.589361417537, 0.69557875271, 0.410881148628, -0.430802221245, -0.15965310419, 0.88821187365, -0.683419758047, 0.700486320424, -0.205563491919,  
288, 3392439.9554377766, 93.21257812502938, 105.62653119224899, 92.80397254974665, 82.61976886806453, -0.0407517000779, -0.436898671096, 0.898587141092, -0.913010921968, -0.349055688324, -0.211118883135, 0.405894512537, -0.829023327563, -0.384668645783,  
289, 3219959.263105729, 91.60529746941042, 110.48967266291763, 91.69408419175832, 75.87501043081397, -0.970631221383, 0.0741346496166, -0.228864776237, 0.182341369998, 0.847278888772, -0.498868829883, 0.156928827381, -0.525949178503, -0.835913156237,  
290, 3518924.806722601, 94.35692788841935, 103.32723081505073, 90.53110007391946, 89.80671058555438, -0.879814969623, -0.177176790167, -0.441060091431, -0.471631575515, 0.440732259819, 0.763753057036, -0.0590700956863, -0.879979238494, 0.471325008476,  
291, 2371726.8350509442, 82.72917359407631, 111.70055255300687, 85.42081462905414, 59.341296122999964, -0.356002790938, -0.335429853665, -0.8722091642, -0.934475704743, 0.123645928009, 0.33386650286, 0.00414368067305, -0.933915680218, 0.357469344355,  
292, 3279153.4828541703, 92.16323528477781, 100.6674672167498, 90.18291533864524, 86.23026538739812, -0.0825883949895, 0.989185419126, -0.121207935388, 0.153491474439, 0.132797873205, 0.979185933389, 0.984692603957, 0.0622650099186, -0.162799091681,  
293, 1929172.6385483327, 77.225517655439, 104.91020264612291, 84.5308301749684, 51.933742979258476, -0.967037112377, 0.231059754487, 0.10700753778, 0.239925108478, 0.686043207502, 0.686862911914, -0.0852945813478, -0.689895722046, 0.718866279008,  
294, 3576467.228627033, 94.86846643884657, 101.8560436368239, 98.23789922125533, 85.32961201627465, 0.76956075152, -0.637617279945, -0.0349349972851, 0.0874669848518, 0.0510585206699, 0.994858057226, 0.632554959099, 0.768659373054, -0.0950630945044,  
295, 3842630.53439777, 97.16577971282948, 106.62879574283424, 93.84520514615895, 91.67552965254805, -0.490787655953, 0.779773850406, -0.388690389625, -0.151565387993, 0.362903241791, 0.919417843127, 0.857994994115, 0.510150937782, -0.0599217051923,  
296, 2273552.8569158735, 81.57156890192182, 114.99777664280582, 79.53090359370564, 59.345949889274046, -0.942508049228, -0.269035855357, 0.198237952149, -0.325250892256, 0.874724296047, -0.359262109039, 0.076749164341, 0.403084500368, 0.911938841884,  
297, 3617343.466016938, 95.22852243285222, 107.71910205473596, 98.73039153266869, 81.20028505082469, -0.579927542865, 0.22657178011, -0.782527490562, -0.249577878511, 0.864950798075, 0.435397518904, -0.77549656839, -0.447800564278, 0.445061486816,  
298, 3658246.806840335, 95.5861121648624, 104.46388907277813, 97.75306437659526, 85.52396402958472, -0.769351024636, -0.475013028318, -0.427155268982, -0.628856186116, 0.680811797671, 0.375546526192, -0.11242285388, -0.557546338056, 0.822498135467,  
299, 2716751.094534316, 86.56063103084675, 119.53342728419057, 93.81918687082792, 57.83359707414844, 0.400992160958, -0.764807078256, 0.504257295337, -0.775241694917, 0.00995821667439, 0.631586216112, -0.488063112018, -0.644182401941, -0.588917168808,  
300, 3558835.1431964412, 94.71230812035321, 109.86820834931045, 101.11203435385808, 76.4793820894588, 0.412731363312, 0.89164249621, 0.1860819193, 0.880361471817, -0.338084936811, -0.332659366984, -0.233701734437, 0.301118306407, -0.924505957183,  
301, 3379202.82857931, 93.09118319455119, 102.14265660582012, 91.15288867177556, 86.64590963424754, -0.707026364814, 0.102081942813, -0.699780677362, 0.18544520339, 0.98166168708, -0.0441634312338, 0.682439591464, -0.160995680285, -0.712991300741,  
302, 3456350.2090255893, 93.79428497339393, 107.49600961356036, 89.29649878315142, 85.96117770851279, -0.483627079619, -0.78869950324, 0.379549656103, -0.869711999244, 0.384212684747, -0.309809056115, -0.0985184562915, 0.47993093927, 0.871757080442,  
303, 3578354.4023538735, 94.88514973601637, 104.49555974864782, 94.26096997553609, 86.7291321516486, 0.112462148926, 0.106925027484, 0.98788628068, -0.705432058646, -0.691585447545, 0.15516178453, 0.699798453624, -0.714336480407, -0.00234884333791,  
304, 3498812.6314268406, 94.17682078771898, 100.72643000437328, 94.2241957947534, 88.00881942319204, 0.309402351853, 0.799650799264, 0.514615180407, 0.735069782155, 0.142201787298, -0.662911055159, -0.603276553523, 0.583384308091, -0.543801571387,  
305, 3361147.285987817, 92.92508737955873, 108.00304066673725, 87.95204421952008, 84.47282411946878, -0.0951475746402, -0.534733318101, -0.839647079167, 0.0046651286846, -0.843704030593, 0.536788361774, -0.995452246778, 0.0471570490439, 0.082770991966,  
306, 3586910.9554287163, 94.96071925365038, 101.89036783193258, 98.18414677720833, 85.59679144933062, 0.686127348528, 0.456569108384, -0.566369058893, 0.303756619656, 0.527618178587, 0.793316439789, -0.661030390842, 0.716354456183, -0.223327372907,  
307, 3661471.294347447, 95.61418806461576, 101.49066841743783, 96.13314952051442, 89.59169241762118, 0.178119312862, 0.868062856849, 0.463400892258, 0.670491050718, -0.451753115125, 0.588524318853, 0.720218898178, 0.205878603877, -0.662494331427,  
308, 3696843.40454423, 95.92109954118467, 101.60278667007006, 101.21082505000199, 85.82421910619813, -0.818754723834, 0.0417577932128, -0.572622902883, -0.55462803602, 0.200297460163, 0.807631518152, -0.148419823006, -0.97884483661, 0.140834448842,  
309, 3281759.8311526617, 92.18764665389351, 113.94980202652225, 86.27078039203012, 79.69680002762149, -0.761489216473, -0.603363541559, -0.236826117463, -0.584505955492, 0.797131452267, -0.151440535533, -0.280155244802, -0.023105941328, 0.95967658838,  
310, 3425452.7817716966, 93.51396223839137, 109.79538388407838, 100.94938066613712, 73.78050707553687, 0.0188076654714, -0.2923671416, 0.956121188047, -0.106682154295, -0.951417843635, -0.288830408314, 0.994115279872, -0.0965688424104, -0.0490843050376,  
311, 2517696.031256231, 84.39270266574235, 101.90284825245378, 87.50292775391091, 67.4071210257951, -0.413899087074, -0.748992346222, -0.517395410707, 0.578919221094, -0.655194942624, 0.485357726433, -0.70252407871, -0.0986410282888, 0.704790654287,  
312, 3513759.5759493276, 94.31073821471823, 100.38325674634811, 94.23114011930448, 88.68041272507021, -0.852421511596, 0.382599155413, -0.356364213756, 0.497503328562, 0.383856164142, -0.777910588255, 0.160835333924, 0.840400102051, 0.517551604996,  
313, 3030223.7207302423, 89.76947695295003, 94.54374368656835, 88.75132655383062, 86.21412719405161, 0.544722865571, -0.605696167916, -0.580007889511, -0.670912965163, 0.100199707489, -0.734735198419, -0.503142914986, -0.789361875689, 0.351788340212,  
314, 2822259.0925413026, 87.66698898905267, 97.26131750375318, 91.09050688245969, 76.04926211970464, -0.0696580507028, -0.983767011675, -0.165379027429, -0.284821949501, 0.178494154256, -0.941815424581, 0.956046135422, -0.0185014495993, -0.292631992967,  
315, 3026154.279659697, 89.72927362320547, 102.00324983217233, 89.76184943395705, 78.90357037792606, -0.280258171269, -0.938595797897, 0.20122943524, 0.669011431714, -0.0406517849308, 0.742139566805, -0.688388743133, 0.342615470392, 0.639324313456,  
316, 3217773.208404291, 91.58456226647027, 114.93770877625207, 93.1629589370388, 71.73994063578066, 0.431020336726, 0.0364214917842, -0.901606867911, 0.788791466821, 0.470034165141, 0.396075630997, -0.438211696785, 0.881896455677, -0.173865322204,  
317, 3189748.270781173, 91.3179038154817, 103.22975767845274, 92.0042697079802, 80.17794318723044, 0.505811234861, -0.77959955581, -0.369295988699, 0.507575892135, -0.0771822195597, 0.858143122507, -0.69751108121, -0.621504173409, 0.356666306264,  
318, 3611490.356726187, 95.17713261662482, 114.23201005568784, 95.56309956885212, 78.98048637805041, 0.0970623892665, 0.956119192904, 0.276432598568, -0.628046830211, -0.156623998331, 0.762250681999, 0.77209848572, -0.247598489713, 0.585285328913,  
319, 3870047.4415045944, 97.39632268277492, 104.59435735270812, 98.63461741866283, 89.55504559571355, -0.589272392982, -0.798361748542, 0.124002279551, -0.776441236, 0.517158782533, -0.360119147905, -0.223376484681, 0.308488755246, 0.924628376148,  
320, 2946282.6106935437, 88.9327928364922, 101.66500591031837, 84.68396424236057, 81.69831940665046, -0.266992026654, 0.918334725701, -0.292192726253, 0.962324491385, 0.237874761397, -0.131708660198, 0.0514473612963, 0.316349378792, 0.947246662466,  
321, 3336979.901529361, 92.70183420453384, 102.16465865726676, 91.90344367963367, 84.84622187181336, -0.299802769446, 0.407070039112, 0.862793302414, -0.0436512914326, -0.909300474656, 0.41384442916, 0.953002027379, 0.0864096640924, 0.290379933471,  
