# Void_ID, Void_Volume, r = (a*b*c)**(1/3.0), a, b, c, vector_a, vector_b, vector_c 

0, 1317115.9903739828, 68.00045276083306, 110.12685941498336, 69.18103735132239, 41.27195952070278, -0.5676671924, 0.815627921811, 0.111825989087, 0.818028953212, 0.543548069243, 0.188106693471, -0.0926422710152, -0.19825889535, 0.975761661491,  
2, 925322.8993875886, 60.450732386725875, 104.37471944415469, 62.8457295508509, 33.67701632241517, 0.439287933828, 0.737469084424, 0.512996550391, 0.520291831593, -0.674380314332, 0.523934730304, 0.732340440759, 0.036749709668, -0.679946275575,  
3, 3466260.4567211065, 93.88384356913716, 124.78171402018548, 102.24159222213275, 64.86255207329744, -0.563209172987, 0.52571663337, 0.63750878336, 0.826018360188, 0.378844534769, 0.417337378038, 0.0221155170815, -0.761642199378, 0.647620308538,  
10, 1619090.5840487257, 72.84406601392325, 137.2536767257585, 70.8578365990388, 39.743916545811345, -0.956542372528, -0.290620434674, 0.023800262764, -0.227163420217, 0.793874451869, 0.564056854567, 0.182820868811, -0.534137732817, 0.825392883607,  
14, 1428016.530736894, 69.85779528867207, 146.57329928011043, 52.08501848448138, 44.65570387923772, -0.272651858781, -0.354667031903, 0.894355779533, 0.181653470882, 0.893878982853, 0.409856536523, -0.944808435832, 0.274210978072, -0.179291268847,  
17, 1002440.0103547826, 62.08546349563521, 106.22386573457023, 71.85460095206801, 31.354010453219875, -0.496338728038, 0.178289727544, 0.849623822702, 0.18113886326, -0.935873504075, 0.302207704381, 0.849020953373, 0.303897281038, 0.432215066039,  
25, 2397029.9813209577, 83.02233663117836, 135.49600364068544, 92.12678924393158, 45.842937144870746, 0.246846358071, 0.226968629943, 0.942099844246, -0.362333270831, -0.880052010533, 0.306957748892, 0.898766641769, -0.417125520411, -0.13499934765,  
26, 3436732.2267461554, 93.61649174591906, 133.53981155169436, 83.08017607552797, 73.95182885967444, 0.675448039076, -0.259055810749, 0.690405702051, -0.416638123053, 0.638428454181, 0.647164417525, -0.608426347989, -0.724775272625, 0.32329272071,  
34, 1058281.912197479, 63.217539417944344, 95.41048392475822, 79.75256421671331, 33.20259362538801, 0.68850505104, 0.720104321388, 0.0860846154062, -0.484279627517, 0.368147553994, 0.793687987096, -0.539846308744, 0.58814721355, -0.602203302988,  
38, 3449517.5167287146, 93.73243839978537, 120.75930516573457, 98.6680603959827, 69.1150376412713, -0.220648119183, -0.743899871464, 0.630814860903, 0.0480861759047, 0.637671835248, 0.768805794865, 0.974167402035, -0.199969027019, 0.104929791029,  
41, 969686.3776003295, 61.40177064552789, 100.05776946912995, 72.13092154665841, 32.07527491062359, 0.617380615207, -0.181685216115, 0.765396405931, -0.421807453202, -0.89772716433, 0.127139336347, 0.664017807284, -0.401343270366, -0.630875527297,  
44, 1012097.6229083375, 62.28420591670037, 136.57716735917185, 61.72166546018795, 28.66276335899346, 0.848920560623, -0.465800457499, 0.249727482561, -0.23262681545, 0.0949638739937, 0.967918709071, -0.474572066693, -0.87977940214, -0.0277408919136,  
46, 2201455.7886384046, 80.70004673786187, 102.41990139875368, 99.94534016452415, 51.34219772443225, -0.553433900629, 0.33446763753, -0.76278589203, -0.291560195697, -0.935679198041, -0.198738749714, 0.780194571834, -0.112409242495, -0.615354038162,  
47, 925706.4140194532, 60.45908281883795, 122.04482973083367, 96.29367542263326, 18.804747840216237, -0.735139862311, 0.667844486211, -0.116417889861, 0.420662310445, 0.584062578673, 0.694200349154, -0.531613208464, -0.461361730567, 0.710304688254,  
60, 1996567.0904201344, 78.11451962144044, 124.03215256808994, 109.97444334541889, 34.94372876715754, -0.161550887716, -0.889933301251, 0.426520843573, -0.924851558284, -0.0142631282643, -0.380060729767, 0.344312221417, -0.455867615099, -0.820751979399,  
94, 1650121.2090461878, 73.30648778246335, 121.27948205638067, 59.014587069708746, 55.04026684677598, -0.183946082332, -0.974063093872, 0.131776052268, -0.940541011044, 0.135475061171, -0.311494966807, -0.285563382351, 0.181239060241, 0.941066393887,  
95, 5044462.115859193, 106.39194581738212, 123.18494324400581, 106.66684176924998, 91.65141855254137, -0.641366693141, 0.573301964929, 0.509876084886, 0.764753996102, 0.531095707938, 0.364813204882, 0.0616448730723, -0.623908812262, 0.779062066594,  
126, 3123863.3513377877, 90.6847944447391, 106.0664077362968, 91.51644154743668, 76.82922164106625, 0.439441211794, -0.89813172262, 0.0158376197754, -0.455107523664, -0.207406663898, 0.865944350218, -0.774447263073, -0.387739454522, -0.499889539924,  
127, 928073.0971052737, 60.51056268298435, 73.31110017879494, 67.27375139917335, 44.92397648568331, 0.829168281461, 0.542693694805, -0.134028036759, -0.335731010076, 0.675171614147, 0.656831774752, -0.446950388625, 0.499626705721, -0.742029989312,  
129, 2469500.0919131995, 83.85072315551812, 143.6136853135176, 79.5364438598169, 51.612921315454, -0.583247943127, -0.812292924937, -0.00142861305953, 0.228620168652, -0.16584250224, 0.959285714965, -0.779457924024, 0.559174810366, 0.282433843808,  
134, 505277.58780420176, 49.409881073327924, 154.36598963567135, 52.39781955265409, 14.913397349663871, -0.184512071009, -0.753128594185, -0.631468618597, -0.211655707094, -0.596976129975, 0.773835487617, -0.95976932505, 0.276435925417, -0.0492546630508,  
151, 647650.0654847967, 53.67234883311703, 82.35222502290002, 53.40958775694996, 35.15258289204672, -0.633073802421, -0.101289243386, -0.767436023303, 0.726976606741, -0.418389091003, -0.544477347354, 0.265937161638, 0.902602380733, -0.338506083188,  
152, 110293.53662498626, 29.750012406813678, 57.03429903534629, 28.834177958587567, 16.01097467917632, -0.0693036228345, -0.985165656487, 0.156989289892, -0.818724926232, -0.0337452206928, -0.573193471044, 0.569988160429, -0.168255428914, -0.804241013386,  
154, 3323835.359404802, 92.57995487513787, 140.59290020400664, 108.57425233988756, 51.98291831108253, 0.0126877939422, 0.993968194499, 0.108932310214, -0.286426934037, -0.100763137381, 0.952788749725, 0.958018074643, -0.0432899349591, 0.283420800557,  
157, 1228466.9858858157, 66.43928653855488, 133.63137393205943, 90.03807460752498, 24.374754336906644, -0.507053970237, -0.85828338132, -0.0790310610892, -0.826157890822, 0.457835296704, 0.328405207822, 0.24568152291, -0.231811299211, 0.941224792947,  
181, 1794083.4946197295, 75.37916931035292, 130.2163173739552, 73.57815142974312, 44.70331812229143, 0.692485978471, 0.144581271801, 0.706795179289, 0.628767510128, -0.601304532455, -0.493035777055, -0.353715405134, -0.785830207547, 0.507302963798,  
182, 546927.4390499875, 50.73181121184704, 116.34291884129635, 55.27541619326044, 20.303416623661036, 0.702887539962, 0.290770108229, -0.649154719868, 0.622967192485, -0.692128493154, 0.364513409975, 0.343308874417, 0.660614027345, 0.667628731872,  
187, 2465165.98925201, 83.8016402855614, 132.35316107900465, 73.76348778497545, 60.281187119359316, -0.415629163857, 0.900428590255, 0.128377381195, 0.893098668736, 0.430744199775, -0.129746684973, 0.172125436973, -0.0607271620527, 0.983201426838,  
189, 510892.8604064145, 49.592241863733705, 151.3627384999613, 54.83863727735917, 14.693849711880112, -0.267074675005, 0.048040350543, 0.962477658281, 0.291124021813, -0.948069676673, 0.128104223571, 0.918650054098, 0.314413760661, 0.239219700721,  
192, 495430.14341819176, 49.08678697321232, 130.10876148154745, 58.779215733535295, 15.465482985915267, 0.472365322039, -0.0242928389771, -0.881068022635, 0.478871276766, 0.846289316602, 0.233402426925, 0.739968447181, -0.532169381476, 0.411390868392,  
194, 1097743.872423857, 63.99373679900499, 109.88647651583737, 57.11068940262924, 41.75906455697731, 0.928962149973, 0.315698427806, 0.193297249328, 0.183330429168, -0.846007737693, 0.500660425343, 0.321588677752, -0.429657317456, -0.843786295159,  
216, 1055240.9835820298, 63.15693034704902, 117.68025124254267, 81.20509965048643, 26.361866124773197, -0.508287649473, -0.0801753093053, 0.857447132581, -0.842204461009, -0.161620357749, -0.514364176258, -0.179820219245, 0.983590758262, -0.0146256285874,  
222, 1009300.7996612374, 62.226781080410255, 119.46592473973432, 62.95635559017307, 32.03674461380164, 0.889397270009, 0.265200932308, 0.372345218318, -0.20970470238, -0.487063488187, 0.847816664306, 0.406197530644, -0.832128369891, -0.377579054134,  
225, 2411382.9509256873, 83.18771442092837, 101.14721461119707, 95.70562763635911, 59.46838896114959, -0.767322832431, 0.629954443452, 0.119887739183, 0.386507012667, 0.305152858562, 0.870341348019, -0.511691313186, -0.71417024027, 0.477632565811,  
227, 960742.2662045879, 61.212403065189676, 114.14261786535066, 78.11779280084336, 25.722933505346216, -0.0864299401671, 0.349593281761, 0.932906427671, -0.962453741442, -0.271160269424, 0.0124460383596, 0.257318209669, -0.896803571376, 0.359903727876,  
237, 701886.2597675498, 55.13059891079546, 108.255743137396, 44.73827871382938, 34.597754681684215, -0.834857594992, 0.345769096769, -0.428318255278, 0.549865297954, 0.48749386351, -0.678231440694, 0.0257089515723, 0.801744014483, 0.597114381881,  
255, 3129516.458928716, 90.7394641397864, 110.01127054225402, 94.5942167183091, 71.79378742265595, 0.581530120531, 0.0141423972851, 0.813401937245, -0.175049208874, -0.974252930688, 0.142088006243, -0.794468686222, 0.225013821008, 0.564081808754,  
257, 2687002.3599114357, 86.24352113850873, 128.75311026569386, 90.07732689939114, 55.310326202372806, -0.796208909141, -0.40885387535, 0.445970718338, -0.0987038146992, 0.815018108603, 0.570966758764, -0.596916183369, 0.410589809007, -0.689280116333,  
261, 1226338.2937258182, 66.40088893727064, 110.08101923240324, 72.84070252000193, 36.51195712237907, -0.191271272262, 0.496811064993, 0.846518792531, 0.649955899688, -0.582157239012, 0.488518451573, 0.735508415226, 0.643639429158, -0.211555326961,  
268, 2196220.9239185126, 80.63603014101665, 115.87860389468285, 93.13757681706907, 48.58019198508119, -0.214596956717, -0.949500105856, 0.228905428391, 0.18289285737, 0.191154638787, 0.964370316213, 0.959426051809, -0.248816102874, -0.132635583687,  
280, 2325743.3875092682, 82.19102474252674, 109.38877439182976, 88.05102982013656, 57.64557683914854, -0.905433003627, 0.0476208067861, 0.421809595319, -0.420622661114, -0.23446356511, -0.876415092061, -0.0571633877527, 0.970957823696, -0.232321440474,  
313, 1970944.2478637553, 77.77892029230394, 118.32268854563216, 73.82257634951718, 53.86770875801085, -0.240008004137, 0.843216208142, -0.481022436355, 0.96811775948, 0.244511434435, -0.0544257495122, -0.0717228117797, 0.478748978858, 0.875017287551,  
326, 1101072.2108510092, 64.05834747219787, 91.21752439815464, 70.13060542559347, 41.09049026562346, 0.34455711257, 0.9248591029, -0.16098458299, 0.236859255362, 0.0802901253429, 0.968220630291, -0.908393135887, 0.371737993156, 0.191396904672,  
327, 431132.84938872774, 46.86415977955801, 164.58269679732092, 62.425918881363195, 10.017823762820788, -0.905724151066, 0.377067938185, 0.193606642886, -0.086508134596, -0.611589675448, 0.786431441089, 0.414945905902, 0.695541399831, 0.586550983544,  
331, 331982.485268001, 42.95451840153345, 151.08598349686855, 71.12343816146313, 7.375469033488134, 0.688699850495, -0.705977292667, -0.165192548762, 0.247644728106, 0.0149082480817, 0.968736203917, -0.681443031052, -0.708077542631, 0.185098862917,  
337, 1924404.9929871324, 77.16184828599039, 128.5476920728221, 94.52189366221512, 37.81039097719703, 0.676747975088, -0.641239981556, 0.361695264371, -0.303908372809, 0.204156416503, 0.93056964196, -0.670560869087, -0.739683340123, -0.056715757905,  
347, 1166905.4848788956, 65.31040205227444, 106.36615678313683, 81.00752168005982, 32.33093456246554, -0.908117541468, -0.175711090473, -0.380063341515, 0.166643621665, -0.984372900215, 0.0569200903081, -0.38412554489, -0.0116449992213, 0.923207430514,  
357, 2649717.740193384, 85.84275911037076, 99.72206040076446, 92.05842103502144, 68.90587299459673, -0.528281035759, 0.304115704291, 0.792737526336, -0.129736077777, -0.951602890178, 0.278604539676, -0.839099337016, -0.0443348374133, -0.542168539119,  
370, 419964.4983697913, 46.455947605179425, 107.03377501915013, 41.594176971972416, 22.52011434673482, -0.69873329701, 0.686556029139, -0.201028849926, 0.652768232399, 0.726855489892, 0.213482391742, -0.292686546361, -0.0179420084077, 0.956040098486,  
377, 1888884.130567704, 76.68414320227109, 139.75637385394907, 70.7410992056557, 45.611387214971856, 0.170567428673, -0.857248491044, -0.485831016793, -0.339767122969, -0.513985489333, 0.787640285222, -0.924913538892, 0.0307236286559, -0.378934036762,  
398, 2334724.1587272054, 82.29668138659996, 133.22563746294304, 75.98251829532914, 55.0611753428725, 0.916297725281, 0.395133765411, -0.0653282946081, 0.325456266356, -0.639575692993, 0.696434599673, -0.233402436436, 0.659402942338, 0.714640512636,  
402, 1518750.148662336, 71.30706721154984, 127.61148092145528, 78.07795447811638, 36.38978993213288, 0.805660417734, -0.309351053644, 0.505186319002, -0.382670070231, 0.379201584058, 0.84247835343, 0.452189018716, 0.872071146328, -0.187128317193,  
403, 1711420.0024469532, 74.20320515912478, 132.9817113309356, 71.14506919503161, 43.18483559792937, 0.168496053122, -0.970650777792, 0.17159879852, 0.542440308808, 0.236665546982, 0.806069432649, -0.823023445269, -0.0427374126837, 0.566397318227,  
405, 1769695.556500319, 75.03605338458351, 116.37309341080643, 89.38452385880622, 40.615802749909044, -0.416577678927, -0.30112363751, -0.857780620178, 0.0209464021682, -0.94647789435, 0.322088254588, 0.908858782021, -0.116207359664, -0.400589021198,  
417, 450018.6113912085, 47.538698617302025, 117.44931591081739, 44.359291683004656, 20.62085989647633, -0.0185742340649, -0.472949903452, 0.88089351607, 0.408908930985, -0.807585796236, -0.424969019904, 0.912386148508, 0.352311751922, 0.208393727037,  
424, 1565449.5182365845, 72.0305646647883, 113.41323434237158, 61.66347609131906, 53.43904876728911, -0.52278544173, 0.686480553215, 0.505410557837, -0.050410733893, -0.616739816232, 0.785551244021, 0.850972467136, 0.385196636969, 0.357028585752,  
432, 528784.7052161504, 50.16453126205772, 118.23424690963927, 44.52900023831816, 23.977507839993027, -0.655231470863, -0.208164952233, 0.726181156635, -0.0662000177742, 0.973408476055, 0.219302294543, -0.752521944688, 0.0956205595407, -0.651588391054,  
433, 3454335.398866625, 93.77605626401994, 125.23110687713081, 100.60443170282011, 65.45556296917105, -0.970622990308, -0.154647389462, -0.18432361655, -0.183742893557, -0.0181662564222, 0.982806459174, -0.155336923341, 0.987802698954, -0.0107827726895,  
437, 2664524.3021989744, 86.00235799038447, 113.70202766227807, 90.52721644870216, 61.799320504996025, 0.252586261042, -0.417677879525, -0.872780252806, -0.0976768947206, -0.908428201583, 0.406469466019, 0.962631500093, 0.0174181377821, 0.270253961129,  
445, 631043.2301322514, 53.20962124478688, 130.57561906044447, 66.85700097058248, 17.256849746559165, 0.653208633605, -0.375386194401, -0.657574091671, 0.414215977456, -0.549823155222, 0.72534103841, -0.633832473927, -0.746176723729, -0.20365827251,  
460, 2289861.2997936835, 81.76614499237094, 114.73114070437788, 85.90344886550011, 55.46623101485235, -0.912114577081, 0.0117375981152, 0.409767284037, 0.0207694916912, -0.996983018902, 0.0747896265211, 0.409408874466, 0.0767273667655, 0.909118960696,  
466, 1396102.4060490394, 69.333462408589, 119.7044479249116, 57.673587002261876, 48.27712677812043, -0.594359556582, 0.15577809447, 0.788967618336, 0.777014550639, -0.141685310127, 0.613329977246, -0.207328496821, -0.977577852745, 0.0368298279724,  
492, 1897895.6349190655, 76.80589823626572, 104.05282010627501, 88.62712680538853, 49.13185847913522, 0.895508164543, -0.260275127876, 0.361001364326, -0.0661861533713, 0.724250158102, 0.686353481518, 0.440096035358, 0.638528438128, -0.63134532022,  
525, 1727956.7003077057, 74.44143712066568, 109.49254752274386, 77.09802232613427, 48.8670866281191, 0.0977688550355, -0.985327190381, -0.139898459179, 0.592765207807, 0.170571558234, -0.787105299141, 0.799418951113, -0.00597255533777, 0.600744262714,  
526, 2248177.008731426, 81.26695066697567, 146.0347058402698, 91.19616961122082, 40.30038684822208, -0.133534343746, 0.723702693677, -0.677069413137, 0.976217806299, -0.021678706412, -0.215705420315, 0.170784582751, 0.689771298949, 0.7035966042,  
527, 3343253.426773706, 92.75989101492176, 103.92904326319841, 90.91062698634666, 84.47517629573927, 0.257857107926, -0.106943624421, -0.960246204412, -0.879289178449, 0.385944802565, -0.279100609163, -0.400450062498, -0.916302172086, -0.00548423895072,  
528, 1033816.169614886, 62.72657436527668, 119.17137648147087, 74.49693815165423, 27.799970311365342, -0.0920609394295, -0.953312156904, 0.28761209107, -0.984639806924, 0.0441199663177, -0.168931581393, -0.148355094457, 0.298746313902, 0.94273082366,  
529, 2799609.982722238, 87.4318446665292, 96.27646376438076, 92.73316653316292, 74.8606690336447, 0.625512497548, 0.765773983072, 0.149413259993, 0.716867661477, -0.488502684404, -0.497459428756, -0.307952709583, 0.418276623994, -0.854523138645,  
530, 2388537.256645888, 82.92417067770374, 102.01962082383426, 83.81041057734701, 66.69015660705347, 0.767234303839, 0.641130647617, 0.0174073461087, 0.564140226674, -0.661691536509, -0.493872569759, 0.305118546897, -0.388736161424, 0.869360034244,  
531, 3407449.9001510795, 93.34984974904422, 112.26539280413294, 93.17775438165819, 77.76474101511552, 0.539956152544, -0.477397920386, -0.69320889993, -0.628103694084, -0.776785830048, 0.0457113083768, 0.560297334286, -0.410724968619, 0.719285685486,  
532, 3186545.406015784, 91.28732910965829, 116.35378212309752, 94.69784024947077, 69.0416120136006, -0.930228629569, -0.262303171518, -0.256654910222, -0.176153227876, -0.294379770154, 0.939313893878, -0.321939026895, 0.918987267124, 0.227634939818,  
533, 2922143.8767780275, 88.6892526644927, 127.32195318961581, 92.32504849569143, 59.3458219527324, 0.054827852101, -0.989685009827, -0.132353647315, 0.660651732616, 0.135346891074, -0.738390484275, 0.748687648373, -0.0469553021519, 0.661257895812,  
534, 3508642.3508289396, 94.26493316944607, 105.09223824983864, 101.38492703010736, 78.6151879851281, -0.155904101258, 0.579397854428, 0.799995023419, -0.521093353169, -0.736274246932, 0.431696595524, 0.839139814628, -0.349568819531, 0.416708545531,  
535, 2389585.8633205327, 82.93630392185561, 115.34151394703132, 76.95243444773625, 64.27262237750251, -0.783951917309, 0.276081747459, -0.556055986451, 0.617796721604, 0.25861909423, -0.742592334242, 0.0612094937303, 0.925686249666, 0.373307333249,  
536, 2099266.197546089, 79.43153729389807, 113.65317022432701, 90.23314999800257, 48.86875000011448, 0.206883763534, -0.965654907857, 0.157193216512, -0.125891237828, 0.13305860564, 0.983080263103, 0.970232191088, 0.223172593292, 0.0940398265596,  
537, 2873660.611695091, 88.19601351265882, 95.30591648465209, 88.81553829080057, 81.04720674688281, -0.878852405312, -0.470450270978, -0.0793409869717, -0.0226005235672, -0.125061319144, 0.99189156806, -0.476558145468, 0.873519438244, 0.0992780187051,  
538, 3809185.1878888155, 96.88305521545692, 106.19982078554104, 100.02771171395058, 85.60504501121439, 0.514195196436, -0.560405879877, -0.649267702694, 0.095078410543, -0.715099655874, 0.692526229119, 0.852386881534, 0.417825001608, 0.314418307705,  
539, 3081322.7624072675, 90.27126483711591, 113.87120792535843, 87.7397676464876, 73.62718143554414, -0.873454829419, 0.308771559175, -0.376479461868, 0.106089801447, 0.875319621237, 0.471763197703, 0.475206918082, 0.372123212018, -0.79730966386,  
540, 2271038.154909048, 81.54148326416284, 104.66549609163967, 80.1200994766548, 64.65331615317481, -0.877388999044, -0.471243889613, 0.0900985064205, -0.478925124101, 0.871447689768, -0.105875632248, 0.0286228905161, 0.13604455337, 0.990289154559,  
541, 3429556.2764707366, 93.55128878023879, 106.89847914822842, 92.42731590201114, 82.8662062552801, 0.272721954317, -0.908998584, -0.315189323929, 0.467553983389, -0.161098158327, 0.869160891896, -0.840842439611, -0.384407280978, 0.381070904268,  
542, 2537363.7779561407, 84.61188598403018, 111.75604208238677, 82.70335516022487, 65.53902637176431, 0.788941009541, -0.0956737300732, 0.606974975463, -0.39438791005, 0.678647553156, 0.619593152805, -0.471200869982, -0.728206039504, 0.497680323259,  
543, 2016511.7546231674, 78.37376605643595, 116.16180554031517, 89.81478760469726, 46.142481592394155, 0.410970157331, 0.426676284578, -0.805636939298, -0.30939709164, 0.896543001548, 0.316992249211, -0.85754123485, -0.118987371405, -0.50046481992,  
544, 3264689.319999741, 92.0275265932647, 110.48028946515736, 92.71375550493008, 76.08941981225458, 0.675272664439, -0.593427810168, -0.438007149235, -0.680074655487, -0.730819038206, -0.0583266350797, 0.285491316201, -0.337263943395, 0.897077332709,  
545, 2780651.301567904, 87.23403755522213, 109.00213104426726, 96.12956992616176, 63.35281744020819, 0.799857508123, -0.364049205395, 0.477175169881, 0.167736881314, 0.898949544032, 0.4046653629, 0.576274505203, 0.243634753956, -0.780096020575,  
546, 215599.47772239102, 37.19800927589492, 125.14361405630696, 47.468552799552874, 8.664518052096696, 0.00268483376215, 0.499575944328, 0.866265933485, 0.436404558424, -0.780010747035, 0.448479983832, 0.899746549343, 0.376838307978, -0.220111418572,  
547, 3024852.4331561956, 89.71640464987483, 118.7297460634913, 88.85503346323306, 68.45008779738097, -0.952777953338, -0.0535830846066, -0.298903035576, -0.295687315737, 0.387879220973, 0.872994112953, -0.0691605591702, -0.92015138047, 0.385406608757,  
548, 2148644.7089125174, 80.04950787442988, 118.0242182088097, 83.2403910408852, 52.21205115900413, -0.215062335159, 0.974175489008, -0.0687772390606, 0.837375930709, 0.220184823015, 0.500320091923, 0.50254327442, 0.050007602726, -0.863104568986,  
549, 3139790.2083111773, 90.8386505212445, 102.68014365594722, 87.8624562168386, 83.08492151000318, -0.974817018175, 0.209827168202, -0.0755270849452, 0.218073596334, 0.967758497594, -0.126045217746, -0.046644267149, 0.139341486353, 0.989145218117,  
550, 3616606.574987496, 95.22205564213293, 120.69393259265902, 95.45057121658627, 74.94603960620945, 0.588771974563, 0.807843974587, 0.0271233237611, -0.289231235908, 0.179225608706, 0.940331576285, 0.754780003805, -0.561485791367, 0.339176726721,  
551, 3038031.523439002, 89.84651210486666, 131.16062816182404, 82.03068793855583, 67.40992205026129, -0.306204884829, -0.297478872056, -0.904292479891, -0.947353077356, 0.188619755219, 0.258736805975, -0.0935986930026, -0.935910737529, 0.339573815314,  
552, 3124961.387921918, 90.69541842175329, 109.74089897725423, 84.05417607033208, 80.87759665002443, -0.125094853207, 0.386753556705, -0.91365910715, -0.106031298596, 0.910407447669, 0.399894539781, 0.986462691347, 0.146901210358, -0.0728793041708,  
553, 3024281.131751849, 89.71075607293017, 104.98327034569371, 96.73799277291477, 71.09128778163678, 0.403344669489, 0.855603486523, -0.324431427953, -0.249150016437, 0.443844032126, 0.860771017435, -0.880475636747, 0.266355305926, -0.392195747173,  
554, 507374.31195985735, 49.47813129424428, 93.48558526759636, 51.851736438288576, 24.98802374404898, -0.988207382494, -0.137193776101, 0.068000271934, 0.0996224921375, -0.23881062938, 0.965942463274, -0.116282106294, 0.961325829828, 0.249662012852,  
555, 3438973.044730465, 93.63683393223252, 108.734518598683, 88.03993520438273, 85.76162712678723, 0.573952935978, -0.0785917987527, -0.815108186961, -0.68635562629, 0.496744432595, -0.531188218004, -0.446647491365, -0.864331127436, -0.231166002265,  
556, 3301738.6133112027, 92.37434241892247, 106.66680931959155, 90.44116687416928, 81.70687828869872, -0.0497541524466, -0.757106618281, 0.651393961339, 0.796114827, -0.423891931365, -0.43187592287, 0.603096763833, 0.497096770336, 0.623834188207,  
557, 3460231.647155369, 93.8293817758929, 99.3643743626039, 94.28058862074057, 88.1786766598764, -0.875497774571, 0.412816332185, -0.251169907836, 0.47781282098, 0.817120460434, -0.322504358494, -0.072101004351, 0.40236405036, 0.912636080894,  
558, 2929157.679110042, 88.76015401754313, 96.69367277507324, 93.04104214457998, 77.72872046365052, 0.809536102914, 0.284922481942, -0.513293753481, 0.53279927446, 0.0105864405501, 0.846175431227, -0.24652835783, 0.958492100416, 0.14323638583,  
559, 3911210.395902226, 97.74041749399825, 108.42289176782326, 101.64905276661057, 84.72239945666144, 0.582645982324, 0.368953872026, -0.724152400809, -0.254822881126, 0.929019696037, 0.268305243389, -0.771744101718, -0.0282036290512, -0.635307482068,  
560, 3582804.1482465416, 94.92446388885314, 114.16163172623617, 95.1578964386596, 78.73529491572182, -0.928757621852, -0.370659563833, -0.00455714726489, -0.363751517803, 0.913677524075, -0.181323510049, -0.0713730561774, 0.166747922745, 0.983412943332,  
561, 3288176.506675271, 92.2476909724421, 104.63398315055481, 93.00805499296236, 80.66278122382822, 0.0941270790662, 0.0498313255683, 0.994312290972, -0.23463669974, -0.969501415013, 0.0707998970523, 0.967515225783, -0.239966341973, -0.0795640785707,  
562, 3644500.3877031985, 95.46623543288307, 99.49701889101442, 98.16835291985512, 89.07745866804822, 0.944210081669, 0.209258489742, -0.254319102989, -0.00176442532601, 0.7754025094, 0.631464832924, -0.329339047909, 0.5957867344, -0.732512087706,  
563, 4170133.9394390373, 99.85131720133276, 109.9537845147912, 98.64350723363935, 91.7873238687031, 0.339761544292, -0.203173563518, 0.918304195846, -0.589782869278, -0.806582622026, 0.039757275464, 0.732610578771, -0.555108076804, -0.393874044511,  
564, 4024308.0883255997, 98.67357670851987, 106.20369900732052, 103.3785394940798, 87.50494108711315, -0.0119292359941, 0.963457537383, 0.267595341866, 0.99457564279, -0.0162218309418, 0.102743092074, 0.103329492869, 0.267369455736, -0.958037885494,  
565, 3556399.7867587022, 94.69069890889602, 109.10966916873427, 97.00704615830433, 80.21497392367239, -0.869309493398, 0.148218707717, 0.471521175951, 0.408316170833, -0.322233861871, 0.854074494936, -0.278529907414, -0.934984787548, -0.219600860038,  
566, 3398573.959479254, 93.26872474055631, 107.23754586023844, 97.36403156969679, 77.70745776942455, -0.618283577272, 0.533466358608, -0.577182001026, 0.388634480756, 0.84581969838, 0.3654480513, -0.683146147206, -0.00163770119442, 0.730279850121,  
567, 2852143.1092051296, 87.97532931674377, 116.17087753483644, 94.97536063497806, 61.712690710991744, -0.330958862762, -0.916755060348, -0.223665800884, 0.0835931082159, -0.264574012464, 0.960735543314, 0.939935329381, -0.299267023333, -0.164197519249,  
568, 2064526.0925879828, 78.9909351969588, 95.0371454275258, 84.67785199972685, 61.24470551316051, -0.767179345121, -0.537037920701, -0.350750800638, -0.111609200197, -0.426719186032, 0.897470959253, 0.631648033996, -0.727668199113, -0.267431772886,  
569, 3225374.7638042085, 91.6566242777486, 107.02023116653586, 90.03720230069821, 79.91047233935251, 0.48310644638, 0.875457273741, -0.0135175190394, 0.806666513153, -0.43903642705, 0.395646499138, -0.340436922239, 0.202043504171, 0.918303394526,  
570, 2003790.4326161458, 78.208609256962, 133.32112933850527, 93.10786736864348, 38.537037559069255, -0.443038910831, 0.0707081589438, -0.893709617129, -0.099938475839, 0.986776063034, 0.1276138804, 0.890914600025, 0.145853891558, -0.430113726566,  
571, 2826722.4930506037, 87.71317973850357, 109.06271540337741, 86.30259570425574, 71.69591322619334, 0.0999354067533, 0.794415062207, 0.599097340517, 0.507902746006, -0.558486558176, 0.655841112569, 0.855597869958, 0.238741436023, -0.459298172921,  
572, 2056235.51650056, 78.88505796457297, 102.08126054280817, 89.45093614544353, 53.75926627442104, -0.880768161557, -0.443584622724, 0.165771312568, 0.206807592894, -0.0453951905734, 0.977327936874, 0.42600242383, -0.895082096322, -0.131719306615,  
573, 3845547.4752525385, 97.19035967559073, 110.59888515435908, 103.0762481514287, 80.53046677116915, 0.0400118829922, -0.294627291814, 0.954774218409, 0.917456425689, -0.367691002369, -0.151911269294, 0.395819095271, 0.882041997694, 0.255595692694,  
574, 1774128.3069407714, 75.09865149078446, 96.36445391272112, 89.99886012785157, 48.83627632465962, 0.446433288468, -0.56846728033, 0.691044332979, 0.711804478144, 0.69359583322, 0.1107212944, -0.542246903027, 0.442458779249, 0.714281824509,  
575, 3242156.849364381, 91.81531686409011, 95.44942904926985, 90.45595677994163, 89.64682347680743, -0.551374073297, -0.352335373116, -0.756205273816, -0.821263590174, 0.0698740377809, 0.566254125194, 0.146672242606, -0.933261701612, 0.327886946299,  
576, 2528171.795811864, 84.5095892591186, 122.39885883645758, 73.49249789114326, 67.09614914493676, 0.0928856735031, -0.894866655284, 0.436561474386, -0.815402514397, -0.319985816454, -0.482418715209, -0.571393901939, 0.311163536631, 0.759398618841,  
577, 253790.35973827797, 39.276143431291096, 83.89440844778055, 58.865170993153136, 12.268602227798862, 0.745055660941, 0.26274900599, -0.613070160709, -0.19525068106, 0.96479472114, 0.176205327972, 0.637784629515, -0.0115804106779, 0.770127690998,  
578, 3045635.045284185, 89.92140498412198, 106.16327944226411, 89.25406455879374, 76.73383846823188, 0.651108112762, 0.738591783721, -0.174758125749, 0.257959963438, 0.00119631535687, 0.966154866516, 0.713803112041, -0.674151871502, -0.18974817889,  
579, 1103506.0444398231, 64.10551138612082, 95.58585711687816, 67.0200156024076, 41.12329863954288, 0.419158765427, -0.906297973035, -0.0541286748226, 0.558335321664, 0.210297118923, 0.802519028033, -0.715938264062, -0.36660483609, 0.594166051038,  
580, 2954757.1896196366, 89.01797888462958, 104.46165599852246, 86.61120128032469, 77.96545544993164, -0.111332009736, 0.934151605875, -0.339066307453, -0.0280408500614, 0.338098655358, 0.940692835081, 0.993387585153, 0.114236931362, -0.0114467976751,  
581, 3184062.521873049, 91.26361327460155, 103.55736636715378, 92.30212741833296, 79.52437591517536, 0.629339350896, -0.688711470743, 0.360011793529, -0.71818910741, -0.33846119478, 0.607987191991, 0.296877731417, 0.641186813413, 0.707632025063,  
582, 2843365.2677686936, 87.88498473080539, 106.49592812898648, 85.8418239409275, 74.25267519835106, 0.739498358308, -0.108081454156, 0.664424997519, -0.60238463513, 0.334300127357, 0.724828377072, 0.300457866297, 0.936248804601, -0.182107788036,  
583, 3097492.6445570732, 90.4288951717648, 100.30021754233624, 87.19165963961008, 84.55608277203605, 0.543668496288, 0.334959918405, -0.769562485576, 0.766211751551, -0.572311574948, 0.292196873641, 0.342555277188, 0.748506054914, 0.56779799914,  
584, 3267067.118859785, 92.04986356749043, 99.68145224921929, 91.69410286887418, 85.33234590152036, -0.884375970328, -0.347176121199, 0.312006224257, -0.43001925076, 0.345990059457, -0.833891073661, -0.181556016375, 0.871641910205, 0.455277710077,  
585, 2073666.2713105846, 79.10733453293246, 113.81091017663913, 70.22267956434045, 61.94253297400634, 0.296047350908, -0.0602708748118, 0.953269839904, -0.475099257054, -0.875086476202, 0.0922190604723, 0.828635421622, -0.480199001267, -0.28770168094,  
586, 2841675.5695469044, 87.86757243776043, 107.99456226530992, 87.98243177833416, 71.39832680815658, 0.0563100955197, -0.852503423176, 0.519679792388, 0.0784881000216, 0.522674585856, 0.848911594605, 0.995323460639, 0.00701361345584, -0.0963432298023,  
587, 1291148.4687277556, 67.55059702269126, 115.44426480408572, 75.59953725762412, 35.3179978417325, 0.62014979625, -0.749130116232, -0.232848232044, -0.647406568125, -0.656350083561, 0.387387794539, 0.443033820109, 0.0894909870518, 0.892027128218,  
588, 3340899.289550322, 92.73811374598661, 119.10371756949894, 102.67961976616, 65.2176590218727, -0.0465322022457, 0.234793812469, 0.970930800717, 0.687076974462, -0.698019955652, 0.201725984134, 0.725093087347, 0.676490951261, -0.128841016546,  
589, 3403303.573824516, 93.31197039120411, 102.12416597363958, 94.06789359492497, 84.5750257085406, 0.234702435765, 0.737244162956, 0.633550164417, -0.697483975202, -0.326244642118, 0.638028634017, 0.677075232882, -0.591637961659, 0.437645577313,  
590, 1896558.6474623939, 76.78785849383785, 110.74336297727815, 81.27314281286968, 50.305202991517305, 0.156088947964, 0.846305762166, 0.509316009221, -0.418704808816, -0.410324476284, 0.810135857271, 0.894607468892, -0.339706315937, 0.290305176521,  
591, 3961472.2740898216, 98.15731506664635, 112.0447581842155, 97.14483087945587, 86.88739390157889, -0.379568903852, -0.836740284437, 0.394706401808, -0.910707983571, 0.413050778228, -0.000152532088433, 0.162906156695, 0.35952016773, 0.91880728834,  
592, 2256155.2701272317, 81.36296972458942, 130.28630518686427, 78.90604786119037, 52.39276465866222, -0.814364557482, -0.465859595735, -0.346099992168, 0.0268786929612, -0.625996414183, 0.779362576273, -0.57973088876, 0.625382544121, 0.522310989858,  
593, 3450117.5100343116, 93.73787254866343, 113.27664762122251, 101.92387736694505, 71.33931806186548, -0.42772766459, -0.118977755499, -0.896043156684, 0.900184026636, -0.145954383437, -0.410324306061, 0.081961961505, 0.98211079398, -0.16953060259,  
594, 3598423.3536619726, 95.06220473060407, 107.04715097834294, 91.43681621216791, 87.76622895283394, 0.393383917147, -0.152220439695, 0.906685188734, 0.812849398112, 0.518371824094, -0.265643573187, 0.42956367365, -0.841498419324, -0.327651431487,  
595, 1935280.4919918706, 77.30693169770656, 101.69437345769433, 72.17023299810155, 62.95065846584031, 0.555173838529, 0.815520259875, 0.1634280109, -0.294893392118, 0.00927513442432, 0.955485143352, 0.777701675643, -0.578654195194, 0.245640847756,  
596, 2569540.276264416, 84.96804125708498, 116.24704640389882, 91.38705092886165, 57.74311786822107, -0.659725739001, 0.699162830175, 0.275559950285, -0.438523014238, -0.655929458802, 0.614372941347, -0.610294613513, -0.28447826275, -0.739332538672,  
597, 2970165.0235097203, 89.17244132863976, 117.86900745972024, 102.54235414128765, 58.666348817560795, 0.673609176726, 0.326683271395, 0.662969620135, 0.271052542736, -0.943703768472, 0.189614652517, -0.687590863892, -0.0519734313172, 0.724235849934,  
598, 3310795.1769786202, 92.45872527068268, 104.57824794015379, 92.17960224141056, 81.99125107398312, 0.741082015576, -0.0902734312425, 0.66531808468, 0.588122946219, 0.565308292899, -0.578392543269, 0.323896351199, -0.819925143895, -0.472031685471,  
599, 3169615.0327159152, 91.12536961613237, 99.18529206567338, 91.17042107429369, 83.67903660590639, -0.734165420469, 0.510989431397, 0.447091642047, 0.0339886706721, -0.629999826054, 0.77585113871, 0.678119388938, 0.584799128055, 0.445156235689,  
600, 1990337.5611192584, 78.0331927494143, 103.01755672100494, 85.56347016863559, 53.90617221592946, -0.823337055455, 0.447703911829, 0.348822734993, 0.41371927758, 0.0526979755534, 0.908878035124, -0.38852599974, -0.892627655131, 0.228611934992,  
601, 1028233.8576491603, 62.61346868044989, 110.67780767758742, 63.34912862739687, 35.01080506768534, 0.229631411256, 0.971924843241, 0.0512982851102, 0.928284497989, -0.202871371997, -0.311658622883, 0.292501804709, -0.119186012244, 0.948808404646,  
602, 2865927.7826827145, 88.1168325835784, 101.59772423296006, 90.00642767099241, 74.8202454044582, 0.0194627422776, -0.998810577816, 0.0447060544633, 0.996712416721, 0.0158656368737, -0.0794521234515, 0.0786483313071, 0.0461054357884, 0.995835693663,  
603, 2914190.383979867, 88.60871473207676, 103.41069735932197, 90.93764292551622, 73.98099217282584, -0.282447933726, 0.954713597764, 0.0935152980926, 0.236789708896, -0.025080576523, 0.971237148405, -0.929598729826, -0.296467385938, 0.218982397878,  
604, 3302767.5234025135, 92.38393686123385, 99.20175175694743, 94.99849622768494, 83.66683185780487, -0.55028170131, -0.466567004354, -0.692463197326, 0.0821040825213, -0.855534169555, 0.511194879041, 0.830932589827, -0.224447132244, -0.509091854179,  
605, 2290049.6874665287, 81.76838724045963, 92.11291519973635, 84.49536102604311, 70.24297598314062, -0.114582000717, 0.682512661708, 0.72183615296, -0.584466034232, -0.633871289495, 0.506563562826, 0.80328725867, -0.363845647166, 0.471535709249,  
606, 2957752.011787958, 89.04804373495169, 104.75404952890624, 94.1787857645391, 71.57300336744865, -0.310070981299, -0.705123028593, 0.637697029242, -0.942513481386, 0.315895845941, -0.108986934647, 0.124596645071, 0.634831732875, 0.762538095423,  
607, 2279977.7757078256, 81.6483353595208, 131.3612859900489, 78.4698263300398, 52.80461998919037, -0.543650415496, -0.835742406416, 0.077323061562, -0.795008848993, 0.483228289747, -0.366676083227, -0.269082061375, 0.260816123172, 0.92712986908,  
608, 3016270.0365367057, 89.63147365938897, 112.95594523037646, 82.02844571102996, 77.71556949960377, -0.545555170199, -0.235466090162, -0.80431665198, -0.810225868344, 0.393535359154, 0.434354651595, -0.214251250956, -0.888642583652, 0.40547596721,  
609, 2323768.4153451994, 82.1677531932788, 119.77248829639987, 85.68311235690388, 54.05699869746165, -0.112332034186, 0.619269993713, 0.777101144628, -0.661267272123, -0.630323781682, 0.406715533346, 0.74169205801, -0.468184370876, 0.480308532042,  
610, 3050097.9293105314, 89.96530529147303, 117.87849818938027, 85.14720396300613, 72.54712205808798, 0.0283688979548, 0.353587705509, 0.934971090538, -0.668950269551, -0.688308144378, 0.280601915977, 0.742765604007, -0.633409530158, 0.217006047401,  
611, 2092458.1387091656, 79.34557706252549, 114.57824987672052, 105.44789199322479, 41.3454842153954, 0.762985993833, -0.387510069832, -0.517386044452, 0.426276373689, 0.903321774997, -0.0479397961132, -0.485943233772, 0.183972053845, -0.854408249583,  
612, 3235421.1400698964, 91.7516894615423, 102.94160060028709, 97.29075007753453, 77.12225884753386, -0.314182648053, 0.49217808128, 0.811818945314, -0.778459460184, 0.355902575147, -0.517043736887, -0.543406047549, -0.79441430835, 0.271322269958,  
613, 3594731.5378411487, 95.02968379892933, 112.57116307589749, 100.28832437680244, 76.01517930116155, 0.300083117768, 0.39607209674, 0.86780010176, 0.48643627261, 0.719020497147, -0.496376145048, -0.820566801132, 0.571083548062, 0.0231020780997,  
614, 2817557.1959517226, 87.61827739256468, 113.66302923540644, 86.12784217006524, 68.71021994384486, -0.963172088436, 0.139390013818, 0.229934669211, 0.262389005141, 0.300400772445, 0.917012205969, -0.0587497918185, -0.943572890646, 0.325912046416,  
615, 1747553.8356316474, 74.72179877566413, 107.70343977310937, 69.95941984844619, 55.368936412789985, 0.8714058632, 0.112224789623, -0.477553576235, 0.27603134226, 0.692579815117, 0.666438217529, 0.405534856296, -0.712557924864, 0.572540552312,  
616, 3183900.727849727, 91.26206743421854, 107.51648038457819, 96.4686721930412, 73.28406799433426, -0.391924570713, -0.665023147378, 0.635719548483, 0.386120533422, 0.508295274519, 0.769770646083, -0.835048540231, 0.547156401181, 0.0575656851416,  
617, 3395739.109478398, 93.2427848025084, 110.6194373391147, 94.81520915168458, 77.29230424635672, -0.237095682627, 0.911200465638, 0.336896643943, 0.910966016282, 0.0880431840543, 0.402975576085, 0.337530079339, 0.402445162926, -0.850947317041,  
618, 3235120.7153053917, 91.74884950844029, 96.93336975995396, 91.65278291652965, 86.93264914587799, -0.172036603319, 0.233058453798, 0.957124424634, -0.468742845052, -0.873931142571, 0.1285476692, 0.866419963027, -0.426530321498, 0.259592627999,  
619, 3101985.9549607947, 90.4726002826084, 109.99675310533324, 87.37288065964076, 77.0539128675298, 0.512740583309, -0.736945600532, -0.440463705751, 0.400562964837, -0.248431966974, 0.88194720306, -0.759372375998, -0.628643571224, 0.167811963014,  
