# Void_ID, Void_Volume, r = (a*b*c)**(1/3.0), a, b, c, vector_a, vector_b, vector_c 

45, 1887977.8129506328, 76.67187646983884, 137.66707406616166, 66.13422291931498, 49.505327725556405, 0.708385891224, -0.680736105827, -0.186514834097, -0.542272683114, -0.694044376635, 0.473542754575, 0.451807222455, 0.234309106706, 0.860795838891,  
49, 144552.0942353533, 32.5570659726126, 97.53805927327521, 49.779617878047254, 7.107389396842645, -0.779865125491, 0.400982786132, 0.480648719199, -0.104103448062, -0.840266780773, 0.532084776357, 0.617229988047, 0.36491717191, 0.697038449084,  
51, 1013656.8281652989, 62.31617385851486, 95.95319018243309, 88.40171852648504, 28.528715279622602, 0.649576305998, -0.435899582036, -0.622930314775, 0.536037469325, 0.843611652482, -0.0313561999697, -0.53917942669, 0.313545744951, -0.781648649751,  
61, 526312.3213612416, 50.0862260601487, 104.05184674731079, 63.13713599939394, 19.12582852126506, 0.899923602581, -0.396357898556, 0.181763378518, -0.278947410953, -0.202906709535, 0.938625169675, -0.335150490735, -0.895393368011, -0.293163546646,  
80, 614540.1881680916, 52.741671964640034, 131.83146380726836, 73.4278437866482, 15.15590345491494, -0.947282800895, -0.109669963075, 0.30104450556, 0.0206369946224, 0.916757579357, 0.398910585401, -0.319733341367, 0.384093790487, -0.866165429076,  
90, 1956862.4812562256, 77.59324221010478, 128.57548245315724, 83.92128078878173, 43.295367600872794, -0.944823143924, 0.138365339602, -0.296924669744, 0.30365801864, 0.0299087436762, -0.952311542914, 0.122886266204, 0.989929542871, 0.0702742181029,  
128, 2367044.0597407706, 82.67469045403342, 110.49234530914951, 76.70073900026493, 66.67852623490596, -0.826540138856, 0.539913535471, 0.159137591647, 0.503127128734, 0.835423489778, -0.221202814312, 0.2523776757, 0.102766565298, 0.96215619411,  
136, 820593.6413245931, 58.07820419991413, 120.18351173407093, 47.06388340859778, 34.634337820086856, 0.926340442739, -0.283417379034, 0.248128945123, 0.184673663239, 0.915815851314, 0.356618794497, -0.328312385164, -0.284527530732, 0.900696986785,  
147, 2196812.990041186, 80.64327555239396, 93.2703555363918, 85.40506920226653, 65.83808608954334, 0.973221097736, -0.229771028317, -0.00678007873333, -0.0480734190376, -0.232286171036, 0.971458738767, 0.224787991902, 0.945118198582, 0.237111681292,  
161, 1760552.7591862052, 74.90661035535172, 101.38204538026613, 64.95111397132331, 63.82822717506043, -0.520484803473, 0.309103977253, 0.795958730463, 0.395685826326, -0.738733686792, 0.545623741093, 0.756655995944, 0.598938453638, 0.262191595129,  
165, 2461201.0989067797, 83.75668826075733, 114.4876834943994, 88.72722148184322, 57.841938751880384, 0.349769612949, 0.281225142953, -0.893629474015, -0.873906115134, 0.441648626406, -0.203063026483, -0.337563801064, -0.851973538183, -0.400239641274,  
169, 2597650.3335594167, 85.27676047266387, 116.67400623822736, 103.44118606290354, 51.383594234191584, -0.0773640244321, 0.516561710907, 0.852747797739, 0.632961393041, -0.635386286397, 0.442316789166, 0.770308173813, 0.573975840853, -0.277807579943,  
190, 1924318.5193952236, 77.16069250673233, 112.37174527988735, 83.6286941231414, 48.88503256641859, 0.530086243629, 0.819220413068, 0.218829817731, 0.794502106288, -0.57002218751, 0.209382685171, -0.296268421231, -0.0628698700429, 0.953033263859,  
191, 578220.2781290705, 51.681475353414775, 141.2816978451939, 39.0134411645453, 25.044048999291192, -0.0311929486097, 0.766444237108, -0.641552984064, -0.0676503934308, 0.638774499237, 0.766414093943, 0.99722135167, 0.0673080272247, 0.0319249940553,  
226, 870853.2803029086, 59.24051075834044, 92.348143517779, 86.2847880267186, 26.091195384762425, 0.0841129623901, 0.120655352404, 0.989124509601, 0.545323038533, -0.836376639625, 0.0556498008407, 0.833995079843, 0.534711513458, -0.136146260221,  
261, 517704.680560556, 49.81167670520545, 120.7691196871625, 66.64299367852804, 15.356176094210564, -0.640776633259, -0.592614477498, -0.488071088397, -0.749159763701, 0.343686992696, 0.566249856073, 0.167824177996, -0.728482897611, 0.664189516003,  
308, 1822396.596132249, 75.77363042336705, 133.16221453641194, 92.39476256321784, 35.361112788660165, -0.218374438882, -0.839675967924, 0.497249307022, -0.887931967418, -0.0404154821994, -0.458195820623, 0.404832589697, -0.541581810708, -0.736749425944,  
317, 865267.2780924777, 59.113574832439724, 95.9099819697501, 74.0688114231345, 29.07786299685793, 0.603064533767, -0.0492169413003, 0.796172632537, -0.421836420865, -0.866793092102, 0.265939409481, -0.677028213698, 0.496233239689, 0.543493670325,  
328, 982318.3417988336, 61.667245190184275, 103.92633115333558, 95.78897443374343, 23.557137914743134, -0.223542251815, 0.0574240142744, 0.973001204644, 0.137041626927, 0.990198494002, -0.0269543125468, 0.965012152329, -0.127316240364, 0.229220681434,  
337, 799168.4935734859, 57.568279233843796, 98.17884763671337, 49.543482121799286, 39.223404522884195, -0.552069462407, -0.756544774923, 0.350512927313, -0.802822639116, 0.36879172133, -0.468474627275, -0.225155765637, 0.540030248981, 0.810969920149,  
358, 895252.7446965019, 59.78868715994277, 97.51779091532242, 64.4862211271474, 33.98648644364999, 0.814472123202, -0.173113981123, -0.55377496338, -0.286524060095, -0.949956385408, -0.12444608796, -0.50451870482, 0.260027720371, -0.823314314904,  
394, 1773489.8910282997, 75.08964238549683, 132.28746912504647, 80.1706296919391, 39.92143147356643, 0.793363679092, -0.432396660646, 0.428494107963, -0.298786149279, 0.336682891287, 0.89295658781, -0.53037808184, -0.836467428282, 0.137917844123,  
423, 1961888.2147750352, 77.65961198915029, 104.1306006281125, 70.61299552835685, 63.69753706672676, 0.553646063323, -0.273355935033, -0.786608269311, 0.500793998183, -0.645405114439, 0.576764778432, -0.665343075376, -0.713252249235, -0.220430989226,  
441, 1089923.238213919, 63.841404715546204, 105.9820846926729, 59.479322953497324, 41.277066843645116, -0.967564386726, 0.17862610407, -0.178638944476, 0.124848133632, 0.952850664968, 0.276565641031, 0.21961808001, 0.245292326042, -0.944245505003,  
480, 1229137.4038020968, 66.45137043072198, 77.24595716030184, 74.40465973179671, 51.05472387990572, -0.1314089672, -0.194465587475, 0.972067291203, -0.972467959228, -0.165075870619, -0.164487158206, 0.192451946249, -0.966919382486, -0.167419103324,  
493, 1032602.0630059051, 62.70200952713777, 80.17532716712607, 65.80483918616719, 46.72462302117243, -0.954590452538, 0.115788763044, 0.274499599773, 0.204220377198, -0.416527832152, 0.885888594903, 0.216912667819, 0.901719206514, 0.373967066925,  
532, 2434232.127225103, 83.44963860607203, 114.73924659849791, 79.82744484552097, 63.44671752797959, 0.827076076869, -0.141639775573, 0.543951594397, -0.443266547543, -0.759413897001, 0.47624080135, -0.345629759859, 0.635002918904, 0.690877240965,  
565, 1563835.3685704542, 72.00579902076285, 107.78602166570383, 73.87986028447433, 46.88284020684351, 0.239478582299, 0.226633429175, 0.944080132934, -0.900934620723, 0.414314473442, 0.129074886327, 0.361893379054, 0.881465147284, -0.303401345283,  
583, 2761760.5957721802, 87.03604335941404, 121.61890261351206, 109.28585749877473, 49.60579051888675, 0.309915686275, 0.40146436734, 0.861846058851, 0.274209909604, 0.830216101978, -0.485335089903, -0.9103632203, 0.38673968735, 0.147211485124,  
599, 548166.7250105032, 50.77010013882183, 124.5524138098051, 59.81396825642278, 17.565855085491172, -0.545339603484, -0.823151938949, 0.158194823797, -0.0525645921552, 0.221940473312, 0.973642331638, -0.8365654072, 0.522650276677, -0.164301575666,  
628, 1394654.8137616408, 69.30949060097896, 91.85567193351511, 75.83983439075493, 47.79415266439434, -0.25880425706, -0.639088716263, 0.724283072613, 0.946936846518, -0.315829762649, 0.0596839151858, -0.190606834176, -0.701296780094, -0.686914740703,  
654, 1912697.9284928343, 77.00505925839472, 149.41776633682016, 82.45840004787051, 37.061298765339686, 0.305096651344, 0.0506783608143, 0.950971995952, -0.497830965713, -0.842787508731, 0.204630263415, 0.811837645663, -0.535855315242, -0.231902389403,  
682, 647359.637753311, 53.664324814192895, 99.37976044629488, 71.99241508796325, 21.600923576112027, 0.883430170204, -0.253677602538, 0.393952799639, -0.227808399334, 0.502175166574, 0.834220255849, -0.409456307274, -0.826721099312, 0.385846804298,  
693, 1831500.806914967, 75.89960254489664, 128.39186053616754, 78.9664580902795, 43.12591810519982, 0.505398157875, 0.118768049771, -0.854673535551, 0.764586734498, 0.39748089797, 0.507361864135, -0.399974783513, 0.909891799118, -0.110077638287,  
726, 1224921.7339393415, 66.37531223472179, 86.14518815808647, 78.98836683343312, 42.9759586176196, -0.225863600344, 0.471025338195, 0.852713764882, 0.667326186615, -0.562883317147, 0.487686509896, 0.70969105581, 0.679188855957, -0.187192690152,  
741, 267177.05536784086, 39.95491243934921, 100.10665689099422, 62.934663656692216, 10.124129136432929, 0.635634019768, -0.359476107146, 0.683188349802, 0.532708352776, 0.844752244094, -0.0511415386976, -0.558740730389, 0.396447442278, 0.728449189522,  
783, 3492362.8863951247, 94.11891637195914, 136.38562930488402, 82.55006834249288, 74.05334934021549, -0.573806835012, -0.0395627726965, 0.818034536624, -0.811561593272, 0.161696962705, -0.561446233025, 0.110061330261, 0.986047097896, 0.124890449245,  
801, 2822027.795968498, 87.6645940249012, 134.278638077349, 96.30142922494184, 52.09943546312025, -0.365101402445, -0.160121045365, 0.917094442663, 0.201294722728, 0.948217277129, 0.245691737664, -0.908945213164, 0.274308669542, -0.313963936273,  
807, 1186398.8997966647, 65.67207046653859, 131.33623833241677, 53.26811677142043, 40.48463327094296, 0.0484272936252, -0.206268584266, 0.977296305312, -0.64084138092, -0.756926544527, -0.128002072996, 0.766144321739, -0.620093119891, -0.168841348406,  
827, 1856655.3836229322, 76.24550243514861, 136.96563767575293, 88.05743210103417, 36.75065226743768, 0.275219859856, 0.359746174688, 0.891536156607, 0.22403158597, -0.925817652382, 0.304419978032, 0.93491383412, 0.115949835423, -0.335397910603,  
910, 1988500.237642092, 78.00917398342908, 114.19218959625333, 99.1806726181888, 41.9153974131091, -0.532939764717, 0.706978032301, -0.464927165292, -0.220536687912, 0.414413317976, 0.882963856094, -0.816908058761, -0.573100046874, 0.0649427425077,  
940, 3514193.511274462, 94.31462038853617, 112.32255642345035, 91.51600996198661, 81.6155679224139, 0.252821275795, 0.958379719753, 0.132626223921, 0.854757558085, -0.285471674192, 0.433469076326, -0.453289002075, -0.00377306240276, 0.891355621847,  
1011, 2584150.5304006143, 85.12877808106391, 136.1290418413634, 75.6429636437278, 59.911456173240495, -0.699648335033, -0.509689370511, 0.50070845097, -0.703406390498, 0.614306987363, -0.357556114595, 0.125346149093, 0.602365064446, 0.788317621294,  
1022, 528681.3840398848, 50.161263772194495, 85.6406021462163, 48.657873404099064, 30.288137809171353, -0.955178459755, 0.274832934688, -0.110004400057, 0.152726820137, 0.775830108584, 0.612178210185, 0.253591459698, 0.567938817678, -0.783030568332,  
1033, 1359607.217831389, 68.72397703885807, 94.2665590027049, 72.6124603252204, 47.41939902556131, 0.422333145003, 0.562031605765, -0.71116467063, 0.837404641286, 0.0583989552539, 0.5434547164, -0.346970000697, 0.825051535449, 0.44598406078,  
1054, 452108.4494488133, 47.61217320048695, 123.256667659431, 87.45984523803794, 10.012323833275408, -0.948355214903, -0.304337298515, 0.089449399653, -0.293650639356, 0.948936323237, 0.115278603596, 0.119965363217, -0.0830581914887, 0.989297553042,  
1059, 2522135.807368872, 84.44228035807882, 128.14220837995072, 83.26711849062698, 56.430528606696086, -0.494674210788, -0.673874029293, 0.548808908297, -0.859626778332, 0.472272823571, -0.194936353949, 0.127824986431, 0.568200820803, 0.812901347079,  
1060, 103303.30331430913, 29.10774310085357, 131.2841405966572, 47.05526910052236, 3.9921336547798023, 0.180525888763, -0.355976421622, 0.916892136915, -0.628278462847, 0.675501040705, 0.385959216925, -0.756753973633, -0.645739213038, -0.101706893252,  
1063, 820063.2015356772, 58.065687395335154, 96.05953777181, 77.95303422592082, 26.144792435312333, 0.940273099868, -0.222664553524, 0.257501445176, -0.190803595477, 0.281722635277, 0.940333103068, 0.281922836281, 0.933302123311, -0.222411018177,  
1071, 1632004.4909374674, 73.03722207724714, 106.66010527624799, 76.97833757071956, 47.45283943241697, 0.722516116382, 0.528995061619, 0.44512322603, 0.446418072817, -0.848600795237, 0.283879542387, 0.527902799605, -0.00639649175494, -0.849280706871,  
1080, 884412.0600535242, 59.54637785420479, 121.67567332295464, 63.85752705558212, 27.17378860439364, 0.469581441399, 0.363515015302, 0.804580700454, 0.751908499213, -0.642290523481, -0.148648889193, -0.462738456048, -0.674773826624, 0.57493773941,  
1094, 2334152.778508509, 82.28996731260102, 113.46402520413591, 81.70235984271328, 60.110159791669766, 0.328487947017, 0.603517906981, 0.726540986193, 0.472183814732, -0.771135299462, 0.427074694906, 0.818008626953, 0.202772004667, -0.53828003897,  
1115, 2811255.756254856, 87.5529094905433, 150.9775281681433, 82.21485101647957, 54.06910284727311, -0.679055889545, 0.710793201852, 0.183456052164, 0.178277183478, -0.0827491211943, 0.980494685755, 0.712109784181, 0.6985167193, -0.0705269319596,  
1213, 279234.41582785454, 40.54712927174641, 89.30223027167571, 39.76407107590027, 18.77271938480168, 0.156317496761, 0.230659970136, 0.960396177826, -0.867179929081, 0.497523938587, 0.021654125057, 0.472825349157, 0.836221208001, -0.277795393203,  
1223, 1326317.3912011976, 68.15843631625006, 130.75217704114627, 71.34362224274109, 33.94335536027161, -0.897387381065, -0.433934995151, -0.0799769234773, -0.43918772371, 0.89588792787, 0.0670743172787, -0.0425444667085, -0.0953165288908, 0.994537444078,  
1244, 198352.17500629884, 36.17840803273478, 103.60899390052595, 41.05844917465352, 11.131363362467557, -0.437019624023, 0.799144058809, 0.412774298483, 0.877979698275, 0.478689728665, 0.00279161025413, 0.195359918192, -0.363627442501, 0.910829064877,  
1275, 459841.91958558274, 47.88211404375431, 106.13551586616607, 51.693150324406595, 20.009038271031223, 0.817855658678, 0.514455447615, -0.257774541001, -0.376029098492, 0.816917072898, 0.437319806429, 0.435561980269, -0.260733750073, 0.861570468921,  
1282, 1343056.3228306833, 68.44397208369746, 126.69511135271941, 64.47083455011943, 39.253868827447505, -0.824047082049, 0.41456683346, -0.386109760511, 0.0606083261959, 0.742146334187, 0.66749190965, 0.563269950701, 0.526643294126, -0.636689723013,  
1292, 1702586.7447758615, 74.07532169454569, 96.63807608943509, 75.19885121560641, 55.93210410151583, -0.915561003739, -0.388198931312, -0.105117259097, -0.39893246153, 0.909744607931, 0.114967993272, -0.0509994075408, -0.147194898239, 0.987791841616,  
1331, 2590415.31705662, 85.19751546476294, 134.43136960073076, 106.82854065391352, 43.061868570019726, -0.957157827916, -0.28272261236, 0.0625844782699, -0.283706903984, 0.958883579912, -0.00725760335343, 0.0579593399908, 0.024702320429, 0.998013281612,  
1354, 2289630.1824691435, 81.76339399481958, 122.76047924800419, 89.42037948679652, 49.79453123606085, -0.987948089703, 0.0709015137528, -0.137591959791, 0.142530556111, 0.763368252553, -0.63004281725, -0.0603623444389, 0.642060656279, 0.764273839035,  
1361, 3357723.360492689, 92.89352309044487, 124.29327342823376, 101.69153190124997, 63.41965677485889, 0.124041191058, 0.685743565957, 0.717195611162, 0.743439398104, -0.542931804225, 0.3905418253, 0.657199851087, 0.484748200317, -0.577154691588,  
1368, 1753747.7089231971, 74.80997376803991, 102.67183217768562, 75.08200386539703, 54.31144282435411, 0.471926865537, -0.817997533438, 0.328884582908, 0.261784954523, 0.486228192158, 0.833697056932, -0.84187509238, -0.307347003305, 0.443603593751,  
1373, 1496795.986057689, 70.96180713651377, 127.84942665610151, 98.3026449982523, 28.432170340040834, -0.884046052123, -0.289915425536, -0.366621908458, -0.449188656512, 0.743803560293, 0.494960417162, -0.129198020828, -0.602250205257, 0.787783321531,  
1391, 3450346.360897902, 93.73994508858185, 121.99098264131213, 101.14063970191715, 66.76066570495065, 0.669091473956, 0.726429034714, -0.15689951244, 0.679698693661, -0.683522698895, -0.266094731121, 0.300543316869, -0.0713973222158, 0.951092076019,  
1394, 1894727.7619738902, 76.76314091026862, 117.67944783438448, 88.15915370181669, 43.60037000507931, -0.592078424546, -0.680097975113, 0.432330756984, -0.794869194232, 0.40445937837, -0.452322424063, -0.132763335483, 0.611456748671, 0.780060601015,  
1413, 2543128.8020095685, 84.67591839960184, 96.65562776266147, 85.56423081457126, 73.41086658026346, -0.987807802028, -0.00811073742153, -0.155466916712, -0.0894632433023, -0.787700979735, 0.609527271435, -0.12740515826, 0.616004368867, 0.777371560571,  
1414, 1708720.6101324982, 74.16417149788555, 99.66637051355663, 88.17970199819165, 46.41572929467427, -0.915999585422, -0.396653769956, -0.0600878214503, 0.0832220931715, -0.334394732059, 0.938751429495, 0.392452344515, -0.854895285956, -0.339315792933,  
1419, 1025478.6145186569, 62.557492552718486, 98.13226158403175, 75.24764103231968, 33.1537990795139, 0.855564346655, -0.0879415921338, 0.510172446438, -0.394076093671, -0.749710455152, 0.531637344279, -0.335728582532, 0.655896721907, 0.676081214842,  
1428, 2386772.9189426894, 82.90374781859987, 110.4401287563217, 105.37767736621551, 48.96062644673687, -0.0550093330698, -0.997189746758, -0.0508584529379, -0.998188083955, 0.0561653816058, -0.0215870090448, 0.0243828284998, 0.0495788147205, -0.99847254284,  
1464, 1689100.0147283764, 73.8792115837834, 130.4853453143257, 92.71427169596767, 33.33177381322274, -0.0908673984814, -0.98677776378, 0.134211626928, -0.886317852395, 0.0186846938965, -0.462700277436, 0.454074641902, -0.160998531433, -0.876296577911,  
1466, 2615773.1811543293, 85.47461588963813, 131.0795016975042, 99.71182558863752, 47.778226400379594, -0.551390942488, -0.591441475552, 0.588357892392, 0.607601315702, 0.198556742788, 0.769022666149, -0.571654327107, 0.781519162203, 0.249878229162,  
1481, 2236419.861073903, 81.12503746745065, 111.76449391792201, 87.69892936367532, 54.47115495521086, -0.9236717824, -0.382792352852, 0.0173335800315, -0.383042710677, 0.923615497425, -0.0145840568218, 0.010426897718, 0.0201103832402, 0.999743393221,  
1483, 3136834.676987762, 90.81013898134756, 122.277951609975, 104.46223301847148, 58.6267150946448, -0.552431240143, -0.37818908499, 0.742827531065, -0.82509673319, 0.374751502947, -0.422819928478, 0.11846985183, 0.846483506652, 0.519067016071,  
1490, 1145496.3566211327, 64.90851913487982, 112.87069916835064, 68.5523806049281, 35.34283202281476, 0.850526243417, -0.258965139749, 0.457757758704, -0.125172601346, 0.745689973446, 0.654429739066, -0.510819859766, -0.613908396991, 0.601813551669,  
1497, 3006803.0949676544, 89.53760217681457, 124.86050539145175, 114.86275585091124, 50.05091932566906, 0.281906398116, -0.537606601545, 0.794674728852, -0.550847987355, 0.587462765603, 0.592835553806, -0.785554121323, -0.604869110639, -0.130530002171,  
1500, 2190679.9721544823, 80.56815952024093, 105.89005862169437, 75.61535366684771, 65.31683795606776, -0.927103735523, 0.117685000313, -0.355849552875, 0.0712923991299, 0.987463606411, 0.140829754812, 0.367962032561, 0.105194423406, -0.92387124421,  
1507, 1272880.191777482, 67.23049460176775, 118.88043899963996, 58.58801175003035, 43.62945205604299, 0.290931974585, 0.147928877547, -0.945238400274, 0.649096568566, 0.695299557268, 0.308597100341, 0.70287426389, -0.703331765848, 0.106264746317,  
1512, 3898593.373619292, 97.63520526908303, 131.77557576348224, 99.76258008603973, 70.7973066505178, -0.887536755114, -0.405575273345, 0.218602849871, -0.458732770181, 0.822084347004, -0.337255944312, 0.0429273092881, 0.399607337348, 0.915680742429,  
1525, 2368225.8983624326, 82.68844768073032, 129.80735358337517, 101.07616751029481, 43.09098826042655, 0.0894838636053, -0.708364946303, -0.700151227238, 0.108974732353, -0.6917875646, 0.713830843529, 0.990008659489, 0.140175134435, -0.0152900563575,  
1550, 846508.8252349512, 58.68326833099642, 121.90447721623588, 66.55002882421797, 24.91007164399522, -0.67070505623, 0.741664023889, -0.00944474539171, 0.0820810105211, 0.0868711379336, 0.992832369087, 0.737168525684, 0.66512245569, -0.119141444001,  
1562, 2060153.4722187466, 78.93512876454734, 120.94431426168777, 75.68194014693519, 53.732030412682775, 0.0356089386315, 0.484231604847, 0.874214937162, -0.406983978938, -0.791918309169, 0.455224595656, 0.912740951408, -0.372001538264, 0.168875134796,  
1577, 1189057.8557098557, 65.72109525076539, 114.88126702864061, 86.7560653182624, 28.48166102463035, -0.970243024763, -0.160316552158, -0.181458193541, -0.0984802293867, -0.423354414908, 0.900595738274, -0.221201531005, 0.891666777716, 0.394968657236,  
1579, 1364381.7941581504, 68.80432978537223, 124.23100156948722, 89.2366352072534, 29.381511482117507, -0.701933879478, 0.667750342344, 0.247786821968, -0.000362717298915, -0.348231990467, 0.937408315117, 0.712242021561, 0.657908778718, 0.244678036628,  
1582, 3268927.395312598, 92.06733139582815, 108.34317801658376, 102.47711065164752, 70.28913891432369, -0.753461906709, 0.644904096578, -0.128038515123, 0.285451724267, 0.496282484969, 0.81989085141, -0.592294241279, -0.581207709282, 0.558018933746,  
1583, 1088678.1139640138, 63.81708472447597, 109.68369718643757, 57.32719151100414, 41.33406669188562, -0.247082517198, -0.499758233965, 0.830175847203, 0.169976210569, 0.821101816049, 0.544885213161, -0.953969767622, 0.275741754665, -0.117932892775,  
1591, 1563129.6643071517, 71.99496615733456, 112.29831108948575, 94.35824946772135, 35.21707609055153, 0.46317412186, 0.303525273888, 0.832671688573, -0.196378329777, -0.881023987552, 0.430386204417, -0.864236821961, 0.362862427746, 0.34846172544,  
1598, 910721.3385773696, 60.13107494937117, 91.05989439274428, 85.10198693081009, 28.056278301705586, 0.129085940783, 0.185451814648, 0.974137795353, 0.988291533874, -0.104641767846, -0.111040283211, 0.081342879011, 0.977065875397, -0.196788239406,  
1601, 2359382.079699219, 82.58538968820442, 97.03076169147602, 89.15086257845832, 65.11404525475969, 0.780949354108, 0.560872546846, 0.274845579393, -0.415369419525, 0.137733520855, 0.899165014086, -0.466461522144, 0.816364785759, -0.340532208362,  
1603, 1806529.5952553565, 75.553077154409, 118.49780559530508, 86.23921524985656, 42.20280989652204, 0.506790861562, -0.824171638752, 0.25279266705, -0.344594009366, 0.0751196376067, 0.935741421951, -0.790201234716, -0.561336040106, -0.24593466354,  
1612, 1608509.449577116, 72.68503475516157, 97.18009351652219, 86.40268402470286, 45.7330810592392, -0.879248185258, -0.18394676477, -0.439415767185, -0.0975210640559, -0.833394108624, 0.544007262613, 0.466274887577, -0.521169691598, -0.714821573383,  
1613, 1243421.5213515356, 66.70779573059632, 138.81565143108259, 51.65006311308779, 41.401919692751434, 0.256561621443, 0.930981505007, -0.259710553768, -0.64591244866, 0.3650413869, 0.670478854638, 0.719008513906, -0.00426886236178, 0.694988153672,  
1614, 1514478.8136267322, 71.24015641386988, 109.51325780773179, 78.4197328283155, 42.10004267333391, 0.32731276456, -0.806734362088, -0.491981730537, 0.627451287996, -0.203741440535, 0.751527981249, -0.706520513041, -0.554679271683, 0.439499340406,  
1619, 1792519.9705892645, 75.3572655738731, 95.94442281129282, 73.1380227378963, 60.98351374028207, -0.857477303961, -0.40821485238, -0.313198511312, 0.0934216815817, -0.722123661909, 0.685426733008, -0.505969428525, 0.558478335487, 0.657340768696,  
1622, 1388933.8163993512, 69.21458949859708, 117.40922836557506, 66.43645520958407, 42.50932966506469, 0.0507035518857, 0.0802626384157, 0.995483329193, -0.937828466847, 0.346532320793, 0.0198271888506, 0.343375765886, 0.934597913287, -0.0928430066379,  
1626, 3189827.99469795, 91.31866460282221, 121.04691303980252, 88.78401675268661, 70.85820525290849, -0.990798964247, -0.105972731298, -0.0841854658908, -0.110542118439, 0.274751008582, 0.955139949607, 0.0780887475707, -0.955657712523, 0.283937464943,  
1629, 1218175.3845232688, 66.25323214796563, 110.0157763461554, 61.81732333784612, 42.76180670626146, 0.761903445608, 0.630142851597, -0.14974353459, 0.47158070328, -0.381229857289, 0.795157491447, -0.443976102807, 0.676449393889, 0.587623550961,  
1638, 1739921.1452958577, 74.61285397703473, 147.10623305526696, 61.672735343652185, 45.78430976611079, -0.0743511953528, 0.0696240141425, -0.994798671292, 0.997202950814, -0.00243889136614, -0.0747015843042, 0.00762723005252, 0.997570322566, 0.0692479378619,  
1639, 545713.9245027138, 50.69426242871011, 107.36734724495477, 94.28980803582553, 12.868841490314663, 0.975653809356, 0.034140359381, 0.216642747745, -0.204516840111, 0.498344837887, 0.84251129646, 0.0791991565606, 0.866306446018, -0.493194317878,  
1644, 1409498.5595784194, 69.55451751630588, 120.84180351783118, 66.64313245298739, 41.78336633219576, -0.780852795087, -0.297593677693, -0.549278540817, -0.164814801129, -0.749960281141, 0.640621306265, -0.602581939436, 0.590760171058, 0.536560738927,  
1650, 3311826.550425803, 92.46832513705371, 120.75125671285507, 96.9796601279983, 67.51599262696566, -0.46456234545, -0.494858066387, 0.734368654915, -0.868450774623, 0.416732169847, -0.268565728773, 0.173133125792, 0.762528552086, 0.623357945331,  
1657, 3118040.908996828, 90.6284181662713, 113.68579411264326, 87.29200387041996, 75.00885508869904, 0.40784950433, -0.227274148285, 0.88431060343, 0.34050543862, 0.936514342069, 0.0836476740193, -0.847180516825, 0.26699690751, 0.459344993759,  
1660, 1286657.8510489003, 67.47219233863912, 122.39783638789186, 81.3185112311932, 30.861093129551552, 0.402721356335, -0.59125578334, -0.698736078802, 0.193480456071, -0.691139500861, 0.696341513532, -0.894640051792, -0.415623374001, -0.163940198588,  
1666, 1941406.7347327638, 77.3884189671949, 107.7294942074153, 70.95934881254159, 60.62945723357615, -0.83696568164, 0.495232920807, 0.232879372006, 0.53859053471, 0.669985993222, 0.51091976357, -0.0969983694564, -0.553048933671, 0.82748304713,  
1670, 489637.52857685246, 48.894727413641334, 76.73262398166602, 57.35895110696841, 26.558579148452406, 0.344098494502, 0.437153616816, 0.830959049164, 0.891380299577, 0.125982235476, -0.435395955276, 0.295020995199, -0.890519618902, 0.346319824357,  
1671, 2630929.5437584557, 85.63938427730474, 126.15875527234782, 92.0688647377325, 54.074240095756025, -0.304226909864, -0.453828070169, -0.8375476524, -0.0222315167479, -0.87560122511, 0.482522801792, -0.952340142479, 0.16541637559, 0.256292168646,  
1677, 1508548.0161208517, 71.14704106444329, 122.12073544726705, 75.35360594396825, 39.13605790605643, 0.143073286098, 0.724420594242, 0.674347712566, -0.884038424802, -0.212800049402, 0.416163672667, 0.444978761604, -0.655691193789, 0.609969638678,  
1691, 1568037.3325168, 72.07023359130565, 118.41952639331923, 88.94931934408908, 35.538724773231884, -0.0928704404855, 0.00292519229415, 0.995673904717, -0.995653418907, -0.00732830377422, -0.0928469998553, -0.00702500550531, 0.999968869122, -0.00359306050816,  
1693, 1594286.5709950086, 72.47016657392835, 130.0142282026687, 77.20309949923475, 37.918588271443696, -0.621594406468, 0.617270191156, 0.482284050077, 0.105496581655, -0.544102013563, 0.832360180508, 0.776202850489, 0.56826975104, 0.273090873054,  
1699, 3205456.591444508, 91.46756062255257, 119.59751510275991, 102.34651896601312, 62.518141404777865, -0.255643298457, 0.935887045495, 0.242408626143, 0.29374622715, -0.163692068678, 0.941763272106, -0.921064415766, -0.311962088605, 0.233066508284,  
1703, 1201756.635087411, 65.95422777534796, 138.52229631211213, 58.75073872842794, 35.252904559249714, 0.790454912663, -0.600781330374, 0.119343303628, 0.321001323607, 0.572252468073, 0.754642473643, -0.521669609321, -0.558201492167, 0.645191376921,  
1704, 742027.6773231843, 56.16216379240877, 90.89498463635044, 61.8245418437838, 31.523226903726766, -0.532421747332, -0.605724274943, -0.591291117566, 0.166035959652, -0.759691340038, 0.628729773411, -0.830035627591, 0.23657381642, 0.505048201971,  
1717, 924950.0288688167, 60.44261150111569, 107.29835660852953, 75.86814079409527, 27.125462335169548, -0.541049943746, -0.228509389742, -0.809350614488, -0.146357466695, -0.922108011629, 0.358184738414, -0.828157261826, 0.312250338174, 0.465462432421,  
1720, 4163390.84430515, 99.79746839782486, 123.27777962539572, 105.98602591364264, 76.07205736150544, -0.98711124905, -0.140207168439, -0.0771578376943, 0.0633165071933, -0.784943179775, 0.616323960626, -0.146977555825, 0.603494949807, 0.78370367081,  
1721, 2083874.846453269, 79.23693615944607, 135.06678942145243, 95.66896979308962, 38.50023223756234, -0.457459243728, 0.739397780152, 0.49398579234, -0.0640682332315, -0.581482646893, 0.811032177446, 0.886919557693, 0.339365369577, 0.313376521318,  
1723, 1481490.0016188421, 70.71909676664471, 92.35115897591672, 71.56111547506855, 53.51686489846204, -0.2487343582, 0.66495086513, -0.704252487404, 0.93421639088, 0.356642269054, 0.00678431532626, -0.25567744144, 0.656236724732, 0.709917183234,  
1726, 2701716.5665325234, 86.40065977056105, 114.36111396525456, 84.89285815799393, 66.43571966670862, -0.0262681510522, -0.421983336816, 0.906222956943, 0.753623391015, -0.603960804002, -0.259389922211, 0.656781370591, 0.676137124169, 0.333881446872,  
1727, 2766503.6054183096, 87.08583969819294, 116.10256536895392, 92.253182981513, 61.66226252887441, 0.914768604541, 0.326452626543, -0.237964456947, -0.324940333687, 0.944580270185, 0.0467107345318, 0.240025373013, 0.0345947366014, 0.970150001036,  
1729, 1295629.6704499354, 67.62865629292537, 109.35809973580972, 61.167249554772184, 46.240483671129425, 0.276571251177, -0.854580985748, 0.439544857574, -0.493060886908, 0.266406028674, 0.828202143011, -0.824863203703, -0.445779280232, -0.347680210096,  
1730, 2898365.0453339065, 88.448028718679, 126.6857934869239, 86.41058078129359, 63.2076485555146, -0.146957752453, 0.948285547565, -0.281350207522, 0.861870635943, 0.262332460426, 0.434005399859, 0.485368340432, -0.178707024164, -0.855851256715,  
1731, 2584549.6174299615, 85.13316018419299, 146.3679267454486, 85.33545068244018, 49.399307066575844, -0.14396957552, -0.329503368178, 0.933113225543, -0.988148692297, 0.0986026917475, -0.117642131451, 0.053243997191, 0.938991501314, 0.339794110048,  
1736, 1402467.7563375058, 69.43867501928777, 109.81898311440003, 69.96696637664988, 43.574640606741475, 0.74996018097, 0.530252722261, -0.395464002779, 0.393010627814, 0.123704388945, 0.911174994488, 0.532073654097, -0.838766519772, -0.115621589356,  
1738, 1940333.2919732516, 77.37415313408167, 114.76153317318521, 75.1076274259794, 53.741197702079525, 0.587332053981, -0.745476960418, -0.315127212173, 0.298053102082, -0.162771875159, 0.940568798651, -0.752466216322, -0.646350847561, 0.126590580816,  
1739, 253999.1982222693, 39.28691363474805, 87.69283868287657, 61.15473438411067, 11.307055488837454, -0.0699629135067, 0.24013913645, 0.968214018634, 0.987838524612, -0.118422862063, 0.10075254356, 0.138853303981, 0.963488049166, -0.228933481797,  
1740, 955161.38521646, 61.093646706455964, 86.8038224054583, 57.063934776006654, 46.03494016818171, 0.482232143252, 0.552934412321, 0.679496648767, 0.398978277541, -0.829152355337, 0.391564433638, 0.779915696768, 0.0822794464652, -0.620452736818,  
1746, 3522570.8994277483, 94.38950558107565, 135.043193598053, 86.19759588647332, 72.24424896063915, -0.814931428586, 0.329706558757, 0.476634400579, -0.0802503248086, -0.878683855198, 0.470610845586, 0.573974435033, 0.34526550324, 0.742526147823,  
1747, 1536685.328083755, 71.58666192668062, 121.29211226395178, 66.95929988395108, 45.17028930591491, -0.354425042907, -0.521337935003, 0.776266479044, -0.923523658037, 0.0650239718404, -0.377989333356, -0.146584248831, 0.850869344032, 0.504514040817,  
1748, 1841958.1222652665, 76.04378307017512, 107.1728181387551, 92.09621989685334, 44.55174172051668, 0.184137851358, 0.953000726443, -0.240588584718, -0.438416577675, 0.298710611659, 0.847680880345, 0.87970685806, -0.0506121120041, 0.472815247217,  
1750, 926203.5984345139, 60.469904800621286, 95.2615147459562, 88.27208903535963, 26.295229588933932, -0.491004530767, 0.455143239709, 0.742804942171, 0.705477934904, 0.70798527245, 0.0325228743828, -0.511092392949, 0.540001375315, -0.668717489324,  
1751, 3875768.826083884, 97.44429517304654, 126.79660680786162, 109.33117174107423, 66.7448285388319, -0.595042264973, -0.0656030469721, 0.801012448795, 0.157696254314, -0.986819290736, 0.036326007299, -0.788071439827, -0.147932172494, -0.597544540658,  
1753, 527017.6656048367, 50.10859063961297, 128.7260258012802, 78.90521629499767, 12.386952940882196, -0.29894874975, 0.42125478753, -0.856255831517, 0.938784448284, 0.290815714025, -0.184688873882, -0.171211578704, 0.85905216632, 0.482406437414,  
1754, 476619.615584479, 48.45751076525281, 101.53882911796833, 46.863477022772535, 23.91204084361406, 0.877449514584, 0.172598995255, -0.447539871065, 0.292918069007, 0.546038126799, 0.784883028821, 0.379843855032, -0.81978774748, 0.428563524902,  
1755, 1371378.48646916, 68.92174124335462, 143.41099566977246, 58.9124951093542, 38.75063781324887, -0.929248264003, -0.223289200748, -0.294346049193, -0.297362415033, 0.924830742846, 0.237199686365, -0.219256146943, -0.307944848821, 0.925795178272,  
1756, 2097160.123685896, 79.40496536454268, 101.76799343014085, 94.76198188225403, 51.915571028983244, 0.754796055086, -0.647526409179, -0.104844955258, 0.280115102089, 0.173649298577, 0.944129996709, 0.593142853627, 0.74199425235, -0.312451731747,  
1758, 1640986.8180786665, 73.17097258679014, 112.78023259985582, 101.22973850325641, 34.31431883026959, -0.45132707581, 0.457156120324, 0.766362937708, 0.281813342648, -0.741835744801, 0.608490729297, -0.846690681741, -0.490599642668, -0.205977863052,  
1759, 2562766.5198057294, 84.89331202528226, 116.2821469157329, 105.80920232259895, 49.726048648859305, -0.231138668526, -0.961413944084, 0.149191635266, -0.894038498064, 0.149401508903, -0.422343880169, 0.383757840169, -0.231003067639, -0.89407354443,  
1760, 1083012.6197068088, 63.70619050594643, 118.91418344172877, 91.05922057536468, 23.87741574633761, -0.810552655139, -0.0863484169318, 0.579265348645, -0.585374601418, 0.150629766217, -0.796647506457, 0.0184653530087, 0.984811974147, 0.172639527094,  
1761, 2597881.432325369, 85.27928926691887, 130.35108492670557, 98.86670731343553, 48.12447402140909, -0.623896887669, 0.581139920434, -0.522521833453, 0.584235427936, 0.790903463014, 0.182045809997, -0.519058415115, 0.191697952703, 0.832964739126,  
1762, 1098732.113055708, 64.01293442922106, 95.20826568361393, 84.03835035304186, 32.78317679689592, -0.965799354007, -0.0428107341208, -0.255731986351, -0.249654347842, 0.419913675641, 0.872550979378, -0.0700308103828, -0.906553774496, 0.416240242581,  
1765, 2424569.022515506, 83.33906958635089, 108.63573565556422, 82.27998089943877, 64.75585634459722, 0.428022931581, -0.587276102434, 0.686952072237, -0.342746235128, 0.597837337896, 0.724648560147, -0.836254380166, -0.545616437552, 0.0546014168843,  
1766, 2239423.1662429785, 81.16133569964589, 99.88281208624443, 81.09289112229195, 66.00457092449184, -0.514854379076, -0.827222384573, 0.225006877244, -0.828574596023, 0.547518600088, 0.116993680956, 0.219975242179, 0.12620027345, 0.967307802,  
1768, 628571.6443011421, 53.1400622401427, 122.08723103784718, 57.26396085832986, 21.464192176171796, 0.764462515404, -0.296197111636, -0.572594388377, -0.537435109688, 0.197718122859, -0.819799394223, -0.356034500319, -0.934438234958, 0.00803863363946,  
1769, 1698376.0123508375, 74.01420511275379, 107.53074503395653, 64.88658385327656, 58.11090955432501, 0.434207629054, -0.72215549863, 0.538474856117, -0.740369455894, 0.0544212829345, 0.669993576643, 0.513144037917, 0.689586658632, 0.511031737359,  
1770, 1016565.7938356826, 62.375728030667275, 108.7639252734464, 73.2991667853187, 30.44128437028954, 0.123014608131, -0.865574921951, -0.485435331096, 0.223624526431, -0.452393058907, 0.863326468627, 0.966881315036, 0.214757013256, -0.137912827149,  
1771, 2746104.917910858, 86.8712703094625, 141.8778988885574, 86.56416654640353, 53.37963703886553, 0.251975535333, -0.0478999285999, 0.966547425859, -0.529753616446, 0.829006957015, 0.179188646635, -0.809857663702, -0.557183149476, 0.183514311385,  
1773, 2752285.7063355953, 86.9363965673799, 127.69726951806756, 75.9566613193423, 67.74190839972489, -0.295105308516, -0.955362733881, -0.0139607878744, -0.926337364151, 0.289658761662, -0.24082543381, -0.234119509361, 0.058136464502, 0.970468034936,  
1775, 3383936.233171308, 93.13462861403517, 127.28579271616816, 87.41064006924928, 72.60881170681948, 0.151225079528, -0.899589346441, -0.409719395552, -0.260794731817, -0.436109782831, 0.8612748488, -0.953476314954, -0.0233936976224, -0.300558898942,  
1776, 1311196.8040667807, 67.89843394988819, 116.83773044557354, 74.42698523579443, 35.99695231553014, 0.218550193131, 0.809657439947, 0.544693164104, 0.553001973077, -0.562665629791, 0.614488573388, 0.804005367429, 0.16691979808, -0.570712843866,  
1797, 2712146.113323967, 86.51169567915841, 108.3935233036479, 98.1238243790216, 60.876079274756556, -0.106987690412, 0.853629204809, 0.509775259108, 0.354072900139, -0.446393884285, 0.821805866041, 0.929078045961, 0.268420715986, -0.254488317496,  
1800, 1622364.1767958403, 72.89312673887085, 111.65973392157949, 88.34762778822672, 39.2616238043871, -0.71474557546, -0.0953660764754, -0.692852129836, 0.110864361628, -0.993583259186, 0.0223919714787, 0.690541711761, 0.0608080465368, -0.720731937544,  
1804, 278969.458261827, 40.534300542122196, 130.68761208895853, 27.821523971050958, 18.3169310910897, -0.579929272578, -0.216894823396, 0.785263442668, 0.378636272983, 0.781711119368, 0.495542428695, -0.721329752324, 0.584708783447, -0.371212913262,  
1806, 4590164.312862098, 103.09712176432097, 116.47581370711947, 103.05651845296, 91.2910922145474, 0.0367910831335, 0.713308678718, 0.699883665381, 0.238169338, -0.686435199087, 0.687082297757, 0.970526549167, 0.141412327324, -0.195142950275,  
1820, 2179974.629290387, 80.43670588167527, 125.31224411123681, 71.68998744211386, 57.93097237239013, -0.156708478386, -0.332522253027, -0.929984625703, -0.942114431921, -0.2322743524, 0.241803685628, 0.296416683012, -0.914044624982, 0.276874653179,  
1826, 2833676.578019775, 87.7850492378508, 121.37809494432682, 86.01000531955219, 64.79960817209331, -0.117207062902, -0.987112048749, 0.108960119405, -0.489790133663, -0.0379883383364, -0.87101234843, 0.863925997625, -0.155456390558, -0.479025240736,  
1835, 1406453.0151532479, 69.50438523696889, 124.65414144344557, 90.82153573079532, 29.657945721792085, 0.12408888871, -0.769100813638, 0.626965618005, 0.156891790479, 0.639108439081, 0.752944466196, 0.979789219056, -0.00493371630721, -0.199971859681,  
1848, 1705605.6302046685, 74.11907724649967, 115.51597247529418, 96.91844537476803, 36.36985200724009, 0.127727082862, 0.946625776869, 0.295948358451, -0.937817839902, 0.0181629990983, 0.346652282013, 0.322774675996, -0.321822534994, 0.89008244815,  
1852, 2890254.126722269, 88.36544595330554, 121.57128587632447, 94.02681320206023, 60.3621490327034, -0.530063179359, 0.631104790373, -0.566338917483, -0.00407557546505, 0.665981608069, 0.74595702785, 0.847948356666, 0.397712510845, -0.350440213369,  
1856, 1926641.6137612455, 77.19173024536913, 137.91984907160074, 62.9532997251223, 52.97452303105283, -0.878443609487, 0.0169388522495, 0.477545704866, 0.459149591501, 0.306734436619, 0.833723957924, 0.132357385802, -0.951644398227, 0.277226372749,  
