# Void_ID, Void_Volume, r = (a*b*c)**(1/3.0), a, b, c, vector_a, vector_b, vector_c 

27, 2713603.3019166165, 86.52718664464528, 133.45615814359584, 100.59985361662403, 48.25271810757348, -0.769238902038, -0.0632941846607, 0.635818651645, -0.0826453902246, 0.996578712351, -0.000780744926355, -0.633593916532, -0.0531480599472, -0.771838087074,  
42, 1322755.1587857378, 68.09736147205845, 112.59304128054502, 68.60689717716043, 40.88006015674823, 0.224949653083, -0.100257493622, 0.969198683733, -0.89790164682, 0.364940510757, 0.246152506074, 0.378378495974, 0.925617015067, 0.00792812733801,  
50, 1084570.3110444983, 63.7367186337175, 124.77764481830017, 60.89824020035857, 34.07434966311005, -0.375758095156, -0.44943869416, -0.810438593674, -0.926180873741, 0.211893976997, 0.311913339935, -0.0315411325335, -0.86781668727, 0.495882399621,  
74, 2104045.4851275347, 79.49177079080273, 145.26355219382387, 81.74621106171105, 42.300180702015666, 0.803053024049, -0.455402912166, -0.384335827314, -0.277234756357, -0.856426207351, 0.435516981564, -0.527490976638, -0.243191979625, -0.814009171086,  
85, 3813907.503039244, 96.92307456911023, 116.4463640589041, 103.96090031033971, 75.21173069289604, 0.864328434491, 0.437447408458, -0.248145364987, 0.384554608569, -0.256864670037, 0.886644401277, -0.324120518264, 0.861777411006, 0.390237855058,  
100, 406176.7277746441, 45.941884863055016, 76.60862961722088, 60.513793206210444, 20.916757273520428, 0.0458990167287, -0.771720056187, 0.634303898098, -0.873460170297, -0.339117878939, -0.349380015297, 0.484727357562, -0.538002991686, -0.689631908897,  
112, 835796.4116347443, 58.434674736115376, 114.43913475433258, 80.2134854725335, 21.73651621432934, 0.95457062821, 0.138434038729, 0.263876737664, -0.24174923832, -0.157963355944, 0.957394842242, 0.174218889707, -0.977692996344, -0.117320856497,  
130, 1683725.770067535, 73.80077399448386, 129.21394464101192, 69.27063903976301, 44.90804723098763, 0.644440550073, -0.0165714555389, -0.764474829071, 0.589014812507, 0.64828770134, 0.482477571436, -0.487604274047, 0.761215109646, -0.427543715634,  
134, 1302086.8935477394, 67.7408205072909, 109.69381390189183, 68.58649396405295, 41.31717490304322, 0.889657743108, 0.349556156993, 0.293801962616, 0.289316802497, -0.929296918636, 0.229571393704, -0.353277352687, 0.119238123613, 0.927888668945,  
142, 3799885.3437847733, 96.80414669119736, 124.65253552457699, 87.77737817870616, 82.90832892345321, -0.151313767809, -0.394888670521, -0.906182697675, -0.124731708798, -0.901782903173, 0.413798980623, -0.980584593236, 0.175643199238, 0.0871970301658,  
153, 1219715.542940792, 66.28114205893083, 106.60451122210345, 68.62903639832372, 39.800310883951845, 0.349816498944, -0.506902570766, -0.787831327644, -0.746203536489, 0.357678163546, -0.561468265758, -0.566399769772, -0.784293385841, 0.253130768041,  
172, 3212482.035611062, 91.53433544098716, 106.54971729538866, 92.10916616563775, 78.14423534691709, -0.443306753903, 0.891858882208, -0.089815678865, -0.0608854195147, 0.0700081062361, 0.995686612721, 0.894299775039, 0.446863065477, 0.0232661358687,  
177, 3300992.240058536, 92.36738134554977, 122.48404767869606, 107.72538356014138, 59.72529659603717, -0.726698708727, -0.0331328753748, -0.686156832877, -0.531875515881, 0.659281276455, 0.531466493885, -0.43476133952, -0.751166034299, 0.496721417471,  
206, 259352.2941039569, 39.560990947771195, 97.39072674026868, 70.92706597792271, 8.963381538139217, -0.0130842938741, -0.983255294001, 0.181763109768, -0.908375741263, -0.0642924860577, -0.413182754869, 0.417950133315, -0.170515404158, -0.892324034758,  
219, 2476188.8738297024, 83.92635973072446, 119.69373079084987, 103.85929043461941, 47.55305286141567, -0.0173345349734, -0.57720299656, 0.816416691806, 0.277528255066, -0.787231469999, -0.550676565947, 0.960561076422, 0.217032977693, 0.173836431903,  
270, 739684.5351434977, 56.10298599335727, 94.19753297546532, 52.436555518685175, 35.75067491145278, -0.124070117281, -0.763215273777, -0.634120691881, -0.991652864549, 0.117968067226, 0.0520397093247, -0.0350884914096, -0.635284173413, 0.771480924444,  
289, 2404646.698283954, 83.11017992598327, 120.21166201270945, 100.4162282368469, 47.55674931157827, 0.520378359334, -0.0849905888367, 0.849695806124, -0.38407465401, -0.912004366031, 0.143995473843, -0.762688024872, 0.401278751181, 0.507230066703,  
292, 1642647.2804755059, 73.19564406095725, 150.96510252425884, 74.78836873010074, 34.73322285455448, 0.240053236755, 0.0654043478104, -0.968553929738, 0.385730224757, 0.909155997384, 0.156995433466, 0.890834797946, -0.411287786967, 0.193017406106,  
295, 2104418.2213449874, 79.49646456013164, 127.72519095124457, 98.6493309930922, 39.872433210241915, -0.850353182225, -0.27008808141, -0.451610333983, -0.480496499647, 0.048654340496, 0.875645972399, 0.214528737718, -0.961605523815, 0.171149750984,  
323, 3923731.7834197693, 97.84460876534318, 128.06325089455427, 97.66752793779526, 74.89209602452878, -0.933579565592, -0.355467093336, 0.0455229641471, -0.339311133188, 0.83589490943, -0.431448322843, -0.115313267253, 0.418237786366, 0.900988348677,  
326, 653519.303887319, 53.833994241255176, 119.08949015348944, 61.618512030991916, 21.26107250190548, 0.227353616671, 0.488618567002, 0.842355167947, 0.871182604154, 0.284471954151, -0.400145695367, 0.435145036977, -0.824819739872, 0.361000268022,  
338, 2735082.8718678798, 86.75488934167421, 133.2249678895849, 93.05032944771001, 52.67182195512408, 0.499243311825, 0.662382059071, -0.558575083062, 0.768602071744, -0.636163683174, -0.0674286550475, 0.400008713541, 0.395658661009, 0.826708686939,  
349, 1707532.8931233077, 74.14698388890137, 124.7112707909789, 69.52483381503453, 47.01482296271067, -0.920055946214, 0.322829565939, 0.221986772561, 0.390256701069, 0.805188126375, 0.446510681188, 0.0345942640834, -0.497446632816, 0.866804524903,  
354, 2176492.9024308138, 80.3938601430527, 100.65572671521734, 82.1371945627966, 62.84783072161312, -0.067099094942, 0.028177880124, 0.997348343624, 0.511294873817, -0.857403599627, 0.0586226863499, 0.856781922934, 0.513872624702, 0.0431237998726,  
405, 1885898.645215098, 76.64372072818958, 145.03807552604982, 80.17167316357298, 38.71923457502275, -0.762001275633, 0.557076776568, 0.330181042676, 0.645065845559, 0.608125561651, 0.462680620039, -0.0569570963686, -0.565551736162, 0.822743655641,  
430, 1615443.6137542191, 72.78933161296435, 98.39596932923673, 91.73695188705827, 42.724951673024385, -0.664156900522, 0.746829514086, 0.0337829598969, 0.348289210951, 0.269116422611, 0.897925930473, -0.661506037027, -0.608129943328, 0.438848191297,  
433, 920579.91538141, 60.347270075517095, 130.4290595685133, 73.33840304096475, 22.975611256098983, -0.768012542619, -0.0532918130838, -0.638213692299, -0.59984481569, -0.289271272597, 0.745994857851, 0.224372305486, -0.955762582187, -0.190197147777,  
452, 785927.4316804396, 57.248566009243966, 137.9152734513158, 52.413646551577536, 25.95596008176709, -0.159621742644, -0.299450759202, 0.940664734158, -0.0519372768686, 0.954110095003, 0.294917693409, -0.985811046067, -0.00178028857997, -0.167849373028,  
499, 2400202.704930693, 83.05895010692728, 139.42743943456864, 78.29779843578635, 52.48817938951791, -0.890873335691, 0.423631672962, -0.163953973475, 0.433671017857, 0.685768856224, -0.584508788731, 0.135181907168, 0.591825380916, 0.794649967267,  
506, 773366.693241315, 56.94194335750056, 147.6679584311541, 50.58634969674627, 24.71594627034923, -0.295931745609, -0.26461105948, 0.917826448269, 0.26457698412, 0.90056362273, 0.344940836795, -0.917836271573, 0.344914697593, -0.196495368824,  
510, 1095739.0354685807, 63.95475527364947, 128.0626361008222, 64.93254155456523, 31.458186646507603, -0.023445999513, 0.282894183091, 0.958864519252, 0.0618075203151, 0.9577035788, -0.281040362914, -0.997812665554, 0.0526757660411, -0.0399393056106,  
512, 1322140.462186117, 68.08681134566541, 119.17251493990875, 82.93093377956089, 31.937162432451146, 0.853839763569, -0.269744065297, 0.445191865813, 0.229576014622, 0.962726290827, 0.143013784165, -0.467175033214, -0.0199054813626, 0.88394075602,  
527, 2851665.443611351, 87.97041778969648, 108.42054419244566, 98.74359635029471, 63.5900900725228, 0.466254401963, 0.8220359421, 0.326900202731, 0.616875983786, -0.0372480528924, -0.786178480489, -0.634090571826, 0.568216061416, -0.524461299116,  
530, 2665542.4572841153, 86.01331086319476, 119.20580569438083, 93.25151512905182, 57.245808163811255, -0.81427457784, 0.242898047084, -0.527216701752, 0.416680826087, 0.87692529586, -0.23953938017, -0.404146014523, 0.414731918477, 0.815268933997,  
534, 1049620.396566719, 63.04459861500829, 96.61872290072901, 81.2685722283754, 31.91241929885758, -0.903091109274, -0.375105089536, 0.209099546043, -0.427110352042, 0.835260102824, -0.346290785049, 0.0447570723968, 0.402040709923, 0.914527239635,  
548, 2657143.862457889, 85.92287886626626, 133.85599849797077, 88.21554822210987, 53.72092521697929, 0.891101930963, -0.419489661171, -0.173106247155, -0.327056094557, -0.329213655853, -0.885806231528, -0.31459761545, -0.845959096511, 0.43055957472,  
554, 1198964.6854040625, 65.90311269251143, 124.60691229312609, 95.09156214125119, 24.156480837866642, -0.217485844272, -0.935399112353, -0.278798149475, -0.645628195836, 0.352085632446, -0.677642929696, 0.732027417713, 0.0326222015679, -0.680493682323,  
557, 1456393.3641848515, 70.31749010195736, 119.119241832209, 64.30411191704903, 45.39096511204434, -0.415926957152, -0.794980180558, 0.441600813896, -0.0109937619632, 0.489956897086, 0.87167733491, -0.909331569622, 0.357699247297, -0.212526104211,  
563, 653528.188202523, 53.83423819018592, 97.35775352305004, 63.53607144229837, 25.222307310937655, 0.0322765862426, -0.000837942436296, 0.999478624, -0.407253767434, -0.91323105308, 0.0123859840485, 0.912744537585, -0.407441212376, -0.0298172360582,  
571, 1158110.8534739874, 65.14591287581389, 118.43826249644746, 71.10658703181612, 32.829151708644225, -0.949281359883, -0.13176685993, 0.285486242056, -0.309131688026, 0.557058357656, -0.770794126615, 0.0574673754161, 0.819953340618, 0.569538427126,  
590, 148198.70801167807, 32.828567779752476, 123.52473978017042, 29.428276160876912, 9.732782934739172, -0.452009547057, 0.889402467137, -0.0681954604125, 0.0357725892142, 0.0944636675935, 0.99488538906, 0.891295512852, 0.447258165891, -0.0745147087053,  
601, 2119455.6620891234, 79.68536669202051, 107.07651432346464, 81.42710857125113, 58.032661390416315, -0.522293089776, 0.316099058995, -0.792017243042, -0.0863329495885, 0.904390888207, 0.417880058323, 0.848384671118, 0.286633051534, -0.445067347241,  
627, 2011621.283941907, 78.31035707451565, 114.1609356892266, 82.03670674914646, 51.2780941166844, -0.969207506151, -0.0151717176613, -0.245777600696, -0.236087854769, -0.226458159205, 0.94497578115, 0.0699952487758, -0.97390272672, -0.215903089455,  
636, 1651740.7410478184, 73.33046246241273, 99.64811547817959, 76.79060586145428, 51.53189198252461, -0.461210800887, -0.792326223224, 0.399379209694, 0.178507039584, 0.358051312984, 0.91647940189, -0.869148913572, 0.493982199336, -0.0237013243281,  
647, 341801.6872479209, 43.37390570461922, 135.26977449196295, 44.56635429433948, 13.535606440155714, -0.0283053532519, -0.963120947293, -0.267575873097, -0.65206736453, 0.220677295195, -0.725334187461, 0.757632469666, 0.15394665398, -0.63426608662,  
657, 3035192.9161581015, 89.81852046672535, 113.60172453511986, 85.57907263984015, 74.53241446670475, -0.466652219299, 0.855504222118, -0.224384117447, 0.865590259015, 0.389663568659, -0.31450883415, 0.181629319554, 0.340990951784, 0.922353490306,  
661, 1327601.6962078603, 68.18042903641948, 107.956475633912, 85.97631036099943, 34.146931837636174, 0.633829819845, 0.706273884196, 0.315336264926, 0.482277565786, -0.679605383855, 0.552761134465, -0.60470497684, 0.198276884022, 0.771374207663,  
696, 1879830.9654027417, 76.56143472254529, 127.58034628926913, 87.3258282051542, 40.28132058828032, -0.923162263514, 0.0098100319293, -0.38428530872, -0.32351930047, -0.559754824094, 0.762895667262, 0.20762152453, -0.828600205272, -0.51991826509,  
702, 257000.342876613, 39.44104057925921, 132.5272427593836, 33.34248484645696, 13.884874812158248, 0.863546475215, -0.441766561227, -0.243166178829, -0.295911364458, -0.834391299302, 0.465002821533, -0.408318441329, -0.329595911732, -0.851259411367,  
709, 743417.4326208236, 56.19720425860559, 154.33819808995818, 43.060468144196584, 26.704961665711046, -0.846452201176, 0.133463043838, -0.515467057196, 0.0722416879408, 0.987911319964, 0.137158165674, 0.52754128715, 0.0788596209543, -0.845861306914,  
710, 547228.6660873988, 50.7411232262117, 115.4418050212009, 57.097710135839236, 19.819761766177045, 0.738237013217, 0.673227382598, -0.0420832940472, 0.537890763444, -0.549889234684, 0.638979934099, -0.407037638209, 0.494354853217, 0.76807137701,  
733, 3324176.640076793, 92.58312337021208, 126.82259596131486, 111.18145155044894, 56.28160911329661, -0.75342773542, 0.573298760029, 0.321986302891, 0.654654110764, 0.608281646199, 0.448799993491, -0.0614381213928, -0.548928019549, 0.833608653142,  
735, 1091778.126623988, 63.877600404669145, 147.15494953599514, 50.542235531148954, 35.04422487094798, 0.342286532241, 0.27231042574, -0.899270238516, 0.617550039195, 0.656126430973, 0.433739617362, 0.708146791942, -0.703807600564, 0.0564179266806,  
762, 1453724.9392094535, 70.27451827276953, 119.74757331471115, 65.24311065921593, 44.421400976744025, -0.0491841716653, 0.196743850891, 0.979220493247, -0.996791210794, -0.0716589022135, -0.0356690877029, -0.0631521918986, 0.97783273563, -0.199637025093,  
765, 1703988.1780766991, 74.0956404150233, 126.8267433504655, 100.89757137068256, 31.789698902521373, -0.756785333455, 0.621526438512, 0.20243726262, 0.448550614912, 0.268507873558, 0.852470449752, -0.475476923656, -0.735940492205, 0.481988886805,  
775, 1067899.2993087247, 63.408463670044675, 127.57578933395497, 104.4532260799313, 19.13161225325213, 0.258636937158, 0.761984805925, -0.593705390137, -0.266817190368, 0.647060025773, 0.714228191806, -0.928394055163, 0.0263149878579, -0.370664268243,  
777, 2229428.874576816, 81.04041769357654, 92.82733310956615, 82.46068528324452, 69.531596162006, -0.329670302942, -0.84433308609, 0.422396888119, 0.853843025965, -0.0757481608514, 0.514989614594, -0.402826983169, 0.530437419364, 0.745899836284,  
785, 1031555.3846245322, 62.68081677948838, 89.29156754415804, 75.73384759634898, 36.41694183574524, -0.344965571857, -0.521464279456, 0.780431777598, -0.921191595702, 0.347558629788, -0.174954402255, -0.180013327955, -0.779280439964, -0.600264273173,  
794, 2035545.080762456, 78.61957743605866, 100.09356160874593, 87.40461039079796, 55.545851856629234, 0.859469952978, 0.292571615193, -0.4191816431, -0.329668188513, 0.943941931999, -0.0171030552119, -0.390679261558, -0.152890414997, -0.9077412823,  
802, 660787.3771950454, 54.03282938798193, 101.22230104198734, 52.742323366700674, 29.548651509694512, -0.570979161635, 0.812600589907, -0.116889170846, 0.819998512244, 0.571402149469, -0.0331967392916, -0.0398150335395, 0.114803592561, 0.992589995033,  
819, 1781290.0948665082, 75.1995683777023, 122.37822944054211, 81.30774207729888, 42.73758496840337, 0.105739137697, -0.994285120292, 0.0147083080396, 0.607522340081, 0.0528841906921, -0.79254013695, 0.787233028436, 0.0927381363902, 0.609642351709,  
837, 3021421.424154304, 89.6824708459041, 150.5574617447692, 84.8615921345868, 56.45588700018574, -0.978100136437, -0.0763920093902, -0.193608842783, -0.207352797422, 0.438207767744, 0.874630647582, -0.0180261061684, -0.895621690889, 0.444451174266,  
845, 1213221.8010203766, 66.16330618681968, 86.96496481914377, 66.85405323202127, 49.81722453416754, 0.0379067765253, 0.707157337235, 0.706039359163, 0.906772512206, -0.321243499887, 0.273068168938, 0.419912714026, 0.629865949369, -0.653408140771,  
849, 2299779.011503621, 81.8840218709998, 106.90446032442043, 90.64223955142987, 56.659279038838065, -0.296537241352, -0.83155705961, 0.469657876654, 0.795673586035, 0.0568582397576, 0.603051146303, -0.52817535817, 0.552521490246, 0.644787402047,  
873, 487678.0355136213, 48.82941585479503, 125.89929733510559, 39.420904840552744, 23.458200383736692, 0.350797048468, -0.741140369752, -0.572409279372, -0.815766092755, -0.542016223672, 0.201851666298, 0.459855534595, -0.396143112524, 0.794734875101,  
874, 276608.2795704616, 40.41961650909772, 84.11736407606952, 40.238009441905426, 19.50987212641319, -0.187968264136, -0.107847268663, -0.976236087388, 0.975749403235, -0.134015009838, -0.173069579141, 0.112165207457, 0.985093368052, -0.130422476806,  
875, 1083093.7519100173, 63.707781282895425, 129.4948928882443, 73.77279294500433, 27.06628028565832, 0.720614563784, 0.577636508514, 0.383471921389, 0.24026022382, -0.726855852519, 0.643393809816, 0.65037656424, -0.37150589994, -0.662565989919,  
878, 3344038.827810549, 92.76715420051431, 122.66768677081471, 99.25533250013892, 65.56901777611422, -0.841353153187, 0.0014183561414, 0.540483912701, 0.101656186823, -0.981734486686, 0.160821072413, 0.530839798153, 0.190250849978, 0.825841221288,  
882, 1677581.7947656848, 73.71089736708109, 147.2151448330067, 88.33364215658995, 30.797571138719423, 0.405939830581, 0.337812518609, 0.84917345473, 0.857913607766, -0.46107893332, -0.226694637915, -0.314955704121, -0.820541845075, 0.476984260664,  
927, 2024138.157982733, 78.47244438415454, 142.0519406006709, 82.50497351136194, 41.23103553762708, -0.223429716246, 0.830589158322, 0.510098825696, -0.205971680328, -0.551743204005, 0.808180118375, 0.952709204742, 0.075505542262, 0.294353672113,  
928, 1919013.0033899243, 77.0897142890662, 128.78974520509124, 75.77209917590152, 46.94601197694056, 0.753325761545, -0.00709908549559, -0.657609230454, 0.292416918808, -0.892041017802, 0.344608717467, -0.589060813997, -0.45189868947, -0.669921586358,  
953, 1132843.1474958812, 64.66863948175917, 117.55833581965598, 68.3284310805993, 33.668695848488476, 0.942763997817, 0.330313210415, 0.0457080676149, -0.213928961893, 0.493967429931, 0.842751788744, 0.255793752236, -0.804294324978, 0.536358271237,  
959, 527680.7048047466, 50.12959565124659, 100.28948746142333, 51.53157897057152, 24.375511799169463, 0.729180668689, 0.645246573221, 0.227930717887, 0.527572203613, -0.317919671141, -0.78777830173, 0.435847590776, -0.694682619941, 0.5722350349,  
979, 1924805.0205098502, 77.16719447950733, 137.37489024124324, 102.75964416565077, 32.55128843115957, -0.99132053937, -0.10573133871, 0.0781311220808, -0.0741722372888, 0.940488938415, 0.331630873011, -0.108545232224, 0.322957335779, -0.940168331645,  
1077, 1223919.6150119712, 66.35720655983211, 111.71071459476465, 58.36161706109019, 44.81693366063324, -0.650900794867, -0.758539736819, 0.0307509822288, 0.227298578477, -0.156076013851, 0.961236513103, -0.724336600942, 0.632659264981, 0.274005005372,  
1082, 1325391.116899189, 68.14256577847449, 107.60435454874876, 75.57806155865298, 38.90718863504177, 0.676716073193, -0.593796146744, -0.435271745459, -0.502722996625, -0.804600327026, 0.316050474473, -0.53788934266, 0.00494468020732, -0.84300095207,  
1114, 2300691.525091896, 81.89485050596005, 118.22665387463007, 85.81132114246545, 54.13894605735139, -0.151792188165, -0.64239777918, 0.751188541523, -0.954381696196, -0.102449304141, -0.280463398766, 0.257127807866, -0.759492747421, -0.597541678075,  
1176, 643988.7041974582, 53.571015641236606, 84.73804114793455, 57.39429081254383, 31.61131235591371, -0.463866032425, 0.323737418412, -0.824634699659, 0.872646364453, 0.00653145186905, -0.488308982861, 0.152697827648, 0.946124423137, 0.285537999879,  
1180, 2316606.364044078, 82.08325032445944, 96.82487604666987, 94.40152086952357, 60.505895778629885, -0.74938700544, -0.2801291565, -0.599955641491, -0.596882668139, 0.678024958563, 0.428967639853, -0.286618555844, -0.679565899118, 0.675307331666,  
1237, 1387196.4542212358, 69.18571819640151, 118.30158595723972, 58.184194170813456, 48.11203979971064, -0.444278357362, -0.83276127983, 0.330341326504, -0.895552698897, 0.422917276, -0.138298015742, 0.0245378213678, 0.357280881768, 0.93367460437,  
1244, 813777.841169439, 57.9169589478541, 117.71173102663437, 95.20669509670621, 17.335246223833607, -0.917920139664, -0.318916718721, -0.236039707927, -0.373364797537, 0.493016954451, 0.785832686126, 0.134243603791, -0.809460566763, 0.571622467803,  
1252, 1851798.0522226412, 76.17895389615377, 146.72047688955385, 104.4760770025047, 28.84014416046455, 0.408585422525, -0.89679309358, -0.169764836784, -0.773105879478, -0.438912207139, 0.457890132608, -0.485144567749, -0.0558410398559, -0.872649142927,  
1257, 842785.8335190697, 58.59711116723213, 111.95114413588288, 69.71428404336427, 25.7797267397937, -0.870836393006, 0.431336549901, -0.235781164082, 0.490950730306, 0.787284274073, -0.373029291356, -0.0247256350586, 0.440604417269, 0.897360791685,  
1303, 1079846.5319612778, 63.644050183936855, 73.64849239807634, 62.9377212425466, 55.61584663316151, -0.96871331929, -0.151668310628, 0.196446503104, -0.248167632062, 0.600596943504, -0.760063245954, 0.00270766084195, 0.785035053361, 0.619445424204,  
1306, 19023.70298747507, 16.560323481336727, 97.56210045707661, 40.35587665798307, 1.1535024455955265, -0.0106492158928, -0.698086696162, -0.715934046434, 0.0466702784173, -0.715541384065, 0.697009621744, -0.99885358252, -0.0259902353341, 0.0401998551484,  
1313, 513382.1847621844, 49.67265742694648, 120.50830850524825, 79.6037088804558, 12.776205574594995, -0.0387371122681, -0.919280200899, 0.391692926116, -0.9006282302, -0.137683399449, -0.412203920995, 0.432860516911, -0.368737296394, -0.822596243091,  
1330, 406018.51860998856, 45.93591917485572, 86.02834130165192, 52.60483078998707, 21.418549463995653, 0.503677111644, -0.822790400161, 0.263297027346, 0.425884078879, 0.501661126512, 0.752966709426, -0.751619663502, -0.267118085405, 0.603088558908,  
1336, 1008330.0020829953, 62.206823704270725, 132.36547709048946, 61.858311303916054, 29.399591159034674, 0.330789254311, 0.732179581096, 0.595391913162, 0.355652242625, -0.681111634569, 0.639998768413, 0.874122389342, 4.77537933861e-05, -0.485705719723,  
1341, 2864322.8033736595, 88.10038042422379, 120.89295827278886, 92.85361932948024, 60.916298974502496, -0.0919459329959, 0.738149598057, 0.668342065334, -0.468184431881, -0.624416220041, 0.625226136606, 0.87883404756, -0.255420349697, 0.403002682139,  
1371, 3842610.6691148784, 97.16561227292857, 128.33105256325456, 90.7815537325057, 78.74235641038089, 0.497817472534, 0.45792830034, 0.736532033104, 0.801893051646, 0.0804674712809, -0.592024087169, 0.330371454219, -0.885339854414, 0.327151409021,  
1393, 906075.5572150599, 60.0286535009809, 116.33904106740458, 59.735098955260476, 31.125815459546793, 0.789958893317, 0.179869147261, -0.5861843027, 0.465320413654, -0.798429269144, 0.382083256388, 0.399301714879, 0.574593588581, 0.714423087852,  
1403, 1582548.3796390134, 72.29187052426757, 112.76384069798515, 69.33162115004188, 48.32447802165024, 0.726611226502, 0.682376298919, 0.0799919508183, 0.340614726994, -0.458891455988, 0.82060967541, 0.596672215941, -0.569017766239, -0.56586310043,  
1410, 2229145.688104092, 81.03698624347675, 129.76268519866147, 95.97932505367947, 42.72896058798346, -0.96353793916, -0.0341006211665, 0.26538987817, 0.263541675553, -0.292444283945, 0.91925085044, -0.0462647278799, -0.955674363172, -0.290768097511,  
1449, 1269922.3268128082, 67.17837842248075, 107.05958612151127, 68.30458836947653, 41.45845474006007, 0.359170209324, -0.914649172904, 0.185509167535, 0.512363281259, 0.359387818694, 0.779951449638, -0.780051683385, -0.185087239647, 0.597714049499,  
1471, 1603599.5331247447, 72.61100323826399, 114.65219298803643, 105.21980293186877, 31.73419322297375, 0.11811598526, -0.141440710814, 0.982874935763, 0.877537859205, -0.448368381596, -0.169979704806, 0.464732094531, 0.882587287303, 0.0711601054208,  
1484, 3033973.296727412, 89.80648838269231, 114.93236567385284, 113.02993346060921, 55.75545019564926, 0.91513748183, -0.241216468074, 0.323013939142, -0.0232055042197, 0.768394098802, 0.639556106608, 0.402473469839, 0.592777466218, -0.697588690863,  
1488, 1580401.8673805576, 72.25917102951566, 107.43206230330063, 99.85382334937498, 35.17064344275468, -0.604088656814, 0.665046035724, -0.439079338021, 0.35776988015, 0.718650889514, 0.59627310174, -0.712093819356, -0.203112454984, 0.67206229106,  
1489, 2200620.0123647302, 80.68983293269524, 137.48144370593846, 79.73735851774222, 47.923719789062076, -0.609501738373, 0.567367507335, 0.553716301495, 0.786399118517, 0.521154702343, 0.331623585745, 0.100419407071, -0.637567163401, 0.763822004682,  
1507, 1865449.4346766693, 76.36569185477549, 114.17366465638005, 79.0806365339522, 49.32405517054889, -0.763719307464, 0.457134208865, -0.455808221177, 0.613206871818, 0.293033864926, -0.733558781804, 0.20176756866, 0.83973773828, 0.504113458603,  
1514, 2793346.235977169, 87.36659035423068, 135.18612387275618, 74.50981429487005, 66.20496552682364, -0.90414951628, -0.30664456412, 0.297460524281, -0.413245300472, 0.451146354302, -0.791009031957, -0.108360388741, 0.838114597353, 0.534623183052,  
1562, 641835.7436577771, 53.511250073581486, 127.50592707696877, 60.70108583873639, 19.79741361615801, -0.710151823685, 0.127574602335, -0.692393752251, 0.678582167435, -0.138084756489, -0.72142833467, 0.187644955583, 0.982169700645, -0.0114912914815,  
1573, 1929845.0963671673, 77.23448952752294, 111.89024076706251, 80.59250400296342, 51.09130356198137, -0.139622317784, 0.84411345896, 0.517665989592, 0.834568929656, -0.181042355337, 0.520306032279, 0.532916794658, 0.504674285037, -0.679193312683,  
1588, 1401919.1836344062, 69.42962023493301, 133.94738548835383, 53.46346826770233, 46.73508097175144, 0.0575412515198, 0.298008459524, 0.952827351846, -0.619564029443, 0.759043194065, -0.199984606818, -0.782834221144, -0.578830188913, 0.228311617335,  
1595, 1540442.3280548982, 71.64495453770624, 117.27163980615737, 64.3503508287108, 48.73185209422621, -0.911405031553, -0.185733345638, 0.367211101109, -0.401168896786, 0.599816383218, -0.692303273627, 0.0916754313377, 0.778282359264, 0.621186111039,  
1614, 857596.9626996199, 58.93838187233884, 116.76787853488915, 47.19774438664956, 37.14924493914515, -0.754355523779, -0.369947566748, -0.542297465973, -0.599752295229, 0.0525015094096, 0.79846150557, 0.266917455615, -0.927567997166, 0.261481705901,  
1630, 1117105.0752524163, 64.36777125507793, 129.1851754666178, 84.28923207173428, 24.491796317004276, -0.209138933347, -0.789598033747, 0.576884608619, -0.966911476841, 0.0788413637611, -0.242623649535, -0.146092787337, 0.608538400155, 0.779960199642,  
1645, 426057.0919464726, 46.67952160043705, 105.81394994319055, 54.5190617458951, 17.63144431128047, -0.050979955033, 0.911946093452, 0.407130650802, 0.933867825932, -0.100956366479, 0.343072435145, 0.353965998189, 0.397696033052, -0.846490364636,  
1657, 1278032.4649859502, 67.32108274522305, 138.3058433140957, 109.59230710435403, 20.129485653383355, -0.681184224917, -0.36528660296, 0.634471236087, 0.55593331718, -0.821983050393, 0.123620434054, -0.476367713614, -0.436931988488, -0.762996879982,  
1663, 829611.6318243542, 58.29018152173364, 110.4914967128612, 87.66620399585942, 20.44679133915211, -0.22296265598, -0.907087900357, 0.357042287501, -0.954983257712, 0.129721334727, -0.266794589162, 0.195690141621, -0.40045463706, -0.895176771442,  
1686, 2110354.5578697147, 79.57114469618509, 123.97182178380767, 89.51097509495834, 45.40122237821573, 0.76549510347, -0.314694956813, 0.561234648538, -0.172725174689, 0.73972357144, 0.650365321865, -0.619825185509, -0.594790822065, 0.51189903047,  
1692, 2008936.1379690508, 78.27549823196999, 128.48460612555718, 88.8500796456064, 42.01154013009819, -0.641839548939, -0.508574610014, -0.573928444552, 0.0668377921329, -0.78268760886, 0.618815656298, -0.763920612996, 0.358820251639, 0.536351865899,  
1696, 981055.9426600737, 61.64081721665514, 105.99822113232476, 77.78086711918878, 28.407551722845653, -0.754251093377, 0.375924975205, 0.538317472461, -0.523696371409, -0.838971113638, -0.147883674064, -0.396039642856, 0.393456329849, -0.82966542521,  
1702, 1468390.7174258262, 70.5100474657942, 96.39384730315051, 76.21108457951436, 47.71836607310023, 0.477169299144, -0.487631420896, 0.73111220569, 0.327775294166, 0.870654361716, 0.366775597552, -0.815397336572, 0.0646264634617, 0.575283064005,  
1703, 1930397.5725827052, 77.24185905635768, 120.58616048646415, 86.36947817184641, 44.24868722657534, -0.0169432543271, -0.740449671773, 0.671898213797, -0.985151340878, -0.102463960268, -0.137760561894, 0.17085011472, -0.664255538492, -0.727718914061,  
1739, 337005.1522645351, 43.17005915492866, 102.70459478624879, 53.60795655822083, 14.612644030383015, -0.511054889964, -0.673240309975, -0.534387859583, 0.0441377873364, -0.641442270925, 0.765900560648, -0.858414093065, 0.367830529044, 0.357527546813,  
1749, 437854.58202201105, 47.10645578546579, 73.40222452990554, 65.70223903634908, 21.674640241990417, -0.301088496182, -0.260461463354, 0.917336112651, -0.723278654205, 0.689297236306, -0.0416810315582, -0.621460944741, -0.676039308123, -0.395925684989,  
1796, 791261.3730884765, 57.37778586228376, 85.61111281891412, 70.73187151875943, 31.1950771744297, 0.41160675771, -0.16479910363, 0.89633762191, 0.477800171944, 0.876535043891, -0.0582521460639, -0.776071435306, 0.45224724684, 0.439528787485,  
1810, 964832.4846671111, 61.29914767246306, 92.60074572789465, 86.63252689956755, 28.712290650173813, 0.254951009632, 0.858478105949, 0.444989128287, 0.803585367552, -0.444069256629, 0.396299195526, 0.53782017417, 0.256549872196, -0.803076349628,  
1816, 606746.5631604696, 52.5177653675102, 98.10051074185264, 65.9998822387378, 22.371973003952764, 0.788018242627, -0.531696447423, 0.310364522916, -0.464152481706, -0.181894273691, 0.866877700096, 0.404462264016, 0.827171905347, 0.390124231484,  
1820, 1579978.118118595, 72.25271222767513, 133.16380686182515, 65.32292234553864, 43.362134806055, -0.504367076167, 0.805385734241, -0.311396325538, 0.177041386572, 0.449416357154, 0.875603383595, 0.845145076256, 0.386495481219, -0.369257421155,  
1825, 3013884.685657135, 89.60783973436953, 140.5748293744273, 89.18150219623898, 57.3925701790423, -0.0894249956708, -0.427276889832, -0.899687517733, -0.161175563569, -0.885192627319, 0.436413164614, -0.982866017246, 0.184033888063, 0.0102917533472,  
1855, 1301339.8327390885, 67.72786279716428, 126.46268671751204, 84.13854369728872, 29.197436257969194, 0.445044206069, -0.577303056739, 0.684585155641, 0.193578242265, 0.808409602862, 0.555878923977, -0.874335815786, -0.114869903282, 0.471531320862,  
1872, 2546492.109246242, 84.7132301387103, 114.36145667066458, 92.90586488980331, 57.21776850410114, 0.062083251036, -0.266495352099, 0.961834651721, 0.994406319269, -0.0659909941792, -0.0824697573936, 0.0854502319371, 0.961574446414, 0.260907726725,  
1876, 2759688.769978227, 87.01427359527729, 110.40221902379831, 100.66694509839043, 59.2798102728886, 0.361152467327, -0.742593826938, 0.564024204744, -0.470249674763, 0.377275138208, 0.797827496064, -0.805254083336, -0.553369567544, -0.212950658574,  
1895, 2622968.1360934847, 85.55291307194796, 106.7673637854133, 85.2903418261242, 68.76477572985335, -0.238394337353, 0.753700016207, 0.612457692815, -0.0986424449678, -0.646170383535, 0.756791585242, 0.966145852327, 0.120000504219, 0.22839017277,  
1901, 754068.6885747999, 56.464319636955096, 98.86652023497312, 67.17194320158285, 27.10722981231795, 0.650452083333, 0.714650687975, -0.257267334624, 0.531540192148, -0.67023847512, -0.517924135951, 0.542565306133, -0.200136904758, 0.815823576476,  
1903, 863633.7787875109, 59.07635210959879, 130.85761772473754, 83.75370867244062, 18.812129267238603, 0.646572261858, -0.233922337667, -0.72610236891, 0.471646533644, -0.625523090101, 0.621506565575, -0.599578066225, -0.74431257123, -0.294117219508,  
1914, 862795.4513275356, 59.05723082509802, 119.6520917474262, 96.07172689231379, 17.918569890742145, 0.4801162012, -0.509525248143, 0.714053537804, 0.621135321829, 0.772262638429, 0.13342162217, -0.619418554228, 0.379465991613, 0.687259933277,  
1918, 2779263.0779443085, 87.21951811390566, 124.9380960716921, 79.77513439067384, 66.57000976877775, 0.209076875546, 0.50689358719, -0.836268946798, 0.711666055021, -0.665381056596, -0.225387390184, 0.670684938136, 0.548020930977, 0.499854751871,  
1924, 2622845.77370087, 85.55158269336086, 109.83204766710622, 106.94081763019807, 53.31035374142004, -0.541719467102, -0.498906292736, 0.676485424848, -0.836982031897, 0.394335709581, -0.379421172881, -0.0774667492805, -0.771745981018, -0.631194933074,  
1934, 1472117.9187540654, 70.56965537394787, 119.24001430816179, 61.47021719249356, 47.94763853288257, -0.887659795635, -0.362918739546, 0.28346088919, 0.169477385445, 0.3148881929, 0.933875174633, -0.428179288426, 0.877003657038, -0.21800706985,  
1968, 532840.1565605428, 50.292448435548785, 96.56749688484079, 62.34519565997482, 21.128777583400193, 0.0614437493652, 0.181139634266, 0.981536091319, 0.870017860733, -0.491683810165, 0.0362760641044, 0.489176438179, 0.851724993011, -0.187805613896,  
1972, 3062648.086211598, 90.08852905420567, 116.36946705860983, 100.92498561594594, 62.25449953594588, -0.634371897334, 0.733516854352, -0.243978114296, 0.773000655518, 0.604581320087, -0.192227505759, -0.00650249506893, 0.310538969831, 0.950538408363,  
1979, 1515237.7003368225, 71.2520536156922, 89.49776292794678, 73.69182767834837, 54.84798161359972, 0.351327231044, 0.356051350566, 0.865907969987, -0.325964037535, -0.820485556499, 0.469628467844, -0.877676832872, 0.447248127258, 0.172198982876,  
1989, 2969478.542981037, 89.16557079440872, 150.62901294147863, 68.67240557810187, 68.53314956565761, -0.661524968195, -0.720735637094, 0.207183150565, -0.672694694845, 0.692415102856, 0.260850863261, 0.331461255627, -0.0331883527761, 0.942884918353,  
1993, 1186898.2171438164, 65.68128226560323, 113.41435848364402, 84.77938568395305, 29.469078949732147, -0.703172413142, 0.238898943052, -0.66968339714, -0.456615673643, 0.570247235125, 0.682876429096, -0.545023562774, -0.785967802038, 0.291897122597,  
1999, 987036.9719590038, 61.76582838479666, 113.3813782470416, 83.34401799850828, 24.936106579071204, -0.0808878268311, -0.967015481215, 0.241533058939, 0.731235544324, -0.222244467693, -0.644904624962, 0.67731214236, 0.124452624199, 0.725092963793,  
2016, 1547773.508243545, 71.75843082616998, 137.65176057461093, 66.30359414987366, 40.48554204203096, -0.991793666449, -0.0330466617131, 0.123504013463, -0.0625350790015, 0.967962736015, -0.243182042061, -0.111510928102, -0.248909742349, -0.962085886539,  
2029, 3124019.038970632, 90.68630094111383, 128.47450026104391, 102.19894255101046, 56.80175096444861, -0.398017358234, -0.684616000612, 0.610641559551, -0.912700120005, 0.228381554594, -0.338851525692, -0.0925239076508, 0.692201413771, 0.715748928945,  
2030, 1078880.5376793141, 63.62506658196611, 122.70523225961686, 74.91413879095316, 28.01933839964885, -0.335240924387, -0.940970493591, -0.0467766267219, -0.929215732758, 0.322043675527, 0.181234635342, 0.155472327475, -0.104222844159, 0.982326806183,  
2034, 3003251.4560074937, 89.50233431724799, 134.48925036952255, 106.18561745368243, 50.20532899712185, -0.286023390019, -0.955591520491, -0.0709610197726, 0.869061746307, -0.289891580031, 0.400867251011, -0.403636348051, 0.0529879023185, 0.913383808013,  
2041, 559467.7982547366, 51.11662384106744, 129.21309952531837, 72.1047613633529, 14.335604043408193, -0.50234288467, 0.116241837824, 0.856819386663, 0.85535742327, -0.0782245959173, 0.512098224027, -0.126551589003, -0.990135721875, 0.0601327497119,  
2047, 520666.33999217965, 49.90648287559294, 90.6274146961105, 47.407055568406534, 28.931324705754324, -0.617953013553, 0.655405925157, 0.434254702117, 0.13714032192, -0.454011896047, 0.880378174623, 0.774161872701, 0.603586175718, 0.190675439787,  
2049, 1772125.086587931, 75.07037548168823, 103.60662762358301, 77.59217471891957, 52.62599284020248, 0.566413278713, 0.813616956322, 0.131161907895, -0.33707765427, 0.0834862489013, 0.937767935705, 0.752033677896, -0.575375959377, 0.321539815079,  
2066, 1051275.6385860455, 63.077721466508706, 96.34979095776465, 71.81147481007503, 36.2729910279237, -0.399384846623, 0.916439170291, -0.0251195430755, -0.660825273546, -0.306763557998, -0.684986187691, -0.635453933917, -0.256973474586, 0.728122881957,  
2076, 1489934.5442614413, 70.85320934670457, 134.24293331595268, 69.97852329413709, 37.86364095158287, 0.755926764356, -0.270525297521, 0.59614661815, -0.591766491573, -0.671812891643, 0.445510783341, -0.279977046171, 0.689553117623, 0.667929151628,  
2089, 1382720.1522173292, 69.11122024457748, 98.32532039315292, 68.00293833863756, 49.36880720115183, 0.72653596704, 0.503273398633, -0.467826222893, -0.254679316354, 0.829582460823, 0.49692191189, 0.638188008677, -0.24188597918, 0.730894820516,  
2092, 5117812.078552876, 106.90513719876617, 135.49837188034826, 121.1587875588639, 74.4229241894173, 0.299579433054, -0.532952028552, -0.791337032214, 0.0170819366718, -0.826302515382, 0.562967459551, 0.95391842981, 0.18217104143, 0.238439386288,  
2103, 1344908.7919884706, 68.47542574057567, 147.94991153482175, 80.85727581732144, 26.83925201261886, -0.0285772458547, -0.896933258021, 0.441241511731, -0.898111631823, -0.170752721603, -0.405264117398, 0.438838054189, -0.407865466448, -0.800666549492,  
2105, 2603514.1530021974, 85.34087889655287, 114.52653324586659, 89.19719950691407, 60.84347351791405, -0.116625511126, -0.426292083638, -0.897035980093, -0.992312925913, 0.0876594760549, 0.087354870064, -0.0413950144419, -0.900328204426, 0.433238476008,  
2152, 3300949.706629017, 92.36698462459512, 120.7739147790122, 96.26372283139129, 67.78201903637134, 0.538294353013, -0.0851588081045, 0.838443299763, -0.382428917638, -0.911233879955, 0.152973654519, 0.750990887074, -0.402989818016, -0.523079242664,  
2156, 3300503.319378355, 92.36282084278503, 120.63695604704164, 94.65314021990777, 69.00430203660466, 0.610016343088, 0.450342982392, 0.651974891676, 0.580949273404, 0.305363374319, -0.754487343403, 0.538867333298, -0.839013949726, 0.0753497794879,  
2160, 629281.5824815602, 53.16006100247554, 129.20960621413303, 79.60599460034413, 14.605480061381828, -0.897747828478, 0.322587161986, -0.29997726478, -0.074653023645, 0.559714031092, 0.825316381432, 0.434137953333, 0.763320199078, -0.47839994895,  
2162, 244153.7181449686, 38.772598775076084, 146.85589564138348, 82.01508448051914, 4.839378717685138, -0.88815019553, 0.451179000842, 0.0873312050752, 0.449130558228, 0.811945980154, 0.372861189958, -0.0973189182352, -0.370379851653, 0.923768257542,  
2167, 923194.5177154102, 60.40434821650645, 113.06685611148238, 90.92287917834196, 21.438584694925183, -0.212588107927, 0.969149269801, -0.124723651378, -0.340062246598, -0.193041360672, -0.920376391216, -0.916058930859, -0.153247270498, 0.370609375594,  
2173, 2883625.764753865, 88.2978433067313, 113.4896388962639, 103.66470550510437, 58.51445380008921, -0.457076665788, -0.0318117748099, 0.888858218489, -0.66012054141, 0.681898394309, -0.315048330653, -0.596088745407, -0.730754808963, -0.332679450488,  
2177, 1293711.4712187874, 67.59526472735973, 112.14705304263781, 67.19714884943077, 40.98360030248407, 0.113888162982, 0.376182178151, 0.919519687214, -0.244189114353, -0.886550103897, 0.392938404475, 0.96301669911, -0.269287731102, -0.00910796980608,  
2179, 1414406.9812898333, 69.63516259567879, 109.86201338393309, 65.29366980379073, 47.0724875776974, 0.273586908865, -0.416350859616, 0.86706525994, 0.689126454902, 0.713729408128, 0.125279931064, -0.671010381776, 0.563242659669, 0.482185414418,  
