# Void_ID, Void_Volume, r = (a*b*c)**(1/3.0), a, b, c, vector_a, vector_b, vector_c 

2, 1894631.504965315, 76.76184096706284, 96.79040814886413, 95.39258892201022, 48.987941286154786, 0.0746120174795, 0.585479855149, 0.807246174387, -0.857366478439, -0.375744828566, 0.351764900828, 0.509269838589, -0.718351698697, 0.473935721889,  
12, 1211305.0968735549, 66.12844520072395, 126.96258631682564, 54.24674694172873, 41.987060896468485, 0.289320085911, 0.59676721227, -0.748440232916, 0.778393064898, -0.601746016238, -0.178902119778, 0.557133847839, 0.530820710129, 0.638616668504,  
17, 900452.7445046607, 59.90422293120497, 138.41294151646974, 92.64672621565069, 16.763532506878914, 0.372972371146, -0.801892479508, 0.466754819655, -0.66774392827, 0.11729456401, 0.735091852433, -0.644212431284, -0.585841648027, -0.491711202655,  
30, 553120.7200632486, 50.92258472417875, 139.38321650001092, 68.52235312380569, 13.82574578639186, -0.0296056777514, -0.0288954611776, 0.99914391164, 0.128378415512, -0.991413420136, -0.0248679071184, 0.991283252292, 0.127532281, 0.0330610197565,  
31, 1133286.0522057763, 64.67706615970988, 96.91833587947274, 62.88017405257912, 44.39471279783792, -0.931063202558, -0.209838768869, 0.29847781144, -0.315795843049, 0.873204917072, -0.371195579599, 0.182741069154, 0.439864597212, 0.879275177498,  
36, 1919007.070542509, 77.08963484510502, 132.79293850801182, 107.61797648864889, 32.057390125321234, -0.62618731281, -0.0395563083866, -0.778668573748, -0.0846951869932, -0.989351066811, 0.118368880625, 0.775058820075, -0.140070571738, -0.616168857016,  
55, 2724290.4573789816, 86.6406296781681, 125.64449551749514, 97.64928503409321, 53.009323899486574, -0.913144412687, 0.0811710274162, 0.39947283498, -0.366529855376, -0.592352736426, -0.717477596004, -0.178390433313, 0.80157937845, -0.570655196546,  
58, 1413216.6663718156, 69.61562294958526, 119.8535083506697, 61.1811015699644, 46.00998564641101, 0.0461087590407, -0.880394549923, -0.471995147014, 0.649349138001, 0.385466556647, -0.655561767254, 0.759091351102, -0.276262502292, 0.589456826672,  
61, 237173.73381679098, 38.399537520371226, 125.48748510091926, 70.81003485697477, 6.372102565062768, 0.367970392976, 0.510878272167, -0.776917743986, 0.783956586277, -0.619757569928, -0.0362301718249, 0.500009860628, 0.595738151829, 0.628558822808,  
63, 2460357.8999594557, 83.74712225142589, 140.41401331726192, 85.92298240819379, 48.68440673827214, -0.514162294989, 0.358668790698, 0.779098089454, -0.196554689558, -0.93346421378, 0.300018025466, 0.834867287911, 0.00112257340356, 0.550450135257,  
75, 1214656.0055253273, 66.18936746825553, 109.54917347553224, 69.85131232722998, 37.8949219921985, 0.535334259197, -0.675321892631, -0.507304220625, -0.667229421831, 0.0301576013002, -0.744241504975, -0.517901660137, -0.736906276549, 0.434450238819,  
76, 2133433.129917635, 79.86015373091792, 122.96294039697624, 89.27161216370098, 46.39837899120789, -0.535232096965, 0.152971724117, 0.830738378793, -0.00944775500904, -0.984488226609, 0.175196094688, 0.844652201976, 0.0859219604606, 0.528374937338,  
81, 1399404.398238304, 69.38808072688091, 108.05170638105443, 91.58014655244051, 33.76149436443881, 0.114115777213, 0.132729164918, 0.984561099258, 0.988301592479, -0.116099869199, -0.0988978395896, 0.101180787181, 0.984329106119, -0.144425271865,  
94, 2693916.728917477, 86.31743358611831, 140.84383769467667, 70.01272956377996, 65.21998552284357, -0.661557548597, -0.726761928821, 0.184820747513, -0.743462998719, 0.603441709694, -0.288306906851, -0.0980019358492, 0.328138997711, 0.939532021142,  
97, 3118241.4942188114, 90.63036151596904, 116.6738886834415, 106.64209565523701, 59.829971118912276, 0.365418191547, 0.789932800372, 0.492418232992, -0.199484533066, -0.450255449413, 0.870330943573, -0.909216952302, 0.41626458073, 0.0069521562231,  
103, 2697475.995130227, 86.35543173157015, 120.91094464788806, 74.26326265826148, 71.7181931620345, -0.72505766798, 0.106563279695, 0.680393743008, 0.64088473719, -0.25725669266, 0.723246671419, -0.252107381367, -0.960449510127, -0.118231158151,  
127, 949734.82137228, 60.97772968027442, 132.71464279261684, 89.60217660269277, 19.066735854650037, 0.782998390156, -0.595970247038, 0.178137547019, 0.370573259037, 0.676950285333, 0.635935351175, -0.499588811623, -0.431923344858, 0.750901620365,  
128, 756686.9198312474, 56.529594801295445, 118.8331028384392, 61.89270350689153, 24.561264783261922, 0.69780800928, 0.342910711017, -0.628869005799, 0.581771479581, -0.783504792267, 0.218316710403, 0.417858741361, 0.518201201045, 0.746231591065,  
141, 1843532.6991281179, 76.06544528525538, 123.21005656856295, 84.28481001737289, 42.38056738486644, 0.533201407526, -0.77159034246, 0.346907195708, 0.227260474145, 0.525627754088, 0.819797621992, -0.814891978058, -0.358278952152, 0.455617445387,  
164, 799430.8644461505, 57.57457852581692, 108.76310052569991, 67.94686996798073, 25.825055720627027, 0.525268549036, -0.820021477493, -0.227283364645, 0.41861375887, 0.0164726733383, 0.908014962386, -0.74084780642, -0.572095645399, 0.351924850271,  
180, 1412423.7212034976, 69.60260024737032, 115.82137823646511, 75.87882697723208, 38.367814036170486, 0.402543197786, 0.908646669383, 0.110996414967, 0.67245276134, -0.375797277931, 0.637639153178, -0.621100843408, 0.182037458011, 0.762296599887,  
186, 1164081.968629277, 65.2576831541128, 127.86835821720054, 83.81251372222641, 25.931222853597802, 0.52487825233, -0.566747725243, -0.635058923379, -0.739141051056, 0.0665106504215, -0.670258785862, -0.422105824261, -0.821202380241, 0.383996515365,  
196, 942172.5101534904, 60.81545212222927, 94.47612469593884, 73.43109768240353, 32.42199454232744, 0.594933415631, 0.535050880338, -0.599812292651, -0.390187724665, 0.844667880453, 0.366455606114, -0.702714572559, -0.016022708273, -0.71129143277,  
202, 841453.4520754154, 58.566215661899115, 110.04406743905132, 67.05957035381448, 27.22162746069831, -0.750423279796, -0.633508206996, 0.188500007449, -0.632794732862, 0.606249259383, -0.481697686894, -0.190881448029, 0.480758969927, 0.855824214213,  
206, 1254830.00873474, 66.91119130927522, 113.25352698447001, 76.40489408687574, 34.619705801825866, 0.766905291925, 0.364570688452, -0.528151953834, -0.387790957435, 0.918988495958, 0.0712623156271, 0.511345721161, 0.150161104879, 0.846154357096,  
209, 166848.8844133441, 34.15164016872634, 111.00604184291316, 34.334704894365046, 10.45092573636746, -0.522962314994, -0.711399169154, -0.469490829754, -0.113449404597, -0.487818937946, 0.86554140073, -0.844771951294, 0.505908989748, 0.174403108914,  
215, 1549106.0665329911, 71.77901843419419, 118.10713525744754, 90.03661593159948, 34.77741087453184, -0.506698778187, 0.152791734684, -0.848475712084, 0.860100223318, 0.0222091976977, -0.509641400777, 0.05902502886, 0.98800882453, 0.142669578461,  
225, 707901.8139589399, 55.28765101479304, 92.80271392255834, 82.68406826196643, 22.024289250480717, -0.25215586355, -0.858800111431, 0.445959402955, 0.724195879005, -0.473143680446, -0.501672588933, 0.641839348521, 0.196462276941, 0.741245454913,  
235, 1316911.5737737815, 67.99693468531935, 112.99842093666986, 66.50250231377237, 41.8367214589043, 0.452622354329, 0.0303073799379, 0.891187111152, 0.772862800972, 0.485160404883, -0.409026249044, 0.444765213607, -0.87389979074, -0.196170998136,  
238, 2139855.589006166, 79.94021010384691, 97.719566397305, 92.60492016947505, 56.45212092541323, -0.767695232742, 0.194634829425, -0.610541819043, -0.507350593075, 0.397407622738, 0.764632301892, -0.39145805054, -0.896763326951, 0.20633984129,  
247, 993925.5856243977, 61.90918503006399, 127.25294311904081, 84.4345403334177, 22.083976794497985, -0.187477518501, -0.932535639018, 0.308592712191, -0.838537811456, -0.011676871746, -0.544718266101, 0.511572593886, -0.360889086323, -0.779777242909,  
266, 1024640.535349066, 62.54044606679207, 122.68173504926715, 72.28257517060227, 27.584771927398783, 0.752275018925, 0.481730019503, -0.44946466403, 0.308546607537, 0.345173923799, 0.886371227707, 0.582135110502, -0.805475729392, 0.111029556792,  
281, 1110838.858577884, 64.24719205132462, 108.99243432543486, 86.39483668189055, 28.162960992885015, -0.982847457459, -0.169536058304, 0.0725837468147, -0.145512226552, 0.954701060768, 0.259561315477, -0.113300782393, 0.244547356361, -0.962995079534,  
295, 3861629.9577219635, 97.32565799577897, 121.61042736079554, 102.22714089617897, 74.1557815581868, -0.349638955192, -0.764232790739, 0.541941733557, 0.854105632523, -0.0222753713257, 0.519622340095, -0.385040477749, 0.644555699215, 0.660523868686,  
310, 652314.378952167, 53.800888446220576, 129.55143956212163, 44.362613970971516, 27.096236309872666, -0.58245294835, 0.236452746846, -0.777713740053, -0.312615413718, 0.818012719384, 0.482832055722, 0.750346697243, 0.524352257014, -0.402535146913,  
367, 646380.2636984395, 53.63724868787607, 123.20170715592933, 100.1045433111901, 12.512064188852928, -0.335827287783, -0.297498691405, 0.893708320087, -0.49378329632, 0.863590955516, 0.101925059857, -0.802120994025, -0.407069023832, -0.436917292837,  
368, 1566669.8407261374, 72.04927658243072, 114.18072179766182, 97.93484263396765, 33.44713013229076, 0.320606462129, 0.46714887528, 0.824004505307, -0.929456549083, 0.322802381478, 0.178631312707, -0.18254319984, -0.823146737124, 0.537687111018,  
396, 3716677.773820209, 96.09233951572428, 129.308813478927, 95.26155324141142, 72.03117780562174, 0.0626588805481, -0.929703846767, 0.362938868123, -0.0428389183941, 0.360812909848, 0.93165383655, 0.9971151848, 0.0739242950101, 0.0172193742039,  
407, 1063576.5948699124, 63.32279182332815, 84.08138671622852, 62.80315009678206, 48.08380961396666, 0.641314085987, -0.42202380752, 0.640790253516, -0.636506395612, -0.758976414175, 0.13716563371, -0.428457525853, 0.49583334762, 0.755363117929,  
418, 2883819.4285883782, 88.29981995205098, 113.42133096635499, 101.062832303435, 60.06109552418921, 0.616411398006, 0.399497145613, 0.678556570269, -0.630348444599, -0.266097919623, 0.72928234283, -0.471908706002, 0.877265027126, -0.0877966137177,  
419, 1068767.7545253232, 63.425647715459306, 77.68502698099333, 68.3144569368808, 48.077822735476005, 0.948972199761, 0.314949754026, 0.0160753388921, 0.255170371097, -0.796807147998, 0.547710188524, -0.185310134089, 0.515659792244, 0.836513677633,  
425, 656426.5865926318, 53.91370579889125, 103.84771013649535, 41.07469928093779, 36.738907364929, -0.615695315406, 0.684097607716, 0.391062324577, 0.69391919429, 0.235569959231, 0.680428501831, -0.373356974467, -0.690302294234, 0.619747781111,  
426, 2061809.2001981353, 78.956269601187, 145.80791117909544, 63.41513084680814, 53.23360559846792, -0.650036611028, -0.304715206547, -0.69613292353, 0.115831755674, -0.945108660311, 0.305536617418, -0.75102290824, 0.117975688617, 0.649650927956,  
427, 2270340.861854137, 81.53313698868797, 132.5663432305687, 79.66391509417504, 51.32246812540274, 0.656933498331, 0.413779627799, -0.630257723784, 0.315688177546, 0.608173778211, 0.728330714754, 0.684674633186, -0.677429756591, 0.268904391108,  
429, 1190265.8712730631, 65.74334402380687, 114.58587802187489, 80.33249653199034, 30.869742796691533, 0.814229939386, 0.490236459068, 0.310962730898, -0.171934729046, -0.307978456603, 0.935728443095, 0.554498020515, -0.815363406383, -0.166476607294,  
432, 2208870.3339667255, 80.79054498234957, 127.11826621180558, 71.04583366639692, 58.3895378214831, 0.253144998702, -0.954795713883, 0.155829247521, 0.690470270164, 0.291137638246, 0.662185534134, -0.677619668879, -0.0600334935436, 0.732958091572,  
436, 1099544.281820565, 64.02870305944089, 114.86738637411916, 78.4176098744775, 29.141625612336032, -0.333454984622, 0.769550295147, 0.544610059098, 0.184384256541, -0.513282498772, 0.838178693594, 0.924559473031, 0.379912384234, 0.029263648693,  
441, 2301300.8649480096, 81.90207983839024, 115.5977447175528, 91.65111350230693, 51.85584128789868, -0.224840309418, -0.913504856824, 0.33905119351, -0.663954489594, -0.111043271138, -0.739482134796, 0.713169875281, -0.391379954129, -0.581558647513,  
465, 2091966.910064752, 79.33936748059516, 124.31519637081657, 86.25234988740594, 46.576949885990864, -0.892959591039, 0.420550917776, 0.160499515043, -0.0363967316714, -0.422846177288, 0.905470258085, 0.448662954449, 0.802706693575, 0.392891228452,  
468, 2463153.8427313594, 83.77883356200371, 102.39390846046936, 77.07297551482334, 74.51207913123108, -0.340968749327, -0.452527299514, 0.823989899924, 0.255160453761, 0.799060445149, 0.544422214677, -0.904783650835, 0.395880598404, -0.156987569536,  
471, 3478376.532089332, 93.99310453890365, 114.94643827238153, 91.20261021378936, 79.21094531406698, -0.763142661494, -0.496412012227, 0.41374919012, 0.0608296045163, 0.582226963666, 0.810747508164, -0.643360736618, 0.643884210784, -0.414125688265,  
479, 2355509.301156794, 82.54017868656511, 123.70098237074001, 72.91121635816897, 62.348889417454245, 0.683791227174, 0.437726660969, -0.583802130791, -0.385813590325, 0.895985410489, 0.219904565007, 0.619336282774, 0.0748699837528, 0.781547858018,  
500, 1787953.685253794, 75.2932225158697, 119.94562534033646, 84.79328741077714, 41.96833785014997, 0.692698568017, -0.557493554606, -0.457569262998, -0.392340984652, -0.823621133315, 0.409532392516, -0.60517538419, -0.104159326662, -0.789248749787,  
505, 1873586.9683797124, 76.47657254606221, 120.18665520730364, 74.76669037598036, 49.7760972433566, -0.569928888132, -0.316927561633, -0.758114755924, -0.162199306394, -0.861078435846, 0.481907991556, -0.805526192919, 0.397618973387, 0.439348044862,  
514, 1835842.4953544394, 75.95953015100598, 138.14427164044824, 69.3406217606105, 45.753697519475274, 0.40595389692, 0.150071474552, -0.901487651663, 0.539755212803, -0.83537381416, 0.103994715573, -0.737472537677, -0.528799719309, -0.420125115926,  
515, 2210393.07447895, 80.80910571829104, 114.55007100467864, 96.82918136035755, 47.575052808593234, -0.972921865527, -0.189317635952, 0.132596667748, -0.219899776133, 0.934846623795, -0.278757741482, 0.0711837905496, 0.300367479427, 0.951163626967,  
528, 1327722.6339948303, 68.18249927075293, 123.39500102150691, 71.63874828202859, 35.85693753565738, 0.257750106557, -0.324645525439, -0.910038551591, 0.594240076917, -0.68940600042, 0.414244007283, -0.761868501485, -0.647552815913, 0.0152229119382,  
534, 1161454.1234753213, 65.20854105652333, 109.48680758478415, 63.92118021604798, 39.61930683924426, -0.772870581104, 0.632769144937, 0.0476893497471, 0.62371488758, 0.771346190868, -0.126510050368, 0.11683665467, 0.0680313387274, 0.990818314867,  
542, 2503046.4096905855, 84.22869996449268, 130.79615097745187, 70.57378424017391, 64.73541305899249, -0.867427743235, -0.418201744877, -0.269585628046, -0.495257852961, 0.673599257431, 0.54861981323, 0.0478410843009, -0.60940244582, 0.79141638199,  
546, 1391047.2678789496, 69.24967817397847, 111.890042167291, 85.70652183607066, 34.62963945757348, -0.89765066211, 0.0138928970866, -0.440488678883, -0.436964772678, -0.158046134414, 0.885484729871, 0.0573155847268, -0.987333989493, -0.147940923818,  
548, 1428329.587330741, 69.86289976868864, 124.90530732575019, 74.1916379874283, 36.79628479195464, -0.856324952914, 0.255351198733, -0.448891234402, -0.0155588250186, 0.856056810761, 0.516647519798, 0.516202962004, 0.449402383232, -0.729089843547,  
549, 1879016.5418968373, 76.55037655825149, 111.87636017759151, 76.65061119138399, 52.3104003102458, 0.267706302203, 0.568992641887, -0.777547882281, 0.815487535401, -0.56360028475, -0.131661682486, 0.513140736413, 0.598833944017, 0.614885755345,  
552, 2754140.7078443575, 86.95592348027732, 124.72700904528732, 94.19319792755161, 55.96512334370532, 0.426077731081, 0.249105778038, 0.8697149409, -0.482054201524, 0.876017226432, -0.0147501114654, -0.765559608306, -0.412965047362, 0.493333919153,  
557, 494721.95689885586, 49.06338698561398, 83.73729860689072, 52.59299901248605, 26.817957233401504, -0.949014624563, -0.128608815319, 0.287803778621, 0.0107495236136, 0.899256265713, 0.437290082574, -0.315048710691, 0.418088437053, -0.852024863894,  
571, 1476444.0648192621, 70.63871597966613, 118.70904591833306, 69.72187980485366, 42.586846929244096, 0.335834239298, -0.941850930194, 0.0114973478488, -0.550224851811, -0.1862563849, 0.813978606312, -0.764505053067, -0.279688012572, -0.580781059832,  
602, 2247645.8519347995, 81.26055008954354, 156.87009332434343, 82.84670254288095, 41.28800432393821, 0.674725374085, -0.726577353538, -0.129734416763, -0.617207404342, -0.459064442926, -0.638995193462, -0.404722978829, -0.511219313571, 0.758191350412,  
603, 3168707.604670675, 91.11667270210182, 103.35126591145635, 94.28701268519104, 77.62933756349766, -0.47541837152, -0.238906349756, -0.846700140586, 0.151703201417, -0.970267649564, 0.188591693584, 0.8665815084, 0.0387871661215, -0.497525923991,  
604, 2583608.7057421557, 85.12282795101234, 98.00316059356719, 84.37457979977141, 74.59099924034074, -0.0121429321056, -0.933809944314, 0.357563332993, -0.981258760985, -0.0576454350268, -0.183870192826, 0.192311708404, -0.353094876374, -0.915609204349,  
605, 1669725.7321998526, 73.59565535301975, 110.8726243615529, 70.73481832062446, 50.82752480953162, 0.562858556541, 0.752732444494, -0.341444156978, -0.336523781029, 0.586001636011, 0.737125381054, 0.754945024575, -0.299993249253, 0.583148403301,  
606, 3486194.751876501, 94.06347346511043, 103.47643085055665, 93.78760220862729, 85.75829978674433, -0.272893698498, 0.66926074971, 0.691099904657, -0.212312474733, -0.742550386259, 0.635249822463, 0.938324273582, 0.0266265424763, 0.34472972724,  
607, 3699553.298191047, 95.94453146784166, 109.21725672527634, 95.43887435700982, 84.73134625837554, 0.334835205866, -0.578858449551, -0.743510780215, 0.54324392221, -0.52613603532, 0.65426822735, -0.769916505794, -0.622979749046, 0.138292466839,  
608, 2920086.2915385384, 88.66843135963387, 101.12122283368836, 94.50339503961936, 72.94866568471505, -0.992665551489, -0.0952193818475, 0.0744873963023, -0.0349875531268, 0.816052657173, 0.576917612703, 0.115719376137, -0.570080108442, 0.813398854158,  
609, 3277111.0727933985, 92.14409678719143, 105.34354128030434, 94.23909098536937, 78.80677404720603, 0.016083743336, 0.792585349017, 0.609548831287, -0.801993308581, -0.353839561801, 0.481252841546, 0.597116442741, -0.496594431129, 0.629957081697,  
610, 1792229.9512341847, 75.35320123155032, 97.83256468615008, 92.02186903374508, 47.525930978791834, -0.796666662887, 0.583041900434, -0.15932473312, 0.459981884333, 0.755846478665, 0.465953610112, -0.392095516846, -0.297923216666, 0.870346403819,  
611, 2577912.8245829167, 85.06022736560585, 136.20253232345618, 97.04202308560127, 46.56231811485191, 0.707417951917, -0.0139136148506, -0.706658512032, -0.596490560038, 0.524586446684, -0.607460345818, -0.379155447135, -0.851243485307, -0.362802529802,  
612, 3518942.4333029534, 94.35708543532981, 112.1283366204334, 87.95303249466066, 85.1838677901822, 0.0320594495441, -0.357515600453, -0.933356730906, -0.952116894141, 0.273153720735, -0.137333407226, -0.304048699367, -0.893067545195, 0.331639485182,  
613, 3759432.7030938827, 96.45940275119462, 104.59378882052906, 95.32794773311403, 90.01348307303901, -0.40200873995, -0.904068538041, -0.145082912602, -0.898083303704, 0.358444756246, 0.254879846846, 0.17842464127, -0.23276046753, 0.956026784218,  
614, 1623290.131054965, 72.9069918675686, 97.27336430567351, 78.77780443848961, 50.57195346237046, -0.947385755778, 0.219533980616, 0.232948623313, -0.0160951890477, -0.759501390809, 0.650306529452, 0.319689184424, 0.612341790762, 0.723074240067,  
615, 3782261.1503245193, 96.65425273882609, 107.9444587652416, 95.7418552493093, 87.36967307397529, -0.761013860355, 0.0198037632921, 0.648433277452, -0.642424350052, -0.162089571653, -0.749011298461, -0.09027102973, 0.98657730651, -0.136074830408,  
616, 2925363.0656923703, 88.72180897608673, 108.331131130231, 86.63961417487008, 74.40829910709617, 0.433215304509, 0.673397416391, 0.599049596892, 0.606993076099, -0.709310353448, 0.358382795429, 0.666246129825, 0.208362045701, -0.716031669973,  
617, 3566002.362871511, 94.77584658171553, 109.98237649308021, 91.57956540875382, 84.52230641102756, 0.460449132614, 0.562888276866, 0.686398852011, -0.468007099104, -0.503112879108, 0.726530650464, 0.754291688582, -0.655769943381, 0.0317778207831,  
618, 3948385.097753958, 98.0491045147849, 109.88515705256151, 96.00995084899763, 89.34610290315989, 0.567595177608, 0.82151859581, -0.0542486045406, -0.458962830393, 0.370428039038, 0.807549495828, 0.68351213206, -0.433463106427, 0.587299668562,  
619, 3249621.5029131407, 91.88572721563494, 116.62721449062099, 86.47556684588119, 76.92205001571855, -0.983243355286, -0.181687757796, -0.0149017768386, 0.0481168049074, -0.33749997681, 0.940094962617, -0.175833095211, 0.923625099443, 0.340586844004,  
620, 3062523.840733167, 90.08731080086822, 103.88068380863164, 91.32484541458655, 77.06676397626477, -0.486238221108, 0.856189463497, 0.174676829974, 0.857753533888, 0.429497329267, 0.282472864635, -0.166827058465, -0.28717877141, 0.943237555346,  
621, 3394103.6072054566, 93.22781277717846, 108.56828726043445, 90.22440895595099, 82.71979579930141, -0.892196484216, -0.0922131783358, -0.442133648679, -0.419663290631, 0.531093681856, 0.736085744726, -0.166937581301, -0.842280375429, 0.512538401601,  
622, 2909859.7014016444, 88.56480013835899, 121.82457587051857, 80.99472034542028, 70.40310647259828, -0.187740415019, -0.824755051701, 0.533416011442, -0.9539086692, 0.0236538806004, -0.29916340812, -0.234119173486, 0.564995220003, 0.791181783145,  
623, 3600080.745422372, 95.07679733743691, 111.66018654430991, 94.3740028917446, 81.55919058600811, -0.490647297596, 0.821035294212, 0.291832614731, 0.846636383523, 0.528406917128, -0.0631899044692, 0.206087514074, -0.216072153666, 0.954379778156,  
624, 3191228.6373972134, 91.3320285527282, 105.1514746201368, 89.49057001283862, 80.96115019032217, -0.148592856907, -0.626118005025, 0.765438702092, -0.467005483376, -0.637852667338, -0.612413139365, 0.871680010883, -0.448464289051, -0.197620191461,  
625, 3079979.6776793404, 90.25814713990066, 113.22451365107317, 96.7029921340869, 67.15507922109839, -0.191399576516, -0.444107930965, 0.875291007473, 0.608954511627, -0.753121883959, -0.248961504398, 0.769766591168, 0.485361281476, 0.414588737865,  
626, 2268940.7102984376, 81.51637265954639, 91.45196208258189, 86.7497532500773, 68.27681635336758, 0.737442891051, 0.289690621191, 0.610128942464, -0.616760362805, -0.079363235966, 0.783139918309, -0.275290096645, 0.953824313367, -0.120143838453,  
627, 1617527.6127201791, 72.82061872751478, 123.28151600139635, 58.19889976869052, 53.820825306275225, 0.839364479706, -0.0199190151979, 0.543203923993, 0.373360393687, 0.747420615282, -0.549512911838, -0.395056055052, 0.664052450251, 0.634795287224,  
628, 3295872.9275540835, 92.31960761481177, 106.1066715254906, 96.3658857895915, 76.9512786711983, -0.891244631012, 0.231834380259, -0.389789466023, 0.453110738722, 0.491810508889, -0.743514009149, -0.0193304461192, 0.839270661632, 0.543370122823,  
629, 3145986.075568397, 90.89836304706462, 121.34273767239009, 89.31665563176736, 69.29819850338717, -0.149977559284, -0.351941796406, 0.923928408295, -0.858829064743, -0.416593242106, -0.29809848739, 0.489815648243, -0.83820465435, -0.239778206186,  
630, 3438686.6692397767, 93.63423470291954, 96.46722632541217, 94.23181119462775, 90.30809173101379, 0.294862772896, -0.502177029484, 0.8129416807, -0.572725795216, 0.58813183144, 0.57103950156, -0.764879800135, -0.633970961406, -0.114191555904,  
631, 3167786.7785436125, 91.10784568154328, 133.29406950234687, 88.14326817970449, 64.36760587001169, -0.0622781573691, -0.400840572007, 0.914028591975, -0.911286671245, -0.350653263024, -0.215867764946, 0.407035666652, -0.846385919639, -0.343442631467,  
632, 3086075.0509044724, 90.3176491089178, 95.94861685729838, 94.2701560227371, 81.4525958924748, 0.418597827825, -0.863187538164, 0.28228200881, -0.0137968420886, 0.304744321108, 0.952334261644, 0.908066905954, 0.402539653588, -0.115656048701,  
633, 1288828.267607856, 67.51010982578957, 121.84510125660137, 66.06793446988314, 38.22149243491008, -0.0366153694928, 0.277121679163, 0.960136911932, -0.949376879027, -0.309609289613, 0.0531566491968, -0.311998167119, 0.909585434538, -0.274429373412,  
634, 3450906.6425082367, 93.74501877484434, 105.06338475648874, 91.46098293818248, 85.73484136842649, -0.99090154126, -0.0302208646443, 0.131151953352, -0.127124361079, 0.530172151091, -0.838305962658, 0.0441987822002, 0.847351278719, 0.529190209759,  
635, 148211.92103726915, 32.829543388383, 83.338760693364, 72.1614744650409, 5.883585793945062, -0.180821721047, 0.796530691562, 0.576924919376, 0.501214347552, -0.430077291019, 0.750877953837, 0.846219642295, 0.424938090961, -0.321465294931,  
636, 2855168.732960122, 88.00642712261053, 98.2181261923352, 93.85614398131324, 73.94159554982149, 0.938596156288, -0.344696539308, -0.0148845957338, -0.276847884461, -0.778189022621, 0.563717210968, 0.205894400775, 0.524982038608, 0.825833733186,  
637, 3543588.3429257777, 94.57685867055976, 104.81994870737049, 94.93025290655848, 85.01705841058303, -0.0282043784611, -0.806513345234, 0.590542747813, 0.798453553869, -0.373609486311, -0.472110023248, 0.601395406824, 0.458205385932, 0.654500870094,  
638, 3987396.9475346403, 98.37097009652798, 108.04732021627372, 98.07701741280212, 89.82963035200109, 0.2137072461, -0.40233985489, 0.890197648914, 0.653668212027, -0.618299680242, -0.436375267399, 0.725980083439, 0.675150462178, 0.130861651644,  
639, 3018212.3956792853, 89.65070924430539, 105.78755723304597, 85.50503680777261, 79.65900949984345, 0.49490603667, 0.680829463511, 0.539943753073, 0.340516906356, -0.723633728758, 0.600335292224, 0.799447466288, -0.113249583744, -0.589964643371,  
640, 1362636.8751782277, 68.77498579996288, 80.58946611835388, 75.85377449279143, 53.2152434445158, -0.27837605626, 0.00789575207177, 0.96043970576, -0.336510505232, 0.935781888878, -0.105228020581, -0.899592936371, -0.352491012008, -0.257842268226,  
641, 2007677.5140422643, 78.25914795336377, 113.13682028653773, 79.20247703354245, 53.48877018198326, 0.418050644568, 0.345777226457, 0.840042718104, -0.288691966637, -0.82621870375, 0.483755725519, 0.861330718699, -0.444747977215, -0.245578154133,  
642, 3516985.0046481243, 94.33958666279112, 101.15778005764358, 96.58602322566213, 85.93465390582692, -0.710022133551, 0.696346212924, 0.104740257845, -0.543453127691, -0.636454397486, 0.547343126315, -0.447802710879, -0.33170431361, -0.83032823658,  
643, 2819894.36998356, 87.64249725783431, 109.47669030761992, 80.95208172023422, 75.96167811965704, 0.445282925011, -0.850728142123, 0.279257488517, -0.778970742146, -0.521850344612, -0.347673410989, -0.441506171615, 0.0627203796864, 0.895063380101,  
644, 2946465.574160544, 88.93463370032539, 96.90406779429453, 94.02753124871327, 77.1997191386519, 0.12987174779, -0.615386018591, 0.777453135082, -0.919571365384, -0.368010639813, -0.137683234093, 0.370839362921, -0.697042478696, -0.613685546352,  
645, 334358.2664279035, 43.05674072453802, 123.84579927463109, 60.3858421444081, 10.673504753309883, -0.807704630131, -0.427201500804, 0.406339892425, -0.588601337562, 0.624107402789, -0.513846684532, 0.0340836600958, 0.65420855046, 0.755545813713,  
646, 3463778.283141404, 93.86142828457109, 108.10829387102157, 96.35358935417459, 79.38428994779977, -0.837158915079, -0.149219756342, -0.52621137884, -0.517816480866, -0.0936255397839, 0.85035307399, 0.17615630289, -0.984361581238, -0.00111100620472,  
647, 3347971.544542174, 92.80350585339414, 115.49872485566057, 94.21445014008856, 73.45112323321969, -0.239288713969, -0.970690429407, 0.0223830655637, -0.818768957266, 0.189339943673, -0.542003487394, 0.521879589546, -0.148021876717, -0.840078102338,  
648, 3091647.7057538107, 90.37197987229652, 117.6480014119697, 90.31809365166863, 69.46116685251685, -0.185061108477, -0.174754719627, 0.96706420371, 0.680796252229, -0.732469881447, -0.00208223991234, 0.708709283896, 0.657988343924, 0.254524046369,  
649, 3385934.4677418065, 93.15295719174202, 106.6107696025687, 98.40947602884182, 77.0463272844293, 0.170584261644, -0.841230188074, -0.513062160321, -0.198837487122, -0.539370554083, 0.818256108504, 0.96507236174, 0.0375656234092, 0.259276224408,  
650, 2872980.321170078, 88.18905332544549, 109.76469820787227, 96.82826055684032, 64.53260907194412, -0.134254183698, -0.352614805629, 0.926087799839, 0.867674681444, -0.493248347729, -0.0620218884201, 0.478661113253, 0.795216238713, 0.372175593431,  
651, 2945231.4150197455, 88.92221488682709, 100.15796477606854, 90.37718905816669, 77.67593581908606, -0.677600865075, 0.357759772764, -0.642545728055, 0.410413269187, 0.90895003397, 0.0732856344874, -0.610260613284, 0.214050883527, 0.762734687251,  
652, 658748.5084369131, 53.97719911402039, 111.10341586768392, 75.67672203645763, 18.70429363979322, 0.490719825539, -0.585268303928, 0.645488237879, -0.37748074673, 0.524886842175, 0.762890613889, -0.785303978514, -0.618024930993, 0.0366448632158,  
653, 3372838.862766011, 93.03270772669606, 104.34757840145784, 95.39653983390122, 80.8894693983889, -0.667841391956, 0.492659512939, -0.557919778732, -0.566470739125, 0.149797613181, 0.810352748376, -0.482803041524, -0.857232336882, -0.179036151933,  
654, 3085980.494728025, 90.31672666658703, 98.8428552711348, 89.52830534143624, 83.25281386122589, 0.294501701518, -0.475072417196, 0.82920139063, -0.45672295112, 0.692207506082, 0.558795950633, -0.839447969634, -0.543281664465, -0.0131201880328,  
655, 1790523.1623404075, 75.32927333930046, 86.66860955450721, 77.55281708233358, 63.59631136563004, 0.567023370444, 0.791356013054, -0.228561059619, 0.314022001557, 0.048845610185, 0.948158366996, -0.761495029471, 0.609401154388, 0.220806596645,  
656, 3036434.811374373, 89.83076899962693, 107.85913321023438, 103.27592083785447, 65.07577526423978, -0.372490615029, 0.222231816312, 0.901034828147, 0.544240293474, 0.838733564902, 0.0181248466759, -0.751700235915, 0.497130794586, -0.433367890365,  
657, 2427074.5408343063, 83.3677668762609, 94.00157101268329, 88.37874467230299, 69.74475691606749, -0.196052277542, 0.964047717124, 0.179375314851, 0.70042355551, 0.0096533203641, 0.71366214436, 0.686272793689, 0.265553784596, -0.677134285153,  
658, 2988261.8840684146, 89.35318042658581, 121.72117812332226, 96.17274569786218, 60.94132375814123, 0.0388172703179, 0.320892612833, 0.946319792963, -0.521257706239, -0.801467574539, 0.293155471804, 0.852516054518, -0.504655979843, 0.136156963823,  
659, 1915784.594184737, 77.04645996375977, 111.0430009653992, 75.98252962187567, 54.20671996211819, 0.486318372947, -0.501070499532, 0.715837128566, 0.538814229313, 0.816908977014, 0.205764305855, -0.687876199926, 0.285636268307, 0.667261759584,  
660, 3294710.0007756357, 92.30874821823664, 112.0382377450497, 88.56271098121984, 79.27046640943205, 0.245068640439, 0.480837450992, -0.841865017207, 0.765997056039, 0.43625575244, 0.47215403059, -0.594297797079, 0.760576271117, 0.261407467759,  
661, 174670.46775471998, 34.677168173580505, 101.65389142673055, 40.46951261665949, 10.136286825986993, 0.91108384609, 0.249187527556, 0.328377528928, -0.222183800784, -0.374139739865, 0.900363156578, 0.347218352141, -0.893266495042, -0.285507241191,  
662, 2858848.054914802, 88.04421414664753, 111.35247333609634, 84.25118677271692, 72.74892317142516, -0.83282234229, -0.137525439426, -0.536184389639, -0.553503590644, 0.218065196569, 0.803791854393, -0.00638132634119, -0.966195799802, 0.257730392306,  
663, 3419776.111698224, 93.46227647538008, 106.90020857211348, 94.50489208186829, 80.81206824424228, -0.0764967421195, 0.996395466729, -0.0366650014014, 0.768780705719, 0.0823585549489, 0.63418711351, 0.634920841491, 0.0203259024251, -0.772309771226,  
664, 3659530.902117699, 95.5972948727869, 108.01629849060788, 90.47061479092312, 89.40050606237607, -0.45196271799, 0.224342012477, 0.863365717981, 0.195899636444, -0.919269240928, 0.341419675948, 0.870260325413, 0.323441994987, 0.371526906011,  
665, 2924177.4096051413, 88.7098209748886, 104.64635060810862, 90.69760159232295, 73.55212392410473, 0.605751212955, 0.687431812387, -0.400628220824, 0.726865291588, -0.682913102399, -0.0727773485132, 0.323623725781, 0.24711778141, 0.913345764879,  
666, 2269181.475071766, 81.51925588118003, 125.98167503360365, 76.22458065929101, 56.412870387074406, 0.807454719204, 0.295895048892, -0.510355754819, 0.434332636121, 0.287255449625, 0.853720954329, -0.39921427534, 0.911005173806, -0.103428891817,  
667, 3560420.69497216, 94.72637161454819, 119.70631297742872, 98.3486286195472, 72.19836197123448, 0.0661976605346, -0.665131909617, 0.743785864714, -0.988893785249, -0.143142137561, -0.0399926237016, 0.133067468736, -0.732877801044, -0.667220486422,  
668, 3237511.215998715, 91.77144234791722, 104.98105562489977, 91.7936456733756, 80.2045706452794, 0.427874213509, -0.854419926658, -0.294771515488, 0.268476974248, -0.19126589307, 0.94410670607, -0.86304331972, -0.483098278901, 0.147554333079,  
669, 2749865.8308095885, 86.91091024236191, 102.50377315837255, 98.17409033610754, 65.23582475517331, -0.730460961301, 0.652850982336, 0.2005302443, 0.410385812303, 0.184885556081, 0.892973020988, -0.545903168223, -0.734576698525, 0.402972461724,  
670, 3676335.9705889327, 95.74340341918086, 119.6902572478597, 90.39122012817558, 81.12253905219102, 0.473811971695, 0.5159510032, -0.713650318977, 0.747578288846, 0.192651165015, 0.635619564413, -0.465434117277, 0.834673643357, 0.294433339755,  
671, 3309122.971130795, 92.44315639673155, 101.1842391408246, 95.97368580353988, 81.35031760592163, 0.0395105366138, -0.0699970909616, 0.996764427913, 0.590546346987, -0.803048344656, -0.0798020563984, 0.806035935649, 0.591788613782, 0.00960765534286,  
672, 3434039.088811705, 93.59203168770493, 107.85576088609852, 89.29515194148496, 85.12270135892378, 0.393969384213, 0.112926367693, 0.912159941996, 0.669164497601, 0.645093590148, -0.368880922657, 0.630084914479, -0.755712839265, -0.178580808367,  
673, 2600331.0678528603, 85.30608514602241, 110.66179816913524, 89.39388304446452, 62.75300253456631, 0.435224976019, 0.590282192693, 0.679813322346, 0.277842930053, -0.806283025806, 0.52221737669, 0.856377560699, -0.0384007198771, -0.514920244546,  
674, 3967145.250671906, 98.2041477015247, 121.73668649163487, 99.59363683525322, 78.11535739740235, 0.400137343102, -0.916413497098, -0.00874122371032, 0.660713759175, 0.28185406703, 0.695712306443, -0.635096398268, -0.28415592064, 0.71826734415,  
675, 2684276.9427733007, 86.21435243997803, 109.7470281894438, 99.81567144384456, 58.49883404752631, -0.393050558036, 0.906230908111, -0.155745947015, -0.63939216191, -0.391087327374, -0.661988191478, -0.660824426089, -0.160612090303, 0.733154031792,  
676, 3779194.6170507246, 96.62812431031632, 112.35905520415785, 96.11130681302323, 83.54646657224433, 0.520135962012, -0.853585211818, 0.0291696278105, -0.630427598492, -0.360664209136, 0.687373531137, 0.576211440429, 0.375917031289, 0.725718100578,  
677, 3381144.108888559, 93.10900608506267, 99.48132031386582, 92.88918530946646, 87.35109984657423, 0.84832884107, 0.524099396921, -0.0752196753221, -0.215773078521, 0.471943931829, 0.854816298274, 0.483508175726, -0.708934938733, 0.513450189064,  
678, 3571552.198125809, 94.82498822991766, 102.08805561698607, 93.47893707151127, 89.34694236718495, -0.738168555033, -0.652207668789, 0.17243068501, -0.00134599365734, 0.257021513656, 0.966404744307, -0.674614981053, 0.713137503074, -0.190603066734,  
679, 3314470.512748955, 92.49292563396716, 116.48108651040724, 93.55129644626868, 72.61399433266314, 0.786944193671, -0.522928597896, -0.327512621971, -0.485093185876, -0.196304861677, -0.852143768562, -0.381318026146, -0.829463732049, 0.408150070624,  
680, 3664701.009723044, 95.64229296521036, 106.05174395791585, 91.44298821056869, 90.21561503894144, 0.162711003252, 0.312032827213, -0.936034531501, 0.802339426028, -0.593990375473, -0.0585395531833, 0.574261765105, 0.741492379318, 0.347005009404,  
681, 1377895.3895021898, 69.03074268618731, 101.76387679864318, 71.30089079143997, 45.33556561645794, -0.957367964305, 0.161307142649, 0.239638449865, 0.287819787717, 0.461938529053, 0.838911535965, -0.0246241897671, -0.872119717187, 0.488672536748,  
682, 3292154.541154841, 92.28487638604867, 100.3270239158947, 94.19782352368622, 83.16350916228821, -0.329569062671, -0.836632174232, -0.437528099635, -0.201431694601, -0.390440648511, 0.898321419315, 0.922393357164, -0.384190974686, 0.0398470780553,  
683, 2707976.4809411946, 86.46733880360512, 96.62601147702718, 90.89611132957339, 73.60662785884094, -0.842244333562, -0.142919220398, -0.519806289905, -0.46253462288, 0.686875438195, 0.560592414364, -0.276922742333, -0.712584190707, 0.644622033391,  
684, 2890978.5002492676, 88.37282756984555, 111.75485968286225, 84.74880223928166, 72.87125783935765, 0.304028149822, -0.691448808764, -0.655336119083, 0.3852613884, -0.539900754752, 0.748385487317, -0.871286719011, -0.480005958169, 0.102243500517,  
685, 3260998.0082209744, 91.99282901856557, 105.6163895157657, 87.61748340740418, 84.12785814794242, 0.302123842787, -0.00548232440061, 0.953252919082, -0.765085012057, 0.595125099245, 0.245908602074, 0.568652888804, 0.803614372922, -0.175607037693,  
686, 2188354.7564194654, 80.53964407072155, 117.2965875667916, 74.92379681916702, 59.44618146532964, 0.448162914695, 0.162050531445, 0.879141414762, -0.775295472257, 0.56005156832, 0.291991731937, 0.445047112775, 0.812454223991, -0.376631386544,  
687, 2006151.0511759447, 78.23930911456716, 115.90109828150058, 86.69568533515093, 47.66394502331566, 0.843753492419, 0.536560450455, 0.0135250522279, 0.430123195412, -0.69102202866, 0.580932519898, 0.321051523589, -0.484346403842, -0.813839345502,  
688, 1980382.6306516654, 77.90287754602343, 102.06417782444151, 91.75221283650069, 50.48595904804629, -0.715372402025, 0.674850349011, -0.181161068833, -0.396302072866, -0.178326144669, 0.900635582891, -0.575488482477, -0.716084347383, -0.395014194643,  
689, 3774876.3008771897, 96.59130607543646, 112.91606674455478, 105.24533678434182, 75.83252405057328, -0.290176559039, 0.815253406987, 0.501158105772, -0.405219329452, 0.369748934628, -0.836111846812, -0.866945707425, -0.44569901025, 0.223063965354,  
690, 3675414.240970666, 95.73540116660155, 117.9599156780121, 87.54666552350477, 84.9656964645417, 0.565371350151, -0.791220543623, -0.233077857759, -0.598075119642, -0.587832451993, 0.544756055174, 0.568032910749, 0.168591398752, 0.805552948336,  
691, 3685970.9590843953, 95.82697230234194, 115.19732342007917, 93.2793456315918, 81.89085785302524, -0.349460324938, -0.811722336057, 0.467957616072, -0.899802119113, 0.429991674165, 0.0739141839454, 0.261215672833, 0.395239179858, 0.88065450829,  
692, 3310615.342262689, 92.45705119252655, 107.17396119359017, 98.3671727592416, 74.96881430034476, 0.178447998882, -0.857944110782, -0.481755347111, 0.979055865197, 0.203591762747, 8.34574757505e-05, 0.0980098184815, -0.471680290999, 0.876305756323,  
693, 3847863.1841149363, 97.20986443335629, 108.87360523715553, 100.43625474949032, 84.0074686341815, -0.97420887463, -0.126950907304, -0.186549016955, -0.218202075931, 0.319384013483, 0.922161431633, 0.0574884566805, -0.9390832333, 0.338847691865,  
694, 3183336.9077133466, 91.25668007729114, 100.3666544317405, 91.29119040455632, 82.9422241727559, -0.056905048376, -0.950562851962, 0.305273778663, -0.00488639072767, 0.306030758911, 0.952009084928, 0.998367637023, -0.0526824360708, 0.0220595166463,  
