# Void_ID, Void_Volume, r = (a*b*c)**(1/3.0), a, b, c, vector_a, vector_b, vector_c 

10, 606248.0376597695, 52.5033779111489, 95.2353492800226, 69.3692432934106, 21.907690688470034, -0.681218513545, 0.63445974603, 0.365242614534, 0.70636226886, 0.43856291619, 0.555621196206, -0.192337416887, -0.63649304726, 0.746915603569,  
11, 2966456.31989756, 89.13531074305352, 127.79720605838797, 106.41706742718, 52.07349206505767, -0.590102431397, -0.739366568746, -0.324216281948, -0.80294126621, 0.495680853557, 0.331037481916, 0.0840502437579, -0.455672654915, 0.886170405784,  
12, 1471886.2556368872, 70.56595339605248, 92.11756276682885, 85.40056943019842, 44.66655266387344, 0.417440267386, -0.179684427351, 0.890762106139, 0.741946079646, 0.633358305578, -0.219939245369, -0.524651920861, 0.752708949942, 0.397705416877,  
13, 1700522.8069800923, 74.0453773218375, 120.24832372694061, 69.8919637840798, 48.30449848559411, -0.473280076348, -0.172228580522, 0.863911618965, -0.833488236976, 0.404987979141, -0.37587510635, 0.285137384701, 0.897954371225, 0.335223237624,  
24, 1119296.0357864061, 64.40982493822764, 109.70607021265909, 99.87355297164856, 24.38794448888867, 0.731659814222, -0.670463301462, -0.123097025329, -0.185220355641, -0.36932270874, 0.910655893664, 0.656023883795, 0.643490247169, 0.394402035606,  
25, 1827215.8785816403, 75.84036545820513, 137.97454613067995, 84.76275690151633, 37.29900130256008, 0.613582450543, -0.778539118772, -0.131884104147, -0.48410662989, -0.502840378582, 0.71609519239, -0.623824772898, -0.375537473774, -0.685429980749,  
30, 1630923.6779876123, 73.02109528174373, 123.58749266643396, 105.12870535166161, 29.96740871425152, -0.507941077154, 0.802217660723, 0.313755775984, -0.402107357396, -0.542944584152, 0.737238666693, -0.761777877906, -0.248310296532, -0.598361480519,  
33, 1471441.8193941747, 70.55885021485813, 113.7865333097871, 74.74202199137795, 41.304633860764824, 0.184710775343, -0.22388555918, 0.956952029029, -0.573079521309, -0.815566763326, -0.08019175028, 0.798412043827, -0.533597330342, -0.278948198282,  
34, 1741667.014718787, 74.63780161236512, 106.22896230350952, 97.05751161750493, 40.32779027376783, 0.714221031573, 0.522999108255, -0.465145408257, -0.416744981687, 0.851691249718, 0.31771942873, -0.56232725196, 0.0330748834931, -0.826253056748,  
40, 438115.59460112074, 47.115814246523755, 146.1304271750659, 49.57753776634031, 14.436918170269884, -0.392019296507, 0.500298260337, -0.772024948995, 0.892246193469, 0.411189731214, -0.186600469411, -0.224092841044, 0.76198730675, 0.607583527546,  
55, 1124023.4413848005, 64.50037700008647, 96.58094151543746, 81.57323317346741, 34.060235652796976, 0.039653113679, -0.222867320977, 0.974041984627, -0.496859592652, -0.850148595695, -0.174292600036, 0.866924550215, -0.477050859425, -0.144444805225,  
59, 462201.7146360105, 47.963880724715345, 161.14605241756766, 68.64599562064576, 9.974888816044336, 0.280714460829, 0.505285544302, -0.816018327123, 0.786375107232, 0.366372849942, 0.49737825199, -0.550285000893, 0.78131776733, 0.294497817049,  
70, 3002562.598286336, 89.49549072462166, 101.22943170100166, 97.4571955049202, 72.6578851558382, 0.313593148669, 0.917855258636, 0.243312682164, -0.779766321097, 0.102697952459, 0.617590167541, 0.541870668694, -0.383399080274, 0.7479179926,  
87, 1476375.0611715964, 70.63761549661514, 129.17371830480877, 60.53788637670503, 45.07198408080535, -0.496447503608, -0.633093990639, -0.593912346376, 0.192160027469, -0.747353407895, 0.636032552273, -0.84653080275, 0.201630559995, 0.492677092294,  
90, 838484.4286495008, 58.497251901757075, 144.56362792087958, 47.39767632201714, 29.213951441554855, -0.63463597859, 0.701391540676, -0.324479708683, 0.0295462014491, 0.44158348558, 0.896733543057, 0.772246202101, 0.559512226793, -0.300968223255,  
104, 1292161.9458277745, 67.5682668414608, 116.09532224192316, 93.48648028151783, 28.422665708499036, -0.950116560473, 0.0946499404712, -0.297186658992, 0.293070205076, -0.0550924752879, -0.954502317474, 0.106716336195, 0.993985013939, -0.0246051956642,  
110, 602204.1973801802, 52.38638008993679, 110.18036968271578, 60.95332334936273, 21.40688885223801, 0.403631151281, -0.552544081827, 0.729230369193, -0.780838164264, 0.207361392921, 0.589315716705, 0.476837136709, 0.807277084007, 0.347749988773,  
118, 1073028.3674516652, 63.509817494343, 105.65745870027246, 83.41065893112278, 29.067044894080702, -0.803321236916, 0.0362438116698, 0.594442071556, 0.574760249436, -0.214221041455, 0.789784781485, -0.155966810533, -0.976112560883, -0.151256809759,  
120, 1420060.3242197433, 69.72781582377661, 104.91562910776247, 79.0510438133127, 40.87618784959277, -0.457276111687, -0.724690440078, -0.515482612452, 0.698218615856, -0.651550186461, 0.2966026281, -0.550807881346, -0.22429025967, 0.803930691829,  
128, 252470.4429604296, 39.207935726906285, 105.21063703694928, 63.924852071855405, 8.961744351860645, -0.0851807366673, 0.807173071562, 0.584136862941, 0.589573682369, -0.431781274578, 0.682618344305, 0.803210504886, 0.402537654722, -0.439108553062,  
136, 3251148.8042926188, 91.90012019624118, 140.67358030988146, 83.52745291104361, 66.05511592516991, 0.305174033794, -0.340032131292, -0.889520634267, 0.375313142204, -0.815531171073, 0.440509879909, -0.875219317878, -0.46828096128, -0.121260409515,  
139, 1127131.3725201562, 64.55977026113, 125.75659759900863, 59.706934479371526, 35.83689515312886, -0.943259460821, -0.111766788364, 0.312681586587, -0.330736941582, 0.232360999325, -0.914670127131, -0.0295747365916, 0.966186602583, 0.256142116693,  
147, 1515177.7083710907, 71.25111325560383, 82.72105989938547, 78.46478596304677, 55.72936289596332, -0.23867356969, -0.369392289721, 0.898100363782, -0.966570060657, 0.00114159894231, -0.25640010646, 0.0936869519848, -0.929272851775, -0.357315997377,  
159, 741971.5980662015, 56.160748925255646, 104.73416633009137, 50.70217536178508, 33.35674759998828, -0.793605570714, -0.0889670001656, -0.601892906599, -0.18375899717, -0.908007512308, 0.376503636837, -0.580019679917, 0.409398620508, 0.704251333286,  
175, 184916.10303425623, 35.3423460072796, 58.06254892461919, 42.95813935768206, 17.6988302242587, -0.0316119861669, 0.292794044064, 0.95565282927, -0.292192009648, -0.917069318735, 0.271307379429, 0.955837073893, -0.270657555584, 0.114542462766,  
189, 566743.8721247449, 51.33726658354326, 99.63268770764107, 40.78525014548667, 33.29609081370365, 0.39201689867, 0.731148920822, -0.558340403999, 0.770500367706, 0.0706634170185, 0.633510745655, -0.502644938821, 0.678548404373, 0.535649258752,  
197, 621771.5549980382, 52.947738287169315, 89.29666266034867, 75.80135333318802, 21.929566824437277, -0.682670766321, 0.707958684324, -0.18098377303, -0.687905102281, -0.539102333168, 0.485958068797, -0.246469460716, -0.456249028123, -0.85503779406,  
201, 2020764.5098840497, 78.42882324616195, 115.46916276497058, 76.52197563199347, 54.597770124395865, -0.0185278623853, -0.814571757917, 0.579766823403, 0.847012662272, -0.320894468275, -0.423788025056, 0.531249723074, 0.483217954379, 0.695898081834,  
214, 1092127.9570898882, 63.884422286586066, 127.05367111487662, 90.64471126371639, 22.638895106560238, 0.818374512451, -0.0342692040507, 0.573662600337, -0.243673075066, -0.924737285816, 0.292377127541, 0.520467664566, -0.379060119077, -0.765131907756,  
218, 648903.3581314149, 53.70694766967171, 96.95994135877976, 60.78478657634159, 26.284769448352762, 0.51742719346, 0.113925997062, -0.848109643066, 0.406516402105, 0.839398533686, 0.360769339697, 0.753002997529, -0.531442347616, 0.388014841047,  
222, 343113.0375557876, 43.42930410455678, 72.02355225989311, 48.16315114093536, 23.613435699511765, 0.382160067756, -0.817886527534, 0.4301340613, -0.754162146218, -0.00704612824039, 0.656650446805, 0.534034773984, 0.575336406074, 0.619511807814,  
228, 2064524.0682489376, 78.9909093791715, 114.88005146355778, 73.71371410256485, 58.202069285454, 0.357134827853, -0.747179336626, -0.560515614103, 0.556268790776, -0.311929113267, 0.770237145758, -0.750346418092, -0.586875853324, 0.304231795908,  
252, 152931.20925271802, 33.174356273957784, 63.86031465258656, 40.759070160447195, 14.026592864645048, -0.959758842305, -0.140569615079, -0.243111389971, -0.251406688399, 0.815828607686, 0.520786290055, -0.125130498462, -0.560949076297, 0.818338861448,  
257, 873909.8533875395, 59.309738461029205, 94.16226977292152, 84.51001877239129, 26.217598600885257, -0.656041427436, -0.754711342348, -0.00452053310037, 0.70628912279, -0.616039002641, 0.348785926113, -0.266017519191, 0.225625213479, 0.937191518595,  
258, 1086603.7225704668, 63.77652612419283, 119.15611891681078, 54.69532309401144, 39.80302120050341, 0.453479681063, -0.889312417124, 0.0589881650097, -0.794314009891, -0.37324415694, 0.479326666273, 0.404254168257, 0.264220029632, 0.87565195334,  
264, 172221.48469165267, 34.514340014472076, 76.52552225392436, 32.732054181801274, 16.41417865422228, 0.114166418062, 0.977065945717, 0.179744726505, 0.840300368098, -0.191487919541, 0.507176170619, -0.529963508518, -0.09313707312, 0.842890363719,  
268, 2987288.5408175816, 89.34347793474474, 119.69812720615445, 92.2470531351238, 64.58753453484736, -0.752420443459, -0.639525806829, -0.157702944375, -0.653842511941, 0.754141015074, 0.0613294298162, -0.0797085054656, -0.14925840607, 0.985580276981,  
269, 1231239.845313048, 66.48923724059587, 130.69276471245746, 60.768081697759854, 37.01067281470719, 0.116254834148, 0.840614576638, -0.529010346856, 0.931702197731, 0.092236451855, 0.35131673984, -0.344116009915, 0.533722372112, 0.772479515086,  
277, 682708.7345330009, 54.62384704006134, 74.79799214820356, 68.7926219766588, 31.674885043979263, -0.712277502129, 0.165492311914, -0.682109268856, -0.653368985258, 0.198745812661, 0.730485503656, -0.256456095782, -0.965977430713, 0.033434627098,  
278, 1479443.7163069057, 70.68652187541487, 130.4275840088428, 63.963334427057596, 42.33594839012647, -0.275126623939, 0.961286441505, 0.0152878441779, 0.912019033378, 0.255928845079, 0.320502276143, -0.304181892223, -0.102121514069, 0.947124370296,  
279, 646096.2902813903, 53.62939274262525, 94.68895928075877, 63.184434828252186, 25.780966211780118, -0.276409687636, -0.895392068623, 0.349099882595, 0.144383344353, 0.320439159775, 0.936200937169, -0.950132166835, 0.30917921717, 0.0407072133146,  
282, 2134394.2755370457, 79.87214468764485, 110.742738233213, 81.30592386656802, 56.59115938712682, -0.752665833188, -0.128267986972, -0.645787478254, -0.657157886882, 0.0860686392888, 0.748822876948, 0.0404679535012, -0.987997729172, 0.149073243374,  
289, 1081292.8131746273, 63.67245117358332, 148.10537031887733, 79.73403684344748, 21.859496191475095, 0.256035200946, 0.959422817439, -0.118126344452, 0.664721912295, -0.0860183892516, 0.742122372675, 0.701848099799, -0.268530620391, -0.659773105485,  
291, 383508.28133585, 45.070811646550254, 118.75187555555549, 44.36162839071934, 17.379536103160056, 0.161776091382, 0.653141820133, -0.739752836459, -0.678946365587, 0.61767334129, 0.396877154944, 0.716142673574, 0.438047264861, 0.543373043897,  
292, 903609.2616701346, 59.97413894092014, 112.27789927692851, 70.96361987005733, 27.07459850560402, 0.812817259576, 0.566390766978, -0.136123479302, 0.343557375185, -0.277397725276, 0.89722841683, 0.470421547648, -0.776048968232, -0.420061384103,  
293, 207141.53660483655, 36.70508167263809, 85.93368904376582, 38.267547915032516, 15.037806548761894, -0.899426626667, 0.435405303642, -0.0381308903927, 0.424640595174, 0.84985435055, -0.312134502709, 0.103499314839, 0.296934006829, 0.949272398954,  
306, 948930.5095679846, 60.96051120401905, 99.41163929709627, 76.10739643668335, 29.94206163671745, 0.662960543405, 0.710654460613, 0.235485786192, -0.567537682999, 0.271930183862, 0.777145387608, -0.488246143113, 0.648863785948, -0.583602168451,  
312, 1576241.3728284403, 72.19570656269023, 90.18302605560135, 72.57057332373707, 57.49747265530856, 0.398858541786, -0.239808727256, -0.885100919656, -0.733740404405, 0.495477715301, -0.464894453166, -0.550033528604, -0.834861430402, -0.0216681664955,  
313, 504840.5442360943, 49.39563115059232, 91.0234276684926, 64.37650258567388, 20.567667953016496, 0.461696152181, 0.663108650218, -0.589171945247, 0.569308321959, 0.287837548722, 0.770089332542, 0.680238706345, -0.690967773164, -0.244619784234,  
317, 2432503.493455701, 83.42988042144343, 123.2336762832072, 85.63634084120936, 55.027192662934425, 0.715985857356, 0.64040107963, -0.277940118145, -0.420195327101, 0.713259663314, 0.560978199017, 0.557494519389, -0.284863317923, 0.779777372686,  
337, 3911008.190736104, 97.7387331085224, 125.47384142886904, 110.21532887455828, 67.51572273480764, 0.766475769259, 0.626538966094, -0.141293379554, -0.452987203384, 0.683297853476, 0.5726313273, -0.455321302719, 0.374903944233, -0.807545381937,  
344, 456370.1597400019, 47.761307805534805, 125.90573666940462, 65.39860004872206, 13.231669983311544, -0.439968421403, 0.888611474459, -0.12960492131, -0.186632194909, 0.0506924095187, 0.981121146159, 0.878405494058, 0.455850772816, 0.143540450507,  
354, 1111841.8411749448, 64.26652261720201, 115.58517142686283, 66.0169533838555, 34.785384209105786, -0.424108367186, -0.674289756498, -0.604537357955, 0.247294104684, -0.728404675827, 0.638961856468, -0.871193272857, 0.121490544958, 0.475670399347,  
355, 2259354.688115957, 81.40141140457575, 126.27037951449361, 110.51866344050069, 38.6508185102898, 0.979542897057, -0.13423209925, -0.14992483569, -0.0874534049081, -0.954944316219, 0.283607571993, 0.181239109454, 0.264694345336, 0.947147976164,  
359, 83538.3206068537, 27.118502904040213, 98.13753464509146, 33.08826032067553, 6.1416922857452, -0.596702629811, 0.755373469993, 0.270844775484, 0.0154022508709, -0.326674011905, 0.945011566391, 0.8023146155, 0.568062506047, 0.183292790309,  
371, 1281596.7638571581, 67.38360847477072, 142.09778080947856, 69.2872184124604, 31.075803794657634, 0.826677382867, 0.556637115254, -0.0822169482418, 0.372758514846, -0.432320152691, 0.821066608252, -0.421492104631, 0.709404262391, 0.564880516778,  
378, 2377333.1576694855, 82.79430777656803, 96.0730534304105, 83.7690031561522, 70.52068094042872, -0.952145248773, 0.303293881197, -0.0378450375596, 0.299076645365, 0.89897778696, -0.319987654057, 0.0630284494215, 0.315993291354, 0.946665545155,  
415, 1338838.3118102008, 68.37224508799804, 109.0721283819714, 70.72155438672961, 41.435629097499486, 0.780743284221, 0.513189379529, -0.356478028613, 0.480306759314, -0.127974657807, 0.867714183309, -0.399681549613, 0.848680827931, 0.346403682429,  
431, 950519.5888625495, 60.99452039013794, 137.6116072272303, 56.83436154059188, 29.01392000802127, -0.223335443564, -0.746899811399, 0.626308192011, -0.963215770152, 0.267626735036, -0.0243168835166, 0.149454540842, 0.608700749487, 0.779196212642,  
437, 1046651.3535799846, 62.98509808992836, 94.52746991882809, 77.29650902264746, 34.197591174076145, -0.641654112323, 0.0723212084255, 0.76357687429, -0.761022091084, -0.184023710236, -0.62207768884, -0.0955268392659, 0.980257576805, -0.173117607704,  
439, 3422844.5627082353, 93.49022164644646, 120.43626425662342, 99.82498628834979, 67.96761537509856, -0.980639129186, 0.185520041645, 0.0626834304923, 0.00926869353111, -0.275769455857, 0.961179118862, 0.195604165677, 0.943150847619, 0.268710790637,  
441, 1894614.667007245, 76.76161356726061, 123.1209865452994, 83.98923118813275, 43.73977987747877, 0.614517466504, -0.627654299412, -0.477931337946, -0.452613206797, -0.776694791689, 0.438048496854, -0.646149803369, -0.0528704169959, -0.761377140853,  
444, 1637456.175680144, 73.11845824330308, 127.44470199518507, 70.06713441280195, 43.77689289631362, 0.338804857951, -0.84670880272, 0.410238310772, -0.733297520237, 0.0355470895978, 0.6789780197, 0.589479444123, 0.530867787512, 0.608845938755,  
503, 1960001.369380706, 77.63470763411473, 107.33817117525689, 79.78998093214199, 54.63427856486568, -0.210888879433, 0.0831450030784, -0.973967550278, 0.968531768819, -0.116960141631, -0.219696468015, 0.132182046134, 0.989650056198, 0.0558629836931,  
518, 1079394.613967852, 63.63517055649663, 117.23185951481179, 77.20821664940506, 28.469671913883808, 0.34403060305, 0.449763759528, -0.824230249858, 0.511380024771, -0.825953958468, -0.23725625125, -0.787485501092, -0.339871474395, -0.514153640911,  
519, 1659706.5141800775, 73.44815593491921, 109.4507490256697, 99.1806469668213, 36.50034877524139, -0.701668718877, -0.712202719079, 0.02069531074, -0.710680301821, 0.701654585046, 0.0511307333011, 0.0509364069552, -0.0211690864476, 0.998477517136,  
538, 3252534.90673071, 91.91317864518733, 132.24821832699504, 100.51745106090793, 58.41199775969773, -0.723043019555, -0.518850819356, -0.456073041438, -0.688248852959, 0.597778299898, 0.411065226664, -0.0593490376765, -0.611109590356, 0.789317908261,  
542, 3516137.664018655, 94.33200970077654, 129.681210618887, 81.55386834178651, 79.36986453396197, -0.191077445904, 0.462308541195, -0.865886957059, 0.981199077339, 0.0655498695976, -0.181525715049, 0.0271621113923, 0.884292953344, 0.466141815729,  
547, 1850677.9600619208, 76.1635914112649, 129.42459789321632, 80.9746854493405, 42.15762628450037, -0.52317142373, 0.784622938591, -0.332653732324, 0.825380223663, 0.369293824433, -0.42704748872, 0.212224286495, 0.497984854662, 0.840816232448,  
550, 2846897.902920733, 87.92136616270126, 126.82518884366517, 101.61876492594187, 52.735595360267304, -0.373251718593, -0.711784835332, -0.59501722896, 0.472868322661, -0.697765954326, 0.538068975511, -0.798172101737, -0.0805296291812, 0.597022842807,  
561, 2912162.1633529374, 88.58815330576608, 136.76268217160214, 113.50040793174942, 44.78802517782427, -0.479223023321, 0.142952241863, 0.8659734121, 0.410374858967, 0.908651712669, 0.077100844295, -0.77584648549, 0.392322216563, -0.494110826985,  
587, 743941.9140957732, 56.210416873124736, 94.11799413926002, 48.601603838300996, 38.82640269241644, 0.269553539284, -0.606018193298, 0.748386824344, -0.633659982899, 0.473577588128, 0.611718312703, -0.725131653931, -0.639113618549, -0.256354962996,  
593, 1601425.7214159367, 72.57817832937482, 118.13874702446354, 62.1040205604799, 52.10820499578136, -0.165308469621, 0.0288144513657, 0.985820895125, 0.289446663529, -0.954138308186, 0.0764245891266, 0.942811613655, 0.297976200801, 0.149386896724,  
596, 3588345.955285273, 94.973381072516, 116.67822408789634, 108.83758917895035, 67.45854568721366, -0.307526243995, -0.90298636091, 0.300072060121, -0.136190127699, 0.353876627114, 0.925323501215, 0.941742989553, -0.243694408622, 0.231804177777,  
622, 3115211.0256265965, 90.60099223988996, 118.90097022923796, 97.95572641383332, 63.853342194569045, 0.714701819001, -0.236007992232, -0.658408336459, -0.648137787284, 0.130362651689, -0.750281938833, -0.262904390627, -0.96296718877, 0.0597952735745,  
626, 2247729.372445562, 81.26155660021172, 109.0504969606159, 101.76261511828207, 48.354790207125795, 0.740275238848, 0.652079515131, -0.163660858776, 0.508220170175, -0.383406556083, 0.771175512694, -0.44011910817, 0.654057886351, 0.615226342028,  
699, 340819.2863196561, 43.3323109674141, 96.47426000732824, 73.29878980467369, 11.506077449791723, -0.096005639865, 0.282559580445, 0.954433340057, 0.225384629901, -0.92778733093, 0.297342289575, 0.969528073714, 0.243661141883, 0.0253882299011,  
708, 1780856.2611398734, 75.19346292301337, 109.05815308408779, 68.36512646989299, 57.02266336528475, 0.233968093609, 0.971025992435, -0.0486564814729, -0.358868374391, 0.132764074091, 0.923897824704, 0.903588634853, -0.198701340326, 0.379533076711,  
733, 1383339.52886457, 69.12153794718832, 133.01723853646774, 73.94161218989208, 33.577111643043345, 0.0137445458856, -0.986301624979, 0.164378198138, 0.540411800364, -0.130988249613, -0.831142084418, 0.841288400898, 0.100255588513, 0.53120866285,  
740, 223027.66245287488, 37.620397014772045, 146.33650883420967, 25.625879601916754, 14.198375318775662, -0.707821988683, -0.196975272619, 0.678372150309, -0.705572953376, 0.243345468897, -0.665544731954, 0.0339829339868, 0.94972823731, 0.311225698575,  
741, 1118419.6897108855, 64.39301078805836, 82.32915243184169, 62.451576543328954, 51.93009823950651, -0.282221948565, 0.659616916754, 0.696603398556, 0.938017212637, 0.34200472479, 0.0561825330417, 0.20118270439, -0.669281922177, 0.71525326151,  
761, 1099688.167332214, 64.03149585309227, 129.17667872724573, 101.6485166787234, 19.993820236973363, -0.821940106575, 0.395560617398, 0.409812468292, -0.451618404995, -0.89103811403, -0.0457372453804, -0.347066675832, 0.22267212962, -0.911022417516,  
762, 2309065.870938877, 81.99409390969312, 109.5197499520494, 92.33325819916259, 54.51262661765367, -0.789702444014, 0.186872173433, 0.584336239433, 0.500099625073, -0.35560703456, 0.789584702216, -0.355345486703, -0.915763303353, -0.18736904043,  
768, 1140673.6471426513, 64.81729950276818, 96.53700047878039, 76.48722641843358, 36.87992977790694, -0.770580666964, 0.187340177711, 0.609187240113, 0.630675135826, 0.362028260355, 0.686428737565, 0.0919473150869, -0.913147959818, 0.397122770348,  
769, 998418.2397255355, 62.002323637171465, 116.02013552408684, 71.34288624176817, 28.79650979929725, -0.597617018669, 0.171913140699, -0.783134580421, 0.783647403715, 0.331800053268, -0.525171849305, -0.169560153479, 0.927553015577, 0.333008645002,  
770, 1534521.7252608703, 71.55304891800444, 124.61539944476773, 73.94129007853077, 39.75810667250753, 0.718566998852, 0.342674019593, 0.6051743422, 0.624858467974, 0.0638946945749, -0.778119118777, 0.305308635913, -0.937279032253, 0.168210143974,  
774, 2391432.270324899, 82.95765974896732, 111.27362575009822, 80.55004912420547, 63.69589247266772, -0.660143350008, 0.581628990389, 0.475308820642, -0.145249854947, -0.719685917875, 0.678936417679, 0.73696216801, 0.379156823955, 0.559577399266,  
801, 1227302.1853445524, 66.41828122869451, 136.1102647050682, 74.02409646199551, 29.080301474953252, 0.663126335347, 0.525501552462, 0.53302118319, 0.348377731668, -0.84696426516, 0.401602402409, 0.662492580673, -0.0806204186451, -0.74471734816,  
823, 1224182.5992290536, 66.36195895480307, 112.01424718238708, 65.60511228095355, 39.76918080877582, -0.56925033331, -0.456769427354, -0.683604965065, -0.776201271309, 0.0244644424696, 0.630010378861, 0.271045465639, -0.889248661112, 0.368471402237,  
847, 2216042.0752635994, 80.87788720646134, 137.14425905473655, 80.59540276573766, 47.86317346497585, 0.476769739086, 0.640806649404, -0.601712102232, 0.813877475764, -0.0631839923201, 0.577590891166, -0.332105510848, 0.765097785381, 0.551662313802,  
848, 1637211.5153018588, 73.11481639912964, 101.51955995689703, 72.3779972985656, 53.193662402051224, 0.269090805876, -0.958769956571, 0.0913800228159, -0.697174399867, -0.128448796898, 0.705300476922, -0.664483253636, -0.253497686286, -0.702994259354,  
850, 2667158.936888805, 86.03069452504731, 133.15065648880446, 82.85532115038372, 57.71604586783564, 0.92606377072, 0.373667961706, -0.0527081298668, -0.207979209978, 0.621926730994, 0.754951514663, 0.314881788576, -0.688171051171, 0.653658981085,  
856, 1782399.8856154429, 75.21518224090316, 95.99024665286761, 75.04526322782569, 59.069887458637425, -0.877436936346, 0.132481640811, 0.461034746611, 0.170026030573, -0.81281268862, 0.557159476403, 0.448548293568, 0.567260211954, 0.690666547816,  
859, 2764030.0515741045, 87.05987723478414, 125.72822567372671, 84.8458978426832, 61.85723664657148, -0.109979834402, -0.0964598568234, 0.989242099815, -0.982975388146, -0.136829940466, -0.122625257153, -0.147186352372, 0.985886942511, 0.0797691310077,  
867, 2361591.653154053, 82.61116219194417, 105.26332266833947, 79.10630901178517, 67.70613142634377, 0.183609852032, -0.426225194282, 0.885787506119, -0.275421066392, 0.84270806111, 0.462586597221, -0.943626334109, -0.3288999962, 0.0373381048739,  
868, 2206844.3794476422, 80.7658373246257, 124.46935098686725, 69.85203267375667, 60.595674798962385, 0.265674053692, 0.876385227197, 0.401704158238, -0.391844613342, -0.282544657359, 0.875571993381, 0.880837724095, -0.390022371344, 0.26834204602,  
869, 2081967.0215009002, 79.21274782895765, 101.4721110640039, 78.61109528533235, 62.309561314811916, -0.256679148729, 0.765557108962, -0.58994756337, 0.965019411922, 0.236739225106, -0.112659104869, -0.0534167503836, 0.598228093802, 0.799543493854,  
870, 2804604.8496335056, 87.48381035362324, 126.3091658504616, 115.63298584097028, 45.842306900068195, 0.0836864828809, 0.995603330869, -0.0420782621476, -0.264777028649, 0.062924912288, 0.962254426081, 0.960671482705, -0.0693863313331, 0.268878856256,  
871, 2066964.4126697916, 79.02202052418663, 106.77786744579647, 68.65075958936055, 67.31592226680701, -0.279861002915, -0.583980486829, -0.762000400295, -0.939296096191, 0.00245019312139, 0.343098878217, 0.198496001793, -0.81176399745, 0.549216305034,  
872, 3162630.4317246703, 91.05838541061833, 108.04454978714391, 92.31276351976173, 75.69988498304235, -0.995533184724, -0.0780920084711, 0.0530595545276, -0.0941920084158, 0.859889572378, -0.501714848161, 0.00644543748064, 0.50447156662, 0.86340424762,  
873, 1293799.0984422395, 67.59679084086372, 116.80772513276645, 72.43542522528418, 36.50527756664226, 0.502448099309, 0.780694232973, -0.371567520247, 0.636701428148, -0.0433498127023, 0.769890956651, -0.584942047467, 0.623407818639, 0.518850164079,  
874, 1059777.7015706082, 63.24730955974437, 103.52096916818364, 58.26294804666569, 41.947432433613656, 0.245992053217, 0.969150535133, -0.0153346015623, 0.725830684965, -0.17370073813, 0.66558085184, -0.642384407125, 0.174857924682, 0.746168197968,  
875, 1381277.295629703, 69.0871728902418, 115.07935205654442, 86.67969722930947, 33.05806812644739, -0.954946875685, 0.294612556343, 0.0357757776196, 0.289646657725, 0.89894204778, 0.328645718672, -0.064662804515, -0.324201536668, 0.943775442218,  
876, 1757975.399667265, 74.87003935011151, 108.74014372801658, 79.08113373287088, 48.80467157429463, 0.57143949059, 0.393693856986, -0.720043092853, 0.259491399993, 0.745708315983, 0.613663850006, 0.778537810208, -0.537516748061, 0.323967010096,  
877, 3638730.195405634, 95.41582619053774, 136.86297764601625, 92.05764641622719, 68.94700310706475, -0.797105469718, -0.412152450056, 0.441308540659, -0.603638757532, 0.525013132251, -0.599984550942, -0.0155923234459, 0.744641906474, 0.667282032257,  
878, 1071773.3888079373, 63.48504817164974, 96.76719313925128, 69.0405140484825, 38.29853839819602, -0.189861594633, 0.942527877595, -0.274943221121, 0.977741273555, 0.156038886874, -0.14026356537, 0.0893004863948, 0.295453999364, 0.951174199287,  
879, 3282528.975911489, 92.19484808546736, 130.44425227534433, 97.86149674379439, 61.3879538082681, 0.767437594943, -0.547379198119, 0.33378968129, 0.107154100219, 0.622819809546, 0.774992570057, -0.632105637275, -0.558991501102, 0.536629262174,  
880, 2602976.2563044317, 85.33500123326576, 105.40842011817108, 81.10524790453371, 72.68709915998785, -0.156388165097, -0.356528590107, 0.921102657826, -0.966413372139, 0.247785905257, -0.0681713965445, 0.203931204008, 0.900827125254, 0.383304780089,  
881, 936432.2507831547, 60.69169281756733, 109.60398869054964, 48.60715749785376, 41.962482121885174, -0.360566507324, -0.0796627919754, 0.929325364644, -0.932691256171, 0.0402770409561, -0.358419838505, 0.00887775073862, 0.996007831067, 0.0888233415005,  
882, 2982811.550825219, 89.29882318773755, 122.58351271262354, 84.0203722921342, 69.1385939461715, -0.541229299933, -0.736576695193, -0.405617574808, 0.126739075124, -0.548322279081, 0.826607455265, -0.831268940675, 0.395976578047, 0.390121132351,  
883, 1040244.7999111471, 62.856324380270266, 93.52271452887072, 63.53984598701549, 41.7910884470886, 0.479362328388, 0.83218856421, 0.278700469537, 0.432411988955, -0.500304187225, 0.750143714266, 0.763696032417, -0.239077213141, -0.599675292326,  
884, 366964.9796407207, 44.41319368157089, 118.08233423556335, 96.40372480774431, 7.695861924457749, -0.300688973902, 0.354181409858, -0.885517741146, -0.245095505763, 0.86860542745, 0.430642316151, -0.921691018742, -0.34652581479, 0.174371802924,  
885, 3856019.391339911, 97.27850029831941, 118.55598019720497, 97.82545179255918, 79.37345266657331, 0.558860889973, -0.101018209978, 0.823085552607, -0.31945250906, 0.889724200597, 0.32609958805, -0.765261131976, -0.445181050949, 0.464961537939,  
886, 1936357.7693435012, 77.32127338425158, 112.3932487268928, 84.80661373185414, 48.49835921890758, 0.860293784445, 0.410616687485, 0.302139935135, 0.373258259682, -0.91101439508, 0.175302719707, 0.34723605231, -0.0380356137915, -0.937006091794,  
888, 2316347.7255964424, 82.08019547162351, 105.19444434755648, 79.47496502647772, 66.14423480670109, 0.332457823766, -0.15376772009, -0.930498406057, 0.66015200728, -0.666677052457, 0.346036175872, -0.673551128499, -0.729312824504, -0.120131932942,  
889, 3063425.766165616, 90.0961536230995, 106.46943553644611, 83.83270675811492, 81.93704761160247, 0.530829299159, 0.528760092424, 0.662293756436, 0.604055806529, -0.784200664473, 0.141936254841, -0.594421431102, -0.32471846652, 0.735677293212,  
890, 1691703.454241127, 73.91714920784867, 134.63100319491605, 71.53275126702424, 41.93586599347468, 0.556889688971, 0.828217910586, -0.062681471763, 0.653703180579, -0.390487898837, 0.648221684736, -0.512392453124, 0.401963049852, 0.758867366893,  
891, 3051862.452617265, 89.98265066630776, 101.77391162470859, 99.62954877891936, 71.8541269037427, 0.0674135681918, -0.652821415643, 0.754506202825, 0.67482243711, -0.527180084467, -0.516426022693, 0.734894610946, 0.543971835501, 0.404999448128,  
892, 3089821.334441449, 90.3541808085868, 120.77007163554795, 87.10483570791061, 70.12020359253152, -0.463449533859, -0.356154400295, 0.811399145129, -0.845936761931, 0.450450487139, -0.285456395008, 0.263828589013, 0.818686998667, 0.510045168424,  
893, 2838558.805338762, 87.83543615246262, 103.01091099218634, 90.89853387593338, 72.37176762905364, 0.814853728091, 0.576185572648, -0.063431756157, 0.215294117678, -0.199227060872, 0.956010994241, -0.538202419829, 0.792665606728, 0.28639027777,  
895, 3172378.64257868, 91.15184620827586, 117.09544374336754, 82.72424288998151, 78.18503056557964, 0.65925517877, -0.00165302889197, 0.751917466721, -0.379766816684, 0.862348236399, 0.334862186766, -0.648968238214, -0.506312933546, 0.567879775229,  
896, 3376522.7150114826, 93.06656585680632, 102.63258318595103, 96.21786924640827, 81.62817207475872, 0.260811920888, 0.796554548813, -0.545415431289, 0.325577209039, -0.604446442858, -0.72707907319, -0.908832560419, 0.0120560558304, -0.416986844686,  
897, 3568740.5688671325, 94.80009870579963, 115.94784213348582, 105.06298512096014, 69.9381212919786, -0.0673369515642, -0.882191810036, 0.466050796866, 0.0900617527103, 0.459829677871, 0.883428292533, 0.993657192221, -0.101460719763, -0.0484882118919,  
898, 1963194.7281458376, 77.67684722303348, 95.12495659118044, 82.14978898888677, 59.97549568650613, 0.332356928719, 0.109956794602, 0.936722144103, -0.0919954675001, 0.992224357225, -0.0838311331772, 0.938656330023, 0.0583123336107, -0.339888166692,  
899, 3063106.1064065946, 90.0930197550327, 110.83327804325475, 93.01929145505024, 70.93004353840534, -0.530519233039, -0.77263473451, 0.348690278619, -0.0290630147509, 0.427687235962, 0.903459445337, 0.847174530158, -0.469168621311, 0.249351399089,  
900, 498693.5653755387, 49.194330188404344, 120.66362766946564, 102.84247714747373, 9.593923440113677, 0.121740747239, -0.978260414922, -0.167886125272, -0.090980652666, -0.17943042441, 0.979554614933, 0.988383382753, 0.103977321533, 0.110846764972,  
901, 152405.08451320717, 33.13626964380421, 106.30316472086987, 66.41726463106835, 5.153279136737151, 0.833091550681, 0.318169192599, 0.452467493931, -0.325550496428, -0.379284819988, 0.866117716943, 0.447186026682, -0.868856369147, -0.212398840235,  
902, 2020926.345655614, 78.43091688452526, 89.09877107444595, 86.39216324090118, 62.678098645775975, -0.00409778628373, 0.670074578902, 0.742282471069, -0.211130617696, -0.726135377922, 0.654332694584, 0.97744926744, -0.154037241081, 0.144448807338,  
903, 1617001.7935268187, 72.81272713037373, 121.44989594433746, 61.1022131567545, 52.01969533725997, 0.541998823411, 0.519462385742, 0.660602834705, 0.61647246503, 0.288471037268, -0.732629620284, 0.571138315367, -0.804327850106, 0.163883294642,  
904, 3304979.885930122, 92.40456008497564, 110.66898189857388, 93.56968260794598, 76.19371347359603, 0.614270376229, -0.338523343463, -0.712792992964, -0.59848821903, 0.38884445649, -0.700436892475, -0.514279842664, -0.856855842361, -0.036253397653,  
905, 3606650.645649268, 95.1345984001715, 116.35789485243977, 101.5936717654839, 72.8371518856401, 0.166148111699, -0.974404220083, -0.151430581003, 0.93580418513, 0.204221338554, -0.287339819677, 0.310910488842, -0.093968403004, 0.945782536932,  
906, 2637200.9363230253, 85.7073769779269, 99.38138819832147, 92.70965197984437, 68.33207396672869, -0.69661183059, 0.671709183492, -0.252068899895, 0.715785773182, 0.626785848829, -0.307880214725, 0.0488127482625, 0.394900332388, 0.9174263148,  
907, 2151227.2864969517, 80.08156704342365, 106.20402777867223, 81.75065062065325, 59.15146200468971, 0.318748908088, -0.316909275772, 0.893290347268, -0.39731141564, 0.810981378671, 0.429479734623, -0.860547949039, -0.491810648908, 0.132587755945,  
908, 1743276.8984644837, 74.66079130738673, 101.10460172996765, 69.01354576145305, 59.644788360558955, 0.201128644427, 0.104243898753, 0.974002298747, -0.691294860166, -0.689366274483, 0.216530727409, 0.69401634325, -0.716873314594, -0.0665880328887,  
909, 3227456.08784693, 91.67633528092883, 117.9025864337852, 85.76822124596985, 76.19421466078154, 0.55433261957, -0.759325736387, -0.340792859286, -0.462781495154, -0.621531670233, 0.632085176729, -0.691772097315, -0.192672802849, -0.6959371785,  
910, 2634912.4541337187, 85.68257839127943, 111.89732070975131, 94.21100952923113, 59.67002716046219, -0.905293167507, 0.178635131328, -0.38540079232, -0.276261652149, 0.441608408359, 0.853616725011, -0.322682166253, -0.879244848448, 0.350435038289,  
911, 1557128.9298692916, 71.90272030410574, 130.1184766599806, 75.19684679133321, 37.992455564117755, 0.669736779027, -0.660933130539, 0.338555820766, -0.578607861841, -0.750218986556, -0.319975646614, -0.465473510561, -0.018408399363, 0.884870353102,  
912, 3063697.2831036644, 90.09881533920232, 129.9375395968068, 82.44687728586374, 68.272906498613, 0.145237049762, -0.199374860883, 0.969100543919, -0.690083775555, 0.681491590712, 0.243625931512, -0.709006757438, -0.704144073778, -0.0386075286762,  
913, 1396899.3955919547, 69.34665330647728, 94.21577224530847, 71.49621169131275, 49.507372437183044, 0.390966970887, -0.872952866341, 0.29171582203, 0.312207255684, 0.423933389619, 0.850180634139, -0.865835698718, -0.241316751001, 0.438286171939,  
914, 3194716.200883479, 91.36528745493669, 134.67217441298965, 76.16353897364566, 74.35645683761442, -0.415189700404, 0.0857636831718, -0.905683224603, -0.268510848452, 0.939642146908, 0.212072063265, 0.869206210828, 0.331235907478, -0.367101262126,  
915, 1348904.0566622862, 68.54316440944704, 97.73646038002019, 76.41775383087331, 43.11630909631268, -0.362210465262, 0.932082524649, -0.00507406131573, 0.334649531021, 0.135122859158, 0.932604688129, -0.869950153884, -0.336101145753, 0.36086389343,  
916, 2366311.6374609894, 82.66616237283168, 90.90623956469562, 81.4721687909763, 76.2746739436137, -0.101385713545, -0.251564714348, 0.962515522776, 0.911763975807, -0.410560051466, -0.011264837337, 0.398004258155, 0.876444886251, 0.270992567898,  
917, 2888697.7538936944, 88.34958180358922, 106.36761176805459, 95.19066177818232, 68.10982117604776, -0.580777622954, -0.581525582712, 0.569671264264, -0.805663823355, 0.310338188245, -0.504575081285, -0.116632570119, 0.752009445133, 0.648751599627,  
918, 3157458.45419219, 91.00872117390155, 126.58584761981531, 93.41647433743002, 63.74416097175462, 0.302666778977, 0.125650535571, -0.944777626648, 0.679814006007, 0.66631232795, 0.306399737039, 0.668016270865, -0.735010084647, 0.11625161215,  
919, 1333479.640584639, 68.2809036406762, 113.12066354529567, 85.18890022436403, 33.03488691398895, -0.878211523322, 0.298562982039, -0.373637078005, 0.217645806641, 0.945124564766, 0.243659311184, -0.425881231278, -0.132663871613, 0.895000264812,  
920, 3105549.4853312117, 90.50723169668397, 113.2223078397363, 87.93679977806491, 74.46414118208172, 0.496256517515, 0.217959566711, -0.840370808693, 0.394587330145, 0.805592743446, 0.441951547792, 0.773324193151, -0.550921009751, 0.31377656589,  
921, 1774066.9900586833, 75.09778630191181, 141.35442716514987, 68.42588029678414, 43.78764591119549, 0.500146503602, 0.851331872383, 0.158390397434, -0.606134643451, 0.213552754155, 0.766156651868, 0.61842887137, -0.479196477718, 0.62282940425,  
922, 2854982.4015272697, 88.0045126157474, 125.62874110489437, 87.24340055797899, 62.186087459162195, -0.0816535169851, 0.941643078686, -0.326559359883, 0.611863161108, 0.306001980589, 0.729373882144, 0.786737678799, -0.140253699553, -0.60114284868,  
923, 2535339.254034382, 84.58937648449475, 111.13979230282605, 90.78908560350553, 59.98521894370069, -0.947602631454, -0.313771192021, 0.0599740937398, -0.141018240692, 0.579328591503, 0.802802739693, -0.286641079844, 0.752280547485, -0.593220759263,  
925, 276889.2854675335, 40.43329928405683, 91.31973337377494, 43.71744921594276, 16.557626900659102, -0.176716411619, 0.238467672003, -0.954936898059, 0.197907264261, 0.95900007767, 0.202858487083, 0.964159750569, -0.153140525133, -0.216665537049,  
926, 2772968.7481915434, 87.15362494309066, 121.06040326252926, 109.74380246906875, 49.828090626690646, 0.940777847089, 0.275333366777, 0.197809452672, -0.275874643741, 0.282589593617, 0.918714483678, -0.197053859054, 0.918876846328, -0.341811523962,  
927, 2216730.62069773, 80.88626284968083, 95.28030824188734, 78.27601159041366, 70.95654630875313, 0.118958623825, -0.942588452826, -0.312051044568, 0.889564424859, 0.240783066145, -0.388199238901, 0.441048727289, -0.231409860759, 0.867136377106,  
929, 3907970.80788888, 97.71342447348873, 123.93665687398114, 115.40159554018372, 65.23056062811885, 0.680926140076, -0.192347297084, 0.706641428919, -0.29888483599, -0.953867506109, 0.0283660995548, -0.668586154939, 0.230519626265, 0.707003009421,  
930, 3177336.714815665, 91.19930819717254, 142.97876942304066, 114.66622642287379, 46.266596898937216, -0.2461321733, -0.902642793184, -0.353065066496, -0.965216936893, 0.19513062898, 0.174012362692, 0.0881771966122, -0.383614423017, 0.919274037733,  
931, 3359599.345805313, 92.91081997304252, 111.78670085318426, 104.55226585495889, 68.62388330480766, 0.751425353385, 0.502077649216, -0.428109766821, 0.285916724022, 0.336980068266, 0.897048527403, -0.59465247432, 0.796468748759, -0.109662970212,  
932, 1489459.380128319, 70.845676469162, 98.8749739979017, 71.77274144130882, 50.106508019221664, -0.10406878327, -0.937592036018, -0.331799430899, -0.486115570051, 0.338998071355, -0.805463816798, 0.867675827082, 0.0774692301119, -0.491057203881,  
933, 1605079.1096875155, 72.63332812087309, 97.69450772104082, 86.26632110242213, 45.46701121049235, -0.747825155484, 0.631667752938, 0.204336454712, 0.482625268774, 0.305899105776, 0.820669596748, -0.455884181308, -0.712335305165, 0.533617865377,  
934, 177661.79986585074, 34.874004245822064, 100.15304766677423, 54.42562343126891, 7.781043913746678, -0.488982710534, -0.121776996929, -0.863751278909, -0.863509814924, -0.0725915535757, 0.499080420252, 0.123477562044, -0.989899403661, 0.0696596174511,  
935, 955572.7016359458, 61.102414932864285, 117.11379382502541, 88.97406006683113, 21.89291881476391, -0.926255250451, -0.363210834769, -0.100643432566, 0.177275359581, -0.655498268011, 0.734094998975, 0.332602853111, -0.662117746433, -0.671547043744,  
