# Void_ID, Void_Volume, r = (a*b*c)**(1/3.0), a, b, c, vector_a, vector_b, vector_c 

7, 1633352.431400516, 73.05732470468467, 142.4611799597936, 88.56424866289903, 30.905538436269065, -0.683407013904, 0.64821918251, -0.335807600828, -0.0813214635946, 0.38952871916, 0.91741713332, 0.725494088816, 0.654277669172, -0.213492526139,  
25, 2301872.7894782447, 81.90886410685552, 107.76970403415254, 82.60399283680698, 61.7298155535839, -0.895592838146, 0.258175619466, -0.362296588136, 0.0642729956976, 0.880924450197, 0.468872152158, 0.440207281045, 0.396632654429, -0.805543349023,  
29, 1690427.6568458497, 73.8985630065867, 127.20985770643532, 74.55205980451927, 42.55274357164893, -0.599983147128, 0.154330084158, 0.784985635719, 0.799964087843, 0.126545474748, 0.58655238554, 0.00881370091929, -0.97988186428, 0.199383677194,  
45, 1783274.8834099353, 75.22748818724787, 146.56699198015343, 80.66195249181837, 36.01013739188559, -0.708056811867, 0.163837248478, 0.686886385933, 0.704969414169, 0.107649081008, 0.701020542099, -0.0409105885421, -0.980596263183, 0.191721914178,  
49, 1900093.7195174848, 76.83553820951916, 121.74396545655961, 88.05372726196774, 42.314696036319795, -0.205583708129, -0.783997367937, 0.585733272079, 0.710529483489, -0.531148437953, -0.461550853051, 0.672965966483, 0.321293423413, 0.666248710338,  
74, 1053482.7135350828, 63.1218329382718, 110.52223911079469, 56.31648784870524, 40.406717111892604, -0.938236160213, -0.1048718334, 0.32971928398, -0.105263358166, 0.99430382706, 0.0167189988311, -0.329594497977, -0.0190209898178, -0.943930966146,  
94, 1581701.6571944186, 72.27897527461451, 130.12806152625774, 96.73664440307196, 29.9967346610487, 0.062904632452, -0.14873565729, 0.986874212586, -0.0200667029194, 0.988444161249, 0.15025134784, 0.997817786297, 0.029254817454, -0.0591930824143,  
110, 701634.7542459277, 55.12401317779217, 105.94138413086004, 56.03327792053117, 28.21699827692877, -0.429921137696, -0.559739837899, -0.708420164331, -0.88256149149, 0.42600790471, 0.199003715705, -0.190402282291, -0.710780260695, 0.677154629243,  
139, 1986449.8793625399, 77.98235280460587, 125.62631890053554, 119.89300677454705, 31.48578432419962, 0.114881796321, -0.940047787629, 0.32111108646, 0.118640624668, -0.307953715153, -0.943975058729, 0.986269017587, 0.146542370314, 0.0761495807616,  
157, 3240715.705607324, 91.8017108309218, 113.7325939439302, 92.79971184939913, 73.30283181018234, 0.779410442032, -0.569910961643, -0.260232316691, -0.413551333763, -0.155975861205, -0.897021083957, -0.470632188863, -0.806767021216, 0.357256653242,  
158, 2748225.3680671933, 86.8936242510058, 111.08667270966505, 89.97013638507143, 65.64526368201689, -0.190493313957, 0.18236387611, 0.964601323878, -0.52047246854, -0.851887931549, 0.0582697311957, 0.832358520609, -0.490948437997, 0.257194331972,  
183, 1919449.292298459, 77.09555597933632, 128.0104714981916, 63.39801124706206, 56.46338392114831, -0.874884654292, 0.291425523374, -0.386843645431, 0.452977164853, 0.775053788459, -0.440571575475, -0.171430830966, 0.560680648249, 0.810091773118,  
228, 886306.535483441, 59.58886509972767, 127.71260725374688, 55.30199786155226, 29.95854728530814, -0.315198845048, -0.786094215703, -0.531700641451, 0.0738790238708, -0.578883999436, 0.81205615879, -0.946145643076, 0.216677638983, 0.240539441366,  
233, 1906543.909798778, 76.92238376670117, 102.47620286875106, 75.79970127632191, 58.59596134361747, 0.632626409393, 0.421701430808, -0.649578116467, 0.584463863902, -0.810269453908, 0.0431903213422, 0.508119885393, 0.406978273767, 0.759067102929,  
235, 2873334.7474840335, 88.1926796684031, 114.41917970378024, 101.51531394998644, 59.056434561891834, 0.712061835009, 0.505442949756, -0.487334964542, -0.644653581954, 0.745660732944, -0.168558092712, -0.278190047264, -0.434186015306, -0.856792157828,  
239, 2827474.8604066293, 87.72096103282884, 109.9926865609643, 83.7656295957736, 73.26228773108053, -0.155086619616, 0.987479426351, -0.0288534737888, 0.957594350582, 0.157443631203, 0.241297664155, -0.242819274665, -0.00979211556018, 0.970022120533,  
263, 4372626.699419549, 101.44202988585008, 133.91136960114812, 101.96541899161562, 76.45104620007591, 0.538948199347, -0.663700222197, -0.518687626106, 0.235542930495, -0.47246134526, 0.849293709578, -0.808736277358, -0.579898518958, -0.0983022959831,  
287, 336038.65800034994, 43.128750622781794, 103.39158975284981, 44.37807985034743, 17.48424614810692, -0.597039408783, 0.756963030449, 0.265614221936, 0.754451570251, 0.417283731945, 0.506633116959, -0.272666045752, -0.502873003439, 0.820226779559,  
292, 596428.5506216494, 52.21836526476796, 121.35243428587877, 64.77495547223924, 18.113993171647184, 0.404142774757, -0.161542266514, -0.900318118079, -0.702551817208, 0.575477621236, -0.418624475628, -0.585738475559, -0.801704187083, -0.119083309761,  
336, 2533187.2582411054, 84.56543655740151, 125.87594788059228, 90.13250520964672, 53.30334815499129, 0.446990710764, 0.794232297026, 0.411575464346, 0.726081768002, -0.0533892082599, -0.685532536512, 0.522498392979, -0.605264116566, 0.600542070575,  
355, 1037770.1900694821, 62.80644240932014, 103.1428923347622, 80.26053154050203, 29.927555495178716, -0.608335823362, 0.759595615747, 0.230091343932, 0.506404604181, 0.14825198531, 0.849456135251, -0.611131657566, -0.633273913397, 0.474849710679,  
409, 1228770.9120273686, 66.44476517472717, 106.2819299750646, 71.91698248879588, 38.37880285068661, -0.182856025969, 0.853651860954, -0.487690654059, 0.955773104364, 0.0381267039851, -0.291623262818, 0.230350703799, 0.519446681319, 0.822869186764,  
410, 3340227.934989381, 92.73190141400615, 125.94208668957715, 90.73403487654575, 69.78247774258598, 0.607495959445, 0.293814180428, -0.737985017895, 0.744084709997, 0.114670060234, 0.658170738968, -0.278004682705, 0.948959432571, 0.148961040976,  
436, 546722.5325559732, 50.725474858797796, 116.0347630850718, 73.52356588127637, 15.299022451006579, -0.227618592782, 0.793289121398, 0.564696507951, -0.606989483208, 0.337871373368, -0.719309879213, -0.761415486771, -0.506493144011, 0.404612347285,  
450, 136561.21404896572, 31.945737588627605, 97.46572847669313, 38.93269042499431, 8.591567572453622, -0.270191898479, -0.721801012288, -0.637181007765, -0.962566776696, 0.187741341979, 0.19549524013, 0.021483444742, -0.666150498891, 0.745507863426,  
452, 564454.599010395, 51.268050354180374, 90.0317533717823, 70.64942613810095, 21.18537032143139, 0.604465349029, -0.535161032196, -0.590105339277, -0.688590473308, -0.723477256239, -0.0492323041886, -0.400580581025, 0.436100136809, -0.805823720662,  
456, 935660.9785985077, 60.6750257738842, 104.27269927209139, 84.27413682772101, 25.419381510890783, -0.843840163084, 0.341581333778, -0.413830848996, 0.328733298268, 0.938630299137, 0.104439361122, -0.424108709856, 0.0479098523939, 0.904343103179,  
463, 2467784.478230764, 83.83130103652356, 122.90904289143329, 86.6472592870992, 55.31971728859042, -0.912453629698, 0.35207661183, -0.20849564277, 0.409015182188, 0.799265266838, -0.44031989958, -0.0116169871874, 0.487049373913, 0.873297173349,  
478, 1118025.6367060454, 64.38544736613134, 126.73190029534237, 56.06770140901508, 37.563361866970126, -0.630872898937, 0.767408013937, 0.114386736696, -0.261089772454, -0.348801793579, 0.900094128142, 0.730637746155, 0.537979784881, 0.420411982408,  
480, 1664373.3901551787, 73.51693368858838, 106.6138391554984, 92.39516884335677, 40.336601858061776, 0.492480045351, -0.86645851072, 0.0819332297165, -0.516514953117, -0.215206601416, 0.828793352962, -0.700482482392, -0.450483926359, -0.553523733867,  
491, 1867550.7862700082, 76.39435535863737, 117.54192720286491, 79.54263779887607, 47.686013292139506, 0.64559135657, -0.552792130788, -0.526908588334, -0.67495649843, -0.735801889108, -0.055039124379, 0.357275139841, -0.391173158747, 0.848137980712,  
515, 1478290.3977477935, 70.66814891756934, 109.3800740284215, 91.4645422653786, 35.27606777939553, 0.161013077531, -0.700759109652, 0.69499025828, -0.944121721189, -0.314554862649, -0.0984348208901, 0.287591662681, -0.640306105409, -0.712249343231,  
541, 291961.88508953893, 41.15404390692961, 89.77812407155136, 55.89920382793784, 13.888693727345508, -0.996287403096, -0.0826975772749, -0.0239274141, -0.085682051062, 0.925492599902, 0.368947196294, 0.00836639459155, -0.369627593992, 0.929142316979,  
547, 693428.0094355313, 54.90824846453447, 116.04040836979415, 65.97240095769607, 21.62425890044612, -0.955059840608, -0.296340020909, -0.00657973135762, 0.196000404883, -0.648021156053, 0.735970395188, -0.222361287419, 0.701606138311, 0.676981746092,  
563, 1593265.587841783, 72.45469327472007, 121.01748164026576, 64.36245140125742, 48.83361543914741, -0.0408912715013, -0.336330789859, 0.940855729487, -0.961049914266, -0.244358260461, -0.129120497344, -0.273333068261, 0.909489219473, 0.313238556786,  
573, 3923622.6520480565, 97.8437016344148, 121.1079442105226, 100.3433717448479, 77.07921830301805, -0.880828719172, 0.460703731103, -0.109054296707, 0.103332823678, 0.411874693378, 0.905362670152, 0.462020665158, 0.786200552723, -0.410396876041,  
617, 495841.8650492878, 49.1003808817201, 140.9405610509867, 94.80102267752085, 8.85942558831273, 0.110855863226, -0.99014959197, 0.0855263883897, 0.770660695376, 0.0313051052964, -0.636476301982, 0.627529338112, 0.136468955828, 0.766539727545,  
618, 2078123.376134642, 79.16397131703484, 119.88340337468603, 91.41923961791046, 45.2674520210987, 0.171193674487, 0.888066162682, 0.426651164905, -0.864055290909, -0.0727422048103, 0.498113466885, 0.473393261537, -0.453924071116, 0.754885261211,  
627, 3148025.786423004, 90.91800355808692, 139.413172828078, 110.89262101484994, 48.61196899581622, -0.200446410922, 0.499219849734, 0.842971398079, -0.622448206998, -0.729347136723, 0.283920734994, 0.756557642188, -0.467795142969, 0.456933516237,  
632, 3482256.1634566686, 94.0280368416062, 139.7931314546104, 89.07192530085221, 66.7644742214005, -0.00465968473077, -0.65571622478, 0.754993059504, -0.304390307489, -0.718243619075, -0.625677748018, 0.952535998294, -0.232728030583, -0.196246874461,  
660, 2189752.889528161, 80.5567925959762, 114.07355955645528, 83.25426852881897, 55.04463494463409, -0.268037890981, -0.9336107004, -0.237753546971, 0.667803306622, -0.35792456442, 0.652632170406, -0.694402212456, 0.0161575457138, 0.719405658202,  
674, 544929.824142835, 50.66997104293768, 104.14944065546398, 85.25287148296358, 14.651632287613232, 0.328117875198, -0.886241900273, 0.326976993343, -0.0161316582833, 0.340833043158, 0.939985428766, 0.944499036303, 0.313700702727, -0.0975368624267,  
679, 2149466.8967395993, 80.05971699797054, 132.16162465811058, 104.42470596606172, 37.18206638461674, -0.441592979728, 0.871693013785, 0.212478069394, 0.874216727784, 0.3647572859, 0.320464093536, -0.201843387599, -0.327266576512, 0.923122870901,  
700, 4281307.865019802, 100.73087731690673, 128.89823003765963, 106.94364830974443, 74.14568807623651, 0.883932712496, -0.0187516080705, -0.467237987513, 0.334216889691, 0.724174394094, 0.603216808108, -0.327050501337, 0.689361896346, -0.646388540617,  
718, 1686767.9598246268, 73.84519549476191, 105.80990097070024, 91.92340343346443, 41.401333556830075, -0.570522529074, 0.821247542072, -0.00751787598643, 0.81808323901, 0.569083775369, 0.0829666840584, -0.0724144866059, -0.0411841140804, 0.996523964025,  
731, 3173758.697590443, 91.16506198310692, 135.68516746981882, 89.78249576857893, 62.19582687536098, 0.107467639714, -0.824467965863, 0.55561072675, 0.885677163975, -0.17450675968, -0.430259633291, 0.451693112221, 0.538330719996, 0.711458620217,  
766, 593462.3866509662, 52.13165708090094, 107.73387893859247, 55.99323569931323, 23.486414850264353, -0.3820975923, -0.656198253166, -0.650695998528, -0.923602219347, 0.294778649903, 0.245080574461, -0.0309898430969, -0.694628965782, 0.718700375345,  
768, 1233873.9880102174, 66.5366196647956, 97.76740929779585, 70.48278084852575, 42.746942967909526, 0.494327152905, 0.528152685756, 0.690431319126, 0.385129316907, -0.845118798065, 0.370741994407, 0.779304866634, 0.0826375077485, -0.621172252401,  
785, 1477663.813553544, 70.65816310270299, 134.77546693884054, 76.77778527420905, 34.091067708745044, 0.402788438969, -0.212863179242, -0.890197023336, 0.868170056807, 0.396896183443, 0.297916384297, -0.289900372364, 0.892839675693, -0.344666632576,  
791, 320262.02355899365, 42.44295482950137, 92.67991253703482, 82.35918589326884, 10.016573306754795, 0.65464739577, -0.34367483648, -0.673293690734, 0.544525633624, 0.832188145632, 0.104664820243, -0.524336362975, 0.435144225563, -0.731929560424,  
792, 2830036.403767076, 87.74744322804483, 117.31199514369644, 88.91356481761595, 64.77284441996332, 0.349845802886, -0.910474686697, 0.220553302144, 0.599520945194, 0.398501336141, 0.694097486933, -0.719848977547, -0.110600768431, 0.685262664638,  
796, 1767299.2645971167, 75.0021700601708, 116.08151642280043, 64.4935190307123, 56.35628284404295, 0.323805971936, 0.8295103674, -0.45504092444, 0.865756700779, -0.0658002737319, 0.496120609361, -0.381595371558, 0.554601545574, 0.739460680531,  
797, 3192009.8097439343, 91.33948025262565, 122.2805464989991, 88.63596660302828, 70.30856788204662, -0.780278144181, -0.386586202322, 0.491647359281, -0.610142852582, 0.297753043075, -0.734213064977, -0.137447143139, 0.872865530029, 0.468203000129,  
803, 2117062.9091594084, 79.65536855080316, 102.3506218000469, 80.17196622244373, 61.59311007292363, -0.278573074593, -0.637982102832, 0.717896843967, -0.94679793558, 0.057000560717, -0.316740596166, -0.161154308951, 0.76793865155, 0.61991895935,  
821, 1123529.3122379845, 64.49092399802768, 112.73395310141835, 65.06017239818401, 36.57007510060765, -0.664296080706, 0.413846163014, -0.62244844808, -0.176928847953, 0.722017228012, 0.668870170673, 0.72622785675, 0.554456919708, -0.406411889919,  
827, 1925289.379899067, 77.17366674034456, 118.64817320461069, 89.74263384182412, 43.16656974818498, -0.884871644206, -0.267669996969, -0.381254437354, -0.413971087261, 0.0765429778724, 0.907066211172, 0.213612060033, -0.960465483638, 0.178538350355,  
829, 628884.3587908492, 53.1488731755359, 107.82460955712489, 63.682176448306805, 21.864844453394472, 0.809503356185, -0.57398212444, 0.123486182015, -0.503384535176, -0.786781473988, -0.357181917144, -0.302172675916, -0.226978926362, 0.925835968688,  
836, 1493343.1711198157, 70.90720013270307, 96.89108283091468, 76.09720382872774, 48.35245200086257, 0.914068793913, -0.108837065082, -0.390682394354, 0.330865943156, -0.356959432219, 0.873560353616, -0.234533510726, -0.927757757722, -0.290274999496,  
839, 2705277.6953930375, 86.43860463370137, 107.14473444216233, 93.86136549069614, 64.21929620781916, -0.378888953984, 0.00809111123287, 0.925406772434, -0.920417278985, -0.107357451721, -0.375907448856, -0.0963078039123, 0.994187563531, -0.0481237511701,  
844, 1252658.479654981, 66.8725716044099, 103.51771979186235, 81.52049049848401, 35.43746049551355, 0.327514629022, -0.75567453187, 0.567177370546, -0.671009631167, 0.236588474338, 0.702689098173, -0.665191884089, -0.610722437522, -0.429578702509,  
855, 515372.2294082435, 49.73675740077948, 88.169639643328, 52.17439474289668, 26.74582005264113, 0.310536561618, 0.947978860368, 0.0700223121144, 0.702075885255, -0.179075292267, -0.689218028669, 0.640824855356, -0.263188373593, 0.721162523128,  
885, 1244813.3840814906, 66.73267693418681, 113.5669905761684, 93.33405852634864, 28.036472546806195, 0.0896979481007, -0.234647186529, 0.967933353057, -0.859248843227, -0.509668281136, -0.0439279935462, 0.503632508402, -0.82775536305, -0.247336522622,  
891, 563464.6825624645, 51.23806224194312, 119.41359200190301, 50.72586302366516, 22.207255224054396, -0.58138919808, 0.516046528976, 0.629033051825, 0.810728243099, 0.302248611516, 0.501363633183, -0.0686025961471, -0.801462261599, 0.594097573664,  
894, 1562071.7228408954, 71.97872019223323, 113.01356278381755, 65.3112251794205, 50.523562317346546, 0.695683754, -0.0218899988977, -0.718014583674, 0.377096884814, -0.839609195606, 0.390965904034, -0.61140989024, -0.542749690559, -0.575847826699,  
895, 1444433.5701068295, 70.12448013827839, 94.47758116675033, 76.91008825647225, 47.45662930848023, 0.783680190084, -0.133926869161, 0.606554987933, -0.490816154698, -0.732001439177, 0.472518142858, -0.380716248612, 0.668010094804, 0.639388497928,  
932, 1301302.733255137, 67.72721918033858, 98.73176323853288, 83.6753054289545, 37.6041289524314, -0.958160419552, 0.0966543495155, -0.269418906397, 0.281320797327, 0.144387764468, -0.948688980891, 0.0527941227405, 0.984789373517, 0.165537519651,  
938, 363350.7278074035, 44.26690328246965, 91.1265354639248, 40.77678959639851, 23.344229044139983, 0.782276280509, 0.520196244837, -0.342694744357, 0.622931224082, -0.653892268965, 0.429396775315, 0.000714853885836, 0.549382168845, 0.835570895579,  
945, 1844922.157463844, 76.0845504929935, 127.93614627220117, 97.61158404420267, 35.26913530965843, -0.746774135754, -0.308528557539, -0.589184622467, -0.662762631332, 0.271369119048, 0.697928718235, 0.0554444287468, -0.911684666105, 0.407132637982,  
967, 1032975.6850067109, 62.70957101546645, 139.93026558442696, 102.68395712534914, 17.162764149509222, 0.83640692993, -0.471808952328, -0.278961933011, -0.489486331296, -0.871981528214, 0.00716560733626, 0.24663045035, -0.130554689528, 0.960275426116,  
989, 2299185.9762494545, 81.87698289231516, 103.58775332663674, 89.76575758054669, 59.029129416605755, -0.616461237193, 0.787370079961, -0.00488878519385, 0.535556598786, 0.423842404803, 0.730435996777, -0.577195523662, -0.447667257093, 0.682963655249,  
1007, 966524.5931486418, 61.33496191357089, 151.85499761007165, 75.33665590424287, 20.169209263104925, 0.209296080668, -0.740379807717, -0.638774522772, -0.808904870284, -0.498125916844, 0.31231951876, 0.549425210058, -0.451340571291, 0.703152634397,  
1012, 459162.76479681645, 47.85852956944337, 112.04111334936178, 70.49951639811498, 13.877604277246189, 0.371743612282, -0.746822355956, -0.551419128588, -0.64844123306, -0.633955591145, 0.421454951001, -0.664327219068, 0.200889713775, -0.719939350851,  
1019, 430558.2037159565, 46.84332918528967, 105.00428010448111, 64.5617357063274, 15.162159460384517, -0.207634298107, 0.790785380544, 0.575800729564, -0.0392416061923, -0.594888716388, 0.802849619454, 0.977419098746, 0.144103771746, 0.154550989565,  
1027, 1856208.5186350432, 76.23938495104996, 110.12587025928673, 90.12560616889708, 44.64785509465023, -0.793348027476, 0.558044673517, 0.243279776512, -0.376903929883, -0.764079039819, 0.523571053963, -0.478061015916, -0.323680959077, -0.816509829575,  
1081, 1045622.7232342971, 62.964457781868425, 120.97999101643744, 73.05740614327166, 28.242855669195684, 0.515295534985, 0.856793954642, -0.0193553846295, 0.325784130002, -0.174944843587, 0.929117324314, 0.792675981889, -0.485075685838, -0.369278169873,  
1082, 2699893.1941058175, 86.38121829928956, 121.93868697446172, 76.76436761442001, 68.85837729775147, -0.473723547591, 0.755558014764, 0.452457828735, -0.0313733010864, -0.527915732016, 0.848717088239, 0.880114604149, 0.387862174252, 0.273790462486,  
1098, 3388431.884081743, 93.17585432155194, 118.96599846846406, 90.00190728043403, 75.55019393799394, 0.814788763654, 0.429821239221, 0.389066797526, 0.444451289429, -0.893996259501, 0.0568659768452, -0.372266466321, -0.126587480867, 0.919452710987,  
1111, 1148308.7216050858, 64.96159576429831, 112.65024710984085, 89.65109286809884, 27.144529430934252, 0.917891171666, -0.0308829302753, -0.395628666296, -0.0436403633279, -0.998775928483, -0.0232844018942, 0.394425297955, -0.0386379256763, 0.918115349525,  
1118, 1745540.1358355235, 74.69308719432678, 108.45801893740742, 73.9723474991022, 51.94098260104973, -0.586983109843, 0.436771165405, -0.6816757131, 0.191197611988, 0.892960788938, 0.407510125751, 0.786698355108, 0.10886679241, -0.607662504669,  
1137, 2876379.8842471857, 88.22382396337491, 126.53842792857877, 91.72112904269112, 59.165127794231076, -0.0948956970083, 0.710577015897, 0.697190871404, 0.68025471338, -0.46504089641, 0.566560225917, 0.726806942464, 0.528031503933, -0.439242984281,  
1140, 3045770.3722676807, 89.9227367930966, 124.63064426250047, 90.22763504009947, 64.66125569705483, -0.794338251131, -0.446601079494, -0.411793903044, -0.607452374953, 0.589897400082, 0.531998749566, -0.00532493692968, -0.67273214073, 0.739866955523,  
1144, 1929255.8847974066, 77.22662843251204, 107.62631320004206, 81.96785100012481, 52.20825909600973, 0.0399319661934, 0.885762607637, 0.46241760454, 0.912255839679, -0.221133044282, 0.344803508826, 0.407669867721, 0.408074478054, -0.816872388634,  
1152, 1173705.6007471457, 65.43702138655777, 104.83369762904772, 62.06303444892977, 43.06621038944074, -0.50030193598, 0.630542501794, -0.593392051081, 0.834338581164, 0.534285372208, -0.135713938211, -0.231467286749, 0.562987827999, 0.793389942392,  
1169, 1091939.7386129072, 63.88075210630188, 105.25389616187307, 57.50995584172798, 43.065435857480004, 0.379704342418, 0.506304499431, -0.774261174414, 0.826004083361, -0.562428876657, 0.0372962863178, 0.41658356499, 0.653704453525, 0.631766270722,  
1185, 1345191.7774435235, 68.48022809611962, 132.42194406653928, 96.43579335614135, 25.14764828157232, -0.316540846019, -0.903126356313, 0.290111491214, 0.838813084362, -0.123688675281, 0.530182724266, -0.442938485914, 0.411173802838, 0.796706722424,  
1191, 682158.488164155, 54.609167938742885, 135.0854211192263, 41.36095976558942, 29.147250223762626, -0.499669913993, -0.715993778902, -0.487527317823, -0.789616289241, 0.145089911222, 0.596200497674, 0.356140552052, -0.682862962998, 0.637857414278,  
1199, 1732360.7361760843, 74.50462632538856, 119.63525004209957, 75.19312095813585, 45.9740167812714, -0.0141032653519, 0.0196177309148, 0.999708078661, -0.76137101517, -0.648313390354, 0.00198119853634, 0.64816300046, -0.761120813355, 0.0240797074773,  
1222, 2223428.6674411404, 80.96764925419849, 140.42497715068464, 86.55683478034535, 43.670570248884424, 0.195968732516, -0.895513194404, 0.399565231876, 0.442182133408, 0.444387265353, 0.779098786604, -0.875254943871, 0.0240016049507, 0.483065943934,  
1224, 2148860.1639221315, 80.05218343559748, 105.6654954163441, 74.32796703517349, 65.3181833590509, -0.719942573486, 0.291453376578, 0.62987111393, -0.180065639777, -0.954913919247, 0.236041886539, 0.670267898869, 0.0565184581385, 0.739963923199,  
1230, 391046.5257885707, 45.36420184778986, 139.15821952531118, 86.68789213444055, 7.738780275273545, -0.361607892298, -0.840740544283, 0.40298271604, -0.0373577644918, 0.444950553302, 0.894775615754, -0.931581520673, 0.308503391093, -0.192305819009,  
1235, 1280137.3004009968, 67.35802027329458, 113.85062543741975, 73.45742170471131, 36.54238098696062, 0.570239522034, -0.385282614563, 0.725523393438, -0.607713131948, 0.396401953879, 0.688149867557, 0.552731070927, 0.833320345292, 0.00809724366772,  
1244, 2210610.2345072497, 80.81175199468328, 127.20843680231607, 81.1124229936008, 51.14701305782358, 0.301465237281, -0.312753915411, 0.900723986084, -0.474565708087, 0.770132765101, 0.426242786244, -0.826986154309, -0.555950098941, 0.0837459734449,  
1256, 659094.5742664553, 53.98664955621249, 70.5106391294679, 50.06523539094998, 44.57262519627012, 0.0376861430368, 0.992015584703, 0.120352957295, -0.277857275908, -0.105286511247, 0.954835108684, 0.959882851627, -0.0694249973438, 0.271670905501,  
1262, 2279003.7265344234, 81.63670647105839, 121.41582620862272, 80.59582467576705, 55.59920517059194, 0.39088760329, 0.904582365854, 0.170110625716, 0.869977123065, -0.302740523089, -0.389214569388, 0.30057725619, -0.300131502956, 0.905303481709,  
1272, 2934435.429785529, 88.81343132365606, 144.25451288718952, 104.54169978689337, 46.453343983636614, 0.410366640348, -0.892640823514, 0.186525013568, 0.481381135033, 0.385763834151, 0.787056838542, -0.774513668907, -0.233192247852, 0.588005061388,  
1275, 3961559.194670012, 98.1580329671124, 133.0840337545971, 110.6933316332529, 64.19927528936506, -0.760597756964, 0.00733722042104, 0.649181960084, 0.363494987207, -0.823699907415, 0.435189449321, -0.537924201331, -0.566978507284, -0.623837259148,  
1284, 1343329.5090362225, 68.44861241562556, 137.1014663539814, 92.73620898653354, 25.223334992073212, 0.746011689181, 0.488070155176, 0.453049758009, 0.558733144829, -0.0885841135659, -0.824603012178, 0.362331108898, -0.868297402075, 0.338785756895,  
1290, 897997.7649247057, 59.84973275079811, 153.54033019474682, 83.83259678180733, 16.655253882649923, -0.134584354134, -0.959196002934, 0.248656549439, -0.982442089786, 0.0964447699631, -0.159705812555, -0.129207553338, 0.265784563704, 0.955334482711,  
1308, 3946780.9676661273, 98.03582441674727, 116.26845447379014, 101.55541328816706, 79.79752813058893, -0.679560187328, 0.227149060065, 0.697568101557, 0.557807245432, -0.457610256807, 0.69241889764, -0.476496619864, -0.85964885702, -0.184268320342,  
1316, 3326155.990039742, 92.60149564313889, 109.43921451933363, 90.33207416431786, 80.32283968609656, 0.727297122749, 0.327320402444, 0.603241451978, -0.445267068228, -0.44382932762, 0.777658514964, 0.522279746106, -0.83419235317, -0.177050797002,  
1321, 2802813.914761484, 87.46518489337448, 129.51202458683733, 88.43850612807171, 58.41900625686081, 0.518991443811, 0.842949614083, -0.141717427891, 0.62250757706, -0.259115746544, 0.73847365992, -0.585774869514, 0.471481683642, 0.65922137726,  
1361, 1434973.3192397607, 69.97105234654768, 112.61146040182172, 85.18109476909773, 35.71325286867414, -0.859329452902, 0.27262846228, 0.432696906541, 0.494508470368, 0.65872997237, 0.567041617728, 0.130438737, -0.701247848521, 0.700883150628,  
1364, 1236988.0558927068, 66.59254798089677, 112.65140382268338, 55.4983098064711, 47.23463152784566, -0.223295306626, 0.758034832627, -0.612798823891, 0.933022018062, 0.348191377508, 0.0907341084724, -0.282150881355, 0.55149429476, 0.785012689705,  
1365, 452265.9620908248, 47.617701850701266, 124.87214303281004, 54.33156772254018, 15.914298237831682, 0.119012346339, -0.937861303946, -0.32596355008, -0.612695420511, -0.327706436411, 0.719175092186, -0.781306843119, 0.114125659238, -0.613624437909,  
1380, 1573102.2816207577, 72.1477486965031, 110.71511327737463, 81.64527572829672, 41.546111553268865, 0.00246637254091, 0.719549642548, 0.694436626997, -0.998935017995, 0.0337679637859, -0.0314412856759, 0.0460732767414, 0.693619518562, -0.718866619506,  
1383, 2823107.844067427, 87.67577627972155, 99.3328186183792, 88.88870995928258, 76.33074428446906, 0.186205002007, 0.740751961419, 0.645456604956, -0.885102291686, -0.158721463397, 0.437494491747, 0.426522719769, -0.652758782945, 0.626086528213,  
1384, 2225321.124143831, 80.99061443411536, 111.10911354616884, 88.21924221876256, 54.19897527826414, 0.382478462851, -0.781814558525, -0.492418746123, 0.0997537365786, -0.494885651453, 0.863213405841, 0.918563779764, 0.379281146466, 0.111294179731,  
1391, 1901797.4411246378, 76.85849624556911, 118.01572075952134, 84.04324603150488, 45.77548646657085, 0.878050512562, -0.314842134597, 0.360418822583, -0.390293053622, -0.906929942644, 0.158585659596, -0.276945174509, 0.279915182542, 0.919210999118,  
1403, 1549437.905969485, 71.7841434132503, 125.98102640125768, 75.7607883822526, 38.75573159079698, -0.0760628256313, -0.45988645341, -0.884714019628, 0.0490556510668, -0.887935954837, 0.457343725447, -0.995895571662, -0.00861336619853, 0.0900989470934,  
1409, 481691.5304343352, 48.628790396620786, 118.50290980858955, 55.31378283217387, 17.54357210398214, 0.305864422396, 0.309626968565, -0.900321106856, -0.696289393723, 0.717687696538, 0.0102689057861, -0.649328911493, -0.623743144712, -0.435105106985,  
1410, 2367411.1050554183, 82.67896354579415, 124.81534274899121, 79.39989263471492, 57.029187255712806, -0.725833317959, -0.686784206967, 0.0386451497822, -0.206818381064, 0.271469095868, 0.939963130789, -0.656042797228, 0.674264030665, -0.339080912403,  
1416, 1503940.9801560866, 71.07454061751088, 137.5535270839011, 71.16821845513823, 36.67620224397271, -0.528580545429, 0.265552638247, 0.806278117844, 0.0952693159343, -0.925252450407, 0.367194308858, 0.843520221711, 0.270905332794, 0.463771426705,  
1423, 3639086.443245406, 95.41893996657895, 128.31985698656982, 100.93200476937271, 67.07813762299008, 0.581432277548, -0.415085823108, 0.699743000022, 0.505087007534, 0.858413196777, 0.0895203799095, -0.637827266151, 0.301381059547, 0.708763596343,  
1429, 2404225.1569436467, 83.10532315928072, 115.0860615208354, 99.41930337940158, 50.1641068471803, -0.290972550957, 0.822949394095, 0.48794392029, -0.94636172532, -0.172686103014, -0.273091549989, -0.140479391512, -0.54123359521, 0.829054724356,  
1430, 4132119.9419035693, 99.54698323389027, 134.94407595619427, 100.80464200852951, 72.51869069904096, 0.675512795036, -0.363181399188, -0.641702216784, -0.660073295794, 0.0900023537332, -0.745790064631, -0.32861178908, -0.92736122822, 0.178928601603,  
1434, 1724586.7929384091, 74.39301306720523, 126.55170202828734, 70.33047939202281, 46.257789812421606, -0.340998462252, -0.871672585379, 0.352004194065, -0.193123311483, 0.431417307468, 0.881239180574, -0.92001273649, 0.232520989838, -0.315452934653,  
1440, 1702601.662024903, 74.0755380314025, 111.5419717078406, 82.78932787183173, 44.01612128747268, 0.421424519115, 0.539012149318, 0.729292312846, -0.199168374512, -0.72954571979, 0.654289692209, 0.884722178586, -0.420985683395, -0.200094280513,  
1444, 222706.90984714404, 37.60235346865799, 82.98864269295179, 64.72006554571908, 9.898912208245571, -0.824784859005, -0.564187858101, -0.0377093771943, 0.13677425115, -0.263769821558, 0.954839402967, 0.548655393283, -0.782379410521, -0.294719726883,  
1449, 854251.7933614181, 58.861649723700005, 137.21833762288196, 82.43564909009044, 18.028935059762738, 0.305376833465, -0.78488347153, -0.539168735834, 0.553521193027, -0.314413068576, 0.771206010855, -0.774828547779, -0.533949771446, 0.338435168267,  
1453, 2786268.7445098427, 87.292741141696, 104.96773920928166, 90.0096717804634, 70.40270929709732, -0.0886677618498, -0.559213755067, 0.824268162768, 0.680770965612, -0.638105881964, -0.359682882249, 0.727109978193, 0.529245556946, 0.437275908398,  
1455, 297755.1612257988, 41.42446386620553, 73.09425828881605, 53.14778295629115, 18.297943092396352, 0.441017385202, 0.897051984791, -0.0283090538759, -0.259878964401, 0.157828008463, 0.952655889399, -0.859049818003, 0.412780881736, -0.302729836425,  
1456, 1014048.7067349382, 62.32420327771327, 112.34561225388696, 95.41535076042081, 22.583738669082308, -0.162669765687, -0.750496683644, 0.640541392238, -0.448146749645, -0.522164567116, -0.725609161761, 0.879035288321, -0.405091215268, -0.251392261612,  
1458, 2173099.980914694, 80.35206325040332, 132.66722590987848, 71.13801074491398, 54.96999961265555, 0.598867529989, -0.185445465585, 0.779081292818, -0.583161249963, 0.565777777671, 0.582939501866, 0.548890369807, 0.803433560158, -0.230681330726,  
1460, 2273909.9340566094, 81.57583913734507, 127.81419124158116, 84.6784203481791, 50.15714702870201, 0.151450882429, -0.601829517272, 0.784132554069, 0.782569589569, -0.411618755662, -0.467070484477, 0.603860470385, 0.684376528036, 0.408633454553,  
1465, 660597.8523240996, 54.027663054311326, 120.53431995781213, 69.20949752332422, 18.904801862092228, 0.447384767065, -0.349000049175, -0.823435386581, -0.773219511033, 0.311734709373, -0.552225550595, -0.449420135237, -0.8837536063, 0.130388287035,  
1468, 2470193.9430698063, 83.85857555087819, 111.12052954021267, 87.51443019943365, 60.64129559357327, 0.658851701593, 0.600689641748, 0.452864648217, -0.403913049419, -0.225390049988, 0.886596624106, 0.634640594208, -0.767053635454, 0.0941277669961,  
1481, 2796642.8761545657, 87.40094616008244, 101.6308226807292, 88.48381049896808, 74.24362086060816, 0.678439510829, 0.73070299472, -0.0761115211568, 0.541412583667, -0.567320594141, -0.620499603313, 0.496580551767, -0.379763712025, 0.780504502637,  
1483, 1178677.840983309, 65.52929614699997, 88.23482578606675, 78.20112094850039, 40.78058943678852, -0.947952311676, 0.000349965745293, 0.318412142217, 0.178621687517, 0.828416019697, 0.530868336838, 0.263591933746, -0.560113181271, 0.785361392374,  
1491, 2369434.629126432, 82.7025132126678, 118.10966287099274, 84.82837623170303, 56.45852635468768, 0.727160531233, -0.568161564211, -0.385266140183, -0.188871114673, -0.705157301196, 0.683433158848, -0.659973684218, -0.424199973508, -0.620071865687,  
1496, 1489503.275609869, 70.84637242067679, 140.2884731347363, 68.37350474585988, 37.07174446990533, -0.756712572781, 0.313508630353, 0.573671004052, -0.0849145379007, -0.917212353861, 0.389244163961, 0.648209536684, 0.245832944535, 0.720687560551,  
1499, 3199498.5125175314, 91.41085430211561, 123.93761296899407, 105.2598752764937, 58.55005735035906, -0.734797660131, 0.666677050397, -0.124956428965, 0.677553525755, 0.71287945148, -0.180898058019, 0.0315217132038, 0.217588138766, 0.975531538939,  
1500, 352205.08593743, 43.80957141824812, 106.70752479325996, 71.26401387395124, 11.057111467077762, 0.851007172088, -0.346173901107, 0.394905587764, -0.429847012439, -0.891164686287, 0.145110467619, -0.301692457565, 0.293239035785, 0.907189356717,  
1504, 2532216.9158923402, 84.5546375262974, 131.6533591856038, 82.8033010553489, 55.45397736039807, 0.385235518026, -0.921388996147, -0.0513411475323, 0.603013691099, 0.209227224461, 0.769804167884, -0.698547123678, -0.327515322272, 0.636211937705,  
1510, 1262735.6592672775, 67.05141468128853, 144.9048146695311, 56.43073124203525, 36.865942546118006, -0.324857328059, -0.760192545881, -0.56264998853, 0.339084932756, -0.648983373635, 0.681059460784, -0.882886813122, 0.0304610231538, 0.468596843016,  
1513, 1136309.5032710768, 64.73453158754255, 80.76885428328676, 73.32136047638815, 45.80718380090745, 0.0539135343172, 0.636614509318, 0.769295325179, 0.32494828616, -0.739666767132, 0.589323073468, 0.944193805391, 0.218208707723, -0.246744843381,  
1515, 652412.362484092, 53.80358210504284, 94.92205330941218, 83.86230540402941, 19.565891969569964, 0.308632366546, -0.0774124214523, 0.94802604359, 0.539691137112, 0.834969169608, -0.107517265251, -0.783249346532, 0.544824561496, 0.299477308569,  
1516, 2199272.59416155, 80.67336103740416, 129.3047481327128, 87.43412900492487, 46.4402974067177, -0.558842605079, 0.823181637687, -0.100334112463, 0.799879724572, 0.567001615851, 0.196727206664, -0.21883182805, -0.0296843224201, 0.975310961712,  
1518, 2417501.003716116, 83.25800838621275, 113.94383596490643, 101.15233640396919, 50.073886337841444, -0.142035787853, 0.795381213877, 0.589232177992, -0.274665666668, -0.603560750568, 0.748513989132, 0.950991380888, -0.0555260748255, 0.304191138089,  
1525, 745859.5973522551, 56.25867390523827, 127.54053612619856, 49.36318616368055, 28.28245151134485, 0.880794016536, 0.0551803210033, -0.47027335945, 0.308185157456, 0.687210726715, 0.657847494341, 0.359477133011, -0.724359406139, 0.588285340273,  
1528, 983908.30001216, 61.70049832436736, 112.54125837891455, 71.39524827041518, 29.23377767701508, 0.87745688039, -0.378410007954, 0.294746143208, -0.422619313522, -0.319302688999, 0.848197328831, 0.226853121852, 0.868821994817, 0.440097719181,  
1529, 2376702.4098064257, 82.7869848719492, 119.6899923150049, 86.23981375869413, 54.969343242070515, 0.449182030404, 0.741430842539, -0.498513599908, 0.66903178328, 0.0906726828753, 0.737682138554, -0.592141855068, 0.664875003524, 0.455312258967,  
1545, 3105676.316532199, 90.50846379046554, 118.82344929267062, 90.67299609159569, 68.81568850527692, 0.416368976958, -0.895593700451, -0.15668056274, 0.439652601165, 0.0474870200496, 0.896911686408, -0.795828163183, -0.442331218252, 0.413522221947,  
1547, 1500198.183548307, 71.01553153530101, 103.63442759876388, 69.00365879898139, 50.082252549038536, -0.287619071513, 0.801495426921, -0.524290330187, -0.0941880084526, 0.521097189463, 0.848284349849, 0.953102244655, 0.293364619134, -0.0743862317557,  
1548, 2097738.546192475, 79.41226498154668, 94.70243416036115, 83.86514524912273, 63.05508330244348, 0.719560496523, 0.628516128672, 0.295296745397, -0.420286070293, 0.0556482396863, 0.905683660302, -0.552804043908, 0.775803292993, -0.304198848815,  
1549, 1658737.3756918537, 73.43385716312109, 118.83172634829077, 91.01110077850788, 36.61527056081869, -0.0419526721809, -0.994831847892, -0.0924638724941, -0.951138793562, 0.0681011726526, -0.301159800878, 0.305900259363, 0.0753115177318, -0.949080189772,  
1552, 1666944.332430864, 73.5547678584553, 125.68485318061596, 61.29268959690651, 51.65838994314015, 0.855388192809, 0.260365584411, 0.447795491333, 0.429916161535, 0.125359587533, -0.894123631197, 0.288934479865, -0.957337315823, 0.00470426161458,  
1558, 3208526.993619137, 91.49675589909279, 129.71452872917516, 89.41677773279862, 66.04036282309754, -0.588690309771, 0.00862079159267, -0.808312687723, -0.782855159307, -0.255272774642, 0.56742718482, 0.201448551069, -0.966830643122, -0.157025439956,  
1562, 2939882.6860878323, 88.86835278834431, 122.7321718923567, 88.06555282246329, 64.93471009202534, -0.54992808887, 0.834416483288, -0.0364448828919, 0.81362389882, 0.52534671547, -0.249052162836, 0.188667030346, 0.166613207648, 0.967804107605,  
1564, 1678303.3508089255, 73.72146394967851, 119.95867735480998, 69.29348343435493, 48.201193241744704, -0.259740053406, 0.872284714154, -0.414312058851, 0.963452819689, 0.204966349678, -0.172474519081, 0.0655268562451, 0.443968662128, 0.893643138036,  
1566, 2381936.7352755344, 82.84771555673807, 152.40323132962666, 98.71239763307408, 37.79860196788768, -0.846603379617, -0.337551570192, -0.411487126265, -0.531969455149, 0.512758963939, 0.673859587518, 0.0164686493178, -0.78939038654, 0.613670596679,  
1570, 3960614.3688322953, 98.15022883283869, 126.13280594694503, 103.59416470620246, 72.36200625837009, -0.856410075436, 0.295520868339, 0.423354696523, 0.220397935404, -0.532260581001, 0.817388172157, -0.466890279147, -0.793325967234, -0.390701135076,  
1572, 3185578.5384462564, 91.27809531828098, 123.26141788754724, 91.62458820560245, 67.33804640325249, 0.546177095813, 0.495269886879, 0.675572586152, 0.788205153089, -0.0308226231149, -0.614640222039, 0.283589874031, -0.868192205134, 0.407208887786,  
1575, 694937.8317162506, 54.948070719732, 113.28506122093637, 70.94584912418583, 20.642282196105523, -0.360814494945, 0.93178893761, -0.0397778328296, 0.896388202992, 0.358250327045, 0.26104576746, -0.257489979949, -0.0585327166545, 0.964506522169,  
1582, 1755993.6441998698, 74.84189525159239, 107.59443824422117, 71.03654092326661, 54.84824076495359, -0.939878378659, -0.0377823281324, 0.339412918155, -0.301041454688, -0.377619823594, -0.87565821608, -0.161253452331, 0.92518958301, -0.343542660527,  
1583, 2693429.4517910737, 86.3122288908165, 119.85494340720808, 78.76884455191407, 68.10932391350558, 0.61198216624, 0.428429827309, 0.664774932798, 0.717964853264, 0.0515461745548, -0.694168179454, 0.331668957973, -0.902103583277, 0.276052218533,  
1586, 1541544.9322979567, 71.66204425910757, 107.4913301948006, 68.40801078211445, 50.048052132620874, 0.171346804198, 0.785114235242, -0.595177209167, 0.530464503057, 0.43554758474, 0.727259040798, 0.830209421584, -0.440333894957, -0.341845545919,  
1592, 2568349.7783503393, 84.95491700254796, 110.69945685490025, 88.6617482434047, 62.471765449263515, -0.276854078971, -0.0881206928055, -0.956862875472, -0.960909787325, 0.0275125825684, 0.275491267416, -0.00204928752149, -0.995729783275, 0.0922930068898,  
1595, 1116408.6946708541, 64.35439328839695, 118.31704997568664, 82.58557853376412, 27.276148900793235, -0.307531512271, -0.783128938968, 0.540493694608, 0.550898973478, 0.316605461466, 0.772186054517, -0.775844501161, 0.535228966631, 0.334058772221,  
