# Void_ID, Void_Volume, r = (a*b*c)**(1/3.0), a, b, c, vector_a, vector_b, vector_c 

30, 585311.0276070454, 51.89187529714675, 105.11574679645682, 74.38723210667557, 17.87030306842479, -0.0321453598619, 0.655840161036, 0.754215061512, -0.622174377994, -0.603701579236, 0.498441016165, 0.782218460027, -0.453230720935, 0.42745314877,  
46, 2455228.7012986527, 83.6888848601661, 126.86300373605032, 95.11408223514034, 48.57619925364626, 0.346256543482, 0.180812817547, 0.92055045006, -0.575035645611, 0.816211206252, 0.0559756470804, -0.741242478797, -0.548731256445, 0.386592286301,  
51, 182291.45913915694, 35.17433568754261, 94.00709190775767, 27.845704463789666, 16.624893977740577, -0.817465779213, 0.149930364604, 0.556121017033, -0.146035335832, -0.987928451914, 0.0516822463447, 0.557156513472, -0.0389648517062, 0.829492832897,  
76, 1948323.2514341462, 77.48021218344854, 120.28586055210937, 91.07371570696075, 42.458511910007466, 0.233543549065, 0.968022587818, 0.0915951972814, 0.615699568848, -0.0743155086624, -0.784468766805, -0.752576542027, 0.239602743405, -0.613366997598,  
100, 853943.7971618369, 58.85457478249161, 127.75176509404704, 86.76783322218807, 18.39140962260997, 0.52620522013, 0.638277277767, 0.561880933112, 0.771935591384, -0.635700259337, -0.000789325209597, -0.356684046549, -0.434151237434, 0.827217742781,  
116, 1866251.1037421094, 76.3766295666382, 112.00390857571664, 70.34938026230297, 56.54419349180768, -0.295193778018, -0.38715167156, 0.873483953274, -0.919092782195, -0.1346914785, -0.370306175126, -0.261015499802, 0.912124875676, 0.316068220541,  
119, 1385305.6927835364, 69.15427031554086, 141.53991179387137, 86.18568495799956, 27.110838598024575, 0.815952757357, 0.057880421022, -0.575213833825, 0.174130854161, 0.924163135857, 0.340001388161, 0.551270843951, -0.377587546385, 0.743994691799,  
134, 816670.2451280035, 57.98549573724986, 106.59177355088065, 53.31466122807769, 34.30739801480159, 0.633800345562, 0.30385700109, -0.711314308062, -0.307519452256, 0.942793718175, 0.128731470332, 0.70973861981, 0.137152936016, 0.690984922913,  
135, 1353711.7363149624, 68.62450027802315, 134.95422969245925, 92.58669545146482, 25.8644054958902, -0.366953732765, 0.868078919497, 0.334341064687, 0.898535903792, 0.237730732598, 0.36894081961, -0.2407866018, -0.435801661658, 0.867236256213,  
191, 1685988.9461461129, 73.83382556975549, 96.25036602639699, 73.6850816010455, 56.752389933120284, 0.0141467413999, 0.913706014723, 0.406129521663, -0.998312320272, 0.0357861053507, -0.0457369200721, 0.056323892813, 0.404797076722, -0.912670228383,  
194, 2072472.962105201, 79.09215728779891, 123.78658017742114, 75.86654668617582, 52.68371393509693, 0.154567079817, -0.190067794028, -0.969527334071, 0.892378458245, 0.447991852042, 0.0544425179849, -0.423992576701, 0.873600328627, -0.238857197348,  
196, 698069.3411815119, 55.030482210945685, 104.60170304309275, 61.992959840484005, 25.69974579372054, -0.264077897019, 0.916903446106, 0.299250622096, 0.929337144982, 0.158878993665, 0.333301569647, -0.258060720109, -0.366122296358, 0.894068861356,  
200, 2181147.980886907, 80.45113473601486, 112.44401863207713, 77.3691908690935, 59.8538524526125, -0.479771453063, -0.533155220582, -0.69682484427, -0.146625158493, -0.734310303873, 0.6627891373, -0.865055151839, 0.42015936071, 0.274127152769,  
225, 1077902.581490019, 63.60583635965409, 140.1456716744253, 72.78839538760175, 25.22603929290244, -0.393592808425, 0.917083481794, -0.0635813540056, 0.902546068652, 0.398639199709, 0.162780165916, -0.174629021403, -0.00668400156158, 0.984611613281,  
247, 914117.9612178785, 60.205737078039725, 133.7017461457957, 81.53448519938304, 20.018669997472447, 0.200715630031, -0.87759300092, 0.43536623732, 0.304343391025, 0.478279909546, 0.823786033181, -0.93117578158, -0.0328458956565, 0.363087883216,  
266, 3130663.0978108216, 90.75054494565964, 119.47177834466267, 90.71756647101853, 68.95900793145405, -0.997887233451, 0.0594232701905, -0.0262667903526, -0.0175934289032, 0.142034029559, 0.989705413599, 0.0625423102787, 0.988076520016, -0.140688485733,  
279, 1544162.6534452948, 71.70258479325823, 129.8169618502565, 106.91738829475499, 26.55979096858959, -0.228989719273, -0.147060451033, 0.962256167665, 0.956993034474, -0.214896003405, 0.194894945262, 0.178123666128, 0.965501388638, 0.189944802778,  
284, 348561.1337204375, 43.65796115038785, 153.866723843084, 61.66309426165416, 8.770418748741164, -0.619802166987, -0.770602334794, 0.148382328492, 0.0522807382182, 0.148113768012, 0.987587482776, -0.78301468582, 0.619866399586, -0.0515135754385,  
303, 1129748.8403956424, 64.60970602163601, 110.00654825342005, 74.94334132763566, 32.71460681881179, -0.798999773211, -0.600177094282, 0.0372400041381, -0.598824630792, 0.799790569402, 0.0417625029427, 0.0548491017803, -0.0110679986512, 0.998433310462,  
335, 1071988.7664456177, 63.489300421253816, 129.75075962736773, 78.48091729111087, 25.13203439757256, 0.234087363566, -0.447319820125, 0.863196434621, -0.904905398383, 0.224369139474, 0.361669336867, 0.355456503945, 0.865773335103, 0.35226013971,  
336, 569749.8563863254, 51.42787011148737, 103.68045395818655, 75.70836647654072, 17.328255756436924, -0.478353090765, -0.64564139053, -0.595252480373, -0.875895403693, 0.399511483617, 0.270550949451, -0.0631313103477, -0.650797794474, 0.756621879383,  
338, 1272399.0694944458, 67.22202295730328, 118.78368068297819, 94.63190826176043, 27.023422877952044, -0.41057170174, -0.895640318297, 0.17105349447, -0.15419863247, 0.25309095757, 0.955074734741, 0.898695532132, -0.365750444205, 0.242018497411,  
341, 1857289.4160206013, 76.25418051606404, 107.35175223587285, 88.36201928197441, 46.742959396587246, -0.320165601834, -0.835710325494, -0.446186327968, 0.769631938385, -0.504077422191, 0.39188344167, -0.552413492613, -0.217931650524, 0.804577608985,  
350, 311624.56728511665, 42.05791055490544, 110.88814757234802, 43.79593781003494, 15.318777924604285, 0.720312978949, -0.686492878351, 0.099381790737, 0.413187086661, 0.539724846745, 0.733466782631, -0.557158544558, -0.487262370575, 0.672420804591,  
354, 1784726.2962698364, 75.24789194662037, 133.07745388969093, 79.60244026551185, 40.22093374222695, -0.750114913906, -0.616974397489, -0.238055054091, -0.107758996836, -0.241129211922, 0.964491939706, -0.652468860971, 0.749132362137, 0.114390075894,  
359, 1162189.0848105345, 65.2222926833104, 126.72401547458028, 69.07608846020909, 31.695785571188107, 0.668207905722, -0.553838334401, 0.496750736364, -0.683105601084, -0.72124856545, 0.114748614822, -0.294728574281, 0.416009141947, 0.860274061749,  
367, 940854.1823915606, 60.78707369480665, 114.4084638872301, 98.3581128409737, 19.960222055336697, 0.841662704871, 0.399811328772, 0.362980430072, 0.386171897804, -0.915486525704, 0.112941075793, -0.377458814411, -0.0451145502033, 0.924926765092,  
401, 292253.97226523276, 41.16776323436888, 74.81686975518555, 64.81053964387263, 14.38886844448585, -0.306681546387, -0.440499032192, 0.843745833616, -0.0313723807295, 0.890659055512, 0.453588161841, 0.951295013565, -0.112636803365, 0.286968199797,  
436, 3688389.794993907, 95.84792915382758, 112.0146030550493, 100.87872942950933, 77.92448748752281, 0.95077869566, -0.0884830797136, -0.296969049705, 0.237272494837, -0.408515076314, 0.88137233654, 0.199302872715, 0.90845262784, 0.367412830341,  
438, 1457453.701747616, 70.33455101203599, 128.11315841376228, 71.50794428736475, 37.980276934653155, 0.938847550011, 0.00378450310337, 0.344312293382, -0.240318247417, 0.723330471295, 0.647333120777, 0.24660173924, 0.690491641392, -0.680006525977,  
450, 2367975.26205263, 82.68553052397218, 117.80631038638784, 104.60201672086478, 45.87540798196471, -0.365558642748, -0.106862862974, 0.924633552944, 0.906504956331, 0.184555354622, 0.379721062398, -0.211224153118, 0.976995214726, 0.0294059099861,  
474, 1731505.64975518, 74.49236591145387, 140.95182964527362, 59.979385229155625, 48.894788956018715, -0.848841259645, 0.528213335553, 0.0214286739896, 0.521314972598, 0.829651067731, 0.19977438564, -0.0877451723413, -0.180747829745, 0.979607577948,  
526, 905034.7606868105, 60.00565999845911, 127.30205430678639, 59.63890652337904, 28.458471241375996, -0.864610128997, 0.501890660339, -0.0235603459331, 0.00506233407868, 0.0555909047219, 0.998440796485, 0.502417851603, 0.863142755503, -0.0506051974963,  
540, 178710.86529259925, 34.94251144633117, 139.65405114124408, 73.44664136696582, 4.159459204325259, -0.721163372071, 0.65649374293, 0.221222413594, -0.00383564485255, -0.323111461828, 0.946353142893, 0.692754414357, 0.681626693087, 0.235534228213,  
588, 1644870.2724678407, 73.22864769433828, 111.48669070312535, 70.30825383874318, 50.097229163245906, 0.815883612306, -0.408915486737, 0.408805645603, -0.33035168961, 0.250605875958, 0.909980470179, -0.474554203797, -0.877487788885, 0.0693793053906,  
598, 1587596.389123758, 72.36865442573067, 139.05970303139333, 68.23578371761543, 39.94275455145716, -0.975156991045, 0.0109514958247, -0.221244000045, -0.168675939884, -0.684123699851, 0.709593679937, 0.143587151658, -0.729283777443, -0.6689752625,  
613, 1204026.045455027, 65.99571789775047, 115.9218943826406, 83.32400164355744, 29.758544358170063, -0.185116768728, -0.281102230484, 0.941654564027, -0.913381483493, -0.304326782594, -0.270406129754, 0.362582469996, -0.910146551613, -0.200417581662,  
626, 2619835.199956302, 85.51883735002967, 153.2182611978466, 82.43430443004247, 49.518428829631084, 0.116095565987, -0.64001509198, -0.759540980853, 0.654715081782, -0.525745283113, 0.543083841567, -0.746906942829, -0.560332561361, 0.35799083708,  
628, 1537574.1781574902, 71.60046166048669, 133.03398067235486, 84.73051503488615, 32.56454653733996, 0.867339228655, 0.469984621518, 0.163820383263, 0.23274897617, -0.673933706645, 0.7011713579, 0.439943833379, -0.570024398236, -0.69391758076,  
645, 1391615.7789007586, 69.25911083767994, 152.3497793098268, 102.04347484419495, 21.369957899909597, 0.740539417306, 0.483767798426, 0.466444089493, 0.295258939164, -0.857740755315, 0.420836019746, 0.603675020404, -0.173923873801, -0.778027606105,  
650, 2862548.694027289, 88.08218741085436, 137.71105153799712, 79.63110632563809, 62.31788849416009, -0.000271332004544, -0.598241345862, 0.801315929257, -0.470384227897, 0.707207001414, 0.527822825668, -0.88246167312, -0.376783159459, -0.281595181462,  
671, 1558896.7175528004, 71.92992007962911, 104.9892222883255, 74.52695800245259, 47.56315115540043, 0.809448358, -0.292514844263, -0.509144794353, -0.444820553057, -0.871489969502, -0.206494330761, 0.383311924299, -0.393624565981, 0.835542739629,  
700, 1509289.1935039733, 71.15869110659074, 119.9837241673113, 69.40521000688885, 43.26826119365677, -0.617779105498, -0.383253627072, 0.686633551573, 0.158324149489, 0.794684804439, 0.586011540229, -0.770248297952, 0.470736358198, -0.430261363095,  
753, 1686694.5439533086, 73.84412411878216, 110.29287451315233, 87.63289744963878, 41.661337059566705, -0.433217425247, -0.398363623203, 0.808473305788, -0.468265653531, 0.865931197679, 0.175756759784, -0.770097357602, -0.302439389954, -0.561676486261,  
755, 2158203.0206652223, 80.16803318859684, 141.6512448122668, 85.7496955600157, 42.418050472266216, 0.168602209201, -0.977738684727, -0.124901398875, -0.445733791255, -0.188647710616, 0.875061957014, -0.879144289856, -0.0918646050873, -0.467617591571,  
778, 816382.3386643399, 57.97868092580338, 133.32314679155246, 71.00843740088067, 20.58683008580187, -0.983699979188, -0.0262395676676, -0.177892765546, -0.0271764619678, -0.956237795161, 0.291325795321, -0.177752048821, 0.291411674772, 0.939938000587,  
785, 1364976.8657553266, 68.8143312750744, 146.14528300749615, 82.39560322229177, 27.061249245138683, -0.29680279441, 0.686260465161, 0.664044181653, 0.923117770502, 0.0281725260391, 0.383483885659, -0.244462027756, -0.726810073357, 0.641860915037,  
804, 45282.806789893526, 22.1113322078442, 79.96960938848281, 14.657244369689321, 9.22289842295302, -0.738072405781, -0.371856768799, 0.563002368843, -0.199342149073, 0.91735132213, 0.344571123848, -0.644602072156, 0.142088336203, -0.751198424711,  
823, 1084301.156329502, 63.73144574439434, 135.064008909285, 69.18835482837382, 27.700567817618417, 0.014747733897, -0.144201421669, 0.98943845404, -0.416744523072, -0.900386680087, -0.125011314737, 0.908904014093, -0.410499423034, -0.0733738158621,  
825, 1470215.0872236798, 70.53923660063714, 119.91322352452772, 99.40638471725718, 29.444955924660334, 0.322364656346, 0.93257710721, 0.162422188897, 0.266631629663, -0.254088294317, 0.92970248615, -0.908288832037, 0.256396329533, 0.330563639561,  
835, 1717446.666726252, 74.29020385084883, 113.27790691246591, 71.53705787997029, 50.596253463168374, 0.534791658019, 0.837620698047, 0.111307900509, -0.593263246245, 0.27840475955, 0.755334039029, 0.601694775753, -0.469981229479, 0.645818117405,  
845, 972348.9034089885, 61.457917458066866, 112.7493323202846, 70.49526732603567, 29.205159265033096, 0.822540489783, 0.552460656403, -0.134960608307, 0.497747343047, -0.584553929828, 0.64073729844, -0.27509039452, 0.594208655482, 0.755805099608,  
854, 62343.32263230311, 24.598036697786352, 117.04048728642982, 83.96900816818224, 1.514419491576111, 0.712404510719, 0.433333860906, 0.551997806246, 0.357030297479, -0.90097784808, 0.246512238948, -0.60415989588, -0.0214635099977, 0.796574000297,  
862, 708760.5964160744, 55.30999916008076, 121.95883216712828, 67.89612392175688, 20.433968366629355, 0.624241330953, -0.770240233384, 0.130586153962, -0.624774001428, -0.391847788183, 0.675361205605, 0.469020477026, 0.503175211803, 0.725833657498,  
863, 755628.2176610103, 56.50321844205243, 118.07825044117028, 96.38892006475108, 15.849754296064885, 0.238185108565, 0.944208514454, 0.227460183967, 0.562529831686, 0.0567971371386, -0.824823783408, -0.79172472648, 0.324413881401, -0.517617224437,  
877, 700791.497288088, 55.10192079905075, 101.21777477395742, 84.99559872807853, 19.446748238283412, -0.490735118759, 0.818057776122, 0.299934189687, -0.715351597399, -0.181745039513, -0.674715371628, -0.497444605273, -0.545664929732, 0.674387610463,  
884, 573917.642630678, 51.55296585269629, 109.92097319127538, 70.29080479402299, 17.73298658757311, 0.345524158586, 0.854467679604, 0.38794076912, 0.223192431722, -0.476368050435, 0.850446129362, 0.911481318654, -0.207264239647, -0.355307389043,  
891, 1289769.2973638733, 67.526536520815, 147.67400669221652, 71.43062684943095, 29.190054474963357, 0.453746150982, -0.0588522566261, -0.889185493786, 0.711946145567, 0.62405952565, 0.3219975066, -0.535954397576, 0.779157314241, -0.32506424501,  
917, 2422003.280639867, 83.30966202172105, 111.43620859489903, 80.19149504439368, 64.70405218632169, -0.121134953337, 0.942888695579, -0.310301838264, 0.853818979473, 0.25841193154, 0.451903113432, 0.506280034538, -0.210200336316, -0.836358981084,  
924, 1310412.8520541913, 67.8848993109743, 132.50299598538766, 83.86890027614083, 28.150939151225824, 0.599135518069, -0.719269706079, -0.351692651196, 0.277139757312, -0.225797119245, 0.93392141846, -0.751152571656, -0.657013508885, 0.0640551577674,  
926, 1077082.5016253567, 63.589701599240804, 68.49808134007228, 65.45554139191711, 57.350278977506214, 0.949479023771, -0.228456369101, 0.21516800607, -0.143351139027, 0.294194612014, 0.944933850172, 0.279177424515, 0.928039448342, -0.246582132285,  
952, 2728113.782044596, 86.681141806485, 116.16591609347198, 80.48046912097813, 69.66339719822213, 0.569962631019, 0.308745089892, 0.761458514109, -0.524966276254, -0.576084986446, 0.626527331556, 0.632102055081, -0.756837206973, -0.166266154414,  
955, 1046074.071471629, 62.973516118854505, 126.57647430888092, 71.70019267013426, 27.516963706734618, 0.41986583311, -0.670828314446, -0.611311749212, 0.520297029636, -0.373979230662, 0.767743795797, -0.743642174126, -0.640413075734, 0.192008878154,  
957, 2194942.209304233, 80.62037742183786, 115.92149043337837, 85.65708855004961, 52.7724449732071, -0.198977197743, -0.953829229964, 0.224984165765, -0.95892299895, 0.236858109152, 0.156092659062, 0.202175064888, 0.184683611063, 0.961778148505,  
967, 2241827.8197637913, 81.190375183465, 132.4659453727541, 71.07306945263932, 56.84657842482805, 0.831867762033, 0.0763862418532, 0.549691885102, -0.351206148448, -0.694460429532, 0.62799598176, 0.429709515583, -0.715464781712, -0.550871925539,  
968, 2202765.279536411, 80.71604448975481, 120.86753321672255, 87.0034060531126, 50.007333714120364, -0.056135144544, -0.792394090925, 0.607421147322, 0.713938053589, -0.457150019579, -0.530383177746, 0.697955085363, 0.403887935282, 0.591382477378,  
976, 3437354.47424116, 93.62214140653572, 120.86745692813601, 104.45035437608014, 65.00045684737509, -0.0667846115874, -0.929044540705, 0.363890171675, -0.975255872388, -0.016251936858, -0.22048096952, 0.210750561155, -0.369610762742, -0.904970764742,  
981, 2082508.9194949795, 79.21961977666086, 126.41520341783539, 70.09987846459181, 56.10243200315131, -0.558528286283, -0.724041815404, 0.404733990379, -0.252285784929, 0.613098425761, 0.748640236063, -0.790188607957, 0.31602811564, -0.525098270784,  
1017, 329451.6588000755, 42.84508707146158, 91.74506763703499, 76.8351648026087, 11.157331505231197, 0.778716991556, 0.605006585793, -0.166032762458, 0.232919179179, -0.0330662041234, 0.971933784841, -0.582536267569, 0.795533567671, 0.166666852358,  
1034, 1292964.2479956476, 67.58224830648507, 124.12010015176165, 58.56008202392283, 42.4672475026773, -0.452115787248, -0.886624698237, -0.0974061568779, -0.875867493448, 0.461953912471, -0.13948016588, -0.168663715252, -0.0222537014689, 0.985422408883,  
1039, 931330.9703910607, 60.58128467044837, 139.20048113388103, 54.74591750792004, 29.17581260293731, 0.194665709355, 0.602381178004, -0.774107342678, 0.479177067607, 0.630218985976, 0.610911914759, 0.855858983409, -0.489858087718, -0.165965220503,  
1049, 1627124.8247463156, 72.9643560478232, 114.98655017111903, 86.20408625487448, 39.18838486304035, -0.405867318918, 0.204843171708, 0.890680074122, 0.913919121877, 0.0961429943102, 0.394345487249, 0.00485366894164, -0.974061496852, 0.226231390944,  
1057, 2388983.458326042, 82.92933403313903, 137.93309227291383, 94.45348687330174, 43.776200580813274, 0.753155063676, 0.0933129965114, -0.651191319615, 0.195961688854, -0.976773237225, 0.08667790689, -0.627978078089, -0.192890455242, -0.753947482067,  
1063, 818827.3173444582, 58.03650324412613, 99.27353868243073, 73.50447006363203, 26.78899738793814, -0.793485671271, 0.392204488415, 0.465355916214, -0.448112083174, -0.893913492315, -0.0106878047718, -0.411796127229, 0.217012228976, -0.885059117841,  
1064, 1249675.0496011847, 66.81943974063444, 139.11272372203828, 71.01641616623397, 30.19832702824035, 0.575639111699, 0.016649787726, -0.81753434035, 0.561682604845, -0.734650322297, 0.380527995506, -0.594266156277, -0.678241615148, -0.432245355076,  
1073, 3730200.2575671747, 96.20873687085584, 112.67103094601687, 96.64318910660904, 81.78243131641523, -0.189517091124, -0.593564395557, 0.782153808722, 0.932836289905, -0.357449613277, -0.0452352760983, 0.306430625766, 0.721048599122, 0.621441219503,  
1130, 641719.5629045153, 53.508021130891684, 137.5539244955947, 70.04144359856164, 15.901152237911461, 0.721073574865, 0.213077010049, 0.659280734907, 0.494055765668, -0.825243114364, -0.273647040189, -0.485758993783, -0.523041097796, 0.700332927953,  
1131, 816431.45809232, 57.97984370717548, 103.59622122897989, 66.65616262224187, 28.22584151827501, 0.568708196231, -0.711891014811, -0.412046320905, -0.728112197349, -0.202656210951, -0.654815308491, -0.382653388345, -0.67241478508, 0.633588779252,  
1156, 1011405.9842319301, 62.27001493311336, 130.4498836241573, 51.31264187399276, 36.07188505277041, 0.347868034717, 0.757771411785, -0.552060067297, -0.476419963075, 0.650020091112, 0.592028631008, 0.80747250678, 0.0570646005118, 0.587138639644,  
1159, 498277.7273237946, 49.1806527423065, 129.12811906127808, 78.03972592667238, 11.804464901017885, 0.0515526214762, 0.423257935751, -0.904541346232, 0.0887220900192, -0.904105396278, -0.41799739612, 0.994721427316, 0.0587039372062, 0.084161331946,  
1180, 1657831.8881684977, 73.42049247070335, 116.9271716838548, 60.00612869650583, 56.40801612004679, 0.377247888042, 0.74233612619, -0.55373378687, 0.555208802531, 0.297268882528, 0.776771779272, 0.741233577599, -0.600473385949, -0.300007493583,  
1182, 1288591.3532547634, 67.50597296894593, 118.58204164725574, 80.66763919317212, 32.15942928530367, -0.0159464399131, -0.538274575257, 0.842618651992, -0.57924681581, -0.681932421904, -0.446588511194, 0.814996219272, -0.495205667969, -0.300919439359,  
1211, 1728918.4433774601, 74.45524538678686, 96.70705983525234, 81.06551175406231, 52.649177328285404, 0.909689009526, 0.0721199988723, 0.408979964925, -0.29476725394, -0.581582989134, 0.758204123409, -0.292537471023, 0.81028385922, 0.507801039321,  
1214, 1996879.4844709055, 78.11859348714698, 111.16287495972675, 96.89842370715422, 44.25748831697425, -0.650182070359, -0.0269746301985, -0.759299443375, -0.610535056871, 0.613384483948, 0.501005408338, -0.452228061619, -0.789323662497, 0.415280551081,  
1217, 2031606.9238337644, 78.56884309429739, 130.7568710838134, 85.5486536760452, 43.35841282442475, 0.284975967794, -0.570139479748, -0.770538559329, -0.290756272265, -0.817412895888, 0.497289601515, -0.913372589866, 0.0823233336809, -0.398714660896,  
1232, 1588098.6415190527, 72.37628514304268, 116.94049554646385, 76.79096647770773, 42.21956958472739, 0.279420621515, -0.888836221004, 0.363172532695, 0.271763362928, 0.43598259742, 0.857941635146, -0.920906504941, -0.141029596108, 0.363375648853,  
1235, 2801016.8395850314, 87.44648759813346, 124.56256186435866, 84.42662487174631, 63.58580164621385, 0.655617752484, -0.545143752478, -0.522478374444, -0.690602922205, -0.153098815036, -0.706843940822, -0.305340738307, -0.824244528019, 0.476852169505,  
1253, 820902.769961314, 58.08549623062485, 99.27749024288082, 84.28606141667578, 23.420521541723517, 0.630074375105, 0.684181417998, 0.367290170169, -0.322803747736, -0.199411954301, 0.925220305078, -0.706260590918, 0.701520248994, -0.0952119633668,  
1261, 374909.1219950482, 44.73139744072188, 157.28858846014683, 59.84050460027774, 9.50922089822549, -0.45075318881, -0.875173187388, -0.175765340308, -0.0175952937169, -0.188153905931, 0.98198193126, -0.892475192045, 0.445724129658, 0.0694120438002,  
1265, 635433.1877154869, 53.332723428776966, 127.58144791385621, 117.52444350037186, 10.11732157993481, 0.841451867925, 0.540238239384, -0.0100696908082, 0.370600273562, -0.563468724818, 0.738348449845, -0.393210110757, 0.625016512469, 0.674344250319,  
1272, 1106568.136851916, 64.1647515729638, 127.41064133164495, 64.64187346438659, 32.07524002016393, 0.257701412222, 0.906413676377, 0.334670329451, 0.392560184786, -0.414712388485, 0.820920298298, 0.882885317275, -0.0801740738215, -0.46269388847,  
1275, 860250.0608992963, 58.999097394105114, 103.15630484659862, 53.28725380523757, 37.36087050165324, 0.756260925824, 0.644823444531, 0.110779679794, -0.42923655135, 0.361197756655, 0.827823751515, 0.493786791092, -0.673601444454, 0.549941541414,  
1288, 669508.4663868138, 54.26950012751357, 112.88168766112014, 104.61763800954225, 13.534401621452405, 0.138670484282, 0.640921595709, 0.75497682411, -0.821732030835, -0.351026684296, 0.448928431281, 0.552744937824, -0.682641761883, 0.47798876414,  
1298, 2712396.6508013154, 86.51435946811934, 106.09448024720604, 83.1189372717157, 73.42971096597685, -0.859807185034, 0.283519533584, 0.424674320675, 0.0270218086553, -0.805256022748, 0.592311201722, 0.509903350078, 0.520748895251, 0.684703703564,  
1308, 856790.1893136371, 58.91989423053924, 100.74882459143498, 73.09976630217096, 27.773454360923655, 0.165232534425, 0.97583200232, 0.143003890911, -0.683462881375, 0.00875876706431, 0.729932718668, 0.711039168647, -0.218346484395, 0.668392185324,  
1312, 249669.13859614573, 39.06238455629471, 103.40354180230696, 47.221422477501534, 12.206798441430337, 0.533549445373, -0.845591923535, 0.0172999478319, -0.640258332981, -0.417184639153, -0.645000964265, -0.552624878548, -0.33306347099, 0.763985908183,  
1320, 1658807.6331820793, 73.43489393678139, 97.83665049698347, 74.53644697387674, 54.3046667725176, -0.563949054502, 0.536600434925, 0.627711268948, 0.803556121704, 0.181301805692, 0.566945512836, -0.190418022253, -0.824129618744, 0.533433546292,  
1325, 2915367.2779410495, 88.62064131802003, 135.73285304434043, 90.21489606734757, 56.83834642178252, 0.826018442836, -0.122169615261, 0.550243688925, -0.237477507901, 0.80991544124, 0.536322115228, -0.511173126578, -0.573682458463, 0.639992555828,  
1329, 1097236.9161819436, 63.98388416079011, 142.57031146708565, 83.8784979691707, 21.904435141402114, -0.129655149238, 0.971642195772, 0.197739691692, 0.82287421172, -0.00582988469653, 0.568193667803, 0.55323374261, 0.236384127722, -0.79878343135,  
1335, 1332672.3956584411, 68.26712251807022, 104.82010201301236, 81.41527587005923, 37.28072211657899, 0.826702860383, 0.453311928694, 0.333272675055, 0.29461396398, -0.853411966882, 0.429989101037, -0.479338077835, 0.257286435877, 0.839070138338,  
1346, 1312145.5425463908, 67.91480635260761, 108.8820450174323, 70.61225129167597, 40.743381727068545, 0.155908436714, -0.74316652561, 0.650688923046, -0.422057920081, 0.545462183236, 0.724111951812, -0.893061963952, -0.387523575893, -0.228617161797,  
1401, 428113.4521845393, 46.75450051388836, 95.1946341199901, 37.03987839704514, 28.98599706821993, -0.188022599439, -0.933738476334, 0.304598030055, -0.975807116573, 0.142365358479, -0.165929430636, -0.111570486, 0.328427408294, 0.937916554996,  
1434, 773743.7643711849, 56.9511962662348, 125.15329347999041, 92.57611616443698, 15.94289966887094, -0.7936492117, -0.160424770766, -0.586843098018, -0.494502254044, 0.732000428565, 0.468660744382, -0.354384606765, -0.662147465074, 0.660281973844,  
1469, 443339.57333723485, 47.30234049079953, 122.39911665825423, 69.33912676622347, 12.4707116676941, 0.712576738473, -0.691977389341, 0.115765644421, -0.31162526448, -0.164330974912, 0.935887293012, -0.628588964527, -0.702967014393, -0.332736067101,  
1470, 738920.975462718, 56.08367473081873, 127.3699559772316, 86.65167636768577, 15.983261975215456, 0.89820872598, 0.229446260508, -0.374933991673, 0.209389389364, 0.526631610895, 0.82390243963, 0.38649342581, -0.8185435602, 0.424981495904,  
1481, 3626117.3734657965, 95.30545288682146, 111.89239769132259, 108.8165504472656, 71.098053955001, 0.580272362255, 0.740460573523, 0.339119631785, -0.798433215371, 0.599321365015, 0.0576047049215, -0.160587627781, -0.304190796203, 0.9389779408,  
1486, 1826822.1696527577, 75.83491797674341, 111.11905097375418, 91.49839429817898, 42.894900798918464, -0.206476063113, -0.595963625312, 0.776012237446, -0.0177439710905, 0.795252522532, 0.606018627516, 0.978290747606, -0.111358801676, 0.174775371372,  
1487, 3059518.534573727, 90.05783309195992, 118.462365187621, 103.0295513494091, 59.84422831069146, -0.0551779095288, 0.760473372064, 0.647020593707, 0.38953891358, -0.580263145103, 0.715230114888, 0.919355661922, 0.291504601708, -0.264216263837,  
1505, 3612267.6265453734, 95.18396017706385, 124.372524212509, 105.54943842608532, 65.69176550940094, 0.361313751514, 0.212058425328, 0.908010791353, 0.491895933829, 0.783925219692, -0.378813463612, -0.792143145681, 0.583517329801, 0.17893228488,  
1506, 386912.4190293471, 45.203773154660894, 121.65583082264291, 66.81165753865974, 11.364200441189118, -0.156693816138, -0.182158957856, 0.970703436718, -0.958451799071, -0.209158542744, -0.193966112647, -0.2383635812, 0.960765745679, 0.141816730634,  
1508, 1715500.2584293114, 74.26212850469375, 106.76577241671028, 75.40818809687637, 50.86881566101681, -0.0275659775082, 0.632082574817, 0.77441057295, -0.34402011456, -0.733380372188, 0.586347499754, 0.938557551598, -0.250249572033, 0.237665466645,  
1513, 2869625.341951881, 88.15471178772128, 120.86514484625522, 94.52728465475312, 59.96230651383378, 0.236475107733, 0.745036278611, 0.623699019541, 0.899503792881, -0.41057465676, 0.149403406319, 0.367385968725, 0.525689447088, -0.767253644634,  
1515, 1866256.5691004533, 76.37670412345808, 125.12663788965837, 84.58712148103754, 42.094825998172794, 0.586406452294, -0.587587172483, 0.557556084571, -0.56814549339, 0.192256072674, 0.800155172989, -0.577354458759, -0.785989133038, -0.221094802511,  
1517, 649723.0169348719, 53.72955136958508, 117.96054687340478, 42.58905004197871, 30.874853992995984, -0.774766661714, 0.602888651245, 0.190425560513, 0.0290043004441, -0.26697938426, 0.963265674119, 0.631581641954, 0.75182929085, 0.189360362714,  
1522, 2198756.785890199, 80.66705361245484, 118.60990788559292, 77.72416756668194, 56.939222876581866, 0.724069243395, -0.567454480218, 0.39207032998, -0.370747367377, 0.159127400201, 0.914999923546, -0.581609938321, -0.807882345015, -0.0951629983797,  
1527, 2313342.445277177, 82.0446825604474, 113.04696627194618, 82.96974409147774, 58.88065796162384, -0.448247599368, 0.407296955954, -0.795728144112, 0.114866802476, 0.90903094802, 0.400585013736, 0.886498565904, 0.0881585231953, -0.45425583919,  
1558, 1179090.0473462006, 65.53693420937665, 116.88308402378738, 97.0979600559982, 24.802564984529553, -0.503325861852, 0.310039082061, -0.806559882703, -0.849742031567, -0.347025068781, 0.396877917533, 0.156848833529, -0.885126753201, -0.438119931284,  
1561, 2324099.791655768, 82.17165879657065, 117.55016263743005, 73.2350645849252, 64.45013913197108, -0.582300766132, 0.168362596011, -0.795348888242, -0.258119182206, 0.889413003737, 0.377251900673, 0.770908753057, 0.424968875388, -0.474448257887,  
1563, 895786.9393143653, 59.80057670532158, 112.00784800345807, 52.00082301736385, 36.71617627635058, -0.456070758234, 0.156341061614, -0.87610326785, -0.0775441967268, 0.973722741019, 0.214128282054, 0.886558718325, 0.165594372111, -0.431963126768,  
1566, 1723931.5215368806, 74.38358978786994, 109.01215437225275, 98.63139164054577, 38.27730193904695, -0.540286346331, -0.278818844166, 0.793946292961, 0.781633190982, 0.183175735148, 0.596235024808, -0.311673256349, 0.942712417544, 0.118966714192,  
1572, 1803846.290733731, 75.5156513681505, 125.65152419117146, 79.30183970870212, 43.217525285428664, 0.288647656893, -0.08239885563, 0.953883094913, 0.904658126124, 0.349684591959, -0.243545398199, 0.313490358716, -0.933236901723, -0.17547843245,  
1582, 349866.3716200903, 43.71238780068177, 114.04850854975925, 77.69652493119018, 9.425890420677149, 0.664792009117, -0.604627079271, 0.438722782206, -0.631002969668, -0.768852714699, -0.103444455485, -0.399858521086, 0.208066331039, 0.892648623481,  
1589, 1802924.3995307467, 75.50278458858065, 99.31432323906212, 74.63506978671047, 58.06762669190137, 0.459728664232, -0.372020726246, 0.806380886757, -0.769049858302, -0.620848024443, 0.152019886826, -0.444085431791, 0.690035006205, 0.571524119773,  
1622, 277582.9133492623, 40.46703391967991, 95.37364050719009, 75.66518762804922, 9.182895592427702, 0.434722445385, -0.260774352118, -0.86198209538, 0.160827974069, -0.919289969198, 0.35922181906, 0.886087331043, 0.294792621701, 0.357696172687,  
1623, 3198578.7400016948, 91.40209404910908, 120.20367859201367, 105.28823505283333, 60.33521056761013, 0.584435070203, 0.716060199325, 0.381698100152, 0.561095158686, -0.696434315512, 0.447382908789, -0.586180749953, 0.0472973056311, 0.808798549247,  
1630, 2124093.850521514, 79.74345180538239, 94.02909642020165, 79.65647963433786, 67.7020346014635, -0.940905787133, -0.0910979109699, 0.326186251023, -0.28388423533, -0.313057026176, -0.906313984937, -0.184678208435, 0.945355207834, -0.268695906836,  
1633, 1065516.9267346894, 63.361275993788695, 130.11810006669373, 79.19042120421169, 24.686605548615113, 0.84300940782, -0.492355261202, 0.216613561658, -0.380484493529, -0.830471503693, -0.406876678783, -0.38021926373, -0.260582766738, 0.887428832734,  
1650, 1975916.4021262124, 77.84427036359973, 110.16985954711417, 92.76579408963636, 46.156120097928635, -0.664455774694, 0.746081012341, -0.0431468017336, -0.673454632866, -0.572747474936, 0.467353386022, -0.32397126562, -0.339593069686, -0.883017081417,  
1659, 2749701.70289433, 86.90918109250582, 120.13480341349698, 102.08395565475686, 53.52672117023797, 0.688742790857, -0.26453391487, 0.675022352168, -0.0655761687267, 0.904511454063, 0.421377260378, 0.72203402561, 0.334485929976, -0.605628622598,  
1664, 913599.6156129328, 60.19435514811815, 126.4316118400023, 64.4173344568318, 26.77989526335533, -0.25889743242, 0.012539127484, -0.965823425771, -0.182760299074, 0.981217683984, 0.0617294882447, 0.948457058896, 0.192495784158, -0.251743084339,  
1678, 1712585.3486529128, 74.22004357476074, 114.87231592445308, 77.06828458736732, 46.18197965755368, -0.427719215984, -0.780512025186, -0.455913644036, -0.147701729187, -0.437250148506, 0.887128235841, -0.891762564517, 0.446781027095, 0.0717373149367,  
1679, 2059891.9910409187, 78.93178905806192, 115.23601611256156, 96.90492150567407, 44.03741014085854, 0.308690959783, -0.860645719358, -0.404967698835, -0.934017465884, -0.354753831892, 0.0419653688291, -0.179781157998, 0.365292573849, -0.913367434672,  
1686, 921255.2999488966, 60.362024417132815, 124.40767952727785, 78.15798637755807, 22.618866562053046, 0.161737039578, 0.19153080319, 0.968068737982, 0.721577905319, -0.692139375314, 0.0163832748852, 0.673176393366, 0.695887229779, -0.250148969308,  
1698, 2876260.66999833, 88.22260510696111, 104.6622707578952, 84.96110068892605, 77.21992052991284, 0.33300710169, 0.363926653831, -0.869864162301, -0.492141988361, 0.85397744246, 0.168875075309, 0.804302513682, 0.371860079062, 0.463484140056,  
1717, 1274364.879961486, 67.25662367453474, 112.02142259245264, 101.12990630638392, 26.854959176260298, 0.27344801964, -0.783146610764, 0.55848685446, -0.303701998894, 0.480621959241, 0.822658877156, -0.91268355766, -0.394568014853, -0.106418068166,  
1721, 3122617.8994467743, 90.67274114735747, 128.07119438889572, 88.79051437178549, 65.55596336621848, -0.870890852084, 0.436838071563, 0.2252146154, 0.482669599944, 0.846561719479, 0.224417718557, 0.0926238686659, -0.304147586453, 0.94811131446,  
1724, 1259076.263342188, 66.98658055743078, 137.50693124414948, 59.76148332982571, 36.57779054746852, 0.403553951284, 0.087277529652, -0.910783641279, 0.631748270288, -0.746643403462, 0.208369266097, -0.661844642942, -0.659474230644, -0.35644832406,  
1726, 2074793.5083794019, 79.12166608473981, 101.16099532666254, 75.3638860143263, 64.9695551932051, 0.521187403107, -0.543012806345, -0.658407763463, -0.794219562675, -0.0262261988606, -0.607064636392, -0.312376338904, -0.839314767319, 0.444940158059,  
1742, 1575816.7146660015, 72.18922251985263, 112.98531589124269, 74.87219009029177, 44.47076008271334, 0.671891847467, -0.349026469931, 0.653254826691, 0.502333586081, 0.862882083484, -0.0556370227154, -0.544263092266, 0.365533901696, 0.755091155496,  
1745, 2141404.869898512, 79.95949800394496, 97.669296059121, 88.51008248586716, 59.13701150253349, 0.453360851366, -0.33767716286, -0.824886702603, -0.126181446014, -0.940453205755, 0.315635882732, 0.882350373225, 0.0390115555851, 0.468973258727,  
1748, 1996269.176552697, 78.11063419291055, 120.85132486191833, 73.69831379894828, 53.508345737062626, -0.141458298612, 0.223945154388, -0.964281140322, 0.984564317608, 0.133240979169, -0.113489849605, -0.103066261439, 0.965450883938, 0.23933645033,  
1752, 2040988.6156981555, 78.68959758112092, 119.91482433764827, 87.49436754385462, 46.440726090658, 0.51368856038, 0.735996736641, -0.440945423594, 0.811393776141, -0.583772840091, -0.0291446600686, 0.278862336958, 0.342809093849, 0.897060601186,  
1756, 1417030.02080031, 69.67818250643931, 115.38609449335523, 91.16790771408652, 32.15844051781403, -0.205490083712, -0.791592315184, -0.5754610604, -0.00697800229718, -0.586809595773, 0.809694884381, 0.978634320357, -0.170399838174, -0.115059819964,  
1757, 1986717.1861230265, 77.98585054788772, 123.86449519649753, 76.78611332205104, 49.867536799541696, 0.171309553215, 0.0628896115841, 0.983207980913, 0.904469069515, 0.385639658292, -0.18225739009, 0.390626086261, -0.920503639703, -0.00918204909257,  
1761, 1531353.2073984866, 71.50376682296195, 126.89053989629984, 78.88566053388, 36.52241202249196, -0.993750782753, -0.0767131290424, -0.0810831524485, -0.111528534447, 0.712053465877, 0.693210824885, -0.0045571682622, -0.697921885003, 0.716159391932,  
1762, 2887750.5116067952, 88.3399237481573, 112.26997115950971, 106.1593579510634, 57.84278110133899, -0.260039999808, -0.0510592892461, -0.964246932835, -0.030475198313, -0.997669504139, 0.0610477091944, 0.965116811991, -0.0452604627881, -0.2578779357,  
1772, 3252770.006661489, 91.91539314986703, 144.52932851835146, 101.48479638474436, 52.94290624785415, -0.724542518659, -0.512833069624, 0.46047842659, -0.689096510912, 0.52584954461, -0.498626368217, -0.0135697200828, 0.678590081812, 0.734391832446,  
1773, 2397064.615994981, 83.02273649235926, 118.08629207690956, 87.71310670661087, 55.249347382239705, -0.956151356565, -0.16409334976, -0.242585976315, -0.271414435693, 0.807681554275, 0.523435488844, -0.110039935648, -0.566324888601, 0.816803117718,  
1779, 4626888.208431563, 103.37133674995582, 126.85098582683395, 107.5922571439021, 80.93298005665068, 0.104836634262, -0.341074668869, 0.934172013267, 0.949252507472, -0.245766939503, -0.196260766598, 0.296528172649, 0.907340444212, 0.298000605909,  
1787, 2997252.237367044, 89.44269872937774, 123.13503171116454, 117.15127287830657, 49.602783220600585, 0.0983287795927, -0.731666010521, 0.674534135647, -0.778955447264, -0.47842056441, -0.405391384624, 0.619322098977, -0.48557039922, -0.616977734703,  
1793, 3467349.636547376, 93.89367603663608, 116.9150949362727, 91.4201221793295, 77.4455812161081, 0.0262490261513, 0.999510201355, 0.0170395426513, -0.666550538367, 0.0047966200285, 0.745444412575, 0.7449975627, -0.0309249062077, 0.666349969421,  
1795, 2549586.6689513316, 84.74753144660575, 110.95581365663388, 98.83232459040242, 55.5049987898296, -0.937265460852, 0.0309619952939, 0.34723883818, 0.348207924119, 0.0349360883916, 0.9367660921, -0.0168729805914, -0.998909818039, 0.0435256010946,  
1796, 639154.1663051574, 53.43662305670956, 108.50811715097319, 81.79583551968237, 17.191888837124306, -0.953212183117, 0.193563557787, 0.232206121913, 0.073418189858, -0.596899300831, 0.798949932139, 0.293251263177, 0.778616962161, 0.554760599611,  
1802, 571657.4128401189, 51.48520070100366, 124.3007209845998, 85.0215343803875, 12.913520136452123, 0.66228449971, 0.408713494683, -0.627959011965, 0.538520552771, -0.84238242749, 0.0196840061866, 0.520936517905, 0.351205246431, 0.777997441636,  
1805, 3760877.4226586036, 96.47175735803224, 135.9657953264284, 99.61958646026837, 66.2866647067161, -0.868565619678, -0.383761248835, -0.313561904901, -0.0470268078925, -0.566044084487, 0.823032547204, -0.493337859536, 0.729603589842, 0.473599364482,  
1811, 3112943.3144372175, 90.57900263722544, 111.67764512641695, 99.05078811175433, 67.18284948402838, 0.739578094893, 0.393453495151, -0.546093937622, -0.500105012849, 0.864240419127, -0.0546211870138, -0.450465556593, -0.313500949124, -0.835941347956,  
1815, 608023.26912607, 52.55457522904318, 85.0872296172953, 79.7132381021196, 21.401132502069125, -0.24593531175, -0.969184331503, 0.0140553905227, -0.449374471112, 0.1011587958, -0.887597590547, 0.858823851059, -0.224607723822, -0.460405216361,  
1818, 761662.991819427, 56.65323949376022, 160.5160914893424, 55.45399686153597, 20.427857292432243, 0.302948474659, -0.451454958654, -0.839291750233, -0.644057039533, -0.746108951334, 0.168854856511, -0.702433449894, 0.48939743874, -0.516795312889,  
