# Void_ID, Void_Volume, r = (a*b*c)**(1/3.0), a, b, c, vector_a, vector_b, vector_c 

9, 902550.636525915, 59.95070884994139, 130.27756374816255, 77.47952379507088, 21.34648616731458, -0.973203396506, -0.177090825495, -0.146676475802, -0.0887355588828, -0.299233424048, 0.950044924476, -0.212134744014, 0.937602366389, 0.275500731258,  
15, 541796.5069351427, 50.57266777081996, 99.3272433527983, 75.45604077070799, 17.25779059975552, 0.653132515965, -0.302850794025, -0.69404561316, -0.707999948173, 0.0808963766924, -0.701563859976, -0.268614947417, -0.949598427124, 0.161582292432,  
28, 1478882.232247072, 70.67757833875139, 109.23608510550334, 70.57801855264852, 45.79408577041204, -0.447580358471, 0.830893343251, 0.330587469291, 0.881082741828, 0.346560749621, 0.321852215891, -0.152856222522, -0.43532964402, 0.887199569586,  
62, 3512694.59242823, 94.30120905476178, 128.78603774591127, 101.19544887346737, 64.34606893284979, 0.788673820272, -0.319225657694, -0.525441323734, -0.506682766195, -0.821550728955, -0.261394288756, 0.348232938791, -0.472386895693, 0.809681691233,  
64, 1217116.0270509531, 66.23402139160936, 114.68019753487687, 100.12959888913518, 25.304191359388756, 0.838211833462, -0.255747399718, 0.481657751709, -0.0402897017152, 0.851761945092, 0.522377573053, 0.543854449443, 0.457268910414, -0.70365295522,  
83, 1569416.8457492418, 72.09136248854678, 106.85817489230693, 68.62480840079385, 51.09292938252668, -0.172750730622, 0.410349670721, 0.89541629023, 0.969843900397, 0.229550014795, 0.0819121454437, 0.171930200759, -0.882564410367, 0.437630057949,  
92, 2120675.4556853664, 79.70065065711971, 110.80162983465473, 74.13882010563545, 61.6302290612348, -0.0964438609607, 0.994526986714, -0.0401827622359, 0.98243022536, 0.101596162727, 0.15655373524, -0.159779329018, 0.0243781134847, 0.986851697876,  
111, 1018273.1639852058, 62.41062948982594, 139.90078019994087, 68.14545032526688, 25.498738008505665, -0.19030524341, 0.981480717555, -0.0218978400526, 0.981636032073, 0.189940424326, -0.0177012921216, 0.0132141918617, 0.0248643575261, 0.999603495821,  
114, 1645916.2161371943, 73.24416600253348, 95.50003901123604, 90.74925885647278, 45.3390565671529, -0.134580238181, -0.304509784524, 0.942953843314, 0.0035234524072, 0.951457860063, 0.307758876083, 0.990896434939, -0.0447407158345, 0.126974499693,  
131, 1549640.3561945914, 71.78726972613937, 120.56647681568667, 79.39693443366137, 38.64666334975956, 0.825144847854, -0.367335044814, 0.429186375496, -0.471493957745, -0.029329938198, 0.881381417171, 0.311174272506, 0.929626118166, 0.19739770149,  
138, 1786380.2157246545, 75.27112903500435, 97.61967179471316, 77.2414564328734, 56.558449310602754, -0.734341537666, -0.202089430424, 0.64799874087, -0.67590921686, 0.129996905252, -0.725429207565, -0.0623637444497, 0.970701121219, 0.232056235948,  
149, 2364971.066591915, 82.65054865268387, 150.34086071497904, 106.99217665251473, 35.100084935556865, 0.489232317933, -0.808632933263, 0.326748402188, -0.503224117209, 0.0442689446021, 0.863021290817, -0.712332244777, -0.586645582772, -0.385265795607,  
153, 657020.466716925, 53.929959775589154, 130.67089453713464, 77.70766953658344, 15.447120710080355, 0.130696753594, -0.891919317581, 0.432895240822, -0.263079669163, 0.389786850016, 0.882527789493, -0.955880456058, -0.229229453781, -0.183701963099,  
159, 1961090.878535598, 77.64908994668176, 129.12398181204165, 72.29072186362536, 50.15562411654789, 0.259607736319, -0.500895737543, -0.825655668759, -0.68715161678, -0.696545694509, 0.20651089806, -0.678547329816, 0.513738800921, -0.525019966886,  
168, 1278941.8924905728, 67.33704716182484, 130.89311576855732, 55.47373497292486, 42.04922451329451, -0.312985569763, -0.77876648581, -0.543656871289, -0.939596155596, 0.170380622619, 0.296866144627, 0.138560807986, -0.603732725646, 0.78505267242,  
246, 1996382.3353648447, 78.11211006929015, 124.09927096732905, 105.5508160608555, 36.3851595407328, -0.600785479137, 0.285485346999, -0.746696005551, 0.795836147191, 0.125365692735, -0.592391990079, 0.0755091708492, 0.950148177777, 0.302517446412,  
284, 2549354.54095889, 84.74495941252772, 110.22042451183027, 92.86333671248781, 59.46141834125675, 0.622723121573, 0.537210113325, -0.568877146667, -0.572557757547, 0.808397058685, 0.13664483079, -0.533285597153, -0.240623127839, -0.810991357672,  
309, 2244307.0049387887, 81.22029300604545, 123.54742424593476, 77.53846567296988, 55.929734431619885, 0.168250534116, 0.765248089392, 0.621359090584, -0.40127792241, -0.522581109554, 0.752253290403, 0.900370916209, -0.375904702841, 0.219152612638,  
311, 701064.2429703554, 55.10906836564338, 107.03271917964489, 90.16319034189905, 17.342966226499744, 0.545698420936, 0.283761662144, 0.788474826792, 0.766229876467, 0.211983311517, -0.606592822285, -0.339271292327, 0.935169714403, -0.10174770497,  
322, 867918.8838833283, 59.173897639724714, 98.42752756051068, 89.93776391807312, 23.406251470831258, -0.865516219736, -0.341037117455, -0.366845141568, -0.473428092422, 0.796150490835, 0.376842456803, -0.163546674317, -0.499838054235, 0.85053771513,  
378, 3528549.3359114286, 94.4428740573137, 118.50995600741027, 106.18714456440084, 66.93924433157241, -0.401942557212, -0.0690975482123, 0.913054056194, -0.780579465471, 0.547137456894, -0.30221896259, -0.478683484974, -0.834185909792, -0.273853955819,  
403, 1185995.4445789382, 65.66462531929406, 104.99134287897549, 61.68753536637757, 43.71631051259561, 0.443235994193, -0.555093517313, 0.703855837859, -0.839590822608, 0.0180165685687, 0.542920485753, 0.314052709023, 0.831592803176, 0.458065831143,  
419, 847575.9857287052, 58.70791787434706, 123.87134158783836, 76.01984985398524, 21.487811491333943, 0.282870590319, 0.82985682998, -0.480959323507, -0.504880506725, 0.555173350972, 0.6609676424, 0.815524311754, 0.0558586797784, 0.576020750348,  
426, 1238187.7237010591, 66.61406883643839, 102.46652125116361, 82.27807749981017, 35.061602107964205, -0.310000776404, -0.905576692913, 0.289534750733, 0.53163798825, 0.0873604620368, 0.842454271235, -0.788200842475, 0.415089150576, 0.454357160168,  
452, 1567317.2629998121, 72.05919994157023, 128.76983363858326, 80.69918443886039, 36.00684154319665, 0.238734349552, -0.962267847214, 0.130562247841, -0.924604415646, -0.266341727176, -0.272339418617, -0.296837640658, 0.0557016569098, 0.953302019565,  
456, 868565.4445405349, 59.18858795938736, 114.7725278100727, 65.67356969590502, 27.509669189881535, -0.726922907995, 0.606127970267, 0.322787808773, 0.0242179831919, -0.447123785987, 0.894144177018, 0.686291902271, 0.657791155052, 0.310345325748,  
457, 887204.3299584723, 59.60897872027325, 124.52648397016735, 76.57202607926605, 22.212793484753373, 0.119344095721, -0.0227679260515, 0.99259186394, -0.517672035191, -0.854515869685, 0.042641440381, 0.847214642696, -0.518926054462, -0.113767742363,  
458, 752582.5399412311, 56.42720119737178, 90.32448131297694, 85.42047490772384, 23.286170399713523, 0.13165139999, 0.855039802557, 0.501572372568, 0.851385877183, -0.356693700844, 0.384592891136, 0.507749935514, 0.376399441845, -0.77492803741,  
460, 842825.4723881669, 58.59802982165677, 138.24781934038924, 79.60154711325187, 18.28391716419807, 0.362998563699, 0.92994795443, -0.05855633871, 0.692090431512, -0.311163035222, -0.65129747437, 0.6238933221, -0.195893766011, 0.756559815928,  
470, 586303.9949594875, 51.92120319571789, 127.68908162809538, 59.129149874975056, 18.538681604776073, 0.433808021613, 0.547560372949, 0.715533534057, -0.47558772188, -0.535348814203, 0.698010004175, 0.765262647188, -0.643101302368, 0.0281743804,  
472, 3273593.979795535, 92.1111210598126, 126.45843071646681, 98.29168326252773, 62.874080011637325, -0.157147288793, 0.436852695674, -0.885699978496, 0.984293665717, -0.00376740663047, -0.176498686329, 0.0804407188774, 0.899525168591, 0.429399303466,  
489, 261340.49687100164, 39.66182564745851, 108.2852749570567, 43.26793467768344, 13.316268217092668, -0.000833329857723, -0.824502892942, 0.565857124274, -0.963641459193, 0.151857752094, 0.219850770416, 0.267197387123, 0.54510017672, 0.794651718462,  
515, 833047.1930187207, 58.37053385212813, 107.76787416578196, 71.43529522038597, 25.833237467516724, -0.556116566231, -0.0730781631159, -0.827885225643, 0.0563071718077, -0.997150868611, 0.0501960918015, -0.829194710045, -0.0187009974265, 0.558646941752,  
517, 1389031.8294760983, 69.21621755200621, 120.70635828419645, 99.26287297797327, 27.676208901818764, 0.843780565307, 0.196812455408, 0.499298723217, -0.332368947075, -0.538830130474, 0.774075560597, -0.421384907929, 0.819101305023, 0.389240043521,  
536, 642447.1498344876, 53.528236104651874, 155.41725538662013, 64.05622196080415, 15.405941409648655, -0.864924225213, 0.129450858682, 0.484921189293, -0.110983588556, -0.991578110023, 0.0667494928328, 0.489478015553, 0.003914959617, 0.872006849389,  
555, 1716257.607350379, 74.27305516552047, 122.70584294795293, 78.9748876621809, 42.28045048240953, 0.38892205532, -0.71228964275, -0.584279984012, 0.497558928016, -0.371359860964, 0.78391770411, -0.775354595032, -0.59559660719, 0.209976030694,  
576, 2148954.8726177462, 80.05335948955393, 143.5132794751126, 81.8946360414365, 43.65069273279241, 0.291832730877, -0.642156122245, -0.708850599106, -0.637499065826, -0.683084633435, 0.356357018502, -0.713041792786, 0.347894952864, -0.608720382041,  
595, 1401376.8267352176, 69.42066572672765, 98.72595067171405, 80.39224570136348, 42.15225738615687, -0.76236358265, -0.56863630579, -0.308957148462, 0.164689110241, -0.632166870918, 0.75712782559, 0.625842843545, -0.526324803758, -0.575589207797,  
601, 806297.6628068204, 57.73895647438814, 100.29222662111054, 78.46966966975852, 24.45894350421937, -0.392267914391, 0.816669027228, 0.423293731711, -0.492089458649, 0.202479983561, -0.846669841759, -0.777157543891, -0.540419796292, 0.322447818646,  
607, 1259900.5648287497, 67.0011957939952, 99.06537001255585, 69.66975950431578, 43.579423819369836, 0.344993303307, 0.0671702942997, -0.936198575216, 0.387989392787, 0.898023671652, 0.207407126777, 0.854660079656, -0.434789186522, 0.283750791233,  
608, 1127029.5675754475, 64.55782647655352, 119.05957944035968, 88.19744542523175, 25.622786044914204, 0.427152162404, 0.170559396935, -0.887947364584, 0.851275161976, 0.255132276809, 0.458517306035, -0.304748468014, 0.951744195384, 0.0362126745147,  
609, 690717.5062434499, 54.836612418961025, 92.85054271558877, 74.71267427835876, 23.77021585814023, -0.416656719827, -0.228914985705, -0.879769917162, -0.130298382393, -0.942744541197, 0.307009872137, 0.899677447405, -0.242550323363, -0.362973595827,  
631, 401195.9531078021, 45.753323318099646, 133.45927393463452, 45.9648783619894, 15.613240926936692, -0.62917441752, 0.623736912427, 0.463779922392, -0.0625711362644, -0.635391158761, 0.769651173114, 0.774741508662, 0.455225591817, 0.438799789551,  
662, 3806382.8377675572, 96.85929100389387, 123.4458484797616, 92.65391775521226, 79.44811189435676, 0.000650577395197, -0.331894462652, 0.943316300299, 0.358210216747, -0.880641548478, -0.31009015417, 0.933640732492, 0.338107274035, 0.118315061919,  
678, 843807.6891888385, 58.62078408788152, 128.89557216573522, 83.08987972406909, 18.809131393473713, 0.3084967748, 0.0924477215683, -0.946722323976, 0.862696612533, 0.392091223691, 0.319404175033, -0.400729702745, 0.915269299759, -0.0412045417027,  
679, 1190231.6242036072, 65.74271348164041, 119.79292694246803, 68.38360254511507, 34.686439554112624, -0.782524049815, -0.62077344241, 0.0479212339141, -0.596681143349, 0.7257140493, -0.34250654274, -0.177841852874, 0.296613303556, 0.938292504244,  
684, 2040123.3254908489, 78.67847568946331, 133.6933325640057, 63.94987678267597, 56.966344374691666, -0.581129294769, -0.426318397567, 0.693210910659, -0.800784547916, 0.147755659991, -0.580441532594, -0.145027068439, 0.892424164194, 0.427254327753,  
687, 622173.3790186379, 52.95914177417462, 132.1957630348167, 54.28588236566853, 20.697523219239784, -0.445362248506, -0.895320784847, 0.00729107856789, -0.874108038919, 0.43654479888, 0.212987734077, 0.193875227664, -0.0884835057642, 0.977027668649,  
730, 4509710.975372027, 102.49122877057853, 117.28948195121318, 111.28853866929538, 82.480368386584, -0.00589423824949, 0.245781393577, 0.969307363289, -0.251632566054, -0.938497552318, 0.236438990006, 0.96780489235, -0.242515671381, 0.067378330924,  
734, 150858.5860374998, 33.023807281362565, 103.87562898280797, 95.36737670275424, 3.6355315716910286, -0.727604597366, -0.465570080654, 0.503821446438, 0.537005224109, -0.843569452939, -0.00399591638065, -0.426868761062, -0.267647301626, -0.863798577657,  
739, 880410.3285293547, 59.456431499976745, 116.90387247083093, 86.68285496928715, 20.74122560014435, -0.0387444234535, -0.331472259414, 0.942669088753, 0.835857402213, -0.52771134647, -0.151205614882, 0.547577640903, 0.7820785613, 0.297509413528,  
752, 2484467.8308268827, 84.0197895713132, 107.20375696880721, 104.21255268188341, 53.09024492935548, 0.854914381942, 0.500261436731, 0.137331330975, 0.454957559682, -0.850207399951, 0.264879210125, -0.249268968057, 0.163969119005, 0.954452256311,  
779, 912305.5999889221, 60.16592210914692, 157.58104466654714, 70.56017225254966, 19.587911077436054, -0.0546243563725, -0.552872506613, 0.831473493939, 0.353642190603, -0.78945269801, -0.501698752869, 0.933784440177, 0.266639136356, 0.238642389878,  
784, 1013723.2498940296, 62.31753495610246, 120.0661024006265, 73.3696129076957, 27.47224540988272, -0.763368471102, -0.33682775534, 0.551194739234, -0.138926559867, 0.918930636634, 0.369142108162, -0.630847040328, 0.205215857789, -0.748276996454,  
789, 2505649.40169503, 84.25788715484718, 122.64093018579207, 96.77519756282766, 50.40019205317534, -0.300032569306, -0.360622254962, -0.883137614748, 0.923383676625, -0.342192390746, -0.173974002246, 0.239464074753, 0.867672724558, -0.435661565852,  
797, 2458983.4600896235, 83.73152467997852, 122.66866553252049, 85.29725336613267, 56.1045793670715, -0.0947207098866, 0.995491856195, -0.00489401343771, 0.990864160009, 0.0947521915536, 0.095969988045, -0.0960010600366, -0.00424104288139, 0.995372196732,  
799, 2686333.9126873915, 86.2363689275174, 126.13845628335574, 97.88618716279828, 51.94006172749398, 0.618653419375, 0.776422160278, 0.120152302206, -0.463259212246, 0.236974965371, 0.853951853477, -0.634554055195, 0.583961895004, -0.506290090974,  
863, 2931059.5868369164, 88.77936057421967, 128.79304458325177, 86.35106017381187, 62.91815144882207, 0.481416054768, -0.135146915635, -0.866010331004, 0.5265380825, -0.745296595803, 0.409011774845, -0.700711231457, -0.652892254111, -0.28763774897,  
876, 1470619.198971565, 70.54569894824277, 122.43073191871386, 73.40781824957229, 39.0641932443884, 0.782380594282, -0.114373778022, -0.612208497648, -0.460043776151, 0.556471997235, -0.691880510145, -0.419809873295, -0.822956593749, -0.382755947164,  
883, 1551093.8391344002, 71.80970696801755, 110.3287503388245, 72.45038758497041, 46.32549316125267, -0.0894123182268, -0.081211333062, 0.992678274534, -0.840169231197, -0.529115810635, -0.118962691155, 0.534902888663, -0.844654472739, -0.0209217920239,  
902, 27523.1322909873, 18.72994129162156, 145.5120326501937, 42.72775982715537, 1.056818037496624, 0.51751411908, -0.42950533677, 0.74007047113, 0.430518934084, 0.878148346794, 0.208587939292, -0.739481293846, 0.210667146725, 0.639364347882,  
935, 2634324.153030339, 85.67620108801715, 121.07066121566947, 101.20012038141942, 51.32874680576916, 0.827929310921, 0.536028305025, -0.16494457351, 0.480152909713, -0.525500247163, 0.702355090766, -0.289803794682, 0.660698983232, 0.692452607869,  
984, 344998.38416056, 43.50870434821406, 117.51839294987289, 50.087967769359494, 13.992302851058765, -0.31420295804, 0.882974899026, -0.34875755024, 0.922099531346, 0.371238568075, 0.109153011248, -0.225851622642, 0.287292974616, 0.93083499681,  
996, 1032285.5315879487, 62.69560202999768, 151.75593131543852, 77.29990471115441, 21.008091398379218, 0.568596697878, 0.693782667579, 0.441999327295, 0.734866222093, -0.186922309066, -0.65194454212, 0.369688288682, -0.695503889666, 0.616120855572,  
1009, 2285886.5626505283, 81.71880774981696, 107.07786669590256, 89.27949315390595, 57.08403176290995, -0.162281777702, -0.793937311058, 0.585942122343, -0.692099902087, -0.331669613619, -0.641087352029, 0.703322365744, -0.509567280652, -0.495660000739,  
1013, 746637.4933669788, 56.2782254816161, 134.24636664372645, 50.91559371486515, 26.077612805570855, 0.87971202933, 0.400777564335, 0.25589859198, 0.234708999894, -0.834014673536, 0.499330761816, 0.413543747167, -0.379205575187, -0.827758842252,  
1019, 1008917.6595856098, 62.21890612675186, 102.59465457224519, 94.90458278061992, 24.737465220170808, -0.336201750426, 0.170408328504, 0.926244775741, -0.903576139003, 0.218948091062, -0.368255202875, -0.265553279089, -0.960740722046, 0.0803661680563,  
1031, 1935464.784675617, 77.30938554522498, 143.8682885969682, 64.97294495458857, 49.43095887746592, -0.293513575679, -0.115714188612, -0.948925712291, -0.251378920859, -0.948369543284, 0.193400743325, -0.922311454467, 0.295305665243, 0.249271227853,  
1048, 151139.2451588286, 33.04427389010292, 122.35835063211715, 73.74234012445332, 3.998877590137023, 0.829451828743, -0.0228853570256, -0.558109240408, 0.321963141368, 0.8360711359, 0.444212551956, 0.456453063738, -0.548143517838, 0.700848974071,  
1075, 1184614.8383984892, 65.63913556765837, 82.16098455134956, 62.255578732875236, 55.28975295160183, -0.821221851656, 0.264607767298, -0.505546634692, 0.557267734483, 0.562384551076, -0.61088156693, -0.12266760969, 0.783394119327, 0.609299853386,  
1109, 113341.43378951897, 30.02156751587336, 71.60323893700367, 32.50837175074664, 11.624444480330078, -0.195180255781, -0.813390481613, -0.547996890662, -0.936891616794, -0.0106215355492, 0.349458554572, 0.290066830462, -0.581621102957, 0.759985609378,  
1115, 575252.0201959751, 51.59288904656645, 136.03845901720908, 91.31092795211879, 11.055670409401532, 0.601219041312, -0.268628038196, 0.75257866131, -0.589215034851, 0.487154241683, 0.64459784945, 0.539778942781, 0.83097516323, -0.134606727268,  
1117, 220314.79048980115, 37.46723821014559, 114.36828256877098, 43.59217754766265, 10.549718738799545, -0.742387377109, 0.331125757606, -0.582423140817, 0.65217639062, 0.158145628497, -0.741387830831, 0.153384933508, 0.930239588943, 0.333357719778,  
1118, 2073812.2320684134, 79.10919055251095, 128.15567002240115, 88.15189102873966, 43.823934290749385, 0.0433217304581, 0.673689865474, 0.737743310934, 0.712270914172, -0.538637042043, 0.450044755289, 0.700566465436, 0.505976384921, -0.5031843851,  
1132, 904913.80630934, 60.00298670496761, 119.70930151560167, 63.51402071015018, 28.413262387665164, -0.655543121793, 0.665639767861, -0.356632745148, 0.71448928744, 0.393824121835, -0.578279879638, 0.244475507166, 0.633897673526, 0.733761177696,  
1139, 4212170.98959464, 100.1857132661032, 135.18214870494438, 99.80645636511616, 74.53142108376471, 0.737913881606, 0.509058792514, 0.443105234789, 0.305504056227, -0.837387837825, 0.453264691645, 0.601789311107, -0.199099861443, -0.77343963579,  
1141, 1074726.7755713798, 63.5433079817832, 101.23129516594274, 69.79848052706143, 36.31187694349167, -0.530425061202, 0.118424984678, -0.839419309673, 0.124013042247, 0.990381635352, 0.0613594467925, 0.838611960206, -0.0715523539933, -0.540009482173,  
1144, 159875.6834801166, 33.66908145163584, 88.44835607874094, 33.72944958744513, 12.793659419709055, 0.1418991349, -0.967117133854, 0.211066541454, -0.932261204943, -0.0588803986887, 0.356962385146, 0.332796756706, 0.247421801903, 0.909960862163,  
1157, 381552.98052426305, 44.99408388937958, 108.0231345428137, 32.0829864292795, 26.28298446395131, -0.484711828068, 0.762698747012, 0.428188118748, -0.236331668953, -0.585532309488, 0.775434882369, 0.842141191239, 0.274668046651, 0.464064303915,  
1164, 1052439.8637045631, 63.10099781535927, 111.50804624920927, 66.05946062730509, 34.1088793189057, 0.166957515892, 0.414915603293, 0.894410548927, 0.262618241174, -0.893086207893, 0.365278913535, 0.95034564622, 0.173902465235, -0.25807186072,  
1168, 1279789.4450922946, 67.35191859249346, 130.8150631624847, 97.65093020700398, 23.917499571397276, 0.20378065968, -0.0946741224572, 0.974428167326, -0.20181571166, 0.969873884495, 0.136437042999, 0.957989489122, 0.224458144677, -0.178534814589,  
1218, 282834.3027367296, 40.720630179814435, 93.7869040612626, 57.75427461680417, 12.465713398138991, -0.263119265648, -0.870465458239, 0.416002569773, -0.135477909977, 0.460261205415, 0.877385524555, -0.955203636903, 0.174497876213, -0.239032431364,  
1258, 805824.1141901709, 57.727650659022046, 78.99188548534843, 66.8278634973739, 36.442787867259455, -0.0826415724376, 0.0470713576824, 0.995467055101, -0.900173676615, -0.432133324921, -0.0542967901565, 0.42761866474, -0.900580411056, 0.0780845745824,  
1292, 2769229.5068590287, 87.11443288832102, 117.58782963933604, 95.48958134603133, 58.877854690380474, -0.755860175004, 0.636943051789, -0.151588075461, -0.286742701514, -0.113895292996, 0.951213165049, -0.588603447978, -0.762450923674, -0.268727687476,  
1319, 2396693.6223382936, 83.01845312878903, 112.8144393707942, 77.95434717014939, 65.06072260226597, 0.0898448190427, -0.682937028562, 0.724930978445, -0.257898543793, 0.687095210634, 0.679255852115, -0.961985576607, -0.247986262808, -0.114396520304,  
1357, 948059.8925889744, 60.94186231634389, 125.54018498689173, 90.60834827724926, 19.897393419660084, 0.409437169202, -0.330715884352, -0.850287132864, 0.875075645877, 0.405991268957, 0.263464805094, -0.258077156037, 0.851937845954, -0.455629331983,  
1366, 1814933.605194359, 75.67005406450339, 109.21438342389003, 83.00728808627842, 47.79429602555059, -0.210272502843, 0.717767503339, 0.663773519883, -0.29591389318, -0.693831975754, 0.656530393237, -0.931783473974, 0.0583695174803, -0.358291162405,  
1371, 942275.7145842034, 60.81767259137213, 105.8357912234861, 68.36029925490271, 31.092301664809565, -0.972432073131, -0.00850180647555, -0.233031290674, -0.137448478561, -0.786379820828, 0.602257995494, -0.188371385534, 0.617684787478, 0.763532399071,  
1395, 798564.7307966852, 57.55377818637235, 88.90865618505892, 62.044258193081085, 34.56017026761082, 0.73591222175, 0.273517685205, 0.619371679817, 0.617934230157, -0.645223611887, -0.449270272624, -0.276749867352, -0.713354446642, 0.643843881991,  
1435, 1104433.4828382377, 64.1234654531983, 110.6564791415967, 59.39515633897048, 40.116503889579214, -0.881261334631, -0.44653528981, 0.154869929423, -0.472438096632, 0.822949881268, -0.315524543851, -0.0134426536001, 0.351226035304, 0.936194193097,  
1445, 1100228.0030810586, 64.04197180341602, 107.73449170011145, 81.975095950701, 29.741124466263326, -0.893255700612, -0.206923832096, 0.399094952404, 0.105605036867, 0.766337899708, 0.633698508487, 0.436968911379, -0.608201242338, 0.662683498593,  
1449, 1041701.073440999, 62.88564226128104, 136.0080980287904, 45.09060695995125, 40.55119469634362, -0.190940296972, -0.939791388741, -0.283432441051, -0.924018259772, 0.269525330942, -0.271194305965, -0.331258295896, -0.210114829625, 0.919847650305,  
1476, 728866.4096281931, 55.82813356714196, 137.986937727423, 98.37745915837615, 12.818161770909226, -0.224652228719, -0.665359066848, 0.711919018074, -0.798137800414, -0.293490451917, -0.526155306144, 0.559023637855, -0.686411441336, -0.465114937969,  
1510, 1555355.1038049993, 71.87540692018368, 122.156671323586, 87.40467930450728, 34.776756591030576, -0.983777938847, 0.128091544828, 0.125592687613, 0.116719825845, -0.0745989331331, 0.990359268867, 0.136225729189, 0.988952756869, 0.0584379618734,  
1562, 315061.53828173404, 42.21196732263975, 95.89061614998406, 61.69564748541167, 12.713822508246182, 0.297063806444, -0.417025090794, 0.858977979082, -0.348136219009, 0.790363020295, 0.504110572359, -0.889131187123, -0.448794351344, 0.0896067089407,  
1571, 1944225.3774695792, 77.42585313312084, 137.77929180298685, 74.77626644696585, 45.0516055476217, -0.545216250032, 0.52163904657, 0.656225529673, -0.136895917195, -0.8277041942, 0.544210689677, 0.827042168548, 0.206877915681, 0.522688032623,  
1574, 777186.3220747304, 57.03553414691797, 100.6173619259532, 97.19140054187852, 18.972989771222277, 0.0439129133668, -0.959486710246, 0.278310813481, -0.450659673433, -0.267650280139, -0.851627375255, 0.891615115833, -0.0880260211655, -0.444155271067,  
1594, 1982305.2496576698, 77.92807959657367, 122.47616282822938, 107.07097723467095, 36.0876484847113, 0.101397689973, 0.983123106683, 0.152274310287, -0.898774801152, 0.0249030918888, 0.437702744827, 0.426523581157, -0.181242360169, 0.886131390708,  
1606, 1307105.8552688037, 67.82774575660751, 111.24413546956673, 74.84150159341354, 37.480254664335746, -0.916544368859, -0.220018665771, 0.333973362149, -0.099464906477, 0.934238000912, 0.342499766468, -0.387366947857, 0.28069760306, -0.878154714924,  
1651, 1942970.926762691, 77.40919734582016, 111.74296287105737, 94.09739390676869, 44.11435307997849, -0.594984222749, 0.197252401989, 0.779156765092, 0.80142094666, 0.0720525215338, 0.593744810836, -0.0609773805112, -0.977701347064, 0.200952320255,  
1666, 479793.9949236764, 48.56485162856275, 130.06830797649855, 89.66477125200512, 9.82138788171916, 0.901148180296, 0.400558721775, 0.165785004027, -0.257065218108, 0.185814609283, 0.948361958651, 0.349069378189, -0.897232211519, 0.270416212206,  
1668, 2002874.7931938965, 78.19669487126937, 122.44582103322826, 74.80240996126064, 52.204222722716075, -0.938660675443, 0.150553778376, -0.31024135152, 0.322499098281, 0.0646854011951, -0.944356993133, 0.122108427162, 0.986483329149, 0.109271100146,  
1674, 2121764.6941557713, 79.71429381903751, 150.29682549927193, 76.53472456753188, 44.03523089984263, 0.104058276184, 0.974646476987, 0.198081094641, -0.428583346884, -0.135779085483, 0.893241487348, 0.897489938624, -0.177843427885, 0.403588311558,  
1693, 2319276.298384898, 82.11477240375444, 152.41165035010124, 116.03975357507662, 31.30681716089332, 0.960047001081, 0.0361220799811, -0.277497659544, 0.246150601981, -0.580711386012, 0.776005262418, -0.133115126334, -0.813307740953, -0.566401696366,  
1701, 2363116.6902631074, 82.62894087643613, 143.25153564753717, 119.26305713817537, 33.021084633139644, -0.954362126768, -0.108171551347, -0.278373573585, 0.113104626879, -0.993581676094, -0.00167221678677, 0.276405995539, 0.0330812395425, -0.960471424468,  
1733, 988251.8779990926, 61.79115972608032, 86.98297007347612, 76.57017929406854, 35.422983939222426, 0.920153550523, -0.271127329509, -0.282502061325, -0.246475466758, -0.961673287989, 0.120142962566, 0.304248726778, 0.0409201461507, 0.951713325478,  
1734, 2069413.5541206675, 79.05321920938998, 117.96767874728263, 83.74757529418933, 50.006148257267334, 0.350249608064, 0.834781536548, -0.42481172099, 0.891645770359, -0.436059299938, -0.121737862383, 0.286867621476, 0.336142935634, 0.897059025133,  
1755, 3852668.485383944, 97.250313581896, 139.59053666298462, 89.36899420923315, 73.72761478278174, 0.283116401496, -0.842793318621, 0.457760336084, 0.645324672984, 0.520483833209, 0.559153508266, -0.709507695266, 0.137098510044, 0.691232832627,  
1758, 329775.26980309276, 42.85911098455968, 119.01595947576048, 46.42228609183368, 14.249438430769874, 0.213058190915, 0.488729100748, 0.846020137683, 0.528605626, -0.785887235121, 0.320869671105, 0.821694772677, 0.378847092843, -0.425784664824,  
1780, 2286425.6886914168, 81.72523170144984, 113.98024053724767, 87.16980063501889, 54.938001861344084, -0.28819467691, 0.231860199497, 0.92907732514, 0.931430562142, -0.157282155225, 0.328175915564, -0.222218217322, -0.959949567184, 0.170633796047,  
1797, 377973.4853671738, 44.85293932304188, 161.5106236664504, 36.56905122731794, 15.277698639318444, -0.700583438139, -0.0669674909206, 0.710421143664, -0.693846208884, -0.1685318523, -0.700124598323, -0.166614178936, 0.983418715462, -0.0716054848263,  
1804, 107226.13716354655, 29.4716205622766, 116.01623253917056, 75.67932859756812, 2.9155199847620312, -0.104509295405, -0.773883061939, 0.624646150727, -0.207203181173, 0.631245867445, 0.747392464871, 0.972699670446, 0.0513192096431, 0.226322093124,  
1811, 1034910.5500935888, 62.748700326664895, 134.2863189919553, 76.30334447737181, 24.11231239265751, 0.208177436331, 0.677831496706, -0.705128794672, 0.907842288493, -0.402190777184, -0.118595775525, 0.363984249971, 0.615456774129, 0.699091142092,  
1822, 447459.8740925702, 47.44842804511143, 106.57236249219832, 50.84759410189463, 19.712898454122648, 0.573609288468, 0.276852635637, 0.770924770859, 0.589703452213, -0.792788297989, -0.15406671613, -0.568526360543, -0.542991098188, 0.618011686505,  
1860, 3119276.6019480303, 90.64038872835798, 126.23894418215647, 92.05661279703955, 64.07917822541594, 0.268469583018, 0.0806192756347, -0.959908649503, 0.58650218997, 0.776818790797, 0.229276574086, 0.764159187706, -0.624542311345, 0.161268835133,  
1874, 1421326.9950553663, 69.7485416905069, 131.76104112885298, 73.85857168312712, 34.86723209980094, -0.110765929495, -0.402611094855, 0.908644713385, 0.575225054903, -0.771539702965, -0.271739991465, 0.810461007745, 0.492575672409, 0.317052301483,  
1877, 4486517.478232001, 102.31522215427262, 125.21837890881571, 101.54546851277082, 84.23491266562529, -0.900600139305, 0.349118007843, 0.258913123813, 0.396116340854, 0.90445519851, 0.158280252709, 0.178916834288, -0.245106936843, 0.952843825566,  
1883, 2000323.739460097, 78.16348115848281, 99.95066796505559, 78.25224259542814, 61.05611776099191, -0.168193343955, -0.097622376685, 0.980908186641, 0.53999051232, -0.841624784618, 0.00882997852192, 0.824694637822, 0.531166257858, 0.194270844081,  
1896, 5039209.810796065, 106.35500781835096, 124.0245442728698, 101.62435353820963, 95.44834351857423, -0.683253581936, 0.0743208590451, -0.726388981664, 0.672565154564, -0.323262456817, -0.665700756255, 0.284289738889, 0.943386343935, -0.170884611475,  
1906, 2492841.0920717036, 84.11407277775314, 127.5616995499745, 100.74782476301552, 46.30735875174295, -0.000148927105348, -0.96235499134, 0.271795600523, 0.998813619788, 0.0130922927868, 0.0469035691091, 0.048696311424, -0.271480132814, -0.961211322624,  
1911, 2332488.044637416, 82.27039940233313, 135.0109425760501, 83.17361431189761, 49.587963588977495, -0.827751821235, 0.459484665381, -0.322026031125, 0.520584558089, 0.84302874364, -0.135256257809, -0.209329024079, 0.279600392841, 0.937019199377,  
1913, 185153.45577432326, 35.35746099900755, 121.22419819885476, 74.68000643884872, 4.882582002860994, 0.458011420992, -0.0615858461014, 0.88681042044, -0.632738137084, -0.723295846177, 0.2765602444, 0.624394096801, -0.687786523904, -0.370245471838,  
1934, 1632039.5663563951, 73.03774531780256, 125.10220118802071, 78.52188945529682, 39.66307502572589, 0.456161750388, 0.637984381676, 0.620396958584, 0.787945903087, 0.0344474720896, -0.614780144015, 0.413591236962, -0.769278428401, 0.48698356061,  
1946, 1382850.5671804936, 69.11339297969354, 98.14796491157516, 89.05766838152637, 37.768872761611014, 0.431620352671, -0.239201112242, 0.869762438291, -0.765269744113, 0.413364750691, 0.493448884517, -0.477562655475, -0.878585460151, -0.00463673448212,  
1968, 2470479.866614436, 83.86181095353182, 118.93420025971567, 87.86387784684348, 56.43851604301439, -0.894695227515, -0.0228289301278, -0.446093364454, 0.434677122426, -0.274432478106, -0.857754402029, 0.102840892163, 0.96133534987, -0.255456642092,  
1971, 2139629.3059056397, 79.93739219464591, 125.01241205273492, 88.20581263315866, 46.323310441103864, 0.0927623051497, -0.977200616201, -0.190981963649, 0.576439340282, 0.209102176758, -0.789932887435, 0.811857648679, -0.0368135215797, 0.582693678454,  
1990, 669840.5926227731, 54.27847255333536, 83.04729642204771, 65.51381292066661, 29.391684573271426, 0.64456300158, 0.629025199116, 0.434586971584, 0.236057567264, -0.704382971261, 0.669418743938, -0.727196921013, 0.328895011629, 0.602505360469,  
2006, 1729681.2814302281, 74.46619422462926, 111.6676452307298, 99.29057726544498, 37.24277921554414, -0.858731501029, -0.187184125082, -0.477013954155, -0.310942127227, 0.93026821472, 0.194720420595, -0.407302347964, -0.31553629268, 0.857054050422,  
2009, 900822.4959122074, 59.91242126617688, 122.09517028907563, 75.09888664678721, 23.454092322059974, -0.993016682555, -0.0369971602753, 0.112022668687, 0.0161281828943, 0.89806521709, 0.439566545099, -0.116866376194, 0.438303634465, -0.891197045625,  
2041, 1277288.4444884625, 67.30801630917068, 104.00940519458136, 85.51342512312907, 34.284155739174516, -0.0253346197799, 0.998183145944, 0.0546677619266, 0.451913803945, -0.0373430460685, 0.891279647874, 0.891701783583, 0.0472853472418, -0.450146670643,  
2077, 1419456.7992444276, 69.71793632765194, 102.01250551949813, 77.1514311369382, 43.0562467446018, -0.338749955793, -0.924184811852, -0.176439510862, -0.935549821717, 0.31093051917, 0.167537289385, 0.099974989554, -0.221821202303, 0.969948635585,  
2117, 587530.0035391503, 51.957368463102064, 62.835778678539775, 52.264515117468946, 42.709797615542875, 0.428791893108, -0.167676579233, -0.887706075895, 0.789726836188, 0.546756142312, 0.278189225257, -0.438712931893, 0.820330595322, -0.366863295751,  
2196, 1795443.6201948286, 75.3982132471843, 90.23544150546337, 72.14922686296265, 65.83765193435104, 0.724088762276, -0.0717737677318, 0.685962091235, -0.35385283824, 0.815040345876, 0.458799960184, -0.592016581875, -0.57494152821, 0.564764203827,  
2223, 622889.0650034165, 52.97944029178947, 128.576451574763, 50.419111527610745, 22.93852419386051, -0.504721780607, -0.24310296668, 0.828345864825, -0.105738317859, 0.969714962224, 0.220164257259, -0.856781963114, 0.0235337975977, -0.515141561178,  
2234, 1521596.0862928228, 71.35157943535978, 129.56022131638065, 83.54389328968584, 33.56018774762287, 0.211084094629, 0.908484783381, -0.360692255753, -0.85285851089, 0.351466824808, 0.386139134849, 0.47757289014, 0.22611163045, 0.848998036027,  
2236, 285513.88619320915, 40.848822486187366, 114.99624462586526, 55.87297386376446, 10.60848045327376, -0.817680339864, -0.568255685709, 0.092110463353, -0.575659500101, 0.808203785179, -0.124188492081, 0.00387320841193, 0.1545707517, 0.98797412971,  
2252, 2091061.36819604, 79.32791805028772, 125.32026806639364, 106.60367639771358, 37.36669368062167, 0.272945941551, -0.332328962005, 0.902805612523, -0.936253816453, 0.124013720098, 0.32870866798, -0.221199692967, -0.934974897117, -0.277295217398,  
2262, 660293.344347645, 54.01936028089119, 107.8580125028659, 79.98929227869746, 18.27107257913485, -0.466166349685, 0.172296997864, 0.867757269603, 0.868913123561, -0.0952847713254, 0.485706491677, -0.166369823359, -0.980425701866, 0.105292568565,  
2298, 2590938.3789025755, 85.20324949645762, 106.94488956522814, 90.61728095760361, 63.825968244934614, 0.185249814904, 0.975884492526, -0.115464121373, -0.602807900759, 0.205644025003, 0.770930068011, 0.776083204857, -0.0732119677856, 0.626366399891,  
2302, 1707159.9679026527, 74.14158559492674, 111.269541260713, 85.2921611750068, 42.94377240061804, -0.967158733426, 0.169608117636, -0.189306816545, 0.0519631443305, 0.861005234395, 0.505934598516, 0.248804774853, 0.479482088066, -0.841542103067,  
2312, 1387505.2449824777, 69.19085140963254, 110.8191095461542, 93.59488206971665, 31.935907858908884, -0.751109178973, 0.618119979057, -0.231867834668, 0.42403276463, 0.720896874373, 0.548182370238, -0.505995272491, -0.313425251074, 0.803575383027,  
2320, 1031375.5493609831, 62.67717410019696, 137.37701805320486, 77.09030255780075, 23.24954118441811, 0.699705244563, -0.69005513122, -0.185031042283, -0.556405265141, -0.68879786725, 0.464726456095, 0.448135862941, 0.222219292476, 0.865905788407,  
2325, 1337797.0998758245, 68.354516170899, 135.5116887749101, 64.76421672413046, 36.39064605563827, -0.405814312852, -0.80889874312, -0.425438088167, -0.913235856414, 0.340414850105, 0.223870499144, 0.0362631223671, -0.479375169576, 0.876860554906,  
2330, 1909094.7754298646, 76.95667464919977, 105.88574185369325, 92.53393598817551, 46.51578564940642, -0.059981700682, 0.796617423626, 0.601500520331, 0.832154246911, -0.292893068978, 0.47088529335, 0.551290762603, 0.528785713234, -0.645340347838,  
2339, 888858.2996358945, 59.64599771616988, 136.4168280754831, 88.56755569868999, 17.563105751235636, 0.474847705428, 0.451533396147, -0.755405353975, -0.38521618345, 0.878393661526, 0.28290116189, 0.791282597217, 0.156659399829, 0.591041186202,  
2347, 667715.4391223758, 54.22100998177611, 132.8231253812611, 73.64025256902876, 16.29723186555478, -0.00376624985423, 0.961223646754, 0.275744295104, 0.955488410874, -0.0778878721787, 0.284561726262, 0.295004596655, 0.264542208897, -0.918144709544,  
2352, 2861482.1836739215, 88.07124701660278, 138.65448441435043, 94.6492251011714, 52.053681920720436, 0.585554864323, -0.78572331428, -0.199410065604, -0.754141824795, -0.4377874037, -0.489502091166, -0.297313990526, -0.437013801336, 0.848895357791,  
2354, 315908.56733361236, 42.24976181079445, 89.99829900442889, 67.45390912916957, 12.423139736640474, 0.665830496055, 0.706737650428, 0.239147745111, -0.287973980431, -0.0522597040553, 0.956211226626, -0.688288266004, 0.705542923429, -0.16872594964,  
2355, 2198951.5864185216, 80.66943579507752, 126.56007763390973, 83.92670215120427, 49.423121087348704, 0.139802419329, -0.988067565285, -0.0646356711213, 0.947567205168, 0.152444196601, -0.280850776416, 0.287352875818, -0.0219830242253, 0.957572488852,  
2357, 1536994.5498567973, 71.59146331520502, 126.82123305920737, 88.49638625987426, 32.69386086546498, -0.0993684572543, -0.752780088035, 0.650728859634, 0.602467089059, -0.565988978085, -0.562752062001, 0.79193390905, 0.336122917613, 0.509766679915,  
2365, 610804.7443088989, 52.634592400599225, 107.25554049264531, 43.927471120555545, 30.949800556961183, 0.927536950406, 0.157348484642, -0.338993598778, 0.272508591097, -0.905482205716, 0.325332203923, 0.255762142253, 0.39413630829, 0.882747017598,  
2374, 1714445.9465991298, 74.24691205197875, 106.42721873399127, 89.90595926758844, 42.77539176602337, 0.448816599519, 0.879838756731, -0.156356714438, 0.769973862307, -0.46955183779, -0.432043195748, -0.453545930816, 0.0735175746476, -0.888195504863,  
2390, 925407.4137783898, 60.4525727537625, 114.06332326643425, 60.21573884734864, 32.16535322089862, 0.480325613452, -0.497608228475, 0.722269586799, -0.67588319204, -0.734818594182, -0.0567762658323, -0.558989459453, 0.460898779124, 0.689277229874,  
2396, 984579.7946504434, 61.71453151967528, 137.6798816906378, 64.79058226454502, 26.349958932500446, -0.573527383867, 0.7913677922, 0.211668035904, 0.812534314204, 0.516690193812, 0.269850387919, -0.104184107217, -0.32675412941, 0.939349461445,  
2432, 1049001.6901205801, 63.032208813152415, 117.91416634572572, 79.35305943540541, 26.764425041340544, 0.649934463558, -0.0373106360513, -0.759073849844, 0.700657755094, 0.416306215879, 0.579454782401, -0.294387335507, 0.908458612738, -0.29671374359,  
2436, 1499694.1673842375, 71.00757770063504, 166.87645758696632, 68.35597992801962, 31.386472428468515, 0.462584019857, 0.781072097323, -0.419454888345, 0.460742152249, 0.192420106688, 0.866424360047, 0.75745144644, -0.5940546114, -0.27086237273,  
2468, 757560.6834298837, 56.551345101251094, 120.3225667164793, 44.15409608840993, 34.04166015482951, 0.716724172783, -0.281566473686, 0.637986505379, -0.544577345576, -0.797442995896, 0.259846460398, -0.435593818636, 0.533671236992, 0.724881394418,  
2475, 2154172.6596689043, 80.11809852082716, 119.58214650998282, 79.02197051225242, 54.422401295661125, -0.962750902441, -0.0851250134294, -0.256640666959, 0.0445515453592, -0.986118222253, 0.159956280113, -0.266694318752, 0.142564314715, 0.953178659284,  
