# Void_ID, Void_Volume, r = (a*b*c)**(1/3.0), a, b, c, vector_a, vector_b, vector_c 

15, 1721810.4934065375, 74.35307147699955, 86.24455966346363, 84.60546563695745, 56.33348404500711, -0.701529582172, -0.451259770361, 0.5515622041, -0.16360132903, 0.855279607145, 0.491661874403, 0.693607129777, -0.254679039687, 0.673830643609,  
20, 1368948.9376970045, 68.8810163533845, 133.84081992813054, 71.83689988453317, 33.99088476227681, -0.128901551454, -0.966374835957, -0.222495093116, -0.978422539525, 0.0874045675331, 0.187215853292, 0.161473602122, -0.241826627985, 0.95678950549,  
37, 656992.3892948764, 53.92919154187923, 108.82854970763279, 98.82521815668505, 14.58347783812553, -0.993569049962, -0.0698642764909, -0.0891040169038, -0.0626483795363, -0.316312666726, 0.946584110056, 0.0943171431897, -0.946078897206, -0.30990159206,  
42, 2248686.3750324636, 81.27308771639369, 107.65288936007502, 98.55067652553014, 50.60051984851812, 0.499423366027, 0.332297278713, 0.800096756665, -0.762516926535, 0.607002945723, 0.223864603345, -0.411271489667, -0.72189053356, 0.556533754002,  
49, 467987.86598627735, 48.163199308938566, 126.53347300986574, 72.47615900281286, 12.182751507491709, 0.688027368745, -0.707329231924, 0.162184146952, 0.219803830113, 0.416119199742, 0.882344087006, -0.691595702795, -0.571428183827, 0.441775072411,  
61, 959850.5213789102, 61.19345842801008, 115.56002312242926, 69.95813923109137, 28.344521270391393, -0.0978955620502, -0.742557336473, 0.662589662597, -0.706385612201, -0.417140154572, -0.571850905673, 0.70102483965, -0.524025470272, -0.483695648833,  
73, 1215257.5668066815, 66.2002924788991, 127.28732166936882, 67.33361279036373, 33.850310683682146, 0.340641387171, 0.879388245142, 0.33262555472, -0.623589293851, -0.0534484618649, 0.779922851645, 0.703633312131, -0.473095736855, 0.530170336617,  
76, 2299869.286936166, 81.88509328101135, 135.8826046731424, 87.85062374237319, 45.99449256593105, -0.936690587773, -0.0490102311742, -0.346711320867, 0.292354406971, -0.65441430641, -0.697331209892, 0.192716484768, 0.754546163469, -0.627312078389,  
127, 2710469.2034496022, 86.4938620497288, 124.5788970395257, 90.34209958344927, 57.493825541728455, -0.672246906898, 0.359597485626, -0.647127301616, 0.705531316332, 0.576012686241, -0.41283767629, -0.224298144979, 0.73409742788, 0.640930034043,  
133, 1399616.3061997737, 69.39158296555433, 119.91993132045411, 73.1649708534369, 38.082531434551385, -0.909193006463, -0.343077970212, -0.235935549153, -0.40764401041, 0.618002625249, 0.672234420394, 0.0848200316896, -0.70736854718, 0.701737344513,  
152, 1933833.5102113874, 77.28765979494072, 117.99962599697311, 81.39094359018493, 48.06995970308423, -0.939417946386, -0.330567872704, -0.0906576171328, -0.0783642264055, -0.0503578508647, 0.995652115388, -0.333695924501, 0.942437779587, 0.0214023732248,  
163, 1450768.5130635437, 70.226847075893, 132.56037001527105, 83.6463810129612, 31.235513391491942, 0.325046782922, 0.701671958, -0.634035529185, -0.429527009317, 0.70683797348, 0.562037923555, 0.842526638854, 0.0896467657198, 0.531142466968,  
189, 1380965.1978198779, 69.08196911265048, 118.60969127142225, 108.72167441504438, 25.565707559223892, 0.169772138886, -0.876669749046, 0.450141724311, -0.669575363823, -0.437762042342, -0.600027688066, 0.723081083295, -0.199535824834, -0.661316264422,  
198, 1278008.6365665207, 67.32066435080044, 117.5710669461191, 100.56178195529746, 25.80546918052834, -0.757156266163, 0.62864649432, 0.177533021684, 0.52010263903, 0.415720149437, 0.746103211511, -0.395231114013, -0.657252114893, 0.641725816829,  
200, 909207.3953849594, 60.097736715685365, 135.92343264991393, 79.01478620587856, 20.21024820191139, -0.743769382844, -0.513697466754, 0.427693836518, -0.66796758899, 0.547233134542, -0.504336392221, -0.0250280882943, 0.660795587992, 0.750148509087,  
209, 1815280.7163925539, 75.67487779446594, 123.09327860455652, 78.16925004334044, 45.03860186307373, -0.953526810915, -0.134520988206, 0.269612174425, -0.139664751618, 0.990198841661, 0.000105490389996, -0.266983853485, -0.0375547294591, -0.962968984066,  
219, 1604592.233217696, 72.62598330436056, 139.2341066736027, 74.8161601403594, 36.773505265637226, -0.111441218947, -0.497897693448, 0.860045778769, -0.982814569189, 0.183375382633, -0.0211894226923, 0.147161059079, 0.847626896638, 0.509776683252,  
294, 826720.0640518963, 58.222380232550194, 149.76135326998272, 67.65229987856395, 19.479936977832427, 0.444009645437, 0.0132577724582, 0.895923917656, 0.732323605438, 0.570772239154, -0.37137741979, 0.51629213792, -0.82100139006, -0.243719399805,  
311, 686597.1875738906, 54.727356423596326, 104.4692800099623, 45.4898306676281, 34.491373502852824, 0.468588219119, 0.74874530368, -0.468834246957, -0.484385965385, 0.661579921242, 0.572435362594, 0.73877961358, -0.041139737801, 0.67269027385,  
322, 2573490.2243031715, 85.01155715033295, 104.62347027231927, 98.85341937086545, 59.403645289018336, 0.499028016972, -0.709243596544, 0.497940316744, 0.627006238792, 0.692146505788, 0.357486210981, -0.598192456316, 0.133816050184, 0.790100658094,  
323, 1622651.9038818416, 72.8974356947949, 124.57562237095907, 76.4550945979335, 40.67216201102061, -0.796836905761, -0.552675953387, -0.244131595999, -0.581026883036, 0.811761152073, 0.0587502610568, -0.165706689085, -0.188661396507, 0.96796083116,  
336, 797547.3457110365, 57.52932630108308, 140.62212364924653, 65.59061858554225, 20.642984461934386, -0.327454443019, 0.799767301553, 0.503136016514, 0.930639580509, 0.365053951287, 0.0254083419301, 0.163351029801, -0.476558365802, 0.863833644313,  
342, 3187865.85714871, 91.29993668260816, 132.7558853712361, 89.63876443712125, 63.95312695241752, -0.564859708181, -0.675559635306, 0.473869907484, -0.818122067728, 0.383493481392, -0.428496245055, -0.107748746491, 0.629723692483, 0.769310261699,  
364, 1221449.892416309, 66.31254288344392, 156.76429237864514, 58.95390505858756, 31.55203116064753, -0.820647006521, 0.530570184712, -0.212211615571, 0.191087728272, 0.604785800358, 0.773123286281, 0.538538736575, 0.593910275025, -0.597701107936,  
403, 652603.982930181, 53.80884915074847, 98.88157863284147, 44.288171991410785, 35.57606946580878, -0.835341955687, 0.17498995467, 0.521135618466, 0.186122826681, -0.801968536588, 0.56763083048, 0.5172640626, 0.571161082434, 0.637348340749,  
445, 2605454.390935549, 85.36207339050974, 116.18127997018894, 80.3592263190823, 66.6228124457025, -0.488858078654, -0.242161243527, -0.838078582871, -0.82790341845, -0.173996807757, 0.533198875289, 0.274943100756, -0.954506701403, 0.1154263762,  
465, 65892.81299232983, 25.056273425257864, 78.02304498331526, 31.94620157454039, 6.31113275697646, 0.658110375323, -0.314364506776, 0.684153265556, -0.357666514104, 0.669063131189, 0.651482303038, -0.662544638934, -0.673445976574, 0.327879731085,  
467, 2991003.2297433647, 89.38049542324222, 110.66063451806924, 96.11604398200265, 67.13349063844899, -0.304307660558, 0.591403224412, -0.746752351105, -0.231273778364, 0.714605774993, 0.660190143662, -0.924072122276, -0.373605155884, 0.0806839533633,  
510, 2780816.798701026, 87.23576816856323, 120.70445125187915, 110.47232732261888, 49.785970750486136, -0.430824026209, 0.412804649475, 0.80248550131, 0.673833810469, 0.738658368341, -0.018215673154, -0.600282145586, 0.532894113546, -0.596393502177,  
551, 298144.34810542746, 41.44250423504324, 85.11475148118043, 44.4037808633626, 18.832725896262996, -0.989988051306, -0.133121787896, -0.0469281137307, -0.132910363585, 0.991098837401, -0.00761115979946, -0.0475236101604, 0.00129772459972, 0.998869271921,  
577, 1158610.3647011318, 65.15527767810111, 133.67841807368904, 59.28988524200356, 34.898510613603996, -0.313316063267, -0.15670685952, -0.936630132271, -0.161510630184, -0.963128796961, 0.215167926983, -0.935813742598, 0.218691290736, 0.276453899448,  
595, 512706.75526931713, 49.65086398010532, 105.16856134081394, 91.98499695966863, 12.652533590585712, 0.953042129242, 0.302743167256, -0.00756799643308, 0.245177815301, -0.756674329704, 0.606079035812, -0.177759778281, 0.579474359611, 0.795368422669,  
620, 1881429.4705227194, 76.58312978884372, 117.88889958386935, 67.23233613515741, 56.669348172973514, -0.993417392003, -0.111943959285, -0.0242988733308, -0.114526379483, 0.966223559257, 0.230858705576, 0.00236509366183, -0.232121915203, 0.972683824691,  
625, 2850305.3447157913, 87.95642976555678, 133.1448024672823, 112.25788773372922, 45.52623061484106, -0.810860915632, 0.0199885814978, 0.584897454354, 0.264093308294, -0.879375856657, 0.396172724002, -0.52226363076, -0.475708481466, -0.707772661698,  
649, 538847.3663623042, 50.48074067319231, 126.69937534003387, 79.89642061737413, 12.707945930303937, 0.609828260875, 0.594633925911, -0.523946549177, 0.701296954597, -0.712832435782, 0.00724568637588, 0.369177563933, 0.37186074363, 0.851720325949,  
710, 1546469.7833907416, 71.73827724667649, 130.9893785052026, 63.3531882889427, 44.48855212449936, 0.948137829586, 0.223593982528, 0.225921196626, -0.140719629704, -0.342044040527, 0.92908764934, 0.285013406568, -0.912694694472, -0.292840831783,  
760, 2546600.8129422367, 84.71443552371211, 120.47063746778421, 92.1061058325657, 54.79016831385901, -0.571164452825, -0.526722674207, 0.629550944964, -0.127160792707, 0.814482874894, 0.566081071316, -0.810926199248, 0.243271188142, -0.532182138363,  
761, 488744.81937483355, 48.86499431223437, 121.78530721240863, 34.43620417216727, 27.821682335010514, -0.317652879211, -0.147594282326, 0.936649654969, 0.0293570306454, 0.985806911818, 0.165296392467, -0.947752506238, 0.0800041276152, -0.308811474016,  
786, 2003010.6738657735, 78.19846319268362, 122.87339880882286, 84.88983987250147, 45.843848479342576, 0.504372451708, -0.499001196342, 0.704702941676, 0.523389419131, 0.82577724811, 0.210131988155, -0.686783769391, 0.262849277256, 0.677671241493,  
853, 1944984.906845341, 77.43593419237516, 135.9601143006907, 100.43900739823997, 34.00272265504098, -0.809460778288, 0.565778302737, -0.157061009059, 0.577601057456, 0.815352915598, -0.0397069446248, -0.105594823926, 0.122859819217, 0.986790351585,  
876, 2885014.8396333344, 88.31201905131925, 102.67050775177897, 93.0837789171904, 72.06754471905016, 0.536198300924, -0.279845977962, 0.796352692408, -0.588150441185, 0.552846716915, 0.590287697763, -0.605450609563, -0.784886447975, 0.13184393488,  
882, 983809.6331613946, 61.698435802427284, 93.32389921408004, 54.26875699515246, 46.37455028464226, 0.128902289594, -0.563300260807, -0.816135415181, 0.523674656346, -0.660221425959, 0.538398108286, -0.842109882402, -0.496790181948, 0.209882017052,  
891, 156932.98110520456, 33.4612277399234, 137.13332173158662, 53.8752441669558, 5.070997168737443, 0.183821403708, 0.603580427857, -0.775822375706, 0.865660791967, 0.274500513091, 0.41866557246, -0.465661985554, 0.748558705393, 0.47203684156,  
896, 1222809.069988482, 66.33713035966467, 136.40047194849672, 79.38922610807681, 26.958306125971266, 0.227347449939, 0.563671409864, -0.794095509815, 0.381858938163, 0.698538476723, 0.605167537037, 0.895821906604, -0.440815764509, -0.0564320246765,  
938, 3218862.898157256, 91.59489938359711, 104.15167448078472, 99.65760725862476, 74.0350130735927, -0.169295013806, 0.193793123467, 0.966324698845, -0.70054045841, -0.713323222857, 0.0203235298076, 0.693240408827, -0.673508875242, 0.256521988412,  
958, 373283.9060153776, 44.66666754640608, 137.01745073415734, 47.442782064973294, 13.708963661716847, 0.131050974087, -0.632664365496, -0.763257127593, -0.682055001389, -0.616269136117, 0.39371731858, -0.719462728201, 0.468986303106, -0.512274565275,  
967, 1052236.4090125994, 63.096931384618706, 136.72284119435463, 45.900645231725704, 40.02808841744365, 0.866528619161, -0.491280418295, -0.0881572616142, 0.341493183221, 0.454728051519, 0.822559909657, -0.364019996688, -0.742876806585, 0.561803784474,  
995, 246351.56313187297, 38.88859363747645, 87.2249937415413, 59.106249017007386, 11.407549628727283, 0.554008050531, -0.0570256126767, -0.830555933966, 0.561027765989, -0.711515506172, 0.423076270035, -0.615079609267, -0.70035259975, -0.362192366412,  
1003, 1416196.3881522655, 69.66451603472316, 125.66113151091695, 95.31611931392735, 28.22718404444586, 0.246070228001, 0.456215654553, 0.855170579143, -0.938138204841, 0.33386052369, 0.0918360459685, -0.243610655574, -0.82486630872, 0.510146470368,  
1010, 1245092.9945786428, 66.73767306729155, 101.47956305582812, 74.05907551278268, 39.55089405977478, -0.000721620545376, -0.99962852708, 0.0272449465445, -0.850713593012, 0.0149344065688, 0.525417306686, -0.525629015493, -0.0227984944429, -0.850408352924,  
1017, 1030314.4215028265, 62.65567164566028, 116.84083599102453, 71.26763209542398, 29.538890875718366, 0.277925410352, -0.958078606175, 0.0695905932542, -0.841219438423, -0.207767822371, 0.499181718822, 0.46379663938, 0.197276243821, 0.863698304342,  
1028, 1712084.239001637, 74.21280383664175, 130.80034727027495, 77.07512546088242, 40.54276673186802, 0.525492057907, -0.413017221585, -0.743824489884, -0.795189268267, 0.0724631117992, -0.602015884392, -0.302542765091, -0.907835817812, 0.290348072473,  
1054, 1491906.7372520634, 70.88445783195894, 145.72050738095575, 54.662692125877875, 44.71377883330812, 0.0523778358322, 0.998156383296, -0.0306658898203, 0.822533001356, -0.0605352480268, -0.565486467943, 0.566300294891, -0.00439525099013, 0.824187271058,  
1063, 2544024.0117589626, 84.6858528570967, 104.44407792197147, 95.75125034072042, 60.730145675853294, 0.603138541386, 0.15250023541, -0.782922459822, 0.39508163794, 0.795571185527, 0.459322313982, -0.692917310548, 0.586353278288, -0.419589601616,  
1097, 545901.0228222125, 50.700055285328226, 153.9556647754016, 56.130141180187614, 15.081116360155628, -0.897510825516, -0.246617767732, -0.365587191679, -0.0631664298166, -0.748568481851, 0.660041839676, -0.43644509417, 0.615487534088, 0.656270352185,  
1098, 2641910.738603276, 85.75836850827379, 126.40562417990972, 90.5368764354043, 55.11091559440705, -0.0571232179499, -0.979989502277, -0.190676462623, -0.593732788908, 0.186890139665, -0.782657940017, 0.802632115821, 0.0685029278442, -0.592527666468,  
1148, 2463688.839897622, 83.78489871217683, 119.62125830266386, 90.58178112938081, 54.28102305828185, 0.490917974948, 0.628957383552, -0.602836753647, 0.87120579442, -0.354353143172, 0.339756256296, -7.51075308185e-05, 0.691987326184, 0.721909644457,  
1153, 564719.7189028724, 51.276075831357595, 124.11345912969128, 50.45477260008634, 21.528967908207623, -0.97162037817, -0.234934391385, 0.0275621564687, -0.0325807540914, 0.248323994691, 0.968128962548, -0.234291133395, 0.939755832866, -0.248930993264,  
1169, 900786.6506119207, 59.911626582345576, 90.37853448663247, 58.544137629963615, 40.642893964362614, -0.123983557169, -0.670733510322, -0.731262357627, -0.981723716362, -0.024315999055, 0.188751892499, 0.144383594233, -0.74129973042, 0.655460210383,  
1177, 1107330.9105767147, 64.17949142297992, 110.26342542048505, 70.32642310761102, 34.09092652264382, -0.63591774277, -0.718649762578, -0.281338129619, -0.771756330408, 0.591737718468, 0.232891904147, 0.000889328682296, -0.365224576513, 0.930919017856,  
1185, 2759658.8223165427, 87.01395883956015, 109.46639599575478, 96.64926846242761, 62.271222670970566, -0.0564999117209, -0.976107034169, 0.209816152431, 0.510495149379, -0.208847440416, -0.834132752679, 0.858022413714, 0.0599817011876, 0.510097768165,  
1186, 791994.0019515948, 57.395489095889104, 108.69714683191116, 101.10866952070738, 17.203893409161118, -0.264872569035, 0.920212375574, -0.288186928942, 0.595547033291, 0.391161070654, 0.701652868549, 0.75839716067, 0.0142197272986, -0.651637587961,  
1214, 2048268.9257765957, 78.7830498168057, 126.95119340872532, 65.01004402581417, 59.249012871232146, -0.944806901805, -0.29875246097, -0.134487491487, -0.188162117053, 0.158755520477, 0.969222215193, -0.268206890307, 0.941033289412, -0.206207206977,  
1216, 1549940.5116551789, 71.79190433912733, 115.77226540883196, 85.40411955925909, 37.42338513610525, 0.589727969167, -0.785873596013, -0.186074214957, -0.423663504118, -0.497198968402, 0.757167366636, -0.687553748925, -0.367689919511, -0.626158099388,  
1247, 2206280.58046895, 80.75895878871674, 112.98332701470056, 69.47381353506823, 67.1021808484652, -0.0263853518073, 0.7923122412, -0.609545015282, 0.200313528923, 0.60158051006, 0.773288678339, 0.979376487026, -0.101696619222, -0.174583774442,  
1258, 1316848.2179722313, 67.99584423767081, 112.98745803182835, 63.87311406277611, 43.56109446178125, -0.814825863152, 0.27882505312, -0.508247383162, 0.57969175325, 0.398005809009, -0.71101958286, -0.00403533795192, 0.873983961951, 0.485938010758,  
1280, 1206517.520993998, 66.04120789698604, 82.32737048031113, 69.19870162764205, 50.55950735112975, -0.268278196125, -0.945728282892, -0.183370729459, 0.484890616205, -0.297044656942, 0.822584683847, -0.832410896013, 0.131766789141, 0.538265374587,  
1296, 527575.1295753649, 50.12625221741688, 108.44056263932578, 80.10402403128917, 14.49938591900383, -0.494265073671, 0.856663800711, -0.147746977975, -0.175990636397, 0.0678319657263, 0.982051994716, -0.851310362235, -0.511396086197, -0.117237835929,  
1328, 3844039.644765315, 97.1776553080914, 134.48337155199357, 103.69692443669601, 65.80589261877314, -0.491528309831, 0.188008942496, -0.8503249721, 0.863190740648, -0.0241316770011, -0.504300909601, 0.115332848287, 0.981870816201, 0.150426175912,  
1332, 506077.8461268515, 49.43595242699141, 103.17714684841329, 70.29364266456284, 16.65824148031185, 0.792608156221, -0.606546499677, -0.0622386891039, -0.516247943529, -0.721895452163, 0.460819939834, 0.3244385481, 0.333119047604, 0.885308606436,  
1368, 1747259.4478715416, 74.71760273549391, 114.80110587729312, 85.74140647522113, 42.377185873103855, 0.647738477119, -0.693700189063, 0.314983988409, -0.481769824737, -0.0526743227407, 0.874713239694, -0.590197171488, -0.718335202686, -0.3683230041,  
1372, 3190097.580904047, 91.32123710922671, 112.48863058636124, 91.01838178587761, 74.383672846567, 0.616293046362, -0.785916343274, 0.0501834871331, 0.474325766704, 0.421310703015, 0.772989235737, -0.628647713785, -0.452584569887, 0.632431228715,  
1411, 2196025.2050695885, 80.63363474450277, 114.4455107709123, 86.20510200874324, 53.139440726595545, 0.870495100152, 0.351848540897, -0.344152415189, 0.359433063885, 0.023217022501, 0.932882008859, 0.336223368014, -0.935768974766, -0.106255694751,  
1422, 1583662.5328291296, 72.30883163266769, 120.57407586355625, 99.42605211211846, 31.53696495239415, 0.528244782688, -0.504288521089, 0.683118245299, -0.615903911028, 0.326234788587, 0.7171005753, -0.584482524925, -0.79953983654, -0.138261447422,  
1436, 988620.3208844867, 61.798837824138054, 112.30133393240092, 89.55131161506799, 23.468431120302245, -0.701800518773, 0.473969936305, 0.531816257112, 0.511146908183, -0.184950808735, 0.839358109869, -0.496190356723, -0.860898192487, 0.112469693996,  
1450, 1556598.3805336312, 71.89455307761551, 126.43242754294634, 85.85651691007395, 34.2338877752991, 0.888233511407, 0.439316635184, 0.134320971051, 0.352377329257, -0.839138872854, 0.414338231269, 0.294739625838, -0.320697437028, -0.900156490198,  
1451, 1270413.1545274083, 67.18703217033104, 128.69888195903306, 62.38107644734219, 37.7771102799162, 0.588938786909, 0.119779242586, -0.799252174423, 0.738440436567, -0.481631959527, 0.471949549428, 0.328415631355, 0.86814951973, 0.372101578167,  
1471, 1210500.072298391, 66.11379245931278, 109.75973721589878, 88.0711175879213, 29.895074801631772, 0.255320001812, -0.966706171111, -0.0170550699574, 0.836136527428, 0.22962332395, -0.498145397046, 0.485476471289, 0.112926116707, 0.866925768443,  
1476, 580178.2067849084, 51.73974302241842, 152.6087078501275, 81.39745362526136, 11.150200272139397, 0.117700528516, 0.746575951592, -0.654806027837, -0.505480586985, 0.61261475084, 0.607612165147, 0.854772461985, 0.259475462342, 0.44948473019,  
1485, 571102.4635886088, 51.46853516935752, 86.48537855115646, 51.02585748158703, 30.895300373443973, -0.31054808232, 0.310176285296, 0.898526883631, 0.917638651081, -0.148783429923, 0.368514310473, -0.247990311525, -0.93896440988, 0.238425339193,  
1499, 1857403.3719392493, 76.25574003561664, 133.32846976455173, 74.33278795399475, 44.74188773385893, -0.449144118528, -0.717392476561, -0.532557598167, -0.848597825126, 0.156024365868, 0.505507792667, 0.27955552576, -0.678973071506, 0.678855121648,  
1500, 672050.6806546877, 54.33810291515592, 123.2995890508351, 58.739590698706586, 22.152404391978976, -0.223749078102, 0.648176631893, 0.72787595366, 0.157572705873, -0.712928436562, 0.683303656295, 0.961824928151, 0.267581946718, 0.0573821346619,  
1505, 1726123.9463032004, 74.41510908707009, 126.74205798902958, 73.22764365277843, 44.40046863364499, 0.423622102244, 0.773585487507, 0.471285272429, -0.398033578555, -0.308390146006, 0.863981937421, 0.813703622232, -0.553589208136, 0.177272117949,  
1511, 964672.9383617697, 61.2957686431778, 130.63605635552364, 61.91609004240401, 28.472454112543087, 0.867190656464, -0.408815943719, -0.284341149858, -0.319268156541, -0.894635024358, 0.312563621382, 0.382162543376, 0.180271177269, 0.906341046784,  
1516, 742009.3519874954, 56.161701456115715, 145.93857477106863, 51.26607223336097, 23.676670155218567, 0.673451532182, -0.698551410401, 0.241844910693, -0.49523428581, -0.183449494705, 0.849169762209, -0.548822408398, -0.691644569067, -0.469490952119,  
1517, 3580258.9726231657, 94.90198087891656, 133.56704650415978, 91.03180985925385, 70.29644011652412, -0.713244031418, -0.387153396782, 0.584290337937, -0.68039718049, 0.182205635793, -0.70983151738, -0.168352690585, 0.903832591604, 0.393375161808,  
1541, 1305478.600666806, 67.79958714831277, 101.04505561265204, 78.01522638644693, 39.53545193588053, 0.808064446332, 0.204283667665, -0.552539621837, -0.272416025193, 0.961217475413, -0.043017138191, -0.522323041606, -0.185281267497, -0.832375811832,  
1557, 260853.8534847151, 39.63719219283572, 119.25652326886144, 65.41107335829757, 7.983167244832587, -0.925384753341, 0.168273939333, 0.339627648498, 0.373784213854, 0.553698210756, 0.744112661416, 0.0628364524527, -0.81553796524, 0.575282024311,  
1568, 563846.3445105258, 51.249628305497815, 108.91331373974735, 50.103211129470644, 24.66752785044988, 0.771736255281, -0.154958040633, 0.616774803253, -0.544220630387, 0.340838593647, 0.766585258495, 0.329009206173, 0.927263208978, -0.178706137359,  
1570, 2462979.361468402, 83.7768553147653, 115.70780160748771, 76.21899949690388, 66.67242898668857, -0.984163328739, 0.111273760658, -0.137988015982, 0.0835276749155, 0.977700173841, 0.192679779932, 0.156351110929, 0.178102555457, -0.971511096103,  
1571, 25656.552427454106, 18.296579045694404, 105.72585082925882, 37.93476445872213, 1.5271830953882448, 0.429047272125, 0.902985613987, -0.0231391273475, -0.364782774575, 0.196645157033, 0.910090220576, 0.826348573942, -0.382030971451, 0.413763665873,  
1575, 2947385.812506045, 88.94389140693569, 106.790067702098, 90.45684387189394, 72.84103143575052, 0.577880601756, 0.346632968888, 0.738850184404, 0.6271679301, 0.390678918511, -0.673817757324, 0.522220640696, -0.852769351883, -0.00836868692021,  
1584, 3023071.8483204, 89.6987972867964, 116.33507811196039, 93.95312666750024, 66.02948901226203, -0.892935282435, 0.36739595579, 0.260166856174, 0.449695524647, 0.70098863702, 0.553524042732, -0.0209884848246, -0.611257018314, 0.791153803673,  
1597, 1803645.380837271, 75.5128476545741, 126.99486522775733, 79.77517949376201, 42.50192426119666, 0.0111591180773, -0.467973332856, 0.883672130272, 0.6618778505, -0.658963191284, -0.357330692147, 0.749528641949, 0.588870505517, 0.302387735582,  
1598, 597233.9529175529, 52.24185948694691, 89.47427008669295, 70.34318029320227, 22.65352117657988, 0.0411753148642, -0.294811172347, 0.954667987368, -0.31321131198, -0.911126628192, -0.26785619546, 0.948790423378, -0.287983749643, -0.129854119874,  
1600, 1622945.4405037935, 72.90183112855011, 131.07687154831333, 63.09605406882788, 46.847567267386516, 0.0617462393295, -0.24717051922, 0.967002655817, 0.882648047711, 0.465832577798, 0.0627091168383, 0.465961184866, -0.849650954151, -0.246927986078,  
1604, 940709.30253801, 60.78395338329071, 110.03580350928526, 83.77433687526299, 24.362497719679272, 0.766893125902, 0.570572549464, -0.293805887012, 0.188049356334, 0.237928184256, 0.952904831932, -0.613606040572, 0.786026173187, -0.0751696882954,  
1609, 1749829.9735164428, 74.7542256889815, 92.2926580005513, 75.00457207397804, 60.3465366907756, -0.968898808609, 0.238927311673, 0.0644114773375, -0.0266999078895, -0.359711498403, 0.9326814852, 0.246012628933, 0.90195419931, 0.354903379459,  
1620, 2020300.2656632715, 78.42281678732544, 115.96290788345826, 87.1757325260545, 47.71035072030051, 0.859163486019, -0.499549045893, -0.110855108313, 0.396805679025, 0.51364261618, 0.760734195326, -0.323084133603, -0.697582979717, 0.639526879046,  
1634, 2132278.530559794, 79.84574454230969, 119.7418937891258, 89.51787955921145, 47.48969889384109, -0.118684614802, 0.625165359604, 0.771415734452, -0.76206469305, -0.555396455976, 0.332854593323, 0.636530726529, -0.548363975696, 0.542333462312,  
1646, 883676.777985108, 59.529871399428444, 77.84769864867802, 63.27901120584169, 42.82519709627384, 0.451828779004, 0.856883480684, -0.248196404073, 0.405077930245, 0.0508177428823, 0.912868789825, 0.79483496708, -0.512999276353, -0.324143668098,  
1657, 522862.9879914266, 49.97656817376585, 134.3284067011465, 59.43847746729041, 15.633771182258357, 0.75220344338, -0.658578563072, 0.0215466013398, -0.269555061276, -0.27770826627, 0.922072767077, -0.601273688688, -0.699394305887, -0.386416299068,  
1660, 1884804.0028980009, 76.62888894885903, 114.14423888596598, 80.48830353059304, 48.97684619400794, 0.0146702733952, -0.440027616966, 0.89786439922, -0.559826510684, -0.74763743725, -0.357256966843, 0.828479970195, -0.497407236306, -0.257307171015,  
1665, 905931.7037447873, 60.02547650796203, 133.99805694437725, 80.86510753418106, 19.959386120054265, 0.171761378637, 0.544106721404, 0.821246555263, -0.841526759589, -0.352377648513, 0.409466367025, 0.51218233248, -0.76143146018, 0.397355495425,  
1679, 2789260.9602040304, 87.32397828929206, 111.25274418683254, 96.99722750211166, 61.70643919049526, 0.0248660361405, 0.589921484524, 0.807077643318, -0.852274105468, -0.409452529799, 0.325541817574, 0.522504095099, -0.695946311103, 0.492593344116,  
1680, 2451838.88304311, 83.65035202492264, 130.86863316008268, 98.48360898282975, 45.41546834093063, -0.794212187704, -0.360239061052, 0.48934120999, -0.0705701756336, 0.854547515853, 0.514556501718, -0.603528666439, 0.374134149793, -0.704114185871,  
1682, 3770570.9968769527, 96.55457082021883, 121.88511008683226, 106.10954996910802, 69.60066462973491, 0.892135588189, 0.433559099618, -0.126966922566, 0.346307184792, -0.475832694275, 0.80848907279, -0.290112781601, 0.765251432013, 0.574651911816,  
1689, 598305.8574623088, 52.273095051131754, 74.07759923062174, 56.9543517817024, 33.85484525583634, -0.842107281866, -0.413261588804, 0.346511450095, 0.169636326772, 0.406925929109, 0.897571615448, -0.511936365642, 0.814632522944, -0.272571110162,  
1694, 1224093.7197614664, 66.3603528876656, 153.03279932720767, 47.59589580801686, 40.121026204747196, -0.412473871038, -0.622763774191, 0.664853808944, -0.362972071559, 0.781748285002, 0.507070896587, -0.835533710259, -0.0321698687107, -0.548496598502,  
1702, 476922.02041208255, 48.46775701238726, 121.64036458382219, 56.99480180637694, 16.42274709254648, 0.251629021462, -0.692295700137, -0.676320559447, -0.721601565677, -0.599887412005, 0.345581066221, 0.644960476285, -0.401075749067, 0.6505107436,  
1705, 2824856.8534874455, 87.69387856396298, 143.08742952240465, 95.22218261722251, 49.4957856521906, -0.873658047407, 0.325147703238, 0.361940032714, 0.447169211634, 0.243453863026, 0.86067991306, -0.191732397806, -0.913788371373, 0.358091468726,  
1710, 1180438.3203570766, 65.5619048837462, 128.78343273470335, 72.49885062144142, 30.18308117187044, -0.963471018595, -0.231532482527, -0.134596827088, -0.262762902301, 0.720109694937, 0.642181971432, 0.0517615059858, -0.654090771065, 0.754642968367,  
1718, 1598670.3184749708, 72.53652858167447, 97.55904891173158, 81.63075025039517, 47.92354725590194, 0.481096902903, 0.63317717194, -0.606327006615, -0.168000998627, 0.745397211292, 0.645103605523, -0.860419336415, 0.208493804063, -0.464982686979,  
1721, 351704.3024409294, 43.78879799436471, 143.33040807966051, 85.2949839730315, 6.86795186251993, -0.144041915388, -0.279695170732, 0.94922206995, -0.0706513755973, 0.959684075523, 0.272056718929, -0.987046255115, -0.0278762741005, -0.157995580966,  
1722, 2553491.4333564, 84.79077379571213, 136.94534990694203, 84.674639388544, 52.570868289537266, 0.844350809775, 0.276735492149, -0.458790995353, 0.202167034263, 0.628438058602, 0.751128548757, 0.496185651031, -0.726968413265, 0.474675389951,  
1724, 3005251.689034352, 89.52220009687548, 132.98245545356664, 85.11532140406678, 63.38553341808585, 0.26525380329, -0.961738766214, -0.0685490000027, -0.902235041799, -0.272656446991, 0.334111345607, 0.340018160088, 0.0267769952619, 0.940037575491,  
1726, 704810.3520324464, 55.20705175812851, 116.7073067632113, 89.4593973389677, 16.11608872842723, 0.240134916908, -0.90863171765, -0.341648391424, 0.188267535906, -0.301671433234, 0.934638797234, 0.952308015615, 0.288760710712, -0.0986240099751,  
1729, 3132040.788353295, 90.76385499406958, 140.83126945329934, 91.25091335881883, 58.1838541258798, -0.442427084294, 0.475104024568, 0.760614515324, 0.858362341437, -0.0213192494963, 0.512600800236, -0.259754433812, -0.879671333761, 0.39837918956,  
1736, 2337190.7826571283, 82.32565319141676, 110.1183824375315, 83.29872604971358, 60.828537217517145, 0.453411017062, -0.409520409706, -0.791651112322, -0.818149360274, -0.54362009766, -0.18737346051, 0.353624198677, -0.732646042407, 0.581532202595,  
1740, 2311351.594360358, 82.02114005806678, 139.92610275599858, 94.34381558851021, 41.798936263332635, -0.159253432683, -0.457018861274, -0.875084055745, 0.0348277110709, -0.888445521093, 0.457658810241, 0.986623218215, -0.0424065618725, -0.157404919841,  
1747, 1590554.3313162937, 72.4135712764111, 134.54933393520116, 81.65261901734645, 34.56274504922146, 0.271586259491, -0.738692628338, -0.616906884784, -0.38026024822, -0.671205826165, 0.636305651826, -0.884105789643, 0.0617732932643, -0.463185721887,  
1748, 1921912.985437827, 77.12852699621261, 103.92317486590025, 90.76609117468124, 48.64173672237931, 0.56205783626, 0.600506605203, -0.568755488594, -0.169694366948, 0.756747752747, 0.631297600612, -0.809502816873, 0.258311160851, -0.527238592722,  
1750, 336746.15500006964, 43.15899721452549, 94.11808780335078, 42.8733330609509, 19.922952223850647, -0.358891189134, 0.814303602716, 0.456187195092, 0.919934293548, 0.225937756192, 0.320426318959, -0.157854394671, -0.534660427683, 0.830192879488,  
1754, 1160648.5687079802, 65.19346191305819, 120.96943088271958, 99.99058599943908, 22.907483363166254, 0.847567939048, 0.41713542315, -0.328064974434, -0.461978965812, 0.884178938479, -0.0693039674024, -0.261159001079, -0.210298938427, -0.942109512027,  
1756, 1274132.8632278717, 67.25254174334455, 96.43505111277067, 71.72376230724092, 43.97725628683076, 0.259707215696, -0.825975284521, 0.500316891056, -0.634467587497, 0.244636710237, 0.733214675535, -0.728013078544, -0.507855992743, -0.46052062723,  
1758, 2066155.3466345684, 79.01170872328306, 133.96545503911142, 68.17610996428293, 54.00690891834646, 0.452044024754, 0.466606615522, 0.760220011599, 0.445910002872, -0.856344608816, 0.260457636267, 0.772541564593, 0.22125138938, -0.595170020813,  
1761, 138285.63092806283, 32.079639712763964, 144.5311166962348, 67.69867475434347, 3.374014314894959, 0.561215056339, -0.669869046393, -0.486120480151, -0.568941252868, -0.738797558556, 0.361225716494, -0.601118550141, 0.0738486841886, -0.795740447961,  
1762, 294439.05916183395, 41.27010786926259, 96.83640854176409, 80.05720643837199, 9.067085405953408, -0.480877657855, 0.868467455046, -0.120502936485, -0.156297887588, 0.0503267971262, 0.986426978456, -0.862744254407, -0.493185049466, -0.111538596333,  
1766, 655544.3882389565, 53.889542698001975, 105.97229034464843, 85.04604031194886, 17.364691658219822, -0.975297986952, 0.0168277766886, -0.220251362263, -0.202344594507, -0.468006712445, 0.860247860899, -0.0886030570643, 0.883564679601, 0.459851014178,  
1767, 1053779.9505391102, 63.12776892563568, 115.04913737670876, 60.98567097218118, 35.855034849151146, 0.118970878763, -0.851079370222, -0.511380323819, -0.647062613768, -0.457106641231, 0.610215939161, -0.753097539413, 0.258297162443, -0.605084020615,  
1772, 978605.3929451057, 61.589450851674755, 108.16434896847913, 75.47216963552887, 28.61857595931259, -0.194970674569, 0.28036149069, 0.93988503052, 0.729907753168, -0.598622750655, 0.329977990575, 0.655149683602, 0.750365402279, -0.0879241442367,  
1774, 2628352.667503775, 85.61141517858391, 150.42582949254296, 89.77070893772607, 46.46628570471525, -0.716669988518, 0.0864856160617, -0.692029165406, -0.0564180661333, 0.981839329412, 0.181131259131, 0.695126700229, 0.168854284622, -0.698775429729,  
1781, 218169.75067156792, 37.3452446334553, 147.58107514375874, 91.08183972498351, 3.874747992558871, -0.493672675806, -0.208529550188, -0.844276445165, -0.198311227362, -0.918253026527, 0.34275944389, -0.846734873656, 0.336640469897, 0.411962677634,  
1783, 2624038.8177376497, 85.56455223645794, 109.18953092806173, 98.55228089689304, 58.214874517870214, 0.247227185364, -0.145540629338, 0.957964844882, -0.618830509474, -0.784478684185, 0.0405215325834, 0.745605471655, -0.602835897463, -0.284009438872,  
1787, 1907013.718095404, 76.92870162207738, 114.66216849303648, 87.27010920311452, 45.49666231839167, 0.666611282549, 0.0477894587634, -0.74387200889, -0.594935375703, 0.635347757707, -0.492326238905, -0.449089408377, -0.770745998633, -0.451961623233,  
1803, 1819996.2955510584, 75.74034835221916, 110.4943136006032, 77.52603699260243, 50.7217678800495, -0.32519135361, -0.73039733129, -0.600641591952, 0.00832526340009, -0.637350499819, 0.770529058745, -0.945611587031, 0.245568888147, 0.213341621929,  
1805, 762962.1923717255, 56.68543313262556, 96.99768537107917, 52.266559098696355, 35.92767616155188, 0.753283006114, -0.565690883642, 0.335497446883, -0.56206032343, -0.288790789694, 0.775040690941, 0.341544880691, 0.772394785037, 0.53549359522,  
1806, 2168614.4388255645, 80.29673969804438, 157.95182390182717, 63.54194658170583, 51.58323504191478, 0.309585958094, -0.173947765036, -0.934825496866, -0.521712403072, -0.853005687414, -0.0140522496546, -0.794967108145, 0.492060435595, -0.354829289504,  
1818, 1684771.3025433382, 73.81604669930235, 127.41189345926617, 92.15949762228232, 34.253288987939186, -0.653681559505, -0.0666258099355, 0.753831161609, -0.755954013381, 0.0112503429688, -0.654528043277, -0.0351276019002, 0.9977146041, 0.0577201901524,  
1823, 1544252.4341351518, 71.70397440998757, 111.21650790694054, 91.76088957474276, 36.12458075469289, -0.659351264725, -0.656780236, 0.365917519812, -0.726560771067, 0.431493109782, -0.534717815447, -0.193301204476, 0.618428183227, 0.761696282345,  
1831, 3256976.7749781813, 91.95500043761453, 117.15457372805876, 100.9874099475524, 65.72030501005288, -0.514092014981, 0.551517154091, -0.656915693888, 0.417958454423, 0.82986875057, 0.369633043981, -0.749012770592, 0.08453807172, 0.657140155462,  
1836, 1772244.6688680798, 75.07206401651078, 96.24328696650929, 84.866694139902, 51.79971105628986, 0.197742178221, -0.947233267976, 0.252283901572, 0.970506604525, 0.152976686288, -0.186319789679, 0.137894748, 0.281686473748, 0.94954608576,  
1839, 2637723.577425453, 85.71303843999583, 107.25936605084173, 88.57249170719042, 66.28367571289611, 0.230383408153, -0.296832862071, -0.926722038824, 0.112925272873, -0.937750489997, 0.328438580647, 0.966525409906, 0.18031713869, 0.182522221936,  
1840, 292399.4785276892, 41.1745942490397, 139.36599422766287, 67.02642990163785, 7.472829600477635, 0.150432313874, 0.132826414941, -0.979656706421, -0.943144147322, 0.316368808761, -0.101930830542, -0.296393718413, -0.93929117974, -0.172866547801,  
1841, 2610031.2938231183, 85.41202825598418, 118.42549429953328, 82.26012826070067, 63.962070941380496, 0.162343949855, -0.623927753765, 0.764433515767, -0.294472737561, 0.708773057707, 0.641035536848, -0.941769742973, -0.329173071121, -0.0686646959525,  
1848, 2335179.3379449053, 82.30202924247484, 114.26662581387885, 81.27579971209698, 60.027599362554376, -0.967124558427, 0.0773463051739, -0.24225531483, 0.142407639511, 0.953969512659, -0.26393603984, 0.210689707143, -0.289758033527, -0.933622048428,  
1863, 2281215.685479807, 81.6631096241772, 100.112018222143, 84.10746193041852, 64.67806157035633, -0.0149785528059, -0.999168275157, -0.0379262557621, -0.212766801574, 0.0402468218946, -0.976273773834, 0.976988193943, -0.0065537201402, -0.213192677286,  
1874, 2362578.285465369, 82.62266509701539, 125.21839218912362, 93.53712829726283, 48.155449735320566, -0.583124414221, 0.786688727015, -0.202698703317, 0.795986203772, 0.603161057542, 0.0510166842286, -0.162394214627, 0.131596297256, 0.977911311727,  
1877, 2560484.5210678754, 84.86810697718667, 131.90985896495087, 81.85584060398952, 56.61175476026432, -0.746200687113, -0.24577293906, 0.618692328203, -0.635172682215, -0.0154515300947, -0.772215587764, -0.199349437722, 0.96920426776, 0.144578314545,  
1878, 1341405.6835649828, 68.41592098343166, 148.42562713960282, 55.63096902809721, 38.7834121315829, 0.518570175365, 0.680623966266, 0.517528733276, 0.591390777744, -0.722653450025, 0.35781131783, 0.617528882905, 0.120511442242, -0.777261263068,  
1886, 1080318.4103163353, 63.65331936411521, 100.98182938979365, 66.52653374284101, 38.39061222342791, -0.741915980649, -0.295961850238, -0.6016371505, -0.668653966075, 0.260179674827, 0.696569027778, 0.049624100099, -0.919082760153, 0.390927523562,  
1892, 2964932.375216168, 89.1200444302375, 120.86326407542491, 87.54242138533118, 66.89802699268537, 0.941910212296, -0.323760247569, 0.0893557724238, -0.226967434265, -0.417468563871, 0.879889641922, -0.247570062315, -0.849057889824, -0.466700936331,  
1896, 199100.8150213454, 36.22386690757138, 117.99970828586154, 62.21642508017905, 6.474383814433373, -0.698234851455, -0.711482879498, -0.0791214534383, -0.00987547436319, -0.100941364133, 0.994843362552, -0.71580064768, 0.695415669357, 0.0634545474544,  
1898, 1772293.7044779882, 75.07275639090656, 123.3628193349484, 70.24790219775207, 48.823559629919714, 0.338000929975, -0.314460532633, -0.887056900515, -0.840378923738, 0.323476058795, -0.434886771383, -0.42369639587, -0.892456056511, 0.154930795275,  
1899, 3863926.5702548213, 97.34494821191997, 139.01707880851203, 96.75759278624842, 68.5783515822695, 0.3589594172, 0.448303083032, 0.818640630892, 0.508912754753, -0.829254182204, 0.230966035049, 0.782403952478, 0.333709225286, -0.525815754904,  
1902, 3067334.4871407957, 90.13445617289854, 119.54376018828228, 85.26549759678991, 71.84098614564385, -0.914358081824, 0.140047844889, -0.379915647672, 0.00788514546006, 0.944260695484, 0.329104183268, 0.404829745306, 0.297923379589, -0.864496695893,  
1904, 2858040.526083749, 88.03592351870854, 117.99343498475443, 80.43311251652001, 71.89307409181124, 0.908163882932, -0.0495231008262, -0.415675142657, -0.187353460936, -0.936060680215, -0.297807124881, -0.374348824512, 0.348335851498, -0.85937482634,  
1905, 458369.6822136885, 47.83095936048936, 131.04146000468072, 52.87082014519707, 15.794377168584361, 0.357341643359, 0.540543261434, 0.761656046021, 0.757513948126, 0.309291770858, -0.574901051377, 0.546332836571, -0.782401165003, 0.298946230426,  
