# Void_ID, Void_Volume, r = (a*b*c)**(1/3.0), a, b, c, vector_a, vector_b, vector_c 

0, 711351.864248701, 55.37732264968319, 103.08308087533497, 92.24352430965327, 17.859635342527508, -0.490615829088, -0.868133069155, -0.0751071400643, 0.509452738755, -0.355700129564, 0.783540250914, -0.706932822285, 0.34615371162, 0.616784883658,  
2, 1748079.1799034844, 74.72928557145173, 110.16779623706289, 83.64362703775579, 45.28819085380208, 0.66814920476, 0.36439766723, -0.648684037337, 0.699431267093, -0.010313801986, 0.714625446021, -0.253717446761, 0.931186321638, 0.261762280712,  
6, 3360372.1012248807, 92.91794302832211, 132.1439450373934, 98.25787912950457, 61.78515026053613, -0.779085752626, -0.081269867447, 0.621627379304, -0.622893489851, -0.011816362721, -0.782217408317, -0.0709160796798, 0.996622085957, 0.04141651151,  
87, 622479.4909625951, 52.96782572434837, 84.59726943292895, 73.39004797849339, 23.935522966296784, -0.298096595096, -0.80840921861, 0.507555864174, -0.10389759202, 0.556050932185, 0.824628795998, 0.948864432026, -0.193085204202, 0.249748660765,  
94, 283523.55170121754, 40.7536811969124, 113.44767061147799, 101.40494304384, 5.883636355230433, -0.585551336559, -0.664410866032, -0.464422042276, 0.626633770955, -0.734439315006, 0.260631942925, -0.514256501517, -0.138409153137, 0.846394208968,  
114, 1835403.884664395, 75.95348037355915, 117.59780104558844, 108.45185891218088, 34.35633556107928, -0.6838370265, 0.726913915324, 0.0629530054478, -0.440050166217, -0.47971313757, 0.759098911115, -0.58199894536, -0.491397461685, -0.647924194833,  
123, 1186419.4609205807, 65.67244984534013, 105.3634054659528, 61.39508337643038, 43.78509133503616, 0.348957430339, 0.0882626461806, 0.932972891943, 0.937138364108, -0.0335363709025, -0.347342767802, -0.000631133128329, -0.995532529411, 0.0944170776665,  
177, 949141.0512062751, 60.96501935878311, 97.46042304664141, 59.45076927331821, 39.10716892449259, 0.316637428499, 0.94854630886, -0.000799263494339, 0.653526536811, -0.217545016455, 0.724967055458, 0.687490948709, -0.23007404409, -0.688783078827,  
200, 1307709.6833243107, 67.83818867281204, 109.84612607247838, 88.78352905037038, 32.01146729880406, -0.0623425161732, -0.905327402102, 0.420113919883, -0.655848640486, -0.280129874448, -0.700992021506, 0.752313745355, -0.319232749643, -0.576293744635,  
203, 348592.26407672995, 43.659260824290676, 124.91594529919058, 71.7791366537705, 9.281390098090476, -0.0993186254392, 0.527189600527, 0.843923536665, 0.645852066212, -0.611039650544, 0.457717876025, 0.756974847145, 0.590509670166, -0.279798874605,  
227, 1768601.8734013452, 75.02059261326494, 121.54543077985552, 99.97376483123462, 34.74695781975977, -0.369620200744, 0.504321337399, 0.780410722534, 0.726545462967, 0.680434581416, -0.0956058086925, -0.579234492623, 0.531666031507, -0.617914746141,  
240, 1059032.3038678006, 63.23247768932619, 131.04839582436892, 68.38468726740496, 28.211749835101486, 0.180738923995, 0.982775310776, -0.0385503551543, 0.876856754241, -0.178765548366, -0.446279185331, 0.445483640436, -0.0468568804625, 0.894063062014,  
249, 1060643.2981780635, 63.26452441467354, 147.678965011083, 73.74574828449528, 23.250115579762404, 0.869974545956, 0.344955914591, -0.352348841884, -0.136699143086, 0.855278052506, 0.499812762124, 0.473769599771, -0.386658596039, 0.791225313322,  
250, 1867952.177944981, 76.39982809899045, 116.16928136944266, 88.82938440447461, 43.21446980134915, 0.358159808409, -0.682766804669, -0.636828895451, -0.548799820566, -0.70576022413, 0.448019266307, -0.755341186873, 0.189029088971, -0.627477246548,  
263, 2977981.7688172655, 89.25059946367053, 115.21912576680869, 91.24316530918878, 67.62519131715389, -0.471215823449, -0.248657812096, -0.846241655921, -0.880999519418, 0.17878405154, 0.438036653376, -0.0423732759813, -0.951948294499, 0.303313287022,  
266, 982855.4738527694, 61.67848303341962, 119.41666690130516, 78.66075776231258, 24.979168664165442, 0.773438897035, -0.371891512662, -0.513311772087, -0.583600228121, -0.733845726659, -0.347679771056, 0.24739249441, -0.568477925934, 0.784620801047,  
274, 2084449.8987813387, 79.24422405616089, 129.867066177504, 85.36737279451876, 44.886103455640416, -0.786564701257, 0.378770816809, 0.487697282205, 0.612399923136, 0.377103437689, 0.694808845242, -0.0792609921678, -0.845177889924, 0.528575471909,  
279, 1819322.8856997595, 75.73100573454936, 124.75630227723836, 111.88506498494532, 31.116200476442355, -0.466154381579, 0.871585653184, 0.151784523906, 0.138843263244, -0.0973670384782, 0.985516214006, -0.873740602688, -0.480476959886, 0.0756257246772,  
283, 891023.0685310251, 59.69438005137793, 115.89744981774228, 74.00790700571048, 24.7998090289042, 0.400741374621, -0.418165853297, -0.815195479504, 0.55028862134, 0.821252013171, -0.150756638617, 0.732522207097, -0.388178373946, 0.559221571571,  
342, 766971.8112873086, 56.784559926188805, 122.86662670822743, 54.343871809569045, 27.422451758286574, -0.559462451716, -0.495877093161, 0.664159373643, 0.201921923928, 0.6956152523, 0.689454101014, -0.803883885743, 0.519832020219, -0.28904215782,  
346, 1019933.3444646104, 62.444528923247546, 119.07263848960615, 73.04690641318454, 27.994284756208426, -0.022227317563, 0.928884678874, 0.369701500819, -0.898431437244, -0.180771807604, 0.400178093038, 0.438550908021, -0.323256565177, 0.838557269448,  
361, 2329086.9921044027, 82.23039318689813, 121.3742337286997, 103.27745572004325, 44.3572965307133, 0.440914384958, -0.433710176095, -0.78580531195, 0.139067859936, -0.831916818464, 0.5371913416, 0.886710006411, 0.346135653046, 0.306488946327,  
362, 1444724.4006883153, 70.12918624479622, 108.84064759297964, 74.20225328999388, 42.7059303863226, -0.867894103021, -0.492447127464, -0.0652353630644, -0.495926659918, 0.866507403717, 0.0567597329564, -0.0285757576295, -0.081613393235, 0.99625432502,  
379, 963029.6385702566, 61.260943515879646, 160.14571104532448, 74.33498224314391, 19.312677572551863, -0.281680814877, -0.254034912081, -0.925268707984, -0.0664310248108, -0.956838397355, 0.282926139283, -0.957205744588, 0.14116141396, 0.252647219925,  
406, 1794142.1131809307, 75.37999026254384, 111.05714372196638, 64.02559818290632, 60.23765913958268, -0.0144214463714, -0.173048566759, 0.984807704797, -0.750131034703, -0.649350852059, -0.125087576144, 0.661131947996, -0.740538766353, -0.120444521948,  
410, 949523.1673088949, 60.973199593618965, 117.1247632778228, 86.06307761921668, 22.48802718741403, 0.656817398687, -0.227990242583, 0.718756811494, -0.605592809501, -0.727422707983, 0.32266631834, -0.449275254007, 0.647206808677, 0.615853142347,  
420, 1531663.0901081336, 71.50858963511422, 113.97572929491201, 93.06590392680053, 34.47241091028952, -0.213064966382, -0.727810449351, -0.651839911264, -0.974655897305, 0.204887740315, 0.0898158990219, -0.0681850566397, -0.654456235118, 0.753019146082,  
441, 2387011.68998996, 82.90651227019836, 138.15317951423415, 76.51700150063499, 53.90724154306487, -0.85560249696, 0.22849458325, 0.464472380902, 0.0534977347541, -0.853461154031, 0.518403367019, 0.514861495523, 0.468395435488, 0.71799955184,  
470, 2659391.355338497, 85.94709743172598, 105.64632304047274, 86.64518252642726, 69.35772448044773, -0.527937210525, 0.455346728481, 0.716897244104, 0.842912006425, 0.177728696145, 0.50785023382, -0.103834730064, -0.872394330236, 0.477646816596,  
476, 2260869.016174947, 81.4195937218669, 133.5548551112239, 85.30839118093162, 47.37348784614374, -0.153984552936, -0.363113792839, 0.918932604116, -0.969137505638, -0.125698665722, -0.212066830507, -0.192512993387, 0.92322706789, 0.332551542609,  
478, 1005108.2537682322, 62.14049999434673, 160.12134981776532, 84.19963054678807, 17.7977376873601, 0.0394236412309, 0.727173236167, 0.685320991299, -0.699388103496, -0.4697622645, 0.538683297996, 0.713654017855, -0.500542205468, 0.490056571576,  
490, 2097859.6783884848, 79.41379348421546, 129.23605493954517, 78.61204070135045, 49.296383984199004, -0.722924540021, -0.599410874903, 0.343637472468, 0.0930019779179, 0.408410863302, 0.908048015713, -0.684639132346, 0.688409158702, -0.239503838541,  
536, 1530611.514434056, 71.49222095513353, 108.5768358844113, 73.82807363754955, 45.584547560502756, 0.601648208752, 0.0530728016187, -0.79699605434, 0.606782285939, 0.618522290516, 0.499244863374, -0.519456148656, 0.783972865514, -0.339929192275,  
566, 3857382.353839539, 97.28996041785251, 126.48373659649413, 92.22574826934782, 78.94365056750482, -0.970679534343, -0.0193461852169, -0.239597509846, -0.232990424271, -0.169480417795, 0.957596914251, 0.0591329333377, -0.985343652287, -0.160003697124,  
570, 2424332.948907923, 83.33636466667222, 117.795104921082, 99.09315538334629, 49.58299470325038, -0.307749820612, 0.209460165734, 0.928125253877, 0.226003766717, -0.931456556069, 0.285150804988, -0.924236087449, -0.297514912444, -0.239316801605,  
636, 1186242.2108283783, 65.66917921245046, 109.55365764984566, 99.0187098714025, 26.106017154017717, -0.824361368256, 0.481773308803, -0.297191543373, 0.562859429627, 0.641852063577, -0.520783247582, 0.0601464629652, 0.596590653134, 0.800288695151,  
648, 907985.3168852649, 60.07079857056351, 114.61979714146592, 69.1733925691156, 27.339558995681422, -0.378735470729, -0.670011842421, -0.638469712851, 0.188490475542, -0.731242903087, 0.65555713505, -0.906107490225, 0.127937280338, 0.403238475914,  
653, 2355646.066936318, 82.54177614058496, 135.38148559524598, 86.847035089065, 47.83074633877789, -0.708829204647, -0.342983882269, 0.616379116408, 0.175271397279, 0.760779496082, 0.624895587788, -0.683257708288, 0.550977871466, -0.47914746083,  
677, 885848.0891340747, 59.578589118035886, 134.99057303500393, 56.49489251884425, 27.73052014200758, -0.569386059571, -0.406691378236, -0.714423990383, -0.777923910669, 0.547517754156, 0.308315906325, -0.265770397855, -0.73131828348, 0.628123923976,  
685, 522083.5981610421, 49.95172380742606, 139.12502106577395, 57.377272078015174, 15.613716900134737, 0.0177030868644, -0.782884538723, 0.621915106541, 0.671742081024, -0.451405354756, -0.58736341585, 0.740573546177, 0.42816469346, 0.517905221037,  
694, 2016270.320655682, 78.37063807326338, 128.21774185363634, 95.70486167240382, 39.22636131322633, 0.0314309192976, -0.995741645766, -0.0866641344474, 0.921030351922, 0.0625321290712, -0.384438322326, 0.388220540609, -0.0677370483652, 0.919073720725,  
698, 864247.7402730538, 59.09034801627501, 115.4654928591992, 90.9096878869998, 19.655643334769124, -0.857141659473, 0.501735260845, -0.116489929267, 0.249812126563, 0.602718842545, 0.757841604997, -0.450446530698, -0.620477013971, 0.641954981378,  
732, 1310119.6623706277, 67.87983611360929, 121.27193109822845, 61.27182671163882, 42.09216206406437, 0.524912852101, -0.542471422909, -0.655889665284, -0.42096343205, -0.835201403974, 0.353876254752, -0.739767724746, 0.0903513703716, -0.666768583015,  
748, 1621816.40252316, 72.8849219484454, 104.94242620346282, 96.39297314130486, 38.27512367576985, -0.602522933324, -0.35358478209, 0.715502562325, -0.797115971584, 0.222067023802, -0.561509006861, -0.0396515152943, 0.90866057404, 0.415648551689,  
754, 3040756.8766001835, 89.87337053713, 145.43382514765557, 82.52378901426026, 60.485113688383414, -0.942914123531, 0.332159921905, -0.0241400481566, -0.10711713833, -0.233846421391, 0.966354888164, 0.315339300312, 0.913775485271, 0.256077113769,  
756, 1434007.5953425963, 69.95535219827516, 110.1574669588384, 68.310952952454, 45.49446450969698, -0.960427045041, 0.187132683684, 0.206303780505, -0.0958236083851, -0.917462758394, 0.386108693292, 0.261529591499, 0.351060458691, 0.899087774977,  
776, 1471148.7738278508, 70.55416584547696, 100.32063884701213, 90.01881572659653, 38.89057825271096, -0.9360508564, 0.0196395364047, -0.351316214887, -0.277032118076, 0.574441506288, 0.770240327046, -0.216937778606, -0.81830999289, 0.532265681545,  
778, 554770.5744590997, 50.97316527672751, 67.0229942960519, 54.090231601295415, 36.532731164940465, -0.413548090824, -0.839463749123, 0.352531687204, 0.11931636788, 0.333885950428, 0.935031430735, 0.902630367832, -0.428743263521, 0.0379161318403,  
780, 3500503.38322607, 94.19198821777378, 140.15037099860209, 109.95258642686342, 54.23032297279699, 0.670304449794, 0.441010701224, 0.596826194124, -0.553991946487, -0.237726454717, 0.797859045167, -0.493745752198, 0.865445373281, -0.0849672763622,  
796, 1374359.061173644, 68.97163696370521, 117.40894487808254, 63.61930236129709, 43.925985433282534, -0.231836532237, 0.332829630679, -0.91404390445, -0.16438605644, 0.91272566805, 0.374044221089, 0.958764333279, 0.236973187986, -0.156890603311,  
798, 1080699.6964665756, 63.66080705605531, 111.94855905554739, 92.64930140986897, 24.874580383016063, 0.552164937964, 0.641058760585, 0.533064298899, -0.398241550168, -0.358919443121, 0.844144834178, -0.732473582461, 0.678395532729, -0.0571135025191,  
822, 1264066.0025654098, 67.07495354630575, 114.42608938174162, 57.0162020258993, 46.254905849266514, 0.380380656221, -0.113147430458, 0.917882462712, -0.754909237505, 0.535346717096, 0.37883497149, 0.534249566684, 0.8370194451, -0.118219495102,  
835, 3238720.129149188, 91.78286366199255, 127.64537523757262, 97.8112866339974, 61.928527691340776, 0.816811730063, 0.566595404619, 0.108573685099, 0.472988472862, -0.765468607097, 0.436279401404, -0.330303651466, 0.305004031144, 0.893236832433,  
845, 426094.2373433534, 46.68087813144422, 132.6687404614724, 60.75636683854172, 12.619921390579796, 0.865024326834, -0.4672047713, 0.182900562216, -0.157169724861, 0.0938647201644, 0.983100753685, -0.476477272881, -0.879152498707, 0.00776482101467,  
864, 358666.3475950843, 44.07584769201336, 90.32382629738737, 61.11229145541133, 15.512118931389066, 0.355084273031, -0.169133261093, 0.919406927883, -0.233094160188, -0.968452278168, -0.0881322721677, 0.905307832471, -0.183014001933, -0.383306148612,  
865, 1445631.8402859492, 70.14386601840769, 130.61421849963705, 59.06136238097595, 44.737857184455194, 0.435494231608, -0.205816733106, 0.876347103955, -0.671139038486, -0.723029651723, 0.163708624544, -0.599930967075, 0.659444914381, 0.453006886968,  
875, 1826131.295946713, 75.82535693722778, 100.74835218811087, 78.8813870593141, 54.856854281935746, -0.171173786613, -0.918816766241, 0.355633638527, -0.968396723092, 0.0904436294091, -0.23243867278, -0.181403752664, 0.384181857946, 0.90526072407,  
939, 904375.4572667957, 59.991085402648665, 115.57147409064775, 57.291698053982685, 32.60752318235623, 0.786805669063, 0.265511942658, -0.557171649885, -0.248318165937, 0.962631573413, 0.10806730465, 0.565044181985, 0.053327874273, 0.823335417816,  
940, 1423220.4221672837, 69.77949989143623, 110.11838979529037, 94.51050114203146, 32.6470270675552, -0.438819601991, -0.881951086649, 0.172045452327, 0.693042081236, -0.210316599987, 0.689535786893, -0.571952821957, 0.421816557911, 0.703520263338,  
955, 3060468.033235118, 90.06714838637119, 114.70784934795793, 100.72083059614982, 63.239263373599535, -0.93079292988, 0.364382587157, 0.0291522188303, 0.355529510557, 0.92094412119, -0.159564071046, 0.0849899335766, 0.1381566351, 0.986757039685,  
959, 3620877.0787434005, 95.25952043002886, 117.6909711344147, 101.68055393400111, 72.23440875526943, -0.342706891054, 0.342104377662, 0.87493804444, -0.917058184731, -0.323920334676, -0.232550860247, -0.203853556856, 0.882065877113, -0.424739350414,  
973, 2820711.2681044363, 87.65095952267627, 128.22969885232027, 85.30952726912822, 61.55791001343241, 0.484494032405, -0.50809500237, 0.712113053616, -0.812732049288, -0.562583718033, 0.151545954297, -0.323623467355, 0.652180211882, 0.685513546625,  
1008, 656731.3698947454, 53.922048673840486, 122.66290377349272, 60.882042884299125, 20.994072574966403, 0.14347424648, 0.41265996049, 0.899514812332, -0.322285259441, -0.839889963205, 0.43671164543, 0.935706872981, -0.352557238921, 0.0124916428305,  
1010, 961428.6172155906, 61.22697623966165, 77.86010461984061, 70.74625555383716, 41.66870410365937, -0.804772032267, 0.375469596768, -0.459744013538, 0.363348640983, 0.924067663311, 0.118645348495, -0.469382297469, 0.0715649042912, 0.880090179071,  
1019, 2384647.384944586, 82.87913060872124, 117.46828074329605, 111.80332058091422, 43.347119725816896, 0.951713712151, -0.111854484433, -0.285883865261, -0.0398698614244, -0.968406394019, 0.246169555742, 0.304386931806, 0.222884791622, 0.926105266916,  
1055, 405586.3075327643, 45.919613627772186, 112.20518598536607, 49.46759328129392, 17.44459793725751, 0.150754400677, -0.36458612402, 0.918885231598, 0.880726303661, 0.471700206863, 0.0426625466415, 0.448992526349, -0.802854826863, -0.392211471359,  
1056, 795823.0164138095, 57.48783614988477, 97.80852221589879, 65.03696226137183, 29.866954534510796, 0.372681183148, 0.861820941195, 0.344054357689, 0.565702582529, -0.504903760965, 0.651960719893, 0.735587740414, -0.0483410537806, -0.675702463124,  
1082, 1046976.9029974407, 62.99162768750693, 118.15871579645626, 78.49740764306023, 26.94805437108551, -0.872093063011, -0.467571323246, -0.144328608134, -0.134603349978, -0.0543515090973, 0.989407828771, -0.470463205386, 0.882282818113, -0.0155370924148,  
1106, 626216.6207794239, 53.07361385370773, 105.89985590952547, 62.649932710098156, 22.53305116969314, -0.202981921744, 0.340312215698, -0.918142655197, -0.949628124026, -0.297049320902, 0.0998405078667, 0.238756707769, -0.892159905397, -0.383465692985,  
1111, 1661223.9968860953, 73.47053385821529, 114.57166742601461, 86.36916060414634, 40.07777974389252, -0.0212388119573, 0.0986339533651, 0.994897108303, 0.685446509449, -0.722989419325, 0.0863098037712, 0.727813159781, 0.68378186784, -0.0522528627231,  
1121, 4226641.562581473, 100.30030877838573, 143.87973305097682, 110.8777688272311, 63.25031730264028, 0.471212188507, -0.594808997658, -0.651276692126, 0.539651884061, -0.3896322352, 0.746299246497, -0.697663900049, -0.703127995174, 0.137390337982,  
1133, 1728915.9399314479, 74.45520945010482, 138.07217934891653, 80.67564878351675, 37.05413014464637, -0.0850554551976, -0.652630005252, 0.752887538604, 0.232458405101, 0.721775687956, 0.651922500128, -0.968880105812, 0.230464601447, 0.0903183704525,  
1145, 2006742.0767876073, 78.24699163598527, 114.50894964987961, 99.48149301900787, 42.05534712817363, 0.218472678458, 0.561361160221, 0.798212588577, 0.277992420807, 0.748277131642, -0.602330099062, -0.935408949466, 0.353489719875, 0.00742396130175,  
1152, 1501177.7471653288, 71.03098484815679, 103.91863325564933, 82.28858577948222, 41.90930742146351, -0.413362099409, 0.845922857897, -0.336966308791, -0.230741534256, 0.260672138466, 0.937447801532, -0.880846251704, -0.465257514411, -0.0874375556795,  
1160, 991573.9988404058, 61.86032161732526, 94.08363751260399, 58.313512619450236, 43.14725964174169, 0.754372694359, -0.109208253435, -0.647298536524, -0.577308613627, 0.358996913011, -0.73337301633, -0.312468562638, -0.926927599023, -0.207770603147,  
1180, 1397791.1460926963, 69.36140663769574, 118.01432089158233, 68.61701393670484, 41.208532580862126, 0.399569477672, 0.0647754103066, -0.91441149311, 0.418519712757, -0.900364643259, 0.119099786748, -0.815589040232, -0.43028787502, -0.386868016337,  
1181, 875559.9565677446, 59.34704423694282, 135.37998990022356, 76.59015421537332, 20.159040640733117, 0.588983035389, -0.467428162392, -0.65924949528, 0.502853596688, -0.426628093931, 0.751749113579, -0.632643062336, -0.774273454583, -0.0162287770942,  
1191, 1235268.8335934829, 66.56168255908251, 137.10055293951052, 51.18995616461294, 42.01930944258845, -0.728407641997, -0.338060944914, -0.595933808912, -0.0869423382072, -0.817154487806, 0.569824159619, -0.679605280223, 0.466876151225, 0.565829764603,  
1206, 1474963.408508344, 70.61509466637057, 112.41002440810774, 63.76108837336221, 49.12831547837019, 0.137236454737, 0.978364020525, 0.154822475218, 0.929837920656, -0.181117364328, 0.320309134509, -0.3414199713, -0.100001718388, 0.934575871461,  
1222, 3099144.5422128025, 90.44496760520407, 123.95984512877118, 83.47246607003889, 71.50377214483979, -0.583136022401, -0.609635215971, 0.536933220081, -0.800787343273, 0.542598135962, -0.253627470326, 0.136718726704, 0.577868641041, 0.80459668373,  
1230, 3400361.037017712, 93.28506975649661, 118.75449214968859, 102.34885709466036, 66.78875958981446, -0.27270724809, -0.417644562565, 0.866720125646, -0.560004876576, 0.801436712237, 0.209985081588, -0.782320455472, -0.428103043249, -0.452440592024,  
1241, 874731.7261706204, 59.32832534645363, 118.34947662530085, 67.46671226053152, 26.153533956858837, 0.88285312359, -0.219331772726, -0.415287774489, -0.213656248212, -0.975018663842, 0.0607421827048, -0.418236021604, 0.0351024020908, -0.907659876606,  
1242, 1350019.839634588, 68.56205832007717, 130.6197632382417, 110.55457394750518, 22.318547857340665, 0.0411418361059, 0.9987251956, -0.0292460765941, -0.157187872461, 0.0353760690769, 0.986934904889, 0.986711367155, -0.0360071855465, 0.158442925106,  
1250, 2309201.6659229198, 81.99570122177433, 97.79439266650505, 87.164622860147, 64.67240975825547, -0.782456759668, -0.310344439362, -0.539859007712, -0.598770564488, 0.136922686331, 0.789129893662, 0.170983128857, -0.940711702343, 0.292961196614,  
1251, 2883984.7144171614, 88.30150688500697, 113.11134562291667, 92.51088422339096, 65.79688659351146, 0.942644179284, -0.313240635927, -0.115335403351, 0.233053885825, 0.370240110134, 0.899226415954, -0.238972461937, -0.874529910782, 0.422006632156,  
1258, 745730.0749722593, 56.25541718006704, 97.50239723774364, 53.40059414326521, 34.192563834075465, 0.820221251044, -0.514893163525, 0.249243113227, 0.32804744857, 0.780314853896, 0.532441170719, -0.468638422265, -0.354955995786, 0.808940214251,  
1276, 4603603.6979135545, 103.19764190343913, 113.90019641130252, 101.44428365493363, 95.11680816219888, 0.63671335802, -0.403174585933, -0.657302329964, -0.674031466413, 0.123033835918, -0.728384690602, -0.374536623046, -0.906814715627, 0.19341507056,  
1277, 4531414.381155194, 102.65538192494962, 123.18597358992194, 100.55081557578805, 87.3370083566489, 0.795821796011, 0.204961164833, -0.569788197407, 0.436826544946, 0.457324043847, 0.774620738523, -0.419345011446, 0.865358676983, -0.274415964451,  
1278, 1488098.7129313848, 70.82409665789903, 113.43738090739116, 91.4676719544148, 34.23886152012295, -0.856034602452, -0.510044115449, 0.0840223761925, -0.129474037905, 0.368925335618, 0.920396963406, 0.500441038398, -0.777012932348, 0.381850324147,  
1283, 1468433.2591791793, 70.51072839084705, 94.78032458876882, 66.72309843265687, 55.43336032729317, -0.134896511179, 0.983411263992, 0.121265069688, 0.989679273314, 0.139695001045, -0.0319412375317, 0.0483514968113, -0.115704764541, 0.992106113386,  
1287, 1574372.2371739305, 72.16715828189916, 101.24950170242869, 63.834058664289124, 58.15317895304422, -0.345080302587, 0.90076940997, 0.263693107283, 0.132501895757, -0.231383177517, 0.963797215592, 0.929173198272, 0.367527271402, -0.0395078775501,  
1291, 1602114.8218775059, 72.58858707193764, 132.80241350216812, 67.13390164751117, 42.89998824597477, -0.0417602152095, -0.286679845038, -0.957115850289, -0.156199268415, 0.948045778869, -0.277147956363, 0.986842374938, 0.137927037301, -0.0843697778181,  
1306, 594528.5520512982, 52.16285687800963, 140.52816060571075, 48.83269031771557, 20.682836266708833, 0.11685748255, 0.326553343425, 0.937927098803, -0.639600960589, -0.697732343347, 0.322614612599, 0.759772952918, -0.637599004819, 0.127328587001,  
1310, 515320.7080882227, 49.73509996521234, 83.02324186224243, 69.98692129708752, 21.172513017924274, 0.629242348315, -0.359437730707, -0.689099836621, 0.510197029087, 0.859882311022, 0.0173609533785, -0.586304578354, 0.362500936461, -0.72445842701,  
1311, 3636564.1225727354, 95.39688930487158, 129.45992885792896, 97.44971980225192, 68.81556528280471, 0.669980362194, 0.607652848279, 0.426478991572, 0.609611565599, -0.778171084094, 0.151074494766, -0.423674466262, -0.158769581026, 0.89179154895,  
1314, 1870498.8907515213, 76.43453278198182, 102.0304050545128, 77.75483435088921, 56.28748372794053, 0.737139778471, 0.463381004888, -0.491836346059, 0.252938179139, 0.485726015304, 0.836715313348, 0.626615691258, -0.741180330531, 0.240841219695,  
1325, 1522397.3804137774, 71.3641021559488, 91.9803659565169, 68.34844696963614, 57.81168593384578, -0.798237881495, 0.572320197563, -0.187792108482, 0.565154142125, 0.603775399118, -0.562188636544, 0.208367656285, 0.554891754202, 0.805405525765,  
1327, 2546081.801423742, 84.70868004044287, 121.18514246885766, 76.88058067016165, 65.24056459675067, -0.00507341473625, 0.770977429954, 0.636842259091, -0.427223723856, -0.577475225661, 0.69570270484, 0.904131710669, -0.268544533083, 0.332309619954,  
1329, 2024127.2945405676, 78.47230399808737, 136.81672778626006, 114.58663089262942, 30.82308204092525, 0.444184764293, -0.888293933466, 0.116763791205, -0.823093200653, -0.353117002564, 0.444776309552, -0.353860817566, -0.293670342845, -0.88799788937,  
1336, 1588812.4452913771, 72.38712719144975, 114.55600340353249, 73.3627790634064, 45.13260440806325, 0.466946892305, -0.156516716488, -0.870323570419, 0.445693405985, -0.8084018088, 0.384504750803, -0.763752569638, -0.567440774873, -0.307722243888,  
1346, 1571294.8095973108, 72.12010586292077, 132.53528650662477, 96.48429083005512, 29.334651714763258, 0.644853813762, -0.764284464577, 0.00572853240908, 0.00265940556396, 0.00973874081409, 0.999949040946, 0.764301306056, 0.644805718131, -0.00831260651275,  
1355, 3384594.8649803097, 93.14067063585065, 123.40093725431537, 104.6315505236188, 62.580202268308156, -0.836025141504, 0.441238046846, -0.326145594466, 0.24158970796, 0.829703556515, 0.503216078154, -0.492642239136, -0.341907874027, 0.800251604121,  
1357, 305181.725339904, 41.766040462926725, 135.67227887238806, 49.51405030104799, 10.845519044064027, -0.739264574992, 0.222676059578, 0.635533839109, 0.644399704107, -0.0401225768586, 0.763635515265, -0.195542602799, -0.974066502512, 0.113831187175,  
1370, 959879.7749673512, 61.19408009080116, 126.78735299146331, 62.35275064943976, 28.986560115054054, 0.723145276124, -0.0708783174639, -0.68704961519, 0.571704478774, 0.619599308994, 0.537820309438, -0.387575668186, 0.781711558317, -0.488581764931,  
1377, 248779.75912571675, 39.01594627522601, 88.37988496471718, 49.61892195658688, 13.543336756596432, 0.551768724231, 0.448364507959, -0.703221546145, 0.655156964913, -0.75477963201, 0.03281856835, 0.516062618571, 0.478828753424, 0.710212924839,  
1381, 1344017.9830551231, 68.46030402281247, 150.90177875658827, 54.70353444141578, 38.869300398648335, -0.630335129748, 0.186537105105, -0.753579148215, 0.773995737294, 0.226113364748, -0.591441751091, -0.0600684847199, 0.956073561344, 0.286906121305,  
1394, 1091718.3677108234, 63.876434928054714, 89.20883559824908, 71.66240594117596, 40.76831410091819, -0.847168997499, 0.531298968667, -0.0051083822526, 0.388546606585, 0.626047440507, 0.6760888527, -0.362403399802, -0.570776670973, 0.736802393919,  
1412, 1852792.8641984924, 76.19259292281133, 152.73592995759307, 101.69646375558546, 28.476800645108785, -0.125656169695, -0.96024846829, -0.249265734036, -0.734481170846, 0.25894584104, -0.627283397741, 0.666894247007, 0.104258959114, -0.737822561836,  
1414, 1486006.507411565, 70.79088916897607, 107.8291496256929, 74.80960475081125, 43.97831255755515, -0.0940672745297, 0.947301909511, 0.306219594571, 0.694046675142, -0.15811926981, 0.70235141435, 0.713758054657, 0.278598974785, -0.64259789189,  
1416, 837977.1209579753, 58.485452003514915, 118.97330898102011, 95.27222037776625, 17.64930972497805, -0.485055333782, -0.46813379947, 0.738628505382, -0.873346716194, 0.21627218139, -0.436453728212, -0.0445739439853, 0.856782988481, 0.513747091638,  
1421, 934291.2385411926, 60.64540336313392, 105.2428040921675, 99.71424978535839, 21.254164123549362, 0.209161180977, -0.941653838567, 0.263703713822, 0.687286953263, -0.0502707728983, -0.724644390903, 0.6956207618, 0.332807598626, 0.636671703509,  
1423, 605338.1726478247, 52.477098840543796, 114.44142004216673, 77.09510533670355, 16.379453515173545, 0.018310387011, -0.016921421758, 0.999689149293, 0.142438430287, -0.989614314591, -0.0193598019869, 0.989634287656, 0.142748638667, -0.0157099603383,  
1425, 1986987.9465402865, 77.9893931628795, 104.98839746250033, 93.82843264178727, 48.153832179218185, 0.506036848751, 0.813999016297, 0.285188199571, -0.187006465578, -0.219237325396, 0.957582151559, -0.841994827501, 0.537903891621, -0.0412809137501,  
1427, 482150.88528984203, 48.64424342181542, 100.5201309887068, 37.828504890270246, 30.270677174206643, -0.131489991492, -0.965299932957, -0.225624514559, -0.980444499209, 0.0930173307843, 0.173425373418, 0.14642051123, -0.244016015061, 0.958653857388,  
1429, 2626939.4201460173, 85.59606820232547, 131.05839815195506, 80.1626767000367, 59.69313425005135, -0.626981538343, -0.325563176435, 0.707744847192, -0.75331918832, 0.0218786056508, -0.657291052065, -0.198505292339, 0.945267128787, 0.258970469646,  
1441, 465881.20024579, 48.09082108511439, 89.53576339322142, 60.38057980026655, 20.572769326787075, -0.89977135096, 0.345011335892, -0.267167913677, -0.134550527275, 0.363069399896, 0.921996077253, 0.41509959239, 0.865533239665, -0.280257987276,  
1442, 2382389.3841386703, 82.85296318408162, 106.84526096334754, 98.15162676324485, 54.23396665799042, 0.843969854612, 0.443669095044, -0.301450856041, -0.505511565095, 0.845823913042, -0.170411166538, -0.179368174603, -0.296208781484, -0.938129743538,  
1446, 1833623.4999614498, 75.92891354414304, 113.28438520242773, 84.82152162491283, 45.555985480550326, -0.819947044406, 0.459867776991, 0.340893637451, 0.557688551836, 0.507411481791, 0.656899586921, -0.129113607032, -0.728735353768, 0.672513539379,  
1453, 1913418.1853660853, 77.01472387261275, 126.41780808762027, 92.6198979009083, 39.01294487113033, -0.623254624143, 0.00622113844295, 0.78199422691, 0.770738416588, -0.164346766426, 0.615591125311, -0.132347900171, -0.986383007661, -0.0976350117449,  
1454, 579074.0562629155, 51.70689981275413, 84.57143029623363, 72.08142571279737, 22.67767124721359, 0.562155385835, -0.697069220298, -0.44505710228, -0.75358248833, -0.653442748351, 0.0715961445244, -0.340726804727, 0.295139080335, -0.892635517891,  
1457, 1269883.9535575744, 67.17770177242838, 114.54534031980238, 71.50237476071457, 37.0149812107649, 0.0574411971603, -0.0811790066364, 0.995042952716, 0.951766751702, -0.296443640081, -0.079127862416, 0.301397676208, 0.951593998057, 0.0602354018759,  
1464, 1766069.930871282, 74.98477551811123, 105.03603768561517, 77.14134213845509, 52.03478518621825, 0.509507388726, 0.831782858325, -0.220316811501, 0.537260262278, -0.107522550651, 0.836534704408, 0.672126201997, -0.544588080753, -0.501667410633,  
1471, 1897152.1007263574, 76.79586690300407, 115.63560998403752, 80.94059471283639, 48.389992526930264, 0.0601785546416, 0.689199609916, 0.722068168009, -0.253312146357, -0.689154375001, 0.678895576598, 0.965511003598, -0.223763592007, 0.133110318244,  
1474, 1615834.2622617614, 72.79519847450008, 133.56350961508707, 89.09527100727973, 32.416470548535194, 0.780468835907, 0.201828911789, -0.591720784276, -0.375399843997, 0.90813250577, -0.185392311304, 0.499943350096, 0.366824811497, 0.784535661628,  
1475, 3513832.2847276554, 94.31138872130653, 129.49629155173577, 94.60885224881304, 68.47047080856578, -0.630757004229, -0.597455921248, -0.49516868215, -0.765125536136, 0.585210096883, 0.268536881003, -0.129338762826, -0.548247721994, 0.826254149617,  
1477, 224873.5639765436, 37.72390112567857, 102.27521949838126, 62.513195573647266, 8.396681375563293, -0.612813106472, -0.548901119236, -0.568478370598, -0.0628405373659, -0.68325725295, 0.727468620048, -0.78772530961, 0.481525791202, 0.384215758406,  
1478, 3632660.611688602, 95.36274387693297, 105.68100432183773, 103.60442297699387, 79.206530007079, 0.743921908929, 0.427986807335, 0.513232390016, -0.593529771797, 0.0702361335662, 0.80174141438, -0.307087289553, 0.901051706779, -0.306273110648,  
1486, 2965846.690933473, 89.12920433368765, 130.71416195521, 105.69799379534236, 51.24726605182951, -0.769920768779, 0.564412089556, -0.297759975425, -0.524348124581, -0.293599443412, 0.799286188468, -0.363704624731, -0.77151692139, -0.521996729835,  
1487, 1182762.9603190008, 65.6049137347983, 137.74542987996801, 62.19032806510337, 32.9616588196151, -0.606987308318, -0.771150588439, -0.192075968019, -0.776254518232, 0.523525973682, 0.351211443158, 0.17028015288, -0.362280726551, 0.916382750113,  
1489, 774443.7236550159, 56.96836452689084, 119.56352998196274, 100.62751230561253, 15.366883197636666, 0.20939753283, -0.793291542384, 0.571700272894, -0.147279540714, 0.552405007526, 0.820461726437, 0.966675441982, 0.256002414915, 0.00116336831586,  
1497, 1351542.6919831757, 68.5878284740075, 110.22285611424776, 69.20869009310256, 42.29693223400429, 0.390983933536, 0.919336896261, -0.0441727844858, 0.391573268761, -0.122715067319, 0.91192729285, 0.832947740803, -0.373845801668, -0.407967373287,  
1501, 1355317.5933118414, 68.65162510424662, 108.76637284032871, 68.80455632674393, 43.235513566113895, -0.0541060682936, -0.948536738538, 0.312010559145, -0.112787440011, 0.316274001539, 0.94193935544, -0.992144912172, 0.0157737628715, -0.124095373223,  
1506, 193805.8609745934, 35.899860894765126, 124.4158464819892, 50.95609615326253, 7.29804354242777, 0.338869470705, -0.43043289797, -0.836597275975, 0.493349082706, -0.675854769491, 0.547564620067, -0.801108085352, -0.598287431676, -0.0166728726307,  
1510, 1989749.9576154938, 78.02551279745906, 129.65351245614102, 102.86169835719, 35.61819582841681, 0.326514218608, 0.0629783376544, 0.943091826936, -0.280902561088, -0.946230625761, 0.160441123298, -0.902486684789, 0.317303217534, 0.291266977053,  
1513, 2383045.8935603863, 82.86057301697858, 126.73168523967462, 98.21630099202216, 45.706189208132585, 0.207111865282, 0.0276456104445, 0.977926579802, -0.908279643686, -0.365975054559, 0.202707543784, 0.363500707187, -0.930213942953, -0.0506878309925,  
1516, 2202181.493100104, 80.70891328732972, 104.99645904602153, 83.15456839166119, 60.21486715806109, 0.308751419505, 0.095870808891, 0.946298763053, -0.158153541877, 0.986231762427, -0.0483152975031, 0.937901923522, 0.134743084362, -0.319662764599,  
1519, 1683701.301207858, 73.80041648782357, 101.91159696997188, 66.59639114238377, 59.22459993565416, 0.296816178447, -0.707453728469, 0.641412019132, 0.632101267693, 0.649022876643, 0.423340634685, -0.715784984191, 0.279783001038, 0.639822888569,  
1528, 4192018.0343186525, 100.02567965626392, 126.4963383025672, 100.46310178300033, 78.74989730032097, 0.260384527792, 0.961564325062, 0.0871432524964, -0.247684695302, -0.0207114307254, 0.968619289685, 0.933194614965, -0.273797526297, 0.232771830757,  
1543, 2730554.287615657, 86.70698173062705, 103.28144083899538, 89.49109947450131, 70.52775735230654, 0.668932847558, 0.676573241403, -0.307859536923, 0.673366828568, -0.72696895149, -0.134511180773, 0.314810990344, 0.117323452839, 0.941875388665,  
1553, 1867408.1275117362, 76.39241010116123, 105.66750291885758, 85.59150175054502, 49.29223887548523, -0.408775195995, -0.90706336531, 0.100692057542, 0.759787604214, -0.277113374402, 0.588158970187, -0.505594338993, 0.316929375478, 0.802452575133,  
1560, 1118062.2542725266, 64.38615027567215, 93.3957155857775, 70.70371571513195, 40.421105274211875, 0.908698745323, -0.416737754202, -0.0244179129049, -0.336185259739, -0.765221925016, 0.549012637933, -0.247479416079, -0.490678152864, -0.835457293295,  
1562, 441814.7084674279, 47.24804611797707, 166.11714583608133, 72.84797626264924, 8.71604790456647, 0.257106103448, 0.720353820944, 0.644194709868, -0.389157383102, -0.532988917492, 0.751318404544, 0.884563724526, -0.443861674942, 0.143296304109,  
1567, 2336221.7471939237, 82.31427378868436, 101.69572657881844, 86.65179105480098, 63.291473352897135, -0.587313974117, 0.338862463844, 0.735006480519, 0.160017694724, -0.84159196048, 0.515865592409, -0.793383030561, -0.420589113807, -0.440054728601,  
1580, 3852416.521107193, 97.24819348087892, 120.36037375717915, 103.37957072710219, 73.91394376691504, -0.114694261763, -0.75575851829, 0.644728073183, 0.230676028348, -0.651532776946, -0.722698838044, 0.966247274906, 0.0658339015804, 0.249062444255,  
1589, 1380764.4688441318, 69.07862183427787, 88.68134997445534, 64.84351106957224, 57.323430856855815, 0.115808521824, 0.869239704753, 0.480635747687, 0.24660961042, -0.493902619149, 0.833812870401, 0.962170507925, 0.0219667584919, -0.2715609972,  
1590, 1451348.5871706514, 70.23620564391288, 106.92098822360379, 92.34935560077302, 35.0902362154383, -0.437014618265, -0.0988149896152, 0.894009967087, 0.696876986755, 0.591209375177, 0.405997463088, -0.568665709142, 0.80044179834, -0.189505247198,  
1591, 920618.0725526075, 60.348103843182884, 91.27260979636158, 75.1562819716054, 32.0394558194625, 0.934006720038, 0.0823950729376, -0.347624076957, 0.325128906475, 0.207230482099, 0.922684518925, -0.148062963292, 0.974816177156, -0.166765642914,  
1594, 635363.6682565876, 53.33077840535759, 90.22844922782, 69.09772560306122, 24.329126814942125, 0.685721639555, -0.117464844992, 0.718322937986, 0.042713018628, 0.991685180377, 0.121392343497, 0.726609545138, 0.0525596157814, -0.685037265923,  
1595, 1894987.3874829838, 76.76664691250606, 115.90758047958344, 102.72835875127987, 37.994044287758946, 0.759397268633, 0.650234262425, -0.0226095634802, 0.477138559585, -0.532943842891, 0.698791567839, -0.442328592055, 0.541448302512, 0.714967937992,  
1598, 1977483.8414335966, 77.8648488184534, 135.8751369240449, 80.77706271464254, 43.01265815134816, -0.295587656337, -0.226296080976, -0.92812608042, 0.201963417925, -0.964382163251, 0.170815166259, -0.933723039901, -0.136956660805, 0.330762993425,  
1604, 1726940.9722432296, 74.42684819855056, 97.00859338429142, 76.01154746235046, 55.91123722567713, -0.873478402985, -0.350486975214, 0.337926559661, 0.0630176494085, 0.606860582842, 0.792306133294, -0.482767289055, 0.713357633447, -0.507992747409,  
1608, 1781129.445804812, 75.19730763733072, 120.96568665784746, 79.56501184437235, 44.179678119004926, -0.538373275015, 0.835451944036, -0.110337056134, -0.0722766834724, 0.0846719816081, 0.993784049257, 0.839601273091, 0.543001569737, 0.0147985636752,  
1611, 2292659.202202395, 81.79943384707919, 100.59695132780794, 88.44445280841292, 61.51704628732864, -0.555233808101, 0.58635927712, 0.589828972226, -0.78743951664, -0.142365588386, -0.599725809748, -0.267683443596, -0.797442685952, 0.540768653535,  
1612, 2424197.468258827, 83.33481225681484, 117.7829963566933, 89.5599357419824, 54.863437148334405, -0.307055989243, 0.94006362403, 0.148313863967, 0.943988485207, 0.281061465842, 0.172887802389, -0.120840222053, -0.193092814972, 0.973710842879,  
1625, 3559386.394976543, 94.71719807552529, 115.82833961218103, 97.79545518119242, 75.015848094667, -0.919249790866, 0.335966932181, -0.205197569366, 0.00403123460235, 0.52924222893, 0.848461202569, 0.393654126284, 0.779120583478, -0.487860169783,  
1627, 2628720.532581589, 85.61540905925452, 142.85236523565942, 94.39675883991598, 46.53838303466077, 0.778636642737, 0.537484561098, 0.323782836433, 0.46713492193, -0.841053222017, 0.272790106948, -0.418939068721, 0.0611541030259, 0.905952665641,  
1628, 2714026.313598109, 86.53168252520226, 90.60402125691698, 88.05819409165194, 81.2097543422595, 0.425297120609, -0.663287902481, 0.615769045686, 0.885279094843, 0.446323958132, -0.13067459061, -0.188157602652, 0.60070299052, 0.777015208181,  
1636, 1337715.6326423665, 68.3531286245692, 98.46107977275283, 88.84564024777053, 36.50685975866391, 0.0140761488155, -0.210475397045, 0.977497810368, 0.996914552861, -0.0725451620021, -0.0299762199646, 0.0772219938088, 0.974903742279, 0.208804829837,  
