# Void_ID, Void_Volume, r = (a*b*c)**(1/3.0), a, b, c, vector_a, vector_b, vector_c 

33, 1038226.9985928339, 62.815656494746555, 107.56788021143514, 86.17153535691922, 26.73974539039548, -0.220420841735, -0.946298339425, -0.236503922443, -0.669768696316, 0.323106409097, -0.668589666265, 0.709101224061, 0.0110318267954, -0.705020391785,  
37, 1405313.0561046186, 69.48560191749083, 120.84392717292434, 81.95957892753113, 33.87348830772234, 0.66104422166, -0.67115064435, -0.335525482786, 0.482893816997, 0.0382659827139, 0.874842429282, -0.574311847793, -0.740332713822, 0.349390003189,  
38, 1239696.3168597664, 66.64111178553478, 121.25542543425402, 72.15083923194445, 33.82860857196671, -0.614380553949, 0.727222295692, -0.306078858429, -0.105589553616, 0.308657293319, 0.945294409932, 0.781912642881, 0.613089233251, -0.112845961268,  
46, 1599517.6340780684, 72.54934141254574, 93.12292638490476, 74.97816643969053, 54.690134588652626, 0.430700484829, -0.570518947461, 0.699289083968, -0.819000627761, 0.0784167439574, 0.56840899535, 0.379124074804, 0.817532228634, 0.433481246479,  
49, 1623381.254259334, 72.90835605057069, 97.0237320174277, 74.63585377666595, 53.518808549883026, -0.0965600924558, -0.985363190086, -0.140483209564, -0.97260465173, 0.123397637784, -0.197010696212, 0.211462384309, 0.117611252071, -0.970284109634,  
60, 1218002.0580920926, 66.25008974851968, 133.0703734876121, 94.88362981516889, 23.029618653363404, -0.333051174466, -0.142627352744, 0.932059200607, 0.0970330039492, 0.978061135432, 0.184339392159, 0.937902719546, -0.151834955152, 0.311904849373,  
63, 1149978.5028139318, 64.99306788072035, 139.29045838357357, 72.58233082480334, 27.154939185855458, -0.758814760061, -0.00617545455725, -0.651277224901, -0.651252127861, -0.00572663959563, 0.758839819432, 0.00841581076499, -0.999964534051, -0.000323680729797,  
68, 908063.7627471406, 60.072528470000925, 130.49110623332894, 86.3811890901902, 19.232141462262646, -0.886754352109, 0.446708032682, 0.118821936335, 0.415964775998, 0.659056001687, 0.626592763898, -0.20159371058, -0.605059600518, 0.77023558453,  
82, 1505115.977383143, 71.09304547682311, 156.59832653960032, 65.47756982068843, 35.043032997888226, -0.966717069144, 0.0355463200128, 0.253366468498, -0.0216081088974, -0.998106739716, 0.057584943897, 0.254933712669, 0.0501935779487, 0.965654910865,  
96, 2049885.4072017353, 78.80376940235244, 121.90822814721379, 81.63977428172996, 49.17067384983115, -0.97572385341, 0.207933171442, 0.0687514225349, -0.049586231255, -0.515526364796, 0.855437766801, 0.213317058756, 0.831261910239, 0.513321993518,  
100, 3004967.816786202, 89.51938129044059, 133.85633179637958, 81.94406305044592, 65.40256822088844, -0.691313870096, -0.170508073892, 0.702148224914, -0.083186763898, 0.98407803292, 0.157068098086, -0.717750022867, 0.0501739161489, -0.6944908083,  
102, 940756.8844468271, 60.784978201392455, 124.55228446531318, 78.52881552959411, 22.961912169640378, -0.98770269221, -0.12336722961, 0.096041233117, -0.04677601337, 0.819335072898, 0.571403572698, -0.14918242649, 0.559884421088, -0.815030084505,  
108, 1923127.736380528, 77.14477334712937, 136.430315757532, 86.02497738232148, 39.118669109668005, -0.134705851151, -0.949035088765, -0.284932858684, -0.767693087843, 0.281765452045, -0.575548045703, 0.626499526372, 0.141211296737, -0.766523132808,  
115, 1816707.428039799, 75.69469804517297, 140.65452959307996, 100.20943823239253, 30.770463099831854, -0.130059881858, 0.764553261775, 0.631302413302, 0.811525730284, -0.283729763258, 0.510806627335, 0.569658157335, 0.578753601588, -0.583552784614,  
120, 1566772.9569143895, 72.05085727790369, 139.7664534112755, 80.21784911788755, 33.36134101076718, 0.226750602765, 0.705395436193, 0.67156640978, 0.563702937989, -0.657349226431, 0.500130975058, 0.79424376727, 0.265158958192, -0.546687813146,  
132, 1733325.0049399324, 74.51844738025784, 113.9502466380912, 97.29863279385724, 37.32238474865357, -0.696637112429, 0.713143171321, 0.0782531199643, -0.608107812538, -0.644839855626, 0.463018842951, -0.380659456623, -0.274969776148, -0.882887308941,  
156, 2760454.1957157245, 87.02231759508852, 110.11096366818406, 91.7799768839718, 65.20988412549713, 0.329130191309, -0.512789554523, 0.792918778905, -0.154602318977, 0.799109494099, 0.580966556187, 0.931542505813, 0.313800715761, -0.183732606394,  
162, 1470658.786479062, 70.54633194766896, 140.45722714087847, 90.61332414395318, 27.585900121502362, -0.277241493344, 0.319911017718, -0.905976873387, -0.926626832788, -0.338275089026, 0.164111781728, 0.253968240389, -0.885001076207, -0.390222023964,  
176, 1857150.8519159963, 76.2522841404591, 151.13709435772248, 103.24315998588764, 28.413596932746298, -0.351321703965, -0.861158619052, -0.367394737518, 0.778437729882, -0.486702255321, 0.39642857536, -0.520199731853, -0.146719962848, 0.841347426146,  
223, 1384719.4432527574, 69.14451377370771, 123.1759362444879, 65.5162514777878, 40.9636142503696, 0.587346429362, 0.74658301432, -0.312470758064, 0.473191316625, -0.00355664537696, 0.880952511856, 0.656592834096, -0.665282761691, -0.355365582478,  
227, 2062395.1223196746, 78.96374812109329, 99.42241431596194, 87.89529112830154, 56.34214144021294, 0.213171301136, -0.68800344814, 0.693692476332, -0.965490811191, -0.257072001007, 0.041731041249, 0.1496178127, -0.678649572051, -0.719061380188,  
246, 2197063.808728632, 80.6463445544549, 134.17405812675756, 77.57450898940957, 50.39256564210582, -0.577501568747, 0.406114996661, -0.708210807304, 0.815402212915, 0.244280243423, -0.524829871336, 0.040139373042, 0.880566733508, 0.472219290766,  
261, 243500.92607009504, 38.738012591128246, 112.46501832253603, 37.21869150225023, 13.887799855483959, -0.147455272196, -0.985327535888, 0.0859452716648, -0.960468764396, 0.121904624272, -0.250277875973, -0.236128556769, 0.119452541208, 0.964351800474,  
312, 914745.6746601042, 60.21951476864555, 105.53145376728332, 77.34356207696786, 26.75504370226305, -0.775686035957, 0.575741032374, 0.2585216379, 0.0292829533989, -0.376350464176, 0.926014490575, 0.63043927722, 0.725866786508, 0.275070401867,  
323, 239428.6834846321, 38.520849502385026, 148.01115872797263, 29.62537916631799, 13.035544969908102, -0.831639058515, -0.547310805846, -0.0939540215011, -0.478306668082, 0.62002432212, 0.621926499876, 0.282133315333, -0.5621572038, 0.777418851454,  
326, 534069.5045291252, 50.33109631846675, 122.87944830286361, 42.00561236588394, 24.701458554597608, -0.936273846645, -0.238725749366, 0.257684498327, -0.288687190791, 0.104995332735, -0.951648930004, -0.200127434306, 0.965394218283, 0.167221450013,  
330, 2302792.2887651175, 81.919769012391, 124.63619038626621, 87.3127204845557, 50.51780487252369, 0.515792546556, -0.856709245797, 0.0027050107501, -0.692056435818, -0.418518253526, -0.588132945097, -0.504991028197, -0.301482569367, 0.808759742945,  
355, 1279397.709851996, 67.34504589621359, 96.76066891590511, 68.11221293092021, 46.3439564251688, 0.155289424194, -0.570939292633, 0.80617213972, -0.815380705722, -0.534798475809, -0.221686479082, 0.557709153116, -0.62291164253, -0.54858143072,  
364, 2883663.6182981026, 88.29822966889768, 138.7086500823518, 75.3181598561043, 65.89504254958662, -0.504195832613, -0.857730012095, 0.1004280276, -0.780777802953, 0.502446342368, 0.371394258782, 0.369015697216, -0.10884346279, 0.923027906304,  
391, 185747.88049112863, 35.39525828993215, 95.57422743287717, 64.65473602970779, 7.1761931355506725, 0.301276563277, -0.178836009038, 0.936616311139, -0.728071879673, 0.591147382999, 0.347067874634, -0.615746514769, -0.786487414677, 0.0478933826864,  
395, 3432531.1669149185, 93.57833060738605, 118.7288218403055, 105.16446241285266, 65.62974480878138, 0.153379885594, 0.431025023806, 0.889208659173, 0.690825575046, -0.690191960045, 0.215395179036, 0.706565379535, 0.581250795391, -0.403624673799,  
401, 2346145.698663373, 82.43066241378571, 118.92866928676368, 86.97569966637475, 54.147932515085834, 0.783125720967, -0.607393366521, -0.133369424781, -0.274710844984, -0.530305758724, 0.802065928657, -0.557896098578, -0.591480431266, -0.582153624588,  
402, 2447375.81470287, 83.59956511044278, 107.43442670714745, 87.07874134601363, 62.45345095602956, 0.485714833944, 0.860084698697, 0.15599811266, -0.537870027111, 0.153399088011, 0.828953891198, 0.689040589532, -0.486541910696, 0.537121992767,  
425, 2572784.4060014165, 85.00378454140485, 117.65813469428164, 100.26051054937743, 52.06704309843479, 0.835965587234, -0.0428045260484, 0.547109961077, -0.375262812056, -0.772024269332, 0.512987669881, -0.400423973867, 0.634150061194, 0.661448668485,  
443, 2425237.6820206987, 83.3467301009349, 150.52000218129277, 78.02908531579529, 49.29637290271667, -0.185206838494, -0.923064918777, 0.337119537699, 0.239519922117, 0.290306206909, 0.926473158348, -0.953062764924, 0.25233601002, 0.167325742677,  
449, 2398700.233974982, 83.04161550038786, 131.30083975805536, 68.05189253592212, 64.0884335917112, 0.371713187931, -0.0707438919006, 0.92564820946, 0.488873020529, 0.862554497203, -0.13039520372, -0.789197361702, 0.500994052972, 0.355207662037,  
488, 2253346.63166594, 81.32919337640232, 145.14838123068287, 82.64653826203507, 44.84381278861684, 0.901867567942, -0.431982368989, -0.00511104461972, -0.235713994769, -0.501955627057, 0.832153508155, 0.362041161422, 0.74928751581, 0.554521790453,  
495, 1702946.5707289, 74.0805397048898, 101.37910554071708, 97.77333037518551, 41.015078720535634, 0.81059116999, 0.571852185859, -0.126202348088, 0.454787477825, -0.478948201255, 0.750850831077, -0.368931301394, 0.666028301233, 0.648302396115,  
505, 593173.7368442493, 52.123203732438334, 138.1379567699845, 57.20807473051917, 17.91937856561657, -0.874070591129, 0.0152809962847, 0.485558537023, -0.447793634819, -0.412894626267, -0.79309450144, -0.188365236545, 0.910650601906, -0.367741782925,  
508, 1523943.3946186786, 71.38825103914591, 94.89247914143098, 79.87283707543712, 48.000893629416936, 0.621702963514, 0.57924565617, 0.527219019922, -0.202945976633, -0.530996586388, 0.822712316556, -0.756504035499, 0.618479664219, 0.212566575972,  
515, 210733.88059028753, 36.916052229998414, 105.33350920458825, 36.527829153843626, 13.075410712177263, 0.126904027009, -0.366039732519, -0.921905788108, -0.353778742307, -0.884997996427, 0.302686550429, -0.926680079326, 0.287738528071, -0.241806885847,  
517, 1669854.112917713, 73.59754149530512, 107.69759188759005, 89.70675008941983, 41.26281050272345, 0.370069443617, 0.349173685204, 0.860886952196, -0.473688982913, 0.86808730306, -0.148469463973, -0.799166662447, -0.352848652862, 0.486652313059,  
529, 1351982.1339427058, 68.59526124050211, 139.79458903284328, 60.463363626069416, 38.18560518407601, -0.76277732509, 0.0850921343092, 0.641038283574, 0.616239381757, 0.396124138079, 0.680686926276, 0.196009634203, -0.914245588401, 0.354591634686,  
553, 1091992.9408407966, 63.88178956988354, 126.52281508297084, 73.66337707028879, 27.971177570989436, -0.989148749685, -0.121923434666, -0.0819721115728, -0.100697439291, 0.156349021159, 0.982555346687, -0.106980263211, 0.9801477744, -0.166929816454,  
554, 211199.59839497434, 36.94322680878849, 110.98016133812222, 40.95521964050759, 11.093021827003485, 0.529913926665, -0.827254101678, 0.186659801736, 0.402223113083, 0.438942614823, 0.803458740817, -0.746597480326, -0.350685089718, 0.565342524688,  
562, 3075448.8306979095, 90.21386691850562, 125.32184326714368, 103.3993956435332, 56.65981106154353, 0.322079233853, 0.813478360356, 0.484270507417, 0.492239383363, 0.293051228725, -0.819647098945, -0.808681245354, 0.50236832561, -0.306040371253,  
604, 1696055.471284384, 73.98048048711685, 106.98175693611562, 86.60632056606134, 43.70107585758266, 0.916776326386, -0.378842997777, -0.126487748076, 0.11735199629, -0.0472126977268, 0.991967474336, 0.38177175949, 0.924255886759, -0.00117449848897,  
608, 1188727.5239736508, 65.71500870246739, 148.29134339873852, 76.68505527158213, 24.955551663462835, -0.62392037697, 0.484387204639, -0.613263727269, -0.0621634954605, 0.751490099744, 0.656809203512, 0.779011593646, 0.447919262779, -0.438758784525,  
613, 1507059.5756341452, 71.12363379173847, 126.80379255167726, 93.22170089882562, 30.4363483327691, -0.0291006275478, 0.936206433473, 0.350243725711, 0.811220941538, -0.182601228535, 0.555497412548, 0.584015186007, 0.300290368245, -0.754156454095,  
629, 1038021.9822724981, 62.81152153436279, 92.6502173991653, 66.0286185117249, 40.50785883784876, -0.269510866855, -0.784993743208, 0.557807059628, -0.075911295293, 0.594756063321, 0.800314126072, -0.960000712445, 0.173349497454, -0.219883114037,  
663, 303170.41803103243, 41.67408479812723, 129.50345716009335, 48.87576461676448, 11.434660806770257, -0.969580184829, 0.118871736798, 0.213971435891, 0.197592758871, -0.135837548816, 0.970827101998, -0.144469259113, -0.983573927329, -0.108217201262,  
701, 1748557.0544349228, 74.73609456292299, 119.26089829346935, 88.26615572674736, 39.6550872784513, -0.850184584951, -0.0671062029308, 0.522190510293, -0.519084643987, -0.0588692209331, -0.852693114317, -0.0879619456866, 0.996007616615, -0.0152159047077,  
720, 1150118.638621413, 64.99570778111595, 96.85528677343068, 66.89922470499435, 42.374990729916796, 0.312232407106, -0.641163597882, -0.701013669413, 0.589906882725, -0.447554960699, 0.672089597351, -0.7446615296, -0.623380941243, 0.238485656652,  
723, 2700114.868737698, 86.38358234351307, 112.10927887830856, 94.83130105301493, 60.631786255126585, -0.715741380369, -0.171320554758, 0.677025512034, -0.660242055105, -0.149925554652, -0.735936652663, -0.227584501006, 0.973741031065, 0.0058051117157,  
725, 1577552.4859659465, 72.21571841028936, 137.17901571847167, 74.02540106439584, 37.08743145008877, -0.0573633712349, -0.714758651765, -0.697014715316, 0.216311780847, -0.690477871177, 0.690253230982, -0.974637705564, -0.111177242012, 0.194218855293,  
752, 572106.487689589, 51.49867885335652, 132.57113331838963, 44.026732779278746, 23.40037605186776, 0.0917158317742, -0.133954854632, -0.98673416031, -0.794751723093, 0.587180981016, -0.153584485455, -0.599964919676, -0.798294802973, 0.0526070594594,  
753, 494617.0197357335, 49.05991773947707, 101.98178780307471, 43.018328276213545, 26.915614315552617, 0.271511541458, -0.960568372772, -0.0599156414061, -0.801243152143, -0.260088242528, 0.538853892295, 0.533189360357, 0.0982980535351, 0.840265790493,  
780, 938795.4165752032, 60.74270346751099, 90.71635873876961, 59.54992219519839, 41.487335473929406, 0.620644687743, -0.759005123961, -0.196752111495, 0.305922909305, 0.00336165253876, 0.952050352058, -0.721949683246, -0.651075971829, 0.23428344749,  
787, 1364464.6118907286, 68.80572189407158, 134.47507247535518, 80.10168194090357, 30.24058894031225, -0.319876554599, -0.787942314866, 0.526142469548, -0.103851577121, 0.581132107332, 0.807155699823, -0.941750412661, 0.203549459032, -0.267719588339,  
794, 647587.5926797211, 53.670623019449, 92.45638741501374, 82.76144471423426, 20.20435202632367, -0.411666827019, 0.0534683990231, 0.909764559564, -0.872039563973, 0.266865052291, -0.410280444004, -0.264721405252, -0.962249538411, -0.0632329299483,  
829, 501744.65128892753, 49.2944525016787, 131.08618135602077, 59.36761185603526, 15.391737594910767, -0.993873321531, 0.105109201153, 0.0341742093111, 0.108579490983, 0.986293938987, 0.124236709776, 0.0206473941948, -0.127186169653, 0.991663936705,  
839, 1799089.3819865608, 75.44921235684534, 123.37324527493273, 67.55527335643342, 51.53281737826254, -0.16848415003, -0.158464605149, 0.972883374359, -0.0230622834921, 0.987356612189, 0.156828095207, -0.985434534745, 0.00398613613751, -0.170008495228,  
848, 1362412.4719066082, 68.77121023329485, 127.35174829395459, 94.4582539542624, 27.03803815118607, 0.247864823379, -0.519790977641, 0.8175453314, -0.592036262211, 0.586701589684, 0.552516342646, -0.766848155477, -0.620965847874, -0.16231242163,  
871, 370159.86091458384, 44.54171191366297, 140.98483114409245, 63.113794854611555, 9.931252677410841, 0.907689082428, 0.419479761863, -0.0117157598498, 0.256081259459, -0.575805685784, -0.776447165474, 0.332449873207, -0.701772428645, 0.630073440321,  
882, 2220597.6514126156, 80.93327020839196, 136.53632367468023, 90.09535977943395, 43.095372399656874, -0.277063325644, -0.769555382534, -0.575343746638, 0.0990107940483, -0.618463612289, 0.779550911061, -0.95573677142, 0.159019726722, 0.2475478747,  
898, 1294542.5287477796, 67.60973563283507, 109.31932539442097, 61.84688506572654, 45.71018080356332, -0.581663143342, -0.443314228616, 0.682012083752, -0.809986689065, 0.238599009394, -0.535716414023, -0.0747633012612, 0.864027202941, 0.497862874055,  
899, 1302002.7053434951, 67.73936051744012, 110.7506470246488, 77.22711932889773, 36.34186157185061, -0.411804232046, -0.864976693005, 0.28676226221, -0.908533431695, 0.414087993628, -0.05566091111, 0.0705994189851, 0.283454500921, 0.956383431447,  
901, 856785.6778465913, 58.91979081524534, 112.61555686424299, 92.48104882131767, 19.63959165666446, -0.422684174525, 0.905125187622, -0.0456780400014, 0.896757463611, 0.424998819177, 0.123296614538, -0.13101198443, -0.0111534044435, 0.99131804256,  
919, 2658423.441004805, 85.9366690402844, 116.26986756461073, 100.47011480249444, 54.32897007899606, -0.907743733906, 0.355809005557, 0.222263953709, 0.411749599452, 0.654080699126, 0.634539759497, -0.0803963985803, -0.66751658451, 0.74024187162,  
923, 2763449.426526224, 87.05378073988507, 108.61749921416919, 101.97151106751842, 59.56405518271163, -0.87048472944, -0.367694759334, -0.327195506952, 0.183739221022, -0.859469423324, 0.477024327502, 0.456613878972, -0.355123745093, -0.815714957079,  
924, 822445.7488027085, 58.12186618830889, 112.13833951608454, 94.09332059950377, 18.608258671382487, -0.818885068793, -0.0357259387103, -0.572844570029, -0.290657858912, 0.886433173195, 0.360214156457, -0.494919441082, -0.461475770504, 0.736270914865,  
925, 1388316.024287604, 69.20432585408295, 113.1518008274764, 58.31119791854724, 50.232673559606326, 0.284076489253, 0.669927102304, 0.685928732342, -0.550107725264, -0.472057152453, 0.688871203799, 0.785291053596, -0.573026807765, 0.234431735745,  
962, 1471191.392252529, 70.5548471448852, 121.36147229519077, 84.72711412629805, 34.15681088970919, -0.330037423392, -0.678154872415, -0.65664394323, 0.80356538343, -0.566855250166, 0.181542832168, -0.495336222896, -0.467740413455, 0.732025226278,  
968, 3371859.058621211, 93.02369823800852, 158.2340357327857, 75.09470066006114, 67.74412045065199, 0.740204324324, 0.292658140444, 0.605350122726, 0.530552954726, 0.298848036485, -0.793223432155, 0.413050990174, -0.908317710892, -0.0659379677844,  
983, 1912318.3891591532, 76.99996551414179, 105.35090202446649, 71.1815712920299, 60.878755094214554, -0.855116633106, -0.238110946356, -0.460520054949, 0.137835893512, -0.960736034312, 0.240806019097, -0.499776760409, 0.142441039028, 0.854361598011,  
995, 2039262.37452203, 78.66740645000607, 119.51681182998851, 113.96178663550839, 35.74343184056453, -0.402635747723, -0.0209034039692, 0.915121577911, 0.789032102057, 0.498866064035, 0.358554029511, -0.46401809941, 0.866426972028, -0.184367853932,  
1012, 940335.6080644687, 60.77590355824955, 110.34302854259917, 91.86776347391833, 22.1455376948514, -0.0957644860529, -0.137694508637, 0.985834360074, 0.488044596393, -0.869670907197, -0.0740606852988, 0.867549211943, 0.474038748908, 0.150484648356,  
1014, 2526700.640959641, 84.49319390500953, 107.30577785174982, 87.82527194477328, 64.0062776247406, 0.00461799887312, 0.28360328612, 0.958930576313, -0.894061423925, -0.428362939327, 0.1309937497, 0.447920578157, -0.857947765492, 0.251580578247,  
1021, 895321.1128539183, 59.7902090907978, 107.21182676891992, 55.95052618592172, 35.63225809164179, 0.512469823075, -0.306403154844, 0.802179398351, -0.774194624239, 0.239264656306, 0.585982173827, 0.371479964785, 0.921341158825, 0.114599759245,  
1040, 2085484.2105258564, 79.25732898112467, 126.09120238480268, 96.70995525338041, 40.828396934580454, -0.983705535425, 0.179772079671, 0.00232786262261, 0.169793443304, 0.924690340697, 0.340760855193, -0.0591067355271, -0.33560359532, 0.940147127116,  
1056, 1906616.36441783, 76.92335818457903, 126.54108810157457, 84.57600306490667, 42.530059000131615, 0.785760559226, 0.614390885598, -0.0714435669528, 0.137595794328, -0.0610160661228, 0.988607321973, 0.60303212265, -0.786638976513, -0.13248162017,  
1114, 481631.4018965912, 48.62676690264372, 110.77164893186855, 52.800555643058935, 19.65889359385352, -0.923880837795, -0.295699785899, 0.24291116519, -0.38191860422, 0.752497670998, -0.536549564247, 0.0241324947929, 0.588480154094, 0.808151428219,  
1115, 2454892.537343049, 83.68506519282604, 127.47271660413348, 104.56070547880825, 43.97016854122226, 0.604526940929, -0.297495909636, 0.738947468661, -0.760641492551, 0.059925665262, 0.646400366996, 0.236583383822, 0.952840541955, 0.19006105363,  
1119, 1820306.0480158043, 75.74464495963639, 110.16791199150461, 70.40587262039215, 56.02628147575078, 0.602583928007, 0.759438855799, 0.245245252778, -0.27714864661, -0.0890381257814, 0.956692656938, 0.748385754401, -0.644457009008, 0.156824507492,  
1158, 1289599.64735122, 67.52357568636735, 118.67247611844557, 61.02592029362691, 42.51106203214553, 0.88987920536, 0.241834741989, 0.386821609318, 0.167091237492, -0.961786854679, 0.21690220036, 0.424494426609, -0.128382256307, -0.896282588274,  
1195, 1538572.5478495413, 71.61595538769187, 91.61637270183422, 76.84109412990487, 52.17503351886163, 0.409107003886, 0.117884113872, 0.904839651578, 0.723190441926, 0.562809374105, -0.400301377872, -0.556441411182, 0.81813748485, 0.144996592392,  
1209, 3241493.7910243752, 91.80905734149111, 106.23461168399064, 92.13416362789587, 79.06237426998264, 0.882322549431, -0.0953317790992, 0.460889108853, -0.346892785349, -0.793546627466, 0.499949142924, 0.318075956712, -0.600995509078, -0.733233989822,  
1230, 1962385.9917683683, 77.66617945460175, 110.20637754306532, 81.22516333440825, 52.335756353468454, -0.237253620176, 0.186015266396, -0.953472097327, 0.00893924994483, 0.98187251267, 0.189331610339, 0.971406613897, 0.0363962845734, -0.234615645142,  
1248, 1513509.480530981, 71.22495422487953, 91.64508516042294, 74.36096575632172, 53.02031892831619, -0.450749990472, -0.433582928996, 0.780275778025, -0.888374792583, 0.303341913273, -0.344635911586, 0.0872620994037, 0.848521966324, 0.521915509132,  
1273, 1939866.4015413485, 77.36794661450348, 138.10221155919214, 92.66527470813735, 36.18808159572184, 0.827801087033, -0.551302505634, 0.103975514373, -0.402588055594, -0.712813550458, -0.574299312011, -0.390727805257, -0.433546294604, 0.812015635708,  
1279, 401116.3733858635, 45.75029796561995, 104.24673739635631, 61.79328911165219, 14.86544781499168, 0.499601694566, 0.269970086849, 0.823112567631, -0.726282157375, 0.648429349252, 0.228152595659, 0.472135970526, 0.711797394793, -0.520030858797,  
1280, 4277362.797153793, 100.69992787478814, 124.45408320750006, 107.47481699282814, 76.34342050928126, 0.227714156187, 0.319974610339, 0.919653473766, 0.921073952265, -0.377152682511, -0.0968433195125, 0.315862371187, 0.869121454581, -0.380603283821,  
1322, 351943.5402404742, 43.798724478225246, 109.39863566835801, 43.3258158244273, 17.726611795427374, 0.306398388045, -0.94170763098, -0.138948787533, 0.514136892679, 0.0408710628525, 0.85673380452, -0.801113776807, -0.333940554552, 0.49668946298,  
1324, 3336617.1501343115, 92.69847498559291, 114.02712761327928, 97.9072673663756, 71.35011125149067, -0.467458858273, 0.552219469189, 0.690315778228, -0.824781521122, 0.00859014530194, -0.56538628549, -0.318147227299, -0.83365452512, 0.451444874275,  
1331, 2403921.203771561, 83.10182082630196, 124.30696069512837, 69.34768562439378, 66.5739306178074, -0.465368190622, 0.00713189479295, -0.885088460683, 0.860919373488, -0.228572933627, -0.454502196217, 0.205548727825, 0.97350066774, -0.10023058615,  
1342, 2827363.970361052, 87.71981424885901, 108.66834532138024, 94.46529367515869, 65.75333375933933, 0.869426749858, 0.447029605815, -0.210384548284, -0.443353243887, 0.893835189202, 0.0670563619654, -0.218025291577, -0.0349740771045, -0.975316249307,  
1354, 1563519.736216113, 72.00095433153763, 102.65042185700227, 85.94902390716479, 42.3070818742143, -0.891007204788, 0.23522451495, 0.388298324208, 0.217513608511, -0.529556662943, 0.819913148355, -0.398489637417, -0.815008692162, -0.420674268969,  
1368, 1076023.3774623882, 63.56885160959015, 118.71308239907405, 55.78157787568461, 38.79213844230349, -0.618907383849, 0.737311197239, -0.270787460278, 0.785439323689, 0.583678214513, -0.205924283916, -0.00622246101281, 0.340135179493, 0.940355964861,  
1371, 335696.7127308766, 43.11411671382461, 124.04377063083203, 44.211958249158315, 14.61314752557655, 0.564950378571, -0.17439218503, -0.806485235793, 0.436115621029, -0.766618238741, 0.471274485968, -0.700452878392, -0.617967508717, -0.35704610812,  
1375, 2077594.6697147137, 79.15725723863119, 111.44053681223524, 87.4965846040961, 50.86720988635867, -0.0493338504266, -0.3675033057, 0.92871281433, -0.447967591612, -0.822931506678, -0.349440656166, 0.892687631855, -0.433272495799, -0.124031190902,  
1376, 2678753.209552834, 86.15517422959518, 135.5244742225755, 80.38742427772493, 58.70002017601188, -0.969804430958, 0.211596423511, -0.121269613885, 0.234994549147, 0.943769542385, -0.232543786711, -0.0652451344232, 0.254019692984, 0.964995890152,  
1388, 2151729.6884139185, 80.08780069454504, 138.7491820221098, 66.9646175800308, 55.28703227269897, 0.600884607032, 0.781965509953, -0.16573361239, -0.431016626131, 0.491581081811, 0.756685342797, 0.673173348425, -0.383246632404, 0.63242364102,  
1394, 911804.1012939106, 60.15489559132137, 118.87447577842362, 68.7998429108733, 26.61563736182359, 0.0934134687822, -0.669054009446, 0.737319914484, 0.407921037917, -0.649829010279, -0.641344434937, 0.908225935918, 0.360678513145, 0.21221842399,  
1396, 3152754.0400620527, 90.96349962082076, 107.0050312912148, 90.36485879264924, 77.8390826342454, 0.363233579597, 0.733711063261, 0.574220726117, -0.665431044439, -0.227079393458, 0.711081200823, 0.652121838118, -0.640392867477, 0.405751258203,  
1399, 2682349.6300102863, 86.19371351071494, 117.98594026302277, 111.81485163986228, 48.539693097433044, -0.169572084918, 0.433947605986, 0.884836020557, -0.941732001179, -0.335997854746, -0.0156932966875, 0.290492936182, -0.835939541393, 0.465638204149,  
1401, 2830720.544721252, 87.75451342953318, 123.69595866687362, 79.38152742143379, 68.82297243398594, 0.15789488769, -0.839103275423, 0.520552492661, -0.307393379573, 0.459203738284, 0.833451400467, -0.938391450641, -0.291612105236, -0.18542886896,  
1403, 147264.7208120181, 32.75945763888312, 133.83624327537348, 63.75245741936572, 4.120400598222399, -0.0443454461548, 0.189018969024, 0.980971615672, -0.554307546792, -0.821576596088, 0.133248040625, 0.831129728126, -0.537851025945, 0.141207821721,  
1410, 818582.449988072, 58.030717465014625, 92.44622663455084, 56.976287028320144, 37.10141612708384, 0.322633221158, 0.671152396161, -0.667429596087, 0.406207710282, 0.538722963243, 0.738087301735, 0.854928710895, -0.509246531655, -0.0988173531518,  
1416, 3627094.319947394, 95.31401116525967, 139.2950099328241, 95.20873611072074, 65.29168569364222, 0.0107554988392, 0.698141860074, 0.715878664619, 0.914898679453, -0.295789915307, 0.274715730051, 0.403540240347, 0.652001740193, -0.641910433944,  
1422, 1000067.2556703263, 62.03643979503294, 123.8971182297876, 92.86690206373282, 20.750015965269846, 0.551382004784, 0.273069699299, -0.78829615255, 0.77559630847, 0.180262522829, 0.604942798247, -0.307291801206, 0.944954158776, 0.112398339506,  
1428, 3426432.8425807515, 93.52287985562097, 123.28184854842294, 87.67203722954923, 75.6821356386248, -0.464541899494, -0.854997695211, -0.23060738236, -0.867935670153, 0.491274894881, -0.0730523793936, -0.175751233539, -0.166216481865, 0.970300770414,  
1440, 1060291.089780111, 63.25752087769549, 110.89084361842365, 57.715972705486266, 39.54984590198044, -0.793972826915, 0.280140253894, -0.5395633311, 0.60269629544, 0.246232723386, -0.759030053026, 0.0797767233122, 0.927842057724, 0.364341584691,  
1447, 1958665.712822745, 77.61706872305862, 99.9073429772146, 71.11257092529713, 65.8154602307867, -0.517958982779, -0.745689337596, 0.419125165021, -0.855264226296, 0.460353074907, -0.237903656218, 0.0155433386712, 0.481687095757, 0.876205424775,  
1449, 2357575.6370648686, 82.56430735190057, 120.82975632870348, 69.84779991767796, 66.68841488179513, -0.56005864999, -0.706126281158, -0.433266642646, 0.431320611479, -0.695043194737, 0.575219512503, -0.70731664669, 0.135279830381, 0.693831772699,  
1454, 1128346.3789916232, 64.58295962251736, 91.76596666578953, 72.53888681958088, 40.467027057434464, 0.0758998591985, 0.612222593504, 0.787034120846, -0.383250359503, -0.710767056969, 0.589855365889, 0.920520707705, -0.346401048974, 0.180687409509,  
1477, 1874732.3040407337, 76.49215291052248, 112.45320294026425, 82.58364943621, 48.19308780593824, -0.344269486025, -0.014064036327, -0.938765531895, -0.100789285356, -0.993555946561, 0.0518468997188, -0.933445253322, 0.112466812594, 0.34063349089,  
1478, 2641123.44933472, 85.74984899876482, 115.78557861070357, 78.07382443673951, 69.74935049362904, 0.722802256453, 0.678426797519, 0.131506571981, -0.416930055859, 0.276352974575, 0.865908980185, 0.551113624027, -0.680710007162, 0.482605076186,  
1479, 1075380.1469535574, 63.55618225189665, 118.14676468963842, 63.429881277921965, 34.257658298883285, 0.23823302127, 0.946049093499, 0.219627275781, 0.918461771887, -0.145947698897, -0.367596576112, 0.315710312089, -0.289292899804, 0.903679487962,  
1483, 1600442.8860089132, 72.56332760390453, 96.01379754283707, 81.36969971541265, 48.9052192774049, -0.963868966172, 0.0214955225234, 0.265508113929, 0.109612128031, 0.940446737058, 0.321784269575, 0.242779318393, -0.339260780623, 0.908823594154,  
1487, 520806.87702228146, 49.910972685029336, 103.18168702652906, 43.31380746949094, 27.820127425145415, -0.641882970744, -0.70618357241, 0.298816020199, -0.738370495651, 0.674352534659, 0.00759408658456, 0.206870159811, 0.215762418086, 0.954280522656,  
1490, 1847819.960688309, 76.12436476937718, 126.50888457056807, 64.73446995532616, 53.86596219357169, -0.38472754395, -0.627131461853, 0.677267189874, -0.266626008873, 0.777971101292, 0.568921380287, -0.883682798474, 0.0383026775616, -0.466516469776,  
1492, 3023257.4407508536, 89.70063284545675, 126.87298367072681, 81.51483889016804, 69.787990504423, 0.187903602528, -0.668291451843, 0.71977689012, -0.748362839831, -0.572035046862, -0.335751344183, -0.636117360332, 0.475565390409, 0.607611934814,  
1494, 1395634.6736696595, 69.32571867683353, 101.93717772805755, 74.03340243156741, 44.14919882360282, 0.622959023792, -0.305058143918, 0.72032047278, -0.676918849346, 0.251274802358, 0.691839464832, 0.392049647463, 0.918586143227, 0.0499657021839,  
1499, 926323.7229535253, 60.472518914203164, 114.04375602932436, 66.23733090910795, 29.275197986984082, -0.865587620868, -0.500754970798, 0.00159054089618, -0.0484409771826, 0.086893916582, 0.995039154501, -0.498409011083, 0.86121652706, -0.0994713586366,  
1500, 2878320.4741673544, 88.24365998209537, 121.06124964609371, 88.9590170539948, 63.80510232675656, -0.0990145431314, -0.171536796997, 0.980189393701, 0.989348383782, -0.122596472669, 0.0784849055372, -0.106704712907, -0.977519939523, -0.181848486599,  
1502, 1371172.4889297455, 68.9182901124435, 128.00566103167026, 66.13874835827612, 38.66502837096442, 0.548574978063, -0.136391228176, -0.824901767679, -0.326750265698, -0.943116899298, -0.0613577878146, -0.76961013332, 0.303196218868, -0.561936202388,  
1503, 3281767.1112273475, 92.18771482183703, 131.55398381013057, 85.65674569227774, 69.52701341463064, -0.312310457496, -0.0970122537656, -0.945013651096, 0.935643985597, -0.20357987002, -0.288315051182, 0.164415663348, 0.974240144493, -0.154349054108,  
1513, 522695.97707077913, 49.971246498238195, 137.90896363470767, 73.93714481152746, 12.237857102611729, 0.789227127418, -0.25963833264, -0.556514579838, -0.491780183855, -0.809967694723, -0.319538079535, 0.367794497126, -0.525870963002, 0.766933463969,  
1515, 1252980.9765026683, 66.87830989179778, 114.5303225355983, 69.51481279644376, 37.57145610317201, -0.808990096417, -0.586834269228, 0.034067056808, 0.104993039474, -0.0872310113532, 0.990639799483, -0.578369678978, 0.804994590739, 0.132182537879,  
1517, 2198510.036941527, 80.66403595941557, 118.76767779983511, 72.6117734123681, 60.860362468994985, -0.393495469671, -0.91279106267, -0.109424820118, 0.143926756819, -0.178725840301, 0.973315037735, -0.907990310532, 0.367245898436, 0.201702865775,  
1523, 3744946.265598746, 96.33534575420639, 126.20408285291057, 105.32567607055985, 67.2588319288081, 0.301747535319, 0.918212779723, -0.256580817836, 0.323167020845, 0.154683875985, 0.933614468155, -0.896945651401, 0.36463432321, 0.250060610193,  
1525, 2178541.405389628, 80.4190743182173, 105.94652287628368, 99.30267186048455, 49.43443416036372, 0.0412496176893, -0.994214561713, 0.0991759765227, 0.999145745554, 0.0407974510296, -0.00658385375704, 0.00249963623193, 0.0993628364543, 0.995048128761,  
1529, 2620587.3106088904, 85.52702024063316, 119.16226828481923, 78.70564523139484, 66.70607375100148, -0.304271548026, 0.919759446937, 0.247914067436, -0.264703813187, -0.331641256627, 0.905508679245, 0.915068694878, 0.209896728592, 0.344372831362,  
1531, 1560075.6839657533, 71.94804862518956, 139.65142777786505, 72.25687689104026, 36.909018111476165, 0.824306861343, 0.530296648665, -0.198251513885, 0.380369003788, -0.259382539855, 0.887716237869, -0.419329964705, 0.807159316637, 0.41551921528,  
1532, 1924145.0378610566, 77.15837370184003, 106.3621196041715, 101.8008757422547, 42.42391054139559, -0.192367286498, -0.282040483688, -0.939919141547, 0.98122968257, -0.0420741809725, -0.188196900452, 0.013532816771, -0.958479487969, 0.284840190306,  
1533, 2595947.5063036988, 85.25812268916569, 117.00487517192381, 81.83890052763016, 64.72075174995187, 0.333853645267, 0.434852880489, 0.83632811496, 0.570901747186, -0.799277001364, 0.187689824312, 0.750075288622, 0.414800250025, -0.515099809724,  
1535, 927230.7967219761, 60.49225108760233, 136.2382037529077, 73.97079411556538, 21.965447134251374, 0.748876289502, 0.653614619959, 0.109417693253, -0.268146693753, 0.14786562008, 0.951962766618, 0.606037666858, -0.742242337093, 0.285997656241,  
1542, 1176489.3257246816, 65.4887137499585, 105.67784823354013, 78.22352309614963, 33.9764537477325, -0.969473706065, 0.23817094226, 0.0582695075599, 0.240359095731, 0.97009275003, 0.0338756762028, 0.0484586251108, -0.0468471834996, 0.99772596591,  
1544, 2403895.8123811814, 83.10152823792596, 104.25240578521021, 92.62415698350337, 59.43149807513686, -0.193634574844, -0.211737168998, -0.957952515885, 0.979437887133, 0.0146422687944, -0.201213889213, 0.056631057495, -0.977216954023, 0.204548155938,  
1546, 2867884.6427128594, 88.13688345830775, 125.4946504012847, 93.61464976426271, 58.27791949171232, 0.417348288446, -0.332049273423, -0.845909975204, 0.780704118035, 0.607427494645, 0.146740992338, -0.465103737046, 0.721647503126, -0.512741060397,  
1548, 633650.4009931828, 53.28279951739985, 103.2998779248805, 69.67129898401451, 21.01877439189236, 0.864037981063, -0.036058675479, -0.50213358701, 0.297442544194, -0.768153850127, 0.566981124411, -0.406160436507, -0.639249117683, -0.652988717635,  
1557, 1521997.0229166702, 71.3578458703939, 107.43544745720716, 88.44933739655515, 38.23692972471596, -0.661451343544, 0.077821082654, -0.745939675322, -0.207172608005, 0.936943184972, 0.281455109436, -0.720806236527, -0.340707128235, 0.603619931872,  
1559, 1719631.1529816012, 74.3216880253976, 111.72198693852418, 85.80425472627974, 42.825182318741994, -0.228760053816, 0.769771247398, 0.595920350767, 0.852286711689, -0.137431245512, 0.504697943165, 0.470400041301, 0.623349724823, -0.624627026078,  
1564, 2761548.791966746, 87.03381832507658, 125.5552763676975, 101.83458511088148, 51.56248563403889, 0.506334851418, -0.166825972248, 0.846046164948, -0.580317692408, 0.65978647027, 0.477402544534, -0.637852956502, -0.732701104566, 0.237260821143,  
1574, 1209211.4262263216, 66.09032350042195, 103.31636631211023, 74.13212211372365, 37.69103619306907, -0.985767334829, 0.164933586505, -0.0325526285573, -0.103750899105, -0.444483579999, 0.889758449269, 0.132281943282, 0.880472179659, 0.455269401924,  
1576, 2572823.495475594, 85.0042150395071, 116.31308798771924, 87.36336274898684, 60.445427791121766, -0.138202020083, 0.309023384477, 0.940959483448, -0.793034696113, -0.603662840048, 0.0817749735979, 0.593292653255, -0.734912051468, 0.328493689744,  
1599, 2452031.4906048845, 83.65254239022804, 119.90379351003091, 83.25236738414078, 58.64188453898046, 0.586828197593, 0.32634186673, -0.74103552717, -0.554796368812, 0.828651263228, -0.0744182309885, 0.589774241267, 0.454794535994, 0.667329209887,  
1609, 1036590.4821485027, 62.782634520778, 94.69474147905973, 69.45045858687143, 37.62856245775292, 0.861866056553, 0.438359563513, -0.255005477665, -0.341389173628, 0.873339832619, 0.3474636224, 0.375020443033, -0.212410992743, 0.902353166709,  
1611, 1752434.834176608, 74.79130125248801, 131.62316414603495, 87.61824154608031, 36.276585970252796, -0.594952866286, -0.0625829085464, 0.801320451789, -0.00342110884482, 0.997152241601, 0.0753372622589, -0.803753309736, 0.0420807156339, -0.593472687206,  
1612, 2048125.9562739506, 78.78121675094474, 150.1305354597838, 79.95201516682813, 40.73517666456692, -0.335781589675, 0.933121861811, 0.128585827546, 0.939861701022, 0.322841216724, 0.111505747549, -0.0625356457367, -0.158294471774, 0.985409637267,  
1613, 675217.9935704253, 54.4233326520081, 96.26420337427845, 71.55128274129339, 23.403087294063067, -0.123377174891, -0.612680221089, -0.780641415378, -0.990540983898, 0.0284268438755, 0.134240358187, 0.0600552406957, -0.789819511809, 0.6103920927,  
1624, 3634841.939033457, 95.38182775332572, 115.87621409851674, 96.80980310518461, 77.3540909347405, 0.0696726911774, -0.352144490643, 0.933348795367, -0.520460012551, -0.811022411119, -0.267140457433, 0.851038830747, -0.46715833116, -0.239783240008,  
1626, 2015939.5417101716, 78.36635214418895, 115.62799371556937, 68.4971931416075, 60.76494770465887, -0.115120914602, 0.897161372451, 0.426437154576, 0.94222641921, -0.0373254743774, 0.33289064857, -0.314573600234, -0.4401230291, 0.84103220467,  
1634, 1572945.9560331726, 72.14535874535191, 112.29335604340935, 62.0351122307003, 53.90555950613384, -0.64115229267, 0.626674516079, -0.442947839481, -0.0768796214309, 0.521840773461, 0.84957149844, 0.763553050818, 0.578758376225, -0.286400908757,  
1635, 2276713.1373130903, 81.60934673170411, 117.9566316690388, 72.14434994812409, 63.8697207265882, 0.257223364643, 0.643787259133, 0.720676144784, 0.805399942288, -0.554937237808, 0.208268084586, -0.534010368481, -0.526861107952, 0.661249044826,  
1639, 1230686.8167882566, 66.4792808941215, 111.86022803342824, 66.27701616302058, 39.62965493528785, -0.497849961267, -0.26242634563, 0.826606211679, 0.127403875517, 0.920649566636, 0.369015755701, -0.857854106809, 0.289027314577, -0.424911217619,  
1644, 1074075.6155332718, 63.53047209234861, 109.06220315137763, 79.88946278064883, 29.42947267784746, 0.451581770035, -0.260963624908, 0.853212688283, 0.0850985841446, 0.964508241008, 0.249964165442, 0.888162223892, 0.0402720685285, -0.45776197368,  
1647, 861566.4887666603, 59.02917720269588, 124.1733437776786, 45.78722165480992, 36.17658113319037, -0.0170381360223, -0.99226653194, 0.122950524651, -0.994009896298, 0.00353314766197, -0.10923297547, -0.107953823385, 0.124075164552, 0.986382950764,  
