# Void_ID, Void_Volume, r = (a*b*c)**(1/3.0), a, b, c, vector_a, vector_b, vector_c 

0, 2129336.889138629, 79.80900987257199, 132.72541037848393, 113.2148668896391, 33.82970662632689, -0.818444186969, 0.351637010239, -0.454423289288, -0.280228328048, 0.44615833154, 0.849949896969, -0.501618577184, -0.822978830972, 0.266617041457,  
20, 2221071.0739224986, 80.93902134920161, 126.59873988531939, 85.3202484634523, 49.08992317302898, 0.0242763752647, -0.920812272038, 0.389249813446, 0.173667428082, -0.379559956374, -0.908721004456, 0.984505094973, 0.0896604660978, 0.150700759095,  
27, 1477323.749692056, 70.65274235429709, 127.33252971901878, 62.31803012488716, 44.446133484845056, 0.524861337948, -0.237064703003, -0.817508961735, 0.458837410388, -0.730145523778, 0.506315854913, -0.71693012683, -0.640849312005, -0.274451002087,  
28, 1904415.7348343725, 76.89375163645417, 112.46361898437554, 65.58158684257918, 61.64234847700024, 0.296399474928, -0.329359636713, -0.89647620212, -0.813580920352, -0.578712132549, -0.0563768895883, 0.500233382835, -0.746066014066, 0.439490688586,  
29, 1184551.1947461395, 65.63796005502084, 107.1005842116018, 82.57193915648874, 31.977234523639, -0.523153896201, -0.355609805358, 0.774500914927, 0.432099404331, -0.893992963846, -0.118603058012, -0.734574778812, -0.272613732093, -0.621354687283,  
31, 2004488.8835513005, 78.21769512573044, 123.17578630634696, 81.58569408457416, 47.61849736851845, -0.163196704771, 0.595659400264, 0.786483766158, 0.98135880291, 0.0159975022056, 0.191517570666, -0.101497465499, -0.803077803703, 0.58716633563,  
33, 1515919.1471749954, 71.26273339433126, 109.13057037809078, 67.58731077900818, 49.06545576890402, -0.388780236998, 0.31370216266, -0.866279908841, 0.0438873313094, 0.945487093732, 0.322688793945, 0.920284645895, 0.0874363124205, -0.381354247125,  
36, 1080432.2803905471, 63.6555557274817, 111.94115326398878, 83.64419717369465, 27.54757334009421, -0.951655479613, -0.154120911977, 0.265703956717, -0.286303827865, 0.758418667651, -0.585517926889, 0.111274283972, 0.633283403422, 0.765878687964,  
37, 574631.3073562388, 51.57432565009063, 110.73391833805493, 62.04636257654201, 19.96657989529208, 0.915590795479, -0.347735291376, -0.201924892885, -0.194898603227, -0.823000194704, 0.533559007024, -0.351721522933, -0.449166836096, -0.82130452553,  
51, 906317.519099495, 60.033996452530445, 131.9582828251507, 87.67937603485404, 18.70069123643972, 0.487922153524, 0.426526182675, 0.761582160764, 0.788153374129, 0.159715765202, -0.594394762086, 0.375161606445, -0.890261922043, 0.258239189921,  
52, 1413608.0318469566, 69.6220486301777, 124.54058601477311, 101.85104128825613, 26.605046139208543, -0.150311692134, 0.809500519849, 0.567552027194, -0.39841981111, -0.5749924821, 0.714594500149, 0.904802768189, -0.118712062963, 0.408949137161,  
55, 1853193.3120240574, 76.1980817465339, 109.07929350670257, 73.9426279190493, 54.85230941912331, 0.427037980835, 0.0706782718728, -0.901467217823, 0.784375778721, 0.467051100117, 0.408188568722, -0.449881318439, 0.881401073158, -0.144010234201,  
57, 514675.3469428766, 49.71432939857105, 124.8493481730204, 55.112502945276574, 17.856993573365415, -0.703885864145, -0.694018987617, 0.151269081718, -0.678259664762, 0.593452746961, -0.433333202375, -0.210970418337, 0.407616832272, 0.888448085504,  
58, 1264976.531192756, 67.09105476438134, 83.79405436734804, 72.9268386288508, 49.418921961737716, 0.521898347048, -0.350689411111, -0.777585398708, -0.050516430302, -0.922687589795, 0.382224674647, 0.851510543457, 0.160201587301, 0.499264705149,  
66, 1690295.8657966459, 73.89664250198864, 108.74408403211092, 88.50885277904473, 41.92583963567706, 0.155005775852, 0.237601470177, 0.958915403371, -0.967978013968, -0.157484243959, 0.195492397242, 0.197463348314, -0.958511478426, 0.205582031798,  
67, 674439.2503113257, 54.40240207473772, 143.5802792972909, 73.94651749083334, 15.164975329584706, -0.484494163876, 0.0956113736483, -0.869553834101, 0.872233018841, 0.128809624294, -0.4718237399, -0.0668951867819, 0.987049414122, 0.145802908294,  
68, 575386.054893701, 51.59689581231292, 163.3018645735983, 61.80884743978542, 13.609085230114687, -0.0138132373831, 0.842235950685, -0.5389320902, 0.998344994158, 0.0417087691013, 0.0395935754977, -0.0558253268117, 0.537493238984, 0.841418178394,  
80, 2877412.8486003196, 88.23438366712186, 117.08048331269809, 93.75521465716884, 62.57972209536649, 0.343550617228, -0.934439097616, -0.0937899048337, -0.569501219244, -0.286701886313, 0.770370293862, -0.746753864859, -0.211247724795, -0.630660815405,  
84, 315388.86152775754, 42.22658052709777, 108.13342376060383, 33.002085408062, 21.098734359448606, 0.588692186762, -0.163570119262, -0.791635222391, -0.500426933823, -0.842836579555, -0.197988343264, -0.634834146175, 0.512709777797, -0.578026202349,  
88, 198238.21653130648, 36.17147822717075, 143.05887317914912, 41.895805543815726, 7.896114320893054, 0.694164423877, 0.507191855579, -0.510776050983, 0.545158048363, -0.833800614557, -0.0870588161506, 0.470040907719, 0.218020542148, 0.855294445365,  
92, 927512.0594082312, 60.498366966211385, 103.22931641496167, 68.48824710960736, 31.31928603782519, -0.965690863702, -0.0729002592394, 0.249252297815, -0.193702041292, 0.841490650617, -0.504354046404, -0.172975937524, -0.535330773567, -0.826740762216,  
96, 2930091.7279124754, 88.76958761744078, 116.01619271961185, 102.90520496458907, 58.591775129199505, 0.396165897645, 0.270759958186, 0.877349204471, 0.709262151413, 0.516573141783, -0.479686762129, -0.583095002651, 0.812306121011, 0.0126088719538,  
97, 1067595.4332656234, 63.402448899810864, 132.93937324075847, 53.0292557686044, 36.15338275476467, -0.4576241233, -0.669597996673, 0.58499460222, -0.847780861569, 0.13025380253, -0.514102672318, -0.268044348069, 0.731213012588, 0.627279648713,  
99, 815339.9993252794, 57.95399510748957, 158.97985322441224, 40.26335242492486, 30.408718284921612, 0.419384761815, -0.321634933295, 0.848921310394, -0.645708822254, -0.76299759563, 0.0299129725422, -0.638103861781, 0.560701024386, 0.527672078882,  
100, 839465.7554675412, 58.520063910302966, 112.62000088802597, 52.53908280453298, 33.87009088106067, 0.302145558542, 0.169411291386, -0.938087349773, 0.59677503038, -0.800997921679, 0.0475593584962, -0.743348925181, -0.574196955596, -0.343118393001,  
108, 2029947.9172404944, 78.54745087787659, 120.39565953800842, 71.39579817266797, 56.37840727634689, -0.0471962687379, -0.650680820562, -0.757883224494, -0.983817686829, -0.101008298852, 0.147986765101, 0.172844644983, -0.752603343944, 0.635384084932,  
114, 2455126.636048487, 83.68772517928736, 121.74009950852046, 74.3749817542684, 64.73285536396588, -0.865924107018, 0.408934398694, 0.288007115278, 0.478668725554, 0.844555615242, 0.240004299836, 0.145092012401, -0.345685507837, 0.927065174413,  
116, 941074.4874911887, 60.79181784378362, 122.36439100725103, 51.22070254063246, 35.84551352651397, -0.436794917276, 0.890022900943, -0.13065005181, -0.151368966443, 0.07044653946, 0.985963853839, 0.886734253449, 0.450440363283, 0.10395115625,  
119, 949847.929385947, 60.98015028440671, 145.88815560299827, 68.21617859271554, 22.785473096920434, -0.275095887399, -0.947846154847, -0.160965584763, -0.957232313154, 0.254428687459, 0.137740123611, 0.0896021840759, -0.191973200576, 0.977301252874,  
124, 1495252.2287224906, 70.93740267647377, 135.2875274821713, 66.63817754378853, 39.59542220431168, 0.481081467352, 0.196726089802, 0.854318130067, -0.512266582222, -0.727740308854, 0.456044944724, 0.711437678584, -0.657033399806, -0.249326173978,  
127, 3928913.72854377, 97.88766321630192, 137.94030052538503, 97.24263518850067, 69.92556693385848, 0.762870188632, 0.516395702143, 0.389055978113, 0.541802930838, -0.182222961268, -0.820514702197, 0.352815333329, -0.836737874842, 0.418797169729,  
131, 1829270.3287939257, 75.86877879413221, 106.54265584449422, 98.19396364364532, 41.74274178820302, -0.745710853111, -0.287811822725, -0.600899058289, -0.278108632267, 0.954019406351, -0.11181485127, -0.605450999017, -0.0837336671005, 0.791465577762,  
134, 1400029.4692102633, 69.39841036402305, 125.1796809367939, 89.28209839346053, 29.905449788828964, -0.283395869054, -0.480834678174, 0.829749838004, -0.502693292721, 0.811309421383, 0.298456824731, -0.816692252232, -0.332528246981, -0.471634106171,  
137, 366870.9862367949, 44.4094013998776, 104.99425242135639, 31.915870019062773, 26.136807819684453, -0.589650810983, 0.737742858294, -0.328705637529, -0.39161371757, 0.0947856381282, 0.915234603266, 0.706364365832, 0.668394462755, 0.233019794956,  
138, 2788468.8281342112, 87.31571102497215, 112.0042360199353, 82.60753674056576, 71.94871872648945, -0.512841156551, -0.831240934822, -0.21455175698, -0.836513629109, 0.427681040549, 0.342540327362, 0.192973823254, -0.355144246513, 0.914676810522,  
142, 658243.8224363766, 53.96341110226087, 125.51665412885006, 86.76069448098279, 14.430248470298839, 0.720418780941, -0.647032073826, -0.249692361733, -0.57217217605, -0.757953069309, 0.313250930851, 0.391938491375, 0.0828048317763, 0.916257375858,  
143, 1455528.3344949668, 70.30356557559621, 111.07349815620834, 73.16672037017287, 42.75707784436217, 0.194604884536, 0.459632742559, 0.866525637752, 0.250053284448, -0.87747408266, 0.409283018457, 0.948473665344, 0.137029107229, -0.285693419456,  
145, 299486.2208149144, 41.50458528634371, 130.39762155322057, 32.7707041800273, 16.731419670037734, -0.202179673792, 0.113773759982, 0.972717282177, 0.405201154439, -0.894510281082, 0.188847508533, 0.891591500602, 0.432327293352, 0.134750537944,  
147, 346271.54679052415, 43.5621593379649, 119.65474836337194, 100.7782201981612, 6.855380671398667, 0.525177116134, 0.354171705077, 0.773790281673, -0.502042381181, 0.863135067509, -0.0543258937745, -0.687126221438, -0.359944799322, 0.631107991752,  
149, 1274803.1523192872, 67.2643329632921, 127.92209979549972, 53.37013636565644, 44.57697843941553, -0.820387851303, 0.570287133665, -0.0416696365567, 0.0185438325964, 0.0993698199984, 0.994877763922, 0.571506692618, 0.815412916288, -0.0920971022514,  
156, 3663026.760490137, 95.62772575342187, 137.60031883750042, 97.2884991863897, 65.32366426996309, 0.53577061917, -0.598180569454, -0.595927722095, -0.790549329759, -0.603301185669, -0.105163855901, 0.296616926104, -0.527453965477, 0.796122298049,  
175, 752184.8586782826, 56.41726031903571, 98.02038813305059, 77.26380397479578, 23.710650748920692, 0.289605970964, 0.578504825263, -0.762535604893, -0.957145787755, 0.175512304739, -0.23036356454, 0.000567947808949, 0.79657240602, 0.604542868126,  
176, 3352811.947579483, 92.84820854934358, 116.93531623644402, 88.48832853029428, 77.3550907402579, -0.321140026571, 0.864474604299, -0.38672049578, -0.0954329418687, 0.376731097572, 0.921393636687, 0.942211036308, 0.332802251561, -0.0384840800254,  
180, 1717571.0853071075, 74.2919977655636, 118.51830960730074, 91.94010065921044, 37.63012729625218, -0.988843262429, 0.100872560041, 0.109607157518, 0.148910601406, 0.650506771192, 0.744759406401, -0.0038255898018, -0.752771988894, 0.658270231439,  
187, 2063657.5098826252, 78.97985601442474, 123.38874603818523, 80.0618305475407, 49.87098506951296, 0.808268060237, 0.307271160474, -0.502281969358, 0.507595348015, 0.0687097522114, 0.858851519545, -0.29841197274, 0.949138242772, 0.100433513496,  
190, 1031325.1661323678, 62.67615347946175, 124.66309317252129, 57.33067264798135, 34.44943236771477, -0.545282163134, 0.546976220018, -0.635204201263, -0.227721032359, 0.632615028262, 0.740230610985, 0.806728265273, 0.548283905246, -0.220395701543,  
193, 2789541.539443134, 87.32690624215951, 125.67599264167006, 80.28083174766408, 66.00548645822727, -0.638326294659, 0.318043855158, 0.700990476214, 0.260858790956, -0.767394741637, 0.585711534536, 0.724218359839, 0.556734601676, 0.406883706443,  
195, 1430603.520247947, 69.89995454899173, 128.87092613608507, 73.77187744484333, 35.9240170928848, 0.198890689652, 0.67677668185, 0.708812962969, 0.77210313387, 0.337231110637, -0.538638959496, 0.603572070459, -0.654406984164, 0.45546926882,  
209, 1431646.0552857013, 69.9169300086671, 130.55286758233498, 82.47576712429523, 31.741998914526093, 0.608109502799, 0.793051640464, -0.0356641018864, -0.551863074512, 0.454607142536, 0.699127665699, 0.570657497626, -0.405464476264, 0.71410683997,  
215, 1070152.3009477432, 63.45302437108808, 120.37072136415586, 69.68672059001614, 30.45692751399295, 0.2901807777, -0.784318447855, 0.54830619968, -0.637611983668, 0.268796657921, 0.721941351478, -0.713614794225, -0.559100106461, -0.422091218125,  
223, 2031026.7997702062, 78.56136395465766, 128.3840852775744, 79.28978741633408, 47.63197618068075, 0.242622294081, -0.883671070602, -0.400324694962, 0.278726034452, -0.331759782726, 0.901247604315, -0.929218069203, -0.330243676014, 0.1658098137,  
224, 1879493.8426104034, 76.55685768907475, 103.64034182918572, 88.84870698552706, 48.72730019431887, -0.996626329938, -0.0417283101988, 0.0706732382308, -0.00247953423017, 0.876018850466, 0.482270490014, 0.0820354215207, -0.480468231787, 0.87316691867,  
246, 571288.2366297193, 51.47411527120841, 117.10197410760179, 71.06754647017124, 16.388195406684794, -0.194636813559, 0.0486261070089, 0.979669338361, 0.680110688709, -0.713004326983, 0.17051182014, 0.706799803277, 0.699471465766, 0.105705755131,  
248, 1804573.592437261, 75.52579918068959, 115.03593938135147, 99.34171033814397, 37.698217200268815, -0.533478847861, -0.449139039696, -0.71671084958, -0.834439938064, 0.140982362884, 0.532760699676, 0.138240039962, -0.882268721182, 0.449990660986,  
258, 2155930.11154573, 80.13988034480047, 128.00489584193238, 73.04934957797407, 55.043131669488254, 0.261695928848, 0.710392403744, 0.653343610612, -0.592436549562, -0.416163629848, 0.689801977335, 0.761927933317, -0.567583003529, 0.311954096843,  
262, 1826279.5165646477, 75.82740837373102, 142.36227012956218, 86.13504960891842, 35.555257309355326, -0.51144431024, 0.842139742583, 0.170954296483, 0.853195333323, 0.473947769855, 0.217787131496, -0.10238379129, -0.257243397218, 0.960907588621,  
267, 1267065.510089665, 67.12796578369081, 106.45403330249763, 73.35581585907599, 38.73591222297905, 0.516346552555, -0.847365723989, 0.123925653004, -0.222655423275, 0.00689712714078, 0.974872808177, -0.826928533883, -0.530964932406, -0.185109266122,  
268, 2429863.3150003026, 83.39968525923388, 130.7893760407727, 89.56736427521292, 49.518898175489866, -0.965384356531, -0.0211721159213, -0.259970740032, -0.228969621867, -0.408574554761, 0.883538196947, 0.124923802486, -0.912479355771, -0.389583712266,  
274, 1469168.4423197464, 70.52249368553191, 131.4582611988875, 108.46371811972719, 24.5986124566433, -0.662676824311, 0.733856733522, 0.149377780091, 0.740625358393, 0.612602810448, 0.276028757807, -0.11105631466, -0.293550832558, 0.949470591266,  
279, 1327940.9325001945, 68.1862358247709, 140.0860938394178, 82.52384514244277, 27.423044442945695, 0.277368679191, 0.677292441505, 0.681426125477, 0.890084788321, 0.0858553471502, -0.447635933505, 0.361684510869, -0.730687216287, 0.579034115188,  
284, 2489992.2718561674, 84.08201869413108, 110.75000965603141, 86.46873406830055, 62.073540399045626, -0.316080435568, 0.703329794154, -0.636726282563, -0.622774097349, -0.660111280818, -0.420006572102, -0.715713337813, 0.26378077563, 0.646663838857,  
288, 1257216.8439729412, 66.95358877482974, 109.18660219343134, 85.66784595933969, 32.08738929450221, 0.31093772133, -0.595019305118, -0.74112735747, 0.0785011151581, -0.761038203109, 0.64393977073, 0.947182827322, 0.25840448902, 0.189925805727,  
290, 1148476.0857294379, 64.96475162654627, 125.62010782873426, 80.56430523500757, 27.09140439799438, 0.227840948444, 0.411602753716, 0.882423750443, -0.905615571567, 0.422503948772, 0.0367539087263, 0.357699509011, 0.807510734545, -0.469017563475,  
291, 1708709.0171789117, 74.16400377322705, 114.87411108805277, 88.19830321865362, 40.262163494280045, 0.641772841371, 0.0156383647363, 0.766735326972, -0.196481923995, -0.963068674229, 0.184102097384, -0.741297830579, 0.268801358379, 0.614998663505,  
300, 552703.587751619, 50.90978052873006, 110.1876658214729, 98.51204935267893, 12.155738181457986, -0.637035116203, -0.198804482533, 0.744757033165, -0.770324524106, 0.199336518984, -0.605693882882, 0.0280426155199, 0.959552880213, 0.280128330932,  
301, 577616.1089907493, 51.66346881672855, 135.36102820368674, 57.94922584339156, 17.57961680573823, -0.107975372902, 0.993256645654, 0.0422203116009, -0.198688677971, -0.0631719783269, 0.97802459601, 0.974096570209, 0.0972138725664, 0.204169867728,  
302, 1024969.8300275748, 62.54714501131674, 115.69153329999135, 83.57009726249497, 25.30870876258188, -0.0470062641868, -0.908825379069, 0.414520013374, -0.944304763588, -0.0948766522885, -0.315098293103, 0.325697596849, -0.406244816842, -0.853748337742,  
305, 1182007.6568512006, 65.59094582744412, 118.18628016790859, 80.76318248551951, 29.563183069331448, 0.602130080623, 0.126842809454, 0.788257741921, -0.636217665172, 0.672709983262, 0.377741129536, 0.482355106257, 0.728952796901, -0.485758552532,  
309, 396982.11154298444, 45.59257375870529, 153.94056752386302, 63.03270882482601, 9.767046907990023, 0.678684589089, -0.353018119645, 0.644022853427, -0.625171734299, 0.18249374623, 0.758851985054, 0.385418644032, 0.917646031861, 0.0968412569262,  
315, 1772143.0595187838, 75.07062926928604, 119.981716104019, 80.27822298384118, 43.92354145281791, -0.207269360726, 0.490674067675, 0.846332305549, -0.547912136065, -0.774926203936, 0.315089938915, 0.810451542819, -0.398407251144, 0.429464735431,  
320, 326738.2469192278, 42.72713652972764, 107.50596485159512, 36.41270255775483, 19.926264481939267, -0.246061005484, 0.954748033698, 0.167063382376, 0.941456607996, 0.276410449287, -0.193019995818, 0.230463526054, -0.109788231043, 0.966867678374,  
323, 698273.2370758309, 55.035839557011165, 165.08530187190658, 90.52728629292757, 11.154468404109737, 0.396198788422, 0.659529429558, 0.638785920008, -0.589627360786, -0.350545863427, 0.727638078338, 0.703822488605, -0.664934981168, 0.249990750534,  
326, 787600.6031309783, 57.289162960401626, 146.8171247190194, 77.93998404054562, 16.43162078868284, 0.401032823931, -0.760384154163, 0.51087044564, 0.419850263627, 0.648224344691, 0.635240863833, -0.814185746782, -0.0402633462184, 0.579206727075,  
329, 1651249.17593585, 73.32318725418943, 116.95586795725873, 82.88969014560692, 40.6631924684171, -0.975567985722, -0.145990209167, 0.164176624588, 0.0523111440668, 0.571435434564, 0.818978075611, -0.213379121379, 0.807557058636, -0.549837201003,  
331, 968199.6956605633, 61.37037506693247, 106.74605546772045, 79.60740387530709, 27.20013350368179, 0.530273222451, -0.487410741822, 0.693715415936, 0.363647866445, 0.869896766522, 0.333226416757, -0.765878932196, 0.0755670851061, 0.638528837929,  
332, 1165806.7287459204, 65.2898968955114, 95.05473453942119, 62.052749152502166, 47.18491401690884, -0.96197171777, 0.269259635264, -0.0459310682175, 0.0647487175946, 0.388145168235, 0.919320908032, 0.265363934588, 0.881386735317, -0.390818890315,  
336, 1272482.683193768, 67.22349538814582, 122.83517084756431, 96.95090455130264, 25.50872030718056, -0.807967572042, 0.287398060937, 0.514383861622, 0.397671195664, -0.378205540684, 0.835953461106, -0.43479423026, -0.879978933592, -0.191287881915,  
339, 3339400.952197161, 92.72424784285553, 122.86487766366514, 93.38258842018344, 69.48423766249951, 0.471983570073, 0.307175789547, -0.82636223528, 0.433895533362, -0.896890468219, -0.0855695865791, -0.767441317437, -0.318167443863, -0.556599768196,  
348, 2805415.7551081497, 87.4922410439234, 97.77981986127459, 86.96379491107317, 78.76275638974228, 0.249084075699, 0.910268177206, -0.330709795438, 0.845168907516, -0.371045618333, -0.384726743137, -0.472912931735, -0.183676331304, -0.86175191576,  
353, 1934433.2453715415, 77.29564864815453, 125.4549295058304, 105.07517601683831, 35.03299613590155, 0.453076098805, -0.332947705759, -0.826963042658, 0.103249291302, -0.901796862016, 0.419645092314, 0.885472547591, 0.275514509395, 0.374205989497,  
354, 2806367.7542605535, 87.50213656111491, 109.35135542323316, 81.23202222674529, 75.423127486705, -0.784041400957, 0.0318196536117, -0.619892402946, -0.0252626757587, 0.996221846579, 0.0830892869918, 0.620194226674, 0.0808055817584, -0.780275322663,  
356, 1319793.5708206438, 68.04650120840792, 129.994572325229, 79.50665422897599, 30.48517564104041, 0.232949097034, 0.97243432694, 0.0103052403962, 0.898884182575, -0.219349894741, 0.379332110418, -0.371136018877, 0.0791018550081, 0.925203194994,  
368, 1633980.3720967816, 73.066685776789, 128.90990692052395, 67.84948709971856, 44.599024764373254, 0.767910039138, -0.531774321462, 0.357113767343, 0.368813689705, 0.822874827923, 0.432265520087, -0.523727633486, -0.200232586269, 0.828019490905,  
377, 1820942.5787503854, 75.75347281137537, 105.6259662979573, 91.22473897772127, 45.11534858774503, -0.572473635255, -0.57746294354, -0.582074295752, -0.802640799477, 0.24969987463, 0.541680458966, 0.167456513618, -0.777294359588, 0.606441913624,  
383, 1963721.6352570413, 77.68379590070015, 103.25512168508426, 80.44277751365624, 56.44073430956599, -0.792103191401, -0.510882049854, -0.334024048997, 0.0476564593535, -0.597324854308, 0.800582213335, -0.608523948628, 0.618225322647, 0.497489753044,  
386, 3344183.3557158452, 92.76849063329489, 114.9108326538464, 96.24269186224706, 72.18928471054517, -0.433868381438, 0.643537416173, 0.630569442309, -0.544010552831, 0.37077699702, -0.75271305083, -0.718199656082, -0.66961482396, 0.189222729968,  
389, 1264855.7727194647, 67.08891979165877, 98.12263715431895, 87.2566485316234, 35.2683106943094, -0.261553136603, -0.906944215507, 0.330215303539, 0.860450918723, -0.374099979181, -0.345938465692, 0.43728042856, 0.193652770534, 0.878228006421,  
399, 1027086.7459322659, 62.59017586980244, 117.38086093114032, 73.99343433546899, 28.231115570169628, -0.83211074125, -0.175445213756, 0.526128017944, -0.542762351492, 0.0625772777885, -0.837551857563, -0.114020805551, 0.982498377238, 0.147296281782,  
400, 2473706.6695979754, 83.8983069415167, 117.82596397810401, 96.89313728409272, 51.72798615959199, 0.716872652556, 0.423713994572, -0.553678653029, 0.429011919335, 0.357916453246, 0.829363964472, -0.549583818071, 0.832083086777, -0.074802163171,  
404, 1922675.5232613557, 77.13872614726685, 120.85753791001788, 79.02437913406297, 48.05986573359464, 0.49854395845, -0.811185835515, 0.305665604466, 0.488577532691, 0.55420867621, 0.673902617418, -0.71606278778, -0.186628731639, 0.672624561314,  
407, 2918191.8317683963, 88.64925211869618, 101.35310760428955, 90.68430659422977, 75.7976990904976, 0.714830448997, 0.553749176715, -0.427058870033, -0.46223335134, 0.832416434973, 0.305652102391, -0.524745422177, 0.0210885768743, -0.850997951719,  
409, 4067327.9327231334, 99.0239379757269, 137.20247679503623, 98.72014749917929, 71.68905127619588, -0.0562862516177, -0.111494112057, 0.992169804446, -0.940116687953, -0.328682502735, -0.0902686292588, 0.33617327513, -0.937836273223, -0.0863171693023,  
417, 1549725.8851589635, 71.78859041491607, 122.70520487288204, 101.03659040039298, 29.84177220815815, 0.859751819031, 0.280278372134, 0.426931895958, 0.392934575696, -0.897014685727, -0.202403243086, -0.326234928993, -0.341772859811, 0.881341070983,  
419, 483186.6403776592, 48.67905098188136, 103.15207681010048, 56.835280607767025, 19.67570596801171, 0.373551019738, 0.51257668517, -0.773126624476, 0.371876070247, 0.68080139168, 0.631044890213, 0.849804579907, -0.523234753153, 0.0636990507196,  
421, 2803182.4533611657, 87.46901828902958, 117.90303414588676, 98.9265144206426, 57.37531300830018, 0.114018517578, -0.988796567508, 0.0963385993932, 0.686587950545, 0.00833910818649, -0.726998930839, 0.718050669393, 0.149036261891, 0.679846621545,  
427, 1147652.6244923861, 64.94922126531574, 107.93756663246677, 70.90676804455588, 35.798228130873156, 0.259794749551, 0.96041958784, -0.100503250691, 0.395770366924, -0.0109624261319, 0.918284074717, 0.880836253097, -0.278341589611, -0.382953593432,  
428, 2394364.584230022, 82.99155276283798, 106.29167072981825, 92.0167177930789, 58.44343037912238, -0.804559118322, -0.151715014605, 0.574166508487, 0.317707236758, -0.926791028958, 0.200301024347, -0.50174369636, -0.343570870398, -0.793859131192,  
429, 2730394.4992819806, 86.70529037264228, 102.43358839359024, 85.78477846099702, 74.17954583966109, 0.309871448878, -0.142384305409, 0.940056591245, -0.885310141802, 0.317333943025, 0.339889866613, 0.34670684734, 0.937563799524, 0.0277215409092,  
430, 3394219.2973135617, 93.22887200758166, 106.1182895222456, 95.61873880002923, 79.85792780201174, 0.196828570779, 0.36674552031, 0.909261368946, 0.955485798805, -0.279648616158, -0.0940400965678, 0.219784899406, 0.887296103233, -0.40546297387,  
431, 2679395.362574118, 86.1620580770241, 107.55188008283686, 90.93045194740067, 65.40648883326561, -0.728392845569, 0.157215916476, -0.666878563256, 0.666706676681, -0.0617349338665, -0.742759049228, 0.157943248645, 0.985632768097, 0.0598496170452,  
432, 941611.8386029266, 60.803386299417085, 114.65333773877933, 72.62500748422194, 26.9966830884562, -0.997339993449, 0.0323026295503, 0.0653412395934, 0.0444746096923, -0.440540785386, 0.896630261314, 0.0577489961834, 0.897151245073, 0.43793229717,  
433, 1756684.1355204382, 74.85170373565218, 101.73182636096523, 84.16205950308837, 48.981476703383485, -0.224206001108, -0.967153458818, 0.119774188219, 0.39243546854, 0.022897419669, 0.919494486772, -0.892034793099, 0.253159821593, 0.374411581862,  
434, 3241209.67798762, 91.80637494525826, 106.71377413399829, 101.6739168968679, 71.31624744845104, 0.453663014917, -0.79781168424, 0.397097450743, 0.824265277227, 0.545038543079, 0.153361466204, -0.338786985663, 0.257739215192, 0.904872297784,  
435, 2360913.052962622, 82.60324869839783, 95.90363560883132, 83.67730093800597, 70.23420154687848, -0.120851786337, -0.938920098057, -0.322217155353, -0.856052790881, 0.262910369466, -0.445030062864, 0.502561901625, 0.222052217039, -0.835538358152,  
436, 3514006.9605001784, 94.31295146348064, 113.35392040851224, 101.6761569821943, 72.78775759516068, 0.0642396723849, -0.850511042613, 0.522019377882, -0.661234474876, -0.428063747898, -0.616060384193, 0.747423731044, -0.305601691959, -0.589885897563,  
437, 3076406.092435337, 90.22322591284566, 121.64441008590445, 89.75235889251123, 67.26931807905069, 0.360369671291, 0.932510075878, 0.0236359556532, 0.267280002852, -0.127500402166, 0.955146610486, 0.89369743207, -0.337888451761, -0.295188573758,  
438, 4523429.57970191, 102.59505015361482, 112.52026531002927, 100.66734513735561, 95.33664434097602, 0.875302486108, -0.350569617875, 0.333086326403, -0.292920081112, -0.932425156773, -0.21161557858, -0.384764062635, -0.087659968283, 0.918842938736,  
439, 3069842.6779538095, 90.1590174353142, 110.03823987200158, 85.93903887824032, 77.49851537733034, -0.772395481583, -0.547460149267, 0.322013361515, -0.625585581452, 0.568131786086, -0.534667143107, -0.109762927752, 0.614421401486, 0.781305600317,  
440, 2188897.2838658746, 80.5462992008541, 147.49127906245195, 78.27223233977706, 45.265019416378856, -0.938343139924, 0.342524831537, -0.0467855911324, 0.142834548675, 0.507369390074, 0.849808562984, 0.314818111712, 0.790729436531, -0.525010966306,  
441, 2445642.9471870335, 83.5798295261238, 109.71364392143413, 101.50676663225367, 52.42625183636681, 0.983010663754, 0.122195143268, 0.136961242354, -0.164811234755, 0.916066359607, 0.365594969461, 0.080791657019, 0.381956505061, -0.920642132643,  
442, 2702331.061471004, 86.40720977214505, 111.43313958725514, 87.47226207571393, 66.18586046279364, -0.0779328315688, -0.253909865836, 0.964083115605, 0.824405836842, -0.560188436726, -0.0808945705225, 0.560608142953, 0.788491404766, 0.252981846513,  
443, 3112453.494532732, 90.57425153607522, 109.06042998328809, 92.92258754452173, 73.32055798244349, -0.504250466953, -0.387006492163, -0.771982798773, -0.861882057949, 0.16988460339, 0.477805964505, 0.0537660186641, -0.906292004022, 0.419218342493,  
444, 3183429.454562857, 91.25756441518777, 106.50972469653611, 89.45911439424081, 79.76139926974865, 0.633435235989, -0.716193535593, -0.292961808743, -0.357936521082, -0.606860611868, 0.709648958739, -0.686032979297, -0.344654925017, -0.640758717443,  
445, 1539212.4586024266, 71.6258826561018, 112.7685870758408, 74.65079689749894, 43.65031412944257, -0.229914913625, -0.165816809616, -0.958980666198, -0.00251090271269, -0.985273878584, 0.170965141326, -0.973207494762, 0.041715342857, 0.226112808815,  
446, 3556926.481181655, 94.69537316790193, 125.35978003919028, 93.2778896209351, 72.61884651537913, 0.423453490374, 0.150056083854, -0.893403779479, 0.624155936978, -0.763097247022, 0.167666209841, -0.656594629756, -0.628622114856, -0.416794588364,  
447, 1568811.193974738, 72.08208773160109, 97.93258555054572, 69.20537047453901, 55.26053074052793, -0.829110394783, -0.073954148352, -0.554172118754, 0.512427670228, -0.496932365896, -0.70033999351, 0.223593014309, 0.86463229622, -0.449907942012,  
448, 4429483.260788115, 101.87981597644374, 114.14140763342823, 98.6025433535003, 93.95785944837137, -0.755015473938, -0.590560978226, 0.284937475793, -0.653311755684, 0.714627649909, -0.249982143105, 0.0559944997258, 0.374893388823, 0.925375363308,  
449, 2330980.8973133042, 82.25267579191252, 101.35304348554108, 84.73319310362233, 64.79772194593335, 0.916821907572, -0.283007879559, -0.281680900848, -0.298627028843, -0.954278543644, -0.0132044987068, -0.265065062654, 0.096223704195, -0.95941727695,  
450, 3278880.4715308603, 92.16067747981586, 110.92598113834892, 93.56887716538245, 75.41752556703882, 0.16324673233, 0.916290926252, 0.365734114968, -0.337388402272, -0.296507837006, 0.893449589292, 0.927102783081, -0.269247174658, 0.260741996123,  
451, 2230917.322815199, 81.05844886347936, 133.42463892530145, 72.57354805026351, 55.002252368241926, -0.740303833808, -0.628367478112, -0.238965575136, -0.236360929631, -0.0894841311016, 0.967536098151, -0.629351844832, 0.772752808298, -0.082276075957,  
452, 1304270.2821941415, 67.77866282165799, 118.16689881218315, 107.09070464216933, 24.605453593256655, -0.00388056474517, 0.1449572613, 0.989430307608, -0.814875314038, -0.573963878427, 0.0808930703566, 0.579623294725, -0.805948421834, 0.120349397815,  
453, 1689748.7814778613, 73.888669133231, 113.3562947782229, 99.68325623881846, 35.69979108122456, -0.942613850502, -0.325140005157, 0.0759151229172, -0.144085175663, 0.60123104157, 0.785977542177, 0.301195270539, -0.729935073619, 0.613576561894,  
454, 3293121.5703272535, 92.29391134375643, 100.3570390596903, 91.73671949837785, 85.3941478809138, -0.55669291808, 0.673498105619, 0.486305764604, 0.0428012777219, -0.561372172037, 0.826455888168, 0.829614998409, 0.480896648137, 0.283685333116,  
455, 1214520.1959537505, 66.18690051886365, 100.4087210975372, 73.39380269315394, 39.34461555937868, -0.0802840369266, -0.963131168703, -0.256773879684, -0.991792455555, 0.102904204574, -0.0758844502206, 0.0995097910718, 0.248574086651, -0.963487791789,  
456, 2455412.6189641566, 83.69097447949056, 100.51789756865936, 80.82177628178054, 72.15461052557117, -0.920597926753, 0.185819268321, 0.343468567382, -0.11560753582, -0.969791155814, 0.214802262015, 0.373007178108, 0.158038962366, 0.914269835144,  
457, 3766501.0462790895, 96.5198180104785, 111.93838821511022, 93.53013069171992, 85.88531100424665, 0.803309383211, 0.526997581196, -0.277430323248, 0.508217491342, -0.363717131119, 0.780656665907, -0.310498013421, 0.768103767693, 0.560006772922,  
458, 3662592.902450806, 95.62395014211859, 115.79538399092422, 99.90541801402743, 75.58223876009282, -0.206416795515, -0.608258738923, 0.76642900066, -0.527530502815, -0.590523851296, -0.610731651095, 0.824077469131, -0.530379946429, -0.198980997326,  
459, 3259890.9248957373, 91.98241755822787, 106.59881631766734, 95.3520586374831, 76.56530264269483, -0.997191871887, 0.0458949167249, 0.0591779288333, 0.0663575014664, 0.175206877831, 0.982292844298, 0.0347138681411, 0.983461339647, -0.177760346476,  
460, 3017890.3958058907, 89.64752098363034, 106.5667537926088, 91.17691903128049, 74.14949613116929, 0.549740436452, 0.151356227799, -0.821508822129, 0.391827307181, 0.821821862219, 0.413618408833, 0.737737632141, -0.549272354197, 0.392483206059,  
461, 2246929.404644842, 81.25191511593569, 119.42595551309397, 90.12913792219226, 49.83527700675592, 0.422453284268, 0.782739235087, 0.457003842945, 0.837787692262, -0.144796890801, -0.526446239524, 0.345897391297, -0.605271137813, 0.716939219477,  
462, 1243045.4809169127, 66.70107037446023, 118.39839254689252, 60.04080606947442, 41.745156101549064, 0.377179787228, -0.403527250747, -0.833607321232, -0.852233249659, -0.503565920157, -0.141844464933, 0.362538130798, -0.763928741416, 0.53383422685,  
463, 4033962.960445587, 98.75242420948035, 123.1855595055431, 105.08340172489785, 74.39596361477115, -0.332405145691, 0.245652062706, 0.910583265389, 0.926280174417, -0.0966901746479, 0.364219780639, -0.177515795354, -0.964523755132, 0.195402323899,  
464, 3485281.706753734, 94.05526091048087, 120.49600652730179, 90.33477394752802, 76.44017305576759, 0.411688299763, -0.646708203424, 0.642091304616, 0.637499989874, 0.70785364798, 0.304198908532, -0.651234601928, 0.284098068748, 0.703691537952,  
465, 3109196.3553677383, 90.54264561153329, 108.33849328011195, 94.74081762774631, 72.31687000406184, 0.636721873641, 0.436308142884, 0.635783343664, -0.144764617728, -0.74222266183, 0.654330746427, -0.757382638487, 0.508665631549, 0.409427422383,  
466, 988519.7198150413, 61.7967415559227, 112.35544082176149, 54.95738725462412, 38.21875561046579, -0.864431643625, 0.107121344382, 0.491205609778, 0.103735322444, -0.91800827544, 0.382752908677, 0.491931820862, 0.381819098266, 0.782443135201,  
467, 2881971.3710572813, 88.28095399764175, 116.2482751444145, 90.53260510159178, 65.37467123139498, -0.897820240258, 0.404352539399, 0.174407110135, 0.434512204379, 0.749109645042, 0.500033882803, -0.0715399219312, -0.524722558679, 0.848261914731,  
468, 2387258.358004195, 82.9093679579807, 113.95901055957151, 90.17047125002563, 55.46229084687643, 0.646918732116, 0.321248876366, -0.691588977263, 0.24665640103, 0.770024253359, 0.588407400591, 0.721565502133, -0.551236617682, 0.418905022002,  
469, 2605407.3171369242, 85.36155929704138, 107.55574319759083, 90.85329516394255, 63.65209910210118, -0.422830061868, 0.0985731035732, 0.900831883335, 0.539216729387, 0.826305748514, 0.162677990896, -0.728326889198, 0.554528766814, -0.402539177281,  
470, 2542462.603010955, 84.66852384182538, 131.07810926676888, 97.00862076823802, 47.73374030847782, 0.351885999348, -0.695842407624, -0.626082731924, -0.753723596936, -0.607252124866, 0.25128787529, -0.555046829452, 0.383468643565, -0.73815636319,  
471, 3209480.8409967762, 91.50582187587523, 125.95473032837947, 102.52931268650859, 59.33127070011565, -0.457158191916, -0.547203948954, -0.701123545328, -0.167381874915, -0.721301804513, 0.672091522604, 0.873492813659, -0.42460751884, -0.23815700584,  
472, 3010102.546559607, 89.57034093412547, 100.37113844806568, 88.14016076121995, 81.22879177673612, 0.338617504969, 0.662945674749, -0.667713424801, 0.741310865309, -0.625003380277, -0.244599623094, 0.579479409732, 0.41215750263, 0.703085917027,  
473, 1950963.4981852036, 77.51519517756878, 124.1222646070477, 66.97782780198295, 56.0247317051326, -0.785952880495, 0.289463805902, -0.546341262139, 0.563283494302, 0.699566792934, -0.439679436944, -0.254930921407, 0.653312335179, 0.712876720067,  
474, 2712086.342174931, 86.51106015029109, 114.1804967070875, 85.83316696219359, 66.06445209791246, -0.484637981151, 0.857314941706, -0.173600454937, 0.874623698052, 0.477812758531, -0.0820265480847, -0.0126259269659, 0.191588252545, 0.981394175373,  
475, 3632954.798113084, 95.36531808450563, 121.32519640325422, 92.37860558076812, 77.38360884834017, 0.597294323244, -0.686753341646, -0.414257575862, 0.565191937996, -0.00604378459179, 0.824937298158, -0.569032129712, -0.726865407353, 0.384537533863,  
476, 3078613.91655703, 90.24480405471819, 104.26998058147365, 96.39032668606227, 73.12634618093239, 0.537013534828, 0.789479207752, -0.29721884856, 0.6125334232, -0.607184046945, -0.506093211374, -0.580016610861, 0.0897224256442, -0.80964845301,  
477, 2021280.7012159217, 78.43550072422696, 106.50475332839467, 73.33775675237884, 61.779075878703615, -0.635979762214, -0.736726046863, -0.229705189162, 0.0181820749701, -0.311881459627, 0.94994703394, -0.771491512723, 0.59997057179, 0.211745504749,  
478, 1502119.4989803345, 71.04583531595843, 146.24299987766508, 70.52805447267689, 34.767933902817, -0.949554216735, -0.000840613358681, 0.313601790253, -0.247177630271, -0.613427912451, -0.75007294, -0.193002612869, 0.789750270399, -0.582275280113,  
479, 3640037.238836022, 95.42724937872606, 112.95583368565524, 104.43404039000987, 73.66589532250428, 0.816803283662, 0.483609902266, 0.314569321819, -0.436506843123, 0.161537335053, 0.885080485205, -0.377218997011, 0.860248308231, -0.343043257447,  
480, 1628488.962332381, 72.98474080187606, 103.9901025127749, 79.76617271363273, 46.86897428040816, 0.0716321633819, 0.989699041935, 0.123954183315, -0.399734837485, -0.0853718971158, 0.912646535568, 0.913827605662, -0.114923651069, 0.389501812005,  
481, 3240795.2196132652, 91.80246163853592, 103.57377887245278, 99.43078001879509, 75.1263539660788, 0.709364013843, -0.561373614216, -0.426218677589, -0.133685926889, -0.700881987655, 0.700637218775, 0.692048241683, 0.440027390787, 0.572228211941,  
482, 2783994.229394893, 87.26898144381533, 112.2762047921014, 88.88454814938501, 66.59869640775115, 0.569259350357, 0.76872148984, -0.291566567165, -0.353561025342, 0.549061797851, 0.757314824561, 0.742252243776, -0.328021970603, 0.584348520501,  
483, 1527444.791897876, 71.44288286660527, 120.19933498146007, 63.9756448208816, 47.41985000643286, -0.681427521356, 0.064693027349, -0.729020812701, -0.0271219031325, 0.993169477878, 0.113484759254, 0.731382892546, 0.0971040700739, -0.675018417576,  
484, 2734662.1490398347, 86.75044077030482, 135.24927190195297, 87.11163825263813, 55.412016274274784, 0.449061925179, 0.179806202314, 0.875221753022, -0.467459299527, -0.787510730745, 0.401632484055, 0.76146253397, -0.589488404102, -0.269589003463,  
485, 3498056.989234196, 94.17004047769309, 101.29664437498296, 94.98412903084352, 86.7944924117142, -0.428847007604, 0.359468852444, -0.828777647015, -0.874849047574, -0.393989950091, 0.281799686279, 0.225231853938, -0.845904287346, -0.483442394315,  
486, 1567886.7346214491, 72.0679262540251, 116.06429268833053, 92.58382712946215, 34.83311536172147, 0.530922632855, 0.659802907416, 0.53177183198, 0.290665106311, -0.731238648522, 0.617093052044, -0.796011905624, 0.173061151832, 0.580012830747,  
487, 2117490.051319476, 79.66072532410065, 102.15971178038419, 74.96021493042439, 66.01190821321337, 0.337586121074, 0.0425908373186, -0.940330596883, 0.475858187206, -0.869643891445, 0.131447661604, -0.812154293547, -0.491838919412, -0.313846906667,  
488, 1880798.3841438212, 76.57456609199232, 103.015326310074, 76.06703382988412, 57.30009071497957, -0.719384508385, -0.0713273327088, 0.690940186054, -0.668443090731, -0.19937369749, -0.716543064444, -0.188864405196, 0.977324173628, -0.0957480866245,  
489, 2916663.4662551363, 88.63377311344696, 128.21412073092966, 92.05263517873367, 58.996415899476766, -0.800936573059, 0.00104103868317, 0.598748296178, 0.104159930477, -0.984508525959, 0.141044926165, 0.589619635715, 0.175333620713, 0.788420450412,  
