# Void_ID, Void_Volume, r = (a*b*c)**(1/3.0), a, b, c, vector_a, vector_b, vector_c 

28, 1576955.8650624345, 72.2066134116204, 111.81192336790915, 74.4151498503525, 45.24613120942001, -0.101045881037, 0.815279526003, -0.570183325261, 0.0400141915877, 0.575983329591, 0.816481517552, 0.994076754782, 0.0596866694743, -0.0908234941521,  
39, 1510639.8020447001, 71.17991056161375, 127.62939160139213, 75.03218212440389, 37.65945562491872, 0.00983435655224, 0.0173212935549, 0.999801609431, 0.215121788721, -0.976475059377, 0.0148011631912, 0.976537711227, 0.214933550671, -0.0133291915508,  
43, 1937849.2487963024, 77.34112052472754, 125.94025268891268, 95.90084734870271, 38.304021704848616, -0.206943941334, 0.29436434079, -0.933018670776, 0.972492783277, -0.0423303857443, -0.22905441475, 0.106920492043, 0.954755347361, 0.277507180208,  
54, 2596285.051639842, 85.26181783764463, 118.89341044257768, 87.6278289257105, 59.49273392598374, 0.155768667508, -0.986247333862, -0.0552477933774, 0.687715418377, 0.148427374102, -0.710645353143, 0.709072369755, 0.0727015203931, 0.701377832115,  
78, 1815745.4080777497, 75.68133455272203, 132.0474892305659, 90.48625957308191, 36.27885411198528, -0.0715188341767, -0.622816576192, 0.779092143959, -0.889321279464, -0.313873580872, -0.332552307349, 0.451655530522, -0.71664697561, -0.531436161827,  
80, 2776381.950859867, 87.18936894696436, 108.21486892748207, 91.66885119351645, 66.8162159985148, 0.517245007108, -0.822978664954, -0.234869580092, -0.561027156691, -0.533294476954, 0.633123629559, -0.646301889272, -0.195711823559, -0.737557285939,  
94, 1103753.1339519015, 64.11029571799658, 107.38941358186239, 65.4350873097194, 37.498265813886015, 0.437393794324, 0.777756770904, -0.451421171412, 0.29075180996, 0.352715364691, 0.889412871796, 0.850970066273, -0.520275193358, -0.0718586771707,  
97, 879140.8204143407, 59.427840009319674, 124.23600606607063, 68.90247556260708, 24.5181405019575, 0.768675331493, 0.517681533973, 0.375691448048, -0.328280522556, -0.184807208786, 0.926325101728, 0.548971887499, -0.835375439526, 0.0278880220144,  
100, 914174.3688986171, 60.20697542884647, 128.20493159972145, 70.4155802740165, 24.175025312411627, 0.864026397298, 0.361924370667, 0.349955903921, 0.211493460859, -0.891745779835, 0.400074968175, 0.456868581526, -0.271661948133, -0.847036531179,  
105, 452762.22277430963, 47.635112074877824, 123.78984299476451, 78.20518747195085, 11.16505843771017, 0.265991480592, 0.949848332962, -0.164428332782, 0.632875034783, -0.300735052035, -0.713461715039, -0.727129783877, 0.0857121511001, -0.681128258518,  
135, 1282964.825028604, 67.40757652227832, 104.1160741706653, 82.5445248205649, 35.638554792154686, 0.287796684912, -0.771094363071, 0.567967033721, 0.645641989601, 0.594240595281, 0.479608732389, -0.707332658244, 0.228673562443, 0.668871372105,  
173, 1420698.8221686324, 69.73826476871726, 98.93383739063822, 68.3320247902649, 50.170019145140756, -0.374670600726, 0.927053499754, -0.0139193945887, -0.156433081846, -0.0484107702254, 0.986501438534, 0.913865762492, 0.371790540386, 0.163159928364,  
179, 2149241.788259957, 80.05692208009646, 109.25001967389935, 78.61823059411695, 59.73816494647927, -0.0398853841754, 0.456615545195, 0.888769598948, 0.732261303343, -0.591839643706, 0.336926133988, 0.67985479314, 0.66425001319, -0.310756142692,  
199, 2900530.622183203, 88.47005186109118, 147.4420555690805, 114.76782429325068, 40.921101932921694, -0.211444279482, 0.759393383315, 0.615315371214, -0.659260717591, -0.575585293955, 0.483814918769, 0.721572326878, -0.30335335627, 0.622342444578,  
236, 181504.79128684138, 35.12366515067456, 99.1854995958926, 36.55606391047165, 11.950659467696486, 0.708277173826, 0.527471876094, -0.469166137916, 0.502106062194, -0.843582780169, -0.190414272867, 0.496218648728, 0.100705078981, 0.86233725405,  
255, 1580024.762557202, 72.25342324048316, 113.30232756590134, 81.52142077085006, 40.83802328235205, -0.473350520026, -0.00705605664116, -0.8808458987, 0.880711628508, -0.0229994295777, -0.473094127684, 0.0169207742544, 0.999710577269, -0.0171011430862,  
270, 2770092.91076736, 87.12348560208545, 133.98479929057928, 84.81900277625925, 58.19116264792733, 0.761596899881, -0.623847329886, 0.175455610018, -0.565291054986, -0.771913097116, -0.290854248128, -0.316885129416, -0.122330206801, 0.940541937002,  
306, 2426823.8885169523, 83.36489688566179, 136.3488777830239, 77.40970311764484, 54.891194579024976, 0.656510777576, -0.75388408213, -0.0255419192114, -0.490729595513, -0.452571766864, 0.744555746688, -0.572868277193, -0.476274696524, -0.66707147326,  
343, 96443.28301207082, 28.448614838442133, 104.24261807834436, 52.91262832342562, 4.174252648844943, 0.632246078745, -0.773898988711, 0.0366776660002, -0.679693507714, -0.531317625837, 0.505685985614, 0.371862382452, 0.344647552939, 0.861937603757,  
352, 989834.9050499786, 61.8241354267997, 103.07349822745367, 51.11732568543285, 44.849645497565284, 0.389413822586, 0.637043503343, 0.665231124969, -0.466863884167, -0.486068735755, 0.738766064314, 0.79397417366, -0.598258103973, 0.108130719924,  
357, 1166089.4605864687, 65.29517451148715, 81.69891375895038, 74.55363186610032, 45.704417008361325, 0.483366300296, 0.0132202106809, 0.875318368234, -0.859762045109, 0.195425438551, 0.471824250921, -0.164821859982, -0.980629452952, 0.105828306588,  
369, 1422685.4797298447, 69.77075617824705, 118.28388499706465, 72.5274304240699, 39.59063050906741, 0.440038499214, 0.840858139226, 0.315156641856, 0.791087318274, -0.529068386667, 0.307030124084, -0.424908194878, -0.114211347627, 0.89800266926,  
377, 1675229.581283909, 73.67643012248756, 129.82311353887337, 105.62443828578496, 29.165490918504968, -0.757727820154, 0.604483162156, -0.245863086359, 0.628936664315, 0.575993712677, -0.522178049364, 0.174032246566, 0.55030114449, 0.81662808397,  
379, 1042946.518470084, 62.91069404763736, 137.09206472329248, 48.88996320911053, 37.14851020672901, -0.863040795524, -0.0622840988639, 0.501279638814, -0.496779021417, 0.28440090144, -0.819955322649, 0.0914942027722, 0.95668010238, 0.27639101391,  
419, 599514.1282751523, 52.30825966631442, 105.64038144070706, 55.588982898235265, 24.37205358814376, 0.0520460215671, 0.28259166321, 0.957827314041, -0.974913112401, 0.222229374355, -0.0125908078232, 0.216415422063, 0.933143106419, -0.287068472729,  
425, 3229109.7885787454, 91.69199047318786, 115.45778452101875, 91.8882989819536, 72.66257263227793, -0.0974420100482, 0.390892695469, 0.915263871955, 0.983930361749, -0.100417812391, 0.147639107907, -0.149619844628, -0.914942164065, 0.374826277774,  
453, 267242.8290447756, 39.95819087191815, 117.98144155161911, 61.267188417736264, 8.826241417326397, -0.336057044161, 0.896021382493, 0.290191910957, 0.187526409125, -0.238286322715, 0.952918398546, 0.922984024212, 0.374653587361, -0.0879498750828,  
454, 3794642.107395235, 96.75960142981448, 117.73982918935762, 103.19943361469859, 74.55581071633877, -0.302087756209, -0.369514808899, 0.878750131467, 0.0265119845745, 0.918204145334, 0.395219258342, 0.952911382146, -0.142688308894, 0.267581659092,  
491, 1222467.5521525978, 66.33095402813056, 127.11353052211375, 90.5019073679187, 25.368758707662714, 0.805015157681, 0.463464419281, 0.370339476648, 0.593254110563, -0.628481101887, -0.503051751683, 0.000395225605686, -0.624669702028, 0.780888985173,  
499, 66834.93167851603, 25.175124851936534, 145.26638816436483, 50.47105972681544, 2.176242748326864, -0.949002430654, 0.303726869822, -0.084524405713, 0.0628983754026, 0.445114243108, 0.893262058387, 0.308930705798, 0.842391416819, -0.441518425306,  
509, 2106057.0735948933, 79.517095623081, 127.41579214340044, 74.95606235732016, 52.64431808918964, -0.572750055832, -0.689103514416, 0.443952384795, 0.208937557484, 0.400973197636, 0.891944836775, -0.792655329016, 0.60361978198, -0.085677816177,  
523, 1428089.5326148188, 69.8589856724981, 131.237423298402, 85.69788210784817, 30.313706582672445, 0.686080751429, 0.672327355305, -0.277973253799, 0.558479424102, -0.731573281042, -0.391025916431, 0.466255225573, -0.113033011876, 0.877399340581,  
529, 400506.3386112986, 45.7270932009019, 87.07861853778172, 83.00607512414561, 13.228158040519881, -0.727234213704, -0.452642595231, 0.515989417916, -0.686385868045, 0.481984552664, -0.544578122165, 0.00219967425109, 0.750203686992, 0.661203137816,  
553, 1799429.1355463366, 75.4539615233327, 122.1906896206931, 103.55750390718093, 33.94895800432002, 0.91277671105, 0.324421232003, 0.248172399736, -0.266354890857, 0.0121271220559, 0.963798736784, -0.309667156608, 0.945834973521, -0.0974805364266,  
555, 3763055.882851664, 96.49038061130977, 130.62853322013268, 97.21625287464727, 70.74164111185542, -0.775603756991, -0.548386472852, 0.31258772934, -0.603274639191, 0.498274298093, -0.62272179468, -0.185737777123, 0.671561613147, 0.71729106916,  
557, 670601.9592933594, 54.29902976886783, 110.11678823035173, 82.67277895618616, 17.585719293517084, -0.966539165721, -0.251651784438, -0.0497334949064, -0.25404483825, 0.912190709842, 0.3215110092, 0.0355423871602, -0.323387520271, 0.945598884542,  
577, 630021.6974718123, 53.18089382965779, 130.8881300294121, 64.39750341746016, 17.84422140917437, 0.712483750841, -0.289908139131, -0.638999354971, -0.23554484536, -0.956632851954, 0.171383232513, -0.660973169359, 0.0284052359196, -0.749871730338,  
578, 1017753.0280216751, 62.40000118861892, 125.07283767037893, 50.92968494507581, 38.14343501633884, 0.878151597318, 0.115288476631, 0.464282607131, 0.397237858577, 0.365044883196, -0.841988311656, 0.266555539882, -0.923824009435, -0.274767799695,  
593, 236513.71752623937, 38.363884518892746, 93.79670740478521, 37.626150592524915, 15.998908048156434, 0.0898969215957, 0.218296275024, 0.971733131985, -0.593362919638, 0.795360635273, -0.123781684659, -0.799899361849, -0.565462815903, 0.201029387764,  
599, 1224133.6876216782, 66.36107512333514, 109.13587984394272, 65.37162511500432, 40.962212369222996, 0.732245294133, 0.427940391016, 0.529796046566, 0.585563343777, -0.792832218825, -0.168916083357, -0.347753360363, -0.433917151689, 0.831133867573,  
617, 1130523.73394118, 64.62447455545748, 87.91693976170112, 83.80779451244307, 36.629762299069895, 0.965500531876, -0.241338973441, 0.0977968447616, 0.0867338699719, 0.652163369413, 0.753100375378, 0.24553199129, 0.718636514167, -0.65059634318,  
622, 300767.0530445697, 41.56366959085342, 104.4561624570907, 80.43896956761407, 8.545570986092079, -0.343841630144, 0.844293938121, 0.411023940218, -0.885221549953, -0.145399997782, -0.441861571246, -0.313298166095, -0.515777652383, 0.79738176078,  
625, 1146546.6465401514, 64.92835098563488, 108.86839368011199, 60.895349521167425, 41.2873659357877, 0.385053734886, -0.728872090506, 0.566108732428, -0.361673447845, 0.445165629097, 0.819158031026, -0.849073576538, -0.520166356421, -0.0922009938851,  
627, 164860.08429517833, 34.01540420818591, 143.9229690521997, 45.916652771575656, 5.9556144805963775, -0.617427956786, -0.146028429822, 0.772954342677, -0.777806853689, 0.260071333846, -0.572170778409, 0.117470066541, 0.954483419969, 0.274157225824,  
645, 2784308.561471351, 87.27226574274616, 118.35167476427657, 87.87160909044331, 63.915437558496336, -0.518467762596, -0.689255149843, 0.506081532526, -0.0761359257556, 0.626700384704, 0.775532042292, -0.851700945143, 0.363557376802, -0.377401025191,  
656, 1875163.5543909967, 76.49801770138713, 98.11314877952131, 92.89829907084568, 49.11516054342858, -0.516114612603, 0.226713368124, 0.825970190365, 0.548628587544, 0.828045253549, 0.115532380763, -0.657747960534, 0.512778808834, -0.551747690185,  
668, 898491.9812140516, 59.86071024220615, 101.15232167814801, 67.73270507420153, 31.307711297657146, -0.457792961272, 0.498870145877, 0.735903650054, 0.885200791222, 0.332791402422, 0.325068364647, 0.0827355052579, -0.800236502558, 0.593949809448,  
715, 319960.4935672178, 42.42963048733908, 118.51557773719786, 54.635150659840775, 11.796689969108671, -0.866202329541, 0.00744369223318, -0.499637984689, 0.482595813064, -0.246857894932, -0.840334731475, 0.129594774242, 0.969023101456, -0.21023658895,  
733, 2221170.5556418975, 80.94022975009314, 118.87017150164841, 86.12967615354889, 51.79258588159059, -0.404120597013, -0.549396793325, -0.731334196216, -0.038624185663, -0.78856710047, 0.613734552016, -0.913889881414, 0.276269961345, 0.297456203679,  
739, 1142948.7699703902, 64.86036451769323, 128.1724299473716, 94.5516865939854, 22.515119546762808, 0.662805808485, -0.372565869821, -0.649525313504, -0.0185024593731, -0.875315677436, 0.483197810252, 0.748562702274, 0.308248499557, 0.587057700133,  
742, 1211947.959205195, 66.14014166713528, 120.84984602535926, 106.48957746035659, 22.4823734338258, 0.519755170804, -0.791739673011, 0.320940574878, 0.115099103368, 0.437140730863, 0.891997857522, 0.846526289507, 0.426680526391, -0.3183346817,  
750, 280742.18617518496, 40.61997851863579, 120.10727685356207, 55.96079856928683, 9.971622856359588, 0.215231226994, -0.703343406021, -0.67748326336, -0.813627455819, -0.51281902276, 0.273910593139, 0.540079514576, -0.49226487088, 0.682634173502,  
762, 2158485.0336346026, 80.17152489600254, 126.70481733734452, 95.2290783163334, 42.70686815824193, -0.212321837848, -0.516525961198, 0.829530209565, -0.542117885318, -0.644016679721, -0.539769130888, 0.813036060449, -0.564307936901, -0.143279156753,  
778, 4082138.4656525985, 99.14398573052615, 130.88261330139377, 111.60529999113434, 66.71636031419095, -0.600633102815, 0.591635709163, -0.53777975366, 0.799392009175, 0.43212756023, -0.417418479894, 0.0145702254796, 0.680612194523, 0.73249897556,  
826, 2471361.309462258, 83.87178345657661, 110.77936127143273, 85.06828187556255, 62.6067436836383, -0.954322294308, 0.202363548831, -0.21981344975, 0.279568394793, 0.34525502437, -0.895902048652, 0.10540622002, 0.916432191846, 0.38605901949,  
882, 1207164.9486155466, 66.05301854368386, 97.67722223284757, 65.48294756273802, 45.05639981660119, -0.786497048128, 0.421500020868, -0.451397968199, 0.572463959072, 0.771814997784, -0.276742885653, -0.231748589748, 0.476066530648, 0.848323788153,  
895, 2846065.658836702, 87.91279786945496, 127.49858420546332, 90.5659131712001, 58.84183028737874, 0.512834614011, -0.391864166328, -0.763834493736, -0.412800368827, -0.892692703014, 0.18081922874, -0.752726055194, 0.22258080136, -0.619565390171,  
949, 526570.3176523758, 50.094408748869576, 132.327135780532, 107.61502320941597, 8.827667144951395, -0.752972279566, -0.458669010775, 0.471863841336, -0.626524959529, 0.28039443221, -0.727217599809, -0.201244183251, 0.843209167965, 0.498496818212,  
958, 2693214.0998249324, 86.30992847741744, 111.08725395530796, 85.01645178197927, 68.07929715174072, -0.0335191458581, -0.999160614858, 0.023548515409, -0.244117147307, -0.0146631718069, -0.969634884781, 0.969166283592, -0.038249929537, -0.243420742006,  
970, 2536710.252361501, 84.60462112359698, 120.40283934332673, 87.98527000302359, 57.1657038585493, 0.56971176803, -0.151159732385, -0.807823765851, 0.240635541098, 0.970542579307, -0.0119011811652, 0.785826340694, -0.187610866044, 0.5893039328,  
989, 2497560.401051412, 84.16711935477909, 104.53374767202249, 95.06066524782722, 60.00259328271903, 0.288281022848, -0.749700548965, 0.595687114807, 0.854163050216, -0.0798310891824, -0.513840910054, 0.432781163535, 0.65694450609, 0.617352719608,  
993, 1978478.8756416717, 77.87790669111972, 149.0174572894336, 107.74385659100751, 29.417999956913256, 0.354311955153, 0.155344094429, 0.922134074179, -0.874991075587, 0.402989282019, 0.268310000227, 0.329929774467, 0.901924526169, -0.278708616688,  
1020, 552514.430626857, 50.90397208292957, 86.92971153307003, 75.34699567056798, 20.138208705206445, -0.411150466598, -0.771018900085, 0.486297387951, -0.83476934168, 0.532780295426, 0.138943524491, -0.366217749444, -0.348819455475, -0.862675806705,  
1021, 1403392.9578633225, 69.45394112092366, 145.8372549717256, 79.91371708699593, 28.74755215978494, 0.785721144863, -0.58273221606, -0.207522159975, 0.257570016315, 0.00319016846854, 0.966254371023, -0.562405520252, -0.81265797676, 0.152600929219,  
1033, 4970132.255089212, 105.86679822319307, 134.30972146359795, 115.70013128600843, 76.35509748235366, -0.10188199535, -0.169899052722, 0.980180784808, -0.481361806165, -0.853857320754, -0.198036580865, 0.870580766264, -0.491997954954, 0.00520977269893,  
1034, 2183298.443353521, 80.47756582040316, 110.31551600447024, 94.52906850335, 49.98302274437461, -0.529587348367, -0.642489760885, 0.553844876845, -0.848077033354, 0.414427630941, -0.330174323971, 0.0173949977609, 0.644559264824, 0.764356440532,  
1036, 1512059.1595459967, 71.20219650843272, 93.28746779058685, 78.25337814635172, 49.44857429770082, 0.507245825986, 0.854674437059, -0.110604152988, 0.32180993328, -0.0687899597643, 0.944302021748, -0.799462343617, 0.514586774096, 0.309936143526,  
1047, 1072384.8425279758, 63.49711875473169, 122.9476128944501, 60.16440102379461, 34.61006055495328, -0.478373889843, -0.820318389522, -0.313426484728, -0.860286964008, 0.509408820895, -0.0202235692229, -0.176251981758, -0.25996229151, 0.949397096014,  
1052, 1356628.8706011598, 68.67375824383242, 126.57192065190488, 61.350935576148714, 41.70747379264761, -0.792842714595, 0.609373571877, 0.00801746915667, 0.60902190481, 0.79176883662, 0.0468447309625, -0.0221979588034, -0.0420233179983, 0.998870007243,  
1054, 1521778.5530293607, 71.3544314339032, 119.44729503771332, 69.5248290563022, 43.74683124135708, -0.579555865745, -0.30274620565, 0.756610688164, -0.783634506748, -0.0477961550375, -0.619380728952, -0.223678247298, 0.951871978014, 0.209541831523,  
1055, 796475.1225390638, 57.50353391792302, 135.89426161423506, 60.00234003773487, 23.319235053421096, 0.621975197016, -0.539521778646, 0.567506039319, 0.396416923601, 0.841967429772, 0.36598424814, -0.675278073818, -0.0026641266096, 0.73755842172,  
1056, 1232526.703527641, 66.51239341920977, 163.37058191507325, 61.336603147607164, 29.36392804583394, -0.931103645601, -0.269376458968, -0.245931544344, -0.3417797586, 0.40881242938, 0.846202690964, 0.127407212356, -0.871956834332, 0.472714164482,  
1066, 1318823.4146020818, 68.02982387340067, 123.94169167367953, 77.73108267893815, 32.68029012682603, -0.667012552733, -0.0852100628242, 0.740157753246, -0.0159356444666, 0.994842750255, 0.100169643605, -0.744876036487, 0.0550195188825, -0.664930479682,  
1067, 610331.0078337373, 52.62098119028124, 90.34370615747794, 41.005705707266266, 39.33096774540834, -0.238344843386, -0.350609105688, 0.905684818599, 0.262145619725, 0.874719508661, 0.407609439571, -0.935131760604, 0.334572916084, -0.116574243007,  
1076, 1428688.1968328957, 69.8687460858364, 122.54124722434875, 89.22491099300265, 31.194672308142106, 0.127091529104, 0.284656127246, 0.950167686491, 0.968396738614, -0.242868092484, -0.0567701179679, 0.214605451634, 0.927354289834, -0.306526542496,  
1152, 2146743.959731376, 80.02589625784522, 103.15392925680796, 85.17937414493677, 58.32723914985583, -0.640281630561, 0.671920051779, -0.372240349215, 0.735691874222, 0.675778399982, -0.0456182016435, -0.220900203191, 0.303062696706, 0.927014618059,  
1153, 1081843.615385103, 63.68326075669134, 100.38780928353866, 67.42402609347614, 38.1575268203189, 0.305162930302, 0.788223470434, -0.534396244959, -0.291057020373, 0.611510109208, 0.735758926027, 0.906731160191, -0.0689865711059, 0.416028191528,  
1157, 349276.1995045578, 43.68779521926774, 116.67747701541545, 34.17764369096695, 20.909865346611888, -0.293339584834, 0.943226385413, 0.155807168737, 0.0634504958303, -0.143408725736, 0.987627445934, 0.953900373492, 0.299596267071, -0.0177807257656,  
1160, 3217926.772582724, 91.5860191626348, 138.1869665330615, 94.78953819768604, 58.64892510475288, -0.168254781613, -0.871884715803, -0.45989930508, -0.632244713308, 0.453396931671, -0.628249826778, 0.756278355474, 0.185062866888, -0.627530703903,  
1171, 1012369.3320584776, 62.289779053155435, 145.76994885769284, 52.42698167655096, 31.62478011186529, 0.870696301911, 0.0540798765535, 0.488838743137, -0.287544061706, -0.750390061071, 0.595174906077, 0.399006719764, -0.658779267432, -0.637811503804,  
1174, 2644031.1819847804, 85.78130609066852, 110.93840962105949, 83.7273268510173, 67.95615556704, -0.42882001054, -0.404267407862, -0.807886911331, 0.0261003220004, -0.899454593089, 0.436234120815, -0.903012830336, 0.16597981176, 0.396255637608,  
1179, 441793.66466858645, 47.247295958731975, 85.58548739890693, 70.85798054246784, 17.39169760017223, 0.451084967317, 0.58896786163, 0.670551422508, -0.744868433674, 0.662318161102, -0.0806577336028, -0.491623197964, -0.463089096655, 0.737465334631,  
1188, 2035885.0462694652, 78.62395406174481, 158.6977104976157, 67.55932402398419, 45.33239729889968, -0.828098772953, -0.141769615778, -0.542359473297, -0.536971039168, 0.478433745638, 0.694811668101, -0.160979891067, -0.866604019767, 0.472316575609,  
1197, 1365937.2972997534, 68.83046731395402, 141.09999924734956, 72.41748268052375, 31.913300296404618, 0.0240869639822, -0.828699296915, 0.55917554798, -0.946805657566, -0.198455409796, -0.253326858277, -0.320903201866, 0.523328697488, 0.789397371048,  
1201, 800305.1304538674, 57.5955589345671, 91.79539335610433, 86.39143043001752, 24.092143405669113, -0.530977314567, 0.582422436016, 0.615505643712, -0.780104974312, -0.0523280899155, -0.62345649412, -0.330906815388, -0.811200269373, 0.482135668146,  
1202, 2133983.717512353, 79.8670231326894, 121.10143106454984, 97.66123149131276, 43.07556875848842, -0.753498995538, -0.0301406127151, 0.656757799488, 0.43521852619, -0.771600358745, 0.463915639795, -0.492771852062, -0.635393130156, -0.594517848315,  
1207, 2944458.328729601, 88.91443388410688, 110.49558525120227, 106.35304999511382, 59.81662802742262, -0.0293066936094, 0.789889140582, 0.61254898849, 0.0781814430234, -0.609123487509, 0.789212416863, 0.996508293832, 0.0710191703364, -0.0439032774205,  
1213, 2460963.044912707, 83.75398778292248, 122.02319184302017, 101.52829420234517, 47.422780318114356, 0.178469846543, -0.983941581034, -0.00273477387254, 0.794062191203, 0.145669229175, -0.590123471973, 0.58104539442, 0.103147664951, 0.807308372828,  
1214, 911170.9359146953, 60.14096832454368, 108.11977215206883, 53.354518053440046, 37.70812394766516, -0.378497266317, -0.111258146171, 0.918891421388, 0.298683032669, 0.924961010372, 0.235022499534, -0.876086905156, 0.36341265003, -0.316864293368,  
1217, 2014188.9992509019, 78.34366241714676, 137.13290227610668, 88.68995270402185, 39.536254127132835, -0.139511469022, -0.187341567082, -0.972337229183, 0.989079393995, -0.0734903141758, -0.127754162737, 0.0475237034091, 0.979541888316, -0.195548425329,  
1233, 850058.4514452447, 58.76517855679792, 128.52558441100422, 71.27464798055168, 22.153151212881177, 0.425908848465, 0.904765752766, 0.000765128348068, 0.806464066686, -0.37925075307, -0.453634848134, 0.41014309935, -0.193824144311, 0.891187319893,  
1235, 1276317.9417684767, 67.29096477980582, 99.07943603949, 60.713898355990636, 50.65223579376014, -0.961494461084, -0.225930521754, -0.156473002928, 0.118928818143, -0.855341234811, 0.504229420252, -0.24775862754, 0.466204645378, 0.849275509542,  
1248, 2895701.327215071, 88.42092460705605, 129.78772498810068, 127.83624842555167, 41.665588367995866, 0.0368233462754, -0.304078426936, 0.951935056315, -0.748823497507, -0.639190389694, -0.175211344678, 0.661745729681, -0.706379470253, -0.25123820023,  
1253, 1588123.3028180578, 72.37665978055428, 111.96288830795739, 81.047643857405, 41.78122043003871, 0.661041420888, -0.343335058692, -0.667192084294, -0.650509647065, 0.180947858673, -0.737628003479, -0.373980532844, -0.921617550785, 0.103728738251,  
1258, 771090.8562041231, 56.88603287705554, 114.12947611090006, 60.47452313781204, 26.671452505838296, -0.293382153283, 0.858020104185, 0.421578477805, 0.948038185646, 0.317901303345, 0.012742051993, 0.123087410778, -0.403410785857, 0.906702391726,  
1262, 2466310.787011763, 83.81461048496617, 114.47002529296358, 79.6774143038264, 64.55534143248101, 0.686414271807, 0.00059019394108, 0.727210491626, 0.670988846412, 0.385032570654, -0.633659125655, 0.280373706774, -0.922902796185, -0.263895838056,  
1272, 353199.7730233088, 43.85077454878125, 87.80250297978911, 59.92916207639843, 16.024581806324036, -0.212949319746, -0.787440278665, 0.578437891874, -0.775743656647, -0.22367331867, -0.590077982716, 0.594032294064, -0.574376230402, -0.563220720107,  
1277, 2113182.040453252, 79.60666568164498, 97.94777625809115, 73.88045235693424, 69.71466990478685, -0.509832954534, 0.613564533675, -0.602999934898, 0.851571694119, 0.459389319683, -0.25256108714, -0.122049204206, 0.642261641372, 0.756706003528,  
1286, 562032.3868795963, 51.19461064189314, 91.38122778763078, 61.30823632739221, 23.949525937470614, 0.599678294402, 0.78864633633, -0.135730981786, 0.706152001871, -0.44170815931, 0.553392493853, -0.376477480704, 0.427704171353, 0.821786984766,  
1287, 1235850.3722642756, 66.57212620195648, 112.77433878379871, 76.72899902047557, 34.09631631745913, 0.574333338122, 0.0927311694099, 0.813352412513, 0.766709299887, 0.287249519816, -0.57414681296, 0.286876395315, -0.953356514419, -0.0938791256141,  
1288, 1181317.9690358522, 65.57818615898191, 118.94256628527093, 88.13868213883077, 26.901366646424272, -0.723122582951, 0.621086511783, -0.302233808347, 0.526299300681, 0.778820170128, 0.341245056674, -0.447328487948, -0.0876965648263, 0.890059849891,  
1289, 629848.9788489447, 53.17603358950674, 130.86654043028037, 76.16153154814617, 15.086327450255334, 0.480446709231, 0.813813542593, 0.326922739315, -0.3256288617, -0.180590208777, 0.928091062839, 0.814332121445, -0.552353776474, 0.178237205984,  
1292, 1750191.8319325852, 74.75937830031843, 123.56483416215517, 100.45024582051519, 33.662870692103134, -0.0893691048805, -0.261936593351, 0.960938283219, -0.497143778593, -0.824286870031, -0.270922902871, 0.863053432007, -0.501936626436, -0.0565543680308,  
1295, 2572874.9016605946, 85.00478117671123, 129.819975524169, 85.11222582932916, 55.58998924747555, -0.742712819545, 0.00933381789426, -0.669545030245, -0.172666181991, -0.968757796424, 0.178030113923, -0.646965267444, 0.24783303192, 0.721120469138,  
1302, 2243343.211783561, 81.20866495183222, 124.50836995598279, 94.75186636276082, 45.39633497545958, -0.992603769159, 0.115589882516, 0.0371044001736, 0.106501646547, 0.682428330385, 0.72315210929, 0.0582679734936, 0.721755189069, -0.689691445733,  
1310, 1277525.9526070917, 67.3121879614003, 142.40535838065244, 78.84481634548514, 27.163244649249126, -0.597808343438, -0.255236767135, -0.759920638763, -0.76616581782, -0.0969575879254, 0.63528667997, 0.235828590549, -0.962004895438, 0.137591631408,  
1311, 2084837.3776858805, 79.24913399470589, 93.18055761348438, 85.43554397611288, 62.52010249278165, 0.678679170814, -0.141630650977, 0.720649250195, -0.37985535411, -0.907486503924, 0.179382705829, -0.628573379214, 0.395485782172, 0.669691349088,  
1317, 1305916.6395958976, 67.8071694345954, 126.02856417599097, 90.84211366878014, 27.231441238329772, 0.149424468927, 0.0259948150398, 0.988431382382, 0.334437331494, -0.942065247208, -0.0257825775724, 0.930496641256, 0.33442090185, -0.149461235833,  
1321, 1616163.6496654805, 72.8001445659985, 98.78215327268995, 69.90270145292162, 55.87586722163032, -0.254841535276, -0.165276129519, 0.952753689528, -0.966469060592, 0.0756481591503, -0.245387267264, 0.03151740497, 0.983341831221, 0.179012558653,  
1322, 2305241.888507862, 81.94880615619572, 117.07915138040048, 104.0844327733039, 45.16089576462895, -0.840023376938, 0.11254514452, -0.530748826322, -0.535320081518, -0.331101559834, 0.777048368764, 0.0882787433139, -0.936859299746, -0.33838072634,  
1331, 2355459.316546793, 82.53959484003101, 123.84974690270154, 70.3758264970667, 64.51613864514749, 0.23644855554, -0.734162527955, -0.636472672729, -0.397543242551, -0.670807402214, 0.626080505556, -0.886595426836, 0.104989578921, -0.450472793221,  
1346, 1041295.4384256381, 62.877478713272055, 121.28338192563928, 58.67674465671062, 34.931565263074226, 0.273872559254, -0.961220322055, -0.0323931127868, -0.686591469967, -0.218988336492, 0.693279353399, -0.673487917232, -0.167629355868, -0.719940570043,  
1349, 933801.2372024556, 60.634799415754976, 108.99026781655303, 77.6055139134899, 26.35636642130858, 0.814257509138, -0.422567373998, 0.398022013517, -0.368146946496, 0.154234180224, 0.916885839915, -0.448834640594, -0.893111769088, -0.0299805490131,  
1350, 1349170.65752787, 68.54767979439197, 128.22296069711842, 58.02072251536398, 43.29416268908849, -0.174275127658, -0.84768550784, -0.501056343815, -0.190632061997, -0.47017237703, 0.861740884963, -0.966068111894, 0.245697406733, -0.0796566852566,  
1351, 916092.6126503969, 60.24905746933635, 136.57012165282043, 65.4914405552648, 24.451782954553025, -0.740448618741, 0.562788343383, 0.36743043363, 0.0520522167573, -0.497020702517, 0.86617607217, 0.670094328983, 0.660484444799, 0.338723911826,  
1352, 2139624.4372323323, 79.93733156275019, 91.4981987507304, 84.40856811260268, 66.13781797467752, 0.69239505849, 0.693283893917, 0.199866268825, -0.272094583929, -0.00566166687702, 0.96225385576, -0.668246676292, 0.720642343999, -0.184718682491,  
1360, 576937.1863061298, 51.64321935125941, 85.97924407646778, 49.6868630207551, 32.24071925887632, -0.912789992789, -0.204954407573, 0.35328192691, 0.132489949847, 0.669616553195, 0.730794146717, -0.386342907602, 0.71386788869, -0.584064889582,  
1365, 1432808.490533025, 69.93584807305604, 135.6975623100116, 59.41012737948614, 42.42941144591839, -0.656004869511, -0.0416610986041, 0.753605973995, -0.751991563373, -0.0493122050814, -0.657325638512, -0.0645468805813, 0.99791415427, -0.00102025198855,  
1368, 3315358.0703002824, 92.50118089602594, 111.61971082030001, 99.21139833781015, 71.47256485525978, -0.972509890157, -0.21703164083, 0.0843906418063, -0.224599916255, 0.969918109537, -0.0938815126098, 0.0614767530381, 0.110254830598, 0.992000242523,  
1379, 1435048.760263587, 69.97227852389268, 117.61649508931376, 61.75443619650653, 47.16736921940173, -0.764692528426, 0.497989589467, -0.408964186393, 0.634033012992, 0.694809136338, -0.339473714, -0.115097677671, 0.518889807998, 0.847057195088,  
1383, 3449819.7723709107, 93.73517601268175, 107.6394887808854, 104.28924693854235, 73.36630378227554, -0.882001365147, -0.277832053441, -0.380634919521, 0.153987547899, -0.933297554896, 0.324412560049, 0.445377847417, -0.227519282932, -0.865952394144,  
1386, 652387.7937633699, 53.80290671329561, 118.10808848730642, 64.40997586409934, 20.473139247243648, -0.470070915524, 0.49884699519, -0.728138043072, 0.876385148304, 0.361747362651, -0.317943261365, -0.104796976154, 0.787585246818, 0.60722901181,  
1387, 1607558.7462555114, 72.67071186291265, 108.2502974752603, 76.81429517260027, 46.15376079996313, -0.176327139156, -0.503233649407, 0.845969641359, -0.928614080916, -0.200005264609, -0.312528051305, 0.326473013772, -0.840686498187, -0.432043496706,  
1391, 2406963.811452815, 83.13686629539282, 112.4681712466901, 81.14826879675962, 62.961064020978796, 0.463246171549, 0.0820787094426, -0.88242057433, 0.573620988207, -0.786762967974, 0.227953929804, -0.675545665691, -0.611773747132, -0.411547003252,  
1398, 1425221.3920695737, 69.81218662830182, 110.57408815960363, 71.23621688533643, 43.1955998004697, 0.600897927199, 0.624663904518, -0.498715036349, -0.557377047102, 0.77465997609, 0.29871851099, 0.572933249561, 0.0984729802359, 0.813664896448,  
1399, 1639127.7048886279, 73.14332976381573, 122.19931057973194, 63.25843150764342, 50.62173272392834, -0.0249795745646, -0.683415593763, 0.729602047048, -0.0522065472034, 0.729725694192, 0.681744004495, -0.998323843892, -0.0210603285146, -0.0539070058451,  
1406, 751895.1461237255, 56.41001613904054, 105.96887302839382, 66.23936954869481, 25.572557629029326, 0.286952208019, -0.953160273704, -0.0956238618047, -0.916297891114, -0.302219138529, 0.262796055995, 0.279386121798, -0.0122100343854, 0.960101197795,  
1412, 2813500.828440064, 87.57620990822487, 113.93391348941859, 87.67939495665695, 67.23693048395309, 0.168453032824, -0.633673340453, 0.755037531075, 0.457338440146, -0.628303896637, -0.629345504978, 0.87319249132, 0.451322845721, 0.183963480162,  
1414, 1592228.5129280959, 72.43896933126406, 96.40020663601867, 76.20346498512814, 51.74448911844611, 0.729026458307, 0.172409774986, 0.662416253256, -0.493642057589, 0.802835753166, 0.334323604339, 0.474170794195, 0.570727275437, -0.670397221805,  
1416, 1543321.061869536, 71.68955610154775, 110.69457152361953, 78.78017665236881, 42.249774947947074, -0.249474769256, -0.527822121388, 0.811890477637, -0.753836978509, 0.632120320151, 0.179314557929, -0.607858659013, -0.567298606579, -0.555589904189,  
1419, 2790800.932103973, 87.34004607376656, 109.43875457667998, 94.335450886722, 64.53483119730924, -0.501509461417, -0.802832161152, -0.322410888663, 0.603123300034, -0.591612431861, 0.53501122925, -0.62026651132, 0.0738596742962, 0.780906014478,  
1424, 2172897.763512529, 80.34957079114221, 128.5029373959484, 91.20101670047252, 44.2627047416171, -0.907444095523, -0.372734727909, -0.193943383778, -0.375966369094, 0.514209188696, 0.770868470993, 0.187601979763, -0.772436232236, 0.606751814433,  
1434, 2118582.410669127, 79.67442128438122, 153.90529215674485, 78.7930620658188, 41.707602031254076, -0.747572008166, 0.562771880815, -0.352737725187, -0.0340026951229, 0.497962056419, 0.866531942337, 0.663309813986, 0.659789057601, -0.353126733821,  
1435, 819849.8964511289, 58.06065250681867, 109.00305421294314, 64.04744085281692, 28.035305226421542, -0.622475822632, -0.762805065675, -0.175077931272, 0.0434546213238, -0.257042903292, 0.965422519808, -0.781431728383, 0.593344232, 0.193150397951,  
1438, 771380.298538576, 56.893149706536484, 108.35524559491107, 94.18362304668798, 18.044904983542153, 0.851538283136, 0.288425054064, 0.437828208938, -0.509042632325, 0.254880429384, 0.822138409997, -0.125531473461, 0.922955554133, -0.363861091992,  
1439, 1503549.8585028728, 71.0683787617889, 119.57096756788322, 74.97799262689433, 40.03775081381489, -0.594576177636, -0.645766585775, 0.479024723458, -0.0757233073159, 0.638098411675, 0.766222159525, -0.800465583094, 0.419304106484, -0.428297696198,  
1440, 1903587.55331107, 76.88260364731, 122.9915527081299, 92.63621061881084, 39.886706858644295, 0.532007980171, -0.210781544416, 0.820084538062, -0.354601760941, 0.824037898858, 0.441836092214, -0.768911633526, -0.525863748302, 0.363651231332,  
1442, 2083587.0492970054, 79.23328827326263, 108.9551166843982, 73.7916373097219, 61.86831146447232, -0.0208849840873, -0.00912014900778, 0.999740286435, 0.0593294400581, -0.998207459297, -0.00786674945949, 0.998019957206, 0.0591497344605, 0.0213886402371,  
1450, 3911486.7079484, 97.74271910194618, 118.4457751724937, 100.45921284469273, 78.47727311830997, 0.349410144245, -0.862075572255, 0.367067103974, -0.470077014319, 0.177601999159, 0.864572223995, -0.810518446248, -0.474640113787, -0.343185970978,  
1451, 3507048.0841410975, 94.25065355209247, 120.3696890369187, 107.78083898077574, 64.53486600464603, -0.953582940976, -0.0815343662535, 0.289882255061, 0.00805050141494, 0.955399956002, 0.295205205744, 0.301022863096, -0.283836345789, 0.910396707322,  
1454, 1959272.7703384215, 77.6250866231378, 142.55404756990205, 101.04195094095672, 32.47319478143935, 0.839380070785, -0.18504663359, 0.511076158871, -0.401781282947, 0.422037208893, 0.812684683615, -0.366077720495, -0.887492162054, 0.279901348425,  
1463, 968284.3343007091, 61.37216331845466, 120.95795798148427, 86.22249333404739, 22.16456806839894, 0.308099551615, 0.947127968161, 0.0895727537954, -0.343256517011, 0.0228603075065, 0.938963455024, -0.887270888638, 0.320040650962, -0.332151098007,  
1464, 225110.81241280737, 37.73716308312738, 75.66875956687959, 56.75672573487381, 12.513355937106317, -0.68757245931, 0.604347703567, 0.402502132157, 0.219905146175, -0.354977918317, 0.908643166591, -0.692015780083, -0.713270306896, -0.111173870205,  
1470, 2904223.7107078414, 88.50758397798134, 114.23453037716229, 92.96523709235012, 65.28651335672393, -0.791665780165, 0.516002731463, -0.327118439772, -0.411508522709, -0.0546025405707, 0.909768815854, -0.451581696102, -0.854844865274, -0.255566484618,  
1471, 3342629.9675357463, 92.75412461526582, 106.09658051813342, 103.57795481900516, 72.61577466609985, -0.369228866223, 0.392447428981, 0.84241026812, 0.802942408668, -0.321692157616, 0.501794424132, 0.467924708377, 0.861683916071, -0.196334653272,  
1475, 839091.9136039097, 58.51137564717548, 127.23945061063003, 108.87340144268816, 14.46030155340502, -0.363612159885, 0.72198073866, 0.588667996571, 0.900932531736, 0.433229634761, 0.0251526703458, -0.236868677634, 0.539495965294, -0.807983497967,  
1479, 1143915.5049457399, 64.87864620984178, 123.19141933585556, 114.56104403664114, 19.350309487515204, -0.659548577891, 0.551063873874, 0.511198865719, -0.7233618062, -0.280469881266, -0.63093925463, -0.204311944664, -0.785916822961, 0.583602070467,  
1481, 2209783.846472324, 80.80168084068549, 114.041784615702, 79.68105954311437, 58.05532758686557, 0.462680241189, -0.881459383771, -0.0946379901232, 0.573776173966, 0.216367207093, 0.789915270067, -0.675801669577, -0.419779211558, 0.605869224289,  
1482, 3280751.8287984524, 92.17820711683993, 106.84209333609827, 98.98965281355257, 74.05469212712394, -0.279792405755, 0.164046828029, 0.945941249706, -0.957193158918, -0.123759332053, -0.261657952775, -0.0741449000439, 0.978658401049, -0.191651422782,  
1483, 2981262.060402975, 89.28335773003826, 123.40863069202739, 103.78927691158273, 55.566561630386374, -0.795996522381, 0.580778614904, -0.170545409868, 0.60334601782, 0.738653656424, -0.300606651011, 0.0486119238197, 0.342179742711, 0.938376206295,  
1485, 1241475.2030411419, 66.67297181822795, 112.65271542550241, 88.28486983408573, 29.800358901391892, -0.178621116966, 0.526287099364, 0.831334099876, 0.974397104912, -0.0226383744847, 0.223691273722, 0.136545884275, 0.850005525302, -0.508768934236,  
1486, 3540774.586078294, 94.55181938600475, 126.40433456142254, 90.6934496467197, 73.7346770218701, -0.931832979045, -0.232717595468, -0.278441771156, -0.1524395008, -0.445285342337, 0.882316928601, -0.329316713455, 0.864617536637, 0.379456212994,  
1488, 499596.5647146354, 49.224004832526795, 109.12036036604015, 65.4907475543067, 16.689567979077026, -0.811379063483, -0.584186384173, 0.0197556039952, -0.540741040696, 0.737346013113, -0.404870329678, -0.221953018111, 0.33918597479, 0.91416067092,  
1489, 1477603.9528661082, 70.6572089607, 95.73544786038747, 85.50952206740017, 43.09056440673455, -0.0656552371166, 0.760641136061, 0.645843984234, -0.99678682801, -0.079757796019, -0.00739685603757, 0.0458847397749, -0.644254418771, 0.763433582278,  
1495, 854690.6928491585, 58.87172868986427, 99.26135799994002, 46.0328899813077, 44.65518694327148, 0.808614020976, -0.218101172804, 0.546420390819, -0.426426897862, 0.422609644158, 0.799725696376, 0.405343639226, 0.87967776321, -0.248723877127,  
1501, 905067.0955038306, 60.0063746115008, 103.23602664594166, 67.86169300057196, 30.841549952648748, -0.208171162402, -0.895770099018, 0.392760355496, -0.955034780599, 0.0994784741408, -0.279307359424, -0.21112398014, 0.433243537618, 0.876200149579,  
1506, 1917799.235985528, 77.07345789120036, 93.79737498779079, 80.23167733748821, 60.8384268837294, -0.636237425149, 0.0276384396939, -0.770998090459, -0.211684839984, 0.954749146517, 0.208910496974, -0.741883729004, -0.296125284088, 0.601596499959,  
1508, 856892.3742078893, 58.9222364935183, 128.2721604657771, 93.60713563465175, 17.037124731792378, 0.0456793108012, -0.997862033197, -0.0467414512851, 0.321522473528, 0.0589866477333, -0.945062894418, 0.945799502844, 0.0281413946473, 0.323529538569,  
