# Void_ID, Void_Volume, r = (a*b*c)**(1/3.0), a, b, c, vector_a, vector_b, vector_c 

10, 1491756.672685451, 70.88208109668227, 152.2737115687976, 79.69235246689853, 29.34727618761915, -0.492691095207, -0.854967331358, 0.162130647982, 0.222973102213, 0.0560612163513, 0.973211249273, -0.841153065971, 0.515643289816, 0.163013856081,  
36, 2507457.689033314, 84.27815147335794, 109.7938418896578, 77.77348371906848, 70.10281688510214, -0.334773269171, 0.448072054714, 0.828950114322, 0.0316642307325, -0.873864515812, 0.485137284176, 0.941766550022, 0.188659062306, 0.278358623845,  
42, 1805997.8886774108, 75.54566404401399, 132.8892448654521, 65.79903095399797, 49.30821690162038, -0.958137944893, 0.00822342076142, -0.286188843086, 0.0277863346154, 0.997539639539, -0.0643629331031, 0.284955431892, -0.0696207074079, -0.956009078898,  
49, 2184390.624073403, 80.49098304143372, 143.77287075379843, 88.2636831977061, 41.09440564801998, 0.0501287891958, 0.00413977657816, 0.998734182225, 0.518267058171, -0.854923613401, -0.0224693494572, 0.853748417808, 0.518737387798, -0.0450017954233,  
53, 938378.5587749187, 60.73371151248714, 115.47623706816489, 65.00983405825832, 29.84130322890903, 0.441962390236, -0.716967859929, 0.539097703061, 0.622682245027, 0.677805989991, 0.39095506348, -0.645705867517, 0.162899133701, 0.746007912085,  
55, 1344620.2899553422, 68.47052907337441, 118.31562285179314, 65.19376122334855, 41.616247644701744, 0.269732442877, -0.621463112549, -0.73554606178, -0.767856205332, 0.322124644215, -0.553744130012, -0.581069064048, -0.714156364762, 0.390306840161,  
130, 822202.9997937715, 58.11614730501491, 102.00456715841692, 52.183023697123545, 36.875811818172785, 0.830237524316, -0.412691122129, -0.374688792111, -0.488844675214, -0.216083044788, -0.845185779146, -0.267836772556, -0.884869569751, 0.381142109712,  
139, 1003836.4459758995, 62.11427922692355, 91.50485354123605, 61.39007140156452, 42.66110314400139, 0.810834170494, -0.462455008952, 0.358724563773, -0.360035459041, 0.0891089190973, 0.928673284191, -0.461435170086, -0.882153595034, -0.0942476449342,  
152, 1791401.310805399, 75.34158621630144, 95.4905590220736, 70.05280109591462, 63.932006819439394, 0.170425564111, -0.941159061898, -0.291847130026, 0.298881824264, -0.232852764543, 0.925445430682, -0.938948764429, -0.244947362206, 0.241611273591,  
156, 1537419.0384027436, 71.59805344026582, 140.703660390005, 72.08703379654548, 36.18604292565815, 0.247929283721, -0.359137657768, 0.89975063937, -0.615225519729, 0.659060546076, 0.432593061063, -0.748350606432, -0.660802042505, -0.057550243037,  
165, 678618.8573151405, 54.514550829641756, 121.76073528013391, 94.6577933442933, 14.05638604821566, -0.535814043843, -0.488246196404, 0.688853367646, -0.778758836127, 0.601018006068, -0.179755477068, -0.326248349535, -0.632766155921, -0.702259927909,  
198, 868877.6757856478, 59.19567946589315, 79.68660179101987, 66.85870886098668, 38.933794952999754, 0.898343765806, 0.345886147367, -0.27081589964, 0.345137764315, -0.174337799803, 0.922218116935, -0.271769023404, 0.921937690205, 0.275993647207,  
199, 223720.6396296446, 37.65932061981026, 94.12113609915374, 48.77447570237312, 11.634230733897795, 0.15638288691, 0.531583752763, 0.832444056067, -0.400253271817, -0.736401824801, 0.545444470895, 0.902962740694, -0.418486638053, 0.0976074929998,  
270, 3505275.293721615, 94.23476984084466, 143.52851658375826, 102.272830227958, 57.007901121887556, 0.596243037344, -0.791180334761, 0.136117296134, 0.187831794854, 0.302329188702, 0.934513926328, -0.780521272779, -0.53163026583, 0.32887049608,  
319, 934262.3501605181, 60.64477830266621, 82.98141347969981, 72.06185899094544, 37.29872175437772, 0.921093522572, -0.17286122293, -0.348863469403, 0.33151295258, 0.818091564456, 0.469920583117, -0.204171214788, 0.548493564022, -0.810844575291,  
331, 1084196.7492161084, 63.72940011656411, 111.6928376097483, 98.77118028167247, 23.46194019765537, -0.888831079517, 0.042023773177, 0.456303971681, 0.329957655145, -0.632291149529, 0.700953527731, -0.317973674846, -0.773590269274, -0.548133959348,  
356, 711927.8725311736, 55.39226564876565, 124.571629233607, 42.03068700780721, 32.46098946212962, -0.74850141283, 0.622334471733, 0.229009694739, 0.11394440298, -0.219508468422, 0.968933798214, 0.653270470801, 0.751342689845, 0.0933908689068,  
360, 1662724.1329272233, 73.49264258378244, 109.88468909309924, 75.38835756295005, 47.91705579044015, -0.600002198372, -0.183795071748, 0.7785992124, -0.147100730625, 0.982003313002, 0.118451966228, -0.786357893709, -0.04346107287, -0.616240535949,  
377, 1213258.452560055, 66.16397244658648, 128.39263524432255, 83.00156128771836, 27.179304665061, -0.633179564394, -0.564279272412, 0.529785373486, -0.100762463467, 0.738742131164, 0.666413527473, -0.767418116277, 0.368576947691, -0.524614590382,  
390, 498025.8090228317, 49.172363124997005, 132.94931018305948, 63.36267381377024, 14.113790169290969, 0.63111880881, 0.763755119224, 0.135525521676, -0.364894594956, 0.138143250601, 0.920743382754, 0.684500535966, -0.630550997282, 0.365874918639,  
434, 550091.0027838049, 50.829438339245016, 140.26567195457233, 83.6071691285241, 11.198272128248819, 0.784715498927, -0.0152145327493, 0.619669350328, -0.560410078019, 0.409784562017, 0.719734087832, 0.26488135117, 0.912055442791, -0.313037919551,  
445, 1673881.2471911435, 73.65665828395039, 120.88292841356537, 66.68974111318096, 49.56921380003916, 0.154737074601, 0.861233182427, -0.484080409881, 0.733846123337, -0.428248295988, -0.527326525263, 0.661457712183, 0.273643568296, 0.698278520738,  
456, 2431408.628574123, 83.41736133641143, 102.36529714017384, 98.41845766428511, 57.615593249187775, 0.58646067896, 0.601912601452, -0.542001007607, 0.440250101739, 0.324802155954, 0.837068340941, -0.679885078489, 0.729523666306, 0.0745083911187,  
464, 368413.82634239364, 44.47156747028642, 104.92252823414431, 47.412275016849584, 17.68022426644472, -0.231826251283, -0.60778898442, 0.759505852271, -0.97206743227, 0.115346837316, -0.204401600389, -0.0366264431318, 0.785676560386, 0.617552302339,  
475, 1199065.6028186742, 65.90496167250726, 114.19959769203732, 62.34923084750683, 40.203018442490986, -0.560430313833, -0.315616390108, -0.765705006926, -0.209869165216, -0.840243083873, 0.499946490631, -0.801169642977, 0.44088303925, 0.404659546871,  
495, 2559139.22906505, 84.8532409904173, 106.63543043267646, 91.21851641103756, 62.80884020268604, -0.247484808446, -0.911098046304, 0.329623451242, -0.170726435314, 0.375891008209, 0.910800984976, 0.9537314894, -0.169133970473, 0.24857583583,  
498, 427908.878306676, 46.74705211959193, 123.7482791809092, 95.73298516902886, 8.623070131526962, -0.461899279051, 0.119398343994, -0.878858971317, -0.855472964451, -0.321545197302, 0.405924491976, 0.234126169204, -0.939336319719, -0.250663550103,  
526, 1857675.1129992113, 76.25945863285762, 121.48580630428661, 89.49573241054681, 40.78996067802831, -0.244010923927, 0.671209290295, 0.699954825418, 0.969586353065, 0.182995625634, 0.162526628431, 0.0189992882695, -0.718324919253, 0.695448299606,  
534, 2689583.982752451, 86.27113269801221, 125.18484072706383, 84.59611688844448, 60.63094408956351, 0.122335085485, -0.0141166597243, -0.992388455585, 0.379824177371, -0.923113849231, 0.0599534456184, -0.916933869559, -0.38426753867, -0.107567362991,  
538, 2697853.521449403, 86.35946017983603, 140.15205431075896, 108.6823999224597, 42.2835136653314, 0.032009422005, 0.708438587468, 0.705046214577, 0.571643198703, -0.591620835365, 0.568514591316, 0.819877704466, 0.384837049865, -0.423911541211,  
556, 1452663.0697259442, 70.25740349380376, 86.49728633589726, 83.13039017301364, 48.229636090188286, 0.647291210249, -0.212848145202, -0.73192196047, -0.0149903084265, -0.963590464276, 0.266961996941, 0.762095387591, 0.161830418159, 0.62691429715,  
583, 2863689.476450625, 88.09388668969015, 108.00644286492786, 101.89724496371144, 62.119107769221294, -0.861525640453, 0.507668503583, -0.00680156693853, 0.485073849153, 0.826990080571, 0.284237167706, -0.149923085982, -0.241578345693, 0.958729873938,  
596, 1205420.1011230361, 66.02117864819698, 105.41990727472503, 83.19457859000114, 32.81195927939315, 0.400495469194, 0.248004281746, 0.882098211874, -0.721044502133, 0.679335278822, 0.136375968893, -0.565418610499, -0.690650023661, 0.450892825091,  
605, 3222944.6379943467, 91.63359924368602, 134.3695501415276, 106.54267689117597, 53.74521056902554, 0.723521554614, -0.666285036986, -0.180501549849, 0.0582141439485, -0.201657841611, 0.977724515577, 0.687842767973, 0.717912504701, 0.107116582009,  
661, 1025537.1420601425, 62.55868265281289, 134.46727691516932, 51.03895094926678, 35.6733943832173, -0.613613671209, -0.673527380448, 0.412115433211, 0.155986939809, 0.408240235743, 0.89944871145, -0.774045436078, 0.616198651172, -0.145440314836,  
672, 828208.0080827372, 58.25728915562488, 116.95341829003705, 76.75357949551605, 22.02618374736218, 0.0792616048084, -0.89641328245, 0.436074334317, 0.80553995754, -0.20009247077, -0.557735044576, 0.587216293038, 0.395482275441, 0.70623706714,  
673, 1931513.4371202972, 77.25673938468387, 119.31838928542928, 114.11895541523204, 33.86444440096044, -0.0847175241998, -0.994415668273, -0.0629318662271, -0.795539089794, 0.105533156698, -0.596640854658, 0.599950412703, -0.000481176465713, -0.800037043371,  
699, 500017.00521250855, 49.237809279085575, 125.35286412934946, 80.66901075371689, 11.804705929483665, 0.450726889142, 0.889724576852, -0.072356400886, 0.250469066084, -0.0482510975702, 0.96692144382, 0.856802496693, -0.453940534573, -0.244596550942,  
702, 2050499.740929976, 78.81164089570267, 132.3997877568705, 75.0364738602872, 49.273272065117894, -0.150862495632, -0.976834149884, -0.151774671907, 0.112452703311, -0.169493127627, 0.97909471922, -0.982137921542, 0.130641200651, 0.135417797067,  
712, 624330.0110348338, 53.02026175166304, 152.95201743755015, 96.17187468924797, 10.13263294792833, 0.51809013831, 0.225191555284, 0.825149302863, 0.775883962189, 0.282287297482, -0.564196737759, 0.359981507586, -0.932524876402, 0.0284722511698,  
747, 2736372.8820442497, 86.76852660057803, 142.98293689136995, 92.7320589771073, 49.26886441881457, 0.0322694366893, 0.346519504298, 0.937487555436, -0.773247637136, -0.585657908604, 0.243090324269, 0.633282539724, -0.732754424914, 0.249046537116,  
765, 431263.5982330341, 46.86889676911554, 85.3531730101165, 76.05051677135675, 15.861065282535476, -0.548857096246, 0.0256091065924, -0.835523824651, -0.526380829139, 0.765881150228, 0.369255042539, -0.649368239611, -0.642471974008, 0.406879161422,  
782, 876640.3107635988, 59.371443660791805, 106.252818160697, 79.75901423691745, 24.695202529289134, 0.822958630879, -0.522033665883, -0.224098066808, -0.516598016191, -0.851785136524, 0.0871124036173, 0.236359009835, -0.0440787123319, 0.970665485937,  
805, 148281.3666805232, 32.83467008523863, 105.19776507210821, 45.157868685768065, 7.451745623787552, -0.995855529553, -0.089559122844, 0.015840699922, -0.0534092658387, 0.716845975725, 0.695182923704, -0.0736153148548, 0.691455718468, -0.718658315764,  
837, 2034656.3823710764, 78.6081342664998, 125.56961356188935, 82.19586929749381, 47.06173295337564, -0.292706903897, -0.380047952898, -0.87743160526, -0.0971275009712, -0.901058039232, 0.422682692442, -0.951256493784, 0.208944881328, 0.226832800981,  
852, 876771.5288192059, 59.374405809435, 148.109704131987, 57.8999689168417, 24.408212989764912, -0.877395455348, 0.430713892064, -0.211335652737, 0.453090810218, 0.599047738608, -0.660189764056, 0.157752757918, 0.675001740777, 0.720754269719,  
853, 205172.44223432045, 36.58840459810794, 91.20920902426175, 41.60132745989022, 12.908760415743512, -0.0543804075811, -0.97105604994, 0.232578845011, -0.994717658638, 0.0729917931747, 0.0721732479691, 0.0870606160361, 0.227425473517, 0.969895923866,  
905, 2151290.0419401024, 80.08234574703343, 133.23702147437177, 70.23008835050906, 54.88608166001814, 0.261626184023, -0.391290128673, 0.882294607847, -0.670225054318, 0.584137298831, 0.457801258931, -0.694514302515, -0.711108747884, -0.109426835306,  
950, 2954024.349419994, 89.01061884980467, 138.291425210416, 76.55468223095131, 66.6129168431875, 0.411733888753, 0.0548824650047, 0.909649998564, 0.720732822695, 0.591248672641, -0.361896677783, 0.557691135972, -0.8046197376, -0.203881521287,  
953, 1193705.4264918512, 65.80661011133303, 116.14291255512902, 91.86672259057495, 26.708999696475573, -0.211184796995, -0.359863988338, 0.908789794956, 0.926078545137, -0.371106921523, 0.0682508683768, 0.312697153416, 0.856024276931, 0.411634458653,  
993, 1132953.1324279485, 64.67073225331589, 125.6869389089669, 64.56851612374508, 33.32824001576419, 0.110665905502, 0.438393137916, -0.891944232555, 0.93678163969, 0.25374359106, 0.240944702236, -0.331953636671, 0.862221344334, 0.382597878296,  
994, 1100769.0308467066, 64.0524674482583, 94.94371216131721, 78.07674420001936, 35.4502816782286, 0.420108919868, 0.409123511464, 0.810016325647, -0.671307197814, 0.740724560186, -0.025957120433, -0.610618654817, -0.532864971925, 0.58583255294,  
1058, 771900.284544677, 56.90593069010108, 137.26155031070056, 39.275358324185106, 34.182477452512174, -0.290520311691, -0.473625319437, -0.831430697823, 0.240503084096, -0.877157168587, 0.415636341212, -0.926151291656, -0.0792108476392, 0.368740324051,  
1076, 1603045.831953789, 72.60264507797832, 142.29912270161938, 57.17107983816978, 47.04123469465364, -0.939125105946, 0.256699299774, -0.228362660866, 0.105923576719, 0.848609474606, 0.518307008928, 0.326839763916, 0.462566134844, -0.82414097072,  
1079, 632993.362555958, 53.26437665910258, 120.084753592101, 105.21625623288716, 11.96023824368343, 0.577696516212, -0.28405987741, 0.765229848609, -0.800851258949, -0.0159982331274, 0.598649578281, -0.157810000304, -0.958673063449, -0.236731833984,  
1146, 1204537.3137350823, 66.0050578790912, 144.80764472357805, 52.97086261106156, 37.488935905885924, 0.511265994397, -0.532664718835, 0.674444497555, -0.673438685954, -0.735857915378, -0.0706644510117, -0.533935781939, 0.418068685367, 0.734936157146,  
1164, 1902418.4736740226, 76.86686139041979, 126.19180404808358, 84.31357330198499, 42.6863283372665, 0.901606879127, 0.423137262307, 0.0897769054873, 0.226190323699, -0.63810969599, 0.735971435144, 0.368704452071, -0.643250241454, -0.671033645873,  
1202, 374868.43233428773, 44.72977911854637, 126.31182686591971, 52.597003028167336, 13.470547432690681, 0.205320804183, -0.81971245925, 0.534710063043, 0.468327837912, 0.562027046234, 0.68175848769, -0.859367443883, 0.110440406784, 0.499290008856,  
1217, 3328685.5164088556, 92.62496403246166, 114.23787503239434, 92.11897965519339, 75.5135559966696, -0.164854209105, -0.662619189278, -0.730588050642, -0.981046860864, 0.0336819339961, 0.190820816768, 0.101833916404, -0.748198728496, 0.655613084179,  
1223, 522953.9907849858, 49.979467431372804, 102.64240316752635, 88.65300786399791, 13.72001497753931, -0.576765827796, -0.204597316288, 0.790873642281, -0.799725367669, 0.338942301287, -0.495537539148, -0.166674881713, -0.918290833323, -0.35911200097,  
1285, 1243721.6173925607, 66.71316187414685, 119.06849370388909, 102.54739613824651, 24.317172567513172, 0.174560484634, -0.965221479762, 0.194617913385, 0.635335761709, -0.0405903632974, -0.77116852393, 0.752248035622, 0.258263271514, 0.606154250574,  
1328, 1471962.4749840258, 70.56717142451566, 122.39305318330454, 90.66974451202381, 31.665690932571543, 0.79493927641, 0.606549842969, -0.0129936451855, 0.165298913977, -0.195933010565, 0.966584980438, -0.583736084082, 0.770524200376, 0.25601687596,  
1342, 2009005.5676084617, 78.27639996579612, 93.57754894349753, 81.2825962014266, 63.055547171309534, 0.684099014872, -0.187284714585, -0.704934729982, -0.678219531751, 0.192280152995, -0.709257787773, -0.268378100082, -0.963303056388, -0.00451851181355,  
1378, 2332836.8496135627, 82.27450015852642, 140.83551193935446, 106.89105250425726, 36.994931487001125, -0.963514979035, 0.267654412756, 2.25332862229e-05, 0.0604252780217, 0.217439749727, 0.974201591568, 0.260744455265, 0.938659187656, -0.225679548204,  
1394, 1585079.7247690826, 72.33039450535436, 123.11897850658119, 89.87296594032857, 34.19860756655745, 0.682826183597, 0.166820261097, 0.711280116046, -0.492800656461, -0.613571350543, 0.616990851459, -0.539347676352, 0.771816816531, 0.336753449476,  
1395, 1085761.210579395, 63.760038549110256, 108.1109127020431, 55.5523429514468, 43.159241024757705, -0.53066018892, 0.305197868036, -0.79073005839, 0.788836562707, 0.519112283375, -0.32902783254, -0.310059093129, 0.798358753065, 0.516223459533,  
1432, 1528265.178030275, 71.45567116520309, 113.21750027934262, 69.61915600678299, 46.28793351038942, -0.489421223096, -0.599625711253, -0.633179179054, -0.856147556538, 0.468412980874, 0.218175710801, -0.16576558092, -0.648874630227, 0.74261934154,  
1436, 1980760.2305680925, 77.9078284833156, 117.8828821437123, 75.82952827983416, 52.89982052806017, 0.373313907714, 0.116134381839, 0.920407264021, -0.29627885805, 0.955101419261, -0.00034234263487, -0.879122041914, -0.272569411858, 0.390960805119,  
1569, 2872752.6433808417, 88.18672366346001, 120.1286443758011, 104.26517861186146, 54.75499654744203, 0.797212550455, 0.507313840794, 0.327238164548, -0.485301823181, 0.216135941314, 0.847211541051, -0.359074212127, 0.834216951285, -0.418506616882,  
1584, 1172538.43556635, 65.41532340040125, 86.60516837510086, 70.79091260036195, 45.65802872120599, 0.0221425022676, 0.998904679382, -0.0412207605779, -0.519182311249, 0.0467243669955, 0.853385353293, 0.854376636665, 0.0025050026278, 0.519648234561,  
1616, 903382.7467281126, 59.969127123498566, 112.06243567641818, 77.85762431505046, 24.718492278168377, 0.281025967911, -0.918929378944, 0.276754768474, 0.358131953039, 0.367960210858, 0.858106512875, -0.890374027908, -0.142035487605, 0.432504347595,  
1618, 491617.9514380272, 48.96055977013689, 96.30919353097029, 44.464236416727324, 27.40693934719209, 0.287362777247, 0.883819610473, 0.369168701811, -0.350466415864, -0.261675502402, 0.899277055637, 0.891401102537, -0.387799983995, 0.234553292044,  
1623, 987105.6455490155, 61.767260814356774, 100.98344134628219, 54.45873580464574, 42.8506391701576, 0.217458870632, 0.255181646124, -0.942122055291, -0.852039104713, 0.52050828208, -0.0556820646625, -0.476173291589, -0.814833391416, -0.330613884478,  
1626, 984387.4618414262, 61.71051271481713, 107.60374683543547, 55.23115893892513, 39.542663027603176, -0.529987031148, 0.262397610012, 0.806387773392, 0.787855180463, -0.199393245143, 0.582689066663, -0.313684493452, -0.944134433252, 0.101055482365,  
1629, 2523660.211183855, 84.45928951471053, 95.21851103107593, 89.2586636867111, 70.88763782154055, 0.761350358598, 0.610074929072, 0.219440680779, -0.267385535802, -0.0128800573426, 0.963503544034, -0.590635764839, 0.792239032768, -0.153318975512,  
1645, 1608604.2803665875, 72.68646312595928, 135.74872227586482, 91.43833935018377, 30.938305965582618, -0.815389963434, 0.167934149061, -0.554019249766, 0.563315613372, 0.0095180546864, -0.826186980269, 0.13347182198, 0.985752265133, 0.102360854447,  
1647, 832762.3367676631, 58.363879924578924, 79.19989510113642, 75.94411665461453, 33.053216214318844, -0.43700386707, 0.350000077758, 0.828569590158, -0.896978296819, -0.101201351452, -0.430335010777, -0.0667649249376, -0.931267003621, 0.358167855571,  
1656, 1417239.210178157, 69.68161109022238, 107.0510381813426, 71.80910660811749, 44.01332137269485, -0.931162870393, -0.267710252777, -0.247521573522, -0.324576481873, 0.917901071954, 0.228271175405, -0.166089783599, -0.29289732444, 0.941607848905,  
1724, 2149062.3078829683, 80.05469353503132, 118.58562970582071, 104.85188132541418, 41.26217403778592, -0.937997721615, 0.253781500445, 0.236125441826, 0.341252220876, 0.795693892909, 0.500417975831, 0.0608867472652, -0.549969252613, 0.832962559295,  
1731, 723109.2570789949, 55.680753534345676, 131.30583179631196, 84.76523440538197, 15.510061842966872, 0.880696761842, -0.472937364048, 0.0265228838535, 5.43650139287e-05, 0.0560941136431, 0.998425484179, -0.473680494347, -0.879308648941, 0.0494276154903,  
1754, 618822.9377044247, 52.863907894064866, 126.9281362461739, 82.9081269049879, 14.038567265824893, 0.286614080752, -0.827836977474, 0.48222225938, -0.403852282198, 0.352035646075, 0.844378018459, -0.868766771279, -0.436757189545, -0.233425479549,  
1770, 2851868.4759945055, 87.9725055076817, 124.51773874132887, 101.98331775510333, 53.61428536908454, -0.940906661661, 0.325433679694, 0.0937420618668, -0.279079703494, -0.901873334407, 0.329755982179, -0.191857168592, -0.284108093524, -0.939400563154,  
1795, 939234.0269359741, 60.75216176926423, 130.5667592214767, 115.7110970203054, 14.841492364223368, -0.872912116121, -0.215165901909, -0.437867642313, 0.481107907487, -0.528625036406, -0.699350235746, 0.0809914741344, 0.821132879344, -0.564961215994,  
1815, 861985.1326505995, 59.038736612900216, 103.13257588413484, 73.10847562843699, 27.292767296932354, -0.842951135842, -0.472707804552, 0.256867113697, -0.096397692865, 0.602442723884, 0.792319537339, -0.529283352651, 0.643125256816, -0.553397720136,  
1828, 1767149.190145741, 75.00004700375136, 145.17466609997064, 62.56480106064762, 46.44764539941122, -0.931169295408, -0.270649919737, 0.244279275085, -0.328998177571, 0.335044693421, -0.882895946624, -0.15711124226, 0.902493032858, 0.401026661457,  
1835, 726348.7249839036, 55.76377802164465, 107.96897515117168, 77.43397212323359, 20.740826204008187, 0.730795722684, 0.66169731205, 0.167613480757, 0.532459453728, -0.706250695816, 0.466579987564, -0.427111861041, 0.251727276801, 0.868451976953,  
1851, 2306946.9635621994, 81.96900568923172, 117.62869714768314, 87.29117163993965, 53.63711267523072, 0.598783946585, -0.444082880326, 0.666519452614, -0.602369635664, 0.298750168431, 0.740202106788, 0.527833882337, 0.844712218607, 0.0886152379306,  
1871, 1646968.0509952405, 73.25976508768387, 130.95493343983136, 92.48918240086769, 32.462634403055304, 0.86572001697, -0.238499370854, -0.440053294863, -0.403364260215, -0.852979512288, -0.331244962525, -0.296354729673, 0.464267166316, -0.834643560139,  
1874, 2563492.721733994, 84.90132990546235, 121.33227762406997, 103.89583877886889, 48.54773533565384, 0.305737805707, -0.536373413383, 0.786656186385, 0.376172255954, 0.827048867176, 0.417713544374, -0.874653547418, 0.168207409822, 0.454628902809,  
1896, 1281361.959837178, 67.3794930595449, 107.28827817494647, 62.91992850417065, 45.31507691984391, 0.92928611856, 0.368637626547, 0.0231000031506, 0.193583412662, -0.53935204855, 0.819527199101, -0.314567595588, 0.757103472465, 0.572574501517,  
1904, 1845693.5942987925, 76.09515369480391, 107.23794160377768, 95.23969640213946, 43.14242214737852, -0.872361450975, 0.168877525478, -0.458765604902, -0.451005591571, 0.08407031159, 0.888552834153, -0.188625171239, -0.982045092701, -0.00282500927888,  
1924, 2677806.089854162, 86.14501914685009, 128.08795483569205, 92.26631364474515, 54.09274923735734, 0.108698798562, -0.541967439656, -0.833340185965, -0.0459967572287, -0.840151618254, 0.540397591288, 0.993010004741, 0.0204096226961, 0.116252216262,  
1926, 1460566.6113864977, 70.38459020205308, 162.6692560029832, 95.87037959833611, 22.35850863992946, -0.940350508651, -0.262071706702, -0.216931651507, -0.339426440886, 0.679543384422, 0.650392558318, 0.023035019131, -0.685229311424, 0.727963033855,  
1940, 1096594.0496434588, 63.97138575581932, 136.11703181296753, 100.76882131674829, 19.086162923889965, 0.694325586461, -0.518246853316, 0.499331732432, -0.618647026048, -0.0753318015592, 0.782049216377, 0.367678986546, 0.851906872083, 0.372916671859,  
1964, 3318662.5053452714, 92.53190283125497, 131.75804223663826, 81.38714027511841, 73.88249573826445, 0.791702836474, 0.489927659566, -0.364934935448, 0.485131642808, -0.141144145019, 0.862974866073, -0.371286826948, 0.860261134028, 0.349423630306,  
1968, 2069595.8465605355, 79.05554037924621, 92.98361751289917, 82.48695815706523, 64.41769902357436, -0.60633148125, -0.129444199071, -0.784605846379, 0.793170377368, -0.169101343819, -0.585051696848, 0.0569463546772, 0.977061377215, -0.205202772504,  
1977, 1575362.1927749235, 72.18228120135764, 88.18323982055803, 75.73115323701535, 56.31592065320102, -0.0328892340693, -0.21657260288, 0.97571235821, 0.917051746927, -0.394716499766, -0.0567007783904, 0.397409601972, 0.892913877423, 0.21159020716,  
1982, 1762561.0522031118, 74.93508195456671, 137.64440768104853, 82.91847896644092, 36.86766747047181, 0.660564103066, -0.716375136274, -0.224636884481, -0.697706679815, -0.696242585441, 0.168676172473, 0.277237181278, -0.0453092302563, 0.9597325768,  
2015, 1525068.35370905, 71.40581273889619, 113.69962304603946, 80.54286725495218, 39.757090010356904, -0.688749988763, -0.723013383173, 0.0536199657816, -0.724906584115, 0.685595799163, -0.0668494164288, -0.0115713994443, 0.0849120010493, 0.996321260835,  
2068, 3190358.092563594, 91.32372288475199, 138.0039166383233, 93.43311447444499, 59.068859385746215, 0.453031021188, 0.520387508279, 0.723850630357, 0.390591353943, -0.84573411962, 0.363554938263, 0.801374624047, 0.118028132825, -0.586402653299,  
2104, 1878124.6596309415, 76.53826300012416, 127.7061917686344, 83.90862516301779, 41.842463512870495, -0.749109395927, 0.0706098979032, 0.658672418772, -0.63041285464, -0.381440016397, -0.676079245796, -0.203506131696, 0.921692875208, -0.330253687569,  
2179, 2945030.390390451, 88.92019173375076, 119.47895450307188, 82.6907015297302, 71.16280879516664, -0.197023375879, 0.209862814932, -0.957673946741, -0.00526573350781, 0.976580206051, 0.215089221485, 0.980384649721, 0.0474204603231, -0.191304047356,  
2230, 1300354.3858496277, 67.7107627120299, 135.03611374235277, 89.90685003802643, 25.569980964156002, -0.0155646895969, 0.599040348438, 0.800567549543, 0.940647645015, -0.262707696486, 0.214864315639, 0.339027651329, 0.756396276531, -0.559396929276,  
2231, 3335794.647113644, 92.69085738588059, 126.58680058346002, 97.09684831348436, 64.79136676484958, -0.960437747825, -0.0377126436412, -0.275929500167, -0.190779719318, -0.632700974949, 0.750528197336, -0.202885266222, 0.773477364122, 0.600475091858,  
2233, 429317.1805524946, 46.79827944931264, 107.7381557332752, 47.853467374290645, 19.879557391941894, 0.182781530415, -0.0561095124082, -0.981551137107, 0.389073707392, 0.920993723144, 0.0198043466202, 0.902891223988, -0.385515608693, 0.190171378232,  
2240, 1146395.4231115375, 64.92549629161692, 87.44588695314306, 76.26142647152112, 41.039449126497324, -0.581115021841, -0.116210629915, -0.805481483887, 0.0458664060069, -0.992855702111, 0.110153654433, 0.812527909792, -0.0270674025309, -0.582293526952,  
2252, 2045412.9137267543, 78.74641562994212, 125.76099964787409, 98.23700282517288, 39.52494730325009, 0.106480676567, -0.85459008052, 0.508269278823, -0.873389657031, -0.324707226724, -0.362981712906, 0.475239279215, -0.405266592739, -0.780965182515,  
2273, 1561488.6318775534, 71.96976299264188, 139.99838299241432, 88.03445782687663, 30.24645660469116, 0.59807954016, -0.589329474729, 0.543131322847, -0.230170956732, 0.522839037657, 0.820768342091, -0.767673234078, -0.615897808826, 0.17705280219,  
2282, 1185183.4925049, 65.64963686923497, 119.74786105650742, 78.04332961259368, 30.27564680573003, 0.342822881455, -0.756567047861, 0.556847172968, -0.834777389488, 0.0265102262809, 0.549949013911, 0.430835446488, 0.653378534996, 0.622476753024,  
2292, 1138743.0627304104, 64.78071120199517, 102.6590706678759, 81.1795560229829, 32.620689369694546, 0.0387771821058, -0.883864734375, 0.466132450572, -0.937515332938, -0.193600918333, -0.28910843109, 0.345776417146, -0.42579550931, -0.836144038786,  
2308, 1634256.9701376874, 73.07080842155142, 92.18657710743973, 87.45775079356126, 48.39112765835813, 0.746314451193, -0.298773764418, 0.594768003204, -0.642791647668, -0.555421611421, 0.527565854899, -0.172724166315, 0.776041926227, 0.606568455419,  
2321, 1108213.0315923798, 64.19652910370137, 125.4241571904661, 65.62393430638807, 32.14335377893797, -0.606366006181, 0.141077675915, 0.782570990969, 0.771093547394, 0.344732434355, 0.535326339602, 0.194255006925, -0.928039136062, 0.317818115,  
2322, 728800.3199531735, 55.82644611812027, 105.83856899389635, 72.09502910719445, 22.8018804605293, 0.0339506803246, -0.372748132233, -0.927311264475, 0.999413008125, 0.00840880422161, 0.0332104080507, -0.00458153869612, -0.927894456244, 0.372814816732,  
2358, 2733333.8379000966, 86.73639269260161, 130.6549889335642, 98.73552570505367, 50.58300524936665, -0.6639746348, -0.33211351953, -0.669953949527, -0.112304924103, -0.841499849558, 0.528455870643, -0.739273486853, 0.426120421172, 0.52143657169,  
2361, 2166827.9324522964, 80.27468413355167, 121.01261229006374, 88.22785451868918, 48.4506336895022, 0.740689686805, 0.0648266920435, -0.668712410427, 0.432022072676, 0.716305067499, 0.547963483269, 0.51452474827, -0.69476942238, 0.502553214241,  
2386, 2048687.3087437898, 78.78841357246787, 144.03902611350125, 70.93397543892259, 47.86880559010545, -0.918351677664, 0.113583301589, 0.379116116422, -0.0552148059251, -0.985333966995, 0.161456801319, 0.391894783504, 0.12734130157, 0.911154581603,  
2389, 2866174.124736574, 88.11935721797866, 111.5593790842882, 82.55898840763429, 74.29224979858101, -0.0336729424057, -0.626469937779, 0.778717888589, 0.310800068773, -0.747090952975, -0.587586951212, 0.94987865025, 0.222239791762, 0.219863650377,  
2401, 1907021.5411113212, 76.92880681510398, 155.4158039880348, 83.23884624848304, 35.19214659495253, -0.986405087907, -0.0255571873123, 0.162332475887, 0.0577855146405, 0.870801282325, 0.488227366089, -0.153837046411, 0.490970423628, -0.85748598022,  
2402, 782514.8670904462, 57.16558639032717, 109.85834400237638, 57.91428475653341, 29.361973531832188, 0.402018864565, -0.676400222879, -0.61714145139, -0.752712891884, -0.627909916964, 0.197869751527, 0.521348381531, -0.384982953736, 0.761566799701,  
2405, 2782969.065929192, 87.25826830438201, 127.7541390465696, 82.26146156152515, 63.219108706639496, -0.149015264426, -0.720784999781, -0.676951575121, -0.952118027356, 0.289408074333, -0.0985607857869, -0.266956387734, -0.629850736763, 0.729398612863,  
2431, 615338.7816696943, 52.76450796782007, 120.08865518077803, 80.14329362677351, 15.263583613790416, 0.537840382486, 0.213193904532, 0.815644580708, -0.195185732629, -0.909718597839, 0.366489566733, 0.820140385998, -0.3563150738, -0.447670990168,  
2452, 2607535.7928586393, 85.38479821645295, 107.31489623997055, 85.05746689468944, 68.1976193415584, 0.815892278897, -0.535018479099, 0.219260156568, -0.449402268603, -0.348178585239, 0.822684188346, 0.363809552115, 0.769757689019, 0.524514737626,  
2454, 1066965.442956367, 63.38997513976909, 110.43888310235137, 75.42183334146837, 30.58036421122003, 0.134194965322, 0.51414505777, 0.847140230925, -0.258969262901, 0.84336008819, -0.47082765692, -0.956517972729, -0.156200580084, 0.246322444424,  
2457, 1033869.8186551539, 62.72765939451198, 70.52169554378752, 62.8772313635119, 55.662292885545796, -0.952657036556, 0.129931213923, -0.274886249835, 0.30240581013, 0.498720004668, -0.812298641476, -0.0315483232458, 0.856969215662, 0.514401075726,  
2462, 1104418.4070112556, 64.12317368410451, 149.94730442751373, 64.8818977987326, 27.100844201141506, -0.4162456573, -0.635485146084, 0.650306221626, -0.0333754047395, 0.725406536114, 0.687511046982, -0.908639441768, 0.264469254301, -0.323156894391,  
2474, 2644771.1557903835, 85.7893077611596, 103.69995189206055, 89.99501902273626, 67.6553994388057, 0.188882043746, -0.33210361223, 0.924137849184, 0.877573859452, -0.365218226741, -0.310611925177, 0.440667328897, 0.869668234213, 0.222462283642,  
2481, 2447691.945781104, 83.60316451443143, 129.2727871630267, 79.69181277916552, 56.72145086734795, 0.0331436480985, -0.999394219025, -0.0106157227467, 0.77068922379, 0.0323187818767, -0.636391087832, 0.636348661446, 0.0129108991445, 0.771293517255,  
2490, 3365865.9933326617, 92.96855282139437, 131.09635412911055, 84.88686474933571, 72.20663471876952, -0.816184444047, -0.574293791055, 0.0634790898746, -0.577555994685, 0.814049229115, -0.061261126179, 0.0164932197797, 0.0866631071063, 0.996101139226,  
2501, 1146620.6254006417, 64.92974741729599, 105.02668371798667, 77.28701217371605, 33.72290424754909, 0.802145556021, -0.447271177723, -0.39561471223, -0.232370556512, -0.844118750287, 0.48318470576, -0.550060388886, -0.295655253618, -0.781038756776,  
2505, 1724246.3066610603, 74.3881169248701, 117.09739862031665, 100.21511954566401, 35.0776264700567, 0.902484477637, 0.369730131436, -0.220955646074, -0.32172047239, 0.919726056731, 0.224944255797, -0.286387334338, 0.131922744358, -0.94898824242,  
2514, 1370639.1151193257, 68.90935275441194, 122.18964958995589, 74.61822915912545, 35.88848742312605, -0.288236174751, 0.482019811947, -0.827391569002, 0.947755445936, 0.0202796259986, -0.318352558443, 0.13667304878, 0.875925589111, 0.462682223646,  
2515, 2360789.729965965, 82.60181040491966, 117.21850018538987, 86.97088572651151, 55.28389642003679, -0.970021576774, -0.122974836293, -0.209607562437, -0.0887153144253, -0.623798868643, 0.776533685339, -0.226247063138, 0.771849830678, 0.594188610883,  
2516, 1391162.7787005303, 69.25159492308389, 131.17893209223416, 73.73963368639691, 34.33398975103528, 0.561287631358, 0.143225023854, -0.815133600968, 0.646072472305, 0.539726507522, 0.539708863747, -0.517249026499, 0.829567290592, -0.210408067731,  
2528, 1399182.3159046443, 69.38440995519221, 123.19595378859559, 71.15334439145332, 38.10605027604137, -0.964979024978, -0.209709759701, 0.157598534383, -0.164582907867, 0.951809367642, 0.25878831911, -0.204274197566, 0.223787274786, -0.952990717611,  
2543, 1705713.138092545, 74.12063450723443, 137.71888241987338, 67.93660541336018, 43.523123222262356, 0.709968971932, -0.372318148536, 0.597765217427, -0.513239805072, 0.307661714264, 0.801204825288, 0.48221256867, 0.875627469788, -0.0273417769999,  
2544, 1192437.4902132573, 65.78330225376152, 125.59905216491308, 97.76887394671574, 23.182487658565673, 0.382267786488, -0.155556213236, 0.910864207189, -0.618579509878, 0.689203137275, 0.377304155197, -0.686462474846, -0.707673159088, 0.167236271585,  
2553, 1196095.6418935775, 65.85050343757233, 110.13432240635676, 93.16003803242923, 27.830753026109434, 0.262848962239, 0.57212949561, 0.776902994783, 0.904510856046, -0.426376097294, 0.00797088141159, 0.335813243253, 0.700622054969, -0.629569854541,  
2564, 1099482.7143016362, 64.02750796979255, 129.32616286267205, 69.88647678332978, 29.041581160951964, 0.62969051503, -0.219046121232, -0.745324528011, -0.356959534522, -0.933724832914, -0.0271629732134, -0.68997807646, 0.283154963179, -0.666148272407,  
2584, 1576416.5662888996, 72.19838122646297, 160.48676502844432, 61.20988641443162, 38.31083205213629, -0.446008344122, 0.774540680646, -0.448512308635, 0.867056191874, 0.249601665419, -0.431175797968, 0.222013776839, 0.581193378011, 0.782894718496,  
2592, 1334367.826384286, 68.29606014484656, 118.71990809706688, 111.03737186023575, 24.165413282985774, -0.16712874318, 0.42610439024, 0.889102374207, -0.37437717403, -0.861671362393, 0.3425845805, 0.91209084787, -0.275603903907, 0.303533809291,  
2607, 1356835.016468674, 68.67723649662314, 125.62176072210492, 103.72576883392688, 24.859185495883352, -0.41136970082, 0.692566475119, -0.592559403595, -0.513933790837, -0.713159384131, -0.476734466408, -0.752759608297, 0.108422185769, 0.649305476451,  
2614, 1815838.3119005216, 75.68262529266606, 125.01910641796889, 89.750683954527, 38.63442102902227, 0.657136754052, -0.589234179005, -0.470079109051, -0.632035181556, -0.770553585409, 0.0823328688265, 0.410734483273, -0.243002580862, 0.878775813245,  
2615, 4785807.904020305, 104.54153784444546, 119.90281149416815, 105.94092474537868, 89.94427535360914, -0.088614799599, 0.91161111512, 0.401388330774, 0.490951604458, -0.310649776159, 0.813918447175, 0.866668298354, 0.269187465091, -0.42002877195,  
2618, 1271442.70343447, 67.20517683396206, 102.61774550658603, 63.87080757209824, 46.310909279220155, -0.478290143052, -0.878110804184, 0.0126473172867, -0.87808326116, 0.478412637338, 0.00954646036813, 0.0144334864094, 0.00653941971292, 0.999874447348,  
2625, 1822330.1931526856, 75.77271008656867, 139.18648048612138, 60.760293935019874, 51.44243791341404, -0.240543447016, 0.813528185381, 0.529443804089, 0.970593689289, 0.206832927197, 0.12315855853, 0.0093134531511, -0.543499799281, 0.839357628054,  
2626, 2611355.573655752, 85.42647128869041, 124.31600690894149, 80.75384689693352, 62.09936080206855, 0.614852290275, -0.673632837949, 0.410092015016, 0.266534298925, 0.666895332716, 0.695852055179, -0.742237245522, -0.318542642103, 0.58958837889,  
2634, 1327506.1732291116, 68.1787937683767, 121.13648731617967, 66.24784609763786, 39.491279177348794, -0.70723288332, 0.629543888535, 0.321708161473, 0.658903730024, 0.42200362264, 0.622702832047, -0.256256752714, -0.652370626934, 0.713263655181,  
2643, 2165416.792297923, 80.25725413396617, 151.49439806069242, 89.57695273446112, 38.09430308545705, 0.0281315253225, -0.840270917622, 0.541436424968, 0.5295322198, -0.44687889911, -0.721037362224, 0.847823239524, 0.306991912808, 0.432379139175,  
2646, 2575740.237149362, 85.0363252488139, 133.10589593443413, 82.90436674845465, 55.72354709208777, -0.659801381838, -0.714099396739, 0.233932015981, -0.749725893382, 0.646599632904, -0.140783520062, 0.0507269289104, 0.268274050749, 0.96200613947,  
2675, 1889283.2365367247, 76.6895437354046, 134.1397414827411, 72.93990751353854, 46.09839325975498, 0.444822660356, 0.375344708773, -0.813172275985, 0.684908283254, 0.442470938381, 0.578895596993, -0.577090499284, 0.814454307057, 0.0602556001738,  
2685, 2321573.657089369, 82.14187638060292, 124.84248914764109, 93.30582700663454, 47.57980657178098, 0.413644448858, 0.0999318768953, -0.904937506079, 0.286818208377, 0.929042909365, 0.233697642053, 0.864079617438, -0.356220286534, 0.355631160319,  
2691, 2651845.3416530644, 85.86572889252167, 131.9061001842787, 109.57447150233953, 43.8011302707237, 0.781952115655, 0.401240215653, -0.477029535945, 0.545742597515, -0.0709049281357, 0.834947608191, -0.301190813405, 0.913224386725, 0.274418136084,  
2696, 483186.74799099815, 48.679054595747026, 129.17324214602846, 40.451078967287074, 22.076170268849047, 0.255199600083, -0.62341947126, -0.739067877107, -0.836640742486, -0.525537473486, 0.15441059541, 0.484670436617, -0.578928775253, 0.655695082377,  
2697, 1256445.7402359005, 66.93989749539871, 109.4570506712476, 75.9502701219139, 36.08129066484696, 0.764147401045, 0.640590335161, -0.0756490051112, 0.54286091927, -0.575317662986, 0.611810108601, -0.348397433696, 0.508579992877, 0.787378955167,  
2698, 1035646.1629707176, 62.76356403308919, 97.72032584359228, 66.12536342591612, 38.26218901526172, 0.155376921919, -0.920530420837, 0.35844351919, -0.384671066131, 0.277829661002, 0.880249311473, -0.909882510556, -0.274653279212, -0.310933100845,  
2707, 2268346.194057665, 81.50925229707465, 122.74680601423162, 109.68097215203508, 40.22344248006846, 0.740618666703, -0.579612431798, -0.339902073304, 0.159232639355, -0.340054312125, 0.926826861592, 0.652785536831, 0.740548778752, 0.159557353934,  
2721, 1831417.383971142, 75.89845014492805, 124.95863576176059, 78.51779629282426, 44.561966287791826, 0.351003881395, -0.110386709807, 0.929844637315, 0.707799484737, 0.681406918003, -0.18629144238, 0.613038469145, -0.723532574523, -0.317308129351,  
2724, 132502.61469917023, 31.6260737749818, 106.97525915306493, 33.02318804444702, 8.954338217687955, 0.102353894082, -0.833377646734, -0.543143975656, 0.402050891043, -0.464769342388, 0.788888166592, -0.909878432197, -0.299117295223, 0.287489273401,  
