# Void_ID, Void_Volume, r = (a*b*c)**(1/3.0), a, b, c, vector_a, vector_b, vector_c 

1, 2429616.820640165, 83.39686503924993, 98.65636961620508, 92.24936697058287, 63.73245551797246, -0.283502652829, -0.680578850698, 0.675602452498, -0.936574695106, 0.0451319179378, -0.347549925147, 0.206043894172, -0.731283486731, -0.650207948051,  
24, 1174099.7626039004, 65.44434573634074, 95.50138949033281, 83.90765884186095, 34.978815347011206, -0.469080337933, 0.53736007696, 0.700862172081, 0.356339057349, -0.61096306251, 0.70692758643, -0.808075561301, -0.581350396868, -0.095108376546,  
57, 884004.0647251655, 59.53721983767464, 93.25657202935224, 54.29645230580025, 41.67875631502745, -0.0378424091902, 0.928235430141, 0.370063424696, 0.984137136917, -0.0296147227168, 0.174920164475, -0.173326419822, -0.370812559697, 0.912390266149,  
77, 2163012.6664228356, 80.22754161052441, 125.20810516868457, 82.53984060726226, 49.965977059597655, 0.720921535407, -0.440850855103, 0.53471736772, -0.260568407894, 0.542532758608, 0.798600219537, -0.642165278253, -0.715058549625, 0.276251743911,  
92, 1774932.893859997, 75.11000246626135, 98.31345318471058, 91.98461594282507, 46.855996510588085, -0.0467808525562, 0.356905296472, 0.932968467412, 0.135578027004, -0.923079553948, 0.359920457431, 0.989661634311, 0.14332740992, -0.005206067412,  
95, 765276.4048984931, 56.74268792636044, 129.168481078288, 81.45191294111156, 17.364883458855736, 0.293906228242, -0.453381951802, -0.841465349721, 0.307536767503, -0.788680308951, 0.532357499155, -0.905008434013, -0.415244718272, -0.0923664349918,  
99, 1057834.7566038377, 63.20863439986938, 83.2883129477775, 65.47479770845528, 46.30959600962256, 0.629582238875, 0.257665860027, 0.732962829255, -0.252147313861, -0.824575836438, 0.506454758173, 0.73487953884, -0.503669529096, -0.454168546747,  
104, 2499268.7885627626, 84.18630571529759, 127.40348100548438, 74.81344704834943, 62.59842360654322, 0.67238410291, 0.44638728115, 0.590455767507, -0.506511570336, -0.304217700868, 0.806782262816, 0.539764436833, -0.841540246041, 0.0215491768661,  
113, 1721347.6248386863, 74.34640818386423, 105.26318600352363, 67.08788091399234, 58.19147834100745, 0.284366717753, 0.226644768445, 0.93154050839, 0.891282656062, -0.420464864762, -0.16977786812, -0.353200788273, -0.878545073652, 0.321570764725,  
126, 1749145.3891588296, 74.74447574192219, 121.7431599729537, 82.28853912612746, 41.68246342943225, -0.87472200207, 0.323675935642, -0.360687271443, 0.433428869553, 0.189555831486, -0.881026674844, 0.216796757661, 0.926985693221, 0.306099151308,  
128, 1612046.298042202, 72.73826991248733, 128.77010990390718, 63.058874089553804, 47.39446473133869, -0.0616502864533, 0.916837406563, 0.394472321092, 0.97819883894, -0.0230237188803, 0.206390261074, -0.19830853153, -0.398596385202, 0.895429867732,  
137, 1719523.4260914398, 74.32013602367846, 116.94251832739485, 102.55191875076197, 34.22971278543251, 0.150795542724, -0.987610469195, 0.0434311573693, 0.757300549483, 0.0871678714809, -0.647223021789, 0.635418430679, 0.130488786174, 0.761062477485,  
158, 733478.347599406, 55.94563782805599, 124.58424825722501, 69.4504426644714, 20.237671141441652, 0.238774263928, 0.398590838173, -0.885501098029, 0.644948166106, -0.74680443445, -0.162249806539, -0.7259674331, -0.53236123113, -0.43538810924,  
184, 711528.6200870837, 55.38190896623096, 94.81661688383515, 61.82196110232122, 28.978542025100932, -0.791071049161, 0.525724982243, 0.312761631636, 0.60129354773, 0.574251655415, 0.555590771802, -0.112484063923, -0.627573325834, 0.770388899235,  
247, 113018.4506265184, 29.993023420924864, 141.92179802378595, 49.07914545166413, 3.873598848106989, 0.508727913905, 0.399180311178, -0.762791576239, -0.46171722767, 0.874318920803, 0.149611585109, 0.726645106835, 0.276082422283, 0.629098867285,  
255, 1457251.80461979, 70.33130311021436, 142.37667837805554, 118.28786788398772, 20.656984898088698, 0.278724793319, 0.878468469027, 0.388079422946, 0.670241929919, 0.111477546326, -0.733722367142, -0.687814106404, 0.464613716532, -0.557714845994,  
277, 728086.4014244861, 55.80821133136623, 125.98555951480841, 81.30410749413579, 16.96918774268025, 0.756859461549, 0.416354803488, 0.50379800821, 0.508548423121, 0.109030526304, -0.854102362527, 0.410538983295, -0.902641136857, 0.129215793341,  
280, 1489844.179849775, 70.85177690390688, 115.70947721205683, 74.7925309233523, 41.09841548369343, 0.75515669113, -0.460359155967, 0.466698852964, -0.535516648523, -0.843834420237, 0.0341378144934, -0.37810090055, 0.275704404644, 0.883757200968,  
314, 3960809.8563335594, 98.15184363511649, 120.75868477882864, 109.57775113872911, 71.45862038313628, 0.534245955154, -0.0547948737519, 0.843551291394, -0.367524940529, -0.913703163785, 0.173412648267, -0.761253359593, 0.402671144111, 0.508280702181,  
346, 564905.5504837718, 51.281699664978454, 109.45474204237242, 103.47131070700053, 11.90783204162393, 0.866210883851, -0.0030765376288, 0.499669130139, -0.317962177822, 0.768005795893, 0.555938081938, 0.385459152404, 0.640435502131, -0.664276756659,  
348, 1546419.260412131, 71.73749601125536, 118.63710984195252, 75.8946405068822, 41.00218251466636, 0.630474288578, -0.662603714769, 0.40429999829, 0.520039029367, 0.747259883727, 0.413717384342, -0.576247845443, -0.0505863948815, 0.815707936259,  
355, 516750.5036018733, 49.781055396638095, 124.81195184691545, 87.19350390621263, 11.335795278274647, 0.306225849843, 0.666038867125, -0.680160243154, 0.55381202432, -0.705776424225, -0.441782617049, -0.774285458088, -0.241395663772, -0.584987318586,  
357, 1239847.1285471155, 66.64381402017642, 133.09264918014784, 71.36654658443646, 31.16239152369908, 0.506103221876, 0.745139248947, -0.434312132556, 0.382256718983, 0.257611420801, 0.887421070668, 0.773136035636, -0.615145393831, -0.154456514429,  
358, 1747903.0150343634, 74.7267751746655, 105.63372094032897, 83.84656824561009, 47.11301003614321, -0.969127138935, 0.170063143585, -0.178524832375, -0.0161393608725, 0.678750180182, 0.734191878145, 0.246032740933, 0.71440655099, -0.655050509726,  
363, 811501.0294486508, 57.862894568388235, 126.39100996596272, 77.68731482518167, 19.730321897509622, 0.574818387198, -0.798517410034, 0.178756168037, -0.476459791548, -0.149013507376, 0.866476221057, -0.665259264331, -0.583236590494, -0.466117142713,  
383, 204474.35348043535, 36.5468607195803, 104.54667338762309, 39.58825756102936, 11.794339611171203, -0.691429921259, -0.585971163942, 0.42256651431, 0.151087498254, 0.454692961454, 0.877739641736, -0.706468139309, 0.670739968865, -0.225855401326,  
387, 2501792.5882404344, 84.21463371987602, 130.91606495495367, 83.31991172523446, 54.75464255609603, -0.76397439661, -0.300249265377, -0.571133522011, -0.171566102983, -0.758753626873, 0.628377279995, -0.622019447953, 0.578051305982, 0.528155747882,  
403, 952499.3615468693, 61.036838137887564, 119.45318089171194, 69.77152956178345, 27.283502455455974, -0.227513908435, -0.901058063563, -0.369231346932, 0.0885848473124, -0.396754576015, 0.913640263582, -0.969737153199, 0.17515756478, 0.170087275259,  
423, 1619371.6869831134, 72.8482814453073, 111.76654175507586, 83.4290150576306, 41.459971836345375, 0.118298144347, 0.405318738932, 0.906488978926, 0.477551147123, -0.823616374551, 0.305942755189, 0.870603498112, 0.396702391526, -0.290992717491,  
432, 767225.3771664156, 56.79081701855167, 107.52475102639296, 71.07627686167213, 23.966313394556753, 0.337651019064, 0.301590460346, -0.891647342593, 0.806299506368, 0.396094819891, 0.439306270939, -0.485667474056, 0.867267022251, 0.10943041972,  
437, 974122.6190491748, 61.49526435864041, 136.20440740203318, 56.76113662508072, 30.080342294161284, 0.319362506846, -0.763718139134, -0.561018888433, -0.865852239214, 0.005421400314, -0.500270435131, -0.38510711376, -0.645527081056, 0.659535668903,  
453, 1042557.6728048435, 62.90287466571344, 113.5636506335804, 91.66919689074902, 23.908300625111334, -0.380964011248, 0.604088191549, 0.699959912398, 0.310786216713, -0.629333754288, 0.712285724421, -0.870791794653, -0.488893119755, -0.0520112278348,  
471, 2108336.093220969, 79.54576779521203, 110.53995477170172, 78.61730504010886, 57.91803238755865, -0.896886653945, 0.348862788244, 0.271825467816, 0.0751472842749, -0.485477532174, 0.87101346225, 0.435829342336, 0.801627295401, 0.409202228276,  
496, 522071.7136168118, 49.95134477618937, 89.04888455610819, 40.84134938719475, 34.26991187338805, -0.021482499489, 0.628609234503, -0.77742455101, 0.968871997703, -0.178733695235, -0.171293077076, 0.246628372824, 0.756904681242, 0.605202238291,  
498, 2250012.1760411644, 81.28905715427635, 130.99501281671928, 82.06576302280986, 49.966563970102534, 0.256195395798, 0.959600444728, -0.116322421093, 0.363064040126, 0.0160001485788, 0.931626801897, 0.895850669442, -0.280910985407, -0.344297249972,  
532, 1844935.2720607375, 76.08473077446521, 143.43886714270917, 104.52993116693273, 29.375482830577674, -0.954289216154, -0.250365160146, 0.163246373672, -0.0274175531897, 0.617211009611, 0.786319812412, -0.29762454487, 0.7459007013, -0.595862210659,  
534, 5078261.0417207815, 106.629033010265, 134.4649461985632, 108.98408565327084, 82.72832758222272, 0.105059267004, -0.685894877919, 0.720076917323, 0.0582825894885, 0.727086117862, 0.684067918394, 0.992756611753, 0.0298997267151, -0.116362864194,  
565, 877200.5841998366, 59.38408934846588, 116.73815594162917, 75.62645548620898, 23.720493937320423, -0.918562824744, 0.356229694124, 0.171297232967, 0.364993690846, 0.930758610939, 0.0216336267383, 0.151729834378, -0.0823942545785, 0.984981849666,  
577, 1695872.1284027891, 73.97781463813567, 111.59736207070327, 94.28480627832634, 38.47767759267767, -0.729177880547, -0.489385339943, -0.478332110118, 0.156788357892, -0.799865631885, 0.579337882206, 0.666120881936, -0.347443462995, -0.659974250006,  
594, 1049697.7096254341, 63.04614649241272, 121.69583564366621, 66.02514786840035, 31.188216519736827, -0.781868926317, 0.370607609559, -0.501329214984, 0.619571271376, 0.551375226735, -0.55867414387, -0.0693716205991, 0.747419132135, 0.660720984361,  
613, 1885711.7741798954, 76.64118913853041, 103.14660656389302, 78.07553855301612, 55.90063872940064, 0.277639317994, -0.932343401583, -0.231629425222, -0.738525770724, -0.36133932389, 0.56922190663, -0.614407108586, 0.0130259178403, -0.788881632682,  
616, 1685632.6691146847, 73.82862443851761, 121.24182185736954, 88.24163645779078, 37.61389631756091, 0.765225570164, 0.641092408894, 0.0585691900651, 0.597703116615, -0.741323910666, 0.30527011623, -0.239125095201, 0.198593511307, 0.95046294305,  
649, 1988063.3261573387, 78.00346019640416, 141.20826480472942, 64.77187868263579, 51.89135299948147, -0.503260724543, -0.82829736659, 0.246276502397, -0.3703235058, 0.46422819517, 0.804582303969, -0.780761899803, 0.313712695486, -0.540365802495,  
699, 3110263.639672993, 90.55300452516788, 127.57857109251499, 91.08774426596712, 63.89559419322579, -0.962239625657, 0.224012386766, 0.154639430257, 0.100449530169, -0.235781850314, 0.966600647088, 0.252991689001, 0.945634902929, 0.20437670038,  
723, 1234190.6405920042, 66.54231100511346, 155.85445247538087, 67.51751649347689, 27.999995810613544, 0.550377153025, 0.811276009295, -0.197271959919, 0.65746874452, -0.566763517469, -0.496501727334, 0.514606489861, -0.143563059345, 0.845322310474,  
744, 2924792.276301571, 88.71603820961047, 131.75070346015255, 101.82788239878222, 52.045928747847036, -0.351012700058, -0.834229383471, -0.425266293223, -0.0259340167032, -0.445328948016, 0.894991371376, 0.936011490942, -0.325182200947, -0.134681197692,  
755, 2358667.309703736, 82.57704915403274, 128.07595088027475, 93.23218759085981, 47.1568313112577, -0.927283126145, -0.371879010048, -0.0430349375815, -0.177979037285, 0.336794131638, 0.924604334395, -0.329347030128, 0.865029314405, -0.378490183447,  
896, 3123610.958606209, 90.68235208444638, 122.51284015168777, 85.2136183091372, 71.42951707726733, -0.644787698549, -0.580250732659, -0.497551917944, -0.754165142259, 0.588917744914, 0.290535415959, -0.12443376552, -0.56256997518, 0.817331793719,  
897, 3028076.9481465984, 89.74827277822614, 113.81938970046912, 87.60185205291842, 72.50179470108237, 0.477315537667, -0.346359535211, 0.807592068975, 0.567894478479, 0.822919803528, 0.0172875178802, -0.670571203389, 0.450375475942, 0.589488076092,  
898, 816001.611018475, 57.96966655511393, 126.03220378237258, 70.03984549776958, 22.06864645069851, -0.583626588646, 0.449171305311, -0.676479965343, 0.811357903857, 0.356259803297, -0.463440723722, -0.0328383445786, 0.819343695307, 0.57236138242,  
947, 1340682.5482616099, 68.40362471310499, 126.92919072161165, 89.39379490794877, 28.207751022787566, 0.864399115681, -0.232798240917, -0.445667081841, -0.361893703557, -0.903396116572, -0.230018268597, -0.349066062711, 0.360111698766, -0.865143021861,  
951, 475552.6732360514, 48.42132537716188, 122.90172095832637, 105.3783678508161, 8.765982232457569, 0.784147301258, 0.594674766195, 0.17741175942, 0.390501083007, -0.695024190901, 0.60369717428, -0.482308940515, 0.404108025796, 0.77722248384,  
973, 1255370.5313579051, 66.92079734372128, 88.94339832716233, 66.59148787298246, 50.60004266904759, 0.929339194371, 0.0297754800585, 0.36802456792, -0.299783608974, 0.642713721368, 0.705016921893, 0.215542222304, 0.765527591372, -0.606225252898,  
975, 1095629.7175806374, 63.95262835867575, 147.10394749758743, 80.8575885350833, 21.990245714290435, -0.92850513496, -0.364266775616, -0.0720272902149, -0.366050058392, 0.865379535127, 0.34223619758, 0.0623343332686, -0.344133660611, 0.936849216539,  
980, 2165130.1897654044, 80.25371317636287, 112.74979968728164, 101.2395152854563, 45.28241392281686, -0.471569621251, 0.706919662435, 0.527149583302, -0.518738853898, 0.261039653396, -0.814105829, -0.713114362336, -0.657360548115, 0.243608325006,  
994, 3033269.9093887657, 89.79954768997408, 128.694258995707, 89.8773999311479, 62.60554113194789, -0.117890973797, -0.404907176911, 0.906725921314, -0.901437360917, -0.339381851153, -0.268757592358, 0.416548199659, -0.849040715863, -0.32498840005,  
1020, 2315846.976339922, 82.07428033223586, 130.70961080676423, 79.6014720141521, 53.13646141293448, 0.213183400768, 0.64255079202, 0.73599002528, 0.780975899097, 0.340562680752, -0.523539593067, 0.587051516195, -0.686400422606, 0.429214372056,  
1038, 1471039.9455346162, 70.5524260534342, 115.2951027309959, 90.96892971445212, 33.48358194623917, -0.140566226749, -0.980789102795, -0.135254839974, -0.7520022695, 0.194624855962, -0.629772778158, 0.643998231802, 0.0131871634862, -0.764913312837,  
1047, 975886.0326632326, 61.5323494285681, 149.9582129657275, 48.69696443296437, 31.903501199321333, -0.913572665215, 0.034391691866, -0.405218702558, -0.151453617776, 0.895967514031, 0.4174973239, 0.377421232889, 0.442785981409, -0.813322683584,  
1071, 764900.1681601632, 56.73338750312508, 122.48902783224831, 90.8079696384873, 16.417045199032145, -0.745677995383, -0.238736270332, -0.622068581774, -0.413558712437, 0.897841091316, 0.151164037097, -0.522430395909, -0.369981577882, 0.768231809715,  
1107, 954582.9144776398, 61.08131091191505, 113.46296103939947, 79.683878207625, 25.20579915931343, 0.179183174447, -0.362074837344, 0.914765107641, 0.723989457407, -0.581039287086, -0.371796466399, 0.666132611091, 0.728899965033, 0.158025901091,  
1112, 605556.7886634229, 52.48341539437985, 129.0555406192144, 100.0287194527488, 11.198630218515, -0.53401902557, 0.707279403738, 0.463227293428, 0.845372514062, 0.438256225898, 0.305412496356, -0.0129997229662, -0.554695705328, 0.831951730386,  
1118, 439028.6250292999, 47.14852123369485, 129.40116193328686, 84.0224870612953, 9.639855406289689, 0.867506561894, 0.339789367559, 0.36328439378, 0.423383905872, -0.1210168115, -0.897831275677, 0.261110002333, -0.932683288704, 0.248844227686,  
1136, 1605548.164507611, 72.64040268276584, 110.53057258419443, 96.48332888169844, 35.941817126332445, 0.858945234363, 0.500390332916, 0.108731775898, 0.285093298586, -0.643697775603, 0.710193624856, -0.425364426659, 0.579018728893, 0.695559067315,  
1175, 2987478.053606496, 89.34536720360376, 140.7518589659931, 100.09626302329455, 50.62256082972266, -0.569662723379, -0.81268521905, -0.122585139112, 0.0735232624102, -0.198944977404, 0.977248804476, -0.818583356463, 0.547689356026, 0.173082806248,  
1204, 2085813.6380112334, 79.26150197970217, 120.2124679810054, 94.71030616522673, 43.736108626352696, -0.162289422916, -0.247541631527, 0.955188611674, -0.723705008507, -0.628169148738, -0.285752657443, 0.670755696116, -0.73764941621, -0.0772019099075,  
1239, 1613601.4031986136, 72.76165205828185, 89.80068627707928, 81.78398801415346, 52.45171753606091, 0.48847251311, 0.864622785997, 0.117567180248, -0.352286028095, 0.0721461805372, 0.933107433816, -0.798303926049, 0.497214608162, -0.339835953197,  
1243, 3731055.308772505, 96.21608742453172, 125.12515825318299, 97.30433275802433, 73.15874706535566, -0.92395740395, 0.270903246458, 0.270026196403, 0.09992644616, -0.510482578384, 0.854062200618, 0.369211891795, 0.816099851872, 0.444593759214,  
1278, 791574.607012618, 57.38535617914908, 144.0627399332987, 69.92550411435873, 18.75927147278719, 0.440798140171, -0.300466483519, -0.845823203692, 0.641574829032, -0.553555418338, 0.530997304683, -0.627756910256, -0.77672150164, -0.0512344660917,  
1303, 2291829.2990997387, 81.78956266101034, 126.61022548901869, 94.36098353389153, 45.7965135432464, 0.884089518988, 0.117542315387, -0.452293628642, 0.270657678802, 0.660205113909, 0.700623742442, 0.380959503519, -0.741830851112, 0.551866691345,  
1304, 1547121.0743869203, 71.74834661823841, 118.7118912926477, 104.0238298655237, 29.90946393802375, -0.890844379659, -0.0530079879572, 0.451205545669, 0.244862720667, 0.780543357639, 0.57514721148, 0.382672888062, -0.622850078317, 0.682362983084,  
1311, 1925380.1638447815, 77.17487972161152, 107.88756454422781, 74.60869839313843, 57.104065795913975, -0.518713246873, -0.80885689223, 0.276924349616, -0.851040240218, 0.457570541337, -0.257603783415, -0.0816521711164, 0.369296259921, 0.925717665036,  
1349, 249229.8750372885, 39.039462547194205, 150.15845895448138, 82.75463575052822, 4.788167741479197, -0.319463368932, -0.863381887211, -0.390531525932, -0.946730996045, 0.30843695035, 0.0925584614533, -0.0405410537471, -0.399297338451, 0.915924701308,  
1351, 1401749.933284247, 69.42682609848669, 136.00625898863467, 77.14255832554329, 31.895469714940578, 0.197463367297, 0.92270370073, 0.331098322609, -0.386473044136, -0.237121590706, 0.891297894857, 0.900914426975, -0.303959260231, 0.309777280297,  
1391, 1816292.931265842, 75.68894081753973, 132.66567803687403, 64.23690467679079, 50.88081938922904, 0.958483886085, -0.202184393402, -0.201072402829, -0.14717884634, -0.954747879036, 0.258447044221, -0.244227408996, -0.218123723013, -0.944867723099,  
1490, 3112359.045968061, 90.5733353569686, 119.8061672372871, 107.19796533443314, 57.85426301862606, 0.546941247917, 0.819582789531, 0.17070243827, -0.222231026363, -0.0544506263229, 0.973472393145, -0.807136074184, 0.570367583579, -0.152355430996,  
1514, 1955024.563794244, 77.56894231734631, 110.85366746603181, 94.3839117402574, 44.60828950142829, -0.00751639275218, -0.795112810212, 0.606414975802, -0.864719091963, -0.299390357056, -0.403269520416, 0.50219955778, -0.527409739329, -0.685298891745,  
1519, 845633.8987932769, 58.66304359900123, 109.0958811758703, 83.46578185935999, 22.170574877670198, 0.194956856185, -0.895563446633, 0.399947418146, 0.0520834669113, 0.416649344157, 0.907574039122, 0.979427964018, 0.156107133303, -0.127872695408,  
1539, 1545007.988670198, 71.71566667580818, 146.17810339149318, 78.71703494333795, 32.0546522869789, 0.846944797919, -0.443471202893, 0.293287915676, -0.471223631264, -0.370629141257, 0.800363872866, 0.246237281124, 0.816068215197, 0.522876533734,  
1544, 1500701.8160700167, 71.02347753649244, 129.17871169353828, 90.48066531827695, 30.65201747271922, -0.0422301905269, -0.80690600817, 0.589168316346, -0.0136906963659, 0.590106366991, 0.807209415499, 0.999014101923, -0.0260224828841, 0.0359674094629,  
1589, 1858200.5190881197, 76.26664744049074, 108.3309022113494, 94.04124978381543, 43.54449071410508, 0.452376808126, -0.742713897234, -0.493691493065, -0.872874131876, -0.482251749487, -0.0743236168311, -0.182882403125, 0.464552813974, -0.866455255426,  
1590, 3890768.1730116005, 97.56983752072986, 129.7920670886224, 97.7124220949681, 73.24008126231428, -0.0531983970619, -0.687372684681, 0.724354003858, -0.273247717673, -0.687675705792, -0.67263497415, 0.960471558838, -0.233711180774, -0.151239772033,  
1633, 100970.72820957263, 28.886990130569366, 118.87827248200938, 32.34230699837879, 6.269507100506624, -0.490489011622, -0.365518633056, -0.791085746533, 0.0430493918132, -0.916838432474, 0.396930773062, -0.870383409391, 0.160634422301, 0.46543453141,  
1639, 3112832.6148665105, 90.57792892931688, 121.66794134819442, 89.57173919099571, 68.18989037227283, -0.874780644604, -0.381568125788, 0.298604402529, -0.428023533929, 0.897386424805, -0.107207550942, 0.227056552933, 0.221592802136, 0.948336412784,  
1656, 883441.5753273733, 59.524589367680335, 135.03462193355898, 45.615662928340065, 34.23971180929099, -0.0799626928391, -0.455795948642, -0.886485206281, 0.247702203009, -0.87052277795, 0.425245472281, -0.965530727827, -0.185580565449, 0.182511006104,  
1661, 2524779.919800586, 84.47177875697326, 103.64700464539887, 84.33561392009379, 68.95522053524007, 0.253427871328, 0.930625203205, 0.26402849315, -0.482791520671, -0.114836424201, 0.868173337096, 0.838264076293, -0.347490038472, 0.420195206493,  
1678, 3020137.7888402557, 89.66976866846628, 121.55250831518114, 102.52608746372589, 57.854858860650104, -0.0575268770307, 0.146792801088, 0.987493054137, 0.943720743172, -0.314700672448, 0.101757779395, 0.325702037645, 0.937771486189, -0.12042766445,  
1769, 2764371.3111599414, 87.0634600220509, 141.20485162220453, 82.67446996299554, 56.53100805417213, 0.848534946797, 0.475871839643, -0.231375098703, 0.464305483886, -0.879336909058, -0.105768700478, 0.253789010199, 0.0176802885296, 0.967098002117,  
1770, 1733557.8071775297, 74.52178341257154, 120.66754165389669, 91.01381675352191, 37.683560203808725, -0.987567446777, -0.155380380259, 0.0238217442218, -0.142662572981, 0.94955261142, 0.279279838901, 0.0660146070014, -0.272409206116, 0.959914212878,  
1772, 1177872.3433538505, 65.51436537191121, 130.11120075199216, 70.60762886438654, 30.608588524112196, 0.821588090883, 0.445974485521, 0.355105290278, 0.366837070243, -0.890391574559, 0.269505858656, -0.436375495204, 0.0911570195816, 0.895135087552,  
1777, 1921296.8425718641, 77.12028394683264, 109.86556173001895, 72.87600830579481, 57.287477874324814, 0.432363105602, -0.663457141239, 0.610644550171, -0.65424451625, 0.23520340869, 0.718779152103, 0.620504841134, 0.710284434773, 0.332369920193,  
1797, 1697995.5412592494, 74.00867779954496, 104.81545711631288, 88.43222939761806, 43.733277884127894, -0.216177987674, -0.366172678395, 0.905088198598, 0.530910566567, -0.822064352408, -0.205776992902, 0.819390656496, 0.436036432076, 0.372117161591,  
1815, 503580.12619417364, 49.35448876691287, 141.4153285313787, 71.51615886533583, 11.887192776301351, 0.571366174832, 0.0140795419875, 0.820574469963, -0.67111766328, 0.583514674211, 0.457287335287, 0.472378848269, 0.811980536391, -0.34284957668,  
1826, 1448119.92592278, 70.18408462999359, 111.33768192344832, 92.88339341914643, 33.429945728235815, -0.421961375034, -0.897051381333, 0.131329422552, 0.624501907283, -0.182583195741, 0.759381817291, -0.657225962496, 0.402445270666, 0.637253354906,  
1831, 2638832.3352366327, 85.72504648220014, 124.92256788169288, 91.89644715482629, 54.8761410387874, -0.514151551463, -0.848697993173, -0.123935057641, -0.841837056872, 0.471685436051, 0.26234179822, 0.16419059597, -0.239216566736, 0.956983219495,  
1843, 852868.2684030709, 58.82985559854649, 119.04130952640391, 69.88489206932934, 24.474416847425267, -0.804552185868, 0.256973116181, -0.535406945954, -0.0178436386417, 0.890670788559, 0.454298526267, 0.593613834724, 0.375060480414, -0.712005794398,  
1955, 1682276.7307279217, 73.77959657167078, 109.36485455207769, 70.96175676077137, 51.749563418025005, -0.268590027726, -0.891857196998, 0.363936996152, -0.947157847634, 0.17574392273, -0.268339496326, -0.175360795707, 0.416779094708, 0.891932608185,  
1956, 395020.40497121325, 45.51735040265583, 78.1456630423522, 45.96519936117283, 26.254085311159596, 0.0509124487008, -0.906984803321, 0.418074741061, 0.554951201468, -0.322346943198, -0.766890873723, 0.830323483081, 0.271055372123, 0.486920834107,  
1958, 1775956.12566083, 75.12443309241168, 125.60397393774437, 77.48538109479853, 43.56326978626518, -0.61119905466, -0.255745248727, -0.749019414525, -0.134030663009, -0.899244656491, 0.416407047426, -0.780045830035, 0.354899162476, 0.515339778708,  
1961, 1077444.655574629, 63.59682785030182, 138.53630620257005, 53.88994163622539, 34.4536347113213, 0.479394624754, 0.53092157411, 0.698786860138, -0.595345979161, -0.388268883574, 0.70342763604, 0.644782101841, -0.753239375095, 0.129948008652,  
1966, 990308.178282751, 61.83398725366392, 112.68485017048289, 70.57998020989696, 29.72587809819367, -0.639589013191, -0.768714954676, -0.00179239016894, -0.760949435844, 0.632793846384, 0.143275622721, 0.109003900357, -0.0930014324386, 0.989681202848,  
1984, 1151168.5377320219, 65.01547912753536, 120.65128887935742, 84.78029584987905, 26.867261896554773, -0.954087244467, -0.185236101593, 0.235382914867, 0.131980135084, 0.445461875208, 0.885519599828, -0.268884313205, 0.875928823822, -0.400562007322,  
2010, 1010127.4156954568, 62.24376432892732, 111.05897731971282, 67.31299684894385, 32.257815442442705, 0.216441462732, 0.970605510938, 0.105252246283, 0.937804796538, -0.236669395697, 0.253987717679, -0.271431864013, -0.0437325882797, 0.961463573892,  
2030, 367830.52500808256, 44.448084794838685, 113.74710728562583, 80.48048968367438, 9.592420016551376, -0.362765540428, -0.367465540812, 0.85637038657, 0.787936805924, 0.369705554017, 0.492415874235, -0.49755075374, 0.853397257814, 0.155423189412,  
2051, 1781619.3744079815, 75.20420175247806, 124.97021829592224, 61.205642466480704, 55.6068543632602, -0.130166502774, 0.581414517559, -0.803127536776, 0.98822654278, 0.141767236297, -0.0575356485855, -0.080405109918, 0.80116116324, 0.593022603966,  
2079, 1246970.115935672, 66.77119447474027, 104.03460626641522, 80.95335654403985, 35.3471780845452, -0.110083884768, -0.705074678804, 0.700536391363, 0.81514461348, -0.467328401843, -0.342262215186, 0.568700973648, 0.533360911709, 0.626183152466,  
2136, 1399895.65704506, 69.39619930403475, 90.35650387399495, 81.49574084756983, 45.38504038053853, -0.184272007797, 0.941776425443, 0.281248985103, 0.968156349999, 0.124586469436, 0.217143946705, 0.169461231848, 0.312306541898, -0.93474462544,  
2140, 381592.35756663, 44.99563166307695, 95.11642875408832, 58.49186683548868, 16.374198103668313, -0.796061924328, -0.216142793732, 0.565303197721, 0.0263870797361, 0.920769672601, 0.389213221822, -0.604639673408, 0.324754526891, -0.727286300301,  
2182, 1418903.536390863, 69.70887714459884, 143.72472451325027, 88.68086234755177, 26.57681108424601, -0.873448365842, -0.446363721438, 0.194544032014, -0.451851409353, 0.594163415755, -0.665432295012, -0.181433888991, 0.669125745703, 0.72066114115,  
2203, 770489.7680721742, 56.87124758607722, 141.54525293235767, 65.05806100719329, 19.97477252575607, 0.0914187130831, 0.886154370713, 0.454283006688, -0.567765810924, -0.32839730585, 0.754849119663, 0.818098162108, -0.326933694773, 0.473106495811,  
2279, 1956816.9345582298, 77.59264020163067, 115.69600704245333, 85.79672837292279, 47.06222877998152, -0.889944888522, 0.455987150944, -0.00859148230335, 0.446972530113, 0.868298087874, -0.215113895224, 0.0906292045555, 0.195279668087, 0.976551175573,  
2288, 320313.93827250216, 42.44524805050035, 108.89903695624858, 83.2307568775573, 8.436830902483349, -0.255012743859, -0.281634700419, -0.92501372746, 0.017777582433, -0.957846440311, 0.286730107149, 0.966774253915, -0.0566753235795, -0.249269833042,  
2305, 2922354.124399681, 88.6913796710142, 157.58706077472812, 73.86936293541852, 59.932076245305744, -0.43342329606, -0.320488555678, 0.842277467413, -0.133157678694, 0.947143727275, 0.291869478515, -0.891298647501, 0.0143473190202, -0.45318966824,  
2313, 808866.8055018903, 57.800216870578375, 103.38396142486171, 59.165859701422555, 31.569234793490686, -0.519875440124, 0.0538919551153, 0.852540429499, 0.847609327508, -0.0915824493342, 0.522657711027, -0.106244786593, -0.994338127675, -0.00193214232189,  
2324, 1232679.2786665875, 66.51513784087074, 146.11722942491588, 84.09818469326976, 23.948230857026108, -0.049804916927, -0.187427356143, 0.98101501335, 0.603265567505, -0.78845916828, -0.120011645348, 0.79598374689, 0.585835408733, 0.152337613746,  
2342, 4852863.077266703, 105.02752778900725, 137.05929612499742, 118.96969385168626, 71.05008265423643, 0.0563999385083, -0.734175057503, 0.676613650377, 0.708781560331, -0.4478500436, -0.545031226795, 0.703169785095, 0.510311006532, 0.495111027893,  
2355, 2396487.238337529, 83.01607009963547, 126.2014760194398, 104.73216098636398, 43.28545752947696, 0.488346345651, 0.80789695487, 0.32987930672, -0.218355676201, -0.252867352242, 0.942538540772, -0.844889723787, 0.532316271105, -0.0529220384799,  
2365, 2616311.4616975714, 85.48047854972327, 135.99247788398955, 84.19204544920485, 54.55252872157463, -0.44740084542, -0.445076214257, 0.775718793778, 0.0664840889734, 0.848418810136, 0.525133686332, -0.891858929109, 0.286518212527, -0.349992806297,  
2388, 1455174.9712765573, 70.29787584212517, 115.66195790616216, 84.46296473163544, 35.56065451594904, 0.0234939559588, -0.990354913783, 0.136547349952, -0.592857729047, -0.123778313375, -0.795737797423, 0.804964438433, -0.0622581230324, -0.590047607379,  
2431, 4521884.799660779, 102.58336986930526, 122.42145691600867, 98.4607418911291, 89.55920653489102, 0.249989323843, 0.815835134869, 0.521457928003, -0.685193263329, -0.231457680534, 0.690606642026, 0.68411660545, -0.529943746859, 0.501142789345,  
2496, 1622385.5086116043, 72.89344621829831, 123.26115789225317, 87.11475983941942, 36.070109639039735, -0.334404575288, 0.402946559508, 0.851943454818, -0.804349604568, 0.349052879632, -0.480815766019, -0.491116374862, -0.846047373024, 0.207385025836,  
2497, 2624949.181765256, 85.57444613024197, 145.31514401505555, 103.03628135851264, 41.85344757186518, -0.895020007607, 0.03705412496, 0.44448417048, 0.0755348194271, 0.994741025402, 0.0691721290479, -0.439583526804, 0.095484471022, -0.89311199676,  
2520, 1597625.8228506495, 72.52072782691651, 112.35795583039693, 72.32808241951206, 46.932715372326435, 0.621350069366, -0.20990237299, 0.754894088672, -0.711263946948, -0.555248427469, 0.431048467768, -0.328675659383, 0.804760944385, 0.494299639209,  
2536, 3484504.2708051065, 94.04826698720206, 113.20375579143013, 102.32420695383668, 71.81466991490248, -0.705364891471, 0.0445308171835, 0.707444256603, 0.321922920103, -0.869040084088, 0.375679339014, -0.631526724211, -0.492733537087, -0.598654873894,  
2537, 2004099.7482577185, 78.21263328081605, 136.9937662714225, 99.144198762416, 35.225941639248376, -0.896829014729, 0.439434729014, -0.0509395453066, 0.202903119868, 0.510931043683, 0.835332145047, 0.393100549844, 0.738814311947, -0.547380461996,  
2548, 1248149.082822467, 66.79223112722656, 116.36953360458317, 59.57890361064608, 42.97798519896553, -0.633985006716, -0.394484941337, -0.665165124099, -0.753475527498, 0.508807366735, 0.416400880185, -0.174177038444, -0.765177557574, 0.61981099108,  
2557, 2737211.0072492235, 86.7773844900497, 129.80246747414603, 78.29227992434262, 64.3010078417931, 0.744843406, -0.382592211782, 0.546654827127, -0.496362899072, 0.229796930824, 0.83714828018, 0.445906013598, 0.894883551121, 0.0187418507597,  
2559, 677797.4552805033, 54.492547097964135, 101.61622333675409, 92.27955127069339, 17.256106036196844, -0.0483177896199, -0.923275563359, 0.38108742476, 0.235010372749, -0.381330530348, -0.894067755444, 0.970791180382, 0.0463601200293, 0.235404382636,  
2580, 753640.9891854074, 56.453642306246486, 140.81775562207378, 73.00985839567491, 17.49995682954499, -0.186906464288, -0.801071068004, -0.568639708088, -0.0463414935934, -0.571006137668, 0.819636783409, -0.981284076901, 0.179547026577, 0.0696019085125,  
2588, 2951879.896249066, 88.98907475842222, 140.743034157728, 89.8447084747579, 55.730207589927545, -0.219783122793, -0.972086128992, -0.0821214756074, -0.975215776631, 0.216729037133, 0.0445276708762, 0.0254866228787, -0.0898725891684, 0.995627113818,  
2594, 1657251.2752750579, 73.41192025812457, 79.706960443066, 73.0045483413038, 67.99133775066315, -0.536490390787, 0.70340467287, 0.466261650554, 0.182064168853, -0.443020594522, 0.877829932988, 0.82403319048, 0.55583686367, 0.109611504748,  
2597, 3539245.9595979596, 94.53821076112493, 118.66370198278028, 93.9907433620653, 75.7563703002484, 0.632068951135, 0.753212114844, 0.182099838175, -0.349049258395, 0.0669299421142, 0.934711184304, 0.691847856269, -0.654363731346, 0.305212468412,  
2609, 858757.7330737215, 58.96496121256198, 102.12829681254112, 78.14529786287423, 25.68816673311629, -0.626509212771, -0.740391911111, -0.243528282287, -0.769154337299, 0.637837885152, 0.0395529730808, -0.126046863219, -0.212091136604, 0.969086961034,  
2621, 1471252.487199493, 70.55582378757984, 120.443673285826, 76.13676800109845, 38.301887073008274, -0.0882654738434, 0.181822560212, -0.979361916109, 0.989535266334, -0.0966619807969, -0.107128045583, 0.114145358247, 0.9785688622, 0.171387920007,  
2658, 1132941.4672910278, 64.67051029781628, 97.74871727636508, 77.31251970284607, 35.78969265854293, 0.198257716842, -0.920860935553, -0.335721633328, 0.362926242852, 0.38714446751, -0.847586988766, 0.910482520404, 0.0461984701897, 0.410958977746,  
2666, 843990.6119741761, 58.6250197695722, 115.26292347277702, 72.65803275733987, 24.058898552999818, -0.00797517178136, 0.829249454093, 0.55882174217, 0.55548714011, -0.461008606855, 0.692029697035, 0.83148688132, 0.315937347101, -0.456960784859,  
2675, 1107572.1975299832, 64.18415264609519, 107.76452711713945, 67.9908247456129, 36.08754175110204, -0.984760526015, -0.173914765169, 0.000600714560197, 0.0528080209316, -0.295721209962, 0.953813545146, -0.165704614683, 0.939309650986, 0.300398668835,  
2680, 1581397.5414053556, 72.27434258752677, 117.4181251628852, 90.13008592889025, 35.67364804035317, 0.456575967858, -0.531297013023, -0.713625861028, -0.061347251547, -0.819002746918, 0.570500670699, 0.887566842724, 0.216697910681, 0.406530583356,  
2687, 1657909.6022325011, 73.42163969512686, 137.99196581804054, 86.0784878503514, 33.32144349357884, 0.564244397485, 0.258855493247, 0.783978375673, 0.274667640682, -0.954342454909, 0.117423021252, 0.77857944172, 0.149078208915, -0.609581611072,  
2694, 2883030.3583271685, 88.29176568935233, 112.56179930921512, 89.1099336051918, 68.61885380866777, -0.213071486316, 0.658831530136, 0.721485659329, 0.954722167283, -0.0165228963605, 0.297039689594, -0.207620145981, -0.752109040495, 0.625480508241,  
2741, 259001.48252356407, 39.543145573841805, 99.5663573329841, 38.293765410516464, 16.21709084765824, -0.750235840736, 0.608878208525, -0.257708188575, -0.0297985311862, 0.358241326126, 0.933153363491, 0.66049847147, 0.707764423689, -0.250621806207,  
2747, 359456.2189338412, 44.10817924822722, 93.19484057153598, 51.20093856719116, 17.984054109369332, -0.284817963825, 0.88314599825, -0.372735661371, 0.944564114358, 0.324821335594, 0.0478511630921, -0.163332058546, 0.338443859034, 0.926702969097,  
2757, 2195725.751573862, 80.62996946759628, 122.19974888150215, 87.87652459217466, 48.81421389457012, -0.302239830792, -0.953148572821, -0.0126048725323, -0.0780510523528, 0.011566468536, 0.99688226488, -0.95003111418, 0.302281350622, -0.0778900966505,  
2762, 1455483.4473780445, 70.30284286968164, 89.74751733008563, 73.95590322928592, 52.35080597731174, 0.516321348073, -0.45843098038, 0.723362496783, -0.468553509577, 0.555805845565, 0.686685860273, -0.716847176312, -0.693484605643, 0.0721749786933,  
2772, 1694567.4166350465, 73.95883826866763, 123.01116898556857, 85.95794490747372, 38.259533710316866, 0.0364335680307, 0.114159821665, -0.992794102641, 0.038155360527, -0.992888211954, -0.112770417339, 0.998607412141, 0.0337717882433, 0.0405302693704,  
2775, 1815370.9894071333, 75.67613219845374, 125.46097340095913, 70.79297945228569, 48.79529389207885, -0.620214051785, -0.585669529911, 0.521848379994, -0.0843491975995, 0.711191154851, 0.697920019863, -0.779884441974, 0.38884231122, -0.49049150265,  
2782, 1356505.0268646004, 68.6716684869315, 122.12651373814288, 91.80376871649665, 28.8843320040947, -0.299431556024, -0.77715995323, -0.553500813326, -0.953910274942, 0.255941978355, 0.156680857403, -0.0198980053721, -0.574905305951, 0.81797796949,  
2815, 711780.9052667381, 55.38845374107165, 88.76855043606936, 65.0272146565507, 29.43767076251691, -0.262764968951, 0.88999241083, -0.372650076825, 0.957940080376, 0.194464870951, -0.211031316101, 0.115348920678, 0.412428081769, 0.903657957342,  
2821, 415282.2378313011, 46.282653369206884, 99.26382179135271, 34.14958627881596, 29.246796828387666, -0.874267230154, 0.403722908688, -0.269563764775, -0.104809096848, 0.38521462724, 0.916855901534, 0.47399563658, 0.829829804214, -0.294466691735,  
2827, 1504126.8017779347, 71.07746773647739, 117.59409228146077, 66.31651831338603, 46.0456511958736, 0.164538970564, -0.219880269898, 0.961550619612, 0.846549914813, 0.531801271664, -0.0232518641381, 0.506241216117, -0.81782643291, -0.273641657535,  
2833, 759841.3454998242, 56.60803815975575, 90.33677012939346, 59.67920646710797, 33.64702828475815, 0.895111011372, -0.363358867523, 0.258353654344, -0.351576712766, -0.931611926297, -0.0921576574246, -0.274171647625, 0.00833979458251, 0.961644609752,  
2835, 1626528.0951247264, 72.95543533983648, 143.016993139778, 74.97291136570257, 36.214370563848206, -0.362010420748, 0.201746281832, 0.910080706881, 0.927785197066, -0.0166471242285, 0.372743211019, -0.0903497834868, -0.979296334631, 0.181150781401,  
2856, 2416442.719802441, 83.2458576196379, 117.78404831359038, 102.0982224615002, 47.971493252358925, -0.843537229502, 0.483428463851, -0.233969790321, -0.501639070491, -0.553583010484, 0.664758673099, -0.19184156328, -0.678117077533, -0.709474484219,  
2861, 4082923.1655269014, 99.15033806189483, 120.4768432662022, 106.24699275658573, 76.14867865707052, 0.15854444416, -0.0571893086125, -0.985694193047, 0.181456277407, -0.979629275433, 0.0860238461356, 0.970534532418, 0.192499001802, 0.144937419908,  
2864, 3052481.6394991614, 89.98873572749423, 108.88241782582615, 87.96535520741133, 76.0842973430901, -0.132074253308, -0.484549050426, 0.864736150132, -0.549412425338, -0.690329261703, -0.470735060645, 0.825046894726, -0.537268767162, -0.175042547214,  
2865, 966519.8965641746, 61.33486256610884, 101.41682642183453, 67.12760571520866, 33.8930783800989, 0.873556586227, 0.462422844601, 0.151868375414, 0.400905387299, -0.860543488225, 0.314228858172, -0.275995943982, 0.213611838775, 0.937121241484,  
2927, 579946.4480795162, 51.73285276425346, 123.92490019121102, 91.6175348238158, 12.194446814617692, -0.730474368261, 0.431770436836, 0.529132768961, 0.68068979915, 0.523145737803, 0.51281569238, 0.0553948972981, -0.734773997153, 0.676046284259,  
2930, 3459797.577026161, 93.82545812383604, 134.55585270737967, 93.83029277955671, 65.42088526521418, 0.655609473328, 0.431243060431, 0.619843239305, 0.474200883791, -0.873954855179, 0.106472686265, 0.587630615518, 0.224125710124, -0.777468922702,  
