# Void_ID, Void_Volume, r = (a*b*c)**(1/3.0), a, b, c, vector_a, vector_b, vector_c 

7, 2152305.7370528495, 80.09494693794394, 139.0338682546971, 97.36062056908045, 37.958707357553195, -0.77078824639, -0.107031505455, 0.62803641301, -0.633475925158, 0.233630833428, -0.737648212848, 0.0677770718777, 0.966416520198, 0.24788178234,  
12, 3080269.061972493, 90.26097383302432, 124.96132867408652, 108.236349316916, 54.368991174311, -0.881150955792, -0.00286029383291, -0.472826407708, -0.0907438930992, -0.980370735812, 0.175039327662, 0.464045837145, -0.197142179866, -0.863595056694,  
23, 1554111.4486158132, 71.85624472415245, 125.2392482280749, 106.91892107874392, 27.70757585039553, -0.332960830006, -0.634547581604, 0.697485808001, -0.54333381741, 0.733659198787, 0.408083989999, -0.770665588008, -0.243091642628, -0.589050935611,  
25, 478293.34244254587, 48.51416662667569, 114.54027425437351, 57.18068027884945, 17.43404609801859, -0.644475389597, -0.752261447868, -0.136945924567, -0.0977252356845, -0.0965959594742, 0.990514512223, -0.758354304078, 0.65174529892, -0.0112612086737,  
88, 2136559.288675645, 79.89914154404536, 90.20836180283933, 82.3420888747305, 68.66851623053778, 0.131766371744, -0.653552209807, 0.745323508507, -0.802966297845, -0.511264458138, -0.306355640344, 0.581276825448, -0.558102287131, -0.592147861008,  
95, 663648.3969300832, 54.110699326688895, 94.94310957310609, 72.17008516259384, 23.122179640820487, -0.411298749854, 0.834828852233, 0.365915462707, -0.367542986079, -0.51925710704, 0.771546635125, -0.834113596432, -0.182846504665, -0.520405288193,  
111, 1566579.8907206114, 72.04789765823239, 105.58439433496878, 72.77883051553229, 48.669751915231785, 0.635538859861, 0.317728788319, -0.703660979933, 0.719423070955, -0.574492071555, 0.390370727255, 0.280215635868, 0.754325710017, 0.593693456779,  
139, 1460937.6894452064, 70.39055043814767, 100.48220088361316, 85.71130120685207, 40.496347699718946, 0.705926755912, -0.128042984881, -0.696614964891, 0.37613763035, 0.901148292341, 0.215527813159, -0.600156561509, 0.414169952113, -0.684306475524,  
144, 248935.56130121855, 39.02408935567215, 130.33124256079398, 71.76933204848477, 6.353468661544592, 0.930951137534, 0.173867120244, 0.32109220486, -0.19152890062, -0.516163588403, 0.834800473308, 0.310880458941, -0.838656887234, -0.447222501383,  
152, 1964605.48046479, 77.69544896988853, 109.03742010476084, 101.6962906207469, 42.296658846348436, -0.239221349103, 0.224300265036, 0.94470235378, 0.59055164427, -0.73869439312, 0.324929760137, 0.770728163222, 0.635625663954, 0.04425057897,  
168, 442256.4279693097, 47.26378682825038, 95.27800812508531, 58.85145428232154, 18.82936508610837, -0.225049716127, -0.714045575488, -0.66294158219, -0.046885050711, -0.671671225276, 0.739364292589, -0.973218586594, 0.197475773861, 0.117681355562,  
171, 2582227.109650587, 85.10765197697035, 110.92408140207206, 86.32673931998069, 64.37758023306455, 0.477968817802, 0.855525521291, -0.199052484608, -0.301957343751, 0.372838502555, 0.877390000836, 0.824843968132, -0.359259701931, 0.436537392218,  
249, 413204.7795609715, 46.205347663512235, 90.77471819833495, 76.84258377147074, 14.141968269418022, 0.510190278758, -0.212515419362, 0.833392510162, -0.0297427900632, 0.964052520798, 0.264041859525, 0.859547116743, 0.159499008385, -0.48552942282,  
251, 2314546.2791584325, 82.0589117610328, 129.38983658173413, 90.74559097810449, 47.059960889882234, -0.979025162034, 0.150750219359, -0.137055111056, -0.0787675147623, 0.34033297553, 0.937000077046, 0.187897340911, 0.92814214274, -0.321320326385,  
262, 3021649.75537952, 89.68472991426596, 123.34130662666583, 85.0412310386348, 68.77291467534936, -0.974352866395, 0.0316656694161, 0.222786393498, 0.114011480543, -0.784098142031, 0.61007498389, 0.19400482997, 0.619828515836, 0.760378022371,  
273, 3180403.3710961053, 91.22863957607832, 125.49017279836075, 110.57373693115794, 54.71821119347698, 0.16895374091, -0.937301973352, 0.304827236617, 0.936795556483, 0.0565735121686, -0.345273113744, 0.306380023477, 0.34389598496, 0.887618630236,  
276, 2238684.1315397792, 81.15240666769802, 121.568165446189, 77.59372917954194, 56.65754128800196, 0.842537192182, -0.535732117955, -0.0558764492575, -0.473486618562, -0.786086815674, 0.39733857133, 0.256790774432, 0.308315773218, 0.915969367475,  
290, 496445.5778387816, 49.120300206607354, 121.81564752309619, 60.42702013384287, 16.100849143339676, -0.590098921518, 0.0939696626833, -0.801843479314, 0.798864157538, -0.0755001685983, -0.596754373543, 0.116616125064, 0.992708127818, 0.0305164273494,  
296, 980404.769005234, 61.62717621398285, 104.96660029568216, 64.15420993467147, 34.756858318136146, 0.186813148885, 0.774691659812, -0.604113962446, 0.936165525099, 0.0460377809587, 0.348532110917, -0.297816985781, 0.630661046001, 0.716639161669,  
301, 1100575.0351684166, 64.04870443302143, 126.7626286306227, 93.08392341607427, 22.267175466140305, -0.997832728024, 0.0591817621378, -0.0287639690182, -0.00606914634833, 0.35249331443, 0.935794650949, 0.0655210832177, 0.933941102164, -0.351370182773,  
311, 508636.31105163466, 49.51911987426693, 112.71748147951777, 81.96183735333912, 13.143644059011676, 0.140596190982, 0.358545074765, 0.92286409641, 0.973869816445, -0.217998967367, -0.0636712717287, 0.178354399155, 0.907701426455, -0.379826050598,  
336, 2192887.575007644, 80.59521394915866, 118.83681546339454, 87.23532466369794, 50.49918516302391, 0.528225077132, -0.667623285649, 0.524649803535, 0.460123212511, 0.744363211083, 0.483952517603, -0.713627982354, -0.0142323028937, 0.700380285528,  
352, 799984.6900999093, 57.58787086478136, 106.50132118200564, 52.677288190362916, 34.041968182375044, -0.167077713938, -0.652065714689, -0.739523725943, 0.238048084305, -0.754555403716, 0.611538430747, -0.956774867492, -0.0738677632649, 0.281292386115,  
353, 494350.8070248242, 49.05111448564927, 110.60204102849306, 49.73158559983063, 21.45612005797062, 0.277176426278, 0.682229341675, 0.676562158322, 0.824382457956, 0.192825417632, -0.532176588482, 0.493524864347, -0.705252779982, 0.508971241425,  
355, 2304740.8850445314, 81.94286901924788, 117.40373150045548, 104.41442384615007, 44.88395309405661, 0.0814946400187, 0.889879016745, 0.448858506887, -0.630294173199, -0.302851146494, 0.714849941106, 0.772067276136, -0.341169340099, 0.536204813944,  
368, 1994918.5795658953, 78.09301469402423, 121.7197197651241, 82.33160142683575, 47.523570154793795, -0.610090033013, -0.439258598425, -0.659425534331, -0.136227327605, -0.761713781256, 0.633430525518, -0.780533322051, 0.476281428521, 0.404874960962,  
413, 2326286.3104014825, 82.197419818506, 140.59209508946668, 97.7327824725578, 40.417866909311684, -0.507599712179, 0.352034929438, 0.786392993771, 0.852666136885, 0.33629525797, 0.399832412989, 0.123705259412, -0.873485493825, 0.470871639485,  
419, 2348612.037332926, 82.45953682582416, 131.27018055536183, 97.07882985781109, 43.997911076258546, -0.164206176919, -0.877285402064, 0.451006269121, -0.98452146434, 0.174154182299, -0.0196928169802, 0.0612684071484, 0.447259034691, 0.892303501155,  
426, 783902.931775219, 57.19936749919848, 97.65280795973179, 56.469232575104066, 33.937282063187034, 0.00698082921826, 0.799025244812, 0.6012569552, -0.32933965566, -0.565888793287, 0.755847381977, 0.944185712259, -0.203294200077, 0.259200325967,  
436, 1698603.1128698967, 74.01750393373236, 94.25351985942542, 78.47571751442251, 54.823963970898745, -0.438413748888, -0.744129136264, 0.504048820402, -0.895133991857, 0.411927247384, -0.17044377221, 0.0807992661395, 0.525916125846, 0.846689852996,  
477, 1304698.8089389722, 67.78608505352504, 134.30959357910217, 93.52263675268004, 24.796927883391565, -0.0612103683543, 0.93183454564, -0.357683757469, 0.998121154578, 0.0561648127482, -0.024488254171, 0.0027297599376, 0.358510660037, 0.933521641447,  
580, 257908.41682604095, 39.48743906632588, 111.74833754152887, 52.42719238897607, 10.509431759739071, -0.335242611754, -0.316561514381, -0.887356297592, -0.926970060102, 0.27912364309, 0.250632199731, -0.168341613804, -0.906575313739, 0.387017185124,  
605, 1549238.9849210412, 71.78107133398572, 151.38770643169613, 112.51737635923774, 21.71298845640163, -0.870589961338, -0.268210999553, 0.412475428283, -0.0845084687803, 0.90740596163, 0.411670668743, 0.4846972642, -0.323538684731, 0.812644621935,  
607, 1151654.2379979677, 65.02462160447095, 116.31709911382147, 83.72926267417289, 28.230116566926537, -0.774073604698, 0.417359865052, 0.476047053929, -0.334558447952, -0.908033249026, 0.252083842337, -0.537476231488, -0.0358658850097, -0.842515838948,  
639, 1078762.0606874926, 63.62273750654074, 135.96226128650233, 94.30446014587687, 20.08567552671114, -0.803519325156, 0.544142876755, 0.241381904414, 0.571470562318, 0.818650338504, 0.0568596488777, 0.166667604846, -0.183630479344, 0.968763003294,  
651, 2254304.7955126055, 81.34071929212317, 107.06369626227415, 88.96171038215626, 56.50393174623068, 0.0940099769222, -0.593104307273, 0.799618287018, 0.843268700639, -0.379498796339, -0.380629166118, 0.529206975353, 0.710076013023, 0.464469625452,  
708, 464999.23716367944, 48.06045488738991, 82.15776417562954, 51.99698056162217, 25.98584801684168, 0.330957131343, -0.824010074049, -0.459863865811, -0.904109260721, -0.416473003888, 0.0955859911862, 0.270284705249, -0.384132314311, 0.882829849524,  
711, 1527178.191825064, 71.43872608002991, 116.54502019859204, 61.95185065377482, 50.4955490282991, 0.243540976692, 0.786730800259, -0.56722344856, 0.74219467689, -0.527657856099, -0.413187909423, 0.624367563434, 0.320362037111, 0.712413721731,  
725, 2709204.8047120627, 86.48041053615792, 122.76849578628092, 101.71751523329132, 51.792938362877734, 0.41832531262, -0.842546667963, 0.339291976217, -0.822889476912, -0.193416516154, 0.534268621638, -0.384521574959, -0.502697885, -0.77423381146,  
729, 1213367.308550918, 66.16595117567829, 139.50128370397488, 73.50063401909432, 28.25103680877989, 0.890113393024, -0.153771197256, -0.429013480503, -0.370912904311, -0.791404441712, -0.485903927803, 0.264805145294, -0.591636229903, 0.76147541424,  
732, 1331439.4401202449, 68.24606300440817, 103.57276818884655, 82.75267988044044, 37.08558699774911, -0.856742195094, 0.481788159955, -0.18404613572, -0.192614448445, 0.0321344402758, 0.980748210296, -0.478427095174, -0.875698319443, -0.065268429797,  
738, 1728378.3618071119, 74.44749177375449, 119.5871850041847, 96.9939554318951, 35.57303322191227, 0.128158509321, 0.944331280574, -0.303007968573, -0.217576532049, 0.324855964309, 0.920396140341, 0.967592811667, -0.0520291743458, 0.247097381263,  
770, 2571293.620721273, 84.98736304950853, 119.61223321172194, 85.49899819958985, 60.02420795217197, 0.104368226894, -0.985747039214, -0.131947140536, 0.967864692439, 0.131191892219, -0.214538165708, 0.228790756685, -0.105316010638, 0.967762020106,  
783, 549558.7346326975, 50.813038857565736, 117.70404387178478, 57.60513478739366, 19.349641569337763, 0.26329930896, 0.342482671394, -0.901875320483, 0.304410486087, 0.85760607662, 0.41454321042, 0.915427621312, -0.383689245536, 0.121551770858,  
796, 1598557.0923227246, 72.5348160697538, 122.27124122075453, 73.70327100877434, 42.34756651568174, -0.635365647618, -0.0740766514413, -0.768650208832, -0.738905990951, -0.230855919113, 0.633027235707, 0.224339988328, -0.970164003827, -0.0919422390139,  
807, 1336600.2490592964, 68.33412579241903, 109.57901442338473, 94.01218872778746, 30.97429103554506, -0.575362248533, -0.575811471607, -0.58086094044, -0.0959925387352, -0.657738598889, 0.747104656683, 0.812246092924, -0.485614131484, -0.323164354212,  
808, 2893228.01135584, 88.39574300804958, 144.79874417441155, 96.27207347182153, 49.54831968350773, -0.9685180708, -0.0842776584515, -0.234243511801, -0.151774697333, -0.5459431444, 0.823960268661, -0.197325081488, 0.833572647925, 0.515964584877,  
813, 1849689.7532705655, 76.15003263616103, 136.79611512518608, 81.26975989658533, 39.71984460103145, -0.432105089646, 0.0456795098032, -0.900665628236, -0.226032084332, -0.972323713864, 0.059127762595, -0.873037621386, 0.229128736393, 0.430471060356,  
824, 854638.293332304, 58.87052555941803, 97.39566845082336, 51.60475809784008, 40.59423388709927, -0.700341691883, 0.618294406484, -0.35669810978, 0.687905066432, 0.718011997976, -0.106044284804, -0.190546934343, 0.319641670739, 0.928181592222,  
831, 1303836.7208134674, 67.77115173345467, 161.0281456331089, 64.71084197298498, 29.871412323746156, 0.584084328058, -0.755275513637, 0.297328767895, -0.715816846172, -0.306587726146, 0.627383621808, 0.382690136342, 0.579277882089, 0.719712022179,  
838, 2676684.0411737724, 86.13298536427344, 93.98085397826907, 86.17043785774123, 78.90614269673209, -0.96616551568, -0.255498065096, 0.0352836370333, -0.255609207955, 0.930215020801, -0.263370362577, -0.0344692488852, 0.26347818469, 0.964049333319,  
856, 1717238.4188460442, 74.28720105933789, 103.38031253557283, 93.4963648437266, 42.41401838756587, 0.892688540577, -0.384221355492, -0.235544304763, -0.112744107924, -0.696422511717, 0.708720291301, 0.436343827333, 0.606110250002, 0.66500708958,  
872, 4280264.258098725, 100.72269196897122, 141.95926596132375, 112.79451265909067, 63.816099490821784, 0.865736079363, -0.0140397191454, 0.50030383486, -0.0584048820741, 0.989943325748, 0.128845184455, 0.497081392369, 0.140766111311, -0.856209665483,  
886, 547379.5512668417, 50.74578634689283, 123.23160523036131, 48.568360513489324, 21.833552796287147, -0.991101756382, -0.132103279678, 0.0163104872806, -0.00909744821783, 0.189479231149, 0.9818425828, -0.132795123905, 0.97295752449, -0.188995001536,  
923, 715795.3401177905, 55.4923886359284, 65.88191287249401, 52.471121296168576, 49.43262941664109, 0.401817879385, -0.103812297934, 0.909816134504, -0.625778219792, 0.694233026268, 0.355587014488, -0.668538713494, -0.712224341086, 0.21399176742,  
968, 1753730.142673896, 74.8097239915127, 115.4685464990462, 77.98615879274783, 46.49357362797933, -0.924603934313, 0.375509567363, -0.0640322533698, -0.0218648384195, 0.115501657114, 0.993066612088, 0.380301845241, 0.919593351445, -0.0985828305717,  
981, 376156.52184780256, 44.78095271132206, 95.9997010040185, 74.95311890162088, 12.48016701243672, 0.7612088758, 0.306612185902, 0.571445548464, -0.548857509559, -0.164753404792, 0.819519218695, -0.345422178796, 0.937467483738, -0.0428746467089,  
998, 298754.85768273013, 41.47077219304136, 115.1264395615553, 82.61901583666545, 7.4984461195493655, 0.689288289727, -0.47322559543, -0.548579246304, -0.653769104471, -0.0799929621022, -0.752454041157, -0.3121980328, -0.877301921715, 0.364518485775,  
1000, 2276777.9361781687, 81.61012096815224, 128.7636317539737, 89.12356340331675, 47.36377452124919, -0.274232236043, -0.913087455175, -0.30177471716, -0.0653505254744, -0.295385176283, 0.95314054916, -0.959440456482, 0.281103000401, 0.0213333923864,  
1020, 1115952.775039359, 64.34563173409626, 123.39218576375161, 69.44485093076482, 31.09062838417962, -0.120976320198, -0.484853101641, -0.866188316581, -0.166384634354, -0.850347685118, 0.499224366257, -0.978611712275, 0.204514753119, 0.0221998278026,  
1023, 2971312.623232237, 89.18392453929381, 121.53068502050652, 98.3774916335231, 59.33050540006902, 0.732208893106, 0.553927672104, -0.396275498781, -0.536959845237, 0.827424409916, 0.164447470269, -0.418980025132, -0.0923741303171, -0.903284428399,  
1057, 1308008.7227743384, 67.843359226279, 113.28438342457332, 98.30785321369373, 28.03908087456254, 0.450810429753, -0.775510035355, 0.441988847699, 0.121725560619, 0.543944406256, 0.830245367825, 0.884280975888, 0.320481930796, -0.339615205365,  
1077, 1409361.9080345687, 69.55226966267143, 108.56205005199136, 87.05952608192884, 35.599146477026125, -0.030322879652, 0.960559226511, 0.27641724862, 0.292374300152, -0.255925344561, 0.921422534249, 0.955823096384, 0.10875748423, -0.273082438182,  
1092, 36836.66866557086, 20.640992663647424, 96.31964724882249, 57.71073797640856, 1.582050080507826, -0.0286323444937, 0.464664879149, 0.885023581005, -0.629381736046, -0.696225887979, 0.345178422327, 0.776568618463, -0.547134410354, 0.312386167788,  
1210, 969421.9082156036, 61.39618795906417, 119.26277810696777, 84.33960091876544, 23.008470923574272, 0.120893012405, 0.654930305178, 0.745956550283, 0.871008785007, -0.430449345375, 0.236763716617, 0.476160241927, 0.621111629601, -0.622488367428,  
1230, 5052126.180832446, 106.44579907738726, 155.66609930777778, 100.9750668762115, 76.73215353573555, -0.995723137342, 0.0752375316574, 0.0536166726987, 0.0764986616385, 0.996829855868, 0.0218676294573, 0.0518014336548, -0.0258757083124, 0.998322121958,  
1260, 1357166.3723139104, 68.68282665097546, 126.1471859965139, 79.16393836670689, 32.44438317611694, 0.682323639298, -0.698610774434, -0.215354213099, -0.413645773687, -0.611833980924, 0.674207945443, -0.602769960404, -0.370947658884, -0.706446182807,  
1329, 2017976.6388484498, 78.39273953110913, 104.51997494082175, 78.9506532378984, 58.38113048578411, 0.268977715954, -0.950329225057, -0.15660572251, -0.881801235823, -0.177582853214, -0.436910643891, -0.387398462595, -0.255614346716, 0.885767315344,  
1370, 1132949.5150002518, 64.67066342377055, 119.69633556176687, 107.9177296982928, 20.93863147376546, 0.0228151921802, -0.981082298171, 0.192242012116, -0.971290701522, -0.0672987416397, -0.228178115757, 0.236799155705, -0.181516951247, -0.954451547365,  
1429, 768054.8152995644, 56.81127493793457, 123.25741369104749, 75.46405565066368, 19.712895269578087, -0.0685739557875, 0.123503485115, 0.989971970185, -0.976099586897, -0.213423576729, -0.0409874780361, 0.206221262355, -0.969121904644, 0.135186999715,  
1438, 1938637.6862878192, 77.3516081604398, 95.22170012931305, 86.57875580300798, 56.13849556859497, -0.57660511931, 0.816942220034, 0.0114867536999, 0.523398195891, 0.358550528698, 0.772978555271, -0.62736023537, -0.451715538249, 0.634328154492,  
1471, 183373.0677309657, 35.243766377939735, 89.24310771552227, 43.02092583019926, 11.402301056564662, -0.340189927615, -0.491812453431, -0.801493183876, 0.089647821856, -0.865408730738, 0.492981740838, -0.936073758411, 0.0958553045644, 0.338493248679,  
1491, 378884.5751990483, 44.88894913845999, 107.87472202575533, 69.03232702190168, 12.146358991862412, -0.157041390168, -0.854472148121, 0.495192235258, -0.652872430458, -0.286398157308, -0.701237253031, 0.741009845631, -0.433420631231, -0.512884943337,  
1498, 1397681.2381513524, 69.35958863380435, 113.99053863085022, 80.38767095541516, 36.413403545104394, -0.149626533639, 0.125255245697, 0.980776745165, 0.926745616027, -0.327956935613, 0.183267049842, 0.344607695221, 0.936352162281, -0.0670086903754,  
1590, 1748182.5950908014, 74.73075918713268, 94.28258955350161, 70.31128042336776, 62.95665913454392, 0.596175477738, -0.652533279007, 0.467734026486, -0.727322767727, -0.685660668783, -0.0295133669693, -0.339965279536, 0.322598461052, 0.883376387299,  
1619, 2505025.655060876, 84.25089496417665, 149.41481797188993, 79.76822308058918, 50.176455691879184, 0.617262685591, 0.373299183589, 0.69255649337, 0.587102079498, 0.367428828155, -0.72132323163, 0.523734594262, -0.851847272562, -0.00763537827048,  
1653, 1818849.8819168615, 75.72444209169007, 86.2225155551907, 77.5184281062309, 64.96547227402228, -0.329001921161, -0.135614391832, 0.934540781668, 0.430030042414, 0.859552297567, 0.2761231797, -0.840732953139, 0.492725668577, -0.224476094566,  
1662, 1393605.7052975104, 69.29210722825965, 130.61521367942063, 76.90119191053246, 33.122603817609075, 0.057159651856, 0.24088184864, 0.96886981024, -0.87053694, -0.4630833923, 0.166490864227, 0.488772145579, -0.852953519702, 0.183226861933,  
1670, 1734233.0850361611, 74.53145838608283, 119.04099004883336, 104.00001775594016, 33.44174371885692, 0.289405039365, -0.465374838998, 0.83646337781, 0.934958859707, 0.324741929528, -0.142809698066, -0.205174691045, 0.823388692194, 0.529088279705,  
1706, 984519.0046295266, 61.713261365342746, 111.27645876008089, 84.555140295151, 24.979985610956316, -0.634410256994, 0.543473780005, 0.549690709643, -0.633268181682, -0.773203179594, 0.0335894795281, -0.443277605897, 0.326792125844, -0.83469268033,  
1711, 1179011.5764775386, 65.53548030451748, 127.94578295786708, 69.82305033535681, 31.50682683386874, 0.138010126129, 0.0842911327731, -0.986837479032, 0.887700655385, 0.431357912446, 0.160990365547, -0.439250215157, 0.89823457755, 0.0152935339025,  
1721, 1086425.265069193, 63.77303450396238, 94.31058154658258, 80.98098771381868, 33.96000574388134, 0.0826830498173, 0.912632856815, 0.400330840599, -0.994245305312, 0.0480848284185, 0.0957294215039, 0.0681159756475, -0.405942259364, 0.911356733625,  
1722, 1960501.57657886, 77.64131139421592, 114.63082745168647, 76.50242745261262, 53.37058258720212, 0.779696025248, -0.311551518741, 0.543148008726, -0.22712442324, 0.667635099662, 0.70899779271, -0.58351401404, -0.676164939101, 0.449791474519,  
1735, 1013578.5806959245, 62.314570354501036, 104.21473306209721, 71.1525457042288, 32.63241771738751, -0.978203666438, -0.156001985328, -0.137043670194, 0.0427095086185, -0.797027723593, 0.602430664639, -0.203207984194, 0.583446817111, 0.786318209609,  
1747, 612159.9887472966, 52.67349192721008, 121.64880334808532, 71.59804707799921, 16.779047879904425, -0.204533249608, 0.91216223743, -0.355142510004, -0.0923248374098, 0.343218248755, 0.934707097501, 0.97449590774, 0.223967154577, 0.0140156865196,  
1749, 1570534.1130354498, 72.10846570224588, 126.84006004954861, 68.67042824500065, 43.045977066242855, -0.471963015514, -0.285218390043, -0.834207037832, -0.859454040229, -0.0619882848659, 0.507440839186, 0.196442522693, -0.956455917709, 0.215875919819,  
1760, 1797497.004765831, 75.42694570866159, 121.60086054325308, 90.15259994136127, 39.14395123473933, 0.238395831237, 0.316918196178, 0.918003422968, 0.799618047526, -0.600508835487, -0.000341428117634, 0.551160961716, 0.734133499736, -0.396572312254,  
1773, 1958640.4837442907, 77.61673546634017, 105.19940436463813, 96.95303275634355, 45.844943096308164, -0.0901550629252, -0.766056562989, -0.636419206915, 0.071204003203, -0.642344100732, 0.763101596239, 0.993379109181, -0.0234818771796, -0.112456866786,  
1784, 1533453.7951729458, 71.5364462667727, 127.27737196967041, 75.1514607513673, 38.273084075091866, 0.281693754824, 0.420418156149, 0.862494755041, 0.272341361426, -0.896960308129, 0.348270567946, 0.920042831258, 0.136787351831, -0.367165370139,  
1786, 2015346.5623895202, 78.35866769031274, 142.21437623542525, 85.51784143351065, 39.560420442233344, -0.527707751568, 0.777203786983, 0.342751808798, 0.846462148868, 0.447476093443, 0.288560178006, -0.0708968226969, -0.442401875331, 0.894010190789,  
1821, 794748.0755247084, 57.46194099960425, 103.40321486604141, 88.13468303414331, 20.819005851254346, -0.761202558398, 0.31681982618, 0.565858518383, 0.243169144786, -0.669446447238, 0.70193320288, -0.601198330097, -0.671912681842, -0.432543542164,  
1831, 1240474.7588927571, 66.65505750955614, 100.52065982519224, 76.45391909275831, 38.53401295939079, -0.960077176624, -0.198534227178, -0.197068454007, 0.199611982049, -0.979766467289, 0.0145851362459, -0.195976711749, -0.0253343682761, 0.980281234257,  
1859, 693606.5356900091, 54.91296018787933, 120.75988686632276, 108.8392833570197, 12.598423302960729, 0.408322752712, 0.628653955633, 0.661866099512, 0.367223134052, 0.550681314635, -0.749598065318, -0.835715082689, 0.549130488845, -0.00600056556316,  
1862, 615660.3767644805, 52.773698488642864, 128.87405918913117, 74.83208980504617, 15.240499915130641, -0.0469714975398, -0.864017075125, 0.501266568117, 0.96279340781, -0.172855132185, -0.207725677649, 0.266125031322, 0.472858961182, 0.839989208582,  
1868, 2696119.9446677817, 86.34095870175788, 132.78767987727642, 112.72706767247868, 42.99961895275958, -0.674567799006, 0.736106895687, 0.055721832935, 0.486681736759, 0.386698271678, 0.783329645671, -0.555066817284, -0.555527753405, 0.619103984439,  
1881, 719818.9634447343, 55.59617221345745, 126.4150055247968, 55.511941413498484, 24.487792154028455, -0.262246387829, -0.51327778809, 0.817173631687, 0.259135568002, 0.778250971989, 0.571991417763, -0.92955666286, 0.361761436381, -0.0710849750685,  
1887, 336906.0353931197, 43.16582647902789, 95.74236508185174, 50.19079685723428, 16.737552007232683, 0.181647825489, -0.273442715626, -0.944580938176, -0.729673362646, 0.6064613803, -0.315881905228, -0.659227465554, -0.746614810646, 0.0893614748276,  
1895, 1332693.0256884992, 68.26747477906774, 137.07884551644716, 79.04867965568818, 29.361379553625945, -0.0426959221158, 0.918844028436, -0.392304358428, -0.993044279662, -0.0821543398073, -0.0843428899251, 0.109727466319, -0.385974501565, -0.915960461634,  
1896, 839296.8092301002, 58.516137838722024, 122.23732479739353, 95.40386083955288, 17.1813456849693, -0.244411326453, -0.405427916304, -0.880846926647, 0.965324574486, -0.187651388676, -0.181481189715, 0.091714608402, 0.894659242957, -0.437233655608,  
1931, 2126790.6419886346, 79.77718548641883, 124.70827239652074, 75.55033548392969, 53.88953935990729, 0.289674747379, 0.252794455665, 0.923137857482, -0.304020602633, -0.890238739287, 0.339184994135, 0.907557168395, -0.378906255236, -0.181024959157,  
1934, 488704.15794225706, 48.86363915667644, 115.5286627045339, 88.01945786931488, 11.473316899723978, -0.849728011244, 0.39857807764, 0.345105524343, -0.260227614997, -0.886356462064, 0.382954058015, -0.458523603863, -0.235600802593, -0.856882936298,  
1948, 2050649.2559637928, 78.81355640253027, 116.00720636945698, 96.24673947736395, 43.84618188336051, -0.596276535962, 0.64560271792, 0.477128309028, 0.326164510293, -0.348247994005, 0.878828792711, -0.733533233662, -0.679647309482, 0.00292058681339,  
1954, 1402283.4355057902, 69.435632868521, 103.3297805874789, 81.23231330339303, 39.883463567770754, 0.0445247305892, -0.641933769717, 0.765466252465, 0.786541368872, -0.449884920001, -0.423032190039, 0.615930372217, 0.620906268331, 0.484876461099,  
1964, 2379436.5295137456, 82.81871830578524, 124.43277349836123, 116.605438343319, 39.15001458555017, 0.615073916675, 0.232840954937, -0.753305493628, 0.275010095872, 0.832051167933, 0.481726375768, -0.738954345135, 0.503463944733, -0.447739357394,  
1967, 914178.3862742127, 60.20706362269937, 126.97115597856225, 52.1532974572986, 32.95759357776484, 0.502880185354, -0.162690350592, 0.848907161592, -0.780975803634, -0.506377927597, 0.365592927422, -0.370389407673, 0.846825391841, 0.381704653386,  
1973, 2061908.4166310392, 78.95753606719035, 126.2238565619307, 83.78288538613128, 46.54617564577434, 0.694515548791, 0.58791119564, 0.414739169272, 0.550684861637, -0.805349396752, 0.219450523616, -0.463027359505, -0.0759787812046, 0.88308147368,  
2043, 1394709.8111376956, 69.3104016484, 120.78529993820419, 69.00637177966091, 39.94771758530386, -0.708021871725, 0.659572859216, 0.252326519703, 0.699055145501, 0.705266150252, 0.117989664195, 0.100134572987, -0.259929414832, 0.960421660833,  
2058, 1346823.871132318, 68.50791212333539, 99.88486824384222, 57.944077782737516, 55.55375762004366, -0.923959177113, -0.151702229016, 0.351120880523, 0.0775998571935, 0.824546733398, 0.560447095278, -0.374536648663, 0.545077167155, -0.750075449975,  
2081, 1763503.3412415106, 74.9484333458757, 138.34462693422037, 85.71006671722104, 35.50532953588143, 0.331355357184, 0.79929941882, 0.501322317814, 0.858599005315, -0.475736521269, 0.191003953894, -0.391166684851, -0.367144660052, 0.843915530879,  
2130, 1605726.5778302476, 72.64309325617134, 143.5620854686958, 61.92826358243686, 43.117574763410445, -0.121807363034, 0.166571701174, -0.978476793122, -0.303157153215, -0.944952806614, -0.123125682648, -0.945123646284, 0.281634624365, 0.165599612299,  
2132, 1658646.1448034274, 73.43251084614631, 113.55176972344316, 105.61606872798974, 33.01727516451209, 0.686575194521, 0.28181329921, -0.670220685041, 0.543657443839, 0.413082435759, 0.73061582588, -0.482753649419, 0.865993167211, -0.130402255796,  
2143, 784992.262422148, 57.225850448252395, 104.08197198831834, 81.06036967542376, 22.212256231696237, -0.515021134877, -0.128487231044, 0.847492927457, 0.163735332236, -0.985243006035, -0.0498694298838, -0.8413940644, -0.113080725671, -0.52845887056,  
2164, 2286012.2873042095, 81.7203059111311, 103.33817571374071, 84.86361035726249, 62.23112564325243, 0.110471114014, -0.417015782633, 0.902160722933, -0.93847431757, -0.342605014742, -0.0434483501936, 0.32720343554, -0.841854881146, -0.429206559668,  
2175, 1685629.9167962123, 73.82858425578164, 130.32965423519232, 88.06496057859732, 35.061236899594874, 0.801166558895, 0.268994476601, -0.534578447439, 0.289380264909, 0.607766353166, 0.739512760025, 0.523823641304, -0.747169345943, 0.409080384881,  
2177, 831999.4174253802, 58.34605149368745, 121.32737390985618, 80.48091274123445, 20.34148815998911, 0.00276019070638, -0.964373667944, 0.264529412209, -0.982217607953, -0.0522738979514, -0.180321962665, 0.187725736045, -0.259327723488, -0.947369083228,  
2185, 549159.6349440902, 50.80073542343674, 114.53641367997182, 61.61850777606787, 18.576129973690605, -0.212293477077, 0.977119319873, -0.0130120836861, 0.00209786641408, 0.013771280758, 0.999902970684, 0.977203703711, 0.212245580772, -0.00497341887961,  
2213, 316008.8391894543, 42.25423147313132, 67.38615310481411, 56.837066735258546, 19.697372603678794, 0.877098151142, -0.444770085041, 0.181324032376, -0.0574337993169, 0.27768562433, 0.958953623872, 0.476864961976, 0.851510578615, -0.218012711892,  
2215, 1832253.0068879456, 75.90999181411833, 116.34490000673748, 96.46458633119563, 38.9745919370557, -0.413972531038, 0.46044459357, 0.78524997281, 0.910202814426, 0.221272560975, 0.350098972249, 0.0125530935024, -0.859668092935, 0.510698727071,  
2217, 1463144.1263053436, 70.42596928431625, 109.52134418167411, 66.52282746405864, 47.94342250480387, -0.0597084680084, -0.724329011533, 0.686864165538, -0.998204506119, 0.0400438338833, -0.0445449810018, -0.00476054751255, 0.688290617705, 0.725419439199,  
2222, 1138228.9300611336, 64.77096042362824, 90.87213383980796, 65.84443901692978, 45.41414919479269, -0.885452200483, -0.391348337299, -0.250640937506, -0.0993502153878, -0.36745463324, 0.924719756041, -0.45398671276, 0.843696373943, 0.286482971978,  
2244, 1169882.5432582323, 65.36589576840842, 99.92821117112273, 70.60314042394559, 39.585990789430426, 0.832543582322, 0.0830844036021, 0.547693495865, -0.180118505184, -0.894366329054, 0.409470625985, 0.523859244096, -0.439551875587, -0.729633908918,  
2247, 1418378.9996905364, 69.70028615159512, 103.10187048624385, 65.18610672341786, 50.38277633224418, -0.6754968083, -0.627905142656, -0.38657365896, -0.735467133765, 0.536173974591, 0.414253019449, 0.0528408660756, -0.564138813411, 0.823987404076,  
2275, 2493032.367285388, 84.11622407489662, 137.0720122486928, 95.68530193299883, 45.37799341374436, -0.438624471493, 0.172943983006, 0.881872412398, 0.89046364449, -0.048676364468, 0.452443487503, -0.121173721774, -0.983728107906, 0.132649684761,  
2279, 362065.0574698279, 44.21463064481937, 148.9204427606166, 83.2122864636623, 6.975193018420408, 0.599642368055, -0.798049149545, -0.0595532143872, -0.338091915994, -0.320079821761, 0.885010036124, -0.725343288914, -0.510555053458, -0.461747388315,  
2281, 2379318.536241964, 82.81734932438302, 121.77797250917071, 70.80146515058848, 65.87990959833036, -0.537950774229, -0.430439808585, -0.724796892716, -0.8397365651, 0.198324089461, 0.505480026088, 0.0738340418809, -0.880561824476, 0.468144643817,  
2295, 2153432.265007299, 80.10891853711716, 133.91583507975116, 84.7041335030355, 45.32168714654542, 0.34717191377, -0.937571582491, -0.0207651148306, -0.880349114451, -0.333454271911, 0.337333196156, 0.323198234794, 0.0988320608352, 0.941156270115,  
2306, 1203214.184902768, 65.98088118461648, 103.05586808850202, 81.76028916873209, 34.09095671236113, 0.634656432497, 0.734896295026, -0.239036918168, 0.494073489751, -0.148017322999, 0.856727645648, -0.594224367908, 0.661829515547, 0.457032923251,  
2309, 1697838.5562986059, 74.00639695189146, 97.25843806595842, 80.80638487212894, 51.57447480180247, -0.0320055032764, 0.482911072628, 0.87508430662, 0.237287228797, -0.846829978095, 0.475997646264, 0.970912158133, 0.222880874309, -0.0874854105408,  
2331, 1284318.030928451, 67.4312675534307, 134.67781667042365, 102.6739420290709, 22.17316387663777, 0.0688138524323, -0.997020454287, 0.0348549486635, 0.941989121158, 0.0534314542486, -0.331363207547, 0.328513545128, 0.0556353613252, 0.942859245719,  
2378, 3495146.6766359517, 94.14391737597529, 117.58973288002609, 95.39190273141074, 74.38680083719977, 0.561233641587, -0.673322113445, 0.481304613625, -0.767864333331, -0.206576103115, 0.606391523044, 0.308870790377, 0.709903968976, 0.632957494374,  
2405, 1886834.9545910996, 76.65640263302662, 126.44584358927753, 99.83424045202193, 35.68298912115242, -0.865718174223, 0.337692863335, 0.369453072626, 0.41496716052, 0.071491199883, 0.907023298504, -0.279882651321, -0.938537446451, 0.202022679662,  
2407, 1376207.2874091498, 69.00254060276207, 95.2127559270805, 76.29141883266551, 45.229773841141885, -0.836608576573, 0.439625142675, -0.326826901483, -0.386423833533, -0.0507304847013, 0.920925099451, -0.388281741114, -0.896747540755, -0.212323191545,  
2409, 1622505.9304322025, 72.89524968286408, 93.41075201260684, 69.52468618570683, 59.64331557153499, -0.851118026395, 0.523841309648, 0.034472995991, -0.117387359917, -0.25390759637, 0.960078715646, 0.511681847321, 0.813093607657, 0.277597680664,  
2411, 3570556.330967764, 94.8161739605014, 127.60927874824603, 117.01537076832477, 57.085014111612665, -0.554893150801, 0.796464757101, 0.240286249899, 0.474356069996, 0.0656321520369, 0.87788310126, -0.683432447322, -0.601112561269, 0.414226723706,  
2415, 1308792.9457698562, 67.85691512287265, 142.58638664256353, 106.8500619499542, 20.50829209988182, 0.855832671159, 0.481898824422, 0.187946699887, 0.323465171168, -0.78215830118, 0.532539834131, -0.403634391522, 0.394970777293, 0.825274113895,  
2427, 1213427.5363206575, 66.16704591473241, 89.04323456574646, 71.45283170476154, 45.53075631076579, 0.0898960782286, -0.962859200749, 0.254599400336, 0.873265431659, -0.0467126251635, -0.485000429402, 0.478880132171, 0.265932491777, 0.836632373763,  
2434, 1189737.9297464085, 65.73362244949928, 102.73126093781217, 90.36886096922215, 30.59435284054168, 0.289177882463, 0.863672772015, -0.412850451343, 0.951617820341, -0.306179294158, 0.0260338978594, -0.103921491055, -0.400404274089, -0.910426680732,  
2435, 2373184.8591309986, 82.74612276609098, 131.8197565274452, 71.98729334696137, 59.70443730436036, -0.922518194183, -0.366570349739, 0.12077400421, -0.340735481526, 0.626562321115, -0.700941502116, -0.181271931169, 0.68778327724, 0.70291866565,  
2442, 2119380.399508572, 79.68442346283402, 117.96773684925668, 101.8917188519261, 42.09380335643277, -0.223651289433, 0.2477601078, 0.942653186341, 0.484366184624, -0.811018981784, 0.328081712961, 0.845795187931, 0.529965225434, 0.061378822913,  
2452, 1849494.6898966574, 76.1473556819221, 106.31755327997662, 76.42436749147569, 54.34100334069667, 0.561162416497, 0.185592705307, -0.806630082533, 0.776184169282, 0.220462888869, 0.590706568431, -0.287462828322, 0.957575825911, 0.0203386323275,  
2456, 512047.76098868594, 49.62958237776152, 106.40304254937746, 72.78082493676455, 15.785227366736196, 0.667913927347, 0.401866724039, -0.626413698578, 0.565925044881, 0.272383889634, 0.778161847076, -0.483342351995, 0.874248335874, 0.045497450367,  
2457, 1040973.3293039756, 62.87099464307289, 145.97872308072397, 64.0031464330611, 26.598681443618055, 0.935305865804, 0.0293818766032, -0.352618267707, 0.162242414265, 0.850004688505, 0.501168064159, 0.314452439022, -0.525955069228, 0.790247384523,  
2466, 778404.3804253788, 57.06531522781148, 81.41269387806786, 60.354363081269106, 37.81950718057177, 0.693349553693, -0.71630313106, -0.0785889357883, -0.647244713509, -0.666993647837, 0.36904438023, 0.31676596602, 0.205010483096, 0.926083162892,  
2468, 475445.37089052866, 48.4176832200744, 131.38413180935754, 45.62499681973902, 18.935041061063323, 0.455925715854, 0.830043335639, 0.321184997445, -0.603904029481, 0.023424307763, 0.796712761905, 0.653782582209, -0.557206750467, 0.511946259322,  
2497, 1435456.8278163723, 69.97891028703417, 107.2338963755836, 76.80315895206554, 41.6092949013168, 0.725857317278, -0.11398077542, 0.678335859135, -0.604508608057, 0.364806480418, 0.70815646197, 0.328177539966, 0.9240804157, -0.195895093308,  
2499, 318768.5597121158, 42.37687788838451, 112.60844808700523, 42.26254712564186, 15.99043320295546, -0.836257606605, -0.547848240808, 0.0231413145527, -0.102738733927, 0.198000574233, 0.974802813473, -0.538626000066, 0.812808758348, -0.221864720959,  
2507, 1662082.0985041298, 73.48318202846605, 138.17843159994231, 65.09583488760775, 44.11338683603869, -0.708658234841, 0.576729401403, -0.406431671686, 0.21308224318, 0.724093223853, 0.655961097026, 0.672606470259, 0.37824886084, -0.636025420435,  
2508, 2273553.849729273, 81.57158077545779, 144.22275711372168, 88.3772984396734, 42.5835751508557, 0.455266158019, 0.888301321165, 0.0604440913594, 0.294359508273, -0.214237980915, 0.931372410705, 0.840288763017, -0.406230046096, -0.359015242569,  
2526, 2905188.234603435, 88.51738100000007, 122.4948799029816, 99.75814463780162, 56.756991629409505, -0.944781406171, 0.229597012011, -0.233823238002, -0.295102568253, -0.285846950489, 0.911704993464, -0.142487082798, -0.930363763789, -0.33781755174,  
2531, 1001553.385313694, 62.067153916682074, 104.0258807698151, 79.84318209008478, 28.78765274083218, -0.847831190678, 0.48170334838, 0.221684812907, 0.214839745639, -0.0701696351367, 0.974125303028, -0.484794962647, -0.873520524352, 0.0439970195318,  
2533, 1792695.9601873774, 75.35973168510205, 107.7095408057025, 64.72863618438406, 61.38572641486055, -0.306887657347, 0.808552715391, -0.502058235867, 0.948558716162, 0.216708725996, -0.2308109401, 0.0778224116893, 0.54706474435, 0.833464958908,  
2538, 1438503.5091730803, 70.02838414955396, 99.07932119844915, 64.54218271934748, 53.70264115878122, -0.128818470575, -0.583717416422, -0.801673112562, -0.0423954828643, -0.804427852788, 0.592535613015, -0.990761537743, 0.110316850136, 0.0788781839589,  
2540, 838031.4753321602, 58.48671650558498, 111.23578135886368, 57.178868202969255, 31.455142476181518, -0.211353612795, 0.721272623767, 0.659617656346, 0.0471403835582, -0.666555403687, 0.74396349242, 0.976272213369, 0.188334001232, 0.106877824563,  
2545, 1013149.0012772229, 62.30576563029447, 129.6914741706909, 79.20112361032189, 23.547344719700995, 0.255940830813, 0.565980417137, -0.783683902183, 0.619393426939, 0.526400876743, 0.582455062327, 0.742190052337, -0.634482690373, -0.215837072416,  
2548, 3105828.78342979, 90.50994487622158, 112.76106630554341, 86.55145527355315, 75.97231366698779, -0.980050586009, -0.163446027919, -0.11307627877, -0.152806315603, 0.983468742396, -0.0971568970386, -0.127086894583, 0.0779399043366, 0.988824702633,  
2555, 1022719.6126689658, 62.50133950237988, 92.77794013230925, 76.96879136366816, 34.19074643840378, 0.749309936138, 0.475920176303, -0.460472154851, 0.600902054979, -0.196424493653, 0.77481232477, -0.278300808348, 0.857273237702, 0.433164236742,  
2559, 607627.3909712617, 52.54316682505786, 133.4349312128998, 71.2626113760244, 15.255184513193802, 0.894953427028, -0.415122962008, 0.163497063783, -0.246924672004, -0.155637196488, 0.956454530767, 0.371600013197, 0.896353718954, 0.241792143605,  
2562, 2085880.1963532488, 79.26234504927596, 132.67214016365884, 76.31162401233887, 49.18473328320489, -0.640974809009, -0.513258190734, 0.570716500428, -0.767350132894, 0.411027376542, -0.492168943841, -0.0180296357317, 0.753407277226, 0.657306935045,  
