# Void_ID, Void_Volume, r = (a*b*c)**(1/3.0), a, b, c, vector_a, vector_b, vector_c 

11, 1798004.3195674203, 75.43404105783237, 99.23231277799125, 72.47813411226784, 59.68181247473043, -0.93722346536, 0.21239628395, 0.276586323855, -0.170233478384, -0.970856170118, 0.168697539347, 0.304356269553, 0.111023040441, 0.946066142336,  
20, 1091543.2350844292, 63.873019075763786, 120.39292974416101, 74.89629236125441, 28.899546714701902, -0.590201997419, 0.70059020267, -0.401042354577, 0.806991781215, 0.524749271303, -0.270928897163, -0.0206365523537, 0.483540660327, 0.875078603622,  
25, 1135710.5980157387, 64.72315655740582, 117.08730891744285, 62.05594960001853, 37.31520389218695, -0.408143645473, -0.909305840721, -0.0811273855785, -0.907218157697, 0.4139054425, -0.0750832805257, -0.101852731949, -0.0429554734554, 0.993871645785,  
63, 322182.65296714485, 42.52763005124125, 111.3618338141332, 70.12040726322375, 9.849920840222072, -0.243084086798, 0.335787514928, 0.910031247575, -0.624015908224, 0.664134226549, -0.411740058057, -0.742640069636, -0.667961431479, 0.0480962891263,  
75, 605947.5412385822, 52.494701767821645, 108.40203965740518, 67.28359456004351, 19.83351912374055, -0.304583370201, -0.633660402543, 0.711128304068, -0.111033114764, 0.765133474126, 0.634225838481, -0.945991869956, 0.114215852756, -0.303404220401,  
91, 1835838.490190878, 75.95947491196009, 120.89325258018823, 65.71641009365914, 55.165806072303624, -0.476057146725, -0.830983178885, 0.287813393472, -0.823384508878, 0.30622754113, -0.477768399534, -0.308881115628, 0.46442615071, 0.830000486111,  
95, 1312312.4267200327, 67.91768546052786, 99.06889495933585, 92.0935345197968, 34.338567350084716, 0.326256240948, -0.730358178794, 0.600111486235, -0.907021397545, -0.0630866183454, 0.416331914439, -0.266212414507, -0.680144844319, -0.683032898994,  
96, 2306630.869192724, 81.96526176200533, 119.33296956333926, 86.32737337206291, 53.454037667839785, 0.823160367939, -0.150653886292, 0.547458140134, -0.512060719664, 0.219665555497, 0.830385972368, 0.245358570323, 0.963872631769, -0.103676042051,  
102, 3481298.7662558253, 94.01941882439584, 129.28280697277472, 100.25133867927396, 64.12416654923173, -0.683966478069, 0.198603928841, -0.701958927806, 0.0745156123004, 0.976215759582, 0.203593256931, 0.725697788615, 0.0869440635863, -0.68249794828,  
140, 482745.791037725, 48.66424189597808, 154.43392690538766, 29.99926982288955, 24.875767424534047, 0.623846194339, -0.701996555314, -0.343535678113, 0.519293984882, 0.0438202688521, 0.853471464844, -0.584080202604, -0.710830936556, 0.391879696541,  
148, 247823.5080456466, 38.96589270489779, 121.66316664167148, 104.64967673429258, 4.646831062522075, -0.045149898209, 0.920183576369, 0.388874880227, 0.788162383578, -0.206370459884, 0.57983729649, 0.613809045066, 0.332676147428, -0.715936475623,  
156, 992053.413177885, 61.87028958974874, 96.145864047503, 82.85080213586997, 29.731657563337265, -0.0946941530817, 0.530240765932, 0.842542430692, -0.82529081797, -0.51511077395, 0.231421598679, 0.556711849296, -0.673428259508, 0.48638081392,  
166, 496136.4554706968, 49.11010282420589, 123.93096009161262, 84.85491798545573, 11.263041856862554, -0.0354744846525, 0.824347481321, 0.564971495722, -0.992906057974, -0.0932697026081, 0.073744983648, 0.113486214918, -0.558347555394, 0.821808302713,  
189, 1330648.4308033797, 68.2325453121819, 111.39789828426488, 74.25591446490607, 38.4031341024536, -0.971712600162, 0.149037667872, -0.183200426423, 0.197793560806, 0.0897167283714, -0.976129405332, 0.129043907217, 0.984753107233, 0.116657566426,  
194, 1000320.5214106765, 62.041676235758274, 83.14525548665428, 59.63937223932565, 48.15928532965874, -0.172570994272, 0.2375779288, -0.955916303702, 0.0259032513213, 0.971235250583, 0.236708913217, 0.984656424093, 0.0160877522498, -0.173761073663,  
199, 1905117.0877445557, 76.90318988331357, 129.02350807182444, 113.68160622048121, 31.008018609451074, 0.432386776597, 0.425792912722, 0.794822037251, 0.686315910938, 0.416301602197, -0.596375256362, -0.584818045051, 0.80336378527, -0.1122251429,  
201, 1163184.3188593371, 65.24090495195284, 92.51330502625781, 77.91708683487809, 38.5232595110918, 0.041281785657, -0.0522297161379, 0.997781474535, -0.768949733151, -0.639307111257, -0.00165087338559, 0.637975016799, -0.767175647585, -0.0665537654227,  
241, 1054406.4518977182, 63.140276849382424, 145.90492435423016, 113.77315602648069, 15.163857347945774, 0.405558467149, -0.42470731426, 0.809410913527, 0.881884340964, 0.414708837557, -0.224269010822, 0.240421169796, -0.804761006303, -0.542731410412,  
252, 4559802.026565901, 102.86930191253526, 137.40166180339799, 115.00220377896622, 68.89048302984875, 0.0959759014925, 0.146601299158, 0.984528661552, -0.391963649513, -0.903613574072, 0.172762861207, 0.914960722541, -0.402480518581, -0.0292627471311,  
253, 642112.2863756892, 53.51893429386613, 92.4705050054748, 64.0440968014236, 25.88451523373079, 0.545936229525, 0.37291123937, 0.750260515317, -0.399617191307, -0.671159179813, 0.624380857942, 0.73638287168, -0.640689131252, -0.217388369954,  
267, 2803929.88425707, 87.47679174390512, 117.92545882097365, 90.37958160393268, 62.80592827398697, -0.887634316175, 0.406505976051, 0.216467577671, 0.408860342453, 0.911890686243, -0.0358970293025, 0.211987124886, -0.0566415728788, 0.975629638287,  
288, 950171.2217215424, 60.98706794576519, 97.38552884150211, 49.36159953195731, 47.187787175927596, 0.097777314785, 0.717516993235, 0.689644082939, 0.841858425967, -0.429206115486, 0.327194897664, -0.53076735708, -0.548590443635, 0.646014347991,  
302, 647524.7429036965, 53.6688866799407, 95.50986151993337, 60.09035643913056, 26.93486252797828, -0.310596433434, -0.928212495529, 0.204820454747, -0.950112927522, 0.296690595153, -0.0962294949778, -0.0285531170585, 0.224491099807, 0.974057732177,  
313, 2178949.036505312, 80.42408979516685, 135.5202385017029, 91.87699601459408, 41.77798781154412, -0.876631370489, -0.0507835555883, -0.47847515166, 0.431534870961, -0.522826410395, -0.735139578405, 0.212826444361, 0.850925128948, -0.480240907781,  
337, 781021.2138588899, 57.129190937791, 132.05014275041864, 54.42299334596349, 25.9449549498061, -0.627793452028, -0.776943220078, -0.0472717078816, -0.100415616338, 0.0206161624661, 0.994731962812, -0.771875693092, 0.629233030458, -0.0909599241063,  
352, 1219100.072078822, 66.26999165166524, 111.96045199017541, 78.14580928860966, 33.26445492390322, -0.936510297609, -0.216662703245, 0.275691377259, 0.144188648861, 0.478738070788, 0.866036658068, -0.319621801528, 0.850803815577, -0.417102830711,  
364, 465871.1856772594, 48.09047649635506, 139.58411171780563, 75.83048381188543, 10.507452288286059, -0.419901107742, -0.710341394258, 0.564887743999, -0.907005318287, 0.306495651566, -0.288793642883, -0.032006441779, 0.633620958598, 0.772981286002,  
390, 1148110.4859731481, 64.95785738400204, 119.2579044944604, 84.54225915420373, 27.185295071493687, -0.781269929221, -0.518043854184, 0.348206638129, 0.0185257096278, 0.53836048864, 0.842510998358, -0.623918340632, 0.664679283124, -0.411007730838,  
412, 102463.36825452291, 29.02863889640263, 89.79406774978868, 22.816125442590405, 11.939619237990563, -0.299951426361, 0.660590725632, -0.688221646734, 0.889155375385, -0.0677562101337, -0.452561392975, 0.345589149493, 0.747682411989, 0.567044222751,  
431, 2600113.975971935, 85.30371111833297, 123.83808392824471, 87.01129915894523, 57.60681965399496, 0.171882973011, 0.915204886333, 0.364494526187, -0.873786485934, -0.0292260598221, 0.485430751423, 0.454921334506, -0.401927671925, 0.794670199487,  
436, 3701596.4468189143, 95.96219061442758, 134.67815426497685, 96.2140605436466, 68.19691998215922, -0.987604845657, 0.156220921681, 0.0152214475016, 0.00518621863571, -0.064445057191, 0.997907780178, 0.156875020227, 0.985617500977, 0.0628360549052,  
437, 2262893.291109287, 81.4438862212906, 106.96808280544356, 87.81263825702688, 57.51276246354887, -0.733336622739, 0.221260146806, -0.642854062121, 0.671920975096, 0.380005057465, -0.635703043509, -0.103632046086, 0.898131451257, 0.427340959057,  
442, 1567277.4722057716, 72.05859012735321, 96.46781658079121, 77.58494975374063, 49.991636023938284, -0.806734947693, -0.451560899975, 0.381144956393, -0.0737497964376, 0.716907936031, 0.693256070137, 0.58629317896, -0.531164536533, 0.611657210727,  
444, 1132832.1308236793, 64.66842985123385, 112.38606530888995, 69.09898685185514, 34.82513454190599, 0.0197292095643, 0.38804270913, 0.921430200385, -0.997784782791, -0.0509210934291, 0.0428085210463, -0.0635317678028, 0.920233610631, -0.38617847732,  
474, 1710841.5639959166, 74.19484430018923, 107.78859236328417, 84.9577283681067, 44.601091940084466, 0.761642983064, 0.468986598638, 0.447159408542, -0.436370626902, -0.138928608298, 0.888976668858, -0.479041378512, 0.872210073374, -0.0988379763994,  
480, 1215717.3443473498, 66.20864011119464, 93.10346014779854, 66.66125048243052, 46.7632541961093, 0.318279763539, -0.906895320355, 0.276113871509, -0.212385923549, 0.215641984496, 0.953095354097, -0.923899459682, -0.361993663537, -0.123977320342,  
505, 273961.6504464869, 40.290289522153834, 122.1646611850751, 74.41846288496889, 7.19407356219406, 0.631896072234, 0.1568158715, 0.759023146117, -0.688590455049, 0.563082509786, 0.45692589376, 0.35573942586, 0.811385771146, -0.463791538593,  
524, 2732919.2799761062, 86.73200744013167, 123.51229949693224, 92.71962440063838, 56.97132553988275, -0.368420217398, -0.550927818634, -0.74882914077, 0.208506488263, -0.833934888797, 0.510957577104, -0.905975489605, 0.0321113671865, 0.422110497777,  
568, 1082942.4233340085, 63.704814086122035, 117.8177204110661, 54.01041570441179, 40.62829735416201, 0.905814326065, -0.337105390161, 0.256632738792, -0.246236783392, 0.0740400627881, 0.9663775223, -0.344772175792, -0.9385510242, -0.0159411973613,  
573, 2954766.4706433197, 89.01807208767495, 137.39528267192517, 105.72588082113114, 48.560306469908106, 0.818414217748, 0.569266359334, -0.0783197313448, 0.461846487936, -0.570550484706, 0.679094960947, -0.341900555379, 0.591952664098, 0.729860297385,  
584, 2837681.5778425303, 87.82638700654906, 116.34824583624606, 94.39471963453978, 61.68328731234478, -0.204052614055, 0.747198020963, -0.632501105269, 0.31845656513, 0.661618099594, 0.678857058898, -0.925714830184, 0.0629015719871, 0.372955017956,  
592, 873182.9963492431, 59.29329067064764, 82.29159204927213, 58.13172164435669, 43.576065086253635, -0.471826047624, 0.567625087539, 0.674671728161, 0.865212510629, 0.445331908111, 0.230405735755, 0.169668772123, -0.692445847425, 0.70123552117,  
610, 1761415.5058413444, 74.91884417863132, 108.45648139938572, 80.5347506888625, 48.14313601463933, 0.569507554232, -0.645754649189, -0.508588319492, -0.737750344594, -0.128715248155, -0.662689077882, -0.362471481257, -0.752617643922, 0.549710021131,  
612, 2461987.265480928, 83.76560527542682, 130.03824596822275, 80.95470672197246, 55.83210297231255, 0.214015371266, -0.14677934693, 0.965739739359, 0.720414496675, 0.69139381264, -0.0545669206022, 0.659697183443, -0.70741106802, -0.253710872844,  
634, 399554.63225319254, 45.69084468469453, 83.31837716082805, 58.14242183373484, 19.690359286160664, -0.984709247419, -0.133289882198, 0.112167309641, -0.0172475889202, 0.715308904473, 0.698595513769, -0.173349989111, 0.685978846966, -0.706670222091,  
641, 1644357.2837751803, 73.22103425216083, 112.70265626114596, 74.56036857386908, 46.715970868139166, 0.115668416144, -0.321532016034, 0.939807416534, -0.816774984218, -0.569211739029, -0.0942158230208, 0.565242817436, -0.756713392783, -0.328459127626,  
650, 89523.76527152456, 27.75129432622818, 129.46999626545147, 18.027332359182335, 9.156913874505824, 0.477729068935, -0.690506264154, -0.543116963332, -0.700756885639, -0.672371098558, 0.238446834859, 0.529825182419, -0.266679967354, 0.805088238075,  
656, 2263144.2035204195, 81.44689630970176, 118.33884179481808, 88.35808717861225, 51.67137257452205, -0.189885335804, -0.920219618248, 0.342256356314, -0.979752372777, 0.15506521053, -0.126649392106, -0.0634732013078, 0.359375339546, 0.931031964028,  
671, 189356.92020389138, 35.623030060248354, 74.24035137012382, 53.54044985180131, 11.372882116424515, 0.488457582895, -0.872365934784, 0.0196688978007, -0.369890360659, -0.186589341174, 0.910145888774, -0.790310262368, -0.451842996613, -0.413820728828,  
687, 793436.3929027715, 57.430311130411255, 128.0198136774295, 87.15998768181562, 16.975757250821722, 0.702514975269, -0.683592838573, -0.197923067312, -0.602165688714, -0.42274372264, -0.677262303915, -0.379300926521, -0.594969390826, 0.708619948294,  
722, 457931.74052991223, 47.81572140850143, 137.62698522646497, 52.73616629559977, 15.062601473611736, 0.132424769361, 0.451605844298, -0.882335447466, 0.679200587379, -0.689677640688, -0.251060379269, -0.721907364253, -0.566036141365, -0.398061357213,  
748, 1141105.9335134067, 64.825486505949, 142.5279717834226, 68.94971708307762, 27.72073625104565, -0.0948555181715, -0.255483064996, -0.96214907066, -0.991037394761, 0.115556396845, 0.0670194101183, -0.0940601555219, -0.959882869234, 0.26415443304,  
752, 1200138.8928396045, 65.92461976930153, 124.27876777371677, 87.27928558669781, 26.41403685884659, -0.335193178807, -0.941942967656, 0.0197225395004, -0.0130013138139, 0.0255560930355, 0.999588841448, 0.942059710804, -0.33479894234, 0.0208127241797,  
803, 1140025.0761214287, 64.80501243822583, 144.497019971723, 46.1290505856527, 40.83122298734201, 0.195183256502, -0.937524487985, 0.28801272682, 0.579347371086, 0.347163431733, 0.737451134166, -0.791365983598, 0.0229213022449, 0.610912836587,  
855, 772417.1314642767, 56.918628829811055, 110.39388762052505, 85.22719496356758, 19.5992776573564, 0.238492379671, -0.46705715542, 0.851456985649, 0.676237750469, -0.549397763639, -0.490779586116, 0.69701068118, 0.692834547983, 0.184814500086,  
860, 1820525.752254498, 75.74769220364234, 109.97657366167982, 79.0740883752682, 49.97742067759805, -0.637047880265, -0.419719123506, 0.646533723493, -0.764001970265, 0.455152817583, -0.457314882851, 0.102327844114, 0.785284515325, 0.610620374955,  
861, 1492778.307454682, 70.89825868444792, 125.84935193301281, 57.69744151019917, 49.07939121753887, -0.978962380438, -0.181871731692, -0.0924950317505, -0.174651529068, 0.512531196038, 0.840719106766, 0.105496450563, -0.839186776766, 0.533512935757,  
902, 2567117.5922998507, 84.94132889896089, 111.97155098611682, 87.58965010154553, 62.488006249687075, -0.509978287916, 0.00202517289486, -0.860184889735, 0.859046834966, -0.0502774610851, -0.509421939301, 0.0442795798232, 0.998733235445, -0.0239006951593,  
945, 1421235.3413685763, 69.74704242293704, 140.24123656457283, 58.80616062596366, 41.14137770037033, 0.394342216158, -0.741613133642, 0.542682390137, -0.390998352672, 0.399014821148, 0.829401869248, -0.831633636142, -0.539256091772, -0.132621124723,  
952, 345998.60338369856, 43.55071058750961, 130.10465422662747, 71.77373982006897, 8.845600631847985, -0.429637262815, 0.463855769722, 0.77475779912, 0.90299911341, 0.222694757733, 0.367422979764, 0.00210323128467, -0.857464209034, 0.514539314965,  
991, 1551696.1690737004, 71.81900095522072, 131.16807233516843, 72.84327538598458, 38.77041742830891, 0.260214121172, 0.888249516647, -0.378551723439, 0.872534215277, -0.048425464858, 0.486147115104, -0.41348839683, 0.45680167527, 0.787629084758,  
1008, 660270.7925603776, 54.018745277978056, 131.609175209325, 90.9460777884539, 13.169319544064319, -0.992140196101, -0.0344684502485, -0.120290303924, -0.11953178397, 0.545416063401, 0.829598378979, -0.0370132935794, -0.837456413028, 0.545249275448,  
1039, 2124782.609013136, 79.75207007556689, 108.03234897334438, 94.72709021625803, 49.56759841715016, 0.0753917861408, 0.848784162623, -0.523336912384, -0.996580781361, 0.0819300037622, -0.0106874087631, 0.033805691903, 0.522353251894, 0.852058833315,  
1067, 2026723.8971597105, 78.5058450905151, 121.58760771720182, 105.0432614361181, 37.883357979292214, -0.270055135539, 0.893511793632, 0.358757436732, 0.928020233177, 0.142241849942, 0.34430466587, 0.256609958076, 0.425915403298, -0.867610165137,  
1075, 1214646.035710036, 66.18918637512562, 110.24249195814438, 74.8911543086567, 35.12218949205194, 0.489530711168, 0.322266828346, -0.81024920498, 0.532347673909, -0.846392688511, -0.0150123589004, -0.690626988256, -0.423985268829, -0.585893211182,  
1120, 2663589.991647584, 85.99230462561871, 113.89518763252003, 84.63130073776388, 65.96937580861555, -0.0938230752121, -0.827678905291, 0.55330358782, -0.765228560368, -0.29556845201, -0.57189556789, 0.636884982516, -0.477060708834, -0.60563239604,  
1131, 829122.3167293922, 58.27871918038245, 140.32863956792335, 58.13869058837816, 24.261543915856066, -0.861092400596, -0.0558202870818, -0.505375081683, -0.489918933265, 0.356977673519, 0.795327843997, -0.136012192338, -0.932443583365, 0.334738177351,  
1169, 1845765.1640643622, 76.09613725313221, 125.85233592278196, 71.43128032160605, 49.016028581378194, -0.232211514799, -0.652909614501, -0.720962445407, -0.963488651257, 0.0528256565557, 0.262486321373, 0.133294528369, -0.755591480432, 0.641337729597,  
1187, 470627.97718622594, 48.25359897122704, 91.06447808171355, 42.05536551118954, 29.337203735573578, 0.795938898701, 0.188856369419, 0.575164794877, 0.415319145493, 0.52089461621, -0.745773964543, 0.440444408435, -0.832467459144, -0.336164621197,  
1256, 2305511.2218707106, 81.95199753322379, 98.01947479396955, 87.29190114039045, 64.32685336937917, 0.0929037390073, 0.343831349207, 0.934424367502, -0.159114316279, -0.921295452769, 0.354820127757, 0.982879203989, -0.181644410893, -0.0308833022483,  
1302, 1100048.2647803011, 64.03848421659083, 150.08261491180465, 82.53665327794967, 21.200489482007395, 0.379317078276, -0.881841486487, 0.280132373779, 0.404197330589, 0.430268113203, 0.807151701172, -0.832311883895, -0.192937667321, 0.519646018416,  
1313, 680356.3084119359, 54.561035267145684, 119.78889762674528, 48.0618168866207, 28.211816733678944, 0.206143052237, -0.741979835105, -0.637942761, -0.788913393282, -0.511715351265, 0.340239705472, 0.578896104594, -0.433143536922, 0.690844393846,  
1335, 1991228.4416849292, 78.0448336366431, 120.95519623010568, 92.03779654848933, 42.701362682184666, -0.967390556981, -0.252569818742, -0.0190787034211, -0.0899069717752, 0.271988212992, 0.958091409219, -0.236795791115, 0.928563890453, -0.285826616424,  
1338, 490688.5188723905, 48.929686035990414, 101.44637712863597, 87.7873146778867, 13.153731739998603, -0.888122270051, 0.454143536247, -0.0706574973021, -0.35125196195, -0.571525492334, 0.741606816877, -0.296413381389, -0.683456114244, -0.667103325757,  
1385, 1069943.6861448504, 63.448900939184476, 126.03320254257746, 56.499865015916996, 35.870706355584325, -0.836857697211, -0.508106517731, -0.203708029441, -0.547036620995, 0.790146011036, 0.276442067229, -0.0204970707449, -0.342778423888, 0.939192643821,  
1406, 2680344.648710023, 86.17223236121389, 104.71402158095925, 82.37513142695218, 74.18243280410005, 0.685343529904, -0.725717876533, 0.0603142578451, 0.447346491582, 0.48491520258, 0.751490760273, -0.574617579341, -0.488047958697, 0.656980842586,  
1417, 2086165.5119299479, 79.26595883155213, 123.25932874817843, 83.99889088412517, 48.102406284506095, -0.745078359903, -0.136497259129, 0.652860426014, -0.636716793433, -0.145926039539, -0.75716399541, -0.198620146425, 0.979833704888, -0.0218162370622,  
1475, 1276254.5185009188, 67.28985014542977, 111.72991686662172, 64.98870283786533, 41.96056613980057, 0.702849247292, -0.707654862262, 0.0723016700983, 0.4005486782, 0.477714755421, 0.781888335279, -0.587846656853, -0.520589289527, 0.619211675969,  
1481, 2210017.441467763, 80.80452790696496, 111.09220242590806, 79.82452871175197, 59.495915531509645, -0.280442756407, 0.66319082961, 0.693923471213, 0.925857370215, -0.00384727191065, 0.377853580791, -0.253258741995, -0.748440459903, 0.612941177914,  
1500, 2339166.9778002515, 82.3488499460412, 126.68870074627829, 92.21515279208025, 47.80050035068925, -0.505107145344, -0.550997415425, -0.664280528028, -0.852421925895, 0.438955779574, 0.284068097174, -0.135068989689, -0.709732112684, 0.691401978772,  
1564, 1817302.7388085402, 75.7029651895364, 129.95260702446814, 70.09623124358373, 47.62763391333133, 0.0736741895481, -0.141469507399, 0.987197291462, 0.731228613846, -0.665450782161, -0.149933221181, 0.678142188694, 0.732913115586, 0.0544200047368,  
1590, 1380380.301586745, 69.07221470575011, 116.2678912155367, 85.38944280527238, 33.19297421727062, -0.633457926329, -0.206372426383, 0.74574893711, -0.767860270763, 0.0486971561829, -0.638763799509, -0.0955073827268, 0.977260972621, 0.189312786774,  
1626, 1897967.9740170958, 76.8068740536764, 110.72865053249416, 77.20125277797143, 53.00488732323327, -0.487819036089, 0.827812043316, 0.277055606279, -0.168497053454, -0.400703285509, 0.900580712629, 0.856528651597, 0.392637361854, 0.334954580607,  
1627, 1836701.596215818, 75.971376977261, 120.4707250083581, 72.18650583949074, 50.42111550421379, 0.585863839876, -0.804940254701, -0.0939933374623, -0.735965477574, -0.479897929248, -0.477548733977, -0.339290991548, -0.34895438651, 0.873563082547,  
1641, 1296177.5992089265, 67.63818845686178, 126.41621238438219, 78.17049138034692, 31.313404365136435, -0.276640860747, -0.699886246977, -0.658505182559, -0.954793531883, 0.122596166655, 0.270812649991, 0.108807838132, -0.703654333614, 0.702161970735,  
1655, 998542.8137884925, 62.00490223594678, 105.31357898980937, 80.32982063510671, 28.178437767363853, 0.0100046131039, -0.978196083374, 0.207442353893, -0.273675381493, -0.202210406529, -0.940325867482, 0.961770083378, -0.0473642688436, -0.269731223175,  
1683, 1180427.050209692, 65.56169623393943, 103.3436636420059, 82.38579888428092, 33.098958831840534, 0.585671491095, 0.287763975965, 0.757747186504, -0.593787957437, -0.484021669205, 0.642758808063, -0.551728888242, 0.826386663661, 0.112606909214,  
1702, 1510285.32256236, 71.17434254739346, 121.73512340688683, 62.008525483386435, 47.76426375829033, -0.376635018287, -0.906170595702, 0.192356217694, -0.321662844366, 0.322656393425, 0.890183052151, -0.868722670105, 0.273400262011, -0.413005107932,  
1709, 1029909.1896789199, 62.64745622422828, 144.21547084918276, 57.25052512813031, 29.779609405918976, -0.724497255283, -0.268942475288, -0.634644524181, -0.689026618276, 0.257732466062, 0.677359797482, 0.0186023223057, -0.928032284419, 0.372034988517,  
1719, 496704.6351932922, 49.12884277591296, 113.39250817389164, 67.75276135165339, 15.43470174098193, 0.119809657817, -0.986841161592, -0.108582538567, 0.929826486578, 0.149868699504, -0.336098315627, 0.347948776046, -0.0606950961518, 0.935546767699,  
1729, 1095499.200756968, 63.95008880684002, 113.304398759097, 66.00667320014547, 34.969453135861514, -0.473669463737, 0.489811261739, 0.731930438632, 0.151620401842, -0.773314244011, 0.61562678122, 0.867553164289, 0.402579194549, 0.292029962929,  
1737, 902837.9686172779, 59.957070057171144, 108.85986455014226, 62.95534146953972, 31.450013205574855, -0.631006689395, -0.541728174176, -0.555302749177, -0.167994582328, -0.603397446502, 0.779544316805, -0.757369380321, 0.585185531997, 0.289740426751,  
1756, 1722599.1986309676, 74.36442264956527, 112.57110185633628, 98.05678151504858, 37.25555865104185, -0.522135453244, 0.0986585523362, -0.847136977423, 0.838598042849, -0.121516886737, -0.531024452138, 0.155331551839, 0.987674104292, 0.0192865941665,  
1764, 953806.6842083182, 61.06475009460871, 129.45524988180546, 64.18595823426237, 27.40387991632818, 0.0914700265675, 0.208232056655, -0.973792916806, -0.922778095609, 0.385307957119, -0.00428537576407, -0.374317806823, -0.898986756722, -0.227396109759,  
1769, 1563607.598440907, 72.00230300773107, 119.65063026351233, 85.11047412285492, 36.65567003801219, 0.56570931601, 0.652400327998, -0.504328049794, 0.750389612849, -0.153713551257, 0.642874461375, -0.34188945393, 0.742122601858, 0.576511617491,  
1775, 1344679.7389957649, 68.47153814319469, 132.188485222028, 91.81375470552693, 26.450194978569534, -0.161149690718, -0.913914166066, -0.372547546287, -0.491082660089, 0.401686205167, -0.772972194544, 0.856077448682, 0.0583874099559, -0.513539007494,  
1778, 2808729.311982417, 87.52667402122562, 124.35928287384995, 90.63692240011694, 59.48917111451372, 0.582357876027, -0.724308343587, 0.369102597714, 0.349183345315, 0.632892640904, 0.691026697345, -0.734118720361, -0.27354035991, 0.621486424564,  
1779, 2001697.2813548043, 78.181367638524, 124.93037963352519, 109.20560297161613, 35.02650534793714, 0.0406223395578, 0.895072332139, -0.444066825791, -0.0809323054139, 0.445920897076, 0.891405920718, 0.995891453658, -0.000271642026166, 0.0905546174491,  
1795, 2030429.1324381046, 78.5536571521655, 106.96987162567208, 82.27496282743756, 55.076972201440604, 0.673068406032, -0.10371875423, -0.732271357368, 0.556325959243, 0.723404777645, 0.408885014097, -0.487319554167, 0.682589150003, -0.544602336044,  
1796, 3033473.7143692053, 89.8015588512762, 122.33383028285803, 85.30228346342189, 69.39759115582635, 0.805125043211, -0.592942654563, -0.0138806769621, -0.403793318736, -0.530846987248, -0.745085519839, -0.434424470464, -0.605491935973, 0.666824485853,  
1804, 2139018.9581814827, 79.92979052812974, 112.98529514926739, 76.02778761880177, 59.44724698452422, -0.870312089415, -0.176911464709, -0.459629416675, -0.469340213804, 0.0150980112101, 0.882888335954, 0.149253578603, -0.984110961077, 0.0961716463532,  
1813, 2738847.663406989, 86.79467659782279, 122.85244326470678, 89.47355650727643, 59.48408276648276, -0.294785149682, -0.0632221410044, 0.953469808863, 0.107003917432, -0.993717150198, -0.0328083382199, 0.949553514649, 0.0923535938086, 0.299698075618,  
1823, 1847792.1073006024, 76.12398227682834, 89.90327764191397, 83.16042856979985, 59.0027500835637, -0.709949318235, 0.30514440065, 0.634711635539, -0.688611662809, -0.489670090513, -0.534824438765, -0.147600621205, 0.81676808043, -0.557766940048,  
1826, 512243.4530900541, 49.6359039757475, 131.70686045563173, 50.22450535770083, 18.486885077753243, 0.269826529853, 0.0497069566911, 0.961625115231, -0.455716509445, -0.873150442994, 0.173005106626, 0.848242952701, -0.484909808476, -0.212946873275,  
1844, 797552.5793149634, 57.5294521389831, 111.21164588375508, 86.19450235525392, 19.862818758373404, -0.0600307452774, -0.40964814944, 0.910266281525, 0.474817700385, -0.813854487371, -0.334946301349, 0.878034430431, 0.412103466434, 0.243364483708,  
1845, 1671647.6788827607, 73.62388208242712, 113.56707635223086, 73.75807847955414, 47.6424515173378, -0.956904574666, -0.279932875569, -0.0772736705478, -0.257865581754, 0.941440305164, -0.217245238291, -0.13356263224, 0.187956742335, 0.973053588596,  
1847, 906928.144716677, 60.0474759324697, 127.5993231837014, 62.9468946228601, 26.956381226149304, 0.492041409492, 0.172518871995, 0.853306797202, 0.639255090866, 0.593771422515, -0.488659827084, 0.590972232974, -0.785921584263, -0.181876560457,  
1853, 1511333.1114258484, 71.19079825566766, 79.97490810716221, 70.58494348842518, 63.9154376337344, 0.824173922403, -0.144776938134, -0.547518934664, -0.358407673301, 0.615209785205, -0.702182924818, -0.438498900056, -0.774955842853, -0.455150696229,  
1858, 2987203.8621016447, 89.34263373970843, 122.4702555286173, 89.31791839949662, 65.19391107408431, -0.0465108276257, -0.270854453624, 0.961496025923, 0.703246047929, -0.692465138877, -0.161049767192, 0.70942352582, 0.668677722368, 0.222684450786,  
1899, 2064323.826364041, 78.98835547336871, 116.15931990997557, 92.96652509935826, 45.63610356559144, -0.906247645125, -0.38114212618, -0.18288216249, -0.415887023248, 0.881417765922, 0.223921204467, -0.0758497831219, -0.278986382405, 0.95729483903,  
1907, 1149671.9252348286, 64.9872917761266, 143.82985518244814, 75.01483098021909, 25.438361724941707, 0.299738750697, -0.161274486612, 0.940291030106, -0.626029858367, -0.776975703001, 0.066297612163, 0.719891170778, -0.608522223845, -0.333852370552,  
1927, 1409557.9382478604, 69.55549422221326, 129.29798070586216, 110.31937508299532, 23.591240986646596, 0.253114998968, -0.856965780626, -0.448934792741, -0.455845482334, -0.514949717344, 0.725969479278, -0.853309846148, 0.0208911331359, -0.520985476787,  
1928, 361409.7289790789, 44.18793875103607, 116.16734211942494, 57.12038328543624, 13.002775497881816, -0.434329923051, -0.729014494416, 0.529051400974, -0.896423688438, 0.2923079763, -0.333137535861, -0.0882161478989, 0.61894580855, 0.780463962863,  
1934, 733455.1747162158, 55.94504865575229, 111.51336421894622, 64.85299230419928, 24.211853107622037, 0.0163366497194, 0.824643277283, 0.565417172633, 0.412603257143, -0.520659302812, 0.74744393943, 0.910764330697, 0.22108223725, -0.348756330841,  
1937, 1672617.3091629036, 73.63811437711153, 150.10353196243966, 63.63572476403408, 41.803829842812036, -0.701024286178, -0.58964034995, -0.401109969833, -0.642750513957, 0.278761051593, 0.713557322801, 0.308928352531, -0.758034652127, 0.574409905187,  
1938, 1855491.8794428895, 76.22957226685158, 157.21969879941258, 82.65488269472559, 34.08748618296348, 0.00691908047349, -0.689287868291, 0.72445452649, -0.460109416344, -0.64542154399, -0.609696937457, 0.887835261362, -0.329109807176, -0.321613562375,  
1958, 1335705.9883177513, 68.31888260123009, 102.31884892553582, 70.14460614184061, 44.42959321362387, 0.548996373898, 0.603215325091, 0.578562229171, 0.702678980295, -0.707923669123, 0.0713185063477, -0.452598312082, -0.367389915854, 0.812514256878,  
1960, 958934.4834702095, 61.1739854759956, 100.26302242141854, 88.48224062448259, 25.804973831102508, 0.809874592363, 0.572593171222, 0.127437062565, 0.424309949444, -0.721826777005, 0.546742325782, -0.405048406303, 0.388719904646, 0.827546146317,  
1970, 3732234.7382789273, 96.22622469381668, 134.05682436955556, 93.81916930185898, 70.84347091426346, 0.684279465365, -0.584909645144, -0.435479414321, 0.445966459436, -0.136822753177, 0.884530073695, -0.576953663944, -0.799474978489, 0.167225083141,  
1987, 1535308.4872991825, 71.56527544292479, 88.29343066583296, 72.98972607503893, 56.87441149874465, 0.451159770446, -0.699311297513, 0.554453398134, -0.671388221573, 0.143348588209, 0.727110059202, 0.587956390785, 0.700296288316, 0.404836252213,  
1990, 1555954.6273741215, 71.88464070972861, 99.11488570748965, 81.82079630065, 45.80424541141063, 0.873407051415, -0.295636563927, -0.386987266726, 0.0300497405146, -0.760418627817, 0.648737638467, 0.486062892673, 0.578240894903, 0.65527118953,  
1994, 3012281.4854841363, 89.59194830749016, 132.90754709001476, 113.3082273354425, 47.75247161590108, -0.0675313229986, 0.997406234622, -0.024906295396, 0.268338307104, 0.0422005166448, 0.962399952897, 0.960954771753, 0.0583088289301, -0.270492157213,  
1995, 1379623.1709231196, 69.05958382518988, 106.17021856673958, 76.55967842081625, 40.51996471363551, 0.18013490614, 0.870709398919, -0.457620539556, -0.612255229038, 0.463371907618, 0.640648116946, 0.769866839204, 0.164777479844, 0.616565837547,  
2000, 2443808.9796282547, 83.5589323591558, 115.54034673127158, 77.53416428488289, 65.12561992258534, 0.748750123231, 0.655350094532, 0.0994459982068, -0.425289805419, 0.359888824948, 0.83042676684, 0.50843075671, -0.664075513233, 0.548180516214,  
2007, 1885729.981020623, 76.64143579860716, 124.32815018207681, 76.9369755296228, 47.06372685187876, -0.559650528284, -0.361377565873, -0.745786525137, -0.828421559028, 0.219453012486, 0.515323292554, 0.022561177488, -0.90622658877, 0.42218996089,  
2009, 1807915.7203241016, 75.57239582320035, 98.33775313919611, 84.16421421024471, 52.14849960706285, 0.780789299196, 0.0932784560567, -0.617792197989, 0.404093537792, 0.678752304653, 0.613191423327, -0.476525427417, 0.728419136599, -0.492269314971,  
2016, 992401.8370771852, 61.87753199693923, 121.43773707294969, 53.38411854840876, 36.545441103768106, 0.186956118673, 0.271822620525, -0.944012644333, 0.873992188127, -0.484783983628, 0.0334984225205, 0.448536581322, 0.831322411696, 0.328204178869,  
2034, 1081179.4783616958, 63.670226504066385, 86.44827780168414, 65.67226241933535, 45.46433684062342, 0.760822523422, -0.149810127598, 0.631431717229, -0.588353631443, 0.251341423278, 0.7685489531, 0.273841363241, 0.956234497711, -0.1030848833,  
2044, 1525628.9028214773, 71.4145602292099, 110.22828875600099, 103.67803830015337, 31.86988247368218, -0.705333551754, 0.599927704743, -0.377612671731, -0.668834350045, -0.386714415431, 0.634911468708, -0.23487271653, -0.700384687139, -0.674014908627,  
2047, 3525968.763765667, 94.41984513292074, 112.94008222461493, 98.2582482556117, 75.85299520542335, 0.178094641703, 0.280574674409, 0.943164964721, 0.883922353412, -0.466791928731, -0.0280458269683, 0.432392844224, 0.838679406777, -0.331139367809,  
2051, 1023283.3297186602, 62.512820850356654, 96.74721045576015, 66.20511331773123, 38.139702827857185, -0.139514846082, -0.967121884587, -0.212628474283, -0.988047874565, 0.150176403979, -0.0347626992109, -0.0655515468254, -0.205237199457, 0.976514560397,  
2055, 1792076.2323162823, 75.35104683097163, 92.81423305419045, 75.89136590389649, 60.738060655246024, 0.347231407448, -0.925545150604, -0.150985177669, -0.786440751586, -0.199695354095, -0.584493549834, -0.51082413209, -0.321695414557, 0.797226922731,  
2056, 1998790.4999566493, 78.14350539697315, 120.5047828168634, 103.16860109019044, 38.3819328411497, 0.0998519820149, 0.95872270943, 0.266233634447, -0.701236735716, -0.122021623847, 0.702408544791, 0.705901283587, -0.256829690139, 0.660107482228,  
2064, 406898.4256725874, 45.96907872675631, 93.73189161154403, 39.544066457455735, 26.207686876159475, -0.516977428682, -0.564242110748, -0.643712030874, 0.180856210836, -0.807023348973, 0.562142637784, -0.836675187415, 0.17419573666, 0.519259545982,  
2065, 2502309.4489427903, 84.22043279340994, 140.08384650495063, 69.25341616800009, 61.57765510625186, -0.0587762351392, -0.873110700321, -0.483965969018, 0.141237544698, -0.487200546375, 0.861793237139, -0.988229381344, -0.0177012032338, 0.151951825436,  
2066, 1529479.729958456, 71.47459537723553, 105.3916929782712, 77.52690117440098, 44.6885548249018, -0.0504205850434, -0.372524220363, 0.926651752196, 0.340438896127, -0.87867434038, -0.33471295398, 0.938913799349, 0.29859187665, 0.171125008665,  
2067, 3179349.3476290633, 91.21856037749323, 111.50857689556959, 103.79638144170121, 65.57814912332765, 0.616005847559, 0.528853017855, 0.583824700813, 0.778286259419, -0.29410757651, -0.554771332928, -0.121685225776, 0.796125127694, -0.59277102399,  
2068, 440401.6231148203, 47.19762013050738, 106.03666250662036, 57.00155844512975, 17.394723192894403, 0.438538628073, 0.805309142557, 0.398949942477, -0.432520632635, -0.200003140549, 0.879161331108, 0.787787899141, -0.558100285508, 0.260603716938,  
2072, 2514381.169888052, 84.355648553364, 119.13976921887682, 83.69643042668477, 60.19754993504603, -0.931805045806, -0.348697513914, -0.100744232593, -0.15620365372, 0.134711560616, 0.978495382718, -0.327627494534, 0.927503552137, -0.179992737626,  
2074, 2779051.520977582, 87.21730501348074, 104.39045737903245, 80.74491324535592, 78.71038130233585, -0.80972211116, 0.539801648663, -0.230139702789, -0.223120081581, 0.0795202026868, 0.971542055991, 0.542740759382, 0.838027873919, 0.0560513214879,  
2084, 1415390.7273197526, 69.65130303239303, 94.67334365648966, 73.90095016523132, 48.295870548660396, 0.452850681824, 0.757426207425, -0.470352846572, 0.300879775253, 0.366773087942, 0.880311798629, 0.839283992946, -0.540169456993, -0.0618007841117,  
2086, 1276239.7980982424, 67.28959143593148, 127.37274142231759, 98.97147041135885, 24.168915060860243, -0.726372415632, -0.419370452085, -0.544528729937, -0.686561371393, 0.405979598794, 0.603169999813, 0.0318841201944, -0.811978441389, 0.582815934578,  
2096, 1580915.182791097, 72.26699345572374, 121.29209894594847, 76.32128142901983, 40.770101812135174, 0.676560038219, -0.158309708117, -0.719169347929, 0.44819470485, 0.863419782105, 0.231576739796, 0.584284195601, -0.479003461559, 0.655108893685,  
2099, 2614563.54923913, 85.46143829894369, 120.7446294605247, 92.55742537607753, 55.85107083142427, 0.749523958129, 0.512188732026, -0.419376369119, 0.315452902678, 0.280611718571, 0.906502360501, -0.58198221827, 0.811738730249, -0.0487537837641,  
2100, 1550659.7153245271, 71.80300691939814, 96.27165204599608, 77.64475943241251, 49.524183257354565, -0.255608720408, 0.327222683388, 0.909719460893, 0.278023163941, -0.876349724364, 0.39333736273, -0.925941306112, -0.353463542792, -0.133027145926,  
2106, 753362.5274310181, 56.446688457290165, 115.39852723224382, 68.12317041208217, 22.87811756253086, 0.404915345218, 0.640559894679, -0.652477267447, 0.29936958886, 0.58138590888, 0.756550245669, 0.863956834844, -0.501670655196, 0.0436479236889,  
2113, 466075.6484191475, 48.09751082463263, 111.15046459802592, 84.81681693342769, 11.802514723690669, -0.0928608186445, -0.985581360609, 0.141443451528, -0.984388665196, 0.0695443706123, -0.161686537317, 0.149518641628, -0.15424967467, -0.9766530672,  
2118, 1815504.662781538, 75.67798960312574, 115.68763854127027, 112.01412797551745, 33.446370852389556, -0.704332255452, 0.260979402653, -0.660155909859, -0.506713925859, 0.466453821836, 0.725025399166, -0.497148942744, -0.845168967417, 0.196296574712,  
2122, 2521273.2286186586, 84.43265274780147, 119.70649583610465, 81.07929708824959, 62.01597989817517, 0.329606737664, 0.742689959212, 0.582898810233, 0.323546916142, -0.668870281987, 0.669275682309, 0.886948020766, -0.03200266177, -0.460759197519,  
2124, 1281501.9313578655, 67.3819464039842, 126.23753677844962, 53.08046883615418, 45.65700232469641, -0.603721780573, -0.791285910664, 0.0968845666094, -0.746083571514, 0.60364257987, 0.281024803329, 0.280854617159, -0.0973768111702, 0.954797591465,  
2127, 675865.4347876598, 54.44072192625658, 105.64571100698898, 75.98794315724557, 20.09902856735225, 0.642552450127, 0.312939973974, 0.699424707545, 0.293253621549, -0.943737885825, 0.152843437242, 0.707904416065, 0.106898903403, -0.69817187151,  
2136, 2406966.681823723, 83.1368993430504, 129.95111174060852, 93.69755957375305, 47.192522393495736, -0.57126473588, 0.624657401455, 0.532409365382, -0.132499310829, -0.710352193188, 0.691262391761, 0.810000329734, 0.324349953661, 0.488565833221,  
2140, 787698.0168600245, 57.29152478394011, 134.37079610024102, 78.30357577069915, 17.872473334497602, -0.116147704087, -0.966459762974, -0.229052913946, -0.00378915364488, -0.230180883618, 0.973140484787, -0.993224724395, 0.113895949746, 0.0230729166234,  
2142, 2442684.3379785223, 83.54611244352306, 108.70198041455477, 92.92697852748559, 57.72972191753804, -0.490976402957, -0.402685184647, 0.772519782145, -0.871063726318, 0.212880828887, -0.442639511776, -0.0137897219771, 0.890239515388, 0.455283921097,  
2147, 1165974.5623795004, 65.29302986617193, 125.45828073032644, 50.54596240787258, 43.89496071169402, -0.62256646179, -0.0757319019376, -0.778893882171, -0.781691313382, 0.0131103863302, 0.623527712579, 0.0370093398789, -0.997042023587, 0.0673610567208,  
2150, 3583287.2761997445, 94.92873043528101, 115.23869838435388, 95.49870270453489, 77.73152745725163, 0.212987752956, -0.0624476877898, 0.975057179544, -0.910202887065, -0.375479558539, 0.174773583521, 0.355199833148, -0.924724492705, -0.136812613171,  
2154, 1710367.0817476246, 74.18798463683889, 101.86436326979431, 97.07102466059399, 41.29417854802223, 0.240774499268, -0.864041723638, 0.442108064069, -0.9128140177, -0.356389298525, -0.199392168819, 0.329845736052, -0.355553888615, -0.874518852112,  
2157, 2078421.5352318082, 79.16775715730147, 98.46133360966674, 81.0596357921521, 62.16911176249954, 0.357896902023, 0.821535654543, 0.443834401368, 0.277852874085, -0.547485505798, 0.789339851588, 0.891463733354, -0.159181623489, -0.424209409205,  
