# Void_ID, Void_Volume, r = (a*b*c)**(1/3.0), a, b, c, vector_a, vector_b, vector_c 

6, 1657152.8910891223, 73.41046750821073, 102.184913572559, 81.72959092008473, 47.37048840199872, -0.989539456493, -0.136864821755, 0.0456035591768, 0.108686268833, -0.499414150868, 0.859518935731, -0.0948628431511, 0.855484381201, 0.509065334226,  
22, 2934045.73530992, 88.80949966041479, 128.25590701474763, 78.40898086715647, 69.6522394798624, -0.351850399318, -0.291883136374, 0.889384917345, -0.873397938423, 0.44415246749, -0.199761424658, 0.336715514431, 0.847073090307, 0.411205352614,  
27, 1766701.129320512, 74.99370771187785, 120.5409160552983, 92.71513248929054, 37.73891122385442, -0.446471335925, 0.794221501605, 0.412159620276, -0.775568785602, -0.113755963077, -0.620928852337, -0.446269430947, -0.596885070389, 0.666762182303,  
49, 541695.932791742, 50.569538294818805, 115.86691921175719, 42.27984322325611, 26.39818922431097, -0.876227149887, -0.464876033156, -0.126949815274, -0.15844542835, 0.0291316450923, 0.986937887351, -0.45510551308, 0.884896390009, -0.0991834205537,  
67, 2281033.378878202, 81.66093415830672, 144.86022008615475, 86.57145645366535, 43.4229341923655, -0.994849228178, 0.0340942331988, 0.0954599206755, 0.0509601980304, -0.645852034409, 0.761759941102, 0.0876246050462, 0.762700945924, 0.640787949073,  
84, 638724.5027802421, 53.42464633509726, 80.4886651521356, 75.60474060825318, 25.057700548276696, 0.811569578469, 0.175178895534, 0.557375254083, -0.425265022563, -0.477044491011, 0.769141218621, -0.400630103573, 0.861243814582, 0.312657339519,  
93, 2928756.128792528, 88.75609786890128, 130.22360758930822, 92.04191991808248, 58.33365778963562, 0.36710421589, 0.92842297199, 0.0571426264518, 0.809692317721, -0.288710938541, -0.510924989201, 0.457856795624, -0.233830663192, 0.857723950728,  
114, 1131499.150069506, 64.64305521634093, 121.98565369419282, 61.017902903908755, 36.291054489708486, 0.146520907623, 0.627440220658, -0.764755119715, 0.437955256207, 0.652055592177, 0.618885044472, 0.886976221321, -0.425608122821, -0.179250965406,  
122, 407801.7918336751, 46.00307264574421, 154.44052350697015, 75.38982987183128, 8.361544242438757, 0.337894116237, -0.116532224068, -0.933942079021, 0.576445903454, -0.758788860134, 0.303231901567, -0.744001133469, -0.64082736091, -0.189215768121,  
124, 788875.9846546991, 57.32006954602533, 119.53878731580089, 91.93638930916953, 17.13656753563098, -0.448762367447, 0.777582284013, -0.440429482611, 0.27730144371, 0.589680596662, 0.758538531149, -0.849538843656, -0.218271815657, 0.480251150555,  
133, 1350922.885212721, 68.57734225930372, 120.37496429893413, 74.21706271847191, 36.09956892675488, -0.723174690554, 0.135047558862, 0.677333391903, 0.6632495169, 0.409357350272, 0.626519463474, 0.192661478438, -0.902324064083, 0.385607103283,  
149, 432884.42258819303, 46.92753938702945, 130.00804766766328, 54.48927628543168, 14.588212214622768, -0.0476328874639, 0.148751093435, 0.987726794328, -0.334810023062, -0.934022344511, 0.124517100877, 0.941080951082, -0.324769721735, 0.0942935382483,  
159, 2229709.1302805073, 81.0438133446516, 135.8488077979848, 107.50289365591553, 36.44883210323338, -0.226219100129, 0.79766772405, -0.55906271629, 0.970645425484, 0.136467627872, -0.198050611032, 0.0816846174248, 0.587454499134, 0.805124111379,  
169, 1498954.6449293178, 70.99590413564404, 126.33911120413687, 71.92950206355522, 39.37812305196896, -0.613482449624, -0.475772326828, 0.630301496927, -0.786055875928, 0.444567877547, -0.429506184091, 0.075864642112, 0.75894670121, 0.646718223649,  
170, 1521859.9004897974, 71.35570284060734, 106.5453922297608, 79.20923780631384, 43.05023810711685, 0.602726363623, -0.190146260624, 0.774961502376, -0.597961793549, 0.535442317105, 0.596442133412, 0.528358423846, 0.822888768075, -0.209025001679,  
189, 1397970.524920243, 69.36437356534813, 105.08694296689187, 76.83844300345028, 41.331587943047346, 0.373190263473, -0.727731617154, 0.575443933536, 0.446621610024, 0.684574090258, 0.576096738757, -0.813177818628, 0.0420120023521, 0.580497051629,  
194, 709542.7054681029, 55.33033632764006, 122.58243779534438, 70.58959631620715, 19.575865754933762, 0.350418312337, 0.880790571566, 0.318457179885, -0.621334589484, -0.0358064097994, 0.782726790731, 0.700821185674, -0.472150262161, 0.534718426513,  
209, 1330041.5427160466, 68.22217046661335, 130.8837362304189, 74.30606654509582, 32.648756177951284, -0.686707163642, 0.604884941123, -0.403171774069, 0.143869767982, 0.656738655054, 0.740267403591, 0.712555093494, 0.450342699464, -0.538011795201,  
220, 3168395.241030199, 91.11367858226718, 124.82011311985997, 91.3317334337284, 66.3505413713894, 0.389146031695, 0.600774332548, -0.698309077249, -0.591835455891, 0.743963468863, 0.310240471487, 0.705900955635, 0.292555222736, 0.645069982625,  
228, 314466.83594177867, 42.185391173514766, 118.27673803521255, 51.21782622096617, 12.392694986877627, 0.935403063201, 0.278512685397, -0.217834325639, 0.277764437783, -0.960022649116, -0.0346904927623, 0.218787628665, 0.0280570357971, 0.9753690462,  
231, 1886894.6889968598, 76.65721156729103, 117.29772897364454, 91.20466708014905, 42.106814460958475, 0.102263882209, 0.756636296656, -0.645789139718, -0.990149346306, 0.139837881443, 0.00704548953697, 0.0956366582683, 0.638707195432, 0.763483299162,  
240, 450520.2599459792, 47.556356304557156, 133.30065315575948, 49.83758550578514, 16.189612184498763, 0.174314328135, -0.543746946429, -0.820946876025, -0.792496370073, -0.572294446904, 0.210780856493, 0.584434785436, -0.613855295889, 0.530676603291,  
242, 2039339.3603258687, 78.66839638267112, 120.47353261181208, 75.75851722860565, 53.343042289879165, 0.572378247717, -0.813361502021, 0.104049068088, 0.526673860981, 0.461919500846, 0.713614054582, -0.628488492893, -0.353657237686, 0.692768917124,  
260, 479562.20567473647, 48.557029782925255, 130.03100337735518, 34.15402416066908, 25.779087738299573, -0.721174022375, 0.622411132382, -0.304158530602, 0.374691874937, 0.71974895557, 0.584437712517, 0.582678323183, 0.307515565854, -0.752276643563,  
264, 1363271.2650016139, 68.7856571149738, 92.9216356530503, 83.57663124853568, 41.90752026416011, 0.971722412131, -0.144764223971, 0.186544560952, -0.0940591354974, 0.487325870888, 0.868139605474, 0.21658354691, 0.861136931632, -0.459929072995,  
270, 958165.8945380361, 61.15763739515611, 120.37171673189201, 78.71680190066847, 24.141274999739206, 0.757092237268, 0.514981149993, -0.402002188328, 0.445516294186, 0.0430852588832, 0.894236485546, -0.477835302048, 0.856118026687, 0.19681297848,  
281, 1096284.8783549843, 63.96537320730151, 142.61555786474548, 67.23195783871411, 27.295568933656078, 0.291942499838, -0.415176369362, 0.861625300877, -0.414007864694, 0.757241561866, 0.505156119387, -0.862187372187, -0.504196191285, 0.0491847124015,  
289, 661745.780473264, 54.058939765990075, 136.2181858617354, 66.92647778010549, 17.328840720857578, 0.125169860855, -0.893586140935, -0.431087363144, -0.887275433243, 0.0935977199939, -0.451643412855, -0.44393108868, -0.439025370042, 0.78114141675,  
308, 2099854.721046243, 79.43895940463229, 103.75305496110504, 77.63811174841678, 62.23357966440812, -0.149965622992, -0.663790479977, 0.732729493478, -0.660913566796, -0.483885976381, -0.573626724522, 0.735325485173, -0.570295152139, -0.366141871822,  
332, 229159.55414334062, 37.962061326750735, 108.7463434541921, 46.95096800734599, 10.714949922606703, 0.173533611444, -0.97604251099, 0.131252056898, -0.795136810495, -0.0602240514547, 0.603432279732, 0.581071026894, 0.209079124657, 0.78653822624,  
339, 836893.2386353374, 58.46022510219555, 115.13456414116062, 48.83873386939154, 35.531319198996776, -0.426062940416, -0.428926008313, -0.796550594876, -0.903230050985, 0.251734974161, 0.347570104845, -0.0514377857395, -0.867555175293, 0.494673803654,  
349, 927349.4408970255, 60.494831080688584, 125.0627328561152, 53.28970300226893, 33.218773294732095, 0.613581919358, -0.654928241618, 0.441119288365, 0.391672580042, 0.737503175886, 0.55016511667, -0.685645548574, -0.16479703847, 0.709036048331,  
357, 2184692.311179007, 80.49468841866847, 129.62947708491657, 86.28822801595791, 46.62795312794421, 0.507514231393, -0.716544589806, 0.478532293323, -0.605961679898, 0.0980183493902, 0.7894319766, -0.612568157374, -0.690620195188, -0.384452856108,  
362, 973924.5123758418, 61.491095325584354, 113.14225057587358, 63.23357198800453, 32.49856304948536, 0.149845061495, -0.915462720677, -0.373462802158, -0.903449499051, -0.280227717011, 0.324424766753, 0.401653408064, -0.288791332399, 0.869065075884,  
378, 827225.5092141554, 58.234243266727574, 102.17615418305387, 62.66916914170082, 30.84123921577317, -0.779669528328, 0.618948613324, -0.0949633648325, 0.620510937524, 0.743280921283, -0.24999929694, 0.0841522608722, 0.25384264047, 0.963577869645,  
392, 2793877.9051651754, 87.37213295123625, 119.27978987401195, 98.62142338582197, 56.69968969929023, 0.257370230005, -0.96476092162, 0.0547442126717, 0.204154748633, 0.109661642806, 0.972777036483, 0.944500610544, 0.239187558646, -0.225184165676,  
393, 938077.1134464353, 60.727207437200825, 72.34960740619105, 66.57244174553938, 46.49639328159153, -0.437513682009, 0.803131555005, 0.404427352451, -0.291243656177, -0.552077877792, 0.781272775405, -0.850740213456, -0.224030627835, -0.475448595539,  
409, 1044891.8226314682, 62.94978343637034, 116.81426253657266, 58.949213092432274, 36.22503697265818, 0.135836702293, -0.449986977486, 0.882643818538, -0.446118245819, 0.767687792176, 0.460036916445, -0.884605505894, -0.456253409672, -0.0964672229575,  
418, 2486599.7340680016, 84.04381495137788, 121.6065574127191, 82.59827176860965, 59.10025012723126, 0.0659079583918, -0.777546828753, 0.625361551518, 0.447076510106, -0.53728549695, -0.715155150215, 0.892064311097, 0.326718875891, 0.312211532465,  
424, 1222827.334245422, 66.33746063536377, 92.8492088210048, 82.6234917748401, 38.05351480628434, -0.564002917644, 0.818048927962, 0.112679458418, -0.779064278349, -0.481882474795, -0.401058762136, -0.273787434134, -0.313982852948, 0.909095819463,  
430, 1988088.9204121183, 78.00379493286862, 121.24495159110828, 83.40599847553165, 46.933856966045994, 0.145340552189, -0.118603990519, 0.982247024593, 0.446593039869, -0.878029519122, -0.172101192009, 0.882853770808, 0.463677966894, -0.0746455784815,  
448, 2853939.6395431627, 87.9937969705989, 140.04973627676293, 98.4911750700009, 49.39426871083582, -0.726882555597, -0.361558838816, -0.583880943723, -0.656546333058, 0.615254689039, 0.436358316254, -0.201466282334, -0.700526140619, 0.684598030521,  
450, 1007024.9281021241, 62.17997417498689, 103.4351637747269, 76.8053937156506, 30.261586020771396, 0.708976508488, 0.284473965613, 0.645311454493, -0.628387447995, 0.670185685855, 0.394943491752, 0.320127358428, 0.685511275884, -0.653905776869,  
466, 2237004.510365635, 81.13210614062601, 126.62164479436967, 72.45918174694879, 58.20722223745598, 0.761725274685, -0.341577244328, 0.550544813856, -0.515943734019, -0.83376794646, 0.196552982125, -0.391888592884, 0.433769521305, 0.811336756935,  
483, 211401.51591042685, 36.9549962576471, 97.8857648460805, 74.2101791619725, 6.947626599317732, 0.455432605653, 0.779171229703, -0.43066615436, 0.67076416825, -0.618392040671, -0.409471262271, -0.585368748994, -0.102388860907, -0.804276040214,  
534, 2053862.334100537, 78.85469816426203, 115.02544947462022, 85.85713299676978, 49.649216569846374, -0.50685059944, -0.0475600209123, 0.860720927048, -0.847206682302, -0.156910463278, -0.507562748808, -0.159195814364, 0.986467004478, -0.0392369948437,  
572, 1156889.7478986653, 65.12300832897941, 119.729203570665, 86.95351735018053, 26.528708961020925, -0.567845251475, -0.816037770444, -0.10786161313, -0.790226071533, 0.503760357939, 0.34895308802, 0.230422495099, -0.283386412833, 0.930912248697,  
631, 690161.4947979422, 54.82189440534445, 139.72528331299142, 59.00237252847102, 19.98562076193192, 0.812275770328, 0.57281732031, -0.109947216838, 0.294399988692, -0.239909030563, 0.925079620202, 0.503524298913, -0.783788220508, -0.363509705231,  
636, 2575515.7551138583, 85.03385480275341, 136.47603201445813, 90.40594005942299, 49.83359841633638, 0.79989906509, -0.0987456544244, 0.591955050152, 0.486865144128, 0.683490433381, -0.543877889704, 0.350890035625, -0.723249696307, -0.594799175933,  
654, 354526.6587845052, 43.90561816442517, 129.69427841770008, 60.96216029833346, 10.704813924920742, -0.0889864177243, -0.748450282176, -0.657193725298, 0.0269618977922, -0.661379568058, 0.749566623472, -0.995667853015, 0.0489820586173, 0.0790334385281,  
665, 1920088.8946927206, 77.10411833561407, 118.8603433113299, 98.07655169262586, 39.32154361196761, 0.798219578702, -0.110440925268, -0.592155643562, 0.430014896676, 0.792877237514, 0.431778733691, -0.421820687986, 0.599289986782, -0.680381377559,  
683, 2204844.832509085, 80.74143689054762, 101.45514971713975, 78.430777429101, 66.14984118014019, 0.44848733505, 0.893687750747, -0.0134653059493, -0.29196688095, 0.160726048103, 0.942826854671, 0.844757036507, -0.418914480086, 0.333010822116,  
690, 1700577.7360018687, 74.0461745661389, 110.89046181225316, 67.45839110358978, 54.27223522951126, -0.706374566926, 0.661537009318, -0.251801025617, 0.700340887479, 0.601538291487, -0.384284172456, 0.102750243431, 0.447795119644, 0.888212766345,  
729, 919865.6041590472, 60.33165749417959, 96.59073683826655, 60.79892076064148, 37.394215054622805, 0.116059740497, 0.131921401216, 0.984442421139, 0.510273929259, -0.858260767371, 0.0548541002181, 0.852144737562, 0.495968949727, -0.166925573691,  
731, 899570.7817588749, 59.884658494638714, 139.1605037519434, 60.07444462206145, 25.688631861726343, 0.214983460877, -0.226724432458, -0.949935862717, 0.408496984365, -0.862627724774, 0.298334748588, -0.887080788493, -0.452182972012, -0.0928344467798,  
738, 1414522.1796366272, 69.63705305529473, 124.55182358030603, 84.03179449040158, 32.264684581770915, -0.695634381176, -0.609007495102, 0.381054692448, 0.0378239802226, 0.498639920629, 0.865983588802, -0.717399577813, 0.616820963056, -0.323835985166,  
767, 2871946.2338504167, 88.1784712683448, 122.25186107172071, 106.82916251714028, 52.49795579548582, -0.549912400362, -0.835077178226, -0.0155710736518, 0.805453409069, -0.535153257218, 0.254668013514, -0.221000356893, 0.127503324251, 0.966903172276,  
790, 861902.2920512076, 59.036845257381636, 117.6659838201296, 79.91407237642493, 21.882414152090142, 0.496445837085, 0.457932120625, 0.737454882512, 0.706243014648, 0.280895807227, -0.649860254011, 0.504739868746, -0.843442777183, 0.183961807222,  
804, 532176.0153433958, 50.27154462137599, 83.55457650907978, 68.6577987022101, 22.146574962647954, -0.417032671421, 0.560547422637, -0.715451142946, 0.194277375224, 0.823952788204, 0.532313915173, -0.887885157238, -0.082996323927, 0.452516914348,  
817, 1020990.018140949, 62.466086121607646, 141.47461063862082, 119.4367479409652, 14.425019526815255, -0.629637413171, -0.36200334275, 0.687393852005, 0.543909837727, -0.83718354307, 0.0573219298123, -0.554724090301, -0.409972310103, -0.724019259819,  
827, 2674415.064266174, 86.108640690082, 114.2957217854695, 102.43127422498682, 54.535292985892234, -0.942261314926, -0.305115549077, 0.138014912619, -0.116763370087, 0.685612517549, 0.718541433173, 0.313862915617, -0.660938709331, 0.681652472092,  
828, 727969.395870619, 55.80522165848986, 99.2159970026685, 70.97088533099515, 24.680990718014314, 0.804039140536, -0.0812373716832, -0.589000466832, -0.518226544668, 0.389889238811, -0.761201438426, -0.291482947852, -0.91727142706, -0.271386846052,  
833, 1254686.4559210564, 66.9086396605743, 110.42574457346588, 90.1433701162529, 30.091405538895522, 0.246301292862, 0.453077920067, 0.856770722821, -0.545288329743, 0.795600002333, -0.26397210787, -0.801246722665, -0.402170404971, 0.443015411452,  
838, 656174.1228940791, 53.90679311985173, 97.01062266695976, 54.12627052610783, 29.8334235651076, 0.820262532002, -0.521035938877, -0.235989256092, -0.416255577263, -0.8267305334, 0.378481068934, 0.392301762665, 0.212221995896, 0.895020196123,  
849, 2058571.2739792182, 78.91491619151813, 107.61675140542324, 99.32046005398321, 45.97891284809497, -0.373360376388, 0.220402906054, 0.901124069341, 0.442504998987, 0.896050362942, -0.035820007573, -0.815347383153, 0.385378133881, -0.432079088491,  
853, 1824595.4997829304, 75.80409432708564, 101.6141063170876, 73.99220110501847, 57.93460380355574, 0.121197528315, -0.54333135102, 0.830723902466, -0.352623830257, 0.758739491829, 0.547695917343, -0.927883394325, -0.359312435824, -0.0996342310508,  
871, 601994.2153532825, 52.380290529220574, 96.88951161508392, 69.83854084078563, 21.2388885042826, -0.0779516603855, -0.883928024425, 0.461080021557, 0.106910745378, 0.452408786363, 0.88537923092, 0.991208167423, -0.118311189905, -0.059235387882,  
892, 1483660.2655086047, 70.75361251721613, 124.32642654655746, 85.76037395265766, 33.21970254211244, -0.807827164736, 0.576665406087, 0.121951963235, 0.545438310778, 0.809796330846, -0.216164177614, 0.223410655632, 0.108106021896, 0.968710878942,  
900, 1496560.8187713039, 70.9580905824389, 127.83813577251209, 80.63891733659143, 34.65777232721505, -0.0397788636093, -0.996201015917, 0.0774672698379, -0.793281218592, -0.0156544190535, -0.608654127886, 0.607554565647, -0.0856648997564, -0.789644840869,  
903, 1284753.491719323, 67.43888777270519, 106.69142799274903, 95.73075467530307, 30.02964422036769, 0.191075887679, -0.720272623778, -0.666856320794, 0.22975963392, 0.693319341585, -0.683021816054, 0.954306300812, -0.0227076643366, 0.297966183,  
911, 498536.5276076502, 49.189165908917786, 131.15250556130033, 52.18376745683934, 17.389870708045102, -0.693211346253, 0.571944710653, 0.438562740531, -0.233864168255, -0.754067956151, 0.613750004735, 0.681737178268, 0.322894356503, 0.656485837095,  
917, 2164012.4420368113, 80.239900481724, 140.58045151472794, 78.14536157016569, 47.026537707830535, 0.850654962531, -0.487941358913, 0.195702235507, -0.201924463152, 0.0404543715489, 0.978565253319, -0.485399470438, -0.871938457739, -0.064114585034,  
918, 1844108.567021925, 76.0733646977272, 98.02120108574478, 85.04446224813282, 52.81190300499442, 0.815707867496, 0.289590392182, 0.500757505847, 0.353651356271, -0.934702001733, -0.0355371096755, -0.45776783757, -0.206081471056, 0.864857811536,  
920, 2145403.1435232344, 80.00923189424189, 114.30902200770126, 89.46954018138563, 50.080030985413444, -0.0714440370104, -0.994799104392, 0.0725981506425, -0.308076956351, -0.0472172741256, -0.95018899067, 0.948675043701, -0.0902511547029, -0.303101287581,  
927, 744900.579688677, 56.23455131219109, 131.14940901157578, 92.23547948917738, 14.700948468243517, 0.00888174678953, -0.86140215703, 0.507845880596, 0.989311657093, -0.0663510519468, -0.129845997422, 0.145545730665, 0.503571108951, 0.851605882152,  
936, 822447.0838756085, 58.12189763795631, 101.16965193557184, 73.33265034669765, 26.46498904932555, 0.458433523079, -0.048359692348, -0.887411992861, 0.366623249964, 0.919887047866, 0.13926669291, 0.80958390393, -0.389190389558, 0.439436847764,  
940, 2961396.3377629356, 89.08460155604361, 125.2157508178178, 90.99431811430549, 62.0489860229486, -0.925132937482, -0.0366729198998, -0.377867893491, -0.187985106184, 0.908988270466, 0.37202409063, 0.329834273292, 0.41520527586, -0.847828951534,  
950, 955192.6586300778, 61.094313464995686, 102.72173109015161, 80.70109447940307, 27.50810112851825, -0.695232615439, -0.587199548579, 0.41454589683, -0.717664714907, 0.534889272841, -0.445926925378, -0.0401119359667, 0.60752790549, 0.793284864752,  
953, 796673.8336962387, 57.50831567163929, 133.55427397469927, 80.81197626228764, 17.622131007086168, -0.526073794671, -0.526530206379, -0.66784152636, -0.848747602983, 0.374560811176, 0.373271623837, -0.0536084787163, -0.763197314266, 0.643937877833,  
983, 2644500.4892550022, 85.78638109498128, 135.21409316201954, 97.09180584963828, 48.089526816318944, 0.0251908837156, 0.12425557139, 0.991930427175, -0.967209191172, -0.247819087672, 0.0556064771202, 0.252728708084, -0.960805002466, 0.113938348883,  
985, 2353502.209355685, 82.5167283027052, 131.97604273422945, 105.74285543750175, 40.260564997397445, -0.0457184726787, -0.353995350471, 0.934129066618, -0.207535191643, -0.911338352335, -0.355515895275, 0.977158618386, -0.210118298605, -0.0318014953385,  
996, 1025434.2139005943, 62.556589679535506, 87.190100084696, 73.39957182662798, 38.25238266998945, -0.831592702824, -0.476331746181, -0.285589993156, -0.555100494194, 0.72934154714, 0.39990542502, -0.017804998049, -0.491089579604, 0.870927096173,  
997, 1204217.71087307, 65.99921960099462, 151.83873324538033, 66.38768897867882, 28.519787046619467, 0.305465134762, -0.950930421623, 0.0492177272575, -0.781020140341, -0.279782837171, -0.558327058638, -0.544700460645, -0.132109413958, 0.828159713411,  
1022, 2198364.8652361366, 80.66226045491116, 129.9582681242531, 79.13590355803174, 51.03095367757989, 0.512599904236, -0.612080095298, 0.6021621834, -0.508554802712, 0.348633427795, 0.787290763099, -0.691818871393, -0.70979764015, -0.132566810407,  
1025, 595224.6287807773, 52.183206441551086, 108.59153647168073, 92.6896550956404, 14.117735446983117, -0.808405651427, -0.54027734892, -0.233625103499, -0.570119720639, 0.619937060066, 0.539111811868, 0.146437040667, -0.569015314206, 0.80918339412,  
1039, 2068598.1151949817, 79.04283437661867, 127.39310745145544, 76.02895098214832, 50.987367028234196, -0.744239811393, -0.558704357835, 0.366000742723, 0.148700707908, 0.395622088146, 0.906295350776, -0.651149140064, 0.728925650466, -0.211357974744,  
1042, 1112126.8919561913, 64.27201430270428, 111.41469247553394, 64.10368151651056, 37.1740856441703, -0.74816655044, 0.645290336453, 0.154425368649, -0.0949434340384, -0.334461809949, 0.937614548745, 0.656682995924, 0.686830167775, 0.311499219098,  
1055, 1347864.6538418967, 68.52555449247126, 100.20555593790681, 60.05613847162281, 53.469788869723814, 0.171133482126, -0.265495185261, 0.948802212212, -0.63990186774, 0.702297479847, 0.311935649555, -0.749158815578, -0.660522941618, -0.0497042517099,  
1056, 1539845.0554575464, 71.63569375613457, 112.86008919394705, 81.25159570505261, 40.08816022081175, -0.675158202489, -0.299945926957, -0.673939049554, 0.0629157953237, -0.933686684302, 0.352520606853, -0.734985036794, 0.195605767961, 0.64925756001,  
1060, 723448.358058868, 55.68945597555119, 100.16310601435197, 90.40170100848289, 19.073682115781608, -0.0853661624897, 0.406162126445, 0.909804894108, 0.994779031703, -0.0165071390096, 0.100708452699, 0.0559222351578, 0.913651925737, -0.402632415749,  
1061, 789688.2896261127, 57.33973694034797, 155.48884522024278, 62.71886192574102, 19.331683721659072, 0.513555873021, 0.191362949627, 0.836445208484, -0.460401105471, -0.761152864935, 0.456811928786, 0.724079544916, -0.619698747547, -0.3027908105,  
1062, 3742915.256079621, 96.31792731242183, 102.71476358381777, 95.53839910650359, 91.05641641821121, 0.738652300895, 0.629357436105, 0.241458062615, 0.488343893736, -0.252694468504, -0.835263878686, 0.464664416363, -0.734884156317, 0.493996211483,  
1063, 390267.7301911133, 45.33406654163854, 84.31924864204979, 55.722348955372034, 19.82977971013249, 0.0922959561845, -0.254644546817, 0.962620180158, -0.526944050516, -0.832770974458, -0.169771822536, 0.844873614275, -0.491577724146, -0.211044822312,  
1064, 1777984.4285138745, 75.15302184859895, 95.33046111572139, 82.66170884882149, 53.86457914726505, -0.934071804369, 0.353366349452, 0.0514012388793, 0.274257378081, 0.617754349095, 0.736995559514, -0.228676091561, -0.702503941092, 0.673940248018,  
1065, 2396165.0130275716, 83.01234922608818, 117.3364418059838, 80.68864536534679, 60.42028572507158, 0.24110018329, 0.527191829393, 0.814824813465, 0.498585454316, -0.787609128651, 0.362055804, 0.83263632299, 0.318968079104, -0.452742883048,  
1066, 3006214.071217553, 89.53175507866492, 105.31978334727194, 90.51227443017349, 75.2859367935536, 0.0211404541272, 0.99949732304, -0.0236258848542, -0.987717026116, 0.0245389345798, 0.154314344796, 0.154816528574, 0.0200734134002, 0.987739287745,  
1067, 1762111.5054545156, 74.92871060328993, 109.30501468396031, 91.1649069363701, 42.21599188339407, -0.744415157859, -0.325655739949, 0.582918872389, -0.652528985531, 0.539944975735, -0.531662812523, 0.141605069792, 0.776149316959, 0.614443033969,  
1068, 2556635.645170698, 84.8255615636849, 99.82163450649614, 86.28712815524665, 70.86136904227551, 0.648797761624, 0.733295140477, -0.203321669934, -0.414445618513, 0.564596661656, 0.713768477129, 0.638197691791, -0.378825615026, 0.67022000835,  
1069, 3306536.402407876, 92.41906412150492, 118.93618950269519, 86.32159289838036, 76.88670204505422, -0.395903159832, 0.578761129617, 0.712948976351, -0.15662985933, -0.807568612387, 0.568594779658, 0.904835772503, 0.113439372055, 0.410370239743,  
1070, 3926435.2632493153, 97.86707548935202, 108.64290638739458, 101.75026119025036, 84.79552320475483, 0.0636944211964, -0.00189248279666, 0.997967654394, 0.13048315165, -0.991397974529, -0.0102079986128, 0.989402429674, 0.130868157353, -0.0628995830432,  
1071, 2623975.9367544143, 85.56386875747427, 120.43794970418591, 88.70234190392443, 58.63714260689643, -0.961087914996, 0.0814016335714, 0.263976880998, -0.0794038270301, -0.996675501777, 0.0182476412479, 0.264584678132, -0.00342318711812, 0.964356381162,  
1072, 978326.318893818, 61.58359569908911, 127.49692194204292, 52.70673128739379, 34.75596444488092, 0.819902050656, 0.269950297415, -0.504863807631, -0.347685723999, 0.935390571836, -0.0644912044257, 0.454835425904, 0.228410409235, 0.860786512613,  
1073, 3309340.9540432757, 92.4451861980002, 107.45276232695667, 96.5686774609381, 76.13757430976261, -0.169953256968, 0.866296044693, 0.469730830791, -0.919065479655, -0.311331563512, 0.241642921826, 0.355576341386, -0.390645389722, 0.849094603054,  
1074, 2809151.423932469, 87.53105847178219, 104.69199089316257, 94.42705251797133, 67.83856431652352, 0.729101522101, -0.0562437013594, 0.682090621932, -0.235781794921, -0.956250463642, 0.173181973569, -0.642509078266, 0.287091791667, 0.71046490941,  
1075, 3670844.158773632, 95.69570495016339, 102.62200766281839, 97.15066562623403, 87.9004403713095, -0.599893785918, 0.474840123119, 0.643936567601, -0.68796572063, 0.104738095362, -0.718145597089, -0.408449033364, -0.873817365847, 0.263841994929,  
1076, 2944336.4272924466, 88.91320683930566, 103.47903060410216, 91.49778323157516, 74.23964712083922, -0.277009128928, -0.960759544615, -0.014388881843, 0.562426820089, -0.174265797596, 0.808274398848, -0.779064833332, 0.2158066941, 0.588630152342,  
1077, 1560202.9682869057, 71.95000528442391, 135.35814181002516, 70.59298965471655, 38.980421585154005, -0.688201511535, -0.615802251705, 0.383622557099, -0.68340685342, 0.372698110324, -0.627734968963, -0.243585205253, 0.694178439132, 0.677334882038,  
1079, 2530538.2542570233, 84.53594902696935, 109.90700087775876, 78.26852784044613, 70.22823849780384, -0.27222164928, 0.924652660086, 0.266294633553, 0.123782111278, -0.24079572917, 0.962650199055, 0.954239677749, 0.29501673683, -0.0489056479303,  
1080, 3004066.5183675885, 89.5104303632087, 114.96103157525701, 92.93652268101636, 67.12493290139037, -0.966521424895, 0.157903445655, 0.202244498242, 0.253400058968, 0.463590132016, 0.84904216598, -0.0403081298753, -0.871866211839, 0.488082537404,  
1081, 1954889.2417025506, 77.56715256426322, 105.51881163047989, 71.15141062578886, 62.161307539337976, 0.533411162167, 0.827870359948, 0.173502735411, 0.650077866227, -0.26999755481, -0.710281696398, 0.541175849348, -0.491662473162, 0.682199906602,  
1082, 2851071.2618681374, 87.96430743675181, 106.24068714276841, 99.69406745847539, 64.26274564266976, -0.285682583221, 0.20682745517, 0.935739208023, 0.774470521494, -0.525267296377, 0.352547413397, 0.564429688252, 0.825419088188, -0.010122048954,  
1083, 2859068.9098706096, 88.04648131859271, 109.90609287916394, 86.83666846050143, 71.51729690904274, 0.143442500177, 0.293778622271, 0.945049400952, -0.667692705484, -0.676120837691, 0.311523777396, 0.730486618759, -0.675688340832, 0.0991693797378,  
1084, 2193225.0775225125, 80.59934848123058, 117.40865779853635, 85.94465832552869, 51.889033447832425, -0.0200206166273, -0.923919025644, 0.382063880736, -0.927584784234, -0.125431176896, -0.351928242571, 0.373075921183, -0.361442462802, -0.854502020546,  
1085, 2999555.397808781, 89.46560283469161, 102.30954321823894, 98.23696026402892, 71.24874460668391, 0.571891366319, 0.691488466173, -0.441343365509, -0.516925136403, 0.721524732971, 0.460641360568, -0.636968341823, 0.0352953376623, -0.770081535069,  
1086, 2130006.3902309868, 79.81737344975406, 98.4486127201939, 85.63610128738478, 60.31506625285657, 0.130503059869, -0.45789743974, 0.879374144517, 0.458070981694, -0.758769080155, -0.463077162825, 0.879283758007, 0.463248764359, 0.110727843043,  
1087, 2814633.427661655, 87.5879598532733, 139.52526630623117, 74.64729125138042, 64.51583444964714, 0.323357110145, 0.657748836469, 0.680298939763, 0.747807176047, 0.262911001502, -0.609641068778, 0.579848779226, -0.705864203238, 0.406855158277,  
1088, 1871949.9680945938, 76.45429288462974, 111.43338928736561, 75.4500991041431, 53.15332944790162, -0.28574334819, -0.265602238457, 0.92076391648, -0.129322680145, 0.962722672217, 0.237572516926, -0.949540090447, -0.0511908910352, -0.309439993068,  
1089, 2336008.042270639, 82.31176382403895, 129.8091720909117, 83.34827694427757, 51.544664615664395, -0.0326392263208, 0.657277151842, 0.752941848068, 0.474892291755, -0.652673446596, 0.59033438265, 0.879438452728, 0.376834337308, -0.29083309662,  
1090, 179654.0277193159, 35.003874356645156, 96.86001112013139, 37.414015165463354, 11.835034176994773, -0.0360600374096, -0.863623993186, 0.502845177063, -0.99432591806, -0.0193834261216, -0.104595657014, -0.100078181321, 0.50376371563, 0.858024752812,  
1091, 2135584.147760721, 79.88698418138844, 140.50212300903124, 87.97374743333309, 41.24697472270337, -0.800923601045, 0.396223495321, -0.448919065138, 0.083662795998, 0.816439022185, 0.571338655808, 0.592892841798, 0.420040789459, -0.68705444714,  
1092, 2726735.637137921, 86.66654328350417, 98.65126070384608, 98.15612663586849, 67.22555138539715, 0.935975595857, 0.147774977245, 0.319550058772, -0.201291226085, 0.969279087566, 0.141350248346, 0.288845159665, 0.196623006046, -0.936967377891,  
1093, 2678985.588862823, 86.15766545088063, 137.47078179588516, 81.42432652043897, 57.13696798356564, -0.147974713268, -0.382584374742, 0.911993794078, -0.0654592124595, 0.923912252524, 0.376963182739, -0.986822464143, -0.00391737664998, -0.161759322522,  
1094, 4320316.58151449, 101.0358859998608, 130.92834449308725, 92.70831849522145, 84.97175378443981, 0.586794953999, 0.285357712673, 0.75778800319, 0.698985907107, 0.293921398614, -0.65194241548, 0.408766906227, -0.912239654507, 0.0269894260636,  
1095, 2287112.206277421, 81.7334104342483, 100.3525218244263, 90.43480925349317, 60.16375650143606, -0.0680854817849, 0.0610763581154, 0.995808237388, 0.574401251197, -0.813701485084, 0.0891801311672, 0.815737439249, 0.578065369704, 0.020318921121,  
1096, 3560200.2747891257, 94.72441678609317, 102.82717958474893, 93.82254942726397, 88.09893663151273, -0.327934820521, -0.845191500662, 0.422030900169, -0.934456859774, 0.355819658705, -0.0135184207746, 0.13874123652, 0.39880283059, 0.906480651532,  
1097, 2290768.985089903, 81.77694741130807, 107.99157143437456, 79.47365882366766, 63.72056482667689, -0.618058453689, 0.676342873604, -0.400704461103, 0.0536379402359, 0.544809428445, 0.836842672218, 0.784300146111, 0.495724726036, -0.373001711533,  
1098, 1085156.9320674485, 63.748207841226055, 91.63869119753214, 79.55240855625321, 35.53626082890473, -0.239634117219, -0.510141824384, 0.826033176621, 0.801533033355, -0.584051911088, -0.128172390146, 0.547832352372, 0.631378400144, 0.548854288063,  
1100, 3233850.3698192863, 91.73683882876442, 105.85560434998703, 96.153529301175, 75.84941339554018, 0.085358391788, 0.675818745134, 0.732108577109, -0.906346696945, -0.252519113144, 0.338776862307, 0.413823162582, -0.692461638809, 0.590971461992,  
1101, 2420843.2660598434, 83.29635955483714, 131.1349778580528, 76.38792181842341, 57.694554087274824, 0.616557525995, 0.0254101578121, 0.786899702007, -0.373849258325, -0.870162566405, 0.321019999497, 0.69288783305, -0.492109166656, -0.527005710504,  
1102, 2930636.305271021, 88.77508675278666, 124.31083437643966, 77.8076217272352, 72.33395203202083, -0.823601624097, 0.546325022928, -0.152346099743, -0.0324367821754, 0.222797107473, 0.974325050516, 0.56624042592, 0.807397311257, -0.165775033793,  
1103, 2281212.871394448, 81.66307604455893, 102.94451639534157, 80.39665035025176, 65.80153603140525, -0.569756652697, -0.586184380838, -0.575990649549, -0.805573546462, 0.259720452741, 0.532537836842, 0.162568809887, -0.76741980564, 0.620192086343,  
1104, 855778.373730762, 58.896691525493175, 136.67989252944145, 57.54341666416118, 25.976008911147773, 0.626570885413, 0.586103700321, -0.513703589653, -0.394156861694, 0.80692757109, 0.439895741504, 0.67234611171, -0.0731460695049, 0.736614117829,  
1105, 2431174.8291767654, 83.41468750175517, 109.3056666714178, 95.09181867025322, 55.83952951768437, 0.871172814603, -0.40023619744, -0.284374600404, 0.131549128816, -0.367747490449, 0.920574065448, 0.473025109063, 0.839388330588, 0.267720893224,  
1106, 1084592.4125162102, 63.7371515749788, 98.69035445806482, 88.37017216581036, 29.68913487751788, -0.778715623658, 0.627191704754, -0.0152493592935, 0.617195795014, 0.761490858916, -0.197992480674, 0.112566993776, 0.1635916785, 0.980084911953,  
1107, 2349851.8959150915, 82.47404471064779, 124.96000996727007, 92.7149651192884, 48.42069192133797, 0.365643503825, 0.918157414008, 0.152616484081, 0.35946513138, -0.290551610204, 0.886772000646, 0.858539252121, -0.269382116909, -0.436283884251,  
1108, 2438590.412442859, 83.49941206872904, 98.3943827904472, 89.14391949229993, 66.3725069397112, -0.871400981891, 0.369909820984, -0.322222055574, 0.432457988316, 0.889329514268, -0.148570196851, -0.231604009249, 0.268811717361, 0.934933069,  
1109, 3522283.0379198166, 94.38693436757353, 114.29015767739294, 108.69233336704238, 67.69052743272776, -0.678736088689, 0.608785679456, 0.410727791124, 0.659005880349, 0.258095322463, 0.706468721309, -0.324081118821, -0.750177846255, 0.576371952311,  
1110, 1922226.5445371259, 77.13272126108241, 117.2237402863433, 89.38942022873941, 43.7939649086452, -0.435067340312, 0.287469802655, -0.853274587665, -0.885042714, -0.310804076322, 0.346554787208, 0.16557718378, -0.905959126398, -0.389643757179,  
1111, 3389833.6893504723, 93.18870160118306, 112.60490456008509, 94.78832869417492, 75.81892274229637, -0.957879816809, 0.211074004506, -0.19471523097, -0.134866864898, 0.267966425802, 0.953941781974, 0.253529456479, 0.940022212112, -0.228212741609,  
1113, 3136661.4109854084, 90.80846695619233, 101.65198324795838, 93.83606494216237, 78.50428967343346, -0.837086679401, -0.416370363805, -0.354854352253, -0.545961476488, 0.677084958978, 0.4934389775, -0.0348131779611, -0.606788001258, 0.794100978573,  
1114, 3377819.594178849, 93.07847955731147, 99.21894600017887, 93.38791334544884, 87.02871286470915, 0.333565479135, 0.269426086675, 0.903406694102, -0.898376443683, 0.38131529325, 0.217987184417, 0.285751354443, 0.884312292662, -0.369239668076,  
1115, 1088841.0418511468, 63.82026811541522, 118.66137269014017, 95.63203093711148, 22.906731544449634, -0.0858980118554, 0.952304790449, 0.292809012238, -0.697936311057, -0.26724803997, 0.664427114769, 0.710989758905, -0.147289073665, 0.687604167753,  
1116, 2917336.9706929605, 88.64059490896203, 108.7911100165964, 84.57883692031783, 75.69076067115678, 0.109420224217, 0.330455627091, 0.937457355327, 0.858386008331, -0.506960617192, 0.0785136505146, 0.501199237064, 0.796109295976, -0.339130231072,  
1117, 2163444.198534232, 80.23287652431945, 129.21216992502224, 86.09220618576414, 46.42905365193134, 0.0847660078749, -0.0472741042869, 0.995278796606, 0.301818107835, -0.950728258793, -0.070863303027, 0.949589676487, 0.306399962463, -0.0663212583662,  
1118, 3050288.0768205957, 89.96717477498002, 111.1064567493187, 90.19743186268917, 72.66391240011194, -0.59998200801, 0.299453693078, -0.741855158212, 0.771098218935, -0.0305912342508, -0.635980906272, 0.213141096035, 0.953620292406, 0.212554019232,  
1119, 3460058.4821035704, 93.82781653956773, 123.690973327475, 101.80889710212956, 65.59505344668958, -0.0582217729486, -0.598160233253, 0.799258756918, -0.545783610145, -0.651301524614, -0.527187419172, 0.835900996561, -0.466916116011, -0.288546122063,  
1120, 3370469.7802384514, 93.01092056213557, 110.27399394965119, 94.74218285803583, 77.01677647262149, -0.322833077886, 0.303106148814, 0.896607755027, 0.941160431237, 0.202881820024, 0.27028875259, 0.0999792303224, -0.931109891288, 0.350768476134,  
1121, 922494.6166607994, 60.389079583319585, 78.49811297302979, 75.88564721384878, 36.970589189664096, -0.658014032781, 0.398843006907, 0.638703208466, 0.657454988436, -0.109219989368, 0.745536003224, -0.367110978921, -0.910491762601, 0.190353038829,  
1122, 1607720.2417359375, 72.67314528327235, 125.51442790276352, 80.62443863181623, 37.92813741133622, 0.132431421236, -0.255499263661, 0.95769621746, 0.589872829552, -0.756167698207, -0.283302765862, 0.796562592409, 0.602437165568, 0.050571710638,  
1123, 2357547.47715135, 82.56397862253762, 110.05018873474661, 76.64907136358006, 66.72278246764289, -0.289590606091, 0.343468582696, 0.893401708956, 0.0302969391861, -0.929640151771, 0.36722102839, 0.956670986463, 0.133411097426, 0.258809008235,  
1124, 1834528.664381786, 75.94140553880958, 98.5177985683944, 87.07178827025285, 51.055640622014536, -0.917180984438, 0.204331300852, 0.342093205542, -0.275965644544, -0.945022747225, -0.175427963158, -0.28744043699, 0.255305163909, -0.923145312757,  
1125, 1543451.8610990846, 71.69158131717846, 105.21682531057776, 94.70185940561302, 36.97947826808476, -0.682151139293, -0.192288286746, 0.705475044166, -0.0675502416434, 0.977249591548, 0.201047757193, 0.728084327544, -0.0894899469149, 0.679621042483,  
1126, 1374330.7354113858, 68.97116312159014, 104.12623218644362, 83.04865440049028, 37.94109807955462, 0.46415659507, -0.151719838801, 0.872662446635, -0.575052046481, 0.697739899029, 0.427169962826, -0.673701565302, -0.700100081286, 0.236613771984,  
1127, 3148429.561574006, 90.92189052976252, 125.39088314947645, 85.38860592785696, 70.20038399686992, 0.254284876404, 0.538291296069, 0.803480978125, 0.612604710774, -0.732517551715, 0.296872876442, 0.748368004373, 0.416725949523, -0.516027918842,  
1128, 2013678.4336674882, 78.33704222444445, 101.76079073927977, 72.88266930966249, 64.81817011996328, 0.248137092711, 0.549893227132, 0.797524558854, 0.862837641891, 0.248804192025, -0.440008724648, 0.440385271049, -0.797316695414, 0.412731026527,  
1129, 1425986.713514491, 69.82468040721555, 157.18884087103186, 63.094681609736796, 34.325146949381626, 0.40784714139, 0.462149100974, -0.787450898615, 0.388255553593, 0.692799519405, 0.607689436321, 0.826388730782, -0.553576584026, 0.103124348505,  
1130, 2747394.4497958333, 86.88486601999644, 106.48809844823519, 98.41423173924642, 62.58545714018826, 0.451010847731, 0.013976985814, -0.892409020067, 0.0549859992592, -0.998413176463, 0.0121519113897, 0.890823077336, 0.0545506455737, 0.451063711634,  
1131, 4051631.8356499365, 98.89639371439868, 120.78369951273272, 99.14504841297716, 80.77221802440013, 0.249089174162, 0.820788377905, -0.514063247092, 0.794831146365, -0.476526876797, -0.375720087909, -0.553351635114, -0.315005673576, -0.771085853541,  
