# Void_ID, Void_Volume, r = (a*b*c)**(1/3.0), a, b, c, vector_a, vector_b, vector_c 

34, 1966149.5340907807, 77.71579818267912, 118.0392857505709, 71.71693133572064, 55.44720564148788, -0.988273527799, 0.118368346038, -0.0964591566803, -0.0596728451454, 0.282082851829, 0.957532462247, 0.140551007835, 0.952059976766, -0.271711639125,  
40, 833862.9528604842, 58.38958071348752, 86.605747867567, 68.01835115479004, 33.79350619991398, -0.441270766573, 0.130532990017, 0.887829515777, -0.637825196703, 0.650321712083, -0.412626573604, -0.631236191151, -0.748360079982, -0.203710730376,  
41, 1347877.8585877703, 68.52577826854437, 130.5563963191253, 92.31763741303239, 26.698022484886554, 0.845821143927, -0.532024749736, 0.0391951292189, 0.380075464604, 0.652544297151, 0.655536865067, -0.374338394628, -0.539569834149, 0.754145317816,  
43, 2562899.598927878, 84.89478144407981, 129.05738896323768, 89.84162378657089, 52.76944380754852, 0.0744845971812, -0.958746932949, -0.274328932748, 0.0558716666111, -0.270648830186, 0.961055444597, 0.995655764636, 0.0869110423319, -0.0334076199082,  
47, 353035.3588859766, 43.84396932898815, 130.09874024621104, 70.0593184067911, 9.24678152645706, -0.261691908222, -0.0322687578211, 0.96461187658, 0.937425642403, -0.246332608587, 0.24607602669, -0.229674792121, -0.968648013065, -0.0947128114283,  
75, 3205134.081239144, 91.46449291489968, 130.84288803312612, 86.75529305012662, 67.40800751942734, 0.227518486654, -0.615333525759, -0.754718484143, 0.3612598755, -0.666398219769, 0.652230568927, -0.904282389845, -0.421044017611, 0.0706773984358,  
85, 912030.2217332767, 60.159867831571454, 96.51257817768033, 57.75033753943452, 39.06449156211317, -0.705887767448, 0.241364875332, -0.665932021098, 0.664606036446, -0.0994873244231, -0.740541078266, 0.24499240006, 0.965321329525, 0.0901856678051,  
86, 285898.4751077321, 40.86715545994623, 79.55806186022818, 58.35916625980366, 14.700427220578822, -0.45688208507, 0.802512709722, -0.383708367222, 0.866394119016, 0.499205490963, 0.0124542493236, -0.201544017218, 0.32675254938, 0.923370337729,  
130, 1391129.9256133358, 69.25104978040876, 137.53504546457086, 87.25967766563619, 27.672736267681547, -0.988106712048, 0.0184443656677, 0.152659526334, 0.152858587803, 0.225733222411, 0.9621220112, 0.0167145966195, -0.974014536686, 0.225867891885,  
158, 1534481.595720116, 71.55242518055022, 125.12496516745539, 81.77482352416521, 35.80218146739247, 0.35688462536, 0.779992940164, 0.514047057647, -0.516582967908, -0.293698392422, 0.804290551702, 0.778315746628, -0.552586886909, 0.298114627229,  
160, 1997373.6714322467, 78.12503720869883, 146.01351088899753, 83.89370902612113, 38.92676134352446, 0.210299795985, -0.253404883345, 0.944224528862, -0.63660899139, 0.697497792728, 0.328976931139, -0.741958885579, -0.670285606467, -0.0146361836886,  
172, 913343.318896, 60.18872574612561, 91.27255574777925, 62.04257856004877, 38.50484647854428, -0.830023576017, 0.384635183304, -0.403877009771, 0.526895339878, 0.778215652996, -0.341704109204, -0.182871988209, 0.496423380993, 0.848599824848,  
188, 912652.108045133, 60.17353846701859, 145.48909973513688, 52.212835278009536, 28.68196611441569, 0.115624631711, 0.0709977052325, 0.990752375921, -0.691017087739, 0.722260987361, 0.0288868584015, -0.713530888605, -0.687966853844, 0.132571788169,  
219, 365380.6305277035, 44.34918438139909, 107.02637632133622, 52.11060010272503, 15.640117651661663, -0.975207593076, -0.186927598766, -0.118440800513, -0.122597793957, 0.0107951879939, 0.992397725125, -0.184227933071, 0.982314377751, -0.0334444605387,  
222, 2451148.510148799, 83.64250004666947, 136.77510763330275, 105.63774260017892, 40.49998277242953, -0.482130207085, 0.464439731359, 0.742863513272, -0.468361524475, 0.579946650094, -0.66655784853, -0.740397154106, -0.669296361099, -0.062084097902,  
238, 399076.66293510987, 45.67261811092691, 139.1615586420238, 32.720741479161724, 20.923064883113693, -0.558298239912, -0.789166100857, 0.255968632001, -0.26480626823, 0.461896794137, 0.846480355278, -0.786244691948, 0.404806394248, -0.466852297369,  
249, 191251.1725263522, 35.74142242111586, 104.31847632042583, 51.14885971192332, 8.556936433834089, 0.706218396391, 0.414749798675, 0.573792803282, 0.524223884646, -0.85105004923, -0.0300521625331, -0.47586226512, -0.322019282351, 0.818448951633,  
252, 1441450.31672949, 70.07616978678516, 137.73882312735637, 88.45768023723636, 28.243541631498392, 0.460810743952, 0.0524014585371, -0.885950080649, -0.834796384969, 0.364468985035, -0.412646767333, -0.301278034216, -0.929739988433, -0.211695772295,  
279, 2018442.8378067266, 78.3987759074798, 114.1983073142563, 90.53302958622297, 46.60807057813824, 0.615446027192, 0.306305816195, 0.72622512665, 0.293485062933, -0.944197404803, 0.149525177139, -0.731500311311, -0.121111550763, 0.670998723414,  
292, 242562.65908799565, 38.6881929552905, 94.86458592049121, 51.74496891526791, 11.796769395102352, 0.188373784759, 0.627794489673, 0.755241283268, -0.828143643141, 0.514910329755, -0.221462093001, 0.52791421987, 0.583730615136, -0.616899623449,  
296, 417815.90038460155, 46.37658703690273, 119.34378352835238, 31.719064659159503, 26.34973063107065, -0.537737313719, 0.83918819086, -0.0812512261784, 0.758436358936, 0.439386425041, -0.48136665748, 0.36825652863, 0.320472697449, 0.872745311824,  
304, 307405.82752710546, 41.86725577640568, 120.59504627037946, 96.00708018100825, 6.338562201908608, 0.36028271957, -0.159537090855, 0.919099710924, 0.0768992169891, 0.986993068924, 0.14117787476, 0.929668151765, -0.0198140994435, -0.367864824436,  
321, 356659.0815240384, 43.99347074857419, 107.63610509083227, 55.704994427523495, 14.200792066702858, 0.590986225657, 0.805799372686, 0.0377180601569, 0.625678155858, -0.428366127978, -0.651942716566, 0.509177892652, -0.40888853173, 0.757329546667,  
336, 548860.5636248388, 50.79151175338758, 104.0696416769416, 65.44438553425, 19.238755010628378, 0.721537017109, -0.690503687399, -0.0508821248645, -0.624634944985, -0.680885972422, 0.382394401191, 0.29868966913, 0.244128962329, 0.922597166323,  
347, 1237245.18067542, 66.59716171668221, 90.82804884591563, 85.54085964996591, 38.016625643686304, 0.167399610325, -0.0470613013389, 0.984765253438, -0.916887204665, -0.37454559654, 0.137961770193, 0.36234682886, -0.926013407046, -0.105848691942,  
361, 1364018.416300175, 68.79822098942854, 120.27237930851062, 68.4350065416326, 39.56283538606937, -0.847720454, -0.348036818758, 0.400300393027, -0.0629655180226, 0.815341193086, 0.57554676821, -0.526692866298, 0.462697646034, -0.713095724953,  
363, 402592.38259528525, 45.806345874157756, 89.5384495186435, 57.13051254505393, 18.78880910711328, 0.452406957466, -0.119167050564, -0.883813984329, 0.532169374394, -0.759173478357, 0.374768444131, -0.715628186835, -0.639886586685, -0.280038308785,  
400, 124670.01718753288, 30.990206492254796, 67.6967712230745, 42.53299510063454, 10.336642314198414, -0.00488626876249, 0.674872034553, 0.737918600766, -0.964480776236, -0.198075302328, 0.174765576926, 0.26410785041, -0.710854353286, 0.651868952908,  
426, 472134.2728661978, 48.305024431286995, 132.167229009469, 52.372412732993936, 16.283604731114075, 0.388257678865, -0.539097587126, 0.747415390768, -0.747232163702, -0.658837734375, -0.0870455816948, -0.539351525752, 0.524696704124, 0.658629865972,  
433, 1997214.2109446432, 78.12295811382792, 132.5401438123478, 64.5994292014391, 55.68778194198061, 0.843037786268, -0.500811662033, 0.196150376232, 0.356055967601, 0.792988449657, 0.494361675948, -0.403127075325, -0.346925060902, 0.846836208046,  
524, 1818886.9761753005, 75.72495687174562, 141.46935906066088, 69.95021393948328, 43.879904221282445, 0.366296921492, 0.447052617644, -0.81607017, -0.556271378817, 0.808257004891, 0.193087459858, 0.745914685748, 0.383229136553, 0.544744628686,  
525, 849954.1186701718, 58.762774257422926, 96.79970212682709, 53.031299449893176, 39.52761251497091, -0.897775784196, -0.164952654698, 0.408398412118, -0.436316790752, 0.45983630517, -0.773419828137, 0.0602187630185, 0.872548677241, 0.484801512399,  
527, 1037190.9144087681, 62.79475420342599, 120.96934286967081, 53.54346982422979, 38.228588345969705, 0.90172252019, 0.411948654616, 0.13112895387, 0.272445415235, -0.777000651094, 0.567488752238, 0.335663510529, -0.475991905561, -0.812872507556,  
532, 806601.9907953744, 57.74621986731241, 106.32704419066575, 54.04748653202973, 33.50822610516452, 0.175638617428, -0.929437059193, -0.324496269726, -0.88857866188, -0.291561444053, 0.354146701232, 0.423767669507, -0.226138624167, 0.877087387288,  
536, 2344124.986554932, 82.40699004454, 115.84473304095386, 83.63707175062896, 57.7586511610236, -0.611357645685, 0.778830672024, -0.140230572193, -0.145306084077, 0.0637113142071, 0.987333282318, 0.777899717825, 0.623990106298, 0.0742184360538,  
560, 810008.467752489, 57.8273978203099, 135.72199341509867, 77.77207626160724, 18.320065690845183, 0.848331156437, 0.454534479534, 0.271537577387, 0.184683834398, -0.734671018127, 0.652801942733, 0.496211779718, -0.503643626028, -0.707189484955,  
567, 1503017.7385959679, 71.05999385833266, 127.23952176500505, 91.44259079675321, 30.839330873808965, -0.572607413875, -0.411963535763, 0.708806598993, -0.812437187181, 0.169296389674, -0.5579288031, -0.109847924242, 0.895335008611, 0.431634864086,  
586, 1511175.3026398155, 71.18832032753645, 115.21344037299178, 92.03037363924041, 34.024512191892704, 0.528238511602, -0.0627494898178, 0.84677421807, -0.636506029402, 0.630786053019, 0.443811930723, -0.561982339043, -0.77341544906, 0.293265057175,  
609, 701445.3653958131, 55.11905294604994, 124.9945592616816, 67.14891187840468, 19.95148158923865, -0.97648199813, -0.140985800108, -0.163113186151, -0.17796896084, 0.954141112756, 0.24071100084, -0.121696163891, -0.264079043311, 0.956792716621,  
621, 2494853.393960169, 84.1366998896617, 122.99662807374044, 95.99762923036187, 50.443209069647075, -0.706792292791, 0.171447087975, -0.686331225339, -0.675995514923, -0.449639245042, 0.583827554268, 0.208505919952, -0.876601645756, -0.43369901545,  
622, 969004.2849927385, 61.387370278997885, 103.34923600991009, 80.36328387003583, 27.853010492272496, -0.121443997257, 0.965492297364, -0.230382245975, 0.992129291526, 0.110937731337, -0.0580714100149, 0.0305094153578, 0.235621398638, 0.971365910498,  
662, 1238127.6696550117, 66.61299185676387, 166.1251465809493, 61.115529543506106, 29.113194628022594, -0.562609821535, -0.826682645326, 0.00812358477196, 0.0100306920297, 0.00299966824835, 0.999945192102, -0.826661704647, 0.56266047125, 0.00660455620372,  
669, 714263.9864902814, 55.452787398800716, 93.83751468444719, 79.47326507225439, 22.865072950100615, 0.856839989296, -0.515455522934, -0.0114383836664, 0.153414735222, 0.233714819113, 0.960125670079, 0.492228759583, 0.824428885474, -0.279334675677,  
683, 2531841.606415389, 84.55045993201536, 122.92562268308762, 98.38867459371396, 49.97587378122874, -0.998026194976, 0.0295970953992, -0.0553870570187, -0.046680373171, 0.240335130683, 0.96956689698, 0.0420078195326, 0.970238649459, -0.238479152537,  
700, 2090714.6798407272, 79.32353374001944, 96.70492345598144, 79.21995323787556, 65.15128593506445, -0.916864184011, -0.350049830171, 0.191898891281, -0.361630792452, 0.524731193626, -0.770636324336, -0.16906578018, 0.775965392806, 0.607696035151,  
710, 1508164.2047585421, 71.1410067058747, 96.09336304037996, 80.10052462767548, 46.77688160947326, -0.113981475806, 0.847983347733, 0.517621932631, -0.979633061006, -0.1826263946, 0.0834665548575, 0.165309675934, -0.497565917204, 0.851528548599,  
731, 1778216.4972504152, 75.15629145130139, 94.99352672235105, 82.81302998581594, 53.96390128619297, 0.660809466347, 0.74997898694, -0.0293661086007, 0.296839570677, -0.225210208908, 0.927990641701, -0.6893599339, 0.621942023787, 0.371444478465,  
747, 1576696.6907170115, 72.2026574507505, 129.32270601747962, 73.14966530742812, 39.789860813955, -0.906734844507, 0.421670970877, -0.00505114608603, 0.419899105519, 0.901689013607, -0.103158440879, 0.0389443569879, 0.0956583245738, 0.994652111041,  
766, 1125321.7873884535, 64.52520198163135, 145.00252754201142, 83.18086043837235, 22.273534401085637, 0.611079745911, 0.180555735981, -0.770701738899, 0.415650291893, 0.755416094895, 0.506538605066, 0.673658948569, -0.629877884814, 0.386571430962,  
776, 1182126.7443279019, 65.59314851986622, 104.12687016922044, 59.83123402249569, 45.29858735552362, -0.633100915087, -0.535152059113, -0.559281239577, -0.736043105238, 0.639866516239, 0.220932995787, -0.239632590745, -0.551527982086, 0.798995060329,  
798, 1413366.3137227953, 69.61808009247844, 120.97946496390477, 63.32585285473586, 44.042647739934175, -0.658103252275, -0.698569414692, 0.280893008461, 0.0560583271211, 0.326571432484, 0.943508645136, -0.750837914137, 0.636672500068, -0.175757089052,  
801, 446717.5636157042, 47.42217544157317, 130.44741999288337, 70.77350039081287, 11.55149644425579, -0.632403823269, -0.774343952919, 0.0213739769926, -0.736020321006, 0.609250776809, 0.295106045386, 0.241535693801, -0.170894509965, 0.95522540538,  
804, 642348.5508322911, 53.52549756514862, 124.52895490991818, 102.85147076199266, 11.972953328064674, 0.642014029549, 0.701437188157, 0.30952198134, 0.658946851705, -0.711198580811, 0.244919630247, -0.391927330624, -0.0467166964071, 0.918809293481,  
810, 2153165.48479381, 80.10561027471512, 126.52580362021004, 78.56211767742681, 51.712616731277386, -0.629575374358, -0.229418403975, -0.742295119154, -0.769695929534, 0.314328562508, 0.555666924381, -0.105844338827, -0.921175743661, 0.374475934112,  
817, 408031.48452293704, 46.01170803875737, 144.47596150285375, 54.41528807165962, 12.390491669411254, 0.807674942904, -0.0807337046737, -0.584074700303, 0.362835822993, -0.712766470202, 0.600261713346, -0.464770214362, -0.696739569628, -0.546390537946,  
843, 293769.9403489229, 41.238821768422376, 126.14080618404648, 58.23627655595569, 9.5470576199056, -0.991400631429, -0.0229800139074, 0.128828207169, 0.0193276259892, 0.947951016992, 0.317829061379, -0.129426546254, 0.317585875543, -0.939355087696,  
848, 1116032.3462318636, 64.34716105118936, 127.79469152789856, 78.42749664681088, 26.58318452397887, 0.773029660433, -0.615499492306, -0.153575776288, -0.312484479113, -0.580142976391, 0.752188525077, -0.552067563261, -0.533473993664, -0.640801766289,  
855, 1333929.6598695293, 68.2885838647814, 109.46068924317265, 85.52212522990058, 34.017912274547136, -0.331333415762, -0.570335350383, 0.751622083033, -0.68806477289, 0.691137632373, 0.221123588578, -0.645588906276, -0.443899043952, -0.621424655828,  
860, 1037414.6597481176, 62.799269290993145, 104.24258269109336, 79.95947463641235, 29.71314871622169, -0.596534258739, 0.781383988696, 0.183264672972, 0.800116801669, 0.596890029096, 0.0594592032609, 0.0629283865737, -0.18210259574, 0.981263808967,  
888, 480512.1165857844, 48.58906902678096, 75.3872151707167, 47.82379629987363, 31.818081176761364, 0.494149863454, 0.297224837713, 0.816990396697, 0.75322550862, -0.615635988791, -0.231611015431, -0.434128144229, -0.729828558739, 0.52809376936,  
900, 1174470.3420751586, 65.45123038126418, 100.02155490490928, 89.04182050878968, 31.48225357160002, -0.111945202681, 0.556323236076, 0.823390993756, -0.970082365898, -0.240812355609, 0.0308157874991, 0.215426263418, -0.795307403705, 0.566637149014,  
938, 1001400.1287604595, 62.063987940229566, 98.54095459154382, 78.69810998355483, 30.827475840398794, -0.877857584183, 0.410154964226, 0.247262951557, 0.407515401439, 0.368495153494, 0.835549232206, -0.251589466157, -0.834256691416, 0.490630730129,  
979, 2656081.4688952453, 85.91142595709067, 127.88198509001323, 80.90080760759732, 61.29013195114254, -0.0570632304378, 0.935887782161, 0.347646151905, 0.992479745168, 0.0154050873403, 0.121435739033, -0.108294705145, -0.351961279812, 0.929728731594,  
983, 3124621.6569379484, 90.69213164403412, 115.2775161257162, 93.73636332255353, 69.03290012413228, 0.400902829532, 0.0968718677115, -0.9109845018, -0.857410241768, 0.38992871094, -0.33586199204, -0.322683434011, -0.915735464876, -0.239382455047,  
988, 176485.91955139837, 34.796894326957535, 79.25851958821247, 33.065529840355815, 16.076814856805523, -0.19657458174, 0.969841836867, -0.144101510321, 0.149871717726, 0.174962920103, 0.973101456589, 0.968966925152, 0.169690270941, -0.179745124853,  
997, 3280506.8354886924, 92.17591256085724, 131.7116962447962, 94.52751784152383, 62.90276568999722, -0.832350714604, -0.552485211929, 0.0441857273126, 0.0328438245496, 0.0304150309133, 0.998997602141, -0.553275312198, 0.832967596305, -0.00717024534851,  
998, 619817.6456806018, 52.89221755414046, 116.39638169758203, 52.6573098565727, 24.142218629576284, -0.833510698878, -0.380024280973, 0.401050446611, 0.180156038974, 0.499266059486, 0.847512361837, -0.522306152058, 0.778662280913, -0.347679932994,  
999, 1081786.693887978, 63.68214383305277, 118.72566876454667, 55.31950212272746, 39.32150561826609, -0.739079713481, -0.341438267771, -0.580672959954, -0.661045371636, 0.201858223273, 0.722684076437, 0.129538387206, -0.917972312762, 0.37489550443,  
1018, 1214230.1056724016, 66.18163048012043, 110.65592200450234, 64.9386778822677, 40.33985044315722, -0.276587741434, -0.960658337393, -0.0251948424419, -0.153235041998, 0.0182061340405, 0.988022043574, -0.948692913008, 0.277135518259, -0.15224211417,  
1038, 240632.49770752058, 38.58530076884012, 76.76237176446531, 64.03959677151069, 11.686075722084226, 0.473793575091, 0.325436890034, -0.818297304656, 0.391237547537, 0.754689248172, 0.526666232154, -0.78895679831, 0.569679707642, -0.230243786239,  
1065, 1469438.175485482, 70.52680929947894, 119.13973828342648, 69.41375161839974, 42.419012101758376, -0.606610738169, 0.303094737505, -0.734953734894, -0.205980372822, 0.832980952668, 0.513531711294, 0.767851221494, 0.462899894782, -0.442863623547,  
1072, 741648.0863627767, 56.15258540486928, 105.73827779259544, 83.66633018047399, 20.013650825641285, -0.549927896242, 0.731877508934, 0.402411009853, -0.515498769998, -0.676511597739, 0.525921169241, -0.657145590463, -0.081776341577, -0.749314555373,  
1079, 73282.4639826102, 25.959947986515836, 122.08964450356447, 29.556452369229337, 4.848197684658482, -0.268114074132, 0.8720460949, 0.409451403247, 0.963165701932, 0.251750469165, 0.0945173629344, 0.0206560856206, -0.419710983469, 0.907422733065,  
1105, 1318588.9663110038, 68.02579239580146, 130.26824006863782, 61.329713982981886, 39.40137183317877, -0.139854137724, -0.14120251399, 0.980052381357, 0.966447389235, -0.234834167859, 0.104078611863, -0.215453623787, -0.961724889794, -0.169307331053,  
1126, 3599557.1274423404, 95.07218759505314, 132.1582164878965, 119.7361606536077, 54.305143263776706, -0.947605577063, -0.105201982657, 0.301622633705, 0.203683319092, 0.528391170061, 0.824206210195, 0.246082863771, -0.842457900578, 0.479278530618,  
1138, 2822133.310476674, 87.66568659283591, 118.94262738743454, 105.23959020804891, 53.823537707659376, 0.226024414904, 0.964154319652, -0.138994286803, -0.949593550619, 0.249896709637, 0.189271559236, 0.217221206355, 0.0892080848868, 0.972037481325,  
1139, 365107.736722263, 44.33814052650498, 102.54342270085331, 50.504844914294026, 16.83028907551687, -0.512520731209, -0.652633711936, 0.558024854398, -0.81582721591, 0.167379504323, -0.55354318288, -0.267859018631, 0.738954220217, 0.618221810163,  
1145, 823575.6092699534, 58.14846958435, 100.1317592748603, 68.81026134732092, 28.53578426242596, 0.467185860359, 0.836009933654, -0.287792916369, 0.768193064089, -0.544957119098, -0.336007670493, 0.437740548917, 0.0641024896217, 0.896813293087,  
1150, 417266.5646162213, 46.35625312790869, 100.15498675960144, 72.43732683811439, 13.730614812674066, -0.0882754062082, -0.802332923443, 0.590312910767, -0.989453402685, 0.00230263645216, -0.144833220569, 0.114845185244, -0.596872329585, -0.794074307355,  
1155, 396023.1340714102, 45.55583196495426, 138.25862918307303, 99.27227694997144, 6.888294671540012, -0.121998253964, -0.869393257274, -0.478823339277, 0.0441274286362, -0.486700950778, 0.872453411108, 0.991548887384, -0.0853085500866, -0.0977407551145,  
1186, 853161.9860413688, 58.836608256475394, 124.3693830853508, 81.89239625708284, 19.99796610484328, -0.745861862661, 0.0700580996204, 0.662406177889, -0.0206119701505, -0.996404829923, 0.0821739715062, 0.665781667301, 0.0476369350837, 0.744624397869,  
1190, 885466.9755241779, 59.570043834901746, 93.72217435996222, 80.05536203023506, 28.174160056063435, -0.366005365801, 0.9305544872, 0.0104124231997, 0.930413234077, 0.366135664456, -0.0166099086957, 0.0192687845555, -0.00360854063572, 0.999807827723,  
1195, 2371799.773458262, 82.7300216501869, 124.1700546457759, 82.54779890772622, 55.2417011626905, -0.0105967394373, -0.546680092277, 0.83727449849, 0.960167610132, -0.239376031925, -0.144143247476, 0.279223690912, 0.802396405804, 0.527441123146,  
1220, 1334033.0236641637, 68.2903476721395, 102.55117625325167, 69.79518349134945, 44.49506769684908, -0.278261510613, -0.878758290932, -0.387755590326, -0.0722439712051, -0.383407980247, 0.920749221725, -0.957784600177, 0.284222073035, 0.0432026950984,  
1233, 1106345.6796449597, 64.16045153107072, 126.19865751189745, 78.66241104376412, 26.60604040961046, 0.659930548702, 0.74338841684, -0.108928107474, -0.456259533121, 0.511709620471, 0.727997598041, 0.596924542405, -0.430728366869, 0.676870862609,  
1267, 2860488.4406104605, 88.06105063135395, 128.68422289040095, 87.70180762659729, 60.50868835360259, 0.11150852447, -0.100806578583, 0.988637386854, 0.571234740671, -0.807557273171, -0.146772346167, 0.81317693033, 0.581110389051, -0.0324653001817,  
1291, 1605765.966962295, 72.64368723961279, 109.97403941029162, 91.93193153658589, 37.91727144387127, 0.399020852994, -0.373510730333, 0.837419902559, 0.131667351136, 0.927149848573, 0.35079462216, 0.907439291369, 0.0297135090012, -0.419131291915,  
1341, 651300.3477766449, 53.77299592814567, 108.82844476188514, 74.75318691561233, 19.112634976548353, 0.165702375152, 0.57401372786, -0.801904584784, 0.322067563908, 0.737061429517, 0.594148915169, -0.932102573297, 0.356719342546, 0.0627383734775,  
1346, 657189.4015049887, 53.934581582695145, 115.97786308327979, 39.515489809803114, 34.23414372049408, -0.636089039406, 0.72280511005, -0.270080556191, 0.766114855381, 0.633323812334, -0.109402820328, -0.0919715298974, 0.276502661138, 0.956602067775,  
1414, 628529.6124824976, 53.13887774337324, 122.73964376559489, 45.22059485433736, 27.034354542895763, -0.750289124669, 0.606935757317, -0.262097722029, 0.0302460766626, 0.427549218449, 0.903485938269, 0.66041759838, 0.669948245981, -0.339142954308,  
1421, 414450.489557243, 46.25173363764397, 122.34678016321836, 81.88452816586774, 9.87619491259413, 0.54524059313, 0.692071410948, 0.473022047849, -0.572063188, -0.105272689237, 0.813425700255, 0.612744975122, -0.714111211962, 0.338509634151,  
1437, 924735.72713902, 60.437943156419706, 125.45554751484175, 49.428305116426266, 35.60110177286065, -0.720282793313, -0.692880884257, 0.0332983165862, -0.116043447901, 0.167680689427, 0.978987795937, -0.683905414408, 0.701284012811, -0.201181802159,  
1465, 1098752.3584427573, 64.0133275971457, 99.55922828304952, 62.348712670841756, 42.25734415571166, -0.306805206349, 0.226068202616, 0.924534333123, 0.942852844717, 0.204865277075, 0.262790280371, 0.129996455973, -0.95232525222, 0.276002781543,  
1511, 2145976.626318871, 80.01636028723632, 137.5566386875504, 81.67588455820011, 45.59959406517726, -0.970199938252, -0.237292862347, 0.0490324106604, -0.0410610557376, 0.360439334491, 0.931878466246, -0.238801318082, 0.902095107863, -0.359441715514,  
1517, 3630263.1277241544, 95.34176008668693, 135.11163144320193, 95.31794247812728, 67.29489163478095, -0.398280031902, -0.763904565166, -0.507762573952, 0.106711080278, -0.588391080745, 0.80150401212, -0.911035543507, 0.265039150726, 0.315861499789,  
1527, 734750.2150286246, 55.97795613984186, 119.8428575525194, 69.84448577757708, 20.95592485314918, -0.43433402155, -0.791851714865, -0.429330664394, 0.0641744384107, -0.502627822389, 0.862117691278, -0.898462909184, 0.346894989623, 0.269125002547,  
1556, 645823.6287384355, 53.62184756674089, 128.20116229677575, 74.64610463900333, 16.111137692661185, -0.934834238439, 0.0829056022069, 0.345270340117, 0.0824473117514, -0.895107472782, 0.438160989769, 0.345380062289, 0.438074506555, 0.829941768608,  
1597, 3888583.790896935, 97.55157465706702, 125.54130499885878, 96.13860527225773, 76.91630202345404, -0.460338033377, 0.243165039548, 0.853791343695, 0.856088430534, 0.376134201344, 0.354451211996, 0.234949982192, -0.894088265285, 0.3813196556,  
1630, 1326999.290902392, 68.17011508304405, 128.3824756868401, 66.83159319902701, 36.922790904824936, 0.321041771659, 0.20840152266, -0.923851171024, 0.342131280344, 0.884090417056, 0.318324239541, 0.883107223309, -0.418273761814, 0.212529274025,  
1648, 765902.1433711225, 56.758149185282214, 109.41803781802435, 88.04769287724193, 18.979194331754936, -0.164289478695, 0.517967771367, 0.839475047286, 0.576561552009, -0.640100813428, 0.507787086674, 0.800366006234, 0.567433111894, -0.1934784732,  
1659, 94675.10223079831, 28.273683436091744, 79.96345203404361, 35.80678428643297, 7.893876346692357, -0.54013818738, 0.474266120737, -0.695213913306, 0.811066591653, 0.0729424549115, -0.58038813063, 0.224547817711, 0.87735457199, 0.424060411462,  
1698, 2771256.325288101, 87.13568092604734, 115.81442222242056, 96.161890440918, 59.40492483051462, -0.333875880208, 0.351367225324, 0.874681638988, 0.353112359144, -0.813738261305, 0.461672723807, -0.873978580078, -0.463002284072, -0.147615468392,  
1750, 1112603.5644627295, 64.2811956069604, 106.90193711401697, 68.7047655440027, 36.16424483901679, -0.0469154598253, -0.672459644568, 0.738645358786, 0.923189102418, -0.311583738418, -0.225027676363, 0.381471913521, 0.671352068873, 0.635425510044,  
1756, 614239.5897828961, 52.73307114546724, 115.55155405710151, 71.62367968801892, 17.71808478191194, -0.0234038532323, 0.506984589349, 0.861637328472, 0.583634227524, -0.692827656801, 0.423510243599, 0.811679338234, 0.512792808192, -0.279678722376,  
1772, 2789108.5395264695, 87.32238763827026, 121.15003818103601, 109.33851626781863, 50.26666524671828, -0.892244852967, -0.230527405381, -0.388273405892, -0.0124549301023, -0.846973110846, 0.531489815725, 0.451380102653, -0.479054970616, -0.752836196033,  
1807, 767675.4210991543, 56.80191908739496, 125.5599239202114, 97.95103041654569, 14.901465227190636, 0.167432114517, -0.217425078868, 0.961609495641, -0.278723403529, -0.946026220415, -0.165371262958, 0.945663656568, -0.240334611254, -0.218996628467,  
1815, 2121678.0677578887, 79.71320895853896, 114.07876518054688, 97.13805335099667, 45.70846850057216, -0.862443876496, -0.493468596592, 0.112602415921, 0.120593614036, 0.0157282228479, 0.992577353792, 0.491576789676, -0.869621393012, -0.045944451993,  
1834, 661280.1707785861, 54.04625802180746, 99.93105822868995, 80.10809847103711, 19.72059351262492, 0.330214993213, -0.902447057384, -0.276671948119, -0.834457405816, -0.416104265573, 0.36130053702, -0.441178984242, 0.11156410171, -0.890457497623,  
1845, 1020012.2890210532, 62.44613998553982, 96.45746101197781, 68.72403774951485, 36.734345048560115, 0.540770695802, 0.837974020185, 0.073257054652, 0.773199732288, -0.460889394889, -0.435595155699, 0.331254024205, -0.29219943048, 0.897156766834,  
1860, 914322.9464858258, 60.21023699573802, 88.00302832163126, 76.61718982378056, 32.37331506784032, -0.676791941363, -0.193266608574, 0.710352508348, 0.677053790573, -0.542276212558, 0.497528565978, -0.289051609193, -0.817670182472, -0.497860060578,  
1862, 375933.8708517187, 44.77211552873632, 114.8299149008946, 56.547922526917624, 13.821371802669358, 0.392225697456, -0.564619431087, -0.726198251371, -0.85161056432, 0.0755497843281, -0.518701915195, -0.347733301531, -0.821886323117, 0.451203305483,  
1879, 1959071.303634421, 77.62242587290923, 147.1608576626394, 91.60802949321669, 34.69251478937309, 0.00025116297775, 0.762794236139, 0.646641237651, -0.604953250189, 0.515011099676, -0.607285050282, -0.796260950947, -0.391035190902, 0.461584204099,  
1939, 3859949.4287770586, 97.3115376787944, 148.34010683486406, 100.07776889828716, 62.07215213064295, 0.360608473475, 0.433350654808, 0.825935069383, 0.864409661552, 0.177363789705, -0.470465751269, 0.350367615333, -0.883600190176, 0.3106336074,  
1945, 449090.9688723332, 47.50601163299154, 131.41025418552894, 108.78562578211292, 7.499718155078037, -0.186213817838, -0.964580062641, 0.186841421534, -0.618923685801, -0.0325289280254, -0.78477725502, 0.76305824496, -0.261776950086, -0.590944111742,  
2001, 213502.79538520597, 37.077034019101575, 123.61411921112872, 53.23443997091578, 7.745584352593011, -0.0190694650543, 0.962816718232, 0.26948158118, -0.543018000785, -0.236286952219, 0.805791491041, 0.83950450048, -0.130967336781, 0.527332675235,  
2002, 330189.5166821854, 42.87704928555722, 83.51282634849163, 45.31414391786663, 20.829925167404745, -0.359352611295, -0.307420292512, -0.881112061265, -0.911166974636, -0.0883820227609, 0.402446719935, 0.201594754616, -0.947460490894, 0.248350907199,  
2014, 1912386.1473757443, 77.00087493709667, 134.64235402941082, 69.79955935605682, 48.579451041594275, -0.642463785933, -0.0598449939509, 0.763975693634, 0.712848606544, -0.41253362098, 0.567153308824, -0.281224372899, -0.908974470632, -0.307698332506,  
2015, 1919201.2751133277, 77.09223526186534, 143.1363827004107, 102.97788589499955, 31.08407190350312, -0.502143437717, 0.8613416912, 0.0770873463008, -0.219173447642, -0.212988188073, 0.952154940958, -0.83654944134, -0.461222855833, -0.29573384901,  
2042, 3819487.053141975, 96.97031602683542, 120.52696905009233, 107.51402393220239, 70.36668328172009, 0.613597464494, 0.709484455264, -0.346597690855, 0.400951833885, 0.098191908333, 0.91082159397, -0.680246851129, 0.697846800435, 0.224218787464,  
2065, 667366.3738047524, 54.21155986173272, 156.20956291705016, 59.74808425326327, 17.070416166030032, -0.00996663093688, -0.991409409709, 0.130414909458, -0.913238019412, -0.0440992493578, -0.40503280868, -0.407304537379, 0.123136666136, 0.904953244805,  
2073, 2150183.584915886, 80.06861400661143, 110.53264403529016, 81.98956674758443, 56.64189601369004, 0.717798849758, 0.112601170405, 0.687084993076, -0.503628474507, 0.765368550865, 0.400711044285, 0.480752712891, 0.633665493593, -0.606089821131,  
2075, 2102045.956353423, 79.46658178215021, 139.06828496037173, 62.26024594698167, 57.95817029226072, -0.293862157798, 0.910959314293, 0.289479118276, 0.891177593583, 0.151609964965, 0.427570947585, -0.345611818243, -0.383624225287, 0.856378961012,  
2142, 1767760.098854574, 75.00868858748024, 116.65877742698801, 105.74081889027633, 34.21169782838346, -0.819836178594, -0.448607386516, 0.355837115873, 0.127879365136, 0.462299036571, 0.877454539425, 0.558135743562, -0.764873200962, 0.321641847727,  
2159, 2137723.4230765593, 79.91365029988637, 143.4920032428307, 75.93911811068584, 46.834906606742344, -0.209790592755, 0.034637691277, -0.977132610005, -0.241712025312, 0.966515532712, 0.0861569605198, 0.947398123289, 0.25425962198, -0.194393520004,  
2167, 1945453.776789362, 77.44215608556307, 121.25052819106409, 92.88896111819324, 41.236762592258515, -0.12437057545, -0.96760946477, -0.219690426852, -0.988685689333, 0.13956264648, -0.0549806821989, -0.083860405853, -0.210366802028, 0.974019117335,  
2168, 1884359.6465635498, 76.62286653514174, 129.50498898071928, 66.13926412348476, 52.5205575854597, 0.138139530635, -0.879499014856, 0.455410751897, -0.388675249022, 0.374791627896, 0.841702314632, -0.910960493586, -0.293279250079, -0.29006595905,  
2203, 181590.98057507968, 35.12922387381047, 85.92964787973715, 27.796469915300417, 18.149847789976494, -0.0312266489769, 0.789705357021, -0.612691068555, -0.157071575584, 0.601496480832, 0.783281880098, 0.987093418344, 0.120695619804, 0.105257545207,  
2241, 797728.4876219075, 57.533681396030495, 97.94110389772419, 64.66437279730715, 30.07020770102014, 0.411624587615, 0.139050844366, 0.900683108286, -0.795075844136, 0.537839385879, 0.28032694674, 0.445443151189, 0.831500846469, -0.331943882878,  
2243, 3027991.3749141055, 89.74742734372641, 118.39438422265668, 88.33644193849061, 69.11861367867488, 0.908549486886, -0.33214997108, 0.253405261567, 0.279089732174, 0.933900677369, 0.223469116891, -0.310880606139, -0.132309944904, 0.941194627697,  
2265, 349626.4356414411, 43.70239296276286, 104.32126008444922, 50.48792695715915, 15.847300395191096, 0.315229938477, -0.317099223635, 0.894470887317, -0.888467756573, 0.23265893255, 0.395594320781, 0.333549293835, 0.919411715976, 0.208391374841,  
2271, 613304.20392745, 52.70628961524512, 128.7672872476908, 48.40383859644372, 23.49102579272836, -0.823126454807, 0.564622317731, 0.060534929727, 0.54641521296, 0.816548860974, -0.186221300307, 0.154574430108, 0.120206472213, 0.980641193095,  
2280, 602628.3779429487, 52.39867717505416, 106.4384930717172, 56.33797172301884, 23.99170124651959, -0.0776909291175, -0.984006780946, -0.160295896969, -0.955504879454, 0.119381234156, -0.269737921454, -0.284560265799, -0.132207321974, 0.949498119611,  
2299, 1899592.9452511761, 76.8287875528487, 131.74856765388418, 90.53558887688901, 38.019526659771465, 0.425727495746, -0.701556550854, 0.571466976579, 0.647566104405, 0.677335441465, 0.349105772167, -0.631992278269, 0.221438717684, 0.742664563931,  
2310, 576316.1128562768, 51.624681372100966, 85.671665496447, 43.608508684072234, 36.82677663876258, -0.898060594934, -0.204759094676, 0.389308208203, -0.0266501829573, 0.908751226905, 0.416486464782, -0.439063703322, 0.363654947369, -0.821570534817,  
2314, 1795754.636070325, 75.40256661648077, 133.93926660741707, 80.00767963600906, 40.005416396921774, 0.781883871098, 0.425292823421, 0.455832893134, 0.274422173018, -0.891319685152, 0.360890135383, 0.559776815412, -0.157083523028, -0.813618266585,  
2320, 4416851.182251394, 101.78287621404385, 145.06068878995606, 100.72296163367578, 72.16821023664343, -0.108717821969, -0.12423118546, 0.986279396391, 0.458317315642, -0.886681467672, -0.0611654565106, 0.882114319898, 0.445379150215, 0.153335381385,  
2331, 839340.6526489448, 58.51715674837761, 119.94090336304511, 76.88895036893764, 21.727932387226186, 0.435274680631, 0.637530786088, 0.635681090792, 0.741537977863, -0.654285691528, 0.148430661416, -0.510546158332, -0.406773561888, 0.757547285363,  
2332, 2203695.056719952, 80.72739951708554, 123.26211623588999, 78.33840099440779, 54.4826929762506, 0.649211361218, -0.611123688293, 0.452827170201, -0.38652412182, 0.247669798499, 0.888402371768, -0.655075348121, -0.751789537383, -0.0754239999243,  
2338, 1551936.9293087942, 71.82271522731439, 143.64760522330877, 85.64992348729363, 30.11342050805077, -0.954292747848, 0.073316219952, -0.289741407632, -0.107958584081, 0.819429507243, 0.562921155032, 0.278693910102, 0.568471647975, -0.774060520838,  
2346, 919532.0771785795, 60.32436488246964, 120.6993802783727, 54.64126141107141, 33.285303226993854, -0.927563279517, -0.159084233081, -0.338110291587, -0.373665557683, 0.393342138314, 0.840033340546, 0.000643034664117, -0.905524250924, 0.424294022459,  
2367, 2093933.6376336403, 79.3642228845329, 116.45871203814693, 101.19817219876094, 42.41599439645685, 0.972227128843, -0.00998624615861, 0.233826185079, -0.193808860488, 0.525711163217, 0.82829095037, 0.13119655307, 0.850604519008, -0.509175231827,  
2380, 3308438.79404612, 92.43678493524949, 125.92931270353924, 110.49855160836161, 56.76113575453596, -0.881265763754, 0.271066391941, -0.387161032123, -0.446224242457, -0.207273105664, 0.870587034772, -0.155738816866, -0.93997918638, -0.303619087168,  
2391, 395047.00213994615, 45.51837195788322, 126.21173679281551, 73.66732310703301, 10.14344617799513, 0.319199486934, -0.00424054352066, 0.947678059961, -0.720173831593, 0.648915928946, 0.245474580044, 0.616004334262, 0.760848299565, -0.204079703108,  
2464, 1397026.5934099185, 69.34875808111703, 136.183205273205, 97.89339680163033, 25.01722381297388, -0.894394658612, -0.425538110736, -0.137751627787, -0.433327908095, 0.748062455027, 0.502622609365, 0.110838254736, -0.509234601819, 0.853460603424,  
2471, 1830364.147187978, 75.883897778871, 107.10612365420758, 87.53856935727481, 46.60528247603714, -0.986914111276, 0.000626122696267, 0.161245604386, 0.13118097551, -0.578384863194, 0.805147503066, 0.0937661379587, 0.815763788115, 0.570734047848,  
2485, 1231872.228534364, 66.50061858156457, 114.97696097369924, 69.60587901522032, 36.74686616036186, 0.754970378281, 0.655702499399, 0.00860001165256, 0.472183645198, -0.552675211544, 0.686726084951, -0.455041023565, 0.51439706728, 0.726865409857,  
2494, 1843265.1967612877, 76.06176599586573, 106.9252766200442, 76.09424736956905, 54.0837760083869, -0.920085170506, -0.387365890347, 0.0582318298816, -0.337892728224, 0.709632582635, -0.618263780174, -0.198171095846, 0.588531447468, 0.783810533301,  
2514, 125591.34184313547, 31.066359511002982, 98.25660736583511, 27.273918580456552, 11.188240336608477, 0.157857705646, 0.810068158103, 0.564686217288, 0.615889816534, -0.52776469321, 0.584930904031, 0.771855348273, 0.255448640293, -0.582224452866,  
2523, 1398294.8622356611, 69.36973746362881, 114.71604799072524, 81.26638992083892, 35.8075830628569, 0.324897992182, -0.698635288793, -0.637455902733, 0.166115688991, -0.621387947068, 0.765690927927, 0.931046117304, 0.3546628716, 0.0858334140172,  
2542, 472840.11844744766, 48.32908461421206, 107.34128379853895, 93.91995414179836, 11.196983833626918, -0.720016394102, 0.665615284138, -0.196297442025, 0.693847863383, 0.685483967058, -0.220651021717, 0.0123099432326, 0.295072913749, 0.955395436911,  
2544, 1561659.7706697686, 71.97239218637343, 139.6475604683462, 89.23822266075744, 29.916690476534175, -0.361435253904, 0.928035916429, -0.090077161663, -0.166790638321, 0.0306974320381, 0.985514358411, 0.917357858311, 0.37122365965, 0.143692568743,  
2546, 920867.2287885384, 60.35354755923739, 108.44191333629958, 73.46058099343466, 27.596682568366553, 0.560274868443, -0.646791637259, -0.517448209739, -0.636196898217, 0.0640136336378, -0.768866543301, -0.530420190501, -0.759975547422, 0.375621603252,  
2565, 1085821.7901877153, 63.7612243489251, 106.04332165121967, 71.76978521799535, 34.06002591304892, 0.177795291268, 0.860928200031, 0.476646062392, -0.265578681328, -0.424411725637, 0.865645800062, 0.94755305837, -0.280494779867, 0.153185769705,  
2585, 1754668.561274299, 74.8230651391773, 103.1308200688971, 91.61245224183695, 44.336714374462, 0.0295897010329, -0.434919989807, 0.899982806535, -0.353756339153, -0.846660275897, -0.397520854455, 0.934869457252, -0.306612099703, -0.178908127859,  
2586, 2190314.337371908, 80.5636768693537, 98.75847078716082, 87.02764460689998, 60.83958606660281, -0.508962418073, -0.201833094402, -0.836791885114, -0.0461103320067, -0.964333818418, 0.260641754018, 0.859552845537, -0.171241609019, -0.481503081059,  
2604, 948056.2923060822, 60.94178517346021, 131.44874329914342, 59.90356085998091, 28.743287459391446, -0.421925567337, 0.491402635945, 0.761906992364, 0.848431423054, -0.0822335081665, 0.52287835154, -0.319598085104, -0.867041578888, 0.38222501812,  
2613, 1803871.5306225175, 75.51600357808513, 114.491528090123, 73.63487634619385, 51.0810812374087, -0.0378016944341, -0.79029928089, 0.611553823079, -0.00997086697169, 0.612259073999, 0.790594338531, -0.999235514636, 0.0237880837905, -0.0310243994274,  
2615, 636923.071829419, 53.37437352271054, 108.10891218488086, 48.5817837816994, 28.95098987835116, -0.529805765583, 0.601497480054, 0.59791858329, 0.835830952295, 0.25072798317, 0.48838724148, -0.143848774553, -0.758509235239, 0.635587342634,  
