# Void_ID, Void_Volume, r = (a*b*c)**(1/3.0), a, b, c, vector_a, vector_b, vector_c 

22, 3316170.6251999587, 92.50873725912396, 146.8226373737868, 98.04893060379962, 54.99362860420535, -0.0393210463229, -0.728078237007, 0.6843653528, 0.204026766828, -0.676316013473, -0.70779215052, 0.978175308283, 0.111797722323, 0.175140901989,  
32, 3412471.779175098, 93.39568671937822, 126.25722838545538, 93.50476736318471, 69.00657199804364, -0.879170513308, 0.293828362538, 0.375132112591, 0.452213031677, 0.762647134344, 0.462463752589, 0.150208463512, -0.576224124664, 0.80336988719,  
34, 2802827.5353125837, 87.46532657504711, 96.97100884762104, 91.04823941280125, 75.78692738798426, -0.0669814924458, -0.229361786738, 0.971033805001, 0.977954265483, -0.208013553342, 0.0183252899063, 0.197785070958, 0.950854106796, 0.238238395931,  
56, 734598.60927371, 55.97410577732434, 137.99773561798952, 73.55459271593233, 17.27745367733386, 0.590173749581, 0.0149794995468, 0.807137262118, 0.750545365257, 0.358008292537, -0.555438310856, 0.297282020979, -0.933598241787, -0.200044302429,  
60, 3871269.1953105824, 97.40657077490282, 136.62384824273317, 99.9024498751273, 67.71144940618102, 0.763999133095, 0.397024544586, 0.508602826994, -0.298711941687, -0.481055102048, 0.824231256801, 0.571906024206, -0.781637703665, -0.248929708325,  
62, 1225740.375725799, 66.39009562922273, 102.54739541221721, 66.92758090803336, 42.636360011017295, 0.443516676392, -0.738589632899, 0.507718733096, -0.676255170455, -0.647537743945, -0.351246088376, -0.588193762459, 0.187563920681, 0.786668846125,  
78, 1012523.6885318425, 62.29294467716862, 96.5900489304422, 73.90442764269761, 33.86208840903241, -0.462546029727, 0.858235630121, 0.222447237731, -0.711319822355, -0.209466351851, -0.670930665395, -0.529221391016, -0.468567445126, 0.707367845367,  
130, 1035752.3894051989, 62.765709850172165, 98.58692233111174, 68.57656029123575, 36.57398881697097, 0.0240260366511, -0.936044810234, -0.35105962855, 0.0386335553116, -0.350029335688, 0.935941724982, 0.998964562918, 0.0360496517649, -0.0277529213021,  
137, 1654373.8664171724, 73.3694084024983, 128.30212738475024, 73.48563296358097, 41.88984515206952, -0.797742381149, -0.347315240443, -0.492929221161, -0.570412025165, 0.699744369733, 0.430102242001, -0.195543383588, -0.624283541977, 0.756328529378,  
155, 1502071.2230338454, 71.0450742043669, 136.0867423866254, 54.692029848002385, 48.17947422468286, -0.650553148312, 0.75630449201, -0.0691673086607, 0.0933125132056, 0.16998338591, 0.981019073919, 0.753706425673, 0.63175087169, -0.181155899763,  
159, 1708556.298604986, 74.16179419897563, 114.2224475706469, 73.57872235964024, 48.53298241578894, 0.488367496484, -0.219332745977, -0.844624375045, -0.40814371066, -0.912917057854, 0.00107560590791, -0.771307915055, 0.34420283558, -0.535358298854,  
160, 1005844.5551239102, 62.15567015677231, 130.6425737294584, 55.56098396080767, 33.081683631965156, 0.705077572114, 0.63891777356, -0.307651907083, 0.597961247029, -0.768889756471, -0.226386592901, 0.381192817815, 0.0243438087289, 0.924174991343,  
164, 1730502.3717608375, 74.47797554723121, 119.09255674267544, 67.294400430813, 51.54897598130617, 0.0093511120177, 0.932657861848, 0.360640914812, 0.596212833523, -0.294737989108, 0.746766211688, 0.802771956316, 0.208035647208, -0.558818714472,  
185, 1721810.318808221, 74.35306896376873, 117.13299971765933, 79.12308093366906, 44.35210550807146, -0.471420808269, -0.808522702458, -0.352212238773, -0.865685347315, 0.500493132744, 0.00977259024961, -0.168378445696, -0.309511976645, 0.935869133661,  
188, 2411825.940006439, 83.1928081774303, 133.36326511872645, 74.98594745150356, 57.57596817418305, 0.103492258694, -0.9424306658, -0.317983950146, -0.759948469546, 0.131333160039, -0.636576723348, -0.641691262232, -0.307532179184, 0.702606776754,  
189, 835753.0668733012, 58.433664569529704, 99.40689518438174, 80.0148721807631, 25.084309135495868, -0.410593968993, -0.910773734615, 0.0436325218271, -0.909801804259, 0.406035934664, -0.0859970739573, -0.0606075044323, 0.0750068270006, 0.995339492992,  
200, 2052787.4408709067, 78.84093950566334, 125.1942424875757, 90.24399827142871, 43.376318327981515, 0.359549606651, -0.743777928061, 0.563487776341, -0.740224936908, 0.140330613891, 0.657551793842, -0.568147096391, -0.653530192519, -0.500107152847,  
247, 507734.8649086038, 49.489848654028094, 111.4624008658461, 83.51616836679472, 13.021152417956129, -0.0105413594386, 0.101219056565, 0.994808314365, -0.213052753083, -0.972246997856, 0.0966659172761, 0.976983830032, -0.210927659986, 0.0318138037332,  
269, 2605011.6515077874, 85.35723798360807, 108.86892813365947, 97.21457863151342, 58.76053152736165, -0.911785767015, -0.113376065025, -0.394705691558, -0.410466146425, 0.281597400553, 0.867306431799, -0.0128163063183, -0.952810984341, 0.303293538361,  
284, 1220372.4960779045, 66.29303985731458, 119.63208263962805, 70.33057786351968, 34.626767657214785, -0.014616080003, 0.679914257776, 0.733145942005, 0.905531767269, -0.301939025198, 0.298068857026, 0.424026636747, 0.668243538791, -0.611270794487,  
287, 1217895.2065710807, 66.24815238729663, 131.32483910991462, 71.43582282311174, 30.992626535614093, -0.504571162571, -0.725067314524, 0.468706018, -0.863365387022, 0.421946733396, -0.276696878676, -0.00285488954069, 0.544277818384, 0.838900176434,  
297, 1880459.3112731993, 76.56996416006577, 106.86547922722559, 90.65497600223014, 46.338956155558066, -0.759337356418, -0.623147411709, 0.187334146459, -0.649055419312, 0.745791292845, -0.150074682004, 0.0461935256282, 0.235547555279, 0.970764393348,  
324, 1043595.1114804917, 62.92373242186098, 104.16174957584201, 60.0488659281331, 39.83183836597297, 0.738561455459, -0.536533414098, -0.408238743955, 0.277748125642, -0.309609606699, 0.909394232521, -0.61431502929, -0.785031073905, -0.0796445716381,  
329, 407308.7036430087, 45.98452383030552, 146.1552812261646, 68.69237946891327, 9.685276147439719, 0.119056854176, -0.716312519221, -0.687547700368, -0.92385045021, -0.333623269434, 0.187605596236, 0.363766148948, -0.612855520412, 0.701485780312,  
370, 549474.6959026796, 50.81044860913949, 94.82979131385649, 79.11402161228604, 17.484806545899875, 0.927084830704, 0.374843708203, -0.00243127530028, 0.307009065609, -0.755558914891, 0.57868485358, -0.215079404669, 0.53723637307, 0.815547625303,  
389, 77309.48583561832, 26.427011794548005, 119.06235124486152, 55.082226105395634, 2.814221244761132, -0.833946352398, 0.0192121423792, 0.551510992554, 0.12447874197, 0.980185810616, 0.154080561608, -0.537623031612, 0.197146316864, -0.819813884749,  
412, 1580968.5053243146, 72.26780594203495, 102.04000233630731, 82.04514760752815, 45.08283811380285, -0.311284011647, -0.188792728848, 0.931375096095, 0.908329600395, 0.228992975329, 0.34999936328, -0.279355689291, 0.95494477473, 0.100204171953,  
418, 1935714.8724378385, 77.31271520169827, 108.79970406853838, 90.9204239356194, 46.715780736909764, -0.541357973319, 0.25125137924, 0.802374157831, -0.786065184008, 0.187426226875, -0.58904408661, -0.298384100138, -0.949602102941, 0.0960352793265,  
439, 2419991.187374086, 83.28658563536962, 102.00934438948659, 94.44890006795032, 59.96368501706048, -0.0967153661867, -0.862151080734, 0.497334547295, -0.603134493342, -0.34671862125, -0.718341827141, 0.791754331143, -0.369434313063, -0.486460036845,  
447, 1134398.4890659256, 64.6982216374054, 121.15031867443395, 53.60889158869057, 41.698039974711016, -0.58141908115, 0.784209414872, 0.216719739988, 0.722703154671, 0.620147643205, -0.30515086573, 0.373700417851, 0.0207964961955, 0.927316290941,  
475, 379791.697014852, 44.92474481690648, 86.77966455399677, 47.13515473833093, 22.166338064996904, 0.698013558436, 0.309880306795, 0.64556275272, 0.541940595524, 0.360659911792, -0.759094736479, 0.468057115278, -0.879715080857, -0.0838087904096,  
514, 1881380.8687810241, 76.58247034246692, 108.1694331320272, 81.04686495070798, 51.23271134316323, 0.747503821078, -0.391040533349, -0.53695934553, 0.165956458369, -0.672785144096, 0.720984468493, -0.643192421752, -0.628050516409, -0.438013763983,  
542, 1142470.3539832532, 64.85131349496761, 107.31969042492578, 62.75049581540007, 40.50044146253977, -0.973618970762, 0.198691849686, -0.112194690783, 0.222050368829, 0.711820858381, -0.66633677617, 0.0525331654724, 0.673670998664, 0.737161890011,  
551, 2773843.817298761, 87.16279170390526, 115.33098352018406, 104.99063199582045, 54.68860548288004, -0.891917158352, -0.427422949608, 0.147625894698, 0.0847624982441, 0.162650306907, 0.983036213247, 0.444183634918, -0.889300005516, 0.108841162526,  
564, 606338.0788763505, 52.50597708602064, 117.83525658089958, 58.348869545019994, 21.053220345789516, 0.612269084888, 0.781598707036, 0.119289684587, 0.728444575804, -0.616300684876, 0.299235635918, -0.307400500442, 0.0963168052831, 0.946693194941,  
572, 1135190.7380131138, 64.71327959416149, 122.52568808699623, 96.09997504442424, 23.015997661064322, -0.840957849797, -0.329062661522, 0.429543548033, 0.125446059192, 0.653640883681, 0.7463356359, 0.526358415053, -0.681521356945, 0.508404817965,  
581, 1191851.3346955995, 65.77252165639985, 135.3541658148707, 88.8755658405546, 23.6526318685632, 0.247576824326, 0.324634621048, -0.912862573925, 0.38464795601, -0.897694373724, -0.214920360417, -0.889242186355, -0.297921422864, -0.347118365698,  
589, 705355.5872515443, 55.22128398872994, 134.73046940028962, 51.177369694236276, 24.42169018597038, 0.86206588905, -0.146821587686, 0.485062701437, 0.269103576246, 0.943651279597, -0.192627951673, -0.429448097198, 0.296590094075, 0.852999793616,  
611, 1845187.2321066011, 76.08819420936634, 117.13380151113584, 75.17881032730658, 50.02350800787957, 0.791918323618, -0.461478219002, -0.399879009333, 0.344362198693, -0.203278527399, 0.916565609441, -0.504261881199, -0.863548315779, -0.00206433650111,  
645, 860793.4247446526, 59.0115167399879, 122.50913298125705, 104.30257956038338, 16.082250260623514, -0.184568665047, 0.959761879666, 0.211640124323, 0.937659964904, 0.107431366117, 0.330533344445, 0.294496516275, 0.259452569683, -0.919758754232,  
654, 1734873.2357448125, 74.54062776033713, 163.88321959726437, 79.54644368567622, 31.77048774316661, 0.70964733868, -0.689156533221, -0.146505724883, -0.314942990873, -0.496293155863, 0.809014224809, -0.63024722705, -0.527973840415, -0.569238137015,  
666, 1760704.0204943703, 74.9087555428666, 126.53542082546777, 90.67177734474986, 36.63646006029574, -0.0902117960959, -0.97855501947, 0.18518073797, -0.226112398908, -0.16095890651, -0.960710889641, 0.969914952408, -0.128539115777, -0.206743030862,  
671, 262374.11908854614, 39.714045409935586, 107.1778468172985, 59.23101067776667, 9.86684289173332, -0.47669920005, 0.254342409385, 0.841467653247, 0.854944124813, -0.0885651098705, 0.511103477547, -0.204519965086, -0.963050445253, 0.175229631567,  
694, 1217388.8910510472, 66.23897066765907, 116.75255665284408, 61.836368208462105, 40.25597511899068, -0.799466213616, 0.288047822681, -0.527145354845, 0.555345259849, 0.0198585653442, -0.831382751653, 0.229009640953, 0.957410094594, 0.175842244979,  
727, 695882.4576498038, 54.97295633766245, 125.06578745485864, 52.05070322267225, 25.520087319473102, 0.621276468484, -0.777208987083, -0.0998085172013, -0.299909899448, -0.353523656934, 0.886044624272, -0.723926516935, -0.520545112729, -0.452728598272,  
754, 1729282.957628199, 74.46047757707537, 110.65652322697477, 75.96983190761591, 49.108793651542925, 0.510976947639, -0.844960896953, 0.15793556155, -0.738175988224, -0.337187077083, 0.584295375181, 0.440452913931, 0.415145706552, 0.79602466855,  
756, 809948.9599232743, 57.825981675778294, 137.5545974993956, 84.23743610752919, 16.687404463540044, -0.884006793617, 0.22039326853, 0.412260592375, 0.434707621157, 0.0632041794696, 0.89835099811, -0.171933920292, -0.97336120679, 0.151679557518,  
767, 1515684.2727090786, 71.25905275366843, 108.45589753183927, 61.74541600244487, 54.03339319012023, 0.938127994529, -0.334754653322, -0.0886294982496, 0.183448315135, 0.263348691727, 0.947097768047, -0.293704922592, -0.904757861886, 0.308464957167,  
774, 383575.1198206049, 45.07342983405304, 107.6321153967291, 73.34245902649901, 11.6001732953389, -0.503761011623, 0.430054396131, -0.749184930132, 0.102888574014, 0.89096683165, 0.442257895618, 0.857693875754, 0.145709715761, -0.493082036001,  
776, 1376615.4881974838, 69.00936227546117, 121.59800740750613, 100.42280949647837, 26.913192422370766, 0.389302415816, 0.691687950253, 0.608285630699, 0.341831693152, 0.504735758615, -0.792712373772, -0.85533310622, 0.516536149219, -0.0399460129904,  
780, 702310.5903411818, 55.141706544289995, 138.3813572462431, 49.81508243035391, 24.322161555234107, -0.972315632864, 0.230212046971, 0.0400590004639, 0.0649162439322, 0.101435317221, 0.992721893429, 0.22447314174, 0.967839495913, -0.113571646056,  
789, 856551.7109461676, 58.914427149557206, 94.36759112647576, 69.39475179421632, 31.225937181552283, 0.837098273873, 0.546897681919, 0.0130155826113, 0.339092286741, -0.537401354325, 0.77215037748, 0.42928184326, -0.641952264488, -0.635306531657,  
794, 1684294.7086123473, 73.8090855967002, 130.45905109774108, 77.44780888864886, 39.79661413351501, 0.735568835143, -0.386638888173, -0.556281276801, 0.274214342374, -0.580936218644, 0.766367799627, -0.619471535426, -0.716256574155, -0.321296649183,  
801, 822852.7200559082, 58.13145143177964, 122.9170333525905, 56.173213225105265, 28.45064802267376, -0.445843308747, 0.892838642633, 0.0637408994835, 0.151547977155, 0.00511045056266, 0.988436691911, 0.882188729619, 0.450347689587, -0.137586350405,  
826, 3013582.1075402, 89.60484091594144, 118.23991918504002, 83.42397214489367, 72.93557828165552, -0.49465291962, -0.548401760224, 0.67422103089, -0.0326948262878, 0.786970625239, 0.616123594212, -0.868475409811, 0.282723795239, -0.407207217716,  
829, 555536.0040015486, 50.996597447424165, 83.31303263798229, 41.10336435678272, 38.72873280084567, -0.290862509295, 0.0775625294296, -0.953615779397, 0.171015771509, 0.984871962753, 0.027943208094, 0.941356790267, -0.154955706613, -0.299726746231,  
832, 813801.4921421611, 57.91752002610623, 119.87455169938983, 74.87853157260338, 21.644400309141616, 0.363495274323, -0.129170995293, -0.922597441748, 0.451804363414, -0.841635299187, 0.295842593896, -0.814704856218, -0.524370934681, -0.247570434658,  
841, 376833.39662114397, 44.80779697473515, 121.77216851590934, 56.0885588267493, 13.171597604995833, -0.702743935619, 0.127081134012, -0.700000961663, -0.104487024453, 0.954812318748, 0.278237124929, 0.703728230691, 0.268670469806, -0.657710237097,  
856, 1218252.8175556504, 66.25463590860623, 87.67457487777507, 63.23280980887985, 52.460529040236715, 0.263033921067, 0.780318131191, 0.567377097267, -0.491435905967, -0.397710037983, 0.774801572026, 0.830243281632, -0.482628573359, 0.278865117006,  
868, 585826.3708673466, 51.90710041240557, 102.94122588726968, 57.69571048280672, 23.54764319867707, -0.700777600017, 0.0968760971794, -0.706771375417, 0.703585101166, -0.0697529433254, -0.707179278765, 0.117808152226, 0.992849207429, 0.0192792784169,  
869, 1634492.0072467695, 73.07431124242902, 114.2173157145299, 78.9984209740911, 43.24578968245163, -0.352628746152, -0.924880051497, -0.142301994819, 0.0841571306902, -0.182798815593, 0.979541816551, -0.931971321845, 0.333438874998, 0.142295368507,  
870, 1818996.4508261539, 75.72647607863983, 115.33671488062093, 92.87539449506258, 40.53918315363475, 0.191677289239, -0.50434272632, 0.841960943986, 0.595414199905, -0.622214934607, -0.508262241076, 0.780219038053, 0.598737830407, 0.18102834888,  
881, 2537905.62142624, 84.61790839401633, 107.25512541000053, 95.51821920134338, 59.14017241315643, 0.368699522834, 0.127206091803, 0.920803601247, 0.584353230199, 0.738660043035, -0.336024765723, -0.722905224921, 0.661966729551, 0.198010314758,  
886, 1933013.8737747916, 77.27673904545185, 119.73337913572065, 80.41148064168769, 47.93062183259776, -0.530145662933, -0.210302139784, -0.821412555343, -0.846212260141, 0.192438552859, 0.496882495326, -0.0535759914624, -0.958509474849, 0.279980713199,  
894, 1106538.2646692789, 64.16417418468197, 114.01456776307387, 63.737607253473584, 36.351448960527364, -0.0274268414826, 0.643077771289, 0.765309576864, -0.951724494414, -0.250949771285, 0.176761701238, -0.305725784157, 0.723515854952, -0.618915626346,  
898, 2318638.4248485407, 82.10724366975948, 132.94112077667756, 73.67210276652733, 56.51737961197843, 0.0722084090669, -0.977948942308, -0.195963802521, 0.37657062573, -0.155203455499, 0.913294285123, -0.923569439456, -0.139741739074, 0.357059850533,  
909, 2523261.272090686, 84.45483885110357, 122.74304395838243, 111.40540955593492, 44.05248823146298, -0.499059215388, 0.476490581972, -0.723807035631, 0.338483736016, 0.876090045334, 0.343358403012, -0.797727183935, 0.0736407343711, 0.598505122996,  
915, 2408390.004133373, 83.15328335144048, 110.81399460819603, 95.89892907152952, 54.10405785975979, 0.20318588474, -0.715960527523, 0.667919171211, -0.956809642191, -0.290037993876, -0.0198310544025, 0.207920188661, -0.635042112885, -0.743969562556,  
918, 1279661.1176488448, 67.34966733976812, 125.7387429186573, 73.9843132111877, 32.83958075349379, 0.547194723816, 0.833416938781, -0.077421834014, 0.682613816832, -0.390818978969, 0.617494050779, -0.484372079397, 0.390738700196, 0.782756000852,  
922, 2036081.327512199, 78.62648071250318, 114.40566121493087, 92.66009143796276, 45.85284338129167, 0.403609013061, -0.912831360377, 0.0619570180765, -0.732990277509, -0.282078713602, 0.618996649756, -0.547562797908, -0.29524651877, -0.782946023364,  
923, 1556392.2624699369, 71.89137961502274, 122.56651121341682, 59.60149859241833, 50.8629388322402, -0.51217112104, 0.0133795567588, -0.858779209246, -0.20865181942, 0.967986907913, 0.139519763341, 0.83315374393, 0.250643838087, -0.492983270917,  
927, 1448043.2008457088, 70.18284509766151, 114.21890190044114, 95.52478249682278, 31.683917327684004, -0.128987465545, 0.955626803034, 0.264838907746, 0.930051891604, 0.0239238219503, 0.366648509702, 0.344043184289, 0.293606989132, -0.891868388989,  
937, 3353335.695731566, 92.85304295366745, 133.8130266520635, 87.66975070163694, 68.24019468148214, 0.0254888279432, 0.090272293179, 0.995590896269, -0.732420513797, -0.676129442811, 0.0800572765835, 0.680375271905, -0.731231761926, 0.0488835323167,  
938, 2122489.332403302, 79.72336762626449, 123.2419395825782, 73.38732879988227, 56.024411336368146, -0.344092706122, 0.258607772915, -0.902619648236, -0.00747914091728, 0.960536719566, 0.278052643966, 0.938905890941, 0.102426706251, -0.328579515189,  
957, 1762618.0069749008, 74.93588908774689, 138.8528727280156, 67.07404267354514, 45.181457968240366, -0.585787168755, 0.734606897675, 0.342353762664, 0.781506922367, 0.400080000625, 0.478730533173, -0.214709858216, -0.547986039044, 0.808462106593,  
978, 2278477.539952694, 81.63042310471806, 99.08326350837422, 83.07612861357352, 66.08145396902725, -0.653072410498, -0.34606151329, -0.673600664834, -0.742793484933, 0.119481403627, 0.658773127054, 0.147493272345, -0.930572739342, 0.335082245735,  
980, 651679.6455670189, 53.783432495827554, 111.42560351547664, 60.46460340718358, 23.09188274333055, 0.57793820601, 0.656139451029, 0.485250915339, -0.358443525366, -0.33009025267, 0.873246050215, 0.733147781253, -0.678617304448, 0.044417169509,  
981, 1311678.012370134, 67.90673915977735, 114.71021563999749, 81.46489337835861, 33.50935277406525, -0.0672541118732, -0.0722602849624, 0.995115739828, 0.291683770158, -0.955225320732, -0.0496504265706, 0.954147505715, 0.286919915393, 0.0853199829352,  
991, 3291992.926593558, 92.28336624796263, 117.23667545796566, 88.73340738335408, 75.54741884485135, -0.978194563296, 0.139005960566, -0.154313768876, 0.132323845248, 0.98979867086, 0.0528108998549, 0.160080593192, 0.0312399438484, -0.986609481807,  
1000, 2417170.1089657173, 83.25420957428443, 116.70720177455146, 77.14245691937167, 64.0954915908624, 0.132117458369, -0.130451428086, -0.982612539155, 0.541589500235, 0.839753393075, -0.0386659029902, 0.830196236097, -0.527064193177, 0.181597207692,  
1002, 387929.5687731424, 45.24335039189713, 107.07434595694681, 37.60347261125379, 23.001221012506488, -0.0221995459371, 0.197134833515, -0.980125011198, -0.205778422289, -0.960275940199, -0.188481722179, -0.978346779562, 0.197504369801, 0.0618837848657,  
1006, 282513.3636940075, 40.70522211669629, 140.16818237649943, 45.51758155659954, 10.571138576187066, 0.958272096503, 0.202151677189, -0.202112069092, 0.189849643854, 0.0785205380479, 0.978668298165, -0.213709386296, 0.9762014262, -0.0368656166949,  
1013, 2290886.9179951428, 81.77835072864491, 119.80050837732003, 93.63110928416363, 48.75691439109432, -0.680513114333, 0.439537663963, -0.586266614416, 0.605706526369, 0.787690968621, -0.112527960379, -0.412336640544, 0.431682267311, 0.802264865836,  
1018, 1799062.3014729565, 75.44883379242754, 107.39828936139577, 88.30649006566996, 45.286380039439166, -0.736086246135, 0.456495851037, -0.499788531518, -0.601018656111, -0.101125647026, 0.792811565582, -0.311373751716, -0.883959920754, -0.348799720818,  
1035, 1167360.3385223234, 65.31888683409336, 91.5737410491833, 62.97857020972016, 48.32285343397354, -0.982195675366, -0.154082891855, 0.107471474025, -0.18753680662, 0.8377860545, -0.512781116119, 0.0110273049346, 0.523806251703, 0.851766053106,  
1041, 1160650.11020507, 65.1934907749348, 110.81541192361274, 60.02304430018173, 41.65762670631739, 0.311541459212, -0.934752292047, -0.170821754194, 0.618421146543, 0.0629639146666, 0.783320388448, -0.721454922155, -0.34967656193, 0.597686454034,  
1058, 3265566.894952311, 92.03577176955784, 116.25847553789046, 83.7237146269605, 80.09342447626105, -0.578474977407, -0.325543497617, 0.7479225439, -0.760961966433, -0.114849926117, -0.638550217378, -0.293774720078, 0.938525932316, 0.18128841169,  
1061, 1658386.3282830466, 73.42867639843561, 128.0552144085572, 69.48108871806943, 44.497254631931405, -0.905254165706, 0.424867661249, 0.00153814741107, 0.00257579661778, 0.00186790162097, 0.999994938095, 0.424862637501, 0.90525354535, -0.00278529840836,  
1063, 629416.7791608154, 53.16386775040391, 102.69554383881683, 91.2325220679328, 16.037934188211903, 0.608373088929, -0.609648488648, 0.508144570921, -0.750456984967, -0.233548560977, 0.618279373245, -0.258256652154, -0.757485174742, -0.599599626137,  
1064, 141940.04131007564, 32.359770980955936, 118.31066546267701, 55.73777179966557, 5.1385763966064575, -0.357194400091, -0.90364697732, -0.236292828763, 0.271439538339, -0.342491653569, 0.899455415383, -0.893718488994, 0.257141221154, 0.367621619078,  
1071, 2605592.7867587404, 85.363584776942, 116.16112723599875, 108.68037889228809, 49.2726559050634, -0.312109878457, -0.691706788632, 0.651251980673, -0.683938493463, 0.639376936931, 0.351319327223, -0.659405460191, -0.335766066007, -0.672640757009,  
1075, 3185024.601653402, 91.27280426195821, 120.46516864169904, 87.26424304232454, 72.33131540476651, -0.922300951794, -0.296360497902, -0.248055255142, -0.385475103493, 0.751508910341, 0.535390793968, -0.0277470522238, -0.589410564006, 0.807356976889,  
1077, 3344485.372619321, 92.77128322428132, 111.40211888463888, 95.60670379696778, 74.9650603394597, 0.814519157059, 0.578122430747, -0.0483011164463, -0.268369145408, 0.44929953853, 0.852119666755, -0.514331162362, 0.681105263336, -0.521113304071,  
1079, 868558.6898848349, 59.188434526477984, 112.06971243560487, 100.05593824128199, 18.49181049442452, -0.750130444591, 0.380750371684, -0.540678712879, -0.646652309335, -0.25126777109, 0.720211981324, -0.138365844519, -0.889884072042, -0.434696711969,  
1080, 1101553.6314220063, 64.06768216506563, 115.4782016080816, 61.2524149116453, 37.178666586550165, 0.454761114829, 0.129045782431, 0.881214794744, -0.477974916289, 0.870244404854, 0.119225228954, -0.751486731645, -0.475417565785, 0.45743396278,  
1081, 4293719.885977001, 100.82812699785482, 128.79141735120592, 101.34257662510886, 78.5355400576487, 0.123926590274, -0.654258390672, 0.74604836201, -0.93411909539, -0.330561632368, -0.134723876262, 0.334759190839, -0.680202150424, -0.652120632021,  
1082, 418225.69016510557, 46.391743984891534, 99.75593489520195, 82.66604111675234, 12.107548415538858, -0.689592688373, 0.707654241514, -0.153907110329, -0.271230659383, -0.0553175894131, 0.960923458821, -0.671487791068, -0.704390118307, -0.230084131739,  
1090, 2361589.042591337, 82.61113175178191, 143.77634582286018, 87.72081910599294, 44.70186019429102, 0.171954876821, -0.862723343903, 0.475541746035, -0.917193294173, -0.316341577709, -0.242248771588, -0.359427296488, 0.394507842884, 0.845680542783,  
1091, 580600.7296156966, 51.752300036604545, 106.28744028123593, 56.25453954319876, 23.181922289261312, 0.790302525088, 0.351705354574, 0.501722296099, 0.328505217827, -0.934428748881, 0.137576288382, 0.517210054716, 0.0560915040682, -0.854018443871,  
1100, 1694426.2539869999, 73.95678454583779, 119.9534587803762, 79.73272731173886, 42.29457524977866, -0.900903007544, -0.231610291231, -0.367056458863, -0.390025108575, 0.803039190243, 0.45056461647, -0.19040531946, -0.549076253292, 0.813794250651,  
1105, 2378566.5946562844, 82.80862408515237, 114.33815450132475, 84.93413572597638, 58.47271453280125, 0.876111189429, 0.348014940759, 0.333638703939, -0.210767581265, -0.345919100819, 0.914284967817, 0.433596829377, -0.871335513277, -0.229713327557,  
1106, 2241644.339662343, 81.18816014200532, 107.32842033520711, 88.54121522037904, 56.31419538082407, -0.335276716118, -0.331187252406, 0.881988961084, -0.891323042192, 0.414757426579, -0.183083345923, -0.305176601472, -0.84752066697, -0.434253337318,  
1112, 2948431.3139717225, 88.95440693737606, 126.96414120947719, 98.7150134770606, 56.1614247904636, -0.359774340561, -0.590141124695, 0.722700405989, -0.161679088557, 0.802279578135, 0.574636712046, 0.918924532373, -0.0898940011986, 0.38405308533,  
1115, 2005824.9144700626, 78.23506913915226, 102.91085463565936, 92.90504800600159, 50.08456604030207, -0.0302474568249, -0.958859959363, 0.282263475649, -0.402715669932, -0.246767522678, -0.881433990122, 0.914825218578, -0.140333061253, -0.378683840918,  
1122, 845270.7300899313, 58.654644522252795, 136.192101503324, 72.16743180222936, 20.531186568491616, 0.784945665142, -0.41292835676, 0.461898771331, -0.542613494103, -0.098328720197, 0.834207443506, 0.299049993798, 0.905440022844, 0.301243201154,  
1126, 1295349.6380090755, 67.62378360882927, 150.2738134539267, 91.80072219116543, 22.41656134525811, -0.265052499401, 0.931282190239, -0.249921297022, -0.127847946137, 0.222960766378, 0.966407470648, 0.955720709847, 0.288100640055, 0.0599662068991,  
1132, 2659321.0064284476, 85.9463395718584, 134.8508497628436, 112.078643723416, 42.0054460207088, -0.211370858681, 0.0832278474756, 0.973855988073, 0.66034984394, -0.722417030736, 0.205065153819, 0.720597282613, 0.686430447392, 0.0977384120208,  
1135, 3173041.4600405465, 91.15819400330295, 102.90567735763616, 100.15612878260065, 73.4971116051258, 0.838081297147, -0.242478037266, 0.488696368736, 0.0978943097271, 0.948096741757, 0.302538051148, 0.536690267748, 0.205710888659, -0.818319367235,  
1139, 1331234.2806439477, 68.24255751370073, 106.21755040621336, 61.05384280011679, 49.00682848219571, -0.670538800526, 0.4299423798, 0.60458851051, 0.733475943902, 0.261923731326, 0.627223244694, -0.111313775899, -0.864028650578, 0.49098241748,  
1144, 2491219.976610082, 84.09583546164787, 120.07872984435477, 105.96987170104019, 46.73852197939362, 0.53180986888, 0.403226885059, -0.74470554082, 0.146412780126, 0.822348543541, 0.549823763356, -0.83411124029, 0.401436112104, -0.378295501851,  
1151, 2226269.8793813805, 81.00212278845666, 124.5042021649577, 102.31705404951028, 41.721235834381076, 0.258283397477, -0.934062593139, 0.246610540502, -0.708744467044, -0.00974060620985, 0.705398044387, -0.656483790373, -0.356976459573, -0.664527531625,  
1154, 1407413.1591516081, 69.52019783730825, 131.12075276482133, 75.08985255761023, 34.125601308724214, -0.385027023702, -0.0589688886792, 0.921019468408, 0.187053589785, -0.982230419466, 0.0153087433747, 0.903750599207, 0.178174277726, 0.38921559731,  
1159, 2907796.3254424473, 88.54386147815634, 115.81884205045151, 95.91881814181107, 62.487382991327244, 0.293142176395, -0.939010628462, -0.17979628487, -0.694141377543, -0.338353768977, 0.635361688333, -0.657446128896, -0.0614472672593, -0.750991891398,  
1161, 2214482.4705882235, 80.85890935777002, 95.36165245233038, 81.6588214572062, 67.89014900161422, -0.718923419746, 0.0723964448792, -0.69130881038, 0.692883066047, -0.00453702675323, -0.721035694105, 0.0553369074517, 0.997365615087, 0.0469004959099,  
1163, 2011551.7061486144, 78.30945420001981, 144.34528510590084, 83.12113697899959, 40.02473943886533, 0.839126185622, -0.506123961375, 0.199263093235, 0.328352280162, 0.763390348925, 0.556255296857, -0.433649656653, -0.401339894468, 0.806767788396,  
1164, 964913.1949743758, 61.30085689320799, 107.33267285236545, 73.8101898036622, 29.077118701824265, -0.795381847272, -0.109229752809, 0.59618502005, -0.0466678870179, 0.991743853707, 0.119441353624, -0.604309378838, 0.0671787893288, -0.793912580145,  
1165, 623852.0089418512, 53.006727100472986, 152.17785288348054, 68.92785311460284, 14.198640543351479, -0.65896097273, 0.687315232711, 0.305562116928, -0.159705165284, -0.524822577802, 0.836095402458, 0.735027003994, 0.50215439131, 0.455605389221,  
1166, 2689046.7979953284, 86.26538873370778, 116.6571376633192, 101.92572715793244, 53.99016023333409, -0.551984888582, -0.371747329199, -0.746402442393, -0.827348866028, 0.132572292395, 0.545819055338, 0.103954493211, -0.918819084762, 0.380742633309,  
1171, 1109944.4677197735, 64.22994456622502, 116.22388188311882, 85.09729198632934, 26.79177731613956, 0.475119096733, -0.647968534921, 0.595313884999, -0.83873015893, -0.538072305937, 0.0837252296809, -0.266070600446, 0.539087164878, 0.799119180249,  
1173, 1005051.4105971839, 62.13932853523698, 125.30337301265952, 50.28734595475412, 38.07835611241189, 0.255418963994, 0.837609602103, -0.482878149534, 0.6705283784, 0.206346764055, 0.712609785734, 0.696529142673, -0.505797555776, -0.508936131531,  
1174, 2128311.177622922, 79.79619302354912, 114.96572975330683, 86.43199142971146, 51.13327350800381, 0.177041348477, -0.595255303964, 0.783790459264, -0.0633510745206, 0.787826640928, 0.612630251621, 0.982162411359, 0.158114853658, -0.101767827756,  
1175, 2251224.760077888, 81.30365738803275, 129.59102769359728, 82.0280170048469, 50.55837428419682, 0.241058250319, -0.556996983885, -0.794761146444, -0.859026429261, -0.503533709547, 0.0923439071163, 0.451624306017, -0.660460569068, 0.599856085175,  
1177, 1881428.5477018822, 76.58311726777563, 126.66878329866621, 67.49356990743716, 52.53722399733614, -0.270197840318, -0.879494514379, -0.391768460018, -0.954954821472, 0.192951267822, 0.225457528579, 0.122696438557, -0.4350393171, 0.892012542817,  
1181, 3976704.3823428247, 98.28296116678105, 132.26577498212495, 104.2693857274248, 68.83834215970317, -0.306152443258, 0.439381708447, 0.844520216318, 0.533703697497, 0.813813711668, -0.229929567433, -0.788308977981, 0.380330063213, -0.483650698595,  
1201, 187712.86258321564, 35.51963337512702, 144.2538962897434, 65.65275642494358, 4.731783946173144, 0.103994937559, 0.378437681927, 0.919766260449, -0.235216290355, -0.889187953632, 0.392451372616, 0.96636346667, -0.257156963766, -0.00345633804297,  
1204, 1345225.8921219446, 68.48080698785593, 125.57122257691557, 70.93880515288313, 36.052270143867226, 0.38821524306, -0.905812645265, -0.169683165736, -0.60303174872, -0.388919558147, 0.696487104924, -0.696879928747, -0.168062574564, -0.697218284284,  
1220, 2375816.363784899, 82.77669579864815, 100.77154105941877, 80.45942444518123, 69.95349834914813, -0.18067725362, -0.907809725336, 0.378466950486, -0.953687206654, 0.0676131955297, -0.293102657196, -0.2404920828, 0.41389607195, 0.877982687605,  
1226, 1824378.398337821, 75.80108766411226, 116.66541184251942, 76.98342025446303, 48.49388645909542, 0.756598288756, -0.270297829399, 0.595397441104, -0.600429400061, -0.647762821373, 0.468922022078, -0.258927721563, 0.712279727824, 0.652391005715,  
1230, 1044637.7651753266, 62.944681103333274, 101.43869280003845, 78.4292690685468, 31.346950730665768, -0.914817954424, -0.142476985784, -0.377900011623, 0.148917969771, -0.988773169817, 0.0122905219205, 0.375408508883, 0.0450325123853, -0.925764832064,  
1232, 3231539.245548733, 91.7149798745504, 118.02020248790149, 85.36102206023796, 76.57814878981017, -0.261814987891, 0.918675355537, 0.295784555453, 0.944205019257, 0.307270471701, -0.118582202844, 0.199824407234, -0.248234663876, 0.947865896593,  
1239, 2568440.0112150745, 84.95591188725675, 120.04679210903936, 73.6862941720142, 69.31760398115736, -0.0846620389337, 0.0983600542295, 0.991543059527, 0.307641892976, 0.949077866279, -0.067879816038, -0.947728233646, 0.299293340172, -0.110610540542,  
1246, 1524597.5717485575, 71.39846442821894, 112.80940746800876, 62.039056375850755, 52.00631867257144, -0.182902752771, 0.881448908602, -0.435424395908, 0.977700960428, 0.116595058825, -0.174660883529, 0.103186312107, 0.457660806472, 0.883119001728,  
1248, 2316817.7587916437, 82.08574699954958, 137.258266937589, 71.0404294465883, 56.72299777476544, -0.0389626346573, -0.951026125628, 0.306645106717, -0.880843637108, -0.112206671816, -0.459917546703, -0.471801229403, 0.288025990447, 0.833333443923,  
1251, 427408.6478801163, 46.728829068609045, 137.25070575175033, 84.30952372934031, 8.81786556862867, 0.580323500049, 0.592876028718, 0.558321278353, 0.385655944769, -0.803894750626, 0.452794348662, 0.717282460092, -0.0474472811301, -0.695165180341,  
1252, 1353738.0655413766, 68.62494518276, 146.15196369300375, 56.60765108143974, 39.06305835570584, -0.165667247498, 0.148981468592, 0.97486352128, 0.985994793398, 0.00577710021063, 0.166676010589, -0.0191997525825, -0.988823112154, 0.147852028635,  
1253, 1841599.1306599015, 76.03884252110674, 104.11299885870861, 71.89765087617306, 58.73362893170957, -0.938269198101, -0.268986665794, 0.217478931209, -0.343459854085, 0.649828122715, -0.67805511543, -0.0410638591265, 0.710893511402, 0.702099832588,  
1257, 1176106.9407107271, 65.481617888364, 131.0672359892641, 89.58630481626771, 23.91235993515591, -0.305402233056, 0.422020221129, 0.853597334229, -0.835118478386, 0.311985113117, -0.453036881777, -0.457500385904, -0.851213382267, 0.257155934692,  
1258, 1001510.7170132628, 62.06627250665851, 116.63942382069659, 61.5054411815554, 33.32791062568214, 0.674876667489, -0.657678090234, -0.334665524524, -0.664300800772, -0.343989521763, -0.663608058277, -0.3213190467, -0.670172170821, 0.669046584092,  
1259, 1199090.1942592622, 65.90541221412516, 104.86488875702683, 54.53341481859975, 50.057648932582964, -0.825924938462, 0.562617519208, -0.0361873335069, 0.554234136359, 0.798504304649, -0.234979568369, 0.103307880241, 0.214131741079, 0.971326453538,  
1262, 3084966.2691641743, 90.30683120870965, 115.01919511232826, 93.55364845664519, 68.443271074257, 0.198588821813, -0.95633096473, -0.214461105449, -0.184286333848, -0.251352263851, 0.950189763476, 0.962601177543, 0.149174814751, 0.226154477374,  
1269, 2015555.1609946575, 78.36137110373889, 108.09279643091322, 84.6941130137585, 52.56009026630888, 0.879762579539, 0.0909812781106, 0.466626414465, -0.305906289891, 0.859670759221, 0.409130208547, -0.363921894709, -0.502681402853, 0.784137909923,  
1271, 2257863.41177229, 81.38349792428328, 129.6739192438248, 72.8246592699078, 57.079210601103455, -0.800450239464, -0.0567675504102, -0.596705001959, -0.590801500835, -0.0932863841728, 0.801405788062, 0.101158295523, -0.994019665675, -0.0411327545688,  
1272, 1866639.3187117227, 76.38192511969444, 90.35020607117414, 86.29540956478652, 57.155095994316724, -0.551016121695, 0.771725075621, -0.317524237327, -0.485365922173, 0.0131383251041, 0.874212391817, -0.678823360842, -0.635820565939, -0.367329624048,  
1275, 826536.7362156848, 58.21807624763019, 118.0390563223997, 68.52084163104219, 24.39636566433668, 0.435212077373, -0.109063370496, -0.89369772794, -0.688176573189, 0.599741351572, -0.408317664728, -0.580519984, -0.792726618975, -0.185959822936,  
1278, 1388838.3220692633, 69.21300320934836, 113.96850131682537, 69.05047431903824, 42.131951795452274, -0.43279343708, 0.888911747569, -0.150085794977, -0.0742730044511, 0.130760057118, 0.988628002978, 0.898428272947, 0.439019034321, 0.00943005163099,  
1280, 3276514.079487934, 92.13850113211576, 109.23064185249281, 99.81734872087856, 71.74190644960862, -0.787917318508, 0.419300418955, -0.450969464441, -0.590006139506, -0.304389106918, 0.747823526599, -0.176292525479, -0.855297860545, -0.487223270387,  
1281, 1527702.7213773455, 71.44690400232963, 124.18928248974505, 94.11972813327144, 31.202217582156862, -0.236311833046, -0.530380459853, 0.814158022357, -0.0189230833574, 0.840242437283, 0.541880580483, 0.971492992501, -0.112646413143, 0.20859566421,  
1286, 2958957.234313296, 89.06013716872164, 122.98725433718953, 115.14581944620677, 49.881763407192004, 0.835676493814, -0.195817914722, 0.513127802756, -0.0103976233223, 0.928473150487, 0.371253953855, 0.549123562704, 0.315583512081, -0.773867146082,  
1288, 2616804.4874429503, 85.48584761354887, 115.24583962002062, 93.34205584139883, 58.073773761914026, -0.541093197042, -0.833248814681, 0.113642267437, 0.657531294741, -0.334942647457, 0.674882226281, -0.52428117318, 0.43989752869, 0.729122359897,  
1294, 3058366.3752371278, 90.04652695564916, 114.1199861036384, 106.42125555630234, 60.11887048128402, -0.55550651839, 0.0252594732215, 0.83112842993, -0.589979169185, 0.692381181969, -0.415370772663, -0.585949731592, -0.72108963234, -0.369719696769,  
1296, 2536887.868176801, 84.60659569782291, 118.64991954813645, 94.523527836408, 54.00143393518218, 0.16234507834, -0.603088566562, 0.78097903712, -0.889674137503, -0.431777036978, -0.148487438514, 0.426759891036, -0.67071064642, -0.606649177187,  
1301, 397702.86400687625, 45.62014938636112, 122.45628321513061, 62.79172021590988, 12.34771664122552, 0.470129517404, -0.589791556129, -0.656600454755, -0.455882115872, -0.799288630419, 0.391547164095, -0.755744489423, 0.115254525299, -0.644644600617,  
1304, 1073005.73648154, 63.50937100136711, 114.05788834326836, 88.7119988983844, 25.316621144876734, 0.558893141754, -0.712297459627, -0.424583072095, -0.610887075936, -0.69990793626, 0.370061969424, -0.560763262486, 0.0525472146687, -0.826307057743,  
1314, 1338259.4291461757, 68.36238947590407, 135.66522252006143, 114.1080699954542, 20.637962138639285, -0.378893745692, -0.610924092242, -0.695134003624, -0.913870661865, 0.128596132284, 0.385101867231, 0.145876464373, -0.781175260924, 0.607029874769,  
1315, 1723119.7267983658, 74.37191227693997, 141.39905587533656, 76.85546087580812, 37.85346190046664, 0.744161913554, 0.5007730023, 0.442096648464, -0.329113971345, -0.301067851014, 0.895009577017, 0.581297720863, -0.811532223176, -0.059231836591,  
1331, 2145842.9799258425, 80.01469917564589, 122.51096060556846, 99.64436528289396, 41.96446010884057, -0.826817358701, 0.509573960783, -0.238133227086, -0.331363427883, -0.0991858385684, 0.938275251773, -0.454501192531, -0.854690907825, -0.250862747471,  
1336, 304660.8216680808, 41.74226394770859, 126.40596517067162, 69.27959767380035, 8.305295205866734, 0.39139639374, -0.912584268213, -0.118316593835, 0.611015591668, 0.161584681467, 0.774951829119, -0.68809069875, -0.375606634825, 0.620846878199,  
1345, 1672794.3610584564, 73.64071256213593, 134.0379223037869, 87.69143895080481, 33.97575080264943, 0.915773134957, 0.156719868328, 0.369862742327, -0.209987601088, -0.598156072181, 0.773378639931, 0.342439443815, -0.785905971592, -0.514866032222,  
