# Void_ID, Void_Volume, r = (a*b*c)**(1/3.0), a, b, c, vector_a, vector_b, vector_c 

1, 425210.5591374586, 46.64858525607035, 77.48434312828425, 53.221845336175356, 24.615663542978613, -0.404233103942, -0.780736847403, -0.476492993426, -0.0519662785617, -0.500507833675, 0.864170940452, -0.913178571567, 0.374088069225, 0.161749846659,  
2, 1505528.045734825, 71.09953279993705, 133.71806094008113, 73.47476503385187, 36.582380680948525, -0.916643913526, 0.0631693692634, 0.394681601525, 0.398621785702, 0.0718336164182, 0.91429787461, -0.0294042132868, -0.995414266695, 0.0910265340538,  
3, 2489651.1483881893, 84.07817883486167, 127.86544283566822, 90.41681753375778, 51.40998587774024, 0.706337021914, -0.16928924311, 0.687334826442, 0.539237532083, 0.757729010067, -0.367518205395, 0.458596658804, -0.630228450223, -0.626499166051,  
4, 2859226.1418127203, 88.04809530155053, 119.00708240522505, 97.55931862312686, 58.79201295645613, -0.38136759597, 0.788480149953, -0.482553426964, -0.541971712417, -0.61358831618, -0.574261300444, -0.748882781004, 0.0425256555358, 0.661336638133,  
5, 736375.1778265553, 56.019192431136645, 131.14782025395237, 48.09433888688919, 27.871188933622815, 0.377954248827, -0.734330527368, 0.563834428152, 0.509646663345, 0.673452219851, 0.535464645069, -0.772923582468, 0.0849751972863, 0.62878323094,  
6, 2540651.432723481, 84.64841400257004, 131.37767595972304, 80.75411350583246, 57.17027054061813, 0.695441499516, 0.530398449827, -0.484807802301, 0.601355157502, -0.798900461586, -0.0114029392467, 0.393361278339, 0.283611595142, 0.874546378304,  
7, 1048578.310052591, 63.02372767908325, 86.1958184230869, 66.50381434991267, 43.669629568765515, -0.177394352418, 0.0298762981564, 0.98368625615, 0.497972867872, -0.859412112089, 0.115904462632, 0.848854679314, 0.510409863152, 0.13757726921,  
8, 1533361.8829532624, 71.53501698668279, 115.95779851157998, 72.06261065739427, 43.80726105053755, -0.335691571417, -0.581104182267, 0.741369744616, -0.934513976707, 0.304291276418, -0.184635983586, 0.118299603628, 0.754801131721, 0.645197997001,  
9, 2886108.9386446998, 88.3231813140821, 138.99140035869357, 78.4050115196782, 63.22551231250934, -0.747567187564, -0.486367289157, -0.452316438034, -0.0687016498627, -0.620731344741, 0.781007478173, -0.660623480799, 0.614930449477, 0.430624150417,  
10, 2499701.963832035, 84.19116918031885, 122.4249226946013, 75.35810072180732, 64.68444249804622, 0.0255335136543, -0.620848174095, 0.78351489099, -0.968181866379, -0.210534740425, -0.135273784187, -0.248941586109, 0.755130894479, 0.606469635603,  
11, 2473428.7943638656, 83.89516534905523, 117.90202939841633, 100.54188926761381, 49.81297508487312, 0.0536053145753, -0.423053431262, 0.904517697199, 0.95079148831, -0.255193055918, -0.175704439238, 0.305159001188, 0.869426419261, 0.388555897505,  
12, 1665476.4695831584, 73.53317145284909, 113.85179842864204, 61.78739745403146, 56.52103344503388, -0.429763335665, 0.0626237147713, 0.90076730939, 0.138344034518, -0.981246591351, 0.134223899047, 0.892280451109, 0.182300294323, 0.413040190851,  
13, 229134.88584077827, 37.96069911251749, 126.2352762358165, 62.421093545967906, 6.942094142493376, 0.477408293299, -0.694612720236, -0.538139842769, -0.483886570206, -0.719039680957, 0.49883436568, -0.733440596547, 0.0222509796506, -0.679389273717,  
15, 2095109.973177127, 79.37908191628648, 130.38256736690698, 78.36280788447208, 48.95405790573049, 0.842002095052, -0.216125437853, 0.494289659048, 0.272418263671, 0.961182324049, -0.0437816120638, -0.46564016316, 0.171517739751, 0.86819404709,  
16, 1793950.24842927, 75.37730313265534, 91.03357169482432, 78.34815265099259, 60.04701760788697, -0.604947729401, -0.225065327339, -0.763795681529, 0.103407855972, -0.973305315104, 0.204898948053, 0.789522045301, -0.0449706795538, -0.612072363339,  
18, 1601869.489107685, 72.58488170534773, 83.27879325114249, 78.57979439385451, 58.43771264976457, 0.130771335159, 0.102796197839, 0.986068861495, -0.789031312729, -0.591418288056, 0.166294906975, 0.600273642128, -0.799785815242, 0.00376885975775,  
19, 2629406.4216542384, 85.62285470517558, 100.86969907527852, 83.71125482065237, 74.3403382403516, 0.920587316639, -0.0131009389701, 0.390316996608, -0.31577295183, 0.563110754846, 0.763671212413, 0.229796508536, 0.826277582399, -0.514255696604,  
20, 2430686.7843764517, 83.40910545030837, 115.34487523090687, 95.31959522661302, 52.778846871586055, -0.778323004858, 0.00204208802613, -0.627860756844, -0.552168527367, 0.47378173956, 0.686032638177, -0.298869900615, -0.880639933875, 0.367627650443,  
23, 1384556.6877128545, 69.14180465847613, 123.40352555198564, 58.33870121582682, 45.91322601114878, -0.344847397492, -0.789075548691, -0.5083699941, -0.891092265565, 0.104982560136, 0.44151244186, 0.295016688837, -0.605258986324, 0.73934208103,  
24, 2539534.2963212407, 84.63600541490156, 116.26572079627472, 89.75493198212477, 58.09723484477342, -0.176211572459, 0.0519082338369, 0.982982714493, 0.97955363587, -0.0892371348242, 0.180309201711, -0.0970780932284, -0.994656859941, 0.0351222833375,  
25, 816405.6413811741, 57.97923256599508, 110.57021765892425, 51.55956221781035, 34.18770926606192, 0.72216174631, -0.691718268809, 0.00287206579638, -0.593701333296, -0.621950931704, -0.510583749639, -0.35496639138, -0.367018902984, 0.859823229416,  
26, 4023802.1402209583, 98.66944135569643, 122.68694097983827, 105.63926874721012, 74.11810099981322, -0.738695007147, -0.589480259602, 0.326868031406, -0.0999039895283, 0.575334178393, 0.811794170988, 0.666594988949, -0.567012880553, 0.483887914702,  
29, 1996824.2018065497, 78.11787258838623, 132.14298368855128, 94.58568608426434, 38.140088411998114, 0.701070072202, -0.30389151186, 0.645097436734, 0.476431789794, 0.872718938319, -0.106650852658, -0.530578461244, 0.382114647348, 0.756620705999,  
30, 1807406.438856356, 75.56529902572487, 100.95129551831144, 86.18449357909485, 49.59366283185562, -0.992410661658, 0.0958492420687, -0.0770324699165, -0.11310739221, -0.465732354382, 0.877667415317, 0.0482472429685, 0.879719442139, 0.473039011783,  
31, 1608951.1927490903, 72.69168794972674, 92.06791887670778, 89.09606178566581, 46.82603943656612, -0.0832638026612, -0.157528942625, 0.98399785132, 0.730679483798, -0.681086617109, -0.0472071175962, 0.677624255118, 0.715056397936, 0.171813028163,  
32, 3491911.8012279375, 94.11486396040253, 129.63742008428252, 89.36849631724883, 71.95480924542719, -0.946179926756, 0.29438041698, -0.134475708969, -0.103242049577, 0.119256148693, 0.987481164478, 0.306732172104, 0.948218403691, -0.0824453364308,  
33, 2789724.004136094, 87.32881022644085, 117.19501676433482, 95.64353958422215, 59.41660654921662, 0.404822593378, -0.0688799247043, 0.911797249318, -0.701727781099, 0.615917432836, 0.358083561704, -0.586256589835, -0.784793776671, 0.201002335742,  
34, 720817.581416299, 55.62187019446895, 94.64275572114556, 67.0834990240916, 27.104018024418075, 0.620751028136, -0.0948069833094, 0.778254326672, -0.206841490187, 0.937687770639, 0.279210033363, -0.756230625541, -0.334295199949, 0.562460629987,  
35, 244529.63496379135, 38.79248760864753, 113.43249497027537, 83.623751678861, 6.154258836562655, -0.51383028773, -0.216776986149, 0.830051910236, -0.857886410415, 0.126389538448, -0.498052799807, -0.00305650706255, 0.968004867161, 0.250912803415,  
36, 2409331.6791728097, 83.1641195211058, 108.45852598962925, 93.38474468084178, 56.78953963927574, 0.654393850855, -0.534009723336, -0.535352503819, 0.123918504233, -0.622685928211, 0.772597203668, 0.745930889742, 0.571922940779, 0.341308156274,  
37, 3201617.6209450183, 91.43103108507684, 132.51665817294952, 114.68293992844914, 50.2934651961484, -0.940774136707, -0.232839686992, -0.246433974656, -0.33395528452, 0.511079654598, 0.792004706171, 0.0584627372324, -0.827395471838, 0.558568564759,  
38, 3076772.372215827, 90.22680645790842, 139.51183686326766, 78.12037784766268, 67.39557234849347, -0.314628150193, 0.775553642059, 0.547289389076, 0.110073972103, -0.542870496919, 0.832571525, 0.942811141094, 0.322192755759, 0.0854340702795,  
40, 893877.2966662803, 59.758052092988784, 108.27349861707869, 91.49819763925706, 21.540440882658963, -0.069326410231, -0.228527935211, 0.971065822523, -0.257337661488, -0.936367152597, -0.238733917818, 0.963831508524, -0.266442373442, 0.00610612891603,  
41, 1444801.1884878143, 70.13042868948817, 97.74107764991516, 85.75210108957533, 41.15262928539369, 0.187024001831, -0.927798869591, 0.322817719968, -0.848831605622, -0.318039962749, -0.42229786572, 0.494476418079, -0.195038046752, -0.847026110744,  
42, 1644731.1646337463, 73.2265833034208, 99.91855912688287, 75.13236385334375, 52.303782413127536, -0.305772433537, -0.869912687825, 0.386982085438, -0.934846570748, 0.197275393823, -0.295202147949, -0.180458050667, 0.452033554676, 0.873556270309,  
43, 542212.681886853, 50.5856134005109, 84.60246601666277, 48.42106014799385, 31.59830202391974, 0.397984381255, 0.0806266771732, -0.913842312002, 0.614168396758, -0.763379356969, 0.200122806739, -0.681473119574, -0.640898819067, -0.353331418102,  
44, 1642199.9813790272, 73.18899964048083, 135.7093351908244, 81.53907571745881, 35.42924734747432, 0.866909169462, 0.01040892139, -0.498357448282, -0.389238933717, 0.638689059796, -0.663753973529, -0.311386487153, -0.769394527698, -0.557736959836,  
45, 775379.4245015458, 56.99129879202106, 133.62656987364892, 80.97505588410843, 17.107304523296648, -0.0252290680377, -0.781716502206, 0.62312342622, -0.984191085628, -0.089882882047, -0.152607255677, 0.175303739539, -0.617122660169, -0.767090751613,  
47, 1696993.4928740868, 73.99411653848216, 108.74338562352511, 90.59082941616023, 41.12486464610229, -0.472211029544, -0.748809723103, -0.465081436056, 0.0311475267077, -0.541455756772, 0.840152066616, 0.880935057287, -0.382242935899, -0.279004951207,  
48, 3882200.8899604613, 97.49817020697323, 120.51728713320782, 95.8196240986728, 80.2574922785694, 0.332711095597, 0.62844265107, 0.703109636673, -0.580223078125, -0.451334642615, 0.677966238088, 0.743400636587, -0.633527327502, 0.214472886004,  
49, 1015969.2735923874, 62.36352496258161, 107.56489684978723, 53.60627674395698, 42.063533771495884, -0.819108531075, 0.228578204853, -0.52613041975, 0.0611424004307, 0.946745211236, 0.316125152227, 0.570370775189, 0.226771932273, -0.789462899409,  
50, 1546127.4199669652, 71.73298295746417, 127.44313967434151, 65.52169633632717, 44.203339220243706, -0.547303666254, 0.634555094012, -0.545709198721, 0.281953736251, 0.753714098375, 0.593647326723, 0.788010651907, 0.171040610891, -0.591425668961,  
52, 683271.4272811557, 54.63885002280126, 93.4359101265333, 46.51207484073658, 37.534023120928204, 0.459353423661, -0.848537278002, 0.262638382595, -0.569363254407, -0.0543283191494, 0.820288923654, -0.681777028582, -0.526339169718, -0.508081845492,  
53, 2850787.287323946, 87.9613868440801, 130.67822154557473, 84.70658988808587, 61.48310479129585, -0.414635083546, 0.537946089328, 0.733956233347, -0.163525283927, -0.837473743118, 0.52143763875, 0.89517441262, 0.0961859374594, 0.43521378244,  
54, 2767405.150519752, 87.09529848281524, 125.52569550062226, 83.894670784753, 62.73604335472436, 0.186273627226, -0.386348358732, -0.903347707976, 0.703787280291, 0.694024792086, -0.151700534176, 0.685554957607, -0.607506817801, 0.401185576044,  
55, 1591398.447406064, 72.4263791068653, 115.68418546225877, 71.26040689760835, 46.085895404381084, -0.159362992058, 0.954568306307, 0.251799097209, 0.964605429179, 0.096282104943, 0.245491593067, -0.210094747104, -0.282009051027, 0.936125575112,  
56, 2108131.9927803134, 79.54320086573713, 149.96163319384098, 92.25100860226382, 36.37959878802334, -0.11607911065, 0.0955841976305, -0.988630012307, 0.986582872741, -0.103952554919, -0.125889243149, 0.114803637946, 0.989978549005, 0.0822350121621,  
57, 2040792.997623003, 78.68708350545776, 134.710110545094, 64.31976260763763, 56.22969408818855, -0.888378578176, 0.295774658114, -0.351142212579, 0.410049325583, 0.855171562978, -0.317082242427, -0.206501942911, 0.425674699144, 0.880998296299,  
58, 2838011.1698768954, 87.82978717157015, 113.56047965530705, 82.4624206102295, 72.35060947397791, -0.917117531201, 0.27539712951, -0.288187187471, 0.396486779512, 0.704874792021, -0.588174941022, -0.0411541934243, 0.653687959681, 0.75564435003,  
60, 1316268.8708526038, 67.9858711887929, 144.21556304077703, 68.98846912285468, 31.5840169079886, 0.826056272023, -0.0236783061679, 0.563090022349, 0.487841333498, 0.530335484831, -0.693365060311, 0.282208909822, -0.847457144253, -0.449638209977,  
61, 2011940.8043684282, 78.31450305603715, 105.49112323608175, 92.63118153722905, 49.15338928062583, -0.380475327944, -0.0286958430423, 0.92434575426, -0.774538881728, 0.55601837072, -0.301551143445, -0.505299955984, -0.830674497029, -0.233777318123,  
63, 2743834.889793271, 86.84732674883708, 108.63223464733171, 97.88171899979784, 61.60402148181672, -0.862064384388, -0.230987662887, 0.451098322724, 0.485309604745, -0.632691974205, 0.603469513164, -0.146012275895, -0.739151923065, -0.657521748626,  
65, 113985.95239214537, 30.078366094841417, 100.8294129694482, 65.67124254495434, 4.109606604989476, -0.887181942322, -0.039234266159, 0.459748706988, -0.460906108503, 0.0283515681087, -0.886995911902, -0.0217660369105, 0.99882774338, 0.0432363121979,  
66, 565952.0051793704, 51.31334558818428, 79.82790481334082, 50.993165137950335, 33.19130235154825, -0.939196117473, 0.253367403563, -0.231766286883, -0.172250233794, 0.236263005907, 0.956299978562, 0.297053042203, 0.938075024106, -0.178254703351,  
67, 751893.16569529, 56.40996661258788, 93.71716787207906, 50.74520669950077, 37.744471298670774, 0.15672484954, 0.270614854652, 0.949844683082, -0.748396899912, 0.660099676636, -0.0645793860896, 0.644468309337, 0.700739621648, -0.305981340793,  
69, 1826530.1395021875, 75.83087684946857, 107.03943976624096, 76.95797519860416, 52.934738687159715, -0.0810236772553, -0.992290904811, 0.093775924169, -0.932649759107, 0.0422932587255, -0.358295558308, 0.35156733432, -0.116490516765, -0.928886628681,  
72, 1838954.226889014, 76.00242276404411, 119.33329165840068, 84.69333748334343, 43.43816218975838, -0.875853212997, 0.268238365978, 0.401159978437, 0.464441847864, 0.694294244169, 0.549772018628, 0.131053116083, -0.667835070606, 0.732680966884,  
73, 3006786.735360101, 89.53743978920629, 110.36398305655204, 99.37333074624532, 65.45107800800625, -0.683970361563, 0.404413228752, 0.607152769008, 0.600148233659, -0.161229067534, 0.783471304783, -0.4147368348, -0.900252813488, 0.132431981288,  
74, 2331065.8806218435, 82.25367537390338, 95.61591625689188, 91.5095387437175, 63.60179622486638, -0.983285808474, -0.0708769456234, 0.167706521735, -0.0741533590874, 0.997157521678, -0.0133475202768, 0.166283788114, 0.025560429194, 0.985746603479,  
75, 936155.9130161847, 60.68572226395797, 118.71982607654172, 94.85711545302779, 19.845699446082804, 0.0558776972544, 0.930145694836, 0.362914134925, 0.374764257047, -0.356444423235, 0.855861627125, 0.925434727352, 0.0881836692546, -0.36850265384,  
79, 1170835.4958946372, 65.38363934370294, 99.03840221567957, 71.5131129290822, 39.4655321077016, -0.61206042854, -0.786217151201, -0.0851153509744, -0.126393856163, -0.00899063559799, 0.991939394114, -0.780645005709, 0.617884908076, -0.0938702052449,  
80, 3060424.633164118, 90.06672264112899, 113.37657791615841, 94.18316114491911, 68.42211149203938, -0.167344962892, 0.424799124815, 0.889686105855, 0.816673100493, -0.445806875492, 0.366471385915, 0.552304907027, 0.787909851011, -0.272318483313,  
81, 2816589.2031299965, 87.60824227202879, 111.54954859921295, 101.15476328346568, 59.59100990068822, 0.950064439882, -0.220902011742, 0.220408396574, 0.0693334982011, 0.838090535977, 0.541107308704, 0.304253884279, 0.498805126992, -0.811555924867,  
82, 3089413.488353188, 90.35020515037272, 118.72199516554197, 94.1807157787752, 65.96206691881892, 0.0573472983351, -0.834013998749, 0.548754897258, 0.962587742097, -0.099616530668, -0.25199481261, 0.264832260381, 0.542675959214, 0.797098913029,  
83, 2870361.545315808, 88.1622498502905, 119.99062945544793, 110.44319416972728, 51.70847190659477, -0.235950119145, -0.461734360646, 0.855060770632, 0.958613732625, -0.254866505909, 0.126896713073, 0.159333778272, 0.849614291526, 0.502760681375,  
84, 2707086.05875974, 86.45786052375651, 123.72717990464606, 87.33010032818325, 59.81145669199616, 0.779865226657, 0.522346177186, 0.344912596799, -0.305263410307, -0.163678288693, 0.93809576704, 0.54646544134, -0.836877463546, 0.0318061696986,  
85, 2238048.204828584, 81.14472181544308, 115.60122963143527, 97.37392257482605, 47.465242958289075, 0.411191711627, -0.0926585021641, 0.906827314468, 0.0153350703187, 0.995382650225, 0.0947534445277, 0.911419887816, 0.0250555704036, -0.410714020316,  
86, 1819962.3694655015, 75.73987773047284, 135.7983059491443, 77.35687611363531, 41.35999936316299, -0.0420733752327, -0.67467592485, 0.736913989231, -0.341540835345, -0.683421614143, -0.645201329132, 0.938924751451, -0.278832017081, -0.201675524947,  
87, 2200588.6040887353, 80.68944904988257, 96.42363132462205, 88.94325940629146, 61.25671830972639, -0.696830257347, 0.694505259008, 0.179136924326, 0.717173562541, 0.67798489561, 0.161240697458, 0.00946961658812, -0.240829662906, 0.970521200091,  
89, 2901696.3642912, 88.48190250322352, 113.38131845767266, 92.25069057348624, 66.22961454713563, -0.964515662046, -0.263483593541, -0.0169095713166, -0.238983256219, 0.898465541868, -0.36830242101, -0.112234312554, 0.351192349019, 0.929552254086,  
90, 3132391.86794604, 90.76724619582889, 98.79210753785347, 91.74638562398015, 82.50423923500105, -0.737553465894, -0.548394771285, -0.394053371735, -0.675042889024, 0.614485907071, 0.40831870884, -0.0182203986193, -0.56715980538, 0.823406201237,  
91, 3250499.102285784, 91.89399808640268, 100.65454929587666, 91.9350990485368, 83.85842170223424, -0.830606918175, -0.00825934111647, 0.556797926329, -0.00282218145272, 0.999939594535, 0.010622738499, -0.556852029512, 0.00725193530661, -0.830580054337,  
92, 3706260.084561383, 96.00247459127539, 102.98134802959041, 94.6540028884573, 90.77154463405815, -0.175831544089, -0.0139533410273, 0.984321376572, -0.968009164793, -0.179365412213, -0.175460268377, -0.179001466421, 0.983683563538, -0.0180311353917,  
93, 3764975.0092440536, 96.50678091389356, 110.16302484278856, 99.76322290131242, 81.78377736086912, -0.463378789589, 0.154001398982, 0.872676152115, -0.819954820727, 0.298978623305, -0.488145341853, -0.336086580102, -0.941751215512, -0.0122661630864,  
94, 3552264.5517284917, 94.65398386153973, 97.15608632187688, 96.86070528049979, 90.11540806590217, -0.835118996513, -0.144362508892, 0.530787836796, 0.13964024581, 0.877697700366, 0.458418311723, 0.53204968134, -0.456953184472, 0.712823206544,  
95, 3634724.687471262, 95.38080214352371, 106.50741208424607, 98.71319430741406, 82.53304596070717, -0.768911339663, -0.082734436463, -0.633979782612, 0.0982085943605, -0.995107776008, 0.0107510986924, 0.631767697601, 0.0539956216049, -0.773274885869,  
96, 3674884.6438888987, 95.73080271672542, 102.46336998991913, 95.25990656913169, 89.88274243976122, 0.456062267117, -0.682946353075, 0.570606245439, -0.697019720858, 0.124536527696, 0.706154488766, 0.553326953299, 0.719774222997, 0.419230665221,  
97, 3614318.133237122, 95.20196718804462, 103.92778496127139, 94.56668010795754, 87.79463009402158, 0.634033219675, -0.766645632372, -0.101273642739, 0.499893302111, 0.306412670039, 0.810072812866, -0.590007256611, -0.564239089398, 0.577516828449,  
98, 3469947.4324052925, 93.91711908277999, 101.47298397129379, 99.01834928112306, 82.44573091732371, 0.193343192315, 0.886557989718, 0.420277694926, -0.708800931957, -0.169972558284, 0.684624399424, 0.678394906262, -0.430260688766, 0.595530092322,  
99, 2921109.477432955, 88.67878649812222, 96.3961347103515, 86.0811951235642, 84.04102035190513, 0.450713326619, 0.285023417667, -0.845942757277, 0.519568919244, 0.686834666454, 0.50823840775, 0.7258826595, -0.668595387613, 0.161476228278,  
100, 3648747.995111149, 95.50330916149974, 103.89146402102163, 96.77730280365712, 86.63669561775674, 0.525297929032, -0.38278508996, 0.759958986169, -0.601865533893, 0.464194554559, 0.649831743322, -0.601514725395, -0.798748389934, 0.0134552856425,  
101, 3679820.757877681, 95.7736454892648, 109.76829143005087, 97.22594796884299, 82.31499667676937, -0.0391666107646, 0.73205737964, 0.680116144137, 0.873056014099, -0.306003627506, 0.379651124323, 0.48604441448, 0.608649137737, -0.627141972989,  
102, 2972408.7875797916, 89.19489031228659, 102.01707608190245, 90.59333542093381, 76.7804769643245, 0.858416081271, 0.246365770962, 0.44991747945, 0.374667527056, -0.900212324373, -0.221905419531, -0.350351360188, -0.359056650051, 0.865061989957,  
103, 3634514.1034764773, 95.37896009128409, 98.70280491955249, 95.82444256161806, 91.73856723466432, 0.783852689917, 0.482851335415, -0.390422269341, -0.546058526082, 0.835359666713, -0.0632005800789, -0.295626532304, -0.262733353645, -0.918464010335,  
104, 2588438.0820783246, 85.17583317765602, 92.10209168294033, 88.36714715260759, 75.92570681892913, 0.617592378821, 0.755770417226, -0.217694120428, 0.519989745379, -0.184702497603, 0.833963819407, -0.590076535988, 0.62824840933, 0.507063721687,  
105, 3664045.9966019774, 95.63659439303557, 104.06911782291138, 94.5103976433416, 88.93461802145589, -0.138945093864, 0.981137653381, -0.134399278305, -0.0437526003709, 0.129501229776, 0.990613517699, 0.989333093984, 0.143521206113, 0.0249337631305,  
106, 3141214.355916888, 90.85238265868514, 111.71691044666656, 84.04181545062045, 79.87201156872791, 0.0744228347974, -0.78768626935, -0.611564863885, -0.922939532669, 0.177857870037, -0.341393024389, -0.377682221843, -0.589844826326, 0.713750110445,  
107, 3414504.6974010523, 93.4142293003849, 98.94989160258778, 93.91542196743163, 87.71762578052339, -0.00572863050376, 0.882739365808, 0.469828048169, 0.449909019668, -0.417321323248, 0.789572534467, 0.893056021095, 0.21590304587, -0.39476172303,  
108, 3496917.889420847, 94.1598175909503, 103.68436259231285, 92.7986521384918, 86.76446536672776, 0.0256737160442, -0.904037862697, 0.426680680503, 0.916803662109, -0.148856514034, -0.370557395518, 0.398512114556, 0.400695995787, 0.825003523334,  
109, 3336487.9615970654, 92.69727859072037, 96.9410873743281, 91.93714545282012, 89.37211811498045, 0.48837600575, 0.456791767048, 0.743525492882, -0.513607440235, -0.538367195146, 0.668107895872, 0.705475920456, -0.708168090744, -0.0283139701982,  
110, 3501282.0479901377, 94.19897183666366, 108.61184991300772, 98.62395103675507, 78.03310350070605, -0.985561240637, 0.167626291476, 0.0238844585572, 0.152989637506, 0.821165687956, 0.549800949198, 0.0725479963213, 0.545516580251, -0.83495415976,  
111, 3668168.910174049, 95.67245216809391, 102.57027429309979, 93.95615958905735, 90.86862208582158, -0.166607200681, -0.965095209779, -0.20207245419, -0.0712894031134, -0.192610432871, 0.978682298886, -0.983442861424, 0.177461142818, -0.0367107764103,  
112, 3327586.7634910997, 92.61477150562425, 94.10537693520578, 93.43150104731082, 90.35101047598394, 0.24468283892, 0.356993862841, 0.90149081539, -0.276957358828, 0.9167490083, -0.287864338139, -0.929206613046, -0.179239051758, 0.323184827298,  
113, 3364954.0809853976, 92.96015608893006, 104.16446052748132, 90.89391173339985, 84.84693716219793, -0.589231247428, -0.672621405672, 0.447646045092, -0.806420752777, 0.523823359843, -0.274398719336, 0.0499210030459, 0.522675360348, 0.851068952048,  
114, 3608283.3702381616, 95.14895199119145, 102.35372832069727, 95.16154359365811, 88.43962300433843, 0.780710274585, -0.601726314144, -0.168573159267, 0.419834792015, 0.305264879734, 0.854723405913, -0.462850099462, -0.738064222184, 0.490949070027,  
115, 4053049.347314077, 98.9079257301248, 114.2813942029102, 99.49534723350403, 85.09714310364089, -0.949474541176, -0.152635569375, 0.274227056689, -0.130880462016, 0.98673315501, 0.0960624040249, -0.28525146857, 0.0553178431089, -0.956855023456,  
116, 3359158.2903002733, 92.90675395030163, 110.8543375083914, 86.74902361531835, 83.39203531473036, 0.441990027876, -0.748756803677, -0.493971724095, -0.723297696833, -0.623191671141, 0.297443411049, 0.530551841968, -0.225821588797, 0.817018575687,  
117, 3142841.4596494203, 90.86806669226515, 105.5008820921834, 87.08382287517678, 81.6658125923716, -0.931845994479, 0.320233301014, -0.170627299968, 0.141799159887, 0.754224930808, 0.641122259794, 0.33400006112, 0.573232401972, -0.748230293761,  
118, 3521826.9681390813, 94.38286041079986, 100.90444696559777, 97.32927467339137, 85.6102197914777, -0.554377806367, 0.78608164965, -0.273387797626, 0.828516270932, 0.552399163769, -0.0917385015552, -0.0789052381545, 0.277364027859, 0.957519273666,  
119, 3548128.1931199934, 94.61723032207672, 98.67739582669562, 94.81977459308845, 90.53032822349265, -0.351913158338, 0.866219969961, -0.354711280663, -0.722119592859, -0.49235597344, -0.485930950885, -0.59556731156, 0.0851384699149, 0.798780957674,  
120, 3404795.00765734, 93.32559913968657, 96.75127190641997, 94.17333529025147, 89.2108598457871, 0.836426693469, 0.434138532041, 0.334535680385, 0.380339903232, -0.899257760739, 0.216048693028, -0.394628869271, 0.0534716256324, 0.917283402657,  
121, 4260886.189721514, 100.57046117139883, 116.17584586048484, 98.33622559499219, 89.03934299124343, 0.379696455009, 0.447569800155, -0.809636879127, 0.709877568744, -0.702155405674, -0.0552415032045, 0.593215339862, 0.553768056384, 0.584325679977,  
122, 3576311.0229766425, 94.86708526152789, 108.61634157920537, 95.66465968707105, 82.1674804794378, -0.902824464386, 0.265965162685, 0.337891282433, 0.428136150789, 0.629237057499, 0.648660282319, 0.0400926787986, -0.730289844999, 0.681959910404,  
123, 3676942.7365750596, 95.74867049717093, 109.63958915134795, 90.81510436855775, 88.16024150820711, 0.449014676403, 0.671517901522, 0.589448495044, -0.617103941577, -0.24402849341, 0.748086104465, 0.646195439216, -0.699652629767, 0.304823968867,  
124, 4024410.8502869178, 98.67441658821622, 114.03469643194451, 100.17614795775366, 84.10316957911311, -0.885134059728, 0.171898486902, -0.432421792362, 0.108572857469, 0.979909781309, 0.167298401415, 0.452492686051, 0.101132243602, -0.886015032815,  
125, 4353674.026185028, 101.29525448451197, 105.32687468182588, 104.54556300022286, 94.38924148421385, 0.417921968299, -0.345947729713, 0.840036544872, -0.481520861076, 0.699742038953, 0.527729797596, -0.770375810084, -0.625044996163, 0.125856521521,  
126, 3090461.584001244, 90.36042121571646, 105.98654934836334, 83.65834465424767, 83.20984640170634, 0.778819483125, 0.229896445051, -0.583599038089, 0.431526889726, 0.47885721664, 0.764513119256, 0.455219459325, -0.847256390135, 0.273736832063,  
127, 3257984.0689400416, 91.96447918389516, 104.85899585373105, 91.92546830498486, 80.68983018894737, 0.0481774402309, -0.523211407042, 0.850840030672, 0.32706529142, -0.79660437814, -0.508379543132, 0.943772869604, 0.302772667638, 0.132745931503,  
128, 3059989.2006115406, 90.06245091985407, 103.06778431296019, 88.63338713062608, 79.96703585633963, 0.575663167791, 0.0674198893473, 0.814902740067, -0.763192639912, 0.402032295417, 0.505872541086, 0.293511348387, 0.913139962964, -0.282889548068,  
129, 3368614.1398022864, 92.99384811421214, 104.03095487036799, 99.88728042789324, 77.39089767827974, 0.201210576465, 0.826803398107, 0.525271781841, -0.367031674779, -0.43353660769, 0.823002891551, 0.908186133801, -0.358388268044, 0.216230885168,  
130, 3996325.203313846, 98.44433679688593, 110.58660495302719, 99.84427174715707, 86.4065238515684, -0.555901130927, -0.798360134743, -0.231505999678, -0.829908394893, 0.517238793294, 0.209083922858, 0.0471803849119, -0.308358761776, 0.950099408123,  
131, 3389930.2301009484, 93.18958624849508, 116.40136661536344, 95.43674969493561, 72.8498113184348, 0.171796011607, -0.691719990714, 0.701433949023, 0.443534822307, -0.581461792585, -0.682040354499, 0.87963798906, 0.428282194598, 0.2069090863,  
132, 2840888.00454215, 87.85945424394484, 101.09833617007891, 92.06881813028883, 72.86331519389198, 0.949707304246, -0.0655961362487, -0.3061914159, -0.0505782109516, -0.997107286221, 0.0567353887896, 0.309027314065, 0.0383953991178, 0.950277808058,  
133, 3280823.157272844, 92.17887514290832, 106.84261485833356, 90.87343262258874, 80.67013259367782, 0.0763235420946, 0.980689689347, 0.180062350677, -0.856748912231, -0.0278766685098, 0.514979798384, 0.510054916958, -0.193573305396, 0.838077178502,  
134, 3429388.529563774, 93.54976349106283, 106.10794043144739, 101.25948661377134, 76.19815845846563, 0.692251825664, 0.612370889147, -0.381823655618, -0.652672079979, 0.75701422543, 0.0307996511619, -0.307906748676, -0.227884524751, -0.923721861546,  
135, 2782234.3357862383, 87.25058862592248, 98.76269259942885, 87.05000467161912, 77.2579848671242, -0.74092681192, -0.670498611154, -0.0381977986202, -0.666681095947, 0.727463670596, 0.162274225524, 0.0810171320467, -0.145699074821, 0.986006087157,  
136, 3576254.4575593616, 94.86658509766988, 103.04359994326236, 93.08669693554813, 89.00843391928392, -0.48643763545, 0.736943172175, -0.469354011171, 0.870903316022, 0.452034090341, -0.192853818503, -0.0700417087136, 0.502573320177, 0.861692646416,  
137, 3649841.677841072, 95.51285032335501, 103.24181826490052, 95.40369886867816, 88.4635898961177, 0.771427332469, 0.407525473992, 0.488695057032, -0.213874609384, -0.557265259568, 0.80231731998, 0.599297523923, -0.723448974377, -0.342730301102,  
138, 2843537.730947614, 87.88676157103791, 100.54780239375975, 87.89584825851897, 76.81206509339914, 0.0764288372873, 0.869567142003, 0.487864344238, 0.779634945215, -0.357134183877, 0.514416686068, 0.621552881926, 0.341039822095, -0.705240281546,  
139, 3819159.651130144, 96.96754521989212, 105.24812304680374, 101.01052408721146, 85.76265557620218, 0.534796023281, -0.523872843607, 0.662986015851, -0.462724082267, -0.838081667491, -0.288973255347, -0.707021666692, 0.152237847947, 0.690611323741,  
140, 3070264.586825745, 90.16314763033488, 98.74952019692573, 87.07403748975837, 85.24394052861564, 0.208044749135, 0.397475114145, -0.893717469893, 0.557892600626, 0.702287932013, 0.442207538058, 0.803413485401, -0.590597319825, -0.0756411084784,  
141, 4156368.912056355, 99.74133103058676, 111.28092042824446, 105.92256731765312, 84.18142456698676, -0.361512225705, 0.827889919172, -0.428844018728, 0.193368888578, 0.516525629358, 0.834152112715, -0.912095051843, -0.21863109557, 0.346818483438,  
142, 2539907.0507720467, 84.64014618778808, 105.21568526395262, 89.39483472969783, 64.46682779449627, 0.432046759028, 0.748024139277, -0.503781187692, 0.452683620242, -0.663013519709, -0.596230335229, -0.780008421735, 0.0295458921153, -0.625071117779,  
143, 3764173.943476861, 96.49993591387305, 114.81101959561744, 90.45766615117476, 86.52709483726565, 0.198739750348, -0.526254616646, 0.82677602172, -0.891935320886, 0.252477850986, 0.375108408486, 0.406145164919, 0.81197968769, 0.419207695292,  
144, 3501598.548085967, 94.2018101384533, 103.42380656142332, 94.30159038546645, 85.71132502046333, -0.149332299096, 0.971680275522, 0.183131937706, 0.477536081202, -0.0913049437618, 0.8738550786, 0.865828594813, 0.21794689584, -0.450377613783,  
145, 2910575.48497119, 88.5720614313483, 108.75036993142514, 84.88865501978717, 75.26791090646043, -0.493965910117, 0.644571937042, -0.583544940532, 0.245069528531, 0.747144636092, 0.617831545767, 0.834229348458, 0.162178638351, -0.527028920871,  
146, 3240336.8009795407, 91.79813287140371, 118.93452476807012, 96.43691528670207, 67.44508278430443, -0.229250908568, 0.246747316996, -0.941573036188, -0.297465061025, 0.903296989376, 0.309142501855, -0.926800171768, -0.350956280096, 0.133682949814,  
147, 3340521.3755173427, 92.73461684758699, 101.89290741158418, 96.22647409517695, 81.33680679673832, -0.286229134254, -0.144946367838, 0.94713432688, -0.88192201125, -0.346550382033, -0.319556565862, 0.374548326357, -0.926765009678, -0.0286385764223,  
148, 3314057.3381146346, 92.48908215241637, 97.99754961106802, 96.12225788980405, 83.99089877010671, 0.508093096055, -0.63894418265, 0.577574010149, -0.852228458106, -0.275869385162, 0.444525294584, -0.12469186395, -0.718085241311, -0.684693745609,  
149, 3546114.386831643, 94.59932634353466, 99.34199649758034, 97.75354462227601, 87.17636035879482, 0.184072555569, -0.00408630929759, 0.982904164384, -0.617886170572, -0.778180681221, 0.112478920653, 0.764417408555, -0.628027172542, -0.145766580691,  
150, 1846920.32636192, 76.11200872997246, 103.76581452127428, 78.94485510034242, 53.82467550510208, -0.521133965757, 0.797554402252, -0.303852538549, 0.852378136138, 0.468320041559, -0.232653931213, 0.0432539335596, 0.380241126291, 0.923875415361,  
151, 3020213.4384067096, 89.67051735643578, 100.3609238739604, 90.98463061017425, 78.96167266547118, -0.0855082136507, 0.129823513101, -0.987843206609, -0.144907978223, -0.982552612844, -0.116584908287, 0.985743386103, -0.133177394625, -0.102828781552,  
152, 2922998.7475232566, 88.69790047678792, 101.70758702533396, 89.9752960908673, 76.2541324617545, -0.95199768826, 0.299458466799, 0.063443110031, -0.231809340709, -0.84063805228, 0.489481454826, 0.199912058436, 0.451278507932, 0.869702752192,  
153, 3129013.7400933467, 90.73460514840262, 96.2538709605783, 90.81646150104658, 85.45472488469949, -0.685349937492, 0.210983497111, -0.69698022004, -0.442105556923, 0.639985919957, 0.62845898736, -0.578652002258, -0.738853156049, 0.345337333747,  
154, 4004528.9992499384, 98.51165407826487, 112.42414986091094, 96.94960751711666, 87.71162685554651, 0.608530109573, 0.203193039175, -0.767074764657, -0.587662106649, 0.764975767447, -0.263562750834, -0.533239490428, -0.6111666418, -0.584919637044,  
155, 3463119.9252220043, 93.85548118239221, 107.54122821290046, 93.00100054509491, 82.66397950481766, 0.530703913694, 0.769118250724, 0.356104580696, 0.731977399285, -0.6277247182, 0.264897650229, -0.427273264932, -0.120078285146, 0.896113141579,  
156, 3405409.3384618666, 93.33121174802407, 95.98027807515047, 94.8193666295453, 89.33088971492772, -0.623886066699, 0.777097971928, 0.0829754048138, -0.588836050438, -0.537221091264, 0.603875487833, -0.513846554414, -0.327890593226, -0.79274805417,  
157, 3336042.082165145, 92.69314913366962, 97.01704714769295, 93.64227421519315, 87.66432767718499, 0.256156331071, -0.907882081122, -0.3318645218, 0.91457656651, 0.338777805028, -0.220860369489, 0.312943506151, -0.246940732967, 0.917107756133,  
158, 3346099.7410891782, 92.78620758752653, 101.56864620578867, 94.45934062412456, 83.26178161002868, 0.160228963842, -0.45409850326, -0.876425255503, 0.142014820044, -0.86805413718, 0.475724506214, 0.976810355204, 0.200690219647, 0.0745986977362,  
159, 3565894.710329314, 94.77489285609069, 102.33209656384815, 94.33511663727037, 88.1849846495765, -0.926223409071, 0.24236370284, -0.288738691614, -0.00211545763403, 0.762582070237, 0.646888020442, 0.376969125165, 0.599773642051, -0.705808654646,  
160, 3569545.127059955, 94.8072222706901, 101.73267412919716, 98.79423514666206, 84.7875729466586, -0.370074941283, -0.19794659931, 0.907668266304, 0.920849198718, 0.0509940629854, 0.38656999206, -0.122805908065, 0.978885462841, 0.163407342498,  
161, 2991787.9120513326, 89.38831099053625, 99.86682547937781, 93.81730543247203, 76.23211931135351, 0.14238445229, -0.963744987111, -0.225659627679, 0.155469363652, -0.203377293542, 0.966678309179, 0.977525418959, 0.172723120311, -0.12087505532,  
162, 3313558.339887758, 92.48443988667275, 96.9497392612739, 94.03048657400858, 86.7742129385913, -0.370826349139, 0.887556730456, -0.273369473435, 0.925956356849, 0.330730560222, -0.1822693659, 0.0713627633639, 0.320718485212, 0.944482402826,  
163, 3053248.902398885, 89.99627486474856, 100.03057910720327, 92.0497510553212, 79.16226266033554, -0.466081706117, -0.836159885916, 0.289144407533, 0.73378903576, -0.182749634349, 0.654336474716, -0.494288877298, 0.517145256509, 0.698741217798,  
164, 3352127.35923053, 92.84188876668217, 102.15682091416001, 90.80752059037073, 86.26660645183601, -0.148258413898, -0.810785399053, -0.566256549093, -0.979474573935, 0.0413179161473, 0.197287578982, 0.13656134784, -0.583883435702, 0.800269412004,  
165, 3386321.2263521426, 93.15650385780486, 106.90745513569972, 90.25905736125314, 83.78007763382209, -0.437618856692, -0.486263020913, -0.756331944823, -0.891223571653, 0.34609029459, 0.293158751056, -0.119206885696, -0.802352654687, 0.584824705291,  
166, 3362382.667997524, 92.93647078624748, 101.86879898345427, 92.53680605091182, 85.15356557204083, 0.37669696015, -0.673158675262, -0.636362159571, -0.858643545556, 0.00404599760678, -0.512557208103, -0.347607050977, -0.739487003147, 0.576479236649,  
167, 3253378.6548251584, 91.92112576608211, 118.25636311518586, 91.90651780165192, 71.46200114267505, -0.847824655876, 0.443124612385, 0.291262649144, 0.525062817161, 0.7783512436, 0.344206884913, 0.0741781027183, -0.444758270845, 0.892573632588,  
168, 3503702.846376813, 94.22067666563574, 110.53279990171447, 95.65699100309187, 79.10988803995653, -0.709247788856, 0.54660954283, -0.445180392302, 0.280532668028, 0.798185020751, 0.533106082142, -0.646737192507, -0.253216666779, 0.719452794486,  
169, 3074108.74324514, 90.20076183569901, 105.99780418327416, 87.21940520272543, 79.38174244416025, 0.447565988722, -0.563747573321, -0.694170987087, -0.291973032521, -0.825841012982, 0.482429652444, -0.845243417022, -0.0132398961973, -0.534217438062,  
170, 3157392.4851590553, 91.00808735197984, 96.47366053607645, 90.90309650265324, 85.95131530809161, 0.463182785039, -0.484905895293, -0.741840940063, -0.516268388545, -0.827986471388, 0.218872917894, -0.720367030501, 0.281610859004, -0.633850664951,  
171, 3264324.7216113913, 92.02410060753981, 104.99795515766155, 91.2894683028147, 81.30237378953396, 0.731556585556, -0.382346297088, -0.564478760658, -0.566950585569, 0.118692744861, -0.815155853712, -0.378671355734, -0.916364196933, 0.129940997863,  
172, 3532957.5460077506, 94.48218679281416, 101.68092137182833, 91.77789019904371, 90.37998537035247, -0.226827539456, 0.686620616045, -0.690725268805, -0.341766739856, 0.607995257477, 0.716615142467, 0.912000418241, 0.398614972759, 0.0967540212094,  
173, 3695806.8223273857, 95.91213338728365, 106.5906253503223, 96.01223874111035, 86.21345445044689, -0.00669868329228, 0.977973636852, 0.20862093199, 0.757995183348, -0.131108097797, 0.638947547701, 0.652225750537, 0.162413768856, -0.740421054551,  
174, 3322716.430628258, 92.56956507031303, 96.88594739641474, 94.04640435330532, 87.0565963214512, -0.558612500471, 0.700833336607, 0.443604225203, -0.719743337571, -0.143781612191, -0.679188026999, -0.412215480471, -0.69868410766, 0.584738330678,  
175, 3405479.4338673702, 93.33185210611298, 108.85148393146062, 91.1220936023123, 81.96559750886716, 0.389266743887, 0.239654438052, -0.889402694186, -0.692977342707, 0.712306769884, -0.111361878903, -0.606839191712, -0.659685391607, -0.443352432611,  
176, 3629691.6137977974, 95.33675659232097, 109.60625482263703, 99.33238253326031, 79.58934451719166, -0.0654563436858, 0.689449209396, 0.721370400512, 0.955007232052, -0.166284315319, 0.245582395964, 0.289269171879, 0.704988875191, -0.647544617812,  
177, 2573413.4189228453, 85.01071142340612, 130.62845792219477, 87.83858472400236, 53.54239851952022, 0.415579863303, 0.875715287262, 0.245796893538, 0.861993889482, -0.292950839991, -0.41369836819, 0.29027557891, -0.383800131585, 0.876605696584,  
178, 2951624.1293283785, 88.9865045184598, 96.87665332498794, 85.67802639057476, 84.89534185059333, -0.69332030402, 0.658269797181, 0.293236815822, 0.147220397081, -0.268951145203, 0.951835824172, 0.705431152358, 0.703097543456, 0.0895585488313,  
