# Void_ID, Void_Volume, r = (a*b*c)**(1/3.0), a, b, c, vector_a, vector_b, vector_c 

5, 927422.4979305367, 60.496419642904364, 99.64835085616714, 62.24724734283208, 35.69429026189848, 0.924884953744, 0.373806215197, -0.0696902849571, -0.22129924023, 0.678194257376, 0.700770429981, 0.309215893206, -0.632709619606, 0.709974695779,  
9, 1131657.4533088952, 64.6460697208453, 108.5233059188697, 67.81165966996714, 36.711234591046285, -0.785436066049, 0.478013887626, 0.393183048194, 0.614935155476, 0.674843029713, 0.407972596883, 0.0703202723938, -0.562218470423, 0.823993598765,  
21, 706254.3250954236, 55.244727669640056, 68.43189739604914, 56.465440088614166, 43.634621391959975, -0.373636726127, 0.44351516566, 0.814671648407, 0.920435919076, 0.0685193682291, 0.384841285536, -0.114862159844, -0.893643885453, 0.43382864155,  
27, 628120.8544377642, 53.12735579664577, 134.4755874012448, 48.92383251184675, 22.79243278703545, 0.149791876343, 0.647135084536, 0.747514933727, 0.754990896553, 0.413299503504, -0.509089644882, 0.638397321348, -0.640624463134, 0.426672189543,  
32, 1864658.6743233753, 76.35489990744883, 131.8292285401436, 81.49416646119838, 41.43549237148985, -0.900879803395, -0.146705112639, 0.408525629257, -0.0189871647317, 0.953572128436, 0.300565605893, -0.433653164879, 0.263016740525, -0.861839385729,  
40, 727615.670315718, 55.79618147484164, 83.95530945305403, 51.744552656893134, 39.98532505622777, 0.607789383492, 0.488067342037, 0.626404290336, -0.314757996377, -0.576144183873, 0.754311131501, 0.729053817651, -0.655628056924, -0.196551219643,  
74, 1265265.7580197635, 67.09616765348825, 125.30933981196901, 79.71072582513709, 30.240776600736407, -0.657024962446, -0.159471759286, 0.736808629641, -0.738216965923, 0.334226666965, -0.585942186836, 0.152819861101, 0.92890327434, 0.337320021601,  
80, 2395519.4052754357, 83.00489311324334, 121.61276492552466, 70.37080985358446, 66.82506231494625, 0.0868101528423, -0.558388766797, -0.825024837492, 0.454490268416, -0.714749461657, 0.531574832903, -0.886511473856, -0.421111852333, 0.191734750492,  
83, 633886.9657411375, 53.28942949492349, 91.86254560755204, 64.57074515997041, 25.51226034604549, 0.114665525417, 0.300241259969, 0.946946145825, -0.869881073633, -0.430002174834, 0.241671362335, 0.479748616482, -0.851441903743, 0.211867764263,  
89, 1166595.2070306367, 65.30461290378697, 90.4881831076476, 67.3710417272169, 45.68424454236478, 0.267503363073, 0.927975383357, 0.259429448269, -0.568652311468, -0.0653150491109, 0.819980788203, 0.777866633432, -0.36687277392, 0.510223351435,  
109, 1196842.5315371593, 65.86420714252266, 123.48920798471136, 67.31674594379254, 34.37132586884476, 0.455531110496, 0.251485334242, 0.85395932809, 0.751963966555, 0.404745764906, -0.520318228389, 0.476488825025, -0.879167784016, 0.00473362171077,  
115, 1423946.3204016532, 69.7913613023079, 108.57664998460962, 67.70118969834918, 46.245797164337276, 0.517880230119, 0.189414706545, -0.834219477234, 0.728970677939, 0.412600574143, 0.546225701447, -0.447662616215, 0.891001029832, -0.0755999132427,  
122, 1799298.8858395172, 75.4521409286214, 120.07706264691473, 78.05767203729398, 45.82885968749543, -0.821810438363, 0.443000119108, 0.358299452789, -0.0267439968791, -0.658158805485, 0.752403977524, 0.569132991513, 0.608751083147, 0.552729370251,  
129, 298448.2256542756, 41.45657926342931, 81.7543067319063, 68.6331532159598, 12.698013944719886, -0.0884664334003, 0.614233557053, 0.784149748167, -0.495014426409, -0.710252293015, 0.500502145764, 0.864369370008, -0.343887798063, 0.366887959103,  
142, 341383.82750845334, 43.35622332681926, 117.14037310642644, 87.74904400247301, 7.928761190186516, -0.00927062106409, 0.515021649135, 0.857127036388, 0.992333691437, -0.100902355065, 0.0713621719218, 0.12323920003, 0.851217607704, -0.510137906757,  
157, 1765441.9725031536, 74.9758870631174, 116.29742985031213, 72.99534135321849, 49.64775068532914, -0.804581086565, -0.498488987578, -0.322735192387, -0.575969830418, 0.522731100595, 0.628498966522, 0.144596091198, -0.691564115418, 0.707694174539,  
162, 2707630.1093103653, 86.4636520273478, 110.57119816369939, 96.4315168318978, 60.623319333109535, 0.485429642657, 0.865432847423, 0.124032449912, 0.613771685887, -0.236310547741, -0.753287224523, -0.62260933147, 0.441795554106, -0.645890322531,  
176, 2998087.182681721, 89.45100331669919, 118.73599789516544, 97.9904280664943, 61.51621229291861, -0.327386856396, -0.537383870852, 0.777197800825, -0.196670105032, 0.84326713015, 0.500221367992, 0.924196254075, -0.0109143280495, 0.381761917165,  
206, 1046179.619154266, 62.975634032980345, 113.30620592258006, 80.96406029739427, 27.225236989665767, 0.521376073997, -0.0621099687173, 0.851063652877, -0.707282549702, 0.526528811302, 0.471718990244, 0.477407985219, 0.847885465529, -0.230590227447,  
211, 1578340.169354714, 72.2277356875899, 117.7511143644221, 69.40010408753248, 46.109122007980346, 0.466503891091, 0.204287532876, -0.860604859101, 0.81943698867, -0.466126160195, 0.333540738711, 0.333012223793, 0.860809506623, 0.384850428233,  
233, 1854607.1359860064, 76.21745430530996, 113.80131877183904, 78.30286433517266, 49.68649633965571, -0.758724955231, 0.00958693871137, 0.651340565999, -0.618102545388, -0.326237111681, -0.715205278467, -0.205634835801, 0.945239354644, -0.253449949175,  
247, 2389826.2245691274, 82.93908459967349, 110.78570551249923, 78.47299700131587, 65.62566937373771, 0.560595626356, 0.522851789242, 0.642151500969, 0.448420435467, -0.843597051195, 0.295403331517, 0.696169273069, 0.12235204004, -0.707374244323,  
250, 658688.6189058603, 53.97556330153095, 107.82287506260806, 64.44690910747815, 22.629687099725363, 0.302827061031, 0.654259609779, 0.692993603231, -0.488507499495, -0.517791002626, 0.702319656949, 0.818325237326, -0.551213969899, 0.16280959844,  
288, 1165516.5312052597, 65.28447903353393, 114.5891353012198, 92.25202685140192, 26.321489965582618, -0.199953590323, -0.859422688514, 0.470543519968, 0.921066170793, -0.328652004281, -0.208865911779, 0.33414917438, 0.391638229172, 0.857300313025,  
302, 3169685.2132974747, 91.12604216723281, 130.30166910790612, 87.81252560660823, 66.13343449935738, -0.47585486701, -0.697086630742, 0.536313690654, 0.121549360414, 0.551804481863, 0.82506821947, -0.87108432343, 0.45780131393, -0.177848414212,  
311, 2632230.5010066256, 85.65349777050395, 127.9187180349546, 87.28393330040956, 56.28166032582669, -0.0617764322684, -0.263500540332, 0.962679145749, -0.950483653506, -0.278797627884, -0.137305160517, 0.304572646235, -0.923493014554, -0.2332298335,  
312, 2949597.892057936, 88.96613730827114, 122.52824236740162, 92.06901165126092, 62.420108627464536, -0.706637906544, -0.0784401745472, 0.703214055641, 0.139738189478, 0.958792300252, 0.24736726416, -0.693639753356, 0.273064944645, -0.666557895888,  
336, 1162859.5737470954, 65.23483293148307, 130.26556155925414, 67.12824389596535, 31.747078176515576, 0.732520499413, 0.680307458536, 0.0244024547922, 0.576963236703, -0.601421824268, -0.55263479151, 0.361285401633, -0.41889563277, 0.833066208301,  
349, 1346801.1773366279, 68.5075273382306, 120.42487868721052, 76.50147110929997, 34.90027700080333, -0.697564894332, -0.656558476155, -0.286939341296, -0.68747830749, 0.500420008089, 0.526263614774, 0.201932649479, -0.564367595537, 0.80044514002,  
353, 1654406.4255364975, 73.36988971805829, 107.29416657884472, 92.40718640458041, 39.83563469082092, -0.162003938196, -0.113525758176, 0.980238045701, 0.934550959857, -0.336571541958, 0.115473376041, 0.316811027963, 0.934789548174, 0.160621521554,  
384, 1792394.8504168135, 75.35551218876795, 134.3774130834968, 83.42869335469432, 38.16834773490817, 0.511386375831, -0.116202358835, 0.851458153062, -0.604569833134, -0.752797546673, 0.260367376197, 0.610720305442, -0.647914242415, -0.455222849819,  
387, 2287045.6861504274, 81.7326180274834, 125.22164475856856, 101.8364377011843, 42.815757105563726, -0.848637459794, 0.225386565217, -0.478555491092, 0.52755794935, 0.426793760632, -0.734526851764, -0.0386920135357, 0.875812755162, 0.481097647036,  
394, 996992.7196570172, 61.97280105451099, 126.7637260422027, 76.97312621870522, 24.393226924976055, -0.876284131887, 0.480825365411, 0.0305464921088, 0.11404621896, 0.145409380619, 0.982776460834, 0.4681021044, 0.864675129748, -0.182256247769,  
397, 936118.5331156899, 60.68491454364098, 143.19666771955383, 59.323271373792885, 26.30778174577567, -0.958854317308, -0.17804183758, -0.221132318424, -0.138261102327, -0.387448350636, 0.911464559472, -0.247956177103, 0.904535726028, 0.346890263016,  
411, 308500.70215473184, 41.9169025061023, 103.86614547365045, 54.14945358056609, 13.094817615855012, 0.847127158839, -0.115959251837, -0.518583675669, -0.230559191126, -0.95946400068, -0.162084208939, -0.478767204541, 0.256870168204, -0.839523484211,  
428, 426637.92064634635, 46.700724153671516, 105.187331195567, 83.893034718755, 11.54201152525385, 0.558529446809, 0.421505778874, 0.714407261597, 0.765590463117, 0.0695181756189, -0.639561151137, -0.319243010623, 0.904157122205, -0.283872856283,  
433, 1352915.548529447, 68.6110437685976, 94.44379398428997, 84.69765968373679, 40.377297075781804, 0.0340650908795, -0.879694479379, 0.474317607235, -0.765503782764, -0.328083294408, -0.553502764676, 0.642529009584, -0.344236800589, -0.684585638881,  
455, 1242472.6854670974, 66.69082351432225, 124.30154618518215, 84.12677723750923, 28.36530500001039, 0.496381576668, 0.850961766349, 0.171666544664, 0.789291745575, -0.360075234836, -0.497357382197, 0.361419245077, -0.382374028237, 0.850391810766,  
459, 1892601.6826849936, 76.73441811967696, 123.99733462438675, 92.12093466748371, 39.55486685264986, 0.0815951067295, -0.230997135324, 0.969526978495, 0.435545575467, -0.86670414985, -0.24315420688, 0.896460980885, 0.442113379242, 0.0298909626261,  
543, 1660017.9420232947, 73.45274959250514, 122.43946916483591, 100.24889044574034, 32.28666296226828, -0.527244528815, 0.554666994083, -0.643706247064, 0.281359625085, 0.828783409626, 0.483688764911, -0.801779251544, -0.0739093066098, 0.5930324158,  
548, 1513944.116853168, 71.23177149069079, 123.20402942443133, 95.16705468162938, 30.825469143150915, -0.851867437298, 0.0825349422052, 0.517213546406, 0.000305500018026, -0.987427378148, 0.158073019689, -0.523757363615, -0.134815266937, -0.841132015715,  
558, 2111387.0120354844, 79.58411884560019, 141.78016685822314, 88.7734451526399, 40.04798584969374, 0.731523450283, 0.598342727585, -0.326893594357, 0.616946962697, -0.784992874752, -0.0562372812971, 0.290258310656, 0.160537120115, 0.943386424622,  
587, 1050254.281227182, 63.05728731720424, 115.05075648892519, 48.694298219340304, 44.75465992922572, 0.459038777108, 0.795436726988, 0.395681455807, 0.694856025673, -0.0439298126861, -0.717805875668, 0.553586944117, -0.604442375182, 0.572879490283,  
592, 781681.9423816762, 57.145296452764335, 138.2179935873095, 64.99077307694596, 20.77424182645391, 0.790361590049, 0.198706164297, 0.579520851433, 0.502710931552, 0.330305169753, -0.79886182418, 0.350157502094, -0.922721168666, -0.161168758209,  
598, 1982178.0388717966, 77.92641259728717, 137.24584586168805, 88.8279740126543, 38.81549114972426, 0.487866704216, 0.259899814548, -0.833329565847, -0.670730471046, 0.72258329758, -0.167314115573, -0.558665118052, -0.64056651837, -0.526847056948,  
616, 818937.7974016719, 58.039113313311304, 105.93843886546563, 74.12534582847351, 24.896712569542085, -0.138274127217, 0.969276371189, -0.203429550452, 0.877561346925, 0.215122051831, 0.428495723665, 0.459092962401, -0.119272038093, -0.880345291805,  
637, 793089.212358023, 57.421933397068614, 102.5049469538333, 78.32863557977487, 23.58131646018949, 0.852680799885, -0.00771783017147, 0.522375237358, -0.195974546278, -0.931600501201, 0.306128213946, -0.484282387372, 0.363401900463, 0.795870358803,  
654, 2151697.4138119975, 80.08740027020679, 109.16554936484565, 84.3854360677428, 55.76214673762786, 0.114019016621, -0.394820892752, 0.911655706117, -0.11937715594, 0.905546425971, 0.407105348837, 0.986280263662, 0.155248616928, -0.0561169177119,  
671, 1127391.5859112442, 64.56473804173964, 126.0029045878101, 85.57577494083016, 24.96058632961442, 0.0868294516145, -0.279104640479, 0.956326955594, 0.256633936035, -0.921287293974, -0.292179302549, 0.962600472266, 0.270795719364, -0.00836714806358,  
687, 1940972.0215242195, 77.38264235195204, 159.05086696184503, 84.04831277252684, 34.66295837031267, 0.385619691357, -0.10369890588, -0.916811862138, 0.469794364237, 0.87727764949, 0.0983726640741, 0.794097417808, -0.468647482256, 0.387012697991,  
696, 461038.0089887243, 47.92359330181347, 116.87411249738366, 34.61090450562234, 27.209267271091996, 0.861558092211, 0.311701645733, 0.400699061384, -0.351938174355, -0.202116841636, 0.913941083308, 0.365864968503, -0.928434632257, -0.0644356923414,  
713, 1388055.9045184494, 69.20000346222184, 112.88778171286155, 73.957859281579, 39.69054638632643, 0.316488881119, 0.239619275796, -0.91783298633, 0.240004779386, -0.956315705826, -0.166907089909, -0.917732256162, -0.167460065262, -0.360173059157,  
736, 3367339.6531362864, 92.9821188229166, 109.62461503157172, 94.1824563441794, 77.8610437046837, -0.706634553259, 0.459292612288, 0.538254497834, 0.702154510012, 0.549173555572, 0.4531969218, 0.0874451382834, -0.698182427563, 0.710559389237,  
742, 2235219.0290105813, 81.11051500248362, 123.60124262623165, 82.08019331511076, 52.598125765680734, -0.21440711661, -0.608774828242, 0.763821181197, -0.960327621941, 0.274160446503, -0.0510578897922, 0.178326797997, 0.744465753458, 0.643405233927,  
745, 3508775.1099593015, 94.26612207876032, 141.5794873142948, 91.35314828079632, 64.76540267098689, 0.864331538287, 0.253116091567, 0.434583980505, 0.278428161271, -0.960440529217, 0.00563461175177, 0.41881827913, 0.116130245967, -0.900613688014,  
752, 1776084.6754811693, 75.12624563707219, 114.29489820029124, 85.86990540330427, 43.20233579161979, -0.032321873223, -0.514761967675, 0.856723650395, -0.997244384597, -0.0406581880435, -0.0620527931336, 0.0667752491722, -0.856368512021, -0.512029332868,  
763, 1342878.7176736444, 68.44095495079003, 126.22307996251261, 68.2693612344354, 37.203480315906035, -0.488968807833, -0.77724501403, -0.395979409984, -0.863956312853, 0.368875958788, 0.34279734029, 0.120370239045, -0.509726117826, 0.851874574312,  
773, 328973.15604562307, 42.82433397536823, 121.76483053121478, 66.31532690100029, 9.726040384653619, 0.362017144504, -0.604301364515, 0.709762951929, -0.656110556002, 0.375679818835, 0.65451020773, -0.662165028817, -0.702626881471, -0.260485969002,  
782, 1841066.5370432534, 76.0315116266125, 103.04319188067896, 84.35744539394601, 50.56361927912302, -0.200814904204, 0.715353162952, 0.669285609067, 0.977054981488, 0.195751569399, 0.0839338205194, 0.0709713843637, -0.670784000504, 0.738249204042,  
791, 1583207.125385643, 72.30189978187018, 125.69400433757812, 86.20862282410393, 34.88059278515906, 0.332595472676, -0.569705738212, 0.751542163424, -0.66635564417, -0.705885474222, -0.240199610251, 0.667345792703, -0.420905059521, -0.614400947128,  
824, 1129914.982213689, 64.61287305235972, 118.53297323167477, 75.35201378747948, 30.20112469048097, 0.0664975736049, -0.986747934887, -0.148008735218, 0.97118060172, 0.0980351466462, -0.217249508319, 0.228880561751, -0.129296647358, 0.96482955253,  
831, 2770913.881229805, 87.13209166040359, 134.8124355305033, 86.44164311952704, 56.76510567821833, -0.094283580258, -0.609268171845, 0.787339127232, -0.992910427654, 0.11505046404, -0.0298709454232, 0.0723843156357, 0.784573569209, 0.615796090723,  
864, 1657271.4880082218, 73.41221871407686, 98.14813935357787, 77.40516021528707, 52.07785219680574, 0.654881827937, 0.36857630133, -0.659758517592, 0.30901679981, 0.666090356705, 0.678846266941, 0.689665432563, -0.648440549936, 0.322314201248,  
869, 930285.6069621948, 60.558609892529596, 128.70260941961763, 102.78851983564245, 16.787875044507185, -0.502875722478, 0.664620133245, -0.552626534133, 0.214762792454, 0.71537304042, 0.66491981172, -0.837253217802, -0.215688413054, 0.502479410279,  
945, 611791.4185265636, 52.66291855943402, 106.66695123518907, 84.3706850352289, 16.229058065073627, 0.90524038028, 0.424371228262, -0.0211876033222, -0.221809090753, 0.514503115596, 0.828303852038, -0.362409410985, 0.745114490978, -0.5598783923,  
957, 1237563.8564781842, 66.60287901035055, 99.4431865263966, 75.57062943575255, 39.314335187681685, 0.83508916455, -0.550113498701, -0.00110715733974, -0.407244682945, -0.619560456712, 0.671041435898, -0.369834902983, -0.559928548143, -0.741419021546,  
968, 2143479.4950702935, 79.98531165669903, 110.15021252234264, 83.72111017187709, 55.4894481867518, -0.0501515850625, 0.966656677169, 0.251116879163, -0.617386199635, -0.227644859217, 0.753002057482, 0.785059933391, -0.117271848952, 0.60821724279,  
980, 465465.2475713028, 48.07650451554292, 117.60028932619463, 90.77539646157216, 10.409313954944425, -0.574318683707, -0.159076308656, -0.803027258298, -0.287453629804, 0.957662977065, 0.0158755494732, -0.766504051038, -0.239950724906, 0.595730802762,  
995, 3894246.033699596, 97.59890061143167, 151.17278219648202, 91.21519914862154, 67.42080914196136, 0.605109903472, -0.521260517153, 0.60177194848, -0.389670035076, 0.465222425515, 0.794811523924, -0.694261671479, -0.715440820791, 0.0783910929938,  
1009, 544295.33283396, 50.65029747473218, 82.40574764701998, 74.24739953986067, 21.237688652439413, -0.84932567955, 0.507115011958, 0.14656143662, 0.394364845525, 0.425014719772, 0.814763067763, -0.350887814937, -0.749797874513, 0.560964249043,  
1015, 2127692.5790981534, 79.78846129225091, 120.46692353199259, 84.94728568702284, 49.63670491692085, -0.868188671368, 0.490592676987, 0.0746140482493, 0.480470562866, 0.868649944699, -0.120811058241, 0.124082509357, 0.0690369383804, 0.989867381022,  
1020, 1877433.9337763784, 76.5288789159872, 139.57700407154377, 77.9441991582329, 41.198213367791475, 0.219665502273, -0.885402858921, 0.409644778468, -0.811585120246, 0.0671611017518, 0.580361076406, 0.541365550905, 0.459946914139, 0.703826808574,  
1029, 1592932.6520299742, 72.44964610560815, 108.79919486319683, 78.6405569791225, 44.44639514425687, 0.643227274843, -0.759504097079, -0.0970164904401, 0.382567985106, 0.209039460191, 0.899969022164, -0.663249884787, -0.61600002484, 0.425021834413,  
1030, 2511933.105349653, 84.32826273890534, 130.31839297889528, 83.12730134594233, 55.35668346738431, -0.624545665842, -0.298667495946, -0.721623473941, -0.779778473019, 0.187059965366, 0.597456360225, 0.0434539330032, -0.935845230913, 0.349721974551,  
1034, 1942501.6698555332, 77.40296501285798, 146.13045404244036, 65.4316583076598, 48.500267124472344, -0.507119602891, 0.555563693588, 0.658922370792, -0.245434829714, -0.825954873402, 0.507503981725, 0.826190929947, 0.0956427178077, 0.555212587936,  
1057, 1477283.380123219, 70.65209879264786, 116.23022941074943, 75.48750706431807, 40.19583218013744, 0.692143567992, -0.355288982099, -0.628257129276, -0.496874279143, -0.865900858738, -0.057720477843, 0.523500937929, -0.352115665706, 0.775861666762,  
1061, 408780.62607674894, 46.03984982860266, 125.0636610957631, 50.10955392373887, 15.572201707027473, -0.876006413732, 0.153265912451, 0.457298942903, 0.466023867528, 0.0247466633878, 0.884426004562, -0.124235735577, -0.987875074456, 0.093103809127,  
1093, 244089.34637007525, 38.76919097609017, 94.53587421504825, 46.88339603417722, 13.147540214100355, -0.633989781525, -0.427976086707, 0.644122213659, -0.72128291398, 0.0268127796931, -0.692121400367, -0.278940701445, 0.903392242634, 0.325690867274,  
1095, 1823333.754244213, 75.78661693127174, 105.2119455593981, 73.43584064375709, 56.33839108956798, 0.205011975438, 0.385237148449, 0.899756872373, -0.573336253132, 0.792320072211, -0.208601160153, -0.793256346191, -0.473097498014, 0.383305526441,  
1104, 2210106.461990154, 80.80561284028877, 110.77718554459979, 75.75341245246901, 62.87413985904545, -0.937229843397, -0.318266749629, -0.142500865708, 0.0452170912851, -0.516117735117, 0.85532327114, -0.345768181449, 0.795191020811, 0.498112040729,  
1105, 1442359.9836337173, 70.09090785229218, 134.99655708796294, 56.715276220575234, 44.974082431958884, -0.881911912955, -0.0493017284228, -0.468829091848, -0.399961022205, 0.604660968156, 0.688778842812, -0.249524665125, -0.794955629682, 0.552976480812,  
1111, 3818180.395404508, 96.95925682231643, 133.03070836455365, 92.24905672784854, 74.27693874699935, 0.271821546186, -0.653004417486, -0.706893399158, -0.679106644836, -0.650612998774, 0.339877758563, -0.681855711987, 0.387669906711, -0.620310270318,  
1146, 648189.075606603, 53.687234401129224, 97.34264691088374, 74.98358958867892, 21.200383629442236, 0.106599871064, -0.151308085628, 0.982721898969, 0.980164619618, -0.150083457186, -0.129430577255, 0.167074192916, 0.97702651914, 0.13230795501,  
1164, 1060033.4705981058, 63.25239723100317, 99.09801663032951, 69.62772806771343, 36.676153527573895, 0.890695741527, 0.402485909916, 0.211343768172, -0.310211996991, 0.198281756607, 0.929759572104, 0.332309513781, -0.893694263893, 0.301464674108,  
1166, 1814516.2833878228, 75.66425381846585, 117.23118180539818, 77.58107793723181, 47.62920229755658, -0.828938772498, 0.482318295639, -0.283248253555, 0.555500854826, 0.650663769117, -0.51774072647, 0.06541644852, 0.58652000925, 0.807288651606,  
1175, 1431993.8110789428, 69.92259063708762, 105.31421681871667, 65.26261968095318, 49.73945549025646, -0.407332720156, -0.589858963623, 0.697242036975, -0.210444765721, 0.80352529972, 0.556830399036, -0.888703018827, 0.0800843039829, -0.451434877457,  
1182, 2180659.046956622, 80.44512288210538, 101.93614758449756, 88.78987705064952, 57.51849144102104, -0.585812940484, 0.0393774229982, -0.809489108833, -0.795098702924, -0.221385288915, 0.56462961883, 0.156975320894, -0.974391077756, -0.160999305029,  
1195, 1849512.9945717747, 76.1476068943237, 121.71635219515878, 76.11042996601611, 47.662374430611784, -0.40763924533, -0.632159642195, 0.658941903696, -0.883797612232, 0.091664582312, -0.458802119614, -0.229634549403, 0.769397030882, 0.596067263478,  
1201, 3280811.758195146, 92.17876838561742, 119.41448380663627, 107.26179429583922, 61.1491803606512, -0.73907865376, -0.672674808105, 0.0356559405576, 0.0828465699219, -0.0382397757136, 0.995828381502, 0.668505190262, -0.73894947195, -0.0839910024788,  
1207, 95466.6796877995, 28.352263487945574, 101.10710084343883, 47.29573458753169, 4.766060775652202, 0.0690361543284, -0.574030272735, 0.81591865733, 0.764080902112, -0.495424765557, -0.413200528436, 0.641415921554, 0.651953639193, 0.404403348058,  
1208, 976141.2084919966, 61.53771214490302, 108.62634187303935, 63.05956893572081, 34.0202801697517, 0.338813020509, -0.764903904051, 0.547839168644, -0.79786228824, 0.0749993262518, 0.598156225468, 0.498619600636, 0.639763330169, 0.584877230906,  
1215, 1165082.8003316429, 65.27637978982258, 104.87971698334717, 67.72095185009543, 39.160986293431506, 0.41048172018, 0.335259880109, 0.848000925818, 0.416795455962, -0.896112096291, 0.152527567249, 0.8110402612, 0.290833154354, -0.507572429355,  
1216, 2077565.719736582, 79.15688956801935, 112.60078326049768, 75.42278930333161, 58.401252375847875, 0.377334214146, 0.811649601901, 0.445919067285, 0.767295110096, -0.543619383214, 0.340200206079, -0.518533610152, -0.213782342413, 0.82790096341,  
1224, 744297.2795797657, 56.21936562834244, 103.95273589746976, 60.480448041881665, 28.26226073548255, 0.384480837194, 0.213041256626, -0.898213732252, 0.662311294905, 0.614134416873, 0.429165080887, 0.643053834817, -0.759902849703, 0.0950232842045,  
1238, 432513.5472694455, 46.914133777297344, 105.15455852486075, 60.78298739916612, 16.154776728932628, -0.629990014397, -0.564907053684, -0.532909563113, -0.742550478027, 0.237195170926, 0.626384257841, 0.22744531066, -0.79032807845, 0.568902591901,  
1241, 2314118.301515657, 82.05385367185444, 111.51511761394885, 85.01692407939956, 58.27171672035368, -0.220710786441, 0.878781803804, 0.423118529554, 0.974918489, 0.186032803817, 0.122170928255, -0.0286476623042, -0.439470519156, 0.897800074759,  
1248, 582002.7902274274, 51.7939244720374, 101.7890675972966, 47.24183631518099, 28.894058698932575, -0.948483080242, 0.294742180364, -0.116219161968, -0.0106009635815, 0.337092151919, 0.94141197182, 0.316650384597, 0.894145361912, -0.316601651457,  
1249, 1683166.9598124889, 73.79260853322887, 104.97740021096463, 79.51244944016499, 48.14017254615233, -0.733044307526, -0.408016602227, -0.544213648773, -0.0487886919253, -0.766499203638, 0.640389439609, -0.678428851645, 0.495985305356, 0.541971281644,  
1253, 2741690.5384280025, 86.82469665549834, 140.98407148512672, 122.1669528066612, 38.00196329166239, -0.379843106486, -0.0139969728243, 0.924945024965, 0.921326835268, -0.0953546111188, 0.376914261807, -0.0829221144822, -0.995344956731, -0.0491155783807,  
1259, 1617398.8409810928, 72.81868625425673, 131.3452922157456, 98.11842291711767, 29.961492820406253, -0.57620413502, -0.285892566813, -0.765672407122, -0.0926153304981, -0.907950741551, 0.408714877969, 0.812041375389, -0.306416205769, -0.496686937114,  
1263, 350305.03093677916, 43.73064890410634, 129.71275028740473, 77.18106574380626, 8.353420164419333, 0.619594198279, 0.684247362144, 0.384588841306, 0.548066177944, -0.727888803481, 0.412069598928, 0.561895447617, -0.0445357964483, -0.826008516168,  
1267, 853727.0963685752, 58.84959595677296, 133.2734762456268, 73.88307530418258, 20.69863786531315, 0.385656672471, -0.876462211553, -0.288241084336, 0.543212665886, -0.0368290643863, 0.838786993007, -0.745780752366, -0.480060008475, 0.461902000064,  
1270, 1954302.732262057, 77.55939450875864, 111.52476505753039, 84.08626085200004, 49.7515793875612, -0.77675369372, -0.473882656958, -0.414836023901, 0.0345632393898, -0.689755950735, 0.723216503482, -0.628855374291, 0.547423013638, 0.552149402214,  
1273, 1525628.3573115664, 71.41455171745123, 123.3723621410466, 71.68047001598133, 41.185222710792246, -0.623251580407, 0.628915834159, 0.464782036082, 0.780558280148, 0.46395349426, 0.418898467956, -0.0478146296931, -0.623868598911, 0.780065210402,  
1275, 580858.996800375, 51.759972514893484, 95.92258966650294, 57.88472077669603, 24.97452709232198, -0.0971624424688, 0.251374625693, 0.96300065282, 0.38014732545, -0.884844706312, 0.269328529243, 0.91980838805, 0.392250740304, -0.00958571877241,  
1279, 368610.3048934062, 44.479471766734655, 95.13661220475205, 76.23287643923354, 12.133577647437637, 0.924319260025, -0.356650066652, -0.1357742078, -0.00226930940912, -0.360914228754, 0.932596252254, 0.381613359019, 0.861708564098, 0.334409322206,  
1283, 3342834.0971397166, 92.75601269715544, 131.61794939131914, 96.7115026894954, 62.695008052487985, 0.852899565843, 0.515779195781, 0.0808341003812, 0.441074308629, -0.629045222582, -0.640121521442, 0.279313058865, -0.581613212664, 0.764009349421,  
1290, 3016873.9880975015, 89.63745560122608, 124.8044515498358, 96.83487396255487, 59.59457040313017, 0.614463688408, 0.579829695377, -0.535006448548, 0.234744777195, 0.513046434068, 0.825638084193, 0.75321262948, -0.632914592065, 0.179136411549,  
1310, 4393072.474011077, 101.59989354695774, 128.6905340122224, 107.92949813719497, 75.50800537565729, 0.106209403751, -0.672270812743, 0.732646925121, -0.838966733709, -0.456074684053, -0.296868156418, 0.53371751169, -0.583136207845, -0.612452268194,  
1315, 877828.0493833192, 59.39824520148911, 132.2227139785833, 55.02639632383565, 28.803396678667923, -0.913204441603, -0.155817247551, 0.376535035823, -0.0711239799322, 0.970770936248, 0.229227329993, -0.401246840879, 0.182550745554, -0.897594673548,  
1319, 1674342.0299814646, 73.66341635132147, 117.56741078418399, 85.81244336069129, 39.62035369743707, 0.160031403632, -0.982446343938, -0.0958599558495, 0.414877566751, 0.155060215403, -0.89656730601, 0.895693337286, 0.103708779199, 0.432409452554,  
1320, 1597766.7251481775, 72.52285974805356, 116.5480810358909, 86.3091988913641, 37.919495464897395, 0.416306319786, -0.730975896824, 0.54070628475, -0.410820210483, 0.379297488771, 0.82907187244, -0.811120091457, -0.567280929764, -0.142395730137,  
1328, 1706538.0529135438, 74.13258129057914, 96.01354629898367, 76.05848526044453, 55.78882115265484, 0.537523742561, 0.159976040223, 0.827934715263, -0.347282065164, 0.936705499566, 0.0444744229664, -0.768416158991, -0.311432936018, 0.55905825543,  
1330, 2708864.7976214024, 86.47679260087641, 122.52018200643703, 100.06088329162152, 52.7505211431837, -0.655322735377, 0.439334868027, 0.614440384606, 0.750327339106, 0.284979742968, 0.596485901165, -0.0869539917941, -0.851922191185, 0.516398667191,  
1331, 719167.1866488333, 55.57938686448603, 127.56896259640035, 59.3852835839431, 22.662999846878826, -0.274635753382, -0.152750676798, -0.949337892271, -0.0700476213165, -0.981499732913, 0.178189800606, -0.958993500349, 0.115436151314, 0.258855097028,  
1336, 2141220.4246269963, 79.9572022252904, 112.93275688882306, 83.24198974252903, 54.376391685383076, -0.956162009453, 0.287685339615, 0.0546932998627, 0.292797660421, 0.93609941156, 0.194903621642, -0.00487254876669, -0.20237350876, 0.979296288781,  
1338, 2679948.152978764, 86.16798308091111, 136.28210882795733, 77.60727950824037, 60.49179586520136, 0.318903899224, -0.640124761662, 0.698956788769, 0.429485435294, 0.755000800814, 0.495495763494, -0.844892042766, 0.142176229649, 0.515696961202,  
1342, 2591401.2497743317, 85.20832304489184, 116.79292408390269, 88.98608676322573, 59.52609787054791, -0.679240129976, -0.602330422399, 0.41932196232, -0.711269449889, 0.681093417248, -0.173803126082, 0.180910517896, 0.416304959416, 0.891045209448,  
1343, 3093077.5908369045, 90.38591005254727, 122.98218017495427, 81.83209465970795, 73.37301234879922, -0.950248466777, 0.277781271061, 0.140944729719, 0.310993870245, 0.871652488443, 0.378820210736, 0.0176256647509, -0.403806271422, 0.914674713274,  
1346, 763186.8011617485, 56.69099513708736, 123.26373435726016, 46.677352096830894, 31.666546991015437, 0.090003172305, 0.163782884298, 0.982382102741, 0.857159177774, 0.489522319112, -0.160143819888, 0.507126781912, -0.856471287261, 0.096329440804,  
1353, 994527.7917665978, 61.92168581985607, 104.81347242814628, 79.6678573709674, 28.433352430944915, -0.100952880102, 0.946318815809, 0.307065489506, 0.526513906763, -0.211061020189, 0.823551062013, 0.844151421242, 0.244814102133, -0.476942798889,  
1356, 206443.6237636996, 36.663812351436576, 133.0748584708888, 109.60557440247749, 3.378969013298806, 0.934649604811, -0.330112456236, 0.13212071172, -0.100591689675, 0.11091146749, 0.988726432512, 0.341044613204, 0.937403015046, -0.0704567895026,  
1358, 2903433.27740837, 88.49955364051065, 97.59352239852775, 92.3764231517328, 76.88490915762925, -0.678180837422, 0.100949248601, 0.727928568584, -0.715661420514, -0.315851982327, -0.622949641984, -0.167031383105, 0.943422903298, -0.28645024453,  
1363, 106026.52815977606, 29.361302026461864, 134.00022010429754, 35.67964195061361, 5.2941949825168395, -0.884823759324, -0.182992593916, 0.428486435618, -0.414823791615, -0.109344346529, -0.903307830029, -0.212151212221, 0.977014597872, -0.020840794111,  
1366, 2505772.331401229, 84.25926505817269, 111.91910738437949, 105.02987096309721, 50.890407737394, 0.677401943142, -0.593065033355, -0.435201647102, 0.022656739916, -0.574516096896, 0.818179641976, 0.735264088314, 0.564096729843, 0.37574140019,  
1367, 2777866.1944810124, 87.20490321819416, 146.29351248924223, 74.49371340973055, 60.85244354469729, -0.270604595901, 0.566027992327, -0.778707560372, 0.923395676767, -0.0761324908964, -0.376223694041, 0.272238088455, 0.820863055407, 0.50206599911,  
1373, 3746075.73355751, 96.34502962697061, 119.21293195579548, 101.68802531822566, 73.77254411180779, 0.414153756177, 0.845514579882, 0.337018933373, -0.402331270443, -0.162076703192, 0.901033124311, -0.816459561196, 0.508759508501, -0.273052279686,  
1375, 3109713.034666004, 90.54766072520913, 132.25539451057884, 79.07607444769798, 70.98608222495501, 0.388273818795, -0.674656797459, 0.627759227158, -0.554159638994, 0.373345958902, 0.74398917296, -0.736308723396, -0.636750344024, -0.22890710613,  
1381, 1802547.1699387212, 75.49751835347458, 118.71090663946251, 88.97721553855041, 40.74071029320213, 0.870777149369, -0.339915287886, -0.355253083305, -0.195872247209, -0.902544917964, 0.383466731062, -0.450978069211, -0.264329847198, -0.852495462141,  
1384, 3573472.286404164, 94.84197801664558, 124.32637508663286, 95.28633999126237, 72.01250061361883, -0.14116545943, -0.822351201776, -0.551190360947, -0.954308048946, 0.261159550213, -0.14523028971, 0.263378930024, 0.505503897383, -0.821643078806,  
1394, 2131174.123530964, 79.83195687664615, 144.59570556496183, 108.32736320032335, 32.48155096149439, -0.14258282174, -0.439136538311, 0.88703395632, -0.0810029772167, 0.89836133776, 0.431723782644, 0.986462699055, 0.0102959962126, 0.163662261488,  
1396, 2313181.833096283, 82.04278376672035, 100.66259945237272, 87.67319020523637, 62.57288983181482, -0.403496913191, -0.299374510464, 0.864618495945, -0.626832601874, 0.778818485638, -0.0228616634482, -0.666536668363, -0.551195672074, -0.50190855822,  
1399, 3447770.9994812454, 93.71661657777564, 121.69613492012677, 102.71576566431091, 65.84698737997584, 0.0958211921571, 0.917354564592, 0.386366279528, -0.983133237265, 0.0264744154801, 0.180964480244, 0.155779770569, -0.397189763397, 0.90441857286,  
1400, 2598870.548338852, 85.29011095757045, 114.1171327744031, 107.81082679520081, 50.42928494985038, -0.877553892262, 0.0819348327598, 0.472425496091, 0.471812666004, -0.0279143002593, 0.881256829783, -0.0853930581148, -0.996246693857, 0.0141615890407,  
1403, 1487429.3612191638, 70.81347609454627, 155.1979244578106, 61.86024095985387, 36.98709514353697, 0.307729739329, 0.812878284505, -0.494501063814, -0.634905330089, 0.562521643526, 0.529589107128, 0.708659036037, 0.150991043262, 0.689205394275,  
1408, 2939995.717632093, 88.86949169982394, 108.87854252890986, 84.8604970146021, 75.96441869317407, -0.337959420495, -0.89903676692, 0.278417531462, -0.939217361259, 0.341167092031, -0.038415668992, 0.0604498007297, 0.274477516458, 0.959691572616,  
1417, 1610972.5271350183, 72.7221162023203, 115.03945860585692, 65.70236795344582, 50.88287870940431, 0.554652535305, -0.754263753369, -0.351349904559, -0.726432942346, -0.644861094268, 0.237590718197, 0.405777950798, -0.123451850749, 0.90559587852,  
1418, 2106451.7924561747, 79.52206303148003, 113.4206387737858, 75.14701951330653, 59.00095836724454, -0.224443263885, -0.67676970289, -0.701147623933, 0.0330584688288, -0.724377922724, 0.688610022225, -0.973926259496, 0.131375014062, 0.18495471539,  
1423, 1604082.7803580128, 72.61829631893862, 98.79290257274556, 71.71650366965997, 54.04970319629551, 0.783896674869, -0.599925342993, 0.159986205543, -0.560884932055, -0.794738655994, -0.231945169518, -0.266297007349, -0.0920871951114, 0.959482075066,  
1426, 965769.5605590277, 61.31898647624062, 123.04309102440277, 54.482217763721316, 34.393224400400776, -0.951352181798, -0.0215978070479, -0.307347622276, 0.0111848092917, -0.999303470054, 0.0356016120277, -0.3079024622, 0.0304320467367, 0.950931103867,  
1432, 1091555.7196473002, 63.87326259144465, 116.74542231294892, 56.50099038002403, 39.505847176710105, -0.166030244718, -0.967181231938, -0.192339341857, -0.00250840836992, -0.194631604733, 0.98087320604, -0.986117470551, 0.163337084051, 0.0298886474663,  
1437, 3052069.684131568, 89.9846873263467, 113.30517139095855, 99.38310108178464, 64.70585194570371, -0.766378107473, 0.365058699086, 0.528579930198, 0.629325307941, 0.26155923233, 0.731803542468, -0.128896288432, -0.893486941261, 0.430193947684,  
1450, 1001320.2405349762, 62.0623374798474, 105.54632399637913, 58.72804336422622, 38.56521366242738, -0.58016538894, -0.0272784610812, 0.814041772293, 0.180242818602, 0.970360495897, 0.160975260042, -0.794305135209, 0.24011745785, -0.558052827801,  
1451, 2418455.6021453408, 83.26896563849455, 108.07353703292222, 95.08584320355403, 56.18421047637601, -0.75901359682, 0.639967460905, 0.11974977589, 0.238538098645, 0.102202831061, 0.965740211868, -0.605803545168, -0.761574835657, 0.230229959727,  
1452, 1941806.22125392, 77.39372671808843, 140.9902031287398, 68.04127655163306, 48.323222669895976, 0.148884846625, 0.0735734386651, 0.986113711277, -0.820620910967, 0.565602834053, 0.0816991713278, 0.551737820826, 0.821389300657, -0.144585593459,  
1456, 561971.4144555557, 51.19275928215769, 141.1293609458306, 54.142459990300516, 17.557806420583717, 0.929915488274, -0.363444187761, -0.0562628389937, -0.147440338385, -0.508565408082, 0.848305706876, -0.336925112281, -0.780557203596, -0.526509183803,  
1458, 1519036.0995020906, 71.3115421710426, 107.31108370297258, 73.59375320635249, 45.91916189309648, -0.438562934158, -0.897843282166, 0.0392427503077, -0.874783938977, 0.436491295911, 0.210305512772, 0.205950510781, -0.0579032750602, 0.976847786426,  
1464, 2345147.1419363897, 82.41896615624702, 120.82326378951782, 89.96679885361647, 51.504912838693414, -0.770122932183, -0.574559137931, -0.277114536512, -0.603120524575, 0.514367041635, 0.609649226454, 0.207740949652, -0.636638314508, 0.74265426299,  
1481, 1076429.9293896407, 63.57685663546934, 116.63278875322521, 71.65845603033127, 30.747446090007823, -0.97349843876, 0.0825615613351, 0.213270669157, 0.227322039204, 0.247355057133, 0.941881184759, -0.0250096026518, -0.965400986275, 0.259567824421,  
1484, 1785443.7422095125, 75.25797361614626, 122.52235404290646, 68.17389541108057, 51.029829679340004, -0.778024651805, -0.621770164836, 0.0898860573345, -0.0238058874309, 0.172153292906, 0.984782475202, -0.62778254269, 0.764045225011, -0.148741296323,  
1488, 2158426.2648207396, 80.17079728255891, 135.08118025436517, 79.72645150027363, 47.84662692453236, 0.438552506711, -0.395318792151, -0.807090299427, -0.827689247646, 0.17222908325, -0.53410453304, -0.350145981255, -0.902252844526, 0.251669617468,  
1489, 3724412.7628218825, 96.15895439843824, 115.21651191307089, 100.86648517020585, 76.50812984108656, 0.278863832577, -0.944899655333, -0.171463127906, -0.427615361939, -0.282045586779, 0.858833737817, -0.859872121373, -0.166177400175, -0.482705921402,  
1492, 432494.4236878721, 46.91344233114269, 99.07450340484719, 54.58704127495713, 19.09151721859494, 0.405154495705, 0.335880148833, 0.850314271449, -0.34717662702, -0.80387763049, 0.482958740318, 0.845764875282, -0.490882145549, -0.209084898835,  
1493, 2663404.0732919117, 85.99030382720787, 139.82097986887572, 89.23751718234638, 50.95990742278359, 0.664134490926, -0.363723792473, -0.653169488534, -0.291890757301, -0.930483924165, 0.221358199923, -0.688276952807, 0.0436425212364, -0.724134080523,  
1495, 832509.4552764181, 58.357971620556654, 97.7408523064554, 79.11792140940523, 25.700973552781218, 0.163456584442, 0.810676145352, -0.562215378979, -0.267829399417, 0.584941916985, 0.765578452258, 0.949499530179, 0.0254389683661, 0.312735512979,  
1498, 1558388.7176376686, 71.92210592859952, 114.99245368031785, 85.79109286081176, 37.71165958690549, -0.271709991354, -0.687818114586, 0.673112116847, -0.932502719381, 0.0152420139192, -0.360841183014, -0.237933517911, 0.725723034124, 0.645533669761,  
1500, 1496272.3619658174, 70.95353131582264, 88.09290872553022, 68.37744149363024, 59.30185082730867, -0.870796710506, -0.154579588429, -0.466710016834, 0.119171263969, -0.987341450418, 0.104666470896, -0.476981444939, 0.0355247959432, 0.878195132107,  
1509, 2074263.4289892379, 79.11492736807634, 104.06862865853589, 85.7793278224822, 55.471873077582096, 0.750490606294, 0.438694468367, -0.494278275153, -0.49394889323, 0.869225411231, 0.021486631817, -0.439065303505, -0.22802269162, -0.869038152997,  
