# Void_ID, Void_Volume, r = (a*b*c)**(1/3.0), a, b, c, vector_a, vector_b, vector_c 

6, 519058.8860242648, 49.85507114506566, 132.85094411305138, 33.98995776015359, 27.44180987359628, -0.637257302204, -0.168133681174, -0.752086561536, -0.261879602492, -0.870591038423, 0.41652168925, -0.724791145494, 0.462387617776, 0.510759714877,  
10, 1249911.2689849036, 66.82364964903178, 127.13171961403727, 94.07277562927979, 24.95012321858546, -0.968387930659, -0.142376924554, -0.204825845802, 0.0249437921189, -0.872267315496, 0.488392810708, -0.248198757025, 0.467844569992, 0.848244561044,  
11, 1217740.4293480935, 66.24534586792979, 126.14661986518935, 74.96085781033055, 30.743687002595653, 0.161834867754, 0.302311389429, 0.939370693284, -0.314880671786, 0.917977607868, -0.241178925256, -0.935232397917, -0.256758515484, 0.243752798163,  
12, 1100613.441600055, 64.0494494537292, 121.4671641345106, 54.97481304123543, 39.34808037619862, -0.889782356748, 0.426226651641, -0.163150847531, 0.047512930704, 0.442053896915, 0.895729241254, 0.453905143213, 0.789252300379, -0.413583035571,  
58, 2271428.5481471834, 81.54615534474794, 116.93615817812613, 84.92769009973074, 54.602476047712045, 0.34675589596, -0.628717415076, -0.696042211792, -0.893503219838, 0.0043269958334, -0.449035937588, -0.285328485707, -0.777621816236, 0.560260623422,  
59, 1613424.6417928354, 72.7589950779516, 135.3259843224655, 80.3172150574149, 35.438084585758965, 0.0311425606535, 0.995553654076, 0.0888991719384, -0.327631304722, -0.0738605236536, 0.941914195249, 0.944292258298, -0.0584597716469, 0.323874336768,  
74, 623075.6548002645, 52.98472985652012, 122.79205906931574, 58.49324748571124, 20.709812055966022, -0.0807053167465, -0.862325245624, 0.499881808639, -0.996389520059, 0.0830582423277, -0.0175855821336, 0.0263548129644, 0.499496245372, 0.865915079377,  
90, 549042.1443033875, 50.797112289544025, 96.91726952620388, 60.741343477833894, 22.265451651731286, 0.327564474925, -0.658974838974, 0.677092073774, 0.432778649026, 0.741677465113, 0.512461880232, -0.839883417931, 0.125166686237, 0.528137429976,  
99, 654774.764612961, 53.8684452674702, 118.99813913973462, 85.65890288747808, 15.335242431971038, -0.978552194217, -0.00496607193285, -0.205939168985, -0.0678007836404, 0.951773929956, 0.299214705511, 0.194521610446, 0.306760043659, -0.931697171126,  
107, 1797837.1641008137, 75.43170335430894, 105.35399334685849, 88.0029760575287, 46.29279293377378, 0.454268505641, -0.856580918363, 0.244763671893, -0.504450576599, -0.0208723810782, 0.863188252629, -0.734281785524, -0.515590413026, -0.441584403533,  
110, 511886.73228275124, 49.62437933100577, 97.01791421576954, 40.54241966460571, 31.068741772624204, 0.662992396058, 0.229319118231, -0.712638635483, 0.634603636419, 0.33283319987, 0.697495724508, -0.397138901913, 0.914677431162, -0.0751391343392,  
130, 1168119.3580283239, 65.33304058084533, 110.01370562993034, 90.11290160122269, 28.129683409508896, -0.55684337573, 0.751348890165, 0.354119047997, 0.830479624589, 0.495850298529, 0.253842617761, -0.0151343334668, -0.435439234218, 0.900090898329,  
134, 662753.6265279102, 54.08636996386014, 110.28522422525066, 88.08346463053773, 16.28740082952968, 0.598062341716, 0.394496601053, 0.697634479637, -0.612050125044, -0.337155016278, 0.715346866514, -0.517412871752, 0.854809292624, -0.0398119754479,  
137, 466781.610885678, 48.121782927284286, 94.43738655705394, 66.49906362528529, 17.744576515414543, -0.834728183182, 0.0577522196722, -0.547625365851, 0.537543339819, -0.13032388786, -0.833104340446, 0.119482291648, 0.989788040631, -0.077740701094,  
152, 2174976.2290491615, 80.37518184322771, 107.88352278103608, 73.46056781674034, 65.51737748974345, 0.241334020309, 0.930070288068, -0.276996660439, 0.55336818847, 0.102591570546, 0.826594590862, 0.797208591669, -0.352766535977, -0.489912474288,  
162, 1237615.9409031924, 66.60381335243851, 106.40047985608199, 60.292059173715735, 46.0567811052143, 0.695492020236, 0.701571813776, -0.155202576985, 0.631344558018, -0.493543281159, 0.598179804644, -0.343066901419, 0.514015583167, 0.786188960373,  
177, 594477.2116757809, 52.16135533097577, 105.6468323788188, 92.80670201688542, 14.474740351397251, 0.110897906186, 0.651731467588, 0.750298439662, -0.140366316694, -0.737115897148, 0.661027572276, 0.983869377276, -0.178623202093, 0.00973653596944,  
203, 2615885.2733359127, 85.47583680325818, 115.07026779743492, 90.35497896376235, 60.06408571210597, 0.654545514837, -0.634423871559, -0.411189153801, 0.158956810309, -0.416241269731, 0.89525188513, -0.739123062462, -0.651344422383, -0.171602861185,  
220, 1408908.4932920951, 69.54481016232425, 101.73503256653726, 69.6110178074682, 47.494756523755555, 0.169092372846, -0.93563439706, 0.309832284445, 0.890386502048, 0.0102131422391, -0.455090725787, 0.422634175637, 0.352822854651, 0.834803202449,  
224, 853939.3418679882, 58.8544724280268, 104.00019865328625, 72.8979741796577, 26.889875083964032, 0.0249881969472, -0.345460042941, 0.93810071354, 0.748934057331, -0.615104127408, -0.246464379203, 0.662173215846, 0.708734274025, 0.243356448526,  
234, 1810326.2819216305, 75.605968739522, 113.80857970353222, 79.58050688733559, 47.71847353482511, -0.131754387823, -0.730426669655, -0.670162414304, -0.988219694418, 0.0436807548495, 0.146675925838, 0.0778628078997, -0.681592893091, 0.727577151396,  
245, 774264.5313935125, 56.9639703717913, 131.33787236284942, 54.96708039231638, 25.60401714290922, -0.992249969001, -0.12369501173, -0.0118128358566, -0.0975707122707, 0.716747513255, 0.690472996105, 0.0769412446278, -0.686274395789, 0.723261708207,  
261, 3645815.7106484515, 95.47771883832777, 133.56221428891416, 101.45833095194426, 64.2295351132194, 0.399543518723, 0.862578526193, -0.310359892377, -0.257628592782, 0.430566907908, 0.865008465852, 0.879768426819, -0.265650943843, 0.394255109298,  
281, 285428.28492902097, 40.84473971878928, 70.80887094171791, 49.969134463982634, 19.258342324247213, 0.280969545887, -0.551497119856, -0.785434300929, -0.387070859891, -0.814006006803, 0.433093950907, -0.878198305457, 0.182332519536, -0.442179362491,  
284, 1661311.543745483, 73.47182447315161, 107.62801691312883, 91.45126170897792, 40.29465424525576, -0.489358154363, 0.868887019487, 0.0745918502658, -0.846058701894, -0.452275891432, -0.282189990925, -0.211455124571, -0.201201057146, 0.956454319294,  
288, 934952.0360942611, 60.65969758189346, 107.78732688391226, 76.38650227644334, 27.109180961479186, 0.435849465017, 0.4989859544, 0.749031548839, -0.797507444123, 0.599857014718, 0.0644471757571, 0.417153593313, 0.625447503158, -0.659392372098,  
326, 521671.48358317785, 49.938576964915754, 78.63697273039575, 54.71205928076319, 28.94667202757243, 0.509227453832, -0.632955950142, 0.58314163412, -0.685714350453, 0.111061510128, 0.719347739658, 0.520080022541, 0.766180204748, 0.377471408196,  
349, 536855.0972334698, 50.418450044851696, 100.50715268748255, 79.29073609305533, 16.08233306673195, -0.775446297737, -0.610237318664, -0.16215256469, -0.61739364774, 0.678982480448, 0.397250393297, 0.132318264259, -0.408158310161, 0.903271094849,  
375, 1446349.6072255056, 70.15547308100622, 107.01721315349678, 81.50114217386711, 39.588344451592214, -0.721778235609, 0.0473934137935, -0.690499850058, -0.287074759183, 0.887289247309, 0.360979049601, -0.629781121693, -0.458771899684, 0.626820614546,  
386, 2129208.781083063, 79.80740931448734, 109.98636058672837, 78.20627260197588, 59.094793614368974, -0.461587373083, 0.778197059021, -0.425847900478, 0.880871128467, 0.345319131804, -0.323760331484, 0.104895910515, 0.524560801568, 0.844886272474,  
399, 817130.6276110149, 57.99638976776491, 126.29627972069895, 44.29970774925711, 34.86674943109278, -0.587038275441, 0.809222382474, 0.0233494940226, -0.393342362181, -0.310315934879, 0.865439660909, 0.707578864354, 0.498861860904, 0.500468774705,  
403, 20515.926001715703, 16.982469301861922, 107.72108211908963, 82.72252150420273, 0.5496396359228924, -0.947195763214, 0.217184872324, -0.235904466645, 0.306088067371, 0.393173097428, -0.867020767036, 0.0955525047427, 0.893445939435, 0.438889589925,  
406, 1057084.9811775347, 63.19369713237777, 87.69415713833818, 72.61595678754965, 39.629497992570876, -0.18610382721, 0.84157689767, 0.507063793626, -0.256583145837, -0.53979943487, 0.801736652141, -0.948435793699, -0.0191022360694, -0.316393188623,  
422, 2534424.163467587, 84.57919819439633, 108.66687973568183, 89.82380636569145, 61.987202876843035, 0.769986694145, 0.173933819767, 0.613895363382, -0.325158055772, -0.720859261411, 0.61207365897, -0.548992467714, 0.670901596048, 0.498496056969,  
425, 3003604.651361159, 89.50584280018597, 123.44796878233757, 89.9432660215467, 64.58052285875046, -0.502450205132, -0.83516605317, -0.223699474733, -0.835418230295, 0.535615954217, -0.123255547866, -0.222755857059, -0.12495284399, 0.96683329221,  
430, 1222225.2418575438, 66.32657116194218, 108.57850918454245, 76.52068798555926, 35.11881869677383, -0.0732430271716, 0.678605690444, 0.730841826847, -0.388109614469, -0.69443868155, 0.605909105992, 0.918698201875, -0.239268122541, 0.314236184116,  
438, 1777351.8182432419, 75.1441075948289, 143.2175220423946, 70.97731262098485, 41.74159946027979, -0.229035145897, 0.201110445612, -0.952416658091, 0.970010809923, -0.0346402489179, -0.240580717822, 0.0813752454764, 0.978955893706, 0.187145471767,  
489, 21778.97855013289, 17.324058142353145, 109.69373692731115, 45.289305946544964, 1.0465775170614824, 0.362855069511, 0.735241072262, 0.572500449074, 0.640587069118, -0.642996002668, 0.419767015654, 0.67674545097, 0.214421795097, -0.704300282819,  
501, 1171856.709764037, 65.40264323061125, 115.84422514301751, 56.417235026975376, 42.80551385659231, 0.291541070305, 0.0822894613834, -0.953012197651, 0.624432701938, -0.771101891111, 0.124441449183, -0.724629288033, -0.631371774844, -0.276192101361,  
509, 1638710.0572931499, 73.13711696119334, 115.88199284874686, 80.84516052707876, 41.75836892471967, -0.0912641804037, 0.378821613619, 0.920958758268, -0.263948251587, -0.900942824349, 0.344431920323, 0.960209440622, -0.211651157115, 0.182213111033,  
524, 3960613.8588848626, 98.15022462040642, 128.9746403187526, 92.09682439107065, 79.60217103356914, -0.505571844924, -0.614965334832, -0.605156795033, -0.816651339961, 0.114804449516, 0.56559749585, 0.278348160691, -0.780152277011, 0.560254162067,  
541, 815625.8022507313, 57.96076589693378, 129.71685487556132, 87.04269947539028, 17.245412435073312, -0.85120605361, 0.034625911143, 0.523688171123, 0.520913919485, -0.0659528412868, 0.851057525208, -0.0640073650793, -0.997221775235, -0.0381023386669,  
548, 1015966.1478627961, 62.36346100667258, 103.92962525359098, 103.43807516138553, 22.56164889704674, -0.73668300419, 0.621702145025, -0.266053743082, -0.436026001629, -0.135966382344, 0.889603545843, -0.516894067716, -0.771362162504, -0.371242423513,  
560, 1017909.8180456576, 62.40320536980599, 98.98193734218184, 67.82343532474422, 36.19803208667218, -0.246127403113, -0.48342857057, 0.840070305745, -0.806765826635, 0.582542159144, 0.0988611844674, -0.537168690833, -0.653407568044, -0.533393239188,  
562, 4688953.021195728, 103.83149107302998, 143.75262262968562, 98.62559173864962, 78.95540645652949, -0.208761267184, 0.969865760613, -0.125615045733, 0.958352110248, 0.228475621731, 0.171347959013, -0.19488449427, 0.0846126271047, 0.977169758654,  
581, 1282133.2117047857, 67.39300892228799, 132.8267860252062, 83.13879738497455, 27.717569069433672, 0.00498488366679, -0.0604769121254, 0.998157148967, 0.819269430787, -0.572097649928, -0.0387540801026, 0.57338708628, 0.817952823852, 0.0466950451418,  
598, 415383.9312118521, 46.28643092490415, 97.82853600883206, 51.985734871275255, 19.498955176214725, -0.931027608326, 0.361598858133, -0.0493341497496, 0.337486711682, 0.904511999402, 0.260692850641, -0.138889567544, -0.226062621267, 0.964160453085,  
601, 1889717.68812195, 76.69542168594995, 126.96701570085324, 62.10171358542645, 57.21551654404785, -0.115794734565, -0.678115179642, -0.725776399855, 0.105754892167, -0.734955203954, 0.66981844627, -0.987627198, 0.000807044288191, 0.156817940459,  
626, 1894932.8496116642, 76.7659104555946, 130.08971268651823, 69.7838285183542, 49.831902539307976, -0.0297892933249, -0.883237307565, 0.467979119757, -0.0112300718239, 0.468453088152, 0.88341699649, -0.999493113278, 0.0210609289097, -0.0238737048534,  
645, 1188933.633031901, 65.71880651022148, 101.1044612156861, 85.71005592950863, 32.7541931525408, -0.234913823345, -0.931495022076, 0.277727419332, -0.731999991155, -0.0184548839348, -0.681054645537, 0.639524439369, -0.363285619185, -0.677519040576,  
698, 704800.3566076013, 55.20679077986498, 109.65352579623729, 79.16807421939366, 19.38227827609831, -0.951987781812, 0.197720293032, -0.233721948058, 0.101085918215, 0.923659039919, 0.369642550466, 0.288965223546, 0.328269193955, -0.899298857934,  
711, 1342644.380970208, 68.4369736627928, 94.20519354224639, 67.48140809859306, 50.421226647700394, -0.00526980047373, 0.0934363350956, 0.995611309943, 0.418689000764, -0.903947904606, 0.087050022386, 0.908114392487, 0.417310240759, -0.0343571406803,  
718, 2120636.1808688603, 79.70015863656315, 134.41131163103893, 78.99839695201568, 47.67859617391785, -0.0541598681664, 0.43492459006, -0.898836642356, -0.116328583638, -0.896776651913, -0.426918373008, -0.991733013118, 0.0814385507272, 0.0991634667933,  
749, 1590006.7916323855, 72.40526099663364, 143.49105539358442, 81.25113555825243, 32.557878703704084, -0.616796687057, -0.540870785126, 0.571857185522, -0.778577143139, 0.312466750794, -0.544226204651, -0.115669697918, 0.780911853826, 0.613838087396,  
766, 278041.54844581283, 40.48930881343435, 117.2665329337771, 40.54404669827058, 13.961108769047813, 0.309300905022, -0.950931969028, 0.0078320134205, 0.541382560847, 0.182849546751, 0.820652768267, -0.78181703292, -0.249588528451, 0.571373514876,  
813, 1033644.9863089623, 62.72311200404169, 101.8511538833581, 81.33423107207297, 29.78814603998052, 0.0714859672203, 0.911289395495, 0.405513741012, -0.692555766539, -0.247230526356, 0.677675126496, 0.717813532001, -0.329285141627, 0.613445212533,  
814, 2357465.5766261294, 82.56302252846326, 132.25026980651575, 92.87682090839135, 45.819763417937885, -0.199863921554, 0.211364021601, 0.956754756055, -0.509139788454, -0.856682311105, 0.0828980919803, 0.837156549681, -0.470553576347, 0.278833719468,  
829, 1430294.2441456623, 69.89491706114453, 118.07819404490714, 62.53025601469921, 46.24628727791749, -0.825387492829, -0.328752101959, 0.458974446063, -0.553777632656, 0.313270896383, -0.771486668096, -0.109844527635, 0.890945228921, 0.440625440495,  
849, 1326107.9498607363, 68.15484845062194, 132.19089353898815, 85.24564171298567, 28.094192037944683, 0.474883981185, 0.511877976437, -0.715867405078, -0.298630461912, 0.858905365809, 0.416054587529, 0.82783153578, 0.0162021549302, 0.560742756122,  
869, 3064257.6753065023, 90.10430844015953, 118.74938601089391, 86.75996537049168, 71.0045093081055, 0.632442049769, -0.177462322645, 0.754005422875, -0.715866095464, 0.237926752416, 0.656449993411, 0.2958932021, 0.954933497436, -0.023435622989,  
897, 551445.8285970709, 50.8711336077498, 94.29985186327683, 76.87091385275352, 18.161059948352882, -0.429558209923, -0.704367253062, 0.565107527027, 0.830196781606, -0.0617983850677, 0.554034532691, -0.355321049333, 0.707140532297, 0.611309430226,  
903, 919289.4019242864, 60.31905764742353, 118.72971164034891, 64.56543223546203, 28.628867480479514, 0.576592591716, 0.629659174356, 0.520644127334, -0.261801662337, -0.461251692368, 0.847765749417, 0.77395146668, -0.625120948647, -0.101108490183,  
921, 1694911.9722604011, 73.96385060132761, 109.86150129242517, 79.4037570982841, 46.384401414421404, -0.947294777235, 0.0766301845446, 0.311063369492, 0.315833167925, 0.0606777191966, 0.946872549201, -0.0536844023992, -0.995211549978, 0.081682040433,  
927, 683738.5563622542, 54.6512987513273, 122.21848229666777, 87.96205870138994, 15.183405464679046, -0.830697426562, -0.409387515732, -0.377284570936, -0.55242655938, 0.690180634336, 0.467413723032, -0.0690411616023, -0.596701394292, 0.799487813575,  
1019, 2062790.773782524, 78.96879728690597, 115.2325144431325, 79.25288490153348, 53.92329876853363, -0.167697707477, -0.571618940207, 0.803199393739, 0.84700015619, -0.500439022119, -0.179308450877, 0.50444842583, 0.650240395805, 0.568083808378,  
1046, 158353.2073390582, 33.56186490728984, 78.0219007162351, 37.77432070560859, 12.826999138593033, 0.688606098315, -0.663061092901, 0.29355004419, -0.534943571585, -0.191209322303, 0.822966809953, 0.489547767417, 0.723732673123, 0.486368174608,  
1057, 573025.5486723543, 51.52624079933598, 102.18949296307672, 76.84535358390471, 17.42053621892487, -0.761108722114, -0.00621883962758, 0.648594510581, 0.0306937388553, 0.998488490252, 0.0455919864654, 0.647897682908, -0.0546082490881, 0.759767419421,  
1073, 1396205.978977884, 69.33517691801266, 129.46188019361313, 70.09286219525141, 36.73205108442676, 0.424981927428, 0.650818764793, -0.629146482746, 0.781290546245, -0.614726732785, -0.108148630816, 0.457138320104, 0.4455849856, 0.769726299993,  
1085, 1734005.5982844136, 74.52819937380025, 124.45601881346934, 67.44377880293912, 49.31784442336444, -0.417727067698, 0.600375658042, -0.681948067043, -0.00973528414705, 0.747570111075, 0.664111551827, 0.908520402168, 0.284056329375, -0.306435442772,  
1099, 1864004.0969803105, 76.34596421718793, 123.34005181952487, 86.76152822647087, 41.58406429142391, -0.943063644934, 0.0727092638651, -0.324567904377, -0.113618458143, 0.84669563525, 0.519805105032, 0.312604874519, 0.527086201865, -0.790226757476,  
1117, 2743738.8720175005, 86.8463136917165, 130.4007071101277, 82.43523536804842, 60.93423150224427, 0.158014609242, -0.718274429288, -0.677578945583, -0.790999846337, 0.318669007835, -0.522273210628, -0.591058902615, -0.618491639133, 0.517800604444,  
1123, 520880.5979881648, 49.913327564018296, 127.63627446438113, 49.65390029568012, 19.621042774788652, 0.709875960057, 0.137694705195, -0.690736049077, 0.527266140336, 0.546325191882, 0.650783529271, -0.46697595076, 0.826177313218, -0.315221364338,  
1182, 786011.5052466089, 57.25060730012059, 105.9612044846866, 56.417820861266854, 31.3889725236443, -0.979025390181, 0.018655495231, 0.202882374491, 0.0915549783186, -0.849305623231, 0.519901571736, 0.182008162801, 0.527571730522, 0.829783765705,  
1193, 1314102.0551476632, 67.9485450352547, 135.28744825171327, 57.91287882149029, 40.04126835486745, 0.839872156463, -0.305927215007, -0.448356219892, -0.345587341986, -0.938359794438, -0.00709120880192, -0.418550056573, 0.160901943124, -0.893826837168,  
1229, 2386422.1224667584, 82.89968602072818, 120.19454710320719, 93.92101791412821, 50.46741972257431, -0.369665123723, 0.6794858985, -0.633755954641, 0.321841685309, 0.733483568879, 0.5986817049, -0.871645355578, -0.017342661996, 0.489830180955,  
1243, 2522257.6182992226, 84.4436397650693, 122.88147805544476, 97.5414500136255, 50.237173801290524, 0.49782738088, -0.729964075536, -0.468316503311, -0.10114729358, -0.585167978006, 0.804579183498, 0.861357721187, 0.353172600782, 0.365146532516,  
1271, 416931.0946775589, 46.34382677976273, 144.637312485274, 47.71622828103657, 14.422124007019965, -0.981348905491, 0.12554083815, -0.145580986563, 0.136513024993, -0.0780822140751, -0.987556257563, 0.135345926053, 0.989010953327, -0.0594879357448,  
1357, 1645806.9679522081, 73.24254543214536, 122.97455603640243, 84.21580401906358, 37.93861084512526, -0.968052065213, -0.178171901283, -0.176436880016, 0.0463411621697, -0.81864124822, 0.572432531746, -0.246429900226, 0.545968204483, 0.80074404398,  
1362, 240262.6053503387, 38.565519945015645, 65.23560092949026, 55.098996038112546, 15.957660452462909, -0.263361060924, 0.831886690478, 0.488472604958, -0.938712372355, -0.104255947707, -0.328557117342, -0.222396118621, -0.545064428827, 0.808359285745,  
1388, 2508953.1203422965, 84.29490245587736, 105.89217067925713, 91.767043659465, 61.638682247777574, 0.115488393516, -0.495337169607, 0.860989848586, -0.767668394447, -0.594574603732, -0.239094702501, 0.630355191245, -0.63334203161, -0.448921155513,  
1399, 990017.7757938554, 61.82794250257337, 99.53728051428499, 83.40142353575743, 28.470503558669357, 0.0389991023549, -0.719175827381, 0.693732801103, 0.450896790007, -0.606894625799, -0.65450057138, 0.891723698674, 0.338326827915, 0.300605726387,  
1404, 2127891.904767984, 79.79095278499756, 121.51996122720176, 79.28444800944166, 52.72606052775199, -0.964585738313, -0.186682800512, -0.186343460941, 0.0104997887012, -0.733078731843, 0.680062737809, -0.263560444452, 0.654022251083, 0.709077419756,  
1440, 3092505.0133047095, 90.38033242168603, 129.94085961551752, 94.54296043720036, 60.096180442646315, 0.478931532429, -0.744286921116, 0.465469189421, -0.810089743677, -0.170439600858, 0.560985694692, 0.338199932636, 0.645745554778, 0.684568100374,  
1441, 1104604.082935529, 64.12676696671807, 130.252461047135, 67.08099215553163, 30.180930112934767, -0.96591310747, -0.250286031318, 0.0660966817986, -0.234964430085, 0.740506043176, -0.629636813262, -0.108644306857, 0.623704820044, 0.774072807971,  
1475, 981016.9155256882, 61.63999983331237, 96.42855351675492, 78.12361432165739, 31.088509950797103, -0.936509230873, 0.00918739195357, 0.350522541812, 0.0494643771396, 0.993121589268, 0.106126265946, 0.347136480197, -0.116726606901, 0.930521984349,  
1489, 383261.5670124971, 45.061144753950586, 111.39101895974552, 38.34808464058835, 21.419671579483722, 0.0177545332315, -0.996899798348, 0.0766522576535, -0.919447671778, 0.0138404841077, 0.392968726314, 0.392811348374, 0.0774547161464, 0.916351467252,  
1529, 529894.1867392075, 50.19959136596504, 101.17243688699045, 70.94895868406012, 17.623505942986675, -0.433556839493, -0.697907782533, -0.570046659502, -0.901063632156, 0.328303769323, 0.283374250513, 0.0106206277981, -0.636507157955, 0.77119766606,  
1538, 2380226.654616211, 82.82788432831559, 134.83529314236446, 94.25748583359301, 44.710576510587266, 0.347300617372, -0.483700753244, 0.803377783166, 0.830520800018, 0.556470624203, -0.0239926058522, 0.435450894946, -0.675554606017, -0.594986127889,  
1563, 1315213.9653522412, 67.96770422232682, 105.65502826567545, 94.58308585302811, 31.419853281028654, 0.936741250168, -0.183883644238, 0.297829876969, -0.230272304893, 0.317072145525, 0.920021695468, 0.263610500233, 0.93040424543, -0.254671247401,  
1565, 1471495.6845932093, 70.55971118901383, 144.22313448791894, 96.79461986256213, 25.16426411904396, 0.262232793304, 0.905282388362, -0.334212147352, 0.809857133609, -0.394782142072, -0.433910686021, -0.524752689615, -0.156878480432, -0.836674224008,  
1566, 1003639.9362204247, 62.110225824785175, 111.06902340481254, 103.89388754608045, 20.763777881206536, -0.243268508664, -0.64066774548, 0.728261815966, 0.743276445223, -0.605519643431, -0.284404794959, 0.623185813918, 0.472113123437, 0.623497105053,  
1622, 335510.0527371721, 43.106124208968865, 95.65311727839017, 79.15704445742341, 10.578600825256641, 0.378050082508, 0.731993107264, 0.566801751967, 0.226721367749, -0.666798771376, 0.709913248149, -0.897594316226, 0.139876693588, 0.418041808997,  
1666, 786455.9604610981, 57.26139617373913, 126.2741688235674, 66.01414859044972, 22.523415784493267, 0.903815774101, -0.306479508447, -0.298642524416, 0.200636658995, -0.312923441313, 0.928344683264, -0.377970868658, -0.898971206869, -0.221334117719,  
1710, 4045996.367851828, 98.85052034266313, 137.6020060739979, 102.3909227671249, 68.55681876381804, 0.456520322655, 0.612068291313, -0.645725639704, 0.656301515316, -0.721689198052, -0.22007503813, 0.600714171629, 0.323321988401, 0.731167132618,  
1713, 910959.9774678947, 60.13632659596164, 120.24513374129633, 70.32940054020443, 25.716168468527265, 0.173503782491, -0.922679268439, -0.344324563535, 0.857740184591, 0.313373274043, -0.407527872486, 0.483919635063, -0.224633387339, 0.845790534408,  
1715, 370484.3039589966, 44.55472163374222, 118.30997730281067, 46.42921280621806, 16.10158068154755, -0.855030374757, -0.17471077925, 0.488261407298, -0.0793824799976, 0.974538236022, 0.209698947066, -0.512466077035, 0.140539567897, -0.8471287681,  
1718, 779831.3231254624, 57.100163964589335, 108.15152252490802, 54.589902877599, 31.533131845999076, -0.502138724213, 0.0698013863077, 0.861965468053, -0.145817920395, -0.989299636638, -0.0048335328478, 0.852404737045, -0.128117116021, 0.506943950398,  
1720, 986466.7477667605, 61.75393178409496, 121.29286568696944, 58.53078256012914, 33.17219835165757, -0.885632293302, 0.418730390081, -0.200799157077, 0.129480589264, 0.63790345723, 0.759153447109, 0.445971095547, 0.64633121515, -0.619165359383,  
1733, 3365995.132866566, 92.9697417934708, 114.92760246119956, 92.93483023913667, 75.23536244941974, 0.306230677414, 0.535762927765, -0.786880459437, 0.810951600243, 0.286100791704, 0.510395767077, -0.498578252909, 0.794420809281, 0.346864964369,  
1741, 736973.5268400669, 56.03436130831297, 111.58827907965843, 64.29706538392168, 24.521867807841893, 0.590656292211, 0.060294609503, 0.804667449656, -0.566344244193, -0.679350854078, 0.466622560678, 0.574786344254, -0.731332330154, -0.367115351532,  
1749, 2389499.3648949945, 82.93530319806479, 116.88589268482215, 99.08293907020395, 49.25579483950837, -0.608865691552, 0.720222405797, 0.332509031215, 0.777522332588, 0.45870683661, 0.430170966447, -0.157294602505, -0.520449540528, 0.839279860229,  
1779, 2557683.3652020376, 84.83714727173766, 153.3793360759041, 84.69817751651631, 47.00209874105318, 0.81187702328, 0.456113260275, 0.364439834364, 0.514366864972, -0.263508771128, -0.816082015337, 0.276192735764, -0.850014012437, 0.448546264472,  
1786, 231423.13226482386, 38.086645123989, 118.82331543203985, 59.25365896952526, 7.846957826292429, -0.293654390098, -0.732070696232, 0.614686582654, -0.947550664947, 0.307786984849, -0.0861098677049, 0.126154019099, 0.60773322081, 0.784057074319,  
1793, 2244406.9072132353, 81.22149812512997, 138.53776362643578, 80.13831725858827, 48.26192003324448, -0.277012045624, -0.000614585447924, 0.960866249206, 0.154084087029, 0.98703005774, 0.0450528494386, -0.94843155826, 0.16053438075, -0.27332451755,  
1802, 1897090.1368110604, 76.79503080339306, 129.44030143507115, 79.755963692111, 43.869903002767344, 0.0553906945827, -0.800406262531, 0.596893362214, 0.334601446009, -0.548363625303, -0.766380588725, 0.94073043072, 0.242171735234, 0.237442850748,  
1869, 1132331.7630030185, 64.65890717918147, 111.84303012756152, 66.04236534795558, 36.59767839338904, 0.403966183651, 0.0283514233812, -0.914334467938, -0.707941524261, 0.642695505437, -0.292850278332, -0.579335930781, -0.765596946235, -0.279698400465,  
1884, 2047135.7010529193, 78.76851797341921, 116.70435411249142, 88.37378263476914, 47.38572385144811, -0.165019510085, -0.86966291551, 0.465247218883, -0.978104582068, 0.0836504763439, -0.190562389641, -0.126806891885, 0.486506948763, 0.864425243139,  
1889, 1418731.7223552694, 69.7060633646503, 133.11869095688405, 92.61730935814461, 27.47137971633513, -0.920634580611, -0.389175123145, 0.0312200657933, -0.380531844089, 0.876544494578, -0.294729137785, -0.0873354717005, 0.283218065368, 0.955070700437,  
1902, 614159.1348191088, 52.73076866575559, 108.75466351514154, 80.5042016817948, 16.746570024794952, -0.0541184492368, -0.0418062455436, 0.997658975445, 0.837979113083, -0.54523375216, 0.0226088819191, 0.543012154089, 0.837240941031, 0.0645399657005,  
1932, 3200149.519193412, 91.4170537153975, 140.64771902456474, 98.21602612439587, 55.30528175123989, 0.417594704698, 0.554916261984, 0.719501636408, 0.217482696955, -0.829875732751, 0.513816645037, 0.882222159738, -0.0580879538036, -0.467236396795,  
1934, 2578917.4738409803, 85.0712756569215, 110.99473600503876, 84.59920379547226, 65.56622462166412, 0.769223894434, 0.547220172803, 0.329916175277, 0.495053988423, -0.836826308821, 0.233759015679, -0.404000184132, 0.0164867019835, 0.914610321328,  
1939, 701039.2588958623, 55.108413710743505, 127.63157948965976, 68.60053684154282, 19.114725783841312, 0.365377221172, 0.926876545322, 0.086019509305, 0.450864173158, -0.257060008529, 0.854775788952, 0.814383806084, -0.273532487554, -0.511819298816,  
1953, 557339.3910687075, 51.05171974876479, 118.84519528675229, 55.74076817766898, 20.085218068802803, -0.630893840509, 0.441340285451, 0.638115753172, -0.222676727426, -0.89084969044, 0.395982201754, 0.743228119134, 0.107729204403, 0.660307792963,  
1955, 3288530.666393476, 92.25100276174733, 113.11379220988155, 97.77311554154646, 70.98690965318188, 0.125414776409, -0.457746681218, 0.880192654873, -0.104238473832, 0.876207236389, 0.470526534291, 0.986613133113, 0.150760919115, -0.0621745191875,  
1957, 1272936.9303351257, 67.23149351867066, 146.79375133964243, 99.4388028531071, 20.81875818634135, 0.627552317548, 0.574042462112, 0.525978460045, 0.588801007591, 0.0920923528728, -0.803014552796, 0.509403044945, -0.813630290878, 0.280204010618,  
2010, 1537323.0084593478, 71.59656269506112, 132.28095782645858, 93.32793524961151, 29.728125733308445, 0.812208787205, 0.0964148146198, -0.575344305185, 0.534206777975, 0.273343503058, 0.799941527677, -0.234392841941, 0.957072365528, -0.170506547642,  
2063, 3569599.855846932, 94.80770680093781, 126.47734802413505, 90.37021869032864, 74.55775835846227, -0.93755419701, -0.344606539128, 0.0473123753352, 0.00507767338328, 0.122444451266, 0.992462378928, -0.347802163453, 0.930727505527, -0.113048509734,  
2069, 781473.5134936994, 57.14021689771102, 114.03142274320572, 91.96532543873502, 17.790043039325067, 0.0285134186932, -0.748082048873, 0.662993388435, 0.849014866425, -0.331954749131, -0.411071527983, 0.52759903482, 0.574612297713, 0.62566761605,  
2101, 2682919.822628213, 86.1998205367577, 116.09653306590481, 86.41276178058676, 63.844273382339765, 0.351575178096, 0.0678914996644, -0.933694617324, 0.473944073917, 0.847199643471, 0.240062031361, 0.807323918229, -0.526918882159, 0.265677591601,  
2103, 2235660.837162153, 81.11585868848798, 100.20252166828973, 97.74850576124027, 54.491470972479576, 0.788091286219, 0.205099629069, -0.580384585203, 0.515351990999, 0.295791115446, 0.804313335334, -0.336636970578, 0.932974682496, -0.12741189843,  
2105, 2403600.94555446, 83.09813029727643, 138.75628561232793, 77.76080832586452, 53.18146843549999, 0.188468976856, 0.779294653974, -0.597644783338, 0.400777810823, 0.494539593238, 0.771237795412, 0.89658049896, -0.38487716613, -0.219118634253,  
2117, 1437211.0869186735, 70.00740555150387, 111.00806577519721, 72.16290155612545, 42.83151407657792, -0.423340541281, 0.233106710912, -0.875467902002, 0.164032387887, 0.970082256677, 0.178979862007, 0.890997284975, -0.0678356588235, -0.448912198052,  
2128, 2041126.834632305, 78.69137386847333, 121.43523876098304, 72.86765847874182, 55.068321326119545, -0.641326637938, 0.621468405129, -0.449974626949, 0.750408874417, 0.630309564363, -0.198988377219, -0.159958321658, 0.465281500276, 0.870589720152,  
2137, 753013.212964555, 56.43796282500924, 133.86272774770657, 82.2248381890405, 16.332448200614152, -0.217409855914, 0.259174220595, -0.941042867212, 0.973230133881, 0.131183677392, -0.188716584571, -0.0745389901851, 0.956880121104, 0.280756785809,  
2155, 1970162.8438093408, 77.76864014403021, 107.49625498207605, 83.34058214973838, 52.500525550649975, -0.120995852867, -0.518643413118, 0.846385853862, -0.975443850747, -0.0959576854862, -0.198245848976, 0.184036131314, -0.849588802083, -0.494297046062,  
2180, 747923.4627592455, 56.31051717417773, 108.56781772709421, 80.92297720836693, 20.323363617958204, -0.172540390656, 0.864705720636, -0.471713716454, 0.98363940235, 0.176443702824, -0.036347570455, -0.0518009627005, 0.470267622139, 0.881002283669,  
2182, 1701649.0997678714, 74.06172099549096, 155.2875028172313, 55.61036161034896, 47.04236787186092, 0.408154960862, -0.656211654689, 0.6346619511, -0.692436691605, 0.230522361117, 0.683659907515, 0.594929370634, 0.718502404502, 0.360296181886,  
2213, 537208.3208351019, 50.42950522046433, 159.69926229104536, 43.04050883215435, 18.658374879925155, 0.0397459137497, -0.924740386225, -0.378517477039, -0.456373288757, -0.353797033927, 0.816425795828, -0.888900266425, 0.140295676584, -0.436088797703,  
2230, 1452854.6614349505, 70.26049210729596, 118.92373727477883, 78.02662856875092, 37.378525982768416, 0.252178730666, 0.845730807399, -0.470260873576, 0.508085803858, 0.297869675882, 0.808159929784, 0.823562203915, -0.442733619242, -0.354587420357,  
2284, 818846.4320801463, 58.03695484271684, 125.64247843246942, 88.22259828454553, 17.635895336469748, 0.384124434164, 0.532809852521, 0.754030556499, -0.412635984495, -0.6315140377, 0.656446162673, 0.825941864406, -0.563297151816, -0.0227234543543,  
2291, 1351572.7921524493, 68.58833764276046, 135.62278610162124, 61.74715890438163, 38.53019347065015, 0.231055331062, -0.971851729646, 0.0460179266323, 0.405749949321, 0.139238741804, 0.903315864693, -0.884296563724, -0.190044174772, 0.426500643636,  
2320, 3089899.554209599, 90.35494325002183, 103.74789639686337, 88.78884617669623, 80.0788892265156, -0.641974354321, -0.418713495644, -0.642298946721, -0.0620335827131, -0.806605069708, 0.58782658679, -0.764212511681, 0.417213698345, 0.491845470553,  
2333, 2329263.164059574, 82.23246643476297, 108.63234510201121, 101.09072140407109, 50.636012520501716, -0.197347160522, 0.234681826003, -0.951829049135, -0.133952622769, -0.968272323152, -0.210963037217, 0.971138915443, -0.0858670411892, -0.222522039695,  
2359, 454281.5466703375, 47.68833527339197, 121.46358397060148, 112.30873922298561, 7.95017782918393, 0.673560559, 0.568476366658, 0.472388393074, 0.338369544043, -0.805365584672, 0.486715858269, -0.657131817084, 0.167990760394, 0.734817582396,  
2366, 2870552.3318964196, 88.16420312357094, 134.25760169863187, 97.40385215053922, 52.403686722442494, -0.0503161045001, 0.95334575566, 0.29765778974, 0.535224515204, -0.225885890983, 0.813947346319, 0.843209942987, 0.200268405945, -0.498888321799,  
2374, 847780.7708298449, 58.71264568596065, 107.96643703235576, 56.442039672194674, 33.21264651029345, 0.861976881598, -0.417996233505, 0.286836197796, -0.280311853785, 0.078453271665, 0.956697626627, -0.422399242682, -0.905054823169, -0.0495443926279,  
2383, 603064.235565744, 52.41130677116211, 87.85056709095512, 64.43425036839668, 25.433938378452094, -0.719197792822, -0.668536766578, -0.189243564046, -0.693082314694, 0.671120714629, 0.263123338863, 0.0489023502331, -0.32039909196, 0.946019546316,  
2410, 2802380.1880758028, 87.46067300604705, 100.18039496383726, 87.60310079028193, 76.23180911051666, 0.469800651023, 0.793799869676, -0.38622417739, 0.732745003526, -0.106658622417, 0.672092774899, -0.49231301842, 0.598753459419, 0.631761178553,  
2419, 1365052.0224265736, 68.815594241816, 137.4542375903492, 67.97488644977558, 34.87819242460992, -0.342585851067, -0.694867569801, -0.632292649877, 0.151670127359, -0.705097465306, 0.692700322568, -0.927162934503, 0.141409422806, 0.346947068046,  
2447, 1657728.4225612197, 73.41896504323765, 123.59841201653278, 85.60605899222794, 37.40308113459963, 0.739972385505, -0.587701754682, -0.327181167296, -0.261063949219, -0.699217694193, 0.665537550064, -0.61990844736, -0.40706420092, -0.6708295262,  
2452, 1838591.9858678381, 75.99743206466609, 127.63487456641259, 102.36340800241695, 33.59562005763468, 0.133906176261, -0.606121124212, 0.784019335695, 0.824214012361, -0.371140838476, -0.427698187796, 0.550218500041, 0.703471151363, 0.449875473229,  
2462, 1258746.6759937461, 66.98073504014414, 136.1001886573724, 61.8746767501997, 35.68437191767697, 0.527573191908, 0.19804657989, -0.826101736697, 0.750548144299, -0.564175465714, 0.344069072972, 0.39792462888, 0.801550744544, 0.446287344264,  
2469, 810781.6755695272, 57.84579202164171, 95.57126460213311, 92.48584002431784, 21.89841779021411, -0.12646536592, -0.673035782651, 0.728717604079, -0.0783346537049, 0.739097563225, 0.669028006935, 0.988873193717, -0.0275250305435, 0.146192268749,  
2492, 2248513.621153166, 81.27100641225974, 124.81485607317725, 75.99828973100934, 56.58962476489282, -0.0848782065382, 0.797363247821, -0.5975010804, -0.0403177073579, 0.59642549734, 0.801655230505, 0.995575297267, 0.0921329319328, -0.0184756684643,  
2512, 891878.4589389362, 59.71347632793772, 139.7947131806077, 95.62335963599313, 15.928039350005996, -0.198601826622, 0.776883132412, -0.597503065294, 0.96010827057, 0.0317709071081, -0.277817778851, 0.196848731889, 0.628842753027, 0.75220168088,  
2519, 2574990.559261444, 85.02807441181055, 129.70196849379104, 93.07525965763888, 50.922088565446735, 0.0326032662823, -0.212256585185, -0.976669938655, 0.025653787921, -0.976689772376, 0.213117272182, 0.999139084509, 0.0320036026494, 0.0263980913028,  
2534, 2024389.6472122746, 78.47569418823082, 120.40218506304831, 90.66527111466965, 44.27210432683252, -0.383645121371, 0.477525870302, 0.790433718942, -0.825212543764, 0.206943085915, -0.525546208061, -0.414536703397, -0.853899058662, 0.314667632832,  
2536, 3222185.7184357527, 91.62640623670002, 151.05438402807533, 93.15089584431267, 54.66905778472959, -0.53779010094, 0.839741627114, -0.0749386884243, 0.842920786844, 0.537281682177, -0.0285121220506, -0.0163203688135, 0.0785009152072, 0.996780443164,  
2538, 2010676.0213858008, 78.2980891182259, 119.87656909132595, 102.1664934938952, 39.19319755657292, -0.477633198633, 0.669566656504, 0.568811937341, -0.228288054653, -0.719784647733, 0.65558723675, -0.848381454103, -0.183277258233, -0.496647113098,  
2546, 1112770.4930686287, 64.28441023917223, 97.30207440168597, 74.07656095699164, 36.85649913922654, -0.697800237631, 0.678636160067, -0.229189420811, -0.426282142604, -0.136309496267, 0.894261290745, -0.575637353948, -0.721715098551, -0.384407275248,  
2558, 1507463.6458462316, 71.12998973903241, 105.94123343698645, 85.23528642895428, 39.85417176953309, 0.644382105494, 0.764691615847, -0.00429357349028, -0.362761759066, 0.310621258173, 0.878588834513, -0.673183190728, 0.564589378774, -0.47755965606,  
2561, 1797325.6221540344, 75.4245484347893, 127.20543406551322, 102.17925162887421, 33.011843261298765, 0.93105446307, 0.364636341079, 0.0133388740898, 0.271166764584, -0.715926406523, 0.643364567122, -0.244143753929, 0.59539039227, 0.765443732883,  
2566, 2541700.0271068057, 84.66005795100496, 142.98714622281764, 97.75676240573402, 43.410208921972334, 0.477170373501, -0.0253184653451, 0.87844601995, 0.826403067183, 0.352952891025, -0.438727964995, 0.298942143573, -0.935298472163, -0.189341920256,  
2569, 2407651.626981023, 83.14478462266884, 115.74521863285943, 79.0957204469442, 62.7840015618814, 0.812733607654, -0.573760668106, -0.101305373617, -0.168237547222, -0.397572302763, 0.9020157381, -0.557817363206, -0.716055137409, -0.419648459422,  
2574, 1133163.853679553, 64.67474143735808, 107.5194886495678, 67.38509996678192, 37.33817063921822, -0.881525751945, 0.471288628048, -0.0282732688274, 0.0422832277131, 0.138448511582, 0.989466592814, 0.470238745014, 0.871044797191, -0.141973532656,  
2617, 1918150.580536196, 77.07816427294406, 118.42388432111757, 102.10505938352249, 37.871065499566136, 0.233434796644, -0.387118706282, 0.891990640625, -0.487261262152, -0.840418444523, -0.237219941218, 0.841477663472, -0.37925709664, -0.384810858119,  
2627, 1872644.6565893872, 76.46374921802277, 119.55852743210437, 101.34825300523002, 36.89520622439631, 0.528702111828, 0.73451975541, -0.425387829939, -0.359132886711, 0.647667257245, 0.671975217977, -0.769088841832, 0.202503957503, -0.606213246774,  
2637, 2278369.9527968103, 81.62913825213023, 124.80287071157221, 123.77508043224684, 35.210958131756406, -0.2746358271, -0.957350029245, 0.0897556905068, 0.57161324469, -0.0874901587598, 0.815845433042, -0.77319690957, 0.275365926769, 0.571261888634,  
