# Void_ID, Void_Volume, r = (a*b*c)**(1/3.0), a, b, c, vector_a, vector_b, vector_c 

15, 650255.859235326, 53.744235347315595, 113.40497414611308, 46.479764441954494, 29.450972660428874, -0.0592473532227, -0.353907031898, 0.933402144796, 0.100732287235, 0.928152268172, 0.358310442766, -0.993147903106, 0.115252678321, -0.0193407004852,  
20, 2663949.62476362, 85.99617462673574, 132.99906492977988, 91.48994389002091, 52.26554097482938, 0.781374139528, 0.27596777502, -0.559728721103, 0.510515419076, 0.233190618211, 0.827644937437, -0.358926818395, 0.932450493447, -0.0413233143346,  
31, 728445.6944620501, 55.817389822785444, 86.6293284759177, 47.227169033366145, 42.50614411428584, 0.0658099977948, 0.58410127613, -0.809008494031, 0.8793712981, 0.349211121655, 0.323662961413, -0.471566712426, 0.732719108346, 0.490660314266,  
114, 712807.0435079904, 55.41505786382862, 111.6103842022248, 51.17267330893873, 29.79481303397708, -0.292219568541, 0.910698350483, 0.291952458783, 0.943026688469, 0.325174926887, -0.070440980677, 0.159086104348, -0.254734727415, 0.953835326486,  
125, 1005166.8254464042, 62.14170702939538, 138.01898272514953, 77.60731328174539, 22.403097378347592, -0.232575489748, -0.808822849638, -0.54010576693, 0.171262654997, -0.580715113592, 0.795888848929, -0.957380668581, 0.0926042912008, 0.273581250599,  
147, 1801336.0136573312, 75.48060529057291, 131.12809420102377, 64.93682060087473, 50.503252938540584, -0.404891801381, 0.200229865939, 0.892171861224, -0.232942214615, -0.966122280978, 0.111111038373, 0.884194861908, -0.162836540691, 0.437816979103,  
154, 1240237.0867913, 66.65080025257939, 118.67197916798597, 63.64639860766739, 39.20072369991727, -0.841019896308, -0.44363070368, 0.309640651024, -0.513389116982, 0.473922754104, -0.715422139514, -0.170637477065, 0.760650394001, 0.626333640743,  
159, 607084.8248309698, 52.52752311913061, 105.31071766131456, 85.03349507363424, 16.184458204670317, -0.82859795339, 0.558969297429, 0.031285079013, 0.446557144278, 0.626190890146, 0.639117896786, -0.337656850266, -0.543542356795, 0.768472223206,  
166, 1356510.6744603987, 68.67176378803752, 148.72870237011384, 72.3815392432933, 30.082366844815056, -0.660115283926, -0.750492445599, -0.0317632023957, -0.741003355674, 0.657535063232, -0.136241210725, -0.123133418724, 0.066398265938, 0.990166365554,  
193, 672723.773783235, 54.356237658604655, 116.92027034833144, 86.54791278197622, 15.870907366463957, -0.546151689966, 0.677267000076, -0.492978439849, 0.831300223084, 0.510724325084, -0.219318496412, -0.103238900847, 0.529594254478, 0.841945161502,  
204, 1256804.9244596276, 66.94627566294353, 146.66709576584367, 74.92342831427642, 27.304166941269955, 0.386925708589, 0.872747861627, 0.297656960373, 0.797926774576, -0.15510331628, -0.582456714008, 0.462170269973, -0.462875935111, 0.756402346803,  
205, 1161704.7194169713, 65.21323052877283, 88.59392373945482, 73.47855075964102, 42.60323971498166, 0.33648996251, -0.936658091857, 0.097191172893, 0.173532554515, 0.163118748767, 0.9712253736, 0.925559807713, 0.309941757043, -0.217428493044,  
222, 3119831.2063075905, 90.64576033446596, 128.73198728707897, 108.95532260757597, 53.1015947322436, -0.620920642524, 0.619588120142, -0.480175090009, -0.262938972297, 0.412449476435, 0.872208992293, -0.738458294377, -0.6678293126, 0.0931845303592,  
225, 2339279.2583675156, 82.35016751304086, 115.65176138504674, 82.46393523765487, 58.5567754643879, 0.637955162266, 0.769656279912, 0.0253460397235, 0.359705978765, -0.326933666407, 0.873914175769, 0.680900007181, -0.548400937783, -0.485418985682,  
240, 1411390.4999247761, 69.58562412575928, 111.59734286158213, 64.03453887496383, 47.150949200137845, 0.692824996062, -0.720369007859, 0.0325886076396, 0.475540030061, 0.490396253837, 0.730324033585, -0.542084130593, -0.490489558236, 0.682323082286,  
249, 775844.012669908, 57.00267911148096, 106.36528597023498, 79.76699948099474, 21.830447364908473, 0.898700290835, -0.384187922867, -0.211512238833, 0.16783213201, -0.144292955705, 0.975198399506, 0.405179173599, 0.911909635247, 0.0651970430696,  
265, 667840.7161555592, 54.224400758794786, 84.57979953313436, 48.99198192381894, 38.47623986840519, -0.136231200763, 0.914466139332, 0.381041651205, 0.983599123496, 0.170747804971, -0.0581201458641, 0.118210930952, -0.366874456881, 0.922729271613,  
295, 1430290.1537592818, 69.89485043208306, 115.16134500928166, 61.26298128571219, 48.398364246566736, 0.248775400733, -0.251800265325, 0.935257946436, 0.514326459594, 0.852566587767, 0.0927281315749, -0.820718644208, 0.457959430306, 0.341605133513,  
296, 835306.8269074444, 58.42326274161411, 99.56314640583334, 76.30734243062115, 26.24777413454272, -0.0790357480784, 0.994684973877, 0.0659935850598, 0.869616023106, 0.0364302755618, 0.492382785421, 0.487361593565, 0.096304920777, -0.867873285308,  
338, 1878695.878835668, 76.54602174923077, 104.14202453872602, 90.07073448806915, 47.8143386290217, -0.795158828414, -0.309219426837, -0.521637598015, 0.0118043109669, -0.867948570494, 0.496513783514, 0.606286315068, -0.388649745971, -0.693807090709,  
364, 3112846.013739723, 90.57805889030894, 115.80495281963472, 91.64551770135843, 70.02137994954519, -0.227490580408, 0.593131873794, 0.772296974043, 0.0957672099299, -0.775619651544, 0.623893258211, 0.969059687186, 0.215890565864, 0.119643580032,  
369, 1294377.994915639, 67.60687115626949, 124.37043208638629, 73.98724962513118, 33.581375838246444, -0.631216366877, 0.045649368087, 0.774262251037, 0.0572372596626, -0.992802864313, 0.105196809448, 0.773491948435, 0.110718597376, 0.624060572302,  
389, 1660095.5729238589, 73.4538945829838, 132.297920716161, 74.57626648537718, 40.16898204579269, 0.491490155977, 0.846346414573, 0.205268539033, 0.270647898773, -0.372469500363, 0.887702757791, 0.827760316437, -0.380741668114, -0.412126971568,  
409, 1407693.860221513, 69.52481934132608, 131.79909377792876, 63.76886247823501, 39.98513005383069, -0.960391251591, -0.0925484636721, 0.262837260942, -0.148469580262, 0.968149804502, -0.20160044588, -0.235808031255, -0.23263864235, -0.943543234029,  
448, 239352.34058608007, 38.51675488587273, 112.55490644851557, 87.62674914501834, 5.793592402266737, -0.386622895851, 0.0221499567263, -0.921971862814, -0.128936374195, -0.99119120431, 0.0302557086762, 0.913180238405, -0.130573258805, -0.386073148862,  
463, 1008352.5247048442, 62.207286862936485, 123.72369799487231, 90.81457579980821, 21.424728633118658, -0.422691032406, -0.770732359675, 0.476764009625, -0.120974427019, 0.569347186876, 0.813147568897, 0.898163392224, -0.286033932508, 0.333896855815,  
464, 1609513.4961212182, 72.7001551675161, 103.00380970301073, 68.8272651928944, 54.19911711253599, -0.179568614204, -0.976741328878, -0.117181437326, -0.195038274878, -0.0814051086975, 0.977411520093, -0.96421739464, 0.198367297553, -0.175884141229,  
472, 1569856.7665169109, 72.09809779807617, 116.42759171562773, 64.30774641857569, 50.05554740319105, 0.0644878468836, -0.336262940407, 0.939557636611, -0.000965425229597, 0.941495949047, 0.337022915959, -0.99791802547, -0.0226409548477, 0.0603904098772,  
480, 1132028.8787075, 64.6531415209115, 97.50899623713765, 84.2378334792296, 32.90160031678667, 0.685927895535, 0.44451193134, -0.576118099892, 0.23128312689, 0.617494981681, 0.751803207505, -0.689935531295, 0.648929187581, -0.320748923868,  
491, 2282246.9606332243, 81.67541365558682, 123.39783228602326, 100.39921398049304, 43.978071877996655, 0.65623374678, -0.53149438919, 0.535603382968, -0.0143814429901, 0.700885406009, 0.713128895601, 0.754420601313, 0.475681996615, -0.452300999791,  
493, 1434026.154025983, 69.95565398041268, 138.67882505394874, 54.807155315070105, 45.042350746439084, 0.244695563572, -0.493244284982, 0.834765929169, -0.794825524282, 0.391042120516, 0.464045736897, 0.555316546771, 0.777043200417, 0.296356875349,  
507, 713699.348088118, 55.43817140804438, 84.79584733454779, 71.3197373654371, 28.17360174640846, -0.616859799722, 0.10047270122, 0.780633860268, 0.590649351908, -0.596441071388, 0.543499210167, -0.520208929736, -0.796343697577, -0.308576383982,  
526, 554737.1676357776, 50.97214209958815, 121.5953229486426, 55.972624065356946, 19.45835477018535, -0.0975894983362, -0.882766320347, -0.459564917586, -0.829229004889, 0.327464903971, -0.452930451745, 0.550323129865, 0.336883303725, -0.763972573072,  
551, 296882.928267533, 41.383975207582715, 118.15993989486437, 75.80296876919108, 7.912981301448676, 0.376281943239, 0.803839479856, -0.460710310084, 0.753857827646, 0.0234475687486, 0.656619057915, -0.538618858646, 0.594383968614, 0.597157787327,  
611, 3489818.4001717963, 94.09605291446343, 117.35251308001334, 95.59457905083156, 74.26574795819072, -0.27465187688, -0.0644593181504, 0.959380707973, -0.958210198428, -0.0646614491823, -0.278661286544, -0.0799972634206, 0.995823223917, 0.0440061876557,  
613, 420165.44782579073, 46.46335601618998, 77.47213602619986, 51.318462486757795, 25.22972748232951, -0.698501972449, -0.112913405548, -0.706643868814, -0.7067882223, -0.0457024304797, 0.705947375281, 0.112006264569, -0.992553197917, 0.0478826273454,  
644, 572548.5945776191, 51.511940987161495, 101.06307047245743, 57.311314332510115, 23.598852542204558, 0.510725959957, -0.134637947284, -0.849135805968, 0.310696739547, 0.949816775737, 0.0362715944407, 0.801639900367, -0.282348571237, 0.526927655812,  
656, 929494.3069822221, 60.54143465811087, 69.67405988228145, 60.386938000599834, 52.74047035943798, -0.522327628722, -0.725046845226, -0.448866261265, -0.821562733513, 0.568912023646, 0.0370645956763, -0.228491844878, -0.388131654956, 0.892829936352,  
670, 3338002.696874588, 92.71130437635865, 124.29602804589072, 92.48513886536341, 69.32164663731527, -0.421150721681, -0.494650889607, 0.760231916614, 0.216717094487, 0.759031372488, 0.613925953626, -0.880718894191, 0.423310610534, -0.212467306721,  
672, 1187851.9711525773, 65.69887069155791, 127.08286066816427, 87.7114698118709, 25.44077531088506, 0.267272298104, 0.758719081372, -0.594063022101, -0.464125496947, 0.641628555063, 0.610655647981, 0.844483890758, 0.112508456964, 0.523630409126,  
693, 490116.4698788077, 48.91066442269151, 127.13412903590488, 75.9497976456259, 12.117747931720286, -0.0381875476511, 0.00512460214957, 0.999257449138, -0.337280088619, -0.941369826461, -0.00806173987154, 0.940629498275, -0.337337499073, 0.0376770313724,  
716, 433480.3431999901, 46.94906342733905, 90.37810322620582, 56.957151121450856, 20.103390932177163, 0.630047915728, -0.409713726729, 0.65967741057, -0.68395291338, 0.109525816144, 0.721257587743, 0.36776084099, 0.905615126711, 0.211218384868,  
726, 1242943.9266725346, 66.69925387850164, 104.53424119225795, 56.32555758625763, 50.3963236784507, 0.236354942972, 0.115755113738, -0.964747166141, 0.503309926196, 0.834712477645, 0.223459611241, 0.831153090065, -0.53838260866, 0.139027722299,  
733, 706738.5522562336, 55.2573505474852, 120.09074319222299, 40.7571979299061, 34.471193654089284, -0.528565171583, 0.039017688309, 0.847995565666, 0.845921883314, -0.0592910176345, 0.530000700526, -0.0709579221745, -0.997477917163, 0.0016667494676,  
741, 3391293.7496658997, 93.20207901214805, 132.41641799671322, 89.64446788903635, 68.20425522532003, 0.285307586245, -0.909046852605, 0.3036995242, -0.76260921764, -0.0233823677055, 0.646436730122, 0.58054006098, 0.416037359679, 0.699918675954,  
746, 1452554.5496520128, 70.25565394186134, 94.99053408681006, 65.4014309251103, 55.818255821659136, 0.895972206403, 0.0942661897957, 0.4339904271, 0.118510828625, -0.992526828007, -0.0290805636976, 0.428005828058, 0.0774879419504, -0.900448016268,  
761, 848951.7700939764, 58.739665577851575, 91.92796267588686, 71.67656574133083, 30.758813928270563, -0.383839815897, 0.0354838499369, -0.92271766653, -0.30962162385, 0.936467609478, 0.164811608944, -0.869943357798, -0.348954599901, 0.348466987578,  
780, 295240.7568852291, 41.30753063058934, 94.61715164466526, 59.26271745823623, 12.57002868887073, 0.461561876249, 0.806603688338, -0.369257531206, 0.721568844885, -0.583498779639, -0.372649401249, 0.516041700336, 0.0944439734344, 0.851340883193,  
801, 3774125.250185023, 96.58489970401084, 119.0269422757048, 94.90725083240277, 79.7596113475887, -0.574898069449, 0.624915650585, -0.528178605585, 0.134295521117, 0.708829094362, 0.692478178713, 0.807128814225, 0.327172346997, -0.491427850868,  
803, 335227.70480574924, 43.094028852818376, 93.34861333967582, 67.63873810749466, 12.674998791604269, 0.45959817526, 0.885237790989, -0.0715791219705, 0.317311749558, -0.0883959477352, 0.944192464499, -0.829507547217, 0.456662030202, 0.321522968513,  
838, 659385.0203302244, 53.994578568601526, 127.3868139102152, 45.761942147340285, 27.00359241188199, -0.677836709011, 0.345688570806, 0.648873491469, 0.731132539053, 0.40979198042, 0.545450037236, 0.0773473092931, -0.844138581512, 0.530516209882,  
851, 539627.2191957473, 50.50508187174105, 123.74142430059479, 62.019809574754376, 16.786482396546067, 0.338485440345, 0.0959996124587, 0.93606179341, -0.859278565497, 0.436959785147, 0.265906925525, 0.383494398333, 0.894343457835, -0.23039493457,  
874, 925466.3780110892, 60.453856679742714, 105.8773725538369, 80.64361322799061, 25.87610488727313, -0.222604503377, -0.264201451315, 0.938426783611, 0.130421241362, 0.945856422527, 0.297230428736, 0.966145710997, -0.188555618023, 0.176094417952,  
907, 787496.8200114869, 57.28664649490895, 135.71875492371825, 72.82486431191069, 19.021319853568983, -0.37619275154, 0.834814787756, 0.401949354811, 0.220212985129, -0.340827153474, 0.913971056782, 0.899991808223, 0.432343753973, -0.0556203517766,  
951, 340345.58112485625, 43.31222577952437, 84.28176280332906, 47.13595274503416, 20.45246257710545, 0.712124771228, -0.686614016331, -0.146422343862, -0.592893325475, -0.699866336883, 0.398327271355, 0.375973157035, 0.196845886611, 0.905481022503,  
963, 399891.96861332376, 45.703699704042926, 100.85563541946917, 53.17299504828909, 17.801753348814202, 0.941350641764, 0.028363408346, 0.336235760022, 0.251161505896, 0.606543735322, -0.75433586359, 0.225337229962, -0.794544029119, -0.563846538151,  
986, 1377204.0017716635, 69.01919488321528, 138.409007964383, 94.4224750009944, 25.157641890729064, 0.340058657173, 0.521221276419, 0.782744205146, -0.263140323629, -0.746360045197, 0.611313220055, 0.902838457179, -0.413853916185, -0.116651859378,  
1032, 276408.0480637489, 40.40986115594352, 76.47274518122846, 47.319141130202745, 18.235536325388406, 0.531738423787, -0.261313328205, 0.805586490186, -0.707804369951, 0.385197626712, 0.5921450517, 0.465045398371, 0.885063914572, -0.0198656632443,  
1053, 412807.1625266318, 46.19052214167347, 87.16644697468608, 39.822247687541676, 28.39118381922157, 0.804738385467, -0.205798286225, 0.556815226393, -0.260341229164, 0.720617759796, 0.642598232695, -0.533496556084, -0.66208542474, 0.526330993762,  
1054, 101568.25626836969, 28.943860902648883, 145.84617188981701, 64.58883166309529, 2.574049676332669, 0.131999589565, -0.928326071117, 0.347543974253, 0.533124792643, 0.36207118002, 0.764645287744, -0.835675812636, 0.0843514450629, 0.542706891325,  
1073, 1171349.817860883, 65.39321180121178, 127.9723767770191, 108.27791578384102, 20.180962783934824, -0.514042622931, 0.611699779679, -0.601318186447, -0.37888769916, 0.467008035165, 0.798966586608, -0.76954810976, -0.63853494394, 0.00829651322636,  
1078, 955688.6494540357, 61.10488619264735, 143.78637925863362, 54.66246223663539, 29.02825173560448, -0.48419647289, -0.509806337807, 0.711091607019, -0.87355073642, 0.327766085266, -0.359831216335, 0.04962747767, 0.795403602759, 0.604044884242,  
1094, 369423.0783591996, 44.51213968668715, 145.8248435940051, 63.977671767666536, 9.453126353136438, 0.714146357449, -0.632231867048, 0.300462720535, 0.301304572407, 0.66507321769, 0.68329581424, -0.631831096725, -0.397442425264, 0.665453968213,  
1103, 712992.1607042333, 55.41985457673618, 166.03880479292056, 42.60776305995471, 24.060121327793333, -0.384024005581, 0.908691432616, 0.163723680105, 0.392526100458, 0.000171773058859, 0.919740849888, 0.835732507203, 0.417468382975, -0.356751069543,  
1108, 1062510.548778017, 63.3016281442344, 117.96155898923483, 82.96720772545248, 25.91777190917604, -0.762062751226, 0.289214665058, 0.579323088363, 0.0471156394191, -0.867563241122, 0.495090031384, 0.645786713797, 0.404584849159, 0.647511096518,  
1118, 1146318.0281190036, 64.92403518396199, 130.63707094279297, 52.81500153106032, 39.66365959573078, -0.973072501149, 0.230472746237, 0.00349581891532, -0.0799441819534, -0.35167733173, 0.932701443185, 0.216191663298, 0.907306655761, 0.360632495945,  
1146, 1992227.0687117474, 78.0578782900925, 116.04627849051414, 81.10618780078205, 50.53182935425808, -0.211997429439, -0.425200247039, 0.879921496401, 0.102750324109, 0.885698716431, 0.452747340806, -0.97185362108, 0.186393491382, -0.144076387947,  
1177, 544656.188595014, 50.66148834412826, 119.69318992755808, 57.25410334065477, 18.973950983452465, -0.994593024643, -0.0295896743375, 0.0995447964671, -0.0890616349529, -0.249958993252, -0.964151713618, -0.0534110523263, 0.967804191386, -0.245972166361,  
1197, 2269576.648369993, 81.52398774356244, 108.79033454184311, 83.32984183958153, 59.76753922869267, 0.539692436412, -0.84186056226, -0.00169345520749, 0.230899527146, 0.146087984462, 0.961947872371, -0.809578583241, -0.519547008948, 0.273227786013,  
1249, 3454843.4596627923, 93.78065354026234, 115.1599930195887, 101.39413463560994, 70.63587053676358, 0.80169495122, 0.0368480705848, -0.59659653442, 0.392912801148, 0.71967602814, 0.572438595147, -0.450449482053, 0.693331547107, -0.562482559644,  
1269, 220488.7091617289, 37.477094619668776, 109.82300286572676, 78.87909941134126, 6.076345891474697, -0.416810247339, 0.84586443319, 0.332840169416, -0.310852716698, -0.476726430715, 0.822254521896, -0.854189561067, -0.239259839758, -0.461643718515,  
1315, 861749.0942722929, 59.03334723927264, 132.61585576156003, 53.1046027839367, 29.21222314790181, 0.794195960469, 0.363174669939, 0.487192914039, 0.452885874706, -0.888316425058, -0.0760809665024, -0.405150787815, -0.28106598529, 0.869973994465,  
1334, 1033553.7272840742, 62.72126603868622, 112.4569190153044, 69.13368724457442, 31.73719546727099, 0.48695561738, 0.496084252733, 0.718870392277, 0.747633300197, -0.662270889086, -0.0494137420785, -0.451573554517, -0.561513743073, 0.693385636714,  
1342, 1251804.2369277661, 66.85736703502592, 135.53444084975064, 66.34786336685876, 33.23312628027863, -0.722132429904, -0.0230317295401, -0.691371313489, -0.188163145118, 0.968301290383, 0.164277940888, 0.665672129881, 0.248721029424, -0.703575486371,  
1361, 3575217.0688938363, 94.85741134352314, 143.3950963373868, 104.2306031566461, 57.106330540802695, -0.274354542077, -0.134913353471, -0.952117625242, -0.957181451952, -0.0567984904756, 0.283861937424, 0.0923756097695, -0.989228142814, 0.113553635718,  
1387, 3677571.682215453, 95.75412949575697, 109.85585017070719, 104.15765495403753, 76.7287555379377, 0.60078804172, -0.366059399622, 0.710671685714, -0.422485866691, -0.900094608697, -0.106467778413, -0.67864528391, 0.236284174973, 0.695421000031,  
1405, 2336410.0118274586, 82.31648483027386, 121.37516702585565, 88.62993365081084, 51.85016998778946, -0.980904651253, 0.129728741731, 0.144901755404, 0.18072130012, 0.883299251009, 0.432576287895, 0.0718740344871, -0.450502926444, 0.889877090632,  
1433, 849175.3140321366, 58.744820854538496, 112.20439131050414, 63.948891302817884, 28.25308510576779, 0.29944155095, -0.83361032527, -0.464142847804, -0.427638272296, -0.552125911186, 0.715739118859, -0.852912812445, -0.015836786293, -0.521813118432,  
1437, 1003751.2732872097, 62.112522436820164, 132.74652411535362, 114.03805790469784, 15.829402753859464, 0.901196161533, -0.342995450859, 0.264952069491, 0.0482713711921, 0.686946490052, 0.725103023389, 0.430714932595, 0.6406704617, -0.63563040074,  
1468, 1907388.6177907903, 76.9337424278176, 140.39642386240897, 111.50515399498097, 29.087044132073082, -0.974922829587, 0.211835401645, -0.0681999923676, 0.213695991419, 0.80557039729, -0.552621351616, 0.0621248710307, 0.553337236792, 0.83063734733,  
1475, 2351488.5517364144, 82.493187803568, 128.72997971383117, 77.3250107514282, 56.396813905012756, 0.816221084361, 0.346470767928, -0.462321477346, 0.516142823019, -0.0777628432457, 0.85296513789, -0.259576053768, 0.934832042231, 0.242300072489,  
1513, 3679144.927463602, 95.76778191513158, 128.30011553596938, 96.10645119787372, 71.23258386368349, -0.673968851597, -0.114344126663, -0.729857114629, -0.096763077394, -0.965774627896, 0.240658004159, -0.732395312608, 0.23281921916, 0.639837727287,  
1574, 502927.7745435023, 49.33316783353186, 111.86221712225088, 81.7951949878081, 13.122174124338038, 0.074105811473, 0.410182918776, 0.908987514684, -0.151630682724, -0.896261268797, 0.4168019603, 0.985655347859, -0.168717844931, -0.00422185260023,  
1580, 1959790.635891622, 77.63192518381668, 104.67131625655128, 80.9597108893778, 55.21085017938932, -0.861142989359, 0.409689264073, -0.300977505441, -0.142730946987, 0.373387984198, 0.916629308951, 0.487914571057, 0.832307707618, -0.263065108272,  
1613, 1353219.467710387, 68.61618098282314, 125.65805619876602, 53.879722377619956, 47.71599023948838, -0.411775224536, 0.193200238911, 0.890569947923, 0.79697280115, -0.397547175788, 0.454742341607, -0.44189989668, -0.897011655837, -0.00972474198588,  
1616, 2154886.6119851302, 80.12694866005839, 125.08134964781301, 84.7364530731604, 48.537004919099594, 0.320185235802, 0.864633842808, -0.387155953907, 0.709404795483, 0.0520251035047, 0.702878527735, -0.627874391037, 0.499701617445, 0.596717724392,  
1634, 1756109.132289419, 74.84353594811982, 104.12682950851301, 76.47296037549464, 52.64926884103739, 0.493206134804, 0.682802741391, -0.539006609366, 0.77356598828, -0.0608187440892, 0.630790569162, -0.39792382483, 0.728066958951, 0.558189155141,  
1679, 1176930.8710797052, 65.49690552866554, 94.0888524627385, 81.74733636029022, 36.53007492240499, 0.048865309932, 0.679499673736, 0.732046702662, 0.361420763574, -0.695285226536, 0.621251547618, 0.93112148141, 0.234219228828, -0.279560619016,  
1683, 611850.2183665801, 52.664605666015795, 119.12569112277176, 71.17015107322254, 17.228726988360993, 0.463638389648, 0.307480587179, 0.830960367378, 0.815398097063, 0.218853228524, -0.5359376901, 0.346648794819, -0.926044789885, 0.149250327228,  
1692, 1966494.3604428517, 77.72034122280604, 129.57962523564433, 77.71301596236488, 46.62014421024268, -0.54915859751, 0.111241555304, -0.82828144441, -0.0584841320056, 0.983556132989, 0.170871119747, 0.833669263608, 0.142276665808, -0.533622440759,  
1706, 1595227.8652804953, 72.48442631326976, 127.41810965366955, 83.53565239593874, 35.779238370182924, 0.422619685533, 0.00164054358547, 0.906305638301, -0.218419083336, -0.970339416805, 0.103607529791, 0.879594057185, -0.241741028399, -0.409726213165,  
1737, 984847.0303356368, 61.72011455564325, 147.2490955586998, 52.209294927050344, 30.582973348335063, 0.579146166017, -0.633110990699, 0.513575887132, -0.593879707259, 0.10392299316, 0.797813828408, 0.558477046702, 0.767053117423, 0.31580516677,  
1774, 2570074.9417775297, 84.97393418291274, 135.65038569103834, 85.6030171766143, 52.83808545216562, 0.775815407196, 0.530786258399, -0.341139856734, 0.576195535368, -0.375674488343, 0.725856310732, -0.257117014177, 0.759693771662, 0.597290728471,  
1831, 2914447.2638180056, 88.61131821372234, 120.68714057173828, 92.27041590795227, 62.48044529352171, 0.40801790832, 0.872240947354, 0.269661113713, -0.364420428519, -0.115218371299, 0.924079259692, 0.837089683229, -0.475310905275, 0.27085126095,  
1832, 2411185.8656314914, 83.1854480144461, 119.66993945649853, 82.154467551698, 58.54985491336973, 0.60662171393, 0.469251104356, 0.64172696472, -0.45022207955, -0.462510904222, 0.763795615699, 0.655217654886, -0.752254654047, -0.0693019493967,  
1837, 373766.8710305104, 44.68592289997651, 97.73980065254536, 43.35466745085771, 21.057406806989015, -0.183223823355, -0.964621160847, 0.1895654151, -0.981629312985, 0.18996156495, 0.0178464486989, 0.0532252049738, 0.182813073627, 0.981705891633,  
1848, 1615411.3685842063, 72.78884730430558, 115.2743026731938, 98.1539823173186, 34.08427788151872, 0.206532358696, 0.491340659811, 0.846125724008, -0.863426794342, -0.315266451321, 0.393828941906, 0.460259226548, -0.811906041785, 0.359123967022,  
1865, 832525.97691892, 58.358357667489834, 97.21030724450472, 69.98935710092971, 29.21224027751614, -0.0576521790197, 0.721318243592, 0.690200128742, -0.961071609949, -0.22722622543, 0.157192884787, 0.270217665605, -0.654269236582, 0.706338572681,  
1867, 1345373.6065186905, 68.48331343947919, 116.60694354580784, 71.67241025523339, 38.43066262760339, -0.296550096262, 0.891545370986, -0.342351999966, 0.95114068226, 0.243450336686, -0.189903491588, 0.0859618692027, 0.381940813532, 0.920180293204,  
1869, 1675363.259816855, 73.67838979321772, 146.342905943354, 81.589952683503, 33.49747117646514, 0.723568233263, 0.10087535645, -0.682841983385, 0.449724025043, 0.681577499861, 0.57723514531, 0.523638532875, -0.724759459506, 0.447801756076,  
1884, 1180079.9584214396, 65.55526970180007, 122.81805833777277, 85.77156615632123, 26.743439278911655, 0.287068630567, -0.412434684975, -0.864574595957, 0.475024605248, -0.722476805254, 0.502373257926, -0.831831248363, -0.554909809338, -0.0114838036806,  
1915, 1081205.2224516792, 63.67073185310525, 109.35806920974836, 90.88567747469402, 25.970077325791173, -0.00247022251248, -0.973705770667, 0.227795895861, -0.651011444395, -0.17134682738, -0.73947573592, 0.759063895379, -0.150124404802, -0.633470335387,  
1932, 925277.5661518616, 60.449745173845194, 100.36932542978585, 92.23202239184644, 23.861661819793895, 0.403885253042, 0.857438938608, 0.318865440169, 0.369688584446, 0.165849636627, -0.914234241626, -0.836783755164, 0.487126641224, -0.250001165006,  
2042, 2357405.2646768866, 82.5623184419309, 103.31206020221953, 95.82364613179467, 56.84888167518654, 0.427900243328, 0.847214797351, 0.314846738763, 0.543087523919, 0.0374392347082, -0.838841012986, -0.722466139777, 0.529929609339, -0.444091528879,  
2065, 635668.1613036268, 53.3392964969668, 106.54509850051797, 61.82725057616754, 23.03713359565866, 0.195332910205, 0.867948351046, 0.456629734148, -0.702312962564, -0.201190565143, 0.682846146004, 0.684544780716, -0.454079306305, 0.57027223918,  
2071, 566771.3661568708, 51.338096732576616, 92.21825894298611, 60.18147116591055, 24.380329632821486, -0.289844767074, 0.79205042128, 0.537257983794, -0.0946827348744, -0.582331169579, 0.807419091088, 0.952378701314, 0.183157143149, 0.243779142252,  
2101, 498966.3801400878, 49.20329928548414, 108.32333831877956, 68.23120213781225, 16.116755456114632, 0.732512993613, -0.198481667527, 0.65117566128, -0.21273830071, 0.841901854541, 0.49592709417, -0.646658433486, -0.501803044009, 0.574479395126,  
2113, 2500083.2336676843, 84.19544941343364, 144.25951842681704, 80.96781851357798, 51.098592979638966, -0.233784405482, -0.0152019256194, 0.972169611339, 0.967048781198, -0.107300251988, 0.230875097634, -0.10080429821, -0.994110435204, -0.0397861292611,  
2131, 2492595.4009661414, 84.11130929654857, 126.49503269541584, 98.92553445937214, 47.553370364020324, 0.477367102603, -0.719763110053, -0.504045349904, -0.721540392039, -0.648464226493, 0.242638846056, -0.5014978684, 0.247861276455, -0.828893645545,  
2142, 312293.9105803699, 42.088001302938366, 116.34631093706454, 57.88563798909239, 11.070097986868532, 0.215630868178, 0.845390677904, 0.488690014633, 0.733552460241, 0.190087200749, -0.652508731118, 0.644518515454, -0.499180786714, 0.579149743514,  
2158, 3120812.721250415, 90.65526521190559, 123.26794373856606, 85.8578015320187, 70.39619458206056, 0.155626766275, -0.0695999816953, -0.985360924822, 0.229063393351, -0.967782061613, 0.104536324059, -0.960890353498, -0.241978767186, -0.134669984723,  
2173, 1431094.1752596274, 69.90794484640809, 123.69435995951287, 77.6928922197208, 35.550721416652905, 0.698075988665, -0.715885509473, 0.014065965167, -0.555288063787, -0.528862717843, 0.641840628109, 0.452045440487, 0.455864193595, 0.766709043075,  
2189, 444274.91274764435, 47.33558262828312, 91.40866570505626, 36.847057448866884, 31.490024599698046, 0.226566814165, 0.861494983428, 0.454415968302, 0.502836589288, -0.503023838955, 0.702938391266, 0.834159962593, 0.0692344637555, -0.547159707796,  
2194, 2804782.6379018575, 87.48565889288177, 131.11289435947955, 100.73074966972207, 50.69943625570169, 0.040241618788, -0.994733022095, 0.0942699680241, 0.179689376349, -0.085603667852, -0.979991704086, 0.982899964465, 0.0563757643339, 0.175298126205,  
2198, 1219611.6650909854, 66.27926038030827, 94.09795164629564, 70.9949040054031, 43.583852315856426, 0.444508730537, 0.0403766631336, 0.894864075461, -0.266447724916, -0.947807453617, 0.17511893317, 0.855229558869, -0.316276391692, -0.41055041797,  
2215, 617449.2243193301, 52.82476171528918, 92.75709213322882, 47.62582404199038, 33.36744948112322, -0.227693892165, 0.956861403997, -0.180476438939, 0.929106283464, 0.158026822722, -0.334348676277, 0.291405225585, 0.243810944877, 0.92500768519,  
2258, 314515.0034813315, 42.18754493826582, 98.1090924798545, 88.34395733938952, 8.662966808994371, 0.256844606137, -0.768200230555, -0.586429240466, 0.96576244525, 0.226940506873, 0.12570165347, 0.036520509899, -0.598637128915, 0.800187378207,  
2262, 1461381.356338966, 70.39767526768941, 129.64391989944698, 91.80998166350331, 29.311152749245377, 0.469013057116, 0.804292108855, -0.364884852917, 0.633012893925, -0.0180226260665, 0.773931431765, 0.615890760102, -0.593960763505, -0.517580122336,  
2277, 2140200.615604526, 79.94450634649074, 125.29147510550901, 77.64365484120117, 52.5216525868894, -0.564384233708, -0.0252873786144, -0.825124830086, -0.821286045846, -0.0838106776294, 0.564327033921, 0.0834246225075, -0.996160789631, -0.0265332538783,  
2287, 4055059.2583651515, 98.92427253997235, 127.71170707026111, 91.44899859966718, 82.88938773173042, 0.184902950862, 0.18484197973, 0.965217250826, 0.926778990733, 0.293945272587, -0.233830877046, 0.326942810135, -0.937779088727, 0.116956315126,  
2295, 1593184.0548459673, 72.45345733326336, 111.10144166148763, 77.87021325071396, 43.96289500204941, 0.66886648684, 0.490316954506, -0.558754782446, 0.675888739727, -0.0881729806075, 0.731710282148, -0.309502882527, 0.867072551529, 0.390375660221,  
2305, 3379566.315818657, 93.09452088943792, 121.5473053027705, 85.0349192757178, 78.06021170251101, -0.536234293119, 0.423365363875, -0.730215414487, 0.323872086376, 0.902096208326, 0.285182928295, 0.779461130878, -0.0835715238301, -0.620851146294,  
2307, 169098.42920026675, 34.30443899133599, 108.71616222950189, 50.69476955662033, 7.324765033245029, -0.561288705676, -0.491554112873, -0.665829965531, 0.26485713659, -0.868888239232, 0.418191254, -0.784095457249, 0.0583762095558, 0.61788876999,  
2314, 2169758.3197399294, 80.3108552798232, 125.75156885831016, 100.88618548016444, 40.829836368905895, -0.67280805829, 0.580050725045, 0.4592063513, -0.630208439392, -0.774479852639, 0.0549388821793, -0.387513405727, 0.252432395368, -0.886629148038,  
2319, 336884.7636919905, 43.16491798646236, 122.52877058101107, 51.90187455937692, 12.646537629887613, -0.172238169844, -0.0896570227696, 0.980966681961, 0.253570274226, -0.966324968116, -0.0437969408135, 0.951859300988, 0.241200485621, 0.189172399832,  
2327, 1178481.041030034, 65.52564887382059, 134.33823243646452, 110.31327401635545, 18.98482450013813, 0.829497994725, 0.51139483859, -0.224518141385, 0.517068150221, -0.551206424008, 0.654837389097, -0.211124619062, 0.659277481184, 0.721650606617,  
2335, 3718048.766467915, 96.10415344414024, 120.6207636743126, 104.22745148938729, 70.60285772231308, -0.248948015013, -0.386908940795, -0.887877445008, -0.159276067946, -0.887902604021, 0.431578613872, 0.955330319837, -0.248858267505, -0.159416256053,  
2343, 887107.1423172622, 59.60680204484752, 85.24585252544726, 75.39323120114935, 32.95200550242786, 0.120680333403, 0.162137197085, 0.979360907149, -0.805378800147, -0.560776326996, 0.192080450216, 0.580345798127, -0.811936845082, 0.062907187141,  
2357, 1892478.595971139, 76.732754590893, 128.14146369894203, 73.07850918050077, 48.24618830155661, 0.869063387577, -0.467998443046, -0.160331798716, 0.20545749622, 0.0466294439685, 0.977554557149, -0.450017828114, -0.882498244906, 0.136677730879,  
2432, 2019111.400163202, 78.40743087711328, 141.2346992395186, 74.48017576655306, 45.82363840290012, -0.91419816381, 0.0357685753944, -0.40368592532, -0.0386838179908, 0.983847620199, 0.174778209322, 0.403417004491, 0.175398030897, -0.898048022794,  
2434, 1403644.9678046836, 69.45809819751632, 134.69418654080977, 88.48386674961381, 28.116141405388795, 0.677992279911, -0.116785122798, 0.725732528879, 0.523145993556, 0.77022628597, -0.364787250087, 0.51637654653, -0.626987004246, -0.583303144771,  
2451, 620241.6404343472, 52.90427535385314, 87.57079109401637, 65.7925626439542, 25.700184114650366, 0.0491568957698, -0.0223272291305, 0.998541483584, -0.32323062212, -0.94630567666, -0.00524702253764, 0.94504262577, -0.322501257611, -0.053734293676,  
2453, 692440.6328534356, 54.88217468290027, 94.21034147604108, 74.35326292279237, 23.599093746687064, -0.723776406826, 0.634594759577, -0.270992996294, 0.682731591845, 0.715566556538, -0.147790651466, -0.100126352269, 0.291982866419, 0.951168081518,  
2466, 2470206.324786699, 83.85871566287354, 133.8876018490467, 91.67734102567009, 48.04434187540462, 0.63705102279, -0.0131596095981, 0.770709296063, -0.380912380457, -0.874616399396, 0.299919843163, 0.670128161456, -0.484636955445, -0.562187930002,  
2468, 710093.5493408528, 55.3446509431194, 76.46836854061998, 52.09314130911214, 42.55637102471531, -0.604487684222, -0.664118420428, 0.43993336231, 0.18672566976, 0.418743579382, 0.888699802509, -0.7744211799, 0.619354937314, -0.12911737973,  
2471, 2402103.556474592, 83.08087062679245, 97.90166790020547, 97.73083795289493, 59.935123387971764, -0.342303551381, 0.901864924645, 0.263567707442, 0.939576794933, 0.327101468831, 0.100995423228, 0.00487084551835, 0.28221319385, -0.959339349803,  
2477, 933350.9211463449, 60.62505101214002, 119.9467574001177, 62.34660446658975, 29.79579882919142, -0.33077209624, 0.239649244315, -0.912774922995, 0.928259421667, 0.256930096401, -0.268926331268, -0.170071356893, 0.936245248459, 0.307441975505,  
2479, 1346402.403789433, 68.5007652199914, 124.57791440529647, 70.36731346050736, 36.66690409107942, 0.643472337828, 0.370521153541, -0.66981894959, 0.578472750651, 0.337691361522, 0.74251856617, -0.501310908723, 0.865262167861, -0.00295865899997,  
2493, 774466.920659722, 56.96893331460499, 111.74559214558927, 65.927894046115, 25.0965867259758, -0.00144322912168, -0.38890531126, 0.921276601224, -0.997669741431, -0.0622831365409, -0.0278549445338, -0.06821293222, 0.919169989597, 0.38790917249,  
2497, 568097.5284633092, 51.37810676166295, 99.01684344616417, 78.3458500058353, 17.482728630719325, -0.356651405414, 0.389327902424, 0.849248820671, 0.839719261556, 0.532019438934, 0.108751452259, -0.409476906295, 0.75191695086, -0.51667161933,  
2498, 2308895.2198361144, 81.99207394028508, 98.74856804605234, 87.4281340148043, 63.84598615006504, -0.499269409109, 0.502367320333, 0.705944142683, 0.786454119694, 0.604680254171, 0.12590356561, -0.363620646752, 0.618052478094, -0.696987201875,  
2500, 2544746.9760960173, 84.69387414573842, 133.5485594849832, 81.41216388750375, 55.87628085255854, 0.831261774363, -0.14875002233, -0.535609273015, 0.239471549322, -0.773712323618, 0.586534412756, -0.50165450217, -0.615826819112, -0.607536080668,  
2503, 2386728.9227619474, 82.90323841799791, 100.35123316622753, 78.87494721129207, 71.98677065090256, -0.748987999632, -0.580700664599, -0.319066943667, 0.0643584938652, -0.543033212035, 0.837241252504, -0.659450499033, 0.606548982986, 0.444098379376,  
2508, 2065252.392228345, 79.0001971064491, 109.3835768239645, 93.77437692342833, 48.067132743360744, -0.509631402928, 0.860374127021, 0.00567403747461, -0.21618424958, -0.1344314953, 0.967053536938, -0.832790611968, -0.491614213203, -0.254509846556,  
2509, 1603434.9581871722, 72.6085191683319, 146.97421542737817, 57.11528368387344, 45.6004627451362, 0.0595382567497, -0.607247834271, -0.792278526628, -0.572005860145, -0.671211755453, 0.471470121325, -0.818085870764, 0.425117450965, -0.387312097593,  
2517, 602084.1268888069, 52.38289817216419, 116.82678452770737, 77.54411345670427, 15.866360209917731, 0.329362471467, 0.460403394052, -0.824347667634, 0.360117346542, 0.745814763441, 0.560424691955, 0.872832091016, -0.48144475631, 0.0798441451388,  
2518, 153751.50177590613, 33.23356408500992, 105.72592101754913, 85.26632990926133, 4.071661915657911, -0.514222073242, 0.293730239762, 0.805790422902, 0.833973244782, -0.048019630497, 0.549711508042, -0.200160651423, -0.954681444952, 0.220270407194,  
2526, 610851.191252392, 52.6359265170509, 91.64901686785771, 74.10741565686344, 21.471250405372903, 0.616411340629, -0.713352378349, -0.333414821879, -0.739412257289, -0.669969519792, 0.0664105136273, -0.270751865949, 0.205594812322, -0.940438302193,  
2529, 2366241.963621453, 82.66535102218067, 92.13789817641468, 87.97991993072455, 69.68650427075482, -0.315412310135, -0.143253646956, 0.93807966999, 0.194282542957, 0.957852265019, 0.211597098041, -0.928853792649, 0.248992833293, -0.274286712859,  
2541, 2791948.51487616, 87.3520158988603, 138.13919877522162, 82.98567513151374, 58.1431734466346, 0.260858491247, -0.10252356809, 0.959917582676, -0.450502452916, 0.866507268206, 0.214971379635, -0.853815195145, -0.488522335346, 0.179848659733,  
2549, 742250.3660245652, 56.167781475231465, 90.13119909885118, 49.65948267391145, 39.589906056437755, -0.972941742222, 0.0771868435174, -0.217776393186, 0.089750055541, 0.994788353088, -0.0483845025885, 0.212906772489, -0.0666207456291, -0.974798636889,  
2563, 3596965.5619112984, 95.04936580992565, 142.39502042515124, 87.20451451860485, 69.15345766158758, 0.335396373361, -0.473506827624, -0.814432659543, 0.319836323569, -0.755928470277, 0.571206507272, -0.886123015649, -0.452065738602, -0.10209098452,  
2564, 2918431.5553580937, 88.65167950481697, 127.80155754547889, 87.22221702073924, 62.502535443113544, 0.2169441051, -0.787021614085, 0.577522496727, 0.314001367773, 0.616431189576, 0.722091219691, -0.924304276902, 0.024689420436, 0.380856976068,  
2571, 2009856.6249445037, 78.28745158603161, 111.51115029481313, 83.85692595349069, 51.31203451437547, -0.17771758117, -0.414689213181, -0.892440092003, -0.212188037489, -0.869396219726, 0.446235867981, 0.960933243306, -0.268669070787, -0.0665149029353,  
2588, 3054606.700022019, 90.00961351074123, 113.0373419664829, 107.22907894045731, 60.16337326367719, -0.422436841341, -0.880131337362, -0.21660088659, -0.118898136827, -0.183096754097, 0.975878482035, 0.898560152765, -0.438000465334, 0.0272991617153,  
2610, 2200299.8073946596, 80.68591910558267, 129.03813133176538, 68.21246331062657, 59.67761427344166, -0.0982390250117, -0.989936160486, -0.101860159662, -0.150615358546, -0.0863860625856, 0.98481087624, -0.983699195758, 0.112088564772, -0.140613107187,  
2612, 2320478.8236083593, 82.1289618909165, 106.50314063881612, 79.3414752754962, 65.5580932882444, -0.0218830097134, 0.991913719711, -0.125013225439, 0.737545149608, 0.100434114956, 0.66778749677, 0.674943172553, -0.0775896977807, -0.733778953516,  
2626, 998549.6280399258, 62.00504328015206, 127.89814303050353, 61.46990419147472, 30.321750492769013, 0.670934295475, 0.713866934882, 0.200602020024, -0.380677362805, 0.0994399637153, 0.919345658098, 0.636342609452, -0.69318517937, 0.338470664162,  
