# Void_ID, Void_Volume, r = (a*b*c)**(1/3.0), a, b, c, vector_a, vector_b, vector_c 

0, 368836.1792037964, 44.488555179441065, 130.80566113014578, 52.601407474946775, 12.797378061306373, 0.6241584171, -0.4289272332, -0.653029631015, -0.689978620154, 0.0895196624585, -0.718272743297, -0.366545732609, -0.898892462229, 0.24007616969,  
2, 2034998.8434550865, 78.61254430135013, 143.8832584755764, 74.92857390488439, 45.06276395929325, 0.23277381185, -0.642672121854, -0.729923897615, 0.648841444856, -0.456457658955, 0.608811288511, -0.724445396116, -0.615320200687, 0.31074091889,  
7, 3301970.083808119, 92.37650102259575, 120.47831278940257, 113.92766017551322, 57.43101211091716, -0.65812051223, 0.683681358012, 0.315368343511, 0.370389474392, -0.0706877203502, 0.926182964349, -0.655506696108, -0.726349121909, 0.206707340121,  
8, 578406.7871633113, 51.687031497687144, 76.36664643247407, 64.06531951781278, 28.223966973108432, -0.995687417921, -0.090973057507, 0.0181787953992, 0.0693268575994, -0.59942713564, 0.797421404198, -0.0616470000059, 0.795242737701, 0.60314893312,  
9, 1488394.2411416902, 70.82878477277134, 139.7690844798846, 82.40490688093595, 30.850711059999497, 0.562292047735, -0.373573496187, -0.737746905111, -0.752757175542, -0.600544808406, -0.269634136872, 0.342321906579, -0.706957407517, 0.618891699922,  
11, 1737823.5520273456, 74.58285829662249, 102.0099988523572, 76.10107779077293, 53.44210047459842, 0.679528284577, 0.392996309876, -0.619512074849, 0.68563400936, -0.640649242446, 0.345650912573, 0.261050408291, 0.659638119409, 0.704790916339,  
15, 535922.4504764179, 50.38923678640726, 96.52157787180174, 66.47574534702534, 19.940025663953804, 0.74227570644, -0.492208479587, -0.454706045982, -0.305478355179, -0.852512516627, 0.424152547453, -0.59641407608, -0.175935276782, -0.783158367278,  
20, 3977635.303248858, 98.29062970468162, 117.507984288853, 97.32457641711714, 83.03218249660415, -0.65213741572, 0.470252360005, -0.594625519909, 0.725230805839, 0.615442606656, -0.308659482561, -0.220810029845, 0.632529142271, 0.742394649023,  
24, 2214140.0564682605, 80.85474154281785, 110.65683404792803, 98.53434928627323, 48.478657666301764, -0.172456499466, 0.593914021952, 0.785827519447, 0.432989607362, -0.670862830706, 0.602049053062, 0.88474784866, 0.444082421298, -0.141463943767,  
29, 435898.5860400021, 47.03620599092906, 88.63310406363905, 41.68478019031521, 28.165883330462897, -0.132066738183, -0.466275550504, -0.874725950037, -0.983192502359, 0.173843718546, 0.0557751273111, -0.126059033672, -0.867390034831, 0.481397598151,  
30, 2679453.683488359, 86.1626832197474, 108.44190401678608, 94.06217836496955, 62.71125302835263, 0.157080477196, -0.42698292254, 0.89051182336, -0.719429135554, -0.667209410275, -0.193011195938, 0.676570353031, -0.610341860518, -0.411989527415,  
31, 468459.4193887326, 48.17937059473406, 116.72536934212839, 65.42908516622398, 14.643579916668086, -0.889310889724, 0.344764179355, 0.300439348375, 0.419539912427, 0.876515915244, 0.236021423189, 0.18196813814, -0.335942719757, 0.924137482058,  
33, 639691.4522432117, 53.45159216560831, 108.83912820573377, 71.95485957582666, 19.500096198943723, 0.113069520282, 0.370884565839, 0.921769994308, -0.620253501554, -0.698404556699, 0.357094761923, 0.776209299992, -0.612107600023, 0.151074182445,  
35, 1364951.6942639076, 68.81390827156903, 139.06451417356882, 61.44748591488533, 38.133637253327706, -0.14057775046, -0.736433172946, -0.66174321142, -0.0870524282482, -0.656597972622, 0.749200224963, -0.986235149856, 0.1629272357, 0.0281947700002,  
38, 1323991.6196675487, 68.11857313296491, 145.97707808240006, 88.1058218905537, 24.575782433995727, 0.291179600083, 0.120620897858, -0.949033739914, 0.255064837518, 0.946322347479, 0.198534489002, 0.922039244912, -0.29987432978, 0.244783612976,  
50, 1271983.4185147586, 67.21470241786483, 126.09191744700439, 63.54613616727426, 37.89801319030647, 0.207168048404, 0.00147337871287, -0.978304261912, -0.877321855254, 0.442761874261, -0.185116949507, -0.432883081229, -0.89663802722, -0.0930187407442,  
51, 1378814.5779897314, 69.04608931798779, 138.71650413464195, 93.96175838685654, 25.254454160497307, -0.0798998091717, 0.860483490299, -0.503174108453, 0.259087976565, 0.505366007805, 0.823090893252, 0.962543215079, -0.064601556317, -0.263319573954,  
52, 2279703.427270676, 81.64506032880719, 100.87654916489433, 94.384954982566, 57.160596544222635, -0.167265197168, 0.846674466594, 0.505138299314, -0.785756277308, -0.423944385726, 0.450397857991, 0.595490912179, -0.321579703073, 0.73619091823,  
54, 2224507.5589872473, 80.98074332343337, 139.4157936036221, 66.27866737275153, 57.47242650407342, 0.805767132635, -0.506885246377, 0.306278753704, -0.332032135128, 0.0415901420668, 0.9423507422, -0.490401865012, -0.861009644016, -0.1347902211,  
66, 1140730.8343853948, 64.81838268161506, 133.66935544980637, 68.94271425341405, 29.551146858626957, 0.591094785171, 0.502168036052, -0.631216459316, 0.700205119273, -0.707923364323, 0.0925056819306, 0.400399482876, 0.49666062237, 0.770070438531,  
71, 2069556.1589804934, 79.05503504014057, 137.30312914025671, 85.68463931788477, 41.995736164752174, -0.709121257974, 0.239375955414, 0.663209011895, 0.697493840093, 0.100486913677, 0.709510199512, -0.103195855156, -0.965712965715, 0.238220661004,  
73, 2729155.9326555193, 86.69217791809801, 122.58817837063837, 85.40997837146844, 62.22752635057044, -0.975194638413, 0.135557716538, 0.174984349865, -0.0531173936071, -0.910752962824, 0.409521163317, 0.21488126886, 0.390068130196, 0.89536187885,  
74, 1239829.547972339, 66.64349902379055, 132.82820097450286, 59.73082336433807, 37.306506404153, -0.363256608511, -0.931681076423, 0.003874042913, 0.142091082932, -0.0512900199109, 0.98852387832, -0.920790291285, 0.359638298424, 0.151015011779,  
76, 245921.53525249663, 38.86595266147708, 70.75442805537604, 36.74466018518421, 22.58187983357743, -0.488701329496, 0.681135675358, 0.545183640899, 0.855261026852, 0.497453213171, 0.145151219956, 0.172335679699, -0.537209914709, 0.82565484377,  
81, 1702494.9738258782, 74.07399076191128, 124.31275363847344, 86.06952156576905, 37.98675132322967, 0.227258964682, -0.415765071367, -0.880620672255, -0.234613763334, -0.90102173621, 0.364850946185, -0.945150646736, 0.123690081694, -0.302309474983,  
85, 394477.3802108873, 45.4964836469045, 103.45396259614891, 39.05950981018696, 23.305561843870503, 0.271848683289, 0.45718774802, 0.846804379095, 0.715353561389, 0.492595002411, -0.49560008657, 0.643713892659, -0.740492759357, 0.19313958097,  
86, 1008903.9701806501, 62.21862472167508, 107.84043589710379, 84.52729446679767, 26.423030053032104, -0.686516165804, 0.711656372472, 0.149133368532, -0.511988991215, -0.618761268192, 0.595820246265, -0.516297227345, -0.332685588063, -0.789149841621,  
89, 723864.0602735626, 55.70012054578016, 125.44980090841396, 56.6465028399571, 24.31785841847035, 0.699155227595, 0.217302317002, -0.681147319419, 0.614842820891, -0.668961209376, 0.41768314061, 0.364897620334, 0.71082389055, 0.601314496165,  
90, 1038281.4606458081, 62.816754844721586, 100.82995759553003, 94.54224288658234, 26.00225448437542, 0.401859877606, -0.297309310583, -0.866092265646, 0.0332039146528, -0.94047099428, 0.338248147029, 0.91509897761, 0.164686012635, 0.368065725679,  
92, 712959.1690714669, 55.418999766172654, 105.86597443853154, 53.06217272412997, 30.299441341224334, -0.913402590553, 0.290926737425, -0.284705709502, -0.0480413102102, 0.617489936884, 0.785110317319, 0.404212493727, 0.730799433017, -0.550040406349,  
97, 153093.83386588027, 33.1861111357329, 103.20141532521465, 55.77021994080499, 6.350107525281999, 0.465076471364, -0.853862106691, -0.233716449015, -0.72763959624, -0.519073447727, 0.448445508227, 0.504226629371, 0.0385001119697, 0.862712726005,  
98, 1210048.2344223242, 66.10556543704435, 109.42836851112693, 70.72060739163155, 37.32829612552085, 0.513828762567, -0.41806958985, -0.749131377531, 0.306325915903, -0.726248726139, 0.615408174326, -0.801339151673, -0.545692776042, -0.245101934246,  
99, 1568694.8402243545, 72.08030565426974, 125.13525560127243, 63.01638111592602, 47.49159053046683, -0.719580772008, -0.627577275533, 0.297237742877, -0.693825921778, 0.667314630488, -0.270733769974, 0.0284447328002, 0.401046066146, 0.915616158663,  
104, 931988.2385144735, 60.59553266078806, 125.69167184107854, 77.30854488842537, 22.89748696766773, 0.0377280164143, -0.37533060667, 0.926122849558, -0.234994486437, -0.90412455693, -0.356842229704, 0.97126422158, -0.20417081391, -0.122311449283,  
110, 511422.1514577638, 49.60936200275378, 89.66601086733282, 71.90078189661253, 18.93779728415137, -0.39104449687, -0.656542572701, 0.645008567151, -0.902344518694, 0.411512600086, -0.128186385991, 0.181269332903, 0.632146525895, 0.753347329422,  
111, 1195311.552226961, 65.83611105844636, 126.15096729841375, 95.45186930759826, 23.698315915333882, 0.635865083335, -0.0658791247333, 0.768983443723, -0.653706949358, -0.575640135366, 0.491228723628, -0.410296015282, 0.815045014389, 0.409095104301,  
113, 4324631.225670517, 101.06950921911718, 121.1619555154731, 95.9255617301662, 88.83003747478608, 0.649863552298, 0.72422372713, -0.230602160562, -0.39132904936, 0.578922350227, 0.715339421208, 0.651566526551, -0.374631693092, 0.659630317685,  
119, 242840.35161478756, 38.702951100552866, 98.59923422138439, 33.369765046561696, 17.619985752836538, 0.884412366105, -0.01446963719, -0.466481935641, 0.245726522703, 0.864195926045, 0.439071608564, 0.396778581478, -0.502947344168, 0.767861137364,  
122, 2044162.515405819, 78.73036598435068, 131.39231064431283, 92.6929430563561, 40.06915549647317, -0.498267588923, -0.153949358811, 0.853246157185, 0.0298201066173, 0.980484691658, 0.194320690266, -0.866510341006, 0.122267593195, -0.483952956995,  
123, 402301.6667799151, 45.79531748547196, 88.940274458271, 51.7263547741107, 20.876268944385657, 0.673695912957, 0.467285294639, -0.572519231362, 0.613071700242, 0.0791892099229, 0.786048445959, -0.412646225268, 0.880552964021, 0.233129943007,  
124, 799424.6429404757, 57.57442916893809, 139.8630320779884, 63.20276252519688, 21.589864766984054, -0.562174188097, 0.563929892937, 0.60493244093, 0.796815089048, 0.173462670277, 0.578788748928, -0.221463080675, -0.807399391796, 0.546864083686,  
127, 4210999.785740347, 100.17642678249418, 124.81567952727792, 94.39199506689113, 85.32814397291074, -0.728867572578, -0.412713086693, 0.546278289626, -0.684119562046, 0.47056204057, -0.557271738742, 0.0270644872626, 0.779896963737, 0.625322508377,  
130, 1595616.4440827097, 72.49031128755598, 108.37296989081752, 82.97489184400695, 42.36158721784123, -0.466504395652, -0.872378756594, 0.146044355864, 0.676564067046, -0.245571908466, 0.694230149845, -0.569767243722, 0.42266977987, 0.704780494314,  
135, 763983.5733573487, 56.710716869919885, 87.70173586523279, 48.61871384341864, 42.774383244531975, -0.865936830349, 0.368101422453, -0.338607071151, 0.500049199696, 0.650994457487, -0.571101579585, -0.0102080227746, 0.663858086574, 0.747788898795,  
136, 3204783.1085856664, 91.46115423943131, 118.36934990311345, 105.08327842533907, 61.5087863066908, -0.668408714533, 0.714465661692, -0.206805726708, 0.522102142305, 0.648715351208, 0.553694632544, -0.529753851649, -0.262120604627, 0.806631046571,  
140, 1245559.6690956568, 66.74601002984696, 111.13244567227012, 79.63755564127591, 33.59828693497352, 0.927062056136, -0.0763099792984, 0.367059574364, -0.244457833347, 0.619266642536, 0.746156279312, -0.284246920455, -0.781463762756, 0.555444034724,  
145, 739840.4573224996, 56.106927802251185, 119.14972649605677, 68.43167952821204, 21.662033262473315, 0.506627365832, 0.467682337079, -0.724294100331, 0.396005235727, 0.619998304357, 0.677334449051, 0.765838472178, -0.629980423647, 0.128903453616,  
146, 848815.4300348155, 58.736520916195175, 124.23475304912297, 107.66258447672064, 15.150143776888639, 0.547012384553, -0.287040582351, 0.786374691372, 0.607335871221, 0.782575413468, -0.136816891371, -0.576125499066, 0.552434092286, 0.602408485171,  
147, 1491213.9565583372, 70.8734841819842, 113.2397005703519, 74.24609972550935, 42.34274349866834, -0.950214858711, 0.30479354733, 0.0647504115173, -0.132774600354, -0.584052501304, 0.80078310498, 0.281891163016, 0.752318794944, 0.595444206443,  
150, 1032602.4270995191, 62.70201689667516, 100.40021609846022, 66.89377360503899, 36.70491212028038, 0.311621177932, -0.679695529208, -0.664007702544, -0.740565851079, 0.26411427325, -0.617904418888, -0.595360782786, -0.684293532221, 0.421055697124,  
152, 799326.450121548, 57.572071795614825, 137.45006012409172, 55.044801731314365, 25.221698453239313, -0.120664019413, 0.280968044444, 0.952101440194, 0.992064433197, -6.10250081204e-06, 0.125730506835, -0.0353320648322, -0.95971712393, 0.278737667406,  
154, 964081.2960595743, 61.28323500451326, 102.32806982697576, 66.58778091054697, 33.778139407809675, -0.638363652255, 0.663431641271, -0.390320771726, 0.148315755159, 0.603597781111, 0.78337229681, 0.755310720334, 0.442185680454, -0.483712248914,  
158, 860106.7976925515, 58.99582204060542, 149.675899400361, 46.4377506304531, 29.542056145458293, -0.0983673442633, -0.507331384965, -0.856118409691, -0.934953525425, 0.341782653498, -0.0951132118277, -0.340860339257, -0.79107489127, 0.507951518872,  
162, 1021228.6170812245, 62.470951719645086, 81.7489629587345, 73.97064489921621, 40.31741785920534, 0.129853235432, 0.83541483202, 0.534060104941, -0.986001154108, 0.0519798104431, 0.158429237847, 0.104593792103, -0.547156428956, 0.830469735093,  
163, 2136497.986907061, 79.8983773862153, 150.47043227705234, 116.71445675918076, 29.04277143839155, -0.881633584392, -0.181631865674, -0.435582470083, 0.441345754702, -0.644199947571, -0.624676198007, 0.167141101105, 0.742977989527, -0.648110761676,  
165, 1684203.5730759285, 73.80775432692073, 140.45724524268326, 97.12119469065892, 29.474592711982947, 0.0476110346407, 0.350619063719, 0.935307148234, -0.532235130711, -0.78346585884, 0.320791230661, 0.845256739114, -0.513076524691, 0.149310163063,  
171, 1539764.3534063685, 71.63444227774691, 120.42997773874677, 78.51966819861609, 38.87340563215547, -0.461889403912, 0.414041905104, -0.784364379209, 0.866354299217, 0.400031759946, -0.29900638666, -0.189969489083, 0.81764533378, 0.54347741569,  
175, 602963.4967550408, 52.40838826131509, 124.13768395957463, 56.736721464168916, 20.43781843413897, -0.00406132107738, -0.203366563764, 0.979094247973, -0.21634842672, -0.95573439699, -0.199411937121, 0.976307771108, -0.212635376063, -0.0401164918671,  
180, 1251537.8477488216, 66.85262418943609, 124.61738150360935, 98.0945538181494, 24.441725408984365, 0.20970753164, 0.975411104439, 0.0677932777666, -0.665389263086, 0.0915632627581, 0.740859836597, 0.716435537744, -0.200472806759, 0.668229581811,  
181, 3304009.148310974, 92.39551218660608, 107.09879688556023, 89.50702470787455, 82.28315179630016, -0.077171694281, 0.103722487521, -0.9916078737, 0.99684029549, -0.0107406190472, -0.0787023785566, 0.0188136888934, 0.994548281726, 0.10256588334,  
189, 1259648.4624812298, 66.99672658270275, 96.81939888609215, 79.40307988706773, 39.116593014297315, 0.132531311208, 0.0866833758329, 0.98738110368, 0.98430091832, -0.128660814065, -0.120822585304, 0.11656394702, 0.987892902737, -0.102374112824,  
190, 721455.9900340368, 55.638286277203854, 115.33793998986813, 50.72406942980731, 29.439806799200866, 0.907960050497, 0.295711399334, 0.296923079272, -0.249945432371, -0.186569410248, 0.950115327735, 0.336356696882, -0.936881328378, -0.095485857586,  
200, 4518643.708320706, 102.55885490453925, 132.48264175279073, 103.2587669452557, 78.85578789830726, 0.957573613196, 0.230774915394, -0.172614349736, -0.221974020678, 0.972613099947, 0.068929615955, 0.183794204082, -0.0276892801688, 0.9825746762,  
209, 553804.6278117773, 50.94356387342073, 139.15103825298456, 73.61544026618633, 12.906622459008478, 0.614035505524, -0.7888569315, 0.0257903001158, 0.428030623058, 0.360271062501, 0.828851342069, -0.663136625199, -0.497905114604, 0.558874147882,  
212, 2814965.241437626, 87.59140159805072, 105.37958467238936, 94.05875760861426, 67.79984590033762, 0.103130450261, -0.218471760781, 0.970378379793, 0.619303646455, -0.749308983737, -0.234518742062, 0.778348960118, 0.625144892511, 0.058023785222,  
213, 1592419.4583469562, 72.44186492410621, 116.95252526624272, 76.42796575012086, 42.53113401101048, 0.336449301976, -0.406720914888, -0.849340900106, -0.847210945029, 0.263039831606, -0.461566529994, -0.411139248701, -0.874864643463, 0.256078842929,  
220, 292007.4075659362, 41.156182698244926, 89.16422722697229, 63.65494785574218, 12.282377538046902, 0.554213908067, -0.38187881687, 0.739604971138, 0.403584782664, 0.900399618831, 0.162480305302, -0.727987820851, 0.208444466549, 0.653134470885,  
223, 224518.52790393351, 37.70403751842065, 103.75661583124767, 50.377549205152555, 10.254411532594352, -0.425386693593, -0.377883281791, -0.822344445021, 0.127814791005, -0.924633538267, 0.35877039888, -0.895940589612, 0.0475083703642, 0.441625876315,  
226, 2370045.9546964657, 82.70962515025148, 137.65264657792977, 69.23252382773887, 59.370872063734375, 0.941594317711, 0.114491165069, -0.316688986193, 0.23574647545, -0.895654070461, 0.377130462015, 0.240465673575, 0.429762212378, 0.870333672016,  
229, 2351714.883126166, 82.49583438231149, 136.38266006852842, 105.87456514180114, 38.88170151090941, -0.620033176524, 0.135783554477, 0.772736492178, 0.132930064279, -0.952489784713, 0.274030669867, -0.773232473465, -0.272628018278, -0.572525550198,  
233, 972674.1353497468, 61.46476885663095, 130.57502721516957, 91.38136251210389, 19.460814100886644, 0.0388505388717, 0.850869730746, 0.523938294964, -0.784506774376, -0.298784220542, 0.543394065586, 0.618902057347, -0.432144294022, 0.655905139907,  
234, 616646.6638733782, 52.801864585025164, 123.34458845012541, 78.53684497945113, 15.196872720609012, -0.831164441649, -0.181437253857, -0.525591280228, -0.546601628502, 0.43992612256, 0.712524853187, -0.101942781295, -0.879514371458, 0.464824848454,  
239, 2888565.981491512, 88.34823838236098, 128.23901907650796, 108.10967614627276, 49.74036057816514, 0.234096559219, 0.452577008094, 0.860449215646, 0.52844909388, -0.802115366383, 0.278123163706, 0.816051687174, 0.389595932675, -0.426936357206,  
244, 1346452.9625808452, 68.50162263392677, 125.02698177955007, 57.5199433595845, 44.69720636650225, -0.402679467374, -0.891389513021, 0.208023995326, -0.206495603177, 0.309870457352, 0.928083975473, -0.891744813511, 0.330764320532, -0.308846485879,  
245, 2103560.1519969264, 79.48565828721527, 117.18620779949333, 67.79229625077767, 63.21344818495996, 0.522999739934, 0.850619240093, -0.0540201852424, -0.504895820222, 0.36024864388, 0.784411324054, 0.686696062863, -0.382972352745, 0.617884045984,  
248, 623153.5376999173, 52.98693741748016, 130.54664389833817, 71.8256455324921, 15.865771902069122, -0.827418227981, -0.450331201482, -0.335530751163, -0.560062947585, 0.617723907209, 0.552038648289, 0.0413348611507, -0.644685181646, 0.763329840776,  
252, 1763359.639723866, 74.9463975315358, 126.98864507974527, 85.04040599746499, 38.98181648598381, 0.545882328778, 0.162455803112, -0.821961431676, 0.73354212684, 0.381395738678, 0.562541766155, -0.404880761804, 0.910024946116, -0.0890290186832,  
259, 480156.2031414284, 48.57706948586099, 64.35470075704144, 62.95432593649685, 28.29359164355186, -0.299172755239, 0.499681754058, 0.81290454986, 0.212685598364, -0.795571226527, 0.56730173609, -0.930193796352, -0.342614314038, -0.131738122975,  
260, 1643397.2247008935, 73.20678142840109, 118.65248592642088, 80.00487979148268, 41.32954472231424, -0.770564405503, -0.589581707757, 0.242123742845, -0.0611617559084, 0.44653165124, 0.892675038329, -0.634420788267, 0.673054896958, -0.380141248874,  
262, 1394075.3115285113, 69.29988952298127, 110.52680809900815, 70.60489755294901, 42.64765648080845, 0.720879793409, -0.655405670144, -0.225334708818, -0.444546876144, -0.686703980287, 0.57516581815, -0.531705179931, -0.314453575272, -0.786389566712,  
267, 1804930.5096178355, 75.53077813683012, 106.53902617282253, 102.60923704837977, 39.41637631738433, -0.317637070768, 0.885231903066, -0.339810489932, 0.587770927455, 0.465030254664, 0.662021298061, 0.744064532223, 0.0105517790759, -0.668024424588,  
279, 716106.2081180448, 55.50042087186405, 119.79325370343552, 86.85371480146453, 16.43115415707713, -0.452038733183, 0.122981092966, 0.883479843842, -0.885649462852, -0.179840752682, -0.428114859149, -0.106235646803, 0.975977947726, -0.190213124944,  
287, 1209291.3022348068, 66.09177869535112, 97.93195120311277, 75.19738663176824, 39.20262649334531, -0.200199576318, -0.635503389858, 0.7456913377, -0.909233596621, -0.163020834491, -0.383038476262, 0.364985474255, -0.754691757607, -0.54518433083,  
289, 2194146.6406392013, 80.61063581428968, 107.52066430094241, 84.90459502929474, 57.37912301099492, 0.430620355325, -0.851137957222, -0.300217067062, -0.821354464647, -0.507446470272, 0.260528162035, 0.37408949863, -0.134395898687, 0.917602740532,  
291, 2361916.38153029, 82.61494847439286, 135.0084364667656, 83.17651533204085, 50.21278151224346, 0.825346889388, -0.564087079467, -0.0246633119395, -0.472379198311, -0.665917871594, -0.577417770159, -0.309290163408, -0.488220396, 0.816076246284,  
293, 4036864.408930608, 98.77609459738306, 123.03125690532163, 97.38654682538848, 80.43427018471833, 0.196875730428, -0.847884671611, 0.492271805424, -0.432231093187, 0.375610995362, 0.819812577511, -0.88000922089, -0.374176380615, -0.292533429439,  
297, 1806746.5273946207, 75.55610122787688, 107.11514706468172, 84.50580505164059, 47.650908754013095, -0.780273820714, -0.345195048164, -0.521548792955, -0.620127699152, 0.318560771115, 0.716910504771, 0.0813289705659, -0.882813351638, 0.462629640984,  
298, 1648196.1286497177, 73.2779695144335, 134.99981020037097, 75.260556113819, 38.727521117595494, 0.81080946717, -0.583155153234, -0.0501804265082, -0.521461214055, -0.680764619885, -0.514429523404, -0.265831168571, -0.443271473897, 0.856063192904,  
299, 429501.0075044318, 46.80495792844884, 106.26553293225564, 39.33019879491439, 24.533358857989583, -0.614564643359, -0.741154782687, 0.270184913038, -0.71663731122, 0.667698045432, 0.201519935228, 0.329759402142, 0.0697775624887, 0.941482781825,  
301, 2491559.499847809, 84.0996557041504, 109.71630588101887, 89.32927625413296, 60.69007323817687, -0.15203722563, 0.835330847853, 0.528305836281, -0.779611134596, -0.429910179127, 0.455394023563, 0.607528732519, -0.342636268525, 0.716595580962,  
302, 1231089.5976523082, 66.48653257971337, 112.66196296530597, 96.8341588456927, 26.939848810263495, -0.415530526679, 0.489907521919, 0.766371320813, -0.684128872563, 0.386914519615, -0.618275699212, -0.599418107103, -0.781209174599, 0.174385086515,  
306, 684212.36869737, 54.66391979395268, 139.04344970633142, 60.59401457674362, 19.387510686901415, 0.645731459471, 0.232990385114, 0.727149477545, 0.345651537055, -0.938341865507, -0.00628954433628, 0.680849393905, 0.255401691226, -0.68645034703,  
308, 603737.0200603167, 52.430789720561016, 111.51055151086683, 48.71594318436379, 26.532130116412706, -0.84918193112, -0.520616074645, -0.088594303885, -0.153512511058, 0.0828326381367, 0.984668808792, -0.505295910144, 0.849763294618, -0.150261060529,  
312, 2574767.376519351, 85.02561778829396, 120.09415910105139, 89.09042691359694, 57.4508505682952, -0.840967456019, 0.475994375589, 0.257299615865, 0.526332079428, 0.829915940914, 0.1849704657, 0.125492151475, -0.290979183832, 0.94846340704,  
317, 731708.9167935888, 55.9006141658658, 98.04037883875921, 51.69964519701435, 34.46332652447918, -0.576594844802, 0.378127986615, -0.724263495343, 0.786448079431, 0.016601662853, -0.617433237808, 0.221444808715, 0.925604456844, 0.306950462069,  
330, 1163211.205315074, 65.24140761897358, 117.12879150570592, 67.36612036680317, 35.19368709942338, -0.629610751844, -0.0555048473645, -0.774925488729, -0.0752103415991, -0.988405363447, 0.13190239583, -0.773261731679, 0.14132957733, 0.618136105475,  
331, 3158391.954219047, 91.017689174992, 97.0961780794083, 93.31990073179284, 83.21488393054655, 0.696914889835, 0.714879014797, 0.057075656189, 0.532462836307, -0.569108308771, 0.626577258477, -0.4804091634, 0.406280355286, 0.777266562146,  
332, 3621420.3647648687, 95.26428452231531, 105.15729030806177, 94.37443639970422, 87.11572844087438, 0.233963074917, -0.47264120494, -0.849630255445, 0.374066478011, 0.850375299569, -0.370048807473, 0.897404897248, -0.2312404404, 0.375755650816,  
333, 3172822.328944818, 91.15609548520437, 99.07731089478776, 90.15537322560036, 84.79911458168854, -0.282713761685, 0.873950946476, 0.395326032671, -0.0918648416795, -0.434914607302, 0.895773484324, 0.954795150709, 0.216930927968, 0.203241709976,  
334, 3732559.970106888, 96.22901970575458, 101.72809762610491, 96.18794919425176, 91.06607036089028, 0.581658658978, 0.231700802898, 0.779735815756, 0.249609141752, -0.963168587719, 0.100007739627, 0.774188918023, 0.136458820045, -0.618069987657,  
335, 2785656.368252764, 87.28634550129873, 125.42687461830083, 77.17185799704988, 68.70516317804544, -0.0232107442055, -0.303465953412, -0.952559539595, -0.143962086325, -0.941870995036, 0.303568684834, -0.989310961758, 0.144178513761, -0.0218260650415,  
336, 3632860.952644395, 95.36449692739139, 102.14592363877054, 97.09795339590666, 87.44380566890733, -0.802083826233, 0.0343404350069, 0.59622333921, 0.292789349071, -0.847522474641, 0.442696342935, -0.520515064879, -0.529647419989, -0.669729555666,  
337, 2059539.3713773969, 78.92728485924157, 99.43565285178194, 77.55998352207035, 63.75315056594302, 0.366095618776, -0.657914628529, 0.658120307755, -0.703198751218, -0.658788816313, -0.267411315743, -0.609496114999, 0.36489126746, 0.70382444454,  
338, 2577577.891653599, 85.0565434157117, 118.58049074042947, 95.86306337235831, 54.13256952836802, -0.693866999522, -0.268866174266, 0.668026621708, 0.533325639327, -0.815201452436, 0.225854719637, -0.483851577873, -0.512988861752, -0.709034610092,  
339, 3588306.5904981378, 94.97303377967346, 103.66852256366944, 97.3573101797769, 84.87610818320304, -0.0370629495479, -0.854960436191, 0.517367364954, -0.471949639679, -0.441372493293, -0.763186648057, 0.880846113335, -0.272457289704, -0.387139703349,  
340, 3583278.8653018894, 94.92865616116543, 112.32760996524895, 93.70056214321143, 81.27618010043325, 0.421419785266, 0.333231570416, -0.843422838832, 0.807102810449, 0.286260197491, 0.516372106816, -0.413509876486, 0.898338365991, 0.148316426057,  
341, 2950055.2099708575, 88.9707349638619, 97.76259891595298, 88.78751495805822, 81.13661692084784, 0.407624724334, 0.520743531495, -0.750112163958, 0.582037784487, 0.48479470523, 0.652844630223, 0.703615023675, -0.702709234454, -0.105478103279,  
342, 3257754.026174305, 91.96231462848898, 98.42911210830289, 90.23876899745069, 87.56145128729392, 0.909412645576, -0.381827089472, -0.164853613282, -0.310715688905, -0.887248317065, 0.340948947106, 0.276449635079, 0.258840679975, 0.925514506453,  
343, 2593827.232276366, 85.23490447171454, 103.97164224898494, 91.30958932318747, 65.22605960232488, -0.754619409498, -0.266368335729, -0.599664453282, -0.649596639523, 0.432235861274, 0.625456925895, -0.0925945610191, -0.861521949778, 0.499205546163,  
344, 2129725.2574980445, 79.81386168194294, 103.99077379661179, 92.39866557379719, 52.9144715413676, 0.563030192144, 0.065076149933, 0.823870194536, -0.743580083418, 0.474955421793, 0.470644246597, -0.360673900191, -0.877600388571, 0.315803571387,  
345, 2371271.6055694115, 82.72388024015942, 125.33033947030032, 86.6919984321673, 52.10236790113299, -0.298258065513, -0.953541886338, 0.0424263757142, -0.157127821726, 0.0928939142851, 0.983199658426, -0.941463209051, 0.286580864135, -0.177534318697,  
346, 2753319.44661572, 86.94727944987505, 109.60097130440397, 90.27859284666475, 66.43069693490735, 0.497429387587, 0.0656452992015, -0.865017166915, 0.312472562619, 0.916643255739, 0.249250956503, 0.809274305767, -0.394278881504, 0.435452938473,  
347, 3060432.443857681, 90.06679926262836, 101.98155292020611, 93.41496701990079, 76.69306638215399, -0.946246402273, -0.164592274617, 0.278436939579, 0.16321161904, 0.500237534437, 0.850367201008, 0.279248480025, -0.850101048274, 0.446484595622,  
348, 1651213.6717218913, 73.32266173269845, 129.30789332208718, 67.55636898004359, 45.12563551255986, 0.376388202633, 0.300003613495, 0.876544210413, -0.526360685246, -0.709346554064, 0.468798352455, 0.762414814879, -0.637828580519, -0.109079566952,  
349, 3591305.0040441495, 94.99947978723179, 101.11814636372382, 95.2617858289874, 89.00529886064162, -0.210986111749, 0.589222925533, 0.779936667093, -0.945704871998, -0.32486000152, -0.010405502989, 0.247239065944, -0.739785322536, 0.625771939952,  
350, 3378597.3925436754, 93.08562329121847, 119.04622508908164, 91.26651132556458, 74.23705837213897, 0.153506156522, 0.280700339346, 0.947440330259, 0.667971431834, -0.736036077858, 0.109841059468, 0.728182687355, 0.616001795113, -0.300485876962,  
351, 3506406.810165508, 94.24490853290672, 105.99891808784022, 96.0212974585761, 82.24408805096726, 0.733370347359, -0.635161111415, -0.242359848492, -0.0383689225541, -0.394603912103, 0.918049877912, 0.678745725141, 0.6639714716, 0.313761255581,  
352, 3867280.0122544705, 97.37310145963924, 104.94211917099469, 101.97172310798842, 86.27548735234367, -0.32672308806, -0.877028842299, -0.352239170884, 0.433915316032, -0.470287427593, 0.768470711192, -0.83962463175, 0.0982351526914, 0.534210007895,  
353, 3189610.195110438, 91.31658616053562, 103.02120945022614, 97.42597634842758, 75.8660705680332, 0.73455950574, 0.643301383883, 0.215837119195, 0.455201495511, -0.703077053647, 0.546327973949, -0.503203667527, 0.303061027072, 0.809283685031,  
354, 3724549.3738990505, 96.1601300842502, 107.21201430921009, 97.41474950296707, 85.13672751436607, -0.0270976849872, -0.304440770637, 0.952145751785, -0.7887100269, -0.578695709959, -0.20747956223, 0.61416789963, -0.756589117322, -0.224434174346,  
355, 2862123.150646074, 88.07782246043203, 120.26648478248919, 93.73322202031528, 60.612408846128325, -0.22551343888, 0.972808183857, -0.0528008172767, 0.847009954389, 0.222553164393, 0.482746544457, 0.481370778144, 0.0641430155148, -0.874166944874,  
356, 3462335.143285568, 93.84839107748445, 114.70257692952781, 97.86876915748991, 73.63142291217594, 0.119223795747, -0.985729406613, 0.118841169071, 0.963879513087, 0.0861990369834, -0.252003988607, 0.238163747825, 0.144593440244, 0.960401356861,  
357, 4386326.82215856, 101.54786400824008, 121.65490889991493, 97.552503023611, 88.23569753212828, -0.641086428871, -0.442484490996, 0.627069107791, 0.15898619523, 0.722768667527, 0.672553970301, -0.750820604701, 0.530860554637, -0.393008258292,  
358, 3469753.8907065536, 93.91537292599804, 108.8141334203458, 91.56425471545006, 83.13785006999696, 0.428902790633, 0.749875128145, 0.503715880609, 0.833993501818, -0.114428487399, -0.53977862147, 0.347127116648, -0.651608328263, 0.674469681621,  
359, 3477862.9516135547, 93.98847830029997, 105.61541739510727, 96.6741105731129, 81.31793659140982, 0.412909621145, 0.626461652462, 0.661098663409, -0.695127623336, 0.685770314767, -0.215677218683, -0.588475345313, -0.370492744031, 0.71863196045,  
360, 2665374.7259587087, 86.01150667393019, 123.57280767828799, 75.69311996196201, 68.02841384465499, -0.650820517893, -0.0194717181745, 0.758981887584, -0.0982381561029, 0.993427134588, -0.0587519612386, -0.752849200155, -0.112797962992, -0.648455627911,  
361, 3273096.67808581, 92.10645652922554, 101.66250741846989, 98.34855265599889, 78.15224067156635, 0.827354123297, 0.53157481718, 0.181420418929, 0.390707288015, -0.776711992668, 0.494030662548, -0.403525674222, 0.337856025824, 0.850306024945,  
362, 3048002.669981492, 89.94470007054288, 103.60753650035005, 91.1692465719551, 77.03481084370483, 0.124094965451, 0.876871267948, 0.464432146818, -0.70401348596, -0.252032872992, 0.66396117546, 0.699260646066, -0.409360733802, 0.58605318742,  
363, 2843950.9127786346, 87.89101817646032, 117.4052468908596, 91.98642458726572, 62.86692843470387, 0.531947215541, -0.157033339379, -0.832089352294, 0.554870851996, -0.677646902292, 0.482610622986, -0.639648729759, -0.718425504933, -0.273339159982,  
364, 3506133.7032982325, 94.24246162154327, 128.84786985108482, 92.34139072170876, 70.35034152472173, 0.923343843008, -0.278934164081, 0.263878532069, -0.234544866178, 0.134399762244, 0.962769655555, -0.304014561046, -0.950858788684, 0.0586746167834,  
365, 1729734.53370827, 74.46695842202354, 120.69049091877856, 108.59988389135138, 31.50564912623227, -0.601343897229, 0.60177198354, 0.525600606062, 0.525850243989, -0.197195322078, 0.827402880009, -0.601553853086, -0.773940879381, 0.197859740877,  
366, 2592950.2643717625, 85.22529747086936, 103.85844403233882, 82.82422786687515, 71.96252106474977, -0.609390005358, 0.787222814134, 0.0944672550515, 0.792495797616, 0.608426292818, 0.0420458912191, 0.0243768769753, -0.100487248516, 0.994639673829,  
367, 3141517.596760721, 90.85530607869397, 97.00033162277657, 92.84299688734528, 83.27766080462953, -0.602600712015, 0.797207156957, 0.0365120634257, -0.558648273147, -0.454065012607, 0.694072814074, -0.569898665369, -0.39785137077, -0.718978301472,  
368, 2773281.278240564, 87.15689906382715, 127.21567403553024, 78.5436281677504, 66.26035043742432, 0.834539628884, 0.396676837058, -0.382349440648, 0.241467476628, 0.360438658143, 0.900986920797, 0.495214161301, -0.844234245135, 0.205015789121,  
369, 3207133.1519606467, 91.48350470292134, 114.43578350616207, 92.9241269722567, 72.00091984698429, -0.97571828313, -0.173577171173, 0.133584421298, -0.218632160007, 0.735128506768, -0.641705584476, -0.0131837239226, 0.655329721732, 0.755227876365,  
370, 2116698.6798005956, 79.65080019532657, 101.35666979348858, 75.35199368428219, 66.16424320455342, -0.522733034194, 0.718827643073, -0.458297932045, -0.0185825308977, 0.527859585915, 0.849128345483, 0.852293883885, 0.452383771937, -0.262572006086,  
371, 2710556.123493346, 86.49478660919883, 103.13832493299125, 90.81177037670238, 69.08878872042234, -0.748289062011, 0.652466241973, -0.11979683953, -0.413561199863, -0.317631341109, 0.853274554357, -0.518681611052, -0.688039340613, -0.507514780204,  
372, 3050751.757592021, 89.97173324446976, 105.33402320938681, 98.83599827816941, 69.95752485002718, 0.620242590135, 0.727313755269, 0.293792155747, 0.378962525454, -0.60576870333, 0.69959394106, -0.686794389671, 0.322581740745, 0.651348207071,  
373, 3273665.1816113903, 92.11178887135462, 109.87464085965973, 90.1671631218375, 78.88597099160914, -0.172958743351, -0.623411894246, -0.762524021399, 0.207412617707, -0.779884580286, 0.590559097338, -0.962842291922, -0.0560147439933, 0.26419134986,  
374, 2027211.650820663, 78.51214235380682, 100.37198152687435, 74.32645962627545, 64.871589547241, -0.6638515174, 0.145043484188, -0.733664467274, 0.206589057708, 0.978406226301, 0.0064975050431, 0.718764303566, -0.147253672386, -0.679480854688,  
375, 1379400.1426293289, 69.05586226036475, 136.92067076749882, 74.49820029906535, 32.28396426026059, 0.317219293641, 0.820571652734, -0.475430418117, 0.635194822689, 0.188416783822, 0.749017124506, 0.704201290095, -0.539593623297, -0.461453426388,  
376, 3182718.180350105, 91.25076734428934, 119.41371657196872, 94.6152855244868, 67.25027366988715, 0.300703924143, 0.319910469738, 0.898462264849, -0.627458149635, 0.775827448474, -0.0662422874889, -0.718243287795, -0.543828154426, 0.434024789605,  
377, 3829987.5742961843, 97.05909820711425, 117.7228786856176, 97.22017953951433, 79.88982383991763, -0.206479088339, -0.000185123022027, 0.97845099612, 0.816465998208, -0.551120037643, 0.172191689345, 0.539212073167, 0.83442595228, 0.113945909591,  
378, 3410355.4799557957, 93.37637578143838, 120.74548711260661, 85.20136977083747, 79.13954629446269, 0.488896334286, 0.466791082103, -0.73694400058, -0.522328271181, 0.833253745985, 0.181277058468, 0.698679863347, 0.296300996405, 0.651192880859,  
379, 175271.07001040375, 34.716868377530865, 127.90746612835991, 78.8318514714087, 4.149769806434123, 0.780908477169, -0.386583799281, 0.490647446156, -0.249440748315, 0.527140450796, 0.812343682326, -0.572679022984, -0.756753534031, 0.315218694506,  
380, 3140562.266221488, 90.8460954932977, 110.97868173080566, 89.81064690155407, 75.22313216133237, 0.144443682273, 0.770791381929, 0.620497113769, -0.882489643872, -0.183307807244, 0.433140019235, 0.447602559321, -0.610146616271, 0.65373775747,  
381, 3369731.1202351223, 93.00412541972553, 97.73103873037006, 95.74341167858587, 85.97362245252125, -0.112435905994, 0.0390699591132, 0.992890580748, -0.987761090755, -0.113103089381, -0.107404463427, 0.108102704105, -0.992814801193, 0.0513086337546,  
382, 2908277.4793631043, 88.54874500181621, 104.09432453585926, 87.99301013082524, 75.80048858326523, 0.682051158072, 0.728909751625, 0.0591336770274, 0.238824325621, -0.298437266243, 0.924066090499, 0.691208477425, -0.616137786622, -0.377630862923,  
383, 3429283.849449624, 93.54881163045384, 100.61547383426952, 92.29576941071561, 88.15932441898642, -0.246194658008, -0.840059747041, 0.483412672331, -0.966449890957, 0.250461212595, -0.0569542733686, 0.0732311316168, 0.481215962316, 0.873537863504,  
384, 2787340.393885408, 87.30393116311389, 109.84008288064305, 89.92231803242824, 67.37100930297302, -0.709115023809, -0.498421059889, 0.498730718993, -0.0967413498742, 0.769412366759, 0.631383972795, -0.698424651794, 0.399475977922, -0.593819794913,  
385, 2869508.9551211377, 88.15351997287786, 95.49299126230514, 87.10658112371853, 82.35623975342612, -0.790764751442, -0.471114559919, 0.390822439617, -0.581972729151, 0.380730729496, -0.718576268841, -0.189733630125, 0.79567278642, 0.575244266856,  
386, 3481938.560593399, 94.02517811244847, 110.77995708536274, 91.62488183085982, 81.89509183197005, 0.463502062644, -0.134217095751, -0.875871913657, 0.449007344477, 0.887735866027, 0.101574784152, 0.763909839268, -0.44035304402, 0.471731866733,  
387, 971196.5705467298, 61.43362988926545, 106.59472090666219, 82.39448865281696, 26.398829508721207, -0.93795934879, -0.258325653225, -0.231300922834, -0.187924714579, -0.181882618455, 0.965195842694, 0.29140446405, -0.948781623973, -0.122052727712,  
388, 3182225.0189819937, 91.24605400648282, 102.25131536739384, 92.95214600569464, 79.9307618115316, -0.457844047165, 0.229287451176, 0.858956397734, 0.755744249075, 0.609222463443, 0.240205370518, -0.468219455453, 0.759127956783, -0.452211550898,  
389, 2849997.1903843735, 87.95325991433536, 106.82566596342606, 87.95033731938868, 72.41736262615052, 0.270766600352, 0.893626850962, -0.357933652195, -0.451062209731, 0.446254842926, 0.77291622969, 0.850428322133, -0.047829555774, 0.523912208779,  
390, 2629785.95254276, 85.62697413360831, 93.45629135003436, 91.05577240338741, 73.7761123663202, 0.274950432137, -0.362749741689, -0.890401530082, 0.0377019727131, -0.921314557785, 0.386985848406, 0.960718908485, 0.139971820441, 0.239639454934,  
391, 3350977.153104244, 92.83126869232376, 113.70756950694421, 88.91378150052695, 79.12694523835516, -0.995123864738, 0.0444564484401, 0.0880461130401, 0.0466630011361, -0.574248373153, 0.817350212734, 0.0868968247656, 0.817473198413, 0.569373789107,  
392, 2022141.9867045465, 78.44663982784678, 128.87193392023377, 72.64136451233011, 51.568048680312536, -0.637695680252, -0.268542676293, -0.721961945255, -0.769516993459, 0.264030284023, 0.581490847647, -0.0344647089921, -0.926376187155, 0.375019124454,  
393, 1491594.0129510676, 70.87950469804628, 118.72851060708271, 74.8134826005723, 40.089176072420074, 0.584895829483, 0.804320411302, -0.104716496385, 0.62786445405, -0.367235128217, 0.686239453794, -0.513500823752, 0.467126360384, 0.719798490858,  
