# Void_ID, Void_Volume, r = (a*b*c)**(1/3.0), a, b, c, vector_a, vector_b, vector_c 

13, 1939145.6449365474, 77.35836341739929, 118.86798311361225, 106.53776208113582, 36.55555283503802, -0.53121614687, -0.819676417428, -0.214336128586, -0.0618051858798, -0.214817448247, 0.974696662007, 0.844979008203, -0.531021689426, -0.0634542437979,  
15, 1708399.7062899533, 74.15952844165028, 128.10079595646403, 71.92816954771462, 44.263937314525165, -0.245664535704, 0.913412530166, -0.324540422185, -0.0607847853368, 0.319625806181, 0.94559217102, 0.967447231517, 0.252025581554, -0.0229991407044,  
23, 1347807.0325487389, 68.52457798806212, 113.24903179476671, 62.895711029363035, 45.17348328376301, 0.478416220103, -0.462037816512, -0.746752285872, 0.611453110136, -0.435079614207, 0.66093178423, -0.630272174895, -0.772804493655, 0.0743653154342,  
33, 1153423.7580166438, 65.05790806750672, 124.73338491819395, 75.4932724365803, 29.242151581657406, -0.146694442533, 0.250023941525, 0.957062573291, 0.925472981022, -0.306921917787, 0.222033100642, 0.349257071408, 0.91830657465, -0.186366662859,  
40, 3177351.1064796564, 91.1994458919293, 120.99936697219722, 85.00366695750829, 73.74894969993032, 0.712714082725, 0.685317783927, -0.14959335319, 0.616241923693, -0.509853159352, 0.600246322256, -0.335088835637, 0.519989702717, 0.785701076301,  
50, 1214549.823170269, 66.18743870606822, 109.8353645820777, 73.06424993277969, 36.13096820973307, 0.88272526592, -0.410824957522, 0.228076651993, 0.306267023081, 0.871143573894, 0.38380904658, -0.356365844997, -0.268945585464, 0.894802579667,  
68, 2236098.0105543104, 81.12114562398136, 125.73641915126993, 70.10953890989123, 60.55695469403899, -0.890675572768, -0.435626487102, -0.130102220619, -0.424967005525, 0.899416324659, -0.102241474716, -0.161555155566, 0.0357748329443, 0.986215033873,  
77, 1231502.3393018516, 66.49396195907397, 119.23561730287976, 55.14136590072867, 44.71601648762765, 0.29692978742, -0.744194498058, 0.598337070892, -0.689331978724, 0.266557546663, 0.673623409203, 0.660798096586, 0.612471732717, 0.433848190236,  
79, 1022598.0861736372, 62.49886379299964, 81.77618292934861, 63.23716787727974, 47.208165013321036, 0.329824270692, 0.796986699475, -0.505992244331, 0.591576267764, 0.2432105464, 0.768691192572, 0.735699306701, -0.552866015396, -0.391261676042,  
99, 1236390.097627026, 66.581816003798, 126.0818281936571, 90.67251071060183, 25.818961495627278, -0.29859353547, 0.657216833016, 0.692031744196, 0.931585509795, 0.35824178116, 0.0617354369261, 0.207341116318, -0.663120547586, 0.719222358421,  
115, 1143291.2322025916, 64.86684191711265, 113.41158711537884, 94.62031973367459, 25.434688563572067, -0.754216094329, 0.453364755135, 0.474993138746, 0.639412828063, 0.671642382941, 0.374229534839, 0.149363042161, -0.585966644305, 0.796450735073,  
143, 811965.2334380165, 57.87392559423822, 86.0600468537736, 67.43345474524992, 33.40195115677476, 0.108381434735, 0.563092648177, 0.819255841709, 0.906906846119, -0.393532413668, 0.150506517653, 0.407152842392, 0.726676619248, -0.553324185239,  
164, 1481141.5322714406, 70.71355159030261, 122.9353115577223, 87.37218735001012, 32.91986883729973, 0.951626580588, -0.19887098586, 0.234216101284, 0.230754608904, 0.965900555071, -0.11742413799, -0.20287720815, 0.165790375765, 0.965067038975,  
193, 2119255.408757325, 79.68285696541903, 97.01894916000583, 84.4791815249551, 61.72888423117263, -0.75075101304, 0.558270365384, 0.353138946527, 0.645926124262, 0.732386190222, 0.215383171042, 0.138392046071, -0.389800804907, 0.910441087648,  
208, 3762456.454485166, 96.48525692598378, 134.6256189790083, 97.85568976188935, 68.18189653401801, 0.636871746437, -0.770948388821, -0.00574111178234, -0.541572876712, -0.452662371156, 0.708375322092, 0.54871959852, 0.44803499809, 0.705812611595,  
228, 1147329.1808377465, 64.94311913218372, 131.42953471645737, 99.28112248268059, 20.991321536268202, -0.145974702177, 0.769726663715, 0.621459773027, -0.23380030189, -0.637235566614, 0.734348862244, -0.96126417033, 0.0381011260863, -0.272982598402,  
238, 2274920.355913964, 81.5879202087907, 129.28450020793215, 94.55481308531736, 44.42705097565671, -0.166596720348, 0.363454462305, 0.91659499595, -0.444087288409, -0.857625236604, 0.259355805435, 0.880359025082, -0.363840359732, 0.304283058332,  
254, 1295610.81306725, 67.62832818846042, 133.78889614274675, 70.86973425820308, 32.621586605399486, -0.00241773969685, 0.987504805551, 0.157570344762, 0.905921513734, -0.0645588510281, 0.418495359243, 0.423438738767, 0.143758178089, -0.894445761767,  
277, 1659781.607989813, 73.44926364454915, 105.56953164557704, 72.84072985386982, 51.52873192715822, -0.636645287475, 0.714607976476, 0.28985896207, 0.0546518791037, -0.333119935124, 0.941299251531, 0.769217752035, 0.615115069543, 0.173024568124,  
280, 2105133.5748303984, 79.50547126642417, 116.5680517145822, 87.86243159662132, 49.06912260337565, -0.639049897908, 0.529962188884, 0.557454308744, 0.736954492213, 0.629411577945, 0.246453123242, 0.220257359448, -0.568314300279, 0.792783420429,  
307, 319960.115537678, 42.429613777296936, 67.02539538798041, 64.30804030220824, 17.72158555662439, -0.17499324943, -0.312250099731, 0.933743668183, 0.944405624436, -0.321346304275, 0.0695310668811, 0.278343994343, 0.894000239344, 0.351124184394,  
329, 1270236.2644481391, 67.18391369110529, 134.2082528239585, 117.76738776189285, 19.186317791323855, -0.526674933642, 0.445750120407, 0.723823420753, 0.416570157021, -0.60690503082, 0.676857139908, -0.741001227093, -0.658006925284, -0.133955469184,  
337, 358955.1049530242, 44.08767280601861, 122.947049886084, 58.692810805112856, 11.875407032179117, 0.0840397872738, -0.0626499860811, -0.994490972005, 0.274157577012, 0.96095844033, -0.037369759511, 0.958005708293, -0.269506688605, 0.0979347112881,  
354, 2009991.0948554708, 78.28919749363274, 115.33999236435861, 96.97267679919683, 42.90186992490121, -0.566344058721, 0.0971443503949, 0.818423718093, -0.823323795468, -0.111645319664, -0.55648292913, -0.037314004971, 0.988988522574, -0.143210918751,  
389, 1845202.6470402111, 76.08840609232608, 114.1658680151773, 80.76009775650238, 47.77738113518314, 0.370757418845, 0.313440511417, -0.874239087535, 0.73144441944, 0.481515799334, 0.482837028677, -0.572300618243, 0.818472712309, 0.0507387580081,  
392, 194374.57093696648, 35.93494182670296, 92.99358356227282, 46.37127257150524, 10.760906060063359, 0.760518241337, -0.377717893199, -0.528148840528, -0.482635550534, -0.872966394779, -0.0706583253908, 0.434367275419, -0.308640351774, 0.846206950634,  
393, 543089.3211611523, 50.61286067785153, 110.45656073143236, 107.68097441112765, 10.900644104789155, -0.136900274342, -0.547612493478, -0.825456765598, 0.0690123445534, -0.836550253313, 0.543526420683, 0.988177924862, -0.0174422093825, -0.152315981261,  
398, 103866.09831301261, 29.16050692786088, 122.6943664669819, 77.04448016546611, 2.6231254243686513, 0.287390398479, -0.405518320052, -0.867733629038, 0.412489605281, -0.765235865869, 0.49423313843, -0.864441486971, -0.499968960726, -0.05264934865,  
400, 3028683.1590508414, 89.75426148021663, 131.5494973898233, 93.18553033699067, 58.983095222623746, -0.983536233173, 0.0188605429447, 0.179724116232, 0.100719509803, 0.882954678641, 0.458526570453, -0.150040189218, 0.4690792208, -0.870317543333,  
402, 1347648.650788435, 68.52189375899773, 101.9089111347681, 59.26207267746579, 53.272008780291365, -0.591713128012, 0.352813369641, -0.724843638546, -0.321609661757, 0.721179015109, 0.613569925625, 0.739217694325, 0.596174097365, -0.313262902414,  
404, 567229.6958420328, 51.35193149051469, 111.7493084279194, 68.74445788366799, 17.62738192193178, 0.538321179953, 0.186610541535, 0.821819209439, -0.752964218957, 0.544473917891, 0.369584953301, 0.378490676483, 0.817755867313, -0.433612902589,  
408, 1761095.705813534, 74.91430985221248, 128.69281549142667, 77.72284833171196, 42.03309202044901, -0.906266643319, 0.302290780031, -0.295467520237, 0.11287979037, 0.84667517699, 0.51999932461, 0.407356016443, 0.437905730697, -0.801435990513,  
422, 328678.83142971725, 42.81155885355081, 99.80475444500787, 68.92169794917946, 11.407117795640909, -0.321707742255, -0.391437374085, 0.862137408272, -0.939926379071, 0.241853777649, -0.240925615417, 0.114203898795, 0.887853328206, 0.44572854642,  
453, 478146.37850960746, 48.509197177680285, 103.22582349902612, 82.61453192677214, 13.385279946098398, -0.356976115848, 0.725848641982, -0.58797261981, -0.429844728365, -0.686485584924, -0.586490452769, -0.829338026507, 0.0433738472366, 0.557061170039,  
455, 907037.3279771364, 60.049885500844496, 125.32247169022104, 65.65503513211438, 26.317192742486675, -0.962515997706, -0.250790609413, 0.103281287708, -0.194786569786, 0.374191929473, -0.906663439292, -0.188735652147, 0.892795872609, 0.409016360872,  
472, 2249732.0078767943, 81.2856830167908, 116.56167468863943, 88.76937150511735, 51.90668030197954, 0.469016154164, 0.871536952626, -0.142993661893, 0.459235594165, -0.102361356957, 0.882397201748, 0.75440474295, -0.47952632129, -0.448249920251,  
475, 1897951.4085556783, 76.80665059626864, 106.13832826153372, 82.86957073689527, 51.514459552929345, -0.736146013808, 0.620799906253, -0.269622926976, 0.374334933382, 0.705334973694, 0.601976687699, -0.563881551396, -0.342213458647, 0.751616620835,  
478, 2855899.42165075, 88.0139339546252, 130.43139561944184, 91.88178390486726, 56.890891504869195, -0.0820655691904, 0.902622482011, -0.422537450793, 0.240653930924, 0.429368886002, 0.870475757999, 0.967135423756, -0.0302492099493, -0.252456050459,  
479, 62445.27250193786, 24.611437763519152, 88.09019122422596, 37.797508831757206, 4.477341555143085, -0.0923590777234, 0.953270595716, 0.28765425793, 0.995189970343, 0.0978493771969, -0.00473522026153, 0.0326607362261, -0.285833291842, 0.957722614113,  
480, 3921250.084933063, 97.82397602400124, 104.4264849625313, 95.93807395937966, 93.44031131527753, 0.123741393773, 0.718055508681, -0.684897330934, 0.845607636052, -0.437476530371, -0.305879079418, 0.519264665964, 0.541304509336, 0.661327176861,  
481, 3367775.6945535126, 92.98613211027254, 106.12112575344884, 97.65782266074895, 77.57926547624203, -0.601214687796, 0.799009469095, -0.0111699361823, 0.799061840949, 0.601024503535, -0.0164231692847, 0.00640886242255, 0.0187993203632, 0.999802736562,  
483, 3799074.1560686943, 96.79725771814756, 116.82668716326616, 101.83530852777756, 76.234001508233, 0.441963967422, 0.336657916445, 0.831462145137, -0.841105109663, 0.477695522097, 0.253671406877, -0.311785256224, -0.811460680171, 0.494288901896,  
484, 3447056.095492075, 93.71013867129173, 107.71330626815688, 94.6412433493716, 80.72535203991885, 0.342894692847, 0.00257088621864, 0.939370331744, -0.460714475949, -0.871006669682, 0.170556597702, 0.818636305858, -0.491264462294, -0.297479119971,  
485, 3619687.5232724743, 95.24908751624797, 115.7544423638991, 94.12902265752622, 79.30877739453528, 0.228196922958, 0.965301912593, 0.126958189563, -0.848939178688, 0.133432720124, 0.511368732022, 0.476684838485, -0.224472552319, 0.849931549016,  
486, 3504938.976841993, 94.23175593040591, 114.6498227602121, 111.84946536418336, 65.2506063128657, 0.0972938915, 0.316928740232, 0.943445850217, 0.540852793615, -0.812591244177, 0.21719513237, 0.835471216928, 0.489133564071, -0.250471958876,  
487, 3497981.1513223723, 94.1693599369568, 104.60567219780053, 97.30757775988259, 82.04024697555874, 0.362098497344, -0.834995198542, -0.414328006093, -0.587550747174, -0.549525834041, 0.593974306866, -0.723649637405, 0.0283615255776, -0.689584531548,  
488, 3972693.984318087, 98.24991149151475, 103.97389303856593, 97.97789302954443, 93.09880407948029, 0.866829097757, -0.0195302515667, 0.498222725852, -0.279868752644, 0.807916965496, 0.51859778071, -0.412650937931, -0.588972619174, 0.694860027119,  
489, 3369317.9851502883, 93.00032444013844, 110.99524374921326, 102.87072661193628, 70.44614205946309, -0.872217012196, 0.0811630595541, -0.48233809864, -0.417639003562, 0.389705511805, 0.82079673292, -0.25458818971, -0.917356076904, 0.306010917825,  
490, 3221423.774274785, 91.61918342636868, 105.90393529317421, 95.10409457638775, 76.35683815599596, -0.931548113431, -0.175613130913, 0.318399341415, 0.0688873113696, 0.77455116163, 0.62874878636, 0.357033122686, -0.607643420328, 0.709434156943,  
491, 3268090.1169476476, 92.05947024773913, 103.42993769745803, 92.53239304824189, 81.52022267836655, 0.102110956242, -0.30757423163, 0.946029304331, 0.687873582373, -0.665159609811, -0.290504093172, 0.718612056181, 0.680412217346, 0.143652104745,  
492, 3257575.37745725, 91.96063358794046, 128.6526051264882, 87.50860372851675, 69.07748627288802, 0.556156471906, -0.543894403982, 0.628385913332, -0.313151633466, 0.563233869787, 0.764659180539, -0.769822078934, -0.622050227266, 0.142924740839,  
493, 3335000.61137127, 92.68350224744093, 111.91248440887065, 91.31783862433706, 77.90640205385765, -0.937863352789, 0.175658716713, -0.299259664403, -0.126026627644, 0.631095244452, 0.765399295502, 0.323310409082, 0.755554635796, -0.569743426208,  
494, 3113795.524441589, 90.58726762219976, 113.17506425666215, 101.12123111534602, 64.95437117056628, 0.210381859562, 0.281750738612, 0.936138875626, -0.592180169641, -0.7251776641, 0.351340293981, 0.777857390433, -0.628278502563, 0.0142829747018,  
495, 3246836.107850878, 91.85946659720243, 109.91408620177394, 104.85797159777229, 67.25381916441805, -0.145068503307, 0.758004941804, 0.635911658604, -0.575441488243, -0.587469063865, 0.568987866839, 0.804874041672, -0.283387732976, 0.521410749641,  
496, 3037515.6720384057, 89.84142656705144, 101.37189812059803, 93.84002788204316, 76.22970014758177, 0.558269828309, 0.539907817363, 0.629947892726, 0.24827041091, -0.833206846838, 0.494093263918, -0.791641713066, 0.119439939437, 0.599197379,  
497, 3006499.6399373775, 89.53458994654673, 103.17453777329153, 89.74645294920802, 77.51445930750603, 0.495868320523, -0.868378713645, 0.00574616311567, 0.613093913314, 0.354764472102, 0.705873942564, -0.615004440763, -0.346497588769, 0.70831416675,  
498, 3282405.9295314825, 92.19369608913104, 120.42872055678373, 83.63212818865308, 77.803737219529, 0.428592161757, 0.780186329386, -0.455651237594, 0.802347558256, -0.560526159528, -0.205058089927, 0.415387956783, 0.277704367852, 0.866217714801,  
499, 3278414.4594214493, 92.15631114940551, 112.30468267499093, 95.68491464605195, 72.83395749484798, 0.206821710847, -0.65268012926, 0.728857619012, 0.899160674188, -0.166853294958, -0.4045615651, 0.385661589891, 0.739032223134, 0.55235542113,  
500, 3402952.8986623604, 93.30876533729138, 106.05326622499483, 92.7675753744921, 82.57471328283225, 0.0504771577788, -0.152288806649, 0.987046187325, -0.807096139235, -0.588341449429, -0.0494991001435, 0.588258343395, -0.794142593149, -0.152609512066,  
501, 3488594.0569457393, 94.08504762927191, 104.57428768983617, 96.62428116894314, 82.42342103427096, -0.0780800488596, 0.0613491534692, 0.995057680408, -0.865204587313, -0.500047510137, -0.0370608917812, 0.495302461193, -0.86382218597, 0.0921233030329,  
502, 3564234.0613023657, 94.76017824402992, 107.30853365472079, 94.78785502580335, 83.65475870475585, 0.0296658556151, -0.89427699982, 0.446529489064, 0.718536136923, -0.291468093944, -0.631468265353, 0.694856644889, 0.33958062048, 0.633923690398,  
503, 2872404.040850134, 88.18315642761328, 113.87638335172826, 86.95290934142906, 69.25308688524699, -0.351685290786, -0.304488353045, 0.885214267341, -0.924562036914, 0.26110548647, -0.277504891549, 0.146637294514, 0.916029894597, 0.373345330843,  
504, 3505841.1829692833, 94.2398406335915, 99.47870980923622, 94.99786011731679, 88.56449739709325, -0.150322538535, -0.912268283473, -0.381011434707, -0.326373707958, 0.409576410871, -0.851896335485, 0.933211303598, -0.00370710499924, -0.359308948136,  
505, 3117730.5661126706, 90.62541127629467, 110.24909863320508, 87.63589986455219, 77.03584906105071, 0.234849124289, 0.175200328448, -0.956112301841, -0.735561013257, 0.675058319895, -0.0569759643841, -0.635449356438, -0.716659688871, -0.287407386388,  
506, 3094995.859204663, 90.40459140320286, 102.95427107681168, 90.82548193407672, 79.01679020351229, -0.926200658698, -0.172200067579, 0.335409416316, -0.325396327982, 0.814445522468, -0.480412032185, 0.190445712904, 0.554098933096, 0.810373249052,  
507, 2589666.555025601, 85.18930586587122, 106.6486016579963, 79.2076127406046, 73.18686579686135, -0.208463874687, -0.615810301951, -0.759816086274, -0.946147211338, 0.323724732566, -0.00278424167221, -0.247685824033, -0.718317457352, 0.650132111987,  
508, 2308557.139088631, 81.98807183941238, 96.96207020562282, 81.268517217935, 69.94035037279797, -0.951955437288, -0.288306266733, -0.103248932103, -0.262279834697, 0.941618788266, -0.211100321875, -0.158082680043, 0.173877986378, 0.971996045323,  
509, 3379177.4036812503, 93.09094972333534, 106.83955637171972, 88.60486912099272, 85.21827103065705, -0.991778447167, 0.0560244950011, -0.115051152512, -0.0613222009816, 0.581044181806, 0.811558529285, 0.112316959544, 0.811941447858, -0.572831551025,  
510, 2567760.6864290913, 84.94842125152942, 89.2672836995008, 85.39178885510083, 80.41878448458291, -0.831578693413, 0.494709656551, 0.252466299486, 0.519448348058, 0.853645573427, 0.0382445900581, 0.196596770983, -0.162946588439, 0.966849584452,  
511, 3539162.938435474, 94.53747155154784, 99.52798578561833, 97.23904682395231, 87.30237127859783, -0.536604711265, -0.79925423505, 0.270643772519, -0.838186526998, 0.467810684867, -0.280350689464, -0.097461427276, 0.377287464514, 0.920953548945,  
512, 3393842.538427355, 93.22542240669625, 102.55798751402126, 95.65140799364181, 82.59280620599132, 0.858684851747, 0.136598350779, 0.493964792212, -0.320716557842, -0.60856054216, 0.725806417754, -0.399751441406, 0.781661664079, 0.478752366054,  
513, 2969698.5158157246, 89.16777247379211, 99.12308635328245, 93.9230209820067, 76.15122318706022, -0.596286166328, 0.745506694365, -0.297762617705, -0.202927949644, 0.21889237073, 0.954414153965, -0.776700106282, -0.629528314449, -0.0207616523521,  
514, 3042937.561184975, 89.89484968962068, 107.87311725904402, 91.48474050658022, 73.61097027772604, -0.900938153289, -0.399336173827, -0.169826571014, 0.129205256092, -0.620456850197, 0.77352394846, -0.414266153273, 0.674954752051, 0.610589581418,  
515, 3433273.9216353376, 93.5850798283577, 120.56287223861895, 84.71295906161286, 80.25210033162176, 0.00663850497649, 0.696130120705, 0.71788493876, 0.305128286055, -0.685073566289, 0.661491449546, 0.952288117799, 0.214655686669, -0.216956854881,  
516, 3711588.903782346, 96.04846298520006, 112.06322829043648, 92.04722407142546, 85.90084446749937, 0.207720988215, -0.855840225691, -0.473697687502, -0.742048854258, 0.17765854666, -0.646375230569, -0.637350365929, -0.485772527927, 0.598171850025,  
517, 2483683.1273958404, 84.0109429337076, 122.04822062619164, 87.50245826017604, 55.520819974858846, 0.535357720058, -0.108895603916, 0.837576181026, -0.64814904674, 0.582874183789, 0.490061729869, 0.541567100907, 0.805232533695, -0.241465612242,  
518, 3353886.6517621824, 92.85812795430647, 100.68866504958915, 92.08664990027427, 86.35401110332849, -0.0258516963863, -0.342744005519, 0.939073073022, 0.930773811841, -0.350943226007, -0.102464449006, 0.364680409378, 0.871415743948, 0.32808962223,  
519, 3458371.861834107, 93.81256847189101, 104.10761533663525, 97.45653741332765, 81.37473811920324, -0.29371237059, 0.245461771168, 0.923840658478, 0.613856959359, 0.789283183688, -0.0145495496017, -0.732743254359, 0.562832634841, -0.382500651436,  
520, 3269806.394587359, 92.07558281443154, 104.77862207509116, 98.80575284693496, 75.40124469518771, -0.305644686108, 0.0199437679697, 0.951936747885, -0.889882606963, 0.349618916005, -0.293045319698, -0.338659521761, -0.936679699626, -0.0891115516061,  
521, 2833525.4556699223, 87.78348865999392, 115.11676771266168, 89.14659908965243, 65.91665230072857, 0.50108532149, 0.691163796063, -0.520774526641, -0.489270620445, 0.722627197468, 0.488286999057, 0.713812132536, 0.0101262278594, 0.70026402089,  
522, 4320742.11324486, 101.03920308423753, 122.31787728002433, 102.9238316112282, 81.93394298395879, -0.927106499332, -0.264782336671, 0.265261857572, -0.32968988724, 0.912765716593, -0.241170737991, 0.17826417797, 0.311045110552, 0.933527086942,  
523, 3668880.7554512834, 95.67864050346937, 105.89325843196879, 92.08876102096613, 89.81937843185361, -0.575526271663, -0.243649623234, 0.780643562533, 0.171925699451, 0.897201823257, 0.406780582394, -0.799506763258, 0.36832560248, -0.474473588372,  
524, 2709629.203987181, 86.48492604407475, 104.60873049400324, 85.76310144366538, 72.10291875657991, -0.063662930288, -0.996593779527, -0.0524201289106, -0.570761584592, 0.0794480175545, -0.81726325383, 0.818644150325, -0.022109977714, -0.5738753384,  
525, 3702264.568998455, 95.96796385414483, 102.72292647531965, 94.4465254725712, 91.10148838688221, 0.0351713760206, 0.974192386068, -0.222962259667, -0.440107285104, 0.215400406869, 0.871727160481, 0.897256123918, 0.067467471034, 0.436325094906,  
526, 3749487.407989626, 96.3742689485741, 111.88591104447782, 90.34786878668879, 88.55028741581613, 0.852381183059, -0.199906957623, 0.483201331807, 0.277792440041, 0.955978526551, -0.094532624157, -0.443032367917, 0.214807507011, 0.87039074898,  
527, 3304947.1562867006, 92.40425505253066, 101.79411340368905, 90.89396932994995, 85.27430272644769, 0.614013477287, -0.305679947759, 0.727699951387, 0.525081304952, 0.846547599999, -0.0874458925645, -0.589302191495, 0.435794596655, 0.680298461431,  
528, 3925703.0848206407, 97.8609918866935, 110.94091082213275, 104.35523607919322, 80.95112113898034, -0.837901621655, 0.545512993842, 0.0183424638117, 0.352982493601, 0.515932492705, 0.780523556456, -0.416322268969, -0.660476522309, 0.62485720916,  
529, 3826153.7573925755, 97.02670201497303, 103.42185400053258, 97.25581045909767, 90.81256302117839, 0.830220094617, 0.468936960823, 0.301384673247, -0.406513206183, 0.139378706178, 0.902951044887, 0.381420512943, -0.872164951737, 0.306344070073,  
530, 3164766.327567532, 91.07887968629413, 102.5050597305724, 89.64463217747385, 82.22113114027854, 0.783683943904, 0.613862388299, -0.0949338943581, -0.285190222448, 0.491354883288, 0.822944053803, 0.551820634886, -0.617853823247, 0.560134483863,  
531, 2046644.1760507321, 78.76221326272227, 111.27395597581598, 76.49800692033571, 57.39976128677893, 0.227214326718, 0.411194017094, 0.882775809614, -0.833121837974, 0.55145931286, -0.042433823199, 0.504263475601, 0.725818232456, -0.467874171769,  
532, 3482887.4366335375, 94.03371838716008, 104.97127855764529, 93.23967386731817, 84.95317148855469, 0.546386037743, -0.461831103981, 0.698694732451, 0.356988553163, 0.88307284714, 0.304534923373, -0.75764204653, 0.0830323915046, 0.647367091603,  
533, 2595261.9414850106, 85.25061674443262, 106.17411669408207, 85.66614675916426, 68.11844089817937, -0.969734704302, -0.0458779085242, -0.239812053036, -0.243521894516, 0.110716519378, 0.963555363862, 0.0176547490243, -0.992792561337, 0.11853792638,  
534, 2823138.998745399, 87.67609879668736, 111.36163260783877, 93.94083093714428, 64.42488700292365, -0.100757409897, 0.992953739773, -0.0623763979612, 0.862631772151, 0.118426096043, 0.491774018683, 0.49569584427, -0.00425798633649, -0.868485750905,  
535, 3105440.82301845, 90.50617607675035, 108.19684654587147, 88.07435086125184, 77.79838726619228, -0.612068554486, 0.785800302206, 0.0888255011911, -0.175198804895, -0.244274317081, 0.953748099226, 0.771153333244, 0.568197098785, 0.287183901986,  
536, 2868911.766593527, 88.14740418511684, 116.16680197771805, 83.58950680640498, 70.53339462221915, -0.954722425654, -0.227889927496, 0.191236165252, -0.110056089682, 0.867761400795, 0.484641938356, -0.276392378835, 0.441651822407, -0.853551943754,  
537, 3281060.5616186555, 92.18109848104434, 102.85313042739243, 89.60858049262463, 84.9881792752644, 0.709405360011, -0.07942138536, 0.700311558334, 0.531485650075, 0.712866281072, -0.457541986134, 0.462889877782, -0.69678828123, -0.547922487391,  
538, 3209315.917391021, 91.5042544646806, 110.65077119734124, 100.73290945682919, 68.73818139719769, -0.422591524037, 0.899502354197, -0.110959085283, -0.487543957249, -0.328822878106, -0.808811723817, -0.764013935451, -0.287699547495, 0.577504698517,  
539, 3510056.1442199373, 94.27759269506333, 103.13547657661564, 93.102443303553, 87.26825575198627, -0.118420907689, 0.773736151083, 0.622341431314, 0.788295278769, -0.307854376234, 0.532744062853, 0.603793873846, 0.553676847576, -0.573476160242,  
540, 2602787.3147124727, 85.33293645311613, 108.51973261936965, 87.242740650594, 65.63145872717685, -0.510458192287, 0.390943035215, -0.765895539316, 0.104703951735, 0.912307603241, 0.395893823594, 0.853504256825, 0.121894955947, -0.506628170651,  
541, 2902186.4267057166, 88.4868834073196, 103.42257521129305, 87.12521125449658, 76.89135349156543, -0.82308154809, 0.552012725007, 0.13348676573, -0.00374328274012, -0.240311677077, 0.970688562668, 0.567910867151, 0.798456166168, 0.199862446898,  
542, 3653153.076818864, 95.54172696879257, 114.89977582254785, 92.86596417477892, 81.7341419825908, 0.160163219623, -0.629571269481, 0.760255062281, -0.83350222192, -0.498859753292, -0.237514194521, 0.528792765773, -0.595633245537, -0.604648036197,  
543, 3157114.6056149877, 91.00541742440812, 107.98205556875669, 84.99816345075091, 82.11842392863016, -0.56115551356, 0.827084757634, -0.0321759738164, -0.224558831408, -0.114711597477, 0.967685166075, 0.796666693692, 0.550247265412, 0.250100232043,  
544, 3791751.1379253534, 96.73502290448556, 106.66170472971184, 94.77682812729623, 89.54483194821057, -0.029403252303, -0.221414546451, 0.974736398917, 0.952779835042, -0.30106269326, -0.0396464457932, 0.30223506529, 0.927543450921, 0.219811537372,  
545, 2844749.808522347, 87.89924724331472, 95.65138210329866, 88.0048558231628, 80.67845671821343, -0.43255956339, 0.716683355749, 0.547044049152, 0.863370222844, 0.154439204591, 0.480354442461, -0.259776985945, -0.680083450525, 0.68556722347,  
546, 2570832.2092578635, 84.98227916370404, 102.94506020232951, 98.84019356707292, 60.3178737544022, -0.460224088494, -0.306259375895, 0.833306056048, -0.678760800336, 0.726388356538, -0.107906123154, -0.572256554613, -0.615276482699, -0.542178278374,  
547, 3761380.3072337573, 96.47605706357699, 107.66753289174717, 95.80310625972997, 87.0551132619046, 0.691114116484, 0.535483860727, -0.485405307859, 0.611150843182, -0.0744630774152, 0.78800374173, -0.385818512872, 0.841256372934, 0.378723896952,  
548, 3826503.7989204195, 97.02966080348412, 113.95220390719517, 96.76266150057083, 82.84818624886232, 0.607228772852, 0.419292578685, -0.674882916424, 0.3147541771, 0.652972075535, 0.688881177395, 0.729522463958, -0.630730688988, 0.264529341566,  
549, 3159644.5624354747, 91.0297200268028, 120.06946089068731, 96.79054970911719, 64.90588918705211, -0.929735323653, 0.366990670601, -0.0301674600167, 0.339286610941, 0.88561782398, 0.317120900422, -0.143097252202, -0.284603087721, 0.947905195086,  
550, 2871762.4238018417, 88.17659003130639, 128.32452472602606, 102.53512338647278, 52.104781192472295, 0.173388778238, 0.960679100708, 0.21686861701, -0.618410526425, -0.0651775511985, 0.783147692091, 0.766488585948, -0.269902857121, 0.582793012423,  
551, 3246981.880168875, 91.8608413064618, 101.69287610009522, 91.1032967147168, 83.66939574391007, 0.0915405527438, -0.484748613427, 0.869850049712, 0.778026885545, -0.510386958048, -0.36630495277, 0.621525938777, 0.710298482918, 0.330426349724,  
552, 3556367.6521189753, 94.69041370842717, 100.38557291850204, 96.31975575786296, 87.80745048341164, -0.775936377164, 0.62941541507, 0.0419401223901, 0.360433731302, 0.387810518886, 0.848345758981, -0.517697077386, -0.67337896961, 0.527778835643,  
553, 2581253.2736088037, 85.09695174075873, 96.00453696898667, 85.62025950711781, 74.96761824293712, 0.443138266574, -0.895342300729, -0.0446166025481, -0.474603721866, -0.27654007403, 0.835629639641, -0.760512842685, -0.349124264382, -0.547478277314,  
554, 3295001.9033206487, 92.31147424094256, 109.69133760648546, 89.2997355666258, 80.30536404503684, -0.408601738184, 0.906730552381, -0.104327968122, 0.0739960337048, 0.146838394201, 0.986388905546, 0.909708308497, 0.395320365486, -0.127092887618,  
555, 3372769.258010548, 93.03206775507965, 106.7523819012515, 90.19527224357114, 83.62510454160743, 0.20548134598, 0.636006418997, -0.743823400713, 0.735958235765, -0.601407555431, -0.310925115552, 0.645091382414, 0.483533646467, 0.591652196033,  
556, 221406.08158715483, 37.52899883697948, 66.51287784875466, 56.427510766565106, 14.083295932526518, 0.783739592468, 0.615117848381, 0.0859202176509, 0.353620684734, -0.555662326969, 0.752457168027, -0.510592462269, 0.559347308021, 0.653012960426,  
557, 2208932.36602864, 80.79130125990591, 113.88647394304752, 70.10849801550955, 66.04668119379023, 0.379551169466, -0.214922809798, -0.899860597862, -0.435137928335, -0.899816940549, 0.0313760549743, -0.816453239984, 0.379654657986, -0.435047638298,  
558, 3913007.29839731, 97.75538328829741, 110.74625119975404, 101.11690993245367, 83.41981552829051, 0.133977134604, -0.5791955892, 0.804103598335, 0.940711715474, -0.180828249388, -0.286988871899, 0.311627334767, 0.794879622128, 0.520629225602,  
559, 3302578.321661996, 92.3821727310706, 97.62181386714713, 94.48112128403112, 85.48159261516125, 0.883190715328, -0.463329672194, -0.0727995551028, -0.186205110817, -0.488850652435, 0.852263278758, 0.430466975579, 0.739155365589, 0.518022710368,  
560, 3367229.616659808, 92.9811060019924, 106.91432493813076, 91.26328290404155, 82.38575729188143, 0.751164461188, 0.4001786515, 0.524984760856, -0.336131412442, -0.452589171354, 0.825941109004, 0.568126417109, -0.796881477295, -0.205456285682,  
561, 3421781.65500196, 93.48054336443481, 108.3113423634801, 91.50011368733682, 82.42673783681003, -0.258272116982, -0.884262205293, 0.389070515304, -0.945819782662, 0.149413744297, -0.288271524331, -0.196775131341, 0.44244308708, 0.874942090873,  
562, 3726540.4810544653, 96.17726244895945, 99.95793792746078, 94.81536054846116, 93.86879543065506, -0.875368512464, 0.293849802882, 0.383903973323, 0.42079794652, 0.07213131122, 0.904282125305, -0.238031627292, -0.953126102511, 0.186792872243,  
563, 4032662.542683742, 98.74181155143957, 105.73011784076702, 100.09409898200481, 90.96955730086833, 0.574089078846, -0.817327658255, -0.0489615012246, -0.113813921558, -0.13887345883, 0.983748216614, 0.810844079222, 0.559186607033, 0.17274900204,  
564, 3336468.0758918617, 92.69709442956662, 100.3236765536383, 94.75538103447587, 83.78977858231774, -0.572302934992, 0.773612699259, -0.272016069644, 0.192655821934, 0.449266557923, 0.87237795376, -0.797090386891, -0.446858983883, 0.406157560128,  
565, 2985922.7114719804, 89.32985950399765, 103.96328214970256, 89.28055421069327, 76.79856292710332, 0.0856108109387, -0.138248401106, 0.9866905131, 0.224815268941, -0.9621052666, -0.154309918122, 0.970633238614, 0.23503369029, -0.0512862606069,  
566, 1504292.1739560806, 71.08007252682118, 125.77100257526955, 54.26858875246394, 52.61560105930122, 0.285366843989, -0.701202299133, 0.653361385485, -0.958417251867, -0.209820581656, 0.193421029976, -0.00146139501425, 0.681388772438, 0.731920217729,  
567, 3053288.488839005, 89.99666380746314, 110.34217345140591, 94.13997052012793, 70.17196513895608, 0.115856624603, 0.198987800807, 0.973129537968, 0.639257722197, -0.76479072982, 0.0802789149966, 0.760214974298, 0.612779727725, -0.215810560773,  
568, 3784432.55201288, 96.67274564988534, 103.04326751795679, 100.57129119056596, 87.18033077747462, 0.640395273049, 0.643549623172, 0.419210897726, 0.663458991358, -0.188547211162, -0.724066375375, -0.386931597369, 0.741817923536, -0.547713526653,  
569, 3367466.280083038, 92.98328432203851, 117.4280432343956, 87.56121669911826, 78.18636716519863, 0.230778976271, 0.946655841348, -0.224908386134, -0.500388090989, 0.313707659217, 0.806969183392, 0.834477574598, -0.0736900440409, 0.546092441718,  
570, 1355249.6540422817, 68.65047796372315, 80.7682718671117, 63.7993426746276, 62.787573686368745, -0.00900955669957, 0.984383274935, -0.175807838041, 0.149617966644, 0.175162866212, 0.973104534137, 0.988702832981, -0.0175367707729, -0.148859563769,  
571, 3009398.7435903535, 89.56335946812742, 108.04568460262605, 90.8528716990712, 73.18886988607679, -0.242730174635, -0.899159107947, -0.364135909955, -0.0508959155379, -0.363040936321, 0.930382117378, 0.968757796409, -0.244364844346, -0.0423574638596,  
572, 2731005.922764182, 86.71176192756656, 99.89313619691472, 84.64177553548971, 77.11051780144668, -0.178435738128, -0.44615107058, 0.876989115998, -0.68814722491, -0.580474975475, -0.435318503738, 0.703288052087, -0.681174004985, -0.203440140396,  
573, 3003625.6382616833, 89.50605126590878, 118.22341549467986, 87.81899363265664, 69.06614807306265, 0.807877743367, -0.584871790883, 0.0725157913969, -0.533838424827, -0.778354018348, -0.330426328098, -0.249699995897, -0.228232360439, 0.941041923454,  
574, 3770012.272091775, 96.5498014190897, 132.69091207983655, 91.40550165942014, 74.20627624929647, 0.535943063203, -0.397710615104, 0.744708869048, -0.410274079567, 0.648239284584, 0.641452266001, -0.737861919766, -0.649316638133, 0.184248991323,  
575, 3090261.2806351613, 90.35846898440921, 104.34811584447985, 86.99537879006428, 81.26916470624067, -0.508044005531, 0.285862854705, -0.812510748694, 0.810237162865, -0.161452991995, -0.563425834772, 0.292244808948, 0.944571521736, 0.149591483607,  
576, 342970.55093424226, 43.42329155579749, 104.1631530095669, 50.45868881274355, 15.578231137299499, 0.282562111658, 0.788610190785, 0.546125095602, -0.335203650198, -0.452258855623, 0.826498905265, 0.898775370128, -0.416600401465, 0.136553797273,  
577, 2405092.980246556, 83.11532112197236, 91.8525135476747, 90.77462797735984, 68.86328536935373, 0.758765580427, 0.199458563365, -0.620073443602, 0.578265399244, 0.231892214769, 0.78219890614, -0.299806474241, 0.952072624451, -0.0606118451588,  
578, 3956566.531218881, 98.11678018266355, 113.37684901018558, 98.16338284079464, 84.87034439069289, -0.419276785593, 0.856542452542, 0.300901984135, 0.0821012447944, -0.294309777386, 0.952177053146, 0.904138464321, 0.423930161618, 0.0530740558582,  
579, 4039936.577506228, 98.80114538233961, 112.08066848228177, 95.29257965577771, 90.30174474695927, -0.998829761536, -0.0474795747338, -0.00920855325254, -0.00262761070475, -0.136845272037, 0.990588949657, -0.0482928890407, 0.989453920859, 0.136560372597,  
580, 3606625.6466044625, 95.1343785951671, 112.17643396355733, 103.56261720082219, 74.11528964588248, -0.348501726028, -0.625629525155, 0.69795002988, -0.035561944743, 0.752921859597, 0.657148401373, 0.936633276711, -0.204196891739, 0.284643170237,  
581, 3545744.210199089, 94.59603450775455, 100.7498243374264, 91.99866055019687, 91.3256961097557, -0.538609801261, 0.376135985273, -0.753937134361, 0.815646804306, 0.00843107267753, -0.578488727323, 0.211233928647, 0.926526112744, 0.311335172751,  
582, 1761911.257718614, 74.92587217658637, 152.345795746379, 98.63173677606798, 27.992924128557505, 0.458459810948, 0.794632008221, 0.397963030012, 0.725211884113, -0.0756736068924, -0.684354607174, 0.513694777943, -0.602356602629, 0.610969883368,  
583, 2015946.5515408649, 78.36644297598434, 121.99146769519822, 81.5587810357942, 48.37157423737426, -0.556543811466, 0.249349866159, -0.792517274364, -0.0546707823741, 0.940840828115, 0.334409392373, 0.829017545939, 0.229441017256, -0.509986988194,  
584, 3234645.290131581, 91.74435489515426, 108.84971299382968, 95.12533500109132, 74.57865835190104, -0.371425482018, 0.133014114265, 0.918885388236, -0.607014883498, 0.714086282436, -0.3487315765, -0.702549672635, -0.687304900785, -0.184488294583,  
585, 3128325.746418285, 90.72795455331335, 99.52329099603054, 90.36727217790026, 83.0400224901413, -0.963230256041, -0.257295648642, -0.0773719783701, -0.243580181835, 0.957790940121, -0.152660440322, -0.113385046917, 0.128200874459, 0.985245333368,  
586, 3285025.2615278233, 92.21821283052016, 101.39512968769448, 95.19997646265062, 81.24491118396669, -0.216525843666, -0.884031520164, -0.414252133827, 0.205559131701, -0.456088717035, 0.865868653762, 0.954390906494, -0.102329631825, -0.280475745924,  
587, 3714637.3172948607, 96.07475139488889, 108.88833518704756, 101.19887168627751, 80.47681493838536, -0.463570278827, 0.782183373067, -0.416283277932, -0.761634072498, -0.591838433416, -0.263895449641, -0.452787076006, 0.194721441113, 0.870096215469,  
588, 3918423.874288586, 97.80046841763196, 105.5631429400019, 97.72633724366746, 90.67736067015684, 0.877320886511, 0.283228690553, 0.387413952949, -0.270507153449, -0.374954706005, 0.886698848752, 0.396401238677, -0.882717665673, -0.252340208218,  
589, 1511875.1044552904, 71.1993073669531, 141.2297407194836, 65.02233649550807, 39.30416491229761, -0.166488721348, 0.456787162627, 0.873857536286, 0.984975118727, 0.118283706307, 0.125829171142, 0.0458859581149, -0.881677068366, 0.469616892761,  
590, 3106224.410110135, 90.51378782563445, 108.93890356649264, 101.22421327113521, 67.24760302857264, -0.9661314941, -0.228345448644, 0.120201049048, -0.239693126023, 0.966646678297, -0.0902297327689, 0.0955883959801, 0.11598515173, 0.988640633968,  
591, 3220973.1794259422, 91.61491149983682, 99.02499494825537, 95.06994405311387, 81.67900375129948, -0.812933401027, -0.212817985542, -0.54207729202, 0.189101204998, -0.976860201651, 0.0999243749026, 0.550799436967, 0.0212756071878, -0.834366423567,  
592, 779264.4531254267, 57.086324982081095, 98.11668035139762, 80.21841453794624, 23.636291449114275, -0.626318673415, 0.714047800886, -0.312826880849, 0.755050375813, 0.455791944183, -0.471330705134, 0.193968681276, 0.531403275929, 0.824613066242,  
593, 2882871.8960607806, 88.29014804311502, 96.42161231295334, 90.69367180201628, 78.70192604998846, 0.0511463526061, -0.0759227940552, 0.995801074491, -0.992649756897, -0.11337434461, 0.0423405020778, 0.109683684963, -0.99064725676, -0.0811634272678,  
594, 3588434.8777221083, 94.97416557460743, 118.35915665393624, 90.14794678440191, 80.289500887622, 0.46446963891, -0.217914299817, 0.858359663816, 0.345786211863, 0.936939649989, 0.0507541915939, -0.815291267104, 0.273235155524, 0.510531781155,  
595, 4753299.926580066, 104.30429766113471, 118.83803640335981, 113.55632577781913, 84.08912045929978, -0.0900571852997, -0.448388447763, 0.889290449341, 0.815528771103, -0.545735127827, -0.19257724102, 0.571666447221, 0.707898983026, 0.414821049312,  
596, 3079525.2711113547, 90.2537081590918, 103.23980411313286, 90.0261911938103, 79.10047923078585, -0.498128771033, 0.0783695914243, -0.863554245319, 0.864393126311, -0.0337947247737, -0.501679618646, 0.0685000047868, 0.996351405739, 0.05090801142,  
597, 4104489.312078987, 99.32460347592018, 113.04642785779207, 96.66148465567365, 89.6726934902111, 0.294075018469, -0.709244244302, 0.640696874846, -0.405690685684, 0.51432962975, 0.755566078851, -0.865410279036, -0.482117863065, -0.136482288421,  
598, 2358060.1175311534, 82.5699626040957, 100.57766525190229, 91.26799242901076, 61.32622273990832, -0.488992183443, 0.224738940687, 0.842839873921, -0.861058667635, -0.278906059276, -0.425193345421, -0.139515645799, 0.93365080123, -0.329896295734,  
599, 2633614.3674779967, 85.66850560476745, 111.66125893500814, 78.8171513086406, 71.43981469306952, 0.316470811808, -0.530270727937, -0.78654890526, -0.515928392676, -0.792021250196, 0.326374375326, -0.796030224869, 0.302514948939, -0.524233332366,  
600, 3735087.5690853945, 96.25073612305903, 99.52606173952076, 98.33066362137521, 91.11426780145725, 0.69879130105, 0.497109345327, 0.51436661669, -0.59650286165, 0.00807798587378, 0.802570297349, -0.394810148831, 0.867650301062, -0.302171973299,  
