# Void_ID, Void_Volume, r = (a*b*c)**(1/3.0), a, b, c, vector_a, vector_b, vector_c 

24, 1848269.975414661, 76.13054399775005, 118.16755048359411, 78.96420551983348, 47.287711425567046, 0.822554502294, -0.232947768554, 0.51878649547, -0.390672329972, 0.431451614979, 0.813157201608, 0.413254426898, 0.871541646198, -0.26388622092,  
30, 720891.0092558905, 55.62375881612739, 104.7398274491606, 46.72354290224235, 35.166842727917924, 0.222215172705, -0.663427441293, 0.7144819432, -0.605756120368, 0.480269424444, 0.634350693687, -0.763989489231, -0.573764158939, -0.295152079886,  
46, 1434442.255201553, 69.96241950436921, 102.88985774110373, 76.26557636913343, 43.640863704885525, 0.685336199962, 0.391623169689, -0.613958944869, -0.414318044347, 0.903024474035, 0.113522497428, 0.598877993543, 0.17657319235, 0.781131907295,  
107, 692525.0577210827, 54.884405070035726, 95.97794715433079, 57.66064441046308, 29.8741759437492, 0.768077912761, 0.255517774068, 0.587168618936, 0.499273377713, 0.335209647414, -0.798974709605, 0.40097682506, -0.906832486966, -0.129893904199,  
118, 463608.5161392889, 48.012493927156605, 114.39660506326568, 51.30847291614479, 18.856477644506672, -0.506039590695, 0.578379280159, -0.63984477878, 0.820363691097, 0.0936946406278, -0.564114109598, 0.266321886032, 0.810369497575, 0.521894558719,  
125, 2743480.9675767045, 86.84359249595217, 149.61278240696004, 78.66358925693626, 55.65073238062451, 0.588287247747, -0.680425479618, 0.436965995044, -0.299979818061, 0.318179379332, 0.899318626141, -0.750952876614, -0.660138659112, -0.0169330402224,  
158, 844725.6078216577, 58.642032851373656, 121.75991350957784, 78.15391843812277, 21.192000837316783, 0.77349539192, -0.0194289792572, -0.633504059532, 0.570938170204, 0.455358835076, 0.683138300143, -0.275198990701, 0.890095975771, -0.363310706467,  
190, 369747.68845019233, 44.52517339655549, 116.52173591112904, 93.20051540847783, 8.128147914711608, -0.728838945417, 0.0889749784801, -0.678879403758, -0.619179287969, 0.337569656235, 0.708987825382, -0.292251263458, -0.937086004801, 0.190942448433,  
208, 1782990.8083638763, 75.22349340453493, 116.47835944300886, 86.30254807081121, 42.34397567502783, -0.40088240286, 0.0580141035643, -0.914290797758, 0.882333768717, -0.244117386008, -0.402360314184, 0.246536852537, 0.968008814855, -0.0466745616462,  
210, 1030638.4142458354, 62.66223852628911, 116.16019815523688, 80.17086518025246, 26.42066847893975, 0.774283886792, -0.460662557842, 0.433906061789, -0.381008450158, 0.2081192288, 0.900843464489, -0.505289049517, -0.862830455192, -0.0143729618176,  
221, 1452645.2696215194, 70.25711652791954, 101.28617576557268, 65.3499917772286, 52.39323971785965, -0.910857589441, 0.334879228655, 0.241235059585, 0.364839138052, 0.380060206788, 0.849968612692, -0.192952986769, -0.862212352864, 0.468357772931,  
223, 327393.0473773317, 42.7556599527793, 100.29276296646196, 71.89221961283162, 10.840001814379669, -0.862231229374, -0.34360622487, -0.372145226118, -0.503742688305, 0.504950048319, 0.700905666037, 0.0529207999863, -0.791808190747, 0.608472824369,  
255, 1612426.3900959953, 72.74398626315053, 109.93430235989605, 67.2816047460362, 52.04292795080516, 0.376977708465, -0.0781067431592, 0.922923151727, 0.780497356936, 0.563304867764, -0.271130045862, 0.498710019085, -0.822549063963, -0.273315484812,  
262, 450005.34921323496, 47.53823161967186, 124.87558111773426, 43.59143390460808, 19.73560251623317, -0.0298500263465, 0.61961707277, 0.784336445066, -0.325465341232, -0.747948908651, 0.578484867308, 0.945082688226, -0.238006540204, 0.223990176651,  
290, 1969791.3683264572, 77.76375206094264, 130.22774638930665, 98.32451139609984, 36.72538004444095, -0.874233567606, -0.184950721238, -0.44889742702, -0.484180345001, 0.263856916129, 0.834235531086, 0.0358477724047, -0.946664015649, 0.320222077142,  
316, 984185.4021175611, 61.70629010163513, 132.05451755124975, 56.79306568734786, 31.328509586818033, 0.743785010139, 0.134459424899, 0.65475531441, 0.30185819916, -0.941550344682, -0.149547905467, 0.596376966601, 0.308874750483, -0.740898712525,  
354, 192001.78125433176, 35.788119830067224, 108.35039454008692, 75.68391022820644, 5.589623929814821, 0.800719557296, 0.46102186236, -0.382501023516, 0.529379279261, -0.843422648914, 0.0916286744813, 0.280367204311, 0.275856987812, 0.919400431272,  
370, 905426.9033462025, 60.01432536778284, 79.09148756797238, 63.02247552631663, 43.36502321627337, 0.143208818941, -0.458012415242, 0.877334520956, -0.819985777391, -0.551290845808, -0.153953656027, 0.554179175947, -0.697354307947, -0.454513377288,  
413, 625310.2088749793, 53.0479945057225, 106.07169672255833, 56.343622315431396, 24.978285754220792, 0.0713827359349, 0.892164707721, -0.446034347677, -0.285542890843, 0.446737918013, 0.847874100382, 0.955703804795, 0.0668383640373, 0.286640664584,  
420, 891424.4794352491, 59.703342923565764, 153.4254904780826, 83.53189504601455, 16.60527576355825, -0.831383691389, 0.0652998412272, 0.551848791272, 0.555667930155, 0.108157551799, 0.824339187099, 0.00585739619207, -0.991986831931, 0.12620545228,  
442, 2487251.094105633, 84.05115268283136, 108.33836957270901, 94.38101257104817, 58.07164031516568, -0.693988262771, 0.339779083078, -0.634768040971, -0.421330895056, 0.523259379173, 0.740729302093, -0.583832654112, -0.781504828399, 0.219976442336,  
506, 1372086.7536763381, 68.93360439379036, 108.7914370814817, 61.6255136803972, 48.85822625484751, -0.816396224706, 0.572901988508, 0.0726671579759, 0.19985610836, 0.162232648346, 0.966301248971, 0.541806921547, 0.803407666987, -0.246944083529,  
509, 1457100.428477543, 70.32886773837815, 115.01518772848247, 69.2461757615957, 43.676707289635374, -0.783584236681, 0.620577914011, 0.0296445048395, 0.132383131133, 0.120156449872, 0.98388878139, 0.607017669114, 0.774884172116, -0.176306747424,  
537, 3090658.1906544627, 90.36233733545016, 118.11152714035947, 83.31408462976029, 74.98107385939716, -0.798593653456, 0.575465907594, 0.176315529257, 0.539693926177, 0.814351230566, -0.213453834172, 0.26641817263, 0.0753064570446, 0.960911179465,  
553, 2768478.3935342645, 87.1065560007907, 133.46627077582468, 92.7755751082269, 53.37616265533935, 0.818212146863, -0.527913183708, -0.227676422129, -0.289521579163, -0.720491293607, 0.630134549946, -0.49669521633, -0.449666505651, -0.742356986746,  
566, 2572310.2298152694, 84.99856202233646, 116.90515983335605, 89.31435365353886, 58.81387522912049, -0.520042467743, -0.298973575492, 0.800106638456, 0.0662582199643, 0.919795722831, 0.386763075473, -0.851566603403, 0.254146865847, -0.458523380592,  
569, 767354.0301989481, 56.793991184707615, 118.65408590962855, 62.656657839252254, 24.64093854807975, 0.286543754614, -0.758244652485, 0.58562592469, -0.702431011212, 0.249410305291, 0.666622212428, 0.651523868464, 0.60237824213, 0.461147592674,  
574, 3033552.3561836793, 89.8023348699233, 109.76516746219151, 92.33688491385723, 71.4534367420828, 0.212523306061, 0.907482879971, -0.362365377678, 0.260432496736, 0.304820062936, 0.916111152577, -0.941811424344, 0.289066690905, 0.171556664647,  
588, 1593718.2449100935, 72.46155424082319, 136.83405396240434, 62.13404358559332, 44.7506268894988, -0.343932668924, -0.376879712846, -0.860041860197, -0.277433602683, -0.834241678831, 0.476520112275, -0.897073528396, 0.402495345744, 0.182363870615,  
607, 846387.0965519769, 58.68045529499423, 128.712550759228, 57.363958113941436, 27.366573093444913, 0.569979765935, 0.464921332028, -0.677474148178, 0.60368289666, -0.79629128914, -0.038563494656, 0.557395754115, 0.386999144527, 0.734534979038,  
609, 956946.4035412467, 61.131680563917705, 124.30814255911864, 79.83427430284382, 23.02025055426281, -0.816964890429, 0.517953530529, -0.253559673486, -0.10949467742, 0.292367324999, 0.950016980316, 0.566197212483, 0.803893952885, -0.18214068489,  
627, 1650933.0667639407, 73.31850804696747, 114.82696311092477, 94.83189546326564, 36.19449709880205, 0.325093840574, 0.114812516489, 0.938686359163, 0.516856812676, 0.809664268466, -0.278033824489, -0.791942567369, 0.575553523512, 0.203875235283,  
635, 2517576.84402638, 84.39137093346906, 126.84404975526304, 89.64500924358417, 52.8564401676303, -0.033500542783, 0.854614410863, 0.518181360508, -0.598377724463, -0.432428048229, 0.674499875442, 0.800513468031, -0.287472071426, 0.525868800796,  
641, 357290.7323874871, 44.019426557786716, 104.4935544903567, 74.27772879468523, 10.989679418949068, -0.994604058507, 0.0553155276681, -0.0877665038636, -0.0830582169668, 0.0823313383539, 0.993137897434, 0.0621618805695, 0.995068712765, -0.0772926741704,  
646, 1756465.5553452715, 74.8485990649791, 137.1934580481101, 99.92876280313266, 30.58631203976343, 0.853316988771, 0.457854165112, -0.249438730283, 0.453162986241, -0.414667202303, 0.789109890468, -0.257863189649, 0.786397275443, 0.561325129136,  
648, 401678.0278548864, 45.77164162628036, 110.23252909376394, 40.99830612822208, 21.218456132730232, -0.368473724018, -0.565883352283, -0.737565689493, -0.916496296638, 0.354057259167, 0.186220287508, -0.15576152592, -0.744593505774, 0.649090793497,  
650, 2895474.7696720418, 88.4186185508678, 122.17926319348979, 95.48220265464738, 59.25312294086614, 0.451040461154, 0.719573322549, 0.527993121051, -0.526536206028, -0.263133351348, 0.808406125131, 0.720640080861, -0.642631366246, 0.260197619077,  
651, 3066895.7062070672, 90.1301580690136, 135.38543778374034, 94.97337707856208, 56.942504337726334, -0.796790736325, -0.286419780442, -0.532060364882, -0.604209066393, 0.388551060419, 0.695671961154, -0.00747840860853, -0.875780670499, 0.482651313668,  
660, 888764.1144665194, 59.64389090610628, 107.03229749305432, 63.06993774946606, 31.431177509477642, -0.601156509899, 0.795753962137, 0.0733926586829, -0.167087484867, -0.214973045502, 0.962220537147, 0.78146824824, 0.566182145118, 0.262192973863,  
664, 3387461.2320472244, 93.16695640328258, 125.40843365642263, 87.23974635050165, 73.91704327699911, 0.51241424114, -0.345347307232, 0.786235895177, -0.526169695792, 0.597308336489, 0.605283571882, -0.678658306297, -0.723849423947, 0.12435801038,  
668, 1330598.716364711, 68.23169555481144, 119.44917968948259, 85.71257577736202, 31.026356105831695, -0.913568152426, 0.171817546785, 0.368608140835, 0.402414407632, 0.250896265152, 0.880405422895, -0.0587866940976, -0.952643582222, 0.298352693716,  
670, 812132.219855245, 57.87789271691074, 108.8574439780607, 55.45478476815399, 32.11744393304839, -0.219086813305, 0.261640778143, -0.939970782231, 0.953633360956, -0.146331784841, -0.263002702679, 0.206359834045, 0.954007920281, 0.217450010197,  
671, 1273875.3434443907, 67.24801055003589, 113.16869756175436, 93.21707193298822, 28.82813503028051, -0.292938978476, -0.809983438909, 0.508048800395, -0.955962598346, 0.258095056075, -0.139722770489, 0.0179517534923, 0.526605896969, 0.849919974953,  
677, 1292264.011409246, 67.57004582716158, 119.84440944036012, 71.27235040981567, 36.11800714796669, -0.683542163669, 0.0334807527402, 0.729142749867, 0.00853734936486, -0.998512373108, 0.0538530817677, 0.729861099219, 0.0430357984242, 0.682239471081,  
690, 3514524.197893519, 94.3175786400392, 120.57561683857557, 99.61075270467447, 69.85736728177837, 0.726540828073, 0.607240587346, -0.321554496504, 0.34497594122, 0.0823586849938, 0.934991255032, -0.594247444355, 0.790237885757, 0.149646445972,  
698, 1994510.3050197144, 78.08768689672902, 102.97903116235247, 95.28462277761969, 48.52617438874142, 0.956968261633, 0.12645442856, 0.261191546042, -0.254224309988, 0.799344540933, 0.544443114652, 0.13993479352, 0.587416021554, -0.797095145628,  
725, 422068.7492815453, 46.53340824363844, 126.96079086845303, 73.38764077975812, 10.8143903741792, -0.989083867663, -0.144298571584, 0.0298500413267, -0.146741851897, 0.982996257299, -0.110386534675, 0.0134138596286, 0.113561790998, 0.993440379688,  
729, 2775417.7704197364, 87.17927475255473, 111.13991408694501, 100.17122117156444, 59.51504007944784, -0.780424394189, -0.250951402378, 0.572678931514, 0.561266187445, -0.684801379767, 0.464787410651, -0.275532269954, -0.684156753905, -0.675286238791,  
732, 1250952.5486173485, 66.84220104369383, 154.55728583679962, 54.38391751353873, 35.529758528013595, 0.537315498244, 0.835246040076, 0.11685935086, 0.726029873345, -0.528595818188, 0.439848933164, -0.429153443837, 0.151494268971, 0.890436302108,  
740, 3160978.358414996, 91.04252716293107, 114.3121386137963, 98.49459763480196, 67.0236620087202, 0.617116767206, -0.223466152835, 0.754473176575, 0.0747824481991, 0.971142358983, 0.226473186119, 0.78330995211, 0.0833390492318, -0.616019579071,  
745, 882122.0253694303, 59.49493835638595, 144.028090094682, 76.07911485960355, 19.21885029108188, 0.683557864054, -0.491970708592, -0.539178512534, 0.266778084605, -0.519195080088, 0.811951921229, -0.679395393026, -0.698857131823, -0.223652876652,  
748, 1852103.154661251, 76.18313741717736, 112.50647384216944, 85.12186012946043, 46.16979469384388, 0.140976453793, -0.687945546332, 0.711938596199, -0.546941529748, -0.653536011659, -0.523207076119, 0.825215488532, -0.315628906702, -0.468399178844,  
758, 1834938.7536621906, 75.94706374713662, 132.13124433510788, 67.46009817748507, 49.145127923567095, 0.879463416929, -0.466623318708, 0.0938444282948, -0.387906193721, -0.588427140842, 0.709423910503, 0.275813130864, 0.660315211364, 0.69850621936,  
761, 2588082.751370754, 85.17193546365104, 128.0876914336626, 83.95210266475037, 57.458008973463876, 0.0179537938031, 0.351361844396, 0.936067580675, -0.996520008367, 0.0825063731751, -0.0118562771871, 0.0813973845484, 0.932597208171, -0.351620410529,  
777, 1999512.2534566706, 78.15291001128978, 107.83864222558297, 68.69289928321218, 64.43906091567212, -0.519334836898, 0.813934517784, 0.260388033414, -0.263747636026, -0.44248681257, 0.857112947745, 0.812852084746, 0.376451884658, 0.444472121581,  
784, 701769.3714417401, 55.127538357382385, 88.05002866836007, 56.726136693521504, 33.54231950386396, 0.302350502712, 0.860851725247, 0.409290215677, 0.900139135948, -0.116600315375, -0.419706924401, 0.313582061741, -0.495316740676, 0.810140492113,  
788, 2865288.0367673473, 88.11027547734201, 103.63025695481203, 94.94379998599686, 69.52267796371848, -0.586488262916, -0.476964030263, 0.65462724607, -0.650392400433, 0.759018713896, -0.0296701434823, -0.482722739179, -0.443165776871, -0.755369347597,  
789, 1302651.9092190252, 67.75061736762746, 110.98870815627357, 66.10667374251956, 42.385339780498455, 0.260627270449, 0.508011598993, -0.820973593477, 0.754044490365, 0.423925329086, 0.501701327394, -0.602901594332, 0.749807662437, 0.272576845868,  
795, 1632089.0806257995, 73.03848393838115, 109.35426795709265, 73.12305366541686, 48.726497233973824, -0.680297023959, 0.670761457914, 0.295423468548, 0.70973914036, 0.50227830081, 0.493950261846, -0.182937999971, -0.545706491727, 0.817764093767,  
797, 451838.3501877709, 47.60268980137994, 109.9772960264142, 73.37319410877845, 13.367617709505128, 0.098005740355, 0.125414609313, 0.987251766587, 0.899718553059, -0.435141252582, -0.034038442728, 0.425325052329, 0.891584693718, -0.155484191442,  
816, 3592967.0829988215, 95.0141329828081, 143.0766501092953, 112.02510413597156, 53.51561361910951, -0.511225967817, 0.0275756104056, -0.859003839072, -0.376086744164, 0.891532991598, 0.252443430803, -0.77279154414, -0.452115594293, 0.445403994935,  
827, 1924287.5182392576, 77.16027814644765, 140.57805348867265, 60.648918498554856, 53.88163518614928, 0.373903404075, 0.915690880077, -0.147331112008, 0.53584337182, -0.0836210428986, 0.84016629429, 0.757012632192, -0.393087437256, -0.521933081317,  
864, 2684042.792405017, 86.21184553156155, 111.10227845608587, 87.89962789546158, 65.61314035384092, 0.479698420929, 0.85490427673, -0.19755531526, 0.485608486343, -0.0711427947522, 0.871276707336, 0.730803546071, -0.513884598313, -0.449275858094,  
865, 3726192.989193384, 96.17427291528409, 122.3387312324719, 87.01651580573498, 83.56243235611339, 0.454870754635, 0.553497118289, 0.697662910454, 0.76962000651, -0.638484437734, 0.00476112914324, -0.44808218237, -0.534769635279, 0.716410353796,  
874, 73947.1200895635, 26.03819560367327, 63.3069353393017, 42.903490504282175, 6.499631562003101, 0.471452046897, -0.649214736381, -0.596869494565, -0.662811646029, 0.185603206479, -0.725418618201, -0.581733349022, -0.737612144565, 0.342804076442,  
882, 1698091.5194908753, 74.0100722060705, 95.93360463994692, 88.7301225696918, 47.6245230369295, -0.0731837384022, -0.711052837525, 0.69931967131, -0.406301414352, -0.619115899853, -0.672022814527, 0.910803656739, -0.333315713396, -0.24359255751,  
886, 1019222.4486926574, 62.430017560160536, 150.52077257464256, 61.05277804483228, 26.477593014571546, 0.363716559255, -0.928869483869, -0.0700838530644, -0.845513726692, -0.297628993095, -0.443309734209, -0.390917897389, -0.220495950996, 0.89362449222,  
888, 1209907.3878399045, 66.10300049679975, 117.55774563490436, 67.03263669971611, 36.65438757001976, -0.469506479676, -0.676492301265, -0.567381557571, -0.858508300465, 0.499873675563, 0.114410692301, -0.206221152106, -0.540818338085, 0.815468185532,  
896, 1151720.5865631567, 65.02587030318472, 105.91772031356076, 101.59287792864363, 25.55210200024553, 0.885853983166, -0.403133246459, 0.229665639809, 0.223624129715, 0.804703649761, 0.549949347368, 0.406515644371, 0.435816041078, -0.803000254807,  
898, 878289.310777993, 59.408647132327786, 86.47311040650628, 65.84972736914791, 36.8225555481082, 0.794446188548, -0.253524226145, 0.551888322271, -0.556393231289, -0.668112776123, 0.494016083299, -0.243478593881, 0.699536121397, 0.671838811906,  
900, 3886131.9219809812, 97.53106728001012, 110.40558108915089, 102.17429640154656, 82.24248921407131, 0.305730307418, 0.749074113815, 0.587721831429, -0.911764622095, 0.40814078815, -0.0458952170007, -0.274252170495, -0.521832414727, 0.807760284935,  
917, 611305.773584568, 52.64898012138639, 123.90146246719043, 61.61294988838552, 19.117075413042873, 0.0356040328662, -0.125920883038, 0.991401172109, 0.613536949227, -0.780318163369, -0.121144442094, 0.788862956905, 0.612574481293, 0.0494746408884,  
919, 1987932.193559106, 78.00174512338522, 133.71750679834682, 115.18789360756065, 30.811855368630404, 0.461724384992, -0.195160235816, 0.865287856531, 0.624265295207, 0.764508940624, -0.160682671455, -0.630161434479, 0.614360286853, 0.474824182655,  
920, 2585883.9458028628, 85.14780826152649, 129.15478142071203, 89.96974833542727, 53.12677167271471, -0.584244048269, -0.413142926371, -0.698549793824, -0.788921651024, 0.491070629579, 0.369394457608, -0.190424579844, -0.766917569987, 0.612842492192,  
921, 3609210.8660658295, 95.15710385423704, 139.03525420988228, 82.8331645663033, 74.8159953453523, -0.95237981343, 0.0490974828336, -0.300935421893, 0.274072716318, -0.294692483076, -0.915445512627, 0.133629477064, 0.954330015036, -0.267202891566,  
923, 617266.3637525227, 52.81954643106238, 150.02325529474749, 59.67530701442361, 16.460035054553735, -0.987558105726, -0.140563482502, -0.0705045757476, -0.131972455588, 0.497017313473, 0.857646233056, 0.0855117464471, -0.856280151291, 0.509383984558,  
924, 2542976.8644365426, 84.6742320634967, 109.58188838000376, 90.60866294988814, 61.14279642275293, -0.981835026281, 0.142901379112, 0.124816573478, 0.181969023506, 0.895502186609, 0.406156507103, 0.0537331894745, -0.421491434819, 0.905239037339,  
925, 1956997.4246467124, 77.59502575470047, 126.25184295451612, 90.52834363803684, 40.87703097132105, -0.355228419651, 0.753903126774, -0.552668838738, 0.928508537859, 0.352939371321, -0.115350315536, -0.108095628936, 0.554133445671, 0.825379585035,  
926, 950814.8442645727, 61.00083521608234, 99.60188712630628, 76.58038470144855, 29.759267241992823, -0.233287903402, -0.961872432886, 0.142752152282, -0.82744180882, 0.11924414884, -0.548744827752, 0.510800163609, -0.246134629466, -0.823711683196,  
927, 2258142.9161893693, 81.38685598223938, 123.0803330748492, 95.30917311286298, 45.955706888849065, -0.649953267564, -0.700225510676, -0.295372619215, -0.758571411845, 0.621352643336, 0.196189463916, -0.0461536901584, -0.351575207912, 0.935021235088,  
928, 3041892.6229166402, 89.88455861166943, 97.45645189504049, 87.68594589303136, 84.97960013143091, -0.0789730603724, 0.995023399564, 0.0607592795902, -0.159040395885, -0.0727448113706, 0.984588413956, 0.984108433158, 0.0680927803776, 0.163993795761,  
929, 2585431.363250052, 85.14284043599429, 136.68229867925993, 82.37595108219733, 54.81907305113333, -0.085949708829, -0.83512905803, 0.543297436021, 0.0719936284229, 0.538683702853, 0.839426462382, -0.9936949054, 0.111262413757, 0.0138242636778,  
930, 3615388.361571718, 95.2113629471793, 110.24907273629034, 92.80196515210888, 84.35954487628658, -0.854920629591, -0.518474698628, -0.0171669444799, -0.511066442349, 0.836104474138, 0.199349943145, 0.0890045426066, -0.179201828144, 0.979777983109,  
931, 3390092.9509127983, 93.19107729614495, 103.73227840650841, 91.53541698616625, 85.23538270325675, 0.468801917373, -0.348631495521, 0.811591549117, -0.752338520763, 0.323839108163, 0.573685438372, 0.462829895797, 0.879536419004, 0.110472508804,  
932, 2957979.5750573007, 89.05032739995704, 116.79897269942026, 83.8913976189717, 72.0692676410919, -0.189314941494, -0.980246882337, 0.0572355011885, 0.00674138912194, 0.0569906720095, 0.998351950455, -0.981893276583, 0.189388787876, -0.00418096006779,  
933, 3505063.4359986777, 94.23287129609768, 101.37126194312712, 92.42964351247662, 89.30610370189525, 0.34403138329, 0.775644769509, 0.529166891297, -0.647869923708, -0.211831926537, 0.731704719716, 0.679637380716, -0.594560700377, 0.429640086935,  
934, 545040.4112781041, 50.673398437123716, 85.38401135152519, 45.449721806295784, 33.52990406952333, 0.600662947966, 0.752011243303, 0.271446335187, 0.614854258206, -0.651516387008, 0.444387937085, -0.511036460644, 0.100027433265, 0.853719068832,  
935, 2782966.2106274692, 87.25823846230053, 106.98327019482042, 85.05799356424032, 73.01100409353006, -0.576017737581, 0.587594633725, 0.568274680423, 0.774775257397, 0.614097967969, 0.150356197951, 0.260627831433, -0.526892998772, 0.808985105752,  
936, 1240269.851175994, 66.6513871707993, 105.08710719006535, 67.12108692526319, 41.977750302373245, 0.413817268719, -0.291238354393, -0.862516950002, 0.660487370559, 0.748079656898, 0.0642904368179, -0.626507543004, 0.596286045338, -0.501927535301,  
937, 3944743.913961313, 98.01895509052632, 105.23805659152343, 98.72191445044464, 90.64499247965165, -0.756724593758, -0.114770401321, 0.643580332346, -0.0735645560533, 0.993165255393, 0.0906147425807, 0.649581515512, -0.0212257028342, 0.759995608043,  
938, 2837463.0982220983, 87.8241329636339, 125.61898624819173, 76.23517673155466, 70.73443959490449, 0.267391057877, -0.615019775769, 0.741790197819, -0.785347501216, 0.306958941909, 0.537592327248, 0.5583290468, 0.726310459373, 0.400926167897,  
939, 2977152.967426857, 89.2423189244754, 105.05117953514413, 90.71989909313113, 74.57771083681091, -0.779583326969, 0.0283257670393, -0.62565764379, -0.296965379287, 0.862819929692, 0.409088416397, -0.551417627408, -0.504717168172, 0.664228259212,  
940, 3090450.8084503054, 90.3603161953253, 116.15325977001969, 100.0717978104616, 63.47316017688972, 0.69344067762, -0.128935162148, 0.708883453456, -0.623252280447, -0.600993441452, 0.500363346229, -0.361519877102, 0.788785526803, 0.497112433124,  
941, 1410836.4223595944, 69.57651705967785, 105.7939418852786, 66.49055638134517, 47.88144929384959, 0.336581652359, 0.253945476395, 0.906765949027, -0.624203814173, -0.660816096267, 0.41676334446, 0.705040700717, -0.706281659066, -0.0639048386292,  
942, 1375380.9437408638, 68.9887269790518, 120.37388571244031, 94.36361815720049, 28.906634352467538, 0.620863124169, 0.72744824665, 0.292143850687, 0.266301545342, -0.546226259393, 0.794179048136, -0.737300798858, 0.415278126075, 0.532852334149,  
943, 3017959.355329412, 89.64820380092263, 103.99102008688848, 90.38645984765994, 76.65236555917299, -0.959037181551, -0.0326004604314, -0.281398106572, 0.261197505274, -0.486271999293, -0.833855746483, 0.109651938611, 0.873199148352, -0.474868086605,  
944, 2474236.466119589, 83.90429604535531, 108.59393631118687, 84.60011020219852, 64.29483551569406, 0.589705455231, -0.385231779815, -0.709819661527, -0.467208373102, -0.879631707649, 0.0892434591561, -0.6587592976, 0.27900633455, -0.69870712971,  
945, 1257313.991468419, 66.95531327339604, 100.92180690675909, 79.00999991284016, 37.64333219444075, -0.779925691807, -0.604092579735, -0.163670615471, 0.0526538299882, -0.323911876526, 0.944620913612, 0.623653340765, -0.728116234783, -0.284434982374,  
946, 3973857.946269593, 98.25950598769836, 100.2227890602384, 99.83958123176842, 94.81007581984375, 0.0479876553988, 0.867941162882, 0.494343324729, 0.575065982658, -0.428668316998, 0.69680886159, 0.816698414666, 0.250841806277, -0.519694225199,  
947, 2122007.7253364814, 79.7173372478353, 119.9117142051337, 80.49297126707978, 52.48543256944368, 0.865729061955, -0.356793272885, -0.351015315493, -0.27403693924, -0.924747002585, 0.264096075589, -0.418828064029, -0.132444485102, -0.898354891537,  
948, 2880837.0053435178, 88.26936979405664, 105.0495640539158, 88.83185366803747, 73.69993394287347, 0.277421212326, -0.7997080216, -0.532451454258, 0.414264733796, -0.40046735551, 0.817319171135, -0.866846123187, -0.44731753527, 0.22019269142,  
949, 485214.297883321, 48.74704865067527, 110.04202753911024, 59.08227051117057, 17.816780107859138, -0.796715260194, -0.261408856608, -0.544894672263, -0.0379454898056, -0.878197745764, 0.476790162585, -0.603162444104, 0.400542293673, 0.689754258415,  
950, 3125946.3533307575, 90.70494626917863, 112.17494683872876, 94.86152708659833, 70.13049869172288, 0.726484947399, 0.68195338891, -0.0846120355284, -0.367036289663, 0.48917030402, 0.791199580217, -0.580950930177, 0.543738897835, -0.605676504174,  
951, 3576898.3239161097, 94.87227799396041, 109.97098629430653, 105.76566842310169, 73.41674864950245, -0.28594100517, 0.952619430797, -0.103701309684, 0.534320471783, 0.248339012374, 0.807978569249, 0.795449165563, 0.175624471532, -0.580014370515,  
952, 3740491.8329054867, 96.29713518680748, 107.96499464573118, 91.98221288558564, 89.91937517791173, 0.31405279368, 0.819468199305, -0.479419141368, 0.841154066361, -0.47432900705, -0.259753401739, 0.440262057672, 0.321689078769, 0.838263357886,  
953, 3069004.823310061, 90.15081429780162, 114.43656240178564, 82.6766433405344, 77.43928282138614, 0.877231281597, -0.477832031189, 0.0462798936629, -0.288126353772, -0.446933564732, 0.846896447612, -0.383990211919, -0.756258513133, -0.529740104641,  
954, 4211104.436035323, 100.17725662546917, 107.32279388789304, 103.10062374598655, 90.85611032952279, -0.0954440651277, 0.609729658338, 0.786841899097, -0.978265666095, -0.203629798056, 0.0391304470241, 0.18408345111, -0.766005645597, 0.615912846059,  
955, 1018142.9966806733, 62.40797003003763, 90.22874152899297, 57.68503194562882, 46.69948932845051, -0.862479709133, 0.500872787116, 0.072492775229, 0.494454630345, 0.864498971163, -0.0903113912434, 0.107904447843, 0.0420473540724, 0.993271689998,  
956, 2679240.246707418, 86.16039534365503, 94.73052709072313, 82.95902534525356, 81.38970123822, 0.304308428476, 0.627476827853, -0.716707200233, -0.58559080294, 0.716657068827, 0.378795534837, 0.75131870193, 0.304426470937, 0.58552944582,  
957, 72518.46568104897, 25.869418453821034, 104.41341002673931, 68.66420374880116, 2.414756422299255, -0.257936339801, 0.965077468819, 0.0457637824901, -0.875567997335, -0.213462549741, -0.433375612951, -0.408472185899, -0.151852622749, 0.900050695412,  
958, 3149168.5314939604, 90.92900341836474, 110.94095281298935, 85.14500015889851, 79.58958709655836, 0.255741852405, 0.34916663201, -0.901486976067, 0.439379476651, 0.788640992869, 0.43010587053, 0.861128202085, -0.506090947812, 0.0482718563624,  
959, 2960429.088352293, 89.07490158104311, 99.66263885524167, 89.15779010301111, 79.53794681645427, 0.62762674066, 0.26404818394, -0.732368234542, -0.715358420766, 0.566761997009, -0.408709149135, -0.307159574566, -0.78042257483, -0.544604076782,  
960, 3274981.134818942, 92.12412963304733, 104.12177045979098, 95.0070153815011, 79.03563995175352, -0.562611098375, 0.610474565108, -0.557485028805, 0.138442709704, 0.734380698394, 0.664468664389, -0.815047463719, -0.296657707101, 0.497686484348,  
961, 3231634.763217877, 91.71588350118422, 110.52449866232547, 97.98891476847118, 71.23577614061205, 0.408677853676, 0.769484953724, 0.490790503073, 0.861439277775, -0.147569344854, -0.485948206258, -0.301504200006, 0.621382486437, -0.723172885918,  
962, 2877198.1971652866, 88.23218955397842, 119.7579536262379, 93.98048507330424, 61.02940299123472, -0.415660493921, -0.682219874917, -0.601500121415, 0.752981868556, -0.629059768002, 0.193137551778, -0.510141803247, -0.372639035193, 0.775174490054,  
963, 2513906.3463215283, 84.35033822466268, 109.6199677143549, 82.07521600564678, 66.70506025893627, 0.415287344795, 0.238857601417, 0.877771876684, -0.851409654509, 0.441875959489, 0.282572533405, 0.320371692667, 0.864692247375, -0.386871161844,  
964, 4108334.846100903, 99.3556131735802, 108.34185577461506, 96.74176624908932, 93.57653100961478, 0.225865705422, -0.122314781647, 0.966449055721, 0.874340469132, 0.462909050999, -0.145753060144, 0.429550261497, -0.877926138518, -0.211500042917,  
965, 2513838.5997795076, 84.3495805068219, 100.33606211675415, 78.18208457557726, 76.504059938202, 0.321641812538, 0.700164608652, -0.637429262913, 0.812965587738, -0.549333630018, -0.19318259778, 0.485420948849, 0.456072454465, 0.745898397034,  
966, 2670567.644576942, 86.06732884350366, 109.91776481800521, 87.36375666065392, 66.39200507007558, -0.344208454951, 0.453880383688, -0.821896062068, 0.938853696745, 0.158355060197, -0.305740757862, 0.00861833210348, 0.876878710092, 0.48063442671,  
967, 2366254.6351726367, 82.66549858335897, 101.48474366342174, 79.3106870885904, 70.18436856586585, -0.824966155534, 0.556392311354, -0.099289667589, -0.114418896715, 0.00762585733835, 0.993403323114, 0.553479139894, 0.830884734585, 0.0573707201946,  
968, 2907849.277849978, 88.54439895071313, 118.22626856420602, 102.16341234917537, 57.474329008299016, 0.751908147736, 0.437976179919, 0.492758564809, 0.614478467026, -0.736378367918, -0.283130911107, -0.238852152868, -0.515677966455, 0.822815826284,  
969, 3163274.3742074543, 91.06456511712635, 118.9479986330218, 88.22607705754973, 71.96049560309406, -0.736844969506, 0.333173951357, 0.588264064049, -0.135472231922, -0.92525037989, 0.354343066663, 0.662349428393, 0.181402460433, 0.726901906763,  
970, 2290948.5882441658, 81.77908454138215, 115.71446975670531, 91.77413375785531, 51.501368619619065, -0.918567816059, -0.361503065371, -0.159839610321, -0.39133935993, 0.774930165388, 0.496323225471, 0.0555578317613, -0.518458072075, 0.853296287833,  
971, 3852871.0420773774, 97.25201788605254, 105.0885509212243, 100.80507801969, 86.82765065433674, -0.252502667778, -0.155724694091, 0.954982838807, -0.934959314107, -0.214906490015, -0.28225215945, 0.249185641099, -0.964139523202, -0.0913317911256,  
972, 2060440.1979457869, 78.93879057624989, 113.11354386833577, 76.47607057002354, 56.86319139252966, 0.105031639326, 0.689618342039, -0.716515803779, -0.367598656943, 0.6963934321, 0.616366299486, 0.924034405287, 0.198652284287, 0.326646120126,  
973, 1733938.3699346052, 74.5272361949392, 126.93745248299469, 79.70858711856799, 40.91194798806242, 0.57790670403, -0.739611046314, -0.34496281192, -0.581227185541, -0.669730097278, 0.462208346515, 0.572886376365, 0.0666115378209, 0.816923559952,  
974, 2411228.3544746786, 83.18593663054517, 105.57458001212468, 76.02757495764196, 71.71652407771916, -0.986062586007, -0.151646998075, 0.0684380336645, -0.11279764029, 0.911721754897, 0.395019156488, 0.122299913418, -0.381793962266, 0.916120134893,  
975, 2137690.4827162987, 79.91323983238884, 104.30355973617189, 91.44853880750243, 53.5032684401889, -0.240162970049, 0.687496886422, -0.685324579289, 0.242356686769, 0.726095368714, 0.643466201063, -0.939992012836, 0.0115562404244, 0.341000687846,  
976, 749138.1930438022, 56.34098601930827, 168.31524781820468, 52.91583687341159, 20.08002272598111, 0.556407665922, 0.674623394158, 0.485070907557, -0.498553608024, -0.195966343346, 0.844417842186, 0.664721602801, -0.711674411743, 0.227298751514,  
977, 2689511.0230179545, 86.27035260514377, 101.00757604638646, 95.44721529620446, 66.59896928770095, -0.615403175741, 0.439975739935, 0.653987981202, 0.772558347974, 0.501230691023, 0.389770949857, -0.15630908567, 0.745110154706, -0.648365889827,  
978, 2939504.926480883, 88.8645462518709, 135.6935784290868, 95.50948823858609, 54.14766950438374, 0.448818583007, 0.835629980661, 0.316677146266, 0.37607470124, -0.498089273448, 0.781328928661, 0.810635367249, -0.231580679452, -0.537811017245,  
979, 3845147.251048928, 97.18698787274096, 109.63801003666218, 107.89760979944872, 77.5981554811575, 0.500981667502, -0.584701568131, 0.638076363025, 0.731426690108, 0.680158184587, 0.048988171401, -0.462636321341, 0.442163906447, 0.768413114159,  
980, 1075006.2628407988, 63.54881574021443, 125.96772038455757, 60.73971289164619, 33.54211010998298, 0.294355064448, 0.351852947238, -0.888568849079, 0.76012359579, -0.649755380656, -0.00548310425836, 0.579281637166, 0.673808169161, 0.458710514392,  
981, 3363562.799886071, 92.94734248791174, 106.83653939344806, 88.2088006197348, 85.20777056543571, 0.132645022135, -0.513459478345, 0.847799895141, -0.744745881629, -0.616051190781, -0.256582349615, -0.654032774331, 0.597361108908, 0.464112955719,  
982, 2932233.058045664, 88.79120681622322, 94.74965210576897, 92.24932050143478, 80.08830023800701, -0.927518953874, -0.315533388363, -0.200367839317, -0.0752733384407, -0.367397385488, 0.927012991094, 0.366118170437, -0.874904475909, -0.317016787112,  
983, 2552397.3491749903, 84.77866207870805, 105.02380515544873, 84.44035824227163, 68.71030227692552, -0.142069774531, 0.924900232725, -0.352669446748, 0.976623752826, 0.0729097791864, -0.202213277295, 0.161314055742, 0.373153753302, 0.913637812164,  
984, 1275764.7325436845, 67.28124114147413, 108.29514529717007, 68.23991510620878, 41.213027300844445, 0.754417708131, 0.530109067995, 0.387089521542, -0.384190814868, -0.121543088539, 0.915218386725, 0.532213621988, -0.839173196461, 0.111968776507,  
985, 3226569.9220996457, 91.66794395945598, 107.29424475887839, 89.83228849979511, 79.91781122722651, 0.000690679752043, 0.664417305834, 0.747361469886, -0.999232909982, -0.0288044097345, 0.0265310683643, -0.0391550069619, 0.746806500834, -0.663887743328,  
986, 3222666.4358747066, 91.63096258705254, 118.96623339530436, 86.93353925988689, 74.39019103255495, 0.918451687147, 0.339075343551, -0.203652669446, 0.227677366636, -0.87424427246, -0.428788956006, 0.323433942403, -0.347454836586, 0.88015090833,  
987, 1018724.6123737829, 62.41985131632627, 116.51632923571914, 58.77900099110878, 35.5106968616774, 0.0761191481846, -0.983761643322, -0.162538931974, -0.934831267421, -0.0137078605676, -0.354827558134, -0.34683768067, -0.17895564726, 0.920694574537,  
988, 2018962.9435877274, 78.40550917631418, 98.56371174179732, 80.03884158931449, 61.09728253378791, 0.211787612801, 0.568876990763, 0.794685457552, -0.537935095784, -0.611017933197, 0.580760637471, 0.815948429613, -0.550487106745, 0.176612869065,  
989, 3019155.984884614, 89.66005082539174, 119.79573517167626, 91.58774443237435, 65.69286783048088, -0.0457847750338, -0.297901182891, 0.953498106766, 0.97536888588, -0.219505550696, -0.0217451068244, 0.215776020058, 0.929016791261, 0.300613557116,  
990, 888053.6305269881, 59.627993428249106, 106.72446089825529, 50.597652684769635, 39.260537898488224, -0.371138882806, -0.903685099924, 0.213563034829, 0.291536538194, 0.104961015738, 0.95078369363, -0.881624850244, 0.415134225704, 0.22450211153,  
991, 3488593.458215671, 94.08504224682181, 109.59661894800192, 92.40536791170584, 82.2370259347339, -0.843547213243, 0.312428675384, -0.436825390549, 0.512613994347, 0.225815294247, -0.828392627734, 0.16017175728, 0.922711100877, 0.350641173407,  
992, 2260239.491402291, 81.4120360955931, 141.44931375041685, 70.21007871762377, 54.33323262320739, -0.358843004045, 0.932287543029, 0.0455152234005, 0.288798011589, 0.0645255926728, 0.9552131471, 0.887596421213, 0.355916261224, -0.292397346168,  
993, 2894868.61616759, 88.41244811824905, 102.15508149519921, 91.67550097000942, 73.79500767345029, -0.0538574395252, -0.338270348236, 0.939506544795, -0.936229155983, -0.310075367551, -0.165312534087, 0.347238165667, -0.888496729281, -0.299998697267,  
994, 3314755.111399911, 92.49557287514493, 102.2809453234861, 90.85382027641316, 85.15789405744692, 0.264653976313, -0.786210103605, -0.558419148858, -0.913588431773, -0.0190252655144, -0.406194801299, -0.308730384237, -0.617666343799, 0.723307567766,  
995, 2281144.9502672656, 81.66226555418434, 135.9653483515695, 65.14537978319247, 61.48262665958758, 0.25456074402, -0.542709055628, -0.800415959701, -0.600979448639, -0.737229443354, 0.308733623315, -0.757642745572, 0.402442081288, -0.513826664636,  
996, 2317899.900675496, 82.09852524507174, 99.4148598462683, 90.12982038253817, 61.75700945706588, -0.647550734254, -0.207656719319, 0.733182605828, -0.724263257824, 0.466833725272, -0.507453452362, -0.236898248059, -0.859619078354, -0.452696653617,  
997, 3219263.1592409494, 91.59869579197023, 121.38437803654948, 105.22581874748948, 60.17038070375011, -0.442126246038, -0.323959360492, 0.836405831707, 0.726006325903, 0.418345647411, 0.545803750482, -0.526724973125, 0.848550088116, 0.0502349544167,  
998, 2418707.24243785, 83.2718535834769, 114.56976326887084, 81.52525186316078, 61.82050249598667, -0.245510650856, 0.311556604808, 0.917963508162, 0.11487965972, -0.93092212279, 0.346679484659, 0.962562820858, 0.19056884137, 0.192759779518,  
999, 3250149.8876533643, 91.8907071171253, 106.67247450840341, 96.87582427751661, 75.08393069351153, 0.866547028483, 0.427426305191, -0.25768779765, -0.435431239216, 0.899780044989, 0.0282047257534, -0.243917779881, -0.0877645957709, -0.965816490016,  
1000, 1931790.2808764956, 77.26043027697311, 126.79965270932662, 84.21574990078662, 43.187690778573916, -0.142311632503, 0.718161085206, 0.681169622745, -0.741146345784, -0.533457229049, 0.407584934592, 0.656086498402, -0.446842299332, 0.608179633121,  
1001, 3287315.334707069, 92.23963705951667, 103.80615549288537, 100.87094111353812, 74.94860891498627, 0.0175978696247, 0.896984584098, 0.441711411303, 0.980506259894, -0.101951013846, 0.16796864316, 0.195698209736, 0.430144913565, -0.881293120386,  
1002, 3346454.7894655676, 92.78948926169234, 99.21495324414514, 92.64337632664588, 86.91702372225376, 0.446303705816, -0.808845275446, 0.382860709089, 0.357826707932, 0.553443751323, 0.752103756946, -0.820227437523, -0.198668906753, 0.536430439315,  
1003, 3731493.7709623226, 96.21985628351285, 110.31938882035857, 92.52291396461779, 87.2756239453976, -0.850060762404, 0.353050392537, 0.390835157772, 0.521802571662, 0.463732483085, 0.716012751519, -0.0715456247949, -0.812593135869, 0.578423390875,  
1004, 2977362.2349280417, 89.24440985718059, 113.96472217025239, 81.55261203331075, 76.47768874369866, 0.606445065481, 0.541943544145, 0.581826071532, 0.474999063581, -0.833747281998, 0.281498418039, 0.637652156078, 0.105653512584, -0.763044601008,  
1005, 1910856.5470672077, 76.98034003658361, 110.26153713327352, 75.73792500693571, 54.62633078262527, 0.641245650014, 0.62866829396, -0.43997749091, 0.617060581111, -0.0816504373057, 0.782668157859, -0.456114301001, 0.773375317848, 0.440284410541,  
