# Void_ID, Void_Volume, r = (a*b*c)**(1/3.0), a, b, c, vector_a, vector_b, vector_c 

0, 1996064.6891163376, 78.1079670194081, 119.41480082467814, 86.29075880397896, 46.24486926489864, 0.677461205193, -0.731004028344, 0.081727755408, -0.518480473439, -0.395758923976, 0.757992660094, 0.521751199444, 0.555884866351, 0.647122632304,  
3, 1093863.2312774763, 63.918239547267405, 112.95879994365247, 58.006252344833975, 39.85469937918465, 0.08534387324, -0.657212101148, 0.748858249207, -0.878329660823, 0.305203142599, 0.367951149837, 0.470375839323, 0.68914678832, 0.551201663576,  
5, 713185.1003472912, 55.424853099485055, 116.57626781809822, 51.84763336030685, 28.169203516780424, -0.881725780017, 0.455032198422, -0.12452046921, -0.135141620605, 0.00926288837885, 0.99078299404, 0.451991583144, 0.890426806256, 0.0533264612411,  
6, 326304.11302309786, 42.708204433551586, 93.78107788582999, 53.368689364291065, 15.564392750662286, 0.430098346448, 0.836708531799, -0.339019535126, 0.726422269502, -0.543718994082, -0.4203336078, 0.536028076461, 0.0654865504405, 0.841656350868,  
9, 1845966.1633577868, 76.09889938036012, 144.33347921480396, 69.20446967572697, 44.11983720607555, 0.96466862571, 0.249644075419, -0.084215664691, 0.174558390758, -0.845027204734, -0.50542891832, 0.197341862733, -0.472870869125, 0.858748700346,  
12, 1354657.5592805732, 68.64047894270323, 145.93712605846446, 81.30630799232229, 27.255294890210646, -0.377367166783, 0.780789139203, -0.497958172477, 0.894846807308, 0.44587959314, 0.0209899945715, -0.238418147138, 0.437675346032, 0.866946987186,  
18, 253095.10886918163, 39.240245369261984, 94.48870055738519, 57.29713105193565, 11.160467570301721, 0.655995014871, 0.662188964408, -0.362182710633, 0.490967692242, -0.00991752370134, 0.871121327886, 0.573254974369, -0.74927125805, -0.331619233792,  
20, 586239.4157075422, 51.91929681517869, 123.27769083828909, 42.2109427479142, 26.895329096466728, 0.73415315179, -0.675685401357, 0.0668460029477, -0.427715851888, -0.383761211734, 0.818404840169, -0.527331299811, -0.629425587946, -0.570740860179,  
21, 2944407.9164032275, 88.91392644396666, 130.44223015367447, 98.10664258269071, 54.92786752482474, -0.208442211316, -0.967055709955, -0.146133837233, 0.112331758281, -0.172098811891, 0.978653960819, 0.971562360645, -0.187577324826, -0.144503725171,  
24, 1709592.8581270378, 74.1767888415807, 138.69745480711003, 85.01629152614683, 34.61253733733523, 0.715006086526, -0.0564894123554, -0.696832291533, -0.554631329333, 0.560968327671, -0.614571902931, -0.425617650895, -0.825907671378, -0.369764970765,  
25, 713287.1480040249, 55.42749650236245, 108.94468587457969, 65.53925894992125, 23.848892289982107, -0.638616914058, -0.707718442952, -0.302163933295, -0.753343461546, 0.494874021235, 0.433097370176, 0.156977915726, -0.504216529491, 0.849189981902,  
26, 694419.0189037705, 54.93439330428315, 120.51460169693644, 45.54985891548662, 30.19995471215972, -0.713988956661, -0.207335051971, -0.668754025027, -0.678833161266, -0.028939585206, 0.733722045174, 0.171479762458, -0.977841846431, 0.120083364523,  
28, 2671816.9859870737, 86.08074805230885, 114.9210679794767, 90.50441219883358, 61.32657234239756, -0.599350264545, -0.730427819559, -0.327497268392, 0.123027725999, -0.488314650524, 0.863951955099, -0.790976256929, 0.477518588642, 0.382534388619,  
30, 2893638.0540495217, 88.39991877254089, 114.55276379572433, 82.78174825081918, 72.8476308352139, 0.784648958365, 0.233942799174, -0.574105198418, 0.466554600822, -0.832652141591, 0.298357529746, 0.408231327298, 0.501957346614, 0.762486724863,  
31, 1035317.1379915617, 62.756916663749095, 119.75916623070971, 52.45022798079404, 39.34854244597132, 0.377617859608, 0.283803745639, 0.881396724561, 0.774097654305, -0.619086380718, -0.132305989318, -0.508111772846, -0.732248241494, 0.453469887781,  
38, 1340179.353105508, 68.39506571956261, 121.60850049476609, 77.79734490659, 33.817819724958575, -0.305651634739, -0.176354420781, -0.935668849782, -0.924383388727, -0.180599993058, 0.336004454067, 0.228237658652, -0.967617052753, 0.107818413986,  
39, 1486290.628423645, 70.79540056630128, 122.87825753748925, 110.30568168039207, 26.17834596942516, 0.277605308675, 0.371814998355, 0.88582667582, -0.312272432257, 0.90692109672, -0.282807447525, -0.908526950975, -0.198110401851, 0.367873684885,  
43, 316102.80459046963, 42.258419164360745, 101.64166364152013, 49.0553410211764, 15.134973879520746, -0.374096022339, -0.556223656541, 0.742069679999, -0.185524003188, 0.828880910084, 0.527766313001, -0.908643500121, 0.0597635407405, -0.413273890885,  
47, 2892686.96666633, 88.39023255067929, 122.05105184628026, 90.72656866798438, 62.36440985799336, 0.755056454334, -0.0084427995092, -0.655605422419, 0.271293696678, -0.906282051706, 0.324118146513, -0.596899891868, -0.422589117102, -0.682003634298,  
48, 1791759.3945200979, 75.34660589884722, 104.21567105641249, 86.18945930943018, 47.62159040434382, 0.28951854256, -0.884260601401, 0.36641807041, -0.511372001152, 0.180707582035, 0.840144895975, -0.809121554497, -0.430613467746, -0.399867917498,  
49, 425184.50044648466, 46.647632296119355, 103.10656646575666, 58.35911730196622, 16.86917237473353, -0.563750202044, -0.0915541415827, -0.820855376333, -0.789134293371, -0.233687921971, 0.56802906805, 0.243829400854, -0.967991629243, -0.0594931004037,  
54, 1532371.3253285438, 71.51960970388117, 123.32869310494598, 75.18695968405267, 39.45197545008664, -0.138781241794, 0.855605146666, -0.498677851849, 0.515583823002, 0.492348937753, 0.701260183493, 0.845525332787, -0.159788474217, -0.509464969476,  
56, 726526.948100909, 55.7683385406936, 134.04856217840634, 53.50902172959497, 24.18098274611458, -0.218738761591, 0.904880207233, 0.365164572125, 0.964766490422, 0.144478619634, 0.219889852942, -0.146215502379, -0.400396976795, 0.90460117612,  
61, 2023203.92700258, 78.46036966977591, 115.86145321817311, 79.48092782722597, 52.45044175531092, -0.67176900373, -0.240962894648, 0.700473617655, -0.709343215919, 0.481724056859, -0.514562080874, 0.213444624336, 0.84254306504, 0.494532684356,  
62, 1560446.1157397483, 71.95374273656999, 120.15425390901629, 115.90620574881325, 26.749417361430194, -0.210590993487, 0.707212877941, 0.674908422482, -0.158899637254, 0.656445976877, -0.737448021709, -0.964573656463, -0.262542615049, -0.0258657406748,  
63, 1648052.4231367244, 73.27583976096537, 120.9005967672759, 80.5138450796136, 40.418798613104876, -0.202754530532, -0.918485501853, -0.339521697739, -0.818542838943, 0.349277504836, -0.456062326257, 0.537473926032, 0.185444351496, -0.822637326733,  
65, 1277008.7965074605, 67.30310383885734, 118.42963095288604, 60.551863871075234, 42.512572710668174, -0.379897396399, -0.765313816012, -0.519589002222, -0.915734230175, 0.390571900505, 0.0942571494487, -0.130800565348, -0.511613480624, 0.849201306257,  
66, 1592965.1872443818, 72.45013935699552, 96.10028440477923, 83.59058109776788, 47.34080714427693, -0.76484494501, 0.174803805227, -0.620045030438, 0.625237078677, -0.030470631696, -0.779839814354, 0.155212130774, 0.984131683405, 0.0859885118979,  
67, 1860922.4350620515, 76.30386806072134, 106.49114809574843, 84.00395130927593, 49.66225535250461, -0.401055013828, 0.819736184615, 0.408885636232, 0.900903136109, 0.272106214197, 0.338129779143, -0.165916892545, -0.503974995241, 0.847632460999,  
70, 2264561.2953981473, 81.46389237700325, 124.9964626155103, 91.00183869290393, 47.52778568073571, 0.489053388884, 0.581665786591, -0.649993611916, -0.367173285863, 0.813231772651, 0.451484066275, 0.791208291773, 0.0178604776381, 0.611285892499,  
71, 1724880.8938332994, 74.3972416759007, 132.83756142695668, 76.22285445521176, 40.669084801598295, -0.322566197213, 0.889818106027, 0.322761191287, 0.945982362382, 0.29127799854, 0.142388544586, -0.0326866712592, -0.351256125573, 0.935708670351,  
72, 805907.4747451284, 57.72964118564897, 96.35447306607311, 82.30431938753138, 24.26062952525794, 0.409612351179, -0.647890107375, 0.642227475687, 0.780837318777, 0.613021091297, 0.120408567928, -0.471710508011, 0.452154343549, 0.756997784833,  
73, 1969915.9321215262, 77.76539120981487, 104.44375326640076, 89.95359562814522, 50.05622401529407, -0.661805400436, 0.489566559462, -0.567748356062, 0.667990725597, 0.728862319778, -0.150160278785, -0.340296932797, 0.478627519753, 0.809390940686,  
76, 636936.2810850136, 53.37474250022098, 80.23766945227464, 65.77202268626606, 28.812959894529424, -0.967234891387, -0.242411038935, 0.0754556365389, -0.146306681751, 0.775100440561, 0.61466548782, 0.207487396624, -0.58348624255, 0.785170545167,  
78, 722806.4820380163, 55.67298103625015, 133.25951289085458, 63.92192850265989, 20.257476270224764, 0.819611948112, 0.532065296486, 0.212468291251, 0.456133595551, -0.381609585103, -0.80393797495, 0.346667560527, -0.755831095439, 0.555464632219,  
86, 1079222.262520327, 63.63178341169744, 85.04604899799597, 69.26852830627824, 43.7353073904519, -0.863632429147, -0.286819928073, 0.414576116276, 0.160356387787, 0.623360910491, 0.765314970563, 0.47793813012, -0.727430755559, 0.492361289751,  
87, 228489.29259628916, 37.925013838565064, 80.98099803771338, 41.14596314656181, 16.370686287318165, 0.0118757503249, 0.489235097874, 0.872071089741, -0.991714681279, 0.117325019561, -0.052314727568, 0.127909958525, 0.864224426173, -0.486574951798,  
89, 407441.84199620615, 45.98953365599717, 98.85313200024801, 41.178197833674695, 23.895671963959167, 0.850887951748, -0.373943595307, -0.368993063754, -0.377051670576, -0.923786696929, 0.0667096416833, 0.365816526807, -0.0823670207456, 0.927035027714,  
91, 1563973.7854881978, 72.00792339756033, 103.37674778023333, 85.46299020824237, 42.26101377488729, -0.707050899706, 0.296008838875, 0.642228769625, 0.701905033433, 0.183223573673, 0.688301130387, -0.0860717681158, -0.937447539523, 0.33731848656,  
93, 873961.4143373667, 59.31090486902003, 102.73221750633259, 79.37791663946015, 25.58569925734453, -0.732968401457, 0.0337028071064, 0.679427290634, 0.674661748991, -0.0918870153291, 0.732385349978, -0.0871139880473, -0.995198923435, -0.0446122839522,  
95, 761903.1155666023, 56.65919241474381, 106.44946001210496, 65.60285750942636, 26.046232971580437, -0.50544544608, -0.286115046234, -0.814041203721, -0.82991883696, -0.0969803129808, 0.549390155493, 0.236134760455, -0.953274881245, 0.188434008852,  
96, 3222646.652332463, 91.63077508303324, 132.1960482965269, 109.9801021830281, 52.91654595991873, -0.594509155221, -0.802569420269, -0.0494084001641, -0.802998657454, 0.595779865088, -0.0154760615946, -0.041857143766, -0.030474218694, 0.998658751281,  
97, 1845216.7872205381, 76.0886004523758, 126.4346043450528, 84.56740577093336, 41.19929891169756, -0.211414426948, 0.729577294655, -0.650400577492, 0.957112742277, 0.289400160207, 0.0135183521159, -0.19808871409, 0.619648705636, 0.759471094219,  
99, 3064823.2271135673, 90.10985143785948, 123.14929756338319, 82.502556473029, 72.01408980871987, -0.852686975026, -0.406737180793, -0.327856353274, -0.522050293735, 0.687070565349, 0.505368706038, -0.0197082072423, -0.602078818754, 0.798193386703,  
100, 1477138.668793817, 70.64979174419612, 126.90783944415402, 76.57164820456711, 36.28910122770104, -0.156956196577, -0.672352152431, 0.723399844815, -0.592848127341, -0.52168097419, -0.613498214404, 0.789870780739, -0.525158589656, -0.316721652947,  
101, 708397.2294379347, 55.300545444718665, 119.74926065310672, 53.01177015311641, 26.640544539257753, 0.192612261832, 0.919857936723, -0.341704393943, -0.568531778892, 0.388434338166, 0.725182998507, 0.799795056863, 0.0545906693595, 0.59778568554,  
102, 1417313.4746248664, 69.68282819266348, 126.74101735372595, 97.08931646333346, 27.497212777286926, -0.135479426663, 0.941315997682, 0.309143198952, 0.947378758686, 0.0317392288417, 0.318537452968, 0.290032433603, 0.336030971579, -0.896082793942,  
104, 1553931.0490675045, 71.85346428527085, 119.1553452658605, 61.96788331423482, 50.24154010738424, -0.964379810537, -0.207091748593, -0.164573961164, -0.256216258701, 0.885976558543, 0.386521366148, -0.065763286154, -0.414919926463, 0.907478178701,  
105, 814655.8127010335, 57.9377800133664, 134.51317816184874, 61.01365169994538, 23.697018022334817, 0.243811888886, -0.897091571776, 0.368486736105, 0.423596093124, 0.440299212704, 0.79164572454, -0.872423127116, -0.0369230976464, 0.487354667704,  
112, 427526.40541495517, 46.733120173827494, 117.7845291612309, 54.611533899993596, 15.867251624452733, 0.698489324244, 0.671516409696, 0.247342627596, 0.520220327098, -0.713816302324, 0.468867889506, -0.491409681621, 0.198826552668, 0.847929552949,  
114, 242304.53047898473, 38.67446444210172, 128.0960466767352, 85.44683309517353, 5.284954191072074, -0.938699914746, 0.318978692095, -0.130748093846, 0.189151550954, 0.793651219333, 0.578220920429, 0.288208537047, 0.518044723976, -0.805335646258,  
115, 1174333.4306356846, 65.44868700204249, 133.66791628364226, 56.12786847297581, 37.367761938769966, -0.847311773538, -0.299960815852, 0.438276473675, -0.518048469444, 0.648596292926, -0.557627682338, 0.116998041567, 0.699532956877, 0.704957516814,  
116, 752788.1529230932, 56.432339552317266, 102.60126140919246, 68.86800340666724, 25.433959417578993, 0.567674818878, -0.808063268424, -0.157413640561, -0.541920441215, -0.510726453896, 0.667443424332, -0.619731825393, -0.293585155473, -0.727832550166,  
118, 725877.9872611841, 55.7517288108417, 73.28368302624683, 50.32181472568941, 46.99064811192307, -0.584176370843, -0.134059481556, -0.800478621297, -0.732371830438, 0.512151226058, 0.448701040369, -0.349813478485, -0.848368538462, 0.397368032456,  
123, 1263819.6920947293, 67.0705966175407, 108.44437341347088, 82.00506633089628, 33.92726107060002, -0.389449591728, -0.344152480663, -0.854334879047, -0.427733570024, 0.889057794239, -0.163157076393, -0.815703995685, -0.301886251022, 0.493448764176,  
124, 935315.6456414884, 60.6675602264056, 119.94892770018839, 70.82663222434142, 26.283102465781976, 0.915064855757, 0.281712796911, 0.288607362718, 0.286502876491, 0.0495875397744, -0.956795264234, 0.283852799036, -0.958216560051, 0.0353357117283,  
125, 3477624.7812371193, 93.98633275071172, 97.7432194015424, 96.6095917830519, 87.91990824334692, 0.930857725083, -0.117281910526, 0.346047466567, -0.0139691733127, 0.934968747097, 0.354454939519, 0.365114718754, 0.33478111568, -0.868684549611,  
126, 3611128.8880111733, 95.17395713131806, 102.31373894037986, 92.83434876382849, 90.76360336067368, -0.701219421569, -0.366786895543, -0.611358075168, -0.703452720097, 0.495418269727, 0.509622417686, -0.115955135301, -0.787418637879, 0.605414151898,  
127, 3546375.312874962, 94.60164651897615, 101.0926973657185, 93.93585408666586, 89.15483749773863, -0.0963358442246, 0.96492887652, -0.244195963063, 0.883778877513, 0.195783129914, 0.424975130687, 0.457880225364, -0.17487489614, -0.871644692476,  
128, 3901423.760518424, 97.65882734082285, 111.42325630537972, 94.70387998156048, 88.26548189487846, 0.62035869511, -0.623542401072, -0.47576250742, -0.554705745184, 0.0800338280844, -0.828188458397, -0.554487714617, -0.777682107566, 0.296232871085,  
129, 3715256.317363347, 96.0800876695219, 110.84455337377454, 94.74345493307484, 84.45718390517538, 0.487979069835, 0.454135153565, 0.745411087723, 0.754875324913, 0.209180595992, -0.621616217692, 0.438223312069, -0.866028140742, 0.240739668942,  
130, 3752067.7854730575, 96.39637196703254, 107.01213084262146, 92.46930619158645, 90.52144031827133, 0.200325596115, -0.934683931199, -0.293658993223, -0.72509422257, 0.0601282486101, -0.686019651405, -0.658868745606, -0.350357735006, 0.665688691195,  
131, 3871445.692175561, 97.4080510554207, 120.62804536030968, 93.75032377540728, 81.72661195218431, 0.43005936149, 0.791198593479, -0.434803094827, 0.379370300294, 0.278652557119, 0.882287327159, 0.81922348651, -0.544387305222, -0.180320107208,  
132, 3731281.4743805933, 96.21803149740504, 111.85465133760601, 95.43343340247556, 83.44778346768176, -0.987990518234, 0.115892621423, 0.102194110298, 0.0883622008702, -0.118790080232, 0.988979796708, 0.126755107737, 0.986132758374, 0.107122945836,  
133, 2754613.0684611658, 86.96089444460691, 104.03315590259524, 91.58529798050247, 69.01992105662637, 0.562391442674, -0.24104544397, 0.790956989443, -0.768022287538, 0.202137406422, 0.607685967232, -0.306361928202, -0.94922998418, -0.0714479256625,  
134, 3607241.5928294538, 95.13979402883601, 105.36712385308866, 92.27297447254352, 88.57414616214885, 0.161594935878, -0.965103469806, 0.206063993137, -0.713615268084, -0.258505348194, -0.651097714719, -0.681645307954, 0.0418363182441, 0.7304857265,  
135, 3476445.6233352213, 93.97570890426073, 100.90022195057563, 94.56830935034799, 86.97793346809455, -0.399151613273, 0.909635398732, 0.115071416936, -0.807598940953, -0.289373525856, -0.513854953372, -0.434122033757, -0.298037588078, 0.850124494353,  
136, 3870101.5337991896, 97.39677645550968, 103.67351445529954, 96.0312005724037, 92.80119535489155, -0.726159854099, -0.43024461398, -0.536266201094, 0.0823631071627, -0.828815051235, 0.553427438264, -0.682574673477, 0.357708237236, 0.637288499928,  
137, 3319162.7689969414, 92.53655209600662, 101.0437571400337, 89.88208805890525, 87.2483659088226, -0.0380889151308, 0.200665904859, -0.978919010527, -0.123410591883, 0.971185748086, 0.203882487049, 0.991624455303, 0.128574637241, -0.0122271134457,  
138, 3667431.2268146533, 95.66603836789274, 122.34322556472316, 98.78163471942288, 72.44647079877583, -0.779282900538, 0.592512524798, 0.204076135025, 0.60219929626, 0.617913182739, 0.505508957567, -0.173419054641, -0.516828991597, 0.838339802784,  
139, 3091841.5337704555, 90.37386842895368, 99.3843905133618, 89.04486645937679, 83.40681779846987, -0.857710856969, -0.448161559802, -0.251958929499, -0.511375197279, 0.692959215511, 0.508235116109, 0.0531741802554, -0.564764324258, 0.823537348637,  
140, 3863865.23717148, 97.34443314887002, 101.88667961593745, 99.46394957909554, 91.02281274873236, 0.0127948535994, -0.123820365541, 0.992222156978, -0.977183291257, -0.211945861155, -0.0138480044565, 0.212012044492, -0.969405729824, -0.123707008589,  
141, 3198900.6462004287, 91.4051601935912, 103.15330490567001, 93.68572032755485, 79.023378868216, -0.297025555236, -0.138180573014, -0.944818473982, 0.0280919240029, -0.990310145404, 0.136002425405, 0.954456213423, -0.0138544271518, -0.298029178951,  
142, 3415219.7980882293, 93.420750101367, 102.50276229090785, 97.5149061266526, 81.56868744997084, -0.113060587615, 0.493510955213, 0.862359693291, 0.762086524372, -0.513824293896, 0.393965384739, 0.637527593834, 0.701734659317, -0.318004771999,  
143, 3295180.6936658463, 92.31314385068514, 98.4851163349028, 93.12559421177669, 85.77307223505457, -0.713129960899, 0.467483054021, 0.522403343281, -0.291375072262, -0.875431448044, 0.385642771279, -0.63760977575, -0.122798102505, -0.76050930296,  
144, 3247210.3126687105, 91.86299546174811, 127.01056323056457, 113.61639831736665, 53.720611611714986, 0.0375949556205, -0.605821595638, 0.794711780189, -0.727450957482, -0.561842474996, -0.3938884839, 0.685128983309, -0.563305625349, -0.461827942723,  
145, 3402972.8022900475, 93.3089472556977, 100.82619867115399, 95.81489377079535, 84.09369831600578, 0.746169968683, 0.495034404448, 0.445164369922, -0.260233585208, -0.398587872126, 0.879435153564, -0.612787776449, 0.772054820985, 0.16858972219,  
146, 3669284.003281129, 95.6821457314736, 104.15941341961742, 94.60463790096463, 88.89590691569936, -0.00821989765011, 0.119565980449, 0.992792228818, -0.922368981012, -0.384371288603, 0.0386545646157, 0.386222599223, -0.915403019886, 0.113443444203,  
147, 3540168.675723657, 94.54642572677179, 97.8126323808708, 93.65291687656622, 92.26119818167837, -0.724652242985, -0.471824095873, -0.502256059486, -0.662508489935, 0.276431660671, 0.696181038052, 0.189635512237, -0.837238054278, 0.512904292209,  
148, 3337707.7331084176, 92.70857347372795, 96.4471802305396, 92.97767351025429, 88.85696709622808, 0.620738282138, 0.14304743618, -0.77085758483, 0.221820421881, 0.91099801913, 0.347675580934, -0.751983833287, 0.386807497528, -0.533760502784,  
149, 3145473.108158559, 90.89342231398894, 97.54758742337128, 93.17940440041161, 82.6153799251308, 0.703141155426, 0.153523805635, 0.694278731238, -0.600737053776, -0.394107449128, 0.695553240782, -0.380404400298, 0.906151068887, 0.18488572846,  
150, 3482577.3882166035, 94.03092799449225, 107.51443577238622, 91.0610972655702, 84.92049310833238, -0.988788240276, 0.0710525342049, 0.131336793301, 0.0238036153411, -0.793291971413, 0.608375900236, 0.147415073138, 0.604681226329, 0.782706465245,  
151, 3493621.5852710526, 94.13022229371688, 101.25123195732775, 98.76211716907343, 83.4058562893202, -0.73826812261, -0.408948359597, -0.536396698648, -0.662459163199, 0.589246041551, 0.462533198386, -0.126917438641, -0.696814424147, 0.705933156942,  
152, 3488730.4095110577, 94.08627339245506, 100.2788687005956, 97.18094333374086, 85.46499375658384, 0.0486346414006, 0.346317301255, 0.936855911284, 0.878400011298, -0.461309656194, 0.124927263852, 0.475445151208, 0.816858450378, -0.326640751039,  
153, 3813668.3012314006, 96.92104824314858, 104.3547086230378, 99.40375034881156, 87.76866406558518, 0.81743382402, 0.0598760102195, -0.572902091764, 0.530076359111, 0.311052550194, 0.788837983701, -0.225435127828, 0.948504704479, -0.222526018081,  
154, 3641309.775289675, 95.43836835886563, 113.47110903095002, 94.29994739124892, 81.24044015664015, -0.567711768067, -0.518944029832, 0.639062158401, -0.810123559015, 0.214219631627, -0.54571949622, -0.146298214367, 0.827530690263, 0.542023790203,  
155, 3458957.592531979, 93.81786439354897, 99.220487661247, 91.36296450541771, 91.09301740108978, -0.971454376946, 0.0924384728196, 0.218475450006, 0.236947712796, 0.42272790335, 0.874732474034, 0.0114967348889, -0.901529948738, 0.432563956675,  
156, 3539042.5628815736, 94.53639972282042, 99.58028448133996, 94.97032132343526, 89.33793431770414, 0.362031560934, -0.111922151007, 0.925422379782, 0.0269319752768, 0.99360725031, 0.109632571978, 0.931776699427, 0.0147669985097, -0.362731468389,  
157, 3347688.1397795724, 92.80088718341717, 99.77207188237983, 94.63862683312958, 84.64064480158531, -0.400974808211, 0.819492148139, 0.409453077065, 0.915942456184, 0.36663310881, 0.163185723898, 0.0163896351337, -0.440468821442, 0.897618291479,  
158, 3330783.1572059356, 92.64441646635471, 95.78520962737888, 93.27718842197469, 88.99873822993469, -0.507338794812, -0.260834722058, 0.821323684699, -0.857869889968, 0.243175254893, -0.452686477922, 0.0816492447285, 0.934254271158, 0.347134495057,  
159, 3608162.7166809323, 95.14789145110399, 118.66201350882541, 96.3626678760814, 75.331562702541, 0.0078857598622, 0.00299787591471, 0.999964413132, -0.940975664835, -0.338369101746, 0.00843499688458, 0.338382347323, -0.941008694818, 0.000152630800781,  
160, 4054220.009775955, 98.91744750330892, 105.73564943270239, 99.8617429169116, 91.66385644306784, -0.315354645941, 0.617691630116, 0.720422443687, -0.778512283548, 0.265715001201, -0.568607212847, -0.542650966689, -0.740170648041, 0.397086061365,  
161, 3119799.3229423678, 90.64545154620822, 97.99967303310294, 90.00948603615072, 84.43551208431153, -0.126113387945, 0.633607611591, 0.763306496707, 0.816240082184, -0.371014729291, 0.442832021069, 0.563779692448, 0.678888404071, -0.47038600447,  
162, 3668062.0964901196, 95.67152352799135, 99.83794747350704, 96.81395248477827, 90.59713733241672, -0.622117981771, 0.519713165959, -0.585548838173, -0.464968155554, 0.356465331083, 0.81039316511, -0.629899857976, -0.776421723591, -0.0198865798484,  
163, 3562354.812429965, 94.7435211575863, 109.9017356652101, 89.47802030309423, 86.48238258788761, 0.56494821891, -0.658748464001, 0.496874200504, 0.495126303443, 0.752363057531, 0.434510958781, -0.660063219388, 0.000539293910883, 0.751209861206,  
164, 4455444.622844348, 102.07846880889879, 109.17951762157189, 105.32077815270661, 92.50116670833543, -0.628165957201, 0.655363558035, -0.419411655791, 0.521667484378, 0.754670457604, 0.397913980859, -0.577295908488, -0.0311625932745, 0.815940149045,  
165, 2772161.0611488004, 87.1451623294837, 110.31419738868026, 83.56104015938925, 71.79506660117204, -0.348428258622, -0.534015979743, 0.770340627238, -0.0640454976364, 0.833483571842, 0.548819924659, -0.935144867294, 0.141887521825, -0.324610548695,  
166, 3762260.9848103877, 96.48358600800435, 103.12304878826103, 97.44516459652796, 89.38080706513531, 0.0929867009249, -0.425073005664, 0.900370153496, 0.635996638832, -0.670403859164, -0.382187049772, 0.766069023552, 0.608170704223, 0.208006359709,  
167, 3274606.9787191073, 92.12062120390341, 97.86433423264307, 90.75873276651427, 88.01520491589308, 0.73452839927, -0.163389873846, -0.6586135284, -0.52476855762, -0.752117483951, -0.398669350801, 0.430216214942, -0.638453631409, 0.638193519978,  
168, 3734523.600101299, 96.24589150998825, 107.45774670121733, 96.57419912824089, 85.91079820687904, -0.834412496453, -0.525618040394, -0.165775334038, -0.540545575435, 0.721780920793, 0.432253147192, 0.107546578934, -0.450286550979, 0.886383526115,  
169, 3734307.1721084374, 96.24403221816961, 104.26160356168322, 102.7312671129966, 83.23277693276451, -0.415599361162, 0.672731333068, 0.612135380868, -0.294656089746, -0.736298017528, 0.609133005312, -0.860496926071, -0.0727858701483, -0.504229369761,  
170, 3243359.200675502, 91.82666534063516, 108.3740388147742, 92.54678917296722, 77.20044885384667, -0.884907814898, -0.0325644311887, 0.464626427309, 0.0423757060081, 0.987786817885, 0.149938327168, -0.463834516474, 0.152370470351, -0.872720333837,  
171, 3316636.0713991234, 92.5130651250761, 108.87125423848018, 91.9798052894684, 79.06849972138934, 0.303601195799, 0.95250526627, -0.0236649875767, 0.555224659386, -0.156678491914, 0.816809297071, 0.774307362433, -0.261123663997, -0.576422189529,  
172, 2818499.6997400387, 87.62804606169924, 115.22769588137128, 83.7175409149636, 69.75190012401744, 0.629022390041, -0.289964796034, 0.721284444507, -0.469398935554, 0.597926259199, 0.64972981143, -0.619673681971, -0.74726474935, 0.239999838023,  
173, 2080473.0195825712, 79.19379582910511, 110.86243963775387, 90.22565006142806, 49.65454738720481, 0.336958408445, -0.738400889167, -0.584143097071, -0.88142204667, -0.465506377602, 0.0799936751006, -0.330989737941, 0.487922062721, -0.80769911111,  
174, 2782731.197535247, 87.25578216158101, 142.16160438166233, 85.19903649225, 54.848612805855396, 0.252843329339, -0.396455226012, -0.882549434636, 0.526494974232, -0.708918886022, 0.469294209585, -0.811710103989, -0.583315752238, 0.0294862726303,  
175, 3481560.4057613825, 94.02177413100932, 97.40967195067869, 93.74683425445893, 91.01786282408753, 0.21353957021, -0.623438382217, 0.752147216663, -0.661989722828, -0.658538883022, -0.357905219881, 0.718450039199, -0.421486800655, -0.553333911891,  
176, 3773798.6233582846, 96.5821133515605, 105.16507765658572, 93.43418429651892, 91.68805649195781, -0.978816991205, 0.0438005793618, -0.199997017415, -0.00176069857813, 0.975010795265, 0.22215050992, 0.204729572041, 0.217796828179, -0.954280013396,  
177, 3511112.570431581, 94.28705002999793, 105.5252840210729, 92.3304374180105, 86.03095058703587, 0.814720319906, 0.579837540107, -0.00438490754592, -0.303083559258, 0.432280294162, 0.849278578198, 0.494339110772, -0.690595521533, 0.527926764996,  
178, 3642886.157680779, 95.45213864734671, 102.26594221398756, 95.24730373139937, 89.28392535237195, 0.191563443719, 0.918560796638, -0.345759323678, 0.359643890255, 0.262085991345, 0.895526217005, 0.913213950415, -0.29590031433, -0.280148683286,  
179, 3377536.056914667, 93.07587512022015, 101.76394735604744, 94.6824623498525, 83.68505314430035, -0.635393920847, 0.356303323453, -0.68507116933, -0.101322314298, 0.841041109076, 0.531397818465, -0.765511824844, -0.40705993974, 0.498290930565,  
180, 3470058.147465544, 93.91811793834509, 101.15573565736389, 93.88710636741952, 87.22714861546663, -0.100571722452, -0.520497834737, -0.847919414023, -0.994060575845, 0.0881849401811, 0.0637729399986, -0.0415800456199, -0.849297015395, 0.526275288653,  
181, 2607065.528034208, 85.37966490484575, 126.3758523035901, 91.33614086384974, 53.92083171808132, 0.420192693635, 0.713014320047, -0.561291973596, 0.192896343276, 0.534226829926, 0.823038695893, 0.886695607842, -0.45410601581, 0.0869403556387,  
182, 3090583.8506297255, 90.36161283041612, 102.87805974782759, 96.64288380828928, 74.20946077381794, -0.558317560795, -0.298389035159, 0.774109478694, 0.772780050059, 0.152403006674, 0.616104145245, -0.301815333505, 0.942198125265, 0.145499818583,  
183, 3743320.628820689, 96.32140439290212, 104.15144461889636, 96.8992771111435, 88.54878020736037, -0.0194110467265, -0.971295885471, 0.237081239518, -0.858947241103, -0.105158677089, -0.50114996721, 0.511696050666, -0.213368122031, -0.832250681126,  
184, 3073248.5423066425, 90.19234768764575, 103.35885151562356, 91.07199709487342, 77.94289630093223, 0.190009326018, -0.067398928065, 0.979466099731, -0.105912752157, 0.990411571224, 0.0886984132698, 0.97605273677, 0.120591475991, -0.181049029165,  
185, 2618139.283928791, 85.5003802001042, 100.34606251154246, 88.90418319163682, 70.06185080138864, 0.692389647712, -0.560917257363, -0.453837422581, -0.0747008331875, -0.681346401678, 0.728139318017, 0.717646404062, 0.470254092288, 0.513658181501,  
186, 3452723.8913442786, 93.76147127550658, 100.6090513241482, 92.51056450147368, 88.56147796079324, 0.572896278372, -0.813678235359, -0.0985778044467, 0.275769900437, 0.0780965849236, 0.958045868128, -0.771842481495, -0.576045703678, 0.269129208809,  
187, 3838162.607829494, 97.12810604705044, 106.80731705618743, 94.40763138390346, 90.87128161615203, -0.797483484477, 0.020926826682, -0.602977744127, -0.174866691833, -0.964518954321, 0.19779996674, -0.577444137622, 0.263182930069, 0.772847341488,  
188, 3681414.2345096357, 95.78746781492053, 101.68971669027897, 98.24367662645474, 87.97199352677929, 0.716161410029, 0.523069215235, -0.462072971358, 0.402989427245, 0.230634213487, 0.885667759997, -0.569835376503, 0.820491593889, 0.0456200399254,  
189, 3365869.148423498, 92.9685818702967, 111.07867522094406, 95.16490318054736, 76.01531813634203, 0.0876108129144, -0.492228419812, 0.866045915751, -0.425663082665, -0.804519092202, -0.414197984471, 0.900630493331, -0.332355552101, -0.280008038225,  
190, 3575662.447763605, 94.86135010040128, 106.02521801797504, 92.53480527369179, 87.00688383768436, 0.669685852106, 0.606266762558, -0.428907300132, 0.557079615281, -0.792022687825, -0.249724576701, 0.491104023326, 0.0716984978091, 0.868145243427,  
191, 3258287.3752581305, 91.96733294677834, 100.31582646721675, 94.50611965699056, 82.04864043901419, -0.698776347673, -0.65617867339, -0.28485288224, -0.705971339603, 0.696826435327, 0.126638804039, -0.11539533609, -0.289590171825, 0.950169168512,  
192, 2743962.233233893, 86.84867027796733, 103.80078836951573, 88.80099303386875, 71.0675012696379, 0.581784744868, -0.363498516566, -0.727595587599, -0.0271548003525, -0.902756501761, 0.429293973107, 0.812889369753, 0.229998971699, 0.535080690701,  
193, 3559387.21985925, 94.71720539238312, 98.73120470865243, 94.14080968546402, 91.42274603764149, -0.157063970675, -0.965863838732, -0.206004743016, -0.796686780972, 0.247187225825, -0.551532998481, 0.583627520034, 0.0774952928793, -0.808315159725,  
194, 3365259.0451328764, 92.96296431530084, 98.8918496305709, 91.82819861231735, 88.46944977139655, 0.877074482585, -0.278159007908, -0.3916221627, -0.390651913832, -0.887456737557, -0.244564145337, 0.279520006828, -0.367488918588, 0.887029007698,  
195, 3113235.120227315, 90.58183282599032, 113.71184129503469, 92.5294561229502, 70.63787247320637, 0.118070875845, 0.0703313518321, 0.99051136754, -0.917730116548, -0.373233862487, 0.135896714727, 0.379250183201, -0.925067556907, 0.020477150675,  
196, 3602842.1276220595, 95.10110015140216, 99.50355274655996, 93.83230351219368, 92.12248775459896, 0.174766447549, 0.239702305028, -0.954986645862, -0.00186600316274, 0.969992589559, 0.243127321035, 0.984608148881, -0.0407084900979, 0.169969444285,  
197, 1888295.635640161, 76.67617854983438, 108.0255308499446, 68.69791726063046, 60.74512083527937, 0.401026666565, -0.139131527022, -0.905439137045, 0.462182499901, -0.822648557356, 0.331114312384, -0.790926639764, -0.551263792815, -0.265599851737,  
198, 3738226.0102258828, 96.27768709330346, 110.99993030798952, 94.7809727749007, 84.82679878631977, 0.937107244435, 0.0577011098308, 0.344239152846, -0.213697006173, 0.874639376229, 0.435131648014, -0.275977538905, -0.481327896007, 0.831961450155,  
199, 3068235.033495901, 90.14327624278359, 95.63677844474287, 91.40742081929862, 83.79027617823233, -0.776313794257, -0.551784301463, -0.304747399506, -0.164277853923, -0.289649635864, 0.942929411544, 0.608563619975, -0.782072357971, -0.13421306695,  
200, 3501298.2668121904, 94.1991172875758, 98.75075897293112, 95.99541574373012, 88.17583144309793, 0.407799273626, -0.243056672531, 0.880126812663, 0.888497146538, 0.327761004878, -0.321162800268, -0.210410486965, 0.912960118307, 0.349615859703,  
201, 2800091.6636679303, 87.43685867905482, 90.657812589834, 88.05169938292093, 83.74148557602219, 0.0239005454296, 0.974452731966, 0.223317346153, 0.451072469504, -0.209861757918, 0.867462777195, 0.892167243954, 0.0799994732972, -0.444564610701,  
202, 3233232.3853627075, 91.73099486098167, 102.42532613808076, 92.78405297783678, 81.2208660559168, 0.742573524101, -0.378095149158, 0.552836883256, -0.591830918195, 0.0160143614908, 0.805903036658, 0.313561358546, 0.925628218244, 0.211876558443,  
203, 3419056.3350443332, 93.45571886432943, 107.27753302456439, 94.53943899069313, 80.48146045112512, 0.483779813333, -0.428299195494, -0.763227941935, -0.831340174596, 0.0476875763551, -0.553714194476, -0.273551834785, -0.902377800148, 0.332992041174,  
204, 3831841.569572064, 97.07475692471237, 101.95948380068207, 98.24996272536505, 91.31853022576568, -0.589291999219, 0.669688536626, 0.451942699429, -0.411152769247, -0.730118676804, 0.545783948209, -0.695477059289, -0.13580862157, -0.705597391088,  
205, 2486228.5917837415, 84.03963336892144, 104.27923458553845, 85.44273529884683, 66.6161407746177, 0.728847764032, -0.607993340876, -0.314841284326, 0.197170349495, -0.253976576646, 0.946900074873, -0.655671251578, -0.752223368399, -0.0652320004935,  
206, 3929054.4540221384, 97.88883191285268, 112.70528936853701, 94.68110532022114, 87.90059622737381, -0.677045996685, 0.576887184279, 0.456957213519, 0.715415088065, 0.661540297461, 0.224823678923, 0.172597711865, -0.479130056926, 0.860607005787,  
207, 2735199.122103352, 86.756118449274, 115.79206288778816, 85.79995189096238, 65.72559155471438, -0.972160506456, 0.0342765143854, -0.231795319732, -0.127969220734, -0.906349833607, 0.402683321812, -0.196285068797, 0.42113548851, 0.885503852101,  
208, 3739155.5320541924, 96.28566635004218, 102.11549849781623, 95.77367721021002, 91.27400278380871, 0.76054537952, 0.275291158983, -0.588035291012, -0.363624706819, 0.930906737045, -0.0344923109457, 0.537910585768, 0.240057128012, 0.808099484599,  
209, 3158277.2464431883, 91.01658728904958, 102.39705249754522, 89.86208817993156, 81.94032463037175, -0.901198951453, -0.233178457259, -0.365333076753, 0.142765759865, -0.955604900799, 0.257754168499, -0.409216797932, 0.180130732077, 0.894480034239,  
210, 3733843.6956554744, 96.24005033824973, 102.59846816277413, 95.80831821492598, 90.68248882799584, 0.154956026642, 0.36228319158, 0.919097121585, 0.920931890322, -0.389720074691, -0.00164826329505, 0.357593460785, 0.846681257901, -0.39402761873,  
211, 3489908.9220003057, 94.09686648813621, 101.1376684961365, 91.63946199293085, 89.89385710699082, -0.392240514848, 0.698856734682, 0.598119254749, 0.913389212259, 0.372909270111, 0.16327529879, 0.108938172561, -0.610358862191, 0.784598326473,  
212, 3152076.177441717, 90.95697990555946, 93.24156857260706, 91.8727520750873, 87.84393835671577, -0.690768237643, -0.0433442301261, -0.721775948324, -0.635919687506, 0.511525526215, 0.577882156736, -0.344158964588, -0.858174174481, 0.38090903553,  
213, 3361225.0398337347, 92.92580392330579, 107.84571965736387, 87.92229060917705, 84.62663530353346, -0.713065146604, -0.0765353984676, -0.696907762534, -0.673222404402, -0.20275918482, 0.711097958922, 0.195728615462, -0.976233089868, -0.0930551628709,  
214, 2684984.5192963285, 86.22192715421939, 99.97237569600266, 88.73940302967621, 72.25312932072434, 0.785920878213, -0.418466486274, -0.45520783501, 0.0671222502994, -0.674103057925, 0.73558117894, 0.614673064892, 0.608663180389, 0.501703255057,  
215, 2106484.6006331923, 79.5224758837759, 93.2324133484189, 86.38816684375107, 62.43792974125725, -0.324270476139, 0.748943537644, -0.577868701112, -0.935590607967, -0.344138424185, 0.0789870830189, -0.139709958802, 0.566261708418, 0.812298470386,  
216, 3300034.6172234993, 92.3584485094008, 102.76569964797191, 92.29293370888524, 83.0640785872181, 0.575483161572, 0.485244308576, -0.658298634163, 0.624010181111, 0.259755758711, 0.736979131106, -0.528611790084, 0.834904130311, 0.153312323618,  
217, 3660865.8164253365, 95.60891737180178, 100.79636726878738, 96.1229194099911, 90.20349576391196, -0.775100554755, 0.629662979034, -0.0523799852308, -0.286563123103, -0.276443874653, 0.917311485072, -0.563116956321, -0.726018813118, -0.394709990376,  
218, 3435868.0721949777, 93.60864457273061, 103.19487036859712, 93.98425038620395, 84.57357301174673, -0.216220767608, -0.96999594295, 0.11115957141, -0.969825139085, 0.200245329892, -0.139071950643, -0.112640042854, 0.137875590724, 0.984023649222,  
219, 3242623.137267999, 91.81971828793073, 100.44687907029004, 91.64183000378662, 84.09645080528321, -0.698883683336, -0.714245613003, -0.0376138468261, 0.116540883472, -0.165605610247, 0.97928188196, -0.70567685214, 0.680020577748, 0.198977873626,  
220, 3417188.3674148577, 93.43869622785574, 119.99418568854601, 93.48608915055932, 72.72322250224741, 0.317153598443, -0.656510997539, -0.684402589932, -0.697080000146, -0.650686971345, 0.301141061162, 0.643034266887, -0.381575386303, 0.664008400682,  
221, 3644679.050610981, 95.46779540861786, 98.7339744909889, 97.8786376686486, 90.03599026405765, -0.516544968762, -0.7196107271, -0.46404923951, -0.0336782314946, -0.52445526058, 0.85077168287, 0.855597494135, -0.455090190065, -0.24666950954,  
222, 3175013.908193836, 91.17707888808104, 102.37485176415389, 91.21244428249929, 81.17263476558693, 0.457307301588, 0.835359305224, 0.305032560705, 0.687019710896, -0.549649184017, 0.475278540804, -0.564689249724, 0.00778496532868, 0.825266893532,  
223, 3309405.065400543, 92.44578316963995, 102.38377870110982, 99.38096177914503, 77.64740900999884, 0.761305836799, 0.108366556074, -0.639273112512, 0.616878501345, 0.182584797968, 0.765587164293, -0.199685596463, 0.977199816351, -0.072153873697,  
224, 2761792.6858334495, 87.03638046094156, 103.50701607297496, 87.43901163921251, 72.84964454386302, -0.314718316167, -0.477795979903, 0.820160583702, 0.101902610257, 0.842066368678, 0.529660352267, -0.943699231478, 0.250270318515, -0.216325052129,  
225, 3225261.6104556825, 91.65555242553548, 96.19150923412877, 94.88325827084671, 84.36261036898755, 0.61883069328, 0.605635614386, 0.500254011121, -0.425153977502, -0.27726882311, 0.861606694, -0.660524540399, 0.745873650372, -0.0859059323427,  
226, 3708485.8673423626, 96.02168873969701, 100.53656077226454, 97.36800575343995, 90.4414922518161, 0.502829059305, 0.389363513626, 0.771724686255, -0.530328033216, 0.843983257697, -0.08027725651, -0.68257974941, -0.368901497671, 0.630869693924,  
