# Void_ID, Void_Volume, r = (a*b*c)**(1/3.0), a, b, c, vector_a, vector_b, vector_c 

0, 732692.2600074335, 55.92564455805598, 141.81262360086507, 52.14190625589896, 23.6554491360165, 0.680684324713, -0.720396348956, -0.133033644241, -0.564796767338, -0.6317166588, 0.530978977548, 0.466554886047, 0.286292094555, 0.836877156398,  
1, 1014699.3944262145, 62.33753101391714, 109.94423654745614, 87.93114042141042, 25.057262243373906, 0.745711221981, -0.244853579772, 0.619646268353, 0.110716330127, 0.962632787518, 0.24714370443, 0.657005835327, 0.115692873027, -0.74495536207,  
2, 799891.8898740439, 57.58564399963072, 115.47557284430515, 72.14399753318746, 22.921991952777386, 0.173217081609, -0.737126731125, 0.65317687107, 0.692376211335, -0.380521390094, -0.613040499199, 0.700436310178, 0.558433213502, 0.444456208688,  
3, 1456158.1973110465, 70.31370512763647, 122.98277006146294, 68.03867349338327, 41.54510312741131, -0.481030584904, -0.871317440768, 0.0970334674276, -0.141879897305, 0.18658940251, 0.972139130789, -0.86514719622, 0.453861556298, -0.213377638443,  
5, 308190.28432827536, 41.90283865868106, 119.37065868044664, 60.537239009237894, 10.181461754110114, -0.317380461889, -0.565594291478, -0.761165382725, -0.250698508856, -0.724064073884, 0.642558537853, -0.914559948865, 0.394758551977, 0.0880101447156,  
7, 2280796.3630126584, 81.65810567311499, 139.2375536557422, 77.90005860324003, 50.20000192166952, 0.812855328814, 0.578551283916, 0.0674138435247, 0.354178914961, -0.582833156939, 0.731343152952, 0.462410543366, -0.570599617116, -0.678669703413,  
9, 1009287.3456909539, 62.22650458504378, 123.14933970629043, 102.05221718543761, 19.17218833726627, 0.420599010017, -0.422805320036, 0.802703017387, -0.454876580511, 0.667247913218, 0.589802949136, -0.784973737953, -0.613201340226, 0.0883195735357,  
12, 1983532.5768018372, 77.94415911061228, 177.13104219060224, 63.26635437650958, 42.25549958345418, -0.236197003541, 0.895298741691, -0.377691856736, 0.0740180255209, 0.404137642932, 0.911698468499, 0.968881988385, 0.187384440902, -0.16172434539,  
14, 656135.8491284905, 53.90574499557714, 124.45220758959725, 67.50998049451462, 18.643805790398908, 0.476825891987, -0.843995767277, 0.245577306666, 0.273072691142, 0.4077932015, 0.871284115638, -0.835504861795, -0.348390369598, 0.424918552534,  
17, 3424903.565351361, 93.5089641498666, 147.29590070515417, 91.12070679398892, 60.918892331450046, -0.864347903412, 0.340807925768, 0.369800837752, 0.451624082041, 0.202569869313, 0.86890801387, -0.221220230515, -0.918049783934, 0.329007908462,  
18, 1234611.9361853448, 66.54988163270941, 117.69497169596195, 89.09334994711472, 28.108564343258625, 0.899747252317, -0.351797153847, -0.2582511268, 0.0667060848939, -0.47394420892, 0.87802459252, 0.43128317865, 0.807227136174, 0.402962988917,  
20, 1703008.6155292315, 74.08143937227696, 130.77405974336668, 75.41517094153373, 41.22378930836562, -0.100583887777, 0.984597541299, 0.143005465588, 0.984468165356, 0.0777050663438, 0.157430473747, -0.143893408186, -0.156619297448, 0.97712081277,  
22, 2107071.252558817, 79.52985748429197, 104.95644977511411, 79.79951320349205, 60.059434485008836, -0.347198144384, -0.236112963265, 0.907581465828, 0.915806775665, -0.29369290785, 0.273938725859, -0.201869755494, -0.926280273166, -0.318203484204,  
31, 1378273.5089175724, 69.03705653677008, 116.91296626277885, 57.48999975536739, 48.954409166154136, -0.901623039337, 0.106785403596, 0.419133358868, 0.165397683085, -0.810269022057, 0.562234575888, 0.399649222903, 0.576247333593, 0.712895160006,  
34, 1200026.9297985034, 65.92256963146575, 101.69392023591615, 85.4206524260281, 32.9795335809535, 0.0963580333353, -0.962875026548, -0.252164257304, 0.0174630886267, -0.251668711416, 0.967655879034, 0.995193533916, 0.0976449842228, 0.00743553015908,  
35, 1368884.06295627, 68.87992824153797, 93.80074190635342, 67.2360924500749, 51.81664844495254, -0.457396182429, 0.737159534385, -0.497377676585, -0.228312861697, 0.443218646575, 0.866850891741, 0.859454460389, 0.510052009303, -0.0344235141016,  
36, 2573062.4231760236, 85.0068462904779, 92.62231136349351, 91.48849943225021, 72.49024943939213, 0.964176257792, -0.151080388128, 0.218034080439, -0.207650680291, 0.0815894807453, 0.974794517632, 0.165061621476, 0.985148655257, -0.0472946948469,  
37, 577168.9045799364, 51.65013233716942, 129.8389123381997, 107.13560455892778, 9.905482211675341, 0.58602410267, 0.805203849711, -0.09067806516, 0.533958415754, -0.299572456721, 0.790660959843, -0.609478597931, 0.511764695525, 0.605502052084,  
38, 414314.7859487025, 46.24668501504593, 128.85337233036057, 90.3681157829505, 8.494362814294297, -0.882934407079, 0.381674050318, -0.273407666516, 0.469154610631, 0.739468703524, -0.48278358281, -0.0179104472136, 0.554536703764, 0.831966501765,  
39, 1500796.5270671805, 71.02497162919015, 89.7217008422614, 73.96483825979222, 53.98963569392574, -0.410059545293, -0.0443441593438, 0.910980112212, 0.736672120635, 0.572789812122, 0.359480205031, -0.537740974814, 0.818501940536, -0.202210824006,  
42, 4275594.0860251235, 100.6860459848756, 126.06534971632504, 92.39757174119487, 87.62974896959356, -0.0978410877514, -0.840938801529, 0.532211474539, -0.980468379183, -0.0102289089708, -0.196410607769, -0.170613243831, 0.541033549333, 0.823513096147,  
44, 1838681.4874894584, 75.99866521537658, 126.81940146646599, 70.58884870733257, 49.03386153199717, 0.342562151561, -0.425781918338, 0.837472943046, 0.597827398619, 0.786438082496, 0.155298241652, -0.724743798717, 0.447464971161, 0.523948018228,  
47, 1150854.6166350418, 65.00956873145525, 105.3822759957025, 57.64624982277225, 45.22652516217823, 0.42074308722, 0.679929340585, 0.600559194725, -0.485268780504, -0.390646297457, 0.782246560204, 0.766478613677, -0.620557460752, 0.165586752732,  
52, 683070.5604510574, 54.63349528976029, 131.34841265004263, 58.45595079520188, 21.238478510415046, -0.601429365814, 0.531508120047, 0.596474505961, 0.79015925172, 0.506026242082, 0.345811797435, 0.118029974404, -0.679291219322, 0.72431510028,  
55, 915414.8332565653, 60.23419520028809, 113.7034286783808, 86.39110749569305, 22.24778268635864, -0.983980214803, -0.0535275407981, -0.170052166268, -0.144129231872, -0.322556478901, 0.935512737721, -0.104927124216, 0.945035512716, 0.309674310056,  
56, 253398.9683237507, 39.25594269756211, 135.11923505118517, 41.297476973047544, 10.841154544516922, 0.390278294227, 0.65167937297, 0.650382078397, 0.804685111871, 0.101829140711, -0.584904006514, 0.447397724389, -0.751628113463, 0.484654985803,  
62, 2282316.3592970427, 81.67624151036046, 120.38483328232758, 80.73707032955997, 56.05862896740733, 0.479512023533, -0.543146971232, 0.689245665151, 0.365815451423, 0.837656372599, 0.405599379863, -0.797651098406, 0.057646934757, 0.60035785672,  
65, 1268181.6709780423, 67.1476710579051, 113.1936701523509, 64.66501980666597, 41.36197866298978, 0.836775783034, 0.15905567585, 0.523934710539, 0.414968311864, -0.80849136287, -0.417304464766, -0.357222044499, -0.566606572628, 0.742529058542,  
67, 869808.8504366528, 59.2168185507182, 130.8686141083342, 67.64205357190352, 23.45756485541938, 0.0729891005269, 0.815731818558, 0.573806754402, -0.666958737499, -0.387839817921, 0.63619676053, 0.741511047576, -0.429140857793, 0.515751384385,  
74, 1774808.314780075, 75.10824515025976, 135.6425906628528, 93.34892219961499, 33.462428908776246, -0.476790931783, 0.797814081444, 0.369002843919, 0.870107117171, 0.368741546691, 0.327021828618, -0.124835940411, -0.47699304313, 0.869996336077,  
77, 1671312.7602614202, 73.61896484690685, 118.00834834103294, 77.63435202390893, 43.55143357673727, -0.0582217849619, 0.747066691962, 0.662194519395, -0.872915496642, -0.359945123838, 0.329329688227, 0.484384929037, -0.558865695482, 0.673082740037,  
78, 2280165.212600789, 81.6505727338057, 141.93620250725738, 79.30000391236614, 48.362786555424066, -0.0813683415047, -0.788421031038, -0.609730654321, -0.0417595907419, -0.608525146148, 0.792435033985, -0.995808882056, 0.0899412270528, 0.0165905423175,  
80, 2372301.510143501, 82.73585488010917, 121.97278869626507, 80.48939723793193, 57.687224938445404, 0.839208915182, 0.51618552413, 0.17111663086, 0.271878719571, -0.670766927364, 0.690038905424, 0.470967470769, -0.532563830759, -0.703253444815,  
82, 2658637.4538176293, 85.93897505049023, 129.56632583226894, 86.75623182247797, 56.46478584021463, -0.967292627177, 0.213312526224, 0.137268858683, 0.214246777745, 0.397308408151, 0.892325247339, -0.135806080992, -0.892549043453, 0.430015015316,  
83, 721077.9925696941, 55.62856759466516, 148.5845697382843, 80.76719083131384, 14.344484408778621, 0.543383463565, -0.186642868911, -0.818473488275, 0.736535738602, 0.573806639456, 0.358135513847, -0.402802082027, 0.797439891153, -0.449266182472,  
86, 1351746.9524826903, 68.59128355746495, 106.81404978812016, 62.82369859937482, 48.09001444790444, 0.491552568469, 0.558292930265, 0.668345027996, 0.718596945756, -0.693565314249, 0.0508486422695, -0.491929366861, -0.455275915119, 0.742111406146,  
88, 1009138.2758230994, 62.223440854455376, 117.99127671238209, 53.97132730532242, 37.83110881942227, -0.911126693587, 0.121055112595, 0.393946453147, 0.107584549686, -0.852879424652, 0.510903368236, 0.397836289071, 0.507880248406, 0.764057550436,  
96, 3424981.8932611225, 93.50967699775954, 125.24953478534201, 112.09370001332873, 58.238790156368935, 0.439262650739, 0.0278688335338, 0.897926306432, 0.487366169802, 0.832254126125, -0.264248530895, -0.754667171804, 0.553693414865, 0.351995826874,  
97, 2193306.075060471, 80.60034066826006, 115.48787830811676, 85.29064648839748, 53.15851290688646, 0.729248790835, -0.679239186492, -0.0826458020706, -0.508173707033, -0.618511989287, 0.599334966934, 0.458209214821, 0.395065876332, 0.796220615665,  
101, 1401362.5313513582, 69.42042967353103, 106.37001346451005, 62.04633034064925, 50.690500252187526, -0.470636658327, 0.840322385438, 0.268997071305, -0.169361376238, -0.385240477684, 0.907141939606, 0.865920238866, 0.381376536884, 0.323626446751,  
107, 122491.70244960499, 30.808651326294342, 120.18195538844078, 49.9936597464402, 4.867028232707756, 0.915938800259, -0.219524113115, -0.33595427954, -0.324423874431, 0.0877385016223, -0.941833905225, -0.236231377847, -0.971653806195, -0.00914423460453,  
113, 2064873.710399998, 78.99536835560208, 112.5575201094322, 82.93487783244926, 52.80720241411446, -0.369568361773, -0.892287028809, 0.259312715067, -0.168502938504, 0.338798378666, 0.925647026857, -0.913797562752, 0.298394900816, -0.275562148118,  
116, 1956187.0723331342, 77.58431410891488, 127.18800831017698, 73.69882935645713, 49.821295824195786, 0.728005204355, -0.424714577548, -0.538169071994, -0.480098079504, 0.244543145387, -0.842439602643, -0.489401937561, -0.871674352991, 0.0258759704867,  
119, 1514613.337332491, 71.24226565567989, 111.90806152613678, 86.07384508636437, 37.53881771292603, 0.131388785621, 0.430643746282, 0.892907022484, 0.976525302144, -0.211312347941, -0.0417782943627, 0.170690718217, 0.87743549928, -0.448298587237,  
122, 655456.8690012733, 53.88714439531671, 116.55705578879102, 69.13354416412183, 19.419056232403307, 0.643215175654, -0.762911526849, 0.0651171253172, -0.445829957493, -0.304022251628, 0.841906241524, -0.622502921126, -0.570558036238, -0.53568053957,  
130, 473763.29117577185, 48.36051672446917, 125.69878489135061, 48.669097555835975, 18.48793582049896, -0.830013193978, 0.126715576999, 0.543158595963, 0.489357502318, 0.632687571378, 0.600196361159, 0.267595464736, -0.763969632623, 0.587148250174,  
134, 2452446.398159803, 83.6572603984721, 147.11650826396527, 82.0224050129254, 48.519577097391, 0.295801235529, 0.194712362281, -0.935194485139, 0.859110667829, 0.373809027954, 0.349564973992, -0.417648763295, 0.906837309882, 0.0567062952729,  
135, 948234.9169110006, 60.945612308619474, 105.78183674852572, 87.46740833969216, 24.46639437212793, -0.894414614625, -0.444611044298, 0.0484098795124, -0.122096643616, 0.346871486765, 0.929931492793, 0.430249819016, -0.825833633947, 0.364532443382,  
136, 413775.2124848979, 46.22660018643361, 121.20988930256905, 69.93342589844615, 11.653409357493235, -0.958098242974, 0.275411494677, 0.0787163605033, -0.0680775067009, -0.485877167971, 0.871371809692, 0.278232294841, 0.829500986283, 0.484267388809,  
137, 3641512.8926494364, 95.44014288782765, 104.01579681677867, 96.89403874312032, 86.25750334301709, 0.702837612525, 0.584806120436, 0.404995175182, 0.664946934523, -0.742377478135, -0.0819832557616, -0.252714987066, -0.32692121598, 0.9106358514,  
138, 3412806.4558131434, 93.39873986625308, 103.10435022200511, 91.3395493788923, 86.51416012554579, 0.278401771867, -0.637590256267, -0.718311296399, -0.282085067649, -0.769175393357, 0.573408431106, -0.918107002495, 0.0429869674144, -0.393994482959,  
139, 3028840.1864922196, 89.75581260961576, 103.0868046612033, 93.72811829248435, 74.83672492609864, 0.340745005297, -0.23148001066, 0.911213392148, -0.837047227458, 0.366607083713, 0.406141828893, -0.428070999217, -0.901119443158, -0.0688401684534,  
140, 3627537.8323567174, 95.31789592995108, 107.62864947260559, 91.686928300238, 87.75826472421147, -0.886936528642, -0.155854755188, -0.434802126772, -0.022049838243, -0.925991417867, 0.37690011763, -0.461364713425, 0.343873798539, 0.817859041574,  
141, 3494486.450577936, 94.13798913820756, 97.63660745550642, 95.74753046039044, 89.2389577716114, -0.707170286813, 0.538498043205, -0.458181233697, 0.705968814082, 0.502064443956, -0.499539115244, 0.0389643297362, 0.67672088159, 0.735207881778,  
142, 3300423.458731733, 92.3620758842766, 114.82356355393625, 90.54118836561187, 75.78859300303404, 0.225459884947, 0.801968410903, 0.553185780902, 0.730149336276, -0.515014293547, 0.449045904311, -0.645019214454, -0.302666392841, 0.701671766305,  
143, 3300464.725900063, 92.36246083542956, 100.76523179372931, 91.81487245809068, 85.16531218395221, 0.389767258948, -0.591212489196, 0.706080219572, -0.647830894009, 0.368903983701, 0.666502050692, -0.654520142257, -0.717201257269, -0.239219020883,  
144, 3293821.174795971, 92.30044664868622, 100.15408970331538, 91.03741133111747, 86.24279439405613, -0.360025452278, -0.805340540124, 0.470965272758, -0.898850043361, 0.164204848946, -0.406331597507, -0.249900526734, 0.569616873008, 0.782998304419,  
145, 3440393.2289064913, 93.64972181539085, 105.62175699497787, 96.94749197019131, 80.2101833300642, 0.665551990975, 0.695551334593, -0.270645318183, -0.273363755339, 0.564603150563, 0.778778235213, -0.694487440186, 0.444332784431, -0.565911275823,  
146, 3541486.0888688182, 94.55815221667794, 100.42365595232022, 93.53608042227312, 90.00812936647976, 0.55744504425, -0.0472775860475, 0.828866607181, -0.561694912172, 0.713709316415, 0.41847083208, -0.611354110382, -0.698844647629, 0.371298141928,  
147, 3541456.079467226, 94.55788513091153, 108.17509424937847, 96.79586149526016, 80.74379899510994, -0.796839983259, 0.291388571559, 0.52928134432, -0.490605553783, -0.823341222492, -0.285333878015, -0.352636117942, 0.487033809618, -0.799028057462,  
148, 4076536.827791492, 99.09861548042252, 128.09967265062056, 92.85577203364302, 81.81743039501939, -0.603486417717, 0.767974556956, -0.214520916229, 0.783177300705, 0.621427959003, 0.0214617666961, -0.149791385905, 0.155056027416, 0.976483573375,  
149, 3505339.920965036, 94.23534897709607, 100.09972031571411, 94.85799182880629, 88.13222596401043, -0.826738564238, 0.0536029584751, -0.560026846896, 0.530581551629, -0.256674250745, -0.807837574068, 0.187046955261, 0.965010389502, -0.183761760658,  
150, 3597319.5366579588, 95.05248362048027, 99.8593862809403, 95.43350803621901, 90.11573433903358, 0.490319701294, -0.651821695819, -0.578545648486, -0.439276319962, -0.758161995572, 0.481899059131, -0.752743585322, 0.0178568006699, -0.658071599012,  
151, 3030562.633418197, 89.77282355739861, 107.9521468073804, 88.91353525413538, 75.37641760390194, 0.620117009016, 0.736496643812, -0.270236172233, 0.689825386501, -0.675955362155, -0.259278391914, 0.373625255126, 0.0256328310611, 0.927225499382,  
152, 3513110.330137697, 94.3049291829107, 99.71887853562228, 94.54556568640831, 88.9579219961739, -0.142978738178, 0.250961183999, -0.957379530048, 0.989530163662, 0.0170171412875, -0.14331947567, 0.0196757625757, 0.967847560842, 0.250766750864,  
153, 2255254.5573090683, 81.35214091547361, 95.16287091164003, 87.78487210131401, 64.44952835849416, -0.148184892724, 0.353961631889, 0.923445938168, -0.411456524884, -0.871168531817, 0.267897214062, 0.899302377234, -0.34025953671, 0.274733838432,  
154, 3358466.7414032235, 92.90037795099991, 97.81068586651375, 94.13274920962927, 87.08139860287282, 0.498811593713, -0.85685184308, 0.130353032134, -0.820072571292, -0.41793069767, 0.390915476491, -0.280478112857, -0.301892118074, -0.911149371538,  
155, 3545926.624731591, 94.59765667736451, 102.31272158344491, 94.41960383699046, 87.62929628060334, -0.928002757982, -0.104117884909, -0.35772943298, -0.37003226257, 0.145618902902, 0.917535426986, 0.0434396804205, -0.983846838263, 0.173661720034,  
156, 2703213.696755777, 86.41661618814133, 97.74159180097227, 85.11581973220899, 77.57147978208691, -0.528549406089, 0.361278216582, 0.768188502613, 0.826980951462, 0.423452328237, 0.369852175375, 0.191671675638, -0.830762406428, 0.522585679888,  
157, 3795955.4376731906, 96.77076301439654, 106.3943707939237, 97.60058854173941, 87.26928324605002, 0.747850967115, 0.517127654752, -0.416290667293, 0.45602833805, 0.0555392154179, 0.888230572794, -0.482449050035, 0.854104434037, 0.194289808993,  
158, 3321249.937165656, 92.55594442373317, 98.77088829364052, 96.27159385298654, 83.38459588405279, 0.943071127163, -0.108747712438, -0.314310012808, 0.00788344333425, -0.937459769927, 0.348004354986, 0.332497669816, 0.330670704489, 0.883233935466,  
159, 2907288.778544551, 88.53870949223449, 104.04126471380067, 92.60023326309935, 72.04135276492265, -0.24390819375, 0.265380284135, 0.932781913318, 0.937544660914, -0.181467691247, 0.296781882577, 0.248029840571, 0.946912235546, -0.204544411706,  
160, 3200978.123159132, 91.42494313805916, 101.5365355540103, 89.84808495033367, 83.76506517295905, 0.097298340741, 0.5892516506, 0.802069526384, -0.616958851107, -0.596658628356, 0.513186376718, 0.780957623005, -0.544776076452, 0.305490126839,  
161, 3126079.4564636475, 90.70623365970494, 106.503630802838, 87.6533357779434, 79.942650118849, -0.89820425035, 0.0643682279353, 0.434840034823, 0.396241227456, 0.546854009789, 0.737525309154, 0.190320819452, -0.834749916568, 0.516691941559,  
162, 3434333.403740241, 93.59470538520918, 98.34557050989929, 92.990819534173, 89.6517900613028, 0.0598236934339, -0.868989034957, 0.491201774049, -0.901643619191, -0.258189619895, -0.346953749297, 0.42832220311, -0.422132890572, -0.798964275184,  
163, 3663688.307987335, 95.63348223831227, 103.24362014691171, 93.32630906120461, 90.77423436852435, 0.331625610963, 0.112055725645, -0.936732602456, 0.67053555357, 0.670462052332, 0.317588897447, 0.663631317489, -0.733433126286, 0.147205039706,  
164, 3286179.170146974, 92.229009189261, 101.00453531424859, 96.02235131385605, 80.88899095018971, -0.445966469489, -0.361956862957, 0.818597054387, -0.629652934036, 0.776876408287, 0.000478442539307, -0.636121915007, -0.515218667758, -0.574368029788,  
165, 3615386.7633512337, 95.2113489174488, 111.34511671143936, 98.54850923472345, 78.65836602085365, -0.683080689764, 0.701840434047, 0.202041521493, 0.723035336501, 0.610818924553, 0.322676530877, -0.103056651614, -0.366497266762, 0.924694046706,  
166, 3414044.453803528, 93.41003198758675, 100.32650050589643, 98.16954977176283, 82.75382932415789, -0.737519711731, -0.486412977341, -0.468473147877, 0.10078707079, -0.765209515799, 0.635843033533, 0.667762413714, -0.421730734479, -0.613381240686,  
167, 3293405.2533440194, 92.2965614598506, 96.01761193944473, 93.19627830924361, 87.86321583101814, -0.294855343926, -0.847625680659, -0.441124734792, 0.864733729806, -0.433122079703, 0.254245630465, -0.406565988119, -0.306489754413, 0.860678876088,  
168, 3565196.673985041, 94.76870828042232, 108.89740480457696, 100.57865153464908, 77.70904016192583, -0.609483067979, -0.572958093334, 0.547950192199, -0.782828843292, 0.325667308301, -0.530207323992, -0.12533711325, 0.752103601632, 0.647016831662,  
169, 3609864.445323932, 95.16284739559457, 99.75928248423756, 97.72314718085343, 88.39984892296442, 0.135815725347, -0.896581132947, 0.421540461631, -0.474684882167, -0.432354920482, -0.766644301731, 0.869613909382, -0.0959765324349, -0.484314106579,  
170, 3137149.3781832927, 90.8131757053711, 107.64858746096948, 94.05272405857288, 73.9719172458623, 0.208350156967, 0.594641146373, 0.776525671908, 0.943800279317, -0.330516286114, -0.000131808998776, 0.256576002097, 0.732912608469, -0.630085600133,  
171, 3575903.1431999267, 94.86347858074846, 101.86998270057964, 92.62487302016864, 90.47389335515653, -0.986032496159, 0.140082532424, 0.0900932884754, 0.156184922476, 0.589822622185, 0.792285014594, -0.0578462315963, -0.795289983886, 0.60346305191,  
172, 3620440.2303633103, 95.2556893471236, 97.29425912337129, 95.28408007962082, 93.23204536140206, -0.323612576328, -0.823799807843, -0.465433966358, 0.571041657606, -0.562262123124, 0.598141062107, -0.754444382125, -0.0722162135397, 0.652379102042,  
173, 3459785.9967588037, 93.82535344284646, 100.34995798610238, 94.21706797910946, 87.36024580512561, 0.380438123472, -0.884579828235, 0.269787623305, -0.859247444347, -0.230214326443, 0.456831690323, 0.341995122177, 0.40561051685, 0.84765526308,  
174, 921663.1868890614, 60.370931556733346, 84.0804010542803, 73.1539437574967, 35.772649989344416, -0.172252054469, 0.0305453560898, 0.984579205017, -0.476774901766, -0.877227227358, -0.0561968382386, 0.861983133696, -0.479102674595, 0.165667451298,  
175, 3265906.0692668105, 92.03895805544347, 100.48128222928891, 91.09818988576733, 85.17657335511504, -0.0590083419686, -0.0487964682968, 0.997064150524, -0.49587825475, -0.865426882894, -0.0717012331131, 0.866384886782, -0.498653401719, 0.0268702979177,  
176, 3166019.297718504, 91.090897852223, 98.44921678217631, 94.04337332714587, 81.6365201424633, 0.128701184219, -0.0318816325563, 0.99117080601, -0.229422220282, -0.973325814624, -0.00151770465175, 0.964780519093, -0.227201276608, -0.1325825399,  
177, 3503833.4416075987, 94.22184729555461, 102.60254410762562, 92.12052822216444, 88.49939360041773, -0.31212345695, -0.515276264749, -0.798166222417, -0.216057193203, -0.779625091751, 0.587795887683, -0.925147683825, 0.35591443817, 0.132010135277,  
178, 3385397.959276614, 93.14803683760523, 99.0160415593063, 95.23008957079104, 85.71194803766154, -0.850706772115, -0.205629465372, 0.483750463408, 0.272945490098, -0.959315404219, 0.0722129812668, -0.449220154615, -0.193469579518, -0.872221746168,  
179, 3422439.227130002, 93.4865311089124, 99.31072370646622, 93.78552034803927, 87.72334765474916, 0.546684273254, -0.671504479783, -0.500217991488, -0.720295033748, -0.681755793671, 0.128000399036, 0.426979355162, -0.290328729937, 0.856386512527,  
180, 4083635.651772305, 99.1561051018688, 105.4553200636954, 98.15697516627587, 94.1821752349741, -0.505237273478, 0.4440046047, 0.739996762489, 0.862021767073, 0.219248643023, 0.456999459108, -0.0406665781724, -0.868786477529, 0.493514220547,  
181, 3670112.837617126, 95.68934955990193, 102.36800397768735, 95.21105252148386, 89.89575952842883, 0.793637580179, 0.453593058112, 0.405453732207, 0.499978264541, -0.86598180958, -0.00986105791611, -0.346642649301, -0.210544159523, 0.914062377836,  
182, 2664757.9490134814, 86.00487170858139, 93.64270247240398, 87.70133794238163, 77.46205237487722, -0.111042756865, 0.492241568163, 0.863346827596, 0.939521041185, -0.231212883842, 0.252667400975, 0.323990307444, 0.839189395141, -0.436796794591,  
183, 2875790.1783866226, 88.21779443274522, 106.29343195205655, 96.15070267351959, 67.17531240514523, 0.656275121612, -0.234107672779, 0.71728415729, -0.004947145956, 0.949291980503, 0.314356901467, 0.754505460882, 0.209853123158, -0.621838545123,  
184, 3479686.164087497, 94.00489940264124, 104.6338821187522, 94.29215090249897, 84.19835092623207, 0.853188341113, -0.386209683077, 0.350587699851, 0.361564157578, 0.92235028769, 0.136166467064, -0.375953473909, 0.0105843042043, 0.92657809059,  
185, 3166987.690458529, 91.10018425296752, 112.25138823246171, 88.72947407473836, 75.9098508309556, -0.625165814481, -0.634034942942, 0.45515645171, 0.14517233177, 0.478527960751, 0.865988443842, -0.766872022239, 0.60746249424, -0.207114991244,  
186, 3570888.7655362533, 94.81911647074192, 98.82858963020283, 96.0511375397988, 89.8054311895526, 0.851144433988, 0.495614555274, -0.172972151201, 0.409767030831, -0.421353296209, 0.809044115125, -0.328091653254, 0.759491680253, 0.561719017562,  
187, 3000384.302601464, 89.47384312668356, 104.11914089066678, 85.2523924676112, 80.6958357345309, 0.724860813908, 0.617331707442, 0.305742315433, 0.551888088209, -0.254751627968, -0.794053616666, 0.412306122382, -0.744313892813, 0.525357488204,  
188, 3395719.0171607817, 93.24260089877076, 114.35788134541339, 88.48097496673745, 80.11745355973514, -0.343418587629, 0.673562968858, 0.654504851512, 0.936848205592, 0.196578068668, 0.289261996463, -0.0661748694718, -0.712509641971, 0.698534821429,  
189, 3434636.77473862, 93.59746119250978, 123.97716819033113, 97.86856225633066, 67.57830362022041, 0.494944455234, 0.867076934739, -0.0566354613012, -0.257706939574, 0.208725461028, 0.943409145182, 0.82982957258, -0.452339774022, 0.326759252829,  
190, 3650727.5838055057, 95.5205774675342, 99.30538156273771, 97.47852639996628, 90.03452511429724, -0.620518966723, 0.303897232531, 0.722912639256, 0.515726309669, -0.536308508265, 0.668131392376, -0.590747480275, -0.787413268889, -0.176061803141,  
191, 3234267.050117299, 91.74077874427613, 96.51085235106443, 92.58189483389611, 86.41418747369765, 0.605818472467, 0.708903429903, -0.361164651496, 0.135387383319, 0.355472338227, 0.924829537371, -0.78399887427, 0.609175954735, -0.119375128549,  
192, 3627057.6331644785, 95.31368980828009, 102.2763583811829, 98.80058807864707, 85.6901812228081, -0.0329136406823, 0.953384411422, 0.299958090931, 0.927196487962, -0.0829173045992, 0.365282621144, 0.373126473155, 0.290142869387, -0.881245567578,  
193, 3058836.3003318137, 90.0511386721046, 95.11099079407508, 91.2837394723863, 84.1091990881385, 0.584421936095, -0.671108525585, -0.456140710196, -0.0715420621714, -0.60255588976, 0.794863593993, 0.808290006094, 0.431902473485, 0.400159367561,  
194, 3428307.536040793, 93.53993303927454, 101.75175117358734, 98.95683534741958, 81.28370176392893, -0.772763604144, 0.548397010632, -0.319526416499, 0.600165517423, 0.795155596386, -0.0867694026232, -0.206489137259, 0.258820973389, 0.943596280158,  
195, 2743563.678900928, 86.84446521646517, 103.16188410310093, 91.30644274263756, 69.53536632694268, 0.278659024852, -0.884674353903, 0.373765214293, -0.509272122469, 0.193840409222, 0.838491383992, -0.814242625477, -0.424001395398, -0.396524606496,  
196, 3470613.010664895, 93.92312351537676, 102.23239940429472, 90.39675538804003, 89.65534472764861, -0.292994939588, 0.252822838124, 0.922081654681, -0.287071692703, -0.943170924999, 0.167387124611, 0.911999895079, -0.215659960957, 0.348922588286,  
197, 3489239.591130728, 94.0908504797197, 96.79884656879426, 95.68679249832765, 89.93319094396271, -0.396750370145, 0.539889836245, 0.742366559396, 0.302777698743, -0.686508770466, 0.661083484303, -0.86655340801, -0.487057155571, -0.108906006597,  
198, 3193463.3051161924, 91.35334209032716, 97.98442413748761, 90.66408137392497, 85.81851806725709, -0.0932642855005, 0.549537269612, 0.830247289883, -0.963109394766, -0.261214815923, 0.0647079103029, 0.252432301348, -0.793584027845, 0.553626520306,  
199, 2886839.425885361, 88.33063235119292, 106.98231844777581, 95.03154628763642, 67.78821798161988, 0.825209750497, -0.218661859512, 0.520783888845, 0.186639685439, 0.97579560185, 0.113967413013, 0.533098954702, -0.00315192073879, -0.846047025815,  
200, 3741687.3417104753, 96.30739335741632, 104.98589647542764, 98.88513746357917, 86.04326915789558, -0.900235039369, 0.099438486419, -0.423897229657, -0.212266834441, -0.950270877091, 0.227877272122, 0.380157421193, -0.295122428108, -0.876574633183,  
201, 3308016.3352923156, 92.43285031092826, 114.0190712961187, 98.01325729840953, 70.66700971002919, 0.402727056076, 0.162961694873, 0.900696621682, -0.210697879395, -0.941093470622, 0.264479646045, -0.890739761054, 0.29628797741, 0.344668119383,  
202, 3190478.979468693, 91.32487632923127, 108.12106924885117, 104.05990096997364, 67.69764141042455, -0.631875469527, -0.353377300977, -0.689824524183, -0.624742824681, 0.758971859028, 0.18346149518, -0.458726273523, -0.546887740179, 0.700345632971,  
203, 3643598.8471814967, 95.45836295213206, 99.28517580148464, 94.89814956024442, 92.32084979993203, -0.696974030179, 0.713657839657, 0.0701404958067, 0.69673420819, 0.697079360046, -0.16923891082, 0.169672167412, 0.0690858429293, 0.983076040758,  
204, 3627366.4061851758, 95.31639443039106, 99.57225041253251, 95.4116990212263, 91.15129961940404, -0.428542565744, -0.716286412783, 0.550713214122, -0.890237707378, 0.230607400502, -0.392806633339, -0.154363511581, 0.658600031655, 0.736490261033,  
205, 3400900.1611076775, 93.2899995830746, 106.3400546296884, 89.59027453199225, 85.22117678697482, 0.734225603814, 0.492076932342, -0.467731819914, 0.459146016544, 0.147585890092, 0.876015605191, 0.500097688653, -0.857950288596, -0.11757382405,  
206, 2295094.9022793467, 81.82839125051963, 112.15371741060467, 84.28565627597952, 57.962177588875626, -0.677691756428, -0.680212844661, 0.279364223243, -0.00503637100014, 0.384193073238, 0.923239035918, -0.735328850405, 0.624264501981, -0.263790282855,  
207, 3481353.5444293483, 94.0199119530979, 101.63671037411599, 98.91250614178297, 82.67186113931976, 0.505932903713, 0.602933194286, -0.616849625248, -0.427136532859, 0.796412953077, 0.428113058044, -0.74939060525, -0.04688252765, -0.660466312058,  
208, 3657681.4170965184, 95.58118756621026, 103.05635276270391, 101.27024167039559, 83.66824352364833, 0.334709627017, 0.931806639643, 0.140377533458, 0.272114288208, -0.238199235295, 0.932316973168, -0.902176966972, 0.273856733754, 0.333285477695,  
209, 2970525.15603956, 89.17604523603033, 109.96207402243303, 81.66741633681758, 78.96831774815236, -0.104532518164, 0.993168121815, -0.0518655420953, 0.324068270954, 0.083320785435, 0.942357364525, 0.940240771508, 0.0816990117757, -0.330564007521,  
210, 2470879.047931501, 83.86632752076986, 112.60634436901562, 105.39475672129478, 49.70281791676303, 0.0249393113496, -0.993910519868, 0.107330840136, 0.394347869457, -0.0888769564216, -0.914653291948, 0.918622767301, 0.0651365113594, 0.389729965853,  
211, 3245698.531363362, 91.84873724178296, 101.72187368225661, 95.52357069685391, 79.743385641431, -0.219139642831, -0.696787226972, -0.68298270642, -0.0361344895614, -0.69372113496, 0.719336698336, 0.975024161549, -0.182314418624, -0.12684375096,  
212, 2973809.582528999, 89.20889961570181, 119.32961403403256, 87.12728043642181, 68.2845030336727, -0.49937652205, -0.209967059003, -0.840557507467, -0.845761250543, 0.328568758212, 0.420393242342, -0.187912203715, -0.920845483923, 0.341661526125,  
213, 3442504.159932041, 93.66887153384249, 101.74693260411748, 94.86688020699603, 85.14319058581441, -0.549650179201, 0.829004122936, 0.103135079675, -0.302335638313, -0.312488769618, 0.900524253237, -0.77876687289, -0.46379190702, -0.422396998891,  
214, 2363595.020248385, 82.63451560941395, 97.24694135185966, 83.25374101772617, 69.69550170182345, -0.972930320187, -0.0395693862946, 0.227685870729, -0.227732356884, -0.00338863542036, -0.973717870216, -0.0393009629548, 0.999211079211, 0.0057143234568,  
215, 3059310.687852977, 90.05579370254169, 99.86510250010308, 86.65425856514905, 84.39783611666516, 0.484427659369, -0.771933164688, 0.41164187359, -0.562474902412, 0.08555900769, 0.822375607834, -0.670038675745, -0.629919713501, -0.392745881643,  
216, 3523434.594036785, 94.39721936431876, 102.16883412680117, 95.2306397495905, 86.4534771591022, -0.942505579491, 0.110938695442, -0.31523933524, 0.330037366733, 0.457238247662, -0.825838072163, -0.0525220828668, 0.882397750863, 0.467563514491,  
217, 2659976.688766556, 85.95340263618614, 103.20684711127842, 80.84933495824251, 76.10343483126266, -0.312605166725, 0.667634562723, -0.675678992122, 0.889903753281, 0.454606200746, 0.0374768213583, -0.332188680773, 0.589573823113, 0.736242750366,  
218, 3330136.422932315, 92.63841985885638, 100.6063464358788, 93.66606987244367, 84.36566617543292, -0.329897252369, -0.828582651289, 0.452347867092, -0.943739172408, 0.277851079085, -0.179318577713, -0.0228949195536, 0.486055107817, 0.873628213157,  
219, 3460101.46168206, 93.8282050362101, 105.42576387096355, 98.21030326027049, 79.7804379718716, -0.768392864488, -0.623218337186, -0.145503642561, -0.631975800962, 0.703070722241, 0.326033965294, 0.100890994652, -0.342476953563, 0.934093434018,  
220, 3012455.6584357163, 89.59367503781111, 99.89285609394017, 88.77671028851074, 81.09583979504978, 0.473760079977, -0.746986581547, 0.466435883707, -0.283123827241, 0.372336857738, 0.88385867808, -0.833901843785, -0.550796070573, -0.0350913603652,  
221, 3613505.0635765092, 95.19482783899123, 107.40986417206202, 93.2878937282981, 86.09354749365912, -0.513802077413, -0.832333104, -0.20791591866, -0.857524313682, 0.505515893677, 0.0954239628419, -0.0256802782426, -0.227321985795, 0.973480990099,  
222, 3685403.1138765807, 95.82205114930393, 104.03444355095557, 95.95810873000707, 88.13279854694885, 0.391494569773, 0.693355099239, 0.604971659004, -0.428619079007, -0.444363982817, 0.786655156905, 0.814258980269, -0.56727361752, 0.123219137785,  
223, 3314128.823402208, 92.48974715409689, 99.18611131606916, 92.89356854083094, 85.8705542588523, 0.640674889855, -0.242436119948, 0.728533055704, -0.00814836210416, 0.946642431177, 0.322182730281, 0.767769034088, 0.212350736378, -0.604514578034,  
224, 3219723.6169049507, 91.60306276547328, 99.67626946581068, 97.04470670313856, 79.46325605796439, -0.844168326196, -0.348376116343, 0.407448056333, 0.113339284613, 0.626887180861, 0.770822073527, 0.523959963748, -0.696883450826, 0.489713602378,  
225, 3225354.913265833, 91.6564362440881, 100.11639638605492, 94.71620761606714, 81.20062864050774, 0.0807423625528, 0.14242400898, 0.986507005832, -0.514016560557, -0.842027497753, 0.163635780017, 0.853971689439, -0.52029327758, 0.00522100973349,  
226, 3236646.0410530223, 91.76326678536688, 126.5359846368615, 94.60714036666492, 64.54589600781347, 0.362157490398, 0.724056760336, -0.587012572234, -0.523449895079, 0.679064543327, 0.514656733501, 0.771260111435, 0.120884878325, 0.624935746059,  
227, 3425552.629855511, 93.51487083839383, 99.54000628205146, 92.2064610169206, 89.101090137449, -0.965245234415, 0.232953803211, 0.118465872759, -0.126174084913, -0.81234578391, 0.569363177296, 0.228870569832, 0.534627770448, 0.813505629563,  
228, 3796518.5322430995, 96.77554779106045, 101.86308261371875, 95.45678326955881, 93.21231728134107, 0.692512113234, -0.293563229436, 0.658974660627, -0.624252657554, -0.701685536168, 0.343432712289, -0.36157377195, 0.649197996497, 0.669183359612,  
229, 3218623.639862474, 91.59262990903106, 104.27477401550634, 88.70695355243647, 83.07008703866603, -0.455124479739, -0.682822305238, 0.571502762383, -0.888971944739, 0.311752727872, -0.335468505425, -0.0508978330496, 0.660729851099, 0.748896170679,  
230, 3711057.438022022, 96.04387834437293, 114.87391647295205, 89.90923312883011, 85.77946741618855, -0.802844387698, 0.594410555716, 0.0460106552421, -0.0731849754782, -0.174850012313, 0.981871393085, 0.591679684041, 0.784922648703, 0.183879273018,  
231, 3414400.660183148, 93.413280538549, 103.72710339540981, 97.00215112892013, 81.01254147455681, 0.123441131379, 0.581794316508, 0.803913963284, 0.967519282269, -0.250655460144, 0.0328371548257, 0.220609894431, 0.77374880522, -0.593838413123,  
232, 1837905.3060777308, 75.98796967908909, 99.29862329396194, 84.41799412388784, 52.342717502384524, -0.41664051834, 0.874850214625, -0.247078490461, 0.889320706153, 0.335898144587, -0.310291988408, 0.188465806141, 0.349012232499, 0.917971187719,  
233, 3365079.838261772, 92.96131413052873, 103.82748342466182, 90.02758703421023, 85.94464567114547, -0.563215584957, -0.504151139741, 0.654690639278, -0.817385603575, 0.456051255796, -0.351991515744, 0.121115564359, 0.733381810781, 0.668941058454,  
234, 3306777.063659667, 92.42130626104982, 112.12571091714904, 94.00045795279644, 74.89988109973135, -0.574731740172, -0.0060470666692, 0.818319534059, 0.110956725409, 0.990162530246, 0.0852453446465, -0.810784824676, 0.139791261108, -0.568406871346,  
235, 2304127.8492295463, 81.93560307330635, 100.75054481302578, 96.48004250869269, 56.5891374594997, -0.869569300713, -0.250663444294, 0.425461007559, 0.48135093172, -0.622589575431, 0.616995543822, -0.11022935993, -0.741316435983, -0.662041864198,  
236, 2885255.613223498, 88.31447572388105, 106.41097884524916, 85.14066064939017, 76.02776635301582, 0.457962149147, 0.567783082542, 0.684027076312, 0.823737767835, 0.0182835273253, -0.566676100141, 0.334255530682, -0.822975141671, 0.459331205559,  
237, 3788027.638852029, 96.7033479410818, 105.89293670114849, 95.47175706285401, 89.45046895872187, 0.00416712242143, -0.940994287695, 0.338396787241, -0.986415265292, -0.0594398533937, -0.15313989757, -0.164218024254, 0.33316160396, 0.928458823081,  
238, 3667605.0329181356, 95.66754960538445, 102.97201465786914, 96.0347619813886, 88.5413779550775, 0.497507101872, -0.712358312944, 0.495007391426, -0.732951788457, -0.650415805375, -0.199351337882, -0.463970213898, 0.263637846481, 0.845710781839,  
239, 2169583.408590744, 80.308697183636, 111.50291664748185, 70.29836948920008, 66.07790451721051, -0.658410195823, 0.679389944834, 0.323921775889, -0.227066641805, -0.589614317235, 0.775110119332, 0.717590937941, 0.436788575596, 0.54247487132,  
240, 3384673.608900378, 93.1413929482631, 99.40563346668121, 92.289156932487, 88.07781046075566, -0.333606447716, 0.697680912597, 0.633993755679, 0.911263596393, 0.410917043029, 0.0273101013815, 0.241465102928, -0.586846255799, 0.772855792579,  
241, 1952721.5557884364, 77.53847175603882, 111.77424187757136, 81.46800586820216, 51.19445125121611, -0.637077731437, -0.591722641416, -0.493959795675, -0.767363350903, 0.547331157017, 0.33403905797, -0.0727011127682, -0.591855489283, 0.802758760779,  
242, 3036264.2246022434, 89.8290867385929, 107.77308931386544, 88.27809637890348, 76.18819094428763, 0.882435151695, -0.147601026342, 0.446679012351, -0.264881882723, 0.628793180198, 0.731065472267, -0.388774730734, -0.763435048684, 0.515772367604,  
243, 3091319.2399947387, 90.36877929716668, 111.27389724711821, 101.9798784449387, 65.03504702576528, -0.162201470469, -0.677380671625, 0.717527775551, 0.826727655399, -0.490274923136, -0.275956307307, 0.538713343789, 0.548439536734, 0.639532647932,  
244, 3539723.7377421367, 94.54246461058622, 101.92451612050812, 91.95156246376581, 90.16603813773196, 0.307704081237, 0.497680542031, -0.810945298077, 0.625783216843, 0.53616952324, 0.566495902779, 0.716738141797, -0.681789058604, -0.146458580016,  
245, 3140688.170229086, 90.84730947280032, 108.42802906408258, 83.8673578163085, 82.4520930690759, -0.771553950449, -0.515879612057, -0.372253579446, -0.603461302717, 0.778705645764, 0.171615772523, -0.201342885818, -0.357051457243, 0.912126799963,  
246, 3134737.052331873, 90.78989266282997, 97.70803512019319, 94.22342642282506, 81.28741911270333, -0.412421268123, -0.208803216135, 0.886741176743, -0.862281744662, 0.403503497448, -0.306031240841, -0.293902858821, -0.890834521378, -0.346460625609,  
