# Void_ID, Void_Volume, r = (a*b*c)**(1/3.0), a, b, c, vector_a, vector_b, vector_c 

0, 1426166.2463895706, 69.82761061207016, 122.72065817771168, 81.36983810126006, 34.09576323572428, 0.267369113485, 0.944614415793, 0.190308598416, 0.268468448111, -0.262703374289, 0.92677485373, 0.925439597987, -0.196699116963, -0.323837934564,  
3, 1510145.2554969764, 71.17214219285431, 142.8165029728931, 72.9235123277352, 34.616578537000855, 0.935605220149, -0.176938307902, -0.3055089315, -0.262700204507, 0.229213121608, -0.937256607037, -0.235863253987, -0.957159432947, -0.167971263432,  
8, 1371347.3638577168, 68.92121986023034, 121.49863012804308, 55.64627829237489, 48.42296317556784, -0.247011082091, 0.968632648333, -0.0271351784209, 0.965692507566, 0.243752093917, -0.0895706287928, 0.0801467788215, 0.0483291764342, 0.995610759559,  
15, 3197126.4360833494, 91.38825835042418, 107.44351242896006, 93.36620698394663, 76.0853931384541, 0.519542666545, 0.0697639514407, 0.851591691316, 0.790176768084, 0.339992535867, -0.509927201408, 0.325109355171, -0.937836908334, -0.121514775012,  
18, 1121352.9968290196, 64.44925669412119, 96.12435963060703, 64.29839140201544, 43.31319006026269, -0.326323215864, 0.72035779641, 0.612043955888, -0.108880788779, -0.671823721129, 0.732664904007, 0.938966523697, 0.172445738942, 0.297664802248,  
20, 1873014.4789431465, 76.46878241039559, 128.41326458923075, 81.53662750466492, 42.70609816600671, 0.818781300841, -0.53519756867, -0.207751639904, 0.348100937552, 0.175048908513, 0.920968846869, -0.456533589859, -0.826390611102, 0.329629548453,  
21, 318474.6182764811, 42.36384842376795, 103.13852927325344, 38.46923638198518, 19.162480090398628, -0.608429592689, -0.785269746434, -0.114738206698, -0.175926185573, -0.00752185041047, 0.9843746233, -0.773862654461, 0.619108106151, -0.133572994755,  
26, 1430777.9728204075, 69.90279571149848, 91.13942664387388, 65.26352488042815, 57.42576874790247, 0.683144320044, -0.710863235213, -0.167294048949, 0.425311268639, 0.201055973384, 0.882432331874, -0.59365323444, -0.673980679537, 0.439688390625,  
27, 1055392.110942655, 63.159945230132664, 87.26996720430978, 65.43385344196206, 44.12227778254989, -0.0145003470433, -0.213659960154, 0.976800471623, -0.766665552445, -0.624747649107, -0.148034812218, 0.641882910373, -0.751025829357, -0.15474667366,  
32, 752724.4543762157, 56.43074779886635, 121.48446068656708, 43.865877080252, 33.72095525212773, -0.301681826245, -0.644313994803, 0.702742877455, 0.295299364766, 0.637691389016, 0.711440775851, -0.90652433, 0.422148277831, -0.00211438944384,  
33, 228586.4676514593, 37.930389499629115, 125.87778786478759, 50.2663274353092, 8.624534209289546, 0.0956400533893, 0.987007331581, 0.129110447262, 0.939912148148, -0.132250562614, 0.314761723295, -0.327747057883, -0.0912486498134, 0.940348632134,  
36, 1005954.1008394944, 62.15792651608805, 126.81441845424865, 66.98805383447255, 28.269853701012828, 0.347094506419, -0.627827208371, 0.696676682574, -0.455286365156, 0.536644980659, 0.710441053457, -0.81990226815, -0.563777581287, -0.0995746429608,  
39, 822802.2578547056, 58.130263085880785, 149.38471956815044, 48.74934475957402, 26.973164847735426, 0.56911606673, 0.331770660568, 0.75235306298, 0.506161536015, -0.862434861847, -0.00257070621488, 0.648002625033, 0.382275212193, -0.658755083543,  
40, 1915429.938574383, 77.04170531550774, 109.61545710502891, 90.85677628954434, 45.91436044333685, 0.297124253048, 0.14220264549, 0.944190439406, 0.605738178268, 0.736322386784, -0.30151385061, -0.738104625131, 0.66151927435, 0.132641667752,  
41, 2020090.0589659791, 78.42009680004399, 123.77792944853495, 87.18989460797616, 44.686131157976284, -0.0016309006634, -0.957931384971, 0.286992686056, -0.218151058401, -0.279740008948, -0.93496291002, 0.975913651857, -0.0641325898468, -0.208517517341,  
46, 783232.0044457009, 57.18304423129513, 125.02038166591257, 56.61886621288071, 26.415560316126534, 0.0151813363031, -0.94160991506, 0.336363337611, 0.612915774959, -0.257025511085, -0.747176110069, 0.790002392296, 0.217505527544, 0.573225580076,  
48, 902308.2833591076, 59.945342375487854, 100.46941330702212, 71.5101567322305, 29.98228574593085, -0.736289933439, -0.565286038805, -0.371925837027, -0.671810874199, 0.676408222113, 0.301897443457, -0.0809152842444, -0.472147870259, 0.877797872739,  
51, 1983390.6096921796, 77.94229950398247, 129.4101335949398, 96.8175400818807, 37.791777055234014, -0.212610104467, -0.404343046876, 0.88955249644, 0.94495174401, -0.316807939261, 0.0818469981998, 0.248723028632, 0.857985681736, 0.449441236386,  
54, 2635227.1855372903, 85.68598975376854, 114.17341768990751, 84.24951807820719, 65.4029030713234, 0.599621395875, -0.552590942705, -0.578876007146, -0.481500345883, -0.826876129628, 0.290574057972, -0.639227344943, 0.104494575418, -0.761885349108,  
63, 1297605.891285591, 67.6630234346691, 120.90552768265827, 101.84041811935808, 25.15868101553051, -0.228441945707, -0.927126533795, 0.297070139486, -0.962096425702, 0.168302564661, -0.21458032151, 0.148945443343, -0.334829265539, -0.930432489677,  
65, 1192416.836598211, 65.78292245164563, 93.39938596534137, 57.101058471196474, 53.37664964155976, -0.933278340693, 0.0817737779021, 0.349720728641, 0.324137833084, 0.61114547876, 0.722105164747, 0.154680974773, -0.787282829127, 0.596874813512,  
66, 566162.44650931, 51.31970484977627, 112.63745289575985, 50.89224526307282, 23.578600135646727, -0.234243020269, -0.249349340234, -0.93965691291, -0.961327506499, -0.0845953574468, 0.262093591579, 0.144843476565, -0.964711631537, 0.219890507465,  
67, 2086369.1477053298, 79.26853786306937, 128.25362554003857, 88.0377748505055, 44.112719723201, 0.100247279547, -0.0221550609144, 0.994715857026, -0.0226567837519, 0.999441983485, 0.0245436712268, 0.994704555681, 0.0249974983378, -0.0996893774855,  
68, 3228473.7004733947, 91.68596941078896, 140.87196839848065, 102.87190819922965, 53.18476747779816, 0.605445734659, -0.038419798556, -0.794958729408, 0.435845496947, -0.8197447964, 0.371560454795, -0.665938559609, -0.571438874994, -0.479565894295,  
69, 1178811.3466032208, 65.53177016172896, 130.7648985720085, 64.17448114151732, 33.53529653003112, -0.131191889462, 0.871712581821, -0.472129074337, 0.990763420304, 0.0988116647639, -0.0928660319764, 0.0343006286789, 0.479951486717, 0.876624228088,  
72, 1183396.6988191775, 65.61662894106692, 128.31347553698967, 52.25552060613496, 42.134446844968124, 0.447611046415, -0.713183163573, -0.539457251618, -0.780640700223, -0.605891939365, 0.153280967401, 0.436170205634, -0.35251203243, 0.827943729193,  
80, 1029940.5762059592, 62.64809261240844, 127.23123667530533, 60.391556013155665, 32.00026618576755, -0.963566004246, -0.126487196537, -0.235672536741, -0.2062793245, 0.912312140377, 0.353744821595, -0.170262725649, -0.389470855949, 0.905164657187,  
88, 4017878.208152267, 98.62099644996154, 138.26737945282693, 119.46617099130917, 58.06888439701575, 0.246526024849, 0.952320273776, 0.179752650126, -0.960291277163, 0.215036036695, 0.177764355051, 0.130635301801, -0.216438441774, 0.967516831298,  
90, 1154829.174456305, 65.08432112445814, 102.60328581717619, 60.2322168909358, 44.61069821689542, 0.798341509745, -0.352234758522, 0.488448061422, -0.524784616653, -0.804772099703, 0.277385965153, -0.295384393533, 0.47777875887, 0.827330355801,  
94, 1147534.044056048, 64.94698424338472, 86.30800293466612, 69.2802299424314, 45.81593788033501, 0.0724632123864, 0.96410862776, 0.255428339713, -0.797329411147, -0.0978576629505, 0.595558299348, 0.599178515111, -0.246816595228, 0.76162108384,  
95, 1111848.4569580993, 64.26665008513216, 120.70344040552547, 93.18802361285395, 23.59811093245648, 0.368860592119, 0.915177819194, -0.162454371556, 0.786327796908, -0.400440445161, -0.470463649699, -0.495611197806, 0.0457931123148, -0.867336458056,  
97, 2337302.2692254507, 82.32696217864114, 100.45292100755637, 98.87991388326023, 56.176622168909816, -0.835000228827, -0.350621814638, -0.424074239914, -0.419726309538, -0.0925080069445, 0.902924190468, 0.355815180874, -0.931937021344, 0.0699209933346,  
99, 961465.5264498823, 61.22775973062248, 138.35691505424126, 94.31912934083859, 17.58913388631327, -0.742763917111, 0.237864411411, 0.625877212576, -0.0511726008156, -0.952201352169, 0.301154362167, 0.667595033208, 0.19165882894, 0.719432946789,  
100, 463661.4076289856, 48.014319717432336, 104.50805476399943, 62.81644332371033, 16.861229238882455, 0.757623679921, -0.342887457612, -0.555368842335, -0.571765505677, 0.0617117299853, -0.818092824135, -0.314786540598, -0.937347242912, 0.149296952626,  
101, 256146.97540911703, 39.397337624388484, 107.03118137948226, 39.65799124333865, 14.40653674150436, 0.213301936809, -0.931331781162, -0.295166727718, -0.782901987555, -0.343669885539, 0.518609185857, 0.584437132321, -0.120466274001, 0.802446954753,  
108, 269442.0747497664, 40.067502087219374, 127.27409020900392, 96.80525269619585, 5.220809905663686, 0.23468126077, 0.734844308463, 0.636339962727, -0.898402294165, -0.0860211529207, 0.43066655209, 0.371211561892, -0.672758651799, 0.639998259957,  
109, 424870.5695051998, 46.63614885720554, 116.15148254616514, 45.29910546363655, 19.277630694234787, 0.667484518388, 0.554481208825, 0.497006042993, -0.46476265819, -0.211253606016, 0.859864864672, 0.581773228384, -0.804936334753, 0.116693649061,  
113, 717840.4302031065, 55.545187258650955, 78.04668884391506, 67.53486101804017, 32.51298267034898, 0.266938526251, 0.878765611273, 0.395619544066, 0.778312814267, -0.438664797198, 0.449224174379, 0.568307123262, 0.188000521656, -0.801051070473,  
116, 1911883.2666833673, 76.99412496699898, 123.89555160342121, 94.76867455676712, 38.87337453724443, 0.687343784346, 0.614553675821, 0.387146356894, -0.147380613943, -0.403921472633, 0.902843507248, -0.711222522671, 0.677621740709, 0.187059615535,  
119, 141386.66073634778, 32.31766261217659, 91.02465269097462, 47.10070003916705, 7.872876443274816, -0.38544593788, -0.856016490565, -0.344481054416, 0.24776981479, -0.455633502574, 0.85499019305, -0.888842813916, 0.244200489787, 0.387717130054,  
129, 910446.9803256189, 60.12503610491609, 120.86648992932847, 70.65854833324086, 25.450447899626603, -0.958547537927, 0.0284804399068, 0.283505700253, 0.222198608171, -0.548141580947, 0.806330320504, -0.178365904982, -0.83590051548, -0.519091448745,  
130, 423688.7052656102, 46.59286604227879, 75.06139301149844, 48.86306090920261, 27.57788705690793, -0.527274788009, 0.293161911493, 0.797519524263, 0.836966831428, 0.341044150681, 0.427989965274, 0.146519012484, -0.893165707434, 0.42519077841,  
131, 977862.7897865274, 61.57386809999565, 138.49745522141956, 52.01302161927494, 32.40674660067089, 0.16751987359, -0.246171949298, -0.954639441533, -0.881009543273, -0.471953346358, -0.032897165887, 0.442446919544, -0.846557387447, 0.29594140154,  
132, 3349962.596485073, 92.82189907858051, 101.30689295591775, 91.41971107910808, 86.35202140570118, -0.98577849612, 0.016697012036, -0.167218319498, 0.136730722593, -0.498812896719, -0.855856532116, 0.097700901151, 0.86654884678, -0.489436032653,  
133, 3307668.3085353356, 92.42960866698652, 105.70903786354941, 92.27337096099579, 80.95521606160762, 0.398525531267, 0.189543238285, 0.897357655424, -0.626266878126, 0.771040046906, 0.115269438398, -0.670050146101, -0.607923191602, 0.425983796432,  
134, 3344721.848492485, 92.77346967458446, 104.24385264428116, 93.82522874792465, 81.63968347314417, -0.876776353845, -0.43768552919, 0.199235044297, -0.471654857195, 0.86349126802, -0.17867435669, 0.0938345406733, 0.250627627351, 0.963525231317,  
135, 3340467.8665892575, 92.73412169968631, 101.52776419675044, 89.53397160467483, 87.72957330804309, 0.101333846479, 0.975517179154, 0.195186282136, 0.872454249617, 0.00714224546502, -0.4886436029, 0.478074297451, -0.219807237155, 0.850370357322,  
136, 3723377.987842861, 96.15004810878202, 112.23472197036446, 94.2202959876154, 84.0575675633454, 0.263535121559, -0.182315376163, -0.947264663819, -0.909773382502, 0.279507783235, -0.306900295866, -0.320720489206, -0.942675184104, 0.0922055588226,  
137, 3561493.4742115694, 94.73588456156475, 99.89022290164766, 96.47524804085539, 88.22763900370796, 0.183507994678, 0.417219867076, 0.890085612965, 0.979876142237, -0.149974688118, -0.131720684781, 0.078533825607, 0.896345455414, -0.436345348084,  
138, 3217944.844239858, 91.58619060925817, 98.55470296667642, 92.04759738737619, 84.68376849594637, -0.385016560479, 0.623727169007, -0.680240153769, 0.914183818605, 0.156629926224, -0.373811465864, 0.126610402246, 0.765788146196, 0.630506400594,  
139, 3404453.0478008566, 93.32247465623622, 102.2967878881357, 95.76093737324106, 82.9675668670332, 0.693391442515, -0.565925714518, 0.446022861627, 0.111456392144, 0.695780665078, 0.709553901232, 0.711888881847, 0.442286504147, -0.545524397394,  
140, 3567305.4029188077, 94.78738907589023, 108.40006958300785, 93.68255813655689, 83.8616455678849, -0.118598164067, 0.939431046712, -0.321564587531, -0.125492628366, 0.307072160246, 0.943376005963, 0.984980241277, 0.152236647611, 0.0814734767796,  
141, 3478913.0386040835, 93.99793680476182, 106.96979267810634, 95.11402986553718, 81.62989295125125, 0.630534896879, -0.757897088325, 0.167385027186, -0.658698106272, -0.636588266357, -0.401088748198, -0.41053933869, -0.142644252059, 0.90061649371,  
142, 3424079.2176644895, 93.50146125407666, 104.68792689334752, 90.25703979630411, 86.51223044951372, -0.347560818597, -0.164045237513, 0.923195882479, -0.915683508072, 0.271284489445, -0.296527298629, 0.201804832504, 0.948416514953, 0.244501377792,  
143, 3660297.4445465794, 95.60396915870686, 99.66175442913122, 94.65272687930799, 92.63308141513136, -0.538340849692, -0.842031041975, -0.0342469546585, -0.068675715407, 0.00333127223418, 0.997633474147, -0.839924267816, 0.539418786265, -0.0596204441277,  
144, 3568247.3063525218, 94.79573082598804, 100.26396456552908, 92.63119852359101, 91.72002846993949, 0.0898256096366, -0.334834944785, -0.93798556471, 0.448284462172, -0.827405842298, 0.338290722762, -0.889366291709, -0.450871524807, 0.0757790689379,  
145, 3234784.3634772575, 91.7456697236627, 119.99646038073709, 85.72408187424611, 75.07328984800331, -0.427272514922, 0.775369934591, -0.465015765889, 0.89951982894, 0.4163941906, -0.132211782295, -0.0911168224633, 0.47478136291, 0.875374423945,  
146, 3890985.5092700375, 97.5716542201279, 110.91567590652453, 101.90448565800037, 82.1835264594899, 0.576078260452, 0.792947541408, -0.198413795914, -0.22460501658, 0.386956824636, 0.894324886378, -0.785930292304, 0.470636390902, -0.401017410092,  
147, 3461998.4597931923, 93.84534898527417, 99.98533806700013, 94.71850917120715, 87.27042437378867, -0.314681096185, -0.495737541304, -0.809456668294, -0.942682348111, 0.262964782271, 0.205425202557, -0.111021611699, -0.827703940686, 0.550073075426,  
148, 3534197.5865802295, 94.49323967023358, 102.17746971334013, 94.2603420987329, 87.60281488500847, 0.698647953007, -0.264656534038, -0.664716448383, 0.521740468512, 0.824189793681, 0.220222767915, -0.489569117976, 0.500667657217, -0.713900536308,  
149, 3263716.5868189135, 92.01838563964562, 105.85367740459762, 93.56796948301374, 78.66665324951276, 0.0289972833719, -0.941213080377, 0.336566627705, 0.381121575615, -0.300862319213, -0.874201469616, 0.924070074268, 0.153622271189, 0.349992422257,  
150, 3158228.7325576954, 91.01612125534848, 101.32902741279587, 89.2940084818449, 83.32950031149903, 0.105443999638, 0.334262097591, 0.936563085464, -0.510526253782, -0.790027009358, 0.339441112248, 0.853372431673, -0.51393207197, 0.0873459687763,  
151, 3193891.802031616, 91.35742781908928, 103.76737552636028, 94.00558826897445, 78.16585561887581, -0.951402394229, -0.301533226818, 0.0625395665196, -0.284049288913, 0.937718170856, 0.200001583782, 0.118951610849, -0.172517666261, 0.977797611525,  
152, 3246959.177875043, 91.86062721465301, 97.10248331676206, 94.76501461669864, 84.23834940009802, 0.148722928955, -0.40984261172, 0.89995028975, 0.350182203711, -0.829271066803, -0.435524880997, 0.924799391548, 0.379919111629, 0.0201879669946,  
153, 2012864.1503975182, 78.32648159371786, 115.33074734376504, 73.2438816224752, 56.88652400237167, -0.824320389646, 0.385396191944, -0.414687437052, 0.54548867267, 0.344748932554, -0.763930809362, 0.151452973569, 0.855931042046, 0.494412831608,  
154, 3561948.8466348066, 94.73992203171899, 104.98054380181823, 93.2203067911283, 86.89198588285342, -0.259877177315, -0.865706720777, 0.427803373423, -0.953526613295, 0.300016344856, 0.0278781376379, 0.152482295527, 0.400677010098, 0.903441798418,  
155, 3332064.590495476, 92.65629579647815, 102.41201040215998, 92.56872399374451, 83.90921017869427, 0.85429650772, -0.51932870642, 0.0217984307878, 0.399613318849, 0.683026668765, 0.611378577605, -0.332395355406, -0.513587640471, 0.791037965752,  
156, 2674101.4159822525, 86.10527436104617, 105.78604427085706, 86.7949552172586, 69.52906731874603, 0.475615111482, -0.125125402499, -0.870708848801, 0.470007979683, -0.800545263982, 0.371779207797, -0.743560868231, -0.58606391628, -0.321941487339,  
157, 3108145.0960693923, 90.53243991667912, 123.21681954303237, 86.94794488406961, 69.26013906386247, -0.810334245924, 0.548817337582, 0.205323987522, 0.584767469041, 0.779821773575, 0.223439048982, 0.0374888921327, -0.301127101783, 0.952846814309,  
158, 2785323.452697817, 87.28286814731027, 95.41862360435478, 91.66781110468955, 76.02160211271712, -0.509531944535, -0.392070200726, 0.765936129975, -0.83048703708, 0.456953452232, -0.318566827738, -0.225096598685, -0.798420002377, -0.558441600406,  
159, 3764286.5875359424, 96.50089850099191, 107.94293793420654, 99.75185526296612, 83.46009119298485, -0.266553630199, 0.206665193217, 0.941402496354, 0.959226588346, -0.0383639179569, 0.280022431261, -0.093986777996, -0.977659300427, 0.188012706619,  
160, 2709064.4662897335, 86.47891726478402, 106.3701316152686, 83.26137825364121, 73.02430600664117, 0.597715496828, -0.00885873656806, 0.801659346379, -0.740179774465, 0.378070738873, 0.556054329972, 0.308009880237, 0.925734324304, -0.219421681887,  
161, 3858418.544633704, 97.29867115539902, 118.13708876677104, 95.46187697782135, 81.6778868585083, 0.563871511961, 0.80495320953, -0.184659818226, -0.416182610617, 0.470090553139, 0.778335985593, 0.713330885788, -0.362029283784, 0.600078199124,  
162, 3091235.648540388, 90.36796474463071, 102.73351078235166, 87.11755094598928, 82.45665558652324, -0.231144186093, 0.53117085908, 0.81512568583, 0.967356468741, 0.0360068014725, 0.250848505344, -0.103893347338, -0.846499278624, 0.522154329358,  
163, 3642755.645176265, 95.4509987227638, 100.44105514247413, 95.74307800276459, 90.43213390540208, 0.457964867229, -0.866479377607, 0.198699946063, -0.834177583214, -0.496123764146, -0.240850514455, -0.307271769038, 0.0554499669171, 0.950004926893,  
164, 3327270.005066213, 92.61183269519483, 97.74910167267174, 93.2323014035563, 87.16060899276873, -0.941489118351, -0.334596757491, -0.0405370189192, -0.141955707368, 0.284572927245, 0.948085874921, -0.305690721436, 0.898366995696, -0.315420233771,  
165, 3397689.866151695, 93.26063650419938, 98.49981166646799, 94.48840779896432, 87.15276992496386, 0.562282801175, 0.559211697809, 0.609196461363, 0.549597997962, -0.80315125589, 0.229978478988, -0.617883558722, -0.205500212155, 0.758939767482,  
166, 3038148.8903239258, 89.84766908972952, 101.65550318192716, 89.78681698745461, 79.46519876486452, -0.610478189695, -0.512226459505, -0.60410299957, -0.782241729112, 0.270369944378, 0.561246799913, 0.124154166835, -0.815183505329, 0.565739865572,  
167, 3110386.1778612547, 90.55419371218245, 104.46288260744788, 86.998563737477, 81.70556081550548, 0.339630458876, 0.829407961286, -0.443546598634, -0.00141151263873, 0.472026592421, 0.881583180239, 0.940557897758, -0.298786428412, 0.161485328006,  
168, 3365540.7732914886, 92.96555842505428, 107.94089402938052, 91.80143135460725, 81.08318197738852, 0.721388038351, 0.37398456946, -0.582867772253, -0.240082978349, 0.924507449846, 0.296050905566, 0.649584068179, -0.0736309512718, 0.756715944977,  
169, 3112452.253619349, 90.57423949896732, 120.68456901957273, 85.14441700268885, 72.31129988584878, -0.564043308524, -0.705817937021, 0.428574597811, -0.178032072131, 0.610755854433, 0.771545117001, -0.806324827475, 0.358884836758, -0.47015098271,  
170, 3501615.0619900296, 94.20195822674195, 99.83373061153621, 97.49194965549322, 85.88824657155523, -0.85758274032, 0.192729129187, 0.476872442345, 0.254014479931, 0.964887772612, 0.0668448221592, 0.447245444349, -0.178457471199, 0.876427089656,  
171, 3493408.525827722, 94.12830873592019, 109.1375909514543, 91.15799223805928, 83.82849170494912, 0.474763509172, -0.271433391929, 0.837211755833, 0.62531820988, 0.773429035254, -0.103849236004, -0.619335730239, 0.572827584158, 0.536928125615,  
172, 3465950.6089706435, 93.88104607166945, 101.26417525932396, 94.96414661835871, 86.04353814129647, -0.961094840699, 0.268311581688, -0.0656170885863, 0.105977311025, 0.577564162366, 0.80943711794, 0.255079432197, 0.770991915316, -0.583528876566,  
173, 3396655.3631017567, 93.25117044441227, 99.99005209259444, 91.31318975898955, 88.8121873138908, 0.741871691057, 0.643572082337, 0.188258781589, -0.257735407209, 0.014494899237, 0.966106804534, 0.619030575884, -0.765248242554, 0.176624668118,  
174, 3260657.2387336674, 91.98962453524308, 96.90805864214228, 93.47482272705663, 85.93339997560165, 0.250161117676, -0.933771620486, -0.255910093543, -0.194506800747, -0.307394264853, 0.931491207902, 0.948465349745, 0.183246628101, 0.258523023392,  
175, 3601022.004805295, 95.08508271913433, 102.88884075259395, 93.62640670877047, 89.24225506809923, -0.0939451485416, -0.30868331701, 0.946514088044, -0.317026894576, -0.89195332036, -0.32235573892, 0.943752222345, -0.330354179781, -0.0140662262255,  
176, 3506393.093997421, 94.24478564540752, 106.94688739389194, 92.73660478011095, 84.4019833143812, -0.184866559198, -0.826439849385, 0.531809675202, -0.199225455563, 0.561416116072, 0.803194349128, -0.962358339261, 0.0425337508757, -0.268434921145,  
177, 2387641.7880373476, 82.91380655589047, 105.27421210475086, 81.71410878308961, 66.26153825190659, -0.9318435106, 0.0963093693125, -0.349845933426, 0.147611888975, 0.981365321175, -0.123015595064, 0.331479112442, -0.166272703047, -0.928695313995,  
178, 3514039.237623393, 94.31324022608783, 100.71248739368544, 93.29039031123658, 89.28896006123053, 0.653245962508, -0.0796673686432, -0.752942775276, 0.450389795627, 0.840260096818, 0.30184764649, 0.608620361525, -0.536298499037, 0.584777885584,  
179, 3220700.235731576, 91.61232362578261, 115.58499361812147, 89.39817622707997, 74.4100477738022, 0.302338855902, -0.805311744471, 0.509964910978, -0.500140338104, 0.321418763756, 0.804083093036, -0.811449849598, -0.498159585397, -0.30559150686,  
180, 3860746.610446044, 97.31823635327481, 112.93604753637516, 97.89291903286149, 83.36789314697117, -0.0239487022326, 0.0101116335165, -0.999662050159, -0.0101049356141, -0.999900212356, -0.00987196063386, 0.999662117887, -0.00986510000706, -0.0240484898536,  
181, 3267438.4448586265, 92.05335081475901, 99.49494721160077, 94.26439190704916, 83.17065259467374, 0.826809513576, -0.486662185722, 0.28203890733, 0.00623402077601, 0.509316100513, 0.860556939861, 0.562447477765, 0.709758428443, -0.424141259499,  
182, 3483620.3402339634, 94.04031375938835, 107.40555514769355, 91.46260586305714, 84.6587581266841, 0.856597725913, 0.108024205382, 0.504550400864, 0.128959920266, -0.99162761873, -0.0066336066324, 0.499609522453, 0.0707491118214, -0.86335675607,  
183, 3443152.436140155, 93.67475092538668, 101.41209023700036, 91.0016450913531, 89.06942802810146, -0.360060130455, -0.701813728051, -0.614665920298, -0.904001823866, 0.425258865479, 0.0439954517923, -0.230515519875, -0.571500121129, 0.787559652754,  
184, 3325646.3719015326, 92.59676607820963, 96.65339347897688, 91.57813123993287, 89.69713557281548, -0.241440608684, 0.268795227158, -0.932446008268, 0.970381434513, 0.0749368885938, -0.229661346945, -0.0081427287198, 0.960277870507, 0.278926706114,  
185, 3648220.3997556088, 95.49870579881106, 105.05583342785344, 92.84131393961056, 89.29579486980579, 0.78125557512, 0.514923841345, 0.352835888138, 0.353727918682, -0.830941271987, 0.429433536247, 0.514311467779, -0.210689439989, -0.831320440016,  
186, 3568373.579819571, 94.79684902617312, 107.04071828685127, 93.10570812592263, 85.47839985742638, -0.889156594923, -0.408386591528, -0.20644839928, 0.0824527101254, -0.586748196587, 0.80556073911, -0.450113430479, 0.699247413769, 0.555383609805,  
187, 2782408.114741722, 87.25240515161818, 94.60572259992861, 92.50552178142496, 75.90094054574344, -0.571185761091, 0.407035609305, -0.712789477395, -0.416668954244, 0.604400796801, 0.679033621697, -0.707201392035, -0.684851582157, 0.175626027456,  
188, 3855523.360332354, 97.27432887896768, 102.43928802148503, 98.32196859606427, 91.38556742879202, -0.729179939122, -0.0363058243429, -0.683358254139, -0.593088303529, 0.531689790509, 0.604609155476, -0.341383773191, -0.846160654833, 0.409230088843,  
189, 3398696.0436366233, 93.26984153223258, 101.20243469865409, 96.30194492838473, 83.25257931462215, 0.704935059659, 0.425203349279, -0.567687126352, 0.378318287404, 0.451604954863, 0.808039750359, -0.599951527275, 0.784381971048, -0.157489962901,  
190, 3493596.82115969, 94.12999988298364, 99.23041288036853, 93.93243428797332, 89.47955151985438, -0.270041809589, -0.608973397997, -0.745807496346, -0.956904856688, 0.0838054989263, 0.278046279594, 0.106820018351, -0.788750935899, 0.605360590721,  
191, 3104326.738214037, 90.49535167516159, 102.57763939929146, 90.40327474715876, 79.91751168768242, 0.282900815505, -0.776221815037, 0.563424194055, -0.489628042357, 0.38824354654, 0.780724873888, -0.824761485961, -0.49673598866, -0.2702255518,  
192, 3780902.792998452, 96.64268058419333, 106.0175391493899, 97.80473577798828, 87.05010495071683, -0.689902097224, 0.529505649902, 0.493618134765, 0.718438270143, 0.417201252928, 0.556587429384, -0.0887780842311, -0.738624993672, 0.668245142506,  
193, 3456065.5861133067, 93.79171031768782, 100.27501503445552, 92.45644812943014, 88.99455282898404, 0.254546010593, 0.00318943632293, 0.967055404818, -0.639957064989, 0.750271784794, 0.16597350365, -0.725025022646, -0.661121831767, 0.193019791988,  
194, 3610963.3280420243, 95.1725026241814, 98.37641817144441, 96.0554653310011, 91.22657755493817, -0.666572299842, -0.732078039001, -0.140510191428, -0.739109428397, 0.624550044051, 0.252298425144, 0.0969464900765, -0.272027548765, 0.957393540178,  
195, 3230380.17980412, 91.7040133355613, 108.53306347269827, 98.38038558034695, 72.22614670107505, -0.910747859742, 0.330324290306, 0.247839059088, 0.367488255668, 0.374494107141, 0.851296978535, -0.188389803126, -0.866394844716, 0.462460003814,  
196, 3371208.74355442, 93.01771750146618, 101.59119699197706, 94.8700467825529, 83.50487748896116, 0.983074693375, -0.150262030582, -0.104811590062, -0.00280947552656, -0.584396889814, 0.81146311193, 0.18318366219, 0.797434384348, 0.574927950761,  
197, 3787516.2396276104, 96.69899596273353, 100.97977971603204, 96.32581470798443, 92.95843091581979, 0.758962249742, 0.633906937614, -0.148789441532, 0.57400402829, -0.759235825517, -0.306725181162, 0.307401494749, -0.147387094741, 0.94009646597,  
198, 3498131.887535028, 94.17071257706178, 102.62114767143419, 94.65633940148527, 85.97278540389, -0.696319778067, -0.148387521404, -0.702224971191, -0.714061523212, 0.0444069003458, 0.698673148382, 0.0724907424438, -0.987931764189, 0.136879222553,  
199, 3681007.7558180946, 95.78394226783473, 107.11225529170432, 95.30962917580933, 86.07998441989236, 0.762284525681, 0.303396410455, 0.571728012285, 0.505893570617, 0.271698954445, -0.818688813507, 0.403725150463, -0.913307339441, -0.0536256152198,  
200, 3627941.851846499, 95.32143449704954, 111.8662975400254, 96.55433707167917, 80.18638919026615, -0.357817407819, -0.650204265793, -0.670224675319, 0.184203229952, -0.752790414301, 0.63196183604, 0.91544299262, -0.102669396025, -0.389131240564,  
201, 2723420.463987885, 86.63140589414058, 107.90173595156038, 90.81899226965957, 66.3469521062499, 0.287101133245, 0.523106508857, 0.802454060791, 0.797944650731, 0.332866627863, -0.502478001931, -0.529959690599, 0.784575929051, -0.321843654426,  
202, 3672623.191492513, 95.71116173046089, 111.92471238024116, 93.46536206035744, 83.81294158063051, -0.971340055423, 0.147673902116, 0.186254974066, -0.0572965676491, -0.905952442688, 0.419484534785, 0.230685066847, 0.396790360546, 0.888449103613,  
203, 4070203.22026687, 99.04726657820623, 108.80424530404757, 98.69005167120794, 90.49159996997146, -0.935055940454, -0.228409619699, 0.271107790096, -0.173530907153, 0.961784399908, 0.211796582494, -0.309123620069, 0.150996071877, -0.938958345079,  
204, 3202459.7336616633, 91.43904666693355, 109.02361456318924, 87.00573704473581, 80.59843361836899, -0.913600668135, -0.179901867406, 0.364649334687, -0.389125819499, 0.126662167608, -0.912435089141, -0.117961501274, 0.975495778259, 0.185723102538,  
205, 3643342.610052451, 95.4561251874659, 103.6844936781216, 92.66681796677285, 90.52600234562426, 0.33403215415, -0.15361261583, -0.929960044438, -0.865263862585, 0.341323071733, -0.367174357502, -0.373819432478, -0.927308861686, 0.0189025644032,  
206, 3565711.3850511415, 94.7732686791997, 107.13754593713317, 93.5294775461241, 84.950780951437, -0.0517109928341, 0.43039994029, 0.90115584924, -0.775911139419, -0.585408409329, 0.235072112364, 0.628719235387, -0.68706104946, 0.364224158136,  
207, 3378930.2397221765, 93.08868001033133, 107.20071846762296, 93.10020955866906, 80.82435763861852, -0.195911499284, -0.66988947505, 0.716147174584, -0.493768963804, -0.563575536251, -0.662249820931, 0.847237212847, -0.483353603645, -0.220359703692,  
208, 3516432.3938860595, 94.33464532795082, 114.45628716264419, 94.81263959703819, 77.35845216943696, -0.101682514415, 0.94534808022, 0.309802636345, 0.991601734732, 0.12133094371, -0.0447750128458, 0.0799166186671, -0.302647995735, 0.949746031705,  
209, 3124099.1055680066, 90.6870756783379, 104.34531511104406, 86.54295918626322, 82.59076660430568, 0.685976739505, 0.641173414644, 0.34399500754, -0.424337229111, -0.0315275163835, 0.904955209776, 0.591078530188, -0.766748112528, 0.250446607256,  
210, 2948666.1426494955, 88.95676847463571, 110.55066938042002, 88.56325570568653, 71.89886652546038, 0.73016136655, -0.39811081915, -0.555312663708, -0.449512284694, -0.891961393282, 0.0484105236807, -0.514590210466, 0.214272370057, -0.830231453706,  
211, 3292149.0809894777, 92.28482536667742, 109.70562447706057, 87.12613212921494, 82.22683154159206, -0.79986195822, 0.434064277449, -0.414498553479, 0.0414613803153, 0.728930966262, 0.683330520587, 0.598750199779, 0.529384406142, -0.60104105417,  
212, 3254721.826171183, 91.93377403608953, 104.84349396631491, 95.29926126871717, 77.76680332610991, 0.338332166277, -0.832869819452, 0.438017361652, -0.859048847432, -0.0833475453034, 0.505062634152, -0.384143753024, -0.547157244801, -0.743675014018,  
213, 3208291.651984767, 91.49451878503076, 106.54283530267054, 91.49583054846859, 78.5705291818034, -0.728266174887, 0.635629961128, -0.256130691312, 0.660998361995, 0.552901136904, -0.507327801573, 0.180857800371, 0.538771644879, 0.822809559205,  
214, 3446724.0910848435, 93.70712999982514, 101.48841307768396, 95.83300158974356, 84.60311580720796, -0.824277754337, 0.381782648253, -0.418100697437, 0.557023865007, 0.679129051907, -0.478025255262, -0.101442582367, 0.626917650372, 0.772453016134,  
215, 3380399.443481832, 93.10217012023253, 101.16658963635138, 91.94935012738583, 86.7548250070195, 0.861136478138, 0.352997008597, 0.365837502098, 0.382156775685, -0.924063564357, -0.00792008998958, -0.33526133809, -0.146627558626, 0.930645042018,  
216, 1362144.093031155, 68.76669423624358, 99.54575480252775, 93.04951882955349, 35.10731099588754, -0.00661190638324, -0.25099360365, 0.967966163469, 0.944614237425, -0.319186941315, -0.0763127705495, 0.328116176298, 0.913850046463, 0.239202565685,  
217, 3003050.387251926, 89.50033686827469, 99.9416259056274, 92.85132314939784, 77.25729575890591, -0.831297273662, -0.513388797987, -0.213018273638, -0.550957681678, 0.811720231665, 0.193793442883, -0.0734198597269, -0.278464014921, 0.957636317498,  
218, 3297277.6236133277, 92.3327212443861, 109.25688078610887, 97.73105766771681, 73.72003108557541, 0.595281351117, 0.697313004917, 0.399242640742, -0.433774559125, -0.139362523193, 0.890178475917, -0.676372489734, 0.70308794635, -0.219516730179,  
219, 3823472.9272863828, 97.00403583425933, 112.73648525793047, 97.93178045514593, 82.67634502362729, 0.376384889819, 0.708443468482, -0.597027860892, 0.380759849043, 0.469192002759, 0.796794077478, 0.844604257669, -0.527225489247, -0.0931500478518,  
220, 3336550.465232443, 92.69785743098481, 109.40896481561538, 92.97649210615401, 78.30383327322014, -0.200759925723, 0.63712266699, 0.74415734857, 0.960867350635, 0.276063374916, 0.022868045705, 0.190864838846, -0.719627487133, 0.667612831703,  
221, 2310005.354432641, 82.00521264156689, 117.17684962171403, 73.44901695562582, 64.07617401862235, -0.0567616753194, -0.601602368829, 0.796776444202, -0.985726083789, -0.0929278103566, -0.140387000113, -0.158499842124, 0.793371925318, 0.587740408824,  
222, 3619289.1090353057, 95.24559274082863, 98.85486619170662, 96.66740459436383, 90.4183454346948, -0.115542010217, -0.772534830766, 0.624371667462, 0.649774696411, -0.534217594737, -0.540744306838, 0.751294141984, 0.343222226447, 0.563698159917,  
223, 3003535.119845699, 89.50515212729582, 98.47241112663714, 92.15672724407241, 79.01371653122926, -0.72166943924, 0.306527376548, 0.620672367593, 0.688054433673, 0.416052919165, 0.594542735855, 0.0759889253146, -0.856119697169, 0.511160197343,  
224, 3211621.1240615877, 91.52615796261937, 95.78674724359725, 90.94317091715845, 88.01570625435535, 0.139185649454, 0.732630011892, 0.666243664632, 0.622964971251, -0.587763986137, 0.516186149751, 0.769767497092, 0.343200760891, -0.538211146432,  
225, 2522911.5241131303, 84.45093658986997, 112.03369434392538, 79.48544332579546, 67.63588128654735, 0.340179221956, -0.930895579285, 0.133084625022, -0.762781474612, -0.190394219399, 0.617992284101, 0.549947742007, 0.311742620903, 0.774838060097,  
226, 3132377.7482059128, 90.76710981316371, 109.4424981470433, 100.15273243774948, 68.22392803975683, 0.708821769963, -0.699676680567, -0.0895781284484, -0.0540252066353, -0.18046704232, 0.982096188611, 0.703315701143, 0.691291681786, 0.165719145603,  
227, 4643836.5216589, 103.49739951610809, 110.15840428957776, 103.66590646185654, 97.08110872988777, 0.178969954756, -0.138382429492, 0.974073949196, -0.380253172124, -0.922852715649, -0.0612404303531, 0.907401388794, -0.359434512015, -0.217783266546,  
228, 3315698.8710622424, 92.5043503267122, 103.77947475211326, 92.57191006016804, 82.39403640774273, -0.147163871781, 0.687116336795, -0.711487128873, -0.260715766893, 0.666934151552, 0.698015849668, -0.954133158283, -0.28821862744, -0.0809934507265,  
229, 3511703.2652952056, 94.29233721955612, 102.22484360985867, 93.12751244430045, 88.06325721376102, 0.60965066549, -0.417587002912, -0.673756010041, -0.659201605213, -0.739124021858, -0.138379637218, 0.440203713923, -0.528504281261, 0.725881474441,  
230, 4146466.109833801, 99.66205477056266, 121.83437125768911, 104.998286704714, 77.38155840567207, -0.290651753159, 0.939091673173, 0.183380445419, -0.751817673873, -0.105593440854, -0.650861129966, -0.591854495326, -0.327042588396, 0.736716635985,  
231, 3136303.8002801673, 90.8050158011949, 109.05421625542266, 87.68193071924428, 78.3027382868132, 0.500163280889, 0.857617077954, 0.119706474562, 0.297874566981, -0.300204600723, 0.906172135993, 0.813085133794, -0.417576514314, -0.405613633767,  
232, 3477406.4276692932, 93.98436563408212, 97.66652068444768, 93.22657390491463, 91.17618209662106, -0.591377770661, -0.131645682422, -0.795576361305, -0.797007794503, 0.245515483051, 0.551815841639, -0.122682141606, -0.960412183327, 0.250115034032,  
233, 3524252.8713410324, 94.40452635614652, 99.38341430652409, 92.81884994077305, 91.20703906991056, 0.869506146616, 0.443158686025, 0.218104195275, 0.305359361696, -0.829386191276, 0.467839936244, 0.388219939237, -0.340189542345, -0.856479044728,  
234, 3856616.3774696453, 97.28352023492386, 110.85162236656822, 93.5186928892719, 88.81316563426734, 0.901207528591, -0.105748011584, -0.420288411043, -0.352696056004, 0.384608576175, -0.853042633877, -0.251854089683, -0.917002508818, -0.309315237793,  
235, 1514184.5697910008, 71.23554243173356, 94.17014929296448, 78.62897880183611, 48.81961078831431, -0.596186436706, 0.663225417553, -0.452430965121, 0.549534795952, 0.747944025942, 0.372278446994, -0.585297565966, 0.0266791973247, 0.810379528187,  
236, 3180181.4796617953, 91.22651790343579, 102.80031903813568, 96.05322218904223, 76.88770430724482, 0.977132426439, -0.161965606254, -0.137765611066, -0.0803332035628, -0.881088033383, 0.466079879242, 0.196872541527, 0.444354610441, 0.873950903983,  
237, 3450483.0191505873, 93.74118266172569, 102.58548975346034, 94.98527432280069, 84.53743522475234, -0.927590858783, 0.371453427894, -0.0399693583662, -0.126486966714, -0.211580220528, 0.969141299054, 0.35153413199, 0.904022212773, 0.243243895831,  
238, 3605540.3109788164, 95.12483476302917, 105.37873338399622, 99.82554731874326, 81.82519933296938, 0.751146718652, 0.375663040275, -0.542822150644, 0.637011761865, -0.196750401541, 0.745322275756, -0.173189555991, 0.905630476334, 0.387090193664,  
239, 2418337.9211075804, 83.26761500557734, 112.87615202575644, 87.28615316175626, 58.597734672719675, 0.77160860156, 0.431951865884, -0.466945126923, -0.384273416723, 0.90152439958, 0.198966575487, 0.506906408717, 0.0259102782761, 0.861611600596,  
240, 3551101.6172101353, 94.6436535123664, 101.38565971491333, 96.39480762365845, 86.74497344517026, 0.877800689248, -0.469309191884, -0.0959939183925, -0.0223590209107, -0.240316653819, 0.970437004695, 0.478503943703, 0.849703941565, 0.221443418395,  
241, 3883848.422329631, 97.51196038066489, 104.07263667828805, 101.25283204116766, 87.9893128159314, -0.606393020069, 0.0880676421368, 0.790273114575, 0.606097939369, -0.592133448429, 0.531058628726, -0.514716225802, -0.80101315199, -0.305687973652,  
242, 3487503.8139570416, 94.07524556677751, 99.89682927684919, 96.72058747326992, 86.16987287686116, -0.464756195891, 0.882833627152, 0.0678709448197, -0.157100798175, -0.157653891778, 0.974917734796, -0.871390278574, -0.442436478126, -0.211964490491,  
243, 3282731.706695088, 92.19674604779692, 105.6191226085731, 92.36334025108133, 80.33496238520935, -0.406494359692, -0.8679389897, 0.285384382364, -0.899078967205, 0.435564192249, 0.0440550242416, 0.162540291216, 0.238674976882, 0.957400077889,  
244, 2700620.640731323, 86.38897565344129, 108.16605637388548, 89.53111843945906, 66.57481487359478, 0.847462389182, 0.345256729234, 0.403243462241, 0.438003059607, -0.883947147883, -0.16367883041, 0.299934690718, 0.315333522906, -0.90033546561,  
245, 3257664.3913866733, 91.96147119483528, 101.13658637115775, 92.20770899092562, 83.3954216578656, -0.869580385878, -0.0437071107799, 0.491853271783, 0.172081787817, 0.906810081545, 0.384815974603, -0.462836699925, 0.41926741404, -0.781023062865,  
246, 1484072.364111656, 70.76016270627666, 112.11341273365787, 68.4433404139172, 46.1718949104818, 0.875198070689, 0.0913702845803, 0.475057689295, 0.41104664685, -0.65825741411, -0.630664594601, -0.255086242625, -0.747227306691, 0.613663067944,  
247, 3385900.135228635, 93.15264234159062, 102.56439779406854, 90.98498966317939, 86.62019377799525, 0.359548574399, 0.345554178029, -0.866785517123, 0.432939978757, 0.761096408763, 0.483006450642, 0.826612241285, -0.548930384124, 0.124046910256,  
