# Void_ID, Void_Volume, r = (a*b*c)**(1/3.0), a, b, c, vector_a, vector_b, vector_c 

5, 722650.7855415848, 55.66898332696567, 141.63691318101914, 56.53121702665556, 21.546418022738, -0.695379262195, 0.718606879474, 0.0071996168038, 0.271499544887, 0.253421579254, 0.928474824804, 0.665383858262, 0.647596831324, -0.371325551535,  
19, 3212084.4086372284, 91.53055871194812, 132.55439851497474, 94.75299979487302, 61.05359316872709, 0.0523046540348, 0.94397913126, -0.325833735075, -0.994243695991, 0.0797765119005, 0.0715204944888, -0.0935077330986, -0.320217282319, -0.942717983257,  
30, 2396586.687566893, 83.01721841509016, 108.26570183252885, 76.27991816701923, 69.27928857251537, 0.856604608795, -0.433372501536, -0.280030032505, 0.266939980739, -0.092225555662, 0.959290098753, -0.441555875145, -0.896483531246, 0.0366836111841,  
33, 131560.59211349065, 31.5509473107607, 100.68924310031352, 66.30494294723825, 4.704443187847276, 0.0729711118397, -0.0879123241505, 0.993451881119, -0.925157242165, -0.378012659685, 0.0345037155474, 0.372504086026, -0.921616977046, -0.10891672743,  
39, 2232628.679720283, 81.07917045615662, 119.71890398288986, 79.90282707419091, 55.71896134675378, 0.904780001335, -0.359187027825, -0.228818330183, -0.225826229928, -0.86016552879, 0.457293972142, -0.361075702674, -0.362077259882, -0.859374420619,  
74, 3429367.64674063, 93.54957360423464, 114.27172854557064, 89.63965373582974, 79.92570393100569, -0.868779397238, -0.360619239635, -0.339376078916, -0.447800116602, 0.279522014446, 0.84931884414, 0.211417630548, -0.889843361185, 0.404328304783,  
88, 921743.2561844796, 60.37267974343498, 140.12408355849036, 73.17793177306169, 21.45993703742986, -0.522732192075, 0.83035439586, 0.193035314499, 0.846105621692, 0.477662316431, 0.236524815617, -0.1041937249, -0.286967400131, 0.952256992074,  
90, 683198.2759577659, 54.63690006720367, 124.4586565114031, 57.05593928434323, 22.96847624118192, -0.846631240767, 0.158143752463, -0.50813983874, -0.150404439124, 0.84479741216, 0.513513229723, 0.510484129871, 0.511182830272, -0.691446358863,  
110, 171011.83986535418, 34.43334310543366, 114.7811498522638, 34.14274756616438, 10.417620483553911, 0.0508242992087, 0.693531071642, 0.718631716025, -0.483146184317, -0.612682187284, 0.625452078072, 0.874063301592, -0.378992335083, 0.303937748163,  
122, 3977179.4003667254, 98.2868743165269, 128.57773043494817, 98.55731407858374, 74.92589804157124, 0.406972526108, 0.788532831618, -0.461074111671, 0.799928100475, -0.551364000651, -0.236881347632, 0.441008386614, 0.272421937894, 0.855159570309,  
137, 1305167.439033196, 67.79420002907592, 84.18941689571791, 73.29645403685088, 50.493695303661504, 0.969486124042, -0.13172795809, 0.206747189455, 0.140437943747, 0.989694396869, -0.0279675662547, 0.200932424576, -0.0561493175697, -0.977994588375,  
148, 1279116.2597634364, 67.34010720278276, 117.0163779321927, 78.45711587236485, 33.261545132376966, -0.909913978768, 0.397680840223, -0.11792582653, 0.188291298628, 0.649317939768, 0.736839602598, 0.369598346999, 0.648256247495, -0.665703311904,  
152, 1122119.1496864, 64.4639314489079, 91.22246173009773, 68.21026495824908, 43.05254607400109, -0.888207045628, 0.386694607415, -0.248103858681, 0.0370595162876, 0.598550113019, 0.800227689134, 0.457946324747, 0.701573262604, -0.545967142647,  
179, 308703.17975911224, 41.926070910817174, 115.8521190565186, 67.41379023374671, 9.436257126168769, -0.938924233494, -0.0159599569341, 0.343753637846, -0.344031648797, 0.0204011736629, -0.938736393637, -0.00796921475194, 0.999664479657, 0.0246458866426,  
182, 1013800.7800032727, 62.3191236086685, 106.18913743557992, 92.05206402885325, 24.7599855997941, -0.115757299313, -0.733137476027, 0.670156465984, 0.369938540701, -0.657973198599, -0.655909098908, 0.921816534762, 0.171990439184, 0.347381008505,  
186, 1790322.672899442, 75.32646163079171, 116.74976932767036, 63.95970609858602, 57.237441379439204, -0.68642579557, 0.630792398419, 0.361829486462, 0.717389043053, 0.505935303825, 0.478938857529, -0.119048679471, -0.58832849535, 0.799810598502,  
197, 547891.0240880027, 50.76158708970566, 108.68783987441027, 47.1524680521072, 25.522322339809392, -0.25581203655, -0.0685979514367, -0.964289646846, -0.944849902796, -0.193260492882, 0.264403182807, 0.204496609124, -0.978746495754, 0.0153764074783,  
209, 958207.6523357901, 61.15852581860824, 104.63901885049427, 81.66944262310973, 26.768114116839442, -0.0519405664346, -0.191713961118, 0.980075473967, -0.554461307247, -0.810703948381, -0.187967462196, 0.830587043196, -0.553177064954, -0.0641895512091,  
224, 595676.1090770239, 52.1963968317369, 117.90766014809368, 72.58755537760754, 16.615651760536828, -0.516405637966, 0.397935938023, 0.758269217565, 0.845432621879, 0.377814589899, 0.377491480067, 0.136267747251, -0.836004261287, 0.531533607752,  
253, 189806.82418911566, 35.65122068000328, 142.35334546760942, 44.553529228131566, 7.144526045303232, -0.846734059616, 0.130350061876, 0.515800633632, 0.459700812801, -0.308764514885, 0.832670185042, -0.267799542563, -0.942164176626, -0.201519401761,  
258, 1051778.7107854192, 63.08778149470133, 114.0644937887829, 66.65648757426261, 33.02500288066194, -0.980809809878, 0.0722782466716, -0.181074492698, 0.194752341678, 0.319639982456, -0.927308905935, 0.00914561417465, 0.944778353199, 0.327582388213,  
267, 2225619.3200738397, 80.99423188849129, 129.394848868709, 67.55860496284856, 60.780548167509494, -0.348337392481, -0.792812350415, -0.500109626012, -0.924321903698, 0.201810463082, 0.323885095883, 0.155852748914, -0.575083571336, 0.803111951496,  
282, 2438560.6688485537, 83.49907258535072, 122.86712350239698, 90.57244630419484, 52.3134264641573, 0.176374083405, 0.734230419669, 0.65558971433, -0.399467336874, -0.555326596522, 0.729409499504, 0.899621047705, -0.390535609167, 0.195355850945,  
289, 2545850.360517151, 84.70611326669636, 137.27801354305458, 81.25504820658864, 54.4870035985242, -0.00866057928523, -0.923486504115, 0.383533142093, -0.214265449153, -0.372925330825, -0.902782927911, 0.976737073969, -0.0899965240802, -0.194641501196,  
291, 409402.64858211344, 46.0631902281249, 120.89218038731659, 79.97207077269348, 10.109402463312948, 0.485941078614, 0.348726422408, 0.801405733964, -0.306508023304, -0.79071401596, 0.529928463677, 0.818482803586, -0.503151296609, -0.277352975384,  
306, 1901918.6634166178, 76.86012922093606, 120.40970965733202, 96.23313013278204, 39.18476166099968, -0.328192993308, -0.225699222387, -0.917250903601, -0.342203238673, 0.93348470842, -0.107253170528, -0.880446649483, -0.27868649081, 0.38359814553,  
318, 2383519.156826743, 82.86605791201134, 115.4867881814891, 79.10855116459345, 62.28368556151812, -0.541607459457, -0.831424231767, -0.124077019189, -0.177551071615, -0.0311291682289, 0.983619129467, -0.821667193473, 0.554765465504, -0.130760473597,  
321, 1148200.8378830357, 64.95956131772549, 121.81470616032591, 88.15294274550075, 25.526584748573168, 0.253519144265, 0.758082604801, -0.600865049566, 0.626303180613, -0.602022600492, -0.495290939198, -0.737205785006, -0.250757956595, -0.627413801059,  
332, 831738.8601116388, 58.3399601121349, 96.79440576841967, 81.7521867189049, 25.092778182818634, -0.563444289916, 0.799594802447, -0.207794812401, 0.812111242917, 0.489883557519, -0.317000676971, 0.151676831745, 0.34736472471, 0.925382022053,  
335, 4096509.522311785, 99.2601940297214, 127.49919887096921, 102.77371406202462, 74.63385114646404, 0.626536922548, 0.670510946007, 0.397324245383, 0.69871548788, -0.257345620857, -0.667510223459, 0.345323256791, -0.695836405135, 0.629732916091,  
358, 1369558.3754932864, 68.8912364732991, 141.73390271356564, 66.44012519462359, 34.720642324699725, 0.810528228889, 0.372041342318, 0.452359624392, 0.288977232991, -0.925812161859, 0.243647285574, 0.509446904972, -0.0667613702761, -0.857908369497,  
359, 1262908.60418651, 67.0544756735198, 114.7515305952869, 59.8169132003775, 43.923893301473264, 0.325088759684, 0.640618941816, -0.695646943293, 0.80588739299, -0.572575037569, -0.150676262802, 0.494836142724, 0.511629942184, 0.70240443771,  
364, 2143539.627382157, 79.98605960829522, 139.9007272609267, 107.74517247387769, 33.94885368843827, -0.394493536637, 0.261377523261, 0.880940769794, -0.904624686913, -0.27879102008, -0.322381362597, -0.16133513374, 0.924098131941, -0.346429815641,  
377, 475258.09055503784, 48.411325061756145, 116.23195531744216, 69.49670368100394, 14.045951347778713, 0.271765091173, -0.691696693019, 0.669103444981, 0.556434196351, 0.680209617428, 0.477174875165, -0.785190881474, 0.242632564229, 0.569740922196,  
407, 399063.82967874984, 45.67212853523534, 75.4411444103658, 63.55252912648384, 19.870676387414044, -0.627736456527, 0.46875593154, 0.621461839369, 0.770110767328, 0.490354558645, 0.408021828903, 0.113473993462, -0.734724631043, 0.668807423214,  
442, 774533.4987579933, 56.97056573834397, 121.71954457378534, 63.36444492202017, 23.974283854003648, 0.571573881343, 0.200792942641, 0.795603853907, 0.636322114439, -0.720639018229, -0.275269998514, -0.518070907156, -0.663597468042, 0.539667430522,  
446, 905491.0857411678, 60.01574339947186, 102.86121117938742, 68.1413957492471, 30.841316705186582, -0.358014891687, 0.211538815043, 0.909437555339, 0.919676122676, -0.0883792675636, 0.382602841657, -0.161310776792, -0.973365519625, 0.16290610331,  
459, 2352726.216924865, 82.50765821768361, 112.58887314902898, 82.56204495857003, 60.42363785719472, 0.866506324101, 0.418604839324, 0.271913182446, 0.405329664091, -0.907985578726, 0.106160502228, -0.291332548304, -0.0182257323526, 0.956448205069,  
475, 1113918.731350409, 64.3065137627418, 127.52130457532091, 96.30578137617104, 21.65358411943823, -0.561782537974, 0.372548746625, 0.738652700135, -0.274828355399, -0.926198632261, 0.258119097833, -0.780301066958, 0.057995904909, -0.62270917764,  
476, 1953891.776136358, 77.55395766041997, 111.3877174310655, 80.63405907499573, 51.934513624759646, -0.0614795416583, 0.994218944512, 0.0880281564668, 0.617952846349, -0.0313437929914, 0.785590126166, 0.78380772237, 0.102694970735, -0.612453424629,  
485, 2250478.770330584, 81.29467584806753, 135.74055583459568, 83.97726999448828, 47.13189872141699, 0.469424262043, -0.441289114571, 0.764790676961, 0.491416577429, 0.85018467384, 0.188933236346, -0.733587492828, 0.287140971875, 0.615954099457,  
504, 600398.7556691422, 52.3339752560952, 105.66513377060556, 57.073191629565464, 23.76770822028815, 0.136718584707, 0.672608411668, 0.727259206301, 0.65352210482, -0.612967737374, 0.444048884077, 0.744457444793, 0.41457023228, -0.523368546438,  
525, 2433288.9580107857, 83.43885939611182, 125.35408110109923, 86.16994462989364, 53.77876002515662, -0.803113004503, 0.266188120873, -0.533060396488, 0.0892948403896, 0.938324046459, 0.334027566703, 0.58909755854, 0.220662339659, -0.777349469916,  
571, 2911595.4902340425, 88.58240685589891, 116.67263916432955, 93.25262585214446, 63.88697677574551, 0.821714648789, 0.532620188886, -0.202733249262, -0.372706730078, 0.771354123961, 0.515851246779, 0.431131916379, -0.348322479664, 0.832344112036,  
622, 3304573.891453743, 92.40077617114746, 121.54625449072168, 86.8249429282571, 74.7550904155579, -0.0193601039466, -0.446455688906, 0.894596280016, -0.991048371375, 0.126782639973, 0.0418244880071, 0.132092058697, 0.885778459912, 0.44491370847,  
630, 1543403.1584184968, 71.69082724789624, 158.47707394461298, 70.30891842551662, 33.06845573272616, -0.346381132485, -0.540683983185, 0.766603509896, -0.123602620855, 0.836372914234, 0.534043762677, -0.929915320433, 0.0902284803326, -0.356533754588,  
632, 2144881.371211735, 80.00274515898275, 97.66361109987135, 82.29732473680757, 63.70832282301608, 0.677069810862, 0.679972249235, -0.281450193621, 0.204018891952, 0.194022370124, 0.959547607791, 0.707073378757, -0.707101873962, -0.00736049540457,  
662, 499399.9500668531, 49.21754666812175, 105.73988558698842, 90.7876926926882, 12.419212843630756, -0.260561320309, -0.41957416204, 0.86952016705, 0.507837886965, 0.706404846034, 0.493044495012, -0.821101990572, 0.5700436089, 0.0290138765201,  
665, 2677479.1322601154, 86.14151292898991, 137.97378578129232, 81.03264448813297, 57.171671852218175, 0.0360249305796, 0.973330769459, 0.226559964693, -0.895763323055, -0.0690621595144, 0.439133791906, 0.443069151992, -0.218763871213, 0.869386044979,  
669, 1190628.075102253, 65.75001202309237, 120.58844318642261, 56.85504115751345, 41.45842918120522, 0.905050669349, -0.424984514009, -0.016475702204, -0.275397062859, -0.556087410116, -0.784170421578, -0.324098354946, -0.714251324929, 0.620326769661,  
698, 2122053.6069662413, 79.71791178784109, 131.78556965620777, 97.67228789817467, 39.35759228314308, 0.388647941586, -0.858678935419, 0.334100678491, 0.0990245241368, 0.399432868144, 0.911398665495, 0.916049628088, 0.321129054608, -0.240269034972,  
715, 2117608.618784351, 79.66221214635031, 112.71900992628349, 71.18245043598021, 63.00673668539506, 0.923700507466, -0.110488317354, -0.366837435705, -0.259989850632, 0.522504399796, -0.812031052215, -0.281394118764, -0.845447505125, -0.45391173812,  
736, 752491.972500941, 56.424937582012106, 95.75123778446218, 64.22476495309897, 29.212339656869148, -0.546672508317, 0.819679273739, 0.171099552464, -0.161282448466, -0.303582968867, 0.939055564294, 0.821667293049, 0.485760506029, 0.298160343298,  
741, 3434270.5508165024, 93.59413441203178, 145.41007349628683, 104.86390476705516, 53.76818506716163, -0.82944725431, 0.0662951117287, -0.554637007852, -0.543607832614, -0.324191273914, 0.774203165996, 0.128482592745, -0.943665712039, -0.304938104019,  
747, 889247.9010934384, 59.6547110559891, 94.41840284145154, 78.31458149764393, 28.710116731477708, 0.757674014822, 0.590922274032, -0.277021575543, -0.590835263034, 0.801363733599, 0.0934337114076, -0.277207105281, -0.0928818202104, -0.956310194579,  
753, 3926669.434759201, 97.86902103908629, 110.19588499773455, 104.58717625492996, 81.33770565164795, 0.275223852768, 0.642192744292, -0.71543015735, 0.22841754793, -0.766541151663, -0.600200038824, -0.933850766807, 0.00177256485978, -0.357658501015,  
757, 715638.5933802392, 55.48833771737239, 132.58981549765693, 94.20584013813945, 13.677828399660651, -0.397952275313, 0.91087847509, 0.109244634607, 0.337329166401, 0.0345476745286, 0.94075261981, -0.853137163689, -0.411226047086, 0.321014202381,  
768, 922815.9680954241, 60.39609095735855, 122.42210346124381, 51.02539678464706, 35.267953834704336, -0.876994661825, 0.465549415468, -0.118928990945, 0.450136944702, 0.882602786109, 0.135606242361, -0.168098465622, -0.0653916180403, 0.983598923416,  
770, 1646724.329581925, 73.25615120371783, 115.0028233630525, 95.92397192533882, 35.63663072898426, -0.269626281204, 0.196732502929, 0.942654756937, 0.279585428573, -0.920748190432, 0.272130038668, -0.921484485281, -0.336925944544, -0.193254369366,  
782, 1444856.8252174214, 70.13132887738166, 148.2036425313379, 74.93133958780379, 31.06088530294602, 0.75049089953, 0.201033339554, -0.629562551388, 0.420746934898, 0.589271334955, 0.689732782006, 0.509642449661, -0.782524689827, 0.357658612807,  
790, 1393428.586993498, 69.28917157713076, 96.52825034563489, 63.40450304958409, 54.35275590625145, -0.958284277016, -0.272607197562, -0.0858869038924, -0.236390629078, 0.58702995221, 0.7742837372, 0.160657134629, -0.762286790549, 0.626983360263,  
794, 300324.3720667751, 41.543267887817954, 102.3256096746062, 50.55536844160547, 13.8595888720354, 0.846943082527, 0.415913147294, -0.331215441771, -0.140388466332, 0.775784506565, 0.615182475283, 0.512814287516, -0.474525714037, 0.715434730242,  
824, 3316904.2830763413, 92.51555885818311, 128.99584405430593, 84.10239110805723, 72.9894797120056, -0.388154397731, 0.715873523398, -0.580397503458, -0.220669235691, 0.539261250899, 0.812712982361, 0.894785589927, 0.443533991682, -0.0513453628025,  
829, 2298481.3623487544, 81.86861796731804, 124.31582103055663, 110.67909728863008, 39.88047903796441, -0.203861635118, 0.860982912171, 0.465992337573, 0.799313039813, -0.12845726445, 0.587024186551, 0.565277894591, 0.492145462399, -0.66200736078,  
831, 1288050.1921409008, 67.49652163471599, 145.21927378293836, 52.7002156702405, 40.179777209180145, -0.697854352189, -0.592494380476, -0.402429760623, -0.642998855418, 0.270740859135, 0.716415981902, 0.315518264228, -0.758715886415, 0.569910895351,  
840, 1572749.0989686765, 72.14234891190138, 105.27714328950638, 68.2269489186762, 52.27340542137405, 0.186922092069, 0.825714460458, -0.532217776185, 0.596652586634, 0.334970886945, 0.729246320362, 0.780426692495, -0.45386136065, -0.430051209684,  
852, 283996.1451539195, 40.77631215826271, 103.70463250603075, 57.21886315813047, 11.425795694726142, -0.353826067741, 0.238416804035, -0.904413921466, -0.00302184890682, 0.966669291755, 0.256010446677, 0.935306357413, 0.0933161718681, -0.341312334749,  
853, 2057192.5926420365, 78.89729509980255, 118.10053224071792, 92.59880429679849, 44.908557867887026, -0.339806954312, 0.799933619045, -0.494608369241, 0.918644740489, 0.395009134321, 0.0077216950821, -0.201551667254, 0.451745491317, 0.869081662735,  
866, 391329.6206173249, 45.375146217415775, 149.61197051484885, 65.1487770165994, 9.584765724130252, 0.440142872998, -0.786704640924, -0.43286263329, -0.638544797904, -0.613151890716, 0.46508633605, -0.631296121023, 0.0716977465533, -0.772220590713,  
879, 3625802.3368549948, 95.30269276505923, 143.24376200680646, 88.271375966569, 68.45732115566973, -0.0668388517028, 0.980512206509, -0.184738682439, 0.157649004265, 0.193205069748, 0.968410343025, 0.985230612272, 0.0356035659694, -0.167490378031,  
885, 1210985.5578013028, 66.1226298531777, 130.1327163868351, 59.95203421969038, 37.056119266831374, -0.888894925314, 0.396197655467, -0.229985281167, -0.0400316840356, 0.432931427001, 0.900537530472, 0.456358714197, 0.809689939, -0.368970089111,  
888, 1966982.7923967582, 77.72677533832841, 89.46542273259857, 82.65198740100327, 63.504343711770304, 0.50494470122, 0.829564238232, -0.238440817303, 0.274112151386, 0.10782839082, 0.955633594322, -0.818470144338, 0.54790164517, 0.172946263469,  
895, 2109614.81364475, 79.56184623121626, 119.26740923695615, 66.98497756850286, 63.03987674334992, -0.891338848013, -0.0977725904194, -0.442668700707, -0.102779435484, -0.907455612332, 0.407382742994, -0.441533062935, 0.408613304006, 0.798801428469,  
918, 1050954.4441378778, 63.0712968027, 153.09340736340658, 54.93820904555575, 29.830758417075163, -0.850516570807, 0.29488451297, 0.435505093878, 0.490425828215, 0.145506401766, 0.859249901987, -0.190010709705, -0.944389226461, 0.268374587362,  
923, 3149664.036618373, 90.93377223525619, 129.3553790160697, 98.76338197845, 58.856600810763304, 0.543802651481, 0.53674201097, 0.645125328834, 0.779235723474, -0.0375542634095, -0.625604799024, 0.311561171369, -0.842910250833, 0.438670657253,  
924, 3087695.97305782, 90.33345907812091, 150.33297826200837, 83.3961722026609, 58.79569701788996, -0.846752758693, -0.106621983615, 0.521192400419, -0.509176704761, 0.446235208429, -0.735943762857, 0.154106615607, 0.888541440434, 0.432140324035,  
925, 3484001.220218714, 94.04374091892046, 123.38765565549987, 95.63334950438345, 70.48693223116348, 0.0233440884408, -0.100739391633, 0.994638943792, 0.888966564728, -0.453081086787, -0.0667530942414, 0.457376759718, 0.885759055144, 0.0789771859517,  
938, 3341679.0502525535, 92.74532816194721, 105.46449777136718, 92.93677852448702, 81.39209429045134, 0.0585571487337, -0.564547436628, 0.82332086827, 0.79419243968, -0.47334446215, -0.381055624427, 0.604838349551, 0.676188739886, 0.420641603938,  
954, 1814054.1873609829, 75.6578302296438, 121.40102491895036, 67.93321026087015, 52.51183018786062, 0.904586176234, -0.328389666764, 0.271816255086, -0.304060995122, -0.94394440637, -0.128514080663, -0.298782129673, -0.0336033398076, 0.953729549999,  
958, 2629024.54436037, 85.61870940875373, 117.33591239468124, 81.30139061209961, 65.79260808856635, 0.719829787895, 0.652260856506, 0.237488634525, 0.564201656186, -0.350459061969, -0.747566008484, 0.404378000905, -0.672111762249, 0.620277527749,  
960, 1235884.7075959865, 66.57274271533574, 86.24377947327628, 69.67772263774712, 49.098431809676846, 0.913443264952, -0.365765437008, 0.178429388847, -0.269204827253, -0.214255999721, 0.938947883307, -0.305205115779, -0.905709672949, -0.294176521206,  
963, 1342100.5477402569, 68.42773236575749, 135.69534805256362, 63.37331701560088, 37.25847249441313, -0.644084163311, 0.626100492421, -0.439492621055, 0.764158541473, 0.500416892656, -0.406994664631, 0.0348900281644, 0.597980858334, 0.800750634717,  
967, 1251374.1529165148, 66.84970940043591, 91.73108583028133, 73.78124561881332, 44.14037859350616, -0.774023985753, 0.288980057842, -0.563362579205, -0.169034522514, 0.763160071225, 0.623709897216, -0.610175548246, -0.577994145175, 0.541856594004,  
968, 568612.2741043279, 51.39361975109296, 123.35110086026289, 55.31306786487277, 19.895590999687595, 0.104891723506, -0.334563303421, -0.936517550473, 0.498813489566, -0.796986211438, 0.340584910712, -0.86033878732, -0.502872125676, 0.0832874315319,  
971, 2129848.598004555, 79.81540242717254, 109.74150649384534, 97.48737685920167, 47.52704584512227, -0.901116608332, -0.405767245209, -0.15278023728, -0.0932977397844, -0.162650421724, 0.982262883379, 0.423419874284, -0.899387448783, -0.108709829511,  
981, 968601.1956480817, 61.37885706354467, 128.8368075017532, 55.674152403224014, 32.23760894549256, -0.133337642674, 0.538127371755, -0.832249965343, 0.282728716188, 0.825506678413, 0.488470262081, 0.949887122814, -0.170169490987, -0.262215175473,  
982, 674156.4548603641, 54.394797286700395, 108.88511804518356, 66.89841271282174, 22.09468163162365, 0.563323329072, 0.0621276082673, -0.823897437315, -0.717301673235, 0.531661064402, -0.450349666562, -0.410055040814, -0.844675483774, -0.344061318101,  
987, 1877771.8170347472, 76.53346962806494, 133.0270424236848, 123.19029142875405, 27.35506739380453, -0.489952976307, 0.857950923559, -0.154487196142, 0.309908018677, 0.337060921265, 0.88901459792, -0.814802491999, -0.387698527364, 0.431029872413,  
992, 3778759.465749482, 96.62441545413168, 117.41782525813039, 90.7093109897503, 84.69830871414099, -0.483628920836, 0.85889499674, 0.168530268814, -0.125701326134, -0.258706089582, 0.957742311805, 0.866199886596, 0.442007402414, 0.233081987018,  
993, 885410.1323496113, 59.568769094019025, 147.33272549151914, 102.12771648595643, 14.0479526247315, 0.866337225307, 0.102577524983, 0.488812503333, -0.197973027207, 0.969043183949, 0.147519450042, -0.458548244512, -0.224573282049, 0.85982576633,  
996, 1882960.881154126, 76.60390271971829, 137.04563800028419, 95.93822738345085, 34.18973867593745, 0.383119341468, -0.520246781596, -0.76325805363, 0.601183002707, -0.486902258211, 0.633644370452, -0.701283514315, -0.701619182454, 0.126221849783,  
1004, 1813282.5103088003, 75.64710072804715, 98.68099793571183, 80.93166713175309, 54.20318966593354, 0.683459416563, -0.243049840017, 0.688338580336, 0.0912850796278, 0.963998831265, 0.249746446536, 0.724258420834, 0.107856518521, -0.681040902783,  
1017, 1972655.6147695752, 77.8014255395555, 112.44174342682625, 102.55279640071805, 40.840174184054256, -0.129296533267, 0.959079390201, 0.251891106984, 0.240191974851, -0.216167020331, 0.94635069321, 0.962075995804, 0.182862086321, -0.202413526436,  
1019, 326609.29613315413, 42.721514881131, 123.140381338616, 56.10247098580273, 11.286452247046634, 0.245559041406, 0.0516608139594, -0.968004089601, 0.482963812046, -0.872339333189, 0.0759608058566, -0.840503844987, -0.48616380786, -0.239161114082,  
1022, 828725.5551068111, 58.26942161835994, 118.76107750184808, 48.75096152406369, 34.17156009800386, -0.649499164116, 0.684503420418, 0.331067822732, 0.750101098759, 0.648100359157, 0.131583684784, 0.124495692512, -0.333797830874, 0.934387409296,  
1023, 1328856.6516790017, 68.20190547180349, 122.98078789837658, 87.93108641110015, 29.336602422948108, 0.88021668602, 0.432433393906, -0.195499221194, 0.224142613356, -0.0157106703741, 0.974429712044, 0.41830452368, -0.901528998242, -0.110755545224,  
1037, 680162.786030951, 54.55586161396605, 131.58765922673862, 54.81103906558813, 22.51339860055405, 0.0965351057228, -0.911060852342, -0.400810549628, -0.00117108779118, -0.402794973499, 0.915289483102, -0.99532889133, -0.087888182677, -0.0399507875925,  
1046, 2461577.928652422, 83.76096265086231, 125.77584507356654, 90.2056419670134, 51.7957390658432, -0.814874602566, -0.380229310428, -0.437498632665, -0.534373811181, 0.785201611336, 0.312894645976, -0.22455291585, -0.488757712008, 0.843025436708,  
1069, 946169.0542048427, 60.90132060753487, 139.60183194314243, 62.85282572568526, 25.743299279611033, 0.44786051867, 0.579277257857, -0.681071812915, 0.404611472975, 0.547969035306, 0.732133520803, 0.797314562612, -0.603463167787, 0.0110314718043,  
1089, 1000165.6504718597, 62.038474279203406, 97.90761878003873, 54.88158153921164, 44.436538344868836, 0.907282557822, -0.280647658279, -0.313169685912, -0.340724972119, -0.0541308333368, -0.938603402006, -0.246464710751, -0.958283227853, 0.144735626469,  
1118, 2115436.5545151783, 79.63496590308661, 101.65596247200106, 83.75746812075344, 59.31369751306297, 0.781961032381, 0.605147715804, 0.149442918518, 0.476862690979, -0.735173052709, 0.481790988421, -0.40142112275, 0.305478026425, 0.863449047473,  
1138, 727629.3995889245, 55.796532409285255, 102.90727575934702, 60.32467765066149, 27.98211503617302, -0.824873557809, -0.106371127065, -0.555219593454, -0.56102203251, 0.274869794403, 0.780833449055, -0.0695549614755, -0.955579289987, 0.28640937115,  
1143, 2033599.5217194655, 78.59452144662556, 109.09572987761459, 84.11755508253128, 52.903259202951084, -0.979223832441, -0.159993252342, -0.124590710666, -0.196475337237, 0.596525911619, 0.778173681529, 0.050180950936, -0.786485216627, 0.615567117535,  
1145, 422121.2217898805, 46.53533654203077, 97.47113429438424, 70.22014701445784, 14.723491933015515, -0.381919108201, -0.409680156885, -0.828432232501, 0.152148815478, -0.912022529849, 0.380874839016, 0.911585724296, -0.0194183959741, -0.410651181854,  
1150, 1327223.271796667, 68.1739502883988, 153.84463355306974, 61.70604768853205, 33.37684613285688, -0.895228532166, 0.436746555583, -0.0884212722279, -0.0552681721442, 0.0880702318174, 0.994579842655, 0.442166602475, 0.895263134756, -0.05470480054,  
1158, 1584734.9200434685, 72.32514941261834, 112.42466760052334, 77.61119185267387, 43.359279158343654, -0.15790046156, -0.961376220312, -0.225440030292, -0.00460765451413, -0.22758427693, 0.97374748596, -0.987444283876, 0.154793927249, 0.0315059728898,  
1161, 1317216.3590527836, 68.00218000487561, 122.35561912959348, 80.92622852739746, 31.758156640161936, -0.230290811082, -0.132275396575, 0.964089913749, -0.972065740408, 0.0774136179825, -0.221574655764, 0.0453248128216, 0.988185383019, 0.146408026183,  
1162, 1560437.0266451666, 71.95360303386224, 111.31400446575556, 81.71273239548049, 40.956053145081924, -0.301384071001, -0.246760525434, -0.921019481246, 0.948468515237, -0.176712620226, -0.263021150207, 0.0978525285848, 0.952828364891, -0.287302958059,  
1165, 1221612.560037625, 66.31548649574844, 111.49589751621556, 66.45900908621417, 39.357919266665206, 0.724936654619, -0.119577514153, 0.678356886085, 0.503163828841, 0.764497142965, -0.402951957118, 0.470417907968, -0.633439291888, -0.614379081151,  
1169, 1767835.9568420658, 75.00976149452167, 116.68206527414688, 74.87158131727851, 48.30946638936783, -0.787948388065, 0.264459366066, -0.556056275431, 0.579232779634, 0.0120198674041, -0.815073560966, 0.20887011453, 0.964321920568, 0.162654568852,  
1173, 2221354.174971671, 80.9424600727756, 127.29465042873872, 69.19526247697388, 60.20640355488742, -0.612994372889, -0.768922250161, 0.181649310526, -0.78908295549, 0.584226349113, -0.189809542325, -0.0398244668792, 0.259688556178, 0.964870906198,  
1174, 2630579.183444383, 85.63558258249489, 151.9260456637551, 81.68217440066252, 50.60614381638252, 0.460388350078, -0.853419555909, 0.244371906537, 0.528618239775, 0.484712530356, 0.696861908482, -0.713165705632, -0.191647657194, 0.674289145547,  
1177, 714087.2596761364, 55.44821355168737, 102.71083843762796, 84.84819906548887, 19.561572893488535, -0.285423495699, -0.0418545215539, 0.957487142017, 0.951673705738, -0.1305451611, 0.277984026017, -0.113360424798, -0.990558509094, -0.0770925038568,  
1179, 1206984.2362036975, 66.04972233687303, 114.57797472772707, 92.43863689955029, 27.205600386300837, -0.849121338667, 0.511214986307, -0.132861544453, 0.346582230713, 0.729061007669, 0.590212507873, -0.39858965061, -0.455114584331, 0.796239289131,  
1185, 1172754.766797495, 65.4193461561608, 100.36470731777031, 89.29994771273044, 31.23822657000642, -0.845627757371, -0.31504099969, 0.430886138647, -0.52220741276, 0.321154882043, -0.790037315447, -0.11051295862, 0.893089418957, 0.436094228032,  
1187, 1477113.4047983233, 70.64938895957972, 133.4437029369849, 64.72618951066828, 40.82696579025165, 0.239477606559, 0.507431319826, -0.827746296649, 0.767453045381, 0.423274364305, 0.481512861363, -0.594698494275, 0.750567963732, 0.288064980041,  
1193, 1842341.360320817, 76.0490565977118, 114.74404005923418, 88.51925181196448, 43.30256489651196, 0.315434121267, 0.610614675428, 0.726395920481, 0.472709322001, 0.562632764253, -0.678225824842, -0.822828786586, 0.557309690155, -0.111169677637,  
1201, 831995.0778561687, 58.34595005244298, 73.34755948256435, 59.43957061300861, 45.558646821695184, 0.842144133461, 0.474690292615, 0.255856179474, -0.373706527872, 0.171684239011, 0.911519584595, 0.388763024867, -0.863245995167, 0.321977735758,  
1203, 3228537.6043150285, 91.68657434545833, 118.78322293352612, 90.21300367315199, 71.92717313361288, -0.14599035161, 0.618120530035, -0.772407811707, -0.222188365202, 0.740339191826, 0.634452686507, 0.964012005945, 0.264243999735, 0.0292568111413,  
1207, 3666442.693998406, 95.65744220429512, 125.38523191828277, 102.6667656680264, 67.99547687379096, 0.783855383803, 0.337029717399, -0.521518654387, -0.287035869165, 0.941430069028, 0.176974108115, -0.550618876444, -0.0109724528079, -0.834684645949,  
1208, 1220295.018071415, 66.29163690827293, 126.91063937184397, 54.5310391722993, 42.095378899856556, -0.269381504342, -0.708036522641, -0.652777058209, 0.321144295181, -0.705080199324, 0.63224066161, -0.907909657836, -0.0393216877383, 0.417317454802,  
1209, 964883.4604999672, 61.300227210492004, 123.38259145291471, 81.80411471737806, 22.82218471031699, 0.524134116254, -0.766499445418, -0.371163075148, -0.696640789456, -0.636574549902, 0.33085412629, 0.489872471818, -0.0851554025963, 0.867625217916,  
1210, 1987453.1227979164, 77.99547875311247, 107.11619575704403, 100.28132298398788, 44.170578732293585, -0.48021345465, 0.867654783778, -0.128725343888, -0.727303093698, -0.475901003093, -0.494518397183, -0.490331773262, -0.143852047052, 0.859582073271,  
1211, 2476803.43282486, 83.93330231272449, 98.18998350887212, 83.63364511953338, 72.00368427021118, 0.112138758706, 0.955527120347, 0.27275047402, -0.569918457364, -0.163004657773, 0.805370991221, 0.814013421727, -0.245758832652, 0.526293402411,  
1212, 3447986.6336080832, 93.7185703115071, 122.66237963637758, 86.20799359442607, 77.84272688086125, -0.689404469331, -0.560860146164, 0.458429246571, -0.680802868931, 0.285490421307, -0.674538859517, -0.247444804599, 0.777130050755, 0.578653568977,  
1213, 2635333.228125477, 85.68713908443445, 102.70455620456836, 93.46873036345123, 65.5376515322448, 0.802290813712, -0.13896297378, 0.580533153361, -0.173024270048, 0.87663982034, 0.44896016234, 0.571307318531, 0.460642939067, -0.679276107692,  
1214, 1713536.253176678, 74.23377780352303, 122.46930466476381, 97.7519204681774, 34.17056323564555, -0.349180747895, 0.776762799513, 0.524130097011, 0.932061779354, 0.34557534506, 0.108804964746, 0.0966107901137, -0.526514229798, 0.844659174492,  
1215, 4556114.860821591, 102.84156690372708, 135.08183923628172, 104.29287885814037, 77.20660114127561, -0.581957268668, 0.806703361701, -0.102739591519, 0.10049297876, 0.196707253044, 0.975298630072, 0.806986306367, 0.557257519304, -0.195543239502,  
1216, 2934891.385312497, 88.81803105884052, 103.87187757958787, 98.17089679683907, 68.71043276317938, -0.0409341053878, -0.935871613003, 0.349955315706, 0.972059315157, -0.118325159209, -0.20273096585, 0.231138674462, 0.3318787138, 0.914566253748,  
1217, 1941521.0855748062, 77.38993835637007, 124.0081178916753, 92.7270576314365, 40.30852504270954, 0.727948028616, 0.654007371165, 0.205830090355, -0.309717835065, 0.0458357186113, 0.949723090981, -0.611691531964, 0.755098301787, -0.235923768117,  
1218, 210745.59684484318, 36.91673636275158, 69.23388000192446, 44.40635097118283, 16.364628179775845, 0.469359297331, -0.710553273402, -0.524228858102, -0.230685336336, -0.671739721244, 0.703953139423, -0.852341554548, -0.209475040425, -0.479201504411,  
1219, 1803423.752471924, 75.50975457158786, 120.46521347382179, 90.60387810768744, 39.44579690789643, -0.345207910035, -0.911758070142, 0.222550489509, -0.913463129265, 0.38084057881, 0.143337242214, 0.21544514458, 0.153810516751, 0.964326560152,  
1220, 1161315.3766202282, 65.20594435752125, 101.03583591763709, 70.2082457127044, 39.08391019390062, 0.54529914961, 0.564088832046, 0.620042439673, 0.606701534959, 0.24481816491, -0.756291817759, 0.578413420413, -0.78858598497, 0.208734423121,  
1221, 3507246.050744354, 94.2524269457674, 136.42294759976534, 97.00129417747749, 63.27216107753333, 0.241350687261, 0.898186009326, 0.367439435022, -0.267789436925, -0.302289931585, 0.914827642091, 0.932758630745, -0.319190679553, 0.167566842951,  
1222, 1378543.879555632, 69.0415704866546, 108.76053171254988, 96.67880078229877, 31.29892405246031, -0.689234790359, 0.719392745163, -0.0861944427754, 0.592236874819, 0.62791132857, 0.504958263184, -0.417385778223, -0.29698727525, 0.858829244074,  
1223, 1222351.800059071, 66.32886039678955, 142.12174503417793, 57.228599924994086, 35.87847329378421, -0.447514205885, -0.833349691922, -0.324436937639, -0.0823426701577, -0.322852745184, 0.942860429543, -0.890477804441, 0.44865844013, 0.0758609510709,  
1224, 2307098.64034801, 81.97080207829035, 109.95406302716992, 77.04853490944866, 65.01325150405735, 0.74946827172, 0.567414765043, 0.341083265635, 0.43506483751, -0.810456803339, 0.392273319363, 0.499014926478, -0.145603071164, -0.854273872256,  
1225, 1894898.6018226903, 76.76544798036035, 107.26270022837139, 88.52530767083239, 47.64103583081731, -0.499757743234, 0.722142385977, -0.478280851021, -0.752435677957, -0.635470746752, -0.173255535439, -0.429048655301, 0.273289780998, 0.860947122062,  
1226, 1865124.0667290427, 76.36125174636855, 91.32340535815901, 86.83834751827189, 56.14685938999163, 0.27234149673, -0.87616832552, 0.39769231136, -0.955291075806, -0.295653486564, 0.00282424655617, 0.115104603057, -0.380681075493, -0.917514495317,  
1227, 3345190.629178197, 92.77780370504134, 124.34787277923434, 92.40851964263017, 69.4995334227645, 0.799072013711, 0.370130257641, 0.473801128411, 0.368469775104, -0.924187119843, 0.100539506421, 0.475093613659, 0.094243089376, -0.87487387569,  
1228, 2282283.486090159, 81.67584936886134, 127.93551026752445, 88.3230693807794, 48.21872468796577, 0.273198948512, -0.101443114522, 0.956593763856, -0.487311561836, -0.871978309739, 0.0467040581318, 0.829391208196, -0.47891870068, -0.287657959921,  
1229, 2561642.5205538594, 84.88089914101566, 98.55712265265352, 87.39343055682207, 71.00077851107046, -0.71812395234, -0.689956830562, 0.0908711232326, -0.690289189752, 0.689649351511, -0.218825516044, -0.0883109482874, 0.219871198482, 0.971523459568,  
1230, 3251642.0938079497, 91.90476789421871, 121.0863029082899, 87.72796301379746, 73.07705938821753, 0.891364191758, 0.283887756895, -0.353380275535, -0.183298025133, 0.938752719866, 0.291796444334, 0.414574132857, -0.195322995136, 0.888806624602,  
1231, 2896708.6223904486, 88.43117608389831, 93.9792610846527, 92.83868154231534, 79.26020888736086, 0.673996316373, -0.511624698192, -0.532887543217, -0.287958305745, -0.846246665205, 0.448270672454, 0.680300653879, 0.148683387875, 0.717693716359,  
1232, 1725720.3458249765, 74.40930874756368, 112.96179218649254, 96.26942630062405, 37.884525515637186, 0.349443643382, -0.921765840339, 0.168038316121, -0.417466553334, 0.00738695561718, 0.908662263844, -0.838815126799, -0.38767662874, -0.382225083663,  
1233, 2693984.2359048845, 86.31815459098667, 108.36978274621728, 83.48308483758355, 71.0885653047966, -0.54351612287, -0.182892013379, -0.819231796027, -0.815066420912, -0.118296131738, 0.567162018049, 0.20064135586, -0.975990028975, 0.0847732838853,  
1234, 2678196.537380552, 86.14920584221142, 123.12053591170117, 85.92000591794545, 60.44063791905725, -0.196581962789, -0.637823713349, 0.744672036937, 0.656587055124, -0.649689583774, -0.383140814555, 0.728181962801, 0.413623446416, 0.546504047218,  
1235, 544492.9991849455, 50.65642812179664, 106.85724993551047, 66.45519651476167, 18.305042908857004, 0.358469455803, 0.931903100015, 0.0552834644207, 0.79805503611, -0.336631904602, 0.499787074805, -0.48436330228, 0.135039153528, 0.864382217783,  
1236, 2744868.3327572374, 86.8582288252667, 117.03971854580804, 92.15413866396624, 60.755387411963035, -0.58142562805, -0.509905693874, -0.633987714709, -0.00385036456156, -0.777504797198, 0.628865220081, 0.813590445949, -0.368079439374, -0.450097892209,  
1237, 2949564.7653355743, 88.96580424958866, 101.64582068809527, 89.3773470770867, 77.50903698202325, -0.967354683303, 0.253015776926, -0.0144198931598, 0.222086479067, 0.818945038522, -0.529156517201, 0.122075847356, 0.515084498415, 0.848401701427,  
1238, 3058688.924789346, 90.04969241964636, 113.71315832902032, 88.49247601245314, 72.56540649584136, 0.60805875147, 0.296990387006, -0.736248100023, -0.395429473532, 0.917465219945, 0.0435097880251, 0.688404013805, 0.264677691198, 0.675311508534,  
1239, 2918681.5572060742, 88.65421082463263, 130.7922717729148, 98.1731987196246, 54.265408885817685, 0.896480417341, -0.401301949934, -0.187828662093, -0.293767670157, -0.855672192799, 0.426058275875, -0.331697780058, -0.326774912516, -0.884982903369,  
1240, 3681257.204846437, 95.78610586661121, 102.85836433067388, 97.28235714781569, 87.82817407974561, 0.92906075941, -0.277241214687, -0.244915116321, -0.200518112466, -0.933781669408, 0.296385358025, 0.310867482855, 0.226250088966, 0.92313179197,  
1241, 3046939.01835171, 89.93423628295606, 107.02374747073394, 91.37432378828863, 74.38250894250079, 0.137319247627, -0.940195444387, 0.311730573709, 0.442377381958, -0.223370398796, -0.868566587473, 0.886253731255, 0.257173465379, 0.385248144112,  
1242, 799855.0496221678, 57.58475992090864, 117.99127377648969, 65.55510822475827, 24.686882690957688, 0.0348437985809, -0.855823494429, 0.516093069207, 0.787194926255, -0.294651849963, -0.541760496338, 0.615719138715, 0.425142839168, 0.663433122873,  
1243, 1719179.8051393463, 74.31518510591694, 112.15401011586363, 86.39873236402804, 42.35556842320291, -0.30228479621, 0.652770568215, 0.694632627547, 0.94011796966, 0.324558969593, 0.104113776123, 0.157486841044, -0.684508627067, 0.711790583226,  
1244, 2706269.6449798257, 86.4491682147352, 111.65642991806752, 82.24592226913107, 70.35327910674707, 0.667515864982, 0.462577511909, -0.583476319547, -0.324866176474, 0.886027914608, 0.330781652937, 0.669988460632, -0.031250280186, 0.741713477435,  
1245, 2965991.6659667753, 89.13065656640877, 115.3717531886347, 97.44162131561775, 62.98502750704634, -0.039350973085, -0.721079594436, 0.691733850122, 0.662910973319, -0.536825568815, -0.521888254438, 0.747663388412, 0.438021149208, 0.499136184298,  
