# Void_ID, Void_Volume, r = (a*b*c)**(1/3.0), a, b, c, vector_a, vector_b, vector_c 

11, 1108670.630496666, 64.20536381272007, 79.75389361774262, 71.3536247668916, 46.5099635044563, 0.820377909268, 0.36044062963, 0.443917378007, -0.348670776819, -0.29999180389, 0.887937839599, -0.453220448984, 0.883225605443, 0.120431534543,  
16, 1843831.9740090754, 76.0695611593342, 132.32941343837277, 87.62715593890879, 37.96099863086243, -0.992185899526, -0.00639075789625, -0.124604570527, -0.0940934639972, -0.617519338029, 0.780907348661, -0.0819363217118, 0.786529735848, 0.612092651329,  
17, 796953.8025869449, 57.515051449403906, 122.94277967305914, 60.52418326131845, 25.568931059275947, 0.703371605947, 0.496874011358, -0.508315454009, 0.62729458395, -0.770227075533, 0.115116276275, 0.334320039624, 0.399833051352, 0.853442231292,  
18, 1737537.3589267638, 74.57876385115243, 126.6819926827035, 87.81863713192723, 37.28584267678212, -0.131635509399, -0.96503368236, -0.226676166756, -0.303470022838, 0.256917764849, -0.917550656555, 0.943704422955, -0.0519928265727, -0.326678294475,  
22, 3673021.317081999, 95.71462008378418, 113.06008531264953, 102.34627890063555, 75.77980327232912, -0.63464822466, 0.559334657028, 0.533260135753, 0.772777344144, 0.464745920368, 0.43223420258, 0.0060669031303, -0.68640802075, 0.727191324025,  
29, 1023586.623841173, 62.5189963632772, 111.4864302901585, 55.79175256359434, 39.286557818236666, 0.706894345652, -0.6147578547, 0.34981875903, -0.344755014632, 0.132385288666, 0.929310559087, -0.61761182305, -0.777526150962, -0.118358441187,  
39, 1882480.985891032, 76.59739435764402, 106.96628022014981, 78.68666150114537, 53.39418674011873, -0.433675725524, -0.900963924612, -0.0137612368297, -0.863395989948, 0.41112578857, 0.292443072265, 0.25782305877, -0.138706858234, 0.956183914237,  
44, 884023.4781148555, 59.53765566176004, 83.65414365869819, 68.35127956760688, 36.90974824492241, -0.407736919764, -0.439697501974, 0.800260402006, -0.910144894549, 0.266155106266, -0.317486582921, 0.0733953349156, 0.857803920583, 0.508709699776,  
58, 2226850.1067244825, 81.00915930641325, 131.77349789798515, 99.28981673091528, 40.632130265486275, 0.224860160598, -0.960529487029, 0.163771220682, 0.529653829962, -0.0205866251335, -0.847964038903, 0.817865960034, 0.27741538424, 0.504119009762,  
106, 3110033.9195218114, 90.5507750933626, 126.07742424649638, 108.38851497670028, 54.33202885335991, -0.251231179855, 0.914511980001, -0.317097355244, 0.902503925658, 0.339720992997, 0.264719306228, 0.349813605283, -0.219675864289, -0.910699157904,  
113, 1139016.777406318, 64.78590113800628, 152.3488495127288, 59.7357426750871, 29.87913809039201, -0.993761446843, -0.0758950562713, 0.0817198091204, -0.0775700955274, 0.99683300526, -0.017516846297, -0.0801315608794, -0.0237465799202, -0.996501396333,  
128, 2704276.3190491516, 86.4279380446885, 112.83990701802696, 94.21280026483667, 60.728118208508185, 0.713162823838, 0.18033377468, -0.677405725104, 0.398793773377, 0.690360891906, 0.603626842712, -0.57650872761, 0.700629408915, -0.420423736667,  
147, 1998206.672217468, 78.13589633059676, 135.49303180804125, 90.19769996056114, 39.03366869009866, -0.679840089491, -0.596136817918, -0.427128021844, -0.701030464042, 0.357243642222, 0.61719791686, 0.215345631964, -0.719025642391, 0.660778619796,  
155, 1742192.6249096713, 74.64530906415175, 96.86729611867584, 69.5618257748357, 61.72476028659488, 0.283180134543, 0.849065290209, -0.445978860893, 0.481342539855, 0.2763825495, 0.831818517261, 0.829529005355, -0.450223077257, -0.330425195739,  
158, 1151635.8898511787, 65.02427627870712, 133.78559934645622, 59.184932337198404, 34.72210591815801, -0.197339781755, 0.845638053463, 0.495936783343, 0.980215853181, 0.178096726856, 0.0863622432353, 0.0152935185788, -0.50316780344, 0.864053395266,  
166, 2149091.599566918, 80.05505724809807, 104.99997941192987, 92.76928703514051, 52.671160162959424, -0.131693139823, -0.232403107024, 0.963662655066, 0.982764544433, -0.157835011509, 0.0962390739161, 0.129733446458, 0.95972751601, 0.249183321839,  
174, 614800.9990078862, 52.7491320974472, 104.93585635134063, 42.91690530063735, 32.590696832737066, 0.16833782916, 0.62863228809, 0.75926531703, 0.702877779153, 0.463485273959, -0.539577824225, 0.691104335716, -0.624502079415, 0.363829561691,  
184, 1857655.559902, 76.25919107372252, 119.97572726976728, 64.71426813401828, 57.11933560206279, -0.507398032432, -0.179692628667, -0.842767937149, 0.15498406134, -0.981097583464, 0.115876971186, -0.847659824113, -0.0718198504825, 0.525656476857,  
185, 3636746.44420208, 95.39848354099169, 140.42963875797875, 81.26199823083334, 76.0813372651835, -0.957422721457, 0.28722678341, -0.0290259768099, -0.135556518834, -0.358516931133, 0.923628735095, 0.254884606517, 0.888237797542, 0.382187718769,  
189, 1454546.2590378767, 70.2877502552921, 122.93322514032, 84.9062140651154, 33.26826687267928, -0.361745328346, 0.867585597707, 0.341226534827, -0.0674872846503, -0.389423399357, 0.918583084127, 0.929831051229, 0.309264687095, 0.199423091657,  
239, 1437109.0745886147, 70.00574915192033, 136.71373901046067, 104.1191813879819, 24.10228494134868, -0.831887346228, 0.388171330722, 0.396593571797, -0.397178853936, -0.915575158281, 0.0630165654827, -0.387572446352, 0.105095896897, -0.915828832962,  
294, 1394108.522861651, 69.30043983362376, 127.36156062380608, 79.3292859339661, 32.94094514347947, 0.516101273793, -0.210045284321, 0.830373683183, 0.671522392507, 0.701025237059, -0.240044357084, 0.531692722868, -0.681501720864, -0.50285012967,  
305, 615087.4837495873, 52.75732416547613, 129.54967994434455, 69.0595319226197, 16.413012704179692, -0.7312512892, -0.638183015213, 0.240819416028, -0.654664308707, 0.557497907467, -0.510500466283, -0.191536406327, 0.530960000624, 0.825466706045,  
330, 1845464.506620969, 76.09200525178375, 108.19985703537503, 90.76991594375308, 44.85888425002659, -0.122981963345, 0.73386903712, 0.668065620316, 0.811475746342, -0.31316384807, 0.493391849711, 0.571299002092, 0.602797346227, -0.55700341973,  
341, 1902998.193453187, 76.87466842042635, 101.00470665351237, 90.68919795115076, 49.59667865097377, -0.216593108255, -0.959173654553, -0.181860732067, -0.973500129366, 0.226202077458, -0.0336172318649, 0.0733820385455, 0.169760185454, -0.982749487842,  
343, 3613804.8380760294, 95.19746020399133, 101.76063971097605, 100.53692733664472, 84.32777649284878, 0.611679819602, 0.765422964249, 0.199938700837, -0.599548724746, 0.283632580832, 0.748394204779, -0.516128980922, 0.577650625285, -0.632400687983,  
344, 3556299.841197098, 94.68981186916439, 109.52022474382937, 96.04426665991177, 80.71309294172926, -0.0484883179657, -0.99796004312, -0.0415287292927, -0.455035288698, 0.0590831619433, -0.888511151317, 0.889152275519, -0.0241853738982, -0.456971879473,  
345, 2966977.7204334275, 89.14053273984354, 107.45370429728158, 89.94837211823497, 73.28430545423502, -0.240611990076, 0.647034176366, 0.723500272873, 0.767503282713, -0.329472579162, 0.54989683633, 0.594175547509, 0.687600606599, -0.41732580144,  
346, 3256418.6130419937, 91.94974723125331, 100.32942124371979, 98.63941102974307, 78.55482069632377, -0.919355769651, -0.211420425431, 0.33179266496, 0.371777403351, -0.74275927107, 0.556857457162, -0.128711037474, -0.635303131545, -0.761461358101,  
347, 3608768.4367574304, 95.15321546851207, 108.3878415721601, 96.44524556566597, 82.41552230039538, 0.56890055528, -0.779048280682, 0.263506991499, -0.726384763434, -0.626231446077, -0.283194900015, -0.385638864292, 0.0302977278123, 0.922152218474,  
348, 3781212.424222967, 96.64531864678986, 109.21456017707726, 92.31216689907352, 89.53709097729521, 0.701609187121, -0.703260717689, 0.114755877859, -0.502148715119, -0.373714068041, 0.77986182318, 0.505560299521, 0.604782736447, 0.615342689275,  
349, 2966030.3192256214, 89.13104375286123, 98.2508552660349, 91.28609829529695, 78.94888343267945, -0.639128071994, -0.254874327766, 0.725640671845, 0.565707815589, -0.794983976452, 0.21903229115, -0.521046998812, -0.550490285319, -0.652280975346,  
350, 2349501.6399489297, 82.46994679826028, 110.15727220528471, 89.08900528938022, 57.154425041322035, 0.168959520982, 0.429375580301, 0.887180529155, 0.468794779357, -0.82679552405, 0.310870738825, 0.866997194411, 0.363381029296, -0.340984006122,  
351, 3826493.3827180713, 97.02957276127894, 106.42022582196559, 98.94208597137882, 86.75751798057617, -0.760731295931, 0.470856709022, 0.446745850523, 0.318511472263, -0.328906713574, 0.889028017445, -0.565542516021, -0.818605114408, -0.100236366843,  
352, 3182466.228576506, 91.24835940260054, 107.17278070452353, 88.96847618702326, 79.68095730340772, 0.17246520518, -0.187068220879, -0.967089051608, 0.451043329215, 0.887820096861, -0.0912983613202, 0.875680117493, -0.420453274867, 0.237493948304,  
353, 2812487.701955516, 87.56569673915097, 111.2224750717272, 85.17283379682534, 70.87749670857889, 0.210606561376, -0.0705362344747, -0.975022828416, 0.673692157513, 0.733203241874, 0.0924763916348, 0.708366962252, -0.676341367751, 0.201937121547,  
354, 24139.09053870213, 17.928505885646683, 128.33445372561582, 66.07497330703892, 0.6795979054422692, -0.489882969714, -0.777293011833, -0.394753403708, 0.0431055456795, -0.473851727265, 0.879549005172, -0.870721877476, 0.413860017787, 0.265637530785,  
355, 3514616.827067702, 94.31840724747659, 107.62069674160266, 92.84532869792599, 83.9718105414333, 0.363706361104, -0.0707561735918, 0.928822505537, -0.501932552461, -0.854863469259, 0.131423596456, 0.784717398604, -0.514005849018, -0.346434108458,  
356, 3792519.582143564, 96.74155730378644, 106.90897017715692, 100.80199862724187, 84.01482621437947, -0.626489924392, 0.652311831984, 0.426614168176, 0.324068973452, -0.279790532542, 0.903712652532, -0.708865061264, -0.704419286898, 0.0361080761836,  
357, 2183998.005153558, 80.4861603117685, 129.80744690816593, 78.85467673194297, 50.93737545536456, -0.9823115968, -0.18506701341, -0.0285329167921, 0.0832702780042, -0.568205982088, 0.818662337426, -0.167719967787, 0.801805564003, 0.573565907232,  
358, 2938867.2301368597, 88.85811969410405, 103.25902385961082, 87.29932625329378, 77.8309712103357, -0.0427331497546, -0.784867504234, 0.618188384483, -0.930397960648, -0.194201642015, -0.31087836377, 0.364051524834, -0.588446023894, -0.721940277468,  
359, 3281376.9164034375, 92.1840610388133, 97.09906050305555, 92.31184931171369, 87.39669911253819, -0.877283000281, 0.403713542743, 0.259595671811, 0.0821178242141, -0.40663416656, 0.909893025324, 0.47289660642, 0.819551114935, 0.32358116392,  
360, 3392245.1639582166, 93.21079402432537, 103.98472666265054, 88.70562619130062, 87.7966413071074, -0.943556424281, 0.133789081153, 0.302988045907, 0.0716880985432, -0.810607473711, 0.58118528895, 0.323360620245, 0.570101749979, 0.755262804556,  
361, 3432846.984381269, 93.58120047838443, 103.45170367931179, 93.19974775140278, 84.99892873749624, -0.981504794325, -0.0455535792946, -0.185938726819, -0.155805786128, -0.374270105021, 0.914136994928, -0.111233518899, 0.926200172695, 0.360250391218,  
362, 2976572.5867585754, 89.23651943714424, 101.33590689535478, 94.65153271883811, 74.08612139272861, -0.782421545669, 0.496645154321, 0.375712809951, 0.621061220796, 0.666683366921, 0.412087670641, 0.0458201363538, -0.555766928631, 0.830074476264,  
363, 1653753.1728081827, 73.36023159341923, 111.46577406380577, 85.40333721745323, 41.47302402698334, -0.992488586857, 0.0167413592086, 0.121186351754, 0.032255032211, -0.919732474805, 0.391218337615, 0.11800854993, 0.392188604731, 0.912283991125,  
364, 3457656.343163494, 93.80609825249901, 103.43632510950263, 96.43410307966258, 82.7540941580894, 0.659434627074, -0.346428624165, 0.6671830191, -0.614076753787, -0.760176230989, 0.212230625256, -0.433653909326, 0.54965380577, 0.714020294339,  
365, 2831686.7942694062, 87.7644971199759, 116.74026319091415, 76.93296529213333, 75.27026862054885, -0.346074404495, -0.347596675257, 0.871440794262, 0.158999503872, 0.893671565491, 0.419607305467, -0.924635963135, 0.283774002303, -0.254009155928,  
366, 3080290.664186239, 90.2611848354024, 109.3778893601279, 89.24790456301346, 75.33131063385257, -0.609416538248, -0.778933982047, 0.14789636413, -0.763747614065, 0.62681912017, 0.154231555137, 0.21284046824, 0.0189642348131, 0.976902908624,  
367, 3537214.0644994085, 94.52011571101158, 112.58768367766167, 97.42512660036373, 76.98584319371676, -0.0318885326322, -0.955606203907, 0.29291620737, -0.877392344203, -0.113601539874, -0.466130201201, 0.478712644308, -0.271866645972, -0.83481898097,  
368, 2520025.3461878, 84.41872071137178, 108.274985685795, 81.75531817100801, 67.96293904157514, -0.0174066868556, 0.748579902881, 0.662816065176, 0.807469970963, -0.38042438353, 0.45085422745, 0.589651806786, 0.543051947256, -0.597833864326,  
369, 3328957.541156761, 92.62748711011893, 101.54668126952427, 89.95993811636257, 86.99709767256947, -0.35770336909, 0.435521076852, -0.826056711951, -0.121242064164, 0.855438552358, 0.503512904518, 0.925931240222, 0.2802610832, -0.253189777884,  
370, 3741236.9076726157, 96.30352862430192, 106.81805985323902, 94.44688473053834, 88.53077735423633, 0.739165356242, 0.567575295233, 0.362619442905, 0.389311604878, -0.799383318521, 0.457627342253, 0.549609907516, -0.197090320185, -0.811840104485,  
371, 3033102.310659439, 89.7978937468985, 99.50810361108917, 92.51533454892913, 78.65498947282882, -0.147388602383, -0.347362283759, 0.926075614466, -0.39534232765, -0.837563808013, -0.377082632158, 0.906631702433, -0.42169457114, -0.0138796547295,  
372, 3681904.786988045, 95.79172222095369, 101.73183652494698, 96.41199266157214, 89.61815537734584, -0.0683887004614, 0.996633772744, -0.0452118200839, 0.135723463065, 0.0541907783394, 0.989263615583, 0.988383593157, 0.0615181482902, -0.138972623952,  
373, 3151917.876354562, 90.95545722346701, 103.93107703121026, 91.06810570634248, 79.50135911674582, 0.740991986673, -0.0214856860905, 0.671170053697, -0.409064178167, 0.778193269391, 0.476530936682, -0.532538612521, -0.627657231909, 0.567845952179,  
374, 3717226.866467642, 96.09707142973814, 104.06116160950978, 96.14465024825496, 88.69857949030295, 0.3078521747, -0.16287043129, 0.937390132839, -0.481265713734, -0.876555876856, 0.0057539147037, 0.820737687277, -0.452905086482, -0.348233587297,  
375, 3338286.181408398, 92.71392884766718, 100.73624488469171, 91.64838862894634, 86.32257047730978, 0.726625435286, -0.623456642518, -0.288647348324, -0.47636780642, -0.759939139471, 0.442228693446, 0.495064833937, 0.183832312721, 0.849185781204,  
376, 3328603.544616863, 92.62420370263843, 102.8874902504742, 102.11905629966124, 75.63174065085386, 0.358756474891, -0.302214969974, 0.883153386251, 0.0439697003922, 0.950557761027, 0.307419271351, 0.93239501134, 0.0714566643097, -0.35430705321,  
377, 2969207.2205646937, 89.16285501399595, 97.58458343644892, 90.60095828851017, 80.17480178247594, -0.934279609711, 0.0140786227418, -0.356263109597, -0.187452311082, -0.869370189151, 0.457227629618, 0.303287391673, -0.493960794596, -0.814873911384,  
378, 745464.3853288504, 56.24873546969403, 114.99668528963473, 70.32336294695685, 22.0066196391662, 0.902298392978, 0.0940116918699, -0.420736748835, -0.316022560505, 0.808050204754, -0.497176636467, -0.293235999292, -0.581563984776, -0.758812216777,  
379, 1795710.955625433, 75.4019552403876, 94.14923179826384, 74.35847142598898, 61.23512218222509, 0.302003267676, 0.913709411407, -0.271899131701, -0.637075209265, 0.405615189179, 0.655447554002, 0.709175016518, -0.0247271068717, 0.70459872703,  
380, 3334504.9139895197, 92.67891001981441, 101.79673041100398, 92.76412450629427, 84.30025205059583, 0.667051749198, -0.326421219269, 0.669694819678, -0.426781756452, 0.569371307772, 0.702619133134, -0.610654809407, -0.754496853206, 0.240489505489,  
381, 3547723.4745706227, 94.61363266887376, 101.42799727210105, 96.64954915094302, 86.39795629412855, 0.622809105179, -0.245524416025, -0.742850307694, 0.0312536093723, -0.940917006135, 0.337191932684, 0.781749339883, 0.233222959207, 0.578338154449,  
382, 3283942.779878822, 92.2080824680542, 109.11561578114272, 90.23828765208152, 79.62129162258141, -0.124272761453, 0.337843212586, 0.932962080939, 0.247052856227, -0.900105170107, 0.358853130092, 0.961000086884, 0.275086616281, 0.0283934244612,  
383, 3623950.250886669, 95.28646290050054, 112.13210347602306, 92.33281183769707, 83.5617616544083, -0.785128184829, -0.515731795539, 0.342920469582, -0.617715095827, 0.612084961522, -0.49374088373, -0.044741410068, 0.599477034547, 0.799140470303,  
384, 4086624.707423563, 99.18029195050873, 117.38531213296328, 93.8197682505798, 88.58659971173603, 0.457602558611, -0.0108312702836, -0.889090873835, -0.786492770116, 0.46150339245, -0.410418982641, -0.414763813401, -0.887072320807, -0.202666417423,  
385, 3412827.8270776425, 93.39893482261651, 105.12202917348625, 93.8559058706584, 82.57915387413865, 0.609793858396, 0.520776198482, 0.597447572058, 0.663634387091, 0.0766068247074, -0.744124179609, 0.433290722879, -0.850249107911, 0.298890622073,  
386, 3812177.4521265617, 96.90841705453688, 100.94678525734925, 96.47088926077717, 93.4535329346898, 0.310647486448, 0.655172712583, -0.688655832655, 0.405316746879, 0.564026874306, 0.719438683808, 0.859776990773, -0.50261556059, -0.0903389417158,  
387, 3543776.109904162, 94.57852911452866, 102.12858851218301, 93.61905240881919, 88.4842748455543, 0.243846619549, -0.969481183539, -0.025398049108, 0.659127641106, 0.146461484887, 0.737631199296, -0.711399732123, -0.196609430619, 0.674725983586,  
389, 3276589.9345229757, 92.13921216373123, 100.50261144721335, 90.08029019227419, 86.40251027899008, 0.234154354685, -0.0630117614511, 0.970155274222, -0.889446173388, 0.388991590607, 0.23993967384, 0.392501264746, 0.91908381574, -0.0350385047754,  
390, 2939374.184842918, 88.86322874332447, 119.46751020474878, 86.63884038999585, 67.79596123820848, 0.524017304048, 0.755209734314, 0.393781820627, 0.779033076203, -0.238121120452, -0.580004998407, 0.344257652406, -0.610701718675, 0.713112950077,  
391, 4226759.156027992, 100.3012389534384, 111.52299781028483, 95.52979129932544, 94.71431633888876, -0.553473112147, 0.72731208273, -0.405813563652, -0.147875675024, 0.39369248078, 0.907270089507, 0.819634247007, 0.562159554657, -0.110346437379,  
392, 3229186.1348557626, 91.69271309618036, 108.811864752773, 93.50787724498886, 75.76698727068295, -0.996497531165, 0.0567950703587, -0.0613758125354, 0.0831507718355, 0.750817351501, -0.655255105916, -0.00886676517065, 0.658063541513, 0.752910191063,  
393, 3342406.399470734, 92.75205665054929, 100.62928947076223, 99.88473234011546, 79.38658651933903, 0.567610692112, -0.607762414083, 0.555376404097, -0.676488856717, 0.0401755325018, 0.735356208464, -0.469234407241, -0.79310199509, -0.388340438849,  
394, 3714706.7037183205, 96.07534959073847, 104.72476736742152, 102.80837621506399, 82.36790426242231, -0.0565407833808, 0.974966502166, 0.215042924713, 0.849545547217, -0.0661649484503, 0.523349369733, 0.524476408448, 0.212279342497, -0.824537432583,  
395, 2247060.7652798565, 81.25349847604708, 104.84159078125782, 83.24085494306682, 61.46898946473596, 0.663934041673, 0.736817475746, 0.127638535494, 0.639956171033, -0.471554493343, -0.606706237783, 0.386843233707, -0.484495993011, 0.784611971163,  
396, 3045796.0107570477, 89.92298910765969, 118.46084168383751, 83.1649175657365, 73.80694488250049, -0.14012953507, -0.965827236245, 0.218040049369, -0.989759672502, 0.130589944967, -0.0576372879515, -0.0271938244791, 0.22388393422, 0.974236357312,  
397, 3076944.085625333, 90.22848493375672, 100.28448584677759, 91.6242872292565, 79.94413974997673, 0.893347521671, -0.0887083532202, 0.44052359028, -0.394552615218, -0.62404773522, 0.674457306277, -0.215077751868, 0.776334497646, 0.592491610418,  
398, 3469793.6403344674, 93.91573155728155, 99.2430914837424, 96.75190425088549, 86.26909290133595, -0.245168396548, -0.779734250718, 0.576113665514, -0.816203393296, -0.154670443463, -0.556676813503, 0.523167734199, -0.606705490478, -0.598501436688,  
399, 3598162.404617529, 95.05990678057553, 115.111045978042, 108.1196434138079, 69.01929951781433, -0.44540218375, -0.555640479924, -0.702054521943, -0.892580734409, 0.214157616428, 0.396782242406, 0.0701179525741, -0.803368018032, 0.591340257661,  
400, 2583417.3380125663, 85.1207262183344, 99.78528485673492, 87.08941760309281, 70.96988032561127, 0.835513309903, 0.49973463224, -0.228435562721, 0.435283952186, -0.34825816979, 0.830207280228, -0.335328778879, 0.79308356717, 0.508500801908,  
401, 3463572.9863721505, 93.85957387135339, 106.71036422357214, 99.56229824598324, 77.82770411628957, -0.150349763509, 0.58716502865, 0.795381781123, 0.674823929699, -0.527003488121, 0.516604285129, 0.722500942918, 0.614413991246, -0.316998162208,  
402, 3029162.996429045, 89.75900118314395, 102.53175868781835, 92.12703051675705, 76.55764294359122, 0.881942953332, -0.0727815931155, -0.465703196008, 0.0288156516858, -0.977833906577, 0.207389752316, 0.470474532027, 0.196325471734, 0.860296474398,  
403, 2879658.839462332, 88.25733508101672, 122.27932196943505, 92.85209810465761, 60.54909913862563, 0.621908439957, -0.722649186975, -0.301675396534, -0.24737888202, -0.54680816052, 0.799877818369, -0.742989623777, -0.422822643851, -0.518832758031,  
404, 2301777.0690454436, 81.90772873270309, 127.21829258314519, 85.66326496942385, 50.4232070221876, -0.488042349978, -0.701481483015, -0.519363450403, -0.0736805336364, -0.559805422782, 0.825341788344, -0.869704457612, 0.441068722095, 0.22152322406,  
405, 3049822.8496763934, 89.9626006387211, 120.52297091721974, 94.64845265135699, 63.82673920400192, -0.0859540085262, 0.234267154292, 0.968365018388, -0.406404652842, -0.895665450157, 0.180606366287, 0.909641229588, -0.378024207975, 0.172193297252,  
406, 3688535.9641818334, 95.84919527352402, 108.75204948043432, 91.06484713206629, 88.91544368228001, -0.959857192893, 0.0593434460494, 0.274139607978, 0.231346272191, 0.720128901187, 0.654135511968, 0.158597199202, -0.691297852655, 0.704949790637,  
407, 3472232.387619893, 93.93772932050327, 100.88594701060413, 94.6976982019168, 86.76609989711496, -0.431670379486, -0.794831822859, 0.426500945889, 0.710890322479, -0.008723891341, 0.70324877755, -0.555243759875, 0.606767061639, 0.568804096355,  
408, 2915242.583259106, 88.61937782024174, 115.1366237710646, 86.39519680015714, 69.96534844585479, 0.226934118467, -0.163053635388, 0.960163745338, 0.822462131716, 0.560089778524, -0.099274779707, 0.521590785739, -0.812227155407, -0.261208920697,  
409, 3587866.117808049, 94.96914756961533, 106.86527566815523, 98.32814827532438, 81.51417709388757, -0.344740951375, -0.936856076491, 0.0587738750451, 0.368713487816, -0.0775661611998, 0.926301168378, -0.86325201439, 0.341004666507, 0.372171703751,  
410, 3179964.072119082, 91.22443900896717, 102.5470550152674, 92.85205926913774, 79.72946893950075, -0.530310694409, 0.814608589744, -0.234911500166, -0.716562169026, -0.57875579478, -0.389333260754, -0.453110610465, -0.0381388977788, 0.890638085397,  
411, 2908118.802308271, 88.54713455144821, 105.63806308402583, 83.85176339634978, 78.37740948406051, 0.0622405686745, 0.932761510429, -0.355080380018, 0.951518996425, 0.0519199200996, 0.303176386513, -0.30122700917, 0.35673559755, 0.884308770955,  
412, 2384301.6745292842, 82.87512532565421, 105.18253589375178, 89.47708212768511, 60.48074666241786, 0.701879848794, -0.053272684703, -0.710300428637, 0.525927131424, 0.711281992781, 0.466345986557, -0.480380401649, 0.700885117413, -0.527252047792,  
413, 3492696.494807946, 94.12191318372513, 105.62219966185891, 92.01376421788403, 85.79544547072949, 0.334914666427, -0.0645081881201, 0.940037690669, -0.602404926578, 0.752471721724, 0.266260422219, -0.724527756988, -0.655457856518, 0.213153765349,  
414, 3710226.8969150395, 96.03671288081082, 106.64975184160627, 99.60208961249417, 83.3841605720326, -0.352686671111, -0.807609258769, 0.472630296502, -0.935226489964, 0.320980207511, -0.149409232832, 0.0310406908665, 0.494711018209, 0.86850301322,  
415, 3533476.9963095705, 94.48681713388616, 105.71607790230966, 97.21529528819529, 82.08012648939061, -0.51143440695, -0.56405955928, -0.648283626951, -0.845505621635, 0.195568495198, 0.496863369015, 0.153476679565, -0.802240473469, 0.576935985668,  
416, 3685006.611092317, 95.81861461228391, 100.59717017073453, 95.70849191922382, 91.37206181311407, -0.171329435449, 0.628510659014, 0.75869662979, 0.982314518262, 0.0499414287443, 0.18045509388, -0.0755275563017, -0.776195983758, 0.625951582024,  
417, 3204147.2670843354, 91.45510508913264, 98.1169156108396, 91.77426576482576, 84.94915307036744, 0.217354982998, -0.891324951047, 0.397865106546, 0.680771713328, -0.153680244715, -0.716192890719, 0.699504600198, 0.426523403843, 0.573385647079,  
418, 4027916.69321127, 98.70306149326946, 116.74461122978165, 102.1541489833919, 80.63043763461604, 0.888654492161, -0.088374156485, -0.449981335199, 0.109006620065, -0.9124208654, 0.394468910264, 0.44543321648, 0.399597513567, 0.801193532679,  
419, 557637.443515215, 51.060818560376084, 120.65740435272988, 79.04155261272729, 13.958986183709294, -0.240286253288, -0.49291403209, 0.836240559557, 0.610747345117, 0.592823315566, 0.524926849146, -0.754486710893, 0.63686440746, 0.158598643111,  
420, 2458543.8495770213, 83.72653461628559, 105.9792766950812, 92.25166100785037, 60.03357463065556, -0.518098348841, -0.185332186449, 0.835000647661, -0.707886632178, 0.64085540243, -0.296986311403, -0.480073553648, -0.744953913905, -0.463220303144,  
421, 3689929.2004928677, 95.86126182878091, 107.56751614617775, 90.82415333626396, 90.16685577510037, -0.24304478319, 0.241031950159, -0.939591843497, 0.829711258451, -0.450130759185, -0.330093209918, 0.502502199959, 0.859817363536, 0.0905849899198,  
422, 3526489.563164266, 94.42449363105935, 102.15237927819202, 94.78109621552129, 86.95284171292384, 0.0642665951346, -0.140338697259, 0.988015614655, -0.837699551054, -0.545646196704, -0.0230149991359, 0.542336857417, -0.8261811412, -0.152628486899,  
423, 857990.016260399, 58.947384703751986, 112.41096437839923, 100.68700199025731, 18.097206487558093, -0.265797018943, -0.836728036173, 0.478788197644, 0.482329515121, 0.314596128612, 0.817549701673, -0.834691669758, 0.448235952758, 0.31995991482,  
424, 3930345.2774357605, 97.89955063773273, 115.806057120208, 99.8147270608151, 81.17385965115947, 0.57406696188, -0.672897434461, 0.46653635011, -0.704100869414, -0.696518103056, -0.138219021145, -0.417958238307, 0.249141676183, 0.873635699946,  
425, 2809615.5148545746, 87.53587844843275, 105.25520983518776, 91.42238752511605, 69.70470971148339, 0.925942238304, -0.123894576227, -0.356764775877, 0.184344490048, -0.676208428634, 0.713273629145, 0.329618082504, 0.726217801369, 0.603290663495,  
426, 3533703.609935447, 94.48883700859936, 113.26489069915634, 96.61539307286326, 77.09032481090064, -0.60693880963, -0.606720138367, -0.513338051447, 0.0536324450109, -0.675708187951, 0.735215618427, 0.792936846291, -0.418699317453, -0.44265340771,  
427, 3769057.307192501, 96.54164853161068, 109.25844365075187, 93.28358775603185, 88.28438187149528, -0.325591098215, -0.541416823862, 0.775150475458, -0.903936433369, -0.0621869910112, -0.423121380429, -0.27728930955, 0.838451311042, 0.46915886203,  
428, 3525200.2634421573, 94.41298489499819, 106.02058907378633, 91.6934836494496, 86.56981686107237, 0.235333373637, 0.624321719478, -0.744876227195, 0.775133412118, 0.341788905658, 0.531364787493, -0.586333008341, 0.702426319664, 0.403498288438,  
429, 3272739.0772823845, 92.10310205631232, 96.61210730842652, 93.28221170712727, 86.69466706692148, -0.375773442873, -0.909257661343, -0.179010683814, 0.720760378941, -0.408174911307, 0.56026575652, -0.582493601493, 0.081509183951, 0.808738188261,  
430, 3074307.894759995, 90.20270963390217, 117.91915464590608, 96.13666621812041, 64.74188442357531, 0.477350399522, -0.486749164071, -0.731581743452, 0.12360832912, -0.787085988478, 0.604331554458, 0.869975618651, 0.378907505888, 0.315549560187,  
431, 2733317.935253372, 86.73622448032947, 121.04141547196062, 86.32962179985309, 62.44644358629744, 0.44746606543, -0.788094988214, -0.422706056073, 0.381870367239, -0.25902970576, 0.887174522942, -0.80867122053, -0.558399409998, 0.185043119302,  
432, 3794385.761806291, 96.75742252818839, 106.19348871459309, 96.53573996563661, 88.36226794374704, -0.658551398771, -0.555312813921, -0.507875707109, 0.141307377479, -0.754132065849, 0.641340044226, -0.739149700836, 0.350588798956, 0.575104524239,  
433, 1568455.600115856, 72.07664116911417, 120.55583941008567, 84.15035510076957, 36.90960654043323, 0.21540225889, -0.0578288276623, 0.974811619523, -0.177155942902, 0.979366738697, 0.0972448611903, 0.960321632975, 0.193640434374, -0.200713087306,  
434, 3640893.2923358353, 95.4347295611479, 98.39313186338266, 96.5107367110648, 91.53325915694475, -0.492443943572, 0.846643565991, -0.201726633357, -0.555095426208, -0.484040485271, -0.676442071741, -0.670349185307, -0.221132269885, 0.708330776526,  
435, 3453498.897289586, 93.7684860522204, 111.73150673371202, 94.2367144571097, 78.3023724655244, -0.910322849933, 0.221058410933, -0.349922116829, 0.405963083055, 0.31211143344, -0.858941458024, 0.080661540319, 0.923969497371, 0.373863723624,  
436, 3093498.5539419237, 90.39001032767412, 106.39820134643347, 87.16009995539561, 79.63597509612953, -0.218842304739, -0.566533377685, 0.794448222118, -0.941328354705, -0.0918005538858, -0.324766973281, -0.256922117157, 0.81890939076, 0.513204087513,  
437, 3361577.0466657723, 92.92904771841566, 98.32255756597755, 93.73596390133811, 87.07531290895538, 0.0105462895679, 0.252211584723, 0.967614640396, 0.935800184183, -0.343488691774, 0.0793317963184, 0.352373085039, 0.904657302604, -0.239642178643,  
438, 2972846.6070527663, 89.19926940294681, 98.46229074056642, 93.26999426712051, 77.28087064703053, -0.510831615171, -0.81802732209, 0.264352721294, -0.0608890153423, 0.341156622183, 0.938032348563, 0.857521771591, -0.463080402796, 0.224082466501,  
439, 3198942.8300401336, 91.40556197783975, 100.7146882990289, 95.90819045677233, 79.06228454249693, -0.0803872293124, 0.629250650208, 0.773033965991, -0.614239740727, -0.642062313283, 0.458765219665, 0.785014289217, -0.43794931793, 0.438124366647,  
440, 3013847.174255001, 89.60746797388911, 98.4165354677876, 92.30862015166299, 79.19947183690113, -0.253438138929, -0.94143198669, -0.222429593744, -0.966958669637, 0.25310026315, 0.0305153732938, -0.0275688402044, -0.222813983471, 0.974471081059,  
441, 3473595.9723403943, 93.95002451218494, 108.03337542224482, 92.45424708927865, 83.02442595681511, -0.489068421456, -0.141798381979, 0.860642375207, 0.847976933487, -0.308425738608, 0.43105531436, -0.204321314131, -0.940620424312, -0.271083046241,  
442, 2993861.8079260956, 89.40896076429225, 96.94881582635942, 87.10925701360645, 84.63233486630077, -0.234026243616, 0.965732270387, -0.11221808781, 0.967608028816, 0.242598669024, 0.0698612078178, -0.0946911815811, 0.0922337667038, 0.991224753732,  
443, 2928855.3890539235, 88.75710055326756, 99.8173789350771, 88.80776311123236, 78.8773346495381, 0.762888677784, 0.601506985512, -0.237044746177, -0.409135889713, 0.73304159911, 0.543376331582, 0.500608319006, -0.317552138011, 0.805327231991,  
444, 3631386.810581662, 95.35159618265325, 104.39323796504483, 93.73646745128642, 88.59372279771392, 0.284924285059, -0.771406298315, 0.568990750982, 0.579560788474, 0.611443838231, 0.538744582481, -0.763496852807, 0.176263313281, 0.621292040947,  
445, 2979813.4573839605, 89.26889438164781, 115.23809427046933, 83.93798570302437, 73.54376463639193, 0.049393505402, -0.810896846498, 0.583100836874, 0.889796966122, -0.229459425183, -0.394473993154, 0.453675699927, 0.538325808906, 0.710199748495,  
446, 1772121.107601573, 75.07031929599611, 105.96804235833484, 78.41648234606075, 50.91227705196893, -0.401205366869, 0.908401202111, -0.117649945173, 0.165357157735, 0.198157286687, 0.966121472755, 0.90093910115, 0.368158859375, -0.229712407767,  
447, 1183640.3249018285, 65.6211314676778, 145.97850744634079, 86.97367973241177, 22.25637240114857, 0.860943459118, 0.489573326512, 0.13818219194, 0.334131436405, -0.339408832297, -0.879293937068, 0.383578601342, -0.803193378039, 0.455793652946,  
448, 3205352.568334882, 91.4665711802542, 105.29198321874492, 92.67708671743725, 78.41867817020008, 0.295257602519, 0.693449111281, 0.657230004046, 0.616375502892, 0.387347069644, -0.685597175514, -0.730002868206, 0.607528252596, -0.31305787757,  
449, 2486059.3193321577, 84.03772607344655, 113.97591592662094, 98.05671709174541, 53.104636161917966, 0.0627909695322, 0.861097663849, 0.504547428355, -0.463515151985, -0.422554136193, 0.778846394269, 0.883861413359, -0.28276989815, 0.372599230641,  
450, 1493965.343139253, 70.91704612823318, 95.26082596711166, 66.88473352949971, 55.977122474051875, -0.705701433155, -0.432336279903, 0.561311703354, -0.695889099276, 0.571817235265, -0.434469113934, 0.133130945883, 0.697216172025, 0.704390346835,  
451, 3414685.694180295, 93.41587984489014, 102.48503780123004, 92.80429336168193, 85.71041381302642, -0.525526683079, 0.56881571099, 0.632669259806, 0.849896482641, 0.317168636885, 0.420808774351, -0.0386997954415, -0.758849617979, 0.65011505376,  
452, 3457112.962248196, 93.80118402651667, 107.69768595783565, 91.71335915937789, 83.55760602936688, 0.025609523033, -0.765353910085, 0.64309994919, -0.440061383549, -0.586257932659, -0.680182045561, 0.897602434845, -0.265584315638, -0.351816486606,  
453, 3144116.3296918254, 90.8803516809897, 101.8355786877435, 94.52730385747482, 77.97460623552925, -0.273284865001, -0.751330951033, 0.600680601136, 0.909596587927, -0.405007133373, -0.0927538093456, 0.312968736126, 0.521028812962, 0.794090389232,  
454, 3498196.5524513754, 94.17129283951085, 107.69161803203428, 90.7672467926422, 85.43671343398883, 0.624414320378, 0.0641424936595, -0.778455199106, 0.49529644375, 0.738119439099, 0.458106020953, 0.603976977472, -0.67161405147, 0.429122798919,  
455, 3130338.3376236707, 90.74740682633269, 101.65378827816735, 86.00784493108749, 85.47537937918187, -0.929321673493, -0.215115659682, 0.300144098953, -0.151303027728, 0.96325833067, 0.221902641252, -0.336851036776, 0.160806222995, -0.927724494486,  
456, 3293622.0353631335, 92.29858649619104, 119.90926691003231, 84.91043987903387, 77.2273818435971, -0.888113869018, 0.396127665814, 0.233102183675, 0.459251544316, 0.744404619023, 0.48471618729, -0.0184871496213, -0.537535706306, 0.843038308587,  
457, 2909847.070454153, 88.56467199255204, 98.82430562554524, 89.28338704187371, 78.73124639203782, -0.388810229029, -0.919853672076, -0.0519213614179, -0.902092074574, 0.391544426116, -0.181446552371, -0.187233797143, 0.0237104269475, 0.982029185341,  
458, 2720084.3773606387, 86.59601804668831, 101.11191913418189, 87.3070762505376, 73.56004200237976, 0.520201183262, 0.76245298849, 0.384780676847, 0.524579229158, -0.640789458191, 0.560540366617, 0.673949079136, -0.089745811125, -0.733306435344,  
459, 1226868.0908460375, 66.41044963113383, 147.7759250108713, 54.0811910235904, 36.64876362281219, -0.547299901885, 0.294993282589, -0.783225242586, 0.756428386284, -0.226129210885, -0.613743982788, 0.358160458203, 0.928355827909, 0.0993807977832,  
460, 3131877.74003658, 90.76227996662644, 117.31972302297012, 87.57077877733988, 72.77562599278139, -0.0292322556463, -0.167570094664, 0.985426678452, -0.829156289345, -0.54652187275, -0.117531657206, 0.558252024689, -0.820508443576, -0.122965730796,  
461, 3132466.661029462, 90.76796861589116, 106.02024770574269, 95.2868991792469, 74.02456077908133, -0.746291656598, -0.545441383795, -0.381500275407, -0.658585171638, 0.688189469968, 0.304402406567, -0.0965108024571, -0.478423400628, 0.872809666961,  
462, 3137645.4017013432, 90.81796169540945, 100.38198363832808, 88.14644304545473, 84.65540384295942, -0.774275356325, -0.572496292585, 0.269714047768, 0.113385132571, 0.293799678128, 0.949118307085, -0.622608612452, 0.765460478475, -0.16256928244,  
463, 3269195.896549915, 92.0698520509361, 146.77109273449383, 86.38312769419987, 61.55777070229877, -0.960451982362, 0.198744504559, -0.195019515652, 0.271662754306, 0.822485371216, -0.499717082016, -0.0610846748406, 0.532933800808, 0.84394918476,  
464, 3508966.6271367758, 94.26783713625733, 104.18221884591097, 98.45866790882535, 81.66633578940906, -0.444236230943, -0.497156160389, 0.745311963747, 0.728154231575, 0.284318062322, 0.623662292011, -0.521963203834, 0.819755446231, 0.235701977546,  
465, 2198854.5140469274, 80.6682487310954, 125.60557132675504, 67.11480720399686, 62.27025381615313, -0.888468591061, 0.443001115486, -0.119889842674, 0.0717840398518, 0.392161118954, 0.917091439499, 0.453288665555, 0.806200761882, -0.380223246555,  
466, 3781925.159612053, 96.65139061556035, 109.49774426780044, 96.442255724425, 85.49717969830593, -0.659656545866, 0.538220717953, -0.524568108315, 0.730604129697, 0.295526433748, -0.615533697393, 0.176269246227, 0.789292458929, 0.588172225724,  
467, 3819783.144471844, 96.97282171477477, 115.41572914368402, 93.9565259485042, 84.09267134004251, 0.0917960478464, -0.895071770769, -0.43637141379, 0.570009544345, 0.406554815327, -0.714004412795, 0.816494093644, -0.1831930875, 0.547519577492,  
468, 3570646.161498801, 94.81696910417469, 101.17200928412305, 97.99657244818894, 85.97792206841446, 0.0996071363834, 0.464847657644, -0.879769898078, 0.0728127044863, -0.885201713965, -0.45947386831, 0.992359173106, 0.0182915493394, 0.122019222977,  
469, 3779700.7617550683, 96.63243789518759, 104.6842451689175, 95.34974964749011, 90.39989497035715, 0.613982707653, -0.125823208204, 0.77922638237, -0.538962976811, 0.654414942556, 0.530339506908, -0.576666406453, -0.745593457078, 0.333985407513,  
470, 3396271.3981262236, 93.24765654335378, 109.97128381208142, 89.98140945840463, 81.93730806291603, 0.536934041749, -0.691373884384, -0.483429402087, -0.452443422082, -0.719650644782, 0.526685769012, -0.71203706689, -0.0640710656719, -0.699212495539,  
471, 2929556.3715541726, 88.76418093144031, 97.67903977483941, 92.11472475427539, 77.72895151818585, -0.484150921185, -0.208677634386, 0.849736153417, -0.463281248177, 0.884983779573, -0.0466282637524, -0.742272436915, -0.416241942625, -0.525142147039,  
472, 3744474.7682113615, 96.33130263698592, 117.79893330233894, 94.69612117503135, 80.13620117270773, -0.211279184274, 0.564088591831, 0.798226262947, 0.975545386107, 0.172330469295, 0.136430967884, 0.0605995539415, -0.807530971492, 0.586703864095,  
473, 3412801.0124825896, 93.3986902101034, 110.15980775293194, 89.3579596122099, 82.76866391772596, -0.563450441407, -0.123013727667, -0.816940158692, 0.129254154658, -0.989800953968, 0.0598952003757, -0.815976080275, -0.0718449325282, 0.5736038198,  
474, 1518056.0593613256, 71.29620279251321, 97.77938216817341, 69.71319969880699, 53.16635601597633, -0.177430358467, -0.885199594914, -0.430046677768, -0.154618574694, -0.406479220409, 0.900481948589, -0.971911294437, 0.226266039299, -0.0647465458985,  
475, 3303616.598482192, 92.39185286673495, 108.30112568557192, 91.61448233614053, 79.48843151861118, 0.729603991425, -0.559582531668, 0.393122634745, -0.329020697787, 0.216717750864, 0.919118489036, -0.599519304213, -0.799938001793, -0.0259960989959,  
476, 3935472.1201976305, 97.94209970047415, 104.4025465230624, 96.29629455588662, 93.45177678992523, -0.524699752694, -0.395144297285, 0.754023311208, -0.797888482177, 0.537041738697, -0.273788496665, 0.29675602695, 0.745283271797, 0.597066751082,  
477, 3978646.1528639025, 98.29895530705325, 111.41370762521817, 98.22413384934868, 86.79403364466387, 0.545590702414, 0.775045201495, 0.318803577584, 0.230734943105, -0.504628455678, 0.831932393738, 0.805662566755, -0.380335453725, -0.454150604062,  
