# Void_ID, Void_Volume, r = (a*b*c)**(1/3.0), a, b, c, vector_a, vector_b, vector_c 

1, 1068164.6457639134, 63.4137150446259, 118.28179618841006, 80.85909417566624, 26.66261903980927, 0.0111215163781, -0.508011767813, 0.861278326464, 0.572066021465, -0.70321695024, -0.422168672428, 0.82013217164, 0.497403221399, 0.282795432041,  
2, 3151042.145412807, 90.94703273512079, 132.46524322503765, 111.46752379933858, 50.946611942593925, -0.560130874689, -0.749654711566, 0.352521228647, 0.68407051215, -0.178559508775, 0.707222762807, -0.467226858845, 0.637286682156, 0.612833376311,  
5, 306406.68193692155, 41.82184687047583, 89.06289741053902, 40.27556681456441, 20.392531502901488, 0.271036756616, 0.893774899621, 0.357359070643, 0.878023540517, -0.0774137711138, -0.472315329351, 0.39447907278, -0.441784491409, 0.80573737923,  
6, 4623912.892509338, 103.34917438656063, 126.48207941053015, 116.99216926397882, 74.59938447326957, 0.0784847328518, -0.887705586111, 0.453672722452, -0.0176748381762, 0.453765898601, 0.890945626491, 0.996758620131, 0.0779442214349, -0.0199236427463,  
7, 2454066.8503847443, 83.67568183365249, 117.3900765612752, 88.2149198190649, 56.57497231884053, 0.642307051364, 0.451368843747, -0.619441537728, -0.365505216253, 0.890765918357, 0.270077795433, 0.673682112469, 0.0529362407802, 0.737122897319,  
13, 914601.036271517, 60.21634065773023, 124.7733806578774, 84.90763750011496, 20.609828624705468, -0.790955713165, 0.60850886052, -0.0640782839955, 0.611033656047, 0.780042120775, -0.134804157933, 0.0320457639937, 0.145778107018, 0.988798165716,  
15, 2687717.892808181, 86.25117583959371, 112.30267262157058, 90.61555219323066, 63.052489725135565, 0.689043754531, 0.674788313289, 0.264347189487, -0.496328802596, 0.173592315148, 0.850601803334, -0.528087515526, 0.717304984208, -0.454529576128,  
16, 3115739.1557668704, 90.60611189423601, 107.10280936081611, 105.38525851231914, 65.90096208767439, -0.201961872413, 0.68286964432, 0.702068693903, 0.82215097943, -0.27135108025, 0.500436168027, 0.532239766565, 0.678275489837, -0.506619374652,  
18, 1108117.6349035334, 64.19468700539512, 111.73974911567352, 80.5073829660282, 29.40721222917937, 0.131286221417, 0.719014514893, 0.682482274817, -0.37698497079, -0.600510209578, 0.705173609824, 0.916867634866, -0.349865139113, 0.192218949557,  
19, 595289.0517532981, 52.18508902269975, 87.18309716070928, 66.4076693456088, 24.546453543656835, -0.519393155465, -0.221408061827, -0.825353996909, -0.853266468396, 0.186989703104, 0.486796861991, -0.0465519491213, -0.957085848339, 0.286041246924,  
20, 698362.0543338029, 55.038172896294974, 103.33764117384803, 57.08691975761866, 28.26160812732087, 0.784761854089, -0.505637731156, 0.358440116615, 0.404440189155, 0.855990112106, 0.322038912826, -0.469656220829, -0.107756265753, 0.87624860709,  
22, 809417.2511236793, 57.81332519355166, 160.54391899167047, 76.22025367891543, 15.791362273080463, 0.91617794541, -0.346470879851, 0.20143460914, -0.300035728477, -0.926180458246, -0.228403853735, -0.265700082765, -0.148820993745, 0.952499752147,  
23, 1855369.1223116124, 76.227891143895, 122.55260982576536, 76.9898373736933, 46.944611449434476, 0.706675348995, -0.215320300294, 0.673978574885, -0.596975468163, -0.692750874816, 0.404618976141, -0.379776567911, 0.688282931448, 0.6180909033,  
24, 2898278.4472162793, 88.44714781870495, 116.29284753776693, 104.53572839886512, 56.915917799409534, -0.196254052139, 0.940942741452, 0.275882410327, 0.259263857942, -0.221546398731, 0.940052894881, 0.9456567025, 0.256015527885, -0.200473066764,  
26, 393223.5535970523, 45.44822972094602, 114.12040358194928, 75.6998226430555, 10.866576793513651, -0.966137620403, 0.142694111964, 0.214980205724, -0.113060147732, -0.983039747218, 0.144396185491, 0.231938572551, 0.115200893227, 0.965884699518,  
27, 1270247.9402503534, 67.18411953829208, 134.5179817505353, 59.34330408845427, 37.988122013215445, 0.00442912781286, -0.536680977139, 0.843773613953, -0.95096075943, 0.258706778934, 0.169541843089, 0.30927983583, 0.803146519205, 0.509216704202,  
29, 156722.15042052665, 33.44623659520592, 114.18070995799702, 40.478283702770135, 8.09518808689274, -0.586474402096, 0.80969323102, 0.0210866623105, 0.798895144925, 0.582550972688, -0.149669340999, 0.133470307938, 0.0709312051322, 0.988511224538,  
30, 774570.3470976445, 56.97146917999405, 76.36145840437348, 56.61871926184484, 42.76987707692762, 0.619953691357, 0.0514599662244, -0.782949099527, 0.316936413008, 0.896398479031, 0.309872678531, 0.717780419546, -0.440251790078, 0.539416008893,  
32, 2189536.4146308387, 80.55413794360767, 129.91719587016595, 91.56697321840424, 43.93979903475409, -0.0524849702426, -0.309235896696, 0.949535933018, 0.37035127689, -0.88906702416, -0.269072031724, 0.927407817308, 0.337539607668, 0.161188565509,  
36, 868681.9648704102, 59.191234609085406, 108.59378687812107, 76.47823334953857, 24.97062257528221, 0.646850763354, 0.724504872152, -0.238068855956, -0.493704543013, 0.63576026951, 0.59335040568, 0.581239979833, -0.266273487115, 0.768933362459,  
40, 966362.1497213659, 61.331525539669, 114.06374941598035, 85.5948749150972, 23.62957426830885, 0.328823616632, 0.203009508088, 0.922313487254, 0.896947108348, 0.238522199161, -0.37228086888, -0.295568797357, 0.949681157091, -0.103657059072,  
41, 523845.83686027717, 50.00786296762805, 116.73044518668314, 69.07099424293396, 15.510830006932903, 0.729407275223, 0.192454506065, 0.656449761937, 0.613594215347, -0.608311688145, -0.503447146143, -0.302435391026, -0.770011787677, 0.561795942575,  
42, 3654833.3632335765, 95.55637302526614, 132.68335516034378, 94.68999016393339, 69.44779400306092, -0.851996265899, -0.48574349917, 0.195334625473, 0.00768059738078, 0.361461284156, 0.932355483965, -0.523491519815, 0.795863677442, -0.30423286412,  
43, 1153655.746681261, 65.06226948436282, 129.34539318562742, 59.12710302091351, 36.012233566132835, -0.339823092801, 0.916229171173, 0.212236593195, 0.109041528547, -0.185761051822, 0.976525870972, 0.934146782177, 0.354988644209, -0.0367811341719,  
46, 2518000.1264281054, 84.39610026682115, 134.8223125055763, 84.26852336132404, 52.91027057385436, -0.515785811884, 0.358108100523, -0.778282458108, -0.163102892651, 0.850785766756, 0.499560832627, 0.841048418742, 0.384606509859, -0.380414760368,  
47, 2728754.8179036705, 86.68793054686799, 113.60728813394701, 83.45755070086554, 68.7074891777536, 0.831976225753, 0.526186809483, 0.175906228735, 0.480609874907, -0.525122758418, -0.702324879763, 0.277181723647, -0.668859873305, 0.689780227289,  
49, 1778959.2962772846, 75.16675479079582, 98.96130662290093, 73.05985107722266, 58.73989941695735, 0.243630864041, -0.682536314913, -0.68904875075, 0.437262362013, -0.556854805202, 0.706197106119, -0.865705278287, -0.473346495442, 0.162780423882,  
50, 2999309.548503837, 89.4631585105277, 123.5745758859539, 96.84977348718839, 59.82806307951943, -0.957355110598, -0.0744992631126, -0.279143425514, -0.288668882185, 0.286430112708, 0.91357980877, -0.0118940602837, -0.955200319477, 0.295720951237,  
53, 2123934.9045311613, 79.74146268767214, 126.17290184637149, 106.65171236507018, 37.68067453041959, -0.196685910747, -0.462194293141, 0.864691325215, 0.891022912706, -0.45227361234, -0.0390736306641, 0.409136678319, 0.762774550551, 0.500781552661,  
54, 3571095.276006807, 94.82094428487892, 123.91219995016115, 99.69900157639634, 69.0093522918207, -0.00725675899896, 0.983947874925, 0.178308493571, -0.709011666442, -0.13080533733, 0.692959176702, 0.705159411976, -0.121394164426, 0.698579745301,  
56, 1304362.5747668967, 67.78026149838203, 105.35305354478089, 87.08998818660677, 33.93863418669443, -0.651880599937, 0.145162485374, -0.744298015761, -0.243634303473, 0.889379730607, 0.386841079718, -0.718118381325, -0.433510723773, 0.544402831345,  
57, 1836248.9452585988, 75.9651354731142, 111.27217121508721, 92.46534870746392, 42.60664874786979, -0.576603522627, -0.163123833722, -0.800574164313, -0.319695360334, 0.946784301023, 0.0373411825892, -0.751879813717, -0.277470903354, 0.598069095938,  
58, 2455038.4654487628, 83.68672334566253, 119.81506719958483, 73.64862642373032, 66.41919452797316, 0.714458191331, 0.605229104113, -0.351065840513, 0.591475870666, -0.254401031161, 0.76513816384, -0.373772373591, 0.754306202334, 0.539737311903,  
63, 973714.6432421592, 61.48667814204289, 134.57044372622317, 83.36748927867762, 20.720330823285018, 0.124960022739, 0.541557009984, -0.831324844844, 0.320005294009, 0.771114631194, 0.550435134566, 0.9391387568, -0.334810738323, -0.0769426083544,  
64, 1933054.2329824637, 77.27727685953518, 124.36894100368673, 66.0707923803004, 56.16088949170811, 0.533897102788, 0.712318753903, 0.455583007225, 0.70018074344, -0.0703876346041, -0.710487513902, 0.474026170322, -0.698317673937, 0.536331628861,  
66, 1198868.9146785752, 65.90135791272773, 141.94240610805937, 99.79545032897387, 20.20506189599007, 0.865800425472, 0.470186114726, 0.171215188498, 0.426065050875, -0.872136781014, 0.240511969816, -0.26240845199, 0.1352865578, 0.955426266963,  
67, 1682370.8323206054, 73.78097221694351, 112.55346124055447, 75.07812663008579, 47.52923656953598, 0.347778587033, 0.880388108926, 0.322438881127, -0.377738779124, -0.183190852145, 0.907609236641, 0.858116232889, -0.437444727196, 0.268846873705,  
68, 1679383.9914149446, 73.73728336134556, 117.46549921311514, 99.48481890457177, 34.30790961507535, 0.295070936253, 0.365512350991, 0.882798880749, 0.720520535063, 0.521687373623, -0.456828679873, -0.627521554316, 0.770871588188, -0.109424372942,  
70, 948701.5094766958, 60.95560705645487, 105.55515024840192, 86.85086924809902, 24.705143712644507, 0.334020938009, 0.874078180391, 0.352728433126, 0.550401957068, 0.122915955997, -0.825802248372, -0.765171679185, 0.469977661517, -0.4400378382,  
72, 275876.9613976517, 40.383963576469334, 115.10877005809871, 79.50201777438174, 7.196813688986033, 0.583190244664, 0.743413940029, -0.327452061071, 0.715756949743, -0.279626898036, 0.639922484985, -0.384162891783, 0.607572639003, 0.695179373192,  
74, 1721628.4258188338, 74.35045063852846, 123.42470107263921, 75.22961908462668, 44.26493883938602, 0.718077017484, -0.162065939077, 0.676830871306, -0.546177819765, 0.471509962542, 0.692364170376, 0.431341148232, 0.866840808115, -0.250063646353,  
79, 1675556.6525971717, 73.6812246650658, 135.7149304598602, 85.31429095714422, 34.547855378002716, 0.135681919644, 0.490914024854, 0.860577618163, 0.37691889268, -0.828873320926, 0.413401942664, 0.916254639837, 0.268276793738, -0.297497893974,  
80, 1933864.4950654642, 77.28807257333455, 120.7005031678622, 69.85375825471274, 54.75686472236102, -0.122925061489, 0.0325363804154, -0.991882459371, 0.99223276385, 0.0232322964161, -0.122206394043, -0.0190675535803, 0.999200502578, 0.0351394941307,  
82, 334633.69845860463, 43.068560332246975, 142.61578407508577, 27.59785858447737, 20.297291327819053, -0.0255282620391, 0.953715860578, 0.299623705871, -0.075362201844, -0.30070450632, 0.950735156819, 0.996829396823, 0.00169031401396, 0.0795505906204,  
83, 2254694.5434795446, 81.34540670221344, 107.65051412117734, 89.09121921479054, 56.123932537516424, -0.598204256682, 0.72833296406, 0.334189707727, 0.263554323393, -0.215017814772, 0.940375700426, -0.756763361896, -0.65061388918, 0.0633307294884,  
84, 1593348.266722089, 72.45594654334039, 138.2935982920484, 65.57439034680876, 41.94553756487704, -0.876362510317, 0.399070768903, 0.269687359582, 0.0280287676985, -0.516718322802, 0.855696536783, 0.480835875006, 0.757459369397, 0.44164710462,  
87, 1415468.1958971103, 69.65257375074505, 118.91595550067177, 62.05899894531973, 45.78957480051607, 0.596003415528, 0.356225680491, -0.719641016923, -0.419922173441, 0.902166357309, 0.0987989473223, 0.684430637049, 0.243308709869, 0.687281292318,  
89, 1457475.378905738, 70.33489971279245, 138.16526188335044, 63.31959894067831, 39.77183213334919, 0.78943207103, -0.334324526898, 0.514804929991, -0.537884867658, -0.780853604387, 0.317722390869, -0.295764897128, 0.527726026675, 0.796258981988,  
92, 1373173.795560079, 68.95180390749228, 108.41194437574194, 89.36883953362002, 33.83558157437453, -0.712127255442, 0.551502817553, 0.434418478299, -0.58991590744, -0.805546242609, 0.0556279890653, -0.380623165618, 0.216656163656, -0.898991719953,  
94, 1965070.8042659615, 77.70158263353727, 121.11431329605023, 88.69066088276604, 43.673322408171316, 0.780732009906, 0.583833121043, -0.222702526884, 0.381615930549, -0.163280111039, 0.909785077307, 0.494799767844, -0.795285164021, -0.350278029041,  
95, 1418344.7063576605, 69.69972441307083, 138.97386544514484, 75.95928550407814, 32.07592391155499, 0.292284848123, -0.646539391495, 0.704667569001, -0.828245892129, -0.539507641768, -0.151460379789, -0.478098640167, 0.539368445238, 0.693183504241,  
102, 1607271.5314186637, 72.66638369556716, 139.20052169338112, 102.93984844721098, 26.77788398461253, 0.552098315701, 0.831074364583, 0.0671032810891, 0.582082062412, -0.326561032577, -0.744673327453, -0.596965595673, 0.450192506086, -0.664047276214,  
104, 4105544.5976317693, 99.33311503724573, 140.51099744092022, 90.48942653346285, 77.08573402614822, 0.355356016979, 0.478261026367, -0.80311175552, -0.53783880577, 0.807329508435, 0.24279308849, 0.764494290499, 0.345666682612, 0.544116737775,  
107, 419341.9569823847, 46.432981336718115, 121.02276066016307, 45.210821492081365, 18.29659413968764, 0.0076235484918, 0.0981320863705, 0.995144198161, -0.386518155776, -0.917536190897, 0.0934401072815, 0.922250289652, -0.385353645394, 0.0309349514021,  
111, 2715417.626187659, 86.54646647085305, 107.89451362310201, 101.20629047783186, 59.366460278459115, -0.177481600691, -0.822850782001, 0.539830410385, -0.620876805637, -0.331972455222, -0.71014525359, 0.763552403989, -0.461205897116, -0.451969962307,  
116, 1947657.6451262515, 77.47138798178032, 113.90886057592236, 90.36176405274846, 45.17329838839891, -0.55876153065, 0.601381359106, 0.571074437167, 0.399264206149, -0.408478825742, 0.820812489311, -0.726893145898, -0.686648024712, 0.0118677970264,  
118, 1224148.2764014546, 66.36133874466849, 128.88163592450803, 76.82216565722052, 29.51670195930768, 0.670917520794, 0.433715532009, 0.601465308714, 0.663959550661, -0.712538731634, -0.226817704351, -0.330192966881, -0.551524607988, 0.766024289045,  
119, 1248321.7097011206, 66.79531024734501, 142.51752651466492, 51.20031262514466, 40.84106185730677, 0.239404974068, -0.927308509935, -0.287722411003, -0.775380140413, -0.0042475359981, -0.631480479738, -0.584355111421, -0.37427381132, 0.720033483885,  
122, 2361111.7205917183, 82.60556561716588, 138.987814103939, 90.51916066646221, 44.803370299544525, -0.0645076968863, -0.997909880171, 0.00382466977567, -0.388032862861, 0.0215521269119, -0.921393511571, 0.919385258954, -0.06092107092, -0.38861210575,  
124, 1911326.9446203785, 76.98665629523752, 122.6859721842517, 74.73318394967316, 49.766600870097555, 0.39161013248, 0.0746304626437, -0.91709966644, 0.762743988482, 0.531148077473, 0.368921845153, -0.514648532664, 0.843985790071, -0.151079032247,  
127, 1124937.6843282632, 64.5178597416282, 79.53268290167826, 72.19856799783408, 46.76981365004092, -0.987738273967, -0.153677536827, 0.027501214786, -0.14868003832, 0.979691998306, 0.134528192808, 0.047616681374, -0.128789763296, 0.990528065491,  
130, 1096326.4906786412, 63.96618252070418, 127.39292564555419, 71.478993932367, 28.74269961293437, -0.355272742338, -0.932021121061, 0.0715395586255, -0.0966086202104, 0.112732576614, 0.988917661219, -0.92975698602, 0.344424151398, -0.130092086157,  
131, 3542712.1041531917, 94.56906254845828, 119.09376400248998, 84.36518272813841, 84.17729753147795, -0.255779809413, 0.781353985684, -0.569264998179, 0.947517377659, 0.0857931273195, -0.30797785365, 0.191800698985, 0.618162994978, 0.762290629294,  
135, 1677538.5392450222, 73.71026383003425, 149.99152081053856, 77.85736938277, 34.29394622859109, -0.0429281275765, -0.66830669731, 0.742646170254, 0.632424974303, -0.59362340356, -0.497644357572, 0.773431204271, 0.44830504467, 0.448136987074,  
137, 2049312.4125840643, 78.79642617177412, 110.71493354428925, 88.67641687677666, 49.83164467975728, 0.37920460829, 0.678154699324, -0.629531626558, -0.28389771852, 0.732799753657, 0.618390335031, -0.880684932578, 0.0557738722497, -0.470407615483,  
138, 2844491.489282239, 87.89658658120658, 134.18741757071768, 95.72056712788843, 52.868741359455974, -0.126977415253, -0.469609931256, 0.873695169085, 0.64261833525, -0.709922082883, -0.288187979338, 0.755591431407, 0.52485917035, 0.391924023356,  
139, 569507.998663101, 51.420592070751624, 93.38033788327427, 72.17022628638351, 20.1742645121648, 0.179594747922, -0.262953045484, 0.947945896341, -0.184210641174, 0.937579222376, 0.294977357517, 0.966339570853, 0.227598105529, -0.119945554992,  
142, 2161376.3706736467, 80.20730608374913, 125.33314304548921, 99.90405093977981, 41.2090649753128, -0.437185488135, 0.255052024356, -0.862448441262, -0.891670534254, -0.248140357868, 0.378615928271, 0.117441505899, -0.934545251804, -0.335905738301,  
148, 3249036.2657817896, 91.88021086366773, 125.55119823237831, 93.64063228872472, 65.9752052930894, 0.140441864613, 0.642018450062, 0.753716387273, -0.769379884019, -0.408369829212, 0.491211437832, 0.623161838314, -0.648880876871, 0.436603860381,  
150, 590032.3405668697, 52.0310275105863, 90.02883475899593, 61.01162840667329, 25.6444247610288, -0.0309090025166, -0.00935493667927, 0.99947842334, 0.911395489969, -0.410811185025, 0.0243399079979, 0.410369217202, 0.911672449632, 0.0212238110502,  
151, 3034019.0948807024, 89.80694025995292, 120.39174422772687, 81.07910873440726, 74.20343805806736, 0.948704865157, 0.0439611262967, 0.313091836689, 0.179827000219, -0.889530082553, -0.419998193121, -0.260041013725, -0.454756694956, 0.85180691449,  
155, 953349.1668386547, 61.05498478521562, 119.08841257263276, 69.16173017626923, 27.632999337636644, -0.862517741542, -0.132569496864, -0.488352817159, 0.0764173170758, -0.988128832199, 0.133273420559, -0.500223489229, 0.0776320776339, 0.862409253977,  
164, 733686.5071229727, 55.95092974333471, 134.95767102067066, 80.9379173070062, 16.03512401244072, -0.79398756637, -0.331497734574, -0.509600820664, -0.101898844971, -0.753822205093, 0.649129192459, -0.599333271096, 0.567328242802, 0.564746221834,  
169, 1056818.6626209961, 63.18838974838111, 100.51227090251237, 77.10479102987186, 32.554528897410115, 0.0919348028094, 0.779601033057, 0.61949190575, -0.913077326994, -0.182214297095, 0.364811930814, 0.397288040296, -0.599182926318, 0.695084191912,  
171, 1265524.5839306216, 67.10074246121093, 108.05089019178764, 73.50155446908661, 38.04145361999121, 0.398435583586, 0.339787283221, -0.851935260389, 0.515895066208, 0.684963879198, 0.514467457529, 0.758354380481, -0.64449133924, 0.0976193999693,  
175, 1498339.979844703, 70.98619855631581, 120.50432507405034, 57.384143351720596, 51.72818269899796, -0.954629888606, 0.188240777351, -0.230753516816, -0.097310999279, 0.535149904638, 0.839133570408, 0.281446878114, 0.823516842152, -0.492552195702,  
176, 2857279.4437729456, 88.02810831200061, 117.45504416828356, 98.31681635995437, 59.06968132577421, -0.133459450078, -0.32950933342, 0.93467222831, 0.951157642883, -0.307486112019, 0.0274122107981, 0.278366150187, 0.892679052126, 0.354452248301,  
181, 354271.79201336496, 43.89509449347611, 142.89970696350656, 60.38996737189241, 9.800581208942196, -0.566976937922, -0.514225318122, -0.643513382974, -0.763898731128, 0.0359270032778, 0.644335300148, 0.308214017276, -0.856902312191, 0.413185850334,  
188, 2130977.4700033492, 79.82950131022567, 109.74613300484248, 78.37907763596081, 59.142662790685655, 0.435699029324, -0.895968525231, 0.0860625216995, 0.528393033248, 0.332008076328, 0.781390708717, -0.728674933191, -0.294976336421, 0.618079123325,  
189, 981109.6820922071, 61.64194269852537, 107.06288815138345, 58.35528706235876, 37.48951203429215, 0.865746606572, 0.326983511683, 0.37889919015, 0.342185208956, 0.165749706688, -0.924898003839, 0.365228826875, -0.930381006803, -0.0316083248352,  
190, 662747.5652116954, 54.08620507825883, 82.59343555163865, 65.34020263303705, 29.317944829544313, -0.478025023548, 0.711228700908, -0.515408393284, 0.877140422701, 0.417279344716, -0.237702813061, -0.0460082136749, 0.565713428759, 0.823317411935,  
191, 1848759.196157579, 76.13726043278797, 95.45134191487452, 84.03182225178543, 55.02574334908587, -0.575710132931, -0.557781159705, 0.59786120523, -0.00859297690461, 0.735278051695, 0.677711109133, 0.817608710563, -0.385027745199, 0.428100025506,  
194, 2082813.5187526937, 79.22348195475706, 119.18557363841266, 99.45819866806312, 41.94667085054864, -0.407814686036, -0.472220885991, 0.781469523838, 0.752781005731, 0.310473465243, 0.580454119454, -0.516728109613, 0.824993128586, 0.228863274733,  
195, 653788.0599497674, 53.84137287024747, 165.17620627666201, 51.1778274643989, 18.463713073733707, 0.028725481709, -0.165144799775, 0.98585092271, 0.57795474608, -0.801943615222, -0.151177873673, 0.815563092706, 0.574119876952, 0.0724100041696,  
197, 1336704.4647843002, 68.33590176729402, 91.70626128097412, 86.1785935052443, 40.37833429125164, -0.975405504193, -0.16358535486, 0.14772925934, -0.052334448185, 0.822936553235, 0.565717716607, 0.214114940915, -0.54407284533, 0.811257992904,  
198, 286799.4328826412, 40.910038948846264, 102.03123678117876, 47.06925638137553, 14.25670590018853, -0.980256856695, 0.00791979578411, 0.197569662999, -0.185161927696, -0.387297799774, -0.903169682187, -0.0693653763404, 0.921920653378, -0.381117768465,  
199, 3394897.49584859, 93.23508094383232, 117.33377172502743, 107.91053729288498, 64.01049273300146, -0.464069699494, 0.751084334717, 0.469586665222, 0.202856611092, -0.42592561189, 0.881723634974, -0.862257797499, -0.50443998184, -0.0452967479321,  
201, 116557.4588176426, 30.302874023508224, 96.14349898159784, 57.57773409558061, 5.026630566997262, 0.502323069774, 0.794662193934, 0.340857053771, 0.78897742892, -0.582532048454, 0.195374074989, -0.353816548832, -0.170787616811, 0.919589821451,  
202, 1589476.2991239836, 72.39720763038451, 117.13297643739398, 85.85587385553013, 37.73255859194716, -0.551475039569, -0.714373806451, 0.430749747984, -0.797770877241, 0.300734693899, -0.522609099912, -0.243796858383, 0.631845478374, 0.735754295468,  
203, 126140.02381919365, 31.111534569906024, 130.0231606698636, 47.43254237848906, 4.8827802254038115, -0.398321971121, -0.629748014297, -0.666901076481, 0.136142741156, -0.759606363346, 0.635974312999, -0.907085862172, 0.162528801304, 0.388303524828,  
204, 1888666.0011954207, 76.6811912463738, 120.82530250068358, 73.88161533123643, 50.50940817127402, 0.535495137993, -0.474315980468, -0.698762697815, 0.366671185706, -0.614764230762, 0.698295913025, -0.760787223051, -0.630150213241, -0.155285253628,  
205, 1244914.795790088, 66.73448906418312, 115.6270615073861, 85.84227504644956, 29.942655343498636, 0.776285491492, 0.19214047312, 0.600385604664, -0.576292011495, 0.602298484295, 0.552380352025, 0.255476717502, 0.774802280847, -0.578284594649,  
207, 1059223.926574336, 63.2362912487226, 90.49362797182827, 79.96262760757443, 34.94572994836722, -0.731057953701, -0.682224965794, -0.0111069517766, -0.0834613058352, 0.0732555990573, 0.993814785378, 0.677191611553, -0.727463204055, 0.110493474862,  
217, 2943689.4823261662, 88.90669420433755, 119.35082005041602, 97.4140407994339, 60.444448714884345, 0.188945559019, -0.0479241561105, 0.980817440194, -0.808288339914, -0.574788633726, 0.127624394602, 0.557646424974, -0.816897363076, -0.147340296301,  
224, 1661721.0988052643, 73.47786152767175, 160.37440173430508, 71.6559939397471, 34.520887386074826, 0.907820040805, 0.363829452337, -0.208544726917, 0.217739644839, 0.0160654961438, 0.975874657371, 0.358402316647, -0.931327026047, -0.0646355163693,  
225, 1009782.6064033945, 62.23668117271574, 102.08475451682787, 80.35314294781489, 29.38837136026407, -0.6441385725, -0.760992628502, -0.0773027734485, -0.0428078061794, -0.0650386493188, 0.996964124643, 0.763710017708, -0.645492210224, -0.00931747778473,  
227, 2755097.7334014243, 86.96599430485787, 119.77851708102895, 83.07345004466778, 66.10087692349626, 0.713030650137, -0.600830925926, -0.361371679045, 0.26343068281, -0.248072464991, 0.932236197252, -0.649762700775, -0.759909369968, -0.018605969923,  
228, 401419.60530731006, 45.76182367844044, 104.08615606984381, 40.047134749959845, 22.990348308674466, -0.386268634666, 0.362633005608, 0.848111929593, 0.855561892234, -0.2027428811, 0.476349842783, -0.34468883131, -0.909611250704, 0.231941764594,  
229, 1500323.750261961, 71.0175128153374, 136.75601791933323, 89.39868107438552, 29.29670762454358, 0.340120381631, -0.860126193127, 0.38013294766, -0.761728201768, -0.0149489302352, 0.647724228446, 0.551441993894, 0.509862198425, 0.660266814241,  
230, 1985577.4557904752, 77.970934846407, 120.35316094124731, 74.11855302002996, 53.13905057341039, 0.725527268337, -0.220204934815, 0.652012246497, -0.586387436553, 0.298104259551, 0.753182331637, 0.360222094203, 0.928786109457, -0.0871573618691,  
231, 1645788.3021197324, 73.24226853894987, 111.7465126294509, 102.96036654356068, 34.149260477561306, -0.990774669601, 0.04428354227, 0.128080138823, 0.0975538262364, 0.889079028882, 0.447237891272, 0.0940680873805, -0.455606681565, 0.885197010077,  
232, 1892102.6833778431, 76.72767364943971, 128.43593676916356, 74.59486709738319, 47.147708541425395, 0.381277043762, 0.571737323447, -0.726460080719, 0.829824038831, 0.134686065333, 0.541527218506, -0.407455372376, 0.80930593522, 0.423088670068,  
233, 2111721.5953419087, 79.58832241906075, 147.15615047771712, 84.91941860488497, 40.342482694352285, -0.0155923320244, -0.597333539256, 0.801841332224, 0.311584424771, -0.764909868279, -0.563762396449, 0.950090535382, 0.241050899791, 0.198046555861,  
234, 1152067.3985557996, 65.03239662234638, 120.04747396257322, 84.87146921747747, 26.994452982241015, 0.504488965521, -0.300586915653, -0.809406195804, -0.735916431113, 0.340593453055, -0.585169297002, -0.451572685274, -0.890866772236, 0.0493812114114,  
236, 324346.16887956735, 42.622611387119896, 129.00243056431958, 35.694797272211986, 16.81579291539734, -0.255272684794, 0.631694035828, 0.731982582783, 0.954441377643, 0.0436431685444, 0.295189651718, -0.154523503197, -0.77398831964, 0.614055834612,  
237, 1097714.7139257302, 63.99317018906284, 128.3114861942839, 73.90331738970205, 27.635759681179934, -0.214393379565, 0.465423053872, 0.858729794361, 0.198836640073, -0.839966742539, 0.504895892232, 0.956294656141, 0.278993283705, 0.0875401524107,  
238, 571142.0514494315, 51.4697243792684, 96.24034765054432, 51.58173711547124, 27.466440501895164, 0.530087551353, 0.199314707111, -0.824184952198, -0.360928818134, 0.932569932159, -0.00661134435161, 0.767292366794, 0.300976692059, 0.566282133478,  
242, 2361294.8720315048, 82.60770146655807, 103.48209716076165, 92.21699769618179, 59.07250861973041, -0.127188434892, 0.967663635121, -0.217830648195, 0.942573149268, 0.18629514949, 0.277218281423, 0.308834843093, -0.170062360739, -0.93578834848,  
243, 2507053.3281558994, 84.27362090580664, 115.32806830750827, 85.45014609887524, 60.73333576287449, 0.181278340279, -0.978271646695, -0.100611871158, 0.594029197753, 0.190458403459, -0.781572075223, 0.783752177389, 0.0819156994963, 0.615647904742,  
245, 1476877.275025158, 70.64562411364014, 109.92527913300134, 75.93956778083238, 42.23671183215243, 0.38587088835, -0.79480676835, 0.468386441423, 0.203461042555, 0.568522584616, 0.797110829774, -0.899837352907, -0.212283470308, 0.381088528491,  
249, 1854752.0067225385, 76.21943880309333, 130.0093767585047, 68.36033598403858, 49.821680852028486, -0.758453432359, 0.534761115166, -0.372530456002, -0.155233744133, 0.406921112711, 0.900176478649, 0.632969885244, 0.740571237449, -0.225617744511,  
251, 795802.2508129653, 57.487336130903365, 115.48309274072568, 78.68222604601196, 20.9084341510622, -0.57374404204, 0.817893613189, 0.0432181874806, -0.00139704783402, -0.0537444359158, 0.998553746108, 0.819033468475, 0.57285388461, 0.0319781864003,  
254, 1287899.9877964356, 67.49389785888272, 125.82600956677426, 69.70371098112419, 35.05639113936326, 0.562374588462, 0.653224919031, -0.506983261468, 0.325512997525, 0.388727466666, 0.861935174536, 0.760115853469, -0.649760080196, 0.00597724763852,  
257, 2141627.9120612456, 79.96227401958193, 126.27191655370224, 91.9543884399953, 44.032787207931754, 0.858507566801, -0.511883511471, 0.0306598830717, -0.439275167152, -0.703250458406, 0.558995635292, 0.264579071866, 0.493370107968, 0.828603554961,  
259, 1849227.4972500212, 76.14368855535128, 130.58690242910288, 83.33089415891409, 40.56916517811327, -0.968100310254, -0.0777020302587, 0.238210377145, -0.0458132824683, 0.989566402838, 0.136599698111, -0.246339059906, 0.121329010827, -0.961559326665,  
260, 1757655.9242537294, 74.86550371859876, 92.80719360815827, 84.44322282349059, 53.54252063115645, -0.758314147501, 0.204380069278, -0.619022165178, -0.538194152009, 0.339537746151, 0.771402083017, -0.36784060195, -0.918119222226, 0.147480118444,  
267, 737184.5897148289, 56.0397100506596, 98.91789025349888, 56.90446890202206, 31.2655749432001, 0.292965919326, -0.908192017781, -0.298928467951, -0.86944203798, -0.122974095554, -0.478485020054, -0.397795817859, -0.400080780169, 0.825647537774,  
270, 2213944.8128672866, 80.85236487369266, 131.4206679478126, 69.083747160728, 58.21549914449191, 0.897596203429, 0.0182597401051, 0.440440276862, -0.294943544813, 0.767428064107, 0.569264852062, 0.327611600777, 0.640874986492, -0.694226109221,  
271, 3819652.524215058, 96.97171635016997, 125.10573418130348, 100.0408938123658, 72.85854067207448, -0.408230801495, 0.605576893512, 0.683098996307, 0.909473086478, 0.205221504757, 0.361583792442, -0.0787801858512, -0.768869793937, 0.634533625813,  
272, 932332.2922556096, 60.60298824657582, 125.87585087570301, 52.56418983903763, 33.63951479410247, -0.415279787687, 0.402000247794, 0.816050549116, -0.215241631269, -0.915010006432, 0.341215076304, 0.883862963421, -0.0339483269461, 0.466512350308,  
276, 2943855.1982662487, 88.90836251661887, 149.04254830042697, 80.61227775888939, 58.49468072218271, -0.502516001145, -0.561886177148, -0.657085681265, 0.277952582824, -0.8246639931, 0.492617153767, -0.818669671049, 0.0649093399619, 0.570584566292,  
278, 969539.7438938589, 61.39867547878373, 166.7237382509402, 71.54854475226733, 19.403441382605003, -0.179734200678, 0.746148860408, -0.64105966588, -0.238108777361, 0.599295262043, 0.764296669518, 0.954463109423, 0.290012184235, 0.0699507379876,  
282, 1005550.0306019585, 62.14960289849372, 120.13524877910467, 69.0410212616705, 28.942591523318086, 0.787266251123, 0.54789718728, -0.282878988287, 0.482649477116, -0.262045187921, 0.835692408562, -0.383746442437, 0.794443825364, 0.470741623673,  
284, 778783.4892746547, 57.0745779603661, 123.45126146804165, 56.041331065691466, 26.87349503813051, 0.776138065983, 0.267952296421, -0.570798799382, 0.277781874965, 0.667358549375, 0.690991893236, 0.566080323341, -0.694862672346, 0.443530082528,  
285, 965500.9290239199, 61.31330059918069, 126.52235943581067, 95.4797763841936, 19.0803093335191, -0.724154852305, -0.44561814981, 0.52633089824, 0.0239257441759, 0.746506301881, 0.664948043096, 0.689222249095, -0.494118210362, 0.529924414931,  
289, 694861.8334396987, 54.94606760965962, 123.60145300682383, 66.14514528151761, 20.290292032898297, -0.910271857693, -0.400544475414, -0.104734274755, -0.356445262099, 0.886895354374, -0.293876514061, -0.210598955885, 0.23017548437, 0.950088062326,  
290, 683999.2534370255, 54.65824371745283, 90.2369298153032, 74.22605059463898, 24.37958757461439, -0.642703305382, 0.763900795589, -0.0582068359314, -0.350734711624, -0.225838105615, 0.908835690383, -0.681114985383, -0.604526860073, -0.41307342221,  
291, 711843.0139170528, 55.3900647246507, 108.18666235943452, 50.44852279670785, 31.136761579062913, -0.599940699802, 0.589295853316, -0.541111406261, 0.797680941361, 0.3886476063, -0.461148732955, 0.0614513833073, 0.708296149489, 0.703235587914,  
293, 586958.9457883607, 51.94052945010438, 144.8564859582472, 52.469991200282095, 18.436147744918, -0.122517455612, -0.688861872356, -0.714463990615, -0.985050523228, 0.172242141228, 0.00284806495048, -0.12109888422, -0.704132065453, 0.699666416688,  
296, 990690.2626434354, 61.84193857029886, 120.10179068926469, 90.08090210426688, 21.860851579851687, -0.432500557675, 0.743601891352, 0.509901455958, -0.42529030429, -0.666914199331, 0.611844431051, -0.795029197381, -0.0477669122773, -0.604687437775,  
297, 3094170.1595350057, 90.39655114683593, 120.61716578794253, 93.71987239383456, 65.34536319410766, -0.0485657364809, -0.942709115051, 0.330061954244, -0.924685589913, -0.0824978268302, -0.371686249914, 0.377621409678, -0.323254749335, -0.86770296645,  
300, 1498606.71141326, 70.99041058138042, 99.67247528327425, 70.09041350521707, 51.21122895215066, -0.123812151929, -0.888643271748, 0.441569571655, -0.632878700974, -0.272023619656, -0.724891509264, 0.764287315666, -0.369210354576, -0.528723569728,  
301, 747785.0059513489, 56.30704219489553, 88.31469546093422, 78.07604085438432, 25.890318023230318, 0.214139147791, -0.492125643024, 0.843775311835, -0.128993725285, 0.842000766594, 0.523827574581, 0.968248441373, 0.221013711188, -0.116824206596,  
303, 899009.8542116935, 59.87220887622574, 128.38711763094312, 51.00597195107553, 32.774295592578824, 0.0833256345367, -0.719390129116, 0.6895902267, -0.735707981793, -0.511160711293, -0.444351766912, -0.672153705752, 0.470311141014, 0.571853850632,  
310, 2597100.400423185, 85.27074223565533, 135.92408506288987, 74.2894537775881, 61.40115581756811, -0.287805779239, 0.773107365844, 0.565219279851, 0.194330652777, -0.530768104201, 0.824936856344, 0.937765125619, 0.347261026379, 0.00251966875326,  
319, 647985.9139646592, 53.6816247588986, 110.31117689924325, 55.88984152247406, 25.091380690924794, 0.428195001603, 0.857724631466, -0.28453030977, 0.53764394316, 0.0112741182972, 0.843096604571, 0.726352552818, -0.513985749639, -0.456322931905,  
320, 412354.09142445883, 46.173617354469556, 104.15380122373489, 91.01511364137667, 10.384678562948652, -0.384160906639, -0.898513989219, -0.212351145481, -0.919455650069, 0.351444009325, 0.176319074024, 0.0837956166246, -0.262982355846, 0.96115481331,  
322, 1046813.2911969041, 62.988346268247106, 119.95514634111093, 52.38310972464815, 39.7713613794241, 0.484111512846, 0.050223171231, 0.873563779126, 0.771899894166, 0.445651636307, -0.453392955882, 0.412075959644, -0.893796538441, -0.176977827297,  
328, 3575304.8187554944, 94.85818739492218, 111.69773452186439, 93.55922312225532, 81.67581809828661, -0.848496949062, -0.00971334849417, -0.529111120932, -0.491629342302, -0.355538234386, 0.794917073459, 0.195840540289, -0.934611263976, -0.29689774002,  
329, 1443585.0728952754, 70.11074647788148, 103.12615913280985, 66.3581071488789, 50.360605251258086, 0.0228261070622, -0.0878770478011, 0.995869767242, -0.687720490938, -0.724376580466, -0.0481569934244, 0.725616630997, -0.68378080855, -0.0769695438351,  
330, 1696735.323204914, 73.99036401861153, 135.32535317354854, 117.12890167355958, 25.555374626608664, 0.0680039804736, -0.670716570976, 0.738589696691, -0.527898722203, -0.652370684555, -0.543815620435, 0.846580414217, -0.352918930282, -0.398434224073,  
331, 2130811.5180183356, 79.82742898922066, 132.72382781720495, 77.62114303577304, 49.37731768397768, 0.641116602087, -0.548473398051, 0.536792729234, -0.602998986893, 0.072655628946, 0.794426448067, 0.474722786829, 0.833005456893, 0.28414817341,  
332, 3322739.7648973274, 92.56978176430701, 103.84244516999898, 90.63059086841919, 84.2864965495993, -0.963721861094, 0.0980817029047, 0.248234070997, 0.217148375216, -0.252667567581, 0.942870979208, -0.15519909017, -0.962569000045, -0.222202976043,  
333, 1982493.390623259, 77.93054490816446, 102.84880852048443, 86.2780162304309, 53.336402932772046, 0.0151291464103, -0.715790377321, 0.698151304993, -0.881557372222, -0.339036056866, -0.328498328194, 0.471834407828, -0.61049053054, -0.636139610236,  
334, 3470966.878343738, 93.92631557665086, 108.62447790686974, 92.96547100816298, 82.05640463335163, -0.164624800916, -0.26475657667, 0.950159265615, 0.23456262449, -0.946175775149, -0.223006227973, 0.958060045152, 0.186159495143, 0.21786599609,  
335, 2905461.916429634, 88.520160491476, 100.99601066442686, 90.41118182781403, 75.96266841045009, -0.555671887607, -0.828365738203, -0.0709856118854, 0.563424638094, -0.437978100173, 0.700519707759, -0.611376668276, 0.349264065629, 0.71009378391,  
336, 2401778.0439200466, 83.07711765396782, 99.56707122600383, 81.57569661156113, 70.59399135868647, -0.865431990828, -0.349847292462, -0.358656299553, -0.464768556501, 0.827928925171, 0.313885144205, -0.187130056751, -0.438338415864, 0.879114199088,  
337, 4205971.492724564, 100.13653783455236, 114.83631814549506, 107.4627523060595, 81.36553722944733, 0.220233004532, 0.418730896999, 0.881000487862, -0.6705083682, -0.590984950264, 0.448503418867, 0.708460268391, -0.68949345498, 0.150608179233,  
338, 3067919.64176777, 90.14018745095758, 97.50145928907091, 96.64397083451817, 77.72656751624226, -0.386446639018, 0.773466584911, 0.502402664422, 0.242644075496, -0.440272389062, 0.86445594223, -0.889821806778, -0.455971123489, 0.0175352994175,  
339, 3427519.765005947, 93.53276782301617, 108.08407050644023, 98.59933941794935, 76.78133538727354, 0.994446969112, -0.0658847030201, 0.0820635822482, -0.0610031055687, 0.274529352348, 0.95964173305, 0.0857545726736, 0.959318946236, -0.268985710881,  
340, 3526646.226525424, 94.4258918713615, 111.69976781270422, 90.59150337609722, 83.20195849824121, -0.935530636356, 0.00886902675691, -0.35313420792, 0.296207518021, -0.524985490798, -0.797904343089, 0.192466970431, 0.851064965097, -0.488512937881,  
341, 3180204.4608473196, 91.22673764859773, 98.31215346362471, 90.06141739074631, 85.74729850560868, -0.351751838624, -0.871017285314, 0.342927882666, 0.16678830656, 0.302161204069, 0.938552218872, -0.921114707743, 0.387333829455, 0.0389897389102,  
342, 2487878.174918267, 84.0582156925964, 104.38247724118686, 82.65372012189714, 68.84152718315048, -0.977757936891, -0.208751608283, -0.0203022876898, -0.104664865762, 0.401754856509, 0.909746283942, -0.181754457224, 0.891636585897, -0.414667958695,  
343, 3119384.0976948766, 90.64142992536193, 103.93626166894994, 86.89921130068319, 82.45126392082183, 0.546295523609, -0.581666574388, 0.602681671469, 0.449954461643, 0.810700293306, 0.374574447716, -0.706471643685, 0.0665509629824, 0.704605411556,  
344, 3546576.8893320994, 94.60343887518684, 106.30757658551686, 92.83250623696158, 85.79391317317477, 0.0250267445711, -0.622276462754, 0.78239738366, -0.310310707386, -0.748818348722, -0.585643531082, 0.950305701834, -0.228129534519, -0.211839534891,  
345, 1544428.0585511336, 71.70669255178679, 123.27882404207554, 81.61560669985128, 36.64522372396665, 0.540306651705, -0.818911015369, 0.193528992738, -0.36112672874, -0.0179305333196, 0.932344347205, -0.760036977991, -0.573640344538, -0.30541864253,  
346, 3635108.5311289285, 95.38415957592139, 106.63803027369967, 100.12857656902138, 81.27530645465072, 0.509937824575, 0.224374039595, 0.830433444307, -0.748139409464, 0.592148465543, 0.299412121936, -0.424559582479, -0.773961552735, 0.469821961825,  
347, 2395625.035415091, 83.00611312556627, 117.36518060409036, 78.12277516360716, 62.37539371712841, 0.831771318169, 0.400325392987, -0.384572560125, 0.40348374466, -0.911786424474, -0.0764616501311, 0.381257579684, 0.0915701691335, 0.919922584818,  
