# Void_ID, Void_Volume, r = (a*b*c)**(1/3.0), a, b, c, vector_a, vector_b, vector_c 

0, 1035280.958584939, 62.75618563671355, 73.66477966924315, 70.04094219440024, 47.902451870401684, -0.201830161746, 0.319766561284, 0.92575046967, 0.888753797707, -0.337386152592, 0.310301903152, 0.411559561753, 0.885392528952, -0.216099043972,  
1, 3003775.734923909, 89.50754216805895, 131.134130621294, 88.90036157134269, 61.51196866794795, 0.502679551145, 0.58171765807, 0.63946683663, -0.573841685, -0.32870014281, 0.750107950014, 0.646543880504, -0.744016654656, 0.168583000853,  
3, 1043998.8186182365, 62.931845237745435, 118.98445820687984, 85.50963971041047, 24.49661541090913, -0.224211166031, -0.553966976817, -0.801779234966, 0.035006549357, -0.826772533577, 0.561446096455, 0.973911646162, -0.0978149595874, -0.204764106112,  
4, 691882.4954748404, 54.86742490964398, 104.25360750603686, 60.32570607937336, 26.263356460223424, -0.966984611101, -0.244715073229, -0.0711005965347, -0.102302825941, 0.117241065212, 0.98782015794, -0.233398572613, 0.962480683215, -0.138405349391,  
5, 2222949.082920185, 80.96182737137582, 139.04158483565513, 76.37099231052542, 49.976721527673305, -0.967737361898, -0.0811936204446, -0.238520427608, -0.148897839654, -0.579381428079, 0.801340498255, -0.203258042236, 0.811002316147, 0.548599500064,  
6, 2612912.419619637, 85.4434445211841, 119.69709225338465, 90.47454521428843, 57.60049753095558, -0.866399988773, -0.241523648412, 0.437055358864, -0.159941178601, 0.963359592872, 0.215307023128, -0.473043210333, 0.11663885321, -0.873284317436,  
10, 2981928.3703491404, 89.29000882350223, 131.05797026487272, 110.35598289683676, 49.22086898491352, 0.461584458653, 0.879560824118, -0.11537999916, 0.206937752433, 0.0197147539149, 0.978155455485, -0.862621906833, 0.475377834101, 0.172914316058,  
11, 1985375.514661333, 77.96829143866651, 116.1664109247963, 71.06931690961427, 57.41050133981993, -0.476232513743, -0.876500504099, 0.0703523927718, -0.0377146440593, 0.100294630647, 0.994242723226, -0.878510215352, 0.4708373959, -0.0808204685976,  
12, 457336.5347169686, 47.79499595075978, 137.89078701098214, 71.55166514217103, 11.066041435434755, 0.430520138136, 0.0896354374635, -0.898119089548, 0.356175910222, -0.931174368809, 0.0778011301392, -0.82933173799, -0.353383337502, -0.432815301415,  
13, 2173386.9913656865, 80.35560057295258, 109.67440869122856, 92.16141424735824, 51.33268983255683, 0.15930394228, -0.896345432945, 0.413747651127, -0.941235728944, -0.264331348728, -0.210248045504, 0.297821350028, -0.355940729502, -0.885781372884,  
14, 2312425.4977951846, 82.03384101711545, 111.92306400306559, 96.1880813806392, 51.27885119907753, 0.457658957475, -0.225717807137, 0.859999854758, 0.00307857859191, 0.967636329079, 0.252330055681, 0.88912248931, 0.112833533081, -0.443542323591,  
15, 3211916.2412332115, 91.52896133538322, 125.69208878013532, 84.15475523562024, 72.49181900595467, -0.316372656309, -0.0978421389085, -0.943575782963, -0.902397293749, -0.275709118544, 0.331154957966, 0.292553356798, -0.956248606695, 0.00106565516323,  
17, 1355330.2248910023, 68.6518383816234, 115.53999389490708, 78.91121839588803, 35.48831872949199, -0.809071023908, 0.528548234225, 0.256984128635, 0.546384064818, 0.837531359703, -0.00238227361558, 0.216491413191, -0.138484604244, 0.966412687418,  
18, 1101255.5343432033, 64.06190241563286, 124.69323547236102, 56.18126453512113, 37.52883566565195, -0.973229280775, -0.00415805892647, -0.229798776299, -0.00350128847761, -0.999452091895, 0.0329128696025, -0.229809721338, 0.0328363602191, 0.972681482,  
19, 1244665.6423751938, 66.73003675541065, 144.8241208495898, 105.67971782809673, 19.414738545851332, 0.740326728387, 0.487015418017, 0.463392185788, 0.420650862999, -0.873297022185, 0.245774617285, -0.524375043927, -0.0129728045234, 0.851388583227,  
20, 1457467.1907354936, 70.33476799754021, 136.34525442584618, 81.42095342791535, 31.34252402931565, 0.429887567842, -0.860662346676, -0.272868107389, -0.315772206425, -0.426450507582, 0.847601249547, -0.845863223379, -0.278209075334, -0.455099019705,  
22, 926267.8604114659, 60.47130327851088, 121.39116207456652, 82.05547990839557, 22.200018027716922, -0.736146809663, -0.290516362533, 0.611300349848, -0.676710612689, 0.332306357868, -0.656989521373, 0.0122727868498, 0.897314174424, 0.441221770861,  
23, 2307026.0401852145, 81.96994224567119, 130.1025656383883, 108.22550447714224, 39.1154568891624, -0.965152078155, -0.132901705643, -0.225429817614, -0.254343482362, 0.273724080061, 0.927569146196, 0.0615699521863, -0.952581893924, 0.297988047337,  
25, 1737123.3600531993, 74.57284014604863, 110.13161378474958, 77.56789528107984, 48.54539516307085, -0.741725250544, 0.217332164554, -0.634515865014, 0.664517694908, 0.366322916952, -0.651324614666, -0.0908839141914, 0.904750933001, 0.416132026375,  
27, 2849067.6445964864, 87.94369669176356, 126.74146831355385, 89.6408502301105, 59.86726941180616, 0.710396460484, -0.132111252651, 0.691291172991, 0.200021001652, 0.979620026855, -0.0183358087322, -0.67478031079, 0.151298446478, 0.722343624782,  
28, 462368.72289355414, 47.96965699027548, 98.94737511330291, 50.776583921970605, 21.970102432368215, 0.853736812723, -0.0890897780061, -0.513026769337, 0.323515951671, -0.681261845603, 0.656673226757, -0.408008435717, -0.726598451127, -0.552796352379,  
30, 2021287.0184723034, 78.43558243754384, 142.7706432705471, 78.99932143860485, 42.7835778373575, 0.424129412152, 0.850060533407, -0.31226804398, 0.791701756446, -0.180630040144, 0.583593280837, -0.439684626281, 0.494742234039, 0.749604930127,  
31, 2166977.8102439954, 80.27653493656456, 121.34955216243972, 81.67465821088997, 52.19637603584666, 0.546357920547, 0.509953242301, 0.664410049083, 0.652004519911, -0.75689164422, 0.0447788446237, -0.525721531489, -0.408733078643, 0.746025563739,  
32, 2471929.866694831, 83.87821476396053, 137.23579997038925, 75.5344708871063, 56.92917968621134, -0.301425897952, -0.712691899555, 0.633413517659, 0.0370439903865, 0.655056107084, 0.75467161027, -0.952769736516, 0.250941732043, -0.171049923411,  
33, 2381572.185191891, 82.84348878864782, 120.07050179773579, 98.73358644047299, 47.95941772900362, 0.978817456717, -0.036274930569, -0.201495696823, -0.0214697656799, -0.99693865362, 0.0751822457819, 0.203606079447, 0.0692636292102, 0.976599771698,  
34, 1832570.7641711435, 75.91437977408224, 109.07604408220723, 67.55588507169628, 59.371712740424805, 0.776712013883, -0.0190826254185, -0.629566756505, -0.497369217484, 0.594686638301, -0.631642037649, -0.386448326415, -0.803731084153, -0.452409145992,  
35, 1605581.2778542533, 72.64090206574943, 96.57663260067439, 88.097578648686, 45.05133402496218, 0.531023913165, -0.064354318601, 0.84490953677, -0.197831805629, -0.978971592948, 0.0497714464678, -0.823939427585, 0.193579807519, 0.532588657213,  
36, 2426424.453390888, 83.36032291069154, 129.62184455321145, 75.95491959165038, 58.836124627026706, 0.0872196714124, 0.648955778893, -0.755810244678, 0.928965869488, 0.220997699769, 0.296955266031, -0.359743161499, 0.728022261842, 0.583582422642,  
37, 1241014.345835585, 66.66472074126052, 107.97398654429311, 86.35197187563517, 31.77582221037841, -0.751147029481, 0.388535036179, -0.533684050505, 0.650160864298, 0.575425951201, -0.496161087975, -0.114319686136, 0.719670410915, 0.684839768862,  
39, 1941908.3482234862, 77.39508350438423, 130.26736386760942, 117.82669842142727, 30.203744380714085, 0.498354665033, -0.789057921872, 0.359207772426, -0.744271609209, -0.176883582011, 0.644027926522, -0.444637379856, -0.588302468418, -0.675424167534,  
41, 1154165.291306771, 65.0718469370746, 125.97992647618219, 86.90659513625425, 25.166644517630633, 0.433119349609, -0.695813513619, 0.572932093062, 0.495550893906, 0.714784922126, 0.493469174975, -0.752885742025, 0.0701859627469, 0.654398189247,  
42, 2962451.332379589, 89.0951790681376, 102.93231808599676, 91.56285785384199, 75.03977485166493, -0.617984718905, -0.237322845617, 0.749515012624, 0.521979141916, -0.836761993833, 0.165430169806, -0.587905317721, -0.493464520128, -0.640983700861,  
43, 1802076.4993886598, 75.49094662498152, 96.17122765848588, 75.2257169318282, 59.466601363054984, -0.632493351638, 0.672696052883, -0.383968983864, 0.116502967191, 0.572703969841, 0.811441446787, 0.765754019754, 0.468497794407, -0.44060253956,  
44, 2301877.942790919, 81.90892523124003, 123.1803230373514, 90.17347937455222, 49.47360029719272, 0.355935239378, -0.774591356923, -0.522798560775, -0.736779446039, -0.576737007199, 0.352888753607, -0.574861855809, 0.259581691009, -0.775984015576,  
45, 758779.4517011762, 56.5816555693868, 102.90676538776748, 44.24920815551677, 39.78116718481932, -0.186572218525, 0.565029678804, 0.803699116178, 0.0642857266026, -0.809288723882, 0.583882785114, 0.980335734649, 0.160602688231, 0.114667449188,  
47, 1073140.056259801, 63.512020943304556, 91.1488256357139, 71.20954506524461, 39.47103437777114, -0.998043674631, -0.00952961571172, -0.0617900473693, -0.0623893283111, 0.0877985083859, 0.994182575606, 0.0040491039007, -0.996092670563, 0.0882212922599,  
49, 1091143.3108171956, 63.86521743314473, 134.38702166662242, 56.84814059636385, 34.09726869874388, -0.424971030684, -0.875037389416, 0.231752433004, -0.886346119808, 0.350257182921, -0.302837351913, -0.183821051516, 0.334109971321, 0.924435150826,  
50, 1823311.258592219, 75.78630525376202, 131.8951761259913, 76.26647948304087, 43.27226147745333, -0.120869537902, -0.953151780795, 0.277294496112, -0.16910202613, 0.295030076762, 0.940405103434, -0.978159015481, 0.0667752691657, -0.196840046387,  
51, 3392078.557926492, 93.20926802074958, 113.10209691139838, 96.49184080061319, 74.20207393049378, 0.284047718067, 0.678767633957, 0.677193763227, -0.799423721365, 0.557610461119, -0.22358955112, -0.529375677171, -0.477854656505, 0.701010926931,  
52, 585187.3367475845, 51.888219689251514, 150.5777583889253, 59.56341181660356, 15.576357857593242, 0.824935217131, 0.332445498128, -0.457123482563, 0.471249652201, 0.0420347856999, 0.880997640231, -0.312098786984, 0.942185261806, 0.1219888503,  
55, 2289539.5271869916, 81.76231487129444, 127.68815493585565, 104.32390030441708, 41.03222895721276, 0.551141383379, -0.828751752099, 0.0970242697466, -0.728696971055, -0.421402506571, 0.539833911338, -0.406502029394, -0.368226100173, -0.836161251942,  
56, 1085250.0177438315, 63.750030580777064, 111.03636211927069, 59.77918702307021, 39.03246358919022, 0.880521326721, -0.0125370016797, 0.473840708233, -0.284526510994, 0.785546791222, 0.549509693584, -0.379113251854, -0.618675247921, 0.688123593462,  
57, 3069589.966523961, 90.15654338459647, 116.142473397649, 98.49782757957026, 64.05809728324977, 0.273256253741, -0.00913384543926, 0.961897911766, 0.879363181765, 0.407719013096, -0.245938205484, -0.389937705727, 0.913061760906, 0.119443737485,  
58, 783522.8841877723, 57.19012230878387, 124.67715580831083, 65.20059240122251, 23.01042541601161, 0.133693800856, 0.731538929009, 0.668563207899, -0.300909264417, -0.612804418412, 0.730701279158, 0.944234918969, -0.298867094406, 0.138198689142,  
59, 1449916.931961708, 70.21310365635681, 104.66852658941309, 81.6323015414898, 40.511316840575894, -0.831961475334, 0.553897241258, -0.0322172265451, 0.344545474346, 0.561280890752, 0.752497294204, -0.434889088926, -0.614948459469, 0.657806865676,  
60, 374001.6979558353, 44.69527923220834, 102.04118582683748, 60.624673939407, 14.433114329476835, -0.937513183759, -0.125065539676, -0.324696228902, 0.0861531115379, -0.987548539584, 0.131626453793, -0.33711522014, 0.0954279453379, 0.936614560851,  
62, 2646752.58050395, 85.81072645387856, 126.7370199933719, 87.59197164160534, 56.91895820129991, 0.450050345959, 0.389995139059, -0.803342067623, -0.333401649334, 0.907927863666, 0.253988847395, 0.828431063109, 0.153527801684, 0.538638271743,  
64, 401725.0888984546, 45.773429108586086, 110.15415443705027, 73.93836919162905, 11.775235394627948, -0.624514015912, -0.571701264239, 0.532108925312, -0.0871237149851, 0.728048616396, 0.679966668633, -0.776138970943, 0.378289408564, -0.504485303206,  
65, 1396598.1459262068, 69.34166794196055, 111.7152723008125, 94.94550378067117, 31.43372867852211, -0.339297750406, 0.939617710524, 0.0446720789556, -0.763589010245, -0.247377180963, -0.596436378646, -0.549371331617, -0.23648063009, 0.80141627859,  
66, 1355062.5191553996, 68.64731803159268, 123.04603525657582, 82.093756612352, 32.02528251247644, -0.198527032378, 0.251096098746, 0.947384698319, -0.925833450766, -0.365214844262, -0.0972138826203, 0.321588928383, -0.89642002807, 0.304978186788,  
67, 2450249.6684022252, 83.6322748315485, 120.08010718400143, 78.21492720394865, 62.281780193766735, -0.150735934544, -0.175559487281, 0.97286049589, 0.238848373657, -0.961417048827, -0.136487041975, 0.959286261988, 0.211792645413, 0.186852195358,  
68, 659892.61692063, 54.00843007839735, 110.9288116095103, 61.92666400744013, 22.93309206426585, -0.883034278658, 0.400213789123, -0.245110966116, 0.462040008101, 0.832929327934, -0.304545178225, -0.0822769325399, 0.382174904543, 0.920419930634,  
70, 2540809.0154842846, 84.65016405963931, 123.68964692140379, 87.66838816081655, 55.938013676834565, 0.051464264327, -0.962892589176, 0.264932616353, -0.806093742944, -0.196656402084, -0.558156910829, 0.589545848161, -0.184835389549, -0.78630246832,  
72, 4181307.44513742, 99.94041859831096, 120.34532086006539, 95.50244254503784, 86.85199609102567, -0.0332243908922, 0.736437401728, 0.675689346657, 0.781191323471, -0.402559878653, 0.477164185824, 0.623406974603, 0.543696144399, -0.561923701743,  
74, 2537414.3244981463, 84.61244782829378, 127.36756419951439, 88.68318140762598, 53.62936689472852, 0.574192497192, -0.642298768361, 0.50769603931, -0.727636137658, -0.116092507919, 0.676068177611, 0.375298051344, 0.757611260322, 0.53401924206,  
78, 1987160.3153938814, 77.99164826020144, 123.73126780669786, 96.47756983769462, 39.740971330633656, -0.985066284622, -0.132697808683, -0.109707367445, 0.129579423252, -0.990947135929, 0.0351133430892, -0.113373665244, 0.0203731530175, 0.993343518963,  
79, 1353259.6256770638, 68.61685972442628, 120.81116004883522, 77.55646970443685, 34.48001363422586, -0.962801061976, 0.188601760861, 0.193503206324, 0.220502766308, 0.962304632566, 0.159211570538, 0.156181449308, -0.195957061477, 0.968095132179,  
80, 1531170.3937039627, 71.50092132484697, 114.5984917312419, 68.45776439916196, 46.594354504036076, -0.266115444118, -0.373859751333, 0.888488298592, 0.165694375206, 0.890264078122, 0.424234893933, -0.949593568021, 0.260112970722, -0.17496656262,  
81, 2067381.7752346913, 79.02733888918935, 99.64223656399322, 92.18025250246869, 53.73419086801152, -0.97762383958, -0.19722996608, -0.0731571511485, -0.0839418026455, 0.0468755177428, 0.995367499773, 0.192887018881, -0.979235940066, 0.0623824625265,  
82, 553716.2703622247, 50.94085444452612, 127.97637648271007, 84.53895730899745, 12.21833361860306, 0.0273495527588, -0.835655335356, 0.548572841521, 0.984484996206, -0.0726350975961, -0.159729254808, 0.173324245875, 0.544430255486, 0.820703602224,  
83, 2877048.0891111814, 88.230655122249, 114.06897823262904, 91.5730446278557, 65.75417096214348, -0.735097626298, 0.512998985356, 0.443242056709, 0.673291846507, 0.629002242033, 0.388631276333, 0.0794327969964, -0.584113191548, 0.807776089161,  
84, 2142225.8806512165, 79.96971547389138, 128.36663153269205, 68.61473423459066, 58.06402287302266, -0.701356817172, -0.0528338640382, -0.710849630947, -0.0179273691293, -0.995626409836, 0.0916878480138, -0.712584889289, 0.0770495609858, 0.697342197712,  
85, 2625135.795966059, 85.5764739826368, 128.17885035143001, 91.66687535565474, 53.33770988502299, 0.403656860149, 0.305985436591, -0.862226218489, 0.555381722864, 0.66696551659, 0.496697233321, 0.727057275023, -0.679359928369, 0.0992864873094,  
86, 2633037.8350251038, 85.66225383168995, 141.6076476845008, 73.71601962011667, 60.21710948347687, 0.888298585575, -0.0399338517163, -0.457526950412, -0.339013660228, -0.729081689944, -0.594566756191, 0.309831181524, -0.683260694666, 0.661180355183,  
87, 1671909.1061075048, 73.62771986956844, 101.01354877735612, 73.40692910978929, 53.8278915491891, 0.334621203023, 0.843236136624, -0.420691654753, 0.2326441599, 0.358687747235, 0.904002098918, 0.913184179316, -0.400369726472, -0.0761494371127,  
88, 2532515.030785957, 84.55795556848156, 112.84698894351368, 84.0998463861205, 63.70569299463472, 0.239331103557, -0.264098932357, 0.934329907901, -0.356206893868, -0.9190806087, -0.168545197121, 0.903237107094, -0.292476646316, -0.314038436707,  
90, 2333952.698918659, 82.28761599359565, 109.15637175712509, 77.12810249149085, 66.18227656967831, -0.326490201886, -0.703107985432, 0.63169874853, -0.20933775933, 0.705514218406, 0.677072662382, -0.921727644476, 0.0888191896438, -0.377530529838,  
91, 847655.9468838099, 58.70976400393328, 106.20611614927353, 61.310983020323825, 31.077294055895806, -0.233015163184, -0.958659878708, 0.163325352231, -0.970668980535, 0.219053741049, -0.0990817276784, -0.0592086476241, 0.181622398089, 0.981584250362,  
92, 2214791.076848617, 80.86266530028274, 132.08697164189027, 71.80949585822113, 55.74453471111874, -0.247040397129, 0.968445957462, -0.0329161003312, 0.942620140076, 0.248047977627, 0.223471412753, -0.224584758408, -0.0241790874485, 0.97415453498,  
95, 3101806.08003022, 90.47085150322462, 128.7013499616563, 99.78935144776455, 57.65788814268793, 0.103848869358, -0.577289740705, -0.809908616826, 0.100247372589, -0.804089192801, 0.585995763047, 0.989528108051, 0.142046208315, 0.0256319738067,  
97, 2447476.0044525317, 83.60070588404979, 102.29647891011106, 89.89093241955447, 63.54088547133486, 0.540429110973, -0.543532643243, 0.642268356486, 0.735229569109, 0.676229729677, -0.0463770784951, -0.409113501026, 0.497278210292, 0.76507550271,  
98, 3551006.1986500053, 94.64280580903335, 126.74176204161407, 118.30020172943526, 56.54023317937565, 0.105192729541, -0.903724338194, -0.414990132662, 0.080063173011, -0.408254364188, 0.90935046184, 0.991223677067, 0.12888248398, -0.0294096471271,  
99, 890489.4765686106, 59.68246161628548, 126.9251383925882, 89.91878624644352, 18.626965088588307, 0.299907716053, -0.146427196848, 0.942663480716, -0.879300404461, 0.3408074988, 0.332687612447, -0.36998129759, -0.928659961872, -0.0265426948338,  
100, 3544983.6286764587, 94.58927023517677, 119.48639337063221, 99.832156194105, 70.94743862567725, -0.292911382428, -0.150126094806, 0.944280190252, -0.0626336067395, 0.988488053704, 0.13772581091, 0.95408592556, 0.0188022164186, 0.298942341107,  
101, 2255624.1747847367, 81.35658498592554, 135.79822681971012, 73.78360415643606, 53.743279759513044, -0.543202975043, 0.78152497614, 0.306837480718, 0.838140589907, 0.483200304981, 0.253056943823, -0.0495063577208, -0.394634231835, 0.917503647736,  
102, 2017811.7783123052, 78.39060468296822, 90.12939492448577, 85.877413199162, 62.23671103548414, 0.372806046887, -0.514847324605, 0.771976608293, 0.57141220664, 0.782873219589, 0.246165822472, -0.731097627891, 0.349344750065, 0.586049916044,  
103, 784127.7922752583, 57.204836139193624, 117.27891225522586, 66.5008116657888, 24.00221725447935, 0.196328040767, -0.0858280673273, 0.976774714695, -0.909122507999, 0.357277589457, 0.214123771499, 0.367357544985, 0.930046378914, 0.00788461867713,  
105, 1512947.96646388, 71.2161449505451, 123.21893637097088, 87.92018164727898, 33.340288253659374, -0.687421127296, -0.72609762516, 0.0153111882022, -0.0819062150869, 0.0984566806899, 0.991764918697, -0.721625640951, 0.680506076949, -0.12715311069,  
107, 567317.1760421762, 51.354571247893915, 114.30039863302237, 36.970498584711414, 32.05046025924698, -0.60530262395, -0.687465095183, -0.401248646532, -0.678617874694, 0.709149987926, -0.191269638914, -0.416036673365, -0.156518489416, 0.895776450285,  
109, 2165834.0026847827, 80.26240818559153, 112.88996110196385, 83.11172253574298, 55.10854586751068, -0.422148514214, -0.593612241172, 0.685138773591, -0.872304435094, 0.0602937083562, -0.485231533649, -0.246729820778, 0.802489361838, 0.543263490099,  
111, 2460047.751119484, 83.74360309345963, 109.87828360735786, 93.55188195619631, 57.13346090186566, -0.714337891995, -0.435186786791, -0.548027222556, -0.688695649491, 0.576137659519, 0.440185983031, -0.12417599781, -0.691865491181, 0.711268207979,  
112, 1903062.4372575078, 76.87553348791081, 118.00896357069117, 75.71236138355171, 50.849026197784674, 0.78186587547, -0.608281743034, -0.136671408374, -0.521185494872, -0.758021525228, 0.392133965917, 0.342127801721, 0.235365010955, 0.909698784713,  
113, 1719956.018600447, 74.32636791287646, 131.36135880160052, 98.3940701327891, 31.768168263847677, -0.578510592139, 0.687554840937, -0.438855141803, -0.312280229585, 0.310341882587, 0.89786912973, -0.753529397564, -0.65647258634, -0.0351737173191,  
114, 2214186.6217268193, 80.85530835362717, 108.7921554307916, 81.74264966621513, 59.440071164358876, -0.915187639666, -0.00925959343354, 0.402921635226, -0.386878910287, -0.259980041369, -0.884723169621, -0.112943760246, 0.96556959253, -0.234348179004,  
115, 958731.6646891423, 61.16967231793259, 114.39861042170507, 84.53247378657784, 23.668140263368265, 0.414573480057, -0.459160268621, -0.785684846076, 0.843880485701, 0.517100427526, 0.143083450144, -0.340579734403, 0.722342713379, -0.601852514277,  
116, 819602.8600474928, 58.05482032716914, 118.02277524363741, 52.83785597488227, 31.376453001674676, 0.0553602655946, 0.81537426181, 0.57628122837, -0.920965527624, -0.181250342031, 0.344921455468, -0.385691246883, 0.54983008893, -0.740897520164,  
118, 375482.2654013393, 44.754180252705005, 111.32054304493069, 84.45201594690121, 9.5348855148369, -0.134063731013, -0.910567766944, 0.391015674661, -0.429384996198, -0.302237539956, -0.851046998985, 0.893115581023, -0.281990799929, -0.350465044889,  
119, 29913.703337256207, 19.25723178306487, 118.38059653894332, 97.61322098159111, 0.6180055927072692, 0.484153592348, 0.739124149869, -0.468284945409, 0.724177361359, -0.638866688079, -0.259646883589, -0.49108293425, -0.213412384699, -0.844566578634,  
120, 689590.6571470521, 54.80677570555914, 112.17460638841858, 54.0489515631888, 27.153194549068857, -0.838168397254, -0.286847286186, -0.463888318728, -0.532843266081, 0.612194524365, 0.584205373246, -0.116412162751, -0.736842248209, 0.665966748132,  
122, 1614762.0513672454, 72.77909346562855, 163.52494747582153, 58.3614762525761, 40.393328179696276, 0.474049193869, 0.875666021472, -0.0921215535688, 0.758152428068, -0.352735788683, 0.548436285449, -0.447752451257, 0.329827958521, 0.831102436629,  
124, 504871.33637700503, 49.39663540584967, 106.96880512310068, 87.3919349842646, 12.893285676312711, 0.95753073043, -0.256136859053, -0.132396411269, 0.219125461034, 0.348004556479, 0.911524470871, 0.187400460535, 0.901824117056, -0.389351164486,  
126, 2420080.8424898526, 83.28761414824261, 145.59310830996756, 73.6139734532797, 53.906382209155296, 0.708286961139, -0.439573905572, -0.552362527894, -0.573382188308, 0.0981925553708, -0.813382498091, -0.411779609515, -0.892823052799, 0.18249534125,  
127, 1168541.3684985847, 65.34090733047881, 142.15751322761415, 48.44946825305, 40.50388206937242, -0.175611326154, 0.842775953486, 0.508811708152, 0.98273824116, 0.180624944107, 0.0400022365318, 0.0581911633112, -0.507053568958, 0.859947944192,  
128, 947191.1725994851, 60.923242679564005, 128.50253859147014, 67.96874059246394, 25.889764648187178, -0.210481105635, 0.634761925518, 0.743488400772, 0.131804396703, -0.735155647959, 0.664961483308, 0.96867192856, 0.237956868331, 0.0710719609529,  
130, 2736549.6465755007, 86.77039492144716, 107.88146263190114, 87.58595134271803, 69.14064788330172, -0.524412840604, -0.146578483396, 0.838752598097, -0.850954047196, 0.0561306066622, -0.522232289844, -0.029468324855, 0.98760523652, 0.154167164562,  
131, 1940659.6319764997, 77.37849068200484, 130.13835672629833, 70.33210127762818, 50.617635191005945, 0.376733943553, -0.184874277241, -0.907685538824, -0.408022103064, -0.912821646181, 0.0165712303432, -0.831618601996, 0.364112817515, -0.419323689929,  
132, 908138.4122064176, 60.074174558111444, 116.39121078206678, 79.32410092039584, 23.48216265634104, 0.486793238805, 0.429562162352, 0.760597588301, 0.873517025957, -0.239974177806, -0.423533232875, -0.000589929552358, -0.870568057455, 0.492047669765,  
134, 1214075.719250824, 66.17882541647496, 89.09193573754527, 72.29889839164078, 44.997365664061626, 0.925476067176, 0.343590173351, 0.159498720565, -0.309878212771, 0.444517873511, 0.840463772794, 0.217875061297, -0.827254285517, 0.51786176221,  
135, 2263573.1303369435, 81.45204144526167, 126.23298309237929, 68.11392154265046, 62.84882902955066, -0.95919080527, 0.252761167074, 0.126746958565, 0.242975431465, 0.966055667222, -0.0877461539473, 0.144623437903, 0.0533689071198, 0.988046467005,  
137, 1123408.4779293954, 64.48861193979317, 137.30670885811003, 74.00474739709132, 26.39354645775918, 0.143533536898, 0.836675006729, -0.528557524684, 0.268212473482, 0.481211603055, 0.834564234888, 0.952607050601, -0.261553677475, -0.155336669672,  
138, 2622745.171710758, 85.55048887259514, 130.799280221773, 77.8855028235032, 61.46183250728794, -0.190409768372, 0.974182007398, 0.121299367562, -0.197288770817, -0.15901167012, 0.967363649139, 0.961676276622, 0.160264485237, 0.222472546068,  
140, 1920310.7207708634, 77.10708747688842, 107.57892278331556, 84.84032017530275, 50.22886990774831, -0.189231752395, 0.221157515169, 0.9567030351, 0.66731985305, -0.685771257606, 0.290520216107, 0.720330172637, 0.693402578396, -0.0178131037046,  
141, 2744224.502502073, 86.85143720277608, 116.9497215199324, 104.65031819194492, 53.529265375119884, -0.0415875338487, -0.178176573936, -0.983119313984, -0.0547123036752, -0.982088079956, 0.180304096003, 0.997635725531, -0.0612871251512, -0.0310941704466,  
142, 1165975.0236203545, 65.29303847579625, 117.9631844081992, 81.41786592599473, 28.98240597929823, 0.39226986785, 0.352440146105, -0.849653043419, 0.808043608887, 0.309337258979, 0.501374098198, -0.439533703957, 0.883230662749, 0.163443321874,  
143, 1036163.870263316, 62.774020545863294, 116.00925487621713, 87.17892767097456, 24.458829831284344, 0.335170724185, -0.218393666879, 0.916495931206, -0.8727624533, 0.29444694852, 0.389341360014, -0.354889117556, -0.930379062949, -0.0919157955212,  
144, 747693.6485468005, 56.304749078250744, 112.39320442792801, 64.16410262985524, 24.75157867785798, -0.876118346285, 0.440226696567, 0.196512337865, -0.111761899726, -0.58198267931, 0.805484598706, 0.468962600932, 0.683737242377, 0.559086274482,  
145, 688966.6203022804, 54.790238470051214, 110.09610299651214, 42.73278576120532, 34.96040215196751, -0.0903281215523, -0.364658525575, -0.926749691223, -0.957060086795, 0.289163993539, -0.0204981731966, -0.27545747534, -0.885103578439, 0.375119760495,  
146, 816261.4615298182, 57.97581925899067, 112.85601439352878, 92.6996520196454, 18.626783662996345, -0.721694865914, -0.0302695451134, 0.691549184911, -0.662327595197, -0.260178350025, -0.702587633551, -0.201193133961, 0.965085996592, -0.167721024412,  
147, 1893603.812568774, 76.74795931815386, 106.85019886245269, 74.09112256141164, 57.103009881906075, -0.651778121364, -0.410859167641, 0.637479430944, -0.19155482995, 0.902477089181, 0.385800272973, -0.733820160281, 0.129343913148, -0.666916879751,  
148, 2449895.291806071, 83.62824275947254, 138.91704467956063, 97.15168703904615, 43.33642000720484, 0.771601511696, 0.611681733127, -0.174575383453, -0.384404542743, 0.667044780527, 0.63818837994, 0.506817772644, -0.425319548258, 0.74982599795,  
149, 1529940.2647858309, 71.48176845632626, 135.81821598877687, 91.80546797230645, 29.29269265199545, -0.796756732585, -0.594540166962, -0.108169769112, -0.0657627329087, -0.0926306258712, 0.993526461707, -0.600711221837, 0.798712437001, 0.0347054886031,  
150, 2623882.3260104917, 85.56285124399456, 146.63379607105486, 85.03633430810258, 50.23624114753665, 0.450406781537, 0.160643100398, -0.878252540811, 0.549120403143, 0.725786203139, 0.414368399115, 0.703989001333, -0.668900726287, 0.238686623787,  
151, 1313820.4552626233, 67.94369110747789, 108.27012194825504, 59.21895684375703, 48.91905186602415, 0.259045420829, -0.4115832772, -0.873781823956, 0.426038186053, -0.763207636973, 0.485804041658, -0.866825780634, -0.498109735696, -0.0223552506712,  
152, 3328939.7566153705, 92.62732215955091, 137.90928276796603, 78.33341639217115, 73.56593493271133, -0.508182233127, -0.52515555366, -0.682614431721, -0.241309021573, -0.67401928352, 0.698189058602, -0.826753151818, 0.519528295575, 0.215799851842,  
154, 2608449.389052346, 85.3947690758156, 139.4343999320674, 79.6405709498099, 56.07761162221417, 0.323824208949, -0.713938226168, 0.620830162698, -0.707306994329, -0.618493072803, -0.342320222406, -0.628374647382, 0.328265941139, 0.705256530928,  
155, 818912.7591985795, 58.038521811359516, 125.81879226598575, 84.68433278408267, 18.348494930996463, 0.432274976515, 0.659802115836, -0.614653977956, 0.342256217659, 0.510574514363, 0.788780290548, 0.834265560929, -0.551339127237, -0.0051127903638,  
156, 152428.77393608238, 33.137986424751205, 132.47764055815642, 68.63514736003853, 4.002111572961453, -0.794145346863, 0.548039456711, -0.262651712242, 0.607713755379, 0.713185290212, -0.349357600959, 0.00414241220777, 0.437057771597, 0.899423896007,  
158, 930440.1222427583, 60.56196252334694, 125.4166026844338, 71.73105523657253, 24.690936824244798, 0.0864610080141, 0.927089775907, -0.36473146492, -0.836446806916, 0.266426041268, 0.478929957023, 0.541185026856, 0.263669702362, 0.798496746871,  
159, 660241.7339128744, 54.01795280781601, 99.31869369952933, 66.50489020709676, 23.86326058341436, -0.515131054003, 0.246878313755, 0.820786875747, 0.845911414119, -0.00786628115252, 0.533265413359, -0.138108206365, -0.9690145612, 0.204785017802,  
161, 1587353.829280654, 72.36496863933526, 103.83885928619868, 83.6178747703052, 43.644156136738836, -0.924387094156, 0.0533364177885, 0.377708520814, 0.313501290967, -0.457874949985, 0.831905926616, -0.217314152139, -0.887415211, -0.406532658671,  
162, 1297931.8052349605, 67.66868783486383, 119.09929467376537, 57.71786275746675, 45.07584063271439, 0.431573341257, 0.72492154484, -0.53687354651, 0.673322993188, 0.137193776636, 0.726508096649, -0.600317081183, 0.675030830021, 0.428897167816,  
164, 1361709.4410964542, 68.75937911282804, 107.91386325582171, 68.03328180575133, 44.27893614357952, -0.870833554955, -0.198737131708, -0.449613692012, 0.0614454736338, -0.951466940804, 0.301554496445, -0.48772263976, 0.234977047894, 0.840780835669,  
165, 1129846.9875949677, 64.6115769619856, 103.45060495715876, 61.73378987259595, 42.235248003549714, -0.0351443977723, -0.752247629271, 0.657942532112, -0.352032425688, -0.606834658796, -0.712618318701, 0.935327772799, -0.256661647195, -0.243488719019,  
166, 1783335.47851453, 75.22834024618119, 145.7890272986342, 81.58798221914411, 35.792613390742176, -0.258552865999, 0.942241565164, -0.212911362686, 0.957384603784, 0.220580127481, -0.186437999875, 0.128705617285, 0.252042139805, 0.959119191676,  
167, 1734191.4353470718, 74.53086172716259, 126.4798734683146, 75.18807018184354, 43.534951719299485, 0.49044459079, -0.669782611073, -0.557544040655, -0.27016680284, -0.725107936064, 0.633425907033, -0.828537266517, -0.160030418864, -0.536578291613,  
168, 1973516.54813716, 77.81274228110524, 110.58257697107504, 81.25360119408663, 52.43518909386907, -0.466515559417, -0.85805630898, -0.214715168166, -0.857868333985, 0.498061993574, -0.126475974411, -0.215464972485, -0.12519433364, 0.968453005807,  
169, 1084630.5014898577, 63.737897678381515, 117.70064676358952, 58.84263223544074, 37.38714159012234, -0.3363220657, 0.926762233232, 0.167329707998, -0.0989162477165, -0.211460716519, 0.972368212822, 0.936537796387, 0.310477259111, 0.162790747631,  
173, 1274129.6136204484, 67.25248456863095, 138.109372186187, 93.90782562374795, 23.453089699670652, 0.762385539806, 0.380162390622, 0.523683917503, -0.416383984487, -0.331298373514, 0.846679257553, 0.495371240745, -0.863549618993, -0.0942835583692,  
174, 1140118.3009122976, 64.8067788523126, 97.80142904048819, 82.36503500263547, 33.788835127426644, 0.566061160252, 0.583319233819, -0.582506166758, -0.406422964616, 0.812242980249, 0.418427669817, -0.717213452667, 0.000111769057028, -0.696853536133,  
175, 1260011.3708074817, 67.00315994779369, 113.94364949852073, 93.95095767033813, 28.09923641935799, 0.228328120063, -0.924765172102, -0.304426749901, 0.898337419844, 0.320654586982, -0.300284058777, 0.37530807305, -0.204914646412, 0.903965617703,  
176, 928783.6851364576, 60.52600223993248, 118.79863629214773, 55.76406187894295, 33.470339145523624, 0.249919459644, 0.92912764464, -0.272510703749, -0.645927622097, 0.369647339014, 0.667935888968, 0.721330555781, 0.00909201442064, 0.692531273352,  
177, 2147828.5770478086, 80.03937137190488, 110.58816289085165, 105.65179384959798, 43.88594841291024, 0.77434756724, -0.393569460029, -0.495468389751, 0.150045091785, -0.646484600271, 0.748026825752, 0.614713197793, 0.653575352768, 0.441550611724,  
180, 1201006.101148054, 65.9404947688855, 140.98460695531122, 85.5219461501766, 23.77975255916575, 0.760648935002, -0.649049239829, 0.0121771079743, -0.35735168508, -0.402988356711, 0.842555729626, -0.541952923095, -0.645240628473, -0.538471503904,  
182, 494740.96440136683, 49.06401532542874, 93.18635556538747, 47.20793237365285, 26.848619204110967, 0.0745622265093, 0.983188619414, 0.166675172214, -0.458290406291, -0.114659874093, 0.881375638859, 0.885669451816, -0.142102962417, 0.442036616349,  
183, 3368753.000453023, 92.99512589079885, 108.82235848987749, 87.4007560008425, 84.55654645355028, -0.488347148821, 0.594194840587, 0.639100581801, 0.206437193262, -0.632918351216, 0.746189014883, 0.847880149241, 0.496333408219, 0.186419957112,  
184, 1365236.6081873376, 68.81869590780887, 135.09292642876213, 61.44391279126019, 39.265202555411406, -0.689611728736, 0.720563173589, -0.0722798482135, -0.056396145706, 0.0460702149186, 0.997344980459, 0.721980012424, 0.691857100972, 0.00886642517486,  
185, 1583413.874419676, 72.30504691636926, 127.90605414727911, 80.73543497241387, 36.60585423368943, 0.597129628577, -0.65417082119, 0.464216267896, -0.431274993664, 0.22613293443, 0.873421877334, -0.67634169361, -0.721750949199, -0.147096841619,  
186, 1245235.9852308559, 66.74022776217579, 93.89908270867852, 68.31796231146934, 46.341149164898404, 0.533337534171, -0.795605378544, 0.28733805226, -0.529696683756, -0.0492735145539, 0.846754712996, -0.659524448267, -0.603808084076, -0.447708945345,  
187, 3213160.1640769574, 91.54077570230345, 138.65919552512128, 93.17582831827409, 59.37338727817764, 0.155477164316, 0.911665403633, -0.380385387726, -0.680015113347, 0.378082087735, 0.628198520018, 0.716523758849, 0.16099728803, 0.678729383666,  
189, 2795155.822202214, 87.38545223025109, 154.76576464696564, 95.97012087645281, 44.9269022613633, 0.905562562251, 0.31664187233, -0.282301913804, 0.34723431073, -0.93555837385, 0.0644892438437, 0.243689924497, 0.15642395535, 0.957155560445,  
190, 2982184.8560474864, 89.29256879486312, 118.19788552689138, 95.80807701960836, 62.86864791690133, -0.18411745019, -0.673705841578, -0.715696306794, 0.0166740532803, -0.730180541878, 0.683050768399, 0.98276280988, -0.113828007476, -0.145672386647,  
192, 1426162.9726311173, 69.82755718236984, 117.78698162273886, 79.12130636988678, 36.533375888890156, 0.6253790419, -0.712627131837, 0.317905056459, -0.434390919111, 0.0205039608203, 0.900491042146, -0.648232661431, -0.701243294842, -0.296736007409,  
193, 612971.5405383846, 52.696758388659354, 87.47395098581038, 47.86806440843963, 34.94838346206637, 0.427504626743, 0.851120773859, -0.304685448322, 0.597197071611, -0.0128646973171, 0.801991369793, 0.678671829216, -0.524812278695, -0.513786551361,  
195, 3127045.1817869875, 90.71557318431326, 136.00802105990007, 83.82925505943354, 65.47649428099746, -0.739360580754, 0.660059775985, -0.132917356852, 0.640885525165, 0.750429019836, 0.161623110417, -0.206425955878, -0.0343129467316, 0.977860392094,  
196, 148137.1015002052, 32.82401818127647, 122.89709650839302, 73.25330672569557, 3.928315648216301, -0.163904862314, -0.867284162337, 0.470056781538, -0.883528393633, -0.0828744145176, -0.460987428314, 0.438762776173, -0.490866594074, -0.752686663272,  
198, 2508007.5025830264, 84.28431095026936, 130.78537264174383, 116.66976258430871, 39.23943394663467, -0.26792906428, 0.41200748825, 0.870898298391, -0.758128690192, -0.647971252864, 0.0733085572696, 0.594520736074, -0.640611493097, 0.485965028876,  
199, 2069.073105756819, 7.904888384022119, 94.24938897289172, 44.946995866530514, 0.11660254057624773, -0.208833499074, 0.111199345197, -0.971608601903, -0.970585536076, -0.145274417866, 0.191987136738, 0.119801030143, -0.983122601277, -0.138266641079,  
200, 624217.0409408389, 53.01706362185167, 123.4630714507096, 56.36107264171443, 21.415621599740874, 0.580904985426, 0.657573041568, -0.47973648278, 0.734296853669, -0.169040600074, 0.657444603155, -0.351222904432, 0.73418183751, 0.581050342804,  
201, 2409895.007210575, 83.17060057556823, 114.53108611698134, 77.20138266967095, 65.06704065245901, -0.12129969578, 0.099643945623, 0.987601877228, 0.227594204555, 0.971233978315, -0.0700388279361, -0.966171445374, 0.216276775143, -0.140488770644,  
202, 1783732.208614547, 75.23391839536647, 143.80573017619153, 87.45692056636645, 33.858730615780885, -0.698034996378, 0.713023097895, -0.065918174271, 0.0631658399862, 0.153011464712, 0.98620361403, 0.713272192427, 0.684240859299, -0.151846060124,  
203, 778501.7839829638, 57.06769536724803, 113.66682923326171, 104.89851585852226, 15.587193031288235, -0.427746880405, 0.739002247349, 0.520488505845, -0.899084935006, -0.288503869397, -0.329259467577, -0.0931605385874, -0.608803084549, 0.787832417646,  
204, 1082323.7136617447, 63.692679771201604, 125.811373697222, 70.32739821426487, 29.202774134851314, 0.642540275313, 0.718196030693, 0.267088854309, 0.503850424698, -0.658618406072, 0.558888669339, 0.577301259423, -0.22453564679, -0.785052227045,  
207, 2405712.527183983, 83.12245728706606, 103.30491207357576, 84.88624918304261, 65.49328947146783, 0.403655589193, 0.0344190496214, -0.914263361585, 0.495985347404, -0.847942915627, 0.187059741792, -0.768804721938, -0.528968941302, -0.359348241493,  
208, 1756232.9398979133, 74.84529475708298, 122.17677048217104, 83.17828659133491, 41.25673903854286, -0.403006684625, -0.909317445678, 0.103573139052, -0.896361150496, 0.369334366078, -0.245211773608, -0.184722223973, 0.191660921994, 0.963921050165,  
209, 1434140.563048387, 69.95751432424828, 109.71737632743084, 76.00785339684305, 41.05529991050539, -0.411475311414, 0.470272056945, 0.780725470671, 0.908910475562, 0.27526144017, 0.313229767056, 0.0676004105844, -0.838495874774, 0.540698485735,  
210, 1633042.0127359817, 73.05269622941726, 100.04372849120979, 74.30102420054432, 52.44741397454719, -0.893175465738, 0.138791209374, 0.427755289394, 0.430393435128, -0.0119526444722, 0.90256225563, -0.13038051389, -0.990249531427, 0.0490590165749,  
211, 332916.26319017366, 42.99475389101281, 90.12420353683596, 50.452152711756284, 17.47934927679035, 0.580983538353, -0.663931294851, -0.470800768776, -0.714980177318, -0.139912366069, -0.685002099167, -0.388923481169, -0.734588160494, 0.555984496418,  
212, 2351414.495189026, 82.49232179541029, 114.58335305185835, 80.77448001893362, 60.651966153739835, -0.493569110379, 0.722066615758, 0.484777614673, 0.851409789891, 0.514894501769, 0.0999250805609, 0.177456763626, -0.46206434017, 0.868910606787,  
