# Void_ID, Void_Volume, r = (a*b*c)**(1/3.0), a, b, c, vector_a, vector_b, vector_c 

12, 484008.51703166025, 48.706635569721705, 159.613638832261, 41.58283725228402, 17.40925864298551, -0.428088348382, 0.834548048592, 0.346799539461, 0.896756477912, 0.344658500894, 0.277557808546, -0.112107918112, -0.429813997389, 0.895930657107,  
19, 788949.4156990469, 57.321848001304154, 102.79749090900522, 62.57947239362957, 29.278318964738073, -0.315858740043, -0.112283187327, 0.942138918728, -0.934285827527, -0.136248155182, -0.329463856427, -0.16535794151, 0.98429107791, 0.0618694199604,  
26, 3509229.9995116363, 94.27019556307673, 138.07780248445545, 91.01100746621857, 66.66615927252693, -0.0495138308028, 0.335536897657, 0.940724917747, 0.276615561341, -0.900429582119, 0.335723694234, 0.959704231409, 0.276842117382, -0.048231009317,  
33, 1036247.5139531953, 62.77570963178843, 148.38875401095103, 88.64164370432569, 18.807717959651555, -0.461309033447, 0.838882807327, 0.288911078416, 0.864494750133, 0.351726853594, 0.359078052036, -0.199606619762, -0.415408059662, 0.88746455778,  
73, 1574807.2673927995, 72.1738047412917, 133.36655936698284, 68.56992676804195, 41.11101204520368, 0.481593198877, 0.642975636559, 0.595525248488, 0.712751932996, -0.68274658726, 0.160753785634, -0.509953598679, -0.347043842153, 0.787088240808,  
123, 1249533.503874707, 66.81691685458321, 135.05187168990489, 86.37546022521344, 25.572213062751523, 0.593655311264, -0.692217195633, 0.41037632178, -0.705651443035, -0.202660704596, 0.678958525799, 0.386819612159, 0.69264997862, 0.60877466666,  
139, 188428.67379500263, 35.564725475419934, 119.87468337058354, 86.44019313549406, 4.341253840679368, -0.411260135398, 0.847260188687, -0.336177443769, -0.774388887375, -0.519304446614, -0.361448119151, -0.480819043033, 0.11168287422, 0.869678091861,  
155, 1230163.811518393, 66.46986232117546, 98.32188602316454, 65.67864271390587, 45.477854487357774, 0.207343698582, -0.51514890639, 0.831643069414, -0.563473758017, -0.757823757842, -0.328938407724, 0.799691137055, -0.400405739589, -0.447402871046,  
170, 338011.35182743246, 43.21298088786901, 102.47794058893898, 43.2676201468825, 18.199073507139687, 0.104140002798, 0.922613868088, 0.371400740749, 0.348259275649, -0.383616771788, 0.855309095782, 0.931595586476, 0.0402718613209, -0.361258689091,  
190, 1872644.7071655283, 76.46374990639706, 127.33970672944774, 79.79768773311793, 43.99594248808303, -0.744934403725, -0.562304941262, -0.359006806591, -0.661498111765, 0.692392172207, 0.288120335968, -0.0865620140603, -0.452113075346, 0.887750406828,  
193, 808588.2839679379, 57.79358188729756, 159.27747572166487, 59.90097764966842, 20.232547105128344, -0.858328906465, -0.223137552606, -0.462040172435, -0.501099737514, 0.558152680509, 0.661335496026, -0.110320176713, -0.799171582239, 0.590892748942,  
196, 1570558.6922629196, 72.10884187175414, 139.3249198197214, 89.50518961645587, 30.06689235273562, -0.514987569354, -0.718437539855, -0.467584542877, -0.852633456146, 0.485540588033, 0.193045400965, -0.0883402109539, -0.498094206652, 0.862611249885,  
209, 1090617.8997459987, 63.85496492114472, 123.78042834979365, 85.67681780119882, 24.55097268361113, -0.627222461607, -0.126560718068, -0.768488365753, 0.741704394468, -0.398111645873, -0.539797840536, 0.237626965815, 0.908564528287, -0.343575207277,  
212, 1498574.965641931, 70.98990930215056, 118.11736147109997, 70.2251685303226, 43.13038519016901, -0.706997369525, 0.706536911489, 0.0309889042782, 0.0810606931904, 0.0374284156516, 0.996006163496, 0.70255525299, 0.706685719684, -0.083734163221,  
214, 1013832.9477480849, 62.31978272714046, 99.87017665911345, 85.12398430192447, 28.47016804350719, -0.911121071487, -0.367526147948, 0.186501806068, 0.191843891854, 0.0223040825086, 0.981171977312, 0.364766108967, -0.929745695595, -0.0501859270266,  
249, 726587.7088205568, 55.769893165259965, 129.11969259187867, 45.885721465850196, 29.277189898783455, 0.276338514155, 0.387941337976, -0.879282971451, 0.846979570788, -0.530657919168, 0.0320590001818, 0.454161460565, 0.753593850236, 0.475219608837,  
255, 2089064.3141149753, 79.3026561418291, 117.8972481881012, 81.71928174091872, 51.76485381000477, -0.728347366815, 0.135187376513, 0.671739894963, 0.659242728559, -0.129063324427, 0.740771005864, -0.186839872874, -0.982378252772, -0.00488163753971,  
266, 404314.49668550584, 45.871566137348466, 113.1998367023487, 39.705542823665034, 21.475029338997107, -0.699389887673, -0.714460981756, -0.0199822563524, -0.249301019059, 0.217649859117, 0.943651175341, -0.66985280989, 0.664961686396, -0.330337961349,  
301, 330657.66118437774, 42.89730348803933, 125.939094128901, 79.92367585875061, 7.842489850675469, 0.59865955529, -0.775526233861, -0.200414065007, -0.609778718302, -0.279003645608, -0.741840198725, -0.519400280676, -0.566317955154, 0.639927591297,  
330, 225712.6266627582, 37.770762171267805, 117.00301053453451, 32.02111914055996, 14.38247747485383, -0.889396191455, -0.363205042974, 0.277590546281, -0.390422629949, 0.287647252877, -0.874545154887, -0.237791052501, 0.886194761139, 0.39763583928,  
359, 1245845.095063369, 66.7511080298194, 131.46489914849442, 83.27597594763334, 27.16726341612666, 0.746023664802, 0.379113383444, -0.547468477676, 0.334555761067, 0.497462536972, 0.800377078037, 0.575778719903, -0.780258974189, 0.244284258405,  
362, 1164649.7884224511, 65.26829196629535, 107.94138835069064, 69.78925340810142, 36.908822553517496, -0.571793255801, 0.587604318469, -0.57251518542, 0.783874193147, 0.185407001099, -0.592592181235, 0.242061401173, 0.787620091707, 0.566622333836,  
371, 2086581.427612334, 79.27122619320801, 114.95786597648394, 80.47500376391838, 53.84520432779121, 0.188685546567, 0.909216792664, 0.371109941196, -0.806695148368, -0.0720051502154, 0.586564741475, 0.560036339996, -0.410048877916, 0.719874444333,  
405, 609141.4889910365, 52.58677332800067, 131.1543166492191, 56.20177042866288, 19.72863262242939, 0.885075210938, -0.431509454251, 0.174474817309, -0.304440760354, -0.253150798293, 0.918275828256, 0.352076262218, 0.865860418437, 0.35542656255,  
406, 970385.7222805901, 61.416528228896176, 112.23915525427779, 75.05832144604426, 27.498724583709567, -0.651436902926, -0.0658682987644, 0.755838163051, -0.75870237104, 0.0576335006929, -0.648882956916, 0.00082078282468, 0.996162510244, 0.0875190236451,  
428, 558723.8205991872, 51.093955574454995, 59.08792090575509, 56.84952396255164, 39.7084593111608, -0.743432337782, -0.524003774844, 0.415606067196, -0.00337208877111, 0.624339049202, 0.781146196725, 0.668802652625, -0.579327882628, 0.465920826162,  
435, 2493199.3642088366, 84.1181022209885, 99.43464993508691, 90.52546397555956, 66.1241176066108, 0.106885314283, -0.978132879498, -0.178414123981, 0.9939845081, 0.109430114861, -0.00445506663834, 0.0238815252394, -0.176864694066, 0.983945401303,  
476, 782072.2859588105, 57.154806965190154, 102.1552666273896, 86.36182252255792, 21.162926637358556, -0.446819453184, -0.890912707508, 0.0814059202837, 0.416896255915, -0.126844236676, 0.900060026568, -0.791549043371, 0.436102152279, 0.428094644578,  
477, 4083916.554496534, 99.15837861366046, 130.61715253136694, 109.39263023228663, 68.2338653150447, 0.844832455454, 0.446986377095, -0.294043025599, -0.240574936948, 0.808253438011, 0.537447745977, -0.477893107216, 0.383313916568, -0.79037245615,  
479, 3159957.217797359, 91.03272247331057, 134.14313362787945, 89.08370866599965, 63.12855625489582, -0.759460285227, -0.414978548415, 0.501011855666, -0.642327127083, 0.600409455236, -0.476365771101, 0.103130679121, 0.683594390277, 0.722539114931,  
480, 2683456.7901630704, 86.20557091576876, 122.82049312756048, 111.09244388105886, 46.95162628565526, 0.723731440446, 0.269884071337, -0.6351184064, 0.430200584267, 0.543171349586, 0.721035604034, -0.539574146347, 0.795064445833, -0.277005898071,  
499, 839903.3025257434, 58.530229436913906, 139.86869844896276, 90.75973474685112, 15.795265420673791, 0.602414013805, -0.48942884086, -0.630521027172, -0.625441049335, 0.201340753693, -0.75384706321, -0.495904073162, -0.848481768005, 0.184818396228,  
510, 937447.7974741666, 60.71362463389913, 139.12109459477878, 47.92739710773975, 33.56461378006149, -0.949115291163, -0.188179388655, -0.252524616159, -0.135057116508, -0.481157645011, 0.866167937486, -0.284499102566, 0.856198480688, 0.431259112722,  
517, 738360.0160950439, 56.069478974057404, 107.12529478016822, 52.57814831701968, 31.29552519070866, -0.806901987315, 0.00909975777953, -0.590615253168, -0.557020684638, -0.344454343712, 0.755697798054, 0.1965633225, -0.938758967737, -0.283009647789,  
523, 483703.83252789726, 48.6964131103868, 110.48223500916903, 37.629994984521446, 27.77565488954482, -0.291517476581, 0.207032325418, 0.933892486896, 0.94075456421, 0.23882438731, 0.24071510535, 0.173200492973, -0.948736279615, 0.264388087811,  
536, 1786316.0859497376, 75.2702282976203, 132.82541363791412, 72.05320936765845, 44.55897509141111, 0.246754767634, -0.755682363553, -0.606676396496, -0.484557068202, -0.638367865705, 0.598072667567, -0.839235683408, 0.14639205392, -0.523691544942,  
541, 1607619.1372522125, 72.67162185594312, 161.42475683933253, 59.01271362669747, 40.28828973208438, -0.546496439737, 0.587418358449, 0.596893050313, 0.801297175856, 0.159586476219, 0.576589102025, -0.243442965232, -0.793392606952, 0.557910112755,  
554, 608781.4247142548, 52.57640991718221, 103.64708062210593, 73.83822186674607, 18.9904160538657, 0.0108607973941, -0.813217431712, 0.581858618428, -0.367777594539, -0.544353935144, -0.75393529845, 0.929850355721, -0.205806224522, -0.304995268672,  
598, 3283008.338781158, 92.19933574687343, 124.9180655402413, 102.09057651310442, 61.457157570694434, 0.243070946281, -0.759508841056, 0.60337619727, 0.663596821516, 0.583896726977, 0.467657856449, -0.707499663284, 0.286724488984, 0.645935982795,  
605, 2620991.8471847675, 85.5314209116331, 128.50326557782395, 104.70524201435299, 46.50444561922127, -0.581733099282, 0.240058223494, 0.777147766215, 0.81296059463, 0.202271692353, 0.546059734875, 0.0261088640044, -0.949451532099, 0.312826014607,  
611, 865726.2635885169, 59.12402535182735, 152.86513273968566, 74.67865558038818, 18.10452166865923, -0.922881359086, 0.201366216426, 0.328240222907, 0.354713381732, 0.776319239813, 0.521063196471, 0.149894675931, -0.597310710417, 0.787877846718,  
647, 744478.898461186, 56.22393802532729, 106.69510456579876, 65.57235448123225, 25.403789879193344, -0.0972079905071, 0.840272810176, 0.533378112656, 0.909269123508, -0.142937371088, 0.390894575278, 0.40469774847, 0.522982325156, -0.750139467004,  
706, 1149588.9016913143, 64.98572738631778, 93.16372575298101, 73.32701527341047, 40.173817017665215, -0.275095785185, 0.925791051851, 0.259293727817, -0.443137603988, 0.117243471987, -0.888753639772, -0.853200663915, -0.359395181644, 0.377999643527,  
725, 1388108.3216724484, 69.20087451781562, 136.69032416922525, 68.07010896280775, 35.61562166137874, -0.0566073171846, 0.403552588877, 0.91320365727, 0.169528033917, -0.897502766541, 0.407122868146, 0.983898296247, 0.177859753913, -0.0176082531946,  
735, 1285460.3068314572, 67.45125281305504, 132.98162534142637, 68.22201477564926, 33.82625228672741, -0.0566655089763, -0.492015232055, 0.868740485714, -0.695760922393, -0.604591686931, -0.38779586249, 0.716034747036, -0.626410331587, -0.308065476023,  
801, 435266.36103700416, 47.01345463312614, 63.40578380222446, 42.116883489259855, 38.91180639433741, -0.874498103416, -0.4833462735, 0.040366409492, -0.415734286405, 0.789829441878, 0.450926219962, 0.249836086722, -0.377552423693, 0.891647967045,  
826, 1026810.970884948, 62.584573501788896, 113.55329341052955, 54.59305993501679, 39.54255424693771, 0.243987022098, 0.648084055903, 0.721427327963, 0.838753611405, -0.514433494919, 0.178467248146, -0.486788159678, -0.561556084278, 0.669097938876,  
846, 647909.7828596241, 53.67952234618248, 111.47266495021319, 44.19183727600249, 31.39897612493361, -0.174600660539, -0.937751770239, 0.300226958737, -0.960068004107, 0.0944448246771, -0.263343127084, -0.218595601122, 0.334218180991, 0.916795599174,  
868, 579559.5938096611, 51.72134737634603, 107.24216323365066, 46.87290045243166, 27.52466844051057, -0.951000445707, -0.0374024568389, 0.306918895617, -0.278580534572, -0.326974916477, -0.903039472976, -0.134130675172, 0.944292571302, -0.300533694885,  
874, 534043.4519753662, 50.33027790132344, 112.93431356640484, 58.55284984034407, 19.280310826750522, -0.403388147862, 0.89632600449, -0.184058946646, 0.906745500335, 0.364561123954, -0.211914568928, 0.122843802397, 0.252378447132, 0.959799207978,  
889, 2150711.4270035946, 80.07516540478949, 132.0617799881753, 76.67679285263873, 50.70519383330029, -0.453173307944, 0.885715395322, -0.100708447793, -0.253854592635, -0.0199288888901, 0.967037065053, 0.854512608897, 0.463800687664, 0.233874161372,  
892, 1364392.7034512584, 68.80451316625174, 125.43493829821678, 67.60297488400128, 38.411958483416065, -0.932299250993, -0.173423316972, -0.317399526982, -0.29883023248, 0.863712886768, 0.405833144761, -0.203761131607, -0.473206511326, 0.857063007535,  
898, 2474798.048691946, 83.91064354239614, 129.62206224689555, 83.33187106518972, 54.69669631819748, 0.778529613948, 0.0783734610688, 0.622695142751, -0.574023313198, 0.490067026602, 0.655996604673, 0.25374963273, 0.868154312341, -0.426519886819,  
900, 1377985.2186862428, 69.03224276149268, 92.10058936285041, 76.43833785332502, 46.72855007307912, -0.788683893077, -0.055330374145, -0.612304063761, -0.233217953914, 0.948427972738, 0.214694588894, -0.568847169961, -0.312126465116, 0.760913902489,  
907, 422233.56037464016, 46.53946430588855, 70.81565355589328, 51.832609316669405, 27.461977067800863, -0.6562093713, -0.228859696113, -0.719035813095, -0.753118370249, 0.139381398251, 0.642950656127, 0.0469252747555, -0.963429325543, 0.263821821069,  
909, 758275.1208070795, 56.56911692308238, 101.2349663087236, 69.444758619412, 25.749463349855695, 0.644422185831, -0.351332327168, -0.679180125074, -0.501390333276, -0.864754882588, -0.0284029353664, -0.577345459934, 0.358837830958, -0.733421864255,  
929, 853404.3608686891, 58.84217936051325, 109.17931285123878, 56.748161816051024, 32.883201473887446, 0.715154326263, 0.330908192523, 0.61567366173, 0.592409296471, -0.754428735816, -0.282645551939, -0.370952173578, -0.566865990069, 0.735566063805,  
957, 1873160.2132392465, 76.4707656367729, 129.706947170909, 98.09240288955397, 35.14695491797352, -0.260947811554, -0.527314764705, 0.808607060672, 0.396685448487, 0.705067854519, 0.587809472093, -0.880083458886, 0.474150249865, 0.025192180297,  
1012, 1187674.3161889876, 65.69559522382666, 115.15788479935361, 96.17706550100986, 25.600211557663258, 0.393355805402, -0.384603715947, 0.835075560675, -0.761263310135, 0.37304037376, 0.530395184921, -0.515508858313, -0.844346410678, -0.146047101224,  
1023, 1656967.232422504, 73.40772589867008, 110.40254182141024, 86.16863967378875, 41.58119836659936, -0.125206502954, -0.718380069939, 0.684290440334, -0.970021040238, -0.0561582246427, -0.236443302507, 0.208284692461, -0.693380363812, -0.689812407809,  
1052, 809947.1910449356, 57.825939579627416, 104.06263162255257, 58.08147112157757, 31.991579435849243, -0.0870944306005, 0.137041642488, 0.986729014665, 0.230120023397, 0.966471834049, -0.113916499341, -0.969257104689, 0.217144611295, -0.115710340054,  
1060, 84908.00708670529, 27.265910996965488, 61.708316572022504, 55.796580249959064, 5.887199558058218, 0.484273200877, -0.166889719902, -0.858852308784, 0.0155325009255, -0.979844152181, 0.19915867757, 0.874778948265, 0.10978733455, 0.471920049208,  
1062, 229762.66530239073, 37.99533550346481, 96.54201897127012, 56.598073213018374, 10.03859255895196, -0.625044290896, -0.02567399909, -0.780166956612, -0.0846432569344, -0.99133647075, 0.100436650762, -0.775986567844, 0.128813227316, 0.617456070498,  
1085, 1530242.2888128082, 71.48647186241826, 136.25868389351905, 66.57765476395944, 40.26974761512683, -0.847282574771, 0.163683226579, 0.5052920342, 0.530193671066, 0.203807410603, 0.82301713867, -0.0317318396985, -0.965230718906, 0.259466278405,  
1108, 1214439.7451608665, 66.18543906211717, 135.63334848452354, 67.53469555351623, 31.651473479695813, -0.869191541917, 0.306710567136, -0.387859112909, 0.490160137952, 0.431029201443, -0.757599410419, 0.0651851411221, 0.848612075987, 0.524984230112,  
1154, 2148485.563967981, 80.04753146747618, 128.8272096369355, 80.75527492585825, 49.30209003255374, -0.724828190531, -0.429705520532, 0.538495366587, -0.152565153536, 0.862351194994, 0.482777682189, -0.671824358101, 0.267775245528, -0.690614544985,  
1165, 2513119.713886575, 84.34153921827314, 120.65039774885145, 96.00564959853, 51.796333578610685, 0.559281608487, 0.59484159259, -0.577379911439, 0.785892109585, -0.60208104392, 0.140968112156, 0.263775803478, 0.532599189145, 0.804214168752,  
1177, 2174320.1418793686, 80.36709923706364, 105.40903298624224, 86.74374902076335, 56.769995826668726, -0.523045316442, 0.643949484322, -0.558348151774, -0.569384815522, -0.751473610071, -0.333299182748, -0.634211738146, 0.143584382885, 0.759709810513,  
1210, 954729.4315744385, 61.08443583637804, 127.43346566300431, 88.3131779386966, 20.2526890197749, -0.265735011937, -0.595711940819, 0.757965821786, -0.122176794227, 0.800704739722, 0.586468030449, 0.956272834699, -0.0632392548326, 0.28555745878,  
1213, 4650407.972546037, 103.54619591626233, 152.81585491635562, 108.30847288348934, 67.07668595071662, 0.635460093909, -0.189712394674, -0.748464879841, 0.69747012462, 0.556888318129, 0.451010893875, -0.331248991412, 0.808631317993, -0.48619903049,  
1255, 771393.3152654275, 56.893469720942406, 138.3405858103941, 96.89984688219863, 13.737716841341133, 0.329557469557, -0.436198412486, 0.837330770487, 0.591010908747, 0.786930361321, 0.177332208503, -0.736273033596, 0.436430465682, 0.517136798752,  
1257, 179094.19198501387, 34.967476971734236, 90.45750181896352, 60.19668896485698, 7.851916976868654, -0.807688781794, 0.587544089409, 0.0493028879976, 0.556002044996, 0.73115628061, 0.395312811943, -0.196215589913, -0.346702230056, 0.917222440823,  
1262, 1233826.9060429155, 66.53577335611575, 136.48303043862862, 53.05183541922465, 40.68052572560721, -0.545860352991, -0.158544310115, 0.822739434306, -0.0592318164831, 0.986779493172, 0.150856964613, -0.835779915377, 0.0336144847687, -0.548034669948,  
1337, 1641399.3201072114, 73.17710317552108, 97.16448214113153, 84.02089421522741, 47.998846457041694, -0.0297333773815, 0.51162570461, 0.858693813098, -0.638969437898, -0.670354109425, 0.377284276652, 0.768657260228, -0.537461167304, 0.346845080603,  
1354, 1172950.3868240777, 65.422983353841, 113.27344073976843, 83.27795356240243, 29.68471587206026, -0.262278274933, 0.870741408575, 0.415956134576, 0.954088734946, 0.298602037216, -0.0234842334129, 0.144654043658, -0.390699658003, 0.909081396185,  
1429, 765158.2649702847, 56.73976788247361, 118.26700416905042, 70.74028593116539, 21.83394729916618, -0.416311468068, -0.891732292998, 0.177477545567, -0.875843741992, 0.340910339116, -0.341581440212, -0.244095270681, 0.297646868468, 0.922943032111,  
1445, 437576.71823778935, 47.09648904582968, 100.50808657623092, 55.80989884473628, 18.62315924811241, 0.653961792048, -0.626081436547, 0.424683422507, -0.466342239335, 0.108412221633, 0.877936048931, -0.595700336036, -0.772184450123, -0.221070768386,  
1533, 1920573.4421961873, 77.11060370648339, 110.4097845309203, 71.80521012337982, 57.83340865984871, 0.204099843017, -0.747985570572, 0.631554305105, -0.891414587267, -0.408654020488, -0.195913055071, -0.404627344217, 0.522990896437, 0.750171470103,  
1551, 4276284.763054932, 100.69146728178032, 122.88945104494934, 98.04884296857736, 84.7268247746527, 0.177092763754, 0.167707167792, 0.969800215971, -0.825283749761, -0.511571139458, 0.239168772319, 0.536232118961, -0.84271541765, 0.0478104533536,  
1555, 1424612.1326216725, 69.8022373444479, 117.6116228696332, 64.1216448905011, 45.097569038357314, 0.865759336007, -0.430851772045, -0.254612495064, -0.423431127731, -0.359427320306, -0.831575661913, -0.266771160707, -0.827755248817, 0.493613609893,  
1556, 1049511.1075178862, 63.042410419672606, 123.84899004556566, 67.5980572288322, 29.927590043282052, 0.226714249836, -0.460840725453, -0.858036406387, 0.558059248085, 0.783486323423, -0.273347867444, 0.798229618937, -0.416863295066, 0.434803942805,  
1564, 1705085.3753996622, 74.11154038749973, 121.40771620218186, 69.28884551732635, 48.38914017724679, -0.0229269677896, 0.502862370047, -0.864062376764, -0.0947523315243, 0.859305982287, 0.502608420619, 0.99523683102, 0.0933952118511, 0.0279461014205,  
1614, 1454745.0326277136, 70.29095187503546, 122.28668525289115, 89.60591108943244, 31.694393138327964, 0.669391470887, 0.717652490218, 0.192067597441, 0.324131324884, -0.514755443312, 0.793703797276, -0.668471347877, 0.469043427481, 0.577186555807,  
1665, 1150185.5075632513, 64.9969673931912, 101.10873570991592, 61.216929428734645, 44.36281129913733, -0.37389879372, -0.601245018096, -0.706189861347, -0.920849165213, 0.331468541573, 0.205342204317, -0.110618746064, -0.727071546797, 0.677591660853,  
1698, 2597861.000394002, 85.27906569690631, 142.01501811261357, 75.2363676757042, 58.045052357798866, 0.819747467268, 0.549603765549, -0.161089387612, 0.475484967682, -0.496300442663, 0.726360734154, -0.319261860257, 0.672027954409, 0.668169359578,  
1702, 1148471.1141557165, 64.96465788565432, 125.69251816003903, 68.97473423444566, 31.625107052863022, 0.652494375686, -0.184904246656, -0.734888773398, -0.697658597778, -0.525178118562, -0.487299112178, 0.295843828132, -0.830661401145, 0.47167580604,  
1704, 908165.6401308255, 60.0747749360255, 140.71600748355135, 77.91668647947154, 19.774361876875066, -0.917281399264, -0.177466489943, -0.356511541905, 0.0593637081423, -0.946149369374, 0.318240979431, -0.393790280123, 0.270752683793, 0.878420286366,  
1712, 709169.3469153862, 55.32062975720233, 105.82887440799098, 82.38727435105392, 19.417666328593327, -0.0974030945837, 0.417297194163, 0.903535106628, 0.724159537789, -0.593053122002, 0.35196726881, 0.682719269535, 0.688586266366, -0.24442453391,  
1723, 1884920.163158105, 76.63046312647532, 107.35329382158477, 82.44761117317061, 50.84062722531078, -0.863626172465, -0.0256108960111, -0.503481793354, -0.48593329264, -0.223632658608, 0.844900745122, 0.134233637131, -0.974336962252, -0.180689829965,  
1788, 340244.2683403349, 43.3079276798651, 100.2666309708879, 45.09313110761685, 17.96533805707356, -0.840030337027, -0.542219425934, 0.0186313449339, 0.149779726661, -0.198765325407, 0.968534139252, -0.521454759645, 0.81638865717, 0.248182380698,  
1808, 176399.52894491467, 34.79121565780488, 135.29136502611345, 73.26256743938653, 4.248705207056083, -0.114494273379, -0.760646928152, 0.638989289469, -0.0884329655627, 0.648469471128, 0.756086605897, -0.989480000791, 0.030059868723, -0.141512304508,  
1818, 1294527.034408497, 67.60946589215091, 94.21185579386298, 80.47000586054318, 40.764575445329896, -0.632314763105, 0.653137589559, 0.41664052787, 0.768884615429, 0.59491417123, 0.234293783583, 0.0948392772808, -0.468495910307, 0.87836045762,  
1820, 2952598.177647511, 88.99629208156561, 124.86323398326623, 93.69036749035598, 60.25404626505285, -0.015820865733, -0.963355940851, 0.267759278896, 0.269934396739, -0.261964579896, -0.926558136512, 0.962748732362, 0.0576184875486, 0.264187411184,  
1824, 1411459.661902997, 69.58676073555678, 116.76297871618318, 71.79757753206663, 40.19434026588522, 0.786755518121, -0.230047343524, 0.572794879903, 0.25582442468, 0.966030366006, 0.0365950227761, -0.561755835255, 0.117743584506, 0.818881450434,  
1831, 892242.1727785348, 59.72159240618838, 143.4745576972522, 58.119855703083765, 25.544341729550688, -0.663411242205, -0.72504061667, 0.184936821357, -0.721407455873, 0.554152014939, -0.415315334354, -0.198637373941, 0.408939663663, 0.890680383278,  
1857, 1968759.7350568718, 77.75017402686477, 106.06099877197258, 79.97890764101687, 55.40805797000882, -0.758130132212, 0.351776897502, 0.549082614017, 0.652031464523, 0.421425103305, 0.630282358612, 0.00967842467246, -0.835855188827, 0.548864674949,  
1861, 1632197.658463009, 73.04010357725564, 97.1744320583521, 90.07916253016418, 44.515144785775334, 0.102881698567, -0.922360316803, 0.372379916332, -0.586098122593, -0.358688726244, -0.726520053652, 0.803681744718, -0.143505552691, -0.577496155446,  
1866, 1203294.9402578606, 65.98235728376133, 122.57601735735459, 82.00068525353196, 28.579886062260343, -0.820959221974, 0.570694644059, 0.0182641479178, 0.13890986373, 0.168595059285, 0.975848223723, 0.553832109592, 0.80366866881, -0.217684783937,  
1869, 325273.81168832345, 42.66320682554048, 80.84385832834315, 42.60283829796489, 22.546281422354227, -0.89422363545, -0.186120073403, -0.407091400155, -0.447458716491, 0.396130402996, 0.801786381063, -0.0120327403027, -0.899132927936, 0.437510218237,  
1892, 2142611.0704709277, 79.97450825733941, 124.4746612453641, 85.78424826745939, 47.903388223257096, 0.868748994512, -0.449701735522, 0.207469355818, 0.202111086353, 0.704370286854, 0.680451032603, -0.45213525997, -0.549209293499, 0.702810684769,  
1896, 2038353.4798688418, 78.65571741787575, 120.55688046017629, 91.8351196009903, 43.95315881255743, 0.5914171545, 0.779838414086, -0.20512873343, -0.608444379199, 0.598512978083, 0.52113112792, -0.529170281464, 0.183396463929, -0.828459142163,  
1906, 3814151.977499517, 96.92514547321129, 153.36031278515475, 82.56169368767463, 71.91472189302179, 0.627281263644, 0.681693076771, 0.376580357112, 0.605817423713, -0.730976543243, 0.314099573949, -0.489390912673, -0.0311101641099, 0.871509433272,  
1917, 1644921.6242410676, 73.22940973655747, 125.5687662416964, 59.0516224787517, 52.95941008016544, -0.154604425877, -0.878214977857, -0.45258802919, -0.388163818989, -0.367264953046, 0.84524866394, -0.908529757976, 0.306357482251, -0.284110492488,  
1941, 1482517.9407068326, 70.73544924894058, 137.91032753843552, 62.389202169696574, 41.13439617418671, -0.0490223758138, -0.824745357552, 0.56337545373, -0.181264851296, 0.56203336252, 0.807007777595, -0.982211718701, -0.0625587292863, -0.177049555311,  
1946, 1094349.8523521274, 63.92771646367329, 113.68437529183059, 59.84065124514086, 38.403471413517394, -0.582042770449, 0.581233384742, -0.568677382907, 0.804389575031, 0.513975091816, -0.297971502956, -0.119095024873, 0.630870317461, 0.766693561729,  
1953, 1274809.7008227927, 67.2644481392352, 79.10588649774208, 66.0650192907753, 58.23396785351359, 0.734126734148, 0.27551550467, 0.620603855044, 0.515847053494, -0.820634145474, -0.245889033272, -0.441542473167, -0.50065038297, 0.744573326424,  
1960, 865302.8257078102, 59.11438433870309, 84.03188807750554, 81.58570880579124, 30.131538010151342, -0.915366263531, -0.310825437594, 0.255914342961, -0.197133488777, 0.900218034424, 0.388260065033, 0.351059811415, -0.304950877752, 0.885303321448,  
1982, 30661.797144329605, 19.416442705437095, 69.13621620750439, 45.37813481382705, 2.3332256847461355, -0.121475862841, -0.758797080653, -0.63989890228, -0.980283801339, 0.192929382699, -0.0426839797187, -0.155843779408, -0.622097455134, 0.767272749898,  
1986, 122496.84257152524, 30.809082261630664, 118.75553985455288, 57.74821044682671, 4.264261963996959, 0.469365257251, -0.264297838611, -0.842521755085, 0.373528105075, -0.805148806087, 0.460664905084, -0.800108123946, -0.530925656343, -0.279186205663,  
2004, 953034.8254718961, 61.04827363195365, 103.73827921649107, 71.64131003257312, 30.613825540953204, -0.379781601932, 0.835834545917, 0.396417137225, 0.0846310884401, -0.395333985223, 0.914630318214, 0.921196783377, 0.380908981226, 0.0794029868292,  
2012, 2456550.531703819, 83.70390079552863, 108.22757993180936, 79.08354957083897, 68.51931168422966, -0.0847370542586, -0.00142528088219, -0.996402328485, -0.986446469754, -0.140896810426, 0.0840919206687, 0.140509764591, -0.990023261033, -0.0105332173752,  
2014, 1840811.5980013823, 76.02800201318986, 107.31942236295058, 83.08731275545824, 49.28419793464229, 0.640281249483, 0.665368626281, 0.383828754422, 0.719918964245, -0.345543131698, -0.601927428397, 0.267874236314, -0.661728445283, 0.700256280388,  
2018, 1416067.097816818, 69.66239598441803, 110.17417520763341, 82.64184835132463, 37.12918299024166, 0.709670639176, 0.481972826135, 0.513877202023, 0.144008031831, -0.813221373414, 0.563855198248, -0.689658807426, 0.326149034477, 0.64652728995,  
2035, 2520331.21790448, 84.42213605458572, 134.713555190795, 92.93777032467696, 48.05797451688743, 0.819349044726, 0.397094916288, 0.41350062922, -0.310995316154, -0.298055890921, 0.902465843796, 0.481610897133, -0.868031285926, -0.120717150467,  
2036, 818638.0833023736, 58.03203208233815, 147.2169061613178, 114.01013560942343, 11.643999716094802, 0.242560323648, 0.970136108866, 0.000647815781783, 0.299637576805, -0.0755525916133, 0.951056848178, -0.922703534164, 0.230494546951, 0.309015293906,  
2051, 1437195.193829692, 70.00714749661844, 147.3251321444897, 71.39573440497655, 32.61955577032246, 0.6893772788, 0.485390132302, 0.53773170535, 0.653835325574, -0.0973511992618, -0.75034799329, 0.311862685339, -0.868860842406, 0.384476920019,  
2059, 3046708.895908862, 89.93197210820333, 146.4099842646578, 79.08597183618534, 62.816278244065536, -0.72445667602, 0.682663632433, -0.095566152606, 0.645397130531, 0.720441526492, 0.253823857838, -0.242126141654, -0.122206267676, 0.962517823039,  
2079, 1436890.8462787338, 70.00220546133825, 106.84251071966887, 65.65281996874705, 48.90324734946504, 0.402280293608, 0.0803928798435, 0.911980016363, 0.776784724747, 0.497233438529, -0.386476906177, 0.484536950886, -0.863884189275, -0.137579252602,  
2121, 2881687.9791047904, 88.27806026868826, 122.28695559858603, 115.99394673526226, 48.50012821697961, -0.51593172269, 0.837023497861, 0.182225468998, -0.348851157076, -0.399582951833, 0.847724209169, -0.782379273581, -0.373798245894, -0.498154136425,  
2125, 2186779.749578615, 80.5203173848431, 151.9583994269726, 64.29426331808563, 53.43422306937791, 0.288212403397, -0.936763320799, 0.198514713144, -0.566724669184, 0.00023551825606, 0.82390721193, -0.771852809716, -0.349963462861, -0.5308190038,  
2135, 3444586.981774706, 93.68775858325719, 121.94292556572132, 88.24820252990901, 76.41631099238116, -0.158343848711, -0.918123459078, 0.363285754561, -0.953851997503, 0.0471661129909, -0.296549700125, -0.25513445952, 0.393477663504, 0.883222359256,  
2155, 2434018.3873450584, 83.44719607842347, 141.55340073528012, 75.8742307326875, 54.10291151104172, 0.0254600932248, -0.134955449333, 0.990524512745, -0.924801741898, -0.379423210086, -0.0279242874713, -0.379596525057, 0.915327839817, 0.134467184922,  
2163, 1713594.0062510585, 74.23461178660303, 103.73047111853964, 70.43546177774952, 55.99143634500748, -0.057136995784, 0.226796208662, 0.972264801095, 0.990427057337, -0.109695304228, 0.0837925075706, -0.125656706178, -0.967745018053, 0.218357441425,  
2165, 3144673.2319198106, 90.88571709765262, 131.18531924786797, 85.67717199201473, 66.79386201774038, 0.58985920524, 0.0816161095796, -0.803370978223, 0.678441883065, 0.489457627216, 0.547857501969, -0.43793005069, 0.868199309961, -0.233339299917,  
2173, 2242696.165508101, 81.2008565438809, 134.88290774834184, 97.67658574931086, 40.638197897764016, 0.483038514209, -0.874861441045, -0.0359340056786, -0.274076957008, -0.190048653328, 0.942742452107, -0.831598229573, -0.445532230418, -0.331580180696,  
2184, 1516552.4766482408, 71.27265619829828, 115.47154139020085, 83.96163592640063, 37.3433244841576, 0.636485726136, -0.342504642714, -0.691069092164, -0.214623957699, -0.939254886663, 0.267837291395, -0.740825537631, -0.0221546292959, -0.671332030514,  
2187, 518047.59169612196, 49.82267216867629, 134.2384634043611, 96.45247995747438, 9.55192005509113, -0.853842525803, 0.19439948613, 0.482868285274, 0.205087963145, -0.726971686865, 0.655325181776, -0.478426450464, -0.658574981524, -0.580850346653,  
2200, 515498.5929302338, 49.740822034640516, 117.26333853740286, 78.21478884176491, 13.417998628753569, -0.317215382296, -0.902328511032, -0.291852119084, -0.94823227346, 0.306702769322, 0.082395187104, -0.0151643266599, -0.30288061917, 0.952907851646,  
2220, 1149897.4175519035, 64.99154028584397, 133.2788414575993, 77.23408572171621, 26.668603259895974, 0.223352627008, -0.577712622465, -0.785087084248, 0.793680500515, 0.575354422445, -0.19758175947, -0.565848802341, 0.578977904948, -0.587026165066,  
2231, 877007.5508685724, 59.379733085393475, 108.50635358597272, 58.43419643809601, 33.02117159798937, -0.0389550733368, 0.332280407184, 0.942375845012, -0.99515340474, -0.0981168587378, -0.00654087657548, -0.0902895525312, 0.938063331035, -0.334492127965,  
2233, 1139953.7160030059, 64.80366024871334, 110.65678813421049, 75.06578470642592, 32.762612102972, 0.302354896797, 0.754165456202, 0.582937373183, -0.311793495064, -0.499667920931, 0.808156411363, 0.90075875395, -0.426106129342, 0.0840668407799,  
2236, 2489003.9692552714, 84.0708928932827, 104.507029815132, 97.04117393967614, 58.59161019626229, -0.23923401359, 0.962410507764, -0.128581107816, 0.886600565903, 0.270514783325, 0.37518154078, 0.395861747687, -0.0242438971289, -0.917990038165,  
2243, 1041658.2975255655, 62.88478148083742, 86.49586480269309, 82.07480005067927, 35.02930250057593, -0.517002031689, -0.646427064144, 0.561106897098, 0.744959817324, -0.0169341717048, 0.666894372746, -0.421596690929, 0.762787837193, 0.490317188795,  
2257, 1464080.1877675585, 70.44098466142617, 124.84899893858638, 107.02639749662808, 26.15774384927171, -0.962062333991, -0.271487112227, 0.0270335608169, -0.228448305995, 0.855768747651, 0.464188778443, 0.149155747473, -0.440402768427, 0.885323649609,  
2258, 2513288.3335838127, 84.34342549620226, 139.55344959427788, 79.26617336685352, 54.24069392099989, -0.32202133752, -0.817526284405, 0.477444271606, -0.919220694905, 0.149300786662, -0.364338563922, -0.226573547091, 0.556201446788, 0.799565118267,  
2260, 1155115.0071150989, 65.0896903716572, 131.03414407416508, 81.60230008185614, 25.789904890997807, -0.129479496775, -0.99154961361, 0.00802643542598, -0.99017225595, 0.129722660281, 0.0522583482031, 0.0528579555247, 0.00118116904536, 0.998601342567,  
2276, 1200518.1815538392, 65.93156391850665, 128.0855750746919, 64.44205957952715, 34.72246092338161, 0.0234114814652, 0.36098214715, 0.93227881665, -0.264295392635, -0.897121808348, 0.354006223701, 0.964157584613, -0.254684806037, 0.0744029677273,  
2289, 3076212.9501851606, 90.22133774842732, 140.87389463970075, 82.39578185185668, 63.26919172491677, -0.141733867257, -0.979205004412, 0.145151886677, -0.972477547488, 0.110340470301, -0.205213060614, -0.184929528483, 0.170242591461, 0.967893862749,  
2293, 2868761.039365815, 88.14586045847898, 130.3361879217469, 83.50931591575382, 62.92247894960304, -0.662636951585, 0.738177447079, -0.126516113673, 0.747247798803, 0.662989479654, -0.0454497200322, -0.0503288940679, 0.124655551388, 0.990922800187,  
2297, 1244438.7777715486, 66.7259822252378, 108.8101505530587, 79.09307933809671, 34.520496292450616, -0.965158967158, 0.0378137884367, 0.25891752648, 0.257234529662, -0.0441849240064, 0.965338328898, -0.0479433505702, -0.998307472623, -0.0329184635348,  
2311, 1641612.735121149, 73.18027453780651, 125.11980210197754, 78.48603598745473, 39.90833960817265, 0.346654190128, 0.865989281771, -0.360407320022, -0.539066952052, 0.498371322801, 0.678993995419, 0.767618195246, -0.0410924380823, 0.639588709922,  
2317, 1585453.938654186, 72.33608610301826, 135.89173071901345, 100.00739757459547, 27.850940405017813, -0.268093021138, -0.224118452377, -0.936961606109, -0.0789344643668, -0.964184230902, 0.253215558795, 0.960153884725, -0.141843886667, -0.240800393402,  
2319, 2418508.5407647495, 83.26957320418137, 113.99068693419592, 89.97443506187778, 56.295089875291154, 0.628748237821, 0.227372241183, 0.743624580938, -0.254969197288, -0.843147933024, 0.473383852145, 0.734619875766, -0.487240625334, -0.472154859292,  
2325, 1800418.0444134343, 75.46778135564288, 102.52295766994091, 72.06529885663261, 58.17513892043028, -0.272254076749, -0.237228323064, 0.9325236943, 0.0669878439515, 0.962108057023, 0.264311776836, -0.959890799235, 0.134427710491, -0.246046426911,  
2351, 1707257.1414316967, 74.14299230997061, 126.97669708670878, 85.37810126967844, 37.595841538588004, 0.353145085195, 0.845424923537, 0.400680979665, 0.88503057478, -0.163024944724, -0.436054754706, 0.303330563094, -0.508605511236, 0.805798364005,  
2360, 461071.43667659373, 47.924751511600654, 111.72249202315635, 87.74941968003536, 11.227801913270033, 0.061596035062, 0.993094043258, -0.0998506370056, -0.39716566077, 0.116166614417, 0.910365177058, 0.915677544974, -0.0164176411407, 0.401578254752,  
2373, 2385829.7934891856, 82.89282666573837, 104.45444225876912, 95.84285801009547, 56.89369995381788, -0.00911281512371, 0.10878436351, 0.994023600754, -0.947676028988, -0.318162381478, 0.0261312665946, 0.319103589266, -0.941774209281, 0.105991688589,  
2385, 2780248.873370028, 87.22982905316107, 120.65928050182664, 109.34653775459056, 50.30710157888768, -0.00242539458821, -0.457969152018, 0.888964776165, 0.906352514923, -0.376610231325, -0.191545953633, 0.422515367949, 0.805250886036, 0.415994921105,  
2390, 725653.3692299987, 55.74597755250093, 98.96270972007358, 91.44258108614015, 19.14346516545206, 0.929311695329, -0.329888350155, -0.165992317162, -0.291025355521, -0.930902505583, 0.220736874001, 0.227341187136, 0.156825385484, 0.961104460035,  
2391, 2348818.2336450354, 82.46194993259495, 108.49550436985102, 83.22830795754619, 62.09805415913228, -0.112610727439, -0.554514284759, 0.824519697802, 0.962401203566, -0.267298868218, -0.0483243046968, 0.247189699301, 0.788076914424, 0.56376593504,  
2407, 2595706.380552322, 85.25548286107619, 116.80460910705017, 101.6662193030042, 52.183151196086065, -0.830035619599, -0.0984070976149, -0.548959846743, -0.434512940972, 0.731167807777, 0.525920280079, -0.349627479361, -0.675062723019, 0.649654481756,  
2410, 988035.3714283686, 61.78664698680926, 121.56070419047545, 55.796969847976094, 34.776034777819454, 0.753030366893, 0.657969640631, 0.00460635911453, 0.515588126628, -0.594398662981, 0.617137839649, -0.408795976273, 0.462348549748, 0.786841577656,  
2413, 819965.5223049251, 58.06338186698261, 98.21650262634324, 57.30535314035106, 34.779819503870584, -0.0205269723675, 0.9740690517, -0.225317833128, 0.126621310139, 0.226083434647, 0.965843322903, 0.991738719232, -0.00870420002779, -0.127978707908,  
2432, 659694.4321112852, 54.00302277329907, 127.41470312518558, 84.47981408216933, 14.63125950647084, 0.561974146091, -0.632867914073, 0.532600471706, -0.782325322809, -0.615770318829, 0.0937763495883, -0.268611519517, 0.469366719939, 0.841155594285,  
2435, 1447409.1648751309, 70.1726002503353, 134.80894338264727, 104.13811639133202, 24.613551688539495, 0.909943939154, 0.361936198909, 0.202494976521, -0.343973726165, 0.38585087257, 0.856038071493, -0.231698302336, 0.848599606443, -0.475599205885,  
2446, 490909.8017387954, 48.93704010657707, 113.78360341107141, 61.64227080598474, 16.709166315794786, -0.862542272556, -0.342988869953, -0.371993902023, -0.494813146772, 0.725413813269, 0.478471262774, -0.105739197255, -0.596769163586, 0.79541548109,  
2454, 1923511.5366474304, 77.14990495550104, 115.61616312742208, 106.62757880700387, 37.2492974186749, -0.178462188783, -0.0884687436537, 0.979961493412, 0.659265824244, -0.750085797277, 0.0523437647417, 0.730424410982, 0.655396504507, 0.192186372362,  
2456, 311641.9970741296, 42.058694668138145, 81.43504984375963, 68.62796353067999, 13.312355021243269, -0.380567053079, -0.757821464043, -0.529976741703, 0.118290616919, -0.608285639653, 0.784854069583, 0.9171565014, -0.23599832463, -0.321136641809,  
