# Void_ID, Void_Volume, r = (a*b*c)**(1/3.0), a, b, c, vector_a, vector_b, vector_c 

22, 1977526.9500298917, 77.86541462500547, 97.85949162403757, 80.58491501168625, 59.86556615473366, 0.931407749831, 0.339841728672, 0.130334964639, 0.253528215526, -0.862679973263, 0.437614793697, 0.261157131793, -0.374554219285, -0.889666279753,  
24, 1451828.6252908707, 70.24394840580091, 99.37002096559694, 84.35948615011644, 41.346374934373195, 0.893208483353, 0.335748342974, 0.299084696126, -0.232400603927, -0.224703837809, 0.946307637382, -0.384926700245, 0.914757473576, 0.122679256498,  
28, 415914.4562489051, 46.30612809480676, 99.17789555531671, 60.13761675622891, 16.64770243262513, -0.227748245665, 0.845848605121, 0.482359693393, 0.964776568164, 0.129035916548, 0.229250748664, -0.131669700838, -0.517580785438, 0.845442618057,  
34, 2543814.28676642, 84.68352567414374, 101.10509389844239, 88.94843644988734, 67.52824105495094, 0.345418308444, -0.909856104058, 0.229887063795, -0.874491199931, -0.223184655118, 0.430643415093, -0.340516274846, -0.349786334251, -0.872753222244,  
36, 756462.1978988595, 56.52399816803487, 88.78671172062465, 63.748579922500944, 31.90657108970487, 0.191769333268, -0.657637094386, -0.728517655864, -0.348258889195, -0.739587372807, 0.575956824841, -0.917573031924, 0.1432618933, -0.37085814136,  
39, 2331084.62784399, 82.25389587729391, 151.78561028858252, 82.49635800639098, 44.44307029203189, 0.825279895766, 0.36562885949, 0.430381959139, -0.21067006365, -0.507764900267, 0.835340008822, 0.52395726727, -0.780057910136, -0.342021108865,  
40, 552805.5791989819, 50.91291182910115, 102.17322830148987, 65.35960889143128, 19.76228907770877, -0.829262445454, -0.486797611808, 0.27450297211, -0.525170680405, 0.510831072325, -0.68062278245, -0.19110089744, 0.708575825642, 0.679264857263,  
45, 1849751.484140783, 76.15087976119555, 123.83082274773318, 82.80677877614647, 43.065562686588926, 0.0470160221118, -0.447809055894, 0.892892234888, -0.218109084036, -0.876914046741, -0.428310847503, 0.974791219249, -0.174610435217, -0.138900233216,  
59, 952347.1187878316, 61.03358602310243, 113.68167263775119, 72.73126537012485, 27.49761737871935, 0.505728256574, -0.858558943935, 0.0843532470663, -0.484896046411, -0.202022079796, 0.850918858323, -0.713522777967, -0.47123626671, -0.51848011173,  
62, 1293587.725249273, 67.59310945331124, 115.96828469216373, 65.30062927509941, 40.7803244514782, -0.394704907313, -0.775049420923, -0.493463708159, -0.918192135157, 0.313065466554, 0.242720449464, 0.0336338977806, -0.548897448325, 0.835212758608,  
63, 1908695.5534188016, 76.9513099879645, 124.57024762613865, 79.44845430548517, 46.041373652395535, -0.915349178521, -0.385853061967, -0.115122960144, -0.0162862657178, -0.250194112035, 0.968058708887, -0.402331503776, 0.887986667059, 0.222730869427,  
66, 481294.25224925793, 48.61541775043195, 125.48863952193271, 40.542824889060356, 22.58414478583477, -0.232070877457, -0.918754386109, 0.31942680827, -0.134117744843, 0.355479525873, 0.925011749765, -0.963408292654, 0.171827485258, -0.205717711817,  
67, 1336661.5327070192, 68.33517015864933, 121.15194024800165, 83.82206314239059, 31.422744973165297, 0.802217275232, -0.573387781398, -0.166354727807, -0.535750469936, -0.568401047905, -0.624413070574, -0.263474623603, -0.590039575693, 0.763173913229,  
71, 919751.4008630998, 60.32916062243967, 118.91233464299806, 107.52314161411034, 17.17326998865119, -0.70196664942, -0.0849077492623, 0.7071304669, 0.711986883371, -0.108500654206, 0.693759530345, -0.0178185580168, -0.990463670284, -0.136617044464,  
80, 1008821.1943253415, 62.21692309268426, 126.70949839744681, 83.33974478762916, 22.80679456335933, 0.740199982336, -0.0221221589334, 0.672022764669, -0.238240266499, -0.943246733998, 0.231359404867, 0.628765108421, -0.331355109944, -0.703461604884,  
88, 1993207.8215592373, 78.07068521833652, 105.49147238703901, 84.53140471716226, 53.36156195680147, -0.765759865351, 0.256612861181, 0.589713208342, 0.64265246682, 0.270116020988, 0.716962441203, -0.0246907980346, -0.928001710495, 0.371756896117,  
111, 952193.8296925133, 61.03031120694472, 135.95963849808194, 66.81957850924384, 25.022057662656067, 0.117844112964, -0.981291105523, -0.152251539439, 0.248292535717, -0.119333190315, 0.961306614144, -0.961490292071, -0.151087246025, 0.229584542907,  
146, 2065878.717237728, 79.00818237713439, 124.77860716271643, 71.92761535880865, 54.95160941484105, -0.0224541715763, -0.258283477789, 0.965808187623, 0.0112475692429, 0.965925352102, 0.258576306636, -0.999684601444, 0.0166691112204, -0.0187839922853,  
148, 1886464.4066410332, 76.65138422332973, 104.9840027681319, 93.66298893102413, 45.80035731504649, 0.3691996865, -0.632532713131, 0.68087734454, 0.731860491527, 0.64942383874, 0.206467669667, -0.57277553407, 0.422079429132, 0.702692780007,  
165, 1903611.5695826958, 76.88292697115261, 149.87608055731954, 97.04588565718419, 31.244981457904743, 0.489208138393, 0.186486384801, 0.851996611269, -0.564779585754, -0.676656228705, 0.47239852632, 0.66460470721, -0.712291496817, -0.22570203082,  
171, 490413.1972785946, 48.92053296571103, 71.728832524992, 48.47322794465626, 33.67269184184747, 0.0389464773278, -0.996552319562, -0.0732573974442, 0.75594114613, 0.0773292825432, -0.650056278832, 0.653480034501, -0.0300608788611, 0.756346605777,  
181, 1720235.6060654158, 74.33039506912516, 107.00950923124539, 70.20710633817806, 54.66330392779051, 0.672548438759, -0.589116172137, 0.447907058718, -0.460876486707, 0.140130512497, 0.876331160845, -0.579026304691, -0.795804985655, -0.177265234275,  
185, 1740381.4916167767, 74.61943372427022, 122.44181884837018, 97.251781950734, 34.89221234033243, -0.522973280423, 0.839517029482, -0.147343493825, -0.60501360307, -0.487392906564, -0.629608366155, -0.60038111901, -0.240123534542, 0.762812690046,  
192, 1615459.8512471686, 72.7895754907221, 133.8385204006814, 76.79116085825306, 37.52452470132332, -0.456876928487, -0.663528848442, -0.59244657101, -0.227828434884, -0.556520260913, 0.798986485149, -0.859859102687, 0.500014666263, 0.103090528406,  
208, 183809.63277085565, 35.27171305220878, 113.5354497728385, 34.201156666473445, 11.300752914509035, 0.166012089553, -0.907532319982, 0.385778530131, -0.834095481066, -0.337916287933, -0.436001503225, -0.526046304604, 0.249394608076, 0.813066796072,  
217, 1658863.0159346957, 73.43571118671878, 101.72267025934927, 63.466319998906194, 61.34241167596069, -0.494993701162, 0.810624686393, -0.312839980853, 0.365502249097, 0.520894497654, 0.771412359389, 0.788282526582, 0.267500542287, -0.554124641359,  
222, 2873898.0261249114, 88.19844228817945, 112.5251580122778, 85.75696146393626, 71.09903865931813, 0.565776074287, -0.703001241087, 0.430913783481, 0.540957893196, 0.710872754362, 0.449471339347, -0.62230377755, -0.0211939174195, 0.782488866574,  
266, 1714846.342394093, 74.25269153571863, 134.18643635078087, 91.64228375077397, 33.29140157914968, -0.308526803941, -0.922760976366, 0.230918582506, 0.740621010274, -0.0806980425024, 0.667059476416, -0.596901776166, 0.376828882164, 0.708313675695,  
309, 1589577.9990115315, 72.3987516674263, 108.85141633155082, 83.4465667769193, 41.7782915488413, -0.265923362106, 0.215893048759, 0.939507826994, 0.124900601847, 0.974100348852, -0.188489654956, 0.955868508292, -0.0672212902638, 0.28600121152,  
317, 176094.7331529636, 34.77116585072174, 104.04641672728464, 78.15182630720524, 5.170011367989863, -0.390579678888, 0.488094660932, 0.780519773234, -0.86491939977, 0.0957525091732, -0.492692489174, -0.315217300194, -0.867522367987, 0.384763556878,  
322, 1333707.7124023503, 68.28479622905387, 128.93088877394217, 62.09579222547791, 39.769753996445324, -0.513034730813, 0.396771042068, -0.761162338241, 0.835863362474, 0.0292061371985, -0.548160050373, 0.195263422725, 0.917452855315, 0.346630140091,  
336, 503594.3795898135, 49.354954407752324, 103.88329709316625, 78.0741867785816, 14.823101105735537, -0.0357847561099, 0.990131605675, 0.135494851097, -0.730599849891, -0.118427524699, 0.672457270563, 0.681867516875, -0.074928798451, 0.727627902566,  
356, 728732.7861735914, 55.82472169179791, 107.90834118056796, 62.28533597462233, 25.884445865035808, 0.804633354176, -0.526122117112, 0.275246586234, -0.228876823511, 0.152914892693, 0.961370082357, -0.547887365256, -0.836547998311, 0.00262326406774,  
364, 3716021.3578714896, 96.08668211039227, 139.09202845175338, 94.0158526649906, 67.84006607528947, -0.448546473251, 0.269217116296, 0.852248910605, 0.882013380537, -0.0207521418982, 0.470767187855, -0.144424575086, -0.962855904536, 0.228144798781,  
377, 3310355.1930016116, 92.4546293604187, 146.56010054215153, 82.83244733287839, 65.09831364385788, -0.997718349421, 0.0488198097774, 0.0466339082924, 0.0495242971656, 0.05977284943, 0.996982723251, 0.0458850653218, 0.997017468575, -0.0620542354405,  
384, 920655.6626186192, 60.3489251965759, 129.17599885301982, 92.71568709630786, 18.351584588240854, 0.603915693007, -0.780022838418, 0.163860328589, -0.736083704203, -0.62466588831, -0.260716912356, -0.305723103717, -0.0368361171644, 0.951407633103,  
434, 3037326.352318112, 89.83956000799834, 134.2702588034758, 102.22231476924854, 52.829598701263684, 0.217806142182, 0.620399082493, 0.753435772226, -0.270317434905, -0.70342309247, 0.657361724902, -0.937810731872, 0.346844246633, -0.0144948185041,  
488, 1172096.1403595242, 65.40709722437764, 117.7154139918542, 77.3558050534218, 30.728996782349455, 0.336775744424, 0.808626049734, 0.482396112815, -0.422049391425, -0.328336459016, 0.845026319636, 0.841698526294, -0.488179353693, 0.230704376774,  
529, 887659.4047351227, 59.61916874642852, 149.24474533611954, 53.882185358437766, 26.351994952497485, -0.737105690064, -0.441889983031, -0.511281179559, -0.093816501426, -0.682342042565, 0.724988138529, -0.669233640619, 0.58235949365, 0.461501629921,  
551, 1915979.9877788036, 77.04907923403876, 109.23898857892497, 73.45663671404226, 57.00246662805393, 0.0217812622194, 0.883720014035, 0.467508837787, 0.808166771244, -0.290846714164, 0.512127580507, 0.588550801947, 0.366670322842, -0.720528158974,  
589, 778436.8221189238, 57.06610799045812, 131.6162124305989, 89.01180225627039, 15.862724386925256, -0.0537371885204, -0.983876918249, 0.170582895704, -0.985307259029, 0.0245103546157, -0.169023216809, 0.162116994402, -0.177159397869, -0.970738187089,  
616, 2154836.2916819267, 80.12632495458294, 123.15901910771815, 70.82128080727414, 58.97876495101804, 0.19443070647, -0.139410048487, 0.97095908192, -0.641203807347, -0.767153560384, 0.0182508146163, 0.742330369731, -0.626131178885, -0.238548462589,  
669, 422651.95988977724, 46.55483152039346, 114.97992592736051, 91.5819579859847, 9.582135966630657, 0.915097211565, -0.394406948977, 0.083906209448, -0.079896346995, 0.0266101907077, 0.996447927133, 0.39523874699, 0.918550519214, 0.00716076313689,  
676, 1027711.3420520634, 62.602860828573725, 125.943464048136, 84.9231840893199, 22.939325123692754, 0.856686709245, -0.454478790025, -0.244001868067, 0.193516660025, -0.155315485296, 0.968725142814, -0.478162299325, -0.877112381309, -0.0451074944955,  
704, 1345286.9801385137, 68.48184356552282, 128.05143065514764, 69.74086340505227, 35.962889205800955, -0.0721127405513, -0.0794502271465, -0.994227043515, -0.996983370851, -0.0229453734361, 0.0741462614283, 0.0287038481062, -0.996574719348, 0.0775559015139,  
731, 1625672.3322759352, 72.94263844979153, 132.44597276119677, 84.27310016658475, 34.77095965360603, -0.332867640687, 0.69867347448, -0.633288646543, 0.942200352031, 0.219236931542, -0.253364686729, 0.0381789263394, 0.681021691215, 0.731267273764,  
738, 2976547.253374038, 89.23626627466633, 114.4777047685335, 91.68796108243123, 67.70035462161806, 0.908827577523, -0.412290423311, 0.0636320766502, -0.353925488887, -0.681274476241, 0.640782206634, 0.220837457532, 0.604881554412, 0.765081121504,  
749, 1147339.629514669, 64.94331627630521, 116.40886860562185, 95.69861312878179, 24.58734714153305, 0.157141848096, -0.986642053693, -0.0429406271707, 0.615632859371, 0.13186464694, -0.776922066458, 0.772206333851, 0.0956513082613, 0.62813072301,  
774, 1127961.2859280775, 64.57561161895012, 118.23173337128323, 65.1693832551045, 34.94844982848266, -0.349366487892, -0.930138927341, -0.113069151331, -0.149130482115, -0.0639362583445, 0.986748323623, -0.925042245761, 0.361598853308, -0.116374880642,  
776, 907542.6674116893, 60.061035332828894, 115.9626116240922, 65.27556933525064, 28.62264649359098, 0.483547717633, -0.850794149459, -0.205744793418, 0.440958664529, 0.0337254036526, 0.896893557411, -0.756132965125, -0.524415781985, 0.391472893897,  
789, 1868313.1933359278, 76.40474966273123, 123.14555743551787, 79.29433257094882, 45.67727367413116, 0.696611486366, -0.0727734695249, 0.713748176318, -0.219361626033, 0.925595922733, 0.308468255813, -0.683090707071, -0.371451490714, 0.628817044902,  
796, 1064578.8868374338, 63.342676929049645, 135.8560243772537, 54.01589238436656, 34.63289392224924, -0.832711320344, 0.228190014319, -0.504500916091, -0.225602925632, 0.692253358561, 0.685484213901, 0.505663106146, 0.684627347487, -0.524966873389,  
893, 1269289.1622373634, 67.16721184963436, 127.14650467631856, 69.71087384618352, 34.18747374007372, -0.975694140841, -0.110236910886, -0.189390514564, -0.219082124739, 0.471393522473, 0.854278157037, 0.00489552328537, -0.875006268805, 0.484086834569,  
914, 1826856.6686460224, 75.83539534702776, 133.51904777096587, 80.9673695129079, 40.34248155585144, 0.550325176369, -0.445906257092, 0.705910624754, 0.272039561483, 0.895076440004, 0.353316633543, -0.789390066597, -0.00240342186458, 0.613887242351,  
919, 985616.9262068318, 61.736193426437794, 124.36504903292791, 48.50669812806582, 39.004928431126515, -0.221311903557, 0.79717984357, -0.561716421649, 0.94761714781, 0.0397622213385, -0.316923818812, 0.230310187617, 0.602431126985, 0.764221142549,  
922, 1300410.2346192168, 67.71173206538205, 134.15916593930052, 61.96195065414977, 37.34619309918347, 0.194855896068, -0.448060282374, 0.872509692282, -0.763265467102, 0.489410459522, 0.42178576178, 0.616000816962, 0.748143960391, 0.246624427081,  
954, 1701834.2415400634, 74.06440690392662, 111.9401008450006, 86.96690507869351, 41.733896964069956, 0.376642460407, -0.806787791899, -0.45522951998, -0.117298867988, -0.528998625319, 0.840476906273, 0.918902297629, 0.263161382526, 0.293878638489,  
962, 916331.3942878153, 60.2542916995263, 106.77740740565075, 61.7375401760874, 33.18449883928217, -0.178639694543, 0.754316694412, 0.631739015785, -0.161948713251, -0.655851906607, 0.737313292214, 0.97049496331, 0.0294041005869, 0.239321802306,  
1019, 1520176.9907843682, 71.32939084863759, 134.15392567955922, 74.47753463688288, 36.32259494242316, -0.0681310104586, -0.182338445334, 0.980872497712, -0.9127992226, -0.385432793327, -0.135052364101, 0.4026856648, -0.904540907412, -0.140178465477,  
1021, 2320992.5693969284, 82.13502246405066, 130.03968505591473, 113.70645018244429, 37.473489000238985, 0.117704384693, -0.378132964146, -0.918238062406, 0.100061470628, -0.915443594314, 0.389808578311, 0.987994625451, 0.13776242977, 0.0699151845046,  
1025, 2394591.6942477054, 82.99417664855717, 103.0525181649379, 86.9435252018334, 63.80386814729066, -0.934511350231, -0.218298424753, 0.281130457331, 0.0602154791049, 0.681492309495, 0.729343765432, -0.350802839733, 0.698508432196, -0.623717354084,  
1033, 4406217.427275911, 101.701128390113, 126.72159201013706, 98.50688882751437, 84.26749644058356, -0.36214980864, -0.642271027372, 0.675526049461, 0.233071055472, 0.639303764755, 0.732781399512, -0.902510608914, 0.422822212955, -0.0818289498205,  
1046, 825987.2281687204, 58.20517164129395, 126.19369716658208, 72.57379769669484, 21.531149116390555, -0.33756821274, -0.204049981106, 0.918918552951, -0.932631565244, -0.0596864156328, -0.355859375737, -0.12746005358, 0.977139261825, 0.170155216617,  
1062, 1057613.7472084395, 63.20423211335052, 110.15915564147056, 57.141030657756254, 40.11158376664525, -0.549988720408, 0.461752277441, -0.695914679902, 0.834601956477, 0.273088198842, -0.4783956625, 0.0308542001946, 0.843923971654, 0.535574783199,  
1086, 1538049.988441151, 71.60784660985772, 87.85985578286692, 78.53402726598208, 53.21492893856565, -0.362007982753, -0.509645239228, 0.780520307587, 0.13234987913, 0.80072806491, 0.584224336672, 0.922731667343, -0.314795641961, 0.222418465701,  
1090, 908020.5964544852, 60.07157657303026, 112.9402374873777, 70.7197487718768, 27.140490017985734, 0.82782268913, 0.560985395376, -0.00223193551774, 0.464403471083, -0.687521834997, -0.558250071606, 0.314704641542, -0.461095556882, 0.829669739122,  
1135, 806692.341357675, 57.74837591151609, 129.3925717069666, 60.97822474974435, 24.408169086753517, -0.974728358029, 0.1471975042, -0.168040241641, 0.222808746991, 0.586195281134, -0.778929621109, 0.0161520994843, 0.796685626288, 0.604178055335,  
1154, 2229492.637389632, 81.04119028542439, 97.03939502489771, 90.4751277597965, 60.62338019718578, 0.352522439831, 0.896405295812, 0.268673547368, 0.928532249371, -0.299336662621, -0.219602878599, -0.116429340348, 0.326886995841, -0.937864116307,  
1161, 3114865.1741866707, 90.59763926818373, 147.7428634870304, 77.5735119081703, 64.88296359252573, -0.375342473614, 0.88264547673, 0.282939905119, -0.0333155609735, -0.317908458848, 0.947535901795, 0.926287266942, 0.346224167557, 0.148730376525,  
1171, 1190203.5721180346, 65.7421969898149, 135.27425010098628, 87.06546207923816, 24.125237403994685, 0.619928304926, 0.783454985222, -0.0434417182258, 0.658834052, -0.489650822564, 0.571121496607, -0.426176710622, 0.382675264543, 0.819715226912,  
1183, 1180866.737450829, 65.56983539649829, 120.86330943992289, 70.89837036227243, 32.89891276383923, 0.501893437435, 0.529398700087, 0.683988299466, 0.814751618585, -0.554807248944, -0.168430153275, -0.290314962537, -0.641814562678, 0.709782565059,  
1221, 652012.2673225893, 53.79258141691371, 123.27632285403958, 93.84445526313887, 13.45485024325493, 0.498950584991, 0.86281698981, -0.0812105647862, 0.537207294036, -0.38146139852, -0.752260277214, -0.680041643557, 0.331713797626, -0.653841968286,  
1263, 1854541.3295465424, 76.21655282802509, 140.6302427185783, 71.7167027035527, 43.8984177163646, 0.292804267349, 0.650801520164, 0.700516268458, -0.317542406389, -0.624861040837, 0.713242945839, 0.90190491803, -0.431284199799, 0.0236951015375,  
1280, 3440857.7036120123, 93.65393605939508, 120.96359866414903, 116.38122295175417, 58.34995001718377, 0.0843083831093, -0.509542788611, 0.856304994212, -0.861700831485, -0.468813739973, -0.194127159952, 0.50036364132, -0.721512178544, -0.47859837302,  
1283, 1947097.4375120036, 77.46395953334265, 134.82277844149357, 67.13919974178658, 51.35226958664983, -0.0626831040963, 0.875109140114, -0.479848748409, 0.997558766186, 0.0401090561307, -0.057164426192, 0.0307788314658, 0.482260569096, 0.875486954231,  
1294, 3578858.7536671697, 94.88960739041534, 138.39040224034935, 97.95194996802121, 63.02848837276394, 0.762856426834, 0.458486320318, 0.455895126229, 0.502537059497, -0.864098667247, 0.0281068869585, -0.406824994156, -0.207662676819, 0.88958958896,  
1313, 1497666.9436296087, 70.97556825025748, 111.36776424456126, 66.27698699546659, 48.440027046574144, 0.578249423351, -0.701325496928, -0.416857471749, -0.579460973812, -0.712723015733, 0.395285824023, 0.574327941357, -0.0129788367199, 0.818522428265,  
1342, 509649.460811018, 49.551977018496785, 108.960398180104, 51.12125268647301, 21.8430254012445, 0.230176785102, -0.879778376206, 0.415943092694, -0.743026981038, 0.117132347408, 0.658931649445, 0.628434207415, 0.460727709119, 0.626737923697,  
1352, 2494606.277136447, 84.13392186663279, 124.29121709412206, 98.87982943537958, 48.457973951347114, 0.758852394841, -0.156192799249, -0.632255369535, 0.295125893543, 0.94788608969, 0.12005277145, -0.580554691484, 0.277697264003, -0.765402168641,  
1353, 1597382.713326555, 72.51704916538331, 116.80559245278162, 82.03147288718935, 39.7993725141262, -0.0562000527772, -0.0158137570788, 0.998294284845, -0.969331210797, -0.238730264342, -0.0583512181702, 0.239245810502, -0.970957149402, -0.00191211484085,  
1361, 110042.5800855111, 29.727431361961052, 118.84011497095857, 57.36388627975078, 3.853634537873054, 0.229442736617, -0.86661209769, -0.4431021358, -0.670065723481, -0.470829517797, 0.573874107612, -0.705951809141, 0.165236307476, -0.688715475259,  
1370, 1133446.329768303, 64.68011504980606, 106.8737838607226, 69.59292567189864, 36.38112050864529, 0.661957636566, 0.162024516595, 0.731819747899, -0.674170707586, 0.555405567795, 0.486845470653, 0.327575860566, 0.815642514393, -0.476887139992,  
1376, 929873.5634284955, 60.549667667913184, 117.64694730718153, 67.099887279445, 28.121134542760878, 0.234684229255, 0.854852577809, -0.462763852037, 0.776413519504, 0.121602591265, 0.618380834542, -0.584897734028, 0.5044203406, 0.635180888187,  
1394, 1202989.1829324814, 65.97676810318731, 109.49305203353528, 71.37285980462615, 36.74967077349292, 0.902493900467, 0.425456465503, 0.0670190687945, 0.244553441043, -0.634283235104, 0.733401930827, 0.354539665051, -0.645501025272, -0.676483593502,  
1401, 1899772.5359292133, 76.83120865035917, 102.29854063328993, 77.80748284185546, 56.979966799160074, -0.193222750772, 0.875001948248, 0.44388800293, 0.882544404597, -0.0426742663001, 0.468288672627, 0.428696095736, 0.482234898734, -0.763982434316,  
1443, 2219624.8401791863, 80.92144992292467, 149.3893186080387, 92.93840002937316, 38.1659633657253, 0.472855513162, -0.672707685684, 0.569097560436, -0.325603303724, 0.466751874098, 0.822268311824, -0.818773565937, -0.574114150363, 0.0016703520462,  
1446, 2910488.2733756527, 88.57117677377339, 101.50790762039318, 92.26606562488004, 74.18829099348943, -0.419219697881, 0.133041249518, 0.898083999877, 0.561929869759, 0.814979358509, 0.14157495074, -0.71308461376, 0.56401123316, -0.416415252468,  
1460, 1535506.2963610827, 71.56834879966856, 133.62618749390816, 66.52810460885969, 41.23502518008749, -0.0226868411653, 0.668759467516, 0.743132613902, 0.859061423348, -0.367170628322, 0.356649969317, 0.511369512343, 0.64648782224, -0.566175518317,  
1470, 1762429.9221400323, 74.93322358192503, 120.4748868907141, 85.53499324781762, 40.83033052545201, -0.578735642262, 0.00879885289759, 0.81546774097, 0.777138731951, -0.297184560161, 0.554740235159, -0.247225499651, -0.954779512448, -0.165153367911,  
1472, 706878.8886704165, 55.26100777225343, 114.73662893689173, 62.15698427956928, 23.66270454089263, 0.0305893965672, 0.55198343378, 0.83329381232, 0.716600847943, -0.593304309182, 0.366705905916, 0.696812394799, 0.585921740114, -0.413700617495,  
1482, 2959012.9005444376, 89.0606956550058, 139.55723372179003, 79.69511195687816, 63.51469425719293, 0.010859779165, -0.997035881923, 0.0761676791965, 0.396569247741, -0.0656312543304, -0.915655705056, 0.917940573753, 0.0401495779892, 0.394681028737,  
1489, 2659815.1903859996, 85.95166307003022, 129.63303277532285, 75.57657195315002, 64.8126803364596, 0.228717321517, -0.479530156237, 0.847194910335, -0.339749759219, 0.776223505327, 0.531081133998, -0.912282022156, -0.409301721274, 0.014615505917,  
1494, 1039293.1538282812, 62.83715093669605, 134.1227322689216, 75.54832027586352, 24.486248482819846, 0.424669154791, 0.423905772752, -0.799975002607, 0.472262439692, 0.650145605238, 0.595213306342, 0.772414588822, -0.630566878148, 0.0759020102281,  
1519, 2278463.6119794557, 81.63025677308578, 129.47360497994097, 87.56251174355741, 47.979314258007896, -0.809468507946, 0.284087642406, -0.513862769692, 0.573131658271, 0.192105187075, -0.796627704381, 0.12759638291, 0.939356060571, 0.318322720736,  
1525, 441669.1661838445, 47.24285740905536, 94.93500051356233, 70.97110521839292, 15.649502884990415, -0.0961639449775, -0.843204987198, -0.52892139799, -0.99416225679, 0.107485346203, 0.00939720837599, -0.0489275266089, -0.526737363319, 0.848618787927,  
1528, 2013998.6958429893, 78.34119499965355, 131.39830586569587, 73.57233996954689, 49.735471655636296, -0.649492072348, 0.74019609348, -0.173982157575, 0.759166549565, 0.618402282569, -0.203088076792, 0.0427340377027, 0.263985530117, 0.963579494339,  
1535, 1063313.6773936204, 63.31757356863796, 100.12635198040614, 57.55545088429694, 44.049191051077905, 0.387349876625, -0.562763704406, -0.73024453855, -0.821283971529, -0.570505458695, 0.00401991404008, 0.418870757142, -0.5981810216, 0.683174029227,  
1552, 2878901.4778782963, 88.24959706068765, 113.7657080542841, 88.85936010913676, 67.9866493154599, -0.962516793207, 0.148285132822, -0.227096768311, 0.0355576337412, 0.899072796555, 0.436352794397, 0.268881158649, 0.411921868658, -0.870645333442,  
1571, 1521877.8843117363, 71.35598390966832, 116.7110913899136, 72.28665025051599, 43.064654404276524, 0.687616235777, -0.314385310457, 0.654481312846, 0.438168966746, 0.898431664966, -0.0287836753527, -0.578957570878, 0.306565523102, 0.75553008621,  
1583, 2044894.5307689111, 78.73976265398089, 105.25173875276184, 80.13270603823506, 57.881958310648365, -0.860647993498, 0.47822674528, 0.174883422276, 0.502617823556, 0.852892703616, 0.141242201774, 0.081610996392, -0.209459342635, 0.974405679915,  
1587, 1789316.130188247, 75.3123424787215, 112.02205579932581, 81.61350159704382, 46.72323641133106, 0.666929806315, 0.7354199387, -0.119842176267, -0.221596107815, 0.349319070393, 0.910423721166, 0.711406914818, -0.580632156208, 0.395937495985,  
1611, 1968506.2039917365, 77.74683640431665, 128.16359712916898, 64.82360345640885, 56.56532949188817, 0.555074989825, -0.826198482042, -0.0963733570146, 0.550765496377, 0.278235911597, 0.786919402162, -0.623337086713, -0.489878398962, 0.609483412866,  
1612, 1876041.4945914536, 76.50995447460976, 109.68412202617982, 81.1654752852722, 50.30819449561691, 0.850712450676, -0.0926719848606, -0.517397554582, 0.228773496812, 0.951492621851, 0.205729136779, 0.473234628299, -0.293383185929, 0.830647514168,  
1621, 1705741.018662747, 74.12103834893722, 134.35165163683502, 55.18932749021805, 54.91947439543753, -0.98605923817, -0.109679545963, 0.125130236225, 0.0933215977563, 0.258074731337, 0.961607254776, -0.137761599195, 0.959879070635, -0.244241502502,  
1625, 1608447.8708669054, 72.68410720744325, 115.75253442368644, 87.49060521656422, 37.916343697397956, -0.484930975053, -0.704789119719, -0.51779749532, 0.0260189911036, -0.60343606516, 0.796986779919, 0.874165294173, -0.373011007866, -0.310962741296,  
1649, 788934.5215945307, 57.321487284063906, 109.48930408843523, 70.89470675008106, 24.264248485949917, 0.885022759911, 0.40050923691, 0.237333237432, 0.386172089307, -0.91628967552, 0.106227811683, -0.260011214913, 0.00236255891352, 0.965602706311,  
1654, 1004979.1528883992, 62.13783934006892, 103.76328056911768, 75.10187949719004, 30.787465907873397, 0.113203898187, -0.0447603526474, 0.992563039946, 0.567484716222, -0.817095199945, -0.101570325789, 0.815564819183, 0.574762511876, -0.0670975458035,  
1661, 4254997.739609197, 100.52411109843526, 127.91811859489519, 101.88375365956341, 77.94239095808612, 0.0800242550654, 0.798437147611, -0.59673632361, -0.988446119674, 0.14087373846, 0.0559361986008, 0.128726015641, 0.585365450917, 0.800485416338,  
1665, 870614.2166695325, 59.23508942879041, 125.41167466451871, 57.49902263379963, 28.82296906202391, -0.434340064285, 0.484469071012, -0.759367123195, 0.867384934534, -0.00236441804291, -0.497632178291, 0.24288286045, 0.874805194749, 0.419194211959,  
1683, 1845395.1679038228, 76.09105225086525, 144.97613335370428, 86.41548720143159, 35.165166208887285, 0.897935155512, -0.16476207005, 0.408124878889, -0.312433595638, 0.414501008902, 0.854736311347, 0.309996298062, 0.895009706032, -0.320717821918,  
1690, 1597882.6839161802, 72.5246141672895, 130.06240036513157, 86.49723201071147, 33.908010294345495, -0.914855007334, 0.0661745125737, 0.398323046586, 0.40268460646, 0.0768278344025, 0.912108870465, -0.0297560628553, -0.994845926637, 0.0969337865591,  
1693, 462390.2651419206, 47.97040196440942, 97.3149819405762, 52.601929671722765, 21.56446510538569, -0.703471607707, -0.440680879936, -0.557609235226, -0.703868175724, 0.540683407359, 0.460685406985, -0.0984748107531, -0.716562499064, 0.690536672872,  
1707, 2648780.664864658, 85.83263845801463, 112.6695163978515, 99.37932794863053, 56.47482612914642, -0.614800796602, 0.580341346722, -0.534063574664, -0.408830276472, 0.344569108531, 0.84506208913, -0.674446280691, -0.737886204459, -0.0254197508194,  
1709, 2947984.4988311995, 88.94991322761108, 140.8692840412082, 91.5565905032296, 54.56707409937444, -0.746700934473, 0.583081899484, 0.320083134439, -0.100004741632, -0.574153747275, 0.812617084573, 0.657599244304, 0.574772105259, 0.48703209433,  
1714, 1896932.841369135, 76.79290828217972, 103.94623999374429, 86.72904892431106, 50.23309972000946, -0.786030710542, 0.595167646066, 0.167126285066, 0.588571267892, 0.803181804214, -0.0921023994842, 0.189049159469, -0.0259704149903, 0.981624140315,  
1716, 1627623.316706618, 72.97180649673557, 113.48162922282415, 63.8254992303614, 53.64700865261766, -0.930051996736, -0.333293801637, -0.154656151376, 0.0613653676118, -0.555904502963, 0.8289779703, -0.362267270155, 0.761502084945, 0.537472789635,  
1719, 1410099.5474621623, 69.56440176018698, 102.59909003932758, 78.90667534765723, 41.581859792057955, -0.238960291012, 0.511857305787, 0.825166696997, -0.757738042257, -0.629707042818, 0.171178560402, 0.607232277334, -0.584355318909, 0.538328731006,  
1726, 532910.399378758, 50.294658309089264, 141.07740394958742, 69.63273967228241, 12.95074177233144, 0.762762629898, -0.0370664699716, -0.64561540195, 0.531778002685, 0.604039043818, 0.593589916865, -0.367974627239, 0.796092275021, -0.480449542992,  
1730, 2103383.225775358, 79.4834297650172, 104.15351424956977, 91.8613446195509, 52.483533988742806, -0.982066915326, 0.0186898317969, 0.18760400851, 0.150714762058, 0.675654332936, 0.721648309693, 0.113267975701, -0.736981622954, 0.666354600126,  
1750, 1935070.8556623606, 77.30414021146208, 111.40573490624976, 74.23062655018809, 55.862142531356504, 0.30266758591, 0.488326564968, -0.81849221034, 0.696652816518, 0.472715573504, 0.539643252347, -0.650436150346, 0.733537424072, 0.197118395411,  
1754, 1865520.159619066, 76.36665692889345, 138.29258492689547, 88.74440615600966, 36.28870374769125, -0.0950283447725, -0.238962260293, 0.966367762213, 0.498118717258, -0.851903166144, -0.161674794049, 0.861885930507, 0.466002182044, 0.199986522355,  
1769, 2721373.6996960775, 86.6096980811559, 130.00805120637486, 78.68845857924474, 63.50651597461919, 0.166803440807, 0.509140565761, -0.844365144017, 0.518164342454, 0.683308368165, 0.514388363209, 0.838857750959, -0.523321658535, -0.149840299532,  
1781, 1436757.7722514463, 70.00004436863009, 122.97288172127459, 61.52969555402943, 45.33157717784987, 0.332709211512, -0.505550674868, -0.796067268336, 0.538891058202, -0.590825536795, 0.600434519711, -0.773886947794, -0.628763628251, 0.0758636396664,  
1783, 3411126.331250767, 93.38341061774538, 115.39192993670397, 91.23504086749246, 77.35209606581039, 0.542280944517, -0.0308070729172, 0.839632241801, -0.694274199508, 0.546387728276, 0.468448274932, 0.473196273349, 0.836965575545, -0.274907097473,  
1786, 1123116.694094557, 64.4830282290903, 102.08422641507482, 89.82531186688401, 29.240102963480634, -0.749335496203, -0.342873257507, -0.566510585442, 0.651685483899, -0.533621909926, -0.539030321339, 0.117483378424, 0.773101278316, -0.623307363393,  
1790, 734804.0436463995, 55.979323108898086, 112.16884889705436, 45.312684009346064, 34.51364896886287, 0.180935215762, 0.635377648587, -0.750704796424, 0.903410078302, -0.409073139544, -0.128488898065, 0.388732141866, 0.654946112425, 0.648022308027,  
1826, 983192.2815012467, 61.685527613522154, 124.40757001388889, 47.135484710818744, 40.02718665449028, -0.831785676778, -0.361925107619, -0.420883361968, 0.232642748734, -0.915704559074, 0.327662191828, -0.503993987433, 0.174629255759, 0.84586918827,  
1828, 1221789.5276677948, 66.31868858240699, 131.10638961777852, 61.72128669033548, 36.04532617949387, -0.820854860123, -0.20784566565, 0.531975072615, -0.569276030362, 0.222622090124, -0.791431744526, -0.0460662551984, 0.95249125154, 0.301061980118,  
1831, 1265119.9077980635, 67.09358944230804, 107.33952298974032, 74.18639628162948, 37.92793032108022, 0.855894860323, 0.47438298546, 0.205924187941, -0.296773851222, 0.124450990497, 0.946803692533, 0.423520093152, -0.871477328489, 0.247301428678,  
1844, 2221991.716244702, 80.95020298075937, 126.42221879704935, 74.10317165089047, 56.62309728634156, -0.0673390051076, 0.988906494835, 0.132398651295, 0.651352901417, -0.0569477322889, 0.75663488791, 0.755780957822, 0.137189286246, -0.640292311006,  
1848, 1718690.5093665628, 74.30813415521826, 112.80750999097374, 82.68253800153009, 43.99033377976009, 0.631681508435, 0.763547275223, -0.134067260731, -0.288463573987, 0.392028805777, 0.873557200144, 0.71956044804, -0.513136408707, 0.467892923302,  
1854, 900433.3621344166, 59.90379311255131, 112.19172868640428, 54.92586511807018, 34.88391523859464, 0.403859477756, 0.162584735091, 0.900257588772, 0.837318505637, -0.462097282098, -0.292170878076, -0.368504060147, -0.871798317154, 0.322757574446,  
1865, 1135838.3219595614, 64.72558275851443, 116.5019378385478, 72.15724845432848, 32.256318195390634, -0.0327311027105, 0.451355881209, 0.891743541279, -0.700015574332, -0.647184349207, 0.301878475276, 0.713377088648, -0.614353551825, 0.337139203819,  
1866, 692319.0359987472, 54.87896194514472, 141.09310721924058, 96.63923276016591, 12.121556571575693, -0.765197559842, 0.548563654912, -0.336972715396, 0.643338918367, 0.671255195063, -0.368146029741, -0.0242431541878, 0.498492105866, 0.866555185701,  
1875, 1808058.1334005378, 75.57438009984183, 126.81901343885166, 95.37193424687179, 35.6877213782458, -0.278576661345, 0.554287876504, 0.784321358701, 0.959668732313, 0.192817020324, 0.204591106585, 0.0378281373406, -0.809682991444, 0.585647065554,  
1876, 2368283.412286817, 82.68911705643366, 122.30152520843335, 98.1114275042669, 47.118732143078645, -0.853670923608, -0.383910158427, -0.351935994811, -0.132059662495, -0.494098335983, 0.859317799141, 0.503791821816, -0.78005116796, -0.371098336881,  
1889, 1495540.3411830373, 70.9419585716116, 104.501837674768, 61.96104158303008, 55.1400157261915, -0.719327887825, 0.688085133364, -0.095426615998, 0.0354865755819, 0.173588019426, 0.984178795984, 0.693763715361, 0.704560890736, -0.149284488457,  
1900, 817144.3819878817, 57.99671517462116, 91.78150324876074, 75.52989311670649, 28.1407814447754, 0.739044797645, -0.65340518929, -0.163934272448, -0.0669413152739, -0.313376870173, 0.947266487083, 0.670322047514, 0.689098393446, 0.275339348381,  
1901, 1355978.2467369155, 68.66277810238702, 93.85774506414415, 72.90840390175764, 47.306019472508545, 0.444571027547, -0.089555650537, 0.89125551158, 0.802888915377, 0.480990411205, -0.352161346393, 0.397147316533, -0.872139902645, -0.285737640475,  
1909, 2700101.79638876, 86.38344293732628, 113.4046465203119, 86.2404697884667, 65.90973501622294, -0.518172989298, 0.843437177664, -0.141811425831, 0.0969024119396, 0.222636317981, 0.970073704662, 0.849768601281, 0.48892412218, -0.19709522325,  
1910, 1799373.4306347163, 75.45318290609457, 106.62358031891559, 88.24442453143735, 45.655400537214526, -0.633382051855, 0.738408098201, -0.231474959552, -0.525865608024, -0.191264197071, 0.82878427182, -0.567708145692, -0.646661802978, -0.509446733117,  
1911, 851499.1789157845, 58.798359341968236, 121.09348267344528, 81.60575828922916, 20.570935847328315, 0.141401646624, 0.987131079668, -0.074684709848, -0.343624657966, 0.119694352348, 0.93144798913, 0.92840059714, -0.106044771531, 0.356127558132,  
1912, 637839.1566695136, 53.39995067283505, 94.67841841518506, 67.85297816642186, 23.702964104582897, 0.792261643497, -0.596742651882, 0.127356569005, -0.546727844221, -0.786917664801, -0.286093084814, -0.270943079995, -0.157031195148, 0.94970050603,  
1915, 2308024.491060146, 81.981765715239, 105.78860647489506, 91.79189317346139, 56.74251487625777, 0.238594308187, -0.257480763635, 0.93636339765, -0.60847374963, -0.791109471274, -0.0624940034882, 0.756856956176, -0.554841834056, -0.345424502705,  
1918, 1430199.725450217, 69.89337739615713, 103.29846888453831, 76.78913017478976, 43.04418095945451, -0.70020705053, 0.167173243665, -0.694091631552, 0.675885298984, -0.157949298014, -0.719882686188, 0.229976409669, 0.973193262338, 0.00239272568086,  
1919, 1248860.6682324812, 66.80492174474757, 118.43166256834341, 77.08738189314985, 32.65684738900299, -0.448435780057, -0.497452921776, 0.742594062581, -0.892557039035, 0.293289853539, -0.342524442749, 0.0474055190278, 0.816407773375, 0.575526771174,  
1921, 2689175.8046566653, 86.26676823515228, 120.18967287330345, 95.51631399528978, 55.92240985693051, -0.0831656230352, -0.990420292183, -0.110232136775, -0.911463435941, 0.120319540008, -0.39339244176, 0.402886937102, 0.0677558346197, -0.912738332047,  
1924, 344632.60950263747, 43.49332262494483, 145.36082125803412, 50.35146744507017, 11.241085705207357, 0.4682145949, 0.395366791805, -0.790227937408, 0.733882991798, -0.672085799491, 0.0985719659588, 0.49212889315, 0.626087676017, 0.604833344374,  
1928, 1866466.9979465264, 76.37957462153807, 113.58569225050147, 77.11536332247914, 50.870636048728585, 0.588619608701, 0.0351228849643, -0.807646791119, 0.73788728361, 0.384759948808, 0.554510719896, -0.330226154232, 0.922348179781, -0.200560520332,  
1930, 1499401.2910566519, 71.00295502645461, 117.7520883538065, 63.08727978806949, 48.185775311861676, 0.0818612601562, -0.57746678198, 0.812299729038, -0.872503243585, 0.352402843728, 0.338452841126, 0.481702007489, 0.736440324427, 0.474993499471,  
1931, 1919653.8983491652, 77.09829524711168, 159.2015976071198, 86.12997894326746, 33.42200987589114, 0.324693319936, -0.0624572440691, 0.943754915565, -0.305186159471, -0.951364455512, 0.04203666086, 0.895229387395, -0.301669961137, -0.327962769978,  
1945, 1073751.1113689574, 63.52407341830355, 103.82016008159266, 63.86802201639419, 38.65893240827167, 0.570315126512, -0.73323493417, 0.37027987764, -0.598215468727, -0.679663626275, -0.424494532467, -0.562919984942, -0.0205885024248, 0.826254926836,  
1946, 1721715.934540087, 74.3517103378784, 122.75652303562475, 98.1793797685135, 34.104212559802335, -0.880715307303, 0.400647430376, 0.252630528668, 0.461961647882, 0.608860152742, 0.644888168824, -0.104556125447, -0.684668497111, 0.721316203683,  
1948, 3102106.7029755875, 90.47377418058765, 115.91517326301522, 93.27621434929299, 68.49469282612822, -0.57745771451, 0.113945683403, -0.808429940803, -0.00345756667539, 0.989862377175, 0.141987744143, 0.816413273524, 0.084787118644, -0.571209691205,  
1951, 797811.1476568221, 57.53566852654514, 99.349713657718, 74.76363856157424, 25.642150333923652, -0.36434811958, -0.77189790552, 0.520983753309, 0.617812870959, 0.218251063273, 0.755429500256, -0.696819707124, 0.597109786249, 0.397369096597,  
1953, 1323462.6017781498, 68.1094993735192, 111.62225344692476, 107.6960604490533, 26.282850299226133, 0.436000022794, 0.299379401311, 0.848690729415, 0.614630129257, 0.589792777127, -0.523807487784, -0.657368834318, 0.750010969333, 0.0731420641469,  
1962, 1775107.0414311113, 75.11245885898389, 124.690053742208, 75.68675634633153, 44.90391756534606, 0.346756364066, 0.664639698742, 0.661826332837, 0.937954689015, -0.246474874089, -0.243908051933, -0.00101258789765, -0.705339781452, 0.708868653113,  
1967, 2390048.0971836774, 82.94165122172993, 142.78774523762408, 89.93085246981435, 44.434304369205734, 0.285398032244, -0.655414908166, 0.699270520861, -0.251201962068, 0.652953416752, 0.714527403117, -0.924902988126, -0.379582841691, 0.0217101093882,  
