# Void_ID, Void_Volume, r = (a*b*c)**(1/3.0), a, b, c, vector_a, vector_b, vector_c 

3, 1631698.7324738356, 73.03266058171445, 146.17580705995067, 69.0619198129102, 38.58666278079908, -0.698403590696, -0.619468778504, -0.35845621345, -0.71356868549, 0.564029919587, 0.415559840335, 0.05524631744, -0.546011613676, 0.835954043079,  
26, 2155321.0072304327, 80.13233245871291, 99.19391318762892, 86.22165127323699, 60.16196229171085, 0.477063223499, 0.788491366693, 0.38819073332, 0.55885958427, 0.0687300289609, -0.826409189317, -0.678296871476, 0.611193543626, -0.407867388223,  
29, 1468510.7454760685, 70.51196860590876, 95.83796479089935, 81.64560305037737, 44.80413898340397, -0.841162269195, -0.0485379565724, 0.538600133359, -0.519732130874, -0.202617320221, -0.829954657607, -0.14941401882, 0.978054338121, -0.145207309258,  
36, 857693.8028468116, 58.94060023636556, 106.85170426842436, 80.12305849615481, 23.916889131297555, -0.458886123434, 0.836523735858, 0.299418711951, -0.430870996962, -0.504235074268, 0.748396401551, -0.777028770186, -0.214417884572, -0.591820294582,  
68, 1942260.3006411202, 77.39975892951718, 104.14214601914331, 82.74415130889254, 53.8090092141858, -0.582174576296, 0.554440507854, 0.594700332912, 0.806790523602, 0.484615402841, 0.337989589122, 0.100805821962, -0.676567538816, 0.729448114453,  
70, 1109037.7535314672, 64.21244997701521, 156.17279165525684, 77.89392930770242, 21.764502059041437, 0.539066292698, 0.469579457171, 0.699215750309, 0.441331388275, -0.864551875148, 0.240367761776, 0.717380051159, 0.179011699563, -0.67329092792,  
77, 1580476.6248092598, 72.260310365184, 129.94531364454284, 75.599656445393, 38.40776397486765, -0.174366732005, -0.812264103973, -0.556617703786, 0.139986391361, -0.579984068509, 0.802509994025, -0.974679461671, 0.0620121413385, 0.214835847388,  
108, 1255216.301437157, 66.91805668887996, 107.41497065352397, 86.47859599039626, 32.259417209031206, 0.0319146927374, -0.795298309243, 0.605377610837, 0.896757352194, -0.24468366644, -0.368722327319, 0.441370256898, 0.554644483153, 0.705380601969,  
129, 672407.2554623923, 54.34771140323314, 88.94520257195856, 44.36008786840863, 40.68448804150298, -0.258808589238, -0.641547069753, 0.722104889492, -0.34489478525, 0.759673350612, 0.551311153049, -0.902255895655, -0.106366149038, -0.417876227004,  
158, 1083259.4150598587, 63.711029230007185, 92.99970584427183, 53.867395202026756, 51.62217666331928, -0.883152111085, -0.439754587868, -0.163273546956, -0.0444287777243, -0.268086294696, 0.962369898899, -0.466977978492, 0.857173051983, 0.217223218276,  
201, 1701409.760014148, 74.05824853159491, 116.04531465714231, 97.29776228881268, 35.97409256381341, -0.0560073245905, 0.555584458749, 0.829571629691, -0.982931369543, -0.176513607796, 0.0518543058192, 0.175240127714, -0.812507757169, 0.555987447861,  
211, 1331733.3510589807, 68.25108433397752, 107.29749766458164, 62.38921996143975, 47.492990559707344, 0.226847269248, 0.839924185726, 0.493018943517, 0.669712335613, -0.502065437802, 0.54718889215, 0.707124956399, 0.206052562218, -0.67639976171,  
213, 822746.5279940024, 58.12895063420429, 101.1636692659606, 88.94627388694656, 21.828561485785695, 0.269968619332, 0.00703198170953, 0.962843443042, 0.747876940021, -0.631364181535, -0.205083770345, 0.606462717041, 0.775454590229, -0.175707573348,  
214, 2271403.4209880605, 81.54585464840444, 119.74619896377602, 80.59385453118955, 56.18779670270142, 0.771365116646, 0.312264842688, -0.554514675047, 0.494485160437, 0.254402065827, 0.831122142053, -0.400599903806, 0.915297906107, -0.0418265483462,  
218, 1754790.035066379, 74.82479173908429, 137.0185993391356, 89.32960031980372, 34.226432633475724, 0.436386004685, 0.0683978685367, -0.897156054705, 0.524816011644, 0.790568025161, 0.315547700855, 0.73084568059, -0.608542462917, 0.309096525362,  
222, 1825042.2607788, 75.8102808213785, 90.88529919578265, 74.07121515780061, 64.72040189700854, -0.170102990491, -0.984893519478, 0.0323995048785, 0.0849621107618, 0.0180981181496, 0.996219803986, -0.981756798989, 0.172212698166, 0.080600088271,  
225, 2113097.513427106, 79.60560424849137, 112.70537308718175, 96.32835244696163, 46.46566706425151, -0.506537917938, -0.354697619096, 0.785880993979, -0.462640587533, 0.880954359576, 0.099413797394, -0.727587124995, -0.313223586839, -0.610334301993,  
238, 1160889.0216163106, 65.19796367053324, 152.44222599086814, 60.4175005815949, 30.090822447507335, 0.201629943275, -0.772085003353, -0.602685750265, -0.851490148662, 0.165922872257, -0.497427509485, -0.484055671081, -0.61347725961, 0.623967754964,  
268, 1164118.3185115925, 65.25836239734954, 140.27228453694937, 61.86854669662754, 32.023347593688264, -0.0502445737328, -0.702204765698, -0.710199936525, -0.0926827438527, -0.704751237338, 0.703374439728, -0.994427167671, 0.1011640277, -0.0296723389236,  
272, 630030.6579476222, 53.18114594999773, 139.53588331040405, 93.25254225367993, 11.559165651336704, 0.386944594113, 0.922075380622, -0.00713256876445, 0.537993352468, -0.219470761434, 0.813876979387, 0.74889053525, -0.318762572028, -0.580993449952,  
274, 1480975.1560856663, 70.71090374711571, 139.65556109818357, 67.33299547889642, 37.598714288303796, 0.22031473404, -0.94393816249, 0.245849879723, -0.92556626746, -0.122750496441, 0.358133215667, 0.307877414737, 0.306452379691, 0.900721064746,  
276, 1787295.2826567264, 75.28397929741423, 117.12173613338692, 108.3752005802332, 33.615554855145504, -0.512953690254, 0.132176330003, -0.848179184749, -0.857894802508, -0.113370693329, 0.501162242914, 0.0299168762381, -0.984721536111, -0.171547302034,  
283, 2555317.9830599646, 84.81098633651997, 129.5611212640785, 97.52171741254304, 48.281449869978054, 0.0113537130527, -0.92395780963, 0.382325854766, -0.134366542346, -0.380292514948, -0.915053678957, 0.990866653742, -0.0409825462558, -0.128466748245,  
290, 1388337.0056541045, 69.2046744764389, 150.35938963228008, 55.28860359519447, 39.869438116577705, -0.487432593177, 0.852856007778, -0.187206028498, -0.38475061891, -0.0173246337056, 0.922857962157, 0.78382168148, 0.521858684956, 0.336581467966,  
327, 957242.4654399905, 61.13798425908758, 112.87737035792554, 95.58733679589727, 21.18000714680462, -0.52844194432, -0.848960769191, -0.00383716804699, 0.604473877862, -0.379425240371, 0.700462574269, -0.596121164249, 0.36783433682, 0.713678820052,  
338, 1763401.1142646517, 74.94698511124852, 117.65325310061353, 72.58284241327667, 49.297465315990905, -0.929102066256, 0.369101485853, 0.0230963984349, 0.0993291140843, 0.188898247232, 0.976960172826, 0.356234582227, 0.909989860017, -0.212168275413,  
359, 1483621.1302962147, 70.75299041118464, 104.38009097101529, 99.70917095269617, 34.031541740003284, 0.428324924739, 0.903624199229, 0.0010321891276, 0.416514722929, -0.196417279594, -0.887657443984, -0.80190600723, 0.380635729857, -0.460503199473,  
371, 840612.8259148815, 58.5467062853466, 103.51240027377847, 67.07846492681851, 28.902266965891354, 0.341885703618, -0.610945370329, 0.714044760596, -0.491817295832, 0.531139520219, 0.68993228478, -0.800768326785, -0.58705754789, -0.118884491347,  
386, 387138.4251588752, 45.21257302834555, 106.6394983160381, 60.38116218138183, 14.353509750663632, -0.993460723628, 0.0188470832822, 0.112608072803, -0.0139210202498, -0.99891805664, 0.0443725288098, 0.113322529992, 0.0425147453188, 0.992648226023,  
417, 423516.1640662456, 46.58654042284988, 101.68324989309603, 57.91008503504456, 17.170295137071463, 0.21324556871, -0.66494896724, -0.715799691528, 0.597752253251, -0.490724742534, 0.633941220302, -0.772799179062, -0.563056034539, 0.292829866664,  
424, 595908.7976863642, 52.203192429593585, 117.76246836355826, 83.64624774498785, 14.442348611579252, -0.391463643209, -0.919497511805, -0.0357846591383, -0.919277077292, 0.392513135754, -0.0293784517374, -0.0410593620435, -0.0213954211156, 0.998927607359,  
439, 1946554.0921413857, 77.45675331984475, 137.18672346030502, 75.59708017891138, 44.80853673947052, -0.430379081553, 0.881772635525, -0.193004832585, 0.857185637508, 0.332247624225, -0.39350260361, 0.282854430781, 0.334796259591, 0.898835266081,  
467, 2072635.1027150643, 79.09421983440157, 147.03930560288757, 82.36033008551156, 40.85852818303158, -0.73865825928, -0.337407814033, -0.583558003139, -0.188998222407, -0.72732058885, 0.659760890749, -0.647042230403, 0.597629256366, 0.47347188302,  
479, 1033012.1215178969, 62.71030833231198, 138.58661953556344, 75.48528932808848, 23.573994774394155, -0.985899457226, 0.14660820804, -0.0806739956615, 0.0327028013952, 0.641608004127, 0.76633523723, 0.164112117229, 0.752891228781, -0.637355482131,  
481, 2208832.6908863806, 80.79008604153488, 114.22002914748052, 89.78647818357274, 51.41869005456985, -0.146180395512, -0.248181773563, -0.957620540318, -0.196258434734, -0.9415023876, 0.273963283926, 0.96959471882, -0.227989169512, -0.0889214249859,  
490, 752675.2374900527, 56.429517863968385, 116.66629605268714, 77.85107069750028, 19.783768391466115, 0.839507475372, -0.534329845362, 0.0985840511917, -0.398851556321, -0.482811440827, 0.77962205499, -0.368977824285, -0.693818945375, -0.618442104181,  
507, 1992880.0816858814, 78.06640597246626, 125.84898131946508, 90.16529564621675, 41.92793193354393, 0.713137711611, 0.00867503438555, 0.700970290424, -0.197898464407, 0.961744244083, 0.189431271859, -0.672510819292, -0.273811527791, 0.687572865364,  
542, 288062.1573672322, 40.96999080968779, 87.59342117558623, 54.6045590294228, 14.377957855283542, -0.622151947893, 0.61102960865, -0.489458651048, 0.780843931267, 0.529541567831, -0.331464150312, -0.0566542914182, 0.58841188405, 0.806574079656,  
553, 615546.4319700777, 52.770442548916044, 135.05105586012192, 65.5831659731254, 16.591354658848903, 0.784585345009, -0.205065598775, 0.585127282389, -0.516124174814, 0.306933941304, 0.799629534127, 0.343571932162, 0.929375949697, -0.134976559283,  
653, 2242312.9612672376, 81.19623141372064, 119.41167798777691, 100.95781723769484, 44.40387429515137, -0.582624282946, 0.548676508381, 0.599585718703, 0.752492318711, 0.64291630034, 0.142877363632, -0.307089979001, 0.534427469269, -0.787453506493,  
656, 619650.7278509944, 52.88746914313028, 117.13332092567138, 59.779344980231194, 21.126460712929664, -0.976178026004, -0.176348421463, -0.126402910546, -0.214725839899, 0.701607136879, 0.679441122659, 0.0311331852962, -0.690397465036, 0.722760032822,  
667, 1773648.7487157055, 75.09188433245394, 137.12069310024378, 90.17914214240055, 34.24285036986935, -0.457094133639, 0.885612583942, 0.082190657351, 0.864329281025, 0.464093508088, -0.193783667302, 0.209761404827, 0.0175375857437, 0.977595307953,  
711, 2777972.1704754885, 87.20601216395494, 126.2570941938851, 81.09546476614557, 64.77194291255913, 0.677374235091, 0.660537071218, -0.323813099151, 0.447775080246, -0.0209749244636, 0.893900179021, 0.583662250917, -0.750500386469, -0.309979913485,  
714, 2472400.91906757, 83.88354238579632, 127.14293407391406, 78.96646367109538, 58.7889045874166, 0.109293019519, -0.993183464765, -0.0405171716879, 0.839165451496, 0.114038745944, -0.531786150101, 0.53278173852, 0.0241199034099, 0.845908889514,  
805, 1480879.061738338, 70.70937433475821, 123.35736289257487, 107.40566527498024, 26.68324951396659, -0.522327901873, 0.59578786806, 0.610090468043, 0.819245225548, 0.549159207417, 0.165110342882, -0.236666058703, 0.586055442072, -0.774937542952,  
816, 1488870.374774694, 70.8363366185236, 104.29470888701711, 79.49715694738016, 42.87009103118493, 0.493938270232, 0.126574638316, 0.860234762222, -0.68546101246, 0.66536819706, 0.295682875288, -0.534946899792, -0.735706479023, 0.415412796054,  
873, 388981.3418037176, 45.284202132930396, 83.0516055325005, 41.912808578308585, 26.677514483958177, -0.613399221517, -0.764994100424, 0.196278937632, -0.787755536119, 0.610388792008, -0.0828657824746, 0.0564146289173, 0.205449626203, 0.977040347548,  
895, 2004397.6386844537, 78.21650827762996, 121.8548952468803, 83.47016901058541, 47.04581534117265, -0.232056450262, 0.597154190666, 0.767825941514, 0.963379739799, 0.0320702948153, 0.266216027195, -0.134347611951, -0.80148510202, 0.582728367597,  
897, 1086563.697981357, 63.77574305411178, 133.57798131385425, 47.33763196197361, 41.02278842428255, -0.950549158864, -0.31049699789, -0.00692176883898, -0.249071340751, 0.775436610561, -0.580225413282, -0.185525641891, 0.549808764302, 0.814426521485,  
916, 1789922.6170695056, 75.32085053147341, 139.8722979438942, 81.34209586705019, 37.55766451161103, -0.93044605113, -0.243083568209, -0.274190672349, -0.155986244671, -0.41433588317, 0.896657162683, -0.33156965695, 0.87706108954, 0.347599493391,  
927, 840291.162754926, 58.53923763844164, 128.04809803264044, 94.15422893411608, 16.639038387150737, -0.39908128085, -0.157703913164, 0.903251685328, -0.914521019083, -0.00268668423399, -0.404529464171, -0.0662226315522, 0.987482788458, 0.143151337995,  
963, 341752.69587343093, 43.37183330526244, 99.65419226202474, 80.3426015200759, 10.190180487193267, -0.017030642536, 0.67994051248, 0.733069476041, -0.970907324386, -0.186390030687, 0.150325393447, 0.238849167194, -0.709182385532, 0.663333565699,  
969, 346564.2087827373, 43.57442851265174, 101.77425608185042, 48.43058934920564, 16.785620856504043, -0.478543280024, 0.441409124567, -0.759048294836, -0.21263124039, 0.780471944489, 0.58792133783, 0.851929741677, 0.442743185848, -0.279632234606,  
986, 759698.9815867826, 56.604502577303755, 108.94750191775434, 88.97716412776816, 18.70928102513642, -0.776840608718, 0.213658561237, 0.592341698564, 0.624170459629, 0.136913749205, 0.769198194619, -0.0832460568076, -0.967266583982, 0.239719522645,  
1019, 1813435.8734771602, 75.6492333525222, 130.17812886744164, 77.13540065523591, 43.114348600198774, 0.757082116813, -0.148779695843, -0.636153496026, -0.495321626545, -0.7656480121, -0.410413946942, 0.426008397427, -0.625817644104, 0.653352218677,  
1020, 1896378.7946773525, 76.78543112417292, 103.79698521408044, 71.64662903020582, 60.87738371643642, -0.519584885119, -0.716132804501, 0.466031494079, -0.0853718892111, 0.586220706308, 0.805640691642, -0.850143039546, 0.378812737132, -0.365729028788,  
1030, 361646.9958970365, 44.19760648795465, 96.86731464470641, 66.50098488878494, 13.402657357363159, 0.746445940922, 0.133859116449, 0.65184368849, -0.315949407815, 0.933398786685, 0.170125473451, -0.585657262383, -0.332939096471, 0.739024444155,  
1038, 1561655.015799146, 71.97231914021084, 126.89939597830744, 72.63112841089766, 40.44959193464608, 0.665460870251, -0.728519872042, 0.16254422846, -0.579280270856, -0.366715442189, 0.727979499888, 0.470740053492, 0.578600536208, 0.666051966094,  
1040, 2065531.242440503, 79.00375247986167, 114.15362481000557, 69.99884534350086, 61.710998897403385, -0.787143044495, 0.416232358156, -0.455144429304, 0.254323140121, 0.891332871552, 0.375293821545, 0.561894623485, 0.179656160802, -0.807463990519,  
1042, 3651226.85934368, 95.52493175150505, 127.44711115358803, 85.78448637923101, 79.72810781754004, 0.938079853623, 0.0888145928103, 0.334840493865, 0.25591334348, 0.473794459135, -0.842631100258, 0.233483508746, -0.876145409505, -0.421728197476,  
1043, 1174044.808602779, 65.44332467467984, 136.72774941933923, 83.403320687659, 24.578538530069622, -0.178575141738, -0.964030165025, 0.196867365693, -0.966467634377, 0.134335101702, -0.218847874454, -0.184529754933, 0.229346727406, 0.955692862887,  
1045, 2874307.5520260767, 88.20263146848528, 131.4022956575941, 100.72059341198562, 51.846972083885966, 0.129348245081, -0.988264728932, 0.0812518125484, 0.809929172187, 0.0580211232609, -0.583650824806, 0.572087202737, 0.141302423205, 0.807929364277,  
1058, 79806.37215556469, 26.708509553753697, 103.73036470109345, 32.03301404841277, 5.733835784990748, -0.759775938005, 0.577110368456, 0.29947311507, 0.649581650899, 0.653920521991, 0.387855165924, -0.0280036219851, -0.489215262987, 0.871713383869,  
1076, 2778410.9287311137, 87.21060308390132, 119.24737219945735, 84.35020307816443, 65.94364050971106, -0.399395328262, -0.325246542964, -0.857145295765, -0.0440432451782, -0.92706652111, 0.372300762812, -0.915720243479, 0.18644664579, 0.355941124285,  
1107, 542461.1748568423, 50.593339919361256, 83.01884833589715, 65.101971252995, 23.961235497214947, 0.638029442443, 0.525251046485, 0.563053966101, 0.313629931935, -0.845092270246, 0.43296110745, -0.703245829259, 0.099651356922, 0.703928199956,  
1116, 3053962.088930834, 90.00328151421411, 108.3536000002134, 88.29907988341485, 76.20360356888214, 0.603705649752, 0.30601150163, 0.736136162219, -0.252285008231, -0.802601217003, 0.540540064276, 0.756235256437, -0.512043208466, -0.407332774995,  
1118, 1049727.2376359608, 63.04673764984933, 117.50155102274547, 78.38747139400492, 27.20806160092422, -0.895697549498, -0.441118886599, -0.0560359501521, -0.393181282164, 0.844540393158, -0.363538173621, -0.207688177756, 0.303587964533, 0.929892450024,  
1195, 1406525.2127381824, 69.50557450833472, 122.65085140819266, 70.69721634377635, 38.724518892482145, 0.319028188043, 0.430386140481, 0.844386632602, 0.828362492745, -0.559502525573, -0.0277939650236, -0.460474316165, -0.708325274122, 0.53501281311,  
1211, 1296121.4698100404, 67.63721211286277, 133.66728111016178, 76.38770898819419, 30.30459582274724, 0.194592159769, 0.419099700134, -0.886842338132, -0.308654767413, 0.884359416351, 0.350200881302, 0.931056456886, 0.205581769763, 0.301446529307,  
1243, 901826.5238401009, 59.934671824157824, 100.57399532213802, 64.42725470891705, 33.22607690453019, 0.398950091926, -0.208662873004, -0.892915802068, -0.68592550011, 0.578341586763, -0.441618859787, -0.608559801869, -0.788657602798, -0.087602243684,  
1262, 864585.5844749822, 59.09804670798289, 130.7420481553286, 76.91311330171521, 20.525970740486315, 0.732075651706, -0.663640391831, 0.153774739505, -0.480455005127, -0.663021795125, -0.574077596878, -0.482937085165, -0.346386387607, 0.804231460621,  
1271, 1826086.028813524, 75.82473039869045, 106.91216692292093, 75.26235671041154, 54.17858759568914, 0.259003482591, -0.953257939262, -0.155616506966, -0.772140998278, -0.301140637508, 0.559564647935, 0.580271897289, 0.0247713075128, 0.814046010702,  
1287, 741862.6190061717, 56.157999203965225, 152.35173276865396, 55.96863762185484, 20.770298859045205, 0.910343461343, -0.396464145069, -0.11870536662, -0.264756787211, -0.337452671331, -0.903343532792, -0.318085878365, -0.853780929915, 0.412164406151,  
1310, 233674.55368535806, 38.20975656984639, 141.20848596638376, 61.43323531092312, 6.430705608632611, 0.148117048101, -0.982020082516, -0.117038017742, -0.789361636286, -0.188685708676, 0.584213925289, 0.595793208439, -0.0058532791191, 0.803116549388,  
1317, 1100708.69682384, 64.05129717137739, 111.03343128576938, 79.44138063033776, 29.79087397059684, 0.42329161729, 0.743609323674, -0.517560992036, 0.741239629432, -0.612723412354, -0.27410551201, 0.520949151542, 0.267610152458, 0.810553383688,  
1321, 500119.7624773738, 49.24118196175098, 105.6015485090377, 70.29184242485732, 16.084597349260378, 0.148466100095, 0.604793837542, 0.782420750743, -0.47918989827, -0.648102094357, 0.59189586642, 0.865063499703, -0.462804590903, 0.193589907073,  
1326, 1006816.878127451, 62.17569178081632, 137.99463103147943, 87.0843984199791, 20.001351052660112, 0.674768323811, 0.681148941763, 0.284119390955, 0.669926453402, -0.726818461242, 0.151438011838, -0.309655060049, -0.0881535225162, 0.946753769601,  
1379, 581029.5998224901, 51.76503946080428, 132.80357700018845, 65.28960942169665, 15.997635781699053, 0.471450813945, 0.841035258753, 0.265318343815, 0.569564026842, -0.520067756147, 0.63649536396, 0.673298558856, -0.148960473113, -0.724209795634,  
1436, 815019.9406111748, 57.946410905901566, 138.67427969027574, 59.32391837392274, 23.65123796921865, 0.607777156792, -0.0372635773838, 0.793232849473, 0.674751470637, 0.550922614383, -0.491115796768, 0.418709183749, -0.833723994354, -0.359981833823,  
1468, 1976350.0207203256, 77.84996430459174, 128.83457466732497, 90.95756129638531, 40.26280405445041, -0.537075859657, 0.269725453694, 0.799248209634, 0.0512973158176, -0.935302612443, 0.350110851798, 0.841972746806, 0.229035374531, 0.488492262835,  
1473, 4068714.140286889, 99.03518632212062, 123.56339035596253, 91.60450544363614, 85.8147454394974, -0.00583160932156, 0.54587085948, 0.837849030019, -0.515848112698, -0.719418494695, 0.465121225184, 0.856660210911, -0.429490435589, 0.285781820239,  
1475, 1837919.8456824983, 75.98817005795321, 98.93183205974101, 86.04508378844218, 51.54373013569421, -0.117119730071, -0.935143622668, 0.334349179468, -0.34058126011, -0.27842913305, -0.898043218966, 0.932891941272, -0.219051644258, -0.285882848486,  
1523, 2876707.5327543938, 88.2271736955473, 106.5416552544442, 92.47074357310133, 69.7081106005834, 0.495236703203, -0.500738728189, 0.709930513426, 0.75841609474, 0.647762714173, -0.0721698923811, -0.423728256126, 0.574163907103, 0.700564181743,  
1524, 1299233.4345827827, 67.69130076479905, 116.67554650016982, 55.19791194144543, 48.161065422037005, -0.360848951775, -0.588700755846, -0.723339100332, -0.924528592335, 0.327773120037, 0.194452214533, -0.122616948089, -0.738915557995, 0.662547267894,  
1549, 425867.1910677987, 46.67258528471901, 88.60946380058049, 67.19391413219951, 17.07558240572735, -0.292931717918, 0.802555932047, 0.519706633182, 0.955299502012, 0.222969661672, 0.194132406953, -0.0399233026334, -0.553343027343, 0.831996168259,  
1602, 275307.3084316175, 40.35614840264525, 114.244884855159, 59.06360708261629, 9.740301510061357, 0.883196217786, -0.391617141863, 0.258070639726, -0.337150201624, -0.912647406114, -0.231094036399, -0.326027885976, -0.117092810683, 0.93808053559,  
1620, 2211367.008115441, 80.82097255933968, 124.98569119981937, 88.90875862530113, 47.50806848413933, 0.331613113483, 0.64968082307, -0.684066934664, 0.725508255063, -0.639114347456, -0.255285375045, -0.603051005141, -0.411640230069, -0.683287498925,  
1627, 2892661.3190505505, 88.38997131657995, 148.153184022091, 91.73496507038612, 50.81162560812772, 0.121530688665, -0.983268977201, -0.135692336509, 0.697815715609, 0.181857246532, -0.692806732743, 0.705892002195, -0.0104909655617, 0.708241781371,  
1710, 686258.1395653615, 54.71834664968301, 105.63517170162316, 78.09993167516127, 19.858191880325958, 0.188977588117, 0.981980143858, -0.00157106913855, -0.290855154806, 0.0575017082693, 0.955037607882, -0.937918306737, 0.180023750141, -0.296480520899,  
1737, 1075816.5439808145, 63.56477827509098, 130.72169739455813, 88.53848222595526, 22.19064154114576, -0.482759354392, 0.422064216874, 0.767336433764, 0.164626257116, -0.816844642217, 0.552868000475, 0.860140454354, 0.393225924012, 0.324856539829,  
1756, 1392997.0394204156, 69.28201784101442, 99.70554065640967, 79.66185104946605, 41.86893341866812, 0.441204703817, -0.450529930223, 0.776119315121, -0.62773660812, 0.463107396118, 0.625682260006, -0.641315180044, -0.76325246258, -0.0784889687152,  
1762, 725645.2364783209, 55.74576929425836, 122.4989596880249, 77.13118596690948, 18.33467979891818, 0.525526375764, 0.473730575607, 0.706683359158, -0.537272520595, -0.45925280141, 0.707407310543, 0.659666784816, -0.751442749736, 0.0131729601549,  
1770, 2058907.2163612156, 78.91920871926393, 127.90466558495068, 80.99229635157866, 47.44801708133656, -0.882171788624, 0.271522369191, 0.384770760823, -0.0370418611055, -0.854524617194, 0.518088389307, 0.469468674015, 0.442790335981, 0.76389520386,  
1789, 1152701.166405046, 65.0443195031244, 82.41960972951603, 72.49649656429474, 46.05539909309682, 0.568913016824, 0.793895726636, 0.214633535398, 0.677034274478, -0.303964714801, -0.670246255744, -0.466864616855, 0.526626079287, -0.710424100199,  
1833, 855733.6272369538, 58.895664987759396, 117.71151325305289, 57.84898576390674, 30.00097004074604, -0.47115265727, 0.734211745202, -0.488823369691, -0.172233794131, 0.466941552941, 0.867352930644, 0.865072652271, 0.492847541685, -0.0935446788865,  
1842, 1084074.979600207, 63.7270141427619, 116.29436383029255, 80.18777678160797, 27.752612491449288, 0.473648897387, -0.880269557463, -0.027968342978, -0.514014152941, -0.302084774489, 0.802828898083, -0.715154649415, -0.365882898242, -0.595553131293,  
1857, 3208651.924684469, 91.4979434262513, 124.52131313464771, 107.259489794445, 57.35279392768055, -0.495772577585, -0.729686569551, -0.470921502516, -0.847571205919, 0.52473381855, 0.0792304901364, -0.189295013701, -0.438419810099, 0.878609963466,  
1882, 1082988.2955675279, 63.70571356171881, 127.88276912169454, 70.40390332202264, 28.716161296193075, 0.833477444847, 0.440189256865, 0.333989172087, 0.468369789718, -0.883521737306, -0.00436804163464, -0.293163928563, -0.160071102479, 0.942566789751,  
1891, 1235947.360875447, 66.57386766659457, 106.93429268945809, 90.57590493463952, 30.463632129504862, 0.606149385192, 0.352976921973, 0.712734323143, -0.74676847585, 0.560973176147, 0.357275718627, -0.273714753546, -0.748809981369, 0.603625583863,  
1951, 1122068.437615126, 64.46296032543574, 137.18618918460706, 92.05434180045309, 21.21172889116002, -0.354741337078, 0.923793971857, 0.1440946957, 0.100623031695, -0.115500742883, 0.988197644141, 0.92953407106, 0.365053798712, -0.0519820621464,  
1972, 2301581.6273094807, 81.90541043089924, 99.67924389389648, 86.80102680400717, 63.5050372485558, 0.388687780109, -0.389867542548, -0.834820405154, 0.127159020716, -0.874695790152, 0.467694192974, 0.9125526796, 0.28794196283, 0.290408390025,  
1987, 1114299.1627280053, 64.31383369563872, 138.46785251436523, 75.47024609635481, 25.455900918638182, 0.924184617045, -0.287257230331, 0.251726194982, -0.300037503615, -0.138183767705, 0.943865849985, 0.236347815818, 0.947833598247, 0.213895254722,  
2012, 2592530.7615541853, 85.22070113889023, 105.95512434886187, 86.95092237695948, 67.17986859454096, 0.355177575889, -0.599269982881, 0.717442943517, -0.887925107344, 0.0237048219246, 0.459376844395, 0.292297610894, 0.800195956647, 0.52368744269,  
2034, 2777185.4068004778, 87.1977787000467, 131.60769721692225, 107.18578288058896, 46.999992717883636, 0.251118427549, 0.740201591294, 0.623731624652, 0.291740006541, -0.672293171659, 0.680374646738, -0.922944908393, -0.011112856823, 0.384771621205,  
2051, 470861.7929820674, 48.26158871136947, 124.52527291913438, 44.120058580759434, 20.460265269144973, -0.617177543511, -0.280385758383, 0.735170528708, 0.0810449916573, 0.90672869033, 0.413853586984, -0.782638862511, 0.315003029554, -0.53688872428,  
2061, 1858315.3281196787, 76.26821812128597, 99.39067381375948, 71.23557692820653, 62.65968669057697, 0.541459764451, 0.69631758997, -0.471129639674, 0.778405747849, -0.203478887254, 0.593869374658, -0.317656756886, 0.688286391221, 0.652193244724,  
2072, 2576736.07517262, 85.04728281016536, 121.18106464275998, 98.35563734720392, 51.611598224092226, -0.663488164168, 0.707986982746, 0.241946044134, 0.415317710981, 0.0795333674228, 0.906192938845, -0.622330020934, -0.701732766606, 0.346808981019,  
2080, 1416148.9328561209, 69.66373789707835, 122.4870711381939, 73.48244880621769, 37.56180461344562, 0.474016489426, -0.875976475189, 0.089294919607, -0.256891791618, -0.0405819852498, 0.965587753585, -0.84220839176, -0.480643649067, -0.244267696309,  
2118, 889269.770394728, 59.655200082035044, 92.80290896470525, 58.056132459731096, 39.40353899437404, 0.460681523492, 0.497224344819, -0.735214584208, 0.559634139007, 0.48021198915, 0.675430289471, 0.688899241088, -0.722609435584, -0.0570389273457,  
2123, 519487.35019556613, 49.868785219650874, 127.05138246415834, 55.80882042963958, 17.490576687239805, -0.91721413346, 0.235181353824, -0.321571087312, -0.0073144205127, 0.797090370137, 0.603815734382, 0.398327418883, 0.556180431738, -0.729382337816,  
2163, 1060675.196992984, 63.26515863453113, 137.04945497525588, 59.96600129476849, 30.811397827453913, -0.193243960253, 0.343249686866, 0.919149837781, -0.0328863111404, -0.938547592984, 0.343579548641, 0.980599440325, 0.0361672250914, 0.192656869756,  
2179, 787818.0004532438, 57.29443355264113, 106.42628749055852, 89.8129546490635, 19.676569938055753, 0.546089815607, -0.615667898893, 0.568101180744, 0.763803686853, 0.644455331704, -0.0357945999804, -0.344078248716, 0.453464842861, 0.822179904309,  
2195, 1771818.5627865454, 75.06604693402302, 120.64430741021081, 68.15674976837703, 51.441654909384795, -0.251874086217, -0.0590053030678, -0.965959532746, 0.923328606682, -0.313619851169, -0.221600706307, 0.289868468059, 0.947713544887, -0.133473997701,  
2196, 253399.47093833005, 39.25596865214829, 101.13330064057781, 60.46199090421355, 9.893283847124835, 0.0642121941567, 0.9391884753, 0.337345226711, 0.886230170197, -0.209073207731, 0.413381759686, 0.458773233257, 0.272421367869, -0.845762211721,  
2269, 2566135.4412808483, 84.93049497710291, 142.20714284594422, 95.77349060597025, 44.980495826704754, -0.327610867247, 0.637284264922, -0.697524110941, 0.1372433853, 0.762535635252, 0.632221209833, 0.934791620017, 0.111391968531, -0.337278010688,  
2270, 799464.0725233817, 57.575375724033, 105.98783259026118, 49.4837042295016, 36.39084405259061, 0.365082002196, -0.670346879862, -0.646026464111, -0.819409206011, -0.560761303883, 0.118807883455, 0.441909136335, -0.485985412051, 0.754012264155,  
2346, 1351511.8164499889, 68.5873061814912, 123.6683191582401, 92.69415109796613, 28.146244000169318, 0.940298037466, -0.114846545577, 0.320390186658, -0.297324477477, 0.180961209536, 0.937470637266, -0.165643459971, -0.97676164524, 0.13601078103,  
2360, 530538.2672534698, 50.21992214665467, 109.57427505353208, 55.75954378096118, 20.73004703881787, 0.937639684078, -0.0591547329566, 0.342538378013, -0.262378072039, -0.766817452123, 0.585788991389, -0.228012214928, 0.639133564044, 0.734519378339,  
2371, 721420.7537357305, 55.637380461188485, 93.10526308456997, 57.784463834247475, 32.01213966762036, -0.898403260703, 0.439031242943, -0.0110972464019, 0.396011127254, 0.820776401193, 0.411705339213, -0.189859864765, -0.365482786141, 0.911249452557,  
2387, 409099.638218093, 46.05182320434034, 144.88252277889288, 52.20538906089484, 12.91246477798124, 0.59858551365, 0.677567963936, -0.427313745504, 0.46198173375, 0.143793936747, 0.875154947101, 0.654422081328, -0.721266218537, -0.226951055225,  
2425, 1434649.6148934995, 69.96579054439268, 110.31599454397896, 85.64285889897725, 36.25163476050225, 0.659451221867, -0.712076426233, 0.240979769237, -0.672370883942, -0.415325320786, 0.612717122611, 0.336216418999, 0.566084835619, 0.752666246405,  
2435, 338296.8319586703, 43.22514317763401, 89.01833324899394, 70.41229721235617, 12.884908818661525, -0.0569717889669, 0.45084383479, 0.890782830938, 0.571393244157, -0.716931347351, 0.399398552473, 0.818696510188, 0.531741741654, -0.216764259944,  
2437, 2165978.243631834, 80.26418992706057, 111.05286685124561, 71.55419322316376, 65.07296820619956, -0.820709610055, -0.567360212497, 0.0673656087193, -0.203342093731, 0.400240278954, 0.893565728987, -0.533936071904, 0.719659717073, -0.443849256777,  
2444, 1403443.765636, 69.45477926998426, 112.8394948119768, 75.20236432505857, 39.48333042973807, -0.418531856586, 0.785265934875, 0.456276776253, 0.893896190213, 0.267358246532, 0.359818244582, -0.160563651385, -0.558459469914, 0.813844170783,  
2445, 1223449.0664891063, 66.34870156557714, 107.5661634603387, 95.19377568503252, 28.52417241923361, 0.4556626335, 0.111003970786, 0.883204213589, -0.856173535758, 0.32617216311, 0.400722593174, -0.243594829788, -0.938770386453, 0.243663128968,  
2504, 1668608.7335418174, 73.57924056411066, 99.31428094862595, 73.02185334641182, 54.92895654125473, -0.981231789248, 0.160981193828, -0.106156634285, 0.0652848248565, 0.79533585111, 0.60264315775, 0.181444392067, 0.584402206681, -0.790918449282,  
2505, 1780822.25246716, 75.19298426822148, 104.42074647878772, 85.53349620665729, 47.600218540148994, -0.117673371148, -0.656730007854, 0.744888363788, -0.666214463889, -0.504043791155, -0.549634555594, 0.736417860883, -0.560932752994, -0.378210497991,  
2512, 3506675.508907485, 94.24731582551004, 124.09398188847685, 85.70770450381241, 78.71117344017767, -0.982323273377, -0.138466186013, -0.125968654486, 0.0378427734746, -0.805936695452, 0.590790967619, -0.183327333144, 0.575580713936, 0.796930317322,  
2515, 2033666.3617002836, 78.5953825140246, 124.45774098097495, 89.40782761714902, 43.63084652057889, -0.961277616457, -0.227563963199, 0.155434831208, -0.0252957168835, 0.634504644296, 0.77250500521, -0.274418422863, 0.738659934625, -0.615691505685,  
2516, 1008413.2178409462, 62.2085349316054, 123.0629884937251, 63.40735885840021, 30.85196281335278, -0.747031974346, 0.611792535524, 0.260102139134, 0.072049974408, -0.314441672726, 0.946538554757, 0.660872174095, 0.725834917822, 0.190818347066,  
2520, 811120.4218530715, 57.85384693101251, 102.62473615295423, 55.51712691576259, 33.98738024329809, -0.658322393064, -0.649602549854, 0.380300084161, -0.708805867818, 0.364898220184, -0.603691585706, -0.253388769554, 0.66698262056, 0.700662768623,  
2588, 3315544.3086138708, 92.5029129302942, 122.00603449700958, 91.00523778834142, 71.28834400804834, 0.708528962574, -0.705506366504, -0.0157313704368, -0.519728460077, -0.536775398982, 0.66464614558, 0.477356299822, 0.462745003075, 0.746992654013,  
2594, 1938130.8372073707, 77.34486648320323, 128.58878882679133, 100.65453843938982, 35.74851574228076, 0.0546358288798, -0.904365963479, 0.423245945407, 0.28454294075, -0.392202130589, -0.874764427506, 0.957105135851, 0.168225125538, 0.235902662269,  
2627, 2293824.9257354126, 81.81329538801127, 104.49142752858513, 83.96985152094123, 62.41192970958119, -0.958647303572, 0.213324243105, 0.188382893749, -0.206900660928, -0.976905520995, 0.0533640286802, 0.195416129991, 0.0121807369779, 0.980644770437,  
2640, 240019.4759418469, 38.55250699392732, 86.5088765110957, 45.9946491747675, 14.400908512741895, -0.963123427873, -0.0961616130737, -0.251289090198, -0.26732480956, 0.236102277458, 0.934233996798, 0.0305075216242, -0.966958457614, 0.253102019696,  
2660, 1074797.0655905178, 63.54469325261555, 129.23465611137132, 73.69406357764494, 26.941785028908694, 0.0647848498748, -0.47886174476, 0.875496631993, 0.462274403983, -0.763122232503, -0.451604731687, 0.884367174113, 0.433976828489, 0.17192676838,  
2677, 626434.099130561, 53.07975710921221, 132.17087120995228, 60.75453760249696, 18.62397191851081, 0.646575278594, -0.758285728986, -0.0833256402705, -0.691358743009, -0.536306557696, -0.484147048567, -0.322433710358, -0.370645422726, 0.871010030388,  
2695, 1061254.7113469567, 63.27667846408333, 73.41139125315875, 72.62311357235939, 47.521780369331225, 0.95612479774, 0.219176629844, -0.194388724151, 0.25713900841, -0.945795576852, 0.198368992439, 0.140374148264, 0.239650436548, 0.960657465886,  
2708, 1626307.4635184791, 72.95213649268189, 136.81266161344186, 59.502631637791666, 47.69266380975836, -0.336839449636, -0.825540621827, 0.452793404194, 0.386352682984, 0.317361931569, 0.866032914352, -0.858644739994, 0.466651996785, 0.21204981579,  
2715, 1152771.6377706896, 65.04564498936743, 114.70340423085631, 74.05493385204986, 32.3984600348487, 0.76017799737, -0.470193598841, -0.448383086125, -0.564330184294, -0.81982499588, -0.0970485405603, 0.321964059187, -0.326810274838, 0.88855736385,  
2716, 2759290.3489679163, 87.01008592700553, 109.89730723779192, 94.2838072237654, 63.57474548176942, -0.697705259177, 0.706643761709, -0.117736847906, 0.446553739822, 0.5575082213, 0.699838796176, -0.560175980178, -0.435705378921, 0.704530832548,  
2721, 1577196.0222938245, 72.21027871397709, 110.62117479787297, 74.75392831423811, 45.53284403417111, 0.489140397887, -0.589921363696, 0.642444126605, -0.399808333797, 0.502982357948, 0.76626499582, -0.775174152937, -0.631665680758, 0.0101735132061,  
2736, 1316228.083627226, 67.98516895544365, 123.20729395319903, 72.79880641738069, 35.03336594745664, 0.733000120059, -0.551270484937, 0.398511827215, -0.559214066609, -0.821908629627, -0.108378190848, -0.387286007622, 0.143412192585, 0.910737333877,  
2750, 271674.3785868006, 40.177849813135424, 69.04808847949342, 59.82856558401492, 15.700006144091269, -0.108993516034, 0.925960381212, 0.361549147265, -0.925623890165, -0.227144688439, 0.302697381008, 0.362409750721, -0.301666476327, 0.881848348438,  
2764, 735301.5839546378, 55.99195490555766, 120.39754387682592, 66.2317846653711, 22.013688016595978, 0.337107630736, -0.940763128193, -0.0363755677855, -0.755224959696, -0.293288536025, 0.58618861716, 0.562133174214, 0.17013691918, 0.809357599075,  
2770, 2417615.677353952, 83.25932480727852, 132.82467112851296, 73.85135269336547, 58.838480722875204, -0.807285137064, -0.431705086176, 0.402394614831, -0.0353890560614, 0.716022287434, 0.697179817988, -0.589099585967, 0.54858253934, -0.593311785949,  
2772, 1155643.4870225356, 65.09961531382933, 127.339739527328, 80.58343497255335, 26.885959107259403, 0.293464051882, -0.774870921897, -0.559869542529, -0.778648356354, -0.533514914611, 0.330255314922, 0.554603991511, -0.339023436191, 0.759919418303,  
2777, 1073928.7875399045, 63.52757705197281, 125.07774869321364, 90.4272678624576, 22.66769757373807, 0.419046383537, 0.898624160162, -0.129902837604, 0.428391300443, -0.0695335682729, 0.900913967362, 0.800550449472, -0.433173985434, -0.4141005629,  
2797, 3913282.7320203255, 97.75767687697176, 116.3958934519737, 103.32212914611769, 77.68221705553971, 0.889469808843, -0.0911433051484, 0.447812859443, -0.10402537663, 0.91380428401, 0.392607248458, 0.444996831644, 0.3957961956, -0.803320105174,  
2800, 1257878.835068267, 66.9653382468601, 96.25231967176947, 75.3465496096381, 41.40717735634325, -0.0171470826241, 0.188768466422, 0.981871907961, 0.998092938726, -0.0550103010553, 0.02800629291, 0.0592997742174, 0.980479644288, -0.187465207213,  
2805, 430407.0136077677, 46.83784554638945, 139.00497017890532, 45.25016440951262, 16.335793691632382, 0.350438566253, -0.843900579071, -0.406232229058, -0.671598292605, -0.52873660271, 0.519031153521, 0.652800539716, -0.0909363381563, 0.752051885011,  
2856, 2525392.381702351, 84.47860860156858, 111.85305900738078, 87.03112822833172, 61.93238106327816, -0.984879100874, -0.0584142071036, -0.163097937048, 0.0880127907184, -0.979606864713, -0.180621536028, -0.14922099494, -0.192245080602, 0.969935525514,  
2871, 1221414.2233036654, 66.31189738484399, 125.99754904216645, 61.0756379369153, 37.891714353229084, 0.115636481046, -0.584286350567, 0.80326687022, -0.3936311426, 0.715524634596, 0.577129986105, -0.911966407181, -0.382928136636, -0.147252552933,  
2882, 2354707.9681336703, 82.53081770000217, 109.93349296190546, 98.22619112072194, 52.058435594948136, -0.554633512053, 0.245639267317, 0.795011331781, 0.669662773137, 0.698874313578, 0.25124980417, -0.493896180975, 0.671741054405, -0.552114587966,  
2905, 256570.02454899234, 39.41901507799845, 131.84860272637164, 61.05213179612612, 7.60923403310823, 0.239895434793, 0.946508820716, -0.215803690127, -0.699748535682, 0.322672387979, 0.637365293099, 0.672905763964, -0.00189270794904, 0.739725794116,  
2916, 1415642.6225123107, 69.65543470367966, 131.32873254409267, 66.37616141133387, 38.76976196875798, 0.199083096145, 0.0971978589292, -0.975150499692, 0.928622961511, 0.29919902527, 0.219406788025, -0.31308994903, 0.949227327618, 0.0306946952971,  
2921, 792934.5905415791, 57.41820146688555, 117.32863812061899, 75.82686455348394, 21.277550329557364, 0.391773359527, 0.132363510906, 0.910490821341, -0.60235044539, 0.784938051354, 0.145073072882, -0.695476509814, -0.605270316898, 0.387247037147,  
2925, 664128.7660835211, 54.12375184161012, 112.58205735954378, 72.81941167114302, 19.339593248259185, 0.537295241981, -0.699099841287, 0.471776679008, -0.673322377506, -0.0187053882537, 0.7391123625, 0.507888569367, 0.714779350823, 0.480769883358,  
