# Void_ID, Void_Volume, r = (a*b*c)**(1/3.0), a, b, c, vector_a, vector_b, vector_c 

1, 1072322.8861883134, 63.49589589621239, 125.91568077736615, 104.6696240638982, 19.42390223730394, 0.485040875425, 0.515067463885, -0.706711296651, -0.191497253241, 0.851084990097, 0.488859020201, -0.853266752644, 0.101783334975, -0.511445013226,  
9, 2056598.5259471857, 78.88969983496058, 110.26060249382718, 78.21493018579115, 56.931272052602154, 0.681419016588, 0.369532674615, -0.631754482552, 0.559029138763, 0.294340403212, 0.775145243842, -0.472392364298, 0.881367874062, 0.00601038473559,  
16, 1176907.52561557, 65.49647246279714, 95.59928239020749, 58.101711282378865, 50.58365122789548, -0.595719730727, 0.202487558101, -0.777249503852, -0.0529222414719, 0.955701847757, 0.289539659721, 0.801446965669, 0.213618274051, -0.558614351956,  
18, 607295.178828516, 52.53358932166976, 141.84632550753, 69.35769121643956, 14.736641082040888, 0.202060265223, 0.977198109582, 0.0652342229818, 0.307684713916, -0.126574947056, 0.943031759593, 0.929785871069, -0.170477674222, -0.326244688159,  
27, 866190.1059117927, 59.13458270314049, 100.627893452409, 76.3256612238217, 26.923756415898293, 0.569081428164, 0.80283010134, -0.177792453441, 0.498447334228, -0.164838356997, 0.85110432443, -0.653985155122, 0.572967838927, 0.493974971467,  
41, 1238498.2779785974, 66.61963760825866, 157.5723775028031, 102.45278252873875, 18.314832535239006, -0.153830153938, -0.987060909218, 0.0452442839844, -0.0104053926651, 0.0474050067993, 0.998821552197, 0.988042515048, -0.15317808859, 0.0175630758381,  
51, 294979.26177003834, 41.29533165079599, 98.85158091934106, 36.42070966363968, 19.560090144390802, 0.0561796725517, 0.922435666595, 0.382042256021, 0.572715973382, -0.343206876459, 0.74444976579, 0.817826545317, 0.176978758457, -0.547574890613,  
52, 762574.9096954272, 56.67584025806219, 119.46221579850497, 95.7142328584921, 15.921603852856578, 0.17820628108, 0.733794679708, 0.655582099676, 0.834368204063, -0.465857312182, 0.294629707828, 0.521605426958, 0.494491994596, -0.695273648177,  
61, 2237597.689490945, 81.13927668474213, 110.48968470514909, 90.77498509077371, 53.260528929095294, -0.977900701859, -0.136039038401, 0.1587564088, 0.19077087966, -0.269939410611, 0.943789799729, -0.0855376453855, 0.953218807321, 0.28992622612,  
84, 322405.5447352323, 42.53743491760022, 133.71347763437637, 49.796257536154954, 11.559578655272674, 0.498292626855, 0.326916990704, -0.803012913477, 0.644138776377, 0.480357351055, 0.595266370674, -0.580335846548, 0.813868599024, -0.0287786159174,  
92, 1777839.8899455073, 75.15098530947522, 120.29533371264746, 102.62761747231953, 34.37882339780949, -0.245881109705, 0.256699321932, 0.93469135976, -0.747009119083, -0.664667035776, -0.0139680907812, 0.617672936025, -0.70165745893, 0.355185802686,  
93, 2102893.2573795323, 79.47725758291392, 115.07948521118436, 77.94865111569757, 55.96572118148554, -0.598974478995, 0.368174946145, 0.71110954328, 0.796026284066, 0.177265566253, 0.578721931585, -0.0870156801369, -0.912701554755, 0.399254484456,  
130, 594135.7851723997, 52.151367462996625, 79.01383059032138, 59.8396920290813, 29.99885197705832, 0.378522103488, -0.655994144681, -0.652987518499, -0.0297197442564, -0.713730831085, 0.699789280827, 0.925114994999, 0.245479088524, 0.28965887372,  
152, 366913.29150667234, 44.411108339166084, 94.9843137179004, 51.23573391281247, 17.99906661981304, -0.594210564891, -0.380763204546, 0.708472431811, 0.133616105324, 0.821874581898, 0.553776947902, -0.793133368968, 0.423723440105, -0.437490463137,  
161, 2292587.6528260554, 81.79858290517501, 124.66543812905216, 119.62002027694527, 36.70180305571712, 0.331895286053, 0.762466975865, 0.555418427684, 0.940893721488, -0.225406583788, -0.252806006354, -0.0675612607878, 0.606494833202, -0.792211773038,  
170, 50199.54146113317, 22.884269147001845, 55.8574555620035, 51.22195728371618, 4.188647588426639, -0.330828752179, 0.352768702438, 0.875275144919, 0.185444711632, -0.885115078316, 0.426827315275, -0.925290546617, -0.303521894957, -0.227402426597,  
171, 979196.5579370208, 61.601850196838846, 101.71161974782427, 76.5638355561125, 30.01836379833649, -0.508374411794, 0.773266344242, -0.378965194043, 0.257237631699, 0.556347695392, 0.790130395992, -0.821817655123, -0.30419796629, 0.481746135463,  
177, 831894.2532347081, 58.343593088990225, 109.06075405842925, 97.60378106040412, 18.657110197523195, -0.0279464708265, -0.646092458977, 0.762747356089, 0.81844964908, -0.4528709746, -0.353621340257, 0.5738982198, 0.614387837459, 0.541450291803,  
187, 2125639.6041683843, 79.76279085088396, 120.00762262325934, 97.4845070295719, 43.37670826861998, -0.145654380968, -0.967598964498, 0.206245109534, -0.789144302928, -0.0121025797456, -0.614088590287, 0.596687581957, -0.252201846673, -0.761812416592,  
189, 1858829.3327386014, 76.27524932887977, 114.82082576809691, 82.69755030969787, 46.73449960430633, -0.936912177346, 0.345734857255, -0.0516040736659, -0.12033036222, -0.180376955009, 0.976209382269, 0.328201425756, 0.920831994764, 0.210599766266,  
218, 1773213.8042573803, 75.08574567448498, 106.04032746140764, 86.72003797603597, 46.034345691087445, -0.164426867307, 0.617769221727, 0.768976588717, -0.928745183956, -0.359560659021, 0.0902691296223, 0.332259218964, -0.699340633147, 0.632871622245,  
236, 837029.2537005647, 58.463391989852, 111.70909337861362, 104.14333342708967, 17.17639526934949, -0.0512429114521, 0.966679563355, 0.250808265052, -0.756140793432, -0.201612411576, 0.622578136466, 0.652399620274, -0.157743644216, 0.741277058984,  
257, 1663945.2300628992, 73.51062907031807, 145.9661181632743, 88.80732960731831, 30.644288901462005, -0.654712309907, 0.158965538985, -0.738973442467, -0.714038967238, -0.450815923587, 0.535642937324, 0.247992226737, -0.878347858457, -0.408662323957,  
295, 1457047.492936526, 70.32801606023835, 96.43967048793546, 69.92917048279705, 51.57877272996774, 0.137764715747, -0.337726738874, 0.931107691379, 0.695451126695, -0.636378559837, -0.333721529062, 0.705243655395, 0.693514944633, 0.147201929661,  
311, 1862542.4359473968, 76.32600340592086, 96.59526667517633, 73.09091979873416, 62.97936741484103, -0.929631073545, -0.235116289154, 0.283736493376, -0.179431857064, 0.961369045863, 0.208743302474, -0.321854432577, 0.143142894451, -0.935905890567,  
316, 1626835.9802545833, 72.96003828862267, 106.79856474571164, 86.3175935354117, 42.12989913251046, -0.628104084766, 0.24457540672, -0.738693528555, -0.582931735939, 0.480938362606, 0.654896085351, -0.515437532525, -0.841950807234, 0.159508583666,  
361, 1404753.3472099209, 69.47637577064492, 125.73375028916817, 88.2541147535761, 30.222099682958053, 0.172411479516, -0.302866571902, 0.937307911711, -0.160807907038, 0.930137392771, 0.330129137769, 0.971810217463, 0.207644576607, -0.111663024501,  
367, 646783.5447377416, 53.64840125013558, 98.75244500257857, 59.04914380542324, 26.47944577694362, -0.00130623109917, 0.0135786531454, 0.999906952641, -0.884084730422, -0.467297810381, 0.00519093891673, 0.467324815513, -0.883995688107, 0.012615078838,  
380, 869233.0892904849, 59.2037496758876, 123.72328010979763, 76.34842139659287, 21.968284983578286, 0.504117588727, -0.280564014823, 0.816792072881, -0.550687617806, -0.832978654934, 0.0537560044937, 0.665288361788, -0.476896628223, -0.574422319952,  
381, 1291442.315128733, 67.55572114143051, 113.23317877251684, 65.50218067301572, 41.56779092956173, 0.126340013543, 0.295251279012, 0.947029504936, -0.795897871748, -0.539663440896, 0.274426580905, 0.592102000271, -0.78840982541, 0.166808778166,  
383, 940859.76876602, 60.78719400345462, 126.67549150686175, 106.94769821054905, 16.57953131026409, -0.315640977601, -0.790553890527, -0.524781211013, 0.337451039872, -0.610420965723, 0.716598241901, -0.886846981699, 0.0490998042591, 0.459447102802,  
404, 1283163.8054668256, 67.41106118413306, 127.85735165019823, 49.657665202514444, 48.24824168587308, -0.549677745912, -0.617117695374, 0.563045402881, -0.821411405149, 0.276548416968, -0.49880284338, -0.152110746305, 0.736672738147, 0.658920023774,  
431, 805449.6583967962, 57.71870751539045, 120.65845842516343, 77.38671402240327, 20.59328423971945, -0.980401874596, 0.0401892762371, 0.192865202572, 0.196530136441, 0.131368222556, 0.971657499108, -0.0137138527848, -0.990518658168, 0.136692055598,  
437, 1787503.8973204133, 75.28690825402764, 121.56626769136298, 75.84194140023608, 46.28453056145079, 0.838998370419, 0.381107065244, 0.388380147865, -0.222757448998, -0.410644532331, 0.884166379695, 0.49644823834, -0.828328722723, -0.259635655798,  
457, 2450627.3405640437, 83.63657153101721, 110.08836931838611, 103.06584357018826, 51.56232169992117, -0.894984639639, -0.208377401918, -0.394438021976, -0.446096502671, 0.419319525759, 0.790676321653, -0.000636486652014, -0.883600584929, 0.468240964886,  
458, 1830020.0655724236, 75.87914246092544, 110.29088935693989, 86.78973594158589, 45.64142933086428, 0.683205420979, 0.25883384874, 0.682814316994, -0.644581463568, 0.653163467352, 0.39735654234, 0.343140043669, 0.711605595582, -0.613084322722,  
461, 1364374.0564284488, 68.80419971661999, 138.0028394521732, 90.0416817503827, 26.212788491510405, 0.674004185816, -0.21212173933, 0.707617640542, -0.460098326212, -0.86995302754, 0.177457769878, 0.577951457927, -0.445180971715, -0.683948839244,  
545, 2353925.73861766, 82.5216778275332, 116.14053308742184, 88.21412769063627, 54.85070188330306, 0.846488486859, -0.334007787699, 0.414603472454, 0.40930668671, 0.906267832313, -0.105577707542, -0.340478013723, 0.259070287512, 0.903856906982,  
575, 1355931.4810646235, 68.66198873429238, 136.52830454633084, 69.85809255278375, 33.93983404450007, 0.317509211335, -0.580511707932, -0.749796010707, 0.432116378304, -0.615263667752, 0.659337587845, -0.844075432837, -0.533344894133, 0.0554967348832,  
578, 1325809.397011593, 68.14973339409353, 112.3020019609652, 93.12447601887054, 30.26503239558342, 0.391994634763, -0.357018192728, 0.847866862413, -0.323097079621, 0.809491350149, 0.490236709329, -0.861364315175, -0.466113466974, 0.201964730703,  
590, 474809.6808583693, 48.39609478382596, 118.88536417587, 45.03757828791965, 21.17032539565136, -0.556925715324, -0.236271381027, 0.796247186569, -0.152428827703, 0.971477040896, 0.181652997492, -0.816455265214, -0.0202037996414, -0.577055115551,  
599, 3253570.8935408704, 91.9229362379024, 136.73125359762454, 94.02493123434348, 60.41723486067153, 0.788897447391, 0.484843735455, 0.377580944555, 0.558981083186, -0.310896589612, -0.768689442628, 0.255305632804, -0.817477744503, 0.516284002367,  
600, 242109.12734481783, 38.66406548408726, 127.65243141238693, 98.74270442878597, 4.585518437283998, 0.0111249661658, -0.757942840981, 0.652226099549, 0.0688411776142, -0.650138310074, -0.756690868214, 0.997565600546, 0.0533181730705, 0.0449449110347,  
669, 1532251.2038702357, 71.51774086522465, 141.15959214255176, 86.6629704958503, 29.901804386358208, -0.702772570206, 0.198283143845, -0.68322361598, -0.0883306945943, 0.928621768864, 0.360359957243, 0.705909628039, 0.313600709914, -0.635095419432,  
675, 1005830.8973343557, 62.15538883003363, 106.7378375381591, 81.4690177815314, 27.613755976590962, 0.209252018596, 0.0689332214879, 0.975429035701, -0.947276675966, -0.233239621342, 0.219695649042, 0.242653027768, -0.969972932618, 0.0164929713324,  
682, 1020162.1248992787, 62.44919753501303, 141.13381067153705, 59.296898892341645, 29.101644910237834, 0.407553317441, -0.910530637553, -0.0695287819476, 0.355029239618, 0.087840614508, 0.930719219453, -0.84134091334, -0.404002456081, 0.359064733748,  
704, 686235.6041629257, 54.71774769457217, 130.86228155212018, 74.47986840695151, 16.80858865516609, -0.954038433567, -0.129987129351, -0.270025949641, -0.236230754331, 0.880631633666, 0.410710307267, -0.184406339328, -0.455621851968, 0.870863381952,  
710, 1627075.1051759124, 72.96361285686173, 111.47256510749881, 78.41132145059198, 44.43981303480167, -0.933302608368, 0.26456459073, 0.242799955819, 0.027226018244, -0.622070595155, 0.782487647554, 0.358057237247, 0.736908238504, 0.573377068673,  
717, 1014864.463495368, 62.34091114151617, 133.5799518379985, 63.91763671491463, 28.37640961869517, 0.0333811866795, 0.996697696154, 0.0740229616855, -0.462544236826, -0.050248648297, 0.885171114713, 0.885967564505, -0.063786956544, 0.459339415705,  
754, 1334468.5230403738, 68.29777806493793, 150.5539203833267, 94.480443299298, 22.39678772181386, -0.629197058186, 0.303585677614, 0.715504576029, 0.127701737066, -0.867675646249, 0.48044899756, 0.766683329883, 0.393668273111, 0.507170545699,  
765, 1324369.7270457253, 68.12505698157203, 116.32159589271541, 87.57098297765003, 31.03845241068786, -0.977319862487, 0.19900438949, 0.0724095252873, 0.181159075007, 0.608589231299, 0.772528664251, 0.109668937859, 0.768125250536, -0.630837794967,  
811, 3971210.873352628, 98.2376835458966, 125.86785741566986, 113.76319457585826, 66.20910560621496, -0.584310556435, 0.652325286003, -0.482755522889, 0.800453970627, 0.365323414589, -0.475197057714, 0.133621160547, 0.664086232348, 0.735618692979,  
820, 3544336.5265452443, 94.58351443585468, 114.35768931662572, 98.47755351459764, 75.13524705240962, -0.203659029638, 0.957252620766, 0.205403066395, 0.282278899073, -0.143478181715, 0.948542373597, -0.937465531518, -0.251160170826, 0.240991588662,  
825, 1466057.4590578598, 70.47268107718676, 119.4045359842637, 59.63524669853992, 49.15169930841992, -0.134814951075, -0.466785981551, 0.874034196353, -0.184379515544, 0.878498977633, 0.440730916258, -0.973565161257, -0.10173688478, -0.204500569831,  
833, 566762.2712255651, 51.337822125101965, 100.03410530818671, 64.42500431246357, 20.99470487991794, -0.474905295845, -0.120783013009, -0.871708909985, 0.860408046659, -0.27176611195, -0.431092998829, 0.184832229933, 0.954753708641, -0.232985842089,  
863, 1490894.3412720102, 70.86842032838082, 128.28481269025227, 65.08088881010677, 42.63139432962924, -0.129192209186, -0.350229790937, 0.92771141344, 0.222283779999, 0.90151526024, 0.371295241962, -0.966384651283, 0.254183652297, -0.0386183462878,  
871, 550154.8356027805, 50.831404353853934, 100.2648789779777, 56.93317636778314, 23.008169970949538, -0.385280922476, 0.383132168243, 0.839504825735, -0.00971166484655, -0.91137022684, 0.411472955606, 0.922748229119, 0.150379690405, 0.354854412924,  
926, 2595559.395308231, 85.25387359656236, 123.1213636054645, 118.60918072324878, 42.431720267561346, -0.776608132757, -0.170417859639, 0.606496134573, 0.429398522747, -0.847633787372, 0.311663073154, -0.46097366172, -0.502468621529, -0.731456470051,  
936, 881086.1365765315, 59.47164064237099, 89.63422396451853, 78.14223843802382, 30.03101757021416, 0.845502010457, -0.518753445455, -0.126574930937, -0.0374144281423, -0.294015674688, 0.955068030878, 0.53265984538, 0.802776211572, 0.267999707563,  
999, 1212752.4158422844, 66.15477241302746, 119.70258614496197, 60.34307347410857, 40.08229493216546, -0.860089228614, -0.420612325956, -0.288672461583, 0.1169526975, -0.713368021854, 0.690961744197, -0.496556729256, 0.560527730492, 0.662751897757,  
1032, 391680.61441368575, 45.38870821627244, 143.8069459753784, 42.31668143089144, 15.365687723818619, -0.0268950200087, -0.883240860346, 0.468147669559, -0.684455024114, -0.325049164132, -0.652582838315, 0.728558836241, -0.33797725295, -0.595796440593,  
1035, 1894328.1925675825, 76.75774446939917, 142.20708551144546, 73.3992119818782, 43.32653721594332, 0.464749088545, 0.0896795145178, 0.880889249209, -0.763355140522, 0.544683835333, 0.347287271528, 0.448661580854, 0.833832779521, -0.321598634423,  
1064, 1275795.1201832425, 67.28177533136562, 92.27329729624948, 63.70671197762218, 51.812088239028775, 0.462297173182, 0.0134326332989, 0.886623306727, -0.776963568126, 0.487997745482, 0.397725802795, 0.427327669912, 0.872741522312, -0.236036644953,  
1081, 1394452.4648262337, 69.30613842622596, 130.75804635337028, 80.87018276654625, 31.481705880007926, -0.246142518595, 0.960584003166, 0.129198426467, 0.166181199845, -0.0894995758107, 0.98202527195, 0.954880971304, 0.26318852329, -0.137601351195,  
1099, 1307889.5962044985, 67.84129955804782, 116.78445639980684, 67.89595661765173, 39.37798784640414, 0.0802732686947, 0.703625244857, 0.706022462201, -0.955336454143, -0.147791862896, 0.255909797873, -0.284408969125, 0.695031711551, -0.660335110546,  
1110, 927019.3699461722, 60.48765293222173, 96.11566329326337, 58.54919331351126, 39.326483679876596, 0.410877749693, -0.619784997128, -0.668615010408, 0.49826328971, -0.461505063754, 0.733993712682, -0.763487504112, -0.634727999591, 0.119193949514,  
1152, 1445786.7816159632, 70.1463719112944, 122.8217895135586, 74.12840945059087, 37.910153074793136, 0.659046979809, 0.751153421269, -0.0377573320168, 0.23382801525, -0.156924436966, 0.959530708402, 0.714829726361, -0.641204537413, -0.279061289884,  
1173, 2233458.9460095875, 81.0892197401708, 121.3164884008093, 95.56882247656739, 45.98892932507504, -0.898609668907, -0.370395938023, 0.235175492011, -0.421192917007, 0.578150056723, -0.698812591883, -0.122870621427, 0.727014003309, 0.675539376634,  
1198, 961138.6315340187, 61.22081986934065, 87.31086169589004, 53.922011384164165, 48.737479546496, -0.00484108618587, 0.956793994141, 0.29072636045, 0.256335160544, -0.279828308863, 0.925196413216, 0.966575837352, 0.0790023438553, -0.243905269135,  
1215, 706923.9290611611, 55.26218144078475, 122.21455121187579, 46.6264356813633, 29.616173014320566, -0.714368027544, -0.566037997574, 0.41143566511, -0.235727313748, 0.748249547118, 0.620125188, -0.658870969748, 0.346010983265, -0.667956169733,  
1236, 1852475.9166681948, 76.18824805300808, 150.6553261027497, 87.13627134278995, 33.68840886885496, -0.0445262706871, -0.962513137771, -0.267555360323, -0.235141764787, 0.270393956623, -0.933592769185, 0.970940658162, 0.0213440352523, -0.238366672351,  
1238, 668039.0116405521, 54.22976700334729, 89.58334225705619, 56.64308749437882, 31.42961320053895, 0.927310269346, -0.294556723128, 0.23093722356, -0.27575507745, -0.954842318598, -0.110613217449, -0.253090500861, -0.0388906604975, 0.966660599642,  
1253, 2259193.1227762448, 81.39947103339254, 138.89442264211658, 78.60053251295894, 49.40312860642902, 0.524611052103, -0.180124405604, 0.832068772709, 0.288386084461, 0.957177706212, 0.0253831641095, -0.801009806619, 0.226640766934, 0.554091375554,  
1269, 1354721.163106625, 68.64155319420615, 105.96538975031234, 92.30754777135007, 33.064354792340964, 0.0720336006532, -0.886701611206, 0.456696193395, -0.990271788584, -0.11823420833, -0.0733652282495, 0.119050178969, -0.446968594719, -0.886592426215,  
1303, 3024099.2068973337, 89.70895719436464, 113.57285913454733, 98.78285964298934, 64.3504030853002, 0.363247839776, 0.158922041842, 0.91803855666, -0.478490211099, 0.877293510872, 0.0374594936597, -0.799436129269, -0.452879542924, 0.394717614023,  
1307, 976411.0989370268, 61.543383083333644, 144.6972169705537, 76.5465072466118, 21.04546572647788, -0.124748339929, -0.837188964792, -0.532496468453, -0.963154531565, 0.23106206824, -0.137636001639, -0.238267077062, -0.495706523914, 0.835166954649,  
1314, 1373575.9094329788, 68.95853375989974, 94.57689531879895, 73.39393263315162, 47.24097406505634, -0.685712205993, 0.685776783419, -0.243944612312, 0.0762142613287, 0.40095223624, 0.91292315702, 0.723871643955, 0.60741049347, -0.327203813395,  
1323, 1996167.066329138, 78.10930237012704, 138.65724542726554, 82.58348362566535, 41.61716667209977, -0.545326229457, 0.818560858043, 0.18049217475, 0.0350882477074, -0.192846189816, 0.980601428689, 0.837489175058, 0.541080833844, 0.0764422194069,  
1339, 2219060.6176826716, 80.91459267226017, 105.56073517103188, 93.9067395392748, 53.44183827484857, -0.711494368872, 0.0732813854003, 0.698860216079, 0.494162182709, -0.654894126323, 0.571766928466, -0.499579323275, -0.752159239696, -0.429740593725,  
1344, 1172892.098069921, 65.42189962304678, 137.8357918343259, 54.289896754272405, 37.41867713950547, -0.826555593144, -0.236424295617, -0.510792916831, -0.151885439031, -0.780148967872, 0.606875935705, -0.541974782488, 0.579198705428, 0.608927084943,  
1356, 1278905.565373792, 67.33640960772617, 154.42182246319217, 73.07075636475606, 27.058118320360258, 0.33704612637, -0.207464081451, -0.918345557841, -0.730713342838, 0.55743441532, -0.394112779817, -0.59368166495, -0.803881538241, -0.0362843379137,  
1378, 1918081.608636646, 77.07724041583948, 129.90921838078665, 87.19766971172021, 40.423472980078664, 0.368730316298, 0.147417011218, -0.917772400242, 0.716298239598, 0.584193837607, 0.381620743738, -0.592414370008, 0.798113892189, -0.109815432898,  
1384, 1534732.327162236, 71.55632214608924, 100.81742205441239, 88.1796977057574, 41.21353226577443, -0.245934574431, 0.354210945965, 0.90224763278, -0.867061892424, -0.496474461541, -0.0414340891463, 0.433266499749, -0.792494614995, 0.429223048541,  
1399, 1828578.0201184193, 75.85920644525444, 107.1495058894747, 81.21573932829922, 50.16427165497751, 0.273658413202, 0.36162835611, 0.891255297286, -0.600501970819, 0.788079461217, -0.13538148267, -0.751337777518, -0.498152280799, 0.432823115382,  
1409, 3850494.218039096, 97.23201561763592, 106.95349206848263, 98.2485092730948, 87.47962803488063, -0.185720095571, -0.497670697821, 0.847249622385, -0.981917140025, 0.126201791139, -0.141109312376, 0.0366984499277, 0.85813576108, 0.51210959699,  
1423, 1000450.8462481414, 62.04437044562605, 121.7884804902133, 61.401325166204025, 31.939137968441297, 0.262110171995, -0.416283547448, 0.870635552835, -0.914115909575, -0.396288002454, 0.0857200266704, -0.309338587309, 0.818329901222, 0.4844025301,  
1424, 3464684.817632854, 93.86961599109608, 121.7810971850374, 101.10776276479065, 67.175474131163, -0.939785390177, 0.235895323326, 0.247299043351, 0.333061844969, 0.469888231404, 0.817480799416, -0.0766369873828, -0.850622387679, 0.520161826496,  
1439, 1490730.1913330075, 70.86581932272549, 149.0970701505327, 78.63741834705242, 30.353731017497314, 0.701153664512, 0.543444044246, 0.461575681242, 0.517405644025, 0.057617160079, -0.853798373385, 0.490586320918, -0.837465720873, 0.240782532777,  
1441, 999114.7800601653, 62.01673879852399, 96.10151929928469, 74.43805461670759, 33.342756901455566, -0.616363509412, 0.150501642316, -0.772945845403, -0.419335516865, 0.76808676225, 0.483942610185, -0.66652362941, -0.622408211158, 0.410309968343,  
1450, 2674963.6036376925, 86.11452742911969, 133.09028618885102, 74.7015745711109, 64.23225262302421, -0.023908745871, 0.143259545201, 0.989396318257, -0.847830318865, 0.521505432842, -0.0959991350398, 0.529728347631, 0.841135414915, -0.108991245024,  
1471, 2574840.1019839738, 85.02641830971803, 130.54232246764, 93.2752912874116, 50.48283155449086, 0.477584586225, 0.341123925202, 0.809658835964, -0.488316571205, 0.869159796419, -0.0781548115892, -0.730383385139, -0.35804429327, 0.581673787247,  
1487, 1406794.7111181177, 69.51001344843111, 142.91317596319936, 52.01568627619961, 45.17888559058041, 0.273840568011, 0.952504680721, 0.133214775894, 0.792406617073, -0.301940642611, 0.530022265154, -0.545071643484, 0.0395813282377, 0.837454608874,  
1489, 1900679.0422687375, 76.8434271136151, 112.67100060550369, 70.05574172570631, 57.48629112364254, -0.215032086295, 0.505968646121, 0.835318460832, 0.976567137947, 0.119127465332, 0.179235242307, 0.00882195809632, -0.85428588666, 0.519728580038,  
1496, 459966.57647091645, 47.886440382633126, 123.85542247981768, 111.1925880581339, 7.973459665476435, 0.0722221526253, 0.579716353832, 0.811611304609, 0.287109352637, -0.79137646064, 0.53971429217, 0.955171283225, 0.194041868276, -0.223596898586,  
1497, 2228595.4664186775, 81.03031822165995, 107.85174495806518, 100.87721884968826, 48.90151983381159, -0.491321822973, -0.499518233543, 0.713501507096, 0.411941117609, -0.855050194257, -0.314950283258, -0.767403011392, -0.139178660933, -0.625876919568,  
1506, 827004.5553475722, 58.22905797087891, 109.54694682160526, 70.94606344882602, 25.40333360964247, 0.271978427457, 0.536096969007, 0.799141899051, 0.920825296151, 0.0961966605896, -0.37792456451, 0.279478995573, -0.838657404613, 0.467488233778,  
1511, 984929.7814350332, 61.72184317072589, 116.90141149156533, 53.016422351158816, 37.93905314047704, -0.745942757644, 0.575189476834, -0.335747625542, -0.131753052331, 0.366712433746, 0.920957721146, 0.652848018699, 0.731217516663, -0.197763514849,  
1515, 1203052.887401543, 65.97793268578258, 115.67383910700364, 79.63582273084273, 31.178304170213504, 0.687553258758, -0.53046117417, -0.495864355513, 0.151018869793, -0.563488866783, 0.812202929063, -0.710256163181, -0.633317645191, -0.307318959638,  
1522, 2986204.5056882096, 89.33266956176269, 110.63201561578154, 108.48182679317324, 59.40091328021575, 0.905410873009, 0.420467839531, 0.058634008541, -0.420167398011, 0.86774190459, 0.265486995289, -0.0607495570877, 0.265010910981, -0.962329833464,  
1527, 498756.35819100955, 49.196394863700654, 96.37809121024523, 55.61935592875723, 22.212403786832137, 0.771687257724, 0.0301289390614, 0.635288141946, -0.237745932506, -0.912797391918, 0.332081003497, 0.589894607403, -0.407299850648, -0.697231083514,  
1530, 1013279.9365488099, 62.30844956290543, 138.6189436243989, 104.47938875030609, 16.702736360372548, 0.443122054474, 0.646720607585, -0.620802142847, 0.610448819715, -0.724822016915, -0.319351346175, -0.656502157915, -0.237456310761, -0.715974452849,  
1556, 728602.6590455597, 55.821398689057304, 125.4741769543828, 62.543949499502254, 22.164732002119152, 0.614375195811, -0.272442802224, 0.740485002068, -0.566738396024, -0.805332508958, 0.173917050593, -0.548954195943, 0.526511604365, 0.649180114625,  
1557, 431556.90370913735, 46.87951965255115, 98.82390560240486, 55.597303620965164, 18.75140077472558, -0.981893414331, 0.100047222869, 0.160859802593, 0.1886799729, 0.440809087791, 0.87754613323, -0.0168875907264, -0.892007792184, 0.451704447579,  
1560, 4098919.537766376, 99.27965545203196, 120.57214042083876, 103.19644600766617, 78.64462978311101, 0.731696928217, 0.651379329974, -0.20080979488, -0.492909505463, 0.709116642453, 0.504176364797, -0.470807630208, 0.269923240715, -0.839929532437,  
1567, 938613.1663690035, 60.73877251284121, 83.79618130110518, 66.6991897219586, 40.09158691205518, 0.589957399542, 0.341528619815, 0.731647776305, 0.735662343535, 0.146116382765, -0.661400724971, 0.332793003276, -0.928443969518, 0.165047303631,  
1568, 1377343.4776498033, 69.0215247699149, 116.97450193106863, 91.76204725968154, 30.6336924894124, 0.0800249733202, -0.252241757455, 0.964349573257, 0.190009812055, -0.945852619783, -0.263171223679, 0.978515342224, 0.204296151324, -0.0277634217364,  
1577, 827624.0364506028, 58.2435934805291, 130.14100057291103, 77.75232945611826, 19.526164115830795, 0.863255845958, 0.390267702501, -0.320125701568, 0.312431859472, -0.911237648096, -0.268388304288, 0.396453878285, -0.131670304458, 0.90856329076,  
1579, 2932021.1320843427, 88.78906764846934, 121.3629957367776, 88.66016947553912, 65.05244760518308, 0.349279849139, 0.936452475703, 0.0325629810387, 0.768428085603, -0.306150381911, 0.5619521518, -0.536210652861, 0.171256253623, 0.826528542371,  
1590, 1648653.5336301415, 73.2847475524577, 112.77423477732663, 71.93397453488247, 48.51732440480112, 0.556074303608, -0.50543678229, 0.659784076782, -0.573556974967, 0.341153209482, 0.744746187722, -0.601509572105, -0.792557976913, -0.100190258501,  
1593, 1592218.9475808875, 72.43882427141556, 129.6138654981013, 94.75032171291379, 30.951522900601457, -0.318885167299, 0.903991524292, 0.284800937647, -0.862485908784, -0.152183582721, -0.482657450268, -0.392976217125, -0.399549097306, 0.828209038598,  
1596, 2368262.4807993504, 82.68887344660958, 99.43761083226782, 82.57875484087923, 68.8528964070656, 0.759444073313, 0.429140219507, -0.488961523549, 0.495896280283, -0.868343912103, 0.00810737409756, 0.421107561926, 0.248631297938, 0.872267676218,  
1602, 3285629.5333780646, 92.2238669172918, 117.88933897759046, 87.32139801463542, 76.19645589444681, -0.389908542549, -0.198664791573, -0.899168298505, -0.901802626629, 0.279971100792, 0.329193264401, -0.18634202707, -0.939227599313, 0.288319554724,  
1612, 1544202.9180701072, 71.70320801184097, 102.77271377572718, 75.650911397299, 47.41587512826288, 0.135297000514, 0.437253883598, 0.889102785358, 0.345576227647, -0.861828318477, 0.37125331023, 0.928585910154, 0.257023327249, -0.267707334066,  
1622, 1785724.1183062969, 75.26191277367677, 137.94195190325672, 79.89098454542683, 38.68402138586716, 0.181243937244, -0.341899567186, 0.922092902679, -0.471107076931, 0.792852580942, 0.386578461582, -0.863254746456, -0.50446949447, -0.0173715822768,  
1625, 717677.9013114278, 55.540994878858974, 116.06644093947875, 62.918613567756815, 23.46146637726043, -0.380228904279, 0.315777603806, 0.869316102051, -0.033061520466, -0.943950330861, 0.328427630889, 0.92430131246, 0.0961367661283, 0.369357287708,  
1631, 1962152.8725698476, 77.66310391381126, 115.87154246014308, 84.43503599897247, 47.87896460327089, -0.157051720338, -0.980726738151, 0.116231760784, -0.983815261058, 0.165644802505, 0.0683325070018, 0.0862687037614, 0.103618842299, 0.990868733119,  
1648, 2081763.4290511434, 79.21016571263421, 126.98166712100372, 108.17298220399036, 36.18119761870199, -0.780792847009, 0.473269550728, -0.407895161057, -0.516168842627, -0.120764849326, 0.847930172283, -0.352040134019, -0.872600586478, -0.338579326773,  
1650, 398094.2826664549, 45.635110910318375, 136.60080044926787, 33.89692751170764, 20.525027716251635, -0.463359656728, -0.885618998785, -0.0312540798647, 0.0554151405712, -0.0641570550495, 0.996400037376, -0.884435973213, 0.459959630053, 0.0788044923146,  
1652, 1782606.8202854684, 75.21809292829285, 123.93506345414562, 63.34703729153264, 54.20588670899715, 0.607870492514, 0.0440245864558, -0.792814795598, 0.58133570254, 0.655445127005, 0.48212082141, -0.540871764176, 0.753958567345, -0.372832688272,  
1653, 2315158.1696333634, 82.06614235634348, 125.34829337133786, 90.90079041921803, 48.50717389919741, -0.97507297965, 0.100084155269, -0.198029912437, 0.125102082501, 0.985086903923, -0.118123920831, 0.183254340494, -0.139953397896, -0.973052358873,  
1658, 1640911.245738824, 73.16984932233434, 123.05284362411952, 91.66703407992587, 34.72894960262785, -0.36604303106, -0.912409611096, -0.183087959715, -0.930583849935, 0.357801280317, 0.0774076355637, 0.00511836426377, -0.198713223977, 0.980044313776,  
1673, 3632782.5681782723, 95.36381104473683, 126.58414231225925, 110.63348640051022, 61.927691897755544, -0.711701036139, 0.691705550197, -0.122576779964, 0.335631396133, 0.488106017753, 0.805669958086, -0.617116845572, -0.532255528163, 0.579543658106,  
1691, 1892301.6585348074, 76.7303631380376, 108.78738060505664, 90.43355580334075, 45.919128120521485, 0.162006389718, -0.491538413307, 0.85565408778, -0.655179685025, -0.7019832795, -0.279211489079, 0.737898034976, -0.515373130408, -0.435771759562,  
1692, 1333319.348666905, 68.27816761201079, 99.79262930831824, 88.68629371148967, 35.96587255783749, 0.751919048409, 0.635360881798, 0.175881478616, -0.334653944631, 0.137998977071, 0.932181859762, -0.56800042428, 0.759784727543, -0.316390084879,  
1694, 3725729.2057881346, 96.17028261538948, 109.56228563716242, 90.88857393423666, 89.3207382483227, 0.0444222367268, 0.85605585951, -0.514970902365, 0.876902104213, -0.280371235391, -0.390428828331, 0.478611914301, 0.434235346055, 0.763131901919,  
1699, 1556789.8759915356, 71.89750115465466, 107.97182356063604, 61.056946873696305, 56.376209091159076, -0.710220923537, 0.696283733312, -0.103803672844, 0.653700258958, 0.597562876634, -0.464321634115, 0.261270379509, 0.397627427619, 0.879562514888,  
1702, 2385649.634143537, 82.8907401389507, 132.93482561319672, 83.76325801644144, 51.14765430567009, -0.389499084752, -0.721975600321, 0.571875594442, -0.152871850862, 0.662975438457, 0.732866812741, -0.908251430052, 0.198027272222, -0.36859807279,  
1703, 1977312.2394380413, 77.86259643595909, 91.19244486407737, 79.88657423379793, 64.79686409439186, -0.150865207934, -0.765279821848, 0.625768713909, -0.502035431482, -0.485995755978, -0.715380004409, 0.851586821511, -0.422084019412, -0.310877734786,  
1705, 1234931.0098732174, 66.55561419976995, 133.55311844392233, 90.95986705449155, 24.26890808002925, 0.657387835829, -0.598556260315, -0.457789948057, 0.476797082702, -0.140042226945, 0.867786100718, -0.583528726998, -0.788744938437, 0.193327822255,  
1708, 1378708.256129498, 69.04431453321325, 116.45265478611275, 84.50179527394019, 33.44786776120771, 0.0243226902462, -0.992124617576, 0.122870459995, 0.886906283052, -0.0353000273182, -0.460598689919, 0.461308629686, 0.120177582234, 0.879062965268,  
1709, 1625031.859784587, 72.93305802595067, 109.69071196757427, 72.53684227393504, 48.757875010030126, 0.348943950334, -0.176255458647, -0.920419541743, -0.851468190457, 0.350631902488, -0.389947675461, -0.391458861395, -0.919777843968, 0.0277250352656,  
1710, 2027790.0377189682, 78.51960845080727, 110.8159774519891, 88.25961823382791, 49.49598252788739, -0.63432956886, 0.296189194376, 0.714071396433, 0.604312383564, -0.386066953632, 0.696964023738, -0.482112581396, -0.873627076302, -0.0659028862092,  
1711, 2552072.1277301377, 84.77506114902842, 103.12336857798364, 96.57239827397076, 61.17785239485906, 0.83287675386, 0.0562651637271, 0.550591086225, -0.411196958668, -0.602962028364, 0.683632835324, -0.370450231558, 0.795783276842, 0.479056992682,  
1712, 992556.6231803049, 61.880748867290556, 91.1983858696316, 74.0713156599446, 35.07756773516774, 0.32850985563, -0.933606004577, -0.143042311824, -0.0907235061526, -0.181938154751, 0.979115801771, 0.940133245974, 0.308671890628, 0.144468487051,  
1714, 2890272.3569694385, 88.3656317409518, 122.39822259054813, 81.85548408470898, 68.86955352303107, -0.935888641969, 0.297228623823, -0.18912322706, 0.351104220807, 0.742810193597, -0.570051613821, 0.0289529957782, 0.599906793985, 0.799545847695,  
1715, 1240039.0433305372, 66.64725242076159, 110.9074175580345, 103.5257096766109, 25.78326668957449, 0.0395271562834, -0.61639855394, 0.786441623146, -0.999007233335, -0.0405621567014, 0.0184189898888, 0.020546329622, -0.786388920411, -0.61738992071,  
1719, 3532889.8838071018, 94.48158362361771, 118.31674264328305, 100.23488073271544, 71.11748817880948, -0.204744832314, 0.600236837305, 0.773172227116, 0.976328369715, 0.181509601624, 0.117631539174, 0.0697313998892, -0.778954429772, 0.623191405756,  
1721, 1705679.4455241875, 74.12014647460803, 116.49679824152632, 77.51955690070214, 45.090342640430734, -0.438713553498, 0.191194039528, 0.87805196727, 0.0603848880519, -0.968623182768, 0.241086696231, 0.896595830501, 0.158789070952, 0.41340288784,  
1722, 1036757.1560918508, 62.78599929167836, 93.43014416943959, 86.33465544147786, 30.684302341006855, 0.493436415205, 0.570167342483, 0.656833088171, 0.845812837448, -0.138485599079, -0.5151915982, -0.202783500705, 0.809772153395, -0.550588695333,  
1724, 1004849.2704916113, 62.135162349478136, 117.08080992084773, 78.19165570950565, 26.20391516730907, 0.387600469071, 0.613834117097, -0.687730727148, 0.68609247498, -0.690364597561, -0.229507817319, 0.615664675089, 0.38288953906, 0.688732610471,  
1725, 462771.2072130205, 47.983571884276266, 123.06786233289242, 45.383913453713326, 19.780220172318028, -0.440783130308, 0.231295174397, 0.867302008724, 0.897612760875, 0.112233943535, 0.426256816289, -0.00125041998677, -0.966388164362, 0.257084329026,  
1726, 1657459.258669113, 73.4149911707629, 120.91013944303911, 62.953578025164816, 51.98416972922246, 0.21211206687, -0.976777099307, 0.0302484604144, -0.892868379724, -0.206286881925, -0.400289618695, -0.397233593214, -0.0578983645288, 0.915889322903,  
1731, 2310560.6788689583, 82.01178345602538, 100.74257710036353, 87.08798516286463, 62.872028059465556, -0.126977804367, -0.658606321074, 0.741696940158, 0.926545893426, -0.345696873379, -0.148345472164, 0.354103578877, 0.668379671727, 0.654124812134,  
1733, 2872151.13170407, 88.18056823771359, 148.35666984345946, 91.28838745842695, 50.62861739233427, -0.0435762830539, -0.756960453457, 0.652006119187, -0.435066004482, -0.573114850283, -0.694447219109, 0.89934347126, -0.313927125759, -0.304353545098,  
1735, 948843.7981526302, 60.95865433000162, 113.26710033821584, 75.62824708442967, 26.443461039869987, -0.995699978028, -0.0920505943769, -0.0104039333863, -0.017202156599, 0.0733709404976, 0.997156352283, -0.091025488537, 0.99304752815, -0.0746389125809,  
1754, 2867711.972921118, 88.13511457233491, 123.65828011672917, 75.97895534921105, 72.86691790534982, -0.668184006291, 0.189083389251, 0.71956765189, 0.732452548965, -0.00252910248407, 0.680813386439, -0.130550362891, -0.981957776867, 0.136804704594,  
1758, 3281374.4873522385, 92.18403829227886, 135.08490622071946, 84.24018474484772, 68.84003010715685, 0.395415102321, -0.858137836962, -0.327484884584, -0.826933361374, -0.177410719113, -0.533579096845, -0.399785083142, -0.481793409584, 0.779773683692,  
1759, 896473.477735331, 59.815850020797996, 123.57060965513135, 109.92017529032678, 15.756372318360903, -0.778954367258, -0.250171666744, -0.575016722268, -0.523847606383, 0.763644664006, 0.377399671995, -0.344693746703, -0.595198256293, 0.725896174869,  
1778, 106265.89710586818, 29.38338109682457, 95.38787366801147, 74.29855101369735, 3.579577681661043, 0.0743772428339, 0.564606158824, 0.822002379051, -0.217238120159, -0.795316182968, 0.565932653466, 0.973280856124, -0.220662761986, 0.0635005557029,  
1787, 680101.3335687433, 54.55421853034625, 114.74802354803592, 47.76339236602907, 29.62406408507762, -0.142696088856, -0.965909764399, -0.216000354778, -0.986973988189, 0.122481780144, 0.104309923651, 0.0742978658129, -0.228071349739, 0.970805483382,  
1790, 2622070.7279600664, 85.54315508867559, 110.78552828954298, 90.38124022645204, 62.51647228217684, 0.275821767532, -0.642154249778, -0.715234417549, -0.924917376992, 0.0252242231184, -0.379330442103, -0.261629887997, -0.766160334434, 0.586982234524,  
1795, 2111670.8356909626, 79.5876847232831, 125.05384794206694, 80.0517797182573, 50.358126140005766, 0.621438340183, -0.643672465754, 0.446654392323, -0.67496106242, -0.729314569397, -0.111927758319, -0.397796371989, 0.231918122827, 0.887677886813,  
1800, 1149890.3633523898, 64.99140738580657, 106.7595721892565, 55.05811799810231, 46.702447195121465, 0.957461576923, -0.159103939168, 0.240734844294, -0.119506288345, 0.540718215553, 0.832671639012, -0.262651053229, -0.826020428264, 0.498702994104,  
1801, 1844245.7887059597, 76.0752515454773, 126.34383253320728, 75.30890497672766, 46.27322958151403, 0.779689077174, 0.618684150716, 0.0965135461353, 0.569302719307, -0.636232384344, -0.520675298916, 0.260728511529, -0.460910267584, 0.848282010013,  
1802, 2254429.4757621638, 81.34221885187475, 120.84322383853228, 95.61465711976342, 46.58019153094783, 0.92520526859, -0.0221071344371, -0.378822498777, 0.310161959452, 0.619202340285, 0.721379248866, -0.21862014976, 0.784920210208, -0.57974605969,  
1803, 2764663.719798566, 87.06652970256454, 123.21526864122458, 81.8930541335619, 65.40969254735947, 0.470167631063, 0.678220826779, -0.564764471991, 0.736226724445, -0.65429448291, -0.172826328567, 0.486736693618, 0.334537351809, 0.806952384797,  
1804, 137790.23318295434, 32.04128625444078, 120.61254349660243, 42.514081814183335, 6.415116472389874, 0.58771896606, -0.163123255412, 0.792450137534, -0.477410033047, 0.720846463412, 0.502454014346, -0.653196813587, -0.673625400152, 0.345778459408,  
1805, 1285594.7213182007, 67.45360375029938, 101.79608532914573, 79.1148692068301, 38.10888828605587, 0.508232228931, -0.86054475628, 0.0340987377269, -0.0887774974534, -0.0129666297036, 0.995967079004, 0.856632101559, 0.509209769106, 0.0829870690252,  
