# Void_ID, Void_Volume, r = (a*b*c)**(1/3.0), a, b, c, vector_a, vector_b, vector_c 

10, 2677327.429350495, 86.13988600501689, 103.27051406515929, 81.36498595823967, 76.06747236359207, 0.0688459711411, 0.892961354966, 0.444837330712, -0.766504047639, -0.238051989207, 0.596492074874, 0.638538782855, -0.382035690705, 0.668069572588,  
12, 570561.2205162905, 51.45227084162363, 96.14667815611668, 89.21520077269092, 15.879634422668822, 0.300375265601, -0.4509969191, 0.840462062664, 0.953724984025, 0.154521875347, -0.257937288668, -0.0135408515704, 0.87904764888, 0.476541578813,  
17, 3785188.6560821375, 96.67918340842803, 123.00648514365085, 92.55039623133409, 79.37662499577618, 0.641747027122, -0.592348617997, -0.48711791995, -0.559394769574, 0.0729566390189, -0.825684455828, -0.524631532557, -0.802371761455, 0.284537012473,  
18, 923357.2460136438, 60.40789709637304, 118.97755024607076, 60.72303162982082, 30.511438536227047, 0.394736475919, 0.532317425405, -0.748880012545, 0.855545401394, 0.0842275070988, 0.510830493609, -0.335000269749, 0.842344279768, 0.422174056059,  
20, 916907.5891180548, 60.266918476667556, 125.42817699319582, 58.47086528566806, 29.84711281021363, -0.734319306881, 0.619133413012, 0.278296554837, 0.678800494666, 0.668408291814, 0.304072760825, -0.00224588137729, -0.412194338057, 0.911093180575,  
23, 2067787.9771426488, 79.03251434896367, 131.23659828164773, 83.31586514625596, 45.14760570147829, 0.01773232575, 0.664163920003, 0.747376646672, -0.990918342555, 0.111323553635, -0.0754181993511, 0.133290671132, 0.739251887906, -0.660106236311,  
25, 2135756.1888072565, 79.88912933549528, 126.1263335795443, 85.8254872347819, 47.10218082350987, 0.533286390873, 0.512406004232, 0.673086704769, 0.510925800137, -0.829252284055, 0.226485046182, 0.674210984829, 0.223115970331, -0.704030405394,  
26, 1977161.2405364735, 77.86061437404786, 114.99945353517047, 66.12445086639991, 62.07198354916272, 0.0380519842994, 0.681149948795, -0.731154425376, -0.689820901394, 0.547281546458, 0.473951509025, 0.722979370723, 0.486330809391, 0.490696620475,  
39, 669803.2603379649, 54.277464165636104, 123.74923949694187, 45.36358695191583, 28.484507956041995, 0.316659873535, -0.733054630895, 0.601961321529, -0.813307309096, -0.536406851423, -0.225386136923, -0.48811652857, 0.418208796978, 0.766057215008,  
41, 1448095.9990041377, 70.18369808324844, 140.1082508378996, 72.54051827249954, 34.01452252506806, -0.81248440703, 0.521620686845, 0.260347743199, 0.573491114756, 0.795387092596, 0.196130859959, 0.104771320643, -0.308660382925, 0.945384439465,  
46, 3009769.6101479726, 89.56703846330949, 128.72092247396768, 86.18240313060731, 64.77044787520259, -0.811967876644, 0.449383017367, -0.372509155592, 0.0522772101791, 0.69160575188, 0.720380855702, 0.581356397224, 0.565452374359, -0.585054144279,  
48, 1604958.5990833954, 72.63151028621095, 101.85145360870165, 73.8686353941634, 50.926979285082325, -0.933292897013, -0.324534550051, -0.153758558166, -0.348128285567, 0.922716016963, 0.165535038066, -0.0881536452684, -0.208020378479, 0.974143961108,  
49, 1156094.4113110194, 65.10808135629321, 110.40716580873489, 88.82414429407682, 28.14338932680487, -0.928452274047, 0.188387720549, -0.320135036452, 0.368408765349, 0.577112758247, -0.728845556948, -0.0474484607927, 0.794638868301, 0.60522534031,  
51, 2076571.2873622125, 79.1442580003038, 134.89808845752958, 79.36201430727677, 46.306265509074294, -0.356000009063, 0.93415805901, 0.024753067149, 0.916830744397, 0.354276164358, -0.18414609824, 0.180790983392, 0.0428616396622, 0.982587146349,  
58, 1752583.2109013947, 74.79341202524873, 149.84716400927877, 70.51581458778637, 39.59633433227844, -0.795721532896, 0.4514707622, -0.403734309867, 0.604507801671, 0.550867554286, -0.575426151086, 0.0373839511634, 0.701939519128, 0.711254772696,  
60, 766981.1695153024, 56.784790878047886, 104.82928340195849, 64.13596499774975, 27.234025616217753, 0.704327958557, 0.297394140446, -0.644576490436, -0.250484660039, 0.953726073541, 0.16632501836, 0.664213491191, 0.0443091624378, 0.746228608567,  
61, 1777704.9694709564, 75.14908418906448, 110.50127484662418, 71.38716037474886, 53.80017417413932, 0.294237194043, -0.843514009397, 0.449342396833, -0.853919562995, -0.0208685920979, 0.519986424629, 0.429238690679, 0.536701609662, 0.726433430267,  
62, 1762143.7984096394, 74.92916832209309, 124.66903122142985, 86.46109315821492, 39.027742386650694, 0.445928914619, 0.330860446189, 0.831672272145, -0.61581800865, 0.787708856461, 0.0168207513378, -0.649550293149, -0.519659621869, 0.55501197651,  
64, 801470.0601606916, 57.62349088484917, 112.16804973977641, 44.735783022381575, 38.13067399661677, -0.143790599588, -0.772006854108, 0.619136237576, -0.942543837102, 0.297483552507, 0.15203503257, 0.301554934649, 0.561701836562, 0.770425640923,  
67, 1809642.0944783364, 75.59644280064539, 122.35062199661185, 90.90023147404125, 38.84480180768513, -0.20562634797, 0.895731983619, 0.394185259164, 0.973727950557, 0.227532845423, -0.00909299497354, 0.097834980066, -0.381959445197, 0.918986016706,  
74, 1054674.007421506, 63.14561701053979, 111.32271924932287, 79.32931356919201, 28.510979053305245, 0.739639404732, -0.660320785579, 0.130038498532, -0.166356622508, 0.00784244334663, 0.98603446706, -0.652118873454, -0.750942711673, -0.104048155532,  
75, 1116027.548464526, 64.34706884264631, 123.59874369441906, 77.07892322908106, 27.96640291161397, 0.497104306744, -0.705551890136, -0.505058252622, -0.57387817202, -0.703921994439, 0.418518421845, -0.650808076083, 0.0817945968274, -0.754823484024,  
85, 2383313.588142422, 82.86367555842328, 120.69059217636271, 109.16485181425521, 43.185338889751904, 0.130927829002, -0.85449830209, 0.502683354925, 0.981186253607, 0.0391199889284, -0.189058621065, 0.141885303416, 0.517979032579, 0.843543882962,  
88, 1496143.5012478542, 70.95149439043738, 104.46597409091994, 81.32166489872918, 42.04395103460753, -0.614650691823, 0.750535039027, -0.242696687728, 0.645501948168, 0.655425915093, 0.392102161095, -0.453356109424, -0.0843446798402, 0.887329822011,  
90, 1931512.4545384538, 77.25672628423445, 114.71767666737718, 90.03083327893268, 44.64648687394794, -0.800058243197, -0.0683489273922, -0.596016133688, -0.366028833005, 0.842758061816, 0.394691959195, -0.475320629577, -0.533935645344, 0.699273212507,  
96, 1233649.4086901944, 66.53258260870987, 119.67572368790101, 92.81431664158262, 26.514418800765707, -0.226756836844, 0.972014534636, 0.061392844866, 0.972695703064, 0.229213971136, -0.0363871498783, 0.0494409363267, -0.0514655213919, 0.997450196212,  
102, 2698697.7224665578, 86.36846698722542, 118.52832406430146, 90.10052030174107, 60.327619780301454, 0.755089300464, 0.0335737791742, 0.654761750316, -0.533258432757, 0.612444282772, 0.58356443037, 0.38141262724, 0.789800482306, -0.480353625916,  
103, 813910.6557940077, 57.92010960328353, 115.12389789729737, 56.09260302767935, 30.089643695018434, 0.413142554039, 0.819582236327, -0.396986382561, 0.852631190857, -0.50125672958, -0.147518620617, 0.319895736796, 0.277536752426, 0.905891863653,  
106, 1343124.6891334762, 68.44513341050249, 119.15790967232448, 62.8637412214369, 42.805997651045, -0.425449196453, 0.355949553062, 0.832041403364, 0.896105176827, 0.294157302753, 0.3323657523, 0.126445614008, -0.887001351133, 0.444117225275,  
109, 1727775.1640718137, 74.43883013181369, 111.60274908703299, 65.30656630227969, 56.59354190026866, 0.442773758652, -0.464344777047, -0.767030199326, 0.38907424761, -0.671220357504, 0.630939348527, -0.80781967573, -0.577795084525, -0.116534165815,  
112, 3484911.200503219, 94.0519279138091, 125.21218075601061, 95.82048390512779, 69.34228804282661, -0.456233106062, 0.671811031583, -0.583542021431, 0.886080045381, 0.403356995112, -0.228397214677, -0.0819359878832, 0.6212673115, 0.779303164084,  
119, 2016854.6008783903, 78.37820749339858, 99.14343985958276, 82.51277282115193, 58.85736513202271, -0.625124103703, 0.150583190178, -0.765861970465, 0.144649233699, 0.986566902891, 0.0759101133578, -0.76700485928, 0.063328105572, 0.63850849398,  
134, 1851897.2710605669, 76.180314421092, 132.6578509873238, 85.3948806841381, 39.02684906180977, 0.24211426857, 0.967052252063, 0.0786805105124, 0.411365405422, -0.175757297567, 0.894364509344, 0.878725886825, -0.184171968909, -0.440365191281,  
136, 3682128.025387519, 95.79365817166543, 131.3651831749636, 99.45933741368506, 67.27976066358056, 0.738649232386, -0.673324496359, -0.0321159477291, -0.512909269868, -0.592308426926, 0.621365277656, 0.437403009112, 0.442498418071, 0.782862540696,  
138, 26213.602824362977, 18.428049431721472, 124.34634892089284, 60.75922355759994, 0.8283099003570191, -0.864117221219, -0.372114925107, 0.338868574089, -0.445963935109, 0.254046239991, -0.858240453794, -0.233275795089, 0.892743518856, 0.385475567275,  
144, 1918826.7288962202, 77.08721989704883, 117.42782669847736, 84.42957347251334, 46.20420814827229, 0.894981428583, -0.234414235443, 0.379550008184, -0.376289492178, -0.853679958686, 0.360051032791, -0.239613147734, 0.465059667526, 0.852235322592,  
149, 1526763.6724979738, 71.43226199865646, 97.6157919310437, 78.72347163659174, 47.430629514191544, 0.877580140732, 0.00146887713346, 0.479427720301, -0.00733657172018, 0.999919358788, 0.0103658398353, 0.479373832523, 0.0126142110361, -0.877520148129,  
152, 315882.41192978673, 42.248595766570595, 87.14099617087697, 42.05994680077119, 20.575272546621502, -0.258497047427, 0.477350618144, 0.839830735225, 0.213537820762, -0.81963671438, 0.531598773084, 0.942115107392, 0.316752338266, 0.109941259892,  
153, 942968.6730287126, 60.83257756815803, 108.46045642033344, 67.98776628436096, 30.528569534220644, 0.723889906721, -0.25012242823, 0.642979139509, -0.635803939594, -0.603661970659, 0.480983966029, -0.267837176925, 0.75698810828, 0.596013632881,  
154, 1198741.231811752, 65.8990182704916, 127.13188013341383, 68.35069412686825, 32.93361734547929, 0.385761544906, 0.122911727275, -0.914374506299, 0.569113871103, 0.748355217572, 0.340696155028, 0.726152485494, -0.651810690025, 0.218735895956,  
158, 1653937.0888489895, 73.36295098819575, 132.45746553250248, 83.43017906759403, 35.72981439990649, 0.439158804893, 0.0661820752627, -0.895968457591, -0.841315067506, 0.380144396169, -0.384290508923, -0.315164244913, -0.922556324012, -0.222623735826,  
162, 2017266.748413132, 78.38354603471188, 128.4712571348665, 80.40267663448836, 46.62278795137574, 0.572367130333, -0.811746025374, 0.116035591106, -0.499701642712, -0.233090797712, 0.834246335498, -0.65014931853, -0.535478356529, -0.539044333338,  
163, 1270477.470808498, 67.18816596083872, 109.6350707723942, 90.23513367087037, 30.65866157908769, -0.855787861484, 0.490597323914, -0.164138362078, -0.479768763442, -0.633963826203, 0.60655733504, -0.193517621322, -0.597832863629, -0.777911818526,  
165, 1116465.2775008597, 64.35548049245179, 114.42236000072778, 75.1773077709856, 30.985530907569903, -0.520846492126, -0.351450843046, -0.777946808312, -0.844994508585, 0.341708187549, 0.411363336995, -0.121256802292, -0.871617932057, 0.474951543227,  
172, 345416.67091522046, 43.52628101472361, 112.45997864352965, 91.88628057868443, 7.980057412591529, -0.00935904339135, 0.9863481443, 0.164407258183, -0.871076198193, -0.0887825381697, 0.483056847439, 0.491058718738, -0.138690299418, 0.860015311259,  
174, 3437937.58001767, 93.62743506335104, 103.28011863051375, 94.02477595782506, 84.51822011915498, -0.0791598238876, 0.522626272995, 0.84887896726, -0.560741961872, -0.727400813474, 0.395545836476, 0.824197897642, -0.444690718738, 0.350639401935,  
175, 3377657.4277892634, 93.07698999260688, 106.81893085559261, 98.88734054938637, 76.33752348921783, -0.130019880874, 0.670999109914, 0.729969194605, -0.855339832602, -0.448270308065, 0.259706568404, 0.501486391982, -0.590604711631, 0.632216318404,  
176, 3245854.250160565, 91.8502060931488, 105.83694226102013, 94.84683060178209, 77.19342277733143, -0.20247268937, 0.971206117617, 0.125552726628, 0.554547201837, 0.00803799610162, 0.832113448727, 0.807144479628, 0.238105161059, -0.540207109619,  
177, 3208971.927979035, 91.50098506395639, 97.15676430851019, 96.09633131427775, 82.05356563474457, -0.632026927351, 0.726343785549, 0.270123431595, -0.653853174404, -0.312725201371, -0.688969502046, -0.415954311703, -0.612068340646, 0.672572938018,  
178, 3463186.5446750796, 93.85608300587955, 107.47592875309492, 93.4547286295896, 82.31420511215143, -0.370943666843, -0.0530422182563, 0.927139320227, -0.928609475468, 0.0311117337866, -0.369751946705, 0.00923244825614, 0.998107500775, 0.0607962070853,  
179, 3640050.8683728855, 95.42736848259821, 98.93299750716031, 95.25064093925847, 92.21674082831682, 0.637980660794, 0.741910759423, 0.206274335546, 0.531526680778, -0.618095344594, 0.579169692415, 0.557189432845, -0.259858750177, -0.788678239767,  
180, 3657239.9731789296, 95.57734219472701, 101.91772276640795, 92.85101272318252, 92.26319554675065, -0.532350604778, 0.706475877491, -0.46636323624, -0.226882609312, 0.411685682663, 0.882631961965, 0.815553257111, 0.575679366674, -0.0588740316426,  
181, 2864412.79939822, 88.10130310898005, 110.81382368578181, 86.93845181943738, 70.98084310861994, 0.0262003845675, -0.98472544497, 0.172131745701, 0.875272475489, -0.0605852433315, -0.479820301719, 0.482919903814, 0.163233655598, 0.860315721221,  
182, 3458899.56667472, 93.8173397757218, 97.53923598085439, 93.39748349526431, 90.64311427850714, -0.801170030316, -0.290321199866, 0.523297413936, -0.0290991986412, 0.892305600757, 0.450493009374, -0.59772888433, 0.345693962581, -0.723336619474,  
183, 3661516.7557945703, 95.61458378362374, 106.06447363666193, 92.08549912181037, 89.4975670002597, 0.504516658651, 0.27287140859, 0.819148420933, 0.620186552931, -0.774600987586, -0.123943332188, -0.600692584195, -0.570556311335, 0.560030280332,  
184, 3650378.9301775373, 95.5175365525966, 103.71233746824532, 93.5968841968713, 89.77543657308601, -0.539453129407, -0.273751758543, 0.796272752182, -0.241202859747, 0.956284091866, 0.165353911636, -0.806728889791, -0.102862579873, -0.58190015298,  
185, 3557539.67442632, 94.70081449737333, 103.05170302515683, 94.33892991377655, 87.36048245515777, 0.591345864548, -0.758097505116, -0.274951343367, -0.556006306222, -0.630244190809, 0.541894129321, -0.584095074388, -0.167572171581, -0.794199289466,  
186, 3667150.263524914, 95.66359530174121, 111.85830803085605, 89.86558830158503, 87.09203307473717, 0.756325244323, -0.0308029820486, 0.653470199089, -0.495989111188, 0.624338533085, 0.603486700507, 0.426575815516, 0.78054632944, -0.456925049887,  
187, 3466530.8213079814, 93.88628445194452, 101.0015095205687, 93.42699694045132, 87.70133466531638, 0.427104683184, -0.158684010522, 0.890169070687, -0.26921593015, 0.917514336023, 0.292728929466, -0.863194284362, -0.364673591034, 0.349154406311,  
188, 1556365.8267528743, 71.89097258161675, 111.47236941305844, 84.44782395001592, 39.47002318621168, -0.813907216064, 0.406928969419, 0.414685251107, 0.58098657583, 0.573867438935, 0.577174809946, 0.0031052124309, -0.710693306833, 0.703495118162,  
189, 2839016.7120583174, 87.84015900381543, 101.03590423853495, 90.3944428790978, 74.20990483626103, -0.94779720464, 0.0820152792386, -0.308145992751, 0.131600873512, 0.980828519235, -0.143724131401, 0.290450803008, -0.176773611797, -0.940419811151,  
190, 3368693.799743403, 92.99458113831496, 103.45466674480426, 89.67070487220153, 86.69064979069242, -0.814100000862, -0.554195851332, -0.173516993296, -0.521099226932, 0.565263014167, 0.639478944537, 0.256313839437, -0.611019380365, 0.748971650019,  
191, 3496529.059914073, 94.15632752020176, 107.60414975707465, 92.11734702554963, 84.21279674218768, 0.721029002724, -0.610828451879, -0.327117378942, -0.633522279333, -0.389930330432, -0.668284265113, -0.280654055414, -0.689088484728, 0.668124510399,  
192, 2904156.8203622177, 88.50690446784652, 104.96075865102856, 93.49712112159925, 70.64903836755344, 0.280518686189, -0.798072909891, 0.533281255247, -0.853419545128, 0.0469023942093, 0.519110051349, -0.439299836892, -0.60073271587, -0.667934021735,  
193, 3471111.286723732, 93.92761814924289, 111.00735868306494, 95.14236187108185, 78.46107080116232, -0.778166871703, -0.54657522471, 0.309373307701, 0.0384479921708, 0.450206669674, 0.892096242834, -0.626879630936, 0.706094525057, -0.329321195799,  
194, 3625905.7267017355, 95.30359860935971, 102.54726328827476, 98.8808830781003, 85.36728863649974, -0.879571795565, 0.122308584915, 0.459776104753, 0.475373186084, 0.265202104866, 0.838861238541, 0.0193336597217, -0.956403917616, 0.291406513261,  
195, 3804270.9473038292, 96.84137425155099, 101.59652102135985, 95.67772637875116, 93.43146276579954, -0.560385843978, -0.116654191984, -0.819975307776, 0.0462536724943, -0.992894150457, 0.109643986468, -0.826939117257, 0.0235160685547, 0.561799511276,  
196, 2907706.345074948, 88.54294815291094, 97.01764138502314, 90.25072039597804, 79.27943482609, 0.271913937093, -0.847889405983, 0.45513334973, -0.156240132899, 0.427780743728, 0.890276730105, 0.949553490693, 0.313188745833, 0.0161548072344,  
197, 3476985.441739004, 93.98057279851196, 102.84446131046849, 94.11312002773975, 85.75968633264056, -0.856238372216, 0.215186119294, 0.469628346683, 0.514214251342, 0.268116601371, 0.814676126928, -0.0493918380146, -0.939046549503, 0.340223491553,  
198, 3295493.016760614, 92.31606029327227, 109.79667018306631, 88.0825141726508, 81.34913036242448, -0.686771146624, -0.707802522982, 0.165411549249, -0.726136709506, 0.678319178088, -0.112287896703, 0.0327241695463, 0.197227485656, 0.979811434731,  
199, 3364677.2158160917, 92.95760646173846, 101.41896100326292, 91.2632702207946, 86.78399015160898, -0.869174046384, -0.377043864082, -0.319960000078, 0.127209486083, -0.795734526256, 0.592135381796, -0.477864231495, 0.473966758626, 0.739595354214,  
200, 3173114.3331970377, 91.15889185472471, 109.55589065932388, 89.25999530894906, 77.46482033223062, -0.595865583959, 0.399051004007, 0.696923598434, 0.127661483933, -0.809707389452, 0.57277961642, 0.792872468543, 0.430269961382, 0.431533323115,  
201, 2816251.410542449, 87.60473985641961, 119.54505217479183, 89.09584872501831, 63.12388759066813, 0.614413191111, -0.0297044992688, 0.78842505878, -0.386934796832, -0.882212058526, 0.268297124083, 0.687588462374, -0.46991438211, -0.553536430505,  
202, 2905681.756803511, 88.52239304691128, 97.08761220696681, 92.49699114948511, 77.24457918918777, 0.972860284569, -0.230736039831, -0.0174283283998, 0.152203184619, 0.581367095405, 0.799278731715, 0.174290152617, 0.780239181472, -0.600707717943,  
203, 3385363.7696379023, 93.14772326457921, 95.85570927351515, 93.09922383329372, 90.56339346077178, -0.241424716619, 0.962370675892, 0.124726855124, 0.811328260799, 0.129655295149, 0.570031540942, 0.532410142121, 0.238814125678, -0.812100519605,  
204, 3636327.1471491135, 95.39481709159882, 100.2467130439032, 94.08328680580304, 92.04320151463878, 0.319375853981, 0.907526232306, 0.272754837849, 0.630095228113, -0.418356306964, 0.654184992134, 0.707798747811, -0.0370693687507, -0.705440851168,  
205, 2560979.8640434635, 84.87357939327177, 97.27866372838713, 85.58349595567539, 73.43615595132616, 0.568204860324, -0.133248232651, 0.81202718255, -0.716730759194, 0.404669105798, 0.567925993099, 0.404277448704, 0.904703168618, -0.134431845788,  
206, 3450293.86742418, 93.73946970053049, 99.08878822582193, 92.34613741073045, 90.01693567989402, -0.498824535208, 0.190353203803, -0.845541093547, 0.848860304538, 0.304238128405, -0.432290810224, -0.17495789909, 0.933383532652, 0.313344721544,  
207, 3250090.6484762887, 91.89014882872513, 129.23247350823672, 83.84549125240909, 71.60700250318254, -0.832970938053, 0.116797167582, 0.540849182308, 0.503979522616, -0.243322597187, 0.828733222745, -0.228394520823, -0.962887602653, -0.143817271267,  
208, 3686740.410421508, 95.83363984102483, 104.21459090921583, 99.73798113970987, 84.67688022021198, 0.876701426057, 0.366909832815, -0.311081635803, -0.40189612609, 0.914059758684, -0.0545367893041, -0.264337120707, -0.172834985282, -0.948817134372,  
209, 3491712.7260962627, 94.11307541914293, 102.2193156788367, 95.26045012602994, 85.60601836143069, -0.548179712489, -0.0755770043183, -0.832938844834, 0.822902429925, -0.226679743618, -0.521006607115, 0.1494342452, 0.971032651486, -0.186453737183,  
210, 3788114.1856883843, 96.70408441098895, 109.6219170955942, 95.5112066482998, 86.37393938848666, 0.745735160388, 0.58198258537, 0.324307478925, -0.435764266696, 0.0578573604917, 0.898199326268, 0.50397279136, -0.811140429373, 0.296753482549,  
211, 3760622.7499042363, 96.46957973829154, 116.64837501220755, 96.49113102996176, 79.76365923839977, 0.390958971138, -0.666558633134, -0.634705184697, 0.670620541499, -0.266025691416, 0.692458244825, -0.630411906777, -0.696369097607, 0.343002780881,  
212, 2908777.382521963, 88.55381825240484, 104.10792889865736, 83.51563763740731, 79.86753252297225, -0.588245972206, -0.735174295517, 0.336875988155, -0.807221924895, 0.55883170027, -0.189999723006, 0.0485740687313, 0.383700255388, 0.922179306785,  
213, 2900388.974960592, 88.46861169458826, 97.92287366590789, 95.62946818526912, 73.94209407419098, 0.808156329418, 0.578932727758, 0.108260075522, 0.476281460882, -0.750527405498, 0.458109794281, -0.346466906416, 0.318662062892, 0.882278398484,  
214, 3332432.8774491614, 92.65970938054336, 99.49414336569531, 93.14910720514186, 85.84135955379487, 0.40000973198, 0.560327766304, -0.725275815556, 0.455768112172, 0.564946482671, 0.687830574812, 0.795152590544, -0.605696513138, -0.0293954371294,  
215, 3151061.2755678347, 90.947216782941, 108.48696655532062, 96.26799394388856, 72.02922655490079, -0.668303586262, -0.00142290939251, 0.743887284417, 0.253826439718, -0.940419513104, 0.226237215932, -0.699244202757, -0.340013403709, -0.628846905224,  
216, 3642011.3598307148, 95.44449745234218, 100.64057198149715, 94.86541078389327, 91.06923716669299, -0.607845640505, 0.715972178105, 0.343376640875, 0.75626923441, 0.653802042286, -0.0244894791302, 0.242034134791, -0.244799366182, 0.938878452151,  
217, 3643233.698057571, 95.455174007764, 99.37367922518999, 95.27035768801886, 91.86905640737221, -0.166139912008, -0.913202438962, 0.372100571233, -0.651290303072, -0.181712224278, -0.736750709991, 0.740417767725, -0.364749191941, -0.564570240285,  
218, 3634995.839194163, 95.38317389819217, 103.75606446100818, 96.4308293880704, 86.73330914589746, -0.971072711843, -0.094818724202, 0.219151084541, -0.227432891018, 0.646878471628, -0.727889087037, 0.0727466040301, 0.756675394397, 0.649730928244,  
219, 1575557.193163721, 72.18525935081406, 123.03457828796022, 88.27809739912284, 34.63103043021321, -0.956586943931, -0.268606062949, -0.11310261557, -0.138014467846, 0.0756876454659, 0.987533992827, -0.256697147173, 0.960271921526, -0.109473336308,  
220, 3308498.761544444, 92.43734342316478, 96.90400228815213, 92.34801527837783, 88.26186226377236, 0.68242367648, 0.730764094192, 0.0167858398455, 0.616832452352, -0.563403505383, -0.549630981521, 0.392193385341, -0.385435245874, 0.835238899796,  
221, 3150294.0370403724, 90.93983473324641, 100.69701560885758, 90.72427329808761, 82.32322665783916, 0.59926069699, 0.668471786754, -0.440490734701, 0.446057671395, 0.178095923035, 0.877105692598, 0.664770013488, -0.722099240072, -0.191451081623,  
222, 3634263.994739271, 95.37677220978632, 102.9638047991228, 95.04526200960251, 88.6569542583095, -0.918572609397, 0.383202716335, -0.0968506038107, -0.113388085546, -0.020746664421, 0.993334142155, 0.378639014526, 0.923431239513, 0.0625079400548,  
223, 2825181.838367722, 87.69724134106173, 101.53530981129042, 88.77777473820042, 74.82322845852283, 0.722548374316, 0.164894567384, -0.671366984905, -0.603969899319, 0.623084029628, -0.496977517337, -0.336369153593, -0.764575747503, -0.549799707932,  
224, 2690338.039118362, 86.27919431877892, 105.26411636075937, 87.67767839580152, 69.59032297936388, 0.52026976249, -0.260692615462, -0.813239653781, 0.356249519915, 0.931707858634, -0.0707583614903, 0.776147958703, -0.252902800308, 0.577611045425,  
225, 3670112.104086846, 95.68934318488994, 111.55030374922981, 90.82820774705117, 86.47672201805192, 0.89107948271, 0.451003003159, -0.0507311209687, -0.228642003737, 0.542659071032, 0.808235093741, 0.392046157513, -0.708602444088, 0.586670594636,  
226, 3447715.8431481854, 93.71611682566694, 105.91017080897389, 96.96197212972123, 80.15004060143751, -0.699952440708, 0.230348170789, 0.676022411582, 0.675521196403, -0.0937039551712, 0.731362209849, -0.231813920972, -0.968586232093, 0.0900167597943,  
227, 2595968.955815623, 85.25835750902472, 95.04997604607422, 82.9921206414769, 78.56371501256041, -0.330941749208, 0.522853159337, 0.785558484393, 0.122680936541, -0.80156311209, 0.585188828624, 0.935642531334, 0.290036465135, 0.201126583155,  
228, 3228595.361956888, 91.68712109132233, 113.91095349558182, 89.94508936906087, 75.22844146039841, -0.147495259887, 0.442992576069, 0.884309180015, 0.979247187927, -0.0602433458771, 0.193508873735, -0.138996738262, -0.89449891941, 0.424913626432,  
229, 3886339.5390010183, 97.53280411836792, 108.30773297671657, 94.27559135619326, 90.864324208184, -0.353567573187, 0.825535893772, 0.439864137302, 0.02132382633, -0.463001748467, 0.886100826852, 0.935165902726, 0.322676105421, 0.146098820559,  
230, 3203822.6389783183, 91.45201639420326, 98.42457954088667, 92.39137141909286, 84.10946581185782, 0.714104501893, 0.438652613051, 0.545562686994, -0.563421166189, -0.102384745639, 0.819801166961, -0.415465221008, 0.892805269319, -0.174032759011,  
231, 3150338.326259383, 90.9402608982684, 97.04068374996484, 92.64963555444068, 83.6509782621466, -0.574947325012, 0.801342397162, -0.165184551251, 0.2037941108, 0.335785611156, 0.919628176898, -0.792403643269, -0.495074121573, 0.356367900187,  
232, 3639090.6128618238, 95.41897640981205, 101.80585629302725, 95.60238209015664, 89.26121326229486, -0.0336634649643, 0.979754226777, 0.197353556437, -0.537789385793, -0.184198059469, 0.822711159166, 0.842406877735, -0.0784393396181, 0.533102168768,  
233, 3632777.604312766, 95.36376760940512, 101.67455488968213, 98.62610321618062, 86.48604716789924, -0.75147721167, 0.145141877214, 0.643596019115, 0.592331413092, -0.281191538783, 0.75503298973, -0.290560660457, -0.948612225304, -0.12533694028,  
234, 2520718.8138376093, 84.42646352804299, 129.0733904344519, 90.39361940229826, 51.57762014780184, 0.266695202591, 0.337548012401, -0.902737507939, 0.455662021214, 0.781205022096, 0.426721028161, 0.849261909742, -0.525147648548, 0.0545358220455,  
235, 3339184.675108497, 92.7222460303936, 98.68568871820595, 94.9132848448314, 85.10805171237759, -0.328055314421, 0.944071076705, 0.03330935018, -0.525694798374, -0.153150108886, -0.836773579358, -0.784872403415, -0.292018571802, 0.546534961443,  
236, 2851742.7914605103, 87.97121314492797, 94.43456906379114, 87.91899863144641, 81.99889638961425, -0.162359430335, 0.951368262225, 0.261797335763, -0.317034718523, -0.301546199639, 0.899199019536, -0.934413400285, -0.0629945959159, -0.35057563842,  
237, 3434747.7044601818, 93.59846883215394, 101.64937939601243, 91.9898845345088, 87.69229323923395, -0.792977518638, -0.2061646483, -0.573308636536, -0.0727579745994, -0.902226360625, 0.425081017367, -0.604890843101, 0.378792465586, 0.700445098454,  
238, 2648376.855864329, 85.82827648197335, 101.25803583382282, 85.28542715147685, 73.21277137503084, 0.562996074992, 0.373144154017, -0.737427189536, 0.218966374559, 0.793039181292, 0.568456316482, 0.796924805961, -0.481510433177, 0.364771923789,  
239, 3455492.5769831645, 93.78652653519791, 111.38977397381227, 98.63559767539415, 75.08312706916462, -0.729475692521, -0.542923870255, 0.416051541431, -0.645059766931, 0.748364611579, -0.154428964974, 0.227515078857, 0.381030286517, 0.896132138498,  
240, 3451295.997409407, 93.74854429375456, 103.83490529049129, 92.00523148092337, 86.24575036399771, -0.135198867451, 0.00882935289328, 0.990779142275, 0.0305029365299, 0.999523414661, -0.00474493484954, -0.990348846166, 0.0295801634741, -0.135403754844,  
241, 3351231.2215275145, 92.8336147640253, 96.49306239182286, 92.59027388867655, 89.54767730921301, 0.590934482078, 0.744069889636, 0.311699273706, -0.458595737982, -0.00803505890256, 0.888608680428, 0.6636914848, -0.668053468793, 0.336479086777,  
242, 3506601.6843962637, 94.24665443831356, 105.90647074979415, 98.9070015809103, 79.91867884228839, -0.201614988234, -0.495178753676, 0.845073605331, 0.840147647991, -0.530945802401, -0.110672871508, 0.50349113805, 0.687673292211, 0.52306989694,  
243, 3585939.67844718, 94.95214720858259, 107.32982274197566, 97.08396028935067, 82.15735979839171, -0.179337159729, 0.974797737908, 0.132693456169, 0.553045567953, -0.0116549792306, 0.833069481632, 0.813620785691, 0.222785842523, -0.537017397729,  
244, 3889288.035466514, 97.55746334932513, 102.1533672874093, 99.74641381443813, 91.12373680283413, -0.270604512309, -0.875637361458, -0.400040509371, 0.414824640807, -0.481046408003, 0.772343751659, -0.868731094929, 0.0430530436444, 0.493409282579,  
245, 3417044.7575361524, 93.43738726598706, 95.5020891612426, 95.2499018705021, 89.67773878126484, -0.838536509522, 0.509717898096, -0.192468663838, 0.49754423, 0.860336791596, 0.110771585798, -0.222050132611, 0.00287565423926, 0.975031009363,  
246, 3271024.797526955, 92.08701786754897, 100.781408099037, 92.87523819224222, 83.42858249025875, -0.779467411873, -0.556021585044, -0.288566371557, 0.0840785875851, -0.549331459994, 0.83136378209, 0.620774794058, -0.623758722606, -0.474935480919,  
247, 1900980.7238834165, 76.84749250677942, 117.97539185305611, 75.97635877661534, 50.63131411280791, -0.763153774188, -0.0151970961548, 0.646038207238, -0.64607654039, -0.00289427690674, -0.763267140075, -0.0134692575836, 0.999880328554, 0.00760970896276,  
248, 3999948.0079112714, 98.4740755244998, 118.77696650401228, 98.8118543705705, 81.36253248231831, 0.858666936373, 0.441345264551, 0.260586741487, 0.297125840558, -0.842921097525, 0.448553517676, 0.417621033059, -0.307731020219, -0.854923559122,  
249, 3630272.7478541383, 95.34184430457809, 107.2109219251536, 90.78800738379276, 89.03958584114918, -0.701486331135, 0.651237839341, -0.28949301173, 0.624868959743, 0.366688235731, -0.689259400318, 0.342718120881, 0.664401245022, 0.664165096368,  
250, 3387355.543108409, 93.16598745549855, 101.206163811718, 98.46252893526156, 81.15106516313658, 0.706920426932, -0.519364921107, 0.480128720979, 0.135200583014, 0.765533841169, 0.629029999584, 0.694250900135, 0.379760472861, -0.611389949962,  
251, 3519832.6659028768, 94.36504167716217, 98.58052593720268, 94.8152438629163, 89.90091479110848, 0.67339704767, 0.506276224676, 0.53872144984, 0.154673744723, -0.809066520965, 0.566998586724, -0.722919393074, 0.298489110324, 0.623130646121,  
252, 3114155.1305177943, 90.59075473598666, 104.90470398809119, 95.90560167913311, 73.89459900584606, -0.909602289028, 0.183061534632, -0.372977412631, -0.318624011428, 0.268789670583, 0.908972415604, -0.266650361215, -0.945642949281, 0.186163899127,  
253, 2351477.3889560634, 82.49305726855118, 107.21867198565695, 89.45786131166874, 58.52794326958494, 0.0317232577059, -0.845047571456, 0.5337492266, -0.982788153806, -0.123608724958, -0.137289212444, 0.18199197691, -0.520207155939, -0.834424014066,  
254, 2831897.2257786132, 87.76667108429027, 93.20230635001765, 90.05228452247259, 80.55035977427262, 0.702624219108, -0.395201563169, 0.591722004992, -0.421503305416, -0.901144640439, -0.10135729146, -0.573283673452, 0.178196693229, 0.799744814473,  
255, 1510804.5455700194, 71.18249798696176, 119.56725729633187, 81.84347473059633, 36.857285509537775, 0.681163241885, -0.155154606457, 0.715502401114, 0.570883585301, 0.724424007782, -0.386395896696, 0.458376013704, -0.671667257684, -0.58202622365,  
256, 2771624.2119995966, 87.1395365348353, 108.67192819052424, 94.62860957956894, 64.3436814274279, -0.994511222036, -0.0315421448128, 0.0997623292856, 0.0274779533555, 0.841273889746, 0.539910367109, -0.100957373794, 0.539688183614, -0.835789610574,  
257, 2211128.9480304443, 80.81807225107025, 102.88211445552035, 78.5623242278002, 65.30873268143577, 0.919539640116, 0.372657367485, -0.124793175751, 0.256621128643, -0.328871355057, 0.908839495267, 0.297644832961, -0.86773850801, -0.398042001715,  
258, 3438554.980445023, 93.63303940772789, 104.29683010693928, 91.55085090036633, 85.97137431511696, -0.0548437091784, 0.820735011148, 0.568670562839, 0.181845816411, -0.551793168872, 0.81391424477, 0.981796448668, 0.148048438905, -0.118984844079,  
259, 3683096.9651348516, 95.8020600289508, 104.50624132921726, 94.88393783464198, 88.6726351503472, 0.458020391421, 0.872968775132, 0.167758274571, -0.483659367717, 0.0863848287497, 0.87098293748, 0.745849138273, -0.480065806954, 0.461785538894,  
260, 3485935.6972154207, 94.06114349537052, 109.37147347723297, 100.4883908741443, 75.72003524316742, -0.415169991948, 0.830712089529, 0.370879093636, 0.908507408751, 0.357340352805, 0.216615236078, -0.0474148292184, -0.426878550137, 0.903065079273,  
261, 3110220.1543392856, 90.55258250885589, 97.60529612148183, 91.5759308143037, 83.07068600089444, 0.659985034583, 0.218680981316, 0.718747787849, 0.184304911535, -0.974592249814, 0.127285687282, -0.728320982611, -0.0484620987328, 0.683520278613,  
262, 2630652.2935759556, 85.63637591484655, 104.98739198678156, 90.14764662271008, 66.35647367934264, -0.647908982444, -0.105318601697, 0.754401711693, 0.643527412042, -0.605567856832, 0.46814532009, -0.407537017237, -0.788793739142, -0.46012826111,  
263, 3161164.602770819, 91.04431519835283, 95.56758581623487, 91.69356012283663, 86.12099734929424, -0.205661941365, 0.110003393292, 0.972420906469, 0.963372763716, -0.15198048521, 0.22094082974, 0.172093242181, 0.982242936131, -0.0747176713757,  
264, 3183944.8885715567, 91.26248936740524, 106.54981635026671, 100.16605698904645, 71.22027542120365, -0.489833786163, 0.229892382249, 0.840959187189, 0.86596175027, 0.0167018443447, 0.499831266994, -0.100861831247, -0.973072731598, 0.207259137357,  
265, 3267686.142725626, 92.05567688178671, 99.3335062243801, 92.80480194151926, 84.62243415779417, -0.569448795584, 0.37488152559, 0.731568117798, -0.323030129232, -0.920413071117, 0.220207434312, -0.755896556955, 0.110921685387, -0.645226142446,  
266, 3218972.5729339956, 91.59593966152202, 104.36377484570562, 90.50980167851327, 81.35481738292525, -0.519494665408, -0.540303498107, -0.661964819719, -0.845536392461, 0.21329783464, 0.48946117595, 0.123261922899, -0.813987815432, 0.567653357862,  
267, 4053478.35992529, 98.91141538665907, 105.96159180088081, 97.60375934966982, 93.56732858079516, -0.340406146305, -0.439157355427, -0.831423161051, -0.911833882959, -0.0616681665926, 0.405901474643, 0.229526960172, -0.896291166086, 0.379446333689,  
268, 3829312.2809886173, 97.0533934704184, 115.84420388861942, 91.72194936266908, 86.03686747887686, 0.935366420726, 0.337926203716, 0.104381702513, 0.276750472281, -0.515543933835, -0.810939965952, 0.220224510601, -0.787413698845, 0.575743720593,  
269, 3722618.9690534035, 96.14351419854016, 101.53731237137731, 98.27697437013701, 89.05996815396816, 0.189330326711, -0.177895024926, 0.965664220883, -0.203610181783, 0.954962982688, 0.21584391483, 0.960571143259, 0.237484866469, -0.144582215146,  
270, 3359375.4458616525, 92.90875591843712, 104.72178301927082, 93.49791820912289, 81.90887577042031, -0.372246886375, -0.807694617888, -0.457232610187, 0.0169244144679, -0.498461693946, 0.866746504961, 0.927979428532, -0.314905293545, -0.199220572026,  
271, 2910398.999708354, 88.57027118063678, 101.70197344890467, 87.95839253635418, 77.67070713111285, -0.351034781821, -0.546278381197, -0.760496227596, -0.905943900876, -0.00719070447841, 0.423336677167, 0.236728178334, -0.837572817136, 0.492373380248,  
272, 4026850.8003952214, 98.69435424882883, 122.82158306773843, 95.4537296315107, 81.99914736987951, 0.0373983548913, 0.990949957498, 0.128916813438, -0.180864949881, -0.120164240432, 0.976139552127, 0.982796638657, -0.0598225463952, 0.174734169488,  
273, 2886060.622543777, 88.32268844107712, 114.4963240570682, 82.71829513233025, 72.74844613885273, 0.151433722453, -0.98815258444, -0.0249458928422, 0.397247458388, 0.0377298855258, 0.916935609813, -0.90513108692, -0.148764665172, 0.398254679681,  
274, 3404836.5066204434, 93.32597830102148, 97.62511228790201, 94.40548300853548, 88.19599994592933, -0.459313238843, -0.668581514514, -0.584833401127, 0.137463810021, -0.703961589068, 0.696808282134, 0.877573386993, -0.239659841373, -0.415244639791,  
275, 3680217.3910553968, 95.77708638517707, 106.87494887727567, 95.93117722164537, 85.69375430945529, 0.332184097563, -0.119081319551, -0.935667336536, 0.151422152933, -0.972399046704, 0.177514578472, 0.930980696324, 0.200648282581, 0.30498395002,  
276, 3272156.597281637, 92.09763758177884, 119.60911918486126, 98.63393315436346, 66.2147626638921, -0.926881707534, 0.102916768937, 0.3609687506, 0.371883279221, 0.121321654733, 0.920317272862, -0.0509227539902, -0.987263488013, 0.150723848019,  
277, 3653598.4570673765, 95.54560952066315, 109.88755065104682, 94.3986611440373, 84.08487403276523, -0.213011890799, 0.604200403373, -0.767833189529, 0.966769205472, 0.0166374151522, -0.255108799866, 0.141362080241, 0.796658690394, 0.587666311174,  
278, 2861741.3780120327, 88.07390611398692, 111.24421576671928, 92.0247152309653, 66.73595086968989, -0.921049588854, -0.366773446205, -0.130938512403, 0.211877402206, -0.754029351848, 0.621729606008, -0.326765391843, 0.544900886135, 0.772209429483,  
279, 2764445.613540063, 87.06424006250309, 111.07754405879606, 94.16408492400836, 63.09687954338799, -0.992111256584, 0.119581865139, 0.0376222286551, -0.0947148370463, -0.911631184002, 0.3999471015, 0.082124017208, 0.39322863818, 0.915765736372,  
280, 3721355.0187471793, 96.1326316826537, 106.23789749563323, 91.84316632853238, 91.05130601765077, -0.572358675401, 0.752507203327, 0.325788974083, 0.795863936001, 0.41409320535, 0.441732286182, -0.197499726748, -0.51211300142, 0.835903183216,  
281, 3522284.9790208875, 94.38695170619016, 107.66335824260321, 93.54208996263569, 83.495080981662, -0.740427997246, -0.661628231042, 0.118382704745, -0.0787644068404, 0.260326491544, 0.962302595869, -0.667504718418, 0.703191440284, -0.244865777931,  
282, 3746888.3849459365, 96.35199596247594, 103.8798699765571, 94.17590474374036, 91.43467980942398, -0.499502380328, -0.865904223341, -0.0265941355559, 0.17492827119, -0.130879145764, 0.975843608957, -0.848467720061, 0.482784139346, 0.216845573649,  
283, 3084553.082290525, 90.30279926151826, 115.839662670327, 91.8814835282632, 69.18602130040142, -0.754200096837, -0.0462417030767, -0.655014441693, -0.630589074878, -0.227203518673, 0.742115880269, 0.183138288119, -0.972748819582, -0.142197403021,  
284, 3355288.3025762457, 92.87106185826309, 99.78230546142889, 92.84794127846546, 86.46003776197679, 0.826673618133, 0.39597149961, -0.399771560494, -0.24233295663, 0.891753628562, 0.382165152881, 0.507824248351, -0.219048025425, 0.833146142849,  
285, 3204336.4747305987, 91.456905221184, 113.81323876423224, 88.32484069501056, 76.09810798103354, 0.203399268364, 0.239806835834, -0.949274153823, 0.384069452621, -0.91137519341, -0.147938880628, -0.900621670399, -0.334496544563, -0.277475527718,  
286, 3463179.908867338, 93.85602305999717, 115.39164534124035, 100.21199326743873, 71.4977504260339, -0.429161924129, -0.189700959216, -0.883081869902, 0.0752190265219, -0.981805970646, 0.174353474451, 0.900090073785, -0.00840131398079, -0.435622860966,  
287, 2954951.5011600317, 89.01993018331343, 100.18011396671324, 86.752626899763, 81.17038247104892, -0.591338884382, -0.347357554931, -0.727778161839, -0.190807828588, -0.816583122057, 0.544779200522, -0.78352453463, 0.461014895425, 0.416598811602,  
