# Void_ID, Void_Volume, r = (a*b*c)**(1/3.0), a, b, c, vector_a, vector_b, vector_c 

1, 353444.9920253753, 43.86092041751213, 82.79691179783973, 58.44579799321549, 17.436760081544133, -0.815222013748, 0.562943023346, -0.136044921871, 0.04716493193, 0.298657440741, 0.953194210162, 0.577224858696, 0.770648354021, -0.270023289639,  
17, 3060476.968435436, 90.06723603824022, 129.0968010345371, 107.02076794299799, 52.88310694193296, -0.204769776123, 0.354173373448, 0.912485923358, 0.978725419446, 0.0863547335175, 0.186116665907, 0.0128799113307, -0.931184236088, 0.364321322934,  
29, 123629.50169212757, 30.903749142546516, 72.0478274235916, 38.38650429040693, 10.671711001577357, 0.577998718825, -0.609285288172, 0.542852575432, -0.660841921967, 0.0407959453714, 0.749415535609, 0.478754044587, 0.791900958743, 0.379061256704,  
39, 1408160.426096779, 69.53249959198907, 112.81308638442621, 79.240050333641, 37.606187065796455, 0.394673489984, 0.68802655023, -0.608976438364, -0.536001283786, 0.710723974488, 0.455602958581, 0.746281086511, 0.146597743048, 0.649287025628,  
40, 633792.1374527019, 53.28677202985738, 92.26728603867299, 68.81818105498397, 23.82908146399377, -0.793657418858, 0.342946839719, -0.502489170648, 0.307755995565, 0.938812841903, 0.15465023463, -0.52478009555, 0.0319047489309, 0.850639722979,  
45, 3186021.4227801156, 91.28232518994238, 160.55985684565368, 75.91312952730343, 62.40310715462053, -0.0383728469838, 0.14369022265, 0.98887847814, -0.81119814163, -0.582351765586, 0.0531412846544, 0.583511010719, -0.800137201381, 0.138907736776,  
70, 315981.16467978293, 42.252997964096174, 97.6286390141656, 56.58698189686321, 13.654594893445799, 0.0960670131996, -0.984844203541, -0.14440576071, 0.637534342054, 0.172292917485, -0.750909524035, 0.764408981944, -0.0199259964858, 0.644423667308,  
84, 1829950.9620976383, 75.8781873569336, 122.75342232851598, 106.78808185566368, 33.326863901864556, 0.389271419134, 0.101345074548, 0.915530959668, -0.128389138423, 0.9901964115, -0.0550208668459, 0.912131564732, 0.0961261801922, -0.398466769131,  
108, 769173.1100643997, 56.83883414366262, 128.77052997149096, 62.22108415811961, 22.918248630355478, 0.0284153581334, 0.863901912041, 0.50285788628, 0.629733271507, -0.406151012815, 0.662176231487, 0.776291552305, 0.297850367065, -0.555568703816,  
131, 2168845.552841326, 80.29959206350347, 116.6761336226506, 90.25792945180794, 49.16687675949032, 0.569081265874, -0.698467691937, 0.433923260671, 0.0609674009721, 0.562094884444, 0.82482259723, 0.820017980809, 0.442935914328, -0.362461428221,  
133, 1505188.4486200677, 71.09418650035647, 88.14742498629155, 71.04352946942737, 57.38099942571265, -0.213107557022, 0.177541115977, 0.960762364624, -0.880954962076, -0.460147775304, -0.110373817894, 0.422496773874, -0.869909867182, 0.254466695357,  
159, 1167890.777654469, 65.3287787945985, 121.2821919728716, 64.43423036986815, 35.67795362996356, -0.0230801227832, 0.858275268924, 0.512670333339, 0.822502396102, -0.275200610187, 0.497749367212, 0.56829316056, 0.433160694092, -0.699581801331,  
167, 1202456.643983018, 65.96703113988079, 104.76743287007548, 92.69689390899775, 29.558972435387112, -0.446372129285, 0.784779871103, -0.429967994284, -0.813840580676, -0.555799797298, -0.169558528442, -0.372042244163, 0.274239200762, 0.886779244978,  
169, 538716.6671734717, 50.47665892031255, 115.62372657581305, 69.71325023251028, 15.955466593885895, -0.779987903782, -0.625753841425, -0.007141421112, -0.624904139572, 0.779435889839, -0.0444354585441, -0.0333719387986, 0.0301964165481, 0.998986731708,  
172, 1774181.2299107523, 75.0993982244797, 102.64976226293687, 80.79594287148257, 51.069531018183554, -0.693102600349, 0.0756590047411, 0.716857377999, 0.719566179519, 0.131690163457, 0.681822714598, 0.0428170372877, -0.988399421211, 0.14571645572,  
183, 2362566.2870775657, 82.62252522998092, 129.89590029935695, 83.98116487525404, 51.70327516409093, 0.669579977138, 0.742401627999, -0.0224159978356, 0.48979368543, -0.418659709968, 0.764739297383, 0.55835902422, -0.523033335451, -0.643949788476,  
210, 1133539.1627892999, 64.68188084038655, 154.11796044101564, 49.84275983517997, 35.2283729421713, -0.603228861821, 0.478336782633, 0.638207538851, -0.158167679486, -0.856045196977, 0.492107311365, 0.781727526337, 0.195909527878, 0.592048588761,  
225, 342144.8881508124, 43.38841800286297, 120.53180464541114, 87.90347610203402, 7.709278554619567, -0.587824759786, 0.571375338923, -0.572706097272, 0.58205120588, 0.790373050698, 0.191119947841, -0.561852690227, 0.220999237102, 0.797170553699,  
235, 2607287.867564057, 85.38209199317195, 95.9460400339716, 91.85993596678757, 70.62316573539182, -0.599589565232, -0.0571495645338, 0.798264542955, 0.526569678656, -0.779302644701, 0.339723065866, -0.60267464422, -0.624036309228, -0.497354961753,  
239, 2902792.640624478, 88.49304407815552, 117.55444419078523, 88.02910905633372, 66.96718526291528, -0.488239836945, 0.479311285921, 0.729302785411, 0.871906558538, 0.232066121186, 0.431189365101, -0.0374274604811, -0.846407707069, 0.531218578944,  
279, 3859560.4553201026, 97.30826882105083, 108.94532730620043, 99.97169661227831, 84.59867638150988, -0.607642239741, 0.70834660697, 0.359187963158, 0.792630006903, 0.512348708765, 0.330509414062, -0.0500857328945, -0.485534638333, 0.872781492894,  
280, 3543444.605898726, 94.57557989332541, 107.51202605276106, 91.84275622349408, 85.67124611379543, 0.123709874329, 0.18714099229, 0.974512245176, -0.677614841905, -0.701508603313, 0.220734694842, 0.724937233851, -0.687651022309, 0.040025972748,  
281, 3670199.223405778, 95.69010032111267, 111.8257498425309, 97.7005451599285, 80.19775731239164, 0.703865911071, -0.710283129335, -0.00840567751901, -0.58233710629, -0.583771305386, 0.565768996717, 0.406763166807, 0.393330572407, 0.824520943906,  
282, 3969752.298992085, 98.2256549298487, 102.18494533322456, 98.15909082537061, 94.48380083245335, 0.640774081125, 0.431314338806, 0.635119294384, 0.365411946884, -0.898896797063, 0.241782251841, 0.675190851562, 0.0771523776088, -0.733597181426,  
283, 3567661.594299557, 94.7905437751686, 101.20380594645107, 93.81294986874252, 89.70887419740858, -0.951712780876, -0.232811126653, 0.200104377822, -0.0714576188375, 0.801923293404, 0.593138129112, -0.298557517787, 0.550198155942, -0.779836776364,  
284, 3064427.0103588495, 90.1059681718527, 123.89854483150084, 94.92318616846727, 62.20455096908325, 0.862981859582, 0.488011329146, -0.130794696594, 0.41475243199, -0.832114725848, -0.368192209565, 0.28851816267, -0.263495779191, 0.9205037991,  
285, 3449326.272170048, 93.73070616235287, 110.05413286710517, 90.29749522658098, 82.86356373260192, -0.804706151961, 0.18633041196, -0.563674539583, -0.144025579335, 0.859832477607, 0.48984154882, 0.57593805352, 0.475362059941, -0.665076138856,  
286, 2495363.909518615, 84.14243839183482, 96.48022418375477, 84.50317124990106, 73.0691354479651, -0.93785295174, -0.312097067705, -0.151747359918, 0.00415748617459, -0.447343903252, 0.894352362065, -0.347008005989, 0.838140115108, 0.420840339352,  
287, 3514295.3035539906, 94.31553102018624, 101.32672865877129, 95.68749965636079, 86.53073938870114, -0.0522684718648, -0.911782298155, 0.407334073728, -0.888263962812, -0.143947675964, -0.436195138618, 0.456349799188, -0.384619431848, -0.80237943233,  
288, 3509852.783753039, 94.27577195443011, 106.44016889437958, 91.30611624455786, 86.217388965051, 0.818796004734, 0.515371146892, -0.252914379943, 0.250719552874, 0.0752977842464, 0.965126908491, 0.516442454139, -0.853652636989, -0.0675600986069,  
289, 3568945.8282831633, 94.80191617608794, 103.20202662087252, 97.59407302723694, 84.59402271295855, -0.427370894026, 0.182710339654, 0.885421397259, -0.860901211493, 0.216792725411, -0.46027167875, -0.276049312606, -0.958967072424, 0.064644651883,  
290, 3486754.7836359832, 94.06851006573481, 109.6085598100057, 89.02572799927896, 85.30466679231299, 0.865218963321, -0.483114559179, 0.134150915834, -0.407238437614, -0.521039092725, 0.750116736769, 0.292494445143, 0.703646634726, 0.647555721926,  
291, 2926201.461867506, 88.7302839264562, 98.12186120184083, 91.34758253753114, 77.93863183129356, 0.748873180116, 0.198346336834, -0.632335109548, 0.470773236959, 0.512345013757, 0.718244489183, -0.466434903781, 0.83556048108, -0.290305292738,  
292, 3447914.42353875, 93.71791606770027, 100.88696902872148, 91.70920361940831, 88.96514114802568, 0.831471828892, 0.555205840565, 0.0200267910918, 0.443009735606, -0.68433857851, 0.579157218828, -0.335256576247, 0.472680848529, 0.814969842091,  
293, 3848655.035329567, 97.21653224402334, 103.31555838892112, 97.00322998097354, 91.67870157689596, 0.10676121773, -0.862547554724, 0.494584429829, -0.539368323807, -0.468118069618, -0.699962344824, 0.835274717481, -0.192034342599, -0.515207683948,  
294, 3574380.3843000983, 94.85001114701329, 99.33144470306681, 97.73756866412786, 87.8949403080746, -0.107651280824, 0.0523874768332, 0.992807511055, 0.882896693616, -0.454056255962, 0.119692709987, 0.457060860432, 0.889431542443, 0.00262700743761,  
295, 3137991.1221392895, 90.82129715542939, 114.61964928529021, 96.1278448106081, 67.99153099386349, 0.184627172064, 0.708111879635, 0.681535305949, 0.424484460081, -0.682894540506, 0.594531739857, 0.886411727407, 0.17953443254, -0.426663376736,  
296, 2548899.1822714075, 84.73991347499444, 116.58176815332112, 83.88326018473138, 62.22402632646059, -0.0285544625646, -0.942637809875, 0.332593749283, -0.163760029666, -0.323822507455, -0.931837773622, 0.986086859943, -0.0810736890724, -0.145119818043,  
297, 2952070.0956801637, 88.99098600464217, 108.3474212207004, 86.04205787703451, 75.59771835439706, 0.135759687035, 0.975096484841, -0.17537432146, 0.916133005786, -0.190944643017, -0.352477600723, 0.377186456656, 0.112813955496, 0.919240658566,  
298, 2750039.895680451, 86.91274400663856, 104.81785138875856, 83.60809721197145, 74.91465645545999, 0.919421652548, 0.337358453389, -0.20212149503, 0.243026960072, -0.0833148540086, 0.966434959932, -0.309195280534, 0.937682200443, 0.158588680136,  
299, 2632433.868211366, 85.65570358845034, 101.9273764433026, 87.95843847395112, 70.09717307536836, -0.506229262657, 0.259612518726, 0.822394840543, -0.56427134079, 0.621440744081, -0.543515644263, -0.652173127009, -0.739197363169, -0.168099585634,  
300, 4031327.324169429, 98.73091251164512, 109.07766923145682, 98.16878843289024, 89.87733209307815, -0.543068146584, -0.677550317933, -0.495986446221, -0.838348529048, 0.404147773324, 0.365836467782, 0.0474207972183, -0.614483640128, 0.787503094601,  
301, 3594812.4111803714, 95.03039644465724, 106.20166789270495, 93.57617515949832, 86.35569741639773, 0.210143997819, 0.00779390626589, -0.977639378915, 0.285977559816, 0.955742308723, 0.0690903365103, 0.934909800709, -0.294101843488, 0.198614627345,  
302, 3457522.4867749605, 93.80488773046466, 108.30564579135681, 91.07932097588368, 83.67688867187388, -0.906021032846, -0.407916491239, 0.112827408971, 0.0451917650675, 0.171818982616, 0.984091429484, -0.420813013594, 0.896706403115, -0.137237145853,  
303, 3682969.0106934677, 95.80095059657653, 104.3076959484251, 95.4175202682816, 88.34154230869235, 0.692161337098, 0.606560545991, 0.391148293456, 0.245025185347, -0.707244819293, 0.66314962424, 0.678878002274, -0.363165347508, -0.638150129983,  
304, 3209503.4059640123, 91.50603632603459, 99.52524201010314, 91.44084720190692, 84.19295412778747, -0.938835955808, -0.125885264837, -0.320530728915, -0.337988994807, 0.158565364594, 0.927696321293, 0.0659582252003, -0.979290521371, 0.19141469975,  
305, 3788341.527274709, 96.70601891974344, 112.97516191787537, 90.69676917525571, 88.26443106292265, -0.938900727749, 0.13142024612, -0.318110267585, -0.012814158859, 0.910246218557, 0.413869084295, 0.343949445073, 0.392658299941, -0.852946797122,  
306, 3964229.2305823835, 98.18008039857513, 108.78025651140926, 94.82021889982089, 91.75275598214634, -0.720173026112, -0.546023319994, 0.428029609354, 0.0631290339825, 0.562808621365, 0.824173028427, -0.690916447575, 0.620568279676, -0.370849663247,  
307, 2892995.4307616265, 88.39337429447882, 122.22572434817336, 82.79174139465871, 68.25107580423351, 0.645800276159, -0.642867442753, -0.411902238841, -0.670409572221, -0.735622692372, 0.0970064943284, 0.365366950869, -0.213496382911, 0.906049825173,  
308, 3589146.6314848806, 94.9804444262719, 100.43813461833645, 93.79217799389374, 90.95725241836021, -0.137994776601, 0.949086222307, -0.283183305046, -0.0149703930092, 0.283887321632, 0.958740776201, 0.990319811457, 0.1365405846, -0.0249667737809,  
309, 3657729.756661422, 95.58160862827474, 99.526368903159, 96.92123667045065, 90.52445098349064, 0.826837850153, -0.402963202548, -0.392377148859, -0.0428277817728, -0.740716355191, 0.670451386949, 0.5608074096, 0.537549940513, 0.6297103388,  
310, 3181000.081216878, 91.23434468557055, 100.53308800078474, 90.1442225672036, 83.79693822284588, -0.0778011681085, -0.773988928925, 0.628401238178, -0.33341613321, -0.573819170885, -0.748040935538, 0.939564079963, -0.267717569516, -0.213416594052,  
311, 3123201.0469573815, 90.6783851607918, 109.74752319296344, 98.19147615006503, 69.18991793714407, 0.741327566131, 0.643466927783, 0.190745255626, 0.492644719067, -0.714731524489, 0.496447407766, -0.455779135624, 0.27406050564, 0.846850765353,  
312, 3464522.98025779, 93.86815440083201, 100.18607274611195, 98.84433144264514, 83.52100586139483, -0.915563390985, 0.327464081557, 0.233475806835, 0.000611114706376, -0.579401305013, 0.815042179453, -0.402173225894, -0.746365462115, -0.530278505443,  
313, 3648830.6581062283, 95.5040303705253, 100.79031078853579, 95.49929887718201, 90.49948992838927, 0.540917238418, 0.525703390071, -0.656539783144, -0.581079763626, 0.797929657837, 0.160170438748, 0.608074707159, 0.294863030597, 0.737089508608,  
314, 3176548.153918669, 91.19176286754454, 102.98642503643342, 89.2342136723805, 82.51928383847648, -0.726246451194, 0.369593472465, 0.579626394533, 0.65528640898, 0.627033412931, 0.421223006583, 0.207763842703, -0.685733012316, 0.697570370275,  
315, 2592384.3054734766, 85.21909635884263, 92.84232709024808, 86.56633119528318, 77.00443609164016, -0.0779186179132, -0.855240160041, 0.512340665608, 0.288482986064, -0.511259738621, -0.809562256048, 0.954309308209, 0.0847215929905, 0.286558887398,  
316, 3742974.104548672, 96.31843210013149, 99.09561085899512, 96.65980833836126, 93.28844723017632, 0.318404498684, 0.0998747972276, 0.94267894858, -0.837825245741, 0.494865210714, 0.230558627736, -0.44347202033, -0.863211126031, 0.241244935864,  
317, 3198149.994492379, 91.39800994471514, 110.02354940794324, 87.01064466732558, 79.75394627347556, 0.641800066409, -0.525304967584, -0.55870149972, -0.703789908926, -0.692830845943, -0.157051529772, 0.304585683924, -0.494004159842, 0.814363218231,  
318, 3736251.655441439, 96.26073432958368, 101.59798722474704, 94.36825742638189, 93.0328812653849, 0.2403565568, -0.22111537201, 0.945164915697, -0.496720165196, 0.80854636287, 0.315470849014, -0.833965109037, -0.545307960102, 0.0845069556802,  
319, 2444838.018293697, 83.57065904031596, 102.72874615171315, 85.42837763369319, 66.50699645271492, -0.716220634126, -0.621531894125, -0.317373766776, -0.660106124906, 0.750930062972, 0.0190773265157, -0.226468335786, -0.223163942228, 0.948108616022,  
320, 3070194.403971635, 90.16246061514187, 107.74155753485914, 96.58513960593446, 70.43421927934638, 0.900769365538, 0.431715225134, 0.0472918015723, -0.272920918123, 0.477989590563, 0.834889288327, -0.337829428201, 0.764949616446, -0.548382495837,  
321, 3016101.5659523755, 89.62980487115007, 93.9879941909629, 92.15269264949669, 83.13366783435313, 0.896711980282, -0.160899939938, 0.412333401202, -0.330483282484, -0.863087029013, 0.381918290146, -0.294428980261, 0.47874000217, 0.827115219244,  
322, 3853459.7438781983, 97.25697086109474, 107.51123092771205, 94.57543431326029, 90.47530138428576, 0.0672236352921, -0.745732262853, 0.662845664539, 0.523812990635, -0.539049835217, -0.659579582761, 0.849176621028, 0.391546507189, 0.354387357291,  
323, 3675388.5488227406, 95.73517809389386, 112.80512000940305, 90.29288072192547, 86.14544675871694, -0.37992603574, 0.381934691124, -0.842485666989, 0.238783580595, 0.920404475501, 0.309577135972, 0.893665826249, -0.0835553301377, -0.440885356755,  
324, 3557210.2137249047, 94.69789102002522, 104.04389182242203, 92.97674960143642, 87.78695251716056, -0.952846234774, -0.171752394993, 0.250170277393, -0.08200202868, 0.939474750304, 0.332660278414, -0.292163858424, 0.296459623484, -0.909259023312,  
325, 3554068.509725952, 94.6700039629298, 98.7447031090635, 95.00846242853004, 90.44011122543638, -0.340706517647, 0.521134492705, 0.782520229352, 0.562617690114, 0.779851552846, -0.274395499769, -0.753246575567, 0.346771388722, -0.558899991377,  
326, 2474507.9794052728, 83.90736504571969, 114.56086309102315, 81.21916698326271, 63.490016728671115, -0.0748742787773, -0.920265507077, -0.384064107751, 0.0587283295743, -0.388546150105, 0.919555801756, -0.995462116649, 0.0462956339543, 0.0831377687562,  
327, 3426663.344086629, 93.52497695215006, 111.97533005013997, 87.8950616201714, 83.11817584069378, -0.51142052833, -0.767440609649, -0.386631547942, -0.819285013596, 0.299702316231, 0.488825723691, 0.259270340956, -0.566756942884, 0.782026507219,  
328, 3374011.865254949, 93.04349141701722, 103.42856089084236, 92.61315174602132, 84.09009637565981, -0.377559674754, -0.295654003613, -0.877517750332, -0.924894817031, 0.166384160426, 0.341885782959, -0.0449251536374, -0.940693904151, 0.336268805071,  
329, 3581468.797022292, 94.91266928653782, 123.26573211531515, 96.49776650342334, 71.88080655329176, 0.72317194203, 0.690420972954, -0.0184722051986, -0.408521765279, 0.449159615632, 0.794585179184, 0.556895241094, -0.567075409263, 0.606871626175,  
330, 3038914.848313941, 89.85521905517177, 101.91236653637019, 89.38454062201649, 79.64171852518623, -0.880930279858, 0.403011534779, -0.248079714737, 0.434413442795, 0.896592345157, -0.0860646694331, -0.187741318704, 0.183586136296, 0.964908973847,  
331, 3155772.953972422, 90.99252433660584, 97.5332199205439, 89.29745683212957, 86.50186836720023, 0.385163295616, 0.854286969796, 0.34906017955, 0.62275214343, -0.519741869196, 0.584848832826, 0.681049927365, -0.00788432888793, -0.732194532753,  
333, 3484668.7588052033, 94.04974683117536, 107.13487296915363, 98.2097179901862, 79.06559973267218, -0.377381792775, 0.314035019443, 0.87118596697, -0.847396642915, 0.262320570727, -0.461634972407, -0.3734995476, -0.91245269726, 0.167117213971,  
334, 3365287.7984616966, 92.96322907818461, 102.5831776101163, 93.5887434199132, 83.68234422723711, 0.53139686981, -0.483727401718, 0.695431641201, 0.523409537375, 0.832971395272, 0.179446679669, -0.66607794059, 0.268638149723, 0.695825927637,  
335, 2702306.6051961333, 86.4069491077039, 100.60517062966333, 87.60735460639634, 73.19562861596695, 0.533529968182, 0.0837998837116, 0.841619482035, -0.316382465199, -0.903062471923, 0.290482886792, 0.784377401999, -0.421254971834, -0.455298078119,  
336, 3286053.8448625877, 92.22783672592823, 120.86949678108412, 95.04288252679382, 68.2888426982111, 0.841016842533, -0.308382873692, -0.444511725143, -0.383444868439, -0.919396011716, -0.0876413515845, -0.381655215402, 0.244153592752, -0.891475361243,  
337, 3242747.1800226797, 91.82088909163704, 100.36978506243355, 92.85431665703685, 83.06525232664197, -0.922767875232, 0.222704695058, 0.314486990573, 0.229417088353, -0.338227090399, 0.9126720303, 0.309624365985, 0.914333119885, 0.261012830851,  
338, 2908308.6276863837, 88.54906112652212, 97.5673037878787, 87.5499401998818, 81.28150285077427, 0.359798890609, -0.826867493915, 0.432244035035, -0.781433209937, -0.0139205507185, 0.623833596944, 0.509810647913, 0.562224479878, 0.651150318667,  
339, 3485891.087479846, 94.06074225822763, 96.62921934075652, 93.78476085207292, 91.8299733816509, -0.985723379271, 0.166796545148, 0.0229854755442, 0.165474548107, 0.934465336554, 0.315266091909, -0.0311061647923, -0.314568668664, 0.948724912294,  
340, 2624374.155996635, 85.56819698002356, 108.39368777967545, 88.1103556991672, 65.60035602608303, -0.597505471634, -0.27301422947, 0.753956525189, -0.0146235743247, 0.94380755238, 0.330171856984, -0.801731477767, 0.186253951844, -0.567922620593,  
341, 3749920.8121383167, 96.37798211379597, 110.16428781480688, 103.94593491668248, 78.17810632463944, -0.917735797964, -0.380338934244, -0.114469647653, 0.243774589812, -0.766891257965, 0.593676467295, 0.313584046944, -0.516933355043, -0.796520528264,  
342, 3520065.548745918, 94.3671227907289, 100.19787500421805, 96.19730433942964, 87.18479044155981, -0.893369122906, -0.165545751006, -0.41771547082, -0.186883641902, -0.708528131136, 0.680486878476, 0.408614873234, -0.685990154239, -0.602039362218,  
343, 3219319.0380247096, 91.59922576770768, 99.27580369027898, 92.5649425077347, 83.63449930355277, -0.188239679221, 0.688801212517, 0.700084789723, -0.650825750711, -0.621329497397, 0.436320407357, 0.735521356167, -0.373500395315, 0.565248431508,  
344, 3454248.871040855, 93.7752732570569, 110.16854491523341, 92.63957196507742, 80.79990717887209, -0.0700378698088, -0.948689613154, 0.308354851893, 0.151826479918, 0.295374938815, 0.943240354054, 0.98592262211, -0.112878976844, -0.123348772991,  
345, 2364748.4495928218, 82.64795524611992, 108.71854530546028, 85.10862109296168, 61.01254670379946, 0.564511400131, 0.750869598474, -0.34281441803, 0.189350357275, 0.28644249035, 0.939200267207, 0.803413543153, -0.595101290378, 0.0195226245464,  
346, 1928982.1116177388, 77.22297528313746, 112.46585213348958, 78.07268921571223, 52.44689403327116, -0.979013720903, 0.150612739356, -0.137287789071, 0.191273250833, 0.911569378775, -0.363944791413, -0.070332622588, 0.382566426159, 0.921247117648,  
347, 3382679.7438135226, 93.1230999140721, 121.13927230143638, 95.37188341474754, 69.89835478772497, 0.423204960422, 0.850757012892, 0.311624881048, 0.701053512071, -0.525362042265, 0.482201926334, -0.573952554387, -0.0143954701573, 0.818762014111,  
348, 3286948.3812898677, 92.2362047846368, 111.33158795458598, 90.33820849418782, 78.02151826753949, 0.0323518907184, 0.0168832143042, 0.999333934299, -0.0621712563998, 0.997955056562, -0.0148472206175, 0.997541021735, 0.0616495105995, -0.0333353835771,  
349, 3135499.96776617, 90.79725738389789, 99.08403342879221, 88.3279717375381, 85.52956362914423, 0.368231746296, -0.682887292149, 0.630928147447, 0.321304601403, 0.730269251889, 0.602884875297, -0.872449846202, -0.0192812335174, 0.488323151097,  
350, 3400575.625152233, 93.28703204303052, 106.19536173652628, 92.13115628459737, 82.97585914331937, -0.0929465613454, -0.244525861522, 0.965177724453, 0.854397640099, -0.517324583336, -0.0487847114216, 0.511239287738, 0.820111198877, 0.257005860148,  
351, 3678834.9918409707, 95.76509264165288, 102.34752958116144, 96.46956451594481, 88.95165177052498, -0.979039918873, 0.182470271605, -0.090473406219, -0.174913556482, -0.525733878259, 0.832471703429, 0.104336403097, 0.830848054238, 0.546630977678,  
352, 3699163.3989555165, 95.94116078939184, 114.50142081179528, 92.92879974677341, 82.9953388500793, 0.650354890571, -0.343315663136, 0.677622956928, 0.230247302015, 0.939169788651, 0.254845616011, -0.723895500901, -0.00971923509728, 0.689841170302,  
353, 1374781.209189911, 68.97869801491083, 95.99899239127433, 68.62186562028164, 49.82138339325059, -0.999557485295, -0.0147913740227, 0.0258079221327, -0.0290897436211, 0.667324381827, -0.744198868741, 0.00621453186868, 0.744620295636, 0.667459358254,  
354, 3265815.8771324507, 92.03811079016064, 99.44438967690085, 91.85959189423937, 85.34897079914775, -0.642230515298, -0.577768197485, -0.503710110277, -0.766270051503, 0.467442447363, 0.440826231721, 0.0192398905965, -0.6690900301, 0.742932270285,  
355, 3239039.830417979, 91.78588359284397, 106.31323347328703, 98.77740470364488, 73.6347371319035, 0.958821733126, -0.214319602415, -0.186354479706, -0.0734684705714, -0.820994250096, 0.566189743055, 0.274341516942, 0.529183852106, 0.802932863166,  
356, 3367648.168930038, 92.98495841134627, 102.0463408825083, 90.10570941546268, 87.43561247362352, -0.514766796039, 0.576833276387, -0.634254299905, -0.179428795341, 0.650931602882, 0.737626840464, 0.838343875207, 0.49350929031, -0.231577475762,  
357, 3363285.2737974427, 92.94478606947197, 98.47332924795704, 93.4039329075976, 87.29539051857837, -0.821705479375, 0.256046272533, -0.509156568735, 0.431520975433, 0.863105299933, -0.26237166194, -0.372276446913, 0.435303971437, 0.819707691512,  
358, 3768854.6555238413, 96.53991824246711, 101.1980824410125, 96.09499051421919, 92.52258295987401, -0.206349341621, 0.300968569877, 0.931041282199, 0.75001467827, -0.562444259654, 0.348043728808, 0.628409047988, 0.770113222019, -0.109670842428,  
359, 3392310.182185679, 93.21138953571443, 98.06739722706108, 93.45963410303969, 88.36051149321543, 0.884026676358, 0.223124639854, -0.41074594408, 0.289037477317, 0.429662862181, 0.85548066113, 0.367361092379, -0.874988697043, 0.315342048978,  
360, 1788223.6654708444, 75.29701207292102, 129.84586658027524, 79.55508046943969, 41.32731402671886, -0.516297828697, 0.67907233342, -0.52182115525, 0.855468896101, 0.380395003769, -0.351386694272, 0.0401188220942, 0.627821954929, 0.777322373937,  
361, 3867017.2383214785, 97.37089597393094, 114.44344957306159, 102.88201217046816, 78.40741018547189, -0.927444606319, 0.35766214376, -0.109198411757, 0.36885946734, 0.922989929398, -0.109691766251, -0.0615564420881, 0.142011904962, 0.987949099542,  
362, 3647049.630526213, 95.48848904504642, 102.59674958988312, 96.53684389404721, 87.90758838145612, -0.658484695628, -0.664022397651, -0.354220497771, -0.71317360316, 0.400226639974, 0.575501562474, 0.240377447733, -0.631579679908, 0.737106363118,  
363, 3086617.751845023, 90.32294306098646, 97.72494601434069, 96.42242127449447, 78.20072297638386, 0.473562218089, 0.3051516333, 0.826208996739, -0.280044619949, -0.837214372236, 0.46973088653, -0.835053193777, 0.45382218502, 0.311017021958,  
364, 2272888.9301531906, 81.56362790624114, 103.36453906718356, 78.87948645125026, 66.55090373312045, 0.583785120547, 0.76683017297, -0.266770348522, -0.336107368919, 0.527348655641, 0.78034302198, 0.739071559179, -0.365889165207, 0.565595570348,  
365, 3420831.095265731, 93.47188636650168, 110.82679126859264, 94.93904414909039, 77.61638430580426, -0.578837483065, -0.585175182256, 0.567905955481, -0.799012614402, 0.267914314518, -0.538331461185, -0.16286807614, 0.765370450271, 0.622641199751,  
366, 3676430.837513059, 95.74422695690379, 102.30138627167108, 97.92218896541736, 87.61433297910152, 0.785876363374, -0.413041517733, -0.460211957819, 0.20793564281, -0.524375456756, 0.825707665461, 0.582375402931, 0.74459860662, 0.326208223501,  
367, 3372769.681082801, 93.0320716449875, 98.75742509015839, 93.65409205578672, 87.0565715838641, -0.0615491070497, -0.9959879261, 0.0649596681419, -0.387692364158, -0.0361158991826, -0.921081034763, 0.919731666409, -0.081876082527, -0.383914012398,  
368, 3637111.0223965277, 95.40167128451098, 101.56749670189413, 95.44741043054097, 89.56721076498482, 0.266560577167, -0.111293465777, 0.957370995579, -0.840558367366, 0.459187686484, 0.287416595958, -0.471600561652, -0.881340134714, 0.0288526808453,  
369, 3699877.7653284036, 95.94733630533612, 104.00574944104034, 97.97788631195117, 86.67889238157689, 0.44091333474, 0.826435875246, -0.350141650413, 0.858711183974, -0.501926697454, -0.10336678819, -0.261171464302, -0.255094755902, -0.930975902881,  
370, 3306037.072028528, 92.41441172355816, 103.049375157892, 89.92815303700739, 85.16831855995527, 0.114855841663, 0.797506836533, 0.592276102269, 0.428740196355, -0.577628768364, 0.694641526248, 0.896097081607, 0.174148935232, -0.408267276049,  
371, 3417349.9777546003, 93.44016921478452, 106.35151979722805, 91.32003179794913, 84.00228393191044, -0.360354953242, -0.609803185773, -0.705892613855, -0.118718269171, -0.720598981645, 0.683112787332, -0.925229852652, 0.329965425876, 0.187276633587,  
372, 3338591.5764131667, 92.7167559976701, 107.00365022840447, 96.12601937066576, 77.48812148411903, -0.846588713521, 0.35716610012, 0.394613642775, -0.310695957988, -0.933606785801, 0.178455572051, -0.432152255379, -0.0284736093862, -0.901351031363,  
373, 3174425.8449288975, 91.1714493902913, 97.99084165454794, 88.97095013650116, 86.92463198020633, 0.0646746671421, 0.583317234671, 0.809665481026, -0.914638768853, 0.359117036723, -0.185663341684, 0.399065295334, 0.728543723925, -0.556750332186,  
374, 2780490.3783341283, 87.23235470556938, 92.37722535920385, 87.38611095853497, 82.2290857658182, -0.517877176396, -0.834310385658, -0.189022248823, -0.848829574114, 0.473717774411, 0.234690912302, 0.106261866526, -0.281988741955, 0.953514952758,  
375, 3490191.8516722415, 94.09940925517775, 98.27579669975714, 96.34912227999678, 87.99669376869403, 0.83104623938, -0.505079490482, -0.232931011903, -0.158361598676, -0.616320304285, 0.771408378611, 0.533182662956, 0.604188704645, 0.592175866701,  
376, 3062448.203190599, 90.08656914254354, 106.54425083716656, 95.92682568460773, 71.53359461490264, -0.372075066437, -0.591118405645, 0.71563899799, 0.765648454723, 0.240402138591, 0.596648351662, -0.524730967941, 0.769925868034, 0.363141252153,  
377, 3403394.4532709685, 93.31280096308338, 101.00278968309979, 94.90626869743095, 84.7608706689973, 0.339920984876, -0.41769754252, 0.842604585208, -0.493132306226, 0.683741159859, 0.537883402673, -0.800796011852, -0.598353398325, 0.0264378160118,  
378, 640533.9055696658, 53.47504655548982, 106.00492423098456, 47.713673483150984, 30.23323500169293, 0.271675449494, 0.623367328608, 0.733215946203, 0.455929883146, -0.754315829892, 0.472372279488, 0.847537840923, 0.205963109315, -0.489140885435,  
379, 1626342.8663967485, 72.95266585073686, 118.74603510784571, 95.0008778196874, 34.41729735003297, 0.690973985059, 0.69256727852, 0.207136468769, -0.395069823295, 0.121833186778, 0.910536385501, -0.605371610412, 0.710990322946, -0.357795994926,  
380, 3672234.426686644, 95.7077844492218, 110.48156709876689, 103.19294835360762, 76.89567997925532, -0.963251695388, -0.259449466449, -0.0695136367273, -0.268546053015, 0.935452032403, 0.229809731046, -0.00540266065157, -0.240032225821, 0.970749886338,  
381, 3184270.0888431887, 91.26559637009063, 112.08374097301905, 96.54464285835417, 70.25067313123975, -0.703114063303, 0.314149506734, -0.63791903985, 0.698577402925, 0.47264141049, -0.537214770099, -0.132741199737, 0.823359086006, 0.55177856916,  
382, 3607580.959977476, 95.14277750039464, 98.66407299603935, 94.50480447409964, 92.36651312506575, -0.0882435343323, 0.86978637671, 0.485473724869, 0.791927794099, -0.234367707672, 0.563845853522, 0.60420480599, 0.434215886962, -0.668126571787,  
383, 3033219.726040342, 89.79905246348288, 96.76458812891593, 90.33239875291542, 82.84289496464886, -0.134096802069, -0.739067292344, -0.660149668683, 0.166928776219, -0.673493593513, 0.720098023304, 0.976807468923, 0.0136351342132, -0.213684935759,  
384, 2853732.153046181, 87.99166448364343, 109.46717629599814, 87.0725620548025, 71.47585515582607, 0.264891645767, -0.87517838217, -0.404839740374, -0.903361509402, -0.0783711954366, -0.421658557433, -0.337298679709, -0.47741046816, 0.811362339253,  
385, 3343124.468218954, 92.75869833085375, 99.14923526574567, 94.62150133938822, 85.0716259380287, 0.223350723335, 0.512118818551, 0.829366487189, 0.913970884217, -0.405755785647, 0.00441194034906, 0.338779688278, 0.757031411568, -0.558687537637,  
386, 3756362.443849199, 96.43313672875907, 111.93765705546399, 97.13317533141841, 82.47742275607966, -0.49791477476, 0.0713948809536, 0.86428215766, -0.00550043158389, -0.99684543071, 0.0791765907639, 0.86720852298, 0.034669269479, 0.49673677076,  
387, 3478170.726635685, 93.9912507358561, 115.59391913278101, 86.46815013137812, 83.07514920138087, 0.313630778592, 0.885152065239, 0.343717261893, 0.797242504575, -0.0488412777339, -0.60168007985, 0.515790775042, -0.462731402644, 0.720998977384,  
388, 897329.5447563174, 59.83488389333372, 111.88900846931442, 84.62176611737951, 22.625274008201423, 0.647225276135, 0.730883199043, -0.216585297952, 0.423980084177, -0.109021340381, 0.899085777645, -0.633514269889, 0.673738893562, 0.380441287386,  
389, 2945845.937738286, 88.92839899863704, 120.19260760852502, 92.25709070978134, 63.422580507217816, 0.785056125401, -0.603214409804, 0.140780878584, -0.325954534932, -0.209037965678, 0.921985233104, -0.52672622977, -0.769698320584, -0.360727007809,  
390, 2313395.1118833264, 82.0453051779074, 107.41914869633251, 83.01472726521573, 61.93331874427971, 0.0440655567509, 0.967181964812, -0.250234437379, -0.182424602998, 0.254056394223, 0.949829780948, 0.982231892645, 0.00379413977944, 0.187632922416,  
391, 3528193.9873428647, 94.43970360740616, 103.05175506645452, 92.37299576054707, 88.48373065496065, 0.597122102175, -0.769300949318, -0.227203090807, -0.613675393483, -0.255709404301, -0.747004157944, -0.516573040846, -0.585481639276, 0.624790799822,  
392, 3281539.470725026, 92.18558323213324, 100.83363718509143, 94.83806921283157, 81.92206413616601, 0.670418532964, -0.689636048846, -0.273753741144, -0.0920902121672, -0.443433743841, 0.891563742896, 0.736246143271, 0.572510816452, 0.360794930069,  
393, 2953334.3961394173, 89.00368842279666, 102.2207667324139, 88.5873240091362, 77.85980236640026, -0.578845282266, 0.339415282259, -0.741441437584, 0.807732946141, 0.36335524451, -0.464263345532, -0.111828560377, 0.867623324062, 0.484483374976,  
394, 3394386.7120519285, 93.23040477346423, 99.89866227895986, 95.37376811379947, 85.05191473560001, -0.32549352483, -0.695659974915, 0.640399222826, -0.562372837887, 0.68689750423, 0.460335323314, -0.760125487338, -0.210306961332, -0.614800964145,  
395, 3318655.7274776585, 92.53183983706045, 104.18328875451165, 91.04481959796182, 83.52573192014685, 0.278194002117, -0.904762526276, 0.322510260662, -0.799230276806, -0.0318049801184, 0.600182812046, 0.532765484826, 0.424727223387, 0.731961559026,  
396, 2791042.3995788707, 87.34256496501885, 99.7457926798614, 84.26994692764283, 79.27030301510604, -0.669272160094, 0.263733127525, 0.694636317197, 0.735364565487, 0.368943400914, 0.56843620816, 0.106366026288, -0.891249462478, 0.440863543609,  
397, 3544098.2949697385, 94.58139525366492, 117.05326015024369, 87.58009654515041, 82.53311095283117, -0.516591508677, -0.808771410243, 0.281108554008, -0.846504744681, 0.433066728282, -0.309649682847, -0.128697048901, 0.397922121562, 0.908347430654,  
398, 3125192.9473350663, 90.69765854107486, 100.68545288244083, 94.48191881620954, 78.42829860668006, -0.753267533693, 0.235036768457, -0.614284738666, -0.60650595905, 0.113082201801, 0.786996148194, -0.254437702241, -0.96538600213, -0.0573700494094,  
399, 3476388.7177906297, 93.9751961422185, 108.31979643030355, 100.1093054078394, 76.53453347314642, -0.776238339789, 0.244247842314, 0.581203089605, 0.570311265953, -0.1208711577, 0.812487060305, -0.268698901687, -0.9621502766, 0.0454724693749,  
400, 2901658.0957854106, 88.4815135255752, 118.23585877375251, 100.1063002840206, 58.52575264396672, 0.320740333323, -0.799320781316, -0.508145576716, -0.710490107586, -0.557819975041, 0.428999629915, -0.626362072289, 0.223434921176, -0.746824872642,  
401, 3287723.9030928225, 92.2434582767911, 108.02251095590417, 95.44680493106458, 76.1256592586014, 0.754821026743, 0.650624505472, -0.0832644610017, 0.609723049371, -0.742772083323, -0.276635925544, 0.241832629418, -0.158042352287, 0.957360744042,  
402, 3554474.350668054, 94.67360729820109, 102.2905334802845, 95.01703406876956, 87.30716010024196, -0.708316418156, -0.635640602417, -0.306999798584, 0.0693146251948, -0.495436920936, 0.865873974726, -0.70248368985, 0.592033176378, 0.394985295375,  
403, 3597122.5305967303, 95.05074841578437, 102.00828796343787, 97.03308370357666, 86.7583592549394, -0.230556887718, 0.573268824072, 0.786261010653, -0.532283032831, -0.75071978136, 0.391273028504, 0.814566322951, -0.328302703647, 0.478224884643,  
404, 3555896.2463409943, 94.6862297033851, 104.92294312717745, 91.57403314990957, 88.35226043699608, 0.859924138663, 0.471560485206, 0.195348879025, 0.376770516036, -0.328234577128, -0.866202078399, 0.344346415677, -0.818469774133, 0.45992692337,  
405, 3511854.497952099, 94.29369077697113, 115.64745903740322, 92.54605566731477, 78.33464794422387, 0.0286697793493, -0.0809513712048, 0.996305635461, 0.748556260015, -0.658808065112, -0.0750696938517, 0.662451182612, 0.747943051872, 0.0417087738119,  
406, 3516067.13334373, 94.33137895709942, 103.12662251230587, 95.86144161830418, 84.90901424914195, 0.0620384091497, -0.884390364405, 0.462606657041, -0.354306460532, -0.452826292858, -0.818178024957, 0.933069219198, -0.113146064205, -0.341437842571,  
407, 3805106.9539563227, 96.84846751633201, 103.24569510611721, 95.61354270614294, 92.02098898401175, -0.436792351965, -0.54047152962, -0.719098718491, -0.890590648555, 0.372432758587, 0.261040489267, -0.126730966897, -0.754443083341, 0.644014670662,  
408, 3013303.8071105066, 89.60208253377759, 95.91684392083391, 88.51164232352637, 84.73425818277119, -0.494332806536, -0.522651859802, -0.694600683722, -0.865113227651, 0.373872150612, 0.334363153381, -0.0849363274759, -0.766194915437, 0.636970306869,  
409, 3770870.1260505794, 96.55712406085249, 105.13300901769868, 97.83306313310389, 87.52421407370245, -0.30886321788, -0.00862219784091, 0.951067384755, 0.269728783001, -0.959698880831, 0.078895131362, -0.912058055313, -0.280898052389, -0.29874133946,  
410, 3505756.233205118, 94.23907945470164, 99.0654106281149, 94.3934743886328, 89.50124773734481, 0.568495544969, -0.822615732851, 0.0107782844396, -0.0470802021692, -0.0194508728462, 0.998701716284, 0.821338097201, 0.568264920271, 0.049786649569,  
411, 3291937.7867825287, 92.28285100629394, 104.95002014065183, 92.78448364919063, 80.70587087943673, 0.278985907112, -0.890159658578, -0.360253585511, -0.100555257792, -0.400166212787, 0.910909239317, 0.955015970423, 0.217905448266, 0.201150967814,  
412, 2990557.693412858, 89.37605719830043, 108.35774166204453, 84.26773346504268, 78.1883985150679, 0.168703485676, -0.340546218072, -0.924968868275, 0.439020577033, -0.814233251618, 0.379848844806, -0.882496496799, -0.470162190437, 0.0121428094633,  
413, 2904230.703931625, 88.50765501851932, 154.2978732345057, 86.96239593501173, 51.67149969859003, -0.340983104206, -0.376637535135, -0.86132147876, -0.258236542962, -0.843456568866, 0.47105721979, -0.903905089335, 0.383047234116, 0.190342864092,  
414, 3112505.0428940915, 90.57475156265991, 112.45633460519721, 105.60065077953291, 62.57068879024062, -0.361658664057, -0.514335847227, 0.777599927321, 0.828879770967, 0.204439253722, 0.52073305716, -0.426803626969, 0.832864471445, 0.352385351867,  
415, 3041550.9099263633, 89.88119273880652, 100.71824985090367, 92.06257404879175, 78.30963446603174, -0.187913013774, -0.222876422582, 0.956564059283, 0.869289587605, -0.491080968396, 0.0563479845305, 0.457191767353, 0.842119696205, 0.286024658252,  
416, 2640159.6938052415, 85.73941758616624, 96.39875800364254, 82.62314437489114, 79.13496779273672, 0.708136767149, -0.662180725314, -0.245069390243, -0.611365102833, -0.401391930819, -0.681995035841, -0.353235091759, -0.632772632859, 0.689074571476,  
417, 3019025.546993683, 89.65875959958609, 119.14736895973613, 80.34409660458589, 75.2904252790998, -0.0801728702261, -0.0778168999858, -0.993738819286, -0.275818884004, -0.956288859058, 0.0971368172629, -0.957860247691, 0.281879669572, 0.0552050520852,  
418, 3073548.46940373, 90.19528163508474, 111.65162623174437, 85.18183795142335, 77.15061589433301, 0.351794530385, 0.501513437818, -0.790395394773, -0.602038673405, 0.767787045669, 0.219208777717, 0.716791492776, 0.398732145922, 0.572033767965,  
