# Void_ID, Void_Volume, r = (a*b*c)**(1/3.0), a, b, c, vector_a, vector_b, vector_c 

2, 244626.1224314107, 38.7975892352768, 119.52202630269225, 90.16189665933211, 5.419300530698011, -0.359077956444, -0.328637826723, -0.873533170545, -0.933127362543, 0.1080229599, 0.342934928824, 0.0183397510629, -0.93825807696, 0.345449612172,  
29, 948534.0833512801, 60.9520210456723, 107.70647965355194, 65.81647075335988, 31.943897936664303, -0.634793615916, -0.302765929102, -0.710893703283, -0.751548806273, 0.455635173589, 0.477044002559, -0.179475505241, -0.837095801425, 0.516777671978,  
55, 3571289.3187570223, 94.82266168361704, 114.54849544122308, 104.27155457166837, 71.38076332893196, 0.977918325594, -0.027345443496, 0.207190673503, 0.0127817028427, 0.997372522511, 0.0713069380337, 0.208596204517, 0.0670841118247, -0.975698388541,  
61, 383040.15495436126, 45.05246573545344, 102.61385097527142, 75.41376422260478, 11.816778360331554, -0.445480798462, -0.807389700406, -0.38687043035, 0.140604520023, -0.489847719317, 0.860395014414, 0.884181670897, -0.328893726844, -0.331740394424,  
69, 193103.47275843605, 35.85643915534513, 106.74547951508544, 38.48481453842024, 11.22180155427754, -0.469587732465, 0.856842481083, -0.212857520726, 0.816789679306, 0.513145125146, 0.263698123462, -0.335174553475, 0.0500304222404, 0.940826751083,  
83, 1151940.9235246738, 65.03001676291645, 139.62612641615502, 55.59133652175085, 35.429725918994826, -0.965832274419, 0.210932237971, -0.150584224525, -0.10198282557, 0.224833681001, 0.969045571259, 0.238259356542, 0.951292492808, -0.195640159855,  
99, 444019.8374036349, 47.32652183344895, 153.9575581299633, 55.26000979742369, 12.45953379202345, 0.693206050973, -0.367739637717, 0.619865251281, -0.585999346603, -0.788276687574, 0.187682257042, -0.419607121812, 0.493343108475, 0.761933357089,  
149, 478911.1029420354, 48.535044498979794, 75.31445805985797, 56.28312552509606, 26.971787803756833, -0.995877967235, 0.0837774284455, 0.0347622907467, 0.0820744504989, 0.995478117538, -0.0478236560532, 0.0386116426768, 0.0447734294649, 0.998250710525,  
167, 1152378.9027746376, 65.03825740224704, 126.35043369190701, 61.682850665937494, 35.299253097852954, 0.733534842823, -0.392526450272, -0.554841977685, -0.613919544056, -0.732925523046, -0.293126203354, 0.291598058619, -0.555646617469, 0.77860606773,  
173, 1389484.909468878, 69.22374247537086, 112.18806573675785, 81.01091169344895, 36.49850241744146, 0.202017409972, -0.800074593037, -0.564862471443, 0.894224788656, 0.385909764369, -0.226794358656, 0.399438347461, -0.459297615213, 0.793407024948,  
182, 3174300.1305655325, 91.17024584330028, 116.30827657097144, 89.0441497843692, 73.17173715521292, -0.693861064766, 0.579373474427, 0.427648453677, -0.0886497955192, -0.658073776774, 0.747716602783, 0.714631399084, 0.480900490177, 0.507973111484,  
244, 1708740.7892205361, 74.16446344330285, 119.47492807768, 90.98808859577642, 37.52548013352585, -0.152270066533, -0.964298232204, -0.21666274762, -0.784718182741, 0.251231926145, -0.566656768213, 0.600858719263, 0.0837343337828, -0.794957458505,  
248, 1299097.3419987645, 67.68893716447202, 130.92476693264643, 93.70982629855793, 25.278199820607995, -0.96427619054, 0.168256898712, -0.204599717484, 0.241491372234, 0.875804289513, -0.417909994625, -0.108873070569, 0.45238972414, 0.885149813307,  
260, 846452.0249803133, 58.68195576380276, 126.56738025509573, 56.252190997446434, 28.382621478400722, -0.885621135467, 0.113236776944, 0.450391648193, 0.450785626686, -0.0235672688304, 0.892321075966, -0.111658063693, -0.993288485883, 0.0301738400772,  
264, 1639884.2792202912, 73.15458165379935, 123.6668939879055, 65.88743595637872, 48.04724969005506, -0.916407608653, 0.381882002691, -0.119846697175, 0.390804231161, 0.918389566554, -0.061908456211, -0.0864242310302, 0.103569976658, 0.990860288954,  
275, 1932219.574275241, 77.26615293683801, 132.27848820991153, 70.44967762631858, 49.499365857274796, -0.860490863286, -0.485137604145, -0.155553782486, -0.464631702677, 0.622047384223, 0.630217766053, 0.208980513612, -0.614571848384, 0.760676401701,  
288, 937562.481321741, 60.716100358653804, 105.0783654864098, 68.24659235852043, 31.21169328230844, -0.498868688695, -0.706104560161, -0.502539930314, -0.838881717366, 0.247732933669, 0.484670875795, 0.217732624353, -0.663358684044, 0.715924409834,  
318, 1657604.127470197, 73.41713003317102, 100.12080788901228, 65.19584849118742, 60.62446555162415, -0.586817100045, -0.129920592417, 0.7992285848, -0.718968472552, 0.537635503439, -0.440491090622, 0.372464799104, 0.833107859228, 0.408902516892,  
345, 1632882.4485172452, 73.0503168303194, 127.88098209644609, 95.28041055029409, 31.993129869228632, 0.155729824112, -0.514132636885, 0.843454713409, -0.855669123624, -0.496834889719, -0.14486353314, 0.493536799802, -0.699158582903, -0.517299432819,  
348, 1715466.4270347985, 74.26164032680505, 111.33577216639414, 87.39221290022226, 42.090700317877214, 0.0441397716161, -0.0119148684149, 0.998954311504, -0.640068075909, -0.768080236836, 0.0191208782178, 0.76704924142, -0.640242755283, -0.0415292131378,  
399, 413093.85519178194, 46.201212701872805, 104.50461746565017, 49.96088581782021, 18.88837149240957, -0.969867685318, -0.0163473590385, -0.243083189112, -0.243374455225, 0.110894786336, 0.963572115053, -0.0112047989942, -0.993697695588, 0.111531799338,  
407, 2625560.5960400603, 85.58108973519266, 135.2317046463534, 90.08698941416364, 51.45088394501498, 0.78491462247, -0.49667650696, -0.370434181559, -0.149938813855, -0.732345736355, 0.664219899237, -0.601188312871, -0.465813449652, -0.649299963492,  
416, 1038733.4997236924, 62.825869748890156, 94.7972024156173, 60.174793899300674, 43.47157711578339, 0.31856849999, 0.908164164355, 0.271573123478, -0.655674527958, 0.0042182775716, 0.755031866561, 0.68454731334, -0.418592948718, 0.59680392013,  
495, 2989406.28015441, 89.36458531492545, 114.66148545866679, 94.24696657253764, 66.0406575075413, 0.676882843042, -0.362340392037, 0.640733218347, -0.135038050953, 0.794555488361, 0.591985051086, -0.723598190704, -0.487227889405, 0.488891237595,  
500, 659766.925044152, 54.005000807332195, 95.45135709911456, 77.3509458567184, 21.3331110747811, 0.773229438016, -0.523825088777, -0.357384264556, -0.0721609608498, -0.632609387901, 0.771101911597, 0.630007168145, 0.570449505835, 0.526951923214,  
501, 760840.5602430267, 56.6328410612477, 114.94130728572605, 83.5988726419821, 18.902902498168913, -0.886699213744, 0.0691923976287, -0.457139930937, 0.0367761954201, 0.996160659412, 0.0794446479661, 0.460881780717, 0.0536316394532, -0.8858395066,  
530, 1968310.4117360322, 77.74425869113324, 153.8144986292002, 109.48553189760808, 27.903004791796466, 0.731613050935, -0.518854023894, 0.442190960548, -0.62480148287, -0.769803930153, 0.130479945295, -0.272700294654, 0.371742398726, 0.887379365483,  
554, 435584.050958909, 47.0248898291425, 152.4486316371224, 31.93837668711039, 21.35733161413922, -0.524807448069, 0.584719270555, 0.618611766049, 0.851205815624, 0.356156726085, 0.385488061959, -0.00507955708306, -0.728872938931, 0.684630146132,  
570, 3078794.5773199447, 90.24656928377777, 134.74588180906994, 94.28480248782839, 57.85420194041788, 0.737158517021, 0.629782778508, -0.244889715338, -0.430012538369, 0.71677696838, 0.548926219491, 0.521235587455, -0.299339989801, 0.799192738253,  
590, 782518.3125720833, 57.165670291902025, 122.58322431200081, 90.35140277014314, 16.86708215719258, 0.560830821429, 0.692819741215, 0.453287542205, 0.33571244848, -0.69076310545, 0.640424456188, -0.75681301632, 0.206995503168, 0.619989451521,  
608, 733726.7225289334, 55.951952000216764, 129.28760894795943, 64.22692330754069, 21.094619943918186, 0.94996781255, 0.0738850687739, 0.303483363187, 0.203185249517, -0.884121032596, -0.420768052612, 0.237227547932, 0.461379449405, -0.854898879499,  
625, 1384572.4249067786, 69.1420666181044, 111.73410631614288, 62.99389668504248, 46.96159459788313, 0.215777079808, -0.538040541651, 0.814832883093, -0.505246972435, 0.65257025803, 0.564692442998, -0.835563132668, -0.533539533563, -0.131033650069,  
665, 1679563.4195246962, 73.73990933814747, 111.56385328921182, 87.45444764290112, 41.09626856934739, -0.187462196733, -0.761348488064, -0.620649985514, 0.0910119400472, -0.642596240133, 0.760780453834, 0.978046395405, -0.086131015835, -0.189754305738,  
672, 728610.3333988284, 55.821594676826535, 120.8310274329792, 50.77594251129765, 28.35112227365596, -0.295178725772, -0.931283743875, 0.213494984123, -0.937994371531, 0.324969320192, 0.120671040063, 0.181758297822, 0.164637569614, 0.969462939902,  
673, 1965559.3087508904, 77.70802081150946, 148.05560896917308, 70.00432390919462, 45.27389016336712, -0.608073238843, -0.533855135298, -0.587576063773, -0.287274313396, -0.542006968276, 0.789748007407, -0.740081350303, 0.649020139022, 0.176217065229,  
695, 331624.6760763514, 42.93908079339545, 86.60648322335736, 59.09869669188793, 15.467848944286246, 0.758684034292, -0.594300951743, 0.266842490747, -0.489783351761, -0.790432082336, -0.367871433453, -0.429547208638, -0.148403173722, 0.89076691316,  
790, 2153982.5892637703, 80.11574208214616, 125.07691226432053, 77.3930738644757, 53.12198950781566, -0.545880047215, -0.471141102596, 0.692849937213, -0.809064911959, 0.081466127112, -0.582045735634, -0.217781868593, 0.878287727102, 0.425654468007,  
792, 985322.8303639782, 61.730052377945185, 105.09548538878094, 75.48940521474192, 29.649670577734913, -0.882598480991, 0.44133327197, -0.162002667894, 0.469611686604, 0.843770673857, -0.259838245345, -0.0220178372544, 0.305411186749, 0.951965977255,  
807, 2596852.3674988863, 85.26802758962337, 129.81508724822564, 84.3177947077844, 56.638825939668, -0.0911928187635, -0.10934346006, -0.989812041525, 0.994894827471, -0.0531441663966, -0.0857903249223, 0.0432221248695, 0.992582341834, -0.113631609166,  
813, 72326.58152495167, 25.846581437419896, 158.35907798051977, 25.36522250462752, 4.298606477648751, 0.141131501974, 0.98048283593, 0.136876979795, 0.72931801118, -0.196467824021, 0.655359163126, -0.669460333193, -0.00733502365612, 0.74281159099,  
823, 1427764.342324672, 69.85368273972185, 108.32126064813224, 93.70639634476294, 33.58033155878233, -0.989232673815, 0.00429490939664, -0.146288313989, 0.146169499756, -0.0208192279789, -0.989040462816, 0.00729344893699, 0.999774031219, -0.0199672758024,  
832, 1189932.509063999, 65.7372057893987, 139.58567978736167, 64.15311251366799, 31.723063646473523, -0.258718505377, -0.94213700104, -0.213172714592, -0.189575418831, -0.166871104622, 0.967582138641, -0.947167300718, 0.290743711391, -0.13543337379,  
833, 1480709.8101119245, 70.70668040948979, 99.60365455259797, 85.26200518679593, 41.62464368430034, -0.135997212749, -0.459492653077, 0.877707958203, -0.468418649165, -0.750834314246, -0.465652017782, 0.872976933967, -0.474462152672, -0.113123553882,  
837, 428409.96326371445, 46.76529206770819, 108.29166584573811, 54.06944317917614, 17.46722930041273, -0.906022964065, 0.377540277359, -0.191273959438, 0.0421450023345, 0.53017579452, 0.846839669408, 0.421124907083, 0.759194945898, -0.496262880697,  
857, 514944.9515846867, 49.723008574920456, 125.34510627127794, 43.56268286763358, 22.513872073834367, 0.713019446565, 0.0174380164907, 0.700927374555, -0.47135606594, -0.728158328823, 0.497603162437, 0.519063317835, -0.68518710127, -0.510971533778,  
876, 1578186.923198266, 72.22539800370595, 103.2269073987095, 83.04545335691317, 43.950220116540706, 0.300714420591, -0.942839812883, -0.143610321676, -0.906128146983, -0.329423111712, 0.265352962514, -0.297493896564, 0.0503338922933, -0.953395972717,  
929, 340913.2807643337, 43.336294136106595, 115.36653095470527, 70.49877013351416, 10.006770427390135, 0.36815545667, -0.298813362062, -0.880438603412, -0.866395118943, 0.233353301861, -0.441481295621, -0.337373765424, -0.925341456525, 0.172980146953,  
947, 1938192.4780386887, 77.34568644011468, 155.87843074277387, 102.13352569494944, 29.06390365843527, 0.109544660495, -0.362295926411, 0.92560338648, 0.519451707869, -0.773062703825, -0.364065899456, 0.84744904894, 0.52068773527, 0.103510346296,  
949, 1209869.884731769, 66.10231749863108, 106.414380760453, 60.6176203232981, 44.77657305143933, 0.445566097767, -0.198596791213, 0.872943392804, -0.441892891816, 0.799233425833, 0.407377715634, -0.778589445526, -0.56726117931, 0.268352808378,  
954, 575418.6901558175, 51.59787130020203, 99.13530271695927, 53.96641714451048, 25.676949780637166, 0.320602305638, 0.835563189104, -0.446148314616, 0.636965373071, 0.158429905145, 0.754436928222, 0.701062960888, -0.52605524631, -0.481431825601,  
962, 310748.6502250251, 42.018467995643825, 111.6057047357185, 48.91644261671321, 13.58874601558604, -0.701864295236, -0.611113216406, -0.365960582314, -0.187597974489, -0.337041794355, 0.922610334229, -0.687163380166, 0.716200715995, 0.121913999879,  
987, 410129.9145198722, 46.090449758764116, 99.62927376106299, 82.77269764274295, 11.872953423687191, -0.468202033667, 0.672821893129, 0.572798006103, -0.537091492881, 0.298050351985, -0.789112612975, -0.70165488949, -0.677109066405, 0.221819134089,  
991, 836100.9245642492, 58.44177054443681, 136.0424375857045, 62.35951035426658, 23.528432402005638, 0.607630740926, -0.773976320388, 0.178172776148, -0.352994964908, -0.0622198198656, 0.933554095254, -0.711462885491, -0.630150259457, -0.3110164193,  
1017, 392857.6517331074, 45.434128537253315, 116.1241832260123, 84.10052222542014, 9.603404946691185, 0.156267798926, 0.502870872238, 0.850118380506, 0.690883176371, -0.670748872201, 0.269770990005, 0.70587591801, 0.545175968193, -0.452241475407,  
1030, 774875.4794776385, 56.978949265709176, 96.0971979047249, 61.85132888440353, 31.1231502669115, 0.318988574206, 0.443920793858, -0.837365283676, 0.588911484684, 0.599412492588, 0.542114311688, 0.742583027501, -0.666062303775, -0.0702243174213,  
1042, 781410.7569099675, 57.13868729978338, 120.21649642248903, 52.471428750387986, 29.573574466933376, -0.699656695513, 0.0208460831177, -0.714175013034, -0.690444869531, -0.276806634193, 0.668329237281, 0.183756334753, -0.960699499368, -0.208062686114,  
1049, 791092.1581412045, 57.37369540134821, 119.48109465405436, 51.86455109452337, 30.476750107237294, -0.238261622729, 0.830247053807, -0.50390597216, 0.209441820644, 0.550564357958, 0.808092204833, 0.948348840301, 0.086998375796, -0.305066811877,  
1057, 2430912.367225776, 83.41168566505095, 116.23607067410936, 79.04711806907564, 63.16168865997715, 0.656594683797, 0.746259344448, -0.109455068561, 0.626673673139, -0.620520961089, -0.471416847645, 0.419718392025, -0.240937186158, 0.875091848735,  
1068, 1302074.9613504142, 67.74061358323426, 101.92293288891923, 66.30615366809022, 45.99616574337774, -0.439651080708, 0.529697853282, 0.725346201107, 0.874187451299, 0.066992233541, 0.480945257422, -0.2061631083, -0.845536649042, 0.492508424194,  
1072, 1127390.2726600748, 64.56471297214486, 104.5222710109499, 73.04237034620226, 35.253478712893454, 0.413580049594, 0.461115321457, 0.785063184015, 0.467517783731, -0.847460461191, 0.251471446914, 0.78126734507, 0.263027426393, -0.5660723527,  
1080, 853073.7717598699, 58.834580346143845, 124.48228530039641, 62.65471099581769, 26.11179313370611, 0.378455788104, -0.152318556022, -0.913000697668, -0.774911130881, 0.487331492675, -0.402518018831, -0.506244956209, -0.859829677168, -0.0664000796269,  
1094, 1254154.4268085307, 66.89918115490924, 141.6614929681706, 82.44400439725098, 25.636073840580394, 0.413698856337, 0.343585317258, -0.843090971384, -0.349060270442, 0.915143263289, 0.201667387684, 0.840838976181, 0.210859994833, 0.498525705169,  
1098, 2177390.8135916535, 80.40491410661603, 139.08830502013336, 98.94701726293934, 37.77064970117866, -0.720356443805, 0.470017919623, 0.510068376889, 0.670893919694, 0.285524935548, 0.684380639482, -0.176033923963, -0.835199776349, 0.521011891611,  
1106, 2595286.0289167454, 85.25088048942953, 136.43100159094396, 89.99025045238109, 50.46474598377962, -0.699121138875, 0.48141144365, 0.528651733281, 0.699873281237, 0.612054824752, 0.368193266789, 0.146311391861, -0.627400919207, 0.764827472827,  
1148, 1436539.7345266782, 69.99650319585021, 89.99291550265829, 75.0920419069455, 50.74891925556651, -0.376979556535, 0.224485263013, 0.898606020815, -0.913311579244, -0.251513454159, -0.320316939289, -0.154105071859, 0.941460221712, -0.299840420491,  
1162, 2051989.4957519008, 78.8307226829549, 127.90368221477311, 95.05972384485405, 40.29089624653416, 0.292716231432, 0.40905898262, 0.864284650213, 0.554712598506, 0.663588001026, -0.501941129967, -0.778852451312, 0.626355900133, -0.0326671923071,  
1168, 1699039.448945739, 74.02384124740001, 147.6082427307199, 84.99444971289442, 32.33059347876161, 0.760223806971, -0.574061412747, 0.304159921273, 0.426470888775, 0.794158323949, 0.432937798684, -0.490084017635, -0.199414269543, 0.848558545276,  
1170, 3236620.196823138, 91.76302254516226, 115.5493741894063, 98.9708027786676, 67.566035941821, -0.460590761466, 0.866473334583, 0.192561966411, 0.887602678079, 0.450642779051, 0.0953025264946, 0.00419956175707, -0.21481398033, 0.976645953012,  
1174, 2793547.6432770076, 87.3686900875109, 135.47491877779075, 84.77605432881658, 58.06780026062108, 0.138913087932, 0.657726866247, 0.740336763519, 0.616351417193, -0.642564873536, 0.455215678356, 0.775121980417, 0.393072197839, -0.494651556917,  
1175, 1777774.8796874408, 75.15006928313558, 113.65274762434477, 88.14692119487282, 42.364400844226466, -0.373972526504, 0.905212112874, -0.201830572824, 0.292683154109, 0.321690829311, 0.900472976629, -0.880046090112, -0.277679745468, 0.385243868524,  
1180, 2744775.881517737, 86.8572536429629, 126.77990862435962, 115.79641844226171, 44.63471008016519, -0.837687003106, -0.228480922879, 0.496061440457, -0.0642294594576, 0.943197570716, 0.325964597977, 0.542360637736, -0.241194549019, 0.804779552522,  
1182, 1168188.960617759, 65.33433818182924, 109.98402166781203, 88.05315084888925, 28.79718201311849, -0.178580759135, -0.957188588869, 0.227813339832, -0.754727527156, -0.0152884101762, -0.655860217019, 0.631264819406, -0.289061014066, -0.719686360804,  
1190, 3944203.18611826, 98.01447621929542, 127.39574661898118, 107.1820051051823, 68.959461992292, -0.340301203545, 0.894954285329, 0.288534084705, -0.666961619097, -0.0134289566968, -0.744971047608, -0.662840319774, -0.445955704406, 0.601470049287,  
1213, 1918791.9998727813, 77.08675482465539, 113.51782234598922, 87.72152168550086, 46.00119161452411, 0.42993179927, -0.189031107541, 0.882851000089, 0.802334791964, 0.528399480539, -0.277583988318, -0.414026001093, 0.827684257037, 0.378841973745,  
1224, 797698.1505974471, 57.532952065666095, 95.62558244311839, 45.92375078518135, 43.36491814717125, -0.99718004752, -0.0137447877723, -0.0737769180531, -0.0743402075401, 0.0463731940922, 0.996154134867, 0.0102706558319, -0.998829618943, 0.0472642142641,  
1245, 649977.8861552298, 53.736576013575096, 118.07465960304293, 38.924232024933204, 33.76239269510023, -0.309678416968, -0.580748651573, -0.752881319837, -0.0580415325009, -0.778783085047, 0.624602343055, -0.949068205436, 0.237124250426, 0.207464771204,  
1270, 1479269.9793751393, 70.68375476773922, 106.10930961360346, 60.37782629831427, 55.12236872568328, -0.832229515383, 0.0794939623854, -0.548702782633, 0.25485513801, 0.933763972648, -0.251264207589, 0.492384902647, -0.348949213109, -0.797365383194,  
1280, 2733786.069291472, 86.74117595470504, 107.58315834548783, 99.89028057342456, 60.730714969875656, -0.0827845385357, -0.728659628339, 0.679854297779, 0.885506851101, -0.366752588272, -0.28525454536, 0.457191794362, 0.578400972531, 0.675594536792,  
1293, 743979.9071021375, 56.21137374279945, 85.30015442670965, 70.03843778623674, 29.729412662600907, 0.38386719938, 0.752454576126, -0.535217791284, 0.866867430814, -0.493335342239, -0.0718407787606, -0.318098774966, -0.436385553112, -0.841653621391,  
1296, 1327636.1033103042, 68.18101803605384, 99.23601516855047, 76.03175423300036, 42.00743045200786, -0.12231761955, -0.968239451151, -0.21806137939, -0.670963872544, 0.242568479061, -0.700691097921, 0.731331581219, 0.0606044404304, -0.679324090631,  
1304, 785844.050706003, 57.24654139058106, 170.61921280724454, 89.00633801165831, 12.353752413722782, 0.706024800917, 0.0591041718495, 0.705716428433, -0.581628084644, 0.616911906311, 0.530215494874, 0.404026919453, 0.784809783783, -0.469931752104,  
1308, 1318343.0257817593, 68.02156278872741, 119.01136029586654, 60.37492703721518, 43.80208449804465, -0.224179573889, -0.243885276991, 0.94353775246, -0.943418813097, -0.188438376365, -0.272858793899, -0.244344964642, 0.951320634686, 0.187841923633,  
1324, 956551.113746518, 61.12326209958482, 102.6154868676535, 63.9163885615026, 34.81724745271691, 0.1822984351, 0.75800342672, -0.626257204063, 0.443669326073, 0.504986212789, 0.740369133605, 0.877453594022, -0.412819246127, -0.244244673155,  
1326, 520438.66056085663, 49.89920736764471, 107.6049113039706, 45.335544174576285, 25.468889798209794, -0.755152166175, 0.0414801932338, -0.654235889791, -0.165667661993, 0.95352631514, 0.251677953157, 0.634270787354, 0.298440881758, -0.713185535751,  
1329, 1481869.9309072217, 70.72514157279977, 123.94966849184748, 90.58561114014205, 31.507713529935504, 0.246562039648, -0.568312635245, 0.785001853008, -0.845632131306, 0.269515767474, 0.460725026004, -0.473406230533, -0.777420092166, -0.414131067645,  
1375, 2652125.157338276, 85.86874889427476, 113.8485723281168, 97.36165497871484, 57.12021973140929, 0.222885396549, 0.493721222637, 0.84057209942, 0.713616914267, -0.670068202665, 0.204351421452, 0.664133269516, 0.554299520201, -0.501676232472,  
1394, 2419791.5765359155, 83.28429563222531, 128.0574007364525, 92.25998181883169, 48.895771629933506, -0.630032096714, -0.19200754732, 0.75245774558, -0.775106186681, 0.0960355636286, -0.624489847706, -0.0476440602806, 0.976683301941, 0.209331725329,  
1434, 3097462.837328305, 90.42860510452644, 119.59574101650166, 96.20142591586786, 64.2717717214682, 0.192684959096, 0.814892629816, 0.546646602853, -0.818824978786, -0.173463242757, 0.547207600028, 0.540738532615, -0.553046567013, 0.633830682486,  
1456, 2902633.1520328647, 88.49142335273633, 123.87482335065916, 111.34470171033216, 50.240151177469926, 0.489046922576, -0.609539364541, 0.623934989077, 0.705838058116, 0.696806878841, 0.127486506401, -0.512470236437, 0.378050177455, 0.77100734114,  
1462, 1065553.3557058864, 63.36199807203882, 109.15188868627018, 66.44603412912781, 35.07407869505781, -0.825115739391, -0.550845409273, -0.125512356734, -0.549234749211, 0.73004180814, 0.406669581636, 0.132382804281, -0.404485220313, 0.904912426525,  
1476, 251411.48467819844, 39.1530411775161, 114.70801773014503, 74.98786300776838, 6.977691290357589, -0.801320503563, -0.408753099311, -0.436813866964, -0.5848162519, 0.689018050836, 0.428070177817, -0.125997627288, -0.598477258905, 0.791169746952,  
1494, 2890152.781266051, 88.36441310974273, 127.68181584468087, 85.0820644996313, 63.5133649247109, 0.22900564696, -0.868661726371, 0.439298553148, 0.578100980068, 0.484452731247, 0.656585720247, -0.783170269166, 0.103597086467, 0.613116606504,  
1495, 1677025.4581032356, 73.7027482147791, 110.62793449084849, 91.90627602500437, 39.3768592374453, -0.7625651636, 0.525812261372, -0.376849886632, 0.442873019814, 0.848948146658, 0.288358340623, -0.471548363993, -0.0529953778832, 0.880246346393,  
1500, 1348007.8785572497, 68.52798159210528, 139.17078605503428, 67.21160259153869, 34.40420209849995, 0.90570335224, -0.421509657844, 0.0450671286693, -0.214351367455, -0.363654151537, 0.906536899051, -0.365725209703, -0.830713709057, -0.419713955657,  
1501, 2514794.5343320197, 84.36027099161316, 118.7973092989869, 87.36526660730536, 57.84535460233964, 0.655576955638, -0.204264831231, 0.726976432877, -0.314271244039, 0.801578105266, 0.508631621439, -0.686623943951, -0.561914957872, 0.461301571332,  
1525, 2691294.6870560516, 86.28941967965837, 137.9113258628802, 113.92681025601829, 40.89279288602993, -0.223512501036, 0.453596374709, 0.862723878614, 0.919229834978, -0.196240723737, 0.341329882713, 0.324127555703, 0.869333024334, -0.373097065703,  
1532, 2565625.8395093777, 84.9248725671926, 120.92249459066126, 84.07438761458701, 60.24678843372377, -0.984898666796, 0.0533234959546, 0.164715575835, -0.0985367859529, -0.954913441131, -0.28005503345, 0.142355603885, -0.292056372514, 0.945747300983,  
1543, 748883.972217276, 56.334612174156355, 113.44085452127571, 61.06648077954594, 25.807952137420667, 0.57592459525, -0.611700747577, 0.542340350702, -0.589985570063, -0.770227402938, -0.242212251715, -0.565886815276, 0.180476987944, 0.804487519555,  
1558, 2259856.4648675187, 81.40743706500213, 109.6152015261253, 90.17090795721907, 54.582700288020085, 0.58732650148, 0.629970883082, -0.508118359369, -0.499202149811, 0.776135554168, 0.385241242835, -0.63705949038, -0.0273913859759, -0.770327798857,  
1568, 2375186.0030476195, 82.76937427396264, 134.45508705501598, 67.35099134228835, 62.61635532228493, -0.231019823562, 0.0310446412735, -0.97245363456, -0.394630069838, 0.910594548998, 0.122819686184, 0.889323871883, 0.412133227952, -0.198114243092,  
1574, 947896.080532642, 60.93835213486945, 124.4217215860465, 78.73918124848934, 23.09856591633691, -0.477587899638, 0.448536799654, -0.755463127807, -0.0151417288935, 0.855534704452, 0.517524006714, 0.878453485488, 0.258602221249, -0.401801399947,  
1584, 1024935.3296022034, 62.54644322567795, 129.32287532408589, 68.86206631097173, 27.475933210602896, -0.482321411271, 0.237488234484, 0.843187639088, 0.174894721004, -0.91706316923, 0.35833919714, 0.858357671833, 0.32030373417, 0.400783763496,  
1590, 969589.8072717974, 61.39973225931951, 125.97759507520425, 59.323863843069454, 30.972530496088524, -0.00203266435376, -0.875444982382, 0.483313512224, 0.848207458151, -0.257502390853, -0.462857026135, 0.529660246019, 0.409009292715, 0.743082379188,  
1591, 1149477.4131050068, 64.98362651904439, 92.79244899898167, 73.4790517441818, 40.24719822484878, -0.34112665069, -0.641286461086, 0.68730217737, 0.173360469072, 0.675698841828, 0.716503470274, 0.923893260042, -0.363569456886, 0.119325161085,  
1595, 209011.47416495078, 36.815200752589305, 118.09207439548878, 24.10968861701998, 17.525449519073515, -0.140216110048, 0.934527887446, -0.327104066113, 0.0463586517316, 0.336201948134, 0.940648247477, 0.989035043814, 0.116729934704, -0.0904643822255,  
1632, 4013053.92087744, 98.58150906027328, 144.17717523226466, 93.68507642421022, 70.9282848308457, 0.237226731218, -0.374094923181, -0.896535814369, 0.677333077781, 0.725253375663, -0.123399525256, 0.696378761695, -0.577979696477, 0.425436353314,  
1635, 3549534.8955090414, 94.62973275444324, 108.27790492586226, 92.93419191494336, 84.21073729794982, 0.484502207023, 0.854869610668, -0.185622089595, 0.290736444864, 0.0427712190295, 0.955846714934, 0.825063592105, -0.517076949378, -0.227819001411,  
1637, 490795.1606235359, 48.93323042259539, 97.2113087606192, 79.52076003669569, 15.157038373912108, 0.0456742041887, -0.678713262547, 0.732981701214, -0.383010791515, -0.689570934049, -0.61465003091, 0.922614004151, -0.252666250531, -0.291450107544,  
1648, 1558726.730791748, 71.92730550004555, 103.96883867385172, 81.43771325686983, 43.949365615574976, 0.852111425878, 0.440686938319, -0.282313903808, 0.243614227301, 0.143437360555, 0.959206876463, -0.463204302813, 0.886126822747, -0.0148670058662,  
1653, 759994.8952472139, 56.61185104541923, 106.86998753155171, 89.09747778962547, 19.054646543040796, 0.81881822347, 0.134312365029, -0.558119078256, 0.330994086786, 0.683890591508, 0.65018195404, -0.469019862507, 0.717114947165, -0.51552548058,  
1675, 1925516.287785214, 77.17669842757616, 104.62179167016632, 78.32313288989097, 56.097871521795696, -0.940597266668, -0.246269564526, 0.233726514383, -0.331434033245, 0.51661164762, -0.789470637295, -0.0736767503648, 0.820038844892, 0.567545618716,  
1679, 1487377.9444952372, 70.81266013671555, 114.44657833507739, 84.87439771731809, 36.555540497761065, 0.585344632397, 0.78884538443, -0.187335583347, 0.752617977361, -0.442711380571, 0.48741441676, -0.301559018232, 0.42629754043, 0.852837947999,  
1684, 2037328.3849478522, 78.64252979736042, 129.38284702074898, 65.0522837065305, 57.78740279708276, -0.453258786453, 0.564078867135, 0.6901967141, 0.875835170618, 0.425797474432, 0.227176725646, 0.165738427683, -0.707468403831, 0.687036557376,  
1691, 1079566.1276662976, 63.63854087947706, 109.48390901083505, 80.96945660123674, 29.072951293199303, -0.304904435489, 0.331277677586, -0.892910065769, 0.933008347543, -0.084248247805, -0.349853763961, 0.191124850908, 0.939764509372, 0.283397174105,  
1699, 2697103.540255147, 86.3514570305239, 136.45289805624273, 96.79697923596862, 48.74885746420173, 0.728450449701, -0.477298730053, 0.491473157578, -0.571268048459, -0.819166320489, 0.0511796462144, -0.37817027797, 0.3180447479, 0.869387588589,  
1706, 1600144.3099894025, 72.55881489117326, 98.20391609449229, 90.09140947228505, 43.177585634977014, 0.800709222308, 0.234370831581, 0.55130305152, -0.433884643436, -0.407648620095, 0.80347166641, -0.413048250815, 0.882549101092, 0.224718104879,  
1716, 1053280.0311367314, 63.11778461838889, 115.17304950346927, 102.40299596575923, 21.320221503139244, 0.333491852954, 0.610974924712, 0.71797829033, 0.718917453105, 0.327852696145, -0.612919493288, -0.609869559525, 0.720570781397, -0.329904333652,  
1717, 551085.3392157431, 50.86004608712386, 86.9655091471358, 40.76362154935628, 37.11166534613527, 0.030810053434, -0.818199448317, 0.574108355087, -0.685529953637, 0.400700946733, 0.607854780317, -0.727392207323, -0.412296512307, -0.548554612291,  
1719, 726357.094592524, 55.76399220673625, 96.19649780026384, 73.83209846644262, 24.41502089123234, 0.222605342701, -0.720206038622, 0.65707695389, 0.920123774623, -0.0675479736473, -0.385758357822, 0.322209715518, 0.690463998474, 0.647642158941,  
1744, 1733886.2179479694, 74.52648899760288, 114.19839537681224, 99.45220792439815, 36.446644808840205, -0.974918033505, -0.198189658588, 0.101270366719, -0.213987075183, 0.95979239244, -0.181681300825, 0.0611911725746, 0.198794926102, 0.978128937183,  
1760, 3079001.7679627044, 90.24859365021986, 150.69371567272674, 95.06162596544074, 51.31223707945402, 0.665946626884, 0.51899131944, -0.535876012233, 0.579798783009, -0.812084832331, -0.065966630349, 0.469412890068, 0.266770004769, 0.841715690238,  
1766, 1575139.7267636724, 72.17888328219959, 108.15609991725076, 84.06667372737179, 41.35762522544555, 0.739935718273, 0.35145974873, -0.573560090877, 0.325099199738, 0.55962192598, 0.762321330078, -0.588902065843, 0.750532707472, -0.299824968709,  
1773, 2230658.9573990465, 81.05531958146038, 109.22262985034153, 81.93841904192199, 59.50375294896445, -0.0402517456575, 0.969022276389, 0.243671140748, 0.318920889414, -0.218653397069, 0.922214811335, 0.946926218492, 0.11483257296, -0.300240265322,  
1775, 3014752.774143327, 89.61644215006424, 128.00896510743286, 115.28468761872068, 48.769811894596224, 0.0561744003008, 0.196683541307, 0.978856486585, -0.997656070489, -0.0273116433596, 0.0627410483995, 0.0390743108464, -0.980086556747, 0.194688313763,  
1778, 2571367.772011836, 84.98818000042942, 157.19039210136222, 95.46441505417062, 40.90798368057575, 0.683370663132, -0.646378318618, 0.339410674539, -0.628184058313, -0.757483491567, -0.177773870086, -0.372007158065, 0.0917269274778, 0.923686551338,  
1781, 4764111.047059603, 104.38331592222352, 140.39585949392233, 110.74161767024594, 73.15231988379783, -0.0647739699337, -0.925517913883, 0.37312320204, 0.561498548682, -0.342903987327, -0.753084480854, 0.824938611442, 0.160727864905, 0.54188821799,  
1783, 1412902.5488245995, 69.61046471503631, 114.14541052490819, 69.46092482682587, 42.54265438220404, 0.183665698104, -0.716508605194, -0.672965326018, -0.904509931845, 0.144862377002, -0.401094346662, -0.384874907645, -0.682371094356, 0.621482900049,  
1785, 2327947.2750288174, 82.21697810556293, 116.949115506252, 113.19942622343747, 41.98008982248673, -0.0142737991307, 0.181967131137, 0.983201007853, -0.0182463222965, -0.983184853102, 0.18169924698, 0.999731629179, -0.0153462639179, 0.0173540140236,  
1791, 293428.91801510705, 41.222858251134376, 113.52595596744095, 31.45504370644452, 19.61683062365203, -0.454455715138, -0.182946329982, 0.87178015768, -0.798799442176, 0.516798488476, -0.307959045149, 0.394194690677, 0.836331251751, 0.380999453,  
1794, 742351.9624246933, 56.17034403557645, 140.8121207007544, 79.7009380925357, 15.791296182338248, -0.185598645376, -0.944389653088, -0.271443043703, -0.975914312547, 0.209389242492, -0.0612160084819, -0.114649018314, -0.253543543142, 0.960505738833,  
1801, 1548484.577672398, 71.76941809578386, 123.99551583479565, 74.70871560104004, 39.906259773469394, 0.582984699157, 0.271623425532, -0.765734650679, 0.367517115502, 0.752371299533, 0.546688757386, 0.72461024721, -0.600131770815, 0.338794697859,  
1804, 1103908.3547499075, 64.1133008539914, 110.39342531122776, 104.16346688293842, 22.91847814835803, 0.866567871262, -0.437358265188, -0.24037028179, -0.12321015244, -0.654229106904, 0.746192692282, 0.483610776175, 0.617010553841, 0.620820903012,  
1815, 2442991.202010154, 83.54961081114534, 135.23105009727965, 79.79640562162928, 54.04724285614005, -0.332056804665, 0.0846375041106, 0.939454507347, 0.17661698127, -0.972772696741, 0.150065726937, 0.926576883158, 0.215753964905, 0.308067372867,  
1816, 2621743.2172735115, 85.53959334086849, 104.6806084225442, 87.99800247678947, 67.94578048657168, 0.413887701658, -0.173498949636, -0.893641474469, 0.539881827515, 0.837179783658, 0.0875078405272, 0.732956057847, -0.518679211372, 0.440167346534,  
1824, 1958229.4011493034, 77.6113049782409, 142.9139743405817, 101.39840397041186, 32.26035495448901, 0.676499909158, 0.537466765126, 0.503465340708, -0.445551920414, -0.245629539003, 0.86090046799, 0.586371349168, -0.806719037804, 0.0733009885385,  
1835, 1513355.9963097782, 71.2225465147806, 100.26165174897237, 83.99955775878752, 42.89835490787058, -0.752000004277, 0.646885520929, 0.126629840008, 0.647453922714, 0.760932286658, -0.0422548586959, 0.123690789996, -0.0502113327258, 0.991049650894,  
1836, 1961081.398049488, 77.64896482035316, 135.1362641985942, 75.62113818453378, 45.81333339572976, -0.511244845021, -0.665950833196, -0.543266229582, -0.832841135098, 0.227858220536, 0.504436591677, 0.212142292172, -0.710345070441, 0.671122588483,  
1837, 640062.4331556556, 53.46192302553856, 98.43775427484951, 80.08589691725918, 19.382776487938358, 0.80311258255, -0.187254901688, -0.565637500122, 0.482121796737, 0.762044097099, 0.432258449527, -0.350098204596, 0.619858367589, -0.702286872488,  
1838, 2430750.623749448, 83.4098356607181, 116.47670089215181, 103.96369579649358, 47.9215686480324, -0.771732692692, -0.401529077265, 0.49315621373, 0.105728395444, 0.683666207744, 0.72209557732, 0.627096609325, -0.609405379447, 0.485154538342,  
1842, 2701081.476095698, 86.39388919445297, 117.40838545059113, 91.0054230198448, 60.350752092425935, 0.605320568635, -0.576123794531, 0.549243463832, -0.659349129181, -0.749479470457, -0.0594915894132, -0.445921220661, 0.326131716854, 0.833542061462,  
1850, 2312831.0756781846, 82.0386367271679, 133.50359147087406, 95.09946306593966, 43.489487588539504, 0.0290470414481, 0.0630518004052, 0.997587459749, 0.527580598292, -0.848642240193, 0.0382761082902, 0.84900823417, 0.525195981159, -0.0579154529067,  
1857, 1409909.578927696, 69.56127771574981, 83.25004915928098, 72.42686467466429, 55.82368069664859, -0.848957185866, 0.125802082315, 0.513269454235, 0.502576125711, -0.108052897896, 0.857753932734, -0.163367482783, -0.986153338656, -0.028507160986,  
1865, 1114228.1809103827, 64.31246805108412, 126.08196123987156, 84.16748582205598, 25.066183739907178, 0.763332966604, -0.595119643199, 0.251307366335, -0.516707305156, -0.795947220219, -0.315407012325, -0.387732308292, -0.110908218381, 0.915075419953,  
1871, 1236932.755770521, 66.59155561590696, 102.07124629920428, 59.76670163873189, 48.405507142883735, 0.84066360412, 0.121348939286, 0.527787021101, 0.349493033282, -0.866029511579, -0.357557694311, 0.413689889164, 0.485043626912, -0.770450099355,  
1872, 1817246.480955746, 75.70218400796648, 97.44792750946492, 73.1184457608421, 60.8871531871528, 0.833695484171, 0.161031599154, 0.528224065853, 0.421935040445, 0.431349630471, -0.797438598224, 0.356262068311, -0.887697200833, -0.291669364721,  
1877, 1929379.638062481, 77.2282796465292, 115.53545955583603, 83.27314365654695, 47.875004225547094, -0.345074306957, 0.618156147965, -0.706262486198, 0.937912849097, 0.198841013896, -0.284221284726, 0.0352591857035, 0.76049012349, 0.64839151899,  
1888, 888134.9171397395, 59.62981269139778, 133.948032469383, 71.94926702169569, 22.000250343815907, 0.694313225182, -0.717667449236, -0.0536896418652, -0.579077006245, -0.601411239033, 0.550431051452, 0.427316002713, 0.351081121496, 0.833152495018,  
1897, 2151495.368226547, 80.08489344124543, 94.31256598109259, 82.49942475309852, 66.01328194631418, -0.668844372251, 0.568755421605, 0.478711265904, 0.482757571928, -0.157391870767, 0.861494588354, -0.565324979507, -0.807307295527, 0.169300319355,  
1899, 867680.5385257037, 59.168480422630566, 111.65179817537538, 79.46938102566038, 23.345635208245874, 0.843953572291, 0.297522214316, -0.446343925472, -0.338873838941, 0.940732395077, -0.0136777971433, 0.415820741544, 0.162797705273, 0.894756960331,  
1916, 349915.06349019875, 43.714415564564405, 100.29362142157339, 86.37524285527974, 9.642983749384689, -0.378017537809, -0.869541180937, -0.317806349471, 0.0647149840384, -0.367256839614, 0.927865499196, 0.923533817437, -0.33018259859, -0.195101869899,  
1919, 736712.1057089769, 56.02773497417752, 106.97452342803085, 81.58435235040673, 20.152176875918713, 0.783004911762, 0.327243267759, 0.528975568304, 0.431839883796, -0.898063116218, -0.0836477976551, -0.447680268629, -0.293929384369, 0.844504525793,  
1922, 1899725.7582905039, 76.83057804644034, 111.17561681898712, 92.26131611588687, 44.2153542416426, -0.0110464339912, -0.364169792845, 0.931267060663, 0.620301297234, -0.732964340995, -0.279266137367, 0.784285838802, 0.574581270848, 0.233991637126,  
1925, 3839259.1645642114, 97.13735494627633, 116.7611770261611, 100.03530864594772, 78.47061197599704, -0.201418764479, 0.783653120723, -0.587637871224, 0.979415448704, 0.169252624526, -0.109995126853, -0.0132612275524, 0.59769669187, 0.801612627378,  
1933, 638785.9015596508, 53.426358133617036, 104.67436987764151, 76.34442724118354, 19.083103979092666, 0.402328997824, -0.911666034175, -0.0836446031796, -0.188046325838, -0.171711585047, 0.967033459038, 0.895974305909, 0.373336542133, 0.240519998045,  
1938, 516555.03171504906, 49.77477769010018, 95.21279581765532, 78.95153175275364, 16.404844150551316, -0.0887055632145, -0.214923790691, 0.972593999185, 0.988995076148, -0.13507932338, 0.0603516010488, 0.118406344462, 0.967244199047, 0.2245408582,  
1950, 1764267.34625113, 74.9592551213166, 143.62142650311725, 106.91894091573603, 27.428490203809215, 0.770547420627, -0.291150342241, -0.566999251127, -0.574788642533, -0.701854391526, -0.420735581465, 0.275453605859, -0.650101446936, 0.708162001036,  
1952, 2945030.573495584, 88.92019357660024, 123.87638643488853, 84.69374488780252, 67.01335076441966, -0.264493487997, 0.954863385888, -0.135200255543, 0.934380708927, 0.288432246201, 0.209139977375, -0.238696220314, 0.0710123485255, 0.968494378282,  
1961, 1248116.900506743, 66.79165706462074, 150.09440816796058, 49.400963138450514, 40.185254741634985, 0.00599232897851, -0.794273202642, 0.607531210358, -0.88944421303, 0.273420944731, 0.366237598958, 0.457004468142, 0.542559735465, 0.704823275404,  
