# Void_ID, Void_Volume, r = (a*b*c)**(1/3.0), a, b, c, vector_a, vector_b, vector_c 

9, 384497.66404963605, 45.10953657312204, 154.1972127660409, 76.42678770114478, 7.789022648727778, -0.939954751961, -0.33837262091, -0.044598583886, -0.340066313142, 0.917432733388, 0.206572220721, 0.0289821830127, -0.209335016483, 0.977414387014,  
37, 2932882.421346422, 88.7977608081562, 104.34971530088501, 88.13186512638494, 76.13455498639199, 0.678540212163, -0.511271534134, 0.527432079858, -0.68418447059, -0.701215077357, 0.200472006752, -0.267347696235, 0.496889156324, 0.82560667127,  
44, 2126663.121842587, 79.77559100230503, 122.49522785957083, 80.73241647834212, 51.338475598567626, -0.414641310628, 0.285453630003, 0.864053707034, 0.875096063534, -0.135320081521, 0.464645407945, -0.249558536437, -0.948791178635, 0.193690051981,  
67, 2277483.63573685, 81.61855192901739, 119.99518688973824, 79.609377261321, 56.91655462015698, -0.886350327715, -0.225584105271, -0.404345035839, -0.0212015754355, -0.852596827266, 0.522139007675, -0.462529555551, 0.471370832345, 0.750916738831,  
76, 2401468.180061465, 83.07354478657548, 108.97839024857588, 104.3228292891149, 50.427621199655455, -0.985888083367, -0.144200851793, -0.0850341191361, 0.160135150298, -0.960417724767, -0.227935358365, 0.0487998023982, 0.238335705039, -0.969956014977,  
86, 3522490.4900648235, 94.38878736910505, 116.59535129539488, 104.21375781009942, 69.20778159188657, 0.0635217097005, -0.900542863318, -0.430101782981, -0.0680588909675, -0.433877819066, 0.898397476334, 0.995657059312, 0.0277954933345, 0.0888506094143,  
90, 742505.7215313377, 56.174221848318645, 98.01197762596982, 65.30793195953467, 27.692751681278086, 0.639579556702, 0.751851315532, 0.160179867594, 0.593018033075, -0.615150485357, 0.519537768419, -0.489149877949, 0.237296185596, 0.839299063031,  
110, 830399.3249908756, 58.308623988046854, 110.77190296948501, 51.890903171491104, 34.48875616450182, 0.575660242596, -0.549494651411, 0.60553357724, -0.571698400908, 0.258988832915, 0.778515075528, -0.584616304506, -0.794342755048, -0.165055639134,  
114, 509145.71061216015, 49.53564550111082, 103.65772550976318, 60.22089738471195, 19.471731930986472, 0.507024435877, -0.308621200899, -0.804785173683, -0.737388248321, -0.638774084641, -0.219604735899, 0.446301235335, -0.704784096832, 0.551447716644,  
119, 406017.78534465644, 45.93589152157082, 133.15611183661713, 36.39151401073779, 20.00300388657041, -0.281356981269, -0.878579032215, -0.385923740191, -0.951454003348, 0.307714188269, -0.00687443464721, -0.124793944586, -0.365254517412, 0.922505072563,  
175, 598885.6343084312, 52.28997434772615, 102.58567583534975, 70.13591338884899, 19.87138351029521, -0.43539352828, -0.0686023801014, 0.897622520315, -0.887635196395, -0.133557016951, -0.44075648758, -0.150120730254, 0.988663864348, 0.00274402629776,  
194, 441283.5420749747, 47.229104060896304, 97.1412143454594, 36.208362677787605, 29.951370972826595, -0.269997372331, 0.865580749408, -0.421748011483, 0.962304281686, 0.227684865317, -0.148761794672, 0.0327397065231, 0.446015210907, 0.894426376655,  
195, 317204.0650898145, 42.30743653880999, 130.4005593516335, 48.51076686653137, 11.971058156318088, 0.609948995882, 0.657569161226, 0.442227340434, -0.342874851785, -0.284118247149, 0.895384642291, 0.714422185011, -0.6977675973, 0.0521662891334,  
208, 1849030.1044958534, 76.14097918125816, 137.49522197721785, 98.59974847350604, 32.56056701876223, -0.808387950493, 0.325705430484, -0.490331412466, 0.586727438275, 0.51309624612, -0.626484760703, -0.0475377184146, 0.794133625262, 0.605881135667,  
218, 2278748.1176136113, 81.63365428201296, 108.54926765962091, 92.70140471163351, 54.06229782965795, 0.988432793962, -0.147245706672, 0.0363223579461, 0.026851341164, 0.40562469811, 0.913645231893, 0.149263583294, 0.902101605225, -0.404886498358,  
232, 1205388.0080254618, 66.02059272717506, 93.49187886619856, 64.55798432240667, 47.6776023857042, -0.113872603339, -0.928884829079, -0.352428722603, 0.209844454916, -0.369220714378, 0.905340471212, -0.971081013587, 0.0291382631734, 0.236965454591,  
242, 1443161.594449636, 70.10389010014616, 89.01043168792265, 68.61010040490207, 56.41536357910159, 0.238711220525, -0.936159090154, 0.258114531007, -0.534808652941, 0.0951212996534, 0.839602074254, -0.810553303574, -0.338464320533, -0.477959460406,  
253, 543425.3988082329, 50.623298705238284, 89.99574407582196, 43.28321461653818, 33.30503108803479, -0.302089987672, 0.879822051236, 0.366953399639, 0.251459522172, -0.297758182686, 0.920927887162, 0.919516040131, 0.370477020612, -0.131289866863,  
256, 1381463.721162262, 69.09028089123153, 142.02531778509558, 83.77604515065457, 27.71821446558136, -0.133498637765, -0.988800990487, 0.0667136787096, -0.799761310746, 0.0677318732594, -0.596484902725, 0.585286220194, -0.132984941091, -0.799846889032,  
257, 765416.4808859645, 56.74614977059984, 118.14586575717847, 71.039519878682, 21.77161536857629, 0.475847032859, 0.81770135276, -0.323935331529, -0.467709701357, 0.547168411718, 0.69415730528, 0.744860548408, -0.178804996886, 0.642815320689,  
277, 1393318.3158449144, 69.28734375995984, 109.26614978639176, 74.28208623648032, 40.98189197451969, 0.0909882297054, 0.564330187315, 0.820519702225, 0.335942994038, -0.793033703737, 0.508173050735, 0.937477171355, 0.229410079162, -0.261739505553,  
298, 1803048.846160378, 75.5045217386784, 128.8162873874474, 65.2503211269964, 51.21125883007783, 0.182271125436, 0.0552386327253, -0.981695436623, 0.703773953525, 0.689909731604, 0.169489777208, -0.686643618751, 0.721784771031, -0.0868751122885,  
338, 89323.47118333352, 27.730582616608725, 121.0313619133906, 77.19657489390481, 2.2823436198102414, 0.53440658304, 0.782048296779, 0.320640087183, 0.775277672677, -0.302431148727, -0.554508728992, 0.336681057163, -0.544918215685, 0.767925780243,  
362, 1535194.8939508053, 71.56351042526876, 112.00678272053261, 104.0722010243721, 31.440963445517763, 0.584999714834, 0.499823237345, 0.638711253271, -0.799972964766, 0.485224109981, 0.352988411618, -0.133486288763, -0.717449855044, 0.683701043007,  
369, 318837.0687244544, 42.37991351826248, 110.17351923047018, 50.55210990749716, 13.6667008949405, -0.198029048386, 0.378671128725, -0.90409771168, 0.947275448646, -0.163104454277, -0.275800945224, 0.251900219108, 0.911046164179, 0.326406443484,  
373, 1664174.7934471935, 73.5140095046589, 112.64231115525544, 66.88117643114, 52.73571930437494, 0.204945398226, 0.649669817625, -0.732070018382, -0.5597242084, 0.691370228228, 0.456854482358, 0.802935983922, 0.316127087714, 0.505329071137,  
377, 1000118.436740852, 62.03749806960374, 136.2676326908978, 84.53691888885693, 20.726391524897075, -0.25888676814, -0.0505939677531, 0.964581718523, -0.96057468245, -0.0913083292844, -0.26260058728, -0.101360350821, 0.99453659532, 0.0249607662357,  
380, 1683564.8774911165, 73.79842318116314, 121.73484409663858, 100.6444771054092, 32.80472458017538, 0.238812702379, -0.201094658317, 0.950015490178, -0.196097596196, 0.94818003713, 0.250000699907, 0.951059528078, 0.245999096714, -0.187003257905,  
399, 1075735.7720206159, 63.56318742757222, 115.43539373143794, 61.12878012614876, 36.3942089041016, -0.331620583624, -0.915865668391, 0.226313645148, -0.931369228918, 0.279618993197, -0.23316212829, -0.150263594867, 0.288102926237, 0.945736515078,  
406, 2623108.5583505994, 85.55443975446376, 149.46580578638844, 85.82887111315291, 48.81490033077028, -0.234737475945, 0.143548152, 0.961401188601, 0.146126060978, 0.983008074949, -0.111095899509, -0.96101274273, 0.114407397671, -0.25172496036,  
416, 1018042.4054812519, 62.40591468701502, 115.86624125907413, 81.33000761363462, 25.79107994604119, -0.451340848461, -0.519924832263, -0.725237621271, 0.156724269942, -0.846279271119, 0.509164903038, -0.878481042323, 0.116144582616, 0.463445244023,  
425, 946394.912457229, 60.90616610226699, 97.108540632019, 51.59141766798556, 45.09712939734346, -0.122302295858, 0.816944393793, 0.563599153546, 0.93992014375, 0.277704220502, -0.198571118967, 0.318735426021, -0.505452493677, 0.801826355787,  
435, 2663724.625564156, 85.99375345792691, 129.6927650461526, 75.37267159997009, 65.0535584636962, 0.196749619166, 0.701490979504, 0.684981746496, 0.830061056947, -0.491002339892, 0.264415097828, -0.521812446284, -0.516553102687, 0.678884867269,  
445, 1264397.5323688604, 67.08081700657918, 108.80012663826255, 61.170930637291335, 45.35451651226068, 0.0724852090967, -0.856827219627, -0.510483114479, -0.245404865619, -0.511416047237, 0.823547253386, -0.966706959938, 0.0655800452468, -0.247339667811,  
454, 2360380.029084211, 82.59703177907672, 118.46749738172633, 79.61840122223768, 59.74212353784292, -0.0784293426534, 0.505272289291, -0.859388591899, 0.99352170133, -0.0314986800493, -0.109190027666, 0.0822403015409, 0.862384918021, 0.499528563721,  
459, 333487.1055302894, 43.01931383207436, 84.08295837937375, 44.09562161246354, 21.472716206661186, 0.301738953026, 0.914027881924, 0.271121071279, -0.585178741258, -0.0469495861053, 0.809544055098, 0.752674860086, -0.402925262833, 0.520703166463,  
483, 1039037.015649216, 62.831988352309835, 97.11097604718259, 82.68409111118888, 30.892434477666633, -0.252511874492, 0.901976058219, -0.350252685416, -0.460266325514, -0.43037634145, -0.776486390298, -0.851112602914, -0.0348625174135, 0.523824342734,  
490, 1153715.6043723435, 65.06339472179053, 125.31498853751648, 57.16297053608202, 38.449646323697735, -0.705159308661, 0.430330386556, 0.563530041627, 0.675674001222, 0.166859018571, 0.718068737653, -0.214976727766, -0.887115452649, 0.408425244311,  
500, 686392.0147523431, 54.72190456866923, 119.75434831335308, 84.822940549907, 16.131657673976353, -0.0681470549072, -0.995329062864, 0.0683815437493, -0.930653887432, 0.0387218329727, -0.363846068357, 0.359498707529, -0.088434587517, -0.928945640506,  
504, 2682372.2148205726, 86.19395542091463, 116.28627412925306, 105.67222869960185, 52.112404194892704, 0.776680157308, -0.419792348029, 0.469619332843, -0.599191640354, -0.722315838327, 0.345295826549, -0.194260936305, 0.54957639527, 0.812544444561,  
509, 1744514.7515245338, 74.67845865232385, 108.04704360597569, 84.45765804729544, 45.63878920926547, -0.896402621359, 0.12894869118, -0.424069069214, -0.272884447133, 0.593376245463, 0.757257360369, -0.349279857613, -0.794529336377, 0.496715929584,  
523, 288713.21722736914, 41.000833512015866, 128.06811944285357, 47.83909083445203, 11.250041049679607, -0.508640616208, -0.499063817526, -0.70158394336, 0.10789158821, -0.845390552304, 0.52313881453, -0.85419209124, 0.190394643073, 0.483844759351,  
527, 2184841.4311597245, 80.4965198120765, 128.5492997096505, 87.74853133950947, 46.24041700533661, 0.0110222750625, 0.892722732042, 0.450471567524, 0.948635262787, -0.151782852229, 0.277584408725, 0.316179771096, 0.42427360213, -0.848541255853,  
529, 1587767.2532569615, 72.37125054397191, 132.2927200649454, 72.35149174421798, 39.60178808244801, 0.650671667678, -0.707646663521, 0.275431625796, 0.390302191604, 0.622799231833, 0.67807471274, -0.651375913056, -0.333702436963, 0.681433858459,  
541, 2332287.4383109235, 82.26804077134157, 119.63917034776983, 83.41183714905567, 55.794627764748, 0.588203849171, -0.28441482939, -0.757049824413, -0.705562010911, 0.277003309457, -0.652266368372, -0.395219534663, -0.917811185034, 0.0377378861016,  
550, 3931992.6909666406, 97.91322700324883, 126.15268817654791, 104.01346210282948, 71.5382037225083, -0.235288898987, -0.949072751568, 0.209523378754, 0.0745071132549, 0.197328219523, 0.97750205312, 0.969065438496, -0.245606363946, -0.0242835314777,  
552, 1657271.9140025487, 73.412225004172, 132.1198998232481, 88.80987888336963, 33.71907463135331, -0.291291666616, 0.303808735013, 0.907110477004, 0.95609383456, 0.060586919015, 0.286729497541, -0.0321518969312, -0.950804647535, 0.308118123047,  
638, 1668289.8838657534, 73.57455358326388, 133.35541400376297, 73.30599600800218, 40.74110051452472, 0.315214426561, -0.435433047827, -0.84323064825, -0.786526565111, -0.617065218058, 0.0246267951168, 0.531051624291, -0.655460584263, 0.536987518305,  
639, 1239672.7781240952, 66.64069000012863, 127.90380457548437, 80.80069008849593, 28.636499058072445, 0.274579522151, 0.873370413394, 0.402281253631, 0.726593521728, 0.0855704564992, -0.681718087744, 0.629815798626, -0.479480779575, 0.611089389385,  
641, 1787390.7849354357, 75.28532018077527, 123.70037940354844, 69.4258056900974, 49.686561749783486, 0.382666755694, -0.845963649258, -0.371364589348, -0.845321181531, -0.482801586425, 0.228767847827, 0.37282469626, -0.226380503311, 0.899863108244,  
643, 1755503.156478253, 74.83492627247799, 128.90273240702305, 72.32824456062201, 44.95137257447516, -0.394677066682, -0.441921926452, -0.805565033971, 0.0594965313984, -0.887190649195, 0.457550996865, -0.916891583442, 0.132656559963, 0.376446624785,  
644, 139223.7990247737, 32.15202199768172, 106.33302969310384, 48.90921209591072, 6.390958775532594, 0.700504242458, 0.0904972073289, -0.707887040257, -0.329325557553, 0.920987503022, -0.208150657983, 0.633118064377, 0.378935713205, 0.674958696379,  
651, 1475729.3872962485, 70.62731650720124, 116.19457277579546, 86.96450463317642, 34.86504624145606, -0.540829147239, 0.795221239208, -0.274093075813, -0.228994035511, 0.174352153991, 0.957686304642, -0.809361208112, -0.580710346998, -0.0878061939284,  
656, 598243.7775781669, 52.27128704614157, 94.75714832240398, 66.51564259505224, 22.659681824785533, 0.333925368099, -0.615801688575, 0.713640055552, -0.318078321194, 0.639074022709, 0.700293206511, -0.887310560135, -0.460839097568, 0.0175298609854,  
685, 1455260.8498178707, 70.29925871369193, 117.7066185706811, 84.66307505044531, 34.86240264562379, 0.307876528856, 0.052219303986, 0.949992203795, -0.507333544032, 0.853702725504, 0.117491836171, -0.804875591678, -0.518135890243, 0.289327636361,  
697, 486568.9899382187, 48.79237286960081, 89.12917922609691, 48.4310952998231, 26.90987122386743, -0.546085174926, 0.268707807294, -0.793465245631, 0.257240620476, 0.95518795098, 0.146435110133, 0.797256699503, -0.12414544938, -0.590736542374,  
707, 467595.94049129944, 48.14975048613845, 129.24112243048438, 75.53709828914612, 11.434603346955713, 0.695182641226, 0.468348391552, 0.54531722829, 0.660965126495, -0.11826772667, -0.741038356892, 0.282570693625, -0.87559267297, 0.391779624464,  
719, 1167223.937277628, 65.31634265408583, 116.62360343742934, 102.77605899845491, 23.248083648355426, -0.783555928743, 0.56415360286, 0.260328290647, 0.4152984474, 0.163906727256, 0.89479706322, -0.462133428912, -0.809237478828, 0.362722203265,  
796, 1911393.9267974042, 76.98755561348644, 99.9065921312637, 77.17431584861596, 59.182684287346625, 0.429976709958, 0.632594372934, -0.644161771782, -0.250096510941, 0.769018718262, 0.588270300268, 0.867508941803, -0.0918399166704, 0.488869783886,  
819, 639588.0157505637, 53.44871101448066, 130.34105403302001, 52.65600760062476, 22.24756846461238, -0.776691283504, 0.00756435049115, 0.629836034798, -0.615059561916, -0.224751301102, -0.755770195197, -0.135839557655, 0.974386798584, -0.179214902622,  
824, 208087.4891876338, 36.760870494188545, 71.75610520515869, 51.10657032699959, 13.546333567428558, -0.0482896667665, 0.134393133056, 0.989750773615, -0.958833620357, -0.283848920713, -0.00823885210276, 0.279832443718, -0.949404168938, 0.142567624113,  
873, 1610567.1563638328, 72.71601597552716, 107.03218329194357, 80.652946732594, 44.54055305521551, -0.298436215346, -0.110068518804, 0.948061573179, -0.0324733101413, 0.993923820537, 0.105170923253, 0.953876988662, -0.000600114801073, 0.300197152491,  
878, 3647002.6053220746, 95.48807863248055, 122.21976715829713, 97.2001627187022, 73.28903785798754, -0.0542470566747, -0.520274553601, 0.852274395789, 0.825683547338, -0.50335333764, -0.254719644201, 0.561519310885, 0.689891155445, 0.456887576042,  
897, 1635958.509693758, 73.09615933995636, 117.62986725323306, 85.17856393017622, 38.97945432449261, -0.818174056142, 0.308762013484, -0.485033228641, -0.126522299629, 0.726219901277, 0.675719440808, 0.560877278514, 0.614223635184, -0.555109002294,  
909, 1869869.7678892238, 76.42596250082264, 112.65550830027604, 78.30156755923397, 50.60574965579187, -0.0129587340009, 0.164189563823, 0.986343681657, 0.383558597734, -0.910151771828, 0.156545694105, 0.923425618725, 0.380349233429, -0.051181904151,  
924, 3715443.4942668346, 96.08170116710721, 121.59288538434915, 99.93351635613307, 72.99661441068237, 0.50268274443, -0.303069632121, -0.809604135697, -0.0666036544785, -0.947325477169, 0.313270479805, 0.861901393236, 0.103553070419, 0.496389715793,  
933, 1239056.4293229396, 66.6296438813116, 82.8074525154643, 65.68322041095854, 54.3849350442754, -0.582505159104, -0.331245493441, 0.74226960243, 0.0200324349202, 0.907067256483, 0.420508850998, -0.812580113692, 0.259818042659, -0.521735702766,  
949, 2324980.8194971266, 82.18204079097762, 100.95602692321724, 85.19844289770737, 64.53077140803289, -0.365966109914, -0.727158792905, 0.58078300276, -0.0359842438619, 0.634666425226, 0.771947966436, 0.929932223653, -0.26160775713, 0.258432662063,  
962, 391756.8180863438, 45.39165156845911, 119.47834791159654, 100.97111681520309, 7.7524966214836635, 0.329303344261, -0.551601129464, 0.766352074071, 0.748648148132, 0.647120791915, 0.144085498821, -0.575400084947, 0.526280224449, 0.626054204999,  
1002, 2203125.772209098, 80.72044743359179, 127.17952829986415, 76.821629938507, 53.83317000074337, -0.545937270493, -0.784098837532, 0.295197407962, -0.836755342432, 0.492467898842, -0.239407321363, -0.042343755135, 0.377709387745, 0.924955471799,  
1022, 999939.2101763773, 62.03379203123665, 116.9770391080875, 73.2240079161422, 27.869608532574816, 0.193734549012, -0.593525968591, 0.78114905692, 0.613582696452, -0.547979649044, -0.56853722732, 0.765495394587, 0.589444848008, 0.258014674047,  
1029, 1911395.3650075279, 76.98757492299882, 138.44284160284667, 66.31814292785187, 49.700305472382276, -0.201276574774, 0.649772061712, -0.732996594989, 0.978172266431, 0.172781369645, -0.115436629754, -0.0516406587154, 0.740231630047, 0.670365852536,  
1040, 2690537.3675827845, 86.28132508876011, 104.07811244316292, 98.37268740560698, 62.73594954513806, -0.353583627752, 0.922094829366, 0.157225137436, -0.168504480363, -0.2281218301, 0.95894038956, -0.920100460973, -0.312572481655, -0.236037254324,  
1041, 678962.8324627746, 54.52375996724528, 113.65441603129206, 60.06062185509341, 23.74549636458609, -0.548841697261, 0.740684418106, -0.387504044008, 0.802025850078, 0.597262396367, 0.00567148069823, -0.235642371307, 0.307675515211, 0.921850557403,  
1044, 3501705.879156544, 94.20277262055873, 113.58745742622895, 96.98381911348075, 75.88595354023488, 0.113500788406, -0.118096445086, 0.986494196987, -0.2393917465, -0.966907876652, -0.0882085584069, 0.964266126512, -0.226146827805, -0.13801612056,  
1045, 569693.0435224822, 51.42616067024748, 88.58094902594536, 79.69294416222678, 19.266024426539296, -0.467694362261, 0.737422378653, 0.487309161592, -0.450224542767, 0.275689066842, -0.849289938427, -0.760631214584, -0.616606660591, 0.203067430956,  
1063, 1061269.7677217887, 63.27697770512114, 122.97338616573354, 65.52645459464748, 31.44194336754037, -0.0838640379289, 0.922646482686, -0.376417708311, 0.979474402439, 0.00684163593057, -0.201452443483, 0.18329407549, 0.385586125276, 0.904282379506,  
1100, 1505667.7361306113, 71.10173172160295, 113.22677916323052, 76.45179783589923, 41.524429908459034, -0.733076693142, 0.655445485466, -0.18163088271, 0.137062793971, 0.403932662404, 0.904462378848, 0.666192429018, 0.638145453502, -0.385950809941,  
1122, 921251.3839172233, 60.361938888928556, 147.19618385623488, 69.62811505506035, 21.45894441745357, -0.731624896391, 0.627607302119, 0.266146736422, 0.11770876315, -0.268245497619, 0.956132313064, 0.671468285222, 0.730858007642, 0.122380205127,  
1126, 3110688.7532476154, 90.55712995869823, 123.47049881394737, 116.95185210201565, 51.42776410251067, 0.739121059377, 0.258178035796, -0.622128733798, 0.415471699335, 0.552244791243, 0.72277863665, -0.530172921448, 0.792697793852, -0.300910087876,  
1147, 758005.4285190281, 56.56240956703946, 118.53978989313147, 94.08906838239216, 16.224838591507787, -0.212380434157, -0.974039749415, 0.0783652840726, -0.97701982635, 0.213143770024, 0.00141145974286, 0.0180778899805, 0.0762646698035, 0.996923713247,  
1158, 1158055.2772211232, 65.14487076957303, 113.42572078911157, 52.72196881023233, 46.23144980972297, -0.731625130276, -0.639110852623, 0.237196093575, -0.243706322363, 0.570159190991, 0.784554475717, -0.636656812724, 0.516193582861, -0.572898147863,  
1171, 1511671.273219636, 71.19610752260014, 125.09651183602986, 64.51475573414399, 44.71615917559611, 0.486014203821, -0.209860866547, 0.848379991735, -0.75145739503, -0.595974510236, 0.283065657762, -0.446208445841, 0.775095348871, 0.447353577184,  
1177, 719987.3650975625, 55.60050745039154, 128.85701847257417, 46.68615145928442, 28.571965227402792, 0.768253282386, -0.630633117798, 0.109948919228, -0.536555373468, -0.540687214636, 0.647893252883, 0.349134967176, 0.556739801582, 0.75375431543,  
1207, 1618365.761875603, 72.83319429873698, 129.8388944514392, 83.17579576259844, 35.77554835161493, 0.486524468016, 0.642255841556, 0.59228487741, -0.614165956544, -0.230729642936, 0.754694646657, 0.621364723688, -0.730938619761, 0.28219605649,  
1209, 1513688.7839477034, 71.2277667550794, 114.67786887751743, 86.93794241789094, 36.24591040441542, -0.401583821661, -0.350991746777, -0.845893153935, 0.0286900261458, -0.92801151078, 0.371445175307, 0.915372774655, -0.124897676334, -0.382744371436,  
1227, 884657.729090513, 59.55189087529126, 120.73698921948697, 100.12245265409413, 17.47088259877413, -0.730048869591, -0.00605731240603, 0.683368097715, -0.660413719444, -0.250884892397, -0.707750301969, -0.175733796347, 0.967997975067, -0.179157899876,  
1252, 487988.8374365445, 48.83978680474091, 99.40946540185176, 39.61107678732694, 29.585362286522198, 0.779797478454, 0.0299375221475, 0.625315630194, -0.374279257544, -0.778388974915, 0.504009564496, 0.501827589885, -0.62706805731, -0.595780766333,  
1269, 1664236.2607559976, 73.51491458840948, 148.1022165663695, 78.17954218065944, 34.31402708123486, 0.375256421812, 0.760706814142, 0.529629833759, 0.861163137129, -0.0747425035435, -0.502803748409, 0.342900377865, -0.644778024658, 0.683140270939,  
1272, 3605593.9994123434, 95.12530691399486, 126.0282235286174, 105.6678782677531, 64.63643740481149, -0.98526494775, -0.163366230097, -0.0506404739215, -0.0481181234906, -0.0193626883976, 0.998653960333, -0.164126868388, 0.986375466626, 0.0112165017384,  
1279, 2112688.5866446053, 79.60046882312479, 112.44723683730865, 82.95475624211643, 54.070053254985126, 0.534569765441, 0.193805538704, -0.822602321322, 0.583986225957, 0.618875833073, 0.525312089268, 0.610897089344, -0.761204385435, 0.217652543805,  
1282, 1276158.8741092393, 67.28816916997421, 149.8523157842844, 75.27204954118302, 27.009648683077344, -0.707672104529, -0.594166872904, -0.38231651758, -0.676268255491, 0.726314488232, 0.122998011359, -0.204600682027, -0.345590785941, 0.915808697047,  
1289, 1579793.5196946438, 72.24989821058485, 109.01207105969604, 82.90407419449141, 41.73123661302927, -0.887211829829, 0.446237953895, 0.117161672555, 0.0802342401018, -0.100843034786, 0.991661811834, 0.45433207649, 0.889214468415, 0.053665570283,  
1294, 224792.73066541294, 37.7193804916093, 87.79193913900585, 44.66614271098255, 13.685496649279111, 0.437783574568, 0.394586346613, 0.807865803772, 0.678676436604, 0.444314977317, -0.58479269432, 0.589698089056, -0.804292121059, 0.0732826566481,  
1301, 506041.04984302603, 49.43475425597249, 114.14160227156171, 42.169138303165155, 25.099117255069128, 0.134468815392, -0.745117153064, -0.653236990607, -0.670803414962, -0.553655987633, 0.49344485592, -0.72934279743, 0.371840658841, -0.574276595614,  
1307, 1101981.196844361, 64.07597033230348, 134.24491969064258, 67.40281573597353, 29.074327358455466, -0.961903127481, 0.15604209989, 0.224484378975, 0.229975086497, 0.0178351163971, 0.973033076629, -0.147830419511, -0.987589374024, 0.0530414496607,  
1319, 2155914.1814715615, 80.13968296094663, 118.78564277737657, 80.2811009586236, 53.97163668524001, -0.0544820831712, 0.434050232778, 0.899239733352, 0.974813510616, -0.171931599077, 0.142049796762, 0.216264472659, 0.884330210196, -0.413750839517,  
1331, 3062697.0411157473, 90.08900905840271, 119.59650030131355, 90.46709996952536, 67.57814862924624, -0.803271403636, -0.578945834229, 0.139917022305, -0.54700416649, 0.624120919371, -0.557906371936, -0.235672429326, 0.524685428646, 0.818024270436,  
1333, 3175607.003532204, 91.1827558536184, 130.48975372470738, 81.42368306213399, 71.35279458200779, -0.641348523976, -0.610970141877, 0.464098649565, 0.107437676339, 0.527411307077, 0.842789688398, -0.759690210873, 0.590383603178, -0.272613250967,  
1348, 3336574.3814030974, 92.6980789144704, 120.20258428810476, 96.1174917351394, 68.94391919672954, -0.0787160291497, -0.75840176949, 0.647016648, 0.306857556453, -0.635951259307, -0.708099170903, 0.948494716276, 0.142803192612, 0.28278087166,  
1351, 843676.4514779899, 58.61774482649139, 104.2236808569894, 67.22373485267418, 28.747380241765317, -0.230460712025, 0.241329581063, 0.942681225822, 0.60478383054, 0.794451444949, -0.055528550631, -0.762315143841, 0.557321213415, -0.329042074131,  
1356, 2027793.9893861671, 78.51965945594978, 92.01457397859184, 82.75412104385336, 63.575381089773025, -0.724255212262, -0.364702077007, 0.585189527024, 0.603733226343, -0.745391183993, 0.282662650938, -0.333107458519, -0.558018259426, -0.760036211786,  
1358, 1706242.584783337, 74.12830263231352, 140.15308827070444, 88.20191676555396, 32.95121802236985, 0.218534903929, -0.00205985804593, -0.975826958405, 0.247946375796, 0.967296186421, 0.0534853481267, 0.943803523247, -0.253641173155, 0.211898713507,  
1377, 1836013.016954768, 75.96188190315938, 106.08110048807887, 76.46715697919905, 54.03487940989335, 0.808019290651, 0.373037229647, 0.45601321388, -0.253183976489, -0.479033567565, 0.840490758542, 0.531979980812, -0.794587985338, -0.292621314281,  
1380, 465682.6493310708, 48.08398827501873, 126.58787978328398, 40.17188423961165, 21.86186052518865, 0.649360644053, 0.29734602695, -0.699940064729, 0.422016727063, 0.624771647959, 0.656933992108, 0.632639420235, -0.721973495472, 0.280217122605,  
1383, 2023498.3371267815, 78.46417525201858, 125.63789218631923, 70.95502993660983, 54.188909736622314, -0.777059294484, -0.430235637158, -0.459430244298, -0.175441764231, -0.552942379354, 0.814539693617, -0.604482456503, 0.713548892252, 0.354187715973,  
1389, 1856911.0047942246, 76.24900139182633, 122.88642914616636, 68.55157166622665, 52.6236708725245, 0.163322479176, 0.502979788771, 0.84872675219, 0.863337825429, -0.489208636467, 0.12378493119, -0.477465775715, -0.712521046773, 0.514140244414,  
1393, 1392835.6708776397, 69.27934246562458, 110.44302664582128, 73.06862854064158, 41.204250198030216, -0.922612333809, 0.224560433329, -0.313622533129, 0.357179563392, 0.190388099297, -0.914426121204, 0.145633928046, 0.955680377233, 0.255862806154,  
1395, 1007840.2571441212, 62.19675080793314, 111.90028755977498, 70.06697483215713, 30.687288965736915, 0.619081719418, 0.744563034446, 0.249727276081, 0.668079925141, -0.666469145444, 0.33088984843, -0.412803873899, 0.0380100763938, 0.910026480816,  
1399, 2432363.495016889, 83.42827983763846, 125.18438916944721, 103.06981580499216, 45.00473337287393, -0.16624897789, 0.45348528521, 0.875621135794, 0.140882854751, 0.889792185977, -0.434075900059, 0.975967877846, -0.0511953305791, 0.211815343021,  
1404, 3003542.845176687, 89.50522886535113, 127.67134382440904, 90.42973486049443, 62.106997617868174, -0.787612073078, -0.305806791024, 0.534929368146, -0.613530202884, 0.308921183143, -0.726738187213, -0.0569904596404, 0.900583093984, 0.430931756014,  
1417, 2024337.7141814104, 78.47502311921588, 93.73624480599085, 91.67603736445565, 56.23814314983414, 0.420536697356, 0.314364201297, 0.851072285485, -0.488149509516, 0.86910259305, -0.0798169099381, -0.764760709331, -0.381884579024, 0.518946264817,  
1423, 991253.664289695, 61.853659437587154, 111.23137566656196, 53.606767069516444, 39.687091415633006, 0.226644842542, 0.872692366219, 0.432481386063, 0.907463797223, -0.0279313237714, -0.419200784687, 0.353753547091, -0.487470896664, 0.798267218935,  
1425, 4486042.5980043365, 102.3116121389626, 121.33912013583155, 95.0924563517792, 92.81707466879855, -0.5795546249, -0.579259563982, 0.573214440059, -0.737503463149, 0.672059987313, -0.0665132715819, 0.346706040618, 0.461295708833, 0.816701408356,  
1430, 3060576.3793502846, 90.0682112205927, 104.67396923181869, 96.26309745196201, 72.5130359050558, -0.702741173485, 0.702978356406, -0.109436161819, -0.614484606123, -0.522218665274, 0.59135127841, -0.358557543398, -0.482813728123, -0.7989539361,  
1431, 2332064.4658207707, 82.26541901123285, 108.83089276618168, 102.1424920827977, 50.08334196899669, -0.348780930505, -0.196547418802, -0.916362905556, 0.0491164322902, -0.980251882856, 0.191556316094, 0.935916363034, -0.0218027135674, -0.351546871819,  
1432, 1862277.6567815768, 76.32238639781752, 103.24238428648435, 75.86099000898193, 56.76482348662674, -0.109608044281, -0.992295532076, -0.0577551179685, -0.884661586101, 0.123879928266, -0.449474850743, 0.453166586044, 0.00182767492391, -0.89142397595,  
1434, 3697280.5874858224, 95.92488055207419, 123.2730747863494, 86.54393484027383, 82.7349360297615, 0.769524538719, -0.638443916688, -0.0148778208446, -0.316835699894, -0.401906363218, 0.859119557732, -0.55447914621, -0.656399756588, -0.511558633951,  
1442, 1916558.3860776126, 77.05683167629448, 112.6893677242412, 71.42896964534175, 56.8428856796172, -0.753330704216, -0.639268760939, -0.15436418423, -0.632804820473, 0.640730086778, 0.43476777144, 0.179027677388, -0.425206311319, 0.887214000985,  
1450, 2046227.1060275075, 78.75686278214448, 111.11676561531533, 80.3729192893263, 54.698559551464804, 0.375290871968, -0.676980275449, 0.633130687987, -0.623667990245, 0.320885162845, 0.712790958282, -0.685707663192, -0.662367284004, -0.301785655259,  
1451, 3289110.9793633856, 92.2564288228194, 108.0928340957273, 102.53553031074354, 70.84653794238429, -0.985104898955, -0.13154841056, 0.110740027698, -0.171918593684, 0.740312835552, -0.649908380206, -0.00351215051167, 0.659266199039, 0.751901418806,  
1452, 1120946.3628118092, 64.44146538347617, 124.91895633879017, 78.33027076829889, 27.34879827382115, 0.317741073386, 0.899141302949, 0.300974297266, -0.623243725649, -0.0411656880548, 0.780943432372, 0.714568309346, -0.435718146809, 0.547304145626,  
1453, 3551215.7338638874, 94.64466731057246, 127.68616846498273, 98.72485744639172, 67.25399333031235, 0.0162502064809, 0.991366528822, -0.130108940207, -0.195615592532, 0.130763682129, 0.971923556353, 0.980546006441, 0.00965737895793, 0.196051687787,  
1456, 2121993.836597796, 79.71716332831748, 151.53670286622432, 83.73856878076698, 39.92198630538844, 0.683115918916, -0.546166998101, 0.484823938672, -0.60505895505, -0.795014432261, -0.0430779921777, -0.408969806022, 0.263919803505, 0.873550247599,  
1460, 630843.1774284837, 53.203997829915146, 96.34871973134814, 68.47903609517469, 22.825968542856003, -0.796092300768, -0.263457178067, 0.544818652381, -0.604517676416, 0.30423891241, -0.736204498136, -0.0282033252981, 0.915439238563, 0.401466776884,  
1466, 655190.4931785304, 53.8798435450507, 103.15047718173507, 68.87449424188357, 22.016552424594803, 0.422352446621, -0.0920180849789, -0.901748902339, -0.704491548801, 0.592661664894, -0.390440531495, -0.570359595782, -0.800177994575, -0.185486140982,  
1470, 147478.13361725563, 32.77527476336394, 106.9201075350844, 33.736473179773455, 9.760677358281123, 0.752031756381, 0.0799860126991, 0.654255664987, 0.302300773544, -0.923911201981, -0.234525762268, 0.585715357242, 0.374152814537, -0.718990397478,  
1473, 1886028.8640994914, 76.645484737818, 131.42010780665575, 89.31181397383185, 38.36091842150393, 0.315911892634, 0.553937703588, -0.770293902764, 0.355227953591, 0.683765900592, 0.637398850152, 0.879779959467, -0.474991803857, 0.0192356229118,  
1476, 2142945.990495805, 79.97867508431031, 118.61665203877757, 87.01092370165891, 49.56820305717051, 0.837612990575, 0.280104977465, -0.468983666688, 0.342044819165, 0.40046383639, 0.850078853652, 0.425922316511, -0.872450524295, 0.239625255252,  
1479, 1673556.5669841317, 73.65189561923344, 114.03753958093694, 78.48850134915749, 44.637299410919184, 0.0634135528095, 0.350864490633, 0.934276634907, -0.845139857069, -0.479008728264, 0.237253577931, 0.530770518505, -0.804639513981, 0.266153920178,  
1482, 3548906.948783262, 94.62415212326474, 120.8009843254972, 97.45440153988247, 71.96711136322192, 0.480992357833, -0.870830152488, 0.101494813775, 0.460169050047, 0.349300102859, 0.816231513433, -0.7462511622, -0.345896348145, 0.568739764088,  
1484, 963008.3094169025, 61.26049124398922, 107.26594814723177, 79.75262996514307, 26.874137554902358, -0.00238754497187, 0.797073911942, 0.603877039248, -0.832653760135, -0.336006827146, 0.440212593917, 0.553788782264, -0.501769460024, 0.664488821295,  
1488, 2004240.3045196163, 78.21446170251089, 104.9436858557545, 84.2695451402178, 54.10460351383446, -0.575995968782, -0.728947439754, -0.369951718501, -0.801449513898, 0.592688969029, 0.0799903910788, -0.160957511847, -0.342571767761, 0.92560102815,  
1491, 2503454.3503523013, 84.23327551490736, 131.88170448228152, 119.54748990342924, 37.907579460644435, -0.912143096675, -0.380183740618, -0.15315121468, -0.408870244859, 0.817899458256, 0.404803160873, 0.028637284397, -0.431857383349, 0.901487163741,  
1493, 1173855.9398102572, 65.43981519347592, 125.06883355225688, 91.6498054556825, 24.448124341662428, -0.35542389057, -0.892373933169, -0.278105414209, 0.748903741068, -0.449910515546, 0.486542613361, -0.559300495822, -0.0353453165434, 0.828211122825,  
1495, 1200377.030836421, 65.9289798531581, 152.14567738445677, 81.78103988009049, 23.03121347090591, -0.169882544826, 0.276021869177, -0.946018947326, 0.00608897524793, 0.960248487449, 0.279080215588, 0.985445506025, 0.0416505712802, -0.164810147042,  
1501, 592920.4829614393, 52.11578472404294, 89.68320657896803, 68.59859638598368, 23.008138709821626, -0.866063693177, 0.277785871273, -0.41565453093, -0.246221667226, 0.486583366564, 0.838219254116, -0.43509604681, -0.828294414507, 0.353015287128,  
1502, 1144923.3857093898, 64.8976950364423, 137.2359404446355, 71.06287300728032, 28.027037361163785, 0.585505770912, 0.77978467026, 0.221627751551, 0.576063377089, -0.207857157169, -0.790535506977, 0.570380555249, -0.59053473246, 0.570906955599,  
1506, 3369415.2767285057, 93.00121958284389, 104.62978259403211, 100.65834304529282, 76.37668968180823, -0.788717948076, 0.466165061769, 0.400766931731, 0.586626378307, 0.375772711294, 0.717401116337, -0.183830059177, -0.800927590131, 0.569843403673,  
1512, 3108430.3894056333, 90.53520979075867, 121.61219934521031, 84.24439840206202, 72.43264772911013, -0.832101910529, -0.540039033971, -0.126349722125, -0.0341495087133, -0.17749236832, 0.983529496377, -0.553570430522, 0.822711553933, 0.129249671087,  
1517, 1098844.2065056413, 64.01511123725125, 113.84473531730484, 62.43974222378431, 36.90400158814231, -0.972514905022, -0.0873708851311, 0.215826522794, -0.18774484959, 0.842502700137, -0.504916895849, 0.137719392107, 0.53155952507, 0.835749867092,  
1520, 3718725.2438780344, 96.10998162180687, 120.10220758384472, 90.8960875330249, 81.32223430879759, -0.441072570682, 0.896764882707, 0.0356052318691, 0.897254502793, 0.441491039032, -0.0044743348945, 0.0197318172197, -0.0299734482235, 0.999355916474,  
1521, 959088.8465983956, 61.17726776527193, 119.28718721623437, 97.40113613299658, 19.706632170500185, -0.222055227724, -0.960279074288, -0.168983949905, -0.517534697052, 0.262962155812, -0.814253487532, 0.826346969007, -0.0933541862779, -0.555369861189,  
1529, 2992450.446432506, 89.39490888004063, 116.53978776867972, 88.24767905373737, 69.46416876716074, -0.925075917906, 0.279602851972, -0.257015157683, 0.314816882392, 0.943084385832, -0.107154896115, -0.212426167577, 0.180039124551, 0.960448352052,  
1534, 1298312.735709754, 67.67530722321673, 125.3964479752834, 90.23046117950784, 27.393800978495037, -0.359226783689, -0.606817676644, 0.709033444341, -0.900383679417, 0.0255003102302, -0.434348896647, -0.245490015522, 0.794431898586, 0.555529126858,  
1540, 2026540.5991558658, 78.50347831548649, 111.44395804635035, 87.84352976171702, 49.41973278890052, -0.733172649152, -0.587780155204, 0.342012215693, 0.0406560000458, 0.46414253474, 0.884826987103, 0.678826160512, -0.662635794832, 0.316399821763,  
1549, 1383221.3329155927, 69.11956925276006, 108.54835379029944, 81.65308358013665, 37.25694470600541, -0.892389630591, 0.0216732819221, 0.450744956782, 0.168815066182, 0.942354639034, 0.288910380086, -0.418499964927, 0.333913167069, -0.844606284735,  
1551, 2397618.239001999, 83.02912760903774, 113.87807393375698, 105.4434821466529, 47.66850939972192, 0.43993335347, 0.419298763705, 0.794132980842, -0.620189236975, 0.781410905628, -0.0690094696845, -0.649479757071, -0.462153160026, 0.603813300477,  
1553, 334940.243065678, 43.08170744963451, 122.71032568001817, 48.82403001552679, 13.346395463124676, -0.820287515051, -0.457145397426, 0.343724421979, 0.0545311185085, 0.535720630967, 0.842632638028, -0.569345896417, 0.709944709938, -0.414516295295,  
1554, 1057571.4177715243, 63.20338888324664, 106.59653887161292, 92.80553087373575, 25.521378744989956, -0.0146005585509, -0.0429616345538, 0.998970030405, 0.532063506999, -0.846220742323, -0.0286160755846, 0.846578554069, 0.531097687076, 0.0352136134424,  
1555, 1727982.1973038483, 74.44180326095521, 129.83197757182364, 78.14035278221685, 40.662456778959196, 0.00235768531725, -0.298620803996, 0.954368931148, -0.804342006793, -0.567619124017, -0.175620232771, 0.594161911795, -0.767224964056, -0.241531524031,  
1567, 1591871.0024143336, 72.4335472385842, 142.36801015067442, 76.36670293193886, 34.95447685364375, -0.615945488995, 0.230415026925, 0.753339279444, -0.050584262882, -0.965865015995, 0.254059054603, 0.786163079097, 0.11837941647, 0.606575573875,  
1571, 1994827.1041838203, 78.09182104505022, 118.88059326707682, 78.13918308057947, 51.26687208432631, -0.0254651317982, -0.321849668648, 0.946448264753, 0.929634285874, -0.355766714453, -0.0959694712657, 0.367602532078, 0.877406881486, 0.308262133145,  
1573, 3359162.108280467, 92.90678914919982, 144.8669163527166, 87.20721151835947, 63.47763498502882, 0.256791188165, -0.04491602777, -0.965422620478, 0.373410370433, -0.916737769051, 0.14197379353, -0.891416278141, -0.396956437465, -0.218638070382,  
1575, 569642.4006926849, 51.42463678324257, 97.20499786109251, 65.65994948116821, 21.307110563633298, -0.508809604955, -0.0473618623801, 0.859575267151, 0.856333119949, -0.130321194565, 0.499709889761, -0.0883536846048, -0.990339961952, -0.106866206902,  
1576, 1621184.88276075, 72.87546049026483, 97.75909739846844, 83.30472872535566, 47.524449890492924, -0.86307512873, 0.289029985938, 0.414201628915, -0.442972092584, -0.827144918103, -0.345842463628, -0.242645930028, 0.481967791128, -0.841920424361,  
1584, 726943.2529903618, 55.77898838607717, 126.51270321212182, 64.31520698107751, 21.32868565891883, 0.368809445225, 0.823235765237, -0.431581357275, 0.771094129312, -0.011705337402, 0.636613563173, -0.519031248436, 0.567578945972, 0.639109304608,  
1598, 1469500.2848505224, 70.5278029476416, 129.37043763582315, 82.21878382222846, 32.98184676330154, -0.518263528507, 0.431522752709, -0.738370522782, 0.83056068529, 0.048128031179, -0.554844699592, 0.203891792552, 0.900817299184, 0.383348836467,  
