# Void_ID, Void_Volume, r = (a*b*c)**(1/3.0), a, b, c, vector_a, vector_b, vector_c 

36, 410554.46574951604, 46.10634798057922, 130.0974326780924, 100.56291460650867, 7.491617454639138, 0.942038704298, -0.30743036204, 0.134348993667, 0.184311372789, 0.80881319518, 0.558435791442, 0.280343356377, 0.501306081948, -0.818596246472,  
69, 1262466.7320292606, 67.04665432048661, 118.7243784013194, 84.85080663064167, 29.918199484180487, -0.149818423046, -0.725008976614, 0.672247293743, -0.708779042795, -0.395290674662, -0.584275235672, 0.689337876959, -0.564009987814, -0.45464934294,  
100, 1238542.1608095567, 66.62042442775346, 139.36730469398225, 50.001014073280345, 42.43092232065195, -0.373970170203, -0.865497614879, 0.333256943569, -0.864649858336, 0.195397354543, -0.462817994807, -0.335450345472, 0.461230693338, 0.821425172031,  
177, 1815167.3206699502, 75.67330202603505, 141.2375770876842, 79.55920064539883, 38.56447159993517, 0.256265655422, 0.781783170452, -0.568456672271, -0.293432434934, 0.623262162114, 0.724873563738, 0.920991487463, -0.0189565734106, 0.38912122577,  
185, 2147810.0991179133, 80.03914184301384, 92.60528861857279, 77.54111777109557, 71.40677580590182, 0.0126396023064, -0.994108612891, 0.107648995492, 0.427064996577, -0.091977528319, -0.899530779342, 0.904132583835, 0.0573428292044, 0.423386431983,  
205, 4005778.8985396386, 98.52190221133594, 118.65247299512176, 100.79139439578746, 79.96466410699716, -0.190759567149, 0.363861548096, 0.911710239801, -0.601427786863, -0.777354766789, 0.184402233551, 0.775819183012, -0.513151381531, 0.36712430443,  
228, 1548575.7033888898, 71.77082590473776, 125.00751135218886, 83.52318765739754, 35.40794007842917, -0.175747818479, -0.851526658993, 0.493978798456, -0.0519499863045, 0.509112159772, 0.859130960736, 0.983063529597, -0.125328200323, 0.133712149714,  
235, 1061340.4130568574, 63.278381722661344, 122.9023694179511, 51.35733689488618, 40.14240061466985, 0.189520395762, 0.882929113058, -0.429555818147, -0.598392815492, 0.450713895943, 0.662406991487, 0.7784651938, 0.13150348025, 0.613757913778,  
271, 1826482.6522559074, 75.83021967795446, 131.31236212638976, 68.35787448946584, 48.577233544239355, 0.901015088677, 0.0963203254372, 0.422958869022, 0.193586633219, -0.961841756198, -0.193351109315, 0.388195859607, 0.256091450349, -0.885280262766,  
352, 1867752.6847090907, 76.3971082235892, 114.88841336735906, 82.41745824971875, 47.0907179156944, 0.109688758842, -0.625370606021, 0.772580080838, -0.216580854242, 0.743556419203, 0.632626734368, 0.970083042713, 0.236718095181, 0.0538835193187,  
359, 352651.0902451752, 43.8280559286466, 90.79341832913602, 53.39831435746213, 17.36499675216352, 0.271885063426, -0.167288243655, -0.947677770036, 0.418409409001, -0.86627212344, 0.272958192057, -0.866609530726, -0.470730551044, -0.165531476065,  
365, 1850361.7772612476, 76.15925372354258, 125.21310009257982, 76.36143346174553, 46.20023650791261, 0.473276159266, 0.681126458027, 0.558638009131, -0.553154730148, -0.263758936408, 0.790222163686, 0.685586990531, -0.683006567787, 0.251937505691,  
378, 1781069.6265335376, 75.19646579350065, 118.01941884748464, 105.15903261237175, 34.26038461607853, -0.249115958329, -0.72537204006, 0.641698249028, 0.961106243301, -0.266737282069, 0.0715961691834, 0.119230987553, 0.634575941755, 0.763608110062,  
379, 1328292.7173605561, 68.19225636555721, 120.8624089548242, 57.916745569919236, 45.30120830259005, 0.840202998781, -0.380957426255, -0.385914965012, -0.441127153195, -0.0662658690643, -0.89499478731, -0.315381920144, -0.922214874082, 0.223727446837,  
384, 256770.1219143004, 39.42925996332698, 107.80021432110917, 60.43124995571742, 9.409676144600105, -0.160596503814, 0.984843314317, -0.0655164804337, 0.855551176168, 0.171997949032, 0.488312287872, 0.492179792272, 0.0223685443081, -0.870206125182,  
399, 400890.2785130732, 45.74170041755144, 160.43599470631082, 58.17936616997671, 10.253357941760115, -0.760946334473, -0.648345222596, 0.0246809317124, -0.641093797435, 0.745495620595, -0.182304751895, -0.099796888444, 0.154546924948, 0.98293226066,  
405, 2481686.743320581, 83.98842757280266, 109.02880485945951, 78.63710625548238, 69.10183438262338, -0.19248204037, -0.965647329888, -0.174573475692, -0.942138247413, 0.132096332399, 0.308100765543, 0.27445616571, -0.223776212425, 0.935199454585,  
408, 1318239.1873097396, 68.01977684974727, 114.94535906155807, 63.74732432730399, 42.948915940478834, -0.924273198804, 0.100757015283, -0.368194347926, 0.381607810511, 0.219313201355, -0.897929395146, 0.0097228046257, 0.970437913306, 0.241154978152,  
410, 2280961.4924994064, 81.66007630581342, 125.52668573953123, 93.4918049742987, 46.40018770126635, -0.989058209497, 0.135793413355, -0.0576542029357, -0.00183106230494, 0.379477798219, 0.92519903149, 0.147514424507, 0.915181265951, -0.37507698545,  
422, 1413462.656674217, 69.61966190908389, 109.91391462929195, 59.83200810885017, 51.310881406640405, 0.82913128829, 0.254141886678, -0.497949001619, 0.329234028565, 0.497888880858, 0.802316406883, 0.451825476499, -0.829167391878, 0.329143092033,  
443, 538137.2075657751, 50.4585543642279, 111.26914434451437, 75.02295347756608, 15.389889651145971, 0.575201252736, 0.0415763827096, 0.816954664135, -0.274128982553, -0.931161881732, 0.2403972773, 0.770711891549, -0.362227765928, -0.524208189382,  
448, 1959907.9503245335, 77.633474186619, 113.35158666309822, 66.38469307011951, 62.180113443260645, 0.770011049667, -0.0592156756315, 0.635276701249, 0.333238316118, 0.88641146413, -0.321289497075, -0.544091176239, 0.459095001083, 0.702279553966,  
467, 2445388.9910721537, 83.57693644320311, 129.12124666969984, 82.02264914220694, 55.122364809323344, 0.180035240399, 0.980168410295, 0.082808210183, 0.932823194582, -0.196837888081, 0.301820697545, -0.312134906515, -0.0229070573206, 0.94976158422,  
471, 732877.5900164329, 55.93035951002238, 121.50851725114437, 46.87129254139432, 30.72056377432844, 0.215125282465, 0.915606569128, 0.339684741214, -0.590929258031, -0.154881016752, 0.791716162935, 0.777511237763, -0.371047815274, 0.507739888066,  
484, 323500.98233759654, 42.585556950576965, 118.01755093050315, 43.199188573567056, 15.148331729850826, 0.295884638857, 0.463445776617, -0.83526659973, 0.871440822149, -0.489077667551, 0.0373353531584, 0.39120732864, 0.738932369868, 0.548576137633,  
485, 1474660.8062982773, 70.61026522561905, 129.11595998506002, 89.81267137443204, 30.35889678271946, 0.30146378388, 0.171233121874, 0.93797590853, 0.690138901855, 0.639592148046, -0.338570790683, -0.657896559616, 0.74940049515, 0.0746392303991,  
488, 1281150.4251201036, 67.37578505539304, 121.2862859036453, 64.70042042193145, 38.9755916015935, -0.816546254475, -0.306139104051, 0.489419107999, 0.0916555729041, 0.768295855337, 0.633498803967, -0.569957428462, 0.562139064327, -0.599289748034,  
492, 2994760.0247612437, 89.41790134659888, 127.83966409427228, 79.58358796901925, 70.27231843969417, -0.987966160286, 0.150877614372, -0.0340413221128, -0.0697317027071, -0.238041133949, 0.96874863003, 0.138059247308, 0.959464623647, 0.245697538048,  
494, 1053880.7411328196, 63.129781516107535, 143.76217806186924, 52.6900853891024, 33.21462186856314, 0.368028968967, 0.422986960931, -0.828031828424, 0.415513410845, 0.721850575649, 0.55342601298, 0.831807239334, -0.547735134273, 0.0899051682251,  
516, 1638902.8897987367, 73.13998561191399, 115.27128680228239, 86.91573468568204, 39.05216043592048, -0.954129664611, 0.133180505332, -0.268140888543, 0.299382476552, 0.432165706088, -0.850648538008, -0.00259149427618, 0.891905687548, 0.452214029721,  
519, 2707538.7598782973, 86.46267965248924, 108.4434354372376, 91.20208641152828, 65.35488158722539, -0.762780646444, -0.24500135243, -0.598448011708, 0.071335796301, -0.951680827789, 0.298688476819, 0.642710579947, -0.185143023974, -0.7434010836,  
523, 1947417.1762067361, 77.46819949743856, 109.6320283369349, 68.44780125118473, 61.9545826580082, 0.938142943205, 0.288732514674, 0.191105607151, 0.255022885235, -0.949522671155, 0.18267464238, -0.234203215436, 0.122638623331, 0.964421392311,  
526, 194295.83722640137, 35.93008921422061, 102.94686562857756, 35.79023860480204, 12.589171923966656, -0.246626473935, 0.758147246817, -0.603645702791, 0.966408445494, 0.14591838216, -0.211571600706, 0.0723194222309, 0.635547463131, 0.768667238326,  
529, 906915.5684639642, 60.047198374382674, 119.2637404713218, 80.88536911965643, 22.443978819349862, -0.131466945015, 0.860573893503, 0.492066068927, 0.965207618544, -0.00205777993524, 0.261476612046, 0.226032509772, 0.509321449934, -0.830361948287,  
536, 3400929.4017588347, 93.29026694880986, 134.8629420473183, 81.88514251144338, 73.52097682418672, -0.264604993588, -0.799956315194, -0.538566700744, -0.326679615739, -0.451097632246, 0.83053678717, -0.907339311409, 0.395702944092, -0.141966735568,  
539, 3327794.8775867876, 92.61670223791187, 129.55573757991309, 111.92751149880843, 54.78661146764581, -0.126014084945, -0.0385508234535, 0.991279115288, 0.405399508322, -0.913999757595, 0.0159900521884, 0.905412441403, 0.403879037742, 0.130805327967,  
545, 1021561.4391060168, 62.477737484035806, 105.80723246121525, 58.784306138984334, 39.21020660106217, -0.668354964252, 0.20912486855, -0.713840620246, -0.096316654076, 0.927256703057, 0.361826075324, 0.737580330477, 0.310582993724, -0.599594413001,  
546, 3308166.258491119, 92.43424667840277, 127.43038882877518, 92.85019176613538, 66.7487143499405, -0.107848990048, 0.855097807355, -0.507125561574, -0.220330515588, 0.476857523014, 0.850917955296, 0.969444716962, 0.203505878542, 0.136975538519,  
552, 319840.8702478681, 42.424342119968365, 81.21913670412542, 49.642877386414334, 18.937822171550156, -0.476083975512, 0.654919037506, 0.58687741699, 0.878376364749, 0.321955523046, 0.353269872804, -0.0424147393261, -0.683685377562, 0.728543268719,  
563, 4937617.042913283, 105.63542842990074, 129.01002856606084, 98.98373460342738, 92.30845609471409, 0.471358949434, -0.823185684548, -0.316521831071, -0.763539667871, -0.201273872004, -0.613592702073, -0.441393153976, -0.530899385199, 0.723407165031,  
566, 3082517.9023082335, 90.28293437574222, 115.13808596445121, 92.25352219099994, 69.28114177765873, 0.627895744614, -0.629060816435, 0.45828967163, -0.659958899609, -0.118208042245, 0.741944141817, 0.412554462736, 0.768315916779, 0.489376610906,  
569, 316235.17601896194, 42.26431706275413, 147.3486120081691, 61.44440857422413, 8.338600158055335, 0.088486549793, -0.216709184705, -0.97221770184, 0.478240717156, 0.865431497573, -0.149379180148, 0.873759662012, -0.451736042698, 0.18021820321,  
573, 564183.4460363039, 51.259839648986, 102.2433721237823, 51.71258051628039, 25.474188323722693, -0.132453213881, -0.57858233686, -0.804797257454, -0.982720818814, 0.182566156554, 0.0304859106839, -0.129290132654, -0.794928976673, 0.592766382012,  
622, 3402027.6317313183, 93.30030764935523, 119.00431405660633, 85.14853061308442, 80.1510773203683, -0.915391928116, -0.346664177469, 0.204649861962, 0.0597461515815, 0.385744171645, 0.920669230187, -0.398105532883, 0.855000223451, -0.332395250547,  
635, 633625.74073961, 53.28210829271663, 92.10536634070407, 61.84422387458205, 26.555844977753658, 0.315413661641, -0.291089933053, 0.903205886233, -0.772952604434, 0.47334503064, 0.4224792933, 0.550507487096, 0.831391082971, 0.0756992325446,  
644, 2608230.967345803, 85.3923854640663, 126.10188595828893, 90.02814236426504, 54.84759218630723, -0.33901798089, -0.939575898872, -0.0475808668748, -0.923659529604, 0.342027308095, -0.172830535175, -0.178661361254, 0.0146441379555, 0.983801640179,  
645, 1878714.6710917577, 76.54627697373044, 101.46586295866166, 88.79556219378134, 49.780700425511014, -0.757708827344, 0.615544711087, -0.21675341201, -0.310422488676, -0.0478032566827, 0.949395980176, -0.574034155334, -0.78665084841, -0.227299870671,  
654, 3046898.170058362, 89.93383438491341, 104.48687800886016, 91.755193114046, 75.87119494386042, -0.23116983, -0.971921742905, -0.0439162312355, 0.210668928909, -0.0940731015986, 0.973020479717, 0.949831096612, -0.215681193486, -0.226500575465,  
659, 1526645.261797658, 71.43041526821673, 136.0026603331444, 105.3711959518748, 25.431982257887988, 0.740330280303, 0.496924497641, 0.45274398915, -0.305336743844, -0.351437113372, 0.885020580667, -0.598899448093, 0.79344691, 0.108450228606,  
669, 424588.5817351582, 46.62582906019004, 101.75073438623954, 73.07000159341827, 13.633364061956767, -0.120356769564, -0.821600626551, 0.557213297105, -0.931933552523, -0.0999004581184, -0.348596833246, 0.342073240259, -0.561241756214, -0.75365349424,  
684, 2052833.036423805, 78.84152322734526, 106.53968577460915, 91.02961048685385, 50.532516091966365, 0.102706188692, -0.399509317994, 0.910957597059, 0.556944027104, -0.73569664542, -0.385439744435, 0.824175217704, 0.546939439749, 0.146943729944,  
685, 1285548.021767294, 67.4527869840477, 92.71708169548266, 72.89700839540205, 45.40777645571656, -0.966932492849, 0.165077266606, 0.194399203504, 0.124321230745, -0.360455359252, 0.924454523258, 0.222678660538, 0.918053064935, 0.328013390129,  
693, 954278.8447294356, 61.0748246755511, 124.76872870529078, 96.80077790423299, 18.862623204277664, -0.390408985214, -0.835993609264, -0.385610567198, 0.0837193171263, -0.449352395072, 0.889423128203, 0.916827083045, -0.314955727545, -0.245420026653,  
694, 2186174.2712569777, 80.51288517667565, 118.1148274000721, 79.99099537758016, 55.23961574135729, 0.503662938729, 0.154347217236, 0.850000341578, -0.445576495352, -0.796528385453, 0.408661373214, 0.740125145459, -0.584567761427, -0.332408335274,  
697, 1486741.653852386, 70.80256096413532, 107.86483576279439, 74.79954884641626, 43.99142547966651, -0.0339009613158, 0.731506317059, 0.680991360389, -0.743516518154, -0.473788132116, 0.471919477345, 0.667857703447, -0.490329801224, 0.559948903007,  
699, 1912833.6510856415, 77.00688060874172, 139.5188833389779, 64.77090301562961, 50.533066174071465, 0.941960141461, -0.311954108552, 0.12407951506, -0.246774940631, -0.392781079245, 0.885903579665, 0.22762517562, 0.865105576184, 0.446966577586,  
702, 2708847.811679471, 86.47661184953374, 108.62496336842965, 80.97214836547668, 73.52426500413118, -0.433261629222, -0.874922772963, -0.216320368884, -0.154443598786, -0.164392900035, 0.974229002449, -0.887936673101, 0.455505341097, -0.0639010860146,  
703, 2402658.397625135, 83.08726684522627, 99.66906946163873, 81.41123584185497, 70.69011174835516, -0.638829160801, -0.315664627689, 0.701607544242, -0.740020616081, 0.501514992169, -0.448165371715, 0.210396746851, 0.80550515545, 0.553980733833,  
706, 393802.2934691309, 45.47051544026547, 112.77243261296522, 50.5376807450353, 16.495723771145435, 0.364245346946, 0.666800611922, -0.650155574589, -0.462270239362, 0.73549121806, 0.495337151804, 0.808474831413, 0.120123320373, 0.576141332378,  
717, 3070684.9849413503, 90.16726265977192, 125.91484904406795, 91.289277018129, 63.77492246823364, 0.522496563333, 0.0109505346168, -0.852571068649, 0.800071869538, 0.339374740963, 0.494681502353, -0.294758112491, 0.940587513732, -0.168560921132,  
719, 1296237.9500732697, 67.63923819978442, 93.39540011618247, 60.91052596736033, 54.39741799965642, -0.790667207328, 0.598454911249, -0.129217206506, 0.54185681711, 0.585749712733, -0.602734156809, 0.285020274729, 0.546579356758, 0.787409962954,  
728, 3536108.8836579225, 94.51027060876561, 111.83235747892158, 99.39335537870117, 75.94727359175522, -0.609973838336, -0.487831593182, -0.624461570667, 0.0740573802993, -0.819687446128, 0.568003516788, 0.788953370593, -0.300221297302, -0.536115427568,  
729, 2753820.648234627, 86.95255495750366, 107.35879226194464, 79.17506039381668, 77.34300151702635, 0.17466601579, 0.753711245391, -0.633570155152, 0.636108267255, 0.404779453822, 0.656901717225, 0.75157039275, -0.517757619291, -0.408740739844,  
730, 3378859.0175413587, 93.08802595466747, 102.71357405983018, 99.63121713162886, 78.82394826926964, -0.923303324753, -0.383760785067, 0.0154476647192, -0.281335584861, 0.703160646087, 0.653004896219, 0.26145986153, -0.598575613971, 0.75719612728,  
731, 1861020.0688482581, 76.30520247157024, 140.94350760171247, 84.9444923906425, 37.1092473736422, 0.772751816392, 0.536040431406, -0.339875397993, -0.167432087974, 0.688673829704, 0.705474912522, 0.612226368412, -0.488250972533, 0.621924321474,  
732, 3525223.3893327317, 94.41319134942346, 110.55994668299405, 90.23154355814711, 84.361020813333, 0.294338706837, 0.139079082645, -0.945527225641, 0.314291880185, -0.948411615529, -0.0416655922817, -0.902543815949, -0.284907732961, -0.322865674843,  
733, 2964563.959591017, 89.11635299394742, 109.82996347098553, 104.64984725820928, 61.57618485063965, 0.959110054426, -0.060118109215, 0.276574974361, 0.00176048236349, 0.978429666038, 0.206572721623, 0.283027921238, 0.197639068914, -0.938527567117,  
734, 3267459.991325528, 92.05355315676181, 107.1354130700391, 97.28385999757485, 74.84242085407493, -0.686227936694, -0.224208495014, -0.691969486078, -0.400238833323, 0.910736187186, 0.101825702304, -0.607371463933, -0.346828701398, 0.714709561071,  
735, 3713862.4547773856, 96.06807062596589, 99.50566218512819, 97.61131539596431, 91.28286167627851, 0.464886141864, 0.617735040366, -0.63425885489, -0.232104083526, 0.776353948947, 0.58600532452, -0.854405389445, 0.125211684195, -0.504295017453,  
736, 2660605.210633872, 85.96017203619162, 125.48669611511208, 94.6578935965017, 53.47333944412015, -0.269805798506, 0.875822690425, 0.400174269574, -0.529061841643, 0.212403167477, -0.821570728643, -0.804548568335, -0.43338148251, 0.406056759343,  
737, 3106189.4933485594, 90.51344867218279, 103.11984105338612, 89.9851486769591, 79.91462457980573, 0.316839958389, 0.750081336716, 0.580508767443, -0.605780375962, -0.310913720479, 0.732367936571, 0.729823661488, -0.583704245939, 0.355874663899,  
738, 3191224.286060394, 91.33198704138105, 101.17523551336511, 93.99079148241562, 80.11414245730566, 0.323307751564, -0.628879427906, 0.707094592636, 0.466063302077, 0.756135387424, 0.459395553247, -0.823563656456, 0.181024697325, 0.537562054764,  
739, 3439998.4916751753, 93.64614001108818, 113.51320664351636, 93.9060053518597, 77.0424143110933, 0.924956299185, -0.207964030935, 0.318130172154, 0.226878548952, 0.973647557891, -0.0231637008978, -0.304929448599, 0.093602322894, 0.94776401943,  
740, 3605935.3976284526, 95.12830915487892, 110.1673393057985, 97.83734196941927, 79.86781925612782, -0.144918448464, -0.917771160358, -0.369722518261, -0.0991659609801, -0.358313443223, 0.928319766346, 0.984461657698, -0.171194549037, 0.0390854308209,  
741, 3090074.139413992, 90.3566449600471, 103.79257962518093, 90.55321382746737, 78.48923853646104, 0.342949983694, -0.864962313931, -0.366367990092, -0.37964255263, -0.484376783847, 0.788194559422, -0.859218738691, -0.131222432341, -0.494493510911,  
742, 2334950.9965664144, 82.2993465689455, 101.5320714350427, 85.33275156443798, 64.3383864235963, 0.612802968549, 0.411794120214, -0.674461358637, -0.40448159083, 0.896666042514, 0.179957358512, 0.678871979402, 0.162528799787, 0.716042753488,  
743, 2945081.027010775, 88.92070135975179, 102.70141322710465, 88.57780106183166, 77.28715556751925, 0.702858942553, -0.701257464069, -0.119278145364, -0.595757871213, -0.671950204981, 0.43994940722, 0.388666779853, 0.238161481172, 0.890065864487,  
744, 2168301.3064858783, 80.29287475463501, 119.35479419828884, 87.02173737075957, 49.838321148677444, 0.849580722045, 0.32135869255, 0.41825971292, -0.39820873808, -0.129233391953, 0.908145655345, 0.345893621864, -0.938097714061, 0.0181736409837,  
745, 3734620.1973491115, 96.24672133542877, 103.81994886759094, 98.67950345476734, 87.0262091562822, -0.560743300191, 0.767907476841, -0.309653125775, 0.358686351583, 0.562356719809, 0.745049676782, -0.746264733509, -0.306713264625, 0.590775694172,  
746, 3051128.8874807353, 89.97544048718329, 102.69202149544567, 92.01342775471521, 77.08751247583754, 0.467237229615, -0.801468645938, -0.373279226372, 0.0874939290424, -0.378211293479, 0.92157529799, 0.879792125245, 0.463253955259, 0.106590756137,  
747, 3363177.7987199025, 92.94379603010253, 103.40636412327183, 92.80179428579002, 83.66765111943276, -0.232800770932, 0.778275165846, -0.583173702494, 0.939218667861, 0.0243352429737, -0.342455967812, 0.252333301398, 0.627451641305, 0.736635827821,  
748, 2973242.922761672, 89.20323300030768, 119.09340392888316, 89.17176621594942, 66.83850191959695, 0.581087057993, 0.487838257653, -0.6514228008, -0.516968613581, 0.839455985311, 0.16750254117, 0.628554916937, 0.239431583329, 0.73999407653,  
749, 3469752.56627787, 93.91536097661744, 104.46039660206162, 89.88526047133952, 88.22054668711726, -0.707239917228, -0.501723579119, -0.498081468874, -0.694093353424, 0.358897485579, 0.624040873323, 0.134335833688, -0.787061652605, 0.602069629517,  
750, 2658727.5404269123, 85.93994570601832, 106.50563292226386, 79.92533364300147, 74.5638268854571, 0.284713607309, 0.720771147584, 0.632002464096, 0.374615782729, -0.690519695082, 0.618745154352, 0.882383803763, 0.0605929328738, -0.466612600926,  
751, 3196759.525403668, 91.3847622306582, 116.63550305361215, 89.14703200360779, 73.39791161040883, -0.0733020561342, 0.744759654386, 0.663294705064, -0.956369374545, -0.241095780311, 0.165016496596, 0.282815183466, -0.622258693724, 0.729938141273,  
752, 2823074.0578452162, 87.67542651801205, 99.38056108792878, 90.57745752380778, 74.87073411577609, -0.572756726193, -0.0573570361026, 0.817716272928, 0.818223198508, -0.100367242098, 0.566071739391, -0.0496037299392, -0.993295820551, -0.104416870538,  
753, 3642057.2725172336, 95.44489852146255, 101.62527510065821, 93.53167182842832, 91.47401258355637, -0.596990627649, -0.489814112646, -0.635361570723, -0.795345268946, 0.465027567877, 0.388812633898, -0.105014730698, -0.737449317694, 0.667188436778,  
754, 3754848.2969021304, 96.4201779541463, 101.5104136914381, 99.80178080400577, 88.48199329517706, -0.397516496556, 0.900461353272, -0.176493586936, -0.59433049862, -0.399210633966, -0.698141911175, -0.699107926844, -0.172627405102, 0.69386445768,  
755, 3198509.980507576, 91.40143909084023, 112.05796759046768, 90.87134702518074, 74.98758957522361, 0.0531068996287, -0.373893133206, 0.92595009701, 0.9490977071, -0.269396297026, -0.163215126523, 0.310472542408, 0.887484963304, 0.34055431332,  
756, 3476226.8028767593, 93.97373713563994, 112.96198375709886, 96.85333877430214, 75.85296953098091, -0.524358575011, -0.245524891337, 0.815331596681, -0.721244220281, 0.637035790543, -0.272015029508, -0.452608947684, -0.730686614973, -0.511118588172,  
757, 2970461.8639968727, 89.17541188290794, 111.63828840362793, 91.17614156232759, 69.66922713885234, -0.256599677912, -0.181491338911, -0.949324759603, 0.0625009862941, -0.983271439562, 0.171087412904, 0.964494806625, 0.0154327587425, -0.263650522378,  
758, 3450957.3309410214, 93.74547776193673, 109.75584215629837, 87.17236864346096, 86.10819527033131, -0.0808918829517, 0.414122412016, 0.906619617667, 0.119992342047, -0.898938894113, 0.42132019, 0.9894737698, 0.142868794764, 0.0230253416913,  
759, 3454320.547790963, 93.77592187470509, 101.67526161062959, 93.16288467918548, 87.05942624537516, -0.458852360188, 0.733473858046, 0.501468454753, 0.888317650136, 0.366882965007, 0.276203987017, -0.0186081704283, -0.57220013068, 0.819902888422,  
760, 3569051.919926611, 94.80285553763571, 110.5640520609348, 95.43458311938734, 80.75037149084831, 0.679319702768, -0.733362197732, -0.0265448369513, -0.5498489941, -0.484707880345, -0.680238454087, -0.485994676018, -0.476695036338, 0.732510079939,  
761, 3039295.053264952, 89.85896622329064, 99.46421733335599, 91.04553534076503, 80.12328199084752, -0.0525552940939, -0.998479899883, 0.0166081483796, -0.359536127205, 0.00340322234595, -0.93312496018, 0.931649995597, -0.0550118860571, -0.359168453648,  
762, 2521361.304851874, 84.43363590495368, 106.57069479232372, 79.50387438536006, 71.04285134047055, -0.783179129915, -0.579999987671, -0.224121540169, 0.132787574155, -0.508136431668, 0.850978746481, -0.607451982149, 0.63670823861, 0.474978639804,  
763, 3513150.2133208783, 94.30528605248202, 106.30464308155861, 91.91450471409992, 85.83646528046744, 0.337201233276, 0.0946529010534, 0.936662242539, -0.338468540339, 0.940596005779, 0.0267992745103, -0.878484135018, -0.326067450438, 0.349207162422,  
764, 3419292.2782304413, 93.45786855425467, 113.96424841355882, 87.32504403000846, 82.02385416664715, 0.732482458429, 0.562583445404, -0.383365771882, 0.53944193451, -0.136112130038, 0.83094878744, -0.415297299998, 0.815458984262, 0.403180849745,  
765, 2840982.058039826, 87.86042382314808, 115.33337228431743, 86.5770343945516, 67.92383299535726, 0.580734890619, -0.418477254386, -0.698300633237, 0.50108879844, -0.492278988964, 0.711738303805, -0.64160502094, -0.763241891268, -0.0761893202356,  
766, 104197.70169649037, 29.191506617517543, 67.49604942708783, 24.879781314853847, 14.813054394997815, -0.0373240119798, -0.41330003124, 0.909829655654, -0.910704579522, -0.360729292196, -0.201225114209, -0.411368553692, 0.836096562563, 0.362930366743,  
767, 3754060.993342228, 96.41343846698939, 111.04529239150472, 90.79580171918786, 88.88874927200496, -0.520654158865, 0.0552952960224, 0.851975162252, 0.796529816455, -0.327768023085, 0.508043673851, -0.307342639987, -0.943138671289, -0.126609432371,  
768, 3045710.6645111623, 89.92214918916258, 96.98241130022302, 90.32355263973781, 83.00534245938792, -0.918561193476, 0.139631493825, -0.369795051037, 0.374836613451, 0.604657684969, -0.702770657629, -0.125470502731, 0.784150578614, 0.607754081026,  
769, 675370.8585492858, 54.42743937207603, 112.36779261491353, 53.214469290571415, 26.963863708617684, -0.624884600711, 0.713918380789, 0.315974336562, 0.0198829738818, -0.390039272097, 0.92058352884, 0.780463902524, 0.581540980322, 0.229534714287,  
770, 3239945.3775944705, 91.79443640556897, 112.58420861057583, 89.29268937242553, 76.94062260159198, 0.733903271406, 0.679050205881, -0.0166374911675, 0.218256283097, -0.212550408792, 0.952463394893, 0.643234158847, -0.702647238389, -0.304198414323,  
771, 2966253.0584497373, 89.13327484745001, 114.4248658732414, 87.1508185720256, 71.01133985483762, -0.676238833071, -0.0273083294948, 0.736176130954, 0.191996346979, -0.971310340823, 0.140333975067, 0.711223202232, 0.236242411416, 0.662080870933,  
772, 1586224.7400337975, 72.34780676763384, 150.11301913223136, 72.56859950139173, 34.76234043738657, -0.0630680158903, -0.438335667765, 0.896595933371, -0.997765125883, 0.0475621422468, -0.0469318249902, 0.0220721304744, 0.89755205141, 0.440355692669,  
773, 3079473.681896068, 90.25320416972426, 111.76692775799081, 91.45229364551417, 71.92501682147157, 0.423021295969, 0.894651546372, -0.143706623824, 0.818181624061, -0.445288608462, -0.363726387855, 0.3893992979, -0.0362858891004, 0.920354019412,  
774, 3379027.1169466763, 93.08956964956889, 102.89903163828872, 91.26709757356987, 85.89690987550968, -0.658244798876, -0.697836170531, 0.282379999029, -0.193928185946, 0.519631888747, 0.832090475185, -0.727396482978, 0.492957786526, -0.477375090736,  
775, 2789148.6549215536, 87.32280628521258, 101.92306153550652, 84.93495687359231, 76.9173160238612, -0.592783109152, -0.778104931774, -0.207752017205, -0.222120374326, -0.0899984539975, 0.970856744112, -0.774125781003, 0.621653435145, -0.119483395331,  
776, 3003330.723058238, 89.50312174422653, 97.96818501997812, 90.89341966616725, 80.51875370143614, -0.728356607644, -0.5333992399, 0.430095225474, -0.679057087409, 0.478064032804, -0.557078318173, -0.0915320934982, 0.697810885136, 0.710409631442,  
777, 2708067.2487478754, 86.46830488326641, 106.0913016840734, 89.24675436999598, 68.28080403101974, 0.309367492303, 0.284576606225, 0.90736316318, 0.693790453755, 0.585007231219, -0.420025410779, -0.65034341773, 0.759462108739, -0.0164543126594,  
778, 3385034.692055238, 93.14470499505636, 109.30439900730937, 87.33827404560532, 84.6510342732548, 0.174699652843, -0.965226732537, 0.194466928016, 0.605542660857, 0.261061346965, 0.751774606517, -0.776400745221, -0.0135767417351, 0.630093290636,  
779, 3235626.473742546, 91.75363040544809, 110.00886065577119, 95.22267684792325, 73.73975971304755, -0.245636727004, -0.596778557618, 0.763883467234, 0.0145147725645, 0.785674374934, 0.618469965277, 0.96925327945, -0.163006532813, 0.184328376914,  
780, 964367.4195285618, 61.28929702351877, 95.25491024847727, 70.76107688469114, 34.15640186025159, 0.838482356015, 0.277754543402, 0.468828062589, 0.38343798247, -0.912044726445, -0.145429469377, 0.387198466229, 0.301706530562, -0.871235052765,  
781, 3201818.6511208327, 91.4329447022688, 107.56449512179984, 88.39701789640733, 80.38991390294791, -0.79707619025, 0.408809045439, -0.444460022165, 0.0792304012197, 0.800442997233, 0.594149435498, 0.598658575866, 0.438367622604, -0.67040415944,  
782, 454038.140994406, 47.67981655827875, 116.87187364305137, 74.34548548048511, 12.47495877834453, 0.0131577273652, -0.865929271893, 0.499993370245, -0.629007081124, -0.395874182935, -0.669054349946, 0.777288213024, -0.30569613567, -0.549884448344,  
783, 1215613.0945575077, 66.20674755665978, 130.60697092058797, 47.563808306279, 46.715799190328596, -0.412029798792, -0.372931846095, 0.831356291295, -0.907523017901, 0.249520277648, -0.337848491224, 0.0814457910956, 0.893678616288, 0.441254024234,  
784, 3880399.983880468, 97.48309180084186, 101.59750314228476, 100.20794317918866, 90.99189334143836, 0.0716234888363, -0.15845045361, 0.984765723204, -0.36686818515, -0.922276366118, -0.121712937785, 0.927511622877, -0.35256170843, -0.124187081365,  
785, 3714571.9969159756, 96.07418824651025, 106.8477404276528, 95.9939741577171, 86.45912916262697, 0.458556551736, -0.432805614613, -0.77614765916, -0.28583776652, -0.898807258496, 0.332328577322, -0.841440823879, 0.0694608669232, -0.53586614735,  
786, 4048873.3161696526, 98.87394435933916, 122.47803612536703, 106.83722373591053, 73.86943396382513, 0.697250200589, -0.296294568843, 0.652726348673, -0.620400894654, -0.705579223152, 0.342433482254, -0.359088969046, 0.643713824872, 0.675786670465,  
787, 2655377.657236892, 85.90383698245442, 105.71788670246144, 95.73050216486621, 62.638143490214965, -0.170102870229, 0.772167631683, 0.612227214456, -0.872600450121, -0.406694778048, 0.270495493412, 0.457857475627, -0.488217683097, 0.742973772029,  
788, 2918992.533007851, 88.65735931647392, 109.65946165731518, 82.22772085392572, 77.2822953212181, 0.161868224193, 0.379683019327, -0.910845476923, 0.73215489194, 0.572645145261, 0.368818047033, -0.661625190123, 0.726579894054, 0.185293727231,  
789, 2095298.1115626188, 79.38145789423848, 101.64689218523539, 84.73832571919968, 58.07419902785179, -0.0956033085761, -0.107024397038, 0.989649324674, 0.978746563987, -0.191310511618, 0.0738610291538, 0.181425386516, 0.975677234839, 0.123039678739,  
790, 4103989.197583613, 99.32056921913342, 121.93721950619405, 95.90283015837939, 83.78183888705787, 0.437664343857, 0.875825608934, -0.203419332541, 0.698000178177, -0.188336559058, 0.690887177321, -0.566785385646, 0.4443634135, 0.693754627632,  
791, 2872436.448976524, 88.1834880708513, 100.87459985215152, 84.50845144948146, 80.44144270307328, -0.355053353437, -0.507237613578, -0.785268819949, -0.265536258652, -0.750679521631, 0.604955164575, -0.896341236112, 0.423308704347, 0.131841303355,  
792, 3496865.724874293, 94.15934938544598, 103.36075988547876, 93.55497424796579, 86.33119846731687, -0.0554681043127, -0.496002433577, 0.866547676294, 0.967459293737, -0.241285804176, -0.0761818591654, 0.246872040472, 0.834123939585, 0.493245830235,  
793, 3236659.2952674697, 91.76339204346232, 100.92941418438325, 92.68450683434108, 82.60065303469464, 0.127493817966, 0.612735353122, 0.779936352156, 0.927758193495, -0.351739289167, 0.124676408592, 0.350727901348, 0.707696869776, -0.613314829207,  
794, 3843352.4414184997, 97.17186410959327, 102.36291502144383, 96.70551813794785, 92.68889428607268, -0.389257169395, -0.582995771833, -0.713158317697, -0.0449981804977, -0.761262239815, 0.646880951941, -0.920029358133, 0.283893874991, 0.270093035667,  
795, 3765757.020259327, 96.51346215710441, 117.28857239403646, 91.22974805239389, 84.01783947143996, 0.738616985373, 0.259590859688, -0.622139481535, 0.511756507786, -0.816647822629, 0.266817560392, 0.438805453085, 0.515459910528, 0.736037264669,  
796, 3538742.809276202, 94.5337305991571, 118.54863211496513, 98.16014136231587, 72.59867061731248, -0.428781763194, -0.898625591701, -0.0928345059323, -0.887262662771, 0.438230155674, -0.14394199495, -0.170032840369, -0.0206488885382, 0.985222034162,  
797, 2987716.609993169, 89.3477452786098, 108.78321596822198, 88.40478206824693, 74.16741466294734, 0.909585375849, 0.169023889265, 0.379585785957, -0.30153623024, -0.360021299335, 0.882870639379, 0.285885197055, -0.917505089296, -0.27650328248,  
798, 1995972.0077164478, 78.10675809603481, 136.37684380864394, 80.95996930770914, 43.15735964867419, 0.427937990638, 0.900710164465, -0.0747681469507, -0.504917739039, 0.306863288829, 0.806779399076, 0.749618004701, -0.307499791218, 0.586102998993,  
799, 3455998.3633578517, 93.79110221019987, 120.07981011746146, 101.67158919135211, 67.57955293861076, 0.776851557489, 0.597176617263, 0.199704144729, -0.454775426944, 0.312741221102, 0.83388982466, -0.435523786579, 0.738629146743, -0.514534755781,  
800, 1801066.4971256761, 75.47684062452053, 96.77214497352472, 74.32811485976863, 59.77748688209001, -0.545113605069, -0.666646674944, 0.508363421535, -0.807069026981, 0.253157096481, -0.533433285603, -0.226915718398, 0.70106611335, 0.676029260799,  
801, 3742540.5832259324, 96.31471333664496, 109.97606759168053, 99.72162387494724, 81.46862388828588, 0.552564271744, 0.776622872363, 0.302538658216, 0.692426695691, -0.225705375565, -0.685275385911, -0.46391593709, 0.588144537987, -0.662471135786,  
802, 3402967.213818598, 93.30889617735106, 103.91848032194818, 93.89343722365993, 83.26090566621208, 0.22929606071, -0.812261295667, 0.536334694109, 0.857256906216, -0.0924561908978, -0.506519939894, 0.461014005523, 0.575919647456, 0.675116765001,  
803, 2554673.9180033244, 84.80386023283972, 106.64003854973654, 81.86858845282497, 69.85689349736735, -0.967380699126, 0.0138309537841, -0.252949180028, -0.11594328721, 0.863616583825, 0.490635863236, 0.225237068686, 0.503959423823, -0.83384240839,  
804, 3391967.7889626613, 93.20825342097457, 108.80417233675146, 95.29543600271441, 78.09899747443568, -0.867240370677, 0.322066609073, -0.379693611728, 0.162623495321, 0.904012258358, 0.395367468955, 0.470582339487, 0.28113152804, -0.836371523729,  
805, 3519231.4574374715, 94.35966866678527, 106.56979277420818, 102.58669868756682, 76.84826135424042, 0.642774487386, 0.25651353241, -0.721832228469, 0.259292128249, -0.959505015463, -0.110080504761, 0.720838782665, 0.116408474739, 0.683257284202,  
806, 2483041.7730781734, 84.00371101016107, 98.2993974834547, 88.00215354397504, 68.52534971491635, 0.636811943044, 0.668221440992, 0.384643542771, 0.70847808579, -0.310320406393, -0.633845444357, -0.304186375685, 0.676151869904, -0.671035988359,  
807, 3041352.3883218337, 89.87923718527992, 110.16442819790957, 88.28192401208574, 74.65604164555671, 0.852062337173, -0.044794872518, 0.521520079161, -0.217599479323, 0.875848035133, 0.430744339431, -0.476067474388, -0.480503526261, 0.736529782887,  
808, 3316720.779654983, 92.51385272567566, 108.71285457478889, 94.96121024721047, 76.69961110201238, -0.802121853842, 0.587705224031, 0.105844703393, 0.184061491365, 0.074704703071, 0.980071719179, -0.568086172148, -0.805618878246, 0.168096174936,  
809, 3210271.123198592, 91.51333186386479, 104.42360630310506, 89.75208937198359, 81.77298434946174, -0.728364388917, 0.372507432876, -0.575085671365, 0.0251871138764, 0.853297026827, 0.520816467964, 0.684726899027, 0.364859420133, -0.630893554642,  
810, 3646989.7261471786, 95.48796622883972, 105.83226707636476, 95.76900481782687, 85.90191718727988, -0.877514490995, 0.267942555512, 0.397712339561, 0.452320965753, 0.186976766967, 0.872035224377, -0.159292379082, -0.945117175572, 0.285270857969,  
811, 3473725.6256341343, 93.9511934044676, 109.67936031527672, 97.58930139364642, 77.47824687578326, -0.0777168043012, -0.408405815729, 0.909486002096, -0.94553140128, -0.259058244445, -0.197127357765, 0.316117806401, -0.875267682291, -0.366027344351,  
812, 3498611.887733419, 94.17501962768677, 101.81054935625923, 94.02553989135143, 87.25062397619088, -0.389138793066, 0.0475436337014, 0.919951413188, 0.194730581892, -0.971852911083, 0.132596831396, 0.900361594143, 0.230741244936, 0.3689274694,  
813, 3185767.4209821117, 91.27989933359156, 100.58304233172814, 88.92419702893554, 85.03167566577979, -0.260773764277, 0.953373945159, -0.151905116952, -0.240071864052, 0.0883661724635, 0.966724841749, 0.935073550024, 0.288564620589, 0.205834680725,  
814, 2796791.074003957, 87.40248996385522, 115.95188360668105, 88.88837161986976, 64.78115058671696, -0.0880664568063, -0.478608559128, 0.87360067898, -0.699700899576, -0.594490506657, -0.396231862206, 0.708987270914, -0.646153917131, -0.282528166841,  
815, 3463526.134325901, 93.85915065396661, 115.87905501753637, 100.08404529937533, 71.29516262345811, 0.739985302612, 0.612092718354, -0.278862432135, -0.402838752152, 0.735310767925, 0.54501285704, -0.538648950322, 0.290964909761, -0.79069382798,  
816, 2941062.333511795, 88.8802375375069, 105.8898267901584, 90.08422051119615, 73.60590502040513, 0.530201551641, 0.426620209053, -0.732721988113, 0.805146914889, 0.0175316264199, 0.59281623419, -0.265753193926, 0.904260935407, 0.334196649618,  
817, 3156666.4267342123, 91.00111089335279, 103.74375978666221, 92.96414073543042, 78.13806266646668, -0.228111510489, -0.718041815443, 0.657556910129, -0.96458028385, 0.0747720140606, -0.252970397321, -0.132476468816, 0.691971890461, 0.709665335226,  
818, 3382844.005808206, 93.12460723368345, 102.89799035748503, 94.46899621336284, 83.08013021335005, -0.409232463471, 0.622202989723, 0.667377127583, 0.880504024313, 0.461089328949, 0.110042236883, 0.239251863129, -0.632661102257, 0.736544958357,  
819, 2158142.311390977, 80.16728148471763, 147.3680854005839, 71.07880365173709, 49.18672641568886, 0.837489395739, 0.0844160834858, -0.53989391261, 0.475953700208, 0.372725120234, 0.796582738958, -0.268476418486, 0.924094102132, -0.271975188429,  
820, 3990081.878962266, 98.39304465233884, 130.88311239106278, 95.65768991679944, 76.08336212770128, 0.00801824864229, -0.556846209021, 0.830576912265, -0.997579142588, -0.0618314384104, -0.031823379727, -0.069076493555, 0.82831103622, 0.555993943595,  
821, 950247.9443726994, 60.98870939153774, 124.26355578732611, 47.70898636854579, 38.26523309143775, 0.860984739407, -0.483100308951, -0.159120614628, -0.362914842527, -0.802677885181, 0.473287470482, 0.35636792165, 0.349746056637, 0.866417682348,  
822, 3327782.209513209, 92.61658471497445, 98.84627699037604, 93.51053036491554, 85.94991464636665, -0.790344949027, -0.267576388849, -0.551142211845, 0.568148327611, -0.656733653775, -0.49589150611, 0.229264780069, 0.705055873055, -0.67106920395,  
823, 2998983.6802556957, 89.45991840274742, 99.23995736092444, 90.70145434983436, 79.53983272906576, -0.779535722065, 0.109875751961, 0.616645260385, 0.494017360889, -0.497373458589, 0.713138478721, -0.385059612482, -0.860550383082, -0.333439849167,  
824, 547164.9012075257, 50.739152308929626, 110.197854508546, 68.05762405430559, 17.417254556616502, 0.857201918629, 0.0519787878627, -0.512350540461, 0.366977496348, 0.636328152026, 0.678538134605, -0.361292662357, 0.769665309437, -0.526386667362,  
