# Void_ID, Void_Volume, r = (a*b*c)**(1/3.0), a, b, c, vector_a, vector_b, vector_c 

17, 1180747.374592474, 65.56762604002941, 132.1512204633869, 54.59695420957416, 39.068684259589276, 0.272019223876, 0.579053170159, 0.768572031739, -0.432615088424, -0.639838341131, 0.63517799276, 0.85956368415, -0.505276482085, 0.0764588094496,  
22, 838331.5601564714, 58.493696705445515, 107.0791144364063, 56.05185722859314, 33.3451310678559, -0.287069901191, 0.953640960836, 0.0903315539927, 0.951444590342, 0.294799348841, -0.0885806718817, 0.111103840342, -0.0605166236591, 0.991964553259,  
52, 2015784.9273284632, 78.364348632574, 106.80310735465123, 79.33161039507414, 56.79700372789074, 0.514872755633, 0.631831375695, 0.579392059139, -0.44979604631, -0.376250267162, 0.810011884595, 0.729787340416, -0.677661308581, 0.0904742428608,  
67, 614576.8715500175, 52.74272136951115, 130.20803489991667, 39.029912227288555, 28.870362958633205, -0.539941268755, -0.755064196278, -0.371942852861, -0.750108857524, 0.632120100105, -0.19432159146, -0.381837829659, -0.174075381784, 0.907688070483,  
72, 1152236.0801670442, 65.03557040486344, 112.70946251608576, 65.04015517131842, 37.52415433086974, 0.904928147405, 0.320132217477, -0.280393315483, 0.220494377502, 0.210835226233, 0.952329111636, 0.36398801838, -0.923614568265, 0.120203376672,  
76, 673319.4923312245, 54.372277657381986, 93.82636506875615, 53.43330783817529, 32.0623703236422, -0.118120939479, 0.889435049761, -0.441534524034, 0.0103620455639, 0.445727244733, 0.895108848864, 0.992945150383, 0.101155897307, -0.0618660874108,  
98, 1934934.415843938, 77.30232329078325, 132.63874733517682, 71.074870431457, 48.9994439531226, -0.977398418858, -0.134808599884, 0.162846468218, -0.210907370149, 0.568941746816, -0.79487317853, -0.0145055861924, 0.811253308238, 0.584514891036,  
102, 1657992.79605816, 73.42286777272466, 117.26564457295285, 101.93924209330362, 33.11172713471103, -0.115132685159, 0.646147669725, 0.754478398443, 0.889616931814, -0.270856499269, 0.367720643199, 0.441957214489, 0.713533422982, -0.543639471385,  
129, 2710369.88212037, 86.49280555487647, 138.85949189478129, 78.71124647017979, 59.200802210020335, -0.416850100447, -0.612362184415, -0.671750362006, -0.854876856528, 0.0129653019428, 0.518668932093, 0.308903793971, -0.790471034285, 0.528898846687,  
138, 1560523.9936886376, 71.9549397268889, 126.731901222299, 80.84688625025697, 36.3607299295597, -0.742597765667, -0.133076223965, -0.656383483218, 0.0121586407985, -0.98257777511, 0.185453722839, -0.669627303714, 0.129736789216, 0.731278086397,  
186, 451428.27075388783, 47.5882843599618, 135.58266450552756, 71.09215474762287, 11.180836634671193, 0.743679013683, 0.637051935478, -0.202747024915, -0.357451899343, 0.635182248048, 0.684669008661, 0.5649510282, -0.436701663918, 0.700087132054,  
195, 1282780.424077084, 67.40434686324193, 118.5312823263166, 67.96842033987993, 38.01224808894212, -0.405974034825, -0.810168034426, 0.42286267161, 0.176647931166, 0.384416458454, 0.906101260834, -0.896649648114, 0.442551400928, -0.0129485935134,  
210, 713744.3184357919, 55.43933577391174, 105.67743766532469, 46.60450086477435, 34.59743637655184, 0.81929215533, -0.552312632093, 0.153984157124, -0.449308876872, -0.451589693231, 0.770836092909, 0.356204853109, 0.700726412659, 0.6181428615,  
214, 1453378.1760075206, 70.26893020170385, 103.5943644524861, 81.09351537834367, 41.30168475279638, -0.671524140413, 0.129646282203, -0.729552719379, -0.483732881429, 0.66912009241, 0.564163807202, -0.561300123166, -0.731758254783, 0.386616125233,  
229, 2652466.8241416076, 85.87243615630318, 138.7461096337848, 73.23923954301193, 62.31558988857981, -0.620605332508, 0.737429862058, -0.266544967704, -0.263184947611, 0.124310638411, 0.956702957312, 0.738635704941, 0.663885580295, 0.116932594528,  
313, 335818.04001489404, 43.11931018005647, 109.9306419220153, 41.897105630264136, 17.406547019341573, 0.114895014069, -0.993279503675, 0.0139629266631, -0.869876842074, -0.10738849139, -0.481437422248, -0.479701381451, -0.0431687328507, 0.876369240183,  
320, 1072423.5905758617, 63.49788351742624, 108.10241244469844, 87.40171182599411, 27.09707571761002, -0.443470103046, 0.7996939606, -0.404751574529, -0.781646918263, -0.5660459168, -0.261954414438, -0.438591339259, 0.200203869728, 0.876102760909,  
336, 1191176.505097056, 65.76010578350662, 129.89803933060801, 89.50845718443006, 24.457994447677475, -0.935693851352, -0.349136843531, -0.0507984353267, 0.0585179961513, -0.295565174992, 0.95352864218, -0.347926228774, 0.889238264933, 0.29698930538,  
372, 591398.5757911273, 52.07115628573293, 119.09794949951166, 81.75920044332976, 14.499423836439691, 0.284279350509, -0.950112451646, 0.128341653805, -0.411393167704, 2.88837527902e-05, 0.911457986268, -0.865991288894, -0.31190756386, -0.390861560103,  
375, 1003120.2775448941, 62.099504287208056, 103.80532463113983, 57.60701568091263, 40.04694506203581, -0.918366240073, 0.154410232472, 0.364363732007, 0.0948785434107, -0.807967042494, 0.581538752142, 0.384189420851, 0.568635857426, 0.727359436974,  
406, 874618.9178800151, 59.32577484459019, 96.11596756225985, 51.59353023148979, 42.10556218474449, 0.148491641068, 0.940097205871, -0.306867196107, 0.72932691293, -0.313671211099, -0.608023540172, 0.667856636269, 0.133520091528, 0.732215745904,  
429, 462710.94328514714, 47.98148892261605, 93.91360281053979, 48.692616326548375, 24.1562518781344, -0.482006364479, 0.857855051853, -0.178198133022, 0.876125629128, 0.47390276956, -0.0884310295588, -0.0085875833221, 0.198748270468, 0.980012948077,  
433, 1161679.980384475, 65.21276761031214, 103.59729176462298, 62.42724563568074, 42.88202836554218, -0.594398857817, 0.0868091697543, 0.799471178888, 0.10141816578, -0.97812657742, 0.181611547528, 0.79774955561, 0.189030596974, 0.57259329365,  
470, 1041035.4109650675, 62.87224445357325, 92.95482179190746, 63.62295396953909, 42.02339556147376, 0.802141726699, 0.252723111734, 0.541017263203, 0.352359391029, -0.931797108768, -0.0871608148452, 0.482090769298, 0.260547839919, -0.83648270351,  
503, 1418193.640479114, 69.69724978568856, 144.84604053874727, 63.988906299990816, 36.52881711588981, 0.100791555858, -0.972577680765, -0.209603714533, 0.469862982984, -0.139169654824, 0.871699824709, -0.87696627044, -0.186345008128, 0.44295112423,  
561, 3330024.917247377, 92.63738588462421, 123.28783206471891, 92.4780897873489, 69.7268117425694, 0.15068721157, -0.893188240156, 0.423684000072, 0.708959187053, -0.201047512996, -0.67598577545, 0.688963159655, 0.402237075822, 0.6029387195,  
586, 2652609.1455842713, 85.87397199334711, 132.58861518048417, 78.84793590424556, 60.574256176734785, -0.254355037175, 0.0444234662756, -0.966090094509, -0.919133450635, -0.321833614431, 0.227193363782, 0.300827550248, -0.94575349868, -0.12269109481,  
587, 1672556.6055376097, 73.63722352687415, 96.35326568161156, 80.5928748419688, 51.419651515848265, 0.555254202533, 0.434295250284, 0.709281612725, -0.24706447755, -0.728195914091, 0.639288553498, -0.794135954671, 0.530205947045, 0.297034912453,  
594, 400175.9829601719, 45.71451715443135, 126.15813682905346, 58.612660907169904, 12.91979749572155, 0.29792979629, 0.923033956248, -0.243405324708, 0.749806515126, -0.38408932349, -0.538763010474, 0.590785939539, 0.0219933443233, 0.806528527982,  
627, 2340559.0217926623, 82.36518204074962, 114.37825933175769, 87.07054235726466, 56.10689759890743, -0.987067211791, -0.159790067233, 0.0128628854169, -0.0831961497703, 0.579203969757, 0.810926113823, -0.137028172545, 0.799368435598, -0.585007165852,  
630, 1545019.0377033313, 71.71583763218169, 123.92336783516946, 80.98982441607856, 36.75035687707739, -0.0243875187745, -0.974084173917, 0.224867229834, -0.243459791998, -0.212375044407, -0.946374223124, 0.969604341269, -0.0778258481366, -0.231971029988,  
643, 335285.24619064975, 43.09649438912959, 127.33268130002988, 82.80369593279974, 7.591650878903131, -0.507955424341, 0.285737140658, -0.812610345326, -0.100595334856, 0.917245286381, 0.38541103152, 0.855489255039, 0.277516433858, -0.437175895323,  
656, 582417.638910061, 51.80622769951719, 85.10994185634976, 69.33591283758454, 23.561741050608383, -0.811190063442, -0.574623201292, 0.108530445086, 0.0890854179005, 0.0619956160116, 0.994092717966, 0.577957151778, -0.816066615009, -0.000900320336839,  
683, 1086904.3265824048, 63.7824067445738, 110.7897350204268, 61.790308407320055, 37.90380609914613, -0.00819558387208, 0.353040637308, 0.935572092793, -0.94087622443, -0.319576560092, 0.112351023767, -0.338651388166, 0.879336756111, -0.334786658403,  
741, 219780.72048408366, 37.436938657263795, 118.06604776930703, 56.55249949716508, 7.858219458695488, -0.456409491366, -0.69098426692, 0.560563215936, -0.859409122904, 0.505518487804, -0.076596461791, 0.230448119239, 0.516712493906, 0.824561618668,  
828, 2391778.1652882383, 82.96165920063315, 133.51907891337666, 68.7215816751548, 62.22942861478774, -0.902886516857, -0.371324624911, -0.216596307938, -0.351525956636, 0.347734345983, 0.869200970107, 0.247437748714, -0.8609290607, 0.444494896431,  
841, 613159.7806748075, 52.70215212995774, 122.48126731825033, 73.54492521021426, 16.25034811481861, 0.079005513031, -0.616334047585, 0.783511627673, -0.239306316926, -0.774711742568, -0.585281302116, 0.967724452305, -0.141258832346, -0.208699129596,  
897, 3148784.880520252, 90.92531075927272, 152.87729443210242, 81.38342648377638, 60.419262942870034, -0.588501976611, -0.378026728103, -0.714675602189, -0.788610950122, 0.0735555992528, 0.610477143852, 0.178208285082, -0.922868011504, 0.341403632772,  
898, 2872389.2269080747, 88.18300483073982, 141.2308234871045, 108.63682235490609, 44.69388781707426, -0.897942480168, -0.171318069282, -0.405400322456, 0.0848936397614, -0.971251178955, 0.222405524453, 0.431847626181, -0.165291459296, -0.886671506955,  
904, 2241028.1743797874, 81.18072067610828, 118.01395651672021, 86.14863681059889, 52.623160377430466, 0.263788746252, 0.845316360077, 0.464602785976, 0.559846597453, 0.258058185609, -0.787386664963, -0.785485381577, 0.467810030062, -0.405174642719,  
909, 1068882.4612913472, 63.427916711892685, 126.54197559319064, 75.2900906432914, 26.783597588247336, 0.913806901869, -0.0555619832163, 0.402330476249, -0.280643003016, 0.629692019647, 0.724380746052, -0.293592321009, -0.774855358382, 0.559823831782,  
914, 475824.35672541807, 48.43054466450774, 103.51557789015241, 90.85624797344306, 12.078070235837323, 0.0663890342048, -0.977287930199, 0.20124809968, 0.751596263464, -0.0836782370986, -0.654294283472, 0.656273992236, 0.194695285314, 0.728970639321,  
1013, 767150.0189835655, 56.788957594091194, 112.71942583693, 75.63533994584382, 21.481675886620646, 0.383194296784, -0.730607394658, 0.5651326975, -0.883325828357, -0.468707253992, -0.00699935800128, -0.2699955775, 0.496514194083, 0.824970328681,  
1033, 2415081.5605189605, 83.23022414964932, 114.48491671177275, 89.74874698335722, 56.11339252894435, -0.515564506544, -0.414578280121, 0.749878716356, 0.0934015925929, 0.842750264256, 0.530139731201, 0.851744904354, -0.343361095275, 0.395769852513,  
1074, 1068062.5794502294, 63.41169519050175, 110.4582666995003, 69.9169540515558, 33.016221249879386, -0.390677066017, 0.853098229469, -0.345824870368, 0.128731410802, 0.422621696796, 0.897117119038, 0.911482119386, 0.305964560487, -0.274929143171,  
1107, 1679876.055957195, 73.7444844064155, 149.71245277660685, 79.02228166661817, 33.898551409222435, 0.849776943019, 0.142711225853, -0.5074570456, -0.297550280738, 0.924493075038, -0.23827795668, 0.435135585245, 0.353477099997, 0.828076664465,  
1112, 2692976.5587126007, 86.30739089488002, 133.71639473136227, 96.0049942811635, 50.08013363359899, -0.924771476965, 0.322346258578, -0.202214255116, 0.333969078234, 0.432847103343, -0.837321945199, 0.182379741679, 0.841864760344, 0.507938337908,  
1159, 1505946.5087108803, 71.1061195843371, 110.14421438408316, 88.55622448655461, 36.858711956171064, -0.988331294715, 0.022989568185, 0.150574671317, 0.133873526495, -0.340439236597, 0.930687383115, 0.0726576272071, 0.939985428578, 0.333389056912,  
1174, 793576.558593968, 57.43369274375781, 101.6306411999687, 77.97908988603515, 23.905475891590935, -0.316187954352, -0.503340604763, 0.804160066852, 0.918341121048, 0.0503184298966, 0.392578197313, -0.238064619202, 0.862621754427, 0.446328293831,  
1178, 573846.4486999327, 51.550834065959855, 122.81575855314641, 87.41184195154867, 12.760941632669798, -0.946501294827, -0.18867395896, -0.261796554793, 0.212656930385, -0.974877928483, -0.0662574864931, -0.242718620733, -0.118385648485, 0.962846046563,  
1209, 530682.8290662583, 50.224483064083316, 114.86530791901232, 103.35296538424627, 10.671724460670209, 0.522848593735, 0.825395865549, 0.212957773194, -0.362553268077, -0.0107766958789, 0.931900740762, -0.771481999684, 0.564451528442, -0.293615388226,  
1225, 410779.470482371, 46.11476931706093, 102.81804976969636, 88.29306261768272, 10.802497587603227, -0.563063516262, -0.81363727486, -0.144754487366, 0.66004325973, -0.548159838181, 0.513676636698, -0.497295055213, 0.193688349579, 0.845684605097,  
1244, 2128232.4768381966, 79.79520944237542, 124.17028253871841, 72.82486636546692, 56.1866438157064, -0.221714347537, -0.784119426359, -0.579654615527, -0.931429065106, -0.00562820899247, 0.363879403016, 0.288587326076, -0.620584441047, 0.729103769541,  
1264, 480442.8034169774, 48.5867326137633, 130.57708100225193, 83.98160044732614, 10.45928460070383, -0.585538578967, 0.807588071207, 0.0703283711267, -0.0864972129972, -0.148503268949, 0.985121825591, 0.806016628045, 0.570743625769, 0.156808510481,  
1284, 1338403.3631703893, 68.36484025160726, 115.57990143079292, 65.5716384829454, 42.15994682001487, -0.211300535365, -0.464122388227, 0.8601991005, -0.973213609663, 0.181474087487, -0.141146822625, 0.0905944464125, 0.866981870812, 0.490035796613,  
1310, 2050140.2953009221, 78.8070354890741, 129.56312006321235, 103.26875652607318, 36.58007797478863, -0.51445753004, -0.171707968856, 0.840148691136, -0.798250809174, 0.453802236261, -0.396054511421, -0.313255639117, -0.874402598232, -0.370528002674,  
1324, 1142843.3284924508, 64.85836991589589, 88.34577945207043, 85.4426276739308, 36.14412248210702, -0.0807308105637, 0.512051748594, 0.855152350747, 0.0756559736904, -0.852329684466, 0.517503896239, 0.993860508256, 0.106475892763, 0.0300694926747,  
1335, 882711.3660193022, 59.50818481553358, 131.303440523749, 81.22244679991944, 19.759590277539353, 0.476636462078, 0.000275966638309, 0.879100453225, -0.225534182265, 0.966569012575, 0.121978180671, -0.84967759512, -0.256406450332, 0.460764274418,  
1353, 1097667.173161953, 63.99224635215298, 160.09223879935502, 85.1439173076706, 19.224637598168787, 0.414923212834, 0.693849242948, 0.588567715316, -0.619626312994, -0.258205052283, 0.741210754928, 0.666259678877, -0.67223759121, 0.322791978318,  
1370, 563399.7425084725, 51.236093748046464, 119.43996950834894, 72.63357082455295, 15.503899890933143, -0.629834424446, -0.309719795458, -0.712307690598, -0.773984343295, 0.327290083086, 0.542060363657, -0.0652444182806, -0.89272327729, 0.4458568336,  
1394, 2914894.2186192703, 88.61584774380825, 120.41180044653001, 90.2407673112506, 64.04162746250826, 0.23874646033, -0.950343511055, -0.199617981847, -0.849920341925, -0.303927506356, 0.430422447443, -0.469718575386, 0.0668975476119, -0.880277898201,  
1422, 1563847.7945602979, 72.00598973584184, 110.91235056922888, 68.94266226581976, 48.824512234364704, 0.356338111759, -0.639215020948, -0.681489036671, 0.488590784139, -0.494224409295, 0.719041917354, -0.796430910853, -0.589191301915, 0.136203575525,  
1438, 3061081.33445985, 90.07316430750986, 128.7951356763582, 77.24628849702036, 73.45293894843076, 0.204585018178, 0.35290927382, -0.91301698494, 0.834050784775, -0.551069243925, -0.0261146858455, 0.512351694399, 0.756159859324, 0.407084768069,  
1446, 578815.2137336773, 51.69919444285805, 91.00858249377168, 61.579251391673075, 24.65667855582392, 0.733074480771, -0.599789611008, 0.320708946194, -0.547449768642, -0.240524981018, 0.801527594235, 0.403609410763, 0.763151463363, 0.504677409352,  
1457, 914200.7495351147, 60.207554560906196, 136.28114572454118, 77.22359733043838, 20.73801379497441, -0.797437625262, 0.292130950008, -0.527970398662, 0.594693073324, 0.528618492341, -0.605724886475, -0.102143929612, 0.797008154038, 0.595268527676,  
1458, 800390.7813568902, 57.597613540771015, 122.42872166150354, 66.60306670760946, 23.433433530615346, 0.866938086047, -0.477497251349, -0.142880124284, -0.435689878707, -0.586804329772, -0.682521067919, -0.242059258351, -0.653954932327, 0.71676374206,  
1460, 411961.7291709891, 46.15896770091533, 121.37633538065329, 39.50998202450413, 20.508193664376762, 0.0413131092599, 0.42947562594, -0.902132980068, -0.931893945623, 0.342220780636, 0.120243966218, -0.360370505333, -0.835724610158, -0.414363940107,  
1461, 369278.51723366964, 44.50633282646905, 64.01563264311226, 44.65116662520114, 30.84228754254532, -0.355766491382, 0.377271675304, 0.855041687067, 0.184798047826, -0.868436836307, 0.460072975586, 0.916122199889, 0.321688582884, 0.239241657144,  
1462, 1437676.7847605755, 70.0149662077525, 118.5078556087522, 65.79247996841288, 44.01992051557576, 0.659513633751, 0.744574197391, 0.103203834599, 0.661349285956, -0.509495066139, -0.550483332668, 0.357293841063, -0.431305045367, 0.828442556234,  
1474, 307118.8926468175, 41.85422531892703, 94.52206180550196, 47.03412412570099, 16.491937362048844, -0.808158993618, 0.584049410918, -0.0759297480662, -0.0702970554762, 0.0323446624349, 0.997001578135, 0.584754106464, 0.811073429733, 0.0149173239978,  
1484, 3466690.59339131, 93.88772683315945, 123.21961098925235, 96.44855542741638, 69.63874118508467, 0.67232018736, 0.270728055035, 0.688978871871, 0.577181215386, 0.391062846233, -0.716890294886, 0.463516353836, -0.879645480017, -0.106660298205,  
1505, 1743321.327265261, 74.6614255652503, 113.08641907932127, 83.07236752207787, 44.301843022109125, -0.252636157237, -0.9212837456, 0.295653906027, 0.479420460565, 0.146225846777, 0.86531729656, -0.84043500287, 0.360352968389, 0.404740341608,  
1516, 1844564.606366883, 76.07963504222846, 127.91593815348155, 93.98110879421836, 36.630263004650004, 0.217734869803, -0.888667646365, -0.403560826613, 0.866816202989, 0.366108363306, -0.338517852635, 0.448576857079, -0.27610592283, 0.85002607176,  
1522, 3416663.450891448, 93.43391158992895, 133.50713645627636, 90.97350202470092, 67.15745015662455, 0.0574283923616, 0.277204725354, 0.9590930716, -0.723466123286, -0.650452534621, 0.231318543709, 0.687967112738, -0.707155598469, 0.163193784638,  
1532, 1027036.7415040068, 62.5891601046574, 147.43659127700826, 51.39990721805337, 32.35413211974367, -0.133111180069, 0.0367626208268, -0.990419064563, -0.0901178780927, 0.99472328948, 0.0490341250027, 0.986995532811, 0.0957814547638, -0.129095821522,  
1544, 930001.5822227059, 60.55244623195744, 121.58912589230256, 71.21213240322184, 25.641672627652188, 0.40461180189, 0.730669020995, 0.549920059217, 0.814897430348, -0.560972380118, 0.145781229098, -0.415007792438, -0.389143637366, 0.822396353174,  
1551, 1203949.6294700787, 65.99432168363502, 126.69244096106364, 70.34699931934927, 32.24953279014757, 0.378177498644, 0.0436706931878, -0.924702465702, -0.772140162986, 0.565901938245, -0.289058065092, -0.510667551566, -0.8233151686, -0.247731275639,  
1563, 1443375.3637525393, 70.10735132488493, 119.87246302209707, 65.28501338084651, 44.030919264778326, -0.616565400485, 0.669404045684, -0.414421682043, 0.769313204758, 0.624139448108, -0.136407999401, -0.167344853252, 0.402924525114, 0.899804160444,  
1581, 1530180.0597261095, 71.48550282237564, 136.54661237350723, 73.46277163230133, 36.41712772322925, 0.821967092124, -0.539296848637, 0.183109280256, -0.386399609646, -0.291859322286, 0.874936270628, 0.418408223068, 0.789922176575, 0.448282850245,  
1596, 2115446.5401740163, 79.63509120525306, 111.21542251335954, 79.65659036249977, 57.006806994310786, -0.0499719541962, -0.996131536218, 0.072282545236, -0.984977801951, 0.0371759447978, -0.168631784643, -0.16529226678, 0.0796235623442, 0.983025205609,  
1602, 2532990.309840311, 84.5632449232478, 108.62047434333313, 94.59336200643648, 58.85353624247164, 0.403445089685, 0.358599382739, 0.841806713153, -0.560399305867, 0.824105247213, -0.0824812675672, -0.723315061085, -0.438471235334, 0.533440060543,  
1608, 49276.81608740916, 22.74318810037002, 118.22645650292974, 53.71986339533256, 1.8522707007320018, 0.0500221955593, -0.0901858297591, 0.994667932559, 0.367098828125, -0.924540652237, -0.102288966908, 0.928835954483, 0.370258151123, -0.0131404408907,  
1624, 2390957.656452734, 82.95217134192957, 129.1378529880769, 80.69296202044244, 54.77647190702587, -0.281769805387, 0.737947017772, 0.61322098442, 0.945687535765, 0.321581159919, 0.0475462120774, 0.162113730048, -0.59331252856, 0.788479157609,  
1625, 448529.2576239595, 47.48619694348206, 81.05395612388565, 59.04983913903291, 22.372227772634588, -0.908910748828, 0.274255183964, -0.314110402142, -0.19791822242, 0.379290921788, 0.903862143185, 0.367028102329, 0.883698189835, -0.290461497247,  
1628, 752213.6911893866, 56.41798116599338, 109.03651075492265, 61.295257302116845, 26.869142510047105, -0.435744838144, -0.888417450705, 0.144363670339, -0.0364383006791, 0.177672310412, 0.983414866858, -0.899332355848, 0.42325758516, -0.10979221434,  
1639, 1141807.2395047676, 64.83876403213574, 99.00195429915935, 85.03212729579454, 32.380039269634366, -0.0169258068091, 0.999847180957, 0.00437399088428, 0.840813174213, 0.0118660712014, 0.5411953459, 0.541060738858, 0.0128378770301, -0.840885524777,  
1643, 2696052.800946773, 86.34024195553407, 118.89105935234535, 102.55914718512382, 52.785688001677975, 0.948217173769, 0.306123043833, 0.0846928178955, -0.258939172532, 0.590617716525, 0.764278233274, -0.183942100394, 0.746632034513, -0.639301109604,  
1672, 761663.019651822, 56.65324018382715, 108.8301758515758, 77.92041587731063, 21.442413568575464, 0.428401150515, -0.813499639772, 0.393307500982, -0.42323553363, 0.203917610728, 0.882773635259, -0.798338360165, -0.544642951048, -0.256943415101,  
1674, 2918702.0010548453, 88.65441781638694, 141.49957119908174, 91.90631467734451, 53.57974853049342, 0.0803119634337, -0.696920603861, 0.712637116942, -0.361450164992, -0.68664687347, -0.630769252088, 0.92892613633, -0.20692448639, -0.307048025846,  
1678, 1459195.430460909, 70.36255760553209, 112.34233514520292, 76.42149778213995, 40.5756849355833, 0.550271443452, -0.726920922518, 0.410837329032, 0.535673599163, 0.68476284402, 0.49411905712, -0.640511618693, -0.0518248960855, 0.766197785474,  
1693, 2010115.330554628, 78.2908104548091, 119.11191771018458, 73.33923479221966, 54.933943354260514, 0.856658694013, -0.161427756736, 0.489976490586, -0.235010813595, 0.723389383512, 0.649213152451, -0.459244814304, -0.67130386501, 0.581760536095,  
1695, 2806919.1533026835, 87.50786703301192, 117.67879414067556, 105.8436783932487, 53.79949023954107, 0.416480536608, 0.484116585649, 0.769529137932, 0.81632625306, 0.173456253861, -0.550930464362, -0.40019421684, 0.857638653219, -0.322955924721,  
1696, 1091719.3469872843, 63.876454027202215, 107.22264356687309, 60.61828325695602, 40.09888107609273, -0.376962281813, -0.697016056837, -0.609973814686, -0.923145356243, 0.229041819356, 0.308775802537, 0.0755121800562, -0.67949132555, 0.729787262951,  
1702, 1719201.4391347684, 74.31549682968694, 107.67677705064139, 91.98166114812216, 41.43953374791215, -0.411426870192, -0.89309663147, -0.18195146974, 0.845277925518, -0.448552328691, 0.290355018999, -0.340929844859, -0.0343397041757, 0.939461348647,  
1713, 1264101.3870606867, 67.07557940793704, 103.22191533193205, 75.97703533735289, 38.48035252745313, -0.420097667796, 0.402169713299, 0.81349706282, 0.891492482428, 0.35041753125, 0.28713882978, 0.169585091583, -0.845852868706, 0.505740863699,  
1715, 616765.3329746987, 52.805251477542996, 116.92688028851437, 72.04184561227807, 17.47962667653171, 0.267398587072, 0.883346583182, -0.384963387366, 0.313258596354, 0.298118503898, 0.901662026174, 0.911244779103, -0.36169624219, -0.196999444019,  
1725, 371845.0499370949, 44.60920309902499, 119.7545941659811, 55.458189583088696, 13.366432937940356, -0.643355355878, 0.0491347517357, 0.76398930767, -0.0338234788693, -0.998788123585, 0.035752712675, 0.764820147708, -0.00283907701768, 0.644237596933,  
1759, 1321354.7795522015, 68.07332179930592, 110.11334605200517, 81.10363832390681, 35.322426782719326, -0.945373289759, -0.252691408636, -0.205952409583, -0.325978474633, 0.738045720706, 0.59078468855, -0.00271607941152, -0.625648116876, 0.780100670915,  
1764, 3341421.8522407934, 92.74294866692327, 129.33138865982056, 105.97321562346093, 58.20263486094769, 0.275941529404, 0.784450852773, 0.555421580364, 0.403439021146, 0.429962974542, -0.807693504208, -0.872406572973, 0.446954919546, -0.197833443397,  
1765, 1537868.8359597009, 71.60503516061647, 128.9587792712872, 66.86336299116815, 42.57861761765403, 0.79908827141, 0.420086340345, -0.4300992922, 0.441831750019, 0.0748276126436, 0.893971774197, -0.407728634229, 0.904393882687, 0.125813615273,  
1773, 1667480.5334602175, 73.56265372749992, 104.41231909327485, 79.66863374099, 47.85563154348627, -0.913911483466, -0.212945454988, 0.345572038206, -0.174345446124, 0.974743250934, 0.139568120194, -0.366564408809, 0.0673039966019, -0.927955120809,  
1792, 3691619.568571127, 95.87589770846206, 121.22724706832133, 96.24775471016706, 75.5331297408243, 0.0545430277461, 0.528766260146, 0.847013164157, -0.975894103848, -0.151294854871, 0.157291337857, 0.211319086217, -0.835174298588, 0.507767796122,  
1804, 1970296.52809654, 77.77039908663359, 127.04526265842738, 81.49890972990545, 45.428950975797356, 0.276718723229, 0.356122845698, 0.89252633966, 0.808195049811, 0.416209013215, -0.416642315158, 0.51985335401, -0.836628099032, 0.172643894284,  
1806, 2376307.8452512254, 82.78240336755141, 114.80752524762681, 79.1760505009925, 62.40938496643432, -0.959244408906, 0.191928228841, 0.207397490235, 0.178991830632, -0.155240759218, 0.971525723408, 0.218659755211, 0.969053074734, 0.114560245284,  
1828, 2545570.0122639327, 84.70300388223929, 94.34388055620488, 85.8515144484106, 75.0299644246267, -0.700355528814, 0.373640988037, 0.608189563639, 0.690057600619, 0.572317984418, 0.443026672493, 0.182544901568, -0.729962010498, 0.658659868324,  
1830, 2845547.6370730298, 87.90746378006662, 135.4982678620028, 96.97475372385584, 51.69931899113663, -0.164704554194, -0.945006186153, -0.28255215087, -0.948845740691, 0.230038367969, -0.216273229123, 0.269377375073, 0.232477219089, -0.934553461501,  
1836, 847410.5905427925, 58.704098889845405, 106.93242211559249, 61.946494193719055, 30.54071083278062, -0.169516610589, 0.00850183238557, 0.985490658292, 0.766083174943, -0.627928868521, 0.137192948607, 0.619984425453, 0.778224296025, 0.0999312627361,  
1838, 1682756.240849819, 73.78660586288632, 120.62066011740859, 76.72738005553983, 43.407075898386964, 0.18720505308, -0.969096460363, 0.160643451824, -0.515872344269, 0.0421803924445, 0.855626401481, -0.83596052091, -0.243049099989, -0.492033680223,  
1840, 2434467.6697074403, 83.45233011891169, 133.22905499739196, 88.15470530145319, 49.484701710956855, 0.856976594983, 0.253175536399, 0.448880010047, 0.329961196095, 0.399523944509, -0.855281372903, 0.395874632582, -0.881069103722, -0.258844566768,  
1842, 526601.9688530054, 50.095412423884724, 137.94112148037556, 65.03760659268744, 14.013143390416152, 0.873644183511, -0.445788289881, 0.194983694758, -0.354144666093, -0.857388227323, -0.373452785672, -0.333657603082, -0.257212418545, 0.90692578288,  
1847, 533885.8095123341, 50.32532513967026, 105.00290312704263, 59.00702728281612, 20.5709678688117, 0.599203948354, 0.229313488876, -0.767052770086, 0.513808182205, 0.624607678834, 0.588104071947, 0.613967246827, -0.746512271407, 0.256444240455,  
1853, 1658597.5679331457, 73.43179396501425, 121.80738236724312, 78.02470610572094, 41.662628205573384, -0.768991538743, 0.283208653367, 0.573101101028, 0.635104196774, 0.236423131946, 0.735354854422, -0.0727645008411, -0.929460575462, 0.361674392346,  
1858, 721309.1028995956, 55.63451006943751, 142.09092874954328, 40.81854180722277, 29.68991571774537, -0.0158109272138, -0.376198288372, -0.926404265106, 0.11084799406, -0.921468343547, 0.372302046803, -0.993711596387, -0.0968036139118, 0.0562700945444,  
1859, 1248719.752924713, 66.8024090037509, 143.2407642190678, 74.09352553026577, 28.08856051642605, 0.921875334455, 0.356520618798, -0.151785757223, -0.212516546386, 0.79274525091, 0.571306996869, 0.324010162241, -0.494416843899, 0.806578823943,  
1863, 2242063.3241989845, 81.19321810532502, 148.30984027303896, 83.11043988730964, 43.4243890642283, 0.880472963391, -0.470409251319, -0.0590126851681, -0.316476151664, -0.675856593361, 0.66562805728, 0.353001708444, 0.567391400608, 0.743946767149,  
1879, 1283500.3576552575, 67.41695426311391, 123.91198751187436, 75.3008988192574, 32.83930078983944, 0.88656004321, -0.0789250938594, 0.455831239982, 0.320762658942, 0.814891393037, -0.482766334971, 0.333350575839, -0.574214983358, -0.747766371586,  
1885, 110474.06061638321, 29.76623476425374, 167.70079262934775, 35.5029892087492, 4.429673047861054, 0.214882833463, -0.616747394714, 0.757263506975, -0.813347611588, 0.316216014935, 0.488337070703, 0.540639464529, 0.720853718179, 0.433680627168,  
1895, 555760.110466409, 51.00345396715698, 100.72697924900237, 50.221526502339735, 26.227871298165354, -0.618541904468, -0.778427987568, -0.107031680302, 0.0220134390378, -0.153329571474, 0.987929881628, -0.785443391289, 0.608719895093, 0.1119766422,  
1900, 1690236.3227555216, 73.89577478752925, 140.72046036924436, 74.11185378422707, 38.69135125262104, 0.727154675654, 0.261167363828, -0.634852491328, 0.613238472792, -0.662762658172, 0.429749036556, 0.308520101715, 0.701809993519, 0.642088841076,  
1902, 2909921.1682788287, 88.56542373811077, 112.53624645446226, 87.34341503088937, 70.6756840516134, 0.113633031076, -0.957801339287, 0.264015394834, 0.609368716661, -0.14269355342, -0.77994122661, 0.784702046259, 0.24950980797, 0.567439471947,  
1919, 2377665.4389165454, 82.79816499981916, 125.95220299847135, 112.60244946784653, 40.022897788475, -0.930916090253, -0.0358959103369, 0.363464876609, 0.0797079782627, 0.951203528148, 0.298091405848, 0.356429335365, -0.306469136554, 0.882629479018,  
1922, 2751255.5757091665, 86.92554897504165, 107.50386622017906, 95.50470246062595, 63.97252419131795, 0.149981890125, 0.410551877349, 0.899417916566, 0.731111572271, -0.658454239704, 0.178644572004, 0.665568404843, 0.630781396539, -0.398915439979,  
1924, 686269.1790107473, 54.71864005577691, 117.66010375189225, 55.23382237892234, 25.209925336685995, 0.311511399687, 0.185053979197, 0.932049179308, -0.378607258135, -0.875466302587, 0.300358614196, 0.871560205581, -0.446445716541, -0.202654953627,  
1929, 1272642.2627981934, 67.22630539374529, 118.7915872952458, 70.41790278479516, 36.32026095421663, 0.230458590543, -0.592963736738, 0.771545750399, -0.682589005075, 0.466579817147, 0.562472687676, -0.693513581839, -0.656275308955, -0.29722320007,  
1938, 1785392.4745322575, 75.25725328383875, 139.66787730816282, 82.89524151098307, 36.81450425825842, 0.539338677587, 0.841746027549, -0.0240294811228, 0.677619042565, -0.450764234707, -0.581071456761, 0.49994622112, -0.297111477082, 0.813497723521,  
1940, 348125.63362975506, 43.639771160987856, 71.60096650945417, 63.25235086052243, 18.350666295064634, 0.219588663849, -0.090586364818, 0.9713778509, 0.619429207083, -0.756289464286, -0.210555701947, 0.753716310107, 0.647935457217, -0.109960752814,  
1949, 2664392.306001428, 86.00093782798331, 112.03865373300835, 103.76057889288064, 54.715364136429194, 0.279319335478, -0.946153027994, -0.163631159765, -0.523561928106, -0.292926971593, 0.800047934033, -0.804899755414, -0.13779781178, -0.577189870669,  
1961, 1324332.9800386666, 68.12442689188919, 156.49937156669586, 53.42324736800382, 37.81513923970983, 0.792468085128, 0.0268924418409, 0.609320220102, 0.412754504467, -0.759150034908, -0.503313961202, 0.449030124932, 0.650359916562, -0.612702150994,  
1962, 137990.73190466687, 32.05681982633663, 115.39321995192189, 52.4512431409647, 5.4428357776143885, -0.236055717366, 0.543310241935, 0.805662261315, 0.0827835742471, -0.814835122768, 0.57375134208, 0.968206888084, 0.202132886272, 0.147369325688,  
1965, 1527348.9458190969, 71.44138850524953, 104.47729623788467, 79.91430921690706, 43.67201047344981, 0.635243405259, -0.242240338745, -0.733338553711, -0.0413595838945, -0.958844403582, 0.280903532443, 0.771203735011, 0.148111539063, 0.619118543659,  
1980, 1264550.2873656533, 67.08351829766835, 126.99219326455359, 92.67626441181055, 25.650861246567842, 0.22138216243, 0.963141987813, -0.152798722078, -0.76287795724, 0.268648227875, 0.588086177373, 0.607459595789, -0.0136250126739, 0.794233717815,  
1982, 2771147.298137256, 87.13453820971206, 108.33262326914958, 97.30671153688185, 62.75797850256151, -0.476163457016, -0.345648557764, 0.808576178673, 0.12407386097, 0.883901470178, 0.450914479742, 0.870559612678, -0.315032165869, 0.377995628601,  
1992, 3006916.835250919, 89.53873116148732, 106.36316093105242, 83.10441745407795, 81.21148697664273, -0.251768989542, 0.914478137858, 0.316768229602, 0.958150363177, 0.281607574957, -0.0514301008243, 0.136236035793, -0.29056308972, 0.9471076145,  
1993, 1638053.9749646988, 73.12735514174564, 97.58496420613102, 83.47057886869952, 48.00906701063633, -0.151559348273, -0.13388797168, -0.979338437411, -0.0169074432182, -0.990287709092, 0.138001418777, 0.988303547659, -0.0374735141126, -0.147823656514,  
2007, 1506727.7455212858, 71.11841331777605, 129.34214139213384, 75.098920149868, 37.031596624874574, 0.305284959307, -0.0392151129691, -0.951453240331, -0.699258955695, 0.66900196256, -0.251939054082, -0.646403903532, -0.742225403099, -0.176814717974,  
2008, 835850.1328993109, 58.43592668269091, 140.548325880521, 46.76822593885049, 30.357306361955008, 0.78537027495, 0.382848437076, -0.486436640738, 0.354514358786, 0.366006501803, 0.860441055536, 0.507457486534, -0.848213602146, 0.151725358773,  
2013, 1900781.228850871, 76.84480420504454, 104.51921679559366, 74.56503263762134, 58.2253578190469, 0.319719144094, 0.37484924712, -0.870211302405, 0.848153551568, 0.296199959126, 0.439205119707, -0.422392260657, 0.878495091703, 0.223228922835,  
2016, 1599825.1343682578, 72.55399021282898, 151.61644279785057, 78.86245170540029, 31.942384179009796, 0.218051902471, 0.975738181953, 0.0197070572816, 0.892371010757, -0.20751577084, 0.400763251824, -0.395129531911, 0.0698011828755, 0.915969676289,  
2018, 1250158.0595656058, 66.82804739107875, 96.21206835453283, 66.36953306423756, 46.738847838691456, 0.602723213445, 0.0576281242758, 0.795866651687, 0.722674391179, 0.383467852671, -0.575060110165, 0.338328911429, -0.92175452549, -0.189478606789,  
2019, 2120609.1928913128, 79.69982053751598, 117.43065502761955, 92.64717920815497, 46.53271000330085, -0.0686591426362, -0.932824065903, 0.353730383491, -0.205265594897, -0.333772012409, -0.920033846814, 0.976295015702, -0.135777412719, -0.168560186614,  
2026, 837024.372665904, 58.463278348902534, 98.25396092559672, 54.19928098061868, 37.523721368053685, 0.644830513744, -0.760368629301, 0.0776733938959, -0.411066971211, -0.259330283994, 0.873940357795, -0.64437376865, -0.595472376671, -0.479786509708,  
2030, 320982.74922260945, 42.47476920497508, 92.29415296495415, 71.36351021348989, 11.63436516815963, -0.496450161322, -0.103778394224, 0.861839475898, 0.860791883211, -0.187107221768, 0.473316195962, -0.112136395168, -0.976842327326, -0.182221009831,  
2039, 582603.0557473801, 51.81172474440916, 120.29023491177048, 74.82535713638126, 15.452721499169947, -0.472838856807, -0.825765319316, -0.307465531251, 0.192143923599, -0.437166836543, 0.878615882881, -0.859944258727, 0.356366096088, 0.365375255651,  
2047, 2616967.680043683, 85.48762463687022, 124.42241847224746, 90.8800497600145, 55.251306863506386, 0.659826309207, 0.701400975929, 0.269566156342, 0.469843203127, -0.665075418071, 0.580449871007, 0.586409930129, -0.256342269716, -0.768382739657,  
2052, 969270.5678965905, 61.39299285823225, 116.2543337333058, 100.58446130364659, 19.788659254811297, -0.901385179741, 0.0626537645753, 0.428461507639, 0.369417969896, -0.404952917029, 0.836387170219, -0.22590954221, -0.912188380092, -0.341873131387,  
2053, 2510703.9900100976, 84.31450625905734, 117.08873772095853, 86.42212147231882, 59.233426514147936, 0.545167446306, -0.6343841181, 0.548041281466, 0.514345545454, 0.769339878696, 0.37889947337, -0.661997821266, 0.0753189335428, 0.745711702261,  
2056, 648400.6078545437, 53.69307392473324, 104.00849856349339, 44.953041379423816, 33.10753881574162, 0.0549994967691, -0.669970188981, -0.740347892029, 0.585072077609, -0.57921931754, 0.56762280274, -0.809114157185, -0.464375847848, 0.36012407942,  
2061, 2377431.3761733104, 82.79544796468488, 114.94249022362985, 81.43445844497504, 60.63600306857902, 0.222480729851, -0.424355772551, -0.877738288528, 0.297132777252, -0.827957683056, 0.475602972816, -0.928555026656, -0.366617311882, -0.058114620371,  
2070, 2367070.7438261956, 82.6750011214252, 106.25931550577236, 77.3881327358193, 68.71969868386209, -0.287608284217, -0.934138190107, -0.211346437474, -0.234398704168, -0.145305459136, 0.961219834913, -0.928621948014, 0.325994118549, -0.177169727486,  
2077, 1712677.6055572326, 74.221376294424, 162.56447691104313, 56.8984376013443, 44.20394376564961, -0.0313507492797, -0.581757267394, 0.81275802817, -0.997157651076, -0.0375330236756, -0.0653290979128, -0.0685109437969, 0.812496002432, 0.578927021836,  
2081, 1085582.5738249603, 63.75654161352193, 144.39988505215717, 53.279058748016794, 33.686110012812264, -0.567057736591, -0.791477300791, -0.228055268969, -0.768211611772, 0.40831226817, 0.493084182671, 0.297147173822, -0.454801906322, 0.839558683533,  
2083, 2754004.3676626435, 86.95448857633895, 128.67037155036422, 100.56490708504015, 50.81021161425355, -0.23505273426, 0.531762462892, 0.813620854684, -0.926645587885, -0.375265721986, -0.0224408635235, 0.293390808599, -0.759212961534, 0.580962574068,  
2084, 948954.1549986021, 60.96101753739511, 118.27038177196799, 62.113567912614535, 30.838564014277626, -0.866697519424, -0.0757537432375, -0.493048456249, -0.441270113569, -0.344506271633, 0.828610955562, 0.232628666968, -0.935722608037, -0.265154868169,  
2085, 1173151.1812832286, 65.42671634009848, 117.8357040178981, 91.92211275000236, 25.856424807833395, -0.014038005221, 0.951503563721, 0.307317267064, -0.359315261838, -0.291617931474, 0.886482670249, 0.933110645647, -0.0979793359294, 0.345983486183,  
2089, 2013728.0447949572, 78.33768555077474, 109.23786518554974, 78.30442015820819, 56.20212375940177, 0.545652693, -0.708373624444, -0.447738703726, 0.509019608601, -0.144265391341, 0.848579127083, -0.665704271191, -0.690937265642, 0.281857265766,  
2091, 2706712.2634138763, 86.45388096384569, 112.5127563124034, 93.92075366955926, 61.14911111074362, 0.325981067531, 0.522065549631, 0.788152209602, -0.862302916801, 0.505935231158, 0.0215225823322, -0.387517771578, -0.686641903587, 0.615103952962,  
2092, 326374.7316958635, 42.71128517842043, 114.01527172904672, 37.56939235712262, 18.18991715025213, -0.515939261866, -0.738906553294, 0.433386413682, -0.330529046508, 0.638463180549, 0.695064972861, -0.790289331498, 0.215364510963, -0.573638300619,  
2095, 848133.3917379567, 58.72078475422423, 123.12531964154257, 73.64120628570862, 22.330954565067895, -0.853296679025, 0.352365750377, -0.384347701341, 0.510412142559, 0.413757068706, -0.753846491551, 0.106603106394, 0.839430441465, 0.532909290264,  
