# Void_ID, Void_Volume, r = (a*b*c)**(1/3.0), a, b, c, vector_a, vector_b, vector_c 

0, 520463.69229543617, 49.90000736181898, 116.99357208273584, 47.96424631859668, 22.142273114655737, 0.690249440017, -0.627105917259, 0.360962434465, -0.496107592497, -0.047022874859, 0.866986796847, -0.526719059104, -0.77751335537, -0.343569519892,  
17, 180847.41586253617, 35.08121013611909, 135.26402185402003, 55.54738585250202, 5.746160821346067, 0.335314264659, -0.929859036013, -0.151415048993, 0.640263799876, 0.107020184367, 0.760663491109, -0.691105354114, -0.352006893801, 0.631240474171,  
43, 778076.8628278936, 57.05731059794919, 105.55497390493986, 69.69556644549425, 25.249340381599243, -0.215306954837, -0.684682472102, -0.696313742213, -0.947779063518, -0.0252837310956, 0.317923858334, 0.235282302681, -0.728402804318, 0.643483949068,  
57, 2449448.799058466, 83.62316204267523, 106.05826982187182, 80.62654340337974, 68.3844214860869, 0.758262257026, 0.533463124807, 0.3747738572, 0.528719913748, -0.166849636984, -0.832235814805, 0.381436236318, -0.829203408766, 0.408568359659,  
76, 835443.5665024001, 58.42645052728571, 83.60059610268664, 68.82229174093415, 34.664904278172095, 0.135514148345, 0.421767229214, 0.896520116874, 0.971300832272, -0.23507971267, -0.0362246037806, 0.195475340712, 0.875699681999, -0.441519487816,  
101, 1719541.6010730015, 74.32039787187863, 106.02672385767876, 90.98531473440697, 42.55371042787111, -0.81930778166, 0.0351715367562, 0.572274166736, 0.569935947782, -0.0588640532614, 0.819577963747, -0.0625121935074, -0.997646222985, -0.028182253761,  
111, 146960.97194810733, 32.736918868220265, 76.26298551405029, 58.78072733605156, 7.8264469859430426, -0.497617223835, -0.26243804071, 0.826742628229, -0.0806460264025, 0.963000490435, 0.257150294278, 0.863639575846, -0.0612889077227, 0.500370215762,  
147, 1057514.1599676658, 63.20224823449394, 127.25700144840042, 61.611522108312975, 32.1998581148123, 0.681138735211, 0.289732737807, -0.672387510323, 0.600811192298, 0.303650566315, 0.739474302993, -0.418420762637, 0.907662533225, -0.0327534910361,  
154, 808912.8254099063, 57.80131301735296, 96.85992346865228, 64.85619404776259, 30.740967443881885, 0.836288387063, 0.160058379896, -0.524407330888, 0.248882501856, 0.741410268368, 0.623192036397, 0.488548087638, -0.651684071452, 0.580197067454,  
165, 368741.76407768315, 44.484758777639165, 92.63013754671486, 41.21292593369959, 23.0593978412799, 0.4881076625, 0.864002683762, 0.123491992701, 0.675861393191, -0.284649584131, -0.679842622559, 0.552233906061, -0.4152998636, 0.72288570071,  
196, 1548394.7653083943, 71.76803052288021, 118.61993992198921, 89.59285681013596, 34.78259663625348, -0.422787241464, 0.763062502946, 0.488862521629, 0.878533121055, 0.212770066242, 0.427677979466, -0.222329718356, -0.610298710067, 0.760332151646,  
200, 1612978.0365388682, 72.75228108848246, 102.44612687011582, 74.09067292665532, 50.73185719668221, -0.137216344681, -0.544496929739, -0.827462850076, 0.972916985514, -0.230965454086, -0.00935405354358, 0.186022079472, 0.806336190756, -0.561442546861,  
201, 1476896.3555387962, 70.64592834767328, 118.47614061147873, 72.1046431728258, 41.273117990578655, 0.292977834762, 0.102997581841, -0.950555356869, 0.771020572846, 0.562469686193, 0.298588560334, -0.565412472967, 0.820377565667, -0.0853778962271,  
215, 571284.4281375654, 51.47400088691737, 116.19078948623627, 96.12260219377855, 12.211430866536219, -0.98876441859, -0.0598646339437, -0.136971347857, 0.144955628606, -0.607774899932, -0.780767274383, 0.0365074001615, 0.791849667939, -0.609623911209,  
232, 1508522.1264905455, 71.14663405472086, 97.73386497612364, 75.15917444533457, 49.027076908988974, 0.0766352705394, 0.993387332876, -0.0854905970946, -0.957863693131, 0.0971560415332, 0.270292154854, 0.27681073081, 0.061174426649, 0.958975238905,  
239, 2970337.4774793354, 89.17416714115032, 124.92594992300492, 92.53141095141353, 61.34445898147393, -0.896965884039, -0.308706267342, -0.31646902435, -0.0858970045574, -0.580499338728, 0.809717371893, -0.433674886842, 0.753472599528, 0.494171158893,  
244, 923201.3099712455, 60.40449635458301, 100.6962530902578, 60.54437688687506, 36.15103021601135, 0.563035946763, -0.407232618691, -0.719132892396, -0.440960318293, -0.883981711553, 0.155339406884, -0.698959598506, 0.229647399102, -0.677286905043,  
246, 2924532.8566191522, 88.7134151894937, 129.1689974851583, 105.92971172166432, 51.02603426418061, 0.959983199, 0.0153806724119, -0.279634927277, 0.242349545928, -0.546024420072, 0.801950142012, 0.140352966574, 0.837628060419, 0.527901768488,  
261, 788752.2413369308, 57.31707230834397, 109.45258367744844, 54.390365104400395, 31.630350558025174, -0.868002911175, 0.122156138266, -0.481299100431, 0.122468476432, 0.991991088742, 0.0309055356883, 0.481219719538, -0.0321178725891, -0.876011429028,  
270, 426206.8036201657, 46.684988513237634, 126.58539458701861, 75.10052712528234, 10.7029915820197, -0.182757767915, -0.97316361658, 0.139829087214, -0.215655369504, 0.178441084611, 0.960026843857, -0.959214449365, 0.145297469651, -0.242479453649,  
277, 1154637.1726203263, 65.08071395264002, 111.15046445412074, 70.11067286549485, 35.372154145538936, -0.433290424605, 0.651772629538, 0.622456301542, 0.900883037529, 0.333043009469, 0.2783740407, 0.025868139426, -0.681377129957, 0.731475253262,  
279, 1835299.574502197, 75.95204147682786, 142.24486855789965, 96.03718324652124, 32.07320296161694, 0.0942567469325, -0.189426094308, -0.977360435281, 0.146445499618, -0.968413303536, 0.201815235242, 0.98471791966, 0.162152484807, 0.0635388886558,  
282, 809693.5815645454, 57.819903491691605, 133.7058495105623, 53.89855271544243, 26.822828697101553, 0.193346951612, -0.295580754248, -0.93554741944, -0.861625951563, 0.404923325162, -0.306002974387, -0.469273561897, -0.865256677789, 0.176389358086,  
291, 1595436.482997477, 72.48758591964588, 132.73475410803488, 76.26467340745447, 37.6255489699953, -0.734338325693, 0.0688209458493, 0.675285791965, 0.125323977536, -0.963997167211, 0.234527956253, 0.66711402629, 0.256852368145, 0.699275151071,  
299, 2385231.712414832, 82.88589954766637, 109.92547578230736, 97.21526327020355, 53.285513440428055, 0.0785209242921, -0.290037104315, 0.953788730573, 0.987973220502, -0.105197253999, -0.113324548631, 0.133204279284, 0.951216072126, 0.278288706399,  
307, 461415.85407105036, 47.93668170176914, 78.75697995414713, 49.57499773317506, 28.21318691742905, 0.573370664114, 0.36960420257, 0.731189999231, -0.362336517926, -0.686045805911, 0.630914732725, 0.734818568975, -0.626684837565, -0.259437439578,  
345, 1385727.1542587783, 69.16128270413888, 106.43259387618703, 78.03364573787206, 39.832042245702795, -0.754868237668, 0.428847045155, -0.496250093826, -0.0482844891707, 0.71823218317, 0.694126169486, 0.654096745036, 0.54793498056, -0.521464001838,  
361, 2297734.333782163, 81.85974764331557, 138.34332800414248, 66.68784873060956, 59.4574497735975, 0.22768755664, -0.45831497092, -0.859130818899, -0.880764984294, -0.473172352493, 0.0189991388574, 0.415224540451, -0.75236647471, 0.511403234973,  
404, 2528964.7030619974, 84.51842321337783, 108.43190330290311, 90.5979337910414, 61.45805114095422, -0.259748298461, 0.0450261498024, -0.964626076405, 0.952830813536, -0.150437857021, -0.263594180422, 0.156984910815, 0.987593588987, 0.00382632556142,  
425, 1648582.9600044305, 73.28370184171277, 144.0803828699914, 93.71920499051606, 29.146656823001653, 0.553568852887, -0.119802821706, 0.824141255505, 0.782170483041, 0.414586183912, -0.465110343434, 0.285956046576, -0.902089563193, -0.323208229174,  
433, 2291373.353073086, 81.78413844967712, 117.95365382710392, 106.63629585822625, 43.49013938434088, 0.18633865974, 0.791486162486, 0.582088960968, 0.39687900601, -0.602614313975, 0.692346042945, 0.898757452528, 0.10200805452, -0.426414585044,  
455, 1622998.5034052732, 72.90262563883321, 99.9333618601396, 75.04076998169147, 51.668009489086536, 0.258928841148, -0.154674077183, 0.953431583843, 0.830836397571, 0.539089425483, -0.138179129404, -0.492612155445, 0.827924224298, 0.2680946533,  
460, 715917.9236260302, 55.49555623753062, 117.18233445240053, 79.30729412346022, 18.390746079092047, -0.979958560012, -0.128075497859, 0.152570926152, -0.187328264389, 0.332032485178, -0.924479610455, -0.0677446825932, 0.934532554615, 0.349370236777,  
480, 1314960.9556888905, 67.96334559342957, 120.24606511023715, 96.40842654887147, 27.079359005386966, 0.150378254253, -0.660318317888, 0.735775848822, -0.498025194495, -0.693505698593, -0.520596534436, 0.854024171962, -0.288148512195, -0.433143334964,  
490, 607647.0593209432, 52.54373374388759, 95.33752315384903, 79.90024667080264, 19.043676975763244, -0.53304153802, -0.00808776113716, -0.846050416267, 0.00182727654034, -0.999962984049, 0.00840782928153, 0.84608709942, -0.00293575417405, -0.533036585557,  
496, 924426.4093899673, 60.43120371264481, 108.55887652384025, 85.22854783270273, 23.85246711945102, -0.526737366307, -0.247421784649, -0.813222114442, -0.831644552395, -0.0478876806098, 0.553239648359, 0.175826862017, -0.967723736676, 0.180542748584,  
520, 2115985.56216162, 79.64185438251998, 140.50946694548873, 93.19535980639105, 38.57662374641232, 0.574812692411, 0.722581660854, 0.384013166493, 0.253960290326, -0.603649158428, 0.75571943502, 0.777878229275, -0.3368730279, -0.530492246403,  
523, 2993172.2579627605, 89.40209597633284, 114.88145343834869, 94.83885591446506, 65.5853551047366, -0.856768286072, -0.402309608351, 0.3226376962, -0.470320897349, 0.866190474829, -0.168855899609, 0.21153334843, 0.296413630497, 0.931339144543,  
542, 2262853.252244554, 81.44340587164423, 113.07906384735804, 81.92967137169828, 58.31017756864072, 0.877172748135, -0.454196518273, -0.155799527336, 0.173899111275, -0.00195030449376, 0.98476154241, -0.447579120411, -0.890899387754, 0.0772736169195,  
544, 1819982.5397740935, 75.74015753315602, 115.95015759400773, 102.93801488087487, 36.40252260278271, 0.347895201211, 0.788725663112, -0.506834053042, 0.312994950728, -0.607297171911, -0.730222093481, -0.88374379194, 0.095404262681, -0.45814292188,  
547, 217829.48870134598, 37.32581973101674, 69.1456046336621, 46.78515807932884, 16.075162912913374, -0.358998196363, 0.576372356279, -0.734108440168, -0.157363928839, 0.737901933252, 0.656305821095, 0.91997656976, 0.351134794375, -0.174205244672,  
558, 1064959.047571834, 63.3502159140509, 109.04091570546962, 69.10901457817108, 33.738060123423395, 0.23750114517, -0.578594112951, 0.780270503416, -0.791888439369, 0.349888619415, 0.500490413093, 0.562588575814, 0.736754237492, 0.37508304134,  
589, 1819959.599459344, 75.73983930476366, 146.39498121917256, 64.07834076547427, 46.31649557247913, -0.242569640395, 0.795164331602, -0.555764028438, -0.147124470093, 0.53609552311, 0.831237619698, 0.958913113821, 0.283399498674, -0.0130523673339,  
634, 2610439.2979912045, 85.41647860464704, 140.3664545023752, 71.34877132800705, 62.226469371438995, -0.809267009914, 0.5010331603, -0.306680092189, 0.587261844636, 0.702911689348, -0.401296253176, -0.0145062917449, 0.504857335549, 0.863080899014,  
650, 787573.9735292454, 57.28851728424656, 97.9307660243262, 45.42931935358612, 42.26173912817523, -0.205803379741, 0.931224784934, -0.300774614641, 0.972310944799, 0.229355312326, 0.0448058850041, -0.110708606308, 0.283225247167, 0.952642148898,  
690, 501839.1924546595, 49.29754840734398, 82.54986804899951, 52.97868856378484, 27.3941846893798, -0.481485819661, 0.40376598805, 0.777910298402, 0.849497366793, -0.00344318589345, 0.52758162239, -0.215698004807, -0.914855819987, 0.341340298467,  
709, 1875605.27250062, 76.50402391646719, 115.57687308155977, 85.93421222250655, 45.083310079564384, 0.78450194221, -0.469602293147, 0.405006652959, -0.254165937335, 0.352236791991, 0.90073798558, -0.565646867726, -0.809569594686, 0.156973540422,  
716, 2507065.5693985745, 84.27375806711788, 120.0555182079311, 84.02721702929465, 59.33008582759661, -0.59549544274, -0.715558120067, 0.365187286858, -0.160310764833, 0.551277187041, 0.818775867822, -0.787201140976, 0.42903384465, -0.44299472208,  
741, 1381362.3577071128, 69.08859104087621, 143.0420057057171, 68.65466054990752, 33.58036347670147, -0.715137014735, -0.413053157162, -0.563884863705, 0.21323225245, -0.897184398283, 0.386771459641, -0.665665874648, 0.156356147422, 0.729686027338,  
742, 960146.7458166273, 61.19975285718602, 113.99274973068178, 53.430346776834845, 37.63429478056797, 0.867656359544, 0.452187412693, -0.206637328536, 0.308048465853, -0.162740197762, 0.937348265437, 0.390228887229, -0.876950495658, -0.2804982063,  
748, 529640.3650069328, 50.19157480809861, 115.4227106675946, 70.31511928259816, 15.579462840285256, -0.11917882916, 0.630240948161, 0.767197988749, 0.665335817637, -0.522853951597, 0.532871462052, 0.736969915566, 0.573951298074, -0.35700875478,  
756, 970796.5352701981, 61.42519390597557, 100.02463241828002, 82.7816957816671, 27.989705286579472, 0.665847242437, 0.386186724654, -0.63836295588, 0.626285773016, 0.175693031703, 0.759538076155, -0.405479444925, 0.905533970822, 0.124878530704,  
762, 2969745.6884577274, 89.16824460444951, 112.93490295024684, 84.71171896537152, 74.1069558346307, -0.622188369297, 0.152271510839, -0.767916024119, 0.07720566884, 0.988054666459, 0.133368889879, 0.77905129344, 0.0236931018537, -0.62651234554,  
767, 1160294.252057514, 65.18682726624505, 144.4348424495511, 48.34277043673753, 39.67126271583399, 0.415529585382, -0.550914609513, -0.723759805942, -0.677556967262, 0.343388447669, -0.650385216716, -0.606837473948, -0.76064279858, 0.230587972757,  
838, 645777.3717731467, 53.62056731877403, 129.8208029299149, 74.35613991124198, 15.971035941766965, -0.748586915657, -0.661592571574, 0.0437367002057, -0.661742796139, 0.741379868285, -0.11159015485, -0.041401708472, 0.112477376125, 0.992791387148,  
852, 2030968.8669361214, 78.56061698835501, 126.4311394215352, 92.1453803287136, 41.61855888716219, 0.496394178397, -0.632028764528, 0.595090296058, -0.689403835212, -0.703607755849, -0.172216369443, -0.527555846948, 0.324770329184, 0.784989848109,  
896, 909848.1292035938, 60.11185069768869, 117.0420737522634, 49.079481843212946, 37.81275494093871, 0.914378066093, -0.119599080016, -0.386792983788, -0.297462343116, -0.846549107008, -0.44144168794, 0.274643235264, -0.51870094417, 0.809642157895,  
898, 1095492.9966511172, 63.94996808444277, 142.71746338878597, 63.19090150119753, 28.999421001727278, -0.671827010512, 0.669896848033, 0.316048542066, 0.739303387311, 0.580183112264, 0.341786567546, -0.0455957175367, -0.463277205612, 0.885039694761,  
906, 1990338.7198985144, 78.03320789311475, 114.32817599277448, 84.40954817032134, 49.237220917405566, 0.784787978529, -0.13508196179, 0.604864193316, 0.462407013175, 0.777445339643, -0.426331441526, 0.412659160716, -0.614273235186, -0.672592603001,  
909, 1512694.8041540575, 71.21217251838847, 134.63544561066695, 76.84793309239711, 34.90367069778273, -0.603534039982, -0.663059002332, 0.442831143901, 0.0172877818583, 0.544374943853, 0.838663849885, -0.797149794694, 0.513817749724, -0.317085989737,  
925, 104419.64441862925, 29.21221804000456, 169.26701373298798, 14.830977271239584, 9.930051457865396, 0.954016950664, 0.295009983475, -0.0531108980813, 0.243590037634, -0.866259657788, -0.43618585357, 0.17468700985, -0.403191412283, 0.898287890184,  
942, 1645407.6700409935, 73.23662169960681, 95.17487862123058, 90.11675185093056, 45.79911086659732, 0.644419293861, 0.757547347635, 0.104143121667, 0.644916505739, -0.611609205161, 0.458275987575, -0.410860650738, 0.228158270184, 0.882687560477,  
957, 198656.71763123863, 36.19691422984554, 50.95859523595963, 39.22102834865916, 23.72893366983794, 0.324371428052, -0.860200285635, 0.393495419614, 0.354352732544, 0.49619658055, 0.792605257609, -0.877050350665, -0.117662322109, 0.465766315177,  
960, 1452069.0173919294, 70.24782516235982, 110.99209062899583, 81.27284882592896, 38.42918151982772, 0.815366571911, -0.526168694056, 0.241503330837, 0.365446864526, 0.791300031261, 0.490196745945, -0.449027774885, -0.311433405276, 0.837486293297,  
963, 1528739.8779787289, 71.46306876707384, 123.64438025056529, 70.72556745061777, 41.73439888104048, 0.137745523192, 0.226853836901, 0.964138738732, -0.327663761512, 0.929046159466, -0.171783855393, -0.934699219125, -0.292250868715, 0.202303730818,  
979, 3133569.785940394, 90.77862227074066, 107.54751691103415, 89.13008363525321, 78.04158119144984, -0.138225520779, -0.317476406648, 0.938137749282, 0.552876498243, -0.810635446245, -0.192867184822, 0.821718493826, 0.492015146629, 0.287575750701,  
982, 1195495.3447457615, 65.83948523162888, 98.18799775962074, 79.36791054542574, 36.623169656762705, 0.488773004158, 0.862201656153, 0.13307612308, -0.281042106369, 0.0112061409075, 0.959630010397, -0.825903314471, 0.506441237, -0.247792228716,  
988, 2119919.178781899, 79.69117522831431, 118.9437157094429, 72.98842716248164, 58.29552101202293, -0.794363214677, 0.453016408251, 0.404676682085, 0.605412442509, 0.644863837825, 0.466504453484, 0.0496271863369, -0.615570275858, 0.78651788146,  
1001, 2454761.364857353, 83.68357464916399, 123.60866619671178, 73.28264491421926, 64.69498468610914, -0.286884245587, 0.954017169867, 0.0868830779437, 0.955268556623, 0.291698066423, -0.0487259968799, 0.0718290634834, -0.0690179516068, 0.995026184578,  
1023, 219081.56552514044, 37.39719900964835, 115.45129314372834, 72.63414494840421, 6.237026600465284, -0.389379502651, 0.919442936374, -0.0548478775028, 0.891761368616, 0.361413464492, -0.272290229586, 0.230532566808, 0.154935452481, 0.960650686361,  
1024, 952584.4970952288, 61.03865659925428, 113.66162459571046, 104.20925536473054, 19.199713497545726, -0.793653990466, -0.359553611764, 0.49074896198, 0.041818627984, 0.77251218045, 0.6336214433, 0.606930429103, -0.523398635194, 0.598071335967,  
1033, 1306260.0338280178, 67.81311227187345, 139.39538695226872, 62.90027210781993, 35.566416021231014, 0.375266497225, 0.915088636796, 0.147607055612, 0.598351118627, -0.360775196748, 0.715414003392, 0.707920189639, -0.180150060276, -0.682931153839,  
1037, 2866920.8776120287, 88.12700942454924, 116.6438366062316, 86.17280898819257, 68.09183720841202, -0.630897912431, 0.767486186873, 0.113722368293, 0.757016241234, 0.641034679325, -0.126494863178, 0.16998304209, -0.00628433467716, 0.985426949367,  
1045, 757949.3532839296, 56.56101475353257, 104.10379454277661, 55.47548427394114, 31.33169683531119, -0.189969334688, -0.977727922047, 0.0892175001202, -0.975428532794, 0.198285435224, 0.0960315759994, 0.111583284094, 0.0687822406402, 0.991371864682,  
1048, 2552790.4906200804, 84.78301462653593, 128.07575513373584, 80.95248413219278, 58.77998335581383, 0.765689910002, 0.054453756835, -0.640900733412, -0.559366757479, 0.548271580416, -0.621696955707, -0.317533923146, -0.834525651179, -0.450265638458,  
1075, 3104785.1439650715, 90.49980583988071, 137.78978865886864, 96.79815852588546, 55.57235648192376, -0.0972149694686, -0.950364575055, 0.295561202109, -0.994688446693, 0.102868530218, 0.00359993132734, 0.0338251936564, 0.293641345814, 0.955317023978,  
1090, 1420167.5059557597, 69.72957005919001, 134.12552825787577, 80.25590029462288, 31.496518110267417, -0.525083306855, 0.212378703744, 0.824125480165, 0.843957585903, 0.00517733500459, 0.536384925589, -0.109649961508, -0.977173721197, 0.181957150294,  
1096, 1412632.2812434805, 69.60602594426106, 109.40184398745558, 66.1121771878535, 46.62667167019486, 0.0913681648806, -0.619681167958, 0.779517227857, -0.64051318751, -0.635950293252, -0.430476574435, 0.762492436075, -0.459959209703, -0.455019571378,  
1102, 1633968.5589450835, 73.06650969349815, 97.49132668873925, 79.36358801742327, 50.41593336285649, 0.713185942705, -0.003274167037, -0.700967253842, -0.653704545735, 0.357892019254, -0.666771077237, -0.253053705791, -0.933757239535, -0.253103219262,  
1109, 3463744.9408178227, 93.86112711362426, 132.85453986654483, 111.81309408903726, 55.66577119126665, -0.645931140716, -0.669469184558, 0.366856882694, -0.729000498628, 0.398312674573, -0.556691374349, -0.226563974304, 0.627023144869, 0.745325929608,  
1119, 972583.8760976276, 61.46286759101094, 89.37163986216335, 71.40064188150734, 36.386192536784456, -0.332013106879, -0.624217068842, -0.707191874831, 0.912362306762, -0.402870501652, -0.0727349991345, 0.239504317415, 0.669364183285, -0.703270411772,  
1144, 1424557.284677173, 69.80134153140843, 94.07561870231486, 74.48300530959047, 48.5352234880064, -0.766974690252, 0.429121946626, 0.477078797932, -0.318224469974, -0.899985644444, 0.29792453156, -0.557210024338, -0.0766824277043, -0.826823314898,  
1146, 2329128.390782206, 82.23088038916454, 118.31359116919631, 89.4949905360978, 52.51355949241256, 0.287681263968, 0.17587920443, 0.94143825916, 0.95772620726, -0.0527813878587, -0.282797873088, 4.78470313744e-05, -0.982995742893, 0.183628339768,  
1160, 786528.0988542279, 57.263146904877146, 99.2465942838922, 77.75051116967711, 24.333622572892548, 0.160938629825, 0.98248611995, 0.0939136919551, -0.498994596294, -0.00109773779328, 0.866604401005, 0.851529888083, -0.186332549702, 0.490078596373,  
1171, 181534.8835577033, 35.12560613238178, 73.63121443777227, 61.08732015660909, 9.635149212282634, -0.994204854992, -0.0237595839582, 0.104843638244, 0.0933935705837, 0.292089649292, 0.951819981798, 0.0532385882958, -0.956095768711, 0.288177955038,  
1201, 1403256.047326848, 69.45168247922143, 123.84189781193355, 97.81872812914558, 27.654047391767588, 0.0906671713044, -0.616007858841, 0.782504812697, -0.869065398205, -0.432641167687, -0.239889461347, 0.486317589328, -0.658297757758, -0.574577466005,  
1215, 1023115.3300794854, 62.50939960626574, 89.5645259970363, 65.32167229212754, 41.74867113640991, -0.700283346617, -0.298404817157, -0.648504278743, -0.711237059676, 0.213772545455, 0.669658975713, 0.0611970537993, -0.930191305005, 0.361937918294,  
1217, 3192484.0484157996, 91.34400348107904, 128.08232609122246, 102.97847238333996, 57.783584019538836, 0.398854556308, 0.663344361776, -0.633158195566, 0.702004024349, -0.66510998827, -0.254595862694, -0.590004570076, -0.342932881484, -0.730952560764,  
1229, 2040708.4226855582, 78.68599650200584, 94.7634240331033, 86.51009991144001, 59.42713449709924, 0.0786385161568, 0.882698190897, 0.463314026945, 0.751198814273, -0.358002069437, 0.554558256375, 0.655374950095, 0.304431309273, -0.691234585884,  
1246, 1514468.9024970157, 71.24000100903905, 129.92804658633202, 81.31076388363753, 34.223214606069696, 0.885883181257, 0.191477335598, 0.422548718041, -0.177169175552, -0.702161886, 0.689622918038, 0.4287447637, -0.685787952505, -0.588109523642,  
1263, 1362137.0076228168, 68.76657500241802, 124.95343671040993, 74.5724976203229, 34.89838172012437, 0.464032041462, 0.76844205455, -0.440648469073, 0.834774472203, -0.212925653665, 0.50775412019, -0.296354256011, 0.60345627415, 0.740280136255,  
1324, 314447.0779810056, 42.184507651877965, 100.85750416878548, 77.25263126196843, 9.634683587963632, -0.954163133692, -0.296668920785, 0.039500199287, -0.298768236641, 0.95194443662, -0.0673745527804, 0.0176140590949, 0.0760877193, 0.996945537075,  
1327, 2516032.5716607175, 84.37411228546532, 134.83914066547285, 98.9787101057775, 45.00594487173642, -0.870656540053, 0.234587754395, -0.432349135248, -0.0133147405299, 0.867390797314, 0.497449416946, 0.491711202788, 0.438864204764, -0.752075995382,  
1332, 2497493.8771569147, 84.16637206897725, 126.1272534181025, 107.82911262421662, 43.84003105837132, 0.695871386383, -0.0863919667393, -0.712951219718, -0.0501230844006, -0.9961597425, 0.0717874907764, 0.716415165965, 0.0142195465721, 0.697529292913,  
1339, 3212072.600393362, 91.53044655046195, 125.0449150224403, 94.22833402694687, 65.08024736029047, -0.0344069951248, -0.389864055254, 0.920229415476, -0.93987456997, -0.300425717383, -0.162419768065, 0.339782211732, -0.870488602313, -0.356086565085,  
1344, 2102812.485571207, 79.47624000011685, 114.7498898154132, 84.26153423351975, 51.919475681747144, 0.539103624048, -0.549775656485, 0.638054864471, 0.366530697039, 0.835213485394, 0.409967903554, -0.758302400541, 0.0128515116744, 0.651776271416,  
1351, 2319570.2390828785, 82.1182412809377, 120.54352358060187, 101.95876180076178, 45.055777025216024, 0.845965581904, 0.526289138657, 0.0858019624852, 0.370350485219, -0.6956609184, 0.615545615458, -0.383644043786, 0.48895360633, 0.783416631508,  
1363, 1312173.5833877611, 67.91529013398812, 101.5502842657465, 78.20182429216204, 39.44615284364202, -0.808537013958, -0.588441031992, 0.00224698211083, 0.111361694862, -0.149262836461, 0.982506579402, 0.577811794599, -0.79464316364, -0.186214318736,  
1365, 734808.6129809916, 55.97943914333817, 98.53723158608429, 61.66227089691738, 28.871261308415733, 0.0318695744208, -0.796317620191, 0.604038556716, -0.765947211596, -0.40771359752, -0.497086000051, 0.64211307359, -0.44681972894, -0.622930919569,  
1366, 2045705.0418817382, 78.75016433513633, 109.72004367450035, 87.04356569363885, 51.1365896429857, -0.309140211106, 0.885320853877, -0.347331708266, -0.428882236616, 0.19619095195, 0.881798807829, -0.848818211982, -0.421563869494, -0.319047875631,  
1374, 3200109.3722139527, 91.41667142764257, 122.52676001684074, 94.88238526560083, 65.71426713557722, 0.381220724577, -0.689805814641, 0.615498738618, 0.209213116193, 0.712874694272, 0.669357559365, -0.900500211641, -0.126402564663, 0.416079031532,  
1375, 1858089.3558580577, 76.26512657557244, 118.20344795486518, 71.43244944036287, 52.53543090088656, -0.634575315577, -0.55323647857, 0.539669869123, -0.772834884425, 0.448488734826, -0.448981175719, -0.00635690777234, 0.701988072201, 0.712160330411,  
1379, 533084.9873061215, 50.30015008996714, 118.13340101361683, 94.27889227160853, 11.426695762433866, -0.696712357476, 0.665414471233, 0.267984089853, -0.512684478748, -0.723177091944, 0.462784527549, -0.501743476481, -0.185036415773, -0.844994087936,  
1384, 247435.38671257943, 38.945540322826844, 137.3980354841165, 58.75484715777626, 7.31726825040743, 0.623327956711, -0.510286248524, 0.592511774525, 0.402112710695, 0.859036863149, 0.316798099187, -0.67064716974, 0.0407874039166, 0.74065427927,  
1396, 594638.0398600771, 52.166058768721115, 107.53640389770935, 58.177596745529236, 22.690955945661774, 0.831131250697, 0.537764624496, 0.141527568885, 0.395730576874, -0.393192360959, -0.829937996365, 0.39066373602, -0.745794191399, 0.539604363803,  
1398, 1050313.8466900876, 63.05847939851566, 97.36337960416881, 58.32800211504894, 44.152748177438134, -0.731079024279, 0.198659880189, 0.652730964688, 0.62512658829, 0.578357103462, 0.524137204831, 0.273386555762, -0.791225197323, 0.547012320017,  
1412, 2113288.036153197, 79.60799666386531, 115.52752733117255, 92.00026280678462, 47.46741037217303, -0.83896960147, -0.0794151219493, 0.53835234393, -0.506527981971, -0.247619185409, -0.825902017493, -0.198895478304, 0.965597212829, -0.16751898784,  
1423, 3338180.5252451035, 92.71295071090071, 138.60761238824455, 114.27441482024439, 50.31356854998677, 0.00536301636834, 0.369221446047, 0.929325971785, 0.375391002983, -0.862114857805, 0.340352121825, 0.926851030606, 0.347035294646, -0.143225945048,  
1428, 1368931.4545604421, 68.88072312079099, 129.75191560480175, 63.39532918726999, 39.730319145215574, -0.313261760787, 0.427859161704, -0.84782286297, 0.929595202241, 0.320730342642, -0.181617199845, -0.194215934463, 0.84502578958, 0.498208375828,  
1429, 2894953.926266891, 88.41331659757562, 118.93011303782802, 78.60320780962438, 73.93004069356063, 0.00490004953872, 0.996024730145, 0.088942264726, -0.920424031232, -0.0302752426676, 0.389747369988, -0.390890767665, 0.0837743792665, -0.916616747137,  
1439, 984503.6674018244, 61.71294089912102, 106.18712553092107, 74.25510377655206, 29.807843330964584, 0.15515889508, -0.40992865298, -0.898823796271, -0.01384929849, -0.910655607664, 0.412934088157, 0.987792444904, 0.0516223178148, 0.146973542158,  
1441, 1674178.0954357542, 73.66101214863184, 128.1671251274017, 76.74524755555939, 40.63356358738398, -0.705541368487, 0.646951151873, 0.28925003793, 0.670829943024, 0.478117191935, 0.566913695653, -0.228470052513, -0.594018651109, 0.771325662246,  
1442, 459115.38078553043, 47.856883234497204, 104.48600657814958, 70.81241111708785, 14.813774178966499, 0.617791114141, 0.779038402527, 0.106926641567, 0.655322116709, -0.585228777854, 0.477556489771, -0.434611392672, 0.224958762797, 0.87207023364,  
1452, 1809969.7776748615, 75.60100543194524, 109.28441786276585, 84.41541935672745, 46.83846872856382, -0.816342295459, 0.0881577143472, -0.570800730594, 0.577529145024, 0.136116899337, -0.804942405619, -0.00673374292712, 0.986762589033, 0.162031631449,  
1454, 1329317.5794223018, 68.20979007354904, 97.890172319892, 72.82902166245873, 44.51399470354624, 0.444368563009, -0.154605363294, 0.882402267591, -0.491609159658, -0.865516801207, 0.0959223694912, 0.74890387524, -0.476421922742, -0.46061386994,  
1458, 626253.2760830204, 53.07464938007735, 123.89304940778673, 62.90247696116243, 19.184333327040836, -0.11180824122, 0.601328973171, 0.791139926448, -0.599361827508, -0.675828034591, 0.428977700338, 0.792631261635, -0.426215829933, 0.435976776209,  
1463, 436070.8869451669, 47.04240262590733, 112.35774427320662, 80.7068566290807, 11.480347647467658, -0.751783093159, 0.626569670506, 0.205505787858, 0.627804675367, 0.584774944967, 0.513711546809, -0.201701438834, -0.515217150084, 0.832987285516,  
1468, 543940.056186447, 50.639274791845004, 118.60786984614923, 56.88178682472338, 19.247560609590444, -0.485353066003, -0.456045779647, -0.745958878349, -0.259054026244, -0.739868912506, 0.620874386485, -0.835058927746, 0.494586937933, 0.240957149756,  
1471, 276235.310660008, 40.4014415396851, 92.33837309752795, 54.59000645245097, 13.082634834801457, 0.0493607904588, -0.756128226699, 0.652559282483, 0.948680179426, -0.168837805205, -0.267394301917, 0.312361056358, 0.632268851299, 0.70898989425,  
1473, 2352290.1789764874, 82.50256077051391, 121.45739235162499, 72.99617456882761, 63.34002525626684, -0.296221145036, 0.85715398531, -0.42135505064, 0.319081039289, 0.504618281301, 0.802214236063, 0.900244590986, 0.103186412103, -0.422980189557,  
1474, 1832707.7208263932, 75.91627087350537, 149.43382992542251, 62.65502299407352, 46.73043019044756, -0.345946627365, -0.383597730104, 0.856255635002, -0.87672250492, 0.457209789048, -0.149388279882, 0.334183453184, 0.802378956764, 0.494478947338,  
1481, 1611580.842441039, 72.73126852254873, 116.72864886282693, 97.90801373740393, 33.66416045214521, 0.632000417119, -0.16378218412, -0.757463443954, 0.137473817679, -0.938216941507, 0.3175687644, 0.762677141531, 0.304834982958, 0.570437736262,  
1488, 2818712.857316739, 87.63025505147918, 105.55299238656255, 87.8777527685571, 72.54587692666684, 0.147932743597, 0.957105171577, 0.249129672887, -0.957415441742, 0.0754408501651, 0.278683243201, 0.247934618975, -0.279746972579, 0.927507442583,  
1490, 710619.4905947536, 55.3583115148683, 116.30688207384031, 70.21661201155887, 20.773191348592164, 0.213928139829, 0.824986356203, 0.523098712548, -0.700253288935, -0.243849635124, 0.670956546124, 0.681087426345, -0.509838079717, 0.525533110417,  
1494, 70064.30646314053, 25.574240171755314, 111.33538161850805, 90.35115859199374, 1.6628048788913747, -0.56519183924, 0.522461356703, 0.638429569811, 0.793882090829, 0.134048695241, 0.593112277032, -0.224297594099, -0.84206002046, 0.490535942847,  
1495, 2293458.0301971184, 81.80893316413336, 97.19278084438665, 78.01889120858087, 72.20518842707685, -0.421300307465, 0.480114730751, 0.769412695661, 0.078148887385, -0.826004687553, 0.558219497636, 0.903547897087, 0.295306792093, 0.310475596809,  
1496, 1188836.2113484878, 65.71701145301925, 107.8251113442445, 74.38683844553286, 35.3848533056229, -0.990744324192, -0.0507642630874, 0.125891515499, -0.119367986859, 0.767398551793, -0.629960908643, 0.0646294653762, 0.639157611469, 0.766355387471,  
1510, 244943.99549654502, 38.81438680174873, 98.30123882411709, 46.916185098559524, 12.679335873849315, 0.137113984044, -0.162365213671, -0.977157762477, -0.75097228886, 0.626241661864, -0.20943257223, -0.645941465417, -0.762534535831, 0.036065286909,  
1511, 1048850.719975336, 63.029184846539685, 117.83080241585208, 83.85647467199556, 25.34134348191068, 0.760541151777, -0.565244706613, -0.319492688649, -0.215932903965, -0.684247951933, 0.696546998601, -0.612331721732, -0.460763672527, -0.642453656414,  
1515, 2708559.0952321803, 86.4735394353611, 106.93703455908297, 102.90904691189684, 58.7581364593817, -0.344204138574, 0.210209495553, 0.915060369029, 0.44713312595, 0.893697241871, -0.0371107471094, -0.825587959376, 0.396380130497, -0.401605918135,  
1526, 2292479.6493164757, 81.7972983780954, 117.36446928699269, 93.55205569679896, 49.8456088837584, 0.471307941611, 0.536154418083, -0.700290842539, 0.825446875353, 0.0115228097937, 0.5643621894, -0.310654599425, 0.844041269621, 0.437136197348,  
1530, 1393185.1154075835, 69.28513574606475, 89.33871745879387, 69.29924220826601, 53.72198082390827, 0.504962218704, -0.862999763354, -0.0156386102997, -0.817411575538, -0.483949610037, 0.312459743201, 0.277220983797, 0.144997184099, 0.949802265078,  
1531, 2353517.0831100014, 82.516902133143, 138.95352027257383, 77.8672952469959, 51.928299672416415, -0.285234097292, 0.918036756499, 0.275408829668, 0.925279231056, 0.188797502345, 0.328958732496, -0.249999708637, -0.348660317251, 0.903291829287,  
1537, 1461815.9070657245, 70.40465230329603, 110.27145311702624, 97.20746242132321, 32.55677442345157, -0.166268334068, -0.968488673924, 0.185430659728, -0.519762301792, -0.0737276548078, -0.851123600044, 0.837974934424, -0.237894769588, -0.491125328078,  
1538, 2138873.2510939077, 79.92797558372918, 121.47552960730968, 88.56708516873671, 47.46082540293103, 0.764528668207, -0.644571259742, 0.00487920124371, -0.413019157112, -0.48404420896, 0.771437865049, -0.494884927381, -0.591801567155, -0.636285952826,  
1541, 3386452.752704276, 93.15770992339276, 111.0893428769156, 101.39278385374476, 71.77562227421602, 0.151923219614, -0.88815993024, -0.433694908499, -0.104781532058, -0.45078801704, 0.886459809711, 0.982822550556, 0.0892306113916, 0.161547925116,  
1542, 2305947.6172438995, 81.95716792897898, 130.78679827020235, 84.22183899256241, 49.97723211645575, 0.62184084624, -0.754172475777, -0.211039898428, -0.603206972802, -0.633108163983, 0.485093187605, 0.4994550129, 0.174350020014, 0.848614612536,  
1548, 3163622.6518486855, 91.06790707488764, 130.50578493830943, 108.33817830409134, 53.41764965131048, -0.794811249915, -0.517855548581, 0.316386958981, -0.586120639158, 0.790191295591, -0.179053938032, 0.15728214572, 0.327755010909, 0.931578756446,  
1565, 2336530.5435646847, 82.31790033215606, 116.5249682308989, 79.20211696597133, 60.440363864215946, 0.0994952109896, 0.43833805736, 0.893286320538, -0.43034789554, -0.79048003989, 0.435823353366, 0.897162968359, -0.427786224656, 0.109988882168,  
1567, 1369776.8330645384, 68.89489921411267, 105.05071907689154, 86.69932096783648, 35.90430147349784, 0.8575274239, -0.309640809604, -0.41081539198, -0.124380660848, -0.89967187916, 0.41847336959, 0.499175488648, 0.307754900654, 0.810006637415,  
1574, 1073660.172820353, 63.522280032459626, 96.43971972089295, 73.49450066865451, 36.163249768302094, -0.921993671931, -0.383563482307, -0.0529785235757, -0.367902900862, 0.9104542762, -0.188998588586, -0.120727480125, 0.154764550173, 0.980547199044,  
1576, 1997965.9577811058, 78.13275865156163, 90.6282296772686, 87.81201964369471, 59.935207394417446, 0.600287005073, -0.627045988984, 0.496456281298, -0.143767700749, 0.526025541263, 0.838229072605, 0.78675686191, 0.574552397644, -0.225617336657,  
1579, 1788996.081853282, 75.30785193125193, 105.09212379409443, 92.68505621226942, 43.84710190049876, -0.729393880984, 0.606574905917, -0.316309104982, 0.673926305794, 0.716551668032, -0.179936214807, -0.117507024221, 0.344413400658, 0.931435187604,  
1588, 1774614.3991895078, 75.10550960785955, 115.82316678628358, 91.5527217697885, 39.95293573776956, -0.48741840252, -0.557474820327, -0.672045478808, -0.87313757266, 0.317663628189, 0.369757486111, -0.00735391697207, -0.767014761283, 0.64158730963,  
1590, 928811.8260771041, 60.5266135202058, 123.1547644943844, 58.81076669199704, 30.614774710610025, 0.245261883212, -0.359356511147, 0.900394084021, -0.46311603736, 0.772505008836, 0.43446466745, -0.851686646944, -0.523544562782, 0.0230422698162,  
1592, 751323.3631609824, 56.39571340646583, 134.27336502579243, 91.2692335830969, 14.636054164200846, -0.138941538572, 0.126011679357, -0.982250632743, 0.979855957515, -0.126183013278, -0.15479066407, 0.143448776161, 0.983970987289, 0.105941232727,  
1600, 1724907.0174482418, 74.39761726030379, 130.08780134021478, 67.78640048043886, 46.697962604882626, 0.63839217918, 0.466281489717, 0.612402643617, 0.43529484778, -0.874882621118, 0.212364768176, 0.634802190496, 0.131003708397, -0.761488153111,  
1603, 3578774.20700751, 94.88886016315013, 125.03899416904818, 85.20234793144395, 80.19525173515112, -0.687324528643, -0.720677644939, -0.0906020110704, 0.150559420381, -0.263384182342, 0.952869683339, -0.710575015927, 0.641289719688, 0.289535217484,  
1605, 1768073.209278859, 75.01311690627487, 128.9990439624611, 92.91190406212755, 35.21711555305981, 0.146875287566, 0.637599299223, 0.756237253468, 0.352067239668, -0.748159548117, 0.562410836768, 0.924378877223, 0.183642108982, -0.334363974066,  
1610, 2128182.88679191, 79.79458966690326, 142.7131548081309, 61.98632640567556, 57.43285844504755, -0.708904364637, 0.704740765284, -0.0281967293566, -0.143555617906, -0.105031714156, 0.984052906905, 0.690540647874, 0.701647199644, 0.175626936614,  
1613, 465930.9145881848, 48.092531620266634, 91.49283731637757, 72.45961969279757, 16.778370159857985, -0.862043108924, -0.245862109635, 0.44320819194, -0.117009977368, 0.947380509806, 0.297957773579, 0.493143329624, -0.204992664956, 0.845451159891,  
1617, 1752124.022327838, 74.78687932922995, 105.44887793840078, 69.1816134898131, 57.33813795626591, 0.351764887148, 0.624751655665, -0.697098868822, 0.33806021892, 0.609649638361, 0.71696764699, 0.872912797794, -0.487865439635, 0.00324965475278,  
1622, 705008.0512158312, 55.212213131767264, 125.44247877600546, 66.41036970323526, 20.20342232358167, 0.503213556059, 0.715935120922, 0.483955596752, -0.310559354239, -0.372791156304, 0.874402448119, 0.806429788942, -0.590308102953, 0.0347467853993,  
1625, 626465.0676494743, 53.080631781891114, 140.22206695540453, 50.61760103494753, 21.071251318762126, -0.701415690357, -0.712569734558, -0.0161369982816, -0.160715478279, 0.136061337377, 0.977577540409, -0.694396546912, 0.68828169078, -0.209956542583,  
1627, 604995.2523615935, 52.4671876527463, 114.98604377793278, 52.75268418350454, 23.810782224758075, -0.885431198702, -0.39192669703, -0.24981004087, -0.464766248227, 0.744358517357, 0.479502588258, 0.00198163399067, -0.540669826967, 0.841232554847,  
1630, 1807358.3893102368, 75.56462939023349, 112.87478123151489, 106.49758200943599, 35.893763837370386, 0.156234764378, -0.88264093748, 0.443323441614, -0.986497007054, -0.161768987083, 0.0255822182587, 0.0491360709935, -0.441334080151, -0.895996582708,  
1632, 1631410.4372297805, 73.02835909140556, 115.57723487982959, 94.67112697960599, 35.5946543592774, -0.198327529294, 0.133633419094, 0.970983161762, -0.543741145737, -0.839241232713, 0.00444069220994, 0.815482530504, -0.527082785354, 0.239106628573,  
1636, 4749385.2159894435, 104.27565557451281, 122.89028999224371, 105.40367403121091, 87.53373672062526, 0.435682210587, -0.702682636864, -0.562510553882, 0.240695840999, -0.511230607414, 0.825050773085, -0.867321464916, -0.494853895502, -0.0536012929223,  
