# Void_ID, Void_Volume, r = (a*b*c)**(1/3.0), a, b, c, vector_a, vector_b, vector_c 

0, 1846531.1209435351, 76.10666193962888, 127.94285101438038, 71.23607679112651, 48.36731784419271, -0.224217469597, 0.600964340039, 0.767182108973, 0.101263982513, -0.768596818351, 0.631668058925, 0.969263706208, 0.219318929465, 0.11147679133,  
3, 1542546.0416052556, 71.67755381134701, 125.24002329505949, 74.53190771177675, 39.45155711528835, -0.797907714043, 0.347108115387, -0.492807504105, 0.582960426758, 0.652285347145, -0.484438816296, -0.153298469346, 0.673824741407, 0.722813805322,  
11, 3783002.147435702, 96.66056429361447, 126.10146410344775, 103.57026803409087, 69.15008994701968, 0.659620041339, 0.53839988292, 0.52443013561, -0.603782620166, -0.0359518346508, 0.796337876263, -0.447602444866, 0.841922224233, -0.301361941348,  
40, 1363691.8873892874, 68.79273074073332, 142.86187040404658, 72.26134288066808, 31.535904205779456, -0.0208805017237, 0.96202515072, -0.272161007548, 0.0414795341408, 0.272819556157, 0.961170608178, 0.998921144483, 0.00878061273651, -0.0456009642962,  
43, 84150.93442693529, 27.184631136156455, 91.94355805240835, 16.95343867000126, 12.888169165057771, -0.178450059808, -0.286097828548, -0.941436991336, -0.979577523213, 0.141746600314, 0.142603566978, -0.0926469220762, -0.94765813129, 0.305549691589,  
51, 252639.7544385513, 39.216698297409536, 88.90545085704287, 62.942466457895435, 10.778068400229541, 0.380849557572, -0.584548655397, 0.716419209661, -0.166833234231, 0.71865238054, 0.675059573594, 0.909461536544, 0.376618673751, -0.176176298431,  
55, 858698.6642607917, 58.96360923245156, 124.32491066266833, 98.24929377019494, 16.782806406528696, -0.786016562198, -0.0416983335916, 0.616797546141, -0.589446133917, -0.250220828397, -0.768077334809, -0.18636313788, 0.967290435191, -0.172098793801,  
64, 2244923.4501823746, 81.22772860195367, 122.41504732704394, 108.45581555295543, 40.36688877100668, 0.770660480419, 0.43259912893, -0.46791069401, -0.377005968521, 0.901498062226, 0.212527041813, -0.513759597107, -0.012618932231, -0.857841383316,  
67, 2406372.58879732, 83.13005876694673, 109.50833205700816, 97.3053993934437, 53.91258536273255, -0.646687724877, 0.270707160314, 0.713100708069, 0.190080084584, -0.848211434887, 0.494375285761, -0.738691104548, -0.455252671691, -0.497071883112,  
68, 1931010.9120502572, 77.2500387986682, 123.88276960845673, 100.2917028035938, 37.10395524398969, -0.186253108665, -0.861389676449, 0.472564921275, 0.93106157773, -0.308336030702, -0.195072372839, 0.313742120199, 0.403654205327, 0.859435375427,  
86, 757849.4291464062, 56.55852907337513, 114.71530639126011, 43.31544437327726, 36.41079612462526, -0.844080428215, -0.312385429069, 0.435825164957, 0.0293198739499, 0.784674425783, 0.61921433326, -0.535414396236, 0.535445038475, -0.65316922392,  
89, 1354622.2754238916, 68.6398829933598, 144.85627174540377, 97.31224234193422, 22.941659002079525, -0.727910857455, -0.649402088957, -0.220051608622, 0.0150541409247, -0.335987278826, 0.941746208544, -0.685506496278, 0.68219460224, 0.254344978789,  
98, 1369035.428991098, 68.88246697549181, 109.36394119928403, 61.41168900185715, 48.663224588924784, 0.0628778524371, 0.0511219240384, 0.996711053694, -0.505905756899, -0.859235416346, 0.0759859489209, 0.860293985106, -0.509019693312, -0.0281640020429,  
101, 671996.195829409, 54.33663443361629, 146.19946183429738, 37.57422940696786, 29.204000597037055, 0.10821612316, -0.470134260361, -0.875935527264, 0.66865659469, -0.617599863715, 0.414087873183, -0.735654558245, -0.630511051111, 0.247524110665,  
105, 258075.3325326594, 39.495955852367516, 67.60813808013873, 49.1306711090695, 18.54838979884812, 0.255718792695, 0.959597002342, 0.117394600213, 0.459207238642, -0.013709184379, -0.888223378572, -0.850727107269, 0.281043860207, -0.444159585733,  
120, 1312807.7927154913, 67.92623014312841, 114.90101488400158, 87.42814598424279, 31.198765026965155, -0.82994609388, -0.228870695761, 0.508731447696, 0.0348248983296, 0.888924775668, 0.456727456652, 0.556755518795, -0.396775689559, 0.729789246609,  
134, 1805645.7114351173, 75.54075314989885, 113.25290304814779, 82.87813337758061, 45.925577600486285, -0.179658283528, -0.607733841976, 0.773551858944, -0.83834584858, -0.316826334466, -0.443618430588, 0.514683533182, -0.728203715388, -0.452570668036,  
155, 2352999.2369597885, 82.5108496036704, 98.93029373008767, 80.54342984244867, 70.49750693924905, 0.740853353683, -0.570936934737, -0.353789944585, 0.179084961036, -0.339758175047, 0.923305452827, -0.647352210985, -0.747392399641, -0.149464764713,  
175, 617641.0520388577, 52.830231641108924, 129.5832587308599, 53.48739692593744, 21.273903497856796, -0.934975035172, -0.121761742556, 0.333160264218, -0.354458390123, 0.356332975081, -0.864514927888, 0.0134511440421, 0.926391326017, 0.376321907154,  
176, 3233160.7526706248, 91.73031741852849, 110.45567007541669, 92.06757138828308, 75.90038644354146, -0.984333297101, -0.158403892705, 0.0774349210277, -0.0487528920015, 0.666576610564, 0.743840559374, -0.169443547355, 0.728411853984, -0.66385620072,  
178, 2460340.7803855827, 83.74692800890378, 123.91710191961596, 81.41184815174398, 58.222090372516504, 0.439243594664, 0.706338976317, 0.555112884991, 0.841523064664, -0.107189804924, -0.529480195436, 0.314490057371, -0.699711080559, 0.641482975268,  
181, 1644240.189998733, 73.21929620106559, 134.74531576153797, 82.50507684967253, 35.30874654871541, -0.939835395541, 0.33871638071, -0.0445044124328, -0.111809107499, -0.181874340285, 0.976944444596, 0.322812875777, 0.923142967142, 0.208803518763,  
182, 1286573.8041483616, 67.47072316999291, 124.75480028807546, 89.95534930427476, 27.369183136399222, 0.519474085749, -0.326846495647, 0.789504935082, -0.1174780027, 0.887860644414, 0.444862220224, 0.846372018156, 0.32384385803, -0.422823323031,  
191, 2465018.4706106903, 83.79996865360783, 118.11933612465239, 74.43191535114603, 66.93470849172266, -0.928248083191, -0.365961215655, 0.0665423525909, -0.362949246045, 0.852003719016, -0.377302938736, -0.0813839102508, 0.374382226367, 0.923696166352,  
202, 3289495.811801774, 92.26002674356688, 102.68909808390035, 95.0257997349114, 80.47757022432867, -0.387491735838, -0.286119981682, 0.876347825204, -0.672741076942, 0.737709282175, -0.0566079357355, -0.630293263531, -0.611490286984, -0.478340914905,  
203, 3696567.276861562, 95.91871127570933, 103.21958960602606, 95.35529113546895, 89.66089731399045, 0.312337857341, 0.370027230993, 0.874942804528, -0.236250284488, -0.861828502472, 0.448817819841, 0.920125462071, -0.346888282666, -0.181762629267,  
204, 2400011.995577402, 83.05675021797983, 118.67024158988976, 75.34945036098111, 64.07710585034322, 0.334418862169, -0.372596159275, -0.865642031511, -0.880117564581, -0.451911489708, -0.1454959724, 0.336982339508, -0.810523354113, 0.479056150464,  
205, 2214667.047161572, 80.86115581880937, 148.63471663095913, 61.56283882869553, 57.780452250449834, -0.968562897075, -0.0397769904791, 0.245568127896, -0.0435362106957, 0.999002832974, -0.00989636645519, -0.244929607782, -0.0202763591206, -0.969328817529,  
206, 3602306.9721789677, 95.09639124015285, 97.5621685640172, 94.66315058392453, 93.11715739874992, 0.883041307363, -0.379812928523, -0.275645041345, -0.342136755991, -0.923052797869, 0.175829384764, 0.32121720018, 0.060956309544, 0.945041712643,  
207, 3378013.612559793, 93.08026163296215, 99.91052475998917, 94.28034203775853, 85.61313424312608, 0.261741124461, -0.92280873907, 0.282693499858, -0.375770008824, 0.172354742397, 0.910544201696, -0.88898171198, -0.344554602159, -0.301651523942,  
208, 3285595.6356668384, 92.22354975952665, 105.0264791337731, 94.73606602670098, 78.83359840312151, 0.106269687767, 0.53422617908, 0.838635286073, -0.123027859784, 0.843994876782, -0.522050566213, 0.986696964209, 0.0476973537146, -0.155415775485,  
209, 3573119.8611852475, 94.83886005918414, 97.68084324297824, 94.02120168875994, 92.88033603411718, -0.818150513491, -0.193445773728, 0.541487275844, -0.574800742868, 0.250104657933, -0.779135268153, -0.0152919348866, 0.948697208127, 0.315816028758,  
210, 3142294.768983375, 90.86279761700254, 96.1558478559663, 92.28776873345718, 84.5353714820147, -0.674246527247, -0.320609078386, 0.665282976899, 0.566397379946, -0.802576641876, 0.187255819418, -0.473904661811, -0.503071120987, -0.722726655619,  
211, 3420168.889083347, 93.46585453254119, 105.18006563936943, 93.27825462190202, 83.2233309682155, -0.0611428354044, -0.488235741973, 0.870567294319, -0.476670858895, -0.752028324744, -0.455234325445, 0.876952932579, -0.44280837734, -0.18674660639,  
212, 3114640.083669502, 90.59545692003803, 100.88822623639925, 94.2981163455952, 78.1584170504122, -0.995704822888, -0.091799405569, -0.0120322406135, -0.0795891227252, 0.782288565182, 0.617810790072, 0.0473019790373, -0.616114818782, 0.786234731398,  
213, 3819594.9480542513, 96.97122910801443, 101.97745957724031, 98.96213692602213, 90.35567768805318, -0.492098086236, -0.158856349472, -0.855922971858, -0.206899117611, 0.976379281927, -0.0622595611512, -0.845595783253, -0.146451896728, 0.51334161461,  
214, 2799853.2338729813, 87.43437683839315, 95.2265808405115, 87.04020959953156, 80.6433458351846, 0.853657660604, -0.464623611418, 0.235358233774, -0.457359629866, -0.452524600273, 0.765534881711, 0.249180190747, 0.761148070917, 0.59880117458,  
215, 463066.18970243447, 47.99376504732386, 99.62460953721133, 44.11338459432331, 25.154602031051645, -0.553386499132, -0.824569957651, 0.117676537669, -0.832908501289, 0.548703462887, -0.072027344088, 0.00517793965517, 0.137872748414, 0.990436416024,  
216, 3012525.117968958, 89.59436363295583, 110.70465537187141, 91.42398412719024, 71.05850068958458, 0.493296606599, 0.467844289071, -0.733334970598, -0.407642228954, 0.869078341134, 0.280233206713, 0.768431045112, 0.160700212057, 0.61942648535,  
217, 3355654.9676086153, 92.87444471019596, 101.44272017740907, 93.12220710350647, 84.8036497184025, 0.755410526177, 0.571511940627, -0.320513710568, 0.373872140693, 0.0257709572267, 0.927122149545, -0.53812132401, 0.82018897791, 0.194204740315,  
218, 3123171.04035706, 90.67809475801438, 100.80247079061236, 89.7624106850551, 82.40270622064337, -0.888986467813, 0.377663194125, 0.258985659542, 0.407576810183, 0.394704828361, 0.823461743051, -0.208768301823, -0.837602895334, 0.504814011179,  
219, 3460384.2122876155, 93.83076076658053, 100.2745708976057, 94.77917864607582, 86.92245015284551, -0.357300160824, 0.187636364795, 0.914947643137, 0.717073917611, 0.682791747062, 0.140001524366, -0.59844932263, 0.706107658045, -0.378510744224,  
220, 3383942.989144065, 93.13469059457613, 98.88420008614682, 91.54803095619658, 89.23978511719042, 0.39675151103, 0.913857775542, -0.0863261523396, 0.835991792398, -0.320897261071, 0.445132194838, -0.379085691552, 0.248774825735, 0.891294072987,  
221, 3310517.6987994965, 92.45614220587817, 104.13668197997531, 88.5322569230001, 85.72392212247159, 0.352456374316, -0.566240484171, 0.745081350116, -0.666754407614, 0.406729856358, 0.624507312907, -0.656668153736, -0.716897857462, -0.234188808092,  
222, 3401589.958222054, 93.29630642530448, 99.94718966846305, 91.40801592657236, 88.887047754392, 0.208469457236, -0.18995168142, -0.959405463881, 0.319959863382, 0.94022504047, -0.116630009424, 0.924211107499, -0.282657446389, 0.256785117903,  
223, 3416304.2237978494, 93.43063693622481, 113.32998631953383, 99.04188225210842, 72.66147454531762, 0.105698324374, 0.485749611475, 0.86768380138, 0.423724089644, -0.811391253705, 0.402619087061, 0.899603112533, 0.325102365975, -0.291586507846,  
224, 3544201.54774606, 94.58231374745367, 106.16392717988847, 94.61115367844529, 84.23847342002354, 0.464523419734, -0.85915008517, 0.214660484651, -0.81056820246, -0.510128612593, -0.287659499711, -0.35664713889, 0.0403723886584, 0.933366427806,  
225, 3128988.7860692423, 90.7343639435874, 107.6004096308419, 86.94329022673432, 79.84824982463034, -0.170835419098, 0.265955539282, 0.948726994823, 0.22081929049, 0.948723358296, -0.226192021014, -0.960236481565, 0.170855613159, -0.220803666009,  
226, 3228703.1553871785, 91.68814146893743, 96.6119299359092, 90.25392341040337, 88.39804513492933, 0.819897857019, 0.429465579795, 0.378585287388, -0.30021663961, -0.240540567332, 0.923043988534, 0.487480741524, -0.870459390919, -0.0682859824879,  
227, 3910321.8398967963, 97.73301531720159, 105.86740659823579, 97.86348553093684, 90.10335042566774, 0.0160231475727, -0.915789127456, -0.401339672567, -0.0124568848799, -0.401542887856, 0.9157554997, 0.999794021167, 0.00967384341329, 0.0178418606839,  
228, 3433043.8548665917, 93.58298937491477, 100.1992273796219, 94.40753277438401, 86.64025487109504, 0.282321805979, 0.858601401198, 0.427899557992, 0.282297910706, -0.500651253717, 0.818325248152, -0.916843654872, 0.110235910724, 0.383726147803,  
229, 2687511.1823202996, 86.24896461053356, 91.76506088607394, 88.02322609124309, 79.43045164084188, -0.85804113071, 0.434084731052, -0.274473795249, -0.438399173971, -0.340672672883, 0.831714069986, -0.267528656918, -0.833973966151, -0.482613552969,  
230, 3403154.443128805, 93.31060741333819, 105.47064158292308, 98.59440316528068, 78.12844837122775, -0.190161845865, 0.506799130867, 0.840828825225, -0.763217343327, -0.615027796327, 0.198091132032, 0.617525513013, -0.604065766864, 0.503752707269,  
231, 3928183.007879524, 97.88159428070384, 102.07601026257036, 100.52730848956496, 91.38930225095793, -0.488552284106, 0.242407846667, -0.838185600908, -0.265615101375, 0.873721508468, 0.407503795764, -0.831122905241, -0.421721663558, 0.362471453868,  
232, 3668602.786001717, 95.6762241070709, 104.57626679853273, 93.37949415142893, 89.6865733140634, -0.608829081671, -0.563887441572, 0.55799471552, -0.782111224728, 0.308932700674, -0.541167828505, -0.132774927849, 0.765892642406, 0.629109909986,  
233, 3482308.4283450395, 94.02850725887136, 101.39118778434829, 92.67182533664007, 88.47706275748332, 0.651103626785, -0.240379394641, -0.719917921585, -0.349551802117, -0.936911204817, -0.00330634616769, -0.673704389791, 0.253801380848, -0.69405133402,  
234, 4002715.561152631, 98.49678160432406, 105.65066249486603, 101.44243942827697, 89.16085229532698, -0.808228196591, 0.12338180347, 0.57579867385, 0.529903177892, -0.274100979842, 0.80254051294, -0.256845876539, -0.953753418564, -0.156155730869,  
235, 3474554.5614582864, 93.95866600731034, 99.43513204580843, 94.48097044902937, 88.29301075475539, 0.487796625948, 0.648798073386, -0.584050949562, 0.798504161885, -0.061251627725, 0.598865044524, -0.35276841577, 0.758491462095, 0.54794629916,  
236, 3652280.2309948034, 95.53411711886906, 106.52649920145062, 92.15795875974285, 88.81472623255102, -0.869545292363, 0.22363276668, -0.440317351686, -0.0568292305878, 0.84036176923, 0.539038528649, 0.490572546195, 0.4937413113, -0.718023742251,  
237, 3524697.1402929598, 94.4084930822649, 97.33175198926719, 94.6654419312484, 91.32447607558855, 0.643255475473, -0.719754785737, -0.261104273581, -0.0154958325459, -0.353190734437, 0.935422997516, 0.765494789301, 0.597669936935, 0.238345073447,  
238, 3339214.4335012417, 92.7225214725634, 110.09067958445289, 86.10647392938922, 84.09483868747661, 0.0961594297489, 0.00536911752296, 0.99535146388, -0.493828234834, 0.868494490388, 0.0430231873089, -0.86422626583, -0.495669741605, 0.0861653567647,  
239, 2975554.325934224, 89.22634258522557, 120.97922366126029, 79.58005958533481, 73.78434413635097, -0.575866093187, 0.116203512066, 0.809243465529, 0.80602276336, 0.246291608509, 0.538207904553, 0.13676822607, -0.962204337634, 0.235493662284,  
240, 952258.4187872704, 61.031691109266205, 92.73088336974503, 76.29113434105402, 32.134218495975745, 0.387111589852, 0.792840333931, 0.470689729964, 0.84594672713, -0.102337984702, -0.523355588243, -0.366767980963, 0.60077545038, -0.710316905586,  
241, 3376016.392198523, 93.06191372551098, 105.46234766628342, 93.73705466421976, 81.52807709107256, 0.392017356949, -0.808138676682, -0.439584202516, 0.295168121962, -0.342077511285, 0.89210916151, -0.871319787235, -0.479473519106, 0.104436453636,  
242, 3760148.386252586, 96.46552335460048, 105.487333386484, 99.11654601176744, 85.85585174993447, -0.329436260073, -0.319979947311, -0.888304330659, -0.192706294607, -0.898232174569, 0.39502309374, 0.924302999329, -0.301316766689, -0.234248098272,  
243, 3528270.6070604594, 94.44038723299167, 101.94195218776979, 95.8931734218048, 86.16534678975948, -0.906129737786, 0.283718266933, -0.313740088782, 0.277863921635, 0.958470055937, 0.0642401192787, -0.318936575754, 0.0289671690059, 0.947333290751,  
244, 3585883.259331077, 94.95164923178119, 98.29219661751667, 95.59124274800047, 91.11091097318038, -0.134118309976, -0.0448790311413, -0.989948560024, 0.989352101549, 0.0509143605462, -0.136345689518, 0.0565216603531, -0.997694141736, 0.0375726157851,  
245, 3641047.490405132, 95.43607681690067, 102.98265389130952, 95.93900344524148, 87.9788846061159, 0.472901417429, -0.790129084737, 0.389949072119, 0.516671804389, 0.607157650817, 0.603663675902, -0.713732790295, -0.0839977172734, 0.695363133586,  
246, 3421897.397702745, 93.48159735420387, 99.37017233798707, 95.59238602060117, 86.00011446564463, 0.446823365132, -0.242536250851, 0.86111848627, 0.406404577803, 0.912527609688, 0.0461376277786, -0.796984441199, 0.329347124748, 0.506306499966,  
247, 3786959.418179526, 96.69425699833955, 101.05194357129608, 95.86496467628652, 93.3248830561971, 0.871728386294, 0.337973953892, 0.354772077564, -0.204241490515, -0.407510792219, 0.890067619778, 0.445393123073, -0.848356387797, -0.286210421201,  
248, 3660776.1697715013, 95.60813694717805, 102.08854768086424, 93.74371526922948, 91.31988991296386, -0.65299084803, -0.319272397347, 0.686780961211, -0.719029256532, 0.546187607503, -0.429739485806, 0.237907294215, 0.774431555208, 0.586221703502,  
249, 3335670.44023421, 92.68970693686111, 97.05204989922674, 94.62372550159759, 86.71411004549604, -0.436640780461, -0.868628215435, -0.234157750647, 0.849998882555, -0.483591217332, 0.208905323469, -0.294697690002, -0.10781724291, 0.949488659036,  
250, 2147692.5235089427, 80.03768131311995, 105.03065122928834, 90.29516436665877, 54.06334898424278, 0.171081272599, -0.0518463509194, 0.983891840632, -0.942678273741, -0.299009530017, 0.148158608174, 0.286511553664, -0.952840625108, -0.100029359499,  
251, 3424139.9986574743, 93.50201450043113, 101.36337188409007, 94.94721393458238, 84.93753027143605, -0.669575142148, -0.0985383204159, 0.736178869859, 0.232744244307, -0.969076959476, 0.081975382609, -0.705336264316, -0.226230073203, -0.671804069814,  
252, 3094547.014681435, 90.40022095390476, 107.57101554412829, 92.08536197979016, 74.58003925376964, -0.440013951922, 0.118420174732, 0.890148518131, 0.89789918743, 0.0721894037404, 0.434241567795, 0.0128363284299, -0.990335979455, 0.138093723494,  
253, 3880014.2492785617, 97.47986156273868, 109.75918442600867, 97.86138982368853, 86.23676582547802, 0.297834170635, -0.805893033402, 0.511694465005, 0.21886684843, 0.579388584743, 0.78511538676, 0.929188952506, 0.121841235154, -0.348944987005,  
254, 2506517.5674057277, 84.26761734849998, 125.20338826539863, 79.69596814966125, 59.96940096947875, 0.46880705496, -0.875731101153, -0.115390570212, -0.692748142733, -0.283472999856, -0.663131260832, -0.548014558165, -0.390817216645, 0.73955523608,  
255, 3662918.4629081558, 95.626783331193, 103.07879605318203, 96.09733017587574, 88.27911741009994, -0.0119481229818, 0.860857470974, 0.508705864941, -0.998406285852, -0.0383326443248, 0.0414185556175, -0.055155514027, 0.507400259211, -0.859943513392,  
256, 2063776.0404780135, 78.9813681112859, 109.93556434737307, 74.16046374062522, 60.43149103931002, 0.818243519247, -0.20519667237, 0.537002671184, -0.44835433191, 0.356860591195, 0.819529689218, 0.359799855847, 0.911342330906, -0.199998049069,  
257, 2843276.708154137, 87.88407229777323, 98.94439341475685, 87.73609155200496, 78.19176996725318, 0.520235232198, 0.609865854246, -0.597845250048, 0.756421104457, -0.654023727941, -0.008948520744, 0.396462376416, 0.447567428568, 0.801561589007,  
258, 2761787.819342093, 87.03632933931029, 106.32983803646682, 89.51400845976876, 69.27165167278109, 0.557041176501, 0.830399647691, -0.011897596256, 0.707165516892, -0.466765279109, 0.531081072848, -0.435456150951, 0.304247595443, 0.847237476311,  
259, 2826287.1374095846, 87.70867647978008, 102.44141084251815, 87.0071573084513, 75.70022006894393, 0.122321261702, -0.953180941748, -0.276556687179, 0.848646944929, 0.244934395296, -0.468834197626, 0.514622066956, -0.177350597092, 0.838874778446,  
260, 3781800.27309326, 96.65032673159764, 101.71594368885219, 99.16882127580931, 89.5046906023628, 0.446921280745, -0.0620145177135, 0.892421183304, 0.77195153861, 0.530847880705, -0.349701800951, -0.452053305324, 0.8451950823, 0.285119417091,  
261, 3386458.91762523, 93.15776645349582, 104.10222087714067, 94.90955205030266, 81.82523923929682, -0.767367384338, -0.194231808249, 0.611082074781, 0.529714427692, -0.729049487065, 0.433462190399, -0.361316928125, -0.656323738771, -0.662336189088,  
262, 3534738.146657107, 94.49805704557428, 98.11715708532557, 93.6054262429735, 91.880353219682, 0.476940518088, -0.307070504277, 0.823550513089, -0.454514077956, 0.715813362755, 0.530120913228, -0.752292958326, -0.62715144511, 0.201832528968,  
263, 1627343.1246529156, 72.96761894025782, 98.4669615139692, 76.2528543647513, 51.74207989084415, -0.505857123761, -0.792594200274, -0.340445302557, -0.0536264016281, -0.365007252697, 0.929458936439, -0.860948766994, 0.488430280768, 0.142137544089,  
264, 3478260.959028342, 93.99206351770518, 105.93113232048567, 95.4998049499634, 82.08191000339923, -0.37338329324, -0.709650143124, -0.597479364241, 0.646224342113, -0.661054346681, 0.381315158883, -0.66556668786, -0.243728999297, 0.705419845845,  
265, 3622701.1839876533, 95.27551418108082, 99.5871517900938, 93.42852262854284, 92.95250766155431, 0.535293171511, 0.190407108827, 0.822925484744, 0.586261595302, -0.785125493176, -0.199688011258, 0.608077760165, 0.58934123636, -0.531900690654,  
266, 3659689.5171652054, 95.5986760106801, 108.48025824669499, 95.97339246389495, 83.91779729804108, -0.129893391288, -0.915317643448, 0.381210333664, -0.779284715231, -0.143473631143, -0.610025122248, 0.613060388141, -0.376309618212, -0.694656772611,  
267, 3741403.7865596986, 96.30496048468487, 99.53000414002247, 95.35726716474804, 94.11051582985473, -0.393077241533, -0.833595354735, 0.388083839851, -0.919468456658, 0.352551250037, -0.174026932707, -0.00824859984421, 0.425236875942, 0.905044507159,  
268, 3504409.432193507, 94.22701001465114, 103.46850280138457, 93.66327737127332, 86.32741098117762, -0.0515847191679, -0.782615811792, 0.6203640124, -0.82840035152, -0.313402410175, -0.46425401118, 0.55775610651, -0.537858178732, -0.632152438279,  
269, 3761843.7699223068, 96.4800193693269, 103.70630859538798, 95.79434502144082, 90.39972257600886, 0.504686635023, -0.863297608973, 0.00293917870778, -0.635196002248, -0.373639046893, -0.675958505653, -0.584651553626, -0.339280269068, 0.736933823259,  
270, 2753772.500881891, 86.95204819976973, 99.1572598696979, 92.7571464642229, 71.47720352562442, -0.382318760656, -0.335382055324, 0.861017562084, 0.737532182445, 0.450594265303, 0.503002075477, -0.556667445706, 0.827335291791, 0.0750844181466,  
271, 3654768.0928962464, 95.55580418639717, 106.64495637153213, 92.66960274611944, 88.28635629728906, 0.183861508215, -0.70647277845, -0.683440677094, 0.333128623216, -0.609361459631, 0.719516457011, -0.92478119909, -0.359965032781, 0.123308187009,  
272, 3411541.4733580505, 93.38719879106577, 104.09181691656102, 100.86752473405578, 77.57005391653377, 0.679041275826, -0.683414791724, -0.268043220727, -0.260874868892, -0.565946261931, 0.782080003188, 0.686183101297, 0.461138863098, 0.56258661594,  
273, 3229932.8211716013, 91.69977993540145, 100.21613982852962, 89.51129627450993, 85.9586059138962, -0.309193859371, 0.899054967919, -0.30999890643, 0.235162522931, 0.388129679778, 0.891097042687, 0.921464999409, 0.202621608761, -0.331431348136,  
274, 3492574.508842198, 94.12081740322374, 106.9467940757052, 91.70032510029942, 85.01947618761638, -0.136774749956, 0.662483912735, -0.736483355644, 0.964591092668, -0.0801849293297, -0.251265598626, 0.225514282739, 0.744772074178, 0.628058807601,  
275, 3388811.9076080783, 93.17933751518224, 98.76707236885419, 95.0560309845734, 86.17216371122086, -0.3768454969, -0.893798506115, -0.243128982092, 0.181773598492, -0.328735936062, 0.926763747259, 0.908265286333, -0.305052314872, -0.286351627958,  
276, 3577008.353745703, 94.87325078030588, 97.72883868096054, 95.28735888460767, 91.70084074276943, 0.688724681749, 0.446098285966, 0.571537078419, -0.280415830996, -0.563055389754, 0.777390242925, -0.668599487344, 0.695675892444, 0.262697122551,  
277, 3990135.705691345, 98.39348709538497, 113.23142166025272, 94.36951024752408, 89.14569924549214, 0.691022275851, -0.430207774092, 0.580869594133, -0.541769843773, -0.840233438909, 0.0222082083322, -0.478511912763, 0.33004399593, 0.813693621761,  
278, 3512636.9918460553, 94.30069360675944, 98.99745301560401, 94.70569756993636, 89.44262419995107, -0.154893368265, 0.410305714588, 0.898697538132, 0.63770189559, -0.653256030786, 0.408157874606, 0.754549095042, 0.63632207161, -0.160467705016,  
279, 3269424.789964843, 92.07200076392202, 100.81556721901337, 95.44017847597155, 81.11924524809412, 0.181320746721, 0.951036242884, -0.250305516379, -0.82494544666, 0.285645252557, 0.487721026538, 0.535338955097, 0.118054455287, 0.836346428666,  
280, 2352814.8083516443, 82.50869380771042, 97.42947877892851, 83.0830625524395, 69.38989967401328, 0.429563880283, -0.692992467854, 0.578995951846, -0.844414587072, -0.0810022372061, 0.529530587131, 0.320060740947, 0.716379841331, 0.619968583913,  
281, 4092305.7818738674, 99.22622959410519, 109.75553287062581, 97.79881986782271, 91.016353344381, 0.205476222244, 0.978279854096, -0.0273504874284, 0.917570628483, -0.182855122578, 0.353027117786, -0.340358140548, 0.0976346824513, 0.93521324036,  
282, 3746233.7052628165, 96.34638389525708, 107.66334335666369, 94.1716224431716, 88.21010574165548, 0.276746292448, -0.960803557023, -0.0163711462214, -0.897367436517, -0.264493166099, 0.353235118535, 0.343719614651, 0.0830655758995, 0.935391328057,  
283, 4025026.805953163, 98.67945053129439, 111.65536537774305, 98.23669532317803, 87.60458290937576, -0.928536546891, -0.16084150568, -0.334589137806, 0.17931294811, -0.983478188966, -0.0248499188833, -0.325064220928, -0.0830702225758, 0.942036406087,  
284, 4061512.693299153, 98.97672249222816, 112.0601825325717, 94.84350426999711, 91.23054895696865, 0.300343550888, -0.274262613013, -0.913550091973, -0.779272189108, -0.62285248778, -0.0692071799017, 0.550026005498, -0.73269011019, 0.400794954692,  
285, 3362454.795703762, 92.93713531962501, 104.31916479267443, 97.06785596572058, 79.27354995498274, -0.244840474291, 0.936905528134, 0.249521889824, 0.676342034298, -0.0193566787968, 0.736333329157, 0.69470468171, 0.349046344112, -0.628929292426,  
286, 3039388.080143695, 89.85988301635422, 106.91372949794703, 85.97989088473744, 78.93455729741792, 0.814779817971, 0.133091706302, 0.564287556074, 0.449739987177, -0.759314296984, -0.470293251419, -0.365879477644, -0.636968128017, 0.678530626965,  
287, 3444188.5422390862, 93.68414611857891, 103.7390383938949, 93.1599515632521, 85.07987365219627, -0.993124535062, 0.0189979170647, 0.115510765756, 0.00177154690749, -0.984191276633, 0.177099950937, 0.117049218194, 0.176086939174, 0.977390848316,  
288, 2620393.9385271007, 85.5249165207668, 95.98185004216248, 90.8212366004611, 71.76314269331574, -0.582525291432, 0.535104254989, 0.611823276064, -0.489521503095, -0.831865328396, 0.261474230891, -0.648870543984, 0.147185297175, -0.746527632071,  
289, 3195535.341887072, 91.37309562452322, 104.6035643415536, 92.9044475814108, 78.50042847244798, 0.304157839104, -0.949533207932, -0.0766465651267, 0.180884859943, -0.021428194853, 0.983270817175, 0.935290690831, 0.312933730204, -0.165238627886,  
290, 3524526.313374305, 94.40696786635017, 106.40331490666094, 96.80228332713354, 81.69046879613032, -0.415334493626, -0.412305506397, 0.81086461743, -0.832542178838, 0.531486952385, -0.156189435945, -0.366566199833, -0.739949855625, -0.56400658888,  
291, 3474085.2068691514, 93.95443506526476, 116.49444322642476, 107.83939184440038, 66.01904178030846, -0.0300645207171, 0.93310954456, 0.358333228219, -0.936948512714, -0.151182855922, 0.315073370183, 0.348171809768, -0.326267255371, 0.878820840078,  
292, 3520124.2659856514, 94.3676474917689, 103.10115121839101, 97.06277051774164, 83.9756139467576, 0.325274240153, -0.812860348778, 0.48317152449, -0.882735783426, -0.0777955455681, 0.463384710311, -0.339078464891, -0.577239903744, -0.742845803766,  
293, 3534821.3175534406, 94.49879820622395, 112.25705084902428, 99.94668038017451, 75.2136826872793, -0.347787787895, 0.881904392896, -0.318258222803, -0.93757326414, -0.327076093779, 0.11822691423, 0.000170178690446, 0.339508277762, 0.940603051436,  
294, 4136040.9947057087, 99.57846066632847, 103.78149164604936, 99.24718149068336, 95.86457135520524, -0.96281354408, -0.265250450097, -0.0513057312486, 0.171219305921, -0.745980557528, 0.643581352332, -0.208983321381, 0.610864311048, 0.76365618237,  
295, 3413755.4379926785, 93.4073960389002, 98.79963297575074, 94.58808389497943, 87.20713852995017, -0.407399458167, 0.583621934651, -0.702432287754, -0.274457832004, 0.655357102045, 0.703690249507, -0.871033053297, -0.479471069193, 0.106812517385,  
296, 3317655.595662899, 92.52254356947347, 95.9522195015443, 92.69101823352142, 89.05329903395535, -0.92188911923, -0.364992884974, 0.130002483682, -0.383785267389, 0.90628700539, -0.177067027976, 0.0531913562542, 0.213129204427, 0.975575021124,  
297, 2746832.8048084253, 86.87894504335094, 101.03770896288651, 92.46956512737, 70.1877484514886, 0.74909910477, 0.25535890755, 0.611262921801, 0.279781896157, -0.958341229852, 0.0574819775907, -0.600476995243, -0.127960601358, 0.789337356701,  
298, 3485578.3464667364, 94.0579292489807, 110.29110782544734, 95.26779590961135, 79.19533915241654, 0.129425620679, -0.989433864767, -0.0653424514732, 0.321080125332, 0.104163861459, -0.941306242985, 0.938166595989, 0.100848982239, 0.331169021728,  
299, 3000812.277497139, 89.47809710820464, 126.92454565564151, 83.02869653842762, 67.97925194629464, -0.536211354246, 0.833359635914, -0.134123453606, 0.221851757474, 0.292454339196, 0.930189366307, 0.814407257632, 0.469022575912, -0.341699637111,  
300, 3208259.589690735, 91.49421399832453, 120.40371904640931, 83.33851976654782, 76.32999039152952, 0.753958215248, -0.627014986083, -0.195957181257, -0.555534565313, -0.767772565778, 0.319228184816, 0.350611403697, 0.131823724971, 0.927196931149,  
301, 2913108.8399865236, 88.59775158638277, 111.7316132666127, 83.94994347400893, 74.14325089781657, 0.264734304318, -0.822356384122, -0.503632530334, -0.896161671205, -0.0169415365771, -0.443404153568, -0.356103927498, -0.568720460184, 0.741449277421,  
302, 3245471.015741386, 91.84659106680961, 113.15918332329755, 83.56489918528291, 81.93612623721194, -0.886402497716, 0.165024914432, -0.432501317524, -0.218938491384, 0.673746655771, 0.705784231071, 0.407868298638, 0.72030009125, -0.561080412696,  
303, 1786426.1068299946, 75.27177358717418, 125.03250301743829, 89.58484348897849, 38.07491854652052, 0.422936705529, 0.280887829151, -0.861525722513, 0.483771732296, -0.87390786994, -0.0474335945079, -0.76621762845, -0.396720383005, -0.505493307138,  
304, 3650001.0651824605, 95.51424064098413, 106.03496104665687, 99.47572463500919, 82.61105896003099, -0.471142220484, 0.745923701078, -0.470768350941, -0.712041540891, -0.636635071349, -0.296129414234, -0.520597591354, 0.195687552234, 0.831074322656,  
305, 3103605.599414095, 90.48834373981133, 95.19828865907772, 92.11545000517654, 84.49213767851117, -0.546746360457, -0.230398519974, 0.804975117206, 0.0912911242477, 0.93926101814, 0.330839342335, 0.832306642987, -0.254372289759, 0.492504203273,  
306, 2747229.5298208036, 86.88312748348854, 110.63907701767309, 96.9182983746845, 61.16345532395863, 0.11685642355, 0.126947809758, 0.985001944096, -0.684961334002, -0.707866330049, 0.172491245302, 0.719147097052, -0.694844955642, 0.00423561343962,  
307, 3394540.1721018716, 93.23180973290495, 118.89765427525617, 86.59373812736794, 78.71048145161201, 0.468244218638, 0.692648366389, -0.548621538268, 0.669962565347, -0.683129932274, -0.290660724325, 0.576105470158, 0.231455689432, 0.783920117795,  
308, 3352738.210870192, 92.8475278896805, 99.34437690867655, 93.57723544164786, 86.09888631880308, 0.910840301164, 0.327710870933, -0.25094925951, 0.245925663677, 0.0574168940775, 0.967586620525, -0.331497381167, 0.943031752035, 0.028294892335,  
309, 3534057.568214018, 94.49199177134066, 102.62617948738935, 95.36339161902, 86.20752175499152, -0.447094877599, -0.879825851346, -0.161284350535, -0.135733642154, -0.111489055535, 0.984452420833, 0.884128129183, -0.462035346915, 0.0695757816265,  
310, 2494110.696783399, 84.12835012832548, 89.18433884623975, 86.06561019337329, 77.57269260701547, 0.667447166257, -0.599775585945, -0.441342867575, -0.167583772822, -0.698458804711, 0.695752094649, 0.725554931995, 0.390415861134, 0.56669700549,  
311, 3226954.0228429865, 91.67158129251658, 107.06804327157721, 89.28551306017951, 80.58668740952238, -0.255822113238, 0.568789034306, -0.781686689686, -0.0896481255446, 0.791151181516, 0.605014893677, 0.962558185236, 0.224852935135, -0.15140309639,  
312, 1373576.5591381725, 68.95854463242358, 93.68427484992219, 69.56923689056559, 50.31301258704682, 0.594838248163, 0.263520887601, -0.759423597421, -0.603955495906, 0.769967148797, -0.205884309113, -0.530476406155, -0.58112591714, -0.617160798286,  
313, 3671744.9400040368, 95.70353183694955, 100.35737575477737, 96.59591658543353, 90.42235868785801, -0.422701096152, 0.129998449215, 0.896896976533, -0.468845165576, 0.815564642237, -0.339173296487, -0.775569464347, -0.563874735677, -0.28379092381,  
314, 2514087.941273946, 84.35236922406267, 109.85957175427532, 90.06708192039306, 60.657968555599986, -0.452597544726, -0.548154683791, 0.703336267475, 0.586789850166, 0.410825501776, 0.697782257464, -0.671441087698, 0.72852511949, 0.135712991355,  
315, 3396900.640797239, 93.25341499375209, 102.97876728122985, 96.92604578367713, 81.24675988822632, -0.0270270595792, 0.870454142458, 0.491506992757, -0.806196291514, -0.309688275446, 0.504123706643, 0.591030521715, -0.382626133359, 0.710126865054,  
316, 1506096.04914638, 71.10847311816386, 116.02441558224939, 60.60849810107387, 51.130630514412594, 0.419636770353, 0.831712718549, 0.363536703472, 0.734938348862, -0.546376844693, 0.40166897684, -0.532701233658, -0.0986219924085, 0.8405373866,  
317, 3313002.8262463356, 92.47927130011279, 105.7039805771785, 92.97467196755238, 80.47800466125943, -0.919633111298, 0.114032064243, -0.375861183058, 0.373775991618, 0.548114168068, -0.748239511689, -0.120691543595, 0.828593716539, 0.546686385615,  
318, 3543892.187854571, 94.57956175707393, 104.53928388493439, 92.9235656828383, 87.0936526525673, -0.177408734689, 0.882752954936, -0.435055584274, 0.971009774362, 0.228973440642, 0.0686380475697, -0.160206613315, 0.41026623555, 0.897783635971,  
319, 3435936.820298737, 93.60926890538377, 104.02174109932946, 98.23067785218689, 80.27592167588647, 0.00595252310646, 0.579060598193, 0.815262774257, 0.805133312043, -0.486295430101, 0.339524821628, 0.593064007765, 0.654374188277, -0.469115662081,  
320, 3203181.558853751, 91.44591618334405, 112.98695267032979, 83.16852047428206, 81.37774943565574, -0.10358552584, 0.184961849025, -0.977271279247, 0.994386004782, 0.0405953778145, -0.0977163691173, -0.0215988964963, 0.981906884437, 0.188128567647,  
321, 3586151.6376734124, 94.95401799550139, 105.73373116508785, 93.60354967661141, 86.50359637237538, -0.58050653153, 0.152813215473, 0.799787651835, 0.814252742572, 0.106346717228, 0.570686294691, -0.00215361646584, -0.982516410505, 0.186163543758,  
322, 2825146.0075027924, 87.6968705942717, 99.71631603692977, 91.0311322372382, 74.30124972651777, 0.39114561241, -0.252376004712, -0.885048847318, 0.00595509656853, -0.960951740225, 0.276651928936, 0.920309538534, 0.113481739522, 0.374369133447,  
323, 434967.84016602597, 47.00270435210752, 84.1240041895878, 60.476595623951674, 20.41085825727208, -0.146193677855, 0.988475980365, -0.0392765171264, 0.549765174745, 0.114188543199, 0.827477630659, 0.822426690467, 0.0993791368675, -0.560123313175,  
324, 3541068.0137753175, 94.55443118328034, 104.88080718714951, 93.87078857685628, 85.86559263473697, 0.173424019707, 0.575122460919, 0.799473742117, 0.424935764186, -0.776019678761, 0.466071941327, 0.888455798397, 0.258896916016, -0.378970554493,  
325, 2948801.372351471, 88.95812834525907, 112.84135572971073, 84.00818352240839, 74.26206494499232, -0.707324246276, -0.533589241868, 0.463653892028, -0.172197241274, 0.766210523037, 0.619087671082, -0.685595012181, 0.358055799213, -0.633841876119,  
326, 3153147.846862985, 90.96728684440782, 111.22699854991573, 93.89896029251781, 72.07501208974422, -0.441167614743, -0.771424614583, -0.458557738696, -0.897415005771, 0.381600739872, 0.221420827263, -0.00417649602803, -0.509200293936, 0.860637913141,  
327, 3529059.9352623746, 94.44742929515397, 98.93138176996507, 97.2311351152863, 87.58525406437842, 0.723354760166, -0.645200503266, 0.245915029084, 0.307586991525, 0.619965927091, 0.721825804395, 0.618181311258, 0.446495867653, -0.646910586232,  
328, 2943342.2248344803, 88.90319805549616, 96.64561879503378, 92.17323463329492, 78.8796821620714, 0.274792178753, -0.902563259123, 0.331464661431, 0.785894027335, 0.0122237374666, -0.61824037238, 0.553949308416, 0.430383716611, 0.712678062088,  
329, 3055938.054442859, 90.02268854819657, 112.05634370150001, 85.14832889882962, 76.4615962914597, -0.721991317376, -0.377858474531, 0.57961324248, -0.689343119951, 0.320851160429, -0.649507964406, -0.0594525071763, 0.868491511804, 0.492125891734,  
330, 3441331.1477477164, 93.65823129400813, 108.46139848992159, 96.16947916176807, 78.76356993212029, 0.654477466963, 0.508396479, -0.559635832822, -0.243461201129, 0.842462557885, 0.480607409542, -0.715811349996, 0.178297107947, -0.675147578323,  
331, 3549513.133651037, 94.62953936544288, 104.46994201167378, 93.17224528665139, 87.05671253763353, 0.613422579569, -0.726217136609, 0.310356906431, -0.634034256828, -0.687150194685, -0.354718439206, -0.470864417899, -0.0208153894779, 0.881959987481,  
332, 2312215.093155545, 82.03135289021176, 123.39907205742996, 77.70915894651837, 57.56460381350776, 0.869470954422, -0.113336096681, -0.480806810066, 0.184943589011, -0.827849648862, 0.529585524502, -0.458056905089, -0.549381368512, -0.69883043983,  
333, 3261242.3431691467, 91.99512652602616, 120.25010793225533, 89.7505227396412, 72.13931290824573, 0.543829326567, -0.46372035132, -0.699437702256, 0.304329412437, -0.66774887296, 0.679334270729, -0.782069864073, -0.582301363928, -0.222017677846,  
334, 3836348.290505336, 97.11279933238616, 114.99062989223279, 92.91703506562047, 85.71791980761923, 0.187815273018, -0.849312403074, -0.49334963789, -0.83903403308, -0.399863778129, 0.36895914445, 0.510634227754, -0.34464097395, 0.787702535555,  
335, 1653385.0636023702, 73.35478810061488, 130.06194331085806, 74.11885654077953, 40.94552568998821, -0.285195195589, -0.0264323967978, -0.958104915347, 0.917108758781, -0.298006835585, -0.26477056202, 0.278523293425, 0.954197701917, -0.10923150038,  
336, 3527421.261644326, 94.43280854868301, 103.61705904939784, 94.88988991093885, 85.64805691293832, -0.971013772892, -0.225005483676, -0.0806522483912, 0.109115945155, -0.717490566324, 0.687968747655, -0.212663968193, 0.65922668298, 0.721244907836,  
