# Void_ID, Void_Volume, r = (a*b*c)**(1/3.0), a, b, c, vector_a, vector_b, vector_c 

128, 579990.6852056565, 51.734168089461896, 118.26429313959339, 61.55630453684903, 19.019812421838505, 0.487137583701, 0.580478979661, 0.652488412708, -0.479930305699, -0.446265685834, 0.755323665271, 0.729632699527, -0.681095508588, 0.0611966662747,  
129, 703645.6108911623, 55.17662400889389, 133.34237601504245, 63.54492882095675, 19.82514108515563, -0.262440284802, -0.934784814626, -0.239379295798, 0.257494816884, -0.306921820389, 0.916239824198, -0.929957803446, 0.178819312472, 0.321250894623,  
155, 4608716.4122763295, 103.23583117847085, 118.46144277550701, 108.2854796791712, 85.77172289164069, -0.395552673098, -0.189659543091, 0.898647506267, -0.395831470489, 0.91811532027, 0.0195372888438, -0.828767476302, -0.34798493703, -0.438236184979,  
195, 342418.2595026654, 43.39997060655466, 134.8456980210132, 61.91202972678333, 9.791656468496285, -0.111050210461, 0.986193700657, 0.122840691714, 0.700434389246, -0.0100197745047, 0.713646460427, 0.7050244798, 0.1652924345, -0.689651284331,  
215, 998653.2592986989, 62.00718820389244, 88.42252328514115, 79.77639707820036, 33.79782803363909, -0.385760367928, -0.694717632641, 0.607088419782, -0.901442482491, 0.423925568095, -0.0876844540164, -0.196444366926, -0.581080479463, -0.789781670521,  
228, 1482227.9306339775, 70.73083652666567, 115.34723006521939, 90.17250467935185, 34.02084376215886, 0.102760995552, -0.128578409597, 0.986360872287, -0.381594920582, -0.920836673535, -0.0802816122071, 0.918599746559, -0.368140480331, -0.143690961312,  
282, 990120.8230049914, 61.83008757382443, 114.19138280526042, 81.92540037549011, 25.26665092107027, 0.280071798926, 0.954628630015, -0.10121248047, 0.323946949761, 0.00526355003051, 0.946060605237, -0.903669276443, 0.297752369928, 0.307774860922,  
310, 919283.3831864856, 60.31892600756346, 129.83888329033746, 90.44077292725895, 18.68924527998178, -0.44966023674, -0.657042369976, 0.605062802981, -0.0386112145864, 0.691075857664, 0.721750187435, 0.892364749194, -0.301180150425, 0.336118537702,  
311, 776221.1326917235, 57.01191351476168, 127.694653857159, 61.782004779394725, 23.48887090618571, -0.808701863539, -0.0346976187682, -0.587194491766, 0.573289933281, -0.269967282081, -0.773599585706, 0.131681237491, 0.962244117601, -0.238214839662,  
362, 2408197.1985349404, 83.15106432456926, 128.9192485603901, 83.63012863871737, 53.32402302537687, -0.819998744524, -0.550084680874, -0.158142033776, -0.551159886662, 0.833391257597, -0.0410096463811, -0.154352966649, -0.0535336868663, 0.986564395292,  
402, 550276.6159043049, 50.835154696274635, 104.85628284269353, 66.30513427198241, 18.89517122229257, 0.0411925167909, 0.696698292102, 0.716180610141, 0.834218408217, -0.418474145362, 0.359108670261, 0.549893466003, 0.582658458658, -0.598436543504,  
429, 445975.57762586704, 47.39590523419146, 119.52103679611406, 65.66174466706141, 13.56643372587614, 0.345697216109, 0.62089470469, 0.703550424961, -0.502897130793, -0.510410570293, 0.697549658142, 0.792204462632, -0.594954464998, 0.13579865229,  
533, 2272179.471466546, 81.55514060983633, 107.50780390741373, 84.72469940384106, 59.553048163847855, 0.476529601767, -0.878410327347, -0.0362606598238, -0.219327072083, -0.158721176892, 0.962654259564, -0.851360777868, -0.450780306598, -0.2682945044,  
542, 1421938.1160136682, 69.75853673696406, 134.5627715801084, 55.97982731244542, 45.06460912901608, 0.883753349396, -0.319398649207, 0.342000760696, -0.281768727406, 0.220298879003, 0.933849446199, -0.373612635878, -0.921657695023, 0.104693321265,  
561, 1696111.9799269931, 73.98130209745034, 120.42273549601671, 69.8457435148915, 48.14126292091676, 0.764587639853, 0.333505177293, -0.551525192265, 0.265295985109, 0.617011208709, 0.740888121522, 0.587387249836, -0.712791319424, 0.383281559281,  
569, 1714997.9513128104, 74.25487968872497, 134.54889791343493, 64.78553092301017, 46.969596493683405, -0.359163475017, 0.163884821012, -0.918772748647, 0.219145622762, 0.971745769503, 0.0876661592505, 0.907180684449, -0.169858543781, -0.38493022857,  
578, 1159081.6388178212, 65.16411062560083, 91.78455438044314, 61.454145342451184, 49.05741159726508, 0.500362856766, 0.348238763537, 0.792695890704, -0.325266905275, -0.772879661026, 0.544847198677, 0.802395446088, -0.530459040024, -0.273449730215,  
581, 728372.8871014192, 55.81553013154448, 141.69414305811713, 53.412429913438636, 22.975815071342506, -0.58819705057, -0.0641367345989, -0.806170396986, -0.791832860259, 0.248309503469, 0.557981282751, -0.164392673544, -0.966555156089, 0.196840491574,  
591, 155321.16443141378, 33.34627618477153, 125.40083549193488, 102.87715163438803, 2.8742376040787936, 0.16791874425, -0.0514910523833, -0.98445516244, 0.204422488349, 0.97874663249, -0.016324081783, -0.964372719225, 0.19850365466, -0.174875834523,  
598, 2545071.1233580536, 84.69747006602685, 108.89632127268293, 83.23081910148154, 67.03690213275038, -0.00190006708203, -0.981275797704, 0.192598542531, 0.099928186838, -0.191821177997, -0.976329346659, 0.994992837773, 0.01739093189, 0.0984215843585,  
607, 1460198.9444604178, 70.37868375966143, 125.45517321633662, 62.850128861067326, 44.210830582087226, 0.535017670268, 0.257399869439, 0.804674716711, 0.726415780323, -0.626469141681, -0.282588974695, -0.431365513919, -0.735718507131, 0.52215138769,  
624, 2059323.6490278142, 78.92452906927028, 135.90401685932167, 92.9449591291599, 38.92045095736035, 0.339866384359, 0.626149547211, 0.701731847153, -0.237243965099, -0.664935867544, 0.708220017422, 0.910058317805, -0.407181822507, -0.077439147808,  
648, 1261838.6410742265, 67.035533662378, 102.81182185602289, 75.23988864111541, 38.942516640510995, -0.910754189492, 0.289568525646, 0.294409366831, 0.377162638917, 0.873605002362, 0.307510396008, 0.168152163613, -0.391106595192, 0.904853845143,  
653, 1182147.9141112557, 65.59354006966163, 103.03149902113663, 56.52063305107625, 48.462540282694576, -0.659348248318, 0.323210027187, 0.678818949181, 0.736666966535, 0.458191128296, 0.497375783856, 0.150271979612, -0.828007347961, 0.540205668118,  
657, 515979.5650804492, 49.756287006337374, 106.29246975982456, 52.691302173156316, 21.993910986782716, 0.281381860644, -0.936015749374, -0.211420825426, -0.665378178596, -0.349069586501, 0.659865367502, -0.691444956557, -0.0449993411435, -0.7210263042,  
660, 2764562.389538238, 87.06546597079293, 133.93548884594884, 98.93779061718288, 49.80579893801918, 0.33960914481, 0.299521190259, -0.891601191872, 0.350286313078, -0.920025938253, -0.175646724454, -0.872906139073, -0.252664460356, -0.417367395517,  
665, 820260.3801762521, 58.070340856096536, 107.49571145746879, 56.4727575203805, 32.257669853837406, 0.124328360883, 0.634442716968, -0.762905562679, 0.488461883684, 0.630118770528, 0.60361852458, 0.863682491931, -0.447697189978, -0.231559450718,  
704, 1687331.0533711032, 73.85341182480698, 104.93319316910555, 67.74454569513183, 56.66624910342931, -0.340137893903, 0.884631988922, -0.318955259099, 0.0255511674143, 0.347747484191, 0.937240003992, 0.94002837775, 0.310641161817, -0.140885476932,  
718, 1924506.5969274119, 77.16320624856081, 116.24867631314356, 103.85689484757755, 38.05462482553248, 0.262660198194, 0.856372101858, -0.444563205229, -0.18303832472, 0.496597193604, 0.848462255488, -0.947368245176, 0.141485159869, -0.287185232156,  
721, 620477.1214954375, 52.910969722531625, 89.87627388888957, 45.5114379919225, 36.213587177871545, -0.0901598041323, -0.16399178416, 0.982332888815, -0.995289654819, -0.0204539392516, -0.0947635973347, -0.035633028633, 0.9862496292, 0.161375203093,  
722, 1154155.6760556616, 65.07166623393191, 115.54356061655503, 90.06105743013379, 26.478476532596783, 0.0843994773607, 0.991730484487, -0.0966818202139, -0.751289209103, 0.1270727286, 0.647624154839, 0.654554239545, 0.0179768680486, 0.755801283215,  
726, 1223165.4489386685, 66.34357422762574, 105.21188394161481, 94.68697419223196, 29.31173731293086, -0.0226065993885, -0.518730395859, 0.854638940182, -0.978417538725, -0.164150805205, -0.125513477627, 0.205397326126, -0.839031161258, -0.503824025686,  
742, 601255.3541414114, 52.35885200131293, 134.93846219635884, 35.26302753140791, 30.165810240155782, 0.988647771244, -0.133571336913, -0.0688061215931, -0.119124017095, -0.975899196455, 0.182839347269, 0.0915699348289, 0.172567251568, 0.980732119756,  
746, 652139.7847305803, 53.79608801935141, 88.50835115751562, 60.58457716254197, 29.033925295857614, 0.585059913546, -0.80650191563, -0.0852030377753, 0.478609518127, 0.258550648833, 0.839097426493, -0.654704381168, -0.531701252653, 0.537267113462,  
758, 1676663.6736127816, 73.69744787208946, 114.27473551831343, 61.802798631312776, 56.675972272035594, -0.905892669741, -0.369562035074, 0.206839002952, 0.200542230662, 0.0558441229178, 0.978092146813, -0.373016466971, 0.927526461169, 0.0235240132822,  
794, 2587557.67645635, 85.1661751285866, 105.60140500284687, 91.82705271984592, 63.7031763879944, 0.922601710015, -0.295531382204, 0.247925970421, -0.0183127240121, 0.608425925345, 0.793399355625, 0.385318996178, 0.736531802097, -0.555922814502,  
798, 810412.5782294748, 57.83701285239152, 93.64654280730595, 82.13276314760787, 25.154134624654226, 0.222461310805, -0.974848204829, -0.013488615041, 0.884114926972, 0.207548537418, -0.418645913058, 0.410915759127, 0.0812070326803, 0.908049369112,  
800, 2168141.5070358505, 80.29090223165865, 139.282462576809, 87.10945743236621, 42.66161272760701, -0.929811007059, -0.350641127197, -0.111813644379, -0.341756701398, 0.709859475252, 0.615874891877, 0.136579091375, -0.610860315712, 0.77986910856,  
803, 1259685.892258843, 66.99739016671417, 100.76079968707555, 82.35142727820906, 36.24189685781975, -0.327935752011, -0.334781302596, 0.883390979117, -0.549465491451, 0.828255442967, 0.109911759607, -0.768469788773, -0.449348862942, -0.455565344506,  
804, 1542248.545758535, 71.67294559761682, 123.81115613662911, 85.1710318989706, 34.915162855168795, 0.717608782619, -0.693869125344, -0.0598604376969, 0.241765430294, 0.167583706652, 0.955753722451, -0.653136365411, -0.70032944973, 0.288013107374,  
811, 2863489.1359487977, 88.09183232530098, 132.53404387427062, 73.36533772250193, 70.30538001335793, -0.58567981009, 0.207809486474, 0.783450303072, 0.804858975242, 0.263369533816, 0.531825646834, 0.0958185265257, -0.942046551922, 0.321507548878,  
821, 3268604.072724888, 92.06429590174544, 134.94351684481646, 96.02784723458144, 60.21774536873646, 0.536416179637, -0.312858946049, -0.783822021955, 0.396017916994, -0.726841362262, 0.561134069118, -0.745270079665, -0.611408958049, -0.265991718619,  
833, 2117190.042073446, 79.65696299506448, 124.476623855834, 86.52965547928827, 46.92653182871578, -0.733651322428, -0.509182476625, -0.44998771383, -0.670056863484, 0.431913336718, 0.60371737532, 0.113046613385, -0.744435406911, 0.658055003886,  
837, 1072606.8182240631, 63.501499596440915, 107.039434578751, 65.79927356459604, 36.3569161620311, 0.191482474787, -0.965387415331, 0.177092066931, -0.902748876579, -0.244041176663, -0.35424337669, -0.385199854212, 0.0920382660273, 0.918232013111,  
842, 1021082.5993597872, 62.46797416213461, 102.20852984041804, 86.05627019497216, 27.714216501035168, 0.902375019135, -0.21409102099, 0.374011175731, -0.389151046247, -0.777671788245, 0.493748977693, -0.185150717108, 0.591093583538, 0.785065339609,  
846, 586905.5531757777, 51.93895448211071, 110.33587365643842, 75.57448822254544, 16.80303207362017, 0.823542551593, -0.180048998814, -0.537921949489, -0.292693007398, -0.947180589408, -0.131071486103, -0.485909939327, 0.265388939248, -0.832742602362,  
878, 1115532.8239340403, 64.3375592869192, 110.97279613706182, 68.45901867270968, 35.054723510394766, 0.826887603671, 0.108871804312, 0.551728031842, 0.115457342891, -0.993048011068, 0.0229183264478, 0.550387584224, 0.0447501725183, -0.833709139444,  
883, 1114318.015360936, 64.31419639843335, 118.1065238289696, 93.63695565199302, 24.054668149695633, -0.845224807234, -0.417515579294, -0.333580224658, -0.0779171477863, -0.521253511712, 0.849837451875, 0.528700239565, -0.744295316105, -0.408044775862,  
884, 877217.951774304, 59.38448125836882, 117.79281948588921, 64.55178010853302, 27.541770885150886, 0.130882762082, -0.330823511755, 0.934572365663, 0.715878099683, -0.620609463232, -0.319941307962, 0.685848561261, 0.710914691237, 0.155602226203,  
893, 1243272.0856299682, 66.70512328557602, 118.60227940717284, 84.66162095483959, 29.559559537207136, 0.474650597203, -0.855561413625, -0.206691746547, -0.759262190587, -0.279210094746, -0.587845769685, -0.445227735569, -0.435954573904, 0.782122671307,  
901, 566779.5459478266, 51.338343706285485, 98.23480527343261, 55.69301571390089, 24.732011283553422, 0.671899708538, 0.530370653819, -0.516969777873, 0.577701486415, -0.812087802567, -0.0823067039548, 0.463477911297, 0.243352358711, 0.852037472914,  
906, 243491.01599792915, 38.73748706032962, 98.78566746563364, 58.25516924738481, 10.10103615501831, 0.430788791844, 0.230532974688, 0.872511068356, -0.231543344892, -0.906223283964, 0.353761274078, 0.872243484503, -0.354420523083, -0.337012457573,  
908, 2818969.4620722462, 87.632914144357, 127.36828896631285, 85.52071678816083, 61.78301742132555, -0.968472873222, 0.227117937099, -0.102360815164, 0.20520069728, 0.960266468464, 0.189158619629, -0.141254973961, -0.162190481201, 0.976596784829,  
914, 2185824.204888716, 80.5085875080336, 123.09410340504999, 72.86912363989799, 58.17626368647558, -0.860876829079, -0.0407486758825, 0.507179091219, 0.448324947162, -0.532124212666, 0.718225983968, -0.240615516764, -0.845685146912, -0.476362052838,  
928, 238880.84512851256, 38.491447128773494, 109.87092871388299, 41.571346587666106, 12.485784346023014, 0.0642524243517, -0.624925367046, 0.778035932067, 0.782675908259, -0.452125116686, -0.42778651392, 0.619104230801, 0.636436300413, 0.46006389439,  
931, 1777756.4667669327, 75.14980983201966, 156.95789575651932, 69.04257995582441, 39.16367866048719, 0.544930820006, 0.786045549745, -0.291860917448, 0.645222282806, -0.615404560971, -0.452731081446, 0.535479791569, -0.0583919520365, 0.842527016041,  
943, 1367896.406483644, 68.86335852205654, 76.29731637084323, 69.37903493098055, 61.69174889793473, -0.809442845312, 0.0506569803719, -0.585009530276, 0.56268325287, -0.217950638685, -0.797424025244, 0.167898293955, 0.974644237369, -0.147914750619,  
954, 2171800.7134118513, 80.33604624878963, 106.3382813142964, 94.75727803993682, 51.455185536514854, -0.818665846856, -0.572318988883, 0.0472991136756, -0.572386070466, 0.806541112021, -0.147870284223, -0.0464802918107, 0.148129705271, 0.987875079597,  
959, 1149322.7628159681, 64.98071209687913, 115.70637251459372, 75.31604698094718, 31.485355616038824, 0.130247653689, -0.500837767221, -0.855685152164, 0.0365117600714, -0.860028680129, 0.508937678633, 0.990808982642, 0.0975305094883, 0.0937302493006,  
965, 821671.5596394581, 58.10362326450668, 140.0453961940618, 85.41659524165328, 16.398289641540778, 0.407572185897, -0.39569509674, -0.822988641294, 0.820369290203, 0.554516708199, 0.139661906116, -0.401097420804, 0.732076915866, -0.550621692526,  
968, 733502.73873864, 55.946257961206754, 72.7103334556585, 62.79795978754969, 38.3505379007108, 0.624514831371, 0.600210786251, -0.499728163571, 0.437946445969, 0.260663630988, 0.860382113914, -0.646671582692, 0.756175563972, 0.100071877119,  
978, 1973024.5831354465, 77.80627593429935, 126.91715678414114, 85.81704546654184, 43.24640332050919, -0.159228258617, -0.96521392571, 0.207384761432, -0.660758148884, -0.0518839098394, -0.748803531364, 0.733515528357, -0.256261853416, -0.629511582215,  
980, 1181351.29034846, 65.57880273886794, 138.9719010937042, 98.97219764587379, 20.504549803051706, 0.392915711146, 0.874635609634, -0.283953859446, -0.318768097901, 0.419189119278, 0.850098454321, -0.862556748101, 0.243501607057, -0.443511920545,  
983, 1082306.7261091946, 63.69234654113627, 105.67120980304462, 89.3207731204188, 27.374903384056537, 0.201018375001, -0.609364259294, 0.766985535983, -0.730400473519, -0.614983774637, -0.297170162056, 0.652768535696, -0.500469935589, -0.568702982564,  
987, 328379.5217631378, 42.79855953243984, 102.98213180914223, 39.57474594359688, 19.235675560067875, -0.822213343332, 0.332284829469, -0.462116879319, -0.145657490097, 0.662027786083, 0.735189163435, 0.550226420327, 0.671793124823, -0.495928305116,  
1004, 802818.2323678304, 57.65578274203523, 121.10384093484764, 102.22832905393778, 15.481015233063319, -0.116851940358, 0.018795582799, 0.992971474969, -0.967036446473, -0.22991664322, -0.109447925345, 0.226243530795, -0.973028809048, 0.0450422194801,  
1007, 1734110.7727590925, 74.52970615589153, 108.72336212231093, 64.68283827635524, 58.86759380850355, 0.239803523389, 0.462590826977, -0.853524455986, -0.519950229652, 0.803650950935, 0.289476955467, 0.81984512492, 0.374372643043, 0.433242536331,  
1008, 3416239.6148561356, 93.43004794763415, 126.8278464443279, 92.08974355023743, 69.82868016293862, 0.716060699923, 0.461950840527, -0.523314909937, 0.639591356391, -0.133902028914, 0.756963105761, -0.279606814753, 0.876739224393, 0.391341745224,  
1011, 914209.4531139081, 60.207745627449796, 109.44589942680662, 70.97122461573251, 28.097993301940324, -0.638588381814, -0.580094091419, -0.505663646818, -0.769206472557, 0.500749370631, 0.396952730672, -0.0229408192599, -0.642449152006, 0.765984860097,  
1013, 2166225.36584432, 80.26724232920408, 121.72280616829248, 95.29240443212075, 44.58459095148646, -0.848121024178, 0.0403225337058, 0.528265862633, 0.261029507064, -0.835876797377, 0.482880498725, -0.461036142607, -0.547434080856, -0.698399314381,  
1014, 1121404.9980935762, 64.45025292844777, 109.24943875880959, 84.74259322471491, 28.916978610010815, 0.0919732579811, -0.183154107228, 0.978772441797, 0.708353994208, -0.678793310896, -0.193582695436, 0.699839652139, 0.711121799756, 0.067307111112,  
1021, 2595581.007548708, 85.25411022148249, 115.06580708050762, 95.47825207429068, 56.40209433791306, 0.150792952799, -0.897500661334, 0.414432199873, 0.982225351041, 0.0886209462847, -0.165468086505, 0.111780343344, 0.432017234362, 0.894911316308,  
1031, 1567375.840018103, 72.06009764547663, 122.0672656520113, 74.97949958910701, 40.88300263508161, 0.681401051218, 0.229786457688, 0.694903440243, 0.653835613961, 0.235574666988, -0.719029600357, 0.328924911363, -0.944300143035, -0.0102782560842,  
1038, 2254662.7899882086, 81.34502483041322, 118.16637500499019, 86.69909491029628, 52.53932774911197, -0.951073990429, 0.0414175056928, -0.306174549811, 0.0787409499147, 0.990744014329, -0.110571971487, 0.298760987307, -0.129270601044, -0.945532116942,  
1040, 2174970.766959361, 80.3751145602198, 119.62263237207576, 84.49412274078884, 51.371820743324776, 0.449065791087, -0.562959841263, 0.693841575866, -0.832355266774, -0.545902496309, 0.095787130642, -0.324845540447, 0.620537413577, 0.713728725219,  
1041, 1333218.753027295, 68.27645042932855, 109.51262383446664, 75.17036815616939, 38.66356917152905, -0.990488487933, -0.0992330854055, 0.0953171025208, -0.0768130731123, 0.973519685535, 0.215311805703, -0.114159130476, 0.2059422653, -0.971882439543,  
1045, 3179733.6076011546, 91.22223515762376, 113.42888155855948, 86.09665737653889, 77.7306299319101, 0.273158124523, 0.143336766073, 0.951230366682, -0.787290231192, 0.601523222248, 0.135439672792, 0.552773670571, 0.785890822308, -0.277158590947,  
1046, 2621177.2844825974, 85.5334380031847, 113.46765159959149, 81.31760313976734, 67.81896390610163, -0.840167687684, 0.535778115372, -0.0840242087767, 0.513759887896, 0.736680862776, -0.439718187035, 0.173692354928, 0.412605280515, 0.89419676153,  
1048, 2002537.064185156, 78.19229939318431, 135.96302630154085, 108.56593139238215, 32.38751062780702, -0.62947579772, -0.383747591083, 0.675646361955, 0.692597639428, 0.117069323487, 0.711760692478, -0.352233913676, 0.915987205062, 0.19209036993,  
1055, 968908.2081282332, 61.385341357459666, 80.46785505386653, 59.88169500241039, 48.00400981594582, -0.854062975185, 0.246051898917, 0.458295644161, 0.514197687157, 0.532475076363, 0.672362277031, 0.0785949930981, -0.809894286985, 0.581286565274,  
1058, 820773.425645688, 58.08244535230719, 104.52552709365403, 65.3621295720489, 28.680460331595043, -0.134795755381, 0.793198797564, 0.593856693045, 0.688611085474, -0.355959724402, 0.631749513309, 0.712492019109, 0.494093454872, -0.498223625051,  
1060, 817902.642989064, 58.01464878697764, 133.68451036488653, 70.84423849196729, 20.61709044498747, -0.452807557501, -0.725932466013, -0.517674966227, -0.874561993268, 0.474609909599, 0.0994321559738, -0.173512638735, -0.497762482012, 0.849779898386,  
1064, 677407.9888133755, 54.48210785051945, 116.43938230472004, 49.55124595000495, 28.02897606519963, -0.838065464152, 0.0360910294419, 0.544374609428, 0.537152361651, 0.229184546411, 0.811752292303, 0.0954652720583, -0.972713668702, 0.211458034963,  
1066, 1535402.747052639, 71.56673998837375, 116.55512373087824, 78.07395668188313, 40.28061983910477, 0.00616143400964, -0.864147056446, 0.503201650998, -0.804484548977, -0.303167298187, -0.510778033755, 0.593941619343, -0.401670828099, -0.697060900257,  
1069, 832961.2511920233, 58.368526505739446, 113.19544168992063, 68.66889193739574, 25.582749096928918, 0.229736168556, 0.035212014531, -0.972615755008, 0.863145185629, 0.45435232087, 0.220327839926, -0.449668412704, 0.890125880173, -0.0739880805524,  
1070, 2867804.419327168, 88.13606163246673, 128.5962655639652, 80.86415078898547, 65.8379854229245, -0.627742309809, -0.0544072280836, -0.77651751172, -0.189870351822, -0.95672229782, 0.220525949386, -0.754909823737, 0.285871121987, 0.590244745542,  
1072, 2932688.558542373, 88.79580426169011, 112.03314124508495, 79.67218258962338, 78.43756584926406, -0.458884501851, 0.576157819929, -0.676363201612, 0.885876477856, 0.238281634112, -0.398051163579, 0.0681753616951, 0.781833760706, 0.619748409178,  
1073, 2832019.9190323334, 87.76793857649001, 118.47509910303157, 83.34646094425575, 68.46891567882615, -0.755421529849, 0.288475627035, -0.588319747117, 0.598452541579, -0.061863170444, -0.798766238408, 0.266819916271, 0.955486661733, 0.125906201325,  
1076, 2381836.571842266, 82.84655425693994, 113.25533123393457, 77.72876619906884, 64.5926230648362, 0.0837474600809, 0.98437653294, 0.154884487047, -0.920285507519, 0.0167915880104, 0.390886974996, 0.382179208722, -0.175273740104, 0.907313710053,  
1081, 2649082.891171795, 85.83590283989167, 124.57843443302777, 97.92049344855633, 51.84304195021871, 0.291317770016, -0.791980604015, -0.53656377043, 0.050124710441, -0.547484068286, 0.835313538964, 0.95531223706, 0.270236781061, 0.119794039441,  
1084, 1339505.2656078911, 68.38359661018781, 137.6469886480322, 77.40269606246146, 30.014631318061273, 0.888170470932, -0.404799077643, 0.217464758762, -0.36105105327, -0.322020087479, 0.875182952412, 0.284245231265, 0.855827535196, 0.432161866092,  
1085, 1703041.4012402995, 74.08191476565989, 128.32260957260198, 66.14833184673519, 47.89768430834026, -0.981932196434, 0.150518471436, -0.114688061121, 0.0641505197446, 0.834954859355, 0.546566641551, 0.178027729367, 0.529334084106, -0.829524897143,  
1086, 697837.4171720999, 55.02438716039499, 96.74467480711544, 72.97378943608912, 23.597808608027474, -0.212465960019, -0.872398424436, 0.440203594799, -0.895119671958, -0.00693260552615, -0.445772040235, 0.391942583433, -0.48874628185, -0.779428048809,  
1088, 2036673.0007433065, 78.63409610548577, 123.41919821248058, 72.83115785699216, 54.09196543228925, 0.413904600778, 0.718857416165, -0.558504249474, 0.727306064253, -0.630106323039, -0.272014541096, 0.547456729209, 0.293615457515, 0.783633264194,  
1091, 768028.0802471288, 56.81061575319602, 120.14009806672978, 59.72213666083677, 25.554369516372258, -0.678810088895, -0.721873609622, 0.13459329458, 0.050162365439, 0.137277852935, 0.989261607557, -0.732598526007, 0.678272277795, -0.0569747037477,  
1094, 2503818.58373409, 84.2373604150357, 118.7782240363341, 85.94678291488108, 58.552817346061616, -0.13801188777, -0.810459781154, 0.569304542372, -0.871615796276, -0.173591675034, -0.458423204082, 0.470360098771, -0.559482683817, -0.682451832728,  
1095, 1581989.204456162, 72.2833550222097, 144.65963846985838, 99.44827976646273, 26.25247512516572, -0.0438223234372, -0.263680901647, 0.963614023391, -0.95080465198, -0.285078024342, -0.121247819819, 0.306675916469, -0.921522057329, -0.238216246536,  
1097, 2483404.6824844177, 84.00780333650586, 113.45774514770245, 105.95574298914465, 49.31740730420672, -0.54176378599, 0.6891745605, -0.481176085597, -0.342065604458, 0.342140406601, 0.875174876478, -0.76777804243, -0.638731843054, -0.0503836305941,  
1102, 773759.2378072368, 56.9515759030344, 90.0261071490088, 49.268247415091075, 41.6468015034744, -0.307643660673, 0.933134903073, -0.186050075823, 0.88659080122, 0.210140314518, -0.412065285369, 0.345415878673, 0.291719558618, 0.891957156976,  
1106, 591818.7254431454, 52.08348440659238, 78.69863555301114, 49.34160597603615, 36.38476794294867, -0.979737914691, -0.15014131342, -0.132556420145, -0.155128761774, 0.150238453577, 0.97640333589, 0.126683407704, -0.977182681525, 0.170485545256,  
1107, 3015709.8972405875, 89.62592494987513, 101.94797775497645, 95.74050991672891, 73.7609667668725, -0.122254434213, 0.977889152003, 0.169666318728, 0.649207338183, -0.0505136698779, 0.758932277087, 0.750722109282, 0.202931455302, -0.628677293279,  
1110, 2834515.349419413, 87.7937098739271, 145.71346773867197, 109.05152388310246, 42.58520784435418, 0.194226999323, -0.561988078009, 0.80401820434, -0.803184048301, -0.56166512998, -0.198564010634, 0.563179595945, -0.607208104311, -0.560470392412,  
1111, 688163.9129685435, 54.76895170210441, 117.10927424142963, 64.36466854068841, 21.79538067325355, 0.439650554962, -0.105487429416, -0.891952796821, 0.477704700351, -0.813505053273, 0.33167415872, -0.760595561902, -0.57191077148, -0.307266107276,  
1112, 1501018.0293058166, 71.02846564409589, 99.04846586344274, 68.43559664714621, 52.86490891334319, -0.982519723563, -0.17151739458, -0.0723655730682, 0.0852953041628, -0.760297224538, 0.643950961989, -0.165468135594, 0.626522077596, 0.761636647219,  
1114, 1040540.9855507549, 62.86228944220814, 117.21997899478963, 64.39638551151019, 32.908451793312864, 0.317266795746, -0.93382632459, -0.165257906982, -0.672995497868, -0.344481004718, 0.654530287487, -0.668145822532, -0.0964428996438, -0.737753296802,  
1115, 705601.1048155755, 55.22769031892125, 105.67856192125099, 81.56813406310107, 19.541739538227436, -0.846812228343, 0.179164072271, -0.500808631252, -0.246823181666, 0.701678038844, 0.668375827507, -0.471155353277, -0.689600003633, 0.549967697295,  
1116, 2883536.0568305375, 88.2969276656895, 115.71164464932394, 100.71700100730382, 59.068633655416285, -0.453160557871, 0.881148903774, -0.134989326126, 0.890373207401, 0.454771823549, -0.0204484730082, -0.0433711924268, 0.129457320703, 0.990636028915,  
1122, 2596537.2110006744, 85.26457804682353, 160.1962292604719, 68.61939415284327, 56.39060744917536, -0.252936283842, -0.774008423329, 0.580460331919, -0.881293652818, 0.431873147434, 0.191851718856, 0.399180076931, 0.463029745417, 0.791365099711,  
1132, 3847997.2784469053, 97.21099364367284, 109.53524843559705, 101.43525955269897, 82.68054001395828, -0.206348825592, 0.826807889296, 0.523267499827, -0.873456909626, -0.396679982558, 0.282343794803, 0.441013819741, -0.398790302836, 0.804035512375,  
1133, 1367433.7993088395, 68.85559470908358, 113.65334807790626, 76.97549069992071, 37.314961759937354, -0.449842468727, 0.248418265602, 0.857863694677, 0.875440404066, 0.312759341368, 0.368491103442, 0.176764963324, -0.916771487178, 0.358167821054,  
1136, 1698911.076458153, 74.0219768873182, 99.69524778532403, 66.78265638843854, 60.91775523593573, 0.23746154719, -0.927287330749, 0.289396302393, -0.459934510242, 0.15508036198, 0.874305625978, -0.855612213503, -0.340717313268, -0.389665821627,  
1137, 2573611.2824266907, 85.01289012323792, 119.35438071277684, 78.24715357967933, 65.78811315394245, -0.861318238561, -0.205868874793, -0.464487780586, -0.108910830579, -0.818160908892, 0.5645805152, -0.496255300128, 0.536871244855, 0.682275562763,  
1139, 3405739.247947757, 93.33422556660497, 131.77418566511716, 115.02450940735841, 53.64164087043956, 0.612522138549, 0.7005245307, -0.366172106632, -0.330469803636, 0.647762516989, 0.686435306834, -0.718057336619, 0.299447997942, -0.628271086281,  
1140, 457819.4220690718, 47.81181178114546, 113.02726743832912, 59.36826515157489, 16.28800961741075, 0.567021557869, 0.289858610665, 0.771017858895, 0.635663578394, 0.441308961936, -0.633386308045, 0.523849566207, -0.849251662311, -0.0659791334152,  
1141, 1934144.400705941, 77.29180125992096, 117.48561352008304, 77.78909516939096, 50.523901117841795, -0.878244924111, 0.0459938441487, 0.475994138172, 0.47398186003, -0.0483640481673, 0.879205388523, -0.0634590390403, -0.997770256695, -0.0206752320128,  
1145, 1070986.9167742983, 63.46951583580237, 99.54836017877398, 84.68227314979632, 30.329757528236804, 0.857665334011, 0.164677953886, -0.487125596063, 0.49057359165, 0.021858419181, 0.871125571136, -0.154102972105, 0.986105157179, 0.0620394469156,  
1149, 1211316.6600584236, 66.1286556219756, 117.76543371782547, 69.65904408141301, 35.25118613963607, 0.557051092602, -0.81444635997, 0.162392139471, -0.75634666171, -0.578288984221, -0.305812978876, -0.342977852857, -0.0475287014386, 0.938140296005,  
1163, 2556420.059177994, 84.82317721703096, 119.14405555747317, 92.54733933129882, 55.3486829000799, -0.625017728227, -0.604465896578, -0.493937060035, 0.0210854178289, -0.645599531746, 0.763384994458, 0.78032572978, -0.466714285707, -0.416256568669,  
1175, 738580.5746733401, 56.07506133367566, 102.14786634241253, 57.3787450116691, 30.083539154405425, -0.990003772898, -0.0951877977864, -0.104075995317, 0.107978707222, -0.986250248061, -0.125104144562, -0.0907365881836, -0.135091566549, 0.98666972195,  
1176, 1561586.7728829095, 71.97127074978687, 114.39630451833169, 89.08125357106191, 36.58298992030095, -0.0290658244038, 0.934207026816, 0.355545227642, -0.445518046016, -0.330518831732, 0.832028228214, 0.894801010575, -0.134218228709, 0.425812891487,  
1184, 725851.696850588, 55.751055716297955, 96.852730631944, 66.65498483736059, 26.841994534073134, 0.238749865707, -0.414229499852, 0.878300872752, -0.591688319937, 0.655120118413, 0.469811198781, -0.770002229656, -0.631847728414, -0.0886849165429,  
1200, 3298570.881387125, 92.34479124221419, 118.81669087494608, 100.48340552616085, 65.95768636392889, 0.712472951343, -0.56641260631, -0.414196877122, 0.129847545765, -0.473660066788, 0.871083093619, 0.68958096585, 0.674405590534, 0.263922698899,  
1201, 2279282.993303754, 81.64004089417222, 109.20663404372775, 89.7031271755939, 55.546031462092365, 0.603276968719, -0.0584093872729, 0.79538999396, -0.585342819476, -0.709814612716, 0.39183797578, -0.541692424445, 0.701962647905, 0.462404323342,  
1208, 2819978.335597095, 87.64336713474566, 110.87822319045189, 89.37337051763998, 67.93643731065805, -0.717151906995, -0.179862833454, -0.673307139006, -0.666743360134, -0.104129551185, 0.737977186834, 0.202845838043, -0.978164811119, 0.0452456437332,  
1209, 3311069.474043274, 92.46127858040991, 135.32473588902997, 79.4187137487815, 73.54948682449012, -0.215419261213, 0.976123453031, -0.0278845179495, 0.146022829747, 0.0604331763262, 0.987433625309, 0.965542269966, 0.208640445844, -0.155554778991,  
1213, 787758.5244349146, 57.29299170924806, 127.13427489298851, 71.01048279608499, 20.83144451730355, -0.223336356229, -0.849242825809, -0.478442781113, -0.943106303415, 0.0642318639565, 0.326228092155, 0.246315595213, -0.524080996093, 0.8152715726,  
1214, 2585462.177133085, 85.14317868659091, 110.4414808861396, 92.02742102251689, 60.72955609512204, -0.92153795785, 0.282695830365, -0.266178248051, 0.380277973734, 0.518565182111, -0.765819048206, 0.0784630800675, 0.806953046588, 0.585380496489,  
1217, 960978.8193683759, 61.21742654195452, 117.52210809835945, 68.57645878506166, 28.466270918138132, 0.779355224439, -0.457124483866, 0.428535459898, -0.548292530007, -0.166498858424, 0.819544648986, 0.303283259806, 0.873679195354, 0.380399694963,  
1221, 980503.3095813956, 61.62924086258385, 116.09895766051524, 87.21706847102121, 23.11695613065529, -0.499084339157, -0.866516532352, 0.00799509655456, -0.861891225623, 0.495422285298, -0.108167806784, -0.0897682438403, 0.0608757619352, 0.994100499953,  
1235, 1744545.5935085604, 74.67889873998601, 137.68842138107163, 69.94285523108378, 43.24669634451388, 0.383290607306, -0.91904634505, 0.0918810426694, 0.571574873785, 0.314160037428, 0.75802746292, -0.725527721048, -0.23802791125, 0.645718390211,  
1243, 1923628.6791667773, 77.15147107569405, 110.19896654525861, 74.69808080301917, 55.788626400011225, 0.28070077454, -0.10403653918, 0.954140175073, -0.796245621579, 0.5298274528, 0.292020171179, 0.535910426553, 0.841700225006, -0.0658843375669,  
1247, 1563337.736329462, 71.99816049109431, 109.24728198097239, 78.27108254790852, 43.64678111196408, 0.632637081681, 0.755156345305, -0.171782470082, -0.389191727473, 0.501774988518, 0.772497029227, 0.669552180303, -0.421853949896, 0.611342066938,  
1256, 1020805.5418576169, 62.4623236932117, 151.56336663244093, 81.62207008098117, 19.69938015450425, -0.782408555388, -0.285895346749, -0.553263683214, 0.0197730114951, -0.899354398526, 0.436773046178, -0.622451508531, 0.330795278924, 0.70931558771,  
1260, 1966680.5821626848, 77.72279444770301, 115.5278204465613, 71.40501871750376, 56.915414520248056, -0.038053391622, -0.317815436085, -0.947388667851, -0.0367614074192, -0.946988355048, 0.319157726413, -0.998599288158, 0.0469723747556, 0.0243527760061,  
1262, 837048.9910627521, 58.46385151344594, 93.14755038236036, 83.03725211649912, 25.83555888230227, 0.320868977998, -0.572010674095, 0.754882035606, 0.761102220492, 0.630099017787, 0.153943618722, -0.563707822298, 0.525146661901, 0.637537822074,  
1263, 301676.2984961332, 41.605511007707456, 72.26607710621357, 52.108855511124524, 19.12522559464042, -0.760782586627, 0.298671410494, 0.576198962546, -0.0522566572328, -0.913124045976, 0.404318832649, 0.646899604004, 0.277488495641, 0.710296443132,  
1265, 2360876.6506985486, 82.60282415068266, 107.10594838286922, 98.49657067265179, 53.425671142274005, -0.583959478543, 0.737329316632, 0.339612729818, -0.628136907831, -0.145399771634, -0.764397103232, -0.514232780402, -0.659700223771, 0.548051331826,  
1267, 2325167.0155379483, 82.18423458142753, 112.84710964216747, 99.53747953582307, 49.41837547576383, 0.806194394984, 0.554182123532, -0.207202247705, -0.478824024925, 0.816846484999, 0.32169764236, -0.3475315103, 0.16013742193, -0.923892772699,  
1268, 3678790.3183099963, 95.76470500243565, 144.2957318134936, 103.37011957930383, 58.880016331229655, 0.777332756922, -0.510163296834, -0.368085853544, -0.473015510872, -0.859732710149, 0.192655115621, 0.414741017372, -0.024353185898, 0.909613550276,  
1269, 810236.1597463903, 57.83281570687266, 113.80845819315168, 56.3808365569039, 30.145115809653223, 0.439919177004, -0.506787801001, -0.741375237286, -0.666561200255, -0.737495777157, 0.108610059338, 0.601803359926, -0.446392320086, 0.662243620241,  
1274, 648263.7402797578, 53.689295726574606, 115.54636119479332, 99.69535211536822, 13.434822612643602, -0.459746036066, -0.827277437246, 0.322870909413, -0.885159062956, 0.456203993071, -0.0914950816912, 0.0716031814183, 0.327856612758, 0.942010098609,  
1277, 2018918.5139737176, 78.40493403746656, 137.5698344943316, 76.77292881121966, 45.63508436226571, -0.705821775212, -0.564796877378, 0.427574682297, 0.00347433281283, 0.600819727511, 0.799376997446, -0.708380936113, 0.565703228149, -0.42210935433,  
1283, 146049.12828901628, 32.66907114062301, 120.22457646295274, 75.37209389193964, 3.8477471364249465, 0.0836320735999, 0.618036885011, 0.781687971656, 0.525936349264, -0.693658510915, 0.492167478363, 0.84640216965, 0.369957131303, -0.383060162651,  
1285, 2745856.721202628, 86.86865304930876, 128.96350280158904, 93.21240371682393, 54.53166205585838, 0.865081365596, 0.142809686186, -0.480873813417, 0.365718541276, 0.476576229218, 0.799452966917, 0.343342656054, -0.86745633393, 0.36004906507,  
1286, 930717.3257454477, 60.567976279925105, 93.04315385524116, 61.54513846969245, 38.80172318354002, 0.0671822951236, -0.210549949927, 0.975271889171, 0.393501315433, -0.892656435332, -0.219820843445, 0.916865995647, 0.398538840072, 0.022880974178,  
1289, 1735228.187235385, 74.54571103331128, 122.03805915168047, 86.87354980200396, 39.073752783583835, 0.139094519951, -0.975195239145, -0.172182926181, 0.370717885567, 0.212507746589, -0.904106579426, 0.918270637579, 0.0619249803256, 0.391080980068,  
1292, 2484978.9848317504, 84.02555124878054, 110.87732773811992, 91.49301343486665, 58.47947010330168, -0.927533000999, 0.0291816229611, -0.372600275011, 0.370715940425, -0.0547568528033, -0.927130723569, 0.0474575976241, 0.998073203704, -0.0399706952067,  
1316, 2678353.6858013296, 86.15089080031355, 122.99688287720397, 88.78560887280183, 58.55212141214243, -0.0937365059481, -0.650094675155, 0.754049322516, -0.988905918197, 0.148457044236, 0.0050587519275, 0.11523260132, 0.745209647919, 0.65679831626,  
1318, 2235750.4983809786, 81.11694305832472, 136.67293682620874, 77.13353331365131, 50.63012206402551, -0.712983261151, -0.654461043713, -0.251665674218, -0.696974238238, 0.622227176672, 0.356455118975, 0.0766927672677, -0.429551024759, 0.899780048999,  
1320, 1291498.0478696541, 67.55669292605208, 91.16684363350201, 68.57856515772184, 49.3150901633232, 0.839651787018, -0.493480369588, -0.226852377966, -0.445825712715, -0.387677243861, -0.80681211473, -0.310200435912, -0.778577857008, 0.545520128076,  
1321, 1599551.0559950992, 72.5498467151298, 105.05931698316876, 75.69624841704697, 48.01761316695375, 0.136486941993, -0.805105420245, 0.577214498222, -0.652230428301, -0.511590992241, -0.559347946323, 0.745631801269, -0.300133168693, -0.594939743156,  
1333, 635925.0496358665, 53.34648074726677, 80.26623995846207, 50.48936089748325, 37.461445465706994, 0.46376371883, 0.882451289439, -0.0787587129395, 0.647883801584, -0.398432669569, -0.649228763584, 0.604292803814, -0.250062251424, 0.756504512657,  
1346, 1602887.0961547957, 72.6002485943466, 90.75148802989052, 82.6955243932296, 50.989242849218755, 0.572090343286, -0.112060675011, 0.812499257991, 0.652879325627, 0.661827106364, -0.36842023214, -0.496448612938, 0.741233624708, 0.451786994406,  
1351, 2016710.595473795, 78.37634202193313, 94.78787571576531, 88.39371697012761, 57.462006091265955, -0.171950626403, -0.767609983361, 0.617420355612, 0.446576866217, -0.619394369288, -0.645693207223, 0.878067243803, 0.164698296102, 0.449302110635,  
1369, 1690998.0863537195, 73.90687435116996, 103.12792139335046, 68.60243027487, 57.06091629737857, -0.263626988003, -0.672109139128, -0.691932161629, -0.0361808345478, -0.709912815455, 0.703359610487, -0.963945931268, 0.210459258654, 0.162834707722,  
1379, 1026047.560542883, 62.56905959271956, 97.16989866768014, 63.87740239643413, 39.46388946053488, -0.0656865775837, 0.345427019915, 0.936143924532, -0.318842112115, -0.896252762108, 0.30833535956, 0.94552894248, -0.278228611624, 0.169008457204,  
1388, 2328126.3745216136, 82.21908649258575, 129.39423908691458, 90.81555075066456, 47.29800027160486, 0.782997969801, -0.575178829342, 0.23681953797, -0.22877829295, 0.087742200789, 0.969516270558, -0.578424300978, -0.81330844117, -0.0628864656339,  
1391, 3315667.865511917, 92.50406198556693, 131.1967805739997, 87.01534108624325, 69.3367379863518, -0.632710029774, -0.64916039967, 0.422218893139, -0.723238999612, 0.30049012389, -0.621796618586, -0.276773133927, 0.69878212695, 0.659621233278,  
