# Void_ID, Void_Volume, r = (a*b*c)**(1/3.0), a, b, c, vector_a, vector_b, vector_c 

3, 2292531.998994032, 81.79792099788654, 113.24128564427272, 101.04390785741707, 47.83126550575393, -0.307646184021, -0.902323897259, -0.301936102333, 0.940629941171, -0.336243228646, 0.0464306467948, -0.143419452062, -0.269725926867, 0.952196820592,  
11, 3103242.3796540136, 90.48481360518795, 140.29899743115212, 83.8312128793373, 62.98929840762126, -0.631915202492, -0.527354329299, -0.567961784127, -0.0295608242243, -0.715885631098, 0.697591514326, -0.774473585431, 0.457608101499, 0.436789984904,  
12, 2936981.594665714, 88.83911125112502, 138.6546979113402, 96.70099855889472, 52.29342267313211, 0.671026588443, -0.405519059799, 0.620707346293, -0.437696371546, 0.459068070225, 0.773096626066, -0.598452340573, -0.790449744791, 0.13055265996,  
14, 591585.8803440981, 52.07665293699014, 106.76575763742433, 51.50624945738631, 25.68249885686747, 0.555081178772, 0.790595703012, -0.258540749886, -0.446843764267, 0.545585369688, 0.708990306505, 0.701580740406, -0.278019853177, 0.656116930075,  
20, 1529290.3573368248, 71.47164537842093, 107.71678931880673, 94.02286952938589, 36.048271002890885, 0.0388700274521, -0.192457636508, 0.980535149352, 0.538676319912, -0.822446620392, -0.182782326749, 0.841615674362, 0.535295819856, 0.0717038486609,  
39, 1165298.5869043998, 65.28040951679354, 120.19176337172165, 61.25681244703066, 37.78500721259043, 0.41372484681, -0.0449576054885, 0.909291243134, 0.77534192676, 0.540874608745, -0.326036124107, 0.477154741923, -0.839900869939, -0.258630781108,  
40, 1220289.1632823185, 66.2915308890541, 112.68900526657372, 52.62132299352292, 49.12819827695966, -0.779596565391, 0.410043061772, -0.473385553986, 0.528630222925, 0.025523209426, -0.848468416142, 0.335826268539, 0.911708974, 0.23665896156,  
48, 1780454.5183924823, 75.18780820868781, 138.00691010463646, 83.53297960980372, 36.87087715311563, -0.195006170727, -0.713117618778, -0.673376458727, 0.21620017669, -0.700923075412, 0.679679575943, -0.956676579089, -0.0130423979292, 0.290860480091,  
53, 984669.9601340044, 61.716415352336426, 106.627387762225, 70.01567230372494, 31.487490287708876, 0.0539566966755, -0.973891903022, -0.220506771127, 0.83204315622, 0.165942793862, -0.529308204502, 0.552080484234, -0.154911427578, 0.819273817801,  
55, 1416410.4891340956, 69.66802649175663, 114.19251489085913, 80.91881386021677, 36.594294532119555, -0.0829022262867, -0.554549529645, 0.828010893677, 0.993307584823, -0.113030603247, 0.0237513086523, -0.0804192937657, -0.82443853737, -0.560208742604,  
71, 661825.1806374266, 54.06110178306601, 110.07375167145695, 43.77365294006246, 32.79126103223167, 0.664698755969, 0.539160105059, -0.517186566846, -0.493348178754, 0.836611252314, 0.238094911792, 0.561055379025, 0.096891659159, 0.822088114531,  
85, 92535.7753877795, 28.059096738376653, 118.11071008902961, 56.02341326483355, 3.3385832765220917, -0.40790311928, -0.877406754203, -0.252532043433, -0.897857807862, 0.335272812247, 0.285383072779, 0.165729907207, -0.343146512508, 0.924545330858,  
102, 761827.662177921, 56.65732198042656, 155.91387215426624, 49.45181434506368, 23.58854433303627, 0.535785328399, 0.737469029384, 0.411185496549, 0.665637678234, -0.0693010362929, -0.743050366856, 0.519481051809, -0.671816044069, 0.528017650977,  
103, 3078919.729837987, 90.2477921035177, 141.89150818757352, 96.55346719534089, 53.65194598191234, -0.730221062154, -0.335577251945, -0.595117726474, -0.668522930799, 0.171309505762, 0.723692023053, 0.140905256758, -0.92630500442, 0.349434897234,  
111, 2494614.335755985, 84.13401246243043, 110.49814611798487, 92.16727420990635, 58.476728659704584, 0.179330624017, -0.979804572237, 0.0884507066832, 0.203280389763, 0.124872957289, 0.971125031948, 0.962557847834, 0.156172163848, -0.22156860069,  
120, 504298.00295343733, 49.37793000033958, 137.76803960678293, 69.74747245871058, 12.529152241683914, 0.592845685752, 0.799885945075, 0.0933620252342, -0.435697640394, 0.221083149538, 0.872519230244, 0.677275098494, -0.557946875483, 0.47957661025,  
126, 754088.1491024932, 56.46480536459069, 91.91575085010068, 62.647623018276306, 31.263598847434892, -0.922540252282, 0.378950303539, -0.0729119356983, 0.384469671583, 0.918821551122, -0.0891629341531, -0.0332047368919, 0.11028882374, 0.993344764322,  
128, 1343552.094236892, 68.45239277544704, 98.20383250583401, 69.99704641522204, 46.661398288895896, 0.450171369561, 0.884167926778, -0.124871194777, 0.838350418438, -0.370349753951, 0.400012044385, -0.307431803709, 0.284759788254, 0.907963407336,  
146, 1580687.4616354303, 72.26352341641315, 112.95684448617531, 72.37825144807869, 46.15691355513147, -0.986932320801, 0.146730726677, -0.0665934531917, 0.147740625519, 0.988970660197, -0.0104757262616, -0.0643218604409, 0.0201773912614, 0.997725198214,  
158, 869643.6637919657, 59.213069663111916, 96.46132561916586, 50.10066422060711, 42.95918347781421, -0.110931718387, 0.514581715922, 0.850235150705, 0.976246996627, 0.216628359208, -0.00373571463139, 0.186107376083, -0.829625103059, 0.526389810826,  
175, 799339.9177941877, 57.572395133453995, 82.967219383353, 64.47689834735415, 35.672390988592426, 0.951115910247, 0.305000631656, -0.0485091740284, -0.272826769653, 0.903398943997, 0.330810975856, 0.144720693186, -0.301404981172, 0.942449446012,  
185, 2146751.6933371965, 80.0259923550053, 124.86098078604846, 81.26884979435789, 50.50592734509632, 0.483033978574, -0.394906346575, 0.781490340937, -0.466278807524, 0.639428328496, 0.611322735036, -0.741122290312, -0.65968203716, 0.124729149162,  
186, 2140206.9171149656, 79.94458480808343, 108.0782785403919, 80.38571582663035, 58.80982023903775, 0.832192447471, 0.552726899584, 0.0441441372, 0.497958290866, -0.709959565235, -0.497990919886, 0.243912424715, -0.43640622155, 0.866057930431,  
195, 786136.8928937801, 57.253651418948884, 113.60376536713936, 90.10084054517469, 18.335299142325837, 0.581516008648, -0.540797159625, -0.607764398289, -0.672418669078, -0.740016987814, 0.0150993781933, -0.457921680162, 0.39989159767, -0.793973831402,  
205, 1105599.7602079445, 64.14602888767578, 132.25952948031173, 78.30172666966368, 25.486547842300702, -0.947333408632, -0.290267016708, 0.135294020197, -0.174389085348, 0.821903111878, 0.542276425449, -0.268603536464, 0.490122774106, -0.829235676091,  
223, 323130.730583284, 42.56930414436007, 88.25954550735968, 40.256833821474146, 21.71142614604375, -0.806219941429, -0.200528833831, -0.556594639612, -0.530470674294, 0.661563190999, 0.530033025414, -0.261935621396, -0.722580328488, 0.639740102796,  
261, 56102.96266397656, 23.74829283838924, 139.94475828542005, 26.691612091371937, 3.585632252354515, -0.859324317186, 0.495711389303, 0.125825022985, 0.48989467053, 0.868480290886, -0.0757970720329, 0.146850024445, 0.00349325898982, 0.989152600695,  
271, 2247463.6167304157, 81.2583538756433, 138.2161020007063, 101.86462470735815, 38.10851540877982, -0.524255930736, 0.0446186709962, -0.850391023757, -0.8494605115, -0.0974947362763, 0.518566886525, 0.0597708832935, -0.99423535976, -0.0890139927953,  
299, 1789463.170804924, 75.31440540279372, 97.3226057573557, 73.4320884657783, 59.77705935964058, -0.296733958144, -0.544147271576, -0.784762833549, -0.9547653956, 0.152450608463, 0.25530736641, 0.0192872353714, -0.825022762605, 0.564770257482,  
315, 1615539.508595826, 72.79077187437912, 98.12711675448524, 77.43535317333429, 50.75755013823813, -0.565917244249, -0.700879654442, 0.434172065719, -0.813689076792, 0.559655711273, -0.157148245772, 0.132844868062, 0.44221396951, 0.887016936817,  
331, 3501933.0486510783, 94.20480967851732, 117.32712893649867, 99.44236211073054, 71.65547088963066, 0.359489700153, -0.92000796357, 0.156052883509, -0.0527975704775, 0.146911153242, 0.987739606174, 0.931654212697, 0.363321427968, -0.00423886113171,  
350, 657792.8423891413, 53.951084372248815, 126.07354934290146, 86.80002571698626, 14.35015858985519, -0.507685640508, 0.688277498245, -0.518198201301, 0.861520874556, 0.409825607319, -0.299707781496, -0.00608877050727, 0.598595904592, 0.801028008174,  
360, 1582397.0608413566, 72.28956633613168, 106.83161445296936, 82.8832822951769, 42.6638580116721, -0.0621188113857, -0.458806529099, 0.886362128099, 0.711499295818, -0.643156384834, -0.283052321486, 0.699935715136, 0.613063156211, 0.366392632532,  
365, 1181303.1508441973, 65.57791195840834, 105.14444975719103, 93.27984102297725, 28.754022166244557, -0.370814428442, -0.871145969633, 0.321871650277, 0.638580354532, 0.0124785184933, 0.76945397353, -0.674323209199, 0.490865547955, 0.551669487434,  
370, 2080458.1395356639, 79.19360702425239, 109.35397214440087, 78.14737116375515, 58.119442070211605, 0.459893280918, 0.173931306555, 0.87077326025, -0.627353475273, -0.630361882645, 0.457243385925, 0.628431211216, -0.756565791923, -0.180782784749,  
393, 814789.9240833034, 57.940959143047195, 83.11722767767954, 55.17360444100578, 42.41648090700082, -0.525950309056, -0.358306332725, 0.771357792683, -0.809331708536, 0.489640892361, -0.324397876203, 0.261454504573, 0.794901483491, 0.547515455108,  
397, 191443.12335159292, 35.753375814631745, 125.4280807450963, 37.07938120252894, 9.82706677378157, 0.0860518772591, -0.898009693517, -0.431478463853, -0.927735845227, 0.0856483196779, -0.363277534148, -0.363182152508, -0.43155875114, 0.825745583345,  
400, 2485114.879884126, 84.02708291143774, 130.98941748108882, 101.12177500428585, 44.78957746271087, -0.971635082537, 0.224868293947, -0.0732087205204, -0.140689912098, -0.300822559397, 0.94324553346, 0.190083179205, 0.926790180211, 0.323926452837,  
406, 346264.14488805004, 43.56184894076795, 131.0995150324074, 61.5320559646669, 10.247464029858405, -0.0447287455007, 0.301494086767, 0.952418319317, 0.201200456365, 0.936555327255, -0.287023510096, -0.978528341789, 0.178788798961, -0.102551692729,  
411, 1047539.5253975068, 63.00290910617403, 115.07299025520724, 83.18216419950646, 26.12631718813675, 0.546990543277, -0.749140238022, 0.373617785097, -0.711041366553, -0.651317413412, -0.264963774952, -0.441838794829, 0.120725021274, 0.888934164391,  
431, 789777.6523066217, 57.341899751248704, 107.64859270381204, 91.97455766271864, 19.04321045061854, -0.968321610341, -0.19239746432, -0.15917435305, 0.0366850999888, -0.740139342692, 0.6714521255, 0.246996887399, -0.644342276374, -0.723751040409,  
433, 740133.4549392763, 56.11433346488086, 150.74703863120743, 51.32341292263623, 22.83794949061345, -0.509009585567, 0.555935699791, 0.657148947727, 0.818201503114, 0.549588877396, 0.168814591032, 0.267311694663, -0.623608501819, 0.734613431919,  
450, 2113152.8752956074, 79.60629944854391, 134.2703445898189, 83.24786291566629, 45.13247090788897, 0.784476374201, -0.212574518311, -0.582588098475, -0.55014126269, 0.195079217723, -0.811965941342, -0.286254099371, -0.957473849762, -0.0360890234819,  
456, 785524.6461527384, 57.23878443006847, 91.294246547072, 81.80778666590926, 25.109216125835136, 0.52856172896, 0.773205268284, -0.350394223378, 0.574673831355, -0.629715495905, -0.522693391743, -0.62479795633, 0.0749133320222, -0.777184345217,  
460, 1742341.6533900874, 74.64743740894421, 120.37600519522896, 71.98491027679128, 48.002440231670946, 0.370552604614, -0.479744587214, -0.795321254747, 0.583269916417, -0.546193264049, 0.601223022606, -0.722832602901, -0.686671718761, 0.0774272486699,  
479, 713489.4947901454, 55.432737269434455, 134.30274472147198, 84.23295109467337, 15.056778757633838, 0.642875468998, 0.750045276026, 0.155380871639, -0.493788711901, 0.250741101767, 0.832647349053, 0.585562839805, -0.612013875493, 0.531559194112,  
480, 1883807.5506421407, 76.61538259503159, 122.23849034602046, 80.19375341696859, 45.8774642505343, 0.187957987234, -0.98078000887, 0.0523676353938, -0.900530356405, -0.150804675626, 0.407802681455, 0.392067433265, 0.12380841656, 0.911567114239,  
488, 1869225.1006170625, 76.41717847018676, 125.44536635389424, 72.50537811405728, 49.06232771657253, 0.243976200436, 0.269951512267, 0.931451445136, -0.806896398847, 0.589298679055, 0.040561908134, 0.537953357781, 0.76148095701, -0.361597755749,  
494, 1937227.4682413584, 77.33284771934703, 103.56232846149545, 83.38836899150489, 53.55311325474737, -0.627263298763, 0.306199896769, -0.716088246827, 0.399307567833, 0.915861531044, 0.0418464123286, -0.668651045237, 0.259690737556, 0.696754261222,  
503, 1752038.3838243803, 74.78566085749856, 117.26865147871796, 65.54617820251286, 54.41588562661245, 0.613146656081, 0.475342129449, -0.630952484825, 0.556131535678, 0.307513675966, 0.772109483246, 0.561042683903, -0.824308922106, -0.075801766305,  
513, 1894467.267898808, 76.75962285695365, 109.22350269995663, 85.43495087355656, 48.4670763520933, -0.887251794429, -0.105187050639, 0.449132427755, 0.186843642998, 0.808256768436, 0.55839990092, -0.421750763312, 0.579358853091, -0.697473736417,  
514, 2105370.0809969883, 79.50844856444857, 132.0855399419074, 79.43187239908086, 47.90598363436412, -0.973829214894, -0.0738882458512, 0.214935309673, 0.122761884616, 0.624866332973, 0.771019834766, -0.191275141889, 0.777227504044, -0.599442430141,  
534, 1630743.8913381174, 73.01841199646373, 107.60501001528387, 66.76085226986693, 54.19294925388768, 0.773989590103, 0.626256161574, 0.0935057993047, 0.437870873604, -0.422691362528, -0.79347407651, 0.457393935751, -0.655084141264, 0.601378046991,  
543, 1564764.9913077045, 72.02006415588852, 117.77104552168944, 82.96479755422901, 38.23209735242327, -0.754080549437, -0.337997282843, 0.563134408246, -0.655750368075, 0.339423198059, -0.67437626544, -0.0367964635486, 0.877809620254, 0.477594274317,  
545, 405026.20028221316, 45.89846584186053, 81.72272812487248, 40.79065392300794, 29.006209852082655, 0.826148281901, -0.00625157233662, -0.56341808114, 0.345386932857, 0.795666238123, 0.497617427471, 0.445181853767, -0.605703025711, 0.659497506987,  
548, 1343386.9168935895, 68.44958746361321, 121.2083577925711, 88.09289641336753, 30.035789260430814, 0.0729139554727, -0.951304650468, -0.299504619489, 0.335650170802, 0.306192607988, -0.890833906884, 0.939160538959, -0.0355745528676, 0.341631282599,  
560, 2154316.309083312, 80.11987935333882, 127.9917417835492, 79.07248246706939, 50.817528231055775, 0.656542653873, 0.345104202258, -0.6707121836, -0.471712171884, 0.881715620738, -0.00807409707525, 0.588591004469, 0.321684089956, 0.741673766373,  
568, 779316.2668820968, 57.0875901885998, 91.89456100420902, 83.96192759267414, 24.113093171826183, -0.308430551037, 0.871448182721, 0.381377319749, -0.718826105934, 0.0490683081994, -0.693456076877, -0.623024577857, -0.488027013558, 0.611285538373,  
591, 931006.9073629188, 60.574257296839576, 107.3389482595274, 80.78240606261394, 25.63245324919934, -0.145762728675, -0.716818285622, 0.681853923013, -0.989168070549, 0.117658714526, -0.0877664805124, 0.0173134379803, 0.687261211109, 0.726204015804,  
594, 2073212.0690981357, 79.10155839454968, 89.09843760606024, 77.19018105128983, 71.96527197232795, 0.682870603938, -0.336231114276, -0.648564858799, 0.410631278142, -0.557605938055, 0.721427453911, -0.604209973179, -0.758962618077, -0.242705691473,  
595, 3999001.324599563, 98.46630616355962, 113.22137421703862, 101.29684115551575, 83.24125405456205, 0.657648628541, 0.67523983612, 0.333990187123, 0.128556531541, -0.537447590601, 0.833440643091, -0.74227454461, 0.505174475874, 0.440258162162,  
596, 4124165.2904221974, 99.48306364422264, 107.71825751545134, 101.21011746570036, 90.3096595591716, -0.179035321553, 0.217394183276, 0.959523904191, 0.48323827087, -0.830099216281, 0.278237425047, 0.856987238647, 0.513492999181, 0.0435638908844,  
597, 3399351.2363156755, 93.2758345944856, 102.63237669484772, 97.39646670928063, 81.1857566477528, -0.604833495143, 0.162914732827, 0.779509610576, -0.666406470965, 0.432349151583, -0.607434462787, -0.435980341998, -0.886866957865, -0.152931816302,  
598, 1591021.235262279, 72.42065620140497, 95.57584958639048, 89.52840879288887, 44.3893038304565, -0.791613500494, 0.480352642668, -0.377636603783, -0.311706756327, 0.214099405211, 0.925743130003, -0.525534931185, -0.850542640536, 0.0197548154735,  
599, 3551816.326607194, 94.65000254414286, 102.45364287247492, 94.73806548795773, 87.35946639558794, -0.950252542307, -0.157386400888, -0.26879290663, -0.311214821384, 0.444103671173, 0.840188826516, 0.0128623788525, -0.882043904841, 0.47099162322,  
600, 3307245.704412185, 92.42567207744709, 99.2614957257083, 92.89650097591054, 85.62442743546598, -0.183647739696, -0.885924126869, -0.425924816296, -0.151393667422, -0.402633345698, 0.902754865064, 0.971263849409, -0.230271210454, 0.0601805987608,  
601, 4050197.7651018393, 98.88472424824721, 114.9906748516394, 95.37430063165667, 88.16447612855889, -0.468676156175, -0.210425171787, 0.857941669178, -0.072576398856, 0.977103279194, 0.200004620242, -0.880383624883, 0.0314710798547, -0.473216910275,  
602, 3949800.522804902, 98.0608193952658, 103.80993820478545, 101.59474150648875, 89.40800234239596, 0.415497406965, 0.779888475767, 0.468119504156, -0.696384430343, 0.603824904648, -0.387871382938, -0.585158636594, -0.164831580387, 0.793989874071,  
603, 3650690.640990201, 95.52025526592065, 112.38557605272548, 94.45292792400353, 82.10326387860378, -0.098510718193, -0.973619748522, 0.205815994738, -0.495531424054, -0.131363651687, -0.858598974371, 0.862985658152, -0.186569494571, -0.4695184528,  
604, 1700367.8553387143, 74.04312824855054, 106.7126671609735, 77.08706897489668, 49.3465470622055, -0.858557853291, -0.510846026578, -0.0437578527984, -0.503269382448, 0.855971242057, -0.118461645531, -0.0979711245311, 0.0796841885296, 0.991993996381,  
605, 3532837.4937371984, 94.48111659130126, 105.39405903155019, 92.45022365476727, 86.55874571875498, -0.0689054687055, -0.848231717532, 0.525123785174, -0.265709379022, -0.491757194825, -0.829200450578, 0.961587521904, -0.196666760566, -0.191498362933,  
606, 2109572.4955578637, 79.56131423399839, 104.53065445090543, 90.16996585113665, 53.43185729659412, -0.319464601148, -0.846765342972, 0.425359639076, -0.938000047796, 0.346306651765, -0.0150868578063, 0.13452984408, 0.403807078796, 0.90489864856,  
607, 3231603.465201148, 91.71558741424644, 100.59273785812813, 91.02118759675618, 84.25978169113927, 0.37162583033, 0.870193500286, -0.323508136361, 0.328043619576, 0.202901922138, 0.922614867455, 0.868493883621, -0.448992296206, -0.210057830275,  
608, 1178833.7910274358, 65.53218606472554, 112.35273833943121, 60.07696851113088, 41.693878375307655, 0.696427467431, -0.500876899531, 0.513917419556, -0.64826807902, -0.131946434258, 0.749892416424, 0.307794217507, 0.855401934767, 0.416593626531,  
609, 2385666.6849611416, 82.89093761856714, 99.16737762466201, 95.00709138014595, 60.449999989208564, 0.246713314373, 0.932715442829, 0.263010348123, -0.78032940577, 0.0302685947274, 0.624635758394, 0.57464646436, -0.359340666891, 0.735292952582,  
610, 2952300.150839175, 88.99329763715524, 104.27280455689531, 91.18020743008816, 74.13107003268973, 0.436718370843, -0.868842660403, -0.233215557012, -0.0318573652306, -0.274018224789, 0.961196712835, 0.899034022075, 0.412342629312, 0.147347830672,  
611, 3656051.329783973, 95.56698650870445, 100.078151479217, 96.54654016084201, 90.33326031868239, 0.114386520532, 0.719394290001, 0.685118660842, 0.990782585398, -0.132985765991, -0.0257808943938, 0.0725644016885, 0.6817526249, -0.72797511362,  
612, 2513088.073537275, 84.34118526153615, 114.98054179647124, 96.74393149607289, 53.93504143760553, 0.918442786256, 0.186444768148, -0.348856986177, 0.36420169136, -0.0544785138972, 0.92972534629, -0.154337216461, 0.980953841908, 0.117938898,  
613, 2890493.7088966435, 88.36788751493633, 103.89324124900736, 85.35139927520365, 77.81896998582612, 0.736188030213, 0.566304105147, -0.370576368196, 0.595047265447, -0.280775332263, 0.753049775697, -0.322406476449, 0.774896685556, 0.54368114797,  
614, 3350697.1260581426, 92.82868278092056, 100.8942747815783, 93.43759111702418, 84.85128179724933, -0.558943931665, 0.0635093335877, 0.826769765897, 0.817326937612, -0.125964881126, 0.562236183269, -0.139851200598, -0.989999703672, -0.0184994167774,  
615, 2584264.616001783, 85.13003082347596, 110.25738351153306, 85.63319018147551, 65.34292424394532, -0.813209851473, -0.55121032944, 0.186700054058, -0.581771530643, 0.778353431628, -0.236025044445, 0.0152191852567, 0.300554667558, 0.953643155593,  
616, 3271167.0410725046, 92.08835267797942, 103.11118595894857, 90.53200748253563, 83.6577499793638, -0.331136331911, 0.800737589783, 0.499167348688, 0.942544777174, 0.255889232524, 0.214779057874, -0.0442501153812, -0.541608726838, 0.83946525497,  
617, 2761369.5376365324, 87.03193513952152, 107.41641275826127, 86.09800327791861, 71.28073936544251, 0.994703627061, -0.0063013227156, 0.102591362419, -0.102784293572, -0.0581783036694, 0.993000842888, 0.000288627331243, 0.998286320809, 0.0585178466801,  
618, 3425129.501845807, 93.51102032678736, 125.73649950396855, 84.91696728244041, 76.58303020870461, -0.695302220951, 0.565190139376, -0.443976269515, -0.0653785645028, 0.565435090249, 0.822197544401, 0.715737706736, 0.600702309857, -0.35619695407,  
619, 3722824.1633932306, 96.1452806737576, 110.57203616896443, 106.77193466793449, 75.28032677410137, 0.210078054717, -0.693426823939, 0.689221626742, 0.885432734502, -0.163990119621, -0.434874824909, 0.414579405662, 0.701617046906, 0.579532083574,  
620, 3742904.509452567, 96.31783512992385, 106.20229726243514, 95.4386085950064, 88.15808097184912, 0.0499280844579, 0.707300713528, 0.705147422193, 0.550658676917, -0.608517181331, 0.571385912988, 0.833235985732, 0.359767342414, -0.419863372317,  
621, 3785582.0834357576, 96.68253285993485, 112.31791409790425, 96.41272310382597, 83.45659841652122, -0.205948616952, -0.808354274363, -0.551496631263, -0.69998025776, 0.515523823045, -0.494229528276, 0.683822203443, 0.2842508663, -0.672003451692,  
622, 2892221.5210387786, 88.38549150835318, 107.39259923675938, 91.57531050180481, 70.20858017394947, 0.482316784445, 0.875300278294, 0.0349276718571, 0.744532343785, -0.388598893495, -0.542828231611, -0.461564847559, 0.287819948567, -0.839117136463,  
623, 2964454.2333491365, 89.11525350418756, 112.38383213532198, 85.30542565553223, 73.82027341121618, 0.410231840406, 0.0112429100111, 0.911911966196, -0.426411971165, -0.881526034986, 0.202693563017, 0.806153005306, -0.47200153243, -0.356835936279,  
624, 2701627.9408529, 86.39971501306658, 120.30727656572122, 108.10044468447347, 49.592677202024184, -0.640184753023, 0.4936689204, -0.588603838781, -0.230273927248, 0.607645403875, 0.76009274538, -0.732896582354, -0.622139904025, 0.275326241745,  
625, 3499175.198607568, 94.18007372413093, 107.09855808817002, 94.2293211462417, 82.77656341162178, -0.965322360178, 0.0486390469093, 0.256489734796, 0.174372230071, -0.611056683913, 0.772142509143, 0.194286042525, 0.790091116366, 0.581385381239,  
626, 2459787.9507950163, 83.74065499605236, 100.26715077685176, 81.85276815721042, 71.55121537848423, -0.456595163214, 0.714807010116, -0.529690282352, 0.0276422291183, 0.606485929542, 0.794613569251, 0.889245052895, 0.348174892198, -0.296677401135,  
627, 3073188.273045229, 90.19175809852534, 103.32801431509202, 87.97155544768063, 80.71238926599693, 0.190835090738, -0.587392077147, 0.786481096943, -0.9065224662, 0.201894904229, 0.370749869752, 0.376562061841, 0.783714868655, 0.493955482033,  
628, 1289011.9603652242, 67.51331701002503, 131.41171979318005, 83.57314646290666, 28.01995835469753, -0.618802609432, 0.277590646705, 0.734865132811, -0.187326457122, -0.960639619428, 0.205134882571, 0.762884086229, -0.0107216811711, 0.646446375604,  
629, 3666009.415025223, 95.6536739749302, 108.42608412255865, 94.9805364323775, 84.98388394201844, 0.676421922508, -0.526271842933, 0.515258508018, -0.290641617522, 0.452083754263, 0.843295754344, -0.676742811498, -0.720179301609, 0.152842862507,  
630, 2908412.733759214, 88.55011768392296, 94.81403931388589, 91.95229445807865, 79.64017553743015, 0.850546037218, -0.277110808786, -0.446968721755, 0.135858075559, -0.705282438499, 0.695786795829, 0.508049231747, 0.652523012314, 0.562227441986,  
631, 3064589.2922439193, 90.10755871479468, 104.04443269185438, 92.0058937076921, 76.42741588343668, 0.627818541612, 0.756497013108, 0.183183372514, -0.549549567288, 0.264145642292, 0.792604789761, -0.55121606644, 0.598280326282, -0.581568138125,  
632, 3244967.163504109, 91.8418378270709, 99.62640092855405, 90.16786141418153, 86.23736665932402, -0.486207620905, 0.62218192122, -0.613589281426, -0.0983738249591, 0.658737574568, 0.745913800928, 0.868288396753, 0.423030099117, -0.259076813521,  
633, 3842527.6638531866, 97.16491263442387, 109.61713694139677, 96.22200927364474, 86.9712110247727, 0.272306772143, -0.467532111095, 0.840989147932, -0.610795822554, 0.591354888851, 0.52652431908, -0.743490070543, -0.657048796154, -0.124536719393,  
634, 3360081.079423963, 92.91526059445619, 120.70746016809771, 90.48841510618787, 73.44023438142827, 0.567131380265, -0.777971173289, -0.270412372222, -0.761415767819, -0.370054644968, -0.532264584821, -0.314019149155, -0.507760192679, 0.802229119825,  
635, 4177503.80211092, 99.91010487410219, 119.13488860895347, 99.31238650740538, 84.29190386958074, 0.849160623343, 0.473820317906, -0.233282108408, 0.321822849998, -0.11399817394, 0.939911947768, 0.418755643524, -0.873211728436, -0.249288965538,  
636, 3475104.216916674, 93.96362032779918, 108.73970457625003, 88.25544749935992, 86.44692586759227, -0.205461568037, 0.897539864245, 0.39013809882, 0.134774202968, -0.368895781998, 0.919647658747, 0.969340733836, 0.241532801323, -0.0451713140237,  
637, 3185772.7872530515, 91.27995058575274, 103.8714520105555, 90.97182651576239, 80.48650547389367, 0.610327749106, 0.0051075999498, 0.792132533793, -0.543142592739, -0.725211304894, 0.423160356373, 0.576624802296, -0.688507426014, -0.439842428263,  
638, 453344.5650884546, 47.655526069588674, 102.99281039369511, 64.16883914461857, 16.37603329131514, 0.426058629398, -0.876458121938, -0.224265924306, -0.806330147139, -0.255471236902, -0.533447411588, -0.410250823436, -0.408112248781, 0.815560331469,  
639, 3487690.4490538305, 94.07692369439205, 101.3372242772052, 93.49399881876718, 87.88132233145004, 0.836607219551, 0.0719587807655, 0.543056437275, -0.418582402392, 0.72346770543, 0.548983835471, 0.353379587134, 0.686597708321, -0.6353789848,  
640, 3187267.6863780543, 91.2942258223079, 96.8393763399573, 93.92024305494758, 83.66016923276177, 0.259341034125, 0.638588135138, 0.724532553914, 0.962102783069, -0.236279703795, -0.136125443564, 0.0842642440777, 0.732377699849, -0.675664444776,  
641, 1090908.395902479, 63.86063387118835, 133.69904725749427, 72.79141721727643, 26.76031291474104, -0.260234425447, 0.177877930356, 0.949019223043, 0.964369752268, 0.0963730585833, 0.246380223413, 0.0476342809575, -0.979322048905, 0.19661968316,  
642, 2838489.023169795, 87.83471637435278, 99.77788045058078, 89.38542001539975, 75.9797132989604, 0.153838775439, 0.778355466857, 0.608684153223, -0.964723726632, -0.0148736520162, 0.262843880941, 0.213639327943, -0.627647625415, 0.748609842219,  
643, 1759501.8590036633, 74.89170309810855, 125.86851394836651, 93.66148449386264, 35.63058714938531, -0.0389726029158, -0.994561516078, -0.0965842997557, -0.463610122718, 0.10362188045, -0.879959180875, 0.88518178378, 0.0104831593241, -0.465127200919,  
644, 2085786.889940415, 79.2611631668616, 126.39225238768232, 90.75148295262164, 43.41173470390311, 0.119159617452, -0.53288016409, -0.837758745874, 0.239769471415, 0.834241812678, -0.49653922157, -0.963489276612, 0.141701547979, -0.227176330533,  
645, 3101367.7013002997, 90.46658921597344, 103.00350542137728, 101.53495282898481, 70.7941014876095, -0.046687976304, -0.298520215926, 0.953260674502, -0.998447702262, -0.0150689876654, -0.0536200658255, 0.0303713469742, -0.954284342476, -0.297353283131,  
646, 1446544.4783844939, 70.15862369418556, 106.45667188463189, 66.28749406891879, 48.93715260614973, 0.591463176759, -0.627309088663, -0.50661091364, -0.295439531286, -0.753195022643, 0.587718249861, -0.750257818281, -0.197940812232, -0.630819023937,  
647, 3381978.8894948633, 93.11666810658488, 114.05617305962971, 91.52558936328948, 77.34298927936867, -0.835388136716, -0.537428397868, -0.115314258441, -0.0635625718958, -0.113930131668, 0.991453339574, -0.545972948495, 0.83557802883, 0.0610155492319,  
648, 3394438.7910810993, 93.2308815728147, 97.57258421340391, 95.12716734045141, 87.30658485628271, 0.883754378731, -0.194455980973, 0.425634901692, 0.198866418556, 0.979417497293, 0.0345472656934, 0.423592192616, -0.0541131911822, -0.904235266341,  
649, 3376285.649678734, 93.0643877409725, 109.43003360635429, 88.74531065809975, 82.9981910392086, 0.885304371834, 0.366928252975, -0.285656833245, 0.165046175047, 0.326362426683, 0.930724087231, 0.434736620626, -0.8711206711, 0.228369978474,  
650, 3369886.6082331706, 93.0055558803309, 100.87842007090872, 95.75612539699846, 83.28405107530634, 0.0290979694918, 0.720849395193, 0.692480655052, 0.858907273653, -0.37239911427, 0.351563927268, 0.511303826933, 0.584546875058, -0.629978846806,  
651, 1269833.376900094, 67.17680991436765, 110.46810868660737, 65.70667839225885, 41.76492414502427, 0.716405973098, 0.0233932443813, 0.697291357918, 0.571183940403, 0.554252689487, -0.605436092764, 0.400638724957, -0.83201965861, -0.383708091849,  
652, 2928546.4267948675, 88.75397947523885, 102.5038941540094, 87.1605680413254, 78.25337681233209, 0.840329888547, 0.497776881827, 0.214624915452, -0.282453540436, 0.0641438806856, 0.957134034535, 0.462672320233, -0.864929903801, 0.194500862727,  
653, 3439787.558533926, 93.64422591352115, 110.38620994446865, 92.75794788090585, 80.20049665258172, 0.018864159655, -0.73677907733, 0.675870353462, 0.834096178723, -0.361140531566, -0.416966522756, 0.551296388633, 0.571606602191, 0.607732000319,  
654, 3010240.6036028783, 89.57171028142585, 98.27928389401586, 85.9357114341613, 85.08968973153853, -0.0887724349946, 0.654559524733, 0.75078044951, 0.22754580365, -0.720497140049, 0.655062423303, 0.969712515144, 0.228988427139, -0.0849819875635,  
655, 3207211.4639410707, 91.48424931353132, 98.87999211833166, 90.78873944774166, 85.29009084131374, -0.433193966489, 0.0339960575619, -0.900659344851, -0.0109921553755, 0.999014794388, 0.0429955010892, 0.90123368774, 0.028525579117, -0.432393491415,  
656, 3639459.5213381588, 95.42220062922384, 100.60725136311184, 98.19748818001754, 87.94651226450608, 0.271176708667, 0.779949623322, 0.564040581657, 0.560859337144, -0.604275925217, 0.565939405009, 0.7822403701, 0.162877841595, -0.60130758527,  
657, 3138984.9104358894, 90.83088371493429, 106.69026204027683, 87.87248695613302, 79.9324121379584, -0.803098163123, -0.547770828477, 0.234479124567, -0.59552094872, 0.724884921347, -0.34626095714, -0.0197012695922, 0.417718769357, 0.908362752265,  
658, 3762584.755387257, 96.48635363899061, 107.85997295686293, 96.5272925828204, 86.27545334305219, 0.254054288915, -0.85102665123, 0.459575953657, -0.849749504262, 0.0305429337928, 0.526301158275, -0.461933110191, -0.524233505312, -0.715399911671,  
659, 3446956.074975377, 93.709232291385, 108.19986995299311, 87.9902666095427, 86.43423000762826, 0.745338648982, -0.0698670875696, -0.66301499863, 0.377920254225, -0.774997642155, 0.506512523143, -0.549223615461, -0.628090156529, -0.551231508072,  
660, 3439085.82498633, 93.63785751984742, 101.09308870518558, 93.6564925039661, 86.71516401757077, -0.430781976859, 0.835395061449, 0.341382453738, 0.90047080889, 0.422971021731, 0.101231601358, 0.0598265054219, -0.351013683612, 0.934457159621,  
661, 3614978.3293467425, 95.20776340737405, 118.67589579400025, 105.28980156246023, 69.06662957752528, -0.374903359161, -0.57465677119, 0.72747306934, -0.901011332095, 0.410582244439, -0.140002857067, -0.218233935779, -0.707949020676, -0.67170092556,  
662, 3559483.0853290185, 94.7180557286266, 106.22837289791285, 93.13054087071419, 85.89456202712306, 0.220362067467, 0.203935558962, 0.953861020806, -0.243229045565, -0.935520406439, 0.256205387395, 0.944605838758, -0.288464654555, -0.156550159558,  
663, 3355216.4978052424, 92.87039935852148, 102.49209027949414, 92.82755733909802, 84.19080579993387, 0.419145107023, -0.710648097505, 0.565063413054, -0.850374311519, -0.52532822599, -0.0298962420218, -0.318089467867, 0.467984547278, 0.824505642152,  
664, 3027401.9215745986, 89.74160331195608, 99.5721108453692, 88.96158448912263, 81.59081091982799, 0.506087919317, 0.34493716798, 0.790501972209, 0.741793088243, 0.29352153077, -0.602982690639, 0.44002049061, -0.891551154517, 0.107324306303,  
665, 3059394.62389605, 90.05661729306277, 118.17631182336933, 85.90840459478372, 71.94171790009732, -0.889412289309, -0.0462647858199, -0.454758561458, -0.39973858057, -0.403814811277, 0.822886787716, 0.221708923659, -0.913670163564, -0.340664035941,  
666, 2512481.6240118286, 84.33440041023354, 113.05164141475844, 98.39739920389685, 53.920485376477515, -0.732193314895, -0.67769125555, 0.068025816964, -0.679931658305, 0.721446113736, -0.131180962836, -0.0398232301263, 0.142302730566, 0.989021760739,  
667, 3379678.558363778, 93.0955515000062, 98.34738084711279, 94.7731702624004, 86.56425191650715, -0.264701480084, -0.938515612279, 0.221633869141, -0.0388379491835, 0.240020748525, 0.969990543243, 0.963547995766, -0.248150127517, 0.099983869043,  
668, 3586128.203584662, 94.95381116601241, 114.46547001879021, 94.41856558606527, 79.21461356929859, 0.694641917205, -0.06391806157, -0.716510354612, 0.425519600834, 0.839605123786, 0.337633389075, 0.580004893227, -0.539423504788, 0.610423300927,  
669, 3024070.071294055, 89.70866909391968, 96.20325530351785, 90.78697835204989, 82.65895512106908, 0.548862303722, 0.675568491091, -0.492298065605, 0.335502310902, 0.36138180769, 0.869966314549, -0.765629395291, 0.642658854227, 0.0283059384416,  
670, 3282763.4704068108, 92.19704341207355, 99.92411240379414, 95.35793039058464, 82.24771983629132, -0.397223004864, 0.895791183323, -0.199429286436, 0.91771961068, 0.388237345815, -0.0840385595263, -0.00214489616091, 0.216402216246, 0.976301941115,  
671, 3650761.2560204337, 95.52087114228368, 105.18497658120864, 97.21114683838849, 85.23638891231147, 0.871900925595, 0.152905870984, -0.465197345827, -0.188599829218, 0.981569256916, -0.0308528490785, -0.451905831302, -0.114636767645, -0.884669164795,  
672, 3478876.9331892217, 93.99761162213458, 109.20754086868672, 104.94583637401799, 72.46572065596379, -0.372294755312, 0.101718325567, 0.922523711029, 0.285405052645, -0.933265544711, 0.218081129353, -0.883142440998, -0.344483389003, -0.318418943545,  
673, 3939864.0889812685, 97.97852046627949, 109.83553325635285, 103.22274590538659, 82.96107298923928, -0.894192832086, 0.339042862574, 0.292351015704, -0.352478597567, -0.935792569459, 0.00714879033792, -0.27600365451, 0.0966550789345, -0.956284360645,  
674, 2944612.8594805077, 88.91598932287131, 118.50969444497895, 85.93443904172408, 69.02691600406656, 0.5400232636, -0.114911118893, -0.833768738636, 0.33750350545, -0.877933006648, 0.339595376362, -0.771016380228, -0.464789275471, -0.435321342031,  
675, 3179076.6654582894, 91.21595246588582, 99.92438431794179, 95.82953765679899, 79.25770964854289, -0.704480519447, -0.598578710108, 0.381327582959, -0.704756509819, 0.653452659465, -0.276256916125, 0.0838180146999, 0.463360712236, 0.882196911561,  
676, 3274908.697784104, 92.12345041814365, 103.08534719313747, 94.43255896598772, 80.31411735760325, -0.11464190263, 0.93486463806, 0.335984140499, -0.598726611732, -0.334906752303, 0.727573990509, 0.792706552619, -0.11775217946, 0.598122684461,  
677, 2730651.499549966, 86.70801068573999, 104.53798623994949, 81.49380130319322, 76.52070479639268, -0.854329012553, -0.25377405934, -0.453564400186, -0.499539384163, 0.160048366456, 0.851378249701, 0.143465473128, -0.953930420524, 0.263504100194,  
678, 3163002.121105987, 91.06195249502849, 127.86121364521055, 98.69802644909642, 59.836141811808425, -0.0940542736404, 0.987145165017, 0.129221580218, 0.553210086248, -0.0560919495529, 0.831151185807, 0.827715164826, 0.149660002604, -0.540822974306,  
679, 3003211.665202009, 89.50193903613838, 104.55309961223067, 87.40198674601483, 78.4583400644336, -0.9041402144, 0.426558511115, -0.0240480622778, 0.0209573535634, 0.100500595756, 0.994716250789, 0.426721527505, 0.898858980512, -0.0998061677271,  
680, 1568331.6567418717, 72.07474255891113, 101.0864152687319, 66.94433348762638, 55.32770826592165, -0.26324890527, -0.617187665933, 0.741471104558, -0.933999308932, 0.355486449117, -0.0357025966827, 0.241547727767, 0.701932168742, 0.670034272031,  
681, 4173468.289801723, 99.87792310759399, 105.13172009177642, 98.63664848449935, 96.08076039240906, -0.779004700544, 0.625561586698, -0.0427127355597, -0.0561284117298, -0.00172478427888, 0.998422068324, 0.624500823, 0.780172882359, 0.0364553933612,  
682, 2894549.936564917, 88.40920372486188, 111.01406355710148, 82.62859967396437, 75.33278867889521, 0.453388677612, -0.377443197626, 0.807449899114, 0.430269228194, 0.886048937972, 0.172585256578, -0.780581256681, 0.269172643642, 0.564126749617,  
683, 3240824.8790148254, 91.802741693027, 115.51400298808369, 86.72408180164535, 77.23116933568123, -0.54694995732, -0.679220936519, 0.489392136821, -0.836444551632, 0.46762959532, -0.285802508081, 0.0347311996961, 0.565669056052, 0.823900638908,  
684, 2636376.033855029, 85.69843977501932, 114.78317745336162, 77.77819433771845, 70.49894961211722, 0.457751121915, 0.887829153742, -0.0471519262691, 0.806142564332, -0.436832694819, -0.399138275175, 0.374964100093, -0.144694818505, 0.915677526829,  
685, 2978042.1015888723, 89.25120218726964, 96.33765471982007, 90.59263119768787, 81.46166470417471, 0.618745934335, 0.568882454215, 0.541780603224, 0.526351968197, -0.812167489245, 0.251669575014, -0.583186997728, -0.129447760502, 0.801957731419,  
686, 1337212.389113202, 68.34455615389852, 104.10337809336424, 76.43453800598286, 40.11966657755129, 0.364224573019, -0.0340643874297, -0.930687959478, 0.547366324452, -0.8006804949, 0.243517662484, -0.753478975994, -0.598122364233, -0.272981812838,  
687, 3145163.973490853, 90.89044457132181, 102.82711146050471, 93.77396261846377, 77.86903245862848, -0.652109894272, 0.364873756534, 0.664544827371, 0.734738161563, 0.0881291876095, 0.672601724822, -0.18684892222, -0.9268766844, 0.325556588293,  
688, 391824.62914293684, 45.394270436533965, 112.58805746509856, 65.48462181118005, 12.687366107911584, -0.168963576718, -0.773056397855, 0.611420571683, -0.799043886939, -0.255748247768, -0.544170653847, 0.577044345339, -0.580496890171, -0.574493850284,  
689, 3283634.2001627157, 92.20519422901872, 121.84454451521799, 87.32447749514621, 73.67566703933863, -0.842880575736, -0.0399481929954, -0.536615762836, 0.0684363614726, -0.997100700457, -0.0332664632274, -0.533731017907, -0.0647636859951, 0.843170721444,  
690, 1243386.284523447, 66.7071655894108, 106.47901160496275, 72.5065523898112, 38.448216296560524, 0.145794843779, 0.688793911094, 0.710145627014, 0.406090881007, -0.696221596009, 0.591916958376, 0.902127518642, 0.202085222841, -0.381218445014,  
691, 3606679.8359908564, 95.13485505601882, 120.94052712177675, 93.86739435520776, 75.84594430815088, 0.484057964759, 0.322433860713, -0.813464376736, -0.666334371051, 0.738388503748, -0.103831225983, -0.567174040935, -0.592299605772, -0.572271600109,  
692, 2098180.392113128, 79.41784011580424, 114.30997926160208, 90.92997471372236, 48.190673793215176, -0.570422454604, -0.681001302084, -0.459189993188, 0.0295728161145, -0.575732500256, 0.817103137123, 0.820818903188, -0.452514435912, -0.348549872272,  
