# Void_ID, Void_Volume, r = (a*b*c)**(1/3.0), a, b, c, vector_a, vector_b, vector_c 

4, 1050110.20544786, 63.05440374781865, 141.1162735591304, 59.623740301920016, 29.79545032495201, -0.91812867415, 0.378001754896, -0.118972311899, 0.393909154265, 0.837722743809, -0.37822768631, 0.043304917614, 0.39412596692, 0.918035623661,  
7, 1949680.1521379512, 77.49819492105827, 115.37839939532205, 103.63203626858352, 38.9274736780705, -0.922906325997, 0.0166831174159, 0.384662952502, 0.254310696691, 0.776529670524, 0.576478742318, 0.289084733223, -0.62985978153, 0.720906840464,  
24, 3044282.4731695354, 89.90809159275122, 120.8360523299503, 86.13611306479451, 69.8255779908875, 0.84403279245, -0.520664411661, 0.128519320332, -0.321564058286, -0.29955451066, 0.898255894254, -0.42919133459, -0.799484624976, -0.420260791342,  
45, 1566193.1815632703, 72.04196884587529, 112.781848279074, 59.74224493276942, 55.49271508608301, -0.0394821957132, 0.199766122112, 0.979047829617, 0.995396386194, 0.0935006041814, 0.0210635080285, 0.0873337882747, -0.975372305058, 0.202538085188,  
52, 901895.1679330218, 59.93619246280692, 97.58248317821491, 77.94342379134198, 28.308451029181494, 0.302547225142, -0.943450259666, 0.13552410891, -0.911456892113, -0.244791886182, 0.330640690597, -0.278767843157, -0.223558806573, -0.93397534744,  
62, 1565249.6174734782, 72.02749854275471, 99.84859124183154, 66.5254279680001, 56.25555039291394, -0.96384664656, 0.237166952902, 0.121455664201, 0.265462471547, 0.815334099668, 0.514548328264, -0.0230069145144, -0.528187601492, 0.848815963277,  
72, 1617114.1666659976, 72.81441379211606, 150.91357268384664, 74.15014200368327, 34.49941928155556, -0.869345512716, -0.286882690191, -0.402413595184, -0.477289695329, 0.276166032407, 0.834222314061, 0.128190975707, -0.917295287578, 0.377009852834,  
85, 3210386.3422570536, 91.5144266783303, 104.7956616613678, 98.77254990155672, 74.04387179244961, 0.185120438264, 0.980546012098, 0.065268227311, -0.701666939644, 0.0853851613452, 0.707370398046, 0.688036284761, -0.176745275414, 0.703823257978,  
86, 645899.9692664208, 53.62396029984104, 131.79061873128745, 74.22704244894013, 15.762677898275983, 0.78018444977, -0.247832030465, 0.574361827608, 0.224042268951, 0.967966356772, 0.113341051171, -0.584052468585, 0.0402544014115, 0.810717149878,  
103, 1595573.815740253, 72.48966573363964, 126.42338633398809, 105.57031992175892, 28.540332914024834, 0.423089011443, -0.857308658148, 0.293287492166, -0.014832012451, 0.317089206804, 0.948279730003, 0.905966721134, 0.405556777274, -0.121441346354,  
130, 2123990.0187094472, 79.74215242117388, 141.23703935814478, 74.85890534433064, 47.959183960742685, -0.759080620814, 0.439386043729, -0.480350409265, 0.102046533154, 0.809058440301, 0.578801300317, 0.642948766369, 0.390338756408, -0.658978405617,  
163, 305255.3665059796, 41.7693996118188, 101.3843475815103, 57.86190119089809, 12.422559579677094, -0.99792774446, 0.0610388944387, -0.0203585412477, -0.0173019517819, 0.0501930934292, 0.998589653379, 0.0619746666032, 0.996872562938, -0.0490329885049,  
166, 1184300.3283686538, 65.6333260862234, 137.0506028821212, 52.99577997968461, 38.927005968501, -0.339043751012, 0.918652480592, -0.202797817548, 0.8981420479, 0.251916489991, -0.360387213791, 0.279982493548, 0.304328279942, 0.910491131936,  
167, 331311.1680354752, 42.92554542001675, 83.48814514044362, 43.65113026547919, 21.703369304174057, 0.633712508198, -0.771173378994, -0.0608282539875, 0.270118656776, 0.146914167581, 0.951552488634, -0.724875415651, -0.619441560516, 0.301409662903,  
168, 621604.1474308474, 52.94298592669632, 114.36694290103247, 87.5766306868708, 14.816190358523855, -0.361133021074, -0.93212153631, -0.027062568924, -0.911734474478, 0.346844528013, 0.220088894395, 0.195763094423, -0.104155244394, 0.975104351302,  
172, 2060417.368283884, 78.93849902810439, 119.50012111376084, 90.3767847075578, 45.545068624903216, -0.303094950539, 0.950440888236, 0.0692500464063, -0.68068655062, -0.165066997044, -0.713735739817, -0.666932733312, -0.263467273976, 0.696983303086,  
178, 830818.8450143363, 58.31844156069387, 146.3365371540653, 51.05988192158673, 26.54514790746496, -0.335234558577, -0.0720672407637, 0.939374314927, 0.885330879528, -0.365074944494, 0.287940130333, -0.322190975183, -0.928184570929, -0.186189091516,  
179, 1684871.7812337617, 73.8175141175114, 135.793951816084, 59.536350354368125, 49.75258058515288, 0.602963292149, 0.506225563885, -0.616580040863, -0.472948298818, 0.849243864535, 0.234744041871, 0.642460251663, 0.150068441113, 0.751481395655,  
182, 2434177.388176442, 83.4490130853287, 124.04870258457751, 83.28227002321272, 56.24952169931149, -0.223029485828, 0.0821794048446, 0.971341543367, -0.971197389515, -0.104458908695, -0.214158742509, -0.0838658395882, 0.991128085473, -0.103109840153,  
207, 51487.58686672894, 23.078344012974025, 119.83052569112483, 45.88668476875516, 2.235423344756761, -0.367550393407, 0.904147090711, -0.217772235753, 0.0607982280666, 0.257022128034, 0.964491161787, 0.928014161406, 0.341258939896, -0.1494391253,  
209, 2771773.247160048, 87.14109838943118, 124.61346817611846, 99.33251001424956, 53.45799874078551, -0.501022559319, -0.847499462794, 0.17527422976, -0.845266766561, 0.435738853116, -0.309282630022, -0.185743070938, 0.303111056297, 0.93467812596,  
224, 1126961.1398043334, 64.55651990403526, 114.67411057344763, 108.54783666467529, 21.613931894903363, 0.452721096363, 0.203057427271, 0.868223064735, 0.737821588183, 0.461433762077, -0.492644077633, -0.500662474047, 0.863624087463, 0.0590806451846,  
248, 489216.29402143887, 48.880702033187006, 65.56035415991344, 62.06923229962665, 28.700842089723597, 0.165971441519, 0.949179060361, 0.267418383757, 0.956017549306, -0.221376925675, 0.192412843121, 0.2418345013, 0.22372163094, -0.944174086613,  
279, 1528569.357498006, 71.46041159604277, 125.28016902452276, 77.48785421081365, 37.5907139896688, -0.978660632445, -0.167775084965, 0.118637630485, 0.0217098889788, 0.489704001516, 0.871618420881, -0.204333177, 0.855594244817, -0.475611649367,  
296, 954466.6728121199, 61.07883147598325, 117.5548324913958, 79.34979343822324, 24.427885286063738, 0.512557486312, -0.625208237459, -0.588557119606, -0.585099217815, -0.755982101277, 0.293513147678, -0.628445485733, 0.193921949148, -0.753293136237,  
299, 1322045.0838386207, 68.08517406029313, 90.46151811016472, 70.02296549562826, 49.82568581534776, 0.781556414989, 0.349736230079, 0.51657926745, 0.273035577754, -0.936317172278, 0.220820574624, 0.560910994249, -0.0315392179154, -0.8272751261,  
302, 1408075.5450246644, 69.53110247094291, 130.40453966006885, 69.5916642885071, 37.04140176419725, -0.959276111247, 0.0914811321677, -0.267246225133, 0.277205748729, 0.123077306742, -0.952895035897, 0.0542799710947, 0.988171634395, 0.143424215931,  
325, 1063145.1248634714, 63.31422776973981, 78.15260124812853, 72.5803188656534, 44.74470335134754, -0.0372185824069, 0.964547897252, 0.26127022607, 0.667400172335, -0.170601852691, 0.724894487374, 0.743768638147, 0.20135133912, -0.637389873738,  
377, 1017602.503840476, 62.396924747373305, 89.9380852265374, 69.76817764354757, 38.715827045347105, -0.513995892626, 0.16387305705, -0.841993968824, 0.857335864509, 0.13017093379, -0.498026850103, -0.0279899587476, 0.977855382544, 0.207401574343,  
394, 1383775.0332030512, 69.12879082343267, 130.933360743889, 79.10044468776131, 31.89683860608826, -0.999433643468, 0.00954660539124, -0.0322684773522, -0.00257907097093, 0.934363859239, 0.356310997502, 0.0335520595203, 0.356192421134, -0.933810054791,  
419, 1025968.3438111265, 62.56744932169405, 95.14126766392552, 88.64160827848815, 29.04282050504115, 0.302566578437, 0.858977142158, 0.413051733882, -0.607807811459, 0.50770131989, -0.610580898908, -0.734181946075, -0.0663146969485, 0.675706468095,  
434, 2084025.4797778237, 79.2388453328882, 120.77053309765127, 66.54788625623065, 61.9040646817472, -0.348625916077, -0.451372122347, -0.82141535036, -0.190742708557, -0.823890222553, 0.533687287008, -0.917647639223, 0.34273620811, 0.201133542401,  
440, 1870845.6055326916, 76.43925511304971, 122.92864944256404, 66.6784942565456, 54.48920161728946, -0.81201033063, 0.527972080951, 0.248766365664, -0.211698293612, -0.663640872713, 0.717470992129, 0.543896180747, 0.529930442418, 0.650654033083,  
452, 1402218.858996513, 69.43456699279578, 104.87516297949011, 90.19219202708949, 35.390410785853284, 0.521955376137, -0.802650089758, -0.288644103931, -0.0673667161194, -0.376132060789, 0.924113844938, 0.850308362232, 0.462901184119, 0.250396052006,  
488, 464152.58424072433, 48.031268283566476, 113.20993910749381, 44.72951981058512, 21.88232030720858, 0.959067105543, -0.0394279167149, -0.280420624151, -0.181169791657, 0.675647773587, -0.71461709512, -0.217641433685, -0.736169495042, -0.640848407124,  
508, 319074.57603410364, 42.39043408600876, 111.4013213553519, 53.73190924897611, 12.725679372212847, 0.776331040607, -0.62077097685, -0.109332107316, 0.37178961368, 0.31090082109, 0.87470747259, -0.509001570282, -0.719711104365, 0.472158159629,  
523, 3395599.9414755083, 93.24151099151548, 109.88172135845126, 90.37406810709726, 81.63165881308326, -0.577485017724, 0.022609966787, 0.816088134766, 0.0244762031769, -0.998687594513, 0.0449889324497, 0.816034294489, 0.0459551734499, 0.576173717078,  
552, 941456.528722921, 60.80004313631164, 118.2328966344272, 60.69436984605143, 31.32022878302574, -0.373742119349, 0.651756709746, 0.65994698236, 0.895460600779, 0.439023538289, 0.0735434924471, 0.241799794618, -0.618442822037, 0.747704042515,  
560, 1684454.4955654854, 73.81141958174224, 158.1074832966426, 57.80086440808288, 44.003164995585735, -0.560085268013, -0.73072501054, 0.390314554592, -0.329083308732, 0.628623823151, 0.704653294097, -0.760268813295, 0.266219924009, -0.592552346711,  
653, 1498733.5501658202, 70.99241334857957, 101.98183313703444, 78.5805551385637, 44.647578887293356, 0.333353278491, -0.749727517294, 0.571650453977, -0.140944842359, 0.559888380576, 0.816492224524, 0.932207135315, 0.352751543027, -0.0809704005171,  
663, 306694.4823507643, 41.834936857333894, 123.33710060399552, 85.19510913812681, 6.968013044548542, 0.500457258094, -0.192051181707, -0.844191255834, 0.822344221997, 0.410360627041, 0.39414989068, -0.270725900811, 0.891470975063, -0.363300133843,  
671, 1235360.0631443516, 66.5633211343615, 107.96334839091266, 71.17447557302529, 38.37994312080999, 0.378301608135, -0.765509957776, -0.520463637373, -0.713037584636, -0.59952507753, 0.363520404254, 0.590309491859, -0.233589781364, 0.772638672254,  
715, 4074372.374136068, 99.08107343897872, 131.5842886106144, 118.44894688349171, 62.407511941988204, 0.765258437884, -0.0926044288621, -0.637027427198, 0.553084494157, 0.600911699481, 0.577063836806, -0.329358566869, 0.79393296265, -0.511070822145,  
745, 1125649.5438038036, 64.53146581841665, 106.8771351290658, 79.47031551112269, 31.63915304226061, 0.616494035382, -0.0323177322691, -0.786696045827, 0.631019948372, 0.617853676484, 0.469116892907, -0.470902250042, 0.785628664597, -0.401296240039,  
757, 434767.2503748453, 46.99547798465053, 82.85945077602474, 50.95333641394517, 24.584055983763914, -0.917827799218, -0.283121139214, -0.27827064436, -0.157085921534, -0.38473490206, 0.909562020091, -0.364576664418, 0.878533707758, 0.308646043381,  
786, 3925312.1393908663, 97.85774324759426, 119.3539667737721, 108.82811910611076, 72.14522751233434, 0.923949135156, -0.329709976367, -0.193931243303, 0.252784837455, 0.145794864238, 0.95647461206, 0.28708504245, 0.932756768427, -0.218052721506,  
826, 2057057.3715616663, 78.89556639903496, 108.2299041934483, 76.47111580284255, 59.335293370428865, -0.100391468693, 0.514974953437, 0.851306261193, -0.930820980888, -0.350821765801, 0.102451892019, 0.351416924112, -0.78212843317, 0.514569003609,  
842, 2800411.439100929, 87.44018703379022, 113.8566093972072, 89.28203368361115, 65.76743632252452, 0.907229106449, 0.150155221905, 0.392923348436, 0.337832228762, -0.816633193589, -0.467952574881, -0.250608726147, -0.557282366905, 0.791600675793,  
851, 2926865.9174624216, 88.73699944398788, 117.90995921280721, 83.55744177159995, 70.92161130883272, -0.0720267965658, -0.97670320103, -0.202145981097, -0.94468373712, 0.131823155565, -0.300325311085, -0.3199762138, -0.169332550781, 0.932170429615,  
896, 780611.8167904586, 57.11920716668058, 138.4968091365589, 57.24313684460847, 23.506248324513844, -0.019295267651, 0.294564040328, 0.955436925596, -0.515430600001, -0.821771752855, 0.242945431716, 0.856714065035, -0.487773730693, 0.167683625965,  
926, 2600602.8036884973, 85.30905655136898, 138.61865860628845, 88.48006604808822, 50.61955081787867, 0.566904761161, -0.727089274758, 0.387246921621, -0.419409754749, 0.149849238891, 0.895343879872, -0.709023588743, -0.669989844801, -0.219998087423,  
937, 2812616.9556394946, 87.56703813944777, 116.02669651959923, 91.48074545405319, 63.260753285557165, -0.931136677618, 0.0903657105351, -0.353296654322, 0.0833528020212, 0.995903549902, 0.0350489613068, 0.355016616499, 0.00318710730277, -0.934854557863,  
967, 1893543.526886172, 76.74714484785014, 124.13174963638258, 83.70425319019414, 43.506713771638466, 0.694872197827, 0.370291722103, 0.616471142252, 0.253714124416, -0.92835197153, 0.271646387845, 0.672890609059, -0.0323520864695, -0.739034214865,  
973, 771693.38677366, 56.900845939069754, 124.47550402975554, 88.1806064134419, 16.784143908344504, 0.418541804986, -0.889983687352, -0.180974566515, -0.457910339083, -0.378880789875, 0.804218545188, -0.784309172992, -0.253728956388, -0.566110181723,  
997, 1336263.6249122224, 68.32838863747435, 101.06520417533126, 73.41760108485592, 42.99338992673245, -0.338151052095, -0.732861309859, -0.590396617943, 0.0975508326531, -0.651269353822, 0.752550372946, -0.936022275919, 0.19688201869, 0.291718648188,  
1001, 979966.52687996, 61.61799237118673, 123.72303004449218, 90.41302494198747, 20.914191728772625, -0.793317381811, -0.556918649774, -0.24594541925, -0.606430064104, 0.758539504448, 0.238454183319, -0.053759734632, -0.338318544754, 0.939494786153,  
1005, 2049747.0791027495, 78.8019967795539, 110.26540984378173, 89.40581829050835, 49.63712150064486, -0.461297862074, -0.693828205373, -0.552997923934, 0.503185412465, -0.717931148047, 0.481019030128, -0.730759004822, -0.0563674382324, 0.680304335411,  
1027, 2263167.844470103, 81.44717990855065, 115.94279520572573, 90.04623590593285, 51.75100939532383, -0.150043644305, 0.968477301505, 0.198843207765, 0.968976325724, 0.104097028901, 0.224162192979, 0.19639700861, 0.226308473205, -0.954050674736,  
1029, 2208888.5978358304, 80.79076765180629, 129.43094872668365, 81.01671586715717, 50.28893461918592, -0.10029537456, -0.172714545911, 0.979852296763, 0.139159561635, -0.977572960214, -0.158068731453, 0.985177879496, 0.120502253458, 0.122080926701,  
1044, 2866378.526075324, 88.12145191351465, 116.63535217940549, 101.48767492158383, 57.80979432900883, -0.255128761238, -0.957995289934, 0.130974576363, 0.319748629918, 0.0442447686537, 0.946468813069, -0.91250760482, 0.283350357175, 0.295029568407,  
1052, 1572617.425442257, 72.14033555778956, 102.30072682327672, 93.25405276606274, 39.35392375811456, -0.690287992953, -0.397046236598, -0.604860953269, 0.122288479139, -0.88797697135, 0.443331057137, 0.713125525175, -0.232058579579, -0.661514021763,  
1064, 822935.3822639192, 58.133397958017994, 123.03710065650435, 55.285430922330015, 28.88220448336554, -0.374662864659, -0.921077433, 0.106038201904, -0.927148168352, 0.371594813637, -0.0480995675633, -0.00490018034475, 0.116334246443, 0.993198032286,  
1097, 801226.5898297867, 57.61765534506305, 83.5859531881656, 71.19358213705442, 32.143458237265634, -0.308192276381, 0.916893877899, -0.253620065156, -0.924883604177, -0.351199370395, -0.145771468263, -0.222728174025, 0.189643399318, 0.956257047865,  
1098, 1390656.1473377664, 69.24318725855605, 102.70251390696254, 75.1236231747683, 43.030218449349356, 0.570198794363, 0.088501161828, 0.816725706257, -0.412151243488, -0.829187989337, 0.377595856479, 0.710636818211, -0.551919217543, -0.436326127923,  
1126, 412257.4345706966, 46.1700093345411, 85.3792233877892, 75.16588030489254, 15.335817753634, 0.898332087636, -0.361111977264, 0.250195124252, 0.229762861927, 0.871602670761, 0.43303326847, 0.374444238308, 0.331522132293, -0.865958768186,  
1129, 2872278.8679082813, 88.18187546744913, 107.7690199481408, 88.94442966770893, 71.53610758199576, -0.962100262909, 0.125695441422, 0.241999463048, -0.103307141617, -0.989288621349, 0.103129327353, 0.252370201491, 0.0742204801597, 0.964780079461,  
1134, 1442505.126627639, 70.09325882872609, 96.74055322071052, 82.64825786608044, 43.07115180932899, -0.870867009707, -0.404794701762, 0.278804413216, 0.106836024893, 0.397776853918, 0.911240713682, 0.479767355276, -0.823355830679, 0.303164082468,  
1136, 1350075.870098695, 68.5630068273238, 85.82663576037291, 66.33978510546844, 56.60742712947961, 0.100441903835, 0.97770087969, -0.184424547736, -0.86622182215, 0.177120180662, 0.467213223736, 0.489460089063, 0.1128247821, 0.864696125676,  
1145, 1158878.2980234548, 65.16029976462586, 95.73076868192919, 75.9715254262263, 38.04055354538104, 0.224607251858, -0.955806160532, -0.18970020006, 0.205220341347, -0.143910508879, 0.968077670919, 0.952594454062, 0.25636760506, -0.163827522613,  
1148, 1937168.2364208833, 77.33205954619524, 113.4918155034283, 104.62508014025894, 38.947392116430834, 0.949406852228, -0.15663349848, 0.272199515239, -0.234352772875, 0.223623612507, 0.946082056576, 0.209058381291, 0.962007498455, -0.17560229534,  
1150, 1338651.7159936163, 68.36906856111987, 123.1514276270255, 85.02187428078877, 30.5217101941706, 0.429895345127, -0.128972707137, -0.893619624366, 0.224103509863, 0.974014381444, -0.032765860384, 0.874624267389, -0.186177403445, 0.447627485016,  
1172, 1079319.02956609, 63.63368517493531, 112.07465811789498, 95.34427743668721, 24.113439974465205, 0.65619288679, -0.30620327744, 0.689674160898, 0.0215097013491, 0.92118691609, 0.38852541535, 0.754286568934, 0.240112928661, -0.611062642792,  
1188, 2408009.8563632593, 83.14890806359207, 133.3586079140306, 96.44290308886872, 44.6969946261746, -0.8073174648, -0.491980698496, -0.32587344681, -0.57494185462, 0.531323934689, 0.622203134219, 0.13296757061, -0.689673740789, 0.711807387171,  
1191, 2062230.7740984294, 78.96165057665092, 102.9027041084821, 75.69091856835475, 63.20887938836212, 0.801777989072, -0.576090641948, 0.158970527143, -0.471338185624, -0.446033403017, 0.760851180039, 0.367413079534, 0.684962608945, 0.62915328286,  
1193, 1571808.229308265, 72.12796007577865, 93.92478081293423, 91.05587329978327, 43.87557233925444, -0.0214523988161, -0.441933459276, 0.896791286843, -0.865906369036, -0.440161070615, -0.237622372639, 0.499745890076, -0.781634856879, -0.373230486247,  
1219, 733998.6756441398, 55.958863941503175, 131.70422512609292, 72.15470383766885, 18.439210025890798, 0.264645778044, -0.104325858537, 0.958685937836, -0.419007294421, -0.907826022928, 0.0168759982338, 0.868559439178, -0.406162562695, -0.28396561989,  
1230, 1310282.9454214245, 67.88265600012288, 114.17067390519968, 60.22517726246657, 45.492921493090215, 0.5084845506, 0.498917761885, -0.701800918121, 0.413250502238, 0.573637643301, 0.707222649941, 0.7554253664, -0.649631373214, 0.0855078635868,  
1242, 1166958.2681775088, 65.31138677826473, 99.29510375351168, 66.69740170083323, 42.06587883279316, -0.314928305224, -0.948660627619, -0.0293798600262, -0.935546577525, 0.315492771961, -0.158798337907, -0.159914864384, 0.0225238639339, 0.986873807385,  
1246, 2997294.413569375, 89.44311826204361, 132.41905461544894, 87.59664741193093, 61.68830356091968, 0.188070404677, -0.855412955326, -0.482595274267, -0.89384139192, -0.352707658062, 0.276848106431, 0.407034505877, -0.379296696275, 0.83093737864,  
1257, 600174.8579295683, 52.327469071389956, 127.69805600422352, 104.64831126321828, 10.721922870242969, 0.784660478001, 0.52343360663, 0.332152365207, -0.551882249129, 0.345757309988, 0.75886617113, -0.282371948605, 0.778761286942, -0.560175812225,  
1258, 2738459.4157138346, 86.7905751861438, 114.56002269313518, 86.16978769839767, 66.22616179159262, 0.905973161147, 0.236480083004, 0.351126475253, 0.352528504685, 0.0377842499622, -0.935037969196, 0.234384907077, -0.970901396022, 0.0491344536695,  
1264, 524953.0744361943, 50.04307155706042, 81.95511348888229, 42.01316384948917, 36.39740577468211, 0.338442996318, 0.676947425841, -0.653604254034, 0.805463681797, -0.567524664335, -0.170716175792, 0.48650241063, 0.468676794837, 0.737331313883,  
1270, 3395438.417907023, 93.2400325153839, 116.49703183481068, 92.71367924124273, 75.04963296305333, -0.721937655366, -0.665558721003, -0.189308242453, -0.682294737987, 0.730259602189, 0.0345659359198, -0.115238501724, -0.154118468417, 0.981309118175,  
1281, 2538874.4596977495, 84.62867457297556, 103.63740552092004, 80.74336194753994, 72.43179647620973, -0.735408321763, 0.62799626735, 0.254549186752, 0.621159701362, 0.774880854035, -0.117133630755, 0.27080477412, -0.0719746500088, 0.959939802316,  
1300, 1114518.5193311512, 64.31805360920747, 102.30192843358556, 54.717094462703756, 47.53262858989108, 0.68825523584, 0.286720231896, 0.666405461382, 0.436209596956, -0.897541553068, -0.064345536286, 0.579677425697, 0.33497860997, -0.742807790078,  
1306, 833683.7472314823, 58.385397575566714, 116.86307058181596, 77.21238152495093, 22.05710367262039, 0.365008525225, -0.544712100153, 0.755021525826, -0.748333989659, 0.310800133933, 0.586003000563, 0.553863716481, 0.778904361712, 0.294181880596,  
1312, 678341.5361117503, 54.50712393087576, 111.95502311972885, 99.80510773834921, 14.493172105700095, -0.558919492694, -0.70624971809, -0.434534620467, 0.595017990442, -0.706564918668, 0.383039954519, -0.577548778665, -0.0444674195858, 0.815144193906,  
1315, 1050614.0407948638, 63.064486485715854, 132.60154671081406, 80.07354473041174, 23.622015326026055, 0.747677860753, -0.220276549002, -0.62646313419, 0.228793678979, -0.800170864832, 0.55441865006, -0.623402974808, -0.557857355454, -0.547872158415,  
1324, 1754584.927974801, 74.82187634881203, 126.91676008060995, 72.44526816486287, 45.557174808150116, 0.113779562626, 0.920491144744, -0.373831865384, -0.269028709735, 0.390763206063, 0.880299761517, 0.956387873442, 0.000411382557249, 0.292099411669,  
1329, 3788011.9269059408, 96.70321423914551, 123.43212916910464, 101.57460673974775, 72.1289081913758, -0.89564749229, 0.121937596438, -0.427722798234, 0.444728899249, 0.257721345011, -0.85778547114, -0.00563699624246, 0.958494095392, 0.285056649409,  
1331, 3219727.938174983, 91.60310374636069, 114.75522126443724, 99.32130713993016, 67.43970866919226, 0.403127757473, 0.851569065405, -0.335138983109, 0.393557248989, -0.491941819551, -0.776598955668, -0.826196528026, 0.181172219233, -0.533456581228,  
1338, 1206946.7330261252, 66.04903823511285, 132.49141331751815, 68.38265090165754, 31.80283447512717, 0.679393188159, 0.67655403227, 0.284076639839, -0.450442706841, 0.0789226867991, 0.88931016938, 0.57924628936, -0.732151521836, 0.358368365423,  
1348, 1360627.1172919504, 68.74115700752095, 137.5506523519951, 57.09695573780839, 41.35946430487302, 0.255419246163, -0.721613431677, -0.643455564831, -0.77995119452, -0.547083321278, 0.303934160216, 0.571346779861, -0.424233302325, 0.702558867527,  
1350, 2244409.26413979, 81.22152655625479, 130.6513771183589, 104.02996339244729, 39.42221352976634, -0.353732738731, -0.458974276233, 0.814994333297, 0.924196522194, -0.305644951218, 0.229002078944, -0.143992839804, -0.834220461, -0.532299055545,  
1351, 3826804.034935303, 97.03219845824975, 126.41353805345604, 99.62204270485584, 72.54351332679336, -0.463164382933, -0.0905642862581, -0.881633066778, 0.0895968015256, -0.994453698179, 0.0550840751453, -0.881731913644, -0.0534785212284, 0.468709803854,  
1354, 862501.7285756198, 59.05052841719418, 104.57197062883043, 56.228229251807285, 35.018832723263486, 0.766049221254, -0.130801187953, -0.629332694087, 0.291726607131, -0.801685156341, 0.521724541107, -0.572768869011, -0.583259770027, -0.575972102936,  
1375, 3422279.792917113, 93.48507939743132, 128.9317082524638, 93.37293868764701, 67.8650446995586, -0.137869630905, -0.958639178475, -0.249003795888, -0.916791205895, 0.218656191888, -0.33419059613, 0.374814420303, 0.182209756165, -0.909018016923,  
1390, 3418590.3072995264, 93.45147257211859, 112.79295740928889, 111.27648143940127, 65.02390971220662, -0.371218389015, -0.60834223383, 0.701510252381, -0.888127140049, 0.0121463491221, -0.459437318154, 0.270974335993, -0.79358187526, -0.544794196456,  
1395, 3158116.3958875192, 91.01504210940006, 136.2016978850926, 83.2693197117232, 66.47708767064304, -0.434922093337, 0.626380574504, 0.64690814542, 0.856158275737, 0.0650669878382, 0.512600520856, -0.278990644314, -0.776797053919, 0.56457998318,  
1407, 1780371.3821132642, 75.18663792101748, 121.72307076155967, 87.75353280464545, 39.7909663197197, 0.887863831567, 0.0473698596918, 0.457661351862, -0.28450452413, 0.83825288485, 0.465176608172, -0.361600597821, -0.543220210811, 0.757731357555,  
1410, 2324178.4686541134, 82.17258602963454, 129.1175537250016, 74.56902448982423, 57.62847315586267, -0.607798719662, -0.690514109342, 0.392136431841, -0.79260269727, 0.497309164335, -0.35279535052, -0.0485971260199, 0.525236955924, 0.849567218926,  
1413, 1194246.0643961986, 65.81654337661887, 116.50218762943993, 63.9863418005029, 38.245808612223136, -0.979571649012, -0.10151147119, -0.173593795018, -0.152409093715, 0.937922606871, 0.31156484345, -0.13119013913, -0.331657360446, 0.934233665984,  
1429, 969547.58406785, 61.39884097827428, 124.58450504700386, 66.27271273481097, 28.033785121910274, -0.180166596139, -0.982606661138, 0.0449905225915, 0.0944917272125, 0.028238099332, 0.995125079191, -0.979086978324, 0.183539530438, 0.0877606383433,  
1439, 1202314.7806230925, 65.96443681966772, 104.42722248431878, 60.27293725382577, 45.60300838750809, -0.0869866171211, -0.559833502438, 0.824026563886, -0.704005467238, -0.550696111041, -0.448453002425, 0.704847239153, -0.619128615744, -0.346222654698,  
1442, 1876511.0331169066, 76.51633695151799, 139.6881471265872, 66.9136685916884, 47.92786851305082, -0.171756653081, 0.475589420169, 0.862736550487, 0.941076461873, 0.338192612426, 0.000921851444923, 0.29133270505, -0.812059394579, 0.505652840043,  
1444, 2280806.2566757747, 81.6582237454154, 120.37122885668988, 71.09921068827315, 63.622731805837745, 0.398335121266, -0.812400841829, -0.425833304665, -0.672928370743, 0.0566423604249, -0.737535796321, -0.623294905334, -0.580341722782, 0.524124933374,  
1452, 1087031.891281351, 63.7849019243938, 144.36832558010138, 53.311204383593584, 33.71811307917979, 0.137659786057, -0.179019005775, 0.974167325912, 0.887160069716, 0.459645966099, -0.0408973904957, 0.440450671476, -0.869872278797, -0.222093279,  
1454, 1406624.1296331412, 69.50720384621977, 84.11253364501115, 68.90826618724802, 57.937188449716764, -0.216634193546, 0.242327685869, 0.945699169318, 0.804303959915, -0.504740292286, 0.313579937826, 0.553321575805, 0.828561723714, -0.0855611111719,  
1456, 408381.3971786917, 46.024856925122634, 108.97726100961742, 86.69472995770579, 10.319264750700327, 0.433070233665, -0.0745731332817, 0.898270015366, -0.827416697272, 0.362412192396, 0.428997682835, -0.357535707012, -0.92902973612, 0.0952468771984,  
1461, 2004869.7933339735, 78.22264933932362, 106.77160804888327, 87.36756939837073, 51.30876083469133, -0.127115508452, 0.902826280471, 0.41078748131, 0.226805019159, -0.376718446737, 0.898132893937, 0.965609201901, 0.207335282039, -0.15687877494,  
1465, 1584848.9810272737, 72.3268845671188, 136.36226334848627, 63.5953334537878, 43.629458793229816, -0.915109945945, -0.401672865053, -0.0351097751624, -0.403191654304, 0.912297491661, 0.0717619440087, -0.0032057341617, -0.0798260370326, 0.99680365523,  
1468, 3901669.0184515747, 97.66087369635355, 135.53925272235276, 92.90299829354464, 73.97193826335665, -0.716829713697, -0.544249731637, -0.435829543714, -0.697210199489, 0.552971215904, 0.456202556011, 0.00728692596622, -0.630884350729, 0.775842662345,  
1469, 1076805.2814544917, 63.5842455453388, 114.35937962763924, 59.22271356599777, 37.95670234819543, 0.425996793189, -0.874955317977, 0.230173681676, -0.792222480029, -0.483617752907, -0.372152403202, -0.43693280299, 0.0238130345936, 0.89917888379,  
1470, 3053920.6796346307, 90.00287472141183, 133.36633164641992, 110.16285734437085, 49.62354040721317, -0.743093048622, 0.536128502338, -0.400473407445, -0.383035919275, 0.149950489716, 0.911481395959, -0.548722339288, -0.830711189051, -0.0939293071975,  
1477, 4326977.181428836, 101.087781431177, 140.08327469148978, 107.6047428467827, 68.52961565093398, -0.252090541389, -0.317046988362, 0.914292932332, 0.0721501154864, 0.936019136282, 0.344474291274, 0.965010217447, -0.152805051238, 0.213086593991,  
1487, 2716181.6171387853, 86.55458241300492, 123.11700910120723, 79.9865710149801, 65.84685859024276, -0.727142051629, -0.0784819872122, -0.681986080822, -0.684542727391, 0.00817802234527, 0.728926864868, 0.0516303314791, -0.996881987817, 0.0596708575237,  
1503, 2020505.9546499576, 78.42547813468302, 100.10884285962209, 92.32233140308246, 52.19060373954981, -0.451261010715, 0.712190768507, 0.537724659526, -0.625671111141, 0.177158590165, -0.759704215214, -0.63631687145, -0.679263677215, 0.365652425021,  
1504, 1664168.5805193079, 73.51391802031686, 123.54815515317024, 104.70923648990595, 30.710539884684508, 0.1836655685, 0.949258758483, -0.255293494611, -0.426796581959, 0.310962645748, 0.849203692042, 0.885500782933, -0.0470110879747, 0.462253524629,  
1511, 2187400.620855124, 80.52793711604458, 100.23910769567269, 82.75211888714973, 62.95401119092681, -0.318042110935, -0.350477670209, 0.8809169191, 0.145493843383, 0.900113078261, 0.410643382853, 0.936846175853, -0.258769876584, 0.235281520232,  
1515, 164191.74915604887, 33.9693763298206, 142.3731403479162, 75.306670842072, 3.655958076826995, 0.711420949356, -0.146962315737, -0.687227990241, 0.340747205356, -0.783116934069, 0.520210735775, -0.614631251125, -0.604259832628, -0.507048794312,  
1527, 887042.527728059, 59.60535480795873, 88.1378514652487, 81.28795517612231, 29.557464329200666, -0.862754032008, 0.412620349139, -0.292232660272, 0.36939224657, 0.909021418299, 0.192949291909, -0.345260551507, -0.0585193006685, 0.936680651568,  
1533, 2532065.2372008497, 84.55294923058824, 101.60493707109315, 91.33301855719131, 65.1393857593476, 0.571235798264, 0.347675381264, 0.743512940065, -0.780253864665, 0.511164322019, 0.360437154814, -0.254742162699, -0.786023450768, 0.563270419413,  
1536, 1192044.197432451, 65.77606918619804, 124.29130464836545, 86.26304593054269, 26.542279192430478, -0.289579857496, -0.912880858207, 0.287736068041, -0.934117047464, 0.203981184444, -0.292945418174, -0.208731520784, 0.353610258777, 0.911806414278,  
1551, 2856570.931329391, 88.02083167382995, 126.85840580336479, 76.79802077860685, 69.99824090712974, 0.410475690494, -0.522509190555, -0.747324463201, -0.726343984176, 0.308135085362, -0.614391720175, -0.551302207654, -0.795007493647, 0.253039445308,  
1552, 1716522.9910543973, 74.27688323160503, 102.5831255843758, 76.73053135281461, 52.061524636625144, 0.225843716311, 0.690141106222, -0.687531722399, 0.399388558394, 0.578129109643, 0.711516346971, 0.888528781316, -0.435283799475, -0.145067634873,  
1555, 1920801.4660293204, 77.11365528806334, 113.86706616237248, 73.4024447850847, 54.863715182495525, -0.8502616224, -0.174546042548, 0.49657713651, -0.525158988522, 0.345014028271, -0.777928889469, 0.0355416691742, 0.922225026405, 0.385016610584,  
1558, 552291.4060566204, 50.897121966595314, 96.3441798324884, 66.6568665802115, 20.530961932168186, -0.732017526381, -0.68121380311, -0.00990431838557, -0.659613837655, 0.712294456567, -0.239887874469, -0.170469722369, 0.169069103018, 0.970750077085,  
1560, 376537.55773886736, 44.79606822040116, 112.09034512005515, 59.122213660586475, 13.564406589652988, -0.783166069374, -0.356567462343, 0.509421782592, -0.618989056502, 0.52503774221, -0.584112931877, 0.0591899967234, 0.772783937497, 0.631903101935,  
1568, 1600349.1765166258, 72.56191132816234, 121.26378784741884, 101.61953351931304, 31.004006161460143, 0.799892064416, 0.51822005094, 0.302689055118, -0.389039090826, 0.0637050263273, 0.919015916853, -0.456969661021, 0.852871413769, -0.252565002488,  
1570, 2368081.0743178874, 82.68676209834919, 113.42562609770971, 105.34684138178594, 47.312429941677784, -0.077698891981, 0.335145132052, 0.938957199582, 0.300872644006, -0.890011288838, 0.342571974671, 0.950493837052, 0.309123998103, -0.031683111013,  
1575, 2514254.261921463, 84.35422930634448, 118.87684362286218, 75.06984790196887, 67.26014270119198, -0.556734414488, -0.49469851823, 0.667323135958, -0.767817904305, 0.613037697457, -0.186119443704, 0.317021225713, 0.616001751262, 0.721137563083,  
1578, 1144347.5328062887, 64.88681285463159, 145.05505512637498, 111.66655988746544, 16.866047645578558, 0.777943737467, -0.455627482228, -0.432674402726, -0.0654778242456, -0.74364231439, 0.665363631994, 0.624912950632, 0.489284892151, 0.608345377598,  
1579, 2963447.0215307805, 89.1051596727599, 127.63898849976343, 80.43805844718322, 68.90704483646182, -0.835880029711, 0.100526374645, -0.53962859814, 0.545253980581, 0.265369698425, -0.795158487233, -0.0632666783602, 0.958891741105, 0.276629637332,  
1587, 3735505.100853492, 96.25432249525724, 132.32376351692525, 85.90495229201723, 78.45211910879729, -0.35509964801, 0.932717565941, -0.0627867993156, -0.334739825207, -0.0641551221349, 0.940124124637, 0.872842190435, 0.354854987972, 0.334999176279,  
1593, 2627737.8025561064, 85.60473880872384, 117.63213717715367, 74.5559804252419, 71.52946000095797, -0.780773405404, 0.591720013828, -0.200649731245, 0.149805266344, 0.489050954823, 0.85929479561, 0.606589870991, 0.640856137384, -0.470480753686,  
1596, 2798885.6273851614, 87.4243034748963, 123.03864069191475, 83.69766266766418, 64.88460843477542, 0.445326088817, -0.774774036106, -0.448787107207, -0.835841971528, -0.180019860185, -0.518614547203, -0.321018493628, -0.606067688394, 0.727756198073,  
1601, 1668499.6220127754, 73.57763672927476, 95.73975113055391, 85.05524185857152, 48.91523284948005, -0.803544329206, -0.327774294848, 0.49687073031, -0.576195579381, 0.218830391526, -0.787471849685, -0.149382613791, 0.919063257552, 0.364702019895,  
1609, 2611153.163237136, 85.42426405007397, 125.08388065113868, 91.57427351314962, 54.42129968546535, 0.199384804316, -0.800364927377, -0.565386312916, -0.306678092877, -0.598953385851, 0.739731971005, -0.930695571687, 0.0259002818984, -0.364876593166,  
1614, 1400925.1847773972, 69.41320719175631, 97.61681123801192, 61.194107161987326, 55.98763387751479, 0.872152138522, 0.487637591239, 0.0394997073605, 0.240742459306, -0.498053485121, 0.833058097762, 0.425903411067, -0.717044144785, -0.551773485111,  
1626, 439223.95893938927, 47.155512683265066, 114.64300846926938, 54.10879574306929, 16.90370754264384, -0.63933155501, 0.409622061522, -0.650741830132, -0.232297523568, 0.703859343686, 0.671282269132, 0.73300274441, 0.580337652596, -0.354845298216,  
1629, 1335100.7516853889, 68.30856213206768, 105.93848079636666, 80.7083453015289, 37.27805519571429, 0.251147045463, 0.0657021153899, 0.965716518233, -0.688275091643, 0.713625860459, 0.130443587455, -0.680589861649, -0.697439146677, 0.224446155911,  
1640, 2218120.8105701245, 80.90316819127104, 111.16483475627284, 79.50201326753759, 59.91713427995436, -0.851931564367, 0.511453493472, 0.112374079084, 0.0535299716734, -0.128413180702, 0.990275010871, 0.520909926732, 0.849661920435, 0.0820211509031,  
1641, 1809098.1530168534, 75.58886779261083, 137.17894128054098, 72.94897841703161, 43.15855144882675, -0.491229186239, -0.0407359314873, 0.870077278449, -0.844315675562, -0.223225738837, -0.487135822458, -0.214067574816, 0.973915218798, -0.0752610125234,  
1644, 2329275.6454045363, 82.23261331525337, 127.56363685051703, 88.96969153316168, 48.996301580230465, 0.31767185054, 0.108797757942, 0.941938237488, -0.901427016558, 0.34280395856, 0.264414031048, 0.294132502783, 0.933085469752, -0.206972406238,  
1647, 2927747.086904495, 88.745903676807, 120.48457239178977, 94.02376762060979, 61.69867787996511, 0.616494972875, 0.710426305211, 0.339453109109, -0.35415136182, -0.134851791879, 0.925414397526, 0.703214591246, -0.690731104766, 0.168462991687,  
1652, 714335.9591436601, 55.454649898882735, 133.19658583245112, 89.49470891193295, 14.30617228194025, 0.0479880487833, 0.970636770477, 0.235714672798, -0.335324100924, -0.206635989097, 0.919162289995, 0.940879851263, -0.123149615543, 0.315561844459,  
1654, 1300515.8018164, 67.71356429343865, 115.87466799254791, 89.99551896941384, 29.772659845490168, 0.460007724994, -0.51778610244, -0.721311614399, 0.836637628389, 0.524831266566, 0.156810778958, -0.297372446117, 0.675610608083, -0.674625773697,  
1657, 1341931.967686386, 68.42486719696129, 135.39771245006165, 69.75124620932353, 33.921776720586095, 0.703920156894, -0.666176377349, -0.246384753952, -0.649220848876, -0.46275033833, -0.603634337791, -0.288112308143, -0.584868496875, 0.758234883964,  
1663, 3277216.577227261, 92.14508561609432, 107.07658825094572, 102.68595681630008, 71.15590630457338, -0.130281833452, -0.867906472669, 0.47933808379, 0.339053375703, -0.493311207768, -0.801053594159, 0.931702448369, 0.058158464472, 0.358536107963,  
1666, 1874226.6115535898, 76.4852745977293, 120.62370410635091, 68.28345051354057, 54.323203293420754, 0.82136517367, -0.56073716328, 0.104561394402, 0.340161205822, 0.628671527574, 0.699330011133, -0.457875098183, -0.538837586045, 0.707109928037,  
1670, 2085357.6613651298, 79.25572581205473, 125.97945185025891, 109.26877917079979, 36.165638538416864, -0.553216106683, -0.769721702394, 0.318559947531, 0.784948381538, -0.353611327917, 0.508738702174, -0.278940813844, 0.531495559373, 0.799815286638,  
1678, 3109712.0758449244, 90.54765141898979, 141.15372967948724, 92.00916415978804, 57.16209369505331, -0.854301537099, -0.372853586274, 0.362145118584, -0.0973712365633, 0.799197003232, 0.593129827538, -0.51057587683, 0.471449205353, -0.719060443058,  
1686, 2614914.620915689, 85.46526325188735, 121.12491030602858, 99.80188001021257, 51.64124610384338, 0.791478599955, -0.162837011923, 0.589105876189, -0.415645414552, -0.850066165083, 0.323460050613, -0.448107704882, 0.500870864124, 0.740491635535,  
1688, 808673.4667534572, 57.795611286569546, 100.5567466137994, 51.762681815064006, 37.08998021499471, -0.992712723384, -0.0855483830341, 0.0848700358943, 0.0513305982106, 0.3370029838, 0.940103270177, -0.10902576998, 0.937608907312, -0.330155900159,  
1692, 2448698.756811886, 83.61462579466561, 110.87750265571024, 93.51037027225617, 56.38239751927587, 0.0475680076443, -0.818238293608, 0.57290782812, -0.821228697811, -0.358537926367, -0.44388509915, 0.568612970781, -0.449373619864, -0.689015703181,  
1697, 2153495.297631548, 80.10970014611358, 113.38450614169615, 92.13989930250459, 49.210057489814844, -0.871819692715, -0.127341325232, 0.472984788638, -0.0832750782756, 0.990091529906, 0.113066457212, 0.482696265505, -0.0591857186858, 0.873785652189,  
1705, 3961529.1565574803, 98.15778487544381, 127.35218165663186, 92.61555777486048, 80.18329733326307, -0.854610263098, 0.328022268039, 0.402545264384, 0.0534305114399, -0.715550383966, 0.696514772602, 0.516513773925, 0.616756872419, 0.593990304356,  
1706, 626638.9507952932, 53.08554239004978, 103.64928775707612, 44.30766001861562, 32.57494119120311, 0.294146291524, 0.192991695476, 0.936072734706, -0.37894758282, -0.875579636735, 0.299598112826, 0.877426172768, -0.442848173996, -0.184414766575,  
