# Void_ID, Void_Volume, r = (a*b*c)**(1/3.0), a, b, c, vector_a, vector_b, vector_c 

0, 626072.05174087, 53.069529328960805, 107.1450309981645, 69.26514259953883, 20.13951187371352, -0.918106588883, 0.0860664866071, -0.386875756972, -0.171264542995, 0.79414131151, 0.583102078256, 0.357419568242, 0.601607959752, -0.714366233105,  
3, 1525588.9458079375, 71.4139367622893, 93.9873812897937, 71.73531191410726, 54.01898051344279, 0.307904461522, -0.365670451381, -0.878339321425, -0.731696076261, 0.499071626958, -0.464271863405, -0.60812473602, -0.785628813214, 0.113893253921,  
7, 2426934.2193026915, 83.36616020699827, 117.43478834493507, 83.83475489646888, 58.85027919528467, 0.669387055671, 0.627999717515, -0.396909718326, 0.506968162569, 0.00439462921384, 0.861953577274, 0.543050874083, -0.778201157822, -0.315434154972,  
8, 1308943.4383058934, 67.85951588257585, 104.96870228518257, 62.08534637204736, 47.94941738114761, 0.0019234985624, 0.991157397595, 0.132677478666, -0.165404104396, -0.13053485572, 0.977549044136, 0.986224002143, -0.0238257137133, 0.163690418058,  
9, 3491152.8979165894, 94.10804541697628, 143.9776488615856, 98.50279335402287, 58.76742157890214, -0.69567258139, -0.376980907989, -0.6114941165, -0.714887490426, 0.279726113454, 0.640850354985, 0.0705374760986, -0.882971515092, 0.46409672268,  
10, 1919381.482012385, 77.09464809162576, 122.37618748178166, 92.3826031766666, 40.530837371867456, 0.532793683526, 0.528008224674, 0.66131551129, -0.443759049596, -0.491083983155, 0.749609516609, 0.720561445469, -0.692851958333, -0.0273380163457,  
12, 1735942.402693773, 74.55593723804955, 125.34304360688137, 97.43722143902, 33.9329467153426, -0.891132625267, -0.368183543369, -0.2651858265, 0.112963033046, -0.746060179058, 0.656226761409, 0.439456479471, -0.554828881383, -0.706429695748,  
13, 1693564.9757159327, 73.94425165711873, 116.36292588045082, 71.6916885197633, 48.46517800868539, -0.744486278523, -0.634967487094, 0.206292199135, -0.662155300213, 0.741757843796, -0.106516006154, 0.0853846560592, 0.215897178074, 0.972675623735,  
14, 1013148.0587687726, 62.305746309763876, 118.24000833026618, 48.51368304143339, 42.16534025424359, -0.479311823825, -0.586926992453, -0.652515809059, 0.358662326856, -0.809561234644, 0.464727815669, -0.801012803166, -0.0112833014764, 0.598540872683,  
15, 1011469.0066372033, 62.27130828931564, 106.0963337196107, 56.72874675449566, 40.11995197540153, 0.759315489637, -0.470275125586, 0.449756927075, 0.300061037589, 0.866338844466, 0.399274818003, -0.577410911672, -0.168221023731, 0.798935746013,  
19, 441741.39231230266, 47.245432475771096, 82.30194126016069, 50.07767911923009, 25.58734437756885, -0.994064189345, -0.0709438444411, -0.0824824732713, 0.0811197942163, -0.988528621522, -0.127399934919, -0.072498044438, -0.133334674286, 0.98841585286,  
21, 2186995.3766385526, 80.5229638621067, 137.13413560637338, 80.90435477770912, 47.058901323227275, 0.420060075893, -0.762299576294, -0.492390991614, -0.34298453945, -0.635696127476, 0.691557690443, -0.84018518098, -0.121613278444, -0.52848753265,  
24, 2336025.3214595793, 82.31196677382715, 128.4732970975765, 92.0296100609103, 47.16811112140706, 0.0822728925528, -0.0376459649028, 0.995898565356, -0.984200858623, -0.160269719515, 0.075248168702, 0.156779593817, -0.986355107623, -0.0502370443941,  
25, 1468307.629067419, 70.50871751218564, 103.64279654653872, 85.72232670607649, 39.454393604121734, -0.677164130748, 0.609004158773, -0.412992342091, -0.685942310183, -0.319304997802, 0.653855844571, -0.266330409698, -0.726056645845, -0.633963610859,  
26, 888715.2119614598, 59.642796956606865, 120.49087682013507, 56.63846132728526, 31.08911743238516, -0.068883701671, 0.12638925558, 0.989586171952, -0.990141508872, -0.129929148104, -0.0523278977314, -0.121962404257, 0.983434884752, -0.134093248901,  
27, 339129.4332375459, 43.260575398979576, 128.0658842486779, 26.567076090006438, 23.795764526894825, -0.938136093242, 0.341790315969, -0.0554982023735, 0.147608589536, 0.539727778791, 0.828797700948, 0.313228949575, 0.769333025881, -0.556789296267,  
28, 1912952.3820562852, 77.00847386673523, 140.3655519906367, 71.06956436836633, 45.779533093168816, -0.350334482581, -0.919391092704, -0.178845656843, -0.153641840649, -0.131949727977, 0.9792770058, -0.923937192193, 0.370552679039, -0.0950304000818,  
29, 3417079.2348189447, 93.43770151963976, 119.8668368829647, 98.18331270130393, 69.31539681678444, -0.681338536168, 0.724531292877, 0.104077878406, 0.728131727532, 0.685420109701, -0.00484361209773, 0.07484641937, -0.0724822658254, 0.994557356138,  
30, 2863581.9367481084, 88.0927839503702, 143.6808447648345, 89.7649926343583, 53.004791758765265, 0.412306855303, 0.538602777686, -0.734785754448, 0.547335908202, 0.498312139669, 0.672390076556, 0.728303824418, -0.679405666247, -0.0893391292187,  
31, 1439554.293738783, 70.04543122541179, 133.49100059731927, 69.70256018096298, 36.93505256905324, 0.806696653916, 0.579627443807, -0.115206488299, 0.503071384102, -0.571247556218, 0.648533277491, -0.310096260955, 0.581126712431, 0.752417472578,  
33, 728612.9379686441, 55.82166119206367, 101.70932167707673, 76.74689760117234, 22.28366817798118, -0.947302676294, 0.284996457137, -0.146269131758, 0.174102395471, 0.841329423201, 0.511715895343, 0.268897741488, 0.459284030938, -0.846612180132,  
34, 842538.4432149912, 58.59137709845738, 112.47644997260323, 69.6658393835059, 25.669631956693156, 0.511709374985, -0.802763985862, 0.306142938111, -0.67515200791, -0.596090770084, -0.434563643252, -0.531341022102, -0.0156772709061, 0.847012952326,  
35, 972427.2693713806, 61.45956847018488, 115.54501896569977, 112.95969394200947, 17.786634654967145, 0.0348122089671, -0.807556128677, 0.588762438632, -0.850502058212, -0.333307301264, -0.406881422408, 0.524818405816, -0.486579224753, -0.698431312983,  
37, 1095412.6477613123, 63.94840457693748, 106.21181557020957, 71.5998483695965, 34.38778529359265, 0.400143425729, -0.872718108799, -0.279729050009, 0.344769527453, -0.139457279076, 0.92827024096, -0.849128501338, -0.467883286607, 0.245083696578,  
40, 987716.770996742, 61.78000506242758, 97.53189676347219, 64.65172635027044, 37.39530005790671, -0.119596883645, 0.0098867649872, 0.992773306098, -0.636572435583, -0.768120732906, -0.0690367578589, 0.761887209289, -0.640228702542, 0.0981584879864,  
41, 460035.0297765873, 47.888815788955846, 90.62420233655283, 52.44518736587506, 23.107473043727214, 0.0393755096829, -0.0408575459388, 0.998388817133, -0.856167773232, -0.516543595129, 0.0126276842863, 0.515195412748, -0.85528555189, -0.0553200814578,  
42, 785047.6504171288, 57.22719634286558, 97.23678839853551, 80.25810308818812, 24.015294218492805, -0.641173698485, 0.741354773323, -0.198215510093, -0.378913097814, -0.0812325412515, 0.921860151296, -0.667323873899, -0.666178935657, -0.332993202651,  
46, 1561042.1292721264, 71.96290249865444, 123.34006186513547, 76.16716894884281, 39.66925451428793, -0.717861546152, 0.498409535486, -0.486068653065, 0.653581494894, 0.722970484496, -0.223930587638, -0.239804149439, 0.478436634763, 0.844743959095,  
51, 778357.8525518109, 57.06417820925465, 115.66661953541686, 76.86466107210487, 20.90046469764267, 0.62973957711, 0.0628602950614, -0.77425877349, 0.28229694177, 0.910056115356, 0.303490203417, 0.723696415418, -0.409690676251, 0.555353084177,  
54, 1947408.2194464575, 77.46808073070069, 106.97709008287008, 97.4250903540438, 44.60738780398206, 0.847269287643, -0.159841476009, -0.506542650489, 0.0610322987983, -0.918034505109, 0.391775070585, 0.527645537004, 0.36285444737, 0.768066948451,  
57, 2364276.9163840986, 82.64246151927443, 134.72294934946007, 79.74032978210579, 52.54000665385872, -0.406080876546, -0.582750604013, -0.703917648043, -0.902875070563, 0.136897428303, 0.407523865657, 0.141120263107, -0.801037344726, 0.581742420401,  
58, 1597691.1260805747, 72.52171591252272, 118.96954221188702, 70.54852192792278, 45.444413627669725, -0.123018491376, -0.938173041781, 0.323570385626, -0.668417400227, -0.162670608393, -0.725779892418, 0.733542520821, -0.305564423387, -0.607079692715,  
59, 2596228.719801588, 85.26120118865407, 102.91128618870997, 91.10560446658367, 66.1068160673343, 0.464548511612, -0.788807377597, -0.402464410113, -0.398846415821, -0.592147134132, 0.700202333705, -0.790642913675, -0.164756464481, -0.589694065144,  
60, 663740.9754258463, 54.11321534483424, 93.44162082033887, 73.63848407043726, 23.02845583171666, 0.561781249019, -0.821841693607, 0.0947526194912, -0.744708617822, -0.452496960567, 0.490566585919, -0.360292801473, -0.346154201661, -0.866236899399,  
63, 146847.52677624888, 32.72849304520332, 87.25943036220703, 56.92271278194268, 7.057974166561001, 0.223196061737, -0.593445968989, -0.773308088614, -0.941987098389, 0.072709471769, -0.327679171118, -0.250686705859, -0.801582943061, 0.542789978628,  
65, 2834947.1699031624, 87.79816791966971, 108.64597974399425, 91.06428370379979, 68.40606745257541, -0.764180020008, 0.639937941079, 0.0806742126567, 0.624020907936, 0.701872810785, 0.343471198122, -0.163177214951, -0.312816222482, 0.935691833604,  
66, 345273.70099158917, 43.520274927616356, 88.05928053296367, 73.63654336267847, 12.711779886820548, 0.611128695104, -0.768205274823, -0.190741641374, -0.674075722251, -0.631420972426, 0.383313809107, -0.414901962747, -0.105679758302, -0.903708000404,  
67, 2396163.3883059854, 83.01233046388754, 121.30120384355222, 84.55872978938156, 55.77046394433322, 0.0358443627903, -0.27210455083, 0.961599862247, -0.2402984859, -0.936334214438, -0.255997805745, 0.970037019567, -0.221894912717, -0.0989486148463,  
70, 1461884.40526742, 70.40575196678678, 108.94814440639358, 98.2372617469134, 32.60831349835875, 0.497985843825, 0.678730164231, 0.539755003232, 0.27118520413, -0.713091480753, 0.646497583242, -0.823692105347, 0.175573073789, 0.539171040903,  
72, 2391167.700227589, 82.95460036543021, 118.43350868694715, 94.80837878931692, 50.83936416305468, -0.798279486999, -0.00421261118211, 0.602272458729, 0.520973428459, -0.506603513092, 0.686978578532, -0.302219369789, -0.862168854941, -0.406605851034,  
73, 1915730.1992614917, 77.04573076279188, 155.73356505025652, 61.117983840858194, 48.050121620859784, -0.328660428872, -0.475992952427, 0.815728528208, -0.263551900344, 0.875621677859, 0.40475557203, -0.906930382289, -0.0819596638824, -0.413231043338,  
74, 864253.0910450495, 59.09046996368744, 100.26607002641278, 77.19447673972235, 26.657051534658535, -0.106039544297, -0.155728056723, 0.982091842647, 0.688586196234, -0.724024990501, -0.0404581695995, 0.717359509174, 0.671964720413, 0.184007470278,  
75, 1688563.1599854408, 73.87138362657345, 137.72472604242165, 80.13931841730162, 36.52339489587758, 0.873298880441, -0.449327994803, 0.18829078179, -0.329168614018, -0.259272806099, 0.907978873963, 0.359161647404, 0.85491634977, 0.374327324584,  
76, 988158.8184258837, 61.789220126273726, 105.02435577726273, 77.51690835019747, 28.976883314881196, -0.460656969672, 0.0460778116867, 0.886381402988, -0.683411425882, 0.618802285502, -0.38734035993, -0.566342634159, -0.784194214929, -0.253565482679,  
77, 2463464.9344753064, 83.78236045042232, 114.42256331951863, 91.85726231189331, 55.954188956785856, -0.271367364679, -0.297890641421, 0.915216323686, -0.757150058902, 0.653132335003, -0.0119139111295, -0.594208331893, -0.696189140053, -0.402786717235,  
78, 4093595.219266355, 99.23665017212248, 131.47926022336674, 89.46227896572233, 83.08432165911199, 0.16634797295, 0.203106519342, -0.96492284339, 0.657029093673, -0.752513286873, -0.0451278533325, -0.735283021674, -0.626475454331, -0.258625952212,  
79, 309766.4158369644, 41.9741497063104, 109.5162757466947, 55.020931666986044, 12.272671645927119, -0.676744481194, 0.661429640569, 0.323307497208, 0.0938591892573, -0.358050422789, 0.928972737669, 0.730210490041, 0.659022552966, 0.180227397797,  
81, 1136870.124113763, 64.74517585913658, 129.75171258239502, 116.94690086347008, 17.88629660796025, 0.723605969983, -0.661329155144, -0.197580739855, 0.223530232388, -0.0462949411551, 0.973596946191, 0.6530150346, 0.748665831316, -0.114327763934,  
83, 3073591.218146099, 90.19569979637508, 116.21152381392088, 100.17805014794459, 63.02831938964647, -0.842983097207, 0.329278774621, -0.425388042155, -0.343890609342, 0.278223650748, 0.896844941431, -0.413665017412, -0.902312079465, 0.121301956376,  
85, 1959476.8085069566, 77.62778114853748, 132.73956647052583, 67.52075178109719, 52.19319157085814, -0.287158228744, -0.843040307795, -0.454778177904, 0.0649465730125, -0.490817263917, 0.86883850979, -0.955678865686, 0.2199578434, 0.195694795046,  
86, 2592071.2389091062, 85.21566575589083, 110.3908773869179, 92.74130285476242, 60.443825920090084, 0.917231930118, -0.159465318527, 0.365043009192, -0.0443939887442, 0.869751330747, 0.491489365529, 0.395872151251, 0.467015454617, -0.790684390267,  
89, 205507.9497369937, 36.60833742296464, 141.172955442462, 35.560978143834646, 9.772705516766731, -0.656401937567, 0.427204498524, 0.621798048244, 0.306036814273, -0.602565640303, 0.737059100368, 0.689549102434, 0.674100115389, 0.264784950034,  
91, 1301317.2124233346, 67.72747037224957, 114.64124244973887, 59.93906735127579, 45.2109569614615, -0.914120654103, -0.0699108310832, -0.399369384705, -0.339724782268, -0.405556684594, 0.848593452658, 0.221292797117, -0.911392479275, -0.346977299929,  
92, 2976611.6558513483, 89.23690986097361, 118.88222238853984, 103.77470977218789, 57.60035049251613, -0.409846580308, -0.826654341907, -0.385575387721, -0.912105583402, 0.375786427004, 0.163853489453, -0.00944379879957, -0.418840256287, 0.908010822831,  
93, 1018848.4905441207, 62.42238132410123, 139.97129107571573, 73.69420961705066, 23.580264009680885, -0.00189555668412, 0.242708648416, 0.970097375962, -0.488915712137, -0.846472021508, 0.210823488326, 0.872328970796, -0.473896221538, 0.12026860738,  
94, 725389.0481725766, 55.739208193195395, 101.44102568102825, 48.18178239665466, 35.431202444311985, -0.927590280197, 0.315342289434, 0.200338494997, 0.0318495270958, -0.467540408327, 0.883397744057, 0.372239008846, 0.82581184726, 0.423642435572,  
95, 833209.9467022675, 58.37433491760761, 103.95825979680437, 101.42216099891309, 18.865745682111104, 0.484169308589, -0.460474700105, 0.744004792447, 0.686268534785, 0.727339535109, 0.00356354197835, -0.542785020781, 0.50886172113, 0.66816477757,  
98, 2125847.312220792, 79.76538878804274, 120.31983401935274, 78.54088333407798, 53.70447229469403, 0.23126192519, -0.59799836649, -0.767408545452, -0.752322714377, -0.61006042906, 0.248670075253, 0.616869885299, -0.51983095961, 0.590971503578,  
104, 1334977.8311721957, 68.30646571569861, 117.42647124486015, 61.39581224614453, 44.2059456091908, 0.172562244479, 0.27289651223, -0.946440576789, 0.440739709128, 0.837907804968, 0.321961207557, 0.880892036846, -0.472692293132, 0.0243149220691,  
105, 1754428.7124399093, 74.81965575024425, 112.8765538469437, 75.98931943054025, 48.83046052800159, 0.604187730713, -0.576155551085, 0.550456144492, -0.473816503106, 0.295643637846, 0.829513568778, -0.640667704384, -0.761997126212, -0.0943677498104,  
107, 2108404.161585111, 79.54662384026045, 118.92961665357628, 86.76877089832183, 48.77662993515134, 0.00522819143518, 0.536389368618, 0.843954448562, -0.454581499711, -0.750447330757, 0.479775430676, 0.890689803543, -0.386154436713, 0.239909201308,  
108, 987313.1936469042, 61.77158955707081, 134.996554492285, 58.85845299000585, 29.664347775906077, -0.447995056941, -0.440734141913, 0.777852071482, 0.122420835734, 0.831609352218, 0.541700123944, -0.885614796587, 0.337904278539, -0.318601837111,  
111, 1449169.2117555672, 70.20103198005289, 105.11924498595252, 89.95388379726371, 36.587129494937436, -0.277092108467, -0.750874915702, -0.599505483207, -0.0671751040983, -0.60727112874, 0.791649721523, 0.958492289387, -0.259631733746, -0.117829936846,  
112, 3446248.2964511253, 93.70281794388131, 105.7199183762162, 95.6821912948538, 81.33360516152288, -0.50525240439, 0.862333846682, 0.0331714444126, -0.685913154184, -0.377965527161, -0.621824095059, -0.523682301378, -0.336930849202, 0.782454120112,  
113, 3193298.1937323473, 91.35176765162213, 106.13353721224777, 88.79047540935467, 80.89689375775407, -0.938504173728, 0.0945972278936, -0.33205614039, -0.0601637987968, 0.902215070735, 0.427069412922, 0.339985636771, 0.420784185318, -0.841041280899,  
114, 3075208.822618257, 90.21152009354707, 101.58081008407719, 86.92201534078137, 83.14660932149262, 0.162574733316, 0.120672911154, 0.979289285452, -0.657254893728, 0.753492864543, 0.0162636943004, -0.735924901574, -0.646286741003, 0.201811762905,  
115, 3404890.473551292, 93.32647137315558, 99.05130808724438, 95.54376368270033, 85.89185389083354, -0.623864912657, 0.5827553007, -0.520757938261, 0.76452401831, 0.316809885658, -0.561368436748, 0.162159169285, 0.748350022286, 0.643176995827,  
116, 2522482.96710356, 84.44615453681286, 109.0760680102496, 78.23682922129326, 70.56655530901662, -0.592578934466, -0.731498481158, 0.337283528343, -0.794345455174, 0.600149846415, -0.0939971259819, 0.133661902844, 0.323620354601, 0.936698650483,  
117, 3860140.656518341, 97.31314463924835, 103.67986265489638, 96.12955840116061, 92.46197378570349, 0.508211922354, 0.596188541817, -0.621514170863, 0.421287447086, 0.457327260678, 0.783178564293, 0.751157459461, -0.659856802077, -0.0187475824701,  
118, 4405302.795169589, 101.69409094391482, 129.0167362198534, 97.90023456323708, 83.264019417554, 0.459460903205, 0.779077966222, -0.426536283303, 0.658355419794, -0.621078914674, -0.425240076869, 0.596207866146, 0.0854312840536, 0.798271680602,  
119, 3704345.442648853, 95.9859402216416, 100.8904080244377, 94.1886505004897, 93.06243613418188, -0.648993791011, 0.454022721028, -0.610467384894, 0.758667894971, 0.32627851688, -0.563884167683, 0.0568338312087, 0.829099329522, 0.556205193626,  
120, 3474544.9344524685, 93.95857922961999, 100.40597552048861, 93.36141262001286, 88.48758632064855, 0.0699653129028, -0.859553117692, 0.506234424805, 0.209982539037, -0.483417349409, -0.849832336164, 0.975198537883, 0.165759175183, 0.146668699976,  
121, 3909108.2993445275, 97.72290402256891, 102.35961525231274, 96.73128822984705, 94.25262984535344, 0.550751218693, 0.827607071029, -0.108349578178, 0.73779096107, -0.543409216033, -0.400463383713, 0.390304487384, -0.140616357206, 0.909884304301,  
122, 3280959.89207889, 92.18015570421001, 106.45472173943686, 88.96461681100027, 82.704677124619, 0.81377613498, 0.0609000900572, 0.577978876057, -0.222131017792, -0.886396840463, 0.406150775146, 0.537053268374, -0.458902844019, -0.707800795902,  
123, 3365011.8500258285, 92.96068806134879, 98.78896149538892, 92.49302020008547, 87.91856841727513, 0.945896033914, -0.258920283067, -0.195553010822, 0.257604733917, 0.23281727698, 0.937782446308, -0.197282776969, -0.937420077957, 0.286920029547,  
124, 3322708.975821093, 92.56949584093526, 98.81027972111838, 91.73240191418144, 87.51425527854481, 0.045559980919, -0.57956232323, 0.813653367, 0.848444371606, -0.407498539725, -0.33776780251, 0.52732005123, 0.705728314307, 0.473160765445,  
125, 3472703.6190645867, 93.94197869137679, 110.31566778214713, 91.17508243716033, 82.42628899033612, 0.236873797834, -0.776249238795, -0.584232764547, -0.363613457157, -0.628475184139, 0.687607589179, -0.900930661968, 0.0495586742327, -0.431123973045,  
126, 3281653.7879717, 92.18665369309433, 97.35637882391143, 94.588735531226, 85.07467924193533, -0.680159858322, 0.726296676354, 0.0993765819729, -0.650630898928, -0.660558794094, 0.374621826521, -0.337730662641, -0.190145253589, -0.921836635229,  
127, 3389513.964526518, 93.18577169559596, 98.89086574993347, 92.7214077225005, 88.24957501718997, 0.672078762836, 0.639638278848, -0.373058988335, 0.218353128678, 0.310211262398, 0.925251794853, 0.707553565281, -0.703300678881, 0.0688193820412,  
128, 3409498.422449474, 93.36855297731387, 108.01564099123617, 95.79949144399804, 78.65965435842581, -0.608981288794, 0.193311420516, -0.769267498727, -0.401222668392, 0.761542088512, 0.508993141205, -0.684223764764, -0.618614857664, 0.386203958562,  
129, 3442948.9655329636, 93.67290567511462, 109.01776972358118, 89.91267472342881, 83.85399643528572, -0.20887300688, -0.617968707549, -0.757949037526, 0.18434858869, -0.786029974787, 0.590061417638, -0.960410154489, -0.016478932821, 0.278102103423,  
130, 3640834.582742039, 95.43421659506396, 105.42557310105977, 97.94528034618425, 84.17494750208219, 0.519631042496, -0.693546759109, -0.498975422845, -0.690536627254, -0.68482687645, 0.232747321599, -0.503132930839, 0.223618072214, -0.834776743618,  
131, 3147869.257611252, 90.91649663238076, 99.04141234690601, 90.01099267090642, 84.29769523541026, 0.449025813793, 0.865154176917, 0.223347417066, -0.459219503964, 0.00902387063317, 0.888276993363, 0.766481092869, -0.501424789896, 0.401347622831,  
132, 3413023.134704962, 93.40071645135347, 99.65854548035077, 93.91504802096337, 87.05643798957584, -0.363098801088, -0.338424793635, -0.868117457319, -0.435844655317, 0.885179191148, -0.16277971615, -0.823528200537, -0.319259234185, 0.468908140586,  
133, 3311914.1296792743, 92.4691402195445, 96.42446748766694, 92.81541058708024, 88.34523277716256, 0.19285670698, -0.980480307708, 0.0382708344405, 0.517341236381, 0.0684626873429, -0.853036286204, 0.833765156212, 0.184312849899, 0.520446383069,  
134, 1855455.0528243964, 76.22906794488365, 116.89907952472758, 76.84336254346263, 49.31106437878534, 0.663211464942, -0.746650892215, -0.0516042432695, -0.58757572841, -0.476724482187, -0.653826071266, -0.463578813313, -0.46394634737, 0.754883084066,  
135, 2745196.532244076, 86.86169052015528, 98.55106782368615, 88.25527070170112, 75.34992885837067, -0.27938399337, -0.307560467647, 0.90958844704, 0.599748408038, 0.683883502637, 0.41545782202, -0.749830935148, 0.661596488475, -0.00660720312016,  
136, 3836594.261159569, 97.11487477726986, 110.57260490824424, 99.54399764416742, 83.21366395556413, -0.813513040865, -0.250542560943, 0.524809448751, 0.0878762183462, 0.839114914375, 0.536809026305, 0.57486894384, -0.482819413061, 0.660614192838,  
137, 3819746.9681572495, 96.9725155778164, 106.03321602320341, 93.36281866433428, 92.11494494560071, 0.16740793765, -0.104850863903, 0.98029632191, 0.904566082298, 0.411782768281, -0.110431673456, 0.392090276808, -0.905229942106, -0.163780239184,  
138, 3368863.618219637, 92.99614375512803, 98.15128594829561, 94.78491439188997, 86.44892643082376, -0.596552449756, 0.424325656781, 0.681228971556, 0.697044229121, 0.694656479594, 0.177712458783, -0.397812163388, 0.580861525973, -0.710172774968,  
139, 3430360.325746833, 93.55859914950791, 104.02359547528589, 90.41728642224477, 87.06985112264084, -0.776266894869, 0.560803466608, 0.287939541866, 0.617468735341, 0.768445629376, 0.16799903443, 0.127051441576, -0.308205753569, 0.942797509893,  
140, 3437469.8363709403, 93.62318875548627, 104.9767996043547, 94.37249114392947, 82.83455413753093, 0.454967937603, -0.700175640598, 0.550234720884, -0.55425142821, 0.260973251937, 0.790378590361, -0.697000380259, -0.664565297082, -0.269338886596,  
141, 3522679.213416785, 94.39047301834219, 102.07427703678682, 96.4355377295292, 85.43406450769345, 0.244153634657, -0.833506346926, 0.495637137751, 0.501582841523, -0.328881069753, -0.800157418917, 0.82994195928, 0.443964426044, 0.337774973368,  
142, 3173722.872181542, 91.16471895787792, 103.93444334356593, 89.15008278284343, 81.77096956256784, 0.687235609814, -0.723081187438, -0.0697195308179, -0.407140828726, -0.46287753309, 0.787388553984, -0.601617455023, -0.512735785502, -0.612501797612,  
143, 3836976.9397653267, 97.11810355664996, 107.21979909372878, 93.45213123592205, 91.41898191740312, -0.13643935538, 0.834303357315, -0.534155604928, -0.051150319063, 0.532545748546, 0.844854230365, 0.989327017302, 0.142593596202, -0.0299853157198,  
144, 3722383.199478353, 96.14148442736384, 103.48691421207248, 95.6874634763503, 89.74122438472767, 0.918505793592, -0.222771256268, 0.326680385879, 0.252887696596, 0.966084735429, -0.0522311868607, -0.303965327049, 0.130588098046, 0.943690536458,  
145, 3464865.545867156, 93.87124813522794, 105.60890974970538, 90.48484553608677, 86.56082133411742, -0.423261181252, 0.192977490666, -0.885217295663, -0.0432489901773, 0.97163532029, 0.232495869241, 0.904974860034, 0.136691230376, -0.402909431814,  
146, 3900667.0994128822, 97.65251345658689, 101.01798566856313, 99.32782348205518, 92.80698296150504, -0.1885562273, -0.905215090538, 0.380830919187, 0.971576967019, -0.228461584359, -0.0619959807554, 0.143124932503, 0.358316821172, 0.922563986595,  
147, 3117552.514400399, 90.62368605592543, 108.4676617326748, 88.20087761906375, 77.79505352775153, -0.0290807244415, -0.793980236352, -0.607247639557, -0.00406401640675, -0.607405636994, 0.79438144233, 0.999568804654, -0.025569052196, -0.0144370472465,  
148, 3199184.642191355, 91.40786507398145, 100.90906676599255, 91.8598777302289, 82.39382111065781, -0.937860547628, -0.206951531994, -0.278547404597, -0.34176694226, 0.411827205742, 0.844744760143, 0.0601078229536, -0.887451078098, 0.456965680991,  
149, 3575497.762871432, 94.85989372960886, 100.75220187228382, 95.8491399500191, 88.39040725225843, -0.589172678357, -0.173310601209, 0.789201489219, -0.806808445235, 0.0730017239285, -0.586285665014, -0.0439964518441, 0.982157922033, 0.182839077916,  
150, 3840009.7665730226, 97.14368487778789, 107.24613086719822, 94.35616794007777, 90.59240555680489, 0.0829003998082, 0.372238641424, 0.924427345735, -0.313366340777, -0.870829316055, 0.378758285411, 0.946006902818, -0.321083627938, 0.0444549624931,  
151, 3586677.2618803997, 94.95865692298301, 101.84557522486982, 94.55779024523747, 88.91278429410416, -0.121103696081, -0.931850274964, 0.342036489055, -0.145004421987, 0.357483695106, 0.922593694612, 0.981991655973, -0.0621327030051, 0.178415007266,  
152, 3437056.14507545, 93.61943282899347, 109.78744203509319, 92.6637558324379, 80.65577187511632, 0.791644737359, 0.598858292777, 0.121108855922, 0.479753283958, -0.48653671945, -0.730149852536, 0.378332388704, -0.636121659589, 0.67246846607,  
153, 3322691.7475628597, 92.5693358496002, 97.63621459234062, 91.40272282349565, 88.88559358537424, -0.6625335826, -0.433318476568, -0.610970007277, -0.716324240784, 0.604948101215, 0.347731759985, -0.218926549311, -0.668036595331, 0.71119496153,  
154, 3661732.275408975, 95.61645972878573, 101.95946821743811, 100.67267008888628, 85.16454484688343, -0.274331360634, 0.763010244848, 0.585284264977, 0.364955590219, 0.64570817842, -0.670722271503, -0.8896908012, 0.0296026110223, -0.45560285741,  
155, 3679860.4940266474, 95.7739902218298, 102.66390235213274, 93.76188979144794, 91.26381623913443, -0.510817949276, 0.698202475915, 0.501575842046, 0.856630455132, 0.462558942469, 0.228524589666, 0.0724519567522, -0.546399604108, 0.834384915128,  
156, 3251116.712478357, 91.89981781581409, 105.84812175938971, 89.94136260184814, 81.52697576109496, -0.0136096855332, 0.0771960781401, -0.99692303714, 0.999857987209, -0.00885950125486, -0.0143357822043, 0.00993890706178, 0.996976566805, 0.0770645402835,  
157, 2706982.8769806856, 86.45676204997179, 96.42408268219214, 88.02943417012972, 76.13484590238926, -0.705011892881, -0.573650584122, 0.416993091349, -0.683632347696, 0.39326941372, -0.614805645237, -0.188692988951, 0.718515257715, 0.66942570936,  
158, 3822976.3594056307, 96.99983623397782, 125.34709612054209, 90.71900287875783, 80.26024068800709, 0.811542042798, -0.435401798765, -0.389647002302, -0.504143411188, -0.858889798512, -0.0902648047034, 0.295362376965, -0.269691652902, 0.91653012969,  
159, 3172985.86665862, 91.15766162010364, 99.87401125667022, 89.14083734686015, 85.08447552576612, -0.460216032722, -0.874612838244, 0.152491266652, -0.171067445676, 0.255902066379, 0.951446299826, -0.871169978968, 0.41178454998, -0.267388017948,  
160, 3260551.6375510055, 91.98863145140508, 107.56608306500463, 101.31596201610253, 71.42483508882002, -0.486039849615, 0.782227007492, -0.389725766837, -0.460796831583, -0.608297133829, -0.64625140385, -0.742584368667, -0.134519536596, 0.656104374078,  
161, 3541946.1319238213, 94.5622464431, 99.90796717487281, 94.26248407478128, 89.78718166533324, -0.931409133521, 0.363942450694, -0.00478733495899, -0.101356444037, -0.246715968691, 0.963772847742, 0.349576740138, 0.898152060275, 0.26668141926,  
162, 3582194.090424049, 94.9190758653502, 97.83542394600423, 94.57049451772004, 92.429097504956, -0.0621021186366, 0.800561571454, -0.596023906544, 0.997700806166, 0.0335572543384, -0.0588813387788, 0.0271372112784, 0.59831018794, 0.800804901815,  
163, 3377585.8327311384, 93.07633234750467, 102.68871500505008, 96.49646208564582, 81.37362718442941, -0.763784691318, -0.037906998909, 0.644357047561, 0.142891765357, 0.963575531879, 0.226062243103, 0.629456026026, -0.264736196614, 0.730547642185,  
164, 3612864.1761863707, 95.18919962198397, 101.27642780509574, 95.03548291432719, 89.61255603875775, 0.334431951499, -0.936682225363, -0.10383486171, 0.321252950559, 0.00972742684884, 0.946943461313, -0.885975062614, -0.350045405421, 0.304165090978,  
165, 3222688.1484058932, 91.63116837271733, 97.39207275562536, 92.3742889272621, 85.5174919550059, 0.516669542775, -0.217698020094, -0.828045986414, 0.416256003727, 0.90901079625, 0.0207439548252, -0.748186823547, 0.355396882862, -0.56027630034,  
166, 3736639.3487136387, 96.26406372240521, 112.73955698050639, 103.75537757203361, 76.26155114239351, 0.342828423782, -0.491102908853, 0.800803724244, 0.753611815435, 0.652715880289, 0.0776608733859, -0.560836788633, 0.576870793623, 0.593870511123,  
167, 3646878.6324078282, 95.48699664170589, 106.95345262063965, 100.7924229729089, 80.76254699057864, -0.849869702578, 0.399907072275, -0.343213959776, -0.509406192504, -0.456554973939, 0.729426409455, -0.135006739384, -0.794752722119, -0.591727378955,  
168, 3276822.6804368766, 92.14139375270247, 101.15898176535168, 93.54737581485628, 82.6662568678437, -0.949314834271, -0.233468333269, 0.210461119436, -0.293069685059, 0.415379366639, -0.861144669304, -0.113628804153, 0.879177183013, 0.462748285502,  
169, 3478580.5100795757, 93.99494180883173, 103.73451377170822, 92.60416665679027, 86.4489348260282, -0.11189679233, 0.770212176978, 0.627895142759, -0.911998962524, -0.330528044955, 0.242917895291, 0.394635274933, -0.545457985487, 0.739417734333,  
170, 1985096.9584039957, 77.96464484534671, 92.42765133495226, 79.03463576533483, 64.87445778484927, 0.166135332262, -0.647676641925, 0.743581884447, -0.344548894507, -0.744660568326, -0.571635108505, 0.923950816152, -0.161231527577, -0.346870701915,  
171, 3685768.243936682, 95.8252155571782, 111.07874262688952, 99.85987046891556, 79.32634806009531, -0.0276357773443, 0.779278199623, 0.62606848779, 0.934893527627, -0.201554912474, 0.292146725567, 0.353850753585, 0.593381078945, -0.722972018364,  
172, 3565346.1109226565, 94.77003235395678, 100.72628303441144, 94.29178531032184, 89.61824191791341, -0.444046624642, -0.080239213087, 0.892403644002, 0.892692184661, -0.125168850626, 0.432935817735, -0.0769627090819, -0.988885447115, -0.127209724057,  
173, 3774780.5895375228, 96.59048971655005, 108.9356493167143, 100.9233775519264, 81.96742671962988, 0.00671128900124, -0.798787558751, 0.601575759639, -0.294492937333, -0.576488608505, -0.76219078591, 0.955630089763, -0.172044529846, -0.239106276139,  
174, 3070308.225080578, 90.16357479696941, 94.3637315054579, 89.05466624211233, 87.22311250753384, -0.937404174305, -0.347676920034, -0.0198537973717, -0.342848343517, 0.911384546415, 0.22766910617, 0.0610608495078, -0.220224812025, 0.97353613432,  
175, 3395134.6462325687, 93.23725187048966, 98.91282780992961, 92.37688091059796, 88.70589474662738, -0.372186397035, 0.881001289526, -0.29208562737, 0.91177551917, 0.405906307189, 0.0624937791022, -0.173616498365, 0.243057190056, 0.954348214153,  
176, 3167419.1494873664, 91.10432111908258, 116.20008185925562, 90.52272981774198, 71.88741260085939, -0.853020684873, 0.0196523506268, 0.521506947503, -0.490434382961, -0.371804903176, -0.788184768937, -0.178409156684, 0.928102849413, -0.3267954616,  
177, 3635619.5506130913, 95.38862903258257, 101.18028316448674, 97.02535775834168, 88.41148344667367, -0.545405618324, 0.829269957677, -0.12183615553, -0.759897358286, -0.550556144465, -0.345606621265, -0.353678832235, -0.0959128202365, 0.930436464539,  
178, 2849121.3606840945, 87.94424938270402, 97.96785602591706, 86.73855350309846, 80.04359027771953, -0.936595238639, 0.113541288264, -0.331508272624, 0.349199256477, 0.223748342443, -0.909943162252, 0.0291416923831, 0.968010875514, 0.249210165626,  
179, 2908048.418050557, 88.54642018647644, 114.83240530697529, 83.92017618996283, 72.04140515429935, 0.311265421551, 0.935170196817, -0.16902822348, 0.742070579551, -0.12806728101, 0.657974183763, -0.593670861935, 0.330235483437, 0.733825206141,  
180, 3694320.773064886, 95.89927654081298, 110.68849323314366, 95.76914740285712, 83.19895970073807, -0.13107535886, -0.109242320376, 0.985335154015, 0.373908172238, -0.92595476175, -0.0529193530415, 0.918156810699, 0.361488443289, 0.162216449027,  
181, 2926526.1456378354, 88.73356556626968, 100.32368972477956, 88.44553278941953, 78.73800383660239, -0.420188270089, 0.517987337216, -0.745071094705, 0.867835354661, -0.0105266072839, -0.496740362503, 0.265148288473, 0.855323511324, 0.445104567598,  
182, 3444718.256714851, 93.68894873065176, 107.94888750852985, 90.52870304288454, 84.15126095471224, 0.850632651043, -0.32932943727, 0.409836814752, 0.291296714575, 0.944142824864, 0.154079688264, -0.437687465045, -0.0116810960511, 0.899051297167,  
183, 3113128.205454052, 90.58079589317407, 101.3958591295517, 91.39400573894369, 80.19927919550427, -0.38026893065, -0.226982193989, -0.896590555379, 0.910713481571, -0.260895342737, -0.320210203808, 0.161234285642, 0.938303098018, -0.305926137136,  
184, 3586049.866968229, 94.95311975975432, 102.81853478953829, 96.34961923041367, 86.41841602848122, 0.51176333259, 0.189010543301, 0.838077147963, -0.463354031076, 0.882184595791, 0.0839844082867, -0.723464811378, -0.431306565532, 0.539048525855,  
185, 3391933.3489081142, 93.20793795923313, 108.65739997152785, 92.93716331382011, 80.18811033368156, 0.368394927941, -0.313584029865, 0.875185827857, -0.444695140933, -0.886149821146, -0.130325462261, 0.816413748474, -0.341179645783, -0.465902393861,  
186, 3998751.0872824113, 98.46425227924786, 108.99261692626753, 98.61256746361987, 88.819109683721, 0.155499384677, 0.940013284227, -0.303636240989, -0.648588717015, 0.328995307517, 0.68636343419, 0.745085644424, 0.0902059483007, 0.660840577874,  
187, 3461761.6345166215, 93.84320904040446, 101.19091748653295, 94.87019818018159, 86.08692787980087, -0.229085716938, 0.389304778504, 0.892166757803, 0.973026175941, 0.0659746942876, 0.2210597219, -0.0271991769709, -0.918743233525, 0.393917600044,  
188, 3652381.2825031416, 95.53499819196941, 107.19749303317526, 95.05762784915773, 85.56888992158007, -0.965850079062, 0.133861692876, 0.221843800806, -0.0577839232037, -0.945924274473, 0.319199444208, 0.25257601429, 0.295479803276, 0.921356089067,  
189, 3636341.7230914542, 95.39494455239827, 103.58550418964597, 92.60895930101644, 90.49489733176077, -0.450929197612, 0.884429063087, 0.120200212593, 0.0226880037124, -0.123267813908, 0.992114056216, 0.892271322653, 0.450100298179, 0.0355191265505,  
190, 3339776.970019396, 92.72772797414082, 110.99356708028881, 94.61148558416403, 75.9254169708423, 0.464579246711, 0.851053069423, 0.244693270342, -0.36277436334, -0.0691587560952, 0.929307176212, 0.807812406954, -0.520505273249, 0.276610512619,  
191, 3583355.8479444995, 94.92933596745016, 136.92195946329326, 104.2259676240444, 59.944906560977564, 0.797855014947, -0.582034044498, 0.157046955304, -0.447858470741, -0.397879070604, 0.800696593824, -0.403546980301, -0.70917460207, -0.578118688912,  
192, 3588965.8045152156, 94.9788493103897, 116.22551970208843, 98.05186150065497, 75.18364398954549, 0.17110687221, 0.120265964742, 0.977884725316, 0.410227204915, -0.911093764276, 0.0402714917036, 0.895787965218, 0.394264188611, -0.205230774858,  
193, 2990841.527416693, 89.37888467110497, 113.90723043242868, 90.31945447211392, 69.40203333903644, 0.690166832287, -0.714687777796, -0.113539085254, -0.616159820363, -0.662651884128, 0.425722393388, 0.379495480055, 0.223861253304, 0.89770224456,  
194, 3078069.790386938, 90.23948700250001, 105.65021105849038, 88.22302713687804, 78.83835045715311, -0.432362917588, -0.71732432587, 0.546358965343, -0.856703304527, 0.515808976384, -0.000740198324125, 0.281285896388, 0.468387565374, 0.837550794338,  
195, 3478648.736669282, 93.9955563231319, 96.98316093238401, 95.39407549806623, 89.76442012301268, -0.0690130398592, 0.0831208010946, 0.994146937205, -0.509111127823, -0.859924124984, 0.0365562415694, 0.857929519166, -0.503608411066, 0.101663702704,  
196, 3854597.2793714125, 97.26653995650491, 106.33709449031305, 95.78667848883224, 90.34424600432213, -0.728925976522, -0.456792921793, -0.509908959865, 0.00503725351337, -0.748394308782, 0.663234939263, -0.684573989302, 0.480880635067, 0.547825034103,  
197, 3165320.461440832, 91.0841951863731, 98.25688623371506, 90.99427890515005, 84.51854089933401, -0.815768531896, -0.361536392387, -0.451456686016, -0.108163392937, -0.671423086422, 0.73313826762, -0.568174605907, 0.646902215176, 0.50862082262,  
198, 3423317.5633780602, 93.49452789912148, 101.85490674108216, 95.17020275171349, 84.3093282391007, -0.788426790042, -0.46967807529, -0.39722248468, -0.585049964009, 0.772021500203, 0.248393524147, -0.189999306201, -0.428235109276, 0.883467574292,  
199, 3796632.6347048357, 96.77651729487673, 111.47299984714596, 108.2033157604715, 75.14493432085276, 0.358643832079, 0.368127803028, 0.857820798506, 0.476344791325, 0.718128427359, -0.507333422511, -0.802789039218, 0.59057047205, 0.0821965695987,  
200, 3373431.862923567, 93.0381596303427, 106.80096611797234, 92.37180129709269, 81.63356057452776, 0.523378814932, 0.585747856178, -0.618848984053, 0.688058542998, 0.137896860275, 0.712432380885, -0.50264307166, 0.79867634553, 0.330856521173,  
201, 2808595.329684044, 87.52528226358667, 99.97018980226984, 89.89061778510012, 74.61320203576079, -0.323038238312, 0.807594422677, -0.493393904552, 0.940160526572, 0.214150009631, -0.265024447269, 0.108371956076, 0.549482503667, 0.828447039527,  
202, 3680243.9176163226, 95.7773165011678, 102.40088581903129, 100.6175191646542, 85.27282985470461, -0.417450156763, -0.316523230238, 0.851791295646, 0.82803302218, 0.253605380512, 0.500045623073, -0.37429491153, 0.914055444541, 0.156224081073,  
203, 1407231.0323434628, 69.51719894584423, 117.87549457444044, 73.75032951413426, 38.64464315187562, -0.213674166089, 0.867840102961, -0.448549781451, 0.976706269575, 0.199040917585, -0.0801721653704, -0.0197031398328, 0.455232104338, 0.890154771633,  
204, 3296490.4244219484, 92.32537275503307, 99.28030085598175, 95.34867747529614, 83.13529670584987, 0.629010085517, 0.556995527319, -0.542311990339, 0.755512200303, -0.602350015796, 0.257634962036, -0.183160114412, -0.571778314574, -0.799701151351,  
205, 3106712.34131878, 90.5185269326429, 107.19138711403504, 91.16863411171688, 75.89393904177993, -0.244403004045, -0.451472800269, 0.858160522414, -0.231488415234, 0.886576156644, 0.400494484459, 0.941637024137, 0.100772164245, 0.321192599054,  
206, 2788258.9519283725, 87.31352034243281, 91.91007022737969, 88.26382509914906, 82.05379147494399, -0.657478466266, 0.0495822159355, -0.751840189309, -0.752181553262, -0.101595707707, 0.651076971723, 0.0441018971131, -0.993589410188, -0.104091818279,  
