# Void_ID, Void_Volume, r = (a*b*c)**(1/3.0), a, b, c, vector_a, vector_b, vector_c 

48, 1857638.1882780478, 76.2589533636848, 107.49831428158701, 71.89793485680897, 57.37919499279032, 0.800668610197, -0.535037127422, 0.269564554282, 0.256131483148, 0.712447566521, 0.653310897123, -0.541596196429, -0.454041558934, 0.70747425591,  
66, 790515.7836885031, 57.359758227582375, 130.9306132104221, 87.36157772903123, 16.499100416382824, -0.0794982420464, 0.15202948547, 0.985173621784, 0.995732708893, -0.0343535481013, 0.0856516559936, -0.0468657865945, -0.987778755228, 0.148649684717,  
67, 1101754.9709505404, 64.07158531020173, 107.89129648790362, 62.95445655574368, 38.7242948458081, 0.611633163398, 0.719951863574, 0.327985041683, -0.373433283835, -0.102758271475, 0.921948111429, 0.697461436895, -0.686374571046, 0.20600362197,  
76, 1393287.450045232, 69.28683212165463, 122.39936216078158, 83.30868606531654, 32.6199038369331, 0.164762766772, 0.570633437757, 0.804506501154, -0.389656364333, -0.711648899792, 0.584571433752, 0.906102173279, -0.409796685123, 0.105097709023,  
121, 285857.7651517273, 40.86521563489367, 118.55755406184164, 63.95563449862546, 9.000224488378489, 0.693312382979, -0.343718878753, 0.633383984639, -0.652199649951, 0.0745626578106, 0.754371279055, 0.30651844351, 0.936107762199, 0.172478118436,  
124, 1240076.1350736823, 66.6479169262151, 132.50801550226376, 75.75321121908408, 29.49283648594922, 0.814531557213, -0.556882947918, -0.162541455085, -0.47787914707, -0.485254702359, -0.732229058857, -0.328891871439, -0.674098847467, 0.661378016527,  
127, 1254627.9239616625, 66.90759920018355, 134.39281846049295, 71.34436045029233, 31.238532867876128, -0.664910649056, -0.732948428481, -0.143806919027, -0.746510148159, 0.645710166067, 0.160564566868, 0.0248279573892, -0.214114414801, 0.976493005559,  
135, 1827697.0805303326, 75.84702245823485, 127.89385367020382, 104.59871533598131, 32.61666736343269, 0.258467554945, -0.375111101311, 0.890216931267, 0.945309368024, 0.288008898429, -0.153104778347, -0.198959095715, 0.88110302241, 0.429036993898,  
141, 1916925.7203168361, 77.06175435517117, 137.51551220560737, 76.35446336656875, 43.58434817405279, -0.324472410079, -0.863508266278, -0.386097305309, -0.106013156383, -0.372411712342, 0.921992802133, -0.939935564691, 0.340092620591, 0.0292940889746,  
151, 864051.2209370154, 59.08586886996059, 121.04378893003472, 46.74017299808115, 36.46011665273627, 0.149099736839, -0.747446692758, 0.647373701938, -0.723629366493, 0.363700768205, 0.586585280379, 0.67389154055, 0.555918332755, 0.48664668794,  
155, 2429209.587539567, 83.39220533855192, 125.39051402149498, 90.6050224839152, 51.045730355621735, 0.721784256448, 0.259842608306, 0.641489911107, 0.627464224759, 0.145484772992, -0.764933217657, 0.29208925655, -0.954628723503, 0.0580333220818,  
156, 2282708.8812917317, 81.68092357869878, 111.0434952287505, 77.20989940440855, 63.561744659963, 0.418343857532, 0.679841509238, -0.602332083807, -0.468805146944, 0.729607191874, 0.497890630324, 0.777952537797, 0.0740868941391, 0.623939885768,  
158, 270268.60416793724, 40.10843007277253, 121.08880752258754, 28.311094968284632, 18.82115713119689, -0.493428888766, -0.172427838112, 0.852523649159, -0.757070745577, -0.397414125541, -0.518561374392, -0.428219357248, 0.901293877415, -0.0655555383882,  
159, 2995066.6771094934, 89.42095326320664, 123.07142643662527, 95.36025797621855, 60.924676861464754, -0.980552766018, -0.189026331004, -0.0527761237822, -0.194690408741, 0.903005399653, 0.382984194114, 0.0247369722979, -0.385811215991, 0.922246056005,  
171, 746696.7285580687, 56.27971373765942, 89.22828413108155, 73.38453452268244, 27.22378798642952, -0.080449288272, 0.476693205997, 0.875380773934, -0.347122777321, -0.836650062135, 0.423700898035, 0.934362718371, -0.269778169774, 0.232778971627,  
173, 3763334.7158569167, 96.49276378420127, 130.97321993135785, 87.16664365572613, 78.69577360498208, 0.751885769064, -0.63502751281, 0.177222595213, -0.576608225017, -0.763721917776, -0.290261584008, -0.319672872046, -0.116055548263, 0.940393728496,  
195, 1422085.2678009225, 69.76094301591563, 137.04784785514045, 65.33008548742602, 37.91853777542002, -0.94909528445, -0.0702893292933, -0.30704649684, -0.314379825054, 0.271980056169, 0.909501058078, -0.0195823040932, -0.959732389385, 0.280232535821,  
219, 2715869.10946409, 86.55126280082776, 128.36921541603493, 107.22270233980134, 47.10560550802502, -0.760816188221, -0.620054526557, 0.191549241288, -0.648833979841, 0.720785181744, -0.243891755462, -0.0131603322692, 0.30984045229, 0.950697480684,  
230, 1421000.8131806792, 69.74320572612335, 100.48896382578681, 87.66546224113797, 38.5086968320566, 0.421071322186, -0.723669161225, -0.54681064979, -0.885455750992, -0.458657873169, -0.0748402860437, -0.196639402632, 0.515689732757, -0.833904697709,  
237, 185410.1590366062, 35.37379372901669, 115.71147075318324, 74.90368213220015, 5.106993863595493, -0.0151379610882, -0.894900816061, 0.446008263991, -0.997007950406, 0.0473257386235, 0.0611180929992, 0.0758023018266, 0.443748581832, 0.892939643627,  
256, 2534078.301981889, 84.57535063823607, 120.52512226868959, 86.5910265480695, 57.96701699026106, 0.3248866649, 0.265383629224, -0.907755575202, 0.867467690057, 0.298746840808, 0.397806651294, -0.376760483167, 0.916690708171, 0.133152859062,  
257, 3319711.657860554, 92.54165272799126, 138.21592886043715, 115.82816154403143, 49.50390908173208, 0.112118499693, 0.987182854623, 0.113575761341, -0.987665631733, 0.0981363048901, 0.122007645481, 0.109297950208, -0.125854190237, 0.986009473017,  
266, 1623314.7849997478, 72.9073609607286, 109.92527982592208, 75.11898557369156, 46.93175994259432, 0.35008832822, -0.831835685462, 0.430682661407, -0.814286350752, -0.0429932325167, 0.578869001534, 0.463007452881, 0.553354293694, 0.692403873637,  
275, 2168917.5338101443, 80.30048039761932, 135.0999092868921, 80.2097672470813, 47.7828573972513, -0.983122233387, 0.163799902479, -0.0814878283407, 0.143454113957, 0.966619347128, 0.212292145277, -0.113541144123, -0.197019363782, 0.97380274126,  
291, 3051284.3032438736, 89.9769681582892, 121.09366381797155, 96.81002110611433, 62.137293282756595, 0.316413993259, -0.508519432426, 0.800805951349, 0.912460935199, 0.394007294576, -0.110332649552, 0.259417090043, -0.765614941512, -0.588673538328,  
318, 1229347.6024728415, 66.45515823440972, 108.9473248415124, 76.51038588741787, 35.20862996095961, 0.358196136392, 0.9176680415, 0.171990969194, 0.739400954949, -0.166339861605, -0.652393499555, 0.570071711011, -0.360855117813, 0.738106921966,  
330, 713293.2898144705, 55.42765558939159, 116.15276155339463, 75.55714114889908, 19.403249685188467, -0.274419829333, 0.21451967467, 0.937376693997, -0.124351031318, -0.974530874931, 0.186618313187, 0.953535829573, -0.0653519929764, 0.294106339161,  
345, 1319857.8855822794, 68.0476065134383, 111.20321037385438, 72.22524183632797, 39.23125778955588, -0.839020533895, 0.254672372359, 0.480818600367, 0.528644273896, 0.590686934297, 0.609609856653, 0.128762476596, -0.765657187263, 0.630229558346,  
355, 1127947.9106574822, 64.57535637387389, 100.94483458001423, 68.24477917830725, 39.088310662188604, 0.498023627103, 0.504857403087, -0.705047139839, 0.63523701638, -0.765856442645, -0.0996887269415, 0.590293486215, 0.398224700146, 0.702118713841,  
360, 652473.1322104794, 53.805252586085516, 94.243282546702, 80.41325591780986, 20.5539820125845, -0.358100840341, 0.282892343202, 0.889795319332, -0.458028046901, 0.777221245727, -0.431436488308, -0.813617905653, -0.562048981272, -0.148750953785,  
386, 591455.5353922879, 52.072827948578826, 115.55164934861946, 52.79229702920637, 23.146577459119253, -0.943954457164, -0.330056111786, 0.00359803722464, -0.0629142508233, 0.190613026169, 0.979647115699, -0.324024350694, 0.924515893496, -0.200695248648,  
409, 1103380.1757042413, 64.10307394698224, 127.97099071134345, 76.66312742056002, 26.849642241511123, 0.486770855692, -0.763084302352, 0.425154656041, -0.418311854516, 0.22364332728, 0.880340192502, -0.766856783513, -0.606371181428, -0.210344155879,  
412, 380311.51061113615, 44.945231351504624, 123.8418434094354, 58.49856111374808, 12.532516034799212, 0.230795259636, -0.875720638356, -0.424083614028, -0.758035278141, 0.111423570589, -0.642625322416, -0.610013168073, -0.469785218451, 0.638111105766,  
454, 1235842.3389296096, 66.5719819565203, 123.42413993798532, 81.00746635434419, 29.508647311630867, -0.0637960051332, -0.0360245679094, -0.997312538894, -0.103081419142, -0.993764958696, 0.0424903270867, 0.992624949695, -0.105515104962, -0.0596847708221,  
484, 1915100.8839769803, 77.03729335927707, 114.91260137082668, 101.24614819418244, 39.2967723794616, -0.418894371828, 0.777973939697, -0.468277753479, -0.417259224572, -0.622951143229, -0.661684677667, -0.8064875974, -0.0817827750983, 0.585567530638,  
486, 2640162.605501483, 85.73944910535158, 131.5606109706682, 106.65519843691075, 44.91942170363403, -0.935882516956, 0.287822967933, 0.20317936309, 0.330901425924, 0.520129377692, 0.787381531904, -0.120946933724, -0.804128950848, 0.58202102164,  
525, 1869455.7871766698, 76.4203219636855, 101.88302260496921, 81.48299223053621, 53.75981920116276, 0.82809828301, 0.209997066553, -0.519763855721, 0.268033541406, 0.66601263178, 0.696121537514, -0.492352774295, 0.715771196926, -0.495237659407,  
559, 1573827.0643984866, 72.15882731856632, 120.471086022612, 79.31730797241028, 39.32037117600051, -0.179257012747, 0.452666599561, -0.873475742664, -0.20696014468, 0.850637805381, 0.48330406844, 0.961787098008, 0.267410309634, -0.0587988469853,  
588, 1823609.3556165756, 75.79043518328845, 150.24174600080556, 80.49657035049181, 35.997737286541934, -0.561262044667, -0.332463797432, 0.75792660635, 0.0968452773466, 0.883097409036, 0.459086003282, -0.821952498306, 0.33106916128, -0.463451508766,  
605, 2314431.339308419, 82.05755339615196, 133.18766866671783, 77.42382128765811, 53.581772084928005, -0.425895702117, 0.036346103105, 0.904041930281, 0.195257713472, -0.971955238324, 0.131062733165, 0.883451909414, 0.232340214953, 0.406854701667,  
619, 1478615.364172969, 70.6733267665264, 105.1015838961817, 66.60200866173449, 50.42779945270341, -0.142926725297, 0.340919472613, -0.92916406753, -0.100584413302, 0.928938504113, 0.356308898817, 0.984608920839, 0.144385486696, -0.0984789532596,  
652, 641444.551129072, 53.50037633849813, 114.84789447372547, 59.14106332239601, 22.54542075470179, 0.542668657146, -0.837796763915, 0.0600608934804, 0.529063029886, 0.396477450608, 0.750265247474, -0.65238258634, -0.375369436068, 0.658403180055,  
669, 2082288.017775769, 79.21681860914647, 137.37942930748153, 85.13559782071101, 42.50297140148517, 0.163714311294, 0.8246930292, 0.541367741804, -0.886350721113, -0.117960959559, 0.447736095487, 0.433105095167, -0.553142494849, 0.711655363875,  
695, 852506.7770652086, 58.821542674058676, 112.23410214815438, 48.62171527416639, 37.29530115683139, 0.674825032723, -0.644717820936, 0.359096235817, -0.562018759207, -0.764334096158, -0.316114383965, -0.478274073634, -0.0115030786138, 0.878135291212,  
714, 2849133.2776009766, 87.94437199627691, 133.96645351040289, 86.80575283687263, 58.48972609491365, -0.148590519838, 0.919757436357, -0.363272784117, 0.983224504651, 0.17670481662, 0.0452214687727, -0.105784832887, 0.350459221663, 0.93058471032,  
721, 2503432.1165913525, 84.2330261490587, 134.14599926065264, 83.77224416655464, 53.18257184122578, 0.897077659521, -0.420428262938, 0.13598436863, -0.374485545013, -0.886724710427, -0.271071696225, -0.234546902271, -0.192248182412, 0.952905235054,  
775, 2518994.2069007293, 84.40720504216627, 132.9749129504254, 90.97077278191556, 49.712655303642876, 0.428665163807, 0.884030349753, -0.186377353922, -0.604504766145, 0.433960398959, 0.66802122709, 0.671431429892, -0.173691429989, 0.720424265348,  
778, 3636853.625518917, 95.3994207188419, 122.74818618911765, 97.64237527976395, 72.44089273142268, -0.935512996535, 0.281039536966, -0.214084590702, -0.136631221037, 0.271014289183, 0.952829032144, 0.325802613176, 0.920634582079, -0.215138614682,  
782, 347076.65178900334, 43.595894870981525, 81.66021830329224, 65.50642826994444, 15.489675980049686, 0.488900083968, 0.360993081059, 0.794141488227, 0.167089353346, -0.932254447618, 0.320909321921, -0.856187979298, 0.0242000067004, 0.516097378196,  
783, 3545232.6163795143, 94.59148472718611, 149.08836771141844, 107.21843450867942, 52.94718864239454, 0.354102285466, -0.897534648153, -0.262760588353, -0.144722346002, -0.330170349542, 0.932760946251, 0.923941023007, 0.292265454078, 0.246807395265,  
808, 864570.7450281429, 59.09770859326233, 135.1518400701248, 99.32976776127782, 15.374837831542493, 0.938347178122, -0.340138374777, 0.061728917981, -0.271074607081, -0.61316149308, 0.741991604265, -0.214530022858, -0.712978870239, -0.66756123306,  
825, 2340594.181227249, 82.36559446340915, 121.69178839551402, 82.92093173474177, 55.37478649753365, -0.118695207761, -0.396913382774, 0.910149006608, -0.546782260098, -0.739000202173, -0.393583359952, 0.828818802692, -0.54436978954, -0.129309413964,  
873, 1504067.19209708, 71.07652877283537, 124.63307794104307, 64.73954274636728, 44.50160562915825, 0.412333890106, -0.907759157614, 0.0771626518353, -0.70081042002, -0.370165162009, -0.60978890448, -0.582104387771, -0.197360240685, 0.788798717757,  
891, 1045609.952346556, 62.96420143851823, 99.00600027694428, 78.86682642495144, 31.9687177882907, 0.213780995139, -0.75649299436, -0.618074457975, 0.39191631414, 0.645968629178, -0.655077196084, 0.894818019951, -0.102190408561, 0.434577762397,  
911, 2155879.3774697697, 80.13925171362047, 124.79071042019577, 101.10891877256843, 40.790978708453395, -0.206910226107, -0.331307891942, -0.920555940217, 0.974841515532, -0.149541288688, -0.16529193136, 0.0828986002759, 0.931596738785, -0.353914309344,  
921, 916198.0243308243, 60.251368265837925, 87.35842218405683, 53.71432870712315, 46.61286613175041, 0.676309999444, -0.736430780328, -0.0165677529285, -0.56444682233, -0.503652899085, -0.654013411181, -0.473291209947, -0.451667425246, 0.756301505723,  
955, 1262554.5911151632, 67.04820961457013, 91.38560248180437, 69.67566522703189, 47.33720950437855, 0.154907793322, 0.0472647620851, 0.986797657999, 0.797472202263, -0.595562424659, -0.0966617036497, 0.58313091342, 0.801917352724, -0.129949594899,  
959, 1032448.3215616997, 62.69889752613757, 147.83496690331054, 65.53838970345356, 25.43939498403279, -0.107552881639, 0.776610245016, 0.620732555122, 0.158741179989, -0.60292999422, 0.781841838127, 0.981444657343, 0.182625160934, -0.0584331683799,  
993, 643799.3130408217, 53.56576354529461, 80.67995327079363, 54.62068944667832, 34.87699699621105, -0.989074951828, -0.0882542038017, 0.118075972057, -0.147348792894, 0.615613977082, -0.774149704162, 0.0043672529918, 0.783090433304, 0.621892515125,  
1061, 1509051.275647587, 71.15495186010992, 114.71741473691684, 61.12666704236996, 51.37541226860798, -0.743196467082, 0.257112560333, -0.617699071261, 0.588798356548, -0.187136657361, -0.786318235067, 0.317766434105, 0.948089132303, 0.0123081503599,  
1066, 452273.16604035144, 47.61795467664008, 134.3897098710396, 44.68936689880843, 17.978025554424242, 0.503742065686, -0.849951040692, -0.154360486152, -0.646511525644, -0.252421043243, -0.71993504161, -0.572945702897, -0.462457398421, 0.676658241786,  
1090, 3572023.546518942, 94.82915949190608, 125.6129775741833, 92.99499265106361, 73.00147395087987, -0.570073545727, 0.816450987048, 0.0917820146339, 0.0372748320363, -0.085895403345, 0.995606632451, 0.820747670943, 0.570990162291, 0.0185336237385,  
1112, 1102938.78491978, 64.0945249806666, 91.96021393684977, 65.57571687764678, 43.6636241217745, 0.386729950814, -0.381259744693, -0.839690986149, 0.336834427617, -0.78922783141, 0.513480280537, -0.858476856715, -0.481415036331, -0.176796632545,  
1142, 139334.8817802743, 32.16057078931171, 104.92568636590676, 74.43349639107522, 4.259131073895999, 0.475135389331, -0.597213638715, 0.646206028708, 0.53613362916, 0.778821732563, 0.325572481287, -0.697715625086, 0.191761775704, 0.690232082629,  
1150, 2229092.1051612054, 81.0363369311982, 138.19133610059288, 70.04411117564874, 54.977749725052114, 0.487474503769, -0.797750340442, -0.354912668835, -0.58552582636, -0.6002102603, 0.544891870095, -0.647709900218, -0.0578103602774, -0.759690626113,  
1171, 1280927.530798763, 67.37187748643551, 96.53176390636108, 86.9929410563187, 36.41511576445038, -0.125609491396, 0.907363873673, 0.401139696893, -0.964804935838, -0.205884897705, 0.163593534956, 0.231027469046, -0.366472658802, 0.901290241208,  
1195, 136941.6208534232, 31.975372917430683, 108.65117701549035, 40.056940867645174, 7.511637820158329, -0.673724458934, -0.387074609383, -0.629498689597, -0.127372258864, -0.778270911435, 0.614874536866, -0.727922840077, 0.494436684709, 0.475037581365,  
1207, 1148520.3798471806, 64.96558679685025, 113.25691498735841, 99.14763300862796, 24.4176024371602, -0.944272416344, 0.214711690735, -0.249496480123, 0.329148293508, 0.623548817256, -0.709117954489, -0.0033173201517, 0.751721865027, 0.659471934981,  
1215, 1011130.6612039394, 62.26436407835069, 120.54822779887331, 64.55232314734407, 31.02029788900357, -0.00148599137247, 0.0606216517502, 0.998159710251, 0.104857365923, -0.992648764469, 0.0604430575902, 0.994486161111, 0.104754215849, -0.00488155922052,  
1217, 2214462.72209104, 80.85866899360491, 129.55691326540392, 79.77289989412849, 51.15213822852627, 0.355607563598, -0.389020017048, -0.849827445454, -0.759217242925, 0.410066435496, -0.505405477339, -0.545098558755, -0.824929660526, 0.149527978746,  
1257, 62188.44059949376, 24.577649840679985, 74.25315865384508, 49.9009269831511, 4.006798581496158, -0.76451523177, -0.641049046018, 0.0676208620936, -0.614043796176, 0.692332083708, -0.378980873193, -0.196129234864, 0.331258820966, 0.92293061319,  
1258, 1362467.1078148535, 68.77212951615627, 145.86079986859764, 64.73959613768845, 34.44521029485899, -0.837662010539, -0.0622702684515, -0.54262765297, -0.545525829003, 0.0464448639536, 0.836806097315, 0.026905872802, -0.996978078134, 0.0728751379378,  
1326, 1396685.2920974975, 69.34311019295326, 104.74503760735523, 73.72160603967103, 43.17990729892013, 0.503538438181, -0.863844698352, -0.0148787903467, -0.796579159323, -0.470859502364, 0.379147691494, 0.334530543008, 0.179063302109, 0.925216542023,  
1330, 2319382.9812362245, 82.1160314320911, 101.80111181671724, 99.39367017134941, 54.723341490665774, 0.996115817316, -0.00934845571854, 0.087555039076, -0.0801038636296, 0.316652179638, 0.945153304053, 0.0365602177718, 0.948495652866, -0.314673397303,  
1332, 1060903.2562787274, 63.26969259333069, 123.14297124929008, 94.83510250993207, 21.68744680492325, -0.566698866832, -0.732433269476, -0.377351162838, 0.696611344842, -0.670499127769, 0.255271529745, -0.439982986682, -0.118205014381, 0.890192420775,  
1334, 1723494.0069028898, 74.37729667971637, 104.608889784389, 94.14500818545778, 41.77873420754397, -0.777544434384, 0.572819914151, -0.259426287237, 0.621580661921, 0.762582153646, -0.179181303897, -0.0951952377176, 0.300575788931, 0.948995290728,  
1358, 792843.4909598144, 57.41600247320048, 128.9300051097083, 44.920368512477275, 32.6814672007257, -0.13202372022, -0.760483943701, 0.635793919971, 0.315386199865, 0.575849427449, 0.754273810921, -0.939734687151, 0.300102662899, 0.163820357364,  
1360, 2366482.8329455135, 82.66815587363467, 130.61844764491758, 98.90080127003549, 43.73311587669882, -0.0755545900217, -0.869793380754, 0.487597147985, 0.956860288773, -0.200825044816, -0.20997068639, 0.280552832271, 0.450698098699, 0.847443999409,  
1398, 1632699.2325644207, 73.04758454871835, 112.28465494310127, 73.39332690405853, 47.29776247534032, 0.490134533077, -0.433473074122, -0.756220360409, 0.266894006507, -0.75127209048, 0.603620605476, -0.829780530487, -0.497685985413, -0.252533029816,  
1422, 4665768.952033297, 103.66008003934245, 125.6648543736366, 102.6179986558334, 86.37682706678336, -0.459965759295, 0.178739764631, -0.869760654902, 0.0930317915233, 0.983839845148, 0.152984459552, 0.883049594328, -0.0105477788237, -0.469161121918,  
1437, 585366.3584556885, 51.893510399905644, 99.10517390417081, 67.14810044801231, 20.99950660388588, -0.638980931988, 0.446583621867, 0.626311773189, 0.76818301996, 0.328152582712, 0.549736964652, -0.0399776987939, -0.832393507387, 0.552741198446,  
1476, 2108222.292591339, 79.54433656841584, 135.94399374224284, 87.79936415209848, 42.16735855840757, -0.904589296394, -0.411847564168, -0.109999039721, 0.0387019253757, -0.336321355777, 0.940951702597, -0.424523692887, 0.846917663966, 0.320171992279,  
1532, 2333943.201552084, 82.28750437797835, 116.9966702162048, 93.87067692141267, 50.73389693017572, 0.556766696182, -0.492311523417, 0.66905919763, 0.0413350290198, 0.82086855484, 0.569619373838, 0.829639838363, 0.289489515503, -0.477381984385,  
1533, 537398.0791375975, 50.435442266001395, 133.3894151068989, 80.93058008904939, 11.884296513242047, -0.977473106421, -0.0138111066792, 0.21060764363, -0.0151165289705, 0.999875205001, -0.00458965967407, -0.21051797257, -0.00766992544537, -0.97755989866,  
1550, 2319448.011231596, 82.11679887114435, 115.81441488223133, 82.98187036105695, 57.61694094264191, -0.864998263273, -0.50105876199, 0.0267977903642, -0.464830472095, 0.82028026231, 0.333276046959, 0.188972581999, -0.275826772264, 0.942448383178,  
1587, 1066589.7715422867, 63.382534537327565, 94.68278797590698, 59.1395487930906, 45.47364437316213, -0.914472036659, -0.0796781702031, -0.39672696324, -0.071285064473, -0.933367703188, 0.351771474439, -0.398320641885, 0.349965883821, 0.847858800986,  
1592, 1958005.2368973019, 77.60834340080538, 131.92928046070992, 74.32752517959986, 47.668816897311814, 0.552001370201, -0.797291611568, 0.244173244684, -0.561792415142, -0.139210643958, 0.815481256006, -0.616184850175, -0.587321447532, -0.524756846247,  
1600, 509858.0426515861, 49.55873606478175, 97.75770891022269, 46.8513317457676, 26.575883430895118, -0.591654141371, 0.573713813521, 0.566390181036, 0.283707625932, -0.509441434533, 0.812391166723, 0.754622660664, 0.641343811818, 0.138646150528,  
1603, 1021766.7454594261, 62.481922651550946, 143.54763123392317, 69.51243378585558, 24.445821143250207, 0.239899703354, -0.251963503822, 0.937530012891, -0.639205485683, 0.685850548454, 0.347887010763, -0.7306603037, -0.682732317916, 0.00347888928441,  
1608, 1986362.6265033109, 77.9812110218125, 99.78296946264378, 92.26362852216721, 51.50898256788481, 0.0951271628084, 0.711329997626, 0.696391023329, -0.940392099906, -0.165245698311, 0.297248309706, 0.326517260385, -0.683157005137, 0.653209755747,  
1640, 1007351.988479929, 62.18670502611158, 133.77094721969155, 82.85226111743752, 21.698338061176393, 0.594566967805, -0.333534760706, 0.731604185469, -0.755666908343, -0.54265914177, 0.366726845879, -0.274695548618, 0.770892741731, 0.574688381922,  
1654, 2113791.180611675, 79.61431401441337, 141.3027505372183, 68.9617291629396, 51.78627985960914, 0.147123280524, 0.950437743232, -0.273902969256, 0.891011807375, -0.247586333651, -0.380524593827, 0.429479568136, 0.188066753118, 0.883276965015,  
1671, 965071.7027253365, 61.304213370937596, 112.34583280357471, 63.070265935635256, 32.515418059620174, -0.331833363848, -0.0695033106381, -0.940774100647, -0.134268574678, 0.990608400876, -0.0258252970566, 0.933733671071, 0.117746702393, -0.338049028373,  
1705, 2510685.660907727, 84.31430108247693, 108.5611923872226, 90.69872393004157, 60.873454935763675, 0.519093807102, -0.672761508319, -0.527194055689, -0.555319878198, -0.734347128692, 0.39032566846, -0.649739526508, 0.0901457015414, -0.754792885623,  
1712, 2705423.5366960075, 86.44015790519728, 116.76713813322236, 106.54480216306267, 51.91510673489337, -0.221886391367, 0.703697259139, 0.67496414483, 0.969621549531, 0.086145388212, 0.228938906205, 0.102958632521, 0.705258207729, -0.701434516131,  
1716, 3571314.394970505, 94.8228836191264, 142.3566082405538, 79.52751536822103, 75.30857479228499, -0.446205631266, 0.863889515447, 0.233656670625, 0.0951471562108, -0.213815185796, 0.972229440507, 0.889858164704, 0.456046018977, 0.0132089092772,  
1736, 2659857.1478369324, 85.95211501793703, 144.77553434623567, 70.35905509925261, 62.33823883340198, -0.658294617197, -0.429700985989, -0.618065740524, -0.712185502502, 0.0895959608537, 0.696250223573, 0.243803213671, -0.898515234394, 0.365007351385,  
1745, 3336095.979027855, 92.69364831232764, 115.91830014264072, 101.95836155054545, 67.38683758168142, -0.80302054764, -0.157117603996, 0.57486699208, 0.523288353505, -0.647494426531, 0.554003850797, -0.285179415727, -0.745697677431, -0.602169141288,  
1757, 1059164.3487943343, 63.23510561699362, 116.26214281524322, 64.10652903614502, 33.926117231265735, 0.375691717568, 0.417510325573, 0.827369845589, 0.617824249548, -0.778271168302, 0.112192625691, 0.690759676024, 0.469019313706, -0.55033803553,  
1764, 1025006.5022871332, 62.5478909577547, 105.6253673890032, 70.60585184950078, 32.81172639586077, 0.0719656565783, -0.304532591918, 0.949779366344, -0.851524622637, -0.514597097745, -0.100477082143, 0.519352251672, -0.801529617327, -0.296350318426,  
1765, 1340267.568169906, 68.39656635023981, 116.40135747997641, 76.49370150716774, 35.93512645115971, -0.2584340488, -0.489590167624, 0.832774465379, -0.777593511713, 0.616938294586, 0.121389749219, -0.573201686114, -0.616188776625, -0.540139999072,  
1768, 1849771.3924209764, 76.15115295602298, 125.08552172231838, 82.91039359815795, 42.580761909337376, -0.233418857179, -0.132140740382, 0.963355833451, -0.837465055726, 0.530776289304, -0.130110764929, -0.494133501749, -0.837147152802, -0.234556447375,  
1769, 682099.7479131857, 54.60760043971216, 103.95258298525536, 61.32533094252488, 25.543717008556143, 0.0503668377898, 0.250964943565, 0.96668494286, 0.414119821049, -0.886032448693, 0.208449690997, 0.908827791975, 0.389824443774, -0.148556210138,  
1790, 3050046.9964946825, 89.96480451937333, 128.45204394794317, 97.89140052372471, 57.90717264186891, -0.488983340491, -0.746604857148, -0.451083672953, -0.0998594711708, -0.465811653936, 0.879231248919, 0.866558352761, -0.474974410195, -0.153218572373,  
1811, 1174845.8111523525, 65.45820438871078, 121.91256337939954, 62.7297307487334, 36.6750214922747, -0.73787788623, 0.14638819694, 0.658867756692, 0.61536690017, -0.255066470357, 0.745831531832, -0.277236006297, -0.95577800325, -0.0981254570229,  
1813, 3850823.389997139, 97.23478626984742, 139.7081416109732, 87.03938347841137, 75.60098777681513, -0.874627052956, -0.253116478036, -0.413472570777, -0.440640799649, 0.0594319380227, 0.895713978024, 0.202146491244, -0.96560856111, 0.16351422809,  
1864, 3547919.690720428, 94.61537692173601, 144.50152616360796, 88.08078311566518, 66.54747323845453, -0.746450369444, 0.645267724931, 0.162608145919, -0.0335021942404, -0.280492942784, 0.959271240072, 0.664597208043, 0.710600641859, 0.230991945425,  
1867, 1532493.159365402, 71.52150508691761, 91.90908091117188, 69.32820538301894, 57.41713970320957, -0.14462369531, -0.972543279454, -0.182328155652, -0.977109779581, 0.111315708417, 0.18128786972, 0.156014311532, -0.204373145615, 0.966380438517,  
1877, 1965288.2623195902, 77.7044487239342, 126.30463770555731, 76.26836699741602, 48.70504017223688, 0.438250935237, 0.218584549717, 0.87186977949, -0.385838476342, -0.830321827598, 0.402112338517, 0.811828053185, -0.512627015713, -0.279550987878,  
1878, 3630518.8424165305, 95.34399864952834, 134.8452034523741, 98.00972706649979, 65.58060262591847, 0.413708825356, -0.832080134571, -0.369442360152, -0.812396632722, -0.154246694387, -0.562334125243, -0.410921791786, -0.532776319784, 0.73979231823,  
1882, 209072.0417104897, 36.818756523879756, 120.96205974696674, 46.66370152412341, 8.84257988847391, 0.639576785765, 0.751661563094, -0.161078954794, -0.505586693004, 0.569150428201, 0.648421071477, 0.579071352225, -0.33327568865, 0.744045485428,  
1896, 1228896.4832756084, 66.44702848457067, 86.32402387497848, 68.57727911503719, 49.55811349653394, 0.156274179224, 0.014578968152, 0.987606113081, -0.670006358485, -0.733102812404, 0.116840686558, 0.725720235695, -0.679961557835, -0.104797038933,  
1903, 1409555.052102411, 69.55544674931302, 106.1755543685089, 68.32517998883039, 46.3861268764825, 0.675335365311, 0.476952136554, 0.562528935965, 0.560502030661, -0.827650752045, 0.028839318011, -0.47933247124, -0.29582239955, 0.826274464049,  
1906, 1156875.3385557935, 65.12273795356016, 125.57877009439747, 109.20694666473466, 20.138701456861988, -0.976833625445, -0.204933024407, 0.0616321645571, 0.0260725084933, 0.171885974895, 0.98477176845, 0.212405961548, -0.963565081944, 0.162560882,  
1910, 2145440.8157839184, 80.00970019954356, 137.56837673302874, 95.80598328859978, 38.86124266960735, 0.394884203014, 0.306643477028, -0.866046329134, 0.822857815764, 0.30121602254, 0.481844293108, -0.408621440022, 0.902905690403, 0.133378532729,  
1912, 2462299.264896525, 83.76914357100678, 152.93189274083068, 72.30253612510968, 53.16191680412129, -0.174755714759, 0.540736927328, 0.822838997364, 0.962896113736, -0.0806895802738, 0.257527213682, -0.20564900756, -0.837312825089, 0.506572520604,  
1919, 1215733.2637514817, 66.20892910312283, 144.2483870873221, 61.92604620626303, 32.49117161302051, 0.453761962702, -0.568641372676, 0.686110100848, -0.459963938039, 0.509988943529, 0.726873065385, -0.763238663138, -0.645413252699, -0.0301409411365,  
1920, 1361431.7050126544, 68.75470404324338, 117.16078728865455, 74.19412530480275, 37.38999872914524, -0.213011166326, -0.222991458996, 0.95126287231, -0.976870847031, 0.0672379873149, -0.20298374635, 0.0186973591906, 0.972498772378, 0.232156297529,  
1924, 2306955.6354901795, 81.96910839762143, 139.85125700005455, 81.11545356787705, 48.54904130336722, 0.272933365159, 0.329792395542, 0.903739096214, -0.733498584838, 0.679180926507, -0.0263266995526, 0.622484701999, 0.655705913433, -0.427273391244,  
1948, 1690073.5546106857, 73.89340268052007, 124.57407485314502, 70.41111922550066, 45.998966973437845, -0.386732241717, -0.768353840154, -0.50997112618, 0.272718721017, -0.623553509746, 0.732670130202, -0.880944193705, 0.144268488604, 0.45069272323,  
1969, 1480977.4857546242, 70.71094082469268, 146.88048829538758, 83.7174370513746, 28.7527782594991, 0.74533912368, 0.638771773567, -0.190893195285, 0.513686230732, -0.732760903159, -0.446304733515, 0.424965936363, -0.234589173014, 0.874283634089,  
1984, 949126.8933791245, 60.96471622979546, 139.6853106171216, 59.10531517828813, 27.444694103166142, -0.33640854105, 0.170523787731, -0.926148439143, 0.149732166252, 0.980643406767, 0.126169676047, 0.929736291589, -0.0962296554196, -0.355429713895,  
1989, 1371524.2956151569, 68.92418381341335, 136.87784127710552, 54.230846243878645, 44.109828298679595, -0.171499550756, -0.839877464362, 0.514969658279, -0.984647451202, 0.128872830165, -0.117733557181, -0.0325161641642, 0.527254813636, 0.849084837084,  
2048, 1609152.4465188803, 72.69471867482898, 112.7488955041238, 82.12826921067614, 41.48619590869104, -0.0876617629043, -0.172071609833, 0.981176220877, -0.996071340969, 0.0275422965027, -0.0841623764141, 0.0125418907998, 0.984699336342, 0.173810005415,  
2066, 3358553.3537835726, 92.90117655487887, 117.96594769693009, 111.49528194864008, 60.960776663113464, -0.143474775634, 0.0111461425547, 0.989591204621, 0.690977955583, -0.714727594027, 0.108230916257, 0.708494497971, 0.699314113859, 0.0948436423973,  
2086, 735539.2738737963, 55.99798748218823, 118.41866286105886, 64.41529582155599, 23.02014733561841, 0.497600611511, 0.856794458467, -0.13526598746, 0.601649802761, -0.228590650839, 0.765352094912, 0.624828893587, -0.462222425126, -0.629237064587,  
2098, 1907426.1940160675, 76.93424763174342, 136.93164623542893, 81.41918515563214, 40.844026754228494, 0.0311098525306, -0.970452575691, 0.23927802952, 0.881638315244, -0.0861419813555, -0.463997241523, 0.470899201707, 0.225391564579, 0.85290830952,  
2110, 1618678.0765469961, 72.83787915070195, 115.2007841721302, 74.35825378643887, 45.11149892268473, 0.794661458397, -0.260973341544, 0.548093132179, -0.214277065668, 0.724171279721, 0.655485542751, -0.567977557362, -0.638332885437, 0.519550403429,  
2111, 1668401.1115853188, 73.57618866040266, 135.2938676292824, 92.49790908772897, 31.82744919063207, 0.653106424978, -0.491837103063, 0.57580227657, -0.616165718761, 0.0968738540291, 0.781636273103, 0.440217905902, 0.865281295566, 0.239784225643,  
2120, 2984817.1609895593, 89.31883322391322, 106.02093859143764, 97.89176870752593, 68.65802454901824, -0.951607280489, -0.095908120544, 0.291967834075, 0.0702854497546, 0.856952859829, 0.510579819013, 0.299171421218, -0.506392563575, 0.808741635061,  
2122, 1595942.6505050436, 72.49525090278028, 109.4181237678089, 67.41915435678534, 51.64830905716317, 0.934295982158, 0.255491590951, 0.248626355557, 0.272295371165, -0.961572726311, -0.0351158490837, -0.230100518395, -0.100508402477, 0.967962712332,  
2129, 2259667.5971420445, 81.40516912364346, 120.26478034412014, 82.82766249256994, 54.1554390560527, -0.340346788575, 0.782621625417, 0.521217281886, 0.914841357036, 0.403717213079, -0.00881494866855, 0.217323157906, -0.473830986, 0.853378486806,  
2138, 1936855.1702779613, 77.32789343859804, 115.05658263317825, 72.26158024587642, 55.61470176553363, 0.548632460031, 0.706710100298, 0.446725036165, 0.760456725373, -0.199772514001, -0.617896845342, 0.347430558004, -0.67871332445, 0.647024134464,  
2148, 1486481.7570602482, 70.79843506668004, 112.7014228468931, 60.81661850639396, 51.77490447417109, 0.243179302373, -0.664840395585, -0.7062939015, -0.878879772246, 0.157063038725, -0.450445943264, -0.410407325512, -0.730286553529, 0.546120295266,  
2155, 1318338.6316237675, 68.02148721461153, 118.04889876577278, 92.17216689126678, 28.925217391194625, -0.713273427851, 0.651213200818, 0.259157064735, 0.341160188636, -0.000412247335105, 0.940005082828, -0.612250555583, -0.758894720717, 0.221873973364,  
2160, 2566786.2690409054, 84.93767444375464, 117.76358654295663, 74.67289492493806, 69.68303949235903, -0.686325122179, 0.229600993165, 0.690102318939, 0.721672470421, 0.0972363547339, 0.685371386005, -0.0902589170264, -0.968415445589, 0.232432468991,  
2166, 1540378.9185359916, 71.64397147927936, 127.16175268711984, 79.49405317549956, 36.378753221399855, -0.154054130258, -0.80603075642, -0.571473310536, -0.974900810448, 0.0299098287939, 0.220621422191, 0.160734982933, -0.591117434903, 0.790407770341,  
2193, 1759080.236570166, 74.88572061989959, 133.31287564056302, 68.27540979266149, 46.13819795015221, -0.629549025716, 0.27315584558, -0.727360920207, -0.0562007290435, 0.917699681125, 0.393279510423, 0.774925481756, 0.288466946615, -0.562385382488,  
2206, 1483997.0614690566, 70.75896588292842, 121.01369465930688, 64.38731855646067, 45.46838954194736, -0.741374542441, -0.0837159093279, 0.66584940816, -0.609575922292, -0.330970317202, -0.720330371492, -0.280679501893, 0.939920366657, -0.194341764838,  
2207, 1713393.7556118835, 74.23171998774741, 145.61675399985373, 76.08532561554976, 36.91954338779307, 0.82564012491, -0.428708799252, 0.36677942906, -0.342375930327, 0.135998801189, 0.929668246423, -0.44843852028, -0.893147855352, -0.0344935067814,  
2209, 2023457.9802189362, 78.46365361539165, 116.31957014070002, 84.24039313548522, 49.29835266244118, -0.938965835747, 0.266033416895, -0.218104058641, 0.339585976287, 0.615435128713, -0.711281215171, 0.0549956726426, 0.741933840339, 0.668213777582,  
2215, 1397406.3972046976, 69.35504203091986, 119.60410045107396, 102.02361551335015, 27.33929673300515, 0.0258600272057, 0.437985962465, 0.898609790552, 0.876892444484, -0.441551436915, 0.189978865576, 0.479990520532, 0.783071277242, -0.395485113447,  
2221, 747569.1332679718, 56.301623381536196, 95.08740009064836, 50.05975714815073, 37.49307327532489, -0.0753286586762, 0.977970010986, -0.194679867457, 0.981938326722, 0.106732662304, 0.156221833662, -0.173558968933, 0.179395642112, 0.96834626446,  
2229, 1094933.9532096665, 63.93908808386136, 115.31692405730857, 70.82098365400282, 32.00695135394609, 0.766869398843, 0.641771329995, 0.00639414690617, -0.148920029778, 0.168239910199, 0.974432223065, 0.624286913085, -0.748214469662, 0.224590644369,  
2231, 1584303.0437615279, 72.31857873338015, 92.10922501259097, 76.24065451599796, 53.85920058239871, -0.742268302662, 0.666653294558, 0.067905461619, -0.173954900204, -0.289558611119, 0.94122022047, -0.647130172035, -0.686825447681, -0.330897786122,  
2233, 1477441.7430998224, 70.65462330871527, 101.33421281639605, 79.22961347849994, 43.93171126152001, -0.14420469062, 0.873275468034, 0.465397640876, 0.98925068869, 0.138748100326, 0.0461740141532, 0.0242504047471, -0.467053446176, 0.88389648505,  
2242, 572191.5386658433, 51.50123070688733, 136.48623160359506, 49.05520565187189, 20.402288211152303, 0.787347268973, 0.543902949931, 0.290265153087, 0.527994846213, -0.351820816281, -0.77294472998, 0.318285595673, -0.761834427082, 0.56418311327,  
2244, 1544879.614302838, 71.71368034123773, 102.85894261420643, 93.7439746057511, 38.249046623225944, -0.12012765778, -0.9758609783, -0.182386120272, 0.00841803241396, -0.184711184534, 0.982756793433, 0.992722762188, -0.11652093949, -0.0304037513106,  
2247, 881084.0195856403, 59.47159301137816, 125.00340416987727, 91.52147071549786, 18.385857277081453, 0.653536720887, 0.445414880394, 0.611960242806, 0.563671856219, -0.825998458246, -0.000765167492021, -0.505137400079, -0.345444831048, 0.79088815628,  
2250, 1819750.4623279362, 75.73693802799716, 103.36440952204559, 87.93464946774844, 47.79606734123126, -0.889347982053, 0.271205712185, -0.368113608137, 0.31494772488, 0.947002312105, -0.0632024640334, -0.331463568753, 0.172145527229, 0.927630217298,  
2256, 1255348.384586915, 66.92040381096163, 113.26395313261821, 93.8176056710305, 28.20327865761876, -0.556212511669, -0.686870658707, 0.467799465658, -0.0447329058168, 0.586837987616, 0.808467775133, 0.829835290283, -0.428753862372, 0.357132351519,  
2258, 581622.2172500489, 51.782632621221886, 93.6349741841717, 82.95049591756573, 17.877027017984336, -0.0302610985735, -0.35912122618, 0.932800198767, 0.916557957148, -0.382269670758, -0.117436834114, 0.398755284731, 0.851411676996, 0.340723317624,  
2259, 939555.0510965976, 60.759082547121714, 110.75632550832952, 78.18301857014882, 25.903154103613502, 0.0831128720454, -0.825804063331, 0.557799156943, 0.862443351205, -0.220831443728, -0.455439281818, 0.499283202664, 0.518923040968, 0.693855288291,  
2265, 854181.9796733027, 58.860046191486894, 124.27163746749066, 76.93781995210828, 21.32798853254049, 0.642951846182, -0.723201584419, -0.252175319542, -0.569428831186, -0.231170008076, -0.788867056975, -0.512214534845, -0.650799428135, 0.560443016402,  
2268, 2230317.3951703985, 81.05118226160273, 108.6149298058205, 79.33697297836578, 61.78924805332553, 0.133207353477, 0.48103945012, 0.866519964229, -0.858741569387, -0.38047151813, 0.343226369759, 0.494791590456, -0.789836990347, 0.36240696833,  
2279, 59498.32353716257, 24.218024072647957, 57.97046120544817, 23.401354556871887, 10.47052281281772, 0.509188915109, 0.859035381738, 0.0527717884112, 0.758412271876, -0.476841194164, 0.444334672759, -0.406862967837, 0.186227518028, 0.894305225822,  
2281, 2294771.919829667, 81.82455257496032, 132.87340422587513, 87.91220363426471, 46.89901154422314, -0.990184414611, 0.123901304148, -0.0646783726746, -0.101926211088, -0.323492860216, 0.940724942203, 0.0956340554126, 0.938083597671, 0.332946378905,  
2284, 1316285.2533345602, 67.98615324177665, 141.04060999465145, 78.07134367597538, 28.538134134979494, 0.850577504702, -0.00897053564617, -0.525773181121, 0.468043308926, 0.468671568172, 0.749187841704, -0.239694325059, 0.883326944386, -0.402840092167,  
