# Void_ID, Void_Volume, r = (a*b*c)**(1/3.0), a, b, c, vector_a, vector_b, vector_c 

7, 1412388.6302845615, 69.60202382935601, 154.861353455574, 86.33137048228512, 25.220513091178958, 0.529641916576, -0.718202419628, -0.451292282946, -0.779431623233, -0.202201557786, -0.592959420815, -0.334612888142, -0.665807640741, 0.666884098341,  
8, 1084819.345983271, 63.74159658859103, 135.16301398701668, 80.48239334211597, 23.807295471949008, -0.112542349343, -0.968187399075, 0.223489104604, -0.938859201054, 0.029958741056, -0.342995443747, 0.325388414363, -0.248426315246, -0.912363275067,  
9, 1072788.1230772103, 63.50507732291332, 142.53520922274478, 48.57572045386134, 36.989966612668105, -0.41247903254, 0.2316859418, -0.881012299623, 0.244207171064, 0.959841835925, 0.138081525227, 0.87762401136, -0.158193787426, -0.452494000296,  
12, 2230160.320394366, 81.049279483817, 106.60475104487983, 84.32330233296697, 59.22748733066725, 0.35167866935, -0.331452218224, 0.875477892673, -0.222923824599, 0.878662071287, 0.422206031349, -0.90919034418, -0.343645735483, 0.23511811188,  
13, 295425.72102707386, 41.31615502361461, 95.97897768308734, 48.76559152888581, 15.068501945332747, 0.307030703974, -0.0149854008395, 0.951581622657, 0.84350531294, 0.467310965814, -0.26480039326, 0.4407163871, -0.883966005563, -0.156119080034,  
19, 395766.80724959745, 45.546001140368226, 94.99037201384915, 61.51275332470562, 16.16985043826266, -0.329398294739, 0.294348196678, -0.897137616275, -0.0467548875361, 0.94391469035, 0.326862414225, 0.943032737457, 0.149613490213, -0.297161672548,  
33, 1682043.5918307228, 73.77618815732278, 145.89085688213487, 86.64289884469194, 31.76783279054936, -0.901035714367, -0.366217195938, 0.232421184136, 0.0561508079913, 0.432854064744, 0.899713535186, -0.430095022289, 0.823724665185, -0.369453579991,  
58, 1847793.2721550916, 76.12399827309827, 109.96762474303146, 86.6102166913796, 46.315974106751035, -0.33549297245, -0.451333555398, 0.826887227624, -0.510094169806, 0.824980762659, 0.243332445787, -0.791990153579, -0.340154028368, -0.506997863525,  
66, 1111069.7182862984, 64.25164245999139, 129.96845729262557, 81.46017621557503, 25.053556934566966, -0.779887459393, -0.251636888742, 0.573109437111, -0.625198317365, 0.269225487189, -0.732560373629, -0.0300435458173, 0.929621704389, 0.367288540636,  
77, 2804664.513531777, 87.48443071292854, 122.58651190076824, 97.97917141245303, 55.74627593098036, -0.151552818216, -0.80456090034, -0.574206845079, 0.0717387903573, -0.588337925561, 0.805426614475, 0.985842426176, -0.0808717688088, -0.146882496441,  
81, 1363731.5910178951, 68.79339836332232, 136.30131300741104, 72.72162737195289, 32.84555943734958, -0.971150296735, 0.238337966944, -0.00788128576298, 0.181254580513, 0.716270534034, -0.67387187144, 0.154964119057, 0.655859387055, 0.738806189888,  
84, 945269.2690930977, 60.88200923074733, 102.97402782456038, 59.339979406488425, 36.93106553273082, -0.959578610457, 0.275012811434, -0.0598067212074, 0.259907671216, 0.784401141566, -0.563172133147, 0.107967091269, 0.555952158605, 0.824172496838,  
112, 2238111.3857948263, 81.14548539054921, 105.01546284002869, 89.60395572826675, 56.78225735028996, -0.78489321942, 0.371379141354, -0.496004201066, 0.609790084162, 0.320860485587, -0.724710012382, 0.109994033322, 0.871278418277, 0.478304537379,  
119, 986722.8363928554, 61.75927513408289, 105.577600479932, 66.12943630677222, 33.739602532686824, 0.248043767695, 0.892092869313, 0.377683203001, 0.673273560407, -0.43906859205, 0.594913005685, 0.696546482415, 0.106719651409, -0.709530770184,  
131, 1212142.8093486035, 66.14368602325426, 94.70394607573155, 87.27147853607298, 35.01263296399095, -0.361969394924, -0.606066243721, 0.708280922629, 0.926810942794, -0.152471738073, 0.343181942134, -0.0999981672653, 0.780663869607, 0.616898929512,  
139, 3071452.955293719, 90.17477889940444, 125.2576903212062, 101.04841874222623, 57.93237553947593, -0.564609399331, 0.503024602989, 0.654356535059, -0.413733039575, -0.858506020939, 0.302972579576, -0.714171686747, 0.0996677520475, -0.692838466781,  
144, 1139305.376238197, 64.79137239381578, 122.22898407311317, 63.37166087919994, 35.114156943840214, -0.0809498664981, 0.920906040647, -0.381286222428, 0.501450112, 0.368231308131, 0.78291346194, 0.861391260862, -0.127819278717, -0.491596712457,  
189, 1150007.848213943, 64.99362071173626, 99.234408735453, 64.50140386518028, 42.89243891067118, 0.648770105152, 0.0841873184972, -0.756313325325, 0.272352782864, 0.902342762667, 0.334068107319, 0.710578153567, -0.422717439983, 0.562484358545,  
190, 1013827.8060341236, 62.31967737413685, 147.0836366694107, 65.10161692134848, 25.276646483408847, 0.56598428334, 0.71889058801, -0.403556828071, -0.46340356536, 0.68227327779, 0.565473527255, 0.681849636375, -0.133039456117, 0.719292413759,  
193, 1487522.8072768364, 70.81495898885484, 123.70056796073837, 86.2723412070428, 33.27604833352667, 0.752463675943, -0.619328292641, 0.224122471698, -0.483911547776, -0.750696181238, -0.449760889145, -0.446797527204, -0.229973279771, 0.864571720724,  
197, 1865620.5486199413, 76.36802674074589, 129.17406166406576, 79.01785174859367, 43.6349189316865, -0.696860590589, -0.46326759515, -0.547511143785, -0.677097498191, 0.173240154634, 0.715211036524, 0.236483181702, -0.869120810996, 0.43440156614,  
202, 1059063.0111424725, 63.233088837914984, 83.15539730176245, 70.978755263328, 42.83653845197155, -0.271385181824, -0.327114886035, 0.905177294468, -0.666010182355, 0.742768291927, 0.0687437379499, -0.694824092908, -0.58420126313, -0.419438152856,  
207, 2474354.934391343, 83.90563515723095, 124.63566163689319, 91.3486829482762, 51.88344132759829, 0.220252831112, 0.413822981213, 0.883311513911, 0.642332304185, -0.743027061736, 0.187936150139, 0.734096656707, 0.525986050907, -0.429465682987,  
265, 2410173.2732201293, 83.1738016362426, 120.43835655909504, 105.6092883987809, 45.23688791157877, -0.559734945346, 0.820992304893, 0.112554103726, -0.786795157665, -0.483892481118, -0.383146768997, -0.260096464479, -0.30301765959, 0.916804301442,  
272, 376521.26530932845, 44.79542211636115, 131.51919631541756, 34.42570476646211, 19.853126686435896, -0.866007865367, -0.242379896693, 0.437358391713, -0.253848498046, 0.966678097319, 0.0330816596151, -0.430803107188, -0.082373793418, -0.898678608288,  
293, 2510546.048337717, 84.31273822196121, 125.36473374844654, 97.4482393220197, 49.060300375443965, 0.108400869711, -0.731519371049, 0.673148320377, 0.0936600429218, 0.681641809426, 0.725666755476, 0.98968532767, 0.0156158068349, -0.142404700664,  
294, 576329.7022691764, 51.625087135293114, 109.97331808114703, 46.986627833214186, 26.626911020709322, 0.00178245800577, 0.855633140211, 0.517579706148, -0.989827825241, -0.0721211228175, 0.122635313111, -0.142259267613, 0.512533387222, -0.846800937506,  
296, 761227.2842721337, 56.64243464846666, 111.53067653190858, 57.06001888244588, 28.556139124267627, -0.437980100416, -0.193228284792, 0.8779728137, -0.8615736501, -0.18858348461, -0.471303633325, -0.256640365284, 0.962859854438, 0.0838845851046,  
304, 932838.9838602047, 60.6139648281168, 121.55517732877338, 67.20380119716908, 27.26156465956497, 0.572793895094, -0.817222015576, -0.0636814808362, -0.377486347208, -0.331945171963, 0.864474673129, -0.727606494896, -0.471126925646, -0.498626321524,  
311, 1079827.6470224934, 63.64367916794438, 128.55736567085566, 69.8554216992146, 28.705740205842908, 0.284105752341, -0.958082210641, -0.0369106913999, 0.644112388231, 0.162203180362, 0.747535523977, -0.71021345581, -0.23615377603, 0.663195477407,  
324, 2283786.7996042687, 81.69377840935316, 147.29467018797942, 73.40512359049316, 50.42588656880693, 0.680335067954, 0.68674152925, 0.255988803104, 0.634837512216, -0.377652825789, -0.674062071517, 0.366231522941, -0.621099360148, 0.692899744861,  
342, 1219335.2608622687, 66.27425297986377, 125.40548755386912, 65.62686364051328, 35.37010370751608, 0.377077909169, 0.925080555692, 0.0451466044858, 0.632625538076, -0.292857776507, 0.716951359099, 0.676459295886, -0.24178562451, -0.695659782357,  
345, 414967.51049943, 46.270958433397325, 119.68936143172273, 36.51992192451444, 22.664184436708503, -0.398308176318, 0.445024914291, 0.802061981606, 0.916625209193, 0.160804514524, 0.365978324468, -0.0338942849077, -0.880962390667, 0.471970808082,  
355, 1273493.123131011, 67.24128406067379, 111.48609570392817, 97.52767955034125, 27.961431205282395, 0.440344980611, 0.336933684468, 0.832209102522, -0.268637159909, -0.835005000933, 0.480209042744, -0.856697364515, 0.435019931369, 0.277177352873,  
356, 1773018.751881135, 75.08299244564557, 120.13609124169996, 103.8573610756248, 33.924537736151336, -0.833115482079, -0.5521388071, 0.0325780787498, -0.538773969315, 0.79681057527, -0.273524253269, -0.125064797243, 0.245429510923, 0.961313243256,  
373, 960665.5768141102, 61.21077430134843, 130.75577367077778, 70.41772816610866, 24.908107727790714, 0.18900556896, 0.981826619753, -0.017128445519, -0.302969529319, 0.0748969834962, 0.950052580738, 0.934069782836, -0.174375831488, 0.311619495839,  
384, 2952412.714987946, 88.99442865669613, 121.65163723953158, 85.47525611944356, 67.78445189310955, 0.463367999732, -0.236121631413, 0.854129189293, -0.54458006566, 0.684495400161, 0.484663387564, -0.699087010972, -0.689719234426, 0.18858613086,  
396, 4076880.241212057, 99.10139813968848, 115.29464940000868, 107.8201931135303, 78.29428935338306, -0.264360676584, -0.517698859699, 0.813696087825, -0.126370171801, 0.85503216568, 0.502941920435, 0.956108786883, -0.0301311519567, 0.291458575662,  
419, 1446104.4711753025, 70.15150939957375, 156.96433577441996, 106.74500634405177, 20.60452018693196, 0.65175978702, 0.668084711959, 0.358987461718, 0.538780634791, -0.740988115588, 0.400814221469, -0.533783296477, 0.0678190991126, 0.842897361603,  
438, 1083217.1958947827, 63.710201523867674, 111.41726112258553, 55.684189356848684, 41.681424836109436, 0.121504139979, 0.992586423796, 0.00298919101763, 0.798967135191, -0.0960150654189, -0.593660360894, 0.588972207199, -0.0745204569741, 0.804710159399,  
480, 2541106.745160907, 84.65347034010165, 123.0639064273567, 83.13332511982594, 59.29641693870929, 0.684770319343, 0.016365580634, -0.728575169435, 0.385086753902, -0.856898276498, 0.342685768167, -0.618706555417, -0.515225689873, -0.593080674764,  
482, 660244.7619821667, 54.01803538860709, 106.11381996222072, 92.84038799568718, 15.999538636392371, -0.37079825225, 0.838119308575, -0.400080842734, -0.715455870418, -0.532457220617, -0.452340807022, -0.592141497966, 0.118513006911, 0.797071586233,  
485, 490360.947815866, 48.918795544858924, 91.25962553734986, 67.44284043183039, 19.02009716829356, 0.458228911695, -0.487058545082, 0.743505371971, -0.116726802024, 0.796274737445, 0.593566673758, 0.881136265385, 0.358776415292, -0.308023319984,  
487, 2699294.0798212374, 86.37482841068486, 138.1451564177477, 97.14858342793872, 48.01638475380892, -0.14936521957, 0.131555549913, 0.979991412447, 0.20667859584, 0.97337047906, -0.0991658636592, 0.966940530335, -0.18773131806, 0.172577411659,  
504, 1953214.1706605619, 77.54499144181132, 129.77846210207943, 72.5293259584556, 49.5387441146357, 0.167952499901, -0.970298134257, -0.174107692061, -0.891883690688, -0.0743297809236, -0.446114969434, -0.419923135898, -0.230209935332, 0.877876953571,  
546, 2414419.414693605, 83.22261701072873, 134.0948613325951, 91.4274355684456, 47.0148907609867, 0.324575279533, -0.619538292346, -0.714718960314, -0.864034609214, -0.501639416821, 0.0424510255683, 0.384831238332, -0.603763364083, 0.69812228026,  
607, 1804255.1681448908, 75.52135664203331, 128.26477883220238, 71.59513208992368, 46.9049240807674, -0.839389961175, -0.427637735305, 0.335485410147, 0.0128678226575, 0.601426761615, 0.798824304559, -0.543377320302, 0.674842068751, -0.499328819542,  
621, 1965721.290155559, 77.71015538775174, 126.62337754406816, 88.32493711698456, 41.96006009433702, -0.683720668363, 0.490724574882, 0.540106877626, 0.720806202651, 0.338662124853, 0.60476969452, -0.11386160842, -0.802805927231, 0.585267611722,  
641, 2446361.4927822463, 83.5880141547343, 123.72794568490949, 69.3085082599427, 68.10479170934622, -0.898423985787, 0.43039556916, -0.0871435356781, -0.117257076198, -0.0438869099889, 0.992131401183, 0.423184498587, 0.901572844078, 0.0898959786445,  
651, 2810892.0201770654, 87.54913329842664, 135.97445127604334, 81.95854291709482, 60.214905568704005, 0.647070875254, -0.487800704267, 0.585960540748, -0.553403158042, 0.228157746113, 0.801054921687, 0.524446591244, 0.84261172304, 0.122316217763,  
657, 1549624.6989807258, 71.78702795124066, 116.05157644633064, 76.39988582304689, 41.72479068715641, -0.917935919469, -0.367674070828, 0.149028270436, 0.045912178513, 0.274668796934, 0.960442150187, -0.394063090903, 0.888466560784, -0.235247637088,  
676, 1838641.7036836357, 75.99811708021065, 113.06808495881852, 72.05329476480613, 53.87839080733109, 0.587059085002, -0.0393065390922, 0.808589281837, -0.51094633909, 0.756752956028, 0.407748454458, -0.627929509808, -0.652518167967, 0.424175165687,  
688, 1175827.4576993422, 65.47643059091614, 112.46607059358605, 83.01506414514347, 30.0660626889161, 0.890478031206, -0.440988689713, -0.112151020879, 0.29265243635, 0.36631509025, 0.88327108305, -0.348429946241, -0.819354764556, 0.455251954815,  
703, 2631125.4637118, 85.64151002125749, 128.25083050486975, 97.7112929569877, 50.12426324273389, -0.082790916162, -0.251999873382, 0.964179302836, -0.389780454264, -0.882239830268, -0.264053175256, 0.917178751212, -0.397679450947, -0.0251831812987,  
717, 803777.4988937468, 57.67873739785119, 88.12124888752263, 73.91720388783175, 29.459207625603852, -0.637816085424, 0.000525040125261, -0.770188525951, 0.751283148122, -0.219782025317, -0.622309804434, 0.169600331727, 0.97554886381, -0.139786057236,  
723, 442086.60200310533, 47.25773630689351, 83.48102976411951, 54.58254268857982, 23.162060052158914, 0.330270607414, 0.908978383583, 0.254321890639, 0.578863878103, -0.407879527596, 0.706081370378, 0.745545395335, -0.085980167177, -0.660885371564,  
725, 2714332.126587092, 86.53493249597862, 125.49805080093846, 81.42301958613957, 63.414736604136074, 0.252543308852, -0.262617905631, 0.931264577226, -0.365022129102, -0.917205442747, -0.159665340824, 0.896091916279, -0.299609765256, -0.327495444462,  
767, 1575964.84898968, 72.19148449327598, 110.83395274289104, 61.20049649584413, 55.46642177954856, -0.0893746087707, -0.594396684172, 0.799190065724, -0.0433430395776, 0.803962172378, 0.593098816645, -0.995054551383, 0.0183686480513, -0.0976167636295,  
790, 1667927.4495900075, 73.56922519847461, 103.53765258400863, 80.89236357854037, 47.54257575726606, 0.0274571357936, 0.370888829119, 0.928271286925, -0.209577336357, -0.905847052597, 0.368128316469, 0.977406489532, -0.204652372905, 0.05285792736,  
817, 501719.3841239705, 49.29362502102829, 140.40187925944517, 64.4300501016703, 13.24069803773142, 0.459234709156, 0.706587237894, 0.538366006682, 0.733544648616, -0.643460264793, 0.218794735129, -0.501014700776, -0.294437366646, 0.813812574693,  
818, 3194961.5852736025, 91.36762663416708, 141.91666282509243, 87.35591857712546, 61.524955248464394, 0.419858342714, 0.849874278546, 0.318484980365, 0.751809556615, -0.522257261641, 0.402529183098, -0.508430292799, -0.0704348161672, 0.858217672876,  
824, 3107413.6925629987, 90.52533804546056, 117.59830583188892, 88.70278813803853, 71.11678738452383, 0.457922003743, 0.620120570557, 0.636991300145, 0.56550677782, -0.756061542744, 0.329504215184, 0.685936967022, 0.209335667185, -0.696899602322,  
837, 2664828.7446225593, 86.00563334290526, 126.62657988001722, 92.93390894517802, 54.06069359923269, 0.751809090798, -0.251597201032, 0.609493182429, -0.569231769564, 0.218889919742, 0.792503877312, 0.332803671124, 0.942754502227, -0.0213463115849,  
843, 2920951.6608861852, 88.67718947571178, 110.48720810795093, 97.28677507078787, 64.8738920254438, -0.787433167715, -0.338023291101, -0.515450541813, 0.0558310471368, -0.871902099854, 0.486487021867, 0.613866353987, -0.354297873184, -0.705436826725,  
851, 2536184.10107968, 84.59877130191768, 124.20166357621319, 72.8713099920241, 66.89723636175401, -0.592902348506, 0.667738197791, 0.450102770871, 0.357246959798, -0.282822305673, 0.890160745669, 0.721693435505, 0.688576243145, -0.0708614318586,  
853, 1345535.1680520226, 68.48605464242144, 129.61478101570953, 86.83029400372334, 28.541752909092185, 0.669299930473, -0.335315748852, 0.663024095822, -0.520491762316, 0.425209720425, 0.740462706027, 0.530213097188, 0.840690217754, -0.110063751265,  
860, 1232232.5113860494, 66.50710104421455, 111.22319051701457, 55.23680583636691, 47.88286722054305, 0.84181388168, 0.538949192332, -0.0297179524102, 0.298788304262, -0.419426648526, 0.857208746889, 0.449527460615, -0.730489599236, -0.514110890336,  
862, 2189967.817473197, 80.55942810484146, 96.275155124064, 76.08748685908188, 71.37097942515445, -0.124113649223, 0.593311518726, -0.795347247323, 0.961263486619, -0.126909329332, -0.244676381003, 0.246106300953, 0.79490594656, 0.554577519158,  
866, 1174079.7418858798, 65.44397374914362, 117.9769440246998, 73.26512471930369, 32.427580764857055, -0.274107798785, -0.180925140267, -0.94452687006, 0.0561137069466, -0.983479611738, 0.172102019713, -0.960060501499, -0.00582639819979, 0.279731811824,  
874, 485823.0926826514, 48.76742765067485, 106.95742034587418, 56.39466195443217, 19.228288404104894, -0.951766608517, -0.202575203988, 0.230442204558, -0.243252819305, 0.0404489530546, -0.969119160938, -0.186998365801, 0.978430973, 0.0877749523582,  
882, 1429599.681144413, 69.88360137467645, 121.69975772216492, 63.70120456686389, 44.02389610880651, -0.94353626181, -0.314137369969, -0.105152439052, -0.310750947919, 0.949298666996, -0.047601357204, -0.114774435382, 0.0122373865221, 0.993316201093,  
887, 1745524.2187501667, 74.69286015861182, 105.6395629360832, 97.28262089682507, 40.54855773385192, 0.215053754774, -0.88850214572, 0.405358877549, -0.806494701413, -0.395648228214, -0.439350402417, 0.550743296964, -0.232435833213, -0.801657909765,  
906, 3373274.305262807, 93.03671114468469, 138.24805957807072, 86.50793925233495, 67.33611222629565, 0.926799197547, -0.138295131733, -0.349167157627, -0.240982844731, 0.494096712017, -0.835341671246, -0.288046030995, -0.85833728552, -0.424601681951,  
908, 1817241.9226856313, 75.70212071233485, 112.1858046360517, 76.71791066473158, 50.40683901409238, 0.372119390536, 0.752119686983, 0.54391464003, 0.533817246027, -0.652804654287, 0.537480447259, 0.759319634299, 0.0903441187555, -0.64441573008,  
913, 1786940.7217854385, 75.27900072843045, 99.5622503981799, 75.09819807705877, 57.05547372802025, 0.0745262448588, 0.0883135792581, 0.993300835873, 0.223223530804, -0.972272470666, 0.0696957536765, 0.971914139275, 0.21653395693, -0.0921734851982,  
914, 2757457.43873625, 86.99081563374013, 115.78551533064085, 78.20772944662993, 72.69696803059485, -0.125647806598, 0.33249913452, 0.934696182853, 0.98668767864, 0.139935925036, 0.082857478266, 0.103247535163, -0.932664067297, 0.345655441234,  
915, 2847183.514550093, 87.92430626637345, 124.62123573100935, 84.68144108310105, 64.40900017625725, -0.54368128179, -0.710058656628, -0.447467728422, -0.165036580838, -0.432293347476, 0.886501770282, -0.822905578312, 0.55582296271, 0.117844148381,  
916, 1208914.5826686018, 66.08491499150949, 102.98814889976695, 72.93951650830603, 38.41995701239973, -0.198983388899, -0.89999995126, -0.387821735692, -0.898813528436, 0.325313669682, -0.293777564526, 0.390563505775, 0.29012256729, -0.873664148232,  
917, 3069755.9124757047, 90.15816801459195, 120.57224322575301, 93.58295230456768, 64.94880312030506, 0.527746795951, -0.0250917797939, 0.849031048873, 0.720390352348, 0.542803019295, -0.431743699999, 0.450023398955, -0.839485130798, -0.304538430352,  
918, 1371391.8610821634, 68.92196529981292, 96.42342280695745, 89.92447810753609, 37.75830485129849, 0.37453958902, 0.184054387853, 0.908759637401, -0.754085109797, 0.63075438892, 0.183042476058, -0.539514358882, -0.753838764704, 0.375035162871,  
919, 2578272.714767933, 85.06418546641707, 143.04761470394106, 90.68019315482539, 47.451198527574505, -0.207218390182, -0.972252472936, -0.108561814838, -0.971090079432, 0.217864798167, -0.097565297869, -0.118509900004, -0.0852059774327, 0.989290323925,  
920, 2832675.319341359, 87.77470862035143, 120.03936340811676, 81.34488539219834, 69.2554976139497, 0.0746605009026, -0.994065383482, 0.079119043022, 0.36525277392, 0.101086915393, 0.925403612852, -0.927909597293, -0.0401926473389, 0.370632338513,  
921, 757912.8721921648, 56.56010728714918, 81.5105525701584, 72.97908539743148, 30.417143045195584, -0.403994825983, 0.235523776517, 0.883921224586, 0.504890661445, 0.863182970239, 0.000761495387423, -0.762806397826, 0.446591211943, -0.467635209165,  
922, 2285430.881940305, 81.71337730259323, 107.45843149073592, 92.58543044600584, 54.839859700749344, -0.670398607034, 0.459829626881, -0.582342186287, 0.699924263305, 0.652429738107, -0.29058813202, -0.246316327765, 0.602405304655, 0.759233900455,  
923, 2611934.8392354953, 85.43278741512187, 113.52386889493835, 95.7348978070678, 57.3741503902678, -0.361001662004, -0.48035005211, 0.799338243467, -0.929625599296, 0.253363041825, -0.267588142807, 0.0739867904708, 0.839685057909, 0.538010184254,  
924, 1371667.438563528, 68.9265815513913, 128.5331038711557, 79.34322905593572, 32.10963387457563, 0.583716592734, -0.568715714872, -0.579514775502, 0.433303532183, -0.38541619373, 0.814679327471, -0.686675315098, -0.726647640379, 0.021452700674,  
925, 1121881.3972363754, 64.45937829599815, 135.6255868046618, 64.95028943082622, 30.404342522367944, -0.00647986664201, 0.0257967455082, 0.99964620704, -0.498621597092, -0.866608614412, 0.0191314489992, 0.866795543506, -0.498321219043, 0.0184783226973,  
926, 1993150.8359512105, 78.069941200274, 108.26766416514349, 73.6953492935516, 59.63657700545352, 0.189866761662, -0.219087496209, -0.957053437286, 0.782051968502, 0.623087602241, 0.0125123337432, -0.593586835584, 0.750841200879, -0.289641432954,  
927, 2795821.8270936986, 87.39239215543502, 125.37114010416455, 97.1742330227822, 54.78632696161043, -0.822534984433, -0.176967375185, -0.540480108333, -0.562709035242, 0.11550061028, 0.818546364405, 0.082430219219, -0.977416061432, 0.194584433639,  
928, 3359946.1734968703, 92.91401707415265, 107.52859212420191, 90.9209458692373, 82.04569646616166, -0.256581246134, 0.623946044524, -0.738144564198, 0.956414674472, 0.0537435779105, -0.287023689419, 0.139416765803, 0.779617188982, 0.610540747254,  
929, 1137481.6746174125, 64.75678312088894, 104.5816185640455, 74.26783523427859, 34.962274253635975, -0.227192292958, 0.485667778384, 0.844103353304, -0.753889442265, -0.636396378538, 0.163249374347, 0.616469278117, -0.599271606555, 0.510724163043,  
930, 2139330.9757204712, 79.93367677761785, 106.65100403380507, 81.04353690594256, 59.08891772875695, -0.788139201549, 0.18329408624, 0.587571167546, 0.586966587471, -0.0634484577501, 0.807121129944, -0.185221014397, -0.981008446018, 0.057581287473,  
931, 2914919.054653126, 88.61609942360391, 111.83837152705215, 93.78679304584502, 66.34456782197286, -0.0550763414905, -0.401947542161, 0.914004797558, -0.955231940551, -0.245286008299, -0.16542887863, 0.290686319527, -0.882197793856, -0.370443674742,  
932, 2616426.9307359937, 85.48173607118726, 136.25731379620743, 80.12967768915604, 57.20931958898485, -0.971557856416, 0.118910592441, -0.204781841582, 0.145494953717, 0.982050574797, -0.120032857931, 0.186832946984, -0.146413590714, -0.971419842486,  
933, 3152894.743785878, 90.96485279887513, 134.7445112209262, 81.87871039779408, 68.22425249872951, -0.951457090073, 0.0870182463796, 0.295224034499, -0.0161702943411, -0.972008502036, 0.234388552515, 0.30735635235, 0.218236790588, 0.926231491531,  
934, 2605192.3912204592, 85.35921201008115, 101.88125849839919, 83.61893392146617, 73.00494270819215, 0.272653448808, -0.504842897748, -0.819019990871, -0.833334466334, 0.301533061407, -0.463283369115, -0.480846923743, -0.808833395374, 0.338488957655,  
935, 2747216.7772077294, 86.8829930463996, 103.00790957558559, 92.63075648172567, 68.73509483304854, -0.992843640588, 0.0279893036188, -0.116095237741, -0.0519928727026, -0.976485006807, 0.209221826465, 0.107509285791, -0.213760684795, -0.970952173438,  
936, 3581631.141296987, 94.91410336256607, 107.84707886232762, 102.57642725991929, 77.29231111648214, 0.0113060615556, 0.923436248135, 0.383585282047, 0.617299419162, -0.308230504881, 0.723833808939, 0.78664706195, 0.228603262207, -0.573521532668,  
937, 2412716.3559175124, 83.2030448318432, 110.07197164182867, 86.12749078277733, 60.75739128844976, 0.474867965042, -0.851548687674, -0.222182916307, -0.370906812109, -0.422600260322, 0.826944470147, -0.798078036603, -0.310280280549, -0.516524534746,  
938, 2647243.401206497, 85.81603044767984, 112.68592114148004, 98.88395626923821, 56.71654565444966, 0.0640185034723, 0.599085310446, 0.798121809012, -0.53722310173, -0.653299711243, 0.533470548631, 0.841007116605, -0.462921459966, 0.280019198846,  
939, 2167305.7176377797, 80.2805838846115, 114.1141053249587, 77.46153337405102, 58.53372300219697, 0.510458057359, 0.662966490297, -0.547638570976, 0.27963290138, 0.474266828348, 0.834791240967, 0.813165427292, -0.579263677674, 0.0567060806688,  
940, 1494868.2713554648, 70.93133028513972, 100.02210448462426, 83.79749187558262, 42.57820089635029, -0.738183194901, 0.46572695204, -0.488040958229, -0.555457369636, -0.00907275519392, 0.831495517504, -0.382821996864, -0.88488196459, -0.265388823164,  
941, 3073970.4365191194, 90.19940907948106, 114.98463066252599, 91.71535382552014, 69.5871799189382, 0.355763547284, -0.86561171814, 0.352347345446, 0.230976561695, 0.446754736204, 0.864326346716, -0.905583859381, -0.226111828745, 0.358875068137,  
942, 3473567.0601833165, 93.9497638499947, 121.84850159842667, 91.37092692093061, 74.4832905495583, -0.606635526684, -0.722981243229, 0.330592588701, -0.759785929087, 0.404908152152, -0.508699056695, -0.233920242233, 0.559774517337, 0.794942645738,  
943, 3448836.3706689016, 93.72626848533788, 107.12703726274374, 93.12607271137196, 82.53033311684366, 0.257678971806, 0.9289397182, -0.265843088004, 0.871692658301, -0.342189754152, -0.350796353483, 0.416837446677, 0.141340624394, 0.897925036372,  
944, 1560061.994343286, 71.94783817717219, 92.77070382439253, 77.42717360607918, 51.85002736934524, -0.711145037442, 0.61078474478, 0.348159060294, 0.683362769041, 0.484166599873, 0.546441240625, -0.165190985255, -0.626517916033, 0.761700229276,  
946, 2734799.330612305, 86.75189132887976, 106.6590670303233, 88.75360746098234, 68.9688621103835, 0.513479447856, -0.856354151471, -0.0547396007251, -0.700407171444, -0.45511710792, 0.549816526005, 0.495750593362, 0.243979477285, 0.833489870271,  
947, 2364485.539152845, 82.64489222609052, 149.38256193769095, 88.962407765098, 42.475805260415655, -0.641978094185, 0.765790231189, 0.0378080467888, 0.749216751614, 0.637034132585, -0.181278164773, 0.162906064002, 0.0880501887383, 0.982704827797,  
948, 1075531.9315785714, 63.559172325526205, 113.47293657119552, 78.969863894124, 28.65372020321627, 0.356545779722, 0.48745185282, -0.797035631666, -0.888586637721, 0.440450632128, -0.128128950367, -0.288598153539, -0.753919048599, -0.590184017009,  
949, 3022104.436886721, 89.68922811296447, 118.38141198315044, 89.88479245068515, 67.80334558219366, 0.912856355579, -0.174946289836, -0.368899809909, -0.315001234076, 0.273040075939, -0.908968282979, -0.259745060797, -0.945961369509, -0.194138071453,  
950, 2474939.0623543593, 83.91223725121557, 100.6355452827097, 91.11621962528147, 64.43603431071686, 0.533237975267, 0.366112050773, -0.762639644925, 0.357352309051, 0.719639554757, 0.595330360762, -0.76678327378, 0.589983794276, -0.252908152386,  
951, 1391349.1400299363, 69.25468711886964, 96.00465278447163, 68.76789518854605, 50.3117590083474, -0.667637966844, -0.585575428364, -0.459740103673, -0.722624418208, 0.658260094357, 0.210968240232, -0.179090746379, -0.473069831921, 0.862630534289,  
952, 1650654.7010169697, 73.31438704233484, 113.51144745638116, 66.94977363456547, 51.8535923543318, 0.684879193094, -0.253068340975, 0.683298547974, -0.278732059238, 0.775439296127, 0.566570681535, -0.673237647507, -0.578489682552, 0.460543979616,  
953, 2502654.553036081, 84.22430434762022, 103.85280241516402, 90.11612217194343, 63.83980950589949, 0.29012819932, -0.86467270604, -0.410081381421, 0.120868327585, -0.391972478934, 0.912002424967, 0.949324220352, 0.314163472077, 0.00921072560873,  
954, 2202134.6633345815, 80.7083411869998, 122.82420586530438, 91.40175023953663, 46.829205205568236, 0.494223423214, 0.58184102248, 0.645913486859, 0.808930733788, -0.57991946292, -0.0965633701767, -0.318393272354, -0.570223150254, 0.757278867416,  
955, 876118.4790787899, 59.35966077804817, 120.83598367761068, 74.88241240866103, 23.115224845448573, -0.177456242339, -0.417887743647, 0.890998942628, 0.655554037521, -0.725453380681, -0.209681416314, 0.734001489061, 0.54688867804, 0.402684228506,  
956, 1916061.9608269767, 77.05017803775846, 113.10050944620582, 75.24215674232381, 53.75206371492526, 0.0810638858279, 0.684920236658, 0.724094548958, 0.311687674042, -0.707469700963, 0.634300729994, 0.94672036012, 0.174272463794, -0.270831438533,  
957, 1043580.342935928, 62.92343559655014, 85.48097977404137, 56.57723196333765, 51.51409725836743, 0.818935580755, -0.134330234026, 0.557942562277, -0.397810478507, 0.5678569633, 0.720614524154, 0.413631886782, 0.812092271517, -0.41160029735,  
958, 2272357.840670874, 81.55727461745435, 110.37873720787839, 87.32477789122123, 56.2814403031874, -0.10649152948, -0.448314983603, -0.887509565935, -0.994098802975, 0.0294518694724, 0.10440381846, 0.0206669802697, -0.893390319436, 0.448805763181,  
959, 1155685.1497054307, 65.10039761738783, 96.75742374455145, 68.99938862401028, 41.3258109304978, -0.474696287364, -0.687362678327, -0.54972355162, -0.858772939991, 0.498533077891, 0.118210861546, -0.192801639778, -0.528201967709, 0.82694026931,  
960, 2552815.610235593, 84.7832927156508, 103.5718763679876, 84.74694248329385, 69.43284403242495, 0.673251505438, 0.575689246087, -0.464019721957, -0.327231383557, 0.794728201113, 0.511201240188, 0.663062615475, -0.192325188925, 0.72343554631,  
961, 2378642.4771485636, 82.80950467964861, 123.78472081157248, 91.36315948327751, 50.21140913372446, 0.462056980684, -0.201893125314, 0.863563843935, -0.843605769101, 0.20029919694, 0.498206320759, 0.273555575596, 0.958707149059, 0.0777685630854,  
962, 1842048.4368378832, 76.04502590507641, 131.86303233636198, 71.3297118684125, 46.75401460797314, -0.672740552332, -0.465132597679, 0.575388404319, -0.737793834669, 0.363396975857, -0.568861051103, -0.0555014123451, 0.807213914966, 0.587643845125,  
964, 3309133.136451085, 92.44325105558218, 112.78236693139435, 91.8577769708681, 76.25502986151618, -0.0464322517049, 0.0908975622304, 0.994777200775, -0.813536331611, -0.581316836442, 0.0151450591991, 0.579657384281, -0.808584175488, 0.100940318999,  
965, 2045365.6493127716, 78.74580908055358, 116.94409782528079, 77.74991457948398, 53.70368913551458, -0.0450304408102, 0.4380823584, 0.897806274571, -0.72787628394, -0.629940668412, 0.270870577136, 0.684228305961, -0.641294473342, 0.347236265075,  
966, 1798036.1194856726, 75.43448576981503, 118.31160606363026, 91.44710430964822, 39.674594302880045, -0.867083597419, 0.316045308234, 0.385073237488, -0.34819836469, -0.937304557791, -0.0147670163505, -0.356263854347, 0.146886109239, -0.922767867342,  
967, 3177315.021693338, 91.19910064365327, 105.34059489153778, 93.27792467587284, 77.1963959683038, -0.579831788952, -0.482681547806, -0.656363938626, 0.101018414598, -0.841990926116, 0.529949582743, 0.808449365411, -0.240976770137, -0.536972829686,  
968, 2030952.1716994813, 78.56040172300284, 92.85868931999495, 87.38940839885066, 59.74887576489534, -0.579396153013, 0.637637695806, 0.50765959733, -0.537026315602, -0.767201965567, 0.350719090414, -0.613109153597, 0.0694212713595, -0.786942089901,  
969, 2557450.241110704, 84.83456965481358, 103.29190142898022, 85.95908888387407, 68.76390119740309, 0.694876638656, -0.718748166787, -0.0233993544887, -0.33673153259, -0.353953988563, 0.87254137377, -0.635419807694, -0.598429316395, -0.48797952956,  
970, 2569897.7864478133, 84.97198171958475, 118.65577272828138, 83.09817145338901, 62.22242052535908, 0.800961115879, -0.256222873042, -0.541120254823, -0.42329444721, 0.396834567188, -0.814459414118, -0.423418353181, -0.88140352031, -0.209391338347,  
971, 2604499.5840942445, 85.351644723362, 114.69483340714108, 103.01719292617926, 52.623789193925816, -0.463775195744, -0.481633474255, 0.743600540808, 0.578099473966, 0.471502018668, 0.665948079501, -0.671352043277, 0.738725282408, 0.0597611171098,  
972, 1219250.9074307007, 66.27272466364, 115.55410917934833, 63.88890836516648, 39.42698945004735, -0.0818997333095, -0.835834052677, -0.5428387146, -0.965389853602, -0.0687929157309, 0.251574969558, 0.247618384307, -0.544654910132, 0.801271592297,  
973, 1888409.507790496, 76.67771981728937, 103.32039167875702, 77.47846144005653, 56.3171329541282, -0.0904705979103, -0.941240667283, 0.325393726379, -0.208180539752, 0.337389106428, 0.918057434876, 0.973897291187, -0.0153165634598, 0.226471784339,  
974, 2714768.2252255464, 86.53956663108228, 116.87800800426865, 100.69840498108303, 55.06666249522447, -0.0846955445236, -0.531493657942, 0.842817392028, 0.323779947496, -0.814634058419, -0.481183848922, 0.94233391658, 0.232133242839, 0.241082863828,  
975, 2489163.012696998, 84.07268352111836, 103.95799828590967, 96.55375102615272, 59.20217614937278, 0.218098916674, -0.647153252921, 0.730496769178, -0.916236036924, -0.393539758717, -0.0750865031184, 0.33607199703, -0.652931179791, -0.678775726783,  
976, 633390.9220469813, 53.27552544729873, 135.9333555302194, 56.26136609576628, 19.771832131982283, -0.814933905543, -0.573422558773, 0.084079121591, -0.526756367868, 0.793355736279, 0.305146529759, 0.241682557311, -0.204385040556, 0.948586472963,  
977, 1526243.1659801733, 71.42414347870384, 120.42039968389196, 71.49515339401185, 42.32124706499132, 0.228556759635, 0.38257516277, 0.895208384934, 0.912605311509, 0.235995170897, -0.333852998668, 0.338988721097, -0.893276286568, 0.295201834046,  
978, 2541660.5711369268, 84.65961987649503, 97.94216118258724, 86.77647218085667, 71.3932691804695, -0.688083169405, -0.569685143177, 0.449444534537, -0.110119581515, 0.694189886786, 0.711318549492, 0.717227460258, -0.439953677933, 0.540393867031,  
979, 1419524.2466706894, 69.71904055778077, 126.72704950437584, 67.85398889014769, 39.41027803510416, 0.144247822893, 0.734278669552, -0.663345612055, 0.890564023393, 0.195903100393, 0.410509068712, -0.431379514846, 0.649966776611, 0.625663570518,  
980, 3210457.2345537483, 91.51510028574519, 130.23176338228245, 87.61852667068763, 67.16846332831982, 0.491268003577, 0.0104386279047, -0.870945913194, -0.726726293817, 0.55610713481, -0.40325395037, -0.480129818422, -0.831045058743, -0.280783667262,  
981, 3041267.229566185, 89.8783982958146, 109.58220285208871, 85.23805686967243, 77.73066904368754, 0.252721650885, -0.343082306311, -0.904669165093, -0.347580593467, -0.904795876305, 0.246032829652, -0.902950440622, 0.252267622413, -0.347910259209,  
982, 3444943.360862741, 93.69098946954794, 109.68950872715577, 93.24427218122749, 80.40928897634014, -0.0641568269437, 0.451120779192, 0.890153887897, -0.952754126198, -0.293058818708, 0.0798505090149, 0.296889670701, -0.842974834357, 0.448608907705,  
983, 3560963.47846202, 94.7311850249492, 112.59616359435309, 100.70550521062717, 74.97251923940708, -0.993535745853, 0.000427080993644, 0.113518894086, -0.113388150747, -0.0518607102332, -0.992196348514, -0.00546342226975, 0.998654236628, -0.0515738953461,  
984, 2814271.9892931897, 87.58421051902756, 104.48045521622242, 86.75368323226618, 74.12325465090963, 0.364073663954, -0.3516097507, 0.862450549555, 0.78225215855, 0.618026979258, -0.0782573533419, 0.505501659402, -0.703145245395, -0.500054833213,  
985, 2817182.0366439098, 87.61438841249644, 132.2574396250766, 101.29311079651235, 50.20260826389478, 0.579450982235, -0.12770601097, 0.804939584037, 0.0365313775427, 0.990724463461, 0.130883520563, 0.814187949826, 0.0464350327049, -0.578741539978,  
986, 2583387.4039770914, 85.12039745267943, 99.70270812710464, 88.43018306945528, 69.95092302704029, -0.071135486346, 0.975062514709, 0.210220919493, 0.990007709239, 0.0432919145345, 0.134203374709, 0.121755813946, 0.217666953271, -0.968398997947,  
987, 2227803.8774570995, 81.02072319460649, 108.01587483946979, 95.64254697464663, 51.481314310744494, -0.479632959654, 0.361359079324, -0.799607303496, 0.877395993522, 0.185733664508, -0.442356503761, 0.0113355442863, 0.913741003599, 0.406138995637,  
988, 2879436.8910320494, 88.25506755774909, 134.00632646161503, 90.9060070224975, 56.42883330335791, -0.392280382202, -0.1334395791, 0.910115366571, -0.915525300877, 0.15242315374, -0.372264161125, 0.0890478814651, 0.979265572219, 0.18195992381,  
989, 1453798.3325687626, 70.27570088901179, 95.90905385035828, 65.85253683441101, 54.95199204664974, -0.963237099264, -0.187548930067, 0.192353033333, -0.267498507339, 0.603256814743, -0.751349295626, -0.0248764783066, 0.775181665351, 0.63124840319,  
990, 2420944.0808134987, 83.29751581658547, 96.58254719415126, 85.44917505895783, 70.03088579152781, -0.615493613774, 0.625239048815, -0.479837204936, 0.594001466736, 0.768147513203, 0.238980449987, -0.518005664949, 0.137933062743, 0.844182800869,  
991, 2357450.6379840844, 82.56284813467683, 116.04677313881326, 90.62306763992787, 53.51581832233399, 0.0240604061976, 0.558236525155, 0.829332911946, 0.970578091779, -0.211851631981, 0.114442360099, 0.239581436284, 0.802178825456, -0.546909377665,  
992, 847075.1841372717, 58.696352810463125, 113.56274087017228, 56.27118406954927, 31.645461239486924, 0.118656989709, -0.991310310675, -0.056783683763, 0.428323157713, -0.000491922338011, 0.903625492435, -0.895801200803, -0.131543247493, 0.424542792519,  
993, 1337567.2376501646, 68.35060102282924, 123.08944292849516, 58.7710204931742, 44.1410820812305, -0.320976075617, 0.835519020248, 0.445962246929, 0.933866880225, 0.200809428502, 0.295919285352, -0.15769276743, -0.51145238315, 0.844718563115,  
994, 1472303.0673885525, 70.57261377092463, 91.77317560783555, 76.13894258220142, 50.302087321096046, -0.151070242369, -0.967175622991, 0.204325955675, -0.61051468672, -0.0712795543688, -0.788790873697, 0.777463567744, -0.243906825285, -0.579706702919,  
995, 2540519.774375661, 84.64695179715514, 119.81093204548799, 96.96517947452207, 52.20615614711612, -0.31131015855, 0.929926614758, 0.195761273872, -0.445916215687, 0.0389671496767, -0.894226084295, -0.839192894257, -0.365674790505, 0.402538487375,  
996, 2292911.1228738204, 81.8024298169336, 107.68013751814962, 88.2111036047115, 57.62882365978466, -0.857362148728, -0.499110993091, 0.125771071813, -0.490323137102, 0.866304511967, 0.0953924198684, 0.156567452401, -0.0201173835825, 0.987462365727,  
997, 2098346.0388438366, 79.41993001545342, 136.03438215152678, 70.00820048230268, 52.60062410902735, -0.224966195892, -0.525589327063, 0.8204547946, 0.107076495996, 0.823603611361, 0.556966529836, -0.968465195405, 0.213150065985, -0.129004707896,  
998, 774943.7467347605, 56.980622516210744, 99.77743880850386, 64.95633253162838, 28.54484707002738, -0.141471509895, 0.76292371928, -0.630819475324, 0.947486466121, 0.28896762423, 0.136993097142, 0.286801688289, -0.578312295137, -0.763740584811,  
