# Void_ID, Void_Volume, r = (a*b*c)**(1/3.0), a, b, c, vector_a, vector_b, vector_c 

6, 2797441.139677283, 87.40926117122386, 110.91452708413776, 94.65359348251222, 63.613136575953014, 0.742084003646, -0.117190131732, -0.659983185057, 0.538846596868, 0.689924890159, 0.483371483418, -0.39869245864, 0.714331938921, -0.575129728375,  
7, 542403.6661588922, 50.59155198192416, 117.60163695662114, 77.94080042290777, 14.127189752887789, 0.016680007945, 0.915657121571, 0.401614010028, -0.417310631457, -0.358636958726, 0.835003813589, 0.90861081559, -0.181525666372, 0.37613138428,  
8, 521253.7014281721, 49.92524225207062, 149.39460586333766, 53.286432505728186, 15.631799656219966, 0.151742407709, 0.393423867974, -0.906747981421, 0.84601167263, -0.526071772846, -0.0866760612214, 0.511114949377, 0.753966942195, 0.412668582037,  
10, 3355330.99797096, 92.87145577869232, 116.20738872784526, 91.28954554553258, 75.50782703470985, 0.386020782615, 0.247806213926, 0.888583161966, -0.579525386725, -0.684295872261, 0.442594041248, 0.717731343562, -0.685806998759, -0.120542436192,  
13, 655097.9095209519, 53.877305541206944, 119.78535214845378, 82.04089350392884, 15.914152252491192, 0.659522643876, 0.734723979741, -0.158778322858, -0.266857100626, 0.426326257379, 0.864310829572, 0.702721260573, -0.527661440569, 0.477238131414,  
38, 3274318.8474880205, 92.11791924030861, 129.2017508534418, 99.09517915691602, 61.05362186218869, 0.880711916788, 0.405479512858, 0.244811936556, -0.303082396546, 0.0852486357568, 0.949143683014, 0.363988434613, -0.910120340809, 0.197973191909,  
60, 2007699.8320283717, 78.2594379368717, 125.9177700426681, 91.41318084984712, 41.64034589084347, 0.870182165269, -0.48877621693, 0.0622961396259, -0.220519285435, -0.273259298701, 0.936322914611, -0.440629372602, -0.828509001422, -0.345569950318,  
65, 1671904.4604259015, 73.62765167382356, 125.00679477845817, 69.15574569350578, 46.17011525337396, -0.51235496007, -0.784050580567, -0.350367067523, -0.024507228827, -0.394470036793, 0.918581942892, -0.85842401564, 0.479226540569, 0.18289377296,  
68, 625199.1898194723, 53.04485489771512, 79.34857654455666, 60.798468559932466, 30.938411885854595, 0.78319325071, 0.620008942825, -0.0468747571644, 0.446369790733, -0.508166425073, 0.736560177005, -0.432853718898, 0.597792434918, 0.674745776416,  
73, 1192738.2167520623, 65.78883185794196, 137.31082911402348, 71.91935484875329, 28.834070305392924, 0.595424594198, -0.736106387531, -0.321895850952, -0.741141160999, -0.65792102001, 0.13360281023, 0.310127928598, -0.15901986563, 0.937301099028,  
76, 2167368.6318044965, 80.281360691982, 120.93243927326401, 79.64332164579537, 53.72197825113913, -0.451590384465, 0.534749892187, 0.714218928246, 0.0167464922864, -0.795270519857, 0.606023394964, 0.892068203477, 0.285634999699, 0.350181334871,  
86, 874406.7889892696, 59.32097819235059, 105.83071247083882, 71.0841508281087, 27.748557538002277, -0.43207033504, -0.823796981739, 0.366979234367, -0.877855113291, 0.477406464715, 0.0381243690874, 0.206604999088, 0.305682188436, 0.929447563892,  
93, 544706.3899413384, 50.66304479805305, 114.647978498881, 41.351748102711596, 27.429228065387935, -0.63856838162, 0.526396348561, 0.561370916789, 0.700565727193, 0.0957317305487, 0.70713725517, -0.318493459709, -0.844832717162, 0.429906496968,  
95, 2200681.570288201, 80.69058530433271, 139.90611901084316, 77.32548520452929, 48.56341667417191, -0.86589405665, 0.0453293985005, -0.498169377109, 0.444162516213, -0.388432222685, -0.807366129814, 0.230102459458, 0.920361697384, -0.316207533338,  
103, 3537003.687655362, 94.51824180332497, 128.9282676953454, 96.47474886381943, 67.88676271162139, -0.106128976089, 0.332900058704, -0.936970752665, -0.141000237173, -0.937809103011, -0.317227078647, 0.984304614208, -0.0984461133049, -0.146467707101,  
135, 1988498.6517756765, 78.00915324549474, 122.48091876631109, 88.56860725078012, 43.761121218581785, 0.0392517337243, -0.973139251054, 0.226846422624, -0.67855601416, -0.192607490891, -0.708847014595, 0.733499173174, -0.126104530094, -0.667889669363,  
136, 2156009.515776021, 80.14086419972827, 133.8342439474741, 73.84647636627132, 52.07928782066182, 0.413611750352, 0.2425572144, 0.877548470293, 0.722514977319, -0.673924530005, -0.154265470561, -0.553983237581, -0.697847924408, 0.453994324721,  
138, 4545909.663916195, 102.7647248975464, 152.43697788038378, 101.5118520562602, 70.13343500032138, 0.23553324988, -0.925677521074, 0.296049345851, -0.886865123107, -0.329304955635, -0.324081007791, -0.397485020621, 0.186223986564, 0.898513375087,  
141, 346612.2055079763, 43.576440004584754, 127.55475045614195, 32.71558411211822, 19.829142158527105, -0.661412745178, 0.449065032602, -0.600727706212, -0.104810826986, 0.737747453824, 0.666890834337, 0.742662689963, 0.504052865154, -0.440888691244,  
152, 991623.1397702771, 61.8613435022322, 92.6934060965184, 61.33084115713377, 41.64187548323447, 0.828900384231, 0.529387160876, 0.180757812889, 0.13298525007, -0.500349842436, 0.855549506714, 0.543359067546, -0.685127191895, -0.485140860618,  
155, 2359214.389313432, 82.58343308777576, 103.65636039536211, 80.38052344024732, 67.59771462576413, 0.440589875073, -0.595842868882, 0.67145501531, 0.627124016475, 0.739481848513, 0.244708119359, -0.642336383793, 0.313269646346, 0.699475588376,  
160, 368613.853931096, 44.47961451804772, 119.33047417912725, 66.24694390883937, 11.131811143226551, 0.220210760956, 0.946110140612, -0.237450674014, -0.464224418308, 0.315739683436, 0.827528937108, 0.857906119692, -0.0720003759327, 0.508736705635,  
165, 733936.6465117558, 55.95728756374399, 96.08406558982993, 77.94811738200423, 23.394456622046274, 0.505066509897, 0.474827833511, 0.72072626503, 0.581826000263, 0.429473852253, -0.690674102344, -0.63748437314, 0.768173638414, -0.0593543195358,  
169, 2237278.4641217575, 81.13541794112543, 125.28669690687381, 67.42258697901025, 63.22969124355455, -0.794429010745, -0.014703193594, 0.607179020541, 0.198766727681, 0.938361715435, 0.282788046021, -0.573911434678, 0.345342014681, -0.742539263637,  
171, 777731.0347870897, 57.04885601674582, 112.5592787066008, 48.75977765875532, 33.82967317855374, 0.542229111647, 0.681139625132, -0.491971952003, -0.384590011073, 0.721780210008, 0.575433620693, 0.747046259522, -0.122809362492, 0.653329738049,  
172, 447670.4976293098, 47.45587168320034, 84.5200583295034, 59.839532752285905, 21.13108920072911, 0.512620257292, -0.853211509969, 0.0961799930896, -0.657763567086, -0.318234363466, 0.682696110816, 0.55187640068, 0.413227551316, 0.724344827555,  
173, 2369227.3881285544, 82.70010196923266, 137.8299295558239, 72.3511286225257, 56.71909474571066, 0.120506849724, -0.326628701456, -0.937438952975, 0.389681177989, 0.88408825607, -0.257946767764, 0.913031586907, -0.334217963109, 0.233819747765,  
186, 440145.3802235737, 47.18846454738822, 101.3052599114167, 56.28656167454989, 18.42768684233376, -0.813878115127, -0.525061327038, -0.248823263716, -0.567226318576, 0.625183612934, 0.536096776369, 0.12592345783, -0.57745653773, 0.806651864066,  
187, 2069308.386951893, 79.05188003062128, 126.42339484523742, 72.10332182936824, 54.1943344415019, 0.891358981184, -0.435806924848, -0.124705617026, -0.383652814185, -0.578773685836, -0.719605126963, -0.241432567876, -0.689270153741, 0.683093676102,  
189, 1560554.5415737182, 71.95540923945777, 131.561112224311, 70.05032474726195, 40.42524431116503, -0.562789173155, 0.801480676477, 0.202230244556, 0.0226021763165, -0.229640479146, 0.973013048198, 0.826291406349, 0.552172052508, 0.111123967817,  
197, 1530640.6487838256, 71.49267455731282, 107.88158617567589, 101.22952453502099, 33.460321770635026, -0.549821335289, -0.375155470037, -0.746294092542, 0.132063193707, -0.921268911814, 0.365818131035, 0.824776219425, -0.102576631973, -0.556077532763,  
200, 1636176.8621531937, 73.09941125945372, 122.40580736542537, 89.47224304288797, 35.665744136306564, 0.179195319476, 0.10808046318, 0.977858707052, -0.901691541379, -0.379509231108, 0.207183753486, 0.393498922086, -0.918853283709, 0.0294489615256,  
207, 134543.49431224816, 31.78762135419468, 104.84206410732368, 27.172393058209163, 11.274846623077043, 0.225539874723, -0.103144343369, 0.968758488655, -0.62519632823, -0.777942803598, 0.062725955542, 0.747168867177, -0.619811454203, -0.239942587217,  
211, 2370405.5214961395, 82.71380764740547, 114.84100214073898, 75.17295898717428, 65.55041139995708, -0.37713295316, -0.67620007645, -0.632869806713, -0.921862994576, 0.208331199546, 0.326751787335, 0.0891030575874, -0.706648121702, 0.701932387929,  
223, 1082467.985335212, 63.695509682782344, 107.31055235796055, 74.3712118337729, 32.380172865771165, 0.520465694628, -0.845025521053, -0.122667556775, -0.675649540708, -0.495398763386, 0.545964983654, 0.522123700723, 0.201275766065, 0.82877916669,  
230, 1931387.8406386017, 77.25506481095478, 118.89496009971303, 86.4529788287983, 44.857748964899734, -0.459055408977, 0.785872043533, -0.414334722998, 0.139554172632, 0.52437656555, 0.839972529553, 0.877378347345, 0.327771793623, -0.350389621586,  
233, 1734281.0265257182, 74.53214516731572, 121.09886290636675, 65.89507388358032, 51.884525464672535, -0.00232990446384, 0.510064284878, 0.860133127392, -0.906640098452, 0.361813346616, -0.217013442186, 0.421898451554, 0.780336803889, -0.461601742927,  
237, 1713937.8210707617, 74.23957625558694, 114.66611737199642, 79.90594690688555, 44.657277518805344, 0.222913340852, 0.910029908896, -0.349507092038, -0.675588467721, 0.402681946501, 0.617598147863, 0.702772982372, 0.0984520943234, 0.704568889727,  
257, 873040.1656422849, 59.29005753224558, 90.14326614937764, 86.75290346075873, 26.651908081951028, -0.34655484267, 0.919980483707, 0.183127416351, -0.929761199483, -0.311026401182, -0.196994136218, -0.12427329946, -0.238534038169, 0.96314986356,  
274, 1658501.533248967, 73.43037667621776, 110.56677836980312, 97.12462209007994, 36.870011283037215, -0.724630591632, -0.356126846672, -0.58998658862, -0.572373275719, 0.787814431417, 0.227458248685, -0.383795960003, -0.502515761674, 0.774711927334,  
288, 601109.360652863, 52.354613829635255, 101.86592256268574, 51.74085738564847, 27.227159647549787, 0.502608723863, 0.403219363944, 0.764721266369, 0.365596149411, -0.900713139539, 0.234638649411, 0.783405339676, 0.161647718208, -0.600121728456,  
289, 1010933.1336680532, 62.26030930157235, 130.06378066659934, 75.50868898326728, 24.574263904220164, 0.89615527903, 0.408288248191, -0.173799948953, -0.247936104243, 0.785542767493, 0.566965826707, 0.368012777061, -0.464998136372, 0.805197695657,  
291, 1929833.351827904, 77.23433285081411, 108.42002486063514, 95.77281104690543, 44.368981674144926, -0.644901665134, -0.64181944947, -0.414933291735, 0.0118904348351, -0.551277865208, 0.834236976459, 0.76417305623, -0.533067077968, -0.363151525564,  
311, 1040849.0458344104, 62.868492453977915, 101.0734019098193, 72.27280628350097, 34.01632071331363, -0.709649871486, -0.669662503691, 0.218973037268, -0.695868652809, 0.617538475045, -0.366623853392, -0.110289972065, 0.412551042889, 0.904233243734,  
326, 653369.4211255643, 53.829878369637804, 122.8349290744481, 56.49881944821428, 22.475478308458037, -0.765053070994, -0.0382283001861, 0.642831545296, -0.107443073037, 0.991821706548, -0.0688889575799, -0.634940772528, -0.121771505226, -0.762903608522,  
329, 1377565.453493883, 69.02523245999146, 123.56335108009043, 72.85383504593023, 36.5326804089036, 0.341298511565, -0.214375297296, -0.915182253932, -0.852528393562, 0.339455759823, -0.397448267443, -0.395866977878, -0.915867358864, 0.0669052822538,  
336, 835238.7857258875, 58.421676380116295, 131.49668946063403, 75.37358911574549, 20.118149398779558, 0.516427509606, -0.803095802423, 0.297220052238, -0.299726910398, 0.155611241863, 0.941248596593, -0.802163578397, -0.575171516624, -0.160347497512,  
345, 675450.3857302895, 54.42957562599831, 87.7015536234174, 61.429161108997654, 29.931120356026195, 0.446505611982, -0.508682305844, 0.736121627307, -0.727753918417, 0.272182523988, 0.629516407938, 0.52058330044, 0.816798007684, 0.248664516863,  
394, 453110.5443444403, 47.64732458072499, 128.54512392974658, 57.6831863065796, 14.588502367854543, -0.968915274341, -0.247252203525, 0.00833900484201, -0.247310063601, 0.967169254683, -0.0584924374351, -0.00639715494749, 0.0587365358821, 0.998253021914,  
398, 411023.81430431845, 46.12391098258413, 94.51150448567535, 70.71880022318717, 14.68110738299437, 0.175025258915, 0.564592691779, 0.806598568764, -0.665374382317, -0.536019405942, 0.519576873821, 0.725701791439, -0.627629101336, 0.281848578244,  
405, 111078.94671490052, 29.82046293766178, 117.34098729179, 91.88530606239317, 2.4595029025237314, -0.665674416542, 0.606077020993, -0.435371353887, -0.555311244944, -0.0125801669393, 0.831547449421, -0.498504756647, -0.79530647176, -0.344935680347,  
413, 1200487.363350492, 65.9309997427582, 127.09585433648144, 89.33189353007987, 25.24242410592116, 0.848312234191, 0.20042445881, -0.490098346899, 0.459559771302, -0.738438814757, 0.493470296433, 0.263004125297, 0.64384637389, 0.718533699214,  
458, 1950880.2282622254, 77.51409234194047, 109.55597730270934, 82.01169309494956, 51.83584025359096, -0.762761404726, -0.369981053564, -0.530385764764, -0.630520954159, 0.607690443927, 0.482861937542, -0.143660592464, -0.702727788239, 0.696803623562,  
468, 162326.43585665507, 33.840248842105844, 81.38687659655487, 60.45840680747858, 7.875707232207853, 0.226883747135, 0.80293440879, 0.551198784892, -0.905715611848, -0.0341187691345, 0.422510520635, 0.358054459183, -0.595090114835, 0.719489235142,  
473, 1769166.7945138875, 75.02857937495693, 104.14754792576495, 66.25152405997073, 61.21181367676125, -0.310374205921, 0.0580745032549, -0.948838871659, -0.265122400198, -0.963815854142, 0.0277328725253, -0.912895374735, 0.260166007343, 0.314540432077,  
476, 1359412.4153961397, 68.72069466010747, 148.43192733102032, 61.29837219600684, 35.668623876861666, -0.916519141979, 0.377119694484, 0.133316909723, 0.363883366828, 0.92449599234, -0.113560800868, 0.166076963278, 0.0555688418089, 0.984545857788,  
510, 1066874.0876554288, 63.38816590418419, 103.42179103655543, 65.22796777065255, 37.75536344711713, 0.85654759544, 0.487559660332, -0.169150212424, 0.355148524319, -0.79470538834, -0.492252853132, 0.374427219123, -0.361564549368, 0.853859083351,  
523, 806409.0868437045, 57.74161604275925, 100.35985832312842, 71.99259169253186, 26.64519824539155, -0.957336560187, -0.271471242249, -0.099045823542, -0.287003262776, 0.933184301298, 0.216324263472, -0.0337021911051, -0.235521600799, 0.9712845813,  
531, 1799937.199254494, 75.46106225902894, 111.52720104181847, 73.829502848484, 52.186479016204785, 0.517542959625, -0.0353326147201, -0.85492741872, 0.743506939634, 0.513081225123, 0.428888198885, -0.423493465899, 0.857612536501, -0.291811620018,  
542, 2021577.7712484484, 78.43934312231865, 95.8260361160699, 86.1979791808586, 58.4280289961412, 0.583535175854, 0.762773193242, -0.278682174192, 0.747413723439, -0.638652003665, -0.183020065101, -0.317583728418, -0.101492235596, -0.942783061769,  
548, 251807.5211309999, 39.17358902786963, 76.0097826157556, 60.24998812356487, 13.12664173762052, 0.833923361716, 0.540514224942, 0.111428001053, 0.380156440434, -0.708972702654, 0.594002346534, -0.400066129009, 0.452992361444, 0.79670886332,  
554, 1848683.8603827755, 76.13622623691023, 145.2052743990925, 62.9773725963235, 48.26219950058739, 0.729840440841, -0.22591763682, 0.645208611448, -0.342085974495, 0.696452497578, 0.630817806241, -0.591870016952, -0.681113162397, 0.43101594291,  
575, 2409712.882786424, 83.16850535575051, 136.80517684295225, 80.03877936253589, 52.538020009088044, -0.495790922433, -0.860918325243, -0.114065763897, 0.250022414173, -0.267284774419, 0.930616807163, -0.831673105038, 0.432872367591, 0.347766242945,  
576, 869229.2138092597, 59.20366168899273, 75.86720281660084, 68.93609353736278, 39.67756057667381, -0.920290542404, -0.354787020748, 0.164898415611, 0.0476972490958, 0.316592996926, 0.947361518496, 0.388317254305, -0.879713046514, 0.274435175957,  
591, 3237589.387524069, 91.77218096629979, 125.24602474528636, 108.37258348376201, 56.94423743195821, -0.285648182556, -0.21572798661, 0.93373794589, -0.771965637805, 0.629145329798, -0.0908031279285, -0.567868091946, -0.746751357405, -0.346248812796,  
599, 3696549.442405975, 95.91855701901484, 138.60262420520917, 98.96268370106802, 64.33762025161538, 0.604932887763, -0.449692985597, 0.657139574221, -0.70657498197, -0.683676316833, 0.182588303721, -0.367162084314, 0.574772052649, 0.731320101827,  
601, 1690540.3120523193, 73.90020457795885, 133.97995933085207, 97.45965449892485, 30.90809318207187, 0.379848961707, 0.814937239647, -0.437712304747, 0.442039040651, 0.255750879402, 0.859763324541, 0.812598457315, -0.520066133412, -0.263087369608,  
603, 312718.9841566716, 42.1070884359712, 87.01430607175149, 34.4315934411662, 24.91826812527073, 0.875812168602, 0.46328557841, -0.135349614576, -0.242866236273, 0.665357392707, 0.705914677032, 0.417095956115, -0.585376812667, 0.69524452575,  
646, 558872.8862891062, 51.09849907055474, 121.20075525698606, 59.72372767117536, 18.431988823916218, 0.521802381899, -0.444576515903, -0.728061807645, -0.721417837167, 0.225519615978, -0.654749728542, -0.455278572372, -0.866886742497, 0.203048755776,  
654, 2879559.4320239206, 88.25631950509296, 128.44904433013227, 84.94720577905575, 63.002453404564484, 0.373230927619, -0.436039016748, -0.818882562119, -0.413171175013, -0.868422357631, 0.274102515319, -0.830655316486, 0.236035134333, -0.504280835005,  
662, 2920037.5694210315, 88.66793820779657, 130.678574406669, 82.58996258661072, 64.59042949919818, -0.92568500071, -0.0588083647149, -0.373696207768, -0.309720673039, -0.449384161843, 0.837930175955, 0.217210460505, -0.891400836506, -0.397774011875,  
670, 1165876.7885514752, 65.29120474690214, 95.64130694283689, 64.92035891970812, 44.826789150014136, 0.741717273726, 0.152411349074, 0.653166339097, 0.211846937097, -0.977222401515, -0.0125400645745, 0.636377530322, 0.147672470861, -0.757110612956,  
677, 1635717.3260897927, 73.09256706026864, 120.00960430660061, 87.87222718586555, 37.02985459819906, -0.227494122158, 0.00608820010015, 0.973760421358, -0.973752496814, -0.00886288169304, -0.22743685778, -0.00724564231154, 0.999942189903, -0.00794465353917,  
679, 2251294.566622918, 81.30449774078346, 118.17071882704627, 79.70166719795358, 57.06455442339919, 0.185222033271, -0.925819802623, -0.329470016027, 0.46791115213, -0.211736532752, 0.858036592699, -0.864148107736, -0.313089977113, 0.393983139396,  
686, 670165.5425239325, 54.28724823973719, 117.29270338882878, 51.579396752398125, 26.445161907114425, 0.194557643402, -0.266677434119, -0.943944102967, 0.553320904359, -0.764766609228, 0.330103029689, -0.809927959879, -0.586528072254, -0.0012329902254,  
687, 321691.3346804272, 42.506001292573906, 130.27653148385127, 61.921925731034484, 9.52006934512621, -0.851217875078, -0.0669668098996, 0.520522406356, -0.522937257146, 0.0244591289443, -0.852020173529, -0.0443255483358, 0.997455361098, 0.055839487655,  
694, 2188559.8378698872, 80.54215991373587, 119.04752860520549, 71.65061721560822, 61.25330069839224, 0.255508700791, 0.454208662036, 0.853469270186, -0.65251845395, -0.570371192762, 0.498895149027, 0.713396783757, -0.684376500034, 0.150644731491,  
698, 619627.7520254912, 52.88681546936077, 118.92487077709708, 64.60900183393535, 19.252030089489587, 0.373781139138, 0.918027973204, 0.132334048682, -0.357157351825, 0.0107851477164, 0.933981962688, 0.855994325952, -0.396368920331, 0.33191172461,  
712, 1391152.0486032155, 69.25141687579985, 107.72281451867724, 91.83330507484168, 33.57206718923408, -0.764679851841, 0.642108910161, 0.0544138923544, -0.33772171352, -0.471235972953, 0.814788746862, -0.548824897764, -0.604675785267, -0.577198775385,  
715, 1081318.8199271678, 63.67296164289856, 118.62375853691492, 82.14884741544776, 26.490612363991666, 0.592781352237, 0.769244855095, -0.238479813296, 0.601930099348, -0.226446054376, 0.765769116612, -0.535061140376, 0.597481830156, 0.597264630372,  
734, 962695.0729285803, 61.25384848301197, 97.22591937520964, 53.87873738689795, 43.873337347486, -0.378528829942, -0.925589483369, 0.000182152008525, 0.213907752655, -0.0872881862653, 0.972946168034, -0.900532841298, 0.368327138309, 0.231031861284,  
736, 3357739.326871504, 92.89367033017339, 122.02783458556301, 102.21093372917164, 64.26908362412634, -0.183817857262, 0.828167938548, 0.529479802177, 0.902634215108, -0.071054911936, 0.424502854179, 0.389181794369, 0.55595779071, -0.734471555528,  
739, 1303516.7644165112, 67.7656076886804, 98.05541261301757, 59.93883872201829, 52.94782388498698, 0.123915775264, -0.225787053054, 0.966263466822, -0.770206208016, 0.59207665142, 0.237123672324, 0.625641493009, 0.773605484414, 0.100534952675,  
746, 3527276.267712703, 94.43151465050838, 117.55920794771706, 97.22109254848544, 73.67730275195392, 0.436605563241, 0.527419519085, 0.728837590301, -0.730967815182, 0.68024239586, -0.0543721991757, -0.52446318776, -0.509017616359, 0.682524307935,  
749, 557503.605563827, 51.0567332164936, 105.39143385075414, 77.79910680945103, 16.232265854556513, -0.886478898434, 0.46249865413, 0.0158163699996, 0.459957083456, 0.876815623971, 0.140120815508, -0.0509376482579, -0.131488997595, 0.990008080523,  
750, 285315.58162480115, 40.8393630697456, 137.56303069270854, 34.51203667128942, 14.347114229111076, -0.845125276456, 0.484846409811, 0.225138237509, -0.0477361030673, -0.487925209541, 0.871579172742, 0.532432654483, 0.725846367207, 0.435502605794,  
756, 1491539.811767802, 70.87864615353504, 132.57639764778247, 92.69966194967778, 28.973561031534167, -0.841008768244, 0.302383759266, 0.4486293725, 0.527613854873, 0.641865056373, 0.556446645738, 0.119699088901, -0.704679580759, 0.699356001316,  
760, 1914797.352482836, 77.03322316808791, 95.96428764046422, 75.77885546961433, 62.86031074987157, 0.0594805727776, -0.511845831935, 0.857015697519, -0.825103396535, -0.508426381712, -0.24638790434, 0.561842012035, -0.692471269231, -0.452567226831,  
778, 955884.6746594837, 61.10906373136461, 94.82058935938436, 66.58860651452478, 36.14217733866097, 0.180467649702, -0.960700761595, -0.210915798561, 0.581999985248, 0.277168882372, -0.764495538127, 0.792910741876, 0.0152137213223, 0.609147845848,  
783, 664395.2235221595, 54.13098926740644, 99.99408340945313, 85.07244513121091, 18.645527439409022, -0.604063079985, 0.513108281455, -0.60977675169, -0.534183062044, 0.307118314664, 0.78760827638, -0.591401937453, -0.801497493633, -0.0885749178718,  
795, 1944974.4343564485, 77.43579521127675, 133.93466598883924, 89.67108342678164, 38.66160432682842, 0.736955429368, -0.665530202081, 0.118178869696, -0.290351452597, -0.153800015965, 0.944479533428, -0.610403742698, -0.73035272657, -0.306581417723,  
798, 1929462.829102174, 77.22938960754341, 113.59868507460602, 66.49533320476739, 60.9794265705386, -0.752368361565, -0.277221224031, -0.59757028161, -0.583797660308, 0.700827075738, 0.409904503185, -0.3051592049, -0.657259311733, 0.68912122069,  
808, 422748.09281269746, 46.558360911934834, 145.88054487703354, 64.16791814448604, 10.78146361508277, 0.346487456327, 0.886381647047, -0.307040743853, 0.884792778507, -0.200088215031, 0.420840165987, -0.311589765092, 0.417483271502, 0.853592136975,  
810, 2227446.6778384624, 81.01639275382179, 156.81776201654824, 85.4418122344258, 39.68743251953565, 0.1635339849, -0.389464266948, -0.906407314927, 0.699848647196, -0.601761541935, 0.384831024823, -0.695318996433, -0.697280884163, 0.174157577443,  
812, 2313757.3884885395, 82.049587706657, 117.17866260202274, 73.3448384646709, 64.27041673348191, -0.171923144241, 0.865643759162, 0.470216242488, 0.981213780142, 0.192888914232, 0.00365847302247, 0.0875325661277, -0.462011632961, 0.882543653808,  
818, 260627.59246885558, 39.62572862743354, 70.9662511466346, 50.680973021147, 17.29955671311116, -0.192683707031, 0.280115730949, 0.940429777453, -0.718620831743, -0.692882451255, 0.0591439678098, 0.668174445209, -0.664416349902, 0.334804158804,  
821, 3034827.941105842, 89.81492016473881, 143.63730235635998, 82.030757089228, 61.48957689211194, -0.223931244356, 0.363800966878, -0.904159086831, 0.952980830008, 0.276075165093, -0.1249401491, -0.204162522123, 0.889624280085, 0.408517202628,  
823, 2623123.4274988105, 85.5546014098957, 107.97670986411316, 80.37850520572806, 72.15394839822244, -0.176759159793, -0.466869126583, -0.866481054653, 0.0440289468861, -0.883212161715, 0.466902269469, -0.983268860112, 0.0443790045238, 0.176671595601,  
824, 2975943.4898660555, 89.2302322986266, 105.75266471138433, 90.20469831615831, 74.47587135770937, -0.443006458798, 0.0367223028326, 0.89576601294, -0.879664151348, -0.210634989202, -0.426408116898, -0.173020976464, 0.976874799449, -0.125615954022,  
825, 3351123.3352029086, 92.8326185545416, 104.30801648850463, 94.38495136167025, 81.26084972473336, 0.0764339264725, -0.528460676572, 0.845510004791, -0.213209505987, -0.837039102669, -0.503892098728, 0.97401209512, -0.141756318804, -0.176651025013,  
826, 1450466.1613583202, 70.22196812564424, 99.74640276562386, 78.31663054816921, 44.32694035805206, -0.558583742511, -0.72411194306, 0.404531947466, 0.634895040024, -0.0594204283916, 0.770310003078, -0.533753211471, 0.687117971391, 0.492926366344,  
827, 2551855.153666567, 84.77265859012869, 107.2574403234846, 101.69161832828233, 55.85406977008487, -0.806059145876, -0.579164772192, 0.121806485879, -0.235132498792, 0.50225810838, 0.83213550614, 0.543121866032, -0.642109771938, 0.541030201947,  
828, 1496611.1721138635, 70.9588863930571, 96.44767661198904, 85.94331157868572, 43.10389533629483, 0.831446670085, 0.554934503435, -0.0272787775052, 0.262458346866, -0.349013715746, 0.899613829585, -0.489706086307, 0.755140465819, 0.435833484162,  
829, 2999156.315258712, 89.46163494170405, 111.66315445944531, 91.34410462151176, 70.19724644927788, 0.704309774029, 0.329586849105, -0.628744980977, 0.563896710857, 0.27828711839, 0.777545355091, -0.431240352579, 0.902180020082, -0.0101473973163,  
830, 1037702.6771778767, 62.80508040691244, 80.55627261061593, 59.090480747932055, 52.04361334193409, -0.343734070193, 0.646210929088, -0.681365044683, 0.905469314864, 0.0357279847247, -0.422905226909, 0.248942179689, 0.762322075133, 0.597405092828,  
831, 1508628.662643969, 71.14830887498856, 100.12874084023095, 83.93168522478462, 42.85574482002176, -0.740738583639, -0.656281245079, -0.143531453229, -0.667741606985, 0.742700180486, 0.0501755738089, -0.0736715481666, -0.133008906708, 0.988372972985,  
832, 262815.63235555304, 39.736309358630805, 115.5820616658854, 27.12579791737367, 20.01195997028078, -0.310723864845, 0.509525219038, 0.802393127451, 0.384319644262, -0.704747894106, 0.596346222246, 0.869338306329, 0.493674444262, 0.0231614384752,  
833, 2602410.935835538, 85.32882303428754, 100.92516866829139, 92.95414168529942, 66.2245532173089, 0.875410943565, 0.0769634650527, 0.477213060313, -0.223242623471, 0.940021911513, 0.257917694123, 0.428740493716, 0.332318267513, -0.840086994379,  
834, 2289536.5975376433, 81.76227999746766, 127.34073077393123, 69.73348809534029, 61.55314582534586, -0.386490991301, -0.916495862392, 0.103247507777, 0.0213064778159, 0.103044189379, 0.99444855525, -0.922047041992, 0.38654524865, -0.0202983521405,  
835, 3359178.6991588343, 92.9069421042772, 106.64976468648955, 96.2291512802036, 78.14081588145017, -0.726579084279, 0.682829500179, 0.0763328761, 0.592647637556, 0.566624942363, 0.572455196842, -0.347637184414, -0.461172471401, 0.816375121887,  
836, 3045428.668927882, 89.91937387284108, 109.27733901130513, 95.35007853634949, 69.7764156389164, -0.980536794819, -0.194641528679, 0.0257345938169, 0.0648740446311, -0.197485704756, 0.97815681501, -0.185307723365, 0.960788255408, 0.206269183183,  
837, 3408377.9205567427, 93.3583236033475, 113.83014800137582, 100.04592040280136, 71.45003559220416, -0.40598197152, -0.25510379363, -0.877553812182, -0.138420233179, -0.93200581197, 0.334970156135, 0.903337410853, -0.257463047698, -0.343066030413,  
838, 2367468.6766215824, 82.67963374608533, 153.29828039044813, 66.1445858578301, 55.73962563625043, -0.411797656608, -0.907917073166, -0.0781618721969, -0.879863112073, 0.373811574664, 0.293437916194, 0.237199481503, -0.189608794365, 0.95277747196,  
839, 2212794.6575074214, 80.83836137966844, 111.15383507122866, 91.04754008168578, 52.1987180034604, -0.42803631948, -0.558135737874, 0.710823049228, 0.669571707564, 0.33241672931, 0.664208436039, -0.607007938693, 0.760252337177, 0.231425465714,  
840, 2397644.3269773903, 83.02942874871968, 101.02874552986692, 96.51196771808641, 58.704314240290934, -0.507247069782, -0.836526020349, 0.207182594532, 0.80774865274, -0.37768900829, 0.452651220052, -0.300403935052, 0.396957466609, 0.867284408662,  
841, 2767712.746155586, 87.0985252289004, 121.1742970155787, 85.85742331782534, 63.51028256630905, 0.257179402149, -0.727662080235, 0.635898303267, 0.518857679703, 0.659114656872, 0.544384585849, -0.81525791215, 0.189936215833, 0.547063771961,  
842, 2327523.7223711186, 82.21199154764652, 116.52849627723276, 77.13713238480373, 61.817277570899506, -0.594308509447, -0.199773457756, -0.779030141378, -0.0140219175859, -0.965936121141, 0.25840045608, -0.804114905612, 0.164493086333, 0.571262849415,  
843, 3091246.3950518332, 90.36806946426955, 109.51624940345593, 93.50127767242667, 72.06906804211084, 0.59171041211, -0.771902210409, 0.232477452167, -0.739367118864, -0.404709592528, 0.538095167474, 0.321270994245, 0.49028269731, 0.810189993134,  
844, 1666202.3696946348, 73.54385307765492, 128.60406917689664, 67.86176972376175, 45.5784179974168, 0.866719403055, 0.316907826899, 0.385184248922, 0.32722186115, -0.94408175128, 0.0404413215093, -0.376461591604, -0.0909894287803, 0.921953140836,  
845, 3937383.312290472, 97.95795174801749, 120.24092577563796, 112.31879484028288, 69.60081750737461, -0.367297783861, -0.905961788854, 0.210536398531, 0.606458793265, -0.0616519622257, 0.79272111592, -0.705195058152, 0.418846359289, 0.572073122309,  
846, 1219794.1694373172, 66.2825662549351, 107.73632075992278, 74.42655641348648, 36.316825416730126, 0.402319698816, -0.320248231207, -0.857659565535, 0.82458625478, 0.533761437359, 0.187499963777, -0.397739070713, 0.782649217975, -0.478815030289,  
847, 2815436.6262795073, 87.59629058138852, 103.47832788051828, 89.93243486548275, 72.22563897023802, -0.595526028608, -0.00687165083479, -0.803306622446, -0.17644442158, 0.976664242327, 0.122451312175, -0.783719411106, -0.214661915986, 0.582841441973,  
848, 1046731.455587751, 62.98670483449134, 113.9126699297389, 70.06368451384103, 31.309898715621735, -0.480729439579, 0.78524003619, 0.390252855834, -0.102799913426, -0.492452846091, 0.864246707935, 0.870822245766, 0.37535087577, 0.317459188459,  
849, 2147395.086739513, 80.03398630119932, 113.36794497623372, 75.86572414873449, 59.605654894293544, -0.978543698723, 0.0902611302453, -0.185216516697, 0.0559805907599, 0.981592617383, 0.182598211811, 0.198288686386, 0.168311799542, -0.965584141847,  
850, 1559668.742881215, 71.94179226994677, 121.76506237031558, 77.07671484943839, 39.67325811345971, 0.192148537444, -0.747894160195, -0.635400082392, 0.278192170046, -0.579395165636, 0.766100749617, -0.941110012742, -0.323968466342, 0.0967283657101,  
851, 3424832.6516941497, 93.50831876834758, 100.40479211576552, 96.24802888496995, 84.60664242297958, 0.790751676345, -0.373626278618, 0.484886780892, 0.206663953063, 0.908559001238, 0.363057229336, 0.576195970883, 0.186879493779, -0.795659636995,  
852, 2705303.2541654306, 86.43887684946048, 114.09350565634958, 83.99970038738445, 67.38894914193855, 0.471065430201, -0.838273755432, -0.274580537226, 0.333302162508, -0.119054946105, 0.935273002003, -0.816704982804, -0.532093065884, 0.223315786055,  
853, 2138791.288548734, 79.92695461252573, 141.56462875109798, 87.74589213404353, 41.10534039294114, -0.806067999135, -0.582283112339, -0.105833632913, -0.557125644717, 0.686247774097, 0.467626997238, 0.199663208354, -0.435901788974, 0.877567224547,  
854, 3480321.40088491, 94.01061943360527, 113.64509742976304, 107.61610568447395, 67.93643687775067, 0.749318505709, -0.00193200143171, -0.662206949807, 0.270639168975, -0.911775476161, 0.308901151321, 0.604380854444, 0.410684487705, 0.682687362077,  
855, 2972053.1711936346, 89.19133310421523, 149.37650036830024, 89.32914391095551, 53.1731652185803, -0.200294232207, -0.238376696104, 0.950294044651, 0.0234927106305, 0.968501861492, 0.247895616812, -0.979454089323, 0.0719770452417, -0.188385221996,  
856, 2617904.354111159, 85.497822761738, 110.08417379844485, 86.45720396173301, 65.66577776450066, 0.214471652207, -0.903596026155, 0.370831675988, 0.74590718762, -0.0935883042376, -0.659441958603, 0.630574640987, 0.418037618913, 0.653926732377,  
857, 3213612.407547613, 91.54507020510819, 110.46054621222817, 93.5711283070057, 74.22596174166446, 0.549928638014, -0.694710877582, 0.463632709871, -0.631942756827, -0.709051127107, -0.312881529085, -0.546101497147, 0.120926819681, 0.828945027789,  
858, 2955690.2978774123, 89.02734848350818, 116.26066433007642, 87.74815590390172, 69.16709220637848, -0.870010079818, -0.181918084178, 0.458244772652, -0.454781975997, -0.0628412353738, -0.888382988043, -0.190409598819, 0.981303617534, 0.0280605575889,  
859, 2583592.148402411, 85.12264611096434, 103.56169403340084, 83.27611302441248, 71.51806487925461, -0.880374985043, -0.440338963796, 0.176185932111, -0.450553115553, 0.892509343967, -0.0207113736175, 0.148127565887, 0.0976148958678, 0.984138992383,  
860, 2661108.382023646, 85.96559059944487, 116.53270775264154, 86.8060215469983, 62.80240330149669, -0.899805978776, 0.333745163946, 0.281004210114, 0.379406695794, 0.280579399167, 0.881660796423, -0.21540603461, -0.899938534738, 0.379092170782,  
861, 526761.6599725579, 50.100475693971525, 128.67440809835554, 62.656674628547805, 15.59789624730944, 0.0273291049949, -0.69632230234, 0.717208736201, 0.502868497646, -0.610505157797, -0.61188783807, 0.863930780847, 0.377384026644, 0.333473990498,  
862, 3264464.795833259, 92.02541685934416, 118.74828024384661, 103.93647660168939, 63.143414255810534, 0.902132311571, -0.396695048354, -0.16967713762, 0.153776500577, -0.0718153308921, 0.985492438388, 0.403125390281, 0.91513692793, 0.00378455413186,  
863, 2566402.2277133893, 84.93343812113078, 109.75246935871508, 83.80595149324479, 66.61115324439102, -0.527621149914, 0.784373199957, -0.32615120014, 0.828946378328, 0.559312980382, 0.00410996754978, -0.185644348204, 0.268193350338, 0.945308681233,  
864, 1545439.363394433, 71.72234052418771, 101.31488438054625, 69.60480055875968, 52.31797354971023, 0.815012203653, 0.563841121399, 0.133560090281, 0.257972905956, -0.55947270898, 0.787680308056, 0.51884977372, -0.607514179033, -0.601432818014,  
865, 1175415.9105254381, 65.46879064220472, 116.84513478080095, 77.5438186777782, 30.970280419318456, -0.0621983031835, -0.142031891553, 0.987906024307, -0.878343452462, -0.462263177584, -0.121760150159, 0.473966402394, -0.875294062833, -0.0960007967163,  
866, 2866845.300787442, 88.12623502600532, 97.85028947601488, 94.43843467838893, 74.06358914910606, 0.730010759185, 0.683365288046, 0.00980686328937, 0.627593350943, -0.675974842349, 0.386244221139, -0.270575086301, 0.27580771491, 0.922344418896,  
867, 1932019.2456787953, 77.26348257867616, 116.02887380237979, 80.14462749874933, 49.60007661997642, -0.978157502656, -0.0798174928259, 0.191929851342, -0.167389266014, 0.849906914917, -0.499638939235, -0.123242580386, -0.520852573974, -0.844703416925,  
868, 3596944.9321939135, 95.04918409700964, 112.76675271940701, 107.34200751110629, 70.94052399236037, -0.387260454009, -0.566581892153, 0.7273336925, 0.914245468462, -0.134082734788, 0.382331065477, -0.119098967913, 0.813023234426, 0.569919868162,  
869, 3560341.6663610446, 94.7256707470932, 107.75904150663058, 98.26628354715612, 80.26843886415789, -0.908872321693, 0.185628093995, -0.37348803673, 0.410114770946, 0.234853753023, -0.881277248851, 0.0758747488503, 0.954141459853, 0.289580899019,  
870, 3513965.668381866, 94.31258204694771, 107.41164619325647, 100.44283395360583, 77.75683494042875, -0.692874162683, 0.331444396444, -0.640367087499, -0.376538387905, 0.591069316872, 0.713341366448, -0.614934335616, -0.735378592779, 0.284735119298,  
871, 3104972.818051212, 90.50162927535878, 104.4307251873636, 91.23199423159804, 77.80253207033904, -0.226715195375, -0.358542444959, 0.905564760439, -0.150752348282, 0.931488133681, 0.331064323507, 0.962223440617, 0.0614587013719, 0.265233629753,  
872, 722501.8545455736, 55.665158793310134, 99.39406714043483, 62.87972192474153, 27.59810625857589, 0.491239623884, -0.508492621733, 0.707190840983, -0.25653143461, 0.691434536032, 0.675359093696, -0.832391287186, -0.513179828155, 0.209215699679,  
873, 2320036.5907203574, 82.12374422705098, 141.86504568534343, 104.61777898686165, 37.318598642213146, -0.741356639264, -0.0449418489544, 0.669604781667, 0.380096481798, -0.850419794212, 0.363748317024, -0.553097638707, -0.524181651554, -0.647546599274,  
874, 3130508.816174649, 90.74905416749515, 114.34005812796632, 87.34861503401574, 74.82933571342524, 0.0363311421609, 0.991400728295, -0.125716522561, -0.953691014025, 0.0719829165825, 0.29204778631, 0.298585830001, 0.109284288239, 0.948105187449,  
876, 2896523.0235208967, 88.4292873797401, 132.16705192536244, 87.35727011651691, 59.89162803939584, 0.413578632301, 0.753258196233, -0.511424290303, 0.664898368847, 0.133856176242, 0.734841944357, -0.62198301746, 0.643960102716, 0.445480091701,  
877, 3072348.174039865, 90.18353895661684, 126.24983941354111, 97.05637920371215, 59.8586477337617, -0.837717754224, -0.323530827198, -0.439950870109, -0.0144104746088, -0.792241575938, 0.610037395229, -0.54591327377, 0.517379057567, 0.659012601027,  
878, 2335723.172185342, 82.30841778641565, 142.87312223483065, 74.98814656729557, 52.046269340467965, -0.433605111799, 0.879672019165, 0.195355434324, -0.190644207076, -0.30144338643, 0.934230523525, 0.880705054675, 0.367843748725, 0.298411767854,  
879, 2739520.5221732003, 86.80178369593771, 97.85449686530248, 91.02433341327388, 73.42562524088403, -0.100536721411, 0.459498917735, 0.882469893112, -0.792946363159, -0.572731443748, 0.207881597299, 0.600939624922, -0.678851558106, 0.421938537297,  
880, 3407835.543949078, 93.35337129092335, 130.66236145878725, 87.0022883974242, 71.56634541022503, -0.838987093441, 0.535665194656, 0.0957259435734, 0.497560881459, 0.683967109166, 0.533499918296, -0.220303940685, -0.495229030665, 0.840365623348,  
881, 2550134.3897125586, 84.75359970588457, 106.04230853494191, 82.55267905237652, 69.54471202176224, 0.194404226286, 0.840722879777, 0.50536327154, 0.865028921022, 0.0959919891159, -0.492453554989, 0.462527796568, -0.532888897844, 0.708588357198,  
882, 4045725.624540621, 98.84831538812335, 112.4247039325063, 100.60165799467434, 85.39666805880732, 0.591897032373, -0.27318052762, -0.758307524951, 0.0803054430225, -0.916143710539, 0.39272348728, 0.802003079102, 0.293348088403, 0.5203248602,  
883, 1929379.18780171, 77.22827363892158, 115.40944760008108, 76.42839595186764, 52.21951969953123, 0.406869195122, 0.2578322447, 0.876344676285, 0.739543278605, 0.470166047924, -0.48168415632, 0.536221220329, -0.844077260073, -0.000617977917107,  
884, 4043480.624911358, 98.8300281460714, 131.6396961998977, 90.88153942284396, 80.68711937956175, -0.164751764402, -0.979857938805, 0.112850679608, 0.0655649621429, 0.103281402353, 0.992488885412, -0.984153489993, 0.170913345557, 0.0472285553956,  
