# Void_ID, Void_Volume, r = (a*b*c)**(1/3.0), a, b, c, vector_a, vector_b, vector_c 

17, 681092.5720183434, 54.580709675015875, 122.0329391644764, 95.53837752608763, 13.94641555642638, 0.65250578753, 0.731030567495, -0.199575816741, 0.713259299547, -0.50353762829, 0.487556179846, -0.255924537413, 0.460482536351, 0.849975567217,  
18, 1961630.3102824318, 77.65620886618244, 128.6276017778752, 79.47034122206085, 45.81306034695109, 0.111729315529, 0.605026578934, 0.788326961885, 0.913465252774, -0.374883673918, 0.158251265412, 0.391277129444, 0.702427981941, -0.594556253151,  
21, 377431.01595534204, 44.831471329472095, 135.07307521849918, 51.300807464069564, 13.00337203952946, -0.522547335435, -0.646067167774, -0.556364536032, 0.309734814362, -0.75180548975, 0.582110685654, -0.794360514503, 0.131854921431, 0.592963449711,  
27, 1948326.1817183832, 77.48025102692253, 125.33343865121954, 104.64398736795562, 35.464335145255525, 0.35503460141, -0.929193835347, 0.102709532933, -0.471083856316, -0.0829250194268, 0.878181895436, -0.807484013538, -0.360169762066, -0.46716946644,  
40, 2105188.6378364074, 79.50616445633628, 129.64519203543608, 80.64633474120286, 48.06858728586289, -0.275370566481, 0.710015474009, -0.648111933067, -0.228992824958, 0.606325416641, 0.761532517528, 0.933666609253, 0.358116623187, -0.0043757242948,  
50, 2214583.5766115016, 80.86013992344604, 137.99802305809436, 68.79993912864633, 55.68555426570919, -0.204131136641, 0.206557295631, 0.956903632909, 0.185161928849, -0.951694863669, 0.244932534733, 0.961272874453, 0.227180479107, 0.156024006979,  
64, 3464986.9266555733, 93.87234428483868, 126.61771136721053, 96.94323997511812, 67.39086043367448, -0.290839738069, -0.649693614767, 0.702360629372, -0.952601826563, 0.128170476325, -0.275902317909, -0.0892300778267, 0.749313376319, 0.656176391895,  
77, 1474738.3642098473, 70.61150308964804, 107.29785776586371, 65.89365791574677, 49.79568382600635, -0.766551205725, -0.609541115384, 0.202135790148, -0.641801406677, 0.716302874665, -0.273863371288, -0.0221405372414, 0.339661331922, 0.94028717752,  
95, 1504350.2063840101, 71.0809865549634, 121.05272112474913, 79.35652532970987, 37.385495458309656, -0.149570046501, -0.341178449193, 0.928022665131, -0.473975416516, -0.798971145099, -0.370124862495, 0.867741958031, -0.495219522137, -0.0422080462367,  
96, 3071172.512430873, 90.17203430878934, 125.9920830402051, 90.35632157966934, 64.40414278423098, 0.665918830143, 0.00939820435879, 0.745965002809, -0.526925487626, 0.713770264732, 0.461390875153, 0.528111391802, 0.700316844678, -0.480265213096,  
120, 1403951.4027588891, 69.46315238166426, 128.80667352308814, 62.47357607655543, 41.65131668853173, -0.555665178109, 0.578906286872, 0.596744267552, 0.830583758974, 0.354608956858, 0.429398541036, -0.0369706527514, -0.734247913675, 0.677874009016,  
136, 1136353.5569045357, 64.73536814203923, 161.9228948442942, 72.61991862864672, 23.070704092609976, -0.128464341406, -0.541565007985, -0.830785324325, -0.985315993881, 0.164706060502, 0.0449922864131, -0.112469129942, -0.824365971981, 0.554771519681,  
141, 453510.61892570887, 47.66134387910825, 109.67030806311678, 56.83468759401192, 17.369859703545895, 0.0126556949299, 0.314044522609, 0.949323902156, 0.930794518305, -0.350566057236, 0.103561596203, 0.365323689459, 0.882314840255, -0.296747577221,  
154, 769829.0037167817, 56.854985531193805, 145.98935035747854, 80.77043089611328, 15.58590713524204, -0.150982244848, -0.91353286749, -0.377706316807, 0.194055005806, -0.402041888196, 0.894821197144, -0.96930233491, 0.0618063115811, 0.237976812707,  
170, 2765467.979225616, 87.07497163201512, 132.1370934549837, 92.95754698833889, 53.749028694657056, 0.715879593192, 0.485295957139, -0.502000241071, 0.297259781144, 0.438722598306, 0.848032490091, 0.631785589077, -0.756313635815, 0.169813585191,  
219, 1878565.2356276715, 76.54424738901898, 104.05630755696764, 96.12573711594132, 44.8362805350867, 0.407768393735, 0.831796500791, 0.376615876381, 0.150968607156, -0.468206114335, 0.87062708099, -0.900518415539, 0.298157032067, 0.316494814341,  
220, 841076.6998460457, 58.55747354780249, 96.54710314084296, 62.81148823161437, 33.110722820103156, 0.594581475597, -0.305914126241, 0.743565340937, 0.505484313613, 0.861396781438, -0.0498115811743, -0.625266725141, 0.405477659427, 0.666805361509,  
222, 870078.2987299068, 59.22293262331756, 99.77016444922148, 54.8456830273901, 37.960033758163945, 0.84914829141, 0.139306571084, 0.509451527085, -0.300473512731, -0.665855065525, 0.682900212228, 0.434353366907, -0.732960238326, -0.523551756457,  
233, 172574.223288016, 34.53788767168804, 76.18749574815469, 40.836821375628006, 13.241942231770196, -0.433087331815, 0.106232145171, -0.895069882385, 0.170149010372, 0.984812292101, 0.034555225325, 0.885146698175, -0.137329824365, -0.444585022295,  
236, 466034.5548943717, 48.09609720980352, 85.68547481775164, 82.7396077431487, 15.693103706253545, -0.492184423021, 0.624559779408, 0.606365876085, -0.744738842486, 0.0585273927329, -0.664784627374, -0.450686753996, -0.778780858936, 0.436327656157,  
250, 1231862.772365633, 66.50044842249977, 120.01575334240381, 73.63632450457725, 33.276938416868546, -0.754542479869, -0.193822175906, 0.626975765242, 0.150943178144, 0.878516771443, 0.453237729305, -0.63865624795, 0.436624834865, -0.633622088105,  
281, 342252.3786844144, 43.392961259284256, 147.50171212553346, 51.41657766202528, 10.773520398431337, 0.580415455058, 0.727827174579, 0.365219801592, 0.675860942818, -0.680735569707, 0.282508531038, -0.454235495645, -0.0828654818394, 0.887019405885,  
332, 2382593.73268406, 82.85533201018028, 99.9255391866687, 97.02151450419113, 58.67010098489844, -0.0837782166572, 0.458763313667, 0.884600153994, 0.992375595444, -0.0421208271378, 0.115829674469, 0.090398495453, 0.887559608113, -0.451736708787,  
338, 766510.099417905, 56.77316299793492, 127.46474515147699, 55.55232001397824, 25.84264663269973, 0.792514710168, -0.401693240109, -0.458871414471, -0.294001200981, -0.910874234778, 0.289605632264, -0.534306773295, -0.0946079767666, -0.839979525193,  
370, 2004276.6066903637, 78.21493392426238, 118.62017512158837, 93.45398459961936, 43.16310356137273, 0.788522147577, 0.191978762699, 0.584274744836, 0.221661085605, -0.974893749504, 0.0211787701698, -0.573671670826, -0.112811044895, 0.811279533972,  
374, 2508896.053510886, 84.29426334742209, 112.25076404185086, 84.20889920273608, 63.3646095517843, 0.778075033896, 0.582487722647, 0.235175029697, 0.27335992088, -0.651042206198, 0.708109030732, 0.565573686874, -0.486674530578, -0.665788484432,  
389, 1686189.297511456, 73.83675008909654, 109.93663538193984, 78.92527527608145, 46.39371738844971, 0.748311673362, -0.420566462191, 0.512984883199, 0.426357108203, 0.897373027517, 0.113759684291, -0.508182305669, 0.13358705164, 0.850826212478,  
401, 1923028.1503136868, 77.1434417182724, 99.11152864233814, 80.73280613499092, 57.37501470102039, 0.198980335782, -0.844106389593, 0.497886763251, 0.470502144083, -0.363380484368, -0.804103448564, 0.859671192018, 0.394257563819, 0.324848295342,  
415, 1828185.8532183587, 75.85378299663229, 104.33176643346708, 75.48144774576284, 55.42107593184665, -0.547831756138, -0.836314155077, 0.0214243082818, -0.820995467465, 0.532523096029, -0.205877620439, -0.16076942921, 0.130375558347, 0.978343193576,  
473, 796765.204591762, 57.510514139489764, 105.8306518294744, 71.75679779038416, 25.04766405505342, 0.304304283374, -0.37354849578, -0.876276454334, 0.349740301989, 0.899470568511, -0.26198171224, 0.886047755082, -0.226747034564, 0.404357710488,  
495, 267033.3085937087, 39.947745631188056, 125.273789086781, 51.829786398873836, 9.818320280039789, 0.708658824991, -0.70538090679, -0.0155063244754, -0.261280948474, -0.282783407739, 0.922911593963, -0.655389148314, -0.649977938582, -0.384699549817,  
517, 766725.4177012063, 56.778478498909394, 120.59663695358216, 99.31487194715736, 15.28275910516577, 0.621515174036, 0.554677814925, -0.553219133864, 0.687139420741, -0.72513553822, 0.04492068203, -0.376242348635, -0.408057560696, -0.831823732682,  
553, 1118425.6695891477, 64.39312555167906, 118.81837464422809, 85.35677223663916, 26.326730386148657, 0.0246487193592, -0.769533307413, 0.638130809017, -0.84036254285, -0.361684595428, -0.403701684421, 0.54146397591, -0.526310499812, -0.655602029115,  
557, 1806127.936573786, 75.54747732019808, 102.27348070114432, 74.9313788799088, 56.264328457170244, -0.0957080383893, -0.995258502689, 0.0173344804425, -0.994115330879, 0.0964568207464, 0.0493030490272, 0.0507413076256, 0.0125137746517, 0.998633428814,  
576, 2028290.051962016, 78.52606173168581, 114.42168395162346, 70.4738270828147, 60.04892814326932, 0.653529096918, 0.306889343355, 0.691894970655, 0.562187389605, 0.415253536642, -0.715199160567, 0.506798834303, -0.856378088955, -0.0988509499551,  
580, 855856.1605210089, 58.89847596171631, 136.67450689561835, 53.16447567569542, 28.11921037972553, -0.0271400548696, 0.992771499349, -0.116910938333, -0.178721453778, 0.110250628836, 0.977703145541, 0.983525322186, 0.0474294098775, 0.174437357517,  
581, 1368698.654380646, 68.87681828592771, 98.50903358476175, 74.62735392736369, 44.447273906300026, 0.58969967177, -0.806172405209, 0.048377166041, 0.208091061666, 0.209546682913, 0.955399548741, -0.780354026817, -0.55333194446, 0.29132688182,  
604, 2295710.603274753, 81.83570791489612, 111.20110273736843, 103.37343509177506, 47.677172183953594, 0.140882998338, 0.935861303274, 0.322979259108, -0.948127095577, 0.0336363941111, 0.31610694966, 0.284968404233, -0.350759481734, 0.892054255392,  
607, 305280.29058237193, 41.77053640359823, 107.4274020453726, 50.643224049147655, 13.395956789632603, 0.872056110305, 0.437049381215, 0.22024072934, -0.282263089929, 0.0815202512652, 0.955867143853, 0.39980706415, -0.895735612228, 0.194453142023,  
611, 3000794.22601362, 89.47791768838042, 127.59095331387344, 106.16950430592921, 52.884442953136784, 0.636930806512, 0.294411625396, 0.712489257848, -0.180839964497, -0.841359112417, 0.509324799311, -0.749410471609, 0.453251187295, 0.482646150154,  
627, 1279820.4147482712, 67.35246187168444, 115.85397197722614, 71.98305791653787, 36.6369409275895, 0.580047627784, -0.676502809176, -0.453749599095, -0.515152685205, -0.736143898843, 0.438987324558, -0.631001157233, -0.0208832318525, -0.775500760927,  
666, 1832460.6086454827, 75.91285867666502, 111.99785337811127, 80.94193364950225, 48.257271656055835, 0.420744011634, -0.406958734018, 0.810776828407, 0.367035608894, 0.893682175205, 0.25810275381, -0.829613969553, 0.188988778839, 0.525379770256,  
668, 1840877.2038731794, 76.02890520612647, 130.48999638629414, 73.16413594621835, 46.03209526377699, -0.600942834851, 0.270894848491, -0.75198649609, 0.0929366966854, 0.958115927065, 0.270881229903, 0.793870568575, 0.0928969933071, -0.600948973694,  
687, 3080735.0512674632, 90.26552522403222, 151.0268110733674, 99.10566207246927, 49.1375185721414, 0.786971342651, -0.439347138931, -0.433186100146, -0.327162167866, -0.892412769066, 0.310748074049, -0.523107084414, -0.102827725447, -0.846041037489,  
690, 1921078.5974679927, 77.11736373840102, 132.4219753510547, 95.8037931182117, 36.15045418597246, 0.501253957105, -0.0510599571831, 0.86379242371, -0.477588452727, -0.848760057372, 0.226970559393, 0.721563400062, -0.526307178159, -0.449829983338,  
691, 1813823.3206569105, 75.65462054696106, 127.65875703784845, 68.220577098425, 49.72105918216957, 0.130761118169, 0.771206324983, -0.623010701579, 0.920935202271, -0.327187059843, -0.211723832124, 0.367123798184, 0.546067241444, 0.753014398686,  
692, 1303868.5223989275, 67.77170272590048, 140.95992025580438, 79.61720683754226, 27.73592209146661, 0.014817368883, 0.544455401137, 0.838658906679, 0.0560850463676, -0.837883058785, 0.54296081569, 0.998316038714, 0.0389909729726, -0.0429510287808,  
712, 640707.3700623522, 53.47987335415141, 128.7899942795852, 53.7214332536883, 22.107589691849856, -0.106710789666, -0.150039900527, 0.982904286092, 0.206976273803, 0.963541360447, 0.169554913792, -0.97250893541, 0.221531205383, -0.0717655599163,  
714, 910165.5195969713, 60.11883966843631, 106.04783840137608, 90.2987599520081, 22.690714037326348, 0.14905059157, -0.986844776995, 0.0626203423043, 0.981207043177, 0.139756740254, -0.13304432334, 0.122542480683, 0.081273856014, 0.989129870521,  
717, 361445.11891400267, 44.1893810265759, 126.4435164448903, 78.4100424391297, 8.703331002481855, -0.793188097765, 0.225408554321, -0.565723983231, 0.561906216731, 0.629024791125, -0.537205003466, -0.234763807181, 0.74398843794, 0.625593445497,  
718, 1199746.4715977316, 65.91743364512125, 106.75875015168938, 59.4216256481104, 45.14949138624608, 0.201795515761, -0.976019717331, 0.0816338238676, 0.608782083295, 0.190285256376, 0.770179132582, -0.767243732381, -0.105721485926, 0.632582028306,  
735, 1529910.8859182757, 71.48131090755814, 130.01530662475628, 86.29378409564548, 32.55393763696714, 0.237956151806, -0.842707911434, -0.48292882066, -0.522360574803, -0.530216762448, 0.667839512691, -0.818850596696, 0.0933464558848, -0.566365729423,  
738, 1323347.571695123, 68.10752604780187, 123.86061232110035, 58.073675904451065, 43.921056293280685, -0.90445225604, 0.338036073783, 0.260187873211, 0.42130586304, 0.803444970271, 0.420686997082, 0.0668392572719, -0.490109980073, 0.86909419577,  
749, 3108211.8379127947, 90.53308791931866, 112.92805760025841, 90.09481078066618, 72.93237648138694, 0.446549817946, -0.693983902449, -0.564782792969, -0.359577925164, -0.717186269421, 0.596948549449, -0.81932714823, -0.0634838412152, -0.569800689783,  
756, 1321098.8143219436, 68.06892592496091, 127.27177866378959, 99.21101183285664, 24.977829743038487, 0.878701801832, 0.34291847045, -0.332099482206, -0.181573351317, 0.883484205548, 0.431841147459, -0.441490952964, 0.319159178423, -0.838584019213,  
760, 430357.8740906639, 46.83606298814742, 109.7908282112158, 59.603308564899386, 15.700183016340494, 0.120496318986, 0.652738286888, -0.747939413282, 0.951746680479, 0.138247679864, 0.273981450484, -0.282239071193, 0.744862610045, 0.604583161236,  
763, 2998238.7929247967, 89.45251110693744, 109.2768649689256, 94.40608629476178, 69.38241123871332, 0.149461954768, -0.940946338755, 0.303778063164, 0.50955787203, -0.189990263764, -0.839198709917, 0.847355827931, 0.280220783058, 0.451070297862,  
765, 1614730.3457837757, 72.77861712739171, 143.13191688295444, 86.74944698347743, 31.046181729970797, 0.424382108365, -0.402982766505, 0.810866645016, 0.563837743069, 0.818312337293, 0.111588163016, -0.708510286157, 0.409841199167, 0.574494008563,  
769, 1230565.1802031621, 66.47709063227772, 127.18774742634405, 85.05039365744098, 27.157788954931693, -0.0201265727196, 0.943068865156, 0.331988006778, 0.122947836703, -0.327200397284, 0.936922477832, 0.992209025619, 0.0596742456275, -0.109362854243,  
772, 2337372.4271660363, 82.32778589642427, 112.50692049935218, 90.03870357331411, 55.08468073121232, 0.708736210763, 0.270800045638, 0.651429442715, 0.643208552404, 0.131258854047, -0.75435659429, 0.289785682304, -0.953644823043, 0.0811530024995,  
773, 2114273.2387700267, 79.62036567061003, 107.9277232912556, 79.21235952493608, 59.040025678129126, 0.325924262701, 0.512305847878, -0.794554021583, -0.462721118744, 0.819341170936, 0.338480740779, 0.82441648531, 0.257337839892, 0.504097902107,  
777, 493532.8440595041, 49.02404589134874, 94.83718040764496, 59.22543256778551, 20.976864628494837, 0.298592591936, -0.837607252258, 0.457445685308, -0.914134839871, -0.113284802545, 0.389260899714, 0.274226108486, 0.534397459273, 0.799511974236,  
778, 154008.6626893773, 33.25208230695682, 94.03068662104545, 62.962907628926644, 6.210150961848403, -0.824348757801, 0.563698582089, -0.0518944511757, 0.522750575951, 0.722866257901, -0.451880745918, 0.21721178802, 0.399635185812, 0.890567660207,  
780, 3414412.477325244, 93.41338830531357, 126.50347256212547, 106.30515203897735, 60.61367490322464, -0.430527968828, -0.822780158324, 0.371050507511, -0.0147820094586, 0.417473592423, 0.90856881513, 0.902456181902, -0.385679414407, 0.191896401868,  
791, 2168375.8155688583, 80.29379444230716, 111.0595540758648, 81.00445933538919, 57.54148854667701, -0.268857672301, 0.354826638448, 0.895440455135, 0.962164444536, 0.141618870472, 0.232773875675, 0.0442168940075, -0.924144010517, 0.379476895358,  
798, 2017692.323046059, 78.38905773403276, 118.89397048425114, 87.15622613875695, 46.484491509531, -0.231418950113, -0.969736248516, 0.077825945812, -0.966847764061, 0.238128795682, 0.0921958664915, 0.107938272449, 0.053909971066, 0.992694839495,  
799, 37988.88794465391, 20.853997817505494, 77.84526764461611, 26.130412697819256, 4.458507342271337, 0.25419344168, 0.947912383195, -0.191957828683, 0.877742009824, -0.142755811254, 0.457372651722, -0.406146104742, 0.284750578821, 0.868310111345,  
800, 2161020.3556750147, 80.20290201167631, 144.86683430469904, 94.63490787531786, 37.63136007596445, -0.852837924259, -0.468285359064, -0.231033108953, 0.136090031899, -0.626481707185, 0.767463467392, -0.504129921909, 0.623080647308, 0.598016328194,  
805, 1898793.1370616998, 76.81800332672532, 116.63633878371212, 73.2902940622918, 53.02842168453824, -0.153669219971, 0.866643288985, 0.474673762168, 0.981152359948, 0.190782995649, -0.0306903102025, 0.117157233676, -0.461011125927, 0.879626582345,  
808, 1761864.8481596303, 74.92521431007911, 121.95053192424082, 75.43321568169618, 45.72330983108445, -0.076585612811, -0.782290593248, 0.618187731702, -0.997055602473, 0.057698458311, -0.0505075586901, -0.00384310898524, 0.620235693607, 0.784406090548,  
819, 696390.1686157262, 54.98632238220418, 110.79636557380685, 80.16372654255458, 18.718050279358952, -0.000705583493926, 0.762001727189, 0.647574605674, 0.894037135372, 0.290589267325, -0.340962576086, -0.447992302085, 0.57871516783, -0.681462876315,  
827, 2053498.379176975, 78.85004007032695, 97.35979174345565, 82.89451902985363, 60.74356864101887, 0.531352211325, -0.0694477845426, -0.844299610767, -0.0107431180385, -0.997106387834, 0.0752558087813, 0.847082884336, 0.0309169300327, 0.530560769849,  
828, 1103806.2866879546, 64.11132480769167, 95.28065271062943, 59.33958410995802, 46.607416715469576, -0.0297288504746, 0.698560898339, -0.714932770798, 0.0351515013229, 0.71553714374, 0.697689736117, 0.998939721607, -0.00438944639579, -0.0458275610974,  
830, 3675317.6812459445, 95.73456277902292, 129.2025279565083, 91.34854687021881, 74.34189382038646, -0.979823661912, 0.0295656704014, -0.197665026475, 0.162443200923, -0.458370271202, -0.873789963866, 0.116437957864, 0.888269421748, -0.444319295503,  
832, 3208735.0878577945, 91.49873391332267, 111.76265009597613, 99.48780100520281, 68.89357652938656, -0.853563742033, 0.199106039738, 0.481441297799, -0.505087349647, -0.542813753487, -0.670999253541, -0.127732953902, 0.81591054287, -0.563892080563,  
844, 2192260.532286974, 80.58753131486256, 123.23163349230624, 70.83571530183703, 59.95550520711584, 0.621833434058, -0.768293339909, -0.151817403939, -0.476500831902, -0.525015186504, 0.705199270516, -0.62150634549, -0.366175364806, -0.692564411968,  
846, 1383767.8372003594, 69.12867099378425, 118.37147447729899, 65.74362326832842, 42.44963204923723, -0.208868772232, 0.0933998113466, 0.973473323326, 0.162516536103, -0.978272455226, 0.128729867706, 0.964345483465, 0.185093161913, 0.189151552818,  
849, 2538626.2089282735, 84.62591615663663, 133.2063823393855, 73.01194999345, 62.314794719691044, -0.325080627598, -0.602011551412, -0.729317953658, -0.939213111064, 0.295605091946, 0.174632075005, -0.110459574349, -0.741754488751, 0.661512630909,  
854, 792314.6719651715, 57.40323432661159, 130.81149752956443, 55.22302888019133, 26.184419381270523, -0.701525396373, -0.121229389328, -0.702257469456, 0.195884708515, -0.980269930568, -0.0264583483037, -0.685194351416, -0.156122702988, 0.711431235186,  
861, 1468223.8678338756, 70.50737673741796, 126.29064112854277, 55.07511836413836, 50.3937948095688, -0.243618620747, -0.96969950296, 0.0182439465338, -0.0815834028453, 0.0392330545375, 0.995894028405, -0.966433710094, 0.241129926371, -0.088669287823,  
864, 1960097.2127935404, 77.63597305058668, 120.64888960421773, 83.26572448984588, 46.57999176538114, -0.500873300451, -0.557684336292, -0.661901894505, -0.163148739476, -0.690201285946, 0.704985584027, -0.850004956281, 0.461096915987, 0.254717899576,  
868, 1499142.9417482368, 70.99887681690994, 109.61967675695513, 88.9337109750034, 36.71127797941228, -0.71849873947, 0.378097429731, -0.583782403821, -0.40059238461, 0.461183920047, 0.791729204515, -0.568581834719, -0.802715220686, 0.179897114227,  
871, 2619580.981899992, 85.51607112821438, 99.5940654128108, 85.88888751134402, 73.10932621761334, 0.321013343303, 0.927857175205, 0.189819640294, 0.298207344678, -0.289259521937, 0.909616022588, 0.898900891646, -0.235393269633, -0.369549990677,  
875, 1061105.7426202863, 63.273717601748224, 112.19649442215338, 68.62651139711997, 32.900223310974596, -0.322151475324, -0.946683164376, 0.00306809928568, 0.154030695772, -0.0492176222423, 0.986839485641, -0.934073322446, 0.318384377675, 0.161673796102,  
877, 3130895.62972365, 90.7527917407426, 131.4977734288155, 104.57417267139508, 54.35470517822207, 0.00491930033204, -0.943208164463, 0.332165860641, 0.950868865028, -0.0984139735513, -0.293535502674, 0.309554844905, 0.317290164205, 0.896383148935,  
889, 1827489.5367175785, 75.844151417901, 87.09529792609965, 77.62107983305863, 64.53449271041656, -0.781857908526, -0.374070586125, -0.498767889376, 0.0910834637609, -0.859954959644, 0.502176532718, 0.616767390112, -0.347201186604, -0.706434230849,  
891, 1366102.9123203193, 68.83324901767321, 110.49323929398959, 82.34432864101902, 35.84473788799903, 0.376203217577, 0.547662152215, 0.747353534893, 0.532276983254, 0.532478841561, -0.658139420175, -0.758387995806, 0.645393252461, -0.0911877047366,  
892, 1767137.7079750728, 74.99988456411698, 108.70904169997979, 72.64090234460953, 53.42381369093353, 0.852327852174, 0.513646746113, 0.098510165045, 0.317727270011, -0.658134029604, 0.682575256634, 0.415435451425, -0.550478536626, -0.724145542287,  
893, 1458458.7207934258, 70.35071420620383, 106.91738847128977, 82.6222926192081, 39.414856376878, -0.819069454012, 0.573694354916, 0.000129002936685, 0.569035935934, 0.812447136884, -0.126995091968, 0.0729611754308, 0.103944393334, 0.991903337011,  
894, 578501.0431766436, 51.68983895028991, 96.47039416280593, 85.36393122497333, 16.77054116162791, 0.0565825261917, 0.76997714026, 0.635557724528, -0.734359087337, -0.399174376251, 0.54897773014, 0.67639866098, -0.497790137329, 0.542853415393,  
895, 2628560.3929676195, 85.61367048253308, 116.09634728041465, 82.08877991335231, 65.84563553228155, 0.0531444685451, 0.862948835937, 0.502488778002, -0.739668612114, -0.304041245152, 0.600374271184, 0.670869592183, -0.403581748598, 0.622138057414,  
896, 747459.0575280086, 56.29885987031717, 126.39944831367436, 61.93300886518014, 22.794571969516706, 0.167920412354, 0.93959143158, 0.298279527988, 0.733754561092, -0.32119439688, 0.598697255288, -0.658336524273, -0.118330474158, 0.743364594054,  
897, 589981.7900941824, 52.02954156483331, 122.88664267110283, 49.07053797411826, 23.357400067365344, -0.876875658343, -0.151502880473, 0.456219198427, 0.0140805952872, 0.940536634881, 0.339400317152, -0.480510995338, 0.30403571444, -0.822600430163,  
901, 2617417.8439613446, 85.4925261415029, 139.39626003973777, 87.0473211511896, 51.4965242279364, -0.784374941759, -0.410610767531, 0.464924454431, -0.58818869514, 0.73035201546, -0.347303890597, 0.196951795246, 0.54587977715, 0.814386431154,  
903, 1901495.2321744487, 76.8544249118932, 128.93641679347857, 66.6748365981981, 52.804273847785026, 0.603223420218, 0.666507336082, 0.438051910451, 0.702334008545, -0.183632149922, -0.687754443066, 0.377952967633, -0.722528341634, 0.578881982613,  
917, 1396348.2626700932, 69.33753209340105, 115.67469166163733, 66.20280405399843, 43.530174144889166, -0.485888570409, 0.682876315568, -0.545520150666, 0.873841195297, 0.366897553577, -0.319041926054, 0.0177161662687, 0.631716805868, 0.77499678363,  
936, 1410684.4057925597, 69.57401803073188, 117.92063486088024, 83.88221333962483, 34.047212881694186, -0.259703068747, -0.945077485156, -0.198451160578, 0.597225830124, -0.318673558273, 0.736049231431, -0.758864694076, 0.0726340850356, 0.647185186616,  
948, 1006733.2571157954, 62.17397040251138, 135.81621595958694, 83.06794889293779, 21.30299635602263, 0.7621657408, 0.301928604419, -0.572662641863, 0.320310914418, 0.592843727079, 0.738875654875, 0.562587150276, -0.746575805325, 0.355134151058,  
953, 614927.5651568775, 52.752751586484656, 129.31500836277147, 36.54465133823786, 31.064373348555367, -0.71896849925, 0.681250130335, 0.137777200597, -0.074017985757, -0.272147711551, 0.959404482417, 0.691090178537, 0.679583610026, 0.246090394192,  
957, 751210.4299579005, 56.392887606903514, 125.34374116254357, 56.69113638915824, 25.23801442027347, -0.699672663091, -0.0474131628615, -0.712888600351, 0.677692982646, -0.360019141525, -0.641185183085, 0.226252924391, 0.93173934645, -0.28402711927,  
958, 1560873.9670071513, 71.9603183533117, 120.23301607010707, 79.22584948835126, 39.11907543473464, -0.796340427536, -0.197282170353, -0.571770643469, -0.090551002529, -0.895772999997, 0.435191048181, -0.598032139114, 0.398334630351, 0.695476155486,  
959, 2850007.570315109, 87.95336669194208, 106.1814099820374, 81.42654099771346, 78.69423718203397, -0.554253785595, 0.693665398657, -0.46003375513, 0.77190377604, 0.221590822147, -0.595870848487, 0.311395731649, 0.68536546619, 0.658260492559,  
971, 2461622.901978991, 83.76147275539623, 136.22938864733857, 103.47334480338301, 41.690165464886874, -0.812830436906, 0.0465082020379, -0.580640739169, -0.448531800764, 0.586021060709, 0.674832231083, -0.371652935604, -0.808960013566, 0.455475347202,  
974, 2159278.2895232043, 80.18134486141372, 105.74863245365493, 84.39911157235298, 57.757365314966684, -0.246176039718, -0.966341236049, -0.0747126025516, 0.50842244521, -0.194379057671, 0.838882231988, -0.825169058239, 0.168527141584, 0.539161040761,  
979, 1575053.4002191974, 72.1775646547564, 123.83526373941955, 79.78924446183433, 38.05554861411533, 0.26199866847, -0.680005501108, 0.684798668356, 0.409087483156, 0.720934822077, 0.559375020395, -0.874073297181, 0.133587053187, 0.467065702419,  
981, 2312420.7969758357, 82.03378542951867, 103.87220885697027, 85.65578991937716, 62.04719683198783, -0.481143130475, -0.844812007068, -0.234081098577, -0.869462425713, 0.493980025535, 0.00433873781661, -0.111965969249, -0.205612273678, 0.972207392814,  
986, 2204421.473553762, 80.73626875687847, 137.0185308479337, 76.57555156699398, 50.15758101907924, -0.993888356201, -0.0679170045149, 0.0870242259726, 0.0244426131413, 0.633371412215, 0.773461836713, -0.107649867957, 0.770861812964, -0.627840402684,  
991, 3116883.320260011, 90.61720135581328, 113.3189042374006, 98.74703292161443, 66.4975300023782, -0.1169039413, -0.513845896555, 0.849879910988, 0.992998864123, -0.0458861900097, 0.108847202153, -0.0169329370968, 0.856654453184, 0.515612668077,  
995, 89543.1444153232, 27.753296615865732, 101.48628049472693, 58.11778505815102, 3.6243267261412346, 0.0549699844929, -0.559981455148, 0.826679545347, 0.744085849996, -0.529112946392, -0.407891821192, 0.665818705535, 0.63754235926, 0.387588946578,  
1003, 3192959.2563254056, 91.34853550470169, 120.25925396558067, 85.48223508991062, 74.14986984545807, -0.0505707680304, -0.940364394264, -0.336388768275, 0.244792646497, -0.338216409706, 0.908672779622, -0.968255729465, -0.036393216484, 0.247298152343,  
1019, 1705680.3772164355, 74.12015997013978, 124.47744825583945, 68.51563351314934, 47.74508703591622, 0.181880515157, 0.453118988231, -0.872698493588, 0.669939124592, 0.592551589601, 0.447285348522, 0.719792364191, -0.666007354438, -0.195788549938,  
1022, 2949570.2843447127, 88.96585973831547, 119.42963925421748, 97.95543848017192, 60.190710037617016, -0.719048505057, 0.478829090986, 0.50367841824, 0.203902757197, -0.547502542349, 0.811581561969, -0.664374076092, -0.686267927086, -0.296046312713,  
1030, 1156282.7001065959, 65.11161580141251, 114.59579142268616, 58.56092123331672, 41.13380171959048, 0.684265559299, 0.530636411964, 0.500205600383, -0.503707786062, -0.152075062108, 0.850383232281, 0.527313104917, -0.8338454136, 0.163225964846,  
1052, 2261243.751811513, 81.42409186506046, 121.43711412560401, 93.71120506935202, 47.43684645255821, 0.488680259933, -0.229325885123, -0.841784557927, 0.444294290528, 0.895773186896, 0.0138917616356, 0.750862295602, -0.380788702629, 0.539634855244,  
1056, 2681178.4091952667, 86.1811664801778, 105.07718470567967, 86.5261397578641, 70.40140834778937, -0.298883403292, 0.938186325067, -0.17457127683, 0.92367668807, 0.330376721377, 0.194094301537, -0.239770905561, 0.103235853411, 0.965324956384,  
1063, 930446.7229149959, 60.56210573468311, 127.32222063319776, 64.04036466604143, 27.242370837454395, -0.945490972649, -0.200328471575, -0.256739798465, -0.113027213604, -0.537508285891, 0.835649263497, -0.305404108722, 0.819117418979, 0.485566663086,  
1070, 1652686.8235266686, 73.3444605074969, 112.95201460899716, 77.22577010425704, 45.23199322130212, -0.444921303549, -0.491334919945, -0.748755654463, -0.878551799271, 0.0772450589889, 0.471359668256, 0.173757790171, -0.867538585484, 0.466031150301,  
1077, 475975.08061049075, 48.43565780421067, 109.07768766451653, 73.39402901914278, 14.193808932414967, 0.835582062715, 0.527636930911, -0.152976748585, -0.389793027869, 0.765647003961, 0.511708960982, 0.387122734923, -0.367945559103, 0.845430099797,  
1081, 288580.90030223195, 40.99456901045211, 104.62792868940629, 57.28180233570818, 11.49515079137545, 0.92822526146, 0.205216525079, 0.310296699664, -0.235696390246, -0.320922622561, 0.917309043864, 0.287828205033, -0.924605239096, -0.249519691055,  
1085, 724864.1931895535, 55.72576158827975, 143.30114804155707, 72.69724557649015, 16.611177226919487, 0.593142637596, 0.795455007241, 0.124230201325, 0.682743301567, -0.578750433198, 0.445992735634, -0.426665437586, 0.179719969756, 0.886373136349,  
1092, 3156262.9719908964, 90.99723376590637, 128.1615850196376, 90.39926029750843, 65.03719832115964, 0.409314948177, 0.897173911244, 0.165952541954, 0.839494577415, -0.441570735724, 0.316645132351, -0.357365537914, -0.00970867314012, 0.933914136298,  
1095, 1334349.4767344801, 68.29574708410809, 132.2653602905103, 73.6662605389351, 32.693862846797636, 0.280088065281, 0.834500682224, 0.474509522617, 0.910527121208, -0.0743436174593, -0.406710447478, 0.304123391458, -0.545968531978, 0.780658263812,  
1099, 1885508.8467669003, 76.63843983958748, 136.54958859951296, 68.70297294793806, 47.98152407139211, 0.324177927506, 0.322048383361, -0.889490590222, -0.474651667599, 0.868718833977, 0.141539330007, 0.818299740782, 0.3763142653, 0.434480273394,  
1100, 3134811.7733549695, 90.7906140268713, 141.7000784261958, 88.63158073426743, 59.58874986435631, 0.30007501855, 0.141555335814, -0.943354159446, 0.547141584931, 0.784543174076, 0.291767191525, 0.781403269305, -0.60370033536, 0.157970996722,  
1102, 996412.841709709, 61.960783704917986, 93.61476782462059, 84.61790446791633, 30.029221698503914, 0.767717476779, 0.444895899795, -0.461169723848, 0.325470424989, 0.34921067383, 0.878704107047, -0.551977244373, 0.82469360591, -0.123294679795,  
1103, 1052125.5426543846, 63.09471528798442, 110.17264128156508, 65.33171835405157, 34.89643905283685, -0.0735579072292, 0.0472309715648, -0.996171907659, -0.17107469425, -0.984669395276, -0.034053355108, -0.982508362952, 0.167914910987, 0.0805102440487,  
1110, 2050848.2018912982, 78.81610504722597, 135.3970835730915, 87.13067529561347, 41.5015691225977, -0.10966194483, -0.492982413794, 0.863100572092, 0.527509751118, -0.764827297733, -0.369827888509, 0.84244152339, 0.414737922468, 0.343925479334,  
1112, 1691606.7673389374, 73.91574097121448, 124.17027288115216, 107.61704944595469, 30.221226673989012, -0.389721228911, 0.360003965213, 0.84765235136, -0.19089896791, -0.93201584785, 0.308064998672, -0.900930046001, 0.0417564891541, -0.431950746991,  
1113, 2287975.4253545795, 81.74369195351892, 114.79928144300287, 79.91532498080356, 59.53789921680115, 0.302594701773, 0.828702102566, 0.470838902026, -0.263216760991, -0.402129395407, 0.876931517328, 0.916053155222, -0.389287521701, 0.0964460587865,  
1114, 2121361.7634231537, 79.70924748939436, 101.85412128111953, 84.6179788817747, 58.76041752782033, 0.846856178436, 0.319211979036, 0.425368458498, -0.423682219496, -0.078493588742, 0.902403531359, -0.321446713979, 0.944427058574, -0.0687716591738,  
1119, 313827.3452305709, 42.1567761018346, 129.3778650247259, 29.436039776866124, 19.67264759792866, -0.460158075306, -0.887056473299, 0.0372204098478, 0.492987885457, -0.220420842299, 0.841651707699, -0.738388441488, 0.405642041039, 0.538736525602,  
1120, 2934202.560259919, 88.81108192354958, 116.31442811465324, 88.3549367956912, 68.16117558087063, -0.588682197525, 0.423282442866, 0.688683703799, -0.202355047948, -0.901985473956, 0.381411378098, 0.782627436835, 0.0851714643163, 0.616636129966,  
1122, 2105709.863715287, 79.51272558662448, 116.24905160300982, 92.93586173775037, 46.53044151757652, -0.656616244181, 0.308843917791, 0.68809195775, 0.509699628054, -0.490757638397, 0.706656373011, -0.555932906958, -0.814722268505, -0.164821807303,  
1123, 3462359.3613476963, 93.84860989135548, 110.25388338798543, 88.91034722875355, 84.32130723957617, -0.469676727481, -0.285850187432, 0.835280457097, -0.855774634201, 0.37988205057, -0.351197100091, 0.216918295956, 0.879760932299, 0.423045097926,  
1124, 1794097.426617567, 75.37936442942227, 99.24006562123803, 76.86239586811654, 56.150865334538736, 0.438399468946, -0.881391769097, -0.175938781955, -0.793561773551, -0.471494373152, 0.384646289004, 0.421978218853, 0.0290104369868, 0.906141698279,  
1125, 3817928.5719565647, 96.95712516546742, 105.6476214138909, 98.23284495090184, 87.82592735074016, 0.00416409070284, -0.0532635968048, 0.998571804931, 0.725473011217, -0.687106088821, -0.0396753412249, 0.688238018671, 0.724602105959, 0.0357801298859,  
1126, 3417087.2460449585, 93.43777454008682, 117.88004525015764, 87.42244040556105, 79.15971803409512, 0.309161007319, -0.522443195309, -0.794652489601, -0.888984246713, 0.138062546686, -0.43662998328, -0.337826110077, -0.841422510323, 0.421760214426,  
1127, 299231.8678959147, 41.49283204393333, 104.72333429648575, 73.69050067738608, 9.256872152788858, -0.269142433818, -0.376869930413, 0.886302096279, 0.70629622013, 0.548397142302, 0.447667537069, -0.654757970359, 0.746478150963, 0.118584865754,  
1128, 3176201.0845219796, 91.18844154501188, 113.59695580991175, 87.5995572703113, 76.19926388867947, 0.705382671722, -0.37508349658, 0.601454617596, -0.590376187142, -0.780487925881, 0.20565640085, -0.392289745074, 0.500150945363, 0.771983022975,  
1129, 3742009.860745537, 96.31016038668554, 118.9881209604666, 91.26700773481853, 82.26193102401298, -0.426518566988, -0.815773535466, -0.390634676965, -0.890891592828, 0.30433066728, 0.337186913717, 0.156186048812, -0.491829628821, 0.856568464497,  
1130, 3276698.8237958904, 92.14023282452816, 117.62250850940201, 106.96461170461555, 62.17522416165321, 0.552698592325, -0.202917990347, 0.808299792921, -0.789859609197, 0.181787639964, 0.585726089324, -0.265793272678, -0.962173343608, -0.0598029518442,  
1131, 3012113.5854968503, 89.5902837035961, 102.70812859239679, 95.47746244299023, 73.32921763117355, 0.43927094251, 0.715041558958, 0.543835092679, 0.7951792211, -0.027799998492, -0.605736878864, -0.418008427425, 0.698528975094, -0.580797921446,  
1132, 2410076.1990476754, 83.17268496184488, 103.61953817819061, 84.77819391106671, 65.49623745627484, -0.972477428952, -0.230368345887, -0.0349009368476, -0.048934307927, 0.0554859873858, 0.997259614499, -0.227800534871, 0.971520319096, -0.06523178593,  
1133, 3000641.3300755057, 89.47639797487618, 108.64335402257781, 97.5941078727578, 67.5614115220106, -0.0720682132273, -0.380578215574, 0.921936220393, -0.129973447221, -0.912874457944, -0.386997580161, 0.98889487594, -0.147717452808, 0.0163241684693,  
1134, 2180932.266275569, 80.4484824541948, 105.20345594935768, 103.34265690217129, 47.88990096147789, 0.3217930806, 0.890690081982, 0.321123638396, -0.779472675865, 0.0566872410357, 0.623866094834, 0.537467730062, -0.451062894243, 0.712510143493,  
1135, 3075068.7700508777, 90.21015058798069, 104.21254650162476, 92.77403420169217, 75.93111427758315, -0.0996619897311, -0.858964827363, 0.502241887099, -0.813327657717, -0.220452076563, -0.538422699309, 0.573206427908, -0.462147495171, -0.67664915851,  
1136, 3112768.006927522, 90.57730226602574, 102.79391978048501, 94.07105892666746, 76.84837437248646, -0.780813860073, 0.513153245145, 0.356375452178, 0.295092238005, -0.199863601314, 0.934331371591, -0.550681656665, -0.834702514592, -0.00462873048068,  
1137, 3579687.312362206, 94.89692960755293, 103.82334039572724, 100.03379982211585, 82.28387191650447, 0.687658868774, -0.213772840253, 0.693849013091, -0.50966877734, -0.822750023441, 0.251634926694, -0.517071578799, 0.526672167195, 0.674724692523,  
1138, 779229.914693795, 57.08548157936772, 129.60390944987626, 83.46477051871689, 17.19711920956964, -0.9524044911, -0.120808641405, -0.279876682655, -0.119197265635, -0.697432657852, 0.706668026464, -0.280566742857, 0.706394337408, 0.649837935858,  
1139, 3414645.1922978917, 93.41551050548598, 108.07185313054843, 88.90155723353773, 84.8467101785959, -0.905545897373, -0.327209049354, -0.270038637554, -0.407876679506, 0.846582620763, 0.341956840168, -0.116718644897, -0.419800076517, 0.900080359573,  
1140, 2786656.4898866257, 87.2967902589839, 102.62246400364614, 84.50272631761311, 76.71524361666629, 0.487601529962, -0.394941044958, -0.778631054471, -0.575378441604, -0.816126406559, 0.05364081891, -0.656646325593, 0.421852177337, -0.625185047454,  
1141, 2656450.1992675895, 85.91540132288922, 119.259879920842, 90.26175871513337, 58.91351161735407, -0.491154997982, 0.807298490629, -0.327163437727, 0.845280850162, 0.35099965695, -0.402864152253, 0.210397367634, 0.474413730671, 0.854789190294,  
1142, 2741459.1421084115, 86.8222539435755, 113.61566072483097, 84.20311613569622, 68.41113661293086, 0.333240607723, 0.557160647784, -0.76060680376, -0.485950314838, 0.792808053716, 0.367841924571, 0.807962244708, 0.247037249266, 0.534948229834,  
1143, 2939924.904569171, 88.86877818728419, 97.90528228983023, 89.87956785373622, 79.75915207961503, -0.543635853959, 0.531677239825, -0.649445433383, 0.80239659527, 0.556205050753, -0.216323011759, -0.246210808434, 0.638713749789, 0.72898901476,  
1144, 3444216.933811345, 93.68440354088732, 99.80045951589747, 95.91129954652347, 85.90126748084641, -0.197145759576, 0.60289551696, 0.773078615091, -0.858145036924, -0.487417513391, 0.161280077016, 0.474047091631, -0.631617893404, 0.613464091571,  
1145, 3455909.2187817036, 93.79029578235442, 105.75024835459624, 97.49313937033595, 80.02363319782127, 0.101616152463, -0.774759211359, 0.624037115862, 0.484983088108, -0.509113751301, -0.711051750919, 0.868599770785, 0.374901790675, 0.324010934292,  
1146, 3462796.2636221284, 93.85255719455708, 95.73607795849463, 94.41908483546159, 91.4540436441842, -0.629912265667, -0.764150587168, -0.138868346624, 0.0762662800354, -0.238795086485, 0.968070431942, 0.77291266783, -0.599208466898, -0.208698876628,  
1147, 3240663.33480678, 91.8012163151602, 102.41328863808317, 94.40470337491143, 80.01941315221647, 0.56165945131, -0.31023958593, -0.767000691053, 0.789263672674, 0.479001886016, 0.384213545037, -0.248196526469, 0.821162951256, -0.513896771476,  
