# Void_ID, Void_Volume, r = (a*b*c)**(1/3.0), a, b, c, vector_a, vector_b, vector_c 

15, 2942434.7162794895, 88.89406006428172, 136.2642568342117, 82.61634457184616, 62.39794677449542, 0.848703605673, 0.496510005715, -0.182153792009, 0.413265541045, -0.83753528072, -0.357416068657, 0.330020881616, -0.228062420787, 0.916009688771,  
28, 1908162.6389656966, 76.9441476299926, 105.44368384435603, 71.28161978088298, 60.60781799251506, 0.661247129775, 0.0735547089333, 0.746553372612, 0.564062586381, 0.607332391938, -0.559446837821, 0.494555994817, -0.791035441998, -0.360107341627,  
33, 782769.6432762399, 57.1717898293064, 99.92187193462343, 73.23530798304661, 25.536671615108816, -0.749885601777, 0.629840108457, 0.202417938995, -0.267775884424, -0.5687505644, 0.777701016597, -0.604952609688, -0.528984152196, -0.595153851334,  
40, 1959643.58517569, 77.62998346012692, 105.73664333919078, 72.52119406546406, 61.00957720230713, -0.830646137267, -0.134928984677, 0.540204742423, 0.00873375526763, 0.966917407759, 0.25494008726, -0.55673217633, 0.216483014732, -0.801987773081,  
75, 415583.4454390883, 46.29384039412603, 96.10555494978665, 61.320171570005044, 16.835180530797324, 0.795292348515, -0.122177993064, -0.593786677524, 0.356691982762, 0.88629904946, 0.29537234867, 0.490184567104, -0.446706316204, 0.748446763128,  
89, 2161233.5343421604, 80.20553918960779, 128.42843467054408, 98.14455970211584, 40.934139755888914, 0.054670365383, 0.979735689324, 0.192689206272, 0.689170252819, -0.176666236585, 0.702732810875, 0.722534091775, 0.0943770094647, -0.684863100413,  
90, 1102430.394605099, 64.0846755239088, 129.90602332451274, 79.04862993421416, 25.629429177115387, -0.697751636469, -0.193838864942, 0.689615217526, -0.149177898215, 0.980905953655, 0.12477766134, -0.700634432846, -0.0158115313327, -0.713345208849,  
105, 836391.15010546, 58.448531822428926, 88.37787982249806, 60.55017271218751, 37.31314490092203, 0.598435365112, 0.742261476759, 0.301534432366, -0.374763890991, -0.0733050307551, 0.924217722441, 0.708115202345, -0.666088787314, 0.234304476319,  
129, 1088887.1283405633, 63.82116852557662, 108.91289848849736, 75.39524642326069, 31.657088747737713, -0.261196857272, -0.79244267621, -0.551190354299, 0.695918932618, -0.550297240191, 0.461378138475, -0.668934257588, -0.26307328325, 0.695211771092,  
151, 1134492.0546423416, 64.70000036567248, 104.82052593557792, 88.72643710596964, 29.121482000142944, -0.291286933587, 0.412395411049, -0.863181294554, -0.950704729191, -0.225112028101, 0.21327234396, 0.106359955883, -0.882753985972, -0.45763845996,  
174, 2367693.1761260103, 82.68224707881295, 130.62708086342704, 107.75656471118631, 40.156869924866875, -0.267945705985, -0.208827583967, -0.940529711821, -0.223937875992, 0.962988450109, -0.150016907889, -0.937046917897, -0.170423839679, 0.304793025722,  
209, 2037943.9127423638, 78.65044895743016, 124.62334019994971, 103.9847471828547, 37.54348558832358, 0.180995945314, -0.578933959561, 0.795032035988, 0.768117647858, -0.421630296923, -0.481895395045, 0.614195202544, 0.697899250024, 0.368376017119,  
237, 319637.65122848673, 42.415355088604414, 94.35786233663788, 40.01703644692537, 20.20906892673596, -0.594065139562, -0.395645953548, 0.700393381892, -0.292874819003, 0.917306391026, 0.269765315368, -0.749206880875, -0.0448694152292, -0.660814486241,  
246, 1275600.048783074, 67.27834598786534, 117.68901292544582, 82.56733188718172, 31.338755537974663, 0.528429573761, -0.804478640234, 0.271249521624, 0.380658962631, 0.510100440773, 0.771295205801, -0.758855018922, -0.304321635331, 0.575784163143,  
257, 1397372.6515139502, 69.35448374602754, 119.71674573823886, 61.06254267576852, 45.63455737134044, 0.433202823008, -0.772646358429, -0.464061331016, 0.36290589397, -0.321768771482, 0.874507958695, -0.825005834076, -0.547249908639, 0.141006777267,  
265, 1898212.382775678, 76.81017081935065, 113.42880741903274, 74.7099153085046, 53.47546661013141, 0.205492929111, 0.939672748902, -0.27347354727, -0.521726680021, 0.341602802867, 0.781734479493, 0.827993917514, -0.0179624620876, 0.560449304145,  
278, 751821.6038171664, 56.40817693846262, 105.51272359909106, 55.82009177521925, 30.47409464507612, 0.319215720944, -0.83031671932, 0.456810101815, -0.847239964458, -0.466008638604, -0.254990963313, -0.424600713762, 0.305630650237, 0.852234791304,  
300, 1771414.6842229916, 75.06034283773026, 133.39720470969212, 78.57976210712692, 40.34355755267449, -0.471767644611, -0.546308220877, 0.692085700835, -0.880845437248, 0.327021891157, -0.34229811332, 0.039326901432, 0.771105706441, 0.635491451019,  
301, 103520.07553869978, 29.12808882612084, 139.00165233191777, 62.134720504130726, 2.8614203337536184, 0.138502630158, -0.362940154543, 0.92146159207, -0.365630950138, 0.845959099218, 0.388158744268, -0.920397213023, -0.390675884424, -0.0155345933009,  
316, 1670949.7599310144, 73.61363457715682, 107.2086398577743, 85.40408568884392, 43.56787210657245, -0.314773617134, 0.472050110042, -0.823459934402, 0.928650859067, -0.0262399667965, -0.370025737073, 0.196278251241, 0.881181115181, 0.430110090951,  
335, 750281.4661505942, 56.369632444909634, 129.04323303459884, 70.67380853299473, 19.640017853188393, 0.655218893826, -0.535824728653, -0.532522357594, -0.660609776064, -0.748341027554, -0.0598366965072, 0.366446346608, -0.390995609495, 0.844298234283,  
341, 2282642.5829745345, 81.68013279890019, 135.27019936690922, 83.66204177816239, 48.1524862664959, -0.985323353547, -0.165444631482, 0.0420233609796, -0.157660723535, 0.976421093237, 0.147461672771, 0.0654292381785, -0.138671996437, 0.988174626367,  
351, 543204.1472333098, 50.61642747384863, 135.6361003721062, 50.39181298752951, 18.97313902832984, 0.0939822504424, -0.956341165759, -0.276728949111, -0.89432922904, 0.0410296725649, -0.445524181222, -0.437427213015, -0.289358152889, 0.85142779651,  
386, 2590675.159303736, 85.20036406508211, 109.08947975416787, 96.86613828926343, 58.52878311332956, -0.751084990576, -0.24529336363, -0.612945758359, -0.35500611964, 0.932825127095, 0.0617084862804, -0.556634522779, -0.263947813061, 0.787711596989,  
408, 1514651.9847507486, 71.2428715982776, 144.65914353517957, 101.4336974910535, 24.643143311427085, 0.555641704335, -0.773905438069, 0.30386291207, 0.431601400294, 0.580859307502, 0.690161355157, -0.710621226581, -0.252334773298, 0.656768326365,  
414, 748811.8640544603, 56.33280400986401, 99.01933005985481, 56.24087739690583, 32.100517685568036, -0.138807182046, -0.128248649343, -0.981980066068, -0.123190182361, 0.986113475325, -0.111375009554, 0.982627470195, 0.105510652187, -0.152678607187,  
444, 1397846.6585549593, 69.36232484151274, 113.03257009490764, 101.80731490630912, 28.999354927336498, 0.306646634519, -0.43319342405, 0.847532476604, 0.941272515163, 0.270227080221, -0.202443516354, -0.141329026519, 0.859837648905, 0.490617288514,  
471, 2532074.610997927, 84.55305356981809, 135.08253718365364, 89.72945723057833, 49.871638786775456, -0.457862952077, 0.569290522434, -0.682839525937, 0.877109319195, 0.163945085806, -0.451443519192, 0.145054332219, 0.805624174108, 0.574394403522,  
529, 867849.0274227216, 59.17231001441624, 123.01007922081637, 105.39876750303658, 15.98009442474978, 0.897609546401, -0.190476038301, 0.397512240116, -0.219818343698, 0.588244606077, 0.778234013132, 0.382069362791, 0.785930761743, -0.486143846781,  
627, 780063.9090037035, 57.10584013723484, 129.08175001578513, 53.735847485188216, 26.848042605371678, 0.494819850418, -0.135937437107, -0.858297342898, -0.375934713561, -0.923968576774, -0.0703928993102, -0.783470744044, 0.357495569659, -0.508301594431,  
655, 456327.9834981919, 47.75983644543972, 100.51112718736576, 49.65298111450331, 21.82875773843371, 0.0809228972136, -0.724532395807, -0.684473733706, -0.934112185979, -0.294680175781, 0.201489498504, 0.347686509246, -0.62307014166, 0.700640913635,  
663, 455720.32901135564, 47.738627745166646, 79.1459163659439, 59.778280319865694, 22.995235618596023, -0.284831687732, 0.937680789042, -0.199061918824, -0.529499830557, -0.327012594953, -0.782746888963, -0.799062475094, -0.117547865162, 0.589645368244,  
718, 437209.4065062825, 47.083307406365115, 116.81586372461119, 30.60930931091078, 29.19076881505201, -0.870172142984, 0.343592740016, -0.353191832553, -0.191310303776, 0.424971215071, 0.88475976063, 0.454093392644, 0.837462533711, -0.304065281457,  
722, 997360.064421806, 61.98041147070233, 118.61994257367715, 94.78821156624208, 21.17636073905059, 0.775964976626, -0.475911971517, 0.413988104197, -0.58752789477, -0.306478851351, 0.748920347261, 0.229541560327, 0.824365519076, 0.517428413446,  
729, 345283.10217518994, 43.520669917041104, 84.04445779374268, 40.97807750633807, 23.934593524092207, 0.438037518773, -0.490358501487, -0.753439892869, -0.673886025175, -0.733834976317, 0.085812893017, 0.594979627568, -0.470143347878, 0.651892993693,  
730, 1859263.1030918232, 76.2811819819364, 140.64114810051592, 71.47088726057576, 44.15812910760555, -0.16314905852, 0.985937861795, 0.0361789632723, 0.959355279828, 0.167095190682, -0.227412937882, 0.230260356487, 0.00239372727674, 0.973126116339,  
733, 1422822.6903567668, 69.77299911518669, 129.43363998422225, 93.13990759678596, 28.175991373677938, -0.472483131467, 0.161246945344, 0.866463567091, 0.862824064883, -0.115831673827, 0.492054525837, -0.17970621452, -0.980093080251, 0.0843992328586,  
739, 1040587.3152113323, 62.86322240091269, 98.91939224242132, 87.70916383679304, 28.632779452923067, 0.423971204713, -0.302771585308, 0.853567680213, -0.472456746391, 0.730128011715, 0.493657481761, -0.77267913157, -0.612570366276, 0.166506774627,  
741, 769578.6606882184, 56.848821914629596, 114.65173273539341, 104.23632203560113, 15.373215175775279, -0.216386477182, 0.274075551923, 0.937048282818, 0.25737867787, 0.94184963228, -0.216045102586, -0.941771261332, 0.194427009471, -0.274344727154,  
755, 1831316.0683006253, 75.89705052875468, 107.0550633657097, 81.38137914333687, 50.18136128815074, 0.526383604636, 0.833996038489, 0.165441556313, -0.339522283392, 0.027785353868, 0.940187530863, 0.77951582399, -0.551070396497, 0.297785994053,  
765, 268538.4766442356, 40.02266194024661, 110.9995899668696, 49.00334317920293, 11.786119144298016, 0.270450822001, 0.677838171689, 0.68366056335, 0.471628417997, -0.712360130483, 0.519720771026, 0.839299105335, 0.181874840205, -0.512346127422,  
786, 1850106.7559450641, 76.15575474554016, 126.39218123862418, 71.12257576866541, 49.13381590550961, -0.781828385551, 0.556177749395, -0.281799018141, -0.163050282169, 0.253857287041, 0.95339975, 0.601796461465, 0.79134239675, -0.107787893913,  
803, 1408501.9500508516, 69.53812042282912, 135.77117168917405, 79.2746701641144, 31.241137163570055, 0.223385460117, 0.638428730852, -0.736551214669, 0.690357555681, 0.429826594489, 0.581941186018, 0.688117273088, -0.638480895793, -0.344727086527,  
813, 1508320.735372249, 71.14346783492398, 105.54701604531773, 75.18400114527248, 45.376782470813524, 0.665962771534, -0.674550761786, -0.318551183808, -0.288983784666, -0.626958394022, 0.7234718684, -0.687736838573, -0.389749203899, -0.61246518181,  
814, 1692339.0385251748, 73.92640510429024, 116.0707398591305, 93.44457283371193, 37.24962694753547, 0.60435627916, 0.548148596976, 0.578175235956, -0.253409404322, -0.555758498808, 0.791780376622, -0.755339103741, 0.625032484465, 0.196970129012,  
847, 628470.9658948301, 53.13722493830587, 98.01031291110449, 91.44495960679824, 16.740370340699894, -0.102827180112, -0.430413988243, 0.896755468205, 0.225226634787, -0.888194453351, -0.400479183003, 0.968865075236, 0.160793071249, 0.188271225167,  
890, 3417344.5465621883, 93.44011971328871, 142.92875308042588, 76.22623261954699, 74.8817693723724, -0.974814071616, -0.155809550138, -0.159564751324, -0.0271752368267, -0.627158146263, 0.778417732377, -0.22135725035, 0.763148769023, 0.607128424681,  
946, 978127.9739430586, 61.57943361786066, 103.7716883678887, 78.64779792876658, 28.6115654467712, -0.0879828521296, 0.92381777932, -0.372585196087, 0.391397910944, 0.376013800856, 0.839893622356, 0.916005836793, -0.0719328310167, -0.394663115558,  
953, 1160246.4433512574, 65.18593193569247, 134.53528998842896, 67.46798488973931, 30.516005065571232, 0.658002084112, 0.552117734551, 0.512053966393, 0.634573114099, -0.0404732007239, -0.77180235999, 0.405401307555, -0.832783241437, 0.37699052059,  
955, 1535061.4616287886, 71.56143703769918, 158.60647699934037, 63.784571114952186, 36.224349978708325, -0.00283586962065, -0.811222420657, 0.58473082873, -0.953784664941, -0.173505692886, -0.24533770085, -0.300477571153, 0.558403043294, 0.773239465156,  
959, 143424.31649820984, 32.47217607425105, 132.75131470301335, 76.77759688248305, 3.3593931635408225, 0.220288854724, -0.406361239054, 0.886760037371, -0.85016423029, 0.365708448515, 0.378785047514, 0.478219198715, 0.837333788928, 0.264912294734,  
964, 1437503.9784209377, 70.01216086815833, 114.32187199060161, 69.95079901325596, 42.91394488772012, -0.059382155064, -0.698199643329, 0.71343606421, -0.83466347698, -0.357295943949, -0.419137791941, 0.547549668848, -0.620368331311, -0.561544738779,  
968, 1722854.1656884148, 74.36809143540316, 127.06537610047982, 83.71588159099994, 38.66560648985822, -0.165121602947, 0.984331570709, -0.0618564074765, -0.191723944306, 0.0294857290104, 0.981005872034, 0.967458932162, 0.173844616512, 0.183851200403,  
983, 1477277.2893099382, 70.65200169339599, 138.23798610974328, 58.08193433147411, 43.92430942825513, 0.0958777915428, -0.680628369699, -0.726328074254, -0.902863780941, -0.366692933248, 0.224439938004, 0.419099561148, -0.634256505735, 0.649672411896,  
984, 2663826.3271442032, 85.99484786400966, 111.4954829980232, 80.88928112008715, 70.51297666080313, 0.335116287205, -0.421074546383, 0.84284832588, 0.610889489255, 0.778162149604, 0.14586877953, -0.717294295228, 0.466004179501, 0.518004824997,  
1029, 656854.9496790929, 53.92543070466718, 118.1858820764734, 62.18378686854391, 21.33723303914892, -0.545878345824, 0.102898507975, -0.831521935139, -0.0566787087209, 0.985621827723, 0.159176432596, 0.835945186922, 0.134020557276, -0.532197458364,  
1078, 267888.8006077848, 39.9903602236236, 116.11033327945175, 59.46094173840821, 9.263248048586338, -0.282461457149, 0.443639101186, -0.850529172412, 0.0903437300977, 0.894995902991, 0.43682988, 0.955014940018, 0.0465476264383, -0.29288185812,  
1082, 2137479.1723931413, 79.91060660911829, 126.3061833489197, 73.53318635930457, 54.94210378454485, 0.787138425947, 0.384804641268, 0.48201502721, 0.267782039832, -0.917222777645, 0.294949411446, 0.555613064588, -0.103091048244, -0.825025065214,  
1084, 298310.11098725366, 41.45018324046337, 118.48414346893964, 78.1936641716309, 7.686835130576651, -0.359116206929, -0.755890392458, -0.547416901923, -0.91019283334, 0.153965034446, 0.384504582944, 0.206360257943, -0.636336768353, 0.743297357175,  
1108, 2747169.802555019, 86.8824978395511, 97.53397251695323, 88.98244062375905, 75.56778072005885, -0.980593633064, 0.100853867128, -0.168120862116, -0.0122591169535, 0.824313891825, 0.566000284272, 0.195667679613, 0.557077288381, -0.807080574617,  
1115, 2855718.4267249373, 88.01207459736345, 121.25411290014075, 80.27934355978759, 70.03683039056624, 0.703873266907, 0.665090024604, -0.249434727545, 0.416159241637, -0.101539652501, 0.90360455099, 0.575650857494, -0.739827654351, -0.348254407186,  
1120, 1222786.858446724, 66.3367287001037, 125.24832223892307, 76.54217013422196, 30.45015201497286, -0.338477745362, -0.872746104138, 0.35177699414, -0.939170923553, 0.336468290346, -0.0688989545992, 0.0582305095958, 0.353699487282, 0.933544792953,  
1132, 1391748.040877704, 69.26130494347387, 127.20020059542186, 62.28728968677194, 41.93578522412502, 0.400129423636, 0.916367712833, -0.0129096560173, 0.643410855634, -0.270856632325, 0.716002203613, 0.652624635754, -0.294799761878, -0.697978642369,  
1134, 1955946.9463146154, 77.58113943387947, 117.54026101159016, 89.97457231061342, 44.15318323996949, 0.238682490776, 0.968476773648, -0.0712980189191, -0.800529038116, 0.237789158256, 0.550099604934, 0.549712586476, -0.0742230093757, 0.832049888618,  
1140, 2176101.9410766284, 80.38904616386787, 122.3034304718996, 88.51468911121266, 47.98844086691613, 0.867157497495, 0.197601935458, -0.457155717061, 0.410250719196, -0.80384441187, 0.43073020431, 0.282368946482, 0.561059387773, 0.778126044709,  
1143, 3810481.24931068, 96.89404200533686, 109.64907535972628, 95.43305181533998, 86.93355378604261, 0.0058621724129, 0.048046422496, 0.998827901202, -0.435316277166, -0.899111600356, 0.0458046825059, 0.900258503858, -0.435074558427, 0.0156446425524,  
1145, 243670.12128861368, 38.746982808924955, 150.85590877073258, 59.639578938996536, 6.465718253457562, -0.919457896187, 0.388927432682, -0.0577289290227, 0.00622110621233, 0.161194345201, 0.986903075744, 0.393139256468, 0.907056687965, -0.150630972384,  
1154, 667180.118330414, 54.2065160858388, 106.35102894121708, 78.21798031351817, 19.14724052945562, -0.762144822873, 0.645802274319, 0.0455487810194, 0.622143313075, 0.711127086991, 0.327469027763, -0.179089270936, -0.277916693691, 0.943763394291,  
1213, 1241271.1765863947, 66.66931922941367, 110.37649973481807, 60.9578210345698, 44.042504701554826, 0.887971307342, 0.447457669951, 0.106247780871, 0.191434513895, -0.569680643032, 0.799260152794, 0.418162389781, -0.689380590499, -0.591518906896,  
1220, 1891559.2370786287, 76.72032708497528, 114.95510956683788, 94.34360859916498, 41.63806833793722, 0.375236089328, -0.924317063577, 0.0695402275347, -0.740186531302, -0.253635809514, 0.622730098046, -0.557962163722, -0.285143546502, -0.779340350388,  
1245, 3424699.397653044, 93.50710600612658, 128.89417744924697, 110.71149525000382, 57.29382700547977, 0.710717291308, 0.67595314629, -0.194854499194, -0.507392667458, 0.68441590623, 0.523571913216, -0.487271600696, 0.273243867853, -0.829399888977,  
1247, 1605657.8902686236, 72.64205743264606, 126.26126445732018, 63.59154550804868, 47.741371827702615, -0.777651328015, 0.511532689592, 0.365503378254, 0.616598555361, 0.507055807739, 0.602246319512, -0.122738068925, -0.693706505171, 0.709722939688,  
1257, 612874.7045906537, 52.69398326836733, 160.80629948123226, 51.088562507419795, 17.809689450067506, -0.775775585236, -0.477660151492, 0.412326352575, -0.593711481896, 0.773858485674, -0.220566816214, 0.21372626796, 0.415913240745, 0.883932835999,  
1275, 2948626.381471046, 88.956368628098, 140.6212465760322, 80.78669222155152, 61.964131587411764, -0.947335756075, -0.273255789009, -0.166991733434, -0.153074307807, -0.0716423337808, 0.98561434258, -0.281288502346, 0.959269852431, 0.0260409036824,  
1280, 871540.3329506459, 59.256085770309475, 112.43703316769326, 96.76286244175147, 19.1240907578209, -0.750317614412, 0.0227452022919, 0.660686107979, -0.659096903103, -0.103042900694, -0.744965390429, -0.0511346245083, 0.994416822258, -0.0923061958215,  
1321, 3077807.2788530653, 90.236921587459, 146.98040501026404, 84.56927396614105, 59.11269656682812, -0.737994759756, 0.636659135703, 0.22367136495, -0.0238330086301, -0.355844493366, 0.9342412345, 0.674385440436, 0.684134373838, 0.277784874068,  
1327, 1132176.5515813334, 64.65595272719297, 126.72477933697392, 56.47158501937936, 37.7688729651526, -0.845804658556, 0.428750777286, 0.317470078182, -0.162950370064, -0.77426240919, 0.611526694929, 0.507997693361, 0.465500260679, 0.724739850462,  
1342, 1188106.0845716076, 65.70355527479566, 139.83859456234447, 51.42631579953601, 39.44156580500033, -0.687365426867, 0.0695689571288, 0.722972288647, -0.209900791992, -0.97195584774, -0.106035312817, 0.695320377573, -0.224637464033, 0.682691425377,  
1356, 1025711.0067911388, 62.56221775439642, 116.03955920502811, 80.59128815581698, 26.18437660375212, -0.0122621773787, -0.347928550346, 0.937440858327, -0.820694299125, -0.532078541059, -0.208214537265, 0.571235946339, -0.771905531784, -0.279018536322,  
1373, 2776977.694411777, 87.19560473518455, 109.9458932120861, 99.25676522825758, 60.74977205617226, 0.188229187938, -0.0660769394466, 0.979899796347, 0.47616015157, -0.866488875289, -0.149895093508, 0.85897688145, 0.494803867279, -0.13163529185,  
1390, 2001113.4023953413, 78.17376527441034, 96.03857764819836, 89.60398871275808, 55.51495974557416, -0.46145763731, 0.457814344774, 0.759909780624, 0.657330985618, 0.751686726244, -0.0536939562272, -0.595795958626, 0.474734758899, -0.64780713517,  
1391, 1236136.9236346479, 66.57727106960576, 134.08713870889014, 94.63693894440677, 23.255739918614243, 0.802306562454, -0.237532344809, -0.547615344025, 0.223546970496, -0.731081553812, 0.644628973641, -0.553471708242, -0.639607807055, -0.533451892236,  
1394, 2279035.062242364, 81.6370806304973, 117.7147223887922, 83.56597539005249, 55.30980508572194, 0.331395763522, -0.0790206177806, -0.940176892869, 0.864475629563, 0.424627478746, 0.269023029098, -0.377966577638, 0.901913103497, -0.209031145836,  
1413, 857609.8417895467, 58.938676909500224, 117.63824407894388, 69.44161971397224, 25.0629836865619, 0.467486182961, 0.733517942187, -0.493364061552, 0.833934590559, -0.551092687389, -0.0291538775302, 0.293274218794, 0.397804321742, 0.869334201671,  
1419, 3013723.462269903, 89.60624189209796, 126.04501840215408, 85.7698235263318, 66.55100026879587, 0.167065067446, 0.490343843059, -0.855366692602, -0.247843818641, 0.8605877147, 0.444929462802, 0.954286489897, 0.137665176722, 0.265302835111,  
1421, 1927455.0265564409, 77.20259196218346, 115.21105070094387, 69.60386159190911, 57.38100785635502, -0.0434508294388, 0.200018647376, 0.978828159649, -0.909803726159, 0.396861381167, -0.121483430991, 0.412758046909, 0.895820062758, -0.1647337545,  
1422, 1491005.7864540666, 70.87018610234239, 107.75140968259721, 71.54369594125578, 46.17388181178815, -0.0285892919303, -0.891184005568, 0.452740235241, -0.257517050403, -0.431070716895, -0.864790729476, 0.965850724045, -0.141312084602, -0.217171069912,  
1425, 3391057.3133074977, 93.19991298801699, 110.04347253496258, 91.82636837396771, 80.11518231349149, 0.0471168457929, -0.802687051021, 0.594536374804, 0.79469988493, -0.330474286509, -0.509155024377, 0.605171129297, 0.496467767412, 0.622324401086,  
1428, 943726.915761214, 60.84887839319599, 91.38022558815057, 65.98111756390288, 37.36679412549585, -0.0266994092535, 0.894163576733, 0.446943664895, -0.829792803939, -0.269142980259, 0.488882356716, 0.55743254666, -0.357817766777, 0.749156460095,  
1460, 808084.8590722653, 57.78158535428715, 79.94186424601389, 62.30062118961949, 38.73483510338002, -0.869302749652, 0.00659999164585, 0.494235945231, 0.0274726798005, 0.999010318801, 0.0349804916042, -0.493515938256, 0.043986623405, -0.868623736522,  
1474, 2580328.675118853, 85.08679002201261, 100.72329242343305, 100.16369131841923, 61.0585075693595, 0.20796912167, -0.793245321637, 0.572285509281, 0.52836409692, -0.401269161098, -0.748207485553, 0.823152613746, 0.457979169889, 0.335670753016,  
1477, 2822865.9192001713, 87.67327176370281, 121.36554385922011, 92.94317288180885, 59.743235722553074, -0.894822454431, -0.0747850769499, -0.440113584557, 0.0478229812041, -0.996253593639, 0.0720537273908, -0.443853283771, 0.0434277495128, 0.895046531225,  
1482, 3279130.7089571543, 92.16302192474458, 124.42246169833743, 100.6700323069901, 62.498719793779365, -0.378079984734, 0.78348358983, 0.493162234575, -0.865715116323, -0.110468679438, -0.48819464175, -0.328013509652, -0.611514623971, 0.720039583742,  
1497, 1413373.0834315824, 69.61819124398284, 106.67730761543929, 85.560267131544, 36.967836007956834, 0.293055802255, 0.432953714942, 0.852449046854, -0.805445930271, 0.592188305253, -0.0238718355199, -0.515145756241, -0.679605835643, 0.522265026578,  
1502, 2276029.598813589, 81.60117871190626, 122.53841809810166, 92.1486766791896, 48.12025542346486, -0.499386891669, -0.585747761925, 0.638366894371, -0.103418519004, 0.771855730289, 0.627330328892, 0.860184481583, -0.247261584198, 0.446031800014,  
1503, 928407.6933015826, 60.51783372356141, 127.9602111398624, 53.36912308870226, 32.45526102490976, 0.240517232457, -0.856074786857, 0.457479420519, 0.590742461733, 0.503077379725, 0.63082207786, -0.770178424001, 0.11852893873, 0.626718506099,  
1504, 2016397.9422122154, 78.37229155059372, 115.99084480542, 94.92392269102449, 43.72081486774337, -0.270456510788, 0.949896378366, 0.156684862511, -0.667998762965, -0.0679577742405, -0.741052895276, -0.693275506887, -0.305087874698, 0.652909228196,  
1508, 3571847.587157518, 94.82760235842825, 118.04341191281712, 106.07196239043645, 68.10232710000956, 0.384781849914, 0.838907345558, 0.384938168471, 0.755905180406, -0.0470843973064, -0.652985771488, -0.529669978584, 0.542233828804, -0.652251629885,  
1515, 1586114.1718574513, 72.34612572149368, 135.02954860172352, 77.60731692250619, 36.13385948349125, 0.730032762381, -0.680087137482, -0.0673323939942, 0.24748070167, 0.171240003502, 0.953640479165, -0.637028624279, -0.712852261434, 0.293319254767,  
1516, 3316669.401695082, 92.51337502517218, 122.37927632486303, 106.76591645140765, 60.60006107317595, -0.278512786337, 0.91104491772, 0.304019383829, 0.959183797268, 0.279983988861, 0.0396914227639, 0.0489598907892, -0.302665035772, 0.951838644527,  
1519, 1452886.36986977, 70.26100324675268, 120.26140266130119, 92.5787492646497, 31.153401058686768, -0.526782386507, -0.399170095803, -0.750442237539, 0.100697486767, -0.905962658998, 0.411207583417, 0.844014415413, -0.141049264858, -0.517440597033,  
1524, 843551.9266177015, 58.614860732861544, 111.14128728063577, 58.68933724178238, 30.873693226008875, 0.347358949162, 0.831219118365, 0.434069738293, 0.655954437725, -0.546175567516, 0.520976031193, 0.670123522991, 0.103764284381, -0.734960840604,  
1527, 1442454.7304392194, 70.09244254642398, 128.49294369867306, 77.13816881234676, 34.74281304880897, -0.0125332413967, -0.791271924432, 0.611335962844, 0.754619747494, -0.408610365099, -0.51340686227, 0.6560426469, 0.454891537776, 0.602230632157,  
1529, 1035007.9097622477, 62.75066796889479, 122.57649135652348, 72.49545185438218, 27.80590998331699, -0.506702758188, -0.806970442178, -0.30339911057, -0.829334494768, 0.55238061194, -0.08414247049, -0.235492272976, -0.2089841262, 0.949141203597,  
1530, 1833174.4396993886, 75.92271462678008, 135.0976276579694, 66.64725457805832, 48.60547559665429, 0.548659957388, 0.353588913405, 0.757592985366, 0.663470771104, -0.735513088572, -0.137211633723, -0.508703044073, -0.577923331296, 0.638142488865,  
1536, 1214801.3882299615, 66.19200810761451, 87.59644184581921, 80.95487520505164, 40.89659936550641, 0.255229296164, -0.910443368513, 0.325500966373, 0.01857071503, 0.341204554627, 0.939805607796, 0.966702195571, 0.233821138121, -0.103992982673,  
1539, 2563202.661537492, 84.89812757853319, 127.55504252698283, 101.8590497702735, 47.097416387739706, 0.880292054042, 0.0320942938372, 0.473345387528, -0.329266319236, -0.67697580238, 0.658245739833, -0.341569305716, 0.735305187861, 0.585368849613,  
1542, 2714052.7680452084, 86.53196367457416, 119.12936778146553, 89.61527250934833, 60.69163134130599, -0.550402747301, -0.281242474654, -0.786103991984, 0.135111457299, -0.959148996269, 0.248552000722, -0.823894234638, 0.0305920480986, 0.565917323222,  
1545, 1899717.8199509855, 76.83047102957912, 111.76829937051701, 91.41655015956506, 44.387125009478254, -0.666639691256, -0.49948834291, 0.553265684223, -0.744457444603, 0.483091302318, -0.46087515316, 0.037076073378, 0.719120427273, 0.693895651998,  
1546, 1434175.6209445407, 69.95808436211657, 109.51182613555017, 64.84256496525529, 48.216148906317386, 0.405598007831, 0.892941096626, -0.195311172233, 0.831838220414, -0.449157653886, -0.326040759744, 0.378860701449, 0.0302258153129, 0.92495998237,  
1548, 2087759.1986558235, 79.28613827104434, 116.41281824330557, 97.73575363446591, 43.80639624647299, 0.279331330617, 0.890407105769, 0.359373334753, 0.934062111614, -0.165255747919, -0.316573071227, -0.222490402899, 0.424105793141, -0.87785664937,  
1556, 586950.8282741786, 51.940290006936536, 124.24493891870381, 44.70120255239239, 25.22988069787541, -0.423267868824, 0.877599420112, 0.22508569266, 0.353090917206, -0.0690087397824, 0.933040512529, 0.83436869273, 0.474401782936, -0.280663201969,  
1557, 1065958.5077273503, 63.37002769924944, 111.97616509441974, 68.95277099505128, 32.959026619294285, -0.391592384984, -0.152271253945, -0.907451855056, -0.221694274338, -0.941545702959, 0.253659886394, -0.893032503747, 0.300508160391, 0.334944462247,  
1560, 2626036.4127915893, 85.58625922884147, 126.80235233438884, 87.80798312771628, 56.30550036663624, 0.300182807221, -0.609958812197, 0.733376117468, 0.685780336484, 0.672398520876, 0.278541844639, -0.663020069334, 0.419321447755, 0.620140235038,  
1612, 3149523.1678540236, 90.93241654366919, 117.5596649167416, 87.68550215483405, 72.94072322107426, -0.718424784438, 0.614155977726, 0.326616386803, 0.651170455809, 0.428658260488, 0.626281991755, -0.244628016765, -0.662619446393, 0.707878946343,  
1614, 805150.8491237074, 57.71156905218489, 118.10449352110702, 77.97810166728817, 20.8713031495254, 0.100633070302, 0.623736650828, 0.775129392796, 0.598379817391, -0.660372302216, 0.45370697218, 0.794867648921, 0.418163858888, -0.439686715537,  
1615, 30929.298707980066, 19.47274400599662, 87.09875011252304, 36.3280729129494, 2.3336041058194503, 0.910629693781, 0.378213675384, 0.166457131291, -0.145956858007, -0.0824634108428, 0.985848051919, 0.386587837892, -0.922038069509, -0.0198907508495,  
1616, 2059480.2748787312, 78.92652993788023, 122.0832333877666, 76.29995966400428, 52.78234681846824, -0.496082976028, 0.00373480309936, 0.868267085718, 0.85554321461, -0.168517870737, 0.489538083479, -0.148146848868, -0.985691522987, -0.0804035613797,  
1617, 1213124.4846753022, 66.16153708373223, 132.4095600936813, 54.315147485857565, 40.269520010474494, -0.806824779636, -0.571203046573, 0.150867009488, -0.537059782753, 0.60272270206, -0.590162803107, -0.246171819499, 0.557182576906, 0.793061795371,  
1618, 978130.5515456384, 61.57948771002165, 99.3445644258005, 65.226240386115, 36.03642981451088, -0.403465422566, 0.912150898224, -0.0720860018535, -0.210147226564, -0.0156990720934, 0.977543698411, 0.890535679219, 0.409553754719, 0.198020014226,  
1619, 2303602.723913222, 81.9293780529112, 121.41793101402827, 98.41953955614892, 46.02086920857532, -0.977636309295, -0.091488931118, -0.189359505254, 0.181895712314, -0.8197781261, -0.543026494574, -0.105551866819, -0.565326100097, 0.818086305936,  
1620, 2852496.4192806296, 87.9789618234457, 97.508006075945, 92.98084717358734, 75.11085818329414, 0.894242979901, -0.396130292635, -0.208351347858, 0.195292502735, -0.0735252196968, 0.977985112588, 0.402728607468, 0.915245777551, -0.0116118646984,  
1621, 1240786.2002788968, 66.66063532194624, 87.73587470380326, 73.88262691270903, 45.69711753683559, 0.836264983459, -0.382320922171, 0.393054181902, -0.149708464269, 0.530391826451, 0.834429077969, 0.527492420008, 0.756647357032, -0.386311433858,  
1622, 3000650.5450232034, 89.47648956857152, 110.34213889850187, 102.53466890315579, 63.31617630215267, 0.976038740884, -0.0467295445069, 0.212519942507, 0.0343911566673, 0.997521182968, 0.0613900470281, 0.214861873388, 0.0526102575665, -0.975226402515,  
1623, 2122079.134031707, 79.71823143986536, 142.07018567601912, 88.27860170896683, 40.39378710233062, -0.670600818931, 0.734149301775, -0.106392407403, 0.741736007889, 0.665731815331, -0.0814177170908, -0.0110560503637, 0.133513867294, 0.990985272842,  
1624, 2622145.8236991405, 85.54397172888032, 128.10489982299728, 71.71097316478088, 68.14231338378053, -0.31225565892, 0.112364683045, -0.943329519032, 0.872525804341, 0.426681827481, -0.237994409296, -0.37575939673, 0.897394448446, 0.231274900643,  
1625, 2792751.2384411376, 87.36038673165578, 136.13783960403492, 97.83887322337762, 50.055677847117494, 0.542380673871, -0.236711464088, -0.806096078256, -0.243111289385, -0.962657757262, 0.119108955823, -0.804189098151, 0.131368661229, -0.579674192338,  
1626, 1213903.770131486, 66.17570097433605, 119.22417655365012, 110.15812519337126, 22.065551341144214, 0.947267674705, -0.257851470709, -0.190253965828, 0.236043280359, 0.159935190452, 0.958490638792, 0.216719916614, 0.95285536883, -0.212365542954,  
1627, 2250978.691932004, 81.3006950051338, 110.87758500355324, 85.84607782483218, 56.457099036224335, 0.747743026937, -0.660827317439, 0.0647118396747, 0.398834124557, 0.524923360669, 0.751922074761, -0.530859403944, -0.536435198277, 0.656068267251,  
1628, 2322020.064065946, 82.14714096432282, 120.12893293264399, 71.34191642905463, 64.68222755752963, -0.101285273127, -0.251421711709, 0.962563460936, 0.321494453351, 0.907354560876, 0.27083023709, -0.941478948204, 0.336889928224, -0.0110709687552,  
1629, 1099718.646283423, 64.03208741315626, 97.09000991521486, 66.88315129745656, 40.42981059147328, 0.360503962796, 0.804479942763, -0.472068760353, 0.704736604874, -0.566463899299, -0.427159184078, 0.611050906684, 0.178691556833, 0.77115894403,  
1630, 3564960.2052711328, 94.76661299348658, 130.80430076683604, 110.33103453075532, 58.972068730521464, 0.302691478262, -0.7336553554, 0.608381203261, 0.136330679375, 0.665090695515, 0.73421271618, 0.943287768843, 0.13929890966, -0.301337018832,  
1631, 2377353.5210090447, 82.79454417083524, 128.34552876194385, 81.73160705611751, 54.10462315592238, -0.138120549576, 0.121893200114, -0.982885935168, -0.199078372206, -0.975559898309, -0.0930090669316, -0.970201275769, 0.182824868598, 0.15901116916,  
1632, 2345887.8113339283, 82.42764205542554, 151.56175518676056, 86.65039309344992, 42.64405218782103, -0.957845351074, -0.175107118852, 0.227749380578, -0.262278581111, 0.209522639439, -0.941971448322, -0.117227255008, 0.961996757006, 0.246617132806,  
1633, 1491530.0114981662, 70.87849091544717, 117.45968166015668, 102.9911471916327, 29.434365058831283, 0.493709674048, 0.806380384723, -0.325578612451, 0.22188708327, 0.245187571588, 0.943742113618, -0.840842958007, 0.538176299991, 0.0578739155227,  
1634, 1470279.3519818408, 70.54026436883508, 144.04895707731407, 71.79358932175222, 33.940283386600406, -0.541514016999, -0.839527035489, 0.0442371571896, -0.840680304797, 0.541030688113, -0.0232899043983, 0.00438115519808, 0.0498011164757, 0.99874954532,  
1635, 2557589.237082818, 84.83610653057517, 115.53562253610431, 103.8373537731383, 50.89471253217455, -0.591369544085, 0.527815112074, -0.609666523433, 0.22059134219, 0.833080596578, 0.507263422056, -0.775642651019, -0.16549298194, 0.609089936585,  
1636, 2226569.3552760524, 81.00575473739038, 116.01176945132771, 87.25408915048152, 52.5121473580744, 0.551605529377, 0.817882014483, -0.163708125476, 0.502469919719, -0.169168418131, 0.847883262062, 0.665774225799, -0.549955504285, -0.504275344994,  
1637, 2109239.2161876955, 79.55712420003742, 132.04317867110217, 67.19210219285969, 56.75485634790263, -0.329662067289, -0.737607021767, 0.589286689847, -0.910155484036, 0.41416370696, 0.00924222468821, 0.250878289756, 0.533295701537, 0.807871139756,  
1638, 1520373.711267253, 71.3324675401601, 108.97115721507171, 67.26798183585423, 49.51556981513401, -0.63127453472, 0.0217379944994, -0.775254746138, -0.242742417688, -0.954921253335, 0.17088451827, -0.736592547118, 0.296062256163, 0.608094203234,  
1639, 388424.7815664308, 45.2625940559718, 135.1874001717753, 43.654919224021455, 15.712631155612328, -0.266465817582, -0.936858872229, -0.226476094956, -0.243054055601, -0.162064196784, 0.956378545439, -0.932695391924, 0.309888124405, -0.184522779724,  
1640, 112907.1040780212, 29.983170407374836, 137.69631892815104, 29.604656265311803, 6.612265843986674, -0.730460531716, -0.255122844177, -0.633513808835, 0.367892178993, -0.928508608879, -0.0502703478555, -0.575397911224, -0.269785280578, 0.7720965912,  
1641, 276027.71716990334, 40.39131831285901, 142.83767349489852, 69.43699386051, 6.644011964488623, 0.183149076904, -0.501766538958, 0.84539148092, -0.55568902699, 0.656539832764, 0.510063871763, -0.810966165085, -0.563192496733, -0.158581495488,  
1642, 3414485.3187026586, 93.4140525788435, 99.56564745015258, 94.33455683940315, 86.78732541875102, -0.204252666674, -0.974131333931, -0.0966901877683, -0.977595274533, 0.197845868409, 0.0718643970589, 0.0508756068035, -0.109202365394, 0.992716735038,  
1643, 260859.7856380534, 39.63749265752946, 70.36727163553407, 39.73780621063021, 22.271215686389606, 0.316578126135, 0.88167693878, -0.349891505579, -0.538871657409, 0.470725128243, 0.698595154923, 0.780637961474, -0.0326133295484, 0.624131992323,  
1644, 2475179.6158423666, 83.91495579995643, 126.50683329969162, 88.71119810489174, 52.653310385320786, -0.163500709334, -0.105450833084, 0.980891247718, -0.977154480257, -0.11953504014, -0.175728472058, -0.135781588444, 0.987214007184, 0.0834976901417,  
1645, 324715.8747628613, 42.63879969486538, 121.03842053715785, 37.59872720499645, 17.03407364224558, -0.866452004225, 0.249622708171, 0.432376488653, -0.121004157559, -0.945209442012, 0.303211320014, 0.484374770429, 0.210398703172, 0.849184000954,  
1646, 2899189.7997595705, 88.4564174693211, 114.5607253253163, 96.96528908177854, 62.30687754561953, -0.352238755639, -0.75786388349, 0.549154070482, -0.106041637009, 0.615298313902, 0.781129410616, 0.929883342278, -0.216910854985, 0.297097039271,  
1647, 1556812.2738547872, 71.89784595448947, 141.45416027321951, 66.5316256801658, 39.491513409360564, -0.159449602587, -0.104585091443, 0.981650540102, -0.965400063076, -0.191324563243, -0.177193763188, -0.206345686768, 0.975938968454, 0.0704598283014,  
1648, 836753.4192318689, 58.45696927908407, 139.97778236581362, 63.80368332540324, 22.366808876464344, 0.202822587645, -0.954340199599, -0.219312063895, -0.882701193273, -0.0812296593661, -0.462861043764, -0.423912256647, -0.287465695116, 0.858872442681,  
1649, 336063.00436107314, 43.12979217235521, 113.25829290043954, 69.47482758523309, 10.196112232173808, 0.418710996685, -0.73312248973, -0.535922117762, -0.229814634542, -0.656477647946, 0.718486138695, -0.878559238188, -0.177675301601, -0.443356687325,  
1650, 1974068.9672234145, 77.82000195063607, 122.39644325055681, 83.97786285566708, 45.850079835947376, -0.914271411914, 0.328241746274, -0.237413439722, 0.396530139691, 0.605206164078, -0.690282078051, 0.0828953175666, 0.725246754536, 0.683480439633,  
1651, 1052739.9342793592, 63.10699434275248, 105.48710898624039, 56.245309531504674, 42.35910614300839, 0.741357566066, -0.193407530998, -0.642637134151, -0.566203115159, -0.694322132456, -0.44421932507, 0.360281822497, -0.693188504907, 0.62424891273,  
1652, 3520317.3776201294, 94.36937310863539, 114.9071889493221, 94.81039420846359, 77.14185136825225, 0.513391560099, 0.70269333928, 0.492596363112, 0.806370398435, -0.591402025042, 0.00322882400768, -0.293591359797, -0.395557474595, 0.870251916254,  
1653, 1216229.1827365316, 66.21793047492982, 121.92111438420405, 60.31471329735217, 39.484316021995404, 0.0357938871547, -0.96640243476, 0.254529235516, 0.799546131618, -0.125102671635, -0.587431106569, 0.599537139014, 0.22453430838, 0.768205417387,  
1655, 1173043.5778917063, 65.42471592959669, 83.5305264888937, 72.29192001377244, 46.37570862653516, -0.455947534638, -0.860723501461, 0.226421950546, -0.868228397748, 0.374221231794, -0.32578815052, -0.195681616411, 0.345128271382, 0.917929834623,  
1656, 2566156.8754903777, 84.93073144331159, 103.73290670046987, 89.32802494239678, 66.11352509300893, -0.182190827835, 0.554135033938, -0.812244339109, 0.981148634468, 0.15660281948, -0.113238306291, -0.0644504409111, 0.817563404938, 0.572220429182,  
1657, 246535.55259127382, 38.89827263807575, 114.75042401261193, 32.77855241055325, 15.647569129314498, -0.964868899771, 0.241015181486, 0.104592966054, -0.0432973287349, -0.538518986507, 0.841500233212, 0.259139629504, 0.807408808142, 0.530035535559,  
