# Void_ID, Void_Volume, r = (a*b*c)**(1/3.0), a, b, c, vector_a, vector_b, vector_c 

9, 2109210.63627623, 79.55676486892278, 113.35206370217298, 91.11190927875718, 48.755853626157084, 0.548297499401, 0.724545463134, -0.417616719016, 0.376326684936, 0.232187265139, 0.896921011077, -0.746825333231, 0.648939862975, 0.145358095358,  
15, 1281721.248924857, 67.38579012340429, 119.21049082120709, 64.96020903057521, 39.51328029085299, 0.730362089632, -0.633628558214, 0.255119713554, 0.41191314749, 0.706505549234, 0.575480206286, -0.544884186735, -0.315221761808, 0.777004803028,  
25, 1909220.368306518, 76.95836218515169, 135.21245339603, 67.93631967092587, 49.61908376174538, -0.604643116657, -0.7172741781, 0.346301104401, 0.128431653888, 0.341292218984, 0.931141735473, -0.786073795364, 0.607484464568, -0.114239281993,  
32, 999618.105841258, 62.02715114349988, 125.1546349029201, 69.37949521626633, 27.483208404703735, -0.451232739047, 0.892128883335, -0.0222501849638, 0.879770254235, 0.440524329204, -0.178724970675, 0.149643960706, 0.100221608936, 0.983647454186,  
42, 2235916.135420046, 81.11894620946428, 133.00800707101106, 102.88639794028232, 39.00597622184621, 0.0851673691613, 0.287746468576, 0.953912201962, -0.980203807663, -0.147548438374, 0.132022550259, 0.178737278355, -0.946272385815, 0.269483871819,  
49, 944140.0863830838, 60.85775712722761, 99.55637774091214, 58.73202620684761, 38.548169262550196, -0.731245142717, -0.334966026428, 0.594203923239, -0.16163505152, 0.931400950641, 0.326138589045, -0.662687446216, 0.142443077346, -0.735224672018,  
61, 1291373.7901419327, 67.55452626633492, 113.90697178756768, 70.80819765207322, 38.22341731945395, 0.472867556172, -0.51422648525, 0.715518969831, -0.802742084356, -0.586244357787, 0.109191112127, -0.363319997143, 0.626010123585, 0.690007177387,  
66, 1450712.7173044798, 70.22594676904696, 101.09978565348278, 74.63204234790949, 45.90048215824022, 0.538975761985, -0.841482556927, -0.0375797070295, 0.587341005784, 0.343468210957, 0.732843865354, -0.603767894905, -0.417057183669, 0.679358252053,  
82, 926637.3085433157, 60.47934200443902, 146.90199941406811, 70.54258305330087, 21.347258427729802, -0.299687416789, -0.769849128816, -0.563488927202, -0.952341442061, 0.206196834106, 0.224785772099, 0.0568614979776, -0.603999324888, 0.794953826069,  
87, 1221309.0931569652, 66.30999478718542, 134.28127819597063, 94.53711918151662, 22.96778694030293, -0.512853108219, 0.678763883515, -0.525605631462, 0.84635194045, 0.2972306088, -0.441975517522, 0.143770936863, 0.671515864018, 0.726908771502,  
91, 1078535.3248191322, 63.618279752620246, 110.76594404353752, 52.94040665224853, 43.908867754359015, 0.192422009715, -0.867045827118, -0.459570782202, -0.734066686801, 0.183621178146, -0.653780821273, -0.651244861404, -0.463157420985, 0.601136701492,  
106, 260239.54854725598, 39.60605283820294, 86.57114202309654, 39.187428526902686, 18.313222620947126, -0.0331556614908, 0.892682666883, -0.449464524026, 0.410802386583, 0.422139494919, 0.808108684527, 0.911121342791, -0.157847721162, -0.380712484212,  
122, 1987080.9199063436, 77.99060954726026, 100.2387328042877, 82.74598487056329, 57.19320664002144, -0.674245769994, -0.652252529461, 0.346351381487, -0.0488334334506, 0.507339104502, 0.860361743002, 0.73689072285, -0.563181738745, 0.373922975653,  
123, 542295.5376130965, 50.58818993821903, 87.33406935785824, 61.41765869082778, 24.136287378318702, 0.132185838219, -0.159453054965, 0.978315709491, -0.761740277103, -0.647877000064, -0.00267264426293, 0.634254408273, -0.744869193919, -0.20710197859,  
125, 3116498.965492968, 90.61347641848808, 139.10350810794088, 122.38670398374022, 43.702477319867, 0.820309073558, -0.0320304187473, -0.571022833268, 0.00631553450351, -0.997862294027, 0.0650458006642, 0.571885598579, 0.0569639748875, 0.818353204736,  
127, 2492735.645238098, 84.11288675647971, 138.73146030330759, 74.13647960305539, 57.860302172387684, -0.58171808276, -0.298157248698, 0.756773630116, -0.0564775000966, 0.942954419289, 0.328096411327, -0.811427362229, 0.148118932589, -0.565372812961,  
132, 454613.9580617645, 47.69996409775862, 112.78642509700877, 82.36419301150517, 11.683121075850599, -0.895600511004, 0.060367208741, -0.440744285043, -0.0502973598598, 0.970656195432, 0.235152558695, 0.442006674475, 0.232771025642, -0.866283873416,  
156, 728890.7092736502, 55.828753977484496, 116.983298325225, 97.04353757219644, 15.327923475525068, -0.00175515400849, 0.868117615849, 0.496355441681, -0.371749306283, -0.461350239639, 0.805579548936, 0.928331499365, -0.18310587494, 0.323531862186,  
166, 344347.82867619285, 43.48133935420667, 112.56014666176128, 61.9614352696974, 11.786981993346098, -0.724645493987, -0.667328580545, -0.171934503902, 0.173960011615, -0.418560033893, 0.891372768479, -0.666803436107, 0.616019531845, 0.419396130146,  
189, 2015753.9743835344, 78.363947528311, 107.22362444068091, 91.9336529057801, 48.81844200897868, -0.480986394979, 0.717836610145, -0.503351456719, 0.866930882689, 0.303825401488, -0.395121462401, 0.130701692738, 0.626418970455, 0.768450610625,  
192, 535140.5772302572, 50.364720073038114, 86.01418166232189, 53.29628936672498, 27.86841302073907, 0.71415739848, -0.0353740730348, -0.69909075602, 0.327983566693, -0.865393620063, 0.378841209919, -0.618389836733, -0.499842532515, -0.606425141723,  
210, 1675112.4928811055, 73.6747135703972, 130.9684544080685, 66.01943322101296, 46.25054709767009, 0.254758823087, -0.967002550982, -0.00200211239849, 0.656205343825, 0.171357161566, 0.734868199009, -0.710276346779, -0.188527954358, 0.678206990255,  
222, 821717.7592300776, 58.104712228934446, 127.54931114048938, 78.64778140477726, 19.55552457866857, -0.990463571331, 0.135253399243, 0.0262379850391, 0.0425265158417, 0.118986164012, 0.991984772173, 0.131047355243, 0.98364059024, -0.123603316772,  
226, 3765714.958775556, 96.51310282125114, 113.0400236294022, 105.83133791807269, 75.14711431010723, -0.679933901343, -0.141737365024, -0.719444514303, -0.549419152309, 0.748250165338, 0.371833679415, -0.485621750831, -0.648098919477, 0.586633877041,  
241, 2714461.1248977957, 86.53630332837926, 142.92910311445675, 120.07573703605401, 37.758878575070206, -0.765240833064, -0.0850672721773, -0.638098759296, -0.631728449639, -0.0913860062685, 0.769784231961, 0.123796741995, -0.992175466872, -0.0161928875998,  
252, 1399209.1596129877, 69.38485367219565, 140.69449120964242, 68.226492511274, 34.79876986347443, 0.310276763656, -0.918824291491, -0.24390623465, -0.575105006093, -0.38571647204, 0.721440943643, -0.756956116233, -0.0835746645981, -0.64809930839,  
254, 1107822.45771074, 64.18898650042337, 117.07408831091062, 62.20912602898668, 36.31337972784839, 0.274008135536, -0.412866827241, 0.868596871181, -0.837374691001, -0.546612105292, 0.00433972572079, -0.472993835616, 0.728530156763, 0.495500395717,  
256, 846670.5187333979, 58.68700449951405, 115.28208430194368, 84.65022032406645, 20.712661884060488, 0.833427119876, -0.550064612588, -0.0531804271725, -0.127628507745, -0.285214933784, 0.949928105468, 0.537689687335, 0.784908506468, 0.307909786477,  
260, 1038904.3284263024, 62.82931364588184, 103.01964589193909, 62.914545032304325, 38.26624372583955, 0.674687549335, 0.439897466837, 0.592694634228, 0.335213609684, -0.898024892415, 0.284926531734, 0.657592994682, 0.00644292434394, -0.753345831655,  
261, 1221997.9582506092, 66.32245956931882, 100.86539716866437, 77.25680950948612, 37.437160298218835, -0.498250453371, 0.474921917775, 0.725393450296, 0.846080677801, 0.0835085005549, 0.526472997396, -0.189457046234, -0.876056791739, 0.443430406356,  
274, 3648739.1394994603, 95.50323189838498, 113.0910047705835, 92.14011528917112, 83.5944398625167, 0.764862827528, 0.574250513764, 0.291926707426, 0.199966544461, -0.642426645425, 0.739798206502, 0.612370995527, -0.507468573106, -0.606199151391,  
284, 1356254.01875642, 68.6674325500817, 114.57254517864504, 71.22654121993803, 39.67619467507855, -0.836929012726, -0.526051223406, 0.151062695629, -0.519930455911, 0.67796769179, -0.519646158366, -0.170944870275, 0.513449042498, 0.840920883368,  
296, 251278.21551877292, 39.14612182358856, 153.02087462015697, 81.52733751602443, 4.808529562708779, 0.31100941128, -0.323343264847, -0.893712637917, 0.335598790227, -0.842408998983, 0.421569128887, -0.88918310718, -0.431040846685, -0.15348351832,  
331, 148648.2557583778, 32.861728463345614, 98.87485728160144, 65.31939615125324, 5.494689772398486, -0.186200224827, 0.489525633883, 0.851876827978, 0.982479699268, 0.099780066382, 0.157408954256, 0.00794460833368, -0.866261272437, 0.499528068355,  
340, 1393646.6206837038, 69.29278534583895, 102.23207243415182, 74.93626466442464, 43.42950214237057, 0.12020525357, 0.692303885234, 0.71152373643, -0.911807479194, -0.206469138501, 0.354933255321, 0.392629364542, -0.691437506457, 0.606429185284,  
349, 1624257.8262470986, 72.92147638667592, 124.2108158973773, 98.48241717903524, 31.699195820749512, -0.419210860127, 0.675840050753, -0.606219828569, 0.882227999144, 0.145612855167, -0.447739493384, 0.214326881836, 0.722521364534, 0.657287505978,  
357, 77626.50062481315, 26.463084678508274, 99.8078659879862, 35.60685639002725, 5.2146239690331795, -0.0408798831361, 0.00985156062494, 0.999115499784, -0.74312657235, -0.668727064571, -0.0238119839198, 0.667900990134, -0.743442707856, 0.0346584407291,  
362, 944406.7349201237, 60.8634858337632, 151.5096047083898, 59.10323518637957, 25.177873500889106, 0.572822043076, -0.597087810511, 0.561570167927, -0.735209151021, -0.0713528984052, 0.674074378792, 0.362411935815, 0.798996189246, 0.479856935294,  
388, 1425475.567778807, 69.81633651158553, 134.11224397495457, 90.27953330358307, 28.106931430613756, 0.707074456076, 0.611497788546, 0.355128382656, -0.353473893584, -0.129322771333, 0.926461994563, 0.612455647471, -0.780606223021, 0.124707676036,  
390, 2429792.010754863, 83.39886946440288, 147.74928998116994, 77.46128697245928, 50.68394134754106, -0.592615416867, -0.803074003894, -0.0622825172994, -0.746086018988, 0.518127753439, 0.418209616566, 0.303582970476, -0.294305581643, 0.906212781112,  
391, 1957172.2768503313, 77.59733665148804, 134.77246678211154, 85.29016287846774, 40.648106974138145, 0.749419680091, -0.641348917191, -0.164443636274, 0.428802537291, 0.280906820677, 0.858615013909, -0.504478470408, -0.71397683752, 0.485529142667,  
425, 2404053.199053351, 83.10334179233615, 105.62446451597978, 92.64690855606887, 58.64891903888678, -0.243164786675, -0.90971296953, -0.336590551843, -0.168298214912, -0.302173881225, 0.938278560111, 0.955273048599, -0.284803894942, 0.0796250214874,  
431, 230245.2535088116, 38.02191840974808, 93.9452925436407, 53.210735249928284, 10.995824348636576, 0.174117153126, -0.460908486694, 0.870199163342, 0.850005679858, -0.375811709305, -0.369128572937, 0.497165526959, 0.803945847705, 0.326339566649,  
439, 1862201.4450832973, 76.32134524658504, 143.38353491991336, 100.03441862651631, 30.994833979734064, -0.819855959572, 0.392266419381, 0.417089033398, 0.55746794837, 0.713068017475, 0.425162897012, 0.130635722891, -0.58108610264, 0.803289019733,  
446, 1294234.044675741, 67.60436483375922, 106.53244570455607, 80.11903686251063, 36.19983517847148, -0.12712729786, 0.113799367928, -0.985336670381, -0.0480478964308, -0.992937012757, -0.108478054675, 0.990721984104, -0.03355283232, -0.131697219621,  
461, 1773210.2194025412, 75.0856950748939, 114.53142966730051, 71.7568384686925, 51.50906166156208, -0.785169320719, 0.589599565381, -0.189424101697, 0.586456437134, 0.80617619951, 0.0784141740272, -0.198942165328, 0.0495205800328, 0.978759279398,  
476, 1843854.9254653817, 76.06987678823272, 121.72821501057425, 98.94472102176206, 36.547212335891885, -0.776667071442, 0.532872372937, -0.335909651989, 0.219596718715, 0.728858372346, 0.648492678594, -0.590394394678, -0.429898252174, 0.683097322137,  
480, 2355847.3949445733, 82.54412758296552, 104.92788994008338, 86.07126511150001, 62.274381009607474, 0.805791803717, 0.377885190163, 0.455963103899, 0.497883749061, -0.849174010387, -0.176111534275, -0.320642076907, -0.368925850462, 0.872400352693,  
489, 1599210.432808574, 72.54469653789097, 102.8219552403666, 86.06585612344819, 43.14199794498797, -0.997687654057, -0.0403862508326, -0.0546653060599, 0.0595864005784, -0.906634495483, -0.417688104291, -0.0326925956304, -0.419979573722, 0.906944514205,  
509, 2052782.6057227706, 78.84087760480384, 113.48357294771404, 96.75502343910657, 44.63215190087699, 0.411575161174, -0.858216478533, 0.306708921746, -0.739037646705, -0.117347578634, 0.663364833663, -0.533319082217, -0.499693928083, -0.682551635249,  
540, 1093618.8422721399, 63.91347902571528, 119.86523527683676, 57.09233492993509, 38.15103529855099, -0.51565697232, 0.536776636148, -0.667808902145, 0.842328541541, 0.46022549519, -0.280490858464, -0.156781743206, 0.707151565411, 0.689460766494,  
554, 2541024.9351110975, 84.65256186731894, 111.43804037102082, 85.77190261497365, 63.46609935047386, 0.684471215615, -0.00223759019784, -0.72903645189, 0.603932352047, 0.561883335367, 0.565290042003, -0.408368545735, 0.827213461343, -0.385944322704,  
561, 439936.438661727, 47.1809964148918, 114.89813324221474, 91.55911221777316, 9.983590975560142, -0.190439862517, -0.839459910486, 0.508959445783, -0.657730626121, -0.2757728084, -0.700956333597, 0.728781916781, -0.468248242745, -0.49962035681,  
572, 1909416.560236949, 76.9609981812789, 115.20164802561371, 86.55455825104072, 45.715496345204414, -0.154190199191, 0.399581251831, 0.903637209094, 0.883781781407, -0.35313870013, 0.306957360757, 0.441763675879, 0.845947918997, -0.298692104044,  
576, 1124189.6481052015, 64.50355601675538, 138.10873613284062, 52.72650826652509, 36.85537290832245, 0.464042367771, 0.760588147645, 0.454059853516, -0.556540677873, -0.148454294908, 0.817449567983, 0.689149588106, -0.632034011731, 0.354409160758,  
577, 371674.64689635165, 44.602387800268666, 110.75571843031811, 48.30988288500102, 16.583346875477186, -0.359856260457, -0.880159981782, -0.309551091548, -0.88655471498, 0.425955070792, -0.180507659155, -0.290730475108, -0.209477168532, 0.933592580684,  
590, 4360999.801314565, 101.35203797541433, 135.2244067662711, 112.93457486091934, 68.17347807773307, -0.970870453567, -0.00519233270466, -0.239548746754, -0.204873912022, -0.500436747208, 0.841183536582, -0.124246700411, 0.865757530562, 0.48479547823,  
604, 1088494.7869396626, 63.813502382165616, 118.08094341067662, 74.34539858582761, 29.600826383015445, 0.279817087285, 0.0589887502276, -0.958239388154, -0.713432709926, 0.680672624368, -0.166428804129, -0.64242989195, -0.73020894666, -0.232548335076,  
621, 261017.97708540235, 39.64550340457567, 136.4226248350215, 49.21259321364123, 9.281521147314889, -0.225837290731, -0.493580027145, 0.839866819751, 0.0741002259989, 0.850938640013, 0.520012103166, -0.971342717388, 0.179672445679, -0.155599285479,  
647, 2140965.846806346, 79.95403329464779, 140.3201313889875, 96.46500782755523, 37.7599441722257, 0.355765958742, 0.655449567804, -0.666195501835, 0.26023602389, 0.615162446811, 0.744212587843, 0.897612274019, -0.438133573353, 0.0482822682863,  
651, 1165777.5299467356, 65.28935180730274, 125.98915968855643, 88.81131756389372, 24.87285158293555, -0.12885835474, -0.779081590494, 0.613536795773, -0.0058416973572, 0.619280470936, 0.785148121624, 0.991645803191, -0.0975887989013, 0.0843506214757,  
662, 3024943.529192801, 89.71730526976955, 115.73456748921818, 86.57149799747684, 72.07599338748535, 0.24783036858, 0.751788256908, -0.611060164947, 0.764739090043, -0.539032126683, -0.353013442469, 0.594772420822, 0.379814142942, 0.708510398124,  
669, 1691520.573381669, 73.9144855182027, 114.26618925959006, 65.01428378590064, 54.35783466705966, -0.568518925005, 0.505685783799, 0.648897619024, 0.229386850588, -0.66004613426, 0.71534661069, 0.790042976482, 0.555536667298, 0.25925104937,  
678, 1601834.96000153, 72.58436016700122, 119.77375267997466, 65.86098392762537, 48.477396434158436, 0.807367023871, 0.18957452188, -0.558766489171, 0.399614006148, 0.521063783663, 0.754189087328, -0.434128016669, 0.832198314111, -0.344933082111,  
690, 2708172.3819431574, 86.46942383277421, 123.13767801613757, 89.12918043235662, 58.90834512052041, 0.937654983258, -0.108855083842, -0.330081358294, 0.210289455597, -0.578467334149, 0.788133166532, -0.276733585307, -0.808409620207, -0.519511702197,  
691, 1006474.8683576182, 62.16865074459541, 103.38376744435293, 80.00351163451339, 29.050453819239213, -0.716984463746, -0.506497574872, 0.478950399724, 0.0759837054973, 0.626193448271, 0.775956340164, 0.692935606854, -0.592741066563, 0.410485411146,  
705, 1272334.6088641183, 67.22088776650465, 103.18598346053923, 70.82277835709021, 41.5641653200628, 0.293000064192, 0.530248885198, -0.795604853008, 0.345479960869, 0.717186678771, 0.605216378191, 0.891512511983, -0.452193971144, 0.0269453788082,  
706, 571827.3532210154, 51.49030197761067, 126.9493688710954, 60.8023741854195, 17.68582130757245, -0.990338271717, 0.128066668149, 0.0531886837731, 0.100047897398, 0.394258836099, 0.913537294468, 0.0960235689742, 0.91003236133, -0.403262415226,  
711, 2304737.1945391805, 81.94282528175587, 113.22935578497062, 95.72107392876269, 50.76521179929264, 0.0300633640706, 0.832303208683, 0.553504799399, -0.777220686217, -0.328732651215, 0.536528516429, 0.62850950594, -0.446325232137, 0.637000461618,  
712, 1105203.9368230873, 64.13837285340614, 90.74920187853913, 64.68858862749211, 44.94520068293176, -0.207537462912, 0.199627486019, 0.957641409043, 0.965139274874, -0.117814785595, 0.233721749931, -0.15948160265, -0.972763354121, 0.168217345405,  
716, 2494385.1546315486, 84.13143590943886, 98.13967347470125, 88.25964909992578, 68.74927120874294, -0.983404239649, 0.0719739327875, 0.16654084916, 0.142327572261, -0.263214153195, 0.954180890467, 0.112512059862, 0.962048887821, 0.248602039068,  
730, 2153696.4099581954, 80.11219385122277, 113.0840206942364, 78.63594380925412, 57.81939322626139, -0.694710854205, 0.0262801064734, -0.718808865453, 0.0106557536298, 0.999598682893, 0.0262474393647, 0.71921018066, 0.0105749308445, -0.694712089194,  
732, 3486160.14736409, 94.06316223451503, 134.07125898602365, 102.83906736715903, 60.362178811571866, 0.576647661502, 0.58795356002, -0.56726368273, 0.754098550581, -0.650190753233, 0.0926680118594, 0.314345113683, 0.481209513279, 0.818305904802,  
736, 331088.21898351726, 42.91591463776463, 117.13632745797727, 62.098523728962455, 10.866313710439103, -0.985965900922, 0.158445183604, -0.0525962547384, 0.0697042781011, 0.676973921943, 0.732698862169, 0.151698898592, 0.718749909775, -0.678517509991,  
737, 2500645.6253941827, 84.20176217313899, 117.486786932422, 96.81810254122547, 52.48291490277118, -0.948546320532, 0.0651906636034, -0.309854893756, -0.235470357617, -0.799467317888, 0.552635248887, 0.21169220224, -0.59716177457, -0.77368225164,  
740, 1928212.9984855116, 77.21271061221162, 141.49064783116634, 64.08198097070327, 50.76948210004993, 0.491916850733, -0.442845867187, 0.749603461758, -0.625651565657, -0.778539144413, -0.0493651598482, -0.605456794788, 0.444707025503, 0.660043734243,  
741, 1156515.8576698261, 65.1159919646083, 158.9045052214962, 63.37587273536655, 27.415919697973273, -0.938909532834, -0.00183407896686, -0.344159156942, -0.343825053283, -0.0393738081421, 0.938207885262, 0.0152716039647, -0.999222867726, -0.0363378415101,  
746, 2738932.5504362523, 86.795573284683, 111.3472358766663, 107.54381956010286, 54.604424050884184, -0.95160050873, 0.279164881738, 0.128543535776, 0.301675604682, 0.768531765233, 0.564225801757, -0.058722238762, -0.575696008873, 0.815552453275,  
747, 1934798.068563262, 77.3005075170695, 99.97033539025925, 93.236892347158, 49.555070349533814, -0.962612313761, -0.00621591817988, 0.270811550266, 0.00772978295015, 0.998699252304, 0.0503989474442, 0.270772568499, -0.0506079619143, 0.961312150313,  
748, 2725749.3341034674, 86.65609247412421, 115.65618100541042, 111.72348633402339, 50.3597978638195, 0.0881012926141, 0.756459751172, -0.648079321608, -0.00013155172681, 0.650618032021, 0.759405135026, -0.996111512299, 0.0668193180597, -0.0574198032056,  
749, 3508960.7875353135, 94.26778484290305, 104.60246599781249, 99.0377640651363, 80.86249842684315, -0.192310481505, 0.854172816018, 0.48312056371, 0.392448629564, -0.384286291561, 0.835648322724, 0.899444690827, 0.350303934454, -0.261316669291,  
750, 2171233.023562779, 80.32904592383153, 107.67428560858332, 88.30805920831352, 54.513678348019646, 0.0696302379727, -0.220416930089, 0.97291726621, -0.980564354805, -0.194450690914, 0.0261242203323, 0.183426214171, -0.955827027099, -0.229672632724,  
751, 2984822.121291639, 89.31888270189069, 108.76540112039616, 88.52414368454092, 74.00777458407943, 0.635108618924, -0.629526154333, -0.447586710234, -0.485037655816, -0.776001307957, 0.403187850125, -0.601145169329, -0.0389716699537, -0.798189009153,  
752, 1364868.621748, 68.81251221228251, 89.71622419880033, 71.01936556388632, 51.1392629367013, 0.240193660241, 0.506233382299, 0.828272158307, 0.901368528993, -0.433040434882, 0.00327974059121, 0.360335649806, 0.745790684042, -0.560316406217,  
753, 2831377.1422924967, 87.76129791485253, 98.06556801204535, 90.74206893419213, 75.95981304538347, -0.956018605457, -0.249796105149, 0.15372160509, 0.0339737984022, 0.426262775852, 0.903961186636, 0.291331781722, -0.869426219857, 0.399028622011,  
754, 2898299.375326262, 88.44736070682866, 99.29683965500672, 89.2456877498958, 78.0785908998946, -0.325392485696, 0.786989002135, 0.524183212982, -0.283700226325, -0.610065936586, 0.739820069071, -0.902016580688, -0.0920209950843, -0.421779829565,  
755, 2852287.7037361306, 87.97681598086896, 108.1381419250906, 99.01637098102525, 63.594390923164234, -0.750298715829, -0.244009058754, -0.614419576732, 0.657482450509, -0.372497553051, -0.654952212183, 0.0690555160552, 0.895379892681, -0.4399161096,  
756, 2883720.11345405, 88.29880629529367, 99.21255107081745, 97.10213821434138, 71.46099964399039, -0.215727162935, 0.0940369088553, 0.97191504307, -0.481487157863, -0.876174530123, -0.0220977278599, 0.849489204161, -0.47273169191, 0.234292209598,  
757, 3334207.0099906665, 92.67614996588698, 98.89600939537844, 93.74507582861088, 85.85719954584913, -0.65615270806, 0.216612266429, -0.722871184748, -0.715721991795, -0.482243748529, 0.505156408913, 0.239177035201, -0.848834549861, -0.471459704318,  
758, 2093199.8116133811, 79.3549506491699, 113.58568732352511, 95.2346345681303, 46.19591224264952, -0.627791856771, -0.773698922489, 0.0852488235203, 0.718689346089, -0.534100082136, 0.445222108706, -0.29893646213, 0.340774235531, 0.891352854939,  
759, 3002586.3060474913, 89.49572627143263, 126.40033716512716, 89.0019240415103, 63.71757848283892, 0.464842394328, -0.830997899327, -0.305555297367, 0.53861444055, -0.0084987151095, 0.842509499218, -0.702720451436, -0.556210628409, 0.443636905564,  
760, 4004145.156057509, 98.50850645582545, 110.92895246120389, 99.07719819989296, 86.97662972299045, 0.430037301825, -0.460569208563, 0.776494638206, 0.775613829159, 0.628658882516, -0.0566674284765, 0.46205097885, -0.626629087704, -0.627570617052,  
761, 3398236.7385859485, 93.26563979930555, 102.51331495578802, 91.0733655543204, 86.89471398688552, 0.630254472953, 0.45470602973, -0.629302570987, 0.495568784812, 0.38834304224, 0.776917795564, 0.597654481154, -0.801518626153, 0.0194168248117,  
762, 4124655.0217409213, 99.48700125261927, 109.81370907469017, 103.34120664389458, 86.76986720512241, -0.570310182936, -0.176471802296, 0.802249336699, 0.497185839535, -0.851593268778, 0.166117866401, -0.653875015738, -0.493605720759, -0.573411594082,  
763, 2709285.5841037184, 86.48127004611582, 98.79033208220275, 84.74555570313335, 77.25645918648833, -0.977839953626, -0.0741724192815, 0.195774046571, -0.209282232647, 0.321868402211, -0.923364326123, -0.00547468638279, 0.943874559397, 0.330258752999,  
764, 2645863.8258884856, 85.80112056706875, 96.64575381081254, 94.21150719249418, 69.37326742624418, -0.471787494701, -0.62963322472, 0.617234608697, -0.852502836243, 0.504437639675, -0.137045911564, -0.225067709904, -0.590850801817, -0.774751480122,  
765, 2963992.58402753, 89.1106273426949, 126.18944868767609, 91.43827707995005, 61.3249815386829, 0.755991114548, 0.483217280363, 0.441563692668, -0.221747753521, -0.445631447406, 0.867318019466, 0.615877722062, -0.75360047309, -0.229741068219,  
766, 2641629.6348443367, 85.75532678870128, 109.75609091468053, 91.57272908852536, 62.74635908798886, -0.123812536353, -0.77497037859, -0.619751053368, -0.990423784649, 0.0580658167731, 0.125256088573, 0.0610834072721, -0.629324457836, 0.774738371404,  
767, 2317308.5190195404, 82.09154253175736, 138.4686860083561, 71.95127854823401, 55.52712173936005, 0.00652565465961, -0.512044894657, 0.858933898322, -0.0659079825857, -0.857304728616, -0.510572952793, 0.997804366428, -0.0532787776444, -0.0393423205972,  
768, 1164414.719256539, 65.26390049014734, 98.60996164597175, 74.64679619279033, 37.76479354017394, -0.93285643082, 0.169490295843, 0.317886645037, -0.0203316427181, -0.905773357601, 0.423274436936, 0.359674163351, 0.388391122806, 0.848402517643,  
769, 2854977.872736588, 88.00446608256769, 96.79543518374119, 86.66506921818883, 81.2484664303643, -0.656539413479, 0.753773070506, -0.0279670650659, 0.7477900057, 0.655290424373, 0.106792167784, -0.0988236101522, -0.0491997754562, 0.993887959567,  
770, 1218862.4799860339, 66.26568622196164, 120.94810420711521, 81.22124691379175, 29.62084074538318, 0.895058362827, 0.255397669672, -0.365571549028, -0.338317456362, 0.922962637657, -0.183524571137, 0.290537133348, 0.287944438766, 0.912510917376,  
771, 2921750.909502341, 88.68527686933727, 108.92665353389137, 93.45223280403802, 68.52211115466073, 0.547615796237, 0.724801985892, -0.418065809363, 0.749651398537, -0.646934144916, -0.139638794083, -0.371671522158, -0.236935209262, -0.897620179268,  
772, 2554827.1272337916, 84.80555548826287, 111.16549065077227, 81.38075474905898, 67.41882932666809, -0.104749736073, 0.546290294237, 0.831020100368, -0.16767714136, -0.833355816628, 0.526690097836, 0.980261122894, -0.0841724261015, 0.178894196737,  
773, 2854531.687112891, 87.99988129825138, 108.66835944808732, 83.8954280286211, 74.74890830704005, -0.421723847133, 0.647212577926, -0.635031397439, 0.900256441505, 0.215372774482, -0.378355530607, 0.108107984387, 0.731252656055, 0.673485127323,  
774, 1536513.8832937707, 71.58399956927754, 100.57479752435036, 67.87872424542422, 53.73101456909148, -0.987357720868, 0.102281617349, -0.121091708202, -0.10053754325, 0.186504422592, 0.977296425222, 0.12254359812, 0.97711543387, -0.173863439094,  
775, 3450540.1277955393, 93.74169982626506, 120.67306003004138, 95.50478973690075, 71.47645331986033, -0.0520523047032, -0.415837256215, 0.907948200019, 0.857451986649, -0.484673878737, -0.172821647548, 0.511924455527, 0.769526222824, 0.381788873882,  
776, 3568435.1702358485, 94.79739442345955, 116.57572464866358, 93.25830755349138, 78.35984141401366, 0.67020368193, -0.557971269335, -0.489382352894, -0.472508942188, -0.829271761152, 0.298401819211, -0.572330607498, 0.0312475399616, -0.81942740189,  
777, 3572805.876663207, 94.83608201948942, 103.71047752060987, 98.07158411506607, 83.8600247979937, -0.99589512506, -0.0316849687829, -0.0847877505018, -0.0159000832091, -0.860924791817, 0.508483716739, 0.0891071671408, -0.507744586961, -0.856887009573,  
778, 1489778.2724740573, 70.85073211376397, 110.85903341424924, 79.48335722291918, 40.363213632606964, -0.0497493886273, -0.961839630163, 0.269053013697, 0.579222035113, -0.247243311621, -0.77677060893, 0.813650313323, 0.117197571249, 0.569418911631,  
779, 2569833.1481765676, 84.97126930628941, 110.43000942729248, 81.72858814769401, 67.97593839044885, 0.837002182366, 0.0940558725363, 0.539055506934, 0.317747514732, -0.885557151636, -0.338858448424, 0.445492832261, 0.454908808475, -0.771099288273,  
780, 1754872.9229946157, 74.82596984286394, 91.19896891466074, 84.36632219722982, 54.45001681980002, 0.219136511414, -0.0569893218055, 0.97402844238, -0.0103630518473, 0.998100480103, 0.0607292250519, 0.975639173323, 0.0234018977679, -0.218129673954,  
781, 2992251.1409418844, 89.39292418644156, 97.32567860158792, 92.41534730721594, 79.42146457972298, 0.546686469523, 0.690344366923, 0.473876101, -0.220402389031, -0.42733845288, 0.876815050965, -0.807809811125, 0.583786349402, 0.081466602373,  
782, 2746695.732372119, 86.87749987509085, 99.09240457326152, 84.71436804326686, 78.1132128313634, 0.497159052413, 0.839889144699, -0.217759273559, 0.473469381279, -0.0522966098498, 0.879256395819, 0.727089830485, -0.540232625093, -0.423661526681,  
783, 3095627.923189038, 90.41074516446277, 104.23204835320605, 93.56721135721483, 75.77661262102494, 0.724092161714, 0.222357962559, 0.65287631128, 0.281733719369, -0.959386295899, 0.0142844885252, -0.629536855724, -0.17359398529, 0.757329832739,  
784, 1859932.4681708075, 76.29033504067056, 121.72341194654084, 85.51153795531809, 42.658907782419845, 0.488850918415, -0.870927174912, 0.0501062427779, 0.481564950342, 0.317303183565, 0.816954030716, -0.727406336354, -0.375239317903, 0.574521954439,  
785, 3860887.0436620093, 97.31941631046776, 102.54591761053196, 100.01168229988038, 89.87302885045813, 0.823885158841, 0.565102941299, 0.0432655842063, 0.549510062501, -0.815171904218, 0.18312142907, -0.138751346847, 0.127096153795, 0.982137786382,  
786, 2750509.9556618077, 86.91769567726679, 95.73498119358722, 86.12742470558432, 79.63656040083819, 0.119725300815, -0.76458358058, 0.633307035056, -0.903120636433, -0.348820817237, -0.250393996555, 0.412357815972, -0.541974155998, -0.732273887174,  
787, 3287964.448362394, 92.24570787631848, 101.39341749495817, 92.88803656997973, 83.34296740781546, -0.940153496229, 0.336580447881, -0.0531507820601, 0.147984663356, 0.543804872659, 0.826061014626, 0.306939640549, 0.768758650408, -0.561068796568,  
788, 2358758.9922947413, 82.57811907738879, 130.81485222338026, 104.17537607304675, 41.32119071158407, -0.923690502345, -0.159225261612, 0.348486975282, -0.379524463137, 0.255595277194, -0.889175031227, -0.0525075019204, 0.953581863471, 0.296520811919,  
789, 2953211.184227975, 89.00245067300699, 115.93941025050287, 83.30656252440876, 72.99541696811697, -0.996637095621, 0.0588243108545, 0.0570455965362, 0.0272832008136, -0.418229325517, 0.907931637422, 0.0772665942374, 0.906434736608, 0.415217944801,  
790, 147746.92595172895, 32.79517465321497, 106.25850456922068, 55.115734300123115, 6.022690515865393, -0.0766385687191, 0.620370353483, -0.780555670214, 0.996088203532, 0.0131012759041, -0.087387913093, 0.0439865953416, 0.784199579883, 0.618947653959,  
791, 2725612.946905763, 86.65464712493795, 115.27883326027539, 82.69784883647911, 68.25457852078343, 0.505719887761, 0.448168615064, 0.737151468556, -0.429033371903, -0.61065948514, 0.665601501652, 0.748450239439, -0.652870496867, -0.116543354184,  
792, 903345.0990624516, 59.96829405873197, 153.56713280087513, 51.29337932876252, 27.378238048251127, -0.485649770945, -0.246234689284, -0.838756685681, -0.809987765301, -0.23407091558, 0.537708681855, 0.328731075568, -0.940520751644, 0.0857705991768,  
793, 2972872.324279925, 89.19952661447526, 109.01209844314003, 86.34236384033579, 75.40306761146957, 0.0206799918422, -0.933778963738, 0.357252270556, 0.0900126517299, -0.354138595896, -0.93085099636, 0.995725896252, 0.0514072152203, 0.0767283373815,  
794, 4054640.4280685876, 98.92086659640816, 110.41736260693307, 99.19090743150042, 88.38010316391073, -0.734569833351, -0.671498490548, -0.0974522299485, -0.662199452956, 0.740777964539, -0.112871128982, -0.147983257279, 0.0183789130455, 0.988819079064,  
795, 3221112.545239755, 91.6162328191858, 110.79579958788749, 91.11729368162479, 76.17161819281462, 0.187116426912, -0.951207867549, -0.245338613946, 0.448238062235, -0.139559132692, 0.882952936484, -0.874111024038, -0.275185103513, 0.40025376508,  
796, 3131116.338845488, 90.75492419746776, 122.52438418044187, 90.66707346005448, 67.28813152973082, 0.840405527213, -0.0616095357739, 0.538444811408, -0.308835860278, 0.761978492981, 0.569218049293, -0.445352625721, -0.644665061359, 0.621343703136,  
797, 3380531.2252984494, 93.10337993915915, 114.12452199033667, 95.14726617856164, 74.32262781524597, -0.215048065674, -0.963918250391, -0.156894665343, -0.10744812091, -0.136325340239, 0.984819934263, 0.970674626619, -0.228641658873, 0.0742547039944,  
798, 3450934.5250965976, 93.74527125407182, 108.79384034544364, 97.50568838888579, 77.66294410467854, -0.937454545942, 0.325581031675, 0.12319077119, -0.31707778125, -0.944687830957, 0.0838247140096, -0.143668559296, -0.0395208028113, -0.988836412767,  
799, 3524104.1702560154, 94.40319858035444, 106.64266059575917, 90.33586544298214, 87.3311033054923, -0.940322119603, -0.310759841917, -0.138645706882, -0.0424141359517, -0.297227078912, 0.953864300953, -0.337631977834, 0.902820239147, 0.266308586662,  
800, 2519965.656420772, 84.41805418718191, 112.06001588998208, 84.3528561372746, 63.643717722948914, 0.750659622317, 0.503742626651, 0.427496780709, -0.369188206732, -0.216780980611, 0.903717917525, 0.547914408856, -0.836211320504, 0.0232471079567,  
801, 3130771.0031151515, 90.75158757383568, 134.80902693822165, 92.7672089078083, 59.76531727591941, 0.290343604609, 0.904753496761, -0.311643548562, -0.419259054782, 0.413024493612, 0.80847548674, 0.860187442507, -0.104076307459, 0.49924511613,  
802, 3386800.9198095277, 93.16090238278713, 103.36704151202653, 91.15451912587754, 85.81056647855682, 0.358665763123, -0.570675734656, 0.738707030045, -0.360384065493, 0.645350431179, 0.673532587419, -0.861093604495, -0.507791322151, 0.025802663547,  
803, 1529002.1257593776, 71.4671549123387, 93.66222796596693, 79.8300787671039, 48.818950396726635, 0.5769088614, 0.813732839877, 0.0708168831802, -0.512527055736, 0.2931254897, 0.807089502116, -0.635996999031, 0.501912654347, -0.586166789088,  
804, 3291186.4866105695, 92.27583007602787, 98.52396882753716, 91.04698993060684, 87.59037615149467, -0.410937888605, -0.143794425789, -0.900251750801, 0.0464678054197, -0.98950281136, 0.136839063761, -0.910478332948, 0.0143996327558, 0.413306007466,  
805, 4343194.104770238, 101.21391175173827, 139.74226113625053, 93.27804822572135, 79.54509657487891, 0.622510863048, -0.75876666414, 0.191711697027, -0.536038898146, -0.234907880554, 0.810851766556, -0.570212701596, -0.607528959839, -0.552961154056,  
806, 2294609.597883565, 81.82262322798421, 98.53100092536211, 77.6181301985473, 71.6282144924366, -0.286503637496, 0.675586944335, -0.679336401458, -0.203865482211, 0.649834061465, 0.732225755982, 0.936138093907, 0.348278585624, -0.0484509641965,  
807, 2387554.394913358, 82.9127949322007, 135.54588280918938, 74.20048937019777, 56.6723948595091, -0.73494296267, -0.281652435669, 0.616871742831, -0.613808543509, 0.662988781825, -0.428584819015, 0.288267087155, 0.693626542641, 0.660139610845,  
808, 2983887.1765789683, 89.30955585488235, 107.75542428637696, 92.34598949103187, 71.58740311102223, -0.177756230172, 0.0316935844348, 0.983564049435, 0.117585751489, 0.993004579529, -0.0107469102647, 0.977024213457, -0.113742787636, 0.180239464543,  
809, 2442931.8648486277, 83.5489343675999, 106.34546723951661, 86.73224851657912, 63.229996213416854, -0.891278358887, -0.431287169501, 0.14005093503, -0.452937104573, 0.831953106046, -0.32047154108, -0.0216994534553, 0.349063614209, 0.936847760821,  
810, 3056468.4913918455, 90.02789683414584, 96.13519181008722, 93.53323040138287, 81.14896453751025, -0.579688261837, 0.131866729307, 0.804097434886, 0.319245184287, -0.871172455142, 0.373016173524, -0.749695959305, -0.472937331052, -0.462910627983,  
811, 2194981.8546041683, 80.62086281044125, 103.85545168281433, 91.8403870830025, 54.93881917579447, 0.0996670506584, 0.979312139302, -0.176108525711, -0.352891518504, 0.200274412117, 0.913979067604, 0.930340827429, -0.0289463929721, 0.365551707906,  
812, 3587729.2623066106, 94.96794005376964, 109.5576496364718, 99.183510504732, 78.82225788433658, 0.401754650954, 0.748716986262, 0.52727229675, 0.775393088406, 0.0281968185948, -0.630849029383, -0.487194785367, 0.662289826212, -0.569221773307,  
813, 1258836.623891615, 66.98233044530082, 135.93940067468236, 106.5881041197161, 20.740855789360467, 0.796782792085, 0.569200259571, 0.20285030624, 0.520667319454, -0.81707529981, 0.247575234815, -0.306663862707, 0.0916461616466, 0.947395512109,  
814, 2804240.583740602, 87.48002268420571, 113.00805274631806, 84.0742002393321, 70.46192836900877, -0.37702168312, -0.819433367189, 0.43172167793, -0.912780941604, 0.249655018871, -0.323269739069, -0.157116527145, 0.515947020817, 0.842088515898,  
815, 3681944.9102676017, 95.79207018071104, 112.75654102682742, 97.97323220190304, 79.56819316583388, -0.536349237899, 0.366341580778, -0.760344225465, 0.809074984549, -0.0332868414853, -0.586762009302, 0.240264779736, 0.929884848988, 0.278544436745,  
816, 3767012.2552510044, 96.52418453564238, 128.63096233327647, 88.80218481875075, 78.72981919761723, -0.346937340449, 0.604442547381, -0.717135753339, 0.887726872762, 0.458344030463, -0.0431479908609, -0.302614410064, 0.651590328853, 0.69559655129,  
817, 2063214.0443242036, 78.97419820299882, 106.01932269287344, 92.1896100104058, 50.39514195796044, 0.563257572043, 0.603706425419, 0.564162617907, 0.620834313468, 0.141347884063, -0.771093723805, -0.54525742797, 0.784575890261, -0.29518639817,  
818, 3036996.5914217182, 89.83630861267976, 99.11381910630037, 90.09932152583377, 81.18951809480086, -0.371831379047, -0.899869106929, -0.227984683588, -0.91587082392, 0.395671985386, -0.0680023078547, -0.151400328431, -0.183519128091, 0.971287120359,  
819, 1356795.39669632, 68.6765680284779, 112.23853948395518, 64.62813955330867, 44.65417718544689, -0.951591439536, -0.207077064714, 0.227140532427, -0.173742732474, 0.971992772063, 0.158251426437, -0.253549196635, 0.111126685933, -0.960918136242,  
820, 3168715.693017525, 91.11675022925353, 114.2071904743119, 83.64105563079238, 79.19207309153629, -0.0260941374164, -0.997165034437, 0.0705761297436, 0.130796328617, 0.0665875865288, 0.989170568578, -0.991065798226, 0.0350426514032, 0.128687979896,  
821, 3175883.5912185083, 91.18540304256828, 106.10279379514436, 91.4338546463467, 78.1523636869067, 0.423072237569, -0.887542848825, 0.182421416777, -0.802879407018, -0.273883651289, 0.529502033369, 0.419993499455, 0.370480008984, 0.828462445352,  
822, 3574634.9515377413, 94.85226283164448, 98.47064188264845, 98.22923773352868, 88.2257878648941, 0.467404538688, 0.18052889561, 0.865414533657, 0.710475440655, 0.505833112848, -0.489241770675, -0.526077604009, 0.843529596278, 0.108167346104,  
823, 1460848.8173280482, 70.38912307083751, 118.76163672706708, 86.64159798388027, 33.893314078090796, 0.0116074496685, -0.862115958309, 0.50657807053, 0.978101466542, -0.0954943343273, -0.184927967761, 0.207804687774, 0.497631295781, 0.842128437472,  
824, 2844430.9932542737, 87.89596345494344, 117.93491853569252, 92.35888785470904, 62.34271141580941, -0.59083907003, 0.681236177017, -0.432234270332, 0.802945811594, 0.444282240058, -0.397355401137, 0.0786588645348, 0.58183379267, 0.809495040588,  
825, 2986512.193449721, 89.33573762861141, 114.16853766300608, 95.48478000642933, 65.40261192696498, -0.465178238538, -0.810132084246, -0.356784546283, -0.868962009567, 0.494788199581, 0.00946908047134, -0.168861577395, -0.314437026495, 0.934138707071,  
826, 3371069.374477298, 93.0164356692333, 97.79681843684624, 93.99496975994283, 87.54870811524319, -0.576493107046, 0.14971759582, 0.803268534819, -0.810481072831, -0.229668329382, -0.538862588293, -0.103808131241, 0.961684511667, -0.253745486477,  
