# Void_ID, Void_Volume, r = (a*b*c)**(1/3.0), a, b, c, vector_a, vector_b, vector_c 

1, 2654984.470593841, 85.89959679356367, 111.57250735988045, 86.18697265329996, 65.91352782469728, 0.843499470513, 0.516482213068, 0.147494972213, 0.202346533269, -0.559914435477, 0.803462323584, 0.497558563104, -0.647874948218, -0.576795915167,  
31, 745452.3897255767, 56.248433760161106, 117.31661748728783, 96.31796266896121, 15.749416980432722, 0.770473591352, -0.207562842514, 0.602733864518, -0.179398743262, 0.836693001076, 0.517456194153, 0.611707884488, 0.506816030092, -0.607413348303,  
48, 565320.0763855041, 51.29424004765051, 130.41740704439565, 51.23645943976708, 20.19719818462474, 0.572890096154, -0.774175228717, 0.269164732033, -0.648977872465, -0.629034312344, -0.427952748495, -0.500624269068, -0.0704879360967, 0.862790120531,  
59, 557982.28095458, 51.071341558729024, 137.00137190204666, 54.38669077304688, 17.877807144750772, 0.876405590009, -0.252786704889, -0.40989281969, -0.375886939147, -0.891141798728, -0.254116712436, 0.30103529823, -0.376782664665, 0.876020874653,  
78, 1053325.7702810804, 63.11869824426496, 107.64763723352749, 87.46860004946181, 26.706527497831182, -0.404756280851, -0.72516804575, 0.557049062951, 0.481823947925, 0.348621338825, 0.803933358756, -0.7771859728, 0.593796655041, 0.208296654185,  
79, 1892079.7999557953, 76.727364328874, 123.93244222995654, 101.15530672957944, 36.03107009254549, -0.00535990015211, 0.111086804259, 0.993796253459, -0.956317183243, -0.291046435963, 0.027375484413, 0.292281912721, -0.950237703963, 0.107794199581,  
106, 1601304.4276999405, 72.57634589987195, 128.82338119240416, 78.28569451811794, 37.90602045362835, -0.506587450838, -0.858853770189, -0.0757585380401, -0.831539384488, 0.509909258363, -0.220306151256, -0.227840748548, 0.048608123477, 0.972484366781,  
140, 2708487.2084398116, 86.47277440862526, 129.17523695993913, 107.8873878307428, 46.39682204981859, -0.283386676905, 0.311356565015, 0.907055169642, -0.948809376949, -0.228584537625, -0.217967601659, -0.139473142816, 0.922391564674, -0.36019584097,  
153, 820127.9818839299, 58.067216308554755, 147.96717909128057, 72.9538133969916, 18.13759199404351, -0.878418807812, -0.173893378536, 0.445130869503, -0.000348996674929, 0.931680503039, 0.363278568675, -0.477891490073, 0.318955378005, -0.818466364952,  
162, 1151941.658680461, 65.0300305967228, 113.10820909367335, 86.60643329358533, 28.073566896459607, 0.00055801674277, -0.867666795302, 0.497145874918, -0.292392035266, -0.475561509733, -0.829667492537, 0.95629837725, -0.14489852584, -0.253964231496,  
183, 659470.3130279309, 53.99690656846502, 104.17590359402111, 78.0415070478041, 19.364831266235623, -0.657887060503, 0.720354771601, 0.219712581921, 0.219833068647, -0.0953505808861, 0.970866462833, -0.720318011403, -0.687020574478, 0.0956278865792,  
202, 1928436.3683138962, 77.21569201243287, 153.21525874199085, 79.67682789585237, 37.712267821442154, 0.186902115562, 0.647417831936, -0.738862470349, 0.772470668248, 0.367809947021, 0.517691906031, -0.606923937488, 0.66750729866, 0.431366828048,  
211, 2313861.6507851356, 82.05082012482929, 133.57855228539557, 89.86695935424282, 46.01633214189444, 0.848081139131, -0.48606646732, -0.210944947312, -0.467425560793, -0.873789710705, 0.134182288636, 0.2495430355, 0.0151964079036, 0.968244464286,  
249, 1921857.167726619, 77.12778031316697, 124.00882768072222, 92.08766104858522, 40.17708780883177, 0.361620314086, 0.930830026567, -0.0527845629018, -0.465053958828, 0.229160504811, 0.855108343085, 0.808056658793, -0.284676877662, 0.515755282577,  
277, 939618.9887067183, 60.76046075354285, 95.60411065110036, 80.34146600349925, 29.20430379873808, 0.234588653233, 0.971466969778, 0.0349297924962, -0.9632908785, 0.22748894413, 0.142546356312, 0.130532935205, -0.0670873082499, 0.98917159578,  
282, 581931.7873157929, 51.791818142500944, 116.49260867764741, 98.77793018248418, 12.073277392690649, 0.0383468394746, 0.957088250452, 0.287248325931, -0.88145829841, -0.103009287504, 0.460890827478, 0.47070244111, -0.270871127172, 0.839683300059,  
291, 747174.6886637557, 56.29171937952874, 133.82037726360335, 48.288013867548806, 27.603995584507114, -0.282127746284, -0.85828109124, -0.428669456804, -0.951111868421, 0.308748149893, 0.00779703064793, -0.125658857731, -0.409912366681, 0.903427752018,  
293, 703419.5208583616, 55.1707137320495, 93.54351518280545, 64.59268021248457, 27.79257688353603, -0.998610887349, -0.048220619965, 0.0212383492265, -0.0524520511545, 0.871448866596, -0.487673718011, -0.00500779366132, 0.48811027926, 0.872767596376,  
322, 304796.5709373021, 41.7484627979463, 122.29793740383657, 54.50568069952713, 10.915925603628562, -0.934813654064, 0.0761040755944, -0.346888457366, -0.129433127286, 0.836576781563, 0.53234044944, 0.330712107031, 0.542537978603, -0.772193009575,  
348, 1251800.2447655213, 66.85729596274685, 114.12071514266565, 89.26427034017449, 29.336228451403063, -0.695669277284, -0.20778990991, 0.687653699171, 0.0135006673888, 0.953301218212, 0.301719272396, 0.718235329557, -0.219180612041, 0.660377067047,  
359, 228898.4716721437, 37.94763906802829, 118.0039203546701, 22.96754549939538, 20.162448099283708, -0.788619634656, -0.612105226359, -0.0583632050099, 0.332250536621, -0.504073676075, 0.79719465001, -0.517386366993, 0.609292147457, 0.600894688192,  
367, 1090939.2742118419, 63.86123639345677, 98.17317623817785, 57.510833689845114, 46.1285137626201, -0.828039669312, -0.499426640875, -0.254800581693, -0.0185524631261, -0.429802053033, 0.902732519255, -0.560362482826, 0.752225515117, 0.346627555524,  
383, 1886592.175351464, 76.65311469637469, 120.16688587708876, 83.46571035517563, 44.90518801390884, 0.684284429536, 0.484829971492, -0.544696904927, 0.587324312691, 0.0762973284625, 0.805747398005, -0.432209406672, 0.871274133905, 0.232543355897,  
426, 1457823.48032906, 70.3404988307595, 136.91834381553838, 84.65909729466841, 30.02486483708243, 0.24189985919, 0.161775584888, -0.956719979021, 0.483972242318, 0.834477265195, 0.263474026307, 0.840984736359, -0.526760243381, 0.123565040377,  
440, 566051.4662679964, 51.31635136854494, 118.57839924410415, 76.28309428398897, 14.939409303671505, -0.878586035867, -0.472992561958, -0.0660652246818, -0.142684993417, 0.127952293629, 0.98146278748, -0.45577140129, 0.871726015952, -0.179906039029,  
461, 627009.7135593841, 53.096010013609785, 82.65390315248986, 73.83601101150198, 24.52754418265919, -0.340258272322, -0.0198554108921, -0.940122370107, 0.939083551807, 0.0443266421062, -0.340818472982, 0.0484395586564, -0.998819759245, 0.0035633831222,  
465, 1340128.028901534, 68.39419261077369, 101.2332081962341, 68.73392701072459, 45.979423697048716, 0.91899557117, 0.0633818501966, -0.389139925007, -0.327537766235, 0.67213856336, -0.664039730237, -0.219467883434, -0.737707592959, -0.638452312574,  
507, 2424637.8341475194, 83.33985799356667, 155.40922606354104, 73.1670623294327, 50.9056341847123, 0.068106762437, 0.180154630835, 0.981277625292, -0.523728452177, 0.84359920952, -0.118527980147, -0.849158393523, -0.505850454864, 0.151806916914,  
540, 1559726.4296494976, 71.94267921861342, 106.23120361859789, 78.63287660591168, 44.5762526527375, -0.924017205974, -0.299527553766, -0.237645634505, -0.0436986562532, -0.534735882344, 0.843888596662, -0.379845535062, 0.790152378133, 0.481016204327,  
557, 2106421.6058504023, 79.52168316478628, 131.38858611410993, 96.29225269082022, 39.74730665128106, 0.684725138574, -0.617644201404, 0.386868356261, -0.661466484015, -0.749527488715, -0.0258966056695, -0.305963355859, 0.238168394487, 0.921771251851,  
575, 2722797.740353306, 86.6248024902024, 113.85613983553823, 84.251786485848, 67.76277741758753, -0.136929965191, -0.299947223778, 0.944077246618, -0.867811130625, -0.423236011679, -0.260336551373, 0.477654714408, -0.854928617702, -0.202343847048,  
579, 2529397.7604154786, 84.52324722108875, 143.70723088714445, 73.86003382579248, 56.890584684380855, -0.164612509631, -0.943117201076, 0.288847133806, -0.233472505181, 0.321776011145, 0.917578763909, -0.958328394131, 0.0836070791671, -0.273160292348,  
586, 120400.58269203956, 30.632327260291213, 83.03703589636984, 31.385383025657372, 11.029116093735043, 0.218616646329, 0.0661060592052, -0.97356907864, -0.907581156658, 0.38029021434, -0.177976956251, -0.358473438384, -0.922501675778, -0.143134384966,  
628, 956150.2206813318, 61.11472193358033, 99.23120908516282, 52.069886857224674, 44.17764929773391, 0.0643825387449, -0.421339161071, 0.904614945738, -0.660541313484, -0.697483359601, -0.277852724048, 0.74802410515, -0.579646680684, -0.3232176723,  
670, 2024111.8102616519, 78.4721038970127, 98.04746581153152, 72.61418074080088, 67.87159800959962, 0.630571374123, 0.719829366509, -0.290216169858, 0.573818740963, -0.180602430031, 0.798820890304, -0.522600989912, 0.670245063673, 0.526934303273,  
687, 478431.38916679664, 48.51883362142996, 113.83959960810945, 63.93325027884086, 15.693178423911482, -0.181653470379, 0.927953328844, -0.325429925156, 0.122759497809, 0.349746234883, 0.928766750526, 0.975670088912, 0.128764089222, -0.177447701958,  
699, 1202608.7504488803, 65.96981255379183, 92.92409257240564, 67.97990016402619, 45.44926863714348, 0.745064927381, -0.62919069862, -0.221353379816, -0.5490372917, -0.766985534817, 0.332101252188, 0.378729859278, 0.125905735183, 0.916903178934,  
724, 1165248.9331485888, 65.27948229705484, 147.20484918385884, 45.74430205738079, 41.31150171273046, 0.484690979996, -0.347402117409, 0.802736832798, -0.654392496101, 0.464931007548, 0.596330126077, 0.580383592942, 0.814340792936, 0.00198947308314,  
727, 870403.0219387463, 59.23029926638282, 88.78215145321727, 65.12358393589344, 35.93915177642071, 0.0636171689161, 0.335634672542, 0.939841594316, 0.352559104881, -0.888583364526, 0.293464958477, 0.933624621239, 0.312680301388, -0.174860217716,  
741, 1331310.617899048, 68.24386190467709, 104.0293050694149, 67.21950593051375, 45.45061593598525, 0.361347023974, -0.911964486613, -0.194291284986, -0.752126131649, -0.161915961921, -0.638818834543, -0.551121230181, -0.37696683731, 0.744420172491,  
749, 883884.3248795526, 59.53453157725532, 125.77144147992641, 82.25429357311191, 20.39699584562017, -0.61136964843, -0.732721088737, 0.298909616939, -0.785364757284, 0.60815035609, -0.115565316612, 0.0971048453722, 0.305406205745, 0.947257989408,  
760, 1705539.6546386268, 74.11812155251387, 99.02379572578808, 89.9601193165149, 45.70709501254976, 0.903664300709, -0.119853252975, 0.411127753108, -0.172713110685, 0.776494689421, 0.605991896561, 0.391868617042, 0.61862039657, -0.680990302373,  
769, 220418.5579081171, 37.47311959520008, 135.84328843191665, 37.61515213560879, 10.2981339972033, -0.333557744431, -0.601299545347, 0.726070305064, -0.875742302605, 0.482772345209, -0.00250641772209, 0.349019556125, 0.636686515852, 0.687615902939,  
779, 468035.35550680256, 48.16482838955216, 126.2779033827474, 91.44588884567226, 9.6760589048798, -0.950134431232, 0.132102105968, 0.282477602982, 0.104575707937, -0.718408687727, 0.687715696133, 0.293783055837, 0.682962657103, 0.668770158654,  
785, 1796574.2344017734, 75.41403633825921, 115.242491685677, 82.85683396484399, 44.917500722253926, 0.884480406941, -0.0931658905931, -0.457181065409, 0.386474380998, 0.695266758378, 0.60600469266, -0.261403830443, 0.71268804643, -0.65095605528,  
786, 948642.6347971886, 60.95434609922956, 132.03021835315667, 68.9331946159638, 24.88354677945801, 0.847541825822, -0.525208047781, 0.0763502457616, 0.2450784625, 0.514907212819, 0.821466438393, -0.470754076669, -0.677515364204, 0.565122580125,  
805, 631351.0151110847, 53.21827065764049, 112.41769301703792, 82.06385241759477, 16.33788009533342, 0.185963420259, 0.334674142117, 0.923802373305, -0.316089584024, -0.869845453041, 0.378756204828, 0.93032520185, -0.362439107193, -0.0559724251782,  
822, 1149390.9212045015, 64.98199659044285, 113.15731785759851, 58.96725061605582, 41.12307948602347, -0.0594210294476, 0.989257470154, -0.133561966904, 0.975466101021, 0.0291310759111, -0.218213808397, 0.211978836251, 0.143251660235, 0.966718125837,  
836, 1638617.6623252304, 73.13574237827034, 87.75764194411056, 73.88476863514958, 60.332199649059305, 0.0400603225366, 0.0246628932831, 0.998892843229, 0.250706294974, -0.967964191763, 0.0138447508343, 0.967233955266, 0.249874098618, -0.0449601003242,  
850, 2396569.1404695767, 83.01701580544075, 120.6565808243326, 80.67860902439064, 58.7749052205558, 0.150420818946, 0.429907570374, 0.890254490673, -0.94145520784, 0.337117526617, -0.00372355710539, 0.301721177344, 0.837574626038, -0.455448215453,  
853, 1915512.0541946716, 77.04280624101283, 123.83214790289567, 92.54576674779393, 39.90307055952787, -0.0485824669802, 0.301598628293, 0.952196414252, 0.933496717934, -0.32538601979, 0.150691126917, 0.355279638466, 0.89619317423, -0.265733274083,  
878, 1311530.3963615883, 67.90419166012303, 124.68264756698434, 58.16485797453835, 43.174077161918575, -0.203634182725, 0.584925046047, -0.785108788725, 0.113244145141, 0.81060085903, 0.574545046912, 0.972475646593, 0.028088037445, -0.231305380256,  
891, 1264640.6828983908, 67.08511673308207, 123.61664661802686, 90.10307177837585, 27.10578468183165, -0.928110087671, -0.164052838552, 0.334213002928, -0.347298743812, 0.704939603418, -0.618420357103, 0.13414636674, 0.690033927931, 0.711236901879,  
915, 1839797.9645638766, 76.01404464161507, 103.34490356449362, 96.18854947905537, 44.18441250216374, 0.0774787416409, -0.971067613951, 0.225886550571, 0.99254691011, 0.0537516568234, -0.109368142614, 0.0940620849432, 0.23267670387, 0.967994770467,  
937, 1037526.7714143374, 62.801531413487496, 117.54985745651632, 58.93419006876286, 35.753723410695954, 0.483897398266, 0.483248956146, -0.729598351379, 0.442869945604, 0.58384306332, 0.68043624881, 0.754791043423, -0.652378512673, 0.0685037004144,  
950, 3587498.812176019, 94.96590665593024, 130.6551459471301, 109.95270794831764, 59.61708091710068, 0.282179495302, -0.875044546656, -0.393283325097, -0.863625123249, -0.410208382657, 0.293054140546, -0.417763544274, 0.256955490633, -0.87146284884,  
959, 325097.86321395513, 42.655512917847, 126.23086885133957, 66.97515335943713, 9.180074749201012, 0.0236427914061, -0.0508160831044, 0.998428136679, -0.421349000353, -0.906178060334, -0.0361433655274, 0.906590336545, -0.419832167262, -0.0428358846751,  
1021, 2671449.667791381, 86.07680311217798, 115.81547216788032, 85.88838882421055, 64.11466078244266, 0.48317449053, -0.595380212662, 0.641922747745, -0.512036603334, 0.402566407586, 0.758787720202, -0.710183728726, -0.695314813487, -0.110346642894,  
1058, 1911164.8690310821, 76.98448014384181, 123.34797135052084, 102.57279276828253, 36.06162997381155, -0.812294992504, 0.339503224978, -0.474251415794, 0.580296944751, 0.55211528579, -0.598685365706, -0.0585858435632, 0.761515772277, 0.645493166119,  
1067, 2162638.4025355075, 80.22291411357203, 135.47445241492642, 75.07611725684322, 50.76169239963752, 0.623882672882, 0.764466835771, -0.162360301438, 0.407577366984, -0.141008163459, 0.902218037816, 0.66682164062, -0.629052585118, -0.399551929987,  
1071, 292520.06612209557, 41.180253701533616, 140.02880034394494, 40.39550823280331, 12.345725286413366, 0.744303858196, -0.290760629439, 0.601223771189, 0.463022853587, 0.873421364353, -0.150814314135, -0.481270821607, 0.390632022062, 0.784719707673,  
1095, 957403.9936978162, 61.14142294086272, 128.09749366180532, 113.05048488242393, 15.783145623654457, 0.427916320606, -0.815901037905, 0.388835593669, -0.370304503171, 0.234180110431, 0.898907253731, -0.824476923564, -0.528644655911, -0.201922337264,  
1154, 814539.508955169, 57.93502273377679, 91.5001800269563, 61.446403882942136, 34.586381333043384, -0.837010365811, -0.168612768398, 0.520560641864, 0.0149528614659, 0.943936102904, 0.329789395779, -0.546982686617, 0.283821013964, -0.787563059427,  
1211, 1325578.2713205805, 68.14577302853967, 117.34497117218307, 60.540592194242265, 44.54568276224907, 0.123332268502, -0.919326232524, -0.373668877136, -0.945611248684, 0.00534443956825, -0.325254982019, -0.301012487962, -0.393459928277, 0.868666084829,  
1234, 253416.75392078917, 39.25686110967267, 110.30082911080083, 63.5923799086716, 8.625074575961937, -0.0331688206975, 0.686090305309, 0.726759879392, 0.61852244883, -0.557092321154, 0.55414630379, 0.785066754886, 0.467897679704, -0.405884160446,  
1243, 1059032.8014328731, 63.232487592161476, 80.73930057294946, 64.88310319478983, 48.261876794178846, -0.131604110709, 0.973996098632, 0.184423311689, 0.51657845433, -0.0914012605905, 0.851347467304, 0.846065634905, 0.207309935634, -0.491116617537,  
1278, 368480.77614002425, 44.4742611640755, 125.11638512199642, 79.6631999791048, 8.825804239119575, 0.523110487667, 0.104398655602, 0.845846521777, -0.375714385708, -0.862576329652, 0.338822631911, 0.764979815462, -0.495038378544, -0.411998647696,  
1307, 3096449.3672876963, 90.41874147482676, 116.37338103950714, 91.67026935008927, 69.29361422928298, -0.996359017198, -0.0845890055998, 0.010649365229, 0.00419915505566, 0.076068391764, 0.997093760321, -0.0851532497616, 0.993508077424, -0.0754362257073,  
1330, 986893.9617569197, 61.76284519014737, 115.92381744094394, 56.27856047055311, 36.113221194497136, -0.200975051085, -0.930348102827, 0.306694369704, -0.978793672801, 0.178043141587, -0.101309357016, -0.0396481390094, 0.320551161752, 0.946401066025,  
1348, 872212.6706809915, 59.27131928290013, 112.99224136714265, 65.08978299799587, 28.312116380017045, 0.298757305804, 0.95289310186, -0.0523336283599, 0.387531668031, -0.0710228889898, 0.919116399328, 0.872102791248, -0.294873677476, -0.390494860183,  
1355, 2336267.437438055, 82.31481040080912, 115.0263276610398, 82.69051582881619, 58.63824865690977, 0.614203636872, 0.630973638883, -0.473947422704, -0.432074210488, 0.771446406434, 0.467099902196, 0.660352761094, -0.0821140002338, 0.746452625343,  
1397, 482167.8118430906, 48.64481265561515, 81.3913797563286, 54.46659985791538, 25.96575350053387, 0.58140585477, 0.365918050627, 0.726685084658, 0.705120526155, -0.672222569749, -0.225658725323, -0.40592151413, -0.643599873326, 0.648850466148,  
1400, 1363150.9967288047, 68.78363429049418, 126.2342608896395, 68.3911068163729, 37.69454299524554, 0.892958134122, -0.202651105098, -0.401943155569, 0.140947008883, -0.722152481436, 0.677222071586, -0.427504048394, -0.661383642948, -0.616288865263,  
1456, 663189.2582701991, 54.0982177949399, 133.23356128349485, 43.77202733488586, 27.148045953858627, 0.18211772255, 0.814221293224, -0.551250234279, -0.647751556955, 0.521130729592, 0.555734363826, 0.739764189181, 0.255864120844, 0.622320252016,  
1479, 827131.5588204998, 58.232038572781654, 141.154123931811, 99.6272905136794, 14.041518998297136, 0.205273432508, 0.883527330577, -0.421001513097, -0.813668449291, 0.393109967615, 0.428261845126, 0.543880935991, 0.25464486935, 0.799593345382,  
1488, 579202.6497840486, 51.71072700325725, 110.84674275265303, 70.42453951010931, 17.713116498962215, 0.347806218665, 0.413227407311, -0.841590128331, 0.526409717928, 0.65672311228, 0.540007002425, 0.775837381884, -0.630839015632, 0.0108854594693,  
1497, 1281051.9246686718, 67.37405829606722, 145.78536183487458, 47.465050403293034, 44.19674224053023, -0.556129006202, -0.797940008864, 0.232405401648, -0.80752385338, 0.58492612359, 0.0759385025149, 0.196534360057, 0.145441301549, 0.969649974538,  
1508, 1038563.9894381843, 62.82245205786673, 113.55098284043382, 104.5648752219676, 20.881799889166427, -0.955223713834, -0.00756903327295, -0.295787704721, -0.264297350827, -0.427596287764, 0.864469967689, 0.133020926454, -0.903938119799, -0.406449638577,  
1512, 1792368.2806556572, 75.35513984003511, 108.48374746472463, 68.99801651515017, 57.165940773870055, 0.467042590285, -0.822208119964, 0.325338325941, -0.457502231063, 0.0901592749914, 0.884625917383, -0.756678879996, -0.562000989856, -0.334053827952,  
1524, 1104832.6888118335, 64.13119049571071, 107.89113236484859, 63.85002994425828, 38.28785613878866, -0.216491150669, 0.259085109754, 0.94127917622, 0.19374372309, -0.933567020573, 0.301522781662, 0.956867259052, 0.247643946023, 0.151912884749,  
1534, 1977701.366502495, 77.8677037824634, 137.93284176360274, 67.27748765109934, 50.878541741020285, 0.710899099912, -0.56818164566, 0.414478090227, -0.599356293209, -0.797786667359, -0.0656389151037, -0.367959921098, 0.201757406108, 0.90768906876,  
1556, 2993115.028419283, 89.40152618244787, 138.56377172840746, 96.06118093000153, 53.683049778137956, -0.953991793284, -0.160359098509, -0.253346833159, 0.0745857810224, -0.945321642369, 0.31749638382, -0.2904076783, 0.283992873141, 0.91378959744,  
1562, 1098169.1028027108, 64.00199876511269, 111.05091827846714, 63.137210362133146, 37.39151552263496, 0.141446160525, 0.100709417975, -0.984809929278, 0.812690445864, 0.556232753437, 0.173606921536, -0.565267390598, 0.824901653008, 0.00316859446449,  
1620, 773962.3060830478, 56.95655766229492, 97.78803567694699, 87.06825223760049, 21.701295048089754, 0.426683692904, 0.775344422233, 0.465598596563, -0.716414944305, 0.603972731041, -0.349237122505, -0.551987910906, -0.184548007496, 0.813173646365,  
1622, 1579689.6472042734, 72.24831468268495, 118.19309263811903, 86.46352470241385, 36.902698962102626, 0.597121874645, 0.182616876549, 0.781086770608, -0.331551724148, 0.942858870519, 0.0330243016204, -0.730423795501, -0.278690198397, 0.623548596569,  
1641, 1014910.8307455634, 62.34186054008374, 119.83411480817374, 85.04474853741714, 23.77449519603366, 0.600733154166, -0.797733260586, -0.0523576397564, -0.733614189913, -0.576104729848, 0.36043523774, 0.317694661339, 0.178115089764, 0.931313651223,  
1645, 693706.1031985872, 54.91558765496681, 120.04979982258054, 59.60382580315555, 23.14468791568818, 0.570578669196, 0.793940680103, 0.209995663615, 0.693148372418, -0.602707596524, 0.395333892941, -0.440437641527, 0.0800109340727, 0.894210788548,  
1647, 773406.9404564737, 56.94293112303342, 120.0031402738639, 69.18585718424875, 22.23870627481895, 0.779340840188, -0.207907484263, -0.591102641512, -0.325681129023, -0.940318170998, -0.0986587020463, -0.535312672195, 0.269399731401, -0.800539897637,  
1661, 1489749.0976037297, 70.85026961218377, 112.8782631329414, 71.8483800291657, 43.85278936387747, 0.759994794966, -0.638830765721, -0.119595837687, 0.327537418502, 0.217527914983, 0.919456821, -0.561361871795, -0.737954510096, 0.374561063011,  
1675, 1531246.4634771491, 71.50210537961108, 121.52579229564269, 78.28178583658966, 38.42618803275659, -0.282027275542, -0.529797558363, -0.799859464533, -0.948819374813, 0.0305085489801, 0.314342205912, 0.142135181532, -0.847575232998, 0.511286431053,  
1679, 434685.4287890733, 46.99252967474066, 85.44608774154364, 69.44520302603436, 17.488478937824194, 0.377632670101, -0.918447391708, -0.117677334853, 0.0246988223037, -0.117050993921, 0.992818731189, 0.925626023105, 0.377827279967, 0.0215177104495,  
1691, 1547707.611063848, 71.75741242881924, 120.3543881732707, 86.23632002368633, 35.59984966691439, 0.6566655644, 0.628832762459, -0.416364856094, -0.306006043764, 0.726744257952, 0.614982182436, 0.689311713023, -0.27642745955, 0.669654554151,  
1698, 2118664.2875453546, 79.67544766388562, 134.7614214327904, 80.33818008204372, 46.718185237735476, 0.501185223518, -0.121678723265, 0.856742470076, 0.799772311043, 0.44317870832, -0.404915896181, 0.330420371974, -0.888136769195, -0.319429893698,  
1705, 930899.8574915864, 60.57193553998739, 86.24445872604761, 61.18531595574638, 42.11491675518362, 0.236250523103, 0.890676317694, -0.388434534295, 0.51993533113, 0.221835645461, 0.82489768932, 0.820885462033, -0.396843348819, -0.410685298886,  
1709, 40146.050538826945, 21.24147835164721, 138.87482078642284, 55.527033528319514, 1.2428715125123013, 0.0147914170337, 0.0609817670092, 0.998029277163, -0.435609275343, -0.898044196578, 0.0613284618153, 0.90001431834, -0.435657945051, 0.0132808771097,  
1711, 2272188.5299377455, 81.55524898799922, 128.9572893548107, 100.04610680044257, 42.04454577017501, 0.760346777187, 0.284332212505, 0.583976002378, 0.161149190173, -0.953562019918, 0.254461023885, -0.629208802328, 0.099371359567, 0.770857714478,  
1718, 1452735.7535548138, 70.25857524795015, 86.36562730847315, 77.77269142914035, 51.63330865589292, -0.113341406943, -0.963441875738, 0.242762183108, -0.0252207957828, 0.24704782675, 0.968675014005, 0.993235942227, -0.103668333514, 0.0522995190627,  
1721, 844186.4400553989, 58.62955360251782, 97.93321078767421, 90.63589931815211, 22.70489621196968, -0.623452573731, 0.747358266918, -0.229700912443, -0.450632249324, -0.103392945104, 0.88670202141, -0.638934632163, -0.656327296226, -0.401244334603,  
1727, 904846.8065002037, 60.001505794907025, 114.86824326942764, 94.60222201611043, 19.878569667162566, -0.636477261805, 0.686704468783, 0.351188934562, -0.735044788924, -0.402089763374, -0.545923969491, -0.233678953868, -0.605607789533, 0.760679532902,  
1738, 3296068.7806866206, 92.32143623771952, 131.76105666978734, 83.68328233537649, 71.36444310172516, -0.0791473637732, 0.308970360255, 0.947772658021, 0.987435097761, 0.154748692126, 0.0320120289109, 0.136775811157, -0.938397654925, 0.317336128913,  
1740, 3842345.0898057795, 97.1633737105793, 140.83731490700274, 102.7669103488565, 63.37773606694879, -0.795985459026, -0.523033769909, 0.304701205371, -0.598579242021, 0.605241373438, -0.524772113303, -0.0900557607369, 0.600098788045, 0.794840490001,  
1747, 238203.12575343566, 38.45501179773411, 86.12927221775641, 63.71593169992615, 10.362392334232943, 0.835173263692, -0.522874934681, 0.170550351206, -0.0491935970225, 0.237836362744, 0.970058686147, 0.547782447351, 0.818557064131, -0.172912472468,  
1749, 193894.8885423867, 35.90535709599802, 115.43942044214465, 110.78297912433483, 3.619516606281285, 0.630127214152, 0.323716732413, -0.705795417342, 0.299107639579, -0.940003585676, -0.164097162869, 0.716571220418, 0.107706713219, 0.689147988459,  
1751, 1065775.4854893754, 63.36640066997381, 132.4218527485711, 45.93124677651743, 41.83205724220348, 0.184287331491, -0.917088349327, 0.353535201898, -0.862745115857, 0.0213810659089, 0.505186812065, 0.470859899032, 0.398110298222, 0.78727323461,  
1758, 4440302.312367449, 101.96269598163897, 111.38050507542565, 99.43314050126709, 95.7157905876515, -0.0655250457801, -0.900543541659, -0.429799718417, -0.701721057743, 0.34781437167, -0.621781891003, 0.709432185269, 0.260857226152, -0.654720919224,  
1762, 742804.2737659687, 56.18174982270879, 115.84355907427123, 88.75419901916538, 17.247453534390555, -0.915557702705, -0.249722915857, 0.315265853388, 0.125302791626, 0.567751970642, 0.81360734402, 0.382169207849, -0.784408162329, 0.488518711457,  
1765, 1269045.1033861854, 67.16290660440295, 147.5713113523077, 87.37673923591683, 23.49582389377118, -0.0720623020507, 0.908497447688, -0.411630188601, 0.943911958026, 0.195454243385, 0.266135030083, 0.322237862638, -0.369364354381, -0.871626487433,  
1766, 1171871.5011139316, 65.40291840342087, 123.81832506952897, 50.55133846790407, 44.696529109362956, 0.375884934814, -0.766200277295, 0.521198283625, -0.731044271092, -0.590821535962, -0.341327095828, -0.569460085944, 0.252719306182, 0.782207237757,  
1788, 1067135.194852735, 63.393336697524965, 122.13302815741055, 75.36954455632642, 27.675904169669522, -0.659210798877, 0.735355959746, 0.157139222062, 0.749905550394, 0.65832667932, 0.0651739885536, 0.0555228613474, -0.160802971869, 0.985423571925,  
1789, 345007.5535428465, 43.50908980355425, 99.42022995319049, 75.22097772655347, 11.013522841617108, 0.494864695948, 0.868845818251, -0.0146927469336, 0.303466839573, -0.156951195221, 0.939826685936, -0.814258441764, 0.469545808656, 0.341335500043,  
1814, 4273534.777407015, 100.66987848974908, 143.6601429774181, 101.06221708681525, 70.27057664721515, 0.305174115706, -0.828536876008, 0.469462889053, -0.883313866798, -0.43049225939, -0.185561384256, -0.355844589427, 0.358054548498, 0.863233206309,  
1825, 2222508.191802871, 80.95647446564107, 113.41602111332634, 71.56234490353452, 65.37260497156704, -0.971082786948, 0.00930987355311, 0.238561411689, -0.0372699854717, -0.9929000182, -0.112962392158, 0.235815964421, -0.118587014945, 0.964535095686,  
1861, 2688800.975065681, 86.26275996368828, 120.22425181735703, 85.7066733878475, 62.296453875202985, 0.487143390463, 0.279873377228, -0.827261875011, -0.657657773191, 0.740820888193, -0.13664064175, -0.574610799141, -0.610618788063, -0.544946901243,  
1869, 182946.30186934725, 35.216404090686375, 88.11103097184943, 47.07243365517784, 10.530235665785831, -0.887993755649, 0.219861663145, 0.403890998918, 0.44508606192, 0.631730649236, 0.634676913319, 0.115609201245, -0.743355390035, 0.658830233591,  
1875, 901965.8421750837, 59.93775799373343, 108.70841975478898, 71.42881947860191, 27.73095502596993, 0.663168456907, 0.192650021599, 0.72325207704, -0.512373775809, 0.821245206413, 0.251056616737, -0.54560123866, -0.537068226692, 0.643332735255,  
1884, 1821837.6147351956, 75.7658823145987, 136.1599382572282, 97.76657106016643, 32.672421701390114, -0.229292831412, -0.581185808783, 0.780799496114, -0.973187026807, 0.151897367402, -0.172725796079, 0.0182156064371, 0.799468726996, 0.600431466728,  
1897, 1391909.9209159499, 69.26399019676356, 123.02932692684745, 73.25361032068899, 36.87099342615129, -0.910597669585, -0.408053132267, -0.0656088819794, 0.165729119742, -0.505939831574, 0.846497930119, -0.378610278541, 0.759945740217, 0.528333918,  
1911, 644059.1990025386, 53.572970303117486, 106.05339729207499, 51.645458422567735, 28.072459010376168, -0.932955219346, -0.147952423168, 0.328183849655, 0.0148748350002, 0.895018978263, 0.445779954498, -0.359684998268, 0.420774415842, -0.832811859302,  
1914, 1444529.037182481, 70.12602501873207, 126.15814606938972, 91.53197719358606, 29.864106448577754, 0.784055911358, -0.61982358781, 0.0327879224486, -0.507977004146, -0.610425378696, 0.607733675471, 0.356673087187, 0.493152691402, 0.793463755845,  
1915, 1939195.0424604265, 77.35902028385088, 114.574064915075, 95.61200152038262, 42.26045335742023, 0.742203458686, -0.339892969273, 0.577587045693, -0.525830589555, -0.829676082335, 0.187456100165, -0.415495146785, 0.442843502651, 0.794514578317,  
1918, 960722.0171058085, 61.21197301412465, 102.94444886900659, 63.98162359507595, 34.821778201700255, 0.907723967281, -0.208491522483, -0.3640995527, -0.302513096829, 0.276093114882, -0.912281983907, -0.290728439391, -0.938245104953, -0.187544921451,  
1922, 893494.5557465729, 59.74952179578139, 114.55699641259852, 66.40587385185817, 28.039817777641233, -0.999337854416, -0.0200547774451, -0.0303588312328, -0.0353231185558, 0.334659397062, 0.94167689005, 0.00872525229929, -0.94212573145, 0.335146201101,  
1925, 331662.12248837424, 42.940696931668825, 101.28405391638336, 66.36167003005971, 11.780097470215946, -0.975200528952, 0.0448649369551, -0.216728091775, 0.211557721451, 0.476630419416, -0.85326828945, -0.06501737327, 0.87795818848, 0.474301760964,  
1930, 1775809.98853844, 75.12237246162341, 94.81895412639993, 82.35164533456948, 54.29257550474607, 0.38940183766, 0.330227705714, 0.859834792973, -0.897758978031, 0.344761972211, 0.274167831596, -0.205900524993, -0.878685862465, 0.430715833133,  
1939, 1208199.2688137672, 66.07187828830267, 105.34859366741374, 83.02262860999055, 32.97803216054361, 0.583108649254, 0.806270586933, 0.0995592477492, -0.273272891942, 0.0792584359093, 0.958665753465, -0.765053089462, 0.586213136141, -0.266548174484,  
1941, 2091448.3142164892, 79.33281089712571, 99.29579600728387, 90.16814749914641, 55.76664508448221, 0.788406341481, 0.397556355368, -0.46942985101, -0.408082447269, 0.909028403877, 0.0844753051221, -0.460308762619, -0.124965216165, -0.878919528629,  
1957, 1362061.3870150126, 68.76530242694695, 101.05304443320439, 80.11701323509993, 40.16371896319084, 0.446121596782, 0.738424472146, 0.505672640965, -0.371818268918, -0.361023651551, 0.855226927733, -0.814080276007, 0.569553528614, -0.113499261055,  
1968, 1434441.5830756407, 69.96240857711108, 108.0997052086617, 61.02312729069634, 51.912899604211624, 0.214457227623, 0.93439578654, -0.284451422243, -0.693644042152, 0.350732496548, 0.629161869992, 0.687652557842, 0.0623797239562, 0.723355189193,  
1973, 2385411.529821548, 82.88798235761075, 131.93144523136428, 81.00878665030571, 53.28368565196175, 0.589232369364, -0.683398154779, -0.43101296609, 0.504238550623, -0.105781359289, 0.857061134396, -0.631307135203, -0.722341516231, 0.282265894096,  
1980, 1565877.018047888, 72.0371208753921, 122.01509702337067, 96.42651886152993, 31.773055609184098, 0.667783558427, -0.391706277025, -0.63295443093, 0.63452519291, 0.744126180706, 0.208935412866, -0.389156650536, 0.541149165874, -0.745462729865,  
1999, 152392.16898590865, 33.135333575985214, 114.79816049524219, 29.876479285889552, 10.607418267873308, -0.503892453344, -0.371950582358, -0.779580117593, -0.148551638829, -0.851771132068, 0.502412528882, -0.850896472002, 0.368969785836, 0.373947176852,  
2000, 1531622.3680186542, 71.50795590023009, 117.14273620251922, 78.88164857966883, 39.57051917854594, -0.971301630659, -0.218220118423, -0.0946209395144, -0.231523925372, 0.77628324816, 0.586328398261, 0.0544960022331, -0.591408740671, 0.804528363203,  
2002, 868855.63383625, 59.19517889707842, 96.55927170585699, 71.33707385964482, 30.11270291399522, 0.554907370276, -0.396606260091, 0.731287416048, 0.667622607402, 0.73676787245, -0.107019419786, 0.496344501833, -0.547609876264, -0.673621228078,  
2003, 619438.4118596255, 52.881428031226584, 130.75967130273676, 91.18106328655595, 12.403123011876554, 0.660518439574, -0.369896986096, -0.653369428929, 0.215284226319, -0.7403709396, 0.636791625018, -0.719283040868, -0.561272742499, -0.409395671261,  
2005, 504991.70261279517, 49.400560639993834, 104.5975163543007, 64.66049720608522, 17.82523322579954, -0.0662858027978, -0.949960584229, -0.305255762861, -0.984793209717, 0.111521782476, -0.133211208718, -0.160588064445, -0.291783790581, 0.942907043728,  
2007, 2649822.703432532, 85.84389259148892, 112.788517529253, 95.96232603604678, 58.44704419342314, -0.931273725337, 0.0682096448301, -0.357878041864, -0.305905056167, 0.387108311414, 0.869809894084, -0.197866988423, -0.919507802896, 0.339638124047,  
2008, 763137.7049718094, 56.689779457629015, 83.4827244542193, 53.70681520603551, 40.63387954900353, 0.424625860901, 0.466425253169, 0.775977036684, -0.510870148234, -0.584163910268, 0.630685514011, 0.74746543057, -0.664228883102, -0.00976836507828,  
2009, 2703231.8754672064, 86.41680990068538, 120.24744451188087, 116.58242554294102, 46.03474568036789, -0.194487046, 0.979609782887, 0.0503930769995, 0.948245258344, 0.174616807989, 0.265216704594, 0.251009400155, 0.0993662097447, -0.962871038818,  
2012, 1619618.9328629256, 72.85198875166535, 104.37710044692837, 76.75973518457555, 48.2598024327661, -0.577390585553, 0.427354268699, 0.695692777553, 0.815515600931, 0.260718657662, 0.516681803614, -0.0394260872248, -0.865675522682, 0.49905057166,  
2019, 978889.2444054044, 61.59540509556692, 117.66080661788622, 63.015780696997936, 31.518374028507328, -0.838024259027, 0.0915901115254, -0.537890874391, 0.542165976862, 0.028822908942, -0.83977693077, 0.0614116830524, 0.995379571516, 0.0738113391952,  
2025, 577952.5473350878, 51.6734975065116, 142.6217346957427, 72.02102686204563, 13.432552583069988, -0.692665401058, 0.566071149353, -0.446965430483, 0.71583578318, 0.615393802241, -0.329953935698, -0.0882823521211, 0.548501524185, 0.831475979371,  
2033, 3721576.8256243058, 96.13454160122625, 123.55918498096669, 88.72753035116857, 81.0410297822712, 0.855479459457, 0.431274820035, -0.28663029158, 0.335368309017, -0.0396719928302, 0.941251417153, 0.394566840668, -0.901347969759, -0.178574482099,  
2034, 2950117.192143034, 88.97135806641418, 118.25415280737113, 97.35743497441459, 61.17375435912012, -0.740343789945, 0.549651949976, 0.387006209998, 0.529431238773, 0.121996833872, 0.83953519041, -0.414238622174, -0.826437841832, 0.38132251112,  
2038, 1754876.054938803, 74.82601435712645, 115.83129313496333, 69.15737658634364, 52.299004663272996, 0.375990325727, 0.926184119739, 0.0285350889735, 0.771843487626, -0.295998055394, -0.562710211221, 0.512726930802, -0.2335982182, 0.826161586425,  
2043, 511229.60445515445, 49.60313535747324, 117.0792405583392, 84.63745115317595, 12.316431987930839, -0.241696036857, 0.189192486284, -0.951729598626, -0.255068737874, 0.933929750944, 0.250429948811, -0.936228051666, -0.303284393657, 0.177470030814,  
2054, 4461773.7615626855, 102.1267814662472, 123.33924509278347, 101.63620043569131, 84.9707064275461, -0.926886238979, 0.0167481895094, 0.374968529531, 0.167717557272, 0.912204079096, 0.373837583804, -0.335786719471, 0.409393717868, -0.848318373488,  
2059, 1916515.4650955019, 77.05625644734809, 123.86481979533576, 73.53506860389636, 50.23208925260266, -0.960424383311, 0.15360742217, -0.232356974925, 0.278449940861, 0.550784945785, -0.786830079453, -0.00711578364666, 0.820390579755, 0.571759269511,  
2081, 681789.7956648626, 54.59932779192207, 114.00947489794812, 42.69366121004273, 33.439328110771136, -0.766140995057, 0.533690463455, 0.358053717912, 0.630101109577, 0.51411935831, 0.581939753859, -0.126493349247, -0.671457947029, 0.730166869947,  
2086, 832693.5264422199, 58.362272363808685, 137.15888161891897, 115.36987155637202, 12.56262033120361, -0.951757938231, -0.0889421377052, -0.293676902659, 0.300887380793, -0.458265623387, -0.836336895337, 0.0601964375585, 0.884353953212, -0.462919511733,  
2090, 2064306.4778617562, 78.98813420099425, 114.15606057357269, 92.99789074796064, 46.42089337771068, 0.544798466885, -0.379713268554, -0.74767136107, -0.10979436764, -0.916230109522, 0.385314914375, 0.831348198599, 0.127828870328, 0.540851137187,  
2093, 2708863.3413994173, 86.47677710491057, 112.84980142787278, 100.15970296306502, 57.21430931655605, -0.262377764069, -0.962449194529, -0.0696380418545, -0.93277473966, 0.271448146218, -0.237164898262, 0.24716228267, 0.00272981063949, -0.968970254527,  
2096, 1895523.0972484122, 76.77388016517416, 95.85410687446458, 88.04320624520689, 53.62087500786009, -0.379046116609, 0.915538407335, 0.134586277822, 0.92267467694, 0.362811938945, 0.130533281167, -0.0706787239323, -0.173657483725, 0.982266560731,  
2097, 1648478.2120077584, 73.28214970396205, 122.4299200163963, 80.1843213902579, 40.088294324368576, 0.92765370532, 0.364870583456, -0.0795491064386, 0.300711763952, -0.603537211678, 0.738454649346, -0.221429532872, 0.708951543795, 0.669594407476,  
2102, 433219.2430963737, 46.93963518946437, 103.47706978765873, 77.18305912910189, 12.949500601391362, -0.47885920127, 0.872781904391, 0.09458124934, -0.398796658409, -0.312242524601, 0.86224464688, -0.782083813029, -0.375175096719, -0.497582712924,  
2104, 1335730.1890340648, 68.3192952059814, 141.30914020509627, 85.4181893374309, 26.41858283855819, -0.959120880719, 0.219031401286, 0.179199278512, -0.00863818766865, -0.655584248148, 0.755072629152, 0.282864840308, 0.722657968081, 0.630676575819,  
2106, 347714.93822564767, 43.62260331091044, 88.81772285542918, 37.46636828824751, 24.945574333284956, -0.914832657263, 0.382500253625, -0.129517431962, -0.037205783415, 0.239523554373, 0.970177404695, 0.402115579014, 0.892368770676, -0.204892748131,  
2109, 1612787.238828938, 72.7494123749047, 117.09034259580288, 74.221012089593, 44.303753316252184, 0.397161074324, 0.547400404975, -0.736624651824, 0.507893727337, 0.5374288984, 0.673211809832, 0.7643997925, -0.641500565704, -0.0645753933676,  
2110, 2430089.8636252424, 83.40227710555052, 118.67546611490329, 89.45163602854856, 54.649285777405304, -0.472904157043, -0.872903909838, -0.120001760157, -0.860212389607, 0.427895762635, 0.277380354541, 0.190778151311, -0.234401323606, 0.953236443111,  
