# Void_ID, Void_Volume, r = (a*b*c)**(1/3.0), a, b, c, vector_a, vector_b, vector_c 

0, 1943699.0797725616, 77.41886616440954, 104.71809958718686, 77.82545582285256, 56.937316498463886, -0.736035776328, 0.00662903837905, 0.676910180021, 0.119869650112, 0.985426467217, 0.120689455586, -0.666245152288, 0.169972743573, -0.726103755323,  
1, 1353363.1511354642, 68.61860942827377, 148.17112585755646, 69.99477629406444, 31.152759871684655, -0.499024092863, -0.400493120172, 0.768492170056, -0.0914346288437, 0.906185446377, 0.412877276467, -0.86175092886, 0.135768912014, -0.488827310141,  
2, 1952410.6235461216, 77.53435604881494, 120.63054655060844, 80.53975015782066, 47.97499953760371, 0.729539878309, -0.628027500436, -0.270837635223, -0.276410325039, -0.632953928358, 0.723164335948, -0.625594835472, -0.45271490286, -0.635358417399,  
3, 1768175.0071919626, 75.01455652091083, 105.62883514707657, 74.61928757306612, 53.555373134000654, 0.468647656013, 0.767392978434, -0.437581296635, 0.838190452898, -0.229873695983, 0.49456531274, -0.278937518423, 0.598553339767, 0.750951236946,  
6, 2292373.851753775, 81.79604004806892, 115.78299159992243, 82.46431505819696, 57.31733822686511, 0.62812981127, -0.680101825953, 0.378040271043, 0.202792366697, 0.612139909, 0.764303596629, -0.751217808764, -0.403418192631, 0.52242278439,  
10, 2149073.2378569506, 80.05482925224325, 134.3508632601315, 104.5148687431486, 36.537940640212675, -0.173238121941, 0.327771364727, 0.928738114633, -0.973180620928, -0.201886763298, -0.110277893777, 0.151353996172, -0.922934270287, 0.353955223966,  
14, 3193755.0314222174, 91.35612374762925, 123.74883292150122, 90.27282970518829, 68.25191236107614, -0.914405543187, -0.367582938786, 0.169544347304, -0.372680638917, 0.927957744062, 0.00188854758169, 0.158024187913, 0.0614589973009, 0.985520749495,  
15, 2298066.1972407526, 81.86368847476807, 121.00914066755412, 78.64594313481066, 57.64736003875276, 0.731923864107, 0.667438821489, -0.137160040534, -0.44334255377, 0.619336306372, 0.647973702882, 0.517430997494, -0.413458533808, 0.749211054146,  
17, 1824532.0521723374, 75.80321565846955, 118.06120319431311, 73.82501817587945, 49.9749214739036, -0.857761952752, -0.511026287487, -0.0556467960309, -0.469902017939, 0.735602056186, 0.487936172538, 0.208414313202, -0.444681625922, 0.871103739873,  
19, 3255989.7899595154, 91.94571090488304, 141.10120995785286, 96.78135412822301, 56.92093074792382, 0.179257368301, 0.422847703114, 0.888294216958, 0.463193427221, -0.832857238657, 0.302986252158, 0.86793930945, 0.35713952454, -0.34515607357,  
20, 2803850.658650168, 87.47596784465466, 115.48377586788531, 89.1266872322146, 65.03356012412881, 0.723628136766, -0.0470648144967, 0.688583490157, -0.306094251122, -0.916075844409, 0.259058597079, 0.618602157377, -0.398233537672, -0.677304525573,  
21, 1343211.9437777163, 68.44661553312143, 151.9258448902882, 69.65527355765562, 30.30192878394633, -0.728803297332, 0.408656566143, -0.549404736735, 0.680239637798, 0.5237871272, -0.512758306172, -0.078229080063, 0.747426823393, 0.65972217994,  
24, 3093878.6257683183, 90.39371199304895, 108.04902112843665, 94.5470301291308, 72.30127144058171, -0.962786214906, 0.246911339299, 0.109897656539, -0.23719382689, -0.966873184291, 0.0943150782396, 0.129544559408, 0.0647382114661, 0.989458018869,  
27, 1263295.3488189564, 67.06131974540654, 114.4945826288797, 90.9949764798046, 28.94769129064887, 0.7369527911, 0.169829295138, 0.654261869746, -0.542872647511, -0.427983116768, 0.722578535764, -0.402728037607, 0.887687142114, 0.223207673369,  
31, 873247.6513855518, 59.29475409632165, 118.89986720603629, 57.29288824858492, 30.603192278075515, 0.169247090026, -0.546636356606, 0.820087870996, -0.78698621108, 0.425952295469, 0.446337703488, 0.593302727188, 0.720939203831, 0.358104088626,  
33, 1663222.4801118418, 73.4999841891179, 142.99693614158747, 78.41619700654883, 35.41026919681417, 0.154306982047, 0.330651294007, 0.931052671476, -0.469744468368, -0.804469885433, 0.363549636046, 0.869211993549, -0.493455089348, 0.0311862961497,  
34, 2494571.228027336, 84.133527838813, 132.06732257215845, 83.5971835290433, 53.941159838805, 0.444400256859, 0.548636235781, -0.708171372262, 0.736711327014, 0.225934111918, 0.637346214958, -0.509671298342, 0.804954693048, 0.303781351941,  
35, 1781100.6052875915, 75.19690176360143, 117.82799936800302, 86.314985204549, 41.80855309084355, 0.0718815477521, -0.710315718408, 0.700203272825, -0.978604773769, -0.185914910818, -0.0881382022326, 0.19278417946, -0.678886755002, -0.708482204457,  
36, 1599764.600600758, 72.55307510828088, 118.47932620585901, 84.64020857684869, 38.0844924936945, -0.264270635614, -0.448371957541, 0.853887357234, -0.623247393262, 0.755059279854, 0.203588238112, -0.736018829884, -0.478380676446, -0.478986649563,  
42, 2760016.852871492, 87.01772166083762, 127.67981506623353, 80.79954310758268, 63.869273273810805, 0.574071172588, -0.800406906789, 0.17260090489, -0.44252183725, -0.125925281535, 0.887872314597, -0.688924315408, -0.586081570291, -0.426487608969,  
43, 1580183.4208795081, 72.25584160410608, 99.66035503411639, 75.30437425009625, 50.26622345901888, -0.586386375462, 0.604809295941, -0.53884759832, -0.129171198168, 0.58688825342, 0.799297804051, 0.799666067953, 0.538300932138, -0.266019334304,  
46, 1954927.3047455372, 77.56765598966412, 127.88094942940467, 101.49622007462293, 35.95723452509768, -0.90964642008, 0.386964549688, -0.151002740771, -0.361011760551, -0.5566797739, 0.748183224936, -0.20546021313, -0.735095957421, -0.646080516812,  
47, 691243.4553467482, 54.85052739362554, 125.52453451685044, 52.48908013508701, 25.046372870550115, -0.695764138352, 0.617524770472, 0.36684522845, 0.718097888223, 0.5868409927, 0.374103023533, -0.0157380657089, -0.523718251678, 0.851746151237,  
50, 3288632.8470154526, 92.2519582205999, 130.16963767210248, 94.57396166892848, 63.77427102468123, -0.00620297014067, -0.413847057225, 0.910325291523, 0.95790209287, -0.26375805748, -0.113381072446, 0.287028053744, 0.871299202536, 0.398061045599,  
51, 1693785.3132583834, 73.9474583027446, 127.55411139270201, 80.18458158193877, 39.535244101372406, -0.109954733996, -0.991654877755, -0.0673094339303, -0.943149732374, 0.125467101718, -0.307776848883, 0.313653533049, 0.0296413530486, -0.949074734357,  
52, 2044660.228530688, 78.73675522792314, 120.78119931545751, 72.9705206551574, 55.38418348921533, -0.954792544818, -0.186020193671, -0.231878597343, -0.29688728029, 0.556972543365, 0.775654258507, 0.0151373432745, -0.809430709502, 0.587020261451,  
61, 1892267.6537563575, 76.72990351881913, 122.94941939163911, 90.50588546410333, 40.59669253564142, -0.984170583988, -0.156673903606, 0.0828344707325, -0.176502706189, 0.908631561708, -0.378464634776, 0.0159704827976, 0.387094268876, 0.921901822692,  
63, 684127.065596311, 54.66164798679388, 110.25216902299533, 45.12660704034908, 32.82678416485615, -0.881223665435, 0.464950453263, -0.0852404099445, 0.393892399444, 0.821963969617, 0.411368460522, -0.261330497907, -0.328932073023, 0.90747455182,  
70, 1164446.6736306527, 65.26449748478089, 117.44888732547447, 93.24215004479248, 25.38456989499296, 0.315288644353, 0.74098847115, -0.592898942792, -0.242385170394, 0.666920286326, 0.704603974485, -0.917519754509, 0.0784437206463, -0.389877009807,  
71, 1130868.6025501152, 64.63104516402618, 84.66831217677472, 64.74653411795991, 49.247717757724025, 0.763259079926, -0.0269611545103, 0.645529761559, -0.201460760545, -0.959246926068, 0.19813857976, 0.613880394598, -0.281279986803, -0.737585540905,  
74, 2484114.2583982763, 84.01580367541649, 113.98617854236497, 86.54673829951152, 60.11461349972674, -0.31544888097, -0.762594160041, 0.564749635295, -0.948849482968, 0.261813612347, -0.176460451832, 0.0132914320425, 0.591526651522, 0.806175885507,  
75, 3545398.424833265, 94.59295936698295, 126.31629620333203, 93.4835032712453, 71.67737236054492, -0.110166848103, 0.890113491038, -0.44222306436, 0.943915925741, 0.233038287695, 0.233914261216, 0.311265145353, -0.391651796294, -0.86586539355,  
76, 1070217.7424928774, 63.45431776310159, 116.25305592857424, 49.64656041017624, 44.26800945790414, 0.245235095514, -0.836058195181, 0.490781460732, -0.79511610006, -0.463091664069, -0.391582045165, -0.554662181291, 0.294198580791, 0.778329660045,  
77, 1368902.6268981092, 68.88023960883736, 126.16625688904458, 67.82295613384133, 38.191262393108744, -0.694486831605, 0.626695611284, 0.35346944921, 0.702926302412, 0.695818590084, 0.147414731526, 0.153566448501, -0.350840562778, 0.923757676777,  
89, 1578193.9400703264, 72.22550504544665, 104.32390486860764, 70.30099036496017, 51.3720012589884, -0.149863702447, 0.821811410789, -0.549697076385, 0.674880568844, 0.491336155817, 0.550567888441, 0.72254902151, -0.288469733393, -0.628258007853,  
90, 1341223.8149084277, 68.41282888530371, 117.7533400398389, 68.68704625743055, 39.58809205177218, -0.911654757155, -0.0336426552128, -0.409577557377, 0.392470360044, -0.366834210991, -0.843445124554, 0.121871326584, 0.929677811608, -0.347629898542,  
91, 1963589.8580439345, 77.6820581827299, 108.01605667178443, 106.48466970558631, 40.755550563105054, 0.706161410415, -0.648947999466, -0.283200558667, 0.246181117512, -0.149988220655, 0.957548114219, 0.663875680998, 0.74590215689, -0.0538428502727,  
93, 3325257.695999582, 92.59315860568425, 118.66864577129401, 108.52035267057497, 61.64381596529328, 0.570692234704, -0.152749557336, 0.80683204323, -0.407149109321, -0.905903876033, 0.116480771669, -0.713119888958, 0.394975619656, 0.579184153659,  
101, 1097008.474151337, 63.97944342342331, 130.97264870068153, 120.12039694996159, 16.646540968256925, -0.0983721612634, -0.972384041435, -0.21164166379, 0.995148770457, -0.0964117404351, -0.0195882863904, -0.00135740406952, -0.212541883566, 0.977151014524,  
104, 1757397.122394277, 74.86182907398833, 83.69071088374706, 74.27046570858847, 67.49753265281961, 0.371294593953, -0.920860541098, -0.118979781264, -0.783495839231, -0.241957409109, -0.572355555651, -0.498271607067, -0.305732687206, 0.811327880431,  
108, 2700746.647461295, 86.39031922398534, 126.73880471488623, 81.2108858246202, 62.642831764545804, -0.259014821815, -0.954026380557, 0.150814413375, 0.201286171419, 0.0993986646871, 0.974476158074, -0.944666713331, 0.28276062431, 0.166286590153,  
109, 1398793.1793458108, 69.37797702798379, 109.44045147136379, 70.55349185080743, 43.248246917656125, -0.0998689984473, 0.95818995688, 0.268138377865, -0.0328007923924, -0.272509619993, 0.961593788993, 0.994459798668, 0.0872382573551, 0.058644652664,  
118, 964941.642724406, 61.3014593150373, 135.96092520398292, 68.2073320934358, 24.84089653441565, 0.848656070797, -0.455777852279, 0.268420235585, -0.391574986944, -0.200191782492, 0.898104826745, 0.355600763636, 0.867288763674, 0.348365178091,  
119, 1171200.5121009618, 65.39043324098449, 113.96449645358781, 77.69282138308347, 31.578549337197376, 0.333650144836, 0.942432831648, -0.0223145397286, 0.75092514057, -0.280011741365, -0.598084323451, 0.569902635641, -0.182794372261, 0.801122464645,  
120, 1301962.2541608473, 67.73865899160067, 105.2277526506885, 78.8158993095645, 37.47707205012498, 0.363439914194, -0.307991370621, -0.879234180633, -0.894451450315, 0.148554327953, -0.421767963074, -0.260514935849, -0.939719600343, 0.221492755932,  
127, 784273.1704807515, 57.20837120180523, 107.92992473604583, 69.01957308371608, 25.134173353268814, 0.504145684252, 0.470615466238, -0.724125826074, -0.288006226256, 0.882097374368, 0.372768877149, 0.814180288811, 0.0206229258634, 0.580245768827,  
136, 3014757.4431393147, 89.61648841351425, 117.63685455930336, 90.43592722690032, 67.65180174321468, 0.174274298916, 0.624295304594, 0.76150104491, -0.776202007034, -0.388766346283, 0.496357907436, 0.605919889931, -0.677581065748, 0.416827285967,  
138, 1480930.6822249265, 70.7101959210699, 112.78707628878456, 79.31655323524996, 39.520547232568504, 0.22003182048, 0.532165406916, 0.817548761639, -0.78580240896, -0.399903623535, 0.471796212317, 0.578014335505, -0.74624196583, 0.330185336417,  
139, 2266245.3041267893, 81.48408052775083, 118.24978220796802, 74.10357787124443, 61.74172815816604, 0.43176215371, 0.640329016551, 0.635263876815, 0.523077469247, -0.751522163772, 0.402000495677, 0.734827465321, 0.158723621183, -0.659420509454,  
140, 2635231.166082568, 85.68603289701782, 121.52295574329824, 95.08075176320453, 54.4476547420166, 0.834052609329, 0.521206649841, -0.180831062137, 0.181819955019, 0.0497722086449, 0.982071398221, -0.520862504726, 0.851977907817, 0.0532531291372,  
141, 298309.9348053531, 41.45017508030472, 125.70433987817599, 31.514917847413617, 17.97681117887719, -0.996374674275, -0.0830428497366, 0.0184768387518, -0.0849891069659, 0.96195168041, -0.259664815201, -0.00378948014465, 0.260293775691, 0.965522029876,  
143, 2079226.7283932802, 79.17797919448783, 118.00501430094599, 74.73653257193932, 56.28333634334626, 0.93383544364, -0.3266656774, -0.145742579265, -0.209066172254, -0.829043461387, 0.518631154821, -0.290245929895, -0.453846311367, -0.842484911342,  
144, 3308594.7267333465, 92.4382371498967, 103.45143265724877, 91.04703569733265, 83.85957245275439, -0.0544735914673, 0.535363488102, 0.84286331243, -0.819863288433, -0.505810902092, 0.268289991623, 0.569962118139, -0.67641796763, 0.466478206302,  
145, 1305051.1674673106, 67.79218680797632, 135.75372602771222, 71.55688227140129, 32.0727176929427, -0.438172148382, -0.19960330214, 0.876449479523, -0.892221582463, 0.215131629178, -0.397063004968, 0.109296917473, 0.955969091499, 0.272355062243,  
146, 260683.0371097792, 39.62853835618257, 132.51484347128647, 54.54126673856062, 8.610619821744702, 0.664611765637, -0.65737834421, 0.355168852154, -0.430601677959, 0.0514920658934, 0.901072007161, -0.61063360202, -0.751799361341, -0.248845985241,  
147, 2008742.6018638168, 78.27298452645194, 119.95905440134042, 73.9567213543472, 54.05364654681563, -0.110554089, -0.879845437699, -0.462222672708, -0.626555633506, 0.42271476296, -0.654782610717, 0.771495840253, 0.217219324499, -0.598004961131,  
148, 717281.3066985433, 55.530762192742806, 118.33316714589887, 66.75427790622926, 21.67780536102727, 0.670061821041, -0.569791816524, -0.475767213882, 0.435308915163, -0.217533243205, 0.873604851452, -0.601268080279, -0.79247496738, 0.102274736441,  
149, 3020544.30062426, 89.6737916838414, 128.1424505333944, 88.51355749920945, 63.57608480413936, -0.777036987037, 0.537621665922, -0.327378168343, 0.0314862728326, 0.552644658442, 0.832822007465, 0.628666951095, 0.636825585091, -0.446353042752,  
153, 445958.31185123324, 47.39529358815819, 130.0796885557151, 62.76326873737372, 13.04039093805468, -0.956452632242, 0.0620668226728, 0.285212327575, -0.178986389653, -0.896573226306, -0.405117664624, 0.230569370464, -0.438524981495, 0.868638938805,  
155, 2454810.3004664322, 83.68413072215509, 121.67658711077077, 94.43167782438928, 51.004042827867195, -0.678374109944, 0.445063252626, -0.584574433345, 0.586739249881, 0.807045229512, -0.0664458438982, -0.442205404317, 0.388067904734, 0.80861466825,  
156, 808260.8772254467, 57.78578040445568, 107.38438541161496, 76.79722152980122, 23.397868984234382, 0.82356919114, 0.536990918605, 0.182687002113, 0.230865695452, -0.611535306511, 0.756786363219, 0.518106956206, -0.581089771229, -0.627614419612,  
157, 762912.2646832697, 56.68419662120959, 108.12307008145028, 69.73074953559245, 24.157015906214266, -0.0629987012393, 0.932650024501, -0.355239490261, 0.26698162745, 0.358723009007, 0.894448776294, 0.961640251989, -0.0384933060128, -0.271599505054,  
165, 833288.1601115721, 58.37616139320197, 99.6758888142405, 71.3367512746164, 27.97712978185456, -0.530800738075, -0.510834025465, -0.676238992432, -0.839701218813, 0.209024600357, 0.501209117605, 0.114684086007, -0.833880875708, 0.53989836594,  
170, 1944169.7703870868, 77.4251149699258, 111.53486939399605, 101.09622843563987, 41.16233092889232, -0.628089992352, 0.777856521601, -0.0210283929702, 0.775389271382, 0.623370005511, -0.10090249777, 0.0653791964942, 0.0796810393559, 0.994674063517,  
172, 2490809.0226555686, 84.09121103172156, 119.68317523687242, 90.24742366235856, 55.05336959458147, 0.427989079177, 0.903533236489, -0.0212847049704, -0.594915309668, 0.299374393367, 0.745956263409, 0.680368372595, -0.306598537434, 0.665654726127,  
173, 1256186.7715413538, 66.93529813800602, 142.2942679343857, 51.88525261614286, 40.61947118853461, 0.369891594339, -0.244012511581, -0.896458645242, -0.724417579899, -0.67989681355, -0.113839768346, 0.581721048588, -0.691518775679, 0.428255069455,  
175, 1711362.5349207763, 74.2023745969095, 133.0906737915131, 64.94235856252402, 47.26914315680212, 0.756225049776, -0.397077447549, -0.520051127044, 0.384703990365, -0.373089556824, 0.844278995585, -0.529269793101, -0.838530669229, -0.129382390124,  
178, 2632437.557889712, 85.65574360741668, 126.66992699568476, 76.33514624398433, 64.9937217664201, -0.813469448132, 0.169679419838, -0.55630598724, 0.577470729657, 0.121754950343, -0.807281418376, 0.0692460348643, 0.977949194258, 0.197028830645,  
184, 2014200.4266151276, 78.34381057601243, 104.94744211783132, 91.00660287454748, 50.346503314299476, 0.512754114339, 0.394365620652, 0.762600141277, -0.357067182829, -0.709830620071, 0.607160207652, -0.780760043275, 0.583623378608, 0.223153549754,  
193, 1659065.0892009318, 73.43869290599797, 103.84244394995645, 70.35875562290158, 54.21029428341059, 0.82196049587, -0.468999747842, -0.323141114302, -0.385235159322, -0.875709504686, 0.291078572595, 0.419493522299, 0.114769769215, 0.900473811293,  
197, 1954321.3871005876, 77.55964128959315, 125.46057998070454, 62.70257154670519, 59.308198463861764, 0.909437857018, 0.322297530139, 0.262768122666, 0.325076973802, -0.945072977585, 0.0340885338929, -0.259321702382, -0.0544184629156, 0.964256649221,  
198, 1052037.0718903646, 63.09294674297456, 105.62401590828006, 78.29856724217329, 30.3686819837493, 0.0685512703343, -0.338483672426, 0.938471910521, 0.232244048426, -0.909426682987, -0.344972187635, 0.970238849617, 0.241602797526, 0.0162684640155,  
200, 1619732.1390939013, 72.8536860865039, 144.19448824178406, 64.78338005712851, 41.39447004127125, 0.769675759356, 0.629171517583, -0.10836247931, 0.518114729001, -0.714732502039, -0.46980270127, 0.373036664487, -0.305451554246, 0.876095311571,  
201, 2125412.0352284396, 79.75994430663664, 133.4576205717779, 65.01566695035504, 58.478082901045084, -0.840456077419, -0.487189769469, 0.237233451379, 0.101865300153, 0.287944641353, 0.952213917216, -0.532218979889, 0.824459830459, -0.192377091687,  
202, 723672.8061749592, 55.695214553399346, 133.9273628845272, 53.38708942929541, 24.162845780164623, -0.334787523242, -0.351866807411, -0.874132177719, -0.896636478237, -0.16630313053, 0.410348991311, 0.289759107149, -0.92115851981, 0.259820401828,  
204, 3686895.0662069544, 95.8349798702422, 138.1492273234225, 87.01057190223321, 73.22370243507174, -0.691632143043, 0.299745981769, -0.657112870916, 0.720629543461, 0.347305412849, -0.600060006413, -0.0483532811787, 0.88855573636, 0.456213396976,  
205, 1014877.9639847792, 62.341187575499575, 136.72546484499586, 51.78267828196846, 34.22088964993694, 0.178317088192, -0.955182546404, -0.236282286904, -0.715679219258, 0.0388956991171, -0.697345237104, -0.675282364038, -0.293450894761, 0.67666853125,  
207, 1706988.4114547782, 74.13910195867375, 118.0236620309687, 95.3962669563576, 36.19440964875002, 0.107667193211, 0.23809748487, 0.965255076757, 0.979540622063, -0.191446008879, -0.0620370487072, 0.170023366729, 0.952185913245, -0.253838612868,  
209, 2419262.820279331, 83.27822895265831, 118.96752000543212, 87.08392288159821, 55.74784051653974, -0.319137487434, -0.910468540335, 0.263055699756, -0.124157688344, 0.315344751713, 0.940820150715, -0.939540383666, 0.267590591439, -0.213680001015,  
211, 2073609.41495403, 79.10661153071685, 134.55138551921272, 91.15933950194106, 40.359799746840885, -0.396677421406, -0.758308495443, 0.517315425138, 0.123446534381, 0.514363772308, 0.848640597006, -0.909619687835, 0.400497360136, -0.110425939109,  
215, 623742.3916243982, 53.00362230665389, 103.91261363227817, 46.70782984525421, 30.680235860206796, 0.140628347311, 0.0250212174716, -0.98974623344, 0.310222688004, -0.950452456814, 0.0200502165337, -0.940205058368, -0.309861365794, -0.14142270754,  
219, 1057382.0537332562, 63.19961635209328, 132.7188600348262, 63.605155588308094, 29.903248079033474, 0.218492815493, 0.860089357744, 0.460985017406, 0.739225615622, 0.162500877626, -0.653558684419, 0.637029339031, -0.483569810333, 0.600294810696,  
220, 584161.8788142444, 51.857893049103694, 96.86170525515405, 46.09640116259242, 31.23384653324494, 0.0559774357206, -0.42961463889, 0.901275645262, -0.640140448064, -0.708185329312, -0.29781495278, 0.766215853036, -0.560272078011, -0.314656106183,  
223, 1685332.1862282925, 73.82423725165637, 119.74388575174133, 87.73718007464284, 38.296570725897666, 0.691455193011, 0.523345727684, -0.497994945128, 0.669274407183, -0.72357130402, 0.168867805959, 0.27195860705, 0.450059793043, 0.850579037325,  
225, 153884.26630771987, 33.243127068447045, 124.06408167468052, 86.68198499825372, 3.4161009464469014, -0.740449759631, 0.553830591158, 0.380796310066, 0.663733112044, 0.691717377676, 0.284579383297, 0.105794656945, -0.463463855894, 0.879777667847,  
226, 927922.5469708478, 60.50729053915071, 99.77315447240169, 79.1436042117505, 28.053922356589077, -0.872858576166, 0.15047605316, 0.46419270076, 0.487954755367, 0.260867617991, 0.832975535414, -0.00425002681203, -0.953574875565, 0.301126043316,  
231, 547301.968811812, 50.74338876085796, 100.80151199824135, 63.21247448479226, 20.505415005431836, -0.75555122171, 0.55983263153, 0.340190793595, 0.632474533033, 0.488124800628, 0.6014234316, -0.170640899077, -0.669568221831, 0.722883171665,  
232, 1831014.0064869556, 75.89287741672963, 144.95435697391048, 74.21582400564327, 40.632661458603934, -0.609545710267, -0.660681189589, -0.438126001076, 0.216535464662, -0.670405842833, 0.709695990153, -0.762605022039, 0.337722329168, 0.551703914018,  
235, 1978985.8655998267, 77.8845582564638, 149.33343471842056, 71.97297191062027, 43.95695426902229, 0.394555501014, -0.0907399030958, 0.914380788625, 0.782204200575, 0.555338034744, -0.282411500775, 0.482164437949, -0.826659504967, -0.290088809892,  
240, 1093341.097778874, 63.90806790221923, 102.04446509767737, 60.761873307130514, 42.096545212517945, -0.143023902286, -0.806336025767, 0.573904501573, -0.196997751096, 0.591456429147, 0.781902281928, -0.969915485719, -0.00122718058661, -0.243438790233,  
242, 887397.0857003873, 59.61329532864225, 95.31349990442052, 52.59890412622538, 42.25696247612886, -0.732983844925, 0.436492193099, 0.521736761637, 0.678524272024, 0.414606248083, 0.606388053415, -0.0483683300745, -0.798483703287, 0.600070229416,  
243, 711901.2849549192, 55.391576082459046, 121.14728647791084, 50.719549054436634, 27.659357834518868, 0.527478328287, 0.73633188108, -0.423771134095, -0.564203622337, 0.676538471749, 0.473254655324, 0.635169966017, -0.0105383655461, 0.772300496647,  
246, 604754.6945379847, 52.4602327410454, 105.49599891319075, 68.32607946420063, 20.029409632087877, -0.131262828899, 0.707978479299, -0.693928341112, 0.973355739899, 0.224795537591, 0.0452279768011, -0.188012428728, 0.669502381719, 0.718622214739,  
249, 156881.38766454815, 33.45756042266294, 88.79929220491698, 24.463819252639233, 17.2404679434304, -0.75911886647, -0.646055832211, 0.0796894487108, -0.628138469076, 0.759130272354, 0.170772636168, 0.170823330482, -0.0795807216775, 0.982082633234,  
251, 1356523.2483800796, 68.67197596736658, 132.01356540595268, 81.48449320466655, 30.105448566967777, -0.984647094823, 0.168914087554, 0.0440241942859, -0.048903703111, -0.509045965121, 0.859348958931, 0.167566483757, 0.844002509723, 0.509491155077,  
252, 2383566.1811543303, 82.86660286183428, 103.91167296873537, 91.26082770222371, 60.00533507801443, -0.0589818624898, 0.391912337193, 0.918109938871, 0.219812071214, -0.892038660973, 0.394904647577, 0.973757563897, 0.225103858885, -0.0335329609356,  
255, 537263.3719737498, 50.43122777187807, 101.84260045288814, 62.79039039100367, 20.057461204575233, 0.864147633137, 0.429896659785, 0.261606058894, 0.286758059482, -0.847840236471, 0.446023260316, 0.413544052631, -0.310412298929, -0.855935465562,  
258, 1507111.9121968444, 71.1244570999188, 110.8227179082159, 60.1803917719644, 53.94771886261616, -0.581547637416, -0.654734870961, -0.482829777628, -0.808289766629, 0.397895150666, 0.433989749002, 0.0920325951955, -0.642652081475, 0.760610480862,  
261, 442437.36243773217, 47.270231416851345, 97.23396722963113, 74.0480809281178, 14.670042501119502, -0.769047273924, 0.600821500621, -0.218127978174, 0.261700641837, 0.607308049244, 0.750126460929, -0.583162982821, -0.519798477985, 0.624283972045,  
267, 2375412.6131509384, 82.7720064579916, 152.90645840299214, 67.78139632472475, 54.71597069672399, 0.196042906093, -0.119107263183, -0.97333480305, 0.729933785602, 0.680539327153, 0.0637408255048, -0.654800616683, 0.722965894117, -0.220355322914,  
268, 1203203.1053664018, 65.9806786604592, 128.63472977465858, 64.15148338267875, 34.80850677771999, -0.934435184132, 0.354541601457, 0.0336324172805, 0.336339892486, 0.909601762025, -0.24392644638, 0.117074178957, 0.216621530225, 0.969210374101,  
270, 1070759.2261945482, 63.46501766846735, 90.92683541092156, 63.034415720786654, 44.59985101447969, 0.78123043719, 0.624214355886, 0.00595331120473, 0.488414809407, -0.605276829653, -0.628562593094, 0.38875439285, -0.493959914761, 0.77773621791,  
275, 621698.0331364518, 52.945651256061296, 110.3658878841601, 52.295247010700194, 25.71543077855078, 0.582426123749, -0.388254534784, 0.714169606322, -0.672935711541, -0.723135079888, 0.155670113924, -0.45600146766, 0.571256573227, 0.68244310315,  
280, 2993657.216730803, 89.40692407455602, 124.87844548521137, 85.10494383131685, 67.24673268607232, 0.269638861433, -0.294324953872, 0.916879330083, 0.302171789907, 0.929914461663, 0.209645661473, -0.914323298286, 0.220526450836, 0.339677774799,  
291, 34353.77355663142, 20.166410956956188, 78.85875100269676, 53.26580030452732, 1.9524840219714754, 0.898002108253, -0.283498614483, -0.336482910651, 0.356347853456, 0.0200334620327, 0.93413856988, -0.25808607268, -0.958763368087, 0.119014213869,  
293, 1426014.529677764, 69.82513441847748, 125.81749739728613, 61.70341518058421, 43.85156492612901, -0.422286198449, -0.903299659874, -0.0756577231366, -0.903016091805, 0.411941366455, 0.121927226425, 0.0789702763073, -0.119808326396, 0.989651282213,  
298, 1689478.0823708193, 73.88472324787026, 105.23314249713174, 71.29536483044113, 53.758868274348416, -0.236931453299, 0.304542309937, 0.922560278733, 0.95803335822, 0.230952488771, 0.16980292244, 0.16135541818, -0.924075175183, 0.346481600716,  
302, 3223704.7471946944, 91.64080239430083, 132.99069665114484, 103.76103752159882, 55.77134045206019, -0.856054945309, 0.17419879742, -0.486646390709, -0.419474024708, 0.31597753029, 0.850999261425, -0.302012372606, -0.932637646318, 0.197422256758,  
307, 2286978.7583005023, 81.7318207482996, 130.57901989172402, 87.85505646291897, 47.591934129859695, 0.146544876672, 0.404500669244, 0.902720226705, 0.737884005529, -0.652487981947, 0.17258802913, 0.658826072272, 0.640810925309, -0.394093344906,  
311, 678233.0270426067, 54.50421741434037, 90.43651914484451, 65.57505627187773, 27.302839416883128, -0.70585673923, 0.111187726386, -0.699573836835, -0.375274614585, 0.778921709527, 0.50244396113, -0.600778850602, -0.617185758041, 0.508081206836,  
312, 2155412.991372231, 80.1334723970255, 129.49438693822609, 99.77078246161733, 39.827914370574035, -0.408147362031, 0.242033046711, -0.880247541983, -0.323450681649, 0.863327743389, 0.387356249512, -0.853695137276, -0.442815098878, 0.274079187093,  
318, 1140842.9140084395, 64.82050546751175, 92.81602500805961, 64.16550588287035, 45.73120575652146, 0.886433354078, -0.452049984067, -0.0994319902428, 0.234730344378, 0.253896971749, 0.938316574065, -0.398920511138, -0.855094813247, 0.331172592694,  
319, 976156.0418798844, 61.53802385121572, 105.51325372785142, 70.80445430389561, 31.193423517284153, -0.994826668755, -0.0603279978408, -0.0817339085721, -0.0673253152623, -0.210971804073, 0.975170856728, -0.0760736554845, 0.975628736027, 0.205818775574,  
322, 2076496.3077768662, 79.14330542443867, 121.31893291221833, 86.550536744398, 47.21110948586474, 0.76542961166, -0.138908360365, -0.628348611055, 0.348898763567, 0.91003741411, 0.223833772475, 0.540728362835, -0.390559051028, 0.745034539659,  
324, 3334421.503600742, 92.67813724658687, 96.23640606029034, 93.08946674810657, 88.85706216526653, -0.35464149792, 0.916756789077, 0.183810765828, 0.933439791343, 0.358500626984, 0.0129404941754, 0.0540329889062, -0.176165519139, 0.982876465267,  
325, 3263823.69812845, 92.01939227341258, 105.95633552288159, 95.94732712015396, 76.64401928439054, -0.268620837594, -0.962396778092, 0.0404386835652, 0.496417808579, -0.102336991481, 0.862030451608, -0.82547695603, 0.25163382462, 0.505240747932,  
326, 3542992.7729143826, 94.57155987065515, 104.3695972055505, 90.60926516682366, 89.44066949942953, -0.37662485782, -0.800466311859, -0.466269664519, -0.908650805164, 0.417178795487, 0.0177642019713, -0.180298171781, -0.43036674613, 0.884464263313,  
327, 2188423.0712978644, 80.5404821430561, 98.5430289604454, 85.9485999607669, 61.68477164902922, 0.0729922375721, -0.955203649885, 0.286806765089, 0.291158893772, -0.254637339486, -0.922163935489, 0.95388606858, 0.150817149509, 0.259529488849,  
328, 741156.5821369499, 56.14017820320781, 91.92789497694847, 90.13906450834482, 21.353103178954633, -0.67122114935, -0.471789635753, -0.57173132524, -0.0533932754629, -0.73852355398, 0.672110198072, 0.739331675772, -0.481661187779, -0.470522234743,  
329, 3170182.667677622, 91.13080906305377, 110.75335949839234, 92.45604027109013, 73.91004724244091, 0.91448958139, -0.371482986259, -0.160340875793, -0.227092040486, -0.799226838333, 0.556476114524, -0.334870140021, -0.472479472367, -0.815245446178,  
330, 4139824.9835727997, 99.60881891915199, 108.83396051228308, 100.42657385166791, 90.42328731761967, -0.125308108802, -0.977702497948, 0.168510247091, -0.107586175845, 0.182238487577, 0.97735067832, 0.986267252136, -0.104340592061, 0.128023233097,  
331, 2764256.8315585894, 87.06225816616603, 116.86676929205234, 85.22947142168569, 66.2535187597055, 0.497909639727, 0.350670777634, 0.793168327898, 0.77145300348, 0.238706163615, -0.589813216937, 0.396164428096, -0.905565775174, 0.151671924712,  
332, 2190341.111780266, 80.5640051382171, 100.67142391928324, 87.21391614760853, 59.55677135498931, 0.0139033590948, 0.937633672132, 0.347346791391, -0.981773741529, -0.0530491810257, 0.182499602294, 0.189544235077, -0.343553316498, 0.919806556659,  
333, 3352609.7099659927, 92.84634168078037, 110.12807503081947, 93.4461389413622, 77.77409736178788, 0.207157721982, 0.364774221219, 0.90775847325, -0.448526026979, -0.789208377622, 0.419493194001, 0.869430895095, -0.494054555919, 0.000120122510837,  
334, 2781771.2781238225, 87.24574787680193, 115.57324382816871, 91.15123075803018, 63.03953042064678, 0.599985631129, 0.0873063108135, 0.795232576376, -0.283710439932, -0.906200574913, 0.313542507966, 0.748014457555, -0.41373678362, -0.518937612019,  
335, 2774275.213044071, 87.1673100679314, 103.43988028439799, 91.50033020759771, 69.9761850111913, -0.327627222913, -0.745914496384, -0.579889616126, -0.0732568961235, -0.591861988146, 0.802703440978, 0.941962754028, -0.305468412562, -0.139266718745,  
336, 1122854.0353915207, 64.47800104323795, 122.8899701523534, 88.80655260496596, 24.56253828473633, 0.0805226695401, -0.867249072439, 0.491319800176, -0.569419272266, -0.444592851988, -0.691446952653, 0.818093999527, -0.224089808593, -0.529628139002,  
337, 4098618.537490755, 99.2772252233753, 114.51183035459343, 96.43471047173466, 88.6064125184713, -0.507165663507, 0.834718210919, 0.214542532193, 0.830359839753, 0.406579875063, 0.381045065206, -0.230836579174, -0.371400475973, 0.899319831963,  
338, 2645659.4486285984, 85.79891130126092, 127.52024609221485, 110.82738908169242, 44.69089860825578, -0.414102144489, 0.608261111877, 0.677154217079, -0.776047992231, 0.152843991557, -0.611872722058, -0.475677335684, -0.778881976954, 0.408746789948,  
339, 2272994.2113851495, 81.56488724137364, 92.36129297817584, 80.05931401219067, 73.38509348938094, 0.164518283372, 0.28376480687, 0.944675218696, -0.765861935704, -0.566799407285, 0.30363452923, 0.62160214758, -0.773444223123, 0.124075798772,  
340, 2993341.510482768, 89.40378106086666, 112.46959889117561, 91.08194873489961, 69.75899236723461, 0.375279440191, 0.00535238791982, 0.926896269122, 0.88268385432, 0.303142434691, -0.359129332709, 0.28290379123, -0.952930226319, -0.10903865679,  
341, 2684160.531925819, 86.21310611664981, 101.39794602423673, 95.28660609068285, 66.32219031981077, 0.7497980342, -0.268115888537, 0.604910553903, -0.464539120993, -0.864330924753, 0.192705624157, -0.471175458801, 0.425494915162, 0.772623947464,  
342, 3573039.6125256266, 94.83815005889754, 126.12004976314327, 82.80157934260156, 81.68201970784305, -0.0450127446084, 0.904690460315, 0.423685052648, 0.926426742327, -0.120881066631, 0.356540683276, -0.373774455954, -0.408562037816, 0.832688247384,  
343, 3218146.358992889, 91.58810234529234, 109.71788256850085, 90.1863879637077, 77.64236779842574, 0.181575913325, 0.929128539064, 0.322103004638, 0.918208629859, -0.0429351236073, -0.39376323751, 0.352027129286, -0.367255678047, 0.860929827099,  
344, 3393519.924492243, 93.22246835357669, 113.36756910722767, 96.06324835607768, 74.39019406281238, 0.758433651779, 0.0945255897348, 0.644859138677, 0.58994995909, 0.320970833326, -0.740902672369, 0.277015237161, -0.942360141899, -0.187669713437,  
345, 2429669.911176865, 83.39747248099921, 111.77500482062109, 93.72308119122091, 55.36909321429439, -0.315248926228, 0.222688737846, 0.92251170212, -0.6867270677, 0.617392219738, -0.383709240826, -0.654999274046, -0.75447768227, -0.0417058503834,  
346, 3806565.5760327964, 96.86084099823448, 108.41909516555063, 96.36512117236458, 86.97993048168051, 0.319872224801, 0.463330155861, -0.826442331001, 0.908137202229, 0.0987572441076, 0.406858487269, -0.270126973343, 0.880665755782, 0.389177652064,  
347, 3195096.903705359, 91.36891653485121, 107.07255945678025, 93.26663205155907, 76.38198607452483, 0.122731460731, -0.916032072873, 0.381866769979, -0.735875806891, -0.342171027804, -0.58429939634, 0.665900732376, -0.209294599066, -0.716080990826,  
348, 788599.8535236041, 57.31338082982128, 108.84864215787627, 66.7837192953386, 25.898491285911945, -0.89129300738, -0.262296686282, 0.369861086572, -0.448500003583, 0.390055470428, -0.804179380969, -0.0666672466886, 0.88264215759, 0.46529377802,  
349, 3604134.102358915, 95.11246650520647, 109.57944339789206, 98.83101212457765, 79.44928614176291, 0.762479172175, 0.467945109605, 0.446825342159, 0.196849072778, -0.825635569857, 0.528749797478, -0.616340777935, 0.315203553571, 0.72164448676,  
350, 2563067.1115098186, 84.89663099425604, 138.57130369858416, 73.25364301033882, 60.27938851100836, -0.460479083898, 0.829591350078, -0.315811977556, 0.335679951672, 0.492097114579, 0.803218152103, 0.821752994115, 0.263853409487, -0.505077612812,  
351, 3390321.4426851184, 93.19317093746506, 105.48828211122968, 93.18018166861722, 82.34258455472205, 0.851071933331, 0.521264130443, 0.0629306809889, 0.320005466295, -0.609992542541, 0.72491765021, 0.41626081468, -0.596818904156, -0.685954903623,  
352, 2640319.1025405126, 85.74114315565674, 111.86505673446317, 87.3817507902427, 64.48409650367095, -0.601297379688, 0.788526782502, -0.129100636936, 0.107118099355, 0.239665492696, 0.964928061775, 0.791812587656, 0.566379700279, -0.228575722991,  
353, 3918732.8616620866, 97.80303903586677, 113.56875340719655, 93.99269252160602, 87.6403493664326, -0.750928068776, 0.157508913692, 0.641325173085, 0.0941790905523, -0.935670760053, 0.3400742973, 0.653633945284, 0.315770756861, 0.687787390611,  
354, 2966172.915040771, 89.13247209408928, 117.86916373514887, 78.26071304001857, 76.76510580701708, -0.255174792929, 0.853837684397, -0.453703684971, -0.14337117302, 0.430637536606, 0.891064542451, 0.95620632282, 0.292425239624, 0.01252786615,  
355, 2497170.003157212, 84.16273369129237, 100.87667336439695, 82.74690597403344, 71.41952941344948, -0.983237320793, -0.0580056739615, 0.172857492715, -0.103684851494, 0.957712751626, -0.268394740901, -0.149979407154, -0.28181842942, -0.947673229689,  
356, 3050190.803525748, 89.96621841759925, 94.75673357527975, 91.1891287308261, 84.27237825239176, -0.311047096562, 0.947320118975, -0.0763825628329, -0.90012600808, -0.319433927443, -0.296201174164, -0.304996513584, -0.0233785838522, 0.952066472742,  
357, 2322587.653960306, 82.15383371276965, 102.16553215379226, 79.25755362597998, 68.47600881495376, -0.59051322625, 0.781289721346, -0.202189270098, 0.759670272306, 0.453572345059, -0.46601846012, 0.272387971465, 0.42878724225, 0.861363044183,  
358, 2770793.638987604, 87.13083129287759, 126.35469828496392, 98.22724414130671, 53.295705790169066, 0.579379641186, -0.812651891987, -0.0625790206721, -0.322715822767, -0.299227651955, 0.897951730351, -0.748447546001, -0.500059711189, -0.435622033569,  
359, 3573893.9250747273, 94.84570804630451, 120.59274599214363, 104.66822237285274, 67.5953803448868, -0.643674115587, -0.729477217657, 0.231401430079, -0.745926654713, 0.665616373246, 0.023415154413, 0.171105402345, 0.157536765827, 0.972576531025,  
360, 2572695.729096861, 85.002807913505, 94.04487596475701, 90.31275225224007, 72.31287039086132, 0.174813822158, 0.477404588063, 0.861118451132, 0.684928654356, -0.68725771592, 0.241970184838, 0.707327976277, 0.547504969115, -0.447130230213,  
361, 2960270.332122683, 89.07330930642206, 112.84760660299615, 81.23813870139823, 77.08865109537788, 0.921084957789, -0.185423868406, -0.342374779387, -0.284841661452, 0.278607215369, -0.917193135302, -0.265457583121, -0.942335401314, -0.203804472458,  
362, 2642821.41346806, 85.76822110191395, 95.89676271279225, 83.91199865963047, 78.40634257474234, -0.84269764275, 0.337667253216, -0.419334602686, 0.0689186280993, 0.840120367601, 0.538003708763, 0.533957775115, 0.424474491633, -0.731239017249,  
363, 2964964.216744167, 89.12036346036169, 104.02813508696352, 92.11125827693613, 73.86986734538466, -0.490661968122, 0.188859052689, 0.850636873911, 0.870975576031, 0.134917868713, 0.472439112118, 0.0255417109088, -0.972691845817, 0.230690689202,  
364, 3475640.6684077554, 93.96845513058855, 108.69199600666144, 92.85882986077164, 82.21015936495205, -0.471092341126, 0.763976311009, -0.440921991228, 0.196374725037, 0.578154081613, 0.791943700828, 0.859947075987, 0.286492677273, -0.422389597848,  
365, 2049719.6479637641, 78.80164525030251, 94.25696569303828, 83.93803655137438, 61.84912982868785, -0.411875773812, 0.657673878824, 0.630732444114, -0.400983797976, 0.490743213525, -0.773552255598, -0.818272778911, -0.571520924806, 0.0615913289467,  
366, 3470132.714451997, 93.91879065914378, 125.79114504133743, 97.17526494854553, 67.77221368410683, -0.368592696671, 0.741152063028, -0.561099851568, 0.155737425418, 0.644301404376, 0.748746655848, 0.916452551028, 0.188598302716, -0.352909906248,  
367, 3376229.5138389207, 93.06387195952324, 120.54310732488348, 91.8883945129154, 72.76797790018766, 0.840787255695, -0.305690475816, -0.446799869804, 0.217842019755, -0.564511254079, 0.796160724004, -0.495602305372, -0.766733576292, -0.408041637454,  
368, 2627965.278105455, 85.60720892111343, 103.90633878215927, 90.08216321224069, 67.02705908013039, -0.5249911665, -0.602775635425, 0.60087087501, -0.106764575882, 0.747051076852, 0.65613719138, 0.844384746685, -0.280314505356, 0.456550301339,  
