# Void_ID, Void_Volume, r = (a*b*c)**(1/3.0), a, b, c, vector_a, vector_b, vector_c 

6, 2979802.7315979474, 89.26878727424872, 102.3592552559633, 94.12188599531358, 73.83821109663793, 0.344269296307, -0.93164512077, -0.116258421487, 0.0572212646179, -0.102777051055, 0.993057201098, 0.937125593769, 0.348531557714, -0.0179269289425,  
15, 1732201.968468068, 74.50235018472564, 116.9281136358599, 65.39037886758096, 54.08503579174965, -0.852408370546, 0.344470835805, 0.393369817225, 0.506896579924, 0.359833134115, 0.783310904337, -0.128280267714, -0.867098586593, 0.481335864073,  
17, 2215777.9378585825, 80.87467371090617, 111.27758161646368, 75.45574770482408, 62.99957489788187, 0.361302626105, 0.13756091773, -0.922245849154, 0.516737678659, 0.793755209615, 0.32083459705, 0.776171748921, -0.592477561704, 0.215702932417,  
24, 1950040.635890799, 77.50297093838049, 132.06909751787907, 80.62641133303633, 43.719633457108685, 0.145152070098, -0.284519447381, 0.947617834682, -0.919710527033, 0.314310197209, 0.235248052904, 0.364778594508, 0.905680840027, 0.216052755124,  
28, 1790011.2212173424, 75.32209334677627, 150.8983124171535, 72.9716425364424, 38.80865927031727, 0.8138771434, 0.515905434108, 0.267293057353, 0.474637015537, -0.324965873366, -0.81799565074, 0.335147279466, -0.792615142554, 0.509350112262,  
33, 568295.0796425487, 51.38406150757258, 147.5702040177518, 59.65258534053935, 15.411941014132703, -0.126756806087, 0.966985138531, 0.221071151376, 0.987745433418, 0.102587756352, 0.117621048326, -0.0910586122956, -0.233271288647, 0.968138851106,  
34, 1166677.097482785, 65.30614091142223, 96.00427106483389, 70.9820644110808, 40.87171701077021, -0.175491455221, -0.90813671829, -0.380118994578, 0.0832736923875, -0.398420361814, 0.913414860536, 0.980952721236, -0.128642590871, -0.145543266809,  
37, 2500592.7828188273, 84.20116906373568, 144.35471545657956, 100.55125132297525, 41.127840772307394, -0.00367342778843, 0.711548122705, 0.702627764185, 0.422730509689, -0.635658635957, 0.645938862983, 0.906247991505, 0.299395002644, -0.298458054482,  
38, 2685562.514042565, 86.2281136883731, 136.3020676446982, 88.72121351113925, 53.01719414586497, 0.581254356135, -0.700362445024, 0.414289535318, 0.257902595077, 0.641440623391, 0.722523479283, -0.771770448337, -0.313123573471, 0.553465448614,  
41, 1868546.9003089573, 76.40793534885997, 137.3686930549858, 95.85305051435972, 33.87830617360338, 0.212355990934, 0.515528000985, 0.83014204406, 0.480551303587, -0.794790531748, 0.370645997233, 0.850867426651, 0.320216943407, -0.416516183863,  
46, 1827355.7242574706, 75.84230021893842, 114.83677139474727, 92.13538113734306, 41.231304743798844, 0.346646141615, 0.767748791956, 0.538886115013, 0.463912683687, 0.358997217286, -0.809880250343, -0.815243199553, 0.530737967769, -0.231723402251,  
50, 1365853.3145897917, 68.82905663728083, 116.42702631794512, 73.459250925228, 38.125465144720756, -0.221664120938, -0.499803843072, 0.837293936404, -0.0593877220932, 0.863980170653, 0.500011363053, -0.973312958895, 0.0611095996447, -0.221195616769,  
59, 1062254.8198678517, 63.29654918123719, 114.781283576982, 61.320501354214166, 36.02992241914335, 0.821794133791, 0.467970570379, 0.325050683625, -0.255095472892, -0.207934393487, 0.944293168309, 0.509490629331, -0.858933544149, -0.0515020908304,  
63, 846596.5750910374, 58.68529598082725, 120.71726193676106, 53.4558693469607, 31.32009889514262, 0.296087955858, -0.918223774675, 0.263053268403, -0.690503691475, -0.396054549487, -0.605264773376, -0.659951948595, 0.00242764338564, 0.751303887979,  
64, 108265.09291388997, 29.566502102591933, 117.79883743011021, 102.65581114772095, 2.137348300973534, -0.260409100532, -0.875701656386, -0.40661248058, 0.0613703616826, -0.435303968304, 0.898189364157, 0.963545940299, -0.20894272943, -0.167099242223,  
69, 1930225.854311913, 77.23956864185584, 121.67655571404177, 93.26271314746943, 40.607342255443854, 0.841202147746, -0.194838844486, 0.504397433883, 0.136099271988, 0.979085470901, 0.151223770734, 0.523312463823, 0.0585616371879, -0.850126225838,  
88, 1121351.8297742791, 64.44923433546552, 98.69177741627766, 77.74710384958021, 34.88896580086053, -0.0943658625059, -0.483020838626, 0.870509019739, 0.781981692516, -0.577117533003, -0.235456972014, 0.616116642012, 0.658503016359, 0.432173646678,  
94, 1607132.2147571049, 72.66428408549248, 121.82081427123208, 97.14060774387801, 32.4220658075401, 0.85405405205, -0.517370129987, 0.0540354029666, 0.158579433847, 0.357884741012, 0.920201649266, 0.495423293091, 0.777333043649, -0.387697175531,  
101, 1032234.6965303805, 62.69457286162667, 128.4941278035318, 66.90881318558833, 28.663105111147487, 0.617398535412, 0.0472623714976, -0.785229467552, 0.546695806359, -0.743521964319, 0.385095811305, -0.565634814859, -0.667039246833, -0.484887512114,  
104, 1422848.4330865862, 69.77341990704988, 140.56753366748842, 66.40693100422865, 36.389123580875214, -0.115678778474, -0.721313984307, -0.682879605973, -0.971036713971, 0.226822111746, -0.075096136681, -0.20906008785, -0.654414139263, 0.72666086588,  
110, 117799.61727376824, 30.410140270259976, 122.53124047803193, 63.65990319353713, 3.6053087787753224, -0.99572207371, 0.0111282996295, -0.0917262932588, -0.0851664365308, -0.495554334509, 0.864391450466, 0.035836155155, -0.868505649087, -0.494382147217,  
111, 4583454.094413053, 103.04685910526716, 141.155615499131, 101.02739727532838, 76.73030986816156, 0.153441145399, -0.248063378075, 0.956514702112, -0.924542660995, 0.305658726952, 0.227582096479, 0.348821849801, 0.919259105528, 0.182444550496,  
118, 514333.70099192904, 49.70332669623492, 93.1572720813649, 49.80327370362364, 26.465598446420003, -0.102519228735, 0.410791527556, 0.905947089309, 0.762805961112, -0.552078451408, 0.336654792307, 0.638448802514, 0.725575429834, -0.256755568954,  
133, 1735025.4152594344, 74.54280721350156, 124.22300423512725, 113.47954625797719, 29.383099977982894, -0.0879373161609, 0.234905699552, 0.968032200262, 0.22344407741, -0.942381112814, 0.248979080411, 0.97074186718, 0.238195614002, 0.0303821785468,  
135, 882111.1785917763, 59.49469450085184, 99.73125698184879, 55.24015741058906, 38.225089961011875, -0.34805306664, -0.0224614613645, -0.93720571144, -0.937428847024, 0.0182406824699, 0.347698769439, -0.00928544931514, -0.99958129247, 0.0274047473006,  
140, 2589783.424723703, 85.19058735629744, 103.30915837491021, 81.36369774980574, 73.55383756107865, -0.635058094914, -0.712321889868, 0.298828949902, -0.158735685694, 0.49893478579, 0.851978322269, -0.755978966752, 0.49362091198, -0.429923478173,  
150, 1534647.0525412017, 71.55499682241259, 104.61608807077491, 100.34936717083023, 34.898502033507725, -0.474990491321, -0.872883053006, 0.111620826589, 0.578701344379, -0.214284085676, 0.786884416315, -0.662939504908, 0.438357737927, 0.606921499398,  
154, 3167137.2951324354, 91.10161871794283, 128.2130189639143, 93.85318198871953, 62.834353820157986, 0.353441850885, 0.111460750463, -0.928792419838, 0.209325760961, 0.958275506283, 0.194655541551, 0.911735479095, -0.263219594948, 0.31536306219,  
158, 1430482.559371507, 69.8979844252041, 109.56154765743165, 70.03887402324435, 44.503753752832665, 0.145788997148, 0.246675119271, 0.958069388846, -0.713508825527, -0.644616566225, 0.274544419799, 0.685310677142, -0.723616520044, 0.0820268719027,  
159, 1772335.551768482, 75.07334725736601, 137.30154341863414, 59.09436249529639, 52.147785301017514, -0.104775807943, 0.98362597528, 0.146635503285, -0.325109391083, -0.173223476391, 0.929676024783, 0.939854198213, 0.0497349774376, 0.337935671571,  
165, 2046027.6299025442, 78.75430349888559, 154.97324644429625, 85.30751553326334, 36.94697273415193, -0.667661410054, 0.651560478778, -0.36013495251, -0.163472119096, 0.34363180421, 0.924767024398, 0.726295468665, 0.676303279328, -0.122917722753,  
167, 484177.08376571775, 48.712289303239736, 121.89377495196237, 49.65828229036739, 19.095999781759833, -0.778855614344, -0.471796825284, 0.413269509711, 0.102583882153, 0.554211372216, 0.826030448609, -0.618757205314, 0.6857532432, -0.383251888858,  
198, 2342329.2171291774, 82.38594142882522, 110.74880031339363, 74.90110158337446, 67.41120508207, 0.758837452095, -0.475708321836, -0.444822789247, 0.374132993805, -0.24065187085, 0.895606598905, -0.53309494862, -0.846042711447, -0.00463747389143,  
231, 2375786.6875902377, 82.77635114412527, 136.8917390342083, 108.96037135153719, 38.02533245742833, -0.379885226705, -0.919807441115, -0.0981910678196, 0.551375768938, -0.310386151409, 0.774367611952, -0.742746239276, 0.240030640298, 0.625070648615,  
233, 314579.71485652565, 42.19043809842987, 110.34512435657456, 58.86947326105423, 11.56109065695597, -0.705961748624, 0.705865166241, 0.0580721668994, 0.682448420609, 0.69988284924, -0.210779862765, 0.189425876502, 0.109171261911, 0.975807087945,  
240, 572536.1406638947, 51.51156749343749, 138.97608713569883, 55.793001382830575, 17.627652966691105, 0.129762089438, 0.973065984644, -0.190537108388, 0.92498425445, -0.0495768981483, 0.376757561557, -0.357163728793, 0.225132673546, 0.906503916228,  
245, 1422730.045328273, 69.7714846932233, 112.72872343226888, 85.50042703434367, 35.23960412363824, 0.545329365975, -0.762813196248, -0.34746497699, -0.0716666867509, -0.455438729853, 0.887377850389, 0.835152542124, 0.45901153687, 0.303032408176,  
253, 1884826.1781461372, 76.62918946780957, 101.996972373311, 79.02420778675943, 55.825839723877245, -0.977648417489, -0.200053245276, 0.0646704788604, -0.0448879092769, 0.499111047149, 0.865374623048, -0.205398752144, 0.84312920817, -0.496935097321,  
259, 2316997.279524094, 82.08786710772705, 134.9750138866938, 78.29977699133455, 52.33870931277265, 0.910661499948, 0.398410461434, 0.109383439022, 0.301925730512, -0.822471890938, 0.48205896099, -0.282022137017, 0.405966861746, 0.869283855479,  
269, 1152275.0235822673, 65.03630308998271, 118.77236947837838, 80.30334055786223, 28.84154401926358, 0.715195993833, -0.433631144472, -0.548141150571, -0.264910995698, -0.893931373728, 0.36153680784, -0.646774191479, -0.113361058609, -0.754209795499,  
270, 1573987.5698540688, 72.16128025468497, 106.31962877984824, 75.32293889873438, 46.92151009501458, 0.712017941884, 0.676377954947, 0.18852934121, 0.557240853827, -0.707676541907, 0.434369132031, -0.42721549745, 0.204222364339, 0.880783824012,  
277, 645244.9542427113, 53.60582726511571, 146.67368831620183, 39.78061835589364, 26.40050687352263, -0.983034909399, 0.183418373059, 0.000259473299557, 0.16016119051, 0.857696351, 0.48857482798, -0.0893910507635, -0.48032766931, 0.872521959688,  
279, 1953938.0902401481, 77.5545704227215, 130.29254397160008, 72.77723241422805, 49.19342832629803, 0.789071870321, 0.344426826106, -0.508660736569, -0.26307842029, 0.93772522423, 0.226850498391, 0.555117400417, -0.0451836840086, 0.830543861848,  
280, 1054819.1901664543, 63.14851434605587, 100.43943518400815, 63.266357749847984, 39.628927444165996, -0.862686118862, 0.477024492046, 0.167988970804, 0.500509834117, 0.852935288638, 0.148294636946, 0.0725435474387, -0.212011856706, 0.974570883179,  
306, 2810338.2179593155, 87.54338327454927, 131.9109329010558, 89.17629287944139, 57.03478042089576, -0.0657915059965, 0.690061198175, 0.72075448005, 0.42001645538, -0.636059825216, 0.647312966004, 0.905128529519, 0.345316436794, -0.247989724648,  
313, 558191.3546018961, 51.07771950218023, 93.01377132187336, 48.757311913501184, 29.38376816308189, 0.856262898793, -0.506615178831, 0.100771567063, -0.329397101196, -0.685820593732, -0.648958906971, -0.397883648664, -0.522485572807, 0.75412030097,  
347, 856391.7441014842, 58.91075936486295, 84.95589933676965, 74.85889258033465, 32.14747911297575, -0.263524782951, -0.956121408142, -0.128009927983, -0.814746749261, 0.291652279977, -0.501125415593, 0.516471125369, -0.0277632936785, -0.855854412961,  
348, 1909226.560389041, 76.95844538351234, 111.9600866991816, 98.29896759995137, 41.41490556885037, 0.213967112744, -0.93386822033, -0.286545322281, 0.646208028054, 0.35529919752, -0.675409257207, 0.732552564082, -0.0406525189741, 0.679495484575,  
356, 3373431.425458965, 93.03815560863178, 131.23139902850681, 94.13841796687218, 65.1896460014466, -0.206099028021, 0.971351677641, -0.118317830408, -0.0644129975082, 0.107184281161, 0.992150440016, 0.976408805983, 0.212102447453, 0.040477097025,  
358, 2754782.230539501, 86.9626745112511, 123.62308894486945, 92.66017690700114, 57.41243247054949, 0.359791115743, -0.38851525106, -0.848296087888, 0.531009787352, 0.832841286628, -0.156217787159, 0.767188998076, -0.3942477533, 0.5059542966,  
359, 1238022.8568022803, 66.6111121112681, 114.25282194568285, 65.79923160298637, 39.3144582935744, 0.477767639541, -0.484355113518, -0.732897132356, -0.556182834964, -0.812549241566, 0.17442586999, -0.679999071102, 0.324289768631, -0.65759973332,  
360, 941731.2055274657, 60.805955513275016, 94.90366327017202, 84.93238840159268, 27.892152990516383, 0.686640875626, 0.702376473243, 0.187594236997, 0.259473793738, -0.47781577165, 0.839264820379, -0.679115349763, 0.52759774279, 0.510336127978,  
361, 1411967.119529382, 69.59509917231092, 139.90538536465874, 54.67073764215722, 44.07036104022177, -0.648182897158, -0.380909203745, 0.659368721076, -0.229365284941, 0.923346899893, 0.307931921894, -0.726120167669, 0.0483599106695, -0.685865016709,  
363, 620433.1969981691, 52.90972114434958, 108.39821095821561, 71.40970810020518, 19.134937390593016, 0.0729001939064, -0.974580400889, -0.211845707843, 0.794565009839, 0.185133229481, -0.578266489157, 0.602786866868, -0.126169447747, 0.787863734149,  
366, 1199138.8178197814, 65.90630303187469, 116.32344185615926, 58.93052835890567, 41.76122925930459, -0.371975939956, 0.748615716305, 0.548824570692, -0.287170911825, -0.655054780636, 0.69888203709, 0.882704235571, 0.102360850267, 0.458645275608,  
370, 1675698.7209233167, 73.68330705211501, 126.43956354101113, 77.1451829484014, 41.0124323981713, 0.618720701012, 0.367799281923, 0.694196213153, 0.673827250199, 0.205856959234, -0.709633531637, 0.403907824916, -0.906833281564, 0.120465216638,  
384, 2863595.7093895734, 88.0929251800621, 117.38290246190276, 78.14078902719965, 74.53160225678288, 0.0333780232077, 0.722214990827, 0.690862804464, 0.835279461535, 0.359418581669, -0.416084732103, 0.548811560287, -0.590951597151, 0.59125466689,  
385, 952973.9205054574, 61.04697314703101, 101.7822582160564, 77.14528749476673, 28.974164556813175, 0.0410528963173, -0.248673659133, 0.967716937414, -0.202463016617, -0.950511188185, -0.235663336216, 0.978429040149, -0.186252227873, -0.0893684564383,  
393, 3002485.321287978, 89.49472293577506, 128.04870378266457, 85.95596629592383, 65.12400037521647, -0.590380568039, 0.486148787927, -0.644290416566, 0.806839895444, 0.334257579395, -0.487115236609, 0.0214515267893, 0.807422582428, 0.589583416816,  
452, 134888.26139652863, 31.814750072721793, 109.50291701069163, 72.4007664302063, 4.061782795304442, 0.70143203934, -0.078026463207, -0.708452514447, 0.383076902251, 0.879484198822, 0.282417476414, 0.60103675524, -0.469488461053, 0.646788530966,  
465, 894740.1761594467, 59.77727449813396, 84.09253014026082, 75.12443288323813, 33.81190992669423, 0.345474711001, -0.16106391623, 0.924502914515, -0.771130875404, 0.512702448851, 0.377482942582, -0.534793789284, -0.843323552281, 0.0529243716273,  
474, 1877450.8078313016, 76.52910819145625, 103.58193010322593, 77.90708241673815, 55.54168071751177, 0.741506396177, -0.657523223005, -0.133534548481, -0.261740371186, -0.466735205164, 0.844778211338, -0.617786567125, -0.591457064772, -0.518187512403,  
476, 1815612.4665165802, 75.67948748020501, 108.42095177744602, 77.71551996142675, 51.441494132754066, 0.00869489104536, -0.305144985422, 0.952266211068, 0.357163825349, -0.888537411491, -0.287984843772, 0.934001285187, 0.342619039535, 0.101261014297,  
485, 2425920.227437506, 83.35454824774328, 145.91958888626402, 82.07121975978056, 48.35968027673258, 0.827546231188, -0.490941763729, -0.272292893541, -0.460155104272, -0.315330713826, -0.829954107725, -0.32159682097, -0.812122358727, 0.486860102285,  
525, 724315.1303170443, 55.71168783685911, 121.16435450240502, 102.27505617842327, 13.953859581653843, 0.698158208132, 0.639481890434, -0.32192860734, 0.36528423304, 0.0685586743406, 0.928367996683, -0.615745520089, 0.765743181477, 0.185727850661,  
526, 1946728.2476350758, 77.45906323370609, 148.4883672161631, 59.97232881813638, 52.18832714578916, 0.209444459305, -0.193773231973, -0.958428376582, 0.497006379868, -0.823016533093, 0.275006262886, -0.842091252084, -0.533943555843, -0.0760697202346,  
530, 2389054.789382433, 82.93015940206429, 123.20881570074043, 103.03379599525597, 44.92788938480104, -0.604285356699, 0.669021809533, 0.432722805093, 0.391106987946, -0.224099606562, 0.89264477275, -0.694171831508, -0.708653077822, 0.126238994109,  
532, 730614.3036962732, 55.872725078221954, 121.65336126974107, 72.59625888710521, 19.74973203355213, 0.514108453774, -0.725944362554, -0.456833974474, -0.678466574071, -0.670038938514, 0.301215751153, 0.524762427796, -0.155089017504, 0.837001667276,  
537, 607692.5609367322, 52.54504523168546, 100.26300457243188, 61.9942204942712, 23.34013652743321, -0.965613926176, -0.203791488586, 0.161427304863, -0.101033782924, 0.8662699228, 0.489253099694, -0.239545236404, 0.456119995212, -0.857072126302,  
549, 618587.4993020401, 52.85720281359306, 109.93538157251653, 60.01413807074923, 22.383163589305802, 0.713526155866, 0.059954299341, -0.698058670088, -0.639205066672, 0.46365703133, -0.613546281905, -0.286875073222, -0.883983958728, -0.369154511113,  
569, 579352.9715415392, 51.71520014980027, 93.754834296071, 85.17237911614465, 17.320570014551095, 0.603444100427, -0.658613228541, 0.449537354232, -0.662463510366, -0.100278581186, 0.742351873163, -0.443843795825, -0.745769952027, -0.496819749569,  
571, 2291737.105852729, 81.7884659320832, 158.76219095423187, 80.98990458875292, 42.549867913102794, -0.953003284541, 0.229427662434, 0.197857745271, 0.0756194223124, -0.45227407304, 0.888667466393, 0.293370827832, 0.861864902735, 0.413669489824,  
583, 851697.4018364269, 58.80292160051523, 111.68764633958348, 77.86643332652075, 23.379826928338975, 0.850781279621, -0.491825705492, -0.185145050336, 0.383261525065, 0.339644776907, 0.858924926245, -0.359557808499, -0.801716222199, 0.477461287866,  
606, 1841383.804168819, 76.03587882594056, 108.75062403388401, 72.65567649078177, 55.6358081916493, -0.813569660899, -0.508749770347, -0.281563630528, -0.55442921341, 0.532782243634, 0.639336631349, 0.175250261575, -0.676251988566, 0.715521204283,  
620, 961667.5608002489, 61.23204806059785, 102.68895612500434, 71.96789813783278, 31.06517461574211, -0.804510548369, -0.560905799049, 0.195313753117, -0.593574609158, 0.747794189333, -0.297444169152, -0.020783669693, 0.355230256303, 0.934547753772,  
629, 374032.39858573786, 44.696502163984235, 96.30584489963495, 38.26335810989704, 24.231755869986273, 0.630243681385, 0.631562321344, 0.451577165424, 0.370111199892, -0.755684473746, 0.54033200521, 0.682503188116, -0.173407065595, -0.710013653258,  
637, 2647538.7552577322, 85.81922183910673, 128.23288744190373, 95.22763078079412, 51.7596482100134, 0.285161648589, 0.764526346581, -0.578085027966, -0.359422472046, 0.644410675119, 0.674944715055, 0.888537180293, 0.015308402153, 0.458549159918,  
647, 664996.6092515477, 54.14731679161947, 109.43309404168481, 69.01443717234893, 21.02045888671359, 0.593819644878, -0.653878095541, 0.468851432255, -0.484942695131, 0.1741218398, 0.857036852967, -0.642034899204, -0.73629139685, -0.213696436863,  
648, 2815032.44415355, 87.59209862657887, 142.7308095449891, 102.33291098628614, 46.01100695118443, -0.8327615903, -0.510800455882, 0.213520556367, -0.510767459496, 0.560049833197, -0.652273552013, -0.21359947575, 0.652247712611, 0.727288240901,  
653, 1820533.9043827846, 75.7478052669487, 126.23238049460942, 86.87708831081433, 39.63091803572446, 0.61558140893, -0.346053390229, 0.708030070047, -0.464605911876, 0.566333926315, 0.680740207828, -0.636553906303, -0.74800597258, 0.187846185361,  
676, 4083408.8520967565, 99.15426940195785, 136.22805046241803, 85.4725595785778, 83.72227200383598, -0.520038263185, -0.170044609825, -0.837045420209, -0.758130338243, -0.359517550179, 0.544045514041, 0.393444526024, -0.917514011764, -0.0580469048163,  
705, 1076995.8989684791, 63.58799724675641, 96.68223170220647, 81.1277667798405, 32.780022885007774, -0.631538114129, -0.607284601782, 0.482042552935, -0.134477112446, 0.698083871742, 0.703274352043, 0.763593816522, -0.37932086741, 0.522532451545,  
710, 2303803.288455725, 81.9317557272657, 119.6048160414984, 96.93842023223367, 47.43644988159626, -0.0487506199393, -0.58435466657, 0.810032715829, 0.421693366181, -0.747214405933, -0.513658774367, 0.905427016371, 0.316544238967, 0.282845651907,  
713, 2486674.7798770093, 84.0446604262312, 115.06405021241217, 108.52944858136826, 47.53824307860293, 0.953691428261, 0.0527163747388, -0.296131125511, 0.259283456953, -0.64311521783, 0.720537927902, 0.152462285868, 0.763952747511, 0.627001954509,  
720, 848347.6836768448, 58.72572986124926, 86.66204768958413, 60.25907183114894, 38.78232885080082, -0.445746710919, -0.297526606312, -0.844267604638, -0.20699598468, -0.883326776323, 0.420578730509, -0.870897543934, 0.362231589962, 0.332153192371,  
730, 2543497.2364350623, 84.68000732828297, 133.18307380077925, 100.44397519372862, 45.39099832722033, -0.618232875701, -0.783757999865, -0.0592579872307, -0.0793280297427, -0.0127886188658, 0.996766529798, 0.78198156954, -0.620934657492, 0.0542676333068,  
740, 3700518.1611289997, 95.95287168879518, 110.67001996983907, 92.92073296428283, 85.90754641897345, 0.0698297879408, 0.471735306925, 0.878970762265, -0.546054025132, -0.719315062642, 0.429430835285, 0.834834595805, -0.509952586871, 0.207363344856,  
754, 406439.4911476268, 45.95178961761939, 124.39224081782943, 44.808588145283665, 17.408154730250338, 0.096425147663, -0.660595077315, 0.744524233807, -0.947008877252, -0.291146229981, -0.13567630292, -0.30639252162, 0.691988451201, 0.653663220703,  
756, 882187.5445853682, 59.49641130649805, 99.3110921131525, 69.26628999262148, 30.61629458013728, 0.502570830546, -0.283515370032, -0.81672614458, 0.566680414897, 0.821484112845, 0.0635386474209, 0.652913369183, -0.494755381274, 0.573516560392,  
773, 1088297.2546592187, 63.809642008685024, 113.6834684796535, 59.87612741780079, 38.16874715597283, 0.0887986787179, 0.0300412393549, 0.995596463732, 0.956909443444, 0.274873528796, -0.0936421924922, 0.276476240761, -0.961010960971, 0.00433833945994,  
776, 1724409.596042958, 74.39046508247094, 127.1457212616444, 85.20053356929722, 38.00211407901897, -0.872262171277, 0.443622257001, -0.205810586831, 0.475949956745, 0.673365382432, -0.565730236435, 0.112384799831, 0.59142062429, 0.798493144574,  
805, 662890.3515790045, 54.09008901969832, 115.17418261162786, 72.54544483509811, 18.94034134973866, -0.658252169651, -0.332705844385, 0.675285793026, -0.744448515592, 0.15446639381, -0.649566425253, -0.111805584758, 0.930294014974, 0.349360210845,  
806, 1152207.2496409034, 65.0350279739665, 116.53306895226353, 71.06927458795528, 33.213215826725644, -0.535658083763, 0.751257619364, -0.385593577031, 0.80470899245, 0.315724045134, -0.50275417929, 0.255956743941, 0.57959495915, 0.773663898963,  
813, 1836502.5794119113, 75.96863290480792, 122.29338964900089, 93.74443926324649, 38.24321852008636, 0.110659227794, -0.907627074025, 0.404929166399, -0.950418329828, -0.215779988032, -0.223928549076, 0.290619224468, -0.360072341706, -0.886503454651,  
833, 2951524.660483527, 88.98550490109034, 135.0965530692126, 77.84543386924022, 67.00086275291768, -0.742956391334, -0.653944102443, -0.142733708197, 0.00853671685561, -0.22248582547, 0.974898549558, -0.669285383855, 0.723088631043, 0.170879801656,  
834, 1895172.912414379, 76.76915205884441, 108.78485662179843, 84.60259516777245, 49.159573039225144, 0.33505872574, -0.927574548155, -0.165351467849, 0.430524255081, -0.00537876490619, 0.902562981002, -0.838083835957, -0.373599419837, 0.397541139261,  
835, 1785036.8677250294, 75.25225647988314, 122.3433249105307, 75.03205840414621, 46.42281171472293, 0.208807438188, -0.68332699885, 0.699616799684, -0.629695264863, 0.453412475095, 0.630793944832, -0.748253517978, -0.572259853625, -0.335611878162,  
836, 1289398.6636838359, 67.52006766200122, 151.04250831836222, 68.78723096157651, 29.627266910264854, 0.298515266861, -0.924486489986, -0.237093579172, -0.533196476662, -0.367580866419, 0.761961825761, -0.791574477056, -0.101039776701, -0.602661439614,  
837, 663140.1195114974, 54.09688163290385, 93.25736493181704, 90.05703580791496, 18.850197541040956, -0.449694914026, -0.764001072914, 0.462684390146, -0.71914030184, 0.616928754663, 0.319743863021, -0.52972795902, -0.188947802995, -0.82685368547,  
838, 1848181.822150721, 76.12933362936461, 112.06086912822879, 84.94783818547123, 46.35000310092776, -0.533711990195, 0.386528671203, 0.752161616849, 0.845363490206, 0.267656666505, 0.462299122108, 0.0226292056718, -0.882584554144, 0.469608798722,  
839, 1997520.5191616986, 78.12695175667903, 98.6857200502231, 76.65430527762737, 63.03935685434438, 0.911210017737, 0.155378829007, -0.381515036494, 0.310511848309, 0.349525263848, 0.883976516652, -0.27070037982, 0.923953196557, -0.270243954487,  
840, 3322586.839663448, 92.56836160366562, 103.83601620863156, 93.1293788725402, 82.02627831775335, 0.171445440943, -0.456829107396, 0.872876639289, 0.729423482307, -0.536690477348, -0.424151759377, 0.662229449842, 0.709415603268, 0.241208742797,  
841, 532928.3429647504, 50.295222791973316, 129.51305999453072, 101.98864899905227, 9.63196299463692, -0.25848820395, 0.965816162474, -0.0195700976711, 0.965099918897, 0.259071796329, 0.0382616112085, -0.0420237428655, 0.00899692451366, 0.9990761034,  
842, 626097.3554445838, 53.07024428264269, 124.26144257644495, 57.070132687744824, 21.076960745407217, -0.61275461184, -0.663777324849, -0.428872298808, -0.0962767338831, -0.47594512918, 0.874189352785, -0.784386751661, 0.576953981723, 0.227731260026,  
843, 2509138.701510288, 84.29698076769562, 147.93347538744774, 86.66175460338452, 46.724226641893004, -0.549893207511, -0.522550919278, -0.651581151581, -0.831280753763, 0.418223270201, 0.366144240273, -0.0811773906727, -0.742987101519, 0.664364657564,  
844, 1680773.5251540365, 73.75761466491545, 124.3527723536431, 70.83675614098179, 45.55189536415815, 0.835320253667, 0.497789399805, 0.233336210766, 0.308440728311, -0.775681952292, 0.550619492942, 0.45508723442, -0.387973223728, -0.801481370175,  
845, 2766096.158805439, 87.0815641965043, 116.06644769324029, 93.11738191164046, 61.10000062757193, -0.34070985246, 0.568853743509, -0.748546735303, -0.264618989468, 0.705974162673, 0.656945410252, -0.90216051058, -0.421907454467, 0.0900028500423,  
846, 3292291.9045688133, 92.28615988081542, 111.15391918401684, 87.79380911004054, 80.54174830315262, 0.633448402815, 0.658450481468, -0.406430909782, 0.443890688675, 0.121007059837, 0.88787293459, 0.633801370683, -0.74283258876, -0.215628308894,  
847, 3539596.921702272, 94.54133555409925, 109.60309727952203, 92.66328315303237, 83.20217678920903, -0.0397757256939, -0.0487633593271, 0.998018049152, 0.291170057991, -0.956026926558, -0.0351071648644, 0.955844071476, 0.289196560288, 0.0522250949498,  
848, 1222945.21632502, 66.33959223817297, 134.88584041011566, 68.28498513573078, 31.697631478025762, -0.0509753454826, -0.817383435448, 0.573834325924, -0.865659602005, -0.250368993834, -0.433530645265, 0.498031091007, -0.518844568615, -0.694813173456,  
849, 2402085.5636115223, 83.08066318826671, 105.56325484952511, 96.08059744852537, 56.53942617676958, -0.983807916108, -0.16490683841, -0.0701977125553, -0.179181143272, 0.913749103966, 0.364632270784, -0.0040127419907, -0.371306220856, 0.928501797659,  
850, 2872345.874014483, 88.18256118059858, 106.08886695287637, 87.93795013348752, 73.50247721528756, -0.854067509502, 0.463843439249, -0.235410180491, 0.482652610937, 0.537932361238, -0.691140529768, 0.193946246081, 0.70390200923, 0.683305799063,  
851, 3016558.5738909915, 89.63433162671775, 115.59751829129253, 85.09730838831403, 73.20804666157424, -0.128415397447, -0.0194709560155, 0.991529307469, 0.0345369910557, -0.999288578412, -0.015150356536, 0.991118904041, 0.0322988997675, 0.128996508195,  
852, 1345406.08560231, 68.48386452738376, 104.06479568151008, 79.23297096208391, 38.95426387405443, 0.207249737428, -0.535663337996, -0.818603893628, -0.12886238919, -0.844428586161, 0.519937349616, 0.969763904767, 0.00226962565398, 0.244034460294,  
853, 780879.7972414852, 57.12574267268384, 151.74118179604233, 68.0180466076832, 18.062088262598582, -0.912943401876, -0.281422752401, -0.295525936936, -0.355331907919, 0.192068415056, 0.914794490119, 0.200682784975, -0.940165388838, 0.275346075776,  
854, 1283671.8873295484, 67.41995737696311, 97.57138886249842, 82.04111145886984, 38.2834791135756, 0.746817816064, 0.66483143614, 0.0161960220276, 0.558448173426, -0.640167449842, 0.527561630295, -0.36110772244, 0.384947785658, 0.849362357955,  
855, 2456081.8039213996, 83.6985766850252, 90.14745890251052, 85.84629602262915, 75.76683877220943, -0.052173477922, 0.993977876463, 0.0963634230592, 0.257627725596, -0.0798316871368, 0.962940733759, 0.964834640343, 0.0750658566264, -0.25191116284,  
856, 2679218.400543849, 86.16016116293804, 103.35837571029973, 91.8023335887494, 67.40934562079909, -0.57885659928, 0.759769302836, -0.296100732756, 0.490446908873, 0.614493450995, 0.61794791711, -0.651449819285, -0.212481540735, 0.728330095355,  
857, 1926173.2386773017, 77.1854745215821, 133.0414798298984, 86.82542290394636, 39.80822021331732, 0.471693205316, -0.0800092603973, 0.878125297614, -0.785142005656, 0.415145494443, 0.459571810926, 0.401319761552, 0.906229957955, -0.133002677767,  
858, 2171858.430499307, 80.33675790425355, 128.91980941324888, 80.85452464114773, 49.74150492805552, 0.173769503683, 0.719390629097, -0.672518611161, 0.860938164169, 0.220574338335, 0.458402049238, -0.478110486255, 0.658653235046, 0.581021754237,  
859, 328663.6781654773, 42.81090092168164, 100.41676694216459, 64.94110364094645, 12.031982800559005, -0.079227127833, -0.353516065667, 0.932067300966, 0.207745481445, -0.920332297281, -0.331406513999, 0.974969167284, 0.167376383929, 0.146356649826,  
860, 3548686.1897583236, 94.62219005729065, 102.75246908774011, 96.79315357706717, 85.18087185190507, -0.427405382655, -0.900947003301, 0.0749608972805, 0.448234723589, -0.139171646236, 0.883015790036, -0.785117998423, 0.411005778703, 0.463318441707,  
861, 1449971.8477534917, 70.21399008863376, 107.09717669260542, 65.55588039857878, 49.30390121599763, 0.458100324466, 0.748654343227, -0.479229347069, 0.637038790587, 0.0994950300573, 0.764383619841, -0.619940055177, 0.655452067936, 0.431343151825,  
862, 1653704.667872812, 73.35951436262965, 125.4158002021725, 60.52118894085663, 52.01272869303137, -0.25336304862, 0.787404991722, -0.561961337287, -0.311551533429, 0.483546396872, 0.81799665286, 0.9158290275, 0.382330042089, 0.12280444334,  
863, 3473670.1207159017, 93.95069300214796, 103.41703743797163, 93.95124285907944, 85.35035691522859, -0.231532711796, -0.878199633099, -0.418518826091, -0.239783002665, -0.365418670206, 0.899429434196, 0.942813191996, -0.30860103676, 0.12597096931,  
864, 3270095.9676164743, 92.0783007957804, 113.38360101753119, 105.48627191722092, 65.27181648608394, -0.41185641245, -0.894679674816, -0.172981429626, 0.840512417319, -0.446308809782, 0.307160092856, -0.352013027963, -0.0188871856746, 0.935804521448,  
865, 1103288.8077064403, 64.10130449606449, 127.65478854863258, 79.5683321639658, 25.931237196876133, -0.160254004365, -0.987028827191, -0.00963059593912, -0.860099076417, 0.144419449119, -0.489257193573, 0.484301799327, -0.0701221577617, -0.872086377694,  
866, 1617283.5811567022, 72.81695646686488, 99.7014527042472, 91.81339610490257, 42.1783931004526, -0.550565770796, -0.0660697715114, 0.832173129415, 0.82616693407, 0.0998020344628, 0.554515780629, -0.119689302266, 0.992811331125, -0.000362923466748,  
867, 2124435.5272610476, 79.74772735748834, 108.1744017750407, 84.430621327127, 55.530356148234034, 0.161274854591, 0.498191356423, 0.851936496261, -0.533552929883, -0.682193405775, 0.499933423699, 0.830247970362, -0.535179903866, 0.155790815543,  
868, 2130093.48816577, 79.81846137037633, 112.37565293515209, 87.77789738216762, 51.55284694341842, 0.456072563753, -0.85332637231, -0.252649794997, -0.719681062203, -0.520642702865, 0.459336853148, -0.52350452271, -0.0276636634126, -0.851573682325,  
869, 3074106.081422782, 90.20073580121836, 101.31081483070615, 92.66180758881475, 78.17603946492885, 0.537815007587, -0.629408624697, -0.560891968895, -0.632891371588, -0.740945991534, 0.22460531917, -0.556959181075, 0.234187576073, -0.796839161832,  
870, 2930777.03040292, 88.77650768263862, 104.06724741442167, 91.4177109894283, 73.54442544874648, 0.923063071029, 0.357623056981, -0.14163444503, 0.336552320532, -0.572609278338, 0.747563475503, 0.18624473804, -0.737715638629, -0.648913348665,  
871, 2841554.1565442826, 87.86632101437984, 109.5980153512854, 107.30041341997561, 57.68504598595773, 0.390115167369, 0.644789017409, 0.657310641339, 0.912238107192, -0.173723431486, -0.371001085091, -0.125027164948, 0.744356965696, -0.65597325833,  
872, 3930749.8347343756, 97.90290951302396, 123.11508785839628, 96.17281777648472, 79.25436223288818, 0.658357115071, -0.7384793089, 0.14565101909, 0.518444673234, 0.585174297393, 0.623527194648, -0.545693164544, -0.334991570038, 0.768114326239,  
873, 3226611.442406808, 91.66833715976428, 117.00812187832689, 98.68855630383301, 66.70759080027685, 0.161815439615, -0.985427215759, -0.0524305821464, 0.00185572238166, -0.0528268317842, 0.998601963816, 0.986819294398, 0.16168651238, 0.00671951766885,  
874, 2392491.6959985564, 82.96990826638486, 99.38319341318564, 90.42585841180573, 63.555954000644356, -0.204896011152, -0.440906871108, 0.873852822633, -0.532312577966, -0.699020405611, -0.477507897191, 0.821377467401, -0.563002312206, -0.0914737803782,  
875, 2737437.8046683786, 86.77978113189292, 120.97501013822541, 88.36912931038341, 61.130705539624266, 0.143116090007, 0.837291461642, 0.527693844044, -0.827257992208, -0.19148154523, 0.52818465726, 0.54328813636, -0.512130672873, 0.665251963389,  
876, 2859923.59133949, 88.05525389468829, 110.167695483866, 88.98655061548676, 69.64455752834196, 0.139150791261, -0.727444133521, 0.671909286956, 0.818872298435, -0.297015896305, -0.491151418808, 0.556852957383, 0.618552010706, 0.554353852612,  
877, 1740214.1240029722, 74.6170416669373, 135.73070134894073, 74.12672816434728, 41.29154710018197, -0.788714654173, -0.56932687404, 0.231939873216, 0.143744450324, 0.196037049311, 0.970003612518, -0.597717932886, 0.798396133378, -0.0727797149887,  
878, 2295026.495428721, 81.82757825898913, 125.42527510274498, 68.55044921253197, 63.72410243413229, -0.514801353156, 0.855683559628, 0.0527751131813, 0.741462243931, 0.475294663797, -0.473633532797, 0.430364156979, 0.204696429741, 0.879139388288,  
879, 2620722.821179041, 85.52849441596594, 116.7304478442415, 79.39801893586277, 67.50542301278426, -0.00569627175188, 0.906459851757, 0.422253584521, -0.958564019407, -0.125219922758, 0.255880815308, -0.28482024715, 0.403299526527, -0.86961308564,  
880, 2589338.5032083653, 85.18570853185804, 107.47620355155418, 88.46466104348154, 65.01567637445068, -0.414698807819, -0.0155495166397, -0.909825868683, 0.909774118092, -0.0272247487068, -0.414209931204, 0.0183290164243, 0.999508391956, -0.0254366186195,  
881, 4184880.736036065, 99.96887975248268, 114.54905745836561, 102.7179612442577, 84.9095551176044, 0.0294980313078, 0.999554725311, 0.00449636049871, -0.249075990755, 0.0029939523606, 0.968479316805, 0.968034615589, -0.029688168654, 0.249053399221,  
882, 3436346.732928076, 93.61299133468752, 138.31192286626185, 81.96321089740502, 72.36520329362999, 0.28058272632, -0.958414883761, -0.0520984095459, -0.610915064101, -0.220187522841, 0.76046054417, -0.740308123787, -0.181544389535, -0.647290905608,  
883, 3330864.3192475345, 92.64516895694075, 112.3974989180857, 87.54793740213799, 80.81012283919466, 0.910868634937, -0.23376229096, -0.340108102246, -0.291354854948, 0.219420593252, -0.931110601247, -0.292285268849, -0.94721158913, -0.131755557877,  
884, 3272075.1471785028, 92.09687341457003, 105.17620702458223, 93.45877197485639, 79.46887865185484, -0.775495177725, 0.185043007781, -0.603627629087, 0.623635027051, 0.373552924964, -0.686685929145, -0.098420436705, 0.908964959458, 0.405087793098,  
885, 3150287.245954217, 90.93976938689153, 113.79748401907683, 96.08997310433504, 68.77820125389081, -0.823784685868, 0.449573093847, 0.345344501357, 0.35533348645, -0.0651799194469, 0.932464311118, -0.441720392031, -0.890862285311, 0.106054155384,  
886, 2373454.3360297475, 82.74925460873172, 108.86850634541504, 85.76535826896149, 60.68454507502511, 0.879316619874, 0.475658674473, 0.0234756770281, 0.207158802488, -0.426415385395, 0.880485746421, 0.428821072902, -0.769362557249, -0.473491016745,  
887, 3019923.9798959573, 89.66765257836697, 102.79617925556123, 97.83158875437198, 71.6888018410341, 0.795302067695, -0.245153088555, -0.55443176703, 0.348079134344, 0.93346112272, 0.0865519994313, -0.496322009742, 0.261821113631, -0.827716235858,  
888, 2994607.969852074, 89.4163879631252, 110.1151345384313, 91.76187221521619, 70.75254840652816, 0.139169977982, 0.935087555785, -0.325949352269, -0.514451386637, 0.349520685261, 0.783054954242, 0.846150984172, 0.0587073555075, 0.529699875772,  
889, 3755934.9619726394, 96.42947849265637, 112.15915609754572, 102.12050477275018, 78.28557906574422, 0.369745607313, -0.629630503042, 0.683266869906, -0.394495184128, 0.55942196518, 0.728986018092, -0.841226328388, -0.539084867634, -0.0415423869702,  
890, 1371321.937169206, 68.92079389248835, 98.35905504682371, 66.74384968411493, 49.86837469674924, 0.729010919967, 0.668839773555, 0.145589958035, 0.245555195215, -0.454075714218, 0.856456590762, 0.638941096403, -0.588615836577, -0.495263235319,  
891, 1664668.4547639948, 73.52127785872233, 102.34711708932186, 76.51758678992604, 50.74605218189741, 0.356241392462, 0.618447601384, 0.700438887155, 0.318375309663, -0.785101365255, 0.531274889743, 0.878481207821, 0.0337403410955, -0.476584050183,  
892, 1176780.2585609076, 65.494111517286, 97.922552667521, 79.16785928180659, 36.23891087710817, -0.0598905651639, -0.737307262463, 0.67289755604, 0.245870971425, -0.664234756046, -0.705931763183, 0.967450559778, 0.123167323509, 0.221063847802,  
893, 3782431.874420679, 96.65570698017463, 109.61381297323813, 99.13227465274356, 83.10021525426734, -0.802781313452, 0.529797493587, -0.273599668423, 0.595819935694, 0.730634815672, -0.333423709951, -0.0232543974718, 0.430682460657, 0.902203885539,  
894, 1955631.6750615186, 77.57697087887091, 138.91073770651238, 70.16166703318451, 47.90300264033085, -0.515212434966, -0.726627304008, 0.454498523569, 0.0562749673109, 0.500473017371, 0.863921227276, -0.855212999732, 0.47067984868, -0.216958994134,  
895, 2238173.4756262093, 81.14623576471841, 118.6951037940285, 86.70398717435079, 51.91982994927316, -0.867652888782, 0.442421473054, 0.226807638251, 0.475532569177, 0.605381895097, 0.63826447241, -0.145076670215, -0.66164643222, 0.735647169838,  
896, 3108876.8928668695, 90.53954449177861, 99.35669664074393, 92.25217124875513, 80.97317625302671, 0.87145257453, -0.224113690282, -0.436283696891, -0.116229032708, -0.958527427806, 0.260222946911, 0.476509414703, 0.176063124961, 0.861359712157,  
