# Void_ID, Void_Volume, r = (a*b*c)**(1/3.0), a, b, c, vector_a, vector_b, vector_c 

21, 2474984.0931596053, 83.91274616781263, 134.43294455107508, 89.83786411777193, 48.92363003689674, 0.628203636711, -0.490172204217, 0.604227937981, 0.505269465002, 0.847569467254, 0.162261412282, -0.591661185612, 0.203364717669, 0.780115269077,  
48, 96480.68000993991, 28.452291456355592, 109.87812458830861, 46.94832100152848, 4.464989510113744, -0.542792353648, -0.784718494485, -0.299321474731, -0.821421203687, 0.421729793957, 0.383941645334, 0.175053326031, -0.454269595397, 0.873496117761,  
51, 1150272.7377527442, 64.99861047726206, 104.22929815021845, 93.60760327853487, 28.145649718199344, -0.465841472725, -0.880742945785, 0.0853439262059, 0.777757327453, -0.361546782623, 0.51417649068, -0.422001495118, 0.305901597619, 0.853427765363,  
55, 1885483.3368012588, 76.6380942117945, 93.66884063200567, 84.34346088275616, 56.97541889887581, -0.447718284472, -0.807340163796, 0.384382879004, 0.719245766026, -0.069755899546, 0.69124499458, -0.531256873652, 0.58594878138, 0.611906986229,  
68, 1687722.2279612408, 73.8591185385422, 121.53807242457331, 64.99558370607768, 51.005401241491306, 0.525651843208, -0.220836008244, 0.821536120444, -0.676582225302, 0.476876420687, 0.561093015281, 0.515680746331, 0.85077631423, -0.101257251632,  
84, 2724877.97466948, 86.64685750274757, 115.5704328991227, 82.59487451776256, 68.14886253026046, -0.542936750411, 0.839743033184, -0.00716402625167, 0.839725473285, 0.542794562489, -0.0153359854429, 0.00898969243777, 0.0143422854355, 0.999856731876,  
86, 689900.7871470132, 54.81499056836722, 133.33894504775813, 52.665349968748934, 23.45395253586627, 0.304357258135, 0.930018555295, -0.205990645972, 0.643584837387, -0.0413431000418, 0.764257355323, 0.702257229586, -0.365179729567, -0.611128913247,  
90, 2092738.1719630284, 79.34911650553451, 102.28639894771979, 86.10204253295586, 56.72766966449142, -0.43688230809, 0.541026408313, -0.718626658555, 0.896950820927, 0.201695698283, -0.393443858934, 0.0679196121697, 0.816461432525, 0.573391363277,  
93, 870247.288456976, 59.22676653856041, 120.11772932041875, 63.045864598386466, 27.434076841678984, -0.898951453475, -0.209490138449, 0.384707897226, -0.437300941423, 0.480455065626, -0.760217611309, 0.0255767653637, 0.851631852273, 0.523516014337,  
108, 2168287.051701513, 80.29269880121002, 112.84049692913563, 69.45487758494701, 66.04811490226376, -0.840655361673, -0.358888800004, -0.40558278085, 0.0246740343194, -0.773504528424, 0.633310300356, -0.541008091363, 0.522388336143, 0.659105963666,  
112, 235532.11675245268, 38.31073716261391, 122.9455400703775, 50.89586243954056, 8.985996991157753, -0.692943638107, 0.517137823721, 0.502391864667, -0.248234684629, -0.825326765722, 0.507163948966, 0.676911113629, 0.226724945827, 0.700276476247,  
128, 921967.5144685117, 60.37757553034362, 108.4295960749643, 56.53406745765656, 35.906157945296044, -0.946401339011, -0.294834784896, 0.131897517542, -0.278388864509, 0.537525983594, -0.795968251301, -0.163780785306, 0.790024218981, 0.590794031611,  
130, 1305125.5394475004, 67.79347455912065, 127.80097110158081, 97.77582311076387, 24.93434960596585, 0.285688940541, -0.525904030053, 0.801128441904, -0.858741572644, 0.230578618844, 0.457598527035, -0.425375999165, -0.818693136472, -0.385741892499,  
139, 1905488.3681590927, 76.90818534068251, 125.80679151937028, 91.06426463697186, 39.70686700297014, 0.56427519854, -0.379049749687, -0.733426743155, -0.765790553361, -0.572246209192, -0.293426489003, 0.308477436282, -0.72722456183, 0.613177060869,  
142, 1998601.8144700823, 78.14104640834589, 135.0480945222863, 104.27261840053055, 33.882771573907505, 0.479225136793, 0.851981075384, 0.210882705438, 0.613843709172, -0.153612416754, -0.774337863034, -0.627327003225, 0.500531190443, -0.596598154891,  
163, 828614.1049639821, 58.26680940395342, 109.87974786596429, 82.74531523262652, 21.757181938093375, -0.468280841127, 0.87671145698, -0.109954877258, 0.883577829147, 0.464385011085, -0.060305732057, 0.00180932932161, 0.125393710684, 0.992105409545,  
176, 2403062.335480652, 83.09192282847185, 122.69919907434408, 87.2555529714736, 53.58480125325378, 0.868871858965, -0.238222700483, 0.43394888832, -0.41107376176, 0.141222971804, 0.900596710313, 0.275826131996, 0.960888139801, -0.0247775644155,  
179, 2121898.28458643, 79.71596677290508, 133.9711019811847, 88.63850553860512, 42.65818737754556, 0.449324493288, 0.826272922705, 0.339677136316, 0.344712816006, -0.51112966348, 0.787349694604, 0.824184793728, -0.236684440376, -0.514489943023,  
199, 1961796.8280927849, 77.65840615006292, 125.25758978672216, 103.77941802818991, 36.028828172402086, -0.236382669291, -0.0888693717755, 0.967587447427, 0.658216123552, -0.747164400215, 0.0921785970176, 0.714755040804, 0.658671081658, 0.235111968715,  
210, 1066682.024561717, 63.38436187581388, 102.77123977701243, 88.3821316945531, 28.035628689545693, -0.020722329748, 0.0494336231636, 0.998562417654, -0.460924618271, -0.886774855209, 0.0343344206516, 0.887197318144, -0.45955051199, 0.0411612148482,  
215, 1350067.7968666297, 68.56287016187638, 108.49916667030888, 74.83035931219467, 39.6974614556765, 0.635450814334, -0.676135269179, -0.372885183848, 0.423148159439, -0.0990090199457, 0.900634692388, -0.645869876775, -0.730094727923, 0.223190032334,  
223, 2650982.054951233, 85.85641025114984, 141.2103064417367, 92.94608458377688, 48.21927581126137, 0.672303976944, 0.723546726461, -0.156484814641, 0.571889299404, -0.641867154732, -0.510831855803, 0.47005317977, -0.253942297194, 0.845318471278,  
229, 816654.5899677658, 57.98512521722941, 99.3445474971221, 64.7603012748238, 30.303786779967567, -0.7493557598, 0.618179667168, 0.237318023662, -0.0199109764952, -0.379269457628, 0.925072014238, 0.661868187987, 0.688482808508, 0.296516313412,  
251, 1313645.5249050504, 67.94067548950883, 104.45048940082985, 65.83968263027616, 45.602785758093695, 0.534286851236, 0.420998637499, -0.733005939826, -0.515586399887, 0.849475279216, 0.112082176337, 0.669856868926, 0.318043860536, 0.670924644001,  
253, 2011483.9371449817, 78.30857477722265, 121.23198069892405, 74.03604566585194, 53.5016953586462, 0.352659505121, 0.581221020858, 0.733357619692, -0.646182979469, -0.415582978438, 0.640108072966, 0.676815211481, -0.699623407945, 0.229015843476,  
261, 1710762.458350256, 74.19370074572475, 95.93575258389245, 73.30121202915541, 58.077706751413245, -0.907260151024, 0.0562895823874, -0.416785917802, 0.114665355985, 0.986565658738, -0.116361751175, 0.40463671917, -0.153361285579, -0.901526173544,  
276, 1004571.556063431, 62.1294376364883, 155.78914210091438, 66.92326853363028, 23.002653545783787, -0.241457399272, -0.0878606627761, -0.966425800708, -0.957696351589, -0.139112351844, 0.2519235037, 0.156575932023, -0.986371257439, 0.050554129506,  
294, 635236.6163766913, 53.32722336662639, 116.10124917385028, 60.153979068941574, 21.714291399364733, 0.543820773968, 0.472332768932, -0.693657495594, 0.689118847061, 0.22037841561, 0.690324973153, -0.478930245887, 0.853425514808, 0.205647052613,  
296, 602249.1148140207, 52.387682529248245, 97.30785467957877, 69.58820336916715, 21.232642092809893, -0.15904787135, 0.0661250821543, 0.985053931584, 0.985460645174, -0.0497600525392, 0.162453851861, -0.0597586096902, -0.996569822281, 0.0572494356873,  
297, 1061099.7750142517, 63.27359898544333, 95.31531930190138, 57.262738372355834, 46.41226822104874, -0.414561321672, -0.526511997247, -0.742242566368, 0.211977521582, -0.84906613424, 0.483892787743, -0.884988384623, 0.0432644940027, 0.463598687057,  
328, 1913518.04060986, 77.01606356759969, 122.83880565282406, 92.96084951917447, 40.00444805177129, 0.478002103962, -0.193601230722, -0.856756997094, 0.0413383728466, -0.969367449251, 0.24211131172, 0.877385392822, 0.15114665658, 0.455356520395,  
329, 1090643.8120079157, 63.8554706324704, 131.58879676332043, 102.70228664155714, 19.266166154362978, 0.749585298046, 0.637478588764, -0.178165456306, 0.423611994044, -0.255192922946, 0.869154445758, -0.508600785937, 0.726978418487, 0.461332439352,  
330, 1571509.864099595, 72.12339594060104, 105.77630032657144, 67.3810211489198, 52.63838313227711, 0.840509961528, 0.000435776933309, 0.541795916071, -0.201236838442, 0.928713591839, 0.311439880536, -0.503037512941, -0.370797619238, 0.780680719719,  
352, 3066643.022183642, 90.12768270210064, 131.25788809213796, 91.41857380357959, 61.01192965403468, 0.611883870741, 0.697021874853, 0.373843061597, -0.471370411169, -0.058194582684, 0.880013253321, 0.635144128684, -0.714684473403, 0.292947161234,  
353, 798355.5820736242, 57.54875319182771, 148.62436070722475, 39.71711981164857, 32.28791567711059, -0.125190266369, -0.223224524436, 0.966694475466, -0.235190038659, 0.953264233335, 0.189665355718, -0.963853226857, -0.203612654653, -0.171839587823,  
361, 717596.1772166294, 55.538886593315425, 102.7343578678901, 80.45751491307693, 20.725698780724535, -0.733865929091, 0.487549852019, 0.473007336006, 0.521940525375, -0.0409537899904, 0.851998166111, -0.434763022911, -0.872134123218, 0.224417434768,  
366, 2583673.168369772, 85.12353590077677, 139.03620702464514, 79.38980881371381, 55.87998722695936, -0.964007965653, -0.163311543781, -0.209804627749, -0.0197976906598, -0.742831884922, 0.669185207688, -0.265135236439, 0.649253517828, 0.712862662781,  
409, 2391958.908759261, 82.96374891513474, 110.28361089951298, 91.81118269782205, 56.39733029963156, -0.761197390747, -0.525464381709, 0.380086458421, -0.613805733781, 0.772927312331, -0.160704359091, 0.209334788073, 0.355626986333, 0.910883303774,  
418, 2171185.929112484, 80.32846513562325, 97.76041504615198, 83.12647242009112, 63.783158102953266, 0.0545933457972, -0.342752337472, 0.937838153282, -0.662737278095, -0.714965223957, -0.222719619154, 0.746859335362, -0.609381295816, -0.266187094902,  
419, 1459166.8411381592, 70.36209807581122, 93.76997118202362, 75.98985783783685, 48.88739859159915, -0.878304117249, 0.288642147997, 0.381139853626, -0.323823309726, -0.945639344624, -0.0300781312203, -0.35173902499, 0.14983971536, -0.924027985507,  
450, 1758512.3915469793, 74.87766185158469, 121.81284950090253, 72.2861413480779, 47.67697345756492, 0.775826644624, -0.244634711689, -0.581589954632, -0.554512421513, 0.175393922493, -0.813481988947, -0.301013275256, -0.953619856017, -0.00042229201021,  
458, 237086.105427391, 38.39480778903992, 101.16371286899009, 54.37132426304814, 10.290176460599495, -0.954927988633, -0.13335841815, 0.265194398194, -0.283379283231, 0.675523815546, -0.680708275596, 0.0883669528743, 0.725177982938, 0.682867611402,  
470, 2097109.3747580068, 79.4043248556117, 126.58313273371218, 70.77769411982952, 55.88049226169236, 0.772343206521, 0.543241702787, 0.329202709125, 0.532751008094, -0.836223454515, 0.130025757038, -0.345922440319, -0.0749585650326, 0.935264069026,  
487, 2236560.563520928, 81.12673873594024, 111.43396881761839, 75.3761327211301, 63.56830089393554, -0.799867635394, -0.181283573506, -0.572143366497, -0.579833051972, -0.0126830481733, 0.814636588995, 0.154936753841, -0.983349076506, 0.0949694479465,  
497, 1453639.1712717272, 70.27313620961057, 100.8961394277559, 92.50110619912117, 37.18318029972786, -0.69793315972, -0.608298851538, -0.377970649364, 0.0908776399913, -0.598730801888, 0.795778035271, 0.710373534918, -0.521050797993, -0.473154844421,  
508, 1981816.2195257144, 77.92167084371722, 112.46261644609673, 88.51523322892976, 47.527893690044046, -0.777499120618, -0.0478817197662, -0.627058576491, 0.619502844751, -0.229895314273, -0.750576025344, 0.108218957601, 0.972036771623, -0.208406266288,  
521, 3281533.657542183, 92.1855287971166, 143.62897226025748, 80.65088457742135, 67.62963846089183, -0.674939720802, -0.61729893404, -0.404225678696, -0.246962779223, -0.327244820824, 0.912096602846, -0.695317020475, 0.715438923513, 0.0684206676384,  
532, 688413.3303888654, 54.77556770369779, 104.47283452014345, 46.87519804647191, 33.55939852295003, 0.164088861869, -0.960653566541, 0.224097234484, -0.883553655455, -0.244149282539, -0.399654933371, -0.438643116146, 0.132423007549, 0.888851148241,  
591, 1688956.0404668062, 73.87711243688678, 123.12815012937688, 68.29608081009654, 47.9486738148093, -0.434144055762, -0.563678349745, -0.702698837964, -0.210106361472, -0.695173864579, 0.687450809059, -0.875999004403, 0.446094178437, 0.183373193923,  
606, 2118823.929388832, 79.67744880141989, 120.28003776995658, 73.85183620509154, 56.94445046140731, -0.518380057039, 0.852690514853, -0.0648151397681, 0.1920174408, 0.189921847704, 0.962839028184, 0.833313517767, 0.486670913086, -0.262183148702,  
607, 548635.9864080517, 50.784583355901475, 134.67162743399962, 51.705767389104075, 18.809644387583564, -0.886431376362, -0.304296022176, -0.348774061377, 0.159241945615, -0.908014272168, 0.38749462486, -0.434604898452, 0.287947933534, 0.853349031648,  
637, 1132066.4819798006, 64.65385738685589, 102.40676605763522, 65.65952157347411, 40.1936047261622, 0.137094537235, 0.744869206038, 0.65297393038, -0.766663838707, -0.337628112693, 0.546107879396, 0.627241298289, -0.575479907047, 0.524777314969,  
656, 2316776.478573226, 82.08525947196603, 122.5489726959758, 100.85118853317968, 44.751214927818914, -0.181306778719, 0.338848887521, 0.923205981034, -0.309930899978, -0.910613537633, 0.273360242755, 0.933311678503, -0.236567995523, 0.270120147832,  
729, 522543.45329358097, 49.9663854540401, 127.37274246258109, 43.87567295414422, 22.322020950058047, 0.69101649962, -0.540154973595, -0.480342379718, -0.562021502226, 0.0163986722017, -0.826960044129, -0.454563558031, -0.841405780851, 0.292246956631,  
755, 2116168.729506403, 79.64415234496958, 128.68213744046395, 93.17198915661571, 42.13646031342786, 0.345774147907, -0.146949275979, 0.926739525934, -0.333008095263, -0.942586791866, -0.0252140494416, 0.877237622955, -0.299893397875, -0.37485744328,  
761, 2476572.0458753053, 83.93068850341628, 130.11464907690825, 88.35209295901826, 51.43033114078091, -0.201631469543, -0.603992101937, 0.771063091638, 0.547169423844, -0.722396661671, -0.422786807761, 0.812373296029, 0.336655022247, 0.476143910909,  
777, 833021.1537187517, 58.36992566582531, 107.52919689094952, 71.4852506916112, 25.87167660840944, -0.56836073392, -0.257542541458, 0.781433244415, -0.819753834895, 0.0958763277581, -0.564633845913, -0.0704962858069, 0.961498605883, 0.265613826019,  
786, 793076.5637857191, 57.421628131142974, 99.11794285193467, 66.3655985194935, 28.782678826298127, 0.738878795255, -0.00336129639674, -0.673829969361, 0.505428390037, 0.664110657544, 0.550907593958, -0.445645900315, 0.747626735894, -0.492396177188,  
797, 1224599.513390571, 66.3694916274211, 106.44367679680497, 72.61076421806354, 37.825493070778805, 0.928008353221, 0.35930340547, -0.0984964931891, -0.257733197615, 0.810052040136, 0.52667759694, 0.269024339419, -0.463375393271, 0.844339475396,  
803, 1376896.0927308814, 69.01405083337642, 110.51315649093412, 78.91756743546838, 37.68989128231607, 0.34077910755, -0.551097557394, 0.761683058819, 0.734635478019, 0.661661077665, 0.150051100424, -0.586668828465, 0.508425117925, 0.630336089059,  
811, 1925310.826477982, 77.17395329553389, 95.27249164838179, 89.71051116754957, 53.77759659054243, -0.0456526630013, -0.810429822359, 0.584054224701, 0.872946508058, -0.316617952503, -0.371103039899, 0.485675023478, 0.49290625395, 0.72191633614,  
812, 1122595.3003923409, 64.47304818900413, 122.85084807763735, 85.31470894752086, 25.570106569482313, 0.726273747514, 0.17608961639, 0.664468878633, 0.523683912908, 0.484431335765, -0.700772031613, 0.445288224674, -0.85692399192, -0.259614462306,  
813, 1895516.9779721294, 76.77379754926544, 108.08754917197508, 76.72513607966253, 54.56645405112957, 0.68724501203, -0.646195131142, -0.331852596688, -0.600323786856, -0.247989626488, -0.760337093722, -0.409030126488, -0.721756882643, 0.558355942014,  
836, 616055.753543226, 52.78499315189539, 124.33326549908382, 51.597369778955084, 22.92537798297247, 0.917879633031, 0.336334574651, -0.210656196587, 0.255816076161, -0.907245945899, -0.333860642826, 0.303405857629, -0.252554642691, 0.918782367055,  
878, 908197.4057821834, 60.07547535601593, 94.1245342532856, 73.5295693299747, 31.327575492582746, 0.164752317084, 0.11051573026, 0.980123944907, -0.131959133779, 0.98723931061, -0.0891365839566, 0.977467882351, 0.114650848022, -0.177233523973,  
881, 712432.879138077, 55.40536006908372, 94.54222024741414, 56.18387968720284, 32.01974156189657, 0.731458109065, 0.675228577537, 0.0950547356034, 0.498334258301, -0.434192279732, -0.750426566177, 0.465437430475, -0.596274628253, 0.654082996274,  
886, 3848590.2443957874, 97.2159867040714, 127.1836829252081, 103.95003481551458, 69.4955552718055, 0.573249882806, -0.271530895603, 0.773081848575, -0.682111545183, 0.364617537113, 0.633859520366, -0.453991642865, -0.890687950049, 0.0238026016545,  
904, 680739.9044199116, 54.57128747511736, 132.60730177751455, 52.16500359065948, 23.49340254236787, -0.669856674332, -0.61425262863, 0.417115983959, 0.0350697968133, 0.53497799388, 0.844137817785, -0.741661745814, 0.580079524105, -0.336816864943,  
914, 309037.23772180866, 41.941188656881636, 129.41661657415025, 70.24517828357241, 8.115506750145078, 0.261352645061, 0.917827174805, 0.2988110977, 0.916163295069, -0.138419873621, -0.376144593679, 0.303874335355, -0.372066144356, 0.877055968874,  
922, 1617534.0823075597, 72.82071581369416, 115.99152375896755, 107.33245667659793, 31.017551174288183, -0.202277951136, -0.0436678871146, 0.978354100579, 0.972143045222, -0.129745082643, 0.195202748845, 0.118412542033, 0.990585346734, 0.068696002245,  
924, 1136257.8210597388, 64.73355014294596, 134.33383566716824, 76.42331165174885, 26.42268867783752, 0.328685867162, 0.820042793665, 0.468503380229, -0.609294450926, -0.194907997403, 0.768616383263, 0.721613381804, -0.538089852261, 0.435584019558,  
938, 2219415.801907483, 80.9189095219852, 145.31729359572674, 66.90899984860604, 54.49394203818014, 0.514899182373, 0.239394646837, 0.8231458164, -0.545885816782, -0.648801381655, 0.530156054571, 0.660974664437, -0.722320545345, -0.203385158615,  
993, 934660.2735798759, 60.65338707379521, 139.76597076375816, 76.1530043480211, 20.964122454994882, 0.824974483195, -0.463495558385, 0.323402179083, -0.23143661328, 0.244992139329, 0.941496651986, -0.515610508147, -0.851557818956, 0.0948424212271,  
999, 1246271.6278394882, 66.75872489083903, 108.8271003552958, 73.0065928409981, 37.44768373908063, 0.850673413274, -0.446859065865, 0.276896585757, -0.406508226615, -0.225180762445, 0.885462978288, 0.333325375036, 0.8658005541, 0.373207174205,  
1022, 453313.5480170286, 47.65443920786395, 94.92548256876054, 58.065107636599976, 19.634147102966566, -0.245813743787, 0.0462834106411, 0.96821146929, 0.143498938411, 0.989590736976, -0.0108732683919, -0.95863635339, 0.13626451919, -0.249896624166,  
1026, 1020124.3468858561, 62.44842666546615, 148.18423871618091, 52.64479316473372, 31.218143057065898, -0.994023027614, 0.0199958562908, 0.107323745291, 0.104562447072, 0.456989240426, 0.883304890056, 0.0313833591977, -0.889247434557, 0.45634864402,  
1038, 1749422.8398497202, 74.74842754035907, 115.27846775936331, 112.62187106843638, 32.16882878657933, -0.368196217281, -0.00778102137681, 0.929715548588, 0.693828532089, -0.667937164676, 0.269187503618, 0.618897013759, 0.744176994908, 0.251330632055,  
1051, 1880696.7229509326, 76.57318639386999, 112.37942313876546, 88.52058848533775, 45.13350563488601, 0.816766200137, -0.575922491562, -0.0347312255322, -0.0578590566925, -0.141650254711, 0.98822443549, 0.574060366053, 0.80513880111, 0.149017472379,  
1052, 2301404.252960386, 81.90330632823778, 95.6049171166353, 83.04261575968731, 69.2027020710059, 0.330548145744, -0.167508079257, -0.928805128501, 0.45367411524, 0.891167355649, 0.000735789997806, 0.82759755951, -0.421618058922, 0.37056779661,  
1058, 3694440.5816705995, 95.90031321621426, 129.92467107748763, 85.04188319140857, 79.82438514603123, 0.649504588356, -0.0167485066105, 0.760173188971, -0.390457968044, -0.865216917859, 0.314550886568, 0.652446445998, -0.501117922825, -0.568501945932,  
1073, 660113.470071718, 54.01445459472412, 113.95436716137209, 92.88569975476163, 14.888472900416037, -0.296672455156, 0.336494480497, -0.893732017412, 0.95037855072, 0.0122779563404, -0.310853441542, 0.0936272646327, 0.941605393136, 0.323439668152,  
1104, 1504541.6488327957, 71.08400166427036, 114.41241320098653, 69.14907306394473, 45.40002546005462, 0.444599679906, 0.733467762747, 0.514155779544, 0.829422066299, -0.553848554557, 0.0728753356823, -0.33821614474, -0.394051798152, 0.854595237414,  
1108, 1851088.9584983056, 76.16922912902314, 122.64479081017663, 65.40900007203014, 55.08737324613938, -0.431414491609, 0.0924347448702, 0.897405902795, 0.85215648696, 0.368306590338, 0.371725136688, 0.296160190036, -0.925097872365, 0.237661667889,  
1111, 2528447.996693499, 84.51266668356841, 99.42863210721612, 85.73890867787686, 70.80696841241914, -0.959731672412, -0.248213269492, -0.131549571707, 0.139167541144, -0.826881255841, 0.544885111038, -0.244023589967, 0.504636068456, 0.82812736095,  
1179, 1966525.7071798134, 77.72075418545282, 121.35143342978175, 94.5543026024582, 40.91521261145146, -0.411099704481, -0.298132283774, 0.861460489139, 0.814565878944, 0.304106241777, 0.49396540625, -0.409242546462, 0.904785353044, 0.117830399649,  
1198, 549586.4400327153, 50.81389273773184, 126.3935488445379, 53.05036481586082, 19.567444770876637, -0.626299962765, 0.438847485477, 0.644330071572, 0.724639032897, 0.0229256779145, 0.688747185326, -0.287483266718, -0.898269056454, 0.332364368689,  
1200, 341458.070303248, 43.35936607858113, 112.45589617800009, 63.47640559392932, 11.419687379061346, 0.470971578058, -0.849012153437, 0.239508112551, -0.338056049313, 0.0770723791299, 0.937964794594, -0.814802970162, -0.52272192578, -0.250714794386,  
1220, 403662.45670290047, 45.84689376920261, 126.91217453460915, 46.22639385785809, 16.42617513763041, -0.638238513922, 0.0461482471464, 0.76845425279, 0.0649335648832, -0.991417446361, 0.113468406191, 0.767095320998, 0.122318381028, 0.629764227442,  
1241, 2314607.224282188, 82.05963199530119, 130.11510758725174, 86.31093311869466, 49.203404988595075, -0.232020231075, -0.95305647219, -0.194550695678, -0.11128649928, -0.172686698135, 0.978669821424, -0.966323924701, 0.248722063967, -0.0659955108012,  
1243, 2184514.466164885, 80.49250413434976, 113.002623003607, 81.95267400404951, 56.31377778140874, 0.429977102384, -0.60516329186, -0.669997822094, -0.769993603206, -0.633284217523, 0.0778521088854, 0.471412284998, -0.482419412981, 0.738269576464,  
1259, 511424.8933135742, 49.60945065845891, 128.42655681059685, 66.40477427283605, 14.316574255426682, -0.778219163814, -0.138424827295, -0.612546733124, -0.62386192812, 0.282103211842, 0.728844340384, -0.0719112488755, -0.949345219115, 0.305896105285,  
1263, 1202715.182394013, 65.97175862543189, 101.53000997026655, 79.80817322546581, 35.43499575316605, 0.844687757372, 0.386686152526, 0.370103245043, 0.448636086048, -0.888596059277, -0.0955128563766, -0.291938786121, -0.246720211743, 0.924067574518,  
1270, 2679235.5358276316, 86.16034484532149, 115.90188231528853, 91.12492020076995, 60.561222770404015, -0.92847586125, -0.142151390027, 0.343111581545, -0.342461935334, -0.0297886481591, -0.939059348118, -0.143709421835, 0.98939659326, 0.0210233993842,  
1289, 1393338.965040619, 69.28768604136509, 101.04534838613539, 71.55653447593636, 46.004736573808756, -0.86089521402, -0.466180906282, -0.203800866276, -0.4691436573, 0.882363451467, -0.0365919161881, -0.196884888431, -0.0641100782476, 0.978328287731,  
1313, 152975.79649149932, 33.17757996567649, 110.49847870438695, 51.30134915898181, 6.44241991017896, -0.999728189974, -0.0175742627875, -0.0153196428908, -0.00601073819811, -0.440594609005, 0.897686059568, -0.0225259227811, 0.897534141859, 0.44036921668,  
1318, 1607815.0061199863, 72.6745731209364, 123.29953020189501, 100.16497691170754, 31.079222906107393, -0.521376440577, -0.843413595439, -0.129692383122, 0.495023897403, -0.422739374548, 0.759106555239, -0.695066866, 0.331579444832, 0.63791623553,  
1321, 2400512.9470296726, 83.06252859258356, 135.96784689585397, 106.21438583039448, 39.68221271218509, -0.855954070849, -0.162616173377, 0.49081423039, -0.506560282431, 0.0734852327058, -0.859067285396, -0.103630636689, 0.983949135235, 0.145274878796,  
1322, 1939408.9237020686, 77.36186425341755, 137.12605146074304, 74.71703907495656, 45.18987670952019, -0.00362426568511, -0.971201357384, 0.238232634443, 0.224678793599, -0.232934011349, -0.946182427476, 0.974426141072, 0.0500966043988, 0.219052564063,  
1330, 1208004.0197147687, 66.06831895003221, 151.80479930899585, 73.87072635354133, 25.717094384419884, -0.692836831989, 0.169509898895, 0.70088766462, 0.0706975843229, -0.951327120534, 0.299964266718, 0.717620356324, 0.257377357033, 0.647130528005,  
1332, 615978.520532544, 52.782787229086566, 140.69633617610071, 46.97038158868958, 22.252052831159535, -0.0144489813915, 0.99911532545, -0.0394942196689, 0.989670722627, 0.0199242717157, 0.141967898382, -0.142629196559, 0.0370349813974, 0.989083071558,  
1334, 2004392.3740805925, 78.21643979832159, 134.47258142713466, 81.41076821049792, 43.70977164805002, -0.125129324054, -0.933065828625, 0.337239991274, -0.984197138501, 0.159662975558, 0.0765749750356, 0.125294233018, 0.322328859535, 0.938299238774,  
1342, 2100035.614966256, 79.44124045325349, 133.30405600815763, 80.19693559162498, 46.89612009313222, -0.480388353902, 0.538535344629, 0.692247580003, 0.839691044524, 0.510329360023, 0.185695702815, 0.253270565169, -0.670480146524, 0.697359587255,  
1344, 1191332.9441173577, 65.76298444902686, 134.39923670941724, 69.93502786945245, 30.258889663017555, 0.276981741309, 0.342920175301, -0.897600617398, 0.902827021628, -0.412643965028, 0.120947621495, 0.328914098209, 0.843878374825, 0.423892444496,  
1349, 3124601.8697103974, 90.69194020222868, 140.43535899984695, 114.24533140067985, 46.493383051707916, -0.624826855896, -0.390165488877, 0.676285658165, -0.681047759353, 0.695925945973, -0.227730163134, -0.381792285975, -0.602874754, -0.700554552736,  
1369, 2807744.7527391817, 87.51644575813584, 116.50366683218775, 78.89419344794831, 72.92633360090593, -0.313067523626, 0.226089297046, 0.922427425553, -0.303703778047, -0.944085509701, 0.128322116463, 0.899862623322, -0.239971206887, 0.364226686302,  
1377, 1008680.3628563208, 62.214027796508276, 118.59130532888398, 83.72412059699374, 24.252779191042144, -0.929063196131, 0.270174072976, 0.252680723218, 0.121721189263, -0.421755793058, 0.898502088537, 0.349321527649, 0.865521820241, 0.358951875615,  
1393, 2042823.6111635424, 78.71317305191344, 106.9640563759858, 84.97997081850961, 53.65223494162294, -0.584236849464, -0.730475795141, -0.35365578808, -0.0233886840624, -0.42042511662, 0.90702573876, 0.811246123681, -0.53818940349, -0.228542977982,  
1403, 320089.6078478752, 42.435336956948504, 105.14609530193778, 56.38938420617188, 12.88820584264749, 0.83600434219, -0.00671785420638, -0.548681702151, 0.178589484249, -0.942152484455, 0.283645010799, -0.518847314685, -0.335117242872, -0.786443829891,  
1411, 1037748.4450215076, 62.80600373203061, 92.5803897508487, 60.4393493829756, 44.27562460884303, 0.278301748918, 0.773587264494, 0.569307369319, 0.877836703437, 0.0356956153854, -0.477628040572, 0.389808746244, -0.632683623349, 0.669149141894,  
1412, 2237422.6820695475, 81.13716126934624, 113.41098912829104, 75.06592837091708, 62.742443590571824, -0.634428118095, 0.573477718156, 0.518289754625, 0.761212895237, 0.346959514262, 0.547881395549, -0.134372211028, -0.742120207406, 0.65665950588,  
1418, 541816.5789366801, 50.57329228704642, 127.09515637366141, 104.77685920898058, 9.713355969154346, -0.366181440643, -0.911297779457, -0.188275090453, -0.920806676122, 0.384048221853, -0.0679855021333, -0.134261750837, -0.148469931122, 0.979760410414,  
1419, 143543.32412427114, 32.4811549520406, 93.28728662555966, 65.61303909078151, 5.598630098710849, -0.432632691268, 0.837913271908, -0.332761631211, 0.888590638918, 0.458701009539, -0.000245508533096, -0.152432381314, 0.295795085503, 0.943010941887,  
1421, 1740378.0543199235, 74.61938459915697, 124.61690279144071, 80.87030691414003, 41.22768456051947, 0.453445605835, -0.645613028939, 0.614467980788, -0.792398165143, 0.023602247781, 0.609547440137, 0.408034594645, 0.763299908793, 0.50088024398,  
1435, 2538412.4034305313, 84.62354033173364, 106.09098290296068, 91.2269462291744, 62.61407390157842, -0.457491804328, -0.788378510051, -0.411291349121, -0.0218893836171, -0.452408721265, 0.891542037039, 0.888944376132, -0.416876089279, -0.189716162544,  
1460, 2086356.1940107122, 79.26837381051608, 99.87283312529051, 78.46806218923685, 63.556437921690694, -0.779021948471, 0.477643421583, -0.406179228443, 0.616429865336, 0.701886069438, -0.356889572067, -0.11462558581, 0.528405816912, 0.841218323464,  
1464, 1975557.1509496246, 77.8395523264875, 116.24101922154331, 107.0680957342223, 37.89496416915103, -0.350085208356, -0.769763484917, 0.533764483812, -0.116516616701, 0.601183740319, 0.790570672622, 0.929442964857, -0.214574666876, 0.300155771912,  
1467, 1268148.7716438507, 67.14709040167259, 114.60076099541763, 95.41892074531198, 27.68596046898363, 0.568897884496, 0.145579586562, 0.809420645272, -0.153128004352, -0.948246392467, 0.278173674989, -0.808026615465, 0.282197383316, 0.51716305509,  
1482, 1013548.4391616407, 62.313952650255516, 113.70969861425688, 82.05426748595094, 25.933266236644023, 0.432622593084, -0.410087496943, 0.802910914613, -0.764473499444, 0.305237227032, 0.567812032174, -0.477930916139, -0.859452430379, -0.181448503202,  
1503, 1394384.2460572182, 69.30500822000523, 99.51604351924894, 78.96814957749736, 42.35930200818904, -0.327051021185, -0.646455946934, 0.689298439151, -0.943858261676, 0.187506577789, -0.271979530759, -0.046574793703, 0.739551209829, 0.671487004068,  
1508, 759803.5880704671, 56.60710050374884, 86.34885556956881, 68.78840969687015, 30.53802002982565, -0.440805808269, 0.443966919244, 0.780117692411, 0.891841273431, 0.118316982169, 0.436600772715, -0.101535128899, -0.888197312734, 0.448102835577,  
1513, 1121711.0541075475, 64.456115690881, 113.67368288133193, 75.76811961033034, 31.091806085878954, -0.963727323827, -0.258268081121, -0.067284794592, -0.263283731593, 0.961298120833, 0.0811640287422, -0.0437186686426, -0.0959349840104, 0.994427049539,  
1522, 992116.9901892334, 61.871611240386265, 96.57726225846596, 53.48770181739206, 45.85064501766496, 0.115367334122, 0.919400606776, -0.376022476027, 0.514650972066, 0.268454328614, 0.814289045978, 0.849602704309, -0.287462689245, -0.442199555769,  
1536, 2297625.459122375, 81.85845468952549, 119.6035080867549, 87.68767528709043, 52.300778197111796, 0.495241909463, 0.0396029452742, 0.867851979221, -0.789710385427, 0.436854683722, 0.430715094301, 0.362067615592, 0.89865988674, -0.247623604901,  
1547, 1590364.4004284334, 72.41068881774092, 151.26389544572433, 96.58622971314217, 25.98708353290138, 0.397148587801, -0.00202208071141, 0.917752096373, 0.750555014482, 0.57619270498, -0.323526099355, 0.528147867025, -0.81731137146, -0.230351801902,  
1554, 774147.4008137217, 56.9610977276703, 94.36927132445953, 60.34930268470857, 32.45130697704484, 0.37234163828, -0.928053216767, 0.00888432620694, 0.604155995241, 0.249636208621, 0.756754449448, -0.704526250623, -0.276403672541, 0.653638869704,  
1557, 1441975.8469151685, 70.08468497630544, 134.86376843375672, 75.48976522478272, 33.81317959477052, -0.586256841958, -0.389343198217, 0.710432818259, -0.804907996372, 0.379302637904, -0.456347045849, 0.0917934236917, 0.839369634238, 0.535754220223,  
1558, 501866.00563934544, 49.29842637831487, 70.45795210768074, 55.915237742783795, 30.41157959124201, -0.419004412385, -0.723822079763, -0.548194216724, -0.142385098652, -0.543899954805, 0.826982057148, 0.896750682232, -0.424563818537, -0.124835002726,  
1583, 868343.078594117, 59.18353646909963, 110.6265348078356, 62.78195422701131, 29.84754383230203, 0.775804586332, 0.461117878031, -0.430694260915, 0.232878906579, 0.425141803539, 0.87465528167, 0.586425322352, -0.778861187531, 0.222442333788,  
1592, 434919.5206260819, 47.00096381488099, 122.86787271745165, 44.39354798263954, 19.035403910620218, 0.466233587571, 0.636033965987, -0.61488782386, 0.735357936692, 0.107769596749, 0.669054869917, -0.4918078352, 0.764098493734, 0.417466819171,  
1593, 484336.82910162763, 48.717645955892266, 138.80302577639006, 41.38979263144689, 20.12642785763435, 0.735555486641, -0.131236020287, -0.664631652159, 0.357389847477, -0.758269002932, 0.545252800188, -0.575526387746, -0.638596293578, -0.510846504183,  
1597, 481055.4510542623, 48.60737600300444, 111.88983039923635, 40.72431220294131, 25.203575551916686, -0.519472974686, 0.289290947037, -0.804026477508, -0.10365773529, 0.912662546455, 0.3953506674, 0.848176221363, 0.28871755101, -0.444116283481,  
1598, 338673.1738789513, 43.24116599476166, 107.81620182118927, 46.77236023702321, 16.033150684802656, 0.435604298298, 0.611844475646, 0.660223623423, -0.609433024466, -0.339325263857, 0.716554083094, 0.662450212465, -0.714496118205, 0.225066685838,  
1603, 2198896.678712031, 80.66876435228659, 101.74234209731424, 76.29922257765439, 67.62299012167225, 0.154213952895, 0.982419025636, 0.105218414741, 0.798898908517, -0.186643811114, 0.571773225801, -0.581359261303, 0.00411653261725, 0.813636567183,  
1614, 2532677.5142281405, 84.55976391232105, 98.85754757671135, 88.23680526552478, 69.31571020873913, 0.395492455766, -0.918467180229, -0.00193811095921, 0.140022607434, 0.0582080531709, 0.988435881559, 0.907733103307, 0.391190313515, -0.151627015313,  
1627, 3199729.109622948, 91.4130503308509, 118.18803548009603, 109.18743049049078, 59.19410292526676, -0.693762391054, -0.283958232869, 0.661862120645, 0.678577105671, -0.56562916323, 0.468611525, -0.241302416933, -0.77422953424, -0.585099796524,  
1628, 1635718.7609181856, 73.0925884321887, 97.13001915304343, 88.1807379767458, 45.59243862105449, -0.818597706508, -0.282101556837, -0.500316406418, -0.336384692359, 0.94152264383, 0.0195051250027, -0.465556799593, -0.184265631048, 0.865622922275,  
1642, 615284.9828092117, 52.762970195339186, 99.87758942783594, 73.97810375489313, 19.880003617340737, 0.199470365555, -0.282288189981, 0.938362910106, 0.868441204451, -0.392641317287, -0.302725404237, 0.45389585554, 0.875297762911, 0.166830388618,  
1646, 1119260.9891132824, 64.40915267829253, 121.15302917867953, 68.59253196993042, 32.1537511423157, 0.2747597405, -0.374154911622, 0.885728619335, 0.892117776656, 0.442811709126, -0.0896864696272, 0.358654370633, -0.814816477723, -0.455457078171,  
1655, 1573667.172130362, 72.156383587704, 114.87124629586266, 77.50750415807742, 42.19579664548638, -0.156812667864, -0.334491663576, 0.929260520089, -0.688419859521, -0.637633538468, -0.34568998776, 0.70815809267, -0.693929965933, -0.130281687763,  
1662, 1337821.3069866227, 68.35492845448734, 117.4184612831416, 82.74555046909529, 32.8721768627347, -0.223802673903, -0.514872012804, -0.82753801942, -0.0452267325446, -0.842674345174, 0.536520727138, 0.973584565314, -0.157501614012, -0.165306792862,  
1697, 1492081.2669684896, 70.88722184788236, 146.04793425475006, 115.30729294127198, 21.152011485150354, -0.517654519387, -0.268607566202, -0.812332305117, -0.467776032981, 0.883827745674, 0.00583943023851, -0.716393314825, -0.383012390603, 0.583165608655,  
1703, 947801.1523615947, 60.93631781924077, 113.98805149518026, 74.03834814275204, 26.8109728243232, -0.882757469459, -0.41697428368, -0.216498722545, -0.467385841185, 0.826307172357, 0.314272067438, -0.0478510770438, -0.378614452525, 0.924316704796,  
1707, 1839074.9103283423, 76.00408530916597, 103.35661506184441, 67.25088049496533, 63.1647174449707, 0.300862783526, -0.415427407633, 0.858429760945, -0.64165092438, 0.577742265839, 0.504477913793, -0.705525107088, -0.702590878997, -0.0927382338595,  
1710, 3065127.0211749724, 90.11282865506163, 138.41074077852923, 117.39742611408339, 45.03306422977731, -0.223093833296, 0.0358851277735, 0.974136232336, -0.961418889759, -0.173092907907, -0.213804966378, 0.160943654615, -0.984251544493, 0.0731166000441,  
1719, 2014301.0624421483, 78.34511532251172, 107.02043119893456, 82.02338572641824, 54.781180158584476, -0.342150357895, 0.55176456009, 0.760584645402, 0.795666726282, 0.600710809551, -0.0778523215903, -0.499847570045, 0.578534695172, -0.644554119684,  
1721, 2581177.1839367393, 85.09611557552047, 123.10670934135959, 87.24674373548542, 57.37177130191509, 0.454714000207, -0.457931375877, 0.763893993302, -0.80019532701, 0.166533566138, 0.576154501831, 0.391053214597, 0.873249922037, 0.29070940304,  
1730, 891196.0821053891, 59.698243501542265, 110.06334774963962, 83.97885038954584, 23.018234793247768, 0.226725535993, 0.206144827399, 0.95189276784, 0.32796528571, 0.904107718803, -0.273912402365, -0.917079223785, 0.374290719811, 0.137375959926,  
1739, 2401707.0071937633, 83.07629859623326, 118.00706114270027, 85.61582722500744, 56.75045709017509, 0.634625994691, 0.710993005869, 0.302884123828, 0.547158938543, -0.1365935693, -0.825808266366, 0.545771878017, -0.689805148162, 0.475712008189,  
1741, 562556.4219186924, 51.21051686409897, 99.42097884551322, 56.23128552580939, 24.02267858518125, 0.640300494214, -0.410623932664, 0.649155807979, 0.437537448251, 0.88958610603, 0.131139396586, -0.63132896218, 0.200061355295, 0.749265771026,  
1749, 1283524.3601469377, 67.41737451096378, 110.76775863659023, 70.90031296481104, 39.01701010757267, -0.981714421575, 0.0454823277184, 0.184846293814, 0.182599300276, -0.0494330204587, 0.981943925093, -0.053798606026, -0.997741316351, -0.0402240678701,  
1751, 1160743.4675287695, 65.19523868230465, 117.83460060690777, 73.0075067465667, 32.2112284163896, -0.545397412121, -0.722284457134, 0.425260891494, -0.838174566744, 0.471346146548, -0.274401541173, 0.00224911428059, 0.506100753919, 0.862471430464,  
1758, 2610635.1054404005, 85.41861423045827, 118.18385307772395, 98.58244126304103, 53.49335671858392, -0.959811455082, 0.175934085661, 0.218653077262, 0.279615718707, 0.532802595956, 0.798709235952, -0.0240212519571, -0.827749111293, 0.560583970703,  
1761, 523770.81518834207, 50.005475590568835, 112.03074839880904, 61.561462009003016, 18.130364018700938, 0.706089439582, 0.560338214213, -0.432965112917, 0.657122272166, -0.290649598407, 0.695494881627, -0.263871223771, 0.775592609969, 0.573435332559,  
1762, 2181188.6401710426, 80.45163463564715, 124.80940404343326, 80.96587477285959, 51.529424954491695, 0.503288701993, -0.227515710833, 0.833628864526, 0.792053503983, 0.507152980909, -0.339775073812, 0.345473196174, -0.831283619037, -0.43544898145,  
1767, 539534.8043561104, 50.502198593962255, 108.91615660373907, 47.55503451998425, 24.868068052307226, -0.766401906766, -0.254102287591, -0.589966223394, 0.00882122872245, -0.922510222252, 0.385871838523, -0.64230078875, 0.290528685816, 0.709255087743,  
1769, 835896.6247159059, 58.43701010738201, 115.64219323551339, 77.75686615269453, 22.19263618860984, -0.176387616294, -0.47794608173, 0.860496921422, -0.983609215295, 0.0523501843071, -0.172546717701, -0.0374208552085, 0.876827805879, 0.479346094626,  
1775, 2678551.5068015708, 86.15301175940827, 112.46086713341693, 98.0778173043177, 57.97478846489631, -0.35780123005, 0.526419755863, 0.771272014539, -0.719488796991, 0.371082506813, -0.587055060571, -0.595242934254, -0.764970596673, 0.245979339471,  
1776, 1329863.0950664561, 68.21911927608714, 111.29921148112419, 101.43136234563714, 28.122503446630716, -0.451436236827, -0.669949815384, 0.589383210608, 0.122865359125, 0.607556673975, 0.78471586669, 0.883803953152, -0.426663957671, 0.191959473895,  
