# Void_ID, Void_Volume, r = (a*b*c)**(1/3.0), a, b, c, vector_a, vector_b, vector_c 

5, 4779735.354323158, 104.49730272312584, 122.24149358065048, 106.54653811673614, 87.61072030215159, 0.743438454477, 0.529131086337, 0.409047134052, -0.474451781151, -0.0138087102734, 0.880173180052, -0.471375404289, 0.848427729976, -0.240781260151,  
6, 604070.7017230492, 52.44044733104334, 132.19266465202136, 62.81211130816758, 17.3679441756144, -0.865515609661, -0.125023322008, 0.485027729503, -0.0408205623282, 0.98273278084, 0.180471502333, -0.499215796149, 0.136401797705, -0.855674084251,  
12, 1220907.5270873578, 66.3027264216057, 106.45414946036752, 84.1078552329262, 32.5532991366366, -0.749106850264, 0.662122500114, -0.0208019645665, 0.661241817479, 0.749267804188, 0.0368377038392, -0.039977314878, -0.0138402474369, 0.999104730169,  
39, 2326546.351928686, 82.20048248912174, 100.78548068196784, 79.0413191735917, 69.72217856904933, 0.299750562918, -0.368072441992, -0.880154689516, -0.865165254431, 0.283916551802, -0.413376915343, -0.402043135193, -0.885389218965, 0.2333393417,  
73, 1160442.6484431569, 65.18960618121179, 99.48560795656871, 75.66678851252206, 36.801838248008984, -0.303348943462, -0.213301291367, -0.928699078067, -0.0720374980011, -0.966701101323, 0.245559727119, 0.950152628467, -0.141391441758, -0.277882066379,  
75, 2467081.652964956, 83.82334189325222, 135.94884362022694, 106.87458874692004, 40.53637788562782, -0.369239096138, -0.201551289141, -0.907215281909, -0.1054931066, -0.96079889635, 0.256391663735, 0.923327511961, -0.190374784618, -0.333502244428,  
100, 1475659.633729, 70.62620370496332, 117.69066583923745, 82.27474916426488, 36.382203719231285, -0.588133373791, 0.806816298991, -0.0560945123436, -0.165479594242, -0.0521560349458, 0.984833108658, 0.791653736505, 0.588495715958, 0.164186338581,  
123, 1177210.3843723636, 65.50209014544586, 125.29478831286889, 64.8948060601385, 34.563883252936414, -0.435256854508, 0.514871791682, 0.738551629024, 0.863663958559, 0.470438867934, 0.181029937367, 0.254236184069, -0.716654944633, 0.64943795165,  
125, 2276850.260327212, 81.61098510162223, 125.26635047031345, 99.07776777293016, 43.79607816718223, 0.0128842174136, 0.886762445205, 0.46204584482, -0.470717347996, -0.402300942827, 0.785225527919, 0.882189988175, -0.227610011147, 0.412231133697,  
133, 863601.5930447713, 59.07561821832113, 100.83169361623767, 79.18637964798224, 25.82125079380971, -0.0437039858921, 0.306385097526, 0.950903850887, -0.689109781211, -0.69838606044, 0.193351027983, 0.723337867843, -0.646826934038, 0.241655222055,  
142, 1909948.8278400113, 76.96814871460981, 131.99177335624424, 87.36101799502707, 39.54290509176766, 0.62667174895, -0.616242571337, 0.476998545427, -0.658116372965, -0.0907093138065, 0.74743204375, 0.417331233798, 0.782315098704, 0.462404290244,  
148, 2600557.497183395, 85.30856114345231, 132.26564264916817, 82.05193001938885, 57.20605556572184, 0.184357214826, -0.378684856805, -0.906978608661, -0.94323756773, 0.191202896134, -0.271559097312, -0.276252254588, -0.905560175657, 0.321940149871,  
154, 867367.6219265688, 59.16136681149794, 107.87693453714776, 59.724408624166855, 32.139131892631184, 0.442014831179, -0.667506153925, 0.599214839177, -0.763960384488, 0.0699482993178, 0.641460650668, 0.470092990747, 0.741311520142, 0.479030072286,  
156, 1740161.1920132171, 74.61628511855695, 97.80901229535084, 77.55095262236107, 54.769006060225195, 0.187858221002, -0.784801662575, -0.590589230533, 0.146175620995, -0.572259021534, 0.806940084579, 0.971257935169, 0.23792007627, -0.00721530864698,  
178, 457084.1920828069, 47.78620378629422, 137.33572349036348, 29.42542030237558, 27.002339782917176, 0.989397318988, 0.03785091238, -0.140215026343, 0.12156392464, -0.744093435483, 0.656922500373, 0.0794679646558, 0.667002449548, 0.740805355604,  
198, 496351.25722624635, 49.11718919071387, 147.70524976108626, 56.76933290815051, 14.13158238458965, -0.941808215124, 0.159994819723, -0.295633123291, 0.30403720544, 0.780571111854, -0.546141114591, -0.143382926576, 0.60424365698, 0.783792663506,  
209, 1031658.3388962309, 62.68290199412646, 107.78782869371946, 88.45573084744534, 25.83161653470006, 0.58310560099, -0.337748851028, -0.738859642776, 0.58793238754, 0.803086956, 0.096885751189, -0.560645490283, 0.490894138009, -0.6668579905,  
247, 749252.8712036381, 56.34386076747463, 126.2750893313742, 107.98302951645603, 13.117969430412082, 0.458323658575, 0.398024482547, 0.794679769016, 0.794986974043, 0.216205667843, -0.56678992607, -0.397410537218, 0.891533297463, -0.217332106285,  
259, 2227028.295484496, 81.01131998718843, 146.81687337720393, 93.35343828802975, 38.79098759384013, -0.990342627236, 0.0592120507763, -0.125361133218, -0.0280851480872, 0.799782203077, 0.599632931132, 0.135767098871, 0.597362838386, -0.790395428997,  
271, 366927.11868756765, 44.4116662118563, 86.31995228851953, 46.870817996124835, 21.65097590514188, -0.130697315805, -0.506712187444, -0.85215079108, -0.989183719022, 0.124376034269, 0.077757135495, -0.0665866477777, -0.853096337582, 0.517487059879,  
311, 2336299.2251336584, 82.31518372939692, 93.68510380016315, 87.44188828666726, 68.08474038682546, 0.403322481272, -0.392874660213, 0.82642632912, 0.743065439697, 0.66768873419, -0.0452272767648, -0.5340268986, 0.632330021111, 0.561225459128,  
316, 429599.88445691805, 46.8085493647344, 98.79577848093574, 52.151514699427544, 19.90536897198902, -0.639456220268, 0.170491855253, 0.74968544714, 0.748164963046, 0.362537808559, 0.555711728719, 0.1770449955, -0.91624170646, 0.359383089351,  
344, 898671.8586886883, 59.86470466661892, 83.57945037933345, 60.264397013759535, 42.59437073083112, -0.649107606869, 0.755604110079, -0.0878734518285, 0.742221046387, 0.603797686962, -0.290751219292, 0.166635029348, 0.253950353514, 0.952754944854,  
350, 2542091.6046166345, 84.66440533950342, 127.06403200903927, 95.95132557153217, 49.77702947908595, -0.753604197353, -0.148506800517, -0.640333072652, -0.657137345411, 0.146719035488, 0.739353794804, 0.0158500157058, -0.977966898635, 0.208157445643,  
375, 617087.5174831062, 52.814444640392395, 104.34612073930569, 65.03702072197721, 21.70806962213816, 0.549690586191, 0.701148151089, -0.454127217504, -0.543431396861, 0.713008249035, 0.443059311734, 0.634446669437, 0.00324145537652, 0.772959841523,  
395, 829232.490633846, 58.28130042785801, 134.76524841695962, 60.02138240725505, 24.473934352234963, -0.217807561954, -0.805652689805, 0.550893464625, -0.27339569396, 0.592211101773, 0.757984700018, -0.936917638045, 0.0144828984499, -0.349250032459,  
402, 300255.9657129724, 41.540113477078265, 126.11923321096336, 71.46352582930541, 7.953115228039936, 0.788405781637, -0.0556449247246, 0.612633631001, -0.234623596738, -0.94781871306, 0.215850538632, 0.568654632738, -0.313916118615, -0.760321365699,  
405, 1225625.486535781, 66.38802130669208, 91.67152855872973, 75.32823237817367, 42.37180106116587, -0.391188990549, -0.136815887185, -0.910083834977, -0.907844197747, -0.104845547282, 0.405988083362, 0.150963857563, -0.985032397553, 0.0831930855359,  
436, 709628.4434419199, 55.33256486151403, 115.87025646102636, 83.87364242308094, 17.431908328769417, -0.257424240084, -0.966295152932, -0.00253732858107, -0.963604452109, 0.256509718401, 0.0752942510516, 0.072105620395, -0.0218275464768, 0.997158130751,  
438, 278709.6651517168, 40.52171397601591, 124.9528194008218, 30.85886844150581, 17.25588999079344, 0.0675486801938, -0.668633449628, -0.740517714739, -0.399667637615, -0.698194376335, 0.593961608437, -0.914167903204, 0.255839642926, -0.314393259883,  
446, 544351.5299032192, 50.65204058498137, 104.50783840821526, 65.19108149780278, 19.074527448130738, 0.514811857168, 0.830423385292, -0.212992377516, -0.419800472975, 0.460806829157, 0.781936461033, 0.747486665172, -0.31313586087, 0.585840949429,  
454, 549211.8298312823, 50.80234482471416, 106.15002805718025, 60.58679911051452, 20.38699197347923, -0.132494320054, -0.147553413084, -0.980139401024, -0.0935560370444, -0.982580915153, 0.160567783535, -0.986758594128, 0.112972277413, 0.116381877671,  
458, 2919858.0786956227, 88.66612140484172, 133.9582502337139, 93.16205170444259, 55.855330123389116, -0.758248653907, -0.642875866421, 0.108487783743, 0.0656093291296, 0.09031529321, 0.993749749053, -0.648655836927, 0.76062722025, -0.0263027951942,  
461, 445228.04102117405, 47.36940902369265, 114.25186426252726, 57.74215962225951, 16.111559572247003, 0.196716421996, -0.65243538406, 0.731867965513, 0.508860284636, 0.705987070254, 0.492588537579, -0.838071512484, 0.275518286618, 0.470877705675,  
474, 2451893.01029206, 83.65096758061051, 115.31680108691397, 82.95914839052527, 61.18655963739291, 0.505941634872, 0.829499741533, 0.236544374059, -0.602114872869, 0.143268504614, 0.785450071905, 0.617641272886, -0.539818779205, 0.571939632868,  
501, 1401916.0677257318, 69.42956879675248, 109.29303528554969, 90.70275798379261, 33.761398171242, 0.78726371074, 0.586754001262, -0.189566852996, -0.377168599367, 0.701439358029, 0.604753399875, -0.487811128822, 0.404601741237, -0.77352293669,  
503, 896593.6511456304, 59.81852269830985, 91.50567122725232, 76.50864504794947, 30.573737192171592, 0.425429866244, 0.900837800961, 0.0866064966824, 0.290422766628, -0.226536114606, 0.92969672765, -0.857125454955, 0.370368256117, 0.357999035374,  
511, 1574265.421118436, 72.16552614236163, 93.66186651573462, 70.63835129486834, 56.80492417438015, 0.491756338555, -0.21416215007, -0.843984761099, 0.637745011378, 0.748521495043, 0.181650411288, -0.592838092529, 0.627574812222, -0.504671032566,  
536, 1445390.1974797638, 70.13995753017389, 113.50620497203036, 64.39744668408805, 47.20720023396905, 0.836827119706, -0.266176669292, -0.478403963664, 0.252447224625, -0.587788625589, 0.768618845987, -0.485788812658, -0.763972847916, -0.424681901125,  
613, 1444926.02924953, 70.13244854847197, 117.19572422873036, 70.41560815320496, 41.80000210905935, 0.19248196829, 0.717604891293, 0.669323473274, 0.25505406108, -0.695221157992, 0.67202304083, 0.947574861322, 0.0413613523997, -0.316845578662,  
619, 406767.57405919855, 45.96415057381469, 81.52951913032656, 49.08451827599727, 24.26600608245045, 0.552705615584, 0.8285864087, 0.0892248049537, 0.685558935012, -0.512932297293, 0.516632756432, -0.47384116445, 0.224376963414, 0.851545377042,  
620, 1853211.5751361565, 76.19833205493009, 125.17683169064915, 86.21961167662218, 40.992686126800656, -0.0709025526153, -0.997389009095, -0.013711038223, -0.97696351849, 0.0722111719308, -0.200817903055, 0.201283659475, -0.000843317793008, -0.979532632046,  
640, 1094060.916577296, 63.92208979559847, 119.64481898050836, 59.30133624925336, 36.81243269603735, 0.819296859262, 0.0915817219181, -0.566008343237, -0.253418252906, 0.94334683589, -0.214186685651, 0.514326594196, 0.318919324323, 0.796089579806,  
643, 316685.12411846186, 42.28435250738371, 97.4416092677387, 70.42165521885602, 11.017634922909194, -0.852846667535, 0.384378340162, 0.353420221957, 0.213485441661, -0.361008311863, 0.907797865697, -0.476525474527, -0.849662456732, -0.225825556011,  
648, 1015052.8176585633, 62.34476763146048, 110.00925800104439, 73.51996788850599, 29.961633526172374, -0.123044776126, -0.988583755567, 0.0869605732379, -0.817689273918, 0.0513382425183, -0.573366057746, 0.562355967683, -0.141656426204, -0.814671235853,  
651, 2457720.8996985652, 83.71719162912403, 124.4148874545455, 83.02373457554397, 56.80274680275646, -0.781020383879, 0.580390868886, 0.230550643631, 0.622302751685, 0.69230952366, 0.365303721163, -0.0524065378614, -0.428781952469, 0.901886684693,  
743, 1147613.5998962503, 64.94848508266357, 92.03030291280801, 71.00926264478026, 41.92385618073299, -0.0635844573846, 0.425305025365, 0.902813741687, -0.959175291624, -0.275843949685, 0.0623929111421, 0.275571726993, -0.861989414565, 0.425481459597,  
758, 2643595.510409934, 85.77659427916782, 117.0079765923059, 102.95601076008307, 52.38889285838304, -0.636242822802, -0.405563061523, 0.656287797815, -0.767418909865, 0.419965482188, -0.48445558161, 0.0791409326135, 0.811879053122, 0.578436786422,  
776, 3297676.7477508276, 92.33644661372522, 111.3498788483989, 99.77706598695859, 70.85964868212322, -0.230784130111, 0.338288705986, 0.912304464908, 0.850528591936, -0.385261882307, 0.358014519734, 0.472588403993, 0.858565101459, -0.198811888397,  
808, 4087035.340232889, 99.1836137886844, 152.4084352437275, 97.22645444448341, 65.84553502176497, 0.765343166608, -0.453181196836, 0.457030239876, -0.587125807852, -0.782506335847, 0.207285117925, -0.263691340549, 0.426978497343, 0.864960253264,  
809, 940072.7925543003, 60.7702409209656, 102.03904240248008, 91.08736201935287, 24.146176750438162, 0.0791873551172, -0.932741589878, 0.351742077809, 0.908904820268, -0.0773609793362, -0.409764940631, 0.409415913814, 0.35214827188, 0.841647315761,  
814, 3102217.935711587, 90.47485554519132, 112.8060048597659, 93.2927933085313, 70.37256485979935, 0.671148393694, 0.0122657197017, -0.741221549715, -0.544022849718, 0.687363442298, -0.481217868722, -0.503586112424, -0.726210059358, -0.467995701968,  
819, 2044731.5204220153, 78.73767033138465, 108.26080257055987, 88.5761656314298, 50.90489711755255, -0.703525246839, 0.185651712291, 0.685992469917, 0.708293704425, 0.104294876874, 0.698170900948, -0.0580711230461, -0.97706500315, 0.204870018029,  
829, 2760506.5250772936, 87.02286747966357, 141.01371497346477, 93.46987390974698, 49.99967227803805, -0.382828831355, 0.516172990742, -0.766164166163, 0.909412902326, 0.0646724962632, -0.41083529706, 0.162512334813, 0.854039174661, 0.494172873778,  
849, 110726.9486518317, 29.788930252193524, 99.1732657917709, 33.60057827876442, 7.932742480255311, -0.688796057341, 0.300054053027, 0.659945116395, 0.716829460379, 0.417807254202, 0.558204821789, 0.108238237808, -0.857557382102, 0.502871574339,  
876, 1119491.8182619354, 64.41358014965687, 99.83570427686122, 74.39938461291139, 35.981319471576676, 0.266514143802, -0.7409974505, 0.616354597214, -0.579710477802, 0.387644886967, 0.716705799848, -0.770003878614, -0.54831945065, -0.32625114093,  
931, 1467234.5841012853, 70.49153731074817, 104.12959706751072, 93.11831472399169, 36.12448385062405, 0.599644195098, 0.395045767944, -0.695963850006, -0.237478247371, 0.918331896029, 0.316655350122, -0.764219157906, 0.0246042672147, -0.64448716723,  
980, 959085.9471142639, 61.17720611554521, 124.80408307057179, 60.97799550539728, 30.08617521794395, 0.928057752235, -0.00197567376059, -0.372431074467, -0.196544600043, 0.846804206176, -0.494259907939, -0.316352696701, -0.531901055757, -0.785494900158,  
1069, 567766.7930306208, 51.36813437830368, 100.58548959263864, 83.01571574180613, 16.232511837747644, 0.128489546504, -0.820839518532, 0.556518572247, 0.551202814649, -0.407395159466, -0.728151523494, 0.824418518449, 0.400314462467, 0.400103033702,  
1074, 2679273.8943820726, 86.16075602859397, 125.85313902428337, 78.35451985734397, 64.86350270577876, 0.0805744066063, -0.947077843513, 0.310727088176, 0.742062812433, -0.151133816716, -0.653070709686, 0.665470170184, 0.283199801856, 0.69061373055,  
1093, 2145545.9727812638, 80.01100738115892, 94.98825505351881, 80.80136370206421, 66.7360680132447, 0.372056848184, 0.12536291645, -0.919705301115, 0.62631770263, 0.697369911403, 0.348426953668, 0.685054623437, -0.705662345495, 0.180944237429,  
1108, 1062578.5687113048, 63.30297893259413, 95.58185441416894, 68.89753182047113, 38.52062516295857, -0.0106933847346, 0.585259961505, 0.810775202496, 0.354481329498, -0.75594434351, 0.550355463816, 0.935001945752, 0.29328983442, -0.199380125553,  
1110, 506514.47582735657, 49.45016565560773, 125.79590169534443, 58.04752050305557, 16.55972370225177, -0.192351522614, -0.728541567107, -0.657440549971, -0.0673919871578, -0.658562593192, 0.749502255444, -0.979009301189, 0.188474125138, 0.0775776536026,  
1113, 2017363.061801135, 78.38479347587524, 103.32649509538749, 93.87836415389381, 49.64988465053931, -0.307387595571, -0.81401478563, 0.492841551479, 0.849246252425, -0.00101890176663, 0.527995989171, -0.429294384811, 0.580843258216, 0.69161220388,  
1114, 440866.2357208348, 47.21421173029254, 118.36489045448782, 68.89920836807735, 12.905686087502238, -0.332847314836, 0.832439179882, 0.443009793124, 0.930127165844, 0.212520124977, 0.299497331939, -0.155164816776, -0.511742326056, 0.845011048068,  
1121, 1116394.0222907665, 64.3541113616976, 160.49235559238784, 71.69343593495162, 23.163018131184238, 0.559297556123, -0.631089357618, -0.537505782681, 0.586628210391, -0.156814935608, 0.794529054688, -0.585707765432, -0.759694213925, 0.282508610208,  
1131, 1390718.9144918371, 69.24422900479085, 131.73365746442238, 91.13985828072863, 27.653216468787285, -0.914876482148, 0.395793305286, -0.0796786163474, 0.1755757688, 0.56775169028, 0.80425814736, 0.363557659557, 0.721807230273, -0.588914382999,  
1143, 1311918.5256720823, 67.91088943541665, 122.01692164825171, 81.30749686493678, 31.56949250175524, 0.420962694122, -0.892767641917, 0.160487842854, -0.235922167608, 0.0630782852526, 0.969722568965, -0.87586022914, -0.446079664943, -0.184070072351,  
1145, 1302039.2759850095, 67.73999473237333, 90.43672930162633, 73.9095662311868, 46.50396410429871, -0.157587426793, -0.871649709751, -0.464104499447, 0.204198639372, -0.488582451286, 0.848286569488, 0.966162056073, -0.038909790355, -0.254984136015,  
1181, 1183078.136329405, 65.61074055986829, 131.3948067857888, 112.36189174417227, 19.13055528865686, -0.150209108431, -0.339066732695, 0.928693154128, 0.659858919833, -0.733890531649, -0.161216914347, 0.736222405025, 0.588590212571, 0.333973250433,  
1201, 1880350.129211134, 76.56848221213008, 135.31913070972135, 60.16390185330766, 55.138496744566915, 0.94312714634, -0.114238031538, -0.312187216244, -0.258401701799, -0.842733184302, -0.472259823173, 0.20914049427, -0.526070767318, 0.824323844997,  
1203, 219760.93586602953, 37.43581526822238, 108.58977801234929, 81.92077872626119, 5.897648286282468, -0.976047717399, 0.216333338027, 0.0230377997762, 0.217454078474, 0.973352494968, 0.0727917872711, 0.00667660956949, -0.0760579213317, 0.997081047602,  
1228, 1777312.4387842864, 75.14355262007655, 98.2665097494251, 87.30125585789898, 49.45943477170587, -0.171401759364, -0.171976490444, 0.970075009276, 0.338145997669, -0.935101602242, -0.106029607872, 0.925353295313, 0.309853320491, 0.218431221745,  
1236, 1109108.125366198, 64.21380810701885, 111.80342916313437, 77.57895054050172, 30.527149473283107, 0.275418081311, -0.0658580090773, -0.959066005615, 0.231015544209, -0.963881514419, 0.132530164474, -0.933154166695, -0.258060358835, -0.250256173505,  
1251, 1903018.5939651208, 76.87494312325964, 97.20934037355438, 74.23768218721335, 62.9538104554697, -0.447222314391, -0.816237941342, -0.365715496834, 0.230651379843, -0.500302123724, 0.834564392947, -0.864171361761, 0.288883035347, 0.412012681117,  
1263, 915241.7120874684, 60.230397842942764, 122.49983853647544, 46.71297903437503, 38.18335759622628, 0.561151776645, 0.756052796855, 0.336887001732, 0.491354322819, -0.631812414921, 0.599486448387, 0.666092796099, -0.170872000984, -0.726032469153,  
1268, 3235978.7113459622, 91.75695978709292, 128.56588435522178, 90.3732596283844, 66.48923836155127, 0.180573731363, -0.947999499649, 0.262087916942, 0.751074234066, -0.0391418522546, -0.659056454581, 0.635043795706, 0.315855764657, 0.70495000778,  
1279, 2539065.4857713287, 84.63079701978373, 94.7378355424175, 89.31980942605401, 71.63314957415645, 0.359851086526, -0.922955920281, 0.136600017367, -0.56724994054, -0.100183154787, 0.817429410074, -0.740766292756, -0.371639213103, -0.559597708002,  
1356, 917380.0005342502, 60.277266990319575, 80.3334725125292, 63.494172195119795, 42.93685722574237, 0.392622913093, -0.294740217516, 0.871191972124, -0.648250762795, 0.58325409554, 0.489474829354, -0.652394203415, -0.756929893857, 0.0379333512332,  
1370, 706949.424372919, 55.26284577893532, 139.00248510719015, 104.46466467856045, 11.622719496233236, -0.219444026217, 0.757828980008, 0.614442476085, 0.967538428422, 0.249962805344, 0.0372556770245, 0.125354333326, -0.602672243433, 0.788081504739,  
1395, 824104.6918761671, 58.16091885949199, 123.24026235746325, 93.92796659783436, 16.995981223541676, 0.194697501352, -0.338549128087, 0.920585341421, -0.78920873516, -0.611386895734, -0.0579278523068, 0.58244523804, -0.715255584806, -0.386221430126,  
1450, 535104.3624502636, 50.36358393019996, 89.6184109816296, 63.22757663282499, 22.544785440045523, -0.610731759287, -0.26077898044, 0.747663722243, 0.0984294135517, 0.91188817916, 0.398461540499, -0.785696104576, 0.316945219352, -0.53125074982,  
1454, 3183557.2793067424, 91.25878582528867, 102.300555543607, 95.96446045760466, 77.4168757439905, -0.164705796325, 0.301597383838, 0.939101175976, -0.680660370001, -0.723819338384, 0.113079733341, 0.713844143611, -0.62058406638, 0.324502627398,  
1464, 2461587.9620895693, 83.76107645445181, 109.57722018649511, 94.99763034781299, 56.453867427289154, 0.913587556258, 0.403805472289, 0.0479470291087, 0.309163053089, -0.766333053973, 0.563162371784, -0.264151440759, 0.499674685109, 0.824954074725,  
1472, 771538.3961571103, 56.897036270689945, 120.65959057235739, 58.12996971218765, 26.260741858348656, 0.407196653339, 0.896073905622, -0.176755314412, 0.663225889569, -0.157042086606, 0.731757611809, -0.627950877788, 0.41519795122, 0.658246425275,  
1476, 706634.7058816928, 55.25464395649216, 110.26627714622259, 61.092573136161654, 25.042358297231335, 0.0219175088748, 0.517746325537, 0.855253392392, 0.909687921299, -0.365183656546, 0.197759406439, 0.414713767131, 0.773679287163, -0.478991494671,  
1480, 3068121.1690602098, 90.14216113478818, 138.10691356025453, 79.46956848871822, 66.73714494535781, 0.273157938889, -0.741979722066, 0.612250628799, -0.854799894137, 0.104720741395, 0.508282113895, 0.441250361366, 0.662193067288, 0.605638885995,  
1492, 1443669.2561633773, 70.11210929723849, 109.05243321251804, 78.69644325725314, 40.159531158920664, -0.259562523553, -0.94647749388, 0.191853198944, -0.964201137373, 0.265147848842, 0.00357560392149, 0.0542536916322, 0.184056979854, 0.981417120857,  
1512, 2800971.224365065, 87.44601289999714, 127.05398371282527, 104.6426772464514, 50.29477953351888, 0.0400276052318, -0.361220020917, 0.931621107161, -0.868575516733, -0.473479852551, -0.14626483159, 0.493937609978, -0.803328653614, -0.332699130946,  
1536, 498739.36289038404, 49.195836062458504, 108.96588947676888, 46.450717464101395, 23.523505548695226, -0.569520769529, -0.247230226132, 0.783915370663, -0.821808257782, 0.151942423677, -0.549130847184, -0.0166517421493, 0.956969547673, 0.289710207465,  
1544, 2442739.6715431963, 83.54674328902877, 97.01790942178711, 83.50490508281251, 71.98212735164888, 0.639426712353, 0.768800085615, -0.00893912117877, 0.582693102216, -0.492157416975, -0.646722371305, 0.501599669218, -0.408322795438, 0.762673105967,  
1559, 293076.16757041315, 41.20633271276628, 126.82119851204159, 79.34521132724886, 6.953113524250607, -0.125475828564, 0.959149905073, -0.253549356229, 0.985411506023, 0.0908724731009, -0.143897037597, 0.114978172897, 0.267906052993, 0.956559651316,  
1567, 1336641.635924272, 68.33483109081808, 101.15450181509631, 73.68734721628951, 42.810296755398696, 0.0876830556845, -0.430961588975, 0.898100100531, 0.42691585072, -0.79832275237, -0.424763039178, 0.900030298462, 0.420657689667, 0.113984955035,  
1581, 864641.7702897765, 59.099326858859556, 121.8234998919726, 102.15466433774726, 16.58663659143912, -0.703126096667, 0.70804415961, -0.0654764097063, 0.692359552598, 0.702702604195, 0.163851457071, -0.162024510837, -0.0698750177136, 0.984309676772,  
1585, 4455924.897913178, 102.08213652980436, 135.6157727548824, 89.732259313719, 87.41590285638736, -0.0925880877049, -0.953867021964, 0.285596131669, -0.975351426441, 0.144582010728, 0.166690243003, 0.200292388657, 0.263123063571, 0.943742132398,  
1589, 914366.5948607854, 60.211195095277446, 108.40126418330664, 68.43098925424975, 29.426904288646973, 0.383898829246, 0.127451224701, 0.914536972585, -0.48102112429, 0.873028078816, 0.080253670234, -0.788188027624, -0.470720892803, 0.396461188754,  
1607, 1891475.5247521498, 76.71919529703227, 132.48191061295512, 88.15739766718261, 38.663108860184934, -0.0122695012063, -0.832722099667, 0.553555204172, 0.922012383453, -0.223660948249, -0.316020481913, 0.38696592111, 0.506507339488, 0.770524296142,  
1628, 376488.9135368768, 44.79413909647581, 111.47665102580478, 89.32007463180477, 9.02673290762501, -0.181971059814, -0.940061287325, -0.28839436448, -0.142373916622, -0.265011401345, 0.953676373317, 0.972942033862, -0.214601335575, 0.0856158017759,  
1632, 1442479.2830911705, 70.09284023552661, 86.40853940001436, 83.41424946371664, 47.777570784650166, -0.641308610333, -0.463101404216, -0.611768220592, -0.388508425227, 0.883541859445, -0.261562585504, -0.661652831809, -0.0699347697613, 0.746541799324,  
1648, 1868751.7945175332, 76.41072806642424, 139.01990613783784, 81.61734030191195, 39.31910143900933, -0.650773203065, -0.224398794211, 0.725354685191, -0.757457951179, 0.257874660287, -0.59979839261, 0.0524565569598, 0.939758394875, 0.337790569574,  
1653, 1456459.0844322315, 70.31854778629084, 98.61465055296088, 81.62016408519715, 43.1987097691717, 0.854882671859, 0.456497181395, 0.246548049542, 0.374995719097, -0.8720737376, 0.314429017183, -0.358544039155, 0.17634545519, 0.916705215661,  
1665, 702262.5754157595, 55.14044988980175, 129.80246272465342, 85.07676172598013, 15.181582088204873, -0.994122452918, -0.10579770196, 0.0229650792239, 0.0686293778742, -0.451797100576, 0.889477030847, -0.0837290696023, 0.88582516682, 0.456402472312,  
1687, 1856175.9686512628, 76.23893931051903, 119.29378679563389, 101.73099759373619, 36.513999753511534, 0.771595509122, 0.415678358167, 0.481509992476, 0.435910990019, -0.896803220352, 0.075667646631, -0.463273115002, -0.151510681198, 0.873168102028,  
1694, 1388661.6027416203, 69.2100674718539, 111.6192425764953, 60.24785135377144, 49.29775971138835, -0.31432998149, 0.5725081448, 0.757252327084, 0.276379441729, -0.707940427789, 0.649949809518, 0.90819109604, 0.413587687002, 0.0642974201175,  
1731, 1682323.5722727866, 73.78028134172958, 103.8165940759239, 73.03112060751957, 52.97197671178539, 0.119704326393, -0.974580841525, -0.189375440791, -0.298209629072, -0.217234204049, 0.929451622044, -0.946964567115, -0.0547858003783, -0.316633265317,  
1736, 3022238.411897571, 89.69055345186875, 119.9137661445906, 88.18569066064724, 68.22961929331191, -0.171834730388, 0.609705034759, 0.773778131005, 0.60777334671, -0.552546987102, 0.570353737669, 0.775296320423, 0.56828830503, -0.275615706926,  
1752, 865207.4598725439, 59.11221257501977, 100.18604266282713, 49.71820304810382, 41.46760948411166, 0.615295405946, 0.488330490114, 0.61882541629, 0.527251824835, -0.838518132789, 0.137451279339, 0.586017983196, 0.241703689275, -0.773409496943,  
1757, 468623.8465040695, 48.18500684831844, 98.07423457963338, 42.956923680924014, 26.555083756364382, 0.835616053088, -0.0323391018542, -0.548361189649, -0.470637862417, 0.472649438579, -0.745052018768, -0.283276921548, -0.880656965397, -0.379733452591,  
1759, 1944063.2078214532, 77.42370035244255, 101.00661668162245, 82.96645012928182, 55.382102518183984, -0.802562732753, 0.345316206998, -0.48646662494, 0.441814930689, 0.891984351785, -0.0957260841696, -0.400864848816, 0.291754405887, 0.868439255002,  
1776, 474577.30635337246, 48.38819838930342, 116.39662209197927, 57.395325746609196, 16.95904746392982, -0.980034061539, -0.198377241136, -0.0134055370424, -0.198365145716, 0.980125631933, -0.00223932889991, -0.0135833423542, -0.000464572711915, 0.999907634226,  
1781, 1195438.632376466, 65.83844410886688, 118.73246361480916, 71.5867287326667, 33.57659722063421, 0.648172170468, 0.268680627386, -0.71251916318, 0.39466398266, 0.681683137984, 0.616075028044, 0.651239724082, -0.680528338761, 0.33580947265,  
1782, 602422.5721904935, 52.39271154325798, 102.35919405047501, 46.00712400910346, 30.539412882226472, -0.805895215958, -0.137170337691, 0.575948955511, -0.579572481381, -0.0159517338725, -0.81476455557, -0.120948913689, 0.99041902276, 0.0666447269735,  
1793, 839459.8506766255, 58.51992670019852, 118.61337855252464, 51.01485350905665, 33.11928863888031, -0.604181434493, -0.768444803078, -0.210849185049, 0.302738837131, -0.466123797007, 0.831310893924, -0.737098358909, 0.438430371309, 0.51426143041,  
1794, 2041506.5913712315, 78.69625380797564, 114.79652539232427, 72.71802001017161, 58.38366964709123, -0.463955327222, -0.0592906563825, 0.883872203663, -0.881800180422, -0.0644874260649, -0.467193550562, -0.084698855655, 0.996155605287, 0.0223632266338,  
1800, 2339473.7642399576, 82.35244986093338, 114.37832362482591, 84.4755876583404, 57.80356461437071, 0.156805966238, 0.780274740607, -0.605461161531, -0.435536094912, 0.604846610429, 0.666684998992, 0.886408595954, 0.159160004471, 0.434681370657,  
1807, 245382.9371850699, 38.8375582013996, 110.43378569970612, 63.81650413509292, 8.312291812892115, -0.0567319767844, -0.998350102418, -0.00886317161818, -0.943415506372, 0.0565112155367, -0.326762398168, 0.326724142279, -0.0101762232466, -0.945064960377,  
1817, 956875.922588169, 61.13017970490856, 129.29539034961175, 57.00077549887965, 30.99582580439235, 0.877428411068, 0.207463471676, 0.432525480602, 0.393116336946, -0.827696227886, -0.400472845483, -0.274916221923, -0.521419085058, 0.807801466117,  
1834, 3097425.096848194, 90.4282378326642, 120.30050554415429, 108.75121276974659, 56.52110481406961, -0.160051889255, 0.331733472449, 0.929696883937, 0.508938183404, -0.779271285371, 0.365674977638, 0.845792715871, 0.531685214251, -0.0441079893769,  
1840, 1451176.7067835382, 70.23343288876251, 129.3750128495096, 67.10334569949559, 39.905899952254124, -0.399637007194, -0.548528027829, -0.734443507131, -0.164552604445, -0.745262471396, 0.646147265799, -0.901783068621, 0.379078951427, 0.207572748053,  
1853, 1224120.1883283802, 66.36083118731227, 116.77952655228594, 69.84466795608864, 35.82906574045873, -0.0553914025806, 0.250095956451, 0.966635300973, -0.268602513697, -0.936165096559, 0.226820637555, 0.961657154165, -0.247076758421, 0.119031900314,  
1863, 751439.3087183208, 56.39861428617152, 134.50789417323045, 92.28224550745185, 14.452380041164421, -0.655450597254, 0.436717173765, 0.616167692027, 0.745404770113, 0.242854399485, 0.620800667963, -0.121475278355, -0.866198505419, 0.484710125703,  
1896, 998134.0203056372, 61.99643968453696, 129.89918861069916, 89.80011760101011, 20.427579305667685, -0.912764265146, 0.343635455852, 0.220853050134, -0.0909605905414, -0.698070165138, 0.710228284084, 0.398230545339, 0.628182073945, 0.668430785298,  
1907, 2628328.817258912, 85.61115622558819, 107.73168883596028, 97.82385339794706, 59.53918056687483, 0.517215785997, 0.62463590485, 0.585079325467, 0.513074131173, 0.320861672312, -0.796117279779, -0.685012968226, 0.711953491187, -0.154529802139,  
1910, 2351015.082299551, 82.4876507966841, 116.7319286215532, 79.04302422227059, 60.829408972983565, -0.380875037912, 0.458967075166, 0.802672678873, 0.917844947923, 0.0827251739465, 0.38822312807, -0.11178039662, -0.884593561761, 0.452768564967,  
1916, 872708.5914993148, 59.28255060793717, 124.64562877060314, 74.54421793917984, 22.422788814761137, -0.790733421012, -0.49267601958, -0.363333175785, -0.610662485702, 0.593337812017, 0.524444057443, 0.0428016991601, -0.636569383934, 0.770030800674,  
1921, 2434610.2495425534, 83.45395927550778, 144.48547560565635, 97.01433145280907, 41.46491215677581, -0.867458657077, 0.428626222941, 0.252576798754, 0.0732409558423, -0.392129220599, 0.91698987821, 0.492088651209, 0.81394977447, 0.308762892834,  
1926, 2450279.0786177586, 83.63260944144821, 99.40849410356752, 83.16432302202261, 70.75650795850295, 0.673941486204, 0.568404631749, 0.471931189666, 0.21668445738, -0.76278021717, 0.609273490498, 0.706293649344, -0.308354527938, -0.637233682409,  
1931, 1886795.2078445472, 76.65586436584465, 108.39825045407534, 73.63394284277418, 56.43334931970432, -0.739040923554, -0.671416778483, 0.0549365350465, -0.619951261343, 0.645945324372, -0.445438066941, -0.263588593969, 0.363254934574, 0.893625707798,  
1946, 2573994.9385730927, 85.0171142909755, 119.90337597572479, 80.05427508358221, 64.018152826337, 0.321561169835, 0.9420967845, 0.0951423285867, -0.53265960893, 0.0969013126563, 0.840763864959, 0.782861517172, -0.321035487508, 0.532976604262,  
1950, 1345921.2352490677, 68.49260412830624, 95.64907263587449, 71.71979309074742, 46.83939148565009, -0.964049114417, -0.0226831885533, 0.264754184007, -0.265722814965, 0.0791784049235, -0.960792467602, -0.000831022716764, 0.996602354578, 0.0823593118622,  
1952, 1177796.273960597, 65.51295499119672, 138.38106243497649, 66.12068615821079, 30.730353379023992, 0.256407586081, -0.0406627772197, 0.965713046587, -0.622057404627, -0.77164939891, 0.132671739682, 0.739797090525, -0.634746991887, -0.223151341338,  
1953, 1847624.4375633278, 76.12167969561278, 103.75820984528585, 86.77503063625873, 48.99004547896992, -0.811882539988, -0.580248607541, 0.0644848409264, -0.150227726062, 0.314367716753, 0.93733908965, 0.56416165377, -0.751321829917, 0.342399089229,  
1959, 1238339.3596257288, 66.61678804543827, 123.1355345370619, 102.63883891684952, 23.391384996424243, -0.611082970283, -0.775339775842, -0.15945480685, -0.766568863072, 0.529429162221, 0.36342391275, 0.197356990244, -0.344315254073, 0.917876475466,  
1965, 703531.9824981659, 55.17365377855129, 114.94580073945555, 61.166813971309374, 23.888356195544414, 0.181352178082, 0.208296018326, 0.961105694632, 0.9237549216, 0.299148896229, -0.239137581122, 0.337325113689, -0.931194236792, 0.138163168176,  
1968, 1249595.4975246629, 66.81802184190856, 100.20069561701504, 76.94213494329543, 38.694200101146414, 0.267641478957, 0.956608907498, 0.115184360211, 0.600362058536, -0.0720674660293, -0.7964745313, -0.753613586271, 0.282321941117, -0.593599936112,  
1987, 2320828.4661168307, 82.13308666232352, 120.99413321107795, 82.29659194997406, 55.64270955055303, 0.414480039622, -0.805771723642, -0.423010905456, -0.829860321464, -0.143851573061, -0.539109053706, -0.373548047263, -0.574489907925, 0.72830158731,  
1988, 2456202.2850000234, 83.69994525099312, 116.61203366046321, 80.52335501884673, 62.44681472864746, -0.978799672669, 0.157997403178, 0.130338104069, -0.00442865171897, -0.652531514036, 0.757748645815, 0.204772038685, 0.74110690442, 0.639397347815,  
1989, 1138735.854356383, 64.78057451193263, 129.44666912627545, 52.86457745743497, 39.72635696894826, 0.856305570482, -0.41211686891, 0.311288381284, 0.290490606861, 0.882667908211, 0.369476076548, -0.427031588162, -0.22595807172, 0.875549526033,  
1997, 3412290.0506265396, 93.39402878489697, 103.83117819494494, 97.10376776210722, 80.79667095358131, 0.1806242795, 0.565019698777, 0.805063730178, 0.893177386601, -0.436964747896, 0.10628247815, 0.411836163687, 0.699867522528, -0.583589260688,  
2003, 1422940.3863271864, 69.77492293757008, 112.01674866680264, 77.19983488932169, 39.28246770138454, 0.600061589104, 0.480448263843, 0.639605780971, 0.580427023162, -0.811699695991, 0.0651772530255, -0.550482116027, -0.332134113422, 0.765934965017,  
2009, 2619013.953255862, 85.5099004770934, 117.26740058746908, 104.76830222923982, 50.89111875803912, 0.213857569133, -0.0152005901175, 0.976746580329, -0.52064161273, -0.847804032019, 0.100799972153, 0.826557470003, -0.530091751825, -0.189223369142,  
2011, 768373.8764271352, 56.81914059182916, 115.29572194984632, 70.11422535604491, 22.691575398135555, 0.482366273702, 0.81624651566, -0.317906281264, 0.750355775536, -0.197764313212, 0.630757866808, -0.451983393627, 0.542799136046, 0.707870122122,  
2031, 2039115.9270755104, 78.66552326637154, 125.52077711198416, 83.62511276449989, 46.37682058519632, 0.655204411836, -0.525979955758, -0.542265861779, 0.474355950103, -0.272213962152, 0.83718934024, -0.587957150916, -0.80575718734, 0.0711459326832,  
2035, 3199516.541702953, 91.41102600195542, 99.57478007049548, 93.99640948238404, 81.60845015333591, 0.973323874336, -0.194444499746, 0.121786584507, -0.162106552153, -0.207180385888, 0.964778603335, 0.162364101317, 0.958784451387, 0.233174343317,  
2037, 1597976.5469960184, 72.52603422364056, 122.30059063572784, 80.55256103638595, 38.723435872882135, -0.771013438027, 0.306212741862, -0.558365503146, 0.590475582626, 0.672123217905, -0.44675380947, -0.238488709807, 0.674154386379, 0.699027180173,  
2043, 2143814.5693358844, 79.98947927656032, 146.47535459791933, 78.94812822006953, 44.258043663711035, -0.922441237645, 0.213383069158, 0.321822666835, 0.32070597876, 0.887553120909, 0.330752373767, 0.215057755683, -0.408310082366, 0.887148825372,  
2048, 1123407.5351360207, 64.48859389961922, 128.16147312678586, 78.45731557117499, 26.67213544825129, 0.794255523709, -0.600837714519, -0.0902895556995, -0.363491981906, -0.588970991968, 0.721794118645, -0.486859057785, -0.540469436168, -0.68619315533,  
2050, 494258.23092164134, 49.04805239259054, 90.4654025733273, 39.27013660939899, 33.21393786508723, 0.141293790549, 0.241140603315, 0.960149610314, 0.480384793475, -0.8647383449, 0.146485647961, 0.865601822405, 0.440543759794, -0.238022437506,  
2051, 865450.9796879352, 59.11775792895398, 91.19144370650538, 65.42123351692594, 34.63227686519584, -0.00204247630189, 0.824737938952, 0.565511414866, -0.173067673457, -0.557270471905, 0.812094330448, 0.984907817359, -0.0962130614593, 0.143873688039,  
2060, 3060183.284670017, 90.0643549915463, 119.02157664143724, 97.1115775321543, 63.20655515137789, -0.391748812123, 0.479207757583, 0.785425230861, 0.91731579693, 0.269454863688, 0.293131037487, 0.0711659813667, -0.835316707308, 0.545143468813,  
2067, 1093102.5119402078, 63.90341895072039, 113.38090501827267, 93.3739458311985, 24.649417002095806, 0.497904559898, 0.280234618439, 0.820706773373, 0.207135493905, -0.957390587749, 0.201241520701, -0.842131780897, -0.0697984320556, 0.534735675343,  
2079, 1099288.6911127141, 64.02374148581262, 141.3314050365965, 87.4142841039925, 21.242325984502344, 0.364215667938, 0.0836237855157, -0.927552699163, -0.893111349734, 0.313693236267, -0.322410717093, -0.264005803354, -0.945834877775, -0.188937343526,  
2081, 1183521.925199228, 65.61894336448373, 97.30505643304281, 64.40465842628501, 45.08530462415459, -0.833353195196, -0.0216195754791, 0.55231788493, 0.100052891589, -0.988628397977, 0.112264462758, 0.543610035726, 0.14881695021, 0.826039735357,  
2091, 4138807.5142297274, 99.60065776708012, 107.00640629542872, 106.57180237776043, 86.64320920304048, -0.6006284673, 0.554437177649, 0.576059771473, 0.680347340008, 0.73287894416, 0.00399376386934, -0.419967785923, 0.394319501479, -0.817397815963,  
2092, 3057956.2027120697, 90.04250124844842, 114.17708145808888, 94.44078317432027, 67.70241088176614, -0.168932942728, -0.977077347012, -0.129543501642, -0.959443966334, 0.193112101299, -0.205365507808, 0.225674403348, 0.0895967314591, -0.970073960781,  
2095, 1233732.8160688959, 66.53408200370703, 145.42831205766478, 73.46782153194911, 27.56680166453089, 0.632569690971, 0.740257339415, 0.227760087607, 0.59987716802, -0.65429245816, 0.460487526957, -0.48990097913, 0.154662376281, 0.857949054438,  
2103, 753649.6469496684, 56.453858483649334, 90.31730976580995, 52.16230771836104, 38.19030272295889, -0.801555961234, -0.42034395652, 0.425228173134, -0.594184751598, 0.639349226809, -0.488033858607, 0.0667272206676, 0.643850545077, 0.76223615345,  
2110, 1193935.6318904695, 65.81084009494899, 120.09633079896638, 71.68331798978504, 33.10887818807142, -0.441743345539, -0.60774822306, -0.65992796125, -0.87040738474, 0.468566693627, 0.151116637779, -0.21737939475, -0.641160940007, 0.735974760265,  
