# Void_ID, Void_Volume, r = (a*b*c)**(1/3.0), a, b, c, vector_a, vector_b, vector_c 

1, 792621.3707551084, 57.41064015158118, 171.40764071206053, 71.40463564284379, 15.460394932859352, -0.381532613661, -0.298794727818, -0.874731144605, -0.0658240648625, -0.935129986526, 0.348136612244, -0.922008707767, 0.19040383118, 0.337114704327,  
2, 1297931.4360910254, 67.66868141966083, 133.7522568323843, 79.27241939834875, 29.224016885897985, 0.370626394358, 0.899234929573, -0.232406147167, 0.275398406984, 0.132573173944, 0.952144984223, 0.887012848405, -0.416894345111, -0.198512749661,  
3, 2323651.749967041, 82.16637808602275, 123.24807131199964, 87.88763952995713, 51.212325662804645, 0.717864941908, -0.00674411553735, -0.696149726773, 0.299362594535, -0.899793344044, 0.317417666501, -0.628531592025, -0.436264203115, -0.643911160726,  
4, 2445971.669457904, 83.58357405208034, 131.46342239588301, 86.33659060281173, 51.447347030359445, 0.541429217497, 0.840387873932, 0.0245483968742, 0.582692470912, -0.396134378743, 0.709610483519, 0.606072509509, -0.369899682788, -0.704166413492,  
5, 2290270.578375252, 81.77101619545006, 134.37896555896364, 110.17787469375092, 36.92942115782707, 0.645818916187, -0.352752782372, 0.677114024388, -0.681715204684, -0.665754902441, 0.303372361264, -0.343776536717, 0.657522535283, 0.670434044778,  
8, 379231.19367177796, 44.902633690129505, 106.68755650065211, 38.22631580382932, 22.199297528234066, -0.735399831502, 0.398262876286, 0.548246084527, 0.663500443693, 0.587575548191, 0.463165344546, 0.137674431344, -0.704373236673, 0.696350554256,  
10, 1193835.7138839115, 65.80900418598252, 122.99873616509946, 72.27897058018465, 32.05851120577412, 0.520038829178, 0.00142269765931, -0.854141435641, 0.804166362865, 0.336226151345, 0.490171843324, -0.287882053944, 0.94178020317, -0.173706568482,  
11, 2138741.6786380783, 79.92633663112089, 109.46031967016184, 75.8605144034106, 61.48897139277982, -0.790325004224, -0.0653133747501, -0.609196643767, -0.596475142037, -0.14520093471, 0.789388430047, 0.140013544452, -0.98724406893, -0.0757981248572,  
12, 1222927.468674548, 66.33927132502679, 87.64374827114658, 71.19278118896369, 46.79023092842859, -0.367787859205, 0.856003242436, -0.363305022757, -0.301074335786, 0.260031005638, 0.917462871422, -0.879821763173, -0.446813523795, -0.162084360756,  
13, 2794171.722287227, 87.3751956630734, 120.11051983669017, 107.64004439384613, 51.59523193462372, 0.281651083082, 0.0784317045763, 0.956305984043, 0.813282301946, -0.548380659457, -0.194552177255, 0.509160647281, 0.832542563507, -0.218239123921,  
14, 2169863.1176663125, 80.31214824649818, 106.41873250599637, 88.20062736055316, 55.18918394686236, 0.0972133766754, 0.84222541793, 0.530288510896, 0.498722790838, -0.502313934333, 0.706368380715, 0.8612927129, 0.195798510637, -0.468868644652,  
15, 1484770.584744304, 70.7712579557724, 120.91956938766526, 93.84192022884929, 31.237571837929572, -0.777648753803, 0.39993520656, -0.485091997731, 0.627202095604, 0.440296801654, -0.642461094327, 0.0433583553573, 0.803859786908, 0.59323645877,  
20, 4091532.4557243497, 99.21997891488992, 119.80682933067959, 112.66006569194322, 72.36787434291469, 0.196401678214, -0.693288399542, 0.693381262982, 0.971424336019, 0.0414639055714, -0.233699601894, 0.133270927758, 0.71946642701, 0.681620803834,  
21, 2989867.136460408, 89.3691773211226, 121.33703044517559, 84.72798548261899, 69.42934013625205, -0.947826965549, 0.0855307657928, -0.307096941505, 0.303590001693, 0.536055017983, -0.787704340833, -0.0972479010113, 0.839838976113, 0.534053686393,  
22, 2046612.5184929473, 78.76180716181442, 134.54622213201853, 102.82089825249437, 35.317838431737826, -0.296618206961, 0.953347000259, -0.0560993439922, -0.30006494321, -0.0372701319031, 0.953190414935, -0.906630392804, -0.299567078239, -0.29712101319,  
24, 1705014.7169080446, 74.11051664951624, 140.15561715330045, 80.57117555341935, 36.0453556069539, 0.421950389918, -0.833976899839, -0.355584587663, 0.385954932344, -0.18965979993, 0.902811137774, -0.820363735575, -0.51818113708, 0.241850471422,  
25, 489561.26343282114, 48.8921886941237, 91.5206975445862, 56.7651208179632, 22.49663434975937, -0.614210948042, 0.568183448138, -0.547642657731, 0.755097703957, 0.624789596532, -0.198659048483, -0.229286651997, 0.535542275948, 0.812786627528,  
26, 1600019.4359923743, 72.5569273645534, 94.74348699196047, 69.39529526529756, 58.09747480200587, -0.847798418404, 0.338487290555, 0.408245264375, 0.509690756573, 0.30746273777, 0.80354340116, -0.146469022036, -0.889321662289, 0.433190266013,  
28, 1692208.1660466555, 73.92449942206592, 153.19984578101813, 98.09343783170279, 26.882329114675915, -0.72194841846, 0.598534703969, -0.347198342777, 0.686565485772, 0.557171803944, -0.467105357105, 0.0861296396657, 0.575600372684, 0.81318257245,  
29, 2014847.0965170662, 78.3521939131038, 125.48163888798865, 96.8890427613628, 39.56385823418235, 0.169008871681, 0.979670997798, -0.108077460032, -0.336703479596, 0.160446218703, 0.927840383758, 0.926318934342, -0.1204231995, 0.356975468206,  
30, 2678859.779555839, 86.15631673068967, 137.7339978007553, 70.9306760895037, 65.46152519443181, 0.190304293488, -0.574360683425, 0.796174654969, -0.7049294551, 0.484498079798, 0.518011654313, 0.68327061931, 0.659826807584, 0.312681698826,  
31, 1310702.8977626676, 67.88990747084819, 140.9549275236854, 68.80723123578433, 32.26274423452031, -0.246148517891, -0.49855091098, -0.83117861877, 0.108044075423, -0.86633322342, 0.487640465675, -0.963191250431, 0.0302280525132, 0.267112111173,  
33, 2340172.230435433, 82.36064467804688, 152.83074410350187, 77.09627598944266, 47.414926744898814, -0.820097510339, 0.331845627701, 0.466174380367, 0.537096794563, 0.727436480202, 0.427040045595, 0.19740087843, -0.60059524361, 0.774802069272,  
34, 635799.5692011047, 53.342971748876174, 86.65766583377147, 47.5399330613886, 36.843940069189266, 0.759444881356, 0.558073372621, 0.334361455544, -0.283658909854, -0.178474803965, 0.942170030945, 0.585475101984, -0.810370813345, 0.0227607081747,  
35, 1845252.9484846673, 76.08909749280012, 89.2545477046202, 72.16014171958807, 68.39739598144453, -0.94746879318, 0.157839922495, -0.278189584308, 0.319798722403, 0.482789504357, -0.815256445318, -0.00562699738257, 0.861394714025, 0.507904994611,  
36, 997964.2682297258, 61.99292491905698, 118.82757566446571, 71.01947563963778, 28.231352478561796, 0.405710160742, -0.669989643353, -0.621701812183, -0.812466783348, -0.575943942738, 0.0904781784688, 0.41868483544, -0.468404155216, 0.778010639998,  
37, 404945.54739646503, 45.895419051749776, 91.79062774189615, 66.55812062554666, 15.8237214142076, -0.790947924289, -0.59900132817, -0.124895115654, -0.610972027918, 0.762005731735, 0.214616974877, 0.033385059005, -0.246058272884, 0.968679908009,  
38, 3198077.4115561107, 91.39731850475461, 109.3942929182032, 88.27837343001644, 79.0590105340579, -0.74278912169, 0.2156817737, 0.633834121196, 0.639599678957, -0.0512811101463, 0.76699576167, -0.197930723681, -0.97511620858, 0.0998589424507,  
39, 4028178.733581507, 98.70520185745715, 129.1242120551131, 89.76119344974065, 82.97052161044108, -0.495444204238, -0.174106209118, 0.851012378543, -0.844620293903, -0.132238102666, -0.518777065155, -0.202858570475, 0.975807415503, 0.0815370359701,  
40, 2643280.391505896, 85.77318592864181, 104.95191789032675, 97.7363685185628, 61.518827177919995, -0.558832023223, 0.0389122959417, 0.82836743239, -0.680107179005, 0.550060744406, -0.484651836403, -0.474511322189, -0.834217603919, -0.280927026871,  
41, 1285335.0456905197, 67.44906182219826, 123.88828768265239, 80.30959907737522, 30.84111221886019, -0.967427912456, 0.228753566622, 0.108420662049, 0.252360292951, 0.905223618374, 0.341883727719, 0.0199378219208, -0.358108931047, 0.933466912516,  
42, 2246835.735981778, 81.25078603966465, 126.03856493492728, 92.31368726245906, 46.10129929642667, 0.242194720666, 0.249844895841, 0.937506930803, -0.167477819186, 0.962536231102, -0.213249112298, 0.955663590058, 0.105363807058, -0.274964671913,  
43, 1253415.7582478088, 66.88604454119442, 108.32182836608223, 81.7621880986098, 33.786099277371505, -0.875175212039, -0.0726787824065, 0.478315944559, 0.372471039316, -0.732167330565, 0.570259874903, -0.308761514931, -0.677236143927, -0.667845440395,  
44, 1444351.3623599394, 70.12314977021317, 101.39271914734196, 64.34600218382894, 52.85132827816095, -0.974372466548, -0.216341808948, 0.0615996601873, -0.222031013594, 0.881099365806, -0.417571714294, -0.0360627985108, 0.420547416205, 0.906553553458,  
45, 2401468.6343646273, 83.07355002511692, 101.94894106490078, 91.39386363533761, 61.53023204242384, -0.85265065265, -0.519291616843, 0.0576461725669, -0.238064552583, 0.484344714151, 0.841864280438, 0.465093682325, -0.704092617879, 0.536601763052,  
48, 524063.8104388659, 50.01479813858704, 79.98768315301113, 74.96555517267215, 20.8646297179726, -0.534201189659, -0.0174875390893, -0.845176475621, -0.458494581328, 0.845954997956, 0.272291866067, -0.710219549055, -0.532967473126, 0.45992810822,  
49, 3001312.39569857, 89.48306766673797, 121.58348475301841, 97.08924930363877, 60.69834681660373, -0.0828105332231, 0.35054530985, 0.93287748463, 0.992633220847, -0.054059783034, 0.108428910949, 0.0884404006018, 0.934984238156, -0.34348620051,  
50, 2521546.371813296, 84.43570165334037, 98.26862216364661, 87.24971477689861, 70.21007991102528, 0.0318955120659, 0.635672285077, 0.771299826459, -0.141798357769, -0.761009055169, 0.633054850455, 0.989381575553, -0.12956065736, 0.0658645126018,  
52, 1413299.8461178672, 69.61698874540197, 117.0568062840522, 97.86145077312963, 29.453531990498227, 0.276092661961, -0.910511238806, -0.307802089041, -0.837946404346, -0.384888636022, 0.386919321442, -0.4707639169, 0.151096068341, -0.869224546752,  
53, 2456807.5056217485, 83.70681938253, 106.12935711867601, 94.40977553372068, 58.53694084627112, -0.52602538456, -0.613490335106, 0.589005011464, -0.654474949311, 0.734271257557, 0.180300474349, -0.543102048903, -0.290646398665, -0.787759376599,  
55, 526114.7403252362, 50.07995771171566, 114.58184522685593, 75.79329875779028, 14.462562183715306, 0.296919868693, -0.517704876118, 0.802384105537, -0.553165117731, -0.77818143939, -0.297391997059, 0.778361705186, -0.355549305488, -0.517433809551,  
56, 852548.6213227211, 58.82250505292203, 112.48515818629132, 63.856006355459265, 28.33567548208185, 0.245149847493, 0.829855232179, 0.501240307537, 0.764438800308, 0.152523106205, -0.626394462505, 0.596267450779, -0.536728046313, 0.59698252189,  
57, 832518.607229087, 58.35818546695149, 106.68787160550833, 101.23636031889613, 18.401522865684147, -0.38586075734, 0.351319860511, 0.853045034893, 0.714472520234, 0.698767490568, 0.0353979089086, -0.583644149954, 0.623135899893, -0.520635339263,  
59, 1687453.6519525468, 73.85520046891541, 121.40679473656974, 60.57083191554333, 54.78185220589635, -0.110234153516, -0.292496033852, -0.949891836779, -0.0243587321265, -0.954634183018, 0.296783134262, -0.993607107245, 0.0558537983845, 0.0981084585462,  
60, 2869541.7542728926, 88.15385584331285, 123.9058799393358, 88.54523423015063, 62.44056609680308, -0.176650729564, -0.984027940108, 0.0219893799724, -0.801408248314, 0.130825130715, -0.583634821363, 0.571436207532, -0.120721987478, -0.81171846256,  
61, 2132618.121603989, 79.84998311621771, 119.7266163669271, 75.98716158710702, 55.96204221477411, 0.125045603465, 0.466578200134, -0.875596014275, 0.870870081936, 0.371201125458, 0.322172352706, -0.475340822404, 0.802816608958, 0.35991192664,  
62, 1143940.5232248397, 64.87911918773757, 84.73523612517715, 74.45400622028367, 43.287521501523024, 0.961173454463, -0.0504979757501, -0.271284988308, 0.0290552937351, -0.959127250886, 0.281479495724, 0.274410969791, 0.278432884287, 0.920420419486,  
64, 2249980.727029956, 81.28867841967694, 98.03994906533816, 81.4777711362077, 67.24313790566869, -0.786394992155, 0.599892606811, 0.147349165614, 0.612229596854, 0.78864606001, 0.0566772685116, 0.0822060645532, -0.134782240387, 0.987459320999,  
65, 1658559.61001249, 73.43123378503124, 122.65014461279713, 114.83519878975656, 28.11249457234139, 0.262854861506, -0.856837727351, 0.443549806415, -0.298114769703, 0.36509501641, 0.881948531989, -0.917624599642, -0.364053207623, -0.159468981787,  
66, 3007014.077351287, 89.53969636282166, 135.5373711034459, 88.40353976450315, 59.91259618827144, 0.658539120198, -0.170718639099, 0.732926581203, -0.666060304649, -0.585536754965, 0.462071833329, -0.350271177433, 0.79246568055, 0.499307768225,  
67, 2642164.1328633316, 85.76111020872791, 113.64031496190506, 85.87861302702775, 64.63291343892188, 0.653614224525, 0.755908057937, -0.0373021908678, 0.572446504178, -0.461536499839, 0.677708683116, -0.495069131892, 0.46431354413, 0.734383746678,  
68, 1234485.6920002995, 66.54761322169283, 85.66895521504398, 81.33619512024197, 42.295107056070265, -0.700575642318, -0.185445638874, 0.689060000591, 0.42425541093, -0.884681138245, 0.193252761768, -0.573760503771, -0.427725611411, -0.698462372397,  
70, 2156188.0421006586, 80.14307613477972, 122.03784493993484, 77.56679496555918, 54.378553022060004, 0.143847076564, -0.967291297637, -0.208939139655, 0.537752216392, -0.100836887676, 0.837051059285, -0.83074097788, -0.232764833253, 0.505657947699,  
71, 757956.7542740322, 56.561198849451415, 133.26360879368218, 65.97520991224897, 20.58085759033725, 0.688041011034, -0.685999494022, -0.236652194869, -0.506771188593, -0.687642837757, 0.519932966922, 0.519405939076, 0.237806690154, 0.820771252281,  
72, 2302161.6943178023, 81.91229071922292, 94.10597064894591, 85.77415324966431, 68.08847325171018, -0.818992617541, -0.0433868928949, -0.572161402, 0.563744235635, -0.246737138575, -0.788234242619, 0.106974432472, 0.968110717828, -0.226535005738,  
73, 1351272.7356616547, 68.58326160611267, 142.43645323448555, 72.96400931427195, 31.040203788083996, -0.481078913455, 0.856700564355, 0.186083911346, -0.130656876861, -0.279954372129, 0.951080611754, 0.866886301402, 0.43323168462, 0.246613965305,  
75, 1202787.29818781, 65.97307717275555, 122.1357472591111, 96.64563890987856, 24.32625016005426, -0.86347737588, -0.401706649065, 0.305022276957, 0.0330011940494, 0.558447456794, 0.828883199969, 0.503306807558, -0.725787989772, 0.468949945483,  
76, 1968870.0941379198, 77.75162676506729, 114.43516727391255, 81.62634139509285, 50.31976602062725, 0.512700568454, -0.857522304419, 0.0423512045849, -0.800067546274, -0.49508182031, -0.338800697458, -0.311496466281, -0.139819485845, 0.939904496676,  
77, 1084850.3667442196, 63.74220415334073, 102.76269570211471, 81.34086556336271, 30.983962121672473, 0.515188449921, -0.386735279055, -0.764863834288, 0.809200515489, 0.513569890623, 0.285377807788, -0.282445369586, 0.765951559421, -0.577531663045,  
78, 1817279.3635475233, 75.70264060884135, 117.17764942948651, 68.47015354781138, 54.07381388825812, 0.266968273227, 0.659787279922, 0.702430556243, -0.513888110054, -0.519145887414, 0.682939644424, 0.815258824813, -0.543293928582, 0.200461357201,  
87, 844208.4956334953, 58.63006419171771, 146.82706292895725, 37.735084344538855, 36.37555870745636, 0.484389124889, -0.84976205385, -0.208018334589, -0.793587695993, -0.526870572861, 0.304345146539, 0.368219695913, -0.0176593116743, 0.929571086175,  
92, 1451865.8271664625, 70.2445483811846, 111.93910885909088, 70.3837248764768, 43.99302057347106, 0.500352246002, 0.865051890987, -0.0365082979768, 0.679152086106, -0.365974385981, 0.636250888206, -0.53702893205, 0.343144247666, 0.770617902359,  
93, 158017.79632795192, 33.53815214411109, 100.48410252346845, 35.23616887103455, 10.65445773667063, 0.49766533091, 0.274710120029, -0.822717186136, 0.739815741392, 0.360692908867, 0.56795536293, -0.452771340964, 0.891310818652, 0.0237305152694,  
94, 1320440.299779208, 68.0576141727229, 96.30542648136323, 71.87025052185756, 45.54390277382771, -0.946013187342, -0.142282428565, -0.291229737316, 0.104265815306, -0.984329604674, 0.142210650516, -0.306900128925, 0.104167844766, 0.946023980131,  
95, 98607.06699798323, 28.659799246274236, 124.94651673208034, 29.432634016390985, 6.401270038689393, 0.614245119806, -0.653155765952, -0.442821045343, 0.426575537666, -0.197267026829, 0.882677195124, -0.663879690501, -0.731076784975, 0.157449963513,  
96, 1633015.318588812, 73.0522981808603, 103.89105985433208, 97.28968619124679, 38.57062444634498, 0.394638617094, 0.582529265153, 0.710577242204, -0.302296361603, -0.647978720633, 0.699099769252, -0.867685007166, 0.490696681104, 0.0796209488334,  
98, 180049.62290046312, 35.02954817114242, 90.98612571324391, 73.94747084215192, 6.388591352695876, -0.907552346587, -0.404982266196, 0.11107701054, 0.200409941594, -0.185247848789, 0.962039027186, 0.369031968147, -0.895361713826, -0.249284592183,  
100, 2965826.530176117, 89.12900237715598, 106.89896132553523, 93.0878182904784, 71.15260407063201, -0.873475393732, 0.110072114956, -0.474262444279, -0.369348275665, 0.48485335718, 0.792779334553, -0.31721063634, -0.867641257399, 0.382852531208,  
102, 1185027.6539365249, 65.64675934185021, 119.07056136731443, 76.76012098121045, 30.952791636884154, -0.96864727216, -0.229724377521, 0.0946000661146, -0.242427686601, 0.790737331631, -0.562106119104, -0.0543256744601, 0.567416234115, 0.821637108678,  
103, 1840044.6635934194, 76.01744207134888, 137.87989989399003, 67.91089757079091, 46.913661028708255, -0.337882549821, 0.636138672205, 0.693659118192, 0.31462835654, -0.618262551114, 0.720250244811, 0.887042490407, 0.461604817582, 0.00875286226209,  
104, 3152963.0239052917, 90.96550944899937, 122.2959074886039, 87.9816262246281, 69.95622392089204, 0.666482655218, -0.311362352132, -0.677387891808, -0.605469203367, 0.304074567243, -0.735490109607, -0.434980360554, -0.900328908361, -0.0141401096566,  
106, 1448501.032741171, 70.19024095416636, 110.21458952103742, 73.60357288972446, 42.627730932763455, 0.148947217779, 0.177458371158, 0.97279147448, -0.620982117507, -0.748803205962, 0.231678588735, 0.769542679812, -0.638593990926, -0.0013336791016,  
107, 1130390.0528804327, 64.62192723790707, 108.68971418871918, 83.86365937974576, 29.60584508231107, -0.341674279758, 0.424104937367, 0.838685691217, 0.325160702042, -0.783932734024, 0.528885608022, -0.881776164568, -0.453414237344, -0.129947393103,  
109, 638772.7210058231, 53.42599066890474, 120.79440317954297, 60.34978450944366, 20.918725245727316, 0.43740114044, 0.0292319437544, 0.898791263757, -0.463966775426, -0.848836741398, 0.253398930055, 0.770334390796, -0.527846265419, -0.357719508052,  
110, 2203738.171842381, 80.7279259887502, 129.0916364583753, 74.52887296369572, 54.68254574429606, -0.0894592212237, -0.987877203344, -0.12686874655, -0.138471217115, -0.113806331743, 0.983805794294, -0.986317783358, 0.105578169941, -0.126611532899,  
111, 1008452.6035834822, 62.209344817010624, 126.98516347116204, 79.11050844115371, 23.965126411312887, 0.589047379252, 0.0902620094604, -0.803041689232, 0.260270863379, 0.919597838138, 0.294276899822, 0.765037425668, -0.3823513904, 0.518194125388,  
112, 1761026.7132772938, 74.91333156055089, 129.91843910211554, 61.82476148886764, 52.34125008995378, -0.342961306113, -0.116476534798, -0.9321001874, -0.168915607025, -0.968460439797, 0.183171761612, -0.924037369489, 0.220267095568, 0.312469752772,  
113, 1952581.1368998243, 77.53661313177047, 112.34181693488625, 84.09194823350248, 49.34289453228822, -0.294906319409, -0.619066796587, 0.727864385814, -0.942745766871, 0.0643384973127, -0.327247577242, -0.155758408503, 0.782698447122, 0.602596431332,  
115, 2968100.5426332024, 89.15177609422224, 111.24533717415558, 83.92532569458656, 75.89534631720223, -0.892027483574, -0.106036931735, 0.43936674619, -0.0274686411221, 0.983012374424, 0.181472161733, -0.45114569964, 0.149809348297, -0.879786745103,  
117, 2033245.7915921884, 78.58996419696776, 107.74918789034831, 81.59851208749195, 55.208383037578464, -0.118582674094, 0.60244373792, 0.789303295347, 0.801677259669, -0.410941822097, 0.434097212825, 0.585876881892, 0.684242911175, -0.434234864758,  
118, 3236793.856705289, 91.76466368825956, 108.39067776352957, 89.2002595426345, 79.92237515624603, -0.925156034793, 0.288880260646, 0.246240748649, 0.185907595055, -0.220747126372, 0.95744925312, 0.330945127457, 0.931567979917, 0.150520501611,  
119, 3523485.466434812, 94.39767367385454, 126.7187875050211, 102.7725075236468, 64.59009353990405, -0.833471506104, 0.458284075622, 0.308708526839, 0.523431230139, 0.475813754043, 0.706838750196, -0.177045180187, -0.750717641657, 0.636457403663,  
121, 400673.10815365956, 45.733439191340764, 144.22156593082812, 60.913310788341775, 10.888277325301306, -0.773098942243, 0.623931005232, 0.114140817472, 0.621454498805, 0.78110701555, -0.0605486265192, 0.126934358697, -0.0241232453987, 0.991617737646,  
122, 2335124.082478301, 82.30138008849283, 131.22616307400745, 89.67504752301734, 47.37282755303016, 0.836772588697, -0.475567204972, -0.271380670571, -0.467496454064, -0.362483441336, -0.806258531858, -0.2850591171, -0.801524540056, 0.52564218956,  
123, 1518273.546030226, 71.29960741715757, 117.02050335667214, 68.02801827533673, 45.53146604737947, 0.058616084931, -0.342199198701, 0.937797346443, 0.758819018893, -0.595134332542, -0.264591804099, 0.648658501181, 0.727127798009, 0.224782815643,  
124, 3430613.779567399, 93.56090330010858, 119.4374454370125, 89.65062496805254, 76.48731062712498, -0.932448480725, -0.323031125519, 0.161835480469, 0.149091978533, 0.0639897490757, 0.986750674664, -0.32910699283, 0.944222539425, -0.0115057946762,  
125, 1051850.2783562564, 63.089212384051294, 129.63123455794, 72.65026576690198, 26.663579550086187, 0.0659270531259, 0.642057473437, 0.763816617042, 0.874404673389, -0.405941755298, 0.26575883515, 0.480697504488, 0.65036412271, -0.588180599025,  
127, 2472458.1121711195, 83.88418919609529, 108.37226696497657, 85.6101426034626, 63.620481940643636, -0.0647134145917, -0.989001495527, -0.132997051909, -0.650419727182, 0.142880238409, -0.746015694181, 0.756813287716, 0.0382266833091, -0.652512351009,  
129, 2359133.266124854, 82.58248651445376, 122.04153065365801, 88.68199313928068, 52.0380212350408, -0.979078288525, -0.18166153565, 0.0916776494286, 0.100575571, -0.0403700442091, 0.994110061336, -0.176890529587, 0.982532109397, 0.0577961464686,  
131, 2744007.457949716, 86.84914740854482, 116.95336609370707, 84.9593998446185, 65.928396988819, 0.109752170823, 0.645296913291, 0.756006848313, 0.798067162454, -0.510597496366, 0.319967187251, 0.592489042272, 0.568227146836, -0.571029460173,  
132, 1191746.4117578755, 65.77059153628316, 110.79329608000448, 97.61228195143936, 26.307361656295896, -0.970891663781, -0.0175399657478, 0.23887596531, 0.225349127359, 0.271048947349, 0.935815280352, 0.0811612469079, -0.962405744862, 0.259206547482,  
133, 664578.7649161424, 54.135973430512976, 150.65904405447785, 90.9122845194606, 11.583507182702578, 0.586729217449, 0.472448796912, -0.657678462235, 0.595725926045, -0.801947128387, -0.0446253774087, 0.54850656006, 0.36561309819, 0.751975808124,  
134, 3310279.3661875757, 92.45392343480982, 128.68847395813341, 121.26531636688686, 50.640709611509195, -0.641486798366, 0.19897214698, 0.740881078344, -0.760600723576, -0.0391898655449, -0.648036028114, -0.0999060899893, -0.979221241173, 0.176478140342,  
135, 882723.3924116412, 59.50845506828564, 96.6979068973625, 83.94921029354825, 25.95985950435581, 0.322912439625, 0.944039890311, -0.0672029897916, 0.466442082589, -0.220528208438, -0.856620740394, -0.82350430474, 0.245267190599, -0.511551234277,  
139, 2631898.617034463, 85.64989775423385, 117.36423150928617, 98.5947012008088, 54.298922551163976, 0.560621772544, -0.784522232999, -0.265005837821, -0.091850689544, -0.376967108761, 0.92166113607, 0.822962137027, 0.492362330852, 0.283394876768,  
140, 1655329.7071740336, 73.38353579544064, 129.4920715464221, 88.37489011671734, 34.5321671555655, 0.704067544382, -0.705085069401, -0.0845218188121, -0.66076075431, -0.694064780194, 0.28577842196, 0.260161716076, 0.145358611033, 0.954561027744,  
141, 2300757.089992924, 81.89562844260861, 122.92003195292665, 95.32895176492327, 46.87428731353067, 0.852794575374, 0.284896099628, 0.437693528201, -0.411778520105, -0.148673569103, 0.899074312963, -0.32121622405, 0.946958490256, 0.00947391894412,  
144, 2662465.933084711, 85.98020641893436, 110.02227400766954, 86.43429909616398, 66.83881147622277, -0.918786682714, -0.0925345497684, 0.383755636788, -0.382899658544, 0.445355746536, -0.809349189482, 0.096015015255, 0.890559159251, 0.444618376497,  
145, 2729026.2617998277, 86.69080488956055, 136.8047425950002, 95.7975855760806, 49.71224643990871, -0.913786590748, 0.0378539287949, 0.404426936102, -0.0307484695647, -0.999237710613, 0.0240526362222, 0.405029132519, 0.00954346711609, 0.914253971305,  
146, 1627203.9390617707, 72.96553859006757, 88.62107539956811, 79.92098972252246, 54.84733222569012, -0.243460873147, -0.666518131257, 0.704613641616, 0.879309136285, -0.458260966403, -0.129662367393, 0.409319247157, 0.588005499445, 0.697644097323,  
148, 548880.1043314124, 50.79211451136483, 88.19438299277405, 84.55018870303006, 17.57249272124666, -0.795821745057, -0.420627730816, 0.435591623155, 0.0278695678798, 0.693149348111, 0.720255002343, 0.604889276877, -0.58533434316, 0.539900610703,  
150, 1072288.0175031302, 63.495207657489054, 133.26604896285963, 101.25954583411723, 18.970000676195962, 0.349565398036, -0.912099306205, 0.21419357627, -0.00833408744449, 0.225580369825, 0.974188913782, 0.936874898523, 0.342327843404, -0.0712535763911,  
152, 2561938.091409191, 84.88416362918375, 126.04794553507534, 95.30014951700969, 50.915576808995944, 0.527811223912, -0.665483874341, -0.52777507037, -0.696968364254, -0.694485271902, 0.178676541102, 0.485438370076, -0.273535043646, 0.830378328689,  
153, 259633.24534433882, 39.57527100710233, 120.44643156209429, 86.12862150478988, 5.97489473717232, -0.0557352830983, 0.970086673531, 0.236274044395, 0.480710043965, -0.181337210758, 0.857924629339, 0.875106526001, 0.161395978362, -0.456223526705,  
155, 2600668.781185606, 85.30977797775344, 116.38198023825241, 109.97628495337601, 48.50780775215673, -0.0722460615711, -0.851827740803, 0.518815966009, -0.422529851887, -0.445052026048, -0.789555076214, 0.903465013629, -0.276257477925, -0.327769393079,  
156, 1328200.3396501665, 68.1906754914856, 112.07942820737253, 78.67492038229331, 35.95942667883292, 0.271381965804, -0.0371445813593, 0.961754702984, -0.764675946795, 0.598501355378, 0.238886634211, -0.584484837297, -0.800260212485, 0.134018906439,  
158, 1315881.9104074424, 67.97920830959912, 108.38150527285914, 102.62348866800778, 28.244009866947163, -0.0036364831575, 0.351204416154, 0.936291746233, 0.90246976824, -0.40214902126, 0.15435181279, 0.430737847655, 0.845536292996, -0.315488959909,  
159, 2318611.0211310666, 82.10692019650202, 119.06997392573227, 80.52826976877631, 57.72828559920614, -0.711034828894, 0.563201449116, 0.420991211087, -0.0854839291041, -0.663511550568, 0.743266385711, 0.697941236756, 0.492500304545, 0.519924494575,  
161, 870566.5861767689, 59.23400917690313, 112.6804688252743, 56.188823090384375, 32.82576106451231, 0.559406020833, 0.630761311369, 0.537777902053, -0.521653576884, -0.236293278172, 0.819782307942, 0.644160266999, -0.73912492501, 0.196855011744,  
162, 769821.3361917975, 56.854796771323215, 116.37823458231968, 48.718641923058264, 32.41413198652927, 0.228610191405, 0.843464536526, -0.486112081735, 0.669614498152, 0.226215429135, 0.707419962601, 0.706649704062, -0.487231110711, -0.513080929782,  
163, 1007905.5429947319, 62.19809377211741, 77.34965010643833, 64.12278042582628, 48.51326736381725, 0.151347089035, 0.287868847577, 0.945635016925, 0.439767907771, -0.876373811425, 0.196400432646, 0.885267330209, 0.386135299142, -0.259232106077,  
165, 1152154.2875907028, 65.03403149779918, 144.14322278422745, 75.01051542830723, 25.439329087953713, -0.0265597809838, 0.836235251927, -0.547727287498, 0.0356796327526, 0.548364472496, 0.83547792856, 0.999010281149, 0.00264740233287, -0.0444010069723,  
167, 1698824.5025403285, 74.0207195169375, 114.16392672235285, 72.07486264312321, 49.28867977180654, -0.566195466878, -0.769038211833, 0.29665286452, -0.82421096083, 0.52387328762, -0.215018767939, -0.00994913738845, 0.3662471942, 0.930464404158,  
169, 291566.8801792988, 41.13547597405743, 121.88029147713446, 50.86839729692692, 11.227111654793417, -0.595989500358, -0.801385121761, -0.0507779684729, -0.06780246265, -0.0127871097487, 0.997616818164, -0.800124578751, 0.598012020317, -0.0467149016363,  
170, 1346561.6061126373, 68.5034650198755, 127.74655878002658, 91.6342128330862, 27.46191095993436, 0.588184109141, -0.727842282678, -0.352540870396, -0.0519176536331, -0.469004512937, 0.881668488768, 0.807058864641, 0.500280299823, 0.313648865156,  
173, 1556831.1696843745, 71.89813684033169, 131.71009747961423, 103.86065890957059, 27.169569939990087, 0.954181822766, 0.117609852552, -0.275145364646, 0.205729400924, -0.925560568437, 0.317825498898, 0.217284290042, 0.359868804896, 0.90734887478,  
175, 474433.32934355293, 48.3833045657774, 103.22332139348273, 67.43142801255826, 16.272204575074603, -0.0998917866735, -0.687370090361, 0.719405302894, 0.789165045179, -0.495088403723, -0.363463896373, 0.606003434332, 0.53142246036, 0.591903713624,  
176, 305119.08984166395, 41.763182913332614, 109.15251638774866, 81.93162079369394, 8.1450822141715, -0.734715952484, -0.62615398657, 0.261005084753, -0.678335037111, 0.682287732085, -0.272662846889, 0.00735163876979, 0.377378637111, 0.926029868665,  
177, 1476793.7082839168, 70.64429163191389, 110.97209128980967, 88.18086716251435, 36.0282434191373, 0.421055758124, -0.905367944445, 0.0549630214083, -0.854475589383, -0.375600521439, 0.358881199625, -0.304275394503, -0.198073555696, -0.931763570244,  
179, 1069302.1504399516, 63.43621713344931, 121.64229477651331, 64.58162876717391, 32.49512654521235, -0.0592919430972, -0.876494487, -0.477746669002, -0.221708964383, -0.455072751355, 0.862411691761, -0.973308584466, 0.157054784176, -0.167344537322,  
180, 2788984.68825262, 87.32109509277574, 107.20265373371144, 91.533423531556, 67.85350376778246, 0.127519725257, 0.768285697725, 0.627276499115, -0.390453501465, -0.54248639637, 0.743810844871, 0.911748201459, -0.339772860047, 0.230802124582,  
182, 2151523.430747727, 80.08524162918958, 137.11949455119577, 77.82215688120723, 48.13433805079693, -0.822403211345, 0.541527449433, -0.174358766573, 0.525364180601, 0.840504404627, 0.132456874277, -0.218278344577, -0.017331108239, 0.975732646259,  
186, 700372.8468133562, 55.09094604617676, 95.51227957786995, 57.53180323961056, 30.42800606081458, -0.168167315405, -0.741742517796, 0.649259417585, -0.985738058147, 0.130774502179, -0.105917469287, 0.00634308677256, 0.657811573989, 0.753155826092,  
188, 1717819.0122226682, 74.29557221241693, 108.79085645317626, 86.3443576906627, 43.657859294786974, 0.215874749159, 0.974280276445, -0.0646222531776, 0.373808455895, -0.143604023507, -0.916321517118, -0.902033996575, 0.17365433298, -0.3951946883,  
189, 748291.4543127232, 56.31975091628995, 90.72333150560212, 53.620403448579495, 36.72257352200956, -0.559804063514, -0.664107188958, 0.495561350437, -0.81704258419, 0.342743254163, -0.463646931776, -0.138060950644, 0.66444616283, 0.734472920268,  
190, 3225416.506172169, 91.65701967862572, 136.7994961248127, 104.78389185591057, 53.717794346430736, 0.347559140003, 0.836360765373, -0.423914277118, 0.771153887222, -0.512148248423, -0.378187590833, -0.533408217431, -0.195460588818, -0.822964660113,  
191, 1239719.885237902, 66.64153409674854, 107.92791842336067, 80.36721431819332, 34.12103859228947, -0.995702907925, -0.0869838476386, 0.0317730924, -0.0459068939153, 0.761611828233, 0.646405430196, -0.0804255944443, 0.642169162562, -0.762332270347,  
192, 2001739.9922283692, 78.18192369509156, 117.83224979386384, 73.46925230511125, 55.20129506347238, -0.389749976436, -0.64550603989, -0.656823346368, -0.889854386215, 0.0802856136451, 0.449125140217, 0.237179525257, -0.75952364855, 0.605697696951,  
194, 1000389.8161114061, 62.04310879663189, 138.792178902219, 53.583372870067585, 32.11334991856337, -0.880703987122, 0.229155982084, 0.414545561963, 0.472957265851, 0.473332501847, 0.743147204378, 0.0259212605208, -0.85055504147, 0.525246808351,  
197, 2571452.340814509, 84.98911170558516, 116.65548812114648, 101.60157379508841, 51.79457333254407, -0.049197692711, -0.187526800373, 0.981026649064, -0.586827293455, -0.789378182421, -0.180321415183, 0.808216131173, -0.584564610851, -0.0712102594619,  
199, 976515.672771936, 61.5455801080102, 121.50754968879687, 60.97182440029908, 31.467203987710448, 0.0407132545455, 0.709711099266, 0.703315424602, 0.625467203867, -0.567027150677, 0.535976666733, 0.779187530567, 0.418079377599, -0.466986537531,  
200, 3432660.5160146323, 93.5795060393718, 119.67007077936896, 85.32041653519984, 80.26084548840164, 0.845574839807, 0.3929993799, 0.361323508348, 0.447017603788, -0.151209082447, -0.881652468543, 0.291853477261, -0.907021113748, 0.30353623676,  
201, 2352233.1001491733, 82.50189345098686, 133.25737356612265, 81.86199844983304, 51.47758397851901, 0.357695542687, -0.503666961921, -0.786367274377, -0.354166895478, -0.852337367574, 0.384820506191, -0.864071587826, 0.140856676472, -0.483259441505,  
202, 1218261.1911626859, 66.25478770769814, 101.77407067462494, 81.64945896149759, 34.999459985008855, -0.93396107615, -0.356684754767, -0.0221967104296, -0.0302876736593, 0.0171138052651, 0.999394704055, 0.356088984751, -0.93406804002, 0.026786779434,  
203, 2911030.7064038683, 88.57667882277093, 123.4225142748403, 89.14011407656433, 63.167051054339865, 0.272781625348, -0.142819227708, -0.951416235446, -0.835272272022, 0.455563221268, -0.307867476391, -0.477399640201, -0.878672191221, -0.00497633513041,  
204, 209817.2319626528, 36.86244871244149, 124.23865575992698, 45.29350992093853, 8.90143087253134, 0.507539154351, 0.30587504584, -0.805508822504, 0.86162855077, -0.180714081326, 0.47427698796, 0.000497291425675, 0.934763540764, 0.35527014448,  
205, 2302676.3783178823, 81.91839451928396, 109.15545738893866, 79.83255431783026, 63.08394110301011, 0.217132589365, 0.971346124343, -0.0966444274622, -0.684955000941, 0.222152295427, 0.693891204961, 0.695478314055, -0.0844693101673, 0.713564888653,  
206, 1168908.4832190215, 65.34774922128695, 106.29451005272139, 61.586302544128934, 42.62819419674713, 0.407059929831, -0.43469105557, -0.803334239115, -0.738059892913, 0.361609373633, -0.569654505269, -0.53811690923, -0.824792305437, 0.173631347667,  
207, 2294487.144689969, 81.82116769792101, 135.77359086708427, 75.0509897956652, 53.75579525729551, 0.525939125361, 0.14954639673, 0.837271707178, -0.55644257162, 0.805008399493, 0.205750191334, -0.643241557196, -0.574105697559, 0.50659939511,  
208, 2764799.8578870534, 87.06795879455963, 117.36732679254446, 90.26376378984102, 62.3037859111433, -0.506033059569, -0.346123586782, -0.790018357569, -0.0738451810267, -0.895199163921, 0.439505797635, -0.859347096267, 0.280743512105, 0.427440812918,  
210, 1324727.7238194735, 68.13119483288696, 135.49356361544775, 78.7351009997768, 29.644966353460045, -0.919494874551, -0.383522083728, 0.0862553590621, -0.0974381461413, 0.434935693075, 0.895174145385, -0.380834587913, 0.81470347623, -0.437290821385,  
211, 1104382.5641532233, 64.1224799908869, 133.7083717848743, 72.2256706601326, 27.30113789991873, 0.485288078676, 0.872924292819, -0.0499865952057, 0.550443084441, -0.260590793337, 0.793161300884, 0.679343721165, -0.412426499432, -0.606956745642,  
215, 2503865.9405136737, 84.23789149517407, 148.7551952883984, 94.93770947289124, 42.32642334628666, -0.00848457514021, 0.999401041646, 0.0335495147604, -0.991539687889, -0.00406250240871, -0.129740292178, 0.129526288161, 0.0343664666521, -0.990980265517,  
216, 1083798.03070988, 63.72158689546558, 119.22482264835196, 68.13757155886489, 31.849778182126677, 0.230862238487, 0.95134556276, -0.20406922124, 0.796362041737, -0.0642491068429, 0.601397996962, -0.559026050664, 0.301353069483, 0.772448187384,  
217, 1353030.8757617848, 68.61299326129848, 110.74914501588287, 87.50256389845205, 33.33173630209192, 0.540277054921, 0.31858537282, 0.778847908228, 0.732169838144, 0.278226993737, -0.62170496867, -0.414762621312, 0.906141876408, -0.0829389400771,  
219, 415558.2512415225, 46.292904874241266, 140.9301522703682, 44.652037088242864, 15.765149835221003, -0.187336140702, -0.24999695561, -0.949950889558, -0.916261108084, 0.393062203475, 0.0772507994214, -0.354077325169, -0.884874921322, 0.30269724382,  
222, 1888960.1690625667, 76.68517218167278, 133.66790562160872, 92.31109993483257, 36.5471168618117, 0.508863481471, -0.404654266778, 0.759811082838, -0.646257317387, 0.403510176405, 0.647712140739, 0.568690985465, 0.820630527044, 0.0561791877426,  
223, 1012211.1443168761, 62.286534521598234, 110.24991971444568, 56.73434316033913, 38.632978478366894, -0.982816568118, -0.028290678491, 0.182404032146, -0.181763516398, -0.023785891605, -0.983054553658, -0.0321499228536, 0.999316700987, -0.018234955153,  
224, 2236290.6452281857, 81.1234750234745, 115.24070652700038, 95.64697549230338, 48.43535464960213, 0.343431538077, 0.928517986377, 0.14109970811, 0.877454234819, -0.263653159805, -0.400700732621, -0.334856453502, 0.261421805326, -0.905278849443,  
225, 1451997.3560507046, 70.24666953864326, 126.88898622610897, 82.08839595915408, 33.279095897250755, -0.652127544468, -0.458474378842, -0.603763951964, -0.744824379261, 0.535910342718, 0.3975383612, -0.141302193201, -0.708943826063, 0.69096479048,  
227, 1662020.7656895742, 73.4822781449538, 150.19427135975317, 62.76789172326979, 42.08786797148715, 0.62216253055, 0.509011902753, -0.594828268019, -0.416661376887, 0.858530770877, 0.298861527246, 0.662802446125, 0.0619015210887, 0.746231277217,  
229, 486008.4578984277, 48.77362924642905, 110.72709433765161, 42.66836010414836, 24.558133889892364, 0.325806577712, -0.907773439438, -0.264192082716, 0.516166155988, -0.06332831401, 0.854144030042, -0.7921001031, -0.41465275508, 0.447929145483,  
230, 196993.34309417428, 36.09560402689929, 113.22293637570709, 88.31373609742346, 4.703273881895869, -0.312390847008, 0.275866003255, -0.909015900276, -0.207945041925, 0.913839716684, 0.348791960557, -0.926914676896, -0.297984765482, 0.228110195512,  
231, 3966713.3071144293, 98.20058340983661, 116.99264424454556, 98.99739739452791, 81.7635745208894, -0.829885722957, 0.497314297439, -0.25291930807, 0.557052373025, 0.764016344646, -0.32553291511, -0.0313423122711, 0.411044419347, 0.911076366056,  
233, 2204054.5572056943, 80.73178910829323, 111.82929462757885, 77.16800340091804, 60.973465851231275, 0.801075023653, 0.179131832248, -0.571130977233, 0.420609697938, 0.510416948461, 0.75004134601, -0.425871211144, 0.841062616812, -0.333537683208,  
234, 617868.2415503548, 52.83670843597201, 118.31623930745229, 47.89879221545505, 26.027852921247728, -0.814762184028, -0.204800918117, -0.542419733616, -0.214481480313, -0.762706619781, 0.610144496611, -0.538665274619, 0.613461650048, 0.577498507219,  
237, 1762456.886463444, 74.93360572730762, 137.54792741990434, 70.80891938448607, 43.20041066283189, 0.092179309693, 0.744367785723, -0.661377028965, 0.930211415271, -0.301348137452, -0.209513777482, 0.355260042454, 0.595907626762, 0.720197474726,  
239, 2363061.345119489, 82.62829580372058, 100.88595613428157, 86.67913983031741, 64.5120851827386, 0.504340804656, -0.156349003391, 0.84923220729, 0.781548376488, 0.500844946873, -0.37193611602, -0.367181818678, 0.851298612903, 0.374790853279,  
242, 1410395.685270662, 69.56927120541265, 120.58683182628965, 93.45383407896591, 29.878263472203724, 0.856028747209, 0.203126551677, 0.475346597712, -0.382735643497, -0.369039690148, 0.846949310344, -0.347459653988, 0.906945043042, 0.23816481216,  
