# Void_ID, Void_Volume, r = (a*b*c)**(1/3.0), a, b, c, vector_a, vector_b, vector_c 

1, 866495.1455717931, 59.14152354896303, 119.17322085987932, 68.8645870435785, 25.205940114283322, 0.395362035588, 0.797394900578, 0.45590594792, 0.758315932742, -0.00327795886277, -0.651878977369, 0.518310531405, -0.603448943589, 0.605973238284,  
5, 1500577.6848811642, 71.02151923678244, 107.07272564720073, 97.47716313228236, 34.32322875265002, -0.133171891454, -0.737956742224, 0.661577730831, 0.0847922157166, 0.656592511249, 0.749464178147, 0.987459126992, -0.155904203847, 0.0248666793615,  
8, 822565.9752120327, 58.124698165501236, 99.94592923431316, 57.56462925502926, 34.131966438365424, 0.712081044943, -0.517418493934, 0.474572109976, -0.290683430964, 0.398012695788, 0.870108635146, -0.639096024394, -0.757538115296, 0.133012313256,  
9, 1953814.8991701698, 77.55294051244731, 107.16834866685109, 89.37518771125026, 48.69801980948802, -0.295643449018, 0.921516715796, -0.25179732636, -0.70817765933, -0.388318202368, -0.589655303152, -0.641154703545, 0.00398951365122, 0.76740128349,  
28, 1513689.7944369167, 71.2277826048531, 118.28421828341015, 68.04653557504206, 44.896806459685045, 0.347453176644, -0.923509103485, -0.162503002497, -0.819917598386, -0.383302114772, 0.425223024621, 0.454985078762, 0.0145060191491, 0.890380903609,  
38, 670597.7464403802, 54.298916062912966, 125.94127287807186, 85.28058168726477, 14.905798567658024, 0.575597772896, -0.365596286714, 0.731455097035, -0.406918307852, 0.647821200801, 0.644007129252, -0.709298734365, -0.668331539682, 0.22411661807,  
42, 112283.3010527751, 29.927850168735645, 118.2065972243359, 87.42711491614116, 2.5938132249134322, -0.496837157068, 0.864317880903, 0.0781501126542, 0.867692386662, 0.496414270508, 0.026130330386, 0.0162099193768, -0.080792776829, 0.996599099802,  
43, 1895665.234872305, 76.77579910497685, 111.93742747274352, 81.28529431414648, 49.73770382098644, 0.343849779548, -0.937828432482, -0.0473831228706, -0.349866771374, -0.174776877456, 0.920351175039, -0.871412974079, -0.299884768428, -0.388211996559,  
50, 1745499.8661337025, 74.69251279877274, 130.11961030511904, 69.17244368687862, 46.297265233795756, 0.546115297236, -0.345714331799, -0.763046317672, -0.684959838407, -0.708673921787, -0.169148728489, 0.482273886806, -0.615030790585, 0.623818102284,  
64, 1885394.3145386772, 76.63688804822712, 151.5785198138035, 73.69821416256771, 40.292012289963125, -0.168112685635, -0.751237511838, -0.638263523739, 0.263431561938, -0.658167747298, 0.705279397538, -0.949916805359, -0.0495723433435, 0.308546018727,  
66, 1573360.182412354, 72.15169121293005, 122.98359620624167, 90.94705641252074, 33.58177985587249, -0.805212151399, 0.491023966743, -0.332458802444, -0.177456625244, 0.335424491777, 0.925202440806, -0.565811397372, -0.803981264956, 0.182952420604,  
77, 3079117.8164508673, 90.24972746804616, 107.57204262820073, 86.98812724960192, 78.55580817437503, -0.986415001842, -0.0978014884871, 0.131986033319, -0.160062872091, 0.752948122724, -0.638317320354, 0.0369502519554, 0.650771844302, 0.758373711006,  
78, 1997288.7122727204, 78.12392949882542, 114.06925440261811, 80.79599077477084, 51.73611633487731, 0.697935756403, -0.705946074951, 0.120523106475, 0.370548762781, 0.499981289802, 0.782759429358, -0.612845245013, -0.50165610642, 0.610542264349,  
80, 991401.6928910111, 61.85673825090722, 116.53423125351843, 90.76234927798578, 22.376996951527573, -0.320588970921, 0.859468149403, 0.398167316444, -0.20764858589, -0.473898050573, 0.855746868204, -0.924177892238, -0.191664127639, -0.330393834196,  
84, 2377027.620838661, 82.79076069355162, 125.93143989926917, 117.38499567116232, 38.38829835818117, -0.833951357092, 0.0725571674386, -0.547047156522, -0.461378555727, 0.452174676727, 0.763326856623, -0.302745705701, -0.888973294976, 0.343615364178,  
105, 4587215.461567542, 103.07503953321633, 130.79514631126622, 99.49222127537666, 84.15497106932534, 0.0499708887119, -0.928565998248, 0.367788114516, 0.951914926861, -0.0671651560558, -0.298909373943, 0.302259627308, 0.36503976319, 0.880559531769,  
119, 2405036.60471367, 83.11467170742179, 126.58158989197536, 81.90278293463379, 55.38139315839707, 0.896460720662, -0.408694991348, -0.171250052138, -0.24875644808, -0.783969169198, 0.568781655195, -0.366712974748, -0.467290857812, -0.804463080792,  
139, 2153836.4013734716, 80.11392959205746, 127.47877467348576, 69.0481416917787, 58.41632449807582, -0.499583952806, -0.169834037339, -0.849454103445, -0.149216532848, -0.949064872186, 0.277507287666, -0.853317233169, 0.265390783834, 0.448795534105,  
146, 750479.0221486894, 56.37457955797214, 130.9934016263712, 58.31708881033011, 23.453339588908896, 0.0580827804029, -0.895971326086, -0.440297369345, 0.574139454525, 0.390785404838, -0.719479432732, 0.816694727165, -0.211002725569, 0.537110391283,  
177, 2783241.7499329806, 87.26111815722011, 123.17163863100686, 100.66883324438372, 53.58664494995777, 0.846537218165, 0.095454300955, 0.523701455688, -0.431865854647, -0.45203933231, 0.780482111028, -0.311234030675, 0.886875931838, 0.341444665613,  
178, 1165126.994977748, 65.2772051474787, 116.84333500061967, 90.15483806239858, 26.405334492931388, -0.596496120032, -0.772980385475, -0.216087256585, -0.783383441549, 0.502121052632, 0.366312478644, 0.17465040021, -0.387783150969, 0.905053294304,  
179, 3717328.1261486877, 96.09794400408776, 101.10645026063641, 94.20065016019157, 93.17717199062753, -0.988554457693, 0.150748753363, 0.0059074134754, -0.00320394416468, -0.0601263250857, 0.998185633925, 0.150830431002, 0.986741930999, 0.0599211372769,  
180, 3655681.896986516, 95.56376748311042, 99.91837281127142, 94.61654571857785, 92.3139527584949, 0.722146769578, -0.371267485883, 0.583664712925, 0.304464810843, 0.928232274486, 0.213742891254, -0.621132209876, 0.0233516279774, 0.7833578233,  
181, 3554476.2544696447, 94.67362420081588, 99.12380872964009, 95.24030901745904, 89.88520870075337, -0.594150217879, 0.526758191632, 0.607874432874, 0.803164873575, 0.429603799013, 0.412755086861, 0.0437230425437, -0.733461916818, 0.678322867172,  
182, 3021673.8686524155, 89.68496848003737, 95.5575343317324, 91.66197286351805, 82.35782029778218, -0.98438320653, -0.0382915794063, 0.171823914659, 0.146774948822, 0.360374737097, 0.921187908768, 0.0971947380289, -0.93202135373, 0.349126594648,  
183, 3390106.3867279855, 93.19120040942981, 104.35403651987772, 91.95235906722667, 84.34368850296606, 0.350053743964, -0.830427083421, 0.433420391141, -0.733505957364, 0.0447746463685, 0.678206636325, 0.582607403702, 0.555325211172, 0.59344968025,  
184, 3576509.0007736026, 94.86883578321195, 96.31182829447161, 94.5140837062129, 93.79821150502404, 0.374334434534, -0.907570924039, 0.190233406532, 0.49295609908, 0.368525714189, 0.788151687407, -0.785409457227, -0.201255598233, 0.585344487185,  
185, 3336250.0564840212, 92.69507530780966, 104.11789387128987, 90.64634786452505, 84.39064364994616, 0.72625403278, 0.512635789993, -0.457995225618, 0.516836739882, -0.846475442868, -0.127902732298, 0.45324922965, 0.143818884155, 0.879705214479,  
186, 3046874.1809663195, 89.93359835944615, 122.20258356486276, 81.1654932982311, 73.33547193248062, -0.302235688665, -0.929371154771, 0.211950100678, -0.933503389958, 0.243566706319, -0.263147640137, -0.192937838263, 0.277388745722, 0.941185674728,  
187, 3502949.2776658363, 94.21392125591784, 105.93170516983149, 94.46728547377884, 83.56758280263095, -0.973395893268, -0.0109019815611, -0.228870229098, -0.222714335749, -0.189693111412, 0.956250410789, 0.0538401302135, -0.981782903844, -0.182218468048,  
188, 3242301.047149252, 91.81667803297125, 108.66969635589739, 87.79941582545766, 81.12685632932748, 0.742348934814, 0.521449234046, -0.420724084518, 0.536931533913, -0.0873834319365, 0.839087995214, -0.400777477998, 0.848796107517, 0.344851534712,  
189, 2796408.6221685894, 87.39850578274414, 115.88407152564272, 100.797977417943, 57.152661552072736, -0.812780876625, -0.027378386734, 0.581925829065, 0.319808768385, -0.855892421486, 0.406411754883, -0.486939008765, -0.516428685089, -0.704408840774,  
190, 3513747.967305254, 94.31063435435875, 101.50610189265818, 99.46515305620132, 83.0842861471198, 0.248302102831, 0.576706399096, 0.778303151074, -0.792903043414, -0.340551408575, 0.505301397052, 0.556462783549, -0.742586336636, 0.372712628128,  
191, 3505536.0275007673, 94.23710627915844, 101.1669354395663, 93.16641088549937, 88.7907789210096, 0.331267262986, 0.858151702094, 0.392221438307, -0.485479125784, -0.201422033871, 0.850728618714, 0.809056252001, -0.472233862048, 0.349890212257,  
192, 3512414.0600447147, 94.29869861284688, 99.2228244475282, 93.54915281277982, 90.3369978012801, -0.93930088383, 0.0380783757239, 0.340974906612, 0.140848806178, -0.863419547219, 0.484425741758, 0.312850544885, 0.503047435916, 0.805647450057,  
193, 3418950.380176846, 93.454753472164, 99.88467600556596, 92.58413960930767, 88.26097654879914, 0.318556017392, -0.900595322369, -0.29571967995, 0.542356638721, -0.0826909747596, 0.836069063612, -0.777413236457, -0.42672036279, 0.462102144294,  
194, 3592548.991417989, 95.0104474355451, 105.04680492959119, 91.8427607654232, 88.89683773842107, 0.927629536045, -0.373425867974, 0.00752096966527, -0.269114976044, -0.654275858136, 0.706753302878, 0.258999176689, 0.657629244018, 0.707420104243,  
195, 2455504.747033444, 83.6920211727438, 102.8138780501254, 92.33702552606778, 61.74823490836092, 0.859436605138, 0.378317640243, 0.343866958038, -0.447296610553, 0.230710154571, 0.864117218186, -0.247577187836, 0.896464493251, -0.367500950208,  
196, 2768405.1285145073, 87.10578759796714, 100.3437990068728, 91.728981374854, 71.80322084610142, 0.451930633095, -0.291835331509, 0.842965504723, 0.70443594136, 0.696512637206, -0.136528937341, -0.547292159079, 0.655516807942, 0.520354693565,  
197, 3331811.2198791397, 92.65394720476571, 99.86547161525598, 94.14222655945014, 84.60420602293738, -0.579046112502, 0.639138865338, -0.506169053194, -0.486238981212, 0.227618170743, 0.843659659755, -0.654428951642, -0.734636971001, -0.178972813832,  
198, 3370372.1935892934, 93.01002289185361, 105.20005576289522, 97.64818012374467, 78.32657383918747, 0.840163479765, 0.219958814131, -0.495725173211, 0.501809989672, 0.0313981187018, 0.864407827595, -0.205698958516, 0.975003732417, 0.083997977581,  
199, 3454437.49656558, 93.77698014894813, 97.85136194043312, 92.91900007196394, 90.70209690972592, -0.897135186131, 0.153590703473, -0.414196032829, 0.430112133181, 0.0898424851614, -0.898293872155, 0.100757186817, 0.984041779431, 0.146662079755,  
200, 3692808.2357810657, 95.88618698701671, 103.34386457918946, 97.31364156342359, 87.66166673574978, -0.387984304843, -0.278988073772, 0.878426908677, -0.0264234763142, 0.956061195942, 0.291973953486, 0.921287131732, -0.0900702187603, 0.378308573254,  
201, 3317606.1066257334, 92.52208351826835, 96.37817627121561, 91.11100992890869, 90.19586912171172, -0.186266001269, -0.953937992614, -0.235175005089, -0.184212668766, -0.201210583308, 0.962070680268, -0.965075473441, 0.222523273866, -0.138248772691,  
202, 3584869.79665943, 94.94270313098757, 101.41443977081087, 95.52814370605483, 88.33923677475967, -0.868992429011, -0.116088508921, -0.481015193542, -0.491714120617, 0.311426059951, 0.813161135796, -0.0554020027341, -0.943152833469, 0.327709247372,  
203, 1311728.8871312747, 67.90761709232832, 109.6719183143394, 74.65956053228689, 38.244994631213025, -0.9396894865, 0.311748489563, 0.140700206885, 0.0623402513517, -0.248368301716, 0.966657581445, 0.336299512375, 0.917129252591, 0.213954602704,  
204, 3579427.481590247, 94.89463352813532, 104.43402580399776, 91.89709952545576, 89.03917649988927, -0.106886726345, -0.553767349975, 0.825782628682, -0.2395294769, 0.820420868968, 0.519167822055, -0.964987490814, -0.142307132159, -0.220335704573,  
205, 3693455.55456439, 95.89178934521898, 102.70814458952657, 96.73060030623517, 88.75145898825635, -0.143535476768, -0.976601335439, -0.160148051903, -0.404461949088, 0.205580778752, -0.891149300144, 0.903220957822, -0.0631377464524, -0.424506214706,  
206, 3211910.125452874, 91.52890324219362, 99.39022564094947, 90.01414166877066, 85.70780128407482, 0.144870693074, 0.301353981454, -0.942442709214, 0.481926699946, 0.810382267055, 0.333207498597, 0.864152265615, -0.502460305999, -0.0278298891148,  
207, 3148527.311869622, 90.92283148032489, 105.2807360511328, 87.14785180214308, 81.92439764056033, -0.365932550686, -0.683205451691, 0.631920627238, 0.0843688165495, 0.651866253459, 0.753626094556, -0.926809188098, 0.329090714517, -0.180897845415,  
208, 1985880.9931710565, 77.97490781110692, 94.6152691920943, 81.34715681384942, 61.597204414207646, -0.993342375261, -0.046433442953, 0.105427040587, -0.115103359492, 0.36267033855, -0.924781834905, -0.00470554407301, 0.930759991035, 0.365600460809,  
209, 3718731.489134072, 96.11003542439312, 100.3100235721026, 98.31988933518745, 90.01616332118587, 0.806032401478, -0.0190323582215, 0.591565327844, -0.424932408652, -0.714346055581, 0.556005540397, -0.412000261946, 0.699533760598, 0.583873532488,  
210, 3039096.661634478, 89.85701098318636, 97.8316419533953, 86.67836162752367, 85.55903307150547, 0.000741568174125, -0.9968789152, 0.0789422479139, 0.649940826217, -0.059514442874, -0.757650944371, 0.759984455429, 0.05186963966, 0.647868171767,  
211, 3852705.5094953533, 97.25062510579382, 106.8652601288754, 99.42870889807843, 86.56231396358291, -0.444088525218, -0.816241516722, 0.36950665508, -0.0544470096588, 0.436226111768, 0.898188344698, 0.894327068197, -0.378756604947, 0.238164920381,  
212, 3189718.4148270213, 91.31761890358851, 96.67746115443842, 90.071725028632, 87.44802776160621, -0.330448039503, 0.853477388939, 0.402964563899, 0.937737500938, 0.345299028916, 0.0376425286726, 0.107016225517, -0.390313882919, 0.914441140958,  
213, 3521810.8366796095, 94.38271630608509, 102.19834752444352, 93.79002724251492, 87.71560850427552, 0.6121962014, -0.630839586985, -0.476715036981, 0.517658532061, -0.13597570611, 0.844713117888, -0.597700138176, -0.763905768299, 0.243315683802,  
214, 3423447.918394088, 93.49571459650556, 101.71609837162838, 91.39089607073207, 87.91894889162182, 0.392889633984, -0.113397718243, -0.912567089591, 0.4647350676, -0.831829487846, 0.303448546037, -0.793510587485, -0.543323716256, -0.274117286764,  
215, 3895774.9145949907, 97.6116713822887, 100.95625329029207, 97.2277506694761, 94.75055975109854, 0.64050857564, -0.21550168669, -0.737094151086, 0.37185025243, -0.752763556175, 0.543207527803, -0.671919752872, -0.622017726056, -0.402017156564,  
216, 3605903.7226475934, 95.12803061446688, 111.36991451069409, 91.62033263239078, 84.36567141480718, 0.664181218856, 0.0474244051656, -0.746065837787, 0.337345058601, -0.909611110882, 0.24249935752, -0.667129387718, -0.412745142618, -0.62014500505,  
217, 3072297.0623421296, 90.18303885494826, 95.85567296672842, 93.44836122017406, 81.88136728678847, -0.458392924269, -0.801908775023, -0.383168688074, 0.873329914204, -0.486388534744, -0.0268524528815, -0.164835639155, -0.346941651882, 0.923287984463,  
218, 3028983.1018599174, 89.7572242922427, 94.12525399953316, 90.20910318170752, 85.16314962108673, -0.207780208048, 0.0968893468745, 0.973365213887, 0.717075609328, -0.661716245345, 0.218938761196, 0.665304408261, 0.743467595198, 0.0680145516791,  
219, 3500884.366119864, 94.19540527245678, 101.93077864304126, 96.83322086530401, 84.6758251838633, -0.759323566489, -0.497163075587, 0.419829248203, -0.0821788517604, 0.713284096994, 0.696040539983, 0.645503181787, -0.494018899688, 0.582469715139,  
220, 2599425.622558508, 85.29618269409332, 138.8466979141146, 94.24523188088398, 47.42352621257354, 0.280596374784, 0.291337402578, -0.914542613724, 0.618463796403, -0.783530980365, -0.0598476010103, -0.734008315346, -0.548818476973, -0.400037588654,  
221, 3307892.768061622, 92.43169938820017, 106.08271565006635, 88.18210475605163, 84.41851805098011, 0.0361184224023, -0.138532113294, 0.989699102328, -0.812017392007, -0.581335493373, -0.0517377929783, 0.582514561742, -0.801784196484, -0.133487406253,  
222, 3439854.300471238, 93.64483156687686, 109.14311709452355, 93.89475288303225, 80.13343550074278, 0.727479389538, -0.325727657513, 0.603883458068, -0.347792132525, 0.583623549883, 0.733773932881, -0.591451071815, -0.743831328429, 0.31128858716,  
223, 3255134.9345985823, 91.93766346321883, 106.72592568868596, 89.78879463292142, 81.09392385543279, -0.973712149302, -0.0418252176044, 0.223909136649, 0.185436511774, -0.716410261664, 0.672584297382, -0.13227981858, -0.696424431044, -0.705333298123,  
224, 3376906.6590470336, 93.07009325284827, 99.84890064235191, 95.83601547852409, 84.24776932235957, -0.649714118806, -0.752898266476, -0.104956010603, 0.185232750637, -0.290705592534, 0.938711396842, 0.737265482655, -0.590452757473, -0.328336944735,  
225, 1792614.584551246, 75.35859140271303, 123.73953398739152, 65.40349149340078, 52.87969076837893, -0.453581635291, 0.0492396445495, 0.889853447221, 0.297769494969, 0.94946522717, 0.0992426836638, -0.839998230946, 0.309985870322, -0.445322054482,  
226, 3147248.056767037, 90.9105157486642, 101.33048418752696, 90.0920108552365, 82.30305696712342, 0.424106635875, 0.647612852764, 0.633033296393, 0.829587842782, -0.558168389929, 0.0152335022731, -0.363204587684, -0.518696097362, 0.773974667587,  
227, 3424376.9963290994, 93.50417165994209, 104.64855740221827, 95.4733143121989, 81.82343671469663, -0.0813303223132, 0.538737801733, 0.83853858567, -0.502593787071, -0.748694438601, 0.432268577166, 0.860688598664, -0.38628774067, 0.331657832017,  
228, 3308665.7235009214, 92.43889833383713, 102.20826998794819, 91.27731476442543, 84.66723758050567, -0.201990961497, -0.883631363736, -0.422368635787, -0.976467125311, 0.148420293611, 0.156471625641, 0.0755751590155, -0.444034941719, 0.892816535394,  
229, 2107550.215985968, 79.53588306872447, 123.65185286967478, 76.99011140029532, 52.85106527391175, 0.574513479507, 0.561683351085, -0.595353739368, 0.31164780009, 0.522471671253, 0.793661767655, 0.756842064479, -0.641510066836, 0.125119637082,  
230, 3725018.2326533687, 96.16416490140293, 106.93059147304018, 95.49009299988728, 87.09224951221543, -0.547388201681, -0.213724965698, -0.80912779936, -0.83645084106, 0.108805676837, 0.537132493132, 0.0267609258124, -0.97081561778, 0.23832937109,  
231, 3434601.627861988, 93.59714192831402, 99.19865954245351, 94.23189851335394, 87.7170499776843, 0.0038726041237, 0.478055905101, 0.878320872196, -0.908707799491, -0.364947318275, 0.202641530855, 0.417414827337, -0.798921777448, 0.432999833069,  
232, 3183887.2482151957, 91.26193864240446, 116.96450626357888, 85.60043187290574, 75.91699733531108, 0.941988937869, 0.248385539923, -0.225746460635, 0.201991750859, 0.117634147735, 0.972297043023, -0.268060018498, 0.961491981685, -0.060638235785,  
233, 1766641.361377024, 74.99286201701075, 97.05441921105543, 85.00202182501597, 51.12286848834002, -0.129736736497, -0.988633131744, 0.0759796684739, -0.613818164117, 0.0198980451605, -0.789196635319, 0.778714094263, -0.149025496533, -0.609422481354,  
234, 3343386.2699111346, 92.76111959381086, 103.39999314641506, 90.91693744855527, 84.9048770349666, -0.638697749833, -0.769457708204, 0.000140158640669, 0.0923161842642, -0.0764473347004, 0.992790777123, -0.763899801336, 0.634106174314, 0.119860140228,  
235, 2840870.7314867037, 87.85927617705191, 105.90660295748417, 96.56973059654904, 66.31301977766044, -0.928200009377, -0.105389178781, -0.356844312815, -0.371761732539, 0.302439730462, 0.877680707124, -0.0154258488284, -0.947324300561, 0.319904224345,  
236, 1471992.9557253015, 70.56765851230597, 115.56848280443148, 94.41077656566274, 32.20743512213144, -0.426748419396, -0.87635502582, -0.223355446013, -0.900613947763, 0.4342979054, 0.0167286119973, -0.0823425991644, -0.208295938717, 0.974593504122,  
237, 3589281.438918255, 94.98163355848502, 107.23338531616359, 94.2046910244095, 84.82353304280379, -0.878214080096, -0.461754146053, -0.124591886266, -0.185010771891, 0.0877682677322, 0.978809350928, -0.441034061956, 0.882654994764, -0.162508819493,  
238, 3392697.2818896114, 93.21493488062566, 101.28798818657808, 93.19202876401445, 85.80642144631324, 0.649236610874, -0.745181848777, -0.152301790386, -0.572236152158, -0.610477484365, 0.547597504784, 0.50103653486, 0.268367757632, 0.822764326766,  
239, 3701849.5777784204, 95.96437799925366, 103.4376978928556, 96.34599713945178, 88.67835658126901, -0.0556479100006, 0.414340162289, 0.908419253444, 0.338409876181, -0.848149070008, 0.407580557371, 0.939351939273, 0.330099053253, -0.0930190799019,  
240, 3088923.424703106, 90.34542757766235, 106.1149399737636, 90.08349153101162, 77.14304715564778, 0.81835005473, 0.140787518602, -0.557209173049, -0.416617806344, 0.813180974358, -0.406406577676, -0.395894924647, -0.564726108434, -0.724121282032,  
241, 1357531.3679714072, 68.68898327430897, 125.68924046292214, 111.95456473049772, 23.031454013467282, 0.354892622461, 0.559193611799, 0.749235430987, 0.65745570414, 0.420489536142, -0.625252386712, -0.664682799248, 0.714486567066, -0.218416395597,  
242, 1911922.1461276098, 76.99464687272923, 124.03943653052787, 82.39705128858121, 44.65911779407974, 0.729917239377, -0.621270189037, -0.285033639899, 0.205391669584, -0.198378814248, 0.958363244351, -0.651947149488, -0.758069388824, -0.0171963950577,  
243, 3429068.171689563, 93.54685040258687, 103.9875542465251, 91.3672811131926, 86.16193518122243, 0.678658683131, 0.678361462435, 0.281510422707, -0.378193362243, -0.00579687168916, 0.925708473027, 0.629596833351, -0.734705466538, 0.252617704988,  
244, 2716501.8643419105, 86.55798397415835, 116.99012938345119, 101.69785360645014, 54.508017900918176, 0.748118304117, 0.414914800075, -0.517846224012, 0.334589664464, 0.438058377222, 0.83435880446, -0.573034693085, 0.797465088154, -0.188893286533,  
245, 3671237.545446845, 95.69912324385858, 99.4781416800236, 94.87791477306115, 92.86051372408767, -0.0284973823187, -0.999438925302, -0.0175992554423, -0.287700160074, 0.0250621593478, -0.957392555884, 0.957296462489, -0.0222198730861, -0.288252944731,  
246, 3877672.5321640903, 97.46024684109415, 118.47005427015796, 103.91739312284999, 75.19443321210584, 0.268610813631, -0.731159169009, 0.627100072057, 0.159341664692, 0.675784686415, 0.719670265816, 0.949978139061, 0.0933880462374, -0.298027193602,  
247, 3602108.069527825, 95.09464094766714, 106.98217914854898, 95.68568625382139, 84.00588531710035, 0.410110913258, 0.789784931024, -0.456123669144, 0.241540974673, 0.388204456963, 0.889356653513, 0.879469724539, -0.474907425001, -0.0315585376456,  
248, 3956323.858402716, 98.11477417046557, 112.42300913263358, 95.04480827980507, 88.39335565897078, -0.650291471068, 0.555706491441, 0.517987739263, -0.0980266197512, -0.737525850202, 0.668166447904, 0.753333780257, 0.383726355173, 0.534080799008,  
249, 3565395.1397903375, 94.77046676209306, 103.7669081638103, 95.74531354228478, 85.67273992814059, -0.374841939406, -0.851173158141, 0.367420434002, -0.894787596045, 0.228454567111, -0.383619171484, -0.242587465518, 0.472559801111, 0.847253536993,  
250, 3420400.701586822, 93.46796613043239, 100.0561545912143, 91.43787851189641, 89.25209693442905, -0.178366018709, 0.336645942442, -0.924583729473, -0.0646658979307, 0.933609840595, 0.352407416477, 0.981836995134, 0.122646544919, -0.144754758142,  
251, 3728968.121515226, 96.19814268471194, 104.07253713825995, 98.66803330781697, 86.6936818010612, 0.75102069048, -0.6531619468, 0.0966819203548, 0.188368783086, 0.352287743824, 0.916739083442, 0.632838940039, 0.670278163753, -0.387610705691,  
252, 3395418.1561280726, 93.23984704962528, 102.96427602010195, 101.63933463012026, 77.45621553820422, -0.635378141871, -0.696520870866, 0.333396600583, -0.767974469689, 0.615081672855, -0.178577013144, -0.0806835220991, -0.369504008321, -0.925719696828,  
253, 2953592.538305604, 89.00628152971346, 127.30504931260498, 116.74387702022442, 47.4441020576507, 0.0602938284108, -0.938412077377, 0.340216735757, -0.965741309335, -0.141027235487, -0.217841782712, 0.252405185564, -0.315426840781, -0.914766380239,  
254, 3207503.646816909, 91.48702735708292, 106.56822589786204, 86.67791700792199, 82.89767449211864, 0.326430428161, -0.945168920264, -0.00994423139033, -0.682580894637, -0.228437461117, -0.694189922596, -0.653855104627, -0.233392456017, 0.719723185418,  
255, 3838846.1412971313, 97.13387151151721, 101.36689632594359, 99.18181202041957, 91.15571650495012, 0.857565453398, -0.289736460058, 0.425010913804, 0.18410412667, 0.944420977153, 0.272350304675, 0.480299035687, 0.155311949401, -0.863244481414,  
256, 3734037.6007762947, 96.2417162815402, 100.79710150785272, 95.30997115446645, 92.79053860704244, -0.239268104345, -0.572870365525, 0.783945354311, -0.933363242438, -0.0867780378798, -0.34828527073, -0.267551550002, 0.815039334293, 0.513932925241,  
257, 3361988.512678485, 92.93283915164236, 98.9712863108349, 92.9179694007233, 87.27677515447894, 0.605180031173, 0.706849416515, 0.366225384485, 0.211368262402, -0.586188330887, 0.782116806098, 0.767515854897, -0.39591304993, -0.504155005308,  
258, 4050480.1843865723, 98.88702259725177, 108.7954922814701, 100.59147494280502, 88.35798938797316, -0.748009066495, -0.623313581494, 0.227953099488, -0.658523355772, 0.654270308379, -0.37185663027, -0.082640343318, 0.428264570911, 0.89986667399,  
259, 3134165.994944279, 90.7843792405273, 100.47438622011676, 97.00092999899843, 76.77187102934747, 0.171769454893, 0.974906029667, -0.141610337494, -0.22786673483, 0.179167040468, 0.957066310538, 0.958421622003, -0.132126473235, 0.252924078623,  
260, 3691133.7946186685, 95.87169214177922, 106.85269153568737, 93.20308989890651, 88.48209596534525, 0.593541503925, 0.686412502793, -0.420174200931, 0.379995865761, 0.221202229002, 0.898149606629, 0.709444589184, -0.692753527522, -0.129541209594,  
261, 3932291.583355467, 97.91570791467669, 112.05305513677082, 94.54106814774553, 88.61615402393868, 0.919847333731, 0.384315695784, -0.078627785185, -0.18007915858, 0.591768762358, 0.785736106172, 0.348500185472, -0.708598036881, 0.613544165366,  
262, 3424928.4812428034, 93.50919090598838, 115.99067902696314, 94.13336745527897, 74.88523755265066, -0.802538698228, 0.052959751247, -0.594244817053, -0.578195103897, -0.314540663766, 0.752831051875, 0.147044413957, -0.947765496093, -0.283052123713,  
263, 3507278.9855778785, 94.25272197100269, 98.18936052997537, 94.34114567098972, 90.38911332196282, -0.459981007728, -0.570133091462, 0.680709725617, -0.88561918006, 0.349840227761, -0.305434907878, 0.0640010971797, 0.743343845781, 0.665840661495,  
264, 3493594.7351733046, 94.12998114833401, 108.26022425381991, 94.06490794383369, 81.90065177735016, -0.0074266087925, -0.152339067578, 0.988300386508, 0.662346745116, -0.741185964535, -0.109271017246, 0.749160620105, 0.653786031103, 0.106405783766,  
265, 3533846.6572917034, 94.49011198781297, 103.09119166587068, 93.70974786740429, 87.32784877581952, -0.960582530206, 0.243198613362, -0.134668619659, 0.23033638701, 0.425051596682, -0.875372086017, 0.155648165686, 0.871886216554, 0.464314628136,  
266, 2579168.3967029015, 85.07403464861633, 104.3907182766097, 93.32792409043638, 63.200075579567574, -0.193367851021, 0.961164513935, -0.196905183639, 0.479805092777, 0.267696979836, 0.835538987679, 0.855801347941, 0.0670902685872, -0.512935618498,  
267, 3575820.412342985, 94.86274699890876, 100.9918419048284, 95.74551250005995, 88.28407453215219, 0.467503039046, -0.679402833393, 0.565555212566, -0.687029332922, 0.123339796515, 0.71608518369, -0.556265767586, -0.723325020011, -0.409107945705,  
268, 3647023.9688948104, 95.48826508354287, 97.58731176207183, 95.70508229410783, 93.22269471641745, -0.991047650203, 0.0383019890617, -0.127896491985, -0.0971018702561, -0.864249502881, 0.493603103276, -0.0916284989553, 0.501603184205, 0.860231633791,  
269, 2111486.2220299575, 79.58536532738107, 101.81221806520972, 80.0016406842889, 61.88720225516247, 0.672693291193, 0.266002817067, -0.690453646016, 0.656683291114, 0.215364040296, 0.722762329759, -0.340955702629, 0.939606742983, 0.0298056602858,  
270, 3387725.6803524015, 93.1693807560084, 119.2374080695512, 102.09855638803103, 66.4335558353033, -0.789442275693, -0.478240231406, 0.384794977116, -0.604865360895, 0.499373339322, -0.620293610449, -0.104493007124, 0.722435152134, 0.683497375578,  
271, 3019905.622949157, 89.667470893036, 103.35900938594897, 92.1446309715221, 75.69834560639383, -0.422591162297, -0.545600430888, -0.723696676352, -0.902488169592, 0.326674873885, 0.280710937652, -0.0832575119403, -0.771753650193, 0.63044784885,  
272, 3570994.6803866313, 94.82005392673709, 103.31774060943393, 94.72776833628419, 87.10606351992038, 0.314261886425, -0.746818158101, 0.586090526687, 0.0813534967213, 0.636283331731, 0.767153915673, 0.945844107299, 0.193406722976, -0.260715868707,  
273, 2208943.209452363, 80.79143345844258, 109.5156943353297, 72.42109533593936, 66.4897180430402, 0.76152921522, -0.64575930427, -0.0553911122495, -0.356774096113, -0.489011859048, 0.795977164279, -0.541096570595, -0.58639775124, -0.602787009342,  
274, 2596674.617478419, 85.26608206258692, 115.23321746734482, 77.88041531114781, 69.07533128649428, 0.231481250845, -0.801766062597, 0.550987850479, -0.91407851455, -0.373108757437, -0.15890350645, -0.332981830954, 0.466862973464, 0.819244813388,  
275, 3639191.845210477, 95.41986119107086, 104.55406230336988, 93.27164161183414, 89.08935391379775, 0.196453530163, 0.023727954177, 0.980225991635, -0.874020285002, 0.457340748373, 0.164097474944, 0.444403591223, 0.888974928819, -0.110584917777,  
276, 3160267.9587013694, 91.0357063389494, 104.65809170636548, 96.12645642110112, 74.99279739389965, 0.394822705738, 0.70620641052, 0.587696806844, 0.855148264034, -0.0485997548018, -0.516100290983, -0.335911413253, 0.706336017469, -0.623099472695,  
277, 1038472.351120048, 62.82060427790737, 97.66277426951567, 88.05658670744239, 28.82806049479379, -0.953645913865, -0.176799854252, -0.243518546534, -0.163395328366, -0.375332959758, 0.912374449438, 0.25270820651, -0.909871958495, -0.329046473172,  
278, 3743506.210524056, 96.32299613427078, 100.65281852629144, 96.08936491917422, 92.40355605879782, 0.34151897325, -0.794000822737, -0.502918964052, -0.276466045946, -0.59628497584, 0.753664881115, -0.898293558003, -0.11835083895, -0.423156900653,  
279, 3935450.0045842966, 97.94191623636469, 110.00378434430911, 100.2989135088702, 85.15338874341329, -0.614443821966, 0.774635640075, -0.149660999507, 0.274933963503, 0.388034761392, 0.879681953699, -0.7395066635, -0.499368249969, 0.451399208642,  
280, 3379624.4550603353, 93.09505472655451, 103.34679782051919, 93.87274016281434, 83.16552144611072, 0.742598732007, -0.636985271473, -0.206874085252, 0.082338678836, -0.219713531779, 0.972083487115, 0.664655899838, 0.738901703801, 0.110710464412,  
281, 3331907.5388886794, 92.65484003750639, 103.3365976906484, 98.91585322076557, 77.8187538383108, 0.155369407354, 0.825801674319, 0.542136460635, 0.287210036756, -0.562855544894, 0.775050985657, 0.945182914596, 0.0352878204751, -0.324629061671,  
282, 3589379.077858627, 94.98249480997524, 117.47399258508338, 96.92128173875705, 75.26097486957306, 0.304971181645, -0.289991801124, -0.907136888042, 0.374138581717, -0.839450522004, 0.39413594454, -0.875792726641, -0.459595013451, -0.147511096446,  
283, 3086821.121710536, 90.3249267383582, 106.38936814634158, 90.79639400823649, 76.28796384698644, 0.489331087661, -0.74032330412, 0.46095172418, -0.497534276893, 0.197117246077, 0.844751108088, -0.716250465944, -0.642702261296, -0.271880623363,  
284, 3568189.5902786334, 94.79521971913978, 104.79416293285874, 100.99732438579683, 80.48451863747266, -0.754835369287, -0.0797553101492, -0.651047352945, -0.653893714669, 0.0136504468218, 0.756463267593, 0.0514448752535, -0.996721001988, 0.0624553360857,  
285, 3599137.7434599805, 95.06849516847413, 105.00216341741049, 95.3745360984889, 85.79839681604258, 0.902547753958, 0.430395686573, -0.0129269023943, -0.254107334212, 0.556623877947, 0.790948368226, 0.347616188527, -0.710583852532, 0.611746331412,  
286, 3178794.5078568757, 91.21325377498297, 106.82611551850813, 87.28762016552739, 81.38488519556411, 0.234985769331, 0.651507049165, 0.721332276486, 0.920839303332, -0.386802821351, 0.0493817257105, -0.311185902077, -0.652627108143, 0.690826455823,  
287, 3493380.1056804773, 94.12805347923427, 96.71896662530747, 95.59282110195525, 90.2028598847953, -0.471188115937, -0.455777842299, 0.755147878147, -0.176559429247, 0.887555154319, 0.425526281194, 0.864180841806, -0.0671744483542, 0.498677316653,  
288, 3323298.6169399894, 92.5749712480105, 99.0201471935656, 91.74585108050083, 87.33146713143573, 0.426798821017, -0.847869468458, -0.314579291809, -0.691980021132, -0.0822225751663, -0.717219003156, -0.582242575507, -0.523790809951, 0.621801230843,  
289, 3454639.389880069, 93.77880703359847, 105.05005031719405, 92.6793434815329, 84.71004214192263, -0.961927869788, 0.271363532187, -0.0325054876028, 0.249453438994, 0.823161110521, -0.510077217586, 0.111659102179, 0.498766097008, 0.859514179857,  
290, 2454936.319541887, 83.68556268838195, 96.34640329432857, 86.22439409892104, 70.54820429882956, -0.946868151903, -0.26363876603, -0.184215373839, -0.216080164611, 0.09721562329, 0.971523795411, -0.238222722203, 0.959710228993, -0.149017485522,  
291, 3659511.4827211415, 95.59712577597165, 112.70146393610318, 97.72353973816388, 79.32421043401484, 0.268232115002, 0.881996435399, 0.387471057533, 0.547852091828, 0.191179301422, -0.814437572923, -0.792407482273, 0.430735142114, -0.431923163753,  
292, 3587625.222684051, 94.96702206141066, 101.93035004621699, 98.4235531236479, 85.37208822779311, 0.519573115417, -0.565298536585, 0.640688178657, 0.632102831062, 0.758828147663, 0.156926267011, -0.574882412932, 0.323446142115, 0.751593510118,  
293, 3554971.3386496906, 94.67801952605888, 114.12138734125035, 87.82904157057027, 84.67248546395707, -0.520957667904, -0.792540224038, 0.31699069629, -0.849084825289, 0.519226500096, -0.0972563677221, 0.087510386334, 0.319818440495, 0.943428904265,  
294, 3522310.503984339, 94.38717970380037, 101.37325084367095, 93.02587348576482, 89.16858978912659, -0.181308564993, -0.4284897168, 0.88516877874, -0.980851805934, 0.143877161223, -0.13125965593, 0.0711121582917, 0.892017895042, 0.446371074184,  
295, 3580862.7569705485, 94.9073154194472, 103.57863595708089, 92.82500905856575, 88.91271649944078, -0.199772711675, -0.777812940949, -0.595900908342, 0.00567561966506, -0.609068404964, 0.793097387094, -0.979825826875, 0.155057108729, 0.126089817279,  
296, 3700788.478272333, 95.95520803499464, 110.0016670090275, 90.03749921003651, 89.20371949571877, 0.624893818624, -0.265017592809, 0.734352361572, 0.426178018191, 0.903904792357, -0.036447539905, -0.654125379614, 0.3357406765, 0.677789189858,  
297, 3247127.224474924, 91.86221193838131, 102.60778159898355, 94.56742831317769, 79.88933728272633, -0.40530798351, -0.886744458205, -0.222282937595, 0.46669509137, -0.409781050496, 0.783757093968, -0.78607959533, 0.213924651447, 0.579926817201,  
298, 2580227.076104544, 85.08567325892434, 110.34003516467088, 85.53777973092923, 65.2646822119887, 0.669457266867, -0.677215511147, 0.305296772504, -0.618431516197, -0.280401180234, 0.734110099302, 0.411545170805, 0.680260486568, 0.606528023097,  
299, 3754764.4701892277, 96.41946042433908, 101.57485741600912, 99.49641670591483, 88.6952636021158, -0.963925309116, -0.0959732773675, -0.248268259102, -0.266119204793, 0.366219606805, 0.89166348385, -0.00534483737659, -0.925565950985, 0.378548679948,  
300, 3118464.058399343, 90.63251770905585, 104.27891947851283, 86.69695392065492, 82.34775663378312, 0.433438610668, 0.899243047093, -0.0591008717101, 0.71820318639, -0.305074181883, 0.62539101897, -0.544348375437, 0.313515048767, 0.778070151307,  
301, 3581801.2381311976, 94.91560587471737, 99.05963784891978, 95.14233016894664, 90.72821223038046, 0.08855602475, -0.588518854441, 0.80361893236, 0.910287999611, -0.279730072297, -0.305166912387, 0.40439286374, 0.758549039035, 0.510949867537,  
302, 3287079.6038018367, 92.23743219519312, 109.17541186364835, 102.66238386821139, 70.01408681938388, -0.921541221156, 0.273906981072, -0.275203094878, 0.385578865888, 0.729030790738, -0.565546677417, -0.0457243468059, 0.627287072939, 0.777444668277,  
303, 3612175.9944614177, 95.18315532913248, 98.53592095020124, 97.12218408191116, 90.10881377957371, -0.510628259831, -0.189559638204, 0.838645290827, 0.783718482604, 0.298540335223, 0.544664124273, -0.353615780596, 0.93538270874, -0.00388173984756,  
304, 3591167.7472846988, 94.99826950416836, 106.04420819526786, 94.91028991958683, 85.18180312141858, 0.0819243974436, -0.964449807496, 0.251246814753, 0.950197928949, -0.000472653588768, -0.311646710908, 0.300686363051, 0.26426567204, 0.916379487798,  
305, 3537996.320306746, 94.52708291346812, 100.22375535069409, 94.47693261989394, 89.20153161486557, -0.489147014188, 0.752129501608, 0.441629269096, 0.871234373493, 0.445176934652, 0.20680465009, 0.0410592858665, -0.485920476688, 0.873038043489,  
306, 2817682.692276808, 87.61957823673676, 93.49165931735878, 88.16893715326546, 81.60466788514672, 0.386853785525, -0.916732000566, -0.0997325812506, 0.188457611332, -0.0272731717385, 0.981702553136, 0.902678169314, 0.398570712975, -0.162214393328,  
307, 3131212.769383466, 90.75585586266072, 100.19990569187856, 90.26560971182516, 82.64837847702645, -0.94861609391, -0.110593532966, 0.296473568536, 0.167191101989, 0.620293834773, 0.766343717896, -0.268653385964, 0.776533726897, -0.56993045997,  
308, 3345974.354181536, 92.78504859428412, 96.3083311550156, 93.7654497904465, 88.4560006833593, 0.159856879526, 0.592768263991, 0.789348822304, 0.978059227117, -0.203322816037, -0.0453870105757, 0.13358864592, 0.779285324951, -0.612265021047,  
309, 2029524.305026687, 78.54198670248708, 105.4232533711425, 70.4758877314962, 65.21217387906484, -0.51948988909, -0.851160571049, 0.0752059666798, -0.176797659921, 0.193178744401, 0.965103393507, -0.835986149754, 0.488065215932, -0.250837601682,  
310, 3244600.339376243, 91.83837697318842, 106.92413669711983, 95.0413819507415, 76.22266076490189, 0.00953859043207, -0.989387281014, 0.144989046001, 0.99613657736, -0.00325664529747, -0.087757127955, 0.0872979641118, 0.145265971339, 0.985533795987,  
311, 3917179.2693696273, 97.7901125672674, 107.11238228323815, 101.69649912897142, 85.84977413057534, 0.258100126137, -0.684015035628, 0.682281287976, 0.959789290198, 0.100836734175, -0.261985632167, 0.110403094653, 0.722464797811, 0.68253627934,  
312, 3162401.09286964, 91.05618431766673, 106.51604701101716, 89.36325634811531, 79.31481500189618, 0.626555210091, -0.473869178338, -0.618770208178, -0.663979247377, 0.0911913559681, -0.742169586853, -0.408117786626, -0.875860798539, 0.257502881191,  
313, 3116329.4243840016, 90.61183322976457, 102.991799813326, 93.18349717965916, 77.51988108872793, -0.434517455631, 0.88989799491, -0.138838537188, 0.880114316326, 0.3867879634, -0.275306849837, 0.191293938615, 0.241819416145, 0.951278087115,  
314, 3297071.5978332907, 92.33079811068718, 96.28804847434867, 91.80526722955575, 89.04300029942944, 0.769073010685, 0.140118473966, 0.623613275588, 0.172494668103, -0.984973063874, 0.00858212788653, 0.615444793391, 0.100969682065, -0.781685889339,  
315, 3373476.0415083296, 93.03856577226243, 113.68131448365561, 95.12195320358381, 74.47648557847832, 0.494378509838, -0.851580396877, -0.174358012908, -0.781267749455, -0.523243969823, 0.340347545465, 0.381065076688, 0.0320402200102, 0.923992874232,  
