# Void_ID, Void_Volume, r = (a*b*c)**(1/3.0), a, b, c, vector_a, vector_b, vector_c 

3, 698886.7537860104, 55.05195336522333, 81.604426962503, 70.96534690018191, 28.81098792292841, -0.683758944209, -0.109696003579, 0.721415617389, 0.606761845013, -0.634662232835, 0.47858532536, -0.405356348971, -0.76496446781, -0.500515327775,  
5, 555766.4920968153, 51.00364918564586, 103.14241431267867, 70.87854362080176, 18.148956991685314, 0.846384254973, -0.322859612788, -0.423550898198, -0.482168384521, -0.802261005636, -0.35198143105, 0.22615778099, -0.50213439363, 0.834693781474,  
16, 2467622.540203861, 83.82946730366753, 110.23538026176797, 94.64781783632056, 56.46229272393231, 0.165854483741, -0.805774479993, 0.568524210227, 0.759388593824, -0.263444241481, -0.594916880917, 0.629143269687, 0.530400432713, 0.568202540636,  
18, 2702151.3539673537, 86.4052943433499, 131.61574624796083, 101.46695132677212, 48.30461217768259, -0.651643977651, 0.272518570752, -0.70787976026, 0.355587482881, 0.934085943428, 0.0322644124001, -0.67001318525, 0.230688272101, 0.705595672256,  
20, 663004.000276018, 54.093179986830755, 134.78891272745173, 53.50712415919392, 21.946322645635764, 0.391898838236, -0.0902972846103, 0.915566328008, -0.407679206623, -0.909175743254, 0.0848359143658, 0.82475024406, -0.406504450494, -0.393117242883,  
21, 801646.2928485734, 57.62771412368331, 101.71260245426863, 82.02451564440834, 22.93906638469217, 0.503722582024, -0.183772093839, 0.844092043491, 0.449654388555, 0.890085975554, -0.0745512372527, -0.73761405302, 0.417102833422, 0.530990334318,  
29, 3073783.313031563, 90.19757878964951, 116.02169794036462, 111.28053963872725, 56.836352525429874, 0.867141114139, -0.424016473363, -0.261297375584, 0.251392226066, -0.0802841635313, 0.964549844103, 0.429963064511, 0.902088955371, -0.0369767461153,  
54, 322551.5505625149, 42.54385517119791, 90.39039522608957, 72.78016688451982, 11.705101722389784, 0.147146551225, 0.985082538046, 0.0892204331983, -0.984919703146, 0.137626393866, 0.104843474127, 0.0910003891104, -0.103302318216, 0.990478450161,  
66, 635654.6049801965, 53.338917321196, 105.22997678442717, 70.7677923581812, 20.37780799701854, 0.251103912909, 0.642767022554, 0.723738474616, -0.698381755726, 0.638021030263, -0.324333298028, -0.670231115505, -0.424004386368, 0.609106338951,  
92, 1988661.7147833153, 78.01128551740617, 130.58259964677947, 76.31350894074636, 47.64151571778117, 0.0768549259859, -0.0676055153584, 0.994747613541, -0.890218044256, -0.453953045185, 0.0379271202271, 0.449004625848, -0.888457161072, -0.095072177352,  
100, 765832.7854403169, 56.75643584776956, 120.0080837414246, 85.88243359853793, 17.7390558865081, 0.403343461267, 0.738897295339, -0.539763688287, -0.243337046545, 0.655246811715, 0.715149423209, -0.882100410402, 0.157106341941, -0.444090602569,  
132, 1299688.7495169337, 67.69920728866457, 118.83039639709405, 95.44827761731773, 27.356158323564575, 0.917797952539, 0.346064820689, -0.194643412929, -0.349174595377, 0.93686037852, 0.019228445142, -0.189007989934, -0.0503167073705, -0.980685580959,  
134, 1226602.7387218906, 66.40566144332904, 128.74569330170104, 60.441686248613294, 37.63102417374203, -0.832270040109, -0.0686848152472, 0.550099060617, -0.549196846476, -0.033096238231, -0.835037402058, -0.0755605992457, 0.997089281443, 0.0101764764146,  
148, 830496.3086256438, 58.31089388478424, 140.8530478543977, 56.28473734773761, 25.00876262710852, 0.0328169413486, -0.956890109625, 0.288590309025, -0.913094941356, 0.0887124448499, 0.397979560027, 0.406424256696, 0.276570823174, 0.870820247432,  
150, 2088296.3161836592, 79.29293699941297, 120.88268806650993, 70.64837985600371, 58.37638498764142, 0.908433178032, -0.274013048727, 0.315699240067, -0.152091945551, 0.486800762984, 0.860170365252, -0.389380535145, -0.829422610185, 0.400550786498,  
152, 2566539.268262603, 84.93494985062706, 114.06163964643288, 105.2876002957843, 51.02023637691964, 0.345454496334, -0.888052601511, -0.303354195474, -0.745055543574, -0.456083610315, 0.48670317175, -0.570572894513, 0.0578819259432, -0.819204647629,  
165, 1299221.2539669573, 67.69108922357172, 110.91943731187901, 84.82733646968819, 32.964843547380596, 0.136301967353, 0.797339897777, 0.587937803775, -0.348389516289, -0.516987930774, 0.781887603415, 0.927386930378, -0.31140418566, 0.207318389243,  
185, 734521.8687981261, 55.97215658174589, 116.60696276485994, 55.07727848975954, 27.303552992555044, -0.923882961489, -0.361565518165, -0.125342129968, 0.0226008941224, -0.378524898403, 0.92531513598, -0.382007163619, 0.852050043931, 0.357884408128,  
186, 1960018.7838219523, 77.63493755930287, 114.94038979491688, 74.35560603409965, 54.75014085685123, -0.683426090779, 0.672081929738, -0.285016943641, 0.71457710793, 0.695756047963, -0.0728222393586, -0.149359751154, 0.253435201664, 0.955752197639,  
225, 3193754.592334433, 91.35611956098381, 113.96584873035644, 105.78235446085903, 63.24482196502914, -0.900572072832, 0.409931212826, 0.144659401307, 0.433199745564, 0.81861611949, 0.377101616748, -0.0361652053665, -0.402273600503, 0.914804912678,  
230, 2735977.4872706993, 86.76434716597791, 114.51789019570268, 97.06612624757426, 58.76014705136172, 0.42889164961, 0.280747932327, 0.858622473145, -0.449458309536, 0.890803142623, -0.066760685152, -0.783606521721, -0.357281904925, 0.508242520387,  
245, 328422.1266450614, 42.800410387524025, 107.1770029631637, 75.84246771727987, 9.6456108356391, 0.57703440626, -0.363298433403, -0.731468073315, -0.375724540655, -0.913299512673, 0.157210272249, -0.725163680517, 0.184114769745, -0.663505379044,  
261, 993575.5510147092, 61.90191657786443, 123.62907724760522, 67.16761659476369, 28.564835102651962, -0.798333403529, 0.285311729979, 0.530340450603, -0.0116596205645, -0.88780647306, 0.460069255266, 0.602102840101, 0.361105085992, 0.712092189827,  
270, 266735.26539638423, 39.93287784029938, 115.2722186995964, 49.056811919222454, 11.260763965451913, -0.746009481443, -0.4676744026, -0.474078587102, -0.639297536829, 0.702285432288, 0.313199347064, -0.186463167948, -0.536726955489, 0.822894684786,  
282, 1417551.0280881212, 69.68672111466468, 124.9387728909061, 83.82231882271482, 32.314183368710204, -0.45449588738, 0.576413633683, -0.679102945995, 0.880198130307, 0.173630413908, -0.441705479669, 0.136692134954, 0.798498467293, 0.586272511697,  
296, 1727721.2790515127, 74.43805626963221, 105.64786457295583, 88.27661875835284, 44.226101624895946, 0.884495207968, -0.135093027, -0.446562538886, 0.169258035174, -0.799036814256, 0.576967838785, 0.434764240261, 0.585909586472, 0.683878652884,  
304, 1121308.9251174429, 64.44841234915802, 124.09823842357247, 115.86067472771626, 18.618084608646896, -0.0514556421225, 0.600204009714, 0.798190117464, 0.597093995099, -0.622173295125, 0.506338969318, 0.800519255178, 0.502648522883, -0.326363883623,  
307, 133741.12934156178, 31.724305661308318, 119.74636432314449, 55.8896578561157, 4.770705296064398, -0.114612747753, 0.513761645967, -0.850242841302, 0.981552946729, 0.190410058192, -0.0172575347557, -0.153028529429, 0.836536299794, 0.526107677485,  
314, 1261722.9137806918, 67.03348425135547, 128.2290663304689, 62.41894713647785, 37.63331381936406, 0.0114289296107, 0.991724667863, 0.127873229101, -0.395127258108, -0.112994879885, 0.91165048512, 0.918555294725, -0.0609453876243, 0.390566038282,  
324, 800853.3963185261, 57.6087082820169, 112.8728831348649, 54.77824045082424, 30.921938773495057, -0.286262957204, -0.782981042881, 0.552262805032, -0.958139518812, 0.231092083166, -0.169012164027, -0.00470975837893, 0.577526740149, 0.816358182778,  
342, 2386244.221385738, 82.89762598978503, 137.0834775518207, 89.42314983876886, 46.471982923229305, 0.0229580853817, -0.848921614796, 0.528019903268, 0.744171537532, -0.338177507605, -0.576059628925, 0.667593925259, 0.406162609408, 0.623979395234,  
355, 1045925.7351715286, 62.970539369816045, 136.0603020984657, 72.54857739671574, 25.29600322888766, 0.846424856629, -0.0846123101863, 0.525743016165, 0.13443412992, 0.989268977524, -0.0572219784851, -0.515259572248, 0.119111909875, 0.848716634768,  
361, 3144946.1808332023, 90.88834656428809, 132.15135876330447, 88.39556482132043, 64.27210153597588, -0.254628299619, 0.53912133117, 0.802815432905, -0.160777979543, -0.842225841767, 0.514593113783, 0.953580028276, 0.00195492631, 0.301133372339,  
371, 2238424.88290251, 81.1492739549412, 108.71917578284906, 85.44058861372805, 57.52856389226464, 0.593664205981, -0.675481502882, -0.437364321592, -0.487997676447, -0.734358997277, 0.471778688476, -0.639860202169, -0.0666453477955, -0.765596054913,  
398, 3540736.112799063, 94.55147692499456, 102.15496879123621, 93.02848930775828, 88.94662774498104, 0.261573985238, 0.123050748387, -0.957307455088, 0.779499109299, 0.557962136884, 0.284709312118, -0.569175007225, 0.820692857972, -0.0500304309902,  
399, 3473979.501323419, 93.95348214241159, 128.66975318036538, 94.43273406106664, 68.25580775414761, 0.771035704777, -0.205757990084, 0.602633878466, -0.55953086734, -0.670724652275, 0.486881555745, -0.304021628265, 0.712595320183, 0.632280601632,  
400, 3426781.0026618685, 93.5260473704637, 106.36177041356646, 94.71136362808382, 81.21010913994591, 0.79751335134, 0.162445458282, 0.581019730747, 0.184141853286, -0.982653836654, 0.0219821558821, -0.574512168977, -0.0894589872083, 0.813592562223,  
401, 3567848.424936175, 94.79219840412176, 110.12776265333451, 102.6963928710383, 75.31227739015614, -0.491892479228, 0.480137821628, 0.726298465592, 0.142483384538, -0.778558270458, 0.611183691398, -0.858918083411, -0.404122124788, -0.314555296009,  
402, 3355147.4352888726, 92.86976215100819, 108.02267464231372, 92.62742946568072, 80.0513133768762, -0.508700246743, -0.312441733872, -0.802249476097, -0.849714243209, 0.0321922650762, 0.526259786566, 0.13859929239, -0.949391289724, 0.281862404631,  
403, 2336604.3012672435, 82.31876650462964, 115.4776803561902, 84.50323620773209, 57.164336845647334, 0.570539154684, 0.438432805271, -0.694450680923, 0.688755336046, 0.205132688, 0.695368008599, -0.447326681567, 0.875041287927, 0.184936703718,  
404, 3504154.9814535794, 94.22472939141548, 100.7926695322918, 93.92707352986164, 88.36391667175586, 0.395803204715, -0.832445355768, -0.387781578723, -0.865675829378, -0.197275035669, -0.460095553914, -0.306504782291, -0.517800434494, 0.798709915095,  
405, 3378638.157296074, 93.08599766719792, 98.64403461790701, 95.21875202722013, 85.87361806200666, 0.178823068861, 0.584334377256, 0.79156531354, 0.328765254261, -0.793776674789, 0.511695219981, 0.927327190173, 0.168736262012, -0.334054421088,  
406, 3132074.97608505, 90.76418523657992, 98.24921836587258, 89.83185262665461, 84.71963579436837, -0.0537347360026, 0.0126121278588, 0.998475594282, -0.989909577464, 0.130623185113, -0.0549236921138, 0.13111676701, 0.991351863741, -0.00546586379174,  
407, 3311343.4589415914, 92.46382884354877, 96.85722735643526, 93.20261495565401, 87.57002819293837, -0.814874387394, 0.567249019223, 0.11919850234, 0.578442671725, 0.782616541606, 0.230033528713, -0.0371995738845, -0.256397930949, 0.965855213118,  
408, 1514162.287833105, 71.23519300820561, 124.8326897165471, 93.92866274831503, 30.828851689664965, -0.186065774093, 0.970689308318, -0.152124272978, 0.977198505759, 0.166704916802, -0.131501144698, 0.102286890919, 0.173123474526, 0.979574221034,  
409, 2760356.763080602, 87.02129374021125, 94.70355357069903, 85.67356748638423, 81.22009254811124, 0.396698040393, 0.5345131341, -0.746274999061, 0.849447442495, -0.521917901885, 0.0777222370412, 0.347950725229, 0.664753648479, 0.661084623665,  
410, 3524033.6864701537, 94.40256920629957, 98.26887116795285, 96.81292147796383, 88.43051389319021, -0.332670066849, -0.516603242733, 0.788956092708, 0.939617331499, -0.110329174518, 0.323954848085, -0.0803112505807, 0.849086899468, 0.522112574242,  
411, 3325753.359518016, 92.5977590281464, 100.47157128437833, 98.34293579535468, 80.35539973866666, -0.920036354914, -0.268531324484, 0.28534896777, -0.233950814929, 0.960651658796, 0.149717756619, 0.314324866707, -0.0709881555172, 0.946657572698,  
412, 3863499.6418633573, 97.34136283901525, 116.98351484357725, 102.93230659715294, 76.59772944485992, 0.620513406637, -0.779694951429, 0.0838981221438, -0.706517216797, -0.50941481824, 0.491253463424, -0.340288898662, -0.364104827863, -0.866966631292,  
413, 3441125.0064769867, 93.65636116376875, 115.17703766191146, 91.38546665686185, 78.04926220932596, -0.690315822718, -0.716706617649, 0.0989731737575, -0.717583478127, 0.66075591808, -0.220171679926, -0.0924013897301, 0.223009508633, 0.970427092694,  
414, 2989394.0984607157, 89.36446392922964, 98.56737965781083, 90.72717787466489, 79.80386956547835, 0.0457741036937, 0.997955247587, 0.0446100352365, -0.70277191201, 0.000433387634274, 0.711415105171, 0.709941103981, -0.0639150685514, 0.701354755378,  
415, 3372800.4470675876, 93.03235451978266, 108.65829363391397, 93.95759730686935, 78.86916709228773, 0.235113260628, 0.947385015239, 0.217217374021, -0.877860537601, 0.111045430486, 0.465864560673, 0.417232107105, -0.300217496606, 0.857780172033,  
416, 3592393.0814395063, 95.00907298979247, 104.48407638338941, 93.81865002649224, 87.48950401699047, 0.282725657824, -0.764567073593, -0.579226546686, -0.713648631794, 0.23582069804, -0.65961672865, -0.640914840479, -0.599854806061, 0.478959684002,  
417, 3086886.9794080625, 90.32556909815874, 105.83878476533167, 93.36978182444693, 74.5728825904419, -0.211729433279, 0.531090352385, 0.820435058177, 0.235164056241, -0.787118595807, 0.570212401468, -0.948613996173, -0.313667584775, -0.0417628127163,  
418, 2621272.1555042905, 85.53446992457891, 115.71181160414527, 92.25247529193894, 58.6229655241044, -0.766313811453, -0.0846865725345, -0.636860523827, -0.453808150267, 0.773032936995, 0.443258661587, -0.454776104394, -0.628687730716, 0.630817273162,  
419, 3504359.924334104, 94.22656628800503, 105.9024098504817, 93.41828149712578, 84.56338892167363, -0.951641478387, 0.299438986865, -0.0686643266823, 0.302079713157, 0.871394708294, -0.386547680444, 0.0559137148876, 0.388596906193, 0.91970979172,  
420, 2459672.9412003276, 83.73934985253481, 103.08710692830482, 85.79788464601596, 66.39078781696156, 0.792323171305, -0.344559499726, -0.503490559357, -0.414150598406, -0.909741199785, -0.0291587251758, -0.447999189791, 0.231624050052, -0.863508555478,  
421, 2562373.35785894, 84.88897055464541, 116.52283849907474, 79.50860002776184, 66.02807543220491, 0.301861117679, -0.844283275236, -0.442792972834, -0.868948861659, -0.052593393154, -0.492099391198, -0.392183300836, -0.533310121931, 0.749514891374,  
422, 3079852.6553283418, 90.25690633521387, 116.2369579887401, 81.809385953961, 77.32037681341914, -0.0386245697416, -0.615082549629, -0.787516094918, -0.963604815635, 0.231556426264, -0.133594089471, -0.264525805732, -0.753694287227, 0.60164027417,  
423, 3556950.412771723, 94.69558554280684, 121.07884249172612, 92.06751249123914, 76.1753628466665, -0.977410462642, -0.0240628070602, -0.209975638668, 0.0062210648641, -0.996342678603, 0.0852206849692, -0.211258339172, 0.0819893170544, 0.973985454727,  
424, 3528278.8648758205, 94.44046091126627, 99.61296879834376, 94.38535417268187, 89.58881668827111, -0.210101771709, -0.264744055328, 0.941152395042, -0.977593258986, 0.0441007206025, -0.205831354337, -0.0129871286425, 0.963309769291, 0.268077643377,  
425, 3414297.8008724675, 93.41234249962821, 97.9279260429561, 92.61369040002087, 89.87337316317422, 0.332539512572, 0.840218399615, 0.428311234416, 0.777515439033, -0.501286212857, 0.379712884777, -0.533748268985, -0.206749059848, 0.819980250742,  
426, 3017867.71384284, 89.64729639110752, 118.42044278958791, 92.94791742644644, 65.45536446598321, 0.838503604584, -0.338332386777, -0.427133352898, 0.317491175823, -0.333713898136, 0.887600353462, -0.44284428231, -0.879867166252, -0.17240275919,  
427, 3468165.9288109075, 93.90104368777548, 99.20223362383301, 95.14758028385089, 87.71867423471235, 0.36279957374, 0.598970415843, 0.713870373554, -0.638380953398, 0.717821997578, -0.2778512878, -0.678856558952, -0.354916920895, 0.642796819866,  
428, 3527885.7976139635, 94.43695374026413, 105.09498142091431, 92.57672906592539, 86.56495324172657, -0.874795189161, -0.289149882185, -0.38874891981, -0.427920030623, 0.0848580902116, 0.899824178336, 0.227195564246, -0.953515311968, 0.197966475518,  
429, 2951440.2609673343, 88.98465670611617, 125.85488065067291, 100.9804369102288, 55.44189683469278, -0.61580733471, -0.656939481973, -0.434984877371, -0.773529979658, 0.609039254097, 0.175278514197, -0.14977548894, -0.444411638004, 0.883213223927,  
430, 3827834.1398229934, 97.04090410172259, 101.74733654820228, 99.69870664116475, 90.08488497640172, 0.138955093453, -0.963248257043, -0.229878831796, 0.292279372158, 0.261681447234, -0.919834544244, 0.946184046903, 0.0606268544264, 0.317899565756,  
431, 3683838.7385554654, 95.80849108885016, 107.97860655360641, 93.45813815632582, 87.14794640823366, -0.99692610197, 0.0347633035166, -0.0702129613344, 0.0175936528502, 0.972616481772, 0.231749094419, 0.0763466475369, 0.229801418867, -0.970238371379,  
432, 3116009.738081008, 90.60873467495688, 96.80996759290367, 90.71455550736152, 84.70579937738938, 0.145161974876, 0.980536617782, -0.132196604493, -0.86254178001, 0.190871148456, 0.468604185239, 0.484716080594, 0.0460015855867, 0.873461032524,  
433, 3875147.354677821, 97.43908656515757, 114.22619201542011, 92.84863511179468, 87.22849699436523, -0.900951540259, 0.224346656883, -0.371422804429, 0.40522155836, 0.741127429745, -0.535280880958, -0.155183152259, 0.632770661792, 0.758630001272,  
434, 3435549.4109688224, 93.60575055710281, 103.05366678470955, 90.5116680891508, 87.93050588795991, 0.247258930019, -0.668804129623, -0.701116294009, -0.868894175193, 0.167186303761, -0.465909489226, -0.428819232126, -0.724396145789, 0.539781705993,  
435, 3249787.594956765, 91.88729265212203, 113.65283423427182, 90.38760005144802, 75.52265366535346, -0.869453895085, 0.14887266397, -0.471048675026, 0.132412785332, 0.988851361335, 0.068116367092, 0.475937788584, -0.00314882639979, -0.879473311869,  
436, 2833494.4999870467, 87.78316898664295, 102.49685078513512, 82.99840652571498, 79.51581017674168, 0.293126587836, -0.58551613601, -0.755809273544, -0.806739084789, -0.575717361894, 0.133122380863, 0.513077823119, -0.570719172347, 0.641116817544,  
437, 3779150.024061639, 96.62774425104644, 105.90672545243214, 95.86951175370424, 88.8590094558862, 0.523569973519, -0.239751865321, 0.817553378015, -0.589619894678, -0.794637454428, 0.144567270919, 0.614998262298, -0.557736818846, -0.557410780551,  
438, 2592854.686672802, 85.2242503061752, 125.12794979915876, 106.54518904270505, 46.43028992868512, 0.0957630230197, -0.765022559128, 0.636843722939, 0.920816902652, -0.174906168125, -0.34857433087, 0.378055121923, 0.619796996101, 0.687696159951,  
439, 3437965.5762922997, 93.6276892091588, 100.5665320226419, 98.1519571207764, 83.14965983036186, 0.37144934717, 0.548039421033, 0.749451916723, -0.895680545488, 0.424089567715, 0.133807320389, -0.244503052991, -0.720972143393, 0.64839604065,  
440, 3732991.724492828, 96.2327299117784, 105.10473984875256, 94.51139909859945, 89.71435186870394, 0.317785288188, -0.236820908514, -0.918111304746, -0.829873468618, 0.398881707683, -0.390132553576, -0.458609350859, -0.885894599017, 0.0697726503609,  
441, 3442308.2910443493, 93.66709500094684, 105.24992921888303, 91.47220815628276, 85.35916890993914, 0.852557699599, -0.428461103755, -0.299276546731, -0.336071829197, -0.887984182764, 0.313910523527, 0.40025128916, 0.167048417323, 0.901051459016,  
442, 2839554.602790446, 87.84570616193263, 111.183179373929, 87.73577283926342, 69.49376160526855, 0.499740205661, -0.865768797996, -0.0265351703104, -0.791559018002, -0.468914912214, 0.39185855372, 0.351701646095, 0.174823320873, 0.919642734225,  
443, 3332832.8845626963, 92.66341668802146, 108.18129222884846, 89.92573516143992, 81.78784526861979, -0.782238445034, -0.0330069114764, -0.622104138313, -0.622695217651, 0.0715714205319, 0.7791843156, -0.018806409169, -0.996889199238, 0.0765391626315,  
444, 3613810.3948137914, 95.19750899716772, 101.52363012181218, 94.13485409942389, 90.27326732138407, 0.487974036815, 0.50551134779, -0.711575446913, -0.293625904841, 0.862781928039, 0.411571588738, 0.821988544568, 0.00810073486751, 0.569446407219,  
445, 2386605.1295562657, 82.90180507059819, 105.74164904469929, 85.60243843158726, 62.94478369966174, 0.366325115333, 0.882123818907, 0.29608018845, 0.306253111072, -0.414772998383, 0.856838603105, 0.878643808283, -0.223206021264, -0.422094930361,  
446, 3476206.5070858337, 93.97355424816438, 99.82255786404484, 95.21217849881042, 87.31638812845706, 0.304331806733, 0.605988347202, 0.734955967706, -0.843820948155, 0.529497171397, -0.0871719733516, -0.441982306055, -0.593642037375, 0.672488492538,  
447, 3545231.9536870755, 94.59147883334948, 107.9663339888629, 91.3810859462703, 85.7850039955383, -0.751769021113, -0.323809890581, 0.574447990385, -0.171371436653, 0.937137151936, 0.303983205392, -0.636769322121, 0.130081179358, -0.760002445511,  
448, 3465423.0969205936, 93.87628298246885, 105.28762243607532, 93.90166124797989, 83.67911184053298, 0.803404819079, 0.30065583936, -0.513952101796, 0.456133435236, -0.865580910009, 0.206668762727, 0.382730957646, 0.400469417667, 0.832551055235,  
449, 2491637.9240966463, 84.10053806760298, 110.64557907612286, 86.69392887162266, 62.01169066390659, -0.52261947966, 0.255222543301, 0.813468089645, -0.0716791073422, -0.963916163943, 0.256374207868, 0.84954751783, 0.0756774885972, 0.522055488113,  
450, 4366313.193040972, 101.39318331993633, 119.76023481113437, 98.0597117795596, 88.76117109997648, -0.756518766779, -0.471068137726, -0.45362337366, -0.171810516786, -0.526113147167, 0.832878204001, -0.630999605256, 0.708025258023, 0.317080009096,  
451, 2450465.237260741, 83.63472736874267, 121.86904941372396, 88.93670963575335, 53.97410567812072, 0.137028575694, -0.845247672437, 0.516507058696, 0.500614149965, -0.390843890481, -0.772416031766, 0.854756481285, 0.364413810816, 0.369586163415,  
452, 2994805.243509074, 89.41835139325245, 110.33332331170102, 89.33311421785585, 72.53720241242951, 0.450984872264, -0.877104385576, -0.165228755951, -0.723531381536, -0.467667538193, 0.507729665918, 0.522604042198, 0.109430208466, 0.845523532821,  
453, 3212857.22262915, 91.53789874573772, 101.21836965374301, 87.75611531505389, 86.35074503092868, 0.713017313346, 0.673085579758, -0.196372383983, 0.592828796465, -0.728284518948, -0.343737803483, 0.374379925946, -0.12867580108, 0.918303985217,  
454, 3740397.1276638326, 96.29632246655257, 102.16424114868212, 97.87561698872892, 89.30086779231088, 0.841311410265, -0.136023669641, 0.523156451032, -0.377638962983, -0.84037258563, 0.388796516136, -0.386760810574, 0.524663204941, 0.758382882708,  
455, 2932655.790061562, 88.79547353962545, 106.61279946317737, 93.42118465456227, 70.29392042650178, -0.808895997054, 0.376409018042, -0.45166748509, 0.372023398377, 0.922539740579, 0.102562264559, -0.455286565814, 0.0850686674887, 0.886271665349,  
456, 3366053.057476042, 92.97027508846807, 95.42182870466738, 92.68832167485238, 90.857251361638, -0.660282689317, 0.0159638094364, -0.750847472511, 0.743397021555, -0.128166300818, -0.65645583833, 0.106712878937, 0.991624201058, -0.0727585413961,  
457, 3444578.5510237375, 93.68768214847125, 108.46143103926124, 99.6141004629843, 76.11168486321671, -0.83583824951, -0.45530348656, -0.306713475058, 0.225193236497, -0.793893959271, 0.564818898117, 0.500661988663, -0.403027438967, -0.76609820294,  
458, 3993734.277970113, 98.42305749192357, 114.791833176716, 94.59613871405405, 87.80235320073872, -0.640867240113, -0.606462345499, -0.470630007587, 0.177335005646, -0.713454793797, 0.677889779375, -0.746887860608, 0.350978176956, 0.564776808109,  
459, 2906522.5213831156, 88.53093026484902, 106.43499987765756, 93.11834950634346, 70.01084985248944, -0.589744219083, 0.2004329381, 0.78232243569, -0.206666799918, -0.973911898338, 0.0937253865685, -0.780698783059, 0.106406069378, -0.615781745856,  
460, 3674495.2888361816, 95.72742169556882, 104.67284221033098, 94.02200246797136, 89.1344465557247, -0.328025868696, 0.897013136533, 0.296254050357, 0.0356743288697, -0.301619974887, 0.952760585357, 0.943994900265, 0.323098783092, 0.0669388126452,  
461, 2364655.289152787, 82.64686991278126, 97.25315933119263, 84.63367301618011, 68.58550215751359, 0.591391801755, -0.626578794102, -0.507597036634, 0.00347800826453, -0.627484992552, 0.778620888225, 0.806376859958, 0.46223543666, 0.368910234095,  
462, 3634072.6108976263, 95.37509796950714, 106.558430516318, 92.21573405904381, 88.29012837906264, -0.628890439237, -0.482735181553, -0.609478104551, -0.0492203245575, -0.757609190535, 0.650849962793, -0.77593438839, 0.439312029095, 0.452692794294,  
463, 4019733.2218082515, 98.63617155305239, 105.34792264866222, 99.73885645203463, 91.33101015240483, -0.948497530396, -0.186392508087, -0.256145013151, 0.220026762182, -0.969342369516, -0.109378218056, 0.227904933594, 0.160103727598, -0.960430183643,  
464, 3035316.407869151, 89.81973858724864, 102.23616004861269, 94.19052757492534, 75.24949706120378, -0.777998262514, 0.423049397936, -0.464486717174, 0.334898175423, 0.904772767889, 0.263114899969, -0.531565532765, -0.0491471809275, 0.84559011287,  
465, 2449628.121208327, 83.62520265405422, 116.72071685923402, 79.69603822848316, 62.86759848332669, -0.945096470306, 0.288422466187, -0.153639652479, 0.303661418479, 0.948822980872, -0.0867449934928, -0.120757628093, 0.128636821973, 0.984312025371,  
466, 3513666.83722627, 94.30990849238508, 101.31946864678814, 93.30139151452812, 88.73418114459191, -0.951682476414, -0.231709395204, -0.201522257482, -0.17115265649, -0.144640186358, 0.974569640747, -0.254965158919, 0.961971918854, 0.0979938522193,  
467, 3114689.6366492724, 90.59593736624433, 103.89696354283988, 92.58384404510849, 77.30153266483147, -0.807134485166, 0.289446218545, 0.514543301798, -0.278005452394, -0.955228074885, 0.10125360927, -0.520813681939, 0.0613205636036, -0.851465147369,  
468, 3167180.457654495, 91.10203256778033, 103.81897840530317, 92.77099511334441, 78.50462322598655, -0.38755691178, 0.244967376726, 0.88870165099, 0.388314126527, -0.830960624298, 0.398392494917, -0.836069243108, -0.499495170353, -0.226920240443,  
469, 3062513.8862424893, 90.08721319354456, 102.3202424900095, 95.3558791723857, 74.93425983451915, 0.906858888783, -0.229473938184, -0.353480788062, -0.160527647432, -0.963613872307, 0.213726880638, 0.389663739966, 0.137076682159, 0.9106987169,  
470, 3560720.328102088, 94.72902882516755, 125.26314136016916, 88.21125036578069, 76.93110629186347, 0.221012409638, -0.929864231872, 0.294119066146, 0.571924806675, 0.367851165166, 0.733203611418, -0.789971854116, 0.00616689313048, 0.613112093449,  
471, 1337341.659872369, 68.34675841387586, 125.76555870961238, 62.16744396426753, 40.83466793387093, 0.35204428178, 0.566633232509, -0.744977585893, 0.654124333559, 0.420349326768, 0.628830501592, 0.669467086504, -0.708684149183, -0.222667008748,  
472, 3763695.824744686, 96.49584999034607, 111.23280245420395, 97.1552568603499, 83.14319788002828, -0.990094519103, -0.100604094229, -0.0979370178586, -0.0950001542315, -0.0335912800803, 0.99491034601, -0.103381883997, 0.994359312385, 0.023701137829,  
473, 3422257.1374347084, 93.48487310665703, 115.60270874834505, 90.43749150256741, 78.14613631329753, -0.963374173025, 0.120963502784, -0.239328296993, -0.0987077832832, 0.669859492612, 0.73589743421, 0.249333062924, 0.732568147787, -0.63338529552,  
474, 1251777.7161568662, 66.85689488414064, 110.6008898228239, 81.54926628525581, 33.13293647116122, -0.269385373678, 0.812357107818, -0.517211223607, -0.334427267992, 0.424730490338, 0.841286165939, -0.903100173221, -0.399599724667, -0.157258186349,  
475, 2542797.2075563497, 84.67223798759912, 106.53645890717948, 84.1216090993117, 67.73564765414308, -0.119918968227, 0.83987852836, -0.529361406469, -0.0624277076666, 0.525774700887, 0.848329974257, 0.99081896549, 0.134777674362, -0.0106186684063,  
476, 3199996.1185342874, 91.41559298569406, 97.16242042329334, 92.94736382615287, 84.59124957968704, -0.957946077216, -0.105786773331, -0.266736708636, -0.247969332328, -0.162586803446, 0.955027089443, 0.144397103055, -0.981006977515, -0.129517515016,  
477, 990998.4929300426, 61.84835146665887, 120.85122018161603, 68.91621171290043, 28.40612204167658, -0.124088526736, -0.115710183726, 0.985501492092, -0.624727108179, -0.762514228389, -0.168190641269, 0.77092027982, -0.636540026147, 0.0223319787495,  
478, 3673095.922171107, 95.71526811971948, 108.56199219274376, 92.64062584979371, 87.18953791594569, -0.474529135767, -0.511309535528, -0.716508658836, -0.863682300651, 0.113319683708, 0.491132907498, 0.169926404222, -0.851892721041, 0.495382487565,  
479, 3791072.7434675377, 96.72925350180817, 106.54129052052271, 95.46941454132242, 88.97977355174585, -0.803649447216, 0.359408694142, -0.474313141884, 0.583374214248, 0.318334053798, -0.747220152528, 0.117567394031, 0.877205118982, 0.465498750904,  
480, 3834179.428407278, 97.09449512240555, 115.52987659712213, 91.05949685562277, 87.00901810300904, 0.428565961136, 0.726204002112, 0.537549034295, 0.466146615652, -0.687376679817, 0.556974535109, 0.773975806903, 0.0118763361163, -0.633103785306,  
481, 3606060.5178046124, 95.12940940874964, 102.84580469276466, 95.03973472883091, 88.0749906133037, 0.748315998476, 0.553271468356, 0.365942411766, 0.591426758446, -0.306656833272, -0.745772067056, 0.300395665447, -0.774501303363, 0.55669576545,  
482, 3300391.9825100894, 92.3617822635286, 102.23971344351804, 90.66295400542529, 85.00166355189293, -0.0285456108939, 0.0590562736489, 0.997846433396, -0.994190410996, 0.101964962355, -0.0344756890387, 0.103781379743, 0.993033485334, -0.0558025288308,  
483, 3452694.5709984354, 93.76120586896255, 100.84302924177297, 97.30645069596856, 84.00053223944606, 0.417853782495, 0.896837368796, -0.14519280418, 0.833612787635, -0.442019321026, -0.331222946263, -0.361231140333, 0.0173681827077, -0.932314544284,  
484, 2870805.3273016624, 88.16679315741165, 107.57190365882516, 85.68980182277775, 74.35105606307646, 0.597241370722, 0.750043356364, -0.284143816884, 0.496522984732, -0.0675267561848, 0.865393010621, 0.629894968016, -0.657932443929, -0.412743538404,  
485, 4205156.070812287, 100.13006617834729, 115.02977839383406, 102.92998960234915, 84.78934836550546, -0.514592198334, 0.853715970009, 0.0797741309283, -0.216275540642, -0.21926521347, 0.951392482986, -0.829710648319, -0.472325956002, -0.297470051187,  
486, 3078353.442109259, 90.24225884778295, 101.69262987700323, 97.78019953706077, 73.90766382965937, 0.600701367832, 0.307415669687, 0.738006417801, 0.773658958426, 0.00915918033222, -0.633536049064, -0.201518442661, 0.951531247751, -0.23233295466,  
487, 2979665.887429356, 89.26742072965035, 97.0318494413346, 87.88888733231572, 83.41241285615816, -0.345743838509, 0.0642838355814, 0.936124343566, 0.124552249537, -0.985678301971, 0.113688267463, 0.930025771293, 0.155903410823, 0.332785503328,  
488, 3348390.251396228, 92.80737444902006, 104.3661979988869, 97.0507221086258, 78.92031786281579, 0.559219370164, 0.682541626007, -0.470542904314, 0.335313633692, 0.332866911408, 0.881342377485, -0.758181022642, 0.650643180289, 0.0427198882164,  
489, 3371645.2936360193, 93.02173239568783, 99.89537110904031, 94.40487967836735, 85.35195288870389, -0.517492014434, 0.783517606835, -0.343950831918, -0.387740209036, 0.143607894355, 0.910513208567, -0.762797184902, -0.604546881936, -0.229485342119,  
490, 1819280.995948369, 75.73042449681236, 106.24491438014071, 68.34906386797, 59.809538600131475, -0.715464263001, -0.553162961863, 0.426757104207, -0.683510057795, 0.680673032168, -0.263625158459, 0.144654378645, 0.480307152666, 0.865089677338,  
491, 3455434.7851344147, 93.78600368383859, 101.62479744052483, 94.67024484387119, 85.74343901512366, -0.816008281692, -0.332389595363, -0.47291398912, -0.11946469184, -0.703493855384, 0.700588740161, 0.565560493329, -0.628182738009, -0.534347991532,  
492, 2661986.9281395753, 85.9750498691787, 101.2273327344649, 94.70625313394596, 66.28890736024358, 0.33178685855, -0.215291443106, 0.918459076398, 0.508832749248, 0.86067854827, 0.0179351565357, -0.794359310253, 0.461391407671, 0.395109168637,  
493, 3475854.757641899, 93.97038448438389, 100.79166136724866, 95.97137312879906, 85.7840801935029, -0.972062465854, -0.229519071683, -0.0491483286773, -0.158266896695, 0.486275701137, 0.859352972819, 0.173338258582, -0.843123323255, 0.50901562834,  
494, 2325006.4618462077, 82.18234292004082, 116.77566661349172, 86.2563197580864, 55.105160970647624, 0.653387942926, 0.573652028133, -0.493971200232, 0.411545384697, 0.278506625494, 0.867792864623, 0.635385388858, -0.77029696233, -0.0541109734773,  
495, 3046857.2331658364, 89.93343161155775, 100.05737801149233, 88.58698572293879, 82.062445120552, -0.295959385062, 0.296079684963, 0.908154646823, -0.16649469364, -0.952183724386, 0.256175080765, 0.940578311138, -0.0753855103289, 0.331103405976,  
496, 3046007.476095685, 89.9250701351062, 100.98411413607838, 95.23751424727551, 75.61034923395071, -0.839239081854, 0.0566963586164, 0.540798748528, 0.390973679801, -0.628288738289, 0.672601548498, -0.37791182198, -0.775911582758, -0.505117679901,  
497, 3887537.023128229, 97.5428205695745, 114.58233791767405, 104.30736708991525, 77.6521109429544, 0.845850592429, 0.259101927531, 0.466264910151, -0.360684340544, -0.366176806073, 0.857800299126, -0.392993106523, 0.893745342838, 0.216276860485,  
498, 3444608.2909761085, 93.68795177595929, 95.98213624621891, 94.15243375154964, 90.99746019215496, -0.962712726061, 0.00633975824243, 0.270451501284, 0.116407055225, 0.9121464113, 0.392986414327, 0.244199927467, -0.409815485088, 0.878872950777,  
499, 3498023.9985851394, 94.16974443329538, 113.46666458576826, 92.71182176704737, 79.38359665073592, -0.184691329373, -0.940170215228, 0.286302426207, 0.105587954604, 0.270645974099, 0.956870911119, -0.977108129481, 0.206955848194, 0.0492846852597,  
500, 3152419.5857932307, 90.96028294039613, 112.10826295028184, 84.01222269183157, 79.90524904013803, -0.972938844677, 0.0247037341505, -0.229738394784, 0.165580628919, 0.768023413288, -0.618646176718, -0.161161595443, 0.639945124335, 0.751330272247,  
501, 3708989.285053809, 96.02603344473191, 101.844509806711, 96.55463308677615, 90.04430064521738, 0.147861124943, 0.513907286712, 0.845006738668, 0.725151362635, -0.637325667704, 0.260713433784, 0.672527017301, 0.574208406374, -0.466896259409,  
502, 3032133.9813774517, 89.78833662505134, 105.36665459306414, 90.05393570454214, 76.28758889800247, 0.396048714019, 0.651714862435, 0.646848633148, 0.607505323342, -0.714209761573, 0.347622925862, 0.688536635362, 0.255288375283, -0.678782105841,  
503, 3011481.1166656925, 89.5840126885967, 108.48889063496706, 86.75458294921935, 76.38601262926701, -0.136116338855, -0.978746960963, -0.153384251807, -0.56871085104, 0.20396952088, -0.79684653633, 0.811196838139, -0.021232544773, -0.584387601542,  
504, 3638546.2204927057, 95.4142180824682, 107.65888938641909, 92.15560865775996, 87.552312137082, -0.824616166401, -0.118129859585, 0.553221035739, -0.563677998092, 0.254048326841, -0.785955827065, 0.0477000270115, 0.959950407002, 0.276079560126,  
505, 1825684.1505561965, 75.81916758187559, 108.91477804068403, 73.98262854203875, 54.09043422453231, 0.47769884023, -0.151074913331, 0.865436415114, -0.610135077095, -0.765825401489, 0.20309269345, 0.632090979007, -0.625050257976, -0.458010010002,  
506, 3248584.6873511225, 91.87595390453204, 101.34645613611646, 91.45362679015807, 83.67506984969184, -0.989318836312, 0.145753367254, 0.00204842664382, 0.0623715581415, 0.410569704122, 0.909693523552, 0.131749872306, 0.900104701683, -0.415275206527,  
507, 3429727.828965874, 93.55284862142797, 98.63238508662354, 96.41291271686798, 86.1026086350308, -0.122613314781, -0.986133714125, -0.111831448635, 0.100056614689, -0.124390385544, 0.987175620567, 0.987397918215, -0.109851398942, -0.113921118565,  
508, 3789815.7616590774, 96.7185616861811, 113.54603125081078, 109.64878202597671, 72.66975858304299, 0.42913125312, -0.104141326057, -0.897218452665, 0.345796657583, 0.936596026883, 0.0566793968884, -0.83442857046, 0.334578042666, -0.43793434915,  
509, 2318210.0181187443, 82.10218646865903, 106.63535518430488, 83.20072381074678, 62.37863178023829, 0.132485507049, 0.325111879926, 0.936349216881, -0.288455020747, -0.891141531951, 0.350229169315, 0.948283339213, -0.316494921861, -0.0242831836436,  
510, 3148335.029296054, 90.92098053751786, 112.46929963268578, 92.09355477300362, 72.56531829979876, -0.25170050105, -0.523375110497, 0.814079450351, -0.967712563086, 0.124466435636, -0.219181435448, -0.0133885404865, 0.842962988578, 0.537804933848,  
511, 3684099.697910373, 95.81075336048688, 107.84684654468951, 99.55354379266996, 81.91785844868258, -0.964850545249, 0.176510913725, -0.194698029444, 0.251361993612, 0.836028875723, -0.487722120806, -0.0766848974746, 0.519518639023, 0.851011051754,  
512, 3766469.8231550595, 96.51955130330214, 104.54448541558644, 94.93260292457249, 90.60024348363413, 0.791732816883, 0.172863142348, -0.58589886558, 0.180390224728, 0.850192076573, 0.494603679479, 0.583625319441, -0.497284392425, 0.641942146582,  
513, 2340017.9116190085, 82.35883425907754, 116.61857135768935, 90.1069824637388, 53.162379279475466, -0.54885266282, -0.59180077393, -0.590366495062, -0.833515911798, 0.333936286536, 0.440156541828, 0.0633401870483, -0.733660957466, 0.676557181763,  
514, 3562557.727860627, 94.74532001989303, 100.28313889357113, 92.40437036302859, 91.78101789623592, -0.84309473315, -0.499924107732, 0.198159424311, -0.536589323043, 0.80640845284, -0.248550408539, 0.0355410935588, 0.315881771707, 0.948132657897,  
515, 3689538.9570425358, 95.85788231060206, 110.91356249838628, 96.46571312583045, 82.32388493334165, 0.82560451278, 0.116439589903, 0.552104166241, 0.439003631946, 0.482147404145, -0.758162048519, 0.354475668581, -0.868317742868, -0.346945669818,  
516, 3609745.4010180463, 95.16180130648533, 105.25217404129117, 95.57696186350931, 85.66504866236924, -0.0785227768305, 0.810731843914, 0.580127615946, -0.812571157204, -0.389180486761, 0.433897065218, 0.57754851571, -0.437324165795, 0.6893368451,  
517, 3385784.0031883656, 93.15157732395245, 102.37653750907734, 97.13626025077481, 81.28095978232771, 0.458019404669, 0.0254695332544, -0.888577249215, 0.119533280142, -0.992275880378, 0.0331718579356, 0.88086890051, 0.121407907881, 0.457526064852,  
518, 886655.3776282811, 59.59668195167408, 124.36519339762319, 74.06537446115189, 22.980113569893636, 0.287685371876, -0.49529581109, -0.819706768501, -0.337262382364, -0.853456905599, 0.397322785311, -0.896376713358, 0.162152304337, -0.41257171249,  
519, 3330427.850832727, 92.64112211378644, 105.61898338653329, 90.07505386028127, 83.5727911596824, -0.894769772812, 0.428242468642, 0.126473086909, 0.421473377511, 0.716438600883, 0.555945971489, -0.147469473828, -0.550748689709, 0.821540403798,  
520, 3867351.000302675, 97.37369725169502, 110.33041239263832, 96.41279517288659, 86.79507156862113, 0.712621094971, 0.308507062493, 0.630075049018, -0.374207548569, -0.592529987966, 0.713356098983, 0.59341375582, -0.744131443868, -0.306803697256,  
521, 3678912.0268106004, 95.76576107876471, 113.61078930195539, 98.09516952201103, 78.80678208310395, -0.364722551156, -0.454189124686, -0.812828210445, -0.930972740243, 0.193206379221, 0.309775809181, -0.0163467918479, -0.869703129835, 0.493304417526,  
