# Void_ID, Void_Volume, r = (a*b*c)**(1/3.0), a, b, c, vector_a, vector_b, vector_c 

2, 1084417.3270719317, 63.73372170033513, 122.7442502350943, 55.80258994710455, 37.796564385297444, 0.00742934079068, -0.595818253818, 0.803084935304, 0.146851759879, -0.793749659069, -0.590250827487, 0.989130610949, 0.122319610631, 0.0815999224215,  
23, 1439281.3895162977, 70.0410046465016, 127.7775496011707, 86.30394016130049, 31.158168491844066, 0.42977985138, 0.0634576063902, 0.900701066691, -0.796288611655, 0.496925839067, 0.344948050315, 0.425692055712, 0.86546972371, -0.264099282552,  
25, 2661664.210186292, 85.97157542018334, 144.57376049894077, 101.70749957936954, 43.21377441571625, 0.773171366738, 0.330232806199, 0.541435436009, 0.256449633646, -0.94361946687, 0.209322447785, 0.580034156804, -0.0229912038357, -0.814267635048,  
35, 273356.22652671626, 40.26058865535138, 130.46597021142372, 85.16396365905673, 5.873368466553111, -0.280854366106, -0.418926675859, -0.863493639405, -0.958786789508, 0.0821618156668, 0.27198773559, 0.0429967127147, -0.904295237353, 0.424736867243,  
66, 747882.3808468331, 56.309486147962396, 112.0159544853679, 89.44604111315408, 17.81983528340231, 0.554840428273, 0.765661221397, 0.325445837586, 0.585752666396, -0.081724203678, -0.806359081516, -0.590801077322, 0.638031385264, -0.493831994158,  
69, 2343223.52639585, 82.39642517230173, 118.00163678055688, 82.16441924324666, 57.697007472442294, -0.763066217323, 0.028934588694, -0.645672314381, -0.139217517818, -0.982905104405, 0.120482523492, -0.631148501316, 0.181825040387, 0.754049881623,  
88, 456663.33281452465, 47.77153293517931, 131.4490791892556, 85.02862098010715, 9.754047109620409, 0.937529958705, 0.122619923225, -0.325579377356, 0.242710839076, 0.439953614184, 0.864599482975, 0.249256945994, -0.889609561434, 0.382708509285,  
119, 444261.5087347577, 47.33510657683961, 95.23622487134972, 92.49779411887914, 12.039723972209988, 0.772134792289, -0.469003391972, -0.428769962633, -0.228632339988, -0.83459226545, 0.501181607366, 0.592903968319, 0.288949076429, 0.751647068498,  
122, 3752679.9057051614, 96.40161378429615, 123.2442659856807, 110.38676283397875, 65.85203377948355, 0.0843087700029, -0.671118825741, 0.736540258938, -0.38873726677, -0.702753665356, -0.595836070788, 0.917483170813, -0.236086440874, -0.320137195138,  
136, 869753.6764638544, 59.215566437981295, 102.82261035212069, 56.99326301210392, 35.431987710164925, 0.200781448475, 0.889798139412, 0.409812250973, 0.906897352182, -0.327014569562, 0.265704090859, -0.370437582534, -0.318309193071, 0.872614035558,  
140, 1422625.0879907815, 69.76976892866784, 115.61507639154092, 90.6716033436673, 32.39784236793409, 0.112155230467, 0.0747731831868, 0.990873440635, 0.590833376446, -0.806771332152, -0.00599490575741, 0.798960027508, 0.586113460598, -0.134662116982,  
143, 626379.1528999199, 53.078205140773164, 113.71491740993113, 64.9461602422367, 20.247796431011245, -0.665254222702, -0.227817068124, -0.711010690952, -0.746064461568, 0.166212547243, 0.644795477904, 0.0287165172559, -0.959412722769, 0.280539817185,  
144, 2216923.452395425, 80.88860819301244, 129.15947420939168, 87.47852976869517, 46.84188296803501, -0.835856136722, 0.512622437898, 0.196374017799, 0.534373468267, 0.677934884114, 0.504825999046, -0.125656337346, -0.526898974248, 0.840587863237,  
152, 1201389.4319707176, 65.9475095362811, 106.26822354411487, 98.30180669980938, 27.45555818392452, -0.189821606111, 0.732070347662, 0.65424824335, 0.631740688058, -0.419029584063, 0.652164021341, 0.751579311121, 0.537110057394, -0.382937756484,  
200, 546325.5007439714, 50.713192879596306, 108.28629655357784, 45.01996339348497, 26.75372291168269, 0.710776662941, -0.185499948522, -0.678517726016, -0.363440045943, -0.92271887039, -0.128457071548, -0.602252329529, 0.337904802162, -0.723265149342,  
217, 1472170.0303648422, 70.57048806426752, 86.37688834024844, 73.54019338308011, 55.32826358827547, 0.868372366843, 0.0916000823331, -0.487379582481, 0.431009949848, 0.346677663147, 0.8330936448, -0.245275061175, 0.93350094954, -0.261564755986,  
244, 224673.23039191272, 37.71269540703458, 121.6532523193179, 42.92017450396122, 10.272532344464851, -0.990285338634, -0.105243164891, 0.0908780739751, 0.0345908388352, 0.446563431336, 0.894083092147, -0.134678958841, 0.888540926484, -0.438584769467,  
262, 269389.9861438773, 40.064919967813445, 122.15294300828614, 48.85555959351118, 10.776429988106996, -0.65218383491, -0.544367380573, 0.52756080261, 0.0287961200378, 0.677641858359, 0.734828071912, -0.757513715356, 0.494434694138, -0.426271397444,  
267, 137250.54538787706, 31.999399113329016, 89.4693365814843, 36.53573662584672, 10.023822891173165, 0.863900044177, -0.453991190146, -0.218102528509, -0.434412542644, -0.890768784666, 0.133479268273, 0.254877336115, 0.0205662717915, 0.966754659673,  
272, 479013.32009061804, 48.53849730466428, 113.3153017925412, 57.41958661420985, 17.575608076430647, -0.0287586449474, 0.996372688959, -0.0800899808775, -0.974810756534, -0.0456839696565, -0.218304749975, 0.221171719001, -0.0717944260552, -0.972588623778,  
280, 1069162.7477578325, 63.43346033138453, 123.48212741344231, 64.36450286734014, 32.11476044456112, 0.476575904967, -0.524178054596, -0.705771049197, -0.321288963336, -0.851118394242, 0.415175723063, -0.818320724926, 0.0288937028101, -0.574035142734,  
284, 1054043.368825206, 63.13302860161422, 127.07400068316257, 94.24740089416002, 21.010857906955994, -0.0535282553025, -0.623445571292, 0.780032272102, -0.981998481346, -0.108840019775, -0.154378861018, 0.181145545124, -0.774254137691, -0.606396587845,  
293, 3189705.020664523, 91.31749108407809, 127.03148046055773, 88.82612109887695, 67.48540454451326, 0.918170275408, 0.130271899175, 0.374155820002, 0.326067573888, 0.287957258559, -0.900422431141, 0.225040624367, -0.948741192069, -0.221916353288,  
323, 607790.64789712, 52.547872158120974, 108.88849363391573, 84.13266826552393, 15.838671497555675, 0.568876710568, -0.652545186945, 0.500563749355, 0.0954003025585, 0.656895111592, 0.747922184882, 0.816870901945, 0.377721579158, -0.435945338539,  
330, 603807.4131085457, 52.43282737357547, 118.20294988780464, 85.54727219562702, 14.255266816122548, -0.976096524446, 0.00806495445985, 0.217187779294, 0.0652077983296, -0.942405319597, 0.328055112186, 0.207324668098, 0.334375791743, 0.919352659154,  
352, 426202.14107377775, 46.68481827372287, 97.58187161910053, 76.38620787990895, 13.65032286774645, 0.88454474813, -0.403769450028, -0.233561169247, -0.015120690991, -0.525271983588, 0.85080003994, 0.46621020287, 0.74903910077, 0.470731847508,  
376, 967064.7326735742, 61.34638540895123, 121.42161744180092, 46.656531295020095, 40.752895858116304, -0.36383183054, 0.477683277556, 0.799653103182, -0.195158344289, -0.87852834992, 0.436005916291, 0.910790656375, 0.0025738550279, 0.412860455276,  
460, 1759749.5279731976, 74.8952168730656, 121.15046917806225, 73.57801286994112, 47.12909422270204, 0.466707335296, -0.0384861711784, 0.883574036405, 0.729853533277, 0.581004762566, -0.360204505578, 0.49949783097, -0.812989717342, -0.299248452548,  
512, 1785496.5964211153, 75.25871622548915, 112.73318760495982, 81.92347655355441, 46.15409676179641, 0.579568860711, 0.812344597477, 0.0647780105038, 0.626661631163, -0.393452591013, -0.672673961629, 0.520955982519, -0.430454775297, 0.737098060438,  
517, 1248763.3624651367, 66.80318665046639, 105.2827343657369, 77.408203815101, 36.580310979454694, 0.334533822368, -0.85455497993, -0.397269314156, -0.489924510941, -0.517819827528, 0.701310630033, -0.805022419111, -0.0399801512825, -0.591895676815,  
549, 3163185.187053034, 91.06370926705857, 130.75207287593065, 107.19784608098703, 53.87674715694527, -0.996526382768, -0.083205031405, 0.00347723968, -0.00139756790782, 0.0584580396647, 0.99828888825, -0.0832659309133, 0.994816355086, -0.0583712634924,  
550, 4053033.925804243, 98.90780028453614, 134.9775283720303, 89.45860885982323, 80.13237560748709, 0.186554279549, 0.0122531910663, 0.982368240575, 0.806656042715, 0.568872401753, -0.160281687274, 0.56080614256, -0.822334512125, -0.0962414704482,  
595, 412741.88548945443, 46.18808731685409, 134.4306136078901, 55.91397439856306, 13.109055140698116, -0.811495814159, -0.127153843048, -0.570356418216, -0.0475427154594, -0.958437112259, 0.281314756192, -0.582421010789, 0.255402040012, 0.771722465753,  
634, 4653429.149514097, 103.56861428356822, 130.9124221642807, 108.6226058010739, 78.1238111034509, -0.717198349313, 0.088199685665, -0.691265031078, -0.354829403187, 0.80752153108, 0.471174141349, -0.599768807439, -0.583206474836, 0.5478572673,  
638, 187704.56549690533, 35.51911003360419, 120.13521428157316, 77.44340447430709, 4.8164988694725395, 0.334087444558, -0.325872829952, -0.884416461905, 0.376405642794, -0.81413205014, 0.442162636378, -0.864120576923, -0.480620332107, -0.149330924137,  
680, 834572.0742192697, 58.40612762411242, 137.87050947791127, 67.82844239530877, 21.30551393367133, -0.414738217095, 0.182006981765, 0.891552393228, 0.1265775701, -0.958726095117, 0.254602422004, 0.90109396293, 0.218443890122, 0.374582349878,  
692, 1268754.5548129964, 67.15778055173125, 101.06191546556231, 89.28712204666118, 33.567009770074584, -0.205539416202, 0.662937697587, 0.719907742357, 0.351468827921, -0.636533858671, 0.686508783458, 0.913358205408, 0.394129744987, -0.102169137851,  
703, 590850.2108326545, 52.05505725732444, 138.7149122653073, 51.85303599795942, 19.610625429228932, 0.467353714298, -0.426432975434, 0.774425866816, -0.665620114806, -0.746233804501, -0.00921801422549, -0.581833626132, 0.511165361192, 0.632597506334,  
767, 872656.0368952551, 59.28136058355129, 123.85570232190526, 51.45329647877017, 32.69077960407949, -0.27188823798, 0.942175789677, 0.19591214203, 0.940164251239, 0.303504903546, -0.154841706967, 0.205348403307, -0.142089953447, 0.96831940928,  
782, 868127.6234608258, 59.17864114917639, 110.02011817490092, 96.20239493385232, 19.58109503771327, -0.979037593135, -0.185555669867, -0.0839909793291, 0.114092847194, -0.84121632461, 0.528524282723, 0.168725260253, -0.507862371701, -0.844752980441,  
791, 1554813.7751265485, 71.86706740257871, 104.85607616739179, 80.29607261422719, 44.08611859448013, -0.307393685474, 0.300087664769, 0.903026309464, -0.521349228813, 0.740762308971, -0.423634492486, -0.796055339626, -0.601014637976, -0.0712551836114,  
859, 1725577.1336605744, 74.40725035825108, 131.45664478892508, 74.69610030675948, 41.95321960292154, -0.0629819299082, 0.338192154737, -0.938967168212, 0.0724803938309, 0.939900601807, 0.33366667684, 0.995379258883, -0.0470417388928, -0.0837090543894,  
869, 2565748.2199277864, 84.92622285192382, 142.69368497849072, 67.52844518750622, 63.5673230922981, -0.580318578218, -0.814252805542, 0.0149236872713, -0.813993665164, 0.580510393819, 0.0205425349419, 0.0253901722845, 0.000226572229264, 0.999677591935,  
899, 2133213.0024654353, 79.85740698178147, 123.76327275201793, 73.58739602938022, 55.91784069209715, -0.508952744994, 0.781914791435, 0.359967168361, -0.201729838662, -0.514879300987, 0.833189280781, 0.836822666732, 0.351437852756, 0.419784778302,  
932, 1020646.7920433896, 62.45908559808629, 108.12391413365853, 76.41525013993389, 29.490699071509795, -0.0918435953012, 0.397580987157, 0.912958987388, 0.750830298458, -0.574576725092, 0.325753664446, 0.654078448597, 0.715395656706, -0.24574465904,  
949, 904558.7629874025, 59.99513827920171, 74.87007402652632, 68.93488806191253, 41.84088275979907, 0.481922794214, 0.700310754343, -0.526607318377, -0.401294643819, 0.710672443551, 0.577847113707, -0.778917857838, 0.0671529994055, -0.623520204494,  
963, 597394.580721067, 52.24654260032687, 128.15365290553066, 42.16830516685704, 26.39098095260383, 0.373572097828, -0.892016173398, -0.25446224498, -0.776310949911, -0.450800922767, 0.440590327947, 0.507725513218, -0.0329495740227, 0.860888569328,  
969, 1480912.338920663, 70.70990397312816, 127.29984536594341, 89.05345404865916, 31.18617398716878, 0.589299107149, -0.345965987338, 0.730091842112, -0.554634814696, 0.483848380862, 0.676957137982, -0.587457900314, -0.803864590552, 0.0932466375591,  
970, 259214.86017399875, 39.554001763243875, 73.01537728671565, 48.12609449242278, 17.610688390965887, -0.0923303963775, -0.855488600387, -0.509523652555, -0.971450654791, 0.189699853442, -0.142469613987, 0.218537692882, 0.481822809975, -0.848580023673,  
1048, 1264295.709980377, 67.07901627745932, 106.39043806680566, 68.42214386563171, 41.46300557545235, -0.389033946521, 0.91702288823, 0.087872697214, 0.92085790131, 0.389793185954, 0.00905526245305, 0.0259482956771, -0.0844410720279, 0.996090553768,  
1061, 1967379.9133637084, 77.7320058289484, 104.230380491689, 80.01311619754097, 56.31759699914585, -0.0885294844559, 0.389334814951, 0.916832008739, -0.976017421004, -0.217684954446, -0.00180402476029, 0.198878164411, -0.895003722045, 0.399269098786,  
1078, 1489585.1470471749, 70.84767043462188, 131.32587993721933, 92.45908555959346, 29.287129707420842, -0.0165935470197, 0.822649797226, 0.568306224953, 0.753700773288, -0.363193337273, 0.547746058047, 0.657008218018, 0.437421891181, -0.614005122595,  
1082, 1595532.714273011, 72.48904329148631, 143.23870554722134, 63.8888941373968, 41.62280509778495, -0.963874506383, -0.23040792839, -0.133634286316, 0.113216298652, -0.808537621429, 0.577450417311, -0.2410975024, 0.541460156677, 0.80541473358,  
1092, 2194198.902339574, 80.61127582247784, 135.78513073518096, 88.0277102927557, 43.824378308239, -0.249618299399, -0.968100370408, -0.021734245369, 0.219137860919, -0.0783372601292, 0.972544020385, -0.943222827606, 0.238001988421, 0.231701857979,  
1099, 2475421.5983351525, 83.91769032049585, 128.04711347975015, 93.72051079995775, 49.24431796924579, -0.42006747724, 0.904277901164, -0.0763203251574, 0.907452628001, 0.419352772624, -0.0259418585891, -0.00854649052514, 0.0801544107264, 0.996745819124,  
1104, 1274446.0826369703, 67.25805217743729, 125.60138814823632, 78.95888144030005, 30.678733783007083, 0.872256645963, 0.356355741537, 0.334931230324, 0.387500613251, -0.0858061827666, -0.917867405309, 0.298348149489, -0.930402001541, 0.212933081564,  
1105, 1995994.4068004845, 78.1070502700211, 122.54473652457237, 109.20032961926961, 35.60837041048333, -0.386491157244, -0.837777186353, -0.38568636403, 0.783189324338, -0.518969945929, 0.3424685058, -0.48707193269, -0.169704393725, 0.856715443503,  
1163, 1397101.8616883967, 69.3500035042942, 113.77023501272352, 73.63569534891266, 39.8127718005172, 0.301284405744, -0.0426508476854, 0.95257997672, 0.84354289852, 0.477713231309, -0.24540873454, 0.444593168201, -0.877479899385, -0.179905366692,  
1171, 2182340.775045936, 80.46579737499457, 125.53594445311943, 76.0384219544687, 54.579904104550145, 0.17788062115, 0.780202343087, 0.599702249838, 0.860295655951, 0.172577059669, -0.479696302704, 0.477755030294, -0.601249916688, 0.64050657195,  
1172, 2429641.836733993, 83.39715126499313, 119.95743066501106, 93.57124967826621, 51.67542570887701, 0.582213381261, -0.600804853807, -0.547778336851, 0.328410275014, -0.442548995588, 0.83444417295, -0.743756862117, -0.665720597658, -0.060347459826,  
1180, 2948695.0348049463, 88.95705901780161, 127.69358066234655, 104.25547253488072, 52.877793310523124, -0.338701175839, -0.920798343358, -0.193421623288, 0.124982221345, -0.247780406469, 0.960720726599, 0.93255614192, -0.301222975617, -0.199006937384,  
1201, 579735.0663569757, 51.726566719264234, 115.50459299273446, 47.998611543319996, 24.963934369705118, -0.273572585437, 0.545155245168, -0.79244166925, 0.956849338135, 0.238161031201, -0.166489240877, -0.0979662421872, 0.803794178807, 0.586785764575,  
1211, 1922709.780372873, 77.13918428216232, 128.89075742478607, 96.07901295056033, 37.065922859312685, -0.102998839485, 0.512327478334, 0.852591223277, 0.132997503258, 0.856546792904, -0.498637399011, 0.985749919194, -0.0620334305737, 0.156361601103,  
1212, 851812.1509964925, 58.805562320422396, 95.35176857701263, 59.847028479724386, 35.63558373271506, 0.214959386839, 0.0504772323427, 0.975317646218, -0.292036389836, 0.956291570579, 0.0148720896772, -0.931937341789, -0.288025139623, 0.220305038353,  
1230, 517324.76167854917, 49.799488915292, 102.15997281198132, 94.87384938017286, 12.74228652639015, -0.961821972812, -0.163384214623, 0.219554300866, -0.0321921161856, 0.864215727071, 0.502090474654, 0.271775937625, -0.475853733299, 0.836481359167,  
1234, 1054508.931391186, 63.142322352157855, 90.22262199602618, 65.64210973685626, 42.50731546965066, -0.931399126331, 0.363945020385, -0.0062999688576, 0.354208375252, 0.902222502515, -0.246030451077, 0.0838575838641, 0.231384048917, 0.96924162495,  
1267, 1250488.8986370184, 66.83394194682162, 136.7371257909016, 79.71871631366672, 27.38700163353411, 0.35375025207, -0.793387130093, -0.495376241824, 0.641442781791, -0.179681535146, 0.745832222163, -0.680743649878, -0.581593851181, 0.445350059413,  
1280, 1587924.4195112386, 72.37363837150444, 94.6114054483972, 74.50057109476741, 53.782145375749025, 0.616768766784, 0.386231353776, 0.685872896155, 0.357556650333, -0.913728662458, 0.193010811108, 0.701248550888, 0.12619537536, -0.701658889429,  
1281, 604972.8726535663, 52.466540697355654, 122.01595517424701, 46.08916476045653, 25.682176712452016, -0.584714354603, -0.391219285484, -0.710673338592, -0.751396652502, 0.591399432635, 0.292659839553, -0.305797635912, -0.705119976844, 0.639760599073,  
1295, 1130592.0933188272, 64.62577707855372, 126.2797065210825, 71.85005161627994, 29.747925574728782, -0.930983813733, 0.365058827997, 0.00109117754685, 0.179431332995, 0.454983938575, 0.872235067157, 0.317920643097, 0.812232520735, -0.489085674451,  
1298, 1784957.9821242846, 75.25114793006053, 133.07420161707333, 90.48697888557965, 35.388277987584644, 0.197158653088, 0.716092814787, 0.66958162021, 0.860874396325, -0.453238228128, 0.231236637055, 0.469066881442, 0.530835369182, -0.705825808228,  
1300, 1657426.6116756722, 73.41450914896572, 96.3906448259438, 83.36089130519622, 49.24344899906182, 0.992375006981, -0.115229270979, 0.043749978611, 0.0954049561826, 0.942856237372, 0.319249134664, 0.0780367852664, 0.312640897448, -0.946660408694,  
1314, 1026746.5682148535, 62.583265017551255, 115.85347624235715, 63.6131449296399, 33.259729605962555, 0.632306524652, -0.0821897692628, -0.770346221326, 0.420161453162, -0.799036159178, 0.430122737835, -0.650886174503, -0.595639201325, -0.470702803993,  
1325, 1564837.234715625, 72.0211725001303, 134.96889695395464, 72.84293332967363, 37.997886167113876, -0.0895889715223, 0.0121069938715, 0.99590523489, 0.023921925207, -0.999611493036, 0.0143040024263, 0.99569149724, 0.0251054514083, 0.0892645429811,  
1329, 1852992.707962702, 76.19533222293312, 104.71144584465858, 78.41619863901124, 53.874736534477584, -0.261901086526, -0.754328250912, -0.601993945778, -0.932704408117, 0.358079571651, -0.0429127888394, -0.247932063188, -0.550243500864, 0.79734671367,  
1337, 3774789.210626958, 96.59056324970841, 126.92670738396423, 101.83521009217674, 69.71931603407484, 0.15719838336, 0.866968966294, 0.472920162132, -0.475156927052, -0.353404100927, 0.805811042443, 0.865745091204, -0.351383484145, 0.356391756535,  
1363, 887303.6053791663, 59.61120199080561, 90.44172379840852, 77.95136054548219, 30.04630738407511, -0.0595315490491, 0.112173230912, 0.991903806291, -0.986371884446, -0.159293059679, -0.0411852730018, 0.153383507073, -0.9808378497, 0.120127483754,  
1365, 733455.9571931066, 55.94506855048873, 98.04061627188445, 96.71082141674425, 18.467339212505646, -0.02466293846, -0.739118621051, 0.673123616791, 0.339206568934, -0.639570114974, -0.689847063938, 0.940388559617, 0.211314296835, 0.266487569868,  
1378, 1547356.9307946812, 71.7519924107843, 101.51929010978733, 73.03302460229084, 49.823477451401324, 0.062644875618, -0.0201203017726, 0.997833048669, 0.866591936802, -0.494846619659, -0.0643835233729, 0.495069727037, 0.868747372064, -0.0135635136564,  
1393, 1327758.907998269, 68.18312019102311, 139.23896871098793, 88.44890619323868, 25.738151326490204, -0.610743302446, -0.637728712796, 0.469355629979, -0.144068867638, 0.67235103962, 0.72607729678, -0.778612085634, 0.375827311936, -0.502510747853,  
1395, 2002669.7344227447, 78.1940261297394, 124.75895460398358, 72.17687505186801, 53.094669672217414, 0.321274943546, -0.94416419564, -0.0730505463374, -0.852416786132, -0.321932436569, 0.41200137015, 0.412514282626, 0.070096205002, 0.908250234613,  
1421, 3032564.728010307, 89.79258821734105, 115.66091087826621, 97.44651076338556, 64.23453265780077, -0.981269021937, -0.00374015888498, -0.192606120873, -0.10652338183, 0.843585987603, 0.526322572804, 0.160511294648, 0.536981091596, -0.828183211348,  
1429, 1347144.281968062, 68.5133443943701, 100.51113582424333, 76.96173833483957, 41.57540164316145, 0.660936204219, -0.55992602191, 0.499646058667, 0.0144616156626, 0.675181905182, 0.73750949593, 0.750302735984, 0.480221037548, -0.454349600497,  
1437, 1821608.5783772967, 75.76270715620458, 108.77669484009604, 79.89650183101084, 50.03833266799132, 0.608395522931, 0.000855238887902, 0.793633515071, -0.253744201663, 0.947719629399, 0.193497762712, -0.75197657397, -0.319103075225, 0.576805391429,  
1439, 217215.5370002125, 37.29071916646557, 89.47236474517624, 36.01852710314815, 16.091162169527163, 0.465110605539, -0.0894755950975, 0.880719162104, -0.472324265198, -0.866521164518, 0.161402787919, 0.74872018346, -0.491055179511, -0.445289678249,  
1444, 117834.61599163363, 30.413151628467176, 118.71106701840408, 57.58309764743548, 4.115267298641037, -0.143701269102, -0.116803433714, -0.982703873571, 0.0522310149919, -0.992521357987, 0.110332565509, -0.988241805598, -0.0354726910661, 0.148727340651,  
1448, 1847914.1378291063, 76.12565801463893, 112.87438168444561, 84.36648754821593, 46.32632249519825, 0.369884849259, -0.62981684161, 0.683019724688, -0.872173435858, -0.488716542114, 0.0216711616348, -0.320154175471, 0.603727494395, 0.730078363219,  
1510, 3502384.262539407, 94.20885551000531, 124.34091809282081, 96.0695164538142, 69.99636852022044, 0.637859693489, -0.338663535901, 0.691695034588, 0.294630421895, 0.937111317057, 0.187123739643, -0.711567232183, 0.08443570865, 0.697526117925,  
1513, 1859481.069108586, 76.28416274273268, 117.01063489605193, 75.99748765224358, 49.920460242096055, 0.828862316924, -0.476789637569, 0.292675419347, -0.310899297187, 0.0423708780695, 0.949497938755, -0.465111692598, -0.87799564361, -0.113113939059,  
1519, 1572820.040841943, 72.1434336020633, 99.32303202314222, 84.72001228527394, 44.62255630094574, 0.376383290551, 0.903656862109, -0.204303436479, 0.363728390864, -0.346943886438, -0.864483428032, -0.852078210186, 0.251066157071, -0.459269537962,  
1521, 1968673.6962099844, 77.74904139622925, 132.89948524232426, 81.00489333262801, 43.656666996156645, 0.488333752935, -0.540515883331, -0.685107820427, 0.244876408405, -0.668663425256, 0.702086012061, -0.83759518286, -0.51061903959, -0.194171331709,  
1525, 556745.210482124, 51.033571185936644, 125.32944546290574, 41.53415212286299, 25.533444928135754, -0.917496610612, 0.310105759235, 0.249067034359, 0.122883196238, -0.374560907487, 0.919023311274, 0.378285196112, 0.873806926427, 0.30555157622,  
1534, 1891349.9657895148, 76.71749768131663, 128.29685032971582, 66.85257748582032, 52.644030969821145, -0.894160494048, 0.446890452461, 0.0276755195669, 0.167633817424, 0.276813410918, 0.94618879659, 0.415181784451, 0.850683994815, -0.322429568782,  
1538, 2888929.2852856424, 88.35194216996724, 124.38177673624627, 95.94831622262741, 57.79019874944073, 0.582455762654, 0.0219834400707, -0.812565082263, 0.379250187673, 0.876815941839, 0.295572494131, 0.718967718121, -0.480323362433, 0.502369274339,  
1550, 3404137.484508894, 93.31959117227727, 146.028441752315, 87.04297401190381, 63.93627208139501, 0.392876674589, -0.831646997174, -0.392442595363, -0.661496221288, 0.0408682634325, -0.748834116655, -0.638804091867, -0.553798751475, 0.534075158643,  
1555, 3931882.4771841057, 97.91231215855596, 135.64742235991557, 99.03416540816659, 69.87395528529169, -0.960806093835, -0.11288519372, -0.253196728038, -0.267938104406, 0.612518454775, 0.743660080122, -0.0711394564052, -0.782354188075, 0.618757708755,  
1557, 1093738.8042491167, 63.91581588711384, 108.8225028536194, 57.23184545259539, 41.92456362990673, 0.0335598588337, 0.0705523661473, 0.996943378285, -0.892189237744, -0.447427972803, 0.0616974327461, -0.450413254611, 0.891532709879, -0.0479304421685,  
1559, 2710711.2936145216, 86.49643708851079, 121.38722222949167, 108.14670140816348, 49.29562815326174, 0.284500353342, -0.958526080514, -0.0169499829534, 0.0992838988614, 0.0118737192148, 0.994988302554, 0.953520978466, 0.284757384041, -0.0985442837458,  
1561, 2240053.4792202367, 81.16894960145673, 115.59839813920202, 87.16483653029553, 53.073367135832996, 0.217212338891, -0.965036242882, -0.146710087446, -0.0735237355565, -0.166046639383, 0.983373161043, 0.973351457667, 0.20281411064, 0.107020448429,  
1562, 2691048.899266698, 86.28679274927052, 114.97281088373033, 86.33265365351704, 64.72361123923663, -0.718320255838, 0.609728426687, 0.335033215881, 0.691647621436, 0.573881818526, 0.438501113029, -0.0750971225512, -0.546709158562, 0.833948150744,  
1564, 1937136.581526696, 77.33163832112211, 130.26731501056392, 93.67000075134976, 37.89968913106206, 0.636942052192, 0.677245828916, -0.368297311103, 0.609759100493, -0.150267306301, 0.778211780958, -0.47169763781, 0.720248445936, 0.508668373906,  
1573, 1171490.8390905967, 65.39583597062409, 88.74842869135652, 83.33515197105817, 37.81476303520688, -0.731299307115, 0.524947193257, 0.435467298089, 0.682052415, 0.560583862598, 0.469627763433, -0.00241383629217, -0.640449980316, 0.767996091206,  
1576, 506330.39471179404, 49.444174418729176, 119.61327517625767, 44.015055756871305, 22.959622906116998, -0.89103652154, -0.403765402528, -0.207430511264, -0.439145937541, 0.651068235907, 0.619080768345, 0.114911978587, -0.642715840722, 0.757437512447,  
1586, 847961.8401983441, 58.71682534547903, 112.83541262800945, 90.88866432054404, 19.739336780582132, 0.65081953128, 0.499256249152, 0.571993999432, 0.585776208474, -0.809482997274, 0.0400438598317, -0.483011564344, -0.308999150171, 0.819279777551,  
1591, 1009561.2981049174, 62.23213415428894, 95.73500261538602, 58.91293675806601, 42.73292869265122, -0.062242037692, -0.839842357749, 0.539250167245, 0.570650981724, -0.473217686386, -0.671135216144, 0.818830498822, 0.265950813913, 0.508710899015,  
1593, 2518512.059199764, 84.40181938248003, 127.91108611801639, 80.55318440102262, 58.35317960516688, 0.222623979505, 0.792488022967, -0.567803924962, -0.337114391985, 0.609068710623, 0.717906116742, 0.914763603597, 0.0315917583099, 0.402752418169,  
1604, 2065208.7169691222, 78.99964021270529, 100.78609136275982, 79.4439379762716, 61.57635446395151, 0.218724195688, -0.254801656683, 0.941931973113, -0.559520996949, -0.823597124617, -0.0928656572456, 0.799434787956, -0.506718750466, -0.322707495624,  
1606, 2686848.26212176, 86.24187243755681, 112.77052413209218, 91.43256910198131, 62.209686035433116, -0.707818505144, 0.276953593674, 0.64983818811, 0.665436537168, -0.0472734744233, 0.744955994417, -0.237038348748, -0.959719711982, 0.150834000331,  
1615, 2058506.4545135298, 78.91408790242647, 149.41769411469127, 72.12459682636732, 45.6014020316612, 0.75385437904, -0.642522052493, -0.137364432304, 0.35670889035, 0.224652532842, 0.9068020771, -0.551781064144, -0.732595830965, 0.398548624016,  
1624, 2101492.8209182243, 79.45961085330218, 117.65076920554667, 71.47237005869475, 59.66317306315767, 0.13716815816, -0.290645370844, -0.946947815243, 0.526925525515, -0.788091948023, 0.318214663431, -0.838769567252, -0.542619894464, 0.0450473437995,  
1629, 3206369.1101840287, 91.47623935954746, 110.4941578088724, 100.51961623690785, 68.91833371949829, 0.288217946501, 0.547033509845, 0.785929229907, 0.772808032878, 0.351754390883, -0.528239143584, -0.565418570295, 0.75962042337, -0.321369962448,  
1634, 1115613.3737336036, 64.33910780037792, 96.77078484961373, 65.79278273516422, 41.831417729468725, -0.0348244432906, 0.993244011785, 0.110695940318, -0.988641185968, -0.0180338628435, -0.149209199446, 0.146204868448, 0.114634693023, -0.982589957,  
1638, 1193509.7108133154, 65.80301344250269, 139.2378127072993, 75.34181931412338, 27.16089347293121, 0.311134328167, -0.411442548737, -0.856685741054, 0.264727879368, -0.828228292081, 0.493920080663, -0.912751105023, -0.380464091979, -0.148769939816,  
1642, 1872802.7558513668, 76.46590099164581, 136.10545478183778, 81.28464119133439, 40.41284325607778, -0.316343036439, 0.690257875133, -0.650746608991, 0.150742015621, 0.713835177791, 0.683897787446, 0.936591654897, 0.118251447197, -0.329867651055,  
1644, 726334.4156388115, 55.763411830054714, 126.49974363879657, 45.18684744367372, 30.335162454307028, 0.632997860642, 0.121065442334, -0.764628581139, 0.585663647765, -0.720811536822, 0.370713932932, 0.5062724564, 0.682476290472, 0.52717578931,  
1646, 142504.495770616, 32.40260939332842, 141.24988591613507, 53.422583298507746, 4.5084469716566495, -0.466635791374, 0.852780997661, -0.234554062506, -0.116654284629, 0.203537855697, 0.972092649481, 0.876722770371, 0.480974959148, 0.00450250885954,  
1649, 1332013.599323434, 68.25587155517529, 112.72418678851689, 70.96512559971758, 39.751906556528226, 0.286552865226, -0.955568920636, -0.0691049444339, -0.710756794376, -0.163664154451, -0.684133630073, -0.64242683216, -0.245157260676, 0.726075535229,  
1659, 2892523.1885170075, 88.38856435981397, 115.92618437695917, 91.39152988844373, 65.17795812132658, 0.880886383607, 0.0106239389165, 0.473208528132, -0.260267531989, 0.845913313825, 0.465501318243, -0.395347936592, -0.533214588525, 0.747918586222,  
1674, 1551618.137178549, 71.81779705400864, 102.97532517778993, 70.4566737023257, 51.05531148106776, 0.651665048122, -0.406702386188, 0.640254507306, -0.536155130275, -0.84406552056, 0.00954323224825, -0.536535498673, 0.349494729676, 0.768103568923,  
1677, 970419.384442119, 61.41723838951958, 120.16808335009655, 85.26692456655353, 22.610029056966276, 0.654253186836, -0.753263543436, -0.0674299758642, -0.381301379966, -0.405548444318, 0.830746481755, -0.653117160355, -0.517807390293, -0.552551790701,  
1678, 1091074.2867964986, 63.86387073346371, 121.78762348021105, 82.90231112669561, 25.798586867781893, -0.31575877889, 0.381578447524, 0.868731421061, -0.646391717974, 0.58374367541, -0.491346179749, -0.69460358514, -0.716687665447, 0.0623269581047,  
1683, 2871687.4917093734, 88.17582310228156, 114.32613166656019, 100.18469459083077, 59.85517151968634, -0.705328010028, 0.678092290555, 0.206647631876, 0.681961517213, 0.728643572425, -0.0633011327223, 0.193496478806, -0.0962776705868, 0.976365568236,  
1684, 1715634.5429779221, 74.2640661311805, 143.3586218460484, 70.29933275295409, 40.64069743694342, 0.843867349928, 0.527989880131, 0.0954703210699, 0.467482019265, -0.810834570274, 0.352147499369, -0.263340952739, 0.252535118603, 0.931062595362,  
1686, 2843593.4814530537, 87.88733593764523, 117.35675520538086, 89.1245851721634, 64.90427245284634, 0.729757169369, -0.621864783211, -0.284145499975, 0.449247443984, 0.122848669552, 0.88492086565, -0.515394225646, -0.773428985616, 0.369020861715,  
1687, 1233700.782500623, 66.53350615171345, 113.22904390942196, 82.80562330405802, 31.412576561034726, 0.603955910566, 0.602733638542, -0.521487697901, 0.74857363901, -0.653606465131, 0.111517244039, 0.273632536575, 0.457723442384, 0.845940000957,  
1695, 1628344.956507404, 72.98258941330428, 117.76578142541784, 98.95582362042597, 33.35779443660966, -0.0276611490269, -0.965259831706, 0.259823628889, -0.536947225297, -0.204893645071, -0.818355834253, 0.843162225245, -0.162148239287, -0.512625994674,  
1696, 1726818.1095899213, 74.42508313206243, 136.6838235536426, 76.1060548515228, 39.62977953950564, 0.29014767241, 0.888880239846, -0.354550768447, 0.281700749749, 0.274742426802, 0.919326539651, 0.914581333609, -0.36661767296, -0.170682354353,  
1698, 1733464.3783319197, 74.52044462262727, 109.53300542729089, 76.0691231217272, 49.66756834223899, -0.725584207059, 0.253190846077, -0.639860886388, 0.649966546363, 0.557534043569, -0.516429355159, -0.225989041938, 0.790601154644, 0.569103476707,  
1702, 971537.9830154119, 61.44082779701934, 135.9437791174274, 99.3157030488796, 17.178843172824855, -0.631215350545, 0.650329589729, -0.422656605247, -0.431686725422, 0.158155298038, 0.888050377398, -0.644370818962, -0.743006276168, -0.180908599144,  
1704, 697828.0962230035, 55.02414217410703, 71.00384717389701, 57.07824398922895, 41.10620253601011, -0.174565061061, -0.623697126059, -0.761924493899, -0.969046232009, -0.0283719527909, 0.245243618724, 0.174575025953, -0.781151027165, 0.599438598251,  
1707, 3056194.8319289163, 90.02520988554386, 107.90394285114218, 85.58772921200152, 79.00300478377186, -0.760230022044, -0.505045456601, -0.408631129933, -0.622042584264, 0.384461593916, 0.682094059618, 0.187385530246, -0.772734346053, 0.606439027012,  
1708, 1056131.2712101352, 63.174686805589104, 132.68241265057534, 81.99834698571166, 23.17452467132383, 0.750424599754, 0.404638148662, -0.522619257903, 0.284754935827, 0.515633664406, 0.80810676934, 0.596470910109, -0.755241612187, 0.271721476176,  
1709, 2133073.688112068, 79.85566852040911, 98.69609843673996, 91.06061672359259, 56.66131861317221, 0.79314415445, -0.121205270344, -0.596851432689, -0.0992509723847, -0.992619527334, 0.0696829852641, 0.600892332072, -0.00396943263681, 0.799320116638,  
1717, 1999840.8723789384, 78.15719124173714, 143.50695159520683, 106.58845917235996, 31.21215159226641, -0.882791109811, -0.261234050516, 0.390431334924, 0.0456133627429, 0.779525091504, 0.624707974061, -0.467546016536, 0.569295531835, -0.676242057147,  
1729, 760454.0408421761, 56.62324930148473, 106.94066361243159, 60.76664075342755, 27.936774299849855, 0.615402185131, -0.752757808053, 0.233743091772, 0.297684272882, 0.496549885739, 0.815366349963, -0.729838491869, -0.432196591134, 0.529662045457,  
1731, 3510596.6863330267, 94.28243197125869, 112.26998265098764, 107.8266437701761, 69.23131586393455, 0.105063835113, -0.993429614425, -0.0453783178835, 0.994106300264, 0.106142786438, -0.0220538582377, 0.0267255369897, -0.0427938087779, 0.998726406782,  
1734, 2669909.8852914358, 86.06026215198624, 119.14502981607447, 105.97579387553459, 50.480701932954574, -0.938916651454, 0.0935148614034, -0.331195549969, -0.266896585668, 0.409684375364, 0.872310108357, -0.217259600896, -0.907421447443, 0.359700684652,  
1743, 2460919.0569684254, 83.7534887658532, 117.51340835851946, 85.06847644742983, 58.76958751911921, -0.994087479425, 0.00917056189867, 0.108194195985, 0.026006807931, 0.987533323818, 0.155246836654, -0.105421673254, 0.157142722212, -0.981933009764,  
1744, 2249335.6228426783, 81.28090877099372, 110.5312252746144, 82.47317749056411, 58.90714035092938, -0.44777772634, 0.183010842105, -0.875215481733, 0.173982717716, 0.977954084128, 0.115480835091, 0.87705479973, -0.100562622326, -0.469746779937,  
1745, 1430667.4875646343, 69.90099635776329, 116.60888703156682, 61.60101660049537, 47.54781549758991, 0.227237976811, 0.247299437281, -0.941916073871, -0.849835394277, 0.522669475194, -0.0677969197998, -0.475544639891, -0.815879652903, -0.32893416887,  
1746, 4015600.032839265, 98.60235324363391, 116.29265036906088, 98.59903127531744, 83.60589942060788, -0.825805483519, 0.333260548504, -0.454953525319, 0.548883624046, 0.289699917167, -0.784092293833, 0.12950702932, 0.897224255582, 0.422157037786,  
1747, 773200.6955173854, 56.937869003363055, 126.972885450268, 46.072161231482944, 31.55397320072639, 0.66865791944, 0.737255259112, 0.0967019631816, -0.51715545716, 0.367659644516, 0.772901428983, 0.534272233885, -0.566816609413, 0.627114113533,  
1749, 1142359.4166391992, 64.84921434046669, 108.25762091311306, 59.66227340681852, 42.22366040917687, -0.38944578872, 0.542781839942, 0.744123546111, 0.0465274515487, -0.795283393541, 0.604449766491, 0.919873455374, 0.27002258829, 0.284465512694,  
1751, 4089263.4796771356, 99.20163457520809, 141.842072464868, 101.42985480762842, 67.85558713633499, 0.956545484423, 0.0405044985148, 0.288756163277, -0.229471598607, 0.715561671766, 0.659783509442, -0.179898642749, -0.697374275049, 0.693761917979,  
1754, 1284051.786894337, 67.42660764495619, 129.6235746253121, 63.87437999298528, 37.02399160742111, 0.864920234712, -0.438037725226, 0.245022323196, 0.21095830181, 0.76023847224, 0.614438003564, -0.455422422025, -0.479750369052, 0.749953332489,  
1756, 3182645.8781011454, 91.25007635362404, 116.419942202962, 91.36028057503366, 71.43563434128677, 0.155976010446, -0.670940913808, 0.724920529675, -0.452560802467, -0.700882634649, -0.551318648803, 0.877986448777, -0.24207813331, -0.412962435505,  
1759, 660489.6613363179, 54.0247133901793, 99.09704719848864, 64.49136630620195, 24.67261163930069, -0.887963110666, 0.11810376481, -0.444491861381, 0.165426962304, 0.983800180236, -0.0690733342873, 0.429133352513, -0.134865511175, -0.893115815366,  
1763, 3303422.2855393277, 92.39004138889038, 118.32490912090351, 93.81993743439133, 71.04019852349299, -0.160756560168, 0.867067036581, -0.471542238233, 0.732229238816, 0.425122549193, 0.532081910979, 0.66181392414, -0.259741356434, -0.703233074856,  
1766, 1230822.293181219, 66.48172019403108, 117.24915330948886, 72.32684318827121, 34.64954365167809, 0.304511051469, -0.886020420183, 0.349629567618, -0.360511213708, 0.23254686197, 0.903301512109, -0.881648844112, -0.401110673016, -0.248607207595,  
1767, 1498105.728928944, 70.98249902908579, 147.72837312376498, 77.87172824667499, 31.089241541945505, 0.48495160063, 0.632552868027, 0.603902984094, -0.457018476851, -0.405442169778, 0.791675917774, 0.745624608542, -0.659919325461, 0.0924685190766,  
1769, 1940207.540862041, 77.37248158346401, 90.62557405952498, 83.99710357956552, 60.84774632511972, -0.79789436245, -0.066729620627, -0.599092433688, -0.599021372071, -0.0232928112486, 0.800394178356, 0.0673645468521, -0.997499174273, 0.021387266125,  
1772, 1002925.6771829774, 62.09548836216104, 111.99738892845988, 72.27090238734864, 29.580721721279414, 0.431253501913, -0.285066270688, -0.856012639161, 0.849391875304, 0.448198287873, 0.278660612421, -0.304226657699, 0.847263545813, -0.435420055442,  
1777, 1950307.2868872604, 77.50650339511405, 124.00020443093835, 88.81197537247927, 42.27859078444318, 0.358685991255, -0.561074561033, 0.746015882297, -0.847861098105, 0.138491534547, 0.511812126838, 0.390481648733, 0.816097685219, 0.426038320086,  
1786, 1569812.8523313939, 72.09742551619829, 124.72635945660751, 62.80731148746677, 47.83996148701538, -0.998660845982, -0.024891809252, 0.045353197628, -0.0398341217762, -0.189410651242, -0.981089622786, -0.0330114744482, 0.981582397473, -0.188165457846,  
1790, 1465276.471650237, 70.46016495733711, 121.92691138398821, 68.95396304888031, 41.607551792102775, 0.494160167068, 0.85070669578, 0.179175464386, -0.562894626883, 0.156021938382, 0.81166914058, 0.662537069386, -0.501951464285, 0.555958055245,  
1793, 1504558.2932546958, 71.08426379233042, 96.28990429674866, 66.93331806838864, 55.73105954427523, -0.865508369931, 0.500338320967, -0.0235971640765, 0.113352623324, 0.241535335485, 0.963748859661, 0.487900035218, 0.831457904096, -0.265765515728,  
1799, 2119987.2827920658, 79.69202859897496, 147.82531717202772, 64.36701116812212, 53.19030534722887, -0.843139110082, -0.368450146342, 0.391613241235, 0.158000846571, 0.526392754097, 0.835431864916, -0.513957365482, 0.766260502763, -0.385606883202,  
1804, 573045.8136874986, 51.526848199677126, 118.87530584339078, 37.56922047064217, 30.632109349531365, -0.594876365819, 0.680485931223, 0.427856292227, -0.267368038126, -0.669482479593, 0.693042236596, 0.758047783176, 0.297879349613, 0.580199492843,  
