# Void_ID, Void_Volume, r = (a*b*c)**(1/3.0), a, b, c, vector_a, vector_b, vector_c 

3, 2530149.1484910105, 84.53161594207033, 120.65683797502855, 116.84424365311, 42.84481306141687, -0.245356621795, -0.284075882731, 0.92687702582, 0.471007443453, -0.870601204489, -0.142146160533, 0.847320551122, 0.401689476577, 0.347409625736,  
6, 301869.0452461567, 41.61436997317843, 106.58749348253265, 68.35233445469967, 9.891687115170155, -0.476573157063, 0.599204551816, 0.643297700175, 0.852751451404, 0.137156197844, 0.503987241427, -0.213759182483, -0.788759838275, 0.576337513467,  
14, 695880.5432126642, 54.97290592571685, 166.87110248832002, 65.52175971126005, 15.194254502814792, 0.803766661621, -0.51202792845, 0.302962958386, -0.357635141367, -0.00887170349719, 0.933819253676, -0.475453740469, -0.858922984536, -0.190249960078,  
19, 1726052.4703057294, 74.41408193650392, 136.36112882531307, 79.89568769959794, 37.82260675663887, -0.55175362459, 0.828639951422, -0.0944657009687, 0.11871007641, 0.190143544572, 0.974552897598, 0.825515508946, 0.526499063024, -0.20328030186,  
24, 3422086.454427001, 93.48331891362463, 114.52391119760786, 91.00899130322456, 78.38300252585324, 0.581084317472, 0.544387085421, 0.604965881034, 0.588074329521, -0.794722417444, 0.150282607679, -0.56259185823, -0.268438038361, 0.781940803779,  
25, 1255109.629768846, 66.91616100950368, 117.23984271167599, 99.69738748218015, 25.63504282354585, 0.557105534709, -0.476346133658, 0.680240975056, 0.616376015301, 0.786125241112, 0.045691498642, -0.556519569249, 0.393829234867, 0.731563054566,  
30, 2438411.9166583666, 83.49737473647255, 122.22951306501983, 76.16357391806548, 62.53095570423017, 0.117200396862, -0.928838425111, 0.351458741551, -0.852483713459, -0.275637081002, -0.444179826043, -0.509446351702, 0.247554801235, 0.824124405125,  
68, 2014004.7518030137, 78.34127352182782, 128.70361851104568, 92.95309351322886, 40.189932469828136, 0.703657311795, -0.576843327589, 0.414871260723, -0.64809588115, -0.281703544991, 0.707541406262, 0.291269834335, 0.766743039196, 0.57207254387,  
87, 2242159.271985764, 81.19437629420844, 116.60284073350536, 89.58753128828819, 51.241419246914454, -0.788677740783, 0.409730282763, -0.4583759555, 0.031952510605, 0.771869887724, 0.634977096824, 0.613975942736, 0.486146039593, -0.621848510434,  
89, 1122169.5527103934, 64.46489662521059, 91.3807380357396, 71.24275047806644, 41.150444659686165, -0.957959948304, 0.137042047591, -0.252055975208, 0.275035834685, 0.688706366909, -0.670849334663, -0.0816579884964, 0.711971219482, 0.697444589587,  
115, 996638.9570210484, 61.96547025707257, 105.14459575618633, 65.6313033034833, 34.47873040067978, -0.436238893919, -0.10303350499, -0.8939125932, -0.899430503518, 0.0795603935926, 0.429761460711, -0.0268402081458, -0.991490918073, 0.127378815373,  
123, 1432100.685560891, 69.9243301126567, 117.58529475844588, 74.82344634396613, 38.859232918603304, -0.0306414885464, -0.943593558529, 0.329685145985, 0.598070443103, -0.281587304015, -0.750346810018, 0.800857568027, 0.174183198159, 0.572963671809,  
134, 563482.1630901016, 51.23859209419992, 128.1437234466169, 54.92434681771167, 19.113020425948836, -0.68387021362, 0.630644840433, -0.366890468884, 0.723306948513, 0.52008947173, -0.454240024249, 0.0956482574662, 0.576015647904, 0.811823493263,  
141, 1212350.6159195835, 66.14746564038603, 139.36743325104544, 70.3329699646752, 29.527003099246414, -0.857973198035, -0.445971358049, -0.25493438225, -0.489803324163, 0.560632151783, 0.667670797643, 0.15483764107, -0.697711357359, 0.699445613841,  
149, 689682.1906434303, 54.80920054209385, 104.13365127357325, 81.06357969509838, 19.504891009517557, -0.154557385317, -0.852464007375, -0.499416790641, 0.0945316059353, -0.515931459891, 0.851397970501, 0.983450959694, -0.0843791729349, -0.160325809063,  
162, 530714.9656049238, 50.22549685761758, 119.07782615860499, 43.616320628729845, 24.394549410381746, 0.565226525445, -0.250091073998, -0.786112860625, 0.425808036261, -0.727728505083, 0.537679029855, -0.706545462932, -0.638643623312, -0.30484066529,  
166, 1201162.8424687844, 65.94336323908868, 112.24826603514903, 86.07716425587769, 29.678755615968985, -0.893123970829, -0.321162924412, -0.314934832488, -0.0946886116232, -0.550223030577, 0.829631655285, 0.439731326562, -0.770784660333, -0.461006906493,  
171, 636320.1021072171, 53.357525181166835, 116.15580042158057, 77.65418374287418, 16.841519527008654, -0.925835744877, -0.177824692647, 0.333476464228, 0.0439414311073, 0.82574982248, 0.562322310873, -0.375362923237, 0.535271528627, -0.756694830497,  
201, 901928.1939807646, 59.93692404502146, 98.11438605889855, 53.25483544325015, 41.20895637209018, 0.196578880419, 0.295631788539, -0.934857523572, 0.617882619145, -0.777666917407, -0.115996700507, -0.761300080607, -0.554829713674, -0.335538635768,  
220, 1412521.4951210318, 69.60420627200482, 115.45319998291197, 81.46411651987063, 35.853712324830546, -0.272149865573, 0.869756992421, -0.41165182473, -0.677711502749, -0.476946680148, -0.559668637085, -0.683111681725, 0.126667432399, 0.719245293248,  
229, 660469.564871647, 54.0241654549028, 117.79437379912324, 73.76773720949565, 18.145677614032945, -0.312629862122, 0.942664457765, -0.116817333375, 0.944867803591, 0.296010205273, -0.140009971472, 0.0974033010071, 0.154148235284, 0.983234925393,  
236, 2614943.7643595045, 85.4655807565616, 111.73889272297066, 102.51772491754134, 54.49672715665593, -0.816542026227, 0.136296141011, -0.560965668603, -0.46388797507, 0.42347224318, 0.778125443512, -0.343608885204, -0.895597354396, 0.282556742634,  
242, 831768.0276060436, 58.34064206118211, 102.01650740293762, 55.53405780021305, 35.049655533697496, 0.593003518222, 0.00374914565291, 0.805191139595, -0.68001021417, 0.537844516662, 0.498306516636, 0.431199415585, 0.843035716802, -0.321493147975,  
243, 981305.6196221096, 61.64604593192507, 111.4973200025855, 62.54848426181115, 33.59189143931158, 0.895002523074, 0.434179345488, 0.102268175121, 0.342843313296, -0.816246865012, 0.46497259907, -0.285357576067, 0.381089689325, 0.879398489009,  
244, 1588522.1261026084, 72.38271789143825, 102.29179175571474, 66.59869973920874, 55.66703923413287, 0.476177220594, -0.54697471735, 0.688530255811, 0.381178526744, 0.834004295777, 0.398923257502, -0.792438127135, 0.0724947805413, 0.605628864452,  
252, 1076481.8883739517, 63.57787956495642, 162.71372418377192, 51.09518197054404, 30.911066005792136, -0.612441390193, 0.50283709457, -0.609975737143, 0.691779543909, -0.0325110340569, -0.7213765281, 0.382565819445, 0.863769580958, 0.327941313048,  
265, 1855248.0941767336, 76.22623362644306, 95.77342000971082, 84.5693966730433, 54.68335554919146, 0.108530919507, -0.984692016111, -0.13639161601, 0.672407780777, 0.173770065283, -0.719494086676, 0.732180862808, -0.0136234290309, 0.68097399827,  
289, 2152702.5961620896, 80.09986948143967, 117.840115640921, 85.46727100529283, 51.02728108773907, 0.398083376996, -0.847753289811, -0.350491062046, -0.362522789029, -0.496351105557, 0.788804670021, -0.842678380163, -0.18694902949, -0.504919011306,  
290, 1546452.343540393, 71.73800757667584, 86.7224343427854, 79.12639075886953, 53.80159055822207, -0.244630401253, 0.092229498254, 0.965220019703, -0.959402686691, -0.167131515824, -0.227186137756, 0.140365421501, -0.981611316189, 0.129370678195,  
296, 1051221.821820542, 63.07664509264199, 124.99440936848292, 64.39258499926832, 31.180229658995305, 0.476474830534, -0.145642663319, -0.867040916271, 0.452692252607, 0.886048645673, 0.0999375901796, 0.753685252806, -0.440120451834, 0.488111183625,  
316, 1909693.6311055108, 76.96472054333977, 111.88851544816683, 95.50941276194904, 42.66221538682046, 0.18686965024, -0.979575612905, -0.0742384834216, 0.904217476787, 0.201049353596, -0.376788949005, 0.384018864761, 0.00328268495503, 0.92331941141,  
341, 962055.8016826805, 61.24028707752523, 144.76866709972998, 59.503392370240505, 26.66216131156495, 0.118915337245, 0.574603073462, -0.809747152224, -0.586037116793, 0.698948254147, 0.409916864456, 0.801510848528, 0.425796484242, 0.419854395831,  
346, 585828.2818023792, 51.907156851761265, 92.62704671135548, 57.81630629038968, 26.115212555995633, -0.735805011148, 0.32095952015, 0.596301913458, 0.67366613318, 0.257165193489, 0.692849193017, -0.0690284475747, -0.911510312439, 0.405442996909,  
372, 1568017.2186669912, 72.0699254319648, 114.61597402335427, 66.48219632863012, 49.12603464471278, 0.761149332327, 0.638659930245, -0.112983128819, -0.367126329448, 0.567867202304, 0.736712358233, 0.534668076589, -0.519269038213, 0.666700617841,  
387, 1391483.7729596263, 69.25692084066462, 94.74181753795112, 76.55315024527489, 45.802033248285746, 0.36444951059, 0.909069830943, 0.201912349053, -0.247088892499, -0.114651084506, 0.962186160795, -0.897843880323, 0.400558574108, -0.182836526095,  
409, 1017820.6186189619, 62.40138251914847, 117.17633959557962, 57.771435459042834, 35.89463563661654, -0.783806867151, 0.245735572363, -0.570316423998, 0.619237296324, 0.240036990079, -0.747614482361, 0.0468184349206, 0.939146565701, 0.340311272635,  
413, 1111510.8773432276, 64.26014520972684, 134.13725352585504, 73.37504386228427, 26.960461625709087, 0.363769444263, -0.415252379836, -0.833808882455, 0.439137626448, -0.712969091237, 0.546656400291, -0.821480332362, -0.565013748489, -0.0770034256383,  
431, 862344.5404069765, 59.046940942895816, 116.05839878236773, 58.11907865594496, 30.52087030799294, 0.598570009336, -0.27115637005, 0.753782572699, -0.685386950121, -0.660450454548, 0.306675603353, -0.414678999381, 0.700199557318, 0.581172872219,  
442, 1338535.4619686466, 68.36708935338322, 97.97199904701687, 75.01409625241993, 43.48068938558357, 0.855726282625, -0.51510815119, 0.0489501971604, -0.400153073127, -0.598830851739, 0.693742840736, -0.328039703835, -0.613241554025, -0.718557408371,  
458, 1689918.0422963088, 73.89113617432503, 155.91306603965657, 94.26172642329895, 27.451060797469463, 0.524349103227, -0.573623861946, 0.629296180627, -0.643750591448, 0.216691377436, 0.733914179557, 0.557353742209, 0.789937030371, 0.255648770961,  
459, 3045750.5525015285, 89.92254174102295, 110.59839312027319, 82.76885321969515, 79.43098848554403, -0.387394384189, 0.502512119222, -0.772921186884, -0.0432202540891, 0.827566268412, 0.559701778649, 0.920900429327, 0.250231175957, -0.298875823451,  
460, 1763750.4824675017, 74.95193432827816, 96.45628181114728, 76.92007982523471, 56.75162392888725, -0.849349288782, 0.0829708636806, -0.521269240821, 0.510560700224, -0.121413718983, -0.851226456491, 0.133916231402, 0.989128174011, -0.0607609936074,  
461, 2940145.5658951374, 88.8710015333979, 105.10305248020295, 90.1452204025853, 74.08361894447248, 0.768968243753, 0.0447919544511, 0.637715862212, -0.213219876314, 0.958393284538, 0.189788293889, -0.602681611172, -0.281914868301, 0.746524535823,  
462, 3587922.5535969124, 94.96964551003295, 99.11926511924034, 95.03010983966595, 90.93585323817597, 0.19061218777, 0.892728727163, 0.408292068954, -0.892319669372, -0.0157996006977, 0.451127454574, 0.409185289967, -0.450317435056, 0.793587806206,  
463, 3078762.4414989683, 90.24625529101081, 104.46191443185876, 96.78979855440329, 72.69424056949667, 0.375700616643, 0.886671664571, -0.269559651842, 0.768363154131, -0.460649798053, -0.444319509956, -0.518138118678, -0.0401885904389, -0.854352250053,  
464, 1986298.805250754, 77.98037584166974, 125.5542179115143, 95.75066467707845, 39.44417414444526, -0.147761047092, 0.986157194782, -0.075237358681, 0.637179321786, 0.153100617402, 0.755356017279, 0.756418657128, 0.0636725068634, -0.650981280083,  
465, 3487838.9012291767, 94.07825845790099, 105.27973223560333, 91.12561836772697, 86.7925698864476, -0.469264365956, -0.670591551068, -0.574541492393, -0.865990724398, 0.476769000295, 0.150835624488, -0.172774477574, -0.568329386883, 0.804456765715,  
466, 3141907.6017350187, 90.85906567937508, 127.06967838560071, 96.7342112531392, 61.021485256179616, 0.737947007569, 0.643520987043, -0.203260801079, -0.149883959762, 0.449952874256, 0.880384694071, 0.658003808975, -0.619211716769, 0.428494850832,  
467, 2850633.405157518, 87.95980413131113, 118.55900049359573, 83.49087594437493, 68.75103079302038, -0.0407185783602, -0.906281918625, 0.420707833716, -0.981697867476, -0.042111656667, -0.185730733496, -0.186041109351, 0.420570674616, 0.887980300054,  
468, 3547221.4497104352, 94.60916965320862, 103.07763972630937, 96.49663552377982, 85.1379239153236, -0.453619461267, -0.325542797988, 0.829609107374, -0.74148800186, 0.654282980413, -0.148692046319, -0.494393494554, -0.682594805298, -0.538181571891,  
469, 1089707.432059009, 63.83719087827624, 112.9818397474451, 87.59338422271973, 26.287019988730243, 0.770076930183, 0.491898380649, 0.406223466476, 0.189170687745, -0.78419505644, 0.590975942279, -0.60925854323, 0.378251366911, 0.696943276696,  
470, 1381771.9886806333, 69.09541957254413, 107.28416062698147, 78.85853347461203, 38.9909189705645, 0.556291549292, -0.0353575686859, -0.830234638234, 0.689343043819, 0.577566005968, 0.437291295007, -0.464053747022, 0.815577924595, -0.345668582298,  
471, 3591789.843370601, 95.00375468741098, 101.0029241371027, 99.50694137575444, 85.31688377422012, -0.805884177246, -0.34494749518, 0.481208809596, 0.452591256524, -0.882904849313, 0.125060711565, -0.381722212325, -0.318575348431, -0.867639268354,  
472, 3791630.219213799, 96.7339946022361, 116.23026317256398, 101.20508034858256, 76.95127702870178, 0.0849183831805, -0.818842153223, 0.567702735861, -0.44181821504, -0.541629421065, -0.71514630328, 0.893076443009, -0.190092341619, -0.407773673256,  
473, 4497056.261706242, 102.39527197686058, 126.99204119517995, 107.80192267694645, 78.42178100130069, 0.114278639536, -0.902125952406, -0.416063887573, 0.305423018606, 0.430427932286, -0.849381289418, 0.945334423499, -0.0300093502737, 0.324718750067,  
474, 2771378.2038151477, 87.13695830250465, 123.22920792833963, 83.04345917014912, 64.65291331412705, 0.215717491544, -0.579608508345, -0.785824370261, -0.427703578907, -0.779549983068, 0.457571275857, -0.877801579192, 0.237393767723, -0.416063200264,  
475, 1805977.922496391, 75.54538564502441, 106.63692201574446, 80.90460522028802, 49.973870089834975, 0.805247464988, -0.39350126001, -0.443546252944, -0.204269914999, -0.886357952367, 0.415503769059, -0.556642005203, -0.243980201341, -0.794117963149,  
476, 3369525.144149329, 93.00223041036473, 104.10627366829316, 91.08634942494045, 84.83008334786783, 0.402536506778, 0.0796714852608, -0.911930268796, 0.56030624855, -0.809234252263, 0.176626251729, -0.723893133374, -0.582058742225, -0.370386760094,  
477, 3296870.706332205, 92.3289228254214, 96.00885411641998, 93.36019238899449, 87.80925289547523, -0.742248019287, 0.413753749263, 0.527139177861, -0.475476333526, -0.879482436594, 0.0208062485863, -0.472218311929, 0.235198806745, -0.849524212241,  
478, 3950598.19868695, 98.06742019152493, 105.15826622422574, 99.41207932842352, 90.21768466319067, 0.180972981802, -0.724158798092, 0.665464360431, 0.528884608004, -0.498810522716, -0.686636100015, 0.829174198389, 0.47621643984, 0.292725214411,  
479, 3345733.243985334, 92.78281985049786, 106.88534300105675, 97.76235911358386, 76.43862637129541, 0.0186951961653, 0.993755192134, 0.110005035102, -0.975020044134, -0.00623509362155, 0.222029360997, 0.221328721989, -0.111407996638, 0.968814664994,  
480, 3299180.0651233103, 92.35047567185042, 113.21702476665953, 89.10328715418882, 78.07499159861104, -0.403320525915, -0.903909351196, 0.142409403468, 0.0813219087834, 0.119606253963, 0.989485265764, -0.911438039873, 0.410660722292, 0.0252679765553,  
481, 3607458.2260128334, 95.14169853336695, 104.35488688230237, 97.964333855206, 84.2426306395328, -0.31744199395, -0.460987668616, 0.828686279518, 0.500006015007, 0.661165568177, 0.55933360029, -0.805744727215, 0.591904097672, 0.020614890859,  
482, 3940511.1354162474, 97.98388386466917, 110.58891078036015, 98.93398572122601, 85.98186549404939, -0.170787340532, 0.235825880625, -0.956670182634, -0.0846462085816, -0.970857385552, -0.224211855823, 0.981665270694, -0.0426859572513, -0.185771917594,  
483, 1162734.657984562, 65.23249697998114, 117.44470024283535, 66.84815284678926, 35.3564923880959, 0.717082642121, 0.629768982905, 0.298636087135, 0.599134721937, -0.775888871968, 0.197570350318, -0.356132095348, -0.037248980215, 0.933692906761,  
484, 3061679.0039391303, 90.07902612256268, 120.64575942088597, 91.18280130737014, 66.44251371753148, -0.104015583174, -0.699805638774, 0.70671976511, -0.975682168275, -0.0660470849782, -0.209002605431, 0.192937982181, -0.711273400674, -0.675917956948,  
485, 3249947.7754229577, 91.88880232079292, 114.30634097290425, 103.84147539282344, 65.36520084980025, 0.281548729994, -0.305299511626, 0.909682648422, -0.4133300643, 0.816983282687, 0.402115125003, -0.865961067592, -0.489214190321, 0.103831138896,  
486, 3513868.125269127, 94.3117093740367, 109.27289523525398, 102.42360882758715, 74.95218972736338, 0.649775413837, 0.572955369529, 0.49951381973, 0.412214580129, -0.817729925029, 0.401742342355, -0.638647830578, 0.055135417291, 0.767521357525,  
487, 2906094.114438902, 88.52658037838886, 115.87850651727436, 107.70057255668466, 55.590446754691875, 0.152946582162, 0.716300003724, 0.680824241394, -0.886429719755, -0.205111984667, 0.414935447607, 0.436863474028, -0.666965800031, 0.603578434547,  
488, 2453410.306469766, 83.66821916549799, 100.47635365394876, 81.03294517147758, 71.93762347361235, -0.632770534108, 0.617027438967, 0.467844622419, 0.761169266961, 0.38468511421, 0.522148168569, -0.142206885205, -0.686508923807, 0.713079728596,  
489, 3775442.076685334, 96.59613151339997, 108.31448968977966, 96.27860916445597, 86.42966636953679, 0.0640470605811, -0.508192279117, 0.858858883331, -0.903841504214, -0.394373579566, -0.165951845424, 0.423046698711, -0.76564357712, -0.484583742529,  
490, 3531761.315448055, 94.47152195688193, 109.9270836084316, 93.47822725614517, 82.05169595325457, 0.744977432961, -0.208279404694, 0.633741519832, -0.395109678828, 0.627682240466, 0.670748348264, -0.537491363721, -0.750089791014, 0.385315895523,  
491, 3748215.905618171, 96.36337377345059, 107.18308011092722, 96.24794182827343, 86.73977784154718, 0.125770702217, 0.934663594929, 0.332544274914, -0.72151652191, -0.143881585236, 0.677282805068, 0.680878578805, -0.32511852261, 0.656279138158,  
492, 2208445.1416203054, 80.78536077495316, 112.43299312744253, 76.92833660740162, 60.95620095378869, 0.429035327605, -0.44769970093, -0.784534043528, 0.422783362315, -0.667995387379, 0.612402148094, -0.798237380869, -0.594430097007, -0.0973136349956,  
493, 3510076.4971612967, 94.27777491651773, 108.6585142445679, 96.26266838181797, 80.11361216813064, -0.964669775921, 0.231803925148, 0.12521646741, 0.262073819048, 0.89300592998, 0.365865716337, 0.0270099388044, -0.385755556418, 0.922205570303,  
494, 1016114.701443804, 62.366500433387415, 99.75834005058009, 68.73980591678202, 35.37501315323225, -0.154212788611, 0.0282551003378, 0.98763356825, 0.9754702626, -0.154569436559, 0.156735624748, -0.157086544974, -0.98757781394, 0.00372542630052,  
495, 3186113.5864042705, 91.28320537117516, 103.50928246644325, 92.73667631484075, 79.23951715142643, 0.000717559381846, 0.22764074279, 0.973744924162, 0.999158957853, 0.0397587158135, -0.0100310248012, 0.0409983176513, -0.972933161496, 0.227420758092,  
496, 1370394.6660775146, 68.90525592430967, 104.35944861406149, 77.29248487802238, 40.55907154138418, -0.0514325976292, -0.00764951889288, 0.998647171308, -0.981518942215, -0.184175454375, -0.0519612170636, 0.184323774847, -0.982863615598, 0.00196447434583,  
497, 2913361.518654876, 88.60031312411742, 121.42077365904503, 98.93972551490485, 57.89513531048318, 0.166879245955, -0.345409069245, 0.923495474896, 0.0160762190242, 0.937458206574, 0.347726424232, 0.985846272221, 0.0431820079522, -0.161995190477,  
498, 3045260.6516842535, 89.91772021585376, 106.211174904559, 91.09205527879745, 75.14241480408936, -0.969383191873, -0.188663878838, -0.157169234065, -0.237490732042, 0.55767946834, 0.795356374706, 0.0624049638179, -0.808331337642, 0.585411025757,  
500, 3586253.144930521, 94.9549138891085, 103.28061624323773, 91.28764759095601, 90.80745338327934, -0.929751650581, 0.0254316032236, 0.367307911432, 0.332372799943, -0.371211795332, 0.867023716437, -0.158398832384, -0.928199890414, -0.336682006254,  
501, 3583847.352040729, 94.93367603547242, 105.38756938033342, 93.6418810902542, 86.6964623686232, -0.532403263369, 0.645989942709, 0.547031771538, -0.0762718163217, -0.680214932538, 0.729033782199, 0.843047670769, 0.346416857948, 0.411419476132,  
502, 3205166.5948453764, 91.4648021926996, 110.66383601646623, 93.45307582750299, 73.98823685037877, 0.836981224994, 0.526244711849, -0.150096409875, 0.489021851788, -0.842365976957, -0.226444671695, 0.245601419949, -0.116129514405, 0.962389670769,  
503, 3253896.4718827573, 91.92600231718515, 109.57139935937114, 91.09580858910641, 77.825069728366, -0.730929660207, 0.0451056494509, 0.680960580516, -0.0188975477685, -0.998768542575, 0.045872443264, 0.682191112899, 0.020661044269, 0.730881937615,  
504, 3370340.9193608253, 93.0097352059507, 106.37724586113264, 95.10732016550527, 79.52845344839601, -0.382512914378, -0.506755931307, -0.772581579135, -0.113215299878, -0.804164142455, 0.583525773093, 0.916987549647, -0.310674199242, -0.25023064504,  
505, 2183542.779908689, 80.48056783443948, 118.51840492403821, 86.42403311665116, 50.89238082410066, 0.669257091713, 0.624231812116, -0.403025545016, 0.603663236524, -0.773046179499, -0.194911008494, 0.433227009848, 0.112846130218, 0.894192433894,  
506, 3732885.9136178493, 96.23182067094127, 109.53724060218036, 98.90914155828432, 82.25416137507871, 0.041876860258, -0.620359162252, 0.783199105199, -0.138620023905, -0.77991295641, -0.610344385897, 0.989459861514, -0.0830077721273, -0.11865450779,  
507, 3304508.5178007786, 92.40016685243677, 102.52242766803589, 90.49825915074175, 85.02745101299413, 0.859879747456, -0.354551695379, 0.367287238029, -0.323290067465, -0.935013410209, -0.145717037466, -0.395082715635, -0.00655881341531, 0.918622136557,  
508, 2985777.1102839108, 89.32840749665667, 104.18555688174021, 87.12330940450835, 78.52842618979116, 0.232546102178, 0.966247096832, -0.110855122685, 0.840804107285, -0.142437737806, 0.522264247313, -0.488846359846, 0.214657957487, 0.845547868398,  
509, 3141005.356137679, 90.8503676684188, 115.42280896137603, 94.48238804644521, 68.76026897793447, -0.395066568062, -0.0267993100339, 0.918261511652, 0.729900009772, 0.597805097322, 0.331474043254, -0.557824687993, 0.801193398998, -0.216611991513,  
510, 3115302.7998962863, 90.60188193437904, 101.79243698339128, 90.36958245369799, 80.84885405857267, -0.0178881142607, -0.786218031595, 0.617690231559, -0.724923105887, -0.415277538581, -0.54957352238, 0.688597491949, -0.457608755101, -0.562519085309,  
511, 3377337.6920029316, 93.07405294878103, 104.30944651502482, 96.33150073222293, 80.2405525187809, -0.792122025661, 0.0503131495092, 0.608285527897, -0.598532530711, -0.259294326746, -0.757974446665, -0.119588904766, 0.964486930499, -0.235506804048,  
512, 3091012.067459784, 90.36578599836858, 101.83102513520738, 87.33035796525535, 82.97872073167738, 0.824378150921, -0.5183716955, -0.227357536908, -0.404311213901, -0.820357991276, 0.404407230974, 0.396147834272, 0.241461283552, 0.885868693401,  
513, 3593198.4441793133, 95.01617234745571, 112.50088897596842, 91.3908939264773, 83.4322035677531, 0.208862753331, -0.693622681583, 0.689393882961, 0.483272815461, 0.686057053559, 0.543850259812, -0.850190411677, 0.219575260116, 0.478500751345,  
514, 3605092.0432807696, 95.12089238968927, 108.93653313441253, 91.51322328019636, 86.33171052112367, 0.701821535055, -0.383484503289, 0.600321720971, -0.547929418893, -0.829138330872, 0.110918799988, -0.455214108793, 0.406779134194, 0.792029577187,  
515, 2789914.828907192, 87.33080135773146, 96.30327731419845, 93.49237870936642, 73.97501457785222, 0.471103927261, 0.874085643091, -0.118471001776, 0.647952856056, -0.434058275384, -0.625899760265, -0.598513313176, 0.218100211172, -0.770852847072,  
516, 3588203.3130737618, 94.97212261037299, 120.62838590679178, 89.48698750406162, 79.35586476612384, 0.352470276965, -0.871204642234, -0.341712123294, -0.526985885271, -0.486525954611, 0.696834537186, -0.773337300653, -0.0655359965186, -0.630598487612,  
517, 1951950.9061954129, 77.52827012162413, 120.99097458980759, 69.77433826562536, 55.19904699936357, 0.285376880766, 0.403746952169, 0.869222891173, 0.818360434572, 0.369399785394, -0.440261283419, 0.498844900797, -0.836978014744, 0.224992372723,  
518, 4130861.3357673227, 99.53687517244045, 106.97514331020123, 101.10747019735837, 91.17712345587795, 0.728581401489, 0.0448082394867, 0.683492035856, -0.390440396264, -0.792702712153, 0.468165256198, -0.562783651477, 0.607959399812, 0.560053506204,  
519, 4099429.9126917906, 99.28377586664216, 105.20255149146016, 99.18505228052561, 93.79125712158047, 0.83280547829, -0.417712493187, -0.363251026655, 0.426784230674, 0.0665828283304, 0.901899078289, -0.352548231846, -0.906136303217, 0.233723649241,  
520, 3162510.902803215, 91.0572382381455, 97.2354929503172, 91.02372926661764, 85.30293560052752, 0.645347635082, -0.237074418231, 0.726169505085, -0.438599481635, 0.663313810461, 0.60633759867, -0.625425394915, -0.709796103872, 0.324087281953,  
521, 3350945.395119256, 92.83097543026753, 104.76816745156715, 91.64138629462768, 83.32162739305905, 0.265077187649, 0.0155065187393, -0.964102501016, 0.333497838477, 0.936686463696, 0.10675982606, 0.90471723556, -0.349825694605, 0.243122823023,  
522, 3455503.8903084546, 93.78662888783417, 99.8774656830586, 91.84157702243606, 89.93234763610748, -0.476813152853, -0.165330582965, 0.863316289434, -0.873511577969, -0.0205068664665, -0.48637124872, -0.0981159539541, 0.98602498283, 0.134640234757,  
523, 3729970.800856432, 96.20676412663764, 105.25645943954748, 97.36341577353143, 86.89049346764763, -0.852770643269, -0.460923890408, -0.245624504538, -0.48518440424, 0.873207464096, 0.0458783012883, -0.193334745613, -0.158296847403, 0.968278774032,  
524, 2657448.3071810175, 85.92616030546432, 99.31583455658536, 85.57474839398931, 74.6469536466364, 0.505841494716, -0.862405875987, -0.0195060833214, -0.687133940492, -0.389159648966, -0.613515864049, -0.52150870563, -0.323745073599, 0.789441446387,  
525, 2032288.115307819, 78.57762340916116, 113.88482555518938, 75.15295747094062, 56.68716414300221, 0.0934818323602, -0.246657131387, -0.964583540475, 0.33968722598, -0.902792537209, 0.263776843687, -0.935881261446, -0.352315049771, -0.000608423890649,  
526, 3459009.227773427, 93.81833122821861, 109.34520021342951, 93.22118498160866, 81.0118906849002, -0.0977624804716, -0.26870397747, -0.95824875158, 0.0612377645314, -0.962660714979, 0.263693541884, 0.993323931861, 0.0329016766729, -0.11056693025,  
527, 413898.38105054357, 46.23118649240884, 101.61670877618963, 53.827911796314666, 18.064771046347943, -0.973676110705, -0.161102712589, 0.161247472657, -0.206572838139, 0.324664694273, -0.922995394808, -0.0963457003984, 0.932007914285, 0.349397701374,  
528, 3491341.0964371255, 94.10973642251658, 99.1050256966853, 95.51604861419112, 88.05046317252261, 0.0758252285685, -0.929206123361, 0.361699481644, -0.491405215095, -0.350457169842, -0.797308401238, 0.867624025307, -0.117284919813, -0.483190229924,  
529, 2607132.044012304, 85.3803910167088, 116.11346487895167, 75.89617280617813, 70.62719478703754, 0.663992361042, -0.29160944796, -0.688533277582, 0.413806291921, -0.623654301911, 0.663189011123, -0.622798922, -0.725271839773, -0.293431868051,  
530, 3305775.1201195116, 92.41197085851393, 98.38604606345942, 94.94075222352909, 84.48867933856295, -0.884407852252, -0.418678219074, -0.206231180348, -0.464340682712, 0.83385804316, 0.298443452326, -0.0470157553695, -0.35970725977, 0.931879931116,  
531, 2898255.7232362605, 88.44691666119667, 111.16695615689652, 94.81288812897853, 65.64550632331492, 0.238456796926, -0.703171949175, 0.669841448324, -0.373336352616, 0.570362208555, 0.731646717253, -0.896525696126, -0.424542295826, -0.126512905427,  
532, 3672289.4783051647, 95.7082627086408, 108.65490647623884, 97.72916114016407, 82.5609697917608, 0.426644076582, 0.245440549645, 0.870479045416, -0.594030888713, 0.801806025672, 0.0650722709812, -0.681983969879, -0.544854139918, 0.487885059252,  
533, 3181783.5033098306, 91.24183385381735, 100.86701164893914, 95.13331187902901, 79.1589903113636, -0.559008497521, 0.629753264996, -0.539370304083, -0.25249975826, 0.490312976224, 0.834168482637, -0.789780584579, -0.602498141552, 0.115076572979,  
534, 2663059.4364347504, 85.98659470089429, 99.02504367327538, 91.74676341642244, 69.9771829362611, 0.358210864935, 0.594298462766, 0.720065492436, 0.582441922349, 0.460523455112, -0.669835468143, -0.729689237507, 0.659338672039, -0.181179833924,  
535, 3308324.8384686313, 92.43572362820943, 111.98886245708366, 90.01068378571371, 78.35210020206173, 0.606502712171, 0.794959414559, 0.0139280053408, 0.618449136231, -0.482701111422, 0.6200970109, -0.499675020413, 0.367476756048, 0.784401496518,  
536, 1407739.3273389344, 69.52556786086839, 127.35472998812956, 70.11416530254975, 37.636808260117945, -0.930201665441, -0.36224967085, 0.0591611154397, -0.0825309263253, 0.363474306981, 0.927941309763, -0.357649979464, 0.858289930113, -0.368001206595,  
537, 3505164.0232775966, 94.23377270987724, 103.564197069605, 91.57101698954907, 88.2372686510883, 0.610259613328, 0.313312406685, 0.727611531078, 0.69142340129, 0.237653083505, -0.682242399774, 0.38667413217, -0.919432622718, 0.0716014510506,  
538, 2312770.8933243738, 82.03792514312146, 98.31128217766201, 78.23237315473308, 71.78837766109095, -0.0065061614857, -0.758876999864, 0.651201481064, -0.436719688218, -0.583672451846, -0.68454538409, 0.899574112448, -0.28884627059, -0.32761905955,  
539, 3343384.042270145, 92.76109899209138, 120.98232092877159, 88.20626727253126, 74.79564303869076, 0.416694461065, 0.327520822838, -0.847995186735, 0.386341733627, 0.78059701266, 0.491333256237, 0.822864381885, -0.532351776962, 0.198735489005,  
540, 4563829.153128171, 102.89957704274913, 129.55728015855283, 95.66732557406013, 87.9053512436462, 0.111321240589, -0.66703822004, 0.736659754839, 0.465933759405, 0.689777910421, 0.554177016974, -0.877788877373, 0.281542975939, 0.387582558249,  
541, 3315504.9105378017, 92.50254652979838, 109.68390642620076, 99.98679604802138, 72.17312405737205, -0.266434719174, -0.700371595748, 0.662187411757, 0.173998786156, 0.640784062044, 0.7477434107, 0.948017385302, -0.314444611497, 0.0488633141034,  
542, 3307534.948974621, 92.42836644875078, 106.10855886069892, 91.03071045319894, 81.74806549864907, -0.82429988637, 0.253466161448, -0.506245594875, 0.55261627144, 0.165845046236, -0.816768435469, 0.123064836041, 0.953021681621, 0.276775577843,  
543, 3184978.555678335, 91.27236441548415, 110.06547270122849, 99.299812506815, 69.56941824524611, 0.469480987203, -0.443712272934, -0.763352488371, 0.341432905863, 0.888532578134, -0.306485608779, -0.814254980611, 0.116744492129, -0.568647122659,  
544, 3229483.2157308413, 91.69552487960374, 97.5005504244719, 93.5343420828597, 84.54078171112752, 0.963020678979, -0.156402307918, -0.219384342962, -0.00823483565425, -0.83096712729, 0.556260569199, 0.26930161407, 0.53388383703, 0.801526474433,  
545, 3643673.561727729, 95.45901542786845, 101.15093457577547, 95.65532958627261, 89.90250231968164, -0.429234866735, 0.902925895273, -0.0219603466608, -0.245349524646, -0.0931659940181, 0.964947515834, -0.8692301421, -0.419577078979, -0.261522532223,  
546, 3157978.5613165526, 91.01371798659818, 119.73517563657852, 88.04028184913226, 71.51833385571439, 0.560811489671, 0.638845709033, -0.526656086173, 0.768894278049, -0.637782243878, 0.0451153918044, 0.307070125926, 0.430244081243, 0.848880420507,  
547, 3420543.5297093573, 93.46926711526514, 98.68982880172062, 93.69347143898351, 88.31303017096221, 0.557460037492, 0.216896188951, 0.801370295068, 0.738161888087, 0.312260284764, -0.598005469486, 0.379941223843, -0.924905161505, -0.0139681296964,  
548, 3373863.044050787, 93.04212340680901, 107.60845729916743, 94.38046335607058, 79.30678225770856, 0.0119937382345, 0.544942562143, 0.838387591874, -0.925862308627, -0.310627746056, 0.215149689389, 0.377670670965, -0.778811920393, 0.50081619078,  
549, 3237682.007166146, 91.77305608504645, 102.71613827985881, 96.62163469188664, 77.88117916432894, 0.231400008236, -0.969468263184, 0.0811500022625, 0.911145465772, 0.186729812027, -0.367349857089, 0.340980903264, 0.158944216565, 0.926535892251,  
550, 3083283.023435792, 90.29040355821184, 113.94467836008153, 95.87052245830436, 67.38227060211005, -0.0956715710632, -0.512127956639, -0.853564236903, -0.0448575661937, -0.854408328341, 0.517662252069, 0.994401704165, -0.0878143751929, -0.0587697733872,  
551, 3731617.6986813513, 96.22092146688104, 107.95225532283574, 99.86459368012324, 82.63523673580376, 0.473681408585, -0.849080953577, 0.233853495665, -0.846379801745, -0.365482223585, 0.387380917757, -0.243448463458, -0.38142401408, -0.891767103634,  
552, 3139251.113555595, 90.83345129456228, 98.55326228472968, 91.25415571554957, 83.3323811448561, -0.974650668184, 0.216435865715, 0.0566709011871, 0.178686390402, 0.600601485758, 0.779326009569, 0.134637472103, 0.769696934733, -0.624050783004,  
553, 3484012.465811199, 94.04384210300752, 100.87926083798452, 98.6118821156631, 83.61033271770806, 0.713912391954, 0.65349154215, 0.251550990763, 0.679412670196, -0.733397512414, -0.0229458571763, -0.169491947279, -0.187288262107, 0.967572005943,  
554, 3148422.3265492935, 90.92182088418039, 104.44411099073953, 92.73005196682229, 77.60682449276092, -0.087446537636, -0.00782624400188, 0.996138470776, 0.315027500135, -0.948867553581, 0.0201999980299, 0.945045383679, 0.315577432125, 0.0854406643191,  
555, 3466858.3186935275, 93.88924096630532, 101.45259531401699, 96.16879611002682, 84.83013213103693, -0.312946476839, -0.885447154343, -0.343580906773, 0.843535000716, -0.425365443224, 0.327891662409, -0.436478184106, -0.187209979905, 0.880022282799,  
556, 3133009.670144481, 90.77321315019626, 109.22750074193812, 85.25680522330889, 80.3178500780024, -0.455673444904, -0.082030905144, 0.886359206085, -0.0449017692198, 0.996595310437, 0.0691492468222, -0.889013803453, -0.00828962100548, -0.457805351053,  
557, 3689791.544121491, 95.86006974831533, 124.72088419117969, 89.11130392874612, 79.2576593122738, 0.802674279403, 0.581935065463, -0.130635296798, 0.496552792007, -0.530715628145, 0.686859699497, -0.330377550592, 0.616191935704, 0.714953265912,  
558, 2336196.2590000443, 82.31397443784837, 107.94595099373997, 86.39018936919864, 59.80671272564513, 0.326193918897, -0.926583837386, 0.187189528474, 0.47580700117, 0.332042214028, 0.814466491478, -0.816826312573, -0.176607928472, 0.549185228032,  
559, 3072081.540948067, 90.18093002797343, 137.89754376842356, 87.3930111034787, 60.857049912072796, 0.574097165709, 0.603127541733, -0.553759526084, 0.309458420074, 0.466323712356, 0.8287205087, 0.758055361151, -0.647131643252, 0.0810722253982,  
560, 2983322.063182845, 89.30391743650296, 113.33863057841091, 84.69804337301788, 74.19253188104987, 0.178631982946, 0.947474170707, 0.265298530928, -0.569033632269, -0.120485321067, 0.813439618382, 0.802677606524, -0.296270118728, 0.517622137021,  
561, 3263184.7565542883, 92.0133871642858, 103.51709015630367, 88.82271785944967, 84.72604631575894, -0.730623497899, -0.563472023908, 0.385601585308, -0.672263267615, 0.494924448334, -0.550555982129, -0.119379241639, 0.661474919188, 0.740404975639,  
562, 1891540.7730690592, 76.72007745503421, 125.4755966507176, 83.97146206601194, 42.85841574987232, -0.444118219806, 0.762088556825, 0.471147576023, -0.145677959482, -0.580276031932, 0.80128500478, 0.884045778768, 0.28722945239, 0.368730664201,  
563, 2151671.7781895204, 80.08708221146567, 100.75009053527334, 79.17137052154968, 64.39821152066335, -0.533619833891, -0.238029084008, 0.811536830984, -0.842154899727, 0.23762354269, -0.484055964559, 0.0776208589493, 0.941741581924, 0.327257994754,  
564, 1076986.5957660654, 63.58781415298808, 115.40446769674645, 86.25047594093792, 25.830782725417535, 0.812990978532, -0.55143486751, 0.186989988286, -0.119270274557, 0.156618931647, 0.980431084706, 0.569930057492, 0.81938397418, -0.0615599904478,  
565, 3675449.641646956, 95.73570853214304, 104.87603534587025, 94.94638359620579, 88.11851680936235, -0.981971708921, -0.16284229735, -0.0959893174946, -0.172126156944, 0.980188046455, 0.0979998963412, -0.0781290533353, -0.112755398012, 0.990546349872,  
566, 3188195.137467904, 91.30308008518567, 96.10854565274926, 93.87960842878971, 84.35736602633102, 0.733016923933, -0.10787068293, -0.671602639209, 0.667053893255, 0.307247941612, 0.678703032164, -0.133136368892, 0.945495964105, -0.297173500062,  
567, 3480971.340394047, 94.01647113576301, 109.49147032851718, 94.62886024632064, 80.20620007038264, -0.824835519693, -0.420835676862, -0.377549597449, -0.00564137724646, -0.661629290359, 0.749809880571, -0.565344620843, 0.62059972222, 0.543361246745,  
568, 3118618.7942430004, 90.63401672340811, 118.4956988273735, 82.35078956264998, 76.29627386264895, -0.159016673119, 0.651880106953, 0.741462085227, 0.95618552096, 0.288676963452, -0.0487325381873, 0.245810795484, -0.701226024139, 0.669222770005,  
569, 3733226.393779374, 96.23474638136818, 102.41163407186751, 99.19083500105263, 87.73540320852473, -0.532025512551, 0.785373740953, -0.316444214699, -0.337688898018, 0.145912512347, 0.929879425999, -0.776476053816, -0.601579276373, -0.187582813946,  
570, 3152643.1754138176, 90.96243338323202, 101.3803153970738, 88.9681150668276, 83.44458943631211, -0.815195614668, 0.577692888042, 0.0415576338623, 0.11902297802, 0.0968709204078, 0.988154621242, 0.566824170735, 0.810485627192, -0.147727477421,  
571, 3686590.8034404893, 95.83234352197505, 102.53842181186818, 96.43831100686562, 89.0020687738475, -0.0505008826968, -0.671822806764, 0.738988347106, 0.625356545348, -0.59819515051, -0.501090563767, 0.778703314516, 0.436825684017, 0.45033817265,  
572, 1751246.3213429982, 74.77438944449413, 103.67118548618768, 77.39093902313388, 52.10872485791325, 0.572249980891, -0.781223701847, 0.24943834317, -0.445904757996, -0.041137435305, 0.894134586185, -0.688257877664, -0.622894243905, -0.37189226228,  
573, 4120783.3009067588, 99.45586277129061, 119.21498184956685, 99.5368021071804, 82.90422177322667, 0.31630143657, -0.0761183808616, 0.945600017618, -0.788708022156, 0.532793318337, 0.306709855926, 0.527155628834, 0.842815087685, -0.108488114366,  
574, 2567568.5855186414, 84.94630279398075, 99.91384804508866, 90.19720996886433, 68.0165586428123, -0.672809578426, 0.698969168844, 0.24242395134, -0.375659870958, -0.605067819177, 0.7019776318, -0.6373436534, -0.381228324238, -0.669670092112,  
575, 3351762.059427264, 92.83851614663983, 98.61992656149442, 90.83208591233398, 89.32655987789057, -0.940824887296, 0.295959630065, 0.165095211367, 0.0619244545325, -0.328824652305, 0.942358588843, 0.333187474818, 0.896817844051, 0.29103927779,  
576, 2920270.4112516735, 88.67029491906361, 127.75492818214741, 77.29079791547485, 70.60395116321021, -0.121986679401, 0.932554034622, 0.339797325708, 0.979644679836, 0.0581373347203, 0.192136283871, -0.159422555859, -0.356318709615, 0.92066357909,  
577, 2831997.689206556, 87.76770893226148, 94.4414005428403, 89.54873975710585, 79.94335825616861, -0.732377155109, 0.680898866242, 0.00066077605505, 0.656291055594, 0.705649706685, 0.26709650279, -0.181399429497, -0.196049038267, 0.963669560364,  
