# Void_ID, Void_Volume, r = (a*b*c)**(1/3.0), a, b, c, vector_a, vector_b, vector_c 

2, 1651139.8318308135, 73.32156875522078, 144.54785942018435, 92.36873462050534, 29.52287081968186, 0.682324534767, 0.541121504932, 0.491549332372, 0.213583123225, -0.790608868712, 0.573863978821, 0.699153401428, -0.286574830741, -0.655026249594,  
19, 2889766.4449129435, 88.36047561243923, 157.42935830840446, 79.81230127242704, 54.9058445403543, -0.267105807538, 0.842096474986, 0.468538167491, 0.943808505605, 0.130402862341, 0.303678445467, -0.1946278303, -0.523324584087, 0.829609177482,  
23, 2587617.6119720964, 85.1668326906403, 112.04548616924431, 84.62644997303222, 65.14948707674095, 0.0311202609301, -0.992531623404, -0.117951286144, 0.799792699027, 0.0955045127304, -0.592630176949, 0.599469071714, -0.0758937717572, 0.796791671308,  
24, 4018398.8703279137, 98.62525624431619, 125.46401398905427, 110.38749397409903, 69.26684104280449, -0.231428501984, -0.741974683327, 0.629217305684, -0.695224084385, -0.326289524301, -0.640467500207, 0.680517686001, -0.585669459366, -0.440325974031,  
36, 645724.3927874058, 53.61910095121783, 109.22535839593635, 57.6965844302189, 24.46160790837415, 0.752868952059, 0.211881659361, 0.623132813654, 0.490236556571, 0.451187861042, -0.745719540209, 0.439154254935, -0.866911573619, -0.235813197038,  
59, 1164101.870640413, 65.25805504995587, 124.85851742203765, 73.43792647257244, 30.30845497370731, 0.655701864172, -0.0455639748745, 0.753643808118, -0.265103218747, -0.948517562559, 0.173305270918, 0.706947910904, -0.313429988533, -0.634023890368,  
60, 2114537.0351147205, 79.62367692473579, 126.57590352754151, 80.12647526026218, 49.77366401504921, 0.557628321376, 0.823672880382, 0.103022528228, 0.68365447484, -0.526099746102, 0.505801953518, -0.470815477901, 0.211617681856, 0.856475768773,  
134, 538098.3576739393, 50.457340078771026, 108.27785089926849, 73.37778998091444, 16.168465435667635, 0.362636441596, 0.525868439986, 0.769387545424, 0.304040364958, -0.847171477449, 0.4357292098, 0.880939423402, 0.0759135799638, -0.467100482417,  
137, 2274059.692370866, 81.57762994295061, 107.33907702940834, 80.09983178095162, 63.142793334992774, -0.566763500232, 0.823664375842, 0.0188714274381, 0.20160389012, 0.116441682658, 0.972521056856, 0.798833528523, 0.554993991417, -0.232048837959,  
144, 1380882.3644239767, 69.08058785444982, 123.24966340564579, 63.58530949298872, 42.06545031802767, -0.204572985999, 0.939084394112, 0.276170950926, -0.281983428601, -0.326715632654, 0.902076627218, 0.937355449866, 0.106664877608, 0.331643429742,  
187, 2759195.1750136465, 87.00908552616515, 120.23981757000824, 91.19126017131507, 60.07479350623046, 0.567110066344, -0.337100186373, -0.751498261474, -0.699516129658, 0.284548185777, -0.655522321755, -0.434814163752, -0.897438462692, 0.0744368771643,  
209, 1057681.644988394, 63.20558463460373, 84.53422153025355, 70.93693560594839, 42.10768614678624, -0.515147953986, -0.618127172179, 0.593751955381, 0.0939544576665, 0.647844366333, 0.755956504632, 0.851936115791, -0.44521508962, 0.275659896587,  
230, 1695807.8845359476, 73.97688047161681, 131.12245221845487, 107.2253279220804, 28.7947687487753, -0.661725179844, 0.556242158002, -0.502707119525, 0.743282148958, 0.398847501061, -0.53707757162, 0.0982417090648, 0.729050980768, 0.677372300911,  
233, 2987970.4863959746, 89.3502759338079, 115.77312656003899, 94.63951422904384, 65.10396360139626, -0.394220637075, 0.893784540575, 0.213867445708, 0.885778193408, 0.307511871361, 0.347611048522, -0.244922602849, -0.326474568691, 0.912922381483,  
239, 642669.3794680267, 53.53440739773427, 130.98819593842063, 63.06284133839638, 18.573480908241418, -0.00963148446248, 0.94795670754, -0.318253539079, -0.00279482887163, 0.318241538656, 0.948005544291, 0.999949710455, 0.0100201648497, -0.000415761659595,  
246, 3310762.9997834675, 92.45842573820123, 125.68127705316144, 88.93788418150662, 70.71020646195812, 0.475645057252, 0.0144009724677, -0.879519409396, -0.664483914834, 0.66105076338, -0.348529790924, -0.576387809065, -0.750202972686, -0.323994742757,  
296, 2348669.8876555115, 82.46021385997078, 121.29958198654177, 85.87414872050178, 53.82841862886638, 0.358738736658, 0.512213464763, -0.780348566562, 0.53296074756, 0.573932779233, 0.62173467531, 0.766328493781, -0.63893546735, -0.0670977509419,  
302, 1695547.6129308792, 73.97309563515569, 109.83805294345919, 79.54579487416414, 46.32882959814151, 0.138311684715, -0.160797826453, 0.977248144986, 0.8125538191, -0.545724028999, -0.204796423891, 0.566238614841, 0.822392450829, 0.0551768781468,  
311, 390820.72419542697, 45.355468631833475, 90.9064809722521, 38.79531185794145, 26.455433491966556, 0.334721348809, 0.719661549811, -0.608316424548, 0.68745637152, 0.255027050891, 0.679974220519, -0.644488445131, 0.645792890204, 0.409372919298,  
323, 2621899.255733574, 85.54129032903263, 147.30678304055255, 74.0274150777593, 57.40002227569465, -0.0558551051354, 0.731668879924, -0.679367983777, 0.997661815528, 0.0140594375468, -0.0668822401979, 0.0393841220332, 0.681515210664, 0.730743394473,  
351, 2546889.5370939067, 84.71763693885656, 117.61429191079331, 78.9372836941614, 65.49063839016257, -0.788560727917, -0.0631888628444, 0.611701844039, -0.612139490897, -0.0144513398612, -0.790617734724, -0.0587981468437, 0.997896951788, 0.0272846392516,  
379, 3023167.1799594923, 89.69974015152857, 118.8099689736732, 92.20218394307528, 65.88392502727532, -0.307226098738, -0.906367969963, -0.290015908667, -0.940331337934, 0.335971019898, -0.0538558138698, -0.146250125309, -0.256165135829, 0.955505271588,  
422, 1825858.1497707255, 75.82157618698488, 112.839630754248, 82.29888769429793, 46.93780788940248, -0.994744429948, -0.0807147416958, 0.0629972186686, -0.0953275898446, 0.505554499355, -0.857512273263, -0.0373653542927, 0.859010930463, 0.510591864059,  
432, 2688652.719562346, 86.26117447830207, 127.80755958566506, 90.20021407679793, 55.677790201196736, 0.241052283033, -0.377301442825, 0.894168562457, 0.236729158333, 0.916366327359, 0.322849902707, -0.941197695726, 0.133852065074, 0.310210448302,  
439, 910141.7787511098, 60.11831694867267, 122.06952754770538, 45.30957775005404, 39.2846748164857, -0.45257740739, -0.384023057882, -0.804798099734, -0.400945598564, -0.718508847923, 0.568320035234, -0.796502553237, 0.579889063935, 0.171208516775,  
509, 3682834.1613013097, 95.79978135353814, 111.9786349550973, 102.98252077828253, 76.24210289550743, -0.879577230812, -0.370598732426, -0.29832947317, -0.463041940351, 0.810850438296, 0.357929781089, -0.109252260908, -0.452965943796, 0.884808339273,  
548, 2395168.6638272298, 83.00084184467522, 106.62791765049502, 90.61778233118143, 59.178388463157965, -0.694848770792, 0.702833144591, 0.152350768272, 0.461145000574, 0.272885551726, 0.84432148149, -0.551842798425, -0.656931538689, 0.51372218105,  
575, 1276528.741301462, 67.29466921807581, 117.08763085058499, 89.10324784498756, 29.210395355405268, -0.572302215003, 0.808637282043, 0.136293509727, -0.37580074772, -0.406344360574, 0.832861368202, -0.728864852161, -0.425429202947, -0.536438272837,  
582, 1835219.5936707195, 75.95093815183398, 100.41524616752892, 79.53214191154902, 54.860162789694236, -0.707544275732, 0.70487636843, 0.0503031123031, 0.0991968322079, 0.0285891346958, 0.994657051379, 0.699672127756, 0.70875381241, -0.0901495814486,  
587, 993037.5890040195, 61.89074249337393, 118.2277324966291, 66.03388827311171, 30.366227947889634, 0.525362188586, 0.850720454639, 0.0164097185501, -0.514154713528, 0.30203152656, 0.802758922417, 0.6779671831, -0.430176318528, 0.596077875463,  
588, 1165152.310541554, 65.27767791919963, 95.19844958926593, 74.35314974869571, 39.29749298651634, 0.0846555760581, -0.703262296624, 0.705872209107, 0.0997103929825, 0.710838407214, 0.696251819646, 0.991408730531, -0.0114411964919, -0.130298994813,  
600, 2940960.4418252297, 88.87921112132773, 123.16110617973469, 86.80029233887643, 65.67586551700265, -0.792166683811, 0.512649949996, 0.331152493315, 0.608839715168, 0.626240272871, 0.486967475165, -0.0422628240179, -0.587378199632, 0.808208329766,  
601, 2255401.992120838, 81.3539136460634, 126.95614541163509, 75.78935120812565, 55.95944943716531, 0.413339386966, -0.510534681848, -0.753992632465, -0.760865389467, -0.64853595762, 0.0220220522449, 0.500234355371, -0.564584316382, 0.656513624689,  
608, 942876.9936562434, 60.83060603808525, 147.39757597519582, 67.45624089919689, 22.63882865662071, 0.544533428973, -0.833138871292, -0.0967624197365, -0.76963024936, -0.54218743935, 0.337197360429, 0.333395596853, 0.109143949685, 0.93644806276,  
613, 3239771.805065442, 91.79279715190327, 138.06182323343302, 118.26578291203508, 47.36887786785479, -0.079465112761, -0.971953159558, 0.221342159291, -0.273354164426, -0.192285575892, -0.942498678034, 0.958625472562, -0.135400564732, -0.250407448821,  
614, 1947965.5697205537, 77.47547050773281, 127.01989672941201, 77.44075169315296, 47.27715694509461, -0.0638415418545, 0.994926613408, 0.0777514724379, 0.278165241781, -0.0570819822938, 0.958835619678, 0.958409284074, 0.0828413014747, -0.273109800211,  
642, 880621.0062663028, 59.46117366281247, 97.169694362778, 69.70854899713875, 31.03727269709169, 0.646773428268, 0.176716016378, -0.741926938479, 0.447227588971, -0.875862473749, 0.181252339961, -0.617795772201, -0.449039393187, -0.645516852776,  
644, 1192971.46357656, 65.79312004002622, 116.40189492116448, 88.52355032351873, 27.639015679372665, -0.644417712677, 0.277546910271, -0.712526156844, 0.764503522407, 0.253502022532, -0.592681270835, -0.0161299663711, 0.926663065613, 0.375546784055,  
649, 1104768.017021177, 64.12993915696484, 118.64565359743607, 68.12015490329978, 32.63285142512422, -0.559897443732, 0.564263935757, -0.606729810795, 0.80934618027, 0.215666039358, -0.546302956197, 0.177408040924, 0.796928083501, 0.577435725205,  
653, 2144822.32812694, 80.0020110620962, 101.50061125168254, 86.81393244500805, 58.10916382303008, 0.0230674641863, 0.0220507018183, 0.999490699629, 0.978702042348, -0.204488535017, -0.0180762648484, 0.203985794604, 0.978620562627, -0.0262980988628,  
654, 294038.072963705, 41.25136458865422, 102.41324608598947, 57.5874399259844, 11.902304441076334, 0.683123565434, 0.72174196408, -0.111493190985, 0.639135718029, -0.516973949154, 0.569423805118, -0.353337980253, 0.460246100671, 0.814448155826,  
656, 3760104.19850297, 96.46514547845906, 134.24690357029206, 108.26764156315747, 61.7601464144732, -0.607795906824, 0.45949624294, -0.647647541779, 0.238326564613, 0.883535672799, 0.403193704677, -0.757485699038, -0.0907078696473, 0.646519526493,  
661, 1857905.4065776914, 76.26260976476314, 107.26051930597966, 82.13534913994785, 50.346001728130354, -0.609929337154, -0.111632434171, 0.78455363317, 0.130006423649, 0.962518894924, 0.238024592689, -0.781718960682, 0.247175194054, -0.572555578049,  
667, 1765596.425845611, 74.97807347287564, 127.02733669794979, 70.90424422184779, 46.798658808519775, 0.807561104784, 0.491294138898, 0.326305272905, -0.350128315226, -0.0458667435668, 0.935578112566, 0.474610603461, -0.869785209646, 0.134975791025,  
678, 1051100.4622551228, 63.0742176795515, 122.1176774284129, 89.17336544259425, 23.043154120899242, -0.310921988366, -0.416181525083, 0.854470862774, -0.807781318947, 0.589442617161, -0.00683680011586, -0.500816191742, -0.692351312019, -0.519454331808,  
683, 3370004.9168460444, 93.00664426804441, 118.3959267643778, 86.62987313218864, 78.4399820176827, -0.694711900392, -0.287583231576, -0.65929603394, -0.697633009087, 0.0461778588987, 0.71496558657, 0.175167234624, -0.956641777398, 0.232707863319,  
695, 2683606.451204906, 86.2071734974042, 117.76358590939795, 83.47121378053562, 65.17521427587059, -0.603199380398, 0.78874349964, -0.118466025776, 0.760118826385, 0.523492780765, -0.384934641546, 0.241598587045, 0.322240593754, 0.915309304265,  
698, 3640334.6413173447, 95.42984821000205, 137.71158306256112, 89.8821085024396, 70.21161724003571, 0.607340831865, -0.621423621589, 0.494944235729, -0.685031750645, -0.0941340428724, 0.722405898772, 0.402328987966, 0.777799115777, 0.482866359294,  
699, 1895561.5652271397, 76.77439951451456, 116.2318169711241, 78.68154088748521, 49.48247359759374, -0.982280958831, -0.179414478025, -0.0541716068909, -0.101175702514, 0.264340792063, 0.959107617983, -0.157758027177, 0.947594000998, -0.277809312541,  
709, 3513827.6482290574, 94.31134724002355, 118.1363924712792, 102.71965070557059, 69.128098000276, -0.853527432748, 0.52097743615, 0.0085692805687, 0.500956792634, 0.825028140448, -0.26147821971, 0.143294150126, 0.21888599428, 0.96517133611,  
715, 1527395.139571767, 71.4421087319688, 132.4918283213243, 114.93792795171288, 23.944751715566003, -0.186292707468, 0.623449948976, 0.759345236547, -0.377292142398, -0.759012083579, 0.530614074697, 0.907163527943, -0.18764545852, 0.376621182977,  
720, 1292494.2519416518, 67.57405853646783, 141.36843743517818, 68.51842975707783, 31.85518647374386, 0.923350277384, 0.207737419144, -0.32290777312, 0.264453466681, 0.265635651565, 0.92709334189, -0.278367794858, 0.941425974416, -0.190337871904,  
722, 1816693.8067190067, 75.69450886330006, 92.32453235467737, 82.72961117421458, 56.782567605371035, -0.978181456747, 0.123214887472, -0.167269630183, 0.202199836772, 0.379740033692, -0.902725170149, 0.0477102052564, 0.916850913899, 0.396368689477,  
735, 1451612.2948716753, 70.24045932144665, 138.9786928909369, 109.70892551927483, 22.72855596837968, -0.00744394937023, 0.151679149662, 0.988401751908, -0.794689401259, -0.600861404519, 0.086222549757, 0.606970627909, -0.784830560132, 0.125010594502,  
748, 1000357.8605402295, 62.0424481727904, 125.69634893261404, 48.51121194733849, 39.1653482048876, -0.966192013533, 0.151893665024, -0.208329804661, -0.0604330181163, 0.65209801321, 0.755722192005, 0.250640865195, 0.742762745224, -0.620872499794,  
754, 410708.46023360244, 46.11211192204653, 122.02294782893564, 59.20741049471998, 13.57148778501535, 0.91441581688, -0.403652981437, 0.0301327797564, 0.204903839191, 0.525807051555, 0.825555183631, -0.349081839293, -0.748726395362, 0.563516330166,  
763, 2143641.844887285, 79.98733100155468, 104.09055519468812, 100.04076455025061, 49.14454173512539, 0.219356326941, -0.910551002869, 0.350399305086, 0.74453080515, -0.0758760995225, -0.663262163631, 0.630520960804, 0.406373828753, 0.661289368802,  
766, 3420305.9175374582, 93.46710274678, 121.45779848449685, 100.01610074506004, 67.21729301540005, -0.762049860279, 0.55194804034, 0.338575502974, -0.316135587388, -0.773467597754, 0.549368879362, -0.565100257331, -0.311610712251, -0.763911292739,  
776, 3317774.18916153, 92.52364599869273, 121.09102409709193, 97.34601377171629, 67.19362797021081, 0.558525546283, -0.165839904878, -0.812740019994, 0.685058714768, 0.644682159564, 0.339233651722, -0.46770051472, 0.746245294183, -0.473681527442,  
777, 1206046.2851499415, 66.03260875762315, 116.09779974619096, 59.432710133756665, 41.72783402216677, 0.817374565845, -0.574979352705, 0.0360217028035, 0.262543535176, 0.427421343652, 0.865090681448, -0.512805724663, -0.697645854968, 0.500320447113,  
781, 1602154.8271413366, 72.58919125281301, 102.84108794063518, 66.60243447998627, 55.84176118806551, -0.979259038377, 0.190945958438, -0.0677596982899, 0.156413157148, 0.499863960985, -0.851863219525, 0.128789207728, 0.844793265518, 0.519362761957,  
785, 259787.2163920357, 39.58309260661868, 100.6666296423722, 84.44625942021739, 7.295637073872671, 0.314019436787, 0.584750107659, 0.747969989313, 0.881902687031, 0.112122917912, -0.457904031306, -0.351624009316, 0.803427509407, -0.480483915652,  
786, 820613.1413951511, 58.078664240894206, 141.49276948203612, 52.14706425012286, 26.551297397834983, 0.928811566569, -0.343308842677, 0.139456489084, 0.149630666781, 0.691783157927, 0.706432393062, -0.338998137703, -0.635275610226, 0.693905729682,  
787, 3576380.6463284832, 94.867700879274, 108.9116730444178, 95.52706458180863, 82.06429909109463, 0.633773950541, 0.472343275505, -0.612554005538, 0.649367051432, -0.755186043546, 0.0895347538619, 0.420301096989, 0.454517183084, 0.78534140229,  
788, 2366213.7700633327, 82.66502270415982, 116.23785984448925, 84.91843241533446, 57.22895217747467, -0.125541851535, -0.501851694155, -0.855794438277, -0.0292340344036, -0.860373271017, 0.508825319488, 0.991657508793, -0.0888971967673, -0.0933417037619,  
789, 1381114.8304640632, 69.08446411744737, 123.1681046934706, 71.73684650549386, 37.316477304065735, -0.0876357073596, 0.983934792716, -0.155538761981, -0.117502353529, 0.144839065854, 0.982453480791, 0.989198250964, 0.104374176335, 0.102921579874,  
790, 2764137.779893505, 87.06100827560046, 121.46845387944097, 87.46976713325083, 62.10829450550367, 0.42526063588, -0.563542990533, 0.708217967431, -0.737697631368, 0.237527500289, 0.631967476443, 0.524362085058, 0.791201607953, 0.314713233478,  
791, 3596476.6510735764, 95.04505914551628, 119.35464286538107, 110.80398420762359, 64.92230662837123, -0.571656201331, 0.21131986375, 0.792813409741, -0.663770316063, 0.448884126696, -0.598257476605, -0.482305043508, -0.868243604056, -0.116339541953,  
792, 3688182.1924619987, 95.84613084009035, 112.18515630019598, 94.23807081201537, 83.28407624157701, 0.762980338606, -0.294073603671, -0.57565764003, 0.421815177142, -0.448308002633, 0.788093833949, -0.489829520583, -0.844121229682, -0.218005482423,  
793, 2638251.876204, 85.71876042834417, 126.18060618122928, 79.8021172073252, 62.54903635709002, 0.645567542101, -0.221876894241, -0.730762062773, -0.488989568412, -0.855092349346, -0.172355087171, -0.586627437622, 0.468601875681, -0.660515352992,  
794, 3217440.068701899, 91.5814015395919, 102.1925347283295, 87.5361711732746, 85.86479527269053, 0.348096271362, -0.908017085371, 0.233096457585, 0.411318867762, 0.371369347799, 0.832407109856, -0.842404757161, -0.193880840182, 0.50275684473,  
795, 331375.5067179323, 42.92832386975266, 132.10488467375168, 55.376694942619345, 10.813988095839681, -0.605118777441, -0.565568225027, -0.560324770137, -0.779252892906, 0.564926412515, 0.271335728096, -0.163083396111, -0.600825042157, 0.782568255573,  
796, 1399113.0803238954, 69.38326548933712, 106.78957962220139, 74.9360551015324, 41.73923682945829, 0.208325782602, 0.112017504705, 0.971623613825, 0.931574377577, 0.279895690404, -0.232007718699, 0.297942187925, -0.953472852856, 0.0460431484731,  
797, 2752696.311307624, 86.94071960956926, 125.39420996028835, 87.10704056774902, 60.164311212384554, -0.0637186059079, -0.820732938486, 0.567747640194, -0.988772150154, -0.0251328571657, -0.147302323712, -0.135164989333, 0.570758953653, 0.809916441667,  
798, 3870758.534980633, 97.40228760949734, 109.09540418157255, 97.00079905113806, 87.32240800891527, 0.443878558012, -0.507341775971, 0.738631266663, -0.840921889055, -0.520589303195, 0.147773996047, -0.309551614833, 0.686724908354, 0.657713233864,  
799, 3338923.8724894333, 92.71983198459465, 104.08866334122894, 94.60204232465418, 80.94946150597599, -0.816546302955, 0.218269313837, -0.534425524995, 0.574708921494, 0.220085497771, -0.788208112891, 0.0544223362717, 0.950747537629, 0.305151321489,  
800, 3411493.471972799, 93.38676079395445, 101.92386665759844, 93.00605195732405, 85.91496845947181, 0.0298567070166, -0.72780674427, 0.685132045698, -0.375095996937, -0.643502722749, -0.667238517246, 0.926505029737, -0.237068742795, -0.292210268577,  
801, 3177690.3529076884, 91.20269157092014, 98.18071850526387, 92.74194892553359, 83.31449035792106, -0.475677409998, 0.857420285484, -0.196370709774, -0.744165337673, -0.511298159631, -0.429874565616, -0.468987155286, -0.0583493444481, 0.881275440585,  
802, 3196194.3623393658, 91.37937653349006, 110.48592262652008, 87.69916087141986, 78.74848134471783, 0.204378602924, -0.561903800154, 0.801556926263, -0.788342736472, 0.39093694904, 0.475062134597, 0.580297437974, 0.728994116059, 0.363073631971,  
803, 3063231.052862141, 90.09424472624846, 128.9955833167491, 89.51740242680937, 63.329904677889395, -0.956881354973, 0.288910090628, -0.0301501581809, 0.288176854224, 0.931128336878, -0.223504185535, 0.0364989478551, 0.222555565636, 0.974236545717,  
804, 2156359.70776316, 80.14520295131828, 104.94464934832787, 97.53665431816327, 50.29264118764801, -0.222563033298, -0.866932322869, 0.445975384718, 0.490193142387, -0.494929541796, -0.717464585756, 0.842719632717, 0.0589329807721, 0.535117299675,  
805, 3306767.602728199, 92.42121811958944, 109.98275415116805, 87.90864159074937, 81.65051055083117, 0.662412365269, -0.343347931607, 0.665824343352, -0.476668781411, 0.492478249604, 0.728184074596, -0.577924503, -0.799735813584, 0.162560442004,  
806, 3682169.41779139, 95.7940171230564, 106.05028136050869, 102.59341497904944, 80.7948810812755, 0.542278775365, 0.337796787925, -0.769302970134, 0.494188454011, 0.612254298997, 0.617189148707, -0.679493562671, 0.714869221206, -0.165077239077,  
807, 2956059.5591976694, 89.03105579426568, 126.49238415393535, 85.31510533489107, 65.39345162873107, 0.558150471789, 0.0210579207341, -0.829472491898, -0.643950736723, 0.641415475263, -0.417029539442, -0.523254717623, -0.766904656439, -0.371566613702,  
808, 2854489.4142591082, 87.9994468983934, 113.99047638102604, 95.93053199323084, 62.318129009338826, 0.86110807802, 0.28134947619, 0.423480047011, -0.290155232423, -0.412021417993, 0.863740870987, -0.417495891077, 0.86664919279, 0.273159948695,  
809, 808578.3454035943, 57.79334510112057, 103.80174473554216, 61.773536507800934, 30.10415063345441, -0.976301268199, -0.176726648913, 0.124914071572, -0.216069126007, 0.763315644024, -0.608821287715, -0.0122460809752, 0.621383069573, 0.78341120387,  
810, 3168695.311077916, 91.11655486723494, 102.69502576892694, 89.0794166831702, 82.692305263088, -0.537643061956, 0.49256605649, 0.684338087443, 0.798337487174, 0.0362432488272, 0.601118693344, -0.271288028677, -0.869520043995, 0.41271987908,  
811, 3617379.688778759, 95.22884029305406, 99.53402831115903, 95.39976264947556, 90.94663002675837, -0.0130043998234, 0.912270090149, 0.4093826672, 0.575567324655, -0.327959348165, 0.749109418403, 0.817650989344, 0.245369004909, -0.520807940661,  
812, 89814.0059606373, 27.78125235275743, 117.12261565541175, 22.431285183581213, 8.161322481875937, 0.41650129601, 0.203684522037, 0.886024427375, 0.649758411595, 0.614960391606, -0.44680837427, 0.635877878986, -0.761798091517, -0.123786068593,  
813, 1616023.2252472956, 72.79803603075578, 86.09514070336614, 68.53754005066017, 65.38104172831659, 0.255832778043, 0.6835832183, -0.683566802395, -0.530336125084, 0.690439830534, 0.491971985831, 0.808265540592, 0.236657609364, 0.539166015084,  
814, 3667990.2705214224, 95.67089906158135, 102.18551436817947, 99.3017786048624, 86.29650418484692, -0.631219939774, 0.775436744287, -0.0161010323115, 0.384523010397, 0.330902503393, 0.861768871405, -0.67357511987, -0.537774477692, 0.507045529548,  
815, 3599673.4865297396, 95.07321201679855, 103.30687107255918, 95.23955584449915, 87.3429649882196, 0.721208471838, 0.584768630521, -0.371354263348, 0.466712204992, -0.0140380774772, 0.88429782884, -0.511896530423, 0.811078652869, 0.283043037366,  
816, 2904905.02367655, 88.51450454792489, 109.67131126421747, 87.49263640232452, 72.27345043112584, 0.680588031998, 0.701554079307, 0.211238738183, -0.36239161909, 0.0717604663045, 0.929259247944, 0.636767025775, -0.708993871119, 0.303076633217,  
817, 2139453.7769513177, 79.93520619128256, 107.76874139358839, 75.2555403469674, 62.9771509330041, -0.0751270051777, -0.544740034559, 0.835233038045, 0.473201066794, -0.756758614543, -0.450995731354, 0.877745226975, 0.36135120598, 0.314624573832,  
818, 3633017.9035131093, 95.3658702550331, 102.89084277721946, 100.6386983513651, 83.76010116449918, -0.62472436101, -0.762457484594, 0.168457878849, 0.77736702634, -0.586955157018, 0.226239143405, -0.0736205074669, 0.272290704644, 0.95939449292,  
819, 2544565.2898195656, 84.69185847960985, 100.45385433513925, 96.47222124698042, 62.68391403063325, 0.153722627548, -0.690690140225, 0.70662329708, 0.705386526186, -0.424077251496, -0.567968602511, 0.69195317938, 0.585752178792, 0.422013249301,  
820, 2373681.4096004446, 82.75189345867446, 108.44035021077352, 97.97002732479488, 53.33959066151435, -0.650580430506, -0.450404212113, -0.611458215379, -0.623517681807, 0.776438539881, 0.0914816607941, -0.433555998594, -0.440771187238, 0.78597070975,  
821, 3799600.2828389606, 96.80172593642962, 111.33824683189641, 103.62234059943442, 78.62334662253201, 0.548199878265, 0.683896159477, 0.481417632126, -0.402057183794, -0.289244359582, 0.868727645128, -0.73336683483, 0.669793806707, -0.116401641176,  
822, 2573377.4054175173, 85.01031486217376, 122.00564770564019, 93.57352648924854, 53.81234803367649, -0.366614651321, -0.827222467395, -0.42578948657, -0.125204861505, -0.409624438022, 0.903621360101, 0.921909670245, -0.384591743556, -0.0466020460541,  
823, 2210768.464058618, 80.81368004483495, 108.19475651514558, 85.77219787829858, 56.872444927995126, -0.475805476012, -0.812108393305, -0.337770789917, 0.146962736724, -0.452033484155, 0.879811163385, 0.86718573732, -0.368979249724, -0.334429679099,  
824, 3486155.062642359, 94.06311650270531, 110.16557649057043, 90.75520889570865, 83.24163827176301, 0.146542013235, -0.89644775335, -0.418218679485, 0.230781800039, -0.380133530496, 0.895677542291, -0.961907063665, -0.227771649918, 0.151178293302,  
825, 2829857.433485436, 87.74559348556326, 115.28562215332317, 86.64353145793235, 67.63393479799589, -0.830334551013, -0.0849089372363, -0.550758573035, -0.54981720784, 0.285870010337, 0.78484353546, -0.0908051284738, -0.954499245451, 0.284052141473,  
826, 3385513.1768258885, 93.14909354909602, 103.04713667861863, 92.18252140113425, 85.0846834651596, -0.843242082079, -0.520520488263, 0.134168596585, -0.50934162091, 0.853498720212, 0.110050205836, 0.171796112353, -0.0244613142425, 0.984828787092,  
827, 2168391.838499181, 80.2939922153278, 106.41017914313646, 81.51131607507968, 59.682646819163544, -0.964738003214, -0.163156033266, -0.206544653681, -0.155702941219, -0.278934579668, 0.947603342312, -0.212219648599, 0.946348566372, 0.243694915159,  
828, 3949267.655045325, 98.05640940047861, 101.59120036827416, 99.43182211936137, 93.33541634944342, 0.659091982526, -0.18576647688, -0.728758241557, 0.0609158657486, -0.952642425766, 0.297928961216, 0.74959123252, 0.240755528905, 0.61656285927,  
829, 2823691.9039366455, 87.6818221429182, 122.08344176168474, 88.55464696602637, 62.35346307358441, -0.466207460986, -0.462004184224, 0.754455258502, 0.0102433656653, 0.849928388142, 0.526798641314, -0.884616118314, 0.253325618109, -0.391510478057,  
830, 1922579.6241123301, 77.13744361829445, 99.20836568255287, 90.38968441093816, 51.18333268570238, -0.624289098146, 0.418883736264, 0.659393310119, -0.735879697209, -0.0320334058304, -0.676354146987, -0.262191138623, -0.907474669842, 0.328246143044,  
831, 3035803.065294504, 89.82453864770929, 134.5675602362689, 93.9806796958744, 57.306782507087505, -0.720580754515, 0.0856675661548, -0.688058459966, -0.0683032740561, 0.978741298741, 0.193391139642, 0.689998578966, 0.186350578878, -0.699410768273,  
832, 1354554.008774446, 68.63872993058801, 114.62791978101647, 98.17564158315447, 28.735155881607817, -0.521558697682, -0.108872112953, -0.846240738734, -0.853032000063, 0.0459739963534, 0.519829586045, 0.0176898767713, -0.992992071812, 0.116849533928,  
833, 2589180.3325635768, 85.18397396364175, 110.71237007251538, 86.54393365022237, 64.51206014564693, 0.377039294416, -0.43420774172, -0.818110632797, 0.554471821322, 0.813347850339, -0.176142765131, 0.741891076793, -0.387206548729, 0.547420056991,  
834, 3644165.513901485, 95.46331138138977, 102.84478347350745, 97.11017601274082, 87.10888909005011, 0.259940257836, -0.840023277183, -0.476226790665, 0.926982502323, 0.355200461831, -0.120565634832, 0.270433915668, -0.41011403988, 0.871017779124,  
835, 1325519.596723897, 68.14476755924606, 103.94795663394302, 79.11438502637988, 38.47920851359493, -0.849070453844, 0.167000178457, 0.501188891342, -0.247824677582, -0.963763149135, -0.0987092779335, -0.466542917201, 0.208018106818, -0.859689579817,  
836, 2734287.4996928163, 86.74647897922615, 110.77112936173552, 82.8086575637067, 71.1628347790176, 0.111710102863, -0.625258760169, 0.772380952477, -0.430974266716, -0.730830242103, -0.529290410508, 0.895422824339, -0.273749228417, -0.351111557193,  
837, 3291802.0461492394, 92.28158258369842, 107.07874861604759, 91.4639278098641, 80.24019338801928, -0.87014589825, -0.216869671532, 0.442508374303, 0.0168092545681, 0.884373277559, 0.466477603857, -0.492507426055, 0.413341809534, -0.765888362473,  
838, 3718924.2001972985, 96.11169559150821, 116.6703748962188, 95.67194268520115, 79.53962354789138, -0.26862776302, 0.012982030131, 0.963156577005, 0.0962781808462, 0.995263756298, 0.0134375329877, -0.958420386275, 0.0963406575311, -0.268605362714,  
839, 1483305.1312137188, 70.74796678641208, 100.99761683985963, 69.29177623078044, 50.599831354049485, 0.433070414418, 0.9013545939, -0.00314836656096, 0.717532493977, -0.342631912534, 0.60642435027, -0.545524643112, 0.264883499995, 0.795134954072,  
840, 3118083.1356933247, 90.62882728228827, 111.54498960276203, 86.18812000948095, 77.42863551905523, -0.717261435342, 0.378356521826, 0.585134493739, 0.669600249089, 0.141911205126, 0.729038213182, -0.19279922145, -0.914717197964, 0.355135055939,  
841, 2692265.5152765918, 86.2997941329103, 108.77940499931732, 97.1262943226662, 60.83391698833636, 0.726149371842, 0.0308772110122, 0.68684327733, -0.307065392492, -0.879257981381, 0.364165136871, -0.615156837324, 0.475344085919, 0.628991307948,  
842, 1052601.6211910371, 63.10423047382706, 116.16497094950049, 80.050465469334, 27.02317511595639, 0.284241694681, 0.577732369006, 0.765135261773, -0.611880717867, 0.72370618327, -0.319141578928, -0.738111540425, -0.377458170001, 0.559210768665,  
843, 3496604.3668285846, 94.15700348308583, 111.41625440706751, 89.61944983680378, 83.60015036227921, 0.575025523558, -0.643580704059, -0.505123276656, 0.482344525959, -0.232008939698, 0.844698532127, -0.660824791858, -0.729366663115, 0.177016567596,  
844, 963268.5297210591, 61.266008603104325, 88.39969903431692, 57.896208365187896, 44.93221762098523, 0.380337132639, -0.683534399211, -0.622996300656, -0.326714376278, -0.729489715825, 0.600918023393, -0.865217534421, -0.0250095901764, -0.500772541709,  
845, 3265821.643186523, 92.03816495696319, 125.55415045341437, 90.383410494991, 68.7043214868052, 0.395444955651, -0.170693965266, 0.902489256043, 0.852917688961, 0.432839715799, -0.291858178374, 0.340814763335, -0.88516289498, -0.316752184592,  
846, 1841688.574159556, 76.04007352915966, 101.04062407621367, 80.83300704481152, 53.83228682958993, 0.73369145854, 0.675749889898, 0.071126155306, 0.352838079511, -0.468351899732, 0.810031967063, -0.580691082514, 0.569217519337, 0.582056081806,  
847, 3398815.917690625, 93.27093808048033, 111.81414335299507, 100.12273893942674, 72.4785625963274, -0.16164114166, -0.975504600268, -0.149207627748, -0.0174263578495, -0.148350800583, 0.988781250843, 0.986695729886, -0.162427875754, -0.00698010052434,  
848, 2298457.7328706193, 81.86833741695419, 118.90543748836319, 82.53312933445947, 55.913655349186385, 0.409340319013, -0.22594361698, -0.88396266051, 0.469655377726, -0.778450490371, 0.416459674175, -0.782217571653, -0.585631553101, -0.212535537287,  
849, 3320672.4904982215, 92.55058005585701, 109.36084102783173, 86.42106568400445, 83.87952764853904, -0.4030510667, 0.741212556121, 0.536799575522, 0.158170649916, -0.521307679355, 0.838582344765, 0.901405504275, 0.422897446308, 0.0928755445157,  
850, 1232182.2455753514, 66.5061967022233, 127.45465685956654, 98.75981056112235, 23.369551690899012, 0.967377389108, -0.245646649392, 0.0619573295452, 0.0958491917307, 0.58126888663, 0.808046665658, 0.234507823935, 0.775747513743, -0.585851410713,  
851, 3140153.4512691116, 90.84215343338677, 105.72745937933598, 90.83277404419333, 78.06060053612036, -0.223258380531, -0.559555943754, 0.798155900393, 0.224674081044, 0.767236212688, 0.600724688395, 0.948513180103, -0.313441764527, 0.045574196874,  
852, 3101750.766830891, 90.47031372385136, 109.29320594787234, 87.7094579806415, 77.24647961263574, 0.600749672481, 0.472821765351, -0.644623463136, 0.533486106198, 0.363430959833, 0.763747675563, 0.595392648181, -0.802718827265, -0.0339128124339,  
853, 3952597.545699448, 98.08396095545615, 111.4302806518982, 101.22022076546061, 83.66108310417927, -0.529701180994, 0.715537653744, 0.455436631079, 0.830778725765, 0.545912962584, 0.108562176191, 0.170948435704, -0.435872576974, 0.883624201215,  
854, 3130412.8801510194, 90.74812714116044, 113.83819397413878, 88.6981402458284, 74.01342493146552, -0.573294698198, -0.456427413295, 0.680446328089, -0.811299880133, 0.432345261248, -0.393535360003, 0.114567419076, 0.777657759859, 0.61816075176,  
855, 3015249.8851762824, 89.62136758144206, 113.18116580766998, 82.43453493911645, 77.15273838507281, -0.933470684701, -0.0939028442388, 0.34614265361, 0.0570803928958, 0.913918394651, 0.401864400844, -0.354082348545, 0.394886596079, -0.847756018372,  
856, 3164139.669470383, 91.07286775375117, 104.5606454081156, 94.36420482422685, 76.55816164851204, -0.399244069562, 0.632913785952, 0.663343284032, 0.794897540884, 0.599486201108, -0.0935638508087, -0.456882996419, 0.489935132678, -0.742442922622,  
857, 3230209.73946883, 91.70240048745386, 100.58788846701935, 90.52042351992536, 84.69345387527653, -0.0912144491344, -0.971707523184, 0.217863291208, 0.104223736583, 0.208258558511, 0.972504902579, -0.990362225149, 0.111413025243, 0.08227879924,  
858, 1815606.2703438993, 75.67940138919992, 91.4865863567802, 79.62386973828521, 59.50210925143296, -0.465084300817, -0.447122829808, 0.764053511344, -0.443251571947, 0.864713144963, 0.236218587106, -0.766305837835, -0.228806363531, -0.600352405599,  
859, 3419645.320260261, 93.46108495279903, 113.3972229428277, 89.06107301010178, 80.8354969617243, -0.938617827957, -0.218851178589, 0.266647210134, -0.344793823866, 0.619103051189, -0.705569720887, 0.0106673363919, 0.754198630096, 0.656559695911,  
860, 2581463.0931836106, 85.09925740659543, 119.20832006782435, 83.1324789301939, 62.18705815195856, 0.0393761179348, -0.448766787078, 0.892780987786, 0.491483284849, -0.769224042702, -0.408336323198, 0.869996380481, 0.454865631747, 0.190272318021,  
861, 2506169.9494553558, 84.26372159939633, 119.8796243847865, 77.52122255451498, 64.3807337764796, 0.168693543456, -0.293473369497, -0.940965392452, 0.344297933581, 0.912057601994, -0.222732717795, 0.923580760588, -0.286398868784, 0.254900503396,  
862, 3354224.507768657, 92.86124589140915, 107.74894017421713, 90.7474672856827, 81.89473811541238, 0.606572230557, -0.754959012935, -0.249212796431, -0.384939398935, -0.553160597139, 0.738806478666, -0.695623309173, -0.352207669649, -0.626145325923,  
863, 1760458.6850658339, 74.90527613442602, 100.93301021781214, 78.13529245794335, 53.29135467621177, 0.388463048517, -0.582324446385, 0.714139131458, 0.577622260413, 0.757722395841, 0.303659834546, -0.717947758693, 0.294542034322, 0.630710714833,  
864, 3126972.287322419, 90.71486828942217, 118.90623240945617, 98.74599140667786, 63.57865409335608, 0.0566182955395, 0.876168922106, 0.478667304655, 0.95521567326, -0.187010828013, 0.229325026469, 0.290443430239, 0.444246519561, -0.847518521148,  
865, 2693990.6154246056, 86.31822272649237, 126.47195058668952, 81.16787601174511, 62.65115342423386, 0.632374921185, 0.0492350853688, -0.773096284705, 0.523497730613, 0.708456883192, 0.473327551174, 0.571009706659, -0.704034623457, 0.422235910215,  
866, 1823918.9087224985, 75.79472335264005, 139.71283172052551, 91.00777155085576, 34.24539194293593, -0.162347358523, 0.805148316817, 0.570420479214, -0.647979170053, -0.522964479762, 0.553742853754, 0.744154775808, -0.279721899095, 0.606621239992,  
867, 1226856.563195898, 66.41024163299821, 112.81390092253602, 91.98466865758763, 28.22455583728022, 0.162102693515, 0.985779809273, 0.0442818742363, -0.953823398333, 0.145032110801, 0.263033480052, 0.252870800108, -0.0848755233697, 0.963769943496,  
868, 1222667.3774285282, 66.33456799700632, 142.1280163707053, 90.48019495658265, 22.697942576921264, 0.47021659531, 0.532948681653, 0.703464324767, 0.728122936791, 0.216166652418, -0.650468267713, 0.498731733915, -0.818069484278, 0.286407011924,  
869, 2605813.2416932657, 85.36599220003976, 112.96724738428395, 93.89999197330627, 58.64575416849257, -0.366642334761, 0.556587452158, -0.745509092139, 0.900419369916, 0.0106274285231, -0.434893108756, 0.234133202773, 0.830721051776, 0.505058588181,  
870, 3186695.019223221, 91.28875778079691, 113.68932056487495, 92.00976649857124, 72.72743865271451, 0.266459558878, -0.561797378498, 0.783187722705, 0.65168494306, 0.703694524246, 0.283056092559, -0.710145082691, 0.434968644915, 0.553621025133,  
871, 3849421.32877884, 97.22298397390787, 113.77688945362372, 96.71245037187299, 83.51613652914413, 0.639669024502, -0.406870341572, -0.652135004613, 0.280247265789, -0.666564284616, 0.690763001681, -0.715740881263, -0.624618747416, -0.312356224952,  
872, 3287723.8679603958, 92.24345794822169, 109.11069233753987, 86.60705475697277, 83.05889401721593, 0.465267317488, 0.871297115791, 0.156101439109, 0.736445468213, -0.478867621799, 0.477842937733, -0.491095098353, 0.107364504406, 0.864464266217,  
873, 2210068.1104495246, 80.80514543630878, 109.19680244381824, 100.48855821063155, 48.082884410491936, -0.993080494913, 0.0327043634619, -0.11278987204, -0.0835259173514, -0.871835538664, 0.482624299693, 0.0825502983335, -0.488705655926, -0.868534530178,  
874, 2989959.6877852525, 89.37009945244594, 103.74831191161333, 91.40418156857153, 75.2713352804556, 0.823431282409, 0.565616799392, -0.0451504085788, -0.216234650057, 0.386371046131, 0.896638160479, -0.524598417139, 0.728556827541, -0.440455956684,  
875, 2165326.927937024, 80.25614389864528, 98.99396284356396, 83.59605244294534, 62.46552405345505, 0.243904628402, 0.766641426016, 0.593945667684, 0.486835320095, 0.432892528679, -0.758680057548, -0.83875020319, 0.474199306759, -0.267643632687,  
876, 3414195.028565285, 93.41140523533129, 105.86687240550387, 91.76510910222413, 83.90001684106143, -0.433047312836, -0.883546137102, 0.178371097593, -0.0729734370289, 0.231604495287, 0.970069190961, -0.898412434427, 0.407069504353, -0.164771102723,  
877, 2773639.620373361, 87.16065281745878, 99.2990728211108, 84.32350735587711, 79.0801651115416, -0.980721729927, -0.132757748975, -0.143388523031, -0.1947794732, 0.605258383256, 0.771831099606, 0.0156794537456, -0.784880672195, 0.619448533088,  
878, 1190845.1550053256, 65.75400771219876, 102.59321572363585, 70.08311100434356, 39.53981837043106, -0.709729629653, 0.339276026081, -0.617394226503, 0.687637642847, 0.143181616716, -0.711795965691, 0.153095803119, 0.929726197738, 0.334919202654,  
879, 1872583.2023102583, 76.46291277601112, 117.18670693697979, 77.60788107378933, 49.1550721175453, 0.745900788096, 0.00172329495709, -0.66605483601, 0.28456534313, 0.903311332954, 0.321015889399, 0.6022080868, -0.428982127847, 0.673290245125,  
880, 2335044.74453596, 82.30044799011621, 112.90621838058425, 72.71558917586982, 67.8986608315429, 0.82648670809, -0.555742988754, 0.0898301274669, -0.432430440972, -0.728893225442, -0.530771683143, -0.360449212887, -0.399830459515, 0.842740748139,  
881, 3302683.7490860573, 92.38315575200303, 105.65484652764331, 95.25548387619311, 78.3427783297018, 0.733475506126, -0.464695537264, -0.49605618589, -0.0603099625446, -0.771413552461, 0.633469683172, 0.677034999339, 0.434717366489, 0.593838716271,  
