# Void_ID, Void_Volume, r = (a*b*c)**(1/3.0), a, b, c, vector_a, vector_b, vector_c 

4, 480158.41825047863, 48.57714418609401, 94.96724583955817, 39.06716458273781, 30.89656531758529, 0.839280681856, -0.543447655738, 0.0165100737779, -0.425664019029, -0.675665866652, -0.601901802244, -0.338257416722, -0.498136810639, 0.798399422544,  
6, 539816.31307286, 50.51098044153686, 109.41019147051766, 51.81464749814715, 22.7324931742172, 0.790680593006, -0.371551110235, -0.486594258419, 0.330994773707, -0.409196250361, 0.850294589227, -0.515040444646, -0.833371586493, -0.200562058239,  
11, 948544.9768787619, 60.95225438115497, 127.42632819538912, 70.4111429264066, 25.238803143745375, -0.0699907122406, 0.808183237228, 0.584757347337, -0.385119502498, -0.56263947744, 0.731518822192, 0.920208818147, -0.174001935306, 0.350626664009,  
15, 1671423.3087896483, 73.62058797992634, 130.15187457237846, 78.98691866643911, 38.81434353525317, -0.85463465194, -0.376368720864, -0.357695677438, -0.473110380782, 0.848300812196, 0.237807274118, -0.213930314118, -0.372467875102, 0.903051218214,  
20, 2445499.9088129723, 83.57820004923249, 143.1567369150833, 76.91761581819624, 53.020209191326224, 0.300867832669, -0.926673095785, 0.225289859546, -0.847509562531, -0.368127013582, -0.382374218914, -0.437271184374, 0.0758912077937, 0.896121886741,  
23, 2433567.952776465, 83.44204823719348, 116.3189804419976, 88.16340203851605, 56.65209061148767, 0.556689021001, 0.511269979445, -0.654752122574, 0.26624634179, 0.636787365335, 0.7236122835, 0.786899116393, -0.577152371101, 0.2183687733,  
25, 1155615.2998481505, 65.09908603031788, 115.83487460172546, 97.54257670160158, 24.416933316041796, -0.299418819248, 0.545143315151, 0.783049894085, -0.784459375009, 0.326512774745, -0.527269283089, -0.543113118642, -0.772145176683, 0.32987871481,  
26, 1706290.508195325, 74.12899664225083, 122.90970978533323, 84.57386503534063, 39.18699793396007, 0.523789409821, 0.479651819154, 0.703973569491, 0.531262368937, -0.829936631765, 0.170192486927, 0.665886589076, 0.284849643914, -0.689532980249,  
27, 469476.7282135853, 48.21422090080925, 92.7570015179621, 77.53593309644492, 15.583885233063846, -0.717454779456, -0.326198942734, 0.615510267336, -0.0494103396406, 0.905190034279, 0.422125123842, 0.694850529087, -0.272443116268, 0.66555051696,  
29, 2158073.2586159343, 80.16642645424882, 147.78566878828983, 98.45828991491439, 35.407312523076975, -0.878564441136, 0.450368703701, 0.159036327606, -0.123673518669, -0.536127379876, 0.835028318878, 0.461334351151, 0.713957606076, 0.526721134163,  
32, 858013.507726815, 58.94792268509752, 114.09602234910233, 78.87932403854711, 22.759977652555314, -0.980279220828, -0.0105466130053, -0.19733580052, -0.142068099842, -0.656507548275, 0.740820149608, -0.137365586011, 0.754245721242, 0.642062370621,  
35, 3588782.1301889434, 94.97722902247428, 142.17586897631986, 93.8228043585464, 64.22796813862809, 0.0569788767163, -0.350400303344, 0.934865249661, -0.925136660859, -0.370560454059, -0.0825052036031, 0.375333939768, -0.860177061601, -0.345282285028,  
37, 1399762.7559714417, 69.39400315910011, 119.75365405971499, 80.57272852422263, 34.632909634991265, 0.710230888468, 0.457347140095, 0.535168831784, 0.639632308674, -0.736749178223, -0.219251358236, -0.294011215376, -0.498030362362, 0.815796030511,  
40, 467328.0804527517, 48.14055461393016, 76.75837698657067, 55.377247306710615, 26.246785425399935, 0.0299603659812, 0.366089899836, 0.930097071121, -0.0378537363082, 0.930262842568, -0.364935800362, 0.998834055846, 0.0242740391328, -0.0417288857556,  
43, 2461496.699305899, 83.76004130104813, 123.711404585827, 92.22275289816216, 51.506593599175794, -0.511529996622, -0.682754786772, -0.521711571365, -0.859180656514, 0.414939247632, 0.299389412382, -0.0120690524903, -0.601391155501, 0.798863577876,  
45, 1947883.9152195032, 77.4743879579208, 111.55709694007567, 97.77567175180263, 42.633054529327815, -0.3923231692, 0.81714258435, -0.422327512424, -0.32727499187, -0.553098454905, -0.766141748554, -0.859635742978, -0.162357925654, 0.484423671358,  
51, 2035324.715189884, 78.61674024786201, 112.09377973759703, 98.89360050466541, 43.83241451959612, -0.0930462089209, -0.474980101691, 0.875063601119, -0.993487429488, -0.0137610548619, -0.113107739867, 0.0657657240065, -0.879888934108, -0.470606346302,  
52, 1746756.3475598348, 74.71043073102703, 124.72944086134194, 78.32347163927467, 42.6857401494158, 0.746466985749, 0.564226382355, -0.352754346027, 0.614214615465, -0.788170989253, 0.0390755403039, 0.255983291127, 0.245835475786, 0.934899713076,  
53, 1492156.5259332526, 70.88841365276956, 110.66923310286934, 76.99799741217866, 41.804154374228254, -0.968629243637, -0.163267119654, 0.187353238591, -0.20771451425, 0.118029796785, -0.97104255707, -0.136426056676, 0.979496204541, 0.148240063239,  
55, 1699034.0236333567, 74.0237624572165, 113.4134805392775, 85.07100313964854, 42.040438174232165, -0.00854984896624, -0.721289138717, 0.692581315407, -0.224380435293, -0.673561144349, -0.704250527214, 0.974464119576, -0.161422932669, -0.156084324864,  
56, 519295.5072253741, 49.862645735031116, 122.11715029259203, 49.09982682297932, 20.67613382595367, -0.0850998746818, 0.474766502881, 0.875987887514, 0.140470400046, -0.864679342656, 0.482283838724, 0.986420842258, 0.164092663231, 0.00689346311189,  
57, 413470.24894097977, 46.21524064289005, 119.29892525817722, 50.147000087142644, 16.499628558564368, -0.686023694924, 0.040709910071, 0.726439394048, 0.126382132319, -0.976587942674, 0.174079139629, 0.71651869943, 0.211231374198, 0.66481746361,  
67, 4226698.362374546, 100.30075807216343, 133.47237362434333, 110.95124973343233, 68.13795012049304, -0.13877918837, -0.594967934711, 0.791677644967, 0.137665277061, 0.780061588375, 0.610370534866, 0.980708217752, -0.193693249771, 0.0263498885389,  
72, 2252013.3480278603, 81.3131496432037, 119.06150377654754, 74.8399281554487, 60.336154285994496, -0.914584971121, -0.283616170056, 0.288264112718, -0.0838731760121, 0.830365904437, 0.550869998361, -0.395600329808, 0.479639794879, -0.783227965681,  
75, 1002262.0453214903, 62.08178922905214, 88.66942760351844, 60.28079691891204, 44.765123298788396, 0.632240905519, 0.413693332187, 0.655079586228, 0.513426073762, -0.856919676391, 0.0456326088908, 0.580228493069, 0.307484137992, -0.754180615445,  
85, 2722729.8645252925, 86.62408266943777, 139.33846698240342, 100.30702126750488, 46.506492225674435, -0.0261181174699, 0.135922709376, 0.990375111266, 0.747010475399, -0.65570058914, 0.109690870386, 0.664299024223, 0.742685501728, -0.0844100227365,  
87, 381028.74393781065, 44.97346783066899, 83.30044247890349, 39.003174184082766, 27.99766862133416, 0.246134815966, -0.803433681805, 0.542136487713, -0.395674687287, 0.427320986805, 0.81291962461, -0.884793305925, -0.414597507442, -0.212719798358,  
93, 2188669.8926268565, 80.54350994905828, 123.54614893087354, 89.35629078588049, 47.33008770422078, 0.410479076535, -0.896560287931, 0.166392841891, 0.217709227901, 0.27355392852, 0.93689430582, -0.885499644164, -0.348350252327, 0.307477612013,  
95, 1902137.2042141121, 76.86307299046403, 139.26229232746485, 116.42613094669734, 28.007169894887063, -0.556559218235, 0.382041888015, -0.737757299116, -0.468189000282, 0.589344389748, 0.65838609515, -0.686324192064, -0.711840702738, 0.149137243214,  
99, 242195.29278244724, 38.6686517231047, 79.3001313580891, 50.675329408676895, 14.388204493539092, 0.857512844851, -0.354505943091, -0.372823359286, -0.413853348446, -0.0448493329513, -0.909238111451, -0.305609435222, -0.933977555216, 0.185172350681,  
100, 1610521.9446585542, 72.71533554320573, 108.40292050776289, 63.729694070812485, 55.65385100824176, -0.671668347377, -0.0288522564316, -0.74028992863, -0.7407977328, 0.0382461785456, 0.670638463634, -0.00896382786027, -0.9988517293, 0.0470624336879,  
101, 3240972.8544184673, 91.80413890325525, 131.25910868547638, 80.42048326871031, 73.29775191474022, 0.798709588884, 0.412369078922, -0.438194860049, -0.325058834567, 0.908533734509, 0.262494204372, 0.506359305922, -0.0672175275375, 0.859698817783,  
102, 1065640.0492651954, 63.36371640556716, 127.87349405313925, 60.70626884839494, 32.772370165289566, 0.470304603145, -0.415975785185, -0.778317240205, -0.332969919623, -0.900398844322, 0.280023130776, -0.817278785291, 0.127460061521, -0.56196914491,  
109, 3276980.9923164146, 92.14287759276583, 121.75976266519658, 100.43736513856497, 63.97145212931051, -0.399564713244, 0.178591896105, 0.899140130667, -0.848374486934, 0.299543944125, -0.436502182649, -0.347287733514, -0.937218416477, 0.0318256180906,  
110, 587539.8371443468, 51.957658335049004, 80.66359291067938, 71.63058662278927, 24.27574903031479, -0.56514773651, 0.557229289826, 0.608361368332, 0.322693446557, -0.529355098182, 0.784635023165, -0.759260808594, -0.639748934027, -0.119349595491,  
116, 384949.1869103889, 45.127187325662014, 140.84608099700355, 63.31108486887126, 10.306003236935897, 0.623600883331, 0.620823214187, 0.475079440763, 0.682370933684, -0.728804687512, 0.0566889435745, -0.381433935528, -0.288829126279, 0.878114963226,  
123, 3714003.1115216482, 96.06928342006907, 133.87658186889414, 106.82503634364686, 61.99775867051632, 0.436040940132, 0.641341339167, 0.631307837117, -0.404120597987, -0.487256071725, 0.774124061665, -0.804086339152, 0.592674284277, -0.0467156498982,  
125, 2461374.366275105, 83.7586536914328, 134.2685981818845, 74.52983186985306, 58.71978649540102, 0.519429920552, -0.585622271898, 0.622285394567, -0.593321973773, 0.276900913422, 0.755840538463, -0.614948447492, -0.761821789399, -0.203631942789,  
132, 2554253.981758214, 84.79921330368614, 95.8623427165012, 85.79605012209353, 74.14128985247721, -0.795860266872, -0.580620212589, 0.171716639693, -0.574150030515, 0.813739501844, 0.0904420565796, 0.192245098961, 0.0266118746339, 0.980986049877,  
134, 4185348.679747411, 99.97260571012765, 108.4883182933889, 99.72504666216163, 92.35402125127965, -0.268081836658, -0.0490383579209, 0.962147269552, 0.960941499298, -0.0848580220691, 0.263420862913, -0.068728187674, -0.995185588492, -0.0698718875951,  
137, 2163506.6464617047, 80.23364849225372, 118.86526280564303, 77.74530748615024, 55.89082033028548, 0.591972976124, -0.268429519236, -0.759943148362, -0.575996495109, -0.800429492772, -0.16595380298, 0.563734009229, -0.535964756588, 0.628447091277,  
138, 1636979.537785739, 73.11136300810969, 135.26174807455914, 62.188611870102065, 46.45888501313213, -0.138639307689, -0.713015239759, -0.68730517984, -0.941335570276, -0.120737332356, 0.315134639018, 0.307679194124, -0.690674861601, 0.654447667164,  
143, 3159360.5696951305, 91.02699265734707, 104.77740265384631, 99.48301114772794, 72.35924618923654, 0.976829052405, -0.194169312726, -0.0900182224499, -0.142753882808, -0.90448940678, 0.401895809839, 0.159456361807, 0.379733052313, 0.911249953449,  
145, 627701.8858959244, 53.11554085081316, 93.43708048580812, 59.61404707717716, 26.902767467477016, 0.0681556053488, -0.97968447697, -0.188608427817, -0.986704532558, -0.0941484543431, 0.132477296073, 0.147543142468, -0.177071720297, 0.973075858801,  
146, 2433963.033092422, 83.44656349046193, 129.03825968683324, 100.12884816370955, 44.97256427412888, 0.0692484069957, -0.665911676434, 0.742809731571, 0.942666122151, -0.19999761722, -0.2671732308, 0.326473950382, 0.718722889781, 0.613882861324,  
152, 1361459.8074906622, 68.75517711490188, 102.40262638547976, 68.46332607837284, 46.360394820981874, -0.0352704032345, 0.372162946691, 0.927497029519, 0.689313076496, -0.66291754438, 0.292211929814, 0.723604506086, 0.649642263453, -0.23315541664,  
155, 1009327.1647052659, 62.22732290683712, 148.4682182500196, 53.48019606945645, 30.34707689533481, 0.0599516659269, -0.998006569052, -0.0197151180768, -0.790081088865, -0.0353719119837, -0.61198096446, -0.610063661244, -0.0522658202921, 0.790626721822,  
159, 3268251.629059175, 92.0609867781854, 135.90690829845732, 104.93396219120876, 54.71032219673962, 0.0509778250012, 0.40276524674, 0.913882605905, -0.252038926491, -0.88026457495, 0.402008280539, 0.966373447944, -0.250827498706, 0.05663854696,  
160, 615200.6004572748, 52.76055805181047, 106.63855633918772, 77.32036207156892, 17.81230017529759, 0.752450783482, -0.0572325296182, -0.656157188477, -0.00420271596026, -0.996614491201, 0.0821090318214, 0.658635070138, 0.0590253630365, 0.7501438868,  
172, 783354.043718364, 57.18601406852633, 98.06134251735621, 78.587665414534, 24.267065264503877, -0.531626394009, 0.745241826813, 0.40247732453, 0.317597032771, -0.265116835681, 0.910409352003, -0.785178643347, -0.611823244905, 0.0957434855484,  
189, 499995.00139750895, 49.23708701329073, 129.95050695349565, 66.6917527556795, 13.772949139918465, 0.697465377499, -0.384365570521, 0.604818282948, -0.609260954161, 0.126292479335, 0.782848196906, 0.377283894335, 0.914501677342, 0.146094302467,  
201, 1896147.278700091, 76.78230626015109, 105.70104146629747, 79.00682698745761, 54.20502774439033, -0.130038173444, -0.675868982469, -0.725459297262, 0.138426263465, -0.736881557576, 0.661697619526, 0.981798473736, 0.0143766700007, -0.189380749627,  
202, 1671545.2544751954, 73.62237836913089, 118.72342631018368, 74.08250410760704, 45.37090626217024, -0.723487777827, 0.679004585713, 0.124572099264, -0.179871744336, -0.359632828848, 0.915592913911, 0.666492003646, 0.64001328189, 0.382323695421,  
207, 615849.9103234499, 52.779113465807924, 113.61904983794896, 84.99785315616575, 15.223943500971165, -0.511073588128, 0.41336009149, -0.753616097413, 0.412842484581, 0.887065087486, 0.206583187817, -0.753899774799, 0.205545531032, 0.624008144362,  
212, 1938214.3374254531, 77.34597721325125, 107.48774039738386, 76.2770567195359, 56.43653380093223, 0.203716525343, 0.259916300399, 0.943897819729, -0.446436806309, -0.83338165416, 0.325836149748, 0.871317252942, -0.487768936379, -0.0537374118124,  
215, 1170308.8087492762, 65.37383384229591, 106.47989216245085, 79.87584287248399, 32.84950335922545, -0.825249295722, -0.351183745536, 0.442304845984, -0.548632172062, 0.684364209251, -0.480258647892, 0.134038575377, 0.638995779303, 0.757441782808,  
220, 1025743.7844479758, 62.5628841607714, 109.91079076741308, 64.10881173759869, 34.752993967770315, -0.0835296787824, 0.9899271174, 0.114311394875, 0.122678896954, -0.103624297124, 0.987021728883, 0.988925012832, 0.0964692037974, -0.112787462574,  
222, 2490784.521610143, 84.09093530747317, 118.70710401823918, 88.58047501992013, 56.550029261694945, -0.77754210544, -0.627671160027, 0.0381731468202, -0.611459123691, 0.740497640398, -0.278892424817, -0.14678560666, 0.240191922086, 0.959563351865,  
223, 904679.9929262792, 59.99781836380843, 157.93531534924782, 80.2248245233538, 17.045837695725655, 0.319319506714, -0.27680637414, 0.906318533336, -0.480445266088, -0.87165019924, -0.0969447082541, 0.816827643341, -0.404480112491, -0.411325223727,  
225, 2763979.774541796, 87.05934936560777, 113.94605134255063, 91.39050989685487, 63.364479419518496, -0.207975703198, 0.0757926395358, -0.975193100197, 0.967158103952, -0.133003650752, -0.21659924018, 0.146120870649, 0.988213289062, 0.045641937754,  
227, 3825647.0573115773, 97.02241872237721, 153.93635314956677, 91.38557906392622, 64.92282809573908, -0.988686831467, -0.149991367412, 0.000969013110536, -0.134133816163, 0.88123157402, -0.453253827685, -0.0671302364504, 0.44825606817, 0.891380967209,  
232, 577449.621638747, 51.65850465425232, 114.8961007823694, 65.36580346080568, 18.35564279759368, 0.160192923643, -0.723673385687, -0.6712935707, -0.275724341472, -0.685811450302, 0.673527090884, -0.947794447512, 0.0771977038745, -0.309396509001,  
235, 1913238.2436984668, 77.0123095907811, 128.27002369409237, 87.33936932452133, 40.77042301968931, 0.171223838713, 0.797355620395, -0.578710991499, -0.241827447977, 0.603429498682, 0.759863359773, 0.955092604129, 0.0098414808333, 0.296143989967,  
236, 1384637.651861285, 69.14315235777244, 139.303867999364, 57.56210207826963, 41.223770049477714, -0.930854147716, -0.258432173052, -0.258308667316, 0.0255911311682, -0.751312503049, 0.65945023828, -0.364493689499, 0.607241578529, 0.705975931333,  
237, 1629295.5636091025, 72.99678875341267, 109.52856165549173, 89.02671605632612, 39.889953257371445, -0.686066372643, -0.364901187321, -0.629412468752, -0.664034676648, 0.667555330121, 0.336790482994, -0.297272401237, -0.649012330175, 0.700294305806,  
238, 1968982.84890406, 77.75311098337917, 117.12941875377713, 84.2728650771346, 47.62111684539871, -0.617910356118, -0.772722317801, 0.145213674885, -0.768575927346, 0.554691713064, -0.318760329029, -0.165764398188, 0.308573043264, 0.93664552594,  
244, 1731877.2401424283, 74.4976943505492, 108.8290739157856, 68.24114054269127, 55.67205919481028, 0.607504485624, 0.649673730753, -0.457014598801, -0.491423422892, 0.759433815276, 0.426337072807, 0.624052337052, -0.0344140056638, 0.780624337844,  
247, 787167.6489434721, 57.27866350621892, 139.73589763235432, 60.99700390161423, 22.04764133120844, -0.123612627128, 0.983779342158, 0.129992785789, 0.983417718339, 0.138964558428, -0.116526575329, 0.132700827697, -0.113433052694, 0.984643810159,  
248, 3562815.450034338, 94.74760465010343, 127.5211819914, 98.1406035861385, 67.96317563753514, -0.511713143642, 0.831083921882, -0.217828311782, -0.156078315773, 0.159395969141, 0.974798689149, 0.844860472486, 0.532815577673, 0.0481491663408,  
255, 547670.0977764297, 50.75476330090959, 120.4341483513306, 71.78977222863242, 15.122312169309007, -0.91233256996, 0.050045155028, -0.406380073637, -0.162465071065, -0.955273840784, 0.247097126241, -0.375838239772, 0.291457323756, 0.879658027846,  
256, 2874516.70636601, 88.20477082615461, 127.61700583969343, 118.1909034656586, 45.49709045356591, 0.23579099184, 0.787047802407, 0.570051194975, -0.567825295328, -0.36446057637, 0.738067017457, 0.7886552112, -0.49771904223, 0.36096913005,  
258, 2374723.4088484226, 82.76400050276548, 125.26459008748793, 94.65279068971978, 47.81483698461875, -0.511630614154, 0.858901168808, -0.022866938609, 0.858829709636, 0.512012750672, 0.0159522097726, -0.0254095357554, 0.0114771673627, 0.999611239494,  
264, 453315.1460332031, 47.65449520477491, 125.04235626308292, 50.47340910873612, 17.147145482368273, -0.631643524613, 0.744786721561, 0.215218951769, 0.770983107689, 0.632585750862, 0.0736227917515, 0.0813111645036, -0.212433535942, 0.973786674449,  
269, 1656787.998554028, 73.40507896941641, 149.39612671320805, 86.64973948161276, 30.554257287035533, -0.781622504592, 0.430373920199, 0.451491471821, 0.104721658135, -0.623014499693, 0.775168567146, 0.61489806849, 0.653170132496, 0.441892683106,  
272, 3396866.2312350133, 93.25310011651936, 99.1577310243813, 96.16544201234751, 85.04410651915829, -0.305679149433, 0.357480579652, 0.882478267593, -0.852758318664, -0.515052243275, -0.0867435106955, 0.42351329088, -0.779056366298, 0.462285269697,  
273, 4186185.1745526656, 99.97926552918426, 110.85716260895757, 97.0669434673886, 92.87412026408131, -0.577602093919, -0.745583642397, 0.332386602153, -0.792942399179, 0.415701533837, -0.445459971659, -0.193954047869, 0.520862042153, 0.83131495858,  
274, 2767374.1870444743, 87.09497365588261, 104.52029870438827, 89.58052459089298, 70.56104967726462, -0.725072637078, 0.552963767932, 0.410488419223, 0.655668183596, 0.371978025528, 0.657062844441, -0.210639274545, -0.745562485563, 0.632271837218,  
275, 3724213.185971439, 96.15723677248525, 99.71414225348944, 95.24424752524277, 93.6160712568057, 0.739057016966, -0.659997924757, 0.13489797993, 0.424859465781, 0.612076302567, 0.66697603718, -0.522770657181, -0.435620636738, 0.73276565206,  
276, 3183522.005463531, 91.25844877465532, 95.86369448653348, 94.46424187640129, 83.92621575643531, 0.959645062568, 0.0499792331976, -0.276737113769, 0.250743498932, -0.597599329693, 0.761579108756, 0.127314773815, 0.800235663664, 0.58601521394,  
277, 3601208.857219317, 95.08672730502583, 108.05099978445904, 93.72983852201844, 84.8893174730394, -0.0143544027772, -0.999811095919, 0.0131043350824, -0.718267579284, 0.00119297730608, -0.695765953, 0.695618886798, -0.0193997237658, -0.718149020084,  
278, 3812545.842647874, 96.91153854200041, 113.27574591058409, 95.51712959231084, 84.12174472115774, 0.337442622742, 0.756370437766, 0.560389362168, 0.772860483282, 0.117257227688, -0.623648471445, 0.537418970392, -0.643548369145, 0.545001235626,  
279, 3211926.4763355856, 91.52905855743842, 102.6199760507131, 93.10906495079766, 80.25149134759204, -0.971559669869, 0.219691935932, 0.0883587073851, 0.218587819136, 0.97556690331, -0.0221039021634, 0.0910558796021, 0.00216112273969, 0.995843439672,  
280, 3427484.4124459736, 93.53244624605682, 105.02416424147471, 92.27893407280284, 84.42966684766114, -0.630249515003, 0.0842538691081, 0.771807511222, 0.0256844915401, -0.991287567365, 0.129186940832, 0.775967689877, 0.101243490296, 0.622594490772,  
281, 2778939.4361017067, 87.21613244649029, 101.09870402984757, 95.08679417083981, 69.01201032775185, -0.813264625616, 0.580662161831, 0.0378431306682, 0.574894565678, 0.791724356744, 0.206564230428, -0.089982704312, -0.189747191694, 0.97770093391,  
282, 2989569.664782267, 89.36621334539427, 113.01411343054271, 89.05861487307963, 70.91064734085131, -0.531856524099, 0.570068130602, 0.626219581493, -0.0789517095176, -0.769641957339, 0.633575477009, 0.843146052198, 0.287530144464, 0.454346949684,  
283, 3437573.985362097, 93.62413428254025, 99.64366442573774, 95.99107751936661, 85.79913067295224, 0.780986235388, -0.459021538108, -0.423508828347, 0.227846492508, -0.421963635545, 0.877515051797, 0.581503633683, 0.781822177884, 0.224961343751,  
284, 3522407.5906750294, 94.38804690490954, 111.7282599237265, 94.1982137388735, 79.89972721003076, 0.181687460246, -0.877798819329, 0.443236843655, 0.102594727166, 0.465199823604, 0.87924026641, 0.977989769244, 0.114273167906, -0.174578504834,  
285, 2036425.5380640915, 78.63091120667323, 102.79733718734427, 95.77905571338113, 49.377319415800976, 0.515359284439, -0.525961834625, 0.676586252048, -0.695038764231, 0.205325876081, 0.689030043487, -0.501324170731, -0.825351702687, -0.259747266996,  
286, 2771312.0663447487, 87.13626513789833, 122.9455043403682, 87.24325089938402, 61.681131287453184, 0.888173098346, -0.0776701464728, 0.452897224236, 0.349250784847, 0.754615463524, -0.555499227267, 0.298617542448, -0.65155418083, -0.697355513913,  
287, 3725445.0580367344, 96.16783770122854, 115.6353346137373, 102.21585651266848, 75.24553250945539, 0.317069399126, 0.208886684056, -0.925112614421, 0.299017058677, 0.903674799526, 0.306530023525, -0.900030996554, 0.373815743283, -0.224066943828,  
288, 1591062.7873574407, 72.42128665680785, 116.9923039457208, 67.77502181174441, 47.90399676569694, -0.764304588795, -0.541049275212, -0.350862048874, 0.152141217949, -0.680029610298, 0.717225751712, -0.626651055491, 0.494798353787, 0.602065647368,  
289, 3679390.487433693, 95.7699125017169, 112.0569980409041, 93.65723295065128, 83.69643609040952, 0.575626360502, -0.268237493009, -0.772465494659, -0.43601840644, -0.899851758895, -0.0124403078094, -0.691767477076, 0.343970143119, -0.634934877214,  
290, 3575595.720896823, 94.86076001486812, 103.00753307220758, 98.20589362337702, 84.38266967162099, 0.698906070016, 0.331964698285, -0.633505915037, 0.537372506732, 0.340786208155, 0.771424363979, -0.471975734867, 0.879581832136, -0.0597888473929,  
291, 3174379.216828405, 91.17100299226254, 99.31822117296564, 93.8411233387027, 81.31076878401849, 0.143250177572, -0.654987310913, 0.741937335069, -0.245548684745, -0.74975055, -0.614475350355, 0.958741482385, -0.0941580337374, -0.268233172142,  
292, 3346699.829590117, 92.79175400597565, 99.27297566296824, 90.37048171387298, 89.05750320149548, -0.780505019643, 0.0984336819874, -0.617351378522, 0.573735420417, -0.279400046413, -0.769911216585, 0.248273199664, 0.955115921925, -0.161598248796,  
293, 3134259.881113255, 90.78528573500108, 97.90571819180782, 87.89155294100178, 86.95432714010077, -0.781860613225, -0.606468656377, -0.144532869339, 0.00215899988221, -0.234458714948, 0.972123680251, -0.623449533007, 0.759753170324, 0.184623400403,  
294, 3681243.34753733, 95.78598567765864, 111.73360739506549, 95.04427040992914, 82.75536457300876, 0.419904312771, 0.551554385397, -0.72074137391, 0.304201491144, 0.662672132396, 0.684344283041, 0.855068313588, -0.506609716542, 0.110475219861,  
295, 3742719.9227527888, 96.31625175320443, 108.5911591267125, 96.63297368466277, 85.1488734521216, 0.550501454037, -0.831500125809, -0.0745365003355, -0.515362373376, -0.408719820308, 0.753226216083, -0.65677223846, -0.376238819456, -0.653524733673,  
296, 3059831.340674269, 90.06090216740112, 96.85237236279009, 91.3003098709399, 82.60880974265447, 0.178512494703, -0.932800712557, -0.313075262337, 0.968344586811, 0.222975194314, -0.112208840626, 0.174476503946, -0.283134055481, 0.943076378772,  
297, 3680815.190411232, 95.78227198289466, 119.92889402018395, 94.59830994445323, 77.45477506686397, -0.504812771471, 0.181119211838, -0.84401415679, 0.844186419237, 0.307815608492, -0.438860844397, -0.180314601004, 0.934047847956, 0.308287629322,  
298, 2315134.7549980883, 82.06586569342186, 119.60297995978155, 90.97543518133584, 50.79506533230953, 0.507818403904, -0.853984881606, -0.113270872884, -0.707125273678, -0.338119929563, -0.621006248405, -0.492030807959, -0.395455098868, 0.775577816082,  
299, 3540680.542180147, 94.55098227158418, 112.28144915515351, 104.67939057134453, 71.91656574907333, 0.619546229515, -0.493494868322, 0.610430409165, -0.195704790016, 0.655990964878, 0.728955066629, 0.760172417718, 0.571085518061, -0.309837419307,  
300, 2598951.4899818227, 85.29099639990818, 125.04396522552342, 78.00856012773629, 63.60694910966173, -0.0478310804935, 0.536296001851, 0.842673594067, -0.536032237568, -0.725650438756, 0.431394113336, 0.842841401467, -0.431066165607, 0.322180590417,  
301, 2696543.7833007113, 86.34548282249719, 102.12580418633291, 93.2212565200899, 67.61895037783606, 0.694560180716, 0.622559873201, 0.360562559957, -0.542865816797, 0.124645473307, 0.830518037695, -0.472104713297, 0.772581846967, -0.424540256536,  
302, 3368780.2602906562, 92.99537672794783, 102.83264139906463, 96.35159112364968, 81.16974695223652, -0.401862369136, 0.803265672281, 0.43962585912, -0.321138905427, 0.325975722191, -0.889162320369, -0.857540925958, -0.498501843805, 0.126962482763,  
303, 3631391.7925998154, 95.35163978795619, 105.85443690453542, 92.4965883540504, 88.54207950167478, 0.632807372317, -0.409711253425, -0.657032357162, -0.336699189087, -0.909717978384, 0.242995588175, -0.697272174699, 0.0674528622229, -0.713625690239,  
304, 1252657.344087256, 66.87255139715784, 110.81402326186523, 62.450730829169075, 43.21270289837994, -0.324545321111, 0.941993441295, 0.0855493489304, -0.245838804594, -0.171342910707, 0.954046586445, 0.913363901575, 0.288600006077, 0.287187081519,  
305, 3562091.2980717462, 94.74118497874632, 103.92799289155069, 94.29331231836113, 86.77667497947982, 0.89038650553, 0.0528145119442, 0.452131062965, -0.327855633219, 0.763447749416, 0.556469422052, -0.315788781524, -0.643706580082, 0.697079109013,  
306, 3273009.506194827, 92.10563883617037, 107.3815378407426, 89.0541972381631, 81.70989359005124, 0.304376204464, 0.442339831282, 0.843617567277, -0.65264454349, -0.548255875415, 0.522944160428, 0.693837319556, -0.709754160773, 0.121814634821,  
307, 2763077.267986609, 87.0498726697678, 104.97902181421011, 95.91796727868254, 65.50914517309806, 0.89720357783, 0.416368356987, -0.147184004666, 0.419025024737, -0.697397812914, 0.581424388194, -0.139440914275, 0.583329822521, 0.800176574004,  
308, 3795257.013622886, 96.76482764670159, 101.42657908636994, 96.6733332761125, 92.40471058043066, 0.0561522174244, -0.60972382971, -0.790622400367, -0.0921098037631, -0.79165833844, 0.603980843429, 0.994164328735, -0.0389092105081, 0.10061491345,  
309, 3838527.126104869, 97.13118076904247, 105.32018623514426, 97.62921121790089, 89.12193470793584, -0.109002955501, -0.98554620655, 0.129680493705, -0.261163919272, -0.0974812588602, -0.960359730227, 0.959120306824, -0.138549914928, -0.246763364605,  
310, 2734953.835154368, 86.75352500253254, 107.4885502108931, 88.41796109816512, 68.70030886235621, -0.187630427719, -0.247924833882, -0.950435741825, -0.961549581712, -0.151195875217, 0.229264496218, 0.200542325963, -0.956908085483, 0.210023073579,  
311, 3243435.37172741, 91.82738419193551, 98.56509385597192, 89.0928446485042, 88.17605687380659, -0.628441591709, 0.729954415919, 0.268752146953, 0.282112836258, -0.108092472806, 0.953272450531, 0.724895518975, 0.674894486571, -0.137999704952,  
312, 3537091.607631261, 94.51902494949626, 108.86255178995664, 89.68823306037424, 86.48558357628428, 0.829739274326, -0.558084788182, -0.00860847496948, -0.439598963481, -0.662927181115, 0.606036553226, 0.343926573483, 0.499068053214, 0.795390212608,  
313, 4042146.4945366774, 98.819157425296, 143.38853811186752, 98.88517814507426, 68.05778374388763, 0.742290618588, 0.372983944061, -0.556675502451, -0.294856482958, 0.927821703758, 0.22848750621, 0.601717784359, -0.00546475152319, 0.798690080367,  
314, 3451531.0461768117, 93.75067247783183, 105.73370927151025, 89.05652744596588, 87.50723268362597, 0.34785564215, 0.732615120657, -0.58503977404, 0.672655348025, -0.629704599354, -0.388596063189, 0.653093588238, 0.258354799718, 0.711843776727,  
315, 3759767.671742732, 96.4622675376988, 103.85061589790669, 97.93705386035006, 88.25031983653398, -0.529451151036, -0.789797994951, -0.309678229519, -0.113470188409, -0.295829885275, 0.948477303535, 0.840717547699, -0.537311647138, -0.0670089459774,  
316, 3868950.4565423215, 97.38711931601438, 112.31478599644906, 98.50227759565335, 83.48748005269937, 0.419113205716, 0.738882941885, -0.527632560582, 0.78699067999, -0.585437138511, -0.194702404868, 0.452757982153, 0.333639558572, 0.826858424733,  
317, 2679298.408674652, 86.16101880669774, 118.37930059942181, 98.36608069695431, 54.930220123350296, 0.680902844724, 0.712817462736, 0.168114784792, 0.478285672195, -0.606635575482, 0.635008735635, -0.55462972497, 0.351972361668, 0.753990268374,  
318, 2888821.9741143435, 88.35084819282655, 102.10681451122417, 85.93609369269927, 78.59625149601527, -0.742301448749, 0.553191954542, -0.378110064155, -0.099944279421, 0.466568559969, 0.878820186306, 0.662570524696, 0.690139435389, -0.291046146728,  
319, 3252139.4157437887, 91.90945310923546, 112.39104833867238, 88.55421026931714, 78.00808367089937, 0.16085966573, 0.0488192169687, 0.985769167704, -0.294550691832, -0.950886444995, 0.0951570211086, 0.942000030723, -0.305665916941, -0.138579541556,  
320, 2564935.290948393, 84.9172525926407, 114.95285079340475, 90.55769572462079, 58.82239382006677, 0.137419474939, -0.732267113937, 0.667008816848, -0.838043093776, -0.444922922745, -0.315796399267, 0.528014830172, -0.515585557073, -0.674812472067,  
321, 2313779.218744849, 82.049845751271, 99.61126851891271, 90.58502535263409, 61.21649017697159, -0.617205455888, 0.773590980984, 0.143577224383, -0.685272195893, -0.43887085899, -0.581200814405, -0.386599848368, -0.457109793451, 0.800993878861,  
322, 3469998.8586380566, 93.91758304559795, 108.96921418076909, 100.10249744099036, 75.94374171655795, -0.677516339788, 0.69767529189, 0.232853594359, 0.286504449589, -0.0412425035964, 0.95719081497, -0.677411846432, -0.715226008324, 0.171944605414,  
323, 3001452.889112534, 89.48446389876933, 99.84691399400359, 88.91071666866719, 80.71498387198444, 0.703567389964, -0.70677122965, -0.0739415763889, -0.602809078884, -0.64868036772, 0.464580450459, 0.376316545204, 0.282291001404, 0.882438467165,  
324, 3625603.3004938853, 95.30094887074176, 109.04206252158187, 91.5427751496281, 86.71086978839367, 0.415778730705, -0.876460040094, -0.242787654571, 0.383711366638, -0.0729785309138, 0.92056489241, -0.824556628865, -0.475911685237, 0.305964758836,  
325, 3134641.555778672, 90.78897071310833, 103.21355075528399, 91.17964021473392, 79.51786010534381, -0.124556630013, -0.0850036969889, 0.988564624806, 0.902696784998, -0.423269123226, 0.0773418623818, 0.41185453776, 0.902007550313, 0.129453539562,  
326, 3629971.226444304, 95.33920461281147, 99.75531958719303, 97.39155909855192, 89.19842594783604, -0.0444052635289, 0.848162566012, 0.527871607673, -0.938127978542, -0.217047455824, 0.269826421608, 0.343429859576, -0.483229410877, 0.805323083001,  
327, 3854060.1102302717, 97.26202145498428, 102.89579452763508, 97.62454574449137, 91.59530718797818, -0.918707565775, 0.316076920818, 0.236794824086, 0.375574453304, 0.884648357462, 0.276298957047, 0.122148428615, -0.342772028856, 0.931443555789,  
328, 3407572.102667195, 93.35096568133807, 99.11729054120163, 93.53704458809578, 87.74520224462324, 0.62769526863, 0.277845655284, 0.72718666213, 0.586392866501, 0.445627833243, -0.676431253237, 0.511998101419, -0.851009768498, -0.116791772249,  
329, 3702940.599677302, 95.97380472424796, 105.80176658114023, 94.12481290032785, 88.76895165577487, -0.942874166899, 0.287787761128, 0.167828811411, 0.331455388588, 0.861085015044, 0.385577388138, 0.0335504213247, -0.419178722518, 0.907283620384,  
330, 3274505.259606906, 92.11966734644902, 112.02548876574625, 98.92534295001995, 70.53954777372942, 0.713726103888, 0.511823623913, -0.478154396229, 0.414505866954, 0.241643425365, 0.877378676079, -0.564605999693, 0.824405866659, 0.0396866744411,  
331, 3990048.8997778073, 98.39277356923766, 116.38943482451383, 100.73647435228948, 81.2436268040308, 0.388974850753, -0.415760161946, 0.822096133807, -0.0604525302901, 0.878929232208, 0.473105586895, 0.919262779113, 0.233723966483, -0.316747613138,  
332, 1774682.0660216622, 75.10646419782968, 98.7299645533046, 74.62724245305125, 57.5023476308573, -0.789142102426, 0.284732779963, -0.544226043289, 0.591200616829, 0.592375964734, -0.547332209053, -0.16654300598, 0.753669662664, 0.635803009382,  
333, 1791152.3148656006, 75.33809535169345, 135.11635415154873, 70.90323496900116, 44.63442463836083, -0.431930684702, -0.469740727426, 0.769921770449, 0.110182510348, 0.819782964558, 0.561974826335, -0.895151215174, 0.327566084963, -0.302332204628,  
334, 3401115.6233063554, 93.29196965403648, 96.94895172399401, 93.73394881705909, 89.34962952877763, -0.335454863875, -0.880566420573, 0.334772778556, 0.808714492514, -0.0869156742749, 0.581744389886, -0.483167573313, 0.465884582837, 0.741283111621,  
335, 3036541.693818396, 89.83182300101147, 94.1855596260527, 91.58600113713786, 84.03829247997558, -0.332568431262, -0.925735840018, -0.180031644537, 0.614928423887, -0.357596304681, 0.702842739433, -0.715025364601, 0.123036731852, 0.688186523111,  
336, 3380531.551200372, 93.10338293105279, 102.11381312879956, 95.32701265271653, 82.9078985078785, -0.0366317446384, -0.478793129117, 0.877163185955, -0.288249497667, -0.835382825345, -0.468025386292, 0.956854399781, -0.269986434158, -0.107410348621,  
337, 3678880.249832325, 95.76548534912426, 105.98603147093604, 93.23828376945015, 88.87592636864711, 0.23013151227, -0.13774160755, -0.963362204267, 0.382383687103, 0.923109431106, -0.0406410388858, 0.894886698358, -0.359021207944, 0.265106713133,  
338, 3550628.7217081804, 94.6394521358425, 98.9969340158563, 96.07006435286928, 89.12649473216081, -0.692854743382, 0.492429901406, 0.526749557926, 0.716834652981, 0.391246672148, 0.577125741774, -0.0781049605267, -0.77745664428, 0.624067930122,  
339, 2285326.558920559, 81.71213396068461, 122.18823759714564, 85.6376643035402, 52.1393296298169, -0.0166973652117, -0.68325028218, 0.729993321816, -0.785983024867, -0.442308785675, -0.431964839699, 0.618022558339, -0.5809750339, -0.529637732198,  
340, 3839820.4744024742, 97.14208862827775, 106.07450534535202, 97.15609804334096, 88.94903299092611, 0.883299764705, 0.389802402249, 0.260452707554, 0.340769751982, -0.915392205374, 0.214320056164, 0.321958851106, -0.100554450625, -0.941398587557,  
341, 2610070.140125716, 85.41245199611869, 109.11740822217912, 93.47310110263875, 61.09179358232279, 0.85900018432, 0.507571026651, -0.0670099712212, -0.448928289347, 0.809663011335, 0.378033330673, -0.246134260846, 0.294648028978, -0.92336366869,  
342, 3311080.387870868, 92.46138016947378, 113.52219645977452, 99.2782812647089, 70.13682148022346, 0.14445605512, 0.859844796703, 0.489693142408, 0.969289257238, -0.222499198696, 0.104749426644, 0.19902458125, 0.459522613331, -0.865579680847,  
343, 3049943.804697204, 89.96378991920508, 138.1095777889559, 87.07962146223565, 60.54285516173449, -0.0898544798779, -0.956346524497, -0.278078221959, -0.987083578209, 0.122695760266, -0.103013397394, -0.132635523431, -0.26523023111, 0.955018713131,  
344, 3027833.415556933, 89.7458667170387, 102.29271111592415, 100.5665625914866, 70.26597441054149, -0.0896681043373, -0.448443097386, 0.889302209303, 0.974677124831, -0.223161971412, -0.0142561161117, 0.204851491075, 0.865504201563, 0.457097739747,  
345, 3314518.8687834046, 92.49337543626393, 118.28240485405992, 90.37471979192661, 74.02267524706328, 0.348775396103, 0.930520093625, 0.111750071292, 0.688091631254, -0.335197059568, 0.643562614091, -0.636306239221, 0.147564516799, 0.75719157636,  
346, 3513062.873770732, 94.30450454595017, 101.09456265748402, 96.97696179320708, 85.54624308101918, 0.592758987417, 0.540124127796, -0.597413348871, 0.336446248994, 0.507884158761, 0.793005424204, -0.731738139209, 0.671058572594, -0.119330162885,  
347, 3691365.672085085, 95.87369965679771, 114.06248399363706, 93.1232459881678, 82.9654988719882, -0.00329528577107, -0.982148502223, 0.188078336532, -0.507151177103, -0.160455835218, -0.846788998811, 0.861850813456, -0.0981745614987, -0.497569021162,  
348, 1854166.3380390909, 76.21141544155559, 99.84722010027396, 82.55127362625763, 53.70322006822576, -0.231692940786, -0.844478179721, 0.482881957796, 0.215168236395, 0.439606443, 0.872037158222, 0.94869437188, -0.305945712909, -0.0798511710375,  
349, 2415389.5789547614, 83.2337623812441, 130.14332558313552, 106.20114775741897, 41.72030439334926, -0.92919429838, 0.311763457864, 0.198498116359, 0.266658485569, 0.19363272715, 0.94413961841, -0.255912500537, -0.930220357398, 0.263056797577,  
350, 3501032.762170394, 94.19673617699019, 102.33807410439746, 95.1916916863681, 85.79683769836495, 0.0208975748587, -0.515328261294, 0.856738043089, 0.144144994889, -0.846419023126, -0.512637354997, 0.989335894332, 0.134207378344, 0.0565938846927,  
351, 3223080.2198975016, 91.63488416425437, 105.86199233865403, 90.56143377587367, 80.25999949855608, -0.935675340379, 0.322616587933, -0.14293423172, -0.112468278218, 0.111278037628, 0.987404721852, 0.334458583088, 0.939965816151, -0.0678359835647,  
352, 1830422.3880157121, 75.88470262675706, 94.06157924171437, 82.16456701277211, 56.541310824258495, -0.548774039934, 0.831813947617, 0.0832622942541, -0.794663041105, -0.488142219073, -0.360870925761, -0.259533628255, -0.264202063786, 0.92889157887,  
353, 3396749.6632084763, 93.25203340252921, 111.3213406861984, 94.63649151568882, 76.97290412386253, 0.278544547265, 0.851774360211, 0.443726688937, 0.428491454464, -0.523695193633, 0.736300494104, 0.859539416571, -0.0149593934541, -0.510850475098,  
354, 2808436.4194556456, 87.52363150662005, 103.69232217238492, 86.02792987360505, 75.16054386596893, 0.594752144429, -0.529264822844, 0.60510216823, -0.428295202558, 0.428370217446, 0.795652044722, -0.680318385877, -0.732378115529, 0.0280925209285,  
355, 3151092.3720846153, 90.94751595541045, 99.12987449725962, 91.33417824523956, 83.0872993660526, -0.739791115089, 0.531313485205, 0.412813621958, 0.668300074772, 0.651372942579, 0.35928860229, 0.0780007441941, -0.541681890148, 0.83695675742,  
356, 3245959.102723576, 91.85119511124998, 106.94632317876692, 90.46651003713578, 80.0941394479881, -0.879271172842, -0.38472886019, -0.280830747507, 0.154753007397, -0.788334627402, 0.595466222333, -0.450481643699, 0.480116880953, 0.752697860575,  
