# Void_ID, Void_Volume, r = (a*b*c)**(1/3.0), a, b, c, vector_a, vector_b, vector_c 

3, 1072757.2551249485, 63.50446822764879, 84.30000524936005, 68.40532795089457, 44.41148755752992, -0.331609114542, 0.373153867817, 0.866482305697, -0.858469814408, 0.261529220445, -0.441171219146, -0.391235188733, -0.890145301502, 0.233615858432,  
39, 350256.8836157162, 43.72864530735695, 88.36689537735084, 59.89772562493454, 15.797855633902586, -0.0668789212696, 0.995716165807, 0.0638476862606, 0.307401502494, -0.0403156477233, 0.950725493932, 0.94922680438, 0.083210370145, -0.303388378396,  
43, 1660551.9518643355, 73.46062506679186, 91.19273120951402, 82.32383390295047, 52.80536482201185, 0.556527573135, -0.584668080379, -0.590288316102, -0.805905713023, -0.552605613324, -0.212468863222, -0.201972874557, 0.593961507094, -0.778727607084,  
46, 762681.2493977196, 56.67847458367789, 132.18391778122214, 100.08763667422646, 13.762438959367287, 0.00731321753298, -0.0666467687505, 0.997749830902, -0.995218148044, -0.0976741748052, 0.000770312000535, 0.0974030525895, -0.99298437238, -0.0670423862567,  
52, 582242.3358065286, 51.801029422984904, 94.71422113485646, 83.93692962582364, 17.48424566875923, 0.172624068789, -0.98442484736, 0.0332964078324, 0.700408158462, 0.0989121261096, -0.706855574264, 0.69255277231, 0.145341360969, 0.706573808145,  
67, 678013.8444153396, 54.49834545774288, 106.53302320568824, 85.33966450836846, 17.80388456101829, 0.804349190259, 0.362819870303, -0.470514741367, 0.519301920192, -0.0445074188706, 0.853431078266, -0.28870035645, 0.930795805415, 0.224212561661,  
76, 1098241.1808949541, 64.00339898694105, 120.27518103863719, 76.94627486263877, 28.32992966966165, 0.620431849919, -0.523008069988, -0.584403010203, -0.375842119216, -0.85230632103, 0.363753538204, -0.688336415592, -0.00604101479139, -0.725366448845,  
93, 1797680.9006159056, 75.42951784633752, 129.18085127700712, 72.30978621278622, 45.94399704539627, 0.882083241506, 0.466802288401, -0.0634411427816, 0.184795949016, -0.218988812488, 0.958068033718, 0.433335450063, -0.856819422952, -0.279429533461,  
128, 1700634.409714334, 74.04699711502943, 125.91311224384152, 72.54030071889217, 44.450028368779726, -0.983000804975, -0.152457494599, -0.102304104311, -0.169889507008, 0.966586455188, 0.191958797809, -0.0696202041572, -0.206076046615, 0.976056192125,  
151, 2635398.695660946, 85.68784863156183, 106.79325491877205, 91.10735981775935, 64.66368235487192, -0.468796194594, -0.256455922366, -0.84525764582, -0.870328197085, -0.0293253005523, 0.491598266988, 0.150860721502, -0.966110959792, 0.20945323124,  
154, 884845.7318031691, 59.556109125903944, 114.08458849082788, 56.657567593452164, 32.68090279734273, -0.0051044842572, 0.564625249456, 0.825331613303, -0.311469630003, -0.785183242492, 0.535232608588, 0.950242397405, -0.254333645801, 0.179871573039,  
182, 442999.34053583845, 47.29023695699407, 116.48585130925322, 37.36405928250319, 24.29893503877248, 0.562187634503, 0.492344786458, 0.664486023073, -0.509940953242, -0.426184797571, 0.7472126488, 0.651080093244, -0.758922347521, 0.0114709465226,  
193, 2514981.266482452, 84.36235895343471, 121.96553262714482, 109.65007468623907, 44.895219228896735, -0.911399119152, -0.176108152327, -0.371937581179, 0.40699001205, -0.519515808343, -0.751307164197, 0.0609161366221, 0.836115568307, -0.545160509147,  
214, 2899465.5623124684, 88.4592219533127, 122.64021849027814, 86.19531294463577, 65.48061945632647, 0.0895331018404, -0.298607317175, 0.950167087308, 0.911671262431, -0.359571049667, -0.198907439527, 0.401047793826, 0.884048828047, 0.240038198411,  
222, 1409776.5696570436, 69.5590902029432, 98.05460789673972, 77.70247838315854, 44.17319378529903, 0.032965281361, 0.970716047559, 0.237957234049, 0.501129997281, -0.222049494083, 0.836398677667, 0.864743902002, 0.0916753903128, -0.493774854323,  
224, 1290442.689457656, 67.53828640625171, 95.53684737605504, 68.94247483372907, 46.77268885027847, 0.371797014718, -0.533370752517, -0.759791168813, -0.435196253326, -0.823096393874, 0.364851404662, -0.819982439408, 0.195007606908, -0.538145735196,  
249, 272251.4110778298, 40.20627542337689, 80.29878186046426, 61.15729793765995, 13.235010309803538, -0.607966703655, -0.457697710757, -0.648759811343, -0.79395883622, 0.347984588449, 0.498533943268, 0.002419428616, -0.818180622949, 0.574956184936,  
262, 1474607.2431842443, 70.60941030552158, 153.1384946477336, 90.51205139506422, 25.397851047993427, -0.975951621565, 0.0272668896837, 0.216275169845, -0.177980298062, -0.672523507418, -0.718355862698, -0.12586280573, 0.739573288253, -0.661203376758,  
269, 772805.3410204364, 56.9281628212094, 125.29630541213308, 63.0643768535717, 23.348507882185363, -0.357812614593, 0.551218099416, -0.75374315235, 0.166023728913, 0.83187690777, 0.529544079144, 0.918915803692, 0.0643383027051, -0.389171335698,  
312, 697379.5556831174, 55.01235042176103, 91.82301596768231, 71.96096762451701, 25.196026384911452, -0.567759248126, 0.814132655425, -0.121809094641, -0.535187332067, -0.252625210656, 0.806073831938, -0.625478981071, -0.522846557138, -0.579143783466,  
325, 1029834.5067988334, 62.645941914163316, 114.82955385903959, 72.56609774918047, 29.504712248336936, -0.543039079995, 0.523194477279, 0.656792278078, 0.808072828659, 0.112934927944, 0.578155693247, -0.228313077115, -0.844697129742, 0.484107320563,  
330, 1732603.8123316963, 74.50811086737446, 97.13116982915241, 78.40802150699103, 54.31146801281125, -0.774379005412, -0.284623243579, -0.565090050516, -0.617673791329, 0.146437727985, 0.77268045098, 0.137172313104, -0.947388833076, 0.289202620114,  
335, 878637.651327874, 59.416500165592545, 111.06526455426706, 63.38934334278797, 29.793854468596454, 0.762268564899, -0.0541986373029, 0.644987707387, 0.589217043692, 0.470547924843, -0.656816508508, 0.267899067541, -0.880708327507, -0.39061865223,  
340, 1187721.3553053846, 65.6964625272368, 97.49555490874857, 73.07853655178612, 39.797088302369005, 0.672683811424, -0.73887722398, -0.0394580502814, -0.682540062094, -0.59903483257, -0.41868404914, -0.285719361409, -0.308573682047, 0.907274340684,  
420, 885445.4361313677, 59.56956080804944, 110.79008983209087, 60.50298312092678, 31.53519288897385, -0.726598440261, -0.686488684051, -0.0280712180145, -0.686904831006, 0.726700165494, 0.00828387662329, -0.0147125712148, -0.0253013071002, 0.99957160029,  
458, 1466760.441439461, 70.48394328626874, 104.8840079267327, 70.38244114669526, 47.43478961300634, -0.328147383839, -0.507737705695, 0.796568714359, -0.927414454926, 0.333408090492, -0.16953310588, 0.179504103782, 0.794381185207, 0.580290280218,  
468, 2375814.462761398, 82.77667372055485, 114.60787246254806, 82.51077646405692, 59.978940226129296, 0.319584298104, 0.933242191062, 0.164088053274, -0.683524589897, 0.107119143056, 0.722024670075, 0.656246913449, -0.342905966721, 0.672127582067,  
475, 1180756.7712324215, 65.56779997329488, 121.35478705307175, 57.46141819080204, 40.42393458693739, -0.659488986997, -0.0116943166809, -0.751623256018, -0.151953716281, -0.977163612214, 0.148530613252, -0.736195859903, 0.212166250667, 0.642651645871,  
550, 947414.6957332768, 60.92803463127079, 130.98661685898338, 67.85149302025026, 25.44867491255935, -0.844802125381, 0.269470990383, -0.462271299448, -0.118996437767, 0.7476801618, 0.653310204611, 0.521679227831, 0.606926487305, -0.599575701857,  
598, 2049307.9339120663, 78.79636876982109, 119.4813204247121, 82.75314892511466, 49.480498926850636, 0.626395770989, -0.662131850052, -0.411351128884, 0.250409295613, -0.32881303579, 0.910591660496, -0.73818935427, -0.673396911666, -0.0401631248909,  
610, 1866180.7754491912, 76.37567015564936, 125.34487355004204, 98.84506650876733, 35.95866231991053, 0.198487346621, 0.947260284616, 0.251596356136, -0.632713333509, -0.0722064585705, 0.771012363675, 0.748516272923, -0.312224567468, 0.58501214401,  
623, 911162.2578535847, 60.14077739488943, 107.60749756329528, 49.84716078119338, 40.553108938783325, -0.737525927682, 0.504954599205, -0.448415386375, 0.656867307694, 0.38224470961, -0.64993409055, 0.156782799054, 0.773892650642, 0.613603552144,  
641, 1476397.259233315, 70.6379695191873, 114.23927789686329, 87.43596029616714, 35.28654093945725, -0.916512678938, 0.148229343899, -0.371527348863, -0.087267553389, 0.832336219106, 0.54735801126, 0.390370187734, 0.534082839991, -0.749911085767,  
645, 1399049.8120111197, 69.3822196295529, 134.80440068869953, 99.15603111239955, 24.987416917782358, 0.821093214357, 0.525001530305, 0.22400742513, -0.217479375258, -0.0750984899973, 0.973171587202, -0.527739191906, 0.847781581528, -0.052514144275,  
666, 409901.4654269928, 46.08189045704713, 70.2956670867291, 49.851556282229836, 27.924382886274845, 0.846891539597, -0.348990783111, 0.401223321185, -0.366589556708, 0.163405833049, 0.915920646475, -0.385210094718, -0.922769725895, 0.0104506410541,  
670, 3042540.3400805057, 89.89093793388697, 117.49418824329115, 92.43004963683663, 66.88337261864038, 0.902418257699, 0.342332575663, 0.261628927703, -0.310935144989, 0.0970806086973, 0.945460042004, 0.298262675811, -0.934550032398, 0.194050542805,  
682, 301420.9016287441, 41.59376672280276, 99.47986030135468, 66.52663954362185, 10.873115517445383, -0.185079662378, -0.797252655608, 0.574572642665, -0.439134920528, -0.455957907028, -0.774120732568, 0.879150749387, -0.395588915598, -0.26571294607,  
683, 1347072.286021829, 68.51212384435156, 110.47503042649821, 75.47791238472958, 38.567215315561654, 0.439300236489, 0.811352498686, -0.385645465548, 0.476453908706, 0.153503162432, 0.865695357503, 0.76158188995, -0.564042464713, -0.319138093779,  
686, 1517105.5589208254, 71.28131945529391, 103.15488824490436, 88.10154520616872, 39.852342303616545, 0.277236711934, 0.482230635036, 0.831019506503, 0.772341249572, 0.402630028768, -0.491302406002, -0.571514479051, 0.778037707677, -0.260822785944,  
687, 1138688.093019879, 64.7796688146005, 123.31386682845405, 63.52490244284159, 34.70245876890812, -0.674991801828, -0.463561914118, 0.574017786523, -0.737548856017, 0.40263397571, -0.542132425328, -0.0201928812743, 0.789301104385, 0.613674192192,  
688, 1314421.1868471804, 67.95404505950688, 112.27800639968619, 105.25036533681202, 26.553858505093405, 0.532251233686, 0.84042986044, -0.101913070407, 0.548359340124, -0.43396269235, -0.714827542661, -0.644988882337, 0.324582857416, -0.691834742069,  
705, 2256902.4071628423, 81.3719499840338, 99.78251810394454, 88.52602859329454, 60.99563112143675, -0.321029958501, 0.707743308104, -0.629316435172, -0.438307438406, -0.700071934187, -0.563725000688, -0.839539370835, 0.0948614610704, 0.534953220404,  
712, 238840.99465809044, 38.489306608913935, 134.2886205066465, 73.35164483627273, 5.788568706156356, 0.189733922043, 0.749328976189, 0.634434491709, -0.33285543793, -0.558816246695, 0.759560175279, 0.923692749926, -0.355289301659, 0.143391826336,  
758, 1681205.9972934125, 73.7639402004443, 109.49893455486138, 77.73131150650069, 47.154857039069675, 0.665960342078, -0.447677999463, -0.596725423939, -0.659274618916, 0.0211123309811, -0.75160577854, -0.349075635977, -0.893945567849, 0.281082767331,  
769, 1392759.1706537867, 69.27807407425313, 132.70145195225476, 109.90938917021965, 22.79696059215768, 0.782892073086, 0.386691706734, -0.487390527033, 0.548510075404, -0.0592741833247, 0.834040327785, -0.293626802386, 0.920302175991, 0.258509585482,  
787, 1008430.0371601266, 62.20888078830025, 125.3115488973769, 76.16754665303742, 25.22296274994492, 0.292275105593, 0.464079049837, -0.836185325243, 0.907624940825, 0.140883044553, 0.39543512053, -0.301317489439, 0.874518497952, 0.380033113424,  
792, 1528013.1428993784, 71.451742891979, 110.81773327262947, 72.7049081238793, 45.27573276369748, 0.0290644651361, 0.307881438605, 0.950980692038, -0.0688018267177, 0.949742446067, -0.305377790251, 0.997206881999, 0.0565535666474, -0.0487865616005,  
836, 718037.5114348399, 55.550270055977684, 116.70487668074628, 48.99929964064603, 29.976411862585998, 0.464952754903, -0.420555039213, 0.779071495243, 0.425311972028, 0.877883780681, 0.220067703372, -0.776484811286, 0.229027349045, 0.587041575386,  
839, 1613537.775777113, 72.76069566819514, 126.00865109145134, 71.73988177802067, 42.61176359945163, 0.471417725996, 0.87627701144, 0.0995184748594, 0.827566074384, -0.400543263713, -0.393318555911, 0.304794553998, -0.267775452787, 0.914000320973,  
880, 2275824.262350026, 81.59872470144055, 123.15952907840024, 87.64405251950153, 50.33379126036279, 0.395328083059, -0.13094076588, 0.909159074406, -0.734060877373, 0.549941675954, 0.398395257701, 0.552150645254, 0.824874941358, -0.121288895063,  
897, 1767726.5095879515, 75.00821350363461, 119.13559118796869, 97.69594768774533, 36.25837958172098, 0.642053301729, -0.380900806015, 0.665343620783, -0.510342787245, -0.859971054896, 0.000155714433907, -0.57211694368, 0.339653294872, 0.746537234193,  
921, 863785.1755678138, 59.07980397663622, 109.65032663213537, 86.96311059653448, 21.625797978062227, -0.825968091804, -0.542868532979, 0.15188965476, 0.0179460681972, 0.243984167728, 0.969613152002, 0.563431140387, -0.80359534705, 0.191780781734,  
1003, 281024.48486399057, 40.63358901950479, 88.72209963826546, 46.70256776704063, 16.191347017899332, -0.662646153894, -0.595841856494, -0.453731811514, 0.127231317385, -0.686593057667, 0.715822719003, -0.738046249639, 0.416608275499, 0.530777993308,  
1007, 680862.2417445522, 54.574556322921744, 91.98035325291326, 68.25454616689139, 25.890711451994786, -0.991830871536, -0.0685535420841, 0.107572924732, -0.122881762722, 0.739772847232, -0.661540782484, 0.0342285649415, 0.66935532146, 0.742153527901,  
1016, 1963832.6121377307, 77.68525926882666, 129.48696283188463, 80.51590674144578, 44.96847149608321, 0.318124224477, -0.813704100707, 0.486500374402, -0.49895547525, 0.292637699364, 0.815724592389, -0.80612679618, -0.50224377886, -0.312906975119,  
1036, 525094.1217160501, 50.047553104961274, 92.31499887917681, 55.89246148600417, 24.295343416369096, -0.601345464771, -0.786833342788, 0.13884135795, -0.102375729281, 0.248217987484, 0.963279316057, -0.792403206741, 0.565049662744, -0.229817398339,  
1114, 1694892.583155698, 73.96356856144676, 134.14018426025882, 91.80725142722893, 32.8562266632456, -0.0450932047088, -0.878113144289, 0.476323323717, -0.965375950084, -0.0843299428855, -0.246855698196, 0.256935552012, -0.470962595713, -0.843906603572,  
1122, 1354299.3324126771, 68.63442795922373, 115.20005508798883, 59.34946893438386, 47.2886081011086, -0.682062454404, -0.450570667985, 0.576000765141, -0.655026621613, 0.0261914331671, -0.755151728997, -0.32516293342, 0.892356476964, 0.312999975639,  
1150, 1000371.1143990222, 62.04272217414135, 109.59648291238837, 87.61646136810289, 24.870825900846736, 0.617209393307, 0.558566996874, -0.5541258655, 0.463650437564, 0.310794867094, 0.829719725169, -0.635673529857, 0.769031508191, 0.0671543211473,  
1163, 1263364.8177547418, 67.062548962609, 127.30192373494164, 70.91022380690538, 33.41152868689772, 0.875278782585, 0.239061559971, 0.420400551024, 0.393741210137, 0.152486375998, -0.906485391264, 0.280811168219, -0.958956451399, -0.0393397016241,  
1173, 1961643.4344919429, 77.65638205105435, 103.22970272990783, 89.72080386815986, 50.56309237335693, -0.585462286651, -0.162549244507, -0.794236522718, -0.368034247119, 0.92621303715, 0.0817325073658, -0.722346664598, -0.340157541329, 0.602086491478,  
1187, 1613253.5839111079, 72.75642364508627, 123.80664387817747, 71.93708851781355, 43.24313997661128, 0.265424581328, 0.156945999137, 0.951271646262, -0.435533476248, 0.899769737168, -0.0269260309673, -0.860151371966, -0.407163816456, 0.307176242367,  
1189, 1425120.1089604031, 69.8105328588452, 126.36319590788034, 72.18573743601551, 37.29845650292995, 0.737119853503, 0.584901639553, 0.338444077538, 0.525584380576, -0.811022800382, 0.256910638463, -0.424753317193, 0.0114930113347, 0.905236173727,  
1194, 480655.26886492816, 48.59389370245163, 85.18462883718621, 48.707852834906404, 27.655714131226624, 0.554174954684, 0.432333911742, 0.711320960157, 0.493204718458, -0.858929163014, 0.137803478239, 0.670551433741, 0.274459617579, -0.689226155211,  
1197, 2141370.1787876557, 79.95906621594331, 121.83349414554799, 89.92247510704739, 46.662519978638436, -0.858607146824, -0.416617878817, -0.29870271253, 0.0582156963394, -0.658154998393, 0.750628357305, -0.509317877285, 0.627105685782, 0.589350285261,  
1218, 1517191.9282191214, 71.28267211896315, 121.53333917809186, 91.0996845863264, 32.714449029365994, 0.470695344797, 0.756430290223, 0.454157581043, 0.841624061478, -0.230461011071, -0.488422625926, 0.264792053368, -0.612128204226, 0.745106858151,  
1235, 738628.4076314219, 56.07627184396559, 137.11769824631486, 63.558028117621255, 20.233614353883244, -0.494299574361, 0.148965875823, -0.856432775311, 0.868936611302, 0.112824805167, -0.481891822796, -0.024841423578, 0.982384716483, 0.185211156509,  
1267, 2596057.6802816894, 85.25932881186625, 123.17296879198918, 99.66293599695219, 50.48666019044557, 0.727508445164, -0.289218280477, 0.622160950601, -0.437740247346, -0.893928514256, 0.0963082927522, -0.528313295374, 0.342409984722, 0.776943025127,  
1303, 825270.1165685005, 58.188322434491596, 109.18418497100141, 57.83697700116664, 31.19910876752387, 0.763960016759, 0.575779794847, -0.291277737974, 0.513605047444, -0.26934371177, 0.814655645147, -0.390608433132, 0.771966056751, 0.501491235407,  
1312, 2603898.1341677294, 85.34507421070032, 128.32945696566878, 103.76825449103869, 46.68146888427755, 0.593956230824, -0.151838672423, 0.790038615146, 0.0748103640964, 0.988196866991, 0.133680071412, 0.801011488862, 0.020297034903, -0.598304792798,  
1346, 1871207.9961177271, 76.44419032842319, 120.26660469094291, 75.69197662994593, 49.07254233867764, 0.367389848155, -0.342717403625, -0.864621004097, -0.680751804512, 0.534336177769, -0.501060704686, -0.633720506317, -0.772676924969, 0.0369958037406,  
1372, 2301768.2601068886, 81.90762424516319, 117.2750836012273, 96.45500146046342, 48.57831924967856, -0.103269410741, 0.862499564959, 0.495408850599, -0.938958861801, -0.24886231412, 0.237536953876, 0.328164112375, -0.440638229228, 0.835551474352,  
1401, 3195845.3737534857, 91.3760505446692, 123.02074000816965, 113.67279072633534, 54.558483692307504, 0.0215545317601, -0.252795409196, 0.967279630329, -0.144997547475, -0.958065498611, -0.247156249361, 0.98919720652, -0.134925836893, -0.0573053675644,  
1432, 1791870.6249376338, 75.34816501090235, 111.38428060185564, 82.45338511401786, 46.57851583039177, -0.984820670921, -0.0357087929567, -0.169862085917, -0.153289873287, -0.280161058382, 0.947634948761, 0.0814276419533, -0.959288623654, -0.270434605134,  
1470, 586450.9618017382, 51.92554113749498, 94.06285831732204, 84.84686216344386, 17.54240511712108, 0.702993388485, 0.44835604981, 0.552066253583, -0.560502729163, -0.128526843963, 0.818118292781, -0.43776361926, 0.884566392635, -0.160951268006,  
1473, 1245880.986309635, 66.75174902910581, 125.41642941106308, 98.2761494027753, 24.13155924773583, -0.165632638785, 0.968633008957, -0.185245574651, 0.801007541399, 0.241711584078, 0.547688258723, 0.57528492731, -0.0576680507818, -0.815917672519,  
1480, 1576402.647379496, 72.19816873489475, 93.59739459741805, 68.62610190310316, 58.590264103909334, -0.120549204694, -0.928497973502, -0.351225572034, -0.991557371452, 0.129646408704, -0.00240579070483, -0.0477689058532, -0.347970288836, 0.936287781465,  
1517, 3498741.969242591, 94.17618678361873, 137.63442914387645, 109.60945465139, 55.36664431909698, -0.778351948761, -0.120502310614, 0.616155367579, -0.627767427581, 0.135724242231, -0.766476997006, -0.0087350288107, 0.983391134396, 0.181288653986,  
1523, 2066961.4177622644, 79.0219823581113, 122.71850910775328, 78.10584689149195, 51.48137580187699, -0.534745999471, -0.677707260203, -0.504737144975, -0.818180544027, 0.5645796818, 0.108767551569, -0.21125177733, -0.47112912494, 0.856393621069,  
1534, 2441583.6423961227, 83.53356168103939, 138.3871867508687, 78.62477855769352, 53.57074442004183, 0.165642585213, 0.87659103579, -0.451830377394, -0.502636560755, 0.469226857396, 0.726073442629, 0.848480419195, 0.106837784846, 0.518330653128,  
1565, 1037547.5305460505, 62.801950261014596, 109.52640375867809, 54.47372197949056, 41.515809812577416, 0.0456975825906, -0.846431609751, -0.530532997051, 0.821113461321, 0.334296238586, -0.462621560787, 0.568932697762, -0.414487098572, 0.710292918826,  
1570, 475404.034903856, 48.41628000894151, 121.34324006165487, 35.689850554767986, 26.206796572329853, -0.395209533157, 0.893649281981, 0.212603823384, -0.441194511527, -0.387665714627, 0.809359436036, 0.805702692003, 0.226066924865, 0.547482344539,  
1571, 3124601.062197014, 90.69193238950407, 146.59801349073575, 99.84418064093423, 50.96301627763958, -0.987232443225, -0.151599454316, -0.0488846447705, -0.158302118024, 0.96784793862, 0.195475847969, -0.0176788707873, -0.200718641788, 0.979489399823,  
1572, 753245.6318660644, 56.443768787761925, 118.73882304911793, 59.80671105794445, 25.322428452489433, -0.825728459012, -0.458573703713, 0.328454974449, -0.120432085421, 0.712196473049, 0.691572336475, -0.551061362081, 0.531494442153, -0.643307883662,  
1600, 576055.4411416868, 51.6168967996357, 95.13711636696937, 63.20941366970087, 22.868829062701042, 0.643984492802, 0.76079304916, 0.0804854606787, -0.474350606833, 0.314536337887, 0.822227702006, 0.600229518458, -0.567680216758, 0.563439168565,  
1602, 1698169.2215523918, 74.01120105128774, 117.40345092502214, 102.46042865772819, 33.701972884368296, -0.96012839481, -0.0785894254286, 0.268285608429, 0.232960091351, -0.755429977915, 0.612417459177, -0.154541455011, -0.650499231881, -0.743617971814,  
1708, 1971175.4155419075, 77.78196101242827, 106.4591843307038, 77.87963985695292, 56.75832831183492, 0.494330926579, -0.826579022853, -0.269080014136, -0.816636228839, -0.335508403515, -0.469616205978, -0.297896298693, -0.451886302237, 0.840866556045,  
1742, 2398230.6372918454, 83.03619609147964, 141.54499909776726, 96.64768757757328, 41.852011892720924, 0.565021512735, -0.521351222544, 0.639486976332, -0.346224454806, 0.553704685701, 0.757324070611, -0.748918765315, -0.649310421744, 0.132350516336,  
1744, 644507.7111445289, 53.585403193479635, 128.52777480806233, 72.91828633885463, 16.417463752301124, -0.845029535055, -0.245497995351, -0.475032440116, -0.533313939515, 0.322572413529, 0.781999539609, 0.0387469586271, -0.914154129405, 0.40351071967,  
1783, 1148930.3621913942, 64.97331603858717, 121.05998071687269, 71.21217705701405, 31.816341082561777, 0.335991577167, -0.280077122024, -0.899258842487, -0.814908731372, 0.392287349999, -0.426654889302, -0.472264141775, -0.876166331669, 0.096432046766,  
1786, 1981878.5190006564, 77.92248733858449, 129.22838726878766, 83.47396962194918, 43.86109096333403, 0.28033748124, -0.642837403349, 0.712861115133, -0.869706257939, -0.484383013867, -0.0947846020171, -0.406228902854, 0.593408096282, 0.694870426592,  
1828, 1403409.6606117457, 69.45421665959745, 160.84580166675977, 49.52164845743234, 42.06210759338264, -0.322251216052, -0.749631332935, -0.578106407537, -0.915470678946, 0.402227062456, -0.0112617146887, -0.240972176284, -0.525610364158, 0.815883665326,  
1831, 1392377.780123992, 69.27174983814166, 132.81854359130344, 82.38780400491575, 30.377136585162106, -0.43474659886, 0.270814602031, 0.858868352023, 0.180067699766, -0.908311500724, 0.377552434972, 0.882366714173, 0.318794085546, 0.346120373195,  
1868, 1667093.6120427682, 73.55696347255632, 116.71942808097141, 72.01745212082123, 47.34678285326548, -0.964395811137, -0.181928365181, 0.191944756124, -0.211811997423, 0.965933500671, -0.148688096459, 0.158355287908, 0.18405037958, 0.970076832301,  
1870, 1099105.0345074462, 64.02017583528712, 122.44434947794572, 91.03410197261411, 23.540068770549826, -0.898131355414, 0.00325717052918, 0.439715202446, 0.0506932971318, -0.992538434759, 0.11089474808, 0.436795441881, 0.121888663812, 0.891264772997,  
1900, 830816.3152304477, 58.31838236880766, 108.61129706337067, 49.264784006939855, 37.06848391378188, -0.150537520586, -0.0522217047796, 0.987224061926, -0.972847244765, -0.169756011594, -0.157324934073, -0.175802995563, 0.984101514112, 0.0252490925219,  
1902, 1575762.9906628206, 72.18840213296816, 104.99917005436097, 103.78397471510539, 34.521218868117245, -0.494062108277, 0.774647109205, 0.394746107473, -0.836990261256, -0.300919539462, -0.45705003373, -0.235265670526, -0.556209750876, 0.797045028403,  
1909, 1586999.803451909, 72.35958841211772, 113.96628648908674, 89.61613812787948, 37.09587689220897, -0.695548042975, 0.691670459453, 0.194434810245, 0.309942557969, 0.044709919365, 0.949703445224, -0.648188653614, -0.720827995177, 0.24547600839,  
1966, 1538636.0498113208, 71.61694064967008, 124.74637935601244, 58.31770258233644, 50.4915773423103, 0.171445721572, -0.302265672062, 0.937678957878, -0.437562910058, 0.829384842415, 0.347360738878, -0.882691941901, -0.469847046032, 0.00993423569059,  
1971, 259617.99953962147, 39.57449636482722, 86.10107910109927, 36.11003634175112, 19.934698420956938, 0.733514473786, 0.610900114707, 0.297922081419, 0.308353004946, -0.689732116297, 0.655124440156, 0.605702023347, -0.38867808994, -0.694301376431,  
2005, 433813.0441173001, 46.96107166273296, 142.81860200178, 55.031326531097704, 13.177081678742583, 0.23470088719, 0.960627159491, 0.148697525197, 0.898477132275, -0.155994099698, -0.410371397199, 0.371017973057, -0.229915857016, 0.89971348904,  
2018, 895326.2976223137, 59.7903245048035, 111.47104119508187, 66.61917490395999, 28.78269292324873, -0.844809640207, 0.534713452259, -0.0194472565156, 0.534367085675, 0.84128875929, -0.0817621014901, 0.0273585372461, 0.079465385331, 0.996462123201,  
2028, 1470156.9779762104, 70.5383072500054, 124.29041133936614, 82.13526546683606, 34.380153376548314, -0.405033109233, -0.334720671032, -0.850829156064, -0.881983445215, 0.388270684125, 0.267116226043, -0.240942696074, -0.858608145916, 0.452480573036,  
2029, 727301.1824807781, 55.78814163105144, 131.77770777385678, 51.96866913082704, 25.353746306584917, -0.0771062172426, 0.457335901615, -0.885944978177, 0.968831740428, -0.175442464422, -0.174885678133, 0.235413869603, 0.871816388221, 0.429553832747,  
2046, 2343439.265931882, 82.39895382863308, 113.00455594779463, 86.1986790313773, 57.43392936597307, 0.269963234131, 0.600885513351, 0.752367232182, 0.876764319365, 0.169574898104, -0.450031868006, -0.398000226765, 0.781140802786, -0.481055990211,  
2047, 1349515.3697546239, 68.55351725981994, 119.78603985128728, 63.48317173593284, 42.36667700075484, -0.436821848044, -0.886742956325, 0.151240214488, -0.899480763194, 0.432627673934, -0.061381205509, 0.0110013505631, 0.162850315179, 0.986589451156,  
2055, 1942407.873523581, 77.40171915703348, 113.71993300665125, 83.09160587363795, 49.07474740156169, -0.511792353103, -0.787040051879, 0.34443656026, -0.0664266794172, 0.435975046884, 0.897503902363, -0.856537263385, 0.436455857142, -0.275409152354,  
2061, 841753.0875145695, 58.573166504377774, 98.79707292876544, 78.14385774044317, 26.028982027864192, 0.367931904841, 0.22887088891, 0.901245931813, -0.272988681237, -0.899937191108, 0.339985634957, -0.888877546862, 0.371121500684, 0.268636442825,  
2076, 655809.2306218969, 53.89679891313092, 104.45419192077078, 49.668264836455734, 30.17755527350742, -0.60885533922, 0.792284638479, -0.0397520758435, -0.0231710230098, 0.0323277992869, 0.999208695462, 0.792942797178, 0.609294645491, -0.00132490761255,  
2111, 381785.80245178106, 45.003233758354774, 126.0534880742116, 57.02017657344601, 12.680831719569527, 0.514300052768, -0.772474650382, -0.372529690415, 0.479531865166, -0.101108150467, 0.871680177703, -0.711016628507, -0.626945018664, 0.318426282771,  
2130, 3455962.6064874665, 93.79077874478327, 148.87381918395099, 86.530000624982, 64.04649812548203, -0.883077700405, -0.323255679295, 0.340116951725, -0.407277803823, 0.168081974199, -0.897704428229, -0.233020526049, 0.931264847266, 0.280084306392,  
2136, 1207254.804581955, 66.05465740023605, 121.67975236579171, 94.06881053140049, 25.179457184556604, 0.886661708559, -0.172304615021, 0.42911785586, -0.405965650055, -0.734380162471, 0.543946383336, -0.221411168533, 0.656503538918, 0.721096524633,  
2137, 2531055.473599469, 84.54170809809813, 158.0842834249209, 95.69826057215738, 39.94112704313426, 0.0921860949563, -0.969565497446, -0.226813734282, 0.813466952163, 0.204697420287, -0.544399195321, 0.574258862914, -0.134319441221, 0.807579745954,  
2145, 1064426.4532602343, 63.339653507664075, 94.08382994572518, 62.35628106788472, 43.31435539905092, 0.529285677856, -0.506535837623, 0.680645367589, 0.269505200658, 0.861054117187, 0.431222395168, -0.804502093244, -0.0448023713644, 0.592257654645,  
2147, 462299.72686061054, 47.96727081339088, 128.83136370639238, 59.911884116305565, 14.298828131617944, 0.208453635541, -0.920838798722, -0.329549675464, -0.532316983016, -0.389492575004, 0.751621023927, -0.820478952455, 0.0187467540101, -0.571369274456,  
2176, 2464591.449487541, 83.79512941694534, 111.86979532040097, 81.50793268698422, 64.52731680614588, -0.873240723288, -0.00569102849564, 0.487255837714, 0.1284702762, 0.961865805513, 0.241473725938, -0.470048962689, 0.273462583145, -0.839209263709,  
2188, 1626022.6904730052, 72.94787817227386, 108.4350569941212, 64.55725210271052, 55.45276987197171, -0.84950750991, 0.463062715772, -0.252804097806, 0.525421930283, 0.785844139816, -0.326160670676, -0.0476317728406, 0.409904756229, 0.910883804355,  
2213, 1762930.881833182, 74.9403226762087, 107.18371150583847, 85.23536039494157, 46.06786472686773, 0.545655529525, 0.289951170528, 0.786249554409, 0.669150353397, 0.414058657634, -0.617084461469, -0.504477796982, 0.862834715775, 0.0319124678591,  
2217, 2142487.2206855314, 79.97296730003563, 120.93787634066908, 82.19512711284544, 51.454246326302105, 0.306603569939, 0.160041718146, -0.938286150038, -0.714744382275, 0.689713323547, -0.11591375815, -0.62859742197, -0.70617432676, -0.325857486209,  
2233, 980164.2619759785, 61.622136465196654, 118.00522479147865, 68.61746295659997, 28.8984374677188, -0.327035602605, 0.669381668974, 0.667065136153, 0.944854386749, 0.218718633568, 0.243746481353, -0.0172598514149, -0.709993197553, 0.703996986469,  
2242, 1573867.8419262026, 72.15945051985594, 110.15529627586031, 96.99976899933897, 35.164428982594146, 0.0672693937325, 0.984428212889, 0.1624066573, -0.589142228099, -0.0921768006081, 0.802754553086, 0.80522435615, -0.149681432042, 0.573767553252,  
2249, 1780854.7349389568, 75.19344144264139, 118.36885416629481, 86.18836973075146, 41.67290504116494, -0.927967397933, 0.176490822523, -0.328218673965, 0.0969521055517, 0.964750220098, 0.244657519912, 0.359828844874, 0.195212710615, -0.912367908254,  
2275, 2172451.429719575, 80.34406889330933, 132.9614162100116, 77.60523755102582, 50.26258277793378, 0.558624303654, -0.498204170021, 0.663122531921, -0.618796742733, 0.282034367791, 0.733176108836, 0.55229473884, 0.819908056039, 0.150735865311,  
2280, 1401198.5851259974, 69.41772238901, 127.61551201131188, 93.86934294722904, 27.924399048179307, -0.792545194449, -0.562773051316, -0.23485869681, -0.608608918455, 0.754157018023, 0.246662474939, -0.0383053407759, -0.338428256619, 0.940212218592,  
2296, 1905163.8959188173, 76.90381970784522, 117.04243008340134, 83.94434447761215, 46.29232155968924, -0.981286858512, -0.154618029359, -0.11475785946, 0.0250531606786, -0.693442636549, 0.720076141082, -0.190914746551, 0.70372620728, 0.684339816711,  
2298, 1342896.89213846, 68.44126370841146, 107.24366336414738, 79.45475295782326, 37.62378959474855, -0.18103087955, -0.0475959017113, -0.982325022989, -0.968341737529, -0.165934704013, 0.186493842695, 0.171878154541, -0.984987463953, 0.0160497927471,  
2304, 636948.0073908068, 53.375070049841376, 90.82279668690083, 54.17608790112322, 30.903869558142926, -0.103527594727, 0.994623075841, -0.00264085856541, 0.680512094724, 0.0727685396755, 0.729114551061, 0.725386328838, 0.0736863395573, -0.684386584686,  
2311, 1788368.8428913683, 75.29904968719093, 136.95063778836985, 85.55365007918383, 36.43895245504838, 0.48646387845, 0.326313114378, -0.810476801857, 0.813074091369, 0.170448746769, 0.556648674362, -0.319786517708, 0.92976716231, 0.182399580544,  
2320, 4099898.6391892554, 99.28755973935552, 120.41966497570823, 100.94651447848007, 80.51851710019629, 0.355542767428, -0.342925528982, -0.869477671998, 0.410400580548, -0.778507540478, 0.474865636685, -0.839738473583, -0.525669183984, -0.136055889226,  
2326, 921759.3557264837, 60.37303123930183, 146.46179661139138, 90.13669777350134, 16.66874660153663, -0.714966430014, 0.696494725519, 0.0609762353396, 0.689320414669, 0.71679908408, -0.105054457226, 0.116877584992, 0.0330782464104, 0.992595315192,  
2352, 1242312.8059144614, 66.68796283268026, 112.13947367594128, 90.44341662929392, 29.24198696687062, 0.331267279383, 0.837334691209, 0.434893785318, 0.876419537314, -0.102337212172, -0.47054849869, -0.349500764269, 0.537026731088, -0.767757452502,  
2366, 1306143.3053842396, 67.81109226701096, 110.49551141597543, 83.62249097683392, 33.746946487291986, 0.366481713915, 0.580470508599, 0.727148638184, 0.809643932233, 0.186114276598, -0.556631097806, -0.45844067922, 0.79272660148, -0.401766946056,  
2377, 509294.92890257854, 49.54048426154021, 122.51428043612147, 58.235152374954936, 17.04153900033608, -0.707894837532, 0.509467892012, -0.489210962678, 0.703871157646, 0.451236467716, -0.548590050618, 0.0587391899005, 0.732685551387, 0.678027720936,  
2381, 1495620.7842209344, 70.9432305052817, 118.72228683858707, 72.78976954986825, 41.31714313037907, -0.818502081425, 0.223605253676, 0.529202261174, 0.569482400575, 0.194268488337, 0.798717440572, -0.0757900926122, -0.955123261662, 0.286348418704,  
2384, 1054384.555895874, 63.13983978541914, 127.29410272065412, 75.75865442417098, 26.101765890819433, -0.344002489162, 0.192747886686, -0.918972545634, 0.901581263639, -0.205620549762, -0.380619776904, 0.262323297679, 0.959462579621, 0.103043902301,  
2392, 1425267.7896870363, 69.81294419106797, 109.45735671822709, 78.2516871391275, 39.725483804923414, 0.180047414395, 0.570065764619, 0.801628313235, -0.740361615585, -0.458030916137, 0.49200849386, 0.647647748964, -0.682079690265, 0.339587528319,  
2393, 1491471.2773310666, 70.87756054110173, 110.16524123932135, 102.0737137470919, 31.66414597881841, 0.783049227798, 0.520859063225, -0.339911375363, -0.505687390854, 0.851346391143, 0.139605103845, -0.362096906334, -0.0625712277665, -0.930037994858,  
2394, 1237086.4052973022, 66.59431279553337, 143.021230322459, 59.569045445451984, 34.66492576360758, 0.423387900208, 0.674731692877, -0.604549277217, 0.831315922141, -0.554582953961, -0.0367639058051, 0.360078496375, 0.487006046988, 0.795718911831,  
2402, 2909416.8216552404, 88.56030673199159, 115.25836074665722, 93.84498027555185, 64.2146101491002, -0.0497301160012, 0.562071953807, 0.825591929652, -0.834841086877, -0.477138053416, 0.274553524187, 0.548240161995, -0.675584485262, 0.492968891564,  
2409, 2155828.1941192895, 80.13861750561675, 114.94278067456, 89.16623080385729, 50.216151980353025, -0.828541532599, -0.07048274812, 0.555473771637, 0.329469882435, -0.863496453101, 0.381868396245, -0.452734497612, -0.499405704513, -0.738664617382,  
2411, 2192900.0472031157, 80.59536674576776, 118.98800695857729, 97.58954324461314, 45.08413609101292, -0.682257246567, 0.0480105359163, -0.729534123909, 0.701376972258, -0.238701674635, -0.671633719607, 0.206386511898, 0.969905407227, -0.12918246297,  
2414, 2633136.1551236203, 85.66332005467815, 121.67408965135586, 97.25077616701499, 53.124337275806944, -0.787554680194, -0.598928324713, 0.145060289399, -0.609130201918, 0.792253287971, -0.0359878425503, 0.0933703529813, 0.116702997202, 0.988768116207,  
2419, 1892500.6080119999, 76.73305209103988, 107.19469127558888, 82.71504699833828, 50.95533013871529, 0.288646167604, -0.00128988308521, -0.957434972272, 0.392839575737, 0.912107619942, 0.117203913664, 0.873132554463, -0.40994880881, 0.263783086063,  
2436, 2388889.3111173725, 82.92824463423541, 130.43373634570665, 94.1946401648842, 46.41852022454783, 0.340300777193, -0.94017554512, 0.0162888121204, -0.817757672225, -0.287350952807, 0.498700129776, -0.464185060681, -0.183028342832, -0.866621517827,  
2444, 1410786.8098939206, 69.57570149075426, 133.96679085094436, 85.40940265780932, 29.435400061442383, 0.0468546916366, 0.942678305566, 0.330397109682, -0.213103210575, -0.3137125539, 0.925295334025, 0.975905558706, -0.113763112387, 0.18618886848,  
2445, 916292.5068808316, 60.2534393272931, 102.39604071187753, 59.23353649811854, 36.065727645851425, -0.216758264217, 0.696205880026, 0.684334149016, 0.969083566366, 0.238090494674, 0.0647298829378, 0.117868130947, -0.677207714783, 0.726289759493,  
2454, 1506220.2389804632, 71.11042755455074, 149.94284088972438, 91.02725208703491, 26.345272930443368, -0.819088883333, 0.0595903097123, -0.570563227162, 0.0340325965876, 0.997886074846, 0.0553639232569, 0.572656252537, 0.0259302259397, -0.81938540371,  
2456, 833043.2099315004, 58.370440822065355, 112.32159088082219, 83.595415474204, 21.18035392567603, -0.149499472191, -0.988570096085, 0.019469795628, -0.493104884869, 0.0574747195857, -0.868069253647, 0.857028284441, -0.139376546577, -0.496061183658,  
2458, 1849339.4473765902, 76.14522507507327, 123.20337251624366, 75.45357096606344, 47.49256542754021, -0.860765066966, 0.475689587339, -0.181115753008, 0.497767195129, 0.861022648856, -0.104248825467, -0.106354684637, 0.179887227603, 0.977920889643,  
2462, 1678902.1115338719, 73.73022999880138, 135.50732216301785, 68.31218543493138, 43.298796333399196, -0.576626819052, 0.46454557486, 0.672085500831, 0.80286005503, 0.169765001573, 0.571485412131, -0.151384423197, -0.869124417514, 0.470856138639,  
2466, 1187659.1948300437, 65.69531641257375, 93.64442722583034, 72.85404304634118, 41.55924320432664, -0.896149767149, -0.226075402432, -0.381844873285, -0.442402510367, 0.388117100429, 0.808483231227, 0.0345776468265, -0.89345118992, 0.447827374744,  
2472, 829435.3445569407, 58.28605246328504, 112.70702524661672, 74.53149763295559, 23.572361532259226, -0.245546986834, -0.858532517203, 0.450142859725, 0.858502296614, 0.0230642245777, 0.51229078486, -0.450200493075, 0.512240137483, 0.731388786889,  
2477, 662458.6201881364, 54.07834375853956, 148.36369312041526, 35.56792569722449, 29.96980884313793, -0.859556757708, -0.204795696547, 0.468210319146, 0.0442928134321, 0.882887821034, 0.467490365835, -0.509117203557, 0.422572855429, -0.749821215289,  
2484, 1988983.555210073, 78.01549367926167, 111.48276492467551, 69.73818612702024, 61.075102506535714, 0.794022265684, -0.585505147624, -0.163439174324, -0.317523792898, -0.628747089948, 0.709827963541, -0.518369831821, -0.511723381317, -0.685151004138,  
2487, 1388074.532011728, 69.20031301191386, 115.18620163059423, 93.33196432905167, 30.82430640227785, -0.288412639087, -0.864640020332, -0.411358462725, 0.698466046274, -0.483846309295, 0.527293022127, -0.654952923359, -0.135241946977, 0.743469087428,  
2504, 847226.8834003174, 58.69985649866215, 122.85403259987332, 65.96696152492618, 24.95716334390576, 0.342090821228, -0.35011538288, 0.872005211396, 0.4149933399, 0.888881545326, 0.19408793424, -0.843062511247, 0.295480654273, 0.449373769907,  
2506, 1056464.4853227884, 63.18133007185248, 115.0242184829258, 73.62927252026589, 29.780123339815585, 0.8488373147, 0.521705849178, 0.0854296207773, 0.351431112558, -0.677583696268, 0.646046830871, -0.394932128725, 0.518366030411, 0.758501992229,  
2509, 818799.8509943619, 58.03585432067736, 103.60251616222358, 65.81414460667625, 28.668145596199977, -0.490125198286, -0.620480898334, 0.612193388405, -0.0616302747531, 0.725247653016, 0.685724107079, -0.869470528102, 0.298361017222, -0.393702557984,  
