# Void_ID, Void_Volume, r = (a*b*c)**(1/3.0), a, b, c, vector_a, vector_b, vector_c 

22, 2451782.513281986, 83.64971095690206, 105.70834353507963, 86.69500447996529, 63.868981863825525, 0.537055589833, 0.352585079509, -0.766325684769, -0.798851053604, 0.50437205023, -0.32778930596, -0.270939638267, -0.788221159735, -0.552538791182,  
30, 701574.9352217992, 55.122446570489686, 103.77411218167542, 52.43401202502109, 30.78104357150942, -0.487867754583, -0.0756596688846, 0.869632490505, -0.861253403949, -0.120595521251, -0.493659087265, -0.142223866574, 0.989814293066, 0.006327481203,  
46, 1096159.5940400541, 63.96293644309424, 102.20079739933885, 63.49197263747662, 40.328500593644996, -0.517120059957, -0.366279963343, -0.773579880842, -0.855813803526, 0.235021973319, 0.46081168144, -0.0130221843299, -0.90033530449, 0.435002025518,  
66, 3220100.141082226, 91.60663340564307, 121.90858870805637, 95.43890488714162, 66.0725422930995, 0.0806431528693, 0.773164062278, 0.629058037622, -0.771733711956, -0.350982000529, 0.530319444425, 0.63081198445, -0.528231926437, 0.56837247661,  
80, 1644892.7719582692, 73.22898158079997, 130.92363451745584, 81.71371927544628, 36.70590629461451, -0.126990807963, 0.982423053529, 0.13681476012, -0.200500546114, -0.160508376273, 0.966455685562, 0.971428260707, 0.0952995542497, 0.217359447135,  
98, 527944.0468101123, 50.137933416039154, 152.18450463035165, 86.19731950589073, 9.608046407654522, -0.338592452488, -0.907906186476, 0.247106267983, 0.207921614388, 0.183932437908, 0.960696341492, -0.917673010058, 0.376663264526, 0.126495184762,  
108, 3389190.2502544983, 93.18280504364816, 132.56803767783387, 92.1779218066255, 66.21274589967138, -0.956631681173, -0.0336855349676, 0.28934600621, -0.273223597356, -0.240698856402, -0.931350055766, -0.10101827767, 0.970015126305, -0.221056468614,  
132, 1855263.6415110063, 76.2264465559928, 140.49393965841594, 81.95858814403692, 38.46493163672494, -0.513177171138, -0.0423908260481, 0.857235212115, 0.188746110595, -0.979903157085, 0.0645345525251, 0.837271817726, 0.194917471257, 0.510865033684,  
144, 569106.912505575, 51.408517946383384, 123.0144147312072, 41.236186372009875, 26.783711162386155, -0.748004941452, -0.657972628779, -0.0869518679567, -0.611491920977, 0.734161932558, -0.295099792209, -0.258004337451, 0.167565738024, 0.951501700102,  
198, 726094.6285018588, 55.75727470263163, 108.77131405958222, 98.19862486125399, 16.228741150114057, 0.303746787455, -0.952263860252, -0.0305193310534, 0.867651263643, 0.289706912457, -0.404043549106, 0.393597730951, 0.0962467938787, 0.914230485632,  
201, 1432826.5754562053, 69.93614231547735, 102.72591978079912, 82.19614515120331, 40.5110528046051, -0.554397750876, -0.820462124353, -0.139588811604, -0.803340209839, 0.571381994533, -0.167830639574, -0.217457216665, -0.0190923760972, 0.975883107803,  
219, 1151723.0084899096, 65.02591588362219, 128.78497949934894, 76.86422341610248, 27.77601748104149, -0.0531051921809, 0.565713959186, 0.822889758683, 0.68770350572, -0.576777048763, 0.440899222319, 0.72404677113, 0.589318209801, -0.358413616946,  
222, 813585.1052402912, 57.91238621735064, 135.88356702125927, 59.79906247040481, 23.903036013693047, -0.961103256615, -0.0635967729098, 0.268767521475, -0.069248190581, 0.997532142569, -0.0115893331301, -0.267367197363, -0.0297502103624, -0.963135352252,  
239, 2100692.8975997213, 79.44952759859852, 118.18888574669208, 96.05016572833698, 44.177303212736206, 0.498544299063, 0.80414922092, 0.32372459339, 0.560223971385, -0.013902679157, -0.82822449698, -0.661515444836, 0.594264878658, -0.457434771566,  
251, 1114152.9711415835, 64.31102100018083, 107.53185578174545, 84.3863744182732, 29.312087223910098, 0.487839604591, 0.806477978014, -0.334074529367, 0.642956642973, -0.590817830521, -0.487381828134, -0.590439899947, 0.0229687204166, -0.806754710202,  
259, 709182.3210412064, 55.320967115473266, 140.0660623711652, 72.60532305127211, 16.64822396121003, -0.874288610438, -0.172923956185, -0.453560063317, -0.0923133457848, -0.858106464655, 0.505105475626, -0.476547659577, 0.483477611369, 0.734269519629,  
264, 442674.0665850021, 47.27865977754729, 96.4269946759276, 80.4060742938897, 13.630380533912177, 0.130657321926, -0.719449833759, 0.682144120352, 0.991358839875, 0.0867049757562, -0.098437278411, 0.0116753941711, 0.689111154955, 0.724561592474,  
288, 2003084.1756384638, 78.19941969538515, 112.44084355350272, 81.83995298411406, 51.966219621579754, -0.878593287902, -0.471153196989, 0.0780288371029, 0.0126603665192, 0.140351085768, 0.990020852226, -0.477402921621, 0.870813549326, -0.117346549745,  
299, 149415.0911902011, 32.918139774462034, 139.05870248567786, 33.17207591268378, 7.732768907167458, -0.996798688419, -0.00266480171422, -0.0799079069787, -0.0232797270054, -0.946466180454, 0.321962456765, -0.076488097613, 0.322791988884, 0.943374211454,  
314, 2702111.569273555, 86.40487028308596, 140.0325233656952, 79.64049723938615, 57.84313060042827, 0.173106997301, -0.900398722932, -0.399144218583, -0.613116280954, -0.415677480494, 0.671789147159, -0.770793353315, 0.128430416778, -0.624005796873,  
360, 687083.3833574532, 54.740271289476226, 107.70203760957413, 76.27836073113156, 19.96620681165919, 0.157238350529, 0.373942783839, 0.914025653654, -0.867734032576, -0.389575214872, 0.308656444396, 0.471501590488, -0.84166379652, 0.26322671558,  
372, 2058958.6944071031, 78.91986644240909, 146.50961725827997, 70.05128138214756, 47.893525505674596, 0.364924867289, 0.925051893734, -0.105398458875, -0.626872480103, 0.327826549401, 0.706796043564, 0.688375431668, -0.191856059084, 0.699521634883,  
412, 1155200.8546030694, 65.09130280792414, 106.21907215792656, 57.895054730665514, 44.846124671608756, 0.336979264595, 0.844535164285, 0.416179446296, 0.749663090287, -0.508102915444, 0.424071548656, -0.569605325023, -0.169091051222, 0.804336987898,  
444, 1092874.6960903709, 63.89897922586286, 147.85023592757335, 79.10891159812228, 22.306648816265916, -0.455899357611, -0.886862871949, 0.0750334731169, -0.0798816298074, 0.124736046791, 0.988969081342, -0.886439338561, 0.444876572758, -0.12771113523,  
452, 266239.65988069546, 39.908130175689465, 123.54826406425242, 71.40332469838656, 7.204918273003185, 0.700047205704, 0.133030294858, 0.701595931029, -0.330416669107, -0.8106501385, 0.483395467217, 0.633055080197, -0.570218636664, -0.523537937343,  
460, 677834.6031999326, 54.49354260075184, 128.84863818628494, 81.71305527524717, 15.369645276477783, -0.0433113880774, -0.604120081517, -0.795715433287, 0.997212441617, -0.0745778961308, 0.00234172866012, 0.0607574682423, 0.793395906541, -0.605666133721,  
491, 2050420.2878316033, 78.81062294711647, 125.76914977709853, 76.95614295171278, 50.575113175594055, 0.757531653916, 0.585876698193, -0.287913681214, -0.213286150757, 0.638972527103, 0.739069095216, 0.616972293714, -0.49846023324, 0.609001301039,  
498, 1770834.4115547184, 75.05214595746656, 115.59722194439657, 66.83238955174522, 54.72111738963967, -0.545512714777, -0.139331891555, -0.826439654187, -0.812019763112, -0.156223670034, 0.562332703331, 0.207460315077, -0.977844971822, 0.0279182512213,  
503, 558045.8799204216, 51.0732818599537, 88.00216776401668, 54.23767872029278, 27.911734942179073, 0.78290949606, 0.448471086639, -0.431191842951, 0.433872714844, 0.103140782319, 0.895051085881, -0.445877997094, 0.887826370115, 0.113829469981,  
522, 447225.0224819245, 47.440125408749076, 130.01852206453455, 52.59584920395409, 15.612799720608818, -0.08572817955, -0.743738540992, 0.662950723564, 0.0725336260736, 0.658975736148, 0.748658702118, -0.993674771905, 0.112267367525, -0.00254673699872,  
541, 2315501.878231098, 82.07020333776764, 101.69363172904363, 90.49442572270891, 60.067691639353555, -0.0145624862617, -0.270380100258, 0.962643514172, 0.524310328864, -0.821836024842, -0.222899590215, 0.851402732578, 0.501477965274, 0.153731055106,  
578, 1887318.5380210343, 76.6629509181252, 142.92643592923156, 65.95390638291698, 47.797315873729964, 0.26202299883, -0.749810318219, 0.607559408434, -0.818990857882, 0.160248656757, 0.550975809553, 0.510487926194, 0.641953935029, 0.572098962165,  
599, 352708.03825297445, 43.8304149989386, 116.50552442155616, 36.68175510423518, 19.702898583819305, -0.421629601137, -0.629668519022, 0.652492172825, -0.10029304997, 0.747548244273, 0.65659190264, -0.901204629134, 0.211398151926, -0.378339844306,  
603, 303499.95894850924, 41.68917899638209, 91.45925221847709, 67.89791103840342, 11.667719188961488, -0.180669655902, 0.711768488085, 0.678781330626, 0.820818428337, -0.27110261683, 0.502752900389, 0.541863066778, 0.647988418506, -0.535252675233,  
626, 1493575.6678935986, 70.91087976020277, 96.13380881495948, 61.793966091947404, 60.02282073094208, -0.856016167298, 0.478468982679, 0.195713448538, 0.515637110151, 0.763330891059, 0.389158478503, -0.0368061402454, -0.434043066261, 0.90013994727,  
641, 1824389.7929382618, 75.80124547517994, 119.36786745181334, 78.00934829574041, 46.77296913056807, -0.258326391132, 0.797879067251, -0.544661793857, 0.952042556546, 0.114572226307, -0.283704380445, 0.163958672138, 0.591829535426, 0.789211856746,  
653, 1906556.95282469, 76.9225591798054, 108.22965267831508, 88.903843069187, 47.303619681291394, -0.525133513272, -0.845059088212, -0.100548150995, 0.795595362817, -0.529435718376, 0.294492510554, -0.302097355007, 0.0746522440277, 0.95034953073,  
708, 899638.096649833, 59.88615218058788, 114.0538274800778, 48.71877628303103, 38.652091009612796, -0.853467728989, 0.0657660360801, -0.51697936523, 0.207813417373, 0.952670851858, -0.22188247245, 0.477918841577, -0.296804778464, -0.826740893114,  
725, 2889288.818098853, 88.35560720771646, 122.50914089437363, 90.67252735754553, 62.09521454744567, 0.753360890906, -0.0609837566418, -0.654773510062, 0.23960751513, 0.952699796442, 0.186952765568, 0.612401507792, -0.297731555745, 0.732338933806,  
733, 2834023.6499274685, 87.78863309552882, 105.36114277872633, 97.50451022131764, 65.8581737017538, -0.514882022568, 0.353305886855, 0.781070709443, -0.668689644335, 0.404605463123, -0.623817744834, -0.536423957701, -0.843486437072, 0.0279279086277,  
761, 4267238.786289663, 100.62041684531911, 142.16066484017267, 100.15383716312458, 71.55027342087361, -0.146783905065, 0.304081845677, -0.941269736231, -0.974270977882, -0.20897172486, 0.0844208497059, 0.171027912547, -0.929443408357, -0.326931802967,  
773, 2705158.5001105117, 86.4373351121238, 132.03763612140156, 83.3390133192496, 58.689176005733934, 0.745797637385, -0.562799170487, 0.356430887789, -0.536015843943, -0.824668791757, -0.18057795808, -0.395566554594, 0.0563779886255, 0.916705308856,  
780, 2089903.7974446537, 79.31327721940261, 112.1747855967309, 79.75081629574765, 55.77085476101918, -0.965420495802, -0.257146168145, -0.0428848982124, 0.124273861754, -0.598550895588, 0.791386651818, -0.229170839268, 0.758691421857, 0.609809849731,  
783, 1666498.700813904, 73.54821270024208, 109.27080419781039, 65.43070468325129, 55.64557483086009, 0.0189793907056, 0.691129962228, 0.722481250995, -0.683899258894, -0.518142705753, 0.513624318116, 0.729329545825, -0.503852668729, 0.462829236113,  
787, 1624285.872583492, 72.92189610010907, 115.36595546721101, 82.45301420781703, 40.76520717231272, 0.757102106762, 0.282379175522, 0.589116627815, 0.24118506082, -0.95887097139, 0.149653689106, 0.607145918518, 0.0287830064024, -0.794068871175,  
812, 974431.533640968, 61.50176414842617, 98.2080257113602, 81.47948834341679, 29.071500417226257, 0.57230194809, -0.54394096223, -0.613676388515, 0.0411757859455, -0.728341652869, 0.683975870442, 0.819008568248, 0.416709330714, 0.394434150185,  
825, 971341.8742088266, 61.436693493665544, 111.50814731094759, 53.583471171110894, 38.810215829132325, -0.921475582514, -0.0164156986443, -0.388089262502, -0.025560091362, -0.994378694061, 0.102750642468, -0.387594417608, 0.104601805128, 0.915876099592,  
845, 959985.5012974029, 61.19632675687735, 119.26751417740304, 70.13306986238499, 27.398768807287528, 0.836369101362, 0.213234673327, 0.5049927726, -0.329334784844, -0.540978377432, 0.773874017294, 0.43820694401, -0.813556002523, -0.382232004128,  
877, 1565623.1597157842, 72.03322780429556, 114.6368350481467, 78.79706702002765, 41.377513393182504, 0.659417203872, -0.626408730183, 0.415669404681, 0.318783471634, 0.733733606865, 0.60001007689, -0.680842161922, -0.263148431322, 0.683525313096,  
984, 96366.83403031633, 28.441095937237826, 116.59911636864842, 26.980988750108374, 7.312836470568592, 0.877348359794, 0.404366698038, 0.258355238161, 0.267756063422, -0.859333770704, 0.435720278422, 0.398204151243, -0.313102290068, -0.862206709488,  
1002, 581054.7670594275, 51.765786849120964, 112.41692873245077, 86.70730380944055, 14.231184899616972, 0.116336617665, -0.452257884201, 0.884267265915, -0.176192927815, 0.866794205685, 0.46650172259, 0.977456824406, 0.210072871093, -0.0211552653563,  
1014, 417505.07814412494, 46.36508400357707, 123.06990207254641, 43.299974866216154, 18.703963814484666, 0.722964885343, 0.469851516896, -0.506518831468, 0.426394312342, 0.273416084886, 0.86222475894, 0.543608006714, -0.839334972819, -0.00267178598854,  
1016, 500808.0963082375, 49.263762442001195, 90.05880385613321, 62.405054780072604, 21.273394251017617, -0.703304884703, 0.710868070731, -0.00536890758029, 0.700353998096, 0.691567801077, -0.176743469084, 0.121928325272, 0.128064681035, 0.984242308056,  
1023, 3266583.4763839473, 92.04532112220353, 109.2067034832145, 97.81822402771604, 73.00222220614762, 0.576873301709, -0.557552161503, -0.596952913535, -0.777244835371, -0.599433930637, -0.191231348609, -0.251212379601, 0.574294828467, -0.779151968701,  
1024, 371574.48072001984, 44.598380664743004, 69.70284381947283, 45.26165422488341, 28.117477118119545, -0.995444786943, 0.0324321301804, 0.0896539629856, -0.0328533688309, -0.999454974675, -0.00322641496817, 0.0895004597951, -0.0061571526737, 0.99596774906,  
1032, 2432935.4542110125, 83.43481858511589, 109.57687414764118, 77.53299588792349, 68.36542297274754, 0.886976093809, -0.330102620081, 0.322963882232, 0.216429033129, 0.914907709852, 0.340737958074, -0.407960638579, -0.232327662297, 0.882945057578,  
1035, 1087994.1244255488, 63.80371702579323, 96.95887114244053, 71.1362032933862, 37.65821304425113, -0.285156121844, -0.95295422374, -0.102782457796, 0.769136035323, -0.291493530453, 0.568736565443, -0.571940333726, 0.0831250212629, 0.816072598178,  
1038, 443697.67129329767, 47.315072877621105, 91.26854889328035, 64.20036140793371, 18.07756457600216, -0.996472367111, -0.0833059453246, 0.0101459873007, 0.0188905236051, -0.104862328004, 0.994307316821, -0.0817677791227, 0.990991428641, 0.106066105133,  
1061, 2134207.6998020923, 79.8698173078492, 146.1106876852566, 81.78426834290951, 42.637949958559716, 0.351253377828, 0.634880400749, 0.6881481972, 0.760846911351, -0.621887093504, 0.185387217523, -0.545649193211, -0.45845754403, 0.701486734208,  
1074, 2757086.528160744, 86.98691502831811, 132.17686078414752, 77.16648201344483, 64.53237552290008, -0.971918527321, 0.0516890171344, 0.229570515872, 0.137892742107, -0.66543021299, 0.733613129186, 0.190682898878, 0.744668300082, 0.639616412335,  
1090, 1276962.9033040863, 67.30229758180762, 103.74641745745427, 73.48704175754555, 39.98580077110214, -0.208871393193, -0.943947671868, -0.255608164738, -0.899899787619, 0.287837681903, -0.32761233359, 0.382822561181, 0.161592888617, -0.90957936707,  
1135, 870766.3951421521, 59.238540547972136, 98.57038110376807, 74.92194291976831, 28.148650843049754, -0.820760457465, 0.523826277979, 0.227943637684, 0.366648090011, 0.17703480438, 0.913360748078, -0.43808840381, -0.83322548481, 0.337363071349,  
1139, 1300785.3225769126, 67.71824165574154, 111.25591518693064, 90.74056027467368, 30.760433498085728, -0.0487254242059, 0.678873316879, 0.732636917351, -0.461398290466, -0.665852560112, 0.586303663427, 0.885854079739, -0.309469526484, 0.345674936301,  
1159, 355929.59967712674, 43.96345670564217, 133.9441224323619, 81.45202120140245, 7.788430879589547, -0.233774026926, 0.628586936886, 0.741773662994, 0.963374338343, 0.0466644073367, 0.264068773825, -0.131375753304, -0.77633813243, 0.616473450831,  
1187, 843086.6908447739, 58.60408299490951, 109.87146352678896, 76.56788331928892, 23.92500698626507, -0.148691654351, -0.345380508793, -0.926608383338, 0.0629019512729, -0.938430519088, 0.339693251877, 0.986881014334, 0.00777592378412, -0.161261894312,  
1197, 1233885.8385130095, 66.53683267678885, 140.84387949521485, 78.12485211738964, 26.770666460865424, -0.172307417933, -0.982925975388, 0.0645498306203, -0.963369802673, 0.15448337631, -0.219211107706, -0.205496416083, 0.0999570575384, 0.973539834637,  
1205, 1492632.9128535516, 70.89595681133925, 132.48757368219222, 80.01082993621536, 33.61557020558871, -0.855383718078, -0.34350320757, 0.387716702292, 0.0520787007774, 0.687673016181, 0.724150282567, -0.515370258913, 0.639618143275, -0.57033510064,  
1213, 1088822.962157739, 63.819914878281175, 113.69807072450409, 112.4305717125891, 20.3343899298965, 0.271526062462, 0.958996423393, 0.0812370440343, -0.559026620042, 0.0884434152875, 0.824419189719, 0.783430172695, -0.269264966551, 0.560119221505,  
1236, 228810.5185334616, 37.942778045998324, 126.43980888978619, 101.80017370915583, 4.243801150430149, 0.266290723307, -0.949259378655, 0.167319702117, -0.947094376962, -0.225411123921, 0.228477715191, -0.17916889185, -0.219309045067, -0.959063111033,  
1242, 2100193.732835676, 79.44323419157467, 142.72955331326298, 96.43038299064207, 36.428639386530506, -0.672394927695, 0.617491713052, 0.408153213293, 0.0979598514558, -0.47232863947, 0.875962056164, 0.73368176256, 0.628975071564, 0.257101984899,  
1304, 1112837.5724183484, 64.28570193104045, 109.31227928722909, 54.43388291400397, 44.64829779222178, 0.617138068587, -0.507229657486, -0.601546904961, 0.377109244639, -0.480313976033, 0.791888314117, -0.690600624028, -0.715553323656, -0.105139046491,  
1316, 1481180.3581851665, 70.71416946829378, 107.72378984172474, 77.24648442970263, 42.494134450707804, 0.155993848015, -0.0617962976843, 0.985823075899, -0.205602313991, 0.974149381181, 0.0935984595254, 0.966122977608, 0.21728828946, -0.139255848712,  
1325, 74260.76402970383, 26.074957022291525, 47.32978333096789, 32.130997196334995, 11.657678748570426, -0.949105679415, -0.141986009811, -0.281137657242, 0.0275780660066, -0.926656126284, 0.37489715109, -0.313748082985, 0.348063782427, 0.883410291872,  
1327, 235755.9964011454, 38.322871782688146, 117.08544800079592, 69.6208966166904, 6.904489990517111, 0.276196720164, 0.817428738858, 0.505495428921, 0.258477513424, -0.569752976072, 0.780109557249, 0.925691496572, -0.0848044995657, -0.368650851116,  
1341, 2328315.8670992823, 82.22131711089546, 142.81520221823828, 104.80615118794053, 37.1357395098441, 0.404673301412, -0.875136286305, -0.26528475176, -0.644230342844, -0.478716294114, 0.596488034338, -0.649004456444, -0.0704782955309, -0.75751305294,  
1366, 2513308.9185920074, 84.34365576628863, 127.41871438988665, 83.424847451521, 56.44540883320708, -0.0302445243444, 0.568835490294, 0.821895038146, -0.997884813119, -0.0645208917804, 0.00793437274124, -0.0575427536195, 0.819916605214, -0.569583700609,  
1414, 540100.2283845565, 50.51983427259286, 131.70985593148427, 95.83124801540846, 10.215516577375597, -0.886173470273, 0.35581150819, -0.296807599673, 0.435249187745, 0.419526272488, -0.796590140072, 0.158917353211, 0.835102315487, 0.526639722691,  
1424, 364292.05013158655, 44.30509731821253, 119.32842186447206, 43.25314766989173, 16.849983096037978, -0.983364435108, 0.0774584568793, 0.164300259349, -0.000567777188219, -0.905826414067, 0.423648657744, 0.181642686044, 0.416507737067, 0.89080145912,  
1432, 2029261.381914986, 78.53859487395077, 135.586604028686, 95.86093664553022, 37.27270652668913, 0.859391474358, 0.206927850243, 0.46757583192, 0.311001221971, -0.937391638623, -0.156764650901, 0.405862703058, 0.280138859556, -0.869941196652,  
1444, 1430037.8952432526, 69.89074110087354, 116.44437700619572, 71.02783491555172, 41.277352918346466, -0.0980358019651, 0.949348981981, 0.298538928691, 0.964486109033, 0.164568090857, -0.206600796114, 0.245266237009, -0.267682374995, 0.93176747051,  
1447, 479452.23831102805, 48.55331799698962, 140.0969182815722, 50.60073675489203, 16.146236842487546, -0.960839763658, -0.24393864607, -0.131456781973, -0.131797165881, -0.0150003597396, 0.991163203652, -0.243754908953, 0.969674649643, -0.017737480094,  
1464, 736344.815705252, 56.018422495310354, 91.87734396575338, 81.70846454568283, 23.416239042016027, 0.167999849783, 0.604039931902, 0.7790454487, 0.983026817325, -0.161751040409, -0.0865729596677, 0.0737178871912, 0.780366812207, -0.620961602286,  
1497, 783900.6206483553, 57.19931128682857, 95.77928829483778, 59.83096681417656, 32.656886186903975, -0.492185857046, -0.540040867359, -0.682721717617, 0.192277542538, -0.832369737088, 0.519798006359, -0.848989062803, 0.12456517315, 0.513518343274,  
1511, 2945897.4043202824, 88.92891688203193, 147.7706098729806, 80.91134015095056, 58.82088414828012, 0.137862045614, -0.705187499611, 0.695488782636, -0.846399683751, 0.280806770104, 0.452498765976, 0.514394432051, 0.65104389119, 0.558157880907,  
1514, 1283994.8327810173, 67.42561072788716, 102.73886539703417, 72.04010247529459, 41.415754680759406, 0.447031333303, 0.302023706285, -0.841988520045, 0.621347164833, -0.78197717741, 0.0493902294365, -0.643498786168, -0.545246159869, -0.537229873842,  
1515, 1248572.4390993232, 66.79978196503069, 135.1753565629962, 101.08519111824015, 21.81423937353106, 0.275835118902, -0.780039048377, 0.561652980218, 0.119871701718, 0.607675944149, 0.785086442394, 0.953701086456, 0.149228113672, -0.261122974443,  
1574, 1387881.571083192, 69.19710627357715, 111.77265638708889, 63.67888600748881, 46.55140250335623, 0.657523590244, 0.699968192776, 0.278760214834, 0.632807446315, -0.713871276031, 0.299904213284, -0.408922320449, 0.0207925553642, 0.912332288961,  
1582, 2257210.1227218094, 81.37564801384778, 131.25068536162263, 74.37918308062967, 55.19889653396211, -0.558673368738, 0.404899453268, 0.723837343473, -0.0969756584986, -0.898640544758, 0.427832786233, 0.823698845891, 0.168824180912, 0.54131193153,  
1584, 1131713.1671055302, 64.64713058923995, 126.26390965922211, 70.73612015217047, 30.250133209882144, 0.322640107513, -0.314075772309, 0.892894042019, 0.808088192965, 0.582591073123, -0.0870695923233, 0.492845648671, -0.749629275553, -0.441768169768,  
1641, 239426.10232867597, 38.52071107748124, 123.3281817818052, 22.73980434732646, 20.38139161843098, 0.439640691107, 0.647177457011, -0.622798042595, 0.736368116059, -0.656742308597, -0.16263928723, 0.514274304603, 0.387105772671, 0.765291487206,  
1694, 814877.5065947892, 57.943035110833705, 136.76242702711946, 102.74575626476972, 13.844364600427141, 0.716561666122, -0.403070992089, -0.569274234426, 0.0955671045358, -0.751707987423, 0.652535079651, 0.69094595098, 0.521985514149, 0.500124800268,  
1704, 588279.3453780118, 51.97944806715481, 99.78068561485463, 89.57034483798327, 15.713909992107249, 0.978099531328, -0.149070831876, 0.145255615727, 0.0237863987272, 0.77336763158, 0.633511415572, 0.20677406523, 0.616182110668, -0.759976376238,  
1770, 1682707.4578867885, 73.78589283348005, 106.19708796872985, 99.68902508356379, 37.94548021264012, 0.0829462685333, -0.876844230021, 0.473565320537, -0.974134041621, -0.171572148973, -0.147057358374, 0.210197015897, -0.449118240529, -0.868395083204,  
1779, 573771.5599787973, 51.548591454429314, 122.05029263450348, 81.0135602740203, 13.853319966864806, -0.749550974059, 0.011973731961, 0.661838323936, -0.655941595245, -0.147805564095, -0.740198715785, -0.0889604457886, 0.988943954411, -0.118641873382,  
1785, 1780553.2618176928, 75.18919814674284, 88.83923532644425, 74.47954235038839, 64.2428129544822, 0.176487405471, -0.867938902449, -0.464256671815, 0.258433004242, -0.414253683351, 0.872700560415, -0.949770802893, -0.273999904097, 0.151193500277,  
1791, 2183930.1528662057, 80.48532679045861, 136.78266589199765, 117.04138663961383, 32.56713938534, 0.440150568158, -0.691632751186, 0.572635673738, 0.838012904976, 0.545453132463, 0.014671447806, -0.32249317581, 0.473418438354, 0.819678677155,  
1794, 2530752.4458388016, 84.53833407657434, 108.79275928632218, 94.49671090344174, 58.768468286492585, -0.808236509819, 0.551421643883, 0.206610539065, 0.588855267345, 0.757918682131, 0.280728953613, 0.00179396639606, -0.348559093891, 0.937285089901,  
1799, 1272660.237629933, 67.22662189427186, 89.36055706070425, 66.3210389270219, 51.26567474579876, 0.691870761883, 0.456737121731, -0.559201261161, 0.556470421396, 0.156181946229, 0.816056290818, -0.46006034274, 0.875784449111, 0.146102976467,  
1838, 2078407.9148881135, 79.16758422247261, 118.43634033107837, 77.40511182881646, 54.123709777548044, -0.982034955907, 0.00515856328896, -0.18862856253, -0.0911472242468, 0.86230923573, 0.498111398672, 0.165225690767, 0.50635577532, -0.846347623563,  
1866, 4045119.252433659, 98.8433766897189, 126.31778611711383, 105.39945561399364, 72.53370252321191, -0.648223100125, 0.0958011394389, 0.755399863745, 0.339453542894, -0.851663080746, 0.39930100064, -0.681599665992, -0.515259292567, -0.519547646268,  
1871, 2056617.7616303626, 78.88994579003669, 134.68881469763505, 101.9223668628484, 35.765470406937965, 0.655490087771, 0.274562259806, 0.703525628762, -0.596890320505, -0.382354754349, 0.70535578761, -0.462660447977, 0.882281365165, 0.0867461962331,  
1885, 1326102.0962910368, 68.1547481697605, 107.49312271303657, 89.25567903302853, 32.996799243493285, 0.286449111003, 0.157093790825, 0.945128799524, 0.37954068174, 0.88715744826, -0.262489110061, -0.879713463413, 0.433904601129, 0.194501977907,  
1887, 2143434.486170256, 79.9847518074596, 120.97140278342931, 85.76698513446004, 49.3195089316979, 0.128149902951, -0.424492415357, 0.896316792032, -0.436567948145, -0.835639901948, -0.333338238017, 0.890497629995, -0.348585919934, -0.292406955112,  
1913, 2591034.4935187823, 85.20430306279346, 110.89043367396717, 90.89043666218777, 61.3722878767476, -0.38204318778, 0.436110489171, -0.814770301316, -0.905117350982, -0.35456057336, 0.234626044526, 0.186562546141, -0.827100018772, -0.530188622402,  
1915, 1466663.95810782, 70.48239777717689, 124.09495650401831, 85.55570743606464, 32.97910706209934, -0.745634758522, -0.665472138182, 0.0342876098218, 0.000391660583976, 0.0510177936308, 0.998697667633, -0.666354750479, 0.744677123347, -0.0377800010279,  
1928, 1717678.2942538306, 74.29354347570177, 122.46661187680907, 77.68672159993973, 43.10113640250672, 0.0919532782333, 0.962029720585, -0.256989126877, -0.684072046167, 0.248572114987, 0.685753118333, 0.723595211617, 0.112741830576, 0.680954660285,  
1943, 819246.761323135, 58.0464112780186, 112.7590715069608, 69.9067381694923, 24.811647028991068, -0.37106836098, -0.684146590162, -0.627894668436, -0.924966143371, 0.212505802547, 0.315085571713, 0.0821334590658, -0.69769959657, 0.711666612852,  
1947, 1665282.1711768387, 73.53031182400382, 100.36483169398888, 88.80848318495534, 44.602911633406265, 0.426328222687, 0.891261330572, -0.154588121042, 0.730954429552, -0.440108125013, -0.521546220593, -0.532869466622, 0.109353001443, -0.839101932197,  
1996, 1091946.3403304801, 63.88088084412471, 132.75395045861686, 75.66391582413924, 25.952333932647853, -0.330500049025, 0.750904692623, 0.571762066065, 0.205282653696, -0.534108168773, 0.820114318947, 0.921210480664, 0.388420656822, 0.0223750679893,  
2001, 3122090.7835558727, 90.66763883322221, 129.99523234758038, 89.53931912957411, 64.03474814338865, 0.931463355943, -0.0471603550539, -0.360765737629, 0.289967184609, 0.69514165531, 0.657797165472, -0.219761344158, 0.717324180524, -0.661173934491,  
2032, 1055703.160470587, 63.166149540746346, 124.54610598980543, 70.11024301230967, 28.863007775392347, -0.846884466041, 0.415967984927, 0.331296448356, 0.512639507159, 0.804241119995, 0.300660866441, 0.141376931917, -0.424460665344, 0.894340934263,  
2049, 3269533.169508557, 92.07301813056516, 120.81058232233659, 92.97411877398258, 69.49124458376386, -0.411353549786, 0.628604335496, -0.660033973727, 0.909221795029, 0.333886096294, -0.248668056143, -0.0640623487177, 0.702407761985, 0.708885993217,  
2062, 2707238.31220745, 86.45948136381419, 105.14094489810192, 101.11215856563217, 60.79426616337454, 0.581457445919, -0.290468820957, 0.759957303167, -0.7054681602, 0.285262287365, 0.648798969135, -0.405243030204, -0.913374672005, -0.0390486236878,  
2067, 1200701.1244931153, 65.93491277837126, 118.11370120866134, 107.34661256912736, 22.60776784866195, 0.907345218948, -0.189984915056, 0.375007180869, -0.331753712201, -0.871485260959, 0.361182660675, -0.258193973774, 0.452127384686, 0.853766185747,  
2086, 2888698.852037175, 88.34959299900358, 124.52539766576325, 104.15881542117644, 53.16914665784171, -0.59551505208, -0.241179950638, 0.766285882785, 0.703133456979, 0.304861655759, 0.642388287973, -0.388542358594, 0.921353136565, -0.01196801236,  
2093, 1533302.180210922, 71.53408854916135, 106.31211168717024, 63.69896895153106, 54.0535219539779, 0.284767713972, -0.893377828483, -0.347539069248, 0.65958772365, -0.0804691163486, 0.747307671661, -0.695594266717, -0.442041600858, 0.566346041941,  
2140, 1607007.6836623664, 72.66240720266215, 134.37669316941623, 74.51653336130154, 38.313581572209635, -0.979821055342, -0.166149375467, -0.111108435958, -0.177221972765, 0.979225840075, 0.0985348998965, -0.0924287394609, -0.116237425816, 0.988911416135,  
2168, 1045022.7123521608, 62.95241182187211, 119.02963366367679, 78.62661291472182, 26.657072654868085, 0.145684941198, -0.601493641231, 0.785481570418, 0.436323480961, -0.673503030748, -0.59667033405, 0.887917630116, 0.429649935566, 0.164326549887,  
2181, 1111063.3856448962, 64.2515203904286, 91.91116482294595, 63.58308996608081, 45.38792482783958, 0.802648180221, -0.226014880473, 0.551972075918, -0.427363478899, -0.863481438649, 0.267881059451, -0.416072536575, 0.450906951503, 0.789662310988,  
2191, 1861708.1009432795, 76.31460483475088, 123.73494222736763, 96.53663783858366, 37.20818194053055, 0.171509028993, 0.142851157891, 0.974770844693, 0.950044920212, -0.285873245339, -0.125264269365, 0.260766758913, 0.947560042577, -0.184744859624,  
2202, 998204.3077376668, 61.99789488933937, 130.03396010566175, 83.55539838678185, 21.93307518005461, 0.322789114124, -0.930371820347, -0.173825958096, 0.466747807301, -0.00329743340691, 0.884384312001, -0.823379421763, -0.366602513409, 0.433184631513,  
2211, 2868510.323033251, 88.14329253799652, 118.2841886678025, 94.48033531821875, 61.27730922700561, 0.229204642317, 0.678731456562, -0.697702545368, 0.228470313323, 0.659246463699, 0.716376588137, -0.946185260861, 0.323601158795, 0.00396763863161,  
2235, 1041454.7844775203, 62.88068586165873, 118.70143902666275, 62.51702608251734, 33.50406600877345, 0.70979439728, -0.276778989845, -0.647754046201, -0.704408760983, -0.278295304022, -0.652962496021, -0.000459390836235, -0.919752746416, 0.392497992887,  
2240, 233884.0269974639, 38.22117064078407, 98.6118740071947, 72.64408267150709, 7.794396552113899, -0.582825769714, 0.00781943101942, 0.812559523146, 0.798353863554, -0.180892014708, 0.574377217134, -0.151476832241, -0.983471878354, -0.0991858547424,  
2257, 254342.0238608982, 39.30458102153915, 107.11524860845574, 50.667460136630524, 11.187912957077776, 0.593045737319, 0.725543855707, -0.349117268112, -0.47581816535, 0.665588318366, 0.574968924359, 0.649533545686, -0.174866531677, 0.739951261319,  
2274, 2138553.2908425806, 79.92398983243588, 121.40415608046715, 71.18594662366156, 59.07498889389022, -0.818339880371, -0.408565898645, -0.40421992363, -0.573484497534, 0.534111787222, 0.621160309291, 0.0378862941268, -0.740134112992, 0.671391185154,  
2280, 2472054.553473798, 83.87962504245375, 151.56772064909077, 83.64311704553539, 46.551374945431014, 0.886096974878, -0.398736812226, -0.236307227328, -0.133122522603, -0.707288992596, 0.694277088005, -0.443971333633, -0.583739013197, -0.679807487002,  
2322, 2226943.900862761, 81.0102966494839, 125.60192056551956, 100.25277249691773, 42.22094945702379, -0.861106986527, -0.172628817334, -0.478219666242, 0.0808442202255, -0.975116364198, 0.206427440832, 0.50195514721, -0.139094815498, -0.853635556014,  
2363, 2922724.244603423, 88.69512380837456, 127.88442789947179, 90.4952381793522, 60.29146551388013, -0.261566678984, 0.499741072653, -0.825737084519, 0.942911598181, -0.0504281234945, -0.329203162769, 0.206156713355, 0.864705652037, 0.458021336702,  
2368, 965212.8197881327, 61.30720128325948, 114.36304894492878, 63.79005384573936, 31.586083434447374, -0.150997550605, -0.530053129929, 0.834412020026, -0.985289672008, 0.14903113531, -0.0836300361295, 0.0800250082546, 0.834765476143, 0.54475921093,  
2413, 1818690.61793403, 75.7222318069765, 95.89709941735609, 81.15873763013843, 55.786544642122735, -0.0895877850072, 0.994813224813, -0.0481734004951, 0.484471034831, 0.0857869658804, 0.870590841265, 0.870207932156, 0.0546556879272, -0.489643656745,  
2418, 1862154.9642199883, 76.32071024340267, 146.47679862139452, 68.96177469389895, 44.00985533783771, -0.86025769289, -0.34004557398, -0.379902236689, -0.496869441753, 0.39200091152, 0.774245467032, 0.114356721167, -0.854812431463, 0.506180054269,  
2425, 2133732.1688760645, 79.8638848347346, 115.43221222693226, 105.91362327442822, 41.66510218451386, 0.178700833155, -0.754492277931, 0.631512006831, -0.0840680675761, 0.627787595086, 0.773831567895, 0.980305346432, 0.19137433997, -0.0487574584792,  
2438, 1520032.889569399, 71.32713694953175, 130.2447041917428, 82.70861458310725, 33.68631891046588, -0.0768142211997, -0.190946507041, 0.978590316154, 0.227873787155, -0.958874668491, -0.169212609621, 0.970656021745, 0.20999714659, 0.117166914592,  
2450, 1782882.146068802, 75.22196523746965, 112.45128165887732, 84.26733070502502, 44.91696252753181, -0.0351730618267, -0.0779998234751, 0.996332717148, -0.780285825622, -0.620770552862, -0.076144277733, 0.624433251881, -0.780102524183, -0.0390277556227,  
2456, 2176800.656211182, 80.39764916656236, 109.0165094671608, 76.47929551263276, 62.329536747548296, -0.589290752736, -0.329413354139, 0.737714884528, -0.790833685386, 0.0483886782088, -0.61011524967, -0.165283062648, 0.942945055629, 0.289026177475,  
2488, 1944253.3512797058, 77.42622446965277, 118.83333064965147, 82.0437950313396, 47.608032780865784, 0.668910723562, -0.253901182421, 0.698636266929, -0.743342573366, -0.2278297945, 0.628916054303, 0.000512372706191, 0.94001477345, 0.341133351009,  
2490, 1154705.0438068246, 65.08198910609192, 118.69438719441513, 58.09135539042184, 39.979813271461154, -0.810316529096, 0.341838587706, -0.475955357811, 0.544250265408, 0.740087902408, -0.39504625718, -0.217206747769, 0.579151341762, 0.785751202391,  
2493, 353943.34781100415, 43.88152530049589, 118.8454502935546, 49.72296953369693, 14.298995422011382, 0.381302963212, 0.263405678219, -0.886129504603, 0.687037991931, 0.560606419974, 0.462276150723, -0.618536052214, 0.785071901526, -0.0327911809046,  
2495, 2838569.9492565934, 87.8355510968962, 126.56785710409171, 104.17079736099014, 51.39745036797882, 0.757789560924, -0.620322374303, -0.202373746554, 0.143819454985, -0.143733803874, 0.979110084716, 0.636451840851, 0.771064683125, 0.0197055503401,  
2507, 2779484.8111628965, 87.22183754770836, 115.41791337375362, 96.70149067309302, 59.45238868830045, -0.689358191949, -0.368729041585, -0.623557677432, -0.714164868323, 0.490241681233, 0.499631499042, -0.121465320343, -0.789748053416, 0.601285446423,  
2539, 632611.7985513661, 53.253672042431845, 124.20112698349196, 60.29556966388717, 20.16683471703255, 0.401941192564, -0.763793663308, -0.505037144783, -0.827128592497, -0.539468139688, 0.157583050276, 0.392812384215, -0.354391543568, 0.848590045107,  
2548, 905667.0476317657, 60.0196307190527, 92.41181902663122, 55.95495973515828, 41.8132428269418, -0.405298701964, -0.184007418364, -0.895474305702, -0.896172472836, 0.273456140041, 0.349423294023, -0.180576468894, -0.944120230405, 0.275733801738,  
2554, 1857487.2157101047, 76.25688742102763, 120.44303088518025, 81.99555403789638, 44.90195430741876, 0.0338931274211, 0.194436587284, 0.980329367834, -0.94773329574, -0.305122555241, 0.0932835807014, 0.317258342772, -0.932252454976, 0.173932470036,  
2579, 681465.6831519279, 54.59067452353121, 112.44860794097009, 53.10089158547193, 27.245795017321218, -0.655583283741, 0.218033261064, 0.72296061798, 0.0688980274878, -0.936143243818, 0.344802681055, 0.751973151042, 0.275857434419, 0.59869780022,  
2590, 2643203.798106477, 85.77235744756616, 110.3194970957246, 92.98131007375532, 61.516852400948494, 0.776249875751, -0.619203614034, -0.11841881085, 0.0660913543523, -0.106873991416, 0.992073526932, 0.626951404238, 0.777923411607, 0.0420369170867,  
2605, 3952424.4083080906, 98.0825287960639, 122.47625464651917, 95.9430403779853, 80.29889877646112, 0.231759302004, -0.0865431158529, -0.968915845176, -0.91308531969, 0.32417318618, -0.247359948919, -0.335503837388, -0.94203080335, 0.00389109724797,  
2611, 1271564.5974085263, 67.20732443219453, 97.74567726986457, 65.2492664831778, 47.59667606643608, 0.178164035975, -0.353200411299, 0.918426396476, -0.8896417775, 0.341012342611, 0.303723706538, 0.420470075049, 0.871183133242, 0.253465706445,  
2622, 640848.8632083186, 53.48380987749866, 106.67157485952217, 80.48506495207283, 17.81980729360427, -0.694765668825, 0.714849662486, -0.079313463331, 0.719090698335, 0.692606524039, -0.0566106918112, -0.0144648882128, 0.0963647388928, 0.995240977908,  
2629, 1060687.9201026193, 63.2654115948886, 131.57716038250302, 53.04825082066654, 36.27834242383939, -0.54871640936, 0.24701236465, 0.798683412755, 0.0571672637725, -0.942030479194, 0.330621354759, 0.834051680684, 0.227075907968, 0.502786561046,  
2633, 2687080.482153095, 86.24435694870444, 133.15893306974274, 90.74724065847673, 53.08701789504013, -0.873209650205, -0.462725018159, -0.152939414011, -0.486045154735, 0.84978892587, 0.204007080825, -0.0355670401762, -0.252476412834, 0.966949143759,  
2637, 2398183.6823093193, 83.03565416576129, 126.7912909230793, 78.3830810864628, 57.60790476508183, -0.877262888496, 0.447616170368, 0.173348171302, 0.470449407907, 0.730046905272, 0.495690297163, -0.0953266965112, -0.516402246439, 0.851023819176,  
2650, 2104496.291222851, 79.49744760340546, 141.93358018867008, 88.49641635575023, 39.99896126969912, 0.903690256821, 0.0912346405308, -0.418354108495, 0.203130454046, 0.768750415106, 0.606432863484, 0.376937578873, -0.633007930157, 0.676179726103,  
2675, 1676792.2998118184, 73.69933240432086, 100.29825114792071, 92.2468064859502, 43.26592179917343, 0.993914133504, -0.0189229472311, -0.108520123894, 0.0268418871627, -0.913839220045, 0.405188095829, 0.106837298334, 0.405635060092, 0.907769788938,  
2678, 1462983.6358368846, 70.42339421102405, 98.05473702456099, 82.64791405940551, 43.0973317470361, -0.684258311206, 0.223894137398, -0.694018716451, -0.390401517159, 0.691364428503, 0.607948914301, -0.615936051019, -0.686940057239, 0.385663245353,  
2682, 471344.05479222577, 48.27805977210907, 142.0522296900038, 35.16940058849839, 22.523527229142456, -0.761865428532, -0.57792630095, -0.292510272433, -0.634052478279, 0.757726779641, 0.154361854753, -0.132433091018, -0.303069823778, 0.943721441061,  
2687, 2493064.5696345046, 84.11658624807265, 118.52569641445403, 85.72277964944054, 58.57821809593722, -0.804379377761, -0.050447953009, 0.591970286982, 0.108100673075, 0.967328387347, 0.229325174182, -0.584198648675, 0.248456827376, -0.772645548629,  
2689, 1133275.1252319377, 64.67685829019041, 134.62438621383606, 93.36309957830957, 21.52522745476637, -0.463441304094, -0.88603046713, 0.0131213176443, -0.882928429236, 0.462974630419, 0.0780504992619, 0.0752299575078, -0.024586640786, 0.996863055082,  
