# Void_ID, Void_Volume, r = (a*b*c)**(1/3.0), a, b, c, vector_a, vector_b, vector_c 

1, 1471499.7640690492, 70.55977639395554, 98.40365510521816, 79.6302859777429, 44.83137735621555, -0.326046155551, 0.707669742316, 0.626815315912, 0.918760823557, 0.393365186375, 0.0337991012273, 0.222648722311, -0.586913422882, 0.778434442002,  
2, 3351825.9152084696, 92.83910571099658, 118.25373348300404, 96.72996221092038, 69.95471087294078, -0.00437169622461, -0.756913952828, 0.653499928299, -0.839846487604, -0.351951606191, -0.413264980561, 0.542806379412, -0.550646288386, -0.634152899193,  
3, 208920.44825740968, 36.809855553764095, 124.97885926281496, 63.52184936368862, 6.2825022059155256, -0.834551178049, -0.483823694221, -0.263512739973, 0.0422046257086, -0.533043831251, 0.845034344588, -0.549311478841, 0.694102951208, 0.465271955246,  
4, 2170610.99555644, 80.32137414039283, 118.90715038243316, 78.93099958307327, 55.21255123445169, -0.946117760561, -0.100070411392, 0.307972557082, -0.299528862414, -0.0909778155189, -0.949739699952, -0.123059512972, 0.990812267711, -0.056101750594,  
5, 168530.61289440526, 34.265998927907845, 85.02455735585015, 58.16864943908893, 8.13498639174443, -0.0613948145541, 0.559730231466, 0.826397449614, -0.606684893664, -0.678381699983, 0.414405247226, 0.792568051681, -0.47592051554, 0.381228994625,  
6, 1480640.3676571597, 70.70557505623701, 130.04987976207667, 66.15216167614126, 41.08724114748486, -0.528470925676, -0.518149932995, 0.672487269509, -0.794747036916, 0.0234395893373, -0.606488032005, -0.298488907714, 0.854968556491, 0.424185265401,  
7, 1168551.2338635277, 65.34109120931552, 111.42538896764128, 91.23439973081442, 27.442038621149422, -0.662572872451, -0.0899577640976, 0.743575678307, 0.196595302263, -0.978840504747, 0.0567587296716, -0.722736103858, -0.183790279787, -0.666238438726,  
8, 438594.39374330785, 47.13297166552387, 95.07827798688086, 34.98373193797797, 31.47944180416034, -0.410889308014, 0.813140998239, -0.412276234511, 0.87407061043, 0.222801317232, -0.431694499643, 0.259172808261, 0.537737194196, 0.802289327759,  
10, 1799411.1254828242, 75.45370978883419, 100.97131843973654, 72.1687684408084, 58.95144715988389, 0.105661873175, -0.367222389963, 0.924112160329, -0.286688109144, -0.901104731041, -0.325300156427, 0.952179340583, -0.23056014401, -0.200490706422,  
11, 2591231.1235923134, 85.20645835438712, 111.31088827698788, 87.0252817576652, 63.86081482098595, -0.697666014342, 0.604767952901, 0.384080532669, 0.0464183323621, -0.496823927856, 0.866609094766, 0.714917807061, 0.622432090957, 0.318544849737,  
12, 2857298.116778822, 88.0283000731771, 118.89004282603818, 92.38256868281641, 62.1056953466109, -0.372275954818, 0.905321378753, 0.204459811789, -0.777373890427, -0.183798922976, -0.601587724605, -0.507050735082, -0.38289836391, 0.772197121833,  
13, 1396819.5226798023, 69.34533156378107, 133.62105500690384, 52.923459720893746, 47.15508840648725, -0.732023214817, -0.33793145316, -0.591560940169, -0.572112514021, -0.166534026772, 0.803090087866, 0.369904425859, -0.926320004584, 0.0714280395799,  
14, 404509.8329192225, 45.878952249246495, 124.87857106825909, 72.50656757550455, 10.665352324897464, 0.398110070048, -0.164045951306, -0.902550440688, 0.276477344156, 0.95958751511, -0.0524602612712, 0.874682028108, -0.228649790519, 0.427376441794,  
15, 2017622.154104808, 78.38814901587517, 101.81412929375472, 77.16669294673288, 61.30745507112718, 0.00338944779994, 0.531713566163, 0.846917466582, -0.758028381616, -0.551010578172, 0.348970364653, 0.652212760001, -0.643170293391, 0.40118635245,  
16, 3512485.2967129643, 94.2993361116897, 135.66362059368873, 116.36236419185485, 53.119009211361195, 0.417292404456, -0.89125093945, -0.177591700575, -0.0957561658149, -0.237453329089, 0.966667819477, 0.903713342765, 0.386377638372, 0.184430243382,  
17, 2157994.1012740443, 80.16544628381362, 96.02229977493742, 93.4537288715852, 57.410708423958305, 0.201822536658, -0.636252163539, 0.744614563441, -0.946571002276, -0.321961781339, -0.0185458622832, 0.251537276259, -0.701087580655, -0.667236991558,  
18, 404250.13768242655, 45.86913205451512, 138.7659973127448, 65.02852227979616, 10.69484810329998, 0.727915242313, -0.620395272118, 0.291974496049, 0.315211722302, 0.680939696864, 0.661031541878, -0.608917868134, -0.389141151215, 0.691222246675,  
19, 2236830.007392009, 81.12999645006047, 132.9876946090136, 92.24267037010922, 43.53124081430718, -0.809693534814, 0.531950809802, 0.247840100933, 0.575913549468, 0.639100004897, 0.509779135784, -0.112782814381, -0.555499342656, 0.82383282108,  
22, 1043816.0555380678, 62.928172727490754, 117.94221725926319, 70.9444279810613, 29.781583384147062, -0.796237889383, 0.580838441309, -0.16920971783, 0.596657867939, 0.707696958452, -0.378370722474, 0.10002305803, 0.402233414942, 0.910056958529,  
24, 1955531.1974765537, 77.57564225782903, 116.99049066035, 77.03902840003391, 51.798213362009356, -0.923197573513, -0.318103942713, -0.215675965028, -0.36000610484, 0.519316477562, 0.775052256697, 0.134543096211, -0.793171026805, 0.593951073321,  
25, 710087.8759838428, 55.344503549019045, 118.44085889010947, 51.63904890920497, 27.716839399895346, -0.829236631265, -0.552884895626, 0.0817612472826, -0.543161891947, 0.762750390971, -0.350980056714, -0.131688148692, 0.335455113632, 0.932806570642,  
26, 2930150.287197911, 88.7701789810649, 125.58201402432114, 94.45606666017902, 58.97174596565894, 0.363279537031, 0.362648495439, 0.858203965693, -0.845078367954, 0.516083512342, 0.139643690526, 0.392263342654, 0.775979301943, -0.4939489781,  
27, 1819825.775698345, 75.73798284622862, 120.53460632527597, 75.46207807129518, 47.76399985044912, 0.896424982854, -0.233122610042, 0.37692983273, -0.237230336057, 0.465991422535, 0.852392962065, -0.374358141048, -0.853525537293, 0.362422597834,  
28, 2211318.8250499936, 80.82038555735105, 128.02550141621546, 94.1079461371803, 43.81673097458149, 0.736835967555, -0.258659473192, 0.624634320099, 0.113560430845, 0.958142659496, 0.262805389215, -0.666465892198, -0.12271072073, 0.735367454783,  
29, 2080604.301161187, 79.19546155091606, 126.72548518462291, 102.79171777736165, 38.13105279586833, 0.371945708144, 0.853244723909, -0.365554142795, 0.858798060971, -0.465773968436, -0.213355339283, -0.352309921329, -0.234580586256, -0.906007542951,  
32, 1446740.366755894, 70.16179046815967, 112.8894917162067, 69.4501231182255, 44.05299626997512, -0.0701848211813, -0.990940804283, 0.114500713023, -0.992550827575, 0.0808315125141, 0.0911543814869, 0.0995838619221, 0.107250123505, 0.989232260621,  
34, 1770676.493804182, 75.04991491536322, 134.5950996452081, 79.02099671735284, 39.744666857060565, 0.186001230676, 0.906405508147, -0.379252682241, -0.542615729939, 0.416548807267, 0.729421182025, 0.819128629587, 0.0701152334681, 0.569308477213,  
37, 1515371.486464411, 71.2541505926864, 110.65272885302207, 91.07784622511471, 35.8967905611596, -0.0587210996474, 0.980110667274, 0.189565060999, 0.557061891236, -0.125405985622, 0.820947859552, 0.828392347736, 0.153806432458, -0.538618324555,  
39, 2544017.2040354214, 84.68577731818857, 133.63074993438806, 72.05816332977706, 63.07276071695214, -0.00123380863691, 0.395293116502, 0.918554206219, 0.00871161859812, 0.918524297837, -0.395268544138, -0.99996129196, 0.00751440816262, -0.0045769260773,  
40, 1459607.3387589396, 70.36917773651376, 133.00460625350743, 79.14134712659202, 33.10375877742861, 0.723679833863, 0.689942440228, -0.0163379078, 0.531938184388, -0.572719252661, -0.62372624253, 0.439692240151, -0.442687346559, 0.781472102604,  
41, 1082072.6898937745, 63.68775530098096, 107.88461849391327, 57.55622169046942, 41.60217341660226, 0.840681834696, 0.109915025587, -0.530257239424, 0.264391352469, 0.771239644179, 0.579039397612, 0.472600534861, -0.626983331834, 0.619306576787,  
43, 1975477.910645569, 77.83851158847594, 117.56815919677452, 95.61621882736844, 41.95292878091087, -0.598389313869, 0.736849747106, 0.314615128747, 0.54350340125, 0.0848038565945, 0.835112183324, -0.588671624827, -0.670716598942, 0.451226065324,  
44, 142654.55975189406, 32.41397923056079, 127.32000515855803, 68.0016023873259, 3.93351901972236, 0.341421704176, -0.208520968587, 0.916487984415, -0.663313328712, 0.637380801841, 0.392123885268, -0.665917898746, -0.741798300823, 0.0793009017935,  
47, 1776581.1610887141, 75.1332452329135, 115.29748415934323, 85.98054299168345, 42.78351169492536, 0.807917087667, -0.575332751528, -0.127523348747, -0.535495825875, -0.62642764181, -0.566420894783, -0.245996341287, -0.525909340663, 0.814189882937,  
48, 2119450.823547475, 79.68530605361134, 105.0167975533534, 87.08477420663752, 55.32656842548675, -0.312316067819, 0.795938515844, 0.518594786686, -0.255872175605, -0.596207821824, 0.760963641015, -0.91487053922, -0.104967195788, -0.389863802212,  
49, 2925734.5647786935, 88.72556448438922, 109.73700690067894, 96.31793853707275, 66.08243290983003, -0.200708382052, -0.899708205196, 0.387609714633, 0.0419717641356, 0.387400354381, 0.920955664753, 0.97875150901, -0.201112184933, 0.0399921577548,  
50, 3490508.5188294356, 94.1022550673405, 96.22169907873169, 94.9811638485351, 91.17789985980814, -0.587450833231, 0.59980355197, -0.543265328895, -0.453734234822, 0.311747008183, 0.834828753122, -0.670094592342, -0.736918924939, -0.0890153659827,  
51, 3002553.618040699, 89.49540150169236, 103.3476741768633, 86.48002067509297, 80.2020871085566, 0.313289593603, -0.949477764755, 0.0184825532787, -0.568014005698, -0.171753687382, 0.804897981238, -0.761058289404, -0.262664510557, -0.5931253114,  
52, 2900115.3889522385, 88.46582993719723, 103.39104449466619, 88.11408324484054, 75.99734471771917, 0.662504508444, 0.0211730927067, -0.748758623614, 0.249730530252, 0.936168001744, 0.247435112244, 0.706202831028, -0.350914765515, 0.614927954147,  
53, 3103418.8719220725, 90.48652896880658, 105.99224912769756, 95.90815443134667, 72.882312778874, -0.921990207223, 0.350454565264, -0.164668319572, -0.266145260343, -0.264669530117, 0.926885505456, -0.281248570098, -0.89840505203, -0.337294536429,  
54, 3508387.0641712174, 94.26264689449144, 99.10747453714062, 94.84109110443669, 89.10784494764658, 0.874274055696, 0.485168724082, -0.0160057711131, 0.374114566115, -0.652411043646, 0.659088857097, -0.309326958018, 0.582212280274, 0.751894735812,  
55, 3238739.8255282324, 91.78304972174617, 107.28247922876284, 89.38041520315001, 80.6336433420788, 0.25252763832, 0.208713426799, 0.944811355435, -0.397568236918, -0.86784333877, 0.29797220734, 0.882139041693, -0.450873202605, -0.136176599658,  
56, 3906113.3416155255, 97.69794089197408, 101.590228388567, 98.8298737596367, 92.87868420973516, -0.233034408163, 0.0837433908344, 0.968856031154, -0.557674118569, -0.827696656277, -0.06259251286, 0.796677188132, -0.554892142384, 0.239583322103,  
57, 3215450.3427855438, 91.56251908850503, 102.6129040048571, 91.9816341650652, 81.32987373890904, -0.0690701629585, 0.0377088730096, 0.996898868234, 0.618066236028, -0.782782011429, 0.0724323854762, 0.783085844893, 0.621152447858, 0.0307602998845,  
58, 3842159.29763174, 97.1618076109718, 105.20629422772589, 100.33236196134267, 86.89684288307912, -0.354784556219, -0.0572954781153, 0.933190841605, -0.93376235793, -0.0285382729558, -0.356754013138, -0.0470720467099, 0.997949294886, 0.0433754222378,  
59, 3231316.0299408115, 91.71286811656995, 96.40964842894124, 91.39215690396814, 87.55105819262602, 0.672686372703, -0.683376469858, 0.28370696929, 0.485828598974, 0.697119843588, 0.527251833658, -0.558089254867, -0.216842164075, 0.800946851845,  
60, 3237771.480573383, 91.77390146067467, 108.42147911733748, 86.84013827557298, 82.09595324217977, 0.803160640207, 0.571099429599, -0.169642057092, 0.447800867493, -0.766510039249, -0.460365879277, 0.392947030902, -0.293781894, 0.871369513848,  
61, 3623947.483936891, 95.28643864953072, 103.36293670804378, 94.09214495151062, 88.95596543792925, 0.573557896047, 0.689886408457, -0.441687766764, 0.733147108112, -0.672840825336, -0.0988966209147, 0.365412996142, 0.267099171073, 0.89170139344,  
62, 3544737.516151629, 94.58708121304372, 106.28688225937582, 93.73581716263062, 84.93960452858077, 0.400746066892, 0.603509945524, 0.689331803651, -0.411989992818, -0.553322772811, 0.72394623758, 0.818331739387, -0.574116412187, 0.0268981331964,  
63, 3754768.551491118, 96.41949535922306, 104.5242360012508, 93.65374829637487, 91.56982765251642, -0.114231581623, 0.309456726717, -0.944027372511, -0.96286746743, -0.268465238696, 0.0285071179899, 0.244616814475, -0.91222965853, -0.32863302356,  
64, 3623518.1023451453, 95.28267517899774, 110.11950734133686, 96.61307567752111, 81.30956884243085, -0.426200875134, -0.856643698588, 0.290713583624, -0.890332966617, 0.340310356366, -0.302483172929, -0.160187460775, 0.387750480359, 0.907738697198,  
65, 2837085.7881952603, 87.82024000318357, 102.88059268313012, 91.76685289241277, 71.7405271312705, -0.266672387175, -0.289295050783, 0.919344446609, 0.91430967437, 0.225766203004, 0.336255023658, -0.304833819109, 0.930235451471, 0.204299651379,  
66, 3747041.050172039, 96.35330455047072, 106.15702839141164, 99.61551620492745, 84.59098827815748, -0.523174234823, -0.514350020942, 0.67950921699, -0.675305614026, 0.736578429851, 0.0376104286596, -0.519856756888, -0.439199581781, -0.73270231314,  
67, 3680855.761918868, 95.782623899223, 101.83110803368893, 94.23145346559879, 91.57645569243728, 0.619106406415, -0.582880428135, -0.526267673369, -0.568786380115, -0.794887742619, 0.211271224803, 0.541469584863, -0.16853451614, 0.823654542595,  
68, 3570831.291513557, 94.8186077584252, 102.96437123451258, 92.23367556765038, 89.76442120624962, -0.793574810805, -0.00477060771946, -0.608453992475, -0.205408516155, -0.93916735103, 0.275267194285, -0.572753316138, 0.343426743368, 0.744319629455,  
69, 3437353.6927438946, 93.62213431140354, 96.45010637815008, 93.73828189015283, 90.76447762563434, -0.68213890593, 0.214547775697, 0.699039172693, 0.4724276087, -0.600366307256, 0.645269286151, -0.558120656806, -0.770408689629, -0.308174923365,  
70, 3305179.255783214, 92.40641812080577, 99.88806627850627, 91.34385858726937, 86.47955575221727, 0.449360688713, 0.332923196073, 0.828997657992, -0.532126681342, 0.845129683595, -0.0509608958968, -0.717576592736, -0.41823194931, 0.55692537214,  
71, 3297999.806835107, 92.33946178229328, 102.2354159464384, 93.37949368155114, 82.47249504940159, -0.243028942102, 0.52828498365, 0.813542813471, 0.846800004982, -0.293542226219, 0.443579432559, 0.473145521867, 0.796710698733, -0.376012470087,  
72, 3525384.617912767, 94.41463067879714, 97.79311177989624, 94.05312631333227, 91.5032236137362, 0.380198048009, 0.0860282271285, 0.92089553611, -0.526891119841, -0.798164822921, 0.292093586516, 0.760154715912, -0.596265091707, -0.258133198734,  
73, 3467516.92676018, 93.89518605072789, 101.19810845093063, 94.17373115161877, 86.86159664316551, 0.932742862027, -0.360328911092, 0.0124027887321, 0.309370968457, 0.817551728433, 0.485694116922, -0.18514955364, -0.449190657926, 0.874040843221,  
74, 3792178.740513438, 96.73865909524476, 103.31632783052459, 96.97522327436403, 90.35879695100704, -0.887250089286, 0.266555089017, 0.376477972239, 0.461172315433, 0.530900412633, 0.710960510397, 0.0103621686723, -0.804420994496, 0.593969266103,  
75, 3300958.346396944, 92.36706521035437, 105.81969758825511, 97.2157576584959, 76.60343661311258, 0.480965037239, 0.835887578795, 0.264508201329, 0.304390171294, -0.442131621774, 0.84372166776, -0.822203902066, 0.325286926642, 0.467085815223,  
76, 3410938.351060724, 93.38169519669485, 104.24474647011039, 103.06958002423914, 75.78802276569189, -0.436177203247, 0.0341560068411, 0.899212330078, -0.888277917659, 0.143473182636, -0.436323030407, -0.143915907273, -0.98906461521, -0.0322397049106,  
77, 3699171.977696965, 95.94123495515022, 104.77534565295463, 92.05788757832828, 91.55789639463157, 0.609947032011, 0.302872210544, -0.732279347122, 0.492148667286, 0.579482801658, 0.649607090379, 0.621091223115, -0.756616221517, 0.204395660195,  
78, 2495448.816337664, 84.14339271967658, 119.04464607247836, 73.34184380927776, 68.2336125632792, -0.741096316729, -0.644794271813, 0.187127219741, -0.3242184321, 0.58775615071, 0.741232160385, -0.587927425468, 0.488654330115, -0.64463810626,  
79, 3592535.299779025, 95.01032673662078, 101.59436724970249, 95.06766820086142, 88.79938608440018, 0.68576293994, -0.0558260216159, -0.725680815177, 0.137082707473, 0.989116476855, 0.0534502247583, 0.714798937826, -0.136132474176, 0.685952205301,  
80, 3434436.2213699645, 93.59563939370507, 96.92012588072095, 94.60525609706538, 89.42060652134155, -0.303453391325, 0.447802984337, 0.841063925342, 0.952426462988, 0.168748718968, 0.253786726304, 0.0282820065474, -0.87806398233, 0.47770678354,  
81, 3379523.2739917175, 93.09412567351437, 104.18056795279642, 91.5842495577149, 84.55889917668459, 0.582128111476, 0.208913589464, -0.785800212501, 0.234002900951, 0.882496851379, 0.407972976621, 0.778697312295, -0.421372067707, 0.464839839494,  
82, 3462088.5413031843, 93.84616293300978, 100.51321217927743, 94.33258130038288, 87.16952719676355, -0.55320008079, 0.753825644336, -0.354565323396, 0.184509686945, 0.525927328419, 0.830275027112, -0.812358200573, -0.393887475255, 0.430031174219,  
83, 3637762.9660229064, 95.40737111929138, 113.98831571319501, 94.01095447818498, 81.04141017246589, -0.0955902166558, 0.879121287177, 0.466913560429, 0.987574511584, 0.0249784776768, 0.155153664872, -0.124736099627, -0.475943103832, 0.870585473899,  
84, 3474571.682836592, 93.95882033876924, 105.09867418648362, 98.58862822343396, 80.05502644470387, -0.409627547572, -0.909674014319, 0.0685453130692, 0.851789204229, -0.354496626552, 0.385729559823, -0.326589074876, 0.216391611289, 0.920062088522,  
85, 2871148.049891664, 88.17030152827998, 96.89183862643785, 90.74298271869775, 77.95908450580272, 0.790657123758, 0.331696886036, -0.514624609249, 0.564812823795, -0.0707199626959, 0.82218316752, -0.236321363249, 0.940731557178, 0.243261897144,  
86, 3365704.6144822664, 92.96706698307992, 99.08103751265645, 93.82687255847114, 86.43101290706808, 0.0708079738554, 0.517176676334, 0.852944615021, 0.964747575688, -0.252794802894, 0.0731908657839, 0.253472574538, 0.817693752627, -0.51684483249,  
87, 3657654.672810011, 95.58095460835128, 99.69331674237898, 94.71718115150225, 92.47392288015068, 0.890012747351, 0.11632812321, -0.440845865697, 0.357815442887, 0.421035010073, 0.833485230297, -0.282569316069, 0.899553938373, -0.33310252712,  
88, 3273214.2165326225, 92.10755904480631, 96.95076046790258, 94.35901332749889, 85.41835599117343, 0.291804243089, 0.237922462752, 0.926414154379, -0.827726201478, -0.422534014157, 0.369234806414, 0.479290745897, -0.874561552207, 0.0736374381594,  
89, 3345861.2644541776, 92.78400324316891, 94.86724212761351, 93.8595970368757, 89.70659221554479, -0.943920014157, -0.0843135075289, -0.319227566671, 0.327161098342, -0.369161531858, -0.869876645926, 0.0445041863881, 0.92553281727, -0.376043058106,  
90, 2659190.1354654618, 85.94492968004596, 98.71504101196572, 85.60706325475262, 75.12212295211883, -0.790776953518, 0.328138860825, -0.516717231957, -0.0946588528296, 0.768452544553, 0.632866801429, 0.604740862987, 0.549368341631, -0.57661331397,  
91, 3247070.133563897, 91.86167356217547, 103.67997131922962, 90.1918956989162, 82.89735545132154, 0.791456979544, -0.430856574952, 0.433541764254, -0.451082550918, -0.890369318781, -0.0613759597161, -0.41245652109, 0.146986693256, 0.899040894629,  
92, 3335800.4577959664, 92.69091120582164, 99.5577995734142, 94.369573336974, 84.76258128370748, -0.594474836586, -0.724319959314, -0.349228099106, 0.0820707320141, -0.48668698437, 0.86971269635, 0.799915035246, -0.488360907306, -0.348768634775,  
93, 4178748.1231364906, 99.92002370830345, 106.51868689770237, 99.4550318400812, 94.16836291211678, -0.887141150035, -0.407757202197, -0.216135707304, -0.0167149431355, -0.439638013915, 0.898019502793, -0.461195393072, 0.800282750519, 0.383205334816,  
94, 3113419.370136263, 90.58361975229788, 113.25707922698545, 86.80307732885773, 75.60465470982959, 0.758459287507, 0.229024281623, -0.610153577079, 0.488218237181, 0.420515337983, 0.764728581527, -0.431720351708, 0.877903598892, -0.207129932586,  
95, 3236539.800538178, 91.76226275390417, 101.81743130567214, 96.89615008816452, 78.31837801553786, -0.443441380392, -0.199840535565, 0.873741095807, -0.810162872403, 0.506357636101, -0.295360905574, -0.383400394282, -0.838847843597, -0.386443311441,  
96, 3735352.254484486, 96.25300965857595, 98.37687754277121, 96.82897046927101, 93.61481980864602, -0.443755965331, -0.176870978409, -0.87851994868, -0.0240314081911, -0.97762823505, 0.208962976275, 0.89582539295, -0.113840638746, -0.4295779025,  
97, 3620396.7963321065, 95.25530842152106, 106.1060347099252, 91.58375284392622, 88.94244053276748, 0.145990396081, 0.782001238302, 0.605938006356, 0.922242607637, 0.114062011121, -0.369402802207, 0.357987956378, -0.612751108455, 0.704542903005,  
98, 3572920.1102034296, 94.8370927419959, 105.20235764801683, 92.75963423441529, 87.40780133061249, -0.533776158765, -0.811129039101, 0.239066296788, -0.816230175617, 0.420310479282, -0.396367760315, -0.221023330772, 0.406704785971, 0.886419711154,  
99, 3531388.6642767936, 94.46819914252735, 101.69464483813721, 95.93265421327195, 86.41564282854333, -0.081555361466, -0.567445910997, 0.819361862128, -0.589171879036, -0.635631632137, -0.498847597148, 0.803881346947, -0.523428664022, -0.282484006115,  
100, 3433899.2321305387, 93.59076110921147, 99.95179180170528, 92.27959964140277, 88.87971466603823, -0.441167274712, 0.892104411876, 0.0975764010097, 0.0102154414181, -0.103730217563, 0.994553008502, 0.897366748035, 0.439761026326, 0.036649137029,  
101, 3765285.0423778268, 96.50942984501991, 103.79677893457568, 94.9678445459589, 91.19033101472368, -0.00347834060561, 0.817509255086, 0.575904956564, -0.989114268339, -0.0875341056221, 0.118282477659, -0.147108345497, 0.569224383, -0.808914542139,  
102, 2908946.5071849665, 88.55553447683502, 109.09035409979052, 88.49373500531067, 71.9363252444151, 0.537690518187, 0.0791684419681, -0.83941721715, 0.693551267857, 0.524608340592, 0.49373345829, -0.479453381994, 0.84765467425, -0.227169557197,  
103, 3328953.6362165143, 92.62745089207978, 98.6618445240277, 93.29240885385416, 86.34229733252036, -0.981069609151, 0.159278397649, -0.11014905375, 0.156467323187, 0.987105786802, 0.0337659952703, 0.114106961989, 0.0158920641906, -0.993341352971,  
104, 3407485.7815703866, 93.35017741474165, 98.75948697327804, 93.33699041293235, 88.24961604551474, 0.079867229946, -0.22722584322, 0.970561508485, 0.78523590721, -0.585432273723, -0.201677026234, 0.614024263045, 0.778227132048, 0.131669037119,  
105, 3326257.9584028716, 92.60244191329512, 108.64098734065493, 101.3999038341831, 72.08353399192991, -0.0584729081383, -0.148233519916, 0.987222235663, -0.205609738818, -0.965923644795, -0.157213700829, 0.976885640347, -0.212175248317, 0.0260021092367,  
106, 3604642.7529427647, 95.11694069461579, 103.98604997736692, 100.48651039808965, 82.35515216663529, 0.651295394701, -0.377672623651, 0.658162364608, -0.744628075211, -0.151103673995, 0.650151297247, -0.146093594824, -0.91352672049, -0.379638765804,  
107, 3306869.2562820623, 92.42216515207295, 101.12451502782662, 92.34814325459378, 84.53640896781151, 0.469915107185, 0.15037457904, 0.869808759451, -0.378860448579, 0.924365266153, 0.0448733242808, -0.797273198184, -0.350622789773, 0.491344183592,  
108, 3211150.976942885, 91.52169159317448, 103.43310367511474, 93.17856813068481, 79.54200368171348, 0.815089055518, 0.575386029649, -0.0675333137028, 0.514948010377, -0.666150163199, 0.539511359175, -0.265439970962, 0.474525949716, 0.839265598521,  
109, 3444607.191621939, 93.68794180905424, 100.74913902906026, 93.93013259465323, 86.89700650245555, -0.0963714634301, -0.38770943098, 0.916730024689, 0.851099642094, -0.509642908914, -0.126069443644, 0.51608326873, 0.768079099132, 0.379094390902,  
110, 3624134.635940003, 95.28807891804692, 103.27480554996826, 94.0608510427382, 89.06609758293047, 0.0800995569419, 0.0541764820721, 0.995313503258, 0.663193637954, -0.748341147531, -0.0126382549444, 0.744149352989, 0.661097901752, -0.0958712925956,  
111, 3336360.6201275657, 92.69609927102974, 98.99662939010763, 93.37457217300802, 86.16588324097958, -0.245964982611, 0.226440100181, 0.942457483582, 0.7399025836, -0.584241942392, 0.333474915897, 0.626135284193, 0.779349878925, -0.0238405559536,  
112, 3535699.873265808, 94.5066265681359, 101.82052258772887, 91.11123075304994, 90.98704250961949, 0.904117180116, 0.253710119124, -0.343807068097, 0.260944887902, 0.309303518759, 0.914461097457, 0.338348769907, -0.916494685602, 0.213442266585,  
113, 3349677.5099617136, 92.81926591254437, 99.10175725283395, 91.5907965602359, 88.1010727602269, 0.506437349312, -0.105854764007, 0.85575462614, -0.743716044048, 0.448601880326, 0.495623646321, 0.436357258502, 0.887440770928, -0.148462860838,  
114, 3415074.872952411, 93.41942864357792, 101.49573396530499, 91.56203591330109, 87.73005287138626, -0.202967924611, 0.480507835013, -0.853180075993, 0.96757320952, 0.232209688072, -0.0994019365284, -0.150353269998, 0.845689589186, 0.512057626585,  
115, 3625898.4738474237, 95.30353506444807, 106.22857399004386, 92.73830485840577, 87.86714702466854, 0.555129483005, 0.0371704264505, 0.830932979545, -0.562466708481, -0.719175297539, 0.407943737862, 0.612749915503, -0.693833734268, -0.378328283694,  
116, 3257371.8894914715, 91.9587187412886, 99.96069700021565, 93.3119927710682, 83.3704210540256, 0.363790415315, 0.743240862643, -0.561470884217, 0.805131037141, -0.554021772942, -0.211716527788, -0.468423469478, -0.37503719176, -0.799954097457,  
117, 3270118.9387293, 92.07851639965509, 102.53226912381757, 92.01876161451062, 82.74428099346243, -0.771019929749, -0.432102724022, 0.467777194637, -0.0408352478001, 0.766598236041, 0.640827298916, -0.635500393758, 0.474988821334, -0.608707539909,  
118, 3673760.0641246466, 95.72103661361442, 103.49689878791817, 98.9753032034929, 85.61857631265136, 0.11217154098, -0.99331024085, -0.0274282849896, 0.849569507435, 0.110183237319, -0.515840388347, 0.515411677623, 0.0345603766921, 0.856245515569,  
119, 3714882.7901668423, 96.07686763789037, 108.94157274117674, 96.247190403553, 84.58138747175619, -0.508983239519, 0.785624532768, 0.351752974972, 0.840163061293, 0.542315445915, 0.00447074499194, 0.187248744529, -0.29780539054, 0.93608218498,  
120, 3286037.9296028893, 92.22768783078814, 120.04428434904662, 88.1588453231105, 74.12702704484695, -0.706146529647, -0.231482508918, 0.669158371937, -0.692447331106, 0.0283645243247, -0.7209106376, -0.14789784418, 0.972425473661, 0.180318955915,  
121, 3549135.5206811368, 94.62618354289421, 97.19187102997594, 94.54738664710061, 92.20500624768249, -0.288177942815, 0.391266454874, 0.873993154759, -0.719480631148, 0.513825530415, -0.467258970697, -0.631902757295, -0.763474875542, 0.133435451579,  
122, 3298586.995925438, 92.34494161958536, 103.65497930730257, 94.26969962256314, 80.5892363847157, 0.0349659895544, -0.25329621131, 0.966756644099, -0.65482508092, -0.736573584689, -0.16930288756, 0.754971186849, -0.627136654705, -0.191619736336,  
123, 2231356.1823868607, 81.06376370914323, 114.90753141029607, 98.02973568788069, 47.290506426780055, -0.264997534427, -0.410541728402, 0.872485986127, 0.865662261354, -0.499860464809, 0.0277193973397, 0.424741281271, 0.762623763701, 0.487852271721,  
124, 1496299.394712181, 70.95395861264228, 106.03957936622744, 90.03041839541095, 37.41731552697689, 0.385046052387, 0.113233707285, 0.915924486558, -0.604186037866, 0.781138268691, 0.15742374927, -0.697637992937, -0.614004179726, 0.369188431685,  
125, 3692250.8283587387, 95.88136226119462, 109.00476794974071, 95.76123281751819, 84.44372137189887, 0.128206393502, 0.247361013114, 0.960403899334, 0.379498682045, -0.90692790124, 0.182927669525, 0.916266266426, 0.341019517247, -0.21014713385,  
126, 3032422.8437765613, 89.79118782389921, 109.94436536051431, 82.10383023330287, 80.19822488562416, -0.78447746386, 0.619116404922, 0.0359163730312, 0.199746299864, 0.197419420904, 0.959753607933, 0.58710861379, 0.7600792389, -0.278537297696,  
127, 3362709.2992227934, 92.93948005808649, 104.3344497325966, 94.81842708550683, 81.1484518981271, -0.0122629582358, 0.99177163495, 0.127430938013, -0.632177017685, -0.106428757098, 0.767479731311, 0.774726944262, -0.0711473384621, 0.628280365811,  
128, 3409183.907490723, 93.36568190890807, 101.75062667731115, 94.04938123006548, 85.04891649517583, -0.480507382789, -0.591227134361, -0.64773693015, -0.862835972699, 0.186544120973, 0.469803549525, 0.156929090041, -0.784634798187, 0.599767866906,  
129, 3691792.8843630264, 95.87739809303032, 102.64608812557596, 95.09764821142815, 90.28935266190042, 0.602070601781, -0.267160629063, -0.752420220854, 0.305980820487, -0.793214675976, 0.526484772154, -0.737486764603, -0.547207160127, -0.395825208824,  
130, 3323402.165551821, 92.57593273350108, 99.79654741615659, 94.6832389357593, 83.96642575167022, -0.647739709579, -0.309199184343, -0.696296727722, -0.752525008837, 0.40230668888, 0.521397582615, -0.118909123745, -0.86171061992, 0.493270136747,  
131, 2849252.493125559, 87.94559859014394, 98.72112954504021, 89.0522632057017, 77.37261062046392, -0.994183973043, -0.0196827075812, -0.105881153973, 0.0138841134848, -0.998377336621, 0.0552261270916, -0.106796344212, 0.0534348644901, 0.992844024064,  
132, 3396025.611629299, 93.24540706001723, 104.73263070969215, 88.95001739776811, 87.02705711686909, 0.68316433713, 0.0988135666505, 0.723548455543, 0.486179552146, -0.800848139066, -0.349673706803, 0.544899928013, 0.590659070192, -0.595152023647,  
133, 3540284.9357828, 94.5474606918379, 102.83774134933735, 99.62660653110707, 82.49388189549379, 0.782875768383, -0.249761203456, -0.569846358703, -0.099331213985, -0.954315388611, 0.281807467944, 0.614197721591, 0.164016707408, 0.771919476684,  
134, 4009931.669016736, 98.55593617031815, 107.8477573777914, 98.2297103312655, 90.3637781727364, 0.820230277754, -0.508522230223, -0.261968381344, -0.164724101873, -0.648532828901, 0.743149473592, -0.547803123136, -0.566401192801, -0.615712130038,  
135, 3501951.617315585, 94.20497618221587, 106.99629833172028, 92.90581646529513, 84.10268771664845, -0.0472847284436, -0.998327356483, 0.0332662554754, -0.558624195486, -0.00117927836988, -0.829420048902, 0.82807195501, -0.0578022369798, -0.55763405449,  
136, 3607981.6722152047, 95.14630003291822, 117.93239691136125, 89.99981468412912, 81.15232612533572, -0.669260417787, 0.741226445878, -0.0517092749435, 0.123472542819, 0.179569645733, 0.975965815744, 0.732697089085, 0.646790613926, -0.211699970203,  
137, 3677543.809153855, 95.7538875818236, 107.55308623828854, 92.22342602501175, 88.51260383062169, 0.307039411211, -0.936779230204, 0.167843599288, 0.402421436778, 0.287615337065, 0.869099767061, -0.862429004141, -0.199304018383, 0.465289287511,  
138, 2388262.756842108, 82.92099390210423, 107.55857357157265, 89.73281879666966, 59.07410523382828, -0.305715591325, -0.601239245307, 0.738274574344, -0.62747879565, 0.710415778953, 0.318715832716, -0.716106373544, -0.365815241505, -0.594450057492,  
139, 2479632.3951978143, 83.96524587981172, 89.7662563517146, 81.82711948306223, 80.59132860594515, -0.172981818983, 0.96983607404, -0.171741898767, 0.944013580656, 0.113522798861, -0.309759477138, 0.280919294174, 0.215709442606, 0.935175805147,  
140, 3595541.545120171, 95.03682099901371, 98.99793878283309, 95.17715311754458, 91.09967744904831, -0.544416449608, 0.347811252973, 0.763307317993, 0.838076072316, 0.187351830807, 0.512374656384, -0.035202647734, -0.918654790331, 0.393489707354,  
141, 3606304.5782537754, 95.13155549980073, 100.94945876956332, 96.96960855267709, 87.94965832343334, -0.225764867338, 0.489941078403, 0.842014230503, -0.840279501839, -0.53526436986, 0.0861534279495, 0.492910319901, -0.688076880916, 0.532531334744,  
142, 3376594.3351901034, 93.06722387073623, 104.0826242365149, 93.42006050053674, 82.90331570879381, -0.30038659997, 0.707469142423, -0.639730648849, 0.939072898206, 0.336834895802, -0.0684422736721, -0.167062809786, 0.621312856369, 0.765545787068,  
143, 3727065.1835437794, 96.18177620472248, 103.48814581125548, 97.41361622499376, 88.2608503841693, -0.933912421937, -0.349585626719, -0.0748162933004, -0.356778046063, 0.898073200249, 0.257242984047, 0.022737941842, -0.266935229195, 0.963446194354,  
144, 2653971.2645049123, 85.88866828415766, 98.81560883684271, 85.57587353924565, 74.92568379671931, -0.331175892995, 0.708526714496, -0.623147191878, 0.942239531993, 0.2132839472, -0.258253019762, 0.05007187083, 0.672681092876, 0.738236381547,  
145, 3917749.114808929, 97.79485429116795, 105.7848085638054, 96.05055729804619, 92.05021736127547, 0.284355206918, -0.677234911277, -0.678597812586, -0.802368635366, -0.555518334682, 0.218183300949, 0.524734875226, -0.48244404316, 0.701356582589,  
146, 3228885.1919123847, 91.68986458357578, 100.65537032269259, 89.83052530363904, 85.251710923848, 0.0976705483645, 0.245699182023, 0.964412969601, 0.658411628388, -0.742620052846, 0.122513610319, 0.746293904293, 0.623014742252, -0.234303306318,  
147, 3730073.1225636806, 96.20764384311678, 99.43905030213574, 95.57066874225745, 93.70162949744018, 0.62410007489, 0.714273988712, -0.316720327057, -0.40457689526, 0.642197979245, 0.651075488154, 0.668443439899, -0.27819853433, 0.689774559659,  
148, 1255426.8768549452, 66.92179854325612, 111.19560449661712, 70.87613963324031, 38.029020316656286, 0.368545012671, 0.455508117518, -0.81036222056, 0.778269498542, -0.627929623697, 0.000987584757705, 0.50840059134, 0.631044168469, 0.585928405324,  
149, 3502212.817230982, 94.2073182781624, 105.04204279595757, 91.68263514549511, 86.8167806868763, -0.103677202454, 0.991214638544, 0.0821253799218, 0.224968589048, -0.0570600293695, 0.972693830036, 0.968834439744, 0.119321805989, -0.21707633446,  
150, 3147491.746286348, 90.91286207024625, 102.12769255050371, 90.9019822079536, 80.93923911500713, 0.820750760263, -0.22592485145, -0.524715304737, 0.176356650113, -0.7734228349, 0.60886406563, -0.543384322086, -0.592262678169, -0.59494402977,  
151, 3697291.4544887026, 95.92497453240263, 101.6663111125813, 97.94621418875866, 88.64012454268918, -0.963477596053, 0.0939083531526, -0.250783059857, 0.267782299373, 0.331264094126, -0.904741255877, 0.0018873382228, 0.938853194675, 0.344312527805,  
152, 3389071.5530593586, 93.18171720595424, 101.67685874641526, 93.14611630522222, 85.42898698401729, 0.730812077092, -0.680027827241, 0.0589564428491, 0.211554787845, 0.307777407396, 0.927640899937, -0.648967086774, -0.66545865512, 0.368790589102,  
153, 2942401.491648158, 88.89372547928953, 104.08077022469776, 86.78469989435797, 77.76777243868821, 0.578599010668, 0.404180127472, -0.708421914829, 0.275860334324, 0.720409345626, 0.636326528349, 0.767544305431, -0.563603406032, 0.305330869564,  
154, 3316456.1707499223, 92.5113923999569, 104.38435895774545, 94.37856650163755, 80.36683174910368, -0.349266883413, 0.161985926718, -0.922915599443, -0.28656433496, 0.91928823195, 0.269796272262, -0.892128648839, -0.358705598149, 0.274657546369,  
155, 3082140.665594515, 90.27925130149612, 99.52253581521325, 90.48408578014987, 81.70905923726104, 0.46234918198, -0.860946536514, -0.212142157966, 0.345432407524, -0.0454608185268, 0.937341861762, -0.816645385559, -0.506660019384, 0.276380062599,  
156, 3278574.4875171673, 92.15781058957843, 97.91416185325744, 94.1039898720573, 84.94599305266945, -0.420247215149, 0.462939866585, 0.780435108184, 0.7879209209, 0.612767934353, 0.0607954030915, -0.450080993342, 0.640470247986, -0.622274023945,  
157, 3479654.8039293117, 94.00461700003054, 101.9358516028319, 92.1299491554199, 88.45446620294372, 0.263767406159, 0.174022281693, -0.948758663161, 0.276420268598, 0.928702294206, 0.247191997939, 0.924131262622, -0.327457316625, 0.196858109389,  
158, 3422176.508137835, 93.4841389246556, 102.73094129782672, 93.51210385739498, 85.04420016265834, 0.739086262857, -0.63033735862, -0.237542228631, -0.536566980691, -0.33770660379, -0.773337006091, -0.407243626454, -0.699020074164, 0.587812525069,  
159, 3064020.7864223416, 90.10198647930176, 110.85093228995191, 87.14434968714804, 75.72242514856566, 0.832727298864, -0.405951475603, -0.37652177252, -0.152459630368, -0.82185854305, 0.548912193637, -0.532279350374, -0.399689798058, -0.74627525652,  
160, 2070408.0220706563, 79.06588033310997, 109.00105319888051, 78.7363797891484, 57.59187204306501, -0.47714921707, -0.505472259837, -0.718906405024, -0.846358188561, 0.0440167506168, 0.530792183741, 0.236656800673, -0.8617193976, 0.448813144298,  
161, 3518674.801353144, 94.35469327618341, 104.01792053131851, 96.48797328684812, 83.6968609305014, 0.347892053519, 0.477582961065, 0.806774835006, 0.662123133307, 0.484073723467, -0.572071312503, -0.663750009746, 0.733203345293, -0.147813324883,  
162, 3396310.3136834293, 93.24801269575617, 110.30753202206053, 101.76965749936448, 72.22628442020971, -0.872477200353, 0.0784689130112, 0.482313346856, 0.48653065014, 0.0475633672947, 0.872367842464, -0.0455133094765, -0.995781279088, 0.0796754847997,  
163, 3351827.7919091694, 92.83912303798856, 105.45527500552856, 89.53562604291967, 84.74789213413088, 0.530803939135, 0.124610162805, -0.838283654573, -0.711912703344, 0.602218443815, -0.361266174373, -0.459812441128, -0.78854629113, -0.408371480064,  
164, 3597305.182231363, 95.05235719062978, 102.96184531343455, 94.90789877885886, 87.88403697020085, -0.959801641161, -0.135304992577, 0.245913335564, -0.262972415284, 0.12723493132, -0.95637690324, -0.0981138034327, 0.982600545102, 0.157701776592,  
165, 2379190.2203703336, 82.8158605267516, 106.1642430569323, 87.24760688863665, 61.32093462661646, -0.561814052281, 0.718793934448, -0.409512210393, -0.547912722863, 0.0475687548459, 0.835181933286, -0.619803693749, -0.693593896573, -0.367111546879,  
166, 3261098.973477917, 91.99377841950965, 97.79796429582434, 93.72491534189616, 84.93574466043191, -0.357057153374, -0.568672632364, 0.741027412735, -0.788133307395, 0.609215382209, 0.0877639325373, -0.501354245019, -0.552691645749, -0.665714552733,  
167, 3633839.067280526, 95.37305483270036, 101.43240568894782, 94.41751603103778, 90.58322609107283, -0.928508380408, 0.0607342820918, -0.366310707585, -0.119600130568, 0.885036317346, 0.449896127731, 0.351522397979, 0.461543133367, -0.814499809552,  
168, 3744225.7186365062, 96.32916688556834, 99.36803705953679, 96.1534702957666, 93.55386600940561, 0.319034092308, 0.733541762997, -0.600111431223, 0.835859860858, -0.516235443902, -0.186652777815, -0.446716398794, -0.442060457855, -0.777834822215,  
169, 3344054.2821000665, 92.76729710637596, 99.2122043544324, 91.43428221149628, 88.00564902759093, -0.137664220735, 0.937730829399, 0.318919196543, 0.985447815611, 0.0972586413581, 0.139403584563, -0.0997053912142, -0.333469111426, 0.937473832535,  
170, 3523889.775837475, 94.40128415252272, 99.50575989203907, 93.14030379571504, 90.7711495602626, 0.326002500571, -0.935295563668, -0.137639304727, -0.475531524139, -0.288068983773, 0.83119554266, -0.81706311823, -0.205519997012, -0.538673733958,  
171, 2970598.1012235023, 89.17677517539975, 109.38226076998409, 82.31510876647877, 78.76419488623138, -0.690094868079, 0.720235779776, -0.0709189296408, 0.722933499295, 0.681464131762, -0.113902558002, 0.0337079908679, 0.12987324071, 0.9909574727,  
172, 3581587.609340599, 94.91371882516908, 102.30774622836755, 94.80325861734981, 88.15667198719767, 0.759546767554, -0.643927748024, -0.0919008336335, -0.168060175779, -0.330768702503, 0.928626858733, -0.628366521399, -0.68989065856, -0.359452909317,  
