# Void_ID, Void_Volume, r = (a*b*c)**(1/3.0), a, b, c, vector_a, vector_b, vector_c 

0, 1716347.8467846692, 74.2743568817251, 135.28123950002038, 73.9772263524762, 40.9431339540503, 0.628243990401, 0.708489246896, -0.321484798331, 0.361470732282, 0.100104127762, 0.926994106405, 0.688947311649, -0.698585821956, -0.193208310208,  
2, 2486744.6580377254, 84.04544766646134, 129.0858486644835, 82.9864134250444, 55.41877921286214, 0.401662255201, 0.82855708749, -0.390077666005, 0.664231718273, 0.0296505849302, 0.746938462829, -0.630447188261, 0.559118945827, 0.5384443771,  
3, 1939337.7881027788, 77.3609183896557, 145.02650851988284, 75.46221942042126, 42.30462842319829, -0.994418605335, 0.00445764077722, 0.105412365507, 0.104638956658, 0.169535125477, 0.979953330511, 0.0135028186871, -0.985514064166, 0.169055325912,  
4, 1868409.0694677492, 76.40605659324206, 124.62568967776944, 69.44916514169032, 51.53576811033542, -0.590694434826, -0.506708760495, 0.627954072129, -0.13828861078, 0.830293469231, 0.539897226406, -0.794956819452, 0.232075390748, -0.560521782106,  
5, 1439624.2084442645, 70.04656517046622, 113.2720774590783, 79.04900048039688, 38.38320920146427, -0.789195726631, -0.00646624125847, 0.614107720837, 0.599017446533, -0.228653217211, 0.767395468456, -0.135455541844, -0.973486463174, -0.184325533231,  
7, 2136594.7713122806, 79.89958384654047, 104.99878543456556, 74.3053000173679, 65.37767689656702, 0.673882662271, -0.433753786636, -0.598113542791, -0.537415500865, -0.843295791072, 0.00606532690565, 0.507017491731, -0.31734817053, 0.801388421266,  
8, 2988103.2594713606, 89.3515993666934, 119.74303493474085, 92.71730016097037, 64.253376361274, 0.113838690825, -0.898774860581, 0.423372770097, 0.123153373382, 0.435622231809, 0.891665025544, 0.985836700015, 0.0493661943272, -0.160277820555,  
10, 2985560.8196389126, 89.32625045180518, 127.05693039186532, 88.41997875992166, 63.443706641832414, -0.805719774578, 0.411638686178, 0.425874672755, -0.090037866917, -0.795788854386, 0.598843286475, 0.585413381615, 0.444155030677, 0.678245885612,  
11, 852296.5422924273, 58.81670699389155, 118.79525633144318, 89.25586801817667, 19.189614062374094, -0.899320733055, 0.0383855991472, 0.435601612572, 0.428688523803, -0.119208899504, 0.895553118379, -0.0863039318739, -0.99212689917, -0.0907515690546,  
12, 829297.961590887, 58.28283422854803, 119.89345725914151, 99.81110929349786, 16.54427051154394, -0.80445074088, 0.406674447426, -0.432983717139, 0.585447508057, 0.41940989404, -0.693791435585, 0.100549593769, 0.811610272602, 0.575481141829,  
13, 1803032.4053305318, 75.50429224577066, 121.70112674846538, 83.79023458984409, 42.21112407644918, -0.994676260298, 0.0180107525843, 0.101463047417, 0.0537767537801, 0.93062740263, 0.36199543951, -0.0879044819834, 0.365524623336, -0.926641544386,  
14, 2169884.2631836934, 80.3124091287625, 113.61937597356138, 73.67415310612765, 61.88428946595918, -0.261133358059, 0.133376617818, -0.956043956692, 0.176224129003, 0.980351506372, 0.0886339681583, 0.949080831998, -0.145332727814, -0.279506659241,  
15, 1898165.4128561963, 76.8095372763869, 122.65476653982019, 78.13956636297468, 47.281366462678726, -0.0585253610242, 0.542858730354, 0.837782299285, 0.245041375475, -0.805733854605, 0.539210237152, 0.967744546057, 0.236848800763, -0.0858669852445,  
16, 2410601.258312422, 83.17872452439143, 128.28483797444187, 115.08012929842198, 38.98172904389774, 0.331445486845, -0.0589950244815, 0.94162809874, -0.914831497467, 0.223958146272, 0.336044758865, -0.230710252247, -0.972811562331, 0.0202594102344,  
17, 1097984.800821025, 63.9984181522809, 103.61435633837445, 96.63770153368498, 26.17828512334668, -0.158820925277, -0.787959213179, 0.594891748187, -0.855281910531, -0.191203375146, -0.481595393303, 0.493222837277, -0.585287576922, -0.643560164312,  
19, 344656.5674617969, 43.494330448999975, 125.58911261402561, 61.316054474801945, 10.684931835414872, 0.819211222621, -0.0868146388618, -0.566882872568, 0.366648024713, -0.680791160455, 0.634107736761, -0.440978682824, -0.727314659776, -0.525881343051,  
20, 2927031.099077911, 88.73866874323164, 116.81458765283934, 85.23440356443767, 70.18215842896925, 0.502803562262, -0.550017880537, 0.666834993733, -0.804660403365, -0.0160115127011, 0.593519390347, 0.315769240165, 0.834999378772, 0.450628255234,  
21, 2737828.054793343, 86.78390472162258, 128.56959204609905, 82.07098880839554, 61.94262819747432, -0.0307377626062, 0.985365020716, -0.167663251488, 0.235801856811, 0.170156530198, 0.956788503043, 0.971314920237, -0.0101257681489, -0.237581132552,  
22, 3566384.2660587463, 94.77922981987793, 119.98085436745501, 97.14432036048285, 73.04830808954223, 0.42663891038, -0.659624388063, -0.618768863812, -0.565262661625, -0.728548081809, 0.386905435301, -0.706015129811, 0.184698021552, -0.683687997051,  
23, 2116403.9893411896, 79.64710364961665, 105.04310719694787, 79.2325504996426, 60.70699926074322, -0.00195839990545, -0.00584808740943, 0.999980982091, -0.767477462815, -0.641054412536, -0.00525206991271, 0.641072935586, -0.767473152652, -0.00323283438641,  
24, 1970821.492122848, 77.77730549823998, 116.0183433395834, 91.57929235363679, 44.282765716504954, -0.93682035819, 0.266417965943, 0.226691605278, 0.325169592027, 0.902144912995, 0.283547689779, 0.128966479761, -0.339346465107, 0.931778741825,  
25, 1840501.3810164123, 76.02373097995284, 101.19895886060914, 77.22924006535834, 56.21985646290473, -0.215529283505, 0.159533292061, 0.963377525519, 0.97531824887, 0.083637055685, 0.20435057215, 0.0479733402379, -0.983643213589, 0.173621965736,  
26, 709095.4521779261, 55.31870823900964, 90.78487014287748, 52.60370965333011, 35.44755148758132, 0.230653511069, 0.500062754706, 0.834707253585, 0.805975692071, -0.578806418074, 0.124041582491, -0.545162491027, -0.644143129864, 0.536542157361,  
27, 1438472.8262703856, 70.02788625032278, 100.3194357973804, 80.2869657316197, 42.63663551066093, 0.941625068602, -0.1043443251, 0.320085132424, -0.252191095855, -0.848464149537, 0.46530445745, -0.223028880083, 0.51886496198, 0.825249822707,  
28, 1356909.9645600384, 68.67850099155997, 113.18333114011025, 66.99417499923373, 42.72114730201318, 0.579035691212, -0.522979264927, 0.625468110106, -0.571740298914, 0.286445858955, 0.768805437341, -0.581232052541, -0.802771112051, -0.13314594532,  
29, 3428552.843119079, 93.54216401964112, 123.0741301953411, 94.14116964413314, 70.64409618823352, 0.489989909348, -0.871477547662, -0.0208991066572, -0.460756292521, -0.279263996436, 0.842445997793, -0.740009140241, -0.403160643188, -0.538375304174,  
30, 863650.1832638585, 59.0767261533616, 147.52727933331377, 53.39186627770631, 26.17591220104179, 0.839054970977, 0.0246491733049, -0.543487970368, 0.34878719971, -0.791042385285, 0.502592711847, -0.417533525597, -0.611264560512, -0.672325361759,  
31, 1138086.4149365257, 64.76825703460679, 116.63490332341986, 75.20320644205239, 30.97574341954521, -0.232231290372, -0.91784061166, -0.321927382122, -0.971474188963, 0.202532882628, 0.123362602248, 0.0480263256046, -0.341392798756, 0.938692936485,  
32, 1512305.367188369, 71.20606090165981, 122.77827630960472, 63.833757400498065, 46.06583454717559, -0.535150319919, -0.404105317807, -0.741830861592, -0.146377784501, -0.820516049092, 0.552563984881, -0.831978172367, 0.404292351279, 0.379947385045,  
33, 1169657.9717403804, 65.36171293885927, 112.79730858801557, 63.28489931456498, 39.11753186875244, 0.244940139393, 0.214170795985, -0.945587224037, 0.871125315676, 0.379524061959, 0.311612212184, -0.425611339725, 0.900051307727, 0.0936089256215,  
34, 1812047.0886580658, 75.62991691949594, 109.45917983932509, 100.39426614339109, 39.36586245833296, 0.515128477725, 0.846285460803, 0.135807106847, -0.198133168209, -0.0365810042241, 0.979492255092, -0.833898014803, 0.531472246653, -0.148833302539,  
35, 356613.38086949143, 43.99159162796795, 147.26232269291944, 37.53972455864097, 15.400197753451637, -0.890818239267, -0.453358629493, 0.0301466026782, -0.189501132825, 0.431020741112, 0.882219043883, -0.412955427676, 0.780183999962, -0.469873111549,  
36, 1432344.4067278197, 69.92829656390603, 108.32845542397456, 70.12536448587649, 45.01333231220742, -0.979401504572, -0.184522784475, -0.0820002125101, 0.12977965698, -0.886350251829, 0.444455252772, -0.154693029824, 0.424658183828, 0.892040073893,  
38, 2227448.893604149, 81.01641961765732, 102.52450968434383, 84.4667363256044, 61.40528114570779, 0.336416896729, -0.26673726824, 0.903147220185, 0.871804207797, 0.450832452625, -0.19159207428, -0.356063329847, 0.851822357884, 0.384210327485,  
39, 1955422.2884502262, 77.57420209593943, 125.42449618131494, 74.61433072163238, 49.88239979591406, -0.82199897416, 0.426770524779, -0.377073740348, 0.545092569281, 0.781333756856, -0.303959950179, -0.164899294708, 0.455394861167, 0.874884988457,  
40, 1797171.3458394043, 75.42239031085681, 127.9132373619498, 82.14299438029157, 40.83333534312084, 0.422102874938, 0.473678429167, -0.772954014616, -0.613331167569, 0.777087884547, 0.141277381696, 0.667573248309, 0.414443199284, 0.61853277416,  
41, 595603.4470752061, 52.19427439817044, 106.89703463145749, 44.19127514733738, 30.099993514895147, 0.0879034194909, -0.9575969931, 0.274373810063, -0.703762827334, 0.13523185791, 0.697445501433, -0.70497579512, -0.254401932801, -0.662033824575,  
42, 1037437.4199540558, 62.799728546070405, 127.1762414589344, 80.7615872495019, 24.113623065429685, -0.16372599112, -0.451311877128, 0.877217982827, -0.88965660969, -0.316681457738, -0.328974119285, 0.426268596857, -0.834284390294, -0.349663608982,  
43, 762854.9227401832, 56.68277642146299, 110.51351116030007, 74.73458291736722, 22.05039387359661, 0.150663219002, -0.40037491833, 0.903880810291, -0.387324539627, -0.865126296304, -0.31864744224, 0.90954950137, -0.302086769349, -0.285417743565,  
44, 2243829.1478484687, 81.21452813107926, 110.71158040636513, 88.93426779310377, 54.40502219737892, -0.642760647471, 0.135362428883, -0.754013105264, -0.532567627143, 0.62855198437, 0.566828126917, -0.550663665573, -0.765897784167, 0.331918832888,  
45, 1025921.0515504868, 62.566487952985, 113.07508809089472, 52.59264836257092, 41.18445816685968, -0.675031169855, 0.725412639671, -0.134571252244, 0.0167753386557, 0.197441729924, 0.980171082667, 0.737598473248, 0.659388554261, -0.145448364625,  
46, 3490100.7994210017, 94.09859095846463, 115.65069230412435, 102.49792688950562, 70.28878602219912, -0.89840658225, 0.298525393286, -0.322099677948, 0.426992542085, 0.765253448957, -0.481730762836, -0.102679024024, 0.570324248496, 0.814976852188,  
47, 1418034.1600131697, 69.69463712729647, 113.31634629928722, 97.00277548207256, 30.79791812451997, 0.437576528655, 0.756746862106, -0.485655194828, 0.844077755508, -0.531862167565, -0.0682303258793, -0.30993470962, -0.380074757654, -0.87148359386,  
48, 3574205.0082659177, 94.84845985801863, 136.7985676826308, 111.23791507227912, 56.073344343003015, -0.550976070864, 0.00435092084636, -0.834509699658, -0.50285855353, 0.796323140804, 0.336158787721, -0.66600198534, -0.604855788522, 0.436567097495,  
49, 2382716.048554758, 82.85674984158483, 96.40976223839563, 87.91067732905977, 67.11522379209343, -0.121367728422, -0.918707074213, 0.375828666136, -0.98043643226, 0.0518432416113, -0.189885967351, 0.154965405156, -0.391522145084, -0.907025982601,  
50, 1867354.4134216022, 76.39167764421823, 124.15766484901415, 78.85544269926821, 45.53369908102258, 0.91954072238, -0.235259570956, 0.314798021211, -0.392994715032, -0.55022748936, 0.736752919173, 0.000117650798774, 0.80118827015, 0.598412351086,  
51, 386184.2376421294, 45.17539703624704, 101.4313041562335, 50.85833456680955, 17.87194381982442, -0.066203031902, -0.978159351419, 0.197031575637, -0.995565500136, 0.0515278067618, -0.0787033675879, -0.0668318300389, 0.201368240697, 0.977233000943,  
52, 2382023.7687747213, 82.84872460099714, 120.67272348629216, 92.74577549514655, 50.81058907787841, -0.338087503005, -0.554511035837, -0.760404071166, -0.034973281697, -0.800021567369, 0.598951050848, 0.94046462447, -0.229091690988, -0.251084223402,  
54, 2228194.3811046313, 81.02545686076856, 101.50597042940997, 94.09692732197475, 55.69259262663988, -0.115826265943, -0.97663173663, -0.181037916262, -0.064268037994, -0.174513887342, 0.982555098922, 0.991188123118, -0.125440639872, 0.0425529136299,  
55, 1905042.9399843032, 76.90219217153661, 120.37871199354304, 74.79745133448846, 50.51026741546391, 0.705181738297, 0.605312184916, 0.369209797765, 0.551339874504, -0.795550664028, 0.251243873052, -0.445806077522, -0.02638749243, 0.894740544229,  
56, 1486751.981291696, 70.80272490372684, 96.36408483611598, 81.753305888105, 45.05358889940462, 0.801723465461, -0.0743471106261, -0.593053110666, 0.369902093153, 0.841102940319, 0.394611562511, -0.469480485654, 0.535740936394, -0.701833115962,  
57, 1727563.3465550663, 74.4357880514822, 129.03468934909029, 119.47678772746715, 26.75194443092772, -0.113524772906, 0.927157730871, 0.357058353806, 0.775833572672, -0.141771287212, 0.614803358512, 0.620640309239, 0.346813269942, -0.703225541587,  
58, 1336740.5377954892, 68.33651647798479, 117.73364396018692, 80.98941067261296, 33.46799415634455, -0.189068383302, -0.963431189869, -0.189877562715, -0.173652407323, -0.157513341282, 0.972128792264, 0.966487448375, -0.216771514977, 0.137521352626,  
59, 2852519.822695045, 87.97920243169075, 101.71639826976545, 87.69674488619592, 76.34236584672009, -0.598342443034, 0.631708780433, -0.492879638034, 0.801145515201, 0.481156407156, -0.35588534014, -0.012336301603, 0.607809615404, 0.793986956496,  
60, 3200736.0186182256, 91.42263811845793, 133.80724851169205, 119.4532519746694, 47.806134611512014, -0.330083342893, 0.893976117613, -0.303070433864, -0.914884700052, -0.382043154591, -0.130495262908, -0.232445633118, 0.234200190368, 0.943991153812,  
61, 1892657.0154445565, 76.73516592374811, 90.61264084114022, 77.16911696392154, 64.61762491932264, -0.0623174122194, 0.958992820492, 0.27649468418, 0.191155667838, -0.260436089562, 0.9463786525, 0.979579527546, 0.111829394611, -0.167087209902,  
62, 732773.2099760704, 55.92770409141671, 87.32543105155605, 67.69612399111233, 29.59214405373613, 0.476943491032, 0.156930202257, 0.864810856767, -0.820702165686, 0.431696175897, 0.37428113358, 0.314599525747, 0.888263093534, -0.334687638052,  
63, 1319420.3782554206, 68.040086861286, 87.82990000361141, 66.48893738290768, 53.93898845358529, -0.765640567026, 0.438726234214, -0.47044002119, 0.106641367766, 0.807776293951, 0.579762949499, 0.634367512414, 0.393721666083, -0.665252665422,  
64, 526006.6122967788, 50.07652663626773, 89.31944560274508, 78.60880895758973, 17.884852360667995, -0.995599945176, -0.000795790262125, 0.0937022725621, 0.0585436524244, 0.775505345702, 0.628620791533, 0.0731668635808, -0.631340498863, 0.772046491196,  
65, 1227655.5972039883, 66.42465584879695, 82.61935120467379, 64.73996925519143, 54.79408383845934, -0.663684581852, -0.239341304863, 0.708687883062, -0.738669180088, 0.358985117576, -0.570523906377, 0.117858466818, 0.90213381776, 0.415046933074,  
66, 1156427.2515937102, 65.11432897548006, 124.66546734809612, 108.8454554273091, 20.345728169868263, 0.0563475388689, 0.915311645999, 0.398785086936, -0.684323579389, -0.255432627771, 0.682975410511, 0.726998069843, -0.311382021589, 0.611976341925,  
68, 2919504.993443061, 88.66254726287582, 121.86217000127395, 106.65046137870395, 53.62767480285597, -0.0537657450696, -0.715749706325, 0.696284139236, -0.892305432022, -0.278554578976, -0.355244088643, 0.448218987372, -0.640398082779, -0.623690656441,  
69, 2344905.519072104, 82.41613548942198, 103.33895255488348, 80.59276468979617, 67.21661379819484, -0.37503669091, -0.159273114333, 0.913224811053, 0.0694162957834, 0.977538469849, 0.198997280997, -0.924407301113, 0.138023965366, -0.355556643354,  
70, 2200577.6802798267, 80.68931553445566, 107.05425266099965, 96.26294784957837, 50.97826065043176, -0.947058768636, -0.0587024725309, 0.315648076927, 0.183097277791, 0.708845425703, 0.681185400112, 0.2637329627, -0.702916909868, 0.6605700131,  
71, 2428255.1996124447, 83.38128286407193, 135.3511998821745, 72.7964447414291, 58.83468577787504, 0.843122206919, 0.189309730307, 0.503295907206, 0.415611547784, 0.364468648802, -0.833324453853, 0.341192006864, -0.9117699436, -0.228612301507,  
73, 462909.118051816, 47.988337952472165, 109.69101974574579, 72.13956837119288, 13.965693694465177, 0.633182629643, -0.322578699188, -0.70357852465, 0.440219679237, -0.597579038198, 0.670153659334, -0.636621073741, -0.734058768721, -0.236371175341,  
74, 2984640.646592208, 89.31707249397381, 132.9169723951913, 107.05830033625452, 50.072889718401484, -0.608552724229, 0.781801163338, 0.135832701644, -0.149828614949, -0.281308659852, 0.947848523781, -0.779239993825, -0.556464175751, -0.288327336771,  
75, 2578038.5239760433, 85.06160985936597, 129.18418560712104, 86.52183623290667, 55.06374102450444, 0.798122010681, 0.574136541033, 0.182670436352, -0.309440268939, 0.130472714578, 0.941925469827, 0.516960323453, -0.808297038842, 0.281794110963,  
76, 1728665.5038628357, 74.45161429356818, 94.50445348428109, 75.68621219381411, 57.69701037171739, 0.155810040828, -0.889223953076, 0.430120904459, 0.232621174317, 0.456223754554, 0.858922158895, 0.960005531461, 0.033773466752, -0.277936562019,  
77, 1313239.9677122182, 67.9336830740951, 127.43949824735648, 85.221416022782, 28.86706854708963, -0.81616244913, -0.431457858559, -0.384347463785, -0.577454517541, 0.585301695727, 0.569182049217, 0.0206188457833, -0.686488194558, 0.726848555018,  
78, 2073965.6029233783, 79.1111407041707, 121.8349468754006, 84.23564216950135, 48.24420682618992, -0.46030912337, -0.504738414249, -0.730311333695, -0.881829250761, 0.354883230997, 0.310539956946, -0.102433800306, -0.786954271567, 0.608449086627,  
79, 838234.8656111937, 58.49144769914714, 138.96043515130273, 76.35351296889539, 18.860661592393534, -0.207911628823, 0.363857085253, 0.907954170711, 0.967701313846, 0.211812081438, 0.136710677485, 0.142572514116, -0.907052183542, 0.396143174308,  
80, 2237092.046011145, 81.13316437998387, 133.35811222280188, 73.69841794340404, 54.33975051270866, -0.68781267874, 0.725395101428, -0.026751930573, 0.011239443987, 0.0474923033328, 0.998808368018, 0.725801208227, 0.686692382329, -0.0408188459858,  
81, 2521026.593379791, 84.42989954275484, 122.91340980308489, 102.05241973413155, 47.98066293422838, 0.519673797918, 0.236884796183, -0.820868282427, 0.407720177521, 0.775568643064, 0.481931049776, -0.750801838437, 0.585131500804, -0.306459991135,  
82, 1378799.6544297095, 69.04584021096687, 89.37926587453445, 82.66687718007366, 44.54964435026029, -0.779360621661, -0.353447061718, 0.517370462983, -0.100983856312, 0.885771157135, 0.453002999938, 0.618384412942, -0.300806635152, 0.726027606968,  
84, 575342.3970443208, 51.59559079488916, 113.66727289017228, 51.64629745470159, 23.397159537855853, -0.433634131766, 0.550270279446, -0.713557327288, -0.296388874937, 0.660718740972, 0.689640761659, 0.850949513532, 0.51054222635, -0.123416208547,  
85, 2126871.7291558627, 79.77819934953605, 130.34964200868586, 104.34046975954787, 37.33275660011622, -0.0595771705322, 0.716838443516, 0.694689287847, 0.88438661609, -0.284838867647, 0.369766321827, 0.46293722472, 0.636403539726, -0.616992431552,  
87, 3151605.2237348408, 90.9524496998549, 112.18597452186643, 91.84902361485726, 73.01802694637318, -0.986960582534, 0.0864320867061, -0.135787712672, 0.102066419459, 0.988368349134, -0.112740642397, 0.124463868427, -0.125129935734, -0.984302415236,  
88, 345968.4261733953, 43.5494444194292, 101.05471827529996, 49.63591949235498, 16.466268376130966, -0.785021462785, -0.573354544295, 0.234533301479, -0.0374031938154, 0.421784012146, 0.905924526763, -0.618338341088, 0.702397902641, -0.352554793339,  
89, 3828823.9956889194, 97.04926812046479, 115.7028428644559, 111.53000208143935, 70.83388361915911, -0.402850995287, 0.733141975713, 0.547917803182, 0.694347420431, 0.634831699597, -0.338925320577, -0.59631596938, 0.243908910525, -0.764797821668,  
90, 793344.2240854689, 57.42808726433623, 104.39221185240208, 75.21623754601994, 24.120891215527546, 0.451460564717, 0.871251660224, 0.192623734423, -0.299678293334, -0.055287172943, 0.952437005272, 0.84046194382, -0.487712900245, 0.236135232282,  
92, 3211446.003724035, 91.52449438085502, 131.20799365072708, 97.37424064769, 60.00779053363343, 0.668454098571, 0.203194787518, -0.715458591694, -0.569221172005, 0.758913100857, -0.316288100771, -0.478702804927, -0.618678255375, -0.622961347823,  
93, 968113.7108210885, 61.36855826608973, 146.24738522551684, 79.90314976005523, 19.778153905922522, -0.969267740511, 0.068590898973, -0.236252694762, 0.0486888636881, 0.994834244262, 0.0890742442926, 0.24114195354, 0.074833916252, -0.967600353049,  
94, 1413708.8471626032, 69.6237036863173, 113.22737040101313, 90.07931509181893, 33.089855436529795, -0.0452359258159, -0.90289484494, 0.427474689304, 0.287191913848, -0.421602212325, -0.860100214616, 0.956804324633, 0.0838598446402, 0.278375664922,  
95, 3725144.753200688, 96.16525363030485, 143.78074892557376, 98.59402211344866, 62.73403455074928, 0.312762397032, -0.496414504318, -0.80978535607, -0.895253680194, 0.130766742449, -0.425935332144, -0.317333469874, -0.858179875651, 0.403517992072,  
96, 1805640.4954751148, 75.54068041175982, 130.96373315712464, 58.482370163931684, 56.281629811078275, 0.390922122371, -0.270561321356, -0.879759322558, -0.67475368574, 0.565841680504, -0.473846658937, -0.626009071677, -0.77885798705, -0.0386377818649,  
97, 2647685.7675147443, 85.82081026331866, 138.63267124362966, 88.5492844334789, 51.490508892654454, 0.331049635432, 0.235986559056, -0.913628197258, -0.723573674942, 0.684961045594, -0.0852613801703, -0.605679185552, -0.689303061043, -0.397509766202,  
99, 390357.64596340386, 45.3375478565409, 99.99976329384982, 42.61807655502419, 21.86660016490289, -0.666735414817, 0.648073919345, -0.368054454794, 0.728404081006, 0.46208395647, -0.50587143816, 0.157770026946, 0.60537477007, 0.780147426042,  
101, 552215.8156721221, 50.894799817747455, 114.17106648755902, 95.29349818173131, 12.117161705647897, -0.0787127855765, 0.828912383133, 0.553812746762, -0.994716888344, -0.102028858447, 0.0113324351933, 0.0658984782082, -0.549994884643, 0.832564122117,  
102, 1051202.13661367, 63.0762513652249, 124.57840013813166, 84.8089869468968, 23.7527009429254, -0.638293249557, -0.255317508397, -0.726219455451, -0.0385815886985, -0.931599342451, 0.361433432542, -0.768825850621, 0.258719220491, 0.584783016482,  
103, 2288679.3476092196, 81.75207422651594, 103.95461892571785, 93.97199976921942, 55.93119285473589, -0.47748119986, 0.786085978629, -0.392530938887, -0.373299809237, 0.222928923654, 0.900527593926, -0.79539861466, -0.576516720661, -0.187001375916,  
104, 2302140.564445318, 81.91204011395378, 130.394875607147, 72.04570651442089, 58.50252340527035, -0.028490788433, -0.449623760028, 0.892763546182, 0.347178344232, -0.841977266202, -0.412966682064, 0.937366242336, 0.298182423386, 0.180088228691,  
105, 424682.41990096134, 46.629263726263915, 113.22892906159083, 55.65025932201004, 16.08981615984124, -0.367972231235, 0.845606558395, 0.38671176015, -0.232918404309, -0.486457731912, 0.842085442219, 0.900191898416, 0.219791772963, 0.375960267268,  
106, 2344812.2752077323, 82.41504306433848, 120.71703547366657, 111.18505303122961, 41.70657250572811, -0.137205632142, -0.676810198794, 0.723258300551, 0.763587646325, -0.537370524615, -0.358003946423, 0.630958414547, 0.503150945624, 0.590534169231,  
107, 2391167.42297396, 82.954597159261, 105.7157900792487, 88.97808370604335, 60.68739108771426, -0.714149615727, 0.584140634804, 0.385707201291, -0.39064109779, -0.789812323025, 0.472859415805, -0.58085269998, -0.187019285552, -0.792233505828,  
108, 664018.0227436054, 54.120743299420624, 92.31656386426721, 48.51484756708117, 35.394595668438534, -0.669794483867, -0.305470007803, -0.676803829565, -0.711635122473, 0.00382460033508, 0.702538842267, 0.212016041476, -0.952194017396, 0.219944882622,  
109, 1891989.7599193458, 76.72614721243748, 109.65483952344626, 73.2630548203193, 56.22343108108433, -0.113552620967, 0.828158197868, 0.54887138892, 0.796094894678, -0.254681304154, 0.548972086706, 0.594423015149, 0.499290929837, -0.630372783711,  
110, 2606169.1526385606, 85.36987855016152, 113.0389279101733, 91.53563101831736, 60.130633739857984, -0.1632756881, -0.964289156659, 0.208536500461, -0.538677198896, -0.0899496475189, -0.837696804518, 0.826539729877, -0.249109380113, -0.504753991242,  
113, 2779232.619970732, 87.21919949953345, 119.81191159409478, 97.88784398142545, 56.572781053332875, -0.450964994645, 0.0849894477384, 0.888485997289, 0.531557525552, 0.82523857241, 0.19086093271, -0.716991750743, 0.558353017704, -0.417330488926,  
114, 3022125.109479132, 89.68943261776872, 128.42120197190636, 80.77121645907461, 69.5553396777306, -0.415134956806, -0.810172015803, 0.413865041345, -0.889409739993, 0.457103008129, 0.00267476452494, 0.191345974725, 0.366985210559, 0.91033431946,  
115, 2956737.5134673887, 89.03786151761356, 125.91497510413748, 91.03372931402991, 61.580674809148704, 0.41463881188, -0.731731275874, -0.54096579891, -0.304180809076, -0.671732152575, 0.675462767728, -0.857641353406, -0.115521665085, -0.501104833167,  
116, 510304.46471608564, 49.573196076134685, 105.71337444710635, 97.08136950728095, 11.870661705929622, 0.59390956743, -0.591772389745, -0.545047579989, -0.113808177237, -0.73245543508, 0.671235230315, 0.796441538664, 0.336622153694, 0.502360827626,  
117, 359269.5440846371, 44.10054242252227, 98.51297676132829, 67.5860624692655, 12.881938036778237, -0.583433643685, -0.807853303715, -0.0835357593698, 0.114346225595, -0.183539109415, 0.976339252518, -0.804070969572, 0.560077168783, 0.199457867479,  
118, 2289395.5200064257, 81.76060060995196, 142.6769470609616, 69.2194997443732, 55.34137624900605, -0.971816553501, -0.164634344818, -0.168724979915, -0.111864169107, -0.30795598167, 0.944801312988, -0.207506611969, 0.937047835417, 0.280860036547,  
119, 1481297.0963342418, 70.7160271813781, 102.4120461222681, 74.57151249010766, 46.30517899963723, 0.571445061627, -0.568812333664, 0.591526052353, -0.68676597814, -0.72604900105, -0.0347179973876, -0.449224924521, 0.386400539783, 0.805538074857,  
120, 1190814.3336963605, 65.75344042823706, 106.7142444553003, 64.64642094036897, 41.208666830630385, -0.472535584984, -0.485001729671, -0.735855585791, -0.21918830722, -0.744044802084, 0.631152769518, -0.853619708595, 0.459533083366, 0.245280937681,  
121, 1657588.4734378813, 73.41689892094406, 119.15857288895678, 73.17597866435838, 45.383112333842064, 0.476768676452, 0.7075079651, 0.521655162416, 0.7496989427, -0.0174306008861, -0.661549445973, 0.458958739397, -0.706490377481, 0.538728337902,  
122, 2282713.987857859, 81.68098448714109, 103.95415477553186, 85.83436852612847, 61.074486287532046, 0.638357064572, 0.289353977802, -0.71328432875, 0.654270994717, 0.284194273863, 0.700830279152, -0.405499350904, 0.91406120705, 0.00789849245046,  
123, 1191571.9328012397, 65.76738164080183, 114.32218704046424, 73.26058182738709, 33.964933456288975, 0.420733312196, -0.869757720732, -0.25788560882, -0.373449536539, -0.425119223939, 0.824505360259, -0.826752032757, -0.250589610051, -0.503672436874,  
124, 2824323.922722548, 87.68836351105132, 121.3405498552327, 94.11925129749325, 59.03933715257973, -0.208777867651, -0.862803978792, 0.460414048613, -0.939706974707, 0.0465991056465, -0.33879097544, 0.270855318696, -0.503386350167, -0.820511778587,  
125, 3166444.2965557585, 91.09497361107454, 115.1327271558408, 86.36570415799119, 76.02267253132865, -0.231122387516, -0.950213175574, 0.208991298751, -0.14596876458, 0.246241986578, 0.958153434379, -0.961912450151, 0.190944507674, -0.195613479171,  
126, 2385582.6469568457, 82.88996429584603, 137.5635101016652, 78.15555636346895, 52.97155839357096, 0.785983060791, -0.403203359879, -0.468676518221, -0.511760734741, 0.00103562306723, -0.859127393267, -0.346888423742, -0.91510981749, 0.205529665513,  
127, 1087381.64786043, 63.791742201118005, 136.69667405776116, 67.57284967655696, 28.103681010991902, 0.542450800993, 0.6253962526, 0.5609159079, -0.31472077221, -0.467779459286, 0.825913562675, 0.778908187171, -0.624549361303, -0.0569221508221,  
128, 1393246.5744073784, 69.28615454643395, 128.77725215195503, 59.8807455332932, 43.13333336558259, -0.921895821814, -0.340541128727, 0.184769676535, -0.374580974061, 0.905253524653, -0.200512219014, 0.0989807435462, 0.254062582345, 0.962109669767,  
129, 3572338.7227839623, 94.83194848260077, 105.84923458267914, 95.08469135567482, 84.73555900913468, -0.762903829998, 0.605957497223, 0.225373595909, 0.626596013974, 0.607162562361, 0.488601123759, -0.159233104113, -0.513973865509, 0.842897196655,  
130, 1944294.1693078983, 77.42676629953566, 103.69268830580552, 78.97229443045603, 56.68269287058195, -0.476430575537, -0.347743444917, -0.807519908863, -0.157944469457, -0.869665636644, 0.46769137795, -0.864908926571, 0.350365775952, 0.359411145876,  
131, 2504512.2757904744, 84.24513911919277, 105.15053816509014, 80.93703513714188, 70.25476157586247, -0.812287268321, -0.291452733585, -0.505217475756, 0.0437605119364, -0.894211824845, 0.445499977444, -0.581613627178, 0.339765384337, 0.739111001331,  
132, 2396261.466990904, 83.0134630562588, 102.2807173436623, 88.18890094830174, 63.42170296888869, -0.854357737973, -0.171288735704, -0.490645518259, 0.0146404030367, -0.951678707107, 0.306746307292, 0.519479079622, -0.254887833094, -0.815581803607,  
133, 3370291.2964607873, 93.00927873032457, 111.72479910543368, 103.92780212519457, 69.29429876984628, 0.472232429668, -0.285399237631, 0.833992690333, 0.535520785243, 0.844401525305, -0.0142671873685, -0.700152855413, 0.45335784897, 0.551591007754,  
134, 1621412.3518495092, 72.87886872571099, 95.82301949994668, 65.4043147998872, 61.7630331399098, -0.0849179393403, -0.923227719142, 0.374752614649, -0.242598078485, 0.383950155212, 0.890914390179, -0.966403184956, -0.0152596500782, -0.256577526658,  
135, 2681762.183768775, 86.18742078520107, 108.53029408526179, 90.21849777509252, 65.38604693219136, 0.632321041581, -0.494091968616, -0.596693578752, -0.64395560535, -0.763409949541, -0.0502635780659, 0.43068698461, -0.41602689275, 0.800893467196,  
136, 3538849.3758310378, 94.53467952682298, 107.96167294719945, 93.39512696281302, 83.78757986331013, -0.986396189573, 0.0747506788507, 0.146406602334, -0.119877211499, -0.936513328291, -0.329503019861, 0.112481160018, -0.342571338476, 0.932734081449,  
137, 2079813.270647167, 79.18542376726384, 123.46099810790781, 94.3028457706803, 42.64627994163647, -0.698283313872, -0.13283891975, -0.703387684686, -0.709449816537, -0.00238523642753, 0.704751919801, 0.0952962296461, -0.991134769871, 0.0925769764483,  
138, 2000378.836015202, 78.16419879215431, 102.23672968603071, 88.98199167511717, 52.49459270958289, -0.805797018441, 0.429350712127, -0.407859204956, 0.51051237654, 0.852675857168, -0.11099998199, -0.300113775877, 0.29766062655, 0.90627251582,  
139, 2714161.3744457145, 86.53311788939023, 128.31115898424898, 95.02316624130964, 53.143864395197355, 0.298809363638, -0.878417526929, -0.372955242068, -0.67271352998, -0.471081671001, 0.570559870503, -0.676882169054, 0.0804034055938, -0.73168696967,  
140, 2053375.7139032972, 78.8484700091349, 107.09995360367945, 89.85592543486948, 50.93822504100446, 0.445740589622, 0.236847050664, -0.863260563999, 0.311422217942, 0.863092450238, 0.397602344704, -0.839244618056, 0.446066023066, -0.310955903836,  
141, 3219117.8124959227, 91.5973172391779, 118.28302149915972, 86.19273235886222, 75.37983867707125, -0.9734220692, 0.194630528725, -0.120699761731, 0.181798622498, 0.977209471945, 0.109594291817, -0.139279345386, -0.084738451895, 0.986620828241,  
142, 1951561.0283816792, 77.52310801004238, 129.78291404679248, 87.89209457156603, 40.84380480509233, -0.0810827631034, 0.0986200634564, 0.991816348228, -0.829993088359, -0.557635700676, -0.0124055877851, 0.551848764431, -0.824206593286, 0.127068614458,  
143, 2811999.7582612964, 87.56063246803154, 99.74499858673553, 93.3987970918086, 72.06000008964052, 0.398677729929, -0.891693722199, 0.214332390107, 0.0404790332063, 0.250590894739, 0.967246427414, 0.916197312553, 0.376943642027, -0.135999908846,  
144, 2565301.656511936, 84.921295485533, 113.41201599865767, 81.81265185259575, 66.00400550191031, 0.722862155484, 0.367704330998, -0.585033186352, 0.63712732288, -0.0269557156451, 0.770287065862, -0.267467902015, 0.929551996587, 0.253759742734,  
145, 4086372.7655174485, 99.17825374154582, 130.9823172057852, 97.61324302611375, 76.30060137280638, 0.20404783065, 0.47222407613, 0.857536532592, 0.318360947265, -0.860361052344, 0.398026590653, 0.92574877265, 0.191789680466, -0.325892510505,  
146, 2813522.1750369086, 87.57643139377285, 134.26223591363367, 76.3052127491573, 65.56221991494945, -0.412756396998, 0.834540967054, -0.364929487773, 0.898353933875, 0.439110954583, -0.0119071010698, -0.15030757209, 0.332750573064, 0.930959016229,  
147, 2258352.318178405, 81.38937162501706, 110.28999642228263, 85.8987427542289, 56.90889544894131, 0.520750910539, -0.830029034633, 0.199675463786, -0.612879546241, -0.200656474172, 0.764274584931, -0.594303921383, -0.520373693646, -0.613199859744,  
148, 2635032.9673105674, 85.68388466140935, 99.58946665374782, 90.38259977766972, 69.88745216155651, -0.601850736645, 0.713236519869, -0.359262240607, -0.506736728796, 0.00663348421573, 0.862075335789, -0.617246772765, -0.700892048473, -0.357430773574,  
149, 3014145.211497898, 89.6104216165124, 118.11833108112491, 97.21029769066557, 62.66802194849329, -0.642735092192, 0.584240101735, -0.495535170083, 0.466950875412, 0.81156101479, 0.351177446919, -0.607328972812, 0.00567651274589, 0.794430170617,  
150, 3081446.551130515, 90.27247367023111, 113.00749589064479, 88.61358443548534, 73.46127708190652, 0.584248768724, -0.598535497896, 0.548095460666, -0.554007590622, 0.199383532967, 0.808283240155, -0.593067420938, -0.775887533435, -0.215103625451,  
151, 3560356.515088969, 94.72580243424467, 118.75437917202983, 98.80775730598745, 72.43762507891223, -0.862008844902, 0.168638778809, 0.478018528503, 0.465692631693, -0.10894263573, 0.878215164357, -0.200177731271, -0.97963894594, -0.015375678877,  
152, 3555117.8832752365, 94.67932046146771, 101.32457863114767, 98.88141250314376, 84.71024322206564, 0.1006653495, -0.971940897543, 0.212596752312, -0.987458716492, -0.123723797597, -0.0980698992129, 0.121621423416, -0.200058275488, -0.972206210521,  
153, 2505148.677153196, 84.2522741319164, 121.32166709729043, 80.29306385064861, 61.394362886636664, -0.998008062969, -0.0381111183521, 0.0502737397285, -0.0574870027224, 0.877615088704, -0.47590650405, 0.0259836634509, 0.477848614875, 0.878057828674,  
154, 2783312.5752127995, 87.26185833016032, 104.10438463478432, 83.46943775995246, 76.46749492787679, 0.879618699159, -0.441843447299, 0.176196799541, 0.204235141123, 0.685335332319, 0.699001780688, -0.429603248615, -0.578869458819, 0.693073732316,  
155, 2288015.050209392, 81.74416385008314, 97.99492173759066, 91.12740644010742, 61.16707133416, -0.155277632734, 0.987701184031, -0.0183092281645, 0.975553131535, 0.156232850758, 0.154555439555, 0.155515093558, 0.00613737790843, -0.987814450324,  
156, 3004620.798454374, 89.51593521224177, 106.36802256911781, 88.04491174225161, 76.59240592878604, 0.811123272108, -0.418820583646, 0.408250359656, 0.296041889874, 0.895988920082, 0.331003103506, -0.50441871187, -0.147625112379, 0.85074590173,  
157, 2779505.690495544, 87.22205594899779, 96.09038204035042, 91.71029306891593, 75.29756929982453, -0.896557884706, 0.283848615654, -0.340020474034, -0.000474289882289, 0.767052112377, 0.641584625709, -0.442926330692, -0.575379023157, 0.687571992806,  
158, 2081077.2736829869, 79.20146212154872, 119.71183453100332, 84.21481081107659, 49.2803783747129, 0.905580507421, 0.423390198732, -0.0257814700338, 0.2948892481, -0.584712939217, 0.755745400295, 0.304900436101, -0.691990981393, -0.654357857549,  
159, 2899129.520315758, 88.45580440832013, 113.5357114208589, 102.57290310567255, 59.431114663831245, -0.975245188305, -0.0748278011931, -0.208080808478, 0.0911663322264, -0.993368216447, -0.0700591637162, 0.20145848842, 0.0872948264265, -0.975599349489,  
160, 2697372.2687249454, 86.35432483839281, 109.0682740779345, 80.83660383581103, 73.03747973516793, -0.894147480796, -0.436991858541, 0.0976647231841, -0.0909541679934, 0.39081685276, 0.915963714851, -0.438437705849, 0.810123634495, -0.389194135262,  
161, 1654047.1131800318, 73.36457771887834, 113.64340769295123, 81.48210556966356, 42.643493405444, -0.860182078521, 0.469936979117, -0.198106101494, 0.0963714555229, 0.531236675588, 0.841724501884, 0.500798696436, 0.704944558223, -0.502248778475,  
162, 2487350.1345657674, 84.05226828583145, 108.58184730454707, 89.82191053233203, 60.88478822898717, -0.163861768083, 0.612598139966, 0.77322237414, 0.475848908502, -0.637514383106, 0.605923450289, 0.864127963463, 0.467224710651, -0.187039922259,  
163, 3911692.38004059, 97.74443222696293, 113.39136508265808, 108.57891747030686, 75.84912823858065, 0.176738235078, 0.921439551988, 0.34599530097, 0.969433733414, -0.223746913143, 0.100675495416, 0.170181763947, 0.317626306988, -0.932819219532,  
164, 2874433.8356688954, 88.20392318672641, 105.48259005531705, 89.60085480728966, 72.60570873658403, -0.270517241235, -0.65397370754, -0.706497566903, -0.94413061581, 0.323714192446, 0.0618587253298, -0.188249309388, -0.683759834631, 0.705006869513,  
165, 3010394.7831033794, 89.57323949316209, 112.03214193869967, 97.16091599595111, 66.0238132312532, 0.241408353908, 0.100636775033, 0.9651913003, 0.686159722074, -0.721029999999, -0.0964394883095, 0.686226524165, 0.685556692486, -0.243115567005,  
166, 2991978.643293988, 89.39021049921854, 113.49495552505479, 89.89469563191494, 70.00986732059434, -0.913328805318, 0.300761352074, 0.274541622481, 0.359274489759, 0.277744175077, 0.890943328287, -0.191708983577, -0.912360006965, 0.361727636913,  
167, 2700887.48278388, 86.3918208577412, 116.33852816471104, 112.31160575681349, 49.34801421817196, -0.705097077063, 0.451193619868, 0.54704883631, 0.641548007429, 0.0772511067496, 0.763183084633, -0.302083210526, -0.889076253139, 0.34393189736,  
168, 3873240.730735661, 97.42310350220417, 122.34634812151687, 90.45900801746143, 83.54934494654039, 0.636967804253, 0.473334256434, -0.608462569129, 0.660613356359, -0.741962424913, 0.114375493075, 0.397318524291, 0.474812006696, 0.785297108459,  
169, 2900846.430977471, 88.47326260768537, 106.39995041646934, 89.81613671141348, 72.46700832034557, -0.7464665922, 0.459112622301, 0.481667132753, 0.65130028243, 0.652437807955, 0.387469803802, 0.136365570571, -0.602943203623, 0.786043207697,  
170, 2150197.676341852, 80.06878891857237, 103.02484616340462, 100.35567959953848, 49.648467526707506, -0.365691120574, -0.822029847632, 0.436505365299, 0.71160961879, -0.549224223867, -0.43813753818, 0.599901454223, 0.150398409298, 0.78581076838,  
171, 3036947.483144081, 89.83582439194481, 108.6104405383362, 89.6220128086814, 74.48389923092583, -0.739166542464, -0.663302369889, 0.116887931803, -0.631896313156, 0.743025312654, 0.220500417631, 0.23310914165, -0.0891254781535, 0.968357773358,  
172, 3284889.3786854716, 92.2169412983746, 111.29251822590248, 104.04862740041771, 67.72200614915934, -0.818704856155, 0.437200232861, 0.372261084314, -0.50254759418, -0.859183249663, -0.0961772274614, -0.277791781902, 0.265819675503, -0.923131424025,  
173, 3543505.347084359, 94.57612029028085, 107.91275743475423, 101.79373973181625, 77.01062060675021, 0.343663270735, 0.77932768335, 0.523969386808, -0.201597680021, -0.483720563724, 0.851688200952, -0.917198959745, 0.398324965568, 0.00912633811125,  
