# Void_ID, Void_Volume, r = (a*b*c)**(1/3.0), a, b, c, vector_a, vector_b, vector_c 

6, 2037142.6938246558, 78.64014044872673, 129.22324545406155, 84.85539973720272, 44.35194944039751, 0.683509649825, -0.718672860962, -0.127764930684, -0.481930181381, -0.575769615441, 0.660479106566, -0.548231574128, -0.389870066626, -0.739894230467,  
8, 4022831.8367131883, 98.66150963686371, 129.99505496165082, 104.29964971273843, 70.83266587921618, -0.842931113111, -0.536467396417, 0.0408640567094, -0.525932556264, 0.837621165191, 0.147599897985, 0.113411131779, -0.1029248085, 0.98820261029,  
17, 1015631.2643760692, 62.35660815749568, 124.7468628342295, 47.382546162622994, 41.02035598829453, 0.0449032904093, 0.997952297686, 0.0455511366881, 0.415250624333, -0.0601168304798, 0.907718505752, 0.908598158429, -0.0218444097248, -0.417099758167,  
46, 357079.43624795333, 44.01074738032643, 120.02980922702335, 45.621399288872134, 15.567487066400215, 0.710421617301, -0.690081276628, 0.138162792816, -0.511131995187, -0.640867658648, -0.572741414249, -0.483782191867, -0.336268457853, 0.808008858297,  
73, 1700715.41863036, 74.04817282759386, 104.65057544394323, 92.7209451242475, 41.843072717367534, -0.594182096939, 0.425678052706, 0.68245573565, 0.256331963886, -0.704020932231, 0.662305406343, -0.762391998887, -0.568465234139, -0.309201742569,  
77, 1984110.3667001647, 77.95172658159294, 120.30979950044215, 109.41539452002397, 35.983034339055656, -0.513105938492, 0.784807554913, 0.347562077385, -0.714858606636, -0.166611988119, -0.679130044935, -0.475078381325, -0.596923401424, 0.64651603571,  
81, 2623349.58430806, 85.55706008180238, 107.09651509978923, 97.99388948575158, 59.67510939911692, 0.489004637928, -0.120971951374, 0.863851984466, 0.469324454948, 0.871260839622, -0.143663166225, -0.735261191736, 0.475678816348, 0.482825686563,  
118, 2889798.907376625, 88.36080647977683, 132.52943273153608, 86.48679891592293, 60.18896163519036, -0.944494345004, 0.126291971903, -0.303283316536, 0.115134533818, 0.99185543039, 0.0544687463499, 0.307692169836, 0.0165270396428, -0.951342412374,  
157, 1771625.465327771, 75.06331986971189, 129.77269381648796, 71.83573033780453, 45.36902786433732, -0.380046287647, -0.78291328289, -0.49255620057, -0.25848134724, -0.421403791081, 0.869256140612, -0.88811722896, 0.457674159568, -0.042215533733,  
172, 428102.47973123327, 46.754101074632274, 107.34806459823938, 73.1196138084858, 13.020600869393745, 0.647715688513, 0.633326817026, 0.423510955808, 0.535596352183, -0.773844651915, 0.338084312312, -0.541849549583, -0.00784840991567, 0.840438854456,  
175, 1148096.5875163977, 64.95759526706426, 133.6798463916139, 68.44156984362252, 29.957386084590322, -0.454654023366, -0.459947389315, -0.76271758738, -0.865982880412, 0.428492917668, 0.257812859148, -0.208238732876, -0.777716026948, 0.593122594038,  
183, 2404902.3937726193, 83.11312563174239, 139.8817687229341, 77.92810347237017, 52.66882422073995, 0.422139670665, 0.17192719886, 0.890078163277, -0.590806827747, 0.796869204647, 0.126280493237, -0.687564826572, -0.579172261919, 0.437965866575,  
203, 381517.62993841164, 44.9926942908785, 109.88313652472651, 99.29685725751719, 8.347558117641697, 0.453149774486, 0.859648739652, -0.235922288685, 0.75062501324, -0.510723453313, -0.419194040671, -0.480850674723, 0.0128685139283, -0.876708064277,  
257, 940709.3723400076, 60.7839548867099, 135.83042219464284, 79.18672487714305, 20.87937189893338, -0.89520980982, -0.445322512112, -0.0169486461895, -0.415209403811, 0.847281405882, -0.331233105582, -0.161865831444, 0.289485888174, 0.943396720982,  
270, 3015818.8530414104, 89.62700431395614, 126.61827655591064, 78.95046339254696, 72.02206367598889, 0.18140389039, 0.545931209676, 0.817955831847, 0.611121624101, -0.714235336198, 0.341171870297, 0.770469330413, 0.437980591838, -0.463195436145,  
278, 928520.9689262279, 60.52029489684526, 110.3157123221204, 80.26665241846756, 25.034019271449107, 0.251070642976, 0.452410469855, 0.85573845245, 0.762869914589, 0.451680251026, -0.462616951968, -0.595812911618, 0.768966655713, -0.231726685453,  
284, 1189648.9669762836, 65.73198399597631, 112.97157724452418, 93.18316130729022, 26.978859735764498, -0.549891509184, -0.443646150792, 0.707670418355, -0.831359765569, 0.209192414008, -0.514858693347, -0.0803757943671, 0.871445137005, 0.483862692166,  
297, 971385.5847456767, 61.43761503346035, 109.30243398281874, 60.256373043338776, 35.21034049837202, 0.672126806114, -0.740237182709, -0.01716012347, -0.540308026959, -0.506176332611, 0.672199937748, 0.506273436501, 0.442531844774, 0.74017077344,  
309, 2037905.1607324942, 78.6499504349939, 132.23006229879672, 83.07066365752732, 44.291203079886955, 0.0357682829215, -0.490774949848, -0.870551881589, -0.022964472181, -0.871282912573, 0.49024353058, 0.999096223071, -0.00245659516464, 0.0424346814045,  
312, 1512384.3032152783, 71.2072997664798, 137.28085782631678, 59.89406461900122, 43.911652489157454, 0.727456760001, 0.650875184031, 0.217182313142, 0.597527187399, -0.756518193241, 0.265784656471, -0.337295008335, 0.0635745083296, 0.939249891798,  
313, 271734.50275856984, 40.180813510307225, 92.63531844677351, 44.433909518518035, 15.760320712506632, -0.977763866474, 0.0690195807609, -0.198025551101, 0.078073589626, 0.996212610832, -0.0382746472454, 0.194633851167, -0.0528841326907, -0.979449300622,  
327, 2142437.2437657192, 79.97234546300857, 111.30617730045292, 100.51228105746107, 45.71735576743527, -0.179836680174, -0.262196646095, -0.948109533356, -0.0625466230795, -0.958825179051, 0.277023818397, 0.981706009152, -0.109120093451, -0.156032422272,  
334, 2472369.3476587976, 83.88318533301438, 128.7618745981565, 106.07870889096974, 43.21248335793294, -0.956152745257, -0.248489472681, -0.154999708722, 0.0438499103923, -0.644748118928, 0.763136323665, 0.289567113284, -0.72287816754, -0.627373925023,  
351, 3012701.329930536, 89.59611048320404, 137.4180065418187, 85.03197631571453, 61.55191264986902, 0.784687213668, 0.619863097193, 0.0059764073599, 0.495892250236, -0.621908595601, -0.606069777231, 0.371963510122, -0.478538858878, 0.795389029144,  
381, 1340055.4749550715, 68.39295831125493, 101.10272650237158, 79.81248670468206, 39.646098737531084, -0.152236009337, 0.447306657981, 0.881329082231, -0.912141331886, -0.406938991785, 0.0489780321225, 0.380555368017, -0.796440462741, 0.469957658925,  
384, 1622981.7939569054, 72.90237545030111, 115.81274317592167, 69.2096957881171, 48.33945502743295, 0.89428744266, -0.372868139742, 0.24742538323, -0.331788264729, -0.181468070602, 0.925735322185, 0.300277400564, 0.909966312408, 0.285997889841,  
400, 2180633.388934396, 80.44480737032633, 104.75331678247554, 94.32018407951873, 52.68920256680477, 0.825953807627, 0.547737123993, 0.13335797939, -0.477528116043, 0.554061003848, 0.681896841467, -0.299611758873, 0.626897477276, -0.719188672693,  
409, 669572.4228179054, 54.27122814799619, 143.50612000934964, 96.13379946709301, 11.586770885986358, 0.53507783274, 0.663021707858, 0.523539805382, 0.731518878275, -0.673618377073, 0.105443884587, -0.422577618476, -0.326558565925, 0.845451157302,  
422, 1101864.1241606204, 64.07370114310802, 124.3149320688216, 75.030432643395, 28.201920630593477, 0.51282717173, 0.714153540108, -0.476437837589, 0.513230703643, 0.189841134402, 0.836991390952, 0.688187864448, -0.673754454412, -0.269169831866,  
449, 1728728.9458381617, 74.45252507314261, 109.00334657154217, 70.72478605385696, 53.533645728884174, -0.601100037411, -0.103013892173, 0.792506708517, -0.0161863556404, 0.993023425924, 0.116801016505, -0.799009854079, 0.0573812999595, -0.598573837968,  
465, 1519844.111678269, 71.32418404326134, 98.94305992501558, 93.91584916030953, 39.04686842687835, -0.435534040313, 0.754864268726, 0.490397833937, -0.660193142613, 0.102475292728, -0.744072462081, -0.611927376554, -0.647826172813, 0.453724735542,  
479, 2074780.0096952638, 79.12149449486178, 103.00093329498631, 87.31013017971878, 55.07793510649781, -0.938175415917, 0.312097526486, -0.149739850842, 0.339416853545, 0.744413086682, -0.575017700515, 0.0679932974518, 0.590291699364, 0.804321217651,  
483, 891188.2628763776, 59.698068906369144, 112.17641164252173, 73.5427025089324, 25.789309862474948, 0.365435289384, 0.805454633952, -0.466583199353, -0.422006882496, 0.590137088369, 0.68822119123, 0.829678998408, -0.0545989887936, 0.55556431673,  
488, 2174524.7595932307, 80.36962018081059, 107.65598087156948, 93.91880749279564, 51.34344625385903, 0.753391561737, -0.140333445008, -0.642423286405, -0.0510611408634, -0.98649748349, 0.15561322232, 0.655586694951, 0.0844348226694, 0.75038446554,  
499, 2184889.7597081196, 80.4971133336038, 126.1448444893442, 104.8663265820665, 39.43077917369778, -0.642031546402, 0.687989564346, 0.338328025406, -0.345588170713, -0.653615331171, 0.673317024233, -0.684371470539, -0.315368606886, -0.657402716836,  
527, 3327534.7709791036, 92.61428914407718, 112.80485960164161, 109.11516337206058, 64.53882828468218, -0.327592720698, -0.617287299254, 0.715289731175, -0.30373759202, 0.785683773396, 0.538929015192, -0.894665571339, -0.0407111581939, -0.444877642795,  
542, 3174648.244678345, 91.17357849279017, 131.26364863331682, 110.77677779969916, 52.12112753364023, 0.961848995283, -0.173845534348, 0.211244503978, -0.0353951734763, 0.686581146444, 0.726191098156, 0.271281573219, 0.705963214009, -0.654234093041,  
553, 2182331.7932715844, 80.46568698486747, 106.83243344238583, 90.77860933687262, 53.72117760361036, 0.739374643186, 0.492529459946, -0.45906412199, -0.303279440701, 0.852360797911, 0.426031279405, -0.601121217277, 0.175772015033, -0.779588019963,  
578, 3513028.254929689, 94.30419477605292, 128.89541144906067, 97.96151429511386, 66.420185850728, -0.852522986723, -0.334633788397, 0.401528062247, 0.112448715769, 0.63278792518, 0.766116654348, -0.51045062781, 0.698283373287, -0.501837112178,  
579, 547029.805066459, 50.73497609813606, 117.27628265658852, 52.828329906165756, 21.07877205801779, -0.726359075962, -0.102100937615, 0.679689555095, 0.0390910543327, 0.981167253952, 0.189163181523, -0.686202872508, 0.163970175064, -0.708688506645,  
585, 2312220.153517971, 82.0314127329825, 118.11381241918876, 77.2594901276299, 60.49062162867921, 0.705414863701, -0.690018164182, -0.162064194591, 0.478015900659, 0.294309683309, 0.827576346344, -0.523345649439, -0.6612539175, 0.537450079359,  
597, 1148060.1930294896, 64.95690887785358, 130.35616452990683, 89.98018411325967, 23.366711596144885, -0.111619566256, -0.971287604719, -0.210098694304, -0.456789482676, 0.237908181082, -0.857171549861, 0.882544299707, 0.000293757279555, -0.47022917047,  
639, 2027824.771886156, 78.5200567709957, 132.71663677881384, 80.097399174934, 45.54052498687595, 0.803003288213, 0.532353864367, 0.26792738235, 0.451481658281, -0.836841043365, 0.30961489043, -0.389037313578, 0.127657476212, 0.91233411501,  
641, 1596989.26189273, 72.51109478354333, 131.57508856002974, 89.45030077206965, 32.39350268333525, 0.377564080796, 0.903491188321, 0.202852255395, 0.376264328291, -0.349859037268, 0.857918299897, 0.846091319036, -0.24759306668, -0.472045710905,  
676, 1342196.6787626036, 68.42936609104757, 120.21227415071347, 102.58365051074547, 25.983675731365558, 0.918382114868, -0.24428312515, 0.311287721983, 0.227780983153, 0.96964434818, 0.0889137883319, 0.323558518362, 0.0107514096123, -0.946147077566,  
678, 1501034.860310806, 71.0287311252489, 130.20143190261913, 73.56825647015124, 37.410709533750236, -0.983639031091, -0.068958560994, -0.166430085563, -0.113776000998, -0.478481490466, 0.870695403042, -0.139675617457, 0.875385732205, 0.462807240372,  
703, 720833.5122794188, 55.62227995966498, 129.17671572951585, 48.2196901980195, 27.62725304773114, -0.200644083993, -0.48234866688, -0.852690867265, 0.229426324652, -0.869321747383, 0.43777078601, -0.952420869739, -0.107793613383, 0.285087747542,  
715, 806028.2635994632, 57.73252520111937, 112.46821467883498, 91.18824048565504, 18.762600189296947, -0.269171477352, 0.152020230205, 0.951018698759, -0.690513302625, 0.65789705612, -0.300604129124, -0.671370311139, -0.737605120072, -0.0721151313168,  
726, 2191611.2273650756, 80.57957437623305, 120.0767732505894, 71.96257084659482, 60.54931418104459, -0.870349822238, -0.101966268522, 0.481761421259, -0.468014848425, 0.475538061465, -0.744866198556, 0.153144665539, 0.873765662052, 0.461606194971,  
735, 1099989.9938663447, 64.0373534641157, 134.84919684510442, 90.68780185494596, 21.47350243423646, 0.37366045447, -0.14026122423, -0.916899478538, 0.598736232784, 0.791456519972, 0.122928843425, 0.708443920376, -0.594914587123, 0.379715479947,  
739, 1606990.722496724, 72.66215156325794, 143.41850062350093, 81.56201859691015, 32.796810966285264, 0.214474228927, -0.711745605985, -0.668893861152, -0.791229206878, -0.528134858245, 0.308269222741, 0.572675429287, -0.463132555396, 0.676425227814,  
764, 596142.601693088, 52.21001882075876, 128.61339336352736, 57.28956127062694, 19.3152287567433, -0.556555389537, -0.591828975677, 0.583081951295, 0.024015221171, 0.690069702197, 0.723344368376, -0.830463345085, 0.416584048732, -0.369849108168,  
808, 1008385.6500872994, 62.20796804587402, 99.18943980094541, 54.618690375177536, 44.435628518967384, -0.408709399294, -0.755271043818, 0.512369278255, -0.912079758808, 0.358102944832, -0.199681732952, 0.0326671165067, 0.548933448856, 0.835227470948,  
814, 1678379.303944997, 73.72257604341173, 121.13577277548264, 85.4218082685777, 38.722227435896166, 0.807441816104, -0.298615148408, 0.508789452276, -0.428516061833, 0.295890660525, 0.853711134849, 0.405477124333, 0.907346521543, -0.110953104903,  
893, 1965949.7262142478, 77.71316549810423, 119.34901510865201, 83.03624842245493, 47.358423781766874, 0.796491003524, -0.526345298285, -0.297594872736, -0.367075141613, -0.812019651104, 0.453739932815, -0.48047676501, -0.252160094374, -0.839974621695,  
895, 792773.4610729378, 57.41431195269075, 82.45426559695521, 57.36331950196488, 40.01410348062585, 0.715272492625, 0.186199164777, 0.673583797556, -0.449016373275, -0.616129499669, 0.647123431942, 0.535508690709, -0.765319744077, -0.357094009333,  
910, 1270397.56476136, 67.1867573425729, 114.25544442187727, 77.74495022022988, 34.14302134146195, 0.746554829268, -0.498732354855, -0.440365672048, 0.411840043649, -0.173421380415, 0.89460203625, -0.522535802931, -0.849229688033, 0.0759293857452,  
921, 957360.9545061045, 61.14050674217208, 121.80851509079757, 78.92558941256794, 23.77341758493018, 0.0186748060962, -0.925497873851, 0.378292131974, -0.988222894731, -0.074559993503, -0.133627533459, 0.151877457006, -0.371341477437, -0.915990581386,  
922, 51783.08349660513, 23.12241009100215, 112.58404671279897, 83.63513610858413, 1.312906127900816, -0.730692333323, 0.642973303489, -0.229508267877, -0.376357921374, -0.0988890805451, 0.921181667625, -0.569599358358, -0.759477636767, -0.314245589004,  
924, 1727403.0913014824, 74.43348633270898, 140.64896926273178, 98.56368923974917, 29.74757571427529, 0.417332706491, -0.398119086541, 0.816905505566, 0.152130054928, 0.916850709182, 0.369108687869, 0.895929605762, 0.0297652482652, -0.443197666414,  
925, 3034333.6909194137, 89.81004416606085, 108.61896551194971, 87.29304222895314, 76.39931037347853, -0.873646066055, -0.366183519809, -0.32039379065, -0.140102846308, -0.441272622349, 0.886368808804, -0.465954658442, 0.819260704895, 0.334212737177,  
930, 662771.113493364, 54.08684565504053, 107.71494669615883, 68.18165379543072, 21.54425398665624, -0.934423056025, -0.355015895401, 0.028587871236, -0.335261986868, 0.903837472784, 0.265851881604, 0.120220433082, -0.238833701148, 0.963589907931,  
933, 3182616.440613956, 91.24979501734616, 130.1290496845321, 95.15303944997001, 61.361895821040086, 0.365379628003, 0.0415810710668, -0.929929428489, 0.743571143946, 0.587956799927, 0.318447413727, -0.559999715474, 0.807822886497, -0.18390895226,  
939, 2844214.244227585, 87.89373080589382, 151.7809408134528, 80.595743290968, 55.506565049256054, 0.605496051949, 0.694045439629, -0.389455336084, 0.659043742189, -0.162949873466, 0.734240209072, -0.446134370964, 0.701247649884, 0.556071808832,  
1009, 1511088.2093866505, 71.18695270735678, 134.1596394455129, 71.97075747271741, 37.361409459529895, 0.694253567437, 0.691357541582, 0.200091813423, 0.646493609278, -0.476841118796, -0.595540561665, 0.31631945445, -0.542814238136, 0.778006880184,  
1025, 3637450.8816005234, 95.40464270202894, 113.73995536565877, 105.31657162266056, 72.49344885691339, -0.420403527162, 0.899214437681, -0.12113739892, 0.206065809, 0.224643264421, 0.952403426134, -0.883627612013, -0.375431483519, 0.27973817128,  
1066, 1139411.461855547, 64.79338333239744, 106.48896567075627, 80.71647576612544, 31.64646275551646, 0.423643623501, -0.888594318241, 0.17585851659, -0.856353432721, -0.329600805774, 0.397519945537, 0.295270856222, 0.319003834496, 0.900584074389,  
1081, 1416708.57806554, 69.67291344862223, 150.76781894406676, 86.97718793823707, 25.791577129388262, 0.323274642101, 0.0886953817864, -0.942139392566, 0.823891651773, 0.463373924046, 0.326323693061, -0.465506231874, 0.881712955425, -0.0767216548505,  
1092, 614587.7515091535, 52.743032605470695, 129.28144880597458, 55.82200694374406, 20.330760977990668, -0.95440106544, 0.28576411965, 0.086356668574, 0.259462195852, 0.650977824529, 0.713377348179, -0.147641373639, -0.703254392018, 0.695438915288,  
1097, 2211130.6353434757, 80.81809280849512, 116.26572813447208, 103.29143546239578, 43.955149726471326, -0.419904019514, 0.827945374544, 0.371735216473, -0.295412387844, -0.511976263837, 0.806605124193, -0.858144588927, -0.228881545865, -0.45956621118,  
1112, 832795.8860684803, 58.364663678031675, 87.07160765936814, 54.42317940017302, 41.95555679208162, 0.0851090132422, -0.338673301353, 0.937046877598, -0.86930040335, -0.484818365728, -0.0962702497539, 0.486901699114, -0.806381762693, -0.335671250179,  
1123, 1177688.0319255148, 65.51094800210636, 131.85738183012043, 74.40266655053095, 28.658186426635005, 0.153696380875, -0.204729935969, -0.966676303539, 0.937133790402, 0.340389879443, 0.0769089647541, -0.313301262992, 0.917725657967, -0.24417603346,  
1152, 1530273.7036751504, 71.48696104907008, 104.6400622047578, 91.83333028679706, 38.01737991824316, -0.420793302094, 0.852787817135, -0.309331433674, -0.621434036346, -0.51939671011, -0.586555023844, -0.660872707398, -0.0545893439463, 0.748510032093,  
1154, 1510530.6520825985, 71.17819617285872, 107.13537311453928, 71.46970872320415, 47.09621816953348, 0.345848580449, 0.769877120927, -0.536356204471, 0.857831978779, -0.0278422384422, 0.51317551183, -0.380148728243, 0.637584526499, 0.670054412704,  
1162, 2513844.0446652477, 84.34964140618334, 139.03019769354654, 78.84133321158514, 54.75031496973436, -0.850534669001, 0.522968851781, -0.0556269439603, 0.09077081994, 0.250157928209, 0.963940697969, 0.518026481055, 0.81481567917, -0.260238302147,  
1181, 473899.3360968469, 48.36514531793698, 120.0591594326148, 46.02608807114812, 20.473784531472344, -0.188518165629, 0.960083397344, -0.206641649658, 0.119326122455, 0.231248491863, 0.965549279691, 0.974793402587, 0.15736583224, -0.158157570529,  
1188, 624778.4412113506, 53.032952793674994, 121.3022203411974, 61.533026198293946, 19.982986792322095, 0.242085588846, 0.870134587075, -0.429255597574, 0.851128601582, -0.402846279879, -0.336593194163, 0.465805400615, 0.283867354874, 0.838119713164,  
1230, 2248596.311951431, 81.27200266773451, 138.42021573278524, 67.72225910853805, 57.26535085149983, 0.8006987079, 0.0861227894674, -0.592844367689, -0.34877403963, 0.871619702703, -0.344435426662, 0.487071091779, 0.482557726074, 0.727942162922,  
1246, 1854959.7349712914, 76.22228416812293, 115.23824586752089, 89.29132131322274, 43.036801707104026, 0.811514376055, -0.475607708637, 0.339472716047, -0.506123419538, -0.281765591357, 0.815136329532, 0.292033391329, 0.833309941745, 0.469373027918,  
1248, 587786.4435683624, 51.96492666493497, 113.8507529018518, 57.58663165109808, 21.40293697500333, 0.0986652223331, 0.562603594646, 0.820818109689, 0.814188106808, -0.51989246527, 0.258475436527, 0.572156360302, 0.642797806349, -0.509360461284,  
1252, 1721096.860894445, 74.34279777543057, 105.22621298332196, 73.3714301578134, 53.218885822147335, 0.892922431139, 0.362511500462, 0.266973676608, 0.361833720486, -0.224992593819, -0.904684857531, 0.267891565167, -0.90441348108, 0.332069818793,  
1257, 4128193.46514135, 99.51544229825845, 122.53983261479253, 106.40722334640161, 75.58281093659255, -0.828321007714, 0.056915719504, 0.557355280816, 0.385110928848, -0.664691722687, 0.640214406487, -0.406907705337, -0.744946652227, -0.528659251951,  
1273, 2135256.265335649, 79.88289554537907, 101.82928627734032, 84.88901517563902, 58.97082458525559, 0.176145494357, -0.447769781347, 0.876627051676, 0.0601057511989, 0.893782379997, 0.44445512246, 0.982527385619, 0.0255984398029, -0.184349278244,  
1286, 1339026.5204126353, 68.37544877128025, 113.79895360128234, 66.94739894646797, 41.95933458279457, 0.183189834851, -0.974562268362, 0.129111848772, 0.700248055894, 0.221536272366, 0.678656275476, -0.689995756961, -0.0339126099297, 0.723018526916,  
1295, 3606694.052380466, 95.13498005301044, 106.68769967006071, 96.88429944091848, 83.30152264659989, -0.293113515011, 0.101045189096, -0.950723060138, -0.0914460352915, -0.992803396716, -0.0773242400445, 0.951694325899, -0.0642750747149, -0.300244275254,  
1296, 2674837.844780219, 86.11317789869571, 104.79316359645823, 96.50628307903216, 63.14228719425258, 0.361926350165, -0.429028120688, 0.827613550345, 0.400967918936, 0.873123784212, 0.277271681619, -0.841566423427, 0.231494555233, 0.48803301718,  
1299, 3564709.979866346, 94.76439571123936, 154.98155570725828, 92.24506508456292, 59.526786068639915, 0.681249077763, 0.541718146369, 0.49238312719, -0.297658474056, -0.409514249426, 0.862378984171, 0.668804251534, -0.734056897939, -0.117734207935,  
1325, 2131965.7773718005, 79.84184054449342, 147.14028088245058, 91.94511103868106, 37.62109200294001, 0.501135352473, 0.707453996418, 0.498369543063, 0.818774786527, -0.574052954794, -0.00842935583734, -0.280127127301, -0.412276664442, 0.866923724734,  
1327, 2205366.793913007, 80.7478077982172, 110.49735895158767, 72.05814445693211, 66.12371561359441, -0.709125417125, 0.657554425149, 0.254486386187, 0.675651818461, 0.736911199867, -0.0213659476974, 0.201583141651, -0.156793053028, 0.966840305079,  
1330, 3611834.3840516955, 95.18015468337086, 130.95124927331636, 107.37859478678595, 61.321371071330816, -0.995007692354, 0.0428171539565, 0.0901464557498, 0.0921636170774, 0.0477363857878, 0.994598967001, -0.038282631106, -0.997941846401, 0.0514442548457,  
1335, 3877054.613665732, 97.45506970729905, 133.93192146033002, 101.48831835749917, 68.09467532238571, 0.202314241185, -0.969941779654, -0.13521054654, -0.0275129353146, -0.143640520085, 0.989247410601, 0.978934107182, 0.196418800199, 0.055746468267,  
1353, 233462.3365407174, 38.19818603114744, 86.91535924431322, 49.312016639994205, 13.004058821095324, 0.588677331209, 0.0297514960156, 0.807820430669, -0.458978654163, 0.834921281039, 0.303718701253, -0.665430383093, -0.549564648566, 0.505154533092,  
1376, 1125547.444720377, 64.5295147070904, 145.93843683307009, 77.65370583546964, 23.710642403622682, -0.728858292669, -0.512975646182, -0.453455152833, 0.0984635846084, -0.733952297085, 0.672026002555, -0.677547423959, 0.445162905045, 0.585456639094,  
1385, 1632157.3423434664, 73.03950219629391, 110.16147390750861, 74.15201709958647, 47.70025563496176, 0.688340694517, 0.0606502430837, -0.722847588559, 0.637928809305, 0.423744565457, 0.643029841846, -0.345302653524, 0.90374890941, -0.25299009113,  
1394, 95244.23449371508, 28.33022532901643, 145.4451414377799, 24.952377195563205, 6.265257731711795, -0.723364346942, 0.463744074586, -0.511552006017, 0.233278567374, 0.861457398308, 0.451078996301, 0.649865471907, 0.206960344477, -0.731329121693,  
1405, 1387351.042897045, 69.18828811148897, 119.39488894481785, 82.78616033184305, 33.50844539870679, -0.976749615383, 0.0552389498955, -0.207144508169, -0.0451471022949, 0.891565911565, 0.450635067976, 0.209575590192, 0.449509603624, -0.868342782688,  
1407, 735025.6031615775, 55.98494887422373, 114.70790075723521, 85.09703743983236, 17.976539156234686, -0.76545588743, 0.57777359999, -0.283293048896, 0.639258654405, 0.632373648141, -0.437552216205, 0.0736590603169, 0.516024453192, 0.853400906105,  
1413, 852656.0160161067, 58.82497488650756, 116.99391560239489, 55.187693331027596, 31.526788453282528, 0.813119162981, 0.563543225909, -0.145795265099, 0.501549195668, -0.551149071161, 0.666845638573, -0.295441417406, 0.615348465416, 0.730794523099,  
1417, 829056.3448650289, 58.27717342625284, 101.7306406800556, 59.4176714632914, 32.74372093862363, 0.689990196406, -0.678778330216, -0.251343405111, -0.335006629407, -0.607292930532, 0.720392847535, -0.641626127209, -0.41286229539, -0.646421408934,  
1422, 2228559.015179729, 81.02987643793867, 122.62458316043308, 99.77759788505483, 43.48354488958801, -0.589953589352, 0.536180823942, 0.603709273117, 0.805017134602, 0.448430830932, 0.388403402234, 0.0624673947539, -0.715136290442, 0.696188128803,  
1436, 470034.73841000925, 48.23331547504805, 98.6107861178976, 70.34006297352865, 16.177602979728206, -0.525773462391, -0.688036709267, 0.500167724816, -0.835993530634, 0.30937325397, -0.453214084585, -0.157089410794, 0.656424920634, 0.737854484697,  
1438, 1568662.3076211803, 72.0798073682358, 109.96526133783028, 64.17982360066745, 53.062391823644276, -0.683444396907, -0.679478307663, 0.266857613256, -0.699853465137, 0.713841262684, 0.0252146589425, 0.20762678939, 0.169528407961, 0.963406059365,  
1443, 883673.1299702242, 59.52978948178573, 134.79689137095522, 72.44266022186306, 21.603731617725096, -0.24617987774, 0.63775027987, -0.729842481856, -0.0511804189433, 0.743412831595, 0.666871746693, 0.967871909145, 0.201524049053, -0.150372953488,  
1445, 1520104.8591358862, 71.32826264932088, 123.69608318331353, 84.97110468535752, 34.5269110200111, -0.91541670247, -0.0695069846767, 0.396460641073, -0.402041435416, 0.110511199545, -0.908927917375, -0.0193634978081, 0.991441402129, 0.129108485764,  
1446, 3593497.3747613207, 95.0188071821787, 124.77458331645992, 95.00508911711094, 72.36952543302888, -0.869196477582, -0.213346189422, -0.446072737139, -0.490502696551, 0.486026741412, 0.723315360896, -0.062486702867, -0.847503044297, 0.527099612856,  
1459, 1099219.778304088, 64.0224036061217, 89.32703803739727, 73.62192287891232, 39.90302633985913, -0.166404859611, 0.484109892033, 0.859038436354, 0.863124552345, -0.349730430286, 0.364286471435, 0.476786566334, 0.802076204963, -0.359650290694,  
1461, 618747.718307038, 52.86176589610004, 92.46444459529985, 55.25660014067293, 28.911197195130185, 0.837648374108, -0.424154326973, 0.344148671746, -0.153623818891, 0.421686104535, 0.893633342882, -0.52416116188, -0.801419949934, 0.288064472339,  
1481, 636064.6733063245, 53.35038471173184, 111.08246202320854, 64.77849474427077, 21.10261703288582, 0.393804946709, -0.274010096356, -0.877403060767, 0.290871129957, -0.868335703486, 0.401730123104, -0.871958513752, -0.413414529433, -0.26225326909,  
1483, 2591197.9582417714, 85.20609483167259, 115.72112483360758, 103.88936840876046, 51.45507683704182, -0.94664319917, -0.321679925063, -0.0197149506166, 0.00753851427307, -0.0832573651151, 0.996499564454, 0.32219532006, -0.943180914229, -0.0812400071735,  
1494, 1320394.24401521, 68.05682290083679, 139.99813653091098, 85.49168004702172, 26.3371578360399, -0.151265438885, 0.598582160664, 0.786649962775, -0.935532344166, -0.34368164391, 0.0816220598733, 0.319214661345, -0.723589887004, 0.611980126645,  
1502, 2586214.0531735094, 85.15143135827195, 109.86758974366899, 82.01936204533013, 68.51566446287475, 0.612274862837, 0.773519679763, -0.163666726485, 0.608149113868, -0.32846745321, 0.722678204655, -0.505246620613, 0.542011473312, 0.671527672668,  
1506, 450370.4433320566, 47.5510842351983, 116.19974627629077, 66.86311158287735, 13.838515634622789, -0.0404681432207, 0.566338233214, 0.823178798916, -0.316792798075, -0.788621777444, 0.526989577913, 0.947631074033, -0.239450825309, 0.211325932593,  
1507, 2490037.7524953308, 84.08253062084304, 149.00177825396565, 91.74488230997535, 43.48545543914139, 0.150117633111, -0.552511453927, -0.819875471952, 0.408726900604, -0.720407382588, 0.56031734208, -0.90022609213, -0.419218673716, 0.117680442962,  
1540, 1925299.3294747565, 77.17379968034548, 118.55322185701208, 106.42951404262065, 36.427906235798105, -0.852773147701, 0.238018589355, -0.464892578648, -0.461348269802, 0.0739480356906, 0.884132038763, -0.244817753668, -0.968441448482, -0.0467485652176,  
1544, 2302421.285804794, 81.9153694103246, 112.14223418804524, 94.79570290776167, 51.70568867527386, 0.221412536551, 0.674097658648, 0.704676404645, -0.965954253591, 0.052440402407, 0.253342424724, 0.133824021117, -0.736778359346, 0.662758463221,  
1553, 906206.3763529629, 60.03154233982539, 112.92024973362307, 66.98826565414524, 28.600125608181244, 0.24040856984, -0.960754540313, -0.138399540514, -0.713355079744, -0.078179496176, -0.696428385824, -0.658276727335, -0.266155367492, 0.704154152586,  
1574, 1759287.9126155914, 74.88866749293301, 128.07736749380473, 75.6238039401087, 43.36280804895705, -0.504022897596, -0.40773383692, -0.761389543486, -0.836670145792, 0.449275734395, 0.313264076497, -0.214345482431, -0.794924167902, 0.56758398625,  
1581, 419004.40649336705, 46.42051920595441, 110.43884665356782, 87.37990505591864, 10.365650222863067, 0.0883312571797, 0.133659036991, 0.987083000986, -0.971483269797, -0.207346498683, 0.115011677614, 0.220040554237, -0.969093747433, 0.111532341393,  
1604, 1961961.6806502214, 77.6605813376424, 142.1131507838215, 69.20059533944426, 47.627502942884455, 0.394168880407, 0.831822244025, 0.390771861915, 0.814999667099, -0.512884805766, 0.269675209545, -0.424742788459, -0.212181361953, 0.880098081632,  
1605, 617466.2049909408, 52.82524596115831, 97.56033167588748, 54.29408384196689, 27.829077242540077, -0.305078281407, -0.76304852979, 0.569810655744, 0.064757494677, 0.580328075225, 0.81180403546, -0.950122996826, 0.284563290483, -0.127632380736,  
1608, 686561.6938365989, 54.72641336123996, 106.02438394320053, 59.98527085032661, 25.771552258302325, -0.772736137288, -0.631472922376, 0.0641935388958, 0.166800421889, -0.104445649776, 0.980443127112, -0.612418550819, 0.768331344245, 0.186038877828,  
1620, 299037.7752785522, 41.48385885277435, 119.87105343648982, 43.5732431532419, 13.667945429246332, -0.062440126467, -0.497581040322, -0.865167231764, 0.191705077764, -0.856696603827, 0.478873774758, -0.979464340222, -0.135956012387, 0.148881056316,  
1622, 1168730.4551596907, 65.34443150400075, 114.75130876134405, 86.0922968678483, 28.24254372803654, -0.582274904557, 0.262911502984, -0.769307140953, 0.799552749944, 0.356532229637, -0.483322014072, -0.147211873095, 0.896527919715, 0.417811385186,  
1624, 2936174.559408041, 88.83097331985925, 107.55442021857753, 87.70836822693711, 74.30601438949357, 0.312675598689, 0.382613364257, -0.869391156774, 0.631111196189, 0.600357543133, 0.491191895748, 0.70988212263, -0.702266212982, -0.0537544237673,  
1626, 1013541.1919630361, 62.313804128274185, 121.45538757182662, 76.77124395813276, 25.95000420726861, 0.290493483071, -0.865513106345, 0.408044849299, -0.805248236434, 0.00923901921254, 0.592865851812, 0.516903099249, 0.50080106157, 0.694269027623,  
1635, 2589304.6867152676, 85.18533769139543, 124.4063794259673, 90.45389560893605, 54.93190009392929, 0.0457895502673, 0.445230443578, 0.894244468363, -0.901071216276, -0.368041866431, 0.229381445964, 0.431247006117, -0.816281224006, 0.384331865775,  
1641, 561748.2983588551, 51.18598346861806, 88.308615783106, 77.71162026980022, 19.54177978224542, 0.641409376622, -0.737308602774, 0.212061396431, -0.747167513613, -0.537575145868, 0.390837138904, -0.174168648678, -0.40913199193, -0.895698774699,  
1651, 1033830.4302189646, 62.72686278364851, 94.52605591804601, 73.84317350350017, 35.358905365805356, -0.122556691882, 0.112872850194, 0.986022097604, 0.956363806768, -0.25208143173, 0.147726845501, 0.265232212183, 0.961100760309, -0.0770532423342,  
1656, 2046017.6974039779, 78.75417606035366, 110.43982317686552, 78.32914270447517, 56.46400775490684, -0.977513330217, 0.187518005455, 0.0964608048764, 0.209749240346, 0.817437484628, 0.536471075547, -0.0217473083672, -0.544640208169, 0.838387797039,  
1658, 3045043.743458, 89.91558527476275, 128.50850326247516, 82.79605844666142, 68.32244484470513, 0.278905981306, 0.31501377728, -0.907181224296, 0.410435215125, 0.814938277898, 0.409168104086, 0.86819029468, -0.486458552541, 0.0979984126557,  
1664, 3454061.693359097, 93.77357940542038, 122.19223409635413, 102.3673358910075, 65.9229259122635, 0.137442223079, -0.940783033898, 0.309898238855, 0.112836995632, 0.325701813891, 0.938715154264, 0.984061709311, 0.094051111416, -0.150920312449,  
1666, 302596.92075311916, 41.64779038978393, 136.21734948038508, 90.02255276206095, 5.891042358272998, -0.513038958499, 0.592792811958, -0.620796028622, 0.83924779684, 0.194628140431, -0.507723371976, 0.180150388733, 0.781483569272, 0.59735187988,  
1667, 1962847.795326401, 77.67227130827185, 119.4683645017173, 67.07635153192754, 58.47573169768703, -0.816812863419, 0.57660205905, 0.0186228798036, 0.541002780793, 0.776794040515, -0.322346102497, 0.200331568475, 0.253221413232, 0.946438681877,  
1675, 1394106.758992627, 69.30041060659474, 122.7024787793419, 86.53415393580057, 31.344874505108102, -0.396372561358, -0.729053500568, 0.558005184485, -0.0323012254871, 0.618487252813, 0.785130657241, 0.917521347672, -0.293179998324, 0.268700698079,  
1681, 708672.7965424071, 55.30771516766586, 96.6188338127357, 85.84779637115798, 20.39699595453505, -0.0845378372795, 0.89961845036, 0.428415683466, -0.937858326013, -0.217066269245, 0.270747105403, 0.336563685498, -0.378904840993, 0.862064966854,  
1685, 1235474.929520327, 66.56538413627084, 104.09533975030389, 72.14127191723162, 39.276270797307234, -0.631591815246, -0.534396742561, -0.561704460063, -0.753163176928, 0.594805542119, 0.280983266377, -0.183948383613, -0.6005218469, 0.778162260433,  
1700, 2895574.258340073, 88.41963122875765, 143.17673300388165, 72.20428236394332, 66.86682362404781, 0.570527065939, -0.444285445237, -0.690730996975, 0.518615572886, -0.457247108232, 0.722470047527, -0.636817677669, -0.77041256815, -0.0304585003625,  
1703, 2714048.4913041694, 86.53191822286703, 113.37128812758866, 76.3675547968784, 74.83711332336946, 0.52757101297, -0.533954278358, -0.660728124796, -0.637879491945, -0.762665992363, 0.10700625145, 0.561051316752, -0.365011524087, 0.74295895395,  
1710, 499974.6703020841, 49.23641963496337, 108.587873766466, 86.10144652349001, 12.76637555744931, -0.763137803816, -0.159463430108, 0.62625243061, -0.0307706310723, 0.976944533925, 0.211264161414, 0.64550279678, -0.141953485666, 0.750450096447,  
1722, 1094812.3998599895, 63.9367219448115, 110.86769056930557, 100.05425651214873, 23.561911916856335, -0.463939917414, -0.834175775294, -0.298178686264, 0.709528243965, -0.55144031367, 0.438729132239, -0.530404962312, -0.00802224227465, 0.847706446586,  
1728, 1989792.543585729, 78.02606944503306, 120.47570051364494, 96.23381171359145, 40.97246015074335, -0.166950370544, -0.949788807996, 0.26462954102, 0.0754674306197, 0.255299239089, 0.963912322484, 0.983072856248, -0.180896430938, -0.0290558184053,  
1729, 2678661.054823183, 86.15418624535822, 115.19027760272677, 85.61358003237017, 64.84413052844246, 0.0616495183985, 0.79576940529, 0.602453641773, -0.452486210753, -0.515727258305, 0.727517439049, 0.889637884737, -0.317453065264, 0.328280345733,  
1744, 1160464.1171237428, 65.1900081905094, 135.1505377349012, 93.95967261411518, 21.816437484981027, -0.150938206361, -0.0202780056989, 0.988335196351, 0.969095516657, -0.200374395814, 0.143888780306, 0.195119290323, 0.979509522152, 0.0498954763143,  
1745, 3595996.391456365, 95.0408283070121, 115.75543633999193, 94.30586154520589, 78.64127654735164, 0.53892221035, -0.0847363901585, -0.838082690058, 0.271057067902, -0.924565387015, 0.26778146141, -0.797553081075, -0.3714816137, -0.475300424522,  
1762, 1939289.3172939566, 77.3602738779829, 114.11055533114038, 76.35336628078088, 53.13736172402502, 0.860782037555, 0.429556274361, -0.273012254266, -0.182325379591, 0.761037686656, 0.622558507649, 0.475196527533, -0.486110117819, 0.733406581355,  
1765, 850409.5275718231, 58.77326749533217, 99.51542241551255, 86.34194675115866, 23.62801732309034, -0.265129808604, 0.882223625523, -0.389085670719, -0.573695374755, -0.468663727592, -0.671735012802, -0.774970839177, 0.0451196742982, 0.630384337858,  
1768, 1661591.4722621164, 73.47595087233363, 132.5880732574783, 96.96111480000675, 30.855570853438685, -0.975211133317, 0.155759297945, -0.157169610797, 0.213896673001, 0.845476633699, -0.489303050418, -0.0566697338412, 0.51079183918, 0.857834621762,  
1789, 1577448.8092920692, 72.21413637111243, 139.77587805741857, 66.73869748325396, 40.36981040273159, -0.637437636529, 0.0509904313718, 0.768812874141, 0.0493049172347, -0.993063399725, 0.106743193049, 0.768922808006, 0.105948383821, 0.630501907446,  
1795, 887765.4457549236, 59.621542714675236, 108.69974193311901, 67.96950962451638, 28.685800790701137, -0.194215229793, 0.82902350621, 0.524404872849, 0.713393776123, -0.247563547377, 0.65557731062, 0.673312531226, 0.501430270488, -0.543339598348,  
1801, 1597212.0553995012, 72.51446659705041, 96.01065091003166, 81.37224588820683, 48.8065661527181, -0.57485225509, 0.709023056744, -0.408449739655, -0.64815611546, -0.699240874374, -0.301588875121, -0.499438219212, 0.0913701516424, 0.861517823715,  
1806, 1733661.6331201838, 74.5232711314345, 88.73169719591908, 72.01555279104642, 64.76951449828589, 0.673513971089, 0.327483184647, 0.66267163401, 0.330421302006, -0.935331340282, 0.12640034441, 0.661211534934, 0.133828426202, -0.738166145533,  
1809, 2124177.343521125, 79.74449663252973, 99.7100984214139, 88.86667080585701, 57.23004765153716, 0.393082262975, 0.918230810174, -0.0483581821587, 0.791935515733, -0.364804072892, -0.489648983786, -0.467252044891, 0.154175768682, -0.870577600732,  
1811, 2773746.6783507275, 87.16177422283454, 114.65626668144144, 97.39096368457787, 59.30096027132515, -0.784840886392, 0.470794048473, 0.402961222663, 0.526380397502, 0.16331345645, 0.834417396791, -0.327029754264, -0.866995777882, 0.375991836297,  
1821, 1368533.9765939831, 68.87405582323372, 129.87857382275035, 67.35568589533356, 37.346955205008264, -0.923347545568, 0.0138349216382, -0.383715917101, 0.371524295143, -0.22013709889, -0.901947534955, 0.0969484822564, 0.975370828268, -0.198123040439,  
1829, 2731182.361360814, 86.71362924588031, 106.01085540069278, 88.48484961932587, 69.50928700209217, -0.450371045671, -0.0884684151035, -0.888447669112, 0.886836445483, -0.159541236587, -0.433667744698, 0.103378141718, 0.983219168526, -0.150309768337,  
1839, 2719559.5868618507, 86.59044864955563, 135.09051510849957, 85.90942957804728, 55.942809913031965, -0.996058279285, 0.0234942385304, 0.0855331808364, 0.0772825077736, -0.243415767947, 0.966838237715, -0.0435352530754, -0.969637450118, -0.2406405973,  
1842, 1967073.1689189565, 77.72796575173376, 138.90806698651156, 78.92672926621499, 42.833181307827765, -0.0489750080319, 0.378404696965, 0.924343731468, -0.600731972652, -0.750512252117, 0.275413246694, 0.79794896179, -0.541794467244, 0.264076143644,  
1845, 2753416.471284654, 86.94830075428911, 129.01083213904084, 83.02108123527478, 61.37178219923294, -0.0295237865341, -0.143495559563, 0.989210478318, 0.299499530389, -0.945443166854, -0.128207837301, 0.95363954266, 0.292482892892, 0.0708899149404,  
