# Void_ID, Void_Volume, r = (a*b*c)**(1/3.0), a, b, c, vector_a, vector_b, vector_c 

0, 2659128.0195882325, 85.94426048052824, 149.50707542113412, 103.4992103547014, 41.02530840076529, -0.983263911198, 0.117407217269, -0.139311256792, 0.0707447814039, 0.950708415868, 0.301908403165, 0.167890609743, 0.287000092911, -0.943103223316,  
63, 1006239.6173559782, 62.1638066504687, 119.15505366780144, 79.43918839553683, 25.3784759469973, -0.545154459182, 0.762637955226, 0.348123490852, 0.0352584016989, -0.394030471093, 0.918420836523, 0.837593851902, 0.512955492317, 0.187918072994,  
70, 1412805.4159200075, 69.60886950674612, 107.36145272522288, 78.02367497926886, 40.26418940340225, 0.851065852066, -0.057093604489, 0.521945625304, -0.419744758161, 0.523224004404, 0.741654218091, 0.315438192748, 0.850280519324, -0.421333341921,  
81, 462726.81003237615, 47.98203735821113, 67.47134861835032, 53.92401142950977, 30.362286264820593, -0.924956258834, 0.342223070203, 0.165345968998, 0.0832475907504, -0.242055586708, 0.966684504674, 0.370844654643, 0.907905536476, 0.195401583818,  
83, 1194460.8125721184, 65.82048816263772, 102.54232032375458, 83.09515932670463, 33.46604814848273, -0.169642915191, 0.985451524093, 0.0103235162999, 0.562906614998, 0.0882938886023, 0.821790929633, 0.808923620694, 0.145222184595, -0.569695614328,  
113, 2436984.204339521, 83.48107539789032, 126.44719580953422, 94.2338886566955, 48.82562253489917, 0.816157859227, -0.571761439181, -0.0835176956595, 0.320089406909, 0.327030518728, 0.889153423997, -0.481070806022, -0.752422684723, 0.449923308028,  
133, 255488.138722361, 39.363530604807785, 112.08521933235329, 71.53747804385324, 7.606767836108389, -0.96103913256, -0.257794835519, -0.0997276715302, -0.0363434829974, -0.239811583772, 0.9701389362, -0.274012658344, 0.935965932643, 0.221099154225,  
145, 749353.3401125356, 56.34637907757064, 109.08959408720312, 59.84443775379707, 27.4025463665939, 0.56935804768, 0.198222767409, -0.797834035387, 0.353551450435, 0.817120380297, 0.455319290167, 0.742181100161, -0.541315082538, 0.395152117519,  
146, 2026647.8792320245, 78.50486355141176, 122.36754125912566, 88.55966238069756, 44.64650869861697, 0.75208762603, 0.658757661607, -0.0200635502242, -0.193782917903, 0.250129096866, 0.948621956119, 0.629930459259, -0.709558861671, 0.315774980519,  
160, 1149642.471692995, 64.98673679975433, 120.5459266944572, 77.01918639390644, 29.561245210705763, 0.651046816757, 0.749496389534, 0.119971681934, 0.418456414118, -0.48627831062, 0.767090368929, 0.633271088771, -0.449208823039, -0.630221517746,  
167, 1734187.6092108695, 74.53080691479063, 129.40767857327293, 79.39850537529794, 40.293509541483886, 0.141986424447, -0.260443613798, 0.954991612165, -0.523353153784, -0.838647531179, -0.150903263294, 0.840203149064, -0.478371657271, -0.255380550987,  
190, 1301230.023263086, 67.72595774255969, 97.23185778660664, 57.238647975341664, 55.81713168038231, 0.84843064706, 0.527517604871, 0.04348118766, 0.409864197081, -0.602774616528, -0.684597766298, 0.334928017759, -0.598655107905, 0.727623037499,  
219, 730852.9919986681, 55.87880886908457, 109.45342943774956, 86.42445881063993, 18.444860614148105, -0.998665575859, -0.0310231193857, 0.0412872093737, -0.0464366246641, 0.889264874031, -0.455029255877, -0.0225988381138, -0.456339292498, -0.889518826466,  
225, 994935.7586207553, 61.93015166066666, 110.19296101390634, 88.48560798893278, 24.360148876250868, -0.584740110153, 0.461975237067, -0.666826727055, 0.3369420083, 0.886056569156, 0.318392586751, -0.737935692741, 0.0385050203538, 0.673771680012,  
238, 1781130.0878738058, 75.19731667314298, 113.86193192577612, 90.77351658596214, 41.14047692547575, -0.973706379906, 0.00547291033642, -0.227740933919, -0.220208561665, -0.27865240079, 0.934805342787, 0.0583444521716, -0.960376429733, -0.272530802139,  
254, 3221464.177636525, 91.61956645654354, 125.94482164555963, 103.13374460340454, 59.20843676268201, 0.702328802961, 0.10310618939, 0.704346055743, -0.64858431539, 0.500477115761, 0.573464072484, 0.29338138721, 0.859588139931, -0.41837255088,  
255, 148021.9692492444, 32.81551236127614, 101.0191247865622, 33.28588413362517, 10.509301937953362, 0.795329160756, -0.487163488509, 0.360726020013, -0.503201817676, -0.862402721064, -0.0552220733862, -0.337993279132, 0.137598263672, 0.931035585301,  
259, 466003.61298668815, 48.09503275516103, 144.68872168483054, 44.51459168746975, 17.272834057148376, -0.319603617796, -0.305491693309, 0.896955045033, 0.291777127938, 0.868878467558, 0.399895381602, -0.901509642269, 0.389518977629, -0.188561212774,  
271, 1056906.5748431145, 63.19014182371354, 109.38557285250262, 76.22372123483535, 30.26201188977201, -0.0113947078411, -0.945041588997, 0.326751519813, -0.384183022365, -0.297554206395, -0.873993649624, 0.92318663658, -0.135491288737, -0.359678390672,  
272, 980297.7296381542, 61.62493333966975, 116.08478568030324, 68.86418942232181, 29.27525210418756, -0.747197090678, -0.590399531194, -0.305163728592, -0.0512870958772, -0.406574995297, 0.912176741096, -0.662620661826, 0.697226768538, 0.273511776266,  
274, 1132334.8795634727, 64.6589665001964, 86.40068549077284, 67.71973990648254, 46.20125856856166, -0.619962659671, -0.692995379444, -0.367972423808, -0.0260342666613, -0.450548596462, 0.892372220089, -0.784199284349, 0.562817347188, 0.26128167967,  
290, 1227757.0455965886, 66.42648548488543, 115.61496428523363, 103.55082123562575, 24.482526252073974, -0.755646318482, 0.471244479947, 0.454892604341, 0.302965285923, -0.364269818639, 0.880635869559, -0.580698438856, -0.803265920694, -0.132488428782,  
303, 2963968.066182788, 89.11038163733988, 113.4112803701205, 105.70578126278531, 59.02417384894055, 0.283005225086, 0.03506722217, 0.958477090234, 0.633707502648, -0.756968261358, -0.159417227377, 0.719946417215, 0.652510031514, -0.236448334975,  
320, 2128982.8336472465, 79.80458621300765, 139.073789408275, 72.61364687823227, 50.32919838160522, -0.256461646748, -0.85671876886, -0.447504608725, -0.0168046802071, -0.458967392773, 0.888294171485, -0.966408312501, 0.235333557856, 0.103310648416,  
377, 2599380.393881759, 85.29568798790174, 121.78025739667544, 90.88837556654093, 56.06553884799804, 0.463900595216, 0.884691905866, -0.0460051024667, 0.672593700712, -0.385530619721, -0.631651688053, 0.576553511412, -0.262080851937, 0.773886086919,  
380, 255232.89263439775, 39.35041749114234, 126.59558551578868, 64.46220022585159, 7.4666251127396945, -0.603457524023, 0.146417462913, -0.783837319381, 0.74968586627, 0.439093604358, -0.495144331006, -0.271680177076, 0.886430331817, 0.374741441821,  
384, 575193.1073742359, 51.59112773944387, 95.73095915478383, 48.85542824115747, 29.360255405717513, -0.123916118999, 0.807327237093, 0.576946728649, 0.952487136159, 0.259801990497, -0.158969120226, 0.278232009129, -0.529835500869, 0.801162462373,  
390, 1996230.5927506157, 78.11013095004421, 96.14225646536038, 80.85513324508277, 61.30560599285965, 0.60270564513, -0.631540817326, -0.487752090083, -0.192854630818, -0.708410147602, 0.678941937243, -0.774308076091, -0.315136889029, -0.548758366199,  
422, 1032098.3796348495, 62.69181292540776, 126.43429229215943, 62.4098281197282, 31.22587511416704, -0.0441197533799, 0.820963240854, 0.569273927497, -0.835120018608, -0.343046743513, 0.429992425846, 0.54829554246, -0.456440893141, 0.700737974701,  
457, 1697064.867897757, 73.99515391385603, 112.7763257338423, 85.12745931525443, 42.200949329572786, -0.904854657305, 0.244866898702, 0.348250270743, 0.410403729045, 0.284279138739, 0.866460703358, -0.113167258246, -0.92694421256, 0.357725591009,  
473, 962212.3770783376, 61.2436092001501, 118.76818665686416, 66.89417107608777, 28.913051343611418, 0.948566141012, -0.194978360108, -0.249410735965, -0.219666236368, -0.972684916085, -0.075038647512, -0.227967148346, 0.125966237976, -0.96548613981,  
489, 1692802.8579441784, 73.93315815819516, 107.25509295159011, 78.8171203648064, 47.80565655422291, -0.354270601855, 0.183866791163, -0.916888948439, 0.907078910199, -0.170834417805, -0.384738160786, 0.22737676076, 0.967992047902, 0.106260076536,  
502, 1372242.8810891733, 68.93621890707233, 120.58853230551438, 73.73996517226355, 36.84117216979485, -0.193750308108, -0.169794632125, 0.96624562147, -0.958852364372, -0.175557790811, -0.223117918202, -0.207516171528, 0.969716064107, 0.128793608411,  
525, 463086.11640600505, 47.994453461372736, 94.07402137685328, 73.43117967895259, 16.00379342978089, 0.180622119628, -0.310609052783, 0.933218980856, 0.771150088389, -0.544215748015, -0.330388802458, 0.61049421871, 0.779327425375, 0.141228796566,  
530, 1545060.4393278956, 71.71647821234966, 132.53253534760458, 97.93070626936891, 28.419437037185745, -0.420548233143, -0.838941660125, 0.34542158952, 0.490555358939, 0.110011612013, 0.864437901204, -0.763213353798, 0.532986243846, 0.365282138154,  
535, 751565.2370599394, 56.401764590388346, 96.86125123221794, 48.15537222384013, 38.466551663261384, 0.649825658595, 0.37758085695, -0.659666059379, 0.637827236488, -0.742924249886, 0.203076279574, 0.413404196672, 0.552717156777, 0.723602594508,  
547, 371013.9274809388, 44.57594249954492, 117.06489793786895, 37.8380047620065, 19.996163780870113, -0.877573167257, 0.462367468469, -0.12681348592, 0.477857884301, 0.822032250478, -0.309701181119, 0.0389509758746, 0.3323842705, 0.942339385891,  
568, 604118.3481619839, 52.44182605204092, 104.96365658812128, 55.20509905527123, 24.889448393736068, -0.592705198639, 0.320889063027, 0.73873591813, 0.085690548051, -0.886876923928, 0.453989484216, 0.800848098881, 0.332384613112, 0.498159403691,  
574, 1606400.1865384032, 72.65324985857634, 121.37327628195341, 85.75963471622676, 36.843352299711675, -0.919138776908, 0.264161776926, 0.292237000387, 0.390816181892, 0.518324844063, 0.760658969578, -0.0494633273837, -0.81336210364, 0.579651160273,  
579, 592285.5475874696, 52.097175160648334, 87.47546256268325, 65.90384918024375, 24.52706024355191, 0.294441098672, 0.946803694443, -0.129873798748, 0.810308746561, -0.319387501072, -0.491315946622, -0.506659821438, 0.0394257320438, -0.861244121602,  
597, 695279.0249409142, 54.957061855918234, 125.35847023808537, 77.1669947496968, 17.15873423695261, 0.919191406764, -0.188789489421, -0.345609152679, 0.238724989597, -0.430853086869, 0.870273518428, -0.313205263482, -0.882453481051, -0.350967686129,  
616, 2241674.729252136, 81.18852702502502, 114.014843952706, 88.48323023670895, 53.04709680528197, -0.873689012876, -0.0338977409722, -0.485302433476, -0.162192294366, 0.960791681733, 0.224884423562, 0.45865146727, 0.27519136518, -0.844931088375,  
629, 2037746.0013649473, 78.6479028745048, 129.9270455647329, 80.94110288613268, 46.2586292568184, 0.589256466464, -0.466907129503, -0.659374361914, -0.622028216096, 0.258656846174, -0.739038249556, -0.515613920594, -0.845632525597, 0.138014189643,  
630, 1967326.187758912, 77.73129824877842, 103.9301867341949, 81.21747947610748, 55.64120781993345, -0.643821928397, -0.253347724663, -0.722016796843, -0.763348125671, 0.147487313118, 0.628925378326, 0.0528484961891, -0.956066118465, 0.288348077111,  
648, 1198614.9538628613, 65.89670420835648, 119.41501431034087, 68.90115746721183, 34.77808220197405, -0.123984942863, 0.234037679273, 0.964289426792, -0.867499152583, -0.497354126182, 0.00917024739253, 0.481739508667, -0.835383287988, 0.26469191136,  
656, 3166149.8016002188, 91.09214942939361, 115.60049580793212, 87.07372801203361, 75.09240503667812, -0.397518481063, 0.392661811109, 0.829334527986, -0.0437307830072, -0.91089411545, 0.410316376783, 0.916551512917, 0.12684089457, 0.379268653639,  
658, 2515679.52455589, 84.37016567128863, 108.70152992016088, 87.93129755923903, 62.83296691857393, 0.0267283015573, -0.0361531956092, 0.998988760869, -0.386811939529, -0.921871424478, -0.02301304346, 0.921771187082, -0.385805680594, -0.0386245451442,  
662, 428110.69966047397, 46.75440031212877, 112.15270903669177, 36.33536655705109, 25.08003618268694, 0.459797739482, 0.468365776604, -0.754466392938, 0.722868994308, -0.690886975179, 0.0116449386363, 0.515796913363, 0.550734679164, 0.656235367327,  
669, 336249.07575653534, 43.13775073948086, 120.6327351639074, 53.10092956515272, 12.531561544066562, -0.347200611878, 0.788371768043, 0.507859912244, -0.0172916274559, -0.546839042184, 0.837059174469, 0.937631449308, 0.281845733151, 0.203495080955,  
680, 680924.373626015, 54.57621633406592, 134.4300750908964, 80.33036113163223, 15.053382953359563, -0.785397103906, -0.264715812477, -0.559532776341, -0.592408855152, 0.0593929950969, 0.803445219334, 0.179452326575, -0.962495719865, 0.203467077752,  
686, 887424.0250659023, 59.613898564077516, 127.35413980432894, 83.55084090157398, 19.91034020297411, 0.070512115301, 0.861855618781, 0.502227970121, -0.897737289891, -0.164656607556, 0.408602447285, 0.43485146882, -0.479680199679, 0.762109641784,  
718, 911834.7338828858, 60.15556923000967, 112.27330190037168, 62.67288867447266, 30.936509711866332, -0.988254707139, 0.0514275290063, -0.143902199698, 0.000716625729791, 0.943220928683, 0.332165269321, 0.152814005461, 0.328160766935, -0.932179376933,  
742, 1435919.8275338642, 69.98643326559129, 112.26270335814736, 69.3427322418479, 44.03572361510128, -0.589356328804, 0.756564995811, -0.283317004099, 0.772338492967, 0.424783794622, -0.472283791918, 0.236964912972, 0.497160069736, 0.83467328643,  
744, 1693342.5785160388, 73.94101475455881, 129.28314631788828, 57.46698368044228, 54.41215218039036, -0.00614382857538, -0.958911450847, -0.283639000853, -0.13310297372, -0.280336260916, 0.950628833564, -0.991083170959, 0.0435936950687, -0.125911627711,  
771, 296084.57091240544, 41.34684625005247, 129.08286083494454, 81.16799604317961, 6.74642600861085, 0.18312166284, -0.769199384147, -0.612208105162, 0.26599993695, -0.560741569302, 0.78410007397, -0.946419827635, -0.306433026752, 0.101923059091,  
777, 1994986.921614957, 78.09390645568173, 149.84330415676473, 71.22979416557942, 44.622347430750516, -0.203211409566, 0.973360313667, -0.106182968504, 0.082843623577, 0.125148952397, 0.988673188544, 0.975623932186, 0.192113090371, -0.106068390453,  
823, 1410414.1835078981, 69.56957535250895, 128.71956220367056, 69.32708526643782, 37.73206396145398, -0.841066900579, -0.111830769987, 0.529245073321, -0.0400925223968, 0.988592942742, 0.145177764168, -0.539443285618, 0.100885442186, -0.835956379937,  
841, 1953013.5556366416, 77.54233646364126, 141.12355802126459, 66.03359670170079, 50.03249700174345, 0.0719348080817, 0.615146529357, 0.785124277301, 0.880071379712, -0.409569635574, 0.24026460461, -0.469361001787, -0.673682017748, 0.570835167947,  
871, 1890788.2056240297, 76.70990150178254, 109.3627219888464, 69.5131057804594, 59.37700275294194, -0.675432627003, -0.22039568247, -0.703716213774, 0.139718463767, -0.975255279905, 0.17133560605, -0.724064580864, 0.0174035101771, 0.68951258188,  
895, 709593.859279138, 55.33166595846313, 141.49166141212422, 91.71294929963805, 13.054484693854961, 0.915686949854, -0.359827379521, -0.179001862602, 0.314458877713, 0.364126392586, 0.876657050647, -0.250265906777, -0.859032145597, 0.446576699723,  
912, 2597888.8274354665, 85.27937018530707, 148.47761385372053, 102.90967981059177, 40.58959765934595, 0.693000928809, -0.293066713203, 0.658681724569, -0.51912156638, -0.836835450912, 0.173836783843, -0.500262443113, 0.462404941268, 0.732064995954,  
966, 1139898.7661928332, 64.80261897659925, 106.10608242108353, 59.20459854655369, 43.31935220442999, -0.98036342105, 0.192122105434, 0.0444596364196, 0.158675469307, 0.634669291958, 0.756318045061, -0.117088249228, -0.748521199732, 0.652691623544,  
984, 3747752.813799606, 96.35940504725635, 121.4451989213689, 100.96530012892035, 72.96756244242685, 0.0984744289354, 0.411885621198, 0.905899013078, 0.860228676725, -0.492900524381, 0.130597460943, 0.50030931491, 0.76641979888, -0.402853920545,  
1023, 2006517.4569674917, 78.24407206447363, 116.68360016830414, 86.78108861636156, 47.30634764280267, -0.665080335457, -0.520535572983, 0.535453886575, 0.0996442046049, 0.648754294438, 0.754446086833, -0.740094034483, 0.555122133145, -0.379605370635,  
1100, 1695159.12298932, 73.96744554341018, 126.00322902893913, 99.46161973002734, 32.29123534078467, -0.7405451492, -0.0387712487426, -0.670887227683, -0.153380196259, -0.962230876449, 0.224913885308, 0.654268597284, -0.269459701402, -0.706628666223,  
1169, 1435216.3256689971, 69.97500188707805, 113.22489678135149, 58.303673694384855, 51.90281378918996, -0.0167994546575, 0.990107706931, 0.139300061015, -0.198860017758, -0.139845047643, 0.969998997931, 0.979883907236, -0.0114057584234, 0.199242156719,  
1173, 839921.9399098319, 58.530662360678264, 98.55595128213791, 55.139080203330835, 36.8984348792439, -0.971991905247, 0.0895050955206, -0.217302954443, 0.22349739044, 0.0661374179084, -0.972458101112, 0.0726680989191, 0.993788045726, 0.0842891901209,  
1176, 2085764.40256407, 79.2608783212046, 116.65272661428011, 79.66482572448065, 53.581533272310516, 0.796765055789, -0.180675773752, 0.576646954949, 0.12816017589, 0.98307210837, 0.130935858576, -0.590542475347, -0.0304219414905, 0.806432942213,  
1188, 2912287.3615476694, 88.5894227998521, 134.06949075583523, 102.26748522284144, 50.7081865912782, 0.749583297651, 0.640249633157, -0.167944297686, -0.422175760374, 0.657867670409, 0.623680812262, -0.509796535135, 0.396598708361, -0.76342449351,  
1190, 521908.7918005973, 49.94614816539114, 79.77466277883568, 66.94226287559194, 23.33139130650892, -0.940691469758, -0.338972369462, 0.0140460480579, -0.329312651177, 0.902364427285, -0.278013701362, -0.081564308982, 0.266150658671, 0.960474409024,  
1212, 2678787.346608473, 86.15554020476509, 116.19622609751048, 82.71639014688118, 66.53743173579093, 0.598509206389, 0.78140324831, 0.176623026237, 0.600076597263, -0.583347354632, 0.547370022252, -0.530749288538, 0.221618653037, 0.818040564607,  
1213, 912354.214753658, 60.166990793512944, 107.57357388253733, 79.7750445499731, 25.380619638634744, -0.969900085811, 0.240759590316, -0.0364505584983, 0.0156794718081, 0.211131022283, 0.97733200377, 0.242997896509, 0.947342868818, -0.208550979838,  
1221, 1073811.2746151641, 63.52525983324676, 93.40739678606319, 54.438470625268494, 50.414117097607026, -0.503367367011, 0.860557803263, 0.0778560278412, 0.24456903384, 0.0554756926369, 0.968043612247, 0.828738367348, 0.506322737756, -0.238390443844,  
1252, 2175465.7860251353, 80.38121183696023, 131.2159059513579, 84.61910428061996, 46.77445554330428, -0.143590420747, -0.812482551073, -0.565025570459, -0.845672330034, 0.397287872489, -0.356371514839, 0.514023444296, 0.426654954941, -0.744140744845,  
1287, 1235623.3075246625, 66.56804881828914, 130.8595323781293, 66.45388325223915, 33.92124270924158, 0.193992543912, 0.973720201341, 0.119314133311, -0.405261453678, -0.0312161256267, 0.913667722788, 0.893381243966, -0.225598144944, 0.388555568649,  
1316, 1263164.3831927145, 67.05900225323178, 93.02934783758278, 89.21936786530048, 36.332237460035074, -0.351072031409, 0.311469578837, 0.883026120917, 0.512974738776, 0.852916771572, -0.0969014868235, -0.783329653556, 0.418950691884, -0.459211249459,  
1328, 3354450.173512443, 92.86332835310695, 139.30248959649848, 97.17288839934187, 59.16007907682677, -0.798144513946, 0.576177852179, -0.176023911774, -0.0865835848764, 0.179438842566, 0.97995152156, 0.596211889925, 0.797383712172, -0.0933305838153,  
1347, 2109072.9726433395, 79.55503399839934, 104.6465403350872, 88.9483308687785, 54.092906723196, -0.715722682886, 0.602337694037, -0.353454867763, 0.686337118771, 0.700242335158, -0.196473996877, -0.129160367758, 0.383210091719, 0.914586040242,  
1350, 1552532.3690821123, 71.83189958530399, 129.4685063140576, 76.9011617865956, 37.22674083503213, 0.159561170503, -0.839928063914, 0.518710979561, 0.499150391018, 0.52197032417, 0.691661671507, -0.851697786785, 0.148552442376, 0.502536617422,  
1356, 695471.8424111498, 54.96214168806165, 117.46114104355904, 69.4215923448972, 20.361143078687203, 0.43247264821, 0.0261883780984, -0.901266651665, 0.850044766189, 0.321463980845, 0.417234711516, -0.300651466028, 0.946559600803, -0.116763085363,  
1357, 1674419.9850665943, 73.664559556368, 112.5899245293313, 98.76090219696864, 35.94936412383147, -0.636500351356, -0.765604218602, 0.0933674631925, -0.760275686551, 0.643180554201, 0.0911024430914, 0.129800551476, 0.0129982751432, 0.991454921658,  
1386, 721594.9733950408, 55.64185882107403, 111.11546723527768, 68.9426558072221, 22.487561490184415, 0.786602625448, 0.499555396502, -0.362905931978, 0.348765461771, 0.125539840084, 0.928763910382, 0.509528176173, -0.857137185273, -0.0754777007326,  
1401, 1379901.616739043, 69.06422955238203, 103.06756748898894, 60.78322437473181, 52.584016243328435, 0.951467238544, -0.266311592774, -0.154234333183, -0.216066058724, -0.934940683127, 0.281427392591, 0.219147329999, 0.234444139588, 0.94710632622,  
1454, 1108238.3298258942, 64.1970175917387, 103.86213644866656, 66.5703719057871, 38.26540571679586, -0.780959581914, -0.614648282602, -0.110948727402, -0.140768595887, 0.000147444851327, 0.990042514578, -0.60851157247, 0.788801284833, -0.0866383241757,  
1458, 1137003.2261140647, 64.74770249665427, 102.96651476866721, 69.7805342891753, 37.77833247329778, 0.668920799365, -0.376858340754, -0.640720496925, 0.297321772077, -0.654353574141, 0.695284951554, -0.681281680383, -0.655590719132, -0.325662526187,  
1464, 3525316.271893126, 94.41402054150218, 110.98346913104706, 94.801363482616, 79.99016575583039, 0.648842454512, 0.34336820528, -0.679044729621, -0.336326755778, 0.929907127096, 0.148852438082, 0.682559728208, 0.131799129657, 0.718847137332,  
1466, 1961559.8244124856, 77.6552787332259, 115.74216175681167, 78.88859965745587, 51.286978273746, 0.749002017526, 0.240067666925, 0.6175463489, 0.285841836851, -0.957932060577, 0.0257023661289, 0.597737753574, 0.157269458624, -0.786114428907,  
1468, 2058323.2974564286, 78.91174735421512, 122.15203153232815, 97.26400656239889, 41.35920010821758, 0.874393339209, -0.485186398456, 0.00551788907707, -0.0730393647662, -0.120370669563, 0.990038460416, 0.47968900294, 0.866086058462, 0.140689018038,  
1475, 1427948.334773832, 69.85668323444324, 98.87116095705024, 88.08222237248592, 39.144070745769945, 0.660611197926, -0.700243259012, -0.270651479552, -0.0397998956118, -0.392678758838, 0.918814105609, 0.749672470806, 0.596206986344, 0.287277593888,  
1476, 2622368.1601067367, 85.54638946904466, 120.51265824974526, 98.11496857620928, 52.94648318335004, -0.671330376499, -0.267893592094, -0.691048875916, -0.369196728712, 0.929349868088, -0.00161189117727, -0.642657996992, -0.254050872857, 0.722806234687,  
1505, 1049992.4355654249, 63.05204647544206, 113.01218563453551, 92.12573584406076, 24.076387087300706, -0.384053319759, 0.91951645576, -0.0836213798567, -0.60186215457, -0.317998168422, -0.732556558756, -0.700189256187, -0.231012234453, 0.675550407486,  
1517, 1764752.0998968962, 74.96611981122142, 116.67448143811322, 68.4415439203352, 52.759348110923064, 0.101604795478, -0.946467376286, 0.306391858838, -0.473776378734, 0.224780154269, 0.851475087833, -0.874764201651, -0.231675177508, -0.425575144524,  
1526, 659644.8974028707, 54.00167109146344, 123.00054772021154, 65.31098550500887, 19.603260703993517, 0.367304620708, 0.929213075197, 0.0406248260308, 0.600584249065, -0.270300766293, 0.752486581619, 0.710201292157, -0.251993167814, -0.657353457429,  
1527, 4548716.506680428, 102.78587101938045, 120.45557173426901, 107.0221135414606, 84.2364090262675, -0.906360524634, 0.360089824542, -0.221011125615, -0.378657735775, -0.46025001319, 0.80298707617, -0.187427101888, -0.811483360039, -0.553503241055,  
1528, 918541.405732962, 60.302693316466204, 117.10287494624602, 86.16994368224285, 21.73135279085571, -0.550556653006, -0.610845720451, -0.568994620043, -0.832676741722, 0.450391648471, 0.322175118191, -0.0594711327092, -0.651164241028, 0.756603142725,  
1541, 375492.92863115075, 44.754603903065785, 79.40279983600236, 45.880080674356655, 24.606688079718182, -0.689709459037, 0.593746573065, 0.414446461065, 0.146396115216, -0.446206470679, 0.882874828599, 0.709132596603, 0.669600472295, 0.220830631791,  
1549, 2014337.9851071269, 78.34559401506753, 120.58972134820552, 78.08844628302674, 51.06774248458338, -0.957272207579, -0.0866511645216, 0.275901243716, -0.281476939229, 0.498036313533, -0.82020153809, 0.0663374199016, 0.862815974637, 0.501146625881,  
1551, 781669.4771158563, 57.14499269106855, 120.0710173397686, 42.30389321156059, 36.73804290300354, -0.43802374853, 0.672222711486, -0.596868345522, -0.0379269929964, 0.649541648696, 0.759379476818, 0.898162980158, 0.355263666553, -0.259019281717,  
1555, 712423.9163533961, 55.40512772513972, 104.55459509549428, 57.568895773318, 28.25653191397748, 0.472050810033, 0.42922102477, -0.770024249386, 0.754546011161, -0.64840783254, 0.101131596163, 0.455881947206, 0.62875797776, 0.629948454729,  
1559, 1812715.6450619942, 75.63921701779746, 110.55112321832755, 92.42179842867012, 42.35488424200786, 0.786806673684, 0.100716227464, 0.608926514262, -0.561489749077, -0.292813947853, 0.773943960261, -0.256250892539, 0.95085026869, 0.173836839032,  
1560, 1781252.7085716953, 75.19904226970328, 104.84923383818251, 99.08885768858948, 40.9304807136267, 0.574259917485, 0.807635178336, -0.133981214673, 0.780310164813, -0.589481339232, -0.208872682242, -0.247672351829, 0.0154003055661, -0.968721444342,  
1563, 1841086.3325697558, 76.0317841277921, 94.72114198740344, 70.48805209790714, 65.82988707125271, 0.917037876112, 0.0198835252902, -0.398304129025, 0.163561879387, -0.929642744399, 0.330169470723, -0.363715610591, -0.3679252821, -0.855769794632,  
1580, 1982899.4668389873, 77.93586541019567, 107.4842501600135, 87.6362770341166, 50.25546966648501, 0.491890782506, -0.729100857178, -0.475873300521, -0.71488474013, -0.650202217365, 0.25724868292, -0.496974110408, 0.213656304837, -0.841051554298,  
1582, 1806580.8891400122, 75.55379222234122, 123.27034536121926, 113.80580846762182, 30.74296576129286, 0.441469420004, 0.811444278811, -0.382965969227, 0.416029711665, -0.563269728861, -0.713895294536, -0.794999390071, 0.155837719868, -0.586251289852,  
1586, 1452658.9976630178, 70.25733784590477, 133.41400507534064, 95.27621025938534, 27.28281468405382, -0.887647896274, -0.435149247307, 0.150752594696, 0.109735910626, 0.118061877773, 0.986924223502, -0.447257467415, 0.892584184032, -0.0570458785244,  
1590, 2571182.1715405006, 84.9861351450325, 133.94239045527496, 82.92046528722092, 55.266818282026755, -0.520649055718, 0.749024154823, 0.409740620725, 0.848285568376, 0.399523690723, 0.347552032129, -0.0966237820907, -0.528529692679, 0.843398013213,  
1594, 1049480.241239193, 63.04179238470625, 141.76631475340332, 50.53111958474736, 34.974674917363124, -0.630442423402, -0.743850499693, 0.221875606774, -0.775885574412, 0.595278850785, -0.208913056624, -0.0233222253442, 0.303857736308, 0.95243191352,  
1596, 2456351.3897031057, 83.70163889583037, 106.26194230136356, 86.29244945176738, 63.951588771799116, 0.851427649752, -0.524305441519, -0.0132197288723, 0.22465599161, 0.34181422116, 0.912519985341, -0.473920502481, -0.779914637769, 0.408818437845,  
1602, 2378014.6474206313, 82.80221833261855, 118.86400822362981, 69.68991338482938, 68.5339274084532, -0.726020192433, -0.6845848695, 0.0651017406245, -0.687033387538, 0.718003413193, -0.111607450696, -0.029661500097, 0.125756332227, 0.991617638163,  
1606, 2389116.307214305, 82.93087120934993, 132.6311869420909, 87.29664299847956, 49.26125636207336, 0.421836744833, -0.420875246783, 0.803067735222, -0.72699304191, 0.372265341699, 0.576974550899, 0.541788591357, 0.827213722091, 0.148938175967,  
1622, 755935.2557886924, 56.51087048253872, 124.1285515782791, 55.52861980277305, 26.182277690649478, -0.522082989231, 0.785216694718, 0.332962602542, 0.802984676919, 0.584115001767, -0.118428346874, 0.287480366265, -0.205534442483, 0.935473480097,  
1632, 3149531.920577473, 90.93250077923066, 103.5503425623375, 96.9526654584729, 74.89384226268001, -0.816291700737, -0.17532922507, 0.55038851927, 0.465055321492, -0.764637922492, 0.446152883482, -0.342624294615, -0.620152005821, -0.70570537933,  
1653, 2620223.3437558534, 85.52306051227572, 96.96900236656919, 90.76187891302614, 71.07441548738358, 0.324182433687, 0.945410813179, -0.0332286625122, 0.854598661209, -0.307744122124, -0.418275846252, -0.405668433512, 0.107200511294, -0.907712053699,  
1660, 460530.03046766913, 47.90598585805344, 112.25156186889008, 72.98471495635255, 13.419768905007302, 0.123556504865, 0.268374032814, 0.955358136311, -0.482156276571, -0.825219535401, 0.294173491932, 0.867328723766, -0.496978970283, 0.0274369828498,  
1665, 1495967.504770456, 70.94871219235316, 128.82119423096606, 65.82568711502478, 42.116359929909315, -0.0300725217043, -0.943460798547, -0.330117198951, -0.29852215566, 0.323670762898, -0.897842836929, 0.953928805529, 0.0715468996506, -0.291377547405,  
1669, 3289327.3529792014, 92.25845180304098, 117.03064727860294, 90.85308985049257, 73.85487683120603, -0.134420631493, -0.081091249538, 0.987600781226, -0.98287771837, -0.115842559163, -0.143289539809, -0.126025729757, 0.989951872939, 0.0641311523692,  
1673, 1809538.680256607, 75.59500275600072, 128.9359503841142, 81.72735320111794, 40.99565235347966, -0.942035587009, -0.227904530402, -0.246228507349, -0.330447738569, 0.503196845244, 0.798496854729, 0.058079642597, -0.833578106694, 0.549339872171,  
1677, 223846.66027479895, 37.66639039078718, 84.33980791118353, 54.05278737948189, 11.722258869368344, 0.415717711622, -0.120475000718, -0.901479094847, 0.640280916549, 0.742711832661, 0.196008881249, 0.64592502053, -0.658684224669, 0.38589630735,  
1686, 689675.4837136033, 54.80902287443837, 138.82632320349666, 62.99138696426452, 18.827956505837726, 0.701553023474, -0.394749541566, 0.593292638322, -0.592907393897, -0.785201351617, 0.178660739058, -0.395327936676, 0.477107573668, 0.784910304195,  
1705, 1855199.2259610384, 76.2255643408014, 121.04546033487043, 79.76842927904966, 45.86933018342672, 0.579407038728, -0.40974149127, -0.704556167955, -0.383458314082, -0.899839054299, 0.207964895402, -0.719199002247, 0.149671596136, -0.678491863235,  
1716, 2317688.2092816676, 82.09602584459466, 120.21008082174356, 78.3207792184823, 58.7690287404667, 0.926285899522, 0.159602381437, -0.341352474998, 0.299386862909, -0.861803897926, 0.409464953125, 0.228827311886, 0.481478059063, 0.846059655093,  
1719, 2846298.268522331, 87.91519284947779, 112.42601991093946, 91.94673320851359, 65.73378794705155, 0.358817921968, -0.768069013601, -0.530395785448, 0.0684798404188, -0.545042878591, 0.835606828571, 0.930892158271, 0.336152124556, 0.142973909597,  
1725, 621260.4110909236, 52.933225275546, 98.1440463233775, 71.94469795846074, 21.004982181914666, -0.75709318735, 0.653204530369, -0.0115649113452, 0.622362359259, 0.726503242628, 0.291304191916, -0.198683163468, -0.213346853637, 0.95656056818,  
1743, 1523034.9593153947, 71.37406317666237, 137.9704913195043, 116.35118666364025, 22.649792879667256, -0.365855259171, -0.890264828134, 0.27125350712, -0.92663836281, 0.321348544569, -0.195131897627, -0.0865521455825, 0.322743936723, 0.942520597867,  
1747, 552820.7883998663, 50.91337874286578, 131.88826333277322, 43.588514254917136, 22.957127224365152, -0.841573076101, -0.0599877377552, -0.53680185255, -0.466510096674, -0.420202094807, 0.778330604063, 0.272255555102, -0.905445564812, -0.325645884172,  
1755, 1129498.0288618873, 64.60492441053046, 149.44550520814306, 54.81414992067171, 32.917081839166855, -0.298744834426, -0.839870786683, -0.453176108793, -0.935849273338, 0.164814698695, 0.311483952536, 0.18691618843, -0.517158753935, 0.835230005287,  
1761, 487545.0927752719, 48.82497842836315, 85.32740790087112, 69.58955344400444, 19.601692768033335, 0.463292923477, 0.184586090131, 0.86676850565, 0.85197574432, 0.176433117983, -0.492959111863, -0.243920065074, 0.966850210844, -0.0755226565017,  
1762, 725123.8876317069, 55.732415681930036, 104.87961913618547, 93.8615435052951, 17.58509867827361, 0.632578401515, -0.447511923264, -0.632121542485, -0.0804218926607, -0.849712852093, 0.521076182693, 0.770309603418, 0.278785127877, 0.57349975358,  
1764, 1472671.6047471932, 70.57850170605705, 112.90207090754333, 86.25677993095081, 36.10124291737704, -0.680331599572, 0.46341780498, 0.567796488762, 0.227421296489, -0.602995252871, 0.764641274663, -0.696726968422, -0.649338635106, -0.304845646896,  
1768, 1886996.7554632782, 76.6585937305679, 115.78421153523269, 81.62736939124486, 47.664758931657936, -0.131276362646, 0.597935583616, -0.790720908068, 0.98736603095, 0.00746292384453, -0.158280212578, 0.0887402813632, 0.801509415174, 0.591360989456,  
1788, 2949528.959501273, 88.96544425209875, 118.45857213661391, 95.0256863922452, 62.55421039783089, -0.574639427538, 0.758337112932, 0.307756968189, 0.81835495825, 0.536656765589, 0.205656699998, 0.00920275100419, -0.37003288921, 0.928973072956,  
1803, 1678198.5215449117, 73.71992900116163, 108.00141300210383, 96.0186277251111, 38.63401041249458, -0.0142738202459, 0.896393682451, 0.443028920182, -0.931131728094, -0.173390443092, 0.320826213364, 0.364403571597, -0.407938868345, 0.83713554261,  
1806, 2416364.643149187, 83.24496103614493, 112.47323688240057, 91.07427704740743, 56.31562867417248, 0.877436336568, -0.464332914598, -0.120417688445, -0.0727115989852, -0.376872512827, 0.923406807668, 0.474150291198, 0.80147492381, 0.36444402569,  
1814, 1280355.23248054, 67.3618424259364, 119.17984186304274, 74.50081381554766, 34.42532505563157, -0.185890257619, -0.93117687439, 0.313615115587, -0.626436795784, -0.13358283041, -0.767940471851, 0.756982003095, -0.339212700266, -0.558491710742,  
1816, 1995589.006917795, 78.10176188963379, 127.09643647393418, 81.24904169226937, 46.13503689693611, 0.634369035192, 0.658067737207, 0.405614078204, 0.689908469316, -0.245264078239, -0.681081372445, 0.348715114608, -0.711893520952, 0.609594441962,  
1819, 1579908.805834819, 72.25165565740367, 107.59222169278725, 91.92985239372813, 38.13343891254064, 0.449371251101, -0.718764762567, 0.530511729161, -0.749230426433, 0.0201969995892, 0.662001396762, -0.486538021938, -0.69495992496, -0.529444478589,  
1824, 2146649.804196519, 80.02472627027834, 135.51302778498135, 87.2863028876881, 43.32568562746834, 0.707583465624, -0.65728522588, -0.259425848782, -0.379766084962, -0.663327602111, 0.644805562159, -0.59590549577, -0.357732615396, -0.718974280481,  
1834, 1262611.0466391738, 67.04920896023971, 102.41174357226626, 77.24290971700214, 38.104177369897876, 0.536305348321, -0.632588054441, -0.558756589886, -0.678353798621, 0.0708521034315, -0.731311221941, -0.502207822778, -0.771240774868, 0.391120147682,  
1848, 1303503.588809532, 67.76537936889038, 99.49693794486973, 61.31489864443611, 51.00912711804296, -0.697547330036, -0.696571396817, -0.16797622301, -0.716404818744, 0.673450855204, 0.182285713387, 0.0138512829534, -0.247491888276, 0.968790951237,  
1854, 2210480.4488599254, 80.81017046896665, 117.717120433445, 74.14624178121832, 60.460160501855356, 0.290860617618, -0.950477305761, 0.109512521436, -0.846152704597, -0.308968139141, -0.434239898556, -0.446571048795, -0.0336389688883, 0.894115606703,  
1856, 955658.7257436523, 61.104248431244336, 129.1393328291266, 54.53143553523736, 32.39729505766766, -0.399861662777, -0.374907683116, 0.836393974023, 0.0728216008244, 0.896641507595, 0.436727628289, -0.913678097086, 0.235538183737, -0.331231186496,  
1860, 738006.1437363599, 56.06052010621716, 117.23267392849627, 90.17862657793027, 16.66552810833819, -0.512004557161, 0.692295614975, 0.508505766863, -0.798495499054, -0.165377443122, -0.578839562657, -0.316632707465, -0.702408060029, 0.637468937102,  
1866, 163265.76169335342, 33.90539720158038, 104.04656083503019, 73.19651301006672, 5.117859836349498, -0.35845645565, -0.767113421742, 0.532020645827, 0.594559316262, 0.251770313214, 0.763617004021, -0.719727857491, 0.590041276156, 0.365845737414,  
1867, 1590561.5583951513, 72.41368095259695, 134.4864171138326, 100.23696873574615, 28.167968369156686, 0.0938435734698, 0.352343249383, 0.931153917638, 0.277842859936, -0.907390677305, 0.315349811991, 0.95603176145, 0.229120914267, -0.183048839779,  
1868, 493322.99412506475, 49.01709657251278, 97.63517158787407, 70.98358936505926, 16.993330319766674, 0.0356156611368, -0.0312912447011, 0.99887555916, -0.451681929751, -0.892100452865, -0.0118412978558, 0.891467867631, -0.450752304491, -0.0459064372202,  
1882, 1615696.4909999033, 72.79312949757667, 141.1715995898408, 65.59521073471474, 41.65351972211039, -0.350429208097, 0.668592071783, 0.655884145, -0.0925160824557, -0.721575625896, 0.686126366349, 0.932008661226, 0.179758887574, 0.314716694407,  
1884, 1400233.4178212236, 69.40178006027712, 129.3172329454443, 76.87843471298395, 33.62411740534902, 0.883775029587, -0.450250888483, 0.127341409207, -0.227935694801, -0.176592370647, 0.957528304367, -0.408640448456, -0.875265258107, -0.258696176695,  
1892, 1566857.5962272864, 72.05215468461395, 115.79652558571195, 62.208673940293316, 51.92714500922653, 0.340600583682, 0.823694900991, -0.453340878895, 0.784590818671, 0.0166854972306, 0.619789352474, -0.5180815473, 0.566787706521, 0.640580366608,  
1898, 721321.671802027, 55.634833213687564, 127.67434753177632, 49.54134594389917, 27.225064842840272, 0.364058601407, -0.349051494869, 0.863495447974, -0.522863505407, 0.690644120668, 0.49962431216, -0.770762667398, -0.633382785144, 0.0689286444658,  
1901, 1041246.2401159626, 62.87648843575308, 112.2532083328099, 82.52392378400513, 26.83404879088605, 0.085159166337, -0.866322271272, -0.492172366847, 0.268195952985, 0.495666032873, -0.826066652673, 0.95959306333, -0.0616514894788, 0.274554633277,  
1905, 580779.8080546828, 51.75762025522218, 130.93636507150026, 64.5520628379275, 16.40410324630936, -0.879067565482, 0.4640250512, -0.109183181751, 0.45444199725, 0.884915900779, 0.102011370366, -0.143953764986, -0.0400574638185, 0.988773337595,  
1920, 107396.03554118672, 29.487178144206933, 69.40326986430551, 33.982911219418995, 10.870740470515646, -0.0305774741633, -0.379422328358, 0.924718181295, -0.0412833614146, 0.924840741396, 0.378107507364, -0.998679479184, -0.0266139023477, -0.0439431229856,  
1922, 4050160.971588991, 98.884424812055, 132.51307724659313, 89.82358917967943, 81.23338132505316, 0.607723718995, -0.248477455749, -0.754275039595, -0.626745951277, -0.733360626055, -0.263385088247, 0.487710358645, -0.632804192572, 0.601412886404,  
1926, 1342351.5799442867, 68.43199843797899, 106.68776341930364, 89.60915841276254, 33.52051324712812, 0.157178831295, 0.172040691068, 0.972469441993, -0.982833745932, -0.0690755636034, 0.17107423643, 0.0966056046521, -0.982665033025, 0.158230180497,  
1950, 2972977.931368454, 89.20058283101528, 124.08613082731364, 104.60249132391803, 54.681170813959184, -0.173972283734, 0.838546442832, 0.516307570839, -0.900269049506, -0.347902401024, 0.261685990957, 0.399060500417, -0.419289616584, 0.815442784278,  
1955, 2933476.9561825325, 88.80376057081034, 112.5812569071466, 96.6132500336989, 64.38597651056656, 0.101788490159, -0.955649875222, 0.276355602908, -0.882305666518, -0.2150497426, -0.418676867092, 0.459538697066, -0.201213628254, -0.865064888724,  
1956, 1847619.0562440832, 76.12160579252418, 134.52569283658582, 65.13034774508156, 50.34254757723208, 0.638238355761, -0.453894234654, -0.621797253921, -0.393813940965, -0.886514766163, 0.242903580206, -0.661484981793, 0.0898420454082, -0.744557604044,  
1963, 1977118.930002577, 77.86005897377741, 126.26771930903375, 69.96113612648377, 53.431208275971926, 0.150576505001, 0.829535125591, 0.537771504965, 0.828090693105, -0.402964994186, 0.38972428389, -0.539993074154, -0.386640257696, 0.747607377568,  
