# Void_ID, Void_Volume, r = (a*b*c)**(1/3.0), a, b, c, vector_a, vector_b, vector_c 

4, 330766.85564195085, 42.90202502011336, 102.48860246133354, 40.03827749211503, 19.243427108488138, -0.361757989992, 0.925191251238, 0.114683500603, -0.233991537396, -0.209185523052, 0.949467944363, 0.902429563514, 0.316642646494, 0.292161457617,  
10, 2836249.798206668, 87.81161330437757, 108.24437785974955, 90.50820113044482, 69.11345225473237, -0.122725412621, 0.026085761487, 0.992097780536, 0.937630427079, -0.324566697948, 0.124521647909, 0.325250142678, 0.945503036288, 0.015373778245,  
15, 465851.2771485802, 48.08979145415293, 118.42845846774824, 42.70668999659532, 21.98906141969915, -0.837893832514, 0.447318377813, 0.312794172429, 0.510431902109, 0.439112711207, 0.739350593539, -0.193373211032, -0.779157426793, 0.596255402934,  
19, 2366746.179472033, 82.67122224762241, 135.28103813467354, 78.05011872847946, 53.51217214547348, 0.615367516785, 0.305678011794, 0.72655610409, 0.351442463789, -0.931455829908, 0.0942243682769, 0.705557236467, 0.197360051775, -0.680615894636,  
34, 1048272.2166272183, 63.017594604768696, 127.49262335390186, 46.574635121751946, 42.145474468892374, -0.319057747629, -0.0707110812694, -0.945093697293, 0.344365390839, -0.93770331161, -0.0460974726775, -0.882957887597, -0.340165316252, 0.323531955685,  
57, 2305069.154615756, 81.94675927196438, 116.84328811120288, 90.05236051161752, 52.2993725527183, -0.236187084831, -0.225603561235, 0.945155380939, -0.104649433633, 0.972923087588, 0.20608047379, 0.966055980262, 0.0502364289656, 0.253401152731,  
60, 2508453.7537920815, 84.28930957235937, 145.91342846767537, 83.7324894978552, 49.01491160438541, -0.974627203408, -0.218529604352, 0.0484419900498, -0.069270363034, 0.500265840202, 0.863096579725, -0.212846026938, 0.837841811531, -0.502710321823,  
65, 2350428.0461846436, 82.4807846474879, 103.94787689179377, 78.17466129800763, 69.0520727873857, -0.855094868365, -0.427829849589, -0.2928726445, -0.493470178966, 0.49828183422, 0.712883157437, 0.159059575527, -0.754106645964, 0.637199511885,  
79, 3210420.783891563, 91.51475393854435, 132.1310943562468, 82.61215313045898, 70.21410681975387, -0.605734156078, 0.47817010095, 0.635955569767, 0.788275432601, 0.469338619202, 0.39792348873, 0.108203394212, -0.742344000503, 0.6612241756,  
100, 2446105.9540224727, 83.58510361169505, 118.38880666650755, 83.30603129674638, 59.2106143627332, 0.652719551536, -0.432927974553, -0.621715816022, -0.606501260517, -0.790377188055, -0.086371995419, 0.453997145402, -0.433448116216, 0.778466006012,  
118, 1603460.1600530674, 72.60889957261475, 126.3039239657406, 87.19093121643692, 34.76013105622313, -0.0756119780887, -0.720915737801, -0.688885569424, 0.106010364595, -0.692759683818, 0.713334299663, 0.991486072201, 0.0190923929427, -0.12880547024,  
132, 1692258.0476431118, 73.92522577789906, 126.78819402962645, 111.68036512606929, 28.531351080696094, -0.605908548573, 0.239235455625, 0.75871023951, 0.750400489926, 0.48854150158, 0.44522612901, -0.264147563844, 0.839102853056, -0.475533875249,  
136, 1516232.3076059546, 71.26764023732575, 107.13512224933835, 100.39174608050682, 33.654819031960535, -0.61595178268, 0.546584695906, -0.567316993941, -0.485049812365, 0.30431701073, 0.819827931035, -0.620749612112, -0.780151477075, -0.0776761989321,  
147, 466474.3255687229, 48.11122098355478, 74.14627613449353, 60.62548102063473, 24.773912221553925, -0.0781819920438, 0.155044069601, 0.984809074187, 0.514322960607, -0.839951708002, 0.173069409248, 0.854025449453, 0.520040829845, -0.0140736271497,  
151, 1210158.0126000175, 66.10756445627305, 129.03783941384026, 57.149936400415186, 39.1760492734939, -0.993442685822, 0.0661471613618, 0.0932533271783, -0.064948138322, -0.997762948451, 0.0158378668411, 0.0940923446118, 0.00967738297976, 0.995516438309,  
165, 60542.811264633456, 24.358917881002196, 119.54850324938886, 88.34173019193719, 1.3685602764287064, -0.423650621133, 0.157927189703, 0.891952439296, 0.893725501338, -0.0875344068041, 0.439991427057, -0.14756313724, -0.983563282345, 0.10405955098,  
166, 1216191.801546918, 66.21725205828207, 89.18175191784971, 68.02622450612323, 47.85872171216638, -0.202242280179, 0.824815773039, 0.527993371791, 0.977019013348, 0.206989600936, 0.0508837170428, 0.067319444916, -0.52615040212, 0.847722741635,  
177, 2334347.240092673, 82.29225248050471, 112.83989210872966, 91.06474488805074, 54.2330353638074, -0.436221451172, 0.815471412219, -0.380417167583, 0.286967589544, 0.526758762748, 0.800109247803, -0.852854294759, -0.23985741957, 0.46379733741,  
184, 3207100.2459181403, 91.48319182012254, 141.59947319985406, 83.32554380189241, 64.89094989035871, 0.501417944877, -0.349782613382, -0.791348322757, -0.633494656848, -0.771382847509, -0.0604402375445, 0.589291578338, -0.53162075387, 0.608370618747,  
191, 1148167.556761836, 64.95893368422838, 100.2873733636319, 82.26384140916568, 33.22472686621809, -0.397315402508, -0.899487942727, -0.181829348066, 0.859105731696, -0.434235985484, 0.270880879129, -0.322610930839, -0.0485854895908, 0.945283892545,  
204, 178615.72204742825, 34.93630937222808, 82.07641464244944, 59.59285890864763, 8.718032358471616, -0.857722030646, 0.116104465944, 0.500831978944, -0.176884741283, -0.981336491706, -0.0754352593111, 0.482726326656, -0.15329201882, 0.862251036833,  
229, 1871154.1863744715, 76.44345756083959, 118.68774757795114, 66.44696153717248, 56.64217896082574, -0.174027989187, 0.864884942834, -0.470837864491, 0.955513053475, 0.032684390565, -0.293132282855, 0.238136649044, 0.500904947343, 0.8320968514,  
230, 1428786.2643643776, 69.87034468486435, 119.62944708510659, 66.6786383391748, 42.76158942088727, -0.966987374862, 0.166465112391, -0.192937252015, 0.227744145468, 0.90421543237, -0.361285283495, -0.114315445429, 0.393298637452, 0.912276362028,  
235, 387259.99255177187, 45.217305013131984, 172.20169503584484, 54.254492898499706, 9.895571766566594, -0.770643066438, -0.285083090784, 0.569944642488, 0.0261435239431, 0.879461587259, 0.475251336338, -0.636730539795, 0.381149508571, -0.67029789781,  
263, 585498.5054057478, 51.89741510736441, 83.42117596766538, 66.30298952243925, 25.271310460447296, -0.829382119599, 0.407404699396, 0.38229139488, 0.557890971288, 0.640344712945, 0.527935898342, 0.0297147075518, -0.651137511984, 0.75837785875,  
292, 642998.1263347024, 53.5435340545787, 126.30941662476943, 70.91593081534282, 17.13726692227992, 0.477180426496, 0.474804562369, 0.739499471347, 0.512793370768, -0.833808894401, 0.204464389355, 0.713681861522, 0.281644022078, -0.641353915839,  
299, 2238924.9992956733, 81.15531705253868, 114.57908127853264, 110.49787324199616, 42.21741925518103, 0.484419667247, 0.838701211691, -0.248833003223, 0.643772584549, -0.534344152531, -0.547752851237, -0.592363440269, 0.105150388324, -0.798779663279,  
304, 649410.3226563858, 53.720930455308356, 100.94500109035916, 45.198692954241444, 33.97972698267438, -0.525971735961, -0.255553868945, -0.811200316221, 0.15451523801, -0.966629665794, 0.204333380606, -0.836348476529, -0.017869227023, 0.547906850234,  
312, 1967749.995517779, 77.73687955709103, 111.87189283873201, 75.87542554139073, 55.34255237003499, -0.482216700476, -0.684806342701, 0.546358240332, -0.122822109484, 0.670347691619, 0.731811930596, -0.86739943694, 0.28578706293, -0.407362211623,  
313, 1209626.26605976, 66.09788042650982, 92.71607901921223, 63.980513153733476, 48.68103726796802, -0.364421812495, 0.931160629206, -0.0116886780007, -0.209168794725, -0.0696169407166, 0.975398327289, 0.907438790162, 0.357901333025, 0.220139678223,  
328, 850268.3625650329, 58.77001526310194, 121.14430933545114, 80.82521457208522, 20.73086989191665, -0.532368743387, -0.828781502813, 0.172350635799, -0.129958003229, 0.281205377456, 0.950807263901, -0.836477398656, 0.483781723802, -0.257411742648,  
333, 731344.462927618, 55.8913315226612, 127.72611464398243, 62.2247134036079, 21.96801224520847, 0.451322895622, 0.180966465119, 0.87381850655, -0.434863458366, -0.810477661391, 0.392453478726, 0.779231298438, -0.557114978158, -0.287091422106,  
335, 1327190.7643146613, 68.17339369238289, 93.87146790067425, 71.2761393577262, 47.35512247037632, 0.222786445524, 0.367775824996, 0.902832842911, -0.363560889042, 0.890641406096, -0.273095891047, -0.904538379313, -0.267392648172, 0.332131739004,  
374, 911589.6779949588, 60.15017980409983, 85.30400636756055, 65.73991275680565, 38.807193639812084, -0.861660992849, 0.0965108541377, 0.498222830103, -0.147198295303, -0.98707502747, -0.0633683833206, 0.48566757691, -0.127939615359, 0.864730281394,  
381, 1291165.274826112, 67.55089010983538, 118.79799687758339, 83.24459104819101, 31.169374439696732, 0.32651062985, 0.0336809994429, 0.944593245197, 0.751693285729, 0.596604611118, -0.281105215502, -0.573016590322, 0.801828241127, 0.16947996621,  
393, 945518.2758446625, 60.887354691864395, 115.25784699135113, 66.76407566078365, 29.333776253849166, -0.886896906069, 0.419352357534, -0.193797518652, 0.0159279958344, 0.447013490074, 0.894385397153, 0.46169273002, 0.790140835499, -0.403134323922,  
414, 258070.37521580842, 39.49570296080643, 102.62991454858248, 43.36908187535645, 13.841888559289831, 0.0744833256096, 0.0352891704491, 0.996597666391, 0.77197158801, -0.63468048129, -0.0352214987551, 0.631278149084, 0.771968497491, -0.0745153498972,  
421, 693205.21931406, 54.90236738025956, 126.4524152474655, 73.22989403020307, 17.871363162881373, -0.434738269903, 0.121739595443, -0.892290371786, -0.202839841194, 0.952123262024, 0.228729737327, 0.877415885146, 0.280429607593, -0.38923077946,  
439, 1126147.7764591372, 64.54098534169198, 99.09191484984652, 74.7989511145297, 36.27212886070042, -0.767428723089, -0.0665875884401, 0.637667035406, -0.64091406024, 0.0536113785881, -0.765738197736, -0.0168024511155, 0.996339256053, 0.0838198334817,  
449, 87140.96125783121, 27.5028634351437, 74.26248995164559, 22.228757097247975, 12.602277842475631, -0.152099607094, 0.968411785912, 0.197596362389, 0.984751255467, 0.165564907137, -0.0534156005469, 0.0844433205107, -0.186458774083, 0.978827079309,  
458, 2385303.874065543, 82.88673540259047, 140.2335438746363, 108.06945709033421, 37.575106932942575, 0.0173122710552, -0.432435840437, 0.901498490945, -0.707767793663, -0.642159104584, -0.294442582947, 0.706232989547, -0.632954128121, -0.317181393166,  
468, 1380867.056773546, 69.0803325912391, 125.77229641210306, 97.45655668498038, 26.894731074413418, -0.862039595568, -0.0592465125791, -0.50336625475, 0.489659288536, -0.353747402381, -0.796929455134, 0.130849214076, 0.933462707373, -0.333954872879,  
473, 585235.1784693453, 51.889633683236276, 117.78760530267775, 55.441941606407056, 21.394581264760006, -0.00594983262187, 0.96118852639, 0.275828236821, 0.671051469024, -0.200664859665, 0.713739126023, 0.741386893202, 0.189341571852, -0.643813050315,  
486, 2260127.5138256317, 81.41069162551965, 105.7391987251287, 94.77878277221569, 53.83902557368975, 0.216568926234, -0.177105311196, 0.960068543874, -0.9390701777, -0.306660918718, 0.155261979525, 0.266917780496, -0.93519665829, -0.232727541941,  
517, 1991647.2263174842, 78.05030457864284, 115.5619905871511, 93.03812000303705, 44.222965925693245, -0.769837924009, -0.634685624836, -0.0672586677279, -0.59940499854, 0.682772245578, 0.417774710092, 0.219233251316, -0.361933997152, 0.906057704135,  
524, 234239.77614866185, 38.24053958619563, 92.60767583086567, 56.0453807660692, 10.774204789852712, 0.17314255915, 0.948390440687, -0.265663746539, -0.316817082759, 0.309032379288, 0.896730686786, 0.932549510902, -0.0710954328054, 0.353972949745,  
533, 1446419.562436484, 70.15660412654192, 104.73985235454533, 67.1065665452548, 49.12795665131406, 0.432921123641, -0.341010005677, 0.834440816795, -0.787161033892, 0.308074095315, 0.534291922564, 0.439268491275, 0.888145555539, 0.135058005128,  
537, 2529465.0179379815, 84.52399638147581, 123.90763293927118, 76.542629402183, 63.67055428519762, 0.0563703783427, 0.977536419051, 0.203088477948, -0.943713155932, -0.0142346173051, 0.330458552607, -0.325926156923, 0.210285342095, -0.921711568298,  
548, 1063393.6829561142, 63.31916157010607, 130.74392633015776, 66.52985672971998, 29.185514625092143, 0.490295152187, -0.807355640491, -0.328310117891, -0.448865707181, -0.556804253607, 0.698919594862, -0.747081147305, -0.195309735887, -0.635392686776,  
558, 824444.152082989, 58.168903527585165, 120.24524040786655, 70.08084134425147, 23.35637451727104, 0.598277856328, -0.0710186402851, 0.798135301412, -0.66921679192, 0.503533188644, 0.546445983924, 0.440695464057, 0.86105207779, -0.253725890073,  
595, 2362370.8815058563, 82.6202472908042, 134.28512822241981, 93.51965741470362, 44.908510014205994, -0.993579374094, 0.108676847477, 0.0314542556305, 0.112699654124, 0.926289459231, 0.359564494464, -0.00994059028444, -0.360800749086, 0.932589944254,  
602, 2654947.102754563, 85.89919379090686, 128.57796418298108, 95.93934958809774, 51.381165139108795, -0.752208553534, -0.64032466955, 0.155456133868, -0.625283463854, 0.76807512761, 0.138134674057, 0.207853029377, -0.00670193350291, 0.978137108112,  
614, 877026.804491631, 59.38016761857042, 117.48228627651348, 57.383840042404586, 31.0571972800881, 0.667970143101, 0.723348231872, 0.174880597476, 0.407513424626, -0.552164603362, 0.727356212281, 0.622694705836, -0.414586042025, -0.66360358429,  
623, 2916439.8863396533, 88.63150828377543, 135.13962748084938, 93.32540258302221, 55.20543424709274, 0.443064896791, -0.736260296495, 0.511482426908, -0.766759533395, -0.606843587898, -0.209333890652, -0.46451406349, 0.299435528339, 0.833405693038,  
627, 1881258.9725352684, 76.58081635923264, 115.89893793961265, 93.16512810733026, 41.59365959929715, -0.815497787832, 0.577916097122, -0.0312464834535, -0.235581474033, -0.28214654555, 0.929997148343, -0.528644234938, -0.765771709794, -0.366236209768,  
647, 871052.2624067178, 59.24502238850055, 107.52575358751797, 89.16365843870895, 21.68978411102751, -0.233262969492, -0.350061478652, -0.907218467751, 0.969000168898, -0.161781552668, -0.186722794246, 0.0814067548703, 0.922650361936, -0.376947277323,  
683, 470937.1274244217, 48.264162407831144, 121.8130266036388, 48.93124726790029, 18.862284933022906, -0.440703271541, 0.760819551602, 0.476376150068, 0.889682293548, 0.440771759032, 0.119103622896, 0.119356788661, -0.476312782047, 0.871137239853,  
691, 2535388.0924544646, 84.58991963139582, 123.99904253069498, 80.90302503163022, 60.33547619506604, 0.747219804348, 0.357448138215, 0.560261896328, -0.199394119952, -0.68361390118, 0.702078356768, 0.633959422139, -0.636319780142, -0.439536788541,  
707, 2356363.44337621, 82.55015424068756, 91.13530266118707, 83.243142479699, 74.15126429208819, -0.430712934167, -0.901573079063, 0.0406491260714, -0.894324844547, 0.42033874354, -0.153291921198, -0.121117466811, 0.102378336518, 0.987344537355,  
746, 3750470.0040022423, 96.38268687269256, 127.52661197905456, 100.37071896174031, 69.95024342245993, 0.152420386265, -0.987785016517, -0.0323849810198, 0.537978013169, 0.11041151277, -0.835696688515, 0.829064342013, 0.109954804319, 0.548235586048,  
750, 1960709.874881982, 77.64406102741836, 114.1396102004407, 66.75241458729255, 61.43577794746234, 0.327507523287, 0.281055880274, -0.902078940201, 0.461919445703, 0.785234753304, 0.412355196263, 0.824238586741, -0.55173723308, 0.127345112826,  
758, 2375779.9359141355, 82.77627273085074, 112.50199928375531, 81.31006386636648, 62.003050703179724, 0.686001349915, -0.707580294799, 0.169505971362, -0.657967908307, -0.5038278809, 0.559674635897, 0.310612909508, 0.495467045161, 0.81119173295,  
770, 1154900.2440860714, 65.08565622054125, 89.66088874727534, 64.74603356803657, 47.494099344062455, -0.731521669212, -0.678824233558, -0.0638256015062, -0.650868775239, 0.667366135091, 0.361928555314, 0.203090829167, -0.306300672, 0.930018286616,  
773, 1069320.8909388839, 63.4365877238741, 136.29137773044062, 91.37713585006742, 20.498095834727845, -0.0276270679457, 0.81966050457, 0.572183014747, 0.360519708499, -0.525707811403, 0.770491295742, 0.932342364639, 0.227569669064, -0.280980000751,  
782, 905965.6868417272, 60.02622705242839, 113.20772701382683, 73.96183157205076, 25.830892488536783, -0.459299157344, 0.0932723374892, 0.883371131022, -0.851584494056, -0.329124340575, -0.408020854768, -0.252681882112, 0.939668792448, -0.230595808617,  
791, 3782832.911901527, 96.65912287702382, 124.44355198731061, 96.24223773919746, 75.40331486279104, -0.501280772748, -0.3990640368, -0.767766553977, -0.842602513836, 0.0232986345071, 0.538031762359, 0.196821214686, -0.916627006019, 0.347931518099,  
814, 2122609.5780632137, 79.72487312388576, 111.39585991292867, 77.60303026624717, 58.618375676416505, -0.961464905881, -0.0264892237011, -0.273648599096, 0.0562288727924, -0.993254092917, -0.101413119305, -0.26911623627, -0.112892107476, 0.956468412152,  
827, 1610648.4030297538, 72.7172386989412, 136.9081660728449, 75.50790291169376, 37.19549779185127, 0.800640603092, -0.256844156499, -0.541300012889, -0.470722786946, -0.828587537371, -0.303088684651, 0.370667887105, -0.49746735791, 0.784303222793,  
832, 1292322.965431635, 67.57107334305198, 102.44688666890077, 80.17972203749741, 37.55944286820111, -0.850337026135, -0.509617243872, 0.131214354138, 0.0199057629528, 0.218016108484, 0.975742146801, 0.525861866449, -0.832321597214, 0.175242849284,  
860, 1781416.999041584, 75.20135414570657, 132.1028223007578, 79.6663533746396, 40.41010216308181, 0.575237463331, 0.575995845198, -0.580801727869, 0.718197120307, -0.695505426149, 0.0215661443152, 0.391528743727, 0.429535782574, 0.813759334401,  
866, 598779.4939418305, 52.28688505173998, 84.21876889526845, 46.79664056267518, 36.27060033476803, -0.997640166662, 0.023018520849, 0.0646857446447, 0.0588642912803, 0.771712457945, 0.633241563279, 0.035342510867, -0.635554899242, 0.771246314076,  
869, 617949.462154818, 52.839023514970954, 121.12973782551909, 96.66970844572924, 12.59862540580065, -0.52440017995, 0.807861196434, 0.269006948914, -0.642112102698, -0.167722122364, -0.748038326049, -0.559192720658, -0.565004050398, 0.60669096268,  
876, 2221950.3897828558, 80.94970111776999, 106.95753135372524, 84.6711714177402, 58.573180941314384, 0.556375797385, 0.466397456133, 0.687691344279, 0.159444021324, -0.872160565957, 0.462507893179, 0.815489776851, -0.147679924503, -0.559613316274,  
877, 310438.59158670285, 42.00448828948162, 91.04196717529352, 38.010116625771545, 21.416389654031573, -0.774812616688, -0.569276776613, -0.274935193509, -0.585197727834, 0.810379847005, -0.0287771247138, -0.239184088849, -0.138594571243, 0.961032005952,  
886, 1250476.570640254, 66.83372231770201, 126.40037501357895, 72.84984736292667, 32.41977087308513, 0.235704782077, -0.376068864597, 0.896111301562, -0.636528867617, 0.637030624474, 0.434767735891, -0.734352950833, -0.672877546484, -0.0892275240099,  
905, 681392.0516041707, 54.58870830046369, 140.02191485669894, 58.24283661420986, 19.946647970402086, -0.976994877133, -0.18479521988, -0.106450630652, -0.187650016321, 0.507729812679, 0.840831676789, 0.101333515834, -0.841463703333, 0.530726251982,  
909, 883990.65697289, 59.53691883440916, 132.61616475226703, 58.234547487891746, 27.326366984865068, 0.227560909731, -0.160855418662, 0.960386154965, -0.527441979826, 0.808692887662, 0.26042421424, -0.818548098941, -0.565810346081, 0.0991849887245,  
910, 229937.5343751159, 38.00497229423304, 123.24310921153446, 78.58944882820029, 5.667537097995513, 0.00475539306342, -0.675277000162, 0.737548886033, 0.818457951825, -0.42113760019, -0.390857650304, 0.574546749474, 0.605511432392, 0.550683155645,  
918, 1305123.8038807008, 67.79344450833185, 112.42389507276941, 64.59948795735681, 42.90178853813888, -0.626674684645, -0.111079272691, 0.771323690031, -0.732309462858, -0.254498461946, -0.631627567064, -0.266461423537, 0.96067264354, -0.0781433408634,  
945, 1361929.5051202157, 68.76308295011036, 113.09568436820574, 69.72870980153702, 41.22952742277944, -0.455194663429, -0.169086671502, 0.874189633836, -0.124457820961, 0.984247343966, 0.125568374588, -0.881650763731, -0.0516416829256, -0.469068297156,  
951, 1198705.669668611, 65.89836660538569, 144.00687965730708, 62.42242727514623, 31.834648421476142, -0.195686768849, -0.286188407299, -0.937978082913, -0.953987721514, 0.277135693344, 0.114469361296, -0.227187402156, -0.917219713592, 0.327252014966,  
957, 2638655.748936441, 85.7231342467176, 112.5197376203577, 88.77421378624335, 63.0635738822464, 0.0542393379111, 0.840113429774, 0.539692059731, -0.841888064269, -0.252150531441, 0.477121155196, 0.536919529785, -0.480239039029, 0.693604991279,  
964, 4003765.3314180993, 98.5053915886388, 117.61604297139701, 94.07615400494045, 86.38411472973152, -0.65155545855, 0.0705502496894, 0.755313277192, 0.756681006544, 0.131235760391, 0.640477188922, 0.0539382866668, -0.988837619361, 0.138891409987,  
965, 2314652.6557253823, 82.06016888453793, 94.8201228874572, 80.63980410662728, 72.26820059754887, -0.770883492511, 0.543904129124, 0.331522155062, 0.0667185555697, -0.448653175301, 0.891212075005, 0.633472395071, 0.709139356273, 0.309570828838,  
966, 2213714.8604725553, 80.84956552076885, 114.68146826956408, 95.02464580602498, 48.495737366730246, -0.725132760697, -0.467912258432, 0.505213418046, -0.685411015329, 0.419814938643, -0.594951390752, -0.0662889088051, 0.777697586277, 0.625133781577,  
967, 922313.3183253995, 60.38512322530242, 141.48378925360976, 63.13914617406901, 24.64815879835113, 0.914032050082, -0.395631572874, 0.0895604263525, -0.212989466661, -0.280181996629, 0.936020050991, -0.345225865941, -0.874627753567, -0.340360682476,  
968, 214012.52720349483, 37.10651735412954, 93.4667101697668, 29.176228813790416, 18.73546486113012, -0.588310923209, 0.2928207026, -0.753754796842, 0.320442977237, 0.940241751331, 0.115159660447, 0.74243286294, -0.173785745053, -0.646986830503,  
969, 3313971.099277498, 92.48827989109283, 121.78109383255004, 87.91271589299542, 73.89729474031647, -0.977904475109, -0.156147728987, -0.138999008247, -0.0715312797267, -0.374836241033, 0.924327359991, -0.196433483862, 0.913846638742, 0.355384590659,  
971, 184724.99728706587, 35.330166693883015, 91.72354224730157, 54.57033118163089, 8.810481665887465, -0.139904449708, -0.964260799842, 0.225006344, -0.903640278525, 0.0314383810163, -0.427136834313, 0.404797470322, -0.263083139116, -0.875743267136,  
972, 2626238.27044398, 85.58845211525608, 113.9451883709287, 83.71617352618662, 65.72644701816552, 0.521661344294, -0.0484681652978, 0.851774781748, 0.683165126811, 0.621757453983, -0.383018378054, 0.511033121607, -0.781708708772, -0.357458589561,  
973, 1608968.6075138908, 72.6919502125157, 108.7182201719625, 67.45134948354124, 52.380059150986845, -0.882181596501, -0.250685826685, 0.398637990029, -0.463001329237, 0.61622440049, -0.637100665017, 0.0859383495265, 0.746608401065, 0.659689696403,  
974, 3144391.310863004, 90.8830010376942, 122.12107482772007, 87.0408256432974, 70.6210805394172, -0.319119031691, 0.936697737364, -0.144084671046, 0.934790760973, 0.336130461522, 0.114815269179, -0.155978449832, 0.0980492817682, 0.982882018115,  
975, 2266130.6960163284, 81.48270690564634, 103.69278695539019, 89.43378140399834, 58.33728365393722, -0.623594773764, -0.760115106726, 0.182632370248, -0.781665443235, 0.602884538373, -0.159779123303, -0.0113442931329, 0.242394838887, 0.97011135912,  
976, 1787742.967038195, 75.29026452037911, 99.33177050203813, 83.08087942303473, 51.716271588087984, -0.50691437658, -0.859830471475, -0.0610686101089, 0.762707559708, -0.480408473822, 0.432995238593, -0.401640377927, 0.172914020843, 0.899325162672,  
977, 2130034.580206722, 79.81772556761702, 111.50706875378047, 82.97008913532086, 54.96346310618697, -0.886816959228, 0.17807494897, 0.426432870888, 0.0308803369996, -0.897875592397, 0.439164918186, 0.461087936962, 0.402627288106, 0.790752288179,  
978, 2763912.5328708384, 87.058643371103, 112.33811068419128, 103.17138194832728, 56.931066876148556, 0.37780982076, -0.488746730468, 0.786375465534, -0.881938969257, 0.0685819108688, 0.466347698619, -0.281857045048, -0.86972590795, -0.405133868244,  
979, 1186249.3887320473, 65.66931166603297, 104.31862060861238, 72.79035494157444, 37.29509514514443, -0.636648314952, -0.41854533064, -0.647687215612, -0.764859792428, 0.449814393248, 0.461146950065, -0.0983281292168, -0.788978337996, 0.606502070218,  
980, 3431958.638066146, 93.57312752057585, 122.90086431785149, 99.06266466680584, 67.2958825207474, 0.586131255849, 0.367495780846, -0.722078251977, 0.68285250079, 0.25560862942, 0.684380516037, -0.436076384459, 0.894209751471, 0.101125206013,  
981, 1882108.9022689546, 76.59234738078601, 123.75040150175077, 85.9483947581535, 42.244653576880395, 0.414777731705, -0.837087086002, -0.356713671914, 0.418378950192, -0.172681619817, 0.891706292572, -0.808033716696, -0.519101404955, 0.278595125686,  
982, 1941821.977856863, 77.3939360522143, 106.44462561777243, 77.75057324516555, 56.013597244760895, 0.6772996624, 0.0563136060664, -0.733548870277, 0.410068993839, 0.798925077228, 0.43995697661, 0.610826151704, -0.598788358895, 0.51801922131,  
983, 2847402.096323121, 87.92655622776694, 111.9569384564938, 95.5250753795911, 63.561156146374124, 0.329321007286, -0.758331032078, 0.562567080399, 0.85356563173, 0.493829753322, 0.166005683828, -0.403699624088, 0.425518766357, 0.809913818248,  
984, 1679340.499531562, 73.73664681821825, 112.88100556003268, 76.0031960580416, 46.7301771522624, -0.040915637682, -0.998003047691, 0.0481230442926, -0.606475113796, -0.0134698428912, -0.794988364492, 0.794049020489, -0.0617128846466, -0.604712884706,  
985, 2346575.795941972, 82.43569919068348, 92.10209856361799, 90.8298272117198, 66.96501395289489, 0.230496898891, -0.421156279303, 0.877210674812, -0.917296429333, -0.394867161346, 0.0514508078041, 0.324712858283, -0.816521471423, -0.47734080736,  
986, 2453638.485266454, 83.67081293218125, 137.88581068511385, 83.38962029999422, 50.94368923006815, 0.580259052436, -0.813981933904, 0.0270710794951, -0.724298391803, -0.530955545031, -0.439861397298, -0.37241277059, -0.235626018256, 0.897657567128,  
987, 3269996.47596693, 92.0773669684521, 111.33018470498222, 103.09775899178094, 68.01371864049428, -0.7020988669, -0.161963298075, 0.693415511201, 0.323254963086, -0.940162546385, 0.107706152166, -0.634478849086, -0.29977037287, -0.71244249846,  
988, 1874927.7181184196, 76.49481055647894, 118.21105075005694, 96.67748165494851, 39.16629706357373, -0.739072667715, 0.569105451657, -0.360403352831, -0.526228093141, -0.153760608152, 0.836326293602, -0.420542014342, -0.807760274014, -0.413119539478,  
989, 2220156.4157699407, 80.92790933793995, 105.14582070637755, 80.25798864835167, 62.80795837748477, -0.170028878411, 0.673854764926, 0.719034029996, -0.0412198122121, -0.733883273618, 0.678023795884, 0.984576613366, 0.0856451778597, 0.152557516766,  
990, 3024942.7317212187, 89.71729738565458, 138.74225480304102, 97.37615887770012, 53.452393902772535, 0.0147150941015, 0.81169672621, 0.583893732339, 0.645374959869, -0.453740497269, 0.614500384306, 0.76372418266, 0.367787963096, -0.530525576219,  
991, 3598900.148757085, 95.0664031611165, 119.15993637009827, 99.27694979863874, 72.62773496218685, -0.367753507673, -0.912194052788, -0.18071902958, -0.0184366153728, -0.187147308159, 0.982158834539, 0.929740527679, -0.364524203732, -0.0520063081305,  
992, 741112.7691781191, 56.13907195213824, 107.94252918943135, 73.67698738672298, 22.24698887204996, 0.857810348216, 0.501400836905, -0.112954004993, -0.308828802309, 0.678505404547, 0.666524708368, 0.410835949447, -0.536868342102, 0.736875977279,  
993, 2837253.653778925, 87.82197202754504, 101.88101235337626, 91.61667511148241, 72.56743562186321, -0.612310392406, 0.228298776862, 0.756938340841, 0.65463670937, 0.683232745638, 0.323486930236, -0.443313390388, 0.693594033835, -0.567803270624,  
994, 2595963.3666056776, 85.25829632092761, 110.74538087311669, 87.31952359347058, 64.08744704181137, 0.695356216649, 0.714167994432, 0.080273331174, 0.62096350474, -0.653292625986, 0.433143244911, -0.361779017839, 0.251342038985, 0.897743349566,  
995, 4170081.2359691914, 99.8508965487325, 115.79912069150062, 103.29829268882045, 83.22570848138395, -0.701868478679, -0.319964365024, 0.636398808729, -0.705583344561, 0.189836736842, -0.682725535792, -0.097635969366, 0.9282159331, 0.359001948499,  
996, 2088918.108287063, 79.30080606618924, 130.30679825288797, 86.91313211815387, 44.03320837367094, 0.0506347718111, -0.760461592246, -0.64740581292, -0.0490303689034, -0.64934850618, 0.758908782692, 0.997512978767, 0.00668462719938, 0.070165325841,  
997, 3505876.5929806763, 94.24015791575208, 131.77494605327047, 85.50741312910087, 74.27991542825742, -0.806508084002, 0.389356950763, 0.444911086995, 0.589566376243, 0.585943061298, 0.555951631817, 0.0442289321838, -0.710684102685, 0.702119582229,  
998, 2773162.509576663, 87.15565485102316, 114.33817216153943, 86.38870291893737, 67.02526079354708, 0.617477132907, 0.445375015613, 0.648354136105, -0.25557612836, -0.665940033853, 0.700859981682, 0.743910500631, -0.598468851971, -0.297375520633,  
999, 2344663.258102578, 82.41329715182016, 110.70590165892126, 99.86229291562776, 50.63135633115786, 0.547225213392, -0.201345319023, 0.812406689003, -0.692584056886, 0.436085149578, 0.574592957201, -0.469970094768, -0.877091674128, 0.0991882311507,  
1000, 913226.220631281, 60.1861534032398, 97.9745460437868, 63.59333043353957, 34.99169122374441, -0.98359864942, 0.0087861171187, 0.180156878872, 0.156115916387, -0.458798705148, 0.874717993873, -0.0903411174897, -0.888496793636, -0.449902134013,  
1001, 1475892.7202062234, 70.62992207514696, 102.5990243398769, 96.09623474743269, 35.736875485136906, -0.559833865272, -0.427566028921, 0.709769916387, -0.82271054129, 0.388812727141, -0.414695103014, -0.0986580384247, -0.816095554531, -0.569433610993,  
1002, 2154326.6386020733, 80.12000740610291, 108.96201109413138, 73.63576886782755, 64.10014413786851, 0.474115776979, 0.536002869681, 0.69850923667, 0.726640904987, 0.209798760185, -0.654199874216, 0.497199381756, -0.817731865539, 0.290012708106,  
1003, 602247.0881296284, 52.38762376429809, 98.46238639836325, 50.6763298950449, 28.814466795180287, -0.937877374319, 0.316885769923, -0.141313267465, 0.305165612554, 0.947177017598, 0.0986389692223, -0.165105964931, -0.0493873076317, 0.985038534368,  
1004, 1309424.0520062116, 67.86782034686415, 110.68537034678074, 77.29506078541252, 36.53841793669253, -0.0483459390264, 0.995233295088, 0.084695681877, 0.436187174385, -0.0552456066501, 0.89815848927, 0.898556297113, 0.0803654857188, -0.431437098107,  
1005, 1739443.003235648, 74.60601864577576, 91.86222289096823, 71.47600443838127, 63.24473481807322, 0.721354133086, -0.69174060876, -0.0338104254925, -0.526829779055, -0.579763167227, 0.621550523954, 0.449553777184, 0.430545700384, 0.782644108967,  
1006, 1102799.7359532337, 64.09183137332849, 122.82932923459774, 55.87511797889649, 38.36078720746331, 0.0332860006549, -0.180785619792, 0.982959104865, -0.483410508214, -0.863719968378, -0.142485426528, 0.874760723117, -0.470429990436, -0.116143451774,  
1007, 2616389.6742692282, 85.48133033177498, 106.22579504596891, 99.45892747678425, 59.120766394897935, 0.17949378842, 0.658307288436, 0.731035904666, -0.711321847228, -0.426472354578, 0.558697199238, 0.679561041831, -0.620284486968, 0.391719217874,  
1008, 290258.8689259469, 41.073870524005315, 85.1180005525655, 77.35660389790281, 10.52393315177876, -0.945873087514, -0.324536077554, -0.000660819938693, -0.0494039857649, 0.141976788171, 0.988636352665, 0.320754342929, -0.935157166463, 0.150325398739,  
1009, 4174783.7614789046, 99.88841580160181, 132.49294581322943, 93.1875393776432, 80.72253198148367, 0.791770092524, -0.196491490191, 0.578352154718, -0.434254614213, 0.484797926565, 0.759206098785, 0.429561463144, 0.852268774906, -0.298521162903,  
1010, 2832905.6956973914, 87.77708807523464, 128.6646216116069, 91.03728449729113, 57.738442722373954, 0.51039612241, -0.654108748257, 0.558245057016, -0.521703628415, 0.280526471679, 0.80568618133, -0.683608895734, -0.70245757462, -0.198071283965,  
1011, 2343717.7996065044, 82.40221825775643, 113.8378596045412, 79.93360964794941, 61.48944345376454, 0.524570200456, -0.819218299981, -0.231748747075, -0.663214230378, -0.222527744169, -0.714582596835, -0.533828614274, -0.528547802996, 0.660048657699,  
1012, 1528171.280576686, 71.45420770997731, 97.77110428666562, 85.0009678299488, 43.898434545531416, 0.353969249762, -0.774207017028, -0.524699213843, -0.311219797409, -0.626554092597, 0.714543355403, -0.881956919539, -0.0896295924019, -0.462729433084,  
1013, 888273.8327282836, 59.632921482836394, 112.06927355256848, 62.54176064088627, 30.25530946259336, 0.676533976331, 0.3208954242, 0.662818154245, 0.473361208133, -0.878982661997, -0.0576076951847, 0.564119619854, 0.352725965356, -0.746561081131,  
1014, 1535885.0767607717, 71.57423316911422, 142.04626164150983, 58.639883013699105, 44.01971309339738, -0.0333486631836, 0.936886587013, -0.348039350848, 0.996658133042, 0.00519257167057, -0.0815205682021, 0.0745683076407, 0.349594851613, 0.933928802009,  
1015, 2723061.284080635, 86.62759724875336, 111.92488408419527, 91.68339959764221, 63.35070385712134, 0.0792165604155, 0.661896648544, 0.745397587333, 0.394049013004, -0.707639489314, 0.586491030207, 0.915669215332, 0.247263381457, -0.316876487427,  
1016, 850092.3030606565, 58.76595860896764, 94.10139121260937, 54.51945578722411, 39.557598526800824, -0.902529561438, -0.000658063059602, 0.430627400061, 0.0101003299265, 0.999691379989, 0.0226964338676, -0.430509435513, 0.0248336813207, -0.902244376101,  
1017, 2381644.9694989, 82.8443327191873, 123.41101810444302, 77.80183817017587, 59.216757000812336, -0.333836128724, -0.491681326247, -0.80424058128, -0.929556907428, 0.313322592835, 0.194301077382, -0.156452532771, -0.812452107043, 0.561644174501,  
1018, 2132417.886461389, 79.84748395442462, 125.5819309003241, 86.91435676139194, 46.64069686771935, -0.221123729469, -0.373254642271, 0.900991269818, 0.761245070561, -0.643538854447, -0.0797727106466, 0.609598424221, 0.668235523479, 0.426439968046,  
1019, 1967734.3123393294, 77.73667303278731, 126.16393373240398, 86.48457785487048, 43.053053403402, -0.666413306864, 0.669582015537, 0.327953089487, 0.720044287382, 0.463845923681, 0.516123224912, -0.193467125485, -0.580092133677, 0.791241801097,  
1020, 765586.6571337287, 56.75035494582082, 123.50602912805404, 63.88121922045903, 23.16564470980329, -0.717641984098, -0.387701314004, -0.578513330685, -0.151162998243, -0.724180202108, 0.672839344002, -0.67980859852, 0.570307571398, 0.461096024038,  
1021, 2658393.184818157, 85.93634301675701, 128.03480220566482, 76.42912108655496, 64.85503609104119, -0.855308428758, -0.199415443679, 0.478205993812, -0.480538718713, 0.650416847099, -0.588252041923, 0.193726692824, 0.732933425238, 0.652133853327,  
1022, 1810310.7256180563, 75.60575217584092, 113.13307493930282, 81.65232089897775, 46.784973751519765, -0.756891729462, 0.644871926513, -0.106090095051, 0.613980402793, 0.64602377654, -0.453521052578, 0.223926271032, 0.408403573124, 0.884908778689,  
1024, 764089.5450132692, 56.713338850696104, 110.65269433493708, 46.64129222625918, 35.34460076457884, 0.887815889178, -0.200691805672, -0.414132522338, -0.313280821953, -0.922759136633, -0.224434182683, 0.337102467388, -0.328996010457, 0.882113117227,  
1025, 2554186.9069685857, 84.79847102052214, 114.3488490602504, 107.29535526678188, 49.699422829638436, -0.987206248146, -0.15858220657, -0.0165984150276, -0.150523551016, 0.892546009609, 0.42509326191, 0.0525973783731, -0.422153176574, 0.904997354304,  
1026, 995940.9902418497, 61.95100164749464, 112.33919375244278, 70.18411616150372, 30.156078142291296, 0.547636450649, -0.55332173724, 0.627637931469, 0.335079759896, 0.8323739297, 0.441446707614, -0.766691510602, -0.0314435407295, 0.641245219333,  
1027, 1691633.4351038346, 73.91612939033611, 121.06991352029324, 83.60596364317193, 39.89736022931746, -0.89360522782, -0.130908982748, 0.429339649984, -0.43926030245, 0.0583472010367, -0.896463044873, -0.0923042984044, 0.989675927952, 0.10964248323,  
1028, 1804845.335978552, 75.52959003338907, 113.20311339903277, 81.90355162982851, 46.471883651438546, 0.23102006501, -0.654836752722, 0.719596106748, -0.673500405496, 0.426125729721, 0.603998399225, -0.70215876649, -0.624184019143, -0.342589224709,  
1029, 2525448.6619423106, 84.47923615303074, 106.87241598470712, 83.46558521106557, 67.58913138014825, 0.328159376975, -0.219080304999, -0.918866281493, 0.818637481829, 0.551305376541, 0.160919405732, -0.471321648821, 0.805025590748, -0.360263378092,  
1030, 1963150.331633705, 77.67626167964394, 94.79267421192, 89.9131386279597, 54.98788491251398, 0.464474967409, -0.828128143752, -0.313794171674, 0.131126706527, -0.286117615832, 0.94917990747, 0.875824635121, 0.482017102847, 0.0243047542161,  
1031, 3076143.341556803, 90.2206572330186, 109.27647938004054, 91.68430279550469, 73.2987009810235, 0.289915872436, -0.949828999567, -0.117361230787, 0.490116707511, 0.0420210772611, 0.870643349532, -0.822030656319, -0.309934026283, 0.477709639241,  
1032, 3476960.553633789, 93.98034856174095, 122.21918740412146, 88.81362672029847, 76.47018792760984, 0.237843999439, 0.728706683228, 0.642196855917, 0.886310871482, 0.107649515883, -0.450404952041, 0.397345279352, -0.676312170191, 0.620256864072,  
1033, 1168587.0104746446, 65.34175803472172, 118.46591845360105, 76.00722524395042, 30.983048095656923, -0.410555068353, -0.0361124144464, 0.911120425285, -0.892376610459, -0.189415616526, -0.409616539365, -0.187372679318, 0.981232703154, -0.0455396673907,  
1034, 4215581.270926737, 100.21274361094879, 112.10212399639053, 98.50556449165906, 91.13689992338732, -0.090427586868, -0.430571789643, 0.89801491385, -0.0834643046687, 0.901813450772, 0.423988454857, -0.9923993961, -0.036611937534, -0.117486189191,  
1035, 1465087.1401940347, 70.45713005789158, 126.40491038257049, 70.41685671603166, 39.29472619312524, 0.829781542551, -0.0551347638983, 0.555358217235, -0.493529564623, 0.392101268374, 0.776328000385, 0.260559322389, 0.918268344848, -0.298147759286,  
1036, 3714563.0636050943, 96.0741112289983, 101.97235454843562, 96.8107772365131, 89.82825692763018, -0.589530339451, 0.581194766023, 0.560951533392, 0.546275455825, -0.224690859303, 0.806905907841, -0.595010172375, -0.782129568354, 0.185030357175,  
1037, 2171066.573432484, 80.32699315447499, 125.41783811623895, 68.75337640129655, 60.1078495107985, -0.458959885566, -0.138274266037, 0.877630930855, -0.804513163837, -0.354458104602, -0.476569010003, -0.376980626365, 0.924791695158, -0.0514385838792,  
1038, 2837018.056689118, 87.81954113529531, 105.20618961096524, 82.12669544810453, 78.38768717518437, 0.331123206852, -0.941825099062, 0.0576446412185, -0.477839426734, -0.11469157045, 0.870927853456, -0.813650357428, -0.315929306087, -0.488018206026,  
1039, 2151161.8507632054, 80.08075506518458, 146.79214515706053, 87.70390765541106, 39.8898788352616, 0.901470854488, 0.00738922887352, 0.432776729742, -0.359708627575, 0.568915963609, 0.739556846766, 0.240748835423, 0.822362466098, -0.515519129223,  
1040, 2257534.033808908, 81.37954031340634, 111.19533215062597, 90.1591961372333, 53.75874353173531, -0.588394488431, -0.0868345658002, 0.803897807041, -0.800998710416, -0.0731769472717, -0.594176909936, -0.11042188142, 0.993531525705, 0.0264974627706,  
1042, 1255154.6549665679, 66.9169611726346, 88.91125859070071, 69.28606545455986, 48.64138966191623, 0.377946829356, 0.100981764733, 0.920303687579, -0.792275224211, 0.549582216643, 0.265064815188, 0.479015827798, 0.829314216893, -0.287718206546,  
