# Void_ID, Void_Volume, r = (a*b*c)**(1/3.0), a, b, c, vector_a, vector_b, vector_c 

0, 1217681.8630779258, 66.2442838449323, 115.2467179927596, 79.20536670336743, 31.846525180656133, 0.733832566054, 0.352414152277, 0.580770204361, 0.429248828682, -0.903168479102, 0.00566934128828, 0.526531298285, 0.24513458269, -0.814047804675,  
6, 1757777.966129338, 74.86723642690009, 123.05268990322269, 99.88291217417297, 34.14232555579772, -0.76826174255, 0.416511938213, 0.486098447086, 0.520394750559, -0.035837903885, 0.853173457297, -0.372777679756, -0.908423607119, 0.189217735703,  
8, 1834731.3527338277, 75.94420223745576, 85.22789191366482, 82.09353095484131, 62.60271826215036, -0.734890148342, 0.125698768847, -0.666435510293, -0.499965643473, 0.563542357425, 0.657612626654, -0.458225736091, -0.81646789949, 0.351296660795,  
9, 1758187.2857395052, 74.87304721951644, 141.92096711196922, 66.97521626726082, 44.15865522354204, 0.537889803239, 0.749474274402, -0.385957085154, 0.515722363238, 0.0696164257987, 0.853922711558, 0.666862057421, -0.658363019366, -0.349074678406,  
16, 1519842.0746168147, 71.32415217775403, 132.4889249514759, 64.15582646806992, 42.68685645770492, 0.484080476127, 0.0283371687004, 0.874564518776, 0.722133884285, 0.55149916363, -0.417577927677, 0.494154576828, -0.833693995052, -0.24650674801,  
19, 2030897.2998030952, 78.55969420641588, 125.07023578418612, 81.3902463980258, 47.629170833870724, 0.925580917942, -0.370874729326, 0.075841278261, 0.258712538377, 0.766001324674, 0.588480919898, -0.276347221494, -0.525065620418, 0.804946151881,  
22, 405600.9631133947, 45.92016671226726, 122.14552789610818, 114.39173204406376, 6.930078620207377, 0.324030133822, 0.107495007331, -0.939919834759, 0.181122258962, 0.968096607076, 0.173157981846, -0.928546821482, 0.226348807745, -0.294222734589,  
28, 1884148.6169358655, 76.62000609416394, 120.13504380950445, 84.32618256048337, 44.40116805450004, 0.256528757129, 0.832617624063, -0.490857299901, -0.490031874952, 0.54978052315, 0.6764688743, 0.833103690003, 0.0670020034444, 0.549043689735,  
29, 1298576.961915099, 67.67989789340244, 147.12921128514247, 62.414624822421814, 33.75932956895524, -0.351399302705, 0.9335052067, -0.0713201172305, -0.0240385737892, 0.0671568968933, 0.997452804984, 0.935917024649, 0.352218654053, -0.00115875294629,  
33, 879857.251497817, 59.44397864175611, 142.85306638544347, 54.060414376747126, 27.19910859778466, -0.552439922238, -0.798694078473, 0.238532809755, -0.758115878051, 0.362472266734, -0.542101624509, -0.346511829184, 0.4803140898, 0.805746813444,  
39, 2210740.6987615633, 80.81334172729778, 140.16853709648208, 100.40729684256478, 37.50018249644319, -0.572627326706, -0.37912813221, -0.726883624851, -0.0980743919849, -0.848595548587, 0.519872107884, -0.813928349639, 0.368981644917, 0.448746239391,  
42, 1493589.250032501, 70.91109470712955, 109.77232347068592, 79.7343893405541, 40.73840681108205, -0.433238730718, -0.233510495017, 0.870503906323, 0.139116245263, 0.936952775474, 0.320571625126, -0.890477889961, 0.259985278909, -0.373439127892,  
43, 1843813.416504305, 76.06930595423236, 134.07691926926708, 69.8956728878232, 46.970377305455536, 0.579111550606, -0.0981963592992, 0.809312848641, -0.542956435105, -0.786975747115, 0.293031539311, 0.608134953388, -0.60911956829, -0.509063090387,  
45, 2015334.4886818295, 78.35851121076796, 132.19263062137665, 86.36712042374198, 42.14080647567546, 0.554188280852, -0.812702232767, -0.179973415321, -0.49183742226, -0.494141903527, 0.716881949308, -0.671543966864, -0.308769914394, -0.673565023241,  
52, 1385370.2195154023, 69.15534402074043, 88.55707021557453, 63.11059775321594, 59.176831030563825, -0.566930793534, -0.122887994623, -0.814547737165, -0.808536871014, -0.10624103402, 0.578775406269, 0.157662942869, -0.986717479053, 0.0391281609343,  
56, 1194300.418828929, 65.81754187732257, 116.389012083829, 74.97280165194708, 32.67452276793658, 0.566986308385, -0.72395221309, 0.392962745393, 0.292944471279, 0.62308256991, 0.725225239372, -0.76987665431, -0.296076517538, 0.565357084427,  
61, 514846.8143851025, 49.7198496697335, 140.52513107109792, 45.41163778174626, 19.26053101162936, 0.69891646022, -0.426765853582, -0.573922196687, -0.558286993809, 0.176016650933, -0.810761229425, -0.447025071083, -0.887067666422, 0.115236890847,  
67, 3245173.2037468567, 91.84378162835982, 136.69295492876037, 91.35061238334487, 62.042841093036145, -0.963939321662, 0.218224535873, -0.152312297915, 0.220004794154, 0.975484530433, 0.00527460275076, -0.149729338148, 0.0284250387523, 0.988318340652,  
76, 1522292.8246596942, 71.36246839540046, 111.49381483516082, 78.06451452736378, 41.75467930045151, 0.789541699423, -0.415129978431, -0.451985625744, -0.387261366681, 0.234323329582, -0.89169569422, -0.476080391056, -0.879067504929, -0.0242442370556,  
94, 275946.7415348682, 40.38736818716316, 133.83121838022961, 58.00859839382713, 8.485684039090026, 0.213791088249, 0.975684737718, 0.0482976518009, 0.674419836788, -0.183184660769, 0.715263073146, 0.706718652883, -0.120343976347, -0.697184389545,  
100, 1879237.1178226292, 76.55337183248749, 146.73651373605404, 84.73856800776626, 36.08059205112202, -0.613147176869, -0.50593468524, -0.6066964923, -0.783760014378, 0.293504773706, 0.5473346213, 0.0988472526672, -0.811101129381, 0.576492999574,  
116, 2772718.667906397, 87.15100488007087, 126.14040014254597, 76.15436424310172, 68.90777007055614, -0.114206491527, 0.637804282111, -0.761684038833, 0.989832619037, 0.138485401501, -0.0324527327234, -0.0847836280373, 0.757646019782, 0.647135414829,  
117, 1562104.218467702, 71.97921931088787, 100.7727051134623, 83.32164471218258, 44.41407740060626, 0.626461408094, 0.652971341037, -0.425646017195, 0.714356284766, -0.699448088678, -0.0216210466973, -0.311835217037, -0.29051815611, -0.904631415763,  
119, 1537096.8376989383, 71.59305143054272, 124.77513485222208, 84.66076245492884, 34.73780688187605, -0.108598645654, -0.710952362555, -0.694804341048, -0.100388100323, -0.687521740751, 0.719191271713, 0.989003823792, -0.147853285968, -0.00329277280651,  
126, 2662135.306802903, 85.97664725067219, 135.29194655550916, 74.26113837171718, 63.256909240128124, -0.754348714559, -0.599901613068, 0.266600959266, -0.594433857858, 0.796531488922, 0.110390107296, 0.278579262465, 0.0752040011863, 0.957464334965,  
137, 462506.8695598326, 47.974433977404736, 95.50641581868226, 51.96410596813146, 22.24813297056059, 0.397799295388, 0.91649594323, -0.0423191048024, 0.59199228759, -0.221164795228, 0.775004041787, 0.700928564137, -0.333348645406, -0.630537729706,  
139, 2281863.192317291, 81.67083539075233, 126.4026844244948, 83.8077999393698, 51.42333708487778, 0.258642824713, -0.162043080322, 0.952284584221, 0.902369162386, 0.392339614949, -0.178324202836, 0.344722763972, -0.905434518152, -0.247698504918,  
143, 298785.8625916301, 41.472206761666385, 93.06329974308078, 47.669781595949324, 16.07865903980463, 0.364770867, 0.278925108391, 0.888337209903, -0.684092034895, 0.727505497946, 0.0524770259391, 0.631633044086, 0.626846499845, -0.456183256215,  
154, 1977960.0621490772, 77.87109882785315, 118.42155321631245, 83.1879613475709, 47.933338117800716, 0.712386524547, 0.07367009998, 0.697909848056, -0.345195763157, 0.902636183932, 0.257075484158, -0.611019905358, -0.424052633319, 0.668456460386,  
159, 1293076.2042649938, 67.58419887292757, 112.11983040728416, 77.75305791874804, 35.410788712691804, -0.422268905683, -0.875783262866, 0.233864592825, -0.115663647294, 0.307942351539, 0.94434815022, -0.899061116937, 0.371719228198, -0.23133076622,  
164, 874201.8421259988, 59.31634320303144, 102.41936985239172, 48.75744149436455, 41.792668318042644, -0.176022975431, 0.906808284987, -0.383033479477, -0.254024112932, 0.334086559951, 0.907666194429, 0.951045562615, 0.257069844089, 0.171544259859,  
181, 550192.2677875111, 50.83255717317125, 82.98991097405863, 56.27320951401163, 28.125411743059477, 0.423715067565, 0.904476262564, 0.0488695403811, 0.421083683444, -0.244456401696, 0.873458412981, 0.801968872872, -0.3495193244, -0.484440056989,  
187, 598666.8523401057, 52.28360613304001, 136.04268144944544, 72.7820131023503, 14.434354124882358, -0.814377136103, 0.523050615514, -0.251411880793, 0.0715410989558, 0.520396188457, 0.850922839157, 0.575909499273, 0.674985822555, -0.461218373438,  
191, 1049303.0679556977, 63.03824461267292, 99.8522020943359, 76.14802840720512, 32.94549393317974, 0.694421653689, -0.650289549118, -0.308061794442, -0.0791167151605, -0.494525444478, 0.865554810596, 0.715205643343, 0.57668716569, 0.394857949975,  
200, 439504.2242875392, 47.165540404420426, 84.20640205781235, 59.67652964210472, 20.879773019899993, 0.868166275533, 0.0779204637264, 0.490118066755, -0.42511419514, 0.62632661414, 0.653446932436, 0.256057101284, 0.775656737064, -0.576880739087,  
205, 2812457.5941333394, 87.56538427297473, 122.34877031787305, 85.5962894989832, 64.11251680898174, 0.33026899339, 0.678979091299, -0.655675060974, 0.736403441272, -0.619896104097, -0.270995925815, 0.590450983307, 0.393339819626, 0.704735001691,  
222, 590078.5420937344, 52.032385543588866, 100.19948338298194, 67.68139279312405, 20.77238881334482, 0.400362363948, -0.781956135953, 0.477759959582, -0.424137355603, 0.304030507592, 0.853037486887, -0.812291500088, -0.544159950657, -0.209934434969,  
231, 2519553.5439734315, 84.4134520573227, 132.26504783159797, 100.23165575606805, 45.37169300260035, -0.888589497061, -0.177535586156, -0.422953687018, -0.436787784736, 0.0458846589713, 0.898393582555, 0.140089745589, -0.983044105684, 0.118318001427,  
232, 2355039.465131346, 82.53469042858052, 112.19992779995209, 89.88243370635463, 55.749654397838675, -0.439589002373, -0.563207314443, 0.699684950496, -0.89540635164, 0.336163846002, -0.291961185919, 0.0707741085055, 0.754845275271, 0.652073336341,  
236, 841559.3381429516, 58.568672159898696, 122.86033308297151, 53.65328712043553, 30.478115541000037, 0.84995630772, -0.276640837022, -0.448379440049, -0.353010956643, -0.930794592206, -0.0948930535369, 0.391097864296, -0.238937804483, 0.888791981361,  
239, 1793943.330097167, 75.37720623552623, 114.04638658532164, 90.53272655532682, 41.479449175272926, -0.622957579216, 0.105695912498, -0.775082078607, -0.596730267902, 0.576457048716, 0.558220617996, -0.505803165141, -0.810262701269, 0.296036337409,  
246, 601822.2139878989, 52.37530136738836, 130.0797265349666, 38.52971153419742, 28.666470984259416, -0.0179612269182, -0.991253228786, 0.130745672012, 0.156236693572, 0.126377827732, 0.979601316985, -0.987556322399, 0.0380221130377, 0.152600226117,  
252, 2216139.2147106966, 80.8790689407105, 121.30991078773617, 86.33804819051787, 50.513785939970035, -0.111133639677, 0.146830091947, 0.982898895223, 0.665443830062, -0.723583984929, 0.183332282445, 0.738128595276, 0.67443838922, -0.0172926568962,  
319, 2356131.5928954263, 82.54744668995382, 119.52789246221909, 105.59207005161817, 44.56668871455971, 0.0829009120746, -0.969210256794, -0.231859692277, 0.224412105396, 0.24484072338, -0.943234979804, 0.970961711773, 0.026162918426, 0.23780003358,  
321, 4440726.273138944, 101.96594101650919, 131.13820119616483, 102.83241662273835, 78.6151288230442, 0.302576073059, 0.738163535688, 0.602961287806, -0.332763623672, -0.510994326113, 0.792561145554, 0.893149534385, -0.440453622145, 0.0910193164473,  
324, 1403554.0126705181, 69.45659788766869, 139.75478703389655, 93.76088723197805, 25.571259517399994, 0.892147602329, 0.267999328036, 0.363660577779, 0.39413919002, -0.855145404655, -0.336720411896, -0.220741827818, -0.443737193696, 0.868544960484,  
327, 1313604.8610121792, 67.93997444781364, 142.87526406416626, 49.31203561911247, 44.51087797202337, -0.188847504586, 0.836274444611, -0.514763706279, 0.962100053407, 0.0525509289671, -0.267585289391, 0.196723428308, 0.545787003468, 0.814503799623,  
332, 2687865.2642934946, 86.2527522366323, 105.88015067222452, 93.92591769499407, 64.52364423085699, -0.91517645856, 0.36369357809, -0.173721129841, -0.331947713985, -0.435650168675, 0.836671767011, -0.228610509114, -0.823368636632, -0.519424030377,  
336, 1783303.3307941023, 75.22788820295249, 109.49690997968555, 81.99227243306517, 47.42003004405085, -0.440395174635, 0.678187543112, 0.588314326297, -0.182275649664, -0.709173924381, 0.681063824115, 0.879106181128, 0.192701845726, 0.435933849289,  
345, 1211297.5871159965, 66.12830854106687, 120.01826764741949, 57.83206417567426, 41.66258332961883, 0.508713888906, -0.800573048731, 0.316690658024, 0.334869213104, 0.52287475373, 0.783877925462, -0.793141090443, -0.292719636439, 0.534080916242,  
352, 1827673.4987618686, 75.84669625271755, 117.21182093734737, 87.30096089222972, 42.64023293605863, -0.124072877387, 0.252605194665, 0.959581438298, 0.96236774989, -0.204994685795, 0.178397008853, 0.241773106588, 0.945604459816, -0.217664812284,  
355, 2455314.4403005093, 83.6898590148926, 110.07235293968061, 92.44989993753576, 57.60150266187526, -0.555416826704, 0.563632728734, -0.611416630224, -0.72185481726, -0.691810489645, 0.0179963667234, -0.412841097049, 0.451349524778, 0.791104187241,  
371, 1548161.8940615968, 71.76443248508647, 148.6988002846411, 75.97153403116563, 32.71669338716767, 0.848972537412, -0.289669011421, -0.441970015435, -0.309254341134, -0.950538738491, 0.0289457962104, -0.428494321095, 0.112106959868, -0.896562683998,  
377, 1260940.9795689646, 67.01963371787917, 118.76831918645644, 70.29694455473569, 36.05529810189196, 0.575753282638, 0.813397041962, -0.0830265599656, 0.734746413206, -0.470170812629, 0.488965351771, -0.358686305583, 0.342526873514, 0.868342947866,  
386, 1755107.1134410477, 74.82929824110039, 100.85852328448672, 89.38891119117257, 46.47493217054517, -0.563203818377, 0.136280736521, -0.815002466143, 0.826286741856, 0.101463729977, -0.554035496816, -0.00718882459035, 0.985460639677, 0.169751725907,  
387, 483759.70078518294, 48.69828786570673, 96.87440418752699, 36.15120705034281, 32.9768547011109, -0.435571579112, 0.573086866325, -0.694153328246, 0.896707728628, 0.208831226272, -0.390262435231, 0.0786933852924, 0.792439879473, 0.604852369204,  
400, 1160742.4604020712, 65.19521982660676, 86.00277758747802, 64.95495231356307, 49.60466444522727, 0.563406179678, -0.48421865358, -0.669407030308, -0.295342145594, -0.874746232519, 0.384177102038, -0.771586996869, -0.0187436447724, -0.635847609136,  
404, 1091713.10557868, 63.87633229878345, 117.4503446906384, 61.63386447605786, 36.003624188097724, 0.40189892951, -0.201679591552, -0.893197958355, -0.802592663822, 0.392002908063, -0.449642898364, -0.440819993238, -0.897585128231, 0.00432101150709,  
408, 2670314.472449871, 86.0646090051002, 106.00145926171596, 93.21312393469057, 64.51859378006868, 0.805727636476, 0.466917399134, -0.364405156667, 0.309966334638, 0.191857049438, 0.931188350428, -0.504701740844, 0.863237519439, -0.00985585219633,  
409, 2893852.2697504377, 88.40210013074045, 115.51572428117744, 98.56084114556499, 60.67953454079188, -0.255365333143, 0.277378754866, -0.926201691306, -0.960014831803, -0.186407987134, 0.208862598496, 0.114717345448, -0.942503627941, -0.313889856433,  
419, 1417292.386955486, 69.68248259616311, 102.4216824701362, 78.82637896943545, 41.909006199385566, 0.595298105122, 0.355533040981, -0.720566737234, -0.702909870229, 0.664896872657, -0.252645726395, -0.389278666731, -0.656892993951, -0.645719532093,  
420, 2133887.071096716, 79.86581740995591, 128.46904191053426, 85.25444599951169, 46.512244878114345, -0.432363675536, 0.54053066774, 0.721725882389, 0.90131678352, 0.23576171553, 0.363379236109, -0.0262622889622, -0.807615633035, 0.589124164719,  
421, 2411041.111072803, 83.18378331299986, 116.09186310780281, 79.00223581727225, 62.75883064890094, -0.26776985091, 0.926650494149, 0.263852550939, 0.09000494143, -0.248597539601, 0.964416079201, 0.959269731338, 0.281989583137, -0.0168361973362,  
422, 919340.9208331313, 60.32018442860046, 89.05170377869678, 78.62326990761017, 31.346903516165806, 0.402483209866, -0.0975414001508, 0.910215876061, 0.873740124841, 0.337568679824, -0.350179354965, -0.27310338705, 0.936233443997, 0.221091560951,  
423, 682878.8634001267, 54.62838402678071, 98.738071774084, 57.04674068637904, 28.942735988263024, 0.249449809637, 0.913193310529, 0.322261958781, 0.848485018577, -0.366500097618, 0.381773298825, -0.466741861977, -0.178201167367, 0.866254222632,  
425, 3235495.9362876383, 91.75239649226701, 126.31010140924063, 112.66318093676414, 54.279039832390836, -0.150164382687, -0.672104733855, 0.725069572456, -0.86917216241, -0.25975788467, -0.420791627107, 0.471158582925, -0.693398203114, -0.545168342491,  
429, 2166385.8159509166, 80.26922405123983, 137.44712826966682, 83.65313846191445, 44.981018465437984, 0.781545828733, 0.353897616499, 0.513753437581, 0.530932854196, 0.0550803877471, -0.845621933976, 0.327561325442, -0.933660874152, 0.144848024332,  
439, 1120641.113266574, 64.43561541168313, 122.46128516616612, 84.959673456302, 25.713801965299048, 0.748281708328, -0.471013151707, -0.467141408891, -0.486302445785, -0.868428664065, 0.096651883859, 0.451203298088, -0.154849172904, 0.87888413198,  
458, 2065655.4600930219, 79.00533616670413, 107.26481205387502, 72.84817304721729, 63.109295958689316, 0.0205456113677, -0.640129867292, 0.767991947129, -0.938752739745, 0.251932678941, 0.235102571027, 0.343978446237, 0.725784870525, 0.5957475558,  
463, 2778066.510863162, 87.20699932957568, 113.0722318794979, 88.24339403241255, 66.46849747094193, -0.958614268, 0.104355630299, -0.264893540147, 0.204837812946, 0.898987311788, -0.387121794313, 0.197737592719, -0.42536068891, -0.88315804291,  
468, 1684522.2180383068, 73.81240874962646, 121.0493413673959, 64.73056802652937, 51.323502359170256, -0.396196104938, 0.768090414353, 0.503056420106, -0.268831500821, -0.620924121458, 0.7363306727, 0.877928397193, 0.156493932056, 0.452494617241,  
482, 1551429.1439478286, 71.81488103829459, 146.03470532560496, 56.45674349147957, 44.92327748687553, 0.502515377138, -0.611100462874, 0.611583616536, -0.530531983629, 0.340584153045, 0.776233372796, -0.682652261468, -0.714533875313, -0.15305956665,  
495, 2468253.876456922, 83.8366158941311, 111.18081344957507, 80.83190594326061, 65.56748899877653, 0.417115436231, 0.464876037275, 0.780964136709, 0.704785441478, -0.70799122388, 0.045010092089, -0.573839868203, -0.531637749672, 0.622951931359,  
496, 1438423.1141310923, 70.02707954382231, 145.47996042502584, 64.52405393714055, 36.582486756852106, 0.180276950636, 0.680126742377, 0.710582743509, 0.464603597889, -0.695630099586, 0.547943666245, 0.866973885361, 0.231357685961, -0.441395404653,  
497, 489925.96380489756, 48.90432648280404, 130.72276702760155, 39.61265948947819, 22.586899190566925, -0.0565284563117, -0.593385611549, 0.802930912118, -0.955571573699, -0.200867176235, -0.215720525331, -0.289287920876, 0.779452303556, 0.555667711242,  
499, 2589057.926154588, 85.18263155313103, 112.09258962297756, 94.77264019076893, 58.18262026545226, 0.412845318933, -0.756424209078, -0.507327466786, -0.804051118281, -0.564344647991, 0.187128077729, -0.427855748853, 0.330662266073, -0.841190777392,  
511, 235711.44247631246, 38.32045750416154, 132.72193106556728, 28.441459231708187, 14.907248449425254, -0.6577327156, -0.753250628183, 0.00107980162494, 0.375193086865, -0.326372039015, 0.867589441913, -0.653159875067, 0.57104709376, 0.497279995888,  
512, 470066.461004431, 48.234400537745834, 125.74962365910467, 97.69778836862255, 9.134383261403308, 0.412533504586, 0.261709747518, 0.872538890622, -0.72283856009, 0.676951874526, 0.138710402001, -0.554364973318, -0.687927443579, 0.468439226291,  
515, 659714.1123034747, 54.00355977914449, 115.58737242277434, 67.50304292826502, 20.18521702871201, 0.0433415091283, 0.190697490968, 0.980691582775, 0.229457447114, -0.957273340551, 0.176002930184, 0.972353224682, 0.217398754385, -0.0852466306765,  
516, 1731359.5774661978, 74.49027109176083, 111.47140753071352, 74.64082209163917, 49.67738943182433, -0.298387760653, -0.568778997408, -0.766456258635, -0.937658076215, 0.324637626961, 0.124127931065, -0.178219180791, -0.755712156359, 0.630188115033,  
524, 637768.5035172601, 53.3979789039751, 120.87483740923824, 53.613784393820744, 23.49427738189125, -0.478606871278, -0.0569473969964, 0.876180607376, -0.868223026309, 0.179418958768, -0.462598761154, 0.130859616967, 0.982123124262, 0.135314187865,  
527, 730189.6331622779, 55.861897614915435, 104.42284186314298, 48.57870168787477, 34.36415279920364, 0.287634835221, -0.881639067033, 0.374137350512, -0.741254573055, -0.452298931104, -0.495950939961, -0.606471647723, 0.134678255124, 0.783615918741,  
543, 1040459.3265479575, 62.860644975138094, 103.57447330072713, 68.96759698830152, 34.77272055472058, 0.569654558973, 0.471878194374, 0.672922471847, -0.390426683409, -0.565109109488, 0.726786556876, 0.723229346974, -0.676744164399, -0.137683142135,  
554, 3271926.3914658753, 92.09547775146794, 120.68439639659032, 98.04902334256086, 66.01163973146005, 0.0888959454686, -0.932372740951, 0.350397749437, -0.46171542058, -0.350284892642, -0.814935190297, 0.882562395119, -0.0893396100144, -0.461629778941,  
577, 2644270.095883819, 85.78388973758686, 118.67730008483308, 112.05869396069284, 47.46833408221529, -0.522705974502, 0.737077483469, 0.428363452671, -0.702593185375, -0.0878636652609, -0.706146438206, -0.482847056618, -0.670072204834, 0.563792479752,  
580, 713721.0846188666, 55.43873421332429, 125.45331950723616, 64.48575515097049, 21.06172656762685, -0.466738086025, -0.87744588483, 0.110653866846, -0.108657652591, 0.181063412884, 0.977450538415, -0.877695319338, 0.444190004063, -0.179850400899,  
583, 373804.479996847, 44.68742163723372, 120.19946858307026, 64.91863198241226, 11.436259087009145, -0.941793105213, 0.250702031777, -0.223996067455, -0.0497105287338, 0.555103739187, 0.830294346647, 0.332497534285, 0.793100453917, -0.51033034369,  
602, 1179016.5166907571, 65.53557183847704, 131.79730366370418, 87.76379004719688, 24.333769198366568, -0.796985511926, 0.146021625621, -0.586081716684, 0.0646440336591, 0.985384718682, 0.157601094858, 0.60052913559, 0.0877191030452, -0.794776771344,  
631, 1082578.3880825762, 63.697675080219376, 115.15841974597485, 92.55986251211647, 24.246683641365948, 0.623775567459, -0.315305196856, 0.715182965594, 0.656061557081, 0.70857418497, -0.259818894068, -0.424837939409, 0.63127272809, 0.648850882722,  
636, 617928.050006769, 52.83841321152298, 87.14457358206757, 57.45779444083312, 29.461849057950303, -0.95232621096, -0.178018034384, -0.247758687743, -0.303644646882, 0.631802313475, 0.713180036953, -0.0295756037593, -0.754410641575, 0.655736126457,  
656, 1373630.9283424173, 68.95945446442535, 91.98083881087024, 74.81673926935599, 47.652458214768416, -0.198272683888, -0.979255625406, -0.0417895074725, -0.840448444638, 0.191796176534, -0.50681420518, 0.504315729211, -0.0653654861362, -0.861041809956,  
679, 1736056.4446569623, 74.55756984199888, 124.74309669274737, 97.80416113893723, 33.97045614769654, -0.613884047615, -0.787982137875, 0.0472284498465, -0.78616962394, 0.615683528358, 0.0535827892414, 0.0713000594601, 0.00423595311308, 0.997445917442,  
699, 4224440.649099784, 100.28289616471986, 110.91854418263995, 102.4501997983221, 88.74903369438125, -0.462974076143, 0.850111511236, 0.250929120038, -0.504969543352, -0.0203049807721, -0.862898295307, -0.728464662909, -0.526211104234, 0.438681101341,  
700, 958142.6323427662, 61.15714246610306, 170.56283090801128, 88.9098154179315, 15.083684884472802, -0.992776164367, -0.101337218357, 0.0642359372976, -0.103412368227, 0.994190856085, -0.0298399694217, 0.0608388819963, 0.0362672007885, 0.997488506492,  
701, 3991011.8684089924, 98.40068838728872, 108.67252533232933, 94.64460836752075, 92.63578203078191, 0.234633195689, -0.445638266615, -0.863917703725, -0.890754529, 0.257292739433, -0.374642249755, -0.389234675418, -0.857442115576, 0.336584886603,  
702, 1465405.0208350285, 70.46222539486736, 130.3150433290624, 68.18563421893076, 39.37146986838365, 0.019988779758, 0.999784185422, 0.00565961688277, -0.839128323233, 0.0136986287759, 0.543760981239, 0.543566100702, -0.0156182633199, 0.839221045982,  
703, 2699206.2015248714, 86.37389106003951, 119.0113992266604, 77.57536550267643, 69.79672771113482, 0.0779342846873, -0.984296327396, 0.158388721644, 0.368079659953, 0.176055552945, 0.912974154183, -0.92652232094, -0.0128523208411, 0.376020221065,  
704, 2766184.5637400104, 87.08249190081273, 126.89238833802476, 91.32727991740641, 56.98446164493538, 0.0890282156785, -0.629491093851, 0.77189049714, -0.946641528351, -0.294477665656, -0.130968397832, 0.309747951752, -0.719043717163, -0.622119232297,  
705, 2985172.2435120563, 89.32237495945031, 109.08268776476899, 92.68865628050307, 70.48527022553807, -0.116767525486, 0.69717436862, 0.70732824398, 0.34264090549, -0.640193722293, 0.687567602365, 0.932181610458, 0.322645157529, -0.164126620164,  
706, 2536513.537483361, 84.60243411545086, 107.31279988157782, 84.49227520144764, 66.78517128655544, 0.381367048213, -0.918765583247, -0.102122365705, 0.368551970578, 0.0498018515335, 0.928272169445, -0.847778638278, -0.39164981632, 0.35760565132,  
707, 2377607.554804087, 82.79749308902957, 119.76920303592878, 85.37998507033372, 55.50732885114117, 0.896612636133, 0.111586525266, 0.428525644629, 0.377023411649, -0.699925147375, -0.606595528455, -0.232247987709, -0.705445416352, 0.669632463933,  
708, 2272149.0163242817, 81.55477623361547, 103.01621526949776, 78.49948697346117, 67.07733392820843, -0.865298834628, 0.465383939031, 0.186214167247, 0.45092570183, 0.560463570391, 0.694655740417, -0.218915367713, -0.685053556707, 0.694822053638,  
709, 3047086.4655366954, 89.93568695590996, 107.63707180456588, 90.48780169906235, 74.68686954693023, -0.858452288732, 0.358723936003, -0.366574420424, 0.156631904956, 0.863933891963, 0.478627910455, 0.48839135365, 0.353461975402, -0.797833640319,  
710, 3621445.240717594, 95.26450264892249, 107.14258664257727, 102.48108378932953, 78.73856160067467, -0.537475423509, 0.762312973896, -0.360553878018, -0.487119475892, 0.0683497100326, 0.870656610464, -0.688356582979, -0.643589346531, -0.334601206963,  
711, 276210.31567301526, 40.40022293616558, 103.90053997170362, 32.74788716307528, 19.379840348969108, -0.17270316709, -0.198076210155, 0.964852025467, 0.141673356836, 0.964389893527, 0.223340084232, -0.97473189957, 0.175265365183, -0.13849106732,  
712, 2128831.1608233773, 79.80269102402968, 130.1669539540987, 99.22080361952958, 39.3503977998817, 0.500932540798, 0.227446805773, 0.835065590306, -0.798099838928, 0.494651722852, 0.34402953388, 0.334818214367, 0.838801301634, -0.42931240339,  
713, 1341967.2931974246, 68.4254676054892, 94.40729003710526, 66.22308871445924, 51.24344958287555, -0.918293653078, 0.394365277634, -0.0348251993995, 0.012814696138, 0.117527141838, 0.992986986065, 0.395692494596, 0.911407372544, -0.112978099615,  
714, 1589625.2353911712, 72.39946880137562, 112.58366919527953, 73.50950155695375, 45.8550596549024, -0.992367918419, 0.122207728331, 0.0164677147527, 0.113971077115, 0.857991729492, 0.500860046026, -0.047079805375, -0.498914284482, 0.865371613046,  
715, 3497347.336676877, 94.16367193939628, 111.15963050360564, 100.41345193151531, 74.80164782393177, 0.937412072042, -0.289631314745, 0.193319188674, 0.0810079115588, 0.721310239543, 0.687858456803, 0.338668459493, 0.629146437524, -0.699627354164,  
716, 1997094.4266801996, 78.12139625696568, 121.45247916797169, 86.01626468856517, 45.63762410182542, -0.234448020177, -0.925519063666, 0.297403074337, 0.682206594266, 0.0613075646837, 0.728584617771, -0.692552011458, 0.373705559636, 0.61702177119,  
717, 2123473.019202189, 79.73568189501225, 110.27137601040822, 85.08105730759904, 54.03342112377019, -0.00374723637149, 0.124725133146, 0.992184256769, 0.409835656552, -0.904843698538, 0.115293607084, 0.912151683021, 0.407064518692, -0.0477261436138,  
718, 1670461.338698049, 73.60646141795989, 105.72641574759342, 75.69797223352799, 49.828758203926135, 0.346217878404, 0.372292329033, 0.86112229237, -0.356025282601, -0.797086527796, 0.487748977811, 0.867974180966, -0.475448723786, -0.143420124903,  
719, 2669302.929628392, 86.05374024370347, 108.06738935867321, 86.98722747250476, 67.78898086697806, 0.679890230863, -0.511383876662, -0.525581396806, -0.586951811443, 0.0501433217757, -0.80806758277, -0.439587130181, -0.857888208318, 0.266065738131,  
720, 2589622.78058011, 85.18882586383766, 98.1331768659513, 88.47980692854371, 71.20129174752915, 0.48490309427, 0.775447445475, 0.40441346228, 0.635498922245, 0.0052688030211, -0.77208377754, -0.600841167858, 0.631390132185, -0.490241156969,  
721, 2646091.9315695465, 85.80358619668506, 112.52231995858499, 99.49198521152996, 56.42733569182399, -0.271782863691, 0.557326381526, 0.784551706046, -0.234820425437, -0.82900250156, 0.507557110288, -0.93327029461, 0.0462834404704, -0.356180291898,  
722, 1833963.464286272, 75.933605806339, 125.69370255515192, 71.98685054574676, 48.38774434314326, 0.323343789044, -0.0963366503046, -0.941364989733, 0.639220882779, 0.755757990771, 0.142219978926, 0.697743116847, -0.647726106618, 0.305950050988,  
723, 2123288.4525789185, 79.73337169032659, 112.87911920701585, 81.1364824152621, 55.34655594634188, 0.87045040637, -0.389723434756, -0.300718696546, -0.226600295878, -0.859557432798, 0.458053845776, -0.436999308877, -0.330570210581, -0.836513562303,  
724, 1853124.4877306554, 76.19713844791828, 103.88562043344533, 74.42320749299304, 57.22056800011631, 0.758300817529, 0.11974826983, 0.64081215813, 0.488785565974, 0.5459889084, -0.680429851197, 0.431356628128, -0.829190245829, -0.355492609758,  
725, 1542392.6473995382, 71.67517780751712, 104.08823097987484, 75.5483040774839, 46.82523759742451, 0.634614902596, -0.314438885623, -0.705968917596, -0.559805237491, -0.816811642167, -0.139416058248, 0.532805800907, -0.483680605801, 0.694385375776,  
726, 2982385.8671604055, 89.29457497447491, 116.30469976347504, 97.51484354180647, 62.77796456283917, -0.150904263721, 0.988532328608, -0.00563369223403, 0.475263742993, 0.0775460753388, 0.876419409185, 0.866805790121, 0.129577935996, -0.481515607968,  
727, 2128800.768594208, 79.80231125487738, 103.0370513917685, 94.73820049285995, 52.06284010027842, 0.607832555481, 0.555738479481, 0.567181035404, 0.716223329814, -0.0752764071725, -0.693799397775, -0.342875671823, 0.827942150725, -0.443788315219,  
728, 3267979.6686300845, 92.05843315596313, 118.83290778151876, 110.1314467952114, 59.61323194587563, 0.17112155111, -0.982982206344, 0.0668086577922, 0.922925178614, 0.136193370681, -0.360083990846, 0.344857259495, 0.123277523469, 0.930524649206,  
729, 3419347.1777877947, 93.45836873262861, 116.75928234731363, 98.83790473158366, 70.73586064045557, -0.255719277465, 0.812723863566, -0.523533735993, 0.966674549843, 0.221773795562, -0.127893308225, -0.0121641201513, 0.538791522941, 0.842351309721,  
730, 3633686.922200176, 95.37172375709497, 118.70432926879798, 94.90568988719185, 77.00165997543237, -0.872404487857, -0.124652841727, 0.472622554071, -0.473864321669, -0.02138948494, -0.880338056989, -0.119845793487, 0.991969837739, 0.0404082516346,  
731, 2842220.1364602945, 87.87318493823612, 98.52873963116946, 87.11294838565678, 79.0539295540601, 0.321703495796, 0.742613280306, 0.587394566459, 0.823173982489, -0.525902043305, 0.214036528191, -0.467858371033, -0.414671625218, 0.780484457176,  
732, 2666131.8577615246, 86.01965010447246, 100.02338888468219, 88.3925744637711, 71.9905791198829, 0.102100128707, -0.92085289105, -0.37630508469, 0.134843814055, -0.361979014488, 0.922381883431, 0.985592567712, 0.144917721883, -0.0872132120438,  
733, 4440618.168561438, 101.96511359371509, 108.52567728290171, 100.53552680505837, 97.16341250258563, -0.165871956259, 0.889374655263, 0.42602724878, 0.688274668942, -0.20497812326, 0.695889322434, 0.706232592153, 0.408652286866, -0.578133924121,  
734, 3179690.994393589, 91.22182765080228, 118.68539411880883, 86.22904338761315, 74.17293480909264, 0.591476380461, 0.617348024699, -0.518687871226, -0.428706818506, 0.785593491271, 0.446153931104, 0.682910063715, -0.041524485227, 0.72932130231,  
735, 2112761.496870453, 79.6013845001811, 110.99533704762601, 83.16012663854875, 54.64393776370683, 0.438899849894, 0.866756266014, -0.236855434997, -0.243056048532, 0.368298627989, 0.897373878544, 0.865037963927, -0.336288114488, 0.372316565598,  
736, 3832375.7229065327, 97.07926741007098, 117.63721200122562, 105.94618780627026, 73.40901782638343, 0.473287720003, -0.51294312159, 0.716162054362, 0.668205633722, 0.738805377185, 0.0875662361069, -0.574020875192, 0.437099495146, 0.692418996119,  
737, 3187199.4932270306, 91.29357472279337, 136.07960074200963, 97.36351303317757, 57.42901618397575, 0.378151827754, 0.0147860333273, -0.925625501153, 0.612784673279, 0.745465142484, 0.262253056294, 0.693899228534, -0.666380592875, 0.272838351556,  
738, 4333508.508812876, 101.13861795813123, 128.0718092890636, 93.54523171993733, 86.35268470158098, 0.727210020364, 0.386615055177, -0.56718108695, -0.317028271603, 0.922058721074, 0.222037811862, 0.608817428534, 0.0183443179958, 0.793098244047,  
739, 1669584.2490067095, 73.59357659995786, 118.21471330415294, 85.58676180720838, 39.39504503020281, 0.332214857669, -0.562791691139, 0.756900786582, 0.671927900509, 0.704381527315, 0.228822115399, -0.661926117374, 0.432564649923, 0.612161448293,  
740, 266810.1320071221, 39.93661357874381, 144.06162155665305, 99.20088708615827, 4.457074093365266, 0.736797464202, -0.291995360616, 0.609809975422, -0.561709755479, 0.237640572676, 0.792470257371, 0.376313230362, 0.926426288269, -0.0110763287267,  
741, 3299945.6834746613, 92.35761883559411, 112.90260663850015, 85.95185615818887, 81.1818517963231, -0.438102282556, 0.893657830092, -0.0971703284707, 0.892723942562, 0.445205757095, 0.0695398894609, -0.105405656374, 0.0562806944309, 0.992835399771,  
742, 3035150.304961516, 89.81810014280647, 102.13658792451625, 91.68253789149844, 77.37909064433198, -0.78009525571, 0.311486691571, -0.5426116779, 0.459282758112, 0.874023723737, -0.158561907301, -0.424865555347, 0.372905579631, 0.824882227084,  
743, 2078700.0015787932, 79.17129262420616, 107.94831848073547, 75.61865788564985, 60.79366980919832, -0.586229631947, 0.665462051916, 0.462055273844, 0.77796399264, 0.303257254824, 0.55027907788, -0.226068230369, -0.682052266954, 0.69548390374,  
744, 3493048.9990787534, 94.12507953006121, 105.99379648051539, 99.80587230701278, 78.8278217318362, 0.636119033322, 0.673066441063, 0.377271972667, 0.453909613346, -0.721827633207, 0.522427919288, -0.623954035453, 0.161078967758, 0.764679624279,  
745, 2080047.7456771547, 79.18839940409616, 143.1897010500858, 68.76337586602939, 50.433106790648225, -0.570186091149, 0.367275622604, -0.734844499538, 0.813693784084, 0.375627665444, -0.443628541345, -0.113093975099, 0.850889225454, 0.513027561445,  
746, 1717439.5394555214, 74.29010108450811, 120.33832933161791, 63.48698405674663, 53.66661133621651, -0.578684720495, -0.521492575988, 0.627032285816, -0.80255875843, 0.500827375495, -0.324147156738, 0.14499459829, 0.690809259596, 0.70834958412,  
747, 1155180.2081701774, 65.09091502219367, 96.82208362999036, 71.11926330389424, 40.049717438118556, 0.70199941478, -0.15902657015, 0.694195485174, 0.199158687143, 0.9796965643, 0.0230317006189, -0.683763584132, 0.122086821092, 0.719417937732,  
748, 2592217.9667375325, 85.21727364298356, 110.06924262779408, 81.78202147832083, 68.74784478071089, 0.457108084963, 0.334448732644, -0.824133632304, 0.400219917544, 0.750146726206, 0.526406598329, 0.794277165895, -0.57045940644, 0.209045089256,  
749, 3079509.3842395544, 90.25355295643007, 107.50539431650682, 91.89839366065064, 74.41401644196853, 0.274531648945, -0.958327183739, 0.0790024216988, -0.0601940373171, 0.0648706327055, 0.996076542683, 0.959692165019, 0.278210010458, 0.0398765404952,  
750, 2518292.696722958, 84.39936884432126, 92.90412653101997, 87.66196755952033, 73.81954738801409, 0.608736053261, -0.366567235905, 0.703611312459, -0.652351657311, 0.273469661091, 0.70686042446, -0.451528219122, -0.889293430778, -0.0726599016794,  
751, 3071420.3775400743, 90.17446008155059, 105.43546032938698, 84.91022374122633, 81.90378425771706, 0.919409829829, 0.105856079922, 0.378787612202, 0.16922794555, -0.975861700635, -0.138042905208, 0.355031642617, 0.191019453399, -0.915130647047,  
752, 3282154.007161775, 92.19133742812657, 102.32988968950082, 91.5592456786887, 83.63068117018798, -0.383157198541, -0.722949294689, 0.57492162815, -0.90863190401, 0.183098378897, -0.375317261341, -0.166068131264, 0.666197644062, 0.727050256052,  
753, 2897736.758150706, 88.44163720969023, 108.99572988239836, 97.65921905787756, 64.9901575164879, -0.373475706704, 0.227388586885, -0.899338827726, -0.180370790967, 0.933187093588, 0.31085081008, -0.909935313233, -0.278309681678, 0.307508449991,  
754, 3421565.8080950584, 93.47857773049931, 105.5333436709096, 95.60018785769165, 80.96323338175286, 0.429259077921, -0.498612307688, 0.753075302108, -0.813558370827, 0.148655984281, 0.562160275718, -0.392249182638, -0.853983117491, -0.341838285977,  
755, 584153.5628850942, 51.85764697084668, 116.61598926673122, 54.03827365938066, 22.12986952898408, 0.654999711955, -0.378765434764, 0.653844111977, 0.323624708456, 0.922537062099, 0.210219925627, -0.682819467661, 0.0739061193816, 0.726839363341,  
756, 3289289.07316214, 92.25809391321748, 107.7698192544019, 91.92823033088362, 79.26242929029996, 0.855518998887, -0.497220376102, -0.144426937007, -0.33346102717, -0.742500398291, 0.580944835502, -0.396094667855, -0.448848589312, -0.801026814763,  
757, 4006904.5083595784, 98.53112945009896, 117.2363083548617, 102.28972193985764, 79.76754953319596, 0.334675526275, -0.937581602517, -0.0945147117305, -0.167153818553, -0.157774394509, 0.973224969563, 0.927389827988, 0.309916083897, 0.209523573581,  
758, 2501523.8587225424, 84.21161831292693, 107.49288820502059, 80.16779438317846, 69.30050076767722, -0.283764220965, 0.434874839084, -0.854612041357, 0.938949801628, 0.306843852965, -0.155628146301, -0.194553686481, 0.846599506396, 0.495396950785,  
759, 2857790.765662215, 88.03335899595292, 113.10147355760745, 90.75040189542354, 66.46989596171102, 0.383747242387, -0.0328043336763, 0.922855313499, -0.796336126661, 0.494220119627, 0.34870509995, 0.467532701889, 0.868717646332, -0.163532332021,  
760, 2325361.153676681, 82.1865218221857, 104.15088174821021, 99.0891193607236, 53.7914045126622, 0.752664922956, -0.525310301695, -0.396918884262, 0.0522434014773, -0.553299271644, 0.831342614691, 0.656327769299, 0.646458817661, 0.389004956672,  
761, 3049978.777644986, 89.96413378203259, 106.52527741123038, 97.65714267438811, 69.99250243368974, 0.978572406792, 0.0906943353368, 0.184852866364, -0.159704202082, 0.900982656223, 0.40339164719, 0.129963889225, 0.424269714596, -0.896161032836,  
762, 545262.6726362028, 50.68028551529898, 91.8682669976821, 46.8299987441844, 30.25711309668922, -0.252208589706, -0.361489747072, -0.897616839214, 0.159295045192, -0.930458478437, 0.329957737418, -0.954471537478, -0.0597677393511, 0.292253146223,  
763, 2223272.4326963015, 80.9657527453648, 138.49284998150137, 72.2783557836856, 53.023507966515055, -0.891169812243, -0.165598054573, -0.422366724623, -0.44284729672, 0.51967480741, 0.730632853307, -0.09850196716, -0.838161904924, 0.536453151356,  
764, 2040342.9296358635, 78.68129863963372, 115.43157986189237, 109.11224622013246, 38.673762157026374, -0.231617717234, 0.0593768365555, -0.970993112408, -0.131773086561, -0.990850968023, -0.0291584091744, 0.963840799469, -0.12119715528, -0.237322908356,  
