# Void_ID, Void_Volume, r = (a*b*c)**(1/3.0), a, b, c, vector_a, vector_b, vector_c 

49, 2549015.811632281, 84.74120592982895, 135.97643963458418, 115.1270247737348, 38.87254484260695, -0.0826207792295, -0.925948435538, 0.368501426814, -0.302519572558, -0.329014961174, -0.894556350121, 0.949555535532, -0.185387836839, -0.25293405246,  
50, 1785310.2932503738, 75.2560985736876, 100.24337635157852, 73.79151393126597, 57.61863866136461, 0.188824749109, -0.791321752585, 0.581511047194, -0.89575642506, 0.103888026696, 0.432235705228, 0.402449550986, 0.602509055363, 0.689214913592,  
54, 2466503.2464329274, 83.81679059569787, 110.05332922804696, 89.08432919719996, 60.060450172204256, 0.339616374545, 0.905478872218, 0.254497013946, 0.849424122609, -0.179072476624, -0.496398738964, -0.403905159747, 0.384761042833, -0.829951541867,  
73, 1493426.5661924041, 70.90852003495203, 129.46171923568198, 100.05038681702518, 27.52549394718155, 0.55262342613, -0.803414057889, 0.221660101235, -0.771970074375, -0.59367453271, -0.227184404134, -0.314117101035, 0.0455675410604, 0.948290064294,  
79, 2272078.3466041386, 81.5539307032497, 137.33534063066958, 98.47926976876197, 40.105835195472594, -0.259825650967, -0.893901404019, -0.365281960945, -0.937090634826, 0.142079057487, 0.31886467905, 0.233134667567, -0.425151527477, 0.874582417764,  
89, 383804.9671325638, 45.08243105921156, 95.05994361076715, 49.166555881002424, 19.604449079347585, -0.037196153108, -0.403054733234, 0.914419667446, -0.43066509481, -0.819250260365, -0.378624599048, 0.901744987403, -0.407892011333, -0.143108646783,  
94, 969647.824520891, 61.40095689145611, 102.43207076432873, 67.91550281632013, 33.27519009993836, 0.351548923695, -0.698570192587, 0.623227920008, -0.28779875384, 0.552837934156, 0.782011570149, -0.89083400897, -0.454279544539, -0.00669805016621,  
140, 1933748.907033315, 77.28653269394897, 108.95406022099974, 101.70604387443952, 41.660194313321774, -0.235392706217, 0.380964296753, 0.894123301597, -0.214765037652, 0.876843083616, -0.430142052487, -0.947874597435, -0.293278726326, -0.124584654844,  
157, 1805158.2017013761, 75.53395407389775, 134.2668160382618, 91.32064697458122, 35.14705893672113, 0.296820024032, -0.848389437182, -0.438330053967, -0.854737408233, -0.44071642389, 0.274213414481, 0.425819018248, -0.293265062002, 0.85596364824,  
163, 65501.43667177185, 25.00656688230449, 135.04562506841725, 51.39187152927944, 2.2531352566933154, -0.841711113107, 0.133358704177, 0.523199635027, -0.0910668397666, -0.990199421819, 0.105886428419, 0.532192852983, 0.0414796461985, 0.845606413283,  
176, 937868.9617515078, 60.72271548018591, 118.5861730993663, 67.1000480482365, 28.138223103055758, 0.88198204816, 0.24036415358, 0.40537974838, 0.373752543494, -0.880708190624, -0.290967556955, -0.287083094165, -0.40813987387, 0.866605527563,  
186, 1178746.7008865315, 65.53057222458582, 97.46086276789914, 68.36758175540515, 42.2329492608637, -0.902144592281, -0.367043164871, -0.22674754627, -0.429210292701, 0.816835846373, 0.385431867805, -0.0437453912695, -0.445037655937, 0.894442745815,  
230, 329130.63296602736, 42.83116611178981, 114.3754462659445, 64.16877540388553, 10.705899021812659, -0.463199793664, 0.879788618494, -0.106854751499, -0.20551758509, 0.0106524113548, 0.978595446725, 0.862095396907, 0.475245739487, 0.175877837521,  
254, 1250523.7605445024, 66.83456302045445, 117.89705853166546, 79.47752039937144, 31.86075475248397, -0.880658268176, 0.134825003861, 0.454162121965, -0.0639886420561, -0.983716216549, 0.167951954399, 0.469410767219, 0.11884705984, 0.874945088555,  
259, 1439169.8434407935, 70.03919517845917, 100.76769998143372, 81.92932455843373, 41.61622860195075, -0.862330364122, -0.504530336074, -0.0428425383804, 0.149012919262, -0.333729998736, 0.930816543598, 0.483923023845, -0.796287277259, -0.362967049563,  
268, 1841005.3717561741, 76.03066962540582, 130.33088223462929, 64.52283218080554, 52.264366319630206, -0.279755902524, 0.0677724481378, 0.957676109275, -0.921207005314, -0.299888430767, -0.247880177612, -0.270396539112, 0.951563883492, -0.146328012597,  
276, 538426.6854682036, 50.46760039558593, 133.3963591672514, 77.54107955642812, 12.42688122479742, -0.867969819054, -0.431967397552, -0.24501542944, -0.496486610476, 0.743476727956, 0.448043971732, 0.0113771186796, -0.51053552515, 0.859781390082,  
310, 387007.7600140294, 45.20748581079276, 83.58882724495622, 53.531963259485885, 20.64760392228664, 0.874359441194, -0.446939092151, 0.189052943647, 0.252198465754, 0.751336664943, 0.609827147463, -0.414597999834, -0.485529261547, 0.769655659835,  
322, 3475820.111551296, 93.97007226216334, 127.53617579757797, 94.401393554986, 68.92184371201387, 0.246171862171, -0.853535505373, 0.45921297384, -0.713093579154, 0.161387492183, 0.682240151806, -0.656427422984, -0.495410151727, -0.56892162898,  
350, 191659.10432543757, 35.76681609334987, 123.37675758896927, 39.71026958544925, 9.339092070615584, -0.967043802187, 0.0019386961245, -0.254602682841, -0.215896976904, -0.536302340665, 0.815946257275, 0.1349621429, -0.844023720552, -0.51904641327,  
386, 547557.6479990435, 50.75128934062977, 134.92599628583986, 40.50254036533814, 23.920119389920895, -0.536973777908, 0.809173707736, -0.238531072501, 0.188710117281, 0.390806180751, 0.900921206723, 0.822221170656, 0.438757837304, -0.362551936595,  
420, 1141265.167848363, 64.82850169873159, 122.9020400274133, 57.91513808705663, 38.27778205479582, 0.387095916848, 0.901507295168, 0.193497669026, -0.653250293661, 0.120041571973, 0.747565431805, 0.650707926025, -0.415781935342, 0.635377507669,  
463, 1790020.9504758045, 75.32222981273388, 115.50227839661011, 83.9257782820794, 44.084262136747085, 0.449506271352, -0.614048116061, -0.648759603534, 0.586433467189, -0.344991398851, 0.732855185749, -0.673824829296, -0.70987734566, 0.205022568376,  
484, 1308150.1530168883, 67.84580435700242, 122.7348659121824, 77.51372241007044, 32.8263383238096, -0.386727469793, -0.0368597032181, -0.921457121295, -0.150262751322, 0.988366100449, 0.0235277930884, 0.909869754235, 0.147559526162, -0.387766961675,  
520, 419948.35171468003, 46.45535222328383, 116.73202123723415, 93.75164960475155, 9.160904339235652, -0.434182972206, -0.678195982818, 0.592904170618, -0.738032247612, 0.645198563347, 0.197553069677, -0.516520617334, -0.351808218699, -0.780664735418,  
563, 3579206.7217149762, 94.89268262413773, 120.58045754952529, 99.78418219564324, 71.01654556790493, -0.798043375388, -0.266159941442, 0.540634494433, 0.00119183138401, 0.896470837565, 0.443101136236, -0.602598830515, 0.354258271557, -0.715105395376,  
571, 3731502.8863642598, 96.2199346330072, 145.75354496025292, 95.21175472324938, 64.1926755046309, 0.331519490949, 0.727628554794, 0.600542682388, 0.793740680713, 0.128964784069, -0.594427301066, 0.509971135362, -0.673739393771, 0.534794044823,  
576, 1275071.8680310193, 67.26905884671284, 120.35540501976843, 76.0050626866285, 33.27652246787958, 0.511233942704, 0.483182399226, 0.710756375213, 0.666325408841, -0.745161317154, 0.0272958046162, -0.542817009093, -0.459640490487, 0.702908467828,  
608, 3051884.0968623366, 89.98286338908161, 117.40601378666975, 96.95885434890677, 64.00318827107208, -0.538912021653, -0.0895283528241, -0.837590894744, -0.821696862302, -0.163024531677, 0.546111040498, 0.185440285268, -0.982551614986, -0.0142907133427,  
620, 1383215.2668866361, 69.11946821279115, 114.01580687473925, 61.80855831499051, 46.858403261527464, 0.911311179519, -0.396168407062, -0.112082680774, -0.287701582853, -0.418020861519, -0.861676481378, -0.294516100252, -0.817501775277, 0.494925362162,  
631, 1821839.4163851887, 75.76590729003289, 135.99441266516496, 112.77241305208761, 28.359433131530135, 0.70829076708, -0.700708802097, -0.085623384265, -0.177437291565, -0.294117566704, 0.93915433477, 0.683257050335, 0.650001562782, 0.332652628952,  
639, 1274822.5870405678, 67.26467478258077, 127.16585682668064, 57.57387079887683, 41.56858005089081, 0.372464642151, 0.903338586483, -0.212719271617, 0.567297240228, -0.0402175660135, 0.822530478835, 0.734468468742, -0.42703857619, -0.527441108437,  
645, 1234648.8156458526, 66.55054426988363, 150.48270052653166, 49.088546540300854, 39.90139553180937, 0.794011572881, -0.426736838188, -0.432944907655, -0.369366087638, -0.904321008254, 0.213944402434, -0.482819133252, -0.0099591647823, -0.875663462526,  
704, 769866.8663130887, 56.85591761787105, 111.23959618927023, 67.7220170308345, 24.39707330847226, 0.035093841551, 0.95815081623, 0.284104620946, -0.234440160128, -0.268454286236, 0.934328693512, 0.971496903548, -0.0993947159546, 0.215207938599,  
706, 1097010.330647562, 63.97947951476656, 114.88553497409193, 95.43164051433659, 23.887151695553992, 0.12711959678, -0.263663237669, 0.956202021132, -0.988919332416, -0.108211461559, 0.101630869136, 0.0766756942491, -0.958525939497, -0.274497470338,  
735, 1951253.8941060603, 77.51904096619928, 106.2126777316301, 78.5927808384116, 55.80410662683277, 0.2793749035, -0.735705445748, 0.616998509229, 0.626491978444, 0.626627935852, 0.463514002976, -0.727638278432, 0.257050436892, 0.635977679368,  
742, 546588.6144175996, 50.721332833377105, 152.4677158673162, 88.17656892706445, 9.706013291876788, 0.833660783872, -0.390603403485, -0.390433961918, -0.165209811649, -0.850960022282, 0.498570715759, -0.526987111387, -0.351135332406, -0.773943513939,  
748, 2120996.0327006914, 79.70466650174042, 153.99582862242485, 60.84332610125236, 54.04174232873332, -0.0933147527343, -0.416349584408, 0.904403328436, -0.227374592422, 0.893273948804, 0.387765969508, -0.969326132756, -0.169454052625, -0.178022954716,  
770, 1831565.6815180422, 75.90049869491618, 107.69815521374193, 88.72242190287612, 45.760655347625125, 0.141876268703, -0.464718838712, 0.874018034897, -0.891093563155, -0.44446367058, -0.0916750087947, 0.43107236757, -0.765825336797, -0.477166813009,  
774, 1509033.7700779953, 71.15467671753122, 152.65864034953566, 94.00051272538033, 25.10491394290917, 0.852457594321, 0.153903503969, -0.499629624172, 0.370233339099, 0.497028425023, 0.784786607517, -0.369111533962, 0.85397684757, -0.366715447331,  
791, 221030.79361905786, 37.50778269756613, 88.32396191915973, 49.279312673515804, 12.123303847472679, -0.543622681142, -0.520444109048, 0.658492452428, -0.147526794171, 0.83158009577, 0.535453442719, -0.826262806587, 0.193939355666, -0.5288452522,  
817, 1736786.5218583976, 74.56801980049342, 139.03244006656763, 89.87564079917958, 33.18178050441476, 0.00854436184287, 0.981620452624, 0.190652251155, -0.372266717008, -0.173832144295, 0.911701638157, 0.928086464339, -0.0787633963167, 0.363939338506,  
891, 1629573.5755070806, 73.00094040890417, 122.6185491298486, 76.64458434824427, 41.39498389748406, -0.88783359948, -0.419220189669, 0.189752291709, 0.0732190992793, 0.278406022263, 0.957668549274, -0.454302171616, 0.864143807096, -0.216483296176,  
915, 1032195.3123602691, 62.69377549608736, 77.40357554716623, 60.83673006536763, 52.32947617302098, 0.113337399305, -0.254854472676, 0.960314444167, -0.78009240184, -0.621409106429, -0.0728461875358, 0.615313317352, -0.740877803827, -0.269238929737,  
962, 620533.7787052272, 52.91258014810443, 66.95687282452141, 60.012873193683774, 36.86695223402744, 0.0937478326698, -0.447963694803, 0.889123091596, 0.750363044423, -0.555159894978, -0.358821393693, 0.654344439446, 0.700803837851, 0.284090364884,  
974, 968425.8058723537, 61.37515210775871, 135.58926473575892, 82.24501795564389, 20.73207823048011, -0.229206785482, 0.580559296995, 0.781290696323, -0.651313678357, 0.505019660009, -0.566344096278, -0.723363492218, -0.638675227073, 0.262372278355,  
990, 1746056.8843935966, 74.70045716463804, 113.77108548431855, 72.57519822797686, 50.48352207937734, -0.640969556547, 0.609178049795, -0.466969090227, 0.764914451696, 0.557474745396, -0.322688378832, -0.0637487973732, 0.564024832693, 0.823293434287,  
1031, 1981920.4234450206, 77.92303652722728, 127.02188769741922, 85.50125403656573, 43.56588659357517, 0.814616553085, -0.103942437055, 0.570610060565, 0.456251086262, 0.722256769888, -0.519788519145, 0.358098893776, -0.683769791765, -0.635786170144,  
1055, 3239788.11181447, 91.7929511585931, 106.30835930535267, 99.73464241972518, 72.94819454595078, -0.675672908379, 0.73705785032, 0.0145549361093, 0.665761332766, 0.601597569236, 0.441409347979, -0.316588010949, -0.307938451597, 0.897187796034,  
1119, 1031611.699235468, 62.68195738122143, 104.33617606614641, 58.69688419400362, 40.21403813850718, -0.98706108654, 0.0322932935203, 0.157059080072, 0.0739140687873, -0.777594172512, 0.624406929262, 0.142292381647, 0.627936657688, 0.765146020088,  
1144, 143512.10956020607, 32.4788003584025, 111.32773593042246, 46.491184889711455, 6.619511595886035, 0.731028303333, 0.644678738847, -0.223577600411, -0.344951354946, 0.631866560961, 0.694084441448, 0.588732691845, -0.430271975404, 0.684295144462,  
1181, 1296735.0192784683, 67.64788298234697, 140.58616589887032, 73.84236024023842, 29.820469276520374, -0.938296442408, 0.144548401762, 0.314174387423, 0.141727233794, -0.667945845476, 0.730589993575, 0.315457092749, 0.730037058689, 0.6062447654,  
1182, 754671.5866012548, 56.47936387136925, 110.9076841701226, 58.70586443299588, 27.671089907393537, 0.433185183484, 0.0865220420846, 0.897142426287, -0.35933318803, -0.896275397549, 0.259942439262, 0.826577435447, -0.434976261401, -0.357162981322,  
1188, 249685.5034678781, 39.06323800171197, 106.31509631272496, 54.44418900465737, 10.298127134527329, -0.136343678452, -0.890899980711, -0.433252381085, -0.982198653665, 0.178608727266, -0.0581784090864, -0.129213799903, -0.417607647097, 0.899392932483,  
1238, 1563047.1487410797, 71.99369929507748, 107.10140131379612, 80.05472929315245, 43.521246220574476, 0.90367225658, 0.427963666721, 0.0149516773102, 0.317931689406, -0.693904665732, 0.646077205716, 0.286872608589, -0.579088434388, -0.763125606699,  
1273, 686302.7124250795, 54.71953128670064, 79.37298218791368, 62.15389507382806, 33.21131393546751, 0.314715539043, -0.736735976029, 0.598476591947, -0.747336625914, 0.196392549969, 0.634758169608, -0.585185523618, -0.647031736425, -0.488781991287,  
1321, 1004258.1489016785, 62.122975898019156, 140.1630534493281, 72.45194527484063, 23.60875877227978, 0.163972681, 0.427447513156, 0.889045321332, 0.265497001628, -0.887111631613, 0.377550387608, 0.950065419859, 0.174130917856, -0.258948105678,  
1360, 658117.0244416442, 53.95994587580727, 110.21913894805732, 49.32128092432731, 28.901684451073343, 0.0758145502906, 0.829613715607, 0.553166554341, 0.849441860652, -0.3442737261, 0.399905147366, -0.522207506014, -0.439564198263, 0.730809575928,  
1384, 1638283.3394218534, 73.1307681414748, 111.02944764253833, 72.85413180390245, 48.35128705995962, 0.931651231972, 0.358693489786, 0.0580082955236, 0.293356651357, -0.83673045108, 0.462411102094, -0.214401159206, 0.413788753618, 0.884766076605,  
1386, 3535355.509257391, 94.50355827062315, 158.43531579444794, 86.84168725067765, 61.34289050957525, 0.018080827076, -0.998960776258, -0.0418383937258, 0.14066970052, 0.0439706250544, -0.989079683083, 0.989891468318, 0.0119979843986, 0.141318538496,  
1396, 818593.2862531041, 58.03097353103854, 121.8748375889052, 102.42538065138565, 15.655175210140843, -0.0850190630837, -0.985641893294, -0.145882888292, -0.955218210194, 0.122276462827, -0.269456188559, 0.283425351419, 0.116441078759, -0.951898915511,  
1456, 117726.28441681893, 30.403828632943675, 103.15322841695637, 47.6722584769159, 5.715263736771978, -0.0599309908852, 0.895721643969, 0.44055761582, 0.245806732628, -0.414517361855, 0.876215959062, 0.967464379978, 0.160804518735, -0.195331974413,  
1477, 1571122.7825971504, 72.11747383864429, 114.82118786836007, 67.31095103672527, 48.530387021731485, -0.0344898346472, -0.634316181296, 0.772303977363, -0.126735685151, 0.769301077499, 0.626190001731, -0.991336732607, -0.076281284099, -0.106923562796,  
1483, 1149477.6039099586, 64.98363011464848, 145.32964119479757, 66.90504506109465, 28.222717969087512, -0.445959587898, -0.761486694706, 0.470380760394, -0.893906070137, 0.405521382286, -0.191008759697, 0.0452988270737, 0.505658404751, 0.861543727254,  
1490, 2241876.913952752, 81.19096784666148, 124.7316330021169, 108.37313060804755, 39.593594245047804, -0.0105485531767, 0.886588142176, 0.462439395142, -0.984602092827, -0.089910182045, 0.149916236498, 0.1744919678, -0.453737396869, 0.873884962598,  
1527, 401421.6316041596, 45.76190067757211, 87.89451320419711, 59.77473329072424, 18.24033248236115, -0.00611622711469, -0.458792788526, 0.888522238868, 0.135631104176, -0.88070853036, -0.453824512484, 0.990740528769, 0.117735558554, 0.0676131858892,  
1550, 403345.8759154342, 45.834905170384424, 92.29242986664701, 50.59163156082848, 20.622639299337514, -0.709319083476, 0.38304456018, 0.59172907883, 0.0432943345663, -0.814206443922, 0.578958951282, 0.703556705896, 0.436285149405, 0.560948509221,  
1553, 1117033.7322402094, 64.36640096068801, 118.71076531238994, 84.32354204616146, 26.640276805208345, 0.345834263535, -0.538940722929, 0.768076532212, 0.815367379052, 0.577681111385, 0.038217413912, -0.464300225439, 0.613047657787, 0.639216606433,  
1565, 889317.0906289537, 59.65625819663086, 116.42118667466836, 70.83749079929596, 25.743810995201393, -0.263382721788, -0.963232143293, -0.0530413045807, -0.956562690257, 0.253645689913, 0.143706936495, 0.124969442152, -0.0885872570784, 0.988197822509,  
1570, 2422272.832281995, 83.31275249691576, 111.45136828469398, 90.69660465732846, 57.208164690316416, -0.528598549235, 0.843841293077, -0.0922791734126, -0.454921469285, -0.189824739773, 0.870064954445, -0.71667986614, -0.501894849813, -0.484222602943,  
1574, 457150.2610593111, 47.78850608531937, 118.19362024910042, 43.656192085019235, 21.150979092184198, 0.453749229015, -0.5420734975, 0.707296232477, 0.388625789977, 0.834625883972, 0.39034552536, -0.801923707427, 0.0977545759122, 0.58937459256,  
1581, 2014370.6245745695, 78.34601717223256, 121.70558017424969, 110.12554098844798, 35.87998264815711, 0.740607961312, -0.615755033225, -0.268971349216, -0.154459787766, -0.545583399749, 0.823699537381, 0.653943439148, 0.568493177599, 0.499172801162,  
1600, 2904291.1826968607, 88.50826938621012, 132.23175001868478, 89.87711334644763, 58.34003509119212, 0.02086703552, -0.35910979947, 0.933062012277, -0.287534127644, -0.895991842839, -0.338412090514, 0.957543049825, -0.261225514625, -0.121953016529,  
1611, 893477.8304952533, 59.74914897798885, 106.71913006578195, 67.23064970049577, 29.72936185606082, 0.249976274666, 0.896042689064, -0.366905112365, 0.507773501873, 0.201330955906, 0.837634715726, 0.824425820132, -0.395693499528, -0.404658771721,  
1613, 2178469.414034865, 80.4181884744645, 106.62054031050472, 91.298154208321, 53.426900648744926, -0.0861664615876, -0.40861414314, 0.908630740688, 0.829560829481, -0.534493641751, -0.161695321885, 0.551728348999, 0.739831757195, 0.385025713372,  
1614, 228560.6187658799, 37.9289597047864, 89.72479659997914, 53.426436702734414, 11.382668857288921, -0.178734652457, 0.934505540426, 0.307820270491, 0.78123699744, -0.0553876192138, 0.621772438654, 0.598099220734, 0.351612864599, -0.720170615622,  
1708, 785885.075193622, 57.24753754631115, 129.01138961485785, 57.89932901318086, 25.117062593944233, -0.413116501661, -0.909286448165, 0.0503280363021, 0.225007383469, -0.048364554506, 0.973155972726, -0.882443444896, 0.413350970787, 0.224576360088,  
1720, 855399.2410985726, 58.88799263929895, 156.5972359095721, 81.64516189845521, 15.972235489954917, 0.844266903852, 0.328298268716, 0.423596083338, 0.384615699017, -0.921593071609, -0.052316101079, -0.373207930154, -0.207090456373, 0.904339197287,  
1731, 262692.26818018954, 39.7300910524259, 129.52369331853515, 88.34089687332047, 5.480846729932724, 0.150971217101, -0.938064654465, 0.311837130007, 0.367527912494, -0.239576658096, -0.898624648245, 0.917676917627, 0.250275306293, 0.308595764578,  
1755, 586359.2946895595, 51.922835533367795, 123.48292937431584, 81.00715513755745, 13.994097654512425, 0.88220185625, 0.315340734595, 0.349685724521, 0.406679083314, -0.135937598103, -0.903400848249, 0.237343649638, -0.939191775159, 0.248166882258,  
1773, 2552216.657583438, 84.7766614559227, 143.0247151081594, 102.03027739211878, 41.753104342833154, 0.58861139702, -0.0424579056643, -0.807300408488, 0.705659652773, 0.514225169623, 0.487459669485, -0.39443767283, 0.856603642984, -0.332639626443,  
1780, 1976148.3244797757, 77.84731589057097, 112.23393447682012, 100.3049753085204, 41.90677747716881, 0.266442702672, -0.779330236372, 0.567144310444, 0.0685893298715, 0.602254023162, 0.795352497584, 0.96140719262, 0.173015820839, -0.213919928288,  
1788, 1602274.6904472536, 72.591001432312, 128.12571899772382, 77.00345709120592, 38.7705377212371, 0.775961375439, -0.484335191662, 0.404108111704, -0.574881242949, -0.806677536415, 0.137050752458, -0.259606433536, 0.338660263925, 0.904385827678,  
1801, 66707.62762513736, 25.159130558940188, 120.52690516614615, 55.92059065774715, 2.3628226829845924, -0.0905080092517, 0.526235847286, 0.845508210068, 0.980562330434, 0.195495060858, -0.016709198501, 0.174085658214, -0.827561184573, 0.533700917549,  
1821, 1588668.4023443398, 72.38493956796674, 109.28861661553888, 82.34979729585889, 42.14122785199543, -0.974921609586, 0.0484113397277, -0.217219237978, 0.215185448905, -0.0439316561275, -0.97558455921, 0.0567721563962, 0.997860887988, -0.0324125050322,  
1866, 826430.3819371852, 58.215579078088936, 144.31123939611032, 53.836867662094214, 25.394386487453875, -0.466336410622, 0.869730823031, -0.161550758583, 0.856359102932, 0.39807023961, -0.328921223339, 0.221764377109, 0.291733405368, 0.930436554118,  
1886, 1207857.336702842, 66.06564470609067, 99.23794009493153, 77.9693236656082, 37.267093618145665, -0.6158409195, -0.787200239779, 0.0324922200077, -0.787828295681, 0.614857032792, -0.035740813525, -0.00815710699402, 0.0476089457765, 0.9988327437,  
1892, 1677532.2717718794, 73.71017203330084, 118.49118445071261, 99.26050025808276, 34.0502083782215, -0.09867754699, -0.988666370722, 0.113143931003, -0.256135057358, -0.0846339835253, -0.962928824589, 0.961591167863, -0.123999581594, -0.244880643687,  
1911, 3336996.0807929677, 92.70198402513336, 118.02729743711248, 96.15742141979375, 70.1942948739384, -0.530027302827, -0.671025903259, -0.518454718768, 0.0110254867391, -0.616800955394, 0.787041943017, 0.84790889658, -0.411437502642, -0.334319733966,  
1925, 2235900.6921905912, 81.1187594491227, 105.85124491718102, 89.4053076681854, 56.403314914299166, -0.184759021045, 0.736036878879, 0.651240214569, 0.335503974882, -0.575602307946, 0.74573391094, 0.923743030816, 0.356274747936, -0.140595579596,  
1931, 999965.6015052169, 62.03433777767974, 106.34621224120637, 74.04006428379745, 30.318494917039146, -0.210830025094, -0.934681178362, -0.286219837424, 0.131266938961, -0.317219803421, 0.939223395712, 0.968669030812, -0.160445290158, -0.189572196304,  
1935, 1596080.7637112078, 72.49734209377955, 134.9611843056962, 64.08334707854962, 44.05672259648377, 0.715512163916, 0.697351551051, 0.0417511381318, 0.570010028534, -0.548212977697, -0.612005799364, 0.403894677681, -0.46169616127, 0.789750431472,  
1975, 572757.2650606325, 51.51819822373128, 101.7841609639707, 50.061423634276316, 26.83481468896462, 0.383955637001, 0.531359858309, 0.755138907614, 0.309040234143, -0.844609503107, 0.437182937615, 0.870098961323, 0.0655094515214, -0.488504154809,  
1976, 2292703.767143322, 81.79996385219496, 108.52235902676836, 80.75703803308453, 62.45392361952483, -0.655926901491, -0.0124238918999, 0.75472216531, 0.0802296240944, 0.993053061721, 0.0860745259854, -0.750548537616, 0.117009672745, -0.650373453614,  
1981, 1345013.4216875304, 68.47720141920543, 129.57520486392784, 99.48363726851136, 24.9094678320473, -0.876166012455, 0.467779853776, 0.116254578492, 0.302871689148, 0.346661437603, 0.887746916408, -0.37496914344, -0.813023896377, 0.445410243919,  
2002, 2094613.0032705087, 79.37280505651822, 120.63991503155441, 67.90783393944517, 61.03856084674445, -0.928288768859, 0.110243719609, 0.355142624725, 0.363407665005, 0.471418989245, 0.803553984244, 0.0788341970556, -0.874991690741, 0.477676365868,  
2012, 1480234.9304977087, 70.69912080281895, 104.43122220814453, 72.46416667218637, 46.69693499629855, -0.92225561294, -0.0874019624846, 0.376570685735, -0.37772063924, 0.411089139291, -0.829658265944, 0.0822903584458, 0.907395512724, 0.41214279127,  
2031, 1604540.753582134, 72.62520661707946, 133.20469118700893, 60.39151067298285, 47.61751522959717, 0.954941188936, -0.207097981206, 0.212597628994, 0.132513082672, 0.938458053213, 0.318962012284, -0.265570345849, -0.27641799605, 0.923615441007,  
2059, 765826.2175519906, 56.756273596947025, 107.45233964330183, 67.46669033355636, 25.21949226264363, 0.429661527289, 0.201920876164, 0.880124384241, -0.725209688592, 0.657891780747, 0.20309926735, 0.538016616416, 0.725538672019, -0.42910576303,  
2069, 408736.6852976545, 46.03820012602157, 126.04537360032218, 48.23134294697095, 16.05087619647114, 0.486402805774, -0.872255306989, -0.0508231243088, 0.449257825216, 0.199786289593, 0.870777150006, -0.749386226866, -0.446381135265, 0.489044134064,  
2070, 5377819.168161176, 108.6857304455109, 129.1171269995087, 112.89366719179309, 88.07733201977027, -0.811870843994, 0.553181546388, -0.186697373866, -0.281177299666, -0.0902198391122, 0.955405519548, -0.511668895698, -0.82816094895, -0.228788950364,  
2075, 837478.57083339, 58.47385116421666, 105.21199073526233, 81.92437440064121, 23.195659357216105, 0.796414063796, 0.593300586875, -0.117128359513, -0.218804846875, 0.463252544801, 0.858790730457, -0.563781054996, 0.658324762826, -0.498757885831,  
2076, 1242305.0020935284, 66.68782319473841, 115.25448398318565, 70.57364618504302, 36.461895171062295, -0.558558238256, 0.816797960729, 0.144408399426, 0.808582066284, 0.5750004206, -0.124778036504, 0.184953336168, -0.0470702417535, 0.98161940475,  
2084, 938436.4582721549, 60.73496061002454, 126.74974002256225, 91.51454188088755, 19.314304556524167, -0.960561492629, -0.23870847242, 0.142617965466, -0.0403604011072, 0.627145235936, 0.777855957787, -0.275122985048, 0.741422361571, -0.612045933621,  
2085, 3565468.607638203, 94.77111769830431, 113.14482859067705, 105.90436917071617, 71.03615091979889, 0.366102052756, -0.276615975067, 0.888511614615, -0.693081322373, 0.556086319771, 0.458700649162, -0.620973081176, -0.78374205406, 0.0118669773887,  
2094, 3583790.261870213, 94.933171939548, 139.91779335949974, 98.73929691343658, 61.92856233361295, -0.149937272285, -0.0376372394659, 0.98797887254, 0.180663581372, -0.983493617924, -0.0100485754248, 0.972049116427, 0.176985145444, 0.154262028856,  
2115, 1253956.4413792454, 66.89566065274214, 109.69041075436623, 98.23475411537922, 27.781776693144852, 0.0628805112399, -0.0520026276435, 0.99666532398, 0.338379592437, -0.938379313803, -0.0703101333252, 0.938906434491, 0.341672343254, -0.0414091430412,  
2121, 4027134.3370677046, 98.69667060085536, 122.84647940724676, 109.47611443061018, 71.48672776162816, 0.487833605233, 0.851010033197, 0.19442298476, 0.835676821582, -0.390904705725, -0.385794972639, -0.252314532829, 0.35067853433, -0.901865811573,  
2135, 1066570.1206606505, 63.38214528103725, 112.95805908554902, 80.03864429593291, 28.16332055579442, 0.20737278064, 0.97591061207, -0.0677864816784, -0.794637994513, 0.208457846927, 0.57017171425, 0.57056725066, -0.0643723799701, 0.818724134963,  
2136, 637973.2557284938, 53.403692672305596, 109.19791026457486, 55.95977661741189, 24.924334114059082, -0.155243586353, 0.139169227502, 0.97802420983, 0.0105323589975, -0.989737636482, 0.142507825555, 0.987820073855, 0.0324243280087, 0.15218463997,  
2138, 2271564.4610051904, 81.54778177348327, 130.45401106649854, 75.05132645122231, 55.388633014372175, -0.596922056798, -0.346718384866, -0.723512556701, -0.800305213359, 0.193781706595, 0.567415381938, 0.0565298467933, -0.917733627903, 0.393153105847,  
2154, 876952.1558187851, 59.37848284434158, 156.4550563592105, 84.69937265082066, 15.798559632272664, 0.681518579423, -0.188605548345, 0.707078760135, -0.319760958812, 0.792349707248, 0.519552567738, -0.658244145527, -0.580180910197, 0.479692355914,  
2160, 3560877.6636577123, 94.73042405080488, 106.49395492613593, 99.64194684259083, 80.11268432282628, 0.980191098243, -0.042736970516, -0.19338811307, 0.140246324297, -0.539681209441, 0.830105511786, 0.139844125535, 0.840784005276, 0.522997014356,  
2176, 1104454.0548805387, 64.12386358867496, 120.27552423454192, 108.17972286322808, 20.26450135829391, 0.869460126139, 0.461877363048, -0.175238096767, 0.464722162955, -0.644421901484, 0.60725095648, -0.167548202957, 0.609417520581, 0.774943794927,  
2189, 1407587.6839159077, 69.52307131114314, 109.45156809678842, 60.12973813540074, 51.05938133921846, -0.502120514254, -0.50250628897, 0.703819876609, 0.196655999297, 0.726184950117, 0.658772977713, -0.842140966291, 0.469193827505, -0.265811484186,  
2200, 2219788.9903012495, 80.9234446952251, 127.11058068631654, 87.02357567469062, 47.90760467184812, 0.474014343856, -0.0979990232426, 0.875046623479, -0.359038573723, -0.928928726366, 0.090458409841, 0.803991109651, -0.357054075422, -0.475510970249,  
2203, 1356489.8674391017, 68.67141267588285, 110.46544551491435, 60.99531773633022, 48.0623496252904, 0.926878036801, 0.0648196645324, -0.369723566987, 0.152834470613, 0.834463244853, 0.529445670094, 0.34283921813, -0.547238068923, 0.763538975058,  
2212, 2601162.179376293, 85.31517261942055, 116.3515136647987, 103.52847714520028, 51.552170858407216, -0.875055175061, -0.34404564952, -0.340457092223, -0.476230226154, 0.737689700267, 0.478558959604, -0.0865055622253, -0.580901452199, 0.809364127286,  
2265, 3155500.7506355084, 90.98990805407703, 115.30173332537902, 87.06820866812718, 75.03851537744193, 0.809384458145, -0.55612106124, -0.188748944786, -0.487940759613, -0.815654269058, 0.310840680215, 0.326818931553, 0.15949131203, 0.931532021653,  
2266, 2077609.1993434154, 79.15744176658434, 101.11333518778501, 76.11058499413966, 64.44982680974199, 0.352179133568, -0.830329081307, -0.431883635502, -0.596996665282, -0.554678761905, 0.579591625832, -0.720808462437, 0.0537130135761, -0.691049978403,  
2286, 817440.252573552, 58.00371412195034, 82.7191349070187, 56.80940630121827, 41.52801529021799, 0.917817032276, -0.366274384059, -0.15315015784, -0.247802739763, -0.829932336648, 0.499806081147, -0.310170432875, -0.420779505404, -0.852489830087,  
2301, 3259570.1567429206, 91.97940048407274, 151.20405346291648, 98.24507341854861, 52.38386135162252, 0.174597598649, -0.934631815422, -0.309804854944, 0.820054835308, 0.312180688489, -0.479638702382, 0.545000684067, -0.170313203644, 0.820955338024,  
2302, 1056251.0464247004, 63.177074916437384, 110.03214819541407, 63.47042451457213, 36.10667924671467, 0.171985811693, 0.94604057368, -0.274641791298, 0.934314971254, -0.0682917475296, 0.349845353992, -0.312212131518, 0.316770374516, 0.895645083034,  
2306, 3056311.9320482793, 90.02635966261035, 153.25288818267575, 83.99548310085356, 56.68190886135788, 0.90471869427, 0.301424688692, 0.301043587017, 0.181152386447, -0.911792845586, 0.368534421217, 0.38557476204, -0.278885216145, -0.879519834395,  
2311, 1496542.256605429, 70.95779721173707, 107.04981731324119, 76.23065184707947, 43.78091268843142, 0.388895673305, -0.559620707987, -0.731836606407, -0.731325760303, 0.295581688478, -0.614649573134, -0.560288129093, -0.774245522189, 0.294314599993,  
2323, 2212307.2798201605, 80.83242594316533, 103.93332527368102, 82.91968798823275, 61.2836124402688, 0.0150286350481, 0.850082279098, 0.526435427086, 0.393487895737, -0.489040592342, 0.778464241279, 0.919206949515, 0.195446713465, -0.341846699791,  
2350, 2227000.7213299833, 81.0109856361194, 106.2103933195328, 92.1786701619841, 54.30430913095212, 0.442594382122, 0.602850057609, 0.663838851646, -0.852712250905, 0.512015995235, 0.103544375902, -0.277474377323, -0.6118916805, 0.740673032629,  
2365, 671848.4582940385, 54.332652194403074, 155.37223750157372, 58.84839794107474, 17.541820038446975, 0.135883719129, 0.830010925109, 0.54094128986, 0.739588521955, -0.448280100095, 0.502049569317, -0.659199843044, -0.331853606366, 0.67478052052,  
2367, 1773598.6197380258, 75.09117688030473, 91.31192272003123, 84.41069836796098, 54.934066863085626, -0.407918896831, -0.81587357309, 0.409820065812, 0.496667169922, 0.178347851327, 0.849419664388, -0.766109584805, 0.550038504707, 0.332466159795,  
2370, 369273.6293686166, 44.5061364598618, 113.19701256648793, 44.86258058973136, 17.35963016957411, 0.418493526355, -0.290984524716, -0.860343637609, -0.783315276988, 0.363782403304, -0.504063031657, -0.459652417851, -0.884867430422, 0.0756920427928,  
2377, 2040128.119334091, 78.67853731514688, 122.45889547947903, 96.74210167268049, 41.11146722330215, -0.492863291097, 0.64342129658, -0.585742956762, 0.852994293721, 0.490145421735, -0.179327076685, -0.171716368378, 0.588019132903, 0.790409380113,  
2386, 2110856.8836561935, 79.57745761119097, 130.98549353614092, 91.72060148968662, 41.944989004112124, -0.44446107168, 0.782352750628, 0.436323881247, 0.888023792427, 0.44883691949, 0.0997956100603, 0.117762896727, -0.431821251547, 0.894238394874,  
2394, 843479.565253039, 58.61318465639496, 115.03453006998643, 67.9991052141112, 25.742726083001337, -0.628266839565, -0.732105710653, 0.263252743067, -0.00574944752101, 0.342731847197, 0.939415682629, -0.777976684841, 0.588690164133, -0.21953625782,  
2397, 3346582.731852179, 92.79067176259402, 141.84694832112174, 79.84828900338293, 70.53868272109067, -0.878120422525, -0.467361885942, 0.102359128138, -0.215386660363, 0.577201779478, 0.787684386227, -0.427215531181, 0.669634955283, -0.607516186271,  
2398, 1181828.1772160481, 65.58762581654214, 109.20752591335462, 84.05191245228079, 30.737289187429145, -0.103187435265, -0.938431858642, -0.329693797166, -0.967773693066, 0.171271178722, -0.184608402703, 0.229709451727, 0.300019716061, -0.925862699196,  
2403, 379543.52028456185, 44.91495725373813, 109.07085017700433, 45.513724982648974, 18.252480484731638, 0.392735965463, 0.499968939543, -0.771874031772, 0.833205258076, 0.161818174621, 0.528756916056, -0.389265281456, 0.850791359767, 0.353024932262,  
2405, 1885076.072025935, 76.63257586659591, 95.84072638321753, 86.44535806175455, 54.31859117064958, 0.896174281449, 0.439947430245, 0.0576013531946, -0.282612678033, 0.465901191328, 0.838490401933, -0.34205515854, 0.767712406139, -0.54186338682,  
2415, 3009605.56035417, 89.56541112710528, 114.04446228929419, 88.01730848042463, 71.5778559658838, -0.114212614861, 0.228836605198, 0.966741582186, -0.905901346551, -0.423434281911, -0.0067940576048, 0.407796798569, -0.876548468154, 0.255664925348,  
2416, 2507926.942705727, 84.28340850660406, 123.2230324720968, 91.65310991735437, 53.013584951430865, 0.629265371042, 0.702731287733, -0.331954560217, 0.575337485924, -0.708356081492, -0.408923512535, 0.522505378057, -0.066335503727, 0.850051604814,  
2420, 1447927.544394277, 70.18097652658417, 102.62027460556045, 74.4280088056785, 45.257300723163816, -0.558468867183, 0.727077517079, -0.399337962814, 0.829345740029, 0.479369831105, -0.287036946267, 0.0172675384135, 0.491490436513, 0.870711768,  
2424, 627088.7037881098, 53.09823958558995, 89.49548854636122, 55.66631931321361, 30.05015515211562, 0.690741566717, 0.00151917252559, 0.723100117636, 0.526963159454, 0.683716676923, -0.504818119996, 0.495162515331, -0.729745981704, -0.471470980654,  
2432, 629456.442298531, 53.16498444636057, 79.13302837950289, 51.43634020736764, 36.918940322924016, 0.808872873235, -0.0722194258845, 0.583531515404, -0.201352555354, 0.898401533748, 0.390297108127, -0.552432641502, -0.433196305022, 0.712151063973,  
2438, 2753481.7295131953, 86.94898766420808, 107.08450012833137, 85.95704258681357, 71.41435386868103, -0.0371136804543, -0.0178584095406, 0.999151465961, 0.957166031601, -0.287938472255, 0.0304076329902, 0.287151114697, 0.957482382817, 0.0277799194405,  
2442, 1998188.032986499, 78.13565337982706, 128.08919198329414, 93.35340097787204, 39.89377316024227, 0.37625683917, -0.842218322045, 0.386133511871, 0.0750457614035, 0.443092716946, 0.893329154279, 0.923471128229, 0.307143520526, -0.229921580383,  
2444, 763135.4928200737, 56.68972468092035, 70.63457306858523, 61.327637076072065, 42.057115874736354, -0.979034091166, 0.203619839028, 0.005586545373, 0.202814533154, 0.971879220483, 0.119653858838, -0.0189344521133, -0.118278239533, 0.992799951942,  
2456, 1550723.1206713098, 71.8039855636182, 121.86283851606221, 58.80093726616883, 51.66424823424146, -0.52417575671, -0.0224123654958, -0.851315136686, -0.0170517684431, -0.999177002285, 0.0368042836864, -0.851439377331, 0.0338083418343, 0.523362190793,  
2474, 3319564.5319582378, 92.54028559366299, 122.99482266982385, 96.39676706165802, 66.84104127291053, -0.250076445094, -0.816413499738, 0.520510104661, -0.962860151932, 0.153177538709, -0.222344258878, -0.101794397832, 0.556781500303, 0.824398120746,  
2477, 719072.2327541512, 55.576940650017775, 112.54042335023894, 72.67190535423904, 20.989825007050687, -0.100763864254, -0.647902442358, -0.755029184103, -0.134919069526, -0.742982759157, 0.655571097802, 0.985719781854, -0.167925712092, 0.0125485807793,  
2490, 1025834.5176058057, 62.56472879317794, 91.86318546395772, 71.82938106303504, 37.11462472909007, -0.0503788421513, 0.411990121073, 0.90979454406, 0.369026016625, -0.838806826183, 0.400278537275, 0.928052677017, 0.355903425787, -0.109776956576,  
2491, 1718605.2873284142, 74.30690593422058, 101.244970062603, 79.1547046480399, 51.19615499756888, -0.931114606893, 0.0724734148341, -0.357453763405, 0.362070077337, 0.0655952503583, -0.929840051959, 0.0439414147129, 0.995210966214, 0.0873171506653,  
2492, 3504017.219646565, 94.22349459642075, 128.283450604653, 98.87414183620547, 65.95143690812198, -0.125046874789, 0.110147436636, -0.986017657706, -0.21788824902, -0.972605280686, -0.0810165348546, 0.967929744374, -0.204710796451, -0.145621082856,  
2496, 1830462.4676612997, 75.88525648977217, 137.50470773044114, 97.13097005143324, 32.718766752587264, -0.51153453701, 0.713789276247, 0.478369403872, 0.84984518559, 0.502472988537, 0.159009610781, 0.126868348992, -0.487878842445, 0.863642667496,  
2513, 2761087.2167059802, 87.0289690057484, 116.32157733247932, 99.98067081590267, 56.67808745959067, -0.00810805684112, -0.656253558145, 0.754496869998, 0.752416173071, -0.500976890278, -0.427658810162, 0.658638111497, 0.564228165576, 0.497837739886,  
2516, 1470287.6102530141, 70.54039643887116, 89.25193831516482, 77.87491852920195, 50.50081957590646, 0.629349158153, 0.502659312299, 0.592666223849, -0.162293807308, -0.660811952987, 0.732794843663, -0.759987077023, 0.55736987589, 0.334302952738,  
2517, 1874833.4057536107, 76.4935279243755, 119.89354005364008, 96.48569878159458, 38.691480120275834, -0.134434270872, -0.967581964507, 0.213804978372, -0.922839252135, 0.0436523722096, -0.382703782474, 0.360964183174, -0.2487561303, -0.898790991334,  
2519, 245751.5508278032, 38.85699569969049, 89.30579168663492, 34.434505088305315, 19.07805900291571, -0.711065342672, 0.564315359797, 0.419445172994, 0.64531199968, 0.76064980827, 0.0705995201671, 0.279210496793, -0.320873875341, 0.905031189852,  
2534, 768540.4676286235, 56.823246615903535, 115.84920870649883, 86.26994532885813, 18.358007224326382, -0.428869279459, 0.431794647929, 0.793488829888, -0.596433114983, 0.524364629187, -0.607708215354, -0.678482630941, -0.733890398954, 0.032652746204,  
2539, 1482509.131517011, 70.73530914423165, 85.62593025543948, 78.81877277598771, 52.44134193938937, -0.899282771907, -0.42118642055, -0.117866429889, 0.0123456225441, -0.293828111392, 0.955778544727, 0.437193414583, -0.858060044577, -0.269434367046,  
