# Void_ID, Void_Volume, r = (a*b*c)**(1/3.0), a, b, c, vector_a, vector_b, vector_c 

1, 345291.1043202845, 43.52100612040848, 114.30722338410826, 74.35159389842923, 9.699130929545865, -0.912534149435, 0.0317424944914, -0.407766894387, -0.178293768203, 0.866395229781, 0.466444678427, 0.368093409795, 0.498348994036, -0.784955745128,  
2, 1647349.9599888176, 73.26542729038067, 111.97799873497723, 65.55566450306361, 53.57403226307519, 0.84516778695, 0.480940343892, -0.233211915473, 0.447438133606, -0.397926778532, 0.800907857074, -0.292387633967, 0.781249425308, 0.551505944627,  
3, 80631.1093396462, 26.80019836657105, 94.40839081571575, 42.47798934277496, 4.7999805641127296, 0.213951385297, -0.714431665057, 0.666192315097, -0.85012274969, -0.472100769429, -0.233264172054, -0.481161215383, 0.516438049981, 0.708361225183,  
6, 1016305.0067184941, 62.37039367270591, 124.91082449675983, 91.764705162535, 21.16701936922273, -0.772520716587, 0.612035017834, 0.169188886719, 0.188098303244, -0.0339195245271, 0.981564309749, -0.606490536415, -0.790102906463, 0.0889192129863,  
8, 2930984.772715032, 88.77860521525388, 123.6709057389833, 114.01678136431836, 49.62364193333316, 0.196497997899, -0.818444033863, 0.539942497175, 0.944623138041, 0.0104096602769, -0.327992021322, 0.262822495041, 0.57449195156, 0.775166648981,  
10, 1658321.699550791, 73.42772252662381, 135.71079312864634, 62.28879753604741, 46.833416273756825, 0.114002493149, 0.899797667375, 0.421150316801, 0.902320061185, 0.083607371452, -0.422880969803, 0.41571858118, -0.428221864487, 0.802374037489,  
11, 3015906.5221473575, 89.62787278380156, 124.7248588876176, 106.68761345957277, 54.108095215572675, 0.824980373775, 0.538740756588, -0.17077991708, -0.389608897456, 0.761034402436, 0.518682509182, -0.409404799568, 0.361365515095, -0.837736637966,  
12, 1692860.9382760124, 73.93400370127974, 113.60459634092425, 74.09605888774725, 48.01110073594914, 0.322031850756, 0.85632012635, 0.403746613988, 0.553008329669, -0.516289499491, 0.653931907795, 0.768425191164, 0.0126883380758, -0.639813825781,  
13, 944580.1268422103, 60.86721042636209, 122.69809911287618, 62.5628696726589, 29.376205615850992, -0.637041928821, 0.096622582994, -0.764749408225, 0.767690336293, -0.00991378511443, -0.640744305029, 0.0694919310901, 0.995271718336, 0.0678607264409,  
15, 1108289.284603048, 64.1980014639212, 143.9571875900597, 74.15897357092005, 24.7837752108826, -0.0963649533936, 0.148692418752, 0.984176996461, 0.0656905514981, 0.987573030406, -0.142773460625, -0.993175990045, 0.0508927717903, -0.104935116039,  
16, 1388510.5782675624, 69.20755839093728, 114.97903396146816, 67.90514693797468, 42.456015647844715, 0.458410651679, 0.47308032979, -0.752366051861, 0.754587733771, -0.654421345633, 0.0482706372566, 0.469528515075, 0.589853968322, 0.656974329472,  
17, 409185.15978556575, 46.05503199858762, 116.11016696713166, 80.18082528718797, 10.492778219967448, -0.356511502546, 0.703781472462, -0.614484489285, 0.926218711561, 0.179962372185, -0.331258876034, 0.122549773179, 0.687244631566, 0.716014224354,  
20, 2239171.289575679, 81.15829274145214, 110.88800313602584, 76.02756023444152, 63.40785924790002, -0.0370405358494, 0.893604747057, 0.447323769479, -0.107133559838, -0.448602071848, 0.887287203497, 0.993554426823, -0.0150577943548, 0.112351518765,  
23, 649532.3386715011, 53.724294739877664, 125.63000480273105, 39.75459349342136, 31.047846012722633, -0.267536126367, 0.712023795383, 0.64918913723, 0.944485495361, 0.0604335665121, 0.322947260543, -0.190713319256, -0.699549782966, 0.688664309378,  
25, 1982434.4726983467, 77.92977289189095, 129.5181845335565, 82.67590066343499, 44.1977894574353, 0.114524002868, -0.567700225538, 0.815230462318, -0.946931428096, -0.310484959879, -0.0831862979825, 0.300341677511, -0.762440518082, -0.573131165735,  
28, 2130220.107521833, 79.82004289124826, 108.95408559631913, 90.57903966759442, 51.53053344697914, 0.0798740978037, -0.600126502172, 0.795907224424, 0.829422960721, -0.402854315757, -0.386996062648, 0.552881253732, 0.691054687899, 0.465581075221,  
30, 1368337.561848298, 68.87076068463415, 127.07356567313022, 69.17778950803391, 37.16060214384576, -0.143078812234, 0.517877730561, 0.843404475728, 0.146760093321, -0.831649276443, 0.535556678607, 0.978769599292, 0.200404933024, 0.0429876066025,  
31, 2155798.9984580865, 80.13825574047326, 122.74089326887146, 78.82913370518206, 53.19166968269834, -0.155559550723, 0.974608829128, -0.161055444999, 0.972567408228, 0.179653606226, 0.147774213659, -0.172956244846, 0.133649586438, 0.975819617252,  
35, 2119848.934791915, 79.69029502369767, 138.48725492972324, 76.53425562986797, 47.74749967802305, 0.631285106771, -0.20080026401, 0.749105044665, -0.519719865043, 0.60740233804, 0.600794192402, -0.575647788017, -0.768597198614, 0.279084163711,  
39, 1179887.965573014, 65.55171434226763, 91.05529242589368, 76.32015824669926, 40.532902736469424, -0.763066979346, -0.0928399068744, 0.639616710791, 0.259240179845, -0.950498308205, 0.171311106625, -0.592050094321, -0.296536199798, -0.749361707071,  
40, 762696.1663706934, 56.67884409836143, 87.23658757798, 72.17901563303506, 28.917006341291025, -0.673205379864, 0.563060650203, 0.479329970599, 0.720689844899, 0.644713139399, 0.254855086951, 0.165531459187, -0.517018057788, 0.839816446577,  
42, 1642084.4207775455, 73.1872828452644, 112.8936183806136, 84.08836984680717, 41.2953874572496, -0.160314940394, -0.789965808984, 0.591821882429, 0.913081738461, -0.346437832966, -0.215087346859, 0.374941140414, 0.505900038077, 0.776842514735,  
43, 1779777.69568451, 75.17827969315182, 143.29739963439036, 81.18003333211617, 36.524948795507896, -0.976597083846, -0.198146756937, 0.0836420859344, -0.211855601002, 0.819189211117, -0.53295988659, -0.0370855787128, 0.538207115435, 0.841996294972,  
45, 3349102.947579683, 92.81395858491163, 120.08034864944416, 93.61652197232642, 71.12388084633552, 0.292083348164, -0.25289088051, -0.922352167169, 0.447050432386, -0.816461618123, 0.365426240211, -0.845478106534, -0.519072854893, -0.12541986559,  
47, 491261.79630940943, 48.94873367156102, 130.50726146142424, 98.51409348609354, 9.122026732177922, 0.154893571516, 0.941665969383, 0.298786183764, -0.970159949991, 0.0878780055356, 0.225980369892, 0.186541290166, -0.324873295683, 0.9271783479,  
48, 1808761.5212967196, 75.58417904958704, 99.84942086286992, 78.42065356889582, 55.14633991788732, -0.0587787879719, -0.230616899467, 0.971267676681, 0.279893896741, -0.937731568345, -0.205715610238, 0.958229857942, 0.259760180568, 0.119666987677,  
49, 719295.6195123619, 55.58269522590519, 108.19562763537117, 56.093705158129175, 28.294040326988494, 0.151454752012, 0.141884867385, 0.978228062621, -0.647394564611, -0.733608272139, 0.206637800903, 0.746954975755, -0.664595807583, -0.0192529669849,  
50, 2687543.6191395484, 86.24931160205972, 117.07871915594747, 83.23772431169367, 65.83680570914336, 0.203678454861, 0.450209556619, -0.8693827938, 0.850266110906, 0.358873288843, 0.385042209634, -0.485347944953, 0.817631529287, 0.309703171836,  
51, 1362340.1895844284, 68.76999400086636, 90.38952368541493, 78.20856519121834, 46.00706654302743, 0.387465184854, 0.780958935727, -0.489871280272, 0.686774837721, -0.599008158701, -0.411739660566, -0.614988660708, -0.17689648532, -0.76843775329,  
52, 2285418.946669716, 81.71323505764877, 117.7500788413231, 89.98049417278826, 51.495304861628405, -0.0122274821757, -0.92196589832, 0.387077990869, -0.960939561727, -0.0962038456677, -0.259499477432, 0.276488060119, -0.375131580134, -0.88477717545,  
56, 337630.64703904005, 43.19675108871645, 91.54957669123212, 84.09755808293835, 10.469200704123843, -0.0978647109282, 0.982791262093, 0.156664716858, 0.489870360233, -0.089457036816, 0.867193443662, 0.866284900319, 0.161613036966, -0.472685622547,  
59, 1643828.2606725106, 73.21318117913809, 111.99383296974186, 66.34719936567711, 52.814251530674866, 0.729048272024, 0.492068782464, 0.475769829207, 0.53917085821, -0.841063173214, 0.0436752140204, -0.42164369166, -0.224679887812, 0.878484800834,  
61, 2124198.655285142, 79.74476332247372, 124.69582876314321, 110.37378507608054, 36.84585664616277, -0.884099465892, -0.0959449487744, -0.457343089173, -0.0554000246568, -0.950273070396, 0.306450532627, 0.464003202228, -0.296269570635, -0.834820561461,  
66, 2472138.658627471, 83.88057629286742, 115.28715103490877, 102.97865327465831, 49.71141231204892, 0.421561495109, 0.585186832046, 0.692706487223, -0.885710844553, 0.429509309358, 0.176176198776, -0.194427893271, -0.687806749585, 0.69937090985,  
71, 2571942.5133511517, 84.9945115958916, 111.22388890929608, 87.33766552996947, 63.20813736271676, -0.105071389924, 0.9916408181, -0.0748898584416, 0.426499471116, 0.112963779343, 0.897405920247, 0.898364182366, 0.0623512023488, -0.434803545763,  
73, 1980415.960996689, 77.90331458534101, 117.89092021605646, 73.58619259832291, 54.49932433428997, 0.705653975685, -0.0229059426383, -0.70818626391, -0.561088108901, 0.592299973879, -0.578239461636, -0.432703825555, -0.805391866569, -0.405106579328,  
75, 1252469.552673235, 66.86920950997057, 100.67044818429174, 83.43583158167293, 35.59786624010489, 0.0551641044333, -0.828983409552, 0.556545980373, 0.996905703013, 0.0144663659336, -0.0772641155845, 0.0559994721623, 0.559086067564, 0.827216312807,  
76, 2660334.01780692, 85.95725132551267, 142.95727167829162, 99.14785798902601, 44.80824882494105, 0.230946695659, 0.89175475889, 0.389149166465, 0.367923219749, -0.45030497145, 0.813546518066, 0.900719783359, -0.0447088658238, -0.432093727313,  
78, 2383594.4469778864, 82.86693042193238, 131.08724910557595, 78.21208064092136, 55.50210650853187, 0.744911062848, -0.29852073348, -0.596651389112, -0.473082970887, -0.866936758072, -0.156885818866, 0.470425351255, -0.399131593822, 0.787015857343,  
79, 1524971.530734478, 71.40430157832176, 117.40977024674865, 72.82861774530008, 42.57619254153167, 0.111465858025, 0.943484098686, -0.312110746403, 0.250836449655, 0.277187170441, 0.927495740188, 0.961590577127, -0.181672860022, -0.205763295833,  
81, 2007862.4152402922, 78.2615503587822, 112.74053467021497, 89.40294027547607, 47.55689030740214, 0.644212035727, 0.757910706833, -0.102772630073, 0.699643942106, -0.63823715879, -0.321172357799, 0.309013280134, -0.134998850392, 0.941427694034,  
83, 1959698.886746768, 77.63071369830178, 145.23715896493286, 92.87291077982242, 34.68437990199018, -0.578824592319, 0.436843733953, 0.688570725077, -0.16972387882, -0.890449912599, 0.422247271289, 0.797593816604, 0.12754021036, 0.589557120605,  
86, 1354984.5286492642, 68.64600100950723, 108.25590933969009, 79.71507188641378, 37.48466834228636, -0.251085137016, -0.709539685151, 0.658414526849, 0.0816172234869, 0.662263711522, 0.744812328866, 0.964517953591, -0.240749271229, 0.108373915692,  
92, 2883578.841484137, 88.29736436733006, 119.924375337315, 89.29714388561544, 64.2833035739784, -0.23216625843, 0.482877903966, -0.844350494941, 0.972217281618, 0.141863010875, -0.186194638666, -0.0298728265969, 0.864120255524, 0.502398047592,  
93, 1308511.366202007, 67.85204842710658, 134.99392383534283, 92.23315849480763, 25.08924473615867, -0.970162003061, -0.138549544941, 0.198971634696, -0.125321801299, 0.989071643231, 0.0776642174735, -0.207557543674, 0.0504113891228, -0.976923005109,  
95, 1156336.3984132935, 65.11262372372292, 98.4442504524883, 69.86511809186992, 40.136993016037366, 0.486766843579, -0.511829832442, 0.707875880797, 0.597579348356, 0.786183121433, 0.157527845135, -0.637147520132, 0.346332675611, 0.688546814235,  
96, 745017.0648394694, 56.237482418681196, 107.81229791745865, 63.55492353059519, 25.9573353533174, -0.583864809853, 0.810516165161, -0.0465341791317, -0.0106480184676, 0.0496684728347, 0.998708997911, 0.811781068711, 0.583606535963, -0.0203692823523,  
99, 1789255.7308683048, 75.31149506642885, 148.6397820695293, 73.74765531730817, 38.9673193295375, 0.443104774801, -0.885578544976, -0.13931546657, 0.389790389904, 0.050378349548, 0.919524591208, -0.807292766279, -0.461749566945, 0.367512893568,  
101, 1752045.4566458976, 74.78576149169402, 139.70773290901369, 70.14464393472652, 42.68170896467434, -0.548733381814, -0.724542599078, 0.417048795472, -0.209165521317, 0.6019857745, 0.770625013864, -0.809408092605, 0.335635441249, -0.481879020298,  
102, 1477112.914336565, 70.64938114008817, 130.65902510920142, 73.57305504277012, 36.68317202140744, -0.5425306206, 0.643364641386, 0.540131894935, 0.798524369322, 0.19535135656, 0.569382717589, -0.260805209515, -0.740216039886, 0.619726437216,  
103, 332495.2089786904, 42.9766204427437, 93.62080817156888, 39.5197225264388, 21.45411034564028, 0.180701145803, -0.846222765036, 0.501252558937, -0.738566564356, 0.219810527886, 0.637340381465, 0.649512529456, 0.485376517526, 0.585271826004,  
104, 501334.82042209484, 49.281027418382166, 87.49343406103159, 70.985001969733, 19.270687069642676, -0.657402590387, 0.456773182905, 0.599316355133, 0.212714798225, -0.65049763013, 0.729112644117, -0.722892971862, -0.606803998482, -0.330476411652,  
105, 1490830.1969905074, 70.86740396547886, 123.52899818235198, 70.38564722008414, 40.934222305736284, 0.226267836776, -0.205358759177, 0.952171542355, -0.74031492094, 0.599029508808, 0.305118772627, 0.633037663866, 0.773945364742, 0.0164890424416,  
106, 3372414.2128737825, 93.02880320303717, 131.55755482740796, 92.66480511342465, 66.04222432148461, 0.276006948499, -0.314844128584, 0.908126279256, -0.834869203583, 0.389626956922, 0.388824185653, 0.476249490592, 0.8654848405, 0.155313919451,  
107, 591929.1635005308, 52.086723935207054, 118.93861038858294, 80.74171197294218, 14.715001630853433, 0.785184668883, 0.613526510944, 0.0840848150417, 0.554002493389, -0.635262678377, -0.538073012499, 0.276706113177, -0.469069877343, 0.838693732598,  
108, 2305773.5962873204, 81.95510621352012, 123.88696803417807, 102.46097755023881, 43.36545755667437, -0.240948752202, -0.884934085645, 0.398541544731, 0.511464751544, 0.23321277344, 0.827052362449, -0.824831805122, 0.403117186894, 0.396420265489,  
112, 2610366.3414643835, 85.41568285765376, 145.36881296279446, 98.27061003472936, 43.62324371316846, -0.389745143932, 0.6113039661, -0.688771503339, 0.917029045995, 0.188913748456, -0.35123969657, 0.0845958130388, 0.76851744071, 0.634211708928,  
115, 987941.9857207229, 61.78470030496809, 90.18947005749841, 74.86339911548382, 34.931517773657035, -0.307305769568, 0.750903926228, 0.584556633326, 0.950180242455, 0.275796718535, 0.145236623804, 0.0521600502225, -0.60006621603, 0.798247997517,  
120, 2384604.7126760143, 82.8786362433015, 118.50195198142552, 84.34557418130709, 56.9560661060522, 0.0994721881981, 0.897512129672, 0.429624558034, -0.937376131792, -0.0603246626879, 0.343055276331, 0.333813228201, -0.436844265342, 0.835305822149,  
122, 1266362.1983178048, 67.11554321458718, 115.00272641511677, 68.66444541564069, 38.28505502314958, 0.57176534359, -0.73156524581, 0.371344426366, 0.352410440634, 0.627746249937, 0.69407602395, -0.740871968158, -0.265982963388, 0.616734780911,  
129, 2822880.70540371, 87.67342484129782, 120.69601507462045, 83.74331957462871, 66.67466037140144, -0.351382978778, 0.357475538022, -0.865298354292, -0.121691351986, 0.89895558728, 0.420796942658, 0.92828940373, 0.253160209777, -0.272376010524,  
130, 521725.49687296886, 49.94030043382046, 111.97510573009544, 56.23806836435214, 19.778874531285393, 0.272022814854, -0.812051401672, 0.5163100902, -0.447914787507, 0.368025950857, 0.814818533557, -0.851690044166, -0.452912155433, -0.263618375933,  
133, 2140739.1444083136, 79.951211139885, 121.36949215317854, 93.20481814066117, 45.178025163851295, 0.39176963942, 0.919582631669, -0.0297377396827, 0.455975704299, -0.165983379048, 0.874377306984, -0.799126214511, 0.35611416907, 0.484334586695,  
135, 1714813.795940263, 74.25222177991095, 126.47843148690221, 96.39225095950668, 33.579155246713036, 0.734173366162, 0.421972400715, 0.531910482556, -0.329016882806, -0.464177486646, 0.82236679877, -0.593916963259, 0.778767329775, 0.201950703954,  
138, 1698184.3527817943, 74.01142087177071, 101.84878748619315, 78.27773571906823, 50.85130560582174, 0.698595412822, 0.0516813300977, -0.713648014993, 0.384595591344, 0.813934381084, 0.435427438741, 0.60336612459, -0.578653491659, 0.548734413253,  
140, 835498.5826217118, 58.4277330100872, 99.10021867275492, 78.95392530888978, 25.492285219135997, -0.509410539764, 0.591043284458, -0.625434839032, 0.858281414789, 0.401405943213, -0.319728450065, -0.0620799082187, 0.699672140828, 0.711761884583,  
142, 2220316.0104831033, 80.9298484441098, 118.75501479142957, 96.76168803555969, 46.12865449440943, -0.246241010835, 0.952613088224, 0.178587985953, -0.358985743916, 0.0815125868635, -0.929776819375, -0.900274735982, -0.293059724846, 0.321902776355,  
144, 1034578.1432503591, 62.741981442940165, 141.26076813658244, 44.38237207061985, 39.3951371204519, -0.0212104402014, -0.311375714086, 0.950050147047, -0.929260250033, -0.344411757558, -0.133626078906, -0.368816356652, 0.885678105145, 0.282043948938,  
145, 784252.8338754822, 57.207876716735804, 97.05749896175547, 56.7891865695561, 33.96821638629446, -0.0734481844271, -0.949537440465, -0.304932801384, -0.525883665153, 0.296670255947, -0.797140596107, 0.847379333551, 0.1018106497, -0.521136121064,  
147, 953414.6691391817, 61.05638306631834, 91.01519835932025, 69.33535288421963, 36.068208386100096, -0.530030061175, -0.736774563341, -0.419799210414, -0.846647703025, 0.487527001894, 0.213319219448, -0.0474952756899, -0.468487636162, 0.882192458339,  
148, 562865.0418809785, 51.21987989442606, 151.17513136788935, 58.34647147893423, 15.234237275667583, 0.690859648171, -0.0671089442082, 0.719867582362, -0.488097940685, -0.777823664496, 0.395917601589, 0.533360428629, -0.624889379456, -0.570122720663,  
150, 1103101.4219149312, 64.09767523970157, 129.69584163922906, 64.12953011227071, 31.662319394242576, -0.934163204173, -0.177710533684, -0.309448015321, -0.309776887115, 0.834314314236, 0.456024018304, -0.177136637029, -0.521860701029, 0.834436349007,  
151, 1383407.820366391, 69.12267537244568, 113.53857085502864, 68.10999313678217, 42.707815438614645, 0.189403434967, -0.677765124396, -0.7104651821, -0.776803623879, -0.546000950468, 0.313781917924, 0.600585105336, -0.49246055501, 0.629904860283,  
153, 980911.6540371729, 61.63779513119575, 113.46624484937868, 54.549354609854234, 37.83423753689406, 0.227006703087, -0.274015797481, -0.93454978438, 0.59554575948, -0.720214301848, 0.355832274784, -0.770579785044, -0.637343472661, -0.000304527957892,  
155, 1103419.208840345, 64.10382984072297, 153.3361638585944, 81.52940262278474, 21.071384727333236, -0.041301994705, 0.998530313617, -0.0350907113343, 0.799781212878, 0.0540910248288, 0.597849623702, 0.598869064789, -0.00337250967917, -0.800839852541,  
160, 2033522.925231077, 78.59353466762123, 111.90595700673798, 79.44238147795971, 54.60784059824089, -0.916905857278, -0.376637811022, 0.13201366671, -0.376748425552, 0.925975302182, 0.0251070426906, 0.131697656524, 0.0267151465825, 0.990929880571,  
161, 744901.3679730732, 56.234571148754924, 116.78058078305975, 75.05538862378394, 20.28886039081919, 0.540403223712, -0.813801052114, 0.21375734696, -0.631702660898, -0.560222347366, -0.535819624245, -0.555802216635, -0.154527567409, 0.816826252574,  
163, 945026.9827994938, 60.87680713743426, 145.3713060339485, 68.04962749406602, 22.806106870910572, 0.337351292366, 0.456217263638, 0.823443934884, 0.805346201602, -0.592802864697, -0.0015030544906, -0.48745420411, -0.663664502566, 0.5673956529,  
165, 787829.0517695266, 57.294701455441604, 110.06584232090125, 58.75171637148568, 29.085079970908577, -0.614888743764, -0.484888711637, 0.621928267664, -0.787515777121, 0.419148478347, -0.451811303405, 0.0416020862216, 0.767592007792, 0.639587191863,  
168, 2221707.4567435947, 80.9467508458308, 123.66190861614093, 82.88661350636112, 51.74613558595188, -0.169498396298, 0.568447693214, -0.805069881272, -0.125592266522, 0.797770730638, 0.589735910325, 0.977495205227, 0.201069842138, -0.0638282252665,  
171, 2150138.113564202, 80.06804958135379, 97.29924375246603, 78.57110866852481, 67.14372050166399, 0.937278170184, -0.317368057982, -0.144177485997, 0.258960229896, 0.357074370505, 0.897461694593, -0.233343590072, -0.878507489838, 0.416863717863,  
173, 688129.6396846058, 54.76804245022383, 94.12396789247371, 67.91519772046227, 25.698895525094898, -0.30265918962, -0.612042566153, -0.730617076282, 0.12943056202, -0.78586229511, 0.604705037799, 0.944269635514, -0.0884553578952, -0.317065458709,  
174, 2334644.845525577, 82.29574947248447, 130.9950581397432, 109.60008346073232, 38.820973100527326, -0.692087037052, -0.0304374125808, -0.721172030143, -0.658308520107, 0.436398228868, 0.613340426025, -0.296049701064, -0.899238650057, 0.322062765224,  
176, 1066497.5447872034, 63.38070761375621, 128.464308124411, 72.2753425286375, 27.42196737975959, 0.774647511546, -0.378805443799, 0.506386876413, -0.481899857969, 0.164928894939, 0.860564341873, 0.409504285379, 0.910661789778, 0.0547845315179,  
179, 505836.39118036954, 49.42808904247238, 108.54527575158477, 81.97711859595464, 13.571188586787402, 0.145454696052, -0.607922642661, 0.780559409614, -0.8892938597, -0.426092785826, -0.166136597314, 0.433588932626, -0.669981341835, -0.602599069943,  
180, 2087019.274298418, 79.27677054368945, 93.3733339716993, 81.77114978202736, 65.25516322267177, -0.976416750249, -0.189603474103, 0.103251404069, 0.135332269596, -0.164902054344, 0.976981314703, -0.168212682756, 0.967914167208, 0.186672596486,  
183, 1598213.1164804967, 72.52961304127061, 137.6305541547566, 78.90617079163664, 35.13340601402628, 0.243020495592, 0.968918765139, -0.0462327295801, 0.875844453361, -0.198690849984, 0.439793633025, -0.416938283489, 0.147371546423, 0.896908075037,  
195, 1088054.6171020917, 63.804899503406325, 137.85682279705125, 89.20887697911417, 21.121548249943775, 0.595825422578, -0.242978592947, -0.765475975573, 0.41923895217, 0.907063362418, 0.0384025720748, 0.685004209325, -0.343798574645, 0.642317501925,  
196, 1472118.1806153858, 70.56965955827344, 141.75327854995743, 64.94864545706633, 38.17252222557834, -0.543684016294, 0.437654406853, -0.716146849877, 0.286742655482, 0.898793634446, 0.331585060288, 0.78878789288, -0.0250723521282, -0.6141539198,  
198, 1275646.1563924483, 67.2791565884201, 134.69951904443028, 65.98486293654312, 34.26346273771887, -0.413948286587, 0.553064166887, 0.723026170576, 0.0315407522835, -0.785081005545, 0.618589521151, 0.909753811191, 0.278868861722, 0.307538877193,  
201, 584504.3767097297, 51.868025941962784, 130.38998606422015, 111.44112109800135, 9.603055676257243, 0.216028007705, -0.0648236957418, 0.974232923051, 0.444437423591, -0.881903583101, -0.157230552456, 0.869371771108, 0.466951773296, -0.161705797722,  
211, 1244271.6188574226, 66.72299444140528, 104.28500777694325, 76.11132828969717, 37.42444829550341, 0.519399038097, -0.404846012417, 0.752545244788, 0.685293229584, 0.723429906559, -0.083799521376, 0.510487834047, -0.559239552005, -0.653187028931,  
212, 2645975.0866532456, 85.80232321960027, 106.82818233539554, 85.3521238857527, 69.27825977509173, -0.58344270522, -0.521226795554, -0.622830022817, 0.0296236103848, -0.780033956849, 0.625035573284, -0.811613856112, 0.346221971803, 0.470545741461,  
215, 953073.7786526054, 61.04910535813096, 116.36460670791118, 67.72309560548122, 28.872221744454542, 0.676918638634, -0.176935308213, -0.714475369329, -0.679558603309, -0.523184983719, -0.514273835111, 0.282809584949, -0.833649428428, 0.474391577858,  
216, 2107555.4862555047, 79.53594936610756, 116.08863624029891, 73.55509688178947, 58.92341739619648, 0.00791292480511, -0.326997756951, 0.944991985453, -0.659895541634, -0.711739352188, -0.240759150767, 0.751315685816, -0.621690889024, -0.221416301911,  
220, 1252720.074262179, 66.87366765262449, 122.43689240512781, 63.4683387983903, 38.48539940151164, 0.0146165532723, -0.892459667807, 0.450890338895, -0.383828101134, -0.421398978972, -0.821644016166, 0.923288874162, -0.161054779064, -0.348710500258,  
221, 668810.0340210502, 54.25062221669363, 100.87487488884854, 66.97940235205785, 23.63142406439735, 0.875754459909, -0.460362754669, -0.145328111746, -0.427806323498, -0.87955719425, 0.208232782286, 0.223687003479, 0.120188502599, 0.967222233159,  
222, 1300194.357941564, 67.70798499329086, 96.98615527733543, 69.88677195174172, 45.79467101566391, 0.633026976566, -0.00406415160901, -0.774119066818, 0.609313100087, 0.619439992495, 0.495006708803, -0.477508526629, 0.785033488693, -0.394598566429,  
223, 1174793.4115571235, 65.45723120159779, 125.85935166433796, 81.72318685231077, 27.267298269927043, -0.0458452195295, 0.976262268028, -0.211684198442, 0.544727978456, 0.20206066706, 0.81390596282, 0.837358731568, -0.0779966079468, -0.541060887346,  
224, 387436.93998219434, 45.22419088461625, 139.73828190717637, 43.4759496732156, 15.224671826499755, -0.438776894327, -0.388436483887, -0.810303606675, 0.150297557923, -0.920765179708, 0.360002955433, -0.885937628215, 0.0361743254745, 0.462391540893,  
225, 1210174.8153627675, 66.10787041757976, 106.60591248727441, 63.93316730823739, 42.388884632900634, -0.0850187540634, 0.689581234062, 0.719200620889, 0.566641279799, -0.560261842519, 0.604172432212, 0.819566636391, 0.458894747679, -0.343112429194,  
229, 2250007.324036266, 81.28899872271299, 123.810319841867, 68.32825558303547, 63.494797669348166, 0.232136385515, 0.83716454725, -0.495245615172, 0.542425715011, 0.311216526778, 0.780332376078, 0.80739522058, -0.449777494199, -0.381854898485,  
231, 1394089.7298508394, 69.30012843515756, 110.97025356555233, 61.43894862727858, 48.81482816465683, 0.405660176068, -0.190222439499, 0.894010763393, -0.847180289711, 0.288916058518, 0.445884590287, 0.343111320532, 0.938265918938, 0.0439509622367,  
232, 4100377.2893376127, 99.29142342478417, 133.6558455851989, 113.1914720664534, 64.70435975927455, -0.918825712578, 0.199429838033, 0.340568714957, 0.381094904485, 0.672662028232, 0.634265299028, 0.1025962167, -0.71256826724, 0.694060862491,  
238, 1719983.4563227706, 74.32676314302148, 133.94708520152437, 70.92548750416215, 43.22152272584476, 0.125028199453, -0.725799145687, 0.676449221643, -0.702558820743, 0.416649865252, 0.576900332104, -0.700556245235, -0.547374177236, -0.457823609436,  
240, 3102630.520907145, 90.47886632414608, 118.93917504621437, 112.52301567895394, 55.344588938882765, 0.724962139708, -0.665156265857, 0.178877158911, 0.0782063429805, 0.33750809247, 0.938068257343, 0.684334467864, 0.666074642595, -0.296700027949,  
242, 2076521.1312763498, 79.14362079637316, 99.7315162246061, 75.73216981487417, 65.63491451320697, 0.383837193189, 0.586870885526, 0.712917648012, 0.802074971541, -0.594448169696, 0.0575075088408, -0.457542073642, -0.549739881459, 0.698885765759,  
245, 395604.31572111754, 45.53976695372025, 110.80579619771518, 84.55709812978746, 10.079984458185395, -0.0558476062794, 0.124579130328, 0.990636706951, -0.347172665396, -0.932695989616, 0.0977206802851, 0.936136841105, -0.338464519913, 0.0953393071351,  
249, 141745.221647973, 32.344959078407456, 102.87849702451088, 80.84174595723067, 4.06873610390888, -0.581974772863, -0.252809150035, 0.772911959676, -0.797559160051, -0.0081109457533, -0.603186205726, -0.15876003896, 0.967482168424, 0.196909887543,  
252, 2513257.055027665, 84.34307560246889, 101.13655858359681, 82.12214435527751, 72.24035115286131, -0.996414890353, 0.00574863304742, -0.0844056840566, -0.0790506547745, -0.41868868038, 0.904682697359, 0.0301390156228, -0.908111635285, -0.41764206876,  
256, 388877.5433461992, 45.28017379190515, 83.38949828688439, 54.75385038656758, 20.3328487165794, 0.365311125609, 0.363108069241, 0.857146610305, -0.247933638677, -0.849573667225, 0.465567927129, 0.897260660187, -0.38259262148, -0.220332007822,  
257, 1998223.2580500073, 78.13611251532618, 140.89841872958786, 65.61046435863412, 51.6031448493703, -0.131492735082, -0.928296526258, 0.34781492199, -0.0598692401152, 0.357657428647, 0.93193177745, -0.98950762236, 0.101718843246, -0.102605761144,  
258, 165408.45294812554, 34.05307724064383, 129.36292263968375, 52.690702739938416, 5.793290158208887, -0.824910690919, -0.17675049102, -0.536918630643, -0.529626282373, 0.573603615692, 0.624879902929, -0.197530638198, -0.799836330751, 0.5667834604,  
259, 2608981.3501562946, 85.40057375145902, 120.93163148883959, 74.46792167858547, 69.16290399608647, 0.204176302678, -0.9760389614, -0.0752328602035, 0.395468962478, 0.0119374324512, 0.918401762532, -0.895497815263, -0.217268137416, 0.388430456225,  
260, 2620418.826970295, 85.52518729115953, 108.91982369468485, 87.71084482824934, 65.48199132051292, 0.317252185897, -0.637712739761, 0.70190705374, -0.134310577196, 0.702467172431, 0.698928136871, 0.93878204041, 0.316010020733, -0.137207679812,  
261, 3127773.7868825733, 90.72261824786106, 101.26922183654645, 99.80539733102225, 73.8780162771657, 0.312971737992, 0.83157991393, -0.458828440668, 0.420148182757, -0.55447975873, -0.718350681551, -0.851777081016, 0.0320475257494, -0.522923283426,  
262, 2825577.823039136, 87.70133843910655, 94.47685424790478, 86.1976661076185, 82.83192084776078, 0.363017341231, 0.921098252051, 0.140699751363, 0.852073990001, -0.389264733384, 0.349918394639, -0.377078672864, 0.00713984673329, 0.926153711357,  
263, 3775755.5654375954, 96.59880501600168, 114.05394933661427, 89.87432686087926, 87.93652167552071, -0.291594340559, -0.516384129041, -0.805183315667, -0.951841322047, 0.239991580286, 0.190793445997, -0.094714508909, -0.822041040744, 0.561495938663,  
264, 2888214.858483033, 88.34465847956795, 111.60365121360007, 85.50964717614097, 72.25158370040916, 0.845389115283, -0.512930541059, 0.149062080389, -0.258789787084, -0.149185175457, 0.954343559482, -0.467274105705, -0.845367401473, -0.258860709002,  
265, 3254196.745468575, 91.92882991189092, 106.84593987740604, 89.61079792545623, 81.14034107443301, -0.763261775855, -0.342535397321, 0.547814716031, 0.0379208727374, 0.822680947331, 0.567237222252, -0.644975556846, 0.453724101718, -0.614931679613,  
266, 2697773.3747953204, 86.35860499499279, 106.07376350370559, 90.82122653450084, 66.85309442370993, -0.360474810837, 0.701523281329, 0.614754419671, 0.763343477893, 0.600630312491, -0.237802360112, -0.536064031166, 0.383547015984, -0.752015319671,  
267, 1625755.4572630345, 72.94388167952434, 114.64821219366938, 81.70484706375473, 41.43348875291872, -0.0774232802568, 0.772329233198, 0.630486471879, 0.965414012845, -0.0998366472087, 0.240849387952, 0.248960678576, 0.627327824524, -0.737887783542,  
268, 2251806.4297219394, 81.31065917624417, 106.09828080107094, 79.47534910882668, 63.753150984444325, -0.90844265994, -0.00813095231351, 0.417930402358, 0.41630075419, -0.107907817406, 0.902800966439, -0.0377573259392, -0.994127653049, -0.101412986253,  
269, 4045364.875623972, 98.84537726808071, 124.12346630176758, 104.92221652805165, 74.15624627039496, -0.318716393065, 0.870789273031, -0.374360658677, 0.214811942637, 0.451039651654, 0.866267315519, -0.923187787014, -0.195676453896, 0.330809666272,  
270, 2014193.0283186466, 78.34371465516297, 104.10873472433647, 91.41045453426723, 50.52768982285261, -0.768460056671, -0.526380104508, -0.363858663329, -0.628689784102, 0.727021861, 0.276022406689, -0.119240499275, -0.440866418778, 0.889617054764,  
271, 4230411.504937049, 100.33012078629314, 132.35673800152577, 104.09214917202455, 73.30438839511145, -0.135877101475, 0.936726689103, 0.322615131723, 0.971585591626, 0.0622900095222, 0.228344898913, 0.193801061505, 0.344475056623, -0.918573940368,  
272, 3365906.311954614, 92.96892403333759, 114.55433021604337, 85.5596611457048, 81.98470680271605, 0.498144516508, -0.116037204209, -0.859294715399, -0.720488841692, 0.495989983212, -0.484654274253, -0.482439498457, -0.860540123291, -0.163471179526,  
273, 3109322.1809651353, 90.54386698060468, 107.69265562939135, 91.28547692153597, 75.50736942661432, -0.0551446567683, 0.179634162524, 0.982186659696, 0.378555493049, -0.906482692031, 0.187042422277, 0.92393441624, 0.382126545405, -0.0180138220443,  
274, 2953513.0049954103, 89.0054826125025, 103.41694824682033, 92.76243138718141, 73.49984731327453, -0.39594161917, -0.403729430397, 0.824762257405, -0.417851536919, 0.87900257157, 0.229683635177, -0.817698188394, -0.253686866441, -0.516732664433,  
275, 1348637.5886330805, 68.53865067978558, 84.62475391527703, 75.18109086193301, 50.605836607333686, 0.395338996646, -0.226486575498, -0.890174650757, 0.148281008766, -0.940676449479, 0.305189383555, 0.90648762825, 0.252649259873, 0.338302425819,  
276, 3256080.71638819, 91.94656678566913, 97.09405862926387, 92.83812888897599, 86.23578452486167, -0.796031403662, -0.536175997233, 0.280801183003, -0.604612546312, 0.683053732261, -0.409733166446, -0.0278867930452, 0.495936385876, 0.867910956227,  
277, 3041586.636778689, 89.88154466009296, 125.77689052395108, 76.93294270229923, 75.04096040806536, -0.214177341096, 0.650033432704, -0.72909848644, -0.477704856507, 0.581362365811, 0.658646999301, 0.852012990881, 0.489361150875, 0.186009481972,  
278, 3421355.880196616, 93.47666591937531, 106.02922551728373, 89.52668711144169, 86.04616882281742, -0.106563389403, 0.166030638106, -0.980345893677, -0.143114518431, 0.973132329712, 0.180365471983, 0.983952477843, 0.159522086495, -0.0799388845742,  
279, 2436232.1354792067, 83.47248691700035, 120.07068012915151, 92.19396903842143, 52.540061328206725, -0.507367730341, -0.859730259383, -0.0586674297176, -0.853776341711, 0.492290295059, 0.16945861951, 0.11680729662, -0.136066698689, 0.983789565387,  
280, 1642587.051927046, 73.19474946410162, 99.78073054803286, 74.32848348363201, 52.873472562581945, -0.273350789994, 0.961770591949, -0.0166335224975, 0.20974555245, 0.0764712724552, 0.974760969529, 0.938768421304, 0.262962873711, -0.222630586876,  
281, 2494211.8045059745, 84.12948692776777, 109.6254389130303, 95.0077386188403, 57.17081649532795, 0.131946592078, 0.772014307611, 0.621758800246, -0.737567502713, -0.342596603489, 0.581912146478, 0.662256956007, -0.535370410204, 0.524208210636,  
282, 1793469.2358256055, 75.37056554820542, 140.4173639377513, 93.28766489941539, 32.685887686750455, -0.140309365243, -0.152765992218, 0.978251416379, -0.461038753423, -0.864293670103, -0.201096294503, 0.876217181906, -0.479227506976, 0.0508374536186,  
283, 3742382.9511567513, 96.31336109116916, 129.53342340520985, 95.20459821883333, 72.44690697718109, -0.641375988241, 0.643860103236, -0.417230163302, -0.108509215545, 0.462225349005, 0.880098560889, 0.75951470812, 0.609747401961, -0.226595485285,  
284, 3176711.8210060326, 91.19332901557408, 96.7538378478839, 93.94378835716218, 83.43589704276351, 0.93848746832, -0.314221998731, -0.143198489236, -0.105129568333, -0.654999820575, 0.74828003375, 0.328921032571, 0.687197039109, 0.647743146449,  
285, 3456837.3299817033, 93.79869106775914, 105.10711283167485, 96.84071683472868, 81.0774781238301, -0.0669179263318, 0.87921579813, 0.471700722338, 0.978594324602, -0.034378264125, 0.202907079258, 0.194615361656, 0.475181770773, -0.858095068004,  
286, 2709136.888604159, 86.47968788106205, 99.09693181827217, 89.25866118329984, 73.1192560057829, -0.654844285333, -0.272692519222, 0.704853000225, 0.679289444128, -0.621177398722, 0.390774219228, -0.331277546873, -0.734695467032, -0.592011619532,  
287, 3279254.3831502157, 92.16418056962998, 110.11104603608636, 93.3034492590304, 76.2005157686925, 0.0401469472303, -0.752663827261, 0.657179873216, -0.447470393626, -0.601613575812, -0.661688259098, 0.893397151023, -0.26750377293, -0.360947727533,  
288, 1581353.7700164295, 72.27367575592913, 106.3642100282125, 78.98355960017051, 44.937427558096076, -0.365963191208, -0.930131908206, -0.0304232808451, -0.924241880417, 0.359433505938, 0.128780826569, 0.108848009461, -0.0752475125543, 0.991206296737,  
289, 3395616.005416453, 93.24165802726664, 115.00771085521778, 87.5624943435839, 80.49796081234649, -0.983301981992, 0.037997061953, -0.177970321947, 0.180396941976, 0.0747542638657, -0.980749072576, 0.0239615428639, 0.996477808743, 0.0803605696019,  
290, 3383825.024634597, 93.13360835453912, 122.79390900470358, 91.97837884841346, 71.52481003055263, 0.009181317252, 0.401231484854, 0.915930673673, -0.578500982851, -0.744992245206, 0.332149314951, 0.815630011864, -0.532916363179, 0.225272798185,  
291, 1912755.5206031767, 77.00583213515905, 99.46175068196484, 77.27070798421431, 59.415514766802445, -0.0884610674612, 0.996065284564, -0.00534681486401, 0.893693482404, 0.0817375475214, 0.441169959125, 0.439871116411, 0.0342479519204, -0.897407643569,  
292, 2164244.7210010793, 80.24277128687021, 126.24556735918271, 82.66165372797047, 49.510524780824305, 0.498960172759, -0.866516674486, -0.0136966724768, -0.256461126069, -0.1627360254, 0.95275635755, -0.82780821258, -0.471874812714, -0.303426637444,  
293, 1751691.0540798116, 74.7807186139597, 131.15888661186483, 63.235793211773476, 50.420623375779336, -0.0968948625327, 0.368645107897, -0.924506446726, 0.0259574526754, 0.929497194098, 0.367914632509, 0.994956077556, 0.0116512054017, -0.0996325907889,  
294, 1743852.7286312936, 74.66901092397866, 115.06074808558674, 75.55955363503242, 47.88556531989923, 0.244909428374, 0.883621938623, 0.399038395995, 0.80481601604, -0.414782754695, 0.424530854866, -0.540639022102, -0.21718088312, 0.812737295679,  
295, 698599.3246149633, 55.04440531018481, 99.9575422651474, 55.586703479101175, 30.01601706055271, 0.477178256834, 0.684951261558, 0.550583945003, 0.714452285463, -0.667175115877, 0.210796813428, -0.511721450597, -0.292778301869, 0.807726453048,  
296, 2505652.2342714937, 84.25791890534107, 93.60954948932995, 90.88222162604765, 70.31258984195536, 0.309468687578, 0.644870063692, 0.698835983878, 0.206558534445, -0.762953362027, 0.612564885722, -0.928204020276, 0.0452191145937, 0.369313590893,  
297, 2542786.748462855, 84.67212189549065, 100.324284934452, 85.42972871589642, 70.82820407759785, -0.249247417639, 0.708960327002, 0.659735537574, 0.959484909963, 0.0883505489991, 0.267549786104, -0.131394186907, -0.699692386145, 0.702257881706,  
298, 3184197.146245035, 91.26489948609856, 107.38085311355395, 88.71947665705012, 79.7931331130815, -0.738571227799, -0.416897404943, -0.529819870541, -0.665285949563, 0.323496626425, 0.672862941472, 0.109119873449, -0.849438924493, 0.516281286485,  
299, 3333077.27057059, 92.66568153695309, 111.83276180872382, 96.01788703702523, 74.1029637084731, 0.637760196275, 0.658224390326, -0.40000323002, 0.696327603585, -0.270739434657, 0.664701457052, -0.32922606296, 0.7024534223, 0.631006647324,  
300, 2900347.080058914, 88.46818572854642, 116.96093365849083, 98.15135085796153, 60.31485046381782, -0.285365553858, -0.830122036284, 0.479023909161, 0.120197127982, 0.464862872631, 0.877185932442, 0.95085180291, -0.307895947563, 0.0328775664805,  
301, 3022195.4356176346, 89.6901283161384, 116.05370862214778, 84.91518742009912, 73.21322541788524, 0.465358133375, 0.810110734728, 0.356598380787, 0.791591503296, -0.200661345101, -0.577163682583, 0.396010984206, -0.550868062299, 0.734656163336,  
302, 2045753.9801085594, 78.75079229511336, 111.3231667045676, 88.37218092176565, 49.64364606900832, -0.819375215579, -0.0607131179759, 0.570033484456, 0.410213330321, -0.756696866755, 0.509052920108, -0.400436361639, -0.650940680208, -0.644923988644,  
303, 3639127.049396818, 95.41929487080861, 110.00609000669535, 89.9050602627253, 87.8431181698476, -0.21074775637, 0.17951440046, 0.960916210297, 0.915442734996, -0.308525299415, 0.258411955148, -0.342855628695, -0.934123503423, 0.0993141390933,  
304, 2726722.446209694, 86.66640352982704, 119.75844634784201, 91.7701682966636, 59.23039686905952, -0.989464974658, -0.143881406909, 0.0160376017999, 0.0818406503161, -0.464528452525, 0.881768350958, -0.119420148557, 0.873791426795, 0.471409981415,  
