# Void_ID, Void_Volume, r = (a*b*c)**(1/3.0), a, b, c, vector_a, vector_b, vector_c 

5, 1766512.3185111694, 74.99103604190005, 109.53247621579241, 102.37093034981432, 37.61044784916601, -0.390930881356, 0.738301041452, 0.549622250453, -0.539853252218, 0.299719329325, -0.786591882553, -0.745474018375, -0.604218417313, 0.281404676771,  
9, 1204180.1813657754, 65.99853397084026, 111.62611754095227, 93.23912504181469, 27.620965578096975, 0.727781562479, -0.26043008221, 0.634436891736, -0.0858058323232, 0.883245163031, 0.460993862348, 0.680419985344, 0.389941218985, -0.620463124836,  
57, 2859395.8708483935, 88.04983750053134, 135.7619986380656, 91.70657411615758, 54.82857816015618, 0.697533486741, -0.312729434616, -0.644707170426, 0.373665607693, -0.608959936455, 0.69967264447, -0.611409068057, -0.728949995896, -0.307913713532,  
66, 890216.0093508291, 59.676351543051666, 111.62400599219539, 96.01272375197189, 19.829894158101116, -0.097260418906, -0.592949685439, 0.799344157076, 0.657513929308, -0.641205464098, -0.39563996964, 0.747138436757, 0.487099808406, 0.452236589598,  
73, 1001467.803654132, 62.06538600914374, 125.3875886539124, 94.16432458163389, 20.249179778928497, 0.366118923496, 0.176743514693, 0.913629390876, -0.689037410987, 0.711368052853, 0.138502489654, -0.625447344001, -0.680233212504, 0.382228199493,  
98, 999754.6284680832, 62.02997479654573, 109.73893114515457, 69.02257936394098, 31.510326518660534, 0.052435162202, 0.738559855532, 0.672145738335, 0.302065905192, -0.653271890164, 0.694256455816, 0.951843864657, 0.166628861001, -0.257348168823,  
131, 2193140.235537276, 80.59830917508404, 133.1151244370741, 92.64337184290719, 42.45570310249934, 0.452027044878, -0.891672539363, -0.024323512194, -0.756970756747, -0.369030453263, -0.539269689483, -0.471875856693, -0.262176671561, 0.84178178215,  
137, 1091262.6941935753, 63.86754653973869, 110.67162411389256, 81.71894291261636, 28.805915075944938, -0.292125593027, -0.673984072247, -0.67853379301, -0.955998593222, 0.185751676996, 0.227074886876, 0.0270060670111, -0.715011737562, 0.69859064372,  
142, 2008767.741303906, 78.27331105423349, 132.53707064864307, 110.04571265321013, 32.87991009633114, -0.196013883623, 0.60447525875, 0.772132254854, 0.205063933277, -0.744729438833, 0.635080188798, -0.958919882313, -0.282821011409, -0.0220212354266,  
203, 3986941.1999084516, 98.36722211717593, 118.92126609134418, 97.5986731640431, 82.00640685992978, 0.866779526064, 0.423734288997, -0.262949625449, -0.180234236622, 0.757817922771, 0.627078636118, 0.464982658972, -0.496146398007, 0.733232486051,  
206, 1278803.077030211, 67.33461083497683, 127.99337132724634, 97.79682226671018, 24.389496873546292, -0.276307215332, -0.854184329078, 0.440480935699, -0.959956194753, 0.223240493046, -0.169256569796, -0.0462431282504, 0.469609214372, 0.881662497142,  
214, 901035.0224941575, 59.917132509125764, 111.44052234686679, 63.57456219954413, 30.36173221093226, 0.161362180902, -0.374971276623, -0.912884871318, 0.475208527942, -0.78118739623, 0.40487418656, -0.864950346289, -0.499142057614, 0.0521354464364,  
228, 2144760.227453249, 80.00123893493391, 139.4990140800331, 85.19461523585497, 43.08309098642245, -0.533013805307, -0.640409361971, -0.552966664865, 0.0702952911453, -0.684800719163, 0.725332025404, -0.843181389379, 0.347741030271, 0.41002599975,  
246, 152157.88630096428, 33.11834447787787, 100.94151015300307, 26.02261768688052, 13.828818550976852, 0.823200134541, 0.37549349591, 0.425847593653, 0.422985749734, -0.905940246642, -0.018850067284, -0.378714396364, -0.195644841598, 0.90459853081,  
277, 292013.91481002327, 41.15648841119402, 82.02875610699921, 48.78820578821114, 17.4194309823286, -0.910872083979, 0.226444759161, -0.345014228222, 0.37861155467, 0.125875038277, -0.916956250542, 0.164211258131, 0.96585622418, 0.200390660749,  
301, 3154143.478174334, 90.97686038302626, 127.41248392181352, 101.1065031955231, 58.452321297982685, -0.371104112858, -0.8894585087, 0.266730760732, 0.815641458654, -0.174928323174, 0.551479004746, -0.443858928427, 0.422212793568, 0.790395855634,  
320, 1725115.4948711386, 74.4006144457618, 129.29506198741166, 84.56041467924881, 37.66869059619637, 0.118731421739, -0.991490250235, -0.0533847654433, 0.0304198813656, -0.0501075749614, 0.998280452453, 0.992460316743, 0.120151215645, -0.0242116721722,  
339, 2972939.3115380034, 89.20019658234683, 134.4321891596891, 80.62084714414655, 65.48575006256664, 0.210840894463, -0.244014142545, -0.946574463769, 0.681539762366, 0.7308652158, -0.0366003913756, 0.700749362851, -0.637411275843, 0.320401616556,  
349, 3066223.07962731, 90.12356852067937, 135.9896277331224, 80.37545271175048, 66.97086710116251, -0.873030594656, 0.126217415302, -0.471048558929, 0.432032930398, 0.64821215176, -0.627031540963, -0.226197099554, 0.750926208349, 0.620439120115,  
351, 1535039.1073401233, 71.56108966555239, 134.97867761069955, 68.12176785233476, 39.854719412394275, 0.290981904501, 0.523218976841, 0.800981543812, 0.63339197341, -0.732814501124, 0.248591059697, 0.717038450345, 0.434999780708, -0.54463845945,  
368, 1852351.2958184169, 76.18653955447957, 122.08534461170045, 103.77564265776346, 34.90404655370093, -0.0772493717074, 0.785655629322, 0.613822259849, 0.84234107154, -0.277936130965, 0.461749960802, 0.533379840046, 0.552717594454, -0.640319613173,  
413, 1870776.1576298212, 76.43830926417142, 114.78513187935496, 70.39392749588285, 55.272916762914775, -0.089390096641, 0.706861545299, -0.701680957701, 0.190366523555, 0.703638861457, 0.68458231014, 0.977634899813, -0.0723816857, -0.197461120839,  
437, 1643944.758390351, 73.21491067186116, 112.52467847097437, 81.5651540501549, 42.760834203702714, 0.630177472656, 0.722609441313, -0.284098483422, -0.465264711766, 0.644358438923, 0.606902751827, 0.621614913707, -0.250275443292, 0.742264845957,  
440, 2571450.84997027, 84.9890952809432, 146.3291994057075, 77.89324879262122, 53.859064295971756, -0.950899405497, -0.281779333801, -0.128026277258, -0.309451979813, 0.858301088737, 0.409339361975, 0.00545827955836, -0.428858540914, 0.903355167733,  
462, 1675344.6919088135, 73.67811760177658, 104.86853963635063, 76.78173737423378, 49.672087242384265, -0.760037727179, -0.35344570655, -0.545361151703, -0.639892359343, 0.553554575604, 0.533024483755, -0.113491945613, -0.754091151221, 0.646889568575,  
464, 2134461.5074837925, 79.87298331798561, 114.72690555789352, 87.78260402049004, 50.597141072591704, 0.590852119209, -0.438451501307, 0.677240027042, -0.759314467398, -0.0185312525751, 0.650459939026, 0.272645030811, 0.898563783868, 0.343871798051,  
487, 3012879.4411402377, 89.5978760921382, 148.8643117189172, 109.01174545637662, 44.32301117345795, 0.793956002736, -0.54428958485, -0.270892439067, -0.54092621963, -0.428995792095, -0.723437236587, -0.277547636697, -0.720910159582, 0.635024291799,  
522, 1022363.809158119, 62.4940906027677, 104.6813875100863, 64.20221409919985, 36.31594771446913, -0.660675951303, 0.537658761612, -0.523860996287, -0.179336707218, 0.56460092273, 0.805645172204, 0.728934587473, 0.626217896673, -0.276596299817,  
536, 3646876.260000607, 95.48697593595428, 130.76216587800084, 100.52749158392564, 66.23163361524699, -0.708140860124, 0.020386178827, -0.705776824453, 0.667615288774, -0.306051281382, -0.678691711574, 0.229839832094, 0.951796730861, -0.203117292976,  
537, 2042313.676660196, 78.70662298352137, 144.70314099706513, 67.3814718041413, 50.00522493341694, -0.372791638214, 0.699043909193, 0.610216361218, 0.0765458126734, -0.632212237556, 0.77100481532, 0.924752471227, 0.33413365545, 0.182174551614,  
547, 3159322.981903173, 91.02663166476053, 120.91774374218562, 111.6289365384278, 55.8777094546423, 0.422562943612, -0.851314959872, -0.310971699331, -0.472418521109, -0.499699522925, 0.726031079019, -0.7734735287, -0.159885039599, -0.613331455669,  
557, 1085916.837035296, 63.763084729884824, 125.63083625185011, 80.16895659791567, 25.73981822985848, 0.0567948954729, -0.453317036616, 0.889538084717, -0.125892751525, 0.880612737015, 0.456806548246, 0.990416758219, 0.137930677231, 0.00705502070202,  
639, 1533241.964940973, 71.53315211690942, 125.50667980109102, 88.2126896498999, 33.06162405724717, -0.219025738828, -0.975460459475, -0.0224636980772, -0.730956441783, 0.179289199618, -0.658451261002, 0.646320668048, -0.127797789107, -0.752288055969,  
643, 1759409.1897551687, 74.89038827905834, 97.83665363459546, 89.73810837361607, 47.84094462679661, -0.674388080123, 0.402820260472, 0.618818677111, 0.339658381716, -0.57490212693, 0.744392187077, -0.655616428347, -0.712196168345, -0.250885863844,  
647, 1706429.8336723114, 74.13101423082864, 103.38948930342087, 74.06394225292462, 53.20060989199605, -0.589279464334, 0.273169539747, -0.760347365004, 0.802992394119, 0.094144956443, -0.588506535361, 0.0891791898426, 0.957347966902, 0.274830752224,  
686, 1767268.4913577726, 75.00173473055546, 137.0385205472013, 108.38480496738015, 28.40552780483082, -0.88703623256, -0.0449460946003, 0.459506877756, -0.461699292185, 0.0848498108803, -0.882969010322, -0.000696936991269, 0.995379504598, 0.0960164366402,  
703, 678796.0495871693, 54.51929513071312, 103.2155814126916, 89.32922859714225, 17.57566839078889, 0.300003893394, 0.778274236232, 0.55162204195, 0.194324967623, -0.615992149617, 0.763407806201, -0.933935474702, 0.121831378666, 0.336038158943,  
712, 1560518.1627945856, 71.95485010695901, 135.71709520587476, 59.68977047394359, 45.98813036722733, -0.628908660393, 0.77388199408, -0.0747031198904, 0.777416148031, 0.627171697997, -0.0477471885285, -0.0099009930772, 0.0881040320861, 0.996062071292,  
735, 2327475.836175524, 82.21142773720877, 124.3386889885425, 86.27406174166705, 51.797648327727686, -0.728523931593, -0.638031978194, 0.249335268058, -0.039689438439, 0.402685469821, 0.914477534372, -0.68386959983, 0.656322791923, -0.31868913259,  
778, 3223793.701456045, 91.64164529251337, 122.79953473846851, 93.96477520261847, 66.69861758157701, 0.513043771981, 0.290175283793, -0.807826957156, -0.722569855201, 0.654009359468, -0.22397446748, -0.463334536147, -0.698620113083, -0.545207341485,  
793, 536165.5621864841, 50.39685502894457, 123.32694680467398, 38.69438805466932, 26.822814367613102, -0.726203700622, 0.465807573834, 0.505619906018, 0.221678430276, -0.537524263671, 0.813588556652, 0.650758679353, 0.702916047707, 0.287092617674,  
803, 1349536.9132280226, 68.55388205077865, 121.1175533490851, 62.8978497615091, 42.291517696494275, -0.491709315119, -0.167876608018, 0.85442342776, -0.858912280473, 0.254819948126, -0.444225717952, 0.143149026816, 0.952304698359, 0.269488622402,  
816, 1509048.8894208437, 71.15491435488147, 89.53050218715615, 85.61589070056525, 46.999073970273955, -0.392547113144, 0.892285268696, 0.223010679632, -0.576136836833, -0.0495555362599, -0.815849614862, -0.716919178991, -0.448744078617, 0.533531294959,  
841, 1358195.1056597447, 68.70017614977932, 127.17360636000336, 67.18548968459582, 37.94906480424282, 0.0348091066938, -0.961007313901, -0.274323292341, -0.967668280248, -0.101022122093, 0.231111726767, 0.249812780883, -0.257409155776, 0.933452784574,  
843, 1047673.5392074013, 63.005595687332494, 128.48860437979124, 92.17427978956637, 21.118496746550655, 0.376259427262, 0.814909373067, 0.440853214895, 0.716780448517, 0.0454734032751, -0.695814600464, -0.587072935861, 0.577801768154, -0.567001309256,  
849, 834253.430820143, 58.39869343651426, 131.45449117907398, 63.036002469267785, 24.03506492943965, -0.981662889112, 0.099589292349, 0.162542132969, 0.146820923186, 0.938838050601, 0.311491141542, 0.121579556898, -0.329643879958, 0.936244265003,  
886, 1695520.6828050206, 73.97270399859192, 131.26474777965387, 89.22760000367327, 34.559477072452, 0.817616684051, -0.552236075006, -0.162905725571, 0.194510420041, -0.00137473497039, 0.98089948853, -0.541912035719, -0.833686648307, 0.106291664663,  
893, 2566181.567214455, 84.93100384539795, 103.19880471979731, 88.1387420161571, 67.3530484507932, -0.463428536869, -0.685229596539, 0.561866880357, 0.148560425303, 0.5650119308, 0.811598002763, 0.873592462908, -0.459588857655, 0.160044652112,  
904, 789520.0885654213, 57.33566559154809, 134.46173374849405, 76.95206700478099, 18.216107424787165, -0.447513297492, -0.777484156224, 0.44187128826, -0.893976132535, 0.40175872291, -0.198485775367, 0.0232060988785, 0.483847409197, 0.874844649974,  
910, 587527.4227261172, 51.95729238616458, 127.88826378120572, 96.3251691787501, 11.385944456281738, -0.310946325406, 0.529437929301, 0.789308470583, -0.779848305334, 0.332585469848, -0.530305125295, -0.543276175978, -0.780437303224, 0.309465042212,  
914, 3329585.5703698453, 92.63331166723448, 117.42744361689974, 102.16132292539598, 66.2590884537341, 0.634780512408, 0.639700611496, 0.433401463678, -0.226180222735, -0.382499717635, 0.895844000288, -0.738847892269, 0.666691153129, 0.0981157399641,  
943, 854742.2608838164, 58.87291268087434, 151.63843881606743, 72.28759414806466, 18.615448001984404, 0.377657604291, 0.00456888903979, -0.925934046881, 0.861437107376, 0.364978765718, 0.353152390068, -0.339559779651, 0.931004632549, -0.13390119572,  
946, 3057016.9256871752, 90.033281199953, 108.96312160285463, 87.74532576731875, 76.33183568710469, 0.457020984562, 0.870304285894, -0.183581779117, -0.599597523653, 0.453902531699, 0.659132233582, 0.656973842173, -0.191162082202, 0.729275276579,  
947, 2360947.4290092867, 82.60364961099485, 101.07431115704257, 98.92008976781617, 56.37316461875968, -0.207937188057, -0.934269005946, 0.289661095683, -0.847900069082, 0.0245204593158, -0.529588727151, 0.487675710563, -0.35572485379, -0.797265470043,  
956, 697350.2382351166, 55.01157951477024, 135.26986674917336, 81.76259327021847, 15.052430287493575, -0.214700584597, 0.682722897365, -0.69842186706, 0.102512570769, 0.726900639463, 0.679048329048, 0.971285144439, 0.0741950521426, -0.226053671568,  
961, 2289729.280846278, 81.76457358891899, 113.23984057124407, 80.26070999272741, 60.14413485084137, 0.627948424794, -0.774338741287, 0.0779762113788, -0.291787532905, -0.141364054968, 0.945978984758, -0.72148514291, -0.616778499711, -0.314711726593,  
972, 2698065.814222131, 86.36172531496953, 136.29779536009767, 87.81041822300668, 53.81818574317194, 0.315671772733, -0.853578243875, -0.414433967578, 0.359083239954, -0.29681979348, 0.884848708527, -0.878299811388, -0.428138052246, 0.212808010975,  
989, 1365417.5772688547, 68.82173652994292, 104.50422053146735, 79.14404220661314, 39.411668574448704, 0.414667414032, 0.158851042411, 0.896000715438, -0.697036834267, 0.688421569964, 0.200537761241, -0.584970586795, -0.707701977059, 0.396191019903,  
994, 1873153.033237682, 76.47066793007122, 128.4372530193023, 65.51882796754276, 53.14073075379137, -0.792778165369, 0.0631379240768, 0.606231295016, 0.588615139442, 0.337503296532, 0.734590867388, 0.158224518116, -0.939204518395, 0.304729182215,  
1016, 1334480.6325195408, 68.29798465105685, 133.73494010394035, 54.95928076477185, 43.34487329401115, 0.431208095861, -0.893587798744, -0.12474142856, -0.783832833797, -0.439485868183, 0.438700650022, 0.44683964319, 0.0913948445094, 0.889933320913,  
1017, 681434.7689264026, 54.58984902148685, 98.9515849482472, 77.03037747826066, 21.342775620487803, -0.749901974335, -0.216067961378, 0.625269273956, -0.656019012945, 0.120925165556, -0.744994066413, -0.0853585586982, 0.968861053197, 0.232426711149,  
1023, 432902.2869847521, 46.928184917797395, 131.20173634809987, 73.4220409136177, 10.728406875934347, -0.534870726862, -0.674773431576, -0.508521505529, -0.804305509651, 0.222231183945, 0.551095225916, 0.258855080482, -0.703771352729, 0.661588943671,  
1026, 4060801.0517693004, 98.97094138998327, 128.5255318416078, 117.43562952187163, 64.22939240965631, 0.0791000124089, 0.104362951477, 0.991388703989, -0.258000473942, -0.958476673116, 0.121483424951, 0.962901315547, -0.265388095911, -0.0488898257942,  
1032, 207810.5611757667, 36.74455582746595, 109.77596431682981, 78.38860740480618, 5.765258647389599, -0.312135642378, -0.946634796007, 0.0803361920048, -0.937405676489, 0.293138719402, -0.187990129722, -0.154408349654, 0.133986022314, 0.978879873826,  
1055, 1190327.1261275513, 65.74447179141703, 140.5124736245175, 96.58632586714613, 20.938578585879622, 0.696144621732, -0.649104241895, -0.306669771559, -0.562785082352, -0.228220260988, -0.794473702243, -0.445707994898, -0.725657767566, 0.524180491487,  
1064, 650220.014227125, 53.743247788378135, 87.51898665108206, 48.2923932883597, 36.727444796305065, 0.22414376294, 0.178841844441, -0.958005828903, -0.903251904425, 0.407217848235, -0.135313049004, -0.365917436981, -0.895650165386, -0.252814577422,  
1069, 1536565.8771034775, 71.5848069994199, 121.67624180487869, 84.6379856331378, 35.61979939133504, 0.119434080226, -0.942360354671, 0.312557934509, 0.977447696498, 0.0563810224507, -0.20351211492, 0.174159412873, 0.329815315368, 0.927841773503,  
1097, 1107331.8527260737, 64.179509624901, 138.13267755924835, 86.20553178088984, 22.20023736244474, 0.801176507902, -0.159238097508, 0.5768530415, 0.508362771664, 0.689675179283, -0.515669893893, 0.315726931971, -0.706393215839, -0.633502272328,  
1109, 1956496.6495825748, 77.5884066063387, 105.87428637480294, 83.44311898060029, 52.87001993333068, -0.512282836649, 0.842971288855, -0.164212366892, 0.832426599076, 0.53441561589, 0.146512479481, -0.211263466851, 0.0616389135054, 0.975483670758,  
1125, 2521093.04913496, 84.4306414103002, 124.36412721163664, 87.70375492654502, 55.180667776656456, -0.0314256022914, 0.658681216572, 0.751765579457, -0.597354940737, -0.615408320783, 0.514236981835, 0.801361033678, -0.43291067629, 0.412806056226,  
1144, 2363446.8074841737, 82.63278833297265, 117.93607268669157, 90.93919518139376, 52.60892834321398, 0.642246637938, -0.253128227188, 0.723495236099, -0.429432819264, -0.900677371077, 0.0660887809589, 0.634906851275, -0.353137896338, -0.687158581678,  
1158, 1547120.9786746132, 71.74834513867312, 107.45218696206172, 75.77526085516655, 45.36208067817417, 0.686263717214, -0.710400912616, -0.156117435896, 0.385879447086, 0.173653457968, 0.90605823701, -0.616554265862, -0.682037403586, 0.393301178941,  
1161, 1868618.4823828898, 76.40891103904913, 130.89196560443187, 98.96804930876851, 34.4368985338409, -0.335386340942, 0.00891720109866, 0.942038473649, 0.884022609538, 0.348589019419, 0.31143172826, -0.325607168435, 0.937233257554, -0.1247950031,  
1163, 650269.876769165, 53.74462153182723, 125.82645501067347, 53.36902157832323, 23.117657482161427, -0.883611980084, 0.205933880249, 0.420501017379, -0.0217240503059, -0.915148747587, 0.402530539746, 0.467715655382, 0.346545822014, 0.813110114901,  
1174, 1866804.6310722765, 76.38417988551615, 111.08501743089296, 87.15151443253961, 46.034118838659374, -0.730026017118, 0.640726403069, -0.237763939108, 0.680160969505, 0.71509067891, -0.161326924281, -0.0666563567246, 0.279490603324, 0.957831891702,  
1198, 2443897.4560067104, 83.55994074436742, 96.36984480676267, 88.47412350463142, 68.42848762679743, 0.654518601629, 0.63796297634, -0.405719904541, -0.605885434798, 0.76358574126, 0.223247968958, -0.452225872791, -0.0996998323101, -0.886313546898,  
1200, 1904669.2195814264, 76.89716309893038, 121.50334577528933, 87.68203457450578, 42.68075551072962, 0.186918109087, 0.921034991622, 0.341696012126, -0.819695460949, -0.0454808543534, 0.570991106049, 0.541443415136, -0.386815248012, 0.746467006713,  
1215, 916863.9960902123, 60.26596336075287, 108.6811239224307, 79.20863155995177, 25.426681225965105, -0.718824348664, -0.30360382296, -0.625392896068, -0.694857904795, 0.285898237116, 0.659874753387, 0.0215417713124, -0.908893237239, 0.416472130389,  
1221, 1068664.1286455896, 63.423597768703196, 118.8957844957892, 69.2609175170709, 30.981177883908718, -0.80454237464, 0.0388786588283, -0.592621310195, 0.593851561219, 0.0647678052946, -0.801963499566, -0.00720351633982, 0.997142708585, 0.0751965961152,  
1228, 1961452.4292120195, 77.65386150116245, 127.35625310140722, 72.59558882376636, 50.647576009333584, 0.955112969036, -0.228581098881, -0.188440700525, -0.190691500399, 0.0124074774407, -0.981571600129, -0.226706788728, -0.973445805239, 0.0317379300919,  
1231, 1035670.9412260911, 62.7640645770236, 144.08424968641162, 68.2822144780696, 25.130959776385783, -0.946805627293, -0.0835835754968, -0.310761789853, -0.303861346963, 0.550168115662, 0.777806740991, -0.105959359885, -0.830860295367, 0.5463000857,  
1232, 2650650.5073859086, 85.85283086434575, 119.20657333428586, 75.49626769087328, 70.31341214298332, 0.884758980547, -0.160628235582, -0.437492989972, -0.318475722018, 0.476972243831, -0.819189046008, -0.340256904156, -0.864115761081, -0.370849282897,  
1242, 2469332.345342165, 83.84882452701603, 100.65161077326597, 91.1364514062976, 64.26552977472547, -0.549568165494, 0.336044121544, 0.764885076238, -0.163073845153, -0.941075506528, 0.296283330683, -0.819378882144, -0.0380951360279, -0.571985146755,  
1250, 1210762.1952866726, 66.11856423215593, 144.12565967278914, 81.11562978058116, 24.724321959949126, -0.687647100699, 0.724099233547, 0.0531202868764, 0.718889838788, 0.668799130255, 0.189486471962, -0.101680207454, -0.168487457535, 0.980445364141,  
1272, 3423030.4662080044, 93.49191418067598, 124.11698209521182, 102.57817203720315, 64.18536163697381, 0.893235302677, 0.448536830694, -0.0307474480681, -0.3144253824, 0.672114449593, 0.670372169433, -0.321352412398, 0.589132309554, -0.741387718327,  
1276, 1981538.9684412049, 77.91803699259691, 128.46095970322168, 77.27556911129683, 47.65413971500944, -0.546489316889, 0.744499386826, -0.383497183226, 0.831165391816, 0.538234995738, -0.139524839401, -0.102535447398, 0.39499842073, 0.912941799705,  
1288, 1248014.9658972623, 66.78983870747979, 144.28174594126384, 69.69980540113234, 29.627037652402066, 0.456200491821, -0.432748599158, -0.777566563832, -0.705286617887, 0.356993557857, -0.612475620967, -0.542634221084, -0.8278189715, 0.142351159224,  
1293, 1877052.1667771866, 76.52369130672311, 100.76967220295178, 79.74420434626677, 55.76462143814685, 0.318965620815, 0.0554832897186, 0.946140865463, -0.414091497029, -0.889802771016, 0.191779197987, 0.852519304665, -0.452959858326, -0.26084133476,  
1296, 3954339.1295739757, 98.09836467857231, 130.61253589054095, 111.89936650918456, 64.59111975469217, 0.0951099409592, -0.854469737635, 0.510720634591, 0.660955554547, -0.329431986745, -0.674249450147, 0.744373464092, 0.40169146565, 0.533434262473,  
1299, 1685096.9952022545, 73.82080299183512, 111.33782489119191, 93.97066758160533, 38.450434348240854, -0.849950272072, -0.404164737426, -0.337987277906, -0.525010972576, 0.595977802563, 0.607596854442, 0.0441363079561, -0.693874141234, 0.718742417314,  
1306, 2087237.1328772167, 79.27952894716103, 100.60243012514461, 86.22382267031755, 57.444365726896116, 0.797742430754, 0.553241477694, -0.23985595997, -0.218478088657, 0.635932619652, 0.740173647221, -0.562026991302, 0.538064652827, -0.628181574409,  
1307, 2236996.431373995, 81.13200847037199, 105.39470854369266, 73.77574851710396, 68.68220829447348, -0.419676218508, 0.893513773931, -0.159702872281, -0.34648846133, 0.00491870296745, 0.938041338389, 0.838938387359, 0.449008844185, 0.307527950045,  
1319, 2624126.255154902, 85.56550261116374, 126.11151035762455, 109.23724470251834, 45.47478483303157, -0.877336940583, 0.101613362063, 0.468993195408, 0.269251325709, -0.704750555994, 0.656376703906, -0.397219858885, -0.702140568887, -0.590944164225,  
1322, 899934.1850496115, 59.8927213592086, 78.08447826719328, 54.355719645557656, 50.61883868301259, 0.784015016344, -0.604420222588, 0.141409507015, -0.391135119621, -0.304131675624, 0.868629519462, -0.482010137182, -0.736328811339, -0.474853776698,  
1323, 1307834.5909574484, 67.8403484890464, 100.42814037853196, 66.19264158025177, 46.96767655120991, 0.840770388737, -0.524959511833, 0.13237320106, -0.318876368007, -0.282583849147, 0.904690129342, -0.437519159979, -0.802847357309, -0.404985315182,  
1325, 684160.0567294137, 54.66252663483445, 114.99448373308627, 65.59962551783798, 21.65163702940361, 0.587922681881, 0.574646071831, -0.569323117623, 0.742213841739, -0.103349233652, 0.662146168934, -0.321660587049, 0.811850249759, 0.487271627233,  
1330, 2450438.4331171, 83.63442242455146, 107.51395358445313, 95.61364957807255, 56.90762463064433, 0.566186904057, -0.591183031362, -0.574399698036, -0.0348352544396, -0.713391737467, 0.699899088414, 0.823540463318, 0.37626433839, 0.424507070534,  
1331, 4076176.404105728, 99.09569481986755, 136.4517515969861, 106.7269633474432, 66.82071117612308, 0.42436965613, 0.704477319958, 0.568877931212, -0.369445691426, -0.438874794192, 0.819084120289, 0.826692370863, -0.557763947102, 0.0740209650708,  
1332, 1908982.0861980193, 76.95516043082054, 95.48534487758822, 82.696363173349, 57.71518766483234, -0.465749131864, 0.773635474261, 0.429611334968, 0.222388933702, -0.367572830758, 0.903013497272, -0.856516729746, -0.516118559106, 0.000851241373044,  
1336, 2149599.257568378, 80.06136028186359, 105.67482827664803, 80.90024085533844, 60.02712298960242, -0.151471214971, 0.553532028217, 0.818937582953, 0.986585615167, 0.135682137474, 0.0907699372959, 0.0608711342202, -0.821701071746, 0.566658674786,  
1337, 1108898.2333936382, 64.20975716048568, 82.28504719596465, 67.49482902579788, 47.66632372520512, -0.358727819361, 0.624398672568, 0.693859243155, 0.237877972725, -0.657640120712, 0.714789158929, -0.902623078427, -0.421468586403, -0.0873831160245,  
1339, 1572591.138793946, 72.13993360832511, 150.8006335959189, 82.38170817185569, 30.219916213135505, -0.301687766577, -0.620864480659, -0.723541144755, -0.950492297357, 0.255154244109, 0.177371656073, -0.0744908327399, -0.741231143686, 0.667103820607,  
1342, 426246.15797409014, 46.68642537518642, 93.97630624369926, 47.78809216288096, 22.6586381816453, 0.438328939193, -0.66166423836, -0.608332291386, 0.594472307355, -0.294220090672, 0.748356341614, -0.674144210725, -0.689662942256, 0.264375886239,  
1348, 2624744.3973163753, 85.57222071934662, 156.44712030594096, 106.89607917893966, 37.46873737042161, 0.267111891661, 0.606823336603, 0.748609828607, 0.465564929834, -0.76142345601, 0.451091583546, 0.843741982742, 0.228034556135, -0.485900923817,  
1349, 1432771.8421178267, 69.93525179428671, 113.87629582424131, 91.26358677470347, 32.91224926212562, -0.652992777407, 0.164244490683, -0.739340368122, -0.749484878608, -0.280583915697, 0.599620782653, 0.108962605471, -0.945672466308, -0.306318032568,  
1356, 258053.20054079007, 39.494826790355425, 150.01315111730455, 39.59130420637065, 10.372692380541553, -0.720568543394, -0.0891441286521, 0.687629477697, 0.0894561913737, 0.97146161314, 0.219681414828, -0.687588949952, 0.219808231244, -0.692030185311,  
1361, 290552.77812815586, 41.08772932098209, 91.25542649445923, 61.615754853581805, 12.336329207555249, -0.82036438174, 0.32682747831, -0.469239896634, 0.551053889354, 0.671059482122, -0.496002804913, -0.152780536061, 0.665479504475, 0.730612850233,  
1380, 2361870.5262451824, 82.61441382993176, 113.10569210046447, 92.46782896951461, 53.91285796225861, 0.652922311491, 0.477292346772, 0.588119435889, -0.466011849739, -0.358971285762, 0.808685706502, -0.59709748874, 0.802079566945, 0.0119564722732,  
1384, 1449920.2758036982, 70.21315763217171, 99.79411411117106, 84.57263362031695, 41.0129238557198, 0.912094091576, -0.320335850032, -0.255869715474, 0.101318052388, -0.428625146844, 0.89778345705, 0.397264421227, 0.844787207927, 0.358490659502,  
1387, 2669162.3521632086, 86.05222955853426, 136.04380238417184, 103.79479311623706, 45.12654164825533, -0.40054348123, 0.601795246312, -0.690946742637, 0.901361191752, 0.123275103073, -0.415152081732, 0.164660018367, 0.789079039437, 0.59181191934,  
1391, 620931.1443533808, 52.9238721228649, 113.26961623710442, 68.67402291807089, 19.056753484702426, -0.757488341126, 0.629287112146, -0.173807777575, 0.652030649015, 0.715911910231, -0.249652096995, 0.0326717891027, 0.302436550828, 0.952609409423,  
1398, 2953578.048955695, 89.0061359843311, 132.1266726394923, 93.88325682753543, 56.843550585552386, 0.767762140557, -0.540592668587, 0.34394892382, -0.587717181512, -0.807976309427, 0.0419856875569, -0.255205427221, 0.234379713443, 0.938049220373,  
1399, 2682973.5417112736, 86.20039584832374, 141.4541365945248, 97.86551744967929, 46.26818161650003, 0.441606092565, 0.0496548830935, 0.895833941975, 0.699548329215, 0.606145487772, -0.378443896433, 0.561797289156, -0.793802267721, -0.232941549875,  
1403, 1962075.6238337927, 77.66208471776531, 85.63877332058601, 79.94789657568795, 68.41473563520636, -0.498008107367, 0.592953670141, -0.632766837044, -0.563361743709, -0.775956998757, -0.28375038644, -0.65925068883, 0.215166635763, 0.720480289898,  
1407, 294274.50833055424, 41.26241833688832, 141.46686089762025, 75.07180167492152, 6.615040049636861, -0.504876684329, -0.709210832899, 0.49205642778, 0.130002737708, 0.501067172964, 0.855588088023, -0.853345663732, 0.49593515975, -0.160777783023,  
1408, 2045285.6471734757, 78.74478238306507, 102.99332629559106, 82.17389320185373, 57.692905823561375, 0.855718545362, -0.369405376487, 0.362333325746, -0.454226108229, -0.200875476391, 0.867944517574, 0.247839491863, 0.907297476469, 0.339686436977,  
1409, 222266.99859180156, 37.577578601904335, 138.16382651153532, 69.87810970684637, 5.496052527200923, 0.610264280023, -0.774337995584, 0.167266784281, 0.462438199666, 0.519640084836, 0.718418466996, -0.643217241698, -0.36107457793, 0.675201250854,  
1410, 2096349.8529542573, 79.39473759562978, 103.12518596080044, 78.74232097521886, 61.63142319867748, -0.017533331593, 0.553064108087, 0.832954185192, 0.999814253748, 0.0163660168364, 0.0101789732118, 0.00800251747817, -0.832977938387, 0.553248329302,  
1413, 2874360.0952199586, 88.20316892195801, 121.02177796575754, 77.1798787689016, 73.46575473150355, -0.933502374957, -0.330733469639, -0.138523239966, -0.260858128568, 0.361333388631, 0.895204568253, 0.246021041194, -0.871810503677, 0.423580090383,  
1414, 1572988.575738859, 72.14601034353595, 121.27004851265453, 73.11153353391336, 42.35430058109119, -0.475571564415, -0.782434812789, 0.402029166673, -0.879600732689, 0.416944377711, -0.229041343316, -0.011586119858, 0.462550699525, 0.886517124592,  
1418, 299629.47209879966, 41.51120177039442, 114.23494741467054, 52.342101136022784, 11.963156425737024, 0.140672095021, -0.957257345263, 0.252724626069, -0.94448573293, -0.206303890215, -0.255705700315, -0.296914233363, 0.20272414711, 0.933137105791,  
1421, 1500774.7404563685, 71.0246279448255, 93.66939134385342, 89.95930363524074, 42.51900755399482, 0.825620498981, 0.119563286249, -0.551412198127, 0.217816889512, -0.969070529824, 0.116009098221, 0.520486881972, 0.215886379394, 0.826127397492,  
1429, 733210.8186026459, 55.938835127618454, 87.79548961340821, 78.16885688356402, 25.505526266714135, 0.259791607281, -0.290635844409, -0.92089039887, -0.00502992799705, -0.954028028021, 0.299675193458, 0.965651604157, 0.0732210877712, 0.249310352161,  
1430, 2340903.844595844, 82.36922665830475, 135.74948570668573, 105.00677332403346, 39.20481953770139, -0.0249888545319, 0.566689834334, 0.823552177346, -0.557981442731, -0.691450983067, 0.458859725389, 0.829477104396, -0.448060453151, 0.333480979375,  
1435, 1759903.0480173018, 74.89739475548062, 122.70399954932779, 104.6655118844074, 32.714313677346695, -0.717845922725, -0.366082447492, -0.592183141321, -0.1417438265, -0.755925385479, 0.639128703187, 0.681620069303, -0.542734238119, -0.490748028929,  
1438, 2905137.0942770382, 88.51686160344092, 129.09011152854495, 80.59656252021595, 66.66049388894695, 0.735335287304, 0.146085684261, 0.661771099475, -0.458277579665, -0.612192133435, 0.644362050199, 0.499263132248, -0.77709701107, -0.383218684518,  
1439, 1437512.145936709, 70.01229346474095, 94.44312421120506, 68.83175345859712, 52.79146755199321, -0.56445990495, -0.813244481196, 0.141486499383, -0.817034541686, 0.574857723785, 0.0446447656012, 0.117641716221, 0.0903991770306, 0.988932968101,  
1442, 1351677.7430228125, 68.59011291264389, 132.51157963700035, 57.81315393762023, 42.12152242112874, 0.132122748285, 0.551580877643, 0.823590987569, 0.351744410366, -0.80289193646, 0.481290357418, 0.926725120606, 0.22610412156, -0.300095779797,  
1446, 1016327.5459790356, 62.370854745629096, 148.23947849351427, 70.73381919195855, 23.13950695024476, 0.187086644794, -0.68889508645, 0.700301468801, 0.277927355934, 0.720881290319, 0.634890974965, -0.942207499526, 0.0758533132644, 0.326330051793,  
1447, 1365111.2968353336, 68.8165902831282, 144.27545034029833, 91.13395751393855, 24.786019253566547, -0.738999375702, 0.474185061555, 0.47856916962, 0.672723253752, 0.481025974656, 0.562189857226, -0.0363778307976, -0.737402562448, 0.674473212457,  
1450, 1775090.9799902719, 75.11223231528356, 112.14001730920927, 89.2672174451427, 42.33303362136912, 0.360046746589, -0.89894965826, -0.24951122657, -0.592204805314, -0.426879509753, 0.683423260298, -0.720874336368, -0.0983025740592, -0.686058886029,  
1458, 975873.4067973462, 61.53208406201365, 122.33710380631524, 71.43536533772358, 26.658358807391267, -0.410612277412, -0.155957009668, -0.898373512952, -0.905282693716, -0.047951876879, 0.422094612572, 0.108907309658, -0.98659922392, 0.121495552445,  
1459, 385343.22695678135, 45.14257970796052, 119.81742792339098, 104.17843327642059, 7.369895098899114, 0.202332341694, -0.778217867282, 0.594507001261, 0.978888534361, 0.17866758352, -0.0992730169528, -0.0289630937695, 0.602042229119, 0.797938778076,  
1460, 2027103.4058507828, 78.51074491778543, 116.30575661600801, 70.83671888612452, 58.73914847666968, -0.161539693895, 0.297402965847, 0.940986930409, -0.234101012127, -0.937842010455, 0.256220763301, 0.958697889545, -0.178896169134, 0.221121046606,  
1464, 1244672.6168095106, 66.73016139487825, 89.5908226647685, 81.39270599435694, 40.74905240090571, -0.0118993175734, -0.849702474738, 0.527128172901, -0.850868140707, -0.268306153117, -0.451702573968, 0.525244527216, -0.453891520767, -0.719792104711,  
1465, 1367214.2220843302, 68.85190899020525, 129.31342839597048, 95.925881850679, 26.312888879417237, -0.866812174024, -0.47011833023, -0.166208936417, 0.0459645186356, -0.40724256259, 0.912162681895, -0.496511750103, 0.783034003602, 0.374611573785,  
1466, 965524.2749286036, 61.313794782352524, 102.79923340034928, 62.26944780503805, 36.00888694887482, -0.475927150475, -0.499253543686, 0.724043677244, -0.188710952861, 0.862053996292, 0.470373345065, -0.859000304837, 0.0872284735304, -0.504489513959,  
1467, 2691970.0367409126, 86.29663685767318, 101.08294576413057, 86.88376108632482, 73.17540081662493, 0.487787399054, 0.559770716016, 0.669865806572, 0.491884652536, -0.810179542854, 0.318839453237, 0.721188561975, 0.173970841901, -0.670537996123,  
1469, 3414263.940943508, 93.41203370546113, 105.36577728904346, 93.39007277532176, 82.8339159363847, 0.414296463853, 0.901799026064, -0.122951033464, 0.810716821024, -0.427050533755, -0.400457335715, 0.413638339794, -0.0662295871193, 0.908029165634,  
1470, 3094784.999234157, 90.40253828872707, 110.51133451022555, 93.43339674015095, 71.5538345867471, -0.384186720611, 0.510014009328, 0.769601373437, -0.306879738393, -0.856720879935, 0.414552964103, -0.870761385151, 0.0769093243492, -0.485653751101,  
1472, 4402258.245136783, 101.6706582677944, 116.7135940995792, 102.405522325315, 87.93101497102981, 0.881976342236, 0.455603635366, 0.120594606751, -0.37098113322, 0.513324031271, 0.773867842538, 0.290672892666, -0.727271453009, 0.621760004429,  
1473, 2572965.418751104, 85.00577802466465, 113.98286381629079, 97.7111258907792, 55.152062469808214, -0.316717092242, -0.699639964361, 0.640464053441, 0.935217129821, -0.117647973577, 0.333957893159, -0.158300990431, 0.704743126666, 0.691576403477,  
1479, 311159.22483076475, 42.03696539280112, 78.43392855971257, 54.775699083085286, 17.29028589080427, 0.215616985716, -0.22662462795, 0.949816084028, -0.884208667855, -0.45805589884, 0.0914320798646, 0.41434809902, -0.859549923823, -0.29914809258,  
1481, 969218.4603881491, 61.391892686162144, 118.82501448335081, 67.06457721500612, 29.035679979798594, 0.540132408544, -0.704430405576, -0.460472349811, 0.556234814034, -0.111786448338, 0.823472295602, -0.631553491715, -0.700914826258, 0.331449232062,  
1482, 1444004.8102312253, 70.11754096169503, 105.4808169573663, 62.170862379165705, 52.567782139230005, -0.82260761754, -0.349094370794, 0.448831625273, -0.497304597476, 0.824417945458, -0.270228030627, 0.275689762042, 0.445497667207, 0.851778717519,  
1484, 1977834.5605737332, 77.86945181915485, 103.06951241811973, 89.7234943360836, 51.05813549313673, -0.263444206963, -0.940630712308, -0.21403507395, 0.586794897017, -0.332359446346, 0.738382656391, -0.765681982714, 0.0689279441723, 0.639515472729,  
1487, 301452.9387287281, 41.595240295082306, 103.94101507040132, 58.5787623963234, 11.819626875988606, -0.465449094476, 0.718142699996, -0.517327945209, -0.148616758518, 0.512788200013, 0.845553854592, 0.872507993969, 0.470445878258, -0.131948763128,  
1489, 3300054.7525436543, 92.35863635219268, 115.62810387697806, 84.05929288060021, 81.05566998786912, 0.521748647213, -0.667466913323, 0.531287369275, -0.67867527439, 0.0525847015902, 0.732553561926, 0.516892852594, 0.742780431068, 0.425557293627,  
1492, 350696.93541635794, 43.74695074441751, 118.14972297762458, 60.77979134512714, 11.658735482070767, -0.633268721629, 0.0947261834238, 0.768113062238, 0.772641282838, 0.0200850253349, 0.634525050579, -0.044678566013, -0.995300729394, 0.0859085781966,  
1495, 3189662.3567050504, 91.31708394265655, 123.72107961166905, 95.62878003270228, 64.36114879072137, -0.862736487654, 0.504653915691, 0.0317833013932, -0.134681720256, -0.289922146502, 0.947526244068, 0.487387512251, 0.81318483406, 0.318094071865,  
1498, 3274113.704168338, 92.11599540298515, 103.10592206451983, 98.87692282868053, 76.67019991952785, 0.511916005515, -0.632457813263, -0.581325311457, 0.152491538558, -0.599066784679, 0.786044094287, 0.845392414187, 0.491035744053, 0.210227410432,  
1504, 2562209.6036229865, 84.88716217588784, 133.75513115457147, 85.57907062825211, 53.437733283778364, -0.828647117241, -0.299819938171, 0.472707054912, 0.0640254590967, 0.788157933305, 0.61213381932, -0.55609773932, 0.537508210954, -0.633908690176,  
1508, 719924.157254455, 55.59888034267179, 129.2957792205555, 60.112353479283314, 22.113121799239572, 0.211166371977, 0.574388174937, -0.790877353221, 0.674863300998, 0.499641476504, 0.543063458468, 0.707084357281, -0.648410841558, -0.28212602191,  
1511, 2762376.09408298, 87.04250862636303, 114.00706120314624, 97.38459422433539, 59.3980500191169, 0.410753940999, -0.0292916486897, 0.91127558909, -0.837284168419, 0.383492132828, 0.389729400191, -0.360882835929, -0.923079510863, 0.132995471187,  
1513, 634689.243344689, 53.31190189881708, 103.91801507805653, 74.79751926511929, 19.493709582273855, -0.0823282438226, 0.281743134981, 0.955951288592, -0.401972872841, -0.887109703962, 0.226835144185, 0.911942909271, -0.365591546713, 0.186287281377,  
1516, 258153.34607347148, 39.49993519296285, 123.52524073152362, 95.62054291311698, 5.217737605739993, -0.764347614637, -0.204649548953, -0.611466504489, -0.470143839, 0.825874248207, 0.311282021322, -0.441290714438, -0.525404880317, 0.727469736202,  
1523, 2248702.7363638086, 81.27328482891048, 121.72612489828104, 80.29636968583249, 54.924198971052945, -0.0379689474389, -0.686361713556, 0.726268515905, -0.901780035524, -0.289592917221, -0.32082504551, 0.430524246194, -0.667115837363, -0.60795175218,  
1525, 1317143.260876764, 68.00092206744729, 108.97971459855994, 62.05464913445802, 46.49694446154926, -0.609514180193, 0.680442452287, 0.406805276845, -0.129062755104, -0.591463064511, 0.795936083215, 0.782198996029, 0.432630919427, 0.448324902462,  
