# Void_ID, Void_Volume, r = (a*b*c)**(1/3.0), a, b, c, vector_a, vector_b, vector_c 

10, 331808.6304236946, 42.94701885419304, 102.5539129230053, 70.76348200067211, 10.915349310687164, -0.976601610273, 0.157151912014, 0.146807940394, 0.18385134186, 0.255941478697, 0.94904828306, 0.111570510927, 0.9538329183, -0.27884545013,  
15, 558693.1958529728, 51.093022037494194, 117.20246461595485, 52.39886578163523, 21.71831571622616, 0.589898490873, -0.526782487301, -0.61198037676, -0.707157154645, 0.0288421712368, -0.706467895797, -0.389805758166, -0.849510647509, 0.355504051551,  
18, 646718.0307820551, 53.64658980554522, 111.72421255679438, 68.98009442027978, 20.033428171890776, -0.992828778414, -0.01361658006, 0.11876702194, 0.0707346466821, -0.867825717711, 0.491808024983, 0.0963723327095, 0.496682103992, 0.862565511171,  
82, 1183925.6434697546, 65.62640374019321, 94.93225463198856, 81.6055102438621, 36.48400764130449, 0.0411612216253, -0.46209106387, 0.885876742287, 0.668134484962, -0.646506084993, -0.368274615023, 0.742901113095, 0.607043433996, 0.282127994718,  
89, 539936.9766406751, 50.51474368525666, 114.72604005420168, 53.5623062508572, 20.976507866910797, 0.749727220689, -0.49457574619, 0.439663423358, -0.596742338599, -0.792454248311, 0.126154055257, -0.286020411653, 0.356946908677, 0.889258808505,  
100, 626158.5289539065, 53.07197265461066, 134.93325885907595, 49.85055956248347, 22.22320253293271, 0.106013777285, 0.596328092023, 0.795709674247, -0.361782740887, -0.722243981678, 0.589471695102, 0.926215054629, -0.3503661479, 0.139173398981,  
151, 2096724.2565810347, 79.39946389138441, 120.41694061312407, 99.91044772022335, 41.60583246743778, 0.671035235216, 0.720606300707, -0.174465677081, -0.577390475559, 0.655516406265, 0.486742724497, -0.465114987753, 0.225886698364, -0.855945820522,  
174, 529348.4585578125, 50.18235223758739, 128.09201925165559, 58.55808329966469, 16.84783569076188, 0.405796263955, 0.533581078997, -0.742038155553, -0.578999234157, 0.778273804608, 0.24300158828, 0.707169908159, 0.331030387121, 0.624763638344,  
182, 612394.4502992915, 52.680215840635874, 111.06238943661732, 47.06542424332295, 27.96878796420335, 0.163776989619, 0.551689242709, -0.817811761441, 0.913591831737, 0.227950813397, 0.336731928476, -0.372192238843, 0.802295086705, 0.466685687797,  
184, 1093456.1275944852, 63.91030906784965, 103.79502891684855, 94.9962865457185, 26.47460994581633, -0.385954178706, 0.286481191867, 0.876908147212, 0.917118017406, 0.221852303809, 0.33117381757, -0.0996690227149, 0.932046180187, -0.348361886419,  
187, 1956526.214116032, 77.58879741601875, 118.0045331928207, 94.14697573891738, 42.04283532519459, 0.279972158978, 0.205753116679, 0.937699976098, 0.520126020881, 0.788470143311, -0.328304364135, -0.806898080677, 0.579638238976, 0.11373213845,  
207, 691667.1175985661, 54.861731044983294, 96.23929112581256, 76.1965708856606, 22.517526251468773, -0.948100934208, -0.139789452297, 0.285593290502, 0.200652195175, 0.433732419098, 0.878416123027, 0.246664377494, -0.890132067533, 0.383173051278,  
209, 199609.86733714034, 36.25471250409665, 135.86420869032233, 71.7489956570186, 4.888464963143702, 0.360173054079, -0.909541534857, 0.207387481504, -0.886897078296, -0.40278735013, -0.226220960755, -0.289290413988, 0.102452657089, 0.951742879895,  
215, 2297359.4975748276, 81.8552960602113, 91.9833610088457, 88.52264055845467, 67.35606640641345, 0.564433557474, -0.702828316398, 0.432951633403, -0.770295133625, -0.259897341253, 0.582321886179, -0.296749332452, -0.662182550116, -0.688080012797,  
223, 698666.4781743108, 55.04616898652683, 126.84876463329037, 84.6551455085872, 15.532511883765025, 0.781085437891, -0.491185519574, -0.385541598371, -0.427403129723, 0.0295778834749, -0.90357717629, -0.455227529283, -0.870552660193, 0.186831374275,  
226, 294160.3486048254, 41.25708191858561, 107.0167338281272, 37.6194168153725, 17.443425366745018, -0.529738768934, -0.67468975822, 0.513975258977, 0.161488552751, 0.514669889227, 0.842042963544, -0.832645353088, 0.529063923619, -0.163685920916,  
237, 529142.9138234532, 50.175856167785845, 81.65804414431354, 60.90094547732182, 25.40161717840438, -0.574913264376, -0.467245509194, 0.671681749479, -0.0380762735555, 0.83530039502, 0.548473743648, 0.817327924298, -0.289749692349, 0.498016244661,  
239, 1104252.2012418755, 64.11995685492002, 119.36649999786302, 83.80639835202342, 26.352391115736378, 0.87126150673, 0.276871514652, 0.405272194044, -0.302385487277, -0.347600444717, 0.887545462451, 0.386608851392, -0.895832626782, -0.219128959333,  
254, 1395857.6623598388, 69.32941067165406, 103.791480150133, 84.84051170065459, 37.84317281408101, -0.335718207372, 0.533121700246, 0.776578739064, 0.545619236229, 0.782097474329, -0.301036857718, -0.767849551862, 0.322652744254, -0.553445816978,  
256, 1994135.4900915017, 78.08279509207857, 108.93626566880782, 94.36873954886788, 46.309001347265365, 0.345631439253, 0.707259566952, 0.616703180756, 0.741662493573, 0.196724966704, -0.6412768771, -0.574870119094, 0.679031068825, -0.45655356065,  
264, 2031210.891639025, 78.56373747846203, 111.8198225573837, 75.87280480681237, 57.15595288215247, -0.383896968268, 0.802140236896, -0.457377478793, 0.914904912749, 0.397374220683, -0.0710121775746, -0.124788294251, 0.44571826201, 0.886432802038,  
265, 1303424.512276632, 67.76400902114425, 103.94991344525091, 74.84073907065114, 39.99770519998249, 0.132028693755, -0.0211666598029, 0.991019876964, -0.217326544285, 0.974829063391, 0.0497741932907, 0.967128531879, 0.221946546901, -0.124105330845,  
271, 1287283.844099923, 67.4831328994966, 113.5581091809097, 78.98925217252335, 34.260962113749606, 0.91255374165, -0.171302280453, -0.37135050466, 0.257310229319, -0.465275610991, 0.84694158695, -0.317863358203, -0.868431997642, -0.380511170642,  
326, 3319124.4021225143, 92.53619554505275, 137.14091381255932, 113.66072636434063, 50.83437107657495, -0.684302181982, 0.718192387478, 0.126214968619, -0.643091108121, -0.675982260922, 0.359835809189, -0.343750418751, -0.165068705352, -0.924439274437,  
358, 1786670.2906235845, 75.27520302463536, 122.95942578488456, 72.74016397109645, 47.68916347943225, 0.553853932658, 0.568410626592, -0.608403797537, -0.370023874536, 0.822626283633, 0.43170398394, 0.745874086929, -0.0139770188023, 0.665940304677,  
359, 1026826.9343253965, 62.5848978263118, 92.45757338581181, 67.21753370077451, 39.444238689301585, -0.668098170605, -0.739774546673, 0.0798652272824, -0.716588163017, 0.668605893992, 0.198664448613, 0.200365264099, -0.0754968781756, 0.976808058079,  
370, 1201198.70990403, 65.94401960187461, 155.79552217096952, 54.61692754125366, 33.70109494261778, -0.459002780755, 0.586423881997, 0.66740053782, 0.884143933311, 0.375249501162, 0.278347475409, 0.087212111818, -0.717840401831, 0.690723682127,  
378, 1606505.4057585413, 72.6548360866855, 109.18938583103424, 72.45102869714101, 48.48066882392515, -0.434818052639, 0.744840301434, -0.506108868188, 0.171714691068, 0.620286550297, 0.765348718162, 0.883995093861, 0.245881111273, -0.397611812134,  
425, 881610.143347555, 59.48342812647031, 116.58201820514988, 63.118579958679796, 28.602182943187252, -0.581727268131, -0.495497071537, -0.645039562826, -0.765735484714, 0.601057335628, 0.228865127834, -0.274303760388, -0.627066767886, 0.729071132092,  
434, 246703.49611530386, 38.907103318662095, 130.72912154765507, 63.468815246407225, 7.0982936266955425, -0.341205869666, 0.532246793826, -0.774785070176, 0.920148831826, 0.0206699303834, -0.391022865401, 0.19210591296, 0.846336874087, 0.496798967155,  
439, 2786562.972526587, 87.29581371753615, 118.15907633372446, 110.6305940050954, 50.890640991254834, -0.621176133987, -0.255434837897, -0.740873305062, 0.095863194234, -0.96305567101, 0.251662517127, 0.777785612207, -0.0853042679125, -0.622713998012,  
476, 4075861.6642592973, 99.09314421332941, 128.14373641419257, 107.0213898438709, 70.95170832298996, -0.746510287702, -0.0512812323362, 0.663394773543, 0.259709354544, -0.940397306907, 0.219553994098, -0.612595659075, -0.336189143745, -0.715334479884,  
514, 707016.1867259311, 55.264585347734204, 92.83686021547317, 66.25117148616434, 27.44269389935093, 0.51721283382, -0.839088824602, -0.168584782703, -0.809313100859, -0.543576401869, 0.222569090644, 0.278393946253, -0.0213222831543, 0.960230269743,  
561, 3210985.1834874772, 91.52011646131339, 127.1124457714931, 88.04693919529628, 68.49318379979827, 0.480712527134, 0.434308091287, 0.76176895979, 0.77316231902, 0.199909905348, -0.6018771122, 0.413685260438, -0.878300923139, 0.23969145523,  
567, 2115257.928265941, 79.63272439638098, 114.23559656318372, 108.01770257297439, 40.92402413882958, -0.642820069787, 0.356477408762, 0.678016382487, 0.731760533091, 0.547501411672, 0.405917142316, -0.226514635484, 0.757077315245, -0.612800994331,  
579, 895102.9810618672, 59.78535302869609, 143.22277431680996, 46.645388209733575, 31.986270106215112, 0.686235697131, -0.661819614922, -0.301786953475, 0.420875001288, 0.0228915241386, 0.906829758783, -0.593249358427, -0.74931353613, 0.294252312308,  
582, 1923149.9016347702, 77.14506972663536, 94.06068619694213, 78.00323407009759, 62.57542036859698, 0.748342291173, 0.171906237903, -0.640649717561, 0.204745902075, 0.858805925106, 0.469607813591, 0.630922285884, -0.482597791512, 0.607483695915,  
588, 2463140.075251444, 83.77867747139373, 122.96893902580264, 93.06795052575464, 51.381280657174834, 0.298725349692, -0.198275310424, 0.933514899039, 0.7762604206, 0.619492954931, -0.11682567441, -0.555142256419, 0.759549458605, 0.338971525458,  
608, 1221066.9273601556, 66.30561176509902, 129.34371268560548, 66.89625234405841, 33.69021232122361, 0.346627896689, -0.936892345823, -0.0456271144786, 0.643096161879, 0.201956454259, 0.738675109341, -0.682844365733, -0.285388021686, 0.672515612655,  
619, 1961010.0744369007, 77.64802345677145, 130.04643482744652, 81.18260024740242, 44.34348352611235, 0.732490841885, -0.12384607357, 0.669417146939, -0.399472802489, -0.874419725279, 0.275339107492, 0.551251890361, -0.469097318373, -0.689977578816,  
654, 1948641.4178421134, 77.48442952931448, 136.64800521133424, 67.80388249095142, 50.20944964723954, 0.605966452218, 0.653163416772, 0.454072912402, -0.396950158307, -0.246386781263, 0.88415164188, 0.6893730707, -0.716010548114, 0.109971197972,  
657, 1389039.0177757144, 69.21633695077045, 109.58923735378801, 59.69489906583367, 50.68981532539944, 0.83288009571, 0.443769586449, -0.330725415282, -0.257050659331, 0.839372869226, 0.478934384801, 0.49013845463, -0.313881730196, 0.813168220445,  
665, 598127.4762162832, 52.2678995664974, 128.29118451206344, 57.475745709975115, 19.365277028021882, 0.82575634692, 0.304408254652, 0.474828463786, 0.195561834853, -0.944154326891, 0.265194599797, 0.529038773882, -0.126127798333, -0.839172064726,  
676, 2013946.0673668818, 78.34051260701987, 95.89449818011914, 84.2152318168849, 59.53534677144953, -0.327958739911, 0.272623222, 0.904499664866, 0.848508550336, 0.505920864175, 0.155168679829, -0.415302666646, 0.818364624125, -0.397244303996,  
714, 1322866.9508404813, 68.09927982393144, 125.85236549754514, 62.65123995452824, 40.053134014159674, -0.653152276288, -0.653141501809, -0.383142640011, -0.751226846265, 0.495340662793, 0.436229129282, 0.0951332193848, -0.572751085899, 0.81419031201,  
716, 1653474.5308816964, 73.35611119126277, 107.18879185170377, 95.51811285895789, 38.55438597978999, -0.676373956038, 0.532696566604, 0.508677343236, 0.219269110656, -0.513679244274, 0.829490621475, -0.703163799343, -0.672583081805, -0.230635360175,  
717, 314767.0642675176, 42.19881200676406, 103.27476766694966, 34.006119263967975, 21.396826936561915, 0.117581567202, -0.730994948838, 0.672176286273, -0.629696438474, 0.468512296269, 0.619660087159, -0.767891249089, -0.496127617674, -0.405216505776,  
755, 1864480.9231053218, 76.35247361750902, 117.06819825739373, 89.60445877069742, 42.432711003462785, 0.579906148056, 0.194477868396, 0.791130342075, -0.527821671252, -0.650026638336, 0.546689722613, -0.620574848672, 0.734604470554, 0.274304810453,  
771, 1658374.7881399966, 73.42850607636194, 113.95110277708731, 73.5669305272121, 47.22727729785921, 0.663760234578, 0.688514769946, -0.292181044147, -0.225318229964, 0.556566746906, 0.799665649809, 0.713199864161, -0.464952543605, 0.524561803752,  
795, 1793068.3201488564, 75.36494896767402, 116.40990834481777, 83.87086038191495, 43.84369851447009, 0.597923759955, -0.728663880978, -0.333970246937, -0.693219019801, -0.679264484343, 0.240929763408, 0.40241094402, -0.0874568972018, 0.911272035819,  
803, 2784574.4693524116, 87.27504388844271, 116.83442187423408, 93.36520534529883, 60.941670826282156, -0.243886509967, -0.622818857555, 0.743381490844, -0.872533550939, -0.193677129993, -0.44852466131, 0.423325610779, -0.75801440619, -0.49619511008,  
814, 1425197.8279787425, 69.8118018764351, 129.40661217877877, 116.5869375962701, 22.55174644721738, 0.594210254048, -0.0299073714278, 0.803753521372, -0.335907456281, -0.917214431819, 0.214205198066, -0.730808015007, 0.397269726003, 0.555064329608,  
816, 1249670.985021707, 66.81936729694384, 120.1936791101584, 87.95252545105858, 28.221307695692737, 0.785730218835, 0.573089594656, -0.23280107325, 0.25953217427, 0.0361963908719, 0.965055890509, -0.561490047755, 0.818692944751, 0.120294590432,  
847, 2198159.0522796833, 80.65974315115425, 122.78841284339948, 106.80086701471053, 40.01642990416927, 0.0444184166426, 0.122686609219, -0.991450957023, 0.999008126093, -0.00855973075471, 0.0436977689367, -0.00312542214733, -0.992408548395, -0.12294512926,  
850, 1320585.9663248367, 68.06011670995356, 125.60669616994898, 68.50501797323845, 36.63893921775282, 0.0857047131413, 0.602441395562, 0.793548402467, -0.893471492023, -0.305964640098, 0.328777024673, 0.440866640934, -0.737190615732, 0.512041600838,  
865, 2342595.8722942546, 82.38906763372324, 104.78706871012682, 78.95267944592005, 67.5980548718698, 0.342730415227, -0.810837101594, -0.474424975267, -0.803375238435, 0.00879996318474, -0.595408084356, -0.486953887701, -0.585205737606, 0.648390434789,  
869, 1215942.1072810155, 66.21272009773168, 107.86637894800468, 88.85177297870707, 30.28810419582629, 0.598267593946, -0.528385244069, 0.602399302692, -0.728175901021, -0.0447523493927, 0.68392768945, -0.334418515048, -0.847824428212, -0.411531281581,  
877, 2218427.2721374985, 80.90689395316272, 143.63650183126379, 85.31447786356148, 43.218434307675324, -0.0679196706542, 0.291660756033, 0.95410739528, -0.734490237276, -0.661827547072, 0.150027961669, 0.675211825788, -0.690592717401, 0.25917308693,  
878, 630525.7441973164, 53.19507244714887, 116.06640700186477, 42.78759164370145, 30.310271834482407, 0.0643519947272, 0.515887937659, -0.854235597802, -0.667208346532, 0.658794848694, 0.347595123171, 0.742086142636, 0.547584681225, 0.386599500511,  
899, 677823.9154810442, 54.493256191293014, 127.79337740830658, 69.19805177160164, 18.298945476249866, 0.25695421191, -0.896413354246, 0.361133813581, 0.613957096343, 0.439998777967, 0.655330267298, -0.746345239706, 0.0533307952033, 0.66341887933,  
906, 2670179.493464954, 86.06315885014362, 121.91114100616545, 88.34828949774175, 59.184816492733034, -0.987965088379, -0.00257488521059, 0.154655598379, 0.0456179236444, -0.960238863443, 0.275427540698, 0.147797121712, 0.279167861866, 0.948799934504,  
913, 2520208.5664339866, 84.42076656962453, 111.48025934460054, 89.14997299894266, 60.53808625189045, -0.723158805975, -0.363922811578, -0.587027706803, 0.061738510228, -0.880582518159, 0.469854003993, -0.687916926449, 0.303536844429, 0.659269054619,  
924, 205889.26257428838, 36.63096526501318, 100.25838624045126, 82.69349457829323, 5.92861206572733, -0.59987649486, 0.669314381896, 0.438367938039, -0.577136206829, -0.741448974814, 0.342296971231, -0.554131743975, 0.0476621016523, -0.831063375673,  
929, 943545.5714046513, 60.84498061747815, 110.29249647048955, 81.00105849335884, 25.213759734693173, -0.813273025904, 0.477914959656, 0.331940170324, 0.00686005729648, -0.562544787781, 0.826738351205, 0.581841838433, 0.674641129103, 0.454223977759,  
933, 1788392.0262030386, 75.29937506261167, 89.80809088082377, 88.00882140584184, 54.01724695157076, 0.768485829535, 0.639852137427, 0.00433267042927, -0.625913043789, 0.750303625778, 0.212784705183, -0.132899930091, 0.166233905611, -0.977089503171,  
942, 638298.2797861377, 53.41276020917366, 124.07246057723222, 56.79794201612758, 21.623553719516217, 0.619121729115, -0.724458816678, 0.303063866991, 0.534980537165, 0.671617177336, 0.512568231518, -0.574877473373, -0.155208859429, 0.803384155036,  
943, 2882864.0170461223, 88.29006760943298, 119.0538787309574, 97.18378706041221, 59.4837281798716, -0.203696628774, 0.928584653798, -0.31022286208, 0.92203862763, 0.288489140617, 0.258106150459, 0.329169337249, -0.233462109297, -0.914955185207,  
954, 2588569.321114219, 85.1772726822216, 122.26413881091044, 81.18808508213591, 62.25579725241551, 0.587415668431, 0.628121371961, 0.510300278824, 0.587600727273, 0.102550972015, -0.802626116848, 0.556478407299, -0.771327971893, 0.308844527206,  
964, 1416477.3387377225, 69.66912250328836, 106.05181462743136, 83.15622066306825, 38.34494989211653, 0.512896309425, -0.720858844366, 0.466154376013, -0.800684613891, -0.205879643299, 0.5625990771, 0.309582823904, 0.661797626902, 0.682775494705,  
974, 2855145.2973014736, 88.00618633191117, 132.00967166284937, 100.27158647935178, 51.493921631997736, -0.231587317297, -0.801510227196, 0.5513153999, -0.636025212749, -0.304071187039, -0.709233841522, 0.736097305534, -0.514900057207, -0.439361682299,  
979, 330353.1911036686, 42.884132810440214, 162.37825750316208, 45.80478775113916, 10.603546501502914, -0.99009637925, -0.066220702608, -0.123790057524, -0.0675714461387, -0.548122670379, 0.833663983799, -0.123057951643, 0.833772365075, 0.538219642688,  
992, 2006376.5881854435, 78.24224096401898, 138.04041315988889, 76.32818159937533, 45.46033959406665, -0.935803203124, -0.216055494221, 0.278554103255, -0.0311907236315, 0.837820045133, 0.545054777736, -0.351140290742, 0.501375702832, -0.790773609086,  
993, 1646101.8380270991, 73.24691932402106, 102.35105775471656, 76.45795932174941, 50.21726464728378, -0.779028273386, -0.104232327405, -0.618264159715, -0.621120459072, -0.00630225625669, 0.78368977082, 0.0855822679447, -0.994533007743, 0.0598311952377,  
1013, 445747.3125358054, 47.38781758884582, 98.64708216558637, 36.55895201420174, 29.50680198640095, -0.855502533598, -0.178908902045, 0.485908447936, -0.114868204295, 0.980603717443, 0.158813239308, -0.504896732658, 0.0800496977309, -0.859459909038,  
1025, 1773707.3468197756, 75.09271128942582, 131.07015214758243, 83.43078280426916, 38.72248619355572, -0.9665835026, -0.0254059204603, -0.255089928667, -0.181445907567, 0.770738104802, 0.610770133875, 0.181090350734, 0.636645358902, -0.749592537222,  
1029, 1707655.085511724, 74.14875251875365, 136.86748956988671, 84.53889914498738, 35.23340831596105, 0.762575775813, 0.600187274912, 0.241357455193, -0.149505597067, -0.199484599202, 0.968428609205, 0.629385623119, -0.774584488429, -0.0623907661112,  
1038, 1489991.0190869092, 70.85410454756898, 118.13318496978009, 67.04716463785746, 44.90996449093655, 0.454000413396, -0.668577574385, 0.588971690038, -0.749398935616, 0.0710330972678, 0.658297451302, 0.481959396561, 0.740242072651, 0.468782267096,  
1086, 1720950.2091387073, 74.34068617405514, 106.3673674236651, 73.34552127554436, 52.66204089070612, -0.926505086771, -0.366301349627, -0.0860909138594, -0.317781046599, 0.639183772055, 0.700328003127, 0.201503177667, -0.676215518015, 0.708610642445,  
1088, 3104401.928193038, 90.49608229935491, 133.0647493402493, 81.12017878414403, 68.65899084690031, 0.162909063921, 0.310531241541, 0.93649932457, -0.580095173262, -0.737642768294, 0.34550359816, 0.798091615575, -0.599544405704, 0.0599689814745,  
1090, 2416855.1122199264, 83.25059295606796, 111.19036012477275, 84.58584686299965, 61.34754216874428, 0.51338727169, -0.345135591286, -0.785693918071, -0.785385515345, -0.557936238593, -0.268098388566, 0.345836813474, -0.754710922998, 0.557501857534,  
1092, 2825325.385004544, 87.69872660603119, 123.85854870031174, 88.9688816416567, 61.209064779522926, 0.757569868446, 0.56809224819, 0.321495088562, 0.469872067671, -0.132710155565, -0.872701698539, 0.453109406706, -0.812194072963, 0.367467894378,  
1094, 882264.652498606, 59.49814469092939, 103.21931381209585, 88.3726788839276, 23.09039076647203, -0.436862252961, 0.629695160816, 0.642367010659, -0.885804888268, -0.176886022106, -0.429023350302, -0.156528182315, -0.756435945489, 0.635061877704,  
1095, 2786097.5226709675, 87.29095300001474, 123.51798894232999, 87.46591887161132, 61.56567278103382, 0.0112785337083, -0.24504981397, 0.969444884122, -0.998774751873, -0.0494793664804, -0.000887306601344, -0.0481849530216, 0.968247066077, 0.245307621847,  
1121, 2696468.205087971, 86.34467612340832, 108.63332661010044, 93.47794957697302, 63.39199767528761, -0.869674460566, 0.318913683876, 0.37677631942, -0.410631878173, -0.890999225122, -0.19365392188, -0.273948523024, 0.323132237742, -0.905835395458,  
1143, 1275254.9337208732, 67.27227802927274, 106.55764771124234, 66.5072579391703, 42.95905663827526, -0.862967030111, -0.423383704195, 0.275742894676, -0.504080375398, 0.684161956668, -0.527091445754, -0.0345091303935, 0.593859121401, 0.803828628408,  
1149, 1823943.9837253327, 75.79507068975472, 107.15168283876116, 80.40226885095137, 50.54236813934442, 0.0249546297141, -0.997340862538, -0.0684724058914, 0.0799476293757, 0.070265353275, -0.994319443985, 0.996486649691, 0.0193386670135, 0.0814884835121,  
1152, 1222200.0943734818, 66.32611626547585, 141.81193552565946, 80.67708870302913, 25.502966540305643, 0.231122793373, -0.779055919384, 0.582798531962, -0.608414890674, 0.351709570706, 0.711429334987, -0.759219056129, -0.519010840298, -0.392701123583,  
1164, 613012.7140383025, 52.6979382484383, 98.88718697247359, 63.778648575043654, 23.204143218400244, -0.143523016626, -0.735028661481, 0.662671872422, -0.962458056059, -0.0522096993068, -0.266361854674, -0.230381496709, 0.676022939033, 0.699940963135,  
1170, 1566666.3897190741, 72.04922367982621, 116.72228322054126, 76.1732808105197, 42.0660255874773, -0.13424578062, -0.834898165273, -0.533781906783, -0.553592482215, 0.509951154259, -0.658395917291, 0.821896242856, 0.207110776864, -0.530652138492,  
1173, 1884495.3357734021, 76.62470564738199, 106.7656119116595, 76.27505465862752, 55.24494385669196, -0.989541513973, 0.00592672259035, -0.144126562727, 0.141554296558, -0.152305055341, -0.978143931762, 0.0277483918493, 0.988315761322, -0.149873222001,  
1190, 3451735.122593725, 93.75252015296542, 118.02842243910968, 106.22987348141523, 65.72272860645549, -0.0157127137144, -0.579831157591, 0.814585133252, -0.993576214374, -0.0822576946284, -0.0777172947588, 0.112068804125, -0.810573562585, -0.574813954929,  
1191, 1750744.2137589469, 74.7672424626832, 109.5372527322579, 81.73983255022777, 46.680822799105364, -0.209473891571, -0.97671894496, -0.0462686860341, -0.959565108678, 0.196234985241, 0.201808406104, 0.188030558573, -0.086671408921, 0.978331526589,  
1194, 1155798.718575769, 65.10253001375585, 119.72519750001973, 71.34035559992832, 32.30522479590745, 0.28085982921, 0.904311551975, 0.321462864576, -0.564495499832, -0.115230941405, 0.817353449135, 0.776184634611, -0.411026090544, 0.478116059013,  
1215, 157669.82374084476, 33.5135158166295, 118.66190808092746, 49.16531782960458, 6.451932190275567, -0.810153345176, 0.424171999077, -0.404635233882, 0.194809979612, 0.845824726266, 0.49661816749, 0.552902006818, 0.323509888004, -0.767880669909,  
1216, 878203.597455915, 59.40671448207961, 103.24836167155637, 66.79871244035562, 30.398723140048553, -0.180766199026, 0.905568679515, 0.383756365383, 0.972804388418, 0.10716750195, 0.205345436768, -0.144828184983, -0.410439390419, 0.900313447432,  
1218, 463633.61211438343, 48.01336024616572, 145.47694331701547, 57.909095162975255, 13.138487065439534, -0.145926246975, -0.799611246849, -0.582518140796, -0.984059322342, 0.0568210814146, 0.168518885642, 0.101650285562, -0.59782373541, 0.795156588871,  
1222, 711436.9069050868, 55.37952936209404, 105.06367062139094, 53.655470470984966, 30.128756317423655, 0.314039281471, -0.466337647691, 0.826987622664, -0.641649529703, 0.537759205139, 0.546901196122, -0.699760823942, -0.702384677819, -0.130347817937,  
1223, 964085.4589391806, 61.28332321089276, 122.24263314533077, 59.202791381035695, 31.802557251278508, 0.697216109032, 0.291105906373, 0.655093160231, 0.62991199785, 0.187439710663, -0.753708982188, 0.342199608813, -0.938149085242, 0.052685117323,  
1225, 1456761.6674004293, 70.32341706636943, 116.35101417421303, 69.23740272245114, 43.17068647914562, -0.55601413396, -0.653396236572, -0.513733044362, 0.109477838908, -0.670268432525, 0.733999203779, -0.823931359777, 0.351871548144, 0.444211129962,  
1229, 2315127.81896709, 82.06578373822745, 97.84432583186573, 83.70899153313498, 67.48054930278697, -0.537681717108, -0.713592617694, 0.449092359164, -0.835631386769, 0.380043376771, -0.396594524948, -0.112332348562, 0.588517296045, 0.80064276411,  
1243, 102245.36536056979, 29.008036994816607, 77.60088477901101, 62.99488319157466, 4.993247277876455, -0.561954930861, -0.227529809663, 0.795258977564, -0.723033160528, 0.602113063027, -0.338648649945, -0.401783156016, -0.765303890652, -0.502872002099,  
1246, 2192278.178465998, 80.58774753888767, 123.00004682995933, 94.98630756699889, 44.79615816457483, 0.264011967143, -0.901200195305, 0.343709018193, 0.14346033007, 0.389079399449, 0.909965029339, 0.953790760545, 0.190933048229, -0.232008095101,  
1257, 1212408.0360561404, 66.1485099302962, 153.70731879094035, 69.6961201434763, 27.01823953178252, -0.151517769137, 0.463048386798, -0.873286068319, 0.976628001174, -0.0661277727552, -0.20451128329, 0.152447082486, 0.883862720763, 0.44220648784,  
1261, 537384.3832962946, 50.43501380541926, 152.30566842600385, 64.43200795165151, 13.073103493783718, 0.00653836357587, -0.0538619001401, 0.998526987875, -0.091276800117, -0.994411919603, -0.0530422464788, 0.995804094972, -0.0907955387913, -0.0114181685676,  
1262, 2103735.552641737, 79.48786747025488, 97.0765406869373, 86.59166041715005, 59.74645994309622, 0.550823301661, 0.357598464446, -0.75413329629, 0.447523278898, 0.636145153312, 0.628523872866, -0.704497413191, 0.683697800306, -0.190369936345,  
1264, 1743291.2429204993, 74.66099608753392, 164.9712868113102, 73.6196961827383, 34.26722659690918, 0.522578372779, -0.852491806313, -0.0130216923671, 0.324992656331, 0.185054409185, 0.927434439177, -0.788220538704, -0.488889134477, 0.373759008662,  
1267, 632755.5970746038, 53.257706754429464, 117.39903925053929, 64.22540789459565, 20.034383007770373, -0.898033233143, 0.193990487394, -0.394846809499, 0.437280521362, 0.295302849507, -0.849459812299, 0.0481877350461, 0.935501960379, 0.350020034166,  
1275, 1606673.201900828, 72.65736554737002, 99.15684401490167, 86.08776256942694, 44.93397347862292, 0.182477090365, -0.964355555242, 0.191625871338, 0.682417616186, -0.0160851766287, -0.730785511769, 0.707819403952, 0.264120484186, 0.655158042935,  
1277, 736235.0769333859, 56.0156395154861, 128.52530560905814, 62.0479414887725, 22.040014333027212, 0.787362674186, -0.586386954365, 0.190290196933, -0.45782829061, -0.34945998593, 0.817478424517, 0.412859874069, 0.730772233999, 0.543616285996,  
1289, 786544.2170846318, 57.26353806457932, 93.90909225255456, 68.65767411050422, 29.123113552293194, -0.182354185896, 0.284826219878, 0.941074372914, 0.704216522295, -0.630111434733, 0.327167647463, 0.6861676476, 0.722380512119, -0.0856758723159,  
1294, 2378188.170000565, 82.80423229625588, 113.2019130555777, 108.99644551204106, 46.014160551614914, -0.240257921541, -0.939313959516, 0.244878371025, 0.799905564357, -0.334496093153, -0.498260425656, 0.549933831699, 0.0761685573192, 0.831727799,  
1300, 1607714.0142819704, 72.67305145076769, 107.91005193639643, 81.1160467865027, 43.848173709778024, -0.70402792179, 0.707817959807, 0.0577790715983, 0.710090693326, 0.700380026927, 0.0723811103275, -0.0107653421187, -0.0919867036917, 0.995702040649,  
1310, 224348.7071273772, 37.69452895801645, 133.7089888409247, 31.263156833122736, 12.812725680489832, -0.985707906328, 0.166341172869, -0.0266559113718, 0.168419894106, 0.96944225448, -0.178371675159, 0.00382918683708, 0.18031175624, 0.983602057689,  
1313, 2922302.9196499265, 88.69086165868204, 108.04536356052303, 92.47780462732534, 69.82211117143426, -0.708202240113, -0.486112252137, -0.512000454513, -0.0748155959277, -0.669446739581, 0.739083005805, 0.702034339406, -0.561725859461, -0.437734902776,  
1319, 1705054.0582604252, 74.11108665154167, 102.6773108934321, 78.84985943036845, 50.27755317195882, 0.689551522016, -0.401887986276, -0.602498751012, -0.445666865698, -0.891210474263, 0.0844093323186, -0.570876294221, 0.210309146378, -0.793643698171,  
1323, 1782203.0126495473, 75.21241286960861, 90.90770548497706, 77.55676583081794, 60.345956791050305, -0.795960916714, 0.447431359601, -0.40773937449, -0.442280656278, 0.0300569339914, 0.896372914474, -0.413320747297, -0.893813044861, -0.17396609063,  
1325, 2947221.267814592, 88.94223620936326, 153.71933284142852, 82.01347294752978, 55.80979655003834, 0.521808851085, -0.425844724276, -0.739169665054, -0.774692657329, 0.126232570325, -0.619610058722, -0.357164961341, -0.8959473249, 0.264029508568,  
1326, 2547174.867218251, 84.72080048284462, 121.32322260688849, 81.1553661780762, 61.760239627766, 0.189866729006, -0.101688096543, 0.976529649441, -0.617861026864, 0.760600952098, 0.199333748146, -0.763019250543, -0.641206458708, 0.0815837031034,  
1335, 944536.4953953316, 60.866273232055875, 126.99229023496207, 62.80485139552501, 28.272198792241543, 0.414374763521, 0.655511471321, 0.631346391709, 0.758150145648, -0.632397517083, 0.159002317722, -0.503489733769, -0.412768811023, 0.759025689048,  
1336, 2150988.869224172, 80.07860849439432, 93.68247394927742, 86.24054973512239, 63.55938502801598, 0.944491517039, -0.316459689187, 0.0882555344534, -0.207593302596, -0.36665346042, 0.906901461394, 0.254638557487, 0.874881994947, 0.411995995077,  
1339, 667359.7001028255, 54.21137915489676, 122.39789116810663, 88.44905014820654, 14.716490667655757, 0.331658350245, 0.767988199123, 0.547902240113, 0.211584710834, -0.626532464569, 0.750125976742, -0.919366438834, 0.132857806883, 0.370289284609,  
1342, 3132608.143617158, 90.76933515278047, 120.22353016426031, 107.67531599254379, 57.77125900452114, 0.621950383275, -0.385255092209, -0.681730324008, -0.0693628763788, -0.894284001689, 0.442091524125, 0.779978533118, 0.227672216684, 0.582922678942,  
1343, 2127419.5702271415, 79.78504853583888, 123.92688348831815, 68.65322577222558, 59.69501484027742, -0.980466265666, -0.0619134119487, -0.18668859449, 0.0185286780487, -0.974017659983, 0.225712839978, -0.195812639994, 0.217844732463, 0.956138631453,  
1344, 2167260.939879641, 80.28003100009438, 103.74560290508272, 85.61227980731333, 58.252803794956364, -0.878251266335, 0.405508954019, 0.253450589645, -0.393859170419, -0.913981334746, 0.0975349866093, -0.271200418616, 0.0141636134783, -0.962418684875,  
1345, 2084702.004898205, 79.247418687713, 121.03682885416268, 93.87654692039901, 43.80066776080923, 0.869828696833, 0.481594809088, 0.107072302791, 0.422742347629, -0.839453144705, 0.341478147712, -0.254336284644, 0.251763495574, 0.933770955112,  
1348, 2186759.0781094413, 80.5200636664849, 104.40308753926686, 82.8385174940006, 60.362423562766814, -0.0179559279716, -0.510680496674, -0.859583047162, -0.0197407446973, -0.859372990306, 0.510968068016, 0.999643880414, -0.0261437153053, -0.00534962620797,  
1351, 4861368.313229464, 105.0888498399737, 119.56580138149197, 109.55408952740075, 88.60012684760984, 0.934936876689, 0.343795291015, 0.0877373038327, -0.262256981963, 0.503033855351, 0.823515765351, -0.238986007999, 0.79294497807, -0.560467617026,  
1353, 3796994.6490794146, 96.77959312375656, 126.85932628353815, 112.95106206335713, 63.26137923993488, 0.305963605202, -0.779661227265, 0.546364935726, 0.864523894858, 0.467882066294, 0.183534212778, -0.398728864658, 0.416190752828, 0.817190644678,  
1355, 565560.4631855675, 51.30150950521104, 110.95849718855254, 64.10362728721176, 18.98223132023197, -0.277097875738, 0.272645736047, 0.921347420834, 0.960495229986, 0.0528516192375, 0.273231805467, -0.0258007836418, -0.960661755749, 0.276520000369,  
1361, 2465786.0696446467, 83.8086661001735, 122.95301461192258, 86.07630580478028, 55.62166488962957, 0.61965309248, 0.742193425879, -0.255301710849, 0.232782003435, 0.136855895381, 0.962851495702, 0.749561594438, -0.656063550643, -0.0879660938151,  
1363, 2685382.8398629753, 86.226190651017, 115.86297083654183, 108.88484328336686, 50.81658893288016, -0.919258104605, 0.301617536761, -0.252965212304, -0.38756567795, -0.58084376146, 0.715830545624, -0.0689737804755, -0.756073664593, -0.650841940348,  
1368, 1969755.8373469356, 77.76328449215343, 123.15596089451383, 87.82019730139854, 43.47843880620899, 0.611008476328, 0.682754771576, 0.400642688371, -0.405299748581, -0.164933702053, 0.899182399587, 0.680000555629, -0.711788448781, 0.175944447276,  
1371, 2634364.8459420805, 85.67664223799656, 97.85665769785439, 88.72113485553966, 72.43856632883383, -0.419468342073, 0.906926376431, -0.0391261770854, -0.586076969773, -0.303481327663, -0.751274163845, -0.69322441929, -0.292204776645, 0.658829471871,  
1378, 3151179.4074469255, 90.94835329224375, 119.81737603140704, 96.20054831615911, 65.26602584834541, 0.656182259635, -0.123152194066, 0.744485311633, -0.326976574156, 0.842758788293, 0.42760255461, -0.680081731922, -0.524014467217, 0.512735483513,  
1383, 2084931.1745195566, 79.25032244973004, 97.94662684297244, 93.047444818394, 54.614652954959325, -0.815895864944, -0.115742777118, -0.566495849158, -0.535818691186, 0.519541381772, 0.665563733088, -0.217283841423, -0.846569762141, 0.485908808405,  
1387, 1841859.709360797, 76.04242874643438, 134.01323614233382, 72.54161013007055, 45.23067332914972, 0.195702622878, 0.436637480441, 0.878093499619, -0.549579928068, -0.692753984871, 0.466962331576, 0.81219602687, -0.573968315432, 0.104393423244,  
1388, 2739348.7937412905, 86.79996991799592, 118.3443482372492, 97.67267240352815, 56.576767598272035, -0.409453970978, -0.604072262675, 0.683698871666, 0.671625412303, 0.307614928321, 0.674012137445, -0.617468016338, 0.735166482738, 0.279756128546,  
1390, 2557610.0830872674, 84.83633701963934, 132.405911553628, 90.11592946035331, 51.172517613211525, 0.660230485034, -0.184936800821, 0.727938243489, 0.547053661875, 0.782497120945, -0.297372740416, 0.514614416492, -0.59455583036, -0.617798807804,  
1391, 1148099.2686902315, 64.95764583263254, 126.4610792204976, 95.86507920955259, 22.60859175299663, 0.161139248951, -0.758020847374, 0.632011500998, -0.480814253173, -0.619540319233, -0.620473566552, 0.861888505778, -0.203897493341, -0.464299489356,  
1393, 5005928.043016138, 106.12034774211865, 123.0249981133671, 108.5828326079189, 89.46258839372892, -0.891469691122, -0.177668558709, 0.416792122115, 0.0964714650059, 0.824380230842, 0.557754866797, -0.442690689139, 0.537430105449, -0.717770043612,  
1397, 2000915.920777128, 78.17119364112007, 129.8128860556503, 76.99262712932914, 47.79398976689474, -0.334351863413, -0.448675691297, 0.82879367485, -0.942447174271, 0.16054606947, -0.293288737061, 0.00146804004854, 0.87915589267, 0.476532014917,  
1398, 2575501.1981228176, 85.03369459673225, 109.70661150246983, 81.82976836892935, 68.49029295812252, -0.155991498736, 0.941085110097, 0.300042443458, 0.76813987507, -0.075393834797, 0.635827729815, 0.62098935953, 0.329658285545, -0.711124201614,  
1399, 3099120.269546868, 90.44473148131186, 120.00946202666826, 98.63604339309981, 62.502687167740945, -0.717941566129, -0.171142598786, -0.674737073611, 0.016822983494, -0.973288564956, 0.228968025176, 0.695900060965, -0.153034571937, -0.701643445734,  
1401, 1954229.5231256767, 77.55842602571201, 128.70185898376099, 88.15655197276581, 41.119473503560044, -0.338999600941, 0.868321374101, -0.362073558605, 0.0741257291723, 0.408318943214, 0.909824717672, 0.937861741856, 0.281591249671, -0.202784913817,  
1403, 2040154.211797739, 78.67887273658494, 150.79773189628128, 77.62187025478215, 41.609785294567594, -0.689852920294, 0.133349775377, -0.711562214967, 0.716799120913, 0.263616473722, -0.64552720705, -0.101498613883, 0.955365999075, 0.277441595999,  
1406, 873939.364971548, 59.31040607551298, 93.26613268873623, 67.92159245493245, 32.93524238083491, 0.605552770155, 0.0192874675089, -0.795571389729, 0.466428199706, 0.801392560295, 0.374452532136, 0.64478723396, -0.597827699175, 0.476289266121,  
1407, 2512978.7782371948, 84.33996256545883, 111.36161653767766, 84.57158232563064, 63.70011683537895, -0.175938648596, 0.969817553791, -0.168817961988, 0.106419961784, 0.18922629658, 0.976149681359, 0.978631893852, 0.153776854702, -0.136500165911,  
1413, 2353314.7279956723, 82.51453713427048, 96.69940779786192, 88.57395925950647, 65.59360965008797, 0.198325488418, 0.813483169906, 0.546728573355, -0.794375437758, -0.193342368402, 0.575835386605, 0.574138192885, -0.548510584091, 0.607866329558,  
1416, 1050196.212457877, 63.056125145775106, 95.57022426923436, 78.93569423719158, 33.23424371196203, -0.722364961146, 0.0834380692534, 0.68645972315, 0.690945547566, 0.0469169878102, 0.721382732364, -0.027984159918, -0.99540789873, 0.0915423505248,  
1424, 2551024.474308514, 84.76345919914, 116.34108356986815, 98.70369923652264, 53.03462251031683, 0.614331894399, 0.640861108681, 0.460318762276, -0.403147724446, -0.246558953887, 0.881294839729, -0.678283300545, 0.726983989946, -0.106892668428,  
1427, 3612595.463121973, 95.18683960931284, 116.37197371007397, 90.7700844548539, 81.64687805183803, -0.934715073618, 0.0579773262168, -0.350637078467, -0.010219009102, 0.981811604316, 0.189582555851, 0.355251042228, 0.180788836145, -0.917121635183,  
1428, 2343056.0338867554, 82.39446190635995, 109.90273245708389, 81.55819008245423, 62.40480002567135, 0.26622326517, 0.917663826184, 0.294988601805, -0.511415664437, -0.124936183485, 0.850202898269, 0.817055194739, -0.377205583428, 0.436046736693,  
1430, 1303046.5305085997, 67.75745806351952, 140.91728991956703, 82.31997917149168, 26.81648061953817, 0.942323104978, 0.204096542908, 0.265276774327, 0.250553295623, 0.0953663197476, -0.963394161862, 0.221923887576, -0.974294547984, -0.0387288250842,  
1431, 4174747.7932387977, 99.88812893478053, 119.3061432218507, 97.75379134112595, 85.45652280879, 0.65260658795, 0.490799556385, -0.577252489658, 0.697395961977, -0.686924031322, 0.204387493283, 0.296215316252, 0.53595817994, 0.790572777025,  
1434, 799860.7409783243, 57.58489650173902, 124.38434643163708, 58.121429171256544, 26.413366561458357, -0.546429663996, 0.216689425022, 0.808987215837, -0.0881443876764, -0.975464026998, 0.201743646628, 0.83285364214, 0.0389310302626, 0.552122437197,  
1435, 2327538.1445006626, 82.21216135179385, 141.8331552845113, 81.18446176977695, 48.25668864599818, 0.226948715284, -0.88578923466, -0.404810711805, -0.664091363421, -0.444787218422, 0.600955066006, -0.712374158473, 0.132445317357, -0.689188868344,  
1436, 2416394.6676759333, 83.24530582133208, 128.09991929454392, 98.02826257938531, 45.93874196484738, 0.625385500247, 0.769903882609, -0.127047186604, -0.344641332449, 0.418601843326, 0.840234996136, 0.700082372331, -0.481685071709, 0.527128223153,  
1437, 2195583.1971394513, 80.62822450036587, 118.840212285485, 104.39370605330394, 42.24969271106723, -0.130594364069, -0.909581339647, 0.394470402741, -0.847459824572, -0.104081495905, -0.520556325431, 0.514545389455, -0.402279540588, -0.757241185763,  
