# Void_ID, Void_Volume, r = (a*b*c)**(1/3.0), a, b, c, vector_a, vector_b, vector_c 

19, 2500792.280123242, 84.20340819408372, 102.31801686580147, 85.2055243271401, 68.4808501774534, 0.186685054444, -0.789114911388, -0.585189154951, 0.525877572788, 0.583404311791, -0.618944413838, 0.829820142492, -0.192190180833, 0.523890699961,  
46, 3223864.1959125437, 91.64231326131949, 134.67310416678004, 83.24972000028559, 68.64746078549298, 0.103824042896, 0.409162303893, -0.906535590691, 0.571137808797, -0.770727687976, -0.282454304889, -0.814261734014, -0.488431202996, -0.313708126225,  
50, 2454649.7402765388, 83.68230619110157, 142.6736668180984, 84.76959795855583, 48.452587509396324, -0.683119441563, -0.723776983451, 0.0974407860406, -0.725868885816, 0.658211170215, -0.199680785278, -0.080387742615, 0.207135061326, 0.975004039585,  
79, 1077431.7815602885, 63.59657455044384, 114.37507996513226, 69.38950012051612, 32.40977403849202, -0.225974007658, -0.843929343123, -0.486537780321, 0.0932172224865, -0.515898751045, 0.851562697693, -0.969662981295, 0.147077335053, 0.19524845766,  
94, 781608.7214948208, 57.14351211239402, 106.44848791394666, 88.4815944575796, 19.81108907316802, -0.318867480052, -0.917142828404, -0.239107846947, 0.311570443408, -0.339687279548, 0.88743248245, -0.895124231021, 0.208474421499, 0.394069824549,  
107, 2415852.7922919844, 83.23908278239215, 134.72083861958762, 103.50043804725894, 41.36232023355708, -0.666905296122, 0.689713239666, 0.282015909185, 0.154009306111, -0.242714939405, 0.957794650132, -0.729053125386, -0.682191399256, -0.055645621081,  
143, 277833.87675953837, 40.47922569526942, 108.55747315098732, 67.35897839914482, 9.070711871338844, 0.294085969152, -0.942810921081, -0.156910834035, 0.333373501718, -0.0526756455108, 0.941322147154, -0.895754180063, -0.32913955013, 0.298817009959,  
167, 692848.3847864596, 54.89294524363454, 129.16733943040464, 72.1522720164356, 17.74789596042294, -0.387660940938, -0.918522470515, -0.0776882618523, -0.919327971787, 0.379074364744, 0.105540069561, 0.0674912969219, -0.112334754873, 0.991375724782,  
186, 180902.92720080056, 35.08479917588961, 96.11416105538979, 62.41114651280801, 7.1995846885969605, 0.297597554687, -0.600684886336, 0.742033262578, 0.303481127845, 0.796455682631, 0.523027294361, -0.905171199545, 0.069541447589, 0.419319790352,  
230, 1722060.336779917, 74.35666763809897, 131.11523673124387, 83.59028178298631, 37.510322842467545, -0.36715412044, 0.428411431013, 0.8256279414, 0.894688278742, -0.080131941436, 0.439444826849, -0.25442235697, -0.900023620656, 0.35387391333,  
309, 1073592.4261139885, 63.52094394372976, 112.49823503646637, 58.4569581314933, 38.97345503478511, -0.557361606795, -0.183768926747, -0.809677108996, -0.770539811884, 0.477684280334, 0.422002519688, -0.309219076986, -0.859096449698, 0.407844152274,  
312, 352483.3905207509, 43.82110749483744, 142.1877973245692, 86.91509984773393, 6.809143519196853, 0.781312124976, 0.574358875281, 0.244260610314, -0.303286572765, 0.00733441056398, 0.952871167159, 0.545498504256, -0.818570759805, 0.179925798724,  
319, 1084358.7423963747, 63.73257396057499, 111.94831091785449, 86.95182114828343, 26.5942745633176, -0.565466625304, 0.587432481963, -0.578939180572, 0.814844156042, 0.50647787241, -0.281973697575, -0.127579375417, 0.631191923185, 0.765062258299,  
321, 604451.2103309205, 52.45145589526488, 136.94982291965124, 90.39225655860314, 11.656815936091688, -0.154463133036, 0.164336086966, 0.974235490553, 0.963989047945, -0.190995666023, 0.185056129332, 0.216486156545, 0.967736692536, -0.128916399048,  
347, 534427.0570765407, 50.342325816382825, 145.18679019214105, 66.5987366490971, 13.194919150205385, -0.892112759429, -0.337540916951, 0.300334736332, 0.0391349566567, 0.604505359034, 0.795639193395, -0.450114740517, 0.721553463219, -0.526077294783,  
355, 805600.9651661552, 57.722321515046794, 88.20918481953265, 52.43395562895485, 41.58195822346953, 0.254195696844, 0.506722520385, 0.823782031268, 0.364078035909, -0.839239453173, 0.403886523675, 0.896008778682, 0.19725472763, -0.397817597591,  
362, 2337430.2006803625, 82.32846419744797, 96.80825642161051, 85.45045423995154, 67.45641671656664, -0.205194612102, -0.14347391483, 0.96814792616, 0.729676297236, -0.681686410857, 0.0536296420373, 0.652278830269, 0.717439107532, 0.244567893574,  
370, 2862360.5318957465, 88.08025741803297, 120.15942876122774, 88.11908412037293, 64.53686962134577, -0.652976269464, 0.332801074373, -0.680342146581, 0.135050246321, 0.935052124951, 0.327778819622, 0.745240513181, 0.122151416367, -0.655511715375,  
379, 705335.0983585634, 55.22074930147262, 140.81447843143715, 40.540439932388175, 29.4965428928421, -0.868949165851, 0.290809493914, -0.400446232866, 0.478446459582, 0.286713796023, -0.829990472526, 0.12655564974, 0.912811611133, 0.388276486668,  
386, 2058564.3792884268, 78.91482808922436, 104.62596350987718, 103.56927677015969, 45.352938420666895, -0.731529181651, -0.364704815675, 0.576068966198, -0.231526885719, 0.927581451498, 0.293237023628, 0.64129584248, -0.0811359862215, 0.762991870309,  
409, 149779.42602732888, 32.94487399981074, 123.21047448310175, 45.55550039256056, 6.370523194037618, 0.905214754385, -0.422306551699, -0.0473648058827, -0.348708121615, -0.674468284191, -0.650765072465, -0.242876294364, -0.605598637723, 0.757800366603,  
422, 820290.0070988215, 58.07103999376086, 134.9361828775963, 67.27892317384696, 21.571053667788235, -0.0997588421666, -0.215323895641, -0.971433885231, -0.994882866404, 0.00587834651734, 0.100863904236, 0.0160079837936, -0.976524994564, 0.214808471543,  
483, 685753.9185150068, 54.704942120308345, 87.65254195543751, 60.26142641902946, 30.99386705688881, 0.33438009789, 0.00410007934892, 0.942429381696, 0.891937341781, 0.321574437179, -0.317864215806, 0.304364466507, -0.946875425123, -0.103871077907,  
506, 1661312.4575518144, 73.47183794423641, 155.59539438774868, 100.25471011642507, 25.42501331618805, -0.874507515579, -0.356317380171, -0.329050953172, -0.0224582714793, -0.647962149695, 0.761341367984, -0.484491724633, 0.673188663861, 0.558645497263,  
532, 1790020.270487244, 75.32222027499428, 122.68634740458523, 82.37363002848495, 42.284860092337865, -0.857572391847, 0.053661795019, -0.511556452893, 0.514079430062, 0.0563817209807, -0.855887516632, 0.0170860272839, 0.996966154538, 0.0759378323174,  
533, 1253952.6359235994, 66.89559298193673, 124.09130831380313, 97.32619725715672, 24.786853794855013, 0.348008424221, -0.0826235796715, -0.933843391985, -0.000903116941954, -0.996137833286, 0.0877986416482, 0.937490971184, 0.0297112971403, 0.346738976424,  
539, 1131085.670986719, 64.63518017504222, 135.0143971474025, 73.28546767588665, 27.290339976981603, 0.225362738435, 0.897917287636, -0.378095465048, 0.883856798102, -0.0251552074855, 0.467080695367, -0.409888761218, 0.439444831692, 0.799299345255,  
540, 3269065.41351404, 92.06862711020412, 137.00160850126375, 91.38020139372529, 62.338625818750025, 0.317405210607, -0.179284751558, -0.931187902702, 0.470429297652, -0.822847431891, 0.318776378895, -0.823377318239, -0.53923935473, -0.176835262662,  
543, 2714336.359122454, 86.53497747474988, 121.61681118039422, 108.80478117708356, 48.970378764638895, 0.0976119932838, -0.626039610924, 0.773657743658, 0.646924607159, -0.550817744562, -0.52734084322, 0.756280669738, 0.551973022738, 0.35123401138,  
565, 2590054.605456862, 85.19356073744483, 122.3196939702211, 106.40007297452252, 47.50966841196236, -0.900687827354, 0.122502831412, 0.416838690564, 0.433770549675, 0.307848380046, 0.846801325659, 0.0245875555937, -0.943515994141, 0.330413409097,  
568, 1061782.048296693, 63.28715744552229, 142.47203653900684, 66.86656354288563, 26.607748851226187, 0.165497107989, -0.194515399504, 0.966837352714, -0.393298450881, 0.886007266724, 0.24557575582, -0.904393186497, -0.420897710457, 0.0701290350028,  
584, 1110156.9039952874, 64.23404203842061, 109.94110598895352, 83.3972565355474, 28.905726493910834, 0.599422535875, 0.156515698203, 0.784981184297, -0.656946556385, 0.656473739814, 0.370760638402, -0.457289673554, -0.737932967925, 0.496327602809,  
586, 672009.102920734, 54.33698231426263, 129.32093997046033, 72.00911051562626, 17.22781691195448, -0.30202919793, 0.536403175942, 0.788067253752, 0.942701929719, 0.290973700821, 0.163240243611, 0.141744260205, -0.792215840709, 0.593550862546,  
588, 2057139.8691926121, 78.89662107879292, 133.74440915705233, 78.65562723158803, 46.68418450706485, -0.668560726047, -0.470584390457, 0.575827132953, 0.000875942791352, 0.773818745182, 0.633406490596, -0.743657036752, 0.423975094862, -0.516932617103,  
612, 1329496.2234439822, 68.21284545715228, 95.07652778783599, 59.80738634724375, 55.81749758133477, -0.0138269479073, 0.260833269002, 0.965284839461, -0.851617715015, 0.502815657913, -0.148066477063, 0.523980994869, 0.824100976786, -0.215177826638,  
659, 174261.8246760824, 34.65010454520646, 63.56772964006094, 34.3859848387989, 19.032484286060896, 0.0835603904332, -0.918268919835, -0.387039858433, -0.939821814429, -0.201744203219, 0.275743057196, 0.331289327137, -0.34070730449, 0.879866986761,  
663, 3176691.0596171534, 91.19313035058146, 116.26498442029704, 107.65748834780783, 60.588917065570584, -0.903174653161, 0.41749608112, 0.0998627464865, 0.314033051315, 0.483980009709, 0.816790421641, -0.292675227117, -0.769064608763, 0.568226045672,  
698, 1789869.46524087, 75.32010497213469, 110.45966999673261, 76.2762932917127, 50.71535016533433, 0.283327574219, -0.286443201386, 0.915246293664, -0.833032316447, 0.399344400997, 0.38285925501, 0.475165913594, 0.87090432412, 0.125471163169,  
715, 1218267.6010960392, 66.25490390829393, 100.01289580014738, 54.955070921451565, 52.91640241820057, 0.647829536392, -0.571561221748, -0.503621545976, -0.564737423145, -0.804026454485, 0.186045971171, 0.511261708597, -0.163887858863, 0.843654096795,  
717, 1144379.3430472193, 64.88741408399761, 115.83481710742342, 65.46738322461682, 36.02610421736441, 0.418099259495, -0.801142392333, 0.428210084441, -0.535458921096, 0.163439339457, 0.828595996935, -0.733809752612, -0.575724282556, -0.360644974243,  
719, 1248670.578882606, 66.80153210894554, 141.58766434673197, 80.9349047030286, 26.013452314325427, 0.317705062632, 0.93329850902, 0.167383948572, 0.674856963219, -0.346573426015, 0.651502064137, 0.666056733599, -0.0940252808671, -0.739951129592,  
724, 588376.6514596812, 51.982313847168406, 128.8268106342749, 69.29654012617011, 15.734357532132563, 0.215928711799, 0.97512415783, 0.050076623655, 0.852871050509, -0.213330198664, 0.476551358765, -0.475379598451, 0.0601922183817, 0.877719279851,  
725, 1932133.7384450634, 77.26500877726093, 112.64649868826524, 83.73551251510914, 48.90138894897307, 0.655357355275, -0.620642172375, 0.430476515917, -0.600293606855, -0.773884747494, -0.201866250684, -0.458425918176, 0.126117768239, 0.879738589627,  
745, 667828.6529351171, 54.22407427134432, 101.54549294750178, 63.42051280048242, 24.756317139894787, -0.193076883441, 0.369113096681, 0.909107715807, -0.777672388998, -0.62253694916, 0.0875979584298, 0.598286697555, -0.690074828398, 0.407246557677,  
747, 2526062.5762507403, 84.48608098430213, 137.03497661400036, 89.96568701731486, 48.915575193467646, -0.909091440215, 0.276926396507, -0.311230660837, 0.387960130556, 0.83496622827, -0.390279815962, -0.151788307938, 0.475545127791, 0.866497051932,  
757, 2997157.160136189, 89.44175296824243, 116.83463064160674, 91.66618602587053, 66.80979746837396, 0.219016355674, -0.963220780412, 0.155684180733, -0.320743348479, 0.0796171216857, 0.943813974436, -0.921496359382, -0.256645362549, -0.291509206593,  
762, 707617.3028247216, 55.28024317951223, 75.8656373392615, 61.72226773252869, 36.07637144783254, 0.0244606038666, -0.970802754552, 0.238628771555, -0.211774976208, -0.238314732041, -0.947817201756, 0.977012302026, -0.0273514213083, -0.211421052503,  
763, 2612849.8222948597, 85.44276219524534, 107.58359866287518, 96.69132100006551, 59.964232370703506, 0.269177907323, -0.21937277846, 0.937773340568, -0.720276635684, -0.692237940966, 0.044812957677, 0.639331543331, -0.687518884946, -0.344344247149,  
764, 2943251.605456994, 88.90228566469122, 142.8594258450838, 94.49636596079075, 52.0492855674016, 0.291918289353, -0.655847587004, -0.696166398904, -0.649432321712, -0.670270938463, 0.359130239005, -0.702154806191, 0.347276275713, -0.621592966876,  
779, 2169337.280349377, 80.30566019723683, 123.48835960881213, 73.45584028025904, 57.09342774328225, -0.795680732262, 0.602104121426, 0.0660514895258, 0.5965216982, 0.797857654307, -0.087092060717, 0.105138175198, 0.0298963279449, 0.994008135626,  
780, 3275675.0962082963, 92.13063614115723, 134.77913529490866, 93.74830020182563, 61.890806473894514, 0.00121284133192, 0.255754229821, 0.966741073372, 0.789234635979, -0.59391225487, 0.156131108004, 0.61409056204, 0.762796176868, -0.202570417804,  
785, 936762.6103039887, 60.698829023883775, 131.23466337856587, 59.975841010508326, 28.41293060432135, -0.371964681635, 0.291182140764, 0.881393916768, 0.928231265583, 0.12218775396, 0.351364298665, 0.00538453437085, -0.94883250033, 0.315733896038,  
788, 1865201.0555827043, 76.36230241541017, 122.16398556364696, 92.75606909362713, 39.29628680535589, -0.384321295208, -0.903668227509, 0.18889382372, 0.122953492306, 0.152683302599, 0.980596883453, 0.914975180417, -0.400089419627, -0.0524297198468,  
795, 1003420.4197411574, 62.105697237803845, 123.33188656797255, 62.76205922664854, 30.947228833606058, 0.411285288274, 0.0848881652936, -0.907545266663, -0.801014270885, 0.508811946969, -0.315414870387, -0.43499488444, -0.856682205964, -0.277263500116,  
812, 2292072.7614185447, 81.79245874224951, 137.5013855538635, 84.69408389464492, 46.98720819312979, 0.723863562608, -0.4684246993, 0.506556851513, 0.27181015674, 0.868437668029, 0.414650763224, -0.63414570993, -0.162463281498, 0.755952975219,  
814, 2703239.9883532766, 86.41689635140612, 114.58300319646392, 88.17275977532488, 63.87653634491459, 0.0663691045633, -0.807656558287, 0.585906157858, 0.762942065342, -0.337357211157, -0.55146125613, 0.643050967569, 0.483612443943, 0.593805066644,  
816, 1159136.167222345, 65.16513248035955, 98.19369154254196, 62.435717651191304, 45.136632243251924, 0.0760029269107, 0.968487710119, 0.237181598041, -0.466507267071, -0.175691588425, 0.866892978128, 0.88124600701, -0.176533342758, 0.438453479885,  
817, 1704808.8263414062, 74.10753343567698, 113.4328194094102, 87.8529451363343, 40.84059155639653, -0.846561540767, 0.523793810577, 0.0947290963498, 0.386388066739, 0.482301459339, 0.786186723496, -0.366111758313, -0.702157636376, 0.610685544371,  
820, 1996235.530755057, 78.11019535607306, 123.10837791061044, 104.69873732290235, 36.97380265375133, 0.247445036498, 0.960512735752, -0.127225148344, 0.301873555648, -0.201199877428, -0.931874973225, -0.920675464164, 0.192181928863, -0.3397393058,  
824, 2198939.104573927, 80.66928316093549, 120.9967352721233, 98.20118568165532, 44.180864482243685, -0.984918010889, 0.16441720717, 0.0538840775422, -0.117192477018, -0.863049511636, 0.491336405933, 0.127288786452, 0.47761126709, 0.869301468072,  
830, 641147.4238226926, 53.49211432125001, 77.01693784008411, 48.87404161078221, 40.663503196187676, -0.98827248657, -0.116804052395, -0.0983580481359, -0.151936171455, 0.687793190352, 0.709828096872, 0.0152608024945, -0.716447723599, 0.697473847006,  
831, 3485487.0188952475, 94.05710775381507, 131.0376194506165, 96.81542754184096, 65.58949663859264, -0.929209720228, 0.133099423791, 0.344751851657, 0.317231110815, -0.191240200277, 0.928865764322, -0.189561911167, -0.972477109851, -0.135478974938,  
832, 930835.6398875414, 60.57054266763571, 116.30785196660538, 57.635166841496556, 33.15032604568985, 0.559943494686, 0.16327257126, -0.812284032979, 0.614813923572, -0.739077329266, 0.275260859453, 0.55539816541, 0.653534060963, 0.514223792741,  
835, 1448374.0069642118, 70.18818912487734, 118.36972072116396, 68.42922733815152, 42.68839767753092, 0.440900389435, -0.704135290045, 0.55659710735, -0.810067399042, -0.0451242489504, 0.584597820015, 0.386519929118, 0.708630577572, 0.590292341915,  
841, 3274869.3751417473, 92.1230817002824, 106.95295210928127, 100.32015991824217, 72.86590788164585, -0.939816113995, -0.332555170358, -0.0784393430914, -0.341125095066, 0.926314574244, 0.159921790445, -0.0194766884342, -0.177054704008, 0.984008277605,  
845, 1093592.7435554273, 63.91297059962627, 105.5089834469748, 70.96568085300774, 34.86817347517875, -0.906634313747, -0.418752031364, 0.0515844682618, -0.0424736394714, 0.212225440523, 0.976297266382, -0.419774000014, 0.882953622012, -0.210196789436,  
857, 680574.9585051339, 54.56687950765425, 116.12057568463415, 77.11688826086025, 18.14381791271351, 0.899934471676, 0.417669833773, 0.125179297991, -0.279611915592, 0.3325219615, 0.900692134849, 0.334567068536, -0.845565523822, 0.416033438049,  
858, 721059.7163763971, 55.628097609885764, 112.21963421805012, 43.05592691355263, 35.62712947699298, -0.737431059893, -0.450787366463, 0.502977317722, -0.597711797263, 0.782342546228, -0.175159206938, 0.314540997834, 0.42980331618, 0.846364620056,  
860, 3363050.7821302824, 92.94262595095663, 121.20817752532247, 86.47822578805264, 76.5960058631059, -0.0557258235268, 0.736007816657, 0.674675571228, 0.973783709111, -0.109195756809, 0.199553437868, -0.220544599713, -0.668108359859, 0.710627398166,  
863, 3056031.266700078, 90.02360382991326, 115.42994144058486, 88.47851164220482, 71.43530447860206, 0.478566735992, -0.37937390618, -0.791864457159, -0.822629110688, 0.12160903143, -0.555421092257, -0.307010139003, -0.917216813401, 0.253885981821,  
866, 1629821.2805392076, 73.00463908288282, 117.69540863038905, 98.53746114707081, 33.549842473186935, 0.915612272683, -0.213634978728, -0.340608663978, 0.135249846061, -0.634127197204, 0.761308200998, 0.378631278757, 0.743130401497, 0.551720546216,  
867, 1148858.9793099286, 64.97197041639645, 117.2562617868779, 89.78532052154064, 26.051739799220393, -0.138456276326, -0.67061476667, 0.728769987218, 0.933237677588, -0.334660167251, -0.13065224677, 0.331507611793, 0.662025986786, 0.672178767995,  
873, 2190298.5144688017, 80.56348287066578, 122.1753660386231, 88.08434306228494, 48.588370087291196, -0.440698935398, 0.206534445415, -0.873571961086, -0.870676433595, -0.335143636437, 0.360001792966, 0.218419313069, -0.919250926468, -0.327522118132,  
874, 2739731.0096773934, 86.80400673980579, 113.77624312841589, 84.39490695683067, 68.11636876182119, 0.384952613529, -0.328484191275, 0.862501954444, -0.816054742038, 0.315389875081, 0.484338605414, 0.431121958771, 0.890296221928, 0.146650925281,  
875, 2415492.065395894, 83.23493958422571, 141.9230937520562, 70.21016291976558, 57.87139555954267, 0.482187290584, 0.559221095749, -0.67436428054, 0.696611894859, 0.222041155436, 0.682224005172, -0.531250679754, 0.798729923918, 0.282494644017,  
901, 1005118.5960943436, 62.14071313062962, 104.51535318537367, 73.37622330671063, 31.289112989765336, 0.606438877335, -0.416598841365, -0.677257184111, -0.375078142131, -0.900917570199, 0.218320679282, -0.701105038744, 0.121626218719, -0.702608559276,  
905, 1837563.65455275, 75.98326087382182, 141.22447568837168, 74.75170388277084, 41.554945357723255, 0.287959812376, 0.936864212616, -0.198405124872, -0.356183907279, 0.297096534502, 0.885927013576, 0.888938789036, -0.184442664007, 0.419247818172,  
911, 917223.7560468358, 60.27384473512656, 142.9947291403278, 67.50633285035873, 22.684130612363973, 0.473869473738, 0.0876478325684, 0.876222334402, 0.644513602482, 0.643500339718, -0.412927994932, 0.600041613619, -0.760411184971, -0.248444947014,  
915, 1496990.2228599817, 70.96487653685472, 98.50628668814956, 76.32862456468243, 47.53122091181749, 0.631001235479, 0.63322842049, -0.448173190081, -0.150919899369, 0.666865737, 0.729735070275, 0.760960330634, -0.392825478169, 0.516359873444,  
943, 1458043.3383440876, 70.34403472868958, 122.1375237290997, 90.83365253176008, 31.37515897060178, -0.78833870724, -0.609533909199, -0.0836091873167, -0.0222871338099, -0.10751468687, 0.993953658766, 0.614837674784, -0.785435551553, -0.0711732254604,  
946, 1005371.0339064081, 62.145914955455666, 98.005986192355, 64.4122327576444, 38.02041057342136, -0.960800174974, -0.275473574278, 0.0312623358805, -0.0828523740008, 0.392908109815, 0.915837704707, -0.264572311273, 0.877346868186, -0.400329820263,  
955, 1533163.0140478392, 71.53192428218247, 95.86306445017368, 68.78126529275093, 55.510898356760286, 0.597565155291, -0.692182663525, -0.404720947687, -0.396840045199, -0.693907614728, 0.600841244215, -0.696730840216, -0.198432312232, -0.689340811032,  
957, 1477397.8161500895, 70.65392307290554, 91.56355782328573, 67.51665241855528, 57.05257924215545, 0.0902380131169, -0.162788158937, 0.982525885816, -0.936861166911, -0.348554999376, 0.0282942811307, 0.337858335584, -0.923043567617, -0.183962815147,  
964, 2731006.9461378553, 86.71177275856019, 126.7366746891978, 106.20794460298708, 48.43673751469428, 0.855850658059, -0.0741246634875, 0.511883956931, -0.272941540154, -0.905384400034, 0.325241454667, -0.439343335853, 0.41807250859, 0.795105534381,  
967, 2067302.302189486, 79.02632623575647, 136.22176595003265, 87.12874530224944, 41.582195206453605, -0.479563974079, 0.51598864697, 0.709770463575, 0.85923485653, 0.111917831632, 0.499189202894, -0.178139990143, -0.849252680397, 0.497027191159,  
971, 1227347.5931468839, 66.41910033448816, 170.4972343583109, 70.8009967189979, 24.272932919374895, -0.25222085704, 0.963134452099, 0.0935770615791, 0.288600696296, -0.0174319893211, 0.957290846006, 0.923631028805, 0.268455122745, -0.273564562216,  
973, 1759740.0122853497, 74.89508187643146, 111.42128613060792, 89.54999597412501, 42.10427192096487, -0.374274328577, 0.722522563468, -0.581274351962, 0.927163947922, 0.302994895861, -0.220365847525, -0.0169038646847, 0.621413902615, 0.783300083618,  
974, 2273682.223398098, 81.57311602917721, 115.20120457479656, 89.64432377206388, 52.56072430256736, 0.863633348182, -0.363679663292, 0.349105345729, -0.288809513658, 0.210657939137, 0.933923068298, -0.413190639692, -0.907392051534, 0.0768970746155,  
981, 894279.1409086132, 59.76700553351392, 116.53242046773799, 77.55238580386876, 23.62340858988376, 0.81349464268, -0.50168531049, -0.294173954607, 0.340439589725, 0.000685635696131, 0.940266140862, -0.471516014658, -0.865049928699, 0.17135130224,  
984, 2176468.474070541, 80.39355936903769, 124.55772444336813, 81.20902628639297, 51.36754414358718, -0.911253785585, -0.321119460166, 0.257873671709, -0.0580814688403, 0.720086008791, 0.691449696595, -0.407729176335, 0.615108471935, -0.674832191377,  
994, 1059545.02294743, 63.242680483909, 96.46689219286773, 55.07845321180015, 47.60699659495956, 0.843866317693, -0.0194600636234, -0.536200469775, 0.359254958146, 0.7627614293, 0.537708914766, 0.398529187025, -0.646387119222, 0.650659802964,  
996, 1358027.7749715399, 68.69735472895148, 138.69934987671834, 90.1183276655281, 25.93776157485596, -0.98571113386, 0.165926415822, -0.029016979798, -0.114400243254, -0.533003745492, 0.838343361419, 0.123637150273, 0.829683934896, 0.544369748653,  
1022, 1946462.740320915, 77.45554161858861, 101.70973168353868, 90.6942771205442, 50.37500395355882, -0.162508907521, -0.658000904633, 0.735272510351, -0.278712239252, -0.684220816834, -0.673914951238, 0.946525405189, -0.314446630308, -0.0722009281137,  
1023, 1232327.646427303, 66.50881256995334, 121.92202750867138, 76.4268306426137, 31.57254246766349, -0.509641952501, -0.819855458181, 0.260963805807, 0.0111708337109, 0.296979148126, 0.954818620499, -0.86031406633, 0.489530809315, -0.142194563913,  
1024, 352735.49813126895, 43.83155243320686, 118.15639140604684, 64.8652911727338, 10.987299621497485, -0.216776937407, 0.0803409994481, -0.972909596631, 0.975891181871, -0.00807607315313, -0.218108180012, 0.0253803182437, 0.996734719396, 0.0766533664997,  
1029, 1031709.893587357, 62.6839461201064, 113.59704765267128, 53.56808711541799, 40.47583373992237, 0.493316482506, 0.628781927973, 0.601059177738, 0.626739201358, 0.222226132221, -0.746869144924, 0.603188877193, -0.74515020849, 0.284454469498,  
1032, 2746601.401349805, 86.87650530585843, 107.14913763908089, 84.00114261540863, 72.85060358743077, 0.167425139905, 0.678971133784, -0.714819573051, 0.27708827943, 0.663421127716, 0.695049992952, 0.946145289018, -0.31443696791, -0.0770615681192,  
1041, 2217155.0307444935, 80.89142461834813, 128.67369805225093, 82.05475002330088, 50.13187438025972, -0.223281101842, 0.510143479612, -0.830601697427, -0.167772567449, 0.819284529954, 0.548293009794, 0.96020722512, 0.261775646664, -0.0973426712279,  
1042, 157911.50276311356, 33.5306304398882, 97.80247624788842, 37.2272592718599, 10.354144997716547, 0.241211482544, -0.961817173992, 0.12932418375, -0.897360297594, -0.271793298446, -0.347667800093, -0.369542307444, 0.0321889225228, 0.928656209949,  
1044, 3197788.1001511407, 91.39456236091942, 142.02981443920865, 108.09441194654043, 49.725402808173456, -0.33148883428, 0.916903399781, 0.222268549771, -0.527114700258, 0.0153984200968, -0.849654624792, -0.782473798615, -0.398812041102, 0.478208856413,  
1049, 1249694.174979103, 66.81978061338597, 104.07610435929246, 80.21650492451194, 35.73554193895678, -0.386677832272, -0.628856063295, 0.67455192957, 0.060656338623, 0.7125213147, 0.699023736852, 0.920217942997, -0.311212833531, 0.237372091096,  
1057, 1041830.7240887088, 62.88825107943853, 128.06258635902324, 89.67391000357084, 21.658091114784003, 0.679857274696, -0.416689060872, -0.603460282531, -0.622872882568, -0.762438053732, -0.175264332888, 0.387070353043, -0.495033777404, 0.777893373815,  
1059, 1573538.723731569, 72.15442031273227, 134.14824764304782, 90.83955249496483, 30.826827752359517, -0.874128032475, 0.356157960263, 0.330229753631, 0.473697700694, 0.775348351112, 0.417666640737, 0.107287796131, -0.521523193893, 0.846464935501,  
1068, 2220648.059702589, 80.93388260762312, 104.88812618099603, 82.61053015130058, 61.182805762776965, 0.0594569503051, -0.225518809658, 0.9724228183, -0.858514075086, -0.508594927859, -0.06545824803, 0.5093313793, -0.830946728645, -0.223850575639,  
1083, 1869189.6591605057, 76.41669549763887, 103.57433449742094, 82.15266327134596, 52.44341469847219, 0.839036212095, -0.07327483186, -0.539118756685, 0.379785380019, 0.788414999568, 0.483905831314, -0.389591195893, 0.6107639376, -0.68933744466,  
1084, 3238506.8722109306, 91.78084910466403, 133.5152378965784, 101.92013003995586, 56.815313924624725, -0.220473386401, 0.906240419047, -0.360721206439, 0.495294695775, 0.42261102302, 0.759001375202, 0.840282482398, -0.0113236967286, -0.542030556027,  
1085, 1178582.3797166094, 65.52752702392428, 122.40981104987962, 98.5175961390185, 23.331426930407687, 0.423130537095, 0.183009576907, 0.887393961743, -0.679386997085, 0.712089758599, 0.177091738626, -0.59949466784, -0.67781684138, 0.425641248909,  
1091, 1833334.3051755899, 75.92492155771187, 129.563421004007, 78.87040145951335, 42.83084056509965, -0.0771238006211, -0.0444075283545, 0.99603207318, -0.281969470581, -0.957252032703, -0.064511731846, 0.95631853325, -0.285826026301, 0.0613053476544,  
1092, 1103747.357967249, 64.11018388721405, 134.4482042520862, 66.22599965644403, 29.59358227058986, -0.95964603941, -0.275842238431, 0.0546858166453, -0.250972464799, 0.752381751873, -0.609043940419, -0.126855433298, 0.598191239443, 0.791248974784,  
1098, 2211446.870150537, 80.8219454793517, 137.002061453593, 65.72555346974292, 58.630898100062836, -0.205554463576, -0.842941052366, -0.497189847784, -0.387736821467, -0.396316339967, 0.832222035249, -0.898558578938, 0.363845765277, -0.24537469166,  
1103, 1720197.0269947117, 74.32983940512312, 108.7909915994102, 81.25979926217337, 46.45376333686245, -0.363181430277, -0.226988706881, 0.903645602905, 0.198213802863, 0.928845228204, 0.312982156675, 0.910390321267, -0.292784338705, 0.292347043688,  
1107, 1848979.4629389548, 76.14028405413491, 121.08995552736921, 76.94492094442148, 47.37567389063748, -0.579165810438, -0.341976656084, -0.740012790912, -0.107409931905, -0.86783224459, 0.485108546388, -0.808102759894, 0.360443007899, 0.465887075919,  
1108, 3457219.800435556, 93.80215028992295, 103.7019907743924, 95.46732640083528, 83.36745207806554, -0.454092770629, 0.846167647997, 0.278926633983, -0.815530056211, -0.268694639088, -0.51255625871, -0.358762432649, -0.460221145111, 0.812087442652,  
1109, 4237175.537113912, 100.38356513747483, 111.56779706393871, 97.88042144195128, 92.63031873685654, -0.905795670925, 0.257005033778, -0.336871808181, 0.366072817682, 0.875022353181, -0.316743703311, -0.213365636147, 0.41022468727, 0.886674016347,  
1110, 2875970.3876803606, 88.21963709550147, 125.48762998872789, 95.57577993182436, 57.24624869217959, -0.758473742009, 0.293300854255, 0.581972672534, -0.0993788092371, -0.934611523412, 0.341504249725, 0.644081854237, 0.201186254996, 0.738026189131,  
1111, 3427814.324187665, 93.53544713130543, 100.06720251989846, 94.71200564485027, 86.34394506340634, -0.425039170736, -0.905086371637, -0.0126634599056, 0.0986334126411, -0.0602171055504, 0.993300231607, 0.899785059473, -0.420942466468, -0.114866386177,  
1112, 3106906.0322676245, 90.52040804822892, 103.89015524177883, 100.85502565618472, 70.78929213469445, -0.542498530734, -0.321767374464, 0.775990399993, -0.0193405607666, 0.928274853054, 0.371391626045, 0.839834082936, -0.186471321971, 0.509810905358,  
1113, 3707918.6902574105, 96.01679329358244, 106.57533584339681, 100.69898387124759, 82.48211616016206, -0.58327836972, -0.203052217675, -0.786483401169, 0.80883695913, -0.234148380053, -0.5394045881, 0.0746265164846, 0.950759871374, -0.300809823679,  
1114, 3310785.4193793894, 92.45863443892125, 109.30323617362949, 91.51215325246463, 79.01883635448064, 0.888295142805, -0.0556714811658, 0.455886417273, -0.31137141583, -0.802673624335, 0.508687422885, 0.337608620555, -0.593814566158, -0.730345589666,  
1115, 2879754.342285917, 88.25831074422248, 103.42969012180043, 89.62771775013422, 74.1616307740274, -0.0147692536369, 0.614222966045, 0.788994307413, -0.993642794056, -0.0970915079166, 0.0569845322052, 0.111605855434, -0.783136889102, 0.611752193261,  
1116, 2654322.713124818, 85.89245934776271, 118.89680884139257, 89.71267620184884, 59.40747629665514, 0.157340540502, -0.918783876121, 0.362049918236, -0.15646426199, 0.338792658187, 0.927759920173, 0.975070709761, 0.202622120556, 0.0904510211481,  
1117, 252211.23498318394, 39.194513047070394, 94.48616867017644, 58.40566885721786, 10.910699093527079, 0.143219580784, -0.958715832053, -0.245666654334, 0.665588030289, 0.277009960941, -0.693006533502, 0.732448445705, -0.064260679357, 0.677783032742,  
1118, 2494039.0865208483, 84.12754496346159, 98.0984798625149, 89.28767694530042, 67.97682009700793, -0.299564263853, 0.234896968244, 0.924707881513, 0.198424722233, 0.963364191308, -0.180435762842, 0.933214274124, -0.129432798067, 0.335198850468,  
1119, 2883186.7512588394, 88.29336215287506, 106.91468342485287, 94.48745883875057, 68.13537348305502, -0.134499817618, -0.359366264957, 0.923453131822, 0.980192520416, -0.184965709812, 0.0707835370241, 0.145369948685, 0.914682225587, 0.377125979236,  
1120, 3005441.8096078252, 89.52408786478796, 101.55048629189818, 85.66322854026382, 82.47897755149015, -0.667700976133, 0.646570455715, -0.368947221521, 0.683343494583, 0.728956215357, 0.0407983394769, -0.295325371214, 0.224876592577, 0.928554491254,  
1121, 2891731.870447076, 88.38050336452908, 122.23004405464093, 83.97741399443221, 67.25567674931102, 0.788921488069, -0.421127820461, 0.447497759209, -0.493727302852, -0.000856521825535, 0.869616361845, 0.365836351503, 0.907000895922, 0.208598031425,  
1122, 2463690.048987944, 83.78491241838464, 132.414772529954, 100.5794295877045, 44.16231721856355, 0.688323529329, 0.0427020054036, -0.724145881509, 0.185387753718, 0.954760063861, 0.232517958935, -0.701314551213, 0.294295360464, -0.649267387959,  
1123, 2742385.2639796166, 86.83202963008881, 104.56988696825324, 85.90756923936826, 72.87889646259643, 0.608109787084, -0.195234670244, -0.769471188796, 0.716526191442, 0.552259502793, 0.426145114431, -0.341749475246, 0.810489275135, -0.475725163366,  
1124, 4385944.34161159, 101.54491231972182, 110.31154118070829, 105.70439102135006, 89.79673086355857, 0.219655640493, -0.391819276591, 0.893436653653, 0.974137452973, 0.0383492125527, -0.222678154772, 0.0529870013821, 0.919242618892, 0.39010945297,  
1125, 3483586.428313937, 94.04000860769402, 101.72776321170332, 94.72311105855741, 86.30630660909326, -0.855498775382, 0.354278726614, -0.377635312422, 0.0513758303513, 0.783777122323, 0.618913521082, 0.515249812591, 0.510078431608, -0.688721732076,  
1126, 2388318.6267969147, 82.92164050265706, 103.69836144421872, 86.79247436380946, 63.35044830518761, -0.836956350278, 0.365831516177, -0.407027480032, -0.259367006878, 0.389759162472, 0.883638246689, -0.481905409259, -0.845136141128, 0.231326780738,  
1127, 2864268.3779986775, 88.09982241837743, 129.02077023936207, 77.47639384598008, 68.40629525871677, 0.593034483681, 0.351432021906, -0.724434700401, 0.334636728415, 0.710761157769, 0.61873810017, 0.732344427958, -0.60935548786, 0.303903814147,  
1128, 3530259.080626627, 94.45812556872858, 108.48558050276563, 95.14446857743171, 81.65116911760758, -0.2396207158, -0.702414681765, -0.67022050655, 0.485571427853, -0.684495104606, 0.54377094463, -0.840715350765, -0.195141145358, 0.505091706897,  
1129, 3062202.2840749873, 90.08415771645909, 106.06650879941499, 87.99980202517109, 78.32227566799041, -0.790343051754, -0.611532082198, 0.0372340299522, -0.592666305652, 0.778532714021, 0.206478723707, 0.155256274231, -0.141121669641, 0.977742381034,  
1130, 3765870.0360380453, 96.51442765000165, 101.94353120914204, 96.73238184767189, 91.1685744718411, 0.667151626388, -0.217735456718, 0.712390327205, 0.650284943078, 0.636724133625, -0.414381310469, 0.363370610002, -0.7397118686, -0.566381630386,  
1131, 1778608.4047331961, 75.16181236686691, 98.37696875491703, 67.53666996367619, 63.90850395268149, -0.171656599934, -0.710142074857, -0.682812013088, 0.244971672646, -0.702098470396, 0.668615448123, -0.954213231568, -0.0524973464611, 0.294484528141,  
1132, 558090.3895234433, 51.07463968801473, 102.6720500018613, 72.9597693294359, 17.786080307307476, -0.888788629616, 0.389588237904, 0.241403762919, 0.454432676344, 0.680669986981, 0.574612314081, -0.0595459027568, -0.620410649256, 0.782013370573,  
1133, 3175202.586075915, 91.17888494393652, 96.5465484224376, 91.92802829491673, 85.40791754060714, -0.638759674297, 0.749246843885, -0.174972127556, 0.760448177, 0.649382362693, 0.00459533683227, -0.117066855216, 0.130121919567, 0.984562663043,  
1134, 3224892.9191129548, 91.65205979966433, 98.81761377110422, 94.49890684911928, 82.44523159100105, -0.742934921419, 0.0738069396585, 0.665282074157, 0.656122092961, -0.116416882192, 0.745621156264, -0.13248208054, -0.990454262043, -0.0380638034993,  
1135, 3693483.111436116, 95.89202782750455, 106.05358313307072, 92.06281403186773, 90.31043131551652, -0.0476835977962, -0.814015309183, -0.578882847316, -0.0659637624728, -0.575710740768, 0.814988297465, -0.996682023788, 0.0770468648248, -0.0262435530945,  
1136, 3376675.8058778406, 93.06797237539318, 101.75463501565568, 92.42723290851987, 85.7129819870617, 0.384752935234, -0.046573004007, -0.921843877306, -0.765885825033, 0.541299080702, -0.347007504595, -0.515154425238, -0.839539314463, -0.172596806541,  
1137, 3355455.6901229327, 92.87260620649778, 104.57798836591287, 101.64808409898464, 75.3569683042599, 0.82905442044, -0.149560095777, 0.538795458128, -0.549137470672, -0.399457983675, 0.734085388482, -0.105436266308, 0.904469511388, 0.413301459854,  
1138, 3526740.484698245, 94.42673311751713, 126.82103510510909, 89.2822876239403, 74.35810117979968, 0.289441295202, -0.128098215199, -0.948585570149, 0.902210074183, 0.367554736497, 0.225655706157, -0.319751026072, 0.921137537473, -0.221957019227,  
1139, 3284566.842728076, 92.21392300769574, 124.04539161441791, 98.55649881547485, 64.13920811330863, 0.518170861861, -0.705098316083, -0.484081937874, -0.662560199413, 0.0269845973977, -0.748522420277, -0.540844654289, -0.708595932927, 0.453187448819,  
1140, 4403023.230230096, 101.67654706614911, 118.09614004631258, 108.31514197028156, 82.17457965051629, -0.0247282066809, 0.362251481011, 0.931752317035, 0.862832374571, -0.46298171944, 0.202899533901, 0.504884946485, 0.808963405829, -0.301113597904,  
1141, 3620586.5611289693, 95.25697267633956, 104.24859510291131, 93.33107166583785, 88.83699551725238, 0.633092300416, 0.70446913193, -0.320807389742, 0.583241806794, -0.16163310948, 0.796055106589, -0.508943153959, 0.691084640314, 0.513204526442,  
1142, 1560657.694043665, 71.9569946191968, 80.30987412179717, 70.18566342766461, 66.100035672318, -0.832524406168, -0.36837355547, 0.413768095392, -0.113902293555, 0.844751867702, 0.52289630859, -0.542152543715, 0.388194803731, -0.745235139871,  
1143, 1990520.9080186507, 78.03558877591833, 117.40397159248641, 75.40988662582326, 53.67438263518296, 0.127390895791, -0.470318077655, -0.873253952468, 0.302441112444, 0.856917331585, -0.417399161873, 0.944616818172, -0.210935043697, 0.251406989098,  
1144, 2390863.8432014813, 82.9510864050141, 115.38725104577381, 77.17478738347148, 64.09630088864165, -0.610636177397, 0.375093410675, 0.697444185668, 0.736352717639, 0.593003838658, 0.325777719562, 0.291390003398, -0.712496582872, 0.638310649539,  
1145, 3396068.976666573, 93.24580395271906, 108.22221863426996, 92.42114163054866, 81.05879275827766, -0.996130981941, 0.0807475824576, 0.0346827730307, -0.0529188397465, -0.866228150287, 0.496838392287, 0.0701616933785, 0.493080743467, 0.867149766306,  
1146, 3824899.0756661254, 97.01609511075758, 106.09812353574642, 96.67895635665123, 89.02084542234813, -0.625866201129, 0.743595089298, 0.23528247163, 0.749862540633, 0.656659666409, -0.0806489470964, 0.21447067035, -0.125954061799, 0.968575193713,  
1147, 972573.1159243039, 61.462640925539894, 142.19064271349527, 65.15665153411886, 25.061316230864563, -0.591755755813, 0.222032012806, 0.77493671403, -0.145319460246, -0.974952993524, 0.168371360072, 0.792910701111, -0.0129786635717, 0.609199617823,  
1148, 2318689.592233086, 82.10784764232692, 116.48635570705189, 100.15939799743943, 47.44464913258225, 0.526738584753, 0.550244664576, 0.647902209008, -0.826036506943, 0.511157109664, 0.237449149162, -0.200524693067, -0.66026450635, 0.723768353221,  
1149, 2928792.4828468286, 88.75646510451361, 101.823846592888, 88.88894651127656, 77.25075515077023, -0.708690564339, 0.136255713715, -0.692237000236, -0.682957227239, -0.378639551306, 0.624661120888, 0.17699466031, -0.915459704557, -0.36139510173,  
1150, 2806741.3063082574, 87.50601882162262, 124.02357751444856, 95.77112893906504, 56.41244399228013, 0.55079617875, -0.829773328961, 0.0899988445436, -0.729175212544, -0.425925414652, 0.535622115456, 0.406112150627, 0.360643541046, 0.839648234331,  
1151, 1872762.4570514946, 76.465352525604, 124.3713362777097, 66.47703310528283, 54.075700775349034, -0.541343034542, 0.840788278079, -0.00477392904551, -0.229678711577, -0.14241239819, 0.962790942152, 0.808823471718, 0.522296640126, 0.270205128211,  
1152, 3108846.143017895, 90.53924598242466, 117.03274406392323, 91.45824857528694, 69.33944346473474, 0.532686501033, 0.826451988639, 0.182269586306, 0.63179493494, -0.531629571947, 0.564096763344, -0.563098793997, 0.185329729688, 0.80534007692,  
1153, 3535887.410479507, 94.50829744865078, 99.21748625146299, 95.03268604494352, 89.52587910501711, 0.3018639483, 0.47935764017, 0.82407184731, 0.599952899664, 0.576251290051, -0.554969340504, -0.740901258537, 0.661929530634, -0.113642516568,  
