# Void_ID, Void_Volume, r = (a*b*c)**(1/3.0), a, b, c, vector_a, vector_b, vector_c 

28, 465763.80016413727, 48.08678118493503, 119.14344861422128, 74.35257441434982, 12.55194262087135, 0.796150736806, -0.291573933035, 0.530215659763, -0.489091448736, -0.826013693813, 0.280162332242, -0.356277362538, 0.482375392416, 0.800237728263,  
36, 833497.3200214168, 58.3810452304276, 135.5584474298279, 78.29754476368075, 18.747392351419794, 0.781642810196, -0.585406475898, 0.215252817044, -0.51884803382, -0.801798140259, -0.296507099542, -0.346166484613, -0.120079141631, 0.930456750567,  
38, 2148839.3476616694, 80.05192494313255, 104.31675179395133, 91.9194831463607, 53.49999103493364, -0.283375003564, -0.954525018671, -0.0926315069889, 0.130061650623, -0.133950286328, 0.982416046199, 0.950148711725, -0.266344343894, -0.162105262355,  
59, 2146365.575248073, 80.0211942009582, 115.82518983066957, 72.68412793425328, 60.86568024692691, -0.884715507833, 0.00722481508414, -0.466075393307, -0.434545894611, -0.374582944815, 0.81905890077, 0.168666344229, -0.927165260081, -0.334538853982,  
78, 1639348.8950251043, 73.14661969568333, 125.51331774112874, 82.44694876789723, 37.819726658721, 0.0745361253743, -0.407925255714, 0.909967775124, -0.981618587163, -0.190784503174, -0.00512080898708, 0.175696657197, -0.892859596521, -0.41464735083,  
111, 1379707.685185806, 69.06099396885706, 140.1992846467127, 63.12710990587286, 37.216606411028955, -0.442411811466, 0.86658843015, -0.230859874827, 0.264083323632, 0.37189504494, 0.889918015172, 0.857048299254, 0.332743998111, -0.393382313362,  
135, 166354.72454373408, 34.11789094985583, 111.0391215383536, 36.6326059324365, 9.763436337035756, -0.77073729145, 0.573532482331, -0.277532915668, 0.588554037311, 0.474007000226, -0.654920994396, 0.244065918827, 0.668115151338, 0.702889729488,  
171, 1025282.0785854895, 62.55349585610959, 133.0317749227076, 73.35421896756532, 25.082699433667074, 0.199438651892, 0.737719066646, 0.644976590922, -0.364011011836, -0.555325774334, 0.747736094904, 0.909791298812, -0.383906060211, 0.157784440106,  
195, 435852.31085192796, 47.0345414704985, 107.04333864019686, 43.976314793855856, 22.10407089040792, -0.748806124511, 0.227898970685, 0.622375647865, -0.141423703532, -0.972338756144, 0.185894269359, 0.647525075942, 0.0511800982984, 0.760323532165,  
214, 1611728.0834931084, 72.73348347035835, 103.58908726237796, 86.81375572020448, 42.78589416582263, -0.935323517801, -0.353531104432, 0.0136262704895, -0.110159866948, 0.327613516088, 0.938367831818, 0.336206366332, -0.876176433303, 0.345369565773,  
221, 839339.8482065214, 58.51713805366437, 85.70013956061555, 75.68562747461762, 30.89258766327702, 0.469463872931, 0.277451654411, 0.838226849652, -0.232197785016, -0.877135894985, 0.420376986006, -0.851873148213, 0.391986225771, 0.347359954743,  
247, 1355804.343618727, 68.6598426615614, 132.7884520608957, 65.64386150088197, 37.13248231121404, -0.533222889644, 0.690500086688, 0.488756565423, 0.178446603945, -0.472939415094, 0.862835511086, 0.826940239376, 0.547300593764, 0.12896472605,  
257, 3610198.3442112776, 95.16578137365306, 126.62610136394949, 85.24132772224215, 79.84891365380695, 0.015782351295, 0.20065071002, 0.979535711425, 0.63800805302, -0.756321930426, 0.144647370657, 0.769867937811, 0.622668796492, -0.139953307235,  
259, 559172.6419441246, 51.107633125171205, 123.26217547067107, 74.26070199718302, 14.583723675235223, -0.854435084596, -0.491007829516, 0.169858757695, -0.10211164486, 0.479252126965, 0.871717047432, -0.50942506632, 0.727481072024, -0.459627448757,  
271, 388520.0223322394, 45.2662931778584, 128.49985422415605, 104.70914887301927, 6.893464307813155, 0.425915638019, -0.0468787597851, 0.90354759209, -0.744599598509, 0.549149205644, 0.379481999363, -0.513972087948, -0.83440849218, 0.198985328575,  
274, 689508.0970179026, 54.80458840065944, 99.60726509750516, 82.07161953231667, 20.135700452222604, -0.886070847324, -0.386403938095, 0.256067276605, -0.108287640855, 0.709663333509, 0.696169332786, 0.450724128887, -0.589126429299, 0.67065476211,  
282, 724800.4658757049, 55.724128474469126, 145.37316307340595, 69.66483437593448, 17.085669668264746, -0.53708515462, 0.665586494103, -0.518202813148, 0.826155583032, 0.539095752195, -0.163837488354, -0.170312915867, 0.51611082999, 0.839418323517,  
308, 105331.16950095115, 29.296973999598386, 125.15229872849784, 93.89696175451095, 2.139823368775145, 0.548863908508, 0.811867307354, 0.199047444562, 0.192643571708, -0.354562785514, 0.91497195881, -0.813410636897, 0.463849874828, 0.35100773411,  
347, 1082319.9060045823, 63.69260508000103, 91.08839816838854, 65.5316645422016, 43.28652998127087, -0.624276099543, 0.537988496621, 0.566434223051, 0.776438597612, 0.34733130275, 0.525836543299, -0.0861536747825, -0.768068580033, 0.634545664777,  
364, 788678.8561625768, 57.31529466783806, 116.9984587541526, 93.0946802741112, 17.286480601068913, -0.0282413324668, 0.290459268518, 0.956470512077, -0.687376422278, -0.700357568609, 0.192387448107, 0.725752079733, -0.652022000721, 0.219433883752,  
397, 746727.4775046859, 56.28048625930627, 122.81243672397336, 39.33157835237146, 36.90539008530425, 0.0563238681095, -0.831813468039, -0.552190163142, 0.490082825944, -0.458819672036, 0.74115000659, -0.869854266872, -0.312363350832, 0.381814996381,  
424, 1132918.8668874984, 64.67008026990804, 112.2046606104335, 89.36034092960995, 26.97456727765395, -0.340113732855, -0.893063773012, 0.294550073938, 0.686746278599, -0.0219037464688, 0.72656711646, -0.64241902023, 0.449396621287, 0.620757987643,  
437, 486538.4385008041, 48.79135163153208, 106.04420438394246, 85.69431970864397, 12.781728082077715, -0.682946941255, 0.681056713377, 0.264093219516, 0.170841756965, -0.202589593717, 0.964246104786, -0.710208821057, -0.703647077506, -0.0220050178531,  
449, 1673618.3130313158, 73.6528014062628, 97.66717411193353, 74.85507276160378, 54.65097962160893, 0.0689231274165, 0.831799622175, 0.550780347376, -0.586523810228, -0.412811947106, 0.696832918541, 0.80699406599, -0.371073691974, 0.459417993315,  
459, 1417152.5980152225, 69.68019157027135, 121.15355408570133, 90.41389734994428, 30.885643833216783, -0.261173140297, 0.0443544860942, -0.96427240464, 0.954560338502, -0.136674663736, -0.264829372336, 0.143537977367, 0.989622511797, 0.00664328213316,  
497, 3407777.535098483, 93.35284159473495, 132.54072164483006, 98.19484107797281, 62.50929831577507, 0.102134192873, 0.801714001604, 0.588917028347, -0.367920899021, -0.519589122662, 0.771142889273, 0.924230933647, -0.295434939103, 0.241899520559,  
505, 462854.20471147296, 47.98644031278423, 98.96014998668018, 55.466735934868964, 20.13087488165778, 0.943627249446, -0.25709769384, -0.208490743022, 0.231967061273, 0.0642948861698, 0.97059644039, -0.236133217883, -0.964244234328, 0.12030860309,  
538, 991847.6575951504, 61.86601191762784, 128.69120875870215, 105.4738658811638, 17.444664376124347, 0.135074352349, -0.0256778771794, 0.99050268347, -0.372840176602, -0.927508493054, 0.026799216862, 0.918011504312, -0.372919082291, -0.13485635326,  
563, 1218273.715643894, 66.25501475370054, 99.9450164647282, 81.72446150141305, 35.60762877509352, -0.957246175103, 0.154147795058, -0.244781979585, -0.25382499727, -0.0416983893366, 0.966350927504, -0.13875385044, -0.98716751446, -0.0790421873602,  
583, 4156826.281849352, 99.7449894320818, 117.39204300544074, 101.69613213800241, 83.12471506531283, 0.717997763726, 0.174996568545, -0.673687919056, 0.647665795346, 0.186573342692, 0.738728235101, -0.254967113219, 0.966729842714, -0.020619951074,  
644, 523079.82309976406, 49.98347576852272, 159.49764862642607, 64.80370915601523, 12.081621054844138, -0.440584178536, -0.702091070911, 0.559422657542, -0.890955650425, 0.265676303778, -0.368258238993, -0.10992547748, 0.660669531429, 0.742584782798,  
646, 1626982.7266310013, 72.96223197408804, 121.0696184434516, 92.36380207805497, 34.7342045196488, -0.292719317521, -0.677350066291, -0.674916505092, -0.946932770254, 0.107324099452, 0.302984927507, 0.132792054618, -0.727790097056, 0.67282081185,  
654, 921414.2252046904, 60.365495224335945, 125.56428277884257, 105.11365356178479, 16.666371244839517, 0.611643698251, -0.280831751979, -0.739611731566, -0.016158835328, -0.939115767294, 0.343220727318, 0.790968316958, 0.197977530796, 0.578942155029,  
658, 2075739.6344623263, 79.13369100766417, 134.8601824646114, 63.12718809012131, 58.20818811302296, 0.603694614139, -0.25526948182, -0.75524188477, -0.603217135647, 0.473126573831, -0.642090595163, -0.521231138864, -0.843201480541, -0.131641038787,  
684, 4564111.466621461, 102.90169875086598, 142.87045952178227, 114.08861610736797, 66.84714743036508, 0.0975897842892, -0.026293058631, 0.994879343976, 0.512950077502, -0.855315586521, -0.0729209533983, 0.852853124514, 0.51743977671, -0.0699830371252,  
687, 957891.3265625571, 61.15179514557727, 136.80195041915493, 62.74874501663303, 26.639759391408838, 0.957661660675, -0.0920037431737, 0.272799294197, 0.000266223064694, 0.947844334364, 0.318733504575, -0.287895940919, -0.30516623184, 0.907738672827,  
702, 568016.7632274908, 51.375671873660394, 85.50219315409197, 61.67292483132919, 25.715841689203188, -0.0715753152429, -0.983985645156, -0.163245901554, -0.238535998791, 0.175802931439, -0.955088428669, 0.968492411704, -0.029420731191, -0.247299148902,  
705, 505589.402736422, 49.42004286091226, 98.26777674410987, 45.12317101070146, 27.220657477507928, 0.598055169812, 0.694274705126, -0.400390618875, 0.71008764682, -0.227364992283, 0.666393798078, -0.371625547688, 0.682852688437, 0.628972700679,  
789, 1592268.0040869187, 72.43956821414407, 134.42394217480845, 121.63873917579774, 23.247648014330146, -0.837295178318, 0.317318556289, -0.445247928911, 0.545528109752, 0.430416724597, -0.719124832458, 0.0365494984317, 0.845015015856, 0.533492040374,  
809, 1096075.2366854206, 63.961295598530505, 136.21565208810063, 102.13225109744529, 18.808832486311168, -0.248633459721, 0.9154493161, 0.316439492414, 0.294176344955, -0.239896597177, 0.925153987578, -0.922844342658, -0.323113249984, 0.20965721287,  
829, 2374277.7233809438, 82.75882249340562, 103.39642188005665, 86.78474092480668, 63.16754919468039, -0.87582416944, -0.342867579802, -0.339667259162, -0.446571797309, 0.842633696006, 0.300902117314, -0.183045497279, -0.41522316539, 0.891113948297,  
864, 254142.66448799876, 39.29430904645498, 101.48842570092526, 48.12497857011163, 12.422296893184178, 0.741711064364, -0.243295133575, -0.625037738844, 0.330104614132, -0.678798071811, 0.65594521222, -0.583862689961, -0.692849663119, -0.423159194142,  
871, 428058.34702884563, 46.752494406576496, 108.64048041273918, 40.13736177952074, 23.435480395079626, 0.310460649462, 0.554815589524, -0.77187683393, -0.61190998341, 0.738036947435, 0.28437235524, 0.727447838225, 0.384032714548, 0.568628628209,  
885, 2529864.6797454543, 84.52844781473985, 109.44484267073216, 83.2700955610653, 66.27112118576979, 0.745750792531, -0.553481474318, -0.370828819034, 0.424932833203, -0.0335315604379, 0.904603626856, -0.513115818023, -0.832186212359, 0.210186263236,  
923, 1281920.8225210614, 67.38928743259765, 119.74427307948224, 87.18077392525528, 29.31548750256712, 0.287924439733, 0.631185762919, 0.720211114669, -0.803689952771, 0.568213744758, -0.176679370846, -0.520751357962, -0.52795612787, 0.670880280098,  
944, 3619347.0947652375, 95.24610139096747, 124.7398690712415, 103.80265353977107, 66.7310387205968, -0.677782604926, -0.141550717223, 0.721508236206, -0.00552404604851, 0.982246222635, 0.187514914167, 0.735241610204, -0.123108702266, 0.666531336136,  
964, 1057185.5912219526, 63.19570192829935, 94.42537661972457, 79.41199710820113, 33.65795940070715, 0.608518789589, 0.783668999423, -0.124770918326, 0.474860885318, -0.233639507041, 0.848480830865, -0.635776707903, 0.575565356925, 0.514307784887,  
1021, 2987605.3372115623, 89.34663605966747, 116.69304324299821, 110.22026338743485, 55.45340354306835, -0.790698074495, -0.420793174747, 0.444668032442, 0.288276034518, 0.384859247573, 0.876801167586, 0.540086551316, -0.821472131995, 0.183002878239,  
1055, 2207839.5850650994, 80.77797630705379, 119.14489980396796, 83.43642728373865, 53.02097998326988, 0.548719309139, 0.414868467189, -0.725803881713, -0.278827679267, 0.909288290067, 0.308949722159, 0.788138468198, 0.0328475338393, 0.614620854241,  
1075, 2446038.3314967756, 83.5843333687035, 128.56354622165483, 113.6521372388121, 39.964943091091236, -0.65435801655, 0.356442663528, 0.666906450556, 0.711445715129, 0.589051166991, 0.383228022319, -0.25624320596, 0.725236065211, -0.639039958935,  
1096, 273271.65154634457, 40.25643608885609, 156.9393395833597, 37.83988780456922, 10.985613398691221, -0.356995851443, -0.805660176263, -0.472721527367, -0.0967040479999, -0.471472928632, 0.876562379222, -0.929086803885, 0.358643218186, 0.090403279232,  
1111, 2486835.2413727734, 84.04646814712373, 124.95912546006119, 91.15630914308548, 52.11991445590177, 0.516911745225, -0.341857975269, -0.784815502136, -0.764285191141, 0.228643469028, -0.602984502847, -0.385578000218, -0.911512637771, 0.143088493362,  
1164, 2009562.186353847, 78.28362843228925, 120.55720041588694, 90.89098716028481, 43.78232961835106, -0.255328558055, -0.130705687355, 0.957978784073, -0.440727647368, 0.897626922396, 0.0050049012172, -0.860561716722, -0.420929841522, -0.286795397852,  
1175, 552435.91118359, 50.90156059785883, 116.37987111661795, 76.96085110956113, 14.724669615124956, 0.853081693975, 0.511091142882, 0.105059350235, 0.435973663119, -0.808820772829, 0.394633909474, -0.286668080663, 0.290851854227, 0.912812472758,  
1189, 2316570.4959619995, 82.08282668984162, 124.4033199530503, 103.5896917111152, 42.91492920378833, 0.11458875985, -0.855306183654, 0.505292735272, 0.775380329992, -0.240962521646, -0.5837143197, 0.621011078788, 0.458681147819, 0.635575994401,  
1207, 292708.4602990008, 41.189092360239535, 144.6832725410195, 26.2409520525355, 18.405548101023893, -0.211149322515, -0.0407371249862, -0.976604551622, 0.302250692381, -0.952884619185, -0.0256012006654, -0.929548536956, -0.300585078087, 0.213513766009,  
1229, 2461122.1973857176, 83.75579322340799, 112.32980633506673, 93.26002238436375, 56.08594511368075, -0.594688655036, 0.423923199318, -0.683106525112, -0.23094460999, 0.723791238166, 0.650223677415, -0.770071419213, -0.544440414218, 0.33252766002,  
1263, 1562215.4168436613, 71.98092721707454, 98.46178192449685, 86.78408906655645, 43.64600615966038, -0.633601646492, 0.47419379182, -0.611301236185, 0.759846820153, 0.530056001537, -0.376395330919, -0.145539559795, 0.702980001873, 0.696159000158,  
1282, 2979669.0794260395, 89.26745260584273, 140.34219684104858, 74.17434002486823, 68.33409760277188, -0.177143133705, -0.144196873167, 0.973564364565, -0.935681700506, -0.282038526783, -0.212023641955, -0.305155805318, 0.948504892543, 0.0849611870332,  
1292, 764096.8121012012, 56.71351864616487, 118.41474896530714, 79.38058014399344, 19.406164625720614, 0.813821414738, -0.492194124261, -0.308933081681, -0.428378613039, -0.867345557194, 0.253383993785, 0.392665848789, 0.0738689952418, 0.916709824719,  
1311, 1268052.7475746104, 67.14539556908153, 147.61737073882452, 55.077282380596216, 37.23391827796937, 0.836506226579, -0.0875002394382, 0.540926095685, 0.269801824092, 0.924983480291, -0.267605188487, -0.476932184499, 0.369796253748, 0.797362164955,  
1330, 2575929.4906323995, 85.03840788980455, 137.18821703809252, 72.97794930380043, 61.42383025376824, 0.137266092452, 0.942229903679, -0.305550042508, 0.858765612481, 0.0405255593707, 0.510763450003, -0.493639182687, 0.332506372347, 0.803591855151,  
1342, 897195.1278681027, 59.831896057342796, 112.63252561049521, 69.58168277242494, 27.329994672975396, -0.929062778625, -0.256969665526, 0.266099500888, -0.354569648954, 0.413514513845, -0.838621554028, -0.105464294497, 0.873482877817, 0.475294587332,  
1365, 657475.9320506321, 53.942418825993386, 112.32398251250143, 50.36535989471189, 27.7451332719938, 0.669445512503, -0.629876330032, -0.393825487564, -0.575495153456, -0.774967582051, 0.261209829675, 0.469731874732, -0.0517789111034, 0.881289345349,  
1379, 1614036.2927383508, 72.76818825302382, 115.42057693631446, 88.8732445822856, 37.56387702610049, -0.762999484306, 0.517739650116, 0.387010906365, 0.608176416185, 0.372165310774, 0.701152214753, -0.218982268104, -0.770349684334, 0.598838985122,  
1385, 1114378.8785095816, 64.31536730691046, 120.7095257361824, 67.90094379439475, 32.458385078871125, 0.240168583736, 0.0281880622218, 0.97032184585, 0.875691330168, 0.425065224654, -0.229094410796, 0.4189078009, -0.904723708067, -0.0774032712989,  
1390, 1095389.629791263, 63.94795665661128, 123.60453198781202, 64.54457769837317, 32.77825711763131, -0.0380246522852, -0.967479216411, 0.250076171658, -0.145117526049, 0.252950507376, 0.956533817725, -0.988683482947, 8.14304633465e-05, -0.150016545477,  
1398, 2354930.7515361756, 82.53342041716819, 88.7137569949934, 85.06743616837566, 74.49638793689205, -0.41316136288, 0.357310382482, 0.837631768019, 0.41903529373, 0.891241120472, -0.173489733957, -0.808521558669, 0.279318019022, -0.517952057065,  
1434, 1433821.7824476142, 69.95233055737879, 134.18444338529685, 52.2646436042592, 48.80860578922167, -0.286390570855, -0.809551917313, 0.512451104106, -0.431599837335, 0.586520242314, 0.685357998253, -0.855395827286, -0.0248937448142, -0.517376342841,  
1448, 2067864.0134086804, 79.03348305944013, 137.01055085504322, 106.9171669783862, 33.70015598332951, -0.67273660392, 0.509727538751, 0.536286581955, -0.58617748751, -0.80946653502, 0.0340570377294, -0.451465851292, 0.291447705294, -0.843348575736,  
1455, 2155756.5659209117, 80.13772995060307, 105.69551203380648, 91.59351458897986, 53.16059551169295, 0.419612154593, -0.281839760022, -0.862839492251, 0.107198639106, -0.928534992884, 0.35543103236, 0.901351258662, 0.241638400634, 0.359411730259,  
1464, 582336.3013745755, 51.80381592099461, 80.84519079951525, 76.45185953674603, 22.492773549403037, 0.0392850765717, -0.867787888649, 0.495379514184, -0.939371621224, -0.201082112263, -0.277753382279, 0.340642980257, -0.454433894469, -0.823074842016,  
1474, 2353721.0543236625, 82.51928588277875, 118.02940839146198, 82.64512431613483, 57.60483212451947, -0.760375873385, -0.229439021483, 0.60760700012, -0.623702221631, 0.51891630361, -0.584569421524, 0.181174142486, 0.823458320299, 0.537673064999,  
1478, 1829629.5327004425, 75.87374444950703, 126.47727887583272, 71.48106155510223, 48.31378314208712, -0.236301047409, 0.693553630466, -0.680547703442, 0.967978343003, 0.229096953978, -0.102628032991, -0.0847333610275, 0.683006550002, 0.725480744185,  
1485, 410845.56980612513, 46.117242656817595, 104.51870708190282, 33.079221894387906, 28.36878166851527, 0.464834616446, 0.867589518706, -0.176683916598, 0.629651583322, -0.183625329753, 0.754864638126, -0.622469005633, 0.462136522365, 0.631634523853,  
1487, 2177769.9996636547, 80.40958126048787, 122.11355399546149, 72.36816174386423, 58.83178010835575, -0.0771565377759, -0.392549414978, 0.916488857259, -0.782054154502, -0.546336991257, -0.299845279118, 0.618415853697, -0.739878941979, -0.264841430126,  
1489, 1491530.4307547344, 70.87849755656286, 113.57131460771888, 70.82146111797661, 44.27004605951984, 0.119192173946, -0.761201216149, 0.637468378983, 0.298336800907, 0.639833451371, 0.708243113437, -0.946989112342, 0.105763240492, 0.303357475705,  
1502, 816742.3500071209, 57.98720222533035, 113.64531547099833, 68.32254410354668, 25.111976591094248, 0.919950084887, 0.38042215628, 0.094714435687, 0.320307181848, -0.590065385755, -0.741097935357, 0.226042364553, -0.712110822516, 0.664682650505,  
1504, 621849.0425351929, 52.94993771201248, 101.59257773961028, 64.67201454406543, 22.595293722669275, 0.811670546134, 0.559947184184, -0.166283118395, 0.169627701308, 0.0464498205774, 0.984412950503, 0.558943080723, -0.827225220295, -0.0572806024709,  
1517, 1958584.1624922736, 77.61599149560182, 114.37128878128152, 92.05094858945976, 44.41281961194205, 0.753244783895, 0.648887716045, 0.107550116225, 0.260841806648, -0.444802742829, 0.856803403283, -0.603807790144, 0.617329127725, 0.504302390063,  
1538, 585928.7949561094, 51.910125328952034, 113.69643110207079, 79.19063791469212, 15.535869277337337, 0.699801218546, -0.245308203787, -0.670896519351, 0.54277548066, 0.793185021378, 0.276138189057, -0.464406106889, 0.557388021953, -0.688219122713,  
1541, 1626095.5722222745, 72.94896804831855, 97.96843509562083, 79.83520989933344, 49.63371877063552, 0.595725715151, -0.496437466599, -0.631395845776, 0.0206266188646, -0.776397001153, 0.62990653211, 0.802923044196, 0.388275080783, 0.45227983234,  
1544, 2304443.92044292, 81.93934943680335, 123.50777999361013, 74.58755842271057, 59.71959145454484, 0.164874445754, -0.499095948757, -0.850717139284, -0.917090370001, -0.395005072184, 0.0540022795868, 0.362989903977, -0.771280900116, 0.522842330658,  
1548, 1799888.6107919666, 75.46038324089616, 106.01026539094612, 87.93502198163766, 46.09429971202569, -0.518859414697, 0.608534959515, -0.600391631211, 0.854606728945, 0.386323650987, -0.346989013559, -0.0207905416727, 0.693137244517, 0.720505734634,  
1551, 1297154.4153358229, 67.65517519365319, 110.34335276182875, 78.84848900954856, 35.59291176068633, 0.648253381351, -0.3141730585, 0.69358693967, 0.656099954111, 0.692728796528, -0.299432237204, 0.386394104229, -0.649170319542, -0.655192713973,  
1553, 2134413.9445664873, 79.8723900348077, 128.73275090290616, 70.18126759838263, 56.400088098675354, 0.483535261774, 0.703804168009, 0.520435724863, 0.369521676098, -0.703113212613, 0.607524107457, 0.793503233462, -0.101447046981, -0.600050927126,  
1557, 2010000.3216995993, 78.28931728871024, 115.57862223916133, 90.79057078563213, 45.728742417694576, 0.547652080975, 0.0950847986653, 0.831285798788, -0.748282984767, 0.5001885893, 0.435756755361, 0.37436582765, 0.860680112584, -0.345079658761,  
1558, 1193700.6222864885, 65.80652182911356, 90.20052225016948, 75.70001557393296, 41.73513186809263, 0.0322502499844, 0.722503931171, 0.690614212725, 0.886301959231, -0.340057723062, 0.314371725907, 0.46198350451, 0.601954163062, -0.651323596327,  
1560, 824832.1429444776, 58.17802703359329, 120.54947753665932, 87.4631428342746, 18.676115709660362, -0.552144885123, 0.240792464117, 0.798219903947, 0.832668755828, 0.110555670937, 0.542623429914, -0.0424118957405, -0.964259525672, 0.261543109738,  
1564, 1552219.0269221007, 71.827066733415, 137.03280328246487, 106.6985500934263, 25.344360258810557, -0.978712942574, -0.164634934215, -0.122541072597, -0.1172869966, -0.0413017493978, 0.992238845201, -0.168418337677, 0.985489474288, 0.0211130197169,  
1569, 3341582.0968449814, 92.74443120142423, 122.73723573428302, 98.86955220024353, 65.73923123016462, 0.559604090991, 0.805876150622, 0.193408612025, 0.688036383979, -0.321658533614, -0.650493445067, 0.462005622983, -0.49709095507, 0.734473543921,  
1575, 967881.239036783, 61.363645757651426, 100.50619325641294, 72.53567569209454, 31.694870189132885, 0.771737572852, -0.606500625284, -0.191254046176, -0.520406659605, -0.775148877405, 0.358219383195, 0.365510639089, 0.176921478029, 0.9138384777,  
1576, 2540438.7242505974, 84.64605162453978, 112.88587356780396, 97.9252882868022, 54.863771366483476, -0.549550736347, 0.534255671735, 0.642312124593, -0.631176480321, 0.238206117121, -0.738155875446, -0.54736664026, -0.811066410959, 0.206303267411,  
1577, 2331456.096292325, 82.25826481694834, 152.7452736972177, 83.4240442084161, 43.67969646098088, 0.387206050979, -0.912938099693, -0.128901125729, -0.685872242174, -0.191782755107, -0.701996183935, -0.616158049125, -0.360226874306, 0.700418344653,  
1584, 2894120.3066041106, 88.40482939805605, 127.94229280005202, 83.39314299441104, 64.75651968320774, 0.262410883331, 0.865523099243, -0.42662664355, 0.51618224861, 0.247639722122, 0.819896611926, 0.815289160071, -0.43536689436, -0.381784301361,  
1591, 1530135.0765928053, 71.48480232237168, 91.7985668406381, 81.62923625430383, 48.748305874505604, -0.677554492784, -0.634334815676, 0.372208612112, 0.187327672036, 0.340545746887, 0.921377738806, 0.711216037922, -0.694008599297, 0.111909836489,  
1606, 214253.0160865444, 37.1204111894576, 122.53702784650474, 64.62469842401258, 6.459106766316676, -0.220872570407, -0.959195112133, 0.176522079358, 0.0360198927579, 0.172846075691, 0.984289998651, -0.974637304318, 0.223760968396, -0.00362685194972,  
1619, 2589300.301887317, 85.18528960599468, 124.61853475344867, 95.64686849342274, 51.86094383958495, -0.882411950495, -0.457387195848, -0.110209358486, -0.436076142793, 0.883060826877, -0.173323898304, -0.176597699053, 0.104883407221, 0.978679070778,  
1624, 3000467.1502345456, 89.47466664651212, 133.80904695000652, 107.31579192097189, 49.88283810558602, -0.995281089346, 0.0820758449462, -0.0517601088382, -0.0223598917119, 0.325075594155, 0.945423658117, 0.0944223937061, 0.942119638773, -0.321706384465,  
1628, 968341.6304988413, 61.37337381766742, 114.1749940793351, 60.5008131774003, 33.46630650247235, -0.28136843164, 0.225894479521, 0.932632558835, 0.939361620038, 0.263390560498, 0.219602275579, 0.196039670667, -0.937868379232, 0.286306393156,  
1632, 1458684.4665400886, 70.35434373532196, 118.82603810225487, 88.4432046553085, 33.13573904421808, 0.474063706002, 0.858481911505, -0.195633356742, 0.59491208573, -0.476098574795, -0.647618527631, -0.649109553854, 0.190627790986, -0.736422319324,  
1637, 1785945.3365565024, 75.26502049918592, 103.80080513363193, 79.36552917253574, 51.754356653722915, 0.199084119428, -0.93333360065, 0.298753917615, 0.655170435568, -0.0999481826197, -0.748840477772, 0.728777890547, 0.34481698144, 0.591594485742,  
1651, 2877580.676942574, 88.23609909034253, 124.58861295559763, 85.4528236143467, 64.52590890540627, -0.829189586889, 0.421636599914, -0.366970307529, 0.546721796043, 0.748433824473, -0.375422546094, -0.116361104865, 0.511927131531, 0.851111452911,  
1666, 2513496.744811802, 84.34575678874134, 114.61882670732452, 104.73013723321257, 49.98757706677057, 0.139061946973, 0.883388359058, 0.44753411265, -0.904876001993, -0.0702502042133, 0.419838456821, 0.402319768246, -0.463346431829, 0.789587796378,  
1669, 3236212.8643719414, 91.75917288896092, 131.85347595148198, 98.51891989518721, 59.475382742749794, 0.216120000295, 0.696310519812, 0.684429547486, 0.543633286297, -0.66810185302, 0.508038152131, 0.811020958732, 0.26228147855, -0.522927748841,  
1681, 408847.0519877788, 46.04234348341908, 111.30890866328525, 83.19809886750033, 10.539716617558822, -0.012060766526, -0.429969688226, 0.902762762368, -0.680413401762, -0.658047931358, -0.322506624332, 0.732729240998, -0.618141559226, -0.284620575758,  
1683, 1406831.0257439776, 69.51061154764022, 119.9310644948957, 61.48420219756981, 45.54682387764375, 0.294453492199, -0.835327272481, -0.46424722808, -0.831485096136, 0.0155347947124, -0.555329816466, -0.4710941263, -0.549533454852, 0.689987902911,  
1696, 2358947.5933587854, 82.5803199389574, 123.97786659692726, 90.42715754088427, 50.23271422214794, 0.469753344039, -0.86128331414, 0.193708153024, -0.535513220983, -0.103568960418, 0.838152170307, -0.701824326962, -0.497458061772, -0.509880467229,  
1697, 1439791.6090412836, 70.04928008784832, 131.10801825323654, 70.59678435273099, 37.13614821013016, -0.968666856266, -0.00629933701697, 0.24828378909, 0.162561490932, 0.739711875742, 0.652993187217, -0.1877718915, 0.672894240753, -0.715510347601,  
1703, 2227528.2724312395, 81.01738199094923, 125.44924335889353, 109.65153555475956, 38.659109992211036, 0.278143193094, -0.75240293129, 0.597098143626, 0.606115291717, 0.619721684879, 0.498567233618, -0.745158115626, 0.223237233177, 0.628414290449,  
1704, 2768061.4189486704, 87.10218259434522, 130.54481666706025, 95.70381370314992, 52.89300435398705, 0.0169299959058, -0.704592711554, 0.709409956276, -0.788348878288, -0.445815705432, -0.423974530947, 0.614995464487, -0.552084656204, -0.563012531871,  
1710, 1316832.3799015125, 67.99557163543454, 111.66507909646255, 56.424725946111266, 49.89477303129534, -0.113732361939, 0.72637125884, -0.677827222956, -0.354677094356, 0.607613702886, 0.710640377972, 0.928045854787, 0.32123259859, 0.188521905934,  
1716, 1290799.5813297976, 67.54451208469942, 104.0939650354543, 92.09237376477235, 32.145559384493005, -0.0503981365, -0.3021273705, 0.951934388407, 0.682444681252, -0.706333784909, -0.188047444352, 0.72919769944, 0.6401653195, 0.241783123565,  
1721, 1671001.3406970869, 73.61439203232514, 132.70892626957445, 80.1347440974296, 37.511739110950536, 0.929926531604, -0.348425606532, 0.117627558552, -0.270933459351, -0.432840970445, 0.859792855814, 0.248659820684, 0.831413429659, 0.496910457286,  
1722, 1011992.2845863561, 62.28204501139503, 165.87352001516336, 51.98233609772741, 28.019200457793524, -0.910149292244, -0.0803695967279, 0.406409883922, -0.0943026886835, 0.995440342438, -0.0143362322228, -0.40340459682, -0.0513736563725, -0.913578392201,  
1732, 2195100.4822718734, 80.62231516757059, 117.33927365590125, 89.84041097793101, 49.7107906172397, 0.462544463876, -0.850439447657, -0.250609985448, -0.0582003711129, -0.311180989859, 0.948566870786, 0.884683748997, 0.42416876054, 0.193430935586,  
1735, 1599591.9516390536, 72.5504650026599, 118.59640161638555, 58.89629643511591, 54.67151426132748, -0.961682334884, -0.126897229003, -0.243031232651, -0.243105045305, 0.804512898787, 0.541903065715, -0.126755764048, -0.580220724342, 0.804535199556,  
1737, 3192056.887611131, 91.33992929539572, 126.71278138250872, 94.04794064228054, 63.94584035171962, -0.0914870602291, -0.871590737532, 0.481621951389, 0.501582782997, -0.458149925458, -0.73383469365, 0.860258582992, 0.174436899914, 0.47908969759,  
1753, 2003315.4907951942, 78.20242972278788, 111.25500464129398, 69.61286710991268, 61.75209024031015, 0.88786382034, -0.0233298257812, 0.459514478292, -0.290189405069, -0.803421673506, 0.519907418418, 0.357054541656, -0.594953219816, -0.720099104647,  
1758, 3029365.6050178544, 89.7610023453063, 124.44854286583352, 102.08750749652138, 56.92468872137316, 0.759803650558, 0.0447808038275, -0.648608581664, 0.416357461984, 0.732703697046, 0.538323096463, -0.499344446699, 0.679072876755, -0.538066121965,  
1767, 1538974.1073429992, 71.62218531063127, 126.6705035317385, 79.86178125954527, 36.318526001200645, 0.59327564596, -0.709708921298, -0.379917431741, 0.49163341767, -0.0542697523748, 0.869109530846, -0.63743281257, -0.702401623722, 0.316719700133,  
1772, 588654.7682659758, 51.990502976688155, 101.00542663493287, 61.10203202181309, 22.770454335347363, -0.598661875435, 0.0496434571777, -0.799461997884, 0.00778755490022, 0.998391150751, 0.0561646159994, 0.800963989758, 0.0273977601481, -0.598085319874,  
1776, 629433.7340301194, 53.164345112074635, 112.13346592917665, 64.9421806392248, 20.634753835785773, -0.977144158088, -0.151273276656, 0.14935089583, -0.0712821536542, 0.895060684597, 0.440210433155, -0.200270189708, 0.419502999582, -0.885386404038,  
1778, 1247926.2218369504, 66.78825556888695, 88.35127020430508, 76.73383352634858, 43.944103395817905, -0.867648545733, -0.086337237992, 0.489624225732, 0.415319651887, -0.66722415225, 0.618321532385, -0.273304935638, -0.739836341355, -0.614773617005,  
1781, 812496.2262944088, 57.88653859101791, 103.74718708998645, 64.73580655968958, 28.880974921257035, -0.795732170663, 0.353815810189, -0.49155333895, -0.0326851248046, 0.785344668997, 0.618195303682, 0.604766066499, 0.507984373124, -0.613359504266,  
1785, 970998.7739862868, 61.42945902551654, 116.76131032720133, 69.12338765610966, 28.72143256971789, -0.490017291268, 0.510852598058, 0.706337509493, 0.831901161551, 0.0319731929476, 0.554001960594, -0.260429475422, -0.859073534682, 0.440646287107,  
1786, 1853127.3378521104, 76.19717751185043, 117.29614318801566, 64.76774249495666, 58.23367005897334, -0.176460841308, -0.984307570654, 0.000421708743958, 0.211998525111, -0.0375874582723, 0.976546879741, -0.961206635867, 0.172411685607, 0.215304467744,  
1788, 1814520.3875463342, 75.66431086541552, 125.9148410038454, 99.40414192422128, 34.6092223245242, -0.982633182572, 0.0751909029504, 0.169641848084, 0.185538472627, 0.411629003918, 0.892265116604, 0.00273928516098, -0.908244400614, 0.418431123448,  
1791, 2369834.4942288413, 82.70716523505283, 120.51563119453202, 74.97950298926361, 62.60996633290845, 0.0726091719034, -0.759792774306, 0.646098172315, -0.948922867495, 0.146801553758, 0.279275303883, 0.307039573509, 0.633375278904, 0.710325598844,  
1796, 851380.8107778447, 58.79563466725874, 84.44424798750485, 67.58485884957123, 35.61359081475466, 0.43587478491, 0.743059773955, 0.507814281218, -0.401342337488, -0.3445512413, 0.848651147562, -0.805566570818, 0.573713007041, -0.14804014838,  
1800, 1356990.32565506, 68.67985676085408, 107.87604884593277, 72.9017567406682, 41.19316079495534, 0.819870901987, -0.156225525522, 0.550822375408, -0.35526733508, -0.893259801503, 0.275448811295, -0.448995350421, 0.421521662781, 0.787859545291,  
1819, 1631328.7628585831, 73.02714038218099, 93.98533450386147, 68.26337408096974, 60.70228539713838, -0.970241913884, 0.145203067394, -0.193769702899, 0.160479284802, 0.984861129947, -0.0655358975614, 0.181320235196, -0.0946816980155, -0.978855632036,  
1820, 2036103.4438705032, 78.62676539745166, 125.53562442918322, 94.63161070495447, 40.91739812877689, -0.959244502763, -0.0690372353713, 0.274014313588, -0.282438906624, 0.203885397931, -0.937368128611, -0.00884578675994, 0.976557527564, 0.215074748433,  
1823, 2557159.8195737205, 84.83135828978739, 100.64610841609854, 87.44066764505436, 69.36794204914628, -0.193813691276, 0.978484112123, -0.07074669884, 0.785293718515, 0.197961540483, 0.586621687419, 0.588005126453, 0.0581383764166, -0.806765083809,  
1826, 733113.0255452808, 55.936348042594325, 139.74864856013735, 78.53133501480845, 15.94746763454587, 0.344480780212, 0.279629603109, -0.89618093995, 0.671235777416, -0.740756324107, 0.0268812092804, -0.65633491693, -0.610808769879, -0.442873710507,  
1829, 2506418.5008001085, 84.26650714725133, 124.67854357670286, 72.80825486879223, 65.9162718511421, -0.0629046599986, 0.913061068388, -0.402942290092, 0.99646863209, 0.0799598777955, 0.0256258307981, -0.0556171647212, 0.399907368445, 0.914866562757,  
1831, 3095620.8686312675, 90.41067648606372, 122.35069828921738, 98.84181639043237, 61.10995815931758, -0.601210080916, 0.0814676890026, -0.794927326397, -0.251674094848, 0.924858296084, 0.285126782586, -0.758423752652, -0.371483711371, 0.535530824136,  
1838, 704824.5740276204, 55.207423086926575, 118.57071638288323, 62.063979058375196, 22.865219177338073, 0.517938358253, 0.74765416891, 0.415635778972, 0.656563785147, -0.658911473492, 0.367096262764, -0.548328234805, -0.0827581646273, 0.832158177935,  
1842, 2444303.915048537, 83.56457293691156, 113.81344098308053, 98.57384563869199, 52.01293253400483, 0.00409334606344, 0.0682702109837, 0.997658470024, -0.998941642476, -0.0454274231034, 0.00720722954357, 0.045813092512, -0.99663209236, 0.0680120065287,  
1844, 2243603.918851133, 81.21181068133943, 102.96232280618266, 80.06016159262187, 64.97746839506735, -0.757696387888, 0.649436386999, 0.0642538950033, 0.652589586923, 0.754718351329, 0.0672832906999, 0.00479737648578, -0.0929117291269, 0.995662792199,  
1848, 1006706.9508280843, 62.17342885535439, 116.90029183306312, 85.39482170159975, 24.075057135436687, 0.616351475189, -0.636900125685, -0.46310807479, 0.0870409637622, -0.529391415691, 0.843900823331, 0.782645979776, 0.560448890529, 0.270854779254,  
1849, 3216050.693844983, 91.56821722601185, 136.78695785290896, 101.45618723744212, 55.32367842098633, 0.371545835422, -0.162614687787, 0.914062446169, -0.865329000737, 0.296072659156, 0.404409076287, 0.33639175475, 0.941221251256, 0.0307106417959,  
1850, 2146613.5332158906, 80.02427555374963, 96.5727390232133, 84.98884422063985, 62.43797094986356, 0.565260788289, 0.808036334961, -0.166004586097, -0.198551872976, 0.328594623488, 0.923364893827, -0.800660599106, 0.488981446271, -0.34617878364,  
1854, 3735339.217604118, 96.25289767980783, 117.18818559380058, 109.56004236615628, 69.4553040017992, -0.53549326493, -0.669330881369, -0.515017605971, 0.12960202574, -0.667725178247, 0.733039153974, 0.834535965755, -0.325790204858, -0.444308973891,  
1856, 2471348.907769144, 83.87164316225714, 120.69055334697218, 102.75022498949863, 47.57616094051674, -0.42798946672, -0.843390395415, -0.324834815404, 0.0642180214814, -0.386886596768, 0.919888475283, 0.90149934115, -0.372842328825, -0.219744250762,  
1860, 1382565.0286854713, 69.10863568266775, 91.80159285710111, 83.65693645131658, 42.977859804629375, -0.734654296793, 0.00548765840542, -0.678419449757, -0.41469023109, 0.787787716024, 0.455436633045, -0.536949789498, -0.615922397779, 0.576475952206,  
1866, 1161049.7516599013, 65.20097251052616, 113.48246415694258, 78.69766759332519, 31.036418690240918, -0.894683310426, 0.181225178649, 0.40828814417, 0.399759073198, 0.732692324412, 0.550776398499, 0.199335038168, -0.655987341624, 0.727974003785,  
1891, 1160758.0916634034, 65.19551247807165, 125.62594268828565, 77.43867707145185, 28.484975598810266, -0.330743740637, 0.852787670346, -0.404180364857, 0.917279903518, 0.189831411902, -0.350088008447, 0.221824607815, 0.486535943545, 0.845030543239,  
1894, 2471477.765506282, 83.87310084423837, 129.00122479480694, 93.77210040648278, 48.77537541942427, 0.683093891598, -0.662302968578, -0.30779459559, -0.577840587291, -0.747860185129, 0.326810953271, 0.446635187755, 0.0453863560063, 0.893564260559,  
1896, 2188058.0487054293, 80.53600392147177, 118.21143578074009, 89.99819809863055, 49.09948351234033, -0.0854632599278, -0.668753341312, 0.738556023391, 0.345943130738, -0.715068374532, -0.607454171144, 0.934355061793, 0.203583369234, 0.292462698943,  
1897, 1830091.8337122656, 75.88013436875984, 145.19591264893378, 75.8378235401508, 39.67747458783896, 0.853919183171, -0.0449520167084, 0.518460552797, -0.220251903345, -0.933853091511, 0.281793368531, 0.471498809846, -0.354820686642, -0.807335836344,  
1901, 1117092.8559983296, 64.36753656243735, 127.28783095084883, 64.75002188724835, 32.35741802703078, 0.921976601088, 0.30212942791, -0.242233267402, 0.31281973809, -0.949793602127, 0.0059937317844, 0.228260724845, 0.0813014277237, 0.970199525532,  
1903, 1213288.3496169855, 66.16451591194043, 110.58890147192155, 85.01858288972385, 30.80704282344577, -0.845490826828, 0.527716482568, -0.0816123506322, 0.53353053011, 0.828500484279, -0.170094447267, 0.022145771394, 0.187355975555, 0.982042414172,  
1905, 1677965.602799711, 73.7165182906921, 113.69934978729721, 84.69999628104117, 41.59614392037727, 0.110262440765, -0.928321315643, -0.355051727328, -0.136381569998, -0.367982525966, 0.919776564144, 0.984501021595, 0.0529942969174, 0.167180569962,  
1906, 2129471.9874000284, 79.81069769543585, 103.60332194868589, 82.40757161515151, 59.5446195392745, -0.972819690138, -0.220779204966, -0.0698454947361, 0.0794443600924, -0.6015271279, 0.794892261913, -0.217509641464, 0.767738013293, 0.602717096834,  
1907, 1151077.5633798193, 65.01376640499315, 131.3891048286018, 80.4758103963861, 25.989101605069834, 0.590249563528, 0.450904819347, -0.669544842893, 0.571576995271, -0.819156363976, -0.0477764569069, 0.570004553694, 0.354496396664, 0.741233508094,  
1909, 2129500.3469308126, 79.81105199044482, 113.50926850840939, 102.73668474222913, 43.59455348185041, -0.401180316024, 0.915505778587, 0.0300586661296, -0.530400272029, -0.205420233299, -0.822482874705, -0.746813166372, -0.34590706429, 0.567995068119,  
1914, 1419867.2296064713, 69.72465523599216, 106.88189033422881, 73.95957531971138, 42.88057413475638, -0.155779396761, -0.863318040369, -0.480015354669, -0.964460864272, 0.23792620568, -0.11491893638, -0.213419822961, -0.445054021242, 0.86970046415,  
