# Void_ID, Void_Volume, r = (a*b*c)**(1/3.0), a, b, c, vector_a, vector_b, vector_c 

13, 220679.17360201135, 37.48788277523395, 92.52090072470729, 57.092864786490544, 9.973579460160934, 0.724238023339, 0.677494389903, 0.128376934063, 0.568026160072, -0.480621408588, -0.668093813083, 0.390929107414, -0.55678039949, 0.732918835698,  
35, 2634807.0262205596, 85.68143560113946, 115.8308204523504, 77.36064440795431, 70.19658624631175, -0.893052062208, 0.435952411831, -0.111371041142, 0.405231075452, 0.88684163991, 0.222035315232, -0.195565307952, -0.153158089375, 0.968657220065,  
40, 530225.4111882751, 50.210048717111896, 109.84175345291186, 43.669445225298844, 26.389234747777365, -0.978905067081, -0.0031120399777, 0.20429191088, 0.155509980298, -0.659877053393, 0.73510470032, -0.132519868968, -0.751367147014, -0.646440944492,  
56, 1108958.8324299613, 64.21092678345381, 125.1009487478125, 71.05135779194991, 29.784741134501814, -0.60301645031, 0.663776253628, 0.442461575478, -0.09025904878, -0.607861553742, 0.788896466969, 0.792606122086, 0.435781386249, 0.426462329673,  
59, 1014850.4522497229, 62.34062424677278, 110.01483117060711, 56.102092349328075, 39.25393011273339, -0.100930855065, 0.530778726896, -0.841478998888, 0.990135464994, 0.1362093252, -0.0328447969916, -0.0971839670761, 0.836493253292, 0.539290565225,  
62, 1364146.9738514854, 68.80038231239179, 134.9085527638731, 87.24190323325828, 27.669922314915134, -0.384850199012, 0.380161807362, 0.841051320993, 0.911937232704, 0.0160885234903, 0.410014198559, -0.142340464834, -0.924780060141, 0.352875378052,  
70, 757510.0747954865, 56.5500857741568, 111.02605798535502, 89.74736629932161, 18.149019651606753, -0.964232400328, 0.223633443718, -0.142281274273, 0.263253151233, 0.745455862446, -0.612366994139, 0.0308813296954, 0.627920090454, 0.777664904365,  
75, 1436276.2726514267, 69.99222380673864, 127.38584441712733, 79.71610782704194, 33.766194709024596, 0.803880051941, -0.580629280848, 0.129021317284, -0.454126368443, -0.45906626081, 0.763562315513, 0.384117304449, 0.672404496124, 0.632713276307,  
78, 3560956.5739374673, 94.73112379861541, 139.02624531615925, 84.59176398313, 72.28583346950286, 0.917813648834, -0.348016106941, 0.191057309006, -0.284785010612, -0.241819113339, 0.927588817394, 0.276614540011, 0.905763934882, 0.32105465348,  
92, 4013581.533307688, 98.58582917419143, 139.63892044887373, 95.73164946604966, 71.67727002514063, -0.989476863415, 0.144607460872, 0.00492128311969, -0.0443988296063, -0.335819112346, 0.940879518171, 0.137710859038, 0.93076001528, 0.338705643974,  
105, 1547887.4315778003, 71.76019136781117, 93.58185767494882, 67.69572138137951, 58.33079318418702, 0.0995395968311, 0.866640262839, 0.488903388707, 0.325354038651, -0.492682952134, 0.807098666961, 0.940338565728, 0.0787284161139, -0.331006371993,  
174, 945593.5849607952, 60.888971177851914, 118.07468726654007, 69.40691712977124, 27.545860852789932, 0.934642492027, -0.204816645898, 0.290677748823, -0.269995351217, 0.123197446541, 0.954947589916, 0.231399918796, 0.971016236079, -0.0598460262025,  
177, 911045.8839066152, 60.13821688583852, 127.40017586889283, 80.38676270222564, 21.237191060244832, -0.625262442485, 0.418026384553, 0.65901503764, 0.77876191414, 0.389136893237, 0.492038981592, 0.0507617878091, -0.820869307588, 0.568855711722,  
183, 492357.7226905801, 48.98510556653146, 90.65235509975867, 60.84666894498183, 21.309646526294447, -0.631915481138, -0.745847094459, 0.210701059288, -0.130353882938, 0.370265736981, 0.919734281856, -0.763996524797, 0.553728630021, -0.331200716174,  
197, 2211789.679916248, 80.8261214965764, 131.2123529260201, 86.16147659140034, 46.70542857189434, -0.0455425295414, -0.971672700371, 0.231900930048, 0.78308079575, -0.178860814066, -0.595645260637, 0.620250227997, 0.154469972958, 0.769044005323,  
200, 1404633.0665000293, 69.47439276384472, 132.3161942955076, 77.09614020243211, 32.87219024865876, -0.974904295222, -0.0162050252526, 0.222033808945, -0.186940152232, -0.482003556542, -0.855994130216, -0.12089249208, 0.876019388277, -0.466877967697,  
214, 1565079.0573691395, 72.02488224782516, 119.70608453116452, 91.81452123391904, 33.995393393155354, -0.394630335153, 0.769301560585, -0.502436073006, 0.890656052796, 0.454665013727, -0.00339424676957, -0.225828904693, 0.448837202306, 0.86460769811,  
234, 2961954.9270884027, 89.09020235753506, 128.51501320718856, 82.95284839309448, 66.32918602130597, 0.276535639286, 0.834377755984, 0.476803733756, -0.419067013998, -0.341792697674, 0.841166208068, 0.864818407519, -0.432425152062, 0.255142332592,  
247, 1032090.9342672229, 62.69166217598115, 101.64783562355132, 88.00476125286744, 27.543875662124687, -0.948792685055, -0.284745675472, 0.136793059348, -0.315152741923, 0.823446778843, -0.471820041617, -0.0217069123638, 0.490770111878, 0.871018660674,  
255, 1975573.0994578602, 77.83976178999676, 129.76202819367361, 63.28081097744346, 57.43608550873187, 0.500923275494, 0.267353194229, -0.823163496278, -0.552620544563, 0.830778748147, -0.0664620595068, 0.666097895054, 0.488189452122, 0.563901279518,  
265, 1497687.646341287, 70.97589528780108, 152.90414572351082, 83.28428582522773, 28.076974759895528, 0.574773987157, -0.808382636799, -0.127091999001, -0.696721744123, -0.401972617181, -0.594135360253, -0.429201205675, -0.430041309131, 0.794261164534,  
295, 3070622.9452650957, 90.16665541356191, 129.5965427008134, 105.71816274492808, 53.50506040773944, 0.375522282041, -0.208755969597, 0.902997209768, 0.825479030819, 0.51831417598, -0.223460924225, -0.42138745279, 0.829319817763, 0.366962197639,  
307, 1949113.6371282171, 77.49068802415412, 129.8206127691826, 89.90813171891176, 39.86629929421614, -0.854924095478, -0.248621383779, 0.455293530042, 0.0253396522238, 0.856606779189, 0.515347191583, -0.518133856253, 0.452119711333, -0.726033796478,  
314, 2375051.4954317478, 82.76781182490947, 146.56325309256655, 74.88122559993141, 51.6638041230873, -0.975702557609, -0.151606248884, 0.158177319403, 0.142155864697, 0.111314001634, 0.983565403607, -0.166722011764, 0.982153113491, -0.0870576386879,  
325, 3299985.0320386635, 92.35798592499295, 135.31763105459464, 97.6420793880935, 59.62548915854551, 0.54818493532, -0.211320255856, -0.809220010969, 0.785394367616, 0.462652923663, 0.4112273818, -0.287487328425, 0.860985494472, -0.419589101747,  
339, 179254.66733558796, 34.97791792626063, 87.00147164177322, 68.71713608107643, 7.1579755916806675, -0.640953418147, 0.0661762979409, 0.764721788206, 0.0972011717051, 0.99525386252, -0.00465632460793, 0.761400451789, -0.0713473666686, 0.644343778805,  
356, 1156636.4735028385, 65.1182555872927, 139.1009625628073, 70.91360819792855, 27.992942699570722, 0.139072544329, -0.339469780039, 0.93027904193, -0.655930644127, 0.672207077366, 0.343354969723, -0.741898791958, -0.657949780439, -0.129183082917,  
400, 1930441.730414785, 77.24244802087686, 94.75131023529981, 88.68677421538253, 54.84335379249441, -0.404838740636, -0.817032772842, 0.410564297256, 0.000494094638537, 0.448808888293, 0.893627628075, 0.914387964679, -0.361977941166, 0.18129153361,  
438, 2584948.591165878, 85.13754059243796, 103.66044267935183, 81.30253431227702, 73.22277074875505, -0.249054032075, 0.90435991512, -0.346562019024, 0.037456128143, 0.366564222747, 0.929638482996, 0.967765016712, 0.218549341168, -0.125168118558,  
445, 1785361.767848992, 75.2568218354931, 127.24387062665768, 75.64940791852993, 44.278736163284115, 0.78392737333, 0.567447479083, -0.251915128221, 0.336546193346, -0.0474204201959, 0.940472202403, 0.521722659167, -0.822042980769, -0.228146454456,  
451, 2197015.0486781467, 80.64574794776145, 115.52865719099677, 76.043785331371, 59.70228725381706, 0.355231396901, -0.911533866771, -0.20716337607, -0.846391929905, -0.219577113025, -0.485187172572, -0.39677620348, -0.347695126748, 0.849515593257,  
471, 397031.2122843876, 45.594453387384036, 118.86007725775048, 52.198207536938405, 15.277223861690901, -0.655968876099, -0.0892410436937, -0.749493742276, 0.0815052567542, -0.995554437171, 0.0472044039359, -0.750374391028, -0.0301230601031, 0.660326339425,  
488, 1375481.056055991, 68.99040080710138, 107.88673856375323, 69.14216676121715, 44.02049830306714, 0.830576415242, 0.320028781311, 0.45576792074, -0.249103062932, -0.518465396054, 0.818010572751, 0.498086822232, -0.792953474189, -0.350904980431,  
496, 171054.5024750702, 34.43620624858775, 81.7773703363028, 25.50590843450039, 19.578164059768767, -0.914132223193, -0.31423542773, -0.256160837131, -0.369881763425, 0.905119054786, 0.209635344703, -0.165981202567, -0.286383645871, 0.943628447945,  
499, 1164488.3303550524, 65.26527572931182, 112.55341457148134, 69.06755028462622, 35.76134166881969, -0.579187651025, 0.510922566628, -0.635216337802, -0.195136635458, 0.669672566356, 0.716561474943, 0.791494383051, 0.538977536434, -0.288166370032,  
514, 2081957.6765730067, 79.21262931306754, 90.55713310635508, 76.58059207087834, 71.67074231915831, 0.5602311064, 0.22424424547, 0.79740555917, 0.723807797006, -0.600636664953, -0.339614295499, -0.40279446423, -0.76743085362, 0.498805076656,  
591, 1176728.2116140027, 65.49314593945168, 109.52870285067648, 85.03966474868602, 30.160467748275398, 0.0335650691716, -0.565474359938, 0.824082601675, -0.778389609435, -0.531977150278, -0.333331557921, 0.626883563395, -0.630269037661, -0.458015216025,  
657, 565156.5023553859, 51.289292281305336, 116.06657374411438, 89.65143025574805, 12.966290056185704, -0.159240756008, -0.597606772221, 0.785817108124, -0.954261569146, -0.110839957539, -0.27766771772, 0.253036043435, -0.79409108395, -0.552622937558,  
666, 3590272.3381325663, 94.99037333625215, 125.76442074025775, 100.7202449817942, 67.66502014139519, -0.905876128477, -0.144070565591, 0.398286469749, -0.405732621855, 0.0253558452709, -0.913640038896, -0.12152974705, 0.989242514877, 0.0814233832578,  
707, 2450760.9596730378, 83.63809158275754, 138.03558135458456, 72.23041830332737, 58.68149444397339, 0.515852609468, 0.294996839143, 0.804284122808, 0.62806769604, -0.768712407137, -0.120880950963, -0.582603685619, -0.567501629962, 0.581820286251,  
709, 2984425.6847189004, 89.31492815696609, 120.91945604979554, 88.57148681661515, 66.52456443844169, 0.675571418086, -0.384397346663, 0.629159708614, 0.403577064316, 0.906940667292, 0.120764974934, -0.617032261898, 0.172329062817, 0.767837145419,  
722, 554258.8150812614, 50.95748671105948, 101.15852176046916, 76.07273916727839, 17.194615593040332, -0.272770602644, 0.909686713265, 0.313155364065, -0.608348845675, 0.089076736373, -0.788655195255, -0.745324010279, -0.405629657135, 0.529109346878,  
729, 542372.6979135264, 50.590589131123096, 107.03898976665137, 56.690452237191266, 21.33817572895891, 0.112624170732, 0.730042841656, 0.674057301358, 0.947874777545, -0.282437394492, 0.147521267236, -0.298075833072, -0.622307454189, 0.723798473471,  
740, 947819.2846167063, 60.93670640490265, 121.34448525661755, 60.08277185008145, 31.03608463876234, -0.615889482791, 0.787738819407, -0.0121530813558, 0.781821414708, 0.609215583972, -0.132708883458, 0.0971360926249, 0.0912355448535, 0.991080549131,  
759, 1166327.3667649564, 65.29961472802847, 136.41049592899563, 75.8740689566181, 26.902379449780046, 0.669514638622, 0.298760255484, 0.68006798073, 0.685641094344, 0.103627735943, -0.720525906606, 0.28573840907, -0.948685196515, 0.135462022336,  
765, 462837.093036613, 47.9858489541554, 142.50292824189066, 35.24730123094773, 21.998338942487628, 0.956021383887, 0.226285012875, 0.186596373223, 0.293296740842, -0.738388841306, -0.607255251806, -0.000367917342889, -0.635277114324, 0.772284178689,  
806, 421486.630869538, 46.51200539827281, 90.07160683099238, 53.00405406569748, 21.076485584348802, 0.371298879664, -0.919215832154, 0.131070194465, 0.647432223977, 0.357490710142, 0.673076449981, -0.66555890597, -0.165053464307, 0.727865850692,  
808, 3335448.0305219665, 92.68764682634635, 126.01318560956473, 99.33570290384586, 63.61275563482086, -0.315656050852, -0.934758471333, -0.163057835848, -0.948813612465, 0.309007214199, 0.0653243474887, 0.0106764395909, -0.175331519824, 0.984451558886,  
855, 3303145.7054677038, 92.38746285515171, 116.31773488726087, 99.44346859270254, 68.17370885269067, -0.852618204569, 0.470108391555, 0.228123425861, 0.483563508358, 0.544429821641, 0.685392225439, -0.198011440632, -0.694690052828, 0.69151804017,  
871, 109214.52084672372, 29.652678243436647, 97.22778707718342, 26.98686085118136, 9.93685618661497, -0.206627130294, 0.978294993372, -0.0156248190334, 0.966702102657, 0.201662408113, -0.157541479845, 0.150971102349, 0.047656889296, 0.987388751788,  
881, 1175172.1228234305, 65.46426413391693, 122.19127527613796, 98.93167797140993, 23.207977714017208, 0.622274535834, 0.733839246836, -0.272496535492, 0.61210620953, -0.23916117697, 0.753742608378, -0.487955315892, 0.635831653217, 0.598011470174,  
905, 2028013.9847418997, 78.52249888570418, 135.0049031302731, 92.16367646338217, 38.911054810157694, -0.629687352854, -0.270409752115, -0.72826671187, -0.740294820821, -0.0753110648736, 0.668050762871, 0.235493982771, -0.959795191418, 0.152760513909,  
947, 1621966.5391114738, 72.8871709403483, 98.4919795708955, 66.73238914745485, 58.91362434593107, -0.764558766773, 0.0330092553883, 0.643708226768, 0.621485295803, -0.227038965095, 0.749806198581, -0.170897393929, -0.973326100229, -0.153069864313,  
953, 746818.6931512672, 56.2827777922866, 115.66105663263747, 50.06618543867556, 30.788952352989266, -0.992568637792, 0.0093514906751, -0.1213262086, -0.0407920438724, 0.913782164025, 0.404151167097, 0.114645141318, 0.406096917412, -0.906610051368,  
981, 1683024.0675407446, 73.79052026903693, 118.33022079896867, 72.6440524829427, 46.74185876344801, 0.556828385233, -0.713045909714, -0.42603718152, -0.573870498175, -0.701062319235, 0.423301636983, -0.600512115383, 0.00878380261239, -0.799567410597,  
992, 1118903.364886799, 64.40229198260305, 125.26831069060692, 92.17113461290964, 23.13491009982075, 0.484167545894, -0.731828542018, 0.479592298301, -0.613580649039, 0.106783046818, 0.782378532449, -0.623779267552, -0.673070847682, -0.397334946076,  
1000, 1681828.1368242044, 73.77303799563555, 132.4720782301401, 93.44418929711496, 32.43518314202347, 0.432211581556, -0.388460562853, -0.813812963694, -0.746375281624, 0.35236435143, -0.564591270585, -0.506080119891, -0.851432765959, 0.137641408384,  
1031, 664548.7582619939, 54.13515864678998, 132.19722651611085, 37.45962764650467, 32.037044290194125, -0.823365423446, -0.556967092896, 0.108890022062, -0.0850431028982, 0.310797206307, 0.946664020232, -0.56110342195, 0.770190076528, -0.303265883169,  
1050, 1688666.7637153582, 73.87289441683937, 114.4514390413035, 93.70867325907483, 37.58843980383084, -0.559091587973, -0.765579200121, -0.318284596864, 0.725438091373, -0.637577655652, 0.259295793639, -0.401442613387, -0.0859256734425, 0.911844617685,  
1055, 636403.2336595374, 53.35984869765362, 109.04178237296003, 47.273324652722046, 29.47370144851498, -0.449582052949, 0.523883544868, 0.723479100654, 0.882903150353, 0.137770226278, 0.448889064077, -0.135491714736, -0.840574444156, 0.524477453347,  
1057, 987080.0879096746, 61.76672772754666, 73.78650490147618, 69.83354276591922, 45.73227090401769, 0.851825611992, -0.501014632681, -0.152896908385, -0.0771886157706, -0.408754110652, 0.909374507351, 0.518107174579, 0.762826595541, 0.386859846438,  
1107, 1738609.615807062, 74.59410187121665, 145.46453398479193, 88.32598764000261, 32.304858691501764, -0.211133839596, -0.63248739572, 0.745239690323, 0.198990917183, 0.718647443368, 0.666294579762, -0.956987521683, 0.288973262426, -0.0258715470535,  
1123, 1925378.3500267912, 77.17485548722362, 98.48521867211937, 83.94943973443804, 55.59536926477659, -0.695045947793, 0.254898818523, -0.672263135069, 0.713548305585, 0.359127131223, -0.601561733504, -0.0880905559857, 0.897805266155, 0.431492477352,  
1138, 1448987.0373287909, 70.19809020978741, 126.9291696437318, 66.48258395976242, 40.99270350051335, 0.896151029289, 0.442369357434, -0.0349669030283, -0.188899435114, 0.451598630173, 0.871995229712, 0.401534974962, -0.774834194412, 0.488263898986,  
1145, 338461.03542465647, 43.23213562686451, 123.11023680242045, 99.56814780390394, 6.591822043676689, -0.720986991059, 0.649203793096, -0.242305991987, -0.572191861477, -0.360524514517, 0.736626464426, -0.390863444675, -0.669743614723, -0.631402611774,  
1157, 921369.8235842667, 60.364525566756996, 117.38780296366815, 58.5942721899497, 31.97917358374582, 0.394055977294, -0.317138700787, 0.862637195594, 0.342615432881, 0.921616195474, 0.182313612745, -0.852839112559, 0.223711047343, 0.471824983851,  
1158, 330300.628346262, 42.88185824704185, 96.80026847828583, 61.65715310016817, 13.211762577544096, 0.710611466379, 0.094843379731, 0.697162877075, 0.576820558235, 0.488847043525, -0.654451382178, 0.402876392269, -0.867198536299, -0.292672703193,  
1162, 2459459.0745940004, 83.73692275889519, 109.59904471980444, 92.97535293966497, 57.62041562062493, -0.503508260029, -0.0194593109525, -0.86377124709, 0.841065342356, -0.239812809628, -0.484869988992, 0.197708173753, 0.970624104149, -0.137114282537,  
1166, 1742643.8625148262, 74.6517530249451, 97.3749471439872, 71.25270914662356, 59.96135179779288, 0.375846372128, -0.694283595695, 0.613766888409, -0.844280291351, 0.0164824794498, 0.535648315135, 0.382008238385, 0.719512763348, 0.579975076348,  
1187, 2319101.7480381313, 82.11271234711847, 120.33195035160507, 114.74727226111452, 40.096629507986556, 0.715007943276, -0.576533006289, -0.395440682924, 0.0621809418371, -0.510943881875, 0.857362163876, 0.696345583403, 0.637609631541, 0.329479568778,  
1193, 1678420.854255988, 73.72318440225669, 141.70975503305982, 61.102543053736106, 46.275724264768364, -0.680080094408, 0.276357581166, -0.679056369179, -0.253646627299, 0.780339562312, 0.571606119588, 0.687862234499, 0.560978301562, -0.460596234816,  
1210, 683127.5367450755, 54.63501427756155, 139.16164789602783, 78.63019977003742, 14.904048008299789, 0.469892786537, 0.882386917472, 0.0243741058368, 0.691566082413, -0.350835201024, -0.631388165377, 0.548577362654, -0.313541049301, 0.775083793913,  
1247, 1895440.2989993445, 76.77276229689821, 114.5287720163287, 85.77926000569035, 46.0600707833021, 0.638305726454, 0.766364533431, -0.0724651742218, 0.729132241442, -0.632099870335, -0.262327902466, 0.246844027809, -0.114608707446, 0.962254056948,  
1269, 541075.4943427343, 50.550224093910586, 93.47331258592764, 72.24847712576636, 19.127267181438576, -0.455493099535, 0.132259207644, -0.880359891334, 0.88643196023, -0.0239798843476, -0.46223732544, 0.0822460707847, 0.990925056268, 0.106316116842,  
1302, 668272.0872361687, 54.236073104907135, 91.28045946421928, 60.6499891844541, 28.81749106202966, 0.45445765581, -0.278888776059, -0.845984213602, 0.779304728816, 0.58449047609, 0.225953585955, -0.431453796739, 0.761965835158, -0.482965513604,  
1308, 2308872.116228487, 81.99180045898154, 158.3673923650479, 65.21569781175658, 53.36952753852168, -0.801919909713, 0.574872082014, 0.162623945735, 0.135926538282, -0.0895043982639, 0.986667592902, 0.581763211793, 0.813333297002, -0.00636501308843,  
1312, 1670301.8322336876, 73.60411853621507, 113.44811319286532, 73.01486603157416, 48.139079123184686, -0.376168834296, -0.830705934619, 0.410395733765, -0.20778806427, 0.50727978105, 0.836355991241, -0.902951343346, 0.229335723178, -0.363433622032,  
1333, 1756874.7157711752, 74.8544104906375, 113.49079546569286, 105.17957095048344, 35.13663348317879, -0.638320793376, 0.763122190227, -0.100950916422, -0.35729621329, -0.177562530955, 0.91695744916, -0.681825476726, -0.621382386606, -0.386002524478,  
1356, 2003117.8878386526, 78.19985839548805, 111.52655746650554, 81.64172070570659, 52.52033089035714, 0.745857742094, 0.251782928138, -0.616685970051, -0.383962744339, 0.919033650441, -0.0891614284183, 0.544305832707, 0.303286179138, 0.782143627491,  
1369, 1639375.8556136875, 73.14702068112234, 124.33757856955629, 72.78348805953395, 43.24686744445569, -0.986576900398, 0.0363071651953, 0.159209953698, -0.0531601197677, -0.993269471593, -0.102906552109, 0.154402141395, -0.109988847417, 0.981866809795,  
1388, 887978.3843706707, 59.626309256674325, 120.72352433133133, 58.4589641209392, 30.037982767115352, -0.945542947264, 0.0929072399611, 0.311956374582, -0.0503805674982, -0.988622646853, 0.141728827514, 0.321574770929, 0.118294154094, 0.939465890711,  
1399, 2357532.899787344, 82.5638084502629, 103.41378424990772, 87.7719644644097, 62.006169552237274, 0.585485663904, 0.564279605722, 0.582061048284, -0.268748212502, -0.542288348292, 0.796051346072, -0.764840464175, 0.62250451715, 0.165852918238,  
1402, 1326697.535860268, 68.16494747531434, 129.4154342840611, 89.15760513004602, 27.449778528470524, 0.558861964629, 0.614083814304, 0.557292000213, 0.444684413187, -0.789163337695, 0.423647257877, 0.699949338995, 0.0110587272415, -0.714106873928,  
1418, 855064.8900831143, 58.880319097296336, 125.11493125621362, 62.55714198404193, 26.081011109943578, -0.0369729270469, 0.969843245999, 0.24090886421, 0.140231837022, -0.233652985956, 0.962154516717, 0.989428135112, 0.0693567613376, -0.127364065206,  
1460, 1512646.597285859, 71.21141604231393, 103.97779305652409, 97.75553408838164, 35.527685639292926, -0.82170729137, -0.461556930031, -0.334308731042, 0.288578882395, -0.842810820373, 0.454304027824, 0.49144618825, -0.276830492183, -0.825739379376,  
1510, 971001.2545798256, 61.42951133639254, 99.43734070276102, 72.46204272742264, 32.171484984829675, 0.475573861529, 0.101324074395, 0.873820882206, 0.771389437263, 0.429434900167, -0.469621126652, 0.422833109288, -0.89739573125, -0.126067693019,  
1521, 2280765.4515665974, 81.65773676957859, 125.43561342094023, 79.35963874763175, 54.698003698882005, -0.600000685685, -0.36206344363, -0.713378749308, -0.0201504401114, -0.884601322138, 0.465912503196, -0.799745670161, 0.293922717152, 0.523465662104,  
1527, 1775403.44075366, 75.11663927221635, 121.94500925577535, 72.82608961647885, 47.7262625123776, 0.378059218669, -0.589851855441, -0.713544683823, -0.797525613147, -0.598908880034, 0.0725330944597, 0.47013202779, -0.541648356454, 0.696844985916,  
1537, 1058300.2301824216, 63.217904163620155, 112.12445347656178, 64.02419924086291, 35.19457998740532, 0.363575679971, 0.859354161798, -0.359615279895, 0.871536323027, -0.177448098054, 0.457095843497, -0.328994168001, 0.479606710855, 0.813474179261,  
1550, 1107724.369191972, 64.18709197650156, 92.81546122910441, 81.67855802269617, 34.88307097137764, 0.791226583665, -0.610960383118, -0.026227915701, 0.0429083394805, 0.01268260648, 0.998998511458, 0.610015874961, 0.791559575619, -0.0362501109251,  
1593, 779114.3032181544, 57.08265825210646, 100.79356558875995, 66.75238162568041, 27.644770827141702, -0.0669391656661, 0.525126135635, 0.848387700154, 0.633577752333, -0.634490229617, 0.442720431277, 0.770777775918, 0.567154908463, -0.290235990113,  
1600, 1385628.667765957, 69.15964418688678, 131.11917743064276, 67.11123740564534, 37.59211739185409, 0.202267389724, -0.677339997771, -0.70731777192, -0.879941654492, -0.442724785006, 0.172329479288, 0.429872757621, -0.587541736526, 0.685568464922,  
1611, 1490246.832686521, 70.85815924903837, 118.49033111538478, 95.21511998580588, 31.534123637379338, -0.608488536348, -0.0132769945716, 0.793451588031, 0.613975960296, -0.641345442824, 0.460119053232, -0.502767561913, -0.767137369956, -0.39840310529,  
1661, 962828.6222649192, 61.256680820684956, 116.09939081174875, 108.12859652199458, 18.310064573865578, 0.0726852300668, 0.898027890266, 0.433892573841, -0.87212772753, -0.153824557454, 0.46446876364, 0.48384923706, -0.41216976336, 0.772014249848,  
1664, 2361930.0296465605, 82.61510760170991, 136.0718237477041, 97.59530026910684, 42.460128907521806, 0.109648652757, -0.586479540821, 0.802507894757, -0.278504825986, -0.793162902653, -0.541597333595, 0.954155246724, -0.164116903617, -0.250306626153,  
1682, 1886386.5404290801, 76.65032958110568, 106.77288624105897, 102.23336709775877, 41.256124831180884, -0.561861074716, 0.107439493375, 0.820224900855, -0.752275530938, 0.346061641891, -0.560645044179, -0.34408379542, -0.932039749836, -0.113614464108,  
1685, 2726966.441979428, 86.66898851424743, 125.73750225175188, 87.15510029032276, 59.40644284350396, 0.624478574873, -0.336452836313, -0.704858850027, 0.21150409292, -0.795893483407, 0.567291443395, -0.751859380605, -0.50334188382, -0.425857276314,  
1709, 2164927.2996198237, 80.25120629151755, 129.02683433945413, 95.36699486043499, 42.00263805173817, -0.43500838791, 0.237909891286, 0.868427651607, 0.747972945049, 0.632431147123, 0.201413300514, -0.501302479471, 0.737176863295, -0.453063015815,  
1721, 1417563.93903695, 69.68693268117175, 101.94178021368607, 77.94603486170138, 42.5900163388656, -0.0237047232909, 0.677835776196, 0.734831100732, 0.630288870577, -0.560415480111, 0.537280587104, 0.775998727911, 0.475891952192, -0.413947851931,  
1753, 541411.3965614062, 50.560682535832065, 119.4730100526653, 87.15239700794501, 12.413368333070297, -0.804497395026, -0.418937408774, 0.421040839973, -0.583209182802, 0.422933377426, -0.693537603418, -0.112476621979, 0.803504079509, 0.584576944225,  
1784, 1336410.1754075673, 68.33088644628194, 110.75370555943388, 76.79698241414387, 37.51014501557264, 0.0286333335692, -0.868709984185, 0.49449276596, 0.828170540946, -0.256399757657, -0.498390127694, 0.559744305302, 0.423794912253, 0.712098437739,  
1823, 893871.3143905529, 59.75791878239407, 100.047927491317, 79.89346506002616, 26.697281275437497, 0.735747076806, 0.470722808827, 0.486925329205, -0.541414972923, -0.0231256612023, 0.840437404504, -0.406873525886, 0.881978027529, -0.237841739167,  
1837, 2888017.5580445593, 88.34264675980009, 136.37665079369768, 85.21187275120127, 59.329554759780805, 0.158996626425, 0.290943727281, -0.943436177143, 0.788226491098, 0.538001962594, 0.298752216688, -0.594490598342, 0.791141982074, 0.143789056199,  
1846, 3140693.1564666484, 90.84735754995228, 106.85206479885838, 85.94800491828784, 81.6428543845836, 0.810315138096, -0.576800113901, 0.103397319, -0.510739432209, -0.608666429959, 0.607182352698, 0.287288373173, 0.544818139974, 0.787806184918,  
1858, 930409.2934490931, 60.561293638151994, 137.98413674207973, 72.14153650747387, 22.313663612367026, -0.423696111084, 0.632844313318, -0.648066108166, -0.124209176046, 0.668109131496, 0.733622702073, 0.897247839807, 0.39132884319, -0.204470170072,  
1872, 1651892.7637846153, 73.33271212047042, 115.9069015804096, 90.66528508600851, 37.526919317457256, 0.731380085622, 0.680392479235, 0.0463599455884, 0.557517989456, -0.63567833647, 0.533935149597, -0.392755473276, 0.364663031774, 0.84425352322,  
1882, 2232237.0141919698, 81.07442899398693, 106.72683417937044, 77.33742617958545, 64.56369157363251, -0.936833869428, -0.0120273157315, -0.349567797099, 0.0217762712378, -0.999475437713, -0.0239717212504, -0.349096111556, -0.0300698035415, 0.9366043518,  
1886, 579700.6182444746, 51.72554216052605, 105.91179470873867, 56.98490815435746, 22.93036534149066, 0.309948354331, -0.839072463804, 0.447089944121, -0.884448702834, -0.426997021876, -0.188212739642, -0.348830201821, 0.337091892211, 0.87446357643,  
1887, 1052521.3246470115, 63.1026258210098, 113.29798545380591, 58.977207561603414, 37.60416076766848, -0.759383547048, 0.650634810367, 0.00331240264271, 0.59199367369, 0.693035405926, -0.411394477898, 0.269963180423, 0.310445276453, 0.911451376401,  
1926, 1584015.1526679085, 72.31419801930274, 129.95885176476972, 80.58339729140954, 36.10931785171799, 0.277083085028, 0.935124673925, -0.220832081476, 0.807739849799, -0.35116560496, -0.473538861066, 0.520366504531, 0.0471652638173, 0.852639512837,  
1975, 860174.4295399755, 58.99736831829629, 114.17495179284863, 60.960266337498425, 29.503954261840647, 0.705355532114, -0.639140077374, -0.306551031332, -0.628044478449, -0.362958321332, -0.688346853022, -0.328684813166, -0.678056943383, 0.657423056429,  
2022, 1170143.410593847, 65.3707539654657, 95.9297552776686, 68.49512911665875, 42.51453729269451, 0.293246517959, -0.15934288208, -0.942664482006, 0.232029917634, -0.944670283182, 0.23186240186, -0.92745274652, -0.286719204107, -0.240048955358,  
2054, 748372.274752377, 56.32177847883012, 114.46672812230989, 75.54813984377019, 20.659796316181065, -0.545921004813, 0.151872696574, -0.823956880267, -0.813790538279, -0.330036036134, 0.478352563137, 0.199286769032, -0.931671025034, -0.303766167965,  
2063, 1666350.3768039658, 73.54603062243486, 118.22405596670737, 77.2868459655365, 43.537779506294676, -0.439992483293, -0.393656289045, -0.807119161426, 0.0775904219657, -0.912099077825, 0.402560552774, -0.894643136152, 0.114498900979, 0.431860695839,  
2085, 1506782.6764688184, 71.11927756467767, 99.87103739643014, 81.81283371857269, 44.02516706428501, 0.68708092755, 0.687236622252, 0.235850851246, 0.556260569583, -0.706364246906, 0.437748477348, -0.467433393891, 0.169574100998, 0.867612036884,  
2090, 1747454.0749979292, 74.72037689560605, 100.13280870246494, 74.353849156406, 56.0321526157809, -0.699188718351, -0.510901663992, 0.500114612726, -0.713323403009, 0.545493692432, -0.440007220664, 0.0480089455293, 0.664391542125, 0.745841149241,  
2093, 811084.254156021, 57.852987021084665, 131.21151950368622, 80.77930642999533, 18.268600394242736, 0.271757406126, -0.959584695753, -0.0731103542079, -0.504391455276, -0.206719935873, 0.838365151922, -0.819595736971, -0.190955701118, -0.540183994719,  
2094, 1762151.128420973, 74.92927221654483, 125.48263113938174, 94.0032354506293, 35.66384182145113, -0.923784636866, -0.102991264344, -0.368801768108, -0.342842418992, -0.206474699631, 0.916420904471, 0.170531581917, -0.97301644276, -0.155428381218,  
2100, 2367480.105055987, 82.67976678512117, 126.00582321953824, 88.40909952801503, 50.73528982575413, 0.808754667041, 0.251775032113, -0.531531016729, -0.139433636976, 0.960053661691, 0.242600963627, 0.571379164321, -0.122091358734, 0.811553787929,  
2108, 2708172.831647659, 86.46942861898935, 119.3547159885461, 108.37533645439413, 49.982471287697486, 0.637611254891, 0.247212781348, 0.729614780808, -0.648209226908, -0.339604301345, 0.681537758793, -0.416265162832, 0.907499178648, 0.0562899188675,  
2119, 861015.3092029295, 59.01658671890211, 100.75661720473899, 71.7035885140397, 28.45167210163327, 0.409233973886, 0.486085366732, 0.772171335175, -0.427906266526, -0.645201690117, 0.632938390476, 0.805868340168, -0.589436845913, -0.0560394771136,  
2121, 577014.9865568359, 51.64554061772103, 104.48901241703689, 64.3526395916519, 20.48620404228161, -0.100088591478, -0.992761366353, -0.0663863188661, -0.987820335154, 0.107136090621, -0.112839902264, -0.119135466224, -0.054283768872, 0.991392966046,  
2130, 443451.02090848907, 47.306303810417035, 76.09046298086052, 59.82688245857889, 23.255755376922366, 0.827020332884, 0.309419233046, 0.469358186483, 0.513453375562, -0.755716767477, -0.40651912437, -0.228917015797, -0.577193126757, 0.783865482275,  
2135, 2182424.149308888, 80.46682206847863, 106.7436290556446, 90.97476185775996, 53.65221522721776, 0.630189962101, -0.0367477737491, -0.775570894755, 0.399950904803, 0.871528391646, 0.283685629355, -0.66550723919, 0.488966117108, -0.563925749462,  
2140, 1998448.4977057367, 78.13904823831365, 117.51613431497161, 83.02004913382515, 48.901689994231404, -0.767173681426, 0.251425964654, 0.590109758286, -0.0796084716318, -0.950185507685, 0.301346963202, 0.636480191185, 0.184207723194, 0.748972950743,  
2145, 2037674.027513641, 78.6469769071027, 154.57312539005184, 77.36862445937896, 40.676842773395556, 0.141348853646, 0.989261354466, 0.0371816370511, -0.630262333851, 0.0609634928638, 0.773985040596, 0.763406767131, -0.132836083571, 0.632111289885,  
2157, 2638358.774871109, 85.71991815170392, 121.499478965168, 81.23612267424204, 63.814833551238685, -0.313727563516, -0.675637475613, 0.66714992126, 0.0647571234441, 0.685762457933, 0.7249388707, -0.947302238387, 0.27063601541, -0.171390245667,  
2191, 1206721.2668800764, 66.0449251705539, 128.0258645306204, 67.31954667441639, 33.42561890489873, 0.509090078634, 0.765859664736, -0.392792904424, -0.472163291818, 0.630057758583, 0.616513622485, 0.71964513317, -0.128398577794, 0.682366974234,  
2200, 2279667.8508575438, 81.64463561661707, 132.57710964733062, 85.73895927351332, 47.87802322855487, 0.752252443495, -0.0701307005481, 0.655132006619, -0.598990316396, 0.341395865648, 0.724333806875, 0.27445739582, 0.937299604054, -0.214808263622,  
2202, 644490.117634298, 53.58491560483823, 79.0753928007808, 60.44504421590554, 32.190342357375584, 0.625636620919, 0.77981889132, -0.0214782519176, 0.540298864006, -0.413284981772, 0.732988854891, -0.562721917219, 0.470189345457, 0.679901480583,  
2204, 1625289.0657856292, 72.93690571063306, 145.9134487986994, 82.70251340015368, 32.153479228331335, 0.240096462529, 0.219144574695, 0.945689877319, 0.868014376511, 0.387705293649, -0.310218709055, 0.434631718645, -0.895354823887, 0.0971339718604,  
2221, 2587372.0746560427, 85.16413879737414, 129.63652678836513, 101.62121692969352, 46.887653499426946, 0.557802430321, 0.729521455338, 0.395796532237, 0.426024735418, -0.660927703736, 0.617800530306, -0.712291635175, 0.175991524333, 0.679461264402,  
2241, 1631175.480366081, 73.02485305809545, 128.162190161071, 80.21966607071842, 37.876627684100974, -0.381969784893, -0.097497879197, -0.919017544436, 0.915483534509, -0.175976371196, -0.361831749331, 0.12644754435, 0.979554225315, -0.156475359706,  
2243, 1366594.139672381, 68.84149845049915, 79.93553267688014, 69.75910011667558, 58.50731953578202, -0.938209346871, 0.0218856293671, 0.345375506762, 0.202231593867, 0.844536039105, 0.495843988665, -0.280830204724, 0.53505130397, -0.796777571368,  
2244, 972827.183641911, 61.467992472916606, 88.39050312272079, 62.346181483529676, 42.14359919202962, 0.348517895027, 0.914951649715, -0.203466841351, 0.765781342698, -0.403124394567, -0.501068515955, 0.540475912527, -0.0188202334805, 0.841148968251,  
2270, 1837424.138201079, 75.98133782467642, 142.61254235060548, 100.31390857676878, 30.66210267791643, -0.944168439386, -0.0796459393421, -0.319691229805, 0.0761865389305, -0.996820505623, 0.0233343278332, -0.320533257796, -0.00232463243088, 0.9472344096,  
2275, 2785711.752733265, 87.28692397380492, 117.00295891788917, 90.42362124804356, 62.85919671092535, 0.748437763507, -0.532968305442, 0.394696971804, -0.605090575336, -0.792383474558, 0.0774197964808, -0.271489060178, 0.296771317082, 0.915543814113,  
2278, 2030818.7391373124, 78.55868122536194, 113.76332652181753, 93.29282445032734, 45.680624088347585, -0.889441503422, 0.134615383479, -0.436775125805, -0.271428262389, 0.613295592598, 0.741751450606, -0.367723415583, -0.778297638844, 0.508952134294,  
2292, 587037.6790992159, 51.942851740299965, 120.29655328539089, 70.61731283618828, 16.49730472220355, 0.295157025472, 0.0214059375319, -0.95520893848, 0.273018420672, 0.956174416659, 0.105789540599, 0.915610873837, -0.292014161925, 0.276377381396,  
2306, 1213555.6790275509, 66.16937499926603, 114.34336707812783, 75.91009901229462, 33.37801941818265, 0.627839471719, 0.714489537598, 0.308743094521, 0.63714065335, -0.699617488542, 0.323399377821, -0.447067540312, 0.00633011756482, 0.894477805209,  
2307, 2182728.860331481, 80.47056683193502, 140.04992228437294, 107.10418924593243, 34.739363043682644, 0.00803946674628, -0.829533435112, 0.55839918249, -0.44671531186, -0.50257789613, -0.740176255004, 0.894640037738, -0.24349484256, -0.374605745448,  
2310, 1366797.499253074, 68.84491299363127, 105.17379278712947, 93.18323921304727, 33.294325972751345, -0.889160561931, 0.454627034411, 0.0520360902565, -0.397289129995, -0.823396607125, 0.405190541058, -0.227056914218, -0.33960607615, -0.912750168857,  
2339, 423697.54331602383, 46.59319001223648, 145.78574093895065, 56.09912476843353, 12.367906759639006, 0.147254179936, 0.981009277809, 0.126241844663, 0.905075973459, -0.185122374858, 0.38284094425, -0.398940708325, -0.0578835311582, 0.915147970583,  
2341, 1477051.1862845838, 70.64839698841874, 126.96628620420886, 98.64976224225028, 28.152857172702426, -0.295946962604, -0.952253235618, 0.075027798719, 0.460074808686, -0.0732675330574, 0.884851987064, -0.837106066002, 0.296387658067, 0.459791029064,  
2355, 3038241.746901104, 89.84858443460179, 122.31803451741298, 105.97405057418004, 55.955617041335366, -0.107317130013, -0.407516234797, 0.906870195774, 0.558633168253, -0.77925439975, -0.284062605419, 0.822442713466, 0.476122987101, 0.31127943109,  
2398, 285424.94739271107, 40.8445805178733, 122.85085292511194, 46.03618069135665, 12.048302372612374, 0.564399193943, -0.824855216873, 0.0326714106421, 0.448712043216, 0.339766164818, 0.82656908696, -0.692900463378, -0.451854870994, 0.561886219273,  
2408, 2104768.479990538, 79.50087477020989, 113.34755089086924, 84.74656142663937, 52.30961161024659, 0.309857825334, -0.950456292496, -0.0249191519452, 0.22961350193, 0.049371450274, 0.972028857406, -0.922640649338, -0.306912521661, 0.233535727967,  
2430, 755354.0358488203, 56.49638349834454, 120.82138202025223, 63.38165994309189, 23.548027620474013, -0.0529878843462, 0.933549975023, 0.354509137044, 0.490819675228, -0.284818694519, 0.823391982996, 0.869648394768, 0.217629858676, -0.443112755505,  
2437, 1727790.9599047718, 74.43905697840955, 134.55399283204576, 72.39734647214013, 42.3431681995443, -0.883981650802, -0.209285542407, -0.418062199661, -0.451165095042, 0.616327938031, 0.645437781524, -0.122582617289, -0.759170227645, 0.639244919726,  
2440, 1138176.0607919574, 64.76995756551189, 115.3556389896882, 95.88686768317608, 24.56534549089543, -0.910446897571, -0.142426240054, 0.388331318396, 0.129749999038, 0.793117542816, 0.59508780951, 0.392748500255, -0.592181838139, 0.703611601756,  
2448, 2291372.529658444, 81.7841286531847, 118.32093384339333, 80.55708152671697, 57.39073414738195, -0.453465182636, -0.797292210562, 0.398364731263, -0.862656456399, 0.504976006848, 0.0286892094872, 0.224038314514, 0.330642349806, 0.91677831025,  
2469, 1648923.0867522277, 73.28874132790448, 106.4668087929463, 86.39819822271913, 42.7949838544723, -0.831635046837, 0.205083386931, -0.516065841998, 0.554215423107, 0.365167183507, -0.747996118226, -0.0350487326894, 0.908071435788, 0.417346203819,  
2479, 1292622.96054518, 67.57630150557269, 117.60961668389047, 68.63847850269873, 38.22722511775512, 0.00681856258071, -0.0176820830795, 0.999820409445, 0.63423613812, -0.772929949918, -0.0179948220879, 0.773109324938, 0.634244934121, 0.00594434485222,  
2516, 1956352.5692285728, 77.58650197073783, 107.89392766761559, 84.30998965630121, 51.34314606714578, 0.327029120843, -0.585102848407, -0.742096092771, -0.442416464505, -0.788696286411, 0.426879186347, -0.835056660386, 0.188713604669, -0.516785786721,  
2517, 427494.92167700635, 46.731972978076115, 169.5419722086734, 27.39177960529528, 21.975808969701042, 0.693170424292, -0.257673127068, -0.673141383718, -0.587227256079, -0.743428861931, -0.320121347251, 0.417946064229, -0.617185617812, 0.666635583029,  
2521, 607260.3611038909, 52.53258534256863, 120.60156701249778, 89.2415315450343, 13.469961625974424, 0.780807859772, -0.108792934504, -0.615226123893, -0.0891656694606, -0.994046537821, 0.0626176016435, 0.618375751067, -0.00596473368321, 0.785859944548,  
2540, 2464385.5206177086, 83.79279551870731, 117.78694730440739, 82.28980272313362, 60.69834526961562, -0.209131309869, 0.388703870912, -0.89731454684, -0.134674181822, 0.897413027014, 0.420134173446, 0.968569543184, 0.208708312446, -0.135328786047,  
2550, 1684966.6993216632, 73.8189002735782, 123.23270868273643, 82.70772248327758, 39.46668564642162, 0.0628412935753, 0.96903152205, -0.238807204863, -0.769022171454, 0.199529094485, 0.607283327835, 0.636125672831, 0.145485565354, 0.757745391698,  
