# Void_ID, Void_Volume, r = (a*b*c)**(1/3.0), a, b, c, vector_a, vector_b, vector_c 

5, 907253.2788124823, 60.05465075637475, 103.9548875268278, 47.951419193074, 43.45037799796482, -0.58205556286, 0.783204747444, 0.21863587383, 0.79550266274, 0.492744311067, 0.352673443123, -0.168483931927, -0.379200959245, 0.909846029386,  
8, 1694961.537537484, 73.9645715833164, 118.97615526300937, 80.6904996283058, 42.14915798586377, 0.121573441908, -0.615728050682, 0.778523516553, 0.950699930781, -0.153202405609, -0.26962689875, 0.285288520338, 0.77292172341, 0.566747271404,  
49, 953917.7916510514, 61.06712111482532, 114.42582573630688, 69.97686166111347, 28.440931953918064, 0.124420191294, 0.197334435254, 0.972408729219, 0.507095756324, -0.855016807737, 0.108628506416, 0.852861952438, 0.479588760451, -0.206448809472,  
52, 990402.3432620445, 61.83594705153851, 113.24660312909224, 76.33678205951497, 27.35042109924475, -0.50400533466, -0.429476280633, 0.749352218258, -0.839296288245, 0.0387505009472, -0.54229156292, -0.203863589618, 0.902246376025, 0.379988307423,  
54, 788511.893476911, 57.31124984831978, 80.63183903254979, 65.33055561037932, 35.73524156058966, -0.229513228772, 0.839426284687, -0.492632916476, -0.248288005209, 0.438903610369, 0.863548891074, -0.941104002907, -0.320510738325, -0.107685293009,  
85, 2834367.1908922256, 87.79218020462048, 140.35912031625483, 89.43261190178023, 53.90523585948635, 0.0696864369617, 0.993755222647, 0.0871456135754, -0.933547901956, 0.0341737417549, 0.356819940767, 0.351613587988, -0.106220115027, 0.93009954946,  
89, 1604744.900605152, 72.62828654113339, 124.12188626136106, 67.96546330707201, 45.41305791767357, 0.756296562472, -0.198304369445, 0.623450789279, -0.547691410153, -0.713144343444, 0.437560583986, -0.357840228089, 0.672384207483, 0.647958215234,  
100, 1076407.303873454, 63.576411190999586, 87.54715144282441, 83.11848848094647, 35.314118492601885, 0.34026299968, -0.0461880113038, 0.939195271847, 0.875753546926, -0.348182846525, -0.334401600522, 0.3424570281, 0.936288082268, -0.0780244250709,  
138, 3263632.7115026303, 92.01759736273172, 106.5798865044679, 102.51930938847767, 71.30693061150399, 0.883132277468, -0.116804330764, -0.454350227038, 0.0888131208333, -0.909365087222, 0.406407883424, 0.460640434681, 0.399264181284, 0.792715903386,  
155, 1308471.9050016585, 67.85136634152896, 121.65638168979822, 61.08349849853868, 42.035575184491684, -0.348412830922, -0.867000597167, 0.356256177155, -0.933526617169, 0.355209514353, -0.0485206754959, 0.0844781290426, 0.349479849813, 0.933127687023,  
177, 1324506.99843623, 68.12741062900348, 108.7903062587293, 64.95604958108319, 44.746167506510716, 0.416778866818, 0.766798977859, 0.48817487003, 0.829614952685, -0.54036913912, 0.140499906651, -0.371529819067, -0.34643977982, 0.861362335201,  
189, 3123927.748197236, 90.68541758081317, 116.79368579559583, 106.74352233163077, 59.82069820495156, 0.909865452547, -0.0633644095818, -0.410036351877, -0.00634722941805, -0.990279468055, 0.138947068441, 0.414854879374, 0.123820542512, 0.901423264794,  
199, 1062045.2675263372, 63.292386710947184, 112.67283732625418, 60.0500328310581, 37.47329989665731, 0.838140285302, -0.502449724427, -0.212285507222, -0.280061865314, -0.730383467453, 0.622981012607, -0.468066462963, -0.462692408513, -0.75288081484,  
206, 682033.5904934747, 54.60583490382655, 158.6134759981775, 36.54662470946843, 28.08858093868656, 0.077012049575, -0.707172155315, 0.702834750825, -0.705186812455, 0.45969809269, 0.539804800939, -0.70482671896, -0.537201271708, -0.46328618576,  
215, 332326.1120325245, 42.96933367350429, 105.9550101453281, 46.783822297766044, 16.005109827295502, 0.387714075603, -0.35146417523, -0.852144781777, -0.829652221289, -0.535912439304, -0.156445035427, 0.401690163297, -0.767639753354, 0.499373829692,  
218, 2610718.3514542948, 85.41952214280914, 107.41766339514781, 87.13345839374949, 66.59026752300075, 0.621365738359, 0.181829460486, -0.762130347442, 0.384110649722, -0.918486154151, 0.0940329378615, -0.682908213425, -0.351171228794, -0.640558459553,  
229, 2140876.349857175, 79.95291919595353, 105.4489694063751, 80.15496245887879, 60.468642735521414, 0.504787276468, -0.855320505307, 0.116690354002, -0.489858610523, -0.172514486425, 0.854562632971, -0.710794166558, -0.488534118741, -0.506069232035,  
264, 1914746.5448268317, 77.03254182320717, 116.26034167242729, 69.15962226408577, 56.851048357980694, 0.186979121102, 0.979674732648, 0.0726376381946, 0.432316203574, -0.148456705122, 0.889417397419, 0.882123295463, -0.134900055281, -0.451287565401,  
274, 299928.6361773067, 41.52501275000834, 106.05614365707984, 46.927369863929755, 14.386901753175698, -0.725714287594, -0.24031822835, -0.644659539529, -0.665264354769, 0.483990272238, 0.568486371563, -0.175391308382, -0.841427694756, 0.511113806742,  
291, 737571.8403428507, 56.049521077789485, 67.83927578596754, 53.68170583759646, 48.35130579287747, -0.643634156316, -0.172892887757, -0.745548873104, -0.713018715045, 0.489438673252, 0.502049895051, -0.278099595142, -0.854726760134, 0.438295312196,  
309, 233049.16535048652, 38.17563891183015, 119.98193748018723, 33.83114113512077, 13.706495409288664, 0.0661808366957, 0.921236464753, 0.383332066052, -0.668139124587, -0.24441776584, 0.702744666246, 0.741087179116, -0.302627381034, 0.599338352851,  
318, 1005078.1555643264, 62.13987971750856, 124.01756647605012, 72.53383442108688, 26.673953088777274, 0.715006816988, -0.620407343105, -0.322273145456, 0.40458011831, -0.00875002916088, 0.91446069618, -0.570158030311, -0.784230938953, 0.244748145775,  
330, 647615.9143806429, 53.67140542129029, 130.79488903966467, 49.24377077218788, 24.00417743772004, 0.708625873948, -0.0877064370174, -0.700112099365, 0.347529264349, -0.820154280905, 0.454500127541, -0.614062522218, -0.565379992942, -0.550701990543,  
340, 1634551.9965398274, 73.07520522511064, 143.48372429243, 89.22972622890154, 30.478804611723895, 0.743919153078, -0.263250922336, -0.614233868793, -0.469558775622, -0.8599148627, -0.200152404793, 0.47549852778, -0.437316110836, 0.763318917152,  
361, 4206769.800615881, 100.1428728538155, 127.56305236546152, 106.86566576533541, 73.67108057065906, 0.419850740801, -0.820589778703, 0.387759939315, -0.509969552702, 0.140121175632, 0.848703193971, -0.750770544685, -0.554074427517, -0.359645823006,  
366, 1072418.894503259, 63.49779083293447, 130.01167305031424, 66.67427905826884, 29.53487739069816, -0.440757886111, 0.895719143709, -0.0584782132515, 0.867774876316, 0.408533829476, -0.282960905795, 0.229563171841, 0.175463174962, 0.95734707623,  
381, 1846022.5978753108, 76.09967486602757, 135.30697613435296, 78.13479920487282, 41.6853752079958, -0.2374780333, 0.967251308621, -0.0896051877471, 0.970212154362, 0.240724875276, 0.02720128586, -0.0478806769888, 0.0804763343768, 0.995605845893,  
390, 1879591.1940571151, 76.55817946199177, 101.65136876604794, 80.53782046572238, 54.81023814032053, -0.0440886690727, 0.937927591384, 0.344017474236, 0.985131720461, -0.0164179155945, 0.171014459589, 0.166047230029, 0.346442326178, -0.923258377721,  
406, 1537897.7029390854, 71.60548318498465, 102.73532365295698, 91.22313265096979, 39.175456280264235, -0.24659703486, 0.383787630005, 0.889885923843, -0.931634029379, -0.346790119601, -0.108603168697, 0.266923093235, -0.855829228294, 0.443067031379,  
407, 3679596.2266347622, 95.77169751276784, 122.24556418138185, 93.63149208385629, 76.74613302325754, -0.413261756826, 0.84460836104, 0.340369559165, -0.0326018980332, -0.387264592531, 0.921392018425, 0.910028481197, 0.369679390598, 0.18757748153,  
448, 1218262.5032856676, 66.25481149416774, 117.06308974115842, 63.184402455169895, 39.320805213759, -0.678143575367, 0.141817091273, 0.721116636759, 0.696681997577, 0.436461306797, 0.569329185903, 0.233998900511, -0.888475908673, 0.39478484554,  
449, 1035914.3278799477, 62.768980790778855, 94.50286262389582, 82.47877773752998, 31.728391086367765, 0.118383600618, -0.905118893303, 0.408344354792, -0.97375157063, -0.18633417214, -0.130718992456, 0.194404737084, -0.38215097184, -0.903419854177,  
451, 1298826.1901439172, 67.6842274178433, 154.14862313970005, 65.5273811249823, 30.697285040241212, -0.257239295481, 0.899646665583, 0.352794305461, 0.964836931758, 0.259515824187, 0.0417280734272, 0.0540151828304, -0.351123075433, 0.934769996268,  
476, 990665.5982460087, 61.8414253568132, 106.87959301641425, 80.13813373718456, 27.61241913102074, 0.36830956964, 0.387080581177, 0.845290887557, -0.49337795738, 0.851992848637, -0.175175275206, -0.787988738551, -0.352529161272, 0.5047741459,  
484, 1408856.5298745246, 69.54395516701965, 137.96112799418867, 94.22431311946274, 25.873694331800394, 0.338480614948, -0.920873694269, -0.193448992005, -0.00271141647696, -0.206537564414, 0.978434914906, 0.940969458338, 0.3306567309, 0.0724058339208,  
511, 2375334.447393794, 82.77109854449374, 130.902843990473, 80.21717087088618, 54.00322977826234, 0.382071058371, 0.488544486732, 0.784439921752, -0.495930269056, -0.60786502425, 0.620123601008, 0.779791558424, -0.625958782011, 0.0100363655889,  
518, 1829898.894636183, 75.87746769792845, 123.00780878679788, 94.75726438412907, 37.47945689523675, -0.969705188745, 0.190643637014, -0.15273130192, 0.243345939192, 0.699332581302, -0.672098723855, 0.0213213695312, 0.688904161981, 0.724538787648,  
533, 2463181.3756497316, 83.77914571833371, 96.19395964213902, 91.81905129360729, 66.57745345912313, 0.903489246111, -0.422744653216, 0.070669231914, -0.0793411312382, -0.00292780493721, 0.996843223808, 0.421203237234, 0.906244109573, 0.0361862792866,  
540, 851480.2917057103, 58.79792460082638, 119.62828747912549, 76.4332375275475, 22.231555453767108, 0.785911269452, -0.187655325749, 0.589176506037, -0.279773974867, 0.741808701211, 0.609464005332, -0.55142542518, -0.643820883108, 0.530494741669,  
553, 2990859.5891791102, 89.37906459113924, 132.58263530022504, 90.67639097406526, 59.39180743155903, 0.309168470988, -0.848310326526, -0.429865614414, -0.852425092505, -0.447601921147, 0.270229498488, 0.421647148946, -0.282881795269, 0.861505410135,  
559, 785867.7830422648, 57.24711766288882, 105.95934644661271, 77.75765170569014, 22.770809420223486, -0.0433015770892, 0.72789287086, 0.684322250094, 0.546952096712, -0.555926065809, 0.6259309972, 0.836043286752, 0.401395288843, -0.374050056504,  
563, 1627369.1234661923, 72.96800752075418, 125.01839296414676, 68.50579542781925, 45.36242227759309, 0.758488047854, -0.296834797047, 0.580159447502, -0.562429616029, 0.151535575115, 0.812840634127, 0.329194180198, 0.942828761089, 0.0520107583778,  
569, 3519464.1464784546, 94.36174828532108, 110.24733440271508, 89.746184972902, 84.91879875182286, -0.642346856881, 0.72210567825, 0.256814923427, 0.75360316597, 0.65610567806, 0.0400949804608, 0.139544916411, -0.219291424038, 0.965628545377,  
570, 3277178.87338246, 92.14473224332113, 122.30858481568387, 86.75292946852514, 73.7344503350644, 0.144580638799, 0.902397470966, -0.405925169555, 0.588067900694, 0.251562664628, 0.76869523866, 0.795784256603, -0.349850010947, -0.494299895593,  
571, 4143545.3446777035, 99.63864866813874, 117.18508949201397, 95.27457831526019, 88.60007617898425, 0.381683986659, -0.319257108861, -0.867405460422, -0.785943718662, 0.381774696333, -0.486354348531, -0.486425539444, -0.867365539828, 0.105200831246,  
572, 3519337.697756718, 94.3606181828532, 114.89560829847854, 86.90790142248423, 84.14138189172847, 0.139262547809, 0.767890192517, -0.625260421756, 0.836690333551, -0.428978504225, -0.340480144288, 0.529674644021, 0.475733218463, 0.702226940762,  
573, 1866604.3289416612, 76.38144786222087, 110.49722021805447, 75.06087550915251, 53.727753392640366, 0.0951362071854, -0.00440679020979, 0.995454510403, -0.506901802616, -0.860847469873, 0.0446340242067, 0.856737803874, -0.508843997521, -0.08413157315,  
574, 2730415.144755472, 86.70550890849398, 101.78563910331398, 89.67776261289256, 71.41160639107211, -0.607376132276, 0.794277894952, -0.0147261513184, 0.782377871467, 0.601285368082, 0.162298405319, -0.137764655047, -0.0870547627736, 0.986631830065,  
575, 3575249.484753706, 94.85769802777209, 104.12380683742923, 93.85402161441012, 87.34032806347398, 0.4607067322, 0.208445939012, 0.862727997352, 0.812166519756, 0.29302108948, -0.50450390019, 0.357959286919, -0.933107138344, 0.0342960242446,  
576, 3132603.6156865912, 90.76929141952623, 97.77731974741764, 92.3973597139987, 82.77880373646371, 0.116544280045, -0.882224189105, 0.456177499387, 0.709762855237, -0.247304119607, -0.659603943099, 0.694733128701, 0.400650911123, 0.597348078846,  
577, 1677745.3597435777, 73.7132929044191, 100.7071588629785, 76.31540234154963, 52.11525834004943, -0.64304986763, -0.054077973788, 0.763912586944, -0.765804983671, 0.0524930843062, -0.640926831303, 0.00544010344582, 0.997155980201, 0.0751688527483,  
578, 2908480.220896113, 88.55080258759605, 109.34445121168173, 86.07844010721901, 73.77111846406933, -0.035073102777, 0.714452723169, 0.69880410976, -0.964672289735, -0.206890490527, 0.163106401921, 0.261107738069, -0.66839631304, 0.696469035805,  
579, 3441485.6863464583, 93.65963323166463, 103.04922894463532, 93.63426016762268, 85.1486620792004, 0.429873080968, -0.878634521297, -0.2078713839, -0.376739243439, -0.383779471785, 0.843078204848, -0.820534384845, -0.284103317512, -0.495992568761,  
580, 3083230.7050384344, 90.2898928605892, 105.02321619275888, 99.82966933123133, 70.20571498591943, -0.179550251625, 0.979120683147, -0.0953120924874, 0.309921007695, 0.148252505433, 0.939132665614, 0.933654473631, 0.139082286671, -0.33006884343,  
581, 3322351.254956955, 92.56617372949918, 106.7235403781572, 98.49567830158524, 75.45352569944016, 0.148534695311, -0.961567824775, 0.230921550847, 0.538572416542, -0.117185726418, -0.834390350893, 0.829383624404, 0.248303894211, 0.50046776089,  
582, 1961861.3820595683, 77.65925793775628, 93.9414483736605, 89.24209774259316, 55.8666573365086, -0.884070534557, -0.374657080669, -0.279376738173, -0.0278527876356, -0.554484556419, 0.831727779333, 0.466522788455, -0.74308744344, -0.479768214093,  
583, 3551959.9936722396, 94.6512786897806, 110.30789443033984, 92.68411748223731, 82.94067060351423, 0.725659961275, 0.45222904681, 0.518561963341, -0.403485664202, -0.330787350963, 0.853099670159, 0.557330188834, -0.82829259182, -0.0575711989662,  
584, 2816596.663347632, 87.60831962042549, 106.27572549737948, 80.67256991815906, 78.42889219511221, -0.411206347674, 0.816403930055, 0.405455253539, 0.899173385416, 0.290264636914, 0.327465515003, -0.149654811452, -0.499230471373, 0.85344734686,  
585, 3418294.6694982857, 93.448778617219, 120.76397897456744, 87.79571999518384, 76.9679872761586, 0.15799121878, -0.443506653049, -0.882236149503, 0.920404362477, 0.389729401268, -0.0310934610511, -0.357623523165, 0.80710150693, -0.469779281355,  
586, 3718751.4231641563, 96.11020715471925, 102.74217825303472, 94.15945224425175, 91.76896793971189, 0.243119700629, 0.705390322656, -0.665820774586, 0.369038135279, 0.567533762284, 0.736013779339, 0.897052766495, -0.424652706775, -0.122337290934,  
587, 2705884.0438378463, 86.44506213444518, 103.26293487488805, 92.86820600777496, 67.36108163954742, 0.053935887165, -0.274061395127, 0.960198558516, -0.125932823425, -0.955787269312, -0.265728470069, 0.990571473474, -0.106588214745, -0.0860645595916,  
588, 3732536.4007012835, 96.22881715794213, 104.56102841441225, 101.39592029753294, 84.04756099303717, -0.823411983689, 0.565661573892, -0.0449409494714, 0.565284964317, 0.824604622929, 0.0219117539485, -0.0494531519182, 0.00736204223348, 0.998749310938,  
589, 3469955.411811744, 93.91719107256333, 99.34821539572778, 93.34281771414464, 89.32937759216287, 0.28966285685, 0.744757359787, -0.601192069479, 0.873769402097, -0.46213990535, -0.15150491689, 0.390669247984, 0.481417888041, 0.784610958217,  
590, 1958693.5263878927, 77.61743611554166, 117.58188074389254, 71.99510395156685, 55.237563396446106, 0.277209971046, -0.086450564067, -0.95691218611, -0.787405679401, 0.55028054413, -0.277819399609, -0.550587802262, -0.830492397752, -0.084471588572,  
591, 1225115.835511294, 66.37881800210693, 112.34378732455511, 54.852356156309376, 47.46179905447782, -0.473169917307, -0.877411742433, -0.0791129799494, -0.292628283997, 0.0718325749312, 0.953524393282, -0.830950610301, 0.474329753884, -0.290744506087,  
592, 3676709.9287286117, 95.74664965958482, 106.21004972472538, 95.97976922458643, 86.10441987510156, -0.516614047054, -0.845710167482, -0.133731967022, -0.820112512565, 0.533634148328, -0.206518915533, -0.24601909097, -0.00298468673784, 0.969260387369,  
593, 2572123.1004741965, 84.99650082582453, 128.74090567325692, 77.71675085535576, 61.372235804967154, -0.248879861124, -0.802180010176, 0.542739390501, -0.95074808913, 0.309245996326, 0.0210946621767, 0.18476169988, 0.510758401821, 0.839636212431,  
594, 3542605.884189727, 94.56811739472029, 110.44827478723614, 101.30979023974027, 75.58295682921658, 0.552643555485, -0.0669733592429, 0.830722378254, -0.0231189926211, 0.995150388278, 0.095609711277, 0.833097000812, 0.0720435553121, -0.548415092222,  
595, 3291133.9561147667, 92.27533913647223, 117.68459675901718, 92.2894435697753, 72.34113176019294, -0.840647296764, 0.531375710857, 0.104651690645, -0.130338035932, -0.386051947401, 0.913222804302, 0.525665405779, 0.754058185964, 0.393791992488,  
596, 3007386.7872235687, 89.54339559725975, 115.59273133554366, 85.97614779175957, 72.24240073127244, -0.709876888625, -0.540045765418, -0.452134243616, -0.121640276046, -0.538289635828, 0.833935196045, -0.693742348599, 0.646989056487, 0.316428055878,  
597, 2892807.1851606024, 88.3914570170187, 105.91506041453334, 82.7382863596712, 78.80733442331153, 0.217886280429, 0.684732996391, -0.695461208447, -0.61246214436, 0.650735092715, 0.44881394902, 0.759878734093, 0.328153261088, 0.56115928818,  
598, 3710877.6875324748, 96.04232764414073, 104.0197458858559, 94.69746197739941, 89.93606933386238, -0.0626857136943, 0.0230606055425, 0.997766861431, 0.544308172406, -0.837174697399, 0.0535456766395, 0.836539966021, 0.546449205789, 0.0399268173358,  
599, 3268518.1898355344, 92.06348956191212, 128.42006200865353, 87.59918256145096, 69.36323952107126, -0.733318395679, -0.602052831219, -0.315874213857, 0.200580080591, -0.63549743494, 0.745594153313, -0.649624323613, 0.483399833063, 0.586781764854,  
600, 3019640.338913284, 89.66484519893565, 106.27190411034611, 85.38189503708271, 79.44788813574182, 0.259426808441, 0.95983717508, -0.106819138717, 0.905551386683, -0.203316771215, 0.372342552791, -0.335670101645, 0.193325859307, 0.921927705943,  
601, 2766405.8727606563, 87.08481418825956, 105.45386899563994, 85.79608246896444, 72.99570584158656, 0.289752244543, -0.782981946113, -0.550438832972, -0.646194777269, -0.584282317354, 0.490964849513, -0.706028290235, 0.213432531935, -0.675255957174,  
602, 2815290.2206563186, 87.59477218909659, 110.87514616275345, 86.21512358049006, 70.30996828376793, 0.491878845165, -0.300058080707, -0.817325118837, 0.60725477748, -0.554488570208, 0.569020263907, -0.62393656481, -0.776213613454, -0.0905294945406,  
603, 2666797.87645762, 86.02681228153625, 101.04935012482632, 81.83220289282241, 76.99166721393483, -0.940870610007, -0.11083397057, 0.320122361283, -0.335901376185, 0.18258877342, -0.924030088957, -0.0439631743941, 0.976922295164, 0.20902169387,  
604, 3738986.8377785543, 96.28421833280275, 130.26017051710716, 93.31433674916134, 73.43537401056302, 0.572149117067, -0.820020896712, 0.0145298587228, -0.755821652009, -0.520312384488, 0.397503022508, 0.318400719524, 0.238412985183, 0.917485820219,  
605, 3307457.9450947405, 92.42764915745764, 101.43594672636252, 94.08023124763632, 82.73998890178147, -0.169991409808, -0.775886152411, 0.607538969193, 0.76092361842, -0.495095238915, -0.419375668504, 0.626177424954, 0.391000489641, 0.674552036227,  
606, 1779490.2525266733, 75.17423225029427, 102.83809278278953, 88.38949467086844, 46.73608606729197, 0.791089715133, 0.592404946689, -0.152425200509, 0.571527005975, -0.627006276965, 0.529358111384, -0.218022806267, 0.50588487602, 0.834593642536,  
607, 2901907.328719753, 88.48404677554994, 106.35479780185386, 92.35021198041736, 70.53423283036587, 0.0797639398794, -0.0271783621579, 0.996443199849, -0.518277491917, -0.855019544744, 0.0181664382573, 0.85148467706, -0.517883109144, -0.0822856609362,  
608, 1875800.9073539171, 76.50668373929398, 121.26674017967221, 85.50098822544925, 43.19020790874844, -0.327370458374, 0.942375802251, -0.0689668784015, -0.152986936501, 0.0191630516771, 0.988042395199, 0.932428860688, 0.334006923256, 0.137897770007,  
609, 3074518.1218987936, 90.20476566580489, 100.83189450351006, 97.43745266143333, 74.70756808199691, 0.556422784899, 0.412551099918, -0.72124564082, 0.457875084834, 0.572100070411, 0.680479181257, -0.693357116596, 0.708874530077, -0.129432644546,  
610, 3031785.945513692, 89.78490111756223, 110.97971614470698, 94.97352785022149, 68.66947798179807, -0.29768590677, 0.944274621636, -0.140458320666, 0.372802721086, 0.250429840162, 0.893478050266, -0.878863602649, -0.213612579429, 0.426577582449,  
611, 3563059.521790681, 94.74976817186068, 117.13681238222414, 94.76303182297997, 76.63058123318608, -0.865912718301, 0.48561685496, -0.119880917844, -0.0552446512463, 0.145352618794, 0.987836345109, 0.497134984479, 0.862002834327, -0.0990349474607,  
612, 3273402.5776505372, 92.10932582498567, 133.0178500420857, 83.57549440657259, 70.29459486318684, 0.926181142227, -0.326515486928, -0.188616352893, -0.272143521995, -0.925042632511, 0.265017039967, 0.261010335464, 0.194123066204, 0.945616116587,  
613, 2485003.226968655, 84.02582448412855, 136.98330523215185, 89.57780857874317, 48.34708264487523, -0.190400343401, -0.679358963192, 0.708674190558, 0.724949441221, -0.584062577391, -0.365129036596, 0.661963758001, 0.444232264499, 0.603706616057,  
614, 2336455.9634937216, 82.31702448367686, 101.0631477587582, 78.56197592867899, 70.25282163701266, 0.229664702919, -0.962724155628, 0.142885703988, -0.906531434687, -0.265026100061, -0.328575598927, -0.354196106919, 0.0540681649187, 0.933606850546,  
615, 2923820.04882302, 88.70620711498299, 114.37055917181232, 92.78966755425598, 65.77307817521091, -0.303568412253, 0.434393953448, 0.848026009206, 0.952314586443, 0.109640386959, 0.284738325478, -0.0307107071019, -0.894025099623, 0.446963056319,  
616, 3811777.9743579556, 96.90503192788206, 104.45616566695017, 94.06203533106235, 92.61696283648864, -0.546382429742, 0.0155870098475, -0.837390760394, -0.781587288015, -0.368787918543, 0.503107128105, 0.300977659773, -0.9293828685, -0.213681847748,  
617, 2254636.3832330205, 81.34470725645757, 109.90953055452015, 87.09605653932545, 56.22818394429923, -0.96702086574, -0.10381623433, -0.232578663496, -0.119751310754, -0.620605606089, 0.774924709416, -0.224789387643, 0.77721996319, 0.587706440345,  
618, 3647523.2141201664, 95.49262205018182, 127.1596119813195, 93.94592692078376, 72.89240936113686, -0.416899503794, -0.867396997933, 0.271693304507, -0.88333513033, 0.316162970036, -0.346063612508, -0.214275176491, 0.384269988882, 0.898010425543,  
619, 3612590.2298766724, 95.18679364639166, 110.00971861687474, 94.62990010419664, 82.84583094543353, 0.911332752994, -0.185237460549, 0.367640716638, 0.239806771366, 0.964755063418, -0.108353034179, -0.334612202001, 0.186908402213, 0.92363408526,  
620, 3611890.629261482, 95.18064874441298, 106.77591199933892, 96.62898333617794, 83.57286333733764, -0.383578024828, -0.300808875183, 0.873144844502, 0.543331260257, 0.691013323512, 0.47675122271, -0.746765719952, 0.657278181092, -0.101618660513,  
621, 3357972.7954337406, 92.89582329152633, 104.95266296085752, 94.51782841764076, 80.81302557106453, -0.613718888413, 0.103166284485, 0.782755289826, 0.284365553586, -0.896003276339, 0.341048912509, -0.736536053387, -0.431896800794, -0.52055719717,  
622, 4141234.032438593, 99.62011873440909, 130.07300746029327, 103.77988860430219, 73.2387263325115, 0.387102306942, 0.914969299809, -0.11394289959, 0.840490008802, -0.400972968338, -0.364413534004, 0.379115218718, -0.0452974510149, 0.924240115916,  
623, 1238159.48892998, 66.61356249230204, 93.49888862120066, 66.26018974800424, 47.71213571990532, -0.76475847156, -0.0994355795473, -0.636598025207, -0.108138708306, -0.954196577523, 0.278953241978, -0.635177534193, 0.282172743128, 0.718977081062,  
624, 2641526.3267028728, 85.75420887537425, 102.92603198438553, 86.59856250258643, 70.75064785785915, 0.819312570097, -0.00484786518759, 0.573326617805, -0.352624822133, -0.792737351309, 0.497215473066, 0.452086990851, -0.609544083757, -0.651209154312,  
625, 1860447.3042774845, 76.29737353916288, 119.92582771774273, 97.42456153218072, 38.01435093718804, 0.946121151812, -0.165844472973, -0.278119357251, 0.212579240451, -0.329779182216, 0.919812892661, 0.24426385861, 0.929376835176, 0.276755967625,  
626, 3677457.4630110245, 95.7531381646408, 107.89456437042, 94.6025356003986, 86.0115365111399, 0.802869979489, 0.408476326463, 0.434219859926, -0.335592315223, -0.292324873247, 0.895502075064, 0.492724663476, -0.864692580748, -0.097617348876,  
627, 3816577.2199857044, 96.94568452330921, 110.80699910858077, 97.199985503044, 84.59643289995756, 0.520179884936, 0.456946831588, -0.721534808869, -0.22997930945, 0.888569842694, 0.396929656084, 0.822509820326, -0.040536745742, 0.567304475314,  
628, 3256922.174684644, 91.95448658704906, 121.27159143296751, 92.32539808263574, 69.44460405332602, 0.337412117449, 0.237898780948, 0.91080032555, -0.657780929264, -0.632553818933, 0.408900862375, 0.673407240899, -0.737075190314, -0.0569460422437,  
629, 3405489.0255137146, 93.33193973012158, 130.35258364812776, 97.19606869147451, 64.16859539147418, 0.792764804534, -0.0473526823802, 0.607685517487, -0.144620555991, -0.983121390142, 0.112059033684, 0.592122334891, -0.176720275341, -0.786232207943,  
630, 3279522.61184782, 92.1666933770385, 97.00079670764629, 94.41501859965372, 85.48809431893385, -0.282474581344, -0.18903158974, 0.940465400201, -0.588393174027, 0.808449724456, -0.0142308040864, -0.757628922133, -0.557383262313, -0.339591394533,  
631, 3115483.6827459796, 90.60363542999636, 108.1005422180511, 91.96024269110377, 74.81848167645693, 0.90198657679, -0.224388489936, 0.368876701452, 0.217192062049, 0.974188487832, 0.0615174638431, -0.373159246801, 0.0246291648054, 0.927440338118,  
632, 3755512.9992072345, 96.42586721488878, 102.14413006777227, 98.98934443688289, 88.67042664856926, 0.119534078269, -0.268302173728, 0.955889924471, 0.502501823574, -0.814017920026, -0.291318971544, 0.856273041405, 0.515158974928, 0.0375194498027,  
633, 3395741.516941444, 93.24280683781974, 103.40710034485953, 96.4137638764609, 81.31236960027779, 0.910658441428, 0.171994162646, -0.375658370161, -0.237489754173, 0.961921016782, -0.135301789109, -0.338082563466, -0.212428730374, -0.916828345325,  
634, 3088127.0061497977, 90.33766230914277, 97.7708544536691, 93.14784763664393, 80.95138980430303, -0.40919981596, -0.391995725878, 0.823950764009, 0.906229871485, -0.279815511011, 0.316939583874, -0.106315241839, -0.87638041437, -0.469738691893,  
635, 2339683.706034367, 82.35491319324566, 97.49517286856785, 81.75111319638087, 70.07962229809495, -0.581403413684, -0.662742745229, -0.471955637961, -0.808411003022, 0.5360671152, 0.243112521673, -0.0918788373312, -0.522880580675, 0.847439778157,  
636, 2054272.4467207466, 78.85994635025958, 108.54438334791287, 89.26034850285424, 50.61782709610463, 0.00718154604848, -0.36152708716, 0.932333948028, -0.455695474054, -0.831102754791, -0.318762993312, 0.890106769058, -0.422571149309, -0.170714860072,  
637, 3191056.442892503, 91.33038580442408, 104.83518810011024, 89.50111740145636, 81.1914580312429, -0.954915711099, 0.223753126054, 0.195116691438, 0.286180302742, 0.868610893749, 0.404494684246, 0.0789735336632, -0.442096882868, 0.893483926626,  
638, 3500153.5096278093, 94.18884996552326, 106.84640180353524, 100.39519969114662, 77.89787911993628, 0.238996894315, -0.659298933897, 0.71288526445, -0.37742346547, 0.613360175193, 0.693787304006, -0.894668660578, -0.434872637964, -0.102243711445,  
639, 700800.3902003284, 55.10215387573387, 119.63234906439244, 87.92316143511388, 15.90573709114247, 0.447748892838, -0.0166101637193, 0.894005051117, -0.1507533548, 0.984112520371, 0.0937868501753, 0.881359379016, 0.176767218993, -0.43813125352,  
640, 1576365.161766602, 72.19759645850297, 109.86267580006319, 74.27632559565245, 46.117699503933075, 0.470252908742, -0.642166743496, 0.605379282242, -0.354829986846, 0.490497281585, 0.795932218969, -0.808058093366, -0.589096163887, 0.00279775624766,  
641, 1854002.3845937082, 76.2091690604926, 83.83142827016725, 83.76536426157459, 63.03043903815743, -0.540933207377, -0.629093324733, 0.55824085656, -0.838799661816, 0.452200399631, -0.303199482042, -0.0616959682114, -0.63226290999, -0.772293480587,  
642, 68685.86074570031, 25.405412174302434, 106.40923784237741, 22.523857467429707, 6.8415835148412825, -0.877515129022, 0.474060261548, 0.0723468503702, -0.074817103493, -0.284356035808, 0.955794981115, 0.473676682308, 0.83331177438, 0.284994539101,  
643, 420015.7543716951, 46.45783748657257, 112.35982627406901, 43.49609390828648, 20.517084857427843, 0.324189716261, -0.376962098607, -0.867640826658, 0.354079303242, -0.802153207752, 0.480809815113, -0.877227949216, -0.463087256904, -0.126575343596,  
644, 3821212.0498721967, 96.98491207949303, 101.53621492865372, 97.58841238551588, 92.06473487113749, -0.728454155181, -0.332052055111, 0.599246173535, -0.684401340575, 0.392048806482, -0.614729646556, 0.0308115046465, 0.857927249848, 0.512846453775,  
645, 3401668.658537992, 93.29702593120776, 98.28207139328278, 96.48334175983972, 85.64002021281614, 0.145326615269, -0.848980954592, 0.508046763237, 0.667036577541, -0.295172006855, -0.684058250876, 0.730713609506, 0.438297644427, 0.52340500167,  
646, 2867824.061784049, 88.13626285549135, 118.54852067870705, 90.85590263687216, 63.56449611651018, -0.60289969662, 0.778183638601, -0.175903895439, 0.793740051744, 0.60731909059, -0.0337676244735, -0.0805523809293, 0.159980457618, 0.983828017037,  
647, 2875892.593238974, 88.21884164696945, 104.36104397512112, 90.69728551852596, 72.53562355668564, -0.568419461774, 0.820460528783, 0.061186895544, 0.818506066541, 0.556394838871, 0.143082501772, -0.0833494721761, -0.131412723842, 0.987817575011,  
648, 3611025.076776249, 95.17304511543541, 107.22122897037835, 94.84752563879982, 84.76861914620495, 0.31716166039, 0.299922621846, 0.899697116859, -0.273487868632, -0.879448548644, 0.389582643349, 0.908081971459, -0.369616924928, -0.196902163313,  
649, 2599869.034611105, 85.30103238149997, 131.3381443889219, 79.18039170268342, 59.68350780732856, 0.683122236419, -0.220014746686, 0.696374555358, -0.643432810583, 0.269730481958, 0.716407485561, 0.3454536559, 0.937464121096, -0.042694183236,  
650, 2401961.9606681243, 83.07923815012401, 118.65933118089637, 70.81412349177656, 68.24262687792482, 0.339299871107, 0.099233332459, 0.935429496646, -0.610811077553, -0.733021308326, 0.299315200212, 0.715391798251, -0.672928307674, -0.188101216705,  
651, 3723546.1515947683, 96.15149560345623, 107.98224349051361, 100.8892415356599, 81.59638685868902, 0.73850656293, 0.0831170382182, 0.669103590237, -0.618707212455, -0.310869558521, 0.721499482218, -0.26797283774, 0.946811319927, 0.17815409816,  
652, 3202837.9845880573, 91.44264656049033, 99.9929486082483, 91.45614948941463, 83.6111262353766, -0.695007367597, -0.378285628641, 0.611444798939, -0.710263674953, 0.229031757556, -0.665635009651, -0.111759881122, 0.896908265763, 0.427861299695,  
653, 3962392.3360776547, 98.16491357358484, 106.44276766454722, 100.72992129904033, 88.22551715006867, -0.694300210582, 0.664348982076, 0.276744733645, 0.718187451135, 0.614783460802, 0.325957177183, -0.0464112337531, -0.425066731631, 0.903971388398,  
654, 3298883.2802621387, 92.34770639337752, 100.38268262549543, 94.32225135714079, 83.17740838152355, 0.689050824969, 0.212618674634, 0.6928219539, -0.614816808569, -0.33462331169, 0.714162118272, -0.383678579687, 0.91805257936, 0.099850933993,  
655, 2783423.363356984, 87.2630161173669, 105.05031262065907, 84.69953359488676, 74.68137251744835, -0.970450523951, -0.0528746715398, -0.235435871679, -0.240979419944, 0.262658725284, 0.934312213982, -0.0124378345115, -0.963438977383, 0.26763900525,  
656, 2838716.925838697, 87.83706706520758, 93.94056872274737, 87.47243757659048, 82.4724818008666, -0.256006129855, -0.215339742381, 0.942385089455, -0.965771472882, 0.0991188644449, -0.239710060027, 0.0417890373643, 0.97149588062, 0.233344017052,  
657, 3770025.191979945, 96.54991171149922, 107.67168375760025, 99.04808504282364, 84.39331664253461, 0.448985648018, -0.180964380368, -0.87502216024, -0.107378038792, -0.983107636681, 0.148220550142, 0.887063608012, -0.0274092637114, 0.460832819582,  
658, 2827429.574905972, 87.72049271049849, 125.07032471341488, 78.11640657584113, 69.08864140528681, -0.393422924441, -0.555690847758, -0.732411144264, -0.859674455868, -0.0599996965399, 0.507306481668, 0.32585001527, -0.829221151523, 0.454107971099,  
659, 3460627.274319022, 93.83295764800091, 109.86201727100442, 88.17026923537009, 85.2896791817972, -0.721510821922, 0.428676191534, 0.543745213, 0.634274256114, 0.724156349596, 0.270728183556, 0.277701821889, -0.540216904726, 0.794384915496,  
660, 3976840.441766803, 98.28408204220058, 106.582925581924, 97.67655331642455, 91.19511891574311, 0.489096686945, 0.169611410782, 0.855579569737, -0.310912757374, -0.882574347979, 0.352697855951, 0.814934161833, -0.438513956018, -0.37892983817,  
661, 1292230.908248547, 67.56946885497287, 129.5743389338549, 60.484325767050414, 39.363134083138384, -0.264029938629, 0.221376188132, -0.938765559038, 0.952972638078, 0.209996919571, -0.218505022472, -0.148766066634, 0.952309759007, 0.266410923798,  
662, 4170131.9527270296, 99.8513013444606, 104.91091859542027, 103.29049258515589, 91.87136091083404, -0.812811796136, 0.421554492252, -0.402030837281, 0.581993599348, 0.617176694518, -0.529505786617, -0.0249085202255, 0.664367923523, 0.746990513871,  
663, 3542090.982016729, 94.56353548618124, 112.90744709321636, 94.87313578533205, 78.94147918305, -0.671940159238, 0.516360992724, 0.53091218445, -0.116381973482, -0.781575852041, 0.612857588477, 0.731403895705, 0.35001501782, 0.585267313839,  
664, 3479426.1238856683, 94.00255765295273, 107.50106736895589, 94.27620606010564, 81.96041282994071, -0.968481540292, 0.151528563318, -0.197693198195, 0.241094811592, 0.769682325791, -0.591153456547, -0.0625843266092, 0.620184014518, 0.781955874842,  
665, 3591705.2717696307, 95.00300903477502, 104.12788318610241, 97.6335323818128, 84.34241666783618, 0.810630405584, -0.137753101794, -0.569124264541, -0.0307018569212, -0.980596601772, 0.193617407726, 0.58475271827, 0.139478986012, 0.799130697031,  
666, 3155135.313644251, 90.98639541962886, 101.59114590969524, 88.73098923611738, 83.55995506768866, -0.929359012197, 0.0396694597699, 0.36703972593, 0.369092516427, 0.0785428356266, 0.926067890216, -0.00790827205301, -0.99612115575, 0.0876361928648,  
667, 3393939.93273006, 93.22631417250003, 102.41309148277004, 91.17438564076298, 86.77352111666492, 0.737522093805, -0.336628612747, 0.585442002447, -0.475260757267, 0.357166112949, 0.804089286313, 0.479779505347, 0.871271223466, -0.103431530047,  
668, 2175048.965046495, 80.37607780763194, 117.26694052644457, 72.00068707231274, 61.49901976974566, 0.238269587514, -0.550214721634, 0.80030704343, -0.584946783106, 0.576508614006, 0.570504232159, -0.775283731675, -0.604070838622, -0.18448186178,  
669, 3549914.3914075512, 94.63310505689695, 99.72484707836895, 94.43825749883591, 89.98661726692934, -0.953133861209, -0.0298245024404, -0.30107530897, -0.124521049188, -0.86826729592, 0.480214963475, -0.275736016737, 0.495199355705, 0.823861181986,  
670, 3482163.9277566182, 94.02720665010878, 100.55067437087803, 98.48966977330798, 83.94308655725733, -0.47109012728, 0.834676700728, -0.285287394114, 0.249951716098, 0.436483214011, 0.864295402919, -0.845930394062, -0.335852957629, 0.414251806578,  
671, 3513583.709792577, 94.30916474870705, 98.36290676965866, 95.01965265749412, 89.74637231514647, -0.382487983195, -0.030223695489, 0.92346600963, 0.912563219607, -0.168856531777, 0.372445756986, -0.144676580455, -0.985177141385, -0.0921666271525,  
672, 1481345.1886164232, 70.71679246975006, 110.09578159835513, 65.89427348339159, 48.747158885292635, 0.570600775642, 0.788055765344, 0.231047323173, 0.53380759338, -0.569715551245, 0.624878903404, 0.624070675554, -0.233221571425, -0.745750286983,  
673, 3357411.3865861096, 92.8906460167282, 108.01820478717686, 90.07800167710255, 82.37591495987716, 0.619484303891, 0.613883643771, 0.489270956775, -0.324841207112, -0.366936628778, 0.87168555146, 0.71464493799, -0.698930885261, -0.0278967781819,  
674, 3335350.247557601, 92.68674106482622, 98.70998612685392, 97.69323908551276, 82.57094155654431, 0.0900132471467, -0.557501360949, 0.825281677901, -0.96326577936, -0.259248369665, -0.0700665479372, 0.253015125342, -0.788658681158, -0.56035777052,  
675, 3104053.391541775, 90.49269545462329, 124.65132839802254, 93.52238877958457, 63.566466560763345, 0.118016283234, 0.397771454508, 0.90986264176, -0.507476493843, -0.763419135393, 0.399573312312, 0.85354540892, -0.508890060518, 0.111763774176,  
676, 3207758.9489332205, 91.48945460420933, 103.09182545588597, 88.38410041661827, 84.04555320902463, -0.347490726759, 0.59513677686, 0.724611904156, 0.0532901145996, -0.758985077048, 0.648923582946, 0.93616791149, 0.264109578862, 0.232025368981,  
677, 917231.1834423237, 60.27400742769788, 130.49409550781832, 103.98018962244842, 16.137963737865903, -0.710637653448, 0.268127929132, -0.650462557817, -0.690228519685, -0.444809079355, 0.570727144559, 0.136303764128, -0.854548007161, -0.501167623996,  
678, 2280294.2954966733, 81.65211348378278, 107.08486424186493, 76.01326703262089, 66.87823488380926, -0.436313709617, -0.891512778478, -0.121800298074, -0.112379341567, -0.0803130635698, 0.990414405897, -0.892749253928, 0.445819220795, -0.0651459283474,  
679, 3524378.48079095, 94.40564791393301, 104.07241880545635, 94.13992286711695, 85.87849898133184, -0.929412062763, -0.0141967176818, -0.368770485258, -0.193278293307, 0.869980398085, 0.453627168813, 0.314383076718, 0.492881892704, -0.811314193711,  
680, 2256677.8787198253, 81.36925145896892, 129.89113756552973, 90.61854607272394, 45.77036252133391, 0.108921618747, -0.981634632179, -0.156619059751, 0.892318143948, 0.165986960301, -0.419781680151, 0.438068956844, -0.0940307285817, 0.894009961428,  
681, 1690257.9415563946, 73.89608983839086, 108.76127408417398, 83.91334632142484, 44.213922836401395, -0.777995915208, 0.540971389173, -0.31948757725, 0.410548094155, 0.822678204752, 0.393256702183, -0.475576090974, -0.17478709198, 0.862135055645,  
682, 2753969.684870118, 86.95412355184564, 122.92058850692277, 86.16777479546049, 62.07275729405667, 0.0985758543802, -0.668417570782, 0.737225034845, -0.913688412285, -0.354318442516, -0.199077689735, 0.394279451899, -0.653969718231, -0.645652632185,  
683, 3618019.5978038213, 95.23445524150455, 107.5608346895784, 97.94796519180103, 81.98468336224417, -0.145357914895, -0.530106639862, 0.835378972055, -0.136449918163, 0.847019303304, 0.513750639575, 0.979924740177, 0.0393096706271, 0.195453967431,  
684, 3801624.447091578, 96.8189126397717, 132.1444972531249, 92.93771333937268, 73.89916592602641, 0.556871733083, -0.566539188226, 0.607393794088, 0.554530863524, 0.798016584416, 0.235934423932, -0.618376417963, 0.205433393586, 0.75855634366,  
