# Void_ID, Void_Volume, r = (a*b*c)**(1/3.0), a, b, c, vector_a, vector_b, vector_c 

10, 1867712.5182803248, 76.39656057417292, 104.23334685046035, 101.21892564550282, 42.26228886984701, 0.760285381932, 0.47690682911, -0.441051033746, 0.447186912134, 0.108211036575, 0.887870619617, -0.471158151406, 0.872267303016, 0.130995223014,  
87, 1441849.1345658812, 70.08263203964937, 128.44210297867374, 56.49665691678201, 47.435234744132416, 0.360452694105, -0.922180105826, 0.140205947558, -0.719340366946, -0.370506042264, -0.58760080763, -0.593820925696, -0.110946496404, 0.796911276832,  
103, 2314860.499169141, 82.06262499929262, 116.89139123492191, 75.80255419894847, 62.369153210574844, 0.461713387192, 0.401809790061, -0.790803161791, 0.803180585247, 0.188986459895, 0.564964658593, -0.376459420881, 0.896009492465, 0.235468243808,  
111, 808300.3023730988, 57.786719942645135, 121.35764749670034, 46.88891544815753, 33.911483998146636, 0.047297055012, -0.182346294206, -0.98209613459, -0.786234523874, 0.599645191856, -0.149200929461, -0.616115461627, -0.779214651346, 0.115005500178,  
214, 2187357.5547011667, 80.52740862707542, 136.83809058522263, 89.10415989543198, 42.82784140551918, 0.0831055924614, -0.877932948812, 0.471515851156, 0.385297857767, -0.408049522164, -0.827672126063, 0.919042448041, 0.250458229754, 0.304354487147,  
273, 1438386.0664511498, 70.02647833845184, 121.21600496420358, 70.0549090921248, 40.437874291903036, 0.926075393041, 0.312171129926, -0.211975357164, 0.251812161734, -0.0928966404259, 0.963307245587, -0.281024912787, 0.945473108998, 0.164637779852,  
322, 1598904.6137799774, 72.54007197181129, 113.74795530939761, 96.30309698208659, 34.84577227092794, -0.759295413106, -0.628471898552, 0.168800320993, -0.195989655457, 0.468205609693, 0.861609866475, 0.620530845801, -0.621133302748, 0.478680362691,  
345, 1285264.1245537915, 67.44782125016854, 127.07585795724594, 73.02309329040361, 33.06591153872885, 0.557341830765, 0.581390873752, -0.592751833061, -0.298483621665, 0.806487683276, 0.510377452795, 0.774775845827, -0.107527990042, 0.623024975487,  
355, 1607772.6049168464, 72.67393425879223, 98.44036122161847, 89.726054372604, 43.45544943912666, -0.685985263968, 0.291805224451, -0.666538767516, -0.496819648525, 0.481426818921, 0.72207925802, -0.531596138491, -0.826485286625, 0.185277134409,  
366, 1118456.3898670813, 64.39371511748757, 83.21612823627582, 70.29536904761952, 45.645316707113714, -0.720069263841, 0.55304317117, 0.419098444395, 0.374534109873, -0.198677857526, 0.905677265625, -0.584144208063, -0.809117024757, 0.064071713225,  
416, 1262807.9857233304, 67.05269483800583, 120.87181042615444, 66.8103767593005, 37.331871511923424, 0.497759590987, 0.742267068791, 0.448636810983, 0.673680209267, -0.656673960007, 0.339019595142, -0.546251192422, -0.133487485694, 0.82691639598,  
452, 1332834.6979863138, 68.2698937575665, 112.58014445778582, 65.05472529474319, 43.44572331705432, 0.0383734211239, -0.756776699702, 0.652546172572, 0.841431647807, -0.327769318908, -0.429604534021, 0.538999315973, 0.565558396958, 0.624198235347,  
498, 2325780.0750357085, 82.19145691539016, 153.6787476012486, 76.07034133215518, 47.49532444510328, -0.248120608909, 0.613335003173, -0.749837540616, 0.920002113143, 0.391591654213, 0.0158772845104, -0.303368217267, 0.68591264038, 0.661431458671,  
541, 1347318.8197234243, 68.51630315909479, 120.21875033005237, 76.10963790558915, 35.153607703783265, -0.929124996064, 0.234059348108, -0.286256813461, 0.368163594803, 0.657571012804, -0.657309615464, -0.0343847226486, 0.716112131362, 0.69713779568,  
568, 2865281.814582258, 88.11021169796719, 120.04496799476135, 97.8557031133666, 58.23024698185337, 0.294008377461, 0.300458664202, 0.907349803046, -0.810068379907, 0.582177341152, 0.0697048299846, -0.507295075727, -0.755509188928, 0.414557078807,  
584, 1070386.9972711299, 63.45766268377578, 114.28183062037517, 56.65787896025472, 39.465236953736984, 0.590375913783, 0.802755817911, 0.0839009966192, 0.709214292525, -0.466320749245, -0.528734381426, 0.385319825213, -0.371655829542, 0.844630437922,  
585, 1840156.5457445467, 76.01898276267681, 137.42271256166728, 76.56270751637412, 41.75325728711764, -0.806121876751, -0.520810742332, -0.280933605136, -0.54580983786, 0.837808361379, 0.0129911699985, -0.228602582485, -0.163808791809, 0.959639275461,  
608, 961672.1714365958, 61.2321459177877, 117.27489504318848, 90.38220919760708, 21.659600099303997, 0.143791425798, -0.885208373176, 0.44241401642, 0.881387685445, -0.0887230385047, -0.463987036871, 0.449977525897, 0.456655623525, 0.767454146963,  
643, 2313819.860927023, 82.05032615799068, 107.70852219828966, 100.04379173371038, 51.26261122225344, -0.758735225098, 0.0284473876486, -0.650777691943, -0.584433424376, 0.411480516677, 0.699372116164, -0.287677650622, -0.910974494995, 0.295579158267,  
657, 1387934.208840086, 69.1979810682971, 132.52084254060784, 54.158914625532184, 46.16641275950623, -0.85994438406, 0.508333235077, 0.0457490812904, 0.256100789828, 0.352228458256, 0.900193034101, 0.441483908849, 0.785832320098, -0.433081427583,  
664, 1610613.0282862422, 72.71670633104608, 140.0993551215853, 99.56806610759789, 27.564263333566036, 0.452747734576, -0.312518719376, 0.835075768344, -0.706032956269, 0.446333863695, 0.549821377159, -0.544552066838, -0.838521396363, -0.0185718696776,  
676, 1209163.4071225903, 66.08944864924734, 121.34787761290296, 68.14153109800965, 34.91019814515564, -0.683756733856, 0.48218087433, 0.547702778281, -0.0555304065867, -0.782782280745, 0.619813096745, 0.727594050863, 0.393387220665, 0.562008355603,  
698, 452927.9984746811, 47.64092511911034, 108.36161396370719, 66.66083626461442, 14.969053353243728, -0.939845238634, -0.132721724421, -0.314763198743, -0.149690327516, -0.668244341382, 0.72872649606, -0.307056563624, 0.732007133898, 0.608179104095,  
699, 807762.5717406443, 57.77390268375304, 111.60008691761666, 43.39887430198709, 39.81549496919046, -0.874925554014, -0.137869952375, 0.464216707116, 0.100276555625, 0.886257310246, 0.452208571821, -0.47376142448, 0.442198887683, -0.761584044217,  
798, 228403.2002809761, 37.9202499940142, 93.59665824589004, 51.92573377023077, 11.219424750234733, -0.373296463453, -0.0304494117882, 0.927212264638, 0.220035910355, 0.968035974592, 0.120376700612, -0.901240227979, 0.248956191363, -0.354664441768,  
807, 712034.8315084791, 55.39503952686564, 137.1482491587025, 68.74545581424559, 18.0292792797305, 0.764678664136, -0.533306490031, -0.361732951645, -0.309963729237, -0.796532557312, 0.519093798556, -0.564968164743, -0.284815857761, -0.774397120343,  
829, 1987001.7745150053, 77.98957407873208, 107.85639551561984, 83.534561277711, 52.64989958607501, 0.373919729997, -0.0177468431305, 0.927291262268, 0.764420116211, 0.572081750093, -0.297295067471, -0.525210359238, 0.820004585822, 0.227478697419,  
845, 1494898.2431246769, 70.93180433432383, 126.62973319209597, 114.88115270295314, 24.532315751686916, -0.996351464214, -0.077303309854, 0.0361657025824, 0.0555396280493, -0.265546313083, 0.962497015748, 0.0648005360611, -0.960993940612, -0.268870854934,  
874, 1663430.4563787635, 73.50304764282603, 105.67859931496983, 69.44786950432913, 54.10906930826167, 0.695777314957, 0.718100973658, -0.0149973205182, 0.435766124629, -0.405437064331, 0.803572443214, 0.570965684273, -0.565642801155, -0.595017990387,  
905, 1354546.266207513, 68.63859915175605, 119.07207508017262, 81.72631764711726, 33.23023256217545, 0.0176623317664, 0.34256132636, 0.939329430881, 0.989283167144, -0.142173931804, 0.0332473806494, 0.144937425261, 0.928675568106, -0.341401277035,  
916, 732004.9270528, 55.90815128162613, 139.84662958714335, 91.99327499529895, 13.583675894226515, 0.850649271666, -0.47034838572, -0.234879144806, -0.423028397573, -0.347092198501, -0.837002975256, -0.312158279502, -0.811356519534, 0.494224449768,  
918, 797197.2574263838, 57.52090745259795, 108.91090990982444, 95.07574896191653, 18.37959955391332, -0.621265734865, 0.526829972904, -0.580068156627, -0.228140683362, 0.586583950402, 0.777091434598, -0.74965373025, -0.615117426823, 0.244233158973,  
943, 612131.8513797991, 52.67268488540443, 111.70277758839534, 72.64626819174285, 18.008564123664907, -0.993049412521, -0.111200655693, 0.0385652494632, 0.080872380031, -0.406610013507, 0.910015359796, -0.0855132880944, 0.90680908194, 0.412776896725,  
944, 1318549.7462166022, 68.02511793632996, 110.12758161912967, 73.31164576089687, 38.988707551368115, -0.274651126382, -0.622641564618, -0.732723850293, -0.961314660704, 0.194446530093, 0.19510169156, -0.0209971877131, -0.75796307888, 0.651959422942,  
946, 893958.6871424179, 59.75986576052412, 112.11311933601097, 77.36277221487285, 24.605963742612005, -0.162474277556, -0.940897325855, -0.29717727257, -0.966736968475, 0.0914978233037, 0.238846775389, 0.197539218677, -0.326098712862, 0.924466271183,  
968, 1417169.1769497364, 69.68046329326239, 94.50350327566245, 70.00587359966866, 51.13881978960254, -0.972623708663, -0.222012612046, -0.0686550904158, -0.231422328247, 0.89848263424, 0.373058523503, 0.0211382907583, -0.378733885548, 0.925264187463,  
1005, 854387.7952509016, 58.86477326442119, 101.92307597847561, 80.52779374197891, 24.85124231377441, 0.614916044624, -0.0385904859532, 0.787647784519, -0.709547261131, 0.408778680185, 0.573970970387, -0.344123440477, -0.911817287081, 0.223982795532,  
1024, 1645661.865908216, 73.2403929003683, 105.55245755097128, 81.03454363806395, 45.93179906637379, -0.23192599618, -0.212840938484, 0.949162297608, 0.788641375074, -0.612353585134, 0.0553883407833, 0.569434029381, 0.761394655667, 0.309875885644,  
1037, 1005157.6053172158, 62.1415170256719, 128.08478068834407, 71.5153481944007, 26.196831532341466, 0.32153323833, 0.323405705318, -0.889957935195, 0.67132434709, -0.740685565075, -0.0266179393043, -0.667787389558, -0.58889187756, -0.455265152291,  
1053, 3284444.89299319, 92.2127817509051, 140.08058294457666, 81.86510050053533, 68.37488841369611, 0.373779180946, -0.674432320024, 0.636733986527, 0.464800985222, 0.730273662594, 0.500659986277, -0.802651336527, 0.108818304659, 0.586437898283,  
1059, 904650.1485998454, 59.997158604121466, 73.32569337267323, 55.86430383959784, 52.72316582001731, 0.192733848346, -0.924114404335, 0.329948831491, -0.84506286526, -0.327219923084, -0.422842613387, -0.498720781059, 0.197331420806, 0.844001121387,  
1074, 1152305.1931217357, 65.03687069122044, 94.11457906460923, 78.71620019460872, 37.13281587335606, -0.777187737672, 0.0544781859474, -0.626906171343, -0.513945113823, 0.519894978885, 0.68232663066, -0.363097287775, -0.852491254023, 0.376057204989,  
1082, 1694618.0421398848, 73.9595747725097, 94.09619075520605, 76.52324519617534, 56.18466488362573, 0.784454128626, 0.615639570996, -0.0749642495188, -0.245971993256, 0.419801275319, 0.873650197604, 0.569323720405, -0.666899398608, 0.480744936032,  
1097, 613531.6922848696, 52.71280546008297, 128.8791215099859, 96.79625100922695, 11.741059470922698, -0.630262334908, 0.593383802131, 0.500664610858, 0.383841360491, -0.322389230016, 0.865292432849, -0.67485939215, -0.737537014487, 0.0245754570443,  
1128, 2566300.915836092, 84.93232048919208, 119.28377595991347, 89.17593538941712, 57.5956810196614, 0.388601764548, -0.522611054162, -0.758858586733, -0.826915485017, 0.165490783015, -0.537423093453, -0.406447351117, -0.836355478732, 0.367845163031,  
1138, 1007592.6664443149, 62.1916572102969, 92.58467715587018, 82.02893483217026, 31.673072868450753, 0.736537491936, 0.0473824715154, -0.674735077171, 0.645811676494, 0.247312795062, 0.722332098071, -0.201096497923, 0.967776463235, -0.151554992433,  
1142, 743545.6605247477, 56.20043511972597, 80.87498125829178, 78.83999582217511, 27.83929598532451, 0.0932393080664, -0.5791040643, 0.809904262331, -0.995202353836, -0.0784259908515, 0.0584947764968, 0.0296429814585, -0.81147264074, -0.583638113029,  
1156, 1556158.864147676, 71.88778579817452, 132.2111518928012, 61.13261776098538, 45.96467983710446, 0.352046907984, 0.206091938885, -0.913011000649, -0.60608045851, 0.793528759604, -0.0545764188437, 0.713252726872, 0.572571585401, 0.40426764303,  
1165, 1466603.0159023826, 70.4814215453151, 131.6360380061966, 112.01045335615856, 23.746007849815577, -0.22485353526, -0.941035234724, -0.252771783809, 0.17135191232, -0.293559998989, 0.940457893336, 0.959207699002, -0.168152353543, -0.227256190614,  
1170, 1936403.8356778456, 77.32188654218521, 143.06347007000576, 88.96126488296454, 36.32265793850106, 0.93642190564, 0.292784118143, 0.193368753424, 0.271700527973, -0.953780119522, 0.128383436255, -0.22201990392, 0.0676826696318, 0.972690196566,  
1172, 1269780.4758587137, 67.17587704327448, 125.9616737085877, 93.6333751733078, 25.702237631451084, -0.127045356001, -0.255869644416, 0.958326772341, 0.725497557175, -0.682814022547, -0.0861295834622, 0.67639690423, 0.684321368715, 0.272381152556,  
1176, 1629756.0314231445, 73.00366483460276, 106.55717487098944, 86.02166462585767, 42.44665267024318, -0.285937751367, -0.949274202358, -0.130836122998, -0.116851652014, -0.100976255322, 0.988002776961, 0.951096889788, -0.297795709504, 0.0820513353714,  
1195, 784313.2533173774, 57.20934579196034, 102.13271189383138, 65.66433104099418, 27.91943057782358, -0.150196042333, -0.982911657484, 0.106422847405, -0.932188943336, 0.10493646395, -0.346427643898, 0.329340132372, -0.151238262738, -0.932020420964,  
1201, 456422.9109961032, 47.763147957918534, 113.06420692248095, 50.752284630993614, 18.98882488758112, 0.636280449432, -0.167289860192, -0.753101116947, -0.556873401791, 0.575988949907, -0.598438588297, -0.533890629294, -0.800156754806, -0.273331234385,  
1208, 431959.13681977254, 46.89407983335895, 98.85751690602665, 84.45761718906806, 12.35109702003786, -0.0075888126064, -0.990142390947, 0.139858698595, -0.346743945015, -0.128579516167, -0.929104915829, 0.937929126597, -0.0555459599932, -0.34235011291,  
1248, 2980554.8001272357, 89.27629678681852, 139.93082546478408, 93.68052344566274, 54.28074466600189, -0.818235725064, 0.55740985325, -0.140657576148, -0.110751051397, 0.0872465975752, 0.990011230151, 0.564113909457, 0.82564053117, -0.00965455571971,  
1254, 917383.0592248043, 60.277333981570806, 119.23281742742793, 63.13704942683073, 29.092565326809485, 0.645502418837, -0.675264096382, 0.356854350419, -0.591800346928, -0.146858069547, 0.792593878846, 0.482803248385, 0.722807794331, 0.494418765626,  
1275, 1470934.222230635, 70.55073581737386, 143.57984263832978, 87.07897802684528, 28.086514454314308, -0.901929895323, -0.40809562896, -0.141352119002, -0.431771079638, 0.85946726128, 0.273659937835, -0.00980809414273, -0.307853836116, 0.951383107312,  
1285, 4378465.681681153, 101.4871633032602, 115.79096267301904, 111.08452083895074, 81.26529759604523, -0.232499330313, 0.0421337574205, 0.971683491621, 0.294564033383, 0.95518969947, 0.029063177106, -0.926917521488, 0.292980177678, -0.234492054976,  
1291, 2558724.71950492, 84.84865945269314, 106.17957448328013, 95.27565300051923, 60.382632207621704, -0.0145114179796, 0.255222697204, 0.966773393087, -0.91999645108, -0.382132292485, 0.0870714708713, 0.391657948659, -0.888164560131, 0.240349257082,  
1302, 1186804.0644851027, 65.67954546099456, 108.95037477996996, 65.56656751961937, 39.66242269964989, 0.265846221581, -0.951197093447, 0.156684000106, -0.256552625581, 0.0868626218635, 0.962619153783, -0.929250524228, -0.296106356469, -0.22094001195,  
1309, 824262.9213687829, 58.16464095283446, 109.18299692193547, 55.29415258809903, 32.59439596110713, 0.871287063882, -0.319499563543, -0.372530376222, -0.259580318058, -0.944212230889, 0.20268527701, -0.416505595148, -0.0798955063517, -0.905615700656,  
1310, 1174975.7158098137, 65.46061690734335, 101.95586520639856, 78.98170337970411, 34.83385752559041, -0.2510293241, 0.83176566017, 0.495126413156, -0.265839959585, -0.55107689832, 0.790976212048, -0.930759579231, -0.0669338382266, -0.359453010796,  
1311, 1493612.626058207, 70.9114646461707, 86.36351939356027, 69.5047748026047, 59.4024550606181, 0.487347820813, 0.203209006791, 0.849233890697, -0.481549102618, 0.873835190164, 0.0672497003578, -0.728424713555, -0.441721812897, 0.52371679054,  
1318, 1969797.0168004695, 77.76382639133786, 109.49463410330769, 69.99049437645041, 61.36220656054032, 0.687496178891, 0.441937472578, 0.576229359146, 0.624599121594, -0.764635736786, -0.158770675295, -0.370438849629, -0.469066584145, 0.801717904455,  
1325, 2295227.1268428448, 81.82996264749171, 123.45677727128553, 93.01557011598668, 47.71626815801908, -0.216425311593, -0.923476565271, 0.31678244569, -0.827375093537, 0.00123940400883, -0.56164839399, 0.518276508339, -0.383652834309, -0.764329747969,  
1335, 3097731.1996814283, 90.43121658944374, 137.07317307705173, 79.77860104697861, 67.62639515100307, -0.913138135086, -0.161991926338, 0.374082025835, -0.381924124445, 0.019132615653, -0.92399562022, -0.142522662825, 0.986606587663, 0.0793393456106,  
1348, 851932.858872603, 58.80833991219395, 134.86611362155477, 59.74832230212033, 25.239933250977185, 0.1365843393, 0.494230338445, 0.858534268867, 0.78087579273, 0.479572456793, -0.400303953282, 0.609571746873, -0.725083878766, 0.320430420167,  
1349, 1789611.6871816616, 75.31648891650869, 128.63804614636106, 80.10682817248896, 41.4601841500721, -0.494177368598, 0.801065807998, -0.337760713556, 0.868039432327, 0.47607861563, -0.140913788062, -0.0479194354319, 0.362826023041, 0.930623986749,  
1352, 2614929.8602531566, 85.46542927788911, 113.93453786878293, 92.40615222716535, 59.29460130791695, 0.879439838683, 0.359770422832, -0.311690251681, 0.357468975096, -0.0667704962627, 0.931535094708, -0.314327062121, 0.930648668233, 0.187327398782,  
1355, 3146389.381990968, 90.90224718453211, 115.3676936637192, 89.46197086644203, 72.77817925159128, -0.892691046182, 0.358393555036, -0.273233884751, 0.425757401223, 0.869451298577, -0.250569500751, -0.147761061754, 0.340012498465, 0.928740097938,  
1361, 2433257.3097750265, 83.43849764922138, 103.77148661575855, 82.23170925834245, 68.07412557448691, 0.47415369343, -0.583164236405, 0.65961939661, -0.754886223857, -0.654849712533, -0.0363131247071, -0.453128087893, 0.48071959329, 0.750722058148,  
1367, 793588.2878053159, 57.433975702637454, 111.13935537232928, 76.91706517063473, 22.162362891094745, -0.239856655756, 0.970206017586, 0.0341916382887, -0.686073816494, -0.144484097615, -0.713040716831, -0.686856246249, -0.19448554953, 0.700288417734,  
1371, 3839594.881467569, 97.14018619575488, 126.33573153587854, 96.61450893473095, 75.0979781091452, -0.562543921489, -0.263918198159, 0.783512297974, -0.811224556633, -0.00669666639863, -0.584696394187, -0.159558939303, 0.964521819007, 0.210329754312,  
1380, 748859.3564850355, 56.33399492993044, 87.98354037116607, 60.55441446278458, 33.55555361978646, 0.658270052602, -0.622117808157, -0.423851354394, 0.313150401058, -0.285713530616, 0.905706688029, -0.68455632651, -0.728928810788, 0.00673978030173,  
1385, 853663.2382784993, 58.848128619603806, 88.38858152194378, 55.294348388783604, 41.69856037994422, 0.361316048733, -0.441364204186, -0.821369802337, -0.879398400874, 0.131574318569, -0.457544152223, -0.310014782661, -0.887629335903, 0.340595062464,  
1388, 2665844.8100560047, 86.01656290665133, 120.27473123356918, 80.59363609608755, 65.65549943146111, -0.581926775748, 0.723950153265, 0.370482662557, -0.24087736427, -0.588559401992, 0.771735657923, 0.776749202156, 0.359852755881, 0.516881679918,  
1399, 1845449.3018947442, 76.09179627796695, 110.16086990014388, 91.33698143727517, 43.78642600627106, -0.968732305979, -0.170828311864, -0.17993167375, -0.241418415122, 0.481738651901, 0.842404309168, 0.0572264640954, -0.859503088494, 0.507916895443,  
1400, 293454.65785933967, 41.2240635844202, 154.06438075975166, 35.84575339393317, 12.685641752152055, -0.742114879735, 0.424232449843, 0.518933843351, 0.608443886184, 0.101594026515, 0.787067145256, -0.281178844582, -0.899836364167, 0.333516079197,  
1401, 3750135.329388097, 96.37981987219783, 107.4131156638234, 103.05332245000297, 80.87960447863016, 0.595890910908, -0.0279546962508, 0.802578692251, -0.753818405139, 0.325119923711, 0.571012125335, -0.276896793716, -0.945259525297, 0.172663242951,  
1405, 616704.3991567093, 52.80351244143595, 87.67409626732281, 77.61631896085053, 21.635358563626248, 0.0996249354637, 0.98843613585, -0.114319191648, -0.992949546647, 0.106175649922, 0.0527060639557, 0.064234492664, 0.1082623513, 0.992044955253,  
1411, 1304080.389155142, 67.77537328852009, 109.73151800987914, 81.29437558516648, 34.89987471147955, -0.672282751052, 0.706425573486, -0.221356752241, 0.731738248727, 0.588780998123, -0.343359973788, 0.11222761687, 0.392810190008, 0.912745921184,  
1418, 2064448.0809083807, 78.98994024817961, 131.3685864451359, 78.78150379994764, 47.62111531370381, -0.118682217274, -0.818673395281, -0.561861551596, -0.810628163268, 0.406666114865, -0.421313009457, 0.573407806208, 0.405458435452, -0.711903746936,  
1423, 3312447.2300872593, 92.47410136786652, 112.25278395042633, 98.06968983535288, 71.83373309163828, -0.951009341063, -0.0679740142368, -0.301597026841, -0.105088377448, -0.846370139428, 0.522124525386, 0.290753617581, -0.528239643034, -0.797762629728,  
1424, 2261386.013382918, 81.42579937320212, 121.48442363057872, 96.50921959679188, 46.046507004627784, 0.583658728438, -0.519536222487, -0.624038942889, 0.120729810511, -0.704455966333, 0.699404106616, 0.802973724086, 0.483553414858, 0.348438363856,  
1427, 746058.2303218873, 56.263667622396675, 113.39941099817418, 84.29987774702799, 18.631437879811042, -0.367465119873, 0.00644728010581, -0.930014955931, -0.394876027255, 0.904286707855, 0.162291321693, -0.842046500364, -0.426877011066, 0.329747947147,  
1428, 2116762.399514384, 79.65159943918567, 108.759994366372, 88.51966247983005, 52.489758835987246, 0.93147511212, -0.178116503353, 0.317220154993, -0.203851256635, 0.466674154597, 0.860615999502, 0.301328360214, 0.866308111854, -0.398386087441,  
1430, 2585130.0136617655, 85.13953231531956, 114.47017795664553, 92.681614199038, 58.17117463825629, 0.0680109929911, -0.983749817493, 0.166164982519, 0.322572772235, -0.135922772231, -0.936734651116, 0.944098147146, 0.117308552851, 0.308086663105,  
1433, 974671.3074262777, 61.50680821802453, 117.41236984658562, 49.52567299265188, 40.015231374890284, -0.555813171282, -0.313202370913, 0.770049344837, -0.252411765808, 0.946162440781, 0.202644852236, -0.792060615806, -0.0817368369246, -0.604945510255,  
1444, 3513848.7113686814, 94.31153568496211, 122.42376770176094, 99.28117990190741, 69.01790600010634, 0.653251654914, 0.477155232827, 0.587864915723, 0.594411866565, 0.157718124853, -0.788542659582, 0.468974208501, -0.864550679185, 0.180597106516,  
1445, 1121118.579677326, 64.44476537452275, 122.41711124401941, 82.24205634180153, 26.58439939486536, -0.852508725217, 0.334869765029, -0.401361575015, 0.492296917594, 0.256264890316, -0.831848574513, 0.175706056688, 0.906747234052, 0.383323408081,  
1449, 789812.7770225, 57.34274981669552, 118.07371251096559, 75.22147513310367, 21.22953497752848, 0.0273054428312, 0.998885881648, -0.0384890664388, -0.604850984259, 0.0471647978191, 0.794940732815, 0.795870403793, 0.00157394098464, 0.605464964368,  
1453, 764751.908445948, 56.72972174399483, 97.0556426553544, 74.07463874356921, 25.394614729417466, 0.720349881232, 0.651442463713, -0.238157017701, -0.499849954323, 0.725609595249, 0.472906691056, -0.480880517148, 0.221615504316, -0.84831627149,  
1460, 2983613.3964746497, 89.30682430305846, 132.35316817682917, 101.69565520661631, 52.9196787136651, 0.207682535153, -0.867841934391, -0.451351682731, 0.660370660942, 0.464787428106, -0.589816273802, 0.72164988378, -0.175564870025, 0.669625583183,  
1465, 3464250.819380393, 93.86569635120502, 109.9643363682435, 101.72191258634619, 73.93572642465541, -0.351160115792, 0.594001053065, 0.723774358509, 0.803909210795, 0.587565945768, -0.0921750517929, -0.480017243311, 0.549480671482, -0.683852643332,  
1470, 1710060.622593433, 74.18355343504172, 132.01087367794386, 94.82946691709299, 32.61143299947531, -0.0211448499562, -0.4468129906, 0.89437746324, -0.797191369967, -0.532334579498, -0.284790826959, 0.603356291896, -0.719011854493, -0.344939325286,  
1475, 1839498.9734318415, 76.00992666109404, 113.73259117609472, 75.35512007190411, 51.24048603052567, 0.63866305389, 0.760925699317, -0.114462149707, 0.556088213213, -0.353595348625, 0.752154391436, -0.531860322567, 0.544024272942, 0.648970097715,  
1476, 2030411.0519294362, 78.55342398400214, 109.05934951309905, 80.12551336037235, 55.470442629021186, -0.169187863629, 0.492735314625, 0.853573298857, -0.471257112899, -0.80108420001, 0.369026879829, 0.865616659003, -0.339817619047, 0.36773874618,  
1478, 1680366.3528330696, 73.7516581843333, 99.5504781577546, 85.65630605518403, 47.04491364405223, -0.284525024622, 0.0454652958708, 0.957589900341, 0.920900522689, 0.290571549901, 0.259827638445, -0.266435241054, 0.955772504972, -0.124543892122,  
1481, 1636850.7829278812, 73.1094461260826, 109.39295042844245, 72.71720613505178, 49.12402693596857, 0.953164056812, -0.0574518248079, 0.296947080518, 0.217666308581, 0.811977148684, -0.541585162392, -0.209999187881, 0.580854885355, 0.786452759705,  
1483, 1713885.3914295777, 74.23881924756584, 114.96227139254557, 68.63130040408093, 51.857980967640096, -0.948843131906, -0.292293401307, -0.119420595321, 0.143006212563, -0.735020294335, 0.662792871178, -0.281506543801, 0.611808576654, 0.73921873037,  
1486, 1219292.4314174051, 66.27347700440953, 129.92264661645746, 77.79277023715973, 28.800178045454803, 0.387248159637, -0.910858056024, -0.14274615453, -0.820732275128, -0.270029538042, -0.503470536524, -0.420044515999, -0.312124414874, 0.852139046294,  
1496, 3248833.461600265, 91.87829910921138, 136.0434068987754, 85.09769299268949, 66.99517940686238, -0.412081623934, -0.908664672212, 0.0672104805075, -0.911097063592, 0.410164721645, -0.0408294236049, -0.0095328867875, 0.0780603266164, 0.996903059218,  
1502, 2790729.4041690575, 87.33929989532102, 114.51664792019487, 81.08295901651034, 71.75148644758208, -0.974036771871, 0.0839122604174, 0.210264356452, 0.226335059345, 0.340509335045, 0.912592917822, -0.00498075837628, -0.936489255304, 0.35066089994,  
1509, 278000.5749133352, 40.487319816324806, 131.74282237425848, 47.5378770044208, 10.597180675183075, -0.00425166418599, -0.327299783542, -0.944910987895, -0.0325510738073, 0.944464079239, -0.326998517766, 0.999461030229, 0.0293675794215, -0.0146695035118,  
1511, 2759118.0864490345, 87.00827520920042, 136.6909916399061, 114.86704587028912, 41.95138781494562, -0.619064681772, -0.194937096994, -0.760761755084, 0.761177128565, -0.38737956145, -0.520140802398, 0.193308817004, 0.90107524857, -0.388194664675,  
1517, 3421268.616074873, 93.47587118294206, 128.16907542130832, 111.82082995725081, 56.9892053725727, 0.192942251437, -0.686681101443, 0.700886832899, -0.403072882133, -0.706723998003, -0.581440833048, 0.894597976355, -0.17032397238, -0.413139449984,  
1523, 707170.6380817444, 55.26860933323638, 84.91692582412132, 59.20370744585978, 33.58090868395263, -0.367595355716, 0.61539673312, -0.697252117474, 0.912081431888, 0.384974380568, -0.141075114432, -0.181607037478, 0.687809266565, 0.702806727889,  
1525, 763316.4103217324, 56.69420416199182, 135.257988108078, 45.95945385167488, 29.31421086395828, -0.584324670607, -0.0780662727124, 0.807756359544, 0.206066706304, 0.948464305886, 0.24073216032, -0.784921137359, 0.307117432791, -0.538124233429,  
1528, 1431083.9304647152, 69.90777802899916, 103.4167505654757, 77.61783566528655, 42.562201114917634, 0.490891679452, 0.250083653988, 0.834555884919, -0.209904114835, -0.895747940445, 0.391887598379, 0.845556397658, -0.367551075629, -0.387221622826,  
1530, 291458.9350526235, 41.1303988973413, 155.70354024826224, 61.91898898301277, 7.217161448198242, 0.34432143068, 0.502541384322, -0.793028946142, -0.514376306301, 0.807600684028, 0.288440896326, 0.785404206693, 0.308598918017, 0.536569603974,  
1531, 1725564.8375413693, 74.40707362074579, 122.34075619433722, 80.14627812627708, 42.01343138724935, 0.584715652486, -0.339639055347, -0.736717664931, -0.606135695219, -0.786485159981, -0.118493088873, 0.539172629794, -0.515835637789, 0.665737538425,  
1532, 2693187.5860197274, 86.30964524555448, 123.46815056488322, 76.11990077258827, 68.41082664967975, 0.424536576439, -0.876530751484, 0.226853558421, -0.79790651927, -0.243778189084, 0.55128702237, 0.427918078342, 0.415049438296, 0.802882358754,  
1534, 2591617.1723825955, 85.21068957566115, 125.58795809894676, 75.0320312135896, 65.65798293555018, 0.394678085643, 0.434937179221, -0.80935706511, -0.509273273295, 0.836730398075, 0.201303189356, 0.764767900621, 0.332733964404, 0.551741032651,  
1538, 390769.41594778065, 45.35348373925833, 140.57403260728321, 60.16285337857984, 11.030581997761953, 0.466319357857, -0.487375230686, -0.738249037251, 0.442063015975, -0.594480546937, 0.671694252782, -0.766241832841, -0.639576628581, -0.0617672225181,  
1541, 2262603.610894982, 81.44041077545265, 118.46891713835174, 101.0912046308991, 45.10265171060994, -0.865693850297, 0.095309390346, 0.491416602965, 0.162526493647, 0.9820379393, 0.09584688121, 0.473454640299, -0.162842273033, 0.865634505835,  
1550, 369857.23167951225, 44.52957004309859, 85.02626979557536, 64.76086498867188, 16.035397795901027, -0.559467009874, 0.153079800486, 0.81459391082, -0.810846936299, -0.304821323324, -0.499611055463, -0.171825233177, 0.940026880217, -0.29466176154,  
1551, 2573937.7346164635, 85.01648448510794, 108.5322524443617, 104.31633098177666, 54.27480947001567, -0.654150850766, 0.736671426152, -0.171469747576, -0.691126628145, -0.674271717388, -0.260195378515, -0.307295701747, -0.0516997197496, 0.950208656383,  
1554, 622346.8658490458, 52.96406369257776, 116.87039304204401, 59.40819018672108, 21.398979892485183, -0.934081879283, 0.0038534464377, -0.357038084448, -0.326616708966, -0.413236520797, 0.850033589515, 0.144265616902, -0.910615576866, -0.387255345928,  
1556, 300793.5706224117, 41.56489106268993, 77.58092185568987, 58.00482083861318, 15.957355274631839, -0.30467652335, -0.891255970213, -0.335909231308, -0.942731166899, 0.332457266556, -0.0270206008885, -0.135757736712, -0.308439558866, 0.941506704941,  
1562, 1123295.9805919644, 64.48645925313845, 114.75386765651042, 61.92441782280309, 37.73777852758078, 0.474762114672, 0.704217834512, -0.527899778393, -0.531140455147, 0.707521987817, 0.466157112636, 0.70177685298, 0.059075192003, 0.709943216258,  
1563, 1460069.2694723022, 70.3766003391824, 100.92855498321047, 76.7246952548234, 45.0127579860712, 0.239782868709, -0.278299443926, 0.930082574498, -0.683379073798, 0.632090270623, 0.365314838567, -0.689563062648, -0.72319520829, -0.0386195978558,  
1573, 1789714.2083088309, 75.31792710259693, 134.27960325897695, 95.25709123091175, 33.403172123305346, 0.0953636556454, 0.430125401475, 0.897718169688, -0.691152146987, -0.62040845399, 0.37067783847, 0.716389895865, -0.655809034112, 0.238117676537,  
1575, 2086667.636057668, 79.2723178919657, 112.76889227747351, 73.09809020335723, 60.432328191821036, -0.286426924424, -0.848326089172, 0.445311647495, 0.287447108591, 0.367287183656, 0.88457576526, -0.913965960377, 0.381369861358, 0.13864794308,  
1576, 2395122.7567791776, 83.00031156218944, 101.02402300883797, 85.20414918497387, 66.42839579067834, 0.089488791596, -0.86604109359, 0.491898953436, 0.155546749233, 0.499972749165, 0.851958014749, 0.983766722847, -0.000272589927733, -0.179451833964,  
1579, 2561981.3673958457, 84.88464157792382, 100.28079641546552, 89.54569404767874, 68.11219501556499, 0.486555280106, -0.863388777279, 0.133505725231, 0.0831856146725, 0.197903310169, 0.97668543213, 0.869680465983, 0.46410569819, -0.168112426653,  
1580, 1111421.891316115, 64.25843030444317, 120.20202946861245, 50.225149034974926, 43.94984046904096, 0.104127579284, 0.967720973652, 0.229507220772, -0.554594760315, -0.135056352995, 0.821087348184, 0.825579856261, -0.212781340042, 0.52262989033,  
1581, 1533227.9384322055, 71.5329339814231, 112.39262845943381, 91.21367833670337, 35.70428310497644, -0.208358593635, -0.930914375321, -0.299975202775, -0.976374298588, 0.215935727577, 0.00806167558394, -0.0572706339759, -0.29456779759, 0.953912934762,  
1582, 2511087.3535553548, 84.31879741446608, 131.98545938264098, 100.13323263010047, 45.359565558096335, 0.363818730392, -0.874982550245, 0.319439302814, -0.793973066285, -0.111980537622, 0.597550942772, -0.487075662941, -0.471026428091, -0.735453195391,  
1589, 3879020.7120777895, 97.4715404475422, 116.42843372986336, 95.83886988528036, 82.99133489856325, 0.00961829348504, 0.41378207908, 0.910325150406, 0.880943080099, -0.434243335782, 0.1880744931, 0.473124484736, 0.800135686219, -0.368695139082,  
1592, 2643800.881177219, 85.77881543954824, 120.32782167871825, 91.9071212926983, 57.07223965579813, -0.915715820499, 0.12606392102, -0.381539544352, 0.378678665094, -0.0468827708562, -0.924340020988, 0.134413558432, 0.990913666075, 0.00480642234648,  
1593, 1961805.757042618, 77.65852396840691, 134.3816223044558, 77.919177823365, 44.72837848950859, -0.61353922899, -0.454167094753, 0.645989059144, -0.209210334808, 0.882311073225, 0.421613811294, -0.761446419848, 0.123529025368, -0.636348905548,  
1596, 1583195.7154904285, 72.3017260924291, 90.50461684747005, 79.08610042312002, 52.805006520648796, -0.631451341025, 0.401801007467, -0.663193150083, -0.469255831588, 0.482870815094, 0.739347509937, -0.617307191306, -0.778069229779, 0.116361957841,  
1602, 1025295.2236208741, 62.553763185598584, 134.55223475628162, 55.57163459160332, 32.73529343541254, 0.372826043053, -0.597311106419, -0.710084631414, 0.399071196349, -0.587651260442, 0.703852382496, -0.837700974015, -0.545788822027, 0.0192779637056,  
1603, 2381598.3423408093, 82.84379208151088, 121.35967545346583, 78.8803606939551, 59.39318508561565, 0.51221048623, -0.838575325165, 0.185558189851, -0.62710045352, -0.217535507951, 0.747946070232, 0.586843623967, 0.499469445317, 0.637294935021,  
1604, 2351843.6723510525, 82.4973402877397, 107.83109220456134, 80.37633603578747, 64.78099769545831, 0.280125671694, -0.937176257651, -0.207918902826, -0.795046141947, -0.347877140448, 0.496873351398, 0.53798814135, -0.0261181402225, 0.842547685605,  
1605, 738534.5049303379, 56.07389539571833, 81.08718026339582, 72.1032779701704, 30.156086044323484, -0.44909294783, 0.588112940944, 0.672635631604, -0.459415793421, 0.493686019776, -0.738384210715, -0.766324117437, -0.640622574197, 0.0484774634611,  
1607, 2592786.6556296144, 85.22350493140969, 111.97098525831782, 83.40419406977635, 66.28034856662886, 0.559052641129, -0.805719941507, -0.19564130521, -0.382361471174, -0.459902834362, 0.801429403196, -0.73570364265, -0.373235527253, -0.565186156402,  
1609, 1387020.3768042638, 69.18279081530983, 114.5342092470572, 74.22061804334236, 38.9524199601535, 0.747492294171, 0.567003878928, 0.346066281853, 0.615982427191, -0.396657457716, -0.680608926352, 0.248638129714, -0.721920676057, 0.645762818637,  
1612, 1837409.7192463332, 75.9811390728269, 82.76372128020145, 81.9581092142736, 64.6674088960432, -0.482023256423, 0.869033664343, 0.111508163405, -0.494165745668, -0.164562518318, -0.853650627231, -0.723501068468, -0.466582969903, 0.508769629716,  
1615, 2316474.2022458995, 82.08168935199052, 106.83025769622562, 83.98081059860678, 61.64026831007311, -0.480320502403, 0.67880466635, -0.555442562209, 0.864626887934, 0.472839451054, -0.169832853678, -0.147351822631, 0.561824775592, 0.814027248868,  
1620, 2107321.732136323, 79.53300874867867, 113.62270259890275, 73.70363507728418, 60.07423009889236, 0.453716324048, -0.885729626808, 0.0981046659835, -0.647123869336, -0.251785436655, 0.719607387138, 0.612676256295, 0.389983489501, 0.687415946053,  
1622, 1443963.25669395, 70.11686837395388, 145.0633391094125, 57.32545266883287, 41.453611239545914, -0.54710047806, -0.599235565276, 0.584463689389, 0.314009781869, 0.500315571941, 0.806896638587, -0.775937448379, 0.624980852332, -0.0855570594494,  
1625, 616625.6042297402, 52.80126348384584, 110.2450684250075, 76.4238522638, 17.47208960065265, -0.770047832102, -0.610714814929, -0.18453658472, -0.60202336339, 0.791321121083, -0.10667123914, -0.211173403171, -0.0289533789546, 0.977019700743,  
1628, 1407443.2779123236, 69.52069374647651, 152.54477126345319, 84.59288851851176, 26.0382091508845, 0.690252214856, 0.00885578804412, -0.723514654244, 0.599587931387, 0.552719334252, 0.578788087368, -0.405026162639, 0.833320414104, -0.376205921027,  
1631, 3794531.0669332175, 96.75865761347679, 146.8576542429556, 127.5015370285298, 48.37906786494022, -0.864008704975, -0.0429977596148, 0.50163746909, 0.478952087081, -0.377367246039, 0.792589969592, -0.155221957235, -0.925064945982, -0.346642452258,  
1633, 1796604.096522468, 75.41445417247849, 125.64062983473754, 86.68147856421317, 39.38286990204039, 0.908640902682, 0.101128850722, -0.405147708281, 0.320403124064, -0.791056349607, 0.521125407015, -0.26779385367, -0.603326451681, -0.751188155284,  
1635, 2857044.380154638, 88.02569427054108, 110.26948846021455, 95.28134787653958, 64.91799905131417, -0.350363403616, 0.909031825431, -0.22562496706, 0.936550337753, 0.342827721126, -0.0730932177584, -0.0109064321208, 0.236918327661, 0.971468350363,  
1640, 1856169.2470102774, 76.23884728415113, 133.17070830564754, 73.02075892497776, 45.569463090560056, -0.980937399721, 0.00773378403485, -0.194170045099, -0.0600627353279, 0.938214154618, 0.340802975193, 0.184808781323, 0.34596876833, -0.919864840988,  
1642, 484343.83828737505, 48.71788096409452, 110.36511566797135, 74.46671986935888, 14.069255698057642, 0.54670469452, 0.831405677425, -0.0993910284478, 0.187604860473, -0.00594167824867, 0.982226609692, 0.816038230303, -0.555634138625, -0.159224089502,  
1643, 1905834.8561446278, 76.91284663865325, 113.69579799814045, 77.51511983363869, 51.62568406382741, -0.943381768071, -0.0173941802377, -0.331252595712, -0.083888092963, -0.953651618724, 0.288983352399, -0.320926202624, 0.300409774472, 0.898198385587,  
1649, 1325553.0348286857, 68.14534057044455, 108.44348640819713, 82.29326292006459, 35.46016443388995, 0.218854906484, 0.341647028695, 0.913991158432, 0.674759183685, -0.729618978216, 0.111158403454, 0.704842233369, 0.592396365966, -0.390210163438,  
1656, 1035740.0140307022, 62.76545987013624, 112.68026894543543, 73.1947452204453, 29.980189055297465, -0.72217505748, -0.690499550087, 0.040909139371, -0.690901798032, 0.722926999383, 0.00559097834147, 0.0334348894022, 0.0242265328423, 0.999147228029,  
1657, 965910.1785545521, 61.32196238783997, 112.92403976730358, 93.74728576106664, 21.78226435401823, -0.446615043635, 0.704733374348, -0.55125844563, -0.243461330021, 0.497150503136, 0.832807275434, -0.860965495001, -0.506154372016, 0.0504595690226,  
1658, 252436.0314162243, 39.206154307926596, 124.89040032138374, 49.817771661657304, 9.686109608217093, -0.674710044828, 0.725571001114, -0.13532582071, -0.11362250572, 0.0790562001879, 0.990373688769, 0.72928477401, 0.683591134783, 0.0291011828515,  
1659, 2808386.1214905856, 87.52310899917188, 158.98737833129874, 72.47328932770326, 58.18721724284821, -0.223374465721, -0.78914107038, 0.572154016943, -0.096705225712, 0.602031393801, 0.792594663241, -0.969923681216, 0.121715126085, -0.210792506267,  
1661, 823618.7916755351, 58.14948586299499, 97.12947892069846, 93.14272103084461, 21.733899659959473, -0.420220768209, -0.897821805771, -0.131645398887, 0.904211919567, -0.426496200425, 0.0224007932021, -0.0762581830324, -0.109622060302, 0.991043739406,  
1662, 932119.587517404, 60.59837918774028, 111.74611765937846, 63.26674468496112, 31.47567790740713, 0.526418488465, -0.796599015405, -0.297176014608, -0.481119765875, -0.567278949115, 0.668369931083, -0.701004526295, -0.208865034285, -0.681885658719,  
