# Void_ID, Void_Volume, r = (a*b*c)**(1/3.0), a, b, c, vector_a, vector_b, vector_c 

42, 2133850.176017011, 79.86535711182646, 117.56131929377646, 100.5158146331695, 43.10984544334437, -0.641285065889, 0.144133414075, -0.753643830476, -0.373529713968, 0.799317251293, 0.470709554363, -0.670245490138, -0.583367372016, 0.458752103229,  
61, 761335.0408360913, 56.645107221332346, 153.63549134267103, 74.00458803892508, 15.985897004168379, 0.177993177676, 0.889081643538, 0.421725336948, 0.841778982909, -0.359527793043, 0.402675936658, -0.50963376324, -0.283325955664, 0.812403735967,  
71, 1014374.042072926, 62.33086768399909, 99.34662342764234, 87.16368477429477, 27.965386461599415, -0.0696453313743, -0.458082802416, 0.886176999221, -0.322386959339, -0.830330999349, -0.454551515197, 0.944042465287, -0.317349299118, -0.0898512441965,  
83, 2409302.682294754, 83.16378588646795, 130.88318309668108, 107.54978464244044, 40.86103482774414, 0.649764367277, -0.664165855489, -0.369716084882, 0.136940197086, -0.376146127956, 0.916385002521, 0.747698902928, 0.646063314875, 0.153455347687,  
90, 2797746.010087178, 87.41243639790927, 145.54702831356207, 78.56598929847016, 58.409266112686936, 0.315507553774, -0.944147452114, 0.0950819235047, -0.890762638989, -0.329219200911, -0.313299599, -0.327103813022, -0.0141529649777, 0.944882420775,  
96, 1077407.0802631825, 63.59608853981654, 146.54864166725088, 54.96761210520015, 31.930266822629257, 0.95718078642, -0.117260643556, -0.264678831002, -0.137172641907, -0.988848843597, -0.0579795725186, -0.254928633974, 0.091803627325, -0.962592066033,  
103, 495917.2227069567, 49.10286816817501, 74.55331000405756, 53.6953329381329, 29.57447966395876, 0.430580176607, -0.883619988053, -0.183892436567, 0.391120559384, -0.00094454149413, 0.920338967918, -0.813403601873, -0.468203828001, 0.345195243167,  
159, 1024248.423618279, 62.53246734302746, 91.3428797735859, 66.85937878144216, 40.03867144113429, -0.959740343197, -0.0629520347157, 0.273743520409, 0.255118108912, -0.603137299336, 0.755738148206, -0.117529673468, -0.79514931898, -0.594915402709,  
163, 2043090.7276211819, 78.71660370666709, 132.4242797721547, 63.55979122606502, 57.94940242846708, -0.967307532204, -0.250139345803, 0.0417904991829, -0.249163927895, 0.906663831947, -0.340408626323, -0.047259656966, 0.339692513195, 0.939348455741,  
173, 1227777.5827479344, 66.4268558630435, 85.22437599765378, 60.27079082882132, 57.063758131889394, 0.55956468015, -0.392033379193, -0.730203532125, 0.373295971057, -0.667402820646, 0.644378454781, -0.739957760093, -0.633153460539, -0.227110564894,  
185, 1325161.9043098213, 68.13863736966383, 99.53309772985986, 74.81438664304883, 42.484224251088015, 0.719589208192, 0.383297970724, 0.579028528738, 0.634142307995, -0.702495920854, -0.32305264957, -0.282939754479, -0.599651687917, 0.74857394325,  
224, 2335634.7360496153, 82.30737897463024, 131.92010247605546, 76.497957986489, 55.25295299627239, 0.533615162004, -0.812812805392, -0.233645462762, -0.71248803597, -0.283209067095, -0.641991762342, -0.455648611848, -0.509046135144, 0.730244051544,  
235, 1605447.6861778689, 72.63888732521643, 127.42593420750089, 65.85365002765226, 45.67408667250328, -0.338908883654, -0.903792504629, -0.261342451882, -0.292223370892, -0.162918422982, 0.94237099327, -0.894285340417, 0.395748273564, -0.20889479143,  
259, 2659626.320065105, 85.94962858000187, 141.04837454524517, 84.69246697488137, 53.151942839233875, 0.247329313175, 0.554515095149, 0.794569833367, 0.920543159417, -0.39038638126, -0.014098403371, -0.302371464419, -0.734922773208, 0.607009073182,  
269, 1424376.2336318104, 69.7983843223141, 138.7253196379739, 85.85016123767151, 28.552179158175232, 0.659419022545, 0.661090273739, 0.357947206547, 0.705592918119, -0.708563016236, 0.00877985894851, -0.25943243168, -0.246775407994, 0.933700546965,  
282, 3405996.1677062665, 93.33657246811369, 151.3432870442247, 90.35857695540838, 59.45973930887155, -0.0698937054492, 0.705034230926, 0.70572062685, -0.876753599469, -0.380870657532, 0.293667614914, 0.475834000211, -0.598217582033, 0.644761761265,  
291, 2887641.269138054, 88.33880977922617, 111.72660877369185, 98.36403652160485, 62.72803330173366, 0.728619307149, 0.211069301678, -0.651585493346, 0.439338063067, 0.585804611309, 0.68103966383, -0.525448352923, 0.78248495657, -0.334097771845,  
308, 2987133.3025807585, 89.34193029223071, 119.4716636338104, 105.89390468532628, 56.367674833638134, 0.499239341664, -0.794649751828, -0.345386525005, -0.0689697487181, -0.433796587374, 0.89836723813, 0.863714798702, 0.424679046696, 0.271375116399,  
311, 837238.5177748221, 58.46826369062522, 97.92256816209647, 48.309983820429096, 42.251380542323474, -0.000362252570656, 0.904370078482, 0.426748907343, -0.993972598067, 0.0464580865282, -0.099298139396, 0.109628203782, 0.424212691161, -0.898902246962,  
317, 972292.2138816484, 61.456723069238606, 112.8280633160002, 75.65040329193417, 27.194421052457454, -0.588876976306, 0.328567264937, 0.738422277012, -0.0711869121306, -0.931172002869, 0.35756275619, 0.805081567493, 0.157994472956, 0.571735442489,  
350, 82516.18381903644, 27.007445504859156, 116.06286169018325, 30.347750138079714, 5.592818827670504, 0.226302679384, -0.757630223749, 0.61219567245, 0.663159257029, 0.580183295933, 0.472871169492, -0.713447192945, 0.298971214639, 0.633726530687,  
355, 821855.7974169455, 58.10796566559309, 150.99355491594045, 79.10896593333547, 16.425662534113993, -0.945529563891, -0.0508918915367, 0.321533605061, 0.152304050501, 0.803780876495, 0.575099798976, -0.287710479491, 0.592744732542, -0.752247540398,  
380, 1702731.330765179, 74.07741849432048, 112.06140378545408, 80.17378870536808, 45.24483952960917, 0.368653221664, -0.857470897336, 0.358940750513, -0.706347588391, -0.0073815652491, 0.707826671487, 0.604291226588, 0.514479516323, 0.608393738259,  
387, 874555.5926787552, 59.324343018215195, 138.13488408673228, 84.60633949944173, 17.864568832764522, 0.0314568581057, 0.638514063975, 0.768967005914, -0.379637873021, -0.704058474146, 0.600147273885, 0.924600211684, -0.310807746185, 0.220256653622,  
431, 1951706.8598492474, 77.52503894752616, 115.35249766125347, 79.6571003842291, 50.70776667120532, 0.773455386031, -0.110612344372, -0.624124727192, 0.30079872125, -0.802664764455, 0.51502369382, -0.557930905322, -0.586083769759, -0.587553333504,  
468, 1401956.6353063376, 69.43023849030635, 107.98032939705209, 59.85542660784571, 51.78426216250015, -0.608651526792, 0.117406482389, 0.784703152044, -0.276514748892, -0.958376943153, -0.0710860638825, 0.74369544343, -0.260248636358, 0.615782213688,  
497, 2327125.1364156334, 82.20729837444095, 126.75265339409536, 96.920833457622, 45.22274583565037, -0.991618612889, 0.127449975928, 0.0211903328746, -0.0424977396374, -0.47664291258, 0.878069174959, 0.122010117191, 0.869809196045, 0.47806431971,  
583, 572319.5889722066, 51.50507222733464, 106.40889482756373, 55.17592235063935, 23.27139764881192, -0.804978507262, 0.173531764328, 0.567359083487, -0.00713892378545, -0.959034235904, 0.283200229752, 0.593261020642, 0.223919764946, 0.773240777671,  
608, 1358283.5583832995, 68.70166748823597, 86.75358311412181, 70.80087905845143, 52.79292968664007, -0.944896103026, -0.0518611243912, -0.323236412341, -0.144835103668, 0.951708314695, 0.270691847837, 0.293588397645, 0.302591651433, -0.906776789101,  
669, 1704366.5042840322, 74.10112367846742, 112.79058357418215, 92.20042865095733, 39.12628349455886, -0.452896407345, 0.53624409775, 0.712268988404, -0.680206260128, 0.308641823073, -0.664875679156, -0.576371657784, -0.785609631229, 0.22497381942,  
695, 3016994.1044545686, 89.63864521910811, 135.24628355378556, 96.19092165322449, 55.36386823283942, 0.315922099872, -0.779976571302, 0.540212712765, -0.601877270595, 0.275390807094, 0.749602330912, -0.733441870876, -0.56195769555, -0.3824481278,  
710, 655461.7296030776, 53.88727759670962, 80.00416223367074, 75.93709049304168, 25.756817171195088, 0.150092270279, 0.294614238863, 0.943755667883, -0.726411659324, -0.614674494886, 0.307410745639, 0.670670121297, -0.731695097425, 0.121753327693,  
721, 1996938.0471135317, 78.1193571430723, 116.62433636472564, 67.14803601218838, 60.87703360277068, 0.366689870201, -0.567455207589, -0.737246991498, -0.739516698678, 0.303040102295, -0.60106717493, -0.564494102245, -0.765611705619, 0.308520865987,  
728, 2030049.4061587232, 78.54875987089798, 106.50522167160943, 73.27347671597447, 62.10124387377366, 0.568452176656, 0.770330563298, 0.288882235702, 0.385282485982, -0.559507341309, 0.733831684392, 0.726924706452, -0.305846952365, -0.614848040477,  
729, 1467554.3311539001, 70.49665756087224, 134.84225724643753, 59.420055942642705, 43.72668046290916, -0.275280483923, -0.936615732306, -0.216729382337, 0.178273380196, -0.271262791701, 0.945851520986, -0.944690032278, 0.221737384839, 0.241647005113,  
743, 2083460.2276584795, 79.23168067714951, 156.92853050050948, 83.26596216369906, 38.06511903936104, -0.511982529906, 0.30569199197, -0.802761667693, -0.204980737505, 0.864059106514, 0.459765981453, 0.834180308041, 0.399942829033, -0.379722197378,  
753, 1569072.4343129671, 72.08608857502286, 125.75586540633412, 83.75241846541316, 35.56548835715827, -0.0557317517427, -0.415613597117, 0.907832203515, 0.0226227847812, 0.908486304779, 0.417301861532, 0.998189451686, -0.0437946563063, 0.0412291962399,  
781, 329322.1945460484, 42.839474073991134, 97.6979951264429, 67.11081783826042, 11.990967022484028, 0.0670470529727, -0.578974580708, 0.812584227992, -0.18589888115, -0.807404853791, -0.559945540265, 0.980278684189, -0.113515800524, -0.161764842771,  
814, 1719841.7372681475, 74.32472168774169, 127.65504184211456, 83.94070957093231, 38.31680303658555, -0.240929464239, 0.243119290493, 0.939598852624, 0.0511167076303, -0.963594704027, 0.262435379802, 0.969195581636, 0.111257615292, 0.219730898093,  
834, 1443895.7384868723, 70.1157754931836, 95.88089335546728, 92.26766921932672, 38.96418560802141, 0.815300440597, 0.546579092126, -0.191145200342, 0.483966786944, -0.462003490824, 0.743188350018, -0.317901463819, 0.698429717665, 0.641197776653,  
844, 1511879.044254024, 71.19936921304442, 83.7113384759442, 81.48674912938729, 52.9123633560356, -0.334346282167, 0.570410241191, 0.750229778365, -0.885453231767, -0.462756228403, -0.0427697022217, 0.322777226512, -0.678593272748, 0.659792416011,  
860, 1416590.696333111, 69.67098094307636, 145.95922205668606, 85.13509361408767, 27.21545616278383, -0.12153514456, 0.953918360439, 0.274351909515, 0.222991241878, -0.243095487994, 0.944023034551, 0.967214616661, 0.175910048986, -0.18317079457,  
887, 2053890.7400133526, 78.85506169550064, 115.76390309674721, 106.95160479860603, 39.60301598300401, 0.603685887245, 0.788989236511, -0.114277444014, 0.590543067229, -0.346266761341, 0.72894321846, -0.53555787296, 0.50753848589, 0.674968480783,  
921, 2517712.2253024695, 84.392883605827, 95.03401553740872, 91.32020283105757, 69.25825288342826, 0.753545728059, 0.342642227703, 0.561039338655, -0.644406474756, 0.216185735737, 0.733487575189, -0.13003511455, 0.91425381129, -0.383706707689,  
927, 1704278.5813813955, 74.09984944198877, 105.07631569827653, 92.18326623621793, 42.00442539158274, -0.295493558471, -0.347521654948, 0.889894519729, -0.374468070892, 0.899083283031, 0.226766210129, -0.87889545498, -0.266229129729, -0.395809082386,  
934, 2481571.9278400983, 83.98713230854867, 143.31285470109188, 92.34704045735552, 44.764128079868584, 0.636497774923, 0.641584480183, -0.428065342331, 0.256813410522, 0.34703968543, 0.90200350826, 0.727267113717, -0.684056146471, 0.0561224890925,  
949, 2159297.5771533656, 80.18158359913276, 124.9908932128413, 99.80918068268693, 41.32139987142204, 0.410593634993, 0.873656909682, -0.261029636377, -0.198772542345, 0.365150316118, 0.909480468756, -0.889888949989, 0.321541367172, -0.323587400689,  
950, 1836285.247912178, 75.96563608022251, 104.09895592976558, 82.19654414032142, 51.23321429469381, -0.513216369538, -0.490315644272, -0.704414314889, -0.847694997994, 0.417966014102, 0.32667660068, -0.13424659554, -0.764784270261, 0.630145119435,  
952, 3256103.7948578694, 91.94678401831017, 139.5550623401699, 103.37202070429788, 53.88414922288375, -0.584957674065, 0.0168715230422, 0.810888322312, -0.786074201958, -0.258057833145, -0.561688084055, -0.199779549926, 0.965982146037, -0.164215178862,  
964, 723142.9838959441, 55.68161919670026, 84.49301329157423, 74.11997505292365, 27.566365138740125, -0.876834672874, 0.0998830140403, 0.470302392032, 0.287816692821, -0.674502854935, 0.679858404389, -0.38512661266, -0.731484300714, -0.56267949139,  
970, 297732.29578884185, 41.42340347292818, 98.66187594156543, 75.42564991585292, 9.551441214369987, -0.717728189341, -0.155573052006, 0.678721792574, 0.396922366471, -0.892264421173, 0.215213470079, -0.572117891016, -0.423864634285, -0.702153751384,  
988, 568441.4544614692, 51.388472764627814, 89.2321537753232, 52.847922042768424, 28.777154032990417, -0.987248623928, -0.154670501335, 0.0376455916265, -0.0189103243547, 0.348766092869, 0.937019003061, -0.158058704869, 0.924358831018, -0.347243714606,  
1016, 1611078.6023562553, 72.72371230759838, 109.46187405785277, 97.41621999824099, 36.0689888183977, -0.491810408267, 0.19918999054, 0.847611862817, -0.547085549279, 0.686625082986, -0.478793689583, -0.677362476146, -0.699191921494, -0.228715397004,  
1038, 891824.9464592574, 59.71228203961038, 143.48290861506305, 54.61525112960377, 27.169203098087955, 0.913918411595, 0.262716887464, -0.30940745626, 0.269908965341, 0.17597509336, 0.946668852844, -0.30315390048, 0.948689940686, -0.0899172345308,  
1045, 747132.0193534188, 56.29064779854318, 116.83123395233287, 92.50673318460773, 16.50351421999502, 0.144312326405, -0.220826122643, 0.964577511663, -0.143522739868, 0.959802602878, 0.241205693649, 0.97906852446, 0.173247762081, -0.106817776355,  
1053, 1232684.7930308604, 66.51523702540293, 136.08864308276483, 74.47379368988416, 29.036085589283523, 0.619207209254, -0.594907544966, -0.512510921786, 0.27007969746, -0.451512263263, 0.850407921613, -0.73731905511, -0.664997510571, -0.118907198719,  
1082, 1202610.6313152066, 65.96984694578458, 110.38339403677041, 59.457660734727, 43.74464207129137, 0.474948001328, 0.40338490914, 0.782115727442, 0.785490417196, -0.595038620996, -0.170099512101, -0.396773487683, -0.695132832343, 0.599467384326,  
1085, 1901146.2571270561, 76.84972301256076, 127.1547281227721, 94.93258651379902, 37.59924222197605, 0.66121593709, 0.62690494754, 0.412048141953, 0.709854898185, -0.700522681834, -0.0733075422999, -0.242692208486, -0.340966507131, 0.90820830923,  
1123, 1688222.2573523354, 73.86641201427844, 119.09549551502076, 95.70320593757307, 35.360564564600764, -0.958410528564, -0.261733454445, 0.113775469949, -0.277178592291, 0.758696420636, -0.589535214631, -0.0679800464358, 0.596552881259, 0.79968954798,  
1125, 2775069.707971032, 87.1756302441229, 121.09606434051958, 86.20168850957646, 63.465760135078085, 0.812172655713, -0.558890048112, 0.1673842628, -0.170443029189, 0.0470887119102, 0.984241752321, -0.557964829638, -0.827903718637, -0.0570147485778,  
1195, 1051090.2057582778, 63.0740125223085, 118.04476543333051, 55.89275639600679, 38.03199600134737, 0.169514178245, -0.985508598956, -0.00614367625475, -0.79106185379, -0.132344758406, -0.597248698952, -0.587780645183, -0.106102150338, 0.802032572183,  
1212, 710045.9428599171, 55.343414100004345, 112.22408099041891, 55.467047834121395, 27.231824003900005, 0.253909925342, 0.318905370779, -0.913142439218, 0.53487529518, 0.740297299784, 0.407269353792, 0.80587726635, -0.591827062933, 0.0173942277893,  
1282, 513061.0416677106, 49.66229779054647, 101.70682003115391, 48.597072630196905, 24.781080826544244, 0.651868213868, -0.752006442924, -0.0977452891423, -0.363867537099, -0.42326200114, 0.829728686883, -0.665333185099, -0.50530741949, -0.549541776951,  
1292, 935044.5380178874, 60.66169802450285, 127.68433268148722, 98.23160527362703, 17.797329296197532, -0.146369302669, 0.405197434839, 0.902436183913, 0.930278754615, -0.25383421159, 0.264857757559, 0.336388861214, 0.878284254571, -0.339793028511,  
1293, 2471880.6922793775, 83.87765856027167, 131.20933839984585, 71.39765768033153, 62.992694568515226, 0.71820115035, 0.0314555838612, 0.695124200327, 0.505224313769, 0.663346362281, -0.552014489325, 0.478472047682, -0.747651088338, -0.4605239947,  
1300, 2933260.7943245904, 88.8015792619986, 120.78736288468126, 87.85028270808051, 65.99292914457229, 0.0399049267288, 0.916863307005, 0.397201803987, -0.372373507099, -0.355236822745, 0.857405837965, 0.927224658879, -0.182122145917, 0.327239905777,  
1330, 1134465.0340564796, 64.6994867009043, 107.25143789269491, 85.8279845185453, 29.421883258841184, -0.0622923132502, -0.131834458483, 0.989312560957, 0.0655062630216, 0.988560220868, 0.135858820919, 0.995905917853, -0.0732691290591, 0.0529437202324,  
1335, 245074.57892693795, 38.82128309292228, 97.49938053092043, 62.890702732553585, 9.54160320085088, 0.601584878106, 0.584644313464, -0.544322203449, -0.268837648846, 0.789848840632, 0.551239628035, 0.752211375211, -0.185283123049, 0.632335521156,  
1359, 1170686.8325945798, 65.3808719298766, 101.41400962826324, 76.32049250346282, 36.10879587672327, 0.268705772055, -0.726158004264, 0.632844183751, -0.581137841214, 0.401741761945, 0.7077304333, -0.768164056419, -0.557940955257, -0.314047564668,  
1364, 2407717.1407304406, 83.14553875685202, 156.1718653782777, 97.11945001042908, 37.89726278564248, -0.401466959911, 0.780620392167, -0.479015744452, 0.908752440719, 0.404612758288, -0.102262003294, -0.113988076511, 0.476361542491, 0.871829340668,  
1377, 1020464.1305322953, 62.45535934929478, 88.25437246203028, 60.99788239689748, 45.25412217262714, 0.307626411668, 0.811661224598, -0.496560215209, 0.791416875472, -0.507976758771, -0.340027854397, 0.528228473354, 0.288384585289, 0.798629457825,  
1423, 630406.3077381767, 53.19171343426121, 138.0689118043643, 78.45741517794384, 13.893192165640322, -0.57714977286, -0.542102319042, -0.610756265115, -0.035676149547, -0.730439344225, 0.682045142759, -0.815858659353, 0.415431631074, 0.402232778204,  
1435, 1525055.3044640927, 71.40560907707403, 88.49726129184278, 74.93446344873831, 54.90166949280417, -0.452220045703, -0.795910775363, 0.402520891291, -0.867854796397, 0.288565927942, -0.404422746149, -0.205730606951, 0.532217758903, 0.821230281025,  
1449, 332256.7093584167, 42.96634224011331, 126.85251504082026, 45.784574366059225, 13.657364075715815, 0.489529144764, 0.868335037017, -0.0797212638861, 0.663953462847, -0.43044546706, -0.61145931922, 0.565267207257, -0.246395948376, 0.787249656096,  
1501, 845916.8292310401, 58.66958532267721, 111.56927964575333, 55.919527609489315, 32.36912299774986, -0.716830611432, -0.331987188457, -0.613138142031, 0.185074866104, -0.938421716189, 0.291739569687, -0.672235947008, 0.0956513945779, 0.734131897049,  
1517, 1580588.6561068036, 72.26201770353407, 117.66122426437113, 81.10318595399413, 39.54203112821719, 0.473457784701, 0.574368309654, 0.66778647109, -0.568726847705, -0.379579978512, 0.729704606407, 0.672597575676, -0.725272421079, 0.146943582428,  
1584, 1782876.6560151826, 75.22188802671153, 116.81197106032509, 79.11776778253491, 46.05441938725203, -0.506993182899, 0.481249896347, 0.715091917001, -0.00448444832287, -0.831082533083, 0.556131021368, 0.861938398157, 0.278747843884, 0.42351131899,  
1594, 265618.4605040161, 39.877067671546264, 79.83463537261959, 49.254478351335884, 16.126219839516498, 0.5455401217, 0.83787928307, 0.0185548543131, 0.787429446757, -0.520021468505, 0.330957004269, -0.286950940052, 0.16593968572, 0.943463395531,  
1596, 804512.9645368082, 57.696324270602176, 107.47704431532462, 96.66277450418174, 18.48712878779617, -0.894492184007, 0.444384868868, 0.0490491699375, -0.343265759504, -0.752926464897, 0.561489409348, -0.286447815671, -0.485410987493, -0.826028947506,  
1614, 1369403.2964426025, 68.88863612391793, 103.65938780011258, 70.99783713662428, 44.42106855831515, -0.424041679761, 0.444952604587, 0.788800249427, -0.00941220062787, -0.873102136359, 0.487446479077, 0.905593763397, 0.199273277579, 0.374419679689,  
1628, 1816419.562889336, 75.6906997832062, 96.81998810618683, 86.59913292560584, 51.718865860493, 0.508687750152, 0.463628257102, -0.725455451466, 0.416775569547, 0.604702913658, 0.678699131311, -0.753349120577, 0.647598043102, -0.114376033747,  
1689, 506954.44959412736, 49.46447948090883, 127.95447858694251, 69.8810297217585, 13.535226967670845, -0.0165884193161, -0.245392144831, 0.969281960835, 0.133637371717, -0.961261722445, -0.241074581493, 0.990891455824, 0.125533247455, 0.0487393737998,  
1696, 1356609.7225517095, 68.67343514522283, 105.05715508049524, 70.91483061937238, 43.471398305275926, 0.497834298079, 0.322926152438, 0.804909753778, 0.278802145415, -0.938420112145, 0.204051603362, 0.821237100579, 0.122826679487, -0.557210221943,  
1698, 954520.6001964917, 61.07998177268265, 138.56488267436637, 75.28810843801517, 21.843243746530547, 0.930293554686, 0.34621047054, 0.121211435918, 0.290445481694, -0.897056899288, 0.333062068696, -0.224043130385, 0.274640181927, 0.935081518478,  
1734, 655759.5447874177, 53.89543775761191, 128.38307183583802, 63.60098941118993, 19.17274855215051, 0.794038989028, -0.142615231787, -0.590900143481, -0.192734774457, -0.980999133331, -0.0222262709223, -0.576502723861, 0.131535531573, -0.8064384746,  
1764, 3220335.966308218, 91.6088696329578, 108.77691870671, 103.49576221145051, 68.28939313950845, -0.910701991941, -0.254954700031, 0.324992281151, -0.034833937597, 0.831384780122, 0.554604313158, 0.411592612503, -0.493758491891, 0.766024851437,  
1766, 600252.9051676869, 52.32973720895467, 94.78972049480389, 81.69568009723137, 18.50483965113824, -0.918787809597, 0.223912222798, 0.325103487243, -0.280226667677, -0.950014042987, -0.137645678643, -0.278032328441, 0.217569838462, -0.93560749769,  
1800, 1548159.0670099542, 71.76438880277283, 91.25943694477867, 87.0811698814556, 46.50770740456364, 0.0609766926789, -0.0828041307852, 0.994698607054, -0.310847026511, -0.948570015753, -0.0599086915525, 0.948501960493, -0.305546070403, -0.0835800801724,  
1910, 1696119.4368273981, 73.9814105160767, 133.3380313098207, 104.42223088800598, 29.08176868724034, -0.98139672985, 0.035825084123, -0.188618721201, 0.0494554185066, 0.996454743133, -0.0680595802822, 0.185511779196, -0.0761216673191, -0.979689170882,  
1911, 3310749.4812721857, 92.45829989591323, 104.27711268568261, 98.10752303276055, 77.25852310901168, 0.502012215761, 0.796022266078, -0.338130577047, -0.25441787555, 0.509589808994, 0.821942681195, -0.826592571844, 0.326598803544, -0.458342602969,  
1934, 2393114.889085809, 82.9771116051407, 110.1511295021834, 93.04569431230439, 55.74291858229963, 0.370068411021, -0.622209191956, 0.689858748302, -0.122166037724, 0.703536171597, 0.700080220033, 0.920936930735, 0.343354884484, -0.184343681503,  
1946, 153416.9578921389, 33.20944256622871, 137.23519530384314, 63.894770935793005, 4.176898629185972, 0.209108094609, -0.776743668868, -0.594090125859, -0.705368083807, -0.540580584505, 0.458506813474, -0.677295851984, 0.323174727555, -0.660929969327,  
1948, 1077058.875025771, 63.5892366334959, 129.98179729970934, 53.758608030808084, 36.79766671310037, -0.770555472152, -0.604118255321, -0.203188085094, -0.636912303529, 0.741941996329, 0.209439231513, -0.0242277103474, -0.290797537252, 0.956477814891,  
1953, 1342152.028095644, 68.42860727262054, 127.58963322658613, 72.17820071347167, 34.79298277602116, -0.612675758222, -0.625958062636, 0.482498620836, -0.790133595151, 0.471366110889, -0.391794450343, -0.0178133966753, 0.621281331867, 0.783385083833,  
1958, 1689563.4849624569, 73.88596817682092, 147.0870446614072, 86.76378813951679, 31.606250540269205, 0.551870299217, 0.717606105325, -0.424830143049, 0.520495829613, 0.101619774, 0.847795678738, 0.651554498256, -0.688995572651, -0.317430050043,  
1967, 1396560.9094771533, 69.3410516681858, 92.13695285502892, 84.27398047797203, 42.93820844502117, -0.544346376298, -0.0316858150901, 0.838261911179, 0.831064191078, -0.156293700572, 0.533764544973, -0.114102291473, -0.987202252977, -0.111410855831,  
1992, 1270939.5154574553, 67.19630992526614, 118.97174263446017, 85.65212776867745, 29.775173059392394, -0.491176930218, -0.870990324444, 0.0110035424395, -0.839148348816, 0.476532724172, 0.262195750296, 0.233613509672, -0.119550899277, 0.964951973199,  
1999, 358280.3636067587, 44.06003106278724, 103.99154115734629, 38.68881708664828, 21.259396465336003, 0.219341195269, -0.692334644324, -0.687431582288, 0.442110648603, -0.557565800789, 0.702608391768, -0.869728471679, -0.458031787172, 0.183791369467,  
2004, 3753375.570587836, 96.40757033405401, 113.10571587746584, 100.42699463532576, 78.88572015260007, -0.957267554016, -0.142831851518, 0.251471454087, -0.213786888073, 0.935079276069, -0.282704640841, -0.194766517956, -0.324385279656, -0.925656628468,  
2023, 170296.13994360846, 34.385240392821956, 112.69298693849909, 71.36995468470627, 5.0547989158232305, -0.0671593648149, 0.358665090015, 0.931047245268, 0.33087002429, -0.872344118606, 0.359917720819, 0.94128351029, 0.332227470173, -0.0600854501399,  
2036, 1228349.9294085654, 66.43717621298785, 117.2691432254652, 100.01596460757119, 25.002326132206687, 0.634432943393, 0.755679369261, -0.162614670958, -0.316676191336, 0.446009195264, 0.837133195842, -0.705131923954, 0.479608682795, -0.52226859106,  
2043, 1713668.2143623033, 74.23568336108154, 121.47147476623401, 81.82542256373867, 41.16001942790585, 0.398090630545, 0.889176650601, -0.225585314015, 0.876412391687, -0.296009672513, 0.379841537325, -0.270970790992, 0.348917121686, 0.897124112163,  
2058, 687019.9297477249, 54.738586110826965, 127.20632169136367, 89.88730704215664, 14.344111822418759, -0.982286880529, -0.166346956245, 0.0862622425424, -0.179425092548, 0.967712517598, -0.177028583704, 0.0540288858367, 0.189370466103, 0.98041812818,  
2105, 1841667.988020088, 76.03979020630524, 130.75396481137383, 98.7032616573367, 34.06719363494576, -0.893426733819, 0.202545826187, 0.40095368759, 0.426130065064, 0.664562853196, 0.613815429751, 0.142133173279, -0.71925753555, 0.68004908544,  
2109, 1296168.7176584897, 67.63803396842474, 126.53155254897906, 74.07476365569326, 33.01443088161476, -0.726381031302, 0.685882958142, -0.0439905114223, -0.00289288467831, 0.0609538309764, 0.998136394341, 0.687286132977, 0.725154602978, -0.0422915263058,  
2113, 1033797.1764705967, 62.72619022793883, 123.94890047687772, 104.50993315799472, 19.05225930924291, -0.529696412647, -0.80532817596, 0.266210892778, -0.0708916840456, 0.35479549937, 0.932252392199, 0.845219545185, -0.474938609329, 0.245024973843,  
2118, 787833.3115483543, 57.29480471909412, 113.51074887500924, 52.85569556697394, 31.348513301969312, 0.209987781557, 0.205895588027, 0.955778289368, 0.753211536848, 0.589209409023, -0.29241178683, 0.623359857831, -0.781306136639, 0.0313561556149,  
2135, 2078745.9739734272, 79.17187626896394, 126.58728914700207, 80.01607028689203, 48.99429282455868, -0.954882875008, -0.126708693474, -0.268595610565, -0.289726372866, 0.596153203913, 0.74877231942, -0.0652481714923, -0.792809097111, 0.605967335469,  
2168, 1920067.2147984174, 77.10382813803834, 145.23210777107096, 87.92244540160983, 35.89760080452356, 0.833187617553, -0.214598314088, -0.509652781359, -0.494851315612, 0.122019053018, -0.860368250308, -0.24682092576, -0.969050522053, 0.0045294939744,  
2200, 1482132.184013922, 70.72931350756333, 123.10944204224782, 89.8974145534275, 31.971260860721674, -0.650645912684, 0.631861392574, 0.421201943113, 0.740735699117, 0.6502502759, 0.168775598784, 0.167243894838, -0.421812469311, 0.89112497461,  
2207, 1605197.4317584569, 72.63511285421963, 122.94697532407412, 75.2144750312458, 41.44007849248469, -0.584303298636, -0.160772617867, -0.795450702776, -0.113420079823, -0.954381884286, 0.276208443825, -0.803570495163, 0.251609587043, 0.539413639995,  
2221, 563144.1275961108, 51.22834395703854, 140.63668780236944, 59.51117339945982, 16.06326438070484, 0.619335960633, 0.71112175616, 0.332759396235, -0.414081997489, -0.0642361604169, 0.907970161982, 0.667052522086, -0.700128247974, 0.25467895313,  
2245, 1103596.032446963, 64.10725388387584, 115.86048675239267, 90.64550585191795, 25.086489693392927, -0.139699357441, 0.251320447636, -0.957769347041, -0.180276124635, -0.957544060521, -0.224966422045, 0.973645011499, -0.141235281573, -0.179075366318,  
2254, 3273217.4336496927, 92.10758922112882, 122.40475184826944, 91.42367363576477, 69.82795127177086, 0.833061219365, -0.517948220388, -0.194264370862, 0.285007900647, 0.100890574504, 0.953200707377, -0.474109166077, -0.849441424098, 0.231667359956,  
2289, 1792842.007343494, 75.36177809562484, 102.28473350239113, 81.72991349838676, 51.19900875941351, 0.113940372843, 0.252372927379, 0.960898276074, -0.92510061205, -0.325687218587, 0.195234969289, 0.362224307606, -0.911172728507, 0.196361426467,  
2323, 2507526.88929333, 84.27892676279036, 110.43336579673813, 87.53293280906335, 61.92773569119773, -0.555202673224, -0.781446464622, 0.284765543166, -0.830860130222, 0.536630517577, -0.147306251095, 0.0377019316817, 0.318385160668, 0.94721140925,  
2325, 1032263.5230598686, 62.69515646602601, 101.18790841632024, 87.85960337141563, 27.719418433044986, 0.212946452776, 0.757916110095, -0.616617367829, -0.208949668022, 0.651817589054, 0.729022542061, -0.954459975318, 0.0264007700213, -0.297168563039,  
2340, 1356230.283594818, 68.66703197563335, 106.05508774291617, 66.46332265766982, 45.933683309012814, -0.975169197522, 0.203696472808, 0.0869067498488, 0.149566561085, 0.316355827771, 0.93677576508, 0.163324462372, 0.926513214801, -0.338966639642,  
2351, 682929.8745487003, 54.62974424227342, 85.34902923106515, 63.04827080133347, 30.29812383260975, -0.910782796994, -0.260561967149, -0.32028449537, 0.103015913961, -0.89459589029, 0.434840102276, -0.399827985726, 0.363050484578, 0.841624576327,  
2357, 1497590.1547720532, 70.97435520219561, 118.670294371393, 112.48192806100076, 26.784256498927466, -0.419350763907, -0.77356375016, 0.475125311102, 0.120242569615, 0.471426823129, 0.873669545588, 0.899825906086, -0.42350427964, 0.104677905325,  
2359, 3284755.3099743593, 92.21568670770804, 122.65491195957308, 87.70943687567008, 72.89255048202001, 0.356006103146, -0.708253577393, -0.609619983788, 0.431416951496, -0.454113383541, 0.779525784596, -0.828938519123, -0.540516331852, 0.143885463184,  
2387, 601418.1788918024, 52.363577973115255, 107.31478493329475, 48.59528996265708, 27.53177454800304, 0.306700215123, 0.933263825271, -0.186958847034, 0.759987861061, -0.121864822109, 0.638410068978, -0.573021316431, 0.337886959756, 0.746645145529,  
2392, 1437105.032878413, 70.0056835240519, 92.7532839472636, 81.43203586240335, 45.422947641885564, -0.633044913466, -0.508371383601, 0.583791635663, 0.030180293764, 0.737359341377, 0.674826163951, 0.773526526632, -0.444814273624, 0.451438782757,  
2399, 2500155.7498846664, 84.19626344985795, 147.55165719081643, 93.95157014709307, 43.05566694390057, -0.00309413572751, 0.991507025173, 0.130016327273, -0.685099355026, -0.096812205952, 0.721987721864, 0.728443065769, -0.0868401739522, 0.679580373554,  
2426, 1812521.3906328452, 75.6365150353055, 97.43526837079101, 70.88842187746671, 62.647397968082934, 0.611645492704, 0.436547753908, -0.65978469959, 0.583170518253, -0.812343728947, 0.00313251988952, 0.534604468645, 0.386682976866, 0.751448160226,  
2431, 731817.7166602971, 55.90338470198409, 113.89903909291269, 63.08026738164499, 24.3164809247804, 0.110223709611, 0.489797356835, 0.864840611371, -0.556971842025, -0.690240100867, 0.461899307584, 0.823184730805, -0.532604123522, 0.196722511616,  
2438, 1553746.9780819365, 71.8506270379202, 124.2937956737504, 102.43166802162843, 29.13452836729192, 0.237833472096, 0.658999384126, 0.713551015186, 0.673270371815, -0.641359647079, 0.367919569383, 0.700101596904, 0.392909168665, -0.596221552103,  
2448, 1148476.4249698503, 64.96475802304197, 139.8254542823299, 81.53843443992002, 24.0483269551576, -0.300802559515, -0.593599075375, -0.746430142681, -0.94718115653, 0.277211523243, 0.161250203397, -0.111201065206, -0.755509039718, 0.645631794448,  
2450, 2397971.9581625634, 83.03321048716205, 122.55202339048684, 75.18245969878264, 62.13244937726636, -0.819028077209, 0.398192008789, -0.413081266678, 0.573573122698, 0.550188314879, -0.606882765524, 0.0143833814814, 0.733986336594, 0.679011911552,  
2453, 3009957.2195038567, 89.5688994324689, 143.46583789664328, 85.03027399185326, 58.90465762902612, 0.618652376903, -0.587602666282, -0.521528851676, -0.669688297341, -0.741507057808, 0.0410471390639, 0.410836732726, -0.323867858546, 0.852245732899,  
2473, 1735448.6887880124, 74.54886849485628, 116.26636506766704, 100.33275511080114, 35.51618711036899, 0.991086993416, -0.0505110217187, 0.123268845074, -0.0688908539227, 0.597659918159, 0.79878449689, 0.114020268929, 0.80015702141, -0.588853223955,  
2487, 915041.825097557, 60.22601279022044, 83.08068103735961, 64.97269513845896, 40.46890057955414, -0.185015001074, -0.724216698432, -0.66428881, -0.393868236096, 0.673939152553, -0.62503906378, 0.900353964823, 0.146000658796, -0.409934806595,  
2501, 2884368.81245933, 88.30542680064293, 128.97569393742668, 92.52015996299268, 57.705596353570314, 0.612584890379, 0.343886326999, -0.711675450035, -0.551593513052, 0.830885880461, -0.0733024556865, 0.566113370659, 0.437459538419, 0.6986736032,  
2506, 2839340.319388596, 87.8434963845891, 107.79529597781237, 87.59228815755154, 71.78986877313451, 0.700356494991, -0.402412821935, -0.589546181962, -0.621115655961, -0.750564895382, -0.225538643562, 0.351733026376, -0.524133817419, 0.775607903257,  
2515, 1551471.7896171585, 71.81553904785105, 123.49753871548826, 66.47380414493189, 45.11764663384539, -0.477925441115, 0.87839283657, 0.00364655965826, 0.224512726168, 0.118139724049, 0.967283330462, 0.84922394486, 0.463108011444, -0.253672350114,  
2536, 1123641.625828347, 64.49307287116605, 108.39231534408208, 65.09173616881986, 38.02024065158209, 0.907445610522, 0.396856977843, -0.138010880304, 0.322600745542, -0.447619019198, 0.834005978772, -0.269204797358, 0.801337477465, 0.534216271083,  
2539, 1307548.9963419444, 67.83540998258806, 113.25320358938399, 65.44535105968767, 42.11531612904375, -0.981998895527, -0.144477906528, -0.121672937459, -0.17575469474, 0.462915242274, 0.868803640501, 0.0691986738414, -0.874548805382, 0.479974926994,  
2548, 1052577.2616095357, 63.10374367854682, 125.8537045591536, 62.907837461976406, 31.739100526923732, 0.762892640334, 0.392643650279, -0.513639740693, 0.410503778322, 0.319595011065, 0.854017375049, 0.499481198152, -0.862374624393, 0.0826349798557,  
2560, 1421584.9082828336, 69.75276027956137, 101.39151733967856, 77.24683022406562, 43.33131860555138, -0.697045670948, -0.212597752259, 0.684784293298, 0.473458638977, -0.853692980257, 0.216899083994, -0.538483286454, -0.475405607029, -0.695719238641,  
2569, 644395.0216651573, 53.58227995018675, 147.53035205108202, 77.64446827513814, 13.429865657843061, 0.254555870706, -0.593554591932, -0.763475117529, -0.902013753098, 0.138916586229, -0.408746096363, -0.348672479429, -0.792713774617, 0.500032372574,  
2583, 2645301.9536010856, 85.79504659803595, 135.10142901007498, 75.72032140856032, 61.73255498584569, -0.900932133967, 0.319081176768, 0.294123260927, 0.417261544308, 0.450741168561, 0.78912939535, -0.119222873759, -0.8336783562, 0.539227507436,  
2593, 1844113.0655723703, 76.07342655590563, 124.92196058541553, 66.74731150282673, 52.799081352102235, 0.783023693627, 0.196126393929, -0.590261241166, 0.426759761865, -0.859782283185, 0.280447020262, 0.452493094833, 0.47149640839, 0.756928752263,  
2596, 307006.5571345897, 41.849121661113166, 100.72817327056566, 52.50107403824003, 13.85925533443937, 0.923529903905, -0.337434467405, 0.18229233884, 0.177636766134, 0.797591778946, 0.576448205371, -0.339908363989, -0.49998533415, 0.796540626538,  
2599, 1479032.1852743386, 70.67996707045953, 137.27651709667805, 78.15166191249205, 32.91202056409139, 0.688882680237, -0.660869984996, 0.297811208319, 0.284346657146, 0.624285499734, 0.727608818935, -0.666774048264, -0.416555491806, 0.617975639332,  
2609, 1969113.1362592024, 77.75482591684663, 140.01258673028212, 66.3362609310894, 50.61322282984744, -0.622723870772, 0.567256200765, -0.538920572501, -0.182017621766, 0.5648490105, 0.804869666905, 0.760976061475, 0.599304595369, -0.248494337625,  
2618, 2465939.757202153, 83.81040727333749, 113.81460940448324, 81.77178713440064, 63.254634638571396, 0.836504084806, 0.53015756479, 0.138541952489, 0.482240342027, -0.832317336581, 0.273298561557, -0.260202168756, 0.161804844561, 0.951900217277,  
2629, 3078704.133744766, 90.24568557186875, 130.5664420809546, 109.93022708919388, 51.20715534173681, 0.4145191866, 0.562695719768, 0.715225398665, -0.620796525138, 0.749511567141, -0.229878413729, -0.665421308885, -0.348720429106, 0.6600064727,  
2638, 668582.8489019707, 54.24447880314871, 110.38150028386237, 69.4186415161544, 20.830237374075676, -0.505864951287, 0.667858621755, 0.545953763982, 0.842003707094, 0.51981746288, 0.14428985593, 0.187431076128, -0.532686274117, 0.825296870871,  
2650, 1558129.814091516, 71.91812277186153, 141.19021868090394, 65.6825597830839, 40.110709834577634, 0.89971165183, -0.426862553487, 0.0911444128369, -0.285425577424, -0.733350366881, -0.617032802327, -0.33022898618, -0.529136655152, 0.781641360767,  
2662, 1923188.334201598, 77.14558361677209, 99.63735392444106, 91.33930257561231, 50.4490892062409, -0.0916015517053, -0.605657313991, -0.790435559507, 0.995633680521, -0.0413842321956, -0.0836714977674, 0.0179646858652, -0.794648704356, 0.606803680549,  
2667, 2045507.6953127766, 78.74763194423475, 149.3306835280554, 77.34501682782293, 42.27962406888193, -0.0182166134124, 0.544985921135, 0.838247279006, -0.846432687376, -0.454655917903, 0.277199751186, 0.532184047804, -0.704470256349, 0.469576188901,  
2691, 2664140.655390009, 85.9982301599047, 122.12034894311996, 82.01617895762534, 63.50105958339487, -0.489286402455, 0.529798748945, -0.692756885198, -0.210919645647, 0.698869126735, 0.68344337496, 0.846233844426, 0.480515586961, -0.230202196416,  
2704, 1415397.550709433, 69.65141495842859, 104.3842678281863, 82.06538693496007, 39.44525423839872, 0.775496511084, 0.317362563804, 0.54578948725, 0.576497492772, -0.70839817727, -0.407213289652, -0.257402024323, -0.630438756373, 0.732319037263,  
2709, 2591093.900967804, 85.20495424820713, 145.1314615778215, 83.22018397895962, 51.21584025805487, -0.067104922309, -0.891050885522, -0.448915636632, -0.997481752552, 0.0495601656037, 0.0507340448924, 0.0229582823338, -0.451189660117, 0.892132729966,  
2720, 2425745.7426622654, 83.35254976923308, 120.79125289323456, 107.96165645798396, 44.40702133809144, -0.843644584935, -0.285706713444, 0.454571763535, -0.528090012028, 0.594333167542, -0.606538560321, 0.0968749374504, 0.751757780042, 0.652284820183,  
2737, 3082140.3409047043, 90.27924813132347, 121.5318506286646, 90.77615121792645, 66.69632796067388, 0.10771691311, -0.497076659292, 0.860994693025, -0.491152752984, -0.779576638829, -0.388624802899, 0.864387667581, -0.381018449658, -0.328114158722,  
2743, 364978.2394610494, 44.332897921702425, 78.3158865827041, 55.227668897492634, 20.14520918458413, 0.729430933767, -0.202383628421, -0.653430470525, 0.403652206835, 0.898541883603, 0.172300259224, -0.55226389415, 0.389439790415, -0.737116843425,  
2749, 834178.2108325155, 58.3969382220653, 107.09219981771871, 74.76763377051377, 24.87131547745114, -0.631607246868, -0.401454263076, 0.663254672326, -0.772421262414, 0.399352209182, -0.493845326384, 0.066615907067, 0.824228298276, 0.562325558059,  
