# Void_ID, Void_Volume, r = (a*b*c)**(1/3.0), a, b, c, vector_a, vector_b, vector_c 

3, 1187851.8160945906, 65.69886783285854, 118.02427707945034, 82.716564404804, 29.047570860939924, -0.262940002491, 0.452894883178, 0.851908903511, -0.901189408759, 0.200045227279, -0.384499098287, -0.344557984425, -0.868831474933, 0.355544179442,  
16, 582492.2520208791, 51.80843989142002, 118.13598768361173, 69.32533739231656, 16.979595314907897, 0.275898876722, 0.858682546563, -0.431907506362, 0.718856656559, 0.113954617038, 0.685754659173, -0.638063411539, 0.499678526139, 0.58582971363,  
19, 2075644.680877208, 79.13248434665556, 143.53422221460275, 90.52367219935175, 38.137022054832315, -0.00940381670258, 0.982367877559, -0.186721507521, 0.0771072565812, 0.18688616412, 0.979350822046, 0.996978454739, -0.00518794757165, -0.0775051352238,  
33, 1375116.368867391, 68.98430302792491, 96.26601653897379, 74.7743489491497, 45.60633792751462, 0.440978796799, -0.843598041874, -0.306398506067, -0.545476968397, -0.523009039351, 0.654917110561, -0.712735980376, -0.121671231207, -0.690799199315,  
38, 829553.0519736938, 58.28880951007138, 89.44889840929388, 63.16588311795335, 35.050804242663986, 0.303140113086, 0.874158960915, 0.379410309416, 0.233161120056, -0.454081448116, 0.859910420085, 0.923981582031, -0.172209609284, -0.341470183966,  
47, 395338.68275486067, 45.529571941993325, 88.37088404947585, 58.9186994575485, 18.12668342658467, -0.845266647047, -0.410036017318, -0.342629187158, -0.0587241944919, -0.566046106056, 0.822279316777, -0.531108053386, 0.715165904053, 0.45438085931,  
68, 2401319.575509943, 83.07183120130308, 142.67724539785542, 90.07270905096637, 44.60806768130575, 0.491271549866, -0.344208429167, -0.800108006198, -0.755947325637, 0.28780685058, -0.58797181703, -0.432661420922, -0.893693333336, 0.118812123944,  
71, 716312.0081525297, 55.50573707328562, 121.68166135380392, 46.151435553376906, 30.451120462027255, -0.127430264377, 0.729505121489, 0.67199985524, -0.113288872531, -0.683794561633, 0.720826351379, 0.985356361466, 0.015724986585, 0.169780934487,  
74, 1577118.6313821368, 72.20909760720453, 130.10862277362256, 59.521792939770265, 48.61761705411697, -0.706876549027, -0.0685345278409, 0.704008922478, -0.703042585095, -0.041433015949, -0.709939735986, -0.0778245975145, 0.99678800338, 0.0188946642917,  
97, 1177388.345330953, 65.50539066775471, 96.17132302645707, 72.87451832503045, 40.1060448660086, -0.194884824555, -0.277072862589, 0.940877533994, -0.957529420772, -0.154087072248, -0.243710037794, 0.21250250237, -0.948413308101, -0.235276185585,  
135, 837861.0110197648, 58.48275063466131, 110.5872244308677, 71.2352072584205, 25.391228972009383, 0.250821998595, 0.777913846245, 0.576140931406, 0.93118369447, -0.356537486856, 0.0760128122088, -0.264547258868, -0.517427355565, 0.813808134353,  
150, 3400011.6765113445, 93.2818748765959, 118.98653165613507, 108.93199588717627, 62.62367250255935, -0.054539902048, 0.931417038157, 0.359843994136, -0.743058439513, -0.278591711291, 0.608482385832, 0.667000415706, -0.23419854703, 0.707291655554,  
162, 2988772.415502993, 89.3582686698018, 112.46004510970366, 106.38127196101567, 59.64043534348506, -0.0763949158857, -0.566990220645, 0.820174314716, 0.260503345106, -0.805357243575, -0.532482598223, 0.962445751207, 0.172979189252, 0.209228048001,  
173, 698376.3812736317, 55.03854926420438, 140.7184421200267, 42.79656781031431, 27.684773493580447, 0.295453543491, -0.954041063977, -0.0501283540974, -0.712369287028, -0.254966530976, 0.653851716355, 0.636582439702, 0.157472906647, 0.754960317589,  
194, 1245522.2552414774, 66.74534172237779, 99.8800833974041, 84.3297874286924, 35.302298335734854, -0.581013148823, 0.305274452203, 0.754474141192, 0.808361851723, 0.108544317048, 0.578592471362, -0.0947356193574, -0.946057947522, 0.309837896901,  
239, 1303154.7751095907, 67.75933422469512, 125.02814913642456, 84.51800080165471, 29.440851905690298, 0.163338226927, -0.910726184902, 0.379339478248, -0.224037147413, 0.340217492131, 0.913268533689, 0.960795493434, 0.234157797609, 0.148465974606,  
242, 1506741.013854818, 71.11862207481285, 97.7993335700624, 73.00773474811548, 50.37849992666852, -0.940635400864, 0.324446914182, -0.0996957497589, 0.154478452454, 0.670764869848, 0.725403954432, 0.302227481162, 0.666939794326, -0.681065239441,  
249, 153566.43473471, 33.22022458010322, 72.61100323504859, 38.23752224264741, 13.204303938834279, -0.11506246399, 0.657825051907, -0.744329786092, 0.988637248157, 0.148801230568, -0.0213210069502, -0.0967316956152, 0.738325399038, 0.667471785321,  
302, 1707617.127835056, 74.14820312302551, 99.59960128062338, 85.36584864404962, 47.94685559640796, -0.368445680961, 0.901206348704, -0.228199248984, -0.611699839516, -0.419860254701, -0.670477943604, -0.700050774243, -0.107445258519, 0.705963476324,  
308, 3485565.8374279793, 94.0578167305239, 142.5951564487015, 81.63240984657774, 71.48538980039095, 0.711992999498, -0.569867629743, -0.410264369933, -0.616932730971, -0.78670557313, 0.0220985669663, 0.335350524261, -0.237371493184, 0.911698853845,  
312, 791812.2421386886, 57.39109807294102, 100.0149082122272, 56.26618789764139, 33.59087910316335, -0.768106440959, 0.624917320692, -0.139609590132, 0.0837094481249, 0.314158021946, 0.94567302253, 0.634826924171, 0.714690897903, -0.293618284174,  
327, 1301833.3199357484, 67.73642284898848, 163.26243817030274, 91.44848540194663, 20.81632111313864, -0.0087273404004, -0.542433173862, 0.840053620565, 0.154041299605, -0.830787215281, -0.534849400244, 0.988025865828, 0.124735138671, 0.0908076738788,  
347, 1986499.7357030949, 77.98300520502684, 113.92222580810208, 68.0529174016914, 61.17087499397458, -0.153884539768, 0.238047477315, -0.958985373697, 0.945443328884, -0.246580710531, -0.212919855963, 0.287152329418, 0.939431398101, 0.187115440229,  
356, 3275720.66420777, 92.13106334971617, 138.2114308121544, 92.41006866184551, 61.22869387193643, -0.945685997221, -0.238677753223, -0.220705515964, -0.285806387047, 0.286949131201, 0.914316632916, 0.154895783621, -0.927735482893, 0.339579401609,  
370, 4148695.663443667, 99.67991432244965, 115.64793681642901, 105.3490571250685, 81.29323864771669, -0.958374285486, 0.0448970606132, -0.281962733117, -0.0899576149914, -0.984742973655, 0.148959401657, 0.270972980985, -0.168123555117, -0.947791176257,  
378, 704421.8561011635, 55.196906401609574, 100.64010016786712, 69.29099373731819, 24.115505112275454, -0.561569308062, -0.731953067964, -0.385855696526, -0.826089875695, 0.522492964874, 0.211131757276, -0.0470683494088, -0.437316599222, 0.898075031681,  
385, 872057.0335340458, 59.26779362603381, 120.39584212312127, 71.30059536540008, 24.252227575094064, 0.160282601827, 0.597279746599, 0.785853925265, -0.265653081594, -0.740669331175, 0.617120233096, 0.950651317672, -0.30767815353, 0.0399527977634,  
400, 2978276.537399506, 89.25354412068289, 120.31874436015144, 81.19115455851001, 72.78374579194163, -0.944021675939, -0.170238090207, -0.282563387578, -0.261873384347, -0.134167356003, 0.955730846606, 0.200612576692, -0.976226466157, -0.0820760674434,  
407, 1978665.1779495247, 77.88035105693099, 115.47260639831136, 84.68379462556923, 48.30637212771119, 0.25613093752, -0.0437178177664, 0.965652989047, -0.151168567711, 0.984873931919, 0.0846841328899, 0.954748661681, 0.16766660561, -0.245647923626,  
426, 306019.86453591223, 41.804240389208644, 82.29217292795323, 75.30111028147597, 11.789655080174791, -0.473554726209, 0.787636225961, -0.394176479308, 0.877104108587, 0.462482065566, -0.12960988284, -0.0802141133801, 0.407111182092, 0.909849537798,  
444, 250658.1536121843, 39.113895907628994, 118.91810014265688, 85.06467052906184, 5.915562408775663, 0.556834182548, -0.0180761224645, -0.830426966652, -0.696186111327, 0.535156118157, -0.478469254597, -0.453056940728, -0.844559756912, -0.285408874183,  
451, 1880339.3631331075, 76.5683360790927, 111.24658334848894, 81.23231717232227, 49.67433993586483, 0.601935371711, -0.793677692017, 0.0880314118808, -0.234730626559, -0.0704896973296, 0.969501281859, -0.763266232214, -0.604240782938, -0.228730704097,  
471, 1485601.8523500287, 70.78446288662018, 141.0106942662413, 92.74301195959207, 27.119431170993813, 0.774363004976, -0.094599159151, 0.625630030939, -0.204690476945, 0.898141845445, 0.389156824568, -0.598718418935, -0.429409157504, 0.676124271328,  
489, 2037677.9437626996, 78.64702729150305, 117.65709705564521, 86.69326543456515, 47.691770433248095, -0.0734899214288, 0.651777871457, 0.754840935382, -0.761654456871, -0.525288042538, 0.379413970085, 0.643802547197, -0.547044859811, 0.535032897658,  
513, 1371899.2723962108, 68.93046456582692, 123.78820217155418, 79.50842037979402, 33.27677541386373, -0.931754155552, -0.328310408682, -0.155069239901, -0.0520192466415, -0.301972433655, 0.951896342724, -0.35934411306, 0.894999958024, 0.264285609796,  
527, 2826275.0596108227, 87.70855154210253, 140.95466908589492, 94.55430975920923, 50.624998320973965, 0.307420754688, -0.357207957022, -0.881983534442, 0.380623687243, -0.803331392981, 0.458022141126, -0.872134214612, -0.476509337256, -0.11099893338,  
535, 954294.1716994493, 61.075151654400095, 91.90349113031874, 59.78916308412637, 41.46094328638082, -0.883191089318, -0.025491573118, -0.468320060907, 0.464337252712, -0.188172772275, -0.865437417447, 0.0660637229671, 0.981805065924, -0.178029202755,  
543, 2934055.182989573, 88.80959498303733, 127.34851451193084, 104.62609879364307, 52.57094126232232, -0.552816348846, 0.20776930588, 0.806985749553, 0.827980604063, 0.0276746795969, 0.560073416084, -0.0940329928436, -0.977786289351, 0.187327970719,  
565, 2325201.470481012, 82.18464052203564, 134.4498683697902, 89.33121248498449, 46.21770429407974, 0.482192339667, -0.704535898992, 0.520691573388, -0.457461764791, 0.304394818197, 0.835507347908, -0.747140737291, -0.641071728971, -0.175521386143,  
569, 2671110.858795603, 86.07316403579182, 130.92814256831613, 78.91643227639565, 61.716722387930844, 0.911583848228, 0.130444165837, -0.389870757108, 0.258661238703, 0.555121432921, 0.790528024996, -0.319545382131, 0.821477032126, -0.47229888254,  
572, 2912070.002129292, 88.58721877919798, 110.54931399132036, 104.85609085857676, 59.974065085910965, 0.98496589945, -0.0330893472359, -0.169550205015, -0.00350961100995, -0.985114065872, 0.171866110247, 0.172713229232, 0.168687202598, 0.97041989269,  
574, 323919.4164128621, 42.603909878728814, 91.32307571689823, 33.67024184255618, 25.149051274277113, 0.668969096733, 0.743102462573, 0.0167056198431, 0.370667520023, -0.353001597604, 0.859066622381, 0.644271633099, -0.56849679173, -0.511591106819,  
586, 1212762.9538649977, 66.15496402632681, 109.0123730216765, 78.91604725935963, 33.65473653111059, -0.990998768995, 0.0730717552407, -0.112169329302, 0.0133284538008, 0.887583544929, 0.460453909844, 0.133205826334, 0.454814214111, -0.880568133919,  
594, 1436957.4926052082, 70.00328773276306, 104.59969587561166, 70.59098128943607, 46.45962189326098, -0.46676647283, 0.806841651682, -0.362126509597, -0.0779961737523, 0.370317236988, 0.92562505415, 0.880934536002, 0.460295223852, -0.109921108882,  
605, 1106263.5819188433, 64.15886445704508, 103.76248453105954, 83.18667660761244, 30.59679030892083, -0.956604822617, -0.28880422839, -0.0387211958711, -0.0716412330054, 0.104300367345, 0.99196218028, 0.282444237114, -0.951689839725, 0.120464525422,  
621, 3033362.7597233565, 89.80046395451403, 102.44844565202091, 89.98315847887591, 78.55415015523243, 0.153814715854, 0.732832508663, 0.662795253026, 0.789578961521, -0.49443907906, 0.363448841822, 0.594059001035, 0.467425407253, -0.654681137611,  
624, 86969.36078069048, 27.484798429733736, 89.48866499564053, 42.68379712662418, 5.43558876632545, 0.847916979357, -0.444930721587, 0.288224650413, -0.272886112467, 0.0998012430803, 0.956855726587, -0.454499687283, -0.889986721737, -0.0367922463624,  
636, 3539832.5791315534, 94.54343361537327, 104.02145410664647, 96.29654579932512, 84.36464496422361, -0.441940566005, -0.457022370063, 0.771893185215, -0.821531651948, 0.551764538091, -0.143671985272, -0.360241975575, -0.697629162068, -0.619305474921,  
637, 2794978.9318361757, 87.38360880640126, 118.32819852290798, 92.79327844009119, 60.76942928862501, -0.413934189321, -0.466671661606, -0.781585598105, 0.0860160756252, -0.874805663885, 0.47677697634, 0.906233811798, -0.130125365274, -0.40225323823,  
638, 3654616.305426615, 95.55448131408765, 117.16214751129824, 99.20392975544257, 75.06491179833812, -0.414844885339, -0.156601893663, -0.896314435904, -0.1643880034, -0.95596794072, 0.243108783582, 0.894919161403, -0.248195775987, -0.370834938128,  
639, 2395689.259339563, 83.00685488476243, 102.23107328374465, 77.96496520229586, 71.75620580362687, 0.66457751883, -0.692356489904, 0.281032404456, 0.440943075306, 0.667017663985, 0.60054695093, -0.603246156893, -0.275190709908, 0.748574744013,  
640, 3455668.776071519, 93.7881205982958, 110.1920928458318, 87.20040312744501, 85.85677581565669, 0.00670137951723, 0.999668110112, 0.0248749098159, -0.967557091704, 0.000199327798942, 0.252652398685, -0.252563587647, 0.0257610150074, -0.96723730506,  
641, 3214491.7730519525, 91.55341950437882, 96.83533082122993, 92.0522749361631, 86.09052233052046, -0.173597861531, -0.293370634293, 0.940105022541, 0.883940859411, -0.467274554072, 0.0174082790792, 0.434180077313, 0.834019281582, 0.340440153938,  
642, 3373270.7141264705, 93.03667812951878, 110.61168037679842, 92.77046028402204, 78.47871533211571, 0.411290790019, -0.911077593719, -0.027883763537, 0.329289848183, 0.11998832208, 0.936574075259, -0.849945928827, -0.394386131586, 0.3493586943,  
643, 1488378.5911562392, 70.82853652462454, 106.388558011689, 88.02465213094192, 37.942467015131484, 0.0364911848143, 0.484113771433, 0.874243815957, -0.832665370394, -0.468998162929, 0.294464096481, 0.552572867935, -0.738697894595, 0.385990474162,  
644, 3629051.5037446283, 95.33115192847555, 102.73908100597606, 96.49760412008662, 87.38810365841222, 0.0212957636757, 0.816580331727, 0.576838844293, 0.400202681447, -0.535690089721, 0.743554935117, 0.91617918783, 0.215017882071, -0.338205567928,  
645, 2603731.0850957814, 85.3432491111005, 122.92308571843893, 109.6696998533069, 46.109181193154384, -0.482115376987, 0.027472419821, 0.875676897846, 0.309450388614, -0.929744050065, 0.199540618308, -0.81963724919, -0.367180156758, -0.439742552209,  
646, 2741972.109754679, 86.82766884945646, 112.23289707439835, 88.34216924215383, 66.02162219318241, -0.95951782099, 0.167654167873, 0.226313126436, 0.0518363012594, -0.684685019681, 0.726993412416, 0.276836683035, 0.709294370356, 0.648276906196,  
647, 1599124.1284900154, 72.54339151196442, 108.62526208303959, 78.03350078327925, 45.03826362780413, -0.967553754735, -0.217161883968, -0.129152808135, -0.252581701865, 0.844467155468, 0.472311028051, -0.00649735183597, -0.489607944673, 0.871918485256,  
648, 3310750.6197975, 92.45831049432944, 113.60313220908968, 86.59444478897187, 80.3447533777331, 0.0454264842821, -0.892051857189, -0.449644213364, 0.690440265641, 0.35333357951, -0.631227075759, 0.721961684653, -0.281778043284, 0.631959223539,  
649, 3877353.769613878, 97.45757620745302, 125.516539683094, 91.5188027912519, 80.58153396495007, 0.601903028622, 0.0697715886098, 0.795515348412, -0.348813471887, 0.919090201124, 0.183309476098, -0.718360568215, -0.387820999457, 0.577540445696,  
650, 3423180.2549745617, 93.49327786843581, 98.98125578859675, 98.00559767964604, 84.2436777442637, 0.447745702608, -0.735308375887, -0.5087684917, 0.894077337414, 0.360386264823, 0.265983937202, -0.0122270404926, -0.573971543264, 0.818783956244,  
651, 3603298.613068686, 95.10511646531049, 100.10485842584303, 94.99347965063835, 90.46127260920642, 0.588592982438, 0.803569000285, -0.0885164550044, 0.480104211836, -0.25935502783, 0.837994579527, 0.650429278864, -0.535734851695, -0.538451410878,  
652, 3438998.004654958, 93.63706046911044, 110.09387889356977, 94.4526753012271, 78.95249843586905, -0.0136620504421, -0.913016246438, 0.407694348892, 0.937348015156, -0.153650051664, -0.312682522867, 0.348126481125, 0.377879604324, 0.85791314116,  
653, 2630711.788115229, 85.63702149089305, 105.5369305208951, 83.81703642818738, 70.9982920856665, -0.509746482784, -0.379805527143, -0.771949664707, -0.859821520459, 0.194222410876, 0.47221246073, 0.0294189776162, -0.90444757541, 0.425569156649,  
654, 1517618.911272887, 71.28935851498564, 122.99276744006488, 72.25375605333042, 40.769381067734784, 0.831420857245, -0.4096791964, -0.375369570123, 0.255571366237, -0.317898352548, 0.913030073003, -0.493378794535, -0.855045959867, -0.15960504885,  
655, 3389385.894662777, 93.18459803279154, 99.1918552219599, 91.4825158864036, 89.16990328315015, 0.0719298174659, 0.485114545461, 0.871487222592, 0.877138988973, -0.446717220213, 0.176269450523, 0.474819223897, 0.751736391927, -0.457645170051,  
656, 2396020.9738250505, 83.01068583589127, 107.03218579971022, 101.38710017193308, 52.71144352383966, 0.204018187903, 0.59307975785, 0.778866471119, 0.791729744137, -0.567904583813, 0.225051984957, 0.575795615869, 0.570737053741, -0.585421749026,  
657, 2833561.235392664, 87.78385814737099, 103.29722394890179, 96.43343278140885, 67.90905955425632, -0.0861776883903, -0.240948726812, 0.966704255226, 0.961003628845, -0.276020578787, 0.0168720310763, 0.262764973637, 0.930460289928, 0.25533941626,  
658, 3775227.487503712, 96.59430136325916, 99.9414370890996, 98.90065588771985, 91.1821346935966, -0.779679138089, 0.543966225361, -0.310163162376, 0.40933215943, 0.817598992375, 0.404943293467, -0.473864563862, -0.188766080994, 0.860127747362,  
659, 3524131.691735001, 94.40344432686258, 111.36982881931765, 90.48915255137612, 83.48326899208068, -0.741592504767, -0.670819397265, 0.00647248990766, -0.186743243954, 0.215692735773, 0.958438106803, -0.644334942177, 0.709561822527, -0.285227106534,  
660, 2884947.579408503, 88.31133275416568, 102.8208442725938, 91.87563131121549, 72.90676278782387, -0.192121670072, -0.857250454886, 0.477714267619, -0.94342809231, 0.0272861609916, -0.330452568546, 0.27024562629, -0.514176159518, -0.813996424104,  
661, 3070682.901211949, 90.16724226429885, 115.95885623507803, 90.67476852099747, 69.71977594682434, 0.120512720345, -0.961365152011, 0.247494906481, 0.826592197672, -0.0408871893811, -0.561314151339, 0.54974723554, 0.272222854007, 0.789729507346,  
662, 3012556.276829492, 89.59467252649719, 133.74952931960243, 82.16674562876075, 65.4422482061727, -0.198400467272, -0.575352728333, -0.793477468228, -0.0252916523432, -0.806295965072, 0.590971360584, -0.979794665687, 0.137317350352, 0.14541787505,  
663, 3029903.4185072617, 89.76631388878556, 107.71434179020245, 99.2262571847094, 67.6768340116593, -0.211958314495, -0.942047120903, 0.260040179425, -0.854789367493, 0.0497282009684, -0.516587110998, 0.473718070309, -0.33177451383, -0.815792168285,  
664, 1313702.39901403, 67.94165596954075, 111.18644279008724, 58.17819956403522, 48.48375753408274, 0.614481530621, -0.788674746095, -0.0201145071622, 0.538720077287, 0.400834775677, 0.741021025975, -0.576361975545, -0.466179823116, 0.671180486654,  
665, 3335169.6410958986, 92.6850680644648, 101.26871082373142, 93.47989801747241, 84.10770994893369, 0.331194372674, 0.777398962968, -0.534753344903, 0.333246686237, 0.433843437287, 0.837094091507, -0.882755307897, 0.455445632649, 0.115379123242,  
666, 3281468.138240777, 92.18491526573409, 102.04992771925984, 93.61052191257909, 82.00535527039378, 0.463527715046, -0.823308727901, -0.327574107565, -0.0338034067724, -0.38584945964, 0.921942256427, 0.885437398733, 0.41627266672, 0.206682558207,  
667, 2577488.4655317203, 85.05555975778383, 114.77513568936367, 76.73220923556313, 69.86869054198658, 0.72986719393, 0.627464614586, 0.271260090443, 0.592631208014, -0.383022969602, -0.708577205423, 0.34070827773, -0.67792445169, 0.651411012562,  
668, 1267966.7273227016, 67.14387723201915, 132.84955520057403, 80.52124072103626, 28.297540181115014, -0.207572524549, -0.396489754676, 0.894264793833, -0.0661445951767, 0.917772470845, 0.391559170865, -0.975980809023, 0.0221261428379, -0.216730003049,  
669, 2521761.6721656383, 84.43810474470563, 119.70405811958, 80.9166151044197, 62.15396651227723, -0.969019316552, 0.0805277495447, 0.233488427343, 0.239120038801, 0.542547563102, 0.805272468681, 0.0618317975944, -0.836156339045, 0.54499486739,  
670, 3703716.497277734, 95.98050756327646, 104.2889296511896, 96.93321525577032, 87.46580510340077, -0.821686578355, -0.00779811659304, 0.569886266134, 0.284755753202, -0.871778128312, 0.398644021673, -0.493705709881, -0.489838835103, -0.718548945901,  
671, 2332317.512040651, 82.26839437215263, 109.43829948509813, 79.4317716891226, 64.05241050787275, -0.166599389115, 0.985813984846, -0.0203821203335, 0.707379985744, 0.133894425191, 0.694035905895, 0.686919354303, 0.101208053955, -0.719651811989,  
672, 3486099.9971616804, 94.06262124284613, 108.43380812033212, 91.88235604244589, 83.53229204750885, 0.653667738985, -0.116226971278, -0.747803301783, 0.687818772486, 0.503366298544, 0.522998762625, -0.315632417895, 0.85622056775, -0.408977402965,  
673, 2343562.03688582, 82.40039274246332, 102.776949751144, 83.08665727818017, 65.51803047489888, -0.961315921571, 0.204924210385, -0.184059139767, -0.0558188092591, 0.509422024572, 0.858704525092, 0.26973312638, 0.835760293911, -0.478276877608,  
674, 3412726.1222912148, 93.39800702768497, 110.04158168520057, 86.78559502523322, 85.31165318344232, 0.341003817101, 0.708213073499, -0.618183337893, 0.770979366413, -0.586950915804, -0.247142547941, 0.53787285978, 0.39233004596, 0.746170169431,  
675, 2914904.293499695, 88.61594983934177, 103.76131041444881, 87.87521440578047, 76.31920628628437, 0.811096738296, -0.379092840977, 0.445433158897, 0.34538007585, 0.925009470329, 0.158335349837, -0.472053687975, 0.0254184523959, 0.881203278448,  
676, 3907313.0641491367, 97.70794217398011, 103.40605502688578, 97.41454321450853, 92.60188595502783, -0.0228112157757, 0.699074939897, 0.714684459635, -0.79613357699, -0.445090471066, 0.409958290751, 0.604690810269, -0.559632648239, 0.566710087259,  
677, 2988145.9624723736, 89.35202500607409, 103.26610932721422, 88.05345082219402, 78.45290020198257, -0.212234615915, 0.841286228862, -0.497186030511, 0.135813683934, 0.52923238117, 0.83753670366, 0.967735041767, 0.110229614212, -0.226579613133,  
678, 3452809.306363509, 93.76224444012333, 106.14084596178957, 97.91084206208714, 79.31779890754389, 0.215125246021, 0.886209235247, 0.410310028987, 0.689843804311, -0.435290503851, 0.578478783458, 0.691257299548, 0.158604440734, -0.704987926989,  
679, 3222830.3991872957, 91.63251656537741, 138.49917643043915, 100.11123896718367, 55.490522611099436, 0.239216689799, -0.360401482305, 0.901601989169, -0.505870081399, 0.746321595795, 0.432550039181, -0.82877671062, -0.559566660196, -0.00378374551819,  
680, 3560683.5247050743, 94.72870245280961, 107.03299632513647, 95.77420263724105, 82.9236743395636, 0.36452022786, 0.803533934789, 0.470593475436, 0.762761394847, 0.0322364667688, -0.645876044408, -0.534153590282, 0.594385418607, -0.601153820695,  
681, 2975503.293074738, 89.22583248403244, 115.43593171942004, 91.52432587470847, 67.23482434128599, -0.204272277643, 0.459331661382, 0.864457784648, 0.725162255726, -0.522199725579, 0.44882864155, 0.657580823517, 0.718555405976, -0.226419056366,  
682, 3547298.6517484244, 94.60985600897801, 105.91807898956556, 98.10911012660324, 81.49476513782534, -0.431955306666, -0.86806092025, -0.244713816073, 0.8015069558, -0.493881764381, 0.337145966336, -0.413522929047, -0.0505078364831, 0.909091714628,  
683, 3803960.650655816, 96.8387412134671, 106.3105183996654, 101.49534445797426, 84.1637444029323, -0.939381680069, 0.152649899402, -0.307018024491, -0.281584996461, 0.167437492636, 0.944814572193, -0.195632177613, -0.97399316952, 0.114303791756,  
684, 1805433.1780293118, 75.53778919386573, 117.08619691697957, 91.02918724171623, 40.43956215789622, -0.705819699885, 0.55203521618, -0.443932057135, -0.562872653684, -0.0565492262565, 0.824606912865, -0.430108041065, -0.831901018816, -0.350639084963,  
685, 3810647.214208911, 96.8954487197215, 108.51350719437383, 100.46046225519616, 83.45092643058034, 0.125250055801, -0.523323150803, -0.842879174826, 0.0612699199828, -0.843867734148, 0.533041503233, 0.990231498402, 0.118406617621, 0.0736305132156,  
686, 3613341.4157325965, 95.19339076121122, 106.14495713014553, 94.51081617507143, 85.98832910797228, -0.939199007648, -0.120204303864, -0.321646000077, -0.306565334967, 0.715481691511, 0.627776747346, -0.154670357306, -0.688212811887, 0.708830167336,  
687, 4584742.306503554, 103.05651221640528, 120.40486760557592, 102.046306299201, 89.08098020066396, -0.187928980148, -0.032480653495, -0.981645407247, -0.112222598404, -0.992197599279, 0.0543140165428, -0.975750371165, 0.120369976049, 0.182817619605,  
688, 4082519.140122181, 99.14706748219282, 119.9479490731681, 98.78467200536824, 82.25403875283264, 0.175660910553, 0.889326878781, -0.422185915423, -0.818098282159, 0.370419417439, 0.439891641102, 0.547593321025, 0.268117805939, 0.792625003963,  
689, 3396825.090686037, 93.25272364214959, 112.78728656908406, 92.06923346811848, 78.09260307757333, -0.406703472219, 0.836627871732, 0.366941534753, 0.882580769766, 0.46353628986, -0.0786466326251, 0.235888682487, -0.291869683634, 0.926913489626,  
690, 1631875.920361439, 73.03530405059703, 100.9480412193126, 74.63299098562412, 51.70943371423076, -0.149379265977, -0.655146211777, 0.740587115801, 0.847761749468, -0.470351541626, -0.245090684091, 0.50890652485, 0.591229962438, 0.625668666693,  
691, 2193986.457390819, 80.60867411195909, 110.88047353352673, 91.64631502056969, 51.54366004712146, 0.7385215159, 0.66089716227, -0.133420056424, 0.548783787002, -0.474265824584, 0.688409967066, -0.391691620636, 0.581624336264, 0.712945163241,  
692, 3663230.3001940856, 95.62949693699584, 109.62307044697012, 92.23226108657867, 86.49495873091168, -0.0968155071754, 0.891187172959, 0.443184138167, 0.629920655317, -0.289885525307, 0.720531991117, 0.77060153489, 0.348929512897, -0.533311793845,  
693, 2890320.594538161, 88.36612333470654, 114.3409344118863, 78.20796804712097, 77.16221193056319, -0.571589680744, -0.802763135296, 0.169872262234, 0.215789832897, 0.0526746586484, 0.975018014374, -0.791656481617, 0.593966942637, 0.143119831501,  
694, 2903078.0192160634, 88.49594395146913, 111.90063629290479, 92.52084131326289, 66.94188985918073, 0.63368370134, 0.713492681486, 0.298953441395, 0.624331804775, -0.699874703544, 0.34696569987, -0.456787438754, 0.0332203673223, 0.888955366142,  
695, 3032327.661281233, 89.79024835083561, 98.6313880476409, 89.84801094509048, 81.68906141421982, 0.730938442175, 0.357543757957, 0.581284315028, 0.246972914504, -0.932623486015, 0.2630927837, 0.636186586822, -0.0487431480271, -0.769993981969,  
696, 3665591.9126110342, 95.65004267347906, 101.43359248859264, 99.124917607121, 87.03438358231327, -0.96741494223, -0.233108802756, -0.0988363072307, -0.224752827906, 0.610853669319, 0.759173208845, 0.116595436865, -0.756649245528, 0.643340829844,  
697, 3223605.4356418126, 91.6398613358432, 122.14235855160452, 83.13217382374081, 75.79103384158365, -0.87132379599, 0.176170713589, 0.457994238191, 0.0566530483071, -0.890976340559, 0.450501490209, 0.487427199343, 0.418479438249, 0.766348279246,  
698, 3627590.0920613706, 95.31835365650456, 102.88832948637152, 97.24041914005083, 86.5598827756858, -0.287002970258, -0.64031479489, -0.712478953029, -0.0487269828263, -0.733048231581, 0.678429046637, 0.956689592401, -0.229428101202, -0.179186411792,  
699, 3277057.5896700392, 92.14359551429227, 103.3121011866888, 92.45847946435352, 81.90256874076381, 0.342654685621, -0.487687362121, -0.802962516715, -0.222539530161, -0.872514766094, 0.434964527823, 0.912723355644, -0.0296482676696, 0.407500989308,  
700, 3481697.2955585783, 94.02300638048101, 118.51361237522894, 89.89153910880133, 78.02168916388294, -0.799581628557, -0.598852022285, -0.0452269242625, -0.600127252865, 0.799589812124, 0.0224368606769, -0.0227266284839, -0.0450820114129, 0.998724743162,  
701, 2939792.5754525014, 88.86744480817357, 117.47101190281946, 90.53091745972603, 65.9933915027856, 0.794244941129, 0.506622988616, 0.335422302324, -0.27338283982, -0.195036012007, 0.941925037841, 0.542620305907, -0.839817897777, -0.0164043345286,  
702, 2633046.1389397276, 85.66234388373111, 110.44045317074563, 86.30277966967165, 65.9503183327045, -0.818258259328, -0.569525102609, 0.0780677817011, -0.0746872261874, 0.239981107394, 0.967900246068, -0.569978279662, 0.786161704481, -0.238902773365,  
703, 2715955.119659948, 86.55217646936639, 99.08067669987494, 89.34938460225692, 73.24086251403553, 0.331939457784, 0.809288633667, -0.484631926088, 0.839806001886, -0.48750638109, -0.238879483408, -0.429583607186, -0.327703274036, -0.841468055616,  
704, 2395710.818926726, 83.00710388591422, 112.6081889132346, 84.15316091598552, 60.35390539033329, -0.911369337407, 0.349998945156, 0.216579475537, 0.368652646646, 0.9281459831, 0.0513834620937, 0.18303321271, -0.126671908668, 0.97491182709,  
705, 2515693.1965475585, 84.3703185135063, 111.6728908350602, 86.8629802553418, 61.913674753030826, -0.691334745021, -0.438086901336, 0.574574744664, 0.0366389516394, 0.772942341768, 0.633417495436, -0.721605056489, 0.458955338982, -0.51831085197,  
706, 3335477.5951380865, 92.68792067927166, 123.35170083205296, 99.26579559735583, 65.03163134921911, -0.394436573751, 0.426916171661, -0.813733599934, -0.375865503619, 0.733111109198, 0.566809690072, -0.838537364985, -0.529424861472, 0.128702772227,  
707, 3890594.2436850057, 97.56838360826649, 118.33348802828733, 98.02937126737804, 80.06882352008047, 0.304623833315, -0.56056652546, 0.770045122515, 0.473158598396, 0.790718949238, 0.388438520334, -0.82663490184, 0.2460258398, 0.506108708886,  
708, 3197513.889514416, 91.39194992207885, 109.05215943587136, 87.27484765621335, 80.20481863963471, -0.027016938615, -0.514926365224, 0.856808568716, -0.911801643726, -0.338632198291, -0.232262775277, 0.409741195789, -0.787514490456, -0.460361900895,  
709, 3046289.6434357455, 89.92784678996546, 100.8116117056329, 93.53053994253197, 77.1291570955003, 0.843981484571, 0.446039219276, 0.29789976262, 0.474818596282, -0.879633237108, -0.0281543744416, -0.249484577332, -0.165210117858, 0.954181881316,  
710, 2754305.255099563, 86.95765518477937, 119.99745703131077, 91.2950768739087, 60.021115162031236, 0.73668724286, -0.349738348865, -0.578770242445, -0.132372518691, -0.913896836444, 0.383757851558, -0.663151130967, -0.206096238854, -0.719551886821,  
711, 3776673.451701044, 96.60663210567624, 102.57265024112203, 99.25820671355703, 88.5569855052095, 0.303656634242, 0.816406449408, 0.491195641111, 0.94561641237, -0.195130077937, -0.260257282972, -0.116628680592, 0.543511510503, -0.831259880431,  
712, 2571615.046379762, 84.99090419584404, 103.48117491907097, 88.96818678005619, 66.6839409567759, 0.621164760607, 0.410455208973, 0.667593335502, 0.49317790349, -0.866772238832, 0.0740367577617, -0.609040142921, -0.283253256676, 0.740835809673,  
713, 2558374.9431402185, 84.84479302034441, 110.1190002903129, 83.88733085534336, 66.1175797072029, 0.582649262054, 0.301038906221, 0.754914176824, 0.473367437038, -0.88075173771, -0.0141296168834, 0.660638408647, 0.365584399917, -0.655671365516,  
714, 1392649.4374714007, 69.27625459166082, 108.02107286690554, 77.10219206280017, 39.91884682449817, 0.943839212827, 0.0554368944993, -0.325721186076, 0.267243217531, 0.451611016592, 0.851251168796, 0.194289997206, -0.890491010859, 0.411433052348,  
715, 2322330.220168149, 82.15079831180915, 103.24566039652674, 78.00548015365044, 68.83961667679615, 0.214415506159, 0.324116304158, -0.921398183251, 0.690592193855, 0.616801429425, 0.377675016974, 0.690730347173, -0.717289772713, -0.091580398863,  
716, 3293630.8378428062, 92.29866872134204, 119.63937419316453, 88.62831478322065, 74.15487151597368, 0.0609844193425, 0.826421930618, 0.559738950932, -0.963182613056, 0.195833645653, -0.184196734872, 0.261839940621, 0.527897694467, -0.807938035787,  
717, 2897053.2695039096, 88.43468309189737, 100.00049377222578, 92.9022405544382, 74.44568647886081, 0.798489510267, -0.241058120875, -0.551638907578, 0.559209395898, 0.63633424464, 0.531378942599, -0.222933518192, 0.732782171903, -0.64290818552,  
718, 2121555.642766882, 79.71167572614985, 98.3258644104005, 84.22461133563812, 61.15881030430404, -0.37983965808, 0.858243992836, 0.345165297953, -0.366091526216, -0.482133116808, 0.795942618604, -0.849528591975, -0.175968481377, -0.49732913144,  
719, 3163702.4862145944, 91.06867310466436, 117.82728098457652, 90.88506971104259, 70.52914611407533, 0.386706790273, -0.921823915187, 0.0264296754679, -0.248930332227, -0.0767454960372, 0.965475954406, -0.887970465755, -0.379935255309, -0.259147937903,  
720, 2558636.665613322, 84.84768613705278, 120.21734650216048, 105.12457308709493, 48.333542492315885, -0.944263911736, 0.247111268418, 0.217489507826, 0.244580184676, 0.0844364383852, 0.965945661586, -0.22033201823, -0.965301252922, 0.140168801268,  
721, 3031660.9925728575, 89.78366762661348, 101.54317214715596, 89.5196607101247, 79.62012822701143, 0.692922273608, 0.561212391932, 0.452658120307, -0.299020541427, -0.347593284359, 0.888687585417, 0.656083408221, -0.75114549843, -0.0730410955978,  
722, 2232972.27246516, 81.08332949762118, 102.29007671342681, 85.86586585235679, 60.69328765026407, 0.351010474768, 0.0413490811829, 0.935458123108, 0.689440116438, 0.664594427398, -0.288073901835, -0.633611846835, 0.746059314369, 0.204771890144,  
723, 1826476.5888889155, 75.83013576677153, 107.65756851964399, 82.82904359674112, 48.89880963438754, -0.530848128012, 0.296932370334, 0.793745193644, 0.844917123444, 0.258037900683, 0.468541883211, 0.0656910914625, -0.919373487359, 0.387862180734,  
724, 3211001.882431234, 91.52027511320587, 100.25494104500251, 95.11044794641211, 80.3929449177634, -0.376813851253, 0.036868128174, -0.925555002487, -0.107904994646, -0.994151781119, 0.00432992237153, 0.919982518113, -0.101503582312, -0.378588416547,  
725, 3019262.8086008355, 89.66110826295765, 118.43356656127685, 92.85971916882853, 65.5405579372638, -0.153781269184, -0.380972087421, 0.911708061747, 0.810728713632, -0.576112148054, -0.103989161733, 0.564863057866, 0.723156318835, 0.397460267685,  
726, 2719697.5034589283, 86.591912374075, 127.7716513182645, 85.15698075388279, 59.672911849575634, -0.765940160158, -0.525188190445, 0.370827501238, -0.0658260348128, 0.637825006215, 0.767363143881, -0.639533114231, 0.563344145317, -0.52310684352,  
727, 3254577.8394717467, 91.93241832003511, 106.4629768229253, 92.73479246818371, 78.69818998317578, -0.173526653898, -0.195727643045, 0.965183500758, -0.984405822376, 0.00573893412662, -0.175818774617, -0.028873469828, 0.980641501459, 0.19367128945,  
728, 3100500.4669242003, 90.45815604953422, 105.59825689425224, 92.83835934425424, 75.50209205639749, -0.669858017058, 0.269096239932, -0.692009718601, 0.108576195848, 0.957495558286, 0.26723297992, -0.734507621934, -0.103872371286, 0.670603522064,  
729, 3057652.3595900303, 90.0395188969399, 112.8631478756559, 104.43727716889187, 61.928676368232324, -0.732642610158, -0.179877205966, 0.656413738852, 0.209077423284, 0.858331180399, 0.468566127487, 0.647704745122, -0.480532803801, 0.591241733657,  
730, 2397865.5989845437, 83.03198285609977, 115.85396544243753, 78.7044377455119, 62.780692768085785, -0.887130924363, -0.425234044863, 0.179373158884, -0.451537680916, 0.880099642971, -0.146759467006, 0.0954591313157, 0.211188601805, 0.972772804264,  
731, 3411386.924384022, 93.3857885669951, 100.70190605081196, 93.08631969140396, 86.87980155098879, 0.3945969695, -0.417471590898, 0.818541814726, 0.328782456818, 0.895998120768, 0.298478581592, -0.858018256071, 0.151343445097, 0.490815478439,  
732, 1921990.1964826814, 77.12955983770205, 123.65707388223149, 72.12014684092941, 51.45019096169067, 0.213676673491, -0.744671076294, -0.632303145126, 0.557748057954, -0.438396935921, 0.704787365397, -0.802034527346, -0.503262470989, 0.321663647681,  
733, 2692673.881708762, 86.30415726836, 118.31118748611289, 76.25929985855072, 71.24863057410397, 0.675763205215, -0.0330677059223, 0.736376681667, -0.413974545372, -0.843593327359, 0.342016627986, 0.609892749802, -0.53596345478, -0.58375851932,  
734, 3854524.842075237, 97.26593066074818, 118.61454948981772, 90.77818571438286, 85.45997811975815, -0.0662515858797, 0.972745506898, 0.222209149626, -0.116408900957, -0.228712841892, 0.966508874109, 0.990989250772, 0.0381656227859, 0.128388823856,  
735, 3132446.489595327, 90.76777378284864, 113.75725578276084, 88.05669959745556, 74.6540787997172, 0.787095915006, -0.614969515693, -0.0478802187647, 0.313685095832, 0.332228470535, 0.889508799292, -0.531113623657, -0.715148053297, 0.454402443471,  
736, 2847144.091879836, 87.92390045867917, 120.39452833509945, 84.70524413802141, 66.6505579801035, -0.527068502142, 0.814634563747, 0.242010994789, -0.00784195744968, -0.289428331977, 0.957167563362, 0.849786618954, 0.502595033996, 0.158936886998,  
737, 3466199.536857159, 93.88329356002741, 101.41445318324519, 91.21757275874269, 89.45128536312542, -0.231460844235, 0.583117937059, -0.778716475404, -0.11304869593, 0.778908828334, 0.616863866256, 0.966253522599, 0.230812713305, -0.11436617263,  
738, 3568994.6170913265, 94.80234816652697, 99.06702835193697, 97.0467395269779, 88.62315331677472, -0.444026833834, -0.249412794847, 0.860600620846, 0.174360290169, -0.966168130646, -0.190046395744, -0.87888489579, -0.0656688745868, -0.472492263284,  
739, 2245742.172588245, 81.23760197179841, 98.48375152766968, 83.35891330784884, 65.30623656676528, -0.0577270014992, -0.997510489431, -0.0405020588773, -0.408557724282, 0.0606216474331, -0.910717081092, 0.910905142826, -0.0360255373019, -0.411040121442,  
740, 2711330.04407232, 86.5030178506069, 108.49501003352454, 88.48485777733583, 67.42408410763295, -0.173796856703, 0.716324663982, 0.675776315337, 0.949256429463, -0.0607930951371, 0.308571597376, 0.262119979634, 0.695113785905, -0.669410144024,  
741, 3747038.1466575596, 96.35327966298543, 112.58565366708508, 91.73987006341683, 86.60806402598037, 0.772413501384, 0.634679193192, -0.023658077048, 0.478791751684, -0.557413379578, 0.678268960507, -0.41729586794, 0.535231394816, 0.734432782903,  
742, 3054227.143598753, 90.0058852465767, 106.25079673621737, 89.06232357077356, 77.05245960818772, 0.164769312842, -0.522945059245, 0.836289147698, 0.925710059182, -0.210677290615, -0.314127307867, 0.340458455431, 0.825919817071, 0.449382349337,  
743, 2135905.9645992145, 79.8909967736709, 111.40184331700141, 82.74977594720569, 55.313904518659555, 0.396824206915, 0.861288253675, -0.317353261977, 0.659617557806, -0.0271508826566, 0.75111084868, 0.63830653, -0.50739075046, -0.578894981934,  
744, 3750296.642501306, 96.3812017872942, 116.07349935929003, 96.49946228728787, 79.93169835034975, 0.275181343852, -0.118284443441, -0.954088055913, 0.577775462059, 0.813540388192, 0.0657841335199, 0.768407927756, -0.569351233616, 0.292212986264,  
745, 2945220.588663824, 88.92210593050736, 116.0498825743043, 85.54025480055014, 70.82946697639197, -0.909387236648, -0.41501717363, -0.0278495855163, -0.402446234891, 0.860966514877, 0.311084696316, 0.105127930842, -0.29410441318, 0.949974058754,  
746, 2649556.92794321, 85.84102246671226, 111.96145139859523, 81.16190538524835, 69.6087591297955, -0.622207427125, 0.317392340621, -0.715625614233, 0.730405005923, 0.564322676569, -0.384770638216, -0.281720508579, 0.76210367984, 0.582950715087,  
