# Void_ID, Void_Volume, r = (a*b*c)**(1/3.0), a, b, c, vector_a, vector_b, vector_c 

6, 910433.1288081947, 60.124731189774856, 135.340494291026, 116.35886978666166, 13.80168752572332, 0.11463201543, 0.783613506333, 0.61058117702, 0.987638752086, -0.156042959904, 0.0148421710693, 0.106907419837, 0.601332243737, -0.7918145845,  
12, 615834.5804669766, 52.77867553283425, 84.3499162243315, 50.55361665135598, 34.47772299615232, 0.549233870412, 0.259056612305, 0.794500992582, 0.572444207003, -0.809272565159, -0.13185425723, 0.608810139092, 0.52722631469, -0.59277536018,  
54, 2234660.9935840038, 81.10376453680072, 113.64341600341717, 92.10924098810258, 50.96541392864672, -0.664468278334, -0.557585101277, 0.497574880719, -0.00494709207409, 0.669082806711, 0.743171396142, 0.747300095924, -0.491352269353, 0.447342725473,  
57, 2580553.707825693, 85.08926344775209, 130.17723033324407, 85.11202031632142, 55.60301819375975, 0.0111967978773, 0.134342490385, 0.990871700572, -0.233289295567, -0.963236917886, 0.133231920331, 0.972342910856, -0.232651531906, 0.0205554958691,  
59, 1048807.2631784147, 63.02831434315172, 152.45735136943514, 59.77809098088602, 27.47366919795768, 0.901594157486, 0.360788215241, 0.238662604803, 0.164027894279, -0.795643905946, 0.583134311141, 0.400278434451, -0.486603163445, -0.776527228266,  
70, 1040264.1696130225, 62.85671451302479, 128.62226162502736, 86.69495066631735, 22.271275244805402, -0.312835942057, -0.350184398385, 0.882895554686, -0.949782689709, 0.108661708301, -0.293437345064, -0.00682024092098, 0.93035666294, 0.366592367674,  
113, 1018804.1016044366, 62.42147477663243, 129.65741621512402, 66.57304658710831, 28.177747981898992, 0.0456424814918, -0.973613692679, -0.223591460732, 0.532504959045, 0.213085910717, -0.819165955864, 0.845195381243, -0.0816747946606, 0.528179889282,  
160, 1823815.6807578846, 75.79329341285593, 121.01543399527864, 90.71046680274117, 39.66378648307639, -0.91862115107, -0.0200492341457, -0.394630471476, -0.381851036445, -0.211780142381, 0.899632679075, 0.101611843665, -0.977111661737, -0.186889897329,  
169, 2095220.339508414, 79.38047573718931, 126.77447315583811, 97.62845036684662, 40.41409721085791, -0.676998396227, 0.313869875214, -0.665701789797, -0.245644396795, 0.756275939803, 0.606387279879, -0.693780946574, -0.57404913057, 0.434897222183,  
185, 3415592.857752546, 93.4241515656763, 118.14345426625195, 106.058980447031, 65.07592874925852, 0.929180116518, 0.315801597611, 0.192077229296, 0.319166957549, -0.947595136494, 0.0139968032604, -0.186431661143, -0.0482991536043, 0.981279994438,  
189, 2651138.5795675428, 85.85809998686689, 124.92967356134785, 73.8482192411954, 68.6022228374866, -0.955702967949, 0.265602973263, 0.126834134393, 0.214045490638, 0.331384016362, 0.918895620643, -0.202030604095, -0.90533954641, 0.373555806695,  
192, 1144016.7565852965, 64.88056035923061, 108.42542457439417, 59.49328564709272, 42.33939914488585, -0.166250707961, 0.982431076909, -0.0847931673284, -0.159839933385, 0.058003917115, 0.985437335042, 0.973042598142, 0.177382988819, 0.147388525603,  
229, 1382288.257046711, 69.10402382320311, 117.61681065831527, 93.03567414218148, 30.157205932026784, -0.792054603897, 0.265544422648, -0.549668685707, 0.361255329708, 0.929728870611, -0.071405979516, -0.492081386768, 0.255128177107, 0.832325370299,  
236, 509529.50025324547, 49.548088889036855, 95.14886883281302, 76.36946303677526, 16.740073384730742, -0.630001350957, -0.352898658137, 0.691780915376, 0.0233339012172, 0.88178432755, 0.471075289886, 0.776243406959, -0.312920016574, 0.54729081518,  
242, 1787251.7557997955, 75.28336815020027, 113.3556673822563, 79.15311782426286, 47.553869167139396, -0.936180733443, -0.343074092729, -0.0765885189, 0.0991653027956, -0.466785775791, 0.878793082722, -0.337241570763, 0.81511422906, 0.471016896228,  
288, 889874.2200576473, 59.668713191337424, 92.03809542544143, 83.98758825829069, 27.48256617855187, 0.446993239708, -0.132733417114, 0.884634887191, 0.881663507994, 0.232544633398, -0.410600112213, -0.151216739572, 0.963485772318, 0.22097208922,  
305, 490158.3463159017, 48.912057388211934, 91.83882477004404, 40.208523097748675, 31.68862199413335, -0.326890539167, -0.338157590556, -0.882491937273, -0.184986668073, -0.892833927586, 0.410642801456, -0.926780722738, 0.297484489851, 0.229304318015,  
312, 1868754.7595638542, 76.41076847864467, 100.14614623379885, 95.9347310574283, 46.435871252304295, 0.489298153397, -0.844980634183, 0.215858854203, -0.237280081842, 0.109191422927, 0.965285137107, 0.839217182762, 0.52353124168, 0.147069912429,  
325, 271957.5172050456, 40.191802731384826, 100.61967424366168, 34.212010231954295, 18.86040256093575, -0.0359786179457, 0.66337405958, -0.747422501753, 0.972245826272, 0.196247063262, 0.127377955147, -0.231178702191, 0.722095525009, 0.652023358796,  
338, 1205994.7805809674, 66.0316687634431, 105.47178220609945, 86.38138506348925, 31.6009669004261, -0.0923783243589, 0.136205557661, 0.986364177802, 0.952278568752, -0.277333238731, 0.127482556416, 0.290915404687, 0.951070092452, -0.104086053622,  
376, 2876757.6752812644, 88.22768630793186, 151.8991940433963, 79.79271883653502, 56.66252690104772, 0.539801076425, -0.743311048074, 0.395099333968, -0.626521890068, -0.668228035063, -0.40117529139, -0.562214477896, 0.0309835273547, 0.826410855372,  
380, 4052492.7404840933, 98.90339783498402, 123.64644917671802, 96.10196631598339, 81.41786569284658, 0.615985405827, 0.787146862238, 0.0310128534087, -0.423892633256, 0.298022036396, 0.855276505753, 0.663985704123, -0.539983965587, 0.517242981228,  
385, 1518775.3016648912, 71.30746086351509, 110.74931718754604, 76.75522687015587, 42.65362041265874, 0.142680462169, -0.153627491667, 0.977773429542, -0.94566090592, -0.312779495536, 0.0888506510226, 0.292177577392, -0.937319359117, -0.189907035924,  
400, 374183.7608299968, 44.702530563764185, 145.7677937335512, 65.82054091705376, 9.310506309582172, -0.609872831699, -0.788453181715, -0.0799794310989, 0.0109853683754, -0.109321509948, 0.993945737525, -0.792423151377, 0.605301897986, 0.0753336674858,  
401, 1062756.1020451663, 63.30650424463129, 122.21169848962623, 100.84282094516655, 20.586723521647684, 0.134883730929, -0.990824810719, -0.00851901365693, -0.167720517743, -0.0313040933236, 0.985337445584, 0.976563468014, 0.131477177503, 0.170404063148,  
403, 1858824.7690406544, 76.27518690653012, 115.1689934112065, 72.10070803879024, 53.44102027381602, -0.101845227868, 0.890286363087, -0.443866805768, 0.958340656219, 0.207493689295, 0.196289468746, -0.266853398327, 0.405384460241, 0.87432985949,  
416, 876057.6457762219, 59.35828686653904, 103.43727331424789, 69.87451209636536, 28.936648101543668, 0.848223901209, -0.486931907812, 0.208359138443, 0.332841333835, 0.796081256627, 0.505441667592, -0.41198648025, -0.359377169563, 0.837326214858,  
421, 413556.5612341226, 46.21845624375069, 113.90416313530008, 77.23850860725682, 11.222066272879665, -0.121387413758, -0.472012702998, 0.873194768645, -0.683207283402, -0.598429042282, -0.418462052354, 0.72006451356, -0.647369052058, -0.249840762786,  
458, 1912614.5612659545, 77.0039404562701, 111.54773140135701, 87.45456239185658, 46.80536488978261, 0.220281350779, -0.508507573326, 0.832403852928, -0.158761181171, 0.823296154623, 0.544957181012, 0.962429744892, 0.252197322852, -0.100625526056,  
461, 2456001.353512462, 83.69766280962236, 119.55264597954454, 102.58148869914005, 47.809235882982854, -0.486524522418, -0.484130347218, 0.727263154566, 0.527086575506, 0.501218179483, 0.686265312016, -0.696759378127, 0.717215548812, 0.0113236714131,  
499, 1144095.3758201245, 64.88204656798834, 130.71346909594425, 75.55694983875014, 27.65533111286301, 0.298334406308, 0.859330997534, 0.415387552402, -0.547131126556, -0.202633088631, 0.812149839467, 0.782076794418, -0.469563699693, 0.40971431457,  
539, 421510.580449551, 46.512886345073355, 103.12354903379456, 64.44721077075974, 15.141116253980549, -0.0966937044185, -0.668567776732, 0.737338087611, 0.879382328185, -0.404372310822, -0.251335940757, 0.466194217469, 0.624099480978, 0.627026944749,  
553, 2976365.5974812834, 89.23445090246786, 116.38636762267296, 101.18720881022207, 60.335086018178316, -0.0222858187608, -0.757732693385, 0.652184412309, 0.0583326534311, -0.652220596703, -0.755781446438, 0.998048417576, 0.0212004389582, 0.0587358286068,  
596, 1564805.3962572175, 72.02068404492955, 129.35029190301643, 61.455851778139674, 46.99385476118926, -0.973085811979, -0.230322410458, 0.0074558544172, -0.208337003035, 0.865450904677, -0.455620922215, -0.0984870331092, 0.444911585413, 0.890142677033,  
605, 2074408.2198067294, 79.11676815781145, 103.31605812123462, 91.9323899122336, 52.139785126418566, 0.127662708913, 0.78898772816, 0.600999665197, 0.472267089794, -0.581210092795, 0.662690443519, 0.872161698684, 0.199231505659, -0.446811793154,  
610, 1242700.279354462, 66.6948953669705, 118.35447975524818, 67.86667423029212, 36.934865219001125, -0.722597692896, -0.381677409617, -0.576346188684, -0.673919287753, 0.574583877346, 0.464420242332, -0.153900512721, -0.72399980862, 0.672412752186,  
661, 811701.1450493142, 57.86765049425881, 116.5630402376978, 47.971272910397715, 34.654963074075276, 0.95218710525, -0.191705475906, 0.237883852127, -0.192789096433, 0.227003017225, 0.954621388021, 0.237006499682, 0.954839588977, -0.179190620373,  
686, 2177332.8298680987, 80.4042003750452, 118.38019910534268, 81.40331383245025, 53.94051153329664, -0.105755926155, -0.388169891384, 0.915499764886, 0.236854873286, 0.884331439866, 0.402315390539, -0.965771946726, 0.259387817538, -0.00158336001416,  
693, 1470181.8483847636, 70.53870500948594, 100.94341926461374, 74.19371923053517, 46.863777604270524, -0.0568007329257, -0.881568990672, 0.468625427634, -0.97943938696, -0.0418058982913, -0.197359454145, 0.193577281755, -0.470200363201, -0.861068786123,  
736, 1370421.5643943266, 68.90570674900599, 110.28146314360885, 90.306777424395, 32.850554931012994, 0.614290718385, 0.738264431326, -0.278590277549, 0.387643027056, 0.0251750999728, 0.921465733446, -0.687298913778, 0.674041425864, 0.270718228679,  
745, 2580568.958940597, 85.08943107373787, 143.98797046522486, 78.57259662749235, 54.45396948146012, -0.973235322676, -0.0686390300626, 0.219320975396, -0.218874330872, 0.567752394769, -0.793568677255, 0.0700502247091, 0.820332799409, 0.567580006899,  
758, 2093514.052548716, 79.35892149578412, 126.71755168346779, 76.51029696692706, 51.550230339934714, -0.978950586355, -0.0547349541998, 0.196621042274, -0.189632766951, -0.112282362413, -0.975413801824, -0.0754663048954, 0.992167705521, -0.0995393437079,  
763, 1103112.6880265106, 64.09789345145995, 128.2828456580978, 55.18160016571653, 37.2021804795329, -0.996891402953, -0.0612029564905, -0.0496158123422, -0.0599274319921, 0.180189009156, 0.981804778902, 0.0511491311009, -0.981726091686, 0.183296610147,  
764, 1310275.8985544115, 67.88253430607489, 109.7529273955678, 98.95249948878407, 28.802571389912938, -0.118753688076, -0.0915055316583, 0.988698285244, -0.175480116087, -0.978136504426, -0.111605141314, 0.977294372452, -0.186750412009, 0.100099916025,  
783, 2702338.185450541, 86.40728570197986, 128.69714592233433, 78.5865082225134, 63.787294247288855, -0.926146594796, 0.272023505529, 0.261257913539, -0.092917044742, -0.835900608161, 0.540958959693, 0.365539201378, 0.476731985202, 0.799442122071,  
802, 1583407.1518664812, 72.30494458995082, 119.14890367035784, 71.86697527525429, 44.145310474910794, -0.892541114798, -0.32827995607, 0.309196747781, -0.450316602574, 0.685570738857, -0.572020733426, 0.0241933015879, 0.649788452087, 0.759729986043,  
835, 410713.4312915293, 46.11229796241082, 103.54185205062815, 54.36519971951663, 17.418605347325798, 0.814812385552, -0.262927527213, -0.516671938259, -0.363345412507, -0.92608276365, -0.101739009631, -0.45173099026, 0.270628583679, -0.850117216703,  
887, 2684011.7490789187, 86.21151315822782, 124.33767208747106, 92.65238940934043, 55.62069964089578, -0.0390952350441, -0.811549210415, 0.582974649254, -0.656394521467, -0.419030081063, -0.627343624621, 0.753404137754, -0.407187512382, -0.516314376107,  
907, 415782.57163884124, 46.30123308881291, 110.45024987045139, 43.12418131572376, 20.839634881070538, -0.79011000844, -0.181545358466, 0.585463455206, -0.573920318315, 0.554544674755, -0.602574204498, 0.21527109139, 0.812109282375, 0.542343867571,  
916, 1438217.3690577971, 70.02374060655978, 117.68944766918368, 83.19430815051409, 35.067498000889536, 0.363911089539, 0.806369600761, -0.46619393591, -0.50758821563, 0.591349417987, 0.626625940414, 0.780975622068, 0.00859841935688, 0.624502317786,  
927, 370124.7283705278, 44.54030269084512, 101.17179332940403, 87.34157520528218, 9.9995170220756, -0.886486954257, 0.415476529446, -0.203764897399, 0.458085009846, 0.725499737314, -0.513622677567, 0.0655667879838, 0.548661448105, 0.833469622528,  
957, 720743.8651154264, 55.61997402433941, 105.7527659635276, 41.937114795072226, 38.7973498946986, -0.50791435636, 0.857513228756, -0.0818172910316, -0.0548948276451, 0.0625663962551, 0.996529981464, 0.859656655009, 0.510643230219, 0.0152946700122,  
992, 1152419.29368301, 65.03901725753369, 120.51925222157053, 85.85746113434898, 26.588108414814503, -0.858078554813, -0.396639242594, 0.326157178373, 0.00307885531817, 0.63115692924, 0.775649051648, -0.513509215516, 0.666572008043, -0.540361030861,  
1014, 1354558.8010986699, 68.63881087695069, 89.0763153750645, 70.12812093354444, 51.767215648017036, -0.267959047354, 0.579759682329, 0.769465177696, -0.755277712178, 0.369428283331, -0.541367085223, -0.598125009031, -0.726224107436, 0.338887915615,  
1040, 3005356.7360905153, 89.52324315249783, 121.08274775578933, 87.81482130547417, 67.47724319520754, 0.73341093285, 0.520265664772, -0.437529475162, 0.412873363959, 0.170402128503, 0.894705929306, 0.540040728936, -0.83683137648, -0.089829051142,  
1084, 2907736.237748384, 88.54325157378064, 125.05106241030894, 103.6373894392164, 53.56271086337818, -0.416488796223, -0.597349382842, 0.685354504939, -0.831588657752, 0.554969980424, -0.0216477510699, -0.367419905448, -0.57894907863, -0.727887750573,  
1111, 697074.7369758883, 55.00433410928579, 93.42244700204563, 52.42537410868191, 33.97801137789657, -0.323328644595, 0.173314869108, -0.930279820124, -0.919376135876, -0.290314798893, 0.265452139425, 0.224067196094, -0.941105346755, -0.253208645082,  
1125, 1525374.6024631977, 71.41059208261855, 116.37708458545217, 66.67525777541837, 46.930558771075276, -0.780540692032, -0.148472031037, 0.607216834485, -0.612711167718, -0.0107576230199, -0.790233698662, -0.123859812031, 0.988858093736, 0.0825737089934,  
1134, 1380378.468133435, 69.07218412462775, 127.11095791776016, 92.17291217678573, 28.12699048649968, -0.271096621055, -0.251345362279, 0.929156677269, 0.949610712578, -0.227596972587, 0.215497361067, -0.157308984518, -0.940757740829, -0.300381018807,  
1135, 986379.1249795847, 61.752103301498146, 130.4921520206302, 73.1736015570079, 24.661326820105213, 0.431076818582, -0.875870516856, -0.216849289101, -0.766289635309, -0.482252293434, 0.42453847917, 0.476416804174, 0.0168393343043, 0.879058283347,  
1142, 2567089.891153101, 84.94102337073116, 121.6472878485031, 88.8526865373073, 56.69953182986511, 0.480928716606, 0.876170299943, -0.0321430403153, 0.818719437626, -0.461907075982, -0.341086991265, 0.313697389209, -0.13772239707, 0.939482032478,  
1171, 535138.9720754954, 50.36466971664298, 133.39100361292526, 38.67792941406919, 24.762142251565308, -0.944313546469, -0.161923461131, 0.286448457303, 0.0701756476115, 0.751406295675, 0.656097521183, -0.321476755673, 0.639663483056, -0.69820006016,  
1197, 787020.0356511016, 57.27508289638664, 89.96714366848573, 74.01716459588255, 28.215048585783578, -0.367347417043, -0.0145220347966, 0.929970421947, -0.385073955199, 0.91253117562, -0.137858269792, -0.84662501984, -0.408749267923, -0.340808027712,  
1213, 1028501.3094711979, 62.61889696392118, 106.0367597593984, 50.56556143279892, 45.793618085466065, -0.935448540849, 0.226741096334, 0.271154020175, 0.0675096349345, -0.638402021069, 0.766736792313, 0.346956015389, 0.735548322498, 0.581885030445,  
1218, 399100.884385624, 45.67354210605698, 113.48493681176951, 37.782699326905814, 22.220963115291934, -0.402537475527, 0.904583002046, 0.140332366919, 0.907044597519, 0.41481675616, -0.0720913096035, 0.123424790492, -0.0982682614956, 0.987476414845,  
1224, 2238313.8050083, 81.14793163611691, 119.98776721254573, 75.45805045673846, 59.018723439745706, 0.376427991593, 0.463548794339, 0.802137446085, 0.338691109528, -0.874745464168, 0.3465670285, 0.862316820821, 0.141219291118, -0.486278533707,  
1228, 1397264.503066979, 69.3526944897858, 119.85063460223759, 97.52588289476566, 28.53841100130972, 0.29416811247, 0.731795970498, 0.614768069413, 0.629265732578, 0.335843746768, -0.700880600074, -0.719367610759, 0.593029202755, -0.361699606401,  
1258, 2974956.3540835013, 89.22036516501487, 142.14127598881495, 82.92780235087164, 60.25202159488502, -0.933411852114, -0.301497197267, -0.194529571977, -0.331903847808, 0.519543002292, 0.787346749901, 0.136316360513, -0.799483901532, 0.585015675899,  
1262, 992798.0291111714, 61.88576526249733, 122.99596578079138, 98.79713217625152, 19.504601952806546, -0.481428143213, -0.688215803508, -0.542757727466, 0.0787715535603, -0.650710487128, 0.755229040948, 0.872938706481, -0.320834645485, -0.367482169614,  
1277, 1190271.977375296, 65.74345644543831, 119.59647530054248, 97.15385962825536, 24.4556472141959, 0.84437614883, 0.326878597751, 0.4244753251, -0.405904699276, -0.126795107713, 0.90507699991, -0.349671695155, 0.936521960764, -0.0256187941789,  
1280, 1646269.067593444, 73.2493996557349, 105.06060358450495, 90.54733536091915, 41.31394270814816, 0.280500285476, -0.40595742969, 0.869780521239, 0.320086730015, 0.89385127365, 0.313965580697, -0.904911086857, 0.190337767859, 0.380667123627,  
1323, 1903417.5460766598, 76.88031481327421, 127.51990082211364, 75.83151730689526, 46.99133107219246, 0.286981353243, 0.926370541498, -0.243883830411, 0.895028266204, -0.16856028385, 0.412930785247, -0.341417787449, 0.336786357434, 0.877501477982,  
1328, 1321159.5309941603, 68.06996870725322, 140.54386915795794, 76.42377913445286, 29.36474526745465, -0.0839639646189, 0.169959178563, 0.981867572674, 0.745276017193, -0.643354726287, 0.175095272242, 0.661448192107, 0.746464047217, -0.0726478862091,  
1388, 2003437.233723372, 78.20401383006364, 112.62132734814922, 75.70373741017521, 56.098231364715744, 0.0716311878302, 0.63220602012, 0.77148202899, -0.357469711264, -0.705817053498, 0.611586210211, 0.931173656446, -0.319590104846, 0.175435989539,  
1392, 1633959.7948382406, 73.06637905780568, 119.45939266445868, 89.37249205596247, 36.536638346547235, 0.806241022507, -0.299333566109, 0.510269369869, -0.106836085768, 0.774689351572, 0.62325152173, 0.581860347854, 0.557006126323, -0.592606708395,  
1415, 1960271.0273859203, 77.63826781196663, 105.92835287536086, 91.0157007871591, 48.53991094187807, -0.405531692028, -0.772384620991, -0.488841532624, -0.901237422315, 0.248519161933, 0.354977935612, 0.152693010252, -0.584517085644, 0.796884321097,  
1429, 912495.2867281524, 60.170091723178984, 98.51314514555898, 68.89657616169112, 32.095947127204354, -0.740052226345, 0.669330754943, 0.0657194245986, -0.0633844154729, -0.166694369209, 0.983969208435, 0.669555911151, 0.724023016044, 0.165787677712,  
1439, 3054273.723741376, 90.0063428053918, 122.08954288523736, 104.44427233553871, 57.18159304695253, 0.968490244889, -0.00901305013778, -0.248888349429, 0.208017887296, -0.52025014401, 0.828292427964, 0.136949640815, 0.853966365019, 0.501982313729,  
1471, 296673.54236910905, 41.37424380850118, 138.28118845534797, 61.50131698107233, 8.328037819197615, 0.716661618922, 0.55142655528, 0.426995173388, 0.475307459473, -0.834219407376, 0.279572529634, 0.510371377463, 0.0025950893765, -0.859950186102,  
1481, 582067.7576031316, 51.79585160492474, 99.9088383220707, 71.48148386464035, 19.457519090060956, 0.00362622124371, 0.108452006995, 0.994095072263, 0.655012542292, -0.751414963579, 0.0795871971386, 0.75560930378, 0.650856139779, -0.0737622217225,  
1506, 755393.0541700001, 56.49735626783489, 90.49803692982356, 48.60883174841315, 40.994919291702864, -0.0437657767695, 0.216421524886, 0.975318553269, -0.886970106842, 0.440844298067, -0.137623887572, 0.459748394617, 0.871101617739, -0.172665529911,  
1596, 2542124.5021664356, 84.66477055575174, 134.61257943857737, 103.68010220074808, 43.48376543950829, -0.389297630501, 0.918456805179, 0.069888853957, -0.597460736553, -0.194033828901, -0.778069111017, -0.701062067982, -0.344656307447, 0.624278789142,  
1643, 1323070.401934516, 68.10277076778948, 112.90649670714893, 54.773323058019955, 51.07475857988029, -0.620121883753, 0.77514255437, 0.120842334039, 0.169479381324, -0.0180307350422, 0.985368779645, 0.765980148957, 0.631529027836, -0.120189427172,  
1652, 3932368.8724869015, 97.91634942105847, 125.05026434842155, 94.4862592991017, 79.4533788069176, -0.56032937224, 0.828075086204, -0.0179623554422, 0.822148123171, 0.553425352492, -0.133389815151, 0.100515959788, 0.0895099482014, 0.990900858311,  
1682, 2857166.910218799, 88.02695263855422, 139.6422588233926, 76.31119466924424, 64.00912414060544, -0.528023143406, -0.729405821873, -0.434923794526, -0.155293688112, -0.420570801536, 0.893870276566, -0.834910432598, 0.539525113329, 0.108798996443,  
1700, 656176.9990444119, 53.906871881372, 81.80954245448406, 69.83546849983253, 27.419048448808326, -0.760888093909, -0.566994670026, -0.3155413645, 0.14172108042, -0.619755348863, 0.771892766464, 0.633217532853, -0.542605152683, -0.551919563315,  
1709, 867392.9568322948, 59.1619428198785, 104.89420311579643, 55.57257494282488, 35.5234611698514, -0.633736129722, -0.764970541656, -0.114885109059, 0.018183459298, -0.163207545375, 0.986424177999, -0.773335554396, 0.623043632125, 0.117340328856,  
1724, 468664.1837462437, 48.18638933204562, 84.93613525929979, 46.91022640831455, 28.081036294929895, -0.627217843862, -0.597394871216, 0.499717064134, -0.777914331195, 0.511857089289, -0.364488152711, 0.038040368867, 0.617350538989, 0.78576793161,  
1742, 1184617.7242400716, 65.63918886880653, 144.39048672206974, 65.72989566879507, 29.79806709308953, -0.197056436292, 0.916745311755, 0.347486394397, 0.937633795679, 0.0726948928017, 0.339938697064, -0.286376720627, -0.392802095126, 0.873896382844,  
1746, 503528.74439866294, 49.35281011415463, 106.88918559805168, 63.21947795194042, 17.788977467339038, 0.210597671684, -0.286116530084, 0.934765185431, -0.535841419395, -0.833550721135, -0.134414167987, 0.817632309747, -0.472578592943, -0.328856928694,  
1754, 1138332.626457731, 64.77292731302617, 123.84127398104671, 87.95089038823353, 24.95025121807661, -0.980029918888, -0.166815397475, 0.108231147318, -0.198457087921, 0.786319764112, -0.585077783564, -0.01249569279, 0.594872971088, 0.803722592646,  
1767, 1629727.0586774393, 73.00323222810424, 108.03957187587334, 65.37290432699027, 55.08655744270046, -0.996711069937, 0.0623370801745, 0.0517796436957, 0.0162050274045, -0.472736072058, 0.88105505121, 0.0794005047386, 0.878996413309, 0.470171102086,  
1791, 258902.0737542793, 39.538085836445696, 136.05040579070976, 114.7845084630289, 3.9578907256030753, -0.789074568941, 0.398262362725, -0.467705479002, -0.551939740457, -0.125407787594, 0.824400030152, -0.269673594471, -0.908658339118, -0.318772921054,  
1800, 1698117.4852308575, 74.01044943671911, 116.23771741685358, 86.3550689558976, 40.387243814803206, 0.203433455479, -0.966618754178, 0.155765892487, 0.955383578892, 0.161183604809, -0.247511742599, 0.214142584218, 0.199168344902, 0.956281822484,  
1811, 1589841.9135119056, 72.40275818635699, 120.84274424434548, 101.2156438184911, 31.03109577984663, 0.391302352291, 0.60719071118, -0.691521445328, -0.221720855935, 0.791508028551, 0.569521643823, -0.893153027837, 0.0695304321527, -0.444345797628,  
1816, 3464821.552311017, 93.87085083770431, 134.32862486098205, 80.15868959895933, 76.81978460626367, 0.532199139728, 0.843421164854, 0.073517442479, 0.556258541365, -0.413815212082, 0.720647906684, 0.638232332956, -0.342633490666, -0.689392326794,  
1838, 2476311.2980904505, 83.92774283109196, 108.06776273354494, 100.90741735632895, 54.21224324624288, 0.384989777697, -0.668559654, 0.636247483384, 0.861064649918, 0.508326297803, 0.0131165400917, -0.33219051722, 0.542800482687, 0.771373512809,  
1840, 1286596.9600000621, 67.47112794860773, 84.69163380109238, 67.28476777790644, 53.90097768814618, 0.173300952471, -0.280379853187, 0.944115415508, -0.581422061011, -0.802870680828, -0.13170822615, 0.794930919541, -0.526104369677, -0.302157285804,  
1843, 2198656.507422533, 80.66582726922361, 135.4808136299575, 68.60558239710667, 56.47178619801457, -0.779095747617, 0.534622024236, 0.327397475933, 0.015023169328, -0.506172290847, 0.862301522881, 0.626724916074, 0.676733997358, 0.386324962164,  
1874, 622130.4213696618, 52.9579229003259, 95.66043760623116, 59.032071754560114, 26.301010854624753, -0.512188261036, 0.274368622866, 0.813870409859, -0.058023523231, -0.956491350324, 0.285932802433, 0.85691099655, 0.0992277962179, 0.505823475581,  
1946, 660637.879100425, 54.028754242392296, 115.46296064339585, 83.90186604636804, 16.280230621934983, -0.273438365641, 0.734920747231, 0.620582754743, -0.6210590731, 0.357774385385, -0.6973400296, -0.734518269287, -0.576098068433, 0.358599954869,  
1954, 1396872.019565292, 69.3462002916938, 121.85358613642404, 75.30931944436335, 36.33966931239799, -0.307574302658, 0.86446742607, 0.397610509932, 0.943028501714, 0.332653326734, 0.00624573195001, 0.126867227051, -0.376879070096, 0.917533036585,  
1961, 1525075.0214823803, 71.40591680353887, 89.59430906737569, 69.35487755259751, 58.59292310356228, -0.584935722429, 0.767930260435, -0.261023592294, 0.0816694568115, 0.375951878431, 0.923033198173, 0.806957434101, 0.518597435602, -0.282624130847,  
1973, 1846105.883423664, 76.10081929185868, 121.44607952522324, 98.34589196008375, 36.900162088304434, -0.668261695437, 0.430890144644, 0.606432180593, 0.42982740943, -0.441701784713, 0.787494718385, -0.607185889587, -0.786913728836, -0.109963988908,  
2006, 243636.50442827653, 38.74520087548213, 86.4072730849206, 30.83966600887886, 21.826986759380937, 0.303593215538, 0.949149456992, 0.0833454724154, -0.591085209369, 0.119009710449, 0.797781275842, 0.747294744224, -0.291465258841, 0.597158746184,  
2029, 1053102.7794133076, 63.114243817776185, 153.64386600639241, 73.9956899798625, 22.113653438711466, -0.784391752838, 0.276285866193, 0.555333861945, 0.575121726042, 0.659278346559, 0.484341885441, 0.232302772939, -0.699298349705, 0.676030502112,  
2051, 572667.323361498, 51.51550139959496, 141.21115720777897, 67.87083006769763, 14.264666441587773, 0.332676541025, 0.942636657163, -0.0276125265696, 0.567993315882, -0.176911483196, 0.803794700298, 0.752801376304, -0.283087371115, -0.594265620871,  
2068, 1731644.8704793763, 74.49436236334499, 91.58765060300277, 77.3418296133234, 58.36048080005714, -0.133077629959, 0.82710024749, 0.546072820242, -0.891827515645, -0.340287856769, 0.298073576277, 0.432358678349, -0.447335841553, 0.78291546039,  
2073, 1417346.164075159, 69.68336391885173, 92.29367617374739, 82.19734553143576, 44.602334026864476, 0.57408018369, 0.816671608076, 0.058986670164, -0.491599907135, 0.286166011278, 0.822458841094, -0.654798804214, 0.501155164148, -0.56575792301,  
2085, 468380.3457819091, 48.176659629939294, 74.97202325387043, 53.103321915246575, 28.085950936183107, 0.0729011466975, 0.965081387603, 0.251601546322, -0.515409715029, -0.179518940263, 0.837929457496, 0.853837366519, -0.190763899594, 0.484325186366,  
2090, 3620347.983427338, 95.25488031842838, 134.75552965492827, 92.64466958855333, 69.23005473042822, -0.751292236785, -0.247893761251, -0.611644225084, -0.658123490486, 0.212133723231, 0.722407609828, 0.0493299727967, -0.945276661407, 0.322519126848,  
2107, 961555.9208518211, 61.229678493569544, 139.9108876764865, 113.42178615762313, 14.465649661160114, -0.288996462691, -0.725418377863, -0.624699304955, 0.0817913917477, -0.668866872151, 0.738868916368, 0.953829760905, -0.162435477647, -0.252633138788,  
2114, 1963880.6427667001, 77.6858925952827, 110.43355582309485, 100.52242216721794, 42.234025648006394, 0.757692944746, 0.554089346983, 0.344799067635, -0.64092459461, 0.532248905401, 0.553106469609, -0.122951476226, 0.640075072362, -0.758410730564,  
2136, 3281695.459177535, 92.18704389399194, 114.60640268036107, 102.20492139259065, 66.88503788224772, -0.862421869574, 0.26334719018, -0.432292466166, -0.358121891365, 0.28612174583, 0.888753653995, -0.35773905267, -0.921293983475, 0.152447257132,  
2161, 3098393.5573858093, 90.4376614723326, 120.46537555568933, 86.85870608747148, 70.69234320310787, -0.325648728433, 0.820849857231, -0.469210419273, 0.925779555549, 0.377629674105, 0.0181119784468, -0.192054992639, 0.428487270662, 0.88290063919,  
2168, 2006715.3687080478, 78.24664450016856, 109.14515020955137, 76.47845817514354, 57.392296200393154, 0.76862406703, 0.586318156235, 0.255828190887, -0.313111751292, -0.00391750711597, 0.949708210105, 0.557833375468, -0.810071399821, 0.180572014461,  
2171, 1662332.579446709, 73.4868732244207, 102.12959093940452, 81.02553294012223, 47.95742083408094, 0.219027084126, 0.948471086822, -0.22897540017, 0.384935003868, -0.29963541128, -0.872951122976, -0.896578038554, 0.103059292499, -0.430727991908,  
2172, 1967862.4564538985, 77.73836046942293, 107.84436761264541, 73.87564434565873, 58.96677565731045, -0.99052105039, -0.135045367842, 0.0251156795534, -0.0942435749254, 0.801161392025, 0.590981025511, -0.0999309627702, 0.583012154722, -0.806294381802,  
2203, 703946.1702601437, 55.18447904764093, 131.11022866377408, 99.18662742681022, 12.922934494317076, 0.0790691502924, 0.190006111419, 0.978593759992, -0.981169154883, -0.158703922507, 0.110091573191, 0.176224739973, -0.968870859612, 0.173879551462,  
2205, 925655.8174222886, 60.45798128904177, 108.08425554017334, 66.52838721169243, 30.732047418868103, -0.91579158813, 0.229119420647, 0.329894010544, 0.394089395394, 0.671217249116, 0.627822389635, 0.0775842480747, -0.704962194427, 0.704988644504,  
2218, 928815.5880979756, 60.52669523825658, 143.98857704931706, 65.06187545472942, 23.669346548861732, -0.461393909024, 0.0731627769643, 0.88417355128, 0.831390737182, -0.312216604858, 0.459684928815, -0.309685490206, -0.94718952682, -0.0832279847028,  
2251, 568610.1584450061, 51.39355601022154, 141.7094670573656, 69.30810172173061, 13.82111676685551, 0.832427062617, -0.492557203873, -0.253875139262, 0.175484645673, -0.200245863458, 0.963901827626, -0.525614235496, -0.846929155881, -0.0802538495244,  
2263, 582089.3020096942, 51.79649064685928, 91.969102059441, 48.487593358662465, 31.16222315451827, -0.869682684862, -0.43832522932, 0.226986830001, -0.491671938287, 0.809963602556, -0.319714978747, 0.0437119291846, 0.38965363578, 0.919923535611,  
2267, 563537.5971165777, 51.24027228245268, 101.95845110400037, 57.29152391523876, 23.03141828951179, 0.214939944098, -0.762537910226, -0.610194031354, -0.818491257222, -0.481505441614, 0.313407995346, 0.532797224356, -0.432074582873, 0.727625365524,  
2274, 3316833.429360962, 92.5149000995745, 131.09848419532196, 90.96301796686184, 66.40067915465873, 0.20932284116, 0.258015666345, -0.943192379151, 0.460022418878, 0.82517330263, 0.327823725127, 0.862880827402, -0.502510633268, 0.0540346292151,  
2275, 1730696.2908231174, 74.48075742914169, 123.43738621501701, 87.50450262414658, 38.252087102301324, -0.416615731128, 0.081202560701, 0.905448770893, -0.0534651601583, -0.996467254416, 0.0647648633574, 0.907509123494, -0.0214279026518, 0.419485441657,  
2290, 1520642.841140171, 71.33667627847426, 114.70014012922513, 75.28169133525324, 42.04218667450575, -0.617901568222, 0.0180791776159, 0.786047578283, 0.0301952582554, -0.998452452532, 0.0467006039754, 0.785675440858, 0.0525912860607, 0.616399430778,  
2302, 1877537.7558815668, 76.53028957243666, 115.6299773967733, 88.00569048554463, 44.04725760876121, 0.736968244235, 0.627434852145, -0.251402691519, 0.59866211575, -0.433215425614, 0.673741839413, -0.313817587389, 0.64703160767, 0.694887487671,  
2306, 2900416.243462758, 88.46888894463878, 121.22568061052442, 86.16697627292027, 66.28820134679508, 0.183406446702, 0.384574404322, 0.904690335335, 0.74296614646, -0.656858079027, 0.12860314627, 0.643710634153, 0.648567646092, -0.406197769468,  
2313, 1539653.597340497, 71.63272466876589, 95.6312391978062, 82.58894437992164, 46.53853556281454, 0.291360293812, 0.585060697349, -0.756844210923, -0.265516835746, 0.809543753427, 0.52358353796, -0.919026653109, -0.0484034265816, -0.391212370932,  
2321, 3182524.9036212703, 91.24892018034173, 118.96841780673714, 86.48426972192838, 73.84386047696458, 0.783685518814, 0.621110624211, 0.00765506983844, 0.521261697581, -0.664303806664, 0.535711391597, -0.337821328865, 0.415838965159, 0.844366451737,  
2322, 2381226.664957582, 82.83948226357231, 165.3864459065761, 88.70406452761937, 38.74973110571416, -0.349507688782, -0.0661336153277, -0.934596554887, -0.935167998976, 0.0858310980887, 0.343647837607, -0.0574907746754, -0.99411235156, 0.0918446694297,  
2330, 214914.1635289402, 37.15855435367445, 143.37168124070084, 60.34225989321466, 5.930502311372608, 0.469851398113, 0.804576571578, 0.363175170076, 0.542338834331, -0.587715960268, 0.600381994087, 0.696497130266, -0.0851263209265, -0.712492285584,  
2331, 2852173.0495289178, 87.97563715550775, 103.9522580266276, 90.50112353233378, 72.37679777226963, -0.591039820478, 0.660734947326, 0.462710773584, 0.804477837192, 0.524826704742, 0.278158838537, 0.0590537050198, -0.536643512372, 0.841740102735,  
2336, 3216552.694919557, 91.57298134576718, 133.61670352235726, 91.47575835322195, 62.82540395697466, -0.895613260954, -0.328020008733, 0.300465906009, -0.41772540038, 0.852368948102, -0.314599215175, 0.152912970936, 0.407271469885, 0.900415222626,  
2339, 240422.59239875106, 38.57407810121295, 126.99917097875421, 90.47414081290695, 4.995296978949164, -0.587249951929, -0.809296247135, -0.0133070782792, -0.808051813002, 0.585237975467, 0.0674446408282, 0.0467948871602, -0.0503596708135, 0.997634272713,  
2345, 3458678.0467431345, 93.8153369369612, 113.2892413434918, 95.40492141909216, 76.39449798764632, -0.278478195848, 0.0658091641379, 0.958185289155, 0.960271901679, 0.000272073605862, 0.279065943501, -0.0181043995545, -0.997832190246, 0.0632704577615,  
2351, 1963867.1899974444, 77.68571520962577, 122.00655150766961, 102.76224023463402, 37.394418984858355, -0.583714628675, -0.552612102756, 0.59489250807, -0.809330629306, 0.45488773765, -0.371565712362, 0.0652775975202, 0.698353069745, 0.712770527757,  
2356, 1320016.401725269, 68.05033059771085, 118.07046899497023, 84.0299416005057, 31.762550472015914, -0.641823354726, 0.737106678933, -0.211510106618, 0.053500416244, 0.318184525013, 0.946517994284, 0.764983978127, 0.596181475656, -0.243653773404,  
2374, 2265448.0665150466, 81.47452437000086, 117.85293329832528, 80.26362565433297, 57.17502081917853, 0.776856405762, -0.163104212016, 0.608186764776, -0.55591688347, -0.63126444799, 0.540797203559, -0.295720380594, 0.758223062645, 0.581074215376,  
2384, 294780.26051240455, 41.286043233289895, 102.18609155627055, 49.61894497051716, 13.879393052614708, -0.965140140128, 0.261660293083, -0.00619684903787, 0.227823747469, 0.82820706419, -0.512024803028, 0.128844285877, 0.495587479513, 0.858948310521,  
2388, 2506264.260225381, 84.2647785743749, 157.4645440862232, 73.11735616376183, 51.96787902078365, -0.980506212206, -0.0923345452923, 0.173441343317, -0.186095213016, 0.153115755016, -0.97052776223, -0.063056637386, 0.983885103715, 0.167313965855,  
2393, 1747347.8009150608, 74.71886212036374, 87.85975322641792, 78.0690574247359, 60.81655750253465, -0.327839801809, -0.250933654115, -0.910798202448, -0.261237081458, 0.950567524858, -0.167858773848, -0.907896608443, -0.182903477054, 0.377187044396,  
2403, 3315402.091812163, 92.50159030618362, 114.58423922190435, 96.27153021276868, 71.75048439138669, 0.410950992028, 0.130026100201, -0.902337240403, 0.847887278342, 0.309163415475, 0.43070308306, -0.334972305388, 0.942078126165, -0.0168035360752,  
2413, 423970.9635749184, 46.60321035410935, 121.15396338631393, 42.00884182060847, 19.886995275039922, -0.734128607983, 0.592006698137, 0.332540608501, 0.596356167684, 0.796324943473, -0.101123220219, 0.324676004974, -0.124075193991, 0.937651767998,  
2414, 1522990.0271297875, 71.37336128334242, 125.26589490085921, 91.17018396056365, 31.836313578410497, 0.818226549132, -0.563368983272, 0.114545637118, -0.170609037161, -0.0476824514195, 0.984184403588, -0.548997150025, -0.824828329117, -0.135130887482,  
2416, 1571537.9416486209, 72.12382547149815, 106.59215813759042, 71.48266955645529, 49.23911550075844, -0.811168297495, 0.440398568413, 0.384779279689, 0.583960106241, 0.645483936727, 0.492281506606, 0.0315687734591, -0.624018900649, 0.780771300814,  
2426, 2271063.9152065953, 81.54179157028923, 106.32970407552912, 98.70509863811084, 51.65906667654079, -0.505860890305, -0.354986884785, 0.786186410014, -0.532611465498, 0.845458598094, 0.0390485048298, -0.678549767136, -0.398978784574, -0.616754524085,  
2438, 1207539.6229449436, 66.05985158128121, 132.97127287790218, 57.56201854431771, 37.66334944296722, -0.902144754066, -0.22709187975, 0.366829825482, -0.10723541536, 0.941603833214, 0.319190831588, -0.417894015755, 0.248619185561, -0.873815250592,  
2446, 1708969.1593207414, 74.16776727802926, 143.14677167154082, 92.03990834065453, 30.966197584647038, 0.303015251315, -0.665652190872, -0.681974279763, -0.324049585396, -0.744946406407, 0.583135248279, -0.896199544563, 0.0442946088, -0.441434439024,  
2447, 380325.8829378175, 44.94579751844292, 103.91111367208178, 67.81101507232592, 12.885611343929016, 0.285275076803, -0.955022604031, 0.0809318005752, 0.582787604602, 0.239880417147, 0.776412257368, -0.760905209916, -0.174325016158, 0.625007240169,  
2448, 1047691.8308649813, 63.00596236328377, 100.78352337082381, 75.80695529287514, 32.73756375286693, 0.373027828518, -0.873973589854, 0.311480983991, -0.854117218136, -0.192339450309, 0.483207319418, -0.362400354352, -0.446291048635, -0.818223858778,  
2465, 2107691.9405844472, 79.53766585557436, 132.79327098885022, 91.15855568156998, 41.56664968379779, 0.0821090597973, 0.454892256528, -0.886753143355, 0.124478308027, -0.887471063803, -0.443734449579, 0.988819120532, 0.0739469124677, 0.129493633073,  
2477, 3242684.55549576, 91.82029800056124, 120.55593403310239, 104.22114481758473, 61.61290163786785, -0.540646173619, -0.238777418509, 0.80665175842, -0.832256380218, 0.0119785089419, -0.554261520322, -0.1226826497, 0.971000442705, 0.205200165031,  
2481, 851618.991621738, 58.80111701154651, 95.90278502367246, 55.55918726864825, 38.156596119947025, 0.307126685396, -0.93969238343, -0.150503899093, -0.41442508002, -0.274426596481, 0.867722245995, -0.856694258279, -0.204128066832, -0.473715822158,  
2482, 1121605.3542907708, 64.45409104184053, 152.5381413550259, 48.46803082209969, 36.21743078825949, 0.485724884901, -0.237413470021, 0.841252744685, -0.603023499173, 0.605708194972, 0.519114863964, -0.632798542692, -0.759442181339, 0.151041641843,  
2485, 1623435.2825572349, 72.90916487077665, 110.65657929886703, 81.44388608303237, 43.00417717330908, -0.107367614961, -0.252297421523, 0.961674688422, 0.694588393902, -0.711100350599, -0.10901034095, 0.71135023604, 0.656263896973, 0.251592009442,  
2486, 2464556.304171941, 83.79473110613287, 106.8222087091783, 92.1780033483383, 59.75321604141168, 0.321505405532, -0.0842836874816, 0.943149264029, -0.621013006897, 0.733141967137, 0.277210572104, -0.71482663596, -0.67483265781, 0.183367839262,  
