# Void_ID, Void_Volume, r = (a*b*c)**(1/3.0), a, b, c, vector_a, vector_b, vector_c 

11, 587802.3889655368, 51.965396560031095, 121.14060598529004, 74.51993632208368, 15.544634701069146, 0.190737893336, 0.312436723303, -0.930592472556, 0.938559924592, 0.21971690202, 0.266138593436, -0.287618365191, 0.924179515516, 0.251332248441,  
12, 529484.7074973659, 50.18665734489013, 141.7144112844717, 44.990143275118854, 19.825923172684, -0.659632741545, -0.680117575504, -0.319882368649, -0.327341669361, -0.123148532102, 0.936846770043, -0.676558998005, 0.722685631884, -0.141398018679,  
18, 2560506.405714433, 84.86834876778248, 129.2611108047432, 93.33480869678456, 50.66706318236748, -0.702406270684, 0.0133482350978, 0.71165107709, 0.679403446061, -0.285526542323, 0.675933096622, -0.212217785266, -0.958277839799, -0.19148679685,  
26, 1377631.54299129, 69.02633628412306, 152.24883706451232, 95.83301043453126, 22.54111287515573, 0.960619801799, -0.277854180019, -0.00257896048849, -0.214488968605, -0.747384989278, 0.62881647573, -0.176646762604, -0.603500399708, -0.777549476763,  
28, 361173.5474507871, 44.178311036480224, 104.33059062383877, 65.55519608022523, 12.606906702293909, 0.167390486007, -0.651503466189, -0.739948416269, -0.290490287197, -0.749811404689, 0.59447308639, -0.942123037739, 0.115438689104, -0.314766724447,  
42, 1383433.0825415745, 69.12309611569528, 117.5648844794126, 57.14693538769393, 49.158540535108955, -0.614245094748, 0.108995733842, 0.781551593679, 0.742586980213, -0.25522055592, 0.619214861461, -0.26695981045, -0.960719729078, -0.075829161703,  
59, 1111563.736537159, 64.26116384892119, 107.69567805866674, 59.89342112494415, 41.14038626520528, -0.148770268562, -0.223972388033, 0.963173803937, -0.987207876754, 0.0901183039067, -0.13152680098, 0.0573412178723, 0.970420043435, 0.234514229916,  
91, 1517490.4919662292, 71.28734764823389, 94.4743143315109, 89.51192752764935, 42.839334101076766, -0.00656873476627, -0.957204534071, 0.289337746721, 0.530752613297, -0.24856202422, -0.810258343736, 0.847501336401, 0.148244393045, 0.509671545928,  
93, 1690896.8582543526, 73.90539956106952, 117.02265341821112, 80.3311933392958, 42.94121694493751, -0.18612835156, -0.304030233527, -0.934302870512, -0.978684217947, 0.14137329209, 0.148965747156, -0.0867953817182, -0.94211422311, 0.323863169143,  
96, 1429373.8694144697, 69.87992170404996, 155.75577291804146, 79.84583868972472, 27.43852679032092, 0.855332063657, -0.516836932185, -0.0358698537776, -0.424625378095, -0.739025771734, 0.523004968418, 0.296817029765, 0.432111668717, 0.851574516176,  
100, 580975.1847452656, 51.763423429217724, 84.7917499084881, 59.03852076712366, 27.706387737994703, 0.868222006061, 0.386609737744, -0.311003953146, 0.268326528981, 0.161395574132, 0.949711715467, 0.417362458824, -0.90801122203, 0.0363895401427,  
103, 1093418.3817879586, 63.90957367058995, 122.82665559289457, 95.66312768381533, 22.215728472823983, -0.884461615655, -0.344409150141, 0.314817387912, -0.452127346824, 0.465753424745, -0.760693505686, -0.115362527222, 0.815141757388, 0.567657821822,  
109, 464018.4804454126, 48.02664207800338, 139.90251745075946, 72.66400862578301, 10.896870409329036, -0.0369984821177, 0.0116999732897, 0.999246827839, 0.129719601921, -0.991414894765, 0.0164113167066, 0.990860200633, 0.130229094536, 0.0351631303776,  
114, 2322394.967893267, 82.1515617731276, 107.39834341922305, 78.00863317746969, 66.17702224789393, 0.116417689203, -0.401286037559, 0.908524318717, -0.762587701968, -0.622172900202, -0.17709003095, 0.636322967091, -0.672213060208, -0.378447728541,  
117, 770760.3909831918, 56.87790519601635, 121.27520245222786, 92.54232250585092, 16.39526256367363, 0.0486669361791, 0.995965335438, -0.07539615328, -0.170159853378, 0.0826494477327, 0.981944343172, 0.984213977558, -0.0349588242932, 0.173495610846,  
158, 1108588.6118032571, 64.20378048407115, 101.17809008142945, 83.40468166064835, 31.36208282749687, 0.0898015989786, 0.98600276528, 0.140478538151, -0.438556506785, -0.0874904419906, 0.894434800819, 0.894205716363, -0.141929452265, 0.424561146836,  
184, 607188.0320077648, 52.53049958961267, 115.99140083564656, 80.19371808375146, 15.583623623401355, -0.213644146218, 0.244024165559, 0.945943119543, -0.854699661065, -0.515641802063, -0.0600168421463, 0.473122254986, -0.821319510659, 0.318731224151,  
209, 2234815.0379959024, 81.10562809980195, 116.05583914838809, 70.48554564934913, 65.2207687588063, -0.72842201356, -0.630650368518, -0.267733977765, -0.645280378519, 0.500175719548, 0.57744045812, 0.230249002734, -0.593383823729, 0.771285313277,  
210, 528171.3843307155, 50.145129000413434, 124.34111488031182, 64.97727750707273, 15.606660778403832, 0.704382047449, -0.689586900589, 0.168273104706, 0.469439422676, 0.630379707475, 0.618262123085, -0.532421411731, -0.356498710994, 0.767747425519,  
229, 1371200.1527833939, 68.91875359234487, 109.42059512278406, 88.50214622385633, 33.80332091565318, -0.683573403053, -0.22520230401, 0.694270354334, 0.555029308471, -0.778113060005, 0.294079126406, -0.473993533054, -0.586365063862, -0.656891271449,  
235, 1239675.1560755158, 66.64073261035743, 111.53138308064695, 90.94830018837794, 29.17612520530372, 0.400427996445, -0.91526544279, -0.0441201642879, -0.794744613528, -0.370860757739, 0.480461546471, -0.456112287634, -0.157325991507, -0.875905310788,  
248, 2506714.898082322, 84.26982867013716, 124.75374711435671, 74.20945330427158, 64.64032058706894, -0.36003171546, -0.702271169161, -0.614159888651, 0.156847849446, -0.694499085547, 0.702189270994, -0.919660761361, 0.156480750063, 0.360191419766,  
261, 1077626.56609688, 63.60040677539656, 122.44424199638921, 110.3393516755132, 19.041926526861314, -0.727703229326, 0.483635087924, 0.486359035854, -0.478460039381, -0.866008904751, 0.145274111967, -0.49145091387, 0.126986923032, -0.861597539826,  
264, 1374866.7168018206, 68.98012808039341, 103.90386064707208, 83.71152904015786, 37.73592761078678, -0.352183055613, 0.851255456727, 0.389013165243, -0.384748709939, 0.247219196348, -0.889298093531, -0.853191376855, -0.462868033407, 0.240453026828,  
276, 3249013.4934745054, 91.87999620213814, 107.82386750517537, 92.56101551924739, 77.7176910707643, -0.127835559544, 0.541494506581, 0.830928257468, 0.969079997994, -0.110084350262, 0.220828877902, 0.211049821617, 0.83346573725, -0.510678800838,  
298, 822355.867100841, 58.11974881153992, 139.6657866922545, 46.123940976249656, 30.47577413870445, 0.168302932828, 0.958951869701, 0.228222335448, 0.425947564838, -0.279543488982, 0.860479000195, 0.88895601399, -0.0476103913442, -0.455511202745,  
305, 1837798.5878051172, 75.98649889932007, 131.88700685976008, 68.77361052879674, 48.37104469058294, 0.193277715329, 0.961603051515, 0.19484172057, -0.517339956652, -0.0688545840309, 0.853005519038, 0.833668455687, -0.265666365156, 0.484167624296,  
315, 734528.0742817282, 55.97231420506362, 120.22478888003786, 63.361038426272295, 23.019902551407874, 0.800413625378, 0.246754781494, 0.54630587231, 0.522529946789, 0.159418773056, -0.83758468796, 0.293769438537, -0.95587537504, 0.00133580474858,  
319, 1657866.6090127882, 73.4210050284419, 96.56618448059736, 90.05789011650901, 45.51076495209488, -0.00578803042608, 0.621891361088, 0.783082137268, -0.25267911623, -0.75859260956, 0.600575155116, 0.96753282266, -0.194392355109, 0.161529716616,  
327, 3762162.695132368, 96.48274578424643, 131.31338086847967, 83.39492498382879, 82.0163349241643, -0.0974596252356, 0.703530788331, -0.703950318786, 0.427779354498, 0.668257766101, 0.608634851049, 0.898613624042, -0.24181808848, -0.366084097947,  
331, 2448878.3515431476, 83.61666992512446, 96.79609512432368, 90.18277569268648, 66.97260116110934, 0.243568636446, 0.121201686736, 0.962280868807, -0.381425251671, 0.924186348408, -0.019858771435, -0.891733758881, -0.362201248683, 0.27133219257,  
348, 340460.8463115615, 43.317114759609254, 129.85120272456385, 57.25167574538586, 10.93312681535823, 0.70501502708, 0.478950396428, 0.523029950723, 0.384402561408, -0.877841886851, 0.285706654584, 0.595976914297, -0.000373432067555, -0.803001480804,  
367, 447850.7089406601, 47.46223867083374, 80.65765508011351, 67.12544741326153, 19.747488585648224, -0.202068291752, 0.23351199478, -0.951125940011, -0.111969281306, -0.970299987119, -0.214431376062, 0.97294978571, -0.0631671060759, -0.222213031116,  
397, 953921.7056881678, 61.067204636575944, 114.89845438142117, 64.56235882742062, 30.699446529407634, 0.253201297418, -0.519017348281, 0.816400695228, 0.447760767347, 0.810940957817, 0.376676330766, -0.857554312105, 0.270177266101, 0.437726908782,  
400, 2368286.32673758, 82.68915097597501, 133.22695965053938, 97.53951298725855, 43.5083785399832, 0.916255154381, 0.363831133807, 0.167640681645, 0.276749193689, -0.877460108271, 0.391757121422, 0.289631448331, -0.312555058294, -0.904667319888,  
407, 694548.7654731864, 54.93781444004218, 141.70489403697255, 70.66484404940994, 16.558686348674637, 0.186071098702, 0.582526702996, 0.791227013268, 0.833653529998, 0.332591828989, -0.440913219592, 0.519999363604, -0.741650399843, 0.423739715231,  
444, 3216196.5370545597, 91.56960136680038, 128.37302688496595, 92.09774255371065, 64.9428291314323, 0.836547918914, -0.484411589269, -0.25599412404, -0.473561512306, -0.874259471811, 0.10681699308, 0.275548677049, -0.0318714312562, 0.960758626527,  
449, 1294300.358845846, 67.60551945510996, 125.76551778170905, 63.70143138632373, 38.568761031254965, -0.467547659509, -0.850852453185, 0.23968581309, -0.845381493799, 0.351150829895, -0.402521085916, -0.258320181229, 0.390823742335, 0.883474666528,  
456, 414035.3197306132, 46.236284474495356, 91.8572699517681, 51.61368818556031, 20.848285887005233, 0.435339473722, 0.775833757684, 0.456685365495, 0.828243442377, -0.543967530726, 0.134581297642, -0.35283472445, -0.319658107913, 0.879389760725,  
473, 469487.41643240536, 48.21458678350492, 130.08949816649084, 73.57024746584746, 11.710916702447621, 0.534039534918, -0.364629129611, -0.762789206127, -0.753776204088, 0.20327683017, -0.624899963568, -0.382914101718, -0.908693638228, 0.166290897374,  
546, 984851.807339038, 61.72021434668063, 123.05397644435257, 99.74937520170249, 19.154747900351236, -0.30329222864, 0.434169503073, 0.848239745973, 0.78748069174, 0.615431516425, -0.0334396281086, -0.536551939875, 0.657830442586, -0.528555696804,  
563, 1722282.2034272812, 74.35986082008093, 113.9666686655432, 94.4830643731397, 38.184216227658844, -0.797858295391, -0.00774638570212, 0.602795267055, 0.291322715127, -0.880366453539, 0.374280620838, -0.527781409417, -0.474230852004, -0.704664376055,  
638, 881065.4817074643, 59.471175917263125, 165.45658570400664, 76.18071336271176, 16.68746947374269, 0.123293894931, -0.635188438353, -0.762452794116, -0.739985798434, 0.453089203527, -0.497122914141, -0.661225856716, -0.625496459966, 0.414167291057,  
658, 777479.2423125579, 57.04269877967173, 110.14843527683396, 83.96623190199085, 20.068605564064207, 0.355002445044, -0.738985224238, 0.572602918583, -0.0525531499297, 0.595754251225, 0.801445593025, 0.933387074287, 0.314607232124, -0.172658214545,  
688, 1237322.9731829239, 66.59855746580457, 118.89069716032463, 84.18578208002967, 29.512625211741152, 0.0358169781293, -0.2757654244, 0.960557429196, -0.00134858092983, 0.961159938717, 0.275988683709, 0.999357456272, 0.0111804700793, -0.0340539525113,  
695, 315382.7691883841, 42.2263086296118, 127.08121859093423, 38.523826060450645, 15.37937083110329, -0.142137146716, -0.885537627981, 0.442289657299, -0.230426620693, 0.464151958092, 0.855258167032, -0.962652899024, 0.0196486444688, -0.270024678078,  
700, 46681.216703095495, 22.3366404030123, 156.89147038795252, 28.41709465027741, 2.4996232218025103, 0.127924125518, -0.988935768991, 0.0751096726207, -0.758054001494, -0.146329435418, -0.635564180197, -0.639522907275, -0.0243668040814, 0.768385781967,  
701, 1377948.5812103704, 69.03163095291167, 119.73383793203894, 62.915014187923475, 43.66899531033325, -0.702522649708, 0.698335013315, -0.137077116342, 0.0616512800665, 0.251611466441, 0.965862717793, 0.708985928149, 0.670089456068, -0.219816001587,  
724, 1599638.056822481, 72.55116203883352, 111.83885944251918, 79.82673262815516, 42.77519869208169, 0.140676541679, 0.0973164637589, 0.985261192021, 0.95418141042, -0.278785892827, -0.10870263092, 0.264098365443, 0.955409824024, -0.132076195918,  
730, 3213649.9090731703, 91.54542630140527, 111.71200877609525, 85.41625388531071, 80.40250363931695, 0.174272037546, -0.636350641964, 0.751456663688, -0.542852188257, 0.574607524323, 0.612484852626, -0.821547782319, -0.514668877497, -0.245306314436,  
742, 1036244.539179767, 62.77564956129718, 108.36023695998023, 72.06137956362593, 31.681163836617667, -0.866243331523, 0.30360743861, 0.396793414528, -0.150551965521, -0.915891369849, 0.372125119165, 0.476399618252, 0.262612874505, 0.839093488161,  
761, 3663925.8089474514, 95.63554869440453, 156.32857027171275, 87.81436136802759, 63.71682964136519, 0.157495320862, -0.0468381175062, -0.986408340727, 0.443738415769, 0.895708821074, 0.028318301868, 0.882208276019, -0.442167274455, 0.161853820234,  
763, 1485935.1266782922, 70.78975566418454, 121.91551424678538, 69.7517206126744, 41.71548910981766, 0.679530543883, -0.413228557942, -0.606201615662, 0.303471611764, -0.593957729626, 0.745063216292, -0.667939533778, -0.690258193953, -0.278209282551,  
780, 1077309.9409238007, 63.59417720168786, 129.88843619375416, 54.03093948502155, 36.64705254366503, -0.52555453893, -0.631837355434, -0.5697139483, -0.848693076564, 0.34271766258, 0.402820885194, 0.0592662501138, -0.695216628134, 0.716352812212,  
787, 2648373.1248165653, 85.82823617683971, 118.60395311085256, 89.42846433539614, 59.609520067552445, 0.464560280735, -0.36095348553, 0.808638563789, -0.57796343618, 0.568261241219, 0.585693971429, -0.670926234397, -0.739453678747, 0.0553736849534,  
812, 2532734.723232269, 84.56040059601932, 105.78069956937426, 95.0337989805406, 60.14735997591627, -0.996393905445, -0.0200278986488, -0.0824504000411, -0.0653700631047, -0.438299581807, 0.896448677526, 0.0540919591152, -0.898605786685, -0.435409807073,  
841, 1680676.3160370989, 73.75619269050657, 103.48756694057784, 76.08728013795796, 50.955988909857446, 0.520351642717, -0.649878899478, 0.553977963402, -0.547479338251, 0.243979182757, 0.800462699049, -0.655362908708, -0.719813569193, -0.228840301293,  
862, 3104413.4943263507, 90.49619468691259, 131.91549097079258, 97.47814793016323, 57.635210812290985, 0.841885480461, -0.0583815751212, -0.536488983555, -0.487684509562, 0.343357907365, -0.80266379424, -0.231068511318, -0.937388360892, -0.260596246981,  
873, 2205217.9650136875, 80.74599133882128, 127.28990213539014, 103.1403533244003, 40.09962812898135, 0.212170404805, -0.514521234362, 0.830813829155, 0.826111472859, -0.359726406814, -0.433747330426, 0.522037885345, 0.778373182754, 0.348728597383,  
887, 2380921.355971245, 82.83594169073362, 110.00639964528327, 95.61969639726794, 54.036987511165634, 0.259815397145, 0.806322677272, 0.531356471235, -0.902767216517, 0.00748504151618, 0.430064328835, 0.342793395778, -0.591428536909, 0.729866408009,  
888, 1503431.2198666183, 71.06650947951172, 137.29848910740978, 89.37236276916808, 29.25000585605333, 0.097783776934, 0.339157161138, 0.935633877656, -0.365719856846, -0.862112914426, 0.350728255332, 0.925574048511, -0.376475421281, 0.0397358515036,  
892, 2193655.2044649585, 80.60461708249606, 122.92902216847376, 98.48650403151139, 43.25622433003963, -0.0706656828862, -0.922771086248, 0.378813784923, -0.82009298676, -0.162443843315, -0.548688883463, 0.567850204129, -0.349436002945, -0.745278891098,  
900, 735433.4650181814, 55.995302211069365, 105.28178715316025, 68.39406569835491, 24.38277376288125, -0.168722865392, 0.892733363561, 0.417803466094, 0.672646838584, -0.205549739453, 0.710841427573, 0.720471252193, 0.400969383117, -0.565813333676,  
901, 3378010.1165457317, 93.08022952237359, 131.10900323975784, 95.15865133658419, 64.63854063324993, 0.267163438932, -0.779505663027, 0.566563869486, -0.806869700622, -0.502395878522, -0.310740514676, -0.526863343872, 0.374124715239, 0.763181311571,  
905, 2266329.532607876, 81.4850900088364, 104.12225519079777, 79.2942152935047, 65.53138958891671, 0.189264999735, 0.774292271276, -0.60386276464, -0.5237014041, 0.599807835755, 0.604952394416, 0.830611581438, 0.201747462957, 0.519020579526,  
920, 2141593.220890296, 79.96184226081246, 115.43392911994401, 80.87905249318162, 54.76194200559281, 0.75977969332, -0.374885736326, 0.531220766083, -0.326476600534, 0.486591390908, 0.810334404797, -0.56227026146, -0.789106775407, 0.247310836971,  
923, 2712783.3335014344, 86.51847047163656, 125.33678175789915, 103.52381360319671, 49.91231321281472, -0.404729939987, -0.319730541001, 0.856718189855, 0.63180107403, 0.579528012547, 0.514756918874, -0.661075698035, 0.749613009375, -0.0325462385341,  
925, 585866.2585447929, 51.908278467196894, 120.98466956727329, 98.91212982099229, 11.687724912189768, -0.780643817545, 0.321452072127, -0.535969957603, -0.521225432564, 0.138330948733, 0.842133360621, -0.344846746507, -0.936767374511, -0.0595617954393,  
926, 1287291.2368948627, 67.48326208312892, 100.9267436965308, 66.87907342407397, 45.529375628954305, 0.61240780274, -0.356427375975, 0.705631779896, 0.427672003503, 0.900071705978, 0.0834720403335, -0.664870920226, 0.250660028232, 0.703644945753,  
972, 703339.7709924716, 55.168628668452584, 95.67956474835218, 86.29056371502448, 20.33733625354313, 0.515318263611, 0.234597093229, 0.82426409059, 0.845089196, 0.0206848863937, -0.53422503337, -0.142377449031, 0.971872594183, -0.187596169162,  
985, 878470.9000157412, 59.412741162020296, 125.23272530126202, 87.70138010499412, 19.094773493318687, 0.472529499751, 0.151798448279, -0.868143480633, -0.820569722515, 0.435155988253, -0.370546348491, -0.321529473543, -0.887466335693, -0.330185252026,  
1012, 808846.6643420609, 57.79973711583131, 106.54674609024377, 73.12995464644652, 24.782327643118784, 0.344617002237, 0.72807441136, 0.59257638604, -0.58587089659, -0.326409170696, 0.741762998413, 0.733481025179, -0.602797399471, 0.31407145826,  
1014, 1407617.731757557, 69.52356601173314, 107.71402473877178, 69.90753585468029, 44.62722391984493, -0.147743263309, -0.945457941535, -0.290312261084, -0.986717107473, 0.16094972956, -0.0220121415308, -0.06753723393, -0.283203928899, 0.956678763582,  
1015, 1074736.5172175674, 63.543499973077395, 97.61607886105122, 75.19665548078702, 34.95372883971043, -0.63250343582, 0.0581245356815, -0.772373576728, -0.154404322156, 0.967704464775, 0.199267092504, -0.759011665902, -0.24529493922, 0.603101719295,  
1032, 756085.9855980979, 56.51462623039934, 129.04946143914756, 83.94932614399033, 16.66131088896894, 0.483869404531, 0.58121707935, -0.654260732454, -0.624733924985, 0.752941678111, 0.20684862179, 0.61284412564, 0.308651155896, 0.727431468685,  
1054, 2138000.099370281, 79.91709777716311, 101.17462485279947, 98.64569848379772, 51.14101658767952, 0.743211135455, -0.0445254211119, -0.667573737508, 0.648203094999, 0.295092293479, 0.701963877961, -0.165740627996, 0.954430733581, -0.248177394271,  
1058, 2028278.284596365, 78.52590987196739, 111.05820892495834, 91.77522510748668, 47.5075690321214, -0.951712036183, -0.0694356622016, 0.299036601436, -0.0102137304721, 0.980707860267, 0.195212121858, 0.306822228486, -0.182731446733, 0.934060671735,  
1062, 643161.7635498681, 53.54807578458277, 88.06931480311475, 52.54479769063761, 33.18006758948209, 0.275656821884, -0.554067996006, -0.785507461677, -0.59565485348, -0.7398261576, 0.312813925611, -0.754459152025, 0.381662039418, -0.53397141833,  
1068, 576058.8363626853, 51.61699820794647, 105.0260998739055, 88.55041148776921, 14.787352017053042, 0.68882692464, -0.120521773065, -0.714837023459, 0.152229901441, -0.940047486228, 0.305183192105, 0.708761966388, 0.319037969297, 0.629183001319,  
1076, 3118131.9335701647, 90.62930005900064, 138.50740446175715, 99.6924574504311, 53.910155573465325, 0.756979213353, -0.478125491479, 0.445396997015, 0.19764348996, 0.817225015293, 0.541368936361, -0.622831856466, -0.321775214672, 0.713120739983,  
1097, 1393447.096146001, 69.28947836911543, 135.5346639326664, 67.79037977095525, 36.206239960313795, 0.330854138823, 0.572531347324, -0.750162245888, 0.616163589441, 0.471028399468, 0.631248507279, 0.71475728039, -0.671073843348, -0.196931274567,  
1099, 2632549.858145873, 85.6569616198678, 124.17583776276216, 82.86558985453182, 61.07685569574293, 0.789844436972, -0.385640593822, -0.476893172294, -0.545796966575, -0.796635653722, -0.259763943796, 0.279734582527, -0.465459952751, 0.839699705682,  
1111, 914131.3912539766, 60.20603192009763, 109.67367684195207, 89.58890939773976, 22.210756976396056, -0.222727294139, 0.919525487526, 0.323829322693, 0.966122711901, 0.163767838704, 0.199466790608, 0.130381969593, 0.357285561976, -0.924850025252,  
1129, 1154617.7866563036, 65.08034972294371, 120.94081170709089, 53.43808927153285, 42.65066764301703, -0.812252207116, 0.212291244826, -0.543303579416, 0.171014482588, 0.977159778504, 0.126146002785, 0.557674097283, 0.00954958865904, -0.830005064187,  
1143, 633739.1358435331, 53.28528659889361, 95.11826735176298, 57.70502034038556, 27.564136307259748, -0.0279015392209, -0.56636277344, -0.823683624318, -0.999563442348, 0.00779746047722, 0.0284977952163, 0.00971744982926, -0.82411917128, 0.566333084587,  
1151, 1903742.0289883693, 76.88468325939239, 134.2441704579909, 83.10022427543775, 40.74007809634002, 0.230427287968, -0.195092456908, -0.953332155241, 0.921835176798, 0.35752629941, 0.149649096381, -0.311645907685, 0.913298351301, -0.262226905056,  
1168, 3882837.0123799746, 97.50349514047545, 121.46644441853084, 99.21784714686416, 76.91560016895096, -0.517729371546, 0.577871133304, 0.630889254254, 0.84750214728, 0.245537072839, 0.470586502375, -0.11703165467, -0.778316451808, 0.616868780739,  
1173, 885236.2777200282, 59.56486996531083, 117.8435657453037, 50.09004985934738, 35.80249189034122, -0.890769859372, 0.450388204661, 0.0606590697022, -0.0585839783061, -0.24616499584, 0.967455793465, 0.450662817548, 0.85822681147, 0.245661891538,  
1182, 1432764.2119898621, 69.93512764894085, 90.0444306193573, 75.29250545914329, 50.451898157591685, 0.0369396066947, -0.173317307903, 0.984173041817, -0.406158101442, -0.902436735894, -0.143678579972, 0.913055892095, -0.39442242392, -0.103729886816,  
1187, 2865130.407064908, 88.1086596943299, 128.34024642568744, 84.5500978119853, 63.034570972151585, 0.904091911968, 0.228432591142, -0.361159751383, 0.238127059851, -0.971065480588, -0.0180924232068, 0.354842666659, 0.069644696244, 0.932328428293,  
1195, 1090005.9371525375, 63.843019350014174, 107.78283998146561, 66.82995250063894, 36.12596684992451, 0.439912665174, 0.775711762549, 0.452491003737, 0.773686277794, -0.0715527339579, -0.629515488146, 0.455945600453, -0.627017916575, 0.631634500104,  
1206, 1323561.2701228003, 68.11119192469786, 132.4778059010365, 79.53666187171055, 29.98782408802965, 0.102439713972, -0.0469596614685, 0.993630160168, 0.695307530136, -0.710958991889, -0.105284141203, 0.711374404612, 0.701663809846, -0.0401790295434,  
1232, 1835942.8410417964, 75.96091408824698, 127.4842831678368, 93.28016736482122, 36.85739048753958, -0.251638393231, 0.959634611786, -0.125616602862, 0.327050886944, 0.206473410569, 0.922174846804, -0.910887389528, -0.190971575347, 0.365805988207,  
1235, 565515.7721161352, 51.300158173292786, 130.3712991674176, 73.7651047697898, 14.03857917157742, -0.568990494018, -0.286225534611, -0.770924614378, -0.164931494177, -0.878703399441, 0.447970912045, -0.805634793157, 0.382040939098, 0.452766276249,  
1250, 1306963.493964835, 67.82528321774198, 115.61438249008114, 85.33708532113486, 31.62460999484582, -0.169847362675, -0.984688895448, 0.0392384068805, -0.957606549572, 0.155512768199, -0.242498402352, 0.232683410686, -0.0787626695158, -0.969357969113,  
1252, 1242361.0461503316, 66.68882600804211, 116.64055653979634, 76.38330418306383, 33.28980047333143, -0.999902103994, -0.0138824279112, 0.00174946380383, -0.013319113816, 0.982644682442, 0.185018997067, 0.00428761419294, -0.184977583139, 0.98273338709,  
1254, 2012763.2029611943, 78.32517218432154, 100.97602378392493, 77.53981055903719, 61.37069959853127, 0.947839758492, 0.0843579777677, -0.307381723283, 0.22493799972, 0.506229760079, 0.832546891348, 0.225837748181, -0.858262874414, 0.460849378755,  
1260, 615651.1043290773, 52.77343354648462, 116.8772441257544, 44.41239130627084, 28.314697955226684, 0.16055831248, 0.648714959919, 0.743901827576, 0.621009302068, -0.652203556603, 0.434715961864, 0.767182165485, 0.392172693505, -0.507574726942,  
1270, 378181.7660567318, 44.86117648434278, 121.56366570114893, 63.584738312500356, 11.680335044608224, 0.873121361453, -0.218432249856, -0.435828452947, 0.213917104509, -0.631670320442, 0.745138966013, -0.438062279332, -0.743827909194, -0.504798455753,  
1277, 2378813.2626839057, 82.81148652815511, 131.36930404808305, 74.13443894668505, 58.311986618498786, -0.998858283127, -0.0300368854609, -0.0371472171273, -0.0380477314906, 0.0299860878977, 0.99882591309, 0.0288877198289, -0.999098904035, 0.0310946876281,  
1287, 2407228.943473314, 83.13991874899301, 107.32804700937811, 87.42696368346931, 61.24493311741767, 0.650484602963, 0.759073059649, 0.0260359640222, 0.417232866877, -0.38576985679, 0.822859861939, -0.634654643177, 0.524394610676, 0.567647580976,  
1289, 1422769.2022573235, 69.7721247799873, 113.0143310244741, 74.33114308991881, 40.433516750414, -0.534584180373, -0.736212608793, -0.414982829463, -0.837589749199, 0.526933789571, 0.144167241235, -0.112530734164, -0.424654890544, 0.898334602365,  
1294, 2045982.903851097, 78.75372963978988, 105.01621303513967, 77.20803396781893, 60.2413289767782, 0.863717378721, -0.480363277914, 0.152457898866, -0.406079718325, -0.484171222405, 0.775033863621, 0.298482079964, 0.731320277735, 0.613252883658,  
1296, 2280568.8004295127, 81.6553898165244, 109.39709842135443, 87.56564123899471, 56.83489130697343, 0.77091565171, 0.268872795925, -0.577404951104, 0.367789323822, 0.552213542049, 0.748191965515, -0.520019298902, 0.789156273237, -0.326821518844,  
1304, 1440875.7411517194, 70.06685754379923, 130.31754163055723, 88.90503482001827, 29.68989660843738, 0.312593919593, 0.948230731922, -0.0560671068577, 0.836310185573, -0.302725765851, -0.457102159475, -0.450411273105, 0.0959978631441, -0.887645253089,  
1332, 1763960.0669664415, 74.9549030288927, 108.24589060978538, 65.88660713500792, 59.04614898573838, 0.797998866052, -0.404503801485, 0.446737601243, 0.319791112626, 0.912523567702, 0.255018396736, -0.510814500641, -0.0606416768643, 0.85754949301,  
1349, 1732470.3632327162, 74.50619789002391, 117.0964612656434, 91.07160253033075, 38.78380865174056, 0.152109264336, -0.9706164364, -0.186457783676, 0.941356095717, 0.199761507456, -0.271926536394, 0.301183453661, -0.134160625853, 0.94408127495,  
1350, 2491762.6082193097, 84.10194086999225, 130.69855034427192, 78.1269200109013, 58.256794039359065, 0.610932988297, 0.490495117816, -0.621430143467, 0.559840032073, -0.822671105589, -0.0989514553542, 0.559767828925, 0.287448763134, 0.777195719413,  
1359, 1961780.7135945915, 77.65819351681871, 134.7103171320275, 88.49275418618282, 39.28739929504112, 0.0474591838361, -0.897949936708, 0.437531184072, -0.528608842882, -0.394239369544, -0.751763267744, 0.847537796854, -0.195604781812, -0.493374555724,  
1374, 1359148.6726544378, 68.71625015244783, 125.2335061566349, 86.94962852754517, 29.798203753251872, 0.347162424144, 0.937684526624, -0.0150326242531, 0.523050980592, -0.180296537474, 0.833013103304, 0.778393167342, -0.297053677144, -0.553048994151,  
1381, 2000117.7839292623, 78.16079846709907, 127.73557747535769, 98.13538607175609, 38.091620684318585, -0.97972210898, -0.166656768256, -0.111220999681, -0.197282553166, 0.899329266664, 0.390238983621, -0.0349883322225, -0.404267722822, 0.913971238548,  
1388, 1855232.761745784, 76.226023638951, 102.64913458602365, 76.37825658860336, 56.49171539003625, -0.189631147379, 0.965255771759, -0.179781320021, 0.981640398549, 0.182552696207, -0.0552868975818, 0.0205464322961, 0.186964724461, 0.982151737731,  
1390, 2444569.3534612786, 83.56759771690338, 103.27323221977186, 85.65035495803828, 65.97764605722308, 0.504833759706, -0.836591565466, 0.212737931858, -0.43159257711, -0.031189685549, 0.901529284549, -0.747576566275, -0.546938530464, -0.376812315948,  
1391, 1743819.439676441, 74.66853579418715, 121.31577494307518, 68.89284298721546, 49.81057115774856, 0.443852235819, -0.847238277721, 0.291860400744, -0.826067577473, -0.260627381695, 0.499685626528, 0.347285977555, 0.462882996744, 0.815556117701,  
1399, 1475882.2339256802, 70.62975479855078, 158.87878645064995, 71.40514080058566, 31.057586382214904, 0.160289480663, -0.910761696229, -0.380552775671, -0.643885173164, -0.38869268779, 0.659037084115, -0.748143813828, 0.13939557791, -0.64872930155,  
1400, 2173433.2171885916, 80.3561702640142, 126.31751747442172, 102.04703931741267, 40.25257797444228, 0.567247126832, 0.38821387543, 0.726306191647, -0.424567254026, -0.617841127418, 0.661827007668, -0.705672263809, 0.683785293929, 0.185645705301,  
1407, 1689113.2228109646, 73.87940415185244, 124.31476094280825, 103.27679305416362, 31.40832017562378, -0.700236280056, -0.383106829757, -0.602410415818, -0.685668561852, 0.125909708242, 0.716941677306, 0.198815933416, -0.915082456593, 0.350850854718,  
1417, 1686419.6898150062, 73.8401128282305, 137.96912370017637, 69.61218327321228, 41.918901573133034, -0.763581730097, 0.418732061569, -0.491534741475, 0.640906900747, 0.584171384616, -0.497978049688, -0.0786211551523, 0.695274948499, 0.714430864361,  
1422, 2093335.201149206, 79.35666152235764, 129.04454541345163, 98.01345762237435, 39.51161715221945, -0.276335326764, 0.638403562507, 0.718386858566, -0.758638947316, 0.313994629256, -0.570854027239, -0.590004859978, -0.702743384299, 0.397549998146,  
1430, 567596.6222355702, 51.36300185450543, 114.24209806251984, 41.52036886202588, 28.566946377414716, -0.960961354367, 0.182773536089, -0.207718824178, 0.27667931142, 0.631118365755, -0.724664175352, 0.00135426895445, 0.753845768651, 0.657050015633,  
1432, 419273.0474321018, 46.43043778716372, 111.02989982024174, 43.73816411306759, 20.61141644087125, 0.479527132503, 0.578464640434, -0.659873009723, 0.677353625683, -0.722066520722, -0.140755125753, 0.557894071457, 0.379471473789, 0.738075609686,  
1433, 3645334.43380821, 95.4735173792116, 146.31558806776098, 112.1163649985274, 53.05046106503954, 0.566906103745, 0.261853275549, 0.781057188445, 0.276601543359, -0.953596348008, 0.118935239846, -0.775956864618, -0.148616510356, 0.613028610345,  
1436, 2420726.4661819185, 83.2950199168089, 141.70299373614603, 92.87625508167356, 43.91100609838827, 0.444172895923, -0.0386367913542, -0.8951076119, 0.634798092391, 0.718599183656, 0.283983441675, 0.632251390211, -0.694350352202, 0.34370884186,  
1440, 3090101.6216462683, 90.3569128279397, 124.864812648752, 83.07935834258407, 71.1133191040099, -0.111895920963, 0.870352320666, 0.479547850358, 0.992231698752, 0.0714563681543, 0.101834392239, -0.0543650518663, -0.487217431299, 0.87158683777,  
1441, 787467.8457013096, 57.285943905226645, 92.36397013652542, 57.06623908177175, 35.66665463259218, 0.623785011782, 0.392358134479, 0.675978811343, 0.577528884119, -0.814133597255, -0.0603893519492, -0.526642807874, -0.42806726122, 0.734442491136,  
1447, 1972340.7812100428, 77.7972863134332, 93.13629841390905, 75.85749703685569, 66.64627226519033, 0.241522445478, 0.968834047483, 0.0550226932013, 0.92118754091, -0.211079429608, -0.326892931813, 0.305090843525, -0.129638199745, 0.94345827378,  
1450, 1300562.2247084687, 67.71436997942888, 121.00499083338795, 56.73488430715245, 45.226092809163696, -0.861145526907, -0.258106549645, 0.437960489677, 0.19673072966, 0.625189183897, 0.755271808256, -0.468748761593, 0.736559225975, -0.487601379342,  
1451, 1494335.0597241079, 70.92289567168001, 103.79305662147638, 67.0287657759887, 51.277855261652576, 0.152350446498, 0.618763844657, 0.770662472161, 0.937714294757, 0.155835843949, -0.31049491324, 0.312219863012, -0.769965255246, 0.556482041808,  
1467, 2363852.373053326, 82.63751463595412, 106.22748204829854, 78.86268713728997, 67.36328893531358, 0.260763014348, 0.959227998169, 0.109015126826, 0.835099015454, -0.280780034422, 0.473045670794, -0.484367922901, 0.0323143899581, 0.874267405012,  
1473, 2355242.960244926, 82.53706758937697, 117.72880925655032, 81.69791892291434, 58.45926619991012, -0.140834807624, 0.241428628529, 0.960144663209, 0.516551822917, -0.809423750251, 0.279298060808, 0.844594441849, 0.535299364708, -0.0107153600184,  
1474, 1486383.6177197588, 70.79687696601599, 88.38110933252219, 74.19290371680408, 54.11535151328068, -0.916802005961, 0.332185984586, -0.221645107122, 0.193684424784, 0.855255621423, 0.480649732779, 0.349228328551, 0.397731434097, -0.848439320676,  
1527, 2669516.5619896487, 86.05603589588821, 136.55449690715875, 114.80179356604602, 40.65269396119309, 0.00342897188946, -0.949691602072, 0.313167851329, 0.0901377961802, -0.311601324563, -0.945928005839, 0.995923400594, 0.0314718204948, 0.0845346358789,  
1538, 1356902.978185021, 68.67838312213617, 105.0232346548043, 65.98457371786216, 46.744700424771615, 0.573697301297, -0.249105632024, 0.780267768512, -0.545360003953, 0.594585442507, 0.590805058922, -0.61110872402, -0.764470101216, 0.205259815291,  
1556, 2223655.4278410673, 80.97040170475114, 98.33624574984357, 77.34259702274774, 69.7985670776315, 0.353027038098, 0.611663665907, -0.70798267647, 0.784369000245, 0.21902140253, 0.580340328332, -0.510036451468, 0.760195491333, 0.402449541099,  
1557, 1599316.5085608636, 72.54630046754826, 113.26560405172182, 85.87506136201105, 39.25370958198991, 0.0590482809689, -0.958038104367, -0.28049294304, 0.269948596572, 0.285839001026, -0.919469314714, 0.961062461926, -0.0214255938845, 0.275499343381,  
1562, 1468695.4467540686, 70.51492468568311, 139.39599430575612, 65.05374055018117, 38.66522768060702, -0.883077090021, -0.390515705675, 0.260139071847, -0.122041607011, 0.726469433569, 0.676275098054, -0.453079131321, 0.565455255268, -0.689187677669,  
1563, 3823561.8581343526, 97.00478790656332, 120.80708149287389, 94.85891010306587, 79.65425651571037, -0.67746657384, -0.631173753528, -0.377701911813, -0.73505651273, 0.562062647039, 0.379180041534, 0.0270363537325, -0.534514053755, 0.844727033967,  
1564, 2660514.178628255, 85.95919165572793, 103.02838071547765, 92.32776799132286, 66.77098110558434, 0.128012089257, -0.0152026057876, 0.99165608241, -0.988938988918, -0.0774864284005, 0.126473434409, 0.0749171622617, -0.996877492068, -0.0249536491851,  
1565, 2640974.990111722, 85.7482422842065, 115.01982143455542, 81.94629442437773, 66.89192134162853, -0.73326567045, 0.578400542488, 0.357455268515, 0.151066446395, -0.373990545514, 0.915046447258, 0.662948252365, 0.724971643801, 0.186857513552,  
1566, 2965654.6653020377, 89.12728071648665, 129.3917341850588, 91.98764367821693, 59.483421488707286, 0.466783194904, 0.864526265488, 0.186300255602, -0.321636624859, -0.0302779349552, 0.946378955918, 0.823810251517, -0.501674778055, 0.26393007892,  
1567, 1205743.8017905247, 66.02708784308561, 101.04183232687143, 77.38656965778426, 36.812865115914455, 0.682867163515, -0.599077006157, -0.418089915792, -0.66191594794, -0.265209267766, -0.701092948298, -0.309127344076, -0.7554937359, 0.577641324837,  
1568, 2585664.1537777088, 85.14539576095726, 104.51540782221531, 90.29662002969712, 65.40812378035426, -0.734173510837, 0.670234682448, -0.108511411516, -0.351184256989, -0.238080296809, 0.905531551032, -0.581084222492, -0.702924777422, -0.410168116333,  
1569, 3662703.4724116805, 95.62491239575618, 100.53749904047994, 99.02801117724499, 87.82679129114092, 0.166662692934, 0.881114922017, 0.442560776597, 0.917019778834, -0.303454674046, 0.25882423771, 0.362351034234, 0.362700641023, -0.858574384076,  
1570, 2811247.6462406046, 87.55282529850861, 110.66596383885968, 79.70461510105463, 76.08743711105735, -0.15257256112, -0.280679364344, 0.947597334328, -0.966959913432, 0.240536744569, -0.0844428820414, 0.204230603506, 0.929172303151, 0.30810500101,  
1571, 1679392.0989708381, 73.73740202155813, 105.80066687555252, 69.45045793447208, 54.563218192489465, 0.78500289604, 0.373850097776, 0.493970199103, -0.352581603094, -0.386011288092, 0.852456156424, 0.509368890263, -0.84334535622, -0.171207312266,  
1572, 140508.36044911062, 32.250603972206044, 103.40201083765173, 48.677483860899784, 6.66432933823179, 0.753652267075, -0.657273346985, -8.76136141527e-05, -0.576763790195, -0.661273298914, -0.479646906029, -0.315201190753, -0.361537510485, 0.877461587684,  
1573, 3390549.7964907642, 93.19526322063348, 131.12143455936035, 85.47808382449693, 72.21926228923012, -0.391138034488, 0.920094222246, -0.0209203290462, 0.913293835477, 0.385240678619, -0.132227038146, 0.113601972064, 0.0708254313607, 0.990998663075,  
1574, 2099777.3945099125, 79.43798428717582, 132.27104204263836, 69.8388322753644, 54.26538673243888, 0.32366728402, -0.592477689413, -0.737705684404, -0.79809213474, -0.589746174002, 0.123484390577, 0.508220851325, -0.548789247159, 0.66373332633,  
1575, 2152192.363883116, 80.09354057370496, 95.4168147206256, 84.72138037129018, 63.558631718537846, 0.192805672853, -0.619515948961, 0.760937554271, 0.644475157519, -0.504816904799, -0.574292315786, 0.739917389887, 0.60113216651, 0.301931075795,  
1576, 995333.1966550072, 61.9383967896902, 115.2693240154441, 70.66521835586617, 29.171611974241117, -0.167176527957, 0.636725827985, 0.752749778132, -0.895597747396, -0.41732292975, 0.154098173784, 0.412258030072, -0.64839940799, 0.640016815684,  
1577, 1846195.1185446538, 76.10204543250863, 102.7523025044017, 92.51666586987, 46.36363235202932, -0.176593733629, -0.917226578689, 0.357085503191, -0.770790124437, -0.0967482970201, -0.629700207316, 0.61212518108, -0.386439090117, -0.689904045732,  
1578, 739593.1895543333, 56.100676463173734, 102.10161447509624, 66.71208635803966, 25.921919742075616, -0.385094525221, -0.0148077728274, 0.922758330501, 0.161088664579, 0.983442931312, 0.0830086922961, -0.908709331298, 0.180612100139, -0.376333124365,  
1579, 2177102.5755950273, 80.40136601074177, 118.4075061143565, 95.15638989552744, 46.12889920906393, -0.783945546912, 0.119587130119, 0.609203002115, 0.587706907927, -0.173284227324, 0.790299416004, -0.2000749106, -0.977584520576, -0.0655632158912,  
1580, 2553415.335146456, 84.78993148622168, 127.45131765827557, 73.65141604077658, 64.93927296214542, 0.523294797675, 0.403398942388, 0.750620974932, -0.505509894695, -0.562172989283, 0.654538980112, 0.686019169624, -0.721963173162, -0.0902600437983,  
1581, 3323649.956810745, 92.57823348191887, 112.19534509697776, 92.66657145758592, 76.31830830105967, -0.874697825296, -0.469697807731, -0.119531099866, -0.4730009692, 0.773484016558, 0.421891643985, 0.105706185052, -0.42556602959, 0.898732305473,  
1582, 2277533.829980137, 81.61915153103597, 118.98876498603325, 73.42396888742852, 62.23467330216794, -0.526200567218, 0.434300701765, 0.73109224008, 0.823639990843, 0.47412812396, 0.311158621213, 0.211494984677, -0.765888648902, 0.607193913787,  
1583, 2133568.8332105265, 79.86184694171966, 119.1438023814671, 85.66481887283565, 49.90500371047954, 0.265803152898, 0.555613639129, -0.787808458905, 0.539100749753, 0.591811529717, 0.59927414003, 0.799199014967, -0.583997086728, -0.142226358908,  
1584, 1987679.8067108346, 77.99844396320346, 107.02711133484648, 75.13174802254984, 59.01202518455253, -0.988164083373, 0.0530549448577, 0.143933724883, 0.152708508733, 0.251194906851, 0.955814432896, -0.0145552634168, -0.96648139744, 0.256323726387,  
