# Void_ID, Void_Volume, r = (a*b*c)**(1/3.0), a, b, c, vector_a, vector_b, vector_c 

5, 3094340.136111583, 90.39820641186158, 140.7504656605561, 99.36936273681555, 52.81740942098026, 0.74986393836, -0.565625007037, -0.343179873189, -0.451095211958, -0.816564549181, 0.360188071387, 0.483959898852, 0.115285248125, 0.867463041212,  
8, 619200.3619472396, 52.874653060011966, 123.79526402659653, 79.33394977712582, 15.051489670726294, 0.18055340498, -0.607181802564, 0.773776923012, 0.511107655918, -0.614226230691, -0.601244627081, 0.84033887927, 0.504040073969, 0.199434630445,  
47, 1341728.2207257561, 68.42140401484892, 119.71421195166118, 67.38193043374973, 39.70880203412227, 0.774126931153, 0.34439633614, 0.531148433225, -0.40008413924, -0.38405435793, 0.832126752174, 0.490571275141, -0.856675792706, -0.159519309799,  
49, 2788735.9920606087, 87.31849951627483, 130.42901511237974, 74.16465505703191, 68.82521813110789, -0.079859831589, -0.763288689281, -0.64110278748, -0.938964409409, 0.273503520459, -0.208666389624, -0.334616564385, -0.585308637484, 0.738542858422,  
71, 788988.1909353863, 57.32278706944855, 103.48006118290952, 65.75719438731842, 27.681010602905378, -0.636927978804, 0.761643007331, 0.119258874721, -0.164138851156, -0.285126364377, 0.944331188661, 0.753247095817, 0.581895940629, 0.306620167181,  
88, 2130537.5055721053, 79.82400703056084, 120.69081850270658, 69.11149283631683, 60.97840605323842, -0.988565378291, 0.000629016048564, 0.150791568672, -0.14887537891, -0.16303703172, -0.97532304794, -0.0239711159151, 0.986619749765, -0.161266409941,  
113, 731378.7359204357, 55.8922045874429, 109.9596098198616, 72.52517221775484, 21.894335126587652, 0.751101592808, 0.467794940979, -0.465847926341, 0.349142459316, 0.31741334068, 0.88167358714, 0.560308790208, -0.824873726307, 0.0750825896143,  
138, 766366.2181761238, 56.76961048794666, 142.70806426199317, 90.25830404898942, 14.204045640629369, -0.0176277223199, 0.635691218105, 0.771742145169, 0.739509177808, -0.511189410497, 0.437962969363, 0.672915625724, 0.578430688864, -0.461088385059,  
164, 2448359.8213913897, 83.61076779104513, 119.23941948520734, 71.50749483133173, 68.55122472541396, 0.74124004579, 0.286218197708, 0.607159235966, 0.497893895838, -0.841090061963, -0.211350836656, -0.450183143848, -0.45896258123, 0.765955929559,  
165, 2600050.153300444, 85.30301315466316, 112.10541725059105, 86.83063444005353, 63.766641265076004, 0.473577524653, 0.291678365372, -0.83105238061, -0.829894795693, 0.463771786216, -0.310145705098, -0.294955854705, -0.836564080919, -0.461694251959,  
175, 2713108.259600567, 86.52192460998177, 123.03614044642065, 113.41159436980482, 46.41820680896981, 0.441519182367, 0.89635133522, -0.0401882501552, 0.326717603344, -0.11889425975, 0.937613866506, -0.835653288911, 0.427104716489, 0.34534785635,  
207, 694616.1206252336, 54.93959028138417, 124.67174028105046, 91.56566913770496, 14.52631821474962, 0.951557234752, -0.23346601258, 0.200081108458, 0.267380210122, 0.949607192503, -0.163566509962, -0.151811238804, 0.209140624739, 0.966029785699,  
215, 1246025.8457584088, 66.75433601960623, 108.5249571118376, 62.65620342366577, 43.74664408468457, -0.669660025298, 0.610509674853, -0.422886967673, 0.685907665138, 0.726748383628, -0.0369792076729, -0.284756256161, 0.31482490976, 0.905427606588,  
223, 1079673.0984672587, 63.640642724123836, 142.99420203186537, 58.208761557388044, 30.966839504127158, -0.997952182933, -0.0635903792829, 0.00690682567996, -0.00160455147359, 0.132832631221, 0.991137183995, -0.0639442412801, 0.989096433997, -0.132662648328,  
225, 691551.6317523053, 54.85867750186988, 105.16441435623972, 73.34487051829153, 21.4041234542515, -0.901548966978, -0.0568608494063, 0.428924590045, 0.140975622385, 0.898628918523, 0.415441861983, -0.409066417631, 0.435009092548, -0.802141979556,  
247, 1252045.4648406436, 66.86166132396147, 113.71724418062901, 79.3564435865392, 33.12248921143293, -0.550840414423, -0.653857742664, 0.518695373217, 0.113007199062, 0.557327038548, 0.822566681226, -0.826924549641, 0.511719282871, -0.233107624799,  
249, 716851.6403712115, 55.519671953269864, 104.74058037960157, 96.53144492251714, 16.926099560045763, -0.617533056195, -0.442336516176, -0.650377837079, -0.209071145047, -0.704820529965, 0.677877036673, 0.758249418605, -0.554586717293, -0.342770174005,  
256, 1195756.684505741, 65.84428246810371, 119.34501287798746, 60.34715746475387, 39.63630065704603, 0.794624628493, 0.330404098444, -0.509318006283, -0.264813965212, 0.943554089095, 0.198945331137, 0.546301440252, -0.0232123390474, 0.837266936941,  
261, 172162.3327275497, 34.51038807861103, 90.33994231601297, 42.974775482725654, 10.586590242067507, 0.212785916254, -0.966958774194, 0.140402574242, -0.461007846311, 0.0273409419312, 0.886974767699, -0.861506772744, -0.253462427007, -0.439957814582,  
272, 2195648.898915885, 80.629028746021, 119.90375012056438, 71.2013238280646, 61.397890536639714, -0.600705100974, -0.78836897668, 0.132769493002, -0.730367769102, 0.473621588868, -0.492184429269, -0.325140436611, 0.392628255691, 0.860306195092,  
329, 1073215.9742717834, 63.51351860201847, 91.97423340176181, 68.76262166058173, 40.511648508168506, 0.785126613866, 0.109159839218, 0.609639507989, 0.126977296999, -0.991805956394, 0.0140609711026, 0.606178988622, 0.0663707342391, -0.79255407348,  
333, 2238907.8521506684, 81.15510987192857, 130.5463393560386, 104.25803017832897, 39.271129879002096, 0.507476197275, 0.489939291941, 0.708821133581, -0.609885531854, 0.785343120891, -0.106187666444, -0.60869331131, -0.378412040879, 0.697349826188,  
334, 453591.7361604179, 47.66418536048539, 96.71934098922466, 64.6975597721849, 17.305147094079278, -0.214154125668, 0.37947753571, -0.900074891523, 0.965174447502, -0.0595337620203, -0.254743041256, 0.150254105928, 0.923283559407, 0.353512620116,  
347, 1169694.2368813881, 65.36238844323645, 132.7340930922112, 89.85392872560874, 23.41338374486943, 0.417391742094, 0.893161732613, -0.167470155634, 0.665255932392, -0.425871745112, -0.613243671906, 0.619046587947, -0.144552330011, 0.771936490807,  
369, 393910.78263212304, 45.474690636217815, 117.29405363833905, 59.5584708085121, 13.461384387329728, 0.386235852956, -0.163618578524, -0.907772453125, 0.511623125246, 0.856879645027, 0.0632380554058, 0.767504816665, -0.488862183749, 0.414668689071,  
371, 768757.0383198516, 56.828583612696384, 93.55053567330292, 54.582886148684295, 35.94162603629918, 0.308981994587, -0.934754126277, -0.175399117529, -0.692373593649, -0.0946420573969, -0.715305310891, -0.652034457554, -0.342458179024, 0.676441765255,  
409, 1925324.053762794, 77.17413002881916, 127.9070441648823, 89.54822822448257, 40.129501706863564, 0.454412802515, -0.88779693684, -0.0729767349816, -0.629572103618, -0.378036848482, 0.678768817445, -0.630196771855, -0.262497124037, -0.730716968884,  
422, 1639049.245483912, 73.14216270533237, 127.47068791318732, 87.42209297253973, 35.11331751370346, -0.822847286599, -0.317679262143, 0.471171125326, 0.137074536408, 0.693699673434, 0.707100653759, -0.551482469717, 0.646421417871, -0.527263156415,  
440, 2372365.9656161787, 82.73660418485457, 113.86512453679377, 86.60583754629867, 57.43216448459979, 0.340710444532, 0.126591978651, 0.93160660363, -0.520897853149, 0.850321533895, 0.0749580921443, -0.782676062986, -0.510810884707, 0.355654917714,  
449, 1282466.3745328712, 67.39884578352515, 113.00695035064997, 58.336754375723196, 46.44189792730247, 0.0240185775846, 0.924168324336, 0.381229610898, -0.85959072874, -0.175607378879, 0.479860216676, -0.510418345081, 0.339226998893, -0.79018868394,  
457, 278670.1747743812, 40.519800044830475, 109.89103735912431, 75.32203605379526, 8.037436532094144, 0.503471694987, 0.217017134306, 0.836313228261, 0.764145258779, 0.339896874338, -0.54822635681, 0.403234765159, -0.91508124133, -0.00529584119024,  
458, 305604.3304211768, 41.78531029292805, 136.96445605833122, 41.53838545693532, 12.823701652500574, -0.287217139474, 0.942720923241, -0.169657229958, -0.281531556309, 0.0862140738641, 0.955671029314, 0.915557916024, 0.322248963307, 0.240643529008,  
463, 2789060.2963479334, 87.32188416392034, 134.8769647239703, 96.53919445486244, 51.13612787926613, 0.884735812466, -0.00670004636998, -0.466044688328, 0.284055998453, -0.78499878696, 0.550535279718, -0.369533126909, -0.619461067259, -0.692613351204,  
482, 2226239.9361363905, 81.00175962834086, 117.48425419980386, 76.38363116232608, 59.2247717161993, -0.797942334934, -0.499228556511, 0.337726040577, -0.547444527761, 0.365856633987, -0.75263099351, -0.25217557206, 0.785442405102, 0.565232438139,  
484, 2194115.189858005, 80.61025065626124, 115.40024988724657, 96.65767546920334, 46.95996007279248, -0.653157642932, 0.649694928172, -0.388949346042, -0.280661197027, 0.269354808561, 0.921236820578, -0.703288266618, -0.710875859354, -0.00641300437153,  
499, 1007118.4843296781, 62.181899696229415, 125.96753828082487, 62.932710612897, 30.3289152470381, 0.88312156149, 0.0681589731531, -0.464166631729, 0.350172991145, 0.562661392358, 0.748859822545, -0.312210159835, 0.823872873645, -0.473030975907,  
503, 829582.3533264356, 58.28949579162001, 108.3288952957482, 48.581355239511794, 37.63197016598757, -0.829569853435, 0.551722478924, 0.0861171557919, 0.170343818652, 0.103167712993, 0.979969084432, 0.531786462519, 0.827622334912, -0.179567338443,  
549, 548280.6109069143, 50.773615856290775, 115.02980804829798, 68.73907354913985, 16.55389549304772, -0.0662112340645, -0.701074159337, 0.710007813755, -0.949768395257, -0.17384447489, -0.260227004597, 0.305869364035, -0.691572933001, -0.654347622052,  
552, 2195356.9335015374, 80.62545471811498, 162.62011901234843, 71.58709691198175, 45.02020889069474, 0.23717722752, 0.734793881058, 0.63547219853, 0.527244572056, -0.646777449185, 0.551082654839, 0.815941250326, 0.204345011159, -0.540816967588,  
555, 432254.3721282484, 46.9047611177151, 125.59646260185754, 66.83323230500936, 12.293651905862474, 0.0369455757512, -0.00725486785316, 0.999290944282, -0.979196629288, 0.199390123867, 0.0376502283522, 0.199521892591, 0.979893333683, -0.000262640777628,  
556, 1971516.5608084437, 77.78644791518103, 108.42282312087092, 93.44015372133649, 46.45768496863848, 0.657815411835, 0.701361562527, 0.274537506658, -0.538679440194, 0.183349694295, 0.822318277988, -0.526406064426, 0.688821347093, -0.498419308539,  
566, 1261129.5913621415, 67.02297515449543, 132.71056916216142, 77.546680689924, 29.25515356372222, 0.735080379328, 0.562405700316, 0.378624700963, 0.528464894364, -0.825140666975, 0.199669064028, -0.424713658072, -0.0533170512725, 0.903756383486,  
630, 368889.2798170179, 44.49069005334541, 112.16251885506593, 33.25063861722433, 23.613462889979285, 0.41496293435, 0.900439791331, 0.130437514941, 0.659356323667, -0.396402829024, 0.638838035485, -0.626940987299, 0.17908930546, 0.758203151612,  
633, 1164049.905918187, 65.25708401032165, 113.78268644064285, 90.47513698789251, 26.994641116292936, 0.690519288776, 0.039190424928, -0.722251495271, 0.627020502004, 0.465366047294, 0.624723724612, -0.360594511737, 0.884250277139, -0.296771032086,  
637, 387963.14976195485, 45.24465584588333, 117.6744841934719, 42.78504783405665, 18.396175414667702, -0.0547775653304, -0.922410744183, -0.382305947314, -0.69483686665, 0.310182299026, -0.648836397033, 0.71707820151, 0.230098588407, -0.657916022402,  
648, 1816844.8638987164, 75.69660679198142, 129.19355467576375, 79.4770832090558, 42.24219414636186, -0.470525338868, 0.532353607175, -0.703708421444, -0.147990677773, 0.738599265245, 0.657700452084, 0.869887731133, 0.413607014335, -0.268746298427,  
700, 1592069.323554442, 72.43655512618679, 122.54251809435493, 76.31316231950014, 40.64312698984948, -0.332205812601, 0.728317698656, -0.599326812264, 0.942920654118, 0.240788203486, -0.230047127997, 0.0232365684194, 0.641540622943, 0.766737041626,  
716, 1259538.9333665252, 66.99478469042958, 93.25447003473889, 74.32499205986802, 43.38288776833505, -0.515743849022, 0.856185428679, -0.030899739701, -0.181353595517, -0.073851348498, 0.980641041216, -0.837328582809, -0.511363364002, -0.19336068465,  
752, 439037.6721199662, 47.14884509565743, 90.52639959286049, 52.25104545797573, 22.158632014455872, 0.842766117419, 0.244890324416, 0.479347473487, 0.449847998589, 0.168614638203, -0.877043831259, 0.295604549179, -0.954776326053, -0.0319392816661,  
756, 1474454.6287071358, 70.60697431450124, 110.60112748444024, 72.93942097092197, 43.633589172763514, -0.999350141152, 0.0324587590393, -0.0156755969965, -0.0289498127397, -0.463651798778, 0.885544418893, 0.0214756541671, 0.885422745614, 0.46429016555,  
783, 922986.0429223902, 60.399801059229716, 123.83730155910173, 85.77539895497122, 20.74399015954096, -0.959915157514, 0.0745373736908, 0.270198205579, 0.144805646032, -0.693502150707, 0.705752146183, 0.239987948139, 0.716588408285, 0.654909793681,  
790, 929493.0033297922, 60.5414063541809, 107.44021825853821, 49.73076554660434, 41.530340235764974, -0.334120141824, -0.533516817223, -0.77699648427, -0.934476697872, 0.295049611654, 0.199246148761, -0.12295133981, -0.792657260361, 0.597141051709,  
869, 1507860.483257406, 71.1362308103659, 135.3107128367943, 93.47841213312724, 28.459616383892687, 0.360031101943, -0.925601649016, -0.11678695549, 0.463261589912, 0.0687131773337, 0.883553732703, -0.809793989201, -0.372209734692, 0.453534572501,  
879, 768763.9426074864, 56.82875374001142, 115.65150340295374, 88.81754431947631, 17.867111679398093, 0.623591123789, -0.2333844342, -0.746100406249, 0.520101507433, 0.836384708813, 0.17307524615, -0.583633902629, 0.495976133233, -0.642945676527,  
886, 2160583.110668544, 80.19749242452792, 134.26330728572051, 80.89392305479228, 47.490761027155074, -0.306656622364, 0.697121597015, 0.648061104322, 0.0505750597319, -0.667969163087, 0.742468423906, 0.95047560689, 0.260458588148, 0.169580200986,  
899, 174328.8947825854, 34.65454936670299, 103.6393449628474, 53.09405950840869, 7.5632799500414185, 0.127642574089, 0.777621849284, -0.615639206676, 0.918254690714, 0.141943793235, 0.369675915559, -0.374854233353, 0.612499974758, 0.695936839561,  
902, 323821.9424106883, 42.59963598629863, 77.16106828245515, 50.28975518375727, 19.922319973253483, 0.703359609377, 0.583053240246, -0.406613057999, 0.518301703644, -0.812128773849, -0.267974250042, 0.486465419013, 0.0222659768519, 0.873416064873,  
997, 2415883.727129006, 83.23943807121287, 138.6520382456788, 73.16850205146507, 56.85085452255808, -0.998847954214, -0.0184431206262, -0.0443014183122, -0.0465079854425, 0.599504678263, 0.799018865879, -0.0118225062059, -0.800158729279, 0.599671773811,  
1021, 3202095.914233332, 91.43558385352107, 131.17316638059827, 92.39707096772516, 63.07285952454913, -0.65492830219, -0.215045148544, 0.724447722806, 0.179223140509, 0.88710435985, 0.425352701463, -0.734130768254, 0.408413318617, -0.542448685388,  
1039, 1748849.2505187392, 74.74025730534038, 100.15349035980041, 74.06120951754447, 56.286841146084804, -0.695313964327, 0.65627497842, -0.292987446338, -0.138118296431, 0.278045398953, 0.950586183527, 0.705309738486, 0.701422774666, -0.102685266599,  
1085, 2165976.9165385016, 80.26417353445316, 125.82222155414532, 74.7817479474961, 54.95563792575365, 0.572729186418, 0.805276001425, 0.153335711933, 0.411157563386, -0.444015307478, 0.796115484585, 0.70917609738, -0.392913436082, -0.585395844408,  
1097, 1344689.3787570754, 68.47170176275105, 119.22820319269266, 86.62997290768124, 31.080370525753693, 0.181094368011, -0.622618094794, 0.761282823864, -0.67751370829, -0.640076621782, -0.362321809068, 0.712867452584, -0.450165110024, -0.537746565552,  
1104, 1485477.9240421094, 70.78249456142942, 100.73882688431577, 73.38205829392837, 47.97233021872054, 0.639004627449, 0.764006786101, 0.0892564669447, 0.55742903762, -0.379988920917, -0.73816074672, 0.530043351168, -0.521442279425, 0.668694246357,  
1129, 1670923.6053724077, 73.61325049575763, 149.6284532760878, 66.31302354029889, 40.20267661133825, -0.209812334372, 0.693756111874, 0.688971147134, 0.963870664801, 0.0284865405311, 0.26484308287, -0.164110102921, -0.719646423076, 0.674667992329,  
1164, 822922.0553979932, 58.133084146346896, 108.91029441126344, 82.93349716351803, 21.750596990487498, 0.498976632839, 0.861133899054, -0.0973176642843, 0.822269454901, -0.505910856469, -0.260628373058, 0.273669989983, -0.0500261252474, 0.960521797449,  
1165, 861567.6994875398, 59.02920485303775, 121.30255346560203, 62.288087955852006, 27.222365251287012, 0.229024570898, -0.693493526833, -0.683091848997, 0.315858646976, -0.610829488998, 0.726030750382, -0.920750270733, -0.38203934825, 0.079150965462,  
1185, 1628289.4741754734, 72.98176049593731, 123.81896530107507, 74.16611815274206, 42.330196741718204, -0.717211521061, -0.57135158223, -0.398954889104, -0.665597401165, 0.731207546572, 0.149384147079, -0.206367956861, -0.372683368719, 0.904720604972,  
1200, 1337457.898719201, 68.34873854068461, 147.43610807186022, 58.013681877712315, 37.32993411048097, 0.904565271723, 0.306096077548, 0.29676061144, 0.23102820588, -0.936946368388, 0.26221645801, 0.358312206435, -0.168631829953, -0.918245973934,  
1236, 332252.46269498905, 42.96615918449552, 99.01917320644837, 52.81215410224899, 15.167933704165328, 0.904183588487, -0.0293720594464, -0.426132984448, 0.259351790759, 0.830437556936, 0.49306197649, -0.339394588851, 0.556336899867, -0.75848570646,  
1243, 1885053.9122558706, 76.63227558394595, 138.02434286316097, 66.43157506587774, 49.08004231984643, -0.370428599358, 0.0640640401012, 0.92664904443, -0.90890951718, -0.230658305556, -0.347390609628, -0.191484052487, 0.970923552523, -0.143670848814,  
1244, 777570.8669545468, 57.0449394875349, 99.77134614081886, 49.498109603309516, 37.58866715457461, -0.493102600676, 0.303170306918, -0.81543705472, 0.866995136199, 0.248713227396, -0.431811491655, -0.0718975591623, 0.919907329855, 0.385488320789,  
1260, 2262957.3145230366, 81.44465430382613, 135.93899594826357, 96.17321699640391, 41.322781935267194, -0.525570811543, 0.842220633601, -0.12016541262, 0.843629139528, 0.534183351236, 0.0542035257253, -0.109841690596, 0.072887252646, 0.99127304584,  
1265, 2940099.5727361413, 88.87053812330184, 118.02407458334177, 103.6652536674357, 57.367986999733766, -0.711643036986, 0.222370260055, -0.666420029225, 0.700382426182, 0.150252217265, -0.697774124127, 0.0550331264208, 0.96331497375, 0.262670166456,  
1305, 2158033.1617058343, 80.16592995490001, 115.55945954524861, 95.47511923459837, 46.69536702261092, 0.970556266347, -0.166365883219, 0.174192212098, 0.0367895738641, 0.817064242263, 0.575371663597, 0.238048442779, 0.552022116329, -0.799127350285,  
1306, 2108990.428253196, 79.55399611627111, 139.65342893702064, 79.27289587473447, 45.47887074076253, 0.211407207222, 0.359647366788, 0.908823835678, -0.429766045679, -0.80092426447, 0.416919019192, 0.87784288954, -0.478721311564, -0.0147569352851,  
1319, 897613.3561739146, 59.841191510295936, 116.87101182946769, 67.42005305707477, 27.195985617016525, -0.515932578165, -0.654350980661, -0.552845700803, -0.0230200059664, -0.634549668582, 0.77253918828, -0.856319831671, 0.411304646474, 0.312321683006,  
1323, 2092231.9525480552, 79.34271798212228, 136.51881005856438, 92.49944503401952, 39.55392627823707, 0.683217090254, -0.111552916055, -0.721644202156, 0.495304092516, -0.655365361499, 0.570236879624, -0.536552200184, -0.74702890832, -0.392504199482,  
1335, 2179432.010615104, 80.4300314797413, 133.21081325929137, 72.17916034693137, 54.11322415679114, 0.0978645532173, -0.717510335584, -0.689638635485, -0.908254076223, 0.218873891275, -0.356607280832, -0.406813301464, -0.661266314013, 0.630261691446,  
1359, 1553082.8130264266, 71.84038781674555, 152.4401635546689, 63.07032680946481, 38.56395051789308, -0.852717709344, -0.511209136545, 0.10741381142, -0.450907574946, 0.824146180701, 0.342732303252, 0.263732567248, -0.243820203324, 0.933272115422,  
1362, 235277.29241705322, 38.296915932196214, 123.55979524976696, 79.1376781702368, 5.744218086418694, -0.791976947694, 0.609301511142, -0.0390407843398, -0.0859035592792, -0.0478944155042, 0.995151598233, 0.604477537072, 0.791490867594, 0.0902724414839,  
1406, 1914514.7125526322, 77.02943273457208, 106.77220923228292, 84.27571017855618, 50.79365315489853, -0.321538342214, -0.529970484604, 0.784693812856, -0.92111034236, -0.0170166013438, -0.388929521221, -0.219473988629, 0.847845340099, 0.482689804728,  
1417, 1995590.1237183835, 78.10177645911297, 126.79953498956729, 77.68780424268938, 48.36288822562574, 0.673131776608, 0.63344553996, 0.381628561858, -0.338915981664, -0.194424099856, 0.920508135091, 0.657289562288, -0.748963295029, 0.0838117772548,  
1425, 1127928.5955948075, 64.57498777405841, 141.3691083305679, 67.93405385532394, 28.038252851287503, 0.692045604634, 0.701651117531, 0.169583579321, 0.529781997043, -0.653262157914, 0.540906266044, -0.490310021023, 0.284489476616, 0.823809335331,  
1426, 3310574.311103981, 92.45666922570956, 114.92827698751795, 86.64158496797364, 79.3709260241684, 0.851247949834, -0.360964480821, -0.380895748846, -0.415229358959, -0.907149355473, -0.068298069687, 0.320876155803, -0.216297689422, 0.922092079018,  
1427, 24136.152086740763, 17.927778377002472, 64.71826993140046, 21.6705797467317, 4.108487740056388, -0.466164802347, -0.871103399731, -0.1544967444, -0.848601884466, 0.489647864825, -0.200299301431, -0.250130403459, -0.0377337441801, 0.967476586702,  
1428, 1797691.5785053314, 75.42966719179996, 133.25502492290127, 63.657540276016476, 50.59331382158789, -0.309765528586, -0.483343795212, -0.818794292194, -0.907212802368, -0.107535358016, 0.406695313466, 0.284622993658, -0.868800853134, 0.405184931944,  
1429, 3120177.047952717, 90.6491096524792, 102.65461242809012, 100.5375467859521, 72.1745154820732, -0.00293758657446, 0.472381187709, 0.881389462204, -0.292165839386, -0.843341115413, 0.451015393696, 0.956363159517, -0.256186995286, 0.140491033756,  
1430, 1186546.9225599046, 65.67480157636587, 141.23775143893582, 80.38433470866967, 24.950203456999912, 0.16737543488, 0.933830124343, -0.3161435792, 0.446745604281, 0.214016692766, 0.868685915779, 0.878865080006, -0.286632437257, -0.381363366172,  
1431, 178638.18489249388, 34.93777384952454, 119.09593868516237, 98.97032056650356, 3.618126602613353, 0.0899566273908, -0.395838887645, 0.913903375755, 0.304903526234, -0.862618311046, -0.403637819262, 0.948125331841, 0.314962258813, 0.0430944386762,  
1432, 2752651.146245544, 86.94024411160528, 108.54166853262618, 94.42243215328031, 64.11961256788796, -0.46642849229, -0.685170973244, -0.559450801236, -0.867043030974, 0.47937658538, 0.135773605052, -0.17515948167, -0.548396596282, 0.817667615335,  
1433, 2468333.407018442, 83.83751632845434, 101.45551162541882, 90.80962612972802, 63.95988568320043, -0.708410856615, -0.611341302939, 0.352726338046, 0.0951179155947, 0.412501928706, 0.905977229817, 0.699361594858, -0.675354699499, 0.234071334218,  
1434, 288846.57727649563, 41.00714546354123, 119.5208165432489, 70.60048285092658, 8.171981853757051, 0.0930689911427, 0.774723671168, 0.625412980534, -0.941870650212, -0.135160017215, 0.307589739775, 0.322827881628, -0.617685197393, 0.717110281453,  
1435, 1495855.7044302158, 70.94694471016167, 102.47841537099832, 75.78873818896038, 45.9794757118319, 0.877407574763, -0.419021468763, -0.233617115092, -0.257237956477, -0.821953469632, 0.508154629525, -0.404950097538, -0.385763531812, -0.828976426702,  
1436, 320918.83558747877, 42.47194984566758, 88.30289841875614, 42.35900304246193, 20.482638939805202, 0.584497377253, -0.194356439194, -0.787774327157, -0.724391029048, -0.562388208941, -0.398719374346, 0.365541315064, -0.803707084072, 0.469504494114,  
1437, 1548083.5164807534, 71.76322141072521, 94.18098312163312, 70.21156698717789, 55.88997196785059, 0.150855892598, 0.985689582003, -0.0752233181917, -0.310270506059, 0.119459720326, 0.943112712399, 0.93860253182, -0.118934533047, 0.323851608165,  
1438, 1049387.0000630475, 63.03992534464657, 106.35622332148542, 70.77244201881271, 33.282809707096646, 0.253675454195, 0.522569847907, -0.813983733251, -0.291977908568, 0.843625287541, 0.45060545395, 0.922170084555, 0.123357724849, 0.366585879259,  
1439, 2364862.322247512, 82.64928184120434, 105.62907836620097, 79.98405960237173, 66.82366930433123, 0.217287141051, -0.433331179176, 0.874648722338, 0.803251604431, 0.588490692414, 0.0920085046156, 0.554592786027, -0.682570724611, -0.475945425012,  
1440, 1945991.968889291, 77.44929664994704, 133.90594261647948, 96.73217545711462, 35.865891335369284, -0.985063554849, -0.170350473989, -0.0251099366719, -0.0612568941955, 0.210403463751, 0.975693586817, -0.160926647332, 0.962658349807, -0.217695924917,  
1441, 3421529.70837853, 93.47824897633483, 117.37318073227856, 93.82789668939485, 74.17043927190882, 0.09766773905, -0.933164645019, 0.345925942993, -0.0260141938303, 0.345075197073, 0.938214458471, 0.994879025042, 0.100632269435, -0.0094271883493,  
1442, 1635783.2693926643, 73.09354927980013, 130.06239388861326, 58.61423593348921, 51.22503942377087, 0.520851202804, 0.0735143390508, -0.850476141048, -0.542100047333, 0.798094160169, -0.263008080077, 0.659425176361, 0.598031231173, 0.455540429954,  
1443, 2984255.2765387357, 89.3132281890137, 110.49871313950148, 100.99320040342307, 63.84075374492355, -0.386687862573, 0.217054703831, 0.896303381944, -0.463790591398, 0.794285172756, -0.392440252357, -0.797101489316, -0.567448957955, -0.206472506271,  
1444, 3495184.8843942545, 94.14426042451913, 107.73154237029331, 90.96216720986797, 85.14866976283213, 0.772048776977, -0.409109587917, -0.486384653379, -0.472707750653, 0.141924689601, -0.869715335586, -0.424838873504, -0.901380456609, 0.0838164900459,  
1445, 2251276.8441822072, 81.30428439421343, 130.2440489477229, 79.24322339080449, 52.073920189741465, -0.435299047074, 0.523374137742, 0.732525939172, 0.88873589734, 0.37972674082, 0.256819210896, 0.143747154389, -0.762815255648, 0.630436072378,  
1446, 2376780.316041839, 82.78788942382414, 108.76232508618878, 83.31450169714164, 62.61831087931908, 0.121081651321, -0.684899391353, 0.718506824906, -0.632590029175, -0.611049822363, -0.47586549526, 0.764963455795, -0.396901673357, -0.507247447489,  
1447, 760647.3209017469, 56.62804609276055, 128.02729401420396, 52.673534888696956, 26.92772725329162, 0.0831044359389, 0.755372840849, 0.650004249244, 0.917164458185, 0.19712400443, -0.346340126927, 0.389747366084, -0.624943195967, 0.676419243107,  
1448, 1196569.2200928081, 65.85919316851555, 132.88116101893146, 59.33519320741091, 36.23042619970113, 0.578489621121, 0.614301378944, -0.536641010436, 0.62101739186, 0.0948613574894, 0.778035167498, -0.528854570996, 0.783348669931, 0.326615529415,  
1449, 930689.5618109384, 60.56737401254785, 84.58950210489313, 61.14877842459425, 42.95482752545198, 0.733935734061, -0.00799933133013, 0.679171811081, -0.343687723449, -0.866844881118, 0.361190671018, 0.585847323984, -0.49851375385, -0.638957706114,  
1450, 1961789.4746609516, 77.65830912056063, 121.86600084291105, 77.64895324294957, 49.49321043543554, -0.256888333818, -0.0733517910088, -0.963653412127, 0.95964894352, -0.137368645485, -0.245364546009, 0.114377835041, 0.98780026827, -0.105680371204,  
1452, 1584738.7210583389, 72.32520723695754, 104.92090121313103, 95.93051951515758, 37.58808943159336, 0.621439242896, -0.453421871046, 0.638922432104, -0.676819168381, 0.100070786865, 0.729315878703, -0.394625240831, -0.88566045665, -0.244696699661,  
1453, 41485.468473776404, 21.47512975040123, 104.14586142050013, 47.26265544617785, 2.012089312043048, 0.343760492228, 0.090987584106, -0.934638958915, 0.493183409609, -0.864473990975, 0.0972360191257, -0.799123800465, -0.494374330308, -0.342045571617,  
1454, 571452.0349998159, 51.47903431204949, 118.97208664764875, 79.29305635769175, 14.46141993586355, 0.803631251859, -0.537957632991, 0.254516003707, -0.487094308661, -0.840278022876, -0.238058771613, -0.341929737675, -0.0673381717785, 0.937309780764,  
1455, 1173142.0047880218, 65.42654574841234, 160.68688069097053, 65.54172861491236, 26.592775321090034, -0.767972477922, 0.596643537474, 0.232883581097, 0.637777997009, 0.679004161817, 0.363582968201, -0.0588005075293, -0.427749736908, 0.901982628929,  
1456, 2797762.6946675587, 87.41261016123123, 117.15877116396544, 85.43894490759111, 66.72546073443739, 0.187599114104, 0.903615081207, -0.385079676694, -0.353959284711, 0.427891600516, 0.831637903763, 0.91625291113, -0.0197120070819, 0.400115032987,  
1457, 3215537.450956508, 91.56334590597424, 131.87910543310852, 80.61516793757943, 72.20582047061866, 0.122256055678, 0.933296445527, -0.337655448078, 0.503059169232, 0.234997669882, 0.831689585964, 0.855561177884, -0.271539757526, -0.440773446321,  
1458, 2479113.3390004113, 83.95938671527024, 137.45578499702378, 84.12552592069466, 51.18196531112791, -0.598775423058, -0.504644968523, 0.621933636722, -0.18847786548, 0.843503198183, 0.502969630176, -0.778424104821, 0.183945128775, -0.600183390835,  
1459, 1739984.8088860863, 74.61376399226538, 110.26296340938991, 79.83958922297799, 47.1855360485381, -0.55767208639, -0.669147604355, -0.491165275287, 0.0747742045701, -0.629813759364, 0.773138698324, -0.826686556315, 0.394431378192, 0.401264533078,  
1460, 953932.7490528809, 61.06744029002157, 130.84043193107195, 98.37885258646652, 17.692346127561425, -0.487425674083, -0.309879470435, -0.816327707509, -0.00871807801173, -0.933133388482, 0.359424643585, 0.873120958035, -0.182309607819, -0.452131617492,  
1461, 1559414.5170742038, 71.93788322321325, 100.03916964097611, 62.61473664289419, 59.432818581809165, -0.36424203347, 0.775627610721, -0.515489622146, 0.873357606327, 0.0922822223174, -0.47825775782, 0.323379394094, 0.624408360715, 0.711013337811,  
1462, 1443341.6120128913, 70.10680485961724, 112.13197867647516, 80.9915785723344, 37.941209723973714, -0.183992124967, -0.496020461142, -0.848593306642, -0.302217063784, 0.850059607679, -0.431350796627, -0.93531371438, -0.177094227802, 0.306310120908,  
1463, 2224209.5177459256, 80.9771265410511, 107.90832984134276, 89.22249379055485, 55.15155438453193, 0.802417262135, 0.355180257881, 0.479555546147, -0.268557921931, -0.502699814005, 0.821687008275, -0.532919487349, 0.788124280435, 0.307988536462,  
1464, 1147104.5199423232, 64.93887997340401, 142.92989819435573, 86.63903725944361, 22.114528262218315, 0.27993940467, 0.142071589794, -0.9494469933, 0.354817447896, 0.903650293443, 0.239834788614, 0.89204176381, -0.404019567019, 0.202557846267,  
1465, 1504433.202298265, 71.08229372465297, 103.78725589755291, 88.74678998319806, 38.993086883552515, 0.176638731745, -0.24517854728, 0.953250354525, -0.194554130011, 0.940673935105, 0.277995032886, 0.964856180445, 0.234563483447, -0.118458951919,  
1466, 683472.3373821925, 54.64420485967859, 137.0377874860104, 43.7016618430259, 27.245453559385314, -0.906841737836, -0.416532382442, -0.0643337927984, -0.405131255221, 0.90355960314, -0.139458630486, -0.116218451898, 0.100403276597, 0.988135847689,  
1467, 1945863.0342348777, 77.44758610522923, 107.38709886328633, 80.80626981331378, 53.533604914823165, 0.426652555313, 0.741481661976, -0.517853784382, 0.572335747728, 0.221994184286, 0.789398742092, 0.700285219691, -0.633185223372, -0.329662075443,  
1468, 471830.97281373217, 48.29467846569588, 87.90867258619801, 61.40818220464661, 20.866032188833668, -0.233571740913, -0.762487617432, -0.603371258107, 0.608111464909, -0.598752686554, 0.521244344421, -0.758712520058, -0.245169030684, 0.603529169387,  
1469, 133825.73919683805, 31.730994262094892, 85.1763108496876, 52.647074449934614, 7.124558761424401, 0.530823710612, -0.446471885686, -0.720339533515, 0.523444850551, -0.495743663996, 0.692996181836, -0.666507071744, -0.744916824148, -0.0294490817564,  
1470, 2260227.9096565666, 81.4118970402533, 108.82260730060348, 85.60273550713049, 57.923774464932855, 0.49371262452, -0.723011332433, -0.483220920038, 0.576509294804, -0.14389104407, 0.804321080441, -0.651064418774, -0.675684823427, 0.345781928384,  
1471, 2519740.7431713045, 84.41554260483396, 112.31402322744317, 88.23337085470249, 60.70163561162607, -0.0692263840155, 0.772057345887, 0.631771447929, -0.942318022092, -0.258496385195, 0.212641397856, 0.327481988814, -0.580609226161, 0.745418321145,  
1472, 1218118.0537507008, 66.25219277694649, 120.33341251138849, 73.67376037936772, 32.80210394198124, -0.945893754185, 0.313374641657, 0.0841506967268, 0.017410980825, -0.209950500216, 0.977556977984, 0.324009048546, 0.926130186003, 0.193134706966,  
1473, 317566.7113542679, 42.32355317827779, 115.74943234978902, 102.05249584919036, 6.418061316774976, 0.380852460332, -0.125983031879, -0.916012925202, 0.186033037694, 0.980856389491, -0.0575539058752, -0.905727946099, 0.148489120388, -0.396998575289,  
1474, 654150.9215368716, 53.85133193491064, 79.73423442037605, 49.372645984783176, 39.66962700198813, 0.117448793052, -0.991712267775, 0.0520822326197, -0.814606419776, -0.0662123394961, 0.576222445726, 0.567998381926, 0.110103151828, 0.815631739259,  
1475, 1729590.8200819367, 74.46489602211405, 98.11803286954408, 79.91948029585545, 52.65665637796487, 0.467749649398, -0.116881939621, 0.876098668917, -0.0418334669627, 0.98717920113, 0.154036313573, 0.882870447195, 0.108700676391, -0.456863148462,  
1476, 787232.0153180475, 57.2802246812452, 149.38237937682732, 68.83819707374644, 18.27617376357389, 0.550043619699, 0.508159584391, 0.662741166083, -0.368630060509, -0.564348989033, 0.738662370144, 0.749375670087, -0.650602839964, -0.123093662358,  
1477, 2589616.33802049, 85.188755218472, 97.16831327966993, 91.3806414806622, 69.62543967129788, -0.0290087585812, 0.998846364575, -0.0382678964772, 0.633064043026, 0.0479859458856, 0.772610682313, 0.77355569247, -0.00181355250143, -0.633725730639,  
1478, 2310369.0119997733, 82.00951569816368, 156.8055463498955, 71.54054404813034, 49.167608303347286, -0.556353822713, -0.431754842554, 0.709970548603, -0.818417897797, 0.136915818946, -0.55807365382, -0.143744803449, 0.891539014544, 0.429529529867,  
1479, 1329181.9879087647, 68.20747084266635, 117.23048960620655, 69.07161300368745, 39.188231169733406, -0.225807950551, -0.0958645737672, 0.969443527476, -0.934843780025, -0.258579045193, -0.243318688835, -0.274003424098, 0.961221546202, 0.0312291962605,  
1480, 2697711.4687506603, 86.35794443041996, 113.3438433834127, 90.08828814547775, 63.072583346802205, 0.229703525798, 0.632634434473, -0.7396012186, -0.33861174118, 0.764393281343, 0.548675678496, -0.912457329945, -0.124404918539, -0.389801279208,  
1481, 2343913.3575181873, 82.40451005209461, 150.3455230319423, 78.68859365021612, 47.298858631809594, 0.446763888509, -0.653564643734, 0.610946220534, -0.363807426051, 0.491157615743, 0.791459634629, -0.817340923161, -0.575862355913, -0.0183401845146,  
1482, 2711540.4644816485, 86.50525556288294, 131.09481332064954, 85.32147551959419, 57.874015155913376, 0.174213258102, 0.968830928014, -0.17611466045, 0.318731672211, 0.113741075868, 0.940995796372, 0.931697301612, -0.220067263773, -0.288981898368,  
1483, 1866901.2322715374, 76.38549740887234, 120.56854347501155, 71.40427759757925, 51.76956179274172, -0.995501279208, 0.0684613879858, -0.0654999347356, 0.0434478015442, 0.944186298981, 0.326534104434, 0.0841991189757, 0.322219290503, -0.942913165244,  
1484, 3982226.086307559, 98.32842917083184, 116.73038202793813, 104.88244401773827, 77.65163381894457, -0.821242163167, -0.472593698828, -0.319713160919, -0.543611450558, 0.477830151337, 0.690047054407, 0.173343301741, -0.740495470818, 0.649321613255,  
1486, 1372306.460696242, 68.9372835558266, 111.58526956965241, 88.22381976629099, 33.27896220814569, -0.994395816255, 0.100581877163, -0.0325614281049, 0.102563025089, 0.843078450162, -0.527920024963, 0.025647348761, 0.528301062708, 0.848669665207,  
1487, 1344075.6583275946, 68.46128327811498, 159.03651342091533, 81.59653007723205, 24.72672335680579, 0.379243534028, 0.277965282594, -0.882558577983, 0.693139624601, 0.546516321879, 0.469975925689, -0.612969658878, 0.789971652398, -0.0145940296844,  
1488, 1155689.6544555544, 65.10048220231805, 128.43479246828352, 73.35616037433388, 29.284198138358725, -0.442091055837, 0.495654030948, -0.747584496865, -0.0675203412438, 0.812701049583, 0.578755568029, 0.894425235482, 0.306339820479, -0.325821135782,  
1489, 1269182.9833754278, 67.16533890184674, 123.44129745902954, 63.53301757594697, 38.634533296401884, 0.564076815506, -0.439890401485, 0.698794519791, -0.597527036945, 0.366627520661, 0.713123903129, 0.569893662298, 0.819805279182, 0.0560403238489,  
1490, 803253.8352928961, 57.666208716251056, 137.92742069087603, 59.95843267904895, 23.18800108230165, 0.135187430589, 0.374222928199, 0.917432045778, 0.312410712629, -0.894799719194, 0.318956124201, 0.940278631707, 0.243496740309, -0.23787692661,  
1491, 1041931.311619026, 62.890274943182966, 96.31249746595479, 70.82236288015719, 36.46678052543911, 0.146228748382, -0.832443247374, 0.53446739194, 0.708827255349, -0.288703695647, -0.643594669178, 0.690058747659, 0.472957097442, 0.547841682202,  
1492, 1819808.8618045764, 75.73774820322379, 117.41740209733261, 72.9902554339857, 50.69204544439897, 0.413351232728, -0.706144462907, 0.574891951508, -0.791057668228, 0.0342006608231, 0.610784806898, 0.450963994062, 0.707241339505, 0.544464106948,  
1494, 856627.8696883533, 58.916173187629596, 111.18118710165292, 85.50894961132124, 21.51100553535495, 0.24085103474, -0.721370943254, -0.649318674685, -0.194192770271, -0.691302260316, 0.695981575084, 0.95093635278, 0.041534890293, 0.306585886578,  
1495, 2685216.3324465584, 86.22440845981858, 107.14760883965363, 92.58752245059809, 64.61832915806718, 0.0251403112969, 0.31283681784, 0.949474112418, 0.963710996139, -0.260077282727, 0.0601741051497, 0.265761322748, 0.913505846951, -0.308022705199,  
1496, 2674744.3907420924, 86.11217500700624, 103.48667999573021, 81.0892365269374, 76.09322840619365, -0.6945970098, 0.00642880480062, -0.719370324969, 0.689741958599, -0.278203073049, -0.668475190784, 0.204428531582, 0.960500765546, -0.188804806242,  
1498, 1866037.3871478073, 76.37371399322925, 116.35822201060498, 77.32749129533387, 49.51089012417398, -0.395950524929, -0.873147363521, -0.284318243146, -0.907231527043, 0.419834596162, -0.0258818122526, -0.141965270924, -0.247694556748, 0.958380544674,  
1500, 951104.4886431594, 61.00702876515966, 104.7204092107031, 70.08837087234494, 30.93586942383247, -0.781167442895, -0.095685463759, 0.616945474241, -0.0694769765946, 0.995370829509, 0.0664067879543, -0.620443692759, 0.00901131446314, -0.784199222345,  
1501, 1688739.5272838676, 73.87395544682386, 131.97224528494547, 92.61859961271138, 32.98323459388679, -0.907764589977, 0.347283664924, 0.235281757176, 0.0915290232367, -0.383393274705, 0.919038647074, 0.409372552925, 0.855805850055, 0.316244304176,  
1502, 3002134.262634738, 89.49123481198075, 127.23043473709464, 100.50290811786375, 56.049515398695085, 0.613428063469, -0.787336350563, -0.0617047974696, 0.0714465553323, -0.0224861238624, 0.997190936564, 0.786512174527, 0.616113500352, -0.0424588507198,  
1503, 1574647.610536324, 72.1713656211838, 124.70568298320572, 68.71963710464442, 43.8659628567985, 0.104784039788, 0.702621194036, 0.703806623084, -0.676050810149, -0.46870606067, 0.568568316728, 0.72936657937, -0.535385922846, 0.425894712946,  
1504, 605799.4433291819, 52.49042472593675, 116.35981321078111, 71.80306063887839, 17.30988922327477, -0.45167582154, -0.890180537161, -0.0597290841665, -0.884870786553, 0.455522541426, -0.097482846482, -0.113985276862, -0.00882187691567, 0.993443270221,  
1505, 1158398.9359433216, 65.15131415482048, 99.93815169251337, 93.76706495551093, 29.511270395908753, -0.37204962157, 0.487085995678, 0.790143222399, 0.228038450538, -0.777198846703, 0.586481387394, -0.899765271704, -0.398383214377, -0.178082201068,  
