# Void_ID, Void_Volume, r = (a*b*c)**(1/3.0), a, b, c, vector_a, vector_b, vector_c 

0, 596692.7154301435, 52.22607349089942, 142.0623195507982, 58.720725536185554, 17.076222786067152, -0.956466937801, 0.186520278768, 0.224457529396, -0.060037591454, -0.87841476813, 0.474112837565, 0.285598467269, 0.439997364469, 0.851372911687,  
5, 2912245.1260873075, 88.58899454161629, 130.97180974594815, 105.67073824967646, 50.235039454187955, -0.299960712773, -0.682646569754, -0.666346179996, 0.193966277381, -0.727564872075, 0.658047445221, 0.934023904422, -0.0681396927265, -0.350651291518,  
6, 2490764.4369447576, 84.09070928192143, 129.8240372457978, 105.31710633136524, 43.49006114914979, -0.15620763094, -0.967448560104, 0.19910414257, -0.97388003846, 0.117224870328, -0.194463365356, 0.164793345512, -0.224280211631, -0.960490260203,  
13, 1180084.1792624965, 65.55534785979323, 135.0735740152463, 51.757733797422205, 40.29755853762112, -0.136933663076, -0.327613865829, -0.934835989269, -0.990567388909, 0.0500907239348, 0.127542806166, -0.0050418196761, -0.943482948597, 0.331382717959,  
29, 1530174.245408105, 71.48541227966032, 106.7723476367069, 94.81188421092182, 36.08533234170108, 0.0709367600415, 0.218332340988, 0.973292846452, 0.519930980287, -0.840806615897, 0.150718314754, 0.851257746991, 0.495353634834, -0.173161845231,  
38, 1729314.7562508027, 74.46093397551152, 123.72238835951558, 83.31630368105021, 40.050426809955525, 0.295431641332, -0.723964541823, -0.623374275603, 0.557700739877, -0.399093893481, 0.727800761835, -0.775686811826, -0.562671668356, 0.285850596622,  
51, 1978847.9826485026, 77.88274938348528, 152.78995042680847, 99.48867354759098, 31.078166753462693, 0.433818208189, -0.429815807112, -0.791871286384, 0.558803776888, -0.561078303555, 0.610679520055, -0.706781508798, -0.707424560809, -0.00322328792147,  
85, 533101.6532893525, 50.30067426700083, 129.0143820198057, 73.39101476355766, 13.441272970066608, 0.806835416127, -0.427959825635, -0.407267723894, -0.443661550303, 0.0162841223882, -0.896046458695, -0.390103883685, -0.903651047142, 0.176730713045,  
90, 1686265.274190184, 73.83785905647707, 125.87569947330448, 75.78273904558533, 42.20122836070439, 0.570373479683, -0.752360129919, -0.3295881196, 0.557556928603, 0.0599805187535, 0.827968966047, -0.603161972476, -0.656015679902, 0.453694900436,  
98, 464158.35904766794, 48.03146747822839, 123.16785785135885, 50.355456799908495, 17.866259537804503, 0.103713615599, -0.755316760475, 0.647101288273, -0.826253430489, 0.296745605683, 0.478797779979, 0.553668451823, 0.584327508212, 0.59330650477,  
102, 883905.9664311291, 59.53501746629612, 96.75086124672367, 76.764732760994, 28.411939034182705, 0.41258742676, -0.899469900255, -0.143963585028, -0.845213189994, -0.436950827259, 0.307715189775, -0.339685558627, -0.00527949738033, -0.940524241138,  
106, 1346390.3564999779, 68.50056090984718, 92.71120095750219, 84.77978463938308, 40.89383752581009, -0.729468131077, 0.641930648844, -0.236222962089, 0.52900717453, 0.748378395823, 0.400101469582, -0.433621557397, -0.166897629523, 0.885504108528,  
109, 415476.24234244856, 46.28985942881381, 92.62622516704563, 54.845851947057476, 19.524496065642865, -0.858644399634, 0.0926969961071, 0.504120086775, -0.00633039153402, -0.985354042274, 0.170403455122, 0.512532653711, 0.143124694889, 0.846655538335,  
112, 955884.052838676, 61.10905048049987, 101.54689221478593, 74.65115809046374, 30.103252464230074, -0.414694231534, -0.280201704426, -0.865745747416, -0.909684891089, 0.151085025565, 0.386841975455, -0.0224074375152, -0.947976961686, 0.317549345547,  
139, 182912.49614582237, 35.21423480322259, 90.72225656780101, 73.22721269204591, 6.573072455384926, -0.238861076985, -0.919456358981, 0.312322573361, 0.397632502015, 0.200817810055, 0.895299168159, -0.885908448567, 0.338041729811, 0.317638174128,  
141, 1101418.0394004234, 64.06505332559307, 75.80797990646876, 67.666300736322, 51.25971856333569, 0.493365623685, 0.672196354172, -0.552034802167, 0.406198825791, 0.383148923687, 0.829577854215, -0.769150749393, 0.633521083876, 0.0840128620663,  
191, 670016.3037446351, 54.283218208542756, 106.19938011829034, 50.465454655713536, 29.845618909808348, -0.741835863557, 0.404957940992, 0.534498472933, 0.651292208827, 0.624901524681, 0.430484080045, 0.159680963991, -0.667463220319, 0.727320314071,  
201, 716255.0526239319, 55.50426590692619, 88.62221664894166, 58.787680332219274, 32.820875126803756, 0.303198899435, 0.065006440276, 0.950707415614, -0.581868017659, 0.802715328824, 0.130681716002, -0.754652262574, -0.592808791765, 0.281207572797,  
209, 1819992.392090841, 75.74029420382176, 114.7433011667713, 71.46109492519838, 52.98878441140147, 0.653330398115, 0.666025968313, -0.359956664658, -0.276859849867, 0.652713457349, 0.705204768934, 0.704633248173, -0.361074164304, 0.61083339254,  
216, 334431.0715414621, 43.05986563945101, 99.11855078298808, 64.7229165888921, 12.44528905348751, -0.701803624515, -0.47324074388, 0.532461145014, -0.678747621468, 0.217294733903, -0.70148746601, -0.216271447418, 0.8537131819, 0.473709261131,  
234, 947330.3953829487, 60.92622746522369, 131.71482762788636, 57.10052897745108, 30.070320935909685, 0.536110089313, -0.476053164625, -0.697107851475, 0.494821698806, -0.491834685797, 0.716414773883, -0.683913341388, -0.729021279729, -0.0281161016881,  
239, 214310.35736604838, 37.12372244897003, 70.89335982268713, 57.182139344451464, 12.62084963237274, 0.853040013639, -0.063488528077, -0.517969054997, -0.00535109614612, -0.993583660386, 0.112972897561, 0.521818072609, 0.0935986998622, 0.847906352425,  
251, 1211523.5445550727, 66.13242017980055, 126.05180732771137, 60.11369585846271, 38.169875429269716, -0.753956706058, -0.0564550814853, -0.654493780845, 0.0642219660632, -0.997862382489, 0.0120915131, -0.653777350835, -0.0329163999939, 0.755970691328,  
262, 616412.5007159396, 52.79518014295242, 93.4144744841497, 46.03259693597548, 34.22182584975419, -0.39690942805, -0.869655581163, -0.293533773317, -0.91574058766, 0.396906874324, 0.0623226221149, -0.0623063563208, -0.293537226373, 0.953914993432,  
266, 1604838.8103660385, 72.6297032506218, 141.95832615096748, 89.01015465382108, 30.32092063752234, 0.4505162887, -0.594352723155, 0.666168082464, -0.799668322453, -0.600420262481, 0.00510709964859, -0.396945396346, 0.535014344556, 0.745784153385,  
281, 1582904.7918444853, 72.29729716636753, 138.76884811337237, 99.02603581154864, 27.49950062483026, 0.00647713200897, 0.020926052513, 0.999760044754, 0.709439525233, -0.704693168275, 0.010153749233, 0.704736551342, 0.709203524323, -0.0194101594366,  
310, 1979835.1757187322, 77.89569842073199, 110.34385344013225, 76.15715982413856, 56.24469177526278, -0.556759584917, -0.0716028976233, 0.82758189302, 0.815400480201, -0.237278524175, 0.528034997755, -0.158558574324, -0.968799219146, -0.190492129735,  
323, 2515953.0830942406, 84.37322373736798, 118.5894427790429, 75.99659153938838, 66.64595352950461, -0.761865571504, -0.591363382131, -0.264291886426, 0.162140706392, -0.569146919066, 0.806090674706, -0.627113420592, 0.571280259411, 0.529497519277,  
324, 431390.95463376294, 46.87350993110892, 79.78661225257893, 44.17609703642372, 29.21898037797313, -0.331809513683, -0.657962513026, 0.676008711543, -0.210593993861, 0.750186854743, 0.62679330941, -0.919539350098, 0.0656126087266, -0.387482088872,  
347, 2553141.067778099, 84.7868955596952, 125.34546760320927, 97.54621994537719, 49.850224986573856, -0.395680282078, 0.853232666251, 0.339751573384, -0.478133239245, 0.124467742495, -0.869423019368, -0.784108232264, -0.506460065869, 0.358709467084,  
352, 704308.4243254892, 55.1939434899438, 121.02679551257704, 64.53528297205887, 21.527595310798418, -0.115624524157, 0.976871129148, 0.179871527625, 0.687316075529, -0.0520485768634, 0.724491240779, 0.717096633469, 0.207397547438, -0.665401138851,  
371, 1012085.8966220698, 62.28396537164072, 107.11891567393685, 74.47321111801143, 30.287436446639028, 0.45347309532, -0.612517957608, -0.647444131512, -0.799441550935, -0.600685855949, 0.00834919764822, 0.394024565807, -0.513807604139, 0.762067180418,  
413, 1693070.6442822986, 73.93705647506386, 97.40687138324321, 81.34557181030038, 51.010896899462864, -0.178828112824, 0.648137763617, 0.740228306293, -0.949634822637, -0.310472880118, 0.0424298756379, 0.257321218906, -0.69535892177, 0.671015469431,  
425, 954888.9070895984, 61.08783677532638, 117.04970153947016, 74.30685802345577, 26.20987985536323, -0.193530272331, 0.784749395757, -0.588824608479, 0.713155729551, 0.524688100013, 0.464877729208, 0.673761782161, -0.329955729703, -0.66119155873,  
430, 245442.4332021618, 38.84069682400526, 107.69541169798869, 79.41665980769476, 6.85097244045304, -0.0723768134501, 0.19395095739, 0.978337683523, 0.779852422953, -0.600494606466, 0.176738298114, 0.621765064385, 0.775750767794, -0.107791237945,  
433, 1570502.2500523408, 72.10797805362925, 108.03976528641113, 92.75765973854969, 37.412483533467125, -0.747149151427, -0.0350841436135, 0.663729800739, 0.105091881977, 0.979808373846, 0.170091877774, 0.656295544602, -0.196836616027, 0.7283759364,  
443, 1164495.9532490666, 65.26541814069863, 129.95289420407786, 82.27986956319829, 25.999789007285464, 0.503903685542, -0.813130323383, 0.29137630805, -0.216952348994, 0.207372933206, 0.953901538336, -0.836069826009, -0.543889275284, -0.0719145483724,  
459, 2981917.391435864, 89.28989924022315, 137.17927863304678, 93.97670757680396, 55.22023597626348, 0.305356015565, 0.621865016853, -0.721139102097, 0.820351830696, -0.556326962249, -0.132375167418, 0.483508611746, 0.551166228909, 0.680025889565,  
463, 732131.4546361916, 55.91137235089935, 114.28747068696138, 65.13928304685929, 23.47787905218774, 0.716633178088, -0.194351133874, 0.669824249207, -0.372504654179, 0.705280265265, 0.60317495807, -0.589641561187, -0.681767837456, 0.433030536027,  
500, 834398.7196876095, 58.402083368644846, 122.84373917081987, 73.86173643275333, 21.95394031349648, -0.923992308808, -0.351954596524, 0.14955325222, 0.0952290588184, 0.166990295143, 0.981348902116, -0.370364198621, 0.921000653265, -0.120781443384,  
504, 1243498.1904913539, 66.70916676584471, 133.00107499775012, 105.5612600333421, 21.14447135468832, -0.720226496952, 0.536717846031, -0.439554031764, -0.592280093312, -0.145813557662, 0.792428354786, -0.361217502558, -0.831067001002, -0.422906083772,  
511, 722407.1537969017, 55.66272661383293, 137.10983228962485, 101.91475918852566, 12.342062645704877, -0.839586195947, 0.0291594008842, 0.542443314011, -0.536073137744, -0.205991009723, -0.818653342326, -0.0878670049765, 0.978119334873, -0.18857877978,  
518, 933939.1046777727, 60.63778333246273, 142.6383054329537, 89.63137757178713, 17.43948712570935, -0.362496461437, -0.16468017092, 0.917320422072, -0.914531701463, -0.126739154576, -0.384147046998, -0.179521816127, 0.978170551593, 0.10466274185,  
543, 1013151.6590552917, 62.30582011216318, 129.49485609749502, 91.07909424782464, 20.507590191245676, -0.176147219307, -0.807420926056, 0.563066253027, 0.818469935905, -0.437925104148, -0.371925486054, 0.546881267873, 0.395339159867, 0.737989042958,  
545, 929373.2576019908, 60.53880641131564, 144.3085308796171, 99.59534866509824, 15.437270017875734, 0.891417972363, 0.452993973758, -0.0130559674942, 0.308142313643, -0.584745566203, 0.750413844054, 0.332298530077, -0.672955483331, -0.660839318113,  
578, 2228211.836914914, 81.02566844633483, 121.40608311668423, 78.7572500083469, 55.63356321811508, -0.963457389812, -0.0214165360396, 0.267004101092, -0.0466950517207, 0.994964345368, -0.0886877871556, -0.263760175464, -0.0979146742313, -0.959605797403,  
626, 1063274.7239082453, 63.31680036616485, 134.7359693129475, 56.47885322316225, 33.35703645637723, 0.493816445518, -0.734835164003, 0.464932898256, 0.474389534504, 0.675757368495, 0.564186625575, -0.728766003385, -0.0580453328709, 0.682298213131,  
629, 1862056.219068461, 76.3193611911028, 125.7940898772898, 91.80588591071846, 38.49226052657987, 0.120888633202, 0.783842033318, 0.609079309422, -0.795632609231, -0.290397923996, 0.531636903221, 0.593594718213, -0.548872218775, 0.588544474078,  
640, 1722392.7717125365, 74.36145205492593, 113.73820118429842, 99.49341046868155, 36.3364848198482, -0.966423163656, -0.245025667493, 0.0773866333348, -0.251599884511, 0.841175561557, -0.478666034677, -0.0521897199006, 0.482064411577, 0.874579977033,  
644, 1388122.2684982596, 69.20110627910195, 105.16033520921738, 78.04620572696149, 40.37712160603381, -0.116231100787, -0.787687234066, 0.605011696167, 0.497929520272, -0.573274957208, -0.650708856771, 0.859393113803, 0.225620576917, 0.458845105913,  
664, 1798031.4682167787, 75.43442072359117, 125.9676986417314, 69.0291687481378, 49.36473843706196, -0.945701438179, -0.167891687847, -0.278318470421, -0.279049774601, -0.0197071406053, 0.960074399151, 0.166673372562, -0.985608446474, 0.0282130664383,  
678, 2314838.5065357443, 82.06236511625384, 134.78119524607555, 88.43046787978398, 46.366131495021676, 0.552600907045, 0.402836233633, 0.729626758285, 0.73656614788, -0.645697200454, -0.201358970803, -0.390003265794, -0.648689520648, 0.65352839148,  
679, 1819830.5036399984, 75.73804843574064, 137.40479279087293, 89.73661885853457, 35.23471374510509, 0.0670739722254, -0.4267198868, 0.901893131396, 0.974979713318, -0.163973040419, -0.150091307656, 0.211933104701, 0.889394726893, 0.405044909741,  
714, 1571171.7831689413, 72.11822357014339, 93.32881604419512, 81.10339652204745, 49.554176440882465, -0.745372053242, -0.157649825104, 0.647739943875, 0.13775195315, 0.914244098079, 0.381027726722, 0.652261375255, -0.373234861411, 0.659735429227,  
758, 573877.7588738553, 51.551771620032895, 95.52579581818019, 46.66943699432941, 30.731061245326664, -0.423543481045, -0.497943024373, -0.756745442102, 0.281739137428, -0.866352733325, 0.412378466827, -0.860949463154, -0.038544596762, 0.50722809066,  
773, 2799760.018716637, 87.43340651377544, 126.9610494373179, 106.55932498564322, 49.40492380133417, -0.424117402731, -0.618856130203, 0.661166785925, 0.81362456507, 0.0602036175591, 0.578265156782, -0.39766756948, 0.783193855021, 0.477983147863,  
811, 2777139.0810185885, 87.19729385332282, 128.90027226053243, 81.45043408799884, 63.14831735678713, 0.4729851008, 0.610141384737, 0.635619843186, 0.54300691905, -0.769988169613, 0.335054778386, 0.693850546072, 0.186670054607, -0.69550392553,  
817, 971596.7059763705, 61.44206566752453, 125.33855214278971, 84.65754726461648, 21.85984454049795, 0.829152811349, 0.165726614688, 0.533891659999, -0.283432513668, -0.698560737359, 0.657022759435, 0.481841909373, -0.696094523326, -0.532241288297,  
827, 1159111.459749885, 65.16466946971376, 126.47451000114553, 91.1623617872189, 24.000374399403192, -0.285830468715, 0.280433842032, 0.916328436423, -0.443555548692, 0.808904908161, -0.385916214713, -0.849446536504, -0.516749174936, -0.106821682371,  
841, 767698.8383886146, 56.802496646356225, 100.41544637204807, 77.33034397512209, 23.60216320121731, -0.890552852247, -0.137515790093, -0.433595462188, -0.231111665553, 0.957798523737, 0.170907536324, -0.391794608692, -0.252411163386, 0.88475171048,  
855, 1489655.0182346827, 70.84877815544789, 107.73483775903165, 72.63015764965625, 45.44895958745646, 0.640853919008, -0.274032760459, -0.717085978588, 0.462445185159, -0.60779127294, 0.645549548262, -0.612740324457, -0.74531591606, -0.262780288552,  
862, 73322.88651806425, 25.964720269800274, 82.52310529653643, 49.565026117816906, 4.27956909971886, 0.466818767628, 0.513601729633, 0.719926038916, -0.518789623521, -0.500235291003, 0.693269053227, 0.716196596415, -0.697121163754, 0.0329320258863,  
864, 791862.3279850277, 57.392308133003375, 140.8364334291742, 71.57115417523043, 18.754609843887533, 0.825363760488, -0.531922767291, -0.189295622008, -0.263931012606, -0.659882197024, 0.703488384151, -0.499114298992, -0.530672833004, -0.685033766214,  
895, 920740.8402962408, 60.350786269789, 137.00222498424068, 71.93847987162012, 22.302827270680762, -0.273316981477, -0.0417928291107, 0.961015705944, -0.938820142388, -0.206057661609, -0.275965541942, -0.209558029871, 0.977646970807, -0.0170831083046,  
896, 3017524.068822816, 89.64389354520381, 133.00622383185208, 103.97110696942991, 52.0927760792152, -0.434785082074, -0.755070958641, -0.490744108292, 0.684533353132, -0.631196769058, 0.364698131584, -0.585129063417, -0.177365402906, 0.791306194211,  
911, 2164218.263426566, 80.24244430016499, 104.60729130246742, 79.23790347656711, 62.33292624589406, -0.983734426976, -0.167884819936, 0.0638847745341, -0.149042715383, 0.961377076905, 0.231387953429, 0.100263882697, -0.218102735508, 0.970761737292,  
933, 1987952.7483683047, 78.00201396311517, 118.56416860529454, 83.79087984974583, 47.77131948927919, 0.882438842445, -0.218185928256, -0.416769228778, -0.371082194851, -0.867366269052, -0.331622918349, 0.28913611675, -0.447292584357, 0.846362599581,  
951, 1599226.9060379975, 72.54494562775467, 128.87455685279915, 58.89321796916215, 50.30243499966944, 0.232518672405, 0.24923449628, 0.940115542286, -0.592788874144, -0.730001636198, 0.340145500984, 0.771061876683, -0.63638021419, -0.0219955748546,  
975, 639956.6081296672, 53.45897647900898, 89.86690414647104, 54.859627550186445, 30.989122803365486, 0.230845466009, -0.170739981621, -0.957892598102, 0.431818283878, -0.864240200928, 0.258112077999, -0.871919342905, -0.47321954078, -0.125777286074,  
986, 2722078.1163052456, 86.61717029351718, 121.70585958497449, 96.29566436945585, 55.44900443359567, 0.511152650041, 0.702602678171, 0.495047921906, 0.624850794808, 0.0917102519588, -0.775339096082, -0.590156295047, 0.705647721114, -0.392143903564,  
994, 1539338.4290868368, 71.62783657761365, 108.19714231878694, 98.27855412191809, 34.55977873609629, 0.462791713247, 0.758775171574, 0.458349287283, 0.77422894117, -0.0941556420875, -0.625862813816, -0.431732992491, 0.644511407243, -0.631040148587,  
996, 1418347.7094150186, 69.69977360471458, 103.34014730755955, 71.07310075727759, 46.10199963231403, -0.660778254619, 0.709867165322, -0.243845659833, 0.152446110686, 0.445031413887, 0.882443892829, 0.734936923524, 0.545926412854, -0.402283569376,  
1001, 2316797.6044570697, 82.08550897357628, 118.8004304806186, 86.36892778319198, 53.90436615687048, 0.528635321975, -0.0475667871268, -0.847515248903, 0.260076258438, -0.941335218157, 0.215054288156, -0.808025393263, -0.334103887765, -0.485252054115,  
1007, 474119.97395867534, 48.37265009498602, 103.25399090900179, 53.680363694898254, 20.421016030208456, 0.128096925466, 0.0285895026638, 0.991349493379, -0.902482259781, 0.417842286392, 0.104563829707, 0.411238311039, 0.908069636118, -0.0793258311865,  
1057, 2467309.8711222354, 83.8259265150131, 128.8956217058552, 107.14163818129666, 42.65192520603004, 0.0298284153768, 0.493469645556, 0.869251387431, 0.394827642799, -0.804735865394, 0.443295972721, 0.918270874044, 0.32998165989, -0.218839452609,  
1060, 691031.1537119193, 54.844911403623726, 140.76337208451125, 84.56732597020269, 13.858516948977321, 0.240225304816, -0.970713457198, -0.00268084697869, 0.466022965142, 0.112904544132, 0.877539264007, -0.851536492986, -0.212056473442, 0.479497292156,  
1072, 1169493.5867158913, 65.35865079293617, 121.74219235590179, 57.362846452584314, 39.97950597076856, -0.974755265498, 0.137543302321, -0.175880676511, -0.121736043303, 0.332949557592, 0.935053435832, 0.187169730844, 0.932859277751, -0.307800357,  
1082, 1489471.8106016377, 70.84587355249148, 100.51756034313755, 73.80910757579801, 47.92827355305267, -0.844341013616, 0.378168180483, 0.379574867444, 0.500580877621, 0.80937340198, 0.307137560593, 0.191068149322, -0.449336759499, 0.872690918297,  
1083, 1306583.0322247823, 67.81870118497024, 125.83847288133713, 67.55991564208293, 36.68984413579948, -0.704004247011, -0.573791200868, 0.418499316603, -0.707668641016, 0.517097802316, -0.481471657901, -0.0598591238848, 0.635116934625, 0.770093088295,  
1104, 1263451.6307252448, 67.06408501027482, 94.19737332989521, 65.77979545614691, 48.67866950706984, -0.679360066712, 0.627155364223, -0.380980378607, 0.0358769204222, 0.546951424213, 0.836395233208, 0.732927517793, 0.554545118704, -0.394077359136,  
1119, 421150.057794635, 46.499621567380025, 138.47852936164227, 95.67292180848632, 7.5888640942845855, 0.0262029535301, 0.99859434892, 0.0460731107239, -0.860373249422, -0.000938787043343, 0.509663605095, 0.508990448737, -0.0529947637448, 0.859139265841,  
1130, 1650301.5008928145, 73.30915750164571, 124.33351501351588, 73.7104705043824, 42.9889948030572, -0.333286083438, 0.937385396058, 0.101138547764, -0.185999556228, -0.170534453719, 0.967637414106, 0.924296787655, 0.303688358934, 0.231190027852,  
1132, 1503537.9349452853, 71.0681908974619, 115.88677535955767, 90.25264251598409, 34.31879067283719, 0.471832601514, 0.0781415487878, 0.878218591526, -0.758343147839, 0.544079142005, 0.359017488935, -0.449766235143, -0.835387206981, 0.315972385086,  
1143, 1524725.0110799745, 71.40045374422537, 131.7686607323741, 90.83514175822627, 30.41143300888961, 0.144183531734, -0.448499107438, -0.882076901299, 0.26520738892, 0.87629513436, -0.402208749729, -0.953349961997, 0.17594143379, -0.24529260453,  
1145, 1205640.7796342883, 66.02520727589456, 131.2235491149051, 89.67156790497035, 24.460356180336184, -0.813281196884, -0.541773923499, -0.212260949332, 0.130569002571, -0.525408150315, 0.840772270683, -0.56703212463, 0.656069578169, 0.498043450152,  
1201, 1237734.0432543356, 66.60593189247257, 117.49051334072942, 74.66963291497106, 33.68153759422188, -0.54486664415, 0.644036804165, -0.536970143465, 0.812861947714, 0.248474427177, -0.526797791376, 0.20585381719, 0.723517141414, 0.658898438326,  
1230, 1456920.3872757722, 70.32597097730161, 126.0356550488539, 76.81691874252424, 35.92501064673037, 0.0671030671482, -0.969421075763, 0.2360507493, -0.984436496914, -0.0258143394542, 0.173834413801, 0.162425250261, 0.244041795076, 0.956065709213,  
1231, 1937568.9412776593, 77.33739124548056, 91.88429873964667, 78.39814573045656, 64.21277799027632, 0.367320212325, -0.34724281556, -0.862843142558, 0.0945908257033, -0.908937258786, 0.406061122594, 0.925272088259, 0.230771503075, 0.301025042244,  
1240, 2139720.513441179, 79.9385280283039, 124.5423168579425, 94.45679268175134, 43.422848110341825, 0.251995534355, -0.48193040545, 0.839190881128, -0.128438846741, 0.842848556497, 0.52259905612, 0.959167197788, 0.239477337368, -0.150495486889,  
1249, 2669914.9280869267, 86.06031633409317, 133.05178287770565, 83.31811029774265, 57.49746592464427, 0.360536122007, 0.809096739554, -0.464086382876, 0.309450606227, 0.365612770327, 0.877819813219, 0.879917056906, -0.460097563801, -0.118558866182,  
1256, 1355935.810489634, 68.66206181237413, 122.1480040613962, 65.32346964721332, 40.56905601039011, -0.706384600381, -0.400817546261, 0.583409025431, -0.651176140204, 0.044886360095, -0.75759807887, -0.277471495427, 0.915057653531, 0.292709856239,  
1257, 1169084.4345794662, 65.35102790639439, 122.42757086021003, 60.78702410055961, 37.50309878955126, 0.314781627429, 0.477822469091, 0.820120853939, 0.721298727349, 0.441210534399, -0.533911425481, 0.616960835837, -0.759617635635, 0.205767768797,  
1287, 679643.9778611521, 54.54198688336656, 124.20626044232708, 69.8905295538206, 18.69093582275335, 0.641589450216, 0.718291105479, 0.269111250528, 0.445834013904, -0.634700627926, 0.63117917025, 0.624175463646, -0.284978947819, -0.72745583363,  
1300, 4295145.327118094, 100.83928349792603, 132.62554836060986, 97.31964109774182, 79.44408407500636, 0.183137348672, 0.0149669837198, 0.98297339787, -0.539076198218, -0.834622947604, 0.113143218304, 0.822105567453, -0.550618311293, -0.144782289082,  
1370, 384919.7758444727, 45.126038020308606, 148.04929983582366, 35.16073487097405, 17.652950916922826, 0.830339009385, 0.517985238112, 0.205495553702, 0.335696861762, -0.759291610419, 0.557479925513, 0.444797421864, -0.393913116619, -0.804355462503,  
1379, 2741013.6714717643, 86.81755099065425, 116.74245324506933, 75.68950033509944, 74.05563986504006, -0.277363495739, -0.875368240971, 0.395979714039, -0.367882013745, 0.477503540695, 0.797905503544, -0.887542852596, 0.0756360451294, -0.454474282532,  
1408, 1699355.3439783559, 74.02842860698046, 108.80165893318312, 82.05429870131891, 45.442135989749865, -0.250687836387, -0.904473272847, 0.345085072689, 0.215219844776, 0.295475403411, 0.930792514148, 0.943841102677, -0.307607517275, -0.120588507799,  
1411, 93638.76146434447, 28.170140765702605, 88.36619798202389, 56.28859482225246, 4.494283608023999, -0.153617818811, 0.506177886609, 0.848637444879, 0.952120904935, -0.153912653431, 0.2641527541, 0.264324323755, 0.848584021898, -0.458298821349,  
1417, 1746973.1976427578, 74.7135222312141, 110.70331508395637, 74.03727623324441, 50.88462442129525, -0.964766672206, 0.241312157172, 0.104850898907, 0.223608193645, 0.542003237429, 0.810081394892, -0.138652962232, -0.804985051673, 0.576866035269,  
1422, 213249.53883778382, 37.06236798650026, 92.94317911518489, 65.1147453757264, 8.412065028871952, 0.90019387325, -0.149007430354, -0.40920383217, 0.345166632119, -0.328817009365, 0.879055954092, -0.265539049171, -0.932564292717, -0.244566664355,  
1428, 1283907.656874966, 67.42408475556334, 133.05777680049195, 74.2937752903097, 31.006481644633215, 0.741949102477, 0.669895532824, 0.0274135812503, -0.301320026367, 0.29664595484, 0.906204954294, 0.598930522719, -0.680618213524, 0.42194913956,  
1525, 1118471.5291752848, 64.3940056583645, 112.33772754510741, 57.196610035799964, 41.55663753860576, 0.0460067772612, 0.150332594094, 0.987564421999, 0.871544049263, -0.489146757492, 0.033858822021, 0.488154019383, 0.859148159975, -0.153525543713,  
1610, 47307.402808254694, 22.436072367948, 103.04693199416896, 39.9635633860132, 2.7424658281954972, -0.382510096587, 0.0552669215072, 0.922296911735, 0.196662702071, 0.980205461294, 0.0228261968637, -0.902778936187, 0.190112653541, -0.385807427793,  
1638, 1245552.7280404163, 66.74588604579523, 106.08913190723142, 79.04126757111366, 35.4608152508369, 0.432707193283, -0.713087316443, -0.551607617795, 0.43428080787, -0.371315155095, 0.820685832406, -0.790040926027, -0.594669264991, 0.149009397282,  
1640, 1657406.4786947167, 73.41421188916773, 122.60025896220967, 62.368713675984246, 51.74665105006501, 0.140874224535, -0.989476383777, 0.0330293628308, -0.589854153383, -0.0570912617401, 0.805489084699, -0.795126738701, -0.132955157028, -0.591689441871,  
1649, 284331.6060146403, 40.79236105498498, 109.55194734540808, 38.343887954963, 16.15921577293926, -0.0793237805889, -0.755974821379, 0.649776736483, 0.239768019266, 0.618225574737, 0.748537531242, -0.967584122839, 0.215172507963, 0.132218595692,  
1702, 2087237.5397413191, 79.27953409846717, 103.38215915039247, 101.39006210261401, 47.53815042126303, 0.0492737331505, -0.864684867781, -0.499892167023, 0.0785426395212, 0.502304734215, -0.861116140693, 0.995692298352, 0.00316755665407, 0.0926650613035,  
1704, 682604.8063017868, 54.62107511717603, 120.48027777762394, 78.77449907265812, 17.170348985313083, 0.0482820372275, -0.285457964679, 0.957174276338, -0.987371750054, -0.158399634011, 0.00256576312546, 0.150883637537, -0.945210720605, -0.289500987178,  
1727, 1210999.3529403573, 66.12288093445716, 117.51217218767536, 52.8233095083223, 46.57435404964852, -0.2139621301, -0.895141341094, -0.391078235584, -0.976244197201, 0.181943326178, 0.117660076029, 0.0341683232721, -0.406962658635, 0.912805521544,  
1772, 833122.97546175, 58.37230379088059, 77.97151306266214, 66.98336622245695, 38.08180905494686, 0.801359470591, 0.458524998869, -0.384158592649, -0.559153220964, 0.802362821524, -0.208714106187, -0.212533937007, -0.38205854008, -0.899366775888,  
1800, 2295177.140944507, 81.8293686069514, 118.21855139370665, 91.0507056137121, 50.90479014508412, -0.0622968576651, 0.242114864776, 0.968245575141, 0.964795849288, -0.233756737685, 0.120526996074, 0.255515304279, 0.941667765107, -0.219029106372,  
1814, 1288066.940540591, 67.49681418382865, 138.59419481544586, 77.92899409749427, 28.47119621329622, 0.871613163025, -0.177663419713, -0.456865629411, -0.247214078451, -0.964122078783, -0.0967151312793, -0.423291499391, 0.197241797037, -0.88426239321,  
1820, 354278.95554996247, 43.89539035106678, 62.771117215580766, 51.77380381458405, 26.024764860308373, -0.571504365022, -0.686259608289, -0.449922783144, -0.098036218744, -0.487259389451, 0.867736819091, 0.814721830182, -0.540024108187, -0.211192570896,  
1828, 2240059.2265092474, 81.16901901959301, 119.99879385949338, 89.01753890457023, 50.06317947972405, -0.261662362817, -0.787522188086, -0.557979937952, 0.738357073178, -0.535653311507, 0.409761348055, -0.621579954932, -0.304769311355, 0.721632888998,  
1856, 2441519.8568168725, 83.53283424565329, 108.16581654728914, 83.3684607594801, 64.63679816205466, 0.545540764694, 0.243114681028, -0.802047708011, 0.294525869222, 0.84034471951, 0.455055232637, 0.784627163955, -0.48447497795, 0.386838738137,  
1881, 1571750.3005576804, 72.12707397660053, 132.8589871897924, 73.95311344217008, 38.18981396174571, -0.541262118766, 0.810176839186, 0.225052900529, 0.106313163109, -0.199562501686, 0.9741007747, 0.834106006536, 0.551169934927, 0.0218831600377,  
1893, 2816897.921356972, 87.61144298409317, 140.04577611110946, 80.27045441876088, 59.82142632952477, 0.609534651028, -0.323348762469, -0.72381840748, 0.507639834989, -0.542091889665, 0.669655270338, -0.60890829123, -0.775617148449, -0.166279078368,  
1926, 3543492.897481617, 94.57600953022924, 112.84278414235538, 99.46522534981258, 75.36989210007243, -0.342001605846, -0.860239361339, -0.378184006538, 0.463130778889, -0.504481952723, 0.728702848233, -0.817645878877, 0.0740688907686, 0.570936963399,  
1932, 1184183.5810570708, 65.63116932300237, 115.04531559163692, 81.4024624878278, 30.187277236627004, 0.90549003936, 0.176335402361, -0.385996909954, 0.246393231571, 0.522105128877, 0.816514917093, 0.345511452857, -0.834453150437, 0.429313144069,  
1933, 2830120.9107651813, 87.74831662072174, 133.4463302886823, 91.26694046895874, 55.47486493701734, -0.674088403703, 0.434741614431, -0.597163757, -0.140679873173, 0.718092466593, 0.681580796903, 0.725130331235, 0.543454632978, -0.422898409335,  
1942, 1054484.8185588105, 63.14184106910293, 122.61709896394918, 62.8242347102573, 32.67935517517755, -0.92153734321, -0.337203610924, -0.192516622269, -0.118334841893, -0.22832410834, 0.96636689034, -0.36981859102, 0.913324600748, 0.170506256206,  
1944, 860771.9397690132, 59.011025769869825, 118.1565412136025, 65.11640993499509, 26.70860921080207, -0.93087962922, 0.232213433889, -0.282028433007, 0.316560031069, 0.127372774905, -0.939981873731, 0.182353674579, 0.964288907607, 0.192078213323,  
1950, 2284451.962099911, 81.7017088581497, 117.10154282920568, 105.15628924726077, 44.28896705579241, -0.941074708507, 0.0413867522743, -0.335656863097, -0.136066241472, -0.954948679937, 0.263740396257, 0.309619719881, -0.293870984315, -0.90430939044,  
1991, 909978.685866315, 60.11472576625519, 101.86245882895533, 64.65986599584322, 32.983265852675004, 0.709248120599, 0.695099388912, 0.1174901824, -0.343396741173, 0.195101572231, 0.918702375454, 0.615666940463, -0.691933678936, 0.377070288374,  
2001, 1379005.9305878428, 69.0492832541999, 106.31149209858056, 75.4432071305386, 41.04659807694608, 0.894315593135, 0.156984829582, 0.418993297269, -0.273375771202, -0.549609675472, 0.789426939208, 0.354210823656, -0.820539437144, -0.448608654058,  
2026, 2187012.1248506843, 80.52316941234122, 103.32573283353354, 74.5289716750381, 67.79988516284662, 0.119518559119, -0.694966664215, -0.709039244088, 0.292270586078, -0.657884519868, 0.694093554956, -0.948837825205, -0.290188377003, 0.124488904374,  
2036, 2147564.443174467, 80.03609023235616, 96.15700862497087, 81.43389553691698, 65.47438694356688, 0.380686702065, 0.562089541729, 0.734256754786, 0.844800655572, 0.111479061736, -0.523339537146, 0.3760179347, -0.819528990258, 0.432415016981,  
2039, 2524605.3061595666, 84.46983135754725, 123.18274919808631, 107.81832165812494, 45.37978372485113, 0.459790176886, 0.881719228885, 0.105660752659, 0.654442707522, -0.256015759008, -0.711449698651, -0.600248061896, 0.396266491838, -0.694748250546,  
2042, 1580764.979751955, 72.26470468317126, 119.63285443667236, 76.35563465775017, 41.31303874226131, 0.830781192368, -0.460450316484, -0.312710915155, -0.170820048091, -0.745634348087, 0.64408844899, -0.529738729543, -0.481679276077, -0.69811313798,  
2048, 1603032.7877163696, 72.60244815104303, 129.51184251174493, 65.09278716290201, 45.39535809969478, -0.76531224144, 0.369717470591, -0.526883445406, 0.642960858457, 0.400997030673, -0.65253560507, 0.0299751162583, 0.8381589189, 0.544601798632,  
2050, 1910394.7741335595, 76.97413857659322, 92.40787032765174, 77.2051539822801, 63.92625417337792, 0.669187053508, -0.293841627723, 0.682528962927, -0.54666698067, 0.427472248415, 0.720015756133, 0.503332792159, 0.854941269709, -0.125425378951,  
2082, 490272.79887189966, 48.91586409976682, 95.44724197986159, 77.1048215112002, 15.903923185198133, -0.861134379662, 0.256288099042, 0.43904896134, 0.426566438398, -0.105566345777, 0.898274356904, -0.276565821815, -0.96081848282, 0.0184170919282,  
2088, 3199921.112834835, 91.41487874065422, 124.66452976909575, 106.9692468864477, 57.28604253893789, -0.839698767888, -0.420270017023, -0.343917274934, -0.112085111383, -0.485540673146, 0.866998951861, 0.531359489436, -0.766565957705, -0.360601893331,  
2093, 4464172.294138184, 102.14507841455223, 124.48374965626219, 101.60351243444377, 84.26184325107278, 0.0556891047726, 0.992735454457, -0.106653837592, -0.238673648448, 0.116958766946, 0.964030879366, 0.969501734473, -0.0282305561059, 0.243453121886,  
2116, 2156848.6989459465, 80.15126058871257, 116.2930957086003, 100.48716317801163, 44.062238204287205, 0.625075530647, 0.772774566927, 0.110000225891, 0.648093978332, -0.592355627108, 0.478632433379, -0.435034224212, 0.227890938264, 0.871097551381,  
2138, 994949.8289968409, 61.93044359791309, 139.53299882386514, 54.97761975482607, 30.963476131901977, 0.448426967362, -0.698198219382, 0.558061377802, -0.692612602005, 0.12322005433, 0.710707113904, 0.564978794722, 0.705220578729, 0.42832569016,  
2142, 1460996.514372743, 70.39149518833206, 119.21973727197319, 58.14641738329642, 50.314069887900644, -0.293663515667, -0.274003713297, -0.915796759475, -0.924756259955, 0.32402087524, 0.199590410799, -0.24204875385, -0.9055012079, 0.348539758495,  
2194, 634178.2636183933, 53.29759116059246, 80.67063755749852, 57.89021872480111, 32.4191828196367, 0.339710609617, -0.336087665867, 0.878431433047, -0.368713385918, 0.811624732286, 0.453117791514, -0.865243977592, -0.477818349159, 0.151797511339,  
2232, 1323222.146028342, 68.10537425690794, 124.43470164728579, 73.45561927652129, 34.560308952631125, 0.351307218576, -0.172335922322, 0.920262771198, 0.861890041233, 0.443439571823, -0.245981509395, 0.36568947893, -0.8795803977, -0.30431813778,  
2244, 2658375.004472562, 85.93614711446213, 113.71385908758948, 90.87537346400696, 61.41409104540963, -0.896709923001, -0.41518682144, 0.153398882959, -0.0338723084039, 0.409924456756, 0.911490321658, -0.441320723187, 0.812146441878, -0.381646664115,  
2247, 257290.10024798938, 39.45585773191434, 91.33014273226226, 63.142965364557725, 10.651121941696386, 0.341381869122, -0.388431442331, -0.855908543037, 0.184492189154, -0.865208351057, 0.466237215806, 0.92164041338, 0.317073373007, 0.223703876932,  
2253, 2133264.3979252838, 79.85804831095459, 120.19231316173936, 74.07263362305709, 57.20336758127992, -0.767568430498, -0.104762666299, -0.632347600812, -0.636440028927, 0.00752380335384, 0.771289492967, 0.0760446847715, -0.99446879093, 0.0724501883012,  
2260, 1529792.5823880793, 71.47946837989143, 111.73422914161458, 91.58693506540519, 35.68816175561396, 0.892957665629, 0.346487101466, 0.287355695805, 0.359111861592, -0.933247694805, 0.0093493852198, -0.271413482084, -0.0948442336587, 0.957778311033,  
2275, 1179564.1898100397, 65.54571772828918, 107.13815860856832, 54.83318344797804, 47.93418324891881, -0.746019133369, 0.0124055451146, -0.665808947896, 0.645323967214, -0.233296097687, -0.727413161926, 0.164354586147, 0.972326608324, -0.166037757026,  
2280, 1302472.6285519607, 67.74750911001406, 132.76865965744577, 73.85225729451048, 31.711782275959276, 0.485202088053, 0.14840052149, -0.861717017918, 0.399874526964, -0.914063285688, 0.0677397404923, -0.777611275918, -0.377446148448, -0.502847003161,  
2297, 1772988.9140162286, 75.08257125650128, 126.87123958148464, 80.1337271646189, 41.63311294084362, -0.133664862858, 0.909577777036, -0.393448817457, -0.114745200882, 0.380136882601, 0.917785099771, 0.984361337778, 0.16782198309, 0.0535587404635,  
2315, 1855618.9731964387, 76.23131270045901, 111.03128046289703, 77.43836433736902, 51.5227073383184, 0.528324447038, 0.460478299898, 0.713325321285, 0.731749865614, 0.179137684, -0.657610693606, 0.430598900179, -0.869407514055, 0.242312116226,  
2344, 927320.5280756685, 60.494202373269076, 114.45238120180962, 58.11794018742969, 33.28175491994212, -0.987225701428, 0.0212287923721, 0.15790741849, 0.158873472235, 0.0563532516044, 0.985689368338, -0.0120263984595, -0.998185177914, 0.0590060702985,  
2352, 1967933.8791529643, 77.73930095120241, 126.07474752515226, 77.96897315725154, 47.79384506300556, 0.54340895989, 0.375906847962, -0.750600255773, 0.754549154316, 0.173157591968, 0.632986589167, -0.367916126356, 0.910335372266, 0.189544807283,  
2357, 737817.8320506297, 56.05575151489575, 90.0039166492472, 63.40868827028859, 30.863868516003066, -0.278605115223, 0.365560781965, -0.88811288948, 0.164026578899, 0.929251811873, 0.331038293172, 0.946295129009, -0.0534451571247, -0.318855992564,  
2358, 701375.2672383392, 55.11721679793003, 122.50063608276267, 96.94035214151444, 14.099993132207452, 0.597951717976, -0.437661028307, -0.671495768617, 0.565482315625, 0.824077347815, -0.0335600288033, -0.568052368787, 0.359651705292, -0.740248037618,  
2364, 779664.5905852043, 57.09609422382401, 128.29020763037124, 42.33862753739656, 34.26801257964039, -0.0107546128945, -0.795160919346, 0.606303101301, 0.692875917669, -0.443106848099, -0.568840297343, 0.720976630006, 0.413975160503, 0.555713294309,  
2371, 887727.0360586252, 59.62068284852216, 112.22678585930717, 63.40940581072944, 29.78109272317457, 0.371576840776, -0.747323515728, -0.550852261717, -0.852852892188, -0.0403184484508, -0.520592323225, -0.366841376735, -0.66323599537, 0.65233842349,  
2372, 710500.7192588312, 55.35522718866034, 98.69886783387622, 45.36545672588069, 37.88248448905181, -0.960321744603, 0.0179244305654, 0.27831791468, 0.228239648844, -0.522990213776, 0.821211238957, -0.160277289529, -0.852150192796, -0.498147808766,  
2381, 1179398.1828894236, 65.54264270749071, 128.20599583249415, 86.137637537786, 25.495912045596775, -0.272202566209, -0.809593693714, 0.520061356042, -0.949831637091, 0.312584080863, -0.0105381959209, 0.15403124401, 0.49683925317, 0.854063892445,  
2388, 1457032.3398653208, 70.32777225918758, 126.7674536630974, 66.28242014862138, 41.3975327006849, -0.715449045474, -0.0726595184034, 0.694876433416, -0.123651334893, 0.992045546072, -0.0235792683721, -0.687635812556, -0.102792163627, -0.718742485447,  
2425, 2448530.6956690424, 83.61271284790462, 123.5689811701121, 75.01031052569957, 63.06472616235018, 0.840157919932, -0.256875483206, -0.477650139436, -0.471748829952, -0.780630281274, -0.40996268781, 0.267558799171, -0.569764293446, 0.777033421997,  
2444, 1577026.8731296104, 72.20769718219668, 131.64214889135272, 79.86564710859683, 35.80927322453943, 0.264437166202, 0.910884027478, 0.316801631336, 0.52822954896, -0.411639376259, 0.742648347146, 0.806874543369, -0.0290398415735, -0.590008609144,  
