# Void_ID, Void_Volume, r = (a*b*c)**(1/3.0), a, b, c, vector_a, vector_b, vector_c 

1, 2166026.7285114583, 80.2647888205107, 109.017334589699, 87.18224739489565, 54.40659947666214, -0.530351134466, 0.0721909503384, 0.844698846252, 0.720179380724, 0.564051561644, 0.403964720474, -0.447291106273, 0.822577839779, -0.351135819524,  
2, 1220594.523269304, 66.2970599317772, 120.01282710889569, 72.4163160794163, 33.5288542836464, -0.0516838765393, -0.0979765257348, -0.993845751267, -0.0422434020952, -0.99407059803, 0.100195514426, -0.997769648709, 0.0471619182888, 0.0472385602874,  
4, 1128928.4423944468, 64.59406286642981, 115.34118854969223, 67.73356231251537, 34.49764638226329, 0.158315395829, 0.20794739128, -0.965243035667, 0.493513686826, 0.830040261301, 0.259764134427, 0.855207855646, -0.517485310979, 0.0287832687857,  
5, 1436453.7136817076, 69.99510602402297, 129.43598782470175, 68.10710224935764, 38.90053568597087, -0.706249423518, 0.360850362959, 0.609096681433, 0.70343530533, 0.26052680795, 0.661290067637, -0.0799407467815, -0.895495839126, 0.437831793173,  
6, 1207772.743417268, 66.06410234943024, 109.3557333267229, 69.63486013775002, 37.8641620524314, -0.429818139488, -0.421923555553, 0.798271182141, 0.074391324772, 0.864550133067, 0.497010058462, -0.899845707755, 0.273008389402, -0.340211877439,  
8, 1256403.0460677457, 66.93913927838487, 129.28247337979693, 53.08780737696021, 43.70246468409345, 0.831445838734, -0.55209949817, 0.062321435899, -0.406822427219, -0.681349468199, -0.608488631691, -0.378408945405, -0.480571582916, 0.79111163797,  
9, 2340167.921821639, 82.36059413184877, 123.82424423669747, 78.79065487791736, 57.26351680890385, 0.261172054929, -0.366201280087, 0.893132565853, -0.351802238085, 0.825499530014, 0.441345342363, -0.898901742685, -0.429473105572, 0.0867669786722,  
15, 3257921.771975495, 91.96389301933303, 113.2365572536081, 96.44810876990694, 71.2150313189473, 0.303810305705, 0.628892271685, 0.715677167976, 0.256670468285, -0.777437497153, 0.574204849101, -0.917507258205, -0.00924384310267, 0.39761159755,  
21, 939785.770993462, 60.76405553298288, 113.77581197718335, 55.802544018792986, 35.33754004096685, 0.760257578865, 0.399902165327, -0.511944012511, 0.539746472561, -0.827391296607, 0.155233332946, 0.361499874325, 0.394337292766, 0.844876287036,  
25, 1392628.0611460567, 69.27590014033137, 117.36544823477114, 63.54125630653141, 44.58106853482202, 0.870442501261, 0.0900496434496, -0.483963752478, 0.255905964593, 0.757069669692, 0.601130312426, 0.420525848532, -0.647098583638, 0.635941376048,  
30, 1706243.9511565233, 74.12832241982768, 113.16002774492434, 75.72213311993285, 47.537531970264254, -0.242454009404, 0.431327675934, 0.869006610617, 0.949734190671, 0.288372818426, 0.12184451019, 0.198042976129, -0.854866980042, 0.479563787248,  
32, 3285153.303529946, 92.21941095942871, 127.46204737683323, 112.12894564342373, 54.87422543155666, 0.749235472965, -0.472583946665, 0.464015753402, -0.150695506094, 0.560590212472, 0.81426622067, 0.64493183399, 0.680002225758, -0.348797795966,  
33, 3044420.981193442, 89.90945511090403, 111.16507979587495, 82.38979727461887, 79.35499683945908, 0.157399247144, 0.960845695009, 0.228037337692, 0.715990707105, -0.2700707582, 0.643753907099, -0.680134386969, -0.061946234337, 0.730465522604,  
34, 2735621.3598318696, 86.760582453532, 115.09456774687122, 97.21587371164513, 58.368074531692976, 0.186751193575, -0.873453725717, -0.449669412713, 0.972039645523, 0.230609915389, -0.0442492311401, 0.142347881018, -0.428832899806, 0.892098326875,  
47, 3538451.1078059906, 94.5311330301507, 127.29204064206246, 94.7896886188856, 70.01034929523674, -0.907858536462, -0.411455346748, 0.0806062987979, -0.368820429555, 0.875144031098, 0.313200280294, 0.199410051192, -0.25461229834, 0.946260116996,  
49, 1302410.1824282838, 67.7464263906662, 136.427465559276, 65.94508222248976, 34.56009664754236, 0.219094168326, -0.965266977576, -0.142328519305, -0.757541167311, -0.076352248722, -0.648306805413, -0.614922048097, -0.249859953008, 0.747957805393,  
51, 1368683.7512216093, 68.87656829520374, 108.0491454409337, 58.41214831471706, 51.771409195398675, -0.996820964088, 0.0680592317593, -0.041423502099, 0.0702581198235, 0.505687941533, -0.859850860549, 0.037573423489, 0.860027701159, 0.508862055067,  
64, 1720849.6951097802, 74.33923882879955, 142.8956326473973, 94.31441403731186, 30.48297174219853, -0.1537854225, -0.980321463924, -0.123773467257, 0.00977315166457, -0.126766523604, 0.991884435809, 0.988055934314, -0.151327710164, -0.0290756737382,  
68, 2144162.080284422, 79.99380112391577, 123.08752611023785, 85.24503117132178, 48.78495232810533, -0.215664710048, -0.811035588586, -0.543792246072, -0.834703359137, 0.44210962986, -0.328343383413, 0.506713957856, 0.383093133889, -0.772321575305,  
70, 1627520.0197146647, 72.97026274733153, 105.45077789743793, 73.38817210659451, 50.20672250053136, -0.391633565897, -0.556005248037, 0.733131171222, -0.919463644252, 0.206365789271, -0.334663663874, -0.0347815606525, 0.805152982466, 0.592046381515,  
71, 189082.07839565282, 35.60578671769838, 88.59819394644445, 70.97578909128065, 7.1783835504869495, 0.343232842809, 0.902466463475, -0.260279653296, 0.48770444942, -0.408071695809, -0.771765418437, -0.802705167315, 0.137955693546, -0.580200517911,  
74, 953998.3699870518, 61.06884053219428, 150.53172405881955, 65.53150336689497, 23.087709877466274, -0.127493436345, 0.111521453651, -0.985549790251, -0.98753365744, -0.106760799828, 0.115669386805, 0.0923184657185, -0.988010676559, -0.123742490244,  
76, 180842.82701751226, 35.080913415266664, 108.91775851782265, 53.981108090269956, 7.342977336677202, 0.706212579502, 0.287887675815, -0.646826467198, 0.568943214106, -0.774515076248, 0.276459790543, 0.421387484005, 0.563246911024, 0.71076402944,  
86, 847459.4221988558, 58.705226467329766, 145.07072640076294, 91.03117963262022, 15.32005579748891, -0.258555442988, -0.537060372612, 0.802941616228, 0.110237130134, 0.809371381245, 0.576858511562, -0.959685812149, 0.237663887437, -0.150063381834,  
88, 3088254.7539897314, 90.3389079705715, 109.83531387061201, 100.12673771200225, 67.03975948244992, -0.538213929957, 0.837421069616, -0.0951405158915, -0.661774561558, -0.489808244481, -0.567575821643, -0.521900560716, -0.242515640324, 0.817805581372,  
89, 191404.77072429127, 35.75098811247403, 142.25668686218933, 48.74993601095134, 6.5889681640351165, -0.162534389775, -0.538066155562, 0.827083662261, -0.143697316503, 0.84220090508, 0.519662117835, -0.976183206868, -0.0343867375786, -0.21420527283,  
90, 1877195.3611263987, 76.52563717371204, 141.21029051695155, 64.65087602319183, 49.08853854246095, 0.306394613374, -0.83898110035, -0.449703295686, 0.359912811409, -0.335250424553, 0.870672108788, -0.881240664677, -0.428623221597, 0.199241122332,  
93, 1940509.7498446826, 77.37649858414044, 100.59725692012923, 87.22500993575318, 52.79588250411784, -0.938892979395, 0.330537568426, -0.0960462862506, 0.332133565673, 0.796709728281, -0.50491672919, 0.0903729373029, 0.505962967737, 0.857807791689,  
94, 1766511.0708721057, 74.99101838719383, 100.97576031611875, 84.78695936334826, 49.25854295231049, -0.979843103748, 0.194542739473, -0.045393992508, -0.145369491789, -0.538508556652, 0.829985689798, 0.137022636431, 0.819854655979, 0.555934474713,  
98, 2038245.6674195267, 78.6543306425291, 117.43067868340856, 94.68595284086642, 43.76236597909569, -0.153863069449, -0.0783458427379, 0.984981261134, 0.28864330528, -0.95693386188, -0.0310262196176, 0.94499269742, 0.279534457469, 0.169850784251,  
102, 1058631.7666386697, 63.22450495328584, 144.0840811271939, 50.50995218055596, 34.726687104273495, -0.380671255317, -0.0437966537998, -0.923672695543, -0.0650285848095, -0.995136906185, 0.0739852762826, -0.922421096102, 0.0882291962158, 0.375971980873,  
104, 795880.7030653151, 57.489225152454345, 103.16800138596552, 73.14930109129737, 25.177010866181444, 0.6504488432, -0.663660227436, -0.369420363406, 0.188371388861, -0.330224078965, 0.924915281272, -0.735820985185, -0.671198301689, -0.0897792713854,  
112, 1975986.5095000162, 77.84519101537275, 115.28466833711724, 97.15180285559897, 42.1185049737693, -0.120688757373, 0.957295603382, 0.26271534327, 0.63403972343, -0.129298076883, 0.762414346945, 0.763824490938, 0.258586803724, -0.591358615379,  
113, 2073233.331161894, 79.1018288053217, 121.53737613662916, 70.44104131749353, 57.81279277436935, -0.784734215493, 0.618044073914, -0.0470503319201, -0.166464399908, -0.137023527047, 0.976480494735, 0.597060980635, 0.774109860249, 0.210409385882,  
116, 2102439.5470576594, 79.47154129248766, 146.69410119390474, 91.05870014575729, 37.57515759510829, 0.0118442307239, -0.216856805192, 0.976131569124, 0.47478824231, -0.857916516663, -0.196355227589, 0.880020362925, 0.465781468587, 0.0927997002048,  
117, 1998150.0510735554, 78.13515830456564, 104.07706434612376, 82.56546581981694, 55.51189076875049, 0.117527633535, -0.888804557869, 0.442960171197, -0.632914477799, -0.4107623996, -0.656272439515, 0.765249318293, -0.203225758668, -0.610813205379,  
120, 802979.7669151622, 57.6596494438667, 115.2145070568887, 95.8504828018983, 17.358593064218617, 0.64460697306, 0.330215810542, -0.689521115522, 0.280746653518, 0.736650549422, 0.615245710732, -0.711099969639, 0.590172420996, -0.382143097117,  
121, 1048792.1155343126, 63.028010907969076, 121.26594927084606, 60.98080579017348, 33.85858270984065, -0.626715565609, 0.638737504611, 0.446365321263, 0.773472392707, 0.579514055048, 0.256717583585, 0.0946998286293, -0.506140158658, 0.857236304791,  
123, 1438154.84374927, 70.0227258504855, 90.63156649334017, 63.70095011746847, 59.46913787008132, -0.978402661412, -0.179272801332, -0.102905271216, -0.128699810548, 0.917882287491, -0.375404402045, -0.161754724525, 0.354052777157, 0.921130848512,  
125, 2693004.526891778, 86.30768967854483, 123.40699443395087, 106.75123082345083, 48.801796300506744, -0.819636025675, -0.452115269564, 0.351835996515, -0.561814989734, 0.754497388714, -0.339260383384, 0.11207454094, 0.475736769076, 0.872418376596,  
129, 800736.3263731471, 57.6059010362223, 127.10999628879321, 90.6096232909519, 16.597661038539428, 0.575508959354, -0.817608601548, -0.0174817727506, -0.00367731669588, -0.0239637436702, 0.999706064967, 0.817787206457, 0.575275511094, 0.016797954943,  
133, 2351776.0362552716, 82.49654943989479, 122.70093917782745, 103.67825727179269, 44.133846075611885, -0.354917263222, -0.590967526824, 0.724424681045, -0.73956703945, 0.651487027541, 0.169130857933, -0.571904126954, -0.475733155441, -0.668284097063,  
135, 1027338.4303784431, 62.59528796224844, 107.08750919737626, 57.40297772362429, 39.8980514729267, 0.349166973613, 0.906648681466, -0.236792299146, 0.794451269647, -0.420424890336, -0.438280836613, 0.496920119028, 0.0350867493868, 0.867086682704,  
141, 1840364.6515151812, 76.0218483508785, 124.61284522821614, 78.99682305982174, 44.631638986253435, 0.894350555792, -0.411163995121, 0.176298759127, -0.337859356691, -0.362460899287, 0.868604139747, 0.293237341501, 0.83640078049, 0.463082709616,  
144, 3181224.394644028, 91.2364891482116, 111.66433810463596, 100.36991259700233, 67.7622242318168, -0.828343478151, -0.00961354714701, -0.560138073974, -0.558467945441, -0.064856856081, 0.82698678474, 0.0442790708943, -0.997848268992, -0.0483548958245,  
147, 2981498.3316100375, 89.2857162982131, 140.33744955086874, 83.08034027701895, 61.0483759713995, 0.218725541123, 0.903960064543, -0.367444335066, 0.55675840569, 0.193637488805, 0.80778994833, 0.801360852147, -0.381262015733, -0.460933899822,  
151, 2379285.1848497163, 82.81696236669383, 130.95363217765274, 100.84252973871449, 43.012690642315036, -0.255228493515, -0.737185168509, 0.625632834359, -0.902555119431, 0.413720361378, 0.119288385732, -0.346774671058, -0.534222322551, -0.770943472377,  
154, 691224.5550451715, 54.85002747281854, 101.20677850992803, 88.7287514394387, 18.376236724265077, -0.519695960538, -0.602701201455, 0.60553065188, -0.591522955769, 0.765238628912, 0.25398904232, -0.616454946771, -0.226188201694, -0.754203020423,  
163, 997508.0076964424, 61.98347593792636, 123.52922813202093, 98.25694897168509, 19.61980918155649, -0.426791812614, -0.235986738063, -0.873017186626, -0.194869980716, 0.966673365135, -0.166037031272, -0.883104999024, -0.0992615967845, 0.458555008808,  
164, 1307524.062573319, 67.83497879334949, 120.9801508353468, 76.64023972902662, 33.66589034491012, 0.328811495864, 0.826423796762, 0.457063133859, 0.486303326854, -0.563042767518, 0.668200506014, 0.809562890997, 0.00255931465868, -0.587027576379,  
165, 1399531.0468581633, 69.39017391251905, 117.19723469994837, 72.24623767368244, 39.46038588027654, 0.208216926907, -0.549378256867, -0.809215201433, 0.845987554744, 0.516376876065, -0.132890854025, -0.490867363519, 0.656915864283, -0.572285574417,  
166, 417262.7205324736, 46.356110774569444, 120.27392142928574, 48.16091786279472, 17.197081512501118, 0.113221942739, -0.465872123764, -0.877578461439, 0.835078760049, 0.523202137112, -0.170008788704, -0.53835328196, 0.713598408085, -0.448277877863,  
167, 1458935.8533770882, 70.35838507998207, 122.4535056013089, 91.34803496049405, 31.137027902343277, -0.730260283662, 0.535901811015, 0.423708823434, 0.677242904712, 0.486358859813, 0.552084330061, -0.089788452055, -0.690119053811, 0.718104258061,  
168, 2659253.1761587467, 85.94560883232685, 146.06830768673518, 77.05177432250615, 56.406926392016466, 0.76803759679, 0.229138010368, -0.598008379641, 0.376480517711, 0.593842194243, 0.711065305102, 0.518054697595, -0.771263392455, 0.369827134968,  
170, 3132706.0395188443, 90.77028067516318, 132.16071529365385, 78.02080688512949, 72.53009012264414, 0.235093067722, 0.0956578587409, -0.967254270381, 0.670790348821, 0.704201945231, 0.232679883663, 0.703399998178, -0.703526257075, 0.101386627168,  
179, 2584220.493901635, 85.12954633527778, 119.6582190249716, 100.2755268287219, 51.41661363447278, -0.907514881503, -0.418685023513, -0.0334602889473, -0.395185366067, 0.824155619662, 0.405704376395, 0.142285861199, -0.381405775605, 0.913391683802,  
182, 442854.87424891826, 47.28509579981597, 128.34149359148296, 37.036607128515925, 22.24203582343273, -0.66608885103, 0.507517950992, -0.546581349804, -0.332926813622, 0.453452839327, 0.826764935927, 0.667446911225, 0.732670493419, -0.133073546463,  
185, 1786931.4164607679, 75.27887005877997, 121.27441664270914, 74.96734903812744, 46.92215253557196, 0.828563835864, -0.305150244144, 0.469430823868, 0.300658020402, 0.949780763749, 0.0867251727058, -0.472320574045, 0.0692808004567, 0.878699861171,  
194, 1470019.228265668, 70.53610409867731, 103.46719199258682, 75.01462612040136, 45.215339307769135, 0.750161419952, 0.626735379677, -0.21085684214, 0.190919139022, 0.100011938881, 0.976497564993, 0.633093773758, -0.772787406693, -0.0446306809992,  
208, 2712729.2199790087, 86.51789518913796, 133.97688785009228, 82.82216281020385, 58.36350740467115, -0.705048196286, 0.610210150615, 0.361317883589, 0.687308796458, 0.462478326832, 0.560107503541, -0.17468159384, -0.643239744806, 0.745472314359,  
211, 3367329.9828765546, 92.98202981475856, 116.79712749641064, 102.72707902773101, 67.00079667404496, 0.548442107928, 0.687126336094, -0.476517211124, 0.73334440904, -0.669052891878, -0.12072367456, -0.401767634312, -0.283241286037, -0.870837035216,  
216, 2073018.8722203567, 79.0991012333387, 133.57038973238616, 76.07206139727391, 48.70564157295655, -0.0374645974779, 0.878031505711, 0.477134235739, -0.531281869719, -0.421899100567, 0.734670486578, 0.84636633844, -0.225968634812, 0.482288500006,  
225, 3267489.6008981126, 92.05383121761415, 118.89267549070316, 89.21201448430992, 73.54398495641553, 0.794691938435, 0.592059511158, 0.133903914186, 0.476776832103, -0.745344636142, 0.465988439497, -0.37569745189, 0.30647497226, 0.874599631844,  
234, 594370.3933781445, 52.15823094940494, 123.92657922862733, 42.097046890036715, 27.19897049784352, -0.63229922783, 0.317362191574, -0.706738230071, -0.045320945993, 0.895530151469, 0.442686977066, 0.773397503448, 0.311940678926, -0.551859868528,  
235, 988562.6639664323, 61.79763641927001, 142.12052115109842, 85.6626384518903, 19.385069240642853, -0.265162367119, -0.951691786498, 0.154827848191, -0.122884780571, 0.192622017067, 0.973548195646, -0.956341073973, 0.239122357911, -0.16802454636,  
244, 1459418.305398269, 70.36613977415803, 96.79349159958305, 67.2041760540137, 53.561010604774054, -0.330822132108, -0.913251264314, 0.237757954939, 0.0883767539315, 0.220854847418, 0.971294335275, -0.939545776571, 0.342337939179, 0.00764651075463,  
251, 3219181.720971769, 91.59792338932414, 115.00678579944837, 102.83500708777962, 64.98190447879453, -0.836055628481, -0.0337719118466, -0.547604276878, -0.449830474087, 0.61362434903, 0.648935823376, -0.314107514504, -0.788875539137, 0.528215725896,  
253, 1810264.6048067596, 75.60511010775235, 116.8211968991387, 87.13552291613236, 42.455753912549575, 0.750947068426, 0.633639213351, 0.185956574842, 0.457113020948, -0.702008005735, 0.546106625087, -0.476577576584, 0.325093997466, 0.816815588924,  
256, 590842.603200043, 52.054833840603024, 86.92056525500699, 62.404430664719065, 26.004303515363887, 0.898378266297, -0.208889514312, -0.386369850605, 0.318146105232, -0.297000988672, 0.900318537215, -0.302819329588, -0.931748669727, -0.20036184789,  
259, 1035811.3366869005, 62.76690054588612, 130.894633099482, 105.10674330493629, 17.973788653842867, -0.805217575096, -0.592387877945, -0.0264812918872, 0.158066637396, -0.257469591057, 0.953270343514, 0.571523923295, -0.763404225653, -0.300955799673,  
262, 2949680.2469940353, 88.96696530049611, 127.3534535797968, 90.1093412440174, 61.362887714008245, -0.727006913176, -0.180615788239, 0.662449156715, 0.072685101287, 0.93911837564, 0.335817737152, -0.682772161299, 0.29229200053, -0.669617474519,  
270, 2729042.748412378, 86.69097946157474, 123.96923826101691, 102.02101417090466, 51.513156245728545, -0.999046193672, -0.0282425735564, 0.0333025516813, -0.0266807182247, 0.998564438673, 0.046445678938, -0.0345664893298, 0.0455128427579, -0.99836553374,  
275, 1021404.0706098825, 62.47452914951266, 76.50628821396947, 59.992029501382355, 53.127366499559386, 0.659695675281, -0.460865230791, 0.593636972453, -0.264215111079, 0.59724992247, 0.757286541005, -0.703556672268, -0.656426514667, 0.27223563277,  
277, 788481.46557197, 57.3105126437582, 113.46556072047765, 50.57467610447667, 32.80240648032329, 0.584501580215, 0.623804720774, -0.518869514488, 0.3601649549, 0.373559636047, 0.85483004368, 0.727075723696, -0.686528126631, -0.00632640154955,  
285, 3135284.5693377038, 90.7951781796652, 135.15921273095256, 103.33868711932358, 53.58950710445008, -0.00765104378286, 0.752108840251, 0.658994502211, 0.898119532048, -0.284598404182, 0.335238802187, 0.439684850414, 0.594420760701, -0.673306164805,  
291, 1754705.5030073742, 74.82359022871341, 89.48868635446749, 85.88024184091054, 54.50724567858124, 0.453674535358, -0.42672147738, -0.782360656418, 0.184020386722, -0.814127056526, 0.550757326871, 0.871960958552, 0.393834884913, 0.290823262802,  
292, 942332.3037685509, 60.818890053005475, 97.19627126766756, 78.93364979652245, 29.3226813559913, -0.827803047242, -0.488875047091, -0.275215012871, -0.551693771278, 0.798432897743, 0.241120074931, -0.101863132243, -0.351434341143, 0.930654504183,  
293, 2545966.055006008, 84.7073963850578, 111.69061300894721, 107.68369935093692, 50.53559207834208, 0.144484989679, 0.911864993102, -0.384221709579, -0.151409742974, 0.404097131077, 0.902097887365, 0.977854374378, -0.0721646936534, 0.196451214046,  
294, 762202.3966152794, 56.66661015696535, 115.09020372665455, 53.21093468000942, 29.712723002470312, 0.709175166568, -0.699053624572, 0.0916221212107, -0.559289723894, -0.636928797126, -0.530581484918, -0.429261677616, -0.325031902071, 0.842667594468,  
295, 3411393.9673129492, 93.38585283303837, 101.59154490858636, 95.18326496565321, 84.22191369513955, -0.684925207741, 0.635518676165, 0.356361434566, 0.513744318102, 0.0744127335117, 0.854710196914, -0.516666464384, -0.768491221379, 0.377461265887,  
296, 2144361.2839455986, 79.99627832542096, 114.7713637087819, 79.2021460964924, 56.316915031132986, 0.642521814894, -0.099651929699, -0.759759968867, 0.290616542057, 0.949121998268, 0.121282553924, 0.709018859318, -0.298725501607, 0.638792088101,  
297, 3867173.7576403655, 97.37220966695423, 117.60390393874358, 93.58984165872322, 83.8792667841388, 0.00665464894328, -0.592036895597, 0.805883384802, 0.780618141587, -0.500601907333, -0.374209897518, 0.624972825548, 0.631577425679, 0.458823411238,  
298, 3300667.584025604, 92.3643531034761, 97.46188296314784, 95.55041915684048, 84.61469326705043, -0.44227920715, -0.305914456039, -0.843092787603, -0.258955934423, 0.943552496283, -0.206520000932, -0.858679758088, -0.126984378346, 0.496532013778,  
299, 3112790.5786208874, 90.57752120065737, 127.02349947449304, 85.57439295525957, 68.36493318549708, -0.652839478012, -0.732748786155, 0.192041225622, -0.754934816012, 0.650206942904, -0.0854655192023, 0.0622417827694, 0.200773872275, 0.977658331264,  
300, 3330053.4760898273, 92.6376507083629, 95.75692242635539, 91.6585415082695, 90.57732203985302, 0.190057696621, 0.680472611651, -0.707697037403, 0.812638762256, -0.513521007003, -0.275525711043, 0.55090499547, 0.522736262527, 0.650577040638,  
301, 3925876.0050384616, 97.86242873296965, 101.58937008372887, 99.56709353791334, 92.65820275234368, 0.231184058394, -0.812044131444, 0.535852834024, -0.579903714579, -0.557254920101, -0.594288344023, 0.781194990359, -0.173353057691, -0.599735862215,  
302, 3379818.768921633, 93.0968388806926, 104.83730972669626, 92.0158144198365, 83.64239539859115, 0.772699594545, -0.108610086151, 0.625411213344, -0.564988381735, 0.331436004094, 0.755604594808, 0.289350073605, 0.93720543339, -0.194737029166,  
303, 2885018.729361393, 88.31205874026405, 100.1391068582281, 84.18029395786708, 81.70448107647255, -0.881344789456, 0.293242325177, 0.370459580554, 0.442593145325, 0.786829043777, 0.430129473043, 0.165356190723, -0.543055240831, 0.823254720968,  
304, 2303241.277963496, 81.92509279566374, 126.51465807598538, 73.97361811087696, 58.75341556596512, 0.125522315171, 0.207631580403, 0.970120237503, -0.360339580419, 0.920614751255, -0.150412321816, -0.924337349228, -0.330692616473, 0.190375571523,  
305, 3507345.7319864575, 94.25331986952638, 107.21381046026868, 93.47881561101819, 83.54607202615607, -0.427467807198, -0.882149722249, -0.197694565796, -0.891239513909, 0.447875832452, -0.0714098561278, -0.151536802976, -0.145667794112, 0.977659189648,  
306, 2756346.1405600524, 86.97912784687033, 112.87105297302143, 85.41038066542734, 68.25774109891023, -0.144565602115, -0.986972227306, 0.070615927459, -0.56095091489, 0.0229564294343, -0.827530708452, 0.81512873693, -0.15924454425, -0.556961683922,  
307, 2445123.232700887, 83.57390869380008, 126.10924159058517, 77.09955039967014, 60.03622595855594, 0.370136481145, -0.92867669167, -0.0236344594573, -0.704151285972, -0.297061915259, 0.644922619363, 0.605945502326, 0.222067153922, 0.763882338688,  
308, 2467108.5655854484, 83.82364669299852, 115.87291975723231, 80.69084059968523, 62.99316967571088, -0.977285706863, -0.143377980922, -0.156062172698, -0.197755064663, 0.352208780349, 0.914790636947, 0.0761943669879, -0.924873899314, 0.372562328755,  
309, 3850936.7537022913, 97.23574041967977, 106.98290505600694, 95.53757205728293, 89.94751920917291, 0.0842939263225, 0.243060765654, 0.966341553585, -0.9636021663, -0.227034485322, 0.141160219527, 0.253703368302, -0.943067763564, 0.215076252148,  
310, 3348844.361740229, 92.81156978672803, 96.16269280232241, 93.80119352889396, 88.63216833499077, 0.629403913564, -0.247501751316, 0.736609527963, -0.746411862393, 0.0711133578705, 0.661673803329, -0.216148202096, -0.966274170941, -0.139979217394,  
311, 3331493.8984208046, 92.65100565964784, 108.3268394421774, 97.33200297600972, 75.43253099269133, -0.929326517459, 0.036966367968, 0.367404016834, 0.366655240094, -0.0255713864467, 0.930005397354, -0.0437739518273, -0.998989285145, -0.0102102549904,  
312, 3270658.9495550953, 92.083584580134, 111.74096785055515, 85.8466859640369, 81.39742904586313, 0.793666049766, 0.588040953257, 0.155891111807, 0.435860631224, -0.370875082894, -0.820047061477, 0.424405126733, -0.7187903103, 0.550654863069,  
313, 2769388.0817715176, 87.11609567332614, 102.85676641263387, 96.95899267450285, 66.29400362870969, -0.851577456968, 0.523159476243, 0.0334663592487, -0.47352003287, -0.79502684851, 0.37909245392, -0.224932463765, -0.306979596334, -0.924753434262,  
314, 944345.7369645464, 60.86217544209958, 103.86570718986985, 60.08028335254867, 36.12752915365329, 0.521730346066, -0.161464514981, -0.83769126556, 0.751680417295, 0.551377281996, 0.361883466261, -0.403452594798, 0.818481706149, -0.409039974148,  
315, 2933437.17441476, 88.8033591374484, 114.02589096680265, 86.65269082504756, 70.87656381662471, 0.358267179263, 0.603472633001, -0.712366064241, 0.746747014529, 0.272746371224, 0.606612160508, -0.560369096717, 0.749286459375, 0.352925313971,  
316, 2555230.3585657715, 84.81001690665184, 114.97402851647252, 91.73507587596066, 57.83706900278529, 0.558319965651, 0.636487419855, -0.532130228724, 0.334917158268, 0.413901144925, 0.846472881626, 0.759018651321, -0.650822254226, 0.0179187150862,  
317, 3200866.6544511155, 91.4238818855089, 107.72145145737788, 94.62957248910544, 74.96350741402605, -0.897512883632, 0.363340578545, -0.24990847864, 0.334323466442, 0.930170611161, 0.151691970514, -0.287573370638, -0.0525952290081, 0.956313389212,  
318, 2833123.7821827913, 87.77934047465345, 102.03714399078844, 98.75352660297008, 67.12217680543824, 0.184269884986, 0.276756951198, 0.943106674481, -0.503054187529, -0.797776441163, 0.332399209288, 0.844382078147, -0.53568492595, -0.00778242982993,  
319, 3194602.6096946923, 91.3642045820544, 100.81962466807798, 93.84382000301596, 80.60787616871205, 0.744079716057, 0.0196947102249, -0.667800490073, 0.520953882665, 0.608696190882, 0.598411229292, -0.418273150333, 0.793158915726, -0.442658453117,  
320, 3413061.201975228, 93.40106369942428, 107.64347427281702, 89.18652614403909, 84.87279645852949, -0.998944375343, -0.0425742597476, 0.0172501413766, -0.0361797684471, 0.960584018529, 0.275625411932, 0.0283047580043, -0.27471034883, 0.961110329213,  
321, 3176231.624410178, 91.18873380987066, 102.96044185665056, 88.16163709366677, 83.53596856529292, 0.345171964543, -0.172758090326, -0.922502551281, 0.766839124947, 0.618619505345, 0.171077947313, -0.541122972479, 0.76646236035, -0.346007772778,  
322, 3366617.2695757523, 92.97546930482892, 107.77898663990548, 90.42710246153383, 82.46552469600428, 0.172608698284, 0.473602806858, -0.863658855459, 0.936107613553, 0.193916891622, 0.293425927606, -0.306445383591, 0.859125497515, 0.409871451062,  
323, 3800602.182182712, 96.81023359119648, 109.89378048725239, 95.3033509358549, 86.63283350445158, 0.645754784495, 0.66368974902, -0.377513808155, 0.243386667126, 0.289710807735, 0.925651434476, 0.723715198519, -0.689625670148, 0.0255489041954,  
324, 2185113.850539709, 80.49986527235603, 118.36932449984175, 81.13446187502434, 54.317644863062775, -0.851245361473, 0.157623732284, 0.500535806502, -0.116902765232, -0.986814117335, 0.111944813676, 0.51158095943, 0.0367784835053, 0.858447590188,  
325, 2341100.933527582, 82.37153824510885, 134.3793944671702, 91.36341213617918, 45.522545466058205, 0.626098510493, -0.741654050588, -0.24072790533, 0.268528062174, -0.0847591607918, 0.959535598343, -0.732047358429, -0.665406006817, 0.146087340685,  
326, 3109660.1330276704, 90.54714726445897, 114.10190618780439, 87.0042158231125, 74.78097439811775, -0.735294922518, 0.615872673739, -0.282917349523, -0.028312894008, 0.389160759787, 0.920734643138, 0.67715563717, 0.685021717016, -0.268710792981,  
327, 3745945.0583725017, 96.34390933898023, 102.27799788874334, 97.59679111359937, 89.5890718393456, -0.0867324734476, -0.0325035942315, 0.995701257613, -0.231167579071, -0.971531283996, -0.0518508881627, 0.969040261514, -0.234671004982, 0.0767495341031,  
328, 3582123.1641145814, 94.91844940532671, 104.5288392725615, 97.80232593949754, 83.6501248770777, 0.380564537684, 0.699699451945, 0.604641471952, 0.853906315536, -0.0148975630248, -0.520213482047, -0.354985403847, 0.714281974828, -0.603147265178,  
329, 2769028.934811617, 87.11232963878535, 113.15584947305561, 97.06696104870319, 60.185301751424625, 0.102338570016, -0.952044587897, -0.288336469673, 0.0154188731087, -0.288305337539, 0.957414377738, 0.994630119914, 0.102426241769, 0.014825301277,  
330, 2900943.695163377, 88.47425142065099, 94.29694915409442, 87.41740852895632, 84.01466897093674, 0.778202178391, 0.527217773004, 0.341237145364, -0.382759695534, -0.0326058802884, 0.923272371538, 0.49789194111, -0.849104396643, 0.176423747207,  
331, 2511977.8633635747, 84.32876359395496, 94.69261729202121, 87.45958985128074, 72.4108493602822, 0.873486558245, -0.176047464446, -0.453903649277, 0.137016065885, -0.805752791661, 0.576184897771, 0.467170022855, 0.565481855582, 0.679692901797,  
332, 2915731.018408298, 88.62432679682793, 112.458369154448, 87.95736227325509, 70.37118585678326, -0.0548262809626, 0.101625956748, 0.993310748875, -0.976191893434, -0.21454553713, -0.0319311711686, 0.209865352334, -0.971412568074, 0.110969169038,  
333, 3293630.5668568206, 92.29866619002756, 99.99483118546753, 94.01180616635129, 83.64236945534539, -0.31035398936, -0.899622368285, -0.307180721676, -0.949929434718, 0.305814586777, 0.0641210384415, -0.0362556250056, -0.311700229381, 0.949488544775,  
334, 3188021.35378808, 91.30142112425258, 98.241384386544, 90.07300513736016, 86.0089183705018, -0.213127829446, -0.956977908992, 0.196900507912, -0.972965976951, 0.189538176336, -0.131956384491, -0.0889591817186, 0.219701072851, 0.971502806263,  
335, 2615635.909284126, 85.4731206700836, 97.58278956523652, 87.09632617009525, 73.47094340216016, -0.605435955233, -0.339361970479, 0.719917187671, 0.580155069001, -0.807408200571, 0.107294424665, -0.544855393682, -0.482623508176, -0.685716522575,  
336, 2705149.0857795556, 86.43723484065805, 139.74183417930996, 82.7560651246469, 55.84397494744076, 0.866227598911, 0.164099189932, -0.4719334728, 0.326851887186, 0.528293328894, 0.783628740213, -0.377912146838, 0.833053188284, -0.403986131894,  
337, 3667149.8838348207, 95.66359200012933, 118.88832046590308, 95.08300892547855, 77.44581297455917, -0.575555380485, -0.736512793625, -0.355365880215, -0.792683532535, 0.395677614332, 0.46378016642, 0.2009697023, -0.548623851417, 0.811555942874,  
338, 2395990.5163514614, 83.01033409905867, 96.36608438749056, 93.39703984536928, 63.55345433643424, -0.550239526665, -0.730417449625, -0.404631699918, -0.0380594517362, -0.462142829033, 0.885988421881, 0.834139042024, -0.502905910541, -0.226489963827,  
339, 3437475.3600317976, 93.62323890307452, 103.50205346880807, 96.03128227204944, 82.56372723309462, 0.192549540487, -0.0496742827866, 0.980029152672, -0.620675351444, -0.779723210345, 0.0824246526197, 0.760057091651, -0.624150767747, -0.180966948785,  
340, 3594796.697032509, 95.03025797439265, 119.6708912565408, 92.0343393251299, 77.9197050885173, -0.264424208425, 0.0115644152623, 0.964337131038, 0.924754029017, -0.280737156787, 0.256937024611, -0.2736965908, -0.959715016606, -0.0635394608517,  
341, 2282770.5930864047, 81.68165963853286, 92.75593189631665, 82.56936690638943, 71.15624343980744, -0.964033841168, 0.0368839994117, 0.263207757617, 0.190791240758, 0.785494327482, 0.588725202402, -0.185033660538, 0.617768752917, -0.764280257751,  
342, 2267483.2553692507, 81.4989148966737, 92.59608541174968, 82.59536233461301, 70.77945100664941, -0.965512882324, -0.222552803807, -0.135111522766, -0.215754639005, 0.39348247334, 0.893656242031, -0.145721686149, 0.89198755187, -0.427929196824,  
343, 2574056.2530939565, 85.01778934309773, 112.10450620778168, 82.77857264992483, 66.21988477540343, 0.42668737741, 0.1411689352, -0.893313614412, 0.317456671852, 0.901514495662, 0.294096711318, 0.846852492147, -0.409075721409, 0.339849835514,  
344, 3736575.6061171223, 96.26351633604257, 104.01686791331207, 98.90460784862427, 86.70913766800605, 0.488129650755, -0.428872911206, -0.76012990343, -0.0486351957081, -0.882951487406, 0.466938206431, 0.871414976801, 0.190957317012, 0.451853119151,  
345, 3032667.8139921627, 89.79360564571914, 97.07973092283203, 91.08793127007121, 81.87415486575324, -0.566320077027, 0.340300191573, 0.750651283867, 0.602062524257, 0.792799816491, 0.0948112222161, -0.562851923015, 0.50563250547, -0.653860445486,  
346, 2237059.542030232, 81.13277143480556, 123.7382302999892, 78.21065112021249, 55.18475671220767, -0.91296076453, -0.394753008859, -0.103308781934, -0.407862943589, 0.890427765963, 0.201955967597, -0.0122662820361, -0.226513698478, 0.973930738157,  
347, 3290623.347308715, 92.27056681602527, 107.85731464403436, 100.86219351720642, 72.21236244865344, -0.241059723852, -0.513706665485, 0.823404925521, -0.880151113892, -0.241772169382, -0.408509773233, 0.408930588549, -0.823196015508, -0.393857961454,  
348, 3434659.480664046, 93.5976674454976, 106.56010355161467, 94.64223503332586, 81.3046632978863, -0.825420891305, -0.559218373167, -0.077169704615, -0.564472591957, 0.819336823426, 0.10028889623, -0.0071445872478, -0.126340733298, 0.991961175643,  
349, 3374690.8610330164, 93.04973244430956, 97.37629482216418, 93.8930249637913, 88.11681873422222, 0.35708393864, -0.466432794953, 0.809278387551, -0.441330940437, 0.679343587378, 0.586275780927, -0.823236334098, -0.566509256836, 0.0367314598237,  
350, 3270478.4597464297, 92.08189068556486, 100.36909727361699, 98.40395923021273, 79.05149603945968, -0.19897192869, -0.0311216007124, 0.979510907322, 0.0616040328704, 0.997121729747, 0.0441950132935, 0.978067029772, -0.069135389165, 0.196482017593,  
351, 2170747.856904647, 80.3230622458071, 98.57495198689885, 78.56176445758344, 66.91800245153273, 0.485788278764, 0.851409160387, 0.197768020224, 0.636073053473, -0.499532966067, 0.588113838009, -0.599517154768, 0.159903900581, 0.784225684174,  
352, 3078066.055957266, 90.23945050850897, 109.21091243733554, 104.9654469284412, 64.10278991110172, 0.561953992938, -0.15486657884, 0.812541723593, 0.726750517072, 0.561552295038, -0.39559158974, -0.395020753577, 0.812819391191, 0.428115920689,  
353, 3515896.4134940263, 94.3298522039709, 108.66280828743939, 92.01040639341606, 83.951718048437, 0.480702282853, 0.644285528246, 0.594828944616, 0.801663033152, -0.0480153172333, -0.595844703415, 0.355333219017, -0.763276285105, 0.539580963396,  
354, 3148423.2669334235, 90.92182993648449, 108.9574125876341, 90.29916021665312, 76.39483742159184, 0.469461209508, -0.822549573052, -0.320964752954, -0.24684859093, -0.471286903913, 0.846731614714, -0.847745212858, -0.318277950967, -0.424296123014,  
355, 3445000.6681374637, 93.69150898902312, 103.02134975287231, 98.66447082559266, 80.91195125607874, 0.989285683508, -0.145143566193, 0.0157220100377, 0.0370603950001, 0.353833781043, 0.934573797255, 0.141210352061, 0.923977813903, -0.355421771822,  
356, 2839384.09408597, 87.84394781605755, 112.85189769434099, 107.94375098740198, 55.64538657577305, -0.194320345672, 0.363966950991, 0.910915836861, -0.323526435301, -0.900437071652, 0.290764037762, 0.926050888947, -0.238203985232, 0.292726173241,  
357, 4024122.9483584487, 98.67206351233762, 130.12379910858309, 98.55523189749115, 74.91110670674607, 0.835706964627, 0.511172263081, 0.200740595622, 0.476321833588, -0.492751508847, -0.728226243263, 0.273333825424, -0.704200871901, 0.655278377404,  
358, 2780720.9199866736, 87.23476556752524, 106.64422955827915, 88.30676836716007, 70.49161198143567, 0.565844894578, -0.393197019545, 0.724717640948, 0.580583864466, 0.814117715814, -0.0116069427469, -0.585441655164, 0.427327097923, 0.688948198183,  
359, 2761772.8279248765, 87.03617185674557, 99.35308668719581, 92.33943981568783, 71.8672030760014, -0.357091213283, -0.850881808384, 0.385338829548, -0.928354181109, 0.277732125077, -0.247029109857, -0.103171603714, 0.44594283811, 0.889095385954,  
360, 3755859.457490283, 96.42883232361812, 118.93235191272655, 110.59418003514934, 68.16923859252293, -0.0769198009957, 0.970413690108, 0.228868115441, 0.471852353255, -0.166784334522, 0.865758824665, 0.878315832114, 0.174585955359, -0.445062965488,  
361, 3066264.328593817, 90.12397265385265, 100.57206653761257, 87.69098089503538, 83.00202333923585, -0.138265255809, -0.492217941624, 0.859420861383, -0.00265139759468, 0.86793630213, 0.496668446286, -0.990391684702, 0.0663933233732, -0.121310500306,  
362, 1624128.6816940366, 72.91954367605, 123.09980487565812, 74.23933163988666, 42.42681289277383, -0.324900970074, -0.44526216018, -0.834374597143, -0.938398950882, 0.261546290007, 0.225833892868, -0.117672293379, -0.856349897469, 0.502810187323,  
363, 3430154.4496933096, 93.55672744520854, 107.94605183343646, 96.83413567234305, 78.34112849821031, 0.842891165695, -0.285958541201, 0.455809385059, -0.190113551611, 0.634196809421, 0.749433949334, 0.503379896587, 0.718346796216, -0.480194294091,  
364, 2987831.064818256, 89.34888618891144, 111.83170854717086, 84.32882595954445, 75.63562761673599, -0.214799009052, -0.305550840658, -0.927631429763, -0.971085548245, 0.168135939397, 0.16947909568, -0.104183701698, -0.937213417348, 0.332831438786,  
365, 2217184.178798337, 80.89177909923845, 123.64181618510996, 68.30854669623696, 62.67188253780355, 0.885927506419, 0.296054091071, 0.357049616343, 0.364206008832, -0.920693784733, -0.140274509036, -0.287204520335, -0.254312661728, 0.923492627791,  
366, 3380219.884694395, 93.10052163568139, 115.6471535088526, 93.0805527727786, 74.96567253223483, -0.975899253125, -0.186578554779, -0.113177253223, -0.210189899689, 0.943091148163, 0.257680601374, -0.0586587914894, -0.275259021928, 0.959578874834,  
367, 2943610.0752392896, 88.90589476708776, 110.02471681938881, 91.73498663914519, 69.6251926628786, 0.161962625878, -0.537492543766, -0.827568651663, 0.153183749173, -0.81478073142, 0.559166432018, 0.974834779236, 0.217334132392, 0.0496289037689,  
368, 2834974.700284312, 87.79845212357876, 123.99607581187263, 94.21156918537278, 57.9359856387917, 0.616254720137, -0.786919772742, -0.0314227811757, -0.465566624333, -0.396196508064, 0.791376045446, -0.635199054011, -0.47305982525, -0.610521550413,  
369, 4066035.653024089, 99.01344950255069, 119.70512961081866, 103.4788694625834, 78.36427800165018, -0.180572903702, 0.39320808887, -0.901543579255, -0.249842353344, 0.868208475689, 0.428710673085, -0.951300281154, -0.30265730057, 0.0585348911966,  
370, 3263908.003966837, 92.02018456551498, 99.95311046496803, 92.11777857307428, 84.62711389404444, 0.395979155567, -0.723511872448, 0.565447679971, -0.878491968741, -0.119232233376, 0.462639746868, 0.267305759785, 0.679936941894, 0.682812848322,  
371, 2355788.803768668, 82.54344327186166, 112.18255639280308, 83.74827601174582, 59.861354015876614, -0.175966199958, 0.302594455392, 0.936735016981, -0.881828522991, -0.47138030367, -0.0133815302158, 0.437509259915, -0.828394353481, 0.349783422435,  
372, 3546906.0905712172, 94.60636588590907, 99.884014080918, 95.71454951865435, 88.57009976685715, -0.0462555118031, -0.711817417108, 0.700839776503, -0.444184290398, -0.613758002279, -0.652687850969, 0.894740601399, -0.341492429403, -0.287788423792,  
373, 2224530.9394811043, 80.98102703613355, 134.498651112591, 64.21000466590596, 61.49349979150643, 0.652306433244, -0.164462544814, 0.739897552707, -0.671994538582, 0.326052190225, 0.664916016776, 0.350598997809, 0.930936109839, -0.102168009341,  
