# Void_ID, Void_Volume, r = (a*b*c)**(1/3.0), a, b, c, vector_a, vector_b, vector_c 

21, 947420.3631686433, 60.92815612154367, 129.3519781827401, 45.79781197998824, 38.18003314000272, 0.457720842474, -0.783609117908, -0.420057592119, -0.742104746014, -0.596921566261, 0.304901934524, 0.489665371768, -0.172166762368, 0.854743487619,  
32, 958802.081971293, 61.17116988559773, 117.81864296138846, 83.29306776946416, 23.32477617796886, -0.0906159122642, -0.541116110763, 0.836051500278, 0.974586218305, -0.220880607229, -0.0373290830346, 0.204866931286, 0.811421661051, 0.547379601778,  
57, 2191005.2035945873, 80.57214641050044, 165.96257382480619, 87.43034504179866, 36.048105543025535, 0.518469258132, 0.479158605945, -0.708234889512, -0.440657195532, 0.859522335194, 0.258925841366, 0.732810251291, 0.177843711306, 0.656780594987,  
80, 1361934.6088666616, 68.76316884513417, 108.49757106694496, 65.24686464654798, 45.92910514922081, -0.488604505008, 0.866769675947, -0.0998797604357, -0.0790798084209, 0.0700097966526, 0.994406864554, 0.868914277467, 0.493770146153, 0.0343368778797,  
82, 1963890.9950479376, 77.68602909794274, 140.64441087900386, 66.79252553608747, 49.90894918647571, -0.997585841077, 0.0132525006998, 0.0681678876659, -0.00809130727739, -0.997117578161, 0.0754391547502, 0.0689711565089, 0.074705465316, 0.994817607917,  
106, 2358483.163774191, 82.57490011233206, 122.9948997819547, 95.29129364616013, 48.04009363762715, -0.973631278826, -0.140577371043, -0.179666734935, -0.203176205431, 0.176214436167, 0.96315518066, -0.103737950809, 0.974262015701, -0.200129863651,  
120, 954126.2461025105, 61.07156901246966, 127.81561409441183, 51.76239048111931, 34.42857104340485, 0.898231331872, -0.304496645431, 0.316957832156, 0.247753971999, 0.946427669486, 0.207105373638, -0.363040553936, -0.107500973728, 0.925551239449,  
137, 1290881.985475838, 67.54594939262343, 119.92382277353292, 70.81093832293995, 36.29043029390261, 0.236931470431, 0.247506531239, -0.939470060893, 0.86907017475, 0.37824203344, 0.31882596428, -0.434258574676, 0.892005314521, 0.125483103194,  
152, 2286475.2299556816, 81.72582195928895, 128.10973620777193, 75.41315448628625, 56.500025942467474, 0.807973859564, -0.325505860722, 0.491145779678, -0.47027539145, 0.145948872912, 0.87036772843, 0.354991969567, 0.934208146577, 0.0351545219247,  
202, 1218002.377780393, 66.25009554472685, 118.58304642626615, 58.070863386875196, 42.225873319238936, -0.672360887122, -0.64482090666, -0.363506307791, 0.136197794279, -0.590459335094, 0.795492259192, -0.727585732613, 0.485349123761, 0.484824947545,  
210, 874448.90520994, 59.32193058481012, 114.72403076602431, 69.22970167482852, 26.284454705346903, -0.176233044093, -0.825555888103, 0.536096437023, -0.767770137752, -0.225543808894, -0.599715770884, 0.616012118182, -0.517288571195, -0.594088885913,  
243, 1797670.0874141902, 75.42936660773766, 141.01805028274183, 94.06578825438336, 32.35303128494638, -0.994808652983, 0.0379731350031, -0.094412843233, 0.0899148798497, 0.762468406569, -0.640747409956, -0.0476556222383, 0.645910187257, 0.761924518353,  
265, 2778303.0796549334, 87.20947465654747, 131.57110677847598, 71.15104307683706, 70.85152653251143, 0.407762838267, -0.612373152864, 0.677295053415, -0.718940598951, -0.672603670646, -0.175296084991, -0.562897755288, 0.415455682215, 0.714522703073,  
270, 2875893.4417116633, 88.2188503226841, 114.91653731942756, 96.82433784907691, 61.70453930559934, -0.30610862541, -0.627878909418, -0.715587579936, -0.94500565694, 0.109480872884, 0.308185409817, 0.115159966138, -0.770572523246, 0.62686216078,  
278, 1798531.906765245, 75.44141852293018, 129.63483763221407, 86.95584978582059, 38.08982749563054, 0.759126884488, -0.609392008279, -0.228840017245, -0.140073383395, -0.496241960206, 0.856809993053, -0.635693181112, -0.618373105153, -0.462070213617,  
279, 808983.1535614181, 57.80298808112164, 113.02606945132182, 62.04346092308173, 27.54077947912194, 0.75431351604, 0.422651115709, -0.502371529756, -0.426229757171, 0.897286738815, 0.114911715889, 0.499338876537, 0.127446234691, 0.856981997268,  
301, 1270908.3888632648, 67.19576135225644, 113.84909378462103, 93.8944132319009, 28.38286991220684, 0.150170916523, 0.981967506507, -0.114841246924, -0.840651226473, 0.187960215677, 0.507913843829, 0.520340476285, 0.0202675476337, 0.853718346559,  
322, 2097738.7196957055, 79.41226717093362, 93.2763096029525, 83.51970255821571, 64.28394055963385, -0.889863169243, -0.366990390703, -0.27103799209, -0.449105577059, 0.809194890776, 0.378824246052, -0.0802977003392, -0.458826418021, 0.884890161233,  
323, 747426.0546521684, 56.2980312623329, 125.40126036091172, 82.17369119313346, 17.315894315622625, 0.5669320403, 0.028321060372, -0.823277583334, 0.357260158304, -0.908981624013, 0.214750055866, -0.742262245416, -0.415872967077, -0.525448793209,  
354, 820785.8999434975, 58.082739600808125, 81.91148000757443, 73.91560807059297, 32.36386276286502, 0.917951913123, -0.352532827561, -0.181892525096, -0.0574680332681, -0.571865509707, 0.81833200106, 0.392506955793, 0.74073642026, 0.545204406947,  
373, 1186047.1999169523, 65.66558047907436, 122.91909375897427, 92.8289284616917, 24.81479411134349, -0.455070514623, 0.829804735564, 0.323009175654, -0.315714222871, -0.489537751231, 0.812820594963, -0.832607564341, -0.267912095575, -0.484755353603,  
374, 498863.7927661302, 49.19992699198889, 137.69753090211526, 73.78758952261717, 11.72151908356846, -0.949382860612, 0.276045078229, -0.149904298678, 0.291778836164, 0.598201534402, -0.746337748614, 0.116349880719, 0.752299168566, 0.648466395607,  
409, 1097222.1445744764, 63.983597030742956, 144.3615875822925, 116.72398067623811, 15.54512488302633, 0.157953176142, 0.918397938434, 0.362761658429, -0.837522078698, -0.0700039389301, 0.541900559353, 0.523075101529, -0.389415812743, 0.758121205973,  
442, 1946179.8447728846, 77.45178901836866, 128.76196167193282, 86.92408823644567, 41.511328531425605, 0.690579420917, 0.495553553154, 0.52680806691, 0.440324074906, -0.865905522562, 0.237323271206, 0.57377240476, 0.0680757075155, -0.816180694198,  
460, 1993305.2182544956, 78.07195682062607, 127.75749411041745, 88.67205151555159, 42.00607013985888, -0.226544812638, -0.391798902541, 0.891723649924, -0.943244313366, -0.140002370301, -0.301146976761, -0.242832479641, 0.909336547312, 0.337845276056,  
461, 936975.8155500615, 60.70343365083873, 117.34891657263834, 73.47102454202738, 25.944457362635525, -0.73074835159, -0.474327924767, -0.490937741913, -0.639683525065, 0.726898428699, 0.249847277583, -0.238352332502, -0.496620271577, 0.834599587497,  
462, 4393753.398878266, 101.60514259306737, 144.88433552152412, 93.95219642871928, 77.05817125588248, 0.150533390781, -0.920229420694, 0.361272074135, -0.48037036297, 0.251308777985, 0.840290552421, -0.86405093174, -0.30003618348, -0.404220578351,  
497, 669670.6598069642, 54.27388217074733, 103.93213865519367, 92.088288933629, 16.703919746933053, -0.988676600261, -0.0192342160012, 0.148824141291, -0.0198104610984, 0.999800895929, -0.00239042493223, 0.148748531849, 0.00531163205672, 0.988860789413,  
500, 1194700.6545563873, 65.82489334691817, 120.72289057534923, 60.26369420726745, 39.20352477414511, -0.585638401456, 0.208557205359, -0.783282551085, 0.280344196606, 0.958811620046, 0.045688167999, 0.760549008395, -0.192831971827, -0.619984706643,  
510, 344527.7922627559, 43.48891279627277, 83.36742024516859, 47.98311360419513, 20.561313906085555, 0.552276358555, -0.773056518648, 0.312048782657, -0.596268597574, -0.62789254695, -0.500214662951, -0.582627310833, -0.090191842541, 0.807719535613,  
525, 1301599.2281076468, 67.73236255101448, 140.85733992127817, 78.43704435412735, 28.12470463751443, -0.107987067794, -0.958908627439, 0.262360510391, -0.993484272014, 0.0944159003576, -0.0638328992004, -0.0364389139509, 0.267544168285, 0.962856335892,  
544, 1105655.8474554, 64.14711358200134, 140.45926251541786, 108.20894581840832, 17.3667202224769, -0.660406918285, -0.389929531015, 0.641730210543, -0.0830981722537, 0.887307030401, 0.453630827402, 0.746295783219, -0.246254329187, 0.618386132855,  
582, 1776094.4584160186, 75.12638357227826, 124.11714094662337, 62.57501688110215, 54.59397436512769, 0.783370682307, 0.386800092377, 0.486534749672, 0.365799755367, -0.919759439767, 0.142243143709, 0.502514589913, 0.0665451838666, -0.862003959056,  
583, 2125948.2749993713, 79.76665153282399, 140.56795882769308, 72.64622174680545, 49.700952732037486, -0.959227423701, 0.273000703151, 0.0731666980219, 0.263417752698, 0.957356867615, -0.118654606287, 0.10243943178, 0.0945433451337, 0.990236193394,  
600, 1975745.2875864932, 77.84202319177102, 136.39833267502456, 84.81739311672783, 40.77071837317209, -0.949908226583, 0.29206618382, -0.111228167918, 0.121442963805, 0.672877590508, 0.729717311522, 0.287968692069, 0.679656598924, -0.674641341697,  
602, 808246.4193432765, 57.78543585192762, 108.26127912506857, 58.73293501829362, 30.345920929851726, -0.124667128675, 0.18627202509, -0.974556740111, 0.99171432083, 0.0540783866353, -0.116525679396, -0.0309969819136, 0.981008797498, 0.191470432037,  
606, 807646.0054797957, 57.77112347939361, 90.63407562067293, 51.56160516114963, 41.25860135490558, 0.357524590441, -0.511575090024, -0.78132393698, -0.774082855133, -0.630373049602, 0.058528213057, 0.522467128745, -0.583884188519, 0.621375372685,  
620, 1680885.262330044, 73.7592490879604, 110.24292074047874, 79.09137222953517, 46.022439844683845, -0.0978447568867, -0.204592045826, -0.973944812777, -0.205855257141, -0.95331501142, 0.220939136662, 0.973678600287, -0.222109395989, -0.0511605273263,  
628, 1643618.2031056473, 73.21006251640306, 100.7159061653755, 91.03655567471475, 42.795534070468584, 0.0876895594872, 0.789209105956, 0.607831825618, -0.204011802234, -0.58302059996, 0.78642619779, 0.975033192105, -0.192966233053, 0.109883152463,  
657, 3018624.875097881, 89.65479305100321, 116.58195833798327, 90.10464760377191, 68.60282476791957, -0.395583331952, -0.871948131285, -0.28847926066, -0.118423273543, -0.263052946702, 0.957485809563, -0.910763281959, 0.41292808524, 0.000800409069664,  
669, 2304192.8810285167, 81.93637391732878, 104.10100463275401, 83.56486539084472, 63.2341350682243, 0.340687324788, 0.890826533799, -0.300599789436, -0.436321818089, 0.433019867043, 0.788743979886, 0.832799746511, -0.137556829806, 0.536211432911,  
694, 1634312.8297104924, 73.07164094212267, 118.65321806816475, 67.95276076707601, 48.39048260483937, 0.581268483248, -0.699058082395, 0.41646698287, -0.717938453846, -0.681493994804, -0.141881329059, -0.38300303768, 0.216526516816, 0.898011659525,  
705, 1345791.3973276864, 68.4904016162293, 92.95843572061816, 92.36580941150775, 37.41873412749358, 0.914211115995, -0.399616331357, -0.0672668053656, -0.35392994125, -0.868226327893, 0.347730700744, 0.197361678343, 0.294091535522, 0.935178344839,  
721, 1913031.606019509, 77.00953694116379, 119.27640265945885, 93.06071917789173, 41.14457674041196, -0.938570454457, -0.117220165278, -0.324568844581, 0.317577285771, -0.66139592075, -0.679485175392, 0.135019145245, 0.740820402572, -0.657993131841,  
726, 1562530.9357119359, 71.98577285949256, 113.14364129100034, 63.844382818990724, 51.64011142223166, -0.126486566868, 0.932342601255, 0.338730604297, 0.138002412299, -0.321613505488, 0.936760421499, 0.982321985197, 0.165233250206, -0.0879857398945,  
739, 2135133.79809737, 79.8813682931545, 133.35971795393692, 70.90616928457298, 53.90484411396558, 0.916913460091, -0.130653697618, 0.377093248418, -0.314479670749, 0.345204463569, 0.884271686202, 0.245707638037, 0.92938877206, -0.275434687321,  
742, 2259637.2018883186, 81.40480412278114, 139.67703307612223, 95.84818299541256, 40.29407784270973, -0.819718419999, 0.354872123653, -0.449585906994, 0.536300451727, 0.199940761687, -0.820003364196, 0.201105786567, 0.913284987104, 0.354213205484,  
755, 410075.59730867704, 46.088414943994685, 111.33981224157216, 65.78088516619232, 13.366728258828799, -0.882660239383, 0.46407227511, 0.0744837249752, 0.42122368886, 0.710736116434, 0.563404629675, -0.208522194874, -0.528669174692, 0.82281674629,  
756, 2436603.9610528653, 83.47673331399665, 130.49345475078994, 76.58596335168448, 58.20474997021235, -0.0655055201166, -0.35845440077, 0.931246191618, -0.996895027663, -0.0173582785829, -0.0768049086056, -0.0436958883138, 0.933385843439, 0.356204346705,  
775, 752870.1194651369, 56.43438766985716, 92.87105614866117, 61.78975031620781, 31.32092840413688, -0.263866764572, -0.502412483903, 0.823380851473, -0.953113005003, 0.00469282809229, -0.302578216432, -0.148155088502, 0.864615332609, 0.480094153649,  
787, 635896.3745642281, 53.345678903741806, 135.0490156039587, 96.97383907174094, 11.591822640591683, -0.864893141149, 0.128617779944, -0.485198228641, 0.488564059005, 0.437491609526, -0.754921354741, -0.115173845308, 0.889976717829, 0.441221517018,  
788, 2981336.446975421, 89.28410030455717, 140.27056176670948, 94.89948981181738, 53.46775706962023, -0.934606286573, 0.323760986676, -0.147274955794, 0.354487445112, 0.881797250771, -0.311082400323, -0.0291503062601, 0.342946689792, 0.938902459048,  
806, 3563570.7031622254, 94.75429910939665, 127.51033114517523, 101.70015062246472, 65.60392158042114, 0.0204821407573, -0.915649245879, 0.401456025527, 0.997007269184, -0.0112330031686, -0.0764874161833, 0.0745452017542, 0.401821201733, 0.912678878212,  
820, 1440556.8758993184, 70.06168857285935, 100.50332352196556, 84.1901216706985, 40.64435534725965, 0.618106371935, 0.646861333069, -0.446670940127, -0.539836903531, 0.762332435518, 0.356966910712, -0.571419837387, -0.0204859351345, -0.820402154984,  
825, 1236338.7330153629, 66.58089396565649, 132.60099573295935, 79.9894903214117, 27.827177050409105, 0.594311566929, 0.272625381312, 0.756616919503, 0.579054864115, -0.797933112537, -0.167326663334, -0.558112198182, -0.537566878985, 0.632085931546,  
828, 2283087.4630738376, 81.68543885738465, 132.19285608359837, 74.15933592768046, 55.59812197075001, 0.197958667426, -0.626696828651, 0.753699841415, -0.924992173922, -0.373866840608, -0.0679195382625, -0.324348337709, 0.683721193508, 0.653699843486,  
834, 3025655.8862472926, 89.72434735595341, 115.11795915304033, 89.30919886336272, 70.2573312186213, -0.915262621848, -0.394817262607, -0.0800853431939, -0.402857106233, 0.897337644911, 0.180253440976, -0.000696423111708, -0.197242186596, 0.980354545469,  
835, 2861995.0356229167, 88.07650825415445, 135.9515295732608, 97.70178614194856, 51.439135994504724, -0.586643106844, 0.802692662979, -0.107398109816, 0.800822724999, 0.555242370927, -0.224474659265, 0.120552180889, 0.217693358482, 0.968543635236,  
838, 2413527.305457763, 83.2123657109967, 119.77831890679667, 111.85792901011605, 43.004967073379866, -0.588403290106, -0.231901492185, 0.774598777506, -0.808251853179, 0.19546116558, -0.555449254733, 0.0225944689025, 0.952899066361, 0.302444803729,  
841, 1228916.857250305, 66.44739569277031, 123.48801985806043, 77.53009402169842, 30.643527334140114, 0.153356011885, 0.460682540123, 0.874215952065, 0.930748748831, -0.364522014316, 0.0288178352711, 0.331946833347, 0.809256015304, -0.484681340187,  
844, 1914108.37645462, 77.02398278015424, 95.86659349265044, 91.30921706021921, 52.20306471347576, 0.85495670995, -0.518077582217, 0.0253898191246, 0.100697257816, 0.213795085791, 0.971674700484, 0.508831098086, 0.828183119905, -0.234954535017,  
845, 3630014.4926079665, 95.33958339866443, 131.39932538889835, 92.70744691973717, 71.13969402491328, -0.0208912637202, -0.339314374639, 0.940441019024, -0.977195683993, -0.191881805699, -0.0909393634642, -0.211310554127, 0.920894743065, 0.327567889008,  
869, 1842463.2082006915, 76.05073312596619, 113.63809589166883, 67.30334545536078, 57.510827239814446, -0.0346221914958, -0.591596990535, 0.805490102141, -0.942859155708, 0.286585176466, 0.169957492119, 0.33138786392, 0.753579416797, 0.567714845874,  
875, 481628.78429600305, 48.626678809215335, 117.23669715705488, 88.93423479282987, 11.0278608529303, 0.458099235606, -0.195668447145, -0.867098004339, -0.0182930944531, -0.977340519555, 0.210881178705, 0.888712806835, 0.080742601075, 0.45129832632,  
884, 2478349.8392970385, 83.95076675860687, 119.80751352966396, 74.03049385843846, 66.7082119149986, -0.367024137534, 0.0430567521186, -0.929214398599, -0.328393541574, 0.928611329991, 0.172738761324, 0.870316588558, 0.368547302132, -0.326683213178,  
885, 2358578.8456960926, 82.5760167648233, 110.36565066065737, 77.71530304243217, 65.64797237160995, 0.834193821635, -0.55146624878, -0.00237579504802, -0.454872886777, -0.690501566012, 0.562403986658, 0.311787307023, 0.468073246182, 0.82685918474,  
888, 2169216.5126849194, 80.30416995609457, 111.21525215134007, 98.43625953522029, 47.303670292272635, 0.228746743008, 0.962210828591, -0.147733709442, -0.705314198802, 0.268411700819, 0.656115111724, 0.670974521522, -0.0458855119339, 0.740059261994,  
900, 1450587.767348091, 70.22393052309738, 118.54817311088777, 97.03988189024598, 30.103034515225595, -0.104995034554, -0.741781612971, 0.6623715584, 0.869905937334, -0.391269725451, -0.300285967265, 0.481912546952, 0.544672415864, 0.686361607673,  
901, 773724.6653279032, 56.950727669109014, 109.69107997027614, 81.70275438527416, 20.610561440413083, -0.653591073286, 0.530796716609, 0.539512330311, 0.61699499947, -0.0391672351449, 0.785991792782, -0.438333069195, -0.846593629393, 0.301899564627,  
902, 1697716.1532747452, 74.00461845054618, 109.54278147871528, 72.93202242877493, 50.73112000782155, 0.259734817984, 0.708225442022, -0.656471284672, 0.313836876997, 0.580993663304, 0.750967894012, 0.913260225217, -0.401077407083, -0.0713629775456,  
903, 3218460.6106860903, 91.59108343815713, 116.03367414882416, 100.83151992906285, 65.67184703783995, -0.512800729506, 0.716057549557, 0.473600039632, 0.839830873496, 0.303965742587, 0.449765418031, -0.178099735374, -0.628383969445, 0.757241091862,  
908, 3047517.5203607976, 89.93992766084138, 126.99190813341778, 87.4048343825495, 65.54598567875976, -0.350792209448, 0.599419098412, -0.719473119893, 0.913290022122, 0.0491626209085, -0.404332007386, 0.206993143079, 0.798924139806, 0.56468934606,  
911, 2025819.7933500805, 78.49416976389925, 120.78211607273825, 76.54703650614947, 52.30957420756769, 0.185219990994, 0.267435389115, 0.945606613548, -0.565144797723, 0.816197313644, -0.120138681558, -0.803930912792, -0.512152572823, 0.302315777968,  
920, 633486.0304331202, 53.2781918867636, 151.57271222497624, 44.698573471764355, 22.322033111142073, -0.101620427586, 0.222188622932, 0.969693510619, 0.993437149869, 0.0741017914575, 0.0871295229091, 0.0524968375897, -0.97218369681, 0.228260688032,  
921, 2102658.0044591967, 79.4742937370868, 129.30409470450937, 87.00216282722114, 44.62083616433286, 0.415051299588, 0.571469858474, 0.707922749716, 0.20795342942, -0.817100799181, 0.537681741526, 0.885713153286, -0.075950542017, -0.457977865474,  
923, 1979995.5073631816, 77.8978010887484, 125.08506083678311, 93.86344946921544, 40.259987989176125, 0.166021528967, 0.019128987212, 0.98593657695, -0.491530623265, -0.865151204526, 0.0995542048354, 0.854888588246, -0.50114616147, -0.134231242756,  
924, 3032002.461162301, 89.7870384027248, 121.22250884266028, 88.66971712882666, 67.34143228941907, 0.139789478445, -0.942982105699, -0.302065638642, 0.826110749073, 0.279249647625, -0.489449348316, 0.545893700258, -0.181119801882, 0.818043816299,  
927, 2547842.642017614, 84.72820338675562, 127.7916814981345, 78.23472825699207, 60.83896673085955, 0.616656458102, -0.328514415761, -0.715411134466, 0.536882363908, -0.489142405229, 0.687384197325, -0.575753541027, -0.807971525516, -0.125259227005,  
935, 2748346.43917922, 86.89490024451952, 100.46749626791924, 98.8713764142918, 66.05211181366934, -0.779129021744, 0.0588866269622, -0.624091605969, -0.341379942176, -0.874855713901, 0.343638203542, 0.525754412778, -0.480790853718, -0.701728189847,  
950, 2538251.482397781, 84.62175207551768, 127.986557726883, 90.69089711663901, 52.205707119627306, 0.423549640562, 0.723596562116, 0.544989648777, 0.792461902058, -0.00449855212152, -0.609904826031, 0.438873370993, -0.690208503514, 0.575328068071,  
956, 1067470.2291106102, 63.3999702578905, 105.40190951831846, 65.0166030539005, 37.18727955225232, -0.81089174063, 0.126513424251, 0.571357102399, 0.5779949622, 0.0204511474014, 0.815784024262, -0.0915227220387, -0.991754054216, 0.0897077883819,  
958, 1079658.3710915036, 63.6403533575487, 116.07841642990414, 69.91769019281749, 31.75844281645654, -0.314501291701, -0.71704924983, -0.622036422436, -0.948538264456, 0.211891982196, 0.235323073121, 0.036933702501, -0.66403475903, 0.746788953065,  
961, 1984231.1614621908, 77.95330847766382, 127.26883110036994, 94.60352936125246, 39.34361505722217, 0.828135890542, -0.536280265976, 0.163077966384, -0.480606437388, -0.529621510948, 0.698940989986, 0.288458661053, 0.657194439619, 0.696338329692,  
984, 2359162.2172215395, 82.58282432831757, 120.55827213560977, 95.77133240326899, 48.77942205737261, -0.423464929824, 0.903801981166, -0.061801553781, 0.880259674276, 0.42663468112, 0.207667413691, -0.214056906108, -0.0335384511645, 0.976245262852,  
985, 1359219.381296224, 68.71744176809129, 96.62861259191536, 92.5695093380409, 36.276655734727626, -0.544649310618, -0.547660352571, 0.635157670712, 0.815236309083, -0.167973136766, 0.554233511869, -0.196842294227, 0.819666495318, 0.537959057603,  
997, 1807141.0790447332, 75.56160072918702, 141.71179120640437, 96.6820740596929, 31.48846592655299, 0.612544353589, 0.250225572463, -0.749784354179, -0.725388069265, 0.554782527237, -0.40746594513, -0.314008859515, -0.793475589012, -0.521339549418,  
1002, 1590794.612745348, 72.41721754403525, 108.93512224908476, 71.90757647305784, 48.48226771088925, 0.14835256642, -0.507160581878, -0.848987432313, 0.504760050974, -0.699408710992, 0.506008642148, -0.85041684307, -0.503602620304, 0.152235323908,  
1003, 927198.8317002798, 60.491555950229994, 125.91719126923651, 73.79858013636178, 23.82051970871463, 0.427114815527, -0.0597923603234, -0.902218270711, -0.664552800688, 0.655863183183, -0.358068513057, -0.613141508507, -0.752508045533, -0.240393701984,  
1007, 3028329.7309865872, 89.7507700938931, 117.19450124177887, 101.51794042748772, 60.766541252006675, -0.0554835273634, -0.993449657609, 0.0998967266153, -0.985948196552, 0.0387242184746, -0.162501041901, 0.157568181772, -0.107509128453, -0.98163845452,  
1009, 682545.3646230288, 54.61948959134972, 96.0553460743397, 71.43943346505088, 23.745612120154146, -0.658698250343, 0.647179587658, 0.383764506324, -0.28138257365, -0.684925050979, 0.672087436118, -0.697811193834, -0.334718173783, -0.633263990685,  
1017, 490715.60559811816, 48.93058634956231, 110.01741046581647, 84.00243350833837, 12.676167643470599, 0.432377940115, -0.90001933768, -0.0549045417412, -0.771406203588, -0.400745297466, 0.49430322235, -0.466885195705, -0.171372104968, -0.867553926664,  
1024, 1922333.220552738, 77.13414808894416, 134.9368847632345, 77.53128281094573, 43.86644223676561, 0.22415553739, -0.212596229569, -0.951082088061, 0.675138651037, 0.737668278118, -0.00577177042153, 0.702810142878, -0.640818503659, 0.308884360944,  
1031, 1112884.9108374098, 64.28661345680226, 136.41223342523963, 85.05667316372461, 22.898125595302492, -0.0627795151645, 0.172570441322, 0.982994494012, 0.867425927324, -0.47768123131, 0.139258399605, 0.493589903749, 0.861417485332, -0.119703478988,  
1033, 1741601.324626634, 74.63686323442658, 107.64658632857571, 87.7019142635216, 44.04035409660914, -0.986433693814, 0.0139152825895, -0.163569351099, -0.0637402121084, 0.885757767653, 0.459750326159, 0.151280378995, 0.463939157599, -0.872854343506,  
1034, 1046707.6427290005, 62.98622718734457, 109.98804665552532, 58.7282607161614, 38.68513864530887, -0.0198033354793, 0.32084528943, 0.946924563075, 0.716714646677, -0.655790528196, 0.237189583177, 0.697085319844, 0.683371848542, -0.216967678418,  
1035, 1528677.5720933662, 71.46209789550264, 125.07427536716189, 106.85885747180362, 27.305413819352083, -0.159903298704, 0.647922413254, 0.744733161251, -0.196425664322, -0.760238390016, 0.619237069902, 0.967392316209, -0.0472666557843, 0.248833216817,  
1038, 1909033.6289435246, 76.95585302411064, 94.69035062906187, 79.05100221372598, 60.88521788270365, -0.502261519777, -0.136959790386, -0.853800551399, 0.0594455663089, -0.9905100196, 0.123919835853, 0.862670035644, -0.0114855077935, -0.5056367201,  
1041, 2680551.817203487, 86.17445243785507, 113.43548998127565, 89.94115749383351, 62.72319521878605, 0.431039627998, 0.321655461016, -0.843055516258, 0.468937886184, 0.718373742442, 0.513844748024, 0.770909915617, -0.616828120767, 0.158811118737,  
1042, 1291295.6918526415, 67.55316440933795, 86.27788918855006, 68.92766555462684, 51.8374955776872, -0.940752756911, 0.195381367611, -0.277146841141, -0.0355818122626, 0.755926786133, 0.653688479814, 0.337221270089, 0.624820626417, -0.704188184936,  
1043, 1747101.5512073792, 74.71535196965678, 104.45498818554314, 87.91014587186861, 45.42148773921359, 0.224044124963, -0.0591868743365, 0.972780110804, -0.0424161485075, 0.996616198283, 0.0704061337248, 0.973655534784, 0.0570356662674, -0.220775524816,  
1046, 1011745.6283097075, 62.27698452960224, 109.94231523066335, 54.54363710709995, 40.27854318934442, -0.844875320501, -0.517358083528, 0.13611137431, -0.500782661281, 0.854353398244, 0.138913631691, 0.188155305449, -0.0492024828397, 0.980906059067,  
1048, 200764.8374129903, 36.324502984291996, 128.29894258245278, 33.854436569329074, 11.034696042987079, 0.307871702107, -0.2734421495, 0.911287224709, -0.550077067192, 0.730342786302, 0.404987203065, -0.776292622142, -0.625962303477, 0.0744376210971,  
1050, 1691696.1944246162, 73.91704347109231, 114.81698692419258, 92.85039837141572, 37.88295480636438, -0.0319508035076, 0.954217970714, 0.297400757431, 0.975711143134, -0.0347402013619, 0.21628888916, 0.216718507101, 0.297087836801, -0.929931129657,  
1059, 1230087.1543069961, 66.46848161071433, 91.74144540141958, 83.60167050059302, 38.288357845903924, 0.519265494554, 0.849815222036, -0.0904291687536, 0.564888137615, -0.42070270982, -0.709866622636, -0.641299257873, 0.317526878147, -0.698506938767,  
1069, 613588.763733938, 52.714439878730055, 100.22740818414485, 64.32395803376984, 22.72110919669003, -0.241268798582, -0.970111597364, 0.0259394581879, 0.799328559163, -0.183495071414, 0.572191762675, -0.550330102154, 0.158786168878, 0.819709540774,  
1070, 1284069.3981520536, 67.42691590405381, 108.07418445377114, 92.80229109996068, 30.564635542620916, 0.0217174517433, 0.13260011605, 0.990931663392, -0.995033737138, -0.0934379131856, 0.0343106155118, 0.0971401783355, -0.98675557541, 0.129912355647,  
1076, 1287514.671131051, 67.48716619806618, 141.8673836831669, 104.5186410994018, 20.729425352309722, -0.985740362436, 0.0211681640171, 0.166936654744, 0.0143471791948, -0.977871077617, 0.208715869091, 0.167660658218, 0.208134726543, 0.963623287023,  
1081, 1764335.6457502092, 74.9602223997968, 96.92874318835185, 95.78063258973609, 45.36932485829155, -0.802555211359, 0.557608235819, 0.212080616905, 0.404731591178, 0.247732711096, 0.880239082838, -0.438289255883, -0.792276188712, 0.424500846851,  
1083, 269500.61188798584, 40.070403474068826, 121.30079237957094, 64.44647869085615, 8.230160707725693, 0.235220149207, 0.952222444151, -0.194791935822, 0.274043309879, 0.127308125919, 0.953253851492, 0.932508308659, -0.277605940011, -0.231004753963,  
1088, 285506.51134958497, 40.848470773846365, 158.02894520935567, 40.09649586524565, 10.75683102533889, -0.40675314899, 0.683045997981, 0.606630068846, 0.877061807033, 0.10621324588, 0.468488348887, -0.255566943148, -0.722611175558, 0.642276129502,  
1092, 1494105.9631477357, 70.91927108898533, 119.32719423555007, 102.17909919280592, 29.254406450921987, 0.740655573489, -0.19099119411, 0.644167435712, -0.189998145614, 0.86007688221, 0.473464318984, 0.644461035379, 0.473064604954, -0.600732763729,  
1102, 310131.2149937997, 41.99062031851501, 125.96830093371679, 104.67150210987577, 5.615224742088707, -0.366951133981, 0.929972367552, 0.0223217575343, 0.918841149114, 0.358605195355, 0.164721754966, -0.145181982232, -0.080954984119, 0.986087461933,  
1103, 1295064.4321258392, 67.61882018273087, 124.0827775581062, 68.74664782698173, 36.24430145850997, 0.0262214753482, 0.986549302071, 0.161347168595, -0.739826265121, -0.0893946336171, 0.666832585374, 0.672286792721, -0.136854207328, 0.727531026328,  
1107, 721883.9629529294, 55.649285780633896, 137.56026383047015, 98.1658644394445, 12.762192443364812, 0.549668223556, 0.63700064787, 0.540458156222, -0.273973743068, -0.473715281716, 0.836978028372, 0.789178834056, -0.608131570042, -0.0858647855381,  
1122, 2186108.323066378, 80.5120755839305, 119.28649932593568, 86.52275077521362, 50.56633255111982, -0.790232011942, 0.487302988719, -0.371576593031, 0.00246385017627, 0.608872578366, 0.793264213712, 0.612802820444, 0.625947266549, -0.482351244173,  
1129, 2958123.4798742672, 89.05177146709073, 122.9633087411148, 83.6881546903307, 68.62591637082646, -0.176811100163, -0.329360014709, -0.927501922138, -0.970587675707, -0.0980925714931, 0.219857706673, 0.163393386111, -0.939095217818, 0.302328915664,  
1133, 2038367.2476596911, 78.65589450738109, 109.72811069798017, 75.51716801410642, 58.72597374333588, -0.667943064715, -0.674127994859, -0.315283220053, -0.0539927749306, -0.378634554767, 0.923970050484, -0.742251199093, 0.634182403165, 0.216508283817,  
1147, 683757.738057695, 54.6518098115639, 131.54870395508783, 117.1858901062087, 10.588921973673948, -0.985712668393, 0.0536234460582, -0.159671730127, 0.16602287913, 0.149443089361, -0.974732356418, 0.0284066713017, 0.987315192365, 0.15621066529,  
1151, 2909271.856372256, 88.5588358320432, 130.9968895614299, 84.82114151548744, 62.50727982724328, -0.46836351611, 0.660854986414, 0.586435251079, 0.862579302018, 0.485714621659, 0.141556540071, 0.19129183074, -0.572146828391, 0.797530840942,  
1158, 2778381.427232976, 87.21029441195216, 130.65377179980007, 102.16813243775952, 49.68964010960083, -0.983749594979, 0.026999757772, -0.177504218143, -0.052685139126, 0.901698863147, 0.429142675943, 0.171642100003, 0.431520768075, -0.885623405419,  
1168, 188370.2964286206, 35.56105230931404, 104.11897821450573, 48.991798064859026, 8.815978766730849, 0.0849820101609, -0.259304182931, 0.962049582227, -0.307883460121, 0.911456432782, 0.272864336481, -0.947621144199, -0.319387714, -0.00237806923289,  
1169, 1422524.5332355907, 69.76812505510026, 98.16458918837591, 92.35675487764962, 37.45826325830287, -0.209668161637, -0.951558863091, 0.224888843808, 0.939995202237, -0.259478378, -0.22154004406, 0.269162184876, 0.164944540449, 0.948865120451,  
1172, 3572183.839312371, 94.83057794126312, 143.8531530018286, 82.48971283797898, 71.86642064095746, 0.923949567861, 0.135992272267, 0.357523842468, 0.287476626753, 0.369712903588, -0.883555067889, 0.252337839256, -0.919140071373, -0.302501477807,  
1178, 336358.11614457605, 43.14241320455866, 126.75434117438273, 91.84762262061128, 6.897354381398004, -0.762488874043, 0.520301316281, -0.384574124501, -0.490693013196, -0.077625057678, 0.867867914617, -0.421700229738, -0.850447464983, -0.314496463482,  
1180, 2341488.475883432, 82.37608321484595, 112.6877291430633, 71.13734552098956, 69.7315201031663, -0.418186161528, -0.593086967972, -0.688017574432, -0.898304644797, 0.382414547951, 0.216351285302, -0.134792801892, -0.708524496357, 0.692693250018,  
1181, 3188228.7420910667, 91.30340087220232, 143.39909850588316, 77.7065372878278, 68.30569044807888, 0.587971024744, -0.729333045637, -0.349804777845, 0.447688655352, -0.0667607239591, 0.891693822792, -0.673694991766, -0.680893761374, 0.287260759226,  
1182, 1664496.9516981044, 73.51875291998363, 120.00777802578862, 103.87819963976605, 31.875762771500973, 0.361975715573, 0.928597162875, -0.0817367141302, 0.882898614211, -0.369650147864, -0.28956658165, -0.299104694647, 0.0326508389629, -0.953661525047,  
1185, 1839453.2953687168, 76.00929750155709, 96.35092323385128, 75.3216796572707, 60.509599648784516, 0.401150090181, 0.595461856122, -0.69606305968, 0.431974178716, 0.547108107495, 0.716987466861, 0.807760431113, -0.588300855529, -0.0377516795947,  
1189, 2719273.438779787, 86.58741156958126, 114.88564267083434, 84.35765724358, 66.98445113573362, -0.654024182377, 0.599772088716, -0.461005217392, 0.744563735579, 0.402667806883, -0.532431667879, 0.133705693693, 0.691470953039, 0.709923030037,  
1192, 565503.8911109252, 51.29979891321849, 95.6689968620641, 72.36885904463334, 19.499525455128193, 0.189767761519, -0.935585781473, -0.297770788014, 0.169364390558, -0.267542490334, 0.948544526671, 0.967111110421, 0.230434939565, -0.107683976192,  
1193, 150279.28936811088, 32.98148260813326, 108.37964877788308, 28.734799146731085, 11.520056745617161, 0.530485351589, 0.254694297894, -0.808527121604, -0.518050373662, 0.852365194931, -0.0713959720064, 0.670976230651, 0.456732294774, 0.584111726309,  
1194, 1853331.210416806, 76.19997169730489, 122.19402343849289, 81.72415900506084, 44.306149143896384, 0.66412311691, -0.47483971178, 0.577466651593, -0.686050498706, -0.694026227743, 0.218316990706, -0.297111424908, 0.541160644654, 0.786682882658,  
1195, 3977560.283589564, 98.29001176836623, 114.64734443801444, 94.97126056283804, 87.21113910528555, -0.48156283301, -0.567129564675, 0.668177592213, -0.106432822645, 0.794602545723, 0.597728072449, -0.86992487729, 0.216727596771, -0.443012253409,  
1196, 3515456.6323543433, 94.32591899938365, 98.97573951329233, 96.55163425008621, 87.82228871637724, 0.98990079857, 0.0226907766169, -0.139934047489, 0.121312163218, -0.646314291371, 0.753366574667, 0.0733469020849, 0.762733875887, 0.642539700352,  
1197, 2794999.6264415835, 87.38382447467453, 112.28833374481945, 90.28511109815638, 65.81764982631967, -0.975422821916, -0.193326796411, -0.105712195491, -0.00912870177955, -0.443896628411, 0.896031500612, -0.220152186657, 0.874974589959, 0.431222079254,  
1198, 2923017.5616159895, 88.69809077986233, 157.30599895270007, 81.66785412270855, 54.31832708929465, 0.291282643299, 0.20056496774, -0.935375921984, 0.435280251647, 0.84290779996, 0.316287121604, 0.851871776877, -0.499279615528, 0.158222442401,  
1199, 1674571.2321360512, 73.66677748126283, 98.45559094616048, 79.78533646860039, 50.89223837142598, 0.200728920737, -0.86286741626, 0.463861749163, 0.959624768736, 0.0779466188909, -0.270267696611, 0.197048734093, 0.499383766817, 0.843675085464,  
1200, 3167998.31879235, 91.10987365340434, 104.43466326159096, 88.42958648513871, 81.89437413487886, -0.867226185634, -0.497913388345, -0.00100032817023, -0.0697388002525, 0.119475807082, 0.990384789494, -0.493006331287, 0.85895738499, -0.138336430784,  
1201, 3232107.6949643763, 91.7203573191744, 133.2197166580991, 98.314738513941, 58.91285635902999, 0.044536901071, 0.515746337224, 0.855582947518, -0.576589880759, -0.686117606521, 0.443606514186, 0.815818958991, -0.513077329126, 0.266816567117,  
1202, 3298787.481578429, 92.34681246720089, 118.92095972977691, 91.54516963682639, 72.33889813152817, -0.886478812037, -0.351833686349, -0.30061332798, -0.0304386745663, -0.603859467735, 0.796509403785, -0.461767043973, 0.715238981305, 0.524599272515,  
1203, 2473530.6026216955, 83.89631639673702, 106.85276690790629, 91.50063218624109, 60.39747898345885, -0.993271451453, -0.0187600846128, 0.114279844915, 0.0950212189456, -0.696120171286, 0.711609215145, 0.0662026561296, 0.717680128159, 0.693218899026,  
1204, 3575319.8058567187, 94.85831993814503, 99.50242339580299, 95.81095131753267, 89.5318327800825, -0.921725018585, 0.277843581568, -0.270602908883, -0.326088887346, -0.177435088837, 0.928538005037, -0.209973873764, -0.94409731142, -0.254148064926,  
1205, 1455548.5754167954, 70.30389146009811, 104.81739297498281, 84.1952383069301, 39.37469566267866, -0.852549356122, -0.0861546066249, -0.515496827471, 0.514071640464, -0.316164969022, -0.797351905268, 0.0942864987487, 0.944784153191, -0.31383588073,  
1206, 867764.8159322907, 59.17039602959319, 76.49270512222641, 68.51092286110638, 39.53061679708583, 0.235992583756, -0.441836913901, 0.865498493313, -0.684589327339, -0.707704628977, -0.174618472728, 0.68967017719, -0.5513023668, -0.46948987961,  
1207, 1585436.0277435912, 72.33581370783472, 96.56094146289722, 69.00981537567884, 56.79992427018668, -0.272252216122, -0.0232442839743, -0.961945130493, 0.956559119356, -0.114875432528, -0.267952022158, 0.104275510039, 0.99310791874, -0.0535096228922,  
1208, 3637798.836666867, 95.40768471060413, 100.41178623794528, 95.20163844420622, 90.84916808860675, 0.136402947027, -0.782037252561, -0.608121675036, 0.051689239202, -0.607404645579, 0.792709164246, 0.989304027381, 0.139561212863, 0.0424288730823,  
1209, 2841463.244690497, 87.86538394791553, 101.11155242005402, 93.83851888455759, 71.4943151815676, -0.622667621364, -0.462613133416, 0.631089630795, -0.694027515725, 0.699011232584, -0.172363291157, -0.361401218485, -0.545318609175, -0.756317905226,  
1210, 3361610.0890816716, 92.92935219754757, 105.13887323929931, 94.87744081262579, 80.45118568355083, -0.814403574718, 0.039436609114, 0.578957313926, 0.580143014135, 0.0784552980852, 0.810727358211, 0.0134499307188, -0.996137299806, 0.0867731484948,  
1211, 3191759.2115727323, 91.33708989805248, 111.2121544421739, 90.79878852950388, 75.458679852815, 0.384825726822, 0.428652544022, 0.817414311399, 0.389957208688, -0.878200371356, 0.276943104523, 0.836565918125, 0.212181771728, -0.505110245766,  
1212, 3450300.210619286, 93.7395271456259, 111.13810821660006, 95.32449599973789, 77.75006443912092, 0.0553580692094, 0.191058316415, 0.980016430424, -0.930221132981, -0.346774450657, 0.120150422914, 0.362800396814, -0.918283289677, 0.158529719522,  
1213, 3590513.275363962, 94.99249817094075, 115.62315298708009, 88.98832248913804, 83.30865046558249, 0.306479602927, 0.570112834815, 0.762260853362, 0.746601833592, 0.352776934613, -0.564033807925, 0.590470960392, -0.741970208286, 0.317528352986,  
1214, 3842469.993516385, 97.16442653414815, 119.66738415623065, 105.32589883339283, 72.77980767953132, 0.15307449236, 0.909230621051, 0.38712772767, -0.624046633714, -0.21481400059, 0.751279404816, 0.766246695744, -0.356587468783, 0.534519764245,  
1215, 2909320.36804109, 88.55932806437824, 118.9714700298464, 88.52905755712281, 65.94384550889065, 0.686392156414, -0.323145927092, 0.651492530592, -0.364006793092, 0.622889652513, 0.692464826092, -0.629575144201, -0.712450132007, 0.309919259175,  
1216, 1925704.1504306856, 77.17920825612353, 124.83535080534011, 90.30023267332597, 40.7825616855089, 0.747835271545, -0.311623025698, 0.586202607029, -0.552965723196, -0.781014765242, 0.290249626087, -0.367384424824, 0.541208856476, 0.756387240815,  
1217, 3453607.006154752, 93.7694644897548, 105.8891685591816, 92.47884578094347, 84.1957884835306, 0.633919759767, 0.114652581213, -0.764853269457, 0.703159704318, 0.326358891826, 0.631709034247, -0.322043736781, 0.93826683803, -0.126266275199,  
1218, 3261556.605438234, 91.99808139879956, 100.88830657996674, 91.25162213848203, 84.57750803411011, -0.749161084835, -0.219649723442, 0.624909327792, -0.659307102118, 0.156384808895, -0.735430443104, -0.063810767635, 0.962963026569, 0.261974035727,  
1219, 2424723.3079607747, 83.34083728645393, 165.1168624736526, 64.84446749276242, 54.0641304234761, 0.378633340055, -0.587688986282, 0.715023390668, -0.632662408156, 0.399537726664, 0.663406272414, -0.675555379747, -0.703556152965, -0.220530425383,  
1220, 3514633.700840683, 94.3185581889991, 106.34984831140422, 93.60278986889139, 84.28800829615616, -0.788036250188, 0.207937769447, -0.579448662461, 0.573234194437, -0.0953991108494, -0.813819124853, 0.224502620737, 0.973478758724, 0.0440190821772,  
