# Void_ID, Void_Volume, r = (a*b*c)**(1/3.0), a, b, c, vector_a, vector_b, vector_c 

0, 1531604.52816929, 71.50767826518957, 115.05300275521519, 60.67396250888009, 52.3790618655685, 0.8246317781, -0.538223994698, 0.17406137446, -0.471546732534, -0.824031142839, -0.314032410219, -0.312451771613, -0.176883032433, 0.9333200326,  
1, 1690570.4102913104, 73.90064314638634, 132.92279941915035, 96.71183274933675, 31.39536679746271, 0.414123530703, 0.82763846601, -0.378835413997, 0.766882231401, -0.541444188412, -0.344571957647, -0.49029923973, -0.147826791938, -0.858926012591,  
11, 1949266.1346165403, 77.4927089131866, 115.02022338658618, 79.69717980919513, 50.76511426707422, -0.688709276071, 0.688738269767, -0.226537257006, 0.164252072383, 0.452536506477, 0.876488429486, 0.706187503268, 0.566436497821, -0.42479277791,  
16, 5089401.250200334, 106.70694695843194, 128.36891592923504, 114.9694807702405, 82.32573926247068, 0.995625219109, -0.00456603115318, -0.0933251007712, 0.0227227905305, -0.956987959773, 0.289236442449, 0.0906316603895, 0.290091703104, 0.952697594164,  
18, 631914.6800312895, 53.234103556131856, 112.64580688972437, 68.36520283592257, 19.58933523190085, 0.480024524674, 0.794585537596, 0.371766430915, 0.818254315207, -0.558337285068, 0.136818682018, -0.316285205721, -0.238523163543, 0.918188634811,  
19, 309740.77700635704, 41.97299163176195, 123.56500564618067, 29.678220481305846, 20.163987703053277, 0.0836819259079, 0.490653361666, -0.86732728192, 0.802549835477, 0.482747696824, 0.350525923132, -0.590686970275, 0.725406051738, 0.353376517683,  
25, 1563590.5951246154, 72.0020420125021, 111.48126866254495, 105.66733506526678, 31.687777738568673, -0.717388206941, 0.671520734533, 0.185510279052, 0.686126432956, 0.634859592111, 0.355223614508, -0.120767042446, -0.382116737918, 0.916188910685,  
30, 2831851.1846549897, 87.76619544343535, 131.71569668461473, 97.39054168293183, 52.70204933310824, 0.83995164784, -0.141596706483, 0.523862197533, -0.477983773683, 0.264013154514, 0.837752091217, 0.256929448267, 0.954068879566, -0.15407735608,  
31, 829627.5557290491, 58.29055446786926, 125.74239185352438, 68.01922889307532, 23.156938264861765, -0.913110938691, 0.173171930127, -0.369106890017, 0.370173306033, -0.0273084427866, -0.928561237858, 0.17088047619, 0.984512941291, 0.0391679880603,  
35, 718386.3954340398, 55.55926562236281, 100.0461256156318, 70.8474625240251, 24.1960746060847, 0.426756207612, 0.52247244921, -0.738174558679, -0.576430163996, 0.786089976511, 0.223138555306, 0.696855368997, 0.330280318283, 0.636637656799,  
42, 267221.0722689538, 39.95710648361435, 125.01034664748988, 43.10942194582978, 11.837607450617163, 0.816955791113, -0.463012926825, 0.343805562724, -0.463463595613, -0.88189520037, -0.086384900915, -0.343197801433, 0.0887687172245, 0.935059026978,  
48, 2094297.190043887, 79.36881573700289, 107.21840699502577, 76.49422115405292, 60.96094956795534, 0.870526317558, 0.272164915267, 0.410012425833, 0.400544135927, -0.875900329597, -0.269003731917, -0.285916641022, -0.39840290098, 0.871508349287,  
66, 1614850.7250921312, 72.7804256485298, 107.28732774839202, 99.13451445567357, 36.24686593089241, -0.733382547869, -0.10262327597, -0.672025670425, -0.183202319333, -0.922133089906, 0.340745469068, 0.654665524273, -0.373013441753, -0.657475492775,  
85, 159319.34091951547, 33.62998167047495, 127.46276696754653, 23.352476431935838, 12.77802129162035, -0.760412562232, -0.636184110587, -0.130546974828, -0.539445731303, 0.73065964401, -0.418491084246, -0.361622784374, 0.247802869337, 0.8987895748,  
94, 3506912.332115815, 94.24943744081334, 117.70415889747439, 89.10277965048158, 79.82763064442933, -0.20764741275, -0.948626925207, 0.23872475521, -0.967046066362, 0.235826880568, 0.0959561771617, 0.147324327631, 0.210932783544, 0.966334778074,  
101, 1281441.8983869671, 67.38089420070716, 130.64959061995333, 53.81371755815246, 43.512021676109626, -0.930919761076, 0.201645582037, -0.304511835045, -0.105707915776, 0.649319626556, 0.753133360775, 0.349591525898, 0.733296039683, -0.583148937413,  
102, 1845665.292633026, 76.09476474786622, 113.3729264725085, 71.72770215968342, 54.18362549505174, -0.136504348472, 0.874858827076, 0.464745732132, 0.960758156127, 0.00255874909378, 0.277375590561, -0.241475316097, -0.484371226942, 0.840877033951,  
107, 606885.332114082, 52.52176884016203, 113.06704543279626, 65.45026781576931, 19.578100795855946, 0.781321843384, -0.521386035658, -0.343063811663, -0.517046273069, -0.232852332606, -0.823676479393, -0.349570205477, -0.820936290476, 0.451513320315,  
141, 3776017.99779077, 96.60104298435607, 141.54801729105816, 98.572618770653, 64.60786076271695, 0.614463224185, -0.370084413359, 0.696758547212, -0.282566427185, 0.721330490624, 0.632327871854, -0.736607874213, -0.585422796178, 0.338657628532,  
144, 1667405.8420128813, 73.56155534723761, 132.60528074544743, 71.81846732467558, 41.79802462632862, -0.934170709024, -0.203430049968, -0.293157468218, -0.344335803898, 0.298466029884, 0.890140934436, 0.0935838691014, -0.932488200341, 0.348866472549,  
155, 1239357.424685824, 66.63503873652172, 82.30232432332079, 74.67936390638889, 48.13879922517298, -0.0475919520486, -0.468577435505, 0.882139554173, 0.479276146014, -0.785550532063, -0.391413767562, 0.87637285556, 0.404160300513, 0.261963870651,  
162, 2586724.655425289, 85.15703487118815, 110.9774991763553, 80.38922163586484, 69.21956021091206, -0.763966998535, -0.645244206994, 0.00378661981167, -0.619098172316, 0.734638869891, 0.277530509818, 0.181856751823, -0.209679861183, 0.960709361686,  
178, 1819767.5514112138, 75.73717510643483, 121.54696706509402, 76.3184736394888, 46.83316462756307, 0.48363183394, 0.768140260643, 0.419595983273, 0.755546001848, -0.124364400204, -0.643182505245, 0.441871574432, -0.628087602123, 0.640511885735,  
186, 1525856.9270899438, 71.41811798422194, 108.72556932153182, 72.05743233865131, 46.49590778413249, 0.828880172777, 0.352397321885, -0.434481054484, 0.469563047739, -0.860425116924, 0.197937268761, 0.304085848693, 0.368082525658, 0.878662080057,  
213, 4121801.542091971, 99.46405390940635, 108.6517895011829, 103.79167314278652, 87.25675774466708, -0.860192833933, -0.413621595393, 0.298304314877, 0.280084008645, 0.105649850114, 0.954144149105, 0.426170431343, -0.904298227907, -0.0249695505257,  
231, 464477.29101442976, 48.04246606870518, 104.28338139616491, 59.589974324361734, 17.843809299092296, -0.979753702637, -0.196810674055, -0.0367183979456, -0.191986599617, 0.871577909599, 0.45110208719, 0.0567787613221, -0.449018380556, 0.891716696146,  
272, 1538499.6057223526, 71.6148236237747, 99.49708727001666, 75.42822763460474, 48.940061386485574, -0.573761636387, 0.543615198911, -0.612601093799, 0.0755198514726, 0.779894828122, 0.621337918609, 0.815533160971, 0.310236317315, -0.488527471873,  
274, 843100.8050694781, 58.604410025960675, 116.76449982585343, 66.15751200159, 26.055589724179715, -0.293324360145, -0.0422172640137, -0.955080374819, -0.955908542204, -0.0018148153243, 0.293658926967, 0.0141307709499, -0.999106805634, 0.0398235137553,  
286, 1512321.7328990619, 71.20631775754222, 133.31887788040385, 70.546153364841, 38.38756776860118, 0.484322510346, 0.661476985304, -0.572607984476, 0.687223129699, -0.692676645967, -0.218914216392, 0.54143889404, 0.287484368349, 0.790061176097,  
288, 1427154.973757599, 69.8437434954242, 112.84497124449742, 75.7030842131593, 39.88290118450683, 0.640021706383, 0.0650062129978, 0.765601990352, -0.650984573981, 0.575178647046, 0.495367145078, 0.408155974841, 0.815440811006, -0.410444861031,  
302, 412870.731381971, 46.19289300485827, 131.06968183889504, 86.22413421449932, 8.721564557760491, 0.508490266444, 0.189451736585, 0.839967671066, 0.760362814314, 0.358992659907, -0.541269489941, 0.404086673302, -0.913910449463, -0.038492217681,  
316, 2427351.6458253684, 83.37093952228291, 109.97569104652563, 86.3302761508612, 61.03574603373304, -0.200425559543, 0.674010846648, 0.711012639608, 0.8905064929, -0.177231801361, 0.419031114227, 0.40844556698, 0.717145917639, -0.564689252268,  
318, 1323079.3344679766, 68.10292402970427, 118.03563612133468, 57.00535986804245, 46.94274053446812, 0.639071080579, 0.146290886353, 0.755107363583, -0.488035299939, -0.681676466278, 0.545104339862, 0.594482716301, -0.716879468176, -0.36424459931,  
328, 3251216.2732186825, 91.90075590584185, 120.80743074891987, 97.48195954780223, 65.90818498277703, -0.17582128518, -0.617572247508, -0.766610327862, -0.284960123029, 0.777330074479, -0.560852639821, -0.942276288548, -0.119843541413, 0.312654636333,  
339, 2351039.5936683537, 82.48793746409271, 138.78321542104214, 89.68219150894235, 45.094977669578554, 0.146504338223, -0.378174714026, 0.914068030594, 0.510736162826, -0.762432092605, -0.39729822067, 0.847162942334, 0.525053511404, 0.0814478931526,  
341, 437906.79209698824, 47.1083280462126, 134.04993742243718, 105.43591854205282, 7.396697715416184, -0.26643146535, -0.452508200583, 0.851029143259, 0.796672964989, 0.393589581857, 0.458693174039, -0.542518627448, 0.800202205357, 0.2556364008,  
357, 1649368.7683551533, 73.29534371819315, 116.7005765879822, 106.80193430149185, 31.591993931519873, 0.420975023732, -0.426402664542, 0.800600272961, 0.873263106217, 0.429244772227, -0.230565549976, -0.245339716951, 0.796197019077, 0.553063043512,  
406, 2705950.2535836645, 86.44576719778327, 116.14797005998943, 101.16403497062969, 54.978569029766, -0.831576733854, -0.459621364046, -0.311814588218, 0.0490936951144, -0.620043627062, 0.783029826788, 0.553235885327, -0.635841255544, -0.538178365353,  
439, 675495.582303754, 54.43078961866547, 125.80399224266662, 52.677667096082786, 24.333968821859486, -0.0232008675531, 0.670192796333, 0.741824329264, -0.908633840156, 0.295333305656, -0.295233438306, 0.416948754966, 0.68089636092, -0.602107865268,  
441, 1658941.468739617, 73.43686883639585, 121.31618900543307, 83.50999216791931, 39.091762546734955, 0.843808629939, -0.371064055521, 0.387683456882, 0.168718734182, 0.86922463933, 0.464739190425, -0.509432021741, -0.326741477443, 0.796064709771,  
448, 1733425.1142723903, 74.51988197338329, 148.26848535850996, 58.73052908573549, 47.52298491250829, -0.445626526414, -0.35367939295, -0.822391564863, -0.867755190761, -0.0551444401818, 0.4939230908, 0.220040741373, -0.933739780517, 0.282333303768,  
465, 422186.5058465004, 46.5377354255626, 149.19282613938327, 41.82763054625631, 16.151190314216738, 0.303608507579, -0.0805533747567, 0.949385605505, 0.849338433899, 0.474444460432, -0.231358333906, 0.431794046771, -0.876592041819, -0.212462451722,  
472, 499942.49529369874, 49.23536343732486, 119.58347502097031, 66.51601121905973, 15.004933558637575, 0.598958986116, -0.578738743949, 0.553452436261, -0.412617545425, 0.369278554016, 0.832694488244, -0.686290677598, -0.727114032182, -0.0176150516629,  
479, 1325408.2528051257, 68.14285944765392, 131.37708588799813, 84.05296435266084, 28.654207539245565, -0.794071191174, 0.38833754652, -0.467594796069, 0.604319616231, 0.42190628643, -0.675864547753, 0.0651823962905, 0.819261274218, 0.56970362451,  
481, 1038453.6949015338, 62.820228083671125, 89.02919770779856, 58.87893918330256, 47.29400469479715, 0.877331299487, 0.469048895258, -0.101404757269, 0.408549713421, -0.619195473484, 0.670584891927, -0.251747736045, 0.629753999173, 0.734869361126,  
497, 1367025.142740006, 68.84873487801553, 114.43989460314049, 80.75774296749458, 35.312321605920495, -0.639571956812, -0.10005728148, 0.762191742596, -0.754602473333, -0.107502974899, -0.647316165121, -0.146706575513, 0.98915704052, 0.00674758406051,  
503, 1998383.2864192133, 78.1381983117674, 122.12842922829196, 105.63204241984062, 36.980921689833885, -0.416063421619, -0.880242095041, 0.228177744989, 0.476016150378, 0.0029694035275, 0.879431525033, -0.774790199841, 0.474515581156, 0.41777399329,  
527, 619263.2615493545, 52.87644337013696, 112.78493053458833, 83.73786076461059, 15.653583284277463, -0.970913028122, -0.237009948211, -0.0339731698755, 0.00335246163437, -0.155333405666, 0.987856413699, -0.239408965629, 0.959008768225, 0.151609794022,  
546, 1569250.8264972123, 72.08882036041754, 120.54774248145557, 91.59982899081919, 33.92735571321633, 0.851759169721, 0.0374758959895, 0.522591498224, -0.465790724617, 0.510846732461, 0.722547311112, 0.239886051401, 0.858854570433, -0.452574313444,  
565, 2110416.1971572516, 79.5719193939561, 125.46828846933438, 98.42204822733736, 40.79933923687509, 0.380122736905, 0.850818557266, 0.362787110438, -0.256994619384, -0.279630854784, 0.925073159626, -0.888515880835, 0.444875676638, -0.112361745446,  
578, 1295323.6829568034, 67.62333194427221, 126.53542594625358, 68.73967754785947, 35.552494242774664, 0.257526794396, 0.882843593021, 0.392768558353, 0.63821324163, -0.460606220098, 0.616867707224, 0.7255093441, 0.0918101316287, -0.682060914694,  
588, 721269.2499517362, 55.633485432401244, 105.85567844375365, 58.24623810377134, 27.927159584304267, -0.122254303807, 0.947683542567, 0.294872495069, 0.960848781011, 0.0385809508737, 0.274374069946, -0.248643329349, -0.316871288345, 0.915297263949,  
598, 1419192.5546071625, 69.71360985241138, 117.4799535892925, 87.47875275440128, 32.96752666550243, 0.792934024985, -0.332673352508, 0.510474360327, -0.525188606333, 0.0516035197909, 0.849419804645, 0.308921607854, 0.941629182468, 0.133798067717,  
613, 3569111.438240097, 94.80338251929516, 131.60310815672202, 100.75399151523924, 64.26035079961886, 0.461935386777, 0.870266452763, 0.171032159661, 0.799749529631, -0.49208677357, 0.343876863327, -0.383427161659, 0.022066002624, 0.923307480328,  
633, 1612384.3637646942, 72.74335425715701, 90.467200133288, 85.71542771297551, 49.63977707286438, -0.261309234549, 0.159127877384, 0.952048214419, 0.853659563192, -0.422269238842, 0.304883650101, 0.450536162934, 0.892393976093, -0.025498182724,  
653, 916281.0023118765, 60.253187154272126, 85.1594531422085, 60.442614234981356, 42.49755738826778, 0.267449329931, 0.600919114876, -0.753237726947, -0.407971848808, 0.778808629533, 0.476462054254, 0.872943197751, 0.179870330907, 0.453449928393,  
662, 718908.0026347934, 55.572709224140766, 140.27694054212577, 75.91011131323076, 16.11754142829499, -0.0506147985412, -0.0868101981942, 0.994938255199, -0.272583154915, -0.957191126913, -0.0973836239611, 0.960799961399, -0.276132461056, 0.0247850383516,  
670, 631590.9528057389, 53.225011467761234, 118.73340168675841, 51.5639941856076, 24.627925425742824, -0.135779312873, 0.96644695187, 0.218046479946, 0.975830368, 0.168493927099, -0.139157786054, 0.171228125857, -0.193881628195, 0.965966274341,  
698, 1661701.9352508993, 73.47757906903935, 113.65654225879086, 69.26238008109173, 50.3932845212563, 0.138969572405, 0.98183662518, -0.129167718106, -0.54696370637, 0.184833560671, 0.816496943512, 0.825541132748, -0.0428181772715, 0.562715240451,  
699, 3131353.3172526294, 90.75721373390222, 118.42333782671223, 86.44204867845774, 73.02660563548909, 0.488557062635, -0.825976874715, -0.281201349546, -0.538361306878, -0.538982255334, 0.647815738997, -0.686643357069, -0.165107028536, -0.7079975772,  
705, 196155.50255035982, 36.044358069990224, 121.01145778909081, 98.79403285976555, 3.917009990978233, 0.662647788553, 0.56112276067, 0.496023341975, 0.697250510601, -0.703981921265, -0.135096928158, -0.27338550399, -0.435374209146, 0.857735194695,  
714, 907681.8678654936, 60.06410593077815, 141.09440404378225, 49.650691547444275, 30.9321394401326, 0.50279012882, -0.74838868751, 0.432569599913, -0.431065180717, 0.216679276035, 0.875918318858, -0.74925622876, -0.626868777133, -0.213660103718,  
722, 1278908.315104574, 67.33645786692283, 108.22075733174832, 84.02832357912614, 33.574884996154715, 0.434307712781, -0.839236815294, 0.327197766608, -0.866734110991, -0.290453534787, 0.405473457794, 0.245252505519, 0.459693715407, 0.853541385377,  
733, 1063625.2332581163, 63.3237570794892, 125.20699435346913, 91.4664764688472, 22.17223551866653, 0.245263673078, 0.50375886181, 0.828295080159, 0.654369093321, 0.544371794811, -0.524843251572, -0.71529491846, 0.670735684277, -0.196129603739,  
739, 2408328.7771007726, 83.1525786937056, 118.35327191163721, 100.66372637913712, 48.258508362727206, 0.471361289763, -0.808210860686, -0.353006712658, -0.655527521347, -0.588831345501, 0.472822710233, -0.590001867175, 0.00853529284355, -0.8073567647,  
765, 2093672.1383896228, 79.3609189676196, 129.4963388096932, 97.44668529370713, 39.60914824957965, -0.892782167224, 0.356525557508, -0.275371619327, 0.4147268145, 0.889159082914, -0.193385094065, -0.175902448026, 0.286854757876, 0.941686081804,  
766, 622428.641054855, 52.966383383711936, 124.1241041540636, 77.1917129732328, 15.508655667029306, 0.78753596228, 0.335376105447, 0.517020285879, 0.454501941889, 0.250497940776, -0.854797500281, 0.416191173542, -0.908170495866, -0.0448470456496,  
773, 2901544.748935628, 88.48036139909186, 138.71269103510082, 95.36064196158293, 52.366711282449764, -0.785596526467, -0.420357337856, 0.454024014908, -0.595621426132, 0.315070017213, -0.738895121777, -0.167550632152, 0.850899872349, 0.497891748176,  
777, 1536805.2150561686, 71.58852352771433, 105.99862195003601, 78.71375766179624, 43.97231715815932, -0.0154457090077, -0.69339614268, 0.720391018398, 0.713144535634, -0.512643848889, -0.478143446564, 0.700846845872, 0.506357653751, 0.502409817897,  
786, 1707774.5928745444, 74.15048220355911, 120.30085481236405, 73.60878678131716, 46.04087468680138, 0.162357157773, 0.435399426538, -0.885475856639, 0.430690117527, 0.776116936204, 0.460595835849, 0.887775971732, -0.456146731554, -0.0615140903256,  
806, 1888696.3227095495, 76.68160160256873, 127.73497458574617, 89.95584226100893, 39.24048127789489, -0.676331546086, -0.11333190018, -0.727826572867, -0.733172836097, 0.198743737301, 0.650352611507, -0.0709452759495, -0.973476659856, 0.217508529799,  
816, 2251224.604416229, 81.3036555141102, 117.09705378813676, 92.13026908071531, 49.81749772087883, -0.3303834102, -0.785972677918, 0.522583727102, 0.851098160453, -0.00873669384985, 0.524933892461, -0.408018043152, 0.61819949834, 0.67182635905,  
821, 4530924.575331275, 102.65168307866942, 114.35193621356935, 108.06843389623336, 87.52978124450645, -0.341283100918, -0.51137656822, 0.788682350825, -0.0719002998279, 0.850803223921, 0.520542237528, 0.937206589772, -0.120945771489, 0.327132891111,  
829, 2428492.1854178733, 83.38399531067186, 129.05779600904006, 68.87570876442557, 65.22255022506113, -0.183997670713, -0.841683593439, -0.507654986884, -0.891919320994, 0.360013707019, -0.273623930963, -0.413067527178, -0.402441125252, 0.816955542668,  
839, 768042.0988656443, 56.81096140093332, 79.17442980892123, 54.45955791521498, 42.52431832652782, -0.985919172941, -0.163387391108, 0.0356082132996, -0.157392074754, 0.978611418666, 0.13246669793, 0.0564899923167, -0.124997006696, 0.990547640997,  
868, 1982702.1351635717, 77.93328001687898, 132.65135917829292, 83.51131274925199, 42.727929673891204, -0.864511676864, -0.316949183682, 0.390080473145, 0.00949034315395, 0.765673273621, 0.643159678034, -0.502523127779, 0.559721049296, -0.658925529193,  
875, 1683274.709436297, 73.79418313561804, 104.5825245411601, 84.35702999870881, 45.54974887893128, 0.0113345286443, -0.687649148958, 0.725954665525, -0.990352235274, -0.10799342118, -0.0868324309796, 0.138108575216, -0.717966621034, -0.682238926281,  
884, 997794.903503091, 61.98941777652523, 102.82803857337292, 64.94442255737125, 35.669683887669294, 0.505085713886, -0.836559457558, -0.212265625096, 0.556629113037, 0.127787754758, 0.820874119615, -0.659585060585, -0.532765017342, 0.530197118202,  
891, 798796.3582590153, 57.55934222995058, 125.82032072362856, 57.35243975125509, 26.426812397801346, -0.412057793467, -0.0502451729892, 0.90977128853, -0.102413250483, 0.994705190438, 0.0085504526785, -0.905383841787, -0.0896493541909, -0.415021797409,  
898, 2195627.572070676, 80.62876768904543, 126.95108602362828, 109.0557508762666, 37.860389169619346, -0.615461391302, -0.687209944374, -0.385940109564, 0.701008889993, -0.701110320778, 0.13050231511, -0.360269082725, -0.190228311384, 0.91324661378,  
902, 1015652.4900011981, 62.35704255030971, 147.02899956139447, 48.72239824400736, 33.84736532249183, -0.970993278407, 0.0542190942779, -0.232878386941, 0.231360052878, -0.0328601366884, -0.972313086073, 0.060370350508, 0.997988227001, -0.0193628393328,  
917, 2510840.3324933723, 84.31603245000126, 135.97750317903564, 96.88912324542217, 45.4975906113825, -0.990669105438, 0.0602291835432, 0.122258615158, 0.0427821907097, -0.714282188219, 0.698548953009, 0.129400184268, 0.697261357772, 0.705040560017,  
928, 3143619.690758996, 90.87556633032031, 107.46444702548908, 100.72666694603294, 69.33174315290121, -0.998278848626, -0.0549802999323, -0.0204085032656, -0.0291819873173, 0.163837625493, 0.986055598883, 0.0508699518616, -0.984954008618, 0.165160070554,  
929, 3325266.9685758157, 92.59324467182833, 138.5662659387664, 102.94795340778401, 55.649680831050574, 0.237534028169, -0.926660444841, -0.291338300657, -0.140862770959, -0.32961186247, 0.933548980973, 0.961111473878, 0.180710929627, 0.208825991423,  
931, 1976064.3492818, 77.84621318380823, 103.17989420354326, 74.2285277539695, 61.595154459004846, 0.533007566421, -0.841954104742, -0.0837628774974, -0.740479607576, -0.512072805046, 0.435283118323, 0.409381099835, 0.169984492943, 0.896388524724,  
935, 749964.1950540594, 56.361685659857976, 127.07843185470799, 58.63890982761798, 24.02670332040499, 0.693122486649, -0.369367849981, -0.618989991763, -0.383955924529, -0.915955295801, 0.116635089544, -0.61004841326, 0.156822471266, -0.776690186615,  
936, 568804.981531107, 51.39942500365553, 130.73535034577012, 43.60640122849557, 23.819437449743393, -0.477099170706, 0.431605784914, -0.765566997551, 0.864065423488, 0.0712565889664, -0.49831058835, 0.160522039745, 0.899243540403, 0.406932094825,  
953, 2821246.921897855, 87.65650748473753, 119.40173688647289, 83.8040768770775, 67.30955169789961, -0.90350371839, -0.3154452978, 0.290129789839, -0.37397516921, 0.910933433772, -0.174191997667, 0.209340879119, 0.265884454853, 0.94100045324,  
971, 3741784.798319845, 96.30822949627292, 116.46128049913264, 95.17198011507915, 80.59340985417396, -0.280767088565, 0.909134270577, 0.307643820092, 0.954028533697, 0.299386278504, -0.0140503784969, 0.104878019008, -0.28955609872, 0.951397848864,  
988, 1204092.3157805908, 65.99692869034884, 106.87513336860818, 79.49390725121692, 33.83457004917521, -0.832254844361, 0.0571170704634, 0.551443119731, 0.390927728377, -0.644827720738, 0.656789708928, -0.393099714098, -0.762190823107, -0.514332347755,  
989, 506307.1885943479, 49.443419032614806, 117.78470642588587, 57.7448529593695, 17.771467868141077, 0.84201461668, -0.431433634015, -0.323846267134, 0.265022650233, -0.192050132416, 0.944923140527, -0.469866342868, -0.881465691947, -0.047369333543,  
999, 1647157.0423968954, 73.26256719347256, 124.82482601533371, 78.27706945964589, 40.244901665501615, -0.947839128019, 0.159974970361, 0.275697290982, 0.250680857002, 0.908347548535, 0.33475937478, 0.196875837343, -0.386410067064, 0.90107001101,  
1001, 438527.6361608596, 47.1305802054867, 140.14193536522882, 31.339975235654933, 23.836451270194047, -0.75194069499, -0.521997904885, 0.402620638459, 0.084905967897, 0.528970407376, 0.844382191153, -0.653740137848, 0.669110226656, -0.353433638397,  
1002, 992366.1390215524, 61.87679004813601, 150.73237324772637, 73.37422757587042, 21.420679750113443, -0.0516901941622, 0.613017421539, 0.788376664239, 0.0735760291398, -0.784948945171, 0.615176171036, 0.995949141153, 0.089804200146, -0.00452922428709,  
1010, 814667.3212542649, 57.938052838967586, 123.143417119038, 46.70308111947285, 33.8169902894755, 0.672395757456, 0.6328420718, -0.383920379134, 0.393405982815, 0.133808917639, 0.909575124025, 0.626989376338, -0.762631028558, -0.158991308693,  
1027, 2397964.4777705385, 83.0331241473129, 144.11391930007707, 81.83379830130787, 48.541757620561356, -0.0659463522475, -0.300928499275, -0.951363819445, -0.996579841652, 0.0674452271137, 0.0477468381426, -0.0497965645229, -0.951258734343, 0.30434704286,  
1046, 383376.61394462414, 45.065653100444116, 119.569971506344, 57.33455717324516, 13.35052731539004, -0.524620749489, -0.851281734686, -0.00961651675333, 0.0879222606187, -0.0654124708763, 0.993977305949, -0.846783765369, 0.52061561333, 0.109163354034,  
1052, 1328252.3471584036, 68.19156551304938, 87.89360333150583, 81.45242166284555, 44.29255289369288, -0.412218732256, 0.805744551791, -0.425266309548, 0.91042491188, 0.382057187177, -0.158615212243, -0.0346727069312, 0.452557204102, 0.89106104191,  
1054, 1065898.376800361, 63.36883610497573, 112.9286970168612, 74.84167006482272, 30.107826469053656, 0.377486810319, 0.142801208884, 0.914937988487, -0.827728057309, 0.495016160884, 0.26424470403, 0.415174627331, 0.857068734236, -0.305062638839,  
1063, 1147027.8717559455, 64.9374335611096, 135.88777965872737, 56.53394445777514, 35.64475805986565, 0.409181034964, -0.886439679146, -0.216322850993, 0.617958967595, 0.0947863354216, 0.780475665851, -0.671340148505, -0.453034486384, 0.586568119789,  
1077, 872669.9210428084, 59.28167497500209, 128.87748970219573, 70.13503278264565, 23.048853378239002, -0.116988859194, -0.0460731929948, -0.992063943358, 0.976599621276, -0.18685178714, -0.106487508028, 0.180462701265, 0.981307123448, -0.0668546402457,  
1094, 2483800.0683228215, 84.01226142763443, 94.35668123790406, 81.80816934148848, 76.81723904835088, -0.860756677399, -0.107062385971, 0.497629970785, -0.502361184108, 0.336252664067, -0.796597380494, 0.0820437871821, 0.935666495829, 0.343215712879,  
1097, 4883454.138099542, 105.24775352033127, 122.57839246617162, 114.54367196781205, 83.03352614346068, 0.939211536717, -0.22885845134, -0.255940419917, -0.0810098553034, -0.872112264353, 0.482553211273, 0.333645159774, 0.432485846723, 0.837637690021,  
1108, 1148608.1499850275, 64.96724164871137, 106.63879346749788, 78.83942784934123, 32.61554182239346, 0.594019580298, -0.526089482384, -0.608580803795, -0.0667565502519, -0.786145073304, 0.614426144234, 0.801675932794, 0.324354405311, 0.502105485465,  
1114, 1440609.1064158797, 70.06253530882687, 105.4222483714753, 86.03201664564669, 37.919724113885785, -0.873682044718, -0.217158828786, -0.435340932854, -0.390033875911, 0.847512039883, 0.359995719273, -0.290780433282, -0.484319507488, 0.825155351608,  
1126, 1657137.4475488532, 73.41023946225734, 115.73152227982983, 70.97867959659987, 48.160428300244476, -0.146028537005, -0.740100067251, 0.65645072689, -0.149281536679, 0.672450769829, 0.724931020831, -0.977952293922, 0.00786464313711, -0.208680277461,  
1130, 3356308.7678093864, 92.88047606006725, 118.94398175040165, 103.96244874028491, 64.79691433432454, 0.204202507417, 0.978783273225, -0.0168712779688, -0.861497799459, 0.187864556419, 0.471729212546, 0.464890177883, -0.0817937191794, 0.881582049506,  
1134, 1628961.4172715656, 72.99179819638687, 108.62175971271962, 77.33782886610855, 46.292792423722396, 0.40853244988, 0.654619776146, 0.636061464069, 0.866642726598, -0.496871942112, -0.045262098674, -0.286411630053, -0.569729077563, 0.770309779472,  
1138, 747061.2053458968, 56.28886931219014, 140.45192311376968, 63.910027133775806, 19.86876544699514, 0.331086379399, 0.0392458761721, -0.942783946925, 0.319448595688, -0.944798858744, 0.0728540405857, -0.887881976441, -0.325291988405, -0.325347073432,  
1140, 435976.92356257647, 47.03902352636558, 155.10085885370108, 68.90787433156481, 9.738494817924098, -0.0546770466224, -0.953986191759, -0.294823280129, -0.84243502628, 0.202578132471, -0.499264786203, 0.536016461566, 0.221071133751, -0.814747756519,  
1160, 1260520.3458429188, 67.01218059253492, 135.10388963120232, 87.38460697249545, 25.48933240059934, 0.863276680708, 0.253927255034, 0.436204449424, 0.189082257269, -0.963997888625, 0.186965159088, 0.467975717888, -0.078924140018, -0.880210036065,  
1165, 1365559.4544025734, 68.82412014569687, 95.49320819171773, 83.22005019029565, 41.02244548790296, 0.343739832486, 0.881611448786, -0.323425696153, 0.867233593426, -0.430134268323, -0.250779595755, -0.360206637911, -0.194282692445, -0.912417346076,  
1178, 1095157.9822000677, 63.943448539419606, 119.60782666667386, 63.38981565035853, 34.483320269008864, 0.437232679585, -0.717724657091, 0.54193994179, -0.818600778348, -0.0680500884907, 0.570317412626, 0.372451808415, 0.692993868703, 0.617283685471,  
1186, 1954315.758594551, 77.55956683146646, 118.66752248210696, 111.8494654614388, 35.15121463039354, -0.844329547316, 0.0555753103704, -0.532934330294, -0.302846329484, -0.870002719895, 0.389075016023, 0.442031352109, -0.489904737937, -0.751399781408,  
1190, 2058302.5625021225, 78.91148237527621, 138.16454344579043, 88.71938363522878, 40.087177881473515, -0.103039889731, -0.0457815247293, 0.99362308403, -0.976404162392, -0.18594121092, -0.10982157231, 0.189783278471, -0.981493717797, -0.0255419094367,  
1193, 1312690.677587133, 67.9242101912416, 118.38368121333849, 59.68268418626385, 44.3540829356003, 0.614416181221, -0.708442511619, 0.34727793478, -0.68276047078, -0.256841213373, 0.684010767936, 0.395387020264, 0.657374930192, 0.641503940254,  
1195, 1350166.8549066857, 68.56454700048971, 133.72275391620235, 78.6997947959943, 30.628090458895464, -0.527688301385, -0.784849144236, -0.324895179056, -0.848433071446, 0.505587673754, 0.156660229238, -0.0413083509398, -0.358319584925, 0.93268467083,  
1196, 1330203.3149579477, 68.22493629652338, 111.72787402738486, 82.88424477654678, 34.29224333841198, 0.234166503554, 0.724041745872, 0.648790874511, 0.822463144642, -0.503369163615, 0.264903493423, 0.518382507729, 0.471575058031, -0.713369848202,  
1198, 1629006.1397742187, 72.99246617742482, 128.72165033112327, 82.43729822862615, 36.64871593060268, -0.242838670413, -0.696541734461, -0.675173305386, -0.961274346051, 0.266282420718, 0.0710303036735, -0.130311211242, -0.666275682109, 0.734231369293,  
1199, 2019595.5971397345, 78.41369792551903, 111.83329726473819, 92.79523301738412, 46.459979042241564, 0.559280933035, -0.33934478865, 0.756339839199, -0.674541219839, 0.344056294674, 0.653161089498, -0.481870294459, -0.875482941302, -0.0364779221806,  
1200, 1733796.8087097262, 74.52520796945576, 102.8692884800802, 79.5229623593896, 50.59776156083083, -0.00606743739216, 0.995507380509, 0.094489372716, 0.368620903525, -0.0856101579278, 0.925629261824, 0.929560011881, 0.0404469555385, -0.366445395795,  
1203, 1691517.3342584537, 73.91443833811266, 118.88497965485357, 62.36664102596189, 54.463870490501286, 0.676309409212, -0.719742819921, -0.156766884844, -0.544249000243, -0.34482991995, -0.764777975652, -0.496385544457, -0.602546761239, 0.624931029614,  
1224, 2189214.5522003057, 80.55019059033827, 141.62194389658086, 97.04676313641635, 38.026653828950685, 0.435107466006, -0.832520831844, 0.342914796374, -0.794718600039, -0.534117929835, -0.288340742492, -0.423206615943, 0.147061557095, 0.894018488985,  
1228, 1690246.8596628085, 73.895928342252, 127.5527570398434, 83.72085918809442, 37.78661611341997, -0.207197592604, -0.481832429759, -0.851414509655, -0.965791438682, 0.239466025876, 0.0995134132656, -0.155936059293, -0.842907783855, 0.514966419612,  
1233, 346415.70345281693, 43.56820363499665, 67.50444121432332, 58.17209301857913, 21.060172547531742, 0.298083057192, -0.953469821435, 0.045186177404, -0.143059377274, 0.00217910651964, 0.989711708564, 0.94375871153, 0.301480598229, 0.135753244171,  
1242, 787870.2490065321, 57.29570012482205, 97.99352643762795, 62.870205443047105, 30.529790618345686, -0.549943049385, -0.0554782201524, 0.833357552028, 0.79597980404, -0.336994738953, 0.502842617007, -0.252940297292, -0.939870583116, -0.229487457172,  
1243, 1015390.3353408871, 62.35167700249594, 109.56493621916796, 53.60448449603913, 41.27353832932936, -0.302278056839, 0.677325792297, -0.670714356073, 0.186916762567, 0.732087863597, 0.65506448831, 0.934713913572, 0.0726438645858, -0.347897641143,  
1245, 1381330.6983984502, 69.08806322529207, 136.8348192998395, 75.90146239394547, 31.75135675857828, -0.861637283604, 0.082475235269, -0.500778421131, 0.50397285903, 0.0225117392682, -0.863426070348, 0.0599378750417, 0.996338826485, 0.0609622339899,  
1246, 204736.27929543972, 36.562459223139115, 124.4705276292466, 53.01144579190559, 7.407471985847096, 0.269381548541, -0.80104762979, 0.534561760803, 0.46482940993, 0.594293309699, 0.656314773345, -0.84342587165, 0.0716809378711, 0.532442149136,  
1249, 2088217.7152524013, 79.2919421570562, 100.01579516670495, 86.29095375510245, 57.76347407243468, -0.144938608361, -0.0767576816381, 0.986458847654, 0.0980785036417, 0.990961635402, 0.0915185461293, 0.984567624356, -0.110014978397, 0.136100321817,  
1254, 328960.45395510225, 42.82378280013525, 96.22575447847258, 74.69648058132812, 10.926060930104828, 0.568440426892, -0.753710311013, -0.329842762764, -0.115329573186, -0.469956355981, 0.875122913094, 0.814600865838, 0.459414617254, 0.354067280089,  
1259, 853567.0463249848, 58.8459181737546, 114.9161845646237, 90.34002312178959, 19.6285236278284, -0.573854232498, 0.500436479853, 0.648270506407, -0.729207919064, 0.0480617957981, -0.68260228139, -0.372756127539, -0.864438195256, 0.337341779157,  
1264, 1459864.7765473528, 70.37331460722386, 106.39432725020077, 90.98696024522849, 36.00198046578386, 0.349316211341, -0.75091965885, 0.560444333049, -0.868143405056, -0.0343126630682, 0.495125912684, -0.352569443872, -0.659501559593, -0.663891919022,  
1268, 634157.5548711632, 53.29701101963383, 126.17419651870046, 74.9908080208014, 16.00036833621121, 0.552327554567, 0.0293000236977, -0.833112105948, 0.591778426148, 0.690102660695, 0.416601262656, 0.587139307841, -0.723118127495, 0.363823593072,  
1271, 272178.0295414394, 40.20266275354037, 98.42424805192985, 50.233043589906984, 13.142344834570043, -0.462170219941, -0.72304727875, -0.513421192095, -0.848342157902, 0.529125224767, 0.0184953951323, -0.258291058548, -0.444104862851, 0.857937410227,  
1272, 1766430.6947843058, 74.9898810085125, 124.2986934812468, 109.91829766819902, 30.865366338832125, 0.336261134177, -0.599121346615, 0.726623741473, 0.466837740536, 0.776126684254, 0.423898447744, -0.81791868401, 0.196674812875, 0.540673694873,  
1273, 77434.50819262544, 26.441249753592327, 83.1638224965599, 66.78269811645578, 3.328492104409191, -0.257457303831, 0.138776878494, 0.956272301544, 0.896430116384, -0.335145856238, 0.289983277941, 0.360733673426, 0.931889603463, -0.0381180248028,  
1280, 1331038.2301739946, 68.23920732896548, 106.15647590193171, 85.34778490522775, 35.072213274558784, 0.244262078981, 0.768194728398, 0.591787880945, 0.601343525806, 0.358764093274, -0.713914763364, -0.760737800259, 0.530250115171, -0.374316463193,  
1287, 2600050.5206959597, 85.30301717252706, 121.55168753503871, 91.06943438869294, 56.073742822330644, -0.676004698497, 0.67061847651, 0.305431672513, 0.728642600443, 0.670176937859, 0.141219094961, 0.109989128693, -0.318015299828, 0.941683949446,  
1291, 640462.4225154683, 53.47305722449324, 123.98779383319823, 65.36120641454012, 18.86713914040755, 0.379602139813, -0.914078855649, 0.142695694062, -0.869633924869, -0.405179320578, -0.282075441848, -0.31565654146, 0.0170165751751, 0.948720919977,  
1293, 1564230.44053094, 72.01186212210337, 144.74283949143285, 74.07817192491888, 34.827698751057426, 0.335085614448, -0.90070516134, -0.276492031214, -0.842807600799, -0.155361945727, -0.515303807336, -0.421180458979, -0.405700478376, 0.811180709102,  
1312, 2476538.090392034, 83.93030491943252, 99.54446792506715, 84.49903009324055, 70.28902985568376, -0.105614586258, 0.852521211525, -0.511911264839, 0.98047261886, 0.17515440983, 0.0894112765976, 0.165888525327, -0.492471843476, -0.854372565423,  
1314, 1380157.53080979, 69.06849879771528, 118.91702682375032, 85.73623768949057, 32.31704076571181, -0.963001991269, 0.190460893096, 0.190661514243, 0.151148956926, -0.204013758725, 0.967229227779, 0.223116914717, 0.960261961369, 0.167677690572,  
1317, 223099.3249152877, 37.62442593440723, 91.41760542124946, 44.91406112001141, 12.971717438704657, 0.745143760015, -0.12155879934, 0.655731831783, 0.25230989139, 0.961548520494, -0.108462719139, -0.61733337478, 0.246267945619, 0.747162367456,  
1319, 386425.55548640265, 45.184804773474404, 105.95219798897917, 36.7958991189793, 23.662893029655326, -0.0650019132873, -0.754201044514, 0.653418346638, -0.27625149402, 0.642811988651, 0.71447733295, -0.958884697615, -0.134065400837, -0.250133174484,  
1321, 2082118.4918529596, 79.21466878347077, 106.05792976974288, 96.0404631108401, 48.79995717285441, 0.839380033211, -0.14719425213, 0.523235140244, -0.0535050233029, 0.935583686671, 0.349027760667, 0.54090514171, 0.320962641712, -0.777434634099,  
1322, 3691417.530739916, 95.87414861961682, 110.35928362628624, 107.01966905519629, 74.61602078775454, 0.508670424917, 0.750747014283, -0.421465679931, -0.37323460494, 0.633423498921, 0.677842607609, -0.775854579473, 0.187492910695, -0.602408565634,  
1323, 391358.1352999226, 45.376248294709164, 81.10980635464514, 58.486561199377824, 19.69501450892713, -0.262450722844, -0.830556203434, -0.491218903357, 0.0879278214393, -0.527530467268, 0.844973552439, 0.960930963335, -0.178572111599, -0.211479750007,  
1325, 1730914.6262214074, 74.48388932893236, 97.53492941627943, 82.26278955554632, 51.50192142519276, -0.542923218722, 0.42798199645, -0.722541202484, 0.14818327352, 0.895714070803, 0.4192111888, -0.826605163317, -0.12053096731, 0.549723739616,  
1327, 2134474.883301295, 79.87315016166224, 145.93811233665713, 102.77023359721323, 33.975540253465255, 0.0571678337392, 0.249579115253, 0.966665456099, -0.750334855161, -0.627974498489, 0.206508194457, 0.658581387466, -0.737128411117, 0.151367967572,  
1330, 3762312.4094168944, 96.48402560251583, 118.7453007992054, 93.9815148900958, 80.48359604266231, -0.0555774836636, 0.966462661598, -0.250721094139, 0.193525616684, 0.256774357916, 0.946897441545, 0.979519769579, 0.00410522272956, -0.20130615527,  
1332, 3007993.1489219605, 89.54941322879809, 119.97613599105628, 95.67994664237531, 62.55649943384493, -0.400238772434, 0.432639645298, -0.807856337697, -0.888888176556, -0.397702990157, 0.227398639397, 0.222905214429, -0.80910769922, -0.543744421988,  
1333, 2565882.932247975, 84.92770915108807, 127.09259539434888, 82.39794732332304, 58.49403588071635, 0.30095897929, -0.729269822592, -0.614482887183, 0.36661972286, -0.506357323584, 0.78050768072, -0.880348607993, -0.460182340719, 0.114971916987,  
1335, 1805954.6369417494, 75.54506095966623, 107.65661818249836, 91.2657785559726, 43.88029431037316, -0.937491470553, -0.257956725006, -0.233598096451, -0.346436816932, 0.755483160435, 0.5560815823, -0.0330344443722, -0.602248721314, 0.797624725771,  
1339, 2373569.0324660377, 82.75058753118506, 124.31347583570938, 81.34831298707039, 56.03333831991293, -0.47307897474, -0.698619859061, -0.536774232042, 0.0497419815104, -0.629472670147, 0.775428844456, -0.879614699135, 0.340138868793, 0.332541021532,  
1341, 321374.01096306415, 42.49202039605516, 111.8910800527967, 49.41946038168942, 13.874862208851571, 0.693700533605, 0.651468562691, -0.307194208118, 0.641086700572, -0.36406139463, 0.675623521859, -0.328309932876, 0.665618518947, 0.670197415102,  
1342, 577579.8082287688, 51.662386516250024, 130.9350813883183, 59.49668980056474, 17.700052996844203, 0.453318495769, 0.474773563405, -0.754382134522, 0.614462858844, 0.446648166423, 0.650338996626, 0.645707160016, -0.758350498729, -0.0892568461321,  
1343, 648094.0300792366, 53.6846101766411, 108.89528174678586, 90.06903803399581, 15.774834965447225, 0.0514217652303, 0.977144175357, 0.206264545247, 0.885670020526, -0.140054764659, 0.442688691562, 0.461459008799, 0.159918490055, -0.872629165074,  
