# Void_ID, Void_Volume, r = (a*b*c)**(1/3.0), a, b, c, vector_a, vector_b, vector_c 

8, 3092493.420667047, 90.38021948759213, 128.34960919609213, 106.3450942863148, 54.08890179443564, 0.00387467069717, -0.0572301967698, 0.998353490255, -0.478664372649, -0.876663096923, -0.0483966202261, 0.87798941069, -0.477688726129, -0.0307908370463,  
21, 691277.1323789889, 54.851418142496385, 105.7196119183007, 77.00108473361368, 20.27268058829793, 0.54792897489, -0.801920336214, 0.238112605384, -0.33939843551, 0.0470523778373, 0.939465154071, -0.76457997649, -0.595575224557, -0.24638914636,  
23, 1553646.117294494, 71.84907228721343, 150.23336129209116, 80.663696723776, 30.606874955114687, -0.9470084347, -0.147712276864, 0.285229921066, -0.313748090149, 0.61565393031, -0.722864007973, 0.0688270334654, 0.774048655679, 0.629373909617,  
28, 470034.0371069443, 48.233291486616245, 137.63813303198006, 53.086769866108455, 15.357326756780465, -0.0646554953926, 0.997354721814, -0.0332148429331, 0.155068460114, 0.0429216503478, 0.986970873232, 0.985785696586, 0.0586625162003, -0.157433381466,  
33, 1378860.0690622232, 69.04684865289326, 129.18570928005792, 94.69244874889763, 26.90926056451485, -0.850993109566, 0.0259039459616, -0.524537618341, -0.302535305815, 0.792229862966, 0.529947386973, -0.429282093973, -0.609672723523, 0.666345296364,  
38, 2749735.6365735196, 86.90953860233257, 130.74954273331838, 83.7850549101788, 59.92328253474933, -0.908759112339, 0.390511390544, 0.147165653587, -0.024521346127, -0.402001752464, 0.915310490817, 0.416600023193, 0.82818804922, 0.374898620702,  
41, 802795.6370866962, 57.65524183053552, 100.67162804980708, 72.95690566483734, 26.09413448606798, 0.373167786202, -0.734775629225, 0.566436737896, -0.887502375853, -0.460624447315, -0.0128316558239, -0.270342997315, 0.497925590056, 0.824005321931,  
49, 3827273.329670695, 97.03616476522271, 133.4708247950401, 106.03465612808328, 64.56047145822063, 0.173173815468, 0.207868122766, -0.962705392721, 0.12378509828, -0.974316413411, -0.188108415553, 0.977081408625, 0.0865931296103, 0.194457066789,  
61, 2283963.6579178493, 81.6958871658765, 107.78785686597367, 71.36351132827599, 70.88503077611085, -0.798426551394, -0.34112757932, -0.496132055662, 0.10762715142, -0.891604066818, 0.439839270996, -0.592394664312, 0.29778207243, 0.748594949912,  
66, 1908608.8161405148, 76.95014433178572, 92.65790156033476, 77.67883451354122, 63.30574950994091, -0.4668902913, 0.190558500671, -0.863539758038, 0.876039414813, -0.0336155009368, -0.481066462966, 0.120699625451, 0.981100125328, 0.151242006391,  
79, 1079383.4109312617, 63.63495039925868, 132.92705442712193, 54.701730914197846, 35.43828363698632, 0.416898712498, 0.87688422768, 0.23931049865, 0.620882927331, -0.467013186157, 0.629605491164, 0.663852283318, -0.113897915705, -0.739139642241,  
82, 1656172.0271168144, 73.39598083562083, 108.9209384855215, 76.16349040507366, 47.660503115282076, 0.0919249498022, 0.772468071457, 0.628365245843, -0.946188405736, -0.128873873224, 0.296848489386, 0.310285843142, -0.62183969267, 0.719053608687,  
87, 1747309.8560726647, 74.71832125952908, 135.42884881151716, 96.09697249542211, 32.05239048113671, -0.305489318174, -0.147333538434, -0.940727965426, -0.233299411961, 0.969425187501, -0.0760670113587, -0.923172606212, -0.196233621714, 0.330521867429,  
90, 1939462.3302849948, 77.36257436580344, 94.20074307565694, 79.6944077951073, 61.675199524653294, 0.111434329584, 0.959486674167, 0.258781205435, -0.724100737505, -0.0999554165266, 0.682412658625, 0.680632435412, -0.263427858822, 0.683626543562,  
99, 3010891.1074938164, 89.57816187529522, 124.41508987339193, 99.48860168082808, 58.07110034486424, 0.38330331528, -0.919429744968, -0.0879062714709, -0.577008215318, -0.312688851723, 0.75451123349, -0.721207382069, -0.238484016396, -0.650373189771,  
111, 430439.17166090896, 46.839012020887274, 136.2478336332986, 97.84970892818856, 7.707863834884577, -0.74669868571, 0.653415445382, -0.12445613081, -0.455000270653, -0.365271142715, 0.812127912342, -0.485196688431, -0.663042417977, -0.57005168669,  
117, 1516248.8165727376, 71.26789889400375, 107.55551695880162, 70.17294497173516, 47.9600326950116, -0.696023453253, -0.361735629857, 0.620240829528, -0.703239486479, 0.169072961918, -0.690556701658, -0.144933009275, 0.916821502606, 0.372065525387,  
119, 1259903.770737968, 67.00125262376282, 109.42610985900225, 63.02397864623698, 43.61360540277157, -0.139151897738, 0.878182243934, -0.457638171261, 0.960991686764, 0.231298362596, 0.151644470495, -0.239022441054, 0.418684862277, 0.876111441983,  
123, 2483091.6537475283, 84.00427351019914, 117.86090253203282, 77.95697151659851, 64.51778057981164, 0.915395254259, -0.235065452471, 0.326796207956, -0.236064393953, 0.344115046615, 0.908767537163, 0.326075344648, 0.909026439521, -0.259510697014,  
136, 870824.0110309188, 59.23984706213678, 131.86201930991803, 58.85449812533785, 26.78813032423524, 0.744296852157, 0.657717229903, 0.115888918184, 0.301277227427, -0.485535972924, 0.820662446582, 0.596032069693, -0.575901783715, -0.559538119713,  
138, 2074296.8988387666, 79.11535289269635, 141.1854711446995, 95.36117738745686, 36.78075983194267, -0.878776551475, -0.42977607686, 0.207471193993, -0.475222971121, 0.827917609064, -0.297851574315, 0.0437595737849, 0.360340056559, 0.93179404556,  
141, 445538.8001689072, 47.380427387538, 100.13035325963948, 68.29109795789992, 15.554894794784794, -0.215657684485, -0.620425703566, 0.75403163692, -0.130249412755, 0.783579171933, 0.607485614472, 0.967743175434, -0.0327967630676, 0.249794953378,  
145, 1228887.0426467324, 66.44685833100858, 120.97633584748222, 102.04091099086804, 23.765590092501984, -0.628581523805, 0.684371521484, -0.369487332005, 0.227506861869, 0.616094313337, 0.75410107073, -0.743724341227, -0.389953096738, 0.54296471949,  
154, 2326121.151196752, 82.19547451743152, 128.6438586553825, 96.7136944341298, 44.63409045978728, -0.654649754337, 0.701598162096, -0.28141378447, 0.747808921218, 0.54663647832, -0.376789567155, 0.110523827719, 0.457108936156, 0.882516800969,  
166, 1339206.7236457188, 68.37851590601164, 106.57631629152222, 70.65231725708325, 42.459208707857414, -0.858834596486, 0.195868900704, -0.473327064106, -0.0317194846036, 0.901902739853, 0.430772935712, 0.511269997335, 0.384976390942, -0.768372415071,  
172, 1657668.102537019, 73.41807452996979, 126.41698649641727, 62.710323067629325, 49.91884172115316, 0.148418601784, 0.988030452292, 0.0420445476524, 0.904843748792, -0.118521704619, -0.408913677695, 0.399035974464, -0.0987341424081, 0.911604004054,  
174, 2516419.3888461916, 84.37843598203769, 109.4417688882697, 99.49822159194441, 55.16911169669959, 0.304363540613, -0.731776230248, 0.609808481401, -0.87513898141, 0.0379869355047, 0.48237822914, -0.376157677527, -0.680485519004, -0.628844066572,  
187, 1089495.9866422222, 63.83306164928051, 142.00598907369658, 50.823091311346225, 36.03871414034945, 0.289509179861, 0.934543807291, -0.206911350657, 0.86093018161, -0.159770485943, 0.482983037192, -0.418310479392, 0.317964249682, 0.850831992084,  
208, 1146449.4977365148, 64.92651710479451, 109.03535521900066, 65.51029210563475, 38.31681837296518, 0.277733583286, 0.637265339242, 0.718858083432, 0.797412112142, -0.570226991281, 0.197421128111, -0.535721924252, -0.518395665313, 0.666534285735,  
241, 3480309.604440807, 94.01051321810174, 151.75773284608186, 75.16585358724274, 72.83797229302812, -0.167646216652, -0.975121470982, 0.145027110821, -0.984381461141, 0.157556731558, -0.078543079282, -0.0537390454367, 0.155929449341, 0.986305288348,  
248, 2225558.9162905915, 80.99349914828368, 141.41091645827598, 91.42213162091379, 41.09757591078651, 0.295498891632, -0.909239869886, 0.293194925015, 0.425595069095, 0.400052576415, 0.811681448147, -0.855306519446, -0.115068653915, 0.505183098173,  
269, 2055847.9338017134, 78.88010126828188, 128.4048814158728, 67.36500045281002, 56.73963364580737, 0.250695246976, 0.606723150073, 0.754346679126, 0.876218456345, -0.47350333907, 0.0896426497303, -0.411573942208, -0.638499496519, 0.650327058518,  
287, 2662824.5682829777, 85.9840667680412, 141.87146302281846, 93.76601722917829, 47.787402964514314, -0.596970570598, 0.592506096046, 0.540890621095, -0.0740104054749, -0.712003851743, 0.698264258705, 0.798842035525, 0.376811678762, 0.468896962058,  
289, 977021.0549371268, 61.556195631181275, 131.30937584201286, 75.43876203905364, 23.546427448014818, 0.694485454981, 0.513417650743, -0.504075657739, 0.399928077676, 0.30693838915, 0.863623967912, 0.598119959128, -0.801368293091, 0.00783411273364,  
293, 2757186.4522637255, 86.98796589419418, 130.1703133833517, 99.26116316541038, 50.943199342089045, 0.889459149942, 0.372480360218, 0.264803326709, 0.382606010725, -0.92380100608, 0.014294814566, 0.249950117306, 0.0886006908464, -0.96419648228,  
299, 833499.8269315786, 58.38110376126519, 86.93752418806054, 67.48852634409842, 33.91405275314215, -0.737117234716, -0.157052851893, -0.657261427437, 0.115149384316, -0.987585417076, 0.106844107325, 0.665881972707, -0.00307338423349, -0.746050770882,  
308, 163838.0464405551, 33.94496645805217, 131.19748688009741, 44.2448916716911, 6.7381007345574, 0.0683769790582, 0.995941346842, -0.0585271081305, 0.914137937453, -0.08604173951, -0.396167452439, 0.399595320349, 0.0264131163125, 0.916311042846,  
310, 837852.5874111968, 58.48255464453734, 92.51018682245554, 58.31315055494114, 37.0785670271739, -0.947859762738, 0.297887566202, -0.113246934104, 0.315785195735, 0.830074242022, -0.45962643841, 0.0429136381127, 0.471423112112, 0.880862457499,  
321, 1876925.501489182, 76.52196997054025, 98.49509715878244, 72.04197756047043, 63.14779451091931, 0.362405819429, -0.293729406683, 0.884525329029, -0.488297787237, 0.748528084206, 0.448632341828, -0.793868561553, -0.594498732383, 0.127843514393,  
358, 1795886.7081030542, 75.40441511068586, 94.74640904904396, 87.63831114105946, 51.63373816725467, 0.116166912103, -0.612714208966, 0.78172024834, 0.971252265386, -0.094574460592, -0.21845985532, 0.207784228263, 0.784625368909, 0.584113640441,  
412, 2140864.5246667517, 79.95277198828703, 129.35283140852343, 95.29212523251604, 41.46365899797639, 0.941518821448, 0.336855033274, -0.00842587779947, -0.267675939112, 0.762882361116, 0.588523656889, 0.204675109574, -0.551850695076, 0.808436088918,  
421, 818542.0075631499, 58.029761771593925, 108.63448427382424, 79.4062178222613, 22.653230567190533, 0.471742900376, -0.36571802192, 0.802314753939, 0.146857108435, 0.929805382249, 0.337483245277, 0.869420281364, 0.0413797001369, -0.492337379009,  
438, 1103551.9344064207, 64.10639999596371, 130.80175848565443, 102.34407197667358, 19.68012679248798, 0.626758846049, -0.104214687737, 0.772212825431, -0.206614147797, -0.977769506554, 0.0357405369836, -0.751321464375, 0.181950792561, 0.634357916524,  
447, 2763918.975338382, 87.05871101338448, 121.11080329024401, 83.35213745361541, 65.36376686312317, -0.597224937677, 0.584031340892, 0.549754278449, 0.760309011324, 0.630518676867, 0.156129450847, 0.255445847719, -0.51122753347, 0.820605768872,  
454, 930205.181255978, 60.55686469037752, 97.42163289019521, 74.40820467712602, 30.634719938044306, -0.736500085056, 0.299082327159, 0.606726780597, 0.414556383586, -0.509194617877, 0.754230631805, -0.534519063777, -0.807013384465, -0.251035391435,  
466, 2051492.1253660969, 78.82435305398901, 126.15624397294884, 83.24780926620959, 46.633679232884596, 0.200826213713, 0.824454195524, -0.529097449785, -0.862699416377, 0.40473332582, 0.303217169621, 0.464132038183, 0.395558105028, 0.792537214696,  
469, 2556419.3546643206, 84.82316942500249, 117.08680542250586, 112.34703053102487, 46.39529416982064, -0.0163657118637, 0.449478782779, 0.893141079173, -0.917455278286, -0.361871278134, 0.165302723533, 0.397502170838, -0.816711700598, 0.418298962808,  
473, 760482.5456725418, 56.62395678055338, 81.4257238002235, 55.98390746380791, 39.82683606215306, 0.946398104998, -0.259784935297, 0.191943778874, -0.213380413264, -0.056723865435, 0.975321076531, -0.242485929676, -0.963999061453, -0.109116375609,  
503, 1486002.3587492313, 70.79082329044698, 111.07080759930372, 88.37436318382908, 36.141374268458364, 0.73051076523, -0.152448770118, -0.665667630558, -0.0227316819161, -0.979652364977, 0.19941041706, 0.682522741394, 0.130539711521, 0.71911201575,  
508, 1429368.6631976573, 69.87983686259766, 89.74745064945112, 72.05509615219592, 52.767780123637074, 0.787129045489, 0.61533934099, 0.0422535345068, -0.29314721224, 0.312954165027, 0.903396038595, 0.54267170343, -0.723475767405, 0.426720325592,  
536, 1863054.5220048358, 76.3329977701677, 107.82654107167296, 80.38922181153409, 51.311351867124344, 0.154441018097, 0.137760622032, -0.978350644169, 0.196912403298, -0.974657048267, -0.106156223043, 0.968180498335, 0.176254501447, 0.177653801993,  
562, 1828745.7402266862, 75.86152568370149, 120.54566459769414, 72.03431738537071, 50.27750032544185, 0.525906412089, -0.796843786621, -0.29742633617, -0.384625925231, -0.5346989364, 0.752436007281, -0.758607502839, -0.281313041178, -0.587688377884,  
563, 2035216.694695748, 78.61534941829635, 122.98871706018572, 79.46996157316893, 49.711145744298626, 0.114774440816, -0.854087978854, 0.507307157561, 0.442712265722, -0.413187054456, -0.795790366748, 0.889287736064, 0.315927495491, 0.330691911117,  
572, 3756634.3946180204, 96.4354638411553, 126.19663030489211, 95.81317638020136, 74.1715448370183, 0.518429570594, 0.839923219955, 0.160498488823, -0.603228401811, 0.226185381285, 0.764823946109, 0.606090979624, -0.493324596867, 0.623926731711,  
581, 2918506.060767442, 88.65243390243766, 129.77974127875774, 82.2244256239893, 65.292641328364, -0.825529602347, 0.500680025424, 0.260423477801, 0.547235600782, 0.597353867373, 0.586260653952, -0.137964027506, -0.626488522861, 0.767123235105,  
593, 2027002.6900823032, 78.50944463862099, 115.82837646999141, 98.38074280129884, 42.46593097047644, -0.677850811639, 0.724689682704, -0.12386743294, 0.462255688783, 0.551117800564, 0.694686150783, -0.571697433393, -0.413635145611, 0.708567576853,  
626, 882723.424386906, 59.508455786818985, 91.05537250943563, 65.44515032434215, 35.36331724222439, -0.241496490783, 0.968915400174, 0.0536879152627, -0.643589345117, -0.11851292408, -0.756139829448, -0.726272813611, -0.217158085577, 0.65220408315,  
635, 491685.0600948593, 48.962787467410806, 129.24375394535224, 47.1758317419325, 19.25170833582341, 0.93248132723, -0.356579092012, -0.0577055067319, -0.221614946334, -0.690902605515, 0.688142721573, 0.285246191787, 0.628891835558, 0.723277034918,  
675, 711174.0897151129, 55.3727091344824, 157.85473306684412, 72.33802312589734, 14.868360140703752, -0.883768533959, -0.274324794864, 0.379076621948, -0.465912193939, 0.440841061072, -0.767192926461, -0.0433475019251, 0.854637388484, 0.51741272528,  
679, 1502547.8423439628, 71.0525878013394, 119.94966719841253, 68.65425181881582, 43.55852989856258, -0.98196145316, 0.163603350999, 0.0947926582097, 0.177286990482, 0.970938110941, 0.160774711095, 0.065734523002, -0.174680074032, 0.982428544079,  
681, 3012145.381640813, 89.59059894353798, 114.89220796119255, 96.08466188468115, 65.13923864030463, -0.0176198856033, -0.413946957109, 0.91013046116, 0.946712661165, -0.299693370779, -0.117978899392, 0.32159707216, 0.859553256181, 0.397169388255,  
703, 460674.03947875317, 47.91097878230443, 115.59743708537711, 84.74607344186555, 11.226317978494725, 0.659403102295, 0.638575988424, 0.396747092859, -0.19503928652, -0.364358531325, 0.910605588257, -0.726049051647, 0.677837419783, 0.115711740732,  
736, 1718017.0540249483, 74.29842720150968, 130.30567433923704, 72.70378993137783, 43.29307987526899, -0.0162718584022, 0.9484822693, 0.316412091184, 0.225214773279, -0.304845044143, 0.925390622904, 0.974173255905, 0.0863185025611, -0.208651823846,  
748, 982229.3409007419, 61.66538272335935, 98.42219764924029, 61.7657673785253, 38.572997957931484, 0.658437628453, 0.178124966891, 0.731253297844, -0.290235018266, -0.836350918269, 0.465059969986, 0.694423158895, -0.518448297982, -0.49898681216,  
750, 1297559.3351619716, 67.6622142095725, 134.4778301459313, 62.64005049366519, 36.77357267819362, 0.424104954427, -0.172663046573, 0.889000821135, 0.654228743742, 0.737189536325, -0.168927020916, 0.626194649045, -0.653252676904, -0.425606862757,  
752, 219493.95124572705, 37.42064903446827, 72.88318129781624, 60.2307008430323, 11.936821775473895, 0.278209541692, 0.170408353559, 0.945283261223, 0.670324417043, 0.670410966198, -0.31814196881, -0.68794231359, 0.722156582355, 0.0722858473922,  
760, 1557530.9826893222, 71.90890823181051, 123.81818648162756, 74.26184437765484, 40.43876792506043, -0.509088866643, -0.3176560371, 0.79995197853, -0.860713234118, 0.186675314771, -0.473629660674, -0.00112003366914, 0.92964884174, 0.368445079456,  
769, 1238454.0169959336, 66.61884398967388, 94.77037491806654, 87.56764460784996, 35.62665185806501, -0.962128166252, -0.148436333306, -0.2286395562, 0.100085868849, -0.972520114944, 0.210208099001, 0.253559086924, -0.179363544188, -0.950545374222,  
776, 358294.2783483094, 44.06060145036682, 103.15940650117376, 65.17665402197298, 12.721852835929822, 0.850896209804, 0.390258965832, -0.351672546168, 0.359899918761, -0.92070326849, -0.150922297448, 0.382684842418, -0.00185229007691, 0.923877091612,  
783, 1042643.381357568, 62.904598364637536, 100.5962783963255, 74.04012816843137, 33.41935821252316, -0.312077373437, 0.40562600974, 0.859113061949, 0.949249958621, 0.0958706163205, 0.299555238618, -0.0391436973995, -0.908997450573, 0.414959523093,  
785, 2964688.9977968754, 89.11760588109323, 112.53746437524704, 93.36463352839839, 67.36138528322743, -0.885703479296, 0.459245873858, -0.0679895146923, 0.112667933195, 0.354703066574, 0.928165756421, 0.450372383249, 0.814419401726, -0.365904023618,  
796, 1955930.8693992782, 77.5809268737808, 111.7690983519504, 78.95535520480101, 52.912898530882714, 0.0427235355926, 0.943082988128, -0.329801723782, -0.264824832391, 0.32898514466, 0.906441715027, 0.96334962898, 0.0486132913482, 0.263807202799,  
799, 1429983.4798760586, 69.88985460255238, 122.44603353965651, 78.16126973984593, 35.67024428984543, -0.00889086274896, -0.150301007146, 0.988600303364, 0.870926871618, -0.486933483429, -0.0661979381048, 0.491332206204, 0.860410012707, 0.135230444724,  
803, 1229289.7940496663, 66.45411656316891, 118.68153370306229, 55.11861087965412, 44.86258073505843, 0.188534009493, 0.96769466112, -0.167397640676, 0.440065931028, 0.0691372079309, 0.895299962486, 0.87795039929, -0.242460490222, -0.41281473698,  
835, 818283.0434759276, 58.02364145473633, 102.63136823338341, 72.66091554711245, 26.195938244991012, -0.337522830314, -0.853312480065, 0.397411814599, 0.610005089016, 0.123265426495, 0.782751190357, -0.716918496338, 0.506619626541, 0.478920059729,  
863, 2069865.340115693, 79.05897165045927, 124.07273475294804, 74.73426487661297, 53.29142842638888, 0.583459980696, 0.811304429667, -0.0368723925119, 0.58812852586, -0.390778516795, 0.708093911767, -0.56007078838, 0.434830165943, 0.705154904109,  
886, 1827743.1218258464, 75.84765933726867, 107.87757133521048, 83.41521844352299, 48.48976696299416, -0.0803472761843, 0.294787607028, 0.952178860274, 0.97930730237, -0.154666487983, 0.130520056008, 0.18574585523, 0.942962642016, -0.276260625184,  
914, 387433.2852878415, 45.22404868417218, 106.21581808705008, 69.89236789541636, 12.459177332462666, -0.6503577087, 0.752506523406, -0.103772746736, 0.067205513837, 0.193073010254, 0.978880090523, 0.756649370346, 0.629648111998, -0.176139108132,  
934, 2080487.5164731531, 79.19397977142904, 124.07774029762331, 93.87303679313382, 42.64241200208205, -0.541148915546, -0.766861586282, -0.345081379805, 0.125026224404, -0.479167632174, 0.868773171483, 0.831580600071, -0.426991437574, -0.355178853289,  
936, 699701.9436545125, 55.07334946743596, 92.86042017619776, 55.90071313734763, 32.17929152749875, 0.334253898243, -0.91281843887, -0.234599294904, -0.302842727103, -0.339739338831, 0.890428809221, -0.892502444899, -0.226582610345, -0.389999623768,  
955, 843095.1284276936, 58.604278496813606, 105.19360918000497, 59.58096136714129, 32.113756358080465, 0.673381888823, 0.231574560239, 0.70208977692, 0.612097513645, -0.707220164683, -0.353802589668, -0.414600368542, -0.667991662909, 0.617975462853,  
970, 346693.1656752027, 43.57983253872711, 119.31815378070436, 41.22261703861527, 16.82730577986179, 0.62216949135, -0.0714661213333, 0.7796138259, -0.477351629254, 0.754665165691, 0.450128770177, -0.620516354403, -0.652206317966, 0.435415172822,  
989, 2468598.867257565, 83.84052169357005, 104.67245387412595, 88.67013782052486, 63.49684209843357, -0.945627908, -0.175478452048, 0.273852464801, 0.109874001871, 0.620130245989, 0.776766491117, -0.306129977826, 0.76462133823, -0.567131947434,  
994, 2141031.9401859827, 79.95485603514231, 120.55323294480776, 96.89218322095338, 43.75895413578259, -0.912860094429, 0.331864395368, -0.237807634624, 0.242273513939, 0.909154157268, 0.338736273178, -0.328618308136, -0.251604335038, 0.910332503071,  
1008, 808247.2623457159, 57.78545594202444, 134.55490676602736, 69.4537262962545, 20.64717040292124, 0.262137180733, -0.37594407776, -0.88879139784, 0.824318957606, 0.566113789867, 0.00366511302952, -0.501779189095, 0.733608360993, -0.458297303147,  
1016, 639147.0880330488, 53.43642579582177, 111.39855064350932, 52.223568407124944, 26.228057145953898, -0.0405162443469, -0.907373243572, 0.418368534659, -0.737627777288, -0.255277956691, -0.625090735015, 0.673990872429, -0.333926581267, -0.658960804757,  
1030, 2396395.5405641776, 83.01501126015954, 112.93392819004197, 91.11495385341108, 55.59756860112219, -0.56898296205, 0.249314144283, 0.783645867951, 0.644600970736, 0.726936792972, 0.23675406554, -0.510634876819, 0.639847916683, -0.574322789112,  
1035, 1008032.8193598553, 62.200711746969965, 109.74645074599981, 51.84408999082018, 42.29571033218176, 0.194319603367, 0.884568004134, -0.424003936078, -0.387712369447, 0.466306552845, 0.795133521713, 0.901065486147, 0.00988154014918, 0.433570461216,  
1048, 869858.8966583832, 59.217954248978494, 116.21082118911474, 76.76326362226354, 23.27877912331501, 0.432050820785, 0.8716555052, -0.231406068446, 0.249642440128, 0.130971487506, 0.959440004142, 0.866608758521, -0.472295616871, -0.161015868592,  
1053, 718928.8903327755, 55.57324743613272, 97.46713882694144, 79.61856485630916, 22.11692597715281, -0.0542898452279, -0.976882352317, 0.206769152525, 0.971371637931, -0.0996314083808, -0.215663449587, 0.231278519817, 0.189141355063, 0.954324784377,  
1065, 2123656.9058412556, 79.73798345527175, 124.89273960933151, 88.37250647799257, 45.93475240147299, 0.174038138023, -0.682134653034, 0.710213377545, 0.364454560562, 0.714625327516, 0.597062404241, -0.914813423491, 0.1549288753, 0.372979146601,  
1074, 2096282.415494216, 79.39388623696138, 112.94303608172973, 91.68524348680585, 48.3283848665045, -0.999624270524, -0.0262461896371, 0.00790286716737, -0.011490603292, 0.663018194385, 0.748515089995, -0.024885413718, 0.748143042101, -0.663070663459,  
1088, 194774.3509588958, 35.95956136045244, 74.66005894014557, 36.83648310620032, 16.90739379421402, -0.00719724854064, -0.742540763335, 0.669762207354, -0.994093081453, 0.0778465659526, 0.0756231285813, 0.10829194347, 0.665261698098, 0.738714916611,  
1093, 2862089.083909829, 88.07747300704916, 123.0521619758776, 106.45280496773505, 52.16127279669397, -0.376876237038, -0.907102438806, -0.187428566308, 0.708092059367, -0.412595554378, 0.573036250136, -0.597134773244, 0.0832470661364, 0.797809493903,  
1101, 2111677.3323490587, 79.5877663416612, 127.7516472610658, 73.15472862580246, 53.94237159019135, -0.812583377824, -0.56727608978, 0.133813646719, -0.579460430362, 0.81099128162, -0.0807387811428, 0.0627205207908, 0.143146704819, 0.987712082123,  
1138, 4112690.8944162345, 99.39071620137736, 138.40189160975538, 95.28537434721332, 74.4507693381296, 0.295292400418, -0.58042821328, 0.758884370299, -0.410427583747, 0.640213041939, 0.649366198251, -0.862758133404, -0.503219981877, -0.0491737031815,  
1139, 815508.2184192451, 57.957980478897774, 78.9354255222301, 64.36991501082672, 38.31641272052672, -0.994683255541, -0.0700468820198, 0.0754894394301, 0.0176037885756, 0.606594520208, 0.794816453454, -0.101465894634, 0.791919517611, -0.602136321652,  
1141, 886508.5689157684, 59.593392513145076, 112.7559191879202, 58.27578076617602, 32.20823141917961, 0.207599907926, -0.43969046115, 0.873827543971, -0.592338787696, 0.654395021872, 0.47000203823, -0.77848380768, -0.615174327913, -0.124593368432,  
1142, 531219.6458707592, 50.24141236041692, 95.8135541993586, 85.74807827965012, 15.435978761017877, 0.238047580295, -0.822172420032, 0.517074328559, -0.539910833929, -0.554559248256, -0.633214285672, 0.807359672588, -0.128438903423, -0.575911284111,  
1143, 1681591.2712194165, 73.7695744796966, 97.63723998873876, 72.02278118960147, 57.08821355437198, -0.957684838151, -0.269394212255, -0.10132378388, -0.248644558434, 0.951688852243, -0.180178278594, -0.144967701013, 0.147360398072, 0.978401389381,  
1144, 2012749.2695697476, 78.32499144807451, 110.8174240645237, 78.41293417932054, 55.297476445132936, 0.233427143886, 0.238249133332, -0.942734914471, 0.533198337677, 0.77939882596, 0.328993925157, 0.813149003071, -0.579460801572, 0.0548988000466,  
1145, 2579161.005005792, 85.07395337667127, 119.48923894031759, 76.03243572151473, 67.77384829637658, -0.463213573991, 0.362350900845, 0.808786133367, 0.816765793522, -0.179672683963, 0.548280370951, -0.343986661664, -0.914559758187, 0.212728994975,  
1146, 3976856.935453603, 98.28421791762307, 132.55092058792246, 92.52395906939863, 77.41308989532706, 0.715782730427, 0.667310317489, 0.20579607138, 0.597524592281, -0.737784875775, 0.314066615063, -0.361413121569, 0.101835245621, 0.926827998232,  
1147, 2227212.2346204254, 81.01355027496692, 112.07864307698912, 90.45758061914714, 52.44512949036477, -0.227422092275, -0.97226195993, 0.0546431442881, -0.830601585097, 0.164383861669, -0.532051644916, 0.508311123998, -0.166386980545, -0.844946846805,  
1148, 669322.0473260805, 54.264462696383376, 129.70657457531766, 72.16475934109695, 17.07101577489459, 0.711408518271, 0.634738422219, -0.301670441859, -0.225793814293, 0.612933094943, 0.757185693572, 0.665518650046, -0.470553032593, 0.579365834304,  
1149, 17062.074078507645, 15.97034891744698, 100.41226710813912, 84.50599258436178, 0.4800306124050894, 0.37685029828, -0.109392499306, 0.919791896997, 0.543202382571, 0.830425494592, -0.123792849154, -0.75027663182, 0.546284522047, 0.372368361594,  
1150, 2473562.125066267, 83.89667278418125, 94.72614584995941, 87.26632783318763, 71.43608485479278, -0.628789938854, 0.197311923331, 0.752124469558, 0.623566454633, -0.449899805781, 0.639339535313, -0.464529966151, -0.871009856242, -0.159855374879,  
1151, 1632563.998837359, 73.04556769024117, 119.4711833878711, 67.39184872589364, 48.40732344447577, -0.986813506213, 0.161739715961, 0.0062744111977, 0.0688922479375, 0.384619195894, 0.920500913809, 0.146468297352, 0.908794992521, -0.390690029871,  
1152, 1673445.788115148, 73.65027048668854, 94.59441873559194, 70.9897026427818, 59.49249305327646, -0.00389114693849, 0.603537826621, 0.797324871563, -0.940896002204, -0.272246381028, 0.201486031908, 0.338673252579, -0.749415772355, 0.568925678918,  
1153, 1704735.7211007513, 74.10647413283438, 119.18678155082804, 86.19637411201424, 39.61424308774051, 0.515089311709, 0.659189401602, 0.547861600934, 0.810152395147, -0.165706260161, -0.562311774713, 0.27988586531, -0.733492173209, 0.619397396056,  
1154, 2542312.251678059, 84.66685482004812, 136.26640825103442, 75.12899777835231, 59.28487068199006, -0.0287899828734, 0.6916133168, 0.721693949615, -0.572638214253, -0.603187734809, 0.555202694656, 0.819302515841, -0.397285258474, 0.41340997924,  
1155, 2261138.224503306, 81.42282521716692, 113.23442304202356, 85.45752057029503, 55.784011622127096, 0.68517426237, -0.728231227832, 0.0146802246441, -0.602427790655, -0.577907372009, -0.550548659452, -0.409410536299, -0.36837799634, 0.834673987003,  
1156, 3071567.102237778, 90.1758959655057, 123.72716011338852, 81.34459370597843, 72.85806940147144, -0.455374265264, -0.879478944044, 0.138387374852, -0.871173682133, 0.472221812177, 0.134398570169, 0.183550249509, 0.0593577887673, 0.981216570803,  
1157, 1135201.4286019392, 64.7134827379648, 121.78411399967095, 102.45305988544158, 21.72044632304794, 0.712059097397, 0.395752882069, -0.579958186552, -0.352953836612, 0.915815432606, 0.191587271553, -0.606955872396, -0.0682770073632, -0.7917972084,  
1158, 812353.1297653327, 57.88314007304344, 92.34159935894796, 49.710083912191074, 42.248798257302944, 0.0786475254453, -0.945440288841, -0.316160128697, -0.823272122173, -0.240439321477, 0.514210020849, 0.562172197458, -0.2198444744, 0.797264590635,  
1159, 2994992.7277413113, 89.42021731104124, 118.25408744556893, 99.6027659142671, 60.70432063954278, -0.717526632877, 0.628058012721, -0.301162188479, 0.692712744355, 0.598231737681, -0.402824827733, 0.0728325814429, 0.49765642836, 0.864310994025,  
1160, 1287111.1902176554, 67.48011575973304, 112.12577477892752, 64.75912281411061, 42.31760128707381, 0.469909412751, -0.236619961752, -0.850409394062, 0.342437710618, -0.839088407685, 0.422690263, -0.813585618208, -0.489838379252, -0.313267942912,  
1161, 1576118.7397120486, 72.19383421533398, 99.54068026471604, 79.54036513582435, 47.52390715092135, 0.871227534763, 0.40085324447, -0.283335947363, 0.285107059568, 0.0566501872787, 0.956820108937, -0.399595479522, 0.914389103544, 0.0649308868425,  
1162, 314484.06372562377, 42.186161522399765, 133.14919026863816, 62.39066730066352, 9.03757414105556, 0.726456484201, 0.58605609068, -0.358886103296, -0.462076964011, 0.803118327617, 0.376146023741, 0.508670675282, -0.107420716916, 0.8542335358,  
1163, 1751659.5125654405, 74.78026976934892, 108.58457342380485, 88.52076533243375, 43.5058635048762, -0.261442252706, -0.532430786817, 0.805087203817, 0.931149220959, 0.0805279762636, 0.355635168884, -0.254183156028, 0.842634382332, 0.474719096839,  
1164, 2857875.715741112, 88.03423127426228, 127.1125955257968, 90.26895978083053, 59.46038326639365, 0.634218813303, 0.404818120117, 0.658702350441, 0.695242145428, -0.671327051229, -0.256823576622, -0.33823786907, -0.620839979313, 0.707214864107,  
1165, 2369415.930741504, 82.70229566323282, 109.78807778714733, 96.23435246117582, 53.53864617761535, -0.0231279767348, -0.345993105514, 0.937951953796, 0.945559312501, -0.312218006388, -0.091855881848, 0.324626990922, 0.884764763891, 0.334377973768,  
1166, 4096418.750149143, 99.25946087474497, 138.48878142192092, 90.50089856756279, 78.02760034959408, -0.0728130460999, -0.579615295099, 0.811630685722, -0.997227551349, 0.0548317808417, -0.0503059304601, 0.015345069155, 0.813043409356, 0.582000810442,  
1167, 2316460.4706278243, 82.0815271634606, 117.5521436812372, 98.58458142584057, 47.71959334868012, 0.940462769877, 0.0261128584701, 0.338892161457, -0.162489457703, 0.910274202171, 0.380786098746, 0.298541378389, 0.413181552692, -0.860322061733,  
1168, 3629400.006961998, 95.33420342826767, 111.82610092972533, 95.44608079424462, 81.17923302462123, -0.978324788369, -0.184864554688, -0.0933043669041, 0.11365760491, -0.856017264452, 0.504297919693, -0.173096959273, 0.482762404689, 0.858474171603,  
1169, 1576890.795876898, 72.205620255491, 115.63785630890085, 90.13212472334949, 36.118804558087355, -0.304441624167, -0.950438519852, -0.0631024362071, -0.949895054075, 0.307857248552, -0.0540675573482, -0.0708144315657, -0.0434802770794, 0.996541409971,  
1170, 1616197.1589534513, 72.80064770484613, 114.88477519539661, 69.17286725707667, 48.552038975921086, -0.133624219637, 0.382267021435, 0.914339374767, 0.968172712119, -0.146663640691, 0.202808717778, -0.211627425997, -0.912338588914, 0.35050268436,  
1171, 2703178.0664578807, 86.41623650878539, 110.88846867649262, 94.99576449776004, 61.26259900302349, -0.0200665095148, 0.873690068508, 0.486068924522, 0.157426884321, -0.477341065998, 0.864501175711, 0.987326750012, 0.0938678374206, -0.127963736305,  
1172, 2119673.2848971314, 79.68809392682768, 116.09000745063152, 92.66923683267146, 47.038113038161846, -0.630353015701, 0.593504874942, -0.50040687347, 0.606418324391, 0.778899128278, 0.159915489589, -0.48467710018, 0.202652686603, 0.850893646217,  
1173, 3351317.521235215, 92.83441162986558, 113.88880919310604, 88.72392937615513, 79.17811318392445, -0.581911840994, -0.667236575801, 0.464945116357, -0.812134601115, 0.506734334964, -0.289236414444, 0.0426145395608, 0.545908111025, 0.836760620091,  
1174, 3320898.883703694, 92.55268327906445, 125.53695331754732, 92.26000559621576, 68.45134434057019, -0.0174283964599, 0.0435178100079, 0.998900621288, -0.533221142481, -0.845527746097, 0.0275325950881, 0.845796349134, -0.532155081525, 0.0379408091475,  
1175, 1418166.0140891606, 69.69679721563766, 133.45664527526776, 57.64971830176071, 44.00490329325572, -0.00722032488691, 0.2667451544, 0.963740052874, -0.865161201622, -0.484951197875, 0.127743613883, -0.50144188309, 0.832868151801, -0.23427906351,  
1176, 1195246.2506783379, 65.83491213021374, 126.73071698600998, 59.35421853181886, 37.934581520882034, -0.0674627606687, 0.756752518074, 0.65021104444, 0.996704663668, 0.0805363343749, 0.00968050973835, 0.0450398639685, -0.648721454273, 0.759691967458,  
1177, 3758020.2203064514, 96.44732075870043, 123.0638313479678, 100.7601270670466, 72.35213730735049, -0.487028182521, 0.772726279199, -0.407059758347, 0.236088218648, 0.565197309125, 0.790451993972, -0.840872108258, -0.288870384763, 0.457698588987,  
1178, 1557504.7792039195, 71.90850497079143, 109.21734901238464, 93.80178284617973, 36.2942690971555, -0.522499527388, 0.840217327471, 0.145014090682, -0.726154736939, -0.349368537278, -0.592149409508, -0.446870833574, -0.414700455483, 0.792672688014,  
1179, 287739.9247056069, 40.95470846576446, 99.621591278672, 39.22524468434842, 17.578927719245662, -0.451571965522, -0.279228191926, 0.847416294856, 0.275311946917, 0.859816238563, 0.430022520095, -0.848696701914, 0.427489944604, -0.311394051683,  
1180, 1788973.8996931135, 75.30754067703236, 105.41022683830062, 85.73094025203709, 47.26014615382937, -0.790123547985, 0.597211619095, -0.13799659756, 0.318683693739, 0.592569219336, 0.739798907569, -0.523589039481, -0.54055527221, 0.658524498725,  
1181, 1415942.6909715564, 69.66035588976953, 118.41443477153406, 75.64941784528924, 37.73521511829879, 0.288409136941, -0.0175088037324, 0.957347173976, -0.918491042445, 0.277444806417, 0.281777544066, 0.270544589073, 0.960582022101, -0.0639359377755,  
1182, 3045528.1134980763, 89.92035259615953, 102.8603653834551, 95.85661960843697, 73.74011853101729, -0.535467967023, 0.841415877307, 0.072755602589, -0.80131776405, -0.478954790252, -0.358458016946, -0.266765622428, -0.250243142386, 0.930706437272,  
1183, 1362293.0060796656, 68.7692000614315, 103.53569851327322, 72.84546227551084, 43.12104689831491, 0.800212817328, 0.114104343764, -0.588761110908, 0.150442494648, 0.912148187352, 0.381251544408, 0.580539837382, -0.393657062738, 0.712746528696,  
1184, 113841.8672403673, 30.065687125144464, 118.64539831325128, 32.9392281100063, 6.954230552412508, -0.224638701738, -0.627918864366, 0.745154583596, 0.258575392313, 0.69887263681, 0.666870155284, -0.939508499255, 0.342483484698, 0.00537052488045,  
1185, 1656940.472496375, 73.40733071968305, 106.3938771866038, 67.5807796329461, 55.014663837171135, -0.705186677296, -0.0943908875421, -0.702710545326, -0.655381297932, -0.291381332639, 0.696830161022, 0.270531152521, -0.951938695158, -0.143616211399,  
1186, 2471357.2251798273, 83.87173725312874, 101.53252730750052, 96.63320658259909, 60.13334027818646, 0.929811479763, 0.198737408305, -0.30976451482, 0.339691237116, -0.139515609522, 0.930131849861, -0.14163500813, 0.970071562948, 0.197232571428,  
1187, 3046407.351478303, 89.92900503991561, 103.50041477163582, 98.31851564274787, 71.46970047852237, -0.986546271851, -0.113716973194, 0.117451707116, 0.0709498474682, 0.349432861472, 0.934271263856, 0.14728398637, -0.93003501296, 0.336663484845,  
1188, 2587834.2203558125, 85.16920905093403, 92.2194741823444, 89.58310116973583, 74.78234988528345, 0.0301969012274, -0.48392116472, 0.874590449006, -0.999410021448, -0.0289418374197, 0.018492676256, 0.0163632571514, -0.874632880918, -0.484509615418,  
1190, 3014081.019331468, 89.60978546844713, 133.14237354776722, 77.93959177058726, 69.34128589582386, 0.712396579362, -0.291888379516, 0.638194553108, -0.499208290156, -0.849936817257, 0.168518514443, -0.49323645116, 0.438644024893, 0.751205180142,  
1191, 1954045.1891028804, 77.55598736535347, 135.5962762452418, 79.70997633071184, 43.16040889020134, -0.259299545316, -0.818757622481, 0.512249647563, -0.952966061329, 0.13073306876, -0.273431071182, -0.156905805356, 0.559057081488, 0.814147251966,  
1192, 2504432.0606384836, 84.24423970138973, 107.86280583538924, 89.62638656492561, 61.84620342756422, -0.687951336895, -0.00983079055909, -0.725690232552, -0.425363292982, 0.815628807398, 0.392193469509, -0.588038287059, -0.578492008674, 0.565294585904,  
1193, 2341799.660338708, 82.37973232114953, 134.9399188020455, 70.7375664955864, 58.569372307765136, 0.14060497497, -0.946467696999, -0.290566927836, -0.503455118818, -0.321055511778, 0.802157279898, -0.852504067057, 0.0335001029157, -0.521646009047,  
1194, 3679396.7862082636, 95.76996715141567, 129.43199080467474, 104.56619174137646, 64.90155356697669, -0.241690537239, -0.0831282189411, 0.966786110484, 0.274023679373, -0.961618406894, -0.0141796567342, -0.930858048981, -0.261495198308, -0.255193169795,  
1195, 777586.3607256282, 57.04531837491394, 136.99568057474735, 49.543105185624434, 27.35079331023072, -0.832398882648, 0.364606220742, -0.417342070683, 0.00225867378474, 0.75531032607, 0.655363418055, 0.55417235456, 0.544581137323, -0.629542997986,  
1196, 1945185.0069348107, 77.4385896381771, 120.42956974110938, 67.80648257925078, 56.867999799075534, -0.774253968441, -0.200329310184, 0.600332374468, -0.608903271652, 0.494397659519, -0.620328751577, 0.17253288998, 0.845836344539, 0.504770522249,  
1197, 2503627.836565984, 84.23522122304259, 122.12470854176604, 108.06191003624086, 45.290277581137026, -0.447749701337, -0.542714529039, -0.710620253668, -0.885846636914, 0.161124310263, 0.435103082626, 0.12163856634, -0.824317837131, 0.552905202151,  
1198, 3094228.2762462576, 90.39711710551508, 122.8894365519141, 95.44125177487653, 62.981508948192406, -0.187888408579, -0.552872513457, -0.811806583975, -0.981332706257, 0.0711360527354, 0.178677871128, 0.0410373677409, -0.830223852864, 0.555917519587,  
1199, 2695761.676743108, 86.33713412335294, 119.50809852236675, 87.29878352364081, 61.68610620701561, -0.996258322849, 0.057001985207, 0.0649625110038, 0.0864034034687, 0.639948446929, 0.763544653012, -0.0019509029904, -0.766300697479, 0.642479131973,  
1200, 2137817.3209083197, 79.9148203309808, 101.16266371938612, 77.77871185034415, 64.86358967746895, -0.86873022548, -0.482206963641, -0.113067411548, -0.495261728439, 0.843509767232, 0.207863159138, 0.00485959682429, -0.236574970781, 0.97160108456,  
1201, 2473162.7825441225, 83.89215766113732, 133.85256912237773, 89.24906038184466, 49.423526386058825, -0.86087947458, 0.393094296044, 0.323053253605, 0.0382841842059, -0.583077061569, 0.811514301483, 0.507366584914, 0.710983835744, 0.486909779963,  
1202, 3142934.1147444677, 90.86895965348377, 102.28673283941225, 95.95913370755807, 76.44358430033445, 0.673928178349, -0.0108437239579, 0.738717282915, -0.103554750678, 0.988634780594, 0.108984788906, 0.731503399882, 0.149945604309, -0.665145917607,  
