# Void_ID, Void_Volume, r = (a*b*c)**(1/3.0), a, b, c, vector_a, vector_b, vector_c 

70, 517458.9161924764, 49.80379327064006, 112.20112215793328, 63.78791769045153, 17.260431143677543, 0.229493584806, -0.917096835416, 0.325984798729, -0.775010746127, -0.374795717663, -0.508808916401, -0.58880475365, 0.135873339883, 0.796773115503,  
84, 1027132.4599143179, 62.59110445210537, 130.2623957999502, 61.31971506434517, 30.69860602242624, -0.615117670923, 0.213154134996, 0.759075467692, 0.752410571741, -0.128996185823, 0.645939869938, -0.23560259432, -0.968465434994, 0.0810315912001,  
99, 1577954.882977011, 72.22185807263698, 118.07195696366963, 81.02245050898557, 39.37801650944677, 0.806834670369, -0.503859477639, 0.308453305191, -0.434788009802, -0.152950363431, 0.887448912816, 0.399971500513, 0.850136349723, 0.342477715564,  
115, 1761798.215087225, 74.92426975027082, 113.26907770538945, 98.62732937209232, 37.64947448096367, -0.838314621216, 0.545044488349, -0.0124539782828, 0.508231182493, 0.789552592332, 0.343958964244, -0.197306008517, -0.282016328715, 0.938902087196,  
157, 409972.36311317835, 46.08454712077401, 87.92166774436495, 65.71992405300227, 16.93842406868095, -0.998683086869, -0.0242624963284, -0.0452042395511, 0.0212397903596, -0.99758107053, 0.0661882091126, -0.0467007848644, 0.0651409164194, 0.996782673255,  
158, 3195106.1827948424, 91.3690049849105, 115.29003656081639, 109.1045088517305, 60.64042142585255, -0.484615610133, 0.126003778633, 0.865604273433, -0.559217042674, 0.716305007393, -0.417352890929, -0.672624716762, -0.686316387793, -0.276669127746,  
165, 306902.84833673906, 41.84440882920286, 119.54153271663871, 105.78449828716172, 5.793906190930033, -0.8834317958, 0.00247378039066, 0.468553244126, 0.195165176171, 0.91105594181, 0.363163358427, 0.42597983072, -0.412275334339, 0.805338582533,  
182, 1459454.7804180793, 70.36672598601855, 98.27389638975625, 75.68523377494688, 46.8438629797236, -0.202565525652, 0.591048897064, 0.780787044652, -0.953171742001, -0.301844981253, -0.0187946147434, -0.224568114541, 0.748031288498, -0.624514494115,  
213, 880593.266340015, 59.460549305727184, 98.58939652531194, 66.53173653636486, 32.049974150169334, 0.791607733808, -0.577514131774, 0.199586130219, -0.531439687986, -0.489534829663, 0.6913230132, 0.301544447484, 0.653324634579, 0.694433487128,  
233, 1779218.7592601918, 75.17040899513022, 112.60707808653687, 64.21087508887213, 58.74439850563501, -0.556782026995, -0.555939965874, 0.61719083658, 0.277221614006, 0.576049894967, 0.768969892282, -0.78303381226, 0.59924725519, -0.16661565354,  
244, 717198.2332047906, 55.52861830466251, 116.58113227689779, 66.37004933637519, 22.1284091172496, -0.0795373329543, 0.609947512018, 0.78844013422, 0.936062381758, -0.226238311851, 0.26945026203, 0.3427258819, 0.759460505117, -0.552954528911,  
269, 1404463.1899824783, 69.47159190336939, 139.7710468738604, 110.1437735233424, 21.77933336589751, -0.98852738622, 0.14734729349, 0.0332021353799, 0.134624835586, 0.759866024867, 0.635987246646, 0.0684818248593, 0.633160642613, -0.770984980599,  
321, 46283.66084761632, 22.27305029488475, 103.06837633964763, 49.36945604400915, 2.1714774139894453, 0.916719119088, -0.338799946294, -0.211756117005, -0.322676918855, -0.940368978506, 0.107637309061, 0.23559639797, 0.03034436776, 0.971377144372,  
393, 1142010.0017882765, 64.8426018304582, 131.5091388416923, 63.74889378950315, 32.5201628165943, -0.991704480591, -0.00441127668541, 0.128463083469, 0.0183880780175, 0.984263070011, 0.175750071405, -0.127216751111, 0.176654322477, -0.97601698171,  
416, 1482976.4786947467, 70.74274124549471, 147.89668402328766, 54.731817091347274, 43.73683474416907, -0.779451005407, 0.0457500112873, 0.62479041817, -0.189567997361, -0.967797311662, -0.165627105016, 0.597093045133, -0.24753848187, 0.763023325625,  
418, 719753.6794904083, 55.59449139838019, 109.89169246245523, 56.234273986989535, 27.805411697868067, -0.255140655581, 0.161728149253, -0.953282356707, 0.965465577259, -0.0111447153088, -0.260292171315, 0.0527206316063, 0.986772416041, 0.153299491007,  
420, 834164.3055196371, 58.3966137381606, 116.70691578065177, 87.44624078165107, 19.51305444785422, -0.00975133672024, 0.981057422297, 0.193471562736, 0.713047338582, -0.128823662573, 0.689179190707, 0.701048075651, 0.144674801249, -0.698284181054,  
428, 1372599.7546565484, 68.94219437549177, 102.08909791290763, 71.45913481039189, 44.91777006481866, 0.922333167834, 0.243655229175, 0.29988940763, -0.201430957121, -0.359119361895, 0.911295151653, 0.32973792173, -0.900924754465, -0.282147992667,  
436, 2984246.9209195073, 89.31314483287132, 132.83378046393602, 88.01469713597939, 60.937188550431024, -0.878120498799, 0.0250664998994, 0.477782440209, 0.142089420647, 0.967233954431, 0.21040217189, -0.45685335298, 0.252646290253, -0.852909646969,  
487, 1884325.6902169846, 76.62240628184134, 118.79862947349548, 94.08081235597699, 40.24897924816459, -0.78649455224, 0.0284078426452, -0.616943525594, -0.199193378387, 0.933889457509, 0.296938510739, -0.584592436919, -0.356431586184, 0.728840316576,  
541, 420845.46746477776, 46.48840881739257, 69.45789084411722, 58.92047087160939, 24.54970311865526, -0.236413150853, -0.393956297326, 0.888204513556, -0.711736740966, -0.552086824103, -0.434316647403, 0.661467787321, -0.73484595287, -0.149872585511,  
574, 492902.79595619516, 49.00317550715106, 133.2385109164963, 48.06352692302706, 18.374996526731476, -0.226264153049, 0.147653157495, 0.962809990666, 0.94019640249, -0.225280771827, 0.255498138135, -0.254627684649, -0.963040559336, 0.0878500044576,  
610, 2209478.4162512575, 80.7979579407584, 129.14312970074826, 82.59882449154252, 49.448825457046674, -0.635422079593, -0.607956866706, 0.476053808924, -0.762686087296, 0.39784729256, -0.509928881363, -0.120618045963, 0.687099687111, 0.716481197911,  
664, 2209656.6233780156, 80.8001301555112, 106.16480455361179, 78.24045047370923, 63.507391399809805, -0.550273308254, 0.0650798593652, 0.832444531563, 0.83498359264, 0.0444394672595, 0.548477468791, 0.00129855497187, -0.996890036892, 0.0787944674472,  
667, 2455244.780566542, 83.6890675523203, 114.34023318761803, 93.2522364434365, 54.97279992525297, 0.534672312275, 0.798548385814, 0.27648868693, 0.522576949562, -0.0553153765329, -0.850795827979, -0.664107559265, 0.599383587223, -0.446878579811,  
682, 1105961.4284880857, 64.15302269487626, 138.16537143191977, 59.78276220833549, 31.96510867187907, 0.532724301702, 0.56008761184, -0.634434145865, 0.485053057826, 0.412238687201, 0.771221625649, 0.693489977916, -0.718582724422, -0.0520626419995,  
720, 812175.8490903635, 57.87892913393342, 79.59213329355272, 77.98161392508402, 31.23914201622611, -0.0982276659971, -0.923974229377, -0.369625417254, -0.228823796844, 0.38244002588, -0.895197909182, 0.968499352416, -0.00335410983819, -0.248993482478,  
756, 1558994.4136648646, 71.93142266511344, 126.70727180429259, 73.89620344082287, 39.74955613160676, -0.521321877477, -0.697817094486, -0.491197315452, -0.850777486222, 0.380261537708, 0.362737965862, 0.0663413069054, -0.607002854675, 0.791925732259,  
818, 1682668.814228715, 73.78532799403484, 104.79022663215768, 82.15801259761342, 46.65941954392984, -0.247697483101, -0.712614600231, 0.656373665227, 0.46735557531, 0.505562473998, 0.725248475429, -0.848660546445, 0.486402113916, 0.207817854106,  
898, 2858479.6736138277, 88.04043229293914, 142.8005429957391, 83.53896055692412, 57.20415476963979, -0.343816911493, -0.122439212265, 0.931020177371, 0.210442532754, 0.956198712909, 0.203464890923, -0.915152376263, 0.265880914566, -0.302990870309,  
938, 2462530.1121381354, 83.77176135075251, 107.66246976192038, 87.98867851724648, 62.058576153133686, -0.492853209354, -0.83863222575, -0.231930386027, -0.868424150973, 0.490697186112, 0.0711039066999, -0.0541775602622, -0.236457737185, 0.970130161622,  
943, 1481328.4201004815, 70.71652563567127, 118.8201880979128, 60.56825233156151, 49.139130527234286, -0.969183601101, -0.107475169224, 0.221657924193, -0.177498056984, -0.31925870196, -0.930896514651, -0.170814481599, 0.941553487181, -0.290343664737,  
951, 2836636.2825602326, 87.81560170168757, 137.24469111381336, 120.54453489321808, 40.93284816231438, -0.0852495597697, -0.961282973749, -0.262044952134, -0.340038796307, 0.275281863604, -0.899218278605, 0.936539443678, 0.0124474877141, -0.350341162989,  
965, 348872.46230147465, 43.67095545285617, 125.56356345949793, 59.543751174387324, 11.139822159850542, 0.429599894691, 0.572851631226, 0.698057976878, 0.816150133704, -0.577128535325, -0.0286637919294, -0.386449077804, -0.582034073157, 0.715467293417,  
1025, 1624921.9269216221, 72.93141335651825, 104.25472399924006, 93.42198417405994, 39.828968583564446, -0.182520720938, -0.799570356918, 0.572165562374, 0.826132701424, -0.440249637483, -0.351688806097, 0.533095625631, 0.408494187271, 0.740905900165,  
1044, 909371.6575120058, 60.1013556874321, 82.96931707664918, 55.279374947085216, 47.33388659116907, -0.18599810485, 0.966578817679, -0.176437224548, 0.221684891519, 0.216223587901, 0.950843398729, 0.957214977873, 0.137741603189, -0.254493097915,  
1054, 124651.21684739758, 30.988648631149776, 108.8355405234156, 87.29577197689228, 3.1321601857737402, -0.992859572795, -0.106897306424, -0.0529418037812, 0.079143295417, -0.922358679306, 0.378141250725, -0.089253613366, 0.371251171834, 0.924232849401,  
1070, 1826918.5526963815, 75.83625163541188, 118.33821725723554, 70.82560895059473, 52.03735781014711, -0.877030486366, 0.289621665353, 0.383323384289, 0.0379703788314, -0.753586875379, 0.656250768828, 0.478931911984, 0.59010686508, 0.649921619481,  
1075, 911361.2989811455, 60.14515627710151, 94.75725275937977, 55.379154332469746, 41.46132647897164, 0.956364080189, -0.292175164127, -0.00119146643533, -0.182568904051, -0.600768572801, 0.778296676858, 0.22811475489, 0.744117460756, 0.627895583039,  
1089, 1490796.6522436347, 70.86687243904873, 124.19339655811297, 101.52666675644082, 28.22611890974249, -0.795209858796, 0.402171951687, -0.45376095221, 0.324848533836, 0.914485976796, 0.241223606448, -0.511971396212, -0.0444198099845, 0.857853233334,  
1127, 942016.2022611706, 60.81208881003648, 139.79643421815055, 77.7834238110979, 20.681718067033337, 0.599289725714, -0.415109914913, -0.684496591076, -0.727876757577, 0.0733792800817, -0.681770421061, -0.333237528548, -0.906807167923, 0.258173410272,  
1129, 1516135.3977700972, 71.26612185028365, 121.24255525406662, 78.13351064196706, 38.20823350246999, 0.195238316636, 0.565531626961, 0.8012839563, -0.641526488105, -0.544340052901, 0.540497615043, 0.741839446765, -0.619570726967, 0.256527482951,  
1171, 524270.3148354588, 50.0213666258602, 131.1649362719393, 85.39605105093636, 11.174063056032397, -0.8743619413, 0.242612883536, 0.42027393965, 0.476295768681, 0.263223439132, 0.83896112057, -0.0929168248638, -0.933730373199, 0.345708047091,  
1202, 1151661.2658993853, 65.02475387382916, 115.7554239200171, 84.06363054920604, 28.254437058410293, 0.636263724632, -0.127660742125, 0.760835861166, 0.683980796565, 0.549521450567, -0.479787916998, 0.356845544524, -0.825668765479, -0.436958060992,  
1211, 1269913.2253521811, 67.17821793423303, 134.2026589651083, 68.86739223781844, 32.80278202627973, -0.978765569871, -0.202725587452, -0.0303363713612, -0.16595691473, 0.696828619478, 0.697773729464, 0.120317337438, -0.687991432555, 0.715675573876,  
1231, 1147225.8667953953, 64.94116975337865, 117.37520447237227, 78.51713953523691, 29.717993956764936, -0.0163434213299, -0.142256294319, -0.98969492234, -0.00895577390398, -0.989766592541, 0.142414488041, 0.999826328266, -0.0111910239399, -0.0149021572318,  
1239, 1278505.102303598, 67.32938053507284, 107.39738476409887, 70.72533038037874, 40.183259815220566, -0.324814877133, 0.803939236587, 0.498173663965, 0.92508083323, 0.379651228149, -0.00950773131251, 0.196775881609, -0.457762655576, 0.867025145873,  
1267, 485657.14350104495, 48.761874301130284, 121.04220612963971, 64.77359779808467, 14.787893730747173, 0.521640979325, -0.303747161968, 0.797263037074, 0.514084341245, 0.857685999314, -0.00959253184378, -0.680887640346, 0.414864300918, 0.603555824301,  
1292, 250515.41001011146, 39.10646969987644, 99.25655432266619, 59.16199939628964, 10.184595837134362, -0.750441823661, -0.610961183199, -0.252118031731, -0.0770667786477, -0.297966783165, 0.951460197675, -0.656428047031, 0.733445450429, 0.176521925881,  
1294, 624297.0734856921, 53.01932934510581, 139.2226260228656, 56.10937458877563, 19.079080510166552, -0.535352050326, 0.633192711395, 0.558985842797, 0.0359991875605, -0.644105361085, 0.764089224054, 0.843861505644, 0.429179768928, 0.322028702503,  
1295, 1631864.6933595971, 73.03513656045817, 120.98737061125568, 105.15382566041895, 30.621779216060414, -0.482369246959, -0.568294244416, 0.666604501449, -0.87596147924, 0.310007476064, -0.369576584312, -0.00337586670825, 0.762192243826, 0.647341939763,  
1315, 1708083.7829925541, 74.15495687934843, 126.86263310987707, 78.39307134805887, 41.002388753704025, 0.0298738552654, 0.902457579897, 0.429741630818, -0.832976660275, -0.215167781502, 0.509757500427, 0.552501073492, -0.373193170208, 0.74529820978,  
1341, 4226722.787404034, 100.30095127609745, 132.4607619028735, 90.10722409691672, 84.54117828538075, -0.019344319636, 0.977013337576, 0.212298694055, 0.587922889077, -0.16063147354, 0.792807799033, 0.808685645846, 0.14015158903, -0.571301197526,  
1347, 2173200.7196179735, 80.3533048618726, 125.32343696785915, 77.02549231338932, 53.7457900442578, -0.632431584716, -0.773019677382, -0.0497078367506, -0.0210433034447, -0.0470019478498, 0.998673117831, -0.774330336506, 0.632638439615, 0.0134586287235,  
1350, 1540084.5719048372, 71.63940777425806, 115.4193305104, 79.56024231951166, 40.03882397948093, -0.137798755243, -0.362173294149, 0.921868758587, -0.935048465466, -0.259382073252, -0.241671900116, 0.326643338036, -0.895294055091, -0.3029070561,  
1382, 928601.5461531781, 60.52204550045542, 117.23261860349038, 64.02724118308223, 29.534358214625897, 0.271865278146, 0.94890247479, 0.160229098093, 0.803213116752, -0.315450115501, 0.505311699555, -0.530035809748, 0.0086785924757, 0.847930847662,  
1384, 1996535.1112569845, 78.11410256386253, 136.7726942654291, 70.32862306748115, 49.55150231710094, 0.661895607705, 0.0174408268265, 0.74939310249, -0.34955060232, -0.877195897119, 0.329153056335, 0.663105256289, -0.479815772601, -0.574515659878,  
1392, 2064673.5405964318, 78.99281565737962, 115.11543792992599, 76.439373133285, 56.016000341902306, 0.710692999353, 0.15388241095, 0.686466069279, -0.300530020338, -0.81585671885, 0.494023806292, 0.636079529263, -0.557402922407, -0.533577374469,  
1398, 2223729.4068865017, 80.97129963262914, 120.84512031106382, 101.0366562395814, 43.47957061526802, -0.0414858572364, 0.515120664314, 0.856113091155, 0.32175674896, -0.804316831657, 0.499546823443, 0.945913060565, 0.296184293152, -0.132375777021,  
1410, 2361906.9406932406, 82.61483840059688, 147.38869271220506, 97.29900530194506, 39.31892231244481, -0.187488990223, -0.821160152056, 0.53902122706, -0.136574893365, 0.565215145299, 0.813559547929, -0.972725643256, 0.0789166915197, -0.218121477054,  
1420, 3228597.634517138, 91.68714260371752, 135.5014071716082, 87.71271064780483, 64.8513434162748, 0.0552838151344, -0.833273513627, 0.550089948346, -0.929020613926, -0.244809046118, -0.277469331351, 0.365874840192, -0.495705338307, -0.787662249247,  
1426, 125459.48984224278, 31.055484037451205, 109.56180018106214, 99.73101856846323, 2.74110387719084, -0.326271946681, 0.101638497424, 0.939795846262, 0.416988085498, 0.907716678307, 0.0465979449714, -0.848332218746, 0.407087272908, -0.338544530119,  
1427, 2063514.145178351, 78.97802703103602, 117.76036148627583, 88.2344688293646, 47.41125322857619, -0.0866700329307, -0.353455994912, 0.931427487812, 0.746371921963, -0.642302350261, -0.174288969689, 0.659861545703, 0.680085693505, 0.3194779961,  
1448, 917104.7104834699, 60.27123699475631, 106.89922499429451, 71.07497928555058, 28.816353050116724, 0.380116443948, -0.740448533456, 0.554299069405, 0.551308246428, 0.662568704778, 0.507012750204, -0.742678063808, 0.112865764306, 0.660068642481,  
1487, 1385863.5243974554, 69.16355136246602, 153.7132546275272, 93.31386603163115, 23.066109752661294, -0.0257289174066, 0.000857143029212, 0.999668589141, -0.508099599187, -0.861209935071, -0.0123387617289, 0.860913944663, -0.508248672444, 0.0225935133188,  
1499, 459189.80488288647, 47.859469013619915, 139.9602076444931, 68.88678597893671, 11.37006970451385, -0.937357610219, -0.235891144528, -0.256351474537, -0.348367934896, 0.633230055092, 0.691129133567, 0.000701783989847, -0.737139786785, 0.675739922039,  
1518, 795718.1972891274, 57.48531210072762, 100.93331732312305, 85.20237720780305, 22.08942552800417, -0.748981075274, 0.524390804228, 0.405020534445, 0.503600329244, 0.053283004034, 0.862292079209, -0.430597326125, -0.849808923183, 0.303991343317,  
1528, 406094.9873539627, 45.93880282127578, 66.83609677090378, 54.64061432557522, 26.546811548867908, -0.526408233748, -0.825279196536, 0.204471560875, -0.846901755329, 0.530222080238, -0.040273594925, 0.0751783762952, 0.194367675791, 0.978043668936,  
1533, 1775699.8665796379, 75.12081959394314, 121.22401581997576, 73.3508435402952, 47.67461265913452, 0.0676812955068, 0.23469222139, 0.969710680284, 0.850253410729, -0.522090270068, 0.0670140839143, 0.522004195176, 0.819964213316, -0.234883607558,  
1538, 2184297.366179816, 80.48983756158006, 112.82804005775368, 85.82511652116742, 53.85074389458285, 0.15745804873, -0.985112950734, 0.0689886743316, 0.564997325052, 0.032570569476, -0.824449622893, 0.809929000329, 0.168794645353, 0.561714680355,  
1539, 713419.6945561332, 55.4309295604012, 100.96434312460991, 56.05408434894109, 30.09408880020903, 0.222269455398, 0.947257755852, 0.230865833711, 0.919424665435, -0.282434646284, 0.273658464456, -0.324429612994, -0.151437824061, 0.93370874027,  
1540, 1041923.8271127888, 62.89012435623067, 129.2609408150134, 58.51250916400047, 32.88753518492207, 0.394204749406, -0.485070810739, -0.780582426214, -0.398436753744, -0.855592839204, 0.330467920938, -0.82816107661, 0.180740703971, -0.530548799939,  
1545, 3120021.3202591883, 90.647601531689, 138.17444320819413, 92.53508494655024, 58.25521390020573, 0.312727761122, -0.109317834949, -0.943531111509, 0.560802440461, 0.822986134808, 0.090523172098, 0.766617225346, -0.557443658925, 0.318676319998,  
1546, 2430817.821909242, 83.41060427594354, 129.21568645093862, 88.68287760370933, 50.641759523840356, -0.938144615891, 0.0437686445327, 0.343466134327, -0.294209276425, -0.623777605701, -0.72411490821, -0.182552954892, 0.78037542528, -0.59807074354,  
1549, 2374939.6338072997, 82.76651238820824, 135.69978201787325, 85.2731698656893, 48.99732929683798, -0.435729082536, 0.23733886625, -0.86822256893, 0.0457591247184, 0.969202122956, 0.241977989419, 0.898913938671, 0.0657077425086, -0.433169970609,  
1560, 456171.8175710009, 47.75438765247262, 148.12835960911917, 54.162841209650246, 13.57376075412139, 0.115695340435, -0.810851080976, 0.573702982981, -0.457513955093, 0.469161365997, 0.755359909944, -0.881643674676, -0.349868742725, -0.316695901091,  
1570, 2773741.351108069, 87.1617184219903, 102.03672931360038, 92.58807332707167, 70.0915679952055, -0.249471375572, 0.55811880091, -0.791370606505, 0.250887345847, 0.826556875277, 0.503844491512, -0.935317899147, 0.0728500926751, 0.346227225292,  
1584, 1785132.0102765597, 75.25359343910215, 97.43305785654441, 91.72658208239353, 47.684824050312265, -0.841484052461, -0.00116848769877, -0.540280690096, -0.449413765034, 0.556567910194, 0.698755629058, -0.299886407248, -0.830801297531, 0.468868154996,  
1588, 1583475.4983465944, 72.30598490299784, 144.74297928350623, 83.91633809556765, 31.12280322086641, -0.448892123946, 0.576525928511, 0.68272521179, 0.154277951027, -0.702552761571, 0.694707082903, 0.880167128951, 0.417177984754, 0.226425162361,  
1592, 1187237.2199833626, 65.68753498419264, 82.67889728073472, 73.4166009332269, 46.69387806221387, -0.995509343291, -0.0507758044928, -0.0798934609259, -0.089297163207, 0.223586105592, 0.970585014324, -0.0314191671402, 0.973360709637, -0.227116192447,  
1608, 3614320.1830609837, 95.20198518565118, 114.7612909615745, 103.08220808192253, 72.93884397183727, -0.112806919534, -0.9804508998, 0.16121610337, -0.443819173235, -0.0954465990873, -0.891018792278, 0.888987705412, -0.172063882913, -0.424375870924,  
1627, 1043892.4786126513, 62.92970845371673, 115.26912640814888, 93.35634823536527, 23.158493375538328, -0.585378134156, 0.346168733949, 0.733143674656, 0.258641132294, -0.777287083949, 0.57352380405, -0.768399118127, -0.525349404456, -0.365473389592,  
1633, 1931702.4481966163, 77.25925932628283, 128.73173877284606, 76.80953328084611, 46.639174983388955, 0.715630959776, 0.641158535359, 0.277106589505, -0.396181170433, 0.0458630836286, 0.917026203418, 0.57525021478, -0.766036755056, 0.286835981527,  
1639, 369382.3483237238, 44.51050375959998, 126.3347194334467, 88.50037442927398, 7.887142733904594, 0.587848632244, -0.805206342879, 0.0779533896443, -0.756320212282, -0.512836287699, 0.406175674448, 0.28707790243, 0.297727538879, 0.910463942466,  
1644, 745839.0955304555, 56.25815843026173, 135.32469015310423, 57.86018303367278, 22.74048331423844, 0.757274436937, -0.634614759719, -0.15427097559, -0.299179426755, -0.547057577544, 0.781805396156, -0.58054034982, -0.545886539126, -0.604136399029,  
1653, 2354361.561216653, 82.5267703972418, 135.9168220213016, 109.83821600226048, 37.649383353474455, 0.894596694747, -0.0515584668492, -0.443890164618, 0.0732305963982, -0.962979566033, 0.259437150681, 0.440833339823, 0.264597958984, 0.857702679605,  
1659, 1751656.8839522628, 74.78023236320169, 127.63828450749071, 78.8928069104218, 41.528100257762226, -0.21235895399, -0.420545855656, 0.882068510916, -0.107555625534, 0.907231316653, 0.406648651172, -0.971254581496, -0.00851594825064, -0.237890766002,  
1661, 995456.0543339711, 61.94094511374936, 88.80379793522066, 66.51020984793526, 40.23589118486365, 0.374855515957, -0.866712074779, 0.329079810362, -0.879053376144, -0.445059745745, -0.170841987251, -0.294530989959, 0.225237657042, 0.928719276102,  
1664, 1473857.301112462, 70.59743831614156, 146.785348199034, 67.70497823475306, 35.404911867982335, 0.23955454237, 0.795503254524, 0.556586195726, 0.882315306804, -0.417595807615, 0.217102374105, -0.405133707077, -0.439076660168, 0.801921670667,  
1667, 2961619.2795972293, 89.08683700894548, 112.8074860022287, 100.5785402133225, 62.315684594997435, -0.786375264669, 0.487572724388, -0.37932411148, -0.551186650168, -0.276522496223, 0.78722842032, -0.278939455427, -0.828135343719, -0.486194027822,  
1675, 2239526.976259032, 81.16258977696134, 121.4939548624015, 76.98703480285234, 57.160422016076076, 0.322923828784, 0.509999500973, 0.79725824537, -0.598218750356, -0.542777226143, 0.589514384475, 0.73338566084, -0.667303073414, 0.129815564111,  
1676, 2328336.574936998, 82.22156086657425, 114.05855063671183, 79.60418546216907, 61.22001047806265, 0.452009297401, 0.536361239039, -0.712744145061, -0.502711564161, 0.813225053843, 0.293165644408, 0.736864084022, 0.22579112706, 0.637220282649,  
1678, 50167.880005258055, 22.879457007040294, 141.1162950169285, 73.58211986626746, 1.153420533537858, 0.553621530899, 0.284545943643, 0.78264730657, 0.658208183164, 0.426225602327, -0.620559202282, 0.510161923452, -0.858699797297, -0.0486772018764,  
1680, 1518655.869359343, 71.30559167376072, 133.6260299728545, 88.69341622439788, 30.590622514551427, -0.675090871483, 0.601248409825, -0.427495806907, 0.737524576115, 0.536212052786, -0.41052909041, 0.0176015586172, 0.592433105195, 0.805427340611,  
1687, 3198726.5349590275, 91.403501816082, 125.94752083899785, 94.54605100191436, 64.12915043526243, 0.573582447835, -0.0908651537754, -0.814092561915, 0.762259367332, 0.423107722683, 0.489837230028, -0.299939714694, 0.901511718635, -0.311949977904,  
1712, 2791427.632586567, 87.34658325953063, 105.8262665933934, 96.43033937176878, 65.30261816753047, 0.967129294283, -0.172937858026, 0.186422706239, 0.243256266943, 0.842779943395, -0.48015451222, 0.0740764249466, -0.509719986143, -0.857145389647,  
1716, 2721035.23743426, 86.6061073297058, 113.69569497332857, 84.00767286462938, 68.01153575551825, 0.332332354046, -0.298941103816, 0.894533075355, -0.808218039222, 0.398603474469, 0.433473034014, 0.486146899126, 0.867034881992, 0.109140761768,  
1719, 1131361.195696416, 64.64042797777714, 103.8281129979886, 59.69071999251853, 43.58036779013119, -0.948545960319, -0.125874795553, -0.290544483698, 0.0424783884166, -0.95987970654, 0.277176000928, -0.313777226198, 0.250572314546, 0.915836976488,  
1721, 1348503.5822700309, 68.5363805073766, 114.85078374871662, 67.04432980137825, 41.80877840171207, -0.936203441144, -0.346901272422, -0.0564147496853, 0.0308178050131, -0.240924773827, 0.970054388295, -0.350104812427, 0.906429677663, 0.236245338086,  
1725, 1265222.8541939717, 67.0954092581845, 135.19549346330896, 59.63810838153552, 37.46211939081143, 0.597961695623, 0.724648284066, -0.342529816174, 0.694876676631, -0.255685168499, 0.67213949362, -0.39948493694, 0.63992965161, 0.65643112826,  
1726, 239445.96117811548, 38.521776062801216, 99.7681401175229, 37.068833868909536, 15.456747294062856, 0.181698503861, -0.89735161102, -0.402176254761, 0.626781808097, -0.209454327746, 0.750515455955, -0.757713810573, -0.388444295604, 0.524386127275,  
1728, 1679934.52240578, 73.74533993145488, 101.2437500059853, 77.85508351545708, 50.880169317984205, 0.119783371451, 0.984436262335, 0.128597003553, -0.962561175341, 0.0834314722479, 0.257905356992, 0.243162348341, -0.154675256061, 0.957573828753,  
1729, 524981.8772950962, 50.043986786273834, 104.87553267344585, 54.11757182325266, 22.082244814709338, -0.559201042941, 0.716159207187, -0.417624452751, -0.230505508287, 0.349573677848, 0.908110926267, 0.7963425169, 0.604081313829, -0.0304033231702,  
1731, 1714688.0336267506, 74.25040654696687, 119.92231063083223, 63.85259674126286, 53.45864617840699, 0.199334514883, -0.973166073776, 0.114950180634, 0.472809409311, 0.198260224928, 0.858570990471, -0.858322208523, -0.116793304872, 0.49964218226,  
1732, 1186104.5577049118, 65.66663900123316, 127.55505791005561, 61.49400168274898, 36.09972767677407, -0.321312505709, 0.675495456334, 0.663674741231, 0.946749680677, 0.244371632927, 0.209636702792, 0.0205746400304, -0.695692743597, 0.718044769283,  
1741, 1822157.1313349898, 75.77031136685545, 148.53616501769443, 67.79064370605413, 43.201144366166886, 0.934770332733, -0.355251104916, -0.00103802666207, -0.265912657981, -0.701626164594, 0.66106821394, 0.235573520093, 0.617670929875, 0.75032508889,  
1742, 427073.9095489305, 46.71662683888233, 139.78990034581045, 57.416320194879994, 12.702911748816062, 0.163099764369, 0.530707198562, -0.831714095262, 0.849327798225, -0.504487363999, -0.155353759941, 0.502036610244, 0.681059739641, 0.533026146652,  
1745, 1067040.7935852446, 63.39146733494334, 100.81415759378464, 80.21438376871045, 31.500586278304, -0.226694733314, -0.0772107690003, 0.970900610278, -0.31601764885, 0.94875185429, 0.00166270740231, -0.92127213325, -0.306444801116, -0.239477014275,  
1747, 2745167.447601662, 86.86138376007446, 118.81742275189637, 85.77838804351174, 64.30166558266106, -0.591958043822, 0.245379613494, -0.767707313783, -0.150510743009, 0.902115033188, 0.40439458841, 0.791790496655, 0.354932827698, -0.497081982403,  
1748, 3852968.479541376, 97.25283769981462, 122.32636184145488, 91.55037257572417, 82.13469927788404, 0.548374161066, -0.755841892726, 0.357755241298, 0.440234555208, 0.624671276792, 0.644964597751, -0.710970685666, -0.196185700683, 0.675301306805,  
1750, 100503.93214234007, 28.842405702015455, 95.1468677254298, 73.35221649962882, 3.4378482848267513, 0.694009128974, -0.365494733911, -0.62029422727, 0.654319307856, 0.67962694158, 0.331622471564, -0.300362401556, 0.636019512093, -0.71081756307,  
1754, 1211215.3133080027, 66.12681131720768, 113.2277729123812, 57.68536468679033, 44.27047031830488, 0.103246544787, 0.934871680369, 0.339639650561, 0.830255235235, 0.10703625091, -0.547009584337, 0.547737524144, -0.33846444752, 0.765130983826,  
1759, 1597792.4573878634, 72.52324907597445, 121.87571799898392, 94.8675880658755, 32.99109353000818, 0.83371964217, -0.168972213821, -0.525699485653, 0.373512971098, 0.873752981706, 0.311518518521, -0.40669351935, 0.456074684582, -0.79157833687,  
1762, 2092746.9740424328, 79.3492277531262, 116.35585106073262, 77.71595724678654, 55.249669645123575, 0.0784368394538, 0.434441299883, 0.897278339855, 0.275594251625, -0.874425180768, 0.399284875384, 0.958068614812, 0.215966108905, -0.188316672434,  
1764, 1015481.9817690067, 62.353552844844394, 121.83801529607605, 70.97468708338738, 28.034790192742317, -0.34637634159, -0.914252259857, 0.210157644002, -0.925726961142, 0.296862789624, -0.234311923623, -0.151832221225, 0.275708704038, 0.949174213259,  
1771, 2110655.837676582, 79.57493111180302, 123.75480277262793, 84.92528546140521, 47.943500085102585, -0.766860884207, 0.278903898288, 0.578045845753, 0.633415489513, 0.183664734367, 0.751699463213, -0.103485273919, -0.942592107366, 0.317507349856,  
1772, 3643193.518148413, 95.45482309292315, 116.74886934347494, 98.42792273506093, 75.68723297472461, -0.992819864535, -0.113229267394, 0.0385726533959, -0.0193724396788, 0.470404918025, 0.882238018722, -0.118039930386, 0.875156183834, -0.469220874143,  
1776, 1897296.021286186, 76.79780880048973, 136.21518214243912, 59.7935224965915, 55.611784647912124, -0.791049121217, -0.282637158691, 0.542547255407, -0.577647685698, 0.0531155762322, -0.814556251445, -0.201406154398, 0.957755173355, 0.205281730511,  
1787, 1252400.7162981436, 66.86798443206774, 102.75032218778134, 78.88913768019765, 36.88538295428229, -0.292104711366, -0.812043337268, -0.505233070965, 0.883570268849, -0.431317355874, 0.182397693317, -0.36603062386, -0.393129694784, 0.843487181572,  
1788, 2716100.505751166, 86.55372083191324, 120.00027076107811, 98.28106568834392, 54.980051730433864, -0.959089721767, 0.0121115650933, -0.28284309359, -0.273803952009, -0.293636222654, 0.915865254614, 0.0719604159574, -0.955840509048, -0.284939677473,  
1792, 1283339.7818019055, 67.41414268450629, 117.77960308933498, 74.03944069240053, 35.1333718217881, -0.998937549564, 0.0240796483797, -0.0392930350815, 0.0456175327, 0.637727205235, -0.76891030193, -0.00654314774169, 0.769885824157, 0.638148105835,  
1793, 2405360.1585102407, 83.11839872785791, 111.46020010960471, 82.77363786627905, 62.24144157408581, 0.347713457095, 0.752018644014, -0.559967240837, 0.865042549876, -0.0269374342099, 0.500974811284, -0.361658317557, 0.65859117341, 0.659894633747,  
1796, 1979160.8380739528, 77.886853582314, 108.52991499091945, 101.03315111307477, 43.09026038253331, -0.507984593105, -0.222975574315, 0.832005737016, -0.0977918660115, 0.974598096604, 0.20148275618, 0.855796940933, -0.0209867423606, 0.516886015031,  
1798, 3064170.1466953885, 90.10345050751557, 136.9940708826588, 82.115524082969, 65.02752541415926, 0.532600231613, 0.840575693984, -0.0988407606663, -0.588144173992, 0.451552305319, 0.670959720222, 0.608624205799, -0.299220684855, 0.734876559614,  
1800, 1764609.4104283627, 74.96409928869647, 136.03436377853185, 85.66264379132177, 36.150963612588676, -0.935220939666, -0.335728262905, -0.112464783365, -0.192477622882, 0.215473931818, 0.957352259827, -0.297176982118, 0.916982834187, -0.266135910967,  
1801, 1581872.720707462, 72.2815808755003, 112.07936439854613, 70.7937903779082, 47.59508452969175, -0.298300362516, -0.689739226967, 0.659755024616, 0.0474592103204, 0.679651603169, 0.731998170534, -0.953291412465, 0.249666772105, -0.170005840571,  
1808, 942485.169360269, 60.822178564887544, 128.04384025747996, 87.343822058644, 20.118473837992713, 0.645790115256, 0.146499553672, -0.749328371151, 0.316094653783, 0.842064561833, 0.437048559722, 0.695010285454, -0.519100331804, 0.497489244742,  
1810, 1892701.0155028126, 76.73576055968049, 95.0491845601956, 85.90056349742864, 55.34125424967222, -0.678606584101, 0.480619543318, -0.55542592539, 0.714530603601, 0.607109860697, -0.347654474389, -0.170115021478, 0.632789437037, 0.755406121131,  
1811, 3872785.6795907617, 97.41928807268565, 138.69082480258717, 104.86088178556889, 63.57313348308208, 0.273245572423, 0.621286252685, 0.734397882197, -0.792533375188, 0.57808873161, -0.194175867702, -0.545185937423, -0.528977136188, 0.650350277179,  
1814, 2548159.896462174, 84.73171999371196, 119.15573104328307, 78.17359771035898, 65.30749593597932, 0.635319816027, 0.268480801876, 0.724076508656, -0.487745316733, -0.587435881012, 0.645773638131, 0.598726345978, -0.763437715026, -0.242259402104,  
1815, 4230483.693784395, 100.330691469513, 114.67516685190371, 106.53687606232924, 82.6669809903611, -0.89331142625, -0.448635303511, -0.0268525636729, 0.0951287511685, -0.247135101622, 0.964300141163, 0.439255297558, -0.858865883587, -0.263446726259,  
1816, 2930990.9699478303, 88.77866778595268, 118.55658248712378, 84.16509601499945, 70.12424139502092, -0.747664857103, 0.474033978474, 0.465068864476, 0.034437240939, -0.671705857994, 0.74001710573, 0.663182733407, 0.569300472148, 0.485886442003,  
1819, 2515566.8808323964, 84.36890638112168, 114.36907551317296, 102.07930505637889, 51.43999807706291, -0.0284743853348, 0.957891810153, 0.285713999344, 0.647007483239, -0.200215249775, 0.735727646885, 0.761951787197, 0.205808488161, -0.61406216313,  
1822, 987574.9848541607, 61.77704876022984, 137.94582809569687, 79.58272344205632, 21.476035024731328, -0.0967999588294, 0.238579718355, 0.966286440948, -0.0270427984683, -0.971117698457, 0.237063499498, 0.994936407526, -0.00318335249382, 0.100456016471,  
1831, 1954207.9282934868, 77.5581403432398, 111.54896088819278, 71.16627823555532, 58.768198553763604, 0.260653521072, -0.358502446146, 0.896401549564, -0.451312206478, 0.775552364168, 0.441402110006, -0.853450077179, -0.519609975405, 0.0403539244982,  
1832, 2268797.3257248653, 81.51465549457181, 133.78246216978866, 93.38433624456249, 43.35446900520123, 0.178281917713, -0.000809564976003, 0.983979116862, -0.810485896888, -0.567173009644, 0.14638096897, 0.557967892232, -0.823598276914, -0.10177283283,  
1834, 2334637.742376561, 82.29566601088703, 114.63442631404689, 107.61119983198923, 45.18126198463444, -0.364779319936, -0.0108280607528, 0.931031041828, 0.709028427546, 0.64489023788, 0.285298562944, -0.60350206021, 0.764198491354, -0.227565219518,  
1839, 788743.4444363519, 57.31685922307052, 118.54956594144974, 58.197901318985345, 27.292282714700722, -0.673562897767, -0.710892361432, 0.202348889817, 0.103857145926, 0.180021885172, 0.978164512799, -0.73179690898, 0.679870701911, -0.0474248109185,  
1842, 876087.3397376521, 59.35895750839136, 87.11511141238331, 68.67216189718405, 34.96105896922297, 0.171168986424, 0.103269592901, 0.979814558612, -0.348134402328, -0.923998843583, 0.158204219198, 0.921685204396, -0.368186811603, -0.12220824751,  
1844, 2774788.598834868, 87.17268657108602, 132.7881809477729, 89.2323214073773, 55.90616205315671, 0.715744229874, -0.561398528501, -0.415381619236, -0.526316069711, -0.0426762907286, -0.849217362619, -0.459022431006, -0.82644444847, 0.326018375904,  
1845, 2921048.8697646973, 88.67817318644657, 122.31930017897668, 77.10389052451418, 73.93991271264305, 0.485981566106, -0.451832909629, 0.748110245339, -0.691072429133, -0.722678170727, 0.0124562935149, -0.535014780262, 0.523051893536, 0.663457535619,  
1846, 2981216.6915402543, 89.2829048228616, 115.3806151920022, 100.0510474983336, 61.65246491372222, -0.687970129559, 0.645932402376, 0.330860140233, -0.48490178069, -0.748316624634, 0.452650519031, -0.53996978056, -0.150975365065, -0.828033257319,  
1847, 2056723.9153349374, 78.89130308583162, 130.04412087766008, 79.02155927634652, 47.780541855707845, -0.923305929976, -0.166410726791, -0.346141054601, -0.0637600303338, -0.822334559782, 0.56542066669, -0.378735815844, 0.544126218627, 0.748656022483,  
1850, 1474433.0127046497, 70.60662927212398, 106.58185101437418, 87.41884993588219, 37.7787939870472, 0.112883206694, -0.784969362615, -0.609163755818, -0.0958608465931, -0.61882634042, 0.779656756845, 0.988973245208, 0.0296152014866, 0.145102929343,  
1864, 1021332.6020613624, 62.47307198279171, 126.33623957305878, 67.30345129444113, 28.675652237592402, -0.589186871399, 0.126458042482, 0.798039594295, 0.805126035017, 0.00870127802037, 0.593039927406, -0.0680507039522, -0.991933793785, 0.106941341114,  
1865, 1694876.9141546357, 73.96334063376622, 135.9432678018073, 63.556448928564095, 46.83086996632197, -0.900413982789, -0.212751498906, 0.379462065709, -0.435010583511, 0.431252177904, -0.790434912746, -0.00452237020524, 0.876788662545, 0.480854644774,  
1866, 3504173.6068114876, 94.22489633287104, 136.4143709186917, 92.05793752120763, 66.61555333434836, -0.935145290987, 0.267933340061, 0.231764988791, 0.0983635085883, -0.43211704526, 0.896437102854, 0.340334989273, 0.861096152865, 0.377737356634,  
1867, 1645420.9905127112, 73.23681932919396, 115.59041030318987, 66.65538687763025, 50.98370178215038, -0.971430911035, 0.187174723737, -0.145902734312, 0.227468855177, 0.559037179932, -0.797330139514, 0.0676749954565, 0.807739471765, 0.58564241713,  
1869, 3043736.8779301117, 89.90272017294717, 117.626010735008, 93.19467928044374, 66.28633549551567, 0.572776048792, -0.759158499309, 0.309202152089, -0.349418155865, 0.115100541506, 0.929870323054, -0.741508294142, -0.640648295301, -0.19933692946,  
1870, 1413912.381199566, 69.62704480649634, 128.83504017935147, 65.515943322884, 39.99013704071968, -0.846113057359, 0.269103701244, -0.460082484065, 0.499696882061, 0.700842874603, -0.509040559462, -0.185460832052, 0.660607646864, 0.727462587821,  
1882, 3167091.4814023473, 91.10117944374382, 134.13518083352523, 106.64018339318422, 52.85771883401544, -0.854025297726, -0.0835368095081, 0.513480664, 0.484499176338, -0.487206373354, 0.726560732417, -0.189476486595, -0.869282204592, -0.456560083458,  
1887, 866854.1402449978, 59.14968999612918, 105.80310776249229, 76.97364853258975, 25.410717121081074, -0.618512163735, 0.633867137831, 0.464386859084, 0.7845671459, 0.465413912148, 0.409688032476, -0.0435556757126, -0.617739704048, 0.785175497043,  
1916, 1601023.8265006961, 72.57210639800094, 99.85030251528639, 79.84067818394627, 47.94414559957536, 0.0806517857878, 0.730073056774, 0.67859311905, -0.768270289826, -0.388211366817, 0.50897219614, 0.635024449308, -0.562392448782, 0.529583498925,  
1934, 635585.0018233929, 53.33697040824907, 123.25623393869049, 57.77106658335706, 21.309131605412976, -0.0932558930959, -0.864039682054, -0.494710790501, -0.645872508048, 0.43064382071, -0.630392419872, 0.757728211004, 0.260732290903, -0.598219550608,  
1942, 2886011.5533161513, 88.32218787978928, 142.58181688959243, 77.33443523782827, 62.48451356107945, -0.554157323535, 0.519906181065, -0.650082474508, -0.289246108772, 0.61203108884, 0.736039832382, 0.780542343075, 0.59591568966, -0.188780670312,  
1945, 619236.7377337305, 52.87568843808261, 120.09606782837112, 65.79697299479403, 18.70826023769734, 0.676544188827, -0.117728567358, -0.726930495297, 0.233242379036, -0.902057730501, 0.363166412909, -0.698488334324, -0.415249124348, -0.582822624426,  
1965, 3218100.19770285, 91.58766442806714, 110.8492174787997, 91.484155619345, 75.75868664322103, -0.400682298917, -0.886221440389, -0.232519362484, -0.0991151313217, -0.21036642301, 0.97258529642, -0.910840208861, 0.41274389961, -0.00354785245739,  
1971, 1420996.1506218556, 69.74312944604623, 108.35123183891409, 68.25859530265188, 45.86834731615333, -0.576195488016, 0.323549119466, 0.750542954722, 0.783041005181, -0.0445961693395, 0.62036921739, -0.234191254736, -0.945159853661, 0.227656116176,  
