# Void_ID, Void_Volume, r = (a*b*c)**(1/3.0), a, b, c, vector_a, vector_b, vector_c 

20, 3018071.1398553546, 89.64931063692862, 121.74528183102798, 100.5499937315311, 58.85815927756979, -0.478009114232, 0.170909983214, 0.861566633725, 0.177457695897, -0.941867971557, 0.285295443922, -0.8602418572, -0.289265452126, -0.41989218298,  
41, 1364076.7149917907, 68.79920112994103, 110.3384058120837, 67.16002102632878, 43.945322692902714, 0.830988809632, 0.321055990978, -0.454291370074, -0.302882898001, 0.94611221996, 0.114601995365, 0.466604273839, 0.0423641109945, 0.88345103641,  
56, 601135.4964687624, 52.355372599340754, 108.20802307625455, 50.67021729795515, 26.174086578625808, 0.507522751005, -0.162961709153, -0.846087547811, -0.431028996183, -0.898274596443, -0.0855380256663, -0.746079527705, 0.408100760518, -0.526136016258,  
74, 1111175.2406054419, 64.25367646607312, 114.7381182885358, 102.55839604279969, 22.54317089086659, -0.99517389543, -0.0981081680896, -0.00192489166195, -0.0888277674639, 0.892354825654, 0.442507054023, 0.0416958700735, -0.440542452536, 0.896762957493,  
125, 2214522.225455087, 80.85939322040055, 119.96899470355628, 107.395715939327, 41.03320659920724, 0.982859811925, 0.0317838385522, -0.181593991391, 0.0955872364374, -0.930135360038, 0.354557882774, 0.15763778206, 0.365838761771, 0.917230794322,  
126, 1193046.381737508, 65.79449727229277, 124.55879662912437, 69.33532512611316, 32.979172813362574, 0.353469207715, 0.927901250117, 0.118569765242, 0.590278073715, -0.319575289976, 0.741244514131, 0.725693678413, -0.192017978505, -0.660679787069,  
140, 1456699.2141926955, 70.32241210084973, 134.65637969722874, 76.43952902668197, 33.78596595037216, 0.742698073919, 0.466783492, -0.480117425837, 0.576100169088, -0.810888000703, 0.10280683583, 0.341332925709, 0.352950169163, 0.871159004955,  
148, 2958374.4218211295, 89.0542895266174, 130.0604853584939, 75.53930685775117, 71.88630542919563, 0.557105523137, -0.810648106397, 0.180230640252, -0.699276010912, -0.340866378046, 0.628349562648, 0.447935817561, 0.476087974972, 0.756765315956,  
153, 2240953.929919331, 81.1798241701449, 132.733767983478, 78.47243378495617, 51.36245498224718, 0.655074852706, -0.683552982487, -0.321919644454, -0.602530667987, -0.729683452249, 0.323293757517, 0.455887849682, 0.0178151521745, 0.889858915146,  
165, 1554579.599436292, 71.86345917515573, 139.04930489146798, 69.18271199210945, 38.579620405964164, -0.995108286138, 0.016568035705, 0.0973909598131, -0.0386536621381, -0.972540154488, -0.229502815476, 0.0909142082612, -0.232144670628, 0.968423181587,  
199, 672507.8081349555, 54.350420344480014, 112.09992655172586, 71.81946314937132, 19.941656872801612, -0.0586140596556, -0.402726678347, -0.91344163172, 0.996400342788, -0.0797366508085, -0.0287823454695, 0.0612433580364, 0.911840605076, -0.405950689161,  
203, 1586608.0528612866, 72.3536339387287, 112.97959388132084, 71.8074402229915, 46.688679431903715, 0.418733865225, 0.296175859163, 0.858453149894, -0.724983520453, 0.678301253012, 0.119608968031, 0.546864558355, 0.672448712253, -0.49875032251,  
205, 1168023.549224444, 65.33125433312723, 121.24901849479298, 69.57556648887177, 33.054303230410916, -0.111057144066, -0.0509471942559, -0.992507276623, -0.0671352607632, 0.996788399741, -0.0436548153628, 0.991543830355, 0.0617840557065, -0.114120826084,  
214, 1103174.2807629886, 64.09908640639755, 103.96424675465582, 58.982693072080174, 42.9483921200407, -0.72327112756, -0.609603729342, -0.324441318593, 0.0735971702759, -0.535190728682, 0.841519067199, -0.68663114739, 0.584768481627, 0.431953111263,  
220, 2421431.9371138574, 83.303110670931, 103.71364527100954, 88.03041869305433, 63.31622161747632, -0.867616167655, 0.415589568621, 0.272997245549, 0.467847662151, 0.496348801576, 0.731270423437, -0.16840650416, -0.762183165405, 0.625072853138,  
240, 1480698.7968443953, 70.70650510763731, 119.31553896273822, 92.48374745161237, 32.03433314441226, -0.410553634178, 0.638346493347, 0.651121699758, 0.907017763754, 0.359210915715, 0.219741425923, 0.0936188533304, -0.680794589038, 0.726466955778,  
245, 1144667.2202664237, 64.89285459995016, 98.44099162852557, 78.99222319896512, 35.14231117547951, -0.405268439921, 0.818929168118, -0.406340385895, -0.225083110264, 0.34141283727, 0.912564993861, -0.886055915322, -0.461294149272, -0.0459632763169,  
266, 1684047.1423361842, 73.80546914016666, 133.6013271955509, 101.74971588637055, 29.574789198711354, -0.94277602619, -0.242017623887, 0.229348717392, 0.0248958196928, 0.634838050919, 0.772244033494, -0.332495958777, 0.733762985461, -0.592484867793,  
267, 1032339.5761577577, 62.696696138687244, 94.08343921705585, 92.34125743792812, 28.367757048439064, -0.43573132393, -0.10275958956, 0.894191634998, -0.674716472258, 0.694830631544, -0.24893387783, -0.595731395353, -0.711794113646, -0.372093058749,  
295, 1058271.4759656796, 63.21733161097713, 110.71009983142434, 59.71563773291163, 38.21493842604552, -0.999762996031, 0.0134950462745, 0.0170831933144, -0.00213520795895, -0.841696066542, 0.539947379339, 0.0216654714867, 0.539782933497, 0.841525395963,  
316, 2488666.5180129684, 84.06709336680647, 141.9943123719236, 91.44966425529049, 45.753574745926734, 0.801026755012, -0.578577462573, -0.153636771503, -0.498949744626, -0.503475805445, -0.705380227728, -0.33076470503, -0.641685462773, 0.691978667859,  
344, 1341954.9130782527, 68.42525718852582, 112.15690720878825, 69.7478627753432, 40.953628471095044, -0.454796972218, 0.816884489972, -0.354766746051, -0.0179087748811, 0.389878914815, 0.920691972141, 0.890415066047, 0.425081359066, -0.162686349555,  
347, 1424743.3824556547, 69.80438091052606, 99.39658588928086, 78.69358563479523, 43.48477603799929, -0.860731428134, -0.174605242188, 0.478178228303, 0.311139372113, -0.923903789494, 0.222697280808, -0.402906564532, -0.340462622264, -0.849559593612,  
354, 755100.4920870387, 56.49006155837674, 153.22603027176928, 67.23113793469705, 17.498995995146455, 0.674682792403, -0.532048202571, 0.511593432108, -0.348833725876, 0.380982100689, 0.856252106944, -0.650475334911, -0.75615960557, 0.0714457106995,  
402, 1580875.5392951958, 72.26638938785268, 94.65853894807844, 77.23309375363608, 51.62330932809655, -0.638738281815, 0.766336022854, -0.0688658654188, -0.535512166805, -0.378504056994, 0.754957878324, -0.552485408448, -0.519099006853, -0.652147295123,  
410, 2637406.2431580736, 85.70960103468585, 124.17900667703657, 96.24617432673293, 52.68133394666638, 0.856853598684, 0.4460020679, 0.258619538804, 0.413680592311, -0.894143271696, 0.171394799297, -0.307685355464, 0.0398743665774, 0.950652279713,  
429, 3358168.19413962, 92.89762510993384, 131.00433636680276, 92.80375449177109, 65.94207618424896, -0.681539996559, 0.252047820281, -0.687004460962, 0.713019632596, 0.439943583015, -0.545941981622, -0.164639717636, 0.861928964623, 0.479554192267,  
437, 451018.4891020418, 47.57388066204005, 101.55558153686009, 71.97840823467877, 14.72989668852063, -0.929134857664, 0.294019835901, 0.22418909958, 0.357646968899, 0.868496259615, 0.343224260029, 0.0937926538205, -0.399082175914, 0.912105451665,  
442, 3145135.961309011, 90.89017473406889, 130.1385876674911, 79.33846248151264, 72.72118478658122, 0.109342313958, -0.647227212529, 0.754414470792, 0.589110318426, 0.653503800655, 0.475270254965, -0.80062056625, 0.39246619968, 0.452743847011,  
444, 675077.5755539255, 54.419559773569986, 117.49592472967818, 63.31140465275332, 21.66508114558224, -0.980662638049, 0.117760239621, -0.156311600013, 0.121913482852, 0.992391333454, -0.0172204524902, 0.153094392559, -0.0359439459351, -0.987557663996,  
453, 1081877.7583170685, 63.68393069651594, 127.39917948749464, 89.08145566655314, 22.758081432810744, 0.260929520091, 0.827328561188, 0.497436666711, 0.797598808341, 0.105524744365, -0.59388607431, -0.543830788461, 0.551717300952, -0.632341753605,  
455, 786360.2026903802, 57.25907205707749, 75.48102957028966, 58.74616083993064, 42.33656430660042, -0.353806123218, 0.918154033392, -0.178365910813, -0.151401433418, 0.131965578596, 0.979623750235, 0.922983658107, 0.373601735853, 0.0923196069927,  
471, 1794110.506379851, 75.3795476119253, 119.29365016698864, 68.75147149696613, 52.222932446942664, 0.0714577106386, 0.605802054854, -0.792399940639, 0.382951902909, 0.716883480147, 0.582602708499, 0.921000345086, -0.345082520894, -0.180766197407,  
482, 2276186.5787769244, 81.60305470619033, 119.88632958223069, 113.26804583038233, 40.01678343792774, -0.0692608705268, -0.839742610818, 0.538549235809, 0.446519830797, -0.508845046265, -0.73600051603, 0.892089105706, 0.189496877201, 0.410204779363,  
483, 2344259.649281126, 82.4085680231757, 131.11268213533364, 92.77820389280149, 46.007267554274186, 0.0524221049847, 0.789799170948, 0.611121258409, -0.538633881772, -0.492950105682, 0.683281592548, 0.840907524236, -0.364989675029, 0.399571111076,  
491, 1414958.2787069278, 69.64420871868614, 126.87845459488031, 78.28129332037012, 34.01019740887304, -0.485845753505, -0.864331323162, 0.129943324581, -0.872932249374, 0.48733312347, -0.0222646529635, 0.0440816492865, 0.124248905713, 0.991271414712,  
500, 1309667.7791017748, 67.8720309004854, 107.03473415112451, 61.124860450056126, 47.78921737814421, 0.171998908966, -0.324846002309, -0.929995403267, -0.890761578723, 0.351857332587, -0.287646010533, -0.420666358514, -0.8778789736, 0.228841260542,  
502, 899325.881303705, 59.879223639298246, 91.13329726513197, 75.74835903157792, 31.10127333275174, 0.598462638898, 0.665612654035, 0.445872475751, 0.654871446171, -0.0858348007251, -0.750850035609, -0.461503909879, 0.74134484673, -0.487259642689,  
519, 1066140.7830829946, 63.37363951463513, 113.07473925192886, 65.40769121112947, 34.41371303957057, -0.296533521176, -0.696242233755, 0.653693064637, -0.954476814971, 0.239193274843, -0.178215002041, 0.032278173763, 0.676781596385, 0.735475893754,  
521, 1857954.873195387, 76.2632865878616, 101.23104047141369, 95.49232146611091, 45.88433059059194, -0.50762022235, -0.326995034425, -0.797117279529, 0.860012702587, -0.248101681266, -0.445896520666, 0.0519601890923, 0.911877076812, -0.407161313898,  
532, 373508.70849281724, 44.675632271234285, 94.68836687152054, 69.50112856347198, 13.549511559280026, 0.405676193902, -0.656141211989, 0.636321880522, -0.62300386044, 0.310907136923, 0.717776387245, -0.668799682699, -0.687615780898, -0.282650884099,  
553, 936617.0380575707, 60.69568467598306, 136.11579761519064, 79.14953617465177, 20.75470371232113, -0.967604090968, -0.22923975542, 0.105789686057, -0.0323153424394, 0.528020659297, 0.848616463427, -0.2503957703, 0.817706131743, -0.518322911248,  
562, 330068.8780149045, 42.87182676948699, 99.1317337393268, 39.34992853661455, 20.200369703834767, -0.961619594935, -0.0936216373961, 0.257920033437, -0.252276147384, 0.671345399415, -0.696887437213, 0.107909684912, 0.735207687457, 0.669197397041,  
573, 1124552.2588641536, 64.51049054335358, 128.81027378014153, 55.8476438997565, 37.319487739076294, -0.960938726311, -0.0846499692227, -0.263497906987, -0.219826154464, 0.811883510049, 0.540852685973, -0.168146442394, -0.577650022783, 0.798778583269,  
575, 1679475.3068631361, 73.73861980992353, 112.78876279227968, 90.83287985801417, 39.135969511085314, -0.409470989264, -0.728227741132, 0.549561521576, -0.88814167545, 0.180412392166, -0.422676866036, -0.208657310632, 0.66116240501, 0.720643046814,  
577, 3064052.1279214555, 90.10229369237217, 131.77789442701456, 88.91053916435528, 62.432644694525905, 0.849396309268, 0.1012683316, 0.517948486643, 0.219664978795, -0.9602042646, -0.172496571951, 0.47986790567, 0.260293094912, -0.837839064409,  
589, 737433.3905214028, 56.046013834445645, 107.76257243060383, 57.72803015858337, 28.299548100619848, -0.999615173123, 0.0190421274712, 0.020171837871, 0.0267957773148, 0.474724710631, 0.879726341219, -0.00717579123307, -0.879928318954, 0.475052272411,  
591, 2358982.2455942, 82.58072429705383, 127.03140927965462, 76.00375583913765, 58.329720133781485, 0.493806142357, 0.178873114579, -0.850975853154, 0.731508737685, 0.443667562455, 0.51773937528, -0.470160037073, 0.878159155795, -0.0882385212536,  
594, 2060165.7975551346, 78.93528618001626, 102.21607462109469, 79.19953543792828, 60.75355986066824, 0.425935220335, -0.895121000603, 0.131672253561, -0.30512824148, -0.00510958696085, 0.952297562935, -0.851748756576, -0.445793995474, -0.275303049874,  
597, 3847226.588494372, 97.20450329445784, 122.23858437181276, 97.37643810053311, 77.16084230811127, 0.065775629237, -0.856463865869, 0.511999231503, 0.865395392945, -0.206479331674, -0.456571023458, 0.496753842933, 0.473113022493, 0.727598575781,  
598, 989050.1775181971, 61.807793332004465, 108.52163795485981, 95.18481654406416, 22.85839318165301, 0.359681358512, -0.859401987948, -0.363397225428, -0.715610252824, -0.50399867024, 0.483618968249, -0.598774821108, 0.0861020528619, -0.796275800273,  
616, 3711731.3629089235, 96.0496918214607, 130.75098326940295, 92.27368452003607, 73.44548469488, -0.424223262241, 0.9055277906, 0.00735147777719, 0.00147299343028, -0.00742814187829, 0.999971326088, 0.905556433395, 0.424221926779, 0.00181735409351,  
641, 2449721.553003952, 83.6262658295137, 121.83965433692458, 82.75295380466278, 58.00373385140705, -0.857058617417, -0.488145034414, -0.164817934974, -0.497334803941, 0.700281733496, 0.512116770396, 0.134568269294, -0.520883786568, 0.842954009297,  
645, 3307801.386068515, 92.4308482249078, 111.4548206777521, 91.78140076945948, 77.19644064722996, -0.885075859402, 0.196619912949, -0.421878339022, -0.0352458559596, 0.875479496881, 0.481968235653, 0.46411038853, 0.441447913545, -0.76793573096,  
647, 462126.6149165149, 47.96128281923866, 119.5480064074098, 64.93299743333442, 14.212307079574295, 0.833715771785, 0.0885320353189, 0.54505053949, -0.241666300348, -0.829015652046, 0.504311855838, 0.496503183426, -0.552173095491, -0.66976821473,  
650, 1709199.6953850775, 74.17110214928591, 108.18171226271825, 75.58653182108685, 49.900618387081366, -0.941274831381, -0.203743920579, -0.269239868214, -0.330758448803, 0.396228539509, 0.856505570924, 0.0678272832575, -0.895260498015, 0.440349974838,  
652, 3529205.525373268, 94.44872807564782, 108.9675543342056, 103.3748454989586, 74.79563679123244, -0.910157955193, -0.190370779383, 0.367928611223, -0.0328659685513, 0.918539067838, 0.393961684643, 0.412955596536, -0.346475031154, 0.842272359796,  
657, 1989697.2649806784, 78.02482403316996, 127.78230703662062, 86.61661140507904, 42.9167157311699, -0.145359637476, 0.972734135522, -0.180717673135, 0.624847654429, 0.231878361161, 0.74551850036, 0.767095811843, -0.00455271522856, -0.641516397481,  
668, 1235500.9792071548, 66.5658519712661, 102.05846055525862, 77.7866900007215, 37.153538291368974, -0.675869342683, -0.0577522348468, 0.734755272857, -0.730918331211, -0.075508450689, -0.678274919906, -0.0946521247542, 0.995471322161, -0.00882167981623,  
670, 2611288.841916953, 85.42574360717691, 100.99207493546834, 85.24321422460038, 72.41344206528333, 0.239272921223, 0.0779012186648, -0.967822230216, 0.367057430286, 0.915548006417, 0.164440538849, 0.898897831815, -0.394592508895, 0.190471624876,  
675, 1557534.6764482337, 71.90896507689922, 108.57349148121415, 84.42564144068231, 40.56494973554039, -0.907083136994, -0.0511071812956, -0.417837574425, -0.399374277501, -0.209231589381, 0.892593036313, 0.13304273393, -0.976529670837, -0.169379552849,  
678, 1568763.9675893993, 72.08136442157206, 121.14566466569107, 115.17642491832288, 26.840927895590504, 0.258956752397, -0.608323416393, 0.750255970624, -0.962678966114, -0.225824204386, 0.149173177598, 0.0786804206209, -0.760885043737, -0.644098860136,  
681, 3961522.8979472816, 98.15773318398725, 118.76511311289448, 98.67324916681306, 80.70217609023548, 0.271273437953, -0.36233073302, -0.891699030935, 0.880400027715, 0.467815674519, 0.0777450054558, -0.38898137881, 0.806142006462, -0.445901953748,  
685, 1063413.9368265253, 63.31956356921876, 96.3144511889836, 73.52129698237658, 35.85164804832206, 0.328418600676, 0.673868591669, 0.661847674236, 0.661056487597, 0.33650838466, -0.670646275811, -0.674644753137, 0.657771410305, -0.334949591505,  
686, 3660438.2769212527, 95.60519528504696, 110.91222304983441, 98.04119558929102, 80.36306089924776, 0.0523292069311, 0.992206987188, -0.113079391039, -0.234376457683, 0.122274275166, 0.96442556878, 0.970736488541, -0.0239644780498, 0.238948474793,  
687, 2100010.3832542314, 79.4409222925335, 100.83572582179923, 90.88271069991397, 54.70627346006817, 0.335653725262, -0.597529427785, 0.728213677191, -0.661889644948, 0.400453030062, 0.633671420079, -0.670252694607, -0.694691264984, -0.26108498947,  
688, 2268967.809513893, 81.51669718998201, 110.05960659188396, 97.00669691527531, 50.7352788873588, -0.602763254959, -0.184732721869, 0.776241122295, 0.345258208666, -0.937427996821, 0.0450057788038, -0.719356120305, -0.2951314491, -0.628827639288,  
689, 3172356.2209665375, 91.15163146130027, 108.5627753121977, 94.61346062111885, 73.73258730809108, -0.37157293187, -0.852314677947, -0.368094072293, -0.905059023095, 0.244190644106, 0.348194046538, 0.206885768034, -0.462526344208, 0.862129723359,  
690, 1567920.8127138622, 72.0684483835054, 112.71455384766534, 72.58692866832622, 45.750632091155495, 0.132244763276, -0.66540920318, 0.734671297186, -0.309812104562, 0.676299280185, 0.668308120172, -0.941556043182, -0.31599030989, -0.116714787421,  
691, 3179050.0025376896, 91.21569745573106, 103.01280017285974, 86.85574486509796, 84.82405066961823, -0.935828442153, 0.146268908688, -0.320672002533, 0.313141182518, 0.762622689759, -0.565994021943, -0.161764417189, 0.630088913897, 0.75948682274,  
692, 2984691.955377522, 89.31758430592258, 113.32249209286043, 86.82229030531231, 72.42083888214415, -0.266794798749, -0.1907017954, 0.94469749687, -0.142958197554, 0.977214244084, 0.156892558498, -0.953091542882, -0.093194132816, -0.287978062526,  
693, 3606569.208273197, 95.13388235536597, 103.88382198768238, 95.0344410041507, 87.21209462062441, 0.498235519769, 0.76705682402, -0.404209346212, 0.707822812914, -0.0905942567774, 0.700556597397, -0.500747673343, 0.635150776873, 0.588077595457,  
694, 4064109.5131541765, 98.9978123322969, 108.34844552245909, 97.00292341643005, 92.31436463835999, -0.758774369111, 0.338527589308, -0.556471497974, 0.650859828014, 0.360800509743, -0.667985386403, 0.0253562824253, 0.869035133609, 0.49410018771,  
695, 3613571.0851523546, 95.19540759688644, 119.43421824109754, 107.2091122956552, 67.37325376165434, -0.535812404824, -0.375792883613, 0.756098390067, 0.438388851679, -0.88914973335, -0.13125534811, -0.72160950767, -0.261136861261, -0.641160867591,  
696, 4347227.283584504, 101.24523182795632, 115.64333311137445, 101.3426407171561, 88.5545581070055, 0.130691157829, 0.429452490493, 0.89358288909, -0.298686354384, -0.842381946535, 0.448529952018, 0.945360398457, -0.325519914232, 0.0181797268394,  
697, 4094948.1447092183, 99.24758147606914, 111.76123556830021, 94.95540960443775, 92.11893137707644, -0.17326919228, 0.929415137542, -0.325830153782, 0.983383957518, 0.145070119791, -0.109135935605, 0.0541643711609, 0.339326041516, 0.939108118613,  
698, 1048270.5378962515, 63.01756096540088, 127.94672246106043, 50.86920819062042, 38.45037924506613, -0.670535215895, -0.516186724895, -0.532854379064, 0.0272095105058, -0.734879082799, 0.677652105584, -0.741378558351, 0.439890894094, 0.506807492555,  
699, 3247887.991628818, 91.86938548919287, 111.3224052777987, 88.62506369454668, 78.59108645932669, 0.392728832503, -0.91279622086, -0.112103181507, -0.79167376838, -0.273524154482, -0.546294042961, -0.467992209957, -0.303294569846, 0.830057645782,  
700, 3282326.207635092, 92.1929496939614, 114.37394859462584, 92.20919630141313, 74.3005074051877, 0.598592086854, -0.79731952498, -0.0772598773053, -0.606410119551, -0.388012118553, -0.694055734622, -0.523406419966, -0.462307442014, 0.715763612233,  
701, 1971432.2422942626, 77.78533896664402, 108.51372181518234, 78.05514233061784, 55.56573540572198, 0.771512256636, -0.119836800771, 0.624826359113, -0.253763093192, 0.842632302353, 0.47494746611, -0.583415058423, -0.524985660958, 0.619690991861,  
702, 3366493.815176883, 92.97433281577979, 107.62021763907282, 91.88803936536152, 81.27114167705805, -0.398175353399, 0.916858177121, 0.0287657955273, -0.114531198652, -0.0808034668656, 0.990127973687, 0.910131305077, 0.390949974792, 0.137182814995,  
703, 2882219.1552222506, 88.28348397831301, 102.8476762771117, 85.25006479982862, 78.47822818056851, -0.314952735324, -0.479426167474, -0.819118626606, -0.928167517829, 0.335871197518, 0.160298463889, -0.198267075833, -0.810765742134, 0.550771348221,  
704, 3437602.558453139, 93.6243936828724, 97.88580395202658, 94.37335585515618, 88.83783045871147, 0.615116939006, 0.422099406452, -0.665930358537, -0.341257623596, 0.903941883793, 0.257744650888, -0.710756206927, -0.0687107109356, -0.700074604965,  
705, 2811172.245512161, 87.55204253741736, 111.51787923902445, 80.03638644350725, 75.19117523422224, -0.795037958395, -0.586017601153, -0.156518420159, 0.229786805659, -0.529798318936, 0.816401718027, -0.561348972259, 0.613104487336, 0.555868886477,  
706, 2370861.02722774, 82.71910550326791, 106.83169951514778, 76.84251805371281, 68.9470617818692, 0.0813917970085, -0.931424205186, -0.354717247075, -0.902652767258, -0.219790999363, 0.37001337592, 0.422603072801, -0.290070451083, 0.858641820707,  
707, 3423632.7793640443, 93.49739744157974, 103.48979900954883, 93.93738642079363, 84.07416258137299, 0.533987606812, -0.724794117448, 0.43535126402, 0.413464613024, 0.672993986565, 0.613291209642, -0.73749864376, -0.147487563408, 0.659047167577,  
708, 3566964.851087399, 94.78437269587286, 116.80666592758494, 91.81015121184754, 79.40573865162578, 0.18748528759, -0.735529086854, -0.651034737422, -0.66268051114, -0.583945921283, 0.468894125759, -0.725054347682, 0.343517282548, -0.596902060223,  
709, 3342755.212552034, 92.75528306902545, 102.57502108896878, 99.7509872642701, 77.99327332158857, 0.660576291288, 0.511114481414, 0.549909947425, -0.440746151282, -0.328948924709, 0.835185868573, -0.607767877992, 0.794074676477, -0.00797587983996,  
710, 3878689.504457733, 97.46876618755884, 103.29789287118636, 97.19017827312261, 92.2321992375307, 0.868292059782, 0.494440451959, 0.0399692179847, -0.301923678636, 0.462838291439, 0.83344034475, 0.393587336177, -0.735737286974, 0.551162093541,  
711, 2384956.178801845, 82.88270786183162, 109.59154763227083, 85.4087789419374, 60.82921633284951, -0.959404836224, -0.136136180349, 0.247000608562, -0.273568490836, 0.236256952178, -0.932385614094, -0.06857580515, 0.962106851107, 0.263908631918,  
712, 2909748.2974728327, 88.56366988998306, 109.12019401022512, 86.3342880684338, 73.73579582351687, 0.49141600199, 0.584264852797, 0.645867552038, 0.762550815473, -0.646908914217, 0.00501104053623, -0.420745251678, -0.490044322988, 0.763433032229,  
713, 2695809.7080379347, 86.33764688625166, 106.40022050547262, 81.75113338796602, 73.98851541539366, -0.0736059506267, -0.73109165595, 0.678297246517, -0.543555531743, -0.540831181805, -0.641910442896, 0.836139670117, -0.415940648877, -0.357580520537,  
714, 3458739.1423262754, 93.81588933192168, 107.42487861358639, 94.21379515191855, 81.58490822820248, 0.36094016242, -0.47059504724, -0.805147502427, -0.881527013854, 0.109595813987, -0.459237282242, -0.304355586439, -0.875516452769, 0.375284715827,  
715, 3934836.708212429, 97.93682825046194, 118.21708971775341, 109.03334090964557, 72.87834837558707, -0.645177348791, -0.681868382605, -0.344676221127, -0.124070884602, -0.351636572724, 0.927878298225, 0.753891639561, -0.641410344106, -0.142267938317,  
716, 3748214.318022595, 96.36336016821444, 103.80310061451796, 101.72007256471124, 84.74592386471807, -0.600063251897, -0.618567886086, 0.507245368659, 0.786321580361, -0.339537822246, 0.516151566425, -0.147045795524, 0.708581567336, 0.690137447507,  
717, 3345922.918280963, 92.7845731466283, 101.27697747119902, 90.91372598139263, 86.753525663137, 0.273870182276, 0.943585187372, 0.186123930307, 0.360898580899, -0.280207141553, 0.88951457106, 0.891486027689, -0.176439655394, -0.417278936012,  
718, 3000778.8412552574, 89.47776477347507, 118.93589533044185, 88.67550259910038, 67.92486355875829, 0.616695817138, 0.31795875547, 0.720130890147, 0.706092449086, -0.627858242389, -0.327456074624, -0.348022589019, -0.710419775404, 0.611705828195,  
719, 2924649.202643753, 88.7145915957579, 98.20883056522266, 88.69923452608771, 80.15207338019073, -0.474274125488, -0.29030571838, -0.831135755319, -0.866872188788, -0.0107315158413, 0.498414930427, 0.153612050953, -0.956873776652, 0.246568273219,  
720, 1378061.1765531925, 69.03351114606293, 120.2793574673776, 57.26359794134781, 47.765041256275175, -0.434296899498, -0.620836133492, -0.652647453405, 0.36766086661, -0.783618235975, 0.500767358573, -0.822320916826, -0.0224712171118, 0.568580121137,  
721, 4132856.2334816596, 99.55289555439326, 104.98957696497422, 98.09851317265154, 95.79725787336898, -0.831132486619, -0.0191736917185, 0.555743789198, 0.536583676954, -0.289933463478, 0.792474948741, -0.145934051247, -0.956854720583, -0.251261410457,  
722, 3832881.6018620394, 97.08353875516073, 103.77822446484917, 98.96457586092883, 89.0944786696574, 0.956799620903, -0.275433805326, -0.0931166167931, -0.258220438594, -0.952193491205, 0.163247543315, 0.133628928499, 0.132150573928, 0.982181009427,  
723, 3078308.6912282873, 90.24182155338409, 131.85433409313478, 92.85776304046172, 60.02206491712059, -0.665659502768, -0.415878149663, 0.619631173366, 0.178642048458, 0.717375788147, 0.673393642013, -0.724558103189, 0.558943059009, -0.403234685871,  
724, 2424551.6993152467, 83.33887110395163, 107.74133583686408, 96.68284355684084, 55.56624748870535, -0.712678002355, 0.67797338258, -0.180117066019, 0.519887020582, 0.682854764452, 0.513251260588, -0.470964489945, -0.272142358293, 0.839125131332,  
725, 3425836.6259960243, 93.51745505680313, 105.79902107857022, 94.05549376732046, 82.18872093894888, 0.454168566114, 0.690258854927, 0.563270473883, 0.834478249809, -0.108139517872, -0.540325730713, 0.312052822693, -0.715435921567, 0.625119570947,  
726, 2672856.2938872445, 86.09190809860577, 109.08116544893358, 93.68891860690066, 62.43800305710749, 0.82129748355, 0.551713692384, 0.145197951606, -0.435702016848, 0.442287366405, 0.783929612933, -0.368285481697, 0.707102458739, -0.603632269528,  
727, 3520888.551392109, 94.37447666323995, 98.67061974817337, 94.68880882629273, 89.96574067785279, 0.833615231421, -0.00794869961215, 0.552288388541, -0.189369986714, -0.943406935176, 0.272254224566, -0.518868628917, 0.331542113218, 0.787943635731,  
728, 3404481.963494556, 93.32273886670946, 108.47723989281985, 96.92379463848184, 77.30247397156084, -0.998360038087, -0.0215741707451, -0.0530263095877, -0.0182343626507, -0.758185651055, 0.651783726824, -0.0542654804692, 0.651681727296, 0.756548864211,  
729, 2594051.9604831063, 85.23736597388361, 105.26569346750381, 85.08258704088415, 69.14527674744028, -0.0617406663021, 0.735655818474, 0.674535845504, 0.718287512239, -0.436493724207, 0.541789884078, 0.693001543928, 0.517961142822, -0.501462974347,  
730, 3782527.6105365832, 96.65652244882936, 114.78590118808901, 97.9415813940049, 80.32261468541483, -0.241297904579, -0.255771699873, -0.936138963397, 0.00324159932332, -0.964850163906, 0.262780618092, 0.970445677655, -0.0603738250793, -0.233645432153,  
731, 2266035.6285873214, 81.48156745095179, 102.7125910167007, 80.94414689454948, 65.06822947290786, 0.258343051984, 0.207974244916, 0.943401071095, -0.859091575561, 0.496098165081, 0.125889933684, 0.441837676406, 0.842990702235, -0.306832435791,  
732, 1640380.3625896105, 73.1619576036286, 79.73411998111044, 78.58055277620882, 62.50239618709829, 0.743318243746, -0.476092162731, 0.469908758271, -0.00961874012194, 0.694790263384, 0.719148086103, 0.668868797562, 0.539075822583, -0.511870871563,  
733, 1780059.2238959023, 75.18224342615163, 117.59396385106515, 106.09954322925503, 34.060208215084806, 0.604531593391, 0.795966116652, 0.0312968646028, 0.779646462294, -0.583164656626, -0.228189344833, -0.163379761368, 0.162348157995, -0.973113626033,  
734, 613794.1434472217, 52.72032072785396, 121.38155829165798, 66.66946079043589, 18.10733263237817, -0.312885329562, -0.67067044762, -0.672535442363, -0.935404590177, 0.340365094895, 0.0957593590867, -0.164684617437, -0.659054438469, 0.733843460088,  
735, 3610716.6412277864, 95.1703353044572, 101.66330608309175, 94.74869873820073, 89.48851787710731, 0.765830045654, 0.0461236027045, 0.641386743274, -0.368268307733, 0.849114837991, 0.37865874534, -0.527145895074, -0.526190654779, 0.667263516259,  
736, 1806756.8847518736, 75.5562456052657, 103.1269914355026, 84.89018830864897, 49.26985270663485, -0.901812158345, 0.190304744869, -0.387967698581, 0.400426819696, 0.0304803393332, -0.915821658939, 0.162459820047, 0.981251778594, 0.103690664362,  
737, 4003657.092948674, 98.50450391016494, 103.58119592766333, 100.58287930579056, 91.7409598752578, -0.31534195065, -0.637848093111, -0.702644479289, -0.945986368726, 0.152539359502, 0.286079593798, 0.0752943845537, -0.754904996617, 0.651497660577,  
738, 1083858.4550088842, 63.72277108309638, 99.99116516216006, 67.39426402991552, 38.397185898107274, -0.142008531481, -0.0137464750553, -0.989769979041, -0.98745299996, -0.0677993693071, 0.14261773519, 0.0690662714773, -0.997604270212, 0.0039459091616,  
739, 3265109.818028597, 92.03147752891043, 112.53087636723585, 89.73971398124385, 77.18853555391748, -0.704255276297, -0.694689277145, -0.1463943784, 0.0912582145105, -0.293075127248, 0.951724176468, -0.70405713127, 0.65689708327, 0.269795807788,  
740, 3098595.2681096816, 90.43962397859812, 112.92823512266209, 85.75276757252814, 76.38807359151446, -0.842915173867, 0.408151314444, 0.350580253554, -0.067891663247, -0.727054864135, 0.683214422124, 0.533745943053, 0.552090326898, 0.640555648808,  
741, 2013291.3772972438, 78.33202275466668, 114.32445073585563, 86.92856252194592, 48.36335300455955, 0.199078818714, -0.65908815249, -0.725238189277, 0.0553869214268, -0.731301267373, 0.679801989754, 0.978417044452, 0.175502887685, 0.109081728717,  
742, 2982068.2063338067, 89.29140453790635, 102.20673559546508, 87.31000464774877, 79.77842063267292, 0.403187235961, 0.839801840978, 0.363555938816, 0.65558002067, -0.54224819459, 0.525529953439, 0.638478573843, 0.0264530405419, -0.769184859049,  
743, 3535622.7699828325, 94.50593959201605, 108.31112648055627, 101.94784876235272, 76.44096731406982, -0.104609896781, -0.402017668705, 0.909636500776, 0.80593906882, -0.570162550804, -0.15930123355, 0.582682578121, 0.716447108801, 0.383646391154,  
744, 3353583.306657526, 92.85532832602065, 106.03700867507214, 98.71559567358314, 76.48517270226523, -0.559384546966, 0.787943528102, -0.257359525057, -0.1990402853, 0.173713037478, 0.964472262659, -0.804656382217, -0.590735793001, -0.0596601158621,  
745, 2782165.402031063, 87.24986803476412, 104.37318245385873, 91.02405241808178, 69.91160039460294, -0.582987652837, 0.704809312864, -0.404189595537, -0.554070828936, 0.0189720508112, 0.832253313487, -0.594248191552, -0.709143070042, -0.379453808848,  
746, 1869583.104763428, 76.42205676982006, 120.90728225216534, 74.16283745695894, 49.77569913436894, 0.711733083021, -0.52960144335, 0.461474083493, -0.351678544094, 0.300043138366, 0.886733509428, -0.608077478746, -0.793408108303, 0.0273011633614,  
747, 3192536.9985220083, 91.34450848469301, 111.4968662179478, 94.56113598206674, 72.28896184640371, 0.894403630123, 0.445719100968, -0.037102957507, 0.232426325936, -0.39231434186, 0.889981719016, 0.382125829322, -0.804626584325, -0.454484224546,  
748, 3127062.3880807045, 90.71573956885449, 111.03392039315055, 86.11411137579191, 78.07606879449585, -0.3540617342, 0.889837762842, 0.287800354753, -0.0895392371162, -0.338574398833, 0.936669686427, 0.930925890386, 0.305869469343, 0.199551633249,  
749, 3461088.255965547, 93.83712388217232, 112.09594277408792, 100.01946352832246, 73.69697291508834, -0.531786456402, -0.163425377105, -0.830960474936, -0.846704939197, 0.0827367876595, 0.5255904964, 0.0171438247088, -0.983080246005, 0.182371377109,  
750, 2776913.0549177104, 87.19492818149591, 135.06821630096834, 80.85890250214656, 60.70055555221686, 0.02504837716, -0.420934137599, 0.906745295331, -0.977637609494, -0.199761346252, -0.0657275364411, -0.208799624771, 0.884821934825, 0.41652474158,  
751, 987900.6322444887, 61.783838227429506, 108.99069046399224, 58.173601588971756, 37.197118471383135, 0.652631840853, 0.410849106493, -0.636611884902, 0.67543818894, 0.0652209342179, 0.734526706567, -0.343300062956, 0.909367495259, 0.234937918057,  
752, 3078416.5687962794, 90.24287569874973, 103.6248092835078, 92.47743012569067, 76.69009605632483, -0.899779865784, -0.114912067221, 0.420941100318, -0.394326988984, -0.198897625368, -0.897187806639, -0.18682189082, 0.973259960869, -0.133651149193,  
753, 1723771.7059937182, 74.381291161925, 109.31926177471502, 86.44252850587799, 43.54787689276798, -0.160072459107, -0.52770427089, 0.83420921256, 0.957276180991, -0.289174227311, 0.000761292902591, 0.240830066941, 0.798690471174, 0.551447558806,  
754, 2270325.423987552, 81.53295218522737, 120.41876505939524, 90.93701998081468, 49.4953746587068, 0.104607889434, -0.849901067435, 0.516454610824, -0.0779064587362, 0.510704912593, 0.856219058385, 0.991457398558, 0.129802418418, 0.0127890194101,  
755, 4175063.8694267706, 99.89064976269003, 114.13963982486054, 113.93708498738552, 76.64307353493584, -0.108898254552, 0.0906521030234, 0.989910787078, 0.991952103766, -0.0547982702316, 0.114141024234, 0.0645925227035, 0.994373846095, -0.0839551083243,  
756, 3611132.859455863, 95.17399202142029, 106.42237551986135, 102.20360709836528, 79.26029514986324, -0.98159114423, 0.188728922501, -0.0293294967725, 0.190879418205, 0.974690568074, -0.116375874702, -0.00662369043291, 0.11983192529, 0.992772096912,  
757, 1567720.1113803654, 72.06537321738226, 105.6956992072836, 80.67290198985604, 43.892965584703404, -0.898316202204, 0.124289804075, -0.421402474435, 0.437074677493, 0.15533471033, -0.88591018397, 0.0446511718947, 0.980011822566, 0.193863613086,  
758, 1965703.1437147018, 77.70991626143456, 109.25694363972451, 86.53459502686506, 49.635283868267976, 0.571378107031, 0.698754442275, 0.4304291907, -0.315519657668, -0.297130922342, 0.901199512102, -0.757610984893, 0.650734542182, -0.0506966584721,  
759, 3957185.7456530044, 98.1218984383407, 108.91315265055057, 103.83165263555018, 83.53870347113758, 0.962514520081, -0.117542648046, 0.24443715864, -0.0314840823354, 0.846705290167, 0.531129837387, 0.269396642877, 0.518916060161, -0.811265413606,  
760, 1772647.8957466835, 75.07775713158954, 98.81645306448459, 70.14554969833947, 61.052645322934396, 0.473149175553, 0.0440832860862, 0.879878697072, 0.670868502374, 0.629323180597, -0.392285338607, 0.57102128699, -0.775892388319, -0.26818965594,  
761, 3909993.399929643, 97.73027894166297, 109.57650908506844, 105.10732949725809, 81.04700163780147, -0.820251777024, -0.360983921259, -0.44370894839, -0.570184265229, 0.577808778358, 0.583975101642, -0.0455733033075, -0.732002475573, 0.67977602913,  
762, 2682034.618013257, 86.19033921571976, 105.40158265338985, 103.26994688800653, 58.824017766011, -0.344047969255, 0.0618179772549, 0.93691490144, 0.0640903730429, 0.997049293488, -0.0422508039864, 0.936762199779, -0.0455109222318, 0.346994721895,  
763, 2125053.7617968195, 79.75546243452985, 99.81053942598737, 84.79521235920237, 59.94232410538214, -0.134575898226, 0.546412450005, 0.826633390383, 0.498420164048, -0.683682034456, 0.533063050523, 0.85642668553, 0.483748188877, -0.180335859081,  
764, 3811945.673652228, 96.90645302037146, 106.05949734320336, 100.04078859377431, 85.76921245062304, 0.602291287912, 0.522807837524, 0.603255476169, 0.157216280055, -0.818582301749, 0.552454574195, -0.782641837491, 0.237896995118, 0.575218892182,  
766, 2501785.441843813, 84.2145535331398, 114.38499244809618, 85.62382627183774, 60.981453637319724, -0.263253639465, 0.239455706298, -0.934536508666, 0.098802349043, 0.970304369251, 0.220788420973, 0.95965390487, -0.0342110469498, -0.279094942869,  
767, 2864902.093120852, 88.1063192575253, 117.92346687545233, 98.83396380123375, 58.68332639633677, 0.689643977808, 0.716705321407, 0.103559963986, -0.43747223885, 0.298381762043, 0.848284365243, -0.577069514104, 0.630318813259, -0.519315866832,  
768, 172903.56308033125, 34.55984435480966, 121.12312342984765, 45.20133047141351, 7.539404665293657, -0.250429859353, 0.849328108349, 0.464679082714, 0.94447340176, 0.108861979339, 0.310030744963, -0.212731941448, -0.516517989834, 0.829430097878,  
769, 3190952.612335684, 91.32939522467561, 108.48862193011183, 87.13957627239277, 80.58089912678903, 0.368729263228, -0.64255712763, -0.671683756072, 0.610440947533, -0.37755086764, 0.696288152936, -0.700999700438, -0.666765086126, 0.253029128579,  
770, 3342696.632018158, 92.75474123198809, 108.09146545488277, 93.04604564359734, 79.3449021362756, -0.641010348592, 0.346402179871, 0.684916975099, 0.751367494622, 0.465384566756, 0.467829128048, 0.156692759957, -0.814507664056, 0.558591661387,  
771, 3527534.9561003554, 94.4338231115089, 102.9158086323935, 95.01672988476818, 86.11931097802528, 0.579049114109, -0.762194780368, 0.289415342076, -0.763675302533, -0.382762057138, 0.519897335939, 0.28548582408, 0.522065440721, 0.803707359587,  
772, 2963293.275767786, 89.10361869951917, 97.94369517508612, 89.76807728073882, 80.46140616204937, 0.484565315553, -0.63963446514, 0.596711157905, -0.714827320381, 0.103640401172, 0.691578317533, -0.504200711027, -0.761660303712, -0.407007647041,  
773, 2694574.907911504, 86.32446271893181, 103.10463482804359, 83.21113936997864, 74.97940589384531, -0.0561275657737, 0.0206555953846, 0.998209919175, -0.361403338671, -0.932409015366, -0.00102706483682, 0.930718713231, -0.360814044134, 0.0597988494722,  
774, 2938315.6764421044, 88.85256051243037, 120.7809967088453, 89.17905817870891, 65.12509236342477, 0.373263445666, 0.49690522505, -0.783428106113, 0.24853112605, 0.760036222482, 0.600480823923, 0.893815797306, -0.418843810786, 0.160197324112,  
775, 3283407.9984961725, 92.20307691567277, 98.89207577872835, 89.95412198724074, 88.11577810760336, -0.239429827203, 0.567023129277, -0.78813585676, -0.0305540107697, 0.806944202896, 0.589836846796, 0.97043279534, 0.165305245761, -0.175881680263,  
776, 1841637.4871747757, 76.03937042548743, 112.09195956525981, 79.61479933027353, 49.265996428036175, 0.228817394815, 0.179692758076, 0.956740880555, -0.862623261994, -0.418039395068, 0.28482305391, 0.451136019064, -0.890479408446, 0.0593524678194,  
777, 2560747.9677425614, 84.87101755311114, 100.5474117287409, 94.16264243851661, 64.56968897679779, 0.995112843398, -0.0705363412703, -0.0691017616644, -0.0209231346499, -0.834536867351, 0.550554665287, 0.0965020794665, 0.546418192956, 0.831934196356,  
778, 3194942.2533607404, 91.36744235291552, 101.42799335745107, 93.95506611830402, 80.03802575075984, 0.150278326041, 0.0448222798744, 0.987627150269, -0.748921184118, -0.646975104973, 0.143318782877, 0.645394053817, -0.761192601627, -0.0636579808472,  
779, 3476862.1926904554, 93.97946233915593, 112.3861313765597, 92.33309600445659, 79.98872020138799, -0.880480950554, -0.178289732643, 0.43927903085, 0.144950671468, 0.780974860337, 0.607509317099, -0.451378553491, 0.598574171474, -0.661790270927,  
780, 2240427.172797415, 81.17346298009637, 111.07606172673422, 83.44443101441097, 57.70645439855684, 0.536091648218, 0.159458363683, -0.828962468971, 0.344022150846, -0.938019787804, 0.0420432802561, -0.770879046568, -0.307720502955, -0.55772178335,  
