# Void_ID, Void_Volume, r = (a*b*c)**(1/3.0), a, b, c, vector_a, vector_b, vector_c 

1, 1026554.5071364058, 62.579362542396915, 117.41475202962268, 76.7490770697842, 27.195533189494483, 0.409163334154, 0.89944910297, 0.153546986786, 0.734860900066, -0.225072714221, -0.639782565304, 0.540892617382, -0.374611244466, 0.75306147955,  
2, 1763872.3533825753, 74.9536606212983, 128.41989372687667, 111.41275881602112, 29.431426301734223, -0.554177181808, 0.218031737907, 0.803336674396, 0.716309926461, 0.616515996832, 0.326815108133, -0.424013844606, 0.756551509757, -0.49783739581,  
3, 1870691.5813411628, 76.4371573419405, 99.56831576575574, 90.25162111047997, 49.69782815630145, -0.010520155243, 0.842252842337, 0.53898003294, 0.647889012209, -0.40482476181, 0.645257111611, 0.761662099748, 0.355987446128, -0.541427542711,  
5, 1285352.0423261449, 67.4493591252446, 141.34129335543608, 89.18905395187366, 24.34180978105176, 0.0637167206627, 0.986216296675, 0.152701000913, -0.990921052777, 0.0443701763586, 0.126912389516, -0.11838769645, 0.159401077856, -0.980089613101,  
6, 1550683.9318076926, 71.80338069735419, 133.5754027299692, 81.94140818003046, 33.82242653028766, 0.372701931849, 0.707132293125, -0.600880345839, 0.806508804864, 0.0734184200573, 0.586645790297, -0.45895186858, 0.703259308944, 0.54294523362,  
7, 1337847.6804962798, 68.35537762945313, 103.41511305052434, 69.41985012671043, 44.4887678650473, -0.147326635673, -0.725424891809, -0.672349305618, -0.1022464711, -0.66495516936, 0.739851526922, -0.983788860259, 0.177745180205, 0.0237934727396,  
8, 1344213.783192817, 68.4636283548377, 114.50643120616968, 79.52029894635324, 35.24291735979825, 0.539405757, -0.83221052136, 0.128324110957, 0.223220187289, 0.288265625114, 0.931168984322, -0.81192005598, -0.473633378802, 0.341258326174,  
9, 204944.37385587953, 36.57484242591329, 81.06081739771045, 50.044233358742126, 12.060973741148935, -0.970116408369, 0.134348295218, 0.202051205847, 0.221575039386, 0.151142585363, 0.963358926263, -0.0988870877991, -0.979339805411, 0.176394130869,  
10, 1707077.2348947404, 74.14038788340694, 108.60028066786988, 62.20019263631526, 60.3311889519658, 0.872380564889, -0.469113811933, 0.13742045502, -0.370557815273, -0.451296914149, 0.81179923677, 0.318808807194, 0.759120100336, 0.567536446162,  
11, 1579025.5240403195, 72.23818853648085, 123.66864306711463, 96.66868418328204, 31.532262847194847, -0.116515015347, -0.0613334528505, 0.991293326297, 0.134363329916, 0.987942289963, 0.0769189656432, 0.984058304559, -0.142155686708, 0.106869144117,  
12, 1417888.3375505772, 69.69224804709621, 147.08988960923412, 58.996343848244585, 39.00726501002159, 0.68036526322, 0.0702707192252, 0.729496493908, 0.449661579093, -0.826036145781, -0.339806930698, 0.578711994771, 0.559219377241, -0.593604342324,  
13, 1378710.2362248877, 69.044347586922, 116.02143125634053, 104.22274329871881, 27.219721148290624, 0.645064819738, 0.098153424024, -0.757797653525, 0.377855612021, 0.821007857359, 0.427985086912, -0.664166029544, 0.562416219101, -0.492515463404,  
14, 2509868.3861742, 84.30515146685421, 118.50306855046942, 88.5591674235187, 57.095149944486785, -0.523326068077, 0.700268014643, 0.485545604593, 0.179939384291, -0.466138871322, 0.866219585685, 0.832917549612, 0.540684067003, 0.117936827313,  
15, 752778.0899723499, 56.43208809672008, 98.00400018463952, 72.92130567257922, 25.14664913724117, -0.686786045024, -0.722373634918, 0.0806303908964, -0.726640700819, 0.6796193226, -0.100552813299, -0.0178387296022, 0.12764759271, 0.99165915102,  
17, 313040.0558450851, 42.12149409565106, 115.29929136359088, 70.9436651538228, 9.136314551273438, -0.853909135226, -0.149241320656, -0.498564155336, -0.058319457573, -0.924524147823, 0.376635023544, -0.517144109167, 0.350688078354, 0.780755942696,  
18, 1533756.3859838818, 71.54115129879877, 137.733419911096, 96.74774649322899, 27.478156050489485, 0.474470900113, 0.829736654391, 0.293963346875, 0.839967652741, -0.526646764822, 0.130757513942, -0.263309147762, -0.184879067129, 0.946830514528,  
19, 1662859.1823784634, 73.49463226488348, 118.89388913806839, 66.07098541323826, 50.53549756391413, 0.263035306612, 0.959208875579, -0.103589384043, -0.423973037318, 0.211369358678, 0.880664441112, 0.866636769992, -0.187726735504, 0.46227630447,  
20, 1743335.9403958009, 74.6616341774154, 119.49365052240312, 93.56147195088096, 37.22636228887106, 0.833183998567, 0.0990851069633, -0.544046474219, 0.415098639759, 0.537961615841, 0.733682778285, -0.365373156927, 0.837125702305, -0.407090917041,  
21, 3123314.7263040845, 90.67948532846857, 118.45825004410864, 92.5391164851075, 68.01997659972389, 0.753176798668, 0.411932697038, 0.512870512955, 0.561354737652, 0.0039684122697, -0.827565773953, 0.342936682877, -0.911205632563, 0.228251455027,  
22, 851905.2023614484, 58.80770353531992, 92.36706680408874, 70.09911963137095, 31.4103622373319, 0.205461022149, -0.549828394037, 0.809613800209, -0.618544563251, -0.714039168932, -0.327949216348, 0.758411756007, -0.433401433248, -0.486800581356,  
24, 952520.0947194375, 61.037281000167354, 90.35203508607097, 63.5483889065302, 39.604364914330596, 0.304602772565, 0.181123430716, -0.935099702594, 0.372194443648, -0.926329228834, -0.0581846708745, -0.876748793591, -0.330315701494, -0.349575585938,  
25, 778638.4130090522, 57.07103368010609, 123.03897007523526, 71.59936940093125, 21.10062559066076, 0.355951724852, 0.834440640008, 0.420722221754, 0.683398832577, 0.0746366737371, -0.726219940903, 0.637388739473, -0.546020315772, 0.543688706483,  
26, 1966670.3112768056, 77.72265914639907, 124.97639357847194, 91.52518953499045, 41.046329524160164, 0.530097800285, -0.0181227377334, -0.847742819793, 0.20718280299, 0.972236977933, 0.108768308269, 0.822235737656, -0.233295574574, 0.51913540296,  
27, 1623563.6942978252, 72.91108716194654, 144.0514613258893, 59.594726165414286, 45.14973701309278, 0.262929887938, 0.0396926156476, -0.963998117369, -0.867822290773, 0.44634168951, -0.218319875052, -0.421606861502, -0.893981874799, -0.151802707043,  
30, 1322777.8190142273, 68.09775033035639, 117.74642013345441, 104.30588560893472, 25.71234979468723, -0.281771936478, -0.887104111777, 0.365582919023, 0.704028345379, 0.0677129486654, 0.706936380083, -0.651880866966, 0.456575570362, 0.605466831323,  
31, 440962.24078530836, 47.21763867637106, 100.09993238726939, 58.8796441075652, 17.861331589596404, -0.0484737493846, 0.0258372037017, 0.998490227556, 0.287937053677, -0.956865494048, 0.0387386037398, 0.956421742089, 0.289380139617, 0.0389433698442,  
33, 1343520.5537552356, 68.451857121156, 100.56966309585313, 69.64652726286813, 45.791961179957276, -0.00210162574436, -0.163160422294, 0.986597313886, 0.649499484586, -0.750394301858, -0.122714348231, 0.760359127447, 0.640536547229, 0.107549658168,  
35, 2395176.966700429, 83.00093775228002, 99.79954166007703, 82.1310338646897, 69.76107443183052, -0.0951008189107, 0.02781549483, 0.995078957917, 0.703364789202, -0.70549206786, 0.0869420237699, 0.704438647118, 0.708171759133, 0.0475284337309,  
36, 2638305.232297659, 85.7193382841356, 117.89823554493593, 90.01456776215475, 59.34939873796126, 0.582928386843, -0.795577459738, 0.165078773222, -0.525515894065, -0.214204255646, 0.82337693795, -0.619699556961, -0.566721309304, -0.542954341251,  
38, 2743574.7336893715, 86.84458185866407, 108.75744907734494, 100.94223307093151, 59.66178801830679, 0.504309645441, -0.135270638587, 0.852862026269, -0.647348500593, 0.594429402482, 0.477067714528, -0.571499519067, -0.792688803883, 0.212209236142,  
40, 2057556.4204798273, 78.90194599156138, 96.3708659506686, 74.64887872678374, 68.28009134598695, 0.796526809151, -0.218156863721, 0.563872880279, -0.537008197178, -0.683781477261, 0.494029439931, -0.277789917863, 0.696312052291, 0.661802302328,  
41, 775541.1311791524, 56.995260393572174, 104.95329784541809, 89.7031482866033, 19.665837728871683, 0.740383707694, 0.362974305529, -0.565757561953, -0.000723051605484, 0.842099653614, 0.539321472389, -0.672184083847, 0.398895759453, -0.623739312945,  
42, 1216156.0208800407, 66.21660267587657, 106.92173767440781, 92.70507507103518, 29.290795504078698, 0.200331380383, -0.901939990368, 0.382585404594, -0.70111185452, -0.404740235753, -0.587049835204, 0.684331429561, -0.150630658687, -0.713442989438,  
43, 1710621.7574621402, 74.19166668078945, 129.15138485123472, 72.0979920063146, 43.85742662844878, -0.884769586267, -0.388477012951, 0.257426474213, -0.0863789729309, 0.679514799144, 0.728559064716, -0.457953548139, 0.622370667812, -0.634770273087,  
44, 1739953.0341000187, 74.61330980231914, 100.15340044137162, 72.23111483068244, 57.419432952638275, -0.737350433358, -0.654170517159, 0.168449615335, -0.107628666691, 0.359951140834, 0.926742276104, -0.666881105245, 0.665203811394, -0.335817630232,  
49, 1174720.247275597, 65.45587231566721, 138.67671791118065, 90.58051121276615, 22.325825346811406, -0.95663684593, -0.252283772385, 0.145598225264, -0.134151108439, 0.825276355309, 0.548563959327, -0.258552557739, 0.505244332536, -0.82333391727,  
50, 2548459.0883524953, 84.73503611886021, 110.11861272145728, 84.95163253418329, 65.03641535602586, 0.820881303316, 0.10612277215, 0.561152245916, 0.179465732806, -0.980741646842, -0.0770575946824, 0.542167812226, 0.163962737783, -0.824117882348,  
51, 595724.8523509374, 52.19782051027395, 86.47952692940926, 57.62149879207123, 28.540347275774057, -0.51226088906, 0.847276110409, -0.140399338563, -0.160389367139, 0.0662219366434, 0.984829886841, 0.843720352041, 0.527008394465, 0.101971171,  
52, 1484609.472970996, 70.7686980776287, 124.55338962337945, 77.12048618351305, 36.89761612643217, 0.212442170488, -0.916599316291, 0.338694578601, -0.920352628822, -0.0712158841203, 0.3845508243, 0.328358588771, 0.39341325756, 0.85872384732,  
53, 2223621.1164392326, 80.96998524000509, 110.6482043683461, 75.11904782038236, 63.86717924023845, -0.774830982079, 0.581075346061, 0.248974680259, 0.574358567317, 0.811613701316, -0.106749407422, 0.264100710639, -0.0602879924633, 0.962609044527,  
54, 1948985.047690928, 77.48898388149216, 139.19131969076807, 80.5199212663748, 41.5149389850689, -0.430415051899, -0.874736467366, 0.222663413607, -0.130401401834, 0.304354415389, 0.943590941157, -0.893161999583, 0.377100122637, -0.245065583075,  
55, 853228.0769649405, 58.83812749332103, 121.73831517802537, 65.00020387445514, 25.741539877808297, 0.799978102177, 0.106429208309, 0.590514910613, 0.510743762826, 0.395741662056, -0.763236100854, 0.314921966162, -0.912173974926, -0.262226609438,  
56, 3432760.5690320055, 93.58041522928762, 100.04140191005956, 95.35835780591121, 85.90459037724168, -0.201597994438, -0.121598419242, 0.971890977979, 0.9386823852, -0.307342368972, 0.156256353313, 0.279702749995, 0.943797908809, 0.176101899401,  
57, 3722542.157476829, 96.14285292702155, 100.22752275195617, 97.17270292968536, 91.24723979232728, -0.900751097829, -0.411091732917, -0.140182191758, -0.433561202272, 0.831761149624, 0.346695938627, 0.025925733232, -0.373064306927, 0.927443194623,  
58, 3148765.832977038, 90.92512741793695, 97.74051278126437, 92.23743031030335, 83.38154664436571, -0.0559026492917, 0.566467024708, 0.822186112581, -0.211549971386, -0.811497358147, 0.544718869994, 0.975767135852, -0.143482220638, 0.165200935082,  
59, 3186420.533759438, 91.28613665804117, 100.7478716364945, 92.83386939100438, 81.33400348946698, -0.700859440128, -0.469629889001, 0.536883425466, -0.68024812934, 0.213598478268, -0.701169146933, -0.214612505958, 0.856634961601, 0.469167363367,  
60, 3415518.5166169647, 93.42347376163697, 101.62065635515643, 94.69209012663079, 84.73685407006259, -0.714019852435, -0.24254696116, 0.656769839412, 0.561706370085, -0.758419880207, 0.330583180322, -0.417925357133, -0.604954756109, -0.677767024078,  
61, 3416051.740460384, 93.42833520325564, 100.40348906474094, 95.99470000112422, 84.6135214675532, 0.423098421969, -0.25377236803, -0.869820274857, 0.174154664145, 0.964855007805, -0.196786602366, -0.889189450165, 0.0682231569089, -0.452424272754,  
62, 3490585.1911012335, 94.10294407686548, 97.70163237217281, 94.67011907329126, 90.09379673062384, -0.98444664915, 0.146003006378, -0.0977134438368, 0.174369238623, 0.744096197657, -0.644915666778, 0.0214514241906, 0.651923285948, 0.757981441487,  
63, 3635853.712960645, 95.39067691332325, 101.24001260136895, 93.79759018034247, 91.40583506733401, -0.945896490893, 0.312237781707, -0.0882462247941, 0.309610101043, 0.78719875135, -0.533347645729, 0.0970639678114, 0.531813589096, 0.841280507682,  
64, 3334753.007878136, 92.68120846206722, 106.33143284938234, 90.09211939227518, 83.1048928301152, 0.551476969233, -0.667520416263, -0.500289562432, -0.780627064571, -0.201518297744, -0.591617918706, -0.294099538363, -0.716803229308, 0.632217203173,  
65, 3491049.138857529, 94.10711309277798, 107.43223699069299, 92.1762621048879, 84.16153364628656, 0.16337299987, -0.347158581783, 0.923466394628, -0.275846482856, -0.91478330496, -0.295093583227, 0.947215910344, -0.206524633059, -0.245213366541,  
66, 3929065.1517765615, 97.88892075439173, 105.9020833201474, 98.97404650226375, 89.4900582604703, 0.891261402828, -0.359424922552, 0.276526376458, -0.0549344432515, 0.51971328382, 0.852572759104, 0.450150329083, 0.775056015827, -0.443455582394,  
67, 3522431.484490046, 94.38826032763014, 99.78657391915624, 96.08920929833545, 87.70153881296653, 0.0595404411534, -0.940369828251, 0.334902257357, 0.189211763257, -0.318783718965, -0.928749615972, 0.98012950395, 0.118665608489, 0.158948510058,  
68, 3397611.5810146383, 93.25992023539402, 99.5127079372996, 97.87370149477475, 83.27997024695455, -0.812253610839, 0.568818247716, -0.12918929036, 0.39109356535, 0.695395305379, 0.602885720845, -0.432770025326, -0.439171003507, 0.78729850429,  
69, 3509668.080648637, 94.27411819720434, 101.13044589909875, 92.08893876076691, 89.9679958973528, -0.835387985067, 0.332163634247, -0.437943186372, 0.549321324178, 0.476523753024, -0.686419110753, 0.0193131356627, 0.813997808896, 0.580546785284,  
70, 3081296.5659993375, 90.27100901737418, 100.88778073551885, 96.5161920097768, 75.54507263210122, 0.794500314779, -0.316173834987, 0.518462492265, -0.494214075446, -0.832769589359, 0.24949400528, -0.352876320326, 0.454454526998, 0.817893260422,  
71, 3403644.989354388, 93.31509060365438, 102.8899011956759, 93.94239887022086, 84.06616775843555, 0.668499355189, 0.299816004261, -0.680601921611, -0.134423501612, 0.948778528468, 0.285918915309, 0.73146355639, -0.0996477170133, 0.674560151631,  
72, 3537978.056481771, 94.52692025746059, 98.75842861524448, 95.79711506807244, 89.27706906555959, -0.711091167217, 0.477352811652, 0.51622053922, -0.269233585569, -0.863112643443, 0.427258517914, -0.649509529035, -0.164835851488, -0.742271186129,  
73, 3800811.088712769, 96.81200733813282, 106.46151457117433, 95.55097172303088, 89.19898791568023, -0.769095806132, -0.0228235987712, 0.638725860075, -0.594350993634, -0.341955620848, -0.72788271702, -0.235028801119, 0.939438894612, -0.249431405269,  
74, 3570633.8439120054, 94.81686007464737, 98.25717379513932, 94.84463600320953, 91.47020774379547, 0.122072267965, 0.0592867092297, 0.990748932628, 0.980346088704, -0.163074915047, -0.111032060439, 0.154983572539, 0.984830776424, -0.0780284182334,  
75, 2427343.8691274053, 83.37085048816913, 96.07686310144413, 86.45768831203821, 69.7622150126751, 0.122362147768, -0.887296212117, 0.444671717964, -0.946320090618, -0.239361952387, -0.217219110215, 0.299175184276, -0.394222383577, -0.868955074443,  
76, 3581624.233834735, 94.91404234604578, 98.48120745241373, 96.59754090354784, 89.88184429999978, 0.0892050610547, 0.669393050101, 0.737533322337, 0.782978162944, -0.504811292315, 0.363470432778, 0.615619731193, 0.545049083686, -0.569151862808,  
77, 3427609.2012542263, 93.53358135074276, 98.82454341505083, 93.90364807148862, 88.17701841170486, 0.703399445592, 0.405779837764, -0.583585420658, -0.549905747761, 0.830882713307, -0.0850739990049, -0.450369724249, -0.380757980864, -0.807583105004,  
78, 3398024.4884843687, 93.26369800270176, 101.64645476455723, 94.02556184010311, 84.87889596994358, -0.739355127263, 0.123127578139, -0.661961928883, -0.650860422903, -0.382478530623, 0.655813146796, 0.17243754141, -0.915723633589, -0.362926330263,  
79, 3323290.330068391, 92.57489430061315, 98.0986016439468, 92.25893264344371, 87.66140598683239, 0.493661891707, 0.299751357709, 0.816362088921, -0.567927719841, -0.599787158743, 0.563660774973, 0.658601580405, -0.74189250418, -0.125854958304,  
80, 3529813.8382918667, 94.45415432812756, 98.91401558987916, 93.38659793565925, 91.22645620272903, -0.761012471943, 0.478676827243, 0.43786814523, 0.613002404092, 0.751510291962, 0.243844896713, 0.212339516165, -0.453983233319, 0.86533875086,  
81, 3249894.0241204766, 91.8882957311101, 97.9507232139489, 95.35845095059672, 83.06417490684223, 0.678904857948, 0.58810147252, -0.439573488594, -0.516290979576, 0.808057733976, 0.28370111556, -0.522045800925, -0.0343417614631, -0.852225806436,  
82, 3498573.3875709805, 94.17467417955196, 98.2487295894874, 96.22053391098487, 88.3502277098093, -0.312761302132, 0.727361793875, -0.610839740603, -0.31713241416, -0.68616537058, -0.654678635749, -0.895325303886, -0.0110410609924, 0.44527597644,  
83, 3465185.112423781, 93.8741339797083, 98.75235568834128, 93.3569254102242, 89.73127235228169, -0.870086868209, 0.186964584503, -0.456062589907, 0.486201234876, 0.477562960253, -0.731807336803, -0.0809765458354, 0.858474148205, 0.506423672323,  
84, 3399503.3570219274, 93.27722593587191, 100.72521924390998, 93.46968091153902, 86.20210747491683, 0.0509738761841, 0.619491012701, 0.783347017056, 0.69242759542, -0.587153659978, 0.419278671858, 0.71968443713, 0.521038832293, -0.458882170273,  
85, 3594216.678453191, 95.0251466718977, 101.7836836017888, 93.19175655326643, 90.46070830532123, -0.207895587147, 0.82634987083, 0.523378749878, 0.206628238325, -0.485893659752, 0.849242087122, 0.956077505212, 0.284698511396, -0.0697320703644,  
86, 3280163.1420786525, 92.17269340786984, 96.10036664354065, 94.80713260079735, 85.9489902135831, 0.764978729602, 0.414803577158, 0.492692130678, -0.614418569835, 0.240626039163, 0.75139132968, -0.193125255465, 0.877517579113, -0.438936822388,  
87, 2997492.9388199616, 89.44509296800538, 107.50139972489376, 82.41343798025164, 80.77136246833831, -0.454254525502, 0.416675534934, 0.787422583273, -0.0922818209006, -0.901131821503, 0.423610086998, 0.886079506361, 0.119762009265, 0.44779478508,  
88, 3939711.7370724836, 97.97725752871884, 108.18758200233292, 97.24290768397793, 89.40061086304084, -0.914546384058, 0.219092068244, -0.340005260309, 0.401342482626, 0.596045264923, -0.695452553236, -0.0502903872019, 0.772482173125, 0.633041996363,  
89, 3495753.909272618, 94.14936912131563, 97.63498283312273, 95.51594573252264, 89.48925824412247, 0.272567515446, 0.104233638723, 0.95647388782, 0.956435822306, -0.137412060273, -0.257581916098, 0.104582347139, 0.985014352307, -0.137146849825,  
90, 3526573.055240618, 94.42523881354882, 97.12154426695476, 94.68811459647368, 91.54892043113551, -0.117896995455, -0.956090838829, -0.268310652733, -0.34663913689, 0.292822508066, -0.891120804126, 0.930559835389, -0.0120534923124, -0.365941397063,  
91, 3494254.252717935, 94.1359040322274, 102.25963215598354, 94.2058918392298, 86.59316262382296, 0.883540382985, -0.348940980502, 0.312404519431, -0.298228653995, 0.0951612769282, 0.949738912181, -0.361131640224, -0.932300661536, -0.0199853678762,  
92, 3128009.2602935242, 90.72489486479385, 101.70450648447667, 92.71831649718088, 79.19060968062041, -0.971734375563, -0.232913776695, -0.0385159184608, -0.0615709605635, 0.092537924613, 0.993803677455, -0.22790638465, 0.968084658041, -0.104263007349,  
93, 3713580.396010639, 96.06563851942245, 105.41260947320517, 100.41569512610604, 83.75486786656894, 0.946354989844, -0.262209620356, 0.188834181731, -0.142874702309, 0.184610790007, 0.972371161467, 0.289825900564, 0.947187928135, -0.137244220851,  
94, 3748990.628248089, 96.37001246461541, 107.68189548194007, 99.09339291925443, 83.87612438514105, 0.312604262573, -0.843050507021, -0.43765787738, -0.915344842029, -0.390473075087, 0.0983595333548, -0.253815671682, 0.369860271242, -0.893745480865,  
95, 3965228.8078307738, 98.18833171482837, 113.46462158354241, 95.58084492494616, 87.28674710461421, -0.364855049513, 0.915493334335, 0.169566351715, 0.892651428265, 0.292179885267, 0.343226371744, -0.264677578311, -0.276591520901, 0.923819738967,  
96, 3040360.530995185, 89.86946553752644, 101.53255088250067, 87.43295469558188, 81.76285055403133, 0.159398385505, 0.984837736843, 0.0684601109255, -0.595560117557, 0.0406228763528, 0.802282947776, 0.787337475974, -0.168654718304, 0.593005299235,  
97, 3991702.857511954, 98.40636697056142, 106.08192906256664, 97.17541819326982, 92.44251846576607, 0.864306756079, 0.265223637393, 0.42735261034, 0.382898741015, 0.203973382362, -0.900990240467, 0.326132466224, -0.942364728466, -0.0747417755904,  
98, 2587221.82061007, 85.16249021292029, 96.30848281875282, 85.73298026287951, 74.80533872322377, 0.337106434175, -0.65228758581, 0.678881548899, 0.189742096608, 0.753364743907, 0.629634417271, 0.922148138215, 0.0834414048036, -0.377730516575,  
99, 3531027.6939841206, 94.46498026003455, 99.36273961526224, 97.47028745351541, 87.03956468398357, 0.86846351633, -0.393410316482, 0.301661140503, 0.0909412168724, 0.724588434043, 0.683155396908, 0.487340554313, 0.565862106998, -0.665055832232,  
100, 3635897.527044668, 95.39106008223627, 101.61041889107959, 93.14623267889205, 91.71059038226221, -0.761450525872, 0.646413308848, 0.0484038303546, 0.125381093406, 0.0736092513878, 0.989374175692, 0.635981664881, 0.75942841154, -0.137097810634,  
101, 2932157.4657407394, 88.79044380392445, 103.47681604212846, 86.99641588523559, 77.75964377464759, -0.896018986984, -0.287646040833, 0.338245074106, 0.00492398001232, 0.755302212312, 0.655358163524, -0.443988433841, 0.588878869777, -0.675348759787,  
102, 3831383.0696134088, 97.0708849355237, 102.30854126462216, 100.93357157648724, 88.57668706961945, -0.0649794043208, -0.884332228935, 0.462313947313, -0.492060033149, -0.374656399782, -0.785817730698, 0.868132824395, -0.278548184286, -0.410799596202,  
103, 3329574.1538167335, 92.63320579276362, 102.98252169980684, 96.02065083875013, 80.3844259963031, 0.47014068787, 0.535359130818, 0.701682502746, -0.792334184461, 0.606248443, 0.0683327556461, -0.388811360101, -0.588093042307, 0.709205400322,  
104, 3481369.2379498165, 94.02005322968058, 98.90329391726559, 94.58905909196413, 88.84025920542851, 0.568256658461, -0.680080139593, 0.463222812312, -0.767734821038, -0.23563461867, 0.595868753208, 0.296087174122, 0.69423866949, 0.656022145285,  
105, 3768441.3208080246, 96.53638889804154, 112.155062304203, 100.50031736853394, 79.81542558512969, -0.516442199084, 0.587388202951, 0.623107177009, -0.775387712916, -0.0119690768135, -0.631372026509, -0.36340246238, -0.809216806693, 0.461634931631,  
106, 3924863.1739664366, 97.85401221366045, 108.65256361923682, 96.61578571448135, 89.25814236344935, 0.620263399142, 0.464344044543, 0.632185039354, 0.687324149614, 0.0666123597389, -0.723289918972, 0.377966703616, -0.883146308279, 0.277837666867,  
107, 3805447.6998391533, 96.85135834453962, 102.83299807276599, 99.32482704174213, 88.94608415774559, -0.92511044051, -0.305987844547, -0.224815728653, -0.247815182768, 0.0379776468536, 0.968062670249, 0.287677437506, -0.9512776342, 0.110961951231,  
108, 3660842.3395566773, 95.60871299366589, 124.53433448822749, 94.17134091143947, 74.52200958500667, 0.624636240147, 0.41934327656, -0.658772179057, -0.304582896513, 0.907603652968, 0.288937481596, 0.719068026439, 0.0201699162978, 0.694646923142,  
109, 3665747.047891597, 95.6513920223455, 102.42349211203397, 97.27197709384721, 87.83883397530124, 0.180382740604, 0.668383000442, 0.721613630423, 0.314132929192, -0.734373649189, 0.601677526732, 0.932085065694, 0.118150362238, -0.342429441219,  
110, 3427797.0150428824, 93.53528969168856, 98.1487970234741, 93.63801610146834, 89.04085102804194, -0.261364463476, -0.383443024814, 0.885810399552, 0.408096956241, -0.875550206577, -0.258589849124, -0.87472595225, -0.293910330687, -0.385319641306,  
111, 3729624.886119874, 96.20378998661842, 101.54011980055189, 95.38425629547669, 91.93104045319332, 0.936742121857, -0.201371535338, -0.286293035007, 0.257265682737, -0.158503334598, 0.95325288429, -0.237336397596, -0.96660550261, -0.0966707644505,  
112, 3484715.320089342, 94.05016571914669, 105.31804695591421, 96.51826436151681, 81.84014589696963, 0.0896271973439, -0.112988226911, 0.989545666493, -0.985879489202, -0.151171154005, 0.0720341236372, 0.141451752438, -0.982028992839, -0.124941822285,  
113, 3327190.924002124, 92.61109897052069, 99.23030783274277, 89.99923756850299, 88.94180614388345, -0.268037116132, -0.508317132608, -0.818394646288, -0.0139470295979, -0.847341894601, 0.530864572202, -0.963307627262, 0.153705583344, 0.220029563713,  
114, 3808656.218428643, 96.87857039369968, 113.9960841180837, 96.21777713892938, 82.89682778989327, -0.9579529192, 0.227704939043, -0.174575672223, 0.106571458771, 0.847280414335, 0.520344524003, 0.266399566013, 0.479860771704, -0.835921593816,  
115, 3387146.5381944007, 93.16407125573255, 98.27025287025363, 92.65231932710478, 88.81105062545171, -0.98339437941, 0.1499091316, -0.102287569175, -0.00316984593099, 0.549351405958, 0.835585414454, 0.181453703796, 0.822034235927, -0.539753896089,  
116, 3386217.6374603645, 93.15555395014677, 98.881238085343, 93.2161019939434, 87.70440860982764, -0.785597444741, 0.455103239754, 0.419186946341, -0.42168963957, -0.889589594951, 0.175522649348, -0.452785272172, 0.0388766474931, -0.890771633801,  
117, 3693253.6356943306, 95.89004186562796, 104.2374903899484, 96.34821994402611, 87.79158351274536, 0.825982679058, -0.13996476129, -0.54604256198, 0.37296428334, 0.862034927147, 0.343210471477, -0.422670388423, 0.487140277513, -0.764227775454,  
118, 3729306.2235030085, 96.20104999483594, 105.36910087247674, 94.49952032322551, 89.41215419395996, -0.490289742984, -0.0879445169132, -0.867111140437, 0.829239760331, -0.353322219669, -0.433041370974, 0.268286018665, 0.931358776752, -0.246157350399,  
119, 3440491.005425955, 93.6506089869528, 99.1492950300305, 93.27963214977989, 88.80866917743192, -0.726497392949, -0.416446072864, 0.546602420809, 0.0959500884541, 0.726171597799, 0.680785128419, -0.680437446474, 0.547035171581, -0.487603735107,  
120, 3649029.7496754997, 95.50576733808636, 105.59356739130331, 100.67770141956933, 81.94416624552953, -0.766381146298, 0.621800627793, 0.161319304102, 0.633372216697, 0.773334303278, 0.0281725130103, 0.107236065367, -0.12376604805, 0.986500071786,  
121, 3369617.3742679665, 93.00307895015565, 96.87886039653229, 93.0259488457979, 89.26040429261661, 0.762148836166, -0.133992801137, 0.633383833685, -0.531904194468, 0.428122965327, 0.730608413904, 0.36906243298, 0.893731870196, -0.255022086806,  
122, 3045430.5068811923, 89.91939196198337, 105.26505386343057, 94.92423352843836, 72.76101830128218, 0.000428910092053, 0.865449816276, 0.500995440642, 0.621240530121, 0.392359423805, -0.678317246048, -0.783619818388, 0.311529610245, -0.53748421574,  
123, 3726767.096298434, 96.17921195969396, 98.06275253651769, 96.9163737116064, 93.61434605444268, -0.289795453594, 0.588744682389, -0.754584848798, 0.215244508843, 0.808310984934, 0.547999227233, -0.932570853335, 0.00361256053441, 0.360968908519,  
124, 3153156.476725966, 90.96736983390944, 95.29041342050633, 92.41585472634782, 85.47935143603928, 0.440541554202, 0.455036226229, 0.773863794114, 0.842300178339, 0.0887047021172, -0.531659557793, -0.310569716152, 0.886043739689, -0.344198987167,  
125, 3503851.6954358523, 94.22201091695769, 101.54266619845966, 95.37060258080439, 86.37618478649715, -0.413939919513, 0.901543448049, -0.12598870709, 0.202782183458, 0.226248264507, 0.952728245031, -0.887430633405, -0.368823987951, 0.276470137278,  
126, 4057085.0805331822, 98.94074329156037, 108.87285538199211, 103.48842104789644, 85.9635084152888, -0.398569113876, -0.905497860258, 0.145658115229, 0.133296819013, 0.0999389051445, 0.986024428338, 0.907399922584, -0.412414646086, -0.0808674235305,  
127, 3326071.068705221, 92.60070755527428, 107.49430314938793, 89.83740765420998, 82.22431331498154, -0.536481989922, -0.589450710739, -0.603932888737, 0.0447693329175, -0.734506153184, 0.677123635509, -0.842723431097, 0.336226962846, 0.420438637778,  
128, 3702574.4639563607, 95.97064141880976, 107.86608294232093, 98.50159896259258, 83.19304181433337, -0.2628598518, 0.827157068995, -0.49670502466, -0.414674396423, -0.56168938158, -0.715926102033, -0.871177274304, 0.0177826272208, 0.490646445932,  
129, 3269204.997155515, 92.06993748383358, 98.90342842331869, 92.08569590127205, 85.6939228009166, 0.508092420511, 0.632985997196, -0.584098296156, 0.489108733373, 0.346156554077, 0.800592459999, 0.70895327008, -0.692462538642, -0.133719457895,  
130, 3708327.988091943, 96.02032609485849, 100.289770348487, 97.2769989721989, 90.74500497651482, 0.626590421882, -0.0278142996526, 0.778852237553, 0.693024328393, 0.477044353987, -0.540505286362, -0.356513286516, 0.878438984258, 0.318187409357,  
131, 3282442.131235566, 92.19403502310263, 99.27693137803236, 90.45315626794086, 87.2642576476997, 0.391740596405, -0.800607779162, -0.453394407854, -0.672543694765, 0.0871120400839, -0.734912560176, -0.627872824512, -0.592822634872, 0.504318391319,  
132, 3281404.09132124, 92.18431551403616, 105.47580453930452, 99.33019006107355, 74.77165487737828, 0.63106268761, -0.775516808723, -0.018263726168, -0.758088614488, -0.621531645804, 0.197484343296, -0.16450391147, -0.110779477575, -0.980135893874,  
133, 2747815.0417830166, 86.88929945860139, 110.20438531160457, 80.3321893005963, 74.09866912255426, 0.679906404788, 0.3670114613, 0.634846334165, 0.515779953471, -0.854738157213, -0.0582556623995, -0.521246889991, -0.367049410677, 0.770439101939,  
134, 3800597.2572496035, 96.81019177465375, 104.54782328399345, 100.75047614623105, 86.13926046934266, -0.377933518158, 0.618943926786, 0.688530806389, -0.386363379345, 0.570397507355, -0.724824132259, -0.841361750351, -0.53995842349, 0.0235649304754,  
135, 3286778.6306724474, 92.23461694687829, 106.93356111662168, 100.9928792262157, 72.6569330319046, 0.495228210129, -0.375693717438, -0.783328315951, 0.344237196383, 0.912714890714, -0.220118788148, -0.797652664083, 0.16064170986, -0.581329913676,  
136, 2702593.859865769, 86.41001067988601, 103.09946948414634, 87.3932150652348, 71.60742044988073, 0.371418575338, -0.723614203888, -0.581747991682, -0.276808235667, -0.684376674151, 0.674541154079, -0.886242315939, -0.0895044792747, -0.454492580389,  
137, 3192206.1632881253, 91.34135310223091, 104.29071935084093, 89.94539388492399, 81.24146222413847, 0.119027246913, -0.685343438676, 0.71842667375, -0.831036271652, -0.464720563472, -0.30563624308, 0.543333442455, -0.560659583838, -0.624859665333,  
138, 3271478.9545452152, 92.09127953197512, 103.63974418937025, 96.89762431460147, 77.77070927706096, -0.747960608385, 0.591890569556, -0.300367245175, -0.387419244009, -0.0218665065058, 0.921644283476, -0.538944577554, -0.805721670035, -0.245665082503,  
139, 3786206.7838575765, 96.68785078249316, 109.3341200691438, 99.34604203891455, 83.21649820483914, 0.651309935966, 0.324973913817, 0.685702065515, -0.222883603598, -0.781861005891, 0.582251034103, -0.725340104061, 0.532057631094, 0.436802484694,  
140, 3072301.625939527, 90.18308350762662, 96.76737958771893, 89.89166546466213, 84.31926919176554, 0.255830077558, -0.644464211653, -0.720567034575, -0.905800222738, 0.100616456775, -0.411585088547, -0.337752761506, -0.75798562554, 0.558015110521,  
141, 3671490.8981658453, 95.70132459740483, 105.36717780851255, 93.26435878346125, 89.19341452254369, 0.21675024614, 0.951554716592, -0.21808932145, 0.822415085594, -0.298349714222, -0.484376790332, 0.525977906177, 0.0743711594385, 0.847240327686,  
142, 3672577.69522428, 95.71076650717033, 103.73398539168383, 100.28188055642856, 84.28277958529546, 0.426164704377, -0.773868573691, 0.468520090708, -0.82014211345, -0.11194123351, 0.561102552112, -0.381772914819, -0.623375160632, -0.682387610246,  
143, 3740312.11708513, 96.29559293010327, 100.86854720983798, 95.66055971579998, 92.54022507606999, 0.565198980469, -0.575629396954, -0.590932237943, -0.443582803229, -0.816013589215, 0.370615864333, -0.695546122954, 0.0526556699588, -0.716549350195,  
144, 2830478.921832566, 87.75201652671105, 101.28025820772245, 88.02441057539652, 75.79549442504434, -0.995832187718, -0.0178554142366, -0.0894395778613, -0.0886616129495, -0.040427550963, 0.995241041915, 0.0213862641607, -0.999022921311, -0.0386759666935,  
145, 3075570.6345637683, 90.21505788317307, 107.91093960547104, 85.66346105560532, 79.42843490198996, -0.484617704421, 0.85908328627, 0.16468633159, -0.295789075312, -0.338124347419, 0.89340961972, 0.823197730492, 0.38424970128, 0.417968495917,  
146, 3978522.35089882, 98.29793571985427, 108.62062982881093, 98.25503421895216, 88.99509377122908, -0.168338433015, 0.724568963258, -0.66832775601, 0.98524233861, 0.144985555321, -0.0909764967388, -0.0309791249189, 0.673779642192, 0.738282661037,  
147, 2293055.3472394776, 81.80414490829749, 100.86467916816888, 79.42793063483784, 68.33033796383809, -0.0338371217654, 0.477092303448, 0.878201561819, 0.966553130305, -0.207894897655, 0.15018241517, 0.254224498206, 0.853910209284, -0.454100494376,  
148, 2966486.9512513396, 89.13561754299096, 119.59484015549444, 85.54357050170599, 69.22357383322928, -0.191890482284, -0.776800663762, 0.599798942636, -0.168013161949, 0.628135686693, 0.759748074374, -0.966927929176, 0.0450143075198, -0.251045995582,  
149, 3323763.776149371, 92.57929025917302, 101.24884559248159, 91.28227610562482, 85.85488291022735, -0.386979177185, 0.513671501682, 0.765760213634, 0.90830719038, 0.0693117526377, 0.412521428352, -0.158824319071, -0.855182711066, 0.493393723476,  
150, 3311182.806564201, 92.46233350141715, 102.8181826718771, 92.89687128614136, 82.76058239575596, -0.539328801406, -0.841529363691, -0.0308670377585, -0.015259588162, -0.0268824271404, 0.999522125858, 0.841956999462, -0.539542088402, -0.00165707569238,  
151, 3668934.6578177474, 95.67910906415864, 105.53770922284615, 93.44942561534118, 88.81106301383171, -0.699840066329, 0.651791457341, 0.292218715515, -0.179861324736, -0.556716143128, 0.810997558471, 0.691284156787, 0.515009739828, 0.506844337502,  
152, 3680403.6792827016, 95.77870239864426, 99.66429967943841, 95.84856810495253, 91.97749940168207, 0.00562940219622, 0.684335535373, 0.729145516928, -0.448616532982, -0.649934519003, 0.613456051681, 0.893706616383, -0.330560124688, 0.303345492467,  
153, 3340138.19281401, 92.73107092805816, 99.68774620380005, 94.70058312902701, 84.46589642879859, -0.488792184226, -0.0314225777537, 0.8718341713, -0.793442469438, 0.431460275667, -0.429291367504, -0.362672370511, -0.901584523008, -0.235826418239,  
154, 3520393.497914569, 94.37005329093347, 100.08091154810037, 95.54478761150277, 87.89098855204874, -0.811426414584, 0.40585675708, 0.420556139472, 0.581264033659, 0.485309499736, 0.653151446941, -0.0609860384794, -0.774438494781, 0.629702883042,  
155, 3585191.013624477, 94.9455387798714, 106.40784203903486, 91.03641561952684, 88.35576760527472, -0.419533612083, -0.906902752605, -0.038973653287, -0.851896688716, 0.408188026671, -0.328107553458, -0.313470222009, 0.104450620872, 0.94383604917,  
156, 3452913.4073796053, 93.76318673048836, 99.4342261320072, 93.27353396808306, 88.87973438843309, 0.124677839962, 0.208366905671, -0.970071476152, 0.270621266103, -0.947772200888, -0.168795691761, -0.954578213954, -0.241476888843, -0.17455470661,  
157, 3406331.7708622003, 93.33963794616871, 99.06655736365258, 94.35165786950762, 87.00049610006577, 0.72327553451, -0.681657222017, 0.110525711268, -0.163849085054, -0.0139173813018, 0.986387238271, 0.670839756206, 0.731539293661, 0.121755013548,  
158, 3457193.444944412, 93.80191192806322, 100.07386136354458, 93.91629299653636, 87.81596378717624, -0.304054146, -0.533017863203, 0.78958408913, -0.952600486148, 0.178957411329, -0.246021459878, 0.010168091771, 0.826962032041, 0.562165818485,  
159, 4166088.9144541393, 99.81902153699966, 120.3972373710152, 103.13659127981839, 80.09596348368493, -0.15263635136, 0.572510637583, 0.805564220964, 0.235644222642, -0.770522402759, 0.59225587982, -0.959778070483, -0.280226331204, 0.0172990959493,  
160, 3791843.865784151, 96.73581145469173, 102.60841397298653, 94.55274549339795, 93.30495731485739, -0.49468124405, 0.81544696758, 0.300560659185, 0.821448268655, 0.325804932593, 0.468053295921, -0.283748495519, -0.478432219821, 0.831017089071,  
161, 3404683.504135007, 93.32458035621569, 99.3839051176392, 95.44954482541311, 85.68370118463383, -0.247887523199, -0.960029814546, -0.12997896378, -0.968788308495, 0.245783932015, 0.0322408450156, -0.000994568335972, -0.133914203677, 0.990992430288,  
162, 3535384.115776135, 94.50381316347266, 99.70287136470448, 93.61548605824517, 90.42585725915559, 0.153504642812, -0.108354021282, -0.982189254017, 0.334906905794, -0.929435683339, 0.154876321584, -0.929663212721, -0.352716198392, -0.10638418259,  
163, 3663158.5146417725, 95.62887227328515, 101.89052048428663, 96.93210581171054, 88.54533276056748, -0.250906589503, -0.209342019785, 0.945104122357, 0.541931088123, 0.77861535618, 0.316336565774, -0.802095118468, 0.591552234272, -0.0819107749816,  
164, 3549888.324540637, 94.63287342740573, 100.4611705136041, 93.16343282426962, 90.54873028300572, 0.855338140391, -0.395128595189, -0.335067245274, 0.129944773331, -0.462456960147, 0.877067794355, -0.501508745164, -0.793729773459, -0.344212180565,  
165, 3747390.6723459326, 96.35630124427603, 100.2881080646812, 98.2422607972266, 90.80140647776354, 0.840076193996, -0.509018141441, 0.187543381557, -0.00388452927657, 0.340068638911, 0.940392594219, 0.542454513037, 0.790729949169, -0.283706272001,  
166, 3341559.3102833945, 92.74422038995472, 98.18837774674293, 94.35448918363898, 86.10689166575192, 0.579031061622, 0.569083741751, 0.583837926613, 0.401911839434, -0.822278443913, 0.402895810352, -0.709358797084, -0.00136218622546, 0.704846253766,  
167, 3059447.689577007, 90.05713797211628, 97.90125687434444, 89.06102185181058, 83.76806461636001, 0.785608135881, -0.0855896012007, -0.612775878282, -0.14524297188, -0.98822230769, -0.0481783115528, -0.60143523006, 0.126850663187, -0.78878677302,  
168, 3678862.2439005533, 95.76532911049625, 107.51863251547337, 100.28791841386865, 81.45027730923583, -0.355895214879, -0.842498670717, -0.40439409722, 0.848444231131, -0.472699400759, 0.238112711089, -0.39176649, -0.258362664411, 0.883044591712,  
169, 3538370.176176494, 94.53041231773257, 98.9412939537871, 94.57569522453447, 90.27292785195658, -0.782106677638, -0.617031567266, 0.0870700280887, -0.57803121434, 0.666170958532, -0.471270802466, -0.232785437781, 0.418913235653, 0.87768026123,  
170, 3414280.2807402834, 93.41218272061624, 113.94276988955485, 94.8970548709781, 75.38258975098553, 0.0904451431998, -0.271700427578, 0.958122410617, 0.876694603089, -0.434694482843, -0.206027375611, 0.47246825183, 0.858614921976, 0.198882293765,  
171, 3863597.385665918, 97.34218372125471, 110.68482704777337, 96.5903016722908, 86.2743390772181, 0.651757115928, 0.755904631085, 0.0618130288868, -0.489925367536, 0.357403264553, 0.795132718942, 0.57895232626, -0.548517178574, 0.603276975135,  
172, 3568515.554636081, 94.79810623635161, 109.19116597955461, 92.83180817464107, 84.04553993106286, 0.851313848328, 0.391626962884, 0.349131857022, 0.378722215114, -0.919228715025, 0.107647820469, -0.363089817296, -0.0405819099507, 0.930869965763,  
