# Void_ID, Void_Volume, r = (a*b*c)**(1/3.0), a, b, c, vector_a, vector_b, vector_c 

18, 1854496.6110960976, 76.21594022128843, 98.30106993664391, 83.99435458883205, 53.620281859742455, -0.437723354988, -0.828426886989, 0.349438345652, -0.887680826254, 0.336414547366, -0.314401022616, -0.142902117547, 0.447810389825, 0.882635167873,  
27, 686833.8878138139, 54.73364467640467, 114.24236323377518, 42.07487491355551, 34.1124642493263, -0.158613078922, 0.133291041866, 0.978302299575, 0.982537150733, 0.118929989046, 0.143095790069, 0.0972760948274, -0.983915217823, 0.149827252232,  
30, 670070.4483605842, 54.28468039427261, 118.54156662325119, 93.62249960728033, 14.413881957980418, 0.342040378166, -0.393126969615, 0.853498427336, 0.56461954266, 0.812019016079, 0.147749414797, -0.751141232892, 0.431365625992, 0.499710461129,  
35, 1380342.7707313572, 69.07158870367591, 115.90903682378523, 92.1711629074939, 30.845085034527578, 0.645232213403, 0.471262893796, -0.601320776057, 0.576078008863, 0.216860578233, 0.788102542385, -0.501806255932, 0.85491682317, 0.131558758616,  
37, 442075.3713455846, 47.25733612893173, 111.66449641801137, 59.79266437622425, 15.806826751306176, -0.926812939081, -0.0057732495191, -0.375478954859, 0.319569584727, -0.537232583296, -0.780548801781, 0.197213225898, 0.843414382753, -0.499759064446,  
47, 3448302.5817212965, 93.72143278403914, 125.66090769264201, 109.36994552425342, 59.898861767168526, 0.472220702319, -0.342255961364, 0.812322882364, -0.475273581567, 0.677259013035, 0.561636227399, -0.742376340521, -0.65129185944, 0.157150510217,  
56, 413869.15521375154, 46.23009832119242, 110.69542723447177, 39.867916111684956, 22.388306028811947, 0.16281860961, -0.939743854949, -0.300618674486, -0.878877356447, -0.276606006106, 0.388669151992, 0.448402378104, -0.200924375006, 0.870956200299,  
65, 2029796.210560091, 78.54549410026884, 109.22096654758596, 77.42522201319817, 57.30273531064822, -0.154436589292, -0.960619426279, -0.230997094664, -0.912802776596, 0.228195416185, -0.33870037359, 0.378074636713, 0.158547058906, -0.912097801327,  
74, 5009410.156867515, 106.1449477418821, 128.49710714432658, 117.71812079694614, 79.06081948522433, -0.814463715056, -0.303185586821, 0.494699258946, 0.505580817158, -0.789163112399, 0.3487257079, -0.284669798502, -0.534134891177, -0.796029537045,  
92, 2554872.657539786, 84.80605926663507, 104.48095813040244, 86.72062538971589, 67.31643395512636, 0.60066567503, 0.778588297593, 0.181661800313, 0.374847348429, -0.474954492692, 0.796183204575, 0.706180014031, -0.410144477866, -0.577140619831,  
93, 1325820.6964750462, 68.14992699991045, 112.23472707701517, 57.7540635127834, 48.82996173556327, -0.222518343271, 0.844039219677, -0.487937888009, -0.246632479771, 0.435472304238, 0.865757640546, 0.943216839772, 0.312988287143, 0.111266910093,  
129, 2760446.254580253, 87.02223414786974, 117.88298920302826, 93.84632927854392, 59.56926705126349, 0.185454484497, -0.524444223146, -0.831002341145, 0.208620990648, -0.8053808346, 0.554832401289, 0.960252006736, 0.276260688604, 0.0399514141325,  
175, 2778397.996063616, 87.21046777064603, 107.17023185769757, 90.64797296457292, 68.27686635565344, -0.738181171393, -0.019500844613, -0.674320602726, -0.241526074816, 0.940960789799, 0.237187578184, -0.629883888813, -0.337953412648, 0.699309500503,  
188, 584262.6738378137, 51.860875508324995, 121.18812501752987, 111.86719878134019, 10.28860995068179, 0.844330427578, 0.119781620442, 0.522262857639, -0.513483534502, -0.0976264770274, 0.852527847509, -0.15310384992, 0.98798858009, 0.0209231152588,  
194, 1725537.107105624, 74.40667503596897, 101.24100856684277, 93.19434345341995, 43.660597794331146, 0.970292233361, 0.0760071230369, -0.229686523607, 0.105288774966, -0.987412043624, 0.118032749578, 0.217823909948, 0.138709672894, 0.966080933929,  
205, 1432045.2083743108, 69.92342718377756, 111.73407023684733, 102.68373811600333, 29.797568667601485, -0.876772404138, -0.387718143046, 0.284507983885, 0.102159367681, 0.427943442705, 0.898013292464, 0.469929372286, -0.816418429115, 0.335599960763,  
256, 1648473.8791561006, 73.28208549909728, 113.01271841302986, 61.78856474363585, 56.35831910381688, 0.233359423362, 0.351468440911, -0.906649499295, -0.635669250229, 0.760716230733, 0.131283740852, 0.735845081414, 0.545692909375, 0.400937981259,  
258, 2119721.701252636, 79.68870065204602, 136.04221618279357, 89.79581904134396, 41.42480021110451, -0.501950875988, 0.845716967133, 0.181130145469, 0.826364883645, 0.530766225357, -0.188170914593, 0.255277098801, -0.0552270361701, 0.965289374905,  
260, 2415448.6258403603, 83.2344406230262, 126.94184300182147, 91.55301107319652, 49.617144187044126, 0.78483399855, 0.0732670959111, 0.615359673181, -0.225903552188, 0.958484345625, 0.173998115796, -0.577064277035, -0.275571573005, 0.768802398749,  
272, 328937.8320813029, 42.82280114574927, 99.2361713702369, 35.91853494807375, 22.03112130886414, -0.805431364884, -0.576236754863, 0.13867775166, -0.105169353987, 0.369219565814, 0.923372253862, -0.583283570352, 0.72912832517, -0.357983466088,  
293, 4231600.659949323, 100.33952072989862, 119.57753543560487, 107.11986883635375, 78.86720255800192, -0.0656467175238, -0.731524473175, 0.678647517954, -0.500583614855, -0.56419780471, -0.656579684196, 0.86319554738, -0.38282212881, -0.329151431223,  
313, 2445900.7960652323, 83.58276675073186, 127.58350460060672, 76.21144988052278, 60.05310643040718, -0.951185418305, -0.00343444193906, -0.308600882392, 0.301210415743, -0.228127221502, -0.925867299486, 0.0672204243699, 0.97362527464, -0.218025776295,  
325, 1260856.2664520175, 67.01813283631344, 97.41863711290864, 68.56118743470223, 45.0667865068695, 0.107841796908, 0.95541133035, -0.274880586216, -0.886844905502, 0.217408577088, 0.407724936928, 0.449306421525, 0.199806657665, 0.870747402597,  
339, 3386484.107431564, 93.15799743422762, 112.7843308603068, 87.97025858369776, 81.48464854478414, -0.329104542063, -0.11488103914, -0.937279332558, -0.942850362983, 0.0948313191446, 0.319437339603, -0.0521861419997, -0.988842438286, 0.139525047313,  
373, 777257.4305171081, 57.037273577216084, 122.59696438018632, 49.21478080648013, 30.753956894463922, -0.207064589108, -0.260392205023, -0.943037727507, -0.971513844968, 0.168293287771, 0.166847889791, -0.115261029728, -0.950722498342, 0.287822212783,  
375, 1160193.666357255, 65.18494353369566, 99.62601892655424, 59.13760675584674, 47.01163544614925, 0.188442667818, 0.101325594529, 0.976843121918, -0.694536254152, 0.716983832348, 0.0596118765051, -0.694340516328, -0.689686383833, 0.205484645024,  
392, 1479874.7701107687, 70.6933863328776, 127.58336012839185, 59.63641698506885, 46.43343132400666, -0.799769186564, 0.43795513323, 0.410566132919, 0.0888633935603, -0.59002005069, 0.802483418563, 0.593693983048, 0.678285810748, 0.432961676631,  
409, 981698.548724818, 61.65427282635721, 98.81567739066807, 62.986642166828865, 37.65435657475115, -0.831602377248, 0.553131858815, 0.049826026532, 0.00536095567813, -0.0817173751581, 0.996641124353, 0.555345609787, 0.829076243395, 0.0649910480647,  
414, 369016.47543764743, 44.49580303344026, 95.87819324144547, 69.88293407921381, 13.148196164273035, 0.292160308336, -0.543964280276, 0.786603595223, 0.775047216631, 0.616540293512, 0.13849143825, -0.560307207008, 0.569193225769, 0.601726603628,  
426, 1164899.7303578737, 65.27296064195956, 88.3865819030657, 63.92185564883092, 49.222562859468546, 0.0726593419761, 0.878365687486, 0.472434481247, 0.811691708264, -0.32733045341, 0.483747191212, 0.579549127131, 0.34832239853, -0.73674576071,  
430, 1100104.6223541447, 64.03957780253836, 101.57834781687451, 81.30725028525707, 31.79910974021583, -0.304178992621, 0.871264345837, 0.385192912864, -0.373890918207, 0.262714957982, -0.889486611554, -0.876173910665, -0.41458327333, 0.245845455001,  
467, 803809.3758749242, 57.6794998807205, 105.79086776502737, 80.4272237948621, 22.553461197966115, -0.787084901463, 0.270420870275, 0.554409515438, 0.288418805957, -0.633147202006, 0.718289087319, -0.545263193567, -0.725256625969, -0.420346138593,  
476, 997129.7206923129, 61.975639573746236, 110.23568268459893, 83.38618901731061, 25.896837402620463, -0.420020730444, 0.667022840482, -0.615356089003, 0.31030775417, 0.742756303217, 0.593314563898, -0.85281397954, -0.0582546505177, 0.518955404629,  
479, 283169.8689142065, 40.73672802180626, 102.61864494397093, 52.13756295159658, 12.635179837242688, -0.950098285541, 0.311174851067, 0.0219877210353, -0.146985711519, -0.508726191008, 0.848288195835, 0.275151682572, 0.802725279686, 0.529078138777,  
525, 2633244.1608214257, 85.66449128163792, 106.4524498448857, 104.54877168387911, 56.48432265927153, 0.890414063599, -0.454039035994, 0.0318017159842, -0.0504592280289, -0.0290323588324, 0.998304056111, 0.452345732436, 0.890508661347, 0.048761279855,  
538, 2873343.4197408417, 88.1927683955981, 139.4758515280539, 85.82835885995301, 57.30190976157773, -0.524451872373, -0.407411416809, 0.747640402211, -0.834378456452, 0.0710156881779, -0.546597990704, -0.169596064145, 0.910479384438, 0.377179619731,  
547, 1506813.4828697927, 71.11976224285651, 157.60107347175915, 72.30778107690993, 31.566518263265706, -0.669644147361, -0.18720308716, -0.718701412314, 0.11121755208, -0.982075436086, 0.152179150828, -0.73430740975, 0.0219736659488, 0.678461337138,  
566, 3453014.071108847, 93.76409788957908, 124.28549431413923, 101.36734500112964, 65.43215488306569, 0.087386148923, -0.266564467797, 0.959847407396, 0.982777521626, -0.134420844902, -0.126804492993, 0.162825071668, 0.954397412488, 0.250227047044,  
604, 116899.56771320922, 30.332492481594944, 88.595507623023, 74.7706147816493, 4.2129047816203, 0.673060372005, 0.448985260327, -0.587709087599, 0.512990566899, 0.289006483685, 0.808279611682, -0.532757368704, 0.845510194141, 0.0358063918035,  
611, 2320456.8647809573, 82.12870282636923, 127.88604570165928, 87.12833881260299, 49.71670038720076, 0.155804793309, 0.759419177852, 0.631670308541, -0.294773052356, -0.57459651589, 0.763510112266, 0.942779780217, -0.305157920162, 0.134331417679,  
639, 1089022.4960724283, 63.823813112152415, 89.86628401135377, 65.39769260113559, 44.237342799659075, 0.410721609642, -0.301784712664, -0.860368378414, -0.79124297453, 0.350898129058, -0.500804411203, -0.453036769622, -0.886451628813, 0.0946635893281,  
657, 459868.8955524783, 47.8830503373016, 113.39211046072042, 79.96301114398601, 12.108028882996573, -0.490764963661, 0.74609588695, 0.449989642013, 0.206927270853, -0.401879478313, 0.892005599471, -0.84636331148, -0.530880224144, -0.0428407818888,  
665, 990834.633983603, 61.84494245900999, 98.7178273896666, 78.51107455958346, 30.520107513058058, -0.808337580858, 0.570492990486, -0.145355093406, 0.512726587185, 0.803534779511, 0.302395940632, -0.289312637413, -0.169910582139, 0.94203428383,  
674, 1854014.2830129087, 76.2093320891755, 139.17849689311558, 89.84929288046527, 35.39465315257761, -0.0934888787876, -0.33009538676, 0.939306587427, -0.457078796171, -0.823911470455, -0.335035614441, 0.884499182382, -0.460659228164, -0.0738530424086,  
689, 1907577.378856708, 76.93628021098812, 97.05484716762874, 85.6412682141938, 54.788982414050466, -0.042340706946, 0.997844660406, 0.0501328059662, 0.426480087162, -0.0273257000238, 0.904084089768, 0.903505395551, 0.0596602029576, -0.424403888288,  
700, 991389.2379041562, 61.85647921426794, 99.8234038588995, 73.11377428517766, 32.428287329003304, -0.305038944179, -0.734061175153, -0.606716930427, 0.545457978576, -0.656899528839, 0.520536840789, -0.780657950796, -0.172154582118, 0.600779463459,  
770, 1909168.300459792, 76.95766258149843, 114.00712245915255, 65.01594006440986, 61.48989831967206, -0.630137756462, 0.683466155489, -0.368511088276, 0.0542554618558, 0.512185201053, 0.857159649471, 0.774585536103, 0.520134919154, -0.359829005413,  
807, 838042.9864853676, 58.486984294441584, 111.0485867413748, 57.69095357579259, 31.22891770255419, -0.513122491274, -0.807414194892, -0.291183149986, 0.216568043707, -0.450064789139, 0.866337098376, -0.830544153789, 0.381476085049, 0.405798478487,  
850, 1244636.6533992111, 66.7295186911249, 113.02228024813247, 93.80158545998563, 28.02720131919032, -0.86422312986, 0.245149521538, -0.439340521582, 0.495047237029, 0.258663559062, -0.829470551812, 0.0897029259542, 0.934341947738, 0.34490362389,  
867, 862535.3520222204, 59.05129574183571, 124.58652271421253, 60.877422628292216, 27.149446057362365, 0.112143437713, 0.0123044108081, -0.99361584672, 0.820772022164, 0.56250587086, 0.099601369873, -0.560140283331, 0.826701727785, -0.0529822259512,  
876, 2806024.6410517828, 87.49857034253289, 131.67334181316977, 104.44258624054235, 48.71103930350734, -0.582564521946, -0.208177849294, -0.78567204407, -0.811529485668, 0.0952852929505, 0.576489901767, 0.0451494370073, -0.973438593857, 0.224452294101,  
888, 2741385.221142237, 86.82147357537859, 115.12297472921556, 91.52237483286356, 62.114382780989324, 0.54378733371, -0.190351665632, 0.817350340483, -0.433357857921, 0.770349379806, 0.467720856934, -0.718676772044, -0.608545870435, 0.3364158452,  
896, 410845.72329054924, 46.11724839967093, 101.70283507209946, 81.50066008881574, 11.833030271680832, -0.0801110841638, -0.862302964245, 0.500015811798, -0.817232079991, -0.230389973347, -0.528253904495, 0.570713537274, -0.450947954907, -0.686244854507,  
899, 2111072.2048596013, 79.58016332618361, 123.84768829302561, 87.06597203107373, 46.73886058865029, 0.133102385362, 0.772511794914, 0.620893937585, -0.657582625629, -0.39988204567, 0.638497799543, 0.741531419079, -0.493274645882, 0.454765080287,  
927, 891936.6583511713, 59.71477516471662, 122.33110790826902, 62.85663958411862, 27.692192132265976, -0.894623890297, 0.446815721381, -0.00195090675713, 0.416700102879, 0.835885776429, 0.357289788581, -0.161273429836, -0.318827037577, 0.93399154222,  
929, 611949.0165944827, 52.66744017764524, 97.08321190363371, 63.88519580507149, 23.55495427789969, 0.547214964262, -0.103814631899, -0.830528930918, 0.370755617708, -0.859552410304, 0.351724218499, -0.750397264671, -0.500392022463, -0.431870083509,  
940, 1337167.7403828942, 68.3437954840045, 92.72930765558488, 80.80564841952733, 42.60283934623812, -0.237548496497, 0.496947806747, 0.834633805439, 0.949287720968, -0.0634257175475, 0.307944802152, 0.205969742028, 0.865459447763, -0.456679767064,  
987, 465170.1010182613, 48.06634076727729, 153.14129178798754, 40.67104695967343, 17.829761128913553, -0.020933747528, -0.792839648529, 0.609070660872, -0.486490662229, -0.524138955377, -0.699002997862, 0.873434951086, -0.31093994143, -0.374736893093,  
1025, 1518569.2887051264, 71.30423657147846, 110.57871668423688, 96.70993197030616, 33.90028739278754, 0.797767824559, 0.482731931396, 0.361298187802, -0.529457389996, 0.274112275713, 0.802830824322, -0.28851580594, 0.831764595733, -0.474263942345,  
1042, 2128756.714057987, 79.80176076057789, 149.86566697856938, 72.6846034490314, 46.65442542243157, -0.96848370142, 0.248772402119, 0.0123130836103, 0.146823229733, 0.530260475425, 0.835025010053, 0.201202036011, 0.810515959217, -0.550074195504,  
1051, 1172717.4749272426, 65.41865273593433, 128.44539038700833, 83.55959277714206, 26.084946454808733, 0.388163751098, 0.914328266537, 0.115467412482, 0.785024229334, -0.393671186134, 0.478288570391, -0.482768952701, 0.0950095690939, 0.870578727105,  
1095, 1187766.2884163198, 65.69729097890492, 89.61879887749105, 86.4389025865539, 36.60446148816844, -0.0185956202761, 0.231102609516, 0.972751657301, 0.903055908296, -0.413689653394, 0.11554608244, 0.429120297118, 0.880597782503, -0.20100576124,  
1096, 1740474.085713372, 74.62075703500375, 118.18233332358973, 83.36225646829736, 42.17517858071415, -0.0505316791869, -0.925682531894, 0.374911188878, -0.319309758084, -0.340713145172, -0.884282664706, 0.946302186297, -0.164397088947, -0.278362657975,  
1107, 1097928.3662325672, 63.99732166282485, 115.09152797593735, 65.78608415853806, 34.61848071341498, 0.497022951993, -0.830991422975, -0.249842830864, 0.356307406325, -0.0670883709349, 0.931957178567, -0.791209970482, -0.552224959076, 0.262743938432,  
1110, 953455.3641432844, 61.057251752487105, 102.9256231251345, 86.31404819626528, 25.62163065204628, -0.591884246797, 0.680881396736, -0.431362448495, -0.766425861072, -0.641105711162, 0.0396845888985, -0.249528430993, 0.354096019032, 0.90130548175,  
1112, 464565.4330792448, 48.045504821018376, 102.72743844264956, 65.09787864089878, 16.58459947372876, -0.885319652216, -0.453265049573, 0.103729977518, 0.142072927773, -0.0512724958023, 0.988527396873, -0.442746424711, 0.889899952809, 0.109789240802,  
1121, 1445895.3350666377, 70.14812745834382, 105.16798337547664, 83.30268254311338, 39.40086115903707, 0.254388185561, -0.153138972125, 0.95490057402, -0.82599422727, 0.479155305715, 0.296890096705, -0.503011120715, -0.864267694769, -0.00460045812253,  
1132, 1591764.3676967386, 72.43192983296179, 132.48775055541103, 90.23690734919865, 31.78558730390053, 0.843961276186, 0.296067193739, -0.447295854094, -0.247692361001, 0.954752790171, 0.164607423776, 0.475791822755, -0.0281305252728, 0.879107965467,  
1148, 1241995.5301099853, 66.68228517553374, 125.79630904047205, 100.64643930678875, 23.418825461175512, 0.719765973664, 0.557968279407, -0.413047627195, 0.576115292238, -0.14811905527, 0.803835751578, -0.387334626912, 0.816536676851, 0.428065114384,  
1178, 3065939.689292016, 90.12079193044521, 120.49598958428793, 108.70428602826486, 55.87991509418534, 0.260085498778, -0.954789023571, 0.143991158737, 0.656490892599, 0.0654977797231, -0.751485028983, 0.708078555854, 0.289979242913, 0.643845321036,  
1183, 398177.842101518, 45.63830360233936, 102.65837410188406, 97.68310300226523, 9.47926470020968, 0.157624348049, 0.199759998936, 0.967083506078, 0.839732902111, -0.542431986769, -0.0248232318925, 0.519618338797, 0.816004584886, -0.253245531907,  
1188, 986909.302419854, 61.76316521037153, 132.61378512552375, 54.04317683989603, 32.874495124683634, -0.581159347666, -0.0518485350735, -0.812136406049, -0.0875821265878, -0.988186976773, 0.12576116268, -0.809063151875, 0.144215908786, 0.569753093832,  
1201, 1668482.9494935272, 73.57739165307287, 120.10573749645133, 100.39175432576513, 33.03477595789112, 0.289336023017, -0.824670841824, 0.486006860477, 0.785400798325, 0.494765607135, 0.371957766403, -0.547202203738, 0.274089395349, 0.790850650617,  
1208, 2329341.9087655544, 82.23339309382014, 129.2237120955544, 81.65128880823697, 52.703489946981485, -0.69625379406, 0.7165560379, 0.0421675088824, 0.67587138564, 0.634672624938, 0.374684572978, -0.241719929526, -0.289375368169, 0.926192945323,  
1215, 1725217.4943151746, 74.40208075758672, 97.0150979574281, 82.17570975386911, 51.662147351405444, 0.354384334516, 0.516259497534, 0.77967164541, -0.714764411036, 0.687154520894, -0.130117259158, -0.60292916679, -0.511170026137, 0.612520713293,  
1220, 402589.96390830097, 45.80625414247146, 128.42768203501822, 68.3689555120998, 10.946032812308045, 0.335156830416, 0.608939915735, -0.718931205367, -0.431447034786, 0.77755180394, 0.457456717477, 0.837569910634, 0.156860993289, 0.523327119099,  
1223, 1818828.7880681984, 75.72414935613367, 130.48205869341234, 107.70169980542717, 30.897963256734226, -0.67115063711, -0.737235568585, 0.0777209027143, 0.071908491447, 0.0396035409062, 0.996624667769, 0.737825176559, -0.674474073601, -0.026433555867,  
1232, 2245016.5655385065, 81.22885164608304, 119.09474939914053, 69.7773511744842, 64.49467321499944, -0.17857888839, -0.169589366271, 0.969200199891, -0.282397261086, 0.952425189973, 0.114621308819, -0.942529239627, -0.253230535979, -0.217974604244,  
1234, 997528.0361549451, 61.98389078009888, 115.89105488427782, 66.84501253840074, 30.740970648798854, 0.15253543866, -0.612062577823, 0.775958981379, 0.676026927636, -0.508109093742, -0.533678500567, 0.720916453595, 0.60597405034, 0.336266140505,  
1236, 1839839.312350145, 76.01461408619298, 118.2450226365407, 102.40534229866654, 36.273194337406544, 0.992330895101, 0.0578244405012, 0.109250760679, -0.109215455214, 0.824086050356, 0.555836456119, 0.0578910957814, 0.56350555959, -0.824081370582,  
1237, 1711295.26356579, 74.2014023190534, 130.59354648987818, 69.31049680802629, 45.13522493765628, -0.104495386002, 0.211889826427, -0.971691008377, -0.984877339262, -0.157810873588, 0.0715007327624, 0.138193129035, -0.964467951585, -0.225175996619,  
1250, 481323.59562441375, 48.6164057194653, 109.11370395281901, 57.59820090751949, 18.28354168206454, 0.846959509602, -0.430917140601, -0.311400075515, -0.359674293105, -0.0330727294697, -0.932491607171, -0.391527766543, -0.901785236351, 0.183001080665,  
1251, 1044902.0822753045, 62.94998946734562, 177.19122246600088, 95.96424365817471, 14.670176405496788, 0.66217972203, -0.593485348709, 0.45748569005, -0.533265831884, 0.0556907081187, 0.844112609534, 0.526446168452, 0.802915740223, 0.279608200569,  
1253, 650497.3819283703, 53.75088854672232, 117.26862660410625, 55.6271636213123, 23.806096435349847, -0.259613490556, 0.94681927922, -0.190089684144, 0.953319901465, 0.282701095095, 0.106119066628, -0.154214140051, 0.153666337656, 0.976014680053,  
1263, 106483.18573884682, 29.403394817452455, 108.20362914553016, 78.70608048942563, 2.984986105278074, -0.945212264795, -0.0254707222678, -0.325461236998, 0.323283821888, -0.21168189472, -0.922322257106, 0.0454020372536, 0.977006662083, -0.208318595566,  
1273, 1103379.854514809, 64.10306772693455, 139.2378887644762, 73.0529748209494, 25.896502034395247, 0.670539691637, 0.290250264099, -0.682738094829, -0.490061416774, 0.864213766288, -0.113905109401, 0.556970672234, 0.410961494971, 0.721730087998,  
1277, 1706775.739797201, 74.13602286326153, 109.66707364118429, 85.31711129481197, 43.5487260031497, -0.279481011507, 0.937706810986, 0.206388712959, 0.959106602168, 0.262626678056, 0.105554505598, -0.0447759967571, -0.227449257205, 0.972759962946,  
1282, 4057048.737132942, 98.94044785335785, 134.24730579398866, 87.17957794920709, 82.7563399176791, -0.0849196827645, 0.723952465525, -0.68460315157, 0.0470538441405, 0.689232242261, 0.723010962558, 0.995276134161, 0.0291846515836, -0.0925941298418,  
1283, 1691457.2148785251, 73.9135626464566, 95.2074469388572, 82.36201602960391, 51.49612135742249, -0.527313192522, 0.742973855342, -0.412226451444, 0.841530038827, 0.523677312593, -0.132624530261, -0.117337081711, 0.416835606148, 0.901376772888,  
1286, 3028035.985025223, 89.74786807847424, 104.33336102243508, 92.97548028702893, 74.52136378054405, 0.0123214282316, -0.864949948025, 0.501706856459, 0.863414466872, -0.243868480066, -0.441637433679, 0.50434476383, 0.438622561939, 0.743805490269,  
1303, 600450.3978490251, 52.33547568285593, 116.40398070884174, 62.01948374209193, 19.856035861664367, -0.731868694678, -0.541354693106, 0.413888040419, -0.678596374818, 0.523496981207, -0.515226038503, -0.0622508942367, 0.657940732072, 0.750492384536,  
1304, 2141183.9913281817, 79.95674872672637, 113.55690713639966, 97.53866245073625, 46.15035298592086, 0.832163172778, 0.162101373568, -0.530308965189, 0.447448872227, 0.368606667515, 0.814812022129, -0.327557568398, 0.915342705958, -0.234208817157,  
1317, 449575.02729796444, 47.52307382430105, 113.07689792464996, 52.532837533349, 18.067947691210577, -0.960595509893, -0.0943321258209, -0.261453086445, -0.02892204907, -0.901618176361, 0.431564802936, -0.276441280295, 0.422120970923, 0.863362093479,  
1321, 2209167.60236922, 80.7941690669598, 131.26960131778895, 97.32990179963758, 41.27904154595278, -0.0722359447232, 0.991022880107, -0.112497197274, 0.995220257379, 0.0641873573513, -0.0735977068882, 0.0657161136472, 0.117275889512, 0.990922680206,  
1324, 859880.4635312504, 58.9906467370446, 122.30058353532135, 86.82232665993313, 19.332566980885513, -0.797392858106, 0.41149361417, -0.441404163255, 0.571451316429, 0.279832817929, -0.771451221375, 0.193927880391, 0.867390684471, 0.458285258,  
1328, 3114402.9798434475, 90.59315798404783, 122.20843435073539, 102.20367704255884, 59.527616785902104, -0.533838658583, -0.34119179953, 0.773695316346, -0.734700607035, 0.640115734672, -0.224648312362, -0.418606383878, -0.688360372304, -0.592392347366,  
1342, 1075530.5689821183, 63.559145484376934, 97.52219593135729, 81.91105955711461, 32.14312769476516, -0.602955337127, -0.343772943618, -0.719906261027, -0.797655513674, 0.275397323442, 0.536564996759, -0.0138037290377, -0.897761926948, 0.440264669929,  
1345, 847108.4900115062, 58.69712208799602, 122.19471939308774, 100.97924600244835, 16.389505982888515, -0.659556343678, 0.631895071082, -0.407055338568, 0.746317618694, 0.486110469579, -0.454650000983, 0.0894172329128, 0.603659863258, 0.792211668653,  
1348, 1684966.5627405162, 73.81889827902437, 99.4397681343904, 72.41890724925194, 55.85867211448905, -0.766846603258, -0.463275000737, -0.444210041268, 0.0957930680813, -0.76695849486, 0.634506387099, -0.634641611604, 0.444016824967, 0.63251805031,  
1349, 1682961.30945433, 73.78960306896057, 108.58536164736928, 71.92765220028242, 51.44206049132878, 0.470437996421, 0.611911253169, 0.635808705326, -0.574789137781, -0.334212446351, 0.746940083135, 0.669556225131, -0.716844933685, 0.194493707967,  
1353, 894946.6874567497, 59.78187312658302, 94.59148818212773, 66.33437134850168, 34.05005986057553, 0.447600930652, -0.785777743304, 0.426856820266, -0.801842181189, -0.141368336019, 0.580572226375, 0.395856695467, 0.602136472654, 0.693346338387,  
1363, 2422270.2384570227, 83.31272275917357, 123.51599781458346, 81.63624808466444, 57.349249113817166, 0.541112107732, 0.455470227207, 0.706926134044, -0.389241637057, -0.609507175399, 0.690646038951, 0.745445259457, -0.648882019527, -0.152523735489,  
1389, 827651.3645859937, 58.24423454105067, 115.52355022021996, 71.16415105052548, 24.03405365155821, 0.447233334701, -0.168340186171, 0.878432653111, 0.761273396022, 0.587203372601, -0.275054568614, 0.469515879223, -0.791740980956, -0.39076982769,  
1403, 1600077.9897978357, 72.5578124438822, 110.74526020715653, 90.24527694799949, 38.221076248011286, -0.0568653628568, -0.162486093435, 0.985070860369, 0.812741225895, -0.580573523759, -0.0488475510182, 0.579843108295, 0.797829964936, 0.165073670863,  
1404, 1391017.1576357796, 69.24917851693534, 94.91245829009686, 79.94817001097188, 43.76350812737045, -0.356350652735, 0.527378681568, 0.771288492409, -0.614506926243, 0.48954634383, -0.618648215743, -0.70384334187, -0.69441781621, 0.149627693409,  
1425, 1624799.235604153, 72.92957772444649, 126.86316516874965, 88.46130824240076, 34.56385673632709, 0.0268363755297, -0.445093181904, 0.895082045609, -0.909855084645, -0.381758222028, -0.162555789992, 0.414057404105, -0.810032542147, -0.415215301704,  
1431, 2600145.24152573, 85.30405303373917, 93.70460888615723, 85.12868097737987, 77.81658038565492, -0.744647748888, -0.149886428294, -0.650410477075, -0.10738346423, -0.934862355914, 0.338380210864, -0.658762872122, 0.321817392488, 0.68004782494,  
1433, 472490.06661180314, 48.31715538016334, 98.86700192974098, 48.80773657672145, 23.37566854345894, -0.117516208528, -0.953155493173, -0.278719476478, -0.979584467947, 0.0651629868873, 0.190179008561, 0.163107973105, -0.295378386099, 0.941354023805,  
1442, 1465390.382647586, 70.46199077424878, 109.30591164975301, 64.6186791787645, 49.52939238395549, 0.418696303112, -0.417367334797, -0.806534508626, -0.692854537639, -0.72095288562, 0.0133987458267, 0.587065580182, -0.55320108872, 0.591035159703,  
1444, 2984344.0590819516, 89.31411387920812, 112.39642166354294, 104.47730376062358, 60.6716547703056, -0.745926650874, -0.346394663886, -0.568862169904, -0.665930345379, 0.373259000635, 0.645921429858, 0.0114108115555, -0.860632590178, 0.509098554411,  
1448, 659881.66732402, 54.00813135616152, 114.6110283326001, 53.39191838644462, 25.74396990757237, -0.640402692561, 0.606891326967, 0.470709367458, 0.755205830794, 0.609148434854, 0.24207919665, 0.139816109572, -0.510510628261, 0.848428166633,  
1449, 3773494.2254774906, 96.57951648263553, 139.89952252414616, 103.02649524559159, 62.50142540057407, 0.18596214733, 0.982037577599, 0.031941758635, 0.277100753992, -0.0836065668525, 0.957196486682, 0.942673459846, -0.169151228679, -0.287671009904,  
1459, 1755476.9976064186, 74.8345545638577, 104.26025239942263, 90.78757620196318, 44.275282431668096, -0.0157806338993, -0.627709850125, 0.778287424831, -0.181554067977, -0.763646243058, -0.619582549677, 0.983254337389, -0.15107865342, -0.101912455009,  
1484, 2609895.5972878174, 85.41054802888259, 116.58790785338944, 86.25261363458526, 61.95962098198204, -0.571778355766, -0.0398415325096, -0.819440152888, 0.80030529983, -0.246842093049, -0.546425116703, 0.180501908416, 0.968236352027, -0.173024355718,  
1485, 832353.0197373924, 58.35431607343528, 107.6625505040536, 62.65797499703273, 29.456282151291973, 0.299850204222, -0.912549143745, 0.278107740413, -0.589968287407, 0.0517105762782, 0.805768847843, -0.74968478368, -0.405684700908, -0.522869628653,  
1488, 982368.6847763738, 61.668298636768895, 104.96989927193496, 75.56678314054265, 29.565837482047023, 0.286440463832, 0.945931714202, 0.152200698904, 0.604639510981, -0.0552443934209, -0.7945810964, -0.743211223301, 0.319626733962, -0.587771918772,  
1497, 1230399.4841628976, 66.47410677702946, 108.87419799830731, 84.93163799170122, 31.766038815284595, -0.851548288617, -0.239630269364, 0.466307673278, 0.145674141105, 0.746260887777, 0.649518076721, 0.50363136992, -0.621024976453, 0.600569248176,  
1498, 957237.1587140241, 61.13787128070093, 113.73644246765241, 83.62031913656949, 24.028102675031747, 0.247317299907, -0.852559196954, -0.460409566426, -0.609802245871, -0.506219905108, 0.609821800695, -0.752977671712, 0.129939306455, -0.645089453131,  
1516, 1230458.928078405, 66.4751772742145, 101.2143552250406, 73.41820781162598, 39.53052851483214, -0.795165861988, -0.524775744151, -0.303844812825, -0.576480863321, 0.498769970864, 0.647223555187, 0.188098554365, -0.689810796172, 0.699128027854,  
1525, 1540854.7917905934, 71.65134843898137, 127.72589735691008, 83.82889245186432, 34.35582747097853, 0.66775761578, -0.73602626714, -0.111198474122, -0.322004968671, -0.420302818591, 0.848326788941, -0.671127831876, -0.53067021281, -0.517664523139,  
1533, 1413520.9063063117, 69.6206182517618, 132.06623464461825, 63.41556366465593, 40.2926632417165, 0.657465859406, -0.752013064502, -0.0470637284304, -0.674375050038, -0.559427832217, -0.481932352542, -0.336090665746, -0.348592672555, 0.874943548487,  
1543, 1158492.301153772, 65.15306447374559, 122.1796202092967, 85.49932551684664, 26.47543370455511, -0.0812880097071, -0.755731209183, 0.649817358143, 0.983500613479, -0.1665377508, -0.0706521113911, 0.161613126829, 0.633352600867, 0.756799630161,  
1545, 2864345.342389051, 88.10061150742196, 143.31491763636694, 93.80827225367905, 50.86326477368381, 0.0111052101775, -0.90015323482, 0.435431772094, 0.576076066133, -0.350171881444, -0.738590562812, 0.817320647198, 0.259044025772, 0.51466800209,  
1554, 2987506.579044606, 89.3456515691662, 120.80043937041113, 90.95468787875798, 64.91224944891542, 0.765210645253, -0.260853125152, 0.588564623036, -0.589496070253, -0.651350263004, 0.477741790135, -0.258741283037, 0.712529635863, 0.652192047229,  
1566, 82869.70459043613, 27.04595952701976, 85.60778695511533, 21.310591434111107, 10.844222212073065, -0.963283737638, 0.253881760718, 0.0873412409889, 0.124584473228, 0.134509266571, 0.983049320348, 0.237830086056, 0.957836786087, -0.161200314471,  
1576, 983236.9664343338, 61.6864621109303, 101.77989047615088, 75.4913881861967, 30.549928501607717, -0.695146731199, 0.276399411826, 0.663607103071, 0.718353586289, 0.301999880721, 0.626709021086, 0.027187261159, -0.912359269798, 0.408486738639,  
1577, 400079.03463979106, 45.71082519240076, 100.6394242936543, 81.36158133281407, 11.664594871304946, -0.687168150671, -0.724116810693, -0.0587773525752, -0.716313670613, 0.661814116223, 0.221126210254, 0.121221524481, -0.194053910137, 0.973472352953,  
1588, 3162347.3553768224, 91.05566855357662, 130.92703230397643, 95.75493353170646, 60.21857568449913, -0.32213275509, -0.0108298259484, -0.946632559639, -0.927835167982, -0.194984614694, 0.317966823881, 0.188022310258, -0.980746508993, -0.0527626377534,  
1590, 731025.230006384, 55.88319812331294, 146.10290302554145, 58.907614512812266, 20.277456354794417, 0.894006877802, 0.0196574156464, 0.447621814095, 0.305687583557, 0.703648208539, -0.64143144597, 0.327577172133, -0.710276555033, -0.623057310099,  
1591, 482691.11445885984, 48.662404562699045, 120.07040669452054, 98.19974943928383, 9.773144805833045, -0.287282335335, -0.955554408487, 0.0662165555247, 0.763284501411, -0.186615915863, 0.618523459419, -0.578675755246, 0.22823293445, 0.782971326373,  
1594, 418013.3241584824, 46.38389041231723, 124.9935505880794, 91.91235347585594, 8.68640399990463, 0.306967506182, -0.209897258291, 0.928285565497, 0.915808353405, 0.330553910113, -0.228099040646, -0.258971060126, 0.920150668897, 0.293694971946,  
1602, 3089885.420883409, 90.3548054874171, 150.66172800374616, 89.72824016328725, 54.56594383373305, 0.421283993654, 0.902913452011, 0.0852472572511, 0.605729035434, -0.35008288657, 0.714516835465, 0.67499046832, -0.249377767069, -0.694405210931,  
1604, 1769924.2660514591, 75.03928571509789, 112.67952770867744, 96.37708672770805, 38.90874849622368, 0.047779909166, -0.605969953224, 0.794051318284, -0.937314450411, -0.301929047498, -0.174012848171, 0.345193715661, -0.735961456916, -0.582410536136,  
1607, 648257.1200575709, 53.689112963369546, 114.56786713060443, 82.07919990191056, 16.457457558810688, 0.160407080858, -0.453124019938, 0.876896910113, 0.119296485348, 0.890788311405, 0.438479797536, 0.979815246357, -0.0342754550511, -0.1969448557,  
1610, 856298.6208657289, 58.9086239872048, 116.42368127963404, 59.65337053543328, 29.43474790448634, -0.329727638469, 0.30042431888, -0.894999951427, 0.919444851194, -0.112950589039, -0.376647487778, 0.214244836677, 0.947094183839, 0.23898066218,  
1624, 1473104.2020990527, 70.58541184219473, 130.69167157001723, 74.83353554160021, 35.958426746774386, -0.397201963326, 0.0167367644538, 0.917578596658, -0.889448558004, -0.253325510612, -0.380404322187, -0.226079328987, 0.967236303283, -0.115507881185,  
1626, 1532296.223005137, 71.51844128024882, 158.0563740247225, 94.4005971612349, 24.517002178501535, 0.691910146637, 0.716653708401, -0.0875660391679, 0.531106559626, -0.587384236216, -0.610659955595, 0.489066632784, -0.376014921619, 0.787036598525,  
1631, 2682149.149516508, 86.19156606647678, 122.12913432667303, 77.11091151744094, 67.99221657384857, -0.361101245052, 0.445056916388, -0.819469482041, 0.00931464780547, 0.880440152834, 0.47406579144, 0.932480095315, 0.163552677913, -0.322073583812,  
1635, 1675127.0243233002, 73.6749266101682, 104.96562744917593, 77.983209418355, 48.855214547114315, -0.123605270373, 0.916177176564, 0.381236302416, 0.709650025595, -0.186927931663, 0.67930463677, 0.693627117628, 0.354509985061, -0.627059879264,  
1636, 2339916.2547901785, 82.35764161020687, 129.4209667702097, 95.39322278719469, 45.246974419539356, 0.47719787142, 0.87795494285, -0.038435788498, -0.274666785194, 0.190550735231, 0.942469402375, 0.834769638058, -0.439187358229, 0.332075466948,  
1650, 2638581.030030654, 85.722325097431, 118.69463976640107, 87.21529153114518, 60.849649769994286, 0.0254096555166, -0.936167678226, 0.350634321838, 0.530024962885, -0.284773881935, -0.79873485894, 0.847601255382, 0.206140521033, 0.488956232666,  
1655, 2861161.8105478142, 88.06796005877291, 119.54153467456231, 88.23570904609466, 64.75757890425159, 0.201915945139, -0.865147977248, 0.459073990291, -0.89439547712, 0.0281271350293, 0.446391750351, 0.39910735599, 0.500727312754, 0.768105120837,  
1664, 717715.6184903267, 55.5419678375913, 108.06536652322006, 81.76927848764026, 19.390414434919297, 0.617520712281, 0.786319198556, -0.0192428658458, -0.586522783958, 0.476639543334, 0.654832627186, -0.524079377387, 0.393086331118, -0.755528915718,  
1670, 2333257.3653970105, 82.27944344567352, 114.25595119084667, 86.36258497727665, 56.45073136231924, 0.735908400593, 0.18861665013, -0.650278851901, 0.517063784361, 0.463500207211, 0.719591968283, -0.437131409119, 0.865789418513, -0.243566857254,  
1672, 46901.11943382172, 22.371659452244224, 106.60898583731051, 54.24588314180028, 1.9361277215070682, -0.141507485238, -0.70637455471, 0.693549291745, -0.667483865439, -0.449299506699, -0.593797307723, 0.731054663483, -0.546959725883, -0.407914374914,  
1681, 2803733.110382318, 87.47474538389741, 136.8011567323896, 95.64467261097049, 51.15610929748116, 0.0178050096219, 0.812476935456, 0.582721383669, -0.530923113063, -0.486174450212, 0.694085767018, 0.847232925262, -0.321738454826, 0.4227064431,  
1684, 3057163.6044449736, 90.03472113949337, 108.22600026604421, 102.5189245330063, 65.78008363752684, 0.155305054512, -0.550470384682, -0.820282082963, -0.0177128715703, -0.831775396241, 0.554829653488, 0.987707747375, 0.071638298393, 0.138929334482,  
1689, 3337419.458532305, 92.70590434705845, 120.8844367545168, 101.18465455139157, 65.13840795897866, -0.494212395744, -0.610333815631, -0.619069254115, -0.843088777313, 0.510171292613, 0.170078116649, -0.212026935699, -0.605985054017, 0.766698567135,  
1690, 2323865.391899832, 82.16889619799336, 113.06377280553905, 73.73349661173567, 66.54785414388418, 0.0521512945322, 0.995093574294, 0.0840774695039, -0.653356058973, -0.029674226762, 0.75646896861, 0.755252343711, -0.09438336011, 0.64860286667,  
1698, 1551339.5884742083, 71.81349918564098, 130.51538479142042, 80.25440249423296, 35.358000060344295, 0.784119345073, -0.602671438798, 0.148135038191, -0.257861153559, -0.0992679109594, 0.961068939951, -0.564503745043, -0.791791019595, -0.233243441754,  
1700, 310475.1843446182, 42.006138642373315, 80.57766777033859, 59.593272678076126, 15.435700916623075, -0.164885541423, 0.831189773653, 0.530976758817, 0.714894152986, -0.270174285005, 0.64492806246, 0.679513876427, 0.485931493007, -0.549664875945,  
1703, 2774256.28556284, 87.1671118346091, 130.27072306750205, 84.47795468904384, 60.18215780716453, 0.705343295194, 0.284489954192, -0.649273672567, 0.314095587654, 0.69568040487, 0.646043911895, 0.635479974304, -0.659616737389, 0.40133646983,  
1708, 751277.2115932103, 56.39455864230264, 77.68316113864428, 64.02147073148652, 36.06276897523811, -0.603836101811, -0.311955881538, -0.733529474611, -0.793432260269, 0.323505958846, 0.515566817159, -0.0764670550874, -0.893323806111, 0.442860437295,  
1710, 525784.951073344, 50.069491500547066, 120.11806627867699, 65.16497381255523, 16.036034620466637, 0.679102176394, -0.645313231743, 0.349844346752, -0.66268321662, -0.743955967582, -0.0859096776228, -0.315707441196, 0.173494527975, 0.932860364865,  
1712, 536099.6265588676, 50.39478907225478, 119.73223732151081, 86.04238256244115, 12.423196935910713, -0.693405012174, 0.333095903689, 0.638933962188, -0.493817678703, -0.865426242894, -0.0847438393702, -0.524722392596, 0.374278689022, -0.764579540435,  
1714, 3284354.1007276303, 92.21193206044119, 113.27738031869885, 104.42746627153775, 66.28319392630245, 0.87884782031, -0.360649171068, 0.312343855622, 0.266534114139, 0.91411573764, 0.305535569449, 0.395709583833, 0.185268976372, -0.899493930862,  
1715, 2463593.2792189685, 83.78381542530867, 121.33964416291535, 91.13570960488472, 53.18499281230427, -0.863027934468, 0.437342204141, 0.252813331937, -0.0599799730059, -0.585641162784, 0.808348211658, 0.501582682283, 0.682463350613, 0.531656456656,  
1716, 1728813.366530929, 74.4537369908062, 122.68127095250274, 80.77042025292181, 41.651331875743395, 0.818166846049, -0.232138984955, -0.526036599194, 0.327100625768, -0.564490986223, 0.75786219532, -0.472872279425, -0.792124622858, -0.385915002577,  
