# Void_ID, Void_Volume, r = (a*b*c)**(1/3.0), a, b, c, vector_a, vector_b, vector_c 

0, 1736000.5309362353, 74.556769400303, 104.87534127400312, 86.77392880121648, 45.54058405895697, 0.637710691341, 0.684849214672, 0.352571449939, 0.443028853425, -0.700541143928, 0.559435019192, -0.63011944041, 0.200558367632, 0.750150539552,  
1, 1073275.0826817732, 63.51468460347819, 126.38142775636516, 63.82027453706349, 31.767315193031312, 0.739457761586, -0.622991305544, 0.25511576205, -0.596872444019, -0.431444565884, 0.676460547364, 0.311360730343, 0.652485570558, 0.69088137608,  
6, 822367.2053095173, 58.12001591845316, 117.55996972916356, 69.22100251818894, 24.12569445578678, 0.954471445424, -0.211110438176, 0.210752562887, -0.206101308953, 0.0440570287323, 0.977538351507, -0.215653681439, -0.976468822396, -0.00145896174645,  
7, 2527449.870990583, 84.50154452915704, 138.1695615426087, 73.40154624738317, 59.49443618946025, -0.763619696075, -0.492866986685, -0.417093626423, -0.0427973150977, -0.6059314783, 0.794364798707, -0.644246342316, 0.624443093517, 0.441607827571,  
12, 3755151.5984390466, 96.42277402891608, 133.58296690296882, 88.88111358764442, 75.50544873939339, 0.894629079776, 0.0725590262979, -0.44087866508, -0.238361431175, 0.912093202668, -0.333571308381, 0.377918824284, 0.40351106224, 0.833280375925,  
24, 919267.731630613, 60.318583679174544, 124.81226742977721, 65.14702406904233, 26.989917159177296, -0.10935646426, -0.819261023344, 0.56289656186, -0.902750296438, -0.155160071554, -0.401207246292, 0.416032529986, -0.552029643973, -0.722620374864,  
31, 163558.88412648908, 33.92567598023269, 91.95579578110257, 30.670948860586446, 13.844561685154856, 0.388124350003, 0.488164491257, 0.781700018172, 0.658739195506, -0.740135867294, 0.135135377492, -0.644532513717, -0.462487110546, 0.608837836653,  
38, 526038.8587598273, 50.07754991736425, 115.48598585113064, 88.08661674281163, 12.344968944027269, -0.245162173705, 0.75366292882, 0.60982595739, 0.959072370445, 0.280470459508, 0.0389423881196, 0.141688732204, -0.594414427034, 0.791578039173,  
58, 1009549.8421851733, 62.231898761935064, 108.9845478323398, 96.75448914007879, 22.856151445249314, -0.733666665781, 0.65113447947, 0.194311896617, -0.645664898185, -0.757136949542, 0.0992999440593, -0.21177833405, 0.0526073120748, -0.975900818702,  
63, 1187896.5713673674, 65.69969294526828, 138.03887756952133, 88.70350685517063, 23.16049357500796, -0.549296455552, 0.754834536349, 0.358466493068, -0.0451435621465, -0.45515813965, 0.889265498435, 0.834407252314, 0.472287931928, 0.284092672627,  
67, 1271694.1758518945, 67.20960726933885, 96.93168230921586, 79.25832580312488, 39.51695099311891, -0.894140874966, -0.359716684049, 0.266675838672, -0.447068220723, 0.750834248654, -0.486187142023, 0.0253397264075, 0.553942089271, 0.832169489948,  
68, 1408060.5965944375, 69.5308564177356, 101.75993806922382, 72.4659921682716, 45.584968524694304, 0.149382052058, 0.948950601012, 0.277808854003, -0.696784055916, -0.0983182275557, 0.710510735705, 0.701553263797, -0.29971033177, 0.64652667005,  
76, 1120357.069097797, 64.43017087724716, 100.1880197573376, 65.29984537293247, 40.88273142411669, 0.827583405252, 0.0871088757751, -0.554542830729, 0.365484696764, 0.666190616894, 0.650085377772, -0.426059436913, 0.740676788973, -0.519491338228,  
77, 102210.35636514987, 29.00472581567224, 61.876220257669885, 24.854415571085735, 15.86642053339786, 0.823259941145, 0.039731257803, -0.566272457798, 0.273098837063, 0.846799463484, 0.456451195461, 0.49765459357, -0.530426333996, 0.686285516168,  
79, 2194672.8827251736, 80.61707982573776, 130.53956914659037, 97.15515914935523, 41.31170751188046, -0.0503001093001, 0.68303502574, 0.728651530305, -0.93673789789, -0.285309008265, 0.202782840644, 0.346398628261, -0.672355503744, 0.654175868497,  
80, 1328649.1326422577, 68.19835506865265, 103.47584639398556, 77.94100712047062, 39.329343614657205, 0.774929631387, 0.16205704451, -0.610918636746, -0.13760995442, 0.986643148315, 0.0871710865326, 0.616885375774, 0.0165170278026, 0.786879673743,  
82, 1352256.2345991374, 68.59989659160786, 119.98644204427269, 77.90927968382205, 34.53416969099692, -0.974645706331, -0.00523481242613, 0.223692520817, 0.222641117146, -0.122263584168, 0.967203468223, -0.0222863206126, -0.992483860184, -0.120329161836,  
84, 1544954.187519696, 71.71483422484532, 110.53258839150604, 80.72355851227783, 41.33675280708177, -0.95631407115, -0.237365413985, -0.170648930744, -0.207390597201, 0.139431426362, 0.968270632383, -0.206040135684, 0.961361814088, -0.182567589952,  
103, 407292.0893411928, 45.9838985787955, 116.13452332978687, 83.36334891494612, 10.04340257320538, -0.816201498333, -0.570334077854, -0.0923804836418, -0.56045219993, 0.742703701195, 0.366448555496, 0.140386771861, -0.350870705345, 0.925840862361,  
105, 1599541.4222527763, 72.5497010642758, 112.90674049208846, 75.53643211943819, 44.77447934645605, 0.0352283304373, -0.738877158743, 0.672918649632, 0.908485615486, -0.256894100844, -0.329635112521, 0.4164286868, 0.622949408251, 0.662209320057,  
112, 929937.7429751349, 60.55106067479489, 120.58040815796298, 46.113446975473245, 39.926471284390196, -0.191334414367, 0.237599040942, -0.952332839727, 0.308685757046, 0.935592725402, 0.171404071046, 0.931721119904, -0.261176086037, -0.252354526027,  
114, 950033.780479129, 60.98412723277009, 113.21380650218539, 81.07195394434281, 24.710435851006654, -0.78485602976, -0.6024865658, 0.144951545627, -0.619677446167, 0.762727932076, -0.185056651713, -0.000935553921707, 0.235066032556, 0.971978953001,  
116, 789766.2309718878, 57.34162333413034, 98.88914196556699, 73.50281812407464, 25.939246230985717, -0.29924086332, 0.690981854375, -0.658026582019, -0.291863840295, 0.59028906724, 0.752578444964, -0.908443946784, -0.417256388831, -0.0250340075032,  
119, 1210148.5475259612, 66.10739210560533, 108.19823653361587, 54.07268029569589, 49.38010336669979, -0.877980272661, 0.382865170995, -0.287341089399, -0.209508831589, 0.232379008479, 0.949792633107, 0.430414556334, 0.894099690894, -0.123810550594,  
127, 2164054.998592804, 80.24042646628975, 111.62485138894793, 82.4815161982836, 56.11282777941091, 0.627633281556, 0.7275936287, 0.276918716157, 0.729941958273, -0.673660528063, 0.11561241491, -0.270668065044, -0.129572390596, 0.953912886044,  
135, 478236.5750994439, 48.512247212332554, 108.1860544992424, 48.89597798188961, 21.582898019048415, -0.15648024566, 0.108398047035, -0.98171472237, 0.969040953324, -0.175344885403, -0.173821178065, 0.190980531728, 0.978521351102, 0.0776041360945,  
138, 2234430.083634268, 81.10097092719082, 136.53966041414685, 77.1320789603962, 50.65056626566191, 0.798680601679, 0.25318665692, -0.545899087065, 0.346514925844, 0.548167635112, 0.761209333878, 0.491972258027, -0.797125310459, 0.350077900985,  
152, 1031248.022463452, 62.674590703998376, 113.22911945946444, 66.41865213643085, 32.736054227643955, 0.146605306441, -0.488419111338, 0.860205589265, 0.59132338006, -0.653851773015, -0.472032328468, 0.792996560092, 0.577862120756, 0.192955500252,  
156, 835875.2262586621, 58.43651145220713, 117.58886049044973, 69.83898777297266, 24.29901820807499, 0.449434590275, 0.892901276247, -0.0271267384984, 0.769051176183, -0.371288916631, 0.520293022055, -0.454498446066, 0.254699531338, 0.853556858832,  
161, 1015293.3488692308, 62.34969173584792, 125.67118336887563, 105.17355565307747, 18.338367456679883, -0.0257002034994, 0.502090799293, 0.864432952175, -0.744614489062, -0.586572439424, 0.318562452257, 0.666999821754, -0.635482181161, 0.388939115038,  
165, 2780012.9101946, 87.22736121536155, 124.28058001826919, 83.356508749254, 64.06420119674434, 0.423602270786, 0.52942724598, -0.735029188127, 0.617398329173, 0.425023786109, 0.66194719153, 0.662857767035, -0.734208126116, -0.146826456153,  
168, 2207810.5968946107, 80.77762277653872, 128.48628541075536, 94.01550210757826, 43.633189549937065, 0.419558325459, -0.876525547747, -0.235952909887, -0.0566846864907, -0.284729905934, 0.956930366842, 0.905956763789, 0.38811318557, 0.169146378417,  
176, 223754.24972523327, 37.66120640914182, 107.71212852565004, 86.19113732020448, 5.7538092973989565, 0.989253592756, -0.133544071377, 0.0595257105795, 0.086742847955, 0.863794129419, 0.496321851533, 0.117698800115, 0.48582474513, -0.866095439008,  
184, 2849319.488758003, 87.94628788494822, 118.89129929091006, 94.66909562055407, 60.43579477352662, 0.688231494476, 0.58069113719, -0.434896784536, -0.112648691231, 0.677715776473, 0.726644066021, 0.716692181048, -0.451108777911, 0.531839438286,  
186, 2556480.522767575, 84.82384594820213, 118.8914202440598, 82.48145733740502, 62.23676898105394, 0.0589813284835, -0.22653165043, 0.972216341276, 0.351733028751, -0.906738565901, -0.232613519798, 0.934240375586, 0.355680452739, 0.0261980183096,  
208, 1824677.3792067654, 75.80522822274027, 131.00516187488023, 73.29550688473314, 45.366128445020564, 0.736876413828, 0.594631862552, -0.321599282933, -0.268745928279, 0.694178747325, 0.66775107098, 0.620313450425, -0.405621516688, 0.67132883777,  
213, 1764189.2639970048, 74.9581492658712, 116.44058547028055, 82.8168547122545, 43.675054202217886, -0.946631285287, 0.167540083227, 0.275353464168, 0.0771399148364, -0.711700393897, 0.698234905219, 0.312951503041, 0.682211748535, 0.660793830862,  
219, 1809938.7440218716, 75.60057334576597, 123.65120691326788, 89.25333170141626, 39.151866491648995, -0.233373458151, 0.0989900584722, 0.96733541099, 0.646055838931, 0.759277387, 0.0781645864454, -0.726738386226, 0.643194230318, -0.241148294772,  
222, 1965403.2493873362, 77.70596416446391, 110.54794626326381, 102.53365174017674, 41.39481601088378, -0.634245450085, 0.764191061863, -0.117237920549, -0.569050106673, -0.358774471636, 0.739907328385, -0.523368593958, -0.535997107707, -0.662414081514,  
229, 750037.2895241996, 56.363516677810686, 111.4945795373934, 65.88969810631335, 24.373784927293396, -0.827172268109, 0.561367235857, -0.0255512304417, 0.561914333385, 0.826767509928, -0.0266038806245, -0.00619038023865, 0.0363635948975, 0.999319452507,  
232, 358242.6640029193, 44.05848562133147, 83.76957750185409, 48.692486187005386, 20.9671992221901, -0.984639377251, -0.171283718698, -0.0338701118443, -0.150095294138, 0.731262373381, 0.665377144148, 0.0892003332127, -0.66024028125, 0.745738608072,  
243, 292513.77206111257, 41.179958345286174, 109.0748865431421, 59.08464581369862, 10.83573318415984, 0.765557745796, -0.553537581394, -0.327898587731, 0.237999931758, -0.229844996122, 0.943677545691, -0.597726835883, -0.800479496141, -0.0442177105164,  
244, 967157.0860332246, 61.34833817876503, 77.52794974493095, 72.86823893538089, 40.870677415579046, -0.843937904441, 0.467411266301, -0.263240425432, 0.431895714218, 0.883085817364, 0.183372656661, -0.318174331911, -0.041062724041, 0.947142516841,  
260, 1171899.7595566092, 65.40344410661255, 108.80310652000553, 55.28491645243915, 46.51080998661855, -0.869947710663, -0.30129413682, -0.390400850191, -0.485820947479, 0.659538398269, 0.573573977966, -0.0846698748243, -0.688644279963, 0.720138922688,  
261, 2493488.3011771725, 84.12135157881515, 133.64014480210946, 77.70965159053664, 57.32008507457932, 0.0647310625579, 0.321481685643, 0.944700701458, 0.654548025446, -0.728262839623, 0.202978123966, 0.753244164879, 0.605212989137, -0.257566429985,  
285, 699139.2904567936, 55.058583415443096, 109.03633506439797, 86.47686576274775, 17.701249102803004, -0.0852606597451, -0.107440577857, 0.990548909509, 0.905231777467, -0.423714620502, 0.0319585581208, 0.416276409329, 0.899401157773, 0.133384813353,  
299, 1080530.1856820567, 63.65747842318246, 125.46864626496097, 94.58234266641715, 21.73717068952263, -0.352721147879, 0.295628817047, 0.887801438594, -0.759624113823, 0.463563063567, -0.456158406473, -0.546405524805, -0.835292097788, 0.0610582822745,  
300, 2256534.4986341926, 81.36752813262179, 115.76261832380649, 82.59533631249803, 56.34164219384108, -0.780129117254, 0.572150556115, -0.253065804782, 0.62487921246, 0.692953270778, -0.359641118829, 0.0304060889937, 0.438702069353, 0.898118012344,  
314, 3419871.299796997, 93.46314362901548, 109.1125493074781, 102.49014832001403, 73.00697075805753, 0.782690549639, 0.586608165761, -0.208053751152, 0.447631867722, -0.298267771411, 0.843007738717, -0.432459494642, 0.752945679581, 0.496035874806,  
315, 2079188.9671611448, 79.17749986947217, 131.61070133944014, 91.91318727108127, 41.03328842169536, -0.0478357933576, -0.308081907525, 0.950156447713, 0.304443580535, -0.910480981693, -0.279890136027, 0.95132846228, 0.2758802643, 0.137347139121,  
319, 2168047.909257997, 80.28974683994805, 104.06216408921425, 91.96450171146807, 54.08379902644211, 0.470561746511, 0.873931256873, 0.121720174912, 0.52756185771, -0.168081028902, -0.83272279542, -0.707283626991, 0.456062414569, -0.540145299903,  
325, 1040426.1784829004, 62.85997740751524, 95.70463960515902, 86.05358721194305, 30.159260649170815, 0.384966995892, -0.672967005122, 0.631597832557, -0.103790410869, 0.648431332376, 0.754164675522, 0.917075767145, 0.355882308089, -0.179777140104,  
334, 1915969.436864001, 77.04893780254015, 130.18884545847303, 95.27679747651531, 36.87559540238666, -0.00579311566623, 0.684036793736, 0.729424502348, -0.939702487851, -0.25315456434, 0.229939124291, 0.341943963445, -0.684109955613, 0.644257630528,  
337, 217013.09521904492, 37.27913075958149, 104.26102278062984, 38.91384845208871, 12.769419887164908, -0.305941445366, -0.715353044592, -0.628227549221, -0.9491610754, 0.280550622858, 0.142774650969, -0.0741153489691, -0.639969819294, 0.764817328151,  
345, 665497.8114515191, 54.16091683042312, 84.12158930503008, 69.46700929430052, 27.187667575076414, -0.338815492197, 0.874761169845, 0.346405770708, -0.836164172132, -0.111176818317, -0.537093280828, -0.431316055219, -0.471627618785, 0.769112377816,  
346, 1412428.0492734758, 69.60267134138465, 130.54601022243799, 59.77947386625724, 43.207787914760715, 0.345630503286, -0.900375863484, 0.264315833148, -0.862221893045, -0.193572546445, 0.468084475727, 0.370287675128, 0.389683170945, 0.843228358116,  
359, 1600088.4774696885, 72.55797096966856, 102.81403953241595, 72.00937706643519, 51.59574785626654, 0.780057257901, 0.503697080284, -0.371214123801, 0.438572024629, -0.0169989296584, 0.898535261191, -0.446279344815, 0.863713081818, 0.234167586756,  
362, 2519791.022265059, 84.41610407909967, 127.17459738342001, 76.23219176526315, 62.04933581891402, 0.0296034596035, 0.128011741391, 0.991330736558, 0.27841723545, -0.953572132568, 0.114821735725, 0.96000389488, 0.272604442474, -0.0638697092486,  
376, 613210.8739133381, 52.70361594027565, 129.1857960894199, 87.53324424625191, 12.945935750369921, -0.21808620937, -0.886321419465, -0.408500607931, 0.193029901229, -0.449481486635, 0.872184527725, 0.956649289193, -0.111358585522, -0.269112249659,  
382, 937909.0406835825, 60.72358044356633, 138.3083810296711, 59.72501154943243, 27.106121002976963, 0.330873953163, -0.90679905185, 0.261223863157, -0.74303415002, -0.079697579654, 0.6644911946, 0.581741075585, 0.413961079525, 0.700152515968,  
388, 3417888.310662852, 93.44507548009308, 108.94453894002878, 96.88524812660647, 77.30474223403516, -0.971808126356, -0.160737835347, 0.172488590455, -0.218917458099, 0.343517721269, -0.913274724118, -0.0875449146938, 0.925288562267, 0.369021631411,  
394, 269197.11354454287, 40.055356051106635, 110.71769012374662, 87.53671003202064, 6.630931672727955, -0.638993851573, 0.419945182891, 0.644463265842, -0.338924226146, -0.905820712066, 0.254203081264, -0.690519533818, 0.0559900076758, -0.721143461772,  
395, 2421197.6395636024, 83.30042378361112, 148.48317102633865, 78.29737351660218, 49.718406955366085, -0.748069146279, 0.068259935023, 0.660100851125, 0.662553439183, 0.020429660692, 0.748735980964, -0.037623032999, -0.997458375189, 0.0605086535405,  
405, 1061764.5458079514, 63.28680970031762, 114.16846514540599, 86.63858410630104, 25.626075500237505, -0.951887227491, -0.305585536287, -0.0229823008389, 0.147622701184, -0.522973277289, 0.839467979935, -0.268548402033, 0.795686138659, 0.54292294528,  
409, 1401923.3000309556, 69.42968818929462, 101.14041628356625, 95.72203010869781, 34.5699703427329, -0.584268142935, -0.79561528014, -0.160084550032, 0.705579974641, -0.595450446767, 0.384181812206, -0.400983336981, 0.111512741215, 0.909272935928,  
415, 558019.6246566011, 51.072480872336, 88.56672471805834, 42.74082342675057, 35.192279173075825, 0.13435186213, -0.519294072247, 0.843968745672, -0.832535371627, 0.402762413506, 0.380351539048, 0.537433188528, 0.753734770855, 0.378218803171,  
428, 2145910.284849527, 80.01553572752292, 107.29428987916617, 81.77056808936132, 58.39145904311314, 0.534924443803, 0.665273185536, 0.520833397574, 0.449855835824, -0.746062912345, 0.490937733117, 0.715182191051, -0.0283146504392, -0.698364313359,  
437, 455366.6800624946, 47.72627580952414, 108.65549055753637, 58.06583586340748, 17.2305952569054, 0.783122876528, -0.305055312538, -0.541903881285, 0.172162064031, -0.731001032551, 0.660301229832, -0.597560694798, -0.610392289189, -0.519944679106,  
444, 520268.089943153, 49.89375538435666, 131.40379716351077, 72.34016891489732, 13.066255516687969, 0.321743152479, -0.756697056219, 0.569114144036, -0.899363238274, -0.0563228598279, 0.433559109122, 0.296018765409, 0.651335014082, 0.698667009351,  
450, 1621558.101232035, 72.8810523635019, 110.69016680174983, 80.43769958908698, 43.47856693773789, 0.635212542398, -0.76758542099, 0.0855432490844, -0.348944713009, -0.186415501143, 0.918415400675, -0.689015684323, -0.613238846142, -0.38625833886,  
457, 1282777.5610433486, 67.40429671668555, 98.36035406886232, 78.70333704330018, 39.55938349213888, -0.643097006644, 0.702387357184, 0.305087267047, 0.161502170229, -0.265038147137, 0.950616552335, -0.748560811863, -0.66061091501, -0.0570081565436,  
484, 3159249.8498404534, 91.02592929732927, 105.70102505684933, 89.24001168678495, 79.95701027238748, -0.068828877881, -0.896611053653, 0.437437085804, -0.87922546124, -0.152675068474, -0.451279194927, 0.471407651484, -0.415666864127, -0.777814813557,  
498, 3010604.0736665647, 89.57531523412678, 121.3232611166995, 85.60055366134861, 69.20610168205926, 0.396621320005, 0.809612014713, -0.432689165741, 0.75540404473, -0.555664449965, -0.347277624172, 0.521590124258, 0.189117436204, 0.831972558201,  
512, 1190898.8055920035, 65.75499515883104, 119.05953208651908, 77.55393349122419, 30.790606894785046, 0.37561531352, 0.764443658979, -0.52396472066, 0.880493028138, -0.117920636003, 0.459158742708, -0.289214736224, 0.633814338629, 0.717380108798,  
513, 468244.8491391353, 48.172013544574305, 63.5895147534786, 53.98295940435908, 32.56433389445002, 0.275883035945, 0.953706536631, 0.119717970515, 0.934780384807, -0.237216733132, -0.264412279788, -0.223772613737, 0.184856873035, -0.956950235818,  
540, 1651596.9174615159, 73.32833400969169, 151.96222858844993, 69.70101550937787, 37.22551328080765, -0.674317069052, 0.437305324653, -0.595029867667, 0.69555938653, 0.646736637902, -0.31293587363, -0.247979092253, 0.624896610829, 0.740277377461,  
572, 1551953.706085602, 71.82297403278912, 122.05098001762376, 71.29657986739021, 42.57750268994492, -0.635273009438, 0.772283523976, 0.00252231535447, 0.76904687881, 0.632304936809, 0.0935807944, -0.0706760332249, -0.0613891316349, 0.995608493759,  
573, 902583.9144876903, 59.95144565546328, 131.47957088942053, 81.64273907223168, 20.073501531143513, -0.975362539395, 0.109533437933, 0.191495020092, 0.214561347411, 0.269162348408, 0.93889033353, -0.0512966367571, -0.956845889459, 0.286032513682,  
574, 2939833.6182634966, 88.86785836941117, 142.66472709126373, 88.38270545120818, 55.6609021673632, -0.757195847037, 0.592961996604, -0.273953499365, 0.612204871048, 0.790474601178, 0.0188441173311, -0.227727128589, 0.153446979368, 0.961558307867,  
575, 4379322.164236714, 101.49378025725292, 123.61135075239623, 113.22242923934307, 74.7011805113987, -0.885609210266, -0.0565049985149, -0.460981031969, -0.0604917966098, -0.970081756293, 0.235121518903, 0.460474830186, -0.236111353499, -0.855695249206,  
576, 2256278.939681718, 81.36445631529632, 103.86645480533355, 77.21807070280403, 67.15988215034342, 0.726674678432, -0.11588634409, -0.677136815554, -0.54579320991, 0.501198479374, -0.671498217636, -0.417197415789, -0.857537427478, -0.300958264104,  
577, 2645468.8745965557, 85.79685114229638, 111.97444292094727, 90.43146206653859, 62.369977010086245, 0.793783971013, -0.292402884791, -0.533298753354, -0.135677171047, -0.939884566465, 0.313382684554, -0.5928732686, -0.176401685614, -0.785737699676,  
578, 1294270.176194193, 67.60499393832113, 97.11055410502071, 76.83275675046117, 41.411740744650935, -0.365999686909, -0.760955318902, -0.535715625884, 0.670775750071, -0.614733953235, 0.414924161573, -0.6450613322, -0.207482937551, 0.735422809223,  
579, 2792174.6315643825, 87.35437401485463, 109.46918794793427, 98.52362284147613, 61.804727817999975, 0.765448220526, 0.447383881861, -0.462532900391, 0.460679533252, 0.120875074435, 0.87929721029, -0.449292098013, 0.886135925596, 0.113576987248,  
580, 2932888.5757038435, 88.7978229191557, 127.75342773083024, 88.87302463460668, 61.66864871666618, 0.641827490223, 0.341240138715, 0.686740591871, 0.668949502306, 0.188689684613, -0.718959502535, 0.374918706066, -0.92084275023, 0.107166194254,  
581, 2117169.68429957, 79.65670768124352, 117.09847217430325, 78.42376195730188, 55.038698716282106, -0.979053991593, -0.166473006706, -0.11721782963, -0.187729209296, 0.515261989755, 0.836219364695, 0.0788100597771, -0.840709117324, 0.535721153704,  
582, 1954890.2881540218, 77.56716640481656, 99.33394119166265, 75.09958184510731, 62.56026705167166, 0.51963300776, -0.66680692841, 0.534181670849, -0.615455909037, -0.725796110862, -0.307301203201, -0.592617550599, 0.169081417316, 0.787537880384,  
583, 1480213.61159518, 70.69878138937626, 124.54368004119627, 73.35805147853888, 38.678204284519374, -0.37238326999, 0.3586187895, 0.855992560744, 0.916805306072, 0.285468464284, 0.279241448674, 0.144217651453, -0.888763365422, 0.43508728928,  
584, 2479601.7056424688, 83.96489947541504, 120.13129213598104, 77.23550030149109, 63.79993035641883, 0.565542007081, 0.823610374736, 0.042757325147, -0.3749245819, 0.210576893785, 0.90282275652, 0.734570484102, -0.526614966015, 0.427881854552,  
585, 2655214.581044714, 85.90207839300253, 107.63358668988977, 94.48962544823745, 62.32740924011813, -0.342434041002, 0.57272208529, -0.744800873109, 0.935173990125, 0.284119469265, -0.211484598443, -0.0904905285491, 0.768937930009, 0.632886975721,  
586, 3182518.081049628, 91.24885497501377, 107.0310842086391, 91.18354982874722, 77.84950403422971, -0.237511616913, 0.615817620333, 0.75123690692, -0.771062259827, -0.58989022686, 0.239775961525, 0.590805571488, -0.522300850796, 0.614939507558,  
587, 3212040.5231159003, 91.53014186065892, 117.47804736456558, 82.69456337246659, 78.93302167194227, -0.778202761915, -0.558758947911, 0.286686064324, -0.623827720295, 0.740387264879, -0.250331127505, 0.0723839536096, 0.373651088765, 0.924740735085,  
588, 2002022.203886273, 78.18559763436336, 108.59430640767489, 74.4802396907619, 59.09247213480106, 0.81897549549, 0.18491962145, -0.543216228945, -0.28621630841, 0.952127720286, -0.107391941333, 0.497352352549, 0.243428712082, 0.832696282895,  
589, 1153301.2091938592, 65.05560389774804, 94.229041215174, 63.0638695248284, 46.33282180998404, -0.996055680313, 0.0759351892596, -0.0459012935356, 0.0856574980475, 0.957862587016, -0.274156994117, -0.0231489685383, 0.277007421249, 0.960588889082,  
590, 2960956.2967190607, 89.08018890534304, 107.75169565830505, 92.39916947380044, 70.99883248135441, -0.720769832002, 0.690841391496, -0.0568244759883, 0.662813001784, 0.710876003927, 0.235232293078, -0.202903361091, -0.131884338859, 0.970276634379,  
591, 3420979.085934997, 93.473234261907, 105.343311417435, 97.15190960005225, 79.80011226563657, 0.315748791269, 0.898716022437, 0.304322545711, 0.567101322593, 0.0783953342144, -0.819908690945, -0.760722545167, 0.431466896284, -0.48490981294,  
592, 3239600.6604822804, 91.79118077091627, 110.17522127135248, 87.87332519915047, 79.88438155798598, 0.187262695316, -0.963345151426, -0.192090609265, -0.533927616926, -0.263961176481, 0.803271932283, -0.824532584454, -0.0478603858721, -0.563786662345,  
593, 1550543.8555165327, 71.80121858597414, 133.83130841231235, 87.88132883566311, 31.473214813395614, 0.396111227896, -0.818271019949, 0.416567441174, -0.872145719618, -0.477175419234, -0.108006773076, -0.287154555748, 0.320524815248, 0.902666108771,  
594, 3269091.4443840343, 92.06887148382965, 129.00245160393857, 87.41145056675167, 69.21052897860213, 0.0317048827056, 0.812815227273, 0.581658152806, 0.631475144919, -0.467381354265, 0.61870333039, 0.774747663283, 0.347686749816, -0.52809088445,  
595, 3172815.80874655, 91.15603304277285, 100.99929110771133, 91.60939602846841, 81.86493210916574, -0.0257583338238, -0.946516929499, 0.321624331186, 0.6776727561, -0.253055724946, -0.690450893049, 0.734912337547, 0.200171182351, 0.647947030148,  
596, 550769.7698221619, 50.850336194484825, 104.60896450216147, 42.82996669867158, 29.347076617554915, 0.58101863231, -0.105337388305, -0.807044846049, 0.523353556966, -0.711047644579, 0.469587373711, -0.623312444381, -0.695208804435, -0.358003233109,  
597, 2362642.114217089, 82.62340915053771, 122.76669830245432, 80.96197162577091, 56.74762365730244, 0.310626230205, 0.888582823405, 0.337538014243, 0.510834833871, -0.455521577887, 0.72907329164, 0.801597852799, -0.0540431126947, -0.595416009491,  
598, 3460123.214519597, 93.82840166102453, 119.32392903046322, 94.06914848820836, 73.59159181494952, -0.176327308495, -0.769980809322, 0.613219563904, -0.12029045174, 0.635167087947, 0.762950180293, -0.976953881971, 0.0607644934493, -0.204618642447,  
599, 3610929.1395595577, 95.1722022598547, 107.72232205710355, 96.07553742193763, 83.29363735259744, -0.901655169802, 0.429114186147, 0.0536560343005, 0.416171543946, 0.827271641447, 0.377389556382, -0.117555096778, -0.362605359178, 0.92449886572,  
600, 1506845.9129972553, 71.1202724600432, 115.66318249223917, 74.98005323722799, 41.480057806523696, -0.945458862318, 0.0902157334388, -0.312999458632, -0.169190531444, 0.68509881035, 0.708529592979, 0.278356073643, 0.722842127644, -0.632469093924,  
601, 1976207.5995783638, 77.8480942331564, 144.29197619157077, 105.01734908194324, 31.134415932025345, 0.203180798017, 0.872739886819, 0.443894867364, -0.836942457466, -0.0804904786791, 0.541339639905, 0.508178006419, -0.481504281182, 0.714078945912,  
602, 990108.214192482, 61.82982511181881, 120.88496242004308, 79.44324312455862, 24.613014599359, 0.0284231457489, -0.303668428741, 0.952353721141, -0.142243022425, -0.944271824532, -0.296846162121, 0.989423593491, -0.127028369982, -0.0700338908145,  
603, 3128711.614811742, 90.73168472866226, 105.32316289418083, 98.90005529786752, 71.70616531753267, -0.0744605312342, -0.997149287434, 0.0122036002131, -0.573116798051, 0.0327754873199, -0.818817991511, 0.81608379783, -0.0679637109109, -0.57392348699,  
604, 3214951.963090718, 91.55778825733186, 109.90695181428244, 98.93915474340956, 70.58176590771897, 0.27186564723, 0.959233700913, 0.0771995912465, -0.871833852016, 0.21154138604, 0.44176461659, 0.40742459957, -0.187405840423, 0.893803248283,  
605, 2498454.3619274125, 84.17716023791105, 104.40211399532724, 89.01844698594074, 64.17908270923772, -0.226039859753, -0.0502914987586, 0.972818969262, -0.502171910744, -0.849722148294, -0.160610219968, 0.83470315314, -0.524826672199, 0.166816097204,  
606, 2655281.3097969512, 85.90279799466595, 112.37771396869884, 87.18812670444233, 64.69703670851625, -0.999781891609, 0.00378803225017, 0.0205382575065, 0.0204734955554, -0.0164087303189, 0.999655735516, -0.00412373489385, -0.999858192136, -0.0163275971757,  
607, 3232070.022599748, 91.72000096386948, 117.20929327052691, 102.20053074102762, 64.41350824438378, 0.216923586015, -0.951958426448, -0.216146506206, 0.538697682102, 0.301387900939, -0.786746554149, 0.814093953502, 0.054226261923, 0.578195942038,  
608, 2277561.2660927633, 81.61947926904986, 127.97677311789224, 80.23904947103024, 52.9498248972083, -0.782871948724, 0.433453071999, -0.446351818946, 0.590691185243, 0.743138743396, -0.314370373509, -0.195436525701, 0.509767831898, 0.837819385061,  
609, 3109908.3598902826, 90.54955649197345, 117.16157087621926, 96.06202601963653, 65.96628921812498, 0.562003841872, -0.68088037744, -0.469631337687, -0.608867913648, -0.724854915987, 0.32228126613, -0.559849573949, 0.104820143033, -0.821937462441,  
610, 3861932.328118494, 97.32819816923448, 103.56438340154904, 99.52671460567413, 89.44703686411859, -0.838995992336, 0.528446359201, -0.129731146192, -0.467604569889, -0.578276802402, 0.66853713885, -0.278265504624, -0.621562857039, -0.73227585218,  
611, 3224961.360699909, 91.65270816931073, 109.00790608391472, 94.69596708909867, 74.5841294838114, -0.0917694662646, 0.570444831115, 0.816193028466, 0.933539091122, -0.235952352333, 0.269872660296, 0.346530129149, 0.786714167969, -0.510879327737,  
612, 3554787.716462867, 94.676389387804, 101.35063320112765, 93.94800267225017, 89.12736020579192, -0.0804367360139, -0.996218162759, 0.0328527577043, -0.264359489771, -0.0104574662107, -0.964367513746, 0.961063989372, -0.0862555133878, -0.262518560759,  
613, 1708755.012287196, 74.16466921728318, 115.83446429232359, 74.0704323104283, 47.54540140254276, 0.299791935336, 0.787718247593, -0.53816796441, 0.457922600708, 0.376061938812, 0.805533556059, 0.836917969259, -0.487931737629, -0.247973652121,  
614, 1271077.3053578204, 67.19873821765687, 116.50670628998232, 80.49676086230667, 32.35594031567228, -0.969197508596, 0.0613506933979, -0.238521029998, 0.136161860459, 0.940482990353, -0.311370667552, 0.205222165197, -0.334257142445, -0.919867395681,  
615, 1529313.8244050567, 71.47201095569488, 133.5926682773766, 64.62505706685236, 42.28871038175089, 0.327861182971, -0.174454883644, 0.928478614871, -0.64499991556, -0.759433064321, 0.0850677949879, 0.690276867372, -0.626759056089, -0.361512008075,  
616, 2819265.5382466777, 87.63598206332604, 107.54122669985368, 81.68574429787724, 76.61717181733329, 0.152556265582, 0.988011469453, -0.0236626723059, 0.831518427018, -0.141259285478, -0.537236372369, 0.53413826989, -0.0622828266486, 0.843099732027,  
617, 3520992.410479185, 94.37540460614147, 110.72987715135717, 90.41257862812566, 83.96200593571312, 0.502164720024, -0.237088138633, 0.831636824872, -0.523029903284, 0.682581310574, 0.510414022854, -0.688672864453, -0.691282842962, 0.218764066499,  
618, 2446168.5122995474, 83.58581615857486, 101.92927507516677, 86.71127115890928, 66.07288555028843, -0.843985684512, 0.292784258376, 0.449405765857, 0.10408921106, -0.732537088882, 0.67272197047, 0.526168794665, 0.614546004348, 0.587775133925,  
619, 678015.1589978422, 54.49838067950403, 82.30018272961865, 62.69400189821702, 31.370685035664504, 0.92561919642, 0.265075560031, -0.270118586352, 0.327857036321, -0.205108485522, 0.922193186324, 0.189047261163, -0.942159995246, -0.27675923906,  
620, 3158140.907710805, 91.01527758086226, 106.7782637719201, 98.35406892174274, 71.79062057630006, -0.325631043147, -0.549464984964, 0.769449578619, -0.794956521506, 0.599679664002, 0.0918064785172, -0.511867710111, -0.581783921126, -0.63207508768,  
621, 1787472.2879627917, 75.28646447227541, 110.0773824848522, 82.78249829339133, 46.82891389901564, -0.118404386652, -0.979804138176, -0.161134267102, -0.720970945549, 0.196414129049, -0.664546751993, 0.682774704347, 0.0374878743419, -0.729666610434,  
622, 4386505.94772245, 101.54924630156036, 117.77610431610354, 104.04584256092528, 85.45710902601637, 0.698644106529, 0.691931317899, 0.182009515473, 0.608425336555, -0.708422135095, 0.357710341401, -0.376450557511, 0.139173021156, 0.915923494584,  
623, 2628518.347444669, 85.61321399809519, 110.91232600681704, 106.54509630435734, 53.101785488033464, -0.322788248245, -0.944562054818, -0.0600855339717, 0.554093945019, -0.240056856176, 0.797090086437, -0.767324994307, 0.223998282137, 0.600863647353,  
624, 4008476.592915046, 98.54401379452702, 129.3620921655216, 97.28924356724065, 76.03593401395848, -0.26102943935, -0.331390637656, -0.906666353774, -0.952447667536, -0.0645211302154, 0.297792653303, 0.157184835141, -0.94128490322, 0.298790325432,  
625, 1860980.378167481, 76.30466000438345, 114.94521564891204, 76.6987300992611, 50.39345234549827, 0.42352665707, 0.803562155699, 0.418226054519, 0.793030352206, -0.552042110926, 0.257589534423, -0.437867595547, -0.222569920906, 0.871053729156,  
626, 2788037.457031183, 87.31120826505557, 105.53298745843247, 98.3065397154633, 64.15630638663389, 0.196648257851, -0.27832223643, 0.940141582631, 0.972943221856, -0.0632226868289, -0.222225963639, 0.121288704046, 0.958404729005, 0.258359102205,  
627, 2346499.886518153, 82.43481027644569, 106.75212754157516, 76.41634616367934, 68.67032787045919, 0.285487082344, -0.646056640132, -0.707889782068, -0.865119854622, 0.144107804619, -0.480417087318, -0.412389091701, -0.749562377918, 0.517775509905,  
628, 3874414.405694921, 97.43294293791708, 108.59433667463165, 106.04753234375633, 80.31741409088433, -0.554258141803, 0.544664782552, 0.62939509602, 0.319008756522, -0.559421394268, 0.765036676831, -0.768785617391, -0.624810353854, -0.136311027469,  
629, 3612110.8385710665, 95.18258302585134, 113.55533545602631, 102.35983577572547, 74.18828539008577, -0.392056147797, -0.547507968505, 0.739274645445, -0.614634370606, 0.753822990639, 0.232326256057, -0.684482700618, -0.363298669426, -0.632058153455,  
630, 1445977.2110858576, 70.14945151476884, 119.35073249799534, 71.32501903260489, 40.55140016063269, -0.242687653092, -0.890538401116, 0.384764940157, -0.970037293468, 0.227435315553, -0.0854448741596, 0.0114171939608, 0.39397275715, 0.91905120331,  
631, 4075327.9825113737, 99.08881903294593, 113.36957595008215, 101.79410572197344, 84.3052855336894, 0.166711868492, -0.650637336092, -0.740863151862, -0.00804322982451, -0.752250578847, 0.658828029974, 0.985972849199, 0.103875519293, 0.1306423252,  
632, 2917659.273637147, 88.64385908138755, 107.75549242353765, 97.36897924096587, 66.38744138130507, 0.14035476934, 0.180347274045, 0.973537569623, 0.717106575051, -0.696491761351, 0.0256395473576, 0.682684919082, 0.69453155948, -0.227084156522,  
633, 3632945.9859685157, 95.36524097797243, 114.65724928918387, 93.60464677574097, 80.81117180224572, 0.637189552059, 0.597314273815, 0.487037096168, 0.48079932417, -0.801964624613, 0.354520451803, 0.602346648222, 0.00827037880317, -0.798191779092,  
634, 773692.1354594118, 56.94992952745809, 124.26414712894159, 102.81121369437844, 14.457501415381747, 0.0648435659231, -0.99788451079, -0.00467066208123, 0.774901036028, 0.053301834418, -0.629831166909, 0.628747720728, 0.0372211979062, 0.776718022261,  
635, 1923212.3367117068, 77.14590455603638, 117.17925268032857, 81.64833830090708, 47.98887318548344, -0.0606524989284, -0.654903096864, 0.753274988362, -0.737501142206, -0.479133342547, -0.475944645211, 0.672616785115, -0.584408396396, -0.453931147426,  
636, 2325492.445528693, 82.18806856652273, 99.58839655505805, 82.02356371907263, 67.96400284198546, -0.213361326615, -0.972908016494, -0.0890333406455, 0.0526972422274, -0.102459799747, 0.993340319376, -0.975551098081, 0.207248596804, 0.0731305282089,  
637, 2754283.5704074265, 86.95742697781421, 102.08323969920282, 91.81361906199287, 70.15497777411532, -0.695141319243, 0.668228078584, -0.265046752993, -0.595154946002, -0.328168983885, 0.733550072091, -0.403198631607, -0.66766485081, -0.62582306642,  
638, 572873.7171453792, 51.52168951949256, 128.96403548500908, 46.158123543806646, 22.974894657442228, 0.938545145309, 0.28919172742, -0.188417501862, -0.184704115481, 0.881960328723, 0.433624685971, 0.291577433867, -0.372174855882, 0.881174487096,  
639, 3607444.032397257, 95.14157375423987, 114.4245086975591, 105.23541664012426, 71.52041263710349, 0.0273536353128, -0.863377627732, 0.503816286524, 0.667238852923, -0.359522455414, -0.652331140759, 0.744341381213, 0.354009429232, 0.566244851835,  
640, 3419337.1587853576, 93.45827745199425, 106.4414462783839, 99.22246518517612, 77.29164255755414, -0.974533132769, 0.210116263909, -0.0783347226731, 0.22005265187, 0.828851115205, -0.514375990136, 0.0431509390448, 0.518514208546, 0.853979514974,  
641, 1775138.599606312, 75.1129039773221, 121.99029389739397, 80.33783371105382, 43.24125238488097, -0.542448720099, 0.795602768176, 0.269751035834, 0.837576861507, 0.537000721645, 0.100475001966, 0.0649183112105, -0.2804397622, 0.957673823724,  
642, 2410827.6444576103, 83.18132828991779, 92.87466908525191, 84.77001144992748, 73.10347676845309, 0.371565061254, 0.227089965419, 0.900205283733, -0.559395105194, 0.828612746889, 0.0218639424203, -0.74095649099, -0.511694306494, 0.434916561148,  
643, 2355663.8518774034, 82.54198386801794, 110.60984203352317, 81.57276744714565, 62.328365741494075, -0.389865712613, 0.659049842394, 0.643162523293, 0.880455982054, 0.471415170223, 0.0506458384153, 0.269818438574, -0.586021366951, 0.764052987483,  
644, 2246352.3094792776, 81.24495834754829, 114.77664826022347, 96.41793115361459, 48.4593867997807, -0.671878033115, -0.579297698417, -0.461512822386, -0.0536982030458, -0.583370061918, 0.81042943792, 0.738712671888, -0.569292145973, -0.360846284346,  
645, 3146408.584276526, 90.90243210838668, 135.56431530237282, 88.94895717860246, 62.29314579078559, 0.079351991257, -0.10933236337, 0.990832829393, 0.642085868504, -0.754706431389, -0.134699442791, 0.762514917199, 0.646888426809, 0.010313307345,  
646, 2704521.1133314953, 86.430545818971, 113.20362964801643, 89.17738322262562, 63.95679474623927, 0.354333298412, 0.741250365356, -0.570084037223, 0.76706444451, -0.579081146949, -0.276183205893, -0.534845820406, -0.339430289026, -0.773774532591,  
647, 1262392.8522427042, 67.04534643410501, 123.03346408128144, 84.53471122986666, 28.976611101775458, -0.720299710283, -0.577440346565, 0.384357871683, -0.654146191311, 0.749805395962, -0.099421469414, 0.230783638414, 0.323039493477, 0.917815012895,  
648, 2756088.1816543574, 86.97641438256284, 110.2138820666508, 84.91820597820012, 70.30195287610529, 0.231495101124, -0.817656588451, 0.527112626976, -0.73067239461, -0.50386182096, -0.460696339397, -0.642283325262, 0.278497699706, 0.714080640648,  
649, 3400399.1100564795, 93.28541791882242, 114.42713278529172, 90.0819202455586, 78.75436485568535, -0.693533800913, -0.71978670164, 0.0302980384388, 0.0476774128005, -0.00389357591679, 0.998855196901, -0.71884471988, 0.694184373354, 0.0370178942071,  
650, 2535433.6664457, 84.59042646730113, 99.37867835414112, 84.91404720500225, 71.72835746054199, -0.923313459555, 0.13655617041, 0.358949394381, 0.36291654925, 0.61599285409, 0.699174071309, 0.125633728291, -0.775825506176, 0.618312987315,  
651, 3034592.376032258, 89.81259627618844, 141.87325079758284, 77.06873651195166, 66.25718705417394, -0.472970502847, -0.0204385819516, -0.880841170589, 0.86321713115, -0.211027137361, -0.458610653809, 0.176508039267, 0.977266499817, -0.117452545349,  
652, 4027756.694227437, 98.70175456466326, 115.04769523799652, 96.15239778562497, 86.92337433599141, -0.763601295475, 0.643729804706, 0.0502493789238, 0.643016148417, 0.751062695326, 0.149783378798, -0.0586795912092, -0.146685944187, 0.987441106777,  
653, 2625300.96208024, 85.57826868817476, 126.73920710938957, 78.30754802173338, 63.15036675280215, 0.4144559898, 0.157874925764, -0.896271019465, -0.75424721209, 0.610678161623, -0.241212201124, -0.509251780138, -0.775981759277, -0.372175944541,  
