# Void_ID, Void_Volume, r = (a*b*c)**(1/3.0), a, b, c, vector_a, vector_b, vector_c 

15, 624983.7690625638, 53.038761759364306, 83.66564094052342, 69.66411506319005, 25.599050811645064, 0.935242047415, -0.348048929238, 0.0646858222787, -0.158871237451, -0.249359526142, 0.955290404345, 0.316357776352, 0.903704470266, 0.288506477853,  
22, 1633859.9965378593, 73.06489145512613, 109.54841430812712, 70.45089907708378, 50.53980883352477, -0.461486086083, 0.0683710569861, -0.884508898156, 0.882768055247, 0.134335410779, -0.450193911604, -0.0880406325862, 0.988574426119, 0.122349707954,  
36, 2284827.570045945, 81.70618639146697, 104.38559213442696, 80.73071499412957, 64.72699772331242, 0.707769550117, -0.552603968134, -0.440103531376, -0.624085803946, -0.781017690672, -0.0229842592111, 0.331027450887, -0.290929925, 0.897652831276,  
76, 1548750.5793779083, 71.77352742410085, 110.77733182863025, 99.34824283616857, 33.59555204118664, 0.316380313375, 0.661137907754, 0.68029417478, 0.703776893684, 0.317271607383, -0.635638899899, -0.636082998692, 0.679878955461, -0.364915092447,  
93, 1812943.8320595676, 75.64239073889294, 108.29585906033024, 97.89951081245172, 40.822854346199726, 0.351277831336, -0.794560353383, -0.495255217078, 0.935412105197, 0.32049182141, 0.14929563242, 0.04010085613, -0.515711971201, 0.855823044851,  
110, 1117449.3638440478, 64.37438323024213, 94.6064297975534, 63.81206546739378, 44.18916422534624, 0.253951963403, -0.967022506544, -0.0193874217272, -0.541541742531, -0.158766513462, 0.825545719691, -0.801399364475, -0.199149858249, -0.564002121076,  
112, 1276447.9103896853, 67.29324880240486, 103.63649521743014, 83.85094656868638, 35.06661136782553, -0.794754800978, 0.490973679314, -0.356804782121, 0.431914120431, 0.87053707659, 0.235829156073, -0.426397700387, -0.0333173303646, 0.903921985905,  
116, 2091741.1856777584, 79.33651379073903, 128.24762824106847, 97.75911179619196, 39.830224018217905, 0.156506074664, 0.983487569485, 0.0908738095484, -0.870948778756, 0.0940337605979, 0.482292314526, 0.465783290142, -0.154628110434, 0.871284152322,  
160, 654982.4259117292, 53.87413944381635, 98.81399573281816, 65.70824199750417, 24.082564327000735, -0.750293108924, 0.65873395026, -0.0559449146595, -0.0463908934553, 0.0319541973603, 0.998412146498, 0.659475652095, 0.751697087959, 0.00658424242126,  
163, 664929.9397880924, 54.14550721186411, 117.51985840678309, 46.86360745329811, 28.823074414609188, 0.053498576026, 0.938325813511, 0.341588304925, -0.362467605528, -0.300498641161, 0.882223215294, 0.930459637656, -0.171012380718, 0.324036461428,  
181, 71010.35691205379, 25.688832208119834, 99.18016417861514, 53.89325379305106, 3.171566767217697, 0.220283451022, 0.92985451519, -0.294696083766, 0.749013425707, -0.354782072894, -0.559561050167, 0.624863256495, 0.097469284056, 0.774626135209,  
204, 1357105.4879714376, 68.68179956705535, 95.90716480445771, 74.49278797181829, 45.34816480609454, 0.533968010605, -0.535150193165, 0.654593335138, 0.0420804426607, 0.790065331195, 0.611576658147, 0.844456866865, 0.299016794178, -0.444388970164,  
206, 3440109.6548506217, 93.64714872181742, 106.12197069393484, 93.3158839224984, 82.93212551584236, -0.880560332039, 0.414394168823, -0.229980378478, 0.0657769858927, 0.587420746893, 0.806604149658, 0.469347301864, 0.695136201736, -0.544517007328,  
250, 2601835.660757915, 85.32253512614396, 119.91839436199744, 94.31353503390172, 54.92011327798267, 0.612921568004, -0.696472749805, -0.373165995577, -0.750576325166, -0.660783598691, 0.00046454360985, 0.246905511432, -0.27980483284, 0.927764476548,  
349, 778593.0900579266, 57.06992632919883, 75.84690169644517, 66.86265732959767, 36.65223463994789, 0.792122611045, 0.478531388971, 0.378879240446, -0.318776385754, -0.205007435605, 0.925393736326, -0.520503011477, 0.85380305757, 0.00984651852854,  
353, 1159223.048221364, 65.16676055205782, 124.37637611216434, 90.30650972380212, 24.63890719755741, -0.845790065824, 0.392452265766, -0.361414420919, 0.502374728227, 0.357792223171, -0.787149514055, 0.17960734114, 0.847328710793, 0.499775208343,  
356, 2481533.8372535505, 83.98670258959183, 123.04193394604027, 103.41196076061465, 46.55943170542039, -0.534037606979, 0.554285100098, -0.638413551032, -0.541197997822, -0.804245524257, -0.245548088703, -0.649544887968, 0.214376221912, 0.729475341594,  
360, 3238066.924779011, 91.7766928088706, 129.07010284894992, 108.5356279829893, 55.18222805837551, -0.862526334181, 0.446838162772, -0.23745310934, 0.453914538235, 0.890630522611, 0.0271820560868, -0.223628966869, 0.0843381792864, 0.971018618097,  
394, 1400204.2344771991, 69.4012979049287, 144.55560014565404, 93.40373374092289, 24.757319372721607, 0.244742406247, -0.962096385534, -0.120298377076, 0.253871546566, -0.0561562748564, 0.965606395297, -0.935761931491, -0.26686516771, 0.230505075507,  
402, 1164140.7475466728, 65.25878150500554, 93.09409187550882, 83.00404415075793, 35.96627900562565, 0.766236876971, -0.139483465165, -0.627236328121, 0.384600494996, 0.881543296953, 0.273795315603, -0.514746061294, 0.451027469832, -0.729116392518,  
408, 639882.9530478268, 53.45692546684713, 90.36747109479532, 60.94689739346065, 27.73627919027152, -0.495932981198, 0.866008928328, -0.0638671607019, 0.845241798699, 0.464563554676, -0.264096583469, 0.199039644022, 0.184957399753, 0.962379332895,  
453, 2459723.2895760876, 83.73992121731729, 104.39092241978761, 85.55151309173692, 65.75173449645666, 0.44895746588, -0.531858671899, 0.718027539136, 0.585964168287, 0.781899920172, 0.212787472182, -0.674598537883, 0.325205885495, 0.662689931058,  
457, 2266419.391769, 81.48616694623011, 127.26633765681532, 86.91964792491049, 48.91253402295983, -0.980430630074, 0.173439211088, -0.0931376383138, -0.0699868648067, 0.135123344624, 0.988353944947, 0.184004397686, 0.975530892281, -0.120340599289,  
472, 1644491.7916287042, 73.22303068276557, 88.6695716911475, 78.94302445026212, 56.08603376830589, -0.796781161602, 0.576600405817, 0.180753291886, -0.560123147727, -0.816987255595, 0.137090785889, -0.226719738655, -0.00798725281197, -0.973927288814,  
481, 981460.3821050419, 61.64928651040821, 128.2933277860335, 56.46377774441402, 32.3452239340145, 0.651819190183, 0.412452107296, -0.636407890033, -0.460476610127, 0.882020609365, 0.100004680797, 0.602572016306, 0.227865977809, 0.764842507528,  
506, 2212555.8798206937, 80.83545357991727, 98.69710794537919, 82.24651981992159, 65.07043070482854, 0.516749873502, 0.139760985127, 0.84465166505, -0.563169928761, -0.687594775015, 0.458315455459, 0.64483269115, -0.712516871666, -0.276605328972,  
526, 3281541.7334455443, 92.1856044203758, 138.32718205905962, 99.22769641129713, 57.075389443772835, 0.431367456869, -0.319245355456, -0.843803602845, 0.740693592659, 0.659299854381, 0.129215725854, -0.515068072151, 0.680739381139, -0.520863490771,  
529, 1543848.9519565532, 71.69772892937917, 98.71683279908133, 72.73947847539142, 51.32805432521495, 0.517827619447, -0.525195009216, 0.67529605273, -0.315935440612, 0.616166832136, 0.721472960229, -0.795009027561, -0.586948581453, 0.153140487223,  
530, 919435.8293050888, 60.322260082078586, 122.69977328625019, 70.3216372193358, 25.43900265979498, -0.98173531472, -0.143271451524, 0.125176127952, 0.106657981053, 0.13036611924, 0.985712305915, -0.157543158876, 0.981059613954, -0.112703979339,  
546, 790332.3688466288, 57.355321695986994, 136.4240464820173, 76.26665326008069, 18.134080691394644, -0.978476662995, 0.200691433678, -0.048024664737, 0.170755696653, 0.918109613126, 0.357655183586, -0.115870237918, -0.341756765455, 0.932618036085,  
555, 329797.8032394109, 42.86008714533798, 82.22915966701301, 42.00013363361892, 22.797258562281502, 0.216906748437, 0.958017513732, 0.187493748869, 0.570284215688, -0.280240098858, 0.772166692062, 0.792292481234, -0.060563440906, -0.607128235059,  
567, 2406172.7571625253, 83.12775758888894, 156.5635375609313, 66.79035470965269, 54.93306364093466, -0.556353290194, -0.17353086569, -0.812624178291, -0.830393751097, 0.151752876259, 0.536113124897, -0.0302858817019, -0.973066340595, 0.228527158495,  
570, 526041.3605891255, 50.07762930648216, 87.83013603068456, 64.69857263786092, 22.100038395565413, -0.931563271999, -0.244134875249, -0.269421663847, 0.081024390955, -0.861789884628, 0.500752676302, -0.354436056763, 0.444653075375, 0.822592684277,  
582, 1304822.150191754, 67.78822106559197, 118.45434627738638, 98.35259226598687, 26.737814126196852, 0.521961060465, -0.236418552793, 0.819550437285, -0.459283033875, -0.887540613556, 0.0364795022399, -0.718759866822, 0.395446490924, 0.571844670048,  
591, 2492640.209725264, 84.11181330946248, 130.33863689954222, 81.5507176521242, 55.98478635495996, -0.0611469783341, 0.92518592276, -0.37455581075, 0.877366275642, 0.228744429912, 0.421787155032, 0.475909093637, -0.302831626668, -0.825713958029,  
596, 1121161.20132856, 64.44558203137377, 131.998274807341, 94.19269610232901, 21.527518337625786, 0.882322709854, 0.108120833556, -0.458057333777, 0.228832695174, -0.949022878373, 0.216774477153, -0.411269052197, -0.296083538341, -0.862086019506,  
598, 1950760.5819725625, 77.51250767894022, 104.09435537967424, 71.69314111062461, 62.403733483152706, -0.342390946342, 0.263726860735, 0.901785219878, 0.0416796439736, -0.954589487912, 0.294994435279, 0.9386326476, 0.138589510766, 0.315850756473,  
599, 3540551.4806575538, 94.54983343010566, 112.64247871181638, 100.98217135531529, 74.3079706365289, 0.986356215286, -0.00871234357418, 0.16439437836, -0.0559404139043, 0.921440044711, 0.384472253999, 0.154829217718, 0.388422886905, -0.908380743009,  
606, 313499.35430841637, 42.14208452072173, 114.94360436976699, 43.874830857980584, 14.840474077392496, 0.545612208077, -0.390772891432, 0.741352726925, 0.355916086664, 0.908935379518, 0.217164028131, -0.758703537392, 0.145372016501, 0.635008597711,  
611, 705522.9872130476, 55.22565214468341, 102.34010123854638, 72.31801525082811, 22.75779695498751, -0.888544790713, -0.329940663294, -0.318790391325, -0.457876964808, 0.593916624801, 0.661522280715, 0.028928186848, -0.73375895326, 0.678793752561,  
613, 1048467.7537978805, 63.021512644334145, 122.99194995479999, 93.24355804685422, 21.825838859595507, -0.268610796782, -0.0653399933234, -0.961030137469, -0.942297545514, -0.18913010385, 0.276233849366, 0.199808847576, -0.979775734079, 0.0107673274418,  
614, 946595.1672644501, 60.91046166367392, 115.58869107027344, 105.03013279094846, 18.614287322809236, -0.142042789295, -0.304372106268, 0.941903109102, 0.873903627259, -0.48545161302, -0.0250834941793, 0.464883099577, 0.819569614092, 0.334946788885,  
620, 492921.28002019826, 49.00378804611936, 90.76100424703891, 53.799407265365616, 24.099729879393134, -0.685636601331, 0.407873491667, -0.602944164671, 0.727844634054, 0.397800220831, -0.558567071161, -0.0120266202099, 0.821823703176, 0.569614923702,  
623, 1075607.8732787182, 63.560668229665936, 108.1300101121397, 100.46784332070987, 23.63698284416356, -0.504879720912, 0.375291497148, 0.77733696656, 0.2070646078, -0.821589701225, 0.531144623467, -0.83798610705, -0.429123123369, -0.337094392391,  
625, 356399.2885040972, 43.98278643464031, 85.0138355582594, 42.18158312504381, 23.72661226283216, -0.600749899661, 0.383173118622, -0.701625198538, 0.772967819912, 0.0544382351998, -0.632105393055, 0.204010557174, 0.922070951562, 0.328884254484,  
631, 1215886.9159043364, 66.21171828839505, 115.64914060887835, 63.68603358378624, 39.411046257363076, -0.721635667696, 0.182592107895, 0.667759002368, 0.224699987028, -0.850583518012, 0.475413077981, 0.654791477448, 0.49312047313, 0.572782960676,  
632, 4137549.1598702935, 99.59056261885164, 109.40756532876749, 105.974628109658, 85.19327282962361, -0.682800809572, -0.452153873565, 0.573881459073, -0.730472268275, 0.437441150674, -0.524457343335, 0.0139039464985, 0.777304389745, 0.628971037453,  
633, 4125825.088837198, 99.49640773312409, 120.35418935247488, 104.20374932935142, 78.537603604416, 0.48938247208, 0.694864310311, 0.526942488586, -0.273608371938, -0.451391631417, 0.849343307439, -0.828035781127, 0.559829603846, 0.0307824597969,  
634, 3362044.1775965, 92.93335204952034, 108.76133545290762, 93.93672206087457, 78.56061482699504, 0.503875916892, 0.758908382989, 0.412513183552, 0.283230581173, -0.596327524706, 0.751115118451, 0.816020525639, -0.261632470282, -0.515421140651,  
635, 3084741.3823114554, 90.30463676952878, 116.41657564128953, 82.38545379289214, 76.78294963504165, -0.980672250914, 0.12235249493, 0.152682033234, 0.113001597556, -0.282863830692, 0.952480284434, 0.159726563971, 0.95132429816, 0.263570682155,  
636, 3486750.7769829715, 94.0684740341384, 108.73971925015277, 95.16467557241585, 80.43930660672709, 0.231615550334, -0.972790593673, 0.00571819064304, 0.919833910262, 0.217086082561, -0.32677088348, 0.316638302129, 0.0809450036691, 0.945086288127,  
637, 4047867.166491999, 98.86575358451721, 115.7634070835721, 103.79574825228877, 80.42420542552094, -0.416794141884, -0.672447582112, -0.6116346071, 0.58190331609, -0.714303908346, 0.388791020016, -0.698334571688, -0.193866386547, 0.689017162451,  
638, 3131286.2241865327, 90.7565655345868, 110.40598988778645, 98.01913177484319, 69.07655509121034, 0.78565232461, 0.598800923509, 0.155524528098, 0.000793127156969, -0.252360627488, 0.967632928668, -0.618667758805, 0.76009970905, 0.1987426389,  
639, 1500005.8602713677, 71.01249670884215, 120.50391815057368, 65.27030329197555, 45.528940880942926, 0.0300463947422, -0.0128014867475, 0.999466525753, -0.948529858637, 0.31501049705, 0.032549869778, 0.315259133789, 0.949001848621, 0.00267766267262,  
640, 3832220.059939962, 97.07795300768666, 121.42439017863734, 91.28886423527932, 82.5349886109079, 0.444962107551, 0.610812609323, 0.654917307098, 0.691576403325, 0.230256944791, -0.684619469296, 0.568973462657, -0.757555077646, 0.319967972029,  
641, 2275205.4807049558, 81.59132864560826, 115.39292391066124, 81.69532865183184, 57.61765963091891, 0.679083191988, -0.561653321089, 0.472643169072, 0.33306147942, 0.809533075557, 0.48345242838, -0.654152940287, -0.17088518511, 0.736805391011,  
642, 3601718.109544298, 95.09120921249307, 111.75831831433756, 100.39012500619502, 76.63907548314529, -0.53307408923, 0.834454827065, -0.13970381877, 0.839745434498, 0.501677796219, -0.207718545203, 0.103245438792, 0.228045018294, 0.968161065629,  
643, 3247958.6474836553, 91.87005167215159, 97.73617164371603, 91.17820472272984, 87.0112728006352, -0.401534418956, 0.840911980621, -0.362818344687, 0.186769402023, 0.463018058294, 0.866447614205, 0.896597624836, 0.280145174045, -0.342974314778,  
644, 1976981.386278636, 77.8582534154231, 116.36881783185389, 92.57653686770766, 43.8103192662276, -0.353880100655, 0.886295169257, 0.298746962014, 0.935070277653, 0.342198657574, 0.0924318917096, 0.020308870248, -0.31205921186, 0.949845565385,  
645, 3540821.77173515, 94.55223939484536, 104.1029949340352, 95.17822716229873, 85.31288382602484, -0.543975491394, 0.834735961707, -0.085478295462, 0.831356719183, 0.549959445857, 0.0799413121062, -0.113739484046, 0.027576840741, 0.993127810316,  
646, 3833694.133189003, 97.09039850641007, 104.14969955620246, 100.14943174599046, 87.74499227172268, -0.914039467507, 0.39979392635, 0.0685322427238, -0.320347905567, -0.815135686668, 0.482629290159, -0.248815335616, -0.41918805896, -0.873139335952,  
647, 3236098.315266843, 91.7580902392098, 106.05566878044843, 97.40624028408853, 74.78464397659717, 0.211144699319, -0.760048845783, 0.614608548568, 0.900916420903, -0.0925876276213, -0.424001336978, 0.379166874208, 0.643236568639, 0.66519109906,  
648, 2252206.0574718663, 81.31546895522834, 102.56224104921257, 82.26701324402475, 63.7244771393762, 0.770025298347, -0.621228783503, 0.145381699166, -0.446578440339, -0.687541008551, -0.572586288855, -0.455662963745, -0.375981595438, 0.806851351466,  
649, 3219951.947786607, 91.60522809767441, 108.85207356149691, 92.33750469361297, 76.47965862593965, -0.978985306165, -0.0766701724433, -0.188969455127, 0.116721082087, -0.970507554092, -0.210929553278, -0.16722427847, -0.228553652579, 0.95906166047,  
650, 3459508.8157468787, 93.82284776754614, 110.83048024481818, 92.69907024255279, 80.38800280187388, 0.856415972557, -0.344671209184, -0.38438709592, -0.432318282716, -0.071760131848, -0.898861160529, -0.282227894404, -0.935976624194, 0.210464188363,  
651, 1945631.1243884414, 77.44450922347846, 103.85866510546465, 76.65639739589767, 58.341924984908545, -0.712856560579, -0.670531063735, -0.205483859722, -0.701199058713, 0.686671535665, 0.191838687879, -0.0124661180606, -0.280838556245, 0.95967405989,  
652, 1359670.5896155008, 68.7250447720768, 116.94942178147984, 79.88292599339957, 34.74505882968707, -0.121674916952, -0.568539985503, 0.813607706127, -0.0887662110794, 0.822646429915, 0.561581170552, 0.988592825361, 0.00389053108937, 0.150562576401,  
653, 1562674.638937184, 71.98797959353479, 115.24709395958402, 69.04432394383787, 46.88371205282618, 0.857227200208, 0.429264608087, 0.284417691902, 0.254838393373, -0.833604330083, 0.490062459417, 0.447458289102, -0.347614322362, -0.823981409015,  
654, 3825347.1901350245, 97.01988367418625, 116.31079028688504, 97.36399505239501, 80.64247653438018, -0.401621743993, 0.907149548215, 0.125617164131, 0.915777553916, 0.396739170951, 0.0628450632612, -0.00717262119034, -0.140277323207, 0.990086272049,  
655, 3018283.856638887, 89.6514167795736, 119.63077673981172, 90.06272099750582, 66.87803206944507, 0.233473829061, -0.79934819683, 0.553653710697, -0.911836964509, -0.37773411224, -0.160842440313, -0.337703007536, 0.467289418536, 0.817066262934,  
656, 3197129.297342614, 91.38828561297052, 98.96942612299036, 94.6111307864736, 81.51326812971666, 0.727944407815, 0.571926719218, 0.378149133247, -0.663768886577, 0.449672428173, 0.59766677384, -0.17177835819, 0.686071814889, -0.706963691057,  
657, 2565964.507096511, 84.92860915208531, 104.201727542013, 92.22740427365777, 63.74221205223365, -0.957586692443, 0.227832505885, 0.176408831177, 0.267913166474, 0.47862624024, 0.836145595805, -0.106067250765, -0.847944144043, 0.519365446385,  
658, 3648466.5702343006, 95.50085373495476, 115.4916162205381, 94.87359395574877, 79.49246244135678, 0.716753776801, -0.296900956846, -0.630962633811, -0.470927146567, -0.873418100492, -0.123969529961, 0.51428751304, -0.385993061539, 0.765844442674,  
659, 1880689.1368727325, 76.57308343717422, 102.63168520181554, 74.80405868104239, 58.48194182681303, -0.332688231317, 0.917299822669, 0.218814021657, 0.0650751758111, -0.209147215259, 0.97571648743, 0.940788904184, 0.3388487534, 0.00988736989773,  
660, 3912459.865237197, 97.75082438768027, 112.14180171545848, 98.1263161732326, 84.88056501522377, -0.19796291037, -0.852469311294, 0.483845801284, 0.0912693154111, 0.47543964369, 0.875001175583, 0.975951124894, -0.217378054344, 0.0163151251196,  
661, 3544655.0249857535, 94.58634748131726, 106.75356689788875, 94.51548685405461, 83.86871617438771, -0.73845313856, 0.130207334836, 0.661613944915, 0.666063512306, -0.0120816692856, 0.745797178087, -0.105101663764, -0.991413174828, 0.0778046081661,  
662, 3613550.762297333, 95.195229135742, 114.694709322795, 95.36534099179869, 78.86995619000804, 0.535392329373, 0.391456047099, 0.748409792051, -0.329616712147, -0.719002028601, 0.611873276048, 0.777629652677, -0.574280633539, -0.255917715722,  
663, 3595922.5293399473, 95.04017758659747, 113.35415961047701, 91.22948945027727, 83.01355478260399, -0.0814137779253, 0.995364050121, -0.0512074651768, 0.0022864349012, 0.0515644056826, 0.998667053768, 0.99667776587, 0.0811881752013, -0.00647388817669,  
664, 2888528.4800582984, 88.34785604732915, 102.25476942094987, 88.44386270713827, 76.24945943377253, 0.246617658683, 0.881474460739, 0.4027188914, 0.662175082435, 0.150149392991, -0.734152109571, -0.707604331974, 0.44772528949, -0.546660931952,  
665, 2696300.6315768245, 86.34288744043657, 103.43054099627221, 93.33893267144458, 66.67577577589665, -0.582206148009, 0.648527305701, 0.490355315032, 0.811111382301, 0.421768397071, 0.405228015731, -0.0559850580197, -0.633659019499, 0.771584033198,  
666, 3250916.0040481417, 91.89792662483929, 114.57412709495419, 87.15065618387185, 77.72485502099606, -0.258244158562, 0.965563306732, 0.0315825151256, 0.957283566548, 0.260157541345, -0.126199155696, 0.130069703565, 0.00235677205403, 0.991502051354,  
667, 3289066.101890887, 92.25600923079757, 107.91047675707675, 88.88881399138447, 81.86028825193839, -0.958447840101, 0.237391387569, 0.158186810176, 0.069623796936, -0.34308709498, 0.936719687077, 0.276641039446, 0.908810527209, 0.312302995388,  
668, 3480536.057554719, 94.01255216618, 100.97827232533227, 93.48525540863203, 88.02103545834163, 0.844289279195, -0.333510648105, 0.419459486289, 0.322193371067, 0.941379972652, 0.0999758907438, -0.428213783848, 0.0507384931804, 0.902251938558,  
669, 3597559.5928901127, 95.05459792005797, 108.23219135988289, 93.69469008357088, 84.6930858038879, 0.702139208663, 0.337284097181, -0.627088486138, 0.594376095395, -0.762567098746, 0.255359505666, 0.392068347206, 0.55202432709, 0.735901863987,  
670, 3309122.1690142183, 92.44314892746203, 132.12708688654038, 86.44368228951711, 69.16702136698459, -0.0562264499691, 0.996613627084, -0.0599988719366, -0.0244103109293, 0.0587037792899, 0.997976955153, 0.998119593558, 0.0575772924586, 0.0210269434043,  
671, 2467961.6820235536, 83.83330754196389, 97.80566899686957, 85.90349005340268, 70.1253378512788, -0.700675326664, 0.50145324521, 0.507541849972, -0.584333622963, -0.811498591042, -0.00492481593244, -0.409399931215, 0.300024465012, -0.861613031886,  
672, 2799456.8838578146, 87.43025087784366, 98.84004232765179, 87.57515057065321, 77.20960992663278, 0.65876097868, -0.720935477484, 0.21514183757, -0.17863089536, 0.127903663998, 0.975567350806, -0.730838543176, -0.68109668186, -0.0445234069681,  
673, 3296301.3798049837, 92.32360785295734, 115.85397199761088, 89.4276649012349, 75.95484541863408, -0.166542475733, -0.377094854627, 0.911077973826, 0.95008758113, -0.308580639041, 0.0459519030288, -0.263812797187, -0.873256812068, -0.409664921879,  
674, 1934585.4913388283, 77.29767639833446, 140.95813918193312, 85.54429962375524, 38.30170299246226, 0.263761499068, -0.254355596599, -0.930447796541, 0.597881497881, 0.800071416893, -0.049228471054, 0.756946224048, -0.543312946975, 0.36310254137,  
675, 2685311.8716529785, 86.22543106071184, 98.64069734584282, 94.57570124942819, 68.71798535474727, 0.821055225544, -0.363335157537, 0.440290676605, 0.104943591704, 0.85421712536, 0.509215028551, 0.561119558711, 0.37188797512, -0.73948913095,  
676, 3325153.5948589765, 92.5921923493423, 102.05682154881416, 98.64569420186312, 78.85022367853902, -0.220963400096, -0.95893021047, -0.177842703717, -0.845976853547, 0.279187859103, -0.454287687036, 0.485281711051, 0.0500698589674, -0.872923060838,  
677, 2735081.0555263665, 86.754870137315, 127.83345162111391, 94.4947771071842, 54.05417853299378, 0.147470593488, -0.987909915472, 0.0478165553806, -0.182565551968, 0.0203255757313, 0.982983565583, 0.972071110203, 0.153690825632, 0.177360894297,  
678, 3316703.0486780116, 92.5136878676704, 100.55099924075667, 96.698771734957, 81.43491213516904, -0.730588661727, 0.374982608114, 0.570638459069, -0.337364195706, -0.924814481017, 0.175794127198, -0.59365445068, 0.0640797886537, -0.802164680022,  
679, 3797928.738954464, 96.78752864770951, 104.5218575781986, 99.90045304243267, 86.83276396950998, -0.972691657711, -0.0629732874254, 0.223394950906, 0.223626352676, -0.511985547762, 0.82937449519, -0.0621465478379, -0.856682650667, -0.51208655776,  
680, 3287866.559361901, 92.2447924234196, 119.76718829610931, 84.93180261747976, 77.16447006438837, -0.832749070694, -0.489246499893, -0.259165675968, -0.552426488132, 0.703140841692, 0.44768061378, 0.0367962018238, -0.515975599313, 0.855812608253,  
681, 3667251.8055174774, 95.66447825641794, 103.42170157592571, 94.06563378013108, 89.99315070566546, 0.626858166208, 0.765334814998, -0.145984452634, 0.438649753098, -0.191817270281, 0.877947907868, 0.643921760438, -0.614384859656, -0.455956149931,  
682, 3613170.0271822317, 95.19188566169905, 103.01038129303055, 96.83807504920975, 86.47143117241572, -0.357951729043, -0.422091983206, 0.832891900181, 0.376231099408, 0.751184033789, 0.54237690513, -0.85458804082, 0.507504586278, -0.110083492831,  
683, 749290.9106456361, 56.344814274110156, 87.34593442999856, 66.5586692454013, 30.769081317732592, -0.702311312302, -0.579117243823, 0.413983137965, -0.703206083897, 0.654841437654, -0.276918571246, 0.110724993486, 0.48559850642, 0.867141318575,  
684, 3340135.628267411, 92.73104719518646, 115.74616470714437, 88.19615481236167, 78.11226518396124, 0.864302714701, -0.0667841940597, 0.498518493923, 0.318038774818, 0.840414346787, -0.438810965481, 0.389656457758, -0.537813719737, -0.747612364658,  
685, 3317034.104275958, 92.51676583946433, 98.89938084019091, 92.88460508416742, 86.20332464747493, 0.569531240489, -0.198717259644, -0.797587372534, -0.149045532174, -0.979217926216, 0.137541565779, 0.808343735948, -0.040542615818, 0.587313119943,  
686, 3278643.296885315, 92.15845530843193, 110.7219417081388, 90.0360433938991, 78.51551168574478, 0.720396686172, -0.461195507673, 0.518003202939, 0.452678770423, 0.878514868182, 0.152622269646, -0.525462220679, 0.124540475693, 0.841652615129,  
687, 3396412.6632026513, 93.24894937826532, 107.31159321710018, 91.30335086414213, 82.75580790096332, -0.431702975614, 0.537784009744, 0.724169109883, -0.219401450509, -0.841327323988, 0.493995280772, 0.874926022222, 0.0543754795266, 0.481194101029,  
688, 3253690.0962587483, 91.92405883318597, 114.91958233101994, 100.54360802355588, 67.22627864824835, 0.25191337191, -0.17360684248, 0.952050585472, -0.590899002518, 0.751505700609, 0.293389759151, -0.766405911952, -0.636474544814, 0.0867302249986,  
689, 3495760.7902592365, 94.14943089531735, 120.78837462247795, 93.06256568425925, 74.24256000606069, 0.618440547718, 0.538217074701, 0.572585076159, -0.433224223209, -0.374396964564, 0.819843695682, 0.65562799007, -0.75508230904, 0.00162641027592,  
690, 3562140.918621855, 94.74162489708775, 125.5464971535981, 99.3982538167142, 68.14580589096131, 0.170530411874, 0.17383358395, 0.969897553207, 0.913579191426, -0.396682738913, -0.0895313668025, 0.369178059504, 0.901346043282, -0.226457215918,  
691, 2985754.271011652, 89.32817972781056, 95.63840113023093, 91.6151332805207, 81.35156800726241, -0.938915123501, 0.0875069844982, 0.332837675939, 0.325342094165, -0.0896400574392, 0.941337974304, -0.112209235914, -0.992122566907, -0.0556947000104,  
692, 1181430.280172936, 65.5802643257561, 112.87023661734445, 92.6940518350546, 26.95803212219704, -0.459623400349, -0.752042575063, 0.472417500886, 0.754515926571, -0.050074280016, 0.654368614034, -0.468457091315, 0.657209655873, 0.590443411195,  
693, 3704331.143121926, 95.98581671306461, 105.7249374100088, 94.71572050884367, 88.31240042504635, 0.982491341085, 0.0462197714037, -0.180484064184, 0.000532263191034, 0.968038681946, 0.250800372711, 0.1863074915, -0.246505259554, 0.951065021764,  
694, 2947837.615659218, 88.94843589483166, 101.52747589355911, 97.81404627357979, 70.86472940286748, 0.129663741231, -0.82364172061, 0.552088426142, 0.021523601355, 0.558995584696, 0.828891229822, 0.991324391304, 0.0955942067354, -0.090209194897,  
695, 709739.3376501094, 55.33544699954124, 109.99073307440092, 63.42064320269891, 24.289777061218256, -0.862874720878, -0.296806684227, 0.409088020195, -0.0648712951034, 0.867749552361, 0.492749864991, -0.501237399982, 0.398643332536, -0.768013386787,  
696, 3627866.023019683, 95.32077037735458, 109.02591081460788, 95.63719600586076, 83.0627055247351, 0.0707094545372, 0.423458890068, 0.903151560626, -0.984388373631, -0.116680244878, 0.13177727541, 0.161182204037, -0.898369795172, 0.408597611623,  
697, 3517544.8819700517, 94.34459244592045, 128.577997218858, 84.17257955025866, 77.59142799487412, -0.176272665918, -0.91127834041, -0.372155523336, -0.984226722639, 0.168940143605, 0.0525070121183, -0.0150235046927, -0.37554096205, 0.926684023888,  
698, 3540552.504490384, 94.54984254386612, 104.97699590959999, 90.94078943052557, 88.53797186563756, -0.870215941927, -0.0410364802309, 0.490958472486, -0.480949504383, -0.145317688654, -0.864621503086, -0.106825973666, 0.988533649733, -0.106721294482,  
699, 1799072.998881384, 75.44898333429167, 123.58426459088697, 67.8683751953037, 51.207025172157735, 0.00359492625343, -0.0629180009849, 0.998012225204, -0.900211498114, -0.434781776562, -0.0241674457372, -0.435438095679, 0.898335200202, 0.058202516348,  
700, 3505887.1157072256, 94.2402522014838, 101.76029527820384, 94.36849852607679, 87.15732958072138, 0.599088805095, -0.66831854719, -0.440956826789, -0.745973995793, -0.265805521918, -0.61063100324, -0.290887265466, -0.694764524137, 0.657789369624,  
701, 3312975.756597655, 92.47901942506832, 121.0875128562346, 91.20090263380749, 71.61947828371484, -0.487167234526, -0.507575765833, 0.710658094686, -0.872521774028, 0.317429015354, -0.37140890412, 0.037065340304, 0.801002910201, 0.597511923226,  
702, 3572584.9617851987, 94.83412733419554, 103.2582475048642, 97.97529500981257, 84.30486294979144, -0.487276966395, -0.451988314189, 0.747173153866, 0.815704916693, 0.0698643411958, 0.57423380492, -0.31174772959, 0.889283721692, 0.334645805935,  
703, 3026938.6178973764, 89.7370251580319, 106.11349130004227, 87.06202266051505, 78.21961040097982, -0.74217099735, -0.318575622767, 0.589653952137, -0.62541858173, 0.645442568108, -0.438469484571, 0.24090207205, 0.694199873129, 0.67827186867,  
704, 3831883.6990952855, 97.07511268909387, 106.72961839556163, 103.27305335987093, 82.9949630554093, 0.795649149577, 0.407015876069, -0.448642962058, 0.400593713937, 0.202016183364, 0.89370808322, -0.45438651733, 0.890801626787, 0.00231399693109,  
705, 2730121.39568014, 86.70239942084606, 103.84164360664163, 98.89180545741016, 63.46897575471366, 0.0655816596223, 0.975014806114, 0.212238483266, -0.369560656831, -0.173838422262, 0.912800703258, 0.926889403782, -0.138297978305, 0.34892649993,  
706, 3936266.678177934, 97.94869064542264, 107.20491775749548, 101.84582801769037, 86.06725522864132, 0.481152572887, 0.266109618253, 0.835271137223, -0.730646173923, 0.648231826095, 0.214363402124, -0.48440517146, -0.713429163065, 0.506330385373,  
707, 1794506.723140489, 75.38509621882991, 101.33984348894893, 80.76781435128197, 52.34050645062612, 0.616500142445, -0.396632847046, 0.680154364104, -0.462016358546, 0.517249790311, 0.72041206185, -0.63754878935, -0.758376581302, 0.135633705735,  
708, 3850665.063796752, 97.23345365223238, 104.42447554260487, 97.1477025955215, 90.61754623237492, -0.540788781889, -0.802761607118, 0.251239518229, -0.830409039515, 0.557105399501, -0.00737569919093, 0.134045964037, 0.212620262402, 0.967896845506,  
709, 2599352.853432314, 85.2953867507448, 96.99607489834851, 88.15573423400741, 72.57246942333606, 0.173537112341, -0.818118341273, -0.548240139276, 0.0712525588319, -0.544797535048, 0.835534989492, 0.982246376171, 0.184059842114, 0.0362495657997,  
710, 2637868.548699487, 85.71460869560704, 108.19008069126767, 83.5543612878991, 69.66393018363289, -0.011269863401, 0.338820921736, 0.940783382704, 0.742444425446, -0.627393493429, 0.234848205287, 0.669812858418, 0.701126085235, -0.244485065598,  
711, 3030116.0509440913, 89.76841371188743, 95.94335557168641, 91.85023176723459, 82.08720952572419, 0.670070991459, -0.644071005158, 0.369022230658, 0.0240899748624, 0.515742093938, 0.85640514107, 0.741906017981, 0.564962505707, -0.361099470546,  
712, 2687659.6927839178, 86.2505532721765, 105.57370024410004, 86.91027449546107, 69.92923929437204, 0.217283833776, -0.74039649446, -0.636082358323, 0.543069349774, 0.633179400224, -0.551506598753, 0.811087798525, -0.225603364607, 0.53966629037,  
713, 3386832.944456383, 93.16119601638283, 109.19514969148719, 90.43725461778357, 81.87559106340528, -0.577797219178, 0.777010132117, -0.249811184892, 0.77949578381, 0.434613231163, -0.451107151706, 0.2419435813, 0.455375223179, 0.856794438347,  
714, 3845177.720806751, 97.1872445821263, 107.82358662697091, 98.65682529025112, 86.2952513279208, 0.674691279978, 0.638464465905, -0.370344167631, -0.323477386872, 0.706774240878, 0.629152249152, -0.663441072669, 0.304685572693, -0.683383234275,  
715, 1261221.3905885844, 67.02460134423164, 96.6679180756705, 71.11003746697493, 43.80154663633953, -0.858379675408, 0.451182787159, -0.244168846124, 0.508674224087, 0.81031741376, -0.290923052898, -0.0665947940568, 0.373924834064, 0.92506505278,  
716, 2374576.632617113, 82.76229531633957, 105.70429791980987, 77.06840164771337, 69.58707507567408, 0.671239147607, -0.134029848343, -0.729022637833, -0.552888170287, 0.564553015372, -0.61285770289, -0.493713153437, -0.814442074421, -0.304846567203,  
717, 4134754.189048158, 99.56813264026032, 111.35625499710892, 97.14757366267469, 91.24614210607716, 0.368008479742, 0.438046638848, -0.820173701744, 0.520704961598, 0.633701350173, 0.57209172495, 0.770348039399, -0.637603121842, 0.00511441222811,  
718, 3505718.7408121647, 94.23874350614932, 103.37486798742023, 98.2997314015184, 82.36091481964, 0.209045442643, -0.464015158645, 0.860807722699, 0.9374973745, -0.155332573124, -0.311400810102, 0.278206174834, 0.872101900166, 0.402541426453,  
719, 3698493.2396302493, 95.93536670932939, 111.37351403672574, 95.8343164908116, 82.72432792502644, 0.229302402202, -0.741525242419, -0.630524165437, -0.356177445545, -0.666779247177, 0.654632005648, -0.90584658504, 0.0744697951464, -0.417008649768,  
720, 2705662.5680871652, 86.44270356978964, 126.49382549230916, 88.26775350314509, 57.85136673744434, 0.168625244673, 0.30456991779, 0.937444767459, -0.274347782184, -0.898979654249, 0.341421844141, 0.94673059593, -0.314758234877, -0.0680325826882,  
721, 3017866.733123448, 89.64728668018358, 101.73071704930327, 86.6218678601929, 81.75828980293414, -0.968436141866, 0.135127942294, 0.209456148966, 0.040222583581, -0.744575452233, 0.666325400763, 0.245995087143, 0.6537184678, 0.715638583336,  
722, 2087725.1644084754, 79.28570743293072, 111.19246788978157, 84.52547442650658, 53.030012593517455, 0.589596164195, -0.704551959873, -0.394946704007, 0.535568074709, -0.0250006891597, 0.844121912341, -0.604601687493, -0.709211887506, 0.362595226251,  
723, 1981082.0608635105, 77.91204769525386, 116.58982724744331, 78.81411590498348, 51.46940989525663, 0.701453496887, 0.045984062049, -0.711230242427, -0.66193691226, 0.41195803314, -0.626202924873, -0.264201657627, -0.910041781991, -0.319407950962,  
724, 3090203.3081165324, 90.35790394688136, 115.53903613847238, 100.401376052948, 63.596034829790305, 0.912769071996, -0.119623019939, -0.39056747728, 0.176239937308, -0.747250583995, 0.640746478115, 0.368499804214, 0.653687155924, 0.660984868567,  
725, 3421551.2735962016, 93.47844536749348, 122.49878198425408, 89.21560893099988, 74.74150328824904, -0.0903811350413, 0.425304505233, -0.900526139686, 0.994556642597, 0.0856212034418, -0.0593809244363, -0.0518491571231, 0.900991169407, 0.430727962357,  
726, 3524642.966122606, 94.40800939739904, 101.75177037970866, 92.37304617087594, 89.52395947854902, 0.190971749736, 0.980439623787, -0.0476228402273, 0.915585172592, -0.160428679711, 0.368736261378, -0.353883572, 0.114020975415, 0.928313327834,  
727, 3469951.9329349785, 93.91715968633456, 106.87022497029263, 92.77713769128147, 83.5482112413184, 0.466666286061, 0.306381508319, -0.829670385644, -0.684217776416, 0.71947611138, -0.119164422503, -0.560418247286, -0.623285244903, -0.545386919164,  
728, 2976652.9998892616, 89.2373230149811, 108.88667437582252, 88.28778312911825, 73.92039095289753, 0.104450027223, 0.80953476166, 0.577705514495, 0.598881408619, -0.514953467321, 0.61332208904, 0.793997008952, 0.281915583391, -0.538602222069,  
729, 2245884.9310355484, 81.23932331932266, 116.97718815645693, 85.16301835037655, 53.820368726087665, 0.555313547263, 0.131884240972, 0.821117172643, -0.666836263007, 0.660600171817, 0.344872166656, 0.496946941398, 0.739062893114, -0.454785419134,  
730, 3081227.34186877, 90.27033300553119, 102.14305857705368, 86.44975631473879, 83.30335678068548, -0.486077101076, -0.679360770006, 0.549725382337, -0.873494817228, 0.397207847886, -0.281483089816, 0.0271266674057, 0.61700475667, 0.786491750854,  
731, 1958133.6359251542, 77.61003979021343, 111.11131120564471, 78.24288546855233, 53.77130633690004, -0.299382696068, -0.954041880365, 0.0131943853811, -0.00512709554992, 0.0154370617332, 0.999867696256, -0.954119339594, 0.299275437742, -0.00951305304031,  
732, 2629535.3075082987, 85.62425367674057, 92.61825241926236, 91.42269321775132, 74.13781871986497, -0.609586235796, -0.385327334987, -0.692767974173, 0.0597464150242, -0.893759686974, 0.444549196188, 0.790465044781, -0.22960066823, -0.567845530165,  
733, 2629856.3022625, 85.62773766595497, 112.82958853091294, 82.79394199372823, 67.20813506461796, -0.409375720452, 0.868012888227, -0.281007376016, 0.0773980551909, 0.339928310148, 0.937261054889, 0.909077037746, 0.361942495199, -0.206340906298,  
734, 2777518.783028435, 87.20126766449386, 105.50272463578573, 93.18083205575927, 67.44940695984407, -0.17928341208, 0.542467716134, 0.820722995356, -0.706215673106, -0.651763133725, 0.276521681929, 0.684921076631, -0.530031691948, 0.499949521769,  
735, 3261038.893883142, 91.99321347878305, 97.43119781442029, 91.752173439318, 87.08692715711618, 0.280188788612, 0.959500746834, -0.0291986225856, 0.608666214147, -0.201096199228, -0.76751922348, -0.742307000163, 0.197278066396, -0.640360587503,  
736, 2789042.5876643327, 87.32169935150726, 135.2983877346683, 78.96007394457517, 62.32558574337419, -0.463754842185, 0.884813798203, 0.0451219332494, -0.112020584178, -0.109081764943, 0.987700641529, 0.878853136235, 0.452996369816, 0.14970455525,  
737, 1913703.047515026, 77.0185455656942, 108.10045754726981, 78.52502092241515, 53.820824455323546, -0.963054410772, 0.238384979519, 0.125294865944, 0.152654438681, 0.0999344279061, 0.983213981018, 0.221862173981, 0.966015378583, -0.132632816822,  
738, 2780460.146406809, 87.23203854889596, 105.95701789250067, 89.25960558316321, 70.18484982001453, 0.852929085096, -0.514080592814, 0.0907365410948, -0.459232642854, -0.821560578185, -0.337851440888, -0.248228434179, -0.246494138804, 0.93681550158,  
739, 3995739.4402021677, 98.43952672131466, 116.69619112290754, 97.09002673700226, 84.19324512285272, 0.581647005993, -0.11022669773, -0.80593848123, 0.377977681031, -0.840695716397, 0.38776743684, -0.7202913529, -0.530170526849, -0.447324914798,  
740, 3785563.235132789, 96.68237239982987, 122.94833768266945, 99.81026621847134, 73.64512788183086, -0.0889864363314, 0.763858900964, 0.639219049753, 0.771310990507, -0.353208802072, 0.529455284289, 0.630206926392, 0.540151017362, -0.557741972933,  
741, 3260188.021063518, 91.98521180239605, 102.36447528459358, 92.05822544922096, 82.59279713810005, 0.362517568745, -0.625752623573, -0.690662483737, 0.500176471954, -0.494674415658, 0.710718452974, -0.78638699713, -0.603101050061, 0.13365857309,  
742, 3411221.609039821, 93.38428005510971, 107.00574548990187, 95.50955553903312, 79.68331690675639, 0.0422793289366, -0.768378128106, 0.638598082203, 0.998809009342, 0.0480849318224, -0.00827056155386, -0.0243520266395, 0.638187191646, 0.769495995583,  
743, 3363395.2470614887, 92.94579909981408, 105.87559352375438, 97.31232823528362, 77.93375027052457, -0.981076133221, -0.180421862966, 0.0702678602791, -0.171755962462, 0.978482410035, 0.114333121231, 0.089384060005, -0.100100572504, 0.990954269985,  
744, 2325958.8246297175, 82.19356249039674, 99.84155718175965, 80.79373759569191, 68.83738559216788, 0.838662156281, -0.544447669255, 0.0149172070195, -0.294912220922, -0.430913202356, 0.852842654882, -0.457900174245, -0.719646126564, -0.521954866774,  
