# Void_ID, Void_Volume, r = (a*b*c)**(1/3.0), a, b, c, vector_a, vector_b, vector_c 

0, 1905005.751015323, 76.90169175729586, 143.29593173143678, 67.40050881944389, 47.088043507086226, 0.713378824502, 0.580331610607, 0.392817864261, 0.541317364258, -0.100350635706, -0.834808517605, 0.445046249174, -0.808173849889, 0.385731596388,  
5, 270363.0400293482, 40.11310102235682, 130.8263921818451, 51.22814288495181, 9.63063081357916, -0.811404705297, -0.41543907789, 0.411135959001, -0.565711346734, 0.381358138385, -0.731120128614, -0.14694582811, 0.825818589551, 0.544454388128,  
7, 2810285.2204443025, 87.54283297175363, 105.26603123451038, 89.54193279935961, 71.17821230302162, -0.925864082053, 0.0520076050508, 0.374260484931, 0.37179311361, -0.0513422026486, 0.926894739924, -0.0674209332184, -0.997326018534, -0.0281998319126,  
8, 4490709.321391768, 102.34707728929213, 119.27949204843809, 99.9899601531966, 89.88850531668373, 0.000651115404299, 0.195526792824, 0.980698143843, -0.309920624865, -0.932371674932, 0.186097463892, 0.950762211245, -0.30405975247, 0.0599907042498,  
11, 1293121.445424941, 67.58498705846603, 124.73318694203482, 80.49470058230837, 30.746904355915927, -0.129279171342, -0.984096851695, 0.121820697509, -0.989337928104, 0.136314585431, 0.0512718032965, 0.0670623580827, 0.113893460231, 0.991226976956,  
12, 269508.560206117, 40.070797399189814, 86.53474308721039, 57.839463724660014, 12.854914379661352, -0.873807155875, -0.450299017076, 0.183553397035, -0.014722627757, 0.401795763581, 0.915610948274, -0.486049687351, 0.797365010261, -0.357721598225,  
14, 729275.1255896233, 55.83856693107681, 113.42561468220146, 63.19259353658772, 24.289885633423452, -0.947699484516, -0.160551742925, -0.27584202887, 0.0410511389162, -0.918402692455, 0.393511497272, -0.316513018755, 0.36160701367, 0.87696059012,  
17, 2259512.900007176, 81.40331141179388, 139.24922326882216, 70.66066813750756, 54.82210345567457, 0.219549638341, -0.943878881991, -0.246760232686, -0.370876538237, -0.314690715149, 0.873739290169, -0.902357218451, -0.100311564288, -0.419152764968,  
21, 300366.94943328144, 41.54523100894669, 103.54241733776396, 66.22595848954244, 10.457237749513515, 0.897698375761, -0.433954865855, 0.0762941711891, -0.366614287511, -0.639608842944, 0.675643761327, 0.244400471255, 0.634494840348, 0.733269873391,  
22, 2289391.0451135607, 81.76054733967989, 105.70141309210914, 94.97682069576928, 54.441859380112405, -0.70793069327, 0.685097389515, 0.171684886947, 0.563865504925, 0.401849107291, 0.721507440935, -0.425311445745, -0.607584448327, 0.670784102576,  
23, 1173278.1619941907, 65.42907682905619, 132.2706261580444, 94.77810521026322, 22.342972266113822, -0.961602384424, -0.233244206386, -0.144630544691, -0.273095742475, 0.865436022948, 0.420046670771, -0.0271950310254, -0.443415866169, 0.895903342954,  
26, 481191.1548010511, 48.611946219649305, 93.50355898065538, 52.25899619692121, 23.509306675407384, 0.448651576304, 0.516849506648, 0.729094198686, 0.759838205499, -0.650077334679, -0.00673501301952, -0.470486625256, -0.557015301777, 0.684380222568,  
29, 1337531.8691377186, 68.34999856579056, 113.08627243594012, 65.39635322318209, 43.176964784931236, -0.830579988536, 0.392655588232, -0.39491577795, 0.556461586027, 0.613272250045, -0.560577961216, -0.0220768186107, 0.685360296746, 0.727869409801,  
30, 963012.0607805834, 61.260570789887666, 128.63633531507153, 91.15709558661528, 19.605999105275878, 0.730496684342, 0.673343296978, 0.11394471721, 0.304808822519, -0.470783816375, 0.827921602541, -0.611118790318, 0.570062630466, 0.549146994407,  
36, 1382221.7441912051, 69.10291542446608, 119.00271122904901, 56.993837181005794, 48.652410011212005, -0.869184335703, 0.319270810132, -0.37760394644, 0.453897860316, 0.212140379713, -0.865432372687, 0.196202250163, 0.923613885286, 0.329305432597,  
37, 2841156.578320226, 87.86222286206302, 136.20132396136614, 114.83649284814558, 43.365595014286974, -0.849323687635, 0.417076487636, 0.323568349939, 0.346211152477, -0.0225963150086, 0.937884451544, -0.398481005221, -0.908590452299, 0.125204945866,  
38, 2516803.7246888247, 84.38273150428778, 109.70194751468469, 86.03996187183255, 63.65700356793366, 0.0434668293781, -0.830089053697, 0.555934166674, 0.992578940902, -0.0273744502713, -0.118480739156, 0.113567956847, 0.556958528442, 0.822739033214,  
40, 1145918.6493635701, 64.91649443419277, 155.6745895287613, 66.69949408934438, 26.346620086046983, 0.245557719806, -0.891556547622, 0.38056317299, 0.312063827388, 0.444388431406, 0.839723222061, -0.917778608315, -0.0874405193512, 0.387345558508,  
43, 1043393.6615709634, 62.91968334325262, 127.78259239614088, 90.83518408336593, 21.460201207205426, 0.840290828579, 0.251004799035, -0.480528786096, -0.361850143193, 0.919702853494, -0.15235201064, 0.403702609945, 0.301899407314, 0.863643995282,  
46, 1685328.7929818684, 73.82418770573712, 154.7147176506763, 65.64375437911796, 39.616033509699555, 0.950641011533, -0.307154287347, -0.0440217100515, 0.14314860674, 0.308254698194, 0.940471965254, -0.275300097312, -0.900352866828, 0.337008266389,  
51, 3342623.1206880035, 92.75406128451445, 139.9971644042194, 88.77297989954458, 64.20942279640416, 0.735303384266, -0.660898711055, 0.150139357973, 0.321143580507, 0.534844709993, 0.781542025032, -0.596821358353, -0.526454204958, 0.605516503735,  
52, 2365608.939781746, 82.65797874075626, 137.02168549520175, 87.7621730441415, 46.96319875673146, 0.115240387463, 0.939248473646, -0.323314023593, -0.357724254561, 0.342885114777, 0.868598385771, 0.926689274135, 0.0155596535531, 0.375506173564,  
59, 1700430.7632683201, 74.04404135341076, 145.82793637413872, 101.38843088525897, 27.45624946472857, 0.575914527898, 0.520300779686, -0.630562887597, 0.631092191651, 0.207342200333, 0.747483683834, -0.519658640064, 0.828430027594, 0.208946373952,  
65, 235572.4979591108, 38.312926454125474, 125.67402539839217, 36.2842699039964, 12.33309460866343, 0.661269825293, -0.416221707965, -0.624084696155, -0.629396751047, -0.760497201242, -0.15969889378, 0.408144518435, -0.498400939727, 0.76486244211,  
69, 637187.6548553262, 53.38176321589334, 100.15887293260865, 44.05854092554494, 34.47142240394511, 0.329255896921, -0.797855917548, 0.504991573371, -0.801393726939, -0.518956647107, -0.297408965645, -0.499358236906, 0.306773423321, 0.810266263631,  
71, 1055463.0788588093, 63.16136089014692, 115.1255820519121, 67.62873634330002, 32.3631901561007, -0.280219425717, 0.914322636886, -0.292388763684, -0.235051292988, 0.229965032593, 0.944387088777, 0.930713684822, 0.333361964631, 0.15047204864,  
72, 2150480.604556031, 80.07230064622601, 157.0573910051907, 84.33095383865361, 38.761585166686004, -0.381341864049, -0.538223651143, 0.75159409529, -0.918957087656, 0.132337909435, -0.371489634813, -0.100480116297, 0.832347270721, 0.54507042403,  
77, 945905.03628493, 60.89565546918704, 100.85472935571727, 86.39216178251856, 25.91721423953021, 0.913970539985, 0.39460724962, -0.0945672807387, -0.367558047688, 0.90382537748, 0.219090777082, -0.171927117172, 0.165483550752, -0.971110838582,  
80, 2021248.1574418321, 78.43507976984326, 113.45469362806766, 78.5529692528123, 54.14345363895966, -0.792844184158, -0.0147835222993, -0.609245063267, -0.0478642788192, -0.995107029503, 0.0864350082202, -0.607541859019, 0.0976905691525, 0.788257218323,  
81, 2994194.3377693524, 89.41227087555015, 106.05524540673571, 91.20191319893488, 73.90184370458385, -0.935545674846, -0.339545008264, -0.0972804072767, -0.342852004333, 0.806801203109, 0.481169743216, 0.0848928348067, -0.48350905475, 0.871213062674,  
82, 696803.172915736, 54.99719037961451, 98.58118680486227, 58.52139675629505, 28.83452389783346, -0.625562288387, 0.142603619021, -0.767030658572, 0.764780416335, -0.0822523678633, -0.639019141162, 0.154216530045, 0.986356302673, 0.0576064756595,  
84, 3025488.0832351046, 89.72268861983544, 119.34044124518356, 95.16682370746081, 63.5965598135866, 0.819565838015, -0.486962602593, 0.30195903834, 0.224217754591, 0.757529247943, 0.613087136578, -0.527293310867, -0.43476069531, 0.730030754234,  
86, 3975952.715673498, 98.27676837713435, 135.08989786992217, 95.80069959750207, 73.34340149295579, 0.166473559851, 0.901529759745, -0.399412876813, 0.909923636481, 0.0156081775812, 0.414482038895, -0.379902000053, 0.432435517836, 0.817724888498,  
88, 1848857.0565651546, 76.1386038007961, 117.26663941484672, 96.21660432784435, 39.119223054059255, 0.13301236548, -0.138799568818, 0.981347232291, -0.877620238257, -0.47657696897, 0.0515471633462, 0.460532765427, -0.868106601946, -0.185203940632,  
92, 1320010.6495969035, 68.05023175176596, 112.38381244931925, 109.24856484249871, 25.666658036253917, 0.979377083456, -0.17129714658, -0.107134569465, 0.148890911703, 0.253474973152, 0.955814801307, 0.136572416004, 0.952054476151, -0.273752168261,  
103, 1566778.940944352, 72.0509490065612, 125.30653270263423, 85.95979107954138, 34.725623477889926, -0.56157695809, -0.625325440273, -0.541848146523, 0.0574417663328, -0.682744820169, 0.728395465399, -0.82542823045, 0.377925395124, 0.419333557084,  
104, 1440142.973649913, 70.05497786518396, 117.15675621569476, 94.78055922719517, 30.962099013127983, -0.510046233624, -0.82096074765, -0.256663769129, -0.853811329009, 0.519374586766, 0.0354436606116, -0.104206784914, -0.237220339429, 0.965850638836,  
111, 1832762.5383934104, 75.91702776884081, 93.00610271165567, 78.60231132208456, 59.850919504504354, -0.481246010422, -0.356916227139, -0.800632927288, -0.17065269921, -0.857732020766, 0.484946839154, 0.859813894808, -0.370008901728, -0.351871395452,  
114, 3337098.066859572, 92.70292840886202, 132.22151681365213, 113.37215099007523, 53.146153629903225, -0.222267422544, 0.953958506817, -0.201396028132, -0.347875116596, -0.270561931817, -0.897652017379, -0.910812876572, -0.129458133476, 0.39199553001,  
115, 1176308.6021896906, 65.48536028195747, 94.57317469831479, 88.53818315093054, 33.537762884785494, -0.00263637539047, -0.87639901786, 0.481578457803, -0.909817539053, -0.197754340974, -0.364863352855, 0.415000114645, -0.439110444103, -0.79684184298,  
123, 427872.28610378964, 46.74571957235739, 127.60213554746394, 105.6705655937217, 7.5755396126524275, -0.0726954728749, -0.94476427428, -0.319586974497, 0.0237258512879, -0.321982255606, 0.94644836682, 0.997071939332, -0.0612200385472, -0.0458219890023,  
136, 3918695.2964731585, 97.80272651976283, 102.15515560242821, 97.27091162971774, 94.14767739940943, -0.189917731083, -0.224107394214, -0.955880291291, -0.0807908132869, -0.966730604942, 0.242703073644, -0.978470285655, 0.123319963212, 0.165493464417,  
139, 1302175.9553336063, 67.74236494617897, 92.701060148425, 61.2842122666176, 54.72020976427331, 0.84818930858, -0.471914695666, -0.240564787167, 0.301559523767, 0.0568356652301, 0.951751837815, -0.435473019182, -0.879810335909, 0.190517774478,  
145, 607134.0846173875, 52.52894380175618, 120.75649458290674, 84.16314423646872, 14.261445817977194, -0.455092002358, -0.706505807951, -0.541978609099, -0.870915664474, 0.47993870937, 0.105663336224, -0.185464753427, -0.520104199732, 0.833723243443,  
149, 454761.66685952275, 47.70512960964594, 89.3349815705191, 61.431969637480684, 19.782412263301577, 0.781925405153, -0.434911283398, 0.446592472338, -0.405095441902, 0.190012036679, 0.894311527862, -0.473804119575, -0.880197478689, -0.0276053397719,  
153, 1138947.87566928, 64.78459476241835, 141.36206297507223, 59.80577384668716, 32.161718835229486, -0.58622562969, 0.400791412428, 0.704063743434, 0.766100523323, -0.00840812898867, 0.64266576969, -0.263494780324, -0.916130747814, 0.302117450094,  
154, 3221794.692211442, 91.62269966604538, 124.50112088096479, 90.67083321083251, 68.13470569515765, 0.800821365325, 0.59716716493, -0.0455688267152, 0.440912825987, -0.639348945553, -0.629943494053, 0.405315951721, -0.484380328821, 0.775302957773,  
156, 543284.3795271479, 50.61891939895419, 142.1024912115474, 42.286319323210016, 21.584253471619807, -0.771439806656, -0.577364430503, 0.267452685716, -0.636167799747, 0.708478789441, -0.305529598366, 0.013082632447, 0.405842480899, 0.913849399751,  
158, 1360039.7487294676, 68.73126396984772, 108.71757562461914, 87.22401016223088, 34.23948179762221, -0.604132722241, 0.449754885161, -0.657832955385, 0.533500877874, 0.841480795046, 0.0853632524995, -0.59194633813, 0.29938372508, 0.748310709486,  
159, 695826.127914558, 54.971472995372906, 106.58619344598145, 63.30312561731391, 24.619884806046656, -0.414068756977, -0.0122145200109, 0.910163650118, -0.877351238352, -0.261022139123, -0.402644070427, -0.242490966962, 0.96525553528, -0.0973646884328,  
160, 1777534.9372072723, 75.14668818287956, 124.79487760348377, 65.67757771307599, 51.7744685608483, -0.366427894164, -0.868571718562, -0.333637180321, 0.300161024956, -0.449754767091, 0.84120390428, -0.88070083313, 0.208095697199, 0.425514069486,  
163, 3062250.426310109, 90.08462979826734, 129.23109949409124, 91.45066615817528, 61.85832867405614, 0.761026000548, 0.630317789369, 0.153423958023, 0.487492728545, -0.711699238633, 0.505801377366, -0.428007320154, 0.310134935368, 0.848896964159,  
176, 1484706.5249692977, 70.77024014285018, 105.0893268891474, 65.71331556712308, 51.326307019131846, 0.371583243279, -0.872812801505, 0.316423303256, -0.859584490555, -0.452213878919, -0.237943504449, -0.350771146064, 0.183576744829, 0.918291447116,  
182, 3695101.8770838715, 95.90603484508904, 99.0064872714184, 98.45926201896695, 90.49354029859268, 0.778987299347, 0.389252597707, -0.491590482652, 0.623824928065, -0.401813603498, 0.670364294372, -0.0634132997144, 0.82887166873, 0.555833167593,  
183, 2835340.768457143, 87.8022309739586, 95.29993556293432, 91.54674817421508, 77.58560014308004, 0.703425517478, -0.306749135997, -0.641168861475, -0.00509517304084, -0.904230767329, 0.427013768661, 0.710750716195, 0.297105514893, 0.637621935357,  
184, 3151522.137050221, 90.95165042420787, 103.52339238674335, 89.5064344349543, 81.19681623807227, 0.720660210355, 0.0452840677863, 0.691807931738, 0.485934314413, 0.678731159367, -0.550628600219, 0.494486302425, -0.732989335876, -0.467129457651,  
185, 3382745.508205628, 93.12370339462926, 103.25264865526975, 92.10123697707762, 84.92079526362996, -0.777787492678, 0.321133066473, -0.540296372236, 0.585671357393, 0.682283645785, -0.437582092668, -0.228113299402, 0.656781988419, 0.718750125095,  
186, 3374525.535759722, 93.0482129250116, 102.2331989570553, 92.7590134196418, 84.95247543267475, -0.605983239606, 0.226174117191, 0.762646433172, 0.793271033548, 0.243175057693, 0.558199747985, 0.0592062551694, -0.943245015905, 0.326777384958,  
187, 3323432.913869503, 92.57621823866205, 96.7183647861823, 95.22893174099104, 86.14309067168587, 0.222242409474, 0.733230904771, 0.642635784655, -0.360178894249, -0.550753112994, 0.752955624632, 0.906023992822, -0.398802518567, 0.141693597652,  
188, 3368343.5236777337, 92.99135784099596, 99.69629822064721, 95.83534457383982, 84.16335240278322, 0.442200465954, -0.329144254454, -0.834339743552, 0.238806604187, 0.939859506934, -0.244203834987, -0.864540429191, 0.0912587912773, -0.494208133592,  
189, 3284267.9897001465, 92.21112616544434, 97.36997641764181, 92.7339054379971, 86.83331137361643, -0.312022638932, -0.241356524247, -0.918906361387, 0.925396226846, -0.296220079723, -0.236422265677, 0.215136459329, 0.924121578891, -0.315777787843,  
190, 3044227.1149277515, 89.9075466165994, 102.51424578893553, 87.76291038139367, 80.77801984996509, -0.377440003194, -0.548534365087, -0.746089199967, 0.197155601908, -0.834810628902, 0.514024204205, -0.904803134735, 0.0469176319802, 0.423237549355,  
191, 3365315.42243321, 92.96348344043822, 105.74390956529417, 89.82797069164987, 84.5804934926815, 0.648586637311, -0.694874304241, 0.310620468106, -0.522519949842, -0.109745138838, 0.845534686762, -0.553451240777, -0.710707890632, -0.434264917159,  
192, 2427804.560271539, 83.37612453598501, 90.2876938300357, 81.4106329177144, 78.852491849428, -0.54623732479, 0.689196261021, -0.476060184011, -0.265953500747, 0.396232879323, 0.87878793846, 0.794288058859, 0.606636645066, -0.0331430296746,  
193, 2993874.7648143712, 89.40908974600201, 94.13429899870476, 91.3194738154464, 83.14453850364686, 0.239652420083, 0.0422767742428, 0.969937828888, -0.168844743294, 0.985641875846, -0.0012430773238, 0.956063894418, 0.163470997241, -0.243349671976,  
194, 2130010.134820151, 79.81742022318127, 86.43078361634514, 84.08443238376658, 69.96953911550621, -0.0813760289123, 0.991663508747, -0.0999070935337, 0.984385473251, 0.0956652922861, 0.147761266587, 0.156087097384, -0.0863228664475, -0.983964013955,  
195, 2766507.1719219037, 87.0858771211006, 110.63257853158676, 85.16599199113573, 70.09611480061639, -0.807885237549, 0.101462685516, -0.580540064421, 0.0850945198755, 0.994828697046, 0.0554507549086, 0.583164098378, -0.00460293174881, -0.812341336743,  
196, 3541852.488024991, 94.56141307304958, 102.74067499966611, 97.57836205102164, 84.34239358443998, 0.821501627108, 0.478043674802, -0.310820400941, -0.528304589525, 0.843210255257, -0.0994521297694, -0.214544488035, -0.24590793076, -0.945251264079,  
197, 3527717.5106632514, 94.4354521081631, 100.35523248186487, 95.76038593985986, 87.63534131053481, -0.631371683615, 0.154191801497, 0.759996503598, 0.699575742122, 0.536121790843, 0.47240576459, -0.334609590663, 0.829938740953, -0.446360961668,  
198, 3811484.532634374, 96.90254518726654, 107.3258196295771, 97.2474706268228, 87.18123648759301, 0.0879240509616, 0.880620437617, 0.465593176618, -0.34712767629, -0.411018509385, 0.842950865292, 0.933687173317, -0.235735932334, 0.269549313838,  
199, 3037183.491434727, 89.83815144899535, 106.05395005592312, 90.3876436068451, 75.63912704702005, -0.8921948798, 0.343674264802, 0.293046576796, 0.092853899679, -0.495401587842, 0.863687107741, 0.442002771229, 0.797787732718, 0.410083264411,  
200, 3506825.0745371273, 94.24865574216274, 107.95926221920766, 100.06019714120987, 77.50045133745982, -0.808364872666, -0.585384850679, -0.0622158278497, -0.588226343015, 0.807372174405, 0.0462595004133, -0.0231517174715, -0.0739915440549, 0.996990094929,  
201, 3677230.451305099, 95.75116782410366, 104.69226602842734, 95.22030556968743, 88.06190329157154, -0.191082884668, 0.474646735144, 0.859184385335, 0.635971363468, -0.606874336301, 0.476701127321, 0.747681587332, 0.637506091545, -0.185898432503,  
202, 3280796.8335565086, 92.17862860955022, 101.11225970806288, 93.9525922748486, 82.44762392428794, 0.480490177992, -0.764791789391, 0.429211728327, 0.136005080227, 0.548468655005, 0.82503621292, 0.866390100939, 0.33804682125, -0.36754937034,  
203, 3649781.7000223473, 95.51232713319061, 101.42510388914475, 95.76951126131956, 89.70270669688072, -0.681584996137, -0.114020935156, -0.722800885021, -0.71531169072, -0.10430655241, 0.690977082285, 0.154178721489, -0.987987535078, 0.0104667267826,  
204, 3549183.970717176, 94.62661412860673, 98.82612649529871, 97.54896429807825, 87.89121454846587, 0.832497252243, 0.536614300391, 0.137816608667, -0.546822929738, 0.755850996048, 0.360102701026, -0.0890674380471, 0.375145790847, -0.922676881194,  
205, 3620864.348983997, 95.25940879665288, 104.32895348682808, 101.11121962868327, 81.94443129262741, 0.17628931902, 0.286174361578, 0.941820742379, 0.658037631557, -0.74584412034, 0.103455418461, 0.732057751447, 0.601515405397, -0.319797851175,  
206, 3650320.925493043, 95.51703062394061, 102.28770095956982, 96.97777022047416, 87.85102379155772, -0.0348105890223, -0.943258540903, -0.330229538208, -0.0910688115233, 0.332048973352, -0.938855660293, 0.995235999379, -0.00260850696722, -0.0974602546259,  
207, 3538307.7003776333, 94.52985595067733, 104.04140139303756, 100.45565952041717, 80.8214030904065, -0.29249039663, 0.599557748729, 0.744969713357, -0.704559997311, -0.661846849511, 0.25603507178, 0.646563668999, -0.449988059543, 0.616008253353,  
208, 3015090.0847599776, 89.61978432019745, 109.02417977034014, 89.66601403388067, 73.63104953069934, 0.611906818497, -0.689618944047, -0.387292857523, -0.63392365719, -0.720441782977, 0.281255105191, 0.472980805457, -0.0734121880412, 0.878009002412,  
209, 3560196.965742131, 94.72438743871385, 108.79676503873338, 98.82534327291988, 79.04985954382562, 0.0349812249844, -0.254050991188, 0.966558020905, 0.812857359078, -0.555423650548, -0.175406619615, 0.581411410011, 0.791809738693, 0.187077818086,  
210, 3194615.657836388, 91.36432897222222, 102.67572180919221, 91.00765081834324, 81.61769733852624, 0.464835402991, 0.659269402694, -0.591009223953, -0.304018881456, 0.745769698171, 0.592790078365, 0.831565131451, -0.0958718517693, 0.547090504573,  
211, 3441266.151763785, 93.6576416532597, 97.47566218440012, 93.4816000201202, 90.1586338201532, -0.634081164966, -0.76990581706, 0.0720146449839, -0.0657576539386, 0.146480235854, 0.987025567781, -0.770465448404, 0.621118807766, -0.143507558878,  
212, 3620613.946553462, 95.25721284424343, 102.78739140300864, 99.18029163495471, 84.78682747235413, -0.849969068025, 0.480303784347, 0.216473689264, 0.483934534514, 0.549397269112, 0.681153438659, -0.208230520592, -0.683718447487, 0.699406273106,  
213, 3228842.484641382, 91.68946033247704, 107.24696080481479, 95.99483238302808, 74.87302869810821, -0.881881657152, -0.465489415636, 0.0748621847754, -0.469515004232, 0.881529595911, -0.0496108086388, 0.0428999251715, 0.0788997811367, 0.995959045823,  
214, 2985317.934134419, 89.32382805490982, 110.912976375208, 84.58526373606941, 75.96698897269957, -0.525959172923, 0.768402068807, -0.364589096205, 0.026402220561, 0.443215672664, 0.896026110253, 0.850099918343, 0.461647190134, -0.253400869521,  
215, 3046563.894695174, 89.93054538268522, 95.58626020983172, 93.74034071239538, 81.17077333537883, 0.332035851499, 0.30286242545, 0.893323314691, 0.360278502018, 0.834531662039, -0.416840864165, -0.871752025695, 0.460251296907, 0.16797961005,  
216, 3029205.51215556, 89.75942111777026, 101.8705661490197, 88.68792472095303, 80.04365597911583, -0.519390126494, -0.394391403195, 0.758082658808, -0.849319140319, 0.336135946773, -0.407025334806, 0.0942915393208, 0.855259052202, 0.509549859425,  
217, 3890961.9306167956, 97.57145713099776, 115.6015831390871, 99.74891137474594, 80.55572785176217, 0.687990692823, -0.723946998771, -0.0506907245892, 0.129971485482, 0.0541939562486, 0.990035569092, -0.71398614801, -0.687723605875, 0.131377404347,  
218, 3212788.404229414, 91.53724516998997, 102.75841497589235, 88.85932587836086, 83.99880417641766, -0.922935757854, 0.231497288643, -0.307568841441, 0.0823720806775, 0.899232499032, 0.429646078778, 0.376037800227, 0.371200643905, -0.849002741318,  
219, 2961626.4784365483, 89.08690919032611, 111.70142053901488, 84.20216232546885, 75.17262818979708, -0.590257074475, 0.178942964188, 0.787131502101, 0.102542311832, -0.950597901944, 0.292999493351, 0.800675752297, 0.253659307709, 0.542747911369,  
220, 2224633.610540021, 80.9822728837771, 108.78867184151812, 78.85002522506704, 61.913360042960534, -0.658342087923, -0.0882394799581, 0.747528922147, -0.752118219294, 0.116780256911, -0.648598917515, 0.030064588394, 0.989230087377, 0.143247878701,  
221, 3255939.5374645446, 91.94523787666492, 104.87973061087088, 99.9479769375193, 74.15187739572924, 0.682835852618, 0.697594922147, 0.217017333349, 0.42904868086, -0.623342214934, 0.653729081909, -0.591314153248, 0.353278654429, 0.724942593929,  
222, 3877624.019194216, 97.4598404026359, 110.32125932774652, 96.27631317950706, 87.15622791252656, -0.634253862595, -0.739916290148, 0.224156020121, -0.772740369468, 0.597565724057, -0.213980201952, -0.0243794827283, 0.308932175414, 0.950771556062,  
223, 3659983.316794459, 95.60123416066041, 112.1969999713492, 90.05797390481489, 86.47430491953337, -0.715556563035, 0.698339207578, -0.0173538542456, 0.679322032241, 0.701430177786, 0.215678654953, -0.16278937806, -0.142541421525, 0.976310176911,  
224, 3444790.4875378544, 93.68960356723245, 105.90654605234839, 94.57573094538476, 82.10539463833224, -0.725547021981, -0.506870586339, -0.465471511049, -0.684224460185, 0.603681922171, 0.409151591624, -0.073609829358, -0.615345712221, 0.784812874177,  
225, 2475261.805304267, 83.91588460106664, 108.98946078694843, 94.58642957279989, 57.321717582897875, 0.140325065482, -0.835436201908, 0.53137108365, -0.163087541453, 0.50984742969, 0.844664461346, 0.976581450684, 0.20518759948, 0.0647048622528,  
226, 3067401.879589473, 90.13511628319418, 104.94675567999435, 87.26609395652373, 79.95902970880354, -0.498550799812, -0.682266809106, 0.534751438707, 0.112571744826, 0.560703342529, 0.820328814527, -0.85952004181, 0.469173489095, -0.202735134737,  
227, 1596083.6333916252, 72.49738554272504, 116.0242231199755, 71.47792469785321, 45.9458648947115, -0.840356663816, -0.102238418081, 0.532304408631, -0.52147132013, 0.420421125426, -0.742505043469, 0.147879477485, 0.901550543876, 0.406618097206,  
228, 3128197.656333706, 90.72671624343867, 118.80433243523049, 96.43730402088882, 65.18208343366689, -0.463664037456, -0.882420870545, -0.07968103662, -0.883187585481, 0.467487583853, -0.0378820247039, -0.0706777845056, -0.0528087698198, 0.996100338624,  
229, 3171916.5558949998, 91.14742028645745, 103.81424549031536, 94.76203391132806, 76.97360359616893, -0.76607692657, -0.536831738852, -0.353465453387, -0.620737647309, 0.760608200494, 0.190157667621, -0.166766051072, -0.365084715516, 0.915916063134,  
230, 2942820.3260824354, 88.89794312111371, 109.30676470761532, 84.80783636824712, 75.7865459459015, 0.641049062832, 0.169654850631, 0.748514081831, 0.651164597148, 0.396000743821, -0.647431910176, 0.40625209718, -0.902441489821, -0.143382673241,  
231, 3343992.265185583, 92.76672363311953, 98.43633886330375, 91.19242761315243, 88.93289401401454, 0.783201465147, 0.14494664557, 0.604637027422, 0.553137843112, 0.281689638302, -0.784021348045, 0.283961250013, -0.948494289709, -0.140444262538,  
232, 3697857.8755718023, 95.92987281665953, 107.70487915016672, 94.67385435705548, 86.57573152777061, 0.128256333909, 0.56496920727, 0.815082883913, -0.293445493934, -0.763450216509, 0.575355115561, 0.947333127734, -0.312975337284, 0.0678703421935,  
233, 3696008.9166127406, 95.91388157937361, 105.87297523649093, 93.21824944421861, 89.4042862121396, 0.619972337915, 0.590611072989, 0.516539311848, -0.531324588116, -0.168396703081, 0.830263050156, 0.577346068042, -0.789190161403, 0.209404887386,  
234, 3361913.8766060807, 92.9321514442123, 101.1380118511484, 95.89161525870307, 82.75665496869748, -0.923400808437, -0.252094717296, 0.289446368934, -0.074904461523, 0.857938277801, 0.508262956675, 0.376457525654, -0.447649600688, 0.811103918362,  
235, 2915095.644465054, 88.61788888259535, 118.19693028228487, 88.6840259551356, 66.39151841229406, 0.646686127258, 0.660896754946, -0.380805110409, 0.226260082068, 0.310565612199, 0.923230943904, 0.728425307135, -0.683201639211, 0.0513039190001,  
236, 2175947.1519867834, 80.38714005795386, 94.93811354878824, 81.98676714619944, 66.73833601213607, 0.485102864831, -0.867433177746, 0.110611449129, -0.793693179569, -0.489857139132, -0.360681466043, -0.367050878269, -0.0871760597131, 0.92610689846,  
237, 3601454.1977823125, 95.08888658934612, 99.08863300663467, 94.94035431918691, 91.39335100866487, 0.716974112894, 0.585533571224, 0.378283700956, 0.551933433782, -0.145344715321, -0.821123863008, 0.425814051098, -0.797511975269, 0.427383952892,  
238, 3317561.325517549, 92.5216672281342, 108.98804595225891, 87.95509220674185, 82.6210092728006, 0.868441280611, 0.435730022049, 0.236535599889, 0.337330568976, -0.169661443647, -0.925971426003, 0.363342578518, -0.883942499501, 0.294326057649,  
239, 3331582.77287828, 92.65182953775299, 99.4816671585334, 97.70461928156786, 81.82835995059658, -0.315174687421, -0.420164097475, 0.850956548598, 0.289391991894, 0.811401994197, 0.507817958367, -0.903834714667, 0.406311376909, -0.134141244803,  
240, 3449093.953501265, 93.72860180147666, 104.74656053564958, 92.98999381153445, 84.5357529592218, 0.0609428983879, -0.900931590111, 0.429660602191, 0.839826442139, -0.18635006444, -0.509867826566, 0.53942331264, 0.391913158011, 0.745269458892,  
241, 3688812.712523329, 95.85159238018991, 107.54241335783692, 93.1644509603976, 87.89577290622393, 0.340255286974, -0.607333828639, -0.717894114948, -0.821721049793, 0.179127668537, -0.541006279715, -0.457166114244, -0.773988952735, 0.438109854981,  
242, 3284381.5633991873, 92.21218907484624, 109.3402074125712, 87.44271220690277, 82.00899377170182, -0.915753580001, 0.0181326271493, 0.401331021163, -0.0337848752541, -0.998918058877, -0.0319576884746, 0.400317327778, -0.0428242861147, 0.915375397091,  
243, 2974490.2752078595, 89.21570561214243, 110.75321809101999, 87.61414078048954, 73.18016489063172, 0.491363662965, -0.149962109201, -0.857947035965, -0.65346857854, 0.5877579289, -0.476989972511, -0.575795595311, -0.795016970145, -0.190807362546,  
244, 3737047.711778806, 96.26757037214287, 113.33461335620882, 94.95383403308207, 82.9019909676189, 0.574482465458, -0.531806920872, -0.622214830902, 0.491480757489, -0.383759764955, 0.781776891331, -0.654535378646, -0.754923732383, 0.040909612393,  
245, 3424794.730192617, 93.50797364307172, 119.50095038522483, 83.64524647396019, 81.79623478208939, -0.385416948494, -0.541870044169, -0.746880600261, -0.424626886144, -0.614465597159, 0.664924083991, -0.819234876807, 0.573418595042, 0.0067328658614,  
246, 3822538.6880877293, 96.99613443531086, 105.43940255168548, 97.62383015981719, 88.65525864986915, 0.843840900108, 0.0865289157393, -0.529570847051, 0.239017886877, 0.82298420303, 0.515332369754, -0.480419592708, 0.561435435562, -0.673785772066,  
247, 3379141.086616131, 93.0906162297272, 116.5138305265687, 90.63081883009424, 76.39489378465814, -0.901331165072, -0.260390379686, -0.346119894021, 0.0962896832103, -0.899577264425, 0.426015307516, -0.422291875102, 0.350653098513, 0.835889930987,  
248, 2857222.961164699, 88.02752826257282, 109.52930908572463, 92.78303959349986, 67.1207156107425, 0.465101215833, 0.8693896643, -0.166860632381, 0.691836367652, -0.47456214715, -0.544199603901, -0.552307250925, 0.13766764362, -0.822194819052,  
249, 3611474.57253447, 95.1769939576827, 102.81433901340326, 99.86219403443896, 83.97328845240622, -0.526351503372, 0.777788603209, 0.343509801339, -0.408072707773, -0.585513875034, 0.700464251275, -0.745942866491, -0.228513436938, -0.625580409756,  
250, 3595662.8485257304, 95.03788974487156, 103.40049773971847, 93.06091537556064, 89.20730188667325, 0.371235792638, -0.76464307606, -0.526787388325, 0.641314618027, -0.199130739827, 0.740987522945, -0.671490541236, -0.61291754314, 0.416452324212,  
251, 3142270.520589508, 90.86256389369586, 109.01966596825963, 90.94442716557674, 75.66133901500427, 0.404420020815, 0.255733223468, 0.878091661035, -0.576044729463, -0.674507443187, 0.461749043034, 0.710363932377, -0.692560630919, -0.125470538686,  
252, 3388265.0597227253, 93.17432517200164, 109.87756119373677, 90.57603539840981, 81.27677247731101, -0.597838433312, 0.58879317833, -0.54397775764, 0.757596252288, 0.636785258856, -0.143361266118, -0.261986881684, 0.49782238525, 0.826762206786,  
253, 3084889.430330997, 90.30608142966886, 98.09712064248326, 90.60233631908774, 82.86198567045176, -0.663712024176, -0.682892788424, -0.30519467309, -0.745737088635, 0.635758917129, 0.199215446002, -0.0579874434595, -0.35981667389, 0.931219317665,  
254, 3747006.821139677, 96.35301115537327, 102.09414431693845, 95.03007316901204, 92.20064881931982, -0.529470967804, -0.575865675402, -0.62292793977, -0.847060889692, 0.399000971776, 0.351121166658, -0.0463502255289, -0.713566358803, 0.69905272203,  
255, 3200170.1844934174, 91.41725049336708, 103.95058656299645, 86.91379678219104, 84.56074466016074, -0.0660789982719, 0.916332134393, -0.394929089161, -0.253879539691, 0.367328537097, 0.894770878583, 0.964976033544, 0.159389978706, 0.208365278716,  
256, 3065834.827601605, 90.11976447749636, 102.26949156553947, 95.26321076994816, 75.1257520109765, 0.710260203221, -0.116124567701, 0.694294986657, -0.0656213951447, 0.971082407716, 0.229549101337, 0.700873937466, 0.208600197031, -0.682100932105,  
257, 1960361.4793848637, 77.63946193740645, 100.60272672801176, 87.41097574545088, 53.21962752888054, -0.376210986414, 0.784793585992, 0.492508193929, -0.758717570124, 0.0441565016608, -0.649921419978, -0.531801600681, -0.618182198666, 0.578824521566,  
258, 3730974.1909087207, 96.21539013298008, 104.36421448403834, 97.74595222830767, 87.31387145109571, 0.474408809577, 0.525341283725, -0.706365922882, 0.343581267873, 0.628271527201, 0.698016332527, -0.810486393323, 0.573839196746, -0.117560122982,  
259, 3406074.52758292, 93.33728824365168, 113.57213458488481, 93.03294289697871, 76.95857004957819, 0.238205935801, -0.569535731621, 0.786693703137, 0.809940383505, -0.330509132254, -0.484520679296, 0.535961292742, 0.752590701447, 0.382560751749,  
260, 3286871.0959530617, 92.23548186870823, 99.22613185391852, 92.1572481886232, 85.81011879989013, -0.521328878973, 0.851555797055, 0.055397874069, 0.838364719113, 0.498975453248, 0.219472309875, -0.159250738445, -0.160860876406, 0.974044650284,  
261, 3141803.2963563674, 90.85806021864585, 134.1510234532663, 84.77587834367472, 65.95141127415415, 0.567483420459, -0.807412988495, -0.161390314189, -0.65353272551, -0.560912789085, 0.508204505813, 0.500856810068, 0.182923779348, 0.845979519112,  
262, 3284521.627986772, 92.21349987246917, 105.42318866114857, 87.7884699860882, 84.72467054799355, -0.100288293587, -0.961377207208, 0.256312550668, -0.994675787884, 0.103015747273, -0.00279871596341, 0.0237136072059, 0.255228566729, 0.96658990454,  
263, 3995379.0790608064, 98.43656733192792, 116.48751019024319, 94.23668977737871, 86.89003992414952, -0.216853560409, -0.22856118414, -0.94907023894, -0.970444683463, -0.0549783403026, 0.234977655183, 0.105885077683, -0.971975908756, 0.209883737155,  
264, 3344725.1817004015, 92.77350049260907, 105.84338137367341, 94.57060834053985, 79.77226845404385, -0.378593113169, 0.497304396701, 0.780612318429, 0.798335375481, 0.602202682367, 0.003543671352, -0.468324548703, 0.624532037907, -0.625005480544,  
265, 3279059.1843275446, 92.16235183110084, 100.9621635403056, 92.59118195436531, 83.73988679970994, -0.749958952605, -0.641369519142, 0.161884864406, -0.630540031053, 0.767113723033, 0.118134690821, 0.199952090883, 0.0134787184346, 0.97971296077,  
266, 3595055.4288131227, 95.03253782126308, 101.13604598368224, 96.38302573008843, 88.04616719701701, -0.54185827626, -0.361504148616, 0.758751842819, 0.424562201148, -0.896853014398, -0.124103214794, -0.725352704417, -0.254890998466, -0.639448225501,  
267, 3482342.1187244924, 94.0288104912375, 104.31828142080258, 95.222584747756, 83.69170907682884, 0.60455953188, -0.366944075861, 0.707007650314, 0.0173248543875, 0.893423422255, 0.448881318375, 0.796371535047, 0.259126675114, -0.546484898612,  
268, 3762354.104210589, 96.48438202043508, 100.9271364729208, 97.13409715618924, 91.62023455584587, -0.808423742381, 0.358695062685, 0.466678588281, 0.372847865851, -0.301432628772, 0.877566430102, -0.455450899313, -0.88344565329, -0.109946605215,  
269, 1745120.4009727903, 74.68709978192703, 98.64068567326926, 80.09838736143246, 52.72989801656394, 0.420489995575, -0.907140104863, 0.0168817585018, -0.709145215458, -0.316992483237, 0.62978474812, -0.565951611902, -0.27678980422, -0.776586232987,  
270, 3584221.296190321, 94.93697776260463, 105.47181499873014, 93.22518405435046, 87.02349827319189, 0.240937536418, -0.0903771783767, 0.966323480607, -0.767924000506, 0.591105085674, 0.246753940467, 0.593499648686, 0.801515279529, -0.0730165987333,  
271, 732959.9260422457, 55.932453953052274, 122.41903210937608, 58.41066354373096, 24.47093367773118, -0.0739395108363, 0.264351641319, -0.961587831906, -0.982371307695, -0.185315503021, 0.0245922377348, 0.171696134359, -0.946454633922, -0.273393605218,  
272, 3734541.553996283, 96.2460457452665, 106.40309184121067, 96.30297079335676, 87.00711219161606, 0.660483812196, -0.462505484269, 0.59148103169, -0.344915788362, 0.512826863327, 0.786156286745, -0.666928956311, -0.723254647598, 0.179188397958,  
273, 3895978.2169279074, 97.61336931879312, 110.50384541850052, 96.06682900571238, 87.61471725423021, -0.912964013426, 0.31719875878, 0.256674224683, 0.407633389649, 0.680926718029, 0.608419118961, -0.0182134519366, -0.660093744935, 0.750962394575,  
274, 2269494.0962454583, 81.52299929784026, 128.2239310979459, 83.08812607703682, 50.854852193285, -0.0567141459331, 0.985576372219, -0.1594450381, 0.110807958554, 0.164929152056, 0.980061207845, 0.992222304714, 0.0379155551918, -0.118563521803,  
275, 3458487.8881472554, 93.81361757873073, 107.28592800774331, 89.22409545773841, 86.25270694721905, -0.778629972396, 0.172448289223, -0.603321600501, 0.577778053052, -0.17801118042, -0.796545379157, 0.244760878203, 0.968800086287, -0.0389680036972,  
276, 3356529.3834825787, 92.8825110774251, 100.58826346192836, 93.60821032648272, 85.10216159927688, 0.294464852296, -0.0696969665817, 0.953117402848, -0.740442395395, 0.613889866578, 0.273649942106, -0.604181686138, -0.78630882264, 0.1291624,  
277, 3105063.096939194, 90.50250639600208, 100.92281935007182, 87.56472183978038, 83.88093710510078, 0.796916292312, 0.596374794702, -0.0962368291838, 0.536522700675, -0.625531740305, 0.566439258466, -0.277610905238, 0.503037917175, 0.818465050675,  
278, 3444149.2130481806, 93.6837895241158, 108.97084281131816, 95.26692161562023, 79.2028678594098, 0.460389020878, -0.714314667173, -0.527064043278, -0.772715511133, -0.0302015716918, -0.634033598418, -0.436981336341, -0.699172669181, 0.565866495174,  
279, 3645363.990537154, 95.47377541472696, 103.25967099594227, 97.49653087530876, 86.44350943576701, -0.402102818351, 0.566776611244, 0.71908107778, -0.887883763432, -0.0496216507886, -0.457383990107, -0.22355255782, -0.822375805043, 0.52318475625,  
280, 2898420.318119617, 88.44859095954985, 120.64736765241969, 101.16501158397425, 56.69236439054314, -0.341131861561, 0.838850299354, -0.424216016084, 0.327510311857, 0.529072185958, 0.782827961734, -0.881116364991, -0.128112440146, 0.455215502839,  
281, 2634510.787969136, 85.6782243514188, 98.45966053457295, 83.87301473874555, 76.16067496491613, 0.0436106982967, 0.94972923418, -0.310020142472, -0.371054020746, 0.3035162526, 0.877608567697, 0.927586664782, 0.076761097908, 0.365637406683,  
282, 2479399.3321357863, 83.96261513899601, 113.89475991549531, 86.12665567845318, 60.34156133710788, -0.900350835986, 0.402482483938, -0.1654576147, 0.435162225499, 0.834025512325, -0.339168516065, -0.00148648504924, 0.377371560818, 0.92606074069,  
283, 3094210.3268603315, 90.39694230954721, 100.1838530183567, 92.61155091132488, 79.61562969838182, -0.568055061754, 0.804617018014, -0.172930336086, -0.298303322727, -0.00546646043485, 0.954455470654, -0.767025797784, -0.593768955178, -0.243125180516,  
284, 2403157.341955699, 83.09301784329851, 119.33206815081223, 102.57504504148687, 46.869974062928556, 0.225995360901, -0.097046790478, 0.969282217576, -0.927213284301, -0.326503607392, 0.183496375375, 0.298666406325, -0.94020067795, -0.163771373918,  
285, 3046573.2599549354, 89.93063753262683, 102.58885308589838, 94.79273235116457, 74.79073483944653, 0.0296697904982, 0.694202365927, 0.719168115724, -0.383447694383, -0.65653407792, 0.649562060316, 0.923085894814, -0.295035726093, 0.246711068103,  
286, 2105447.0327958046, 79.50941723715412, 106.00973628552028, 72.5986406572086, 65.31026828687106, 0.812658631469, -0.461468569643, 0.355854897299, -0.478773801442, -0.876848940346, -0.0437216521379, -0.332207157888, 0.13484322395, 0.933517921201,  
287, 2646571.351229898, 85.80876785616952, 118.83155589162841, 87.50547372053286, 60.761431074956064, -0.901274918736, -0.153446662809, -0.405163723117, -0.39846092049, 0.66073694484, 0.636125447192, -0.170095313573, -0.734765820786, 0.656648134776,  
