# Void_ID, Void_Volume, r = (a*b*c)**(1/3.0), a, b, c, vector_a, vector_b, vector_c 

22, 1829796.2767389354, 75.87604930777212, 111.37213013273197, 92.92604082345834, 42.20852443525311, 0.449605442615, 0.430729864271, 0.78251308615, 0.647439932952, 0.446384959863, -0.617707050977, -0.61536694678, 0.784354672092, -0.0781746069882,  
33, 427248.9904787457, 46.72300986598638, 113.68208624503949, 88.97993595091287, 10.083430566752655, -0.312877067316, -0.768331610371, -0.558367690016, 0.193535298575, -0.627122406879, 0.754494251135, 0.929866672676, -0.128000091, -0.34491150713,  
39, 848095.0793186829, 58.71990055007119, 98.74836026607505, 60.76519940460639, 33.74202274925656, 0.275224306404, -0.408774673136, 0.870146451907, 0.858136172601, 0.512505747939, -0.03066215262, 0.433421146737, -0.75514311553, -0.491838372466,  
40, 878170.9243651975, 59.405977741362946, 82.7875583408863, 55.745817493001205, 45.426897999114146, 0.19565319606, 0.805215845153, -0.559774302363, 0.842267070898, -0.430341921825, -0.324641358425, 0.502300714863, 0.407962342666, 0.762404563742,  
42, 834329.4750885458, 58.400467777830805, 104.87032140249482, 88.9412546152738, 21.354682899609678, 0.463871013356, -0.412010434062, 0.784264678021, 0.594644777544, 0.80101414227, 0.0690936496549, -0.656674402964, 0.434308353716, 0.616567094796,  
53, 994957.7080632186, 61.93060707442673, 123.77394532587476, 60.271336631009234, 31.8402122637638, 0.679176495501, -0.663223948649, -0.314409417634, 0.322792433344, -0.114815356325, 0.939479898097, -0.65918459701, -0.739561645767, 0.136103780898,  
61, 2098568.4015347403, 79.42273530515074, 130.96862880377932, 76.75609620597447, 49.837283367265705, 0.143469987649, 0.606486355907, -0.782042622076, -0.211150128468, 0.790781152833, 0.574526580387, 0.96686709836, 0.0827010787263, 0.241513034194,  
67, 753508.4325887805, 56.45033226800845, 131.42531453507567, 76.23311909335095, 17.954643780387325, 0.678301201261, -0.733834771636, 0.0373364206284, -0.338341843325, -0.266824665663, 0.902402013988, -0.652251697908, -0.624732843487, -0.429274500577,  
113, 2440274.7382438947, 83.51863189423703, 147.9971708562813, 96.61246842971217, 40.74398685118351, -0.512941443256, -0.802646432616, 0.304384263718, -0.85506261784, 0.50908132717, -0.0985095015714, 0.0758880449283, 0.310797211275, 0.947441870566,  
115, 632052.0071488416, 53.23795953897384, 113.44024455464532, 68.59544304055879, 19.391070529099988, -0.103930101845, 0.874393154648, 0.473956902087, -0.887049982901, -0.297016346153, 0.353445353559, 0.449823144986, -0.3836898503, 0.806499371985,  
117, 222753.298476569, 37.60496407549381, 130.57547674775017, 59.60111984470718, 6.833127029431101, -0.57985989701, -0.342477948635, -0.739237008366, -0.814663750525, 0.254033373696, 0.521334843099, -0.00924518358002, -0.90453076219, 0.426308136015,  
119, 867042.3326811327, 59.153970115968235, 102.95334802408217, 86.03079762089197, 23.369922330003696, 0.67611291049, 0.637865684411, -0.368780016975, 0.196150836363, 0.326627859657, 0.924575086561, -0.710208548008, 0.697453661505, -0.0957194253554,  
139, 1882622.8660302255, 76.59931865790509, 122.93327629774554, 82.5312308308129, 44.29828794277596, -0.997324606111, -0.0727868944739, -0.00676003248752, 0.0357628733442, -0.566485195475, 0.823295536365, -0.0637545836513, 0.820851138332, 0.567572692933,  
143, 408058.30369833246, 46.01271610560173, 126.94889270649121, 81.4409387594278, 9.422408360633854, 0.331539013635, -0.414962627037, 0.847282656851, 0.875976010152, 0.46890336564, -0.113117917811, 0.350353981106, -0.779702284115, -0.518957065728,  
182, 2301699.928791448, 81.90681372176533, 112.26747227562457, 85.61414857116058, 57.16900169106671, -0.718018166708, -0.464782925755, -0.518099164451, -0.662112406852, 0.685624373374, 0.302533269789, -0.214609116701, -0.560264268504, 0.800029297255,  
184, 425596.85211509943, 46.662707331480156, 123.79004845860203, 99.19075876465288, 8.274711337725789, -0.531541755302, -0.494158747728, -0.687946578169, -0.826254597786, 0.123707556467, 0.549545066497, 0.186458311715, -0.860525172506, 0.474056669055,  
193, 1751795.2096501067, 74.78220073871503, 127.83578357881848, 94.24981026709922, 34.71057456984755, 0.361210890403, 0.721197538436, -0.591101347662, 0.868133898667, -0.491487988192, -0.06915989769, 0.340397160153, 0.488173809229, 0.803626844588,  
210, 1854637.6483888077, 76.21787228510158, 108.46286091185577, 81.1505968342608, 50.30344035906117, -0.822847707494, -0.372161968822, 0.429438143665, -0.560404549619, 0.656677128395, -0.504699801674, 0.0941721351499, 0.655950164269, 0.748906530187,  
227, 1888103.9933388815, 76.67358451809297, 128.73289202690464, 82.26324270989635, 42.563952582742694, -0.941174071534, 0.201373986722, -0.271366697559, 0.148078593232, 0.967609799887, 0.204460278266, 0.303750057282, 0.152249113738, -0.940508431683,  
242, 1005041.9258686402, 62.13913306380443, 93.49661743889675, 80.84328000977021, 31.743568353138915, -0.212091427576, -0.580720564567, 0.78599036396, 0.912793865742, -0.404979322698, -0.0529065860778, 0.34903378778, 0.706226149386, 0.615970811737,  
243, 1650170.0336671567, 73.30721078514557, 102.20386853449057, 75.6272272736173, 50.96764582709289, 0.730850537187, 0.64964466988, -0.209330588278, 0.440334232923, -0.214446645525, 0.871847692857, 0.52150096415, -0.729365778687, -0.442789233464,  
273, 3635462.966538148, 95.38725956817926, 116.34765925890643, 99.83092604559839, 74.72197900048707, -0.973931318338, 0.195797462962, -0.114547547584, 0.225130145584, 0.896230500334, -0.38221369392, -0.0278245343037, 0.398037992871, 0.916946864067,  
275, 2207777.785556866, 80.77722261615709, 126.9255642205815, 77.35017875356078, 53.68541635083685, 0.880672925165, 0.26044752307, -0.395704797303, 0.36697633344, 0.153149947495, 0.917536628303, -0.299572311097, 0.953263962032, -0.0392969351794,  
307, 2744134.1626236127, 86.85048414246417, 111.29864012558859, 98.58011180226356, 59.70869328156381, -0.90053990659, 0.434471237319, 0.0162055725657, 0.299338525511, 0.592552382085, 0.747848996542, -0.315316228229, -0.678318817686, 0.663671046369,  
310, 184302.4850175239, 35.303209821888785, 59.76042592635576, 33.18271137588912, 22.187942309913165, 0.912329949334, 0.270194430152, 0.307650830429, 0.330133236806, -0.929869241447, -0.162342969563, -0.242210878172, -0.249676117652, 0.937547719729,  
325, 738938.2608855214, 56.0841120452737, 103.3618383707535, 56.661977958266355, 30.12087536188944, -0.980773056765, -0.123805021065, 0.150852669459, 0.115399378324, 0.255440707986, 0.959913031574, -0.157375965783, 0.95886514248, -0.23624234153,  
327, 785979.5669448536, 57.249831861115844, 96.52268094717218, 70.07278878709684, 27.742389725719356, -0.701780675898, 0.710299112988, 0.0545807019351, 0.301387367596, 0.226603214889, 0.926183911356, -0.645499448171, -0.666427905396, 0.373100937175,  
373, 1058052.6048653375, 63.21297311972157, 107.34837318923036, 74.59070146158801, 31.545578256387913, -0.991273676799, -0.0998656223241, 0.0860427519535, -0.127687390334, 0.889594097039, -0.438541073176, 0.0327479470435, 0.445700796489, 0.894582792129,  
389, 1961196.7743190487, 77.65048756391342, 136.83212739747597, 80.87332633365511, 42.30962495905995, 0.778930836828, -0.445037688947, -0.441823728263, 0.306372616178, -0.344678460905, 0.887317631203, -0.547176910602, -0.826521756522, -0.132133320929,  
397, 1671895.786491024, 73.62752434546334, 109.18947152746884, 84.86908956049261, 43.071528758881925, -0.25376314312, -0.948699630505, 0.188608796916, -0.114404609551, 0.223060898053, 0.968067880406, 0.960476888065, -0.224082232316, 0.165140245406,  
413, 1235551.316692816, 66.56675598029305, 131.4356125191949, 82.79689916674108, 27.10472796516591, -0.251009661759, -0.942854497312, -0.219133627275, -0.95710966498, 0.275584857289, -0.0894095947586, -0.144690147921, -0.187292240449, 0.971589613861,  
422, 1519935.5063171142, 71.32561368930887, 99.79717727910865, 83.17063006552195, 43.716793676639256, 0.511461955458, 0.85861316564, -0.0344978247033, 0.552694238105, -0.359440659796, -0.751885291285, -0.657978531022, 0.36549397242, -0.65839077214,  
436, 1963692.4691391364, 77.68341130003049, 150.1893674141696, 99.43229776640781, 31.391943324718167, -0.155091459555, -0.849262962635, -0.504677183424, -0.477050161455, 0.511730756474, -0.714531158407, 0.865083685333, 0.12993865158, -0.484506103364,  
453, 1458998.0177505265, 70.3593843751863, 138.77608460690718, 79.25756963824155, 31.667276299394505, 0.885374845234, -0.451615105629, 0.110250531951, -0.161055304769, -0.0755112216477, 0.984052460091, -0.436087803353, -0.889011727579, -0.139590744655,  
456, 4337804.710613615, 101.17202956140302, 141.3960494950535, 100.81584206194657, 72.64660598546963, 0.842999051128, 0.459212520249, 0.280136504304, -0.281783659509, -0.0666200339437, 0.957162337491, 0.458203632712, -0.885824831625, 0.0732379590474,  
458, 345391.86379942606, 43.52523900041265, 125.01553819665412, 58.180643454237035, 11.336551849655217, 0.313719590654, 0.265134295226, 0.911747675585, 0.865802792409, 0.314346806978, -0.389321987049, 0.389827581242, -0.911531617904, 0.130937261562,  
484, 2087967.8515053282, 79.28877949639896, 96.5916970719094, 82.65032592797343, 62.43826566003932, 0.124299903494, 0.92322749691, 0.363593898382, -0.923162444011, -0.0267341869255, 0.383479315241, 0.363759035571, -0.383322673734, 0.84896589557,  
486, 441116.5949118108, 47.22314737717339, 130.47066346138857, 42.28422402475507, 19.08857686648137, 0.779547792713, 0.348416811452, -0.520491080013, 0.5302358821, 0.0752356316193, 0.844505481965, -0.333399382437, 0.934315431336, 0.126093324797,  
501, 995299.4379353625, 61.937696526830265, 140.97718785414625, 59.494373340839175, 28.329597999336887, -0.801965934628, 0.0460127553825, 0.59559505206, -0.0495659012856, -0.998716543747, 0.0104156937707, 0.595309886635, -0.0211681739669, 0.803217310126,  
519, 2461778.105543528, 83.76323308539729, 127.77854796291625, 110.79702726797127, 41.512055534524606, -0.7824093742, -0.584615449451, -0.214616745449, -0.092919968446, -0.23117315177, 0.968465205036, 0.615793350588, -0.777678436221, -0.126549591892,  
526, 1236928.3674394432, 66.59147686569808, 115.31565723351788, 70.73187046135553, 36.20366343773839, -0.034125243813, 0.341513178576, 0.939257268587, 0.946180725375, -0.291598053531, 0.140401602929, 0.321834588978, 0.893498362638, -0.313182332358,  
555, 2452166.675418269, 83.65407966596065, 128.78084579895167, 112.11511205534933, 40.54580696543255, -0.524442052408, 0.810079988543, 0.262165874644, -0.810108457354, -0.379963590093, -0.446488474127, -0.262077891076, -0.446540124026, 0.85552153488,  
569, 2125398.5335587566, 79.75977541472542, 126.72302913423376, 70.25306472367983, 56.99423740146797, -0.809984917472, -0.344292583906, -0.474749460384, -0.188324787316, -0.61395084621, 0.766549498024, -0.555390140307, 0.71030062305, 0.432452097861,  
618, 1641973.3719948896, 73.18563300278804, 117.6190798937082, 92.58696914705796, 35.99563631567129, -0.383955623183, 0.91397668229, -0.131242918503, -0.330992833394, -0.00354741069886, 0.943626599943, -0.861987136603, -0.405751204691, -0.303881780012,  
624, 1385289.9135905623, 69.15400774949374, 113.82198932187326, 71.75006146984197, 40.49520609641865, 0.723226261062, -0.210178410399, 0.657851663457, -0.450960699039, 0.577716729301, 0.680351253845, -0.523047056423, -0.788713139543, 0.323037707209,  
633, 1188697.0249000052, 65.71444668299958, 118.90140509870095, 58.57754395679251, 40.74407109602024, -0.796293935004, -0.593683877624, -0.115997510856, -0.591146814209, 0.723062429608, 0.357387978171, 0.128302038668, -0.35315743846, 0.92672456023,  
643, 971233.7544914759, 61.434413910274806, 110.02051289016352, 68.79413361827446, 30.63444999329816, 0.512790403271, 0.713918573256, 0.476829396193, 0.687737784425, -0.674045884688, 0.269590217197, -0.513870355428, -0.189690316293, 0.836633038863,  
656, 727784.1774206611, 55.80048838561108, 94.59855573834224, 67.81193920200525, 27.084656387103, 0.879265420062, 0.264603227914, 0.396077584395, 0.336235164208, -0.933762561478, -0.122610738244, 0.337399222632, 0.240982593894, -0.909994040644,  
705, 1124267.6376445703, 64.50504760562366, 134.92125304050936, 83.88993984591323, 23.713237519504716, -0.247203757934, 0.316957837004, -0.915657158343, 0.941498179702, -0.144827410848, -0.304312665994, 0.229066539854, 0.937316782432, 0.262613346368,  
708, 2161730.386315235, 80.211684943316, 117.92274768614193, 113.47090666623066, 38.56832720241716, -0.606534143108, -0.431052066094, 0.668064704621, 0.794323953652, -0.364623428255, 0.485900413894, -0.0341436655702, -0.825374988647, -0.563551539983,  
719, 458265.6907980181, 47.82734191255574, 105.24303485481319, 70.13976286451268, 14.82078059886502, 0.759139171031, 0.583656276012, 0.28818929626, -0.369220083204, 0.0214758853619, 0.929093814696, 0.536082315663, -0.811716784242, 0.231800804602,  
768, 1491321.4789072664, 70.8751875593599, 131.56422567946495, 81.8589734847977, 33.05815071065502, 0.388445783226, 0.916444387358, 0.0961226215525, 0.794591407526, -0.280308852808, -0.538564241407, 0.466620154493, -0.285581217726, 0.837083627545,  
773, 2062323.8388517462, 78.96283835771553, 109.63864546302857, 77.16140144765534, 58.19752081051231, 0.185063283288, 0.525318531953, 0.83053718831, 0.704080123703, -0.660470132638, 0.260864683889, 0.685582059702, 0.536488251391, -0.49209510822,  
808, 1222638.5731374263, 66.33404707713152, 100.36363699921597, 77.64429168622836, 37.45618665236238, 0.147836020788, -0.856531878546, 0.494467038327, -0.945362787003, -0.269272499221, -0.183797503013, 0.29057479572, -0.440278845957, -0.849541538652,  
811, 2248645.0543657686, 81.2725899029775, 148.33460384858603, 95.04675762328553, 38.07610506243539, -0.409096262316, -0.900818399431, -0.145486973317, 0.0918788244474, -0.199294015951, 0.975622968582, -0.907853804187, 0.385756537796, 0.164296572608,  
907, 1698268.4614743036, 74.01264274560339, 120.11223837033529, 91.48966776386908, 36.8942277358313, -0.998324894613, -0.0113276150323, -0.0567370243613, -0.0293026093254, -0.74657693137, 0.664653475604, -0.0498874922443, 0.665202653846, 0.744994407653,  
919, 1385381.4473286353, 69.15553084473356, 103.85132627684708, 85.75324376765057, 37.1379693831205, 0.319649197805, 0.938834539905, 0.12811751256, 0.340112252504, 0.0125181624804, -0.940301521484, -0.884391342133, 0.344140962819, -0.315307709501,  
922, 693048.2422378949, 54.89822283378795, 120.06541932536253, 85.46846517255442, 16.12319141802252, -0.79776564992, -0.513740162896, -0.315659647143, -0.587537616172, 0.779991795537, 0.215435253562, -0.135534192696, -0.357328761678, 0.924092332339,  
927, 1158396.3567855656, 65.15126580197855, 115.18416632562482, 85.45723887962357, 28.09486397009462, 0.850403592223, 0.254661894745, 0.460392278063, -0.392029588726, -0.276896680448, 0.877291872708, -0.350893904048, 0.9265395554, 0.135638933867,  
945, 2524707.91193791, 84.47097569158865, 125.32972527835216, 81.77272111369645, 58.81119367155823, -0.704895852193, 0.346601885939, -0.618861026584, 0.668280173708, 0.0320815410523, -0.743217588699, 0.237746602476, 0.937463549898, 0.254241313763,  
984, 1234945.2740691332, 66.55587045124135, 114.31820005507737, 57.435609531965696, 44.9016697148436, 0.224023457529, 0.952495925592, 0.206312874557, 0.782854185165, -0.301960645069, 0.54402122532, -0.58047636924, -0.0396393814346, 0.813311689448,  
988, 2282311.4456682284, 81.67618289636796, 100.54646565918519, 99.59532142674324, 54.41022880394244, 0.693217215419, -0.544712366274, -0.471951618575, 0.0894586779667, -0.584731521609, 0.806279227423, 0.715155253902, 0.601146808746, 0.356616709018,  
994, 2535045.611996656, 84.58611065516496, 120.89039645286486, 85.2801876689877, 58.70258408442006, 0.568064945213, 0.723540184117, 0.392163001809, 0.47843141631, -0.678055236369, 0.557982505389, 0.66963094157, -0.129347200974, -0.731343765744,  
1004, 3073592.8927894384, 90.19571617738671, 111.80826508504613, 88.52515965826949, 74.13394417260612, 0.108580290048, 0.275742915065, 0.955079140911, -0.638624731374, -0.716929590987, 0.279589724497, 0.761819383509, -0.640295093186, 0.0982518221283,  
1015, 1573327.4649597604, 72.15119108674023, 123.77880262771063, 95.79056740543864, 31.67827260192234, 0.801645706058, -0.558479582867, -0.213224570534, -0.0793739059537, -0.45296332595, 0.887988743396, 0.592506493646, 0.694927896163, 0.407444811137,  
1027, 2373554.7762193996, 82.75042185730871, 117.77499411170892, 82.38820167416858, 58.397268645133245, 0.0560692307701, 0.86944788356, -0.490832577499, -0.301209352862, 0.483431069278, 0.821929027961, 0.951908171574, 0.101758434687, 0.288991442539,  
1047, 516232.54185712547, 49.76441725633017, 104.633715300444, 71.61690672846052, 16.44635131204385, -0.353574730608, 0.392493446796, -0.849078208469, 0.933146360439, 0.0849414861267, -0.349317640455, 0.0649829198637, 0.915824130582, 0.396286994449,  
1057, 1892273.4811708743, 76.72998228436687, 110.56211584763422, 71.55307008736483, 57.10323072433089, -0.786079513833, -0.113950314624, -0.607531335594, -0.613958718048, 0.0300075606264, 0.788767544235, 0.0716497764458, -0.993033167675, 0.0935491177565,  
1062, 1626676.9291836733, 72.95766051348939, 115.92658838394443, 91.29623882173865, 36.69245385261226, -0.254794868844, -0.616824878179, 0.744719171547, -0.531264664597, 0.732789428554, 0.425179385142, -0.807983558596, -0.287309455218, -0.51440824836,  
1094, 1442126.5593349137, 70.08712659475297, 113.0666576862617, 68.12311266994283, 44.69775679072398, 0.63504875036, 0.110173209563, -0.764575011729, 0.434663861021, 0.76725064818, 0.471586440423, 0.638576865059, -0.631813506315, 0.439353252689,  
1112, 2128095.013245562, 79.79349140131619, 112.2771178564913, 77.1506191136514, 58.65050196599679, -0.757896449019, 0.423972971287, -0.495822440176, 0.106139175382, 0.830036698745, 0.547515802681, 0.643682723097, 0.362334097698, -0.674082008091,  
1117, 270128.3096347392, 40.10148887019022, 108.17466313533969, 58.139052879853004, 10.253874262212497, -0.564548652286, -0.126664407592, 0.815623042251, 0.127527476796, 0.962904154004, 0.237807344008, -0.815488541835, 0.238268164158, -0.527453050124,  
1134, 983016.3055140334, 61.68184714683477, 138.3887304968565, 62.206371889092985, 27.260669313624796, 0.580379217502, 0.258577105167, 0.772203240459, 0.635241177585, 0.449566058751, -0.627980099302, 0.509537643548, -0.855001894444, -0.0966599726107,  
1145, 425679.11752632994, 46.66571368164516, 139.18118189786907, 59.0943469836817, 12.355697818560408, 0.0948725268058, 0.696982525603, 0.710784469908, 0.89013758271, 0.26028412879, -0.374041783959, 0.445706503772, -0.668182259047, 0.595716527545,  
1146, 3212110.379386484, 91.53080539608221, 122.7275029279038, 102.60846146803159, 60.8943189652573, -0.633174307656, 0.579853527538, -0.512698920153, -0.463134208703, 0.246900694412, 0.851203120194, -0.620158851306, -0.776408354991, -0.112218828396,  
1151, 1303477.602277911, 67.76492904437232, 107.75468819699779, 69.34283720142209, 41.646372771665995, -0.597876691602, 0.792543726131, -0.120074576028, 0.766801292472, 0.609127154129, 0.202434898093, -0.233579193213, -0.0289577670452, 0.971906481214,  
1172, 2218389.8646976743, 80.90643919604473, 127.93310255801443, 82.5253504775201, 50.162474665282375, -0.654229022077, 0.226809460949, -0.721485866179, 0.137092244843, 0.973733260153, 0.181794539179, 0.743767506064, 0.0200251465692, -0.668138376707,  
1176, 736852.907953261, 56.03130413334708, 105.40621189491789, 75.88661017376587, 21.991802829173206, -0.854546284529, 0.516217111849, 0.0571886442642, -0.0591351061846, -0.20609984003, 0.976742491733, 0.515997758537, 0.8312898107, 0.206648406263,  
1181, 1680964.5656506584, 73.76040904446712, 155.41067962843636, 59.00725663819406, 43.76064008946926, 0.297152698806, -0.782233558746, 0.547549936685, 0.54581372659, 0.609680952066, 0.574783883345, -0.783446009281, 0.12806168927, 0.60812215408,  
1187, 692900.7255873289, 54.89432749331204, 94.18584796134964, 45.71719489896828, 38.4164455337127, 0.420338993668, 0.687344185834, -0.592345423383, 0.629622359998, 0.249128267286, 0.735874167389, 0.653368819422, -0.682270530391, -0.32804894325,  
1192, 906656.7493237068, 60.04148566217747, 89.96655925061128, 51.75523052168196, 46.485652457227694, -0.326870246826, 0.866646721537, -0.376934081491, 0.870098738194, 0.120284840606, -0.477974625805, 0.368895686521, 0.484205552601, 0.793385754408,  
1200, 3039843.5162798185, 89.86437113401162, 123.89296513605328, 87.88833835148519, 66.64763112565034, 0.267599033143, 0.839486914593, 0.472919102688, 0.838140560252, -0.444924518252, 0.315535377287, -0.475301124259, -0.311935719796, 0.822669403827,  
1221, 1508648.3562634946, 71.14861846335019, 92.74619956978518, 64.92281006542335, 59.81443195637158, -0.713333457883, 0.295750048814, 0.635363900841, 0.652252776745, -0.0514678322431, 0.756252191715, -0.256362425277, -0.953877859514, 0.156190063817,  
1222, 2061093.615077504, 78.9471341827439, 124.747475589941, 81.14085276582449, 48.61136039123797, -0.108841040052, 0.803214201342, 0.585662509268, 0.907524321173, -0.160133749551, 0.388274115457, 0.405651617129, 0.573763129712, -0.711507298981,  
1228, 584673.7482584134, 51.873035382341634, 108.04170175028668, 65.38389751717818, 19.75890003115879, -0.8706788154, -0.110393000443, -0.479303438197, 0.141113310378, -0.989585481653, -0.0284184470986, -0.471174526103, -0.0923794346947, 0.877189036637,  
1232, 3368647.8973245756, 92.99415874951438, 115.24261271470046, 101.25142341588486, 68.92119151502416, 0.551364735279, 0.240481210913, 0.798852749816, -0.142001167404, -0.916528213902, 0.373914029662, -0.82209038259, 0.319601033039, 0.471192723346,  
1233, 2054783.3724551203, 78.86648365842296, 130.21223034133803, 78.52504279571096, 47.975275112555316, 0.673310942466, 0.732517007887, -0.100355407987, 0.670399401914, -0.662101392376, -0.334942365381, 0.311796434664, -0.158242154213, 0.936879076488,  
1252, 1552897.343519948, 71.83752797102663, 118.31281638366227, 79.36418223783714, 39.48187774396177, -0.396383238274, 0.865191891111, 0.307121018445, 0.888764331816, 0.445483938434, -0.107898207075, 0.230170134699, -0.230189166021, 0.945534059111,  
1255, 1182396.778316829, 65.59814263495404, 127.79373337361476, 83.21812824434555, 26.542823993430485, 0.0977736157114, 0.765435992498, 0.636040927504, -0.968160954176, -0.074830891446, 0.238882197943, 0.230444541874, -0.639146367489, 0.733748754034,  
1287, 1650255.1919773768, 73.30847178869598, 123.34228323855302, 58.11665206595321, 54.9604053396414, -0.778892597781, -0.47147985834, -0.413561439573, -0.568956420166, 0.253790318638, 0.782226991427, 0.263846381583, -0.844569249585, 0.465926892957,  
1292, 1828707.9599406528, 75.86100326920116, 128.75188373782825, 68.92678627830907, 49.19422512460196, -0.933865867068, -0.274121020762, -0.229678488984, -0.306805562144, 0.944088681252, 0.120693450401, -0.183752249953, -0.183178131633, 0.965754048777,  
1293, 1711603.8162238505, 74.20586164381622, 106.59378270224624, 81.71802074981085, 46.90994494343903, 0.856626325211, -0.0468652874745, 0.513804421726, -0.329644458484, -0.815805932199, 0.475179136725, 0.39689528839, -0.576423738077, -0.714289720096,  
1307, 1191779.4202197928, 65.77119875887158, 114.94603897907997, 84.62488278447478, 29.24928014487509, -0.363865478248, -0.136653260572, 0.921372780211, 0.925580449517, -0.163933785094, 0.3412133432, -0.104416211443, -0.976960388388, -0.186133431462,  
1320, 655858.8355690958, 53.89815778414292, 152.5307216979058, 51.42280988517282, 19.962210698008708, 0.254811375368, 0.639499100942, 0.725335827653, 0.830935427446, -0.528456923276, 0.174010332042, -0.494588190719, -0.558367423957, 0.666039294235,  
1332, 1214286.9125830673, 66.1826625512039, 148.70935543214003, 103.99614991485322, 18.74464208724628, 0.205782032668, -0.819019282359, -0.535594221548, -0.102592433488, -0.562347301969, 0.820512220847, 0.973205295722, 0.113898758084, 0.199746152115,  
1335, 602390.4804253386, 52.391781186102584, 103.66971477406045, 62.5004322189568, 22.194970208629496, 0.111115383596, -0.164404392342, 0.98011456846, -0.918634060725, -0.39326042379, 0.0381798579885, 0.379163334203, -0.904608995566, -0.194724757381,  
1344, 1071492.2355852295, 63.47949644244679, 127.88163135982892, 62.99464035023605, 31.753284195860868, -0.564441724932, 0.348353884768, 0.748368298448, -0.0963730119167, -0.928202899679, 0.359376709877, 0.819827897628, 0.130724703079, 0.55748835887,  
1348, 1271756.7189021502, 67.21070906069096, 132.34106975463905, 81.6231636761478, 28.10653876025229, -0.557145996517, 0.780038381532, -0.284830584562, 0.00445237566841, 0.345799127287, 0.938298001659, 0.830402622176, 0.5215008024, -0.196133623278,  
1355, 2236941.0284762494, 81.13133867560985, 98.668723240545, 92.75740023934367, 58.34959545309855, 0.732555306778, 0.662328738754, -0.15710940243, -0.640441435057, 0.748817171925, 0.170609528723, -0.230645812389, 0.0243615445003, -0.972732761028,  
1372, 3599907.323752005, 95.07527064558955, 125.69555585794741, 106.01274823536438, 64.4947992208546, 0.9496655549, -0.311841382329, 0.0298376625099, -0.200666244162, -0.532413793948, 0.82235552559, 0.240558500766, 0.786950128204, 0.568191080032,  
1381, 1743911.4628944204, 74.66984921726396, 107.60147080461245, 78.59934340355889, 49.226470376104125, -0.959056954029, -0.049781049607, 0.278803884528, 0.261620703719, -0.532735821746, 0.80482740486, -0.108463663564, -0.844816187894, -0.523947747736,  
1390, 1968319.9969603347, 77.7443848898845, 132.0643194099312, 93.77001816354428, 37.94526565384938, -0.31143257435, 0.312809436305, 0.897307086895, -0.844257029547, 0.342329790846, -0.412359530459, -0.436164899659, -0.885980005902, 0.157478917469,  
1391, 532460.1093271307, 50.28048859375913, 123.66760830284848, 70.55942848586415, 14.567581333012104, 0.170065750033, -0.768880514096, -0.616360605254, 0.755732740082, 0.503166763492, -0.419155381315, 0.632412575961, -0.394519914784, 0.666639610739,  
1418, 1500489.67775387, 71.0201307666077, 92.79274452372347, 70.35850361634297, 54.867325176224526, 0.235406497518, 0.299885876303, 0.924474035395, -0.858396467705, 0.510234547547, 0.0530679820688, 0.455784252862, 0.806057794258, -0.377533504684,  
1426, 688711.9799368894, 54.78348752588992, 113.69033477438197, 92.30700524881007, 15.667179588077524, -0.875994400637, 0.191229686334, -0.442792295684, -0.461833058117, -0.597287637618, 0.655711601528, 0.139082840359, -0.778895811398, -0.611536816966,  
1431, 1731788.141903226, 74.49641679132675, 129.2264693355497, 73.30203255891759, 43.64541790325266, -0.829916169547, 0.481316908837, -0.282087193598, 0.137665402122, 0.666681337131, 0.732519099942, 0.540636096264, 0.569095798604, -0.619550307423,  
1438, 2514656.7702139504, 84.35873050385811, 143.0097314139023, 81.57375772437506, 51.46050536284764, 0.209060470503, -0.182534548253, -0.960715805203, 0.469630180862, 0.880460524701, -0.0650903807541, 0.857753585184, -0.437573311729, 0.269793224463,  
1441, 1233763.6093675185, 66.53463555057542, 135.4986497864623, 87.35559963391461, 24.88385317933588, 0.574731510814, -0.780156311175, 0.247062382023, 0.463482994925, 0.559137201086, 0.687422071057, -0.674438435954, -0.280573912712, 0.682942951946,  
1449, 1853703.857649675, 76.20507850273111, 131.65237172236337, 65.32502971193033, 51.45687895474161, 0.0308121256775, -0.379341008095, 0.924743755042, 0.297217748023, -0.879855817131, -0.370830623494, 0.954312434778, 0.286276336148, 0.0856366521434,  
1457, 2363909.2382602366, 82.63817727768546, 133.4158035416308, 77.83825909712498, 54.34277330748215, 0.290180186086, -0.781433262118, 0.552410641153, 0.561143609793, 0.606537096054, 0.56323227917, -0.775185983356, 0.146542853686, 0.614501328918,  
1460, 2928735.33561846, 88.75588782235148, 129.6291459437383, 87.6354661019762, 61.54729311856968, -0.926089867329, -0.351197020612, -0.137906527557, -0.340690208371, 0.621299063417, 0.705632805159, 0.162134942408, -0.700462794523, 0.695028153343,  
1477, 1174165.824576775, 65.44557314524485, 122.2565350461268, 95.95127825475001, 23.895602132456936, -0.00310914505397, -0.996480221922, 0.0837705230744, 0.897759682722, -0.0396806128163, -0.43869465582, 0.440474613679, 0.0738418328974, 0.894723140652,  
1479, 137235.0382323704, 31.998193924802482, 81.244308448377, 58.0508373163101, 6.9466427345411415, -0.391487984861, 0.39490524741, 0.831135971594, 0.552050846135, 0.823422175431, -0.131208933729, -0.736190886245, 0.407462595311, -0.540367664125,  
1486, 1668520.3396483627, 73.57794126402676, 140.7954994904653, 75.93695323307703, 37.2564057515142, 0.336016614684, 0.941487136508, 0.0263591814293, 0.681385793021, -0.262317186985, 0.683303076592, -0.650235523272, 0.211640414858, 0.729658892273,  
1501, 521279.8696398403, 49.92607769454419, 121.30201814027572, 63.61011523858143, 16.128283022923398, 0.832772293142, 0.244013284222, -0.496938451821, 0.486364961093, 0.106325235744, 0.867262399084, -0.264460644322, 0.963925547627, 0.0301348010974,  
1505, 3045302.4379121745, 89.91813148936971, 126.68096498088379, 89.93439717995656, 63.81233404544497, 0.148164852715, -0.969862618442, 0.193426155854, 0.591095323931, -0.0699587551403, -0.803562126165, 0.792876720838, 0.233392960321, 0.562915829965,  
1506, 2331617.595568997, 82.26016410834825, 111.57258528595416, 90.18769250465684, 55.317678122035616, 0.589760733677, 0.721831590223, -0.362134550091, -0.357673236454, 0.635510655487, 0.684248538681, 0.724052576086, -0.274017083626, 0.632979071489,  
1519, 1602836.8896302013, 72.59949057792464, 129.59942814730778, 79.04759990301834, 37.351577340215684, 0.511931307199, -0.850273184791, -0.122318632817, -0.735815703352, -0.50751536003, 0.448334038452, 0.443284995698, 0.139512259527, 0.885457363192,  
1527, 2349182.290203809, 82.46621012642265, 129.91072463966088, 85.7300370475724, 50.35586866714143, 0.385433267183, -0.113536307994, 0.915724141495, -0.665634791179, -0.72149732983, 0.190714256995, 0.639039530328, -0.683045466873, -0.353662789763,  
1537, 244308.32575152363, 38.78078115277677, 116.23976034819364, 82.69307380935085, 6.067723982777587, -0.060257212319, 0.941507128233, 0.331562054298, -0.749775804706, -0.261968268181, 0.60762559948, 0.658942570366, -0.211983381313, 0.721704742264,  
1541, 281004.5777584826, 40.632629534610274, 79.43634555391908, 47.216042444935894, 17.886112032465334, 0.401364333423, 0.86937483121, 0.28826042863, 0.754958971236, -0.135821058435, -0.641552485644, 0.518597747397, -0.475121082403, 0.710856056773,  
1544, 414285.6906576212, 46.2456024305745, 133.25895050692878, 72.08102262526778, 10.296603652971523, 0.27134317753, 0.895358818769, 0.353136610478, 0.907826982371, -0.359965367464, 0.215116490085, -0.319723396216, -0.262216551496, 0.910505041191,  
1549, 2266206.6841580686, 81.48361765780592, 124.03146674150489, 87.03601798201062, 50.116416992411935, -0.971840734534, 0.208456738422, 0.109869808897, 0.160459186722, 0.243982994913, 0.956412645038, 0.172564295545, 0.947110387653, -0.270561411704,  
1559, 1798891.0728708988, 75.44644006242528, 127.83220399290484, 74.2985294026592, 45.21637715410771, 0.527697861027, -0.123823901021, 0.840358619283, -0.72065602586, 0.458443279365, 0.520081389781, 0.449655267798, 0.880055339817, -0.152685097507,  
1563, 1418216.3922512825, 69.69762249630269, 140.06311151133164, 67.9714136411788, 35.56344460193112, -0.847375241602, -0.507602678756, -0.155867637563, 0.136456101951, -0.491848199551, 0.859921555049, -0.513161701767, 0.707407145227, 0.486045469809,  
1580, 2736082.7792530498, 86.76546017134964, 113.60851280339112, 83.71564099527143, 68.6788701290927, -0.433250691506, -0.229563043666, -0.871547271978, -0.857990860342, 0.401127348687, 0.320855939176, -0.275944780489, -0.886790651235, 0.370751694538,  
1598, 1032901.8365586469, 62.70807659020934, 92.25572356554643, 57.722612127681735, 46.305347197312884, 0.639930861668, 0.102995991509, -0.761498731462, 0.516284702113, 0.676360541456, 0.525344196052, 0.569156040685, -0.729334109784, 0.379648729297,  
1609, 3450615.367119438, 93.74238116991863, 125.14610043021968, 109.03080636841736, 60.37281098425939, -0.741670812985, 0.61100755853, 0.276756514982, -0.380975122703, -0.723309044279, 0.57591838167, -0.552070974646, -0.321704507092, -0.769235886493,  
1616, 1261843.1779784365, 67.03561400372026, 133.45071365818228, 70.60033499007626, 31.97342146314989, 0.172996691238, -0.897383564291, 0.405924726225, -0.818617236649, -0.360176172132, -0.447368913637, -0.547665924338, 0.254903635848, 0.796922939656,  
1620, 2243286.3485988583, 81.20797879997528, 104.59100430801092, 74.39470230898961, 68.82714588752455, -0.671949946484, -0.66319827441, -0.3296229941, 0.293576505168, -0.64714230319, 0.703576346274, -0.679923602351, 0.375998521595, 0.62954666763,  
1628, 2434783.8725601085, 83.45594305420022, 117.69370420658709, 93.10938151765164, 53.04264027116196, 0.781220066342, -0.0983999012775, -0.616451674808, 0.406765949317, 0.829317809108, 0.38311021126, -0.473536345407, 0.550044935368, -0.687905443106,  
1633, 1799812.1980965482, 75.4593153576122, 113.10311207464413, 71.19682205009325, 53.35847611103409, 0.379951182441, -0.131529999474, -0.915607425811, 0.605855583725, -0.712586761536, 0.353778347207, -0.698982196219, -0.689144372771, -0.191059998029,  
1646, 2382210.7890921575, 82.85089278385212, 127.45630044205451, 69.99710592770803, 63.74559589422678, 0.0475296356823, -0.990470016741, -0.129267473364, -0.945935354796, -0.0862022072158, 0.312690716231, 0.320853920465, -0.107416597457, 0.941017766205,  
1647, 481714.6508776562, 48.629568419576046, 98.10065492646405, 67.92136382305942, 17.259290608478217, -0.0374733255045, -0.91532302819, 0.400973196038, -0.0600180918689, 0.402592188764, 0.913409742774, 0.997493648363, -0.0101628544932, 0.0700224097307,  
1655, 1980488.3171752384, 77.9042633283667, 126.1039964320159, 67.59588598912228, 55.46698510179415, -0.896843846587, -0.320940598924, -0.304414596893, 0.150456904765, -0.868472155418, 0.472354564996, -0.415973358099, 0.37782700701, 0.827171637646,  
1665, 3761992.49356937, 96.48129079119146, 117.08596845260662, 94.80764932873399, 80.90606594233657, -0.456812311926, 0.614936155828, -0.642787706734, 0.140681443605, 0.763435077673, 0.630377358099, 0.878368512128, 0.197535835824, -0.435256648964,  
1667, 2507656.1894782106, 84.28037534725799, 122.55049450016882, 71.4994569703218, 68.32215745093839, 0.49482618228, -0.651856507168, 0.574656543852, -0.595421575131, 0.227332884664, 0.770579591878, -0.632945651062, -0.723465862092, -0.275639164832,  
1671, 659932.370526958, 54.00951459159437, 122.87920773223364, 74.25553995956733, 17.26647003358335, 0.225228950049, 0.973718008297, 0.0338402183572, 0.886297277201, -0.219186041339, 0.407963988249, -0.404659185595, 0.0618928073412, 0.912370661471,  
1675, 2411459.829077326, 83.18859845716972, 97.89214967341584, 93.60092613461613, 62.82947213046285, -0.667277588293, 0.648919993263, 0.365572786878, -0.738051911129, -0.510130077058, -0.441640895932, -0.100099933272, -0.564508765941, 0.819335008732,  
1677, 1993083.3527375618, 78.06906010455926, 123.58340243064661, 95.62660484009025, 40.26224320651449, 0.0791144978998, 0.222454047074, 0.971727890493, -0.46103702286, -0.856103405593, 0.233520496926, 0.883847135977, -0.466477390527, 0.0348293605023,  
1691, 2345209.4721375513, 82.41969633718624, 126.78373505509825, 73.871620856202, 59.77944244681869, -0.668475803129, 0.202194615208, -0.715721620613, 0.714150082112, 0.443224171907, -0.541795158392, -0.207677059039, 0.873309607767, 0.440681935335,  
1706, 3258021.937366336, 91.96483549181802, 138.1040077718148, 92.2238556726796, 61.06830104214565, 0.664551997885, -0.735737905588, 0.13061537577, 0.495729678262, 0.56487691245, 0.65967125136, -0.559126755036, -0.373635929833, 0.74011719595,  
1707, 1967812.2627351535, 77.73769951357812, 132.66099492541278, 75.35971576062622, 46.99076891706961, 0.220553318541, 0.338690003132, 0.914683177641, -0.26999373771, -0.879932481763, 0.390924812638, 0.937261764545, -0.333178494679, -0.102627849075,  
1708, 1114355.19431794, 64.31491166646185, 92.28740175182774, 77.9076866130654, 37.00090144049276, -0.306773688557, -0.573880774431, 0.759309397247, -0.860773133896, 0.507716790902, 0.0359620939206, -0.406152084781, -0.642560905265, -0.649735305377,  
1710, 1554074.2366602302, 71.85567120613969, 136.97361716791866, 75.86832856198923, 35.70143810834609, 0.671810188748, -0.0765687961574, 0.736755244128, 0.544494870006, 0.725390804222, -0.421109864153, 0.502191603704, -0.684065348198, -0.529016249811,  
1714, 1095346.9247277197, 63.94712561683995, 119.99152956930445, 58.414416393457586, 37.30718256577829, -0.263689254304, -0.890516517774, 0.370740217316, -0.266417090107, 0.436627945551, 0.859289224454, -0.927086787342, 0.127813804944, -0.352382916728,  
1720, 3258823.687981848, 91.9723785979848, 112.30257223273414, 101.67621953623845, 68.13388628443094, -0.0732157779091, 0.270408157991, 0.959957748006, 0.168792508526, -0.945295404598, 0.279151727759, 0.982928552302, 0.182471987267, 0.0235676670883,  
1723, 966536.2594077508, 61.335208690074474, 95.51381542479925, 60.58327685691245, 39.87590824436142, -0.455901082839, -0.718072590945, 0.525857354041, -0.889573386795, 0.386562579, -0.243369188729, 0.0285200310576, 0.578740984077, 0.815012565043,  
1729, 2965141.6282565757, 89.12214095939906, 146.13475757518762, 107.25838600290162, 45.16188408596645, 0.31769791594, -0.927257419326, 0.198145685069, -0.444248695494, 0.0390547196095, 0.895051856279, -0.837681998589, -0.372382071508, -0.399525295895,  
1731, 128154.0744238809, 31.276244750008903, 146.4960757689946, 62.46259762680403, 3.343472661907599, -0.293747905728, -0.812352847234, 0.503780725585, -0.181824040722, 0.564894979974, 0.804881158815, -0.938430703939, 0.144832707598, -0.313641994499,  
1753, 2725188.256285744, 86.65014620128052, 114.70515597254354, 92.2480650217852, 61.48479005254763, 0.0978871905208, 0.539227650768, 0.836451814858, -0.538771641027, -0.677955243235, 0.500101796633, 0.83674561054, -0.499610076778, 0.224157432232,  
1776, 370774.6086379559, 44.566356015275005, 116.04657150331512, 50.72312095133164, 15.037758095082253, -0.698517850432, 0.668851484929, 0.254382593225, 0.686395107771, 0.525744743312, 0.502448227092, -0.202322931612, -0.525576023033, 0.826338475055,  
1785, 1928861.458777942, 77.22136521713925, 151.90692485037854, 77.35950628792448, 39.185118510312186, 0.298617812143, -0.810965449688, 0.503152503406, -0.891660334288, -0.425030348444, -0.155855866615, -0.340248806799, 0.402099791487, 0.850027356712,  
1788, 3365228.9184183446, 92.96268690455695, 143.55194405200808, 101.70876554340231, 55.02480871046727, 0.179216483993, 0.854561267332, -0.48744896373, -0.509721523858, 0.504438266116, 0.696940459289, 0.841466232229, 0.123560009929, 0.525991923859,  
1789, 830269.0357845635, 58.30557429798913, 124.77897575250707, 45.337316362819195, 35.03749157639724, -0.812420880412, -0.162025098921, 0.560107293641, 0.00134959399953, 0.96009007978, 0.279687713896, -0.583069885748, 0.227980056206, -0.779778559789,  
1790, 2101985.875878281, 79.46582467287378, 109.15007048741701, 84.8474376463559, 54.18491947959547, 0.342833996557, -0.938216092281, -0.0470681951004, -0.562893414341, -0.245284313702, 0.78929500793, -0.752074367929, -0.244102784984, -0.612207461133,  
1794, 448583.92724273424, 47.48812617238034, 103.87865395368209, 66.70664298598373, 15.45466873914428, 0.397086035678, -0.127599228826, -0.908868041617, 0.443762173009, -0.840140856779, 0.311830842891, -0.80336655026, -0.527144930332, -0.276984491171,  
1797, 2381078.5195253375, 82.83776430512135, 118.90403740987607, 80.27673900003052, 59.55233357917652, 0.0139977413383, 0.657120211354, 0.753655817377, 0.534960417285, -0.641705567468, 0.549573759034, 0.844761158657, 0.395483239228, -0.360515731021,  
