# Void_ID, Void_Volume, r = (a*b*c)**(1/3.0), a, b, c, vector_a, vector_b, vector_c 

2, 2023175.1743035098, 78.45999798898869, 132.0175005450455, 96.17645532309388, 38.040358853317244, 0.121141183136, 0.669367875289, 0.732988036245, -0.673092070273, -0.487337900964, 0.556281255499, 0.729569653072, -0.560757004249, 0.391509519044,  
3, 2635431.24427221, 85.6882013939981, 128.27067406853723, 98.46588941450722, 49.81382560622593, -0.321448412985, -0.86376684419, -0.388043498421, 0.797100301675, -0.468041292042, 0.381534347096, -0.511177099311, -0.186665979281, 0.838959942619,  
36, 1963562.409023435, 77.68169620857415, 132.53715861322215, 88.19854287054946, 40.10116908658181, 0.35935519696, -0.932832671538, -0.026211625819, -0.334897069481, -0.155127518531, 0.929397334754, -0.871038343169, -0.325205565612, -0.36814880799,  
67, 1713170.2764128498, 74.228492481602, 123.36806654052081, 95.23146794761792, 34.81197670480327, 0.273261919743, -0.152765647894, 0.949731846387, 0.69291362394, 0.716089107995, -0.0841849105774, -0.667232068307, 0.681086665729, 0.301533283054,  
76, 868991.1060674964, 59.198255313879756, 102.44088466592848, 61.53997199320485, 32.90759226849959, 0.322256315016, 0.94342172637, 0.0781429052759, 0.509645062186, -0.24246253572, 0.825514281743, 0.797754835787, -0.226202044609, -0.558945307694,  
104, 4241161.433580077, 100.41503209749736, 125.9495895299479, 96.41587871555778, 83.37788493792867, -0.512199444647, -0.857285336751, 0.0520920367764, 0.0672202926022, 0.0204518789492, 0.997528522354, -0.856231955235, 0.514435197123, 0.0471515301402,  
123, 586601.7401016759, 51.92999082692495, 146.55831241826615, 41.56499749707718, 22.988811720191688, -0.523372619612, -0.80601720268, 0.276436918707, -0.163162451518, 0.413210028183, 0.895899261649, -0.836336723727, 0.423785018132, -0.347774557656,  
125, 1722715.9505982047, 74.366102668245, 156.21633166892352, 83.04173363980391, 31.703135945484345, -0.131447168151, 0.446743585681, 0.884952999113, 0.819120715963, -0.453860576132, 0.350787442925, 0.558357318091, 0.770993350222, -0.306278238287,  
128, 2326367.0713115637, 82.19837101435012, 101.13532653245917, 80.30648333271736, 68.38110954934764, 0.191261743128, 0.28102301278, 0.940449367007, -0.707104967967, -0.625071173097, 0.330588252723, 0.680750695844, -0.728225305006, 0.0791605663036,  
132, 954285.8664551275, 61.0749744743987, 133.56486337137449, 70.43112979246101, 24.217706031756602, 0.240452179254, 0.043057600714, 0.96970551845, -0.290677585506, -0.949974420568, 0.114259098331, 0.926115160645, -0.309345507948, -0.215907540248,  
145, 1601409.2151900013, 72.57792896908929, 89.80277494378669, 70.1850374058212, 60.65678973606377, -0.298974669109, 0.951526027922, -0.0721967133434, 0.942162743002, 0.30634734958, 0.135943617375, -0.151471162043, 0.0273773554574, 0.988082469978,  
151, 1491955.8844009235, 70.8852361940062, 109.40773492799791, 69.35383725553808, 46.940623125982114, -0.944692019844, 0.325775545716, -0.0377793787119, 0.1186504017, 0.446891990346, 0.886684628908, 0.305743470607, 0.833161354588, -0.460828696376,  
153, 1438751.4530562493, 70.03240733798106, 127.54721617961684, 95.37754273248673, 28.234496825610847, 0.631110462905, 0.650720870215, -0.422210768075, 0.378204233021, 0.217086000563, 0.899908454502, -0.677245259664, 0.727623541006, 0.109100141325,  
159, 2023328.5187375797, 78.46198020324694, 142.48008872084816, 69.34259109231269, 48.89039555963658, 0.311307082505, -0.254086334582, -0.915711764127, 0.554111793947, -0.734300426049, 0.392126260422, -0.772041462741, -0.629478370464, -0.0878006886426,  
197, 1128781.2715089682, 64.59125584512965, 134.73224175730573, 66.74188225251466, 29.967547296862758, 0.39611097206, 0.024363455448, -0.917879360184, -0.814997097338, 0.469780983128, -0.339242625891, -0.422937145618, -0.882446740563, -0.205941547353,  
219, 3438170.0938893524, 93.6295457461039, 129.46068450781146, 100.53811341556235, 63.06234536242282, -0.208701612754, 0.219441988777, 0.953041893306, -0.589201547906, -0.806004050705, 0.0565597577002, 0.780567212211, -0.549729646106, 0.297509904732,  
228, 966391.7840156913, 61.33215246057423, 116.65332190126755, 67.98571222683371, 29.090411024866693, 0.57043574041, -0.567431589345, 0.593821907205, 0.402462626217, 0.823350590548, 0.40014702241, -0.715979678875, 0.0107329612775, 0.698038611382,  
242, 960112.8541190524, 61.19903276312056, 121.96167583760133, 55.004857978476984, 34.16718851794709, -0.410882152899, -0.74266448221, -0.528796107487, -0.905584193598, 0.399472258744, 0.142615506868, -0.10532390391, -0.537467563075, 0.836681237932,  
255, 1317830.086303516, 68.01273972565191, 155.88404678293523, 53.255612270331966, 37.89690607313031, -0.0815065271469, -0.205762393623, -0.975201785993, -0.98956272077, 0.133372331909, 0.0545659485777, -0.11883731609, -0.969470813615, 0.214485509657,  
265, 2130948.6488030986, 79.82914141397332, 151.4813146114574, 74.23057497222001, 45.242071842509986, 0.325077900024, -0.386331047222, 0.863175926951, -0.526221709173, 0.684494510536, 0.504537389934, -0.785757641841, -0.618235866801, 0.0192182540868,  
276, 603912.203478248, 52.4358604254081, 111.27183036290197, 74.02977271065323, 17.502236514213823, -0.460972427633, -0.801241562714, 0.381466091733, -0.885653089988, 0.442453478128, -0.140902533288, 0.0558840331136, 0.402798805698, 0.913580919772,  
299, 1507270.4902177197, 71.12695157959016, 89.81776127714087, 70.58140430960441, 56.76100367023833, -0.685661080661, -0.0333955133244, -0.727154469255, 0.0293143600812, -0.999403491746, 0.0182572993418, -0.727330427495, -0.00879774834973, 0.686231046269,  
356, 2481548.7338944688, 83.98687064657177, 114.09581871819258, 89.35757280793628, 58.1076225037348, -0.743722424456, -0.392870333158, -0.540860293131, -0.645864051865, 0.631002113369, 0.429762678036, -0.172442981504, -0.668946361264, 0.723031246823,  
399, 2666822.7553289062, 86.02707979879021, 137.00538919317893, 95.44225023691509, 48.68859272204945, 0.0202268346978, 0.293947940023, 0.955607389943, 0.590240006437, -0.774977072164, 0.225892169898, 0.806974355205, 0.559468628411, -0.189175167145,  
410, 1563323.4012116513, 71.99794042662509, 125.85614475548446, 79.06027578110188, 37.508307723520126, 0.754304550927, -0.550597663408, 0.357584755687, -0.607473711126, -0.791910843133, 0.0620717876275, -0.248998664136, 0.264044370471, 0.931815558832,  
442, 1596363.4643618632, 72.50162212695544, 93.28844296342626, 82.83260811010702, 49.318969067884495, -0.0800171920316, 0.219514165448, 0.972322364315, -0.350459807947, -0.919368149511, 0.178718014421, 0.933153348595, -0.326459395381, 0.150496150032,  
454, 1081272.139009003, 63.67204536824396, 96.34087359743152, 65.83900841729098, 40.69607658170115, 0.557590692653, 0.630027465684, 0.540516430787, 0.356666526175, -0.7697956044, 0.529342721261, 0.74958762568, -0.10237245689, -0.653940571839,  
474, 1921809.1131619762, 77.12713746747603, 115.41879499850252, 95.83583333844624, 41.477940064003334, -0.642996741524, 0.707700103464, 0.292772529357, 0.765183838581, 0.609794114829, 0.206506248559, 0.0323864719144, -0.356807652773, 0.933616310569,  
538, 981611.9598823845, 61.65246007399745, 112.02816833278061, 49.42411312650665, 42.3238446421772, 0.401590103823, -0.675530975701, -0.6183714817, -0.693269856385, 0.216958855543, -0.687245051804, -0.598416489361, -0.704689120017, 0.381196733185,  
557, 951490.4879946841, 61.01528074618131, 93.97799698087404, 65.71356883724265, 36.78193761296945, 0.879527686486, 0.331937912425, -0.340952006886, -0.249483206413, 0.931810910914, 0.263603027334, 0.405202638716, -0.146784360871, 0.90236642944,  
569, 914796.4048089638, 60.220627970037995, 115.53234792546958, 71.3101111553793, 26.508254223429134, 0.824920827382, 0.47345714206, -0.30877817796, -0.296477279805, 0.827512000852, 0.47678623198, 0.48125549463, -0.301765178705, 0.823001169993,  
603, 2041926.8963632334, 78.7016540940199, 132.77893385867608, 110.81725896777529, 33.12950900107122, -0.49677315907, 0.754432851149, 0.42900757748, -0.421520124714, -0.641835688373, 0.640599511077, -0.758641689396, -0.137397315254, -0.636855372021,  
617, 699317.6244807201, 55.06326440159011, 142.74242631945566, 84.36242326780321, 13.863846576329696, -0.124347679672, 0.240585158585, 0.962629957995, 0.641587639031, -0.720565783671, 0.262964356608, 0.756903531504, 0.650310489591, -0.0647557806316,  
690, 1717000.2032235567, 74.28376585585589, 115.64291746167602, 92.88323228815668, 38.16149476506859, 0.125357005499, -0.796229168428, 0.591865468258, -0.154769148457, 0.573573050242, 0.804400687917, 0.979965372785, 0.192439775983, 0.0513303103612,  
692, 1478432.0941738647, 70.67040672930396, 109.54611471705135, 98.11618232619824, 32.837883053337094, -0.264747362688, 0.283602560339, 0.921671536785, -0.671652185761, -0.740049482489, 0.0347865610555, 0.691948101604, -0.609833051938, 0.386408428287,  
719, 995981.5706191305, 61.95184304971301, 111.65017944080222, 66.61366686829686, 31.969800553991867, 0.766183750641, 0.0833920973323, 0.637187741844, -0.528943330672, 0.644929342704, 0.551620427339, 0.36494028716, 0.759678814383, -0.538244076406,  
722, 1327168.4672297523, 68.17301191444483, 104.40048415211243, 68.56708195920217, 44.260800587913685, 0.280073909655, 0.683985075812, 0.673589653421, 0.71509659467, 0.319482840999, -0.621745586715, 0.640465038408, -0.655816384648, 0.399636590172,  
754, 4295990.857511747, 100.84590004430822, 126.98356269257397, 95.28619339600912, 84.76123071322544, -0.180836785457, -0.536105049798, -0.824554081069, -0.981307019787, 0.154473524378, 0.114780064399, -0.065837602803, -0.829897165827, 0.554018144296,  
796, 534674.5216367128, 50.350094896046215, 94.29093942632295, 49.41010325863428, 27.39776625131322, -0.808100361101, 0.124120668944, -0.575819299719, -0.163957827623, 0.891519545755, 0.422268552343, 0.565766415713, 0.435645451115, -0.700086711611,  
814, 3641609.773224449, 95.44098925893753, 116.88652581942866, 108.70656603887599, 68.42023622485526, -0.209396307148, -0.802719395472, 0.558385851079, -0.878330670119, -0.0965671550223, -0.468198695533, 0.429753906883, -0.588486496619, -0.68483225889,  
829, 482291.01489162544, 48.648955527786676, 130.48746046425475, 77.93326319978135, 11.322150448390143, 0.868172595918, 0.139551530581, -0.47623703553, 0.206002486502, 0.771718492832, 0.601675613081, 0.451485680008, -0.620464292392, 0.641236884945,  
857, 1311119.6629414747, 67.89710237649774, 122.39667675587458, 62.54808062173917, 40.88557479746851, -0.0407358663782, 0.979461359584, -0.197474135703, -0.943859893259, -0.102566377589, -0.31402012688, 0.327824787177, -0.173596034717, -0.928652424561,  
858, 529292.6851317692, 50.18058973126521, 121.14483217727991, 49.692040657422865, 20.990150776592323, 0.299065452618, -0.406741036435, -0.863204254119, 0.325482016076, -0.806874792572, 0.492965035599, -0.897006862996, -0.428386272412, -0.108921482487,  
871, 2901482.1982122287, 88.47972558255711, 120.53628423688559, 116.34684866284707, 49.392257587414825, -0.416715424447, -0.743129109013, -0.523552654817, -0.137806284581, -0.517642860987, 0.844426015942, 0.898530846971, -0.42403419179, -0.113301903051,  
887, 1285119.8775510956, 67.445297901112, 136.07547964770964, 64.79938351629045, 34.79399396646535, 0.203587064978, 0.975101182027, -0.0879203718347, 0.84546543148, -0.129814236046, 0.518012034892, -0.493700831625, 0.179794184916, 0.850842840907,  
888, 1647289.3605079348, 73.26452889772764, 107.65218216379907, 87.14246602890718, 41.920707214274685, 0.237753221966, 0.938492310354, 0.250410840123, 0.419756129337, 0.133216168146, -0.897807465122, -0.875944174778, 0.318568102532, -0.362265326412,  
907, 791957.5041016251, 57.39460742080723, 122.96640116448233, 66.95462579311433, 22.96393024740661, 0.531938086728, 0.556713383398, 0.638053352498, -0.294393708052, -0.5849151472, 0.755782121537, 0.793961092591, -0.58986818809, -0.147245727039,  
910, 2963349.1630796, 89.10417885674438, 122.17598872480536, 91.35395551419647, 63.38419778145062, -0.382987150577, 0.262387786427, 0.885705081857, -0.901339476232, -0.316079126249, -0.296110004114, -0.202257239869, 0.911727281309, -0.357554713906,  
917, 137410.14934352323, 32.011797976701594, 112.45979648444509, 33.5974340405151, 8.68214029000967, -0.4455780214, 0.748409656117, -0.491266947266, 0.319341581524, 0.645526069141, 0.693770169703, 0.836349915499, 0.152246775632, -0.526630551862,  
943, 917423.361233428, 60.27821665976292, 120.32076204927428, 54.958242682990125, 33.121330489577836, 0.690007468545, -0.0171614391245, 0.723598768904, -0.404166512423, -0.838478371647, 0.365518057716, 0.60044910158, -0.544664580533, -0.585492417649,  
945, 887986.3946812729, 59.62648854925977, 131.920358915283, 41.23583023482925, 38.97006545560311, 0.195570609555, -0.581492718172, -0.789695102803, -0.55448401383, -0.72974345354, 0.400027462084, -0.808887887834, 0.359639695706, -0.465144788413,  
951, 1469853.4975202514, 70.53345323982548, 131.45666852347858, 89.73897377884339, 29.745530593773587, 0.478211376129, 0.68667872223, -0.547527362035, 0.686877074433, 0.096063263019, 0.72039692817, -0.547278507124, 0.720585998986, 0.425725326597,  
956, 1209978.7686207474, 66.10430042852731, 90.89372570643961, 74.92278597585255, 42.41713360025903, -0.717376726601, -0.449546407295, 0.532239288121, -0.668767903387, 0.658445523508, -0.345252058606, 0.195243754141, 0.603620344472, 0.772995702581,  
970, 1012250.8168434417, 62.287348262198535, 126.12018222619301, 62.45629559448025, 30.678824514094057, -0.940593957079, -0.0333514905529, -0.337891529909, 0.0893579402281, -0.984397237719, -0.151582442553, -0.32756398829, -0.172770820598, 0.928898313663,  
977, 372010.82552591333, 44.61583132425178, 103.39264441653933, 61.75222295821874, 13.90992311845695, 0.501655964725, 0.575677486747, 0.645706376233, 0.372581945934, -0.817427423473, 0.439312076909, 0.780720171777, 0.020195014402, -0.624554380957,  
979, 2565427.712707966, 84.92268644347442, 100.54030414222244, 86.87223838336806, 70.12130113017943, 0.631852254506, -0.736884475241, -0.240341420951, -0.0426103986521, -0.342637326089, 0.938500941234, 0.773916715417, 0.582752891816, 0.247895108218,  
1039, 1507264.5005406532, 71.12685736335895, 119.66441117348926, 88.33600672368615, 34.04066928949203, -0.733117224575, 0.503963620214, -0.456683483972, -0.140159917147, 0.545121783492, 0.826557583468, -0.665503067354, -0.669972320819, 0.329002669715,  
1052, 1720581.8358220211, 74.33538153107997, 126.97966767721181, 65.76775595682449, 49.18577453087201, 0.587703227437, 0.725355581184, 0.358419024754, 0.667489852333, -0.685035917577, 0.291861420303, -0.457233215649, -0.06771316323, 0.886765309444,  
1082, 599191.9639499461, 52.298888258215115, 133.3675348722749, 56.88116390465766, 18.85639958227264, -0.546543540765, 0.280468781529, -0.789067437318, 0.173508261444, 0.959727249662, 0.220949065322, 0.819258836546, -0.0161514347214, -0.573196379872,  
1121, 2025622.2937525376, 78.4916188507983, 130.4092600716053, 94.1468463363423, 39.38724923302885, -0.624958049668, 0.55785059003, -0.546104527868, 0.777601366535, 0.382992865361, -0.498650759395, 0.0690184824328, 0.736287433198, 0.673139855303,  
1123, 1621091.3238425204, 72.87405857728035, 109.35762742345781, 102.5848645378104, 34.49741104297331, -0.769900786281, 0.632486991532, -0.0849292930976, 0.637435649407, 0.755827146215, -0.149670030097, 0.0304724818265, 0.169368032954, 0.985081670353,  
1125, 187661.780278622, 35.51641109666491, 99.5392545436606, 28.64780380701885, 15.710915940008991, -0.29799277411, 0.76852000202, -0.566195472495, 0.334838347604, 0.63961014197, 0.691940855322, 0.893914754074, 0.0166094185661, -0.447929168131,  
1127, 1786604.7726351107, 75.27428288841027, 111.75190653873072, 78.97541021431438, 48.32735750561049, 0.823081007366, -0.486730235868, 0.292628318528, -0.356084463492, -0.0408862954719, 0.933558871043, 0.442426841605, 0.872594973819, 0.206969808169,  
1130, 2119768.491355147, 79.68928698924233, 112.2071876542493, 91.30331356638735, 49.396093788233024, -0.711227828795, -0.246217440104, 0.658431429791, 0.616187323179, -0.66916808093, 0.415364011703, -0.338331432624, -0.701135544423, -0.627647026636,  
1137, 606869.046909669, 52.52129904499251, 120.97060565964588, 49.494794033459776, 24.197305151987322, 0.855294476824, -0.412233871283, -0.31390220337, -0.413813916945, -0.178876622276, -0.892614808384, -0.311816292161, -0.893345615856, 0.323580300038,  
1146, 1733794.9675340208, 74.52518158919209, 132.2573311305345, 86.52495794663756, 36.16995572816316, 0.514951841918, -0.820974131724, -0.246629429599, -0.570266340763, -0.542896741831, 0.616489601131, -0.640016328774, -0.176817993284, -0.747739591137,  
1147, 959601.6374198457, 61.1881689284437, 135.8248539439913, 46.163950901813195, 36.53592893789218, -0.507837912123, -0.21226200117, 0.834892506776, -0.813920456334, -0.199253799913, -0.545739327867, -0.282195226345, 0.956683210932, 0.0715757511244,  
1151, 1135230.7001143661, 64.71403895209716, 137.14709830819163, 97.18340936714084, 20.333716477584947, 0.0283748290625, -0.912474509653, -0.408148426811, -0.0417866679251, -0.409038689838, 0.911559775659, 0.998723557076, 0.00881019003926, 0.0497356722291,  
1152, 952767.0945454369, 61.04255644261796, 110.05788478316147, 66.7488718206624, 30.962288202307477, -0.061987294845, -0.985464257169, -0.158170076567, -0.0697491767464, -0.153810235768, 0.985635563338, -0.995636795032, 0.0721291149008, -0.0592010402158,  
1192, 929100.2304585268, 60.532877556899734, 107.38912623010948, 89.32879949374643, 23.121827258066343, -0.219776251524, -0.960957096589, 0.168106685711, 0.153375901291, 0.136140502604, 0.978744908775, 0.963417994522, -0.240888401683, -0.117467211449,  
1228, 1914773.670917623, 77.03290559317303, 113.19951049511111, 65.495794852362, 61.655364820717324, -0.759170056954, -0.170133546204, 0.628263798958, -0.617567720656, -0.116614887539, -0.777824580743, -0.205598966507, 0.978496573556, 0.0165384555218,  
1242, 1648365.7034288286, 73.28048249800165, 124.03011481372086, 64.0602501615726, 49.527816792758664, -0.971387223521, 0.177372658467, 0.157942400919, -0.113071800981, -0.93019734901, 0.349210050998, 0.20885791774, 0.321359350141, 0.923637666119,  
1253, 2266667.0915605617, 81.48913541290348, 116.53423551365906, 86.26053324016803, 53.831125498743695, -0.0451824937976, 0.921998241912, 0.38454880596, 0.365722103952, -0.342951658901, 0.865234940544, 0.929626744955, 0.179731470722, -0.321699725671,  
1255, 1421963.703645356, 69.75895516704396, 107.7316444733222, 85.2366683900863, 36.9683567177023, -0.80930561424, -0.528505236366, -0.256333060475, -0.583436220996, 0.773812472619, 0.246609880682, -0.0680191060601, -0.349136753083, 0.934599876341,  
1291, 1067042.9151286744, 63.391509347601996, 117.3564995249392, 76.88631174909872, 28.231704654878143, -0.145449466916, -0.185646366654, 0.971792096655, -0.805313397566, -0.548374201552, -0.225291071223, 0.57473018389, -0.815365661296, -0.0697427709895,  
1299, 867262.7689930962, 59.15898278090509, 124.2869669280545, 66.04012980092571, 25.224849606797846, 0.00355458874727, 0.673113560589, 0.739530593992, -0.682704624276, -0.538737854443, 0.493635412205, 0.730685815444, -0.506635627193, 0.457622748962,  
1323, 2332755.993913445, 82.27354960781656, 117.56588344002036, 74.95839518604235, 63.194475409031035, -0.928677743127, -0.299334297598, 0.218990017358, 0.0116053598797, 0.566706427712, 0.823838054724, -0.370706035887, 0.767621523325, -0.522813764055,  
1337, 535493.6001645734, 50.37579254866884, 123.27567829191528, 84.78297801044877, 12.2314968437161, 0.87604684254, 0.29421946323, 0.382069152291, 0.294578797228, -0.95380091587, 0.0590520542407, 0.381792171082, 0.0608171056764, -0.922245096359,  
1351, 2288652.5514191748, 81.75175517021981, 106.06039235969499, 91.13265703365637, 56.52804873974204, 0.382361156389, -0.799945292, -0.462479703221, -0.385710574059, -0.592998148205, 0.706810122512, -0.839659037434, -0.0918734239713, -0.535286815477,  
1387, 851809.4137524522, 58.80549933104647, 126.27470264491664, 54.24340617801503, 29.688654701622028, 0.865384440371, -0.445722616266, 0.229000261381, -0.35796194474, -0.230054377756, 0.904952059168, 0.35067508677, 0.865104810196, 0.358637213483,  
1404, 1933977.780303722, 77.28958171505174, 146.50541834531302, 72.082608711411, 43.71985252109916, -0.27178820773, -0.422761184458, 0.864525390636, 0.0680692604131, 0.88764647761, 0.455467130068, -0.959946741192, 0.18263819891, -0.212474804091,  
1447, 209189.62621961653, 36.825657660304245, 72.0056998819055, 46.38617131404625, 14.951891298345762, -0.779665507147, -0.589712846423, 0.210619219751, -0.596598177849, 0.597351260958, -0.535949704001, -0.190242768986, 0.543516540499, 0.81755578345,  
1451, 703257.8260328767, 55.166486049851564, 118.92184428313031, 85.97984941280995, 16.419791895644245, -0.138768020694, -0.288928917516, -0.947239946928, -0.989798525941, 0.0092822772191, 0.142171436561, 0.0322848954868, -0.957305552033, 0.287269499897,  
1463, 4127276.4362611985, 99.50807303019609, 137.76977764114147, 99.50692231369693, 71.8733184783153, -0.918372146277, -0.0938094647929, -0.384437752124, -0.157587570106, -0.804437730944, 0.572753083607, -0.362985893239, 0.586583089893, 0.723989999904,  
1551, 1337288.7866114117, 68.34585768079552, 113.05372826644175, 80.51037198961379, 35.075177010921095, -0.96922126738, 0.16312707835, 0.184390051705, -0.197925403276, -0.961714572379, -0.189553728563, 0.146409253796, -0.220214980379, 0.964401209466,  
1569, 2832425.8882877505, 87.77213221251175, 117.82694517116866, 96.43787908505873, 59.50831828014043, 0.805757820772, -0.551272746489, -0.21645482957, -0.0439527296861, -0.420135299404, 0.906396429686, 0.590611963829, 0.720822231326, 0.362757245287,  
1595, 994257.7370788228, 61.91608056159963, 124.65988825512119, 104.57524534847276, 18.207685553502223, 0.661143573161, 0.534443597438, -0.52655409677, -0.591996224464, 0.802764672605, 0.071479721863, -0.460900906799, -0.264459678543, -0.847131295926,  
1608, 923535.7702762289, 60.41178998484599, 128.13190312001083, 62.69171753992866, 27.447175987208762, -0.0611849307551, -0.733085268911, 0.67737906135, -0.905167688596, -0.245242459876, -0.347170838919, 0.42062793508, -0.634383263005, -0.648559955478,  
1610, 1902978.1426530487, 76.87439842471973, 126.97522689187332, 82.03238037157998, 43.61550239570326, 0.604125401847, -0.441623320806, 0.663325969161, -0.641203669619, -0.76364090248, 0.0755673615213, -0.473170532588, 0.470979208225, 0.744505360968,  
1611, 3471957.0519261435, 93.93524627879154, 108.87152878878409, 103.61714154879002, 73.47503578318958, -0.273260025225, -0.896099552005, 0.349763565157, 0.279810415946, 0.273833980258, 0.920174484749, -0.920345092746, 0.349314391563, 0.175910108023,  
1614, 2195146.9214949254, 80.62288370817649, 116.34684182421412, 75.65228040184543, 59.538564714476415, -0.808129253942, -0.532885906306, 0.250917755019, -0.537792622157, 0.841303927688, 0.0546515947618, 0.24022115743, 0.090776164916, 0.966464424284,  
1643, 1039108.4013816626, 62.8334272502916, 142.68957531158998, 47.17268980200309, 36.85440134080722, -0.530229217055, -0.815483422157, 0.232042594298, -0.800617570963, 0.571647583357, 0.179528676004, 0.279049247349, 0.0905860288903, 0.955994607163,  
1664, 599714.6604614606, 52.31409123327187, 138.30522654143684, 67.33625389388173, 15.373349912024464, 0.263745818752, 0.925380605008, 0.272229460135, 0.916021991227, -0.151857213999, -0.371272269561, 0.302228150044, -0.347289680859, 0.887720689682,  
1696, 660646.3549752146, 54.02898530139958, 131.72166693986173, 76.79514528662335, 15.59155565994985, 0.595229149577, 0.0803045846161, -0.799533259585, -0.715600016335, 0.50559855649, -0.481961322408, -0.365539158115, -0.859023441685, -0.35841296087,  
1729, 42810.898145093895, 21.701441208330337, 115.87014042179717, 32.24079721421202, 2.735825697548542, 0.673944944616, 0.670781898635, 0.309596279192, 0.379244377209, -0.673752589663, 0.634216958365, 0.634012550335, -0.310014664791, -0.708462415116,  
1744, 2084505.0322975644, 79.24492271758324, 106.67925005227102, 89.80458255326465, 51.94405936525439, 0.0863257385239, 0.0866254140921, 0.992493780586, 0.867393449808, -0.496586389895, -0.0321023457392, 0.490078024501, 0.86365386296, -0.118006503619,  
1748, 2335414.1410925686, 82.30478764986893, 121.3562359736055, 75.01379147992442, 61.24520344147834, -0.753603957386, 0.432144514753, 0.495310199552, 0.657250457013, 0.50700834851, 0.557641794791, 0.0101445634592, -0.745783918377, 0.666110677682,  
1779, 1488119.8459286978, 70.82443192202864, 129.99690061085465, 104.46154893251517, 26.161331270474655, 0.0995986401647, 0.180910452336, 0.978443416408, -0.388581240996, -0.898177711024, 0.205624460038, 0.916015682193, -0.400684673597, -0.0191588705664,  
1785, 2521573.496744667, 84.43600441786954, 138.36711849235505, 90.6807821457201, 47.9771965930785, -0.147212758428, 0.987701253111, 0.0526748361015, 0.96528397658, 0.155080759552, -0.210182783728, 0.215766652462, -0.0199045878912, 0.976242059669,  
1822, 1569639.3692562862, 72.09476954272877, 119.43198800917138, 73.63472191298338, 42.609649451200596, -0.618559279597, 0.557872159824, 0.553320043843, -0.133843082659, -0.768721786004, 0.6254221334, 0.774254768696, 0.312802603915, 0.550167323762,  
1833, 1220433.2086205555, 66.2941391807536, 123.19909019989926, 63.92789853470709, 36.99367511489342, 0.356835563151, 0.850859249398, -0.3856253604, -0.551101505758, 0.525053501586, 0.648541402552, 0.754291396758, -0.018903919831, 0.656267575454,  
1841, 3127561.2178019523, 90.72056297769555, 127.26688550440632, 103.23944449160666, 56.82718387772504, -0.917037561665, -0.398344807952, 0.0190663177879, 0.0754295751244, -0.126304862519, 0.989119538226, 0.391602463849, -0.90849793378, -0.145873282767,  
1876, 2740939.8065161146, 86.81677112926879, 120.17941957060108, 96.05203584766977, 56.685791154607564, 0.757696465972, 0.563680198689, 0.328877939454, -0.152469660683, -0.337098049501, 0.929041391755, -0.634546348208, 0.754075287109, 0.169473872165,  
1877, 486515.95627470454, 48.790600094408674, 129.26144437386984, 41.75312544660851, 21.520407186671402, -0.673139617738, -0.6151800617, 0.41041021761, -0.0893396439403, 0.618555463254, 0.780645609031, -0.734099096207, 0.488817584141, -0.471334155756,  
1894, 1640741.8394259415, 73.16733123753862, 102.81224263428257, 74.68191271550054, 51.01423503627658, -0.165577674756, -0.976407328435, -0.138610110024, -0.968065112275, 0.134092736391, 0.211823219793, 0.188239135194, -0.169256807915, 0.967428633521,  
1913, 2799490.180792887, 87.43059751029963, 151.78825734451252, 91.59576996435617, 48.070290488554484, -0.149137723626, 0.67993329133, 0.717947532019, -0.83463249524, -0.475898936147, 0.277324359666, 0.530232531331, -0.557862816394, 0.638468903552,  
1936, 2337113.6999859656, 82.3247481232375, 123.51411582172435, 82.54517856322069, 54.72464169750821, 0.526584566055, -0.569322595275, 0.631332303388, -0.775271688565, -0.0169003948868, 0.6314017624, 0.348801524799, 0.821940483953, 0.450279176885,  
1949, 2973599.4812395135, 89.20679868021385, 120.80898293534547, 80.0001943050344, 73.45199451197983, -0.549216070595, -0.833921887125, -0.0541848131264, -0.183774968687, 0.0572723826238, 0.981298443427, -0.815222956426, 0.548902687515, -0.184708881632,  
1968, 938070.7901327343, 60.72707098855849, 130.78451267107081, 75.2408046949767, 22.75816561862992, -0.472945271111, 0.0967552685583, -0.875763203463, -0.142626697244, 0.972436255785, 0.18445962612, 0.869471331193, 0.212146521162, -0.446109244235,  
2026, 2715088.7629869296, 86.54297245986638, 125.85436470331676, 95.37139536878395, 54.001895548698535, 0.296584575639, 0.954959434723, 0.00949039125681, -0.475004304169, 0.138887822404, 0.868954017085, 0.828497737181, -0.262226335102, 0.49480182767,  
2045, 2921436.518304679, 88.68209580070211, 143.96344753548058, 89.93714558568217, 53.86622071256494, -0.369921171569, 0.841158379141, 0.394475484694, 0.153542280628, -0.363405466897, 0.918891307331, 0.916287670377, 0.400486014525, 0.0052780001666,  
2050, 1918348.4324357172, 77.0808143146151, 121.17621993414843, 95.3789706139086, 39.62496125981819, -0.270075761397, 0.290748729612, 0.917891202341, 0.910402171209, 0.387425729556, 0.145152301863, -0.313411821353, 0.874852261989, -0.369332573609,  
2070, 1163292.1900773325, 65.24292165679383, 96.66426955316079, 64.31745721351597, 44.66891084824772, -0.148564045445, -0.771948568411, -0.61808100774, 0.115226320543, -0.634272438744, 0.764474570214, -0.982166798184, 0.0423542344712, 0.183178872601,  
2089, 5023774.190816514, 106.246304629405, 122.26608885991254, 100.46386621111922, 97.63951059300943, -0.223976565214, -0.131903711397, -0.965627210239, -0.91270627205, -0.319056629272, 0.255284406649, 0.341762723531, -0.938511735802, 0.0489281367659,  
2139, 4386917.8963373825, 101.55242512333605, 124.51748952351889, 93.995033924388, 89.48198964659188, -0.0793721713145, 0.995848469615, -0.0445632582488, 0.996754103401, 0.0798894499886, 0.00994651363955, -0.0134653545772, 0.0436291341358, 0.998957047565,  
2160, 327366.8955172077, 42.754521494667166, 133.74779044196995, 74.04740147177725, 7.891321040505351, 0.124731363027, -0.580029141552, 0.804989616099, 0.772838121296, -0.452003330386, -0.445437119684, 0.622224497549, 0.67768664165, 0.391889640562,  
2178, 429077.475096843, 46.78956802580708, 129.1626554633551, 70.66679794219485, 11.22263217288016, 0.930404930188, -0.303819094249, 0.205038103414, -0.28494298293, -0.951405173877, -0.1167719641, -0.230551864796, -0.0502210423052, 0.971763183368,  
2192, 300761.40262919455, 41.56340930805755, 144.1091794077333, 78.11728035226899, 6.378150049944837, -0.0180572837716, -0.691571079926, 0.722082665568, -0.876814254566, -0.336113573589, -0.343837794083, 0.480490059723, -0.639341150764, -0.600310082746,  
2199, 2984224.482719308, 89.31292098731386, 130.0935647504282, 89.58730607701466, 61.12805651298584, -0.104762899133, 0.445956551357, 0.888902407054, 0.576585095618, -0.701027264473, 0.419655098833, 0.810292763436, 0.556492164156, -0.183690252208,  
2227, 1170502.1880510591, 65.37743438772557, 148.63991735980852, 81.81610459800079, 22.97784879290308, -0.6976454544, -0.656928842891, 0.285893888242, 0.0580950707399, 0.345860551989, 0.936485686668, -0.714083876524, 0.669944008076, -0.203123714352,  
2249, 1267753.617526761, 67.14011535105102, 100.94310862474154, 66.99080297249729, 44.75632210162883, 0.421888780139, 0.863027771485, -0.277836143866, 0.769046566756, -0.178341602172, 0.613809132463, -0.480184584669, 0.472628118694, 0.738948865664,  
2252, 927187.81349417, 60.49131633565158, 114.21525525212355, 84.62776538150382, 22.90034986905888, -0.278601598257, 0.378187343798, 0.882811125009, -0.865409959172, 0.299747130168, -0.401518692619, -0.416469389049, -0.875857289144, 0.243777064218,  
2254, 2043287.4742549267, 78.71913038997161, 104.48759416411846, 79.00970118732573, 59.08751349035681, 0.789217482713, 0.606218973695, 0.0981545766237, 0.375303209717, -0.602625111935, 0.70426591231, 0.486089771294, -0.518981242818, -0.70311820048,  
2257, 942782.1643346989, 60.82856663508851, 113.29367198776526, 57.77663837725917, 34.384667248840074, 0.13225501833, -0.984084785091, 0.118683385015, -0.738555130527, -0.0179766561382, 0.67395338044, 0.66109373715, 0.176787939595, 0.72917836989,  
2260, 744625.7663293006, 56.22763499466144, 116.17890229567837, 73.66020166558944, 20.772524432727316, -0.251488339986, 0.745483287182, 0.617258684332, 0.967791011856, 0.186059517705, 0.169594850283, -0.0115832733723, -0.640028534055, 0.768263824069,  
2292, 2991521.7763403687, 89.38566038741521, 119.01652002496421, 90.93007054982748, 65.99161906283696, -0.146016544046, 0.41979066951, 0.895798505612, 0.732380868773, -0.562863202723, 0.383149159044, 0.665054457861, 0.712011803843, -0.225259315606,  
2326, 2561816.8228732436, 84.88282428629788, 116.05939129545281, 89.20389433066988, 59.0738615615196, -0.224877998494, -0.647629100274, 0.728015407991, 0.0808599825691, 0.732171666882, 0.676303418174, 0.971026029009, -0.210953072254, 0.112282021243,  
2327, 732602.7271524251, 55.92336648176711, 135.24215417498715, 55.49657755326141, 23.30245300452499, 0.0939511270245, 0.026739290757, -0.995217662655, 0.838665587347, 0.536545728796, 0.0935879987561, -0.53648226283, 0.843447503548, -0.0279837529326,  
2332, 2468135.285780417, 83.83527319051332, 127.78581476161264, 110.69401762166927, 41.655615401340505, -0.74122460052, 0.614350851484, 0.270479431499, 0.603778156249, 0.434114530173, 0.668577978046, -0.293322398769, -0.658876017148, 0.692707993607,  
2344, 1337354.026627788, 68.34696908680137, 142.86979791965348, 70.07361835794062, 31.89060852518989, 0.614092227577, 0.479811837923, -0.626634930577, -0.518248366101, 0.843966179412, 0.138346373433, 0.595238915952, 0.239795096275, 0.766934772154,  
2356, 1640790.9383870705, 73.16806107084373, 136.61361392649187, 61.09527895497183, 46.931345707728596, -0.288041970753, -0.470135514105, -0.834268794492, -0.281060220041, -0.791319537393, 0.54297195365, -0.915443595092, 0.390878482546, 0.0957968480025,  
2374, 1974103.0275031116, 77.82044951280882, 150.29332154269062, 79.6387762612414, 39.37467159926565, -0.677930724285, -0.717125005078, -0.161683827768, -0.103059421313, -0.125054431595, 0.986782724219, -0.727865845296, 0.685633368667, 0.0108717533538,  
2413, 507256.94184527884, 49.47431576682914, 119.65993448937606, 66.16694168607316, 15.295003036684367, -0.640720550289, -0.266816001627, 0.7199211052, -0.766047261302, 0.159306623134, -0.622730273294, -0.0514662014204, 0.950489674379, 0.306464694557,  
2422, 1232161.9236767956, 66.50583108000637, 151.7625544792412, 70.2035021452519, 27.609323729175365, 0.482779917597, 0.498624147955, -0.719928823038, 0.803010466329, 0.0759603235549, 0.591104238026, -0.349424873372, 0.863483635237, 0.363728290825,  
2442, 2833621.0341307423, 87.7844756655843, 113.9407072903245, 102.72640567698235, 57.795251055488485, 0.263570986322, 0.639630491285, 0.722082522838, 0.782708822997, -0.579328378039, 0.227476435705, 0.563823761092, 0.505224173034, -0.65333858099,  
2445, 2787528.3382396395, 87.30589335763959, 96.60978898439369, 93.4815499074899, 73.68577303044476, -0.320257850726, -0.064920068063, 0.94510332441, -0.614636830749, 0.773401561694, -0.155150219643, -0.720872024242, -0.630583387929, -0.287590186783,  
2446, 841953.0797924418, 58.57780494034461, 90.99644915341985, 60.44576713407972, 36.54339911736791, 0.829087745966, 0.555262413911, -0.0655527359232, 0.191702427715, -0.172168781549, 0.966233972632, 0.525227273375, -0.813659365065, -0.249188179786,  
2466, 1397125.2902722144, 69.35039115517165, 156.3162550228981, 60.0581446062924, 35.527994405482545, -0.502178043432, -0.738472111578, -0.449973502683, -0.805398379427, 0.209929635074, 0.554313087283, 0.31488198283, -0.640771791467, 0.700186295317,  
2474, 1659155.8440930587, 73.44003197323742, 113.96294288057842, 71.07593896197032, 48.900388616766854, 0.00484771794683, 0.240706154215, 0.970585929711, 0.722503933987, -0.671873263197, 0.163016513194, 0.691349813773, 0.700461894412, -0.177168195431,  
2484, 2214527.2539053718, 80.85945442203378, 132.03396190902978, 81.47282726790509, 49.14665647943366, -0.150355123203, -0.716722746845, 0.680956563286, -0.988414985657, 0.0945451493455, -0.118730917893, -0.0207160096344, 0.690919473521, 0.722634851121,  
2487, 2077786.3459553542, 79.1596914797164, 85.64252704208906, 78.77866367873759, 73.52147233612268, 0.0574495312194, -0.81855572507, 0.571547090201, -0.990562434328, -0.118095615804, -0.0695664374952, 0.124441211263, -0.56215651778, -0.817615089426,  
2488, 424645.97211551765, 46.62792972392679, 99.48877313042638, 62.54204677505322, 16.292668995861742, -0.941068516005, -0.26140755589, -0.214606938163, -0.272561660949, 0.210470417, 0.938835632338, 0.200250316266, -0.942002278814, 0.269316760607,  
2496, 3101245.4039946212, 90.46540006690422, 143.17847211046063, 116.68304732843819, 44.316151455058154, -0.128479730465, 0.365136055615, 0.922045888093, -0.891894725934, -0.449061142023, 0.0535526710488, 0.433608990579, -0.815487431917, 0.383358176741,  
2508, 835424.8667339918, 58.42601460346859, 136.83294801067092, 61.43170714735916, 23.726600659473945, 0.196459466533, 0.953912514839, 0.226836046612, 0.845078489031, -0.0474103273661, -0.532536015905, 0.497238398946, -0.296316005123, 0.815445154331,  
2509, 1983912.3144338487, 77.94913280285849, 134.85385716313638, 104.42054529137971, 33.63446578339755, -0.371287772436, -0.926454170745, 0.0618713144259, 0.444759274718, -0.118958481582, 0.887715082226, -0.815067222744, 0.357115596368, 0.456216914679,  
2519, 2875766.214854437, 88.21754939680761, 125.8733217837922, 95.58505657702979, 57.0612489260393, -0.836025255065, 0.268839775779, 0.478316786087, 0.529827462076, 0.168928177908, 0.831111383112, -0.142634614747, -0.948255474895, 0.283666919129,  
2520, 1085013.1168720778, 63.74539154626378, 101.04741555104681, 72.79176980561616, 35.215907974015046, -0.80474036593, 0.47648516131, 0.354054846731, 0.59324330416, 0.666960634451, 0.45080582756, 0.0213383577424, -0.572822313763, 0.819401776508,  
2528, 1354269.3791531855, 68.6339219558762, 119.00183327819035, 60.95245745949732, 44.57297046487212, -0.266386661192, -0.570146036459, -0.777156125788, -0.290891773682, -0.721139895134, 0.62876007161, -0.918923349765, 0.393561620025, 0.0262512571138,  
2569, 1910968.9135914457, 76.98184893123975, 140.26960668080258, 104.77735709806493, 31.040877803533427, -0.114129629292, 0.969937918049, 0.214929902175, 0.98542875936, 0.083062029489, 0.148427960583, 0.126113393195, 0.228738134968, -0.965284557873,  
2574, 1688409.1163444528, 73.86913718746572, 135.28274670995097, 63.070373312034526, 47.24123745396711, -0.39020155087, 0.339298376418, -0.855931867299, -0.326607047316, 0.818163055247, 0.473219876667, 0.860854567475, 0.46420450966, -0.208431252141,  
2580, 995270.3541778737, 61.9370932248078, 124.61659063380357, 95.77294314915724, 19.908280894734204, -0.202044102328, 0.713404120069, 0.670993846606, -0.655884528829, -0.607359016287, 0.44825273025, 0.727319507202, -0.349527662429, 0.590624032393,  
2591, 1706048.701465568, 74.12549474989429, 90.88948165943914, 83.65659999677655, 53.56597061436185, -0.21944656798, 0.156321266448, 0.963019659954, 0.796951007644, -0.540658098099, 0.269365759468, 0.562771974441, 0.826590879828, -0.00593482673344,  
2598, 1978122.7323138423, 77.87323351154, 119.3238693661747, 94.8405610384986, 41.72950010330849, 0.0585649933643, 0.459177323418, 0.886412052722, 0.168263949563, -0.87977248521, 0.444620756989, 0.984000703673, 0.123111981248, -0.128786859746,  
2606, 1839215.6801860156, 76.00602447456558, 111.83391873179683, 89.50951120878491, 43.86330209087229, 0.438306924171, -0.571338066972, 0.69387308166, 0.799202297619, 0.600979061913, -0.00999272852411, -0.411293967504, 0.558924843222, 0.720027979959,  
2608, 1690265.1473643675, 73.89619484805903, 121.49238857943229, 100.96373198358238, 32.896656608323674, 0.582907041386, 0.799330331358, 0.145912310903, 0.256429057898, -0.351367854, 0.900435877473, -0.771014603862, 0.487454256876, 0.409786320033,  
2610, 2145400.7106897137, 80.00920165140766, 108.61672490503626, 76.35604433835707, 61.75607499134395, 0.671076412882, 0.262296208203, -0.693438639849, 0.526805911019, 0.489418948935, 0.694942173521, -0.521662707301, 0.831666875369, -0.190258319728,  
2631, 2484798.441613167, 84.02351627370763, 119.3077829378652, 84.987651027916, 58.502975526623764, -0.524090085349, 0.745011821414, 0.412658416117, 0.129725349945, -0.409046047096, 0.903245628241, 0.841724964594, 0.526914335835, 0.117730058488,  
2633, 2170888.2695517694, 80.32479408069693, 104.65161401316956, 87.27643406028203, 56.74216970980644, 0.935938488963, 0.345451977851, -0.0684256960219, -0.232098992191, 0.751220188737, 0.617898281158, -0.264856947617, 0.562433248513, -0.783274944235,  
