# Void_ID, Void_Volume, r = (a*b*c)**(1/3.0), a, b, c, vector_a, vector_b, vector_c 

1, 260965.14308090683, 39.6428282733162, 118.010503909465, 69.12956437284652, 7.636764682497493, -0.806781702479, -0.398393834566, -0.436332026242, -0.0667444066505, -0.67230434747, 0.737259824318, -0.587067686665, 0.623930458427, 0.515812285935,  
2, 1352474.2029891072, 68.60358223571988, 138.14092913400503, 74.43939468947904, 31.398953607458115, 0.203389431169, 0.827970246413, -0.522587801564, -0.692709317681, 0.498891821851, 0.520826987864, 0.69194402988, 0.256070734651, 0.675012028314,  
3, 106940.77591570868, 29.445453030542186, 132.31461924437775, 36.6977288933489, 5.257844069090262, 0.536931955789, 0.782396660839, -0.315530568979, 0.39134975807, 0.100339249731, 0.914755378132, 0.747361653894, -0.614644206083, -0.252315394334,  
4, 1721228.1849940303, 74.34468857598085, 106.88271880150198, 77.94272115969386, 49.32496471433951, -0.00343106917536, -0.182557390956, 0.983189212091, -0.96247755215, -0.266178456481, -0.052782486796, 0.271339619981, -0.946478646517, -0.174794114077,  
11, 3123570.256436447, 90.68195820435378, 117.762130829216, 104.99912360797293, 60.30750199517212, -0.641869431003, 0.256723838477, 0.722562457025, -0.749659583335, -0.408284333864, -0.52087850007, -0.161289003523, 0.876011856928, -0.45452071885,  
14, 454989.9872048194, 47.71311198087028, 128.92375818357144, 56.2338893289432, 14.98242634559327, -0.121046294714, 0.424567080572, 0.897268403897, 0.238169147138, -0.865089003902, 0.441470806146, 0.963651001083, 0.267140055818, 0.0035970390376,  
15, 2341966.029982329, 82.38168312311761, 97.61325957588056, 86.11556399473291, 66.51223115822519, -0.0247225775815, 0.904750562769, 0.4252237215, -0.694547412941, -0.321477187855, 0.643627461242, 0.71902203397, -0.279425905845, 0.636339907446,  
20, 1267208.3183326453, 67.13048763875393, 130.53136382351857, 92.88178742159693, 24.952494339765376, 0.493941833284, 0.804619269994, 0.329559244578, 0.70605493306, -0.592372917752, 0.388047365428, -0.507452359176, -0.0410141032894, 0.860703169797,  
22, 1212228.9935212207, 66.14525360635615, 121.43795985474233, 78.09192856474509, 30.516550935676033, 0.830190476792, -0.206269899772, 0.517915534321, -0.218065272018, 0.734851439027, 0.642215617764, -0.513060726799, -0.646100681789, 0.565086364734,  
23, 807836.5577902719, 57.77566654047801, 120.16725978904975, 102.19327401223981, 15.70458348255547, 0.353744273149, -0.448279688314, -0.820920404339, -0.0409538442614, -0.884250057648, 0.465214593698, 0.934445167923, 0.130947151916, 0.331157170466,  
26, 1402924.7265395473, 69.44621600301788, 115.91242687169914, 102.40961941288911, 28.214672231844315, -0.00979661742132, 0.985545010246, 0.169130302032, -0.5386966595, -0.147697906998, 0.829452371937, 0.84244283802, -0.0829841011676, 0.532356744695,  
28, 1218834.7081399546, 66.26518292908386, 136.74798534694975, 56.99590018295586, 37.33289334839563, -0.314242959782, -0.709499903392, 0.630762434926, -0.923053223598, 0.383626388278, -0.0283467920847, 0.221865068527, 0.591135078729, 0.775458064672,  
29, 1100504.6222581482, 64.04733849499964, 109.18644747598027, 74.42738911399361, 32.32970497237145, 0.720940994767, -0.481582157558, 0.498319884799, -0.482463932512, -0.864987398684, -0.137932425277, -0.497466215827, 0.140980231379, 0.855950897232,  
31, 1393342.2847226164, 69.28774106815257, 119.22286201431304, 76.97292204483811, 36.24696856603465, -0.121949709371, -0.919764506089, -0.373043592256, -0.517203088019, 0.37967493312, -0.767038402496, 0.847129998364, 0.0993991876196, -0.522006290549,  
32, 286149.69777552487, 40.8791221206128, 135.33290771248187, 52.91996398031082, 9.538536135890709, -0.795327952181, 0.505781571723, -0.334123405622, 0.550193710542, 0.370951426096, -0.748118921267, 0.254441210027, 0.778832485957, 0.573305877746,  
33, 1397779.0812573596, 69.36120707608507, 134.4108771028159, 91.94276312170244, 27.002126091634516, -0.39563776109, 0.185607448754, -0.899455744863, 0.904073825746, -0.0936388227263, -0.416991952535, 0.161620789504, 0.978152158841, 0.130755782108,  
34, 2035032.05453975, 78.61297195002263, 114.34436700160433, 73.6703358603071, 57.67335559925493, -0.329600076697, -0.113648133957, -0.937255510034, -0.93742261268, -0.0786472223815, 0.339195311949, 0.112261456776, -0.990403309798, 0.0806142001315,  
35, 2224257.411103393, 80.97770775707428, 125.42177868867549, 90.27863723135604, 46.89629000536945, 0.445893958373, 0.693848103845, -0.565467405495, -0.532683805267, 0.713395548542, 0.455318300673, 0.719323669493, 0.0981916499064, 0.687700413258,  
40, 1002175.1681735759, 62.0799954052193, 89.97838452826223, 70.33535468203786, 37.80447009280023, -0.690445798179, 0.677973346193, -0.252263238759, 0.548460461009, 0.718007547537, 0.428551378938, -0.471673321789, -0.157535086666, 0.867586868262,  
42, 2146886.1265049796, 80.02766277379573, 153.36112597030836, 89.11186620506138, 37.50330768029049, -0.522977269527, -0.809689642539, 0.266265766337, -0.828436731319, 0.556340767547, 0.0646338345371, 0.200467847198, 0.186782314821, 0.961730216386,  
46, 1062752.6478631152, 63.30643565804867, 152.6184449679832, 95.24365271460057, 17.45422296197156, 0.756163537002, -0.654343427625, -0.00716826563838, -0.479326265726, -0.546388645962, -0.686808400174, -0.445491903736, -0.522775407119, 0.726803162774,  
51, 1035091.8760387736, 62.75236483111601, 125.83898917552042, 74.93759268334648, 26.20446709030401, 0.540650942571, 0.294567745135, -0.787988833565, -0.58433336626, 0.805345734109, -0.0998637352995, 0.605186810309, 0.514439590311, 0.607536692348,  
52, 2457706.6861057146, 83.71703024324135, 99.27354337541881, 84.38485206251384, 70.03956253944916, -0.962736142784, 0.00616280169366, -0.270372223522, -0.26622813144, -0.197401310862, 0.943480420835, 0.0475573486084, -0.980303393009, -0.191686087779,  
53, 2145820.336633839, 80.01441773185157, 115.34871277533621, 84.90070911321301, 52.30951310025984, -0.858303165892, 0.492715641336, -0.143342150825, 0.512149433251, 0.839914291013, -0.179574334949, -0.0319160373709, 0.227541821506, 0.973245131518,  
56, 3043478.4701325456, 89.90017590775417, 116.92867069037588, 87.50528257459305, 71.01111641802397, -0.635129961355, 0.152361196028, -0.75722915827, 0.0116771388187, 0.982134089502, 0.187819793066, 0.772317018211, 0.110447707913, -0.625561929148,  
57, 958024.1114915751, 61.15462067890444, 126.74007192291894, 46.746422970592135, 38.60339464280968, -0.151645032364, 0.908066764715, -0.390408164591, 0.947408560508, 0.0209191889575, -0.319342147248, 0.281816968323, 0.41830268748, 0.863482517491,  
62, 1738327.5627223467, 74.59006787489662, 123.7655463018884, 82.34896478718997, 40.71787453997913, 0.272700388158, 0.0224498991232, -0.961837044581, 0.680775636127, 0.701924056086, 0.209397117325, 0.679837503786, -0.711897901049, 0.176131618195,  
66, 2662656.5499692764, 85.98225826214838, 142.5635573952603, 88.7392679067189, 50.24607899528994, -0.0848797357227, 0.901304827124, 0.424788228494, 0.920563989588, -0.0921924946188, 0.379555641521, 0.381257618334, 0.423261328897, -0.821883492913,  
67, 628312.689692832, 53.132763812423114, 82.55348376505962, 65.2535887590738, 27.845012350092418, -0.0524375554604, 0.981100475281, -0.186258315738, 0.975645064632, 0.0901134703448, 0.199990675587, 0.212995330082, -0.171234984354, -0.961931166715,  
73, 715892.843989287, 55.49490820018907, 144.44145741755923, 63.330300603436285, 18.683403820806824, -0.938105853901, -0.301279118978, 0.170845835024, -0.334051172098, 0.656781068806, -0.676053579295, -0.0914725166243, 0.691281071725, 0.716772808202,  
75, 814055.9254675152, 57.92355532745989, 104.04496632381155, 54.84492114485062, 34.057137456277644, 0.274201964613, 0.651546492347, -0.707319200159, -0.619614370779, 0.682189090522, 0.388195925143, 0.735453135235, 0.331821055817, 0.590765158747,  
78, 2262616.6922591208, 81.44056772585124, 124.3558077895155, 68.93732387816597, 63.008898034824895, 0.397258479146, 0.0645553276106, 0.915433400321, -0.493396073818, -0.826061361284, 0.272365456207, 0.773786802089, -0.559870732465, -0.296308534878,  
80, 476673.3531915908, 48.459331849077145, 100.33395952714663, 84.47602327772029, 13.426130155289592, 0.318056786879, 0.936624018072, -0.146885428453, -0.237912088732, 0.228823665285, 0.943947863094, -0.917735102497, 0.265283205229, -0.295613096239,  
81, 855556.9341515851, 58.89161108875816, 102.16840831086184, 79.60785272536656, 25.11237389603203, -0.331213108236, 0.169900167765, 0.928133508675, 0.101895440046, 0.984342943496, -0.143827288399, 0.938037950315, -0.0469350890484, 0.343339338244,  
83, 3532491.635009364, 94.47803331095893, 137.25266271256976, 90.68362977736076, 67.75523548530646, 0.185183854678, 0.33938788432, -0.922237932392, 0.741020940392, 0.56816224081, 0.357882151021, -0.645441636299, 0.749671616173, 0.14627905536,  
85, 3602853.4977528555, 95.10120019379201, 101.9972923628987, 96.07457785420002, 87.77298447842053, -0.62870982378, 0.777032641037, -0.0307283622213, -0.350721123595, -0.248063258217, 0.903027858588, -0.694059544237, -0.578519571566, -0.428481568295,  
86, 3758822.368295178, 96.45418248517434, 110.83665512946135, 104.48227452348765, 77.48848392344503, -0.945706785305, -0.136084610456, -0.295160388645, -0.324276038971, 0.456506759884, 0.828520747314, -0.0219937895138, -0.879251134191, 0.475850518804,  
87, 3363969.197126531, 92.9510857431577, 101.6828232521515, 92.54739479335325, 85.33979734849855, 0.627294646492, 0.685732530541, 0.369150813408, -0.268034128676, -0.254950645951, 0.929062900989, 0.731203892459, -0.681741200667, 0.0238705460038,  
88, 3256079.305981346, 91.94655350978144, 108.93615129932189, 95.21115224437474, 74.94566477511647, -0.548643016544, -0.784243030976, 0.289747663946, 0.566325332416, -0.0936606220992, 0.818842662379, -0.61503370498, 0.613343750464, 0.495522941453,  
89, 1729253.6605756066, 74.46005707815559, 98.21393052856543, 83.79189324897335, 50.16432804736823, -0.179376288153, -0.971318242628, -0.15609298122, -0.983279448794, 0.17195025523, 0.0599552775436, 0.0313954268595, -0.164237575676, 0.985921064745,  
90, 3221116.158314221, 91.61626707403234, 100.82170337762514, 91.26509602967148, 83.57166052659778, 0.770153610578, 0.221458253917, 0.59818028878, 0.531327055094, -0.741608445424, -0.409522251167, -0.352923471362, -0.633224411602, 0.688819183758,  
91, 3263959.3597736717, 92.02066719207104, 107.46382348414554, 89.06022460238718, 81.41605574833828, 0.372074191803, -0.737679837944, 0.56337310238, -0.583742448147, 0.285932149202, 0.759926022902, -0.72166858739, -0.611613654805, -0.324227061225,  
92, 3517492.027114958, 94.34411990092043, 110.99936778758732, 102.15170811792248, 74.05909048001286, -0.465366960654, 0.82867524954, -0.311015952535, -0.344133895739, 0.154340762957, 0.926148363219, -0.815478665408, -0.538029980289, -0.213350150164,  
93, 3642067.252635318, 95.44498570208754, 99.61657721467597, 96.38567524550791, 90.55558530938062, -0.464556693309, 0.88459935448, -0.0408786100047, 0.863320041475, 0.462692332198, 0.201480301053, -0.197143563652, -0.0583076991392, 0.978639171264,  
94, 3498592.2144697006, 94.17484310687136, 98.34883784086469, 93.09516370154861, 91.22384297350196, -0.219068647667, 0.476769837449, -0.851292810793, -0.0562260477505, 0.864867540137, 0.498841427281, 0.974088065405, 0.157145347104, -0.162658478783,  
95, 3592205.471076944, 95.00741903224669, 100.69545758281616, 93.68163924798756, 90.90927608119505, 0.360318752209, -0.551329392282, 0.752466808578, -0.805821245208, 0.222390350716, 0.548812037659, 0.469917564662, 0.804101009273, 0.364141523736,  
96, 3637592.792227695, 95.40588338376433, 101.19330988794628, 94.75388886977154, 90.56838568537893, -0.0216642124964, -0.774351494501, 0.632384712704, 0.341826598859, -0.600149906336, -0.723169873707, 0.93951329858, 0.200499009699, 0.277695712787,  
97, 3357037.257752856, 92.88719550521, 102.00642743744561, 90.82502772149142, 86.50365846255067, 0.0132529325241, -0.805333869764, 0.592673365345, -0.530084632932, -0.508239756176, -0.678750787971, 0.847841165377, -0.305171604924, -0.433630775937,  
98, 3140573.5808425946, 90.84620459137504, 103.83084241219316, 93.46031813955301, 77.26213965064899, -0.967931368021, 0.235800431651, -0.0866430795486, 0.0853026500441, 0.632908471, 0.769513044225, 0.236288646989, 0.737444929313, -0.632726363869,  
99, 3641802.347583582, 95.44267158850388, 99.32269357846819, 94.42044368687655, 92.70715133643135, 0.0051124207188, 0.489999361354, 0.871707800256, 0.791237918096, -0.535034137476, 0.296109825407, 0.611487056381, 0.688214427056, -0.390441394156,  
100, 2587699.427276203, 85.16773028293369, 107.51724853520783, 91.26414388996899, 62.95741594462601, -0.330155094555, -0.126034920335, -0.935474645512, 0.00447371601647, -0.991243657151, 0.131969685998, 0.943916097651, -0.0393854162544, -0.327827987796,  
101, 3123111.332830771, 90.67751690523176, 106.83624603272506, 94.32666371411777, 73.98535524865854, -0.160254818453, -0.318913879371, 0.934137211927, 0.926025204656, -0.376234132375, 0.030417067198, 0.34175387855, 0.869909084434, 0.355615622992,  
102, 3048246.3641582103, 89.94709709551041, 104.1053257994749, 88.90044500823572, 78.62932955625146, 0.432697815061, 0.0123718289205, 0.901454124563, -0.519374419779, -0.813883159241, 0.260469605104, 0.736900816203, -0.580896841921, -0.345739853251,  
103, 3054083.3700662013, 90.0044729234236, 107.63583877746862, 87.25216300189736, 77.63528959938714, 0.550131143863, -0.475803872791, -0.686269917153, -0.419894605538, -0.867967688859, 0.265180337388, -0.721833945442, 0.142277073819, -0.677283536987,  
104, 3766063.3158129114, 96.51607879281329, 105.53672156582063, 94.01946232924423, 90.61031614286439, 0.514983819869, -0.804892491182, 0.294855461054, 0.580902569936, 0.580641775542, 0.570444855124, -0.630352178957, -0.12248757543, 0.766585236193,  
105, 3173601.984483679, 91.16356144944858, 96.08066616881841, 90.97199192002908, 86.68024697337808, 0.731332903194, 0.398293186275, 0.553637717711, 0.406368503651, -0.906407402054, 0.115283393172, 0.547737915381, 0.140670392292, -0.824739362942,  
106, 3060451.8975087595, 90.06699009888068, 105.36898239723111, 92.58358332286447, 74.89454335773593, 0.645162194549, -0.574781465192, -0.503380581664, -0.669270973335, -0.107327529089, -0.735225928372, -0.368567642336, -0.811237985286, 0.453928214867,  
107, 3467098.159485735, 93.89140603417559, 101.67679458688833, 91.33546679466949, 89.12842437008925, 0.62054108659, -0.740671376574, -0.257555182005, -0.608529855164, -0.247681089906, -0.75388692327, -0.494590917049, -0.624547828134, 0.604416938169,  
108, 3856387.4258924285, 97.28159508828527, 114.39643716675538, 92.1591804584062, 87.32547287183908, -0.993272847956, -0.0317410918808, 0.111362258418, -0.103725182952, 0.671417654475, -0.733784314142, 0.0514794710081, 0.740399106122, 0.67019327639,  
109, 3259203.1136064907, 91.9759479148391, 105.14600048368315, 90.84310612455849, 81.4588142866504, 0.433460590079, 0.863105596601, 0.259153711075, -0.575610408117, 0.0439040867006, 0.816544603337, 0.693386310015, -0.503111478985, 0.515843256036,  
110, 3591564.337567147, 95.00176641718554, 105.98118315920048, 99.14942197478413, 81.59735683741532, -0.947659678242, 0.0482178188257, 0.315620303817, 0.318126598135, 0.0585675157932, 0.946237450988, -0.0271404088494, -0.9971182919, 0.0708414438445,  
111, 2655842.898902741, 85.90885368384201, 103.37131452958758, 82.85143363502436, 74.03101529997646, 0.44893840093, 0.437009402189, 0.779408169427, 0.384624146827, -0.881815135016, 0.27288520175, 0.806547319039, 0.177270556085, -0.563965045102,  
112, 3264462.0523281572, 92.02539107949079, 99.42144236930433, 96.89233466535502, 80.90093393801196, -0.0130247582735, -0.875684559899, 0.482707890164, 0.947183148396, -0.165504626651, -0.274685824084, 0.320428524116, 0.453635062701, 0.831589316202,  
113, 2846988.9581574104, 87.92230351225716, 96.21216719589412, 90.33119293991813, 78.20408344835445, -0.141489553354, 0.126305943213, 0.981849028619, 0.382943388229, -0.907628886663, 0.171942331923, 0.912871879129, 0.400320637495, 0.0800519799375,  
114, 3337717.1114927395, 92.70866030535883, 94.89209334955873, 92.66581215061417, 90.61734886356207, -0.0836203057301, -0.309751230467, 0.947133475121, -0.4668959281, -0.827501685698, -0.311847963744, 0.880349837731, -0.468289584971, -0.0754256442786,  
115, 3724659.266441481, 96.16107580735988, 103.22261796160552, 96.07063494962803, 89.66695246285018, 0.185912943341, 0.406185776556, 0.894678429617, -0.41747058172, -0.791624562249, 0.446148927873, 0.889468768927, -0.456446784814, 0.0223973600361,  
116, 3494885.105852271, 94.14156879427466, 97.79536751373075, 94.94087327848877, 89.86131888718268, 0.523793115114, 0.836663528147, 0.160109066663, 0.351895411196, -0.383689938805, 0.853786653936, -0.775764392157, 0.390865925259, 0.495392204554,  
117, 2960420.722741598, 89.07481767804245, 105.14130431835893, 103.07292561215205, 65.21490452060073, -0.373753028617, -0.92191396177, -0.101898580428, -0.214084791201, -0.0211493683217, 0.97658609779, 0.902483449032, -0.386816948069, 0.189463117547,  
118, 3638896.5344899436, 95.4172800987663, 101.86784767919275, 94.40025538253673, 90.33806805666522, -0.982742636169, 0.116148527696, -0.14396676898, 0.0221391721471, 0.846550288674, 0.531848160476, 0.183648490636, 0.519482558186, -0.834512494591,  
119, 3816442.4486472397, 96.94454339146066, 107.73807564428172, 93.25034253166471, 90.6881324370071, -0.830765717069, 0.0010007910565, 0.556621345045, 0.161801413891, 0.957251630975, 0.239769926093, -0.532586730782, 0.289254755212, -0.795413767031,  
120, 3285771.511205642, 92.22519528329148, 101.85914274222596, 91.71183494345318, 83.96984488948196, -0.188097297778, -0.83913121155, 0.510370665665, -0.804404593734, -0.166529146726, -0.570264230748, 0.563518106318, -0.517809668791, -0.643677318816,  
121, 2842853.398656557, 87.87971066239133, 97.22855724981524, 90.05738221918575, 77.50910014749603, -0.330978241305, -0.578504214394, 0.745510749561, -0.495656947715, 0.778856175376, 0.384327006935, -0.802980444322, -0.242313705775, -0.544524080303,  
122, 2961609.35814033, 89.08673752820908, 104.42656064488538, 90.73042545904424, 74.62343608174382, 0.100837015456, 0.891105321522, 0.442451355823, -0.971113888581, -0.00851163282262, 0.238464604316, 0.216263061383, -0.453716715652, 0.864506466268,  
123, 3554049.519178803, 94.66983534506072, 98.228621328217, 93.43209699367954, 92.44868123654825, -0.986261609675, 0.0222633235425, 0.163683785717, 0.165125259859, 0.160802150315, 0.973075699527, 0.00465680558507, -0.986735533402, 0.162269224694,  
124, 3744573.1569405226, 96.33214635401967, 113.03360118471628, 91.17600734267297, 86.74122995850327, 0.500010189148, 0.744495066657, 0.442399035342, 0.669264469676, -0.656389663071, 0.348192015765, -0.549613391738, -0.121982400111, 0.82646561555,  
125, 3414893.1047802973, 93.41777119040417, 97.4679399596898, 94.78824764661148, 88.24136605120042, 0.584742528627, 0.774867465054, 0.240117860259, -0.179565093001, -0.165019879938, 0.969806587212, -0.791095792297, 0.610203941995, -0.0426450065571,  
126, 2118555.373987065, 79.67408235630847, 103.37103664058282, 85.89019237890065, 56.965086813213134, 0.452069636873, -0.879396418812, -0.149315042773, -0.771982171067, -0.4695908466, 0.428401639055, -0.446851844544, -0.0783988225102, -0.891166120124,  
127, 3704151.7581539983, 95.98426729339586, 110.12272566341329, 103.89054842627472, 77.29424706358643, -0.85495023686, -0.51686192867, 0.0437474477599, -0.514076471464, 0.83304647263, -0.204350081786, -0.0691771203527, 0.197198684405, 0.977919835615,  
128, 3619817.690622737, 95.25022925133254, 102.83758740202364, 95.00758028793805, 88.44798677704372, 0.541659362257, 0.831189360013, -0.125416837312, 0.785622017115, -0.44749721487, 0.427252020367, -0.299003647978, 0.329955285584, 0.895391717636,  
129, 4127739.1121924664, 99.5117912424994, 112.54474229137398, 97.53605750663546, 89.77041298398667, 0.302415659996, -0.754397302343, -0.582605766197, -0.888635652383, -0.444231290965, 0.11395278602, 0.34477738601, -0.483263148134, 0.804726837972,  
130, 3361993.945574349, 92.9328892107233, 96.29223865125893, 93.33392323329551, 89.30535736170125, -0.227678996342, 0.727786134218, -0.646907734893, 0.969582393119, 0.108145479367, -0.219578091453, 0.0898457432409, 0.677223669206, 0.730271075895,  
131, 3253035.368446841, 91.9178925754374, 100.04808439895139, 93.81063193299657, 82.74453823084836, -0.994957140274, 0.0182358884407, -0.0986293130364, -0.0892107359021, -0.610346407833, 0.787095106734, -0.0458446683602, 0.791924690118, 0.608895353542,  
132, 3300450.2612404507, 92.36232590559194, 101.62953158711225, 95.05111637375586, 81.56567545206403, -0.80378224602, -0.131627529154, -0.580179536481, -0.0475077711482, -0.957901203347, 0.283140064821, 0.593023703289, -0.255145993884, -0.76369065016,  
133, 3636617.8653815472, 95.39735924218554, 98.0152016217671, 96.6752722186625, 91.62209487163963, -0.648979641649, 0.710030424617, -0.273280480173, 0.502189967916, 0.66961635033, 0.54719208647, -0.571516107253, -0.21787780862, 0.791137535237,  
134, 3386108.079723868, 93.15454928724607, 98.47869531665877, 95.3615086714305, 86.07891957066798, 0.631847395663, 0.493967306884, -0.597298223941, -0.452565150705, 0.860730345298, 0.233083798343, -0.629248482684, -0.12304296978, -0.767402615729,  
135, 4329307.343275607, 101.1059240906916, 118.36437094572032, 103.58609976840134, 84.29607105075993, -0.991258387336, 0.131684083413, -0.00813091089248, -0.0650043735295, -0.433836324454, 0.898643686344, 0.114809585655, 0.891316636084, 0.438603936692,  
136, 2995565.237001889, 89.42591466943185, 101.74796069471829, 91.31634914337417, 76.96901331277041, -0.356615218249, 0.91032754397, 0.210069866479, 0.931984806449, 0.330987046655, 0.147823866456, -0.0650377325936, -0.24849816425, 0.966446457753,  
137, 2651456.803534434, 85.86153511624448, 104.70612163141496, 89.17633425873636, 67.79134608521527, -0.761806846411, 0.19059495386, -0.619131563017, 0.643992040297, 0.326350739849, -0.691931677721, -0.070175357465, 0.925834087816, 0.371357861155,  
138, 3047417.9824434854, 89.93894844519097, 105.61442772816541, 89.30848917851277, 77.13072684257558, -0.196857532649, 0.706224785972, 0.680068866747, 0.224825706956, -0.64264168054, 0.732437759761, 0.954306299534, 0.297082853951, -0.032268631168,  
139, 3056648.211535499, 90.02966134434048, 96.06669695145386, 88.84707921653231, 85.49502341450307, 0.171529747196, 0.363119960158, -0.915817361902, 0.414028313547, 0.816949360084, 0.401465189823, 0.893956431493, -0.448037540384, -0.0102108275121,  
140, 3330400.7064811126, 92.64087042540112, 103.47061516922247, 91.61959225089385, 83.8691989362081, 0.0846072514371, -0.328111269817, 0.94084249884, -0.498162837792, -0.831678828116, -0.24524296913, 0.862945768891, -0.447943435585, -0.233818901009,  
141, 3749768.195013129, 96.37667460795357, 107.19328859594987, 100.9481648155129, 82.72747876912952, -0.192970311725, 0.705453217614, 0.681981096916, 0.915984537652, -0.119654638612, 0.38295573405, 0.351759556481, 0.698583227122, -0.623094446459,  
142, 3534571.4577733795, 94.4965715962425, 106.096617038668, 95.1431745870994, 83.59282113961268, 0.350149047991, 0.53701576262, 0.767469683368, 0.789701566051, 0.271397720169, -0.550195159979, -0.503752995791, 0.798722322328, -0.329052535391,  
143, 3795167.2676581363, 96.76406491212414, 108.14180021784894, 97.10456136929325, 86.27979143624482, 0.553912735359, -0.73300851399, -0.394815399934, -0.372945296073, -0.642422043621, 0.6694816831, -0.744373889751, -0.223589884136, -0.629217828712,  
144, 3437678.003929652, 93.62507860646866, 105.04953253411443, 96.92111921905298, 80.60538213776464, 0.838109942053, 0.209324351866, 0.503741045328, -0.502064627305, -0.0651082119772, 0.862375805982, -0.213313935413, 0.97567629696, -0.050526512938,  
145, 3193782.9048850145, 91.35638951671963, 110.31034536576591, 86.81223610065975, 79.61952741152518, 0.440608392201, -0.460063991336, 0.770847175904, -0.812457619167, -0.569583318815, 0.124448623877, -0.381807362133, 0.681113769355, 0.624745685393,  
146, 2791382.7005059244, 87.3461146003238, 105.01675296242762, 83.64937194752446, 75.85941734361963, 0.452147545557, 0.79841277498, -0.397617451574, 0.754384200919, -0.580159737719, -0.307114239548, 0.475885568651, 0.16109537386, 0.864627784697,  
147, 2279130.030634947, 81.63821456575553, 118.98085953132943, 82.92373674915669, 55.147334755465096, 0.723075268158, 0.121959907989, 0.679917596053, -0.451645961493, 0.82822507928, 0.331751629264, -0.522664406714, -0.546963434697, 0.653951771202,  
148, 3416614.7280073036, 93.4334674537754, 98.72366233042256, 93.09319008653748, 88.74997280134491, 0.818985438553, 0.547379276157, -0.172159169004, 0.253787920095, -0.0764495348065, 0.96423397588, 0.51464020738, -0.833385503031, -0.20152930379,  
149, 2959829.732911298, 89.06888993784338, 97.3391681214573, 94.3458615347658, 76.94273758563833, -0.908957290522, -0.166637248853, 0.382136979762, 0.356287993164, -0.786456204347, 0.504525028686, -0.216461335886, -0.594742520708, -0.774225951598,  
150, 3073014.0617494225, 90.1900538185223, 111.91407572409022, 90.40577976516455, 72.50951988999424, -0.46359922499, -0.143464975505, -0.87435322347, -0.148148154454, -0.960362151904, 0.236128485199, -0.873571910561, 0.239002799135, 0.423969077982,  
151, 3626485.400154132, 95.30867706666602, 101.31197327625259, 96.68033044899057, 88.38904134918253, 0.177892692822, -0.983734239293, -0.0249226058678, 0.283953417536, 0.0755647754536, -0.955855858056, 0.942191406515, 0.162962913429, 0.292777120582,  
152, 3461310.7224078863, 93.83913434461567, 107.0492284032267, 96.03612778662631, 80.37737085381507, 0.0845977725595, 0.280882977999, 0.956006260204, 0.975966757717, -0.21673547013, -0.0226853216444, 0.200828545552, 0.934949457809, -0.292467787343,  
153, 3342726.8085710234, 92.7550203489444, 99.08771846158946, 93.89975126199609, 85.76853747798725, -0.775528028754, 0.438462629337, 0.454210082773, -0.479041591227, -0.877313967921, 0.0289716338144, -0.411187828725, 0.195117206741, -0.890423407791,  
154, 3496066.2248501326, 94.1521728502319, 122.9083548372087, 90.53426145719304, 75.00611522724226, -0.170406093947, 0.967250388978, 0.188118176071, 0.955984063394, 0.208561421891, -0.206389447007, 0.238864467183, -0.144667958862, 0.960216094427,  
155, 3259783.929067779, 91.98141120118221, 100.18175467534387, 91.60992651711895, 84.7947640769878, -0.726236455323, -0.567485415913, -0.387996022772, 0.0445010447189, -0.602027728409, 0.797234138284, -0.686003110765, 0.56171426629, 0.462468177356,  
156, 3785406.496834644, 96.68103802863081, 107.64904308698942, 92.94298717419522, 90.32274207042855, -0.535160921061, -0.109450461396, -0.837629622846, -0.836331822589, -0.0709902178374, 0.543607828767, 0.11896163707, -0.991453975468, 0.0535457134985,  
157, 3650884.1143555404, 95.52194264515953, 99.46117885481969, 96.44827514453426, 90.85762305733516, -0.914734246196, -0.251018999427, 0.316623942183, 0.0892502195211, 0.638734215973, 0.764233602808, 0.394075699774, -0.727329404928, 0.561868560764,  
158, 3191508.673140235, 91.33469998822642, 104.85699942720646, 90.7525123637145, 80.06659084855325, 0.73720637582, 0.0821744110729, -0.670652015292, 0.342092922175, -0.901348416207, 0.26560019804, -0.582665591954, -0.425227467088, -0.692591083675,  
159, 3166316.4279316077, 91.09374738330933, 101.45725366228939, 96.27309060108932, 77.38872448099409, -0.178489152154, -0.8654108199, -0.468194121454, 0.983320144004, -0.139975151986, -0.116139791727, 0.0349730890725, -0.481114403887, 0.875959938247,  
160, 3290537.184753722, 92.2697614633266, 102.995707468621, 94.97400012879069, 80.30717308677777, -0.0954362945211, 0.23241464273, 0.967923213655, -0.491881390065, -0.85636627787, 0.157128915971, 0.86541586061, -0.461107614307, 0.19604886185,  
161, 3361229.0037661227, 92.9258404527908, 102.23606589984145, 95.04139941584144, 82.58335863105506, 0.870388398566, 0.401524189777, -0.284960279102, 0.32852039135, -0.0425105007612, 0.943539723484, -0.366740218832, 0.914861291316, 0.168909530642,  
162, 3705486.1430020523, 95.99579171099641, 106.52380500608595, 101.3717332290061, 81.92058430035226, -0.804662270384, 0.325371578639, -0.496640681413, 0.581494393862, 0.262913826615, -0.769896479847, 0.119928731033, 0.90830042144, 0.40075858554,  
163, 3006910.4402478333, 89.53866768551958, 120.71464857689716, 79.4959976637661, 74.80431411637278, -0.341443361259, -0.883890038585, 0.319616693467, -0.232640568398, 0.408948116985, 0.882405691023, -0.910656245236, 0.2269357559, -0.345261300622,  
164, 3341898.237830104, 92.74735590299736, 97.44790018309676, 91.74546305054633, 89.23752769061589, 0.431316245112, -0.585402924575, 0.68649086855, -0.842590188104, -0.533368564227, 0.0745637284795, -0.322502824194, 0.610591017452, 0.723305286717,  
165, 3454277.5798174287, 93.77553304975572, 102.6900030863101, 94.5947451021712, 84.89330593337183, -0.973494815901, -0.129828249764, 0.188288260329, -0.183886351361, 0.933826429629, -0.306845252707, -0.135991371777, -0.33333590399, -0.932948831348,  
166, 3705945.147239932, 95.99975526254104, 102.7588435418027, 99.27534957297595, 86.72608554503535, 0.902526818265, 0.415049678875, 0.114800289101, 0.353750883844, -0.866586970389, 0.351976327232, -0.245572096321, 0.277057370986, 0.928942171876,  
167, 3563770.6521368874, 94.75607127110302, 101.17197828028509, 95.26447116021392, 88.27341631027964, -0.379471441541, -0.387337856027, -0.840220691451, 0.0106069248165, -0.909908578116, 0.414673211839, 0.925142647488, -0.148444483761, -0.349392783326,  
168, 3682365.68015533, 95.79571905689822, 105.99544420853962, 95.60549728929018, 86.7497517993398, 0.740082832429, -0.646412277545, -0.185549369663, -0.236267087903, -0.508228893476, 0.828179482365, -0.629646936241, -0.569082207836, -0.528857425406,  
169, 3376803.3588051707, 93.06914423232459, 99.1290973556269, 93.02119875990195, 87.42468541893439, -0.486953184677, 0.0428893046944, -0.87237440556, 0.860709980659, -0.14626147581, -0.487632966367, 0.148509006889, 0.988315783663, -0.034307238827,  
170, 2929319.968506233, 88.761793233472, 107.51907938821284, 88.87208500499939, 73.18587953463654, 0.629014369352, 0.767644747036, -0.122729236518, 0.711618046302, -0.632127119093, -0.306618755925, 0.312954756037, -0.105531263874, 0.943886896306,  
171, 3526445.296861757, 94.42409854121021, 114.69081626242321, 94.18080982450145, 77.93947533624485, -0.148104958919, 0.840527767036, 0.52113145557, 0.981682760744, 0.0610887800518, 0.180463620184, -0.119849398837, -0.538313323068, 0.834179170086,  
172, 3651783.4326579026, 95.52978527322571, 103.24200934747141, 95.76549860910593, 88.17609916297668, -0.11184455623, 0.230484159896, 0.966627046631, -0.779789629671, -0.623312039692, 0.0583972142463, 0.615969908923, -0.74723433621, 0.249443216163,  
173, 2403831.4322783267, 83.10078636818412, 89.5631719627708, 87.4245031855292, 73.29135674147908, 0.545620967492, 0.657601072409, -0.519479152036, 0.408950494625, 0.332130852384, 0.849969758192, -0.731476078064, 0.676202577976, 0.0877087268159,  
174, 3327148.3770015314, 92.61070420895668, 100.24578285279519, 92.83004624775268, 85.35498319385493, 0.754614654457, 0.640674989388, 0.141747244245, 0.311808019609, -0.540196565859, 0.781641496558, -0.577349532074, 0.545640200322, 0.607407844539,  
175, 3552806.865290011, 94.65880046292483, 105.21365423595489, 94.12395871936779, 85.64671315285884, 0.530542854585, 0.165777748057, 0.831289370615, 0.211940565913, -0.975483648222, 0.0592692886112, 0.82073471717, 0.144739042077, -0.552670909068,  
176, 3673803.062382173, 95.72141005677653, 106.97800198738805, 95.09021012444171, 86.21780718881799, -0.874442803909, 0.395033351831, 0.281599775627, 0.157065266244, -0.318667739207, 0.93476273681, 0.458999220948, 0.861626092299, 0.216610692807,  
177, 2702703.930533323, 86.41118376013551, 109.81785797241987, 81.6084829807324, 71.99487643613489, -0.624133128286, -0.405787370326, -0.667678401822, -0.777101262322, 0.233738904407, 0.584362689315, 0.0810645808757, -0.883573842217, 0.461222071325,  
178, 2071538.310627654, 79.08026574267582, 112.72892362940637, 73.8014824132532, 59.44343731651409, -0.420161590838, -0.906416361203, -0.0432853061401, -0.881960860597, 0.396669325783, 0.254555468134, 0.213563287948, -0.145130376302, 0.966088968944,  
179, 3843151.9751595585, 97.17017461072818, 99.81798220892796, 97.39696284955018, 94.37234540105666, -0.447284850164, -0.30285198064, 0.841556261123, -0.680749585428, 0.725560383253, -0.100708153561, -0.580100219577, -0.61793430725, -0.530698527575,  
180, 3115003.6016499526, 90.598981329012, 104.68793730524213, 94.9968587355515, 74.77631449972527, 0.1581600533, -0.51365905799, 0.843291034985, 0.899660355969, -0.277005674344, -0.337459775792, 0.406935672357, 0.812048168846, 0.418307458739,  
181, 3130013.9732832275, 90.74427231536994, 101.77689504837404, 86.69408501716772, 84.68743947784759, -0.278778492647, -0.904453365708, 0.32287251555, 0.0465173539233, 0.323089087062, 0.945224617541, -0.959228172971, 0.278527469169, -0.0479975113619,  
182, 3271748.62561416, 92.09380985254217, 96.8706791843455, 92.27928398113637, 87.37652297685631, -0.965987052798, 0.213707111837, -0.145596305504, 0.198307065101, 0.973569018151, 0.113303463437, 0.165961808128, 0.0805769026829, -0.982834696679,  
183, 3579725.0531031936, 94.89726310668678, 99.44587301698877, 93.3514656842563, 92.05622384419502, -0.766939590358, -0.618569879582, 0.170806817238, -0.641467593109, 0.746437351708, -0.177061026104, 0.0179719707174, 0.245362148769, 0.969264888573,  
184, 3128639.995140585, 90.73099240715659, 100.36269311696496, 92.33531583473551, 80.59847746474684, -0.764130114612, -0.160222625289, -0.624847083924, -0.643259952085, 0.261624299733, 0.719561922167, -0.0481850805443, -0.951778039322, 0.302979804406,  
185, 3799816.6919596135, 96.80356370681973, 101.68535644046132, 95.82865499777095, 93.09368655781208, -0.3970053103, 0.377001088246, 0.836813577241, -0.142354608779, -0.926003560496, 0.349646351772, 0.906709407116, 0.0196871889713, 0.421296173301,  
186, 3874734.0227381503, 97.43562208454321, 108.29703898785273, 94.1489096169612, 90.72383702381238, 0.531779180068, 0.842917286883, -0.0818617805812, 0.742220216772, -0.510424901197, -0.434252887214, 0.407823556777, -0.170167175777, 0.897063586835,  
187, 3041529.8266991368, 89.8809850607672, 99.83331302552472, 97.35965249061204, 74.7048798630175, -0.531124157536, 0.822696130316, 0.202677592358, 0.363392896788, 0.00509036915308, 0.931622075042, -0.76541017229, -0.56845858715, 0.301665548,  
188, 3894669.9420457776, 97.6024418606714, 108.38475734212588, 93.8912719671168, 91.36684264633975, 0.35616749235, 0.291448355096, -0.88780773465, -0.443543766479, 0.888986296478, 0.113895969601, 0.822443703004, 0.353215544654, 0.445898121103,  
189, 2755566.386057543, 86.9709251079751, 103.33771340948047, 87.70159971645063, 72.58650842358239, -0.720509570258, 0.404255543876, 0.563421169652, 0.688271178046, 0.317833555686, 0.652123160416, -0.0845502491884, -0.857647530239, 0.507239558036,  
190, 3575488.8115701573, 94.85981456858453, 99.39451240541345, 96.6298120594217, 88.87370215361065, 0.213398241012, -0.226077183225, 0.950447419881, 0.95481681848, -0.157715551211, -0.25189412072, 0.206847852007, 0.961256943866, 0.18220607561,  
191, 3208082.3592243693, 91.49252919483887, 108.92864255954433, 86.95413364207677, 80.8582943287461, -0.36121703688, -0.871949018008, -0.330495328656, 0.0419245150442, -0.36925322439, 0.928382675041, -0.931538827589, 0.32149178259, 0.169936595296,  
192, 3478386.9768909407, 93.99319861903345, 102.07148836225251, 92.7277846601101, 87.73541916775852, 0.472988601272, -0.285407709553, 0.833561168958, 0.688796964076, 0.709719730299, -0.147839936094, 0.54940015048, -0.644081007135, -0.532277306393,  
193, 3541843.090283368, 94.56132943842461, 108.89033983880613, 95.52775552414516, 81.2871282556489, 0.93017247505, 0.242165467915, -0.275925810335, -0.312741081902, 0.916329529102, -0.250066410751, 0.192281518482, 0.318898228664, 0.928079596482,  
194, 3136065.5277800104, 90.80271618488813, 97.7312716797191, 95.00531460091051, 80.63341789195904, -0.765191407297, 0.566120280551, -0.306577784823, 0.64194808917, 0.707044163896, -0.29663310859, -0.0488340148834, 0.423788128962, 0.904443951133,  
195, 3605861.171758208, 95.12765643196494, 101.35566849517716, 94.15817224205261, 90.20161861715542, -0.986487256185, 0.0658537625962, -0.15002058304, 0.158751757656, 0.157819464563, -0.974623463726, 0.040506454112, 0.985269657788, 0.16614129113,  
196, 3156497.0783179225, 90.99948352579449, 99.949335708212, 93.41724500687874, 80.70674185317458, 0.473077655022, -0.823775380198, -0.312396631381, -0.663522971827, -0.566410040238, 0.488791297156, -0.579598825203, -0.0239538994115, -0.814549822004,  
197, 3669838.3762644823, 95.68696419427627, 103.88762570324373, 96.20405532471341, 87.65993178355103, -0.796544291919, 0.102863351593, -0.595765324528, 0.560896330617, -0.242040932322, -0.79171427509, 0.225637978433, 0.96479807109, -0.135100646588,  
198, 2990903.958807587, 89.37950657068401, 104.72679337347729, 100.08728953511408, 68.1203897202831, 0.328399254682, 0.888602942693, -0.320216707499, -0.761397298945, 0.449669387191, 0.466981365134, 0.55895266587, 0.0904558039061, 0.824250972008,  
199, 3895375.7060068035, 97.6083371078094, 109.1193236192043, 99.62292822727433, 85.54601310184482, -0.962386608717, 0.219752471389, -0.159752516977, 0.270593648034, 0.722687577767, -0.636004514594, 0.0243124043605, 0.655310244281, 0.754968470027,  
200, 3714783.6287985323, 96.07601277032421, 108.8710910992971, 99.71348748540831, 81.69179375261639, -0.857858718681, 0.493374139242, -0.143737182075, -0.365786922223, -0.389796970851, 0.845138005917, -0.360940918039, -0.777586188305, -0.514860537858,  
201, 3167218.4888021955, 91.10239721398376, 100.69793653310462, 91.5458763097527, 82.02194379261145, 0.0428705179707, 0.990591842841, 0.129961223391, 0.78594964681, -0.113746523922, 0.607737509929, 0.616802457329, 0.0760889557826, -0.783431681412,  
202, 3492182.720658254, 94.11729785978683, 100.34245684418457, 95.68956602953907, 86.82784743661212, -0.393094508874, -0.811541631786, -0.432292594167, 0.816562417156, -0.524245870718, 0.241644544578, -0.422732215453, -0.258004742039, 0.868752569552,  
203, 3236759.108066556, 91.76433530687365, 100.28996621604797, 92.90442790033974, 82.93309459925493, -0.595975796849, -0.801604250016, 0.0473653452004, -0.774633637159, 0.589459910104, 0.22908457513, 0.211555141161, -0.0998380725809, 0.972253455387,  
204, 3618095.284406298, 95.23511931770236, 108.67124535190801, 94.94896702393626, 83.71176569982623, 0.671302417206, 0.450571814711, 0.588504974016, 0.674745988174, -0.0429416503517, -0.736799746273, 0.306709823932, -0.891706820908, 0.33284835804,  
205, 2854779.6278803335, 88.00242907477073, 102.80466284939621, 91.25209458950245, 72.64877982359492, 0.432359640307, -0.877179241587, -0.208858132621, 0.189113065669, -0.138262852457, 0.972172634887, 0.881646975737, 0.459826012487, -0.106106778362,  
206, 3637497.860980443, 95.4050534321259, 99.53485468597214, 95.13854962205733, 91.70276364655128, 0.23985710127, -0.34561016953, 0.907205699766, 0.920060278465, 0.379106213798, -0.098830980216, 0.309770326147, -0.858389241182, -0.408913506333,  
207, 3380183.4855043394, 93.10018745665745, 96.6747821092833, 95.61186111039864, 87.30250242875402, 0.653435848976, 0.568369389306, 0.499977828081, 0.743590259601, -0.358256462144, -0.564558086611, -0.141757247076, 0.740681135599, -0.656731557236,  
208, 3506980.396627553, 94.25004718901263, 100.11916559406569, 97.55235387638793, 85.72149850329174, -0.37212679396, -0.879257634241, 0.297367889735, 0.409815604812, 0.131814749229, 0.902594062654, -0.832810194024, 0.457745436366, 0.311281699135,  
