# Void_ID, Void_Volume, r = (a*b*c)**(1/3.0), a, b, c, vector_a, vector_b, vector_c 

26, 2641267.034521594, 85.75140290631133, 110.86920780753962, 90.37317865321371, 62.93224134760029, -0.979404047496, -0.169931066656, -0.109046523707, 0.12482140015, -0.93408281394, 0.334527898338, -0.158705166306, 0.314026637862, 0.936055522339,  
48, 597575.9230403489, 52.251828637951846, 115.46961690086451, 78.45015446343686, 15.7486363083299, -0.933419639469, 0.29844492742, -0.19914417378, -0.0918113727881, 0.337883595531, 0.936699176736, 0.346840667281, 0.892617107818, -0.287986545435,  
58, 1606190.8838154108, 72.65009431787537, 109.1880918444096, 87.22566584663394, 40.261409750866704, -0.708107024632, 0.517866570091, 0.479998601299, -0.417037832391, -0.855280618037, 0.307529690869, -0.569792846587, -0.017586358151, -0.821600165521,  
63, 807593.8485940396, 57.76987985420327, 101.3053119434482, 83.43382236076886, 22.810249433860896, -0.94674348932, 0.306084946341, 0.0999438395017, -0.302524220679, -0.951860598614, 0.0494013836698, -0.110253622766, -0.0165350061958, -0.993765934331,  
66, 942956.5052275859, 60.832315911572515, 108.18316841196352, 72.96307855317788, 28.51938821171227, -0.673847849594, 0.737835910233, 0.0390799842258, 0.737991472124, 0.669525733597, 0.0842845129572, -0.0360230852286, -0.0856356328997, 0.995675085411,  
71, 3008170.1560470504, 89.55116972363217, 137.83389859125643, 100.18516233829108, 52.00610668539474, 0.815072887366, -0.286256442108, -0.503699749486, -0.442405417737, -0.868878619385, -0.222097706276, 0.374077043719, -0.403865316817, 0.834840805924,  
77, 1141372.9186934936, 64.83054186322579, 116.13356570721974, 59.43462589399351, 39.47677446852271, -0.172743228405, -0.581084670737, -0.795298926489, -0.946727134982, -0.124845355634, 0.296852436516, 0.271785777643, -0.804210322373, 0.528562435725,  
90, 1877805.7263670603, 76.5339303129415, 98.77189657002253, 91.03824617230579, 49.85454698367825, -0.0975230995202, -0.389224009813, 0.915966110315, 0.632417187793, -0.734882260041, -0.244941961415, 0.768464537662, 0.555385212319, 0.317819949489,  
104, 1283598.7253586487, 67.41867650170703, 125.95867979785704, 63.67760363252745, 38.205497253188206, -0.126593208885, 0.480695408945, 0.867701609589, 0.171933363735, -0.850866218292, 0.496453015908, 0.976940672661, 0.2120344368, 0.0250663063139,  
141, 2275925.1742743216, 81.59993073519338, 127.05438120911568, 90.64757134796858, 47.17626475680204, -0.4533127974, 0.831694518506, 0.320611502601, 0.883082447965, 0.370168365895, 0.28834141393, -0.121131737419, -0.413835243517, 0.902256888814,  
148, 832775.8602082294, 58.364195851526354, 125.7111674955617, 88.72279228295847, 17.825037705874742, 0.104559122642, 0.556370686802, 0.824329454005, -0.730658671456, -0.519338704646, 0.443198844406, 0.674689036297, -0.648643946032, 0.352215467544,  
157, 1402660.6518003803, 69.44185840591861, 137.11306864720186, 74.67505477819265, 32.704657421943644, 0.722083875999, -0.677267258573, 0.141081311617, -0.339280127419, -0.168964282671, 0.925386441612, -0.602896235815, -0.716072713938, -0.351789705922,  
167, 250967.5082874263, 39.12998035299427, 146.63346422814354, 46.212554717971216, 8.841700847559066, -0.273625020157, -0.716296871576, -0.641909760102, -0.951055409856, 0.101846367403, 0.29175490541, 0.143606948745, -0.690323191858, 0.709105729109,  
188, 1317295.5344893532, 68.00354247262311, 100.99826321584209, 61.352007349401724, 50.751855861386524, -0.462961755349, 0.420933150177, 0.780052367579, 0.84869390979, -0.0433686342427, 0.527103224283, -0.255705026486, -0.906054327646, 0.337165381948,  
208, 884893.3581182911, 59.557177631230296, 135.8876769927787, 90.29366017562592, 17.217297887925625, -0.997933580876, 0.0561766649155, -0.0311889480317, -0.0511856054292, -0.401614631038, 0.914377231745, 0.0388407254978, 0.914084170334, 0.403660163489,  
223, 1762006.3666833846, 74.9272203326273, 118.51710104723443, 86.12021851697394, 41.21285687932973, -0.461801418254, -0.850158586547, -0.252922572776, -0.171660720127, -0.19409469114, 0.96584670007, -0.870213793998, 0.489446246887, -0.0563056315449,  
253, 3174707.221217765, 91.17414307700386, 99.87046881701612, 94.61656658022119, 80.20672757354116, 0.102277578189, -0.926574408229, -0.361938065164, 0.257394315415, 0.376105517445, -0.890108311465, 0.960878485237, -0.00212267808317, 0.276962146955,  
287, 3836246.9138868465, 97.1119439135362, 113.13758823072095, 94.07613400094364, 86.04617394583971, -0.248232976745, -0.952907461116, 0.174206084297, -0.957682247341, 0.268454977533, 0.103810587926, 0.145688374224, 0.141064863052, 0.979221937064,  
298, 428076.2683274533, 46.75314685168214, 89.48793707104457, 47.87362205414951, 23.854579169320182, -0.666860259964, -0.587955025411, 0.457827786154, -0.738889001555, 0.601396003055, -0.303917572526, 0.0966459366033, 0.540954467218, 0.835480596624,  
318, 1392170.5481736537, 69.26831302372999, 128.9477845695879, 73.92277074989177, 34.86676952301478, 0.637082003314, -0.486890303604, 0.597548620038, -0.468156389199, 0.371442612191, 0.801785495691, -0.61233660376, -0.790549314151, 0.00869859701955,  
323, 855174.303683479, 58.882830420515845, 100.6324179040939, 57.83590685155323, 35.07765692254483, -0.0195771448303, 0.857069535402, 0.514828657794, -0.0815192810214, -0.514581220846, 0.853557715667, 0.99647947406, -0.025258239012, 0.0799417233988,  
364, 1736312.4234990252, 74.56123412808915, 127.11959596464092, 105.31763344693601, 30.96176199425299, -0.57586182651, 0.582353333831, -0.573801142683, 0.392002417569, 0.812597866703, 0.43129898174, -0.71743798435, -0.0234371842606, 0.696228006479,  
379, 430790.4840878136, 46.85175145335564, 110.49107828212428, 67.12446150746138, 13.866583320705878, 0.111204578694, 0.926811439766, -0.35868383961, -0.972469609841, 0.175855583348, 0.152897585792, 0.204783787477, 0.33180622195, 0.920851905282,  
388, 716287.7228257674, 55.50510979067668, 89.84999072328003, 69.96697651500811, 27.20118062795126, -0.734819301141, 0.582550314853, -0.347384117852, 0.675542516821, 0.582768748858, -0.451688934248, 0.0606869231285, 0.566582488274, 0.821767230633,  
391, 398172.65444972174, 45.63810540224648, 153.2238684257121, 59.64487310507266, 10.401195979102804, -0.62145426853, -0.775012567145, -0.114673941644, -0.760962990586, 0.631932750992, -0.14695688205, -0.186359649827, 0.00406435606396, 0.982473186365,  
453, 2957353.6295310617, 89.0440455686258, 124.98272118861424, 82.48232435451439, 68.4863124211196, -0.903166946764, -0.12020152817, 0.412117773092, -0.429222621654, 0.235904790516, -0.871846816174, -0.00757676270533, 0.964313498006, 0.264654624425,  
463, 1142593.7461992113, 64.85364816071463, 123.33089047965004, 62.178371794070074, 35.57066797219748, 0.813899704641, 0.354341701157, 0.460444599933, 0.415252711158, 0.199516483485, -0.887557524161, 0.406364930404, -0.913583675226, -0.0152450548972,  
477, 3178386.350756088, 91.20934968171207, 108.70414399097362, 93.23066331343573, 74.87092576362875, -0.396221776393, 0.462465002441, -0.793179945176, -0.347432208696, 0.724128351895, 0.59575917143, -0.849881853126, -0.511629017452, 0.126240184682,  
478, 697289.3900891165, 55.00997943406364, 130.46892720739075, 52.39960657129655, 24.349459770094985, 0.536608821407, -0.666537711065, 0.517473141831, -0.676139609308, -0.706533236239, -0.20891628662, -0.504862557052, 0.237777765609, 0.829804514731,  
495, 716525.9738184883, 55.51126312876358, 82.79759696517407, 56.304857379283675, 36.69270536128255, -0.9190740986, -0.393992876377, -0.00850967960889, -0.39158048589, 0.910590259934, 0.132250147763, 0.0443567847513, -0.124879909821, 0.991179844312,  
527, 1218563.8737353166, 66.26027435514753, 113.75490787636103, 64.88978644011439, 39.41061403423788, -0.913801210407, 0.40564809804, -0.0204198044674, -0.112943190388, -0.205491225632, 0.972119947297, 0.390142517041, 0.890630662365, 0.233593321078,  
548, 305789.1477858369, 41.79373196096945, 112.68342479935386, 40.38090341937095, 16.043436152175627, 0.58163234315, -0.329518691508, 0.743721217493, -0.60986083775, 0.428385917972, 0.666749776049, 0.538306210238, 0.841369679291, -0.0482025599848,  
570, 1827575.0677396536, 75.8453346306196, 125.81172342949857, 69.43817978375475, 49.94214323074406, -0.662328697316, -0.651404541509, -0.370125411196, 0.188946586125, -0.623279126157, 0.758829571438, -0.724996471924, 0.432660668652, 0.535896315997,  
580, 397019.4538897662, 45.5940032776265, 124.05124348195623, 80.66387291824451, 9.472028288144767, 0.887325210953, 0.460911964805, -0.0146332056015, 0.39207414029, -0.770746736825, -0.502222397141, 0.242758807302, -0.439897292983, 0.864614673195,  
593, 2620155.0210945327, 85.52231716420704, 124.75188207751947, 90.27897814270976, 55.53984158475572, 0.524592783487, 0.845798700557, -0.0970925828739, 0.500752073941, -0.214312426647, 0.838640294899, 0.688512724616, -0.488563958884, -0.535962205871,  
594, 313984.8397047869, 42.163827058382104, 92.33158689883214, 65.53398755927235, 12.388056453898729, -0.64910797777, 0.389933433077, 0.653154461796, 0.738107253448, 0.530542065753, 0.416800670432, 0.184001401087, -0.752646686191, 0.632191782739,  
597, 1606983.4953085303, 72.662042634226, 144.87768340149734, 92.89928318905821, 28.50420619986962, 0.771426764872, -0.619716862818, -0.144401372494, 0.40529204885, 0.303581449957, 0.862308911227, -0.490549795208, -0.723732901823, 0.485357172853,  
638, 977307.0914412091, 61.56220218922178, 108.85187399692289, 94.08441184833401, 22.781843080939762, -0.93257579419, 0.0275743196169, -0.359919497929, -0.107292792864, -0.973189923298, 0.203444414499, 0.344660187273, -0.228344104563, -0.91053189138,  
664, 404978.43028009427, 45.89666130344297, 103.40281711881555, 73.14274739559801, 12.783201749511722, -0.937377525955, 0.348289082775, -0.0042530757768, -0.052516063033, -0.12924865059, 0.990220606453, 0.344333322461, 0.928433897023, 0.139445551748,  
694, 691653.3878315263, 54.861368036173836, 107.51678838182318, 86.8891607233114, 17.6749426675805, 0.761378767752, -0.118742906724, -0.637340171431, 0.130601750073, -0.934836118832, 0.330188754814, 0.63501618475, 0.334636449046, 0.696256340779,  
698, 847520.0168232325, 58.706625604670826, 151.71976611679057, 69.0527304295199, 19.31249278742061, -0.749437463456, -0.0438839024911, -0.6606191728, 0.626402535728, -0.370102115528, -0.686035193934, 0.214390651856, 0.927954000575, -0.304857378479,  
715, 1116559.4289340023, 64.35728947255062, 107.79707496430679, 50.85171117106637, 48.62735929456431, -0.174400179294, 0.0415083031492, 0.983799592515, 0.959767283143, -0.216131906251, 0.179258922536, -0.220071214998, -0.975481450295, 0.00214486813998,  
729, 3864543.966347927, 97.35013267810666, 128.5456758363398, 96.62895650559362, 74.27537988446309, 0.919066258918, 0.0162704007354, 0.393767045063, -0.303934317073, 0.665305983184, 0.68190313069, 0.250880733862, 0.746393477195, -0.616405414137,  
774, 380653.931376091, 44.95871640558277, 91.19581815996366, 54.350972965313325, 18.33409440435418, 0.298011117118, 0.564581491549, -0.769699365645, -0.532784197638, 0.767432041606, 0.356635752924, 0.792041900926, 0.303802239815, 0.529503377007,  
788, 985510.8516992258, 61.733978613533694, 105.59203132364887, 92.78937199840837, 24.012834151955694, 0.472487320529, 0.878054233606, -0.0760032551067, -0.328972231432, 0.255709401566, 0.909059939111, -0.817638675018, 0.404516334402, -0.409674910528,  
801, 2170900.350903938, 80.32494308734069, 105.786208084899, 82.871727786641, 59.11746949402133, -0.241765264121, -0.332818913966, 0.911471956547, 0.529829224048, 0.741667685331, 0.411351477304, -0.812914848191, 0.582374978036, -0.0029722968992,  
836, 2044176.4521228424, 78.73054490690537, 110.05052984069675, 77.69694125129254, 57.07339563079891, 0.122366292293, -0.378509469831, 0.917473199477, -0.667940272343, -0.715149401049, -0.205954186072, 0.734086018864, -0.587615448595, -0.340331899005,  
841, 794134.9422282126, 57.44716025984893, 129.3904926751926, 46.71854708678326, 31.36274028485487, -0.967688192888, 0.118409257371, 0.222618079038, 0.0108399937651, -0.862527882585, 0.50589341397, 0.251916763795, 0.491960262147, 0.833374492403,  
845, 276232.8951783983, 40.401323778704125, 98.18652348483961, 55.48817465769788, 12.104154663844751, 0.481786583239, -0.685352779867, 0.546052429113, -0.702203257366, -0.674722799192, -0.227287768249, -0.524206327275, 0.273935597139, 0.806329346523,  
846, 1441911.1965953785, 70.08363755584587, 106.96275247215907, 71.35172024210047, 45.10377443976182, -0.959850448605, 0.277581901109, 0.0404401346439, 0.277941937534, 0.921649067465, 0.270760550674, -0.0378866160186, -0.271129645406, 0.961796922281,  
869, 1706610.2720628104, 74.13362701712552, 99.29594416788818, 84.85600392023007, 48.353916967974364, 0.597043549976, 0.790722630597, 0.135265372116, -0.459672666914, 0.199023502361, 0.865500251185, -0.657449647293, 0.578919136814, -0.482299278774,  
911, 1529500.1012242192, 71.4749127011562, 118.00148710997684, 96.80621197783421, 31.96466768313649, 0.731615592438, 0.216445035951, -0.646444252286, 0.239944691405, 0.805821720812, 0.541366695811, -0.638094953724, 0.551183182508, -0.537616898314,  
914, 2633049.5716211665, 85.66238110948848, 117.23834737266966, 107.6679743735193, 49.79826315645959, -0.578800240396, -0.700384334635, 0.417674592855, 0.794183537215, -0.367878693246, 0.483671144759, -0.185102109483, 0.611659260417, 0.769161984377,  
941, 2579104.9213345996, 85.0733367298621, 135.42864230482164, 94.52507826875194, 48.09753624785517, 0.032875059483, 0.583847287983, 0.811197617587, 0.986410331767, -0.149679841378, 0.0677539848877, 0.160977911054, 0.797946294809, -0.580833730729,  
947, 673268.1411050974, 54.37089537445887, 133.61801947269564, 51.86760645929135, 23.19200081990987, 0.798007657489, -0.123729118744, -0.589809192675, 0.351281005462, -0.699736001598, 0.622070079065, -0.489678908868, -0.703605452823, -0.514930998259,  
958, 53684.03310730435, 23.401956913315797, 123.64078091153714, 29.481607931050736, 3.5159575301290524, 0.492477037812, 0.206447301109, -0.84548558775, 0.638048291806, -0.746336044969, 0.18941194604, 0.591912784582, 0.632741669123, 0.499276712459,  
965, 1416240.122934438, 69.66523315067703, 110.05394982526815, 95.92145656162599, 32.02778363234557, -0.799303529715, 0.415308759908, -0.434318433099, -0.392837510612, 0.18580969697, 0.900640575795, -0.454744497099, -0.890501763308, -0.0146305127343,  
971, 2853757.9517812463, 87.99192964130101, 141.3825934754001, 78.1730454546809, 61.64183375991797, 0.301409754527, -0.60116638938, -0.740102109277, -0.792623256032, -0.58942363938, 0.155974829177, 0.530000503653, -0.539609808677, 0.654156495426,  
984, 2197997.029675853, 80.65776133782735, 128.14306250700082, 90.6665038004405, 45.164428970654626, -0.976252928561, -0.149764037747, -0.15652780096, -0.19920617422, 0.904548655867, 0.376972982219, -0.0851300160249, -0.399202282268, 0.912902195311,  
992, 769491.8162228158, 56.84668343222783, 79.70318966138554, 69.04415846390512, 33.38203080097296, -0.240451373971, 0.168171896476, 0.955981877439, 0.951141216537, -0.155699048345, 0.2666236909, 0.193684080297, 0.973383798704, -0.122517172101,  
995, 3527565.819748048, 94.43409852231586, 112.23829080787458, 100.66682411976858, 74.53480241335164, -0.76337316906, 0.367092650481, -0.531511421064, 0.630503537223, 0.602348745252, -0.489531693194, -0.140451750816, 0.708815191045, 0.69127008516,  
1003, 1580663.2650533668, 72.26315468672243, 126.44897902573935, 106.16033357203746, 28.11079638372347, 0.0486259437339, 0.987845633038, 0.147636455131, 0.73665219673, -0.135288863816, 0.66260128613, 0.674521355221, 0.0765371061325, -0.734277204287,  
1030, 862299.8488872538, 59.045920877639276, 92.01709870816426, 56.24766069721495, 39.77376465753454, 0.0841438297204, -0.837658175134, -0.539674529277, 0.723878482759, 0.42357747993, -0.544593482053, 0.68477715946, -0.344834598216, 0.642004160232,  
1035, 455772.79058034235, 47.74045953179645, 116.7913289533917, 43.089586567517756, 21.621053813820915, 0.357622744212, 0.21908903207, 0.907802824874, 0.854359676088, 0.315738626472, -0.412769504237, 0.377061688184, -0.923205890244, 0.0742655204211,  
1063, 2569074.651946099, 84.9629086169998, 109.61168430651958, 82.83189281182243, 67.55129481998476, -0.225639110633, -0.968851345237, 0.102049314479, -0.942596155556, 0.190646610036, -0.274164836573, -0.246169614869, 0.158053601396, 0.956252884859,  
1090, 1498244.394749796, 70.98468902645655, 150.73535930142532, 69.8853710066316, 33.95413231415362, -0.389755031207, -0.79916198576, -0.45763646726, -0.914561077624, 0.277599535753, 0.294136929073, 0.108023381468, -0.533177848627, 0.839078262613,  
1104, 4323977.416872045, 101.06441564687401, 133.90883553335368, 99.23922812460009, 77.67874432818856, -0.369911309082, 0.56601187636, -0.736747025262, 0.911885328233, 0.372994491687, -0.171289980225, -0.177850419081, 0.735190903773, 0.654112806359,  
1105, 1098189.0119106208, 64.00238553462947, 104.9245159819784, 68.24941275332233, 36.61108429072719, -0.575081419865, 0.751946912059, -0.322268834935, 0.792252624017, 0.610114254105, 0.00981716232674, -0.204002794744, 0.249672662466, 0.946597285731,  
1108, 1207497.6620917679, 66.0590864000846, 138.21697417157392, 56.48319065003035, 36.92470945065372, -0.657120189923, -0.702974397556, -0.272066264679, -0.720358340713, 0.691940423781, -0.0479824020267, -0.221984046636, -0.164454997855, 0.961081493277,  
1131, 1424540.5016974944, 69.80106741604887, 140.451054691305, 74.89272979131037, 32.331177852752965, -0.417262085906, 0.891384411245, -0.17699204235, 0.0658848225222, 0.2239152944, 0.97237910873, 0.906394804611, 0.394075845902, -0.152160066541,  
1140, 803592.6231454279, 57.67431485661491, 125.32716291787656, 94.64613057103391, 16.173323007768754, -0.390596985881, 0.778301616418, -0.491610199754, -0.865378347195, -0.492557467481, -0.0922358793227, -0.313933608947, 0.389401765674, 0.865916828606,  
1186, 2490436.0913993856, 84.08701402773279, 124.38431546879319, 84.85556642377661, 56.330140569087845, 0.21233961878, 0.588260120059, 0.780296044745, -0.790343259012, -0.366218482111, 0.491163472069, 0.574690716151, -0.720995183416, 0.387164727553,  
1200, 1424199.8677390746, 69.79550339750817, 119.77782914367059, 95.07433117661668, 29.856755743272593, 0.254809457505, -0.87643164749, -0.408582559154, -0.590863625823, -0.475592509444, 0.651683926946, -0.765475222359, 0.07536134446, -0.639037050346,  
1224, 3333046.0291034, 92.66539201262272, 119.60152869284634, 90.95890321526079, 73.14266100204225, -0.10002042544, 0.99110914962, -0.087741484116, 0.994965912038, 0.0990771249672, -0.0150518168348, 0.00622481939685, 0.0888052748906, 0.996029555171,  
1269, 1045984.7773983671, 62.97172423753282, 117.79239992064603, 105.18281245492184, 20.154624231490327, 0.235950005112, 0.597858707905, 0.766089133502, -0.899608041949, -0.163725480647, 0.404844831815, 0.367468319652, -0.784703085484, 0.499207473585,  
1292, 2458332.6959252274, 83.72413757820519, 130.0473505923354, 85.81591510288195, 52.587521327057566, -0.198951456304, -0.775942944363, -0.59860743825, -0.979420338907, 0.136255124248, 0.14889708141, 0.0339723088818, -0.615911591228, 0.787082456938,  
1303, 1146469.8670955761, 64.92690162637169, 119.36720744918044, 58.388962154504945, 39.269759864810915, -0.440532394083, 0.160296476344, 0.883309826412, 0.871562547941, -0.159492431327, 0.463617179768, -0.215197432119, -0.97409814907, 0.069446822738,  
1333, 688140.3972429194, 54.76832784573957, 109.66019213734951, 54.57869470918417, 27.448353425401145, 0.924473877298, -0.323009991491, -0.202515667519, -0.159760237977, -0.81052976829, 0.563487498599, -0.346157069197, -0.488575521402, -0.800917750666,  
1392, 2050596.3023594096, 78.81287799985728, 133.2794144000949, 71.0013857989762, 51.73228475257355, 0.790153500949, -0.174106768695, 0.587660002069, -0.228072505792, 0.806426362091, 0.545581757967, -0.568893994554, -0.565122425338, 0.597491646252,  
1404, 948131.1426210376, 60.94338894312756, 104.1195447968085, 96.52853580974248, 22.521215335459946, 0.725612066745, -0.677316585765, -0.121364621044, -0.0208967531559, -0.197984415576, 0.979982396218, 0.687786634285, 0.708550925366, 0.157813598471,  
1420, 92714.68204919378, 28.07716804686604, 107.07499644230354, 58.57208706448905, 3.529239539027729, 0.0505459247845, -0.41159193017, 0.909965489734, 0.183646141858, -0.891763581224, -0.413559922844, 0.9816920108, 0.188015420168, 0.0305122550936,  
1432, 1794672.1681092656, 75.38741286318682, 129.24255762181923, 67.03208089658204, 49.45477987465325, -0.894124229913, -0.213992978413, 0.393381324764, -0.41304787173, 0.733467469863, -0.539830460712, 0.173012476841, 0.645160813939, 0.744200380956,  
1433, 2365779.7366122697, 82.65996799333256, 115.77230040572933, 97.93354646774056, 49.81378633381162, -0.998828984213, -0.0474148505918, 0.00961728858599, 0.0420483205904, -0.752457616742, 0.657297097014, -0.0239290416004, 0.65693178257, 0.753570191832,  
1440, 2150451.0451795394, 80.07193376728725, 143.29653017271997, 74.99273696626763, 47.77339139121743, -0.324205763393, 0.446902367141, -0.833767891698, 0.26726032527, 0.888739017904, 0.372444461084, 0.907448368514, -0.102084437108, -0.407573583763,  
1455, 1445773.5747689395, 70.14615832165686, 122.72360680957391, 62.7504588737088, 44.8194638219077, -0.445805389054, -0.174572965872, 0.877941817364, -0.889934664426, -0.0190785674089, -0.455688820707, -0.0963008210894, 0.984459388625, 0.146853205635,  
1470, 1376553.665196296, 69.00832920321726, 124.23633334740339, 67.66595117901443, 39.09180478965851, 0.364743594709, -0.854096313545, -0.37078510934, -0.677288874042, -0.516633805159, 0.52380272285, 0.638938096546, -0.0600749411652, 0.766908801766,  
1486, 842024.3049611695, 58.57945669366932, 105.97884135023217, 79.9944993010784, 23.711374326476893, 0.591079112359, -0.802419363402, -0.0821501562383, -0.688584390891, -0.555006815677, 0.466710800361, -0.420091679939, -0.219295690311, -0.880586384551,  
1497, 1977869.9911379, 77.86991679605264, 126.42167476689407, 72.39723198960164, 51.59001222387941, -0.0877760476754, -0.759331963891, 0.644756026779, -0.982860021793, -0.0393193416815, -0.180111540251, -0.162115832096, 0.649514401674, 0.742865734168,  
1498, 1444176.4870227058, 70.12031959450829, 140.9333963217707, 65.8192369591633, 37.16763258480358, 0.125873339343, -0.770411355855, 0.624997796165, -0.843596991479, 0.248386716787, 0.47607578692, 0.52201534308, 0.587171509606, 0.61865143651,  
1500, 907712.912426724, 60.064790694394965, 110.12861588789302, 73.04112641948686, 26.939669349345856, -0.820281959269, 0.535838737813, 0.200035882671, 0.0590898955329, -0.268473883867, 0.961472910657, 0.568898841221, 0.800498982348, 0.188561628431,  
1505, 1226279.2704081798, 66.39982363480132, 100.29509112594559, 82.32491816890214, 35.45600439256778, -0.546568521644, -0.83728050243, -0.014973690203, 0.539718265497, -0.36588185655, 0.758178515216, -0.640286689723, 0.406314936099, 0.651875085937,  
1514, 3039063.2370748506, 89.8566815605139, 128.11715507532298, 94.12581981907606, 60.163773770879516, -0.0224938786858, 0.357324589882, 0.933709356753, 0.112725183623, -0.927083360205, 0.357504512151, 0.993371561098, 0.113294221816, -0.0194257793713,  
1515, 543908.0497252673, 50.63828153547702, 106.69448566638398, 46.72694547193996, 26.045188838775065, 0.067442873826, -0.566153829456, -0.821535939665, -0.252377051727, -0.806312794516, 0.534944390719, -0.965275754659, 0.171258631293, -0.197264286367,  
1539, 473536.5894130927, 48.35280178625293, 121.52308366491003, 61.0794512834796, 15.230390004120375, 0.406282427691, 0.102478741832, 0.907982762183, -0.471612775592, -0.827588706586, 0.30443114596, 0.78263400057, -0.551901295708, -0.287904464967,  
1540, 1291261.2130052038, 67.55256315898276, 132.60522087602735, 93.17693965441383, 24.94918889224565, -0.134532566522, 0.978879956914, -0.153931863165, 0.869175002661, 0.191171639939, 0.456057253897, 0.475852711765, -0.0724391747281, -0.876536800523,  
1546, 2339977.040417117, 82.35835475788461, 105.74236515927201, 91.37810905457495, 57.81383785266841, -0.226342439357, -0.971521087756, 0.0701133096633, -0.95567333818, 0.20758129053, -0.208802486847, 0.188301807844, -0.114266284913, -0.975441256711,  
1552, 757426.2915994289, 56.54800081987936, 151.25086286432304, 82.91485371817868, 14.418549312034399, 0.621412390497, 0.0682665815934, -0.780503885175, 0.37298382197, 0.850293000669, 0.371328535886, 0.689006320352, -0.521863475299, 0.502920275653,  
1567, 301036.2415764943, 41.57606581447287, 117.68608321635568, 58.52961635267244, 10.43348479326771, 0.165191894807, 0.959334598516, 0.22888592351, 0.757481386741, 0.0252137822492, -0.652369691146, 0.631611895574, -0.281143012141, 0.722512989567,  
1575, 623325.2001842562, 52.991802475430056, 101.27840870923089, 50.57970640342387, 29.04911478861618, -0.09162905207, -0.387675906768, 0.917230346275, -0.976398422473, -0.145930085308, -0.159218500166, -0.195576679105, 0.910171303389, 0.365154708414,  
1586, 1450047.056073042, 70.21520403976749, 135.09258260516495, 55.93082172617447, 45.81532612980055, -0.305330046372, -0.815061083062, -0.492391098275, -0.912017515891, 0.399010084104, -0.0949473722158, -0.273856921567, -0.420079020734, 0.865179751756,  
1615, 585060.4469104433, 51.88446900220401, 104.28128697347708, 62.021088152294574, 21.59565423054605, -0.868557533885, 0.0552366683383, 0.492500477971, -0.459099330983, -0.463941378416, -0.757618770679, -0.186643013858, 0.884142131031, -0.428318896984,  
1670, 1544104.2872856746, 71.70168137866237, 130.43110455085815, 60.3157554202854, 46.8571722286925, 0.834274375819, -0.33756968461, 0.435927716352, -0.455286000238, 0.0241431727354, 0.890017845437, 0.310967721538, 0.940990868841, 0.133548721144,  
1681, 2165073.873600208, 80.25301735668786, 104.10941000625277, 90.15285408699133, 55.069945211335984, -0.371856624913, -0.141539730265, -0.917436185936, -0.927978686662, 0.0310786804401, 0.371334987206, 0.0240459478804, -0.989444601976, 0.142902666217,  
1695, 1566723.4135210714, 72.05009782270811, 97.87520453497197, 81.63328748570564, 46.812706979448606, -0.0990674257326, -0.994755785302, -0.0254277951728, -0.551930812053, 0.0761932225079, -0.830401692888, 0.82798431378, -0.0682313743999, -0.556584634788,  
1698, 1319360.4156333487, 68.03905612488899, 113.13581158547778, 68.45694278946824, 40.66841473910134, 0.0775460293219, 0.470039028889, 0.879232577113, 0.84958851141, -0.492637981843, 0.188433489926, 0.521714456975, 0.732373627438, -0.437541878244,  
1716, 1372344.4723802696, 68.93792005069155, 133.42827039920877, 66.97054875400993, 36.66425072512264, -0.864055080899, 0.0375494216044, -0.501994878569, 0.500356611214, 0.17350214723, -0.848257193616, -0.0552456223382, 0.984117394341, 0.168703513208,  
1743, 1465798.5352149766, 70.46853205114553, 108.49307362143465, 80.48971159837396, 40.07220955433738, -0.389364507111, -0.610203291613, -0.689961755104, -0.920781411795, 0.277054412092, 0.274595055369, -0.0235981417797, -0.742221527338, 0.669739002941,  
1745, 378255.99554894643, 44.86411140858734, 120.64180810063141, 55.177435523004924, 13.565564223456848, 0.808969614581, -0.195442371841, 0.554409994475, -0.4919267657, 0.291259968141, 0.820472844247, 0.321832596039, 0.936466716038, -0.139477130309,  
1749, 1853516.1809311223, 76.20250664248842, 113.73286663401254, 91.02050534566801, 42.744726672163154, -0.88815559468, 0.449167095714, -0.097100771197, 0.447428246834, 0.797019998719, -0.405668689421, 0.104821770514, 0.403742543919, 0.908847817105,  
1750, 522325.90849170677, 49.95945050527676, 98.01028191381806, 89.21938005889548, 14.260085170210026, -0.795626381947, 0.282450214583, -0.535910940952, -0.536670746946, 0.0817208128257, 0.839825111629, -0.281003860689, -0.955794740011, -0.0865635329971,  
1757, 1378143.9309395906, 69.03489296945428, 113.60222980544746, 89.03158788791845, 32.529320584129444, -0.345449434737, -0.683359098819, -0.643183511995, -0.919779205361, 0.110560858857, 0.37654018361, 0.186201239052, -0.721662413148, 0.666732675084,  
1789, 267659.752064982, 39.978959541050955, 133.4121159470981, 43.3906235227697, 11.038328101423854, -0.657283825955, 0.747984056333, 0.0921836406815, 0.716502424086, 0.65812474324, -0.231292236391, 0.233671240029, 0.0859748440397, 0.968507138732,  
1791, 1440931.2504546011, 70.06775730042219, 113.34213477688411, 66.60468997602588, 45.5678409358074, -0.519435857771, 0.0402784547161, -0.853559626357, -0.0372037650386, 0.996875281839, 0.0696817933577, 0.85369916805, 0.0679508538892, -0.516314256947,  
1804, 1086581.9151812661, 63.776099471003505, 96.28366265261636, 61.62017801588001, 43.721828054346524, -0.224502726991, 0.743746187511, 0.629634921313, 0.00312968175651, -0.645574700609, 0.763690716865, 0.974468434925, 0.17342120544, 0.142605591889,  
1819, 2107918.5097692804, 79.5405157563094, 99.3740077653742, 86.42881964561836, 58.591392663102134, -0.408664717123, 0.0863056055185, 0.90859478946, 0.898932625371, -0.134102753631, 0.417057054266, -0.157839424806, -0.987202002594, 0.0227798606748,  
1867, 3263576.46052283, 92.01706869726328, 119.97002205103028, 98.1516733535168, 66.16597795252402, -0.411553970039, 0.896127324291, 0.166069709473, 0.344657188785, -0.015653666961, 0.938598095528, -0.843702999855, -0.443520891695, 0.3024143956,  
1884, 1221067.916229063, 66.30562966407427, 140.6237618204216, 76.04546591048319, 27.259580887734405, 0.273856199888, -0.329144135821, -0.90369625408, 0.500781112597, -0.753396898246, 0.426158879973, -0.821109651051, -0.569260266986, -0.0414932450201,  
1896, 957097.1812220421, 61.13489105683933, 114.50632391557772, 54.70866748174179, 36.473867703040646, -0.587419224136, -0.498011512184, -0.637905313387, -0.0953178482369, -0.740173309735, 0.665626005625, -0.803649900717, 0.45180527364, 0.387322645592,  
1914, 2329380.1142675555, 82.23384268444998, 134.7344855006118, 81.9694416801743, 50.35249662639307, 0.307911563657, 0.4723169412, -0.825897799986, 0.895903498051, -0.436118524847, 0.0846023313239, 0.320230215855, 0.765974764167, 0.557436336735,  
1927, 1717244.5173680384, 74.28728899929007, 131.00835876296043, 66.33111705155395, 47.17666233959536, -0.968193717492, 0.000555741106271, -0.250201152197, 0.240669101799, -0.2713319751, -0.931910587303, 0.0684054738187, 0.96248566246, -0.262568163933,  
1932, 1449157.8987009884, 70.20084930293314, 141.02938047997426, 104.11721204846752, 23.561067876065312, 0.180634707631, -0.259417249517, 0.948722189607, -0.432118661312, -0.887440047087, -0.160385864003, 0.883540924318, -0.380989308877, -0.272401508028,  
1942, 1110314.6024181638, 64.23708338854779, 140.60886746968393, 63.086912781500764, 29.88171069040355, 0.580126730796, -0.502755784929, -0.640850682247, -0.373221494273, -0.863396213516, 0.339488872716, -0.723988047158, 0.0422326793641, -0.688518488035,  
1948, 832550.1991285137, 58.35892363768224, 103.205909655493, 62.77221357733491, 30.679608260620356, 0.393293388616, 0.652690002724, -0.647546192031, 0.813982839116, 0.080294604215, 0.575312709888, -0.427495319384, 0.753358173034, 0.499699124501,  
1971, 938955.7929898022, 60.74616220557193, 107.48657605489969, 69.11459511105748, 30.17397592041695, -0.356287569869, 0.634718556298, 0.685705127477, -0.0844349843006, -0.752732101317, 0.65288982001, 0.930553545468, 0.17471902569, 0.321781542477,  
1977, 317402.67608889635, 42.316264682415955, 155.378119870981, 57.653852631579106, 8.458703052115839, 0.350511748603, -0.835187178738, -0.423796992158, 0.450318545695, -0.246471889979, 0.858175282127, -0.821191038367, -0.491644163925, 0.289708982574,  
1991, 2747613.671724931, 86.88717688358051, 134.6454635027421, 77.69954443594406, 62.698458185055266, 0.144437653008, 0.858721640813, -0.491665443154, 0.82953345147, -0.375963441513, -0.412947628082, 0.539455296838, 0.348207745813, 0.766641603665,  
1993, 2445221.692212171, 83.57503045536052, 128.72950482211127, 100.93307597093731, 44.92809693884546, -0.920918130013, 0.343022373584, 0.185055259409, -0.319872334776, -0.936453518827, 0.14400172402, -0.222691462025, -0.0734197405134, -0.972120390921,  
2009, 1915457.7781025895, 77.04207856405696, 125.52020996650934, 75.4817465079466, 48.26456281426474, -0.134167477895, -0.878474971769, 0.458563857986, -0.871798943574, -0.115368363597, -0.476084806167, 0.471132348558, -0.463650584661, -0.750374869972,  
2034, 1870170.6468812623, 76.43006149097724, 98.35198864927658, 78.50086953938536, 57.82757944851505, 0.740930333232, -0.228668761073, -0.631452958665, -0.598640810752, 0.20127556719, -0.775317564456, -0.304386959311, -0.95246981252, -0.0122407205467,  
2046, 1501276.538313486, 71.03254297557467, 114.16772319173118, 109.36213057253278, 28.70527987894683, 0.611991353842, 0.0581329019377, -0.788725014524, 0.269044549488, -0.953116089453, 0.138509026479, 0.743694569843, 0.296968492837, 0.598939146365,  
2062, 2929061.271386324, 88.75918021560348, 134.61428734148396, 87.64661437391491, 59.26708210017253, -0.489699773376, 0.789098482899, 0.370833812161, 0.866428492861, 0.392886550854, 0.308126313251, -0.0974463889276, -0.472190366743, 0.876093864172,  
2070, 1146174.5777402862, 64.9213268704091, 146.99263012458698, 67.13407953376458, 27.728320340877282, 0.139728489591, -0.461493068372, -0.876070828781, 0.51941146243, 0.787414925274, -0.33194799013, 0.843022942685, -0.408658639086, 0.349729087735,  
2071, 1535623.3184705856, 71.57016684635495, 128.26630477199154, 79.45123779140553, 35.9735119288965, 0.510993846467, -0.426057496591, 0.746565669229, 0.237927837928, 0.904691178657, 0.35344619845, -0.825999777731, -0.00298007691474, 0.563662564244,  
2077, 951668.9741204892, 61.019095708188566, 135.6563254026401, 75.51231439475815, 22.17887286246124, 0.706031260444, -0.623334321073, -0.33611632428, -0.613655108919, -0.775394283312, 0.14896681746, 0.353478806399, -0.10108426969, 0.929964893879,  
2078, 2660796.674633937, 85.9622339584867, 130.34285583040594, 91.80762045541825, 53.083202568495004, 0.422513161257, -0.247486004394, -0.87191358872, 0.712247102027, 0.685595790161, 0.150540619662, -0.560523589351, 0.684623319894, -0.465944434067,  
2092, 900343.4290345347, 59.90179869763817, 108.42829644808339, 99.49081843938542, 19.924799140239383, 0.725315244532, 0.447308463135, 0.523290488024, -0.299540431604, -0.47934490439, 0.824926658843, -0.619833304917, 0.755078539917, 0.213689196435,  
2098, 1309765.497532706, 67.8737189070478, 114.4840124707343, 62.11947438230457, 43.96755564623788, 0.0526074049496, -0.914679232752, -0.40074226395, 0.850354205993, 0.251432361576, -0.462254791107, 0.523574431474, -0.316454844684, 0.791028536769,  
2105, 1641682.7333996024, 73.1813146573424, 125.48623847117237, 98.85304573142999, 31.59471667167432, 0.211749882492, -0.819637468771, 0.532312320965, -0.334728482665, 0.450899767983, 0.827433527316, -0.918215023923, -0.35338904768, -0.178878033371,  
2106, 1613758.7405298196, 72.76401690337433, 130.1074054096852, 68.56142328753592, 43.188503644701264, -0.410920016231, -0.148707186973, -0.899461457097, -0.8963988294, 0.24573740813, 0.36889329744, -0.166174242625, -0.957861837004, 0.234279368063,  
2115, 2492913.1944610444, 84.11488373560255, 107.04894701461288, 91.70339401122031, 60.62485846113346, -0.651713641103, -0.0560004368962, -0.75639492401, -0.758454875206, 0.0429359392059, 0.650309701143, 0.0039411009089, -0.997507120873, 0.0704557416516,  
2128, 978146.940738313, 61.57983164245158, 93.31657773177818, 79.8813969015176, 31.326439567946473, -0.581299845297, -0.711120229221, 0.395472514154, 0.742614060487, -0.264990892391, 0.615064373962, -0.332588104155, 0.651220274978, 0.682127045668,  
2130, 1898825.6012830695, 76.8184411175171, 116.49753845665039, 76.6411165815002, 50.771254785766104, -0.685517860425, 0.241184671907, 0.686946298539, 0.727989632318, 0.214350899057, 0.651217926129, -0.00981622515779, -0.946511302685, 0.322521310323,  
2136, 1082030.3144625323, 63.686923923892884, 87.26718157807412, 56.332257677643646, 52.54636905790334, -0.965681834925, 0.242206374985, 0.0937798785054, 0.00959167295707, -0.327566871678, 0.944779309886, 0.259550753237, 0.913255723495, 0.314002213366,  
2142, 2461304.432527452, 83.75786042025499, 133.310703490727, 111.19174174303707, 39.640504317572606, 0.514203298477, 0.685569851166, -0.515353225476, -0.268872562059, 0.699440191617, 0.66218650222, -0.814433860548, 0.201934141549, -0.54398537597,  
2149, 2126318.130441242, 79.77127698550838, 114.32001150833129, 96.87169919160823, 45.83745070153355, 0.103706411246, -0.881180799534, 0.461264976774, 0.969188724808, -0.0146466629056, -0.245883490642, 0.223423803501, 0.472552509037, 0.85251154258,  
2170, 1534703.5730085773, 71.55587525940294, 89.93266242088535, 77.01174848869692, 52.90070506562255, 0.231029143238, -0.530620052783, 0.815516949278, -0.867383341826, -0.492043316095, -0.0744279074649, 0.440762604242, -0.690170801085, -0.573927340376,  
2175, 1626705.6609388832, 72.95809005776735, 121.12519089764353, 97.70817523572843, 32.813684007493826, -0.647947116344, 0.725702818745, -0.231343798895, 0.745369902359, 0.666641612967, 0.00355928615423, -0.15680638724, 0.170130475594, 0.972865549906,  
2190, 2108005.9069524845, 79.54161502729215, 130.77818223159562, 73.06727769443576, 52.6653519420435, 0.190764446604, 0.0882544993429, -0.977660508182, 0.31022169852, -0.950328704564, -0.0252557131882, -0.931327774567, -0.298473611274, -0.208667390106,  
2191, 1287315.683432845, 67.48368926480553, 106.64768039246769, 67.97518221889256, 42.393049347655875, 0.161437970416, 0.223780525111, 0.961176392911, -0.312801926155, 0.935336875192, -0.165226768111, -0.935998256783, -0.273983952975, 0.220997866077,  
2196, 3009943.255628184, 89.56876092209386, 108.79342874958216, 97.63049321149929, 67.65214193671639, 0.698015104181, -0.704051058881, 0.130717331767, 0.122655643863, 0.297399063334, 0.94684179785, 0.705500182398, 0.644876657677, -0.293944874116,  
2206, 1267085.3248406975, 67.12831570429744, 83.82849625338693, 67.92431279221361, 53.12516877511044, -0.0996734724484, 0.665371679273, -0.739828174181, 0.994649210709, 0.0869289459414, -0.0558238837102, -0.0271688521116, 0.741433669845, 0.670475925515,  
2228, 542135.6010061232, 50.583216205617234, 99.4569688582195, 53.81390810155814, 24.18185241634777, -0.0302413884656, 0.83004336356, 0.556878328751, -0.67079645269, -0.429891846781, 0.604338579878, 0.741024680751, -0.355275969748, 0.569790670192,  
2233, 445282.5657575768, 47.37134263888578, 118.3130048753476, 41.368275817254315, 21.719367669550188, 0.502738791062, -0.320594666487, 0.802790612664, 0.569651414537, 0.821384535505, -0.0287177775738, -0.650193028168, 0.471748348861, 0.595569073634,  
2239, 893174.2917570131, 59.74238207423174, 116.96649695286114, 91.24200137352766, 19.979808381354477, -0.144255154214, -0.273510816172, 0.950990159739, -0.989013517814, 0.00849007101822, -0.147581097282, -0.0322910523753, 0.961831457237, 0.271730630967,  
2248, 677111.8541585034, 54.474167587985946, 129.88640325014592, 54.052331078205825, 23.024684547963993, -0.480647291145, -0.828055861195, -0.28862029079, -0.857197691105, 0.374262124537, 0.353751297526, 0.184906192107, -0.417434249766, 0.889695648659,  
2254, 2490049.6993727516, 84.08266509297826, 127.51411511318597, 86.13809720935947, 54.121007242930936, 0.80282022366, -0.586453854875, -0.107478205165, -0.530700707971, -0.620733125174, -0.577102370356, -0.271728627572, -0.520348213616, 0.80956858236,  
2258, 2371950.1977651045, 82.73177058127614, 132.79182824323397, 85.93633543319835, 49.62137296216831, -0.556395681168, 0.602153454242, 0.572568828633, -0.00406504560032, -0.691044621576, 0.722800668507, 0.830907528779, 0.399835651905, 0.386942024189,  
2268, 3308523.5825664424, 92.43757458375676, 121.01685582211813, 104.15781216752428, 62.662527914721466, -0.800785200851, 0.263224607265, 0.538011029839, -0.301176490481, -0.953395154595, 0.0181769297895, -0.517721724172, 0.147480457434, -0.842741793787,  
