# Void_ID, Void_Volume, r = (a*b*c)**(1/3.0), a, b, c, vector_a, vector_b, vector_c 

2, 773990.4660062146, 56.95724842497735, 114.24181054970062, 44.90466635509625, 36.01890041378562, -0.49255853643, -0.0830219960109, 0.866310242562, -0.838906939281, -0.219570265698, -0.498020125746, -0.23156259503, 0.972057738305, -0.0385034801494,  
6, 2483863.867948315, 84.01298074276671, 142.00746758106314, 108.49105460695247, 38.48877307355882, -0.985938220693, 0.0902484441745, -0.140645096965, -0.14804356518, -0.0813011490708, 0.985633413582, 0.0775172741078, 0.992595255622, 0.0935186116827,  
7, 1531923.8696494678, 71.51264773359509, 132.8318526334212, 88.40814742420481, 31.1425416453444, -0.831667216544, 0.221755195784, -0.509071973369, 0.550396160152, 0.450475172225, -0.702948210112, -0.0734418669185, 0.864810240661, 0.496698640859,  
22, 2048263.531089406, 78.78298065103725, 106.13166805809028, 96.3404827184353, 47.82372662817774, -0.820148482544, 0.556163624599, -0.134307443033, 0.567507174262, 0.820607876644, -0.0673670539046, -0.0727466407666, 0.131471424511, 0.988647151816,  
40, 630647.1884804496, 53.198487492862164, 103.82530657374835, 48.520620284387284, 29.886034140544965, 0.0963920577031, 0.516312760843, -0.850958109546, 0.754256967908, 0.519960624421, 0.400920659749, -0.649465162709, 0.680486650892, 0.339312422974,  
65, 1392274.5911681037, 69.27003855541633, 140.35981771574583, 94.4321570022014, 25.076884674369577, -0.916656341891, 0.399676299683, -7.96417725744e-05, 0.0863645555099, 0.198271387667, 0.976334789088, 0.39023366644, 0.894956598, -0.216264590891,  
74, 881600.81521917, 59.483218331919765, 146.0842089047276, 49.86561813338075, 28.892085662651848, 0.0836428112294, -0.952254371429, 0.293624747296, -0.626264228018, 0.178962335865, 0.75879219754, -0.775110957757, -0.247354188233, -0.581393935923,  
113, 2792507.7488389863, 87.35784778204268, 126.38475563845165, 101.28436760029001, 52.07972276850633, -0.81378886857, 0.160740166805, 0.558489280261, 0.35119179482, -0.629664071202, 0.69295561235, -0.46304643465, -0.760056416467, -0.455962984403,  
126, 1319560.0987979472, 68.04248848714583, 118.78903492504337, 85.36236540611941, 31.066889340833697, 0.394869433667, -0.566073054604, 0.723629343798, 0.33472647972, 0.822140270503, 0.460481877376, -0.855591207371, 0.060387684738, 0.51411770384,  
127, 458374.98061992024, 47.83114365632923, 139.38144798259606, 50.111097174772034, 15.667273025343428, 0.196850124272, 0.963853154793, -0.179546998221, 0.681655623418, -0.00292090311015, 0.731667328359, 0.704695423312, -0.266418025518, -0.657590903254,  
146, 537308.3941139264, 50.43263642823106, 151.24432470048893, 83.40136746322638, 10.16910560578171, 0.141229558299, -0.316984309473, 0.937856683833, -0.300706014654, 0.888855394173, 0.345705049139, -0.943202048669, -0.330842917104, 0.0302135663012,  
154, 2436655.0915987026, 83.47731721152402, 121.62573845634081, 88.15510724467268, 54.254089768974666, 0.779991043221, 0.197168879021, -0.593917844184, 0.302742490262, 0.711727099091, 0.633870271435, 0.547686915203, -0.674217301443, 0.495449365072,  
184, 1979147.3939837057, 77.88667722469827, 139.09574979052215, 78.66182606816325, 43.18288420141616, 0.542855233162, -0.0323259860695, -0.839203924236, 0.413870003289, 0.879792586402, 0.23383033441, 0.730766594889, -0.47425735159, 0.490978765587,  
191, 523781.33269049, 50.005810297506436, 94.68260527693246, 76.4243934199048, 17.28061550330086, -0.113918432109, -0.978166354801, -0.173819369349, -0.617255251027, 0.206778427633, -0.759103838052, 0.778471930069, 0.0208149994218, -0.627334193148,  
193, 1532331.8596120873, 71.51899571064887, 126.98613700133113, 92.55366626147466, 31.125352840357113, 0.585865406253, -0.0714220455325, 0.807254988939, -0.495010789436, -0.82022954458, 0.286684168625, 0.641658822192, -0.567558266269, -0.515898798498,  
222, 727469.3657532058, 55.79244150448239, 106.40753272508857, 65.76547837116364, 24.81736930880915, 0.688125074875, 0.665219412541, 0.289770623955, 0.655897244631, -0.399490778987, -0.640473201617, 0.310294514637, -0.630785423646, 0.711215201963,  
225, 2860916.5263992227, 88.0654433314949, 124.22949326646766, 75.68270106058385, 72.64324568322537, 0.292162960352, -0.0421266778987, -0.955440289923, 0.605221890695, -0.765392354264, 0.218817291499, -0.74050473842, -0.642183686373, -0.198123308406,  
232, 808627.6246177077, 57.79451915876875, 95.20561465227017, 74.38264303041097, 27.259996593370165, 0.496933092768, 0.59913506488, -0.627769603711, 0.701574189796, -0.703139114228, -0.115711029096, -0.510735898018, -0.382926311546, -0.769750792401,  
240, 551817.3914996601, 50.882556659259386, 100.80434557449026, 65.79780161435971, 19.861687136690094, -0.160431858616, 0.314636898119, 0.935556113273, -0.401003335287, -0.886864070559, 0.229496068462, 0.901919033966, -0.338342640962, 0.26845169673,  
244, 1625017.9753043838, 72.93285030889818, 109.67361567262344, 83.95390726840473, 42.13339796315273, -0.305313933594, 0.727719443014, -0.614172462923, -0.643969155313, -0.632912211833, -0.429797462904, -0.701489222269, 0.264284968117, 0.661865792037,  
249, 2503051.231459318, 84.2287540493936, 149.7753524903839, 72.87289237133147, 54.74882106403211, 0.521177527387, -0.717642943872, -0.461911885599, -0.492622898414, -0.694925791043, 0.52383282152, -0.696919410625, -0.0454615227881, -0.715707052529,  
251, 1218776.348966098, 66.26412529509169, 104.5549502010342, 68.06148572487028, 40.887389548573886, 0.945415610838, 0.0414089788251, -0.323225338204, 0.21797845934, 0.656947987256, 0.721737302142, 0.242228640025, -0.75279787361, 0.612062617253,  
256, 1463312.2098677584, 70.42866598710654, 133.48411244437528, 97.78509499355029, 26.76369961697216, 0.746248199757, 0.0420895690297, 0.664335828131, 0.623082449468, 0.307060331735, -0.719362366154, 0.234268831737, -0.950758865777, -0.202917948006,  
260, 770866.1600432576, 56.88050680324315, 110.96536522814542, 45.282891814289364, 36.624252655987796, 0.74930556727, -0.269385315988, -0.604956790514, 0.418283982165, -0.515694941983, 0.747728050215, -0.513400114066, -0.813320526203, -0.273733528332,  
268, 1102061.445468638, 64.07752567755222, 142.23215598540878, 57.18930814791016, 32.34480700276126, -0.859314115733, -0.505691663006, -0.0765192294019, -0.454225066123, 0.685815327888, 0.568627228806, 0.235071988563, -0.523386356338, 0.819028621107,  
276, 2071366.7126872805, 79.07808211817346, 112.66724764308694, 83.37671269351165, 52.64121811726132, -0.796971370148, 0.595481629857, 0.101184305439, 0.599957559553, 0.761039358297, 0.246718507327, -0.0699110999781, -0.257333875782, 0.963790285526,  
283, 916430.2557000645, 60.25645853210734, 112.94595803152905, 78.38314319708637, 24.712543178641265, 0.349355298814, -0.648561795643, 0.676253260564, -0.25380557885, 0.629246099779, 0.734596538284, -0.901960976614, -0.428272043386, 0.055221857253,  
286, 2170231.374064596, 80.31669135788067, 99.21359618988004, 92.0247244355383, 56.74684371460905, -0.707559270911, -0.433007656248, -0.558448070798, -0.628663249526, 0.746608433498, 0.217619773285, -0.322711011345, -0.505054667001, 0.800485719109,  
302, 2364026.7742659403, 82.63954687345837, 156.7130203841365, 86.71158963274915, 41.53187638002767, 0.178068665107, -0.504379101754, -0.844922050973, 0.538402412586, 0.768656828448, -0.345383152747, 0.823659148331, -0.393406153731, 0.408432620609,  
323, 362172.2080552241, 44.21899188338723, 115.38536978784418, 64.55167025609418, 11.608290860164647, 0.1216412943, 0.824001374351, 0.553376120364, -0.564160675605, -0.401308338812, 0.721577680711, 0.816655452209, -0.399966688948, 0.416053506306,  
329, 830284.4640809227, 58.30593544603031, 115.08067680374539, 49.101632090208405, 35.07841543216053, 0.25326767739, -0.913655770774, -0.317944360101, -0.762266685007, 0.0138878977359, -0.647114075898, -0.595655088552, -0.4062514724, 0.692932000022,  
336, 1127608.0875302134, 64.5688707305035, 99.68518971342715, 92.79027977272884, 29.102912187293082, 0.934452656864, 0.310773845163, -0.17383281981, -0.346139750377, 0.907339208987, -0.238585064585, -0.0835793353028, -0.283116896346, -0.955436715703,  
380, 2441391.8826756002, 83.53137474089961, 107.02859531845492, 91.75072967331897, 59.35257077244718, -0.0186297794786, -0.0995494992176, 0.994858195183, 0.996957037622, -0.0771806223528, 0.0109460800632, 0.0756940978683, 0.992034802181, 0.100684431811,  
389, 527468.0919768927, 50.12286201682285, 105.84535765169323, 74.65758755151106, 15.935357710826883, 0.323538995074, 0.945015723331, 0.047621437641, 0.789645865136, -0.241932297487, -0.56385119589, -0.521327081917, 0.220031920614, -0.824502290822,  
393, 871725.5190259289, 59.260282410986086, 119.64381182857055, 73.49261727600782, 23.667762100897306, -0.458249507097, -0.483732331178, -0.745661063097, -0.888751297665, 0.260077195729, 0.377466532504, -0.0113366725445, -0.835681089911, 0.549097983807,  
426, 432230.17069736734, 46.90388571996049, 107.58416678984317, 86.79222115060179, 11.05089126193345, 0.305034168038, -0.350901591428, -0.885337353477, -0.0493767975872, -0.934219805378, 0.353263764203, 0.951060507113, 0.0640423951125, 0.302295357951,  
434, 1040256.384753167, 62.85655771569439, 111.77500786434784, 73.60105078148285, 30.18721562871048, 0.204253151699, 0.432590166558, -0.878149416568, 0.469019937181, -0.830640368725, -0.300094778982, -0.859244405596, -0.350574279779, -0.372554325984,  
450, 2137911.8258042717, 79.91599789191682, 147.15451137431663, 85.73316735448819, 40.45560781936005, -0.0500351294227, 0.986260156334, -0.157440115126, 0.995282959166, 0.0623568285239, 0.0743199645472, -0.0831162861148, 0.152978854629, 0.98472795889,  
463, 948985.2671232151, 60.96168374662384, 94.47701774914307, 67.61933944655314, 35.4628602753141, 0.34500476073, 0.934247191408, 0.0902989502707, 0.545871869917, -0.277979717688, 0.790412030644, 0.763541496388, -0.223404256675, -0.605883587328,  
493, 1595854.1983787133, 72.49391157362642, 132.01147115196133, 70.08328277045301, 41.17925581515009, 0.0865162303599, -0.249398553986, 0.964528539315, -0.303003238649, -0.928880547119, -0.213002268889, 0.949054255168, -0.27382711782, -0.155931812963,  
498, 552730.6551138205, 50.91061157753913, 136.221082008052, 56.5523790356153, 17.12891039177152, -0.91619228585, -0.00771169623921, 0.400664729032, -0.400703778164, 0.00438567323058, -0.916197166573, -0.00530824966727, 0.999960647031, 0.00710822580122,  
510, 1480005.6312736298, 70.69547001055578, 94.54291652970771, 74.40586278550099, 50.2271580866038, 0.557252970615, -0.713996767427, 0.423884114878, 0.209761422948, 0.614983850403, 0.76012828469, -0.80341102319, -0.33466920959, 0.492470555433,  
520, 1051512.6204566162, 63.08246083671993, 107.97519473748062, 75.21740086635498, 30.90890088679932, -0.945601918805, 0.308303518681, -0.103855435685, 0.118733960103, 0.624271584446, 0.772131618036, 0.302884892114, 0.717797972428, -0.626918505794,  
525, 1794417.9140769949, 75.38385261055302, 124.87950424523686, 98.30169534331387, 34.8965757092476, 0.10899343192, -0.79701241579, 0.594046833907, -0.627941300081, -0.518474981208, -0.580407975061, 0.770590783394, -0.309765884077, -0.556987380118,  
539, 2973362.107409441, 89.20442491030013, 131.45245320439832, 95.06688750325323, 56.80168543512868, 0.121707360108, -0.569184203827, 0.813152298533, -0.312262453678, -0.799601499113, -0.512961599575, 0.942167436562, -0.191485729833, -0.275052243677,  
579, 282615.2661570764, 40.710115647768376, 104.9935216175871, 62.609109257924864, 10.263771631977276, 0.733471397662, -0.339788121927, 0.588696645998, -0.408888847181, 0.471292673101, 0.781468570662, -0.542982153909, -0.813896337673, 0.206744122187,  
595, 2667571.736866715, 86.03513266036164, 124.73422297560325, 84.63302678324509, 60.325648464976034, 0.531496548353, -0.831063270003, -0.163845232889, -0.767476789444, -0.554320651636, 0.322037253799, 0.358456129468, 0.0454142755321, 0.932441283312,  
612, 3250057.6323368377, 91.88983767143043, 120.17398400498493, 109.74825676967289, 58.829392428547784, -0.833562073772, 0.538748975621, -0.122163048573, 0.373099369724, 0.712119056968, 0.594712795402, -0.407395544258, -0.450151074608, 0.794602341142,  
669, 216581.76041813308, 37.25441573552365, 135.44423580570526, 41.819722699572594, 9.128335511591509, -0.800605500182, 0.591532400492, 0.0955000117628, 0.588193227733, 0.806260970852, -0.0630235966152, 0.114278431594, -0.00571542207593, 0.9934323198,  
676, 1463752.008753181, 70.43572106530192, 128.9382049191324, 85.11703026973107, 31.840568436898153, 0.00154831271063, -0.852982026817, 0.521937989281, 0.358580993576, -0.486755316933, -0.796548135698, 0.933497334637, 0.188390348385, 0.305109493234,  
681, 2431214.884678823, 83.4151456065909, 119.72307239624797, 78.41498086505237, 61.82410563447603, -0.803559377851, 0.331396195855, 0.494437951254, 0.591651315368, 0.353818682657, 0.72440393485, -0.0651233237029, -0.874636439428, 0.480385315694,  
690, 183632.24587032033, 35.26036298756975, 135.883639877165, 62.53778362683891, 5.1588236157782585, 0.170662353713, 0.226753162991, 0.958883394422, -0.671433197002, -0.685476777504, 0.281600869081, 0.721146186975, -0.691884810194, 0.035264520893,  
739, 845836.5452139323, 58.66772919890349, 126.17395937539105, 65.87468413545655, 24.294589129618274, 0.591927475317, 0.517079116592, -0.618264547867, 0.717537092657, -0.687452024936, 0.112027827227, 0.367099965441, 0.509940095105, 0.777945187515,  
758, 983984.7538693658, 61.702096413305256, 132.96641835745396, 70.36102683897631, 25.108780531971817, -0.0521513149002, 0.507950922177, 0.859805850767, 0.251257408408, -0.826606964002, 0.503577840839, 0.966514332576, 0.242294836352, -0.0845177922262,  
761, 606038.0845881214, 52.49731630075667, 83.19857669854271, 53.6687055144558, 32.402184500845394, -0.134730036558, -0.701917396214, 0.699399589749, -0.64008990437, -0.477150477841, -0.602173011533, 0.756394560776, -0.528809408377, -0.385003737695,  
765, 969797.0043335803, 61.404105565065194, 91.33461352873152, 64.38399551766194, 39.37122331029609, -0.191658948968, -0.0253741401329, -0.981133528269, -0.188437361498, 0.982018890274, 0.0114131475415, 0.963202059836, 0.187069645206, -0.192994144394,  
806, 579553.7192138844, 51.7211726212166, 125.58005140820431, 92.7434928536577, 11.879577178259312, -0.148022801503, 0.800612148838, 0.580611261834, 0.518073976369, -0.437309883426, 0.735091437079, 0.84243017826, 0.40960987902, -0.350044485409,  
869, 1246749.314294289, 66.76725317215704, 104.42581632251071, 72.1882460304973, 39.48354694781064, -0.861743511008, 0.26644338479, 0.431747662341, -0.0727441716397, -0.907092276169, 0.414598465998, 0.502101988373, 0.325870411693, 0.801063086189,  
870, 2133623.734058462, 79.86253193571345, 111.10563672108934, 108.96062721622965, 42.07494310046273, -0.518526525437, -0.77816910444, 0.354377041177, -0.0312624708379, 0.431422493641, 0.901608168717, 0.854489848, -0.456429049115, 0.248031495557,  
891, 2613955.394289248, 85.45481159356582, 138.1772130951595, 89.74711652609204, 50.32139010707709, -0.832806819757, -0.103124025476, 0.543873364246, -0.102625128732, 0.994225312103, 0.0313705550763, -0.543967723233, -0.0296894618126, -0.838580736685,  
915, 2879272.3660628013, 88.25338662273937, 141.4753762482778, 77.8863766484737, 62.380920892925396, 0.306519600954, -0.680898912674, -0.665148408214, -0.889359968873, -0.453909802781, 0.0548154786983, 0.339241182636, -0.574754348969, 0.7446964874,  
923, 740719.9208442571, 56.12915081743432, 136.86201017410676, 93.62539343145289, 13.80031009681249, 0.580524313613, -0.81336481483, 0.0378047523464, -0.625137298712, -0.415469118243, 0.660748643242, 0.521722990737, 0.407213813349, 0.749654607906,  
970, 1494869.2892910738, 70.93134638544588, 121.68758854278347, 79.41883309982975, 36.92706781272643, 0.525492526908, 0.662239703453, 0.534131237931, -0.348772775472, -0.404949378948, 0.845206218375, 0.776025228491, -0.630439985771, 0.0181733069881,  
976, 413779.0870743407, 46.22674447454995, 100.57860277060108, 45.18527041269367, 21.73589082108764, 0.294865191258, -0.895474557171, 0.333436405398, -0.898273057165, -0.140783393183, 0.416275811183, 0.325822089118, 0.422262185927, 0.845892790239,  
977, 2190565.8361972156, 80.56676027680436, 139.78862745308345, 86.70751323249124, 43.145859940413274, -0.322553688433, 0.113832376626, -0.939681492906, -0.159246839919, -0.98511814308, -0.0646737052459, -0.933059248951, 0.128780566104, 0.335880936851,  
983, 899486.452926717, 59.88278717214167, 127.97001049211741, 62.990341131278356, 26.639363975351532, 0.158636068034, -0.786953710176, -0.59627045538, 0.375465656947, -0.510463149405, 0.77359738466, -0.913159426591, -0.346599525592, 0.21449622488,  
991, 1220054.57634015, 66.28728268171456, 133.60824154742963, 86.68894960537371, 25.147433020373764, -0.549506142399, -0.805244289044, -0.222765873569, -0.148464119506, -0.168274957872, 0.974495738201, -0.822193045875, 0.568564133159, -0.0270817613972,  
1003, 1388491.8178984104, 69.20724669839149, 95.97956976465456, 74.61224351516779, 46.287723041911384, 0.0784938588483, -0.123588207066, 0.98922427649, 0.858243136243, -0.496473176623, -0.130127260732, 0.507205513786, 0.859209136339, 0.0670986349873,  
1031, 2455039.219002482, 83.68673190797715, 126.02316046448435, 91.73754703514511, 50.695841324753914, 0.602590551663, 0.691964839578, -0.397579284966, 0.605981712527, -0.720914496897, -0.336256527441, 0.519298364266, 0.0383007695979, 0.853734302883,  
1039, 869308.8567021907, 59.20546980696411, 87.70814094485529, 53.582828814739706, 44.15907335538446, -0.495014084308, 0.0373856389536, -0.86808027874, 0.857597450385, -0.139492526145, -0.495043885169, 0.139598242935, 0.989517129286, -0.0369889364497,  
1061, 2511709.1126449187, 84.32575610671641, 102.1032525431299, 98.67176503509098, 59.51799027265816, -0.722878864775, -0.404702875965, -0.560055112509, 0.194153568549, -0.896840535401, 0.397468798627, 0.663136892867, -0.178585095257, -0.726881575685,  
1114, 1227243.8378765786, 66.41722867619424, 123.97957636010663, 75.000407011169, 31.508554705736252, -0.246161987989, -0.900532063026, 0.358394027757, 0.165337683091, 0.325336810939, 0.931031368966, -0.955022369486, 0.288440570848, 0.0688063287036,  
1138, 1945218.0659174416, 77.43902833277907, 137.6894876272687, 69.12092508325695, 48.794330031209675, 0.288244631217, 0.676510795691, -0.677678519571, 0.787162411435, -0.570387518129, -0.234592022852, 0.54524340491, 0.46582316653, 0.696935009112,  
1142, 1240942.2990952595, 66.6634306490634, 88.50996355741052, 64.6842989276118, 51.74542301132696, -0.972001531002, 0.146075700863, -0.184051387789, 0.122965269637, 0.983684000596, 0.131321473625, 0.200231281754, 0.10501274489, -0.974104592545,  
1144, 3495584.296097341, 94.1478463947795, 112.17014117737416, 104.75545057997483, 71.01944509089044, -0.707012589826, -0.126498831586, 0.695795403431, -0.706217075677, 0.0744088072819, -0.704074407588, -0.0372912838279, 0.98917206542, 0.141943598461,  
1153, 1363193.4733248167, 68.784348729395, 116.00176339264654, 89.95450352045034, 31.187559154833796, -0.469177849834, -0.20194900093, 0.859702708062, -0.143744230335, 0.977982684285, 0.151286038631, 0.871326426473, 0.0525972457727, 0.487876816693,  
1156, 603765.8393508766, 52.43162396575439, 95.26556269782401, 77.08641163680286, 19.62755311059782, -0.555986128716, -0.232411943686, 0.798037663966, -0.829546673406, 0.215526025837, -0.515170698728, 0.0522660627613, 0.948437251809, 0.312626035487,  
1160, 1459380.82050624, 70.36553732186016, 114.8958440724568, 74.4720868811482, 40.7176008871046, 0.36335807613, 0.213842890175, -0.906775676137, 0.521524157897, -0.853201102862, 0.00777372520829, -0.771999651063, -0.475730066735, -0.421541744509,  
1167, 1835446.9350289768, 75.95407421187522, 110.19836050854016, 79.22067107437584, 50.19258619672062, -0.424646289468, 0.824720299264, 0.373512994182, 0.878358104064, 0.275282844816, 0.390776657919, -0.21945972265, -0.494020023209, 0.84129759705,  
1218, 1952920.6437408926, 77.54110678797524, 120.0320762001679, 94.17682633893652, 41.24341495455325, -0.872788852481, -0.476704370439, 0.104845420451, -0.016492973175, 0.243484757847, 0.969764484054, 0.487819229655, -0.844670418507, 0.220373054792,  
1220, 1923573.306070581, 77.15073078091186, 125.72002942554838, 68.65600547276884, 53.203123071273545, 0.245193935956, -0.969427465492, -0.00950383711008, -0.851922403911, -0.220131974013, 0.475152745684, 0.462718220394, 0.108408040137, 0.879852001958,  
1224, 3007863.2541812593, 89.5481242004576, 111.21212696270966, 103.66875022600038, 62.28299223960812, -0.0677285547101, -0.905302674361, 0.419332696879, -0.392770937915, -0.362164964362, -0.845320962072, 0.917138938878, -0.221954063679, -0.331047670903,  
1262, 2637304.6621083445, 85.70850063752508, 108.90591992356342, 89.42251925245117, 64.65071086438333, -0.919942279827, -0.390782930902, -0.0315420782957, -0.390765927982, 0.907432110946, 0.154495804318, 0.0317520285319, -0.154452791943, 0.987489819565,  
1295, 867428.7042051305, 59.162755544552866, 128.7677604512344, 88.27725650931683, 18.21751811127174, -0.187987568012, 0.742591764357, 0.642820461546, 0.843091704506, -0.213739614062, 0.493469102552, 0.503842288882, 0.634722655094, -0.585892566129,  
1297, 1629150.8859682046, 72.99462804133587, 112.00045618327326, 97.72041268812156, 35.53592426730027, -0.503765108634, 0.787661875752, -0.354696327596, -0.752571927255, -0.601755940645, -0.26744211001, -0.424094576282, 0.132206495247, 0.89591586267,  
1327, 904951.6230715542, 60.00382254408514, 97.61782086684363, 73.21177033153639, 30.229205761660065, 0.712229697212, 0.688439086382, -0.13704190144, 0.370557259985, -0.20293951924, 0.906367954312, -0.596167908799, 0.696324045163, 0.399645653857,  
1331, 470183.98281879304, 48.238419914009924, 92.67992507611719, 69.32040432394781, 17.471591218239276, 0.539082247264, -0.434711166577, 0.721399010491, 0.0948233771751, 0.882390145224, 0.460864577455, 0.836898355731, 0.180038421633, -0.516901643362,  
1342, 320787.42035775544, 42.466151678588616, 111.46648065304538, 63.24528440099023, 10.863162614270143, 0.336974943223, 0.840688041052, 0.423900348279, 0.538110798698, -0.54141940634, 0.645989005141, 0.772583106186, 0.0104232466507, -0.634828086938,  
1355, 355565.6618366036, 43.94846739134262, 116.32666196427431, 65.37596535639567, 11.161789371452885, -0.0103337093228, -0.949964937422, 0.312185573211, 0.779303495428, -0.203275317368, -0.592760666174, 0.62656147062, 0.237161892003, 0.742411584309,  
1356, 2310905.775468388, 82.01586624264563, 134.75405595677552, 76.56246332265854, 53.47316434580476, -0.535823414045, -0.717091288366, -0.44572789133, -0.843784948977, 0.47374889557, 0.252168483015, -0.0303352738722, -0.511216263527, 0.858916586791,  
1363, 301346.55424858606, 41.59034665266471, 80.66575947029352, 44.4583691454132, 20.060181864075528, -0.660048061705, 0.712425988699, -0.238297643431, -0.159506738608, 0.177070190691, 0.971186772926, 0.734094106077, 0.679040026946, -0.0032380901942,  
1380, 1168967.6362638932, 65.3488515183427, 107.6912562285993, 59.92671381570302, 43.2427168660171, -0.25801784587, 0.744591617875, -0.615637973003, -0.163471770767, 0.594380561616, 0.787393629728, 0.952209940809, 0.303801037793, -0.0316410818629,  
1393, 2161167.383081166, 80.20472086809444, 102.87453495522435, 98.18339821287253, 51.08034840403881, -0.0137759003496, 0.841171570412, 0.540592835414, 0.824061483749, -0.296662641223, 0.482611591555, 0.566332848748, 0.452130143248, -0.689090297418,  
1397, 1535564.1490178497, 71.56924760573455, 123.21018142537868, 104.0558617347401, 28.593426845823515, -0.0478337501925, 0.116078479398, 0.992087556097, 0.389797214249, -0.912303916946, 0.125537623403, 0.919657579812, 0.392717900975, -0.00160815024079,  
1425, 2560360.3532825503, 84.86673509422899, 136.20009751913636, 71.7183372855258, 62.57557564027043, 0.780064853135, -0.441057022656, 0.443810238356, -0.466368509733, -0.88271796451, -0.0575274565866, -0.417132158953, 0.162103972493, 0.894272365708,  
1436, 2796077.7912286143, 87.39505906780398, 104.21276809420011, 95.37028583710331, 67.16246459797216, 0.550448174465, 0.193696539221, 0.812088947051, 0.633618744552, 0.536465247149, -0.557433695747, -0.543630475398, 0.821393139304, 0.172566557952,  
1443, 2249368.1499646134, 81.2813005639095, 111.07361965074024, 87.00048847882675, 55.56986174263063, -0.396870696329, -0.729170110521, 0.557498520462, 0.662277502259, 0.193052989291, 0.723960671119, -0.635517238474, 0.656537503307, 0.40629588523,  
1459, 1875214.839667607, 76.49871509588425, 100.4029361286043, 92.94675320568649, 47.97133281767233, -0.191198222589, 0.862994539185, 0.467636252888, 0.980238036223, 0.143241205808, 0.136438078629, 0.0507605360512, 0.484481560325, -0.873327536314,  
1469, 1257115.6698078122, 66.9517927030281, 122.00154758548294, 90.20238231149344, 27.27113938556938, -0.739615952267, 0.569547133825, -0.358586538374, -0.302767051821, 0.194275637272, 0.933053636773, -0.601082652789, -0.798669543124, -0.028750746118,  
1478, 2046711.9901001295, 78.76308316244925, 121.95241972972502, 67.31990466872674, 59.51606512637123, -0.410588472569, 0.896112809943, 0.168519844674, 0.906363470728, 0.380910040511, 0.182791684625, -0.0996110692822, -0.227792389894, 0.968601188303,  
1491, 2186627.233641441, 80.51844539061914, 116.28893163044991, 72.21516344489129, 62.16119636308005, 0.688690045116, -0.706455839924, -0.16317526772, 0.328628799776, 0.103530510608, 0.938767567256, -0.646304211433, -0.700143970631, 0.30346216679,  
1502, 2190477.048622676, 80.5656717568486, 135.98283618146462, 71.5222384338115, 53.768126565322945, -0.843707146838, 0.437840754974, 0.310569998, 0.0450109447672, -0.518814106951, 0.853701316199, 0.534913324965, 0.734252950769, 0.418019543876,  
1536, 1168674.7387300038, 65.34339310766121, 92.58505992357726, 79.46031879167124, 37.92397331716779, -0.867519517994, 0.0420251303147, 0.495624630463, -0.496114313361, -0.14478983308, -0.85609958084, -0.035783711068, 0.988569568952, -0.146457274874,  
1537, 1327845.746319149, 68.18460660007892, 107.62858515338142, 84.40892824834737, 34.89337679070341, -0.378374435416, 0.0301122275792, 0.925162710216, -0.44491471994, 0.870532298046, -0.210296005763, -0.811716501375, -0.491189140565, -0.315989793484,  
1551, 382394.4597517657, 45.027136343906676, 85.45349357961469, 48.17827297423527, 22.17389218651325, -0.592248566392, 0.805276381122, -0.0277774299308, 0.778986331318, 0.563420282141, -0.275205162182, 0.205965849659, 0.184628101001, 0.960984148202,  
1552, 1998149.701994879, 78.13515375447037, 110.26770474426269, 68.9427130943133, 62.748407523557354, -0.234827161478, 0.146285798251, 0.960966528794, -0.0918475853101, -0.987526981012, 0.127884646637, 0.967688082651, -0.0582316666671, 0.245334155168,  
1568, 1893779.4877459693, 76.75033262249222, 93.78044620778284, 78.65058939199737, 61.29520793414874, 0.538518063803, -0.812263503257, 0.224112240261, 0.127193217984, 0.341286613396, 0.931313767114, 0.832958690606, 0.473023729631, -0.287103415078,  
1575, 2089347.7012618228, 79.30624185197951, 102.17967350423545, 98.79159899678135, 49.412586190485285, -0.222587540758, -0.398498508065, 0.889749248817, 0.655686311786, -0.736588696297, -0.165869083991, 0.721477821721, 0.546476011878, 0.425245483464,  
1579, 1400369.9623146453, 69.40403590390146, 102.86596681356927, 72.70594950271483, 44.70051375204558, 0.130162696207, 0.722067299998, 0.679467796728, 0.284041097427, -0.683730836243, 0.672185092473, 0.949935959678, 0.105503354662, -0.294093037432,  
1582, 1524382.486833675, 71.39510672142829, 136.16517437310756, 99.06971143089389, 26.977294738125526, 0.0581617765073, 0.0844772366267, 0.994726497207, 0.998148076446, -0.0227091263527, -0.0564332620681, 0.0178220436781, 0.996166598553, -0.085641594374,  
1583, 2814622.509428786, 87.58784659909612, 119.20898775057684, 117.58816313633781, 47.93568532616133, -0.668535797459, -0.422516694193, 0.611996348554, -0.709002473072, 0.61047540646, -0.353037209492, -0.224444604954, -0.669924937016, -0.707690043784,  
1588, 2692810.158271544, 86.30561319853896, 115.98755565039363, 104.26037132842144, 53.16018261963138, -0.121221403186, 0.390524124089, 0.912576725494, 0.242549756242, -0.879834244148, 0.408731352568, 0.962535706951, 0.270892250405, 0.0119332105423,  
1592, 1090956.4451446768, 63.861571441512375, 111.06226989715066, 82.70854980361875, 28.353185002662137, -0.45815251533, -0.863077080986, -0.212589334103, 0.747463356746, -0.503515347477, 0.433325311028, -0.48103513699, 0.0396263439269, 0.875805315038,  
1596, 1792486.3758050739, 75.35679479773458, 130.29075716418967, 73.61822342740615, 44.61370727815442, 0.0120634742127, 0.419005923441, 0.907903358685, -0.948028853571, 0.293507643458, -0.122859904074, 0.317955602856, 0.859236463002, -0.400770427127,  
1597, 1311948.3172971504, 67.91140348167849, 108.71460549141713, 68.72543608498842, 41.92013948701733, 0.626367135914, 0.432367238876, 0.648631468396, -0.532739919356, -0.370017564486, 0.761101294373, 0.569080301338, -0.822280714062, -0.00142755413411,  
1601, 3470960.2824051003, 93.92625608001029, 122.58562922741827, 88.58427557794553, 76.3070802275181, 0.0035180948133, 0.920144482186, 0.39156321956, -0.99207453933, 0.052393067384, -0.114206282238, 0.125601478579, 0.388058112134, -0.91303623706,  
1608, 2499382.5748689976, 84.18758330275789, 119.27806675166677, 102.38576301479874, 48.85893157031511, -0.468224849675, 0.726993872548, -0.502240380121, -0.598286064684, -0.679120835933, -0.425263065651, -0.650245549737, 0.101364685561, 0.752931554372,  
1614, 1896767.1136992313, 76.79067185079903, 102.16491128850315, 82.74859492156573, 53.56276790881867, -0.485576648237, -0.833537611066, 0.263496431901, -0.866941064353, 0.497899098719, -0.0225760588362, 0.11237664181, 0.239398284106, 0.964396159233,  
1623, 326357.75594030606, 42.71054465039392, 80.65516773569044, 55.45876339096673, 17.41818699543223, 0.713684100408, -0.141516843392, 0.686023314372, -0.440632034425, 0.67063015518, 0.596739981233, -0.544516680244, -0.728167685358, 0.416261224397,  
1629, 343317.94203253184, 43.43794760004575, 135.7811484026465, 55.54268164668828, 10.867798303820072, 0.0283663892708, -0.528524294603, 0.848444115999, 0.672977100822, -0.617508711229, -0.407166812653, 0.739119185064, 0.5825333137, 0.338168255015,  
1637, 2794746.456416637, 87.3811859969195, 120.70973776098381, 94.02772717059572, 58.78351614740568, 0.0479977541547, 0.293313813499, 0.95481056886, 0.372394429328, -0.892247795064, 0.255374746616, 0.92683256557, 0.343308722602, -0.152054320505,  
1638, 3588183.8381513534, 94.97195079011425, 111.05233202663412, 100.34380862503949, 76.87193489512116, -0.436889669372, 0.322946207189, 0.839543425951, 0.829853277048, 0.50484267733, 0.237649762715, -0.347089261384, 0.800524589509, -0.48855851873,  
1644, 1926933.55440593, 77.19562895788818, 100.73102011024297, 78.94153859789718, 57.85079229856122, 0.00828291878468, 0.999964811482, -0.00133005830294, -0.45504445853, 0.0049536275922, 0.890454941215, 0.890430196039, -0.00677033029923, 0.455069476685,  
1646, 4301281.567668193, 100.88728184779612, 137.50957093382968, 90.54361922069981, 82.47427120712624, 0.0595356026616, -0.994398342097, -0.0873352692209, 0.69687615456, 0.104045247176, -0.709604264183, 0.714716123522, -0.0186151490528, 0.699166889236,  
1665, 1243719.3786014908, 66.71312184457791, 117.72515859670115, 109.12471709873975, 23.1122047837126, 0.770350826796, -0.237702506504, -0.591656253289, 0.573392505148, 0.66412023683, 0.479755506558, -0.278891804638, 0.708831312397, -0.647902409219,  
1666, 558268.8524853633, 51.08008322682001, 101.49804773476527, 75.29429358878944, 17.439540449821546, -0.783573363334, -0.621103961799, -0.0155773203761, 0.0344408233641, -0.0684562152734, 0.997059464764, 0.620343948112, -0.78073274251, -0.075031798682,  
1669, 2372611.133759508, 82.73945417809843, 128.94944589540918, 72.34044496965588, 60.7207739778676, 0.208868183156, -0.736961499223, 0.642854439767, -0.850325738378, -0.461543507882, -0.252831424045, -0.483032318502, 0.493827235979, 0.723059084922,  
1682, 2024325.9371936237, 78.4748709375625, 138.53946945106117, 80.69462738825354, 43.228850730454376, 0.667579614593, 0.673455674676, 0.317482145051, 0.637661623872, -0.297037366973, -0.710743593755, 0.384350246027, -0.676924114556, 0.627732930083,  
1687, 1207315.238101145, 66.0557595836863, 116.99784544260334, 76.35703282556382, 32.26303096532479, 0.723982530498, -0.562846063926, -0.398815250281, -0.439802443377, -0.822024493113, 0.361731313992, -0.531434950237, -0.0864872305347, -0.842672446815,  
1689, 2758700.803561452, 87.00388867533074, 104.7407219845862, 95.22529601295224, 66.03103391575053, -0.963754801905, 0.0270561526338, -0.265414103638, -0.134523416219, -0.908399391952, 0.395871185097, 0.230391259153, -0.417227167507, -0.879113962123,  
1698, 1733295.550357389, 74.51802527780812, 99.48999444875192, 84.67096551076838, 49.121327388688464, 0.572500689716, 0.775524223694, 0.266092350017, 0.373928474078, -0.535788145747, 0.757039337915, -0.729671471656, 0.333906036693, 0.596729672558,  
1702, 1544433.4234256484, 71.70677558078897, 110.16352256372411, 86.37792448476138, 38.747171372946774, -0.395695275664, 0.911754385648, -0.110132597666, -0.43732266841, -0.292516769366, -0.850401565929, -0.807572988969, -0.288336400565, 0.514478364557,  
1706, 1583416.4335678855, 72.30508587001549, 93.20013863483992, 78.40748976325408, 51.72880315394913, -0.0279598348515, 0.945174867698, 0.325365513088, 0.249462199791, -0.308596299578, 0.917898106961, 0.967980815156, 0.106830676112, -0.227157100111,  
1708, 273692.40510559763, 40.27708630143339, 114.32451285148456, 57.38668020009264, 9.959182150122214, -0.988554663973, -0.123459544257, -0.0867030407098, -0.0893180946227, 0.0157960912513, 0.99587788482, -0.121581060653, 0.992223878181, -0.026642470935,  
1710, 123021.19397963786, 30.852979420227257, 84.22011723450875, 36.72917850042461, 9.49432889155399, 0.16814761027, 0.888170682703, 0.427643799847, 0.754292860069, 0.163370230359, -0.63588713549, 0.634640577343, -0.429491567112, 0.642470490661,  
1711, 3254330.663452005, 91.93009092503927, 123.97357781466354, 91.81685363883852, 68.25296582671378, 0.279280251678, 0.88386018802, 0.375224877982, 0.901390595761, -0.375993480508, 0.214764746851, -0.330904117377, -0.278244623757, 0.901710815313,  
1714, 657210.9247864498, 53.935170371104626, 108.65771685858957, 90.36255229229445, 15.979644024961857, 0.811115004879, 0.0575733545493, 0.582046181763, -0.30353056302, -0.809214910562, 0.503031237436, -0.499961644701, 0.584684989862, 0.638891083408,  
1717, 3721339.9938785024, 96.13250230485957, 129.28487784862347, 93.00668760786023, 73.88373368587241, -0.331910971483, 0.862636658043, -0.381697659424, 0.922987905695, 0.380525614145, 0.0573897457815, -0.194752234777, 0.333254037005, 0.922503828648,  
1718, 1885312.3020136007, 76.63577682606537, 111.6231799429234, 96.84841337932721, 41.633966764547345, 0.528595376173, -0.037233457295, -0.848056954423, 0.0563990141234, -0.995289723872, 0.0788512318277, 0.846998275969, 0.0895099726997, 0.524005615708,  
1720, 2612813.033539865, 85.4423611838579, 104.13694474722743, 99.60025048928699, 60.13875900940793, 0.327903592633, -0.564154488644, 0.757765759903, 0.839988787258, -0.192953518649, -0.507136842403, 0.432317095683, 0.802806734267, 0.410613292766,  
1721, 3861297.9796517575, 97.32286893948238, 126.65234162496107, 109.09251908724643, 66.7170007587355, -0.188509205386, -0.170416641395, 0.96717239819, 0.610315688226, -0.791891000984, -0.0205767651701, 0.769401741738, 0.586401578183, 0.253286693126,  
1728, 978604.70022064, 61.58943631924939, 111.7511437346647, 56.31629943296408, 37.122105610342174, 0.0298787340032, -0.935928775192, -0.350919633281, -0.931659419699, -0.153258849304, 0.329427459081, 0.362102177487, -0.31709470648, 0.876546039967,  
1730, 1577737.6872479194, 72.21854428991497, 99.88651748390811, 71.61721449782314, 52.65285113254852, -0.392051894998, 0.899234287001, -0.194095359837, 0.187166546118, 0.284542495914, 0.940215003089, 0.900701946064, 0.332284915548, -0.279862000379,  
1734, 1340869.017482312, 68.40679587874334, 93.04975614242996, 68.06250569142554, 50.544577882644056, 0.34081066655, 0.435474795186, 0.833192530166, 0.801863883259, 0.328001870229, -0.499428759535, 0.490777344924, -0.838317646172, 0.237404974307,  
1735, 1934077.683588384, 77.29091253870615, 144.86888490405434, 58.24176843601785, 54.72372275700335, 0.0616881788992, 0.728900190036, 0.681835083836, 0.573147850123, -0.585143725134, 0.573679669185, 0.817126740771, 0.355403058376, -0.453864027671,  
1740, 1343496.1825640628, 68.45144321770441, 103.13141121625638, 85.36669476043826, 36.43077416670876, -0.053678210867, -0.530118605715, 0.846222732827, 0.186282000592, -0.837883984963, -0.513078399466, 0.981028881294, 0.130094933099, 0.14372766765,  
1751, 1613094.3694613774, 72.75403008564255, 108.25271419096934, 91.76719007113502, 38.76545967595061, 0.555520907726, -0.421099438535, -0.716987994282, 0.53764612436, 0.839684465055, -0.076594021349, -0.634297379815, 0.342936236072, -0.692864757329,  
1753, 1849481.0975100084, 76.14716913964797, 124.04558183002042, 63.12790958806441, 56.38435007715473, -0.89510277292, 0.109609045736, -0.432176911696, 0.0740234998389, 0.992392245743, 0.09837759939, 0.439672090747, 0.056066814454, -0.896406696168,  
1755, 1863316.2963862338, 76.33657273934321, 113.83375824505013, 84.16854196004418, 46.42769198603266, -0.874676781511, 0.257973762681, 0.410353586134, -0.0722973538983, -0.906567929979, 0.415821693702, 0.47928448807, 0.33404210229, 0.811604739632,  
1758, 633593.4396772245, 53.28120286972017, 126.98080943117004, 77.40334836512206, 15.389489842900373, 0.463920866532, -0.124935404347, 0.877022562045, -0.400270175888, -0.912747329584, 0.0817073964325, 0.79029185488, -0.388951741323, -0.473450448338,  
1760, 735518.0225619114, 55.9974481762213, 103.78087136640967, 45.77273179547186, 36.964136392300325, 0.213473055162, -0.536539278734, 0.816428108958, -0.576451695496, 0.605530457468, 0.548667757243, -0.788753889043, -0.587757150066, -0.180024540177,  
1761, 199843.44533002604, 36.26884841516599, 94.8953175070439, 73.6608139110942, 6.825272614355396, -0.430176042164, -0.360685302416, -0.827559475427, -0.895182053492, 0.0520203548821, 0.442654463192, 0.116609021324, -0.931235735622, 0.345256920056,  
1769, 883008.8015194796, 59.514867958608946, 126.45166885959902, 50.99112799979601, 32.693185489402346, 0.143988227241, 0.145846836007, -0.978772747293, -0.745025388715, 0.666957840254, -0.0102180963322, -0.651309880614, -0.730681832092, -0.204693672752,  
1773, 208605.13624751443, 36.791327873976186, 115.25765913734527, 103.93831185707667, 4.1571044285551, -0.269435296061, -0.125078146149, 0.954861287618, -0.799547551507, -0.523613275891, -0.294198657696, 0.536775869535, -0.842724506981, 0.0410739725103,  
1774, 1134635.5103207023, 64.70272733974441, 97.63684834307846, 57.40615421070687, 48.32763654798042, 0.0617073252009, 0.435250725197, -0.898192079809, 0.333575044586, -0.857153992434, -0.39244709565, -0.940701810164, -0.275397602514, -0.198081460222,  
1779, 166351.68913204875, 34.11768343651339, 103.64591343697909, 47.941383623675435, 7.992375106361062, 0.285709144277, 0.0865107411269, 0.954403571109, -0.680797022425, 0.719237923425, 0.1386081663, -0.674452147401, -0.689356729986, 0.2643891066,  
1782, 562249.1364449897, 51.20119091716821, 98.745169957098, 68.91880892628241, 19.72361710115744, -0.21090526859, 0.977245972034, -0.0225671846615, 0.92209671371, 0.206559477097, 0.327216798142, 0.32443276383, 0.0482026198852, -0.944679781296,  
1813, 885535.7520734306, 59.57158611564028, 142.84457553649443, 60.750613488700985, 24.361446386215352, 0.0847503907191, 0.536967868969, -0.839334783604, 0.912509484482, 0.296487625499, 0.281818254653, -0.400179724627, 0.789785157888, 0.464860831192,  
