# Void_ID, Void_Volume, r = (a*b*c)**(1/3.0), a, b, c, vector_a, vector_b, vector_c 

20, 1547344.4199536922, 71.75179903153025, 104.05145482146926, 75.1575715139911, 47.236475774734444, 0.890703382126, -0.0135931531009, -0.454381680153, 0.209949726158, -0.874260862328, 0.437708872527, -0.403197963235, -0.485266082465, -0.775853228164,  
28, 915899.4827961721, 60.24482328700192, 100.85105130103425, 60.86709106261323, 35.62018970426058, -0.705233164317, 0.443552964552, -0.553088556729, 0.0862217211324, 0.827990925434, 0.554072957473, 0.703713008798, 0.343062377762, -0.622170560387,  
38, 1956675.5661551524, 77.59077162080695, 128.01018143560776, 107.53403794786172, 33.934366446726216, -0.99960593907, -0.0237367326135, 0.0149844619626, 0.00275048394216, 0.448418949764, 0.893819266032, -0.0279356656186, 0.893508261303, -0.448176957874,  
40, 1617884.5734180268, 72.82597508882357, 102.70063446380323, 83.11820888179982, 45.246982551482006, -0.975116859141, 0.0385661115843, 0.218311167959, 0.125149646123, 0.908594626792, 0.398488858365, -0.182988188399, 0.415894769386, -0.890812473927,  
63, 759798.2215757063, 56.60696723140133, 87.80842365255927, 76.30869142975276, 27.070699407811965, 0.750815885245, -0.291508083622, 0.592704431944, -0.20178081493, 0.753215289927, 0.626060084773, 0.628935616093, 0.589652240056, -0.506705266015,  
74, 412364.17416310403, 46.17399369180623, 65.81847448390204, 62.464121406490875, 23.94494643782393, 0.496122185687, -0.355759760458, 0.792021318973, -0.597033626461, 0.522534840159, 0.608693839048, -0.630407507684, -0.774849878144, 0.0468405870623,  
83, 2094055.229982486, 79.3657590515692, 131.11289548653087, 77.01138429439565, 49.51071340273848, -0.165508102129, 0.964372753681, -0.206378923555, 0.226574824062, 0.240849924732, 0.943745284946, 0.959828587421, 0.10943722271, -0.258365200936,  
102, 3209440.3192407275, 91.50543676767236, 128.57210398450454, 109.34673864794773, 54.49894681426824, 0.209641100704, 0.654774503598, 0.726168684489, 0.259782301855, 0.678681097151, -0.686953509354, -0.942636602588, 0.332659462225, -0.0278193755069,  
148, 2290060.6221906208, 81.76851738513666, 104.58614053701585, 88.31215033659834, 59.19210344240699, -0.82155087657, 0.4240377799, 0.381111687599, 0.361683440632, -0.129106493958, 0.923318256069, -0.440725817237, -0.896394709063, 0.0472998899099,  
155, 624455.8294960398, 53.02382315858873, 132.21089008248813, 82.49974248691967, 13.667632503846098, 0.0148738096023, -0.800337121151, 0.59936571665, 0.97650269627, -0.11726000033, -0.180810886009, 0.214991288114, 0.587971585053, 0.779787253811,  
165, 2632537.7624207507, 85.65683043088055, 132.2262171654621, 99.15812433550758, 47.93360842565944, -0.552849298855, -0.780991504035, 0.290533859267, -0.810838779562, 0.584575778871, 0.0284891613609, 0.19208885005, 0.219825906986, 0.956440507457,  
184, 1092388.2023001576, 63.889496263005185, 118.11750580306433, 63.839359184323314, 34.584826807581535, -0.85863736289, 0.505486992457, 0.0849987029721, 0.0230270164423, -0.127617772661, 0.991556080418, 0.512066046095, 0.853344364579, 0.0979375304889,  
186, 3152941.0720006623, 90.96529833849716, 140.6761058575278, 83.90306397976377, 63.77186030145415, -0.96642656903, 0.0756684877405, 0.24554829797, -0.0018031421392, -0.957626691275, 0.288006716651, 0.256936636842, 0.277894584547, 0.925612318699,  
191, 894659.4729202989, 59.775477192480594, 100.16787415633446, 75.4586440723123, 28.257367605493656, 0.180158507946, -0.164102063046, 0.969852269636, -0.965871970705, -0.216060309874, 0.142861046835, 0.186102789395, -0.962490756008, -0.197426686084,  
201, 2161621.545830471, 80.21033873393176, 102.09292209340663, 83.80793754678524, 60.31290733116587, -0.777608543452, 0.539169442745, -0.323452106439, -0.385476661154, -0.0024037171484, 0.922714455208, -0.496721951253, -0.84219388157, -0.209706387576,  
234, 266944.54771777225, 39.94331898012714, 124.86520735512252, 60.40910318348998, 8.448675201609825, 0.376593102371, 0.919401667405, -0.113482197811, 0.750444466696, -0.230950326459, 0.61926977087, -0.54314890928, 0.318374811633, 0.77693419391,  
257, 935178.5913168584, 60.664596821237424, 84.8586198229167, 58.19790981459118, 45.20667815677083, -0.288856904046, 0.908694847328, -0.301389056575, 0.953021130297, 0.302903793189, -0.000131448309331, -0.0911724420608, 0.287268109108, 0.953501242421,  
259, 2829183.2508778693, 87.73862478922057, 108.58398867483552, 91.53616241565071, 67.9538359251076, 0.2896947595, -0.891157840772, 0.349162783166, 0.0547599966324, 0.379640596335, 0.923511970893, 0.955551301128, 0.248416425473, -0.158779691611,  
285, 654965.193594411, 53.87366697088106, 145.5283793131948, 41.21090392989719, 26.071725712733315, 0.0706603078632, 0.955858095601, -0.285205929053, 0.846862741392, -0.208570535725, -0.489205303394, 0.527096403075, 0.206962877593, 0.824218265488,  
303, 1537241.1925945873, 71.59529255673685, 115.93983532589806, 101.47813610683725, 31.19236062705255, -0.811795279052, 0.0128652772151, -0.583800402151, -0.354762137051, 0.783238398164, 0.510569718801, -0.463823512798, -0.621588365627, 0.631265120763,  
316, 1339322.49016414, 68.38048615563702, 107.94045169430451, 64.99866192142888, 45.5730300688642, 0.937271652371, -0.197896935133, -0.286981972825, -0.277839773346, -0.921280147175, -0.272117531166, 0.210539568748, -0.334783054359, 0.918473405443,  
340, 578931.2336057628, 51.7026484716314, 110.8082363021102, 80.78201227089983, 15.440155208952348, -0.827044871629, 0.419108527161, -0.374626244106, -0.201507354366, 0.401107508842, 0.893592498003, -0.524777635241, -0.814531036125, 0.247280457659,  
361, 3555647.4945306387, 94.68402173492301, 139.91176902767165, 89.60429271656949, 67.70909755424063, 0.25411944795, -0.59318406911, -0.763908349429, -0.854357527988, -0.507875248394, 0.110163271734, 0.45331724051, -0.62465621923, 0.635852252677,  
362, 1072124.5965023146, 63.49198185204773, 122.6252000698665, 76.82293048925649, 27.16977560631874, 0.709699920647, -0.555860883086, -0.432833341239, -0.605657763703, -0.795225905052, 0.0281856914278, 0.359867608851, -0.242145490541, 0.901033221092,  
363, 2486586.560928968, 84.0436665394992, 133.67295471867678, 93.86451577255846, 47.31185551715637, -0.809291465369, 0.53346599046, 0.245888920254, 0.539985567892, 0.510866533854, 0.668902811368, -0.231220480385, -0.674113804643, 0.701503861601,  
378, 369632.716914341, 44.52055794444074, 136.12571114637427, 32.43785047295463, 19.984328780537176, -0.334919110231, -0.856219767136, -0.393340691981, -0.462437008236, -0.214351962943, 0.860351817221, -0.820963582028, 0.470043557926, -0.324157138802,  
408, 1264097.1566542073, 67.07550458343188, 94.9583697457215, 68.77383827665483, 46.20993228497195, 0.214483736173, 0.0522978420816, 0.975326439009, 0.906751639848, 0.360495622782, -0.218733558442, 0.363040205143, -0.9312936388, -0.0298992939804,  
416, 3379995.8313328847, 93.09846457564383, 138.0929820934661, 87.1493965760318, 67.04888540832998, -0.589776616549, 0.807112047114, 0.0270866383304, -0.178627432325, -0.16309087327, 0.97030593499, 0.787563193016, 0.5674253347, 0.240359536002,  
418, 1076207.2091751143, 63.57247151404086, 106.4621402996647, 82.8817443966734, 29.11744150591869, -0.308523924781, -0.128006297624, 0.942564255426, -0.860880662653, 0.459051729677, -0.219444740541, -0.404595443015, -0.879139293428, -0.25182658764,  
434, 1138522.3614940988, 64.77652585434579, 135.60098049780575, 57.858549447297754, 34.6435656096456, 0.26799318945, -0.727309224278, -0.631823505964, -0.749485636697, -0.569459528877, 0.337619794083, 0.605351906575, -0.383062837209, 0.69771909244,  
435, 160929.64069138182, 33.74290563906808, 119.91007827834314, 61.511476870024715, 5.2087749222517665, -0.477916972432, 0.676627954293, 0.560151746342, 0.866364021764, 0.468313412939, 0.173481783061, 0.144943952113, -0.568205208292, 0.810021044181,  
447, 1428622.0446450678, 69.86766769757247, 111.61782658282333, 82.18441087875975, 37.17968705490747, 0.635738392166, -0.7391764577, -0.222384489362, -0.611042175136, -0.657953409976, 0.440141761829, 0.471661061496, 0.143928713894, 0.8699542335,  
453, 713538.7349994248, 55.43401243737803, 105.42966114394495, 70.95510661996506, 22.77101960177944, 0.463501138943, 0.878209468733, -0.117961108957, -0.482448244447, 0.361776514497, 0.797722661699, 0.743243153772, -0.312835232329, 0.591374442959,  
471, 890615.5265629395, 59.685277527913016, 97.248675602314, 50.40275353473823, 43.377417696249786, 0.181262496208, 0.132327225488, 0.974491361102, 0.78938783139, 0.57140269977, -0.224423274973, 0.586524303949, -0.809931145277, 0.000883621861201,  
490, 1798524.8872645958, 75.44132037588531, 113.73122337250916, 85.30828018244343, 44.2544497386841, 0.286265234418, 0.738617979742, 0.610324254446, 0.745048482, 0.228920374839, -0.62649678487, -0.602457446657, 0.634065408286, -0.484774259819,  
498, 2104677.5481848195, 79.49972986800698, 121.379529251748, 100.7348123966183, 41.093386049561786, 0.325059992497, -0.343810656632, 0.880982538797, -0.600873120814, 0.644274630473, 0.473140246874, -0.730265358593, -0.683157692568, 0.00284132432792,  
539, 2429424.037656377, 83.39465921518787, 119.29477391224205, 104.98630432503317, 46.30849302123336, -0.667431181855, -0.702697116041, 0.246479980112, -0.737653965889, 0.578542323075, -0.348073852824, -0.101991392263, 0.414132277805, 0.904484500909,  
594, 1226613.593747793, 66.40585733208364, 126.73829577775075, 81.09421959770842, 28.491899405462753, -0.935511180787, 0.245547164802, 0.254018543575, -0.00465614887434, -0.72750073318, 0.686091104373, 0.353266402167, 0.640663151024, 0.681728374076,  
624, 798443.7591160432, 57.55087183509653, 106.45526831881728, 94.2816905710115, 18.99158454307555, -0.18881711751, -0.541221879618, 0.819406476151, 0.824512342278, -0.540612991195, -0.167083784917, 0.533411186203, 0.644062474278, 0.548321106342,  
628, 1543946.9192304157, 71.69924545996724, 135.1529520572717, 75.6914316260332, 36.03060049523399, 0.327626889342, 0.455883435126, 0.827545113549, 0.843247531787, -0.536145754591, -0.0384880496937, -0.426138735056, -0.71043509444, 0.560078347263,  
633, 824144.1445593885, 58.16184696474949, 132.03275393542106, 101.72122932937388, 14.649448862140403, -0.503381102369, 0.630746820353, -0.590564064596, -0.165845035547, 0.600236619647, 0.782439406356, -0.847999345496, -0.491807329195, 0.197541542437,  
664, 1533043.6072964473, 71.53006720276066, 123.41761029339489, 72.08571957568806, 41.1376546672386, -0.454297712742, -0.420524894171, 0.78534858603, -0.873372356979, 0.384011800601, -0.299592495007, 0.175597022363, 0.822005930867, 0.54173050067,  
667, 853358.5039870145, 58.84112539855722, 80.65128052678364, 61.245145179029244, 41.24392379479663, -0.9030917653, 0.426805474408, -0.0475641720374, -0.00928287748859, 0.0913297542944, 0.995777437064, 0.429347285577, 0.899719935866, -0.0785171660998,  
707, 839166.8008886488, 58.51311627003598, 101.6153375219356, 77.28421370002287, 25.50995120615856, -0.0425396178533, -0.967100798582, 0.250811535409, 0.929734414683, -0.130223191385, -0.344435536173, 0.36576536067, 0.218535959985, 0.904686539707,  
737, 1084544.387025564, 63.736210805855826, 92.69733683540237, 63.99113058594454, 43.64873695831753, 0.951927013877, -0.296486511047, 0.077011096719, -0.234227143139, -0.542480329488, 0.806754446864, -0.1974148061, -0.78600944071, -0.585846868599,  
779, 331617.53812598955, 42.938772714967776, 103.448128177151, 42.00736058559419, 18.21800638751221, 0.620075155492, 0.545167255757, 0.564180347754, 0.34275936777, -0.83510722535, 0.430246368926, 0.705707317056, -0.0734069848074, -0.704690426524,  
781, 1650562.7643444417, 73.31302588425802, 113.95292292226657, 84.64495086035929, 40.852337160110025, -0.0299172121735, 0.483725868739, 0.874708090924, 0.818860316961, -0.489981970767, 0.298973994904, 0.573212649653, 0.725208213023, -0.381445023617,  
848, 3425540.366578705, 93.51475924568273, 125.54562454477724, 117.02875866427617, 55.66039709431963, -0.385262759135, 0.786080851848, 0.483373045155, -0.122154263592, -0.562640004112, 0.817627397816, -0.914686253483, -0.255955308856, -0.312787367965,  
872, 562565.0934795901, 51.21077999197769, 92.9158382022473, 87.25706290573146, 16.56509124327367, 0.0329608292577, -0.377722505336, 0.92533199053, 0.262544298489, -0.890048489547, -0.372671675319, 0.96435681937, 0.255224205782, 0.0698321538918,  
873, 1703287.0148960787, 74.08547597390887, 159.75232962414458, 75.27412801913397, 33.81475871534881, -0.15485706014, 0.346777281814, -0.925075568666, -0.236133821217, 0.896238573477, 0.375495989178, 0.959301886479, 0.276589833922, -0.0569030260066,  
918, 2203253.597657878, 80.72200853797096, 134.2252700706711, 83.02806911278311, 47.19724557645471, -0.507414876285, -0.398720119151, 0.763906021647, 0.201261340923, 0.807151713372, 0.554977462831, -0.837868734334, 0.435348570899, -0.329313840951,  
933, 2426518.8930024575, 83.36140439423976, 116.72138648369092, 79.88949361094235, 62.12336355195776, -0.767325608847, -0.134344480388, 0.627027089205, -0.601281290408, 0.490576977303, -0.630709948507, 0.222872653802, 0.860979552562, 0.457211100323,  
940, 1709838.6913597763, 74.18034412195642, 151.339563878709, 78.7505086397891, 34.25000864293481, -0.42440638266, -0.905264398566, -0.0193801714561, -0.899053957007, 0.418757902572, 0.127842877873, 0.107616005998, -0.0716811531818, 0.99160506631,  
959, 514844.9197112196, 49.71978867876586, 87.6396988776725, 51.46745706507988, 27.249230007786903, 0.256058062094, 0.953220736089, -0.160637782374, 0.605249450247, -0.0285219058338, 0.795524734916, 0.753728977691, -0.300926451441, -0.584239590417,  
1006, 352713.13395191636, 43.83062607580627, 140.73164486695566, 57.766016829697655, 10.357831371523085, 0.512193863345, 0.847060685368, 0.141935343221, 0.417682232894, -0.390063090853, 0.820604860745, 0.750465854437, -0.361024902822, -0.553590119914,  
1041, 2274425.496569186, 81.58200388846484, 105.35789565359593, 86.13649708698068, 59.83135133690274, 0.772212590981, 0.621592091539, -0.13157122051, 0.354112952895, -0.249119329571, 0.901411990283, -0.527533630134, 0.742672761969, 0.412486893983,  
1068, 93154.71455656787, 28.121516910048538, 120.75822891682728, 43.837357794041466, 4.201023637694051, 0.425994732733, -0.0875335220685, 0.900481188142, -0.368741947051, -0.925686825626, 0.0844587316242, 0.826170602339, -0.368024161403, -0.426614993237,  
1113, 2750045.090678857, 86.91279873448488, 135.06645730437845, 101.14565135494031, 48.05698063994409, -0.925686054329, -0.0827084045387, 0.369140418593, -0.339683255299, -0.247742221362, -0.907325232662, -0.166495089688, 0.965289133666, -0.201236859289,  
1126, 2027965.7717301934, 78.52187662895652, 129.2222109341315, 86.49190362893167, 43.31710144972006, 0.814320728881, -0.279716308918, 0.508567141132, -0.506390700352, -0.770578258906, 0.387011118055, -0.283637460698, 0.572684846514, 0.769143587025,  
1162, 2701187.686354597, 86.39502155534281, 123.34155583394667, 83.36012969380197, 62.71888774858211, 0.714813659207, 0.699039589845, -0.0196235684935, -0.23974494648, 0.271322404377, 0.932151550726, 0.656935151479, -0.661610009531, 0.361536169753,  
1164, 2057021.481795307, 78.89510756238937, 138.7614328406201, 91.84914409398729, 38.53064937947388, 0.160956773291, -0.8626007088, 0.479596637091, 0.770903147674, -0.193546840558, -0.606834373958, 0.616280174952, 0.467396659901, 0.633828926663,  
1185, 512938.60903860204, 49.65834714341355, 145.66063355006483, 44.846495423828, 18.745890487466326, 0.687459283693, -0.658305540212, 0.306648901824, 0.443206846657, 0.714811358809, 0.540936606632, -0.575297683239, -0.235962999311, 0.783169227317,  
1216, 2619081.874558571, 85.51063967305693, 126.94223788658445, 91.24641305809546, 53.980700283305225, -0.711598302074, -0.263858572825, 0.651157822676, -0.701261723192, 0.323627714944, -0.63521421403, 0.0431260022688, 0.908649412957, 0.415326849916,  
1232, 1055781.4867116192, 63.16771167326152, 122.29050473062924, 69.88979887790552, 29.490280596833877, -0.282617290661, 0.850852344492, 0.442919580615, 0.957520521985, 0.277814461452, 0.0772889059628, 0.0572880179134, -0.445947769229, 0.893223751433,  
1245, 1711975.1974676384, 74.21122828142241, 136.03401002637202, 60.49126703271253, 49.667085670967126, -0.635382567209, -0.311664092566, -0.706508660026, 0.344777394305, -0.933171520104, 0.10158475497, -0.690954080719, -0.179043032456, 0.700375649824,  
1267, 2939426.1444266383, 88.86375235468715, 125.91424470809314, 97.43579350047318, 57.197961659519265, -0.8901247272, -0.125507800117, -0.43809332583, -0.110853230638, -0.872820771109, 0.475284612393, -0.4420288806, 0.471626646438, 0.763006405665,  
1288, 1898666.4643350118, 76.81629505527212, 105.3530841513823, 76.02278509012847, 56.59382409125636, 0.0213465470105, 0.586619571906, 0.809581251505, 0.167360033039, -0.800436150952, 0.575580218206, 0.985664722039, 0.123204894814, -0.115263218861,  
1290, 608229.9299987247, 52.560528808262546, 130.47137536278868, 63.46774873891903, 17.535204846462577, 0.137255298449, 0.978770543238, -0.152214344714, 0.749753169161, -0.203081099483, -0.629784290346, 0.647326168466, 0.0276819566109, 0.761710273593,  
1300, 2262956.2330197124, 81.44464132925846, 121.55701740906775, 94.65463580040502, 46.95324593629583, -0.6804870339, 0.123357655592, -0.722302073582, -0.242649192898, 0.89217820057, 0.38097168873, -0.691417938645, -0.434512309647, 0.577183061849,  
1319, 734298.9773194857, 55.96649440457124, 98.11525519699241, 58.1480473338486, 30.726467992392706, -0.885076387774, -0.46514577219, 0.0167092315295, -0.459077268669, 0.866485206904, -0.196090406721, -0.0767323217141, 0.181225817229, 0.980443447616,  
1330, 2449703.7777369847, 83.62606356396857, 123.6804293679906, 86.0134190543627, 54.97405429457818, -0.879169481782, 0.157111499191, 0.449863311602, 0.433607249728, -0.127718370219, 0.892004916406, -0.197600038681, -0.9792874934, -0.0441614082949,  
1362, 3016227.1923863385, 89.63104927182076, 155.84901761977062, 87.98062831039171, 52.51511409973721, 0.824780375909, 0.561513615158, -0.0666317605005, 0.206360751381, -0.189194140081, 0.960010842464, 0.526452820113, -0.805548283687, -0.27191798551,  
1364, 700324.2668879819, 55.089672259915965, 124.08204366302807, 65.05690408031774, 20.711341800915193, -0.694237305486, 0.273091897323, 0.665924454641, 0.671792978446, -0.0862015529079, 0.735706114143, -0.258319100693, -0.958118003115, 0.123616885273,  
1369, 1279024.5123391235, 67.33849712523522, 91.52219295129834, 83.01617932316266, 40.18843542012058, -0.430117687682, -0.0275747128478, 0.902351599962, -0.494873238815, 0.843178211228, -0.210121349737, -0.755049172072, -0.536926567905, -0.376311849974,  
1418, 1407232.2733853885, 69.51721938165781, 118.83030676386231, 79.91514371240012, 35.37698963009115, 0.811281194025, 0.578464048738, 0.0848655910172, 0.416884295636, -0.674121836069, 0.609727180128, -0.409915001278, 0.459281062589, 0.788054945594,  
1423, 723304.5031433922, 55.68576451969234, 123.91348646389078, 52.508580767077575, 26.538947967819865, 0.640758060783, -0.318994568897, -0.698334857039, -0.68291030653, -0.65243397117, -0.32857788498, 0.350802823216, -0.687438999677, 0.635897004983,  
1441, 2601450.0090870797, 85.31831933283453, 108.20119256966996, 86.84134960739479, 66.09494775557067, -0.641453811165, -0.242442246856, -0.727845289248, -0.738970408196, 0.450098160996, 0.501332605442, -0.206057622895, -0.859437840921, 0.467874826892,  
1473, 1037551.5537773217, 62.80203143526965, 136.6969907729888, 53.21955236269484, 34.0479449667716, -0.105537461527, -0.780310383771, -0.616423190019, 0.120455778987, -0.625351948367, 0.77098984817, -0.987092827207, 0.00711657589936, 0.159990952321,  
1482, 1264837.3664435581, 67.08859436241892, 112.34991820390464, 71.6277960073792, 37.52249680472535, -0.843625899988, -0.190933288999, -0.501836447482, -0.532580448534, 0.416306718722, 0.736917079315, -0.0682158831136, -0.888950614544, 0.452894466948,  
1495, 313828.21357683075, 42.15681498377149, 68.70223273182785, 58.26852052039809, 18.715374973941337, -0.784804373904, -0.600351723597, 0.153817757999, -0.610257967411, 0.791869766442, -0.0229670678624, 0.108015313324, 0.111893167662, 0.98783227884,  
1501, 2942175.6993741174, 88.89145159632751, 123.47434225228788, 104.93182751069459, 54.21207579037971, -0.427497149204, 0.428720292746, 0.795892642264, 0.72557875795, 0.687871321856, 0.0191966293661, -0.539241739329, 0.585689299164, -0.605133366631,  
1521, 231117.19462932023, 38.06985441331137, 113.07400343429252, 38.92818641191512, 12.53477976608012, -0.57491349191, -0.79139273238, 0.207778776483, -0.816423482078, 0.571642127455, -0.0817188841721, 0.0541033707968, 0.216616761253, 0.974756381879,  
1539, 3628221.3987281364, 95.32388272862465, 114.86945818676341, 106.1779750358211, 71.01762756178898, -0.285647985159, 0.953006209428, 0.100917755458, -0.410982557295, -0.0266890046233, -0.911252453841, -0.865735852425, -0.301772864625, 0.399292589465,  
1550, 1832562.083999688, 75.91425991497763, 128.65002782353966, 68.4690211156521, 49.66678907042383, -0.592506348565, 0.35346292414, -0.723878572806, 0.801623916794, 0.169918682018, -0.573172519863, 0.0795947418757, 0.919886733658, 0.384022231526,  
1553, 1329957.6349255089, 68.22073580165817, 126.61185609287676, 80.12151275575911, 31.298655484520854, 0.686699771659, 0.58943703908, 0.425449645157, -0.281208212254, -0.324302219613, 0.90318880181, 0.670347197327, -0.739859478086, -0.0569437241606,  
1554, 1523580.7095571854, 71.38258733217796, 138.4883219199707, 67.47646096066408, 38.92345712281299, -0.216549222712, 0.746659069847, 0.628972708118, 0.065689490544, -0.631656024924, 0.772460715512, 0.974059199933, 0.208592664282, 0.0877369673104,  
1556, 1367654.1929329112, 68.85929373491594, 138.43919619283454, 66.68573741161342, 35.36679173379378, -0.514480754913, 0.49489138149, -0.700279996395, -0.22942758278, 0.707435807537, 0.668503973417, 0.826239999688, 0.504595975748, -0.250420374921,  
1559, 357241.55627677083, 44.01740691074183, 114.71777805912541, 44.369108611828004, 16.755675191554232, 0.0693755925099, -0.752269142456, -0.655193226821, -0.394272051497, -0.623980257072, 0.67468376903, -0.916371418461, 0.211517791433, -0.339887698123,  
1583, 2509222.879174919, 84.29792343427961, 125.38872973506044, 95.5637853345772, 49.99180097797145, 0.333744586847, -0.4737625484, -0.814962329487, -0.889669723879, 0.127481243577, -0.43844761939, -0.311612472734, -0.871376830234, 0.378946020651,  
1588, 1207029.9209436805, 66.05055566074215, 126.58844084898725, 75.13701968465313, 30.295729260854177, -0.781981538486, -0.175577876774, -0.598061269984, 0.0627299371439, -0.976802737865, 0.204747078819, -0.620136943306, 0.122592089821, 0.774855696927,  
1595, 1217276.5210973478, 66.23693256267659, 101.75577535124978, 76.50574579552305, 37.329099645788645, -0.944430706862, -0.231396879923, 0.233465466179, 0.114382691029, 0.434513670113, 0.893372526149, -0.308167551714, 0.870432854646, -0.383900254785,  
1609, 1994256.8136930654, 78.0843785842494, 101.18445845068015, 78.52253070551004, 59.92173444093342, -0.402925084951, -0.870428736717, 0.282851887414, 0.0263112812747, 0.297905014523, 0.954232843073, -0.914854683759, 0.391926544927, -0.0971313079627,  
1688, 2631470.008050872, 85.64524809329552, 128.69632641453236, 87.2132348800173, 55.97076843261909, 0.255151010733, -0.931389196174, 0.259638454341, -0.523818816764, 0.0925557470106, 0.846786443502, -0.812718776039, -0.352061924874, -0.464263494288,  
1704, 1214367.8982332358, 66.18413384730616, 113.38709922418873, 74.81931399546676, 34.173094065173615, 0.72387753599, 0.0978088958147, 0.68296027175, 0.50157751846, 0.60509729592, -0.618285739319, 0.473731259118, -0.790120675827, -0.388957596359,  
1705, 1610846.6331122373, 72.72022179421205, 115.80332010848443, 81.36606052653617, 40.81325983314522, 0.110609818169, -0.272577379072, 0.955754696846, 0.322032597485, -0.899944685207, -0.293929531901, 0.940244901226, 0.340295659662, -0.0117639165948,  
1752, 2408650.7216411326, 83.15628379772896, 111.9253893306365, 95.02350475060614, 54.06616432413302, -0.968409333391, 0.24609108206, 0.0402807935801, 0.242641917064, 0.892663509032, 0.379837807132, -0.0575175024207, -0.377612286576, 0.924175685647,  
1765, 375602.01931039884, 44.75893761752456, 82.874230475911, 49.60055035826872, 21.81389935072617, -0.681984878647, 0.204926160811, 0.702069721547, 0.696999057478, -0.10869493905, 0.70878609192, -0.221560238245, -0.972723331087, 0.0687050361203,  
1767, 1086429.3685577891, 63.77311479529296, 127.75188109021957, 52.14592280947344, 38.93365952403327, -0.658237214154, 0.444022996348, 0.607920511758, 0.0293261172489, -0.791797380757, 0.610079410138, 0.752239156618, 0.419404919548, 0.508169031631,  
1789, 1469661.725947496, 70.53038560993724, 99.22158091826763, 69.29075892619879, 51.03255522833519, 0.31616350367, -0.687636656549, -0.653602683223, -0.360797422755, -0.72432668525, 0.587516870199, -0.8774200013, 0.0500667714652, -0.477103196085,  
1802, 2770138.4478750145, 87.1239630024148, 144.83514288708412, 103.66594575156775, 44.045627289418455, 0.617940758596, 0.776597171766, -0.122662348217, 0.377670916205, -0.156363511858, 0.912641841695, 0.689575157556, -0.610284593418, -0.389921552518,  
1823, 2247570.2994314167, 81.25963958032905, 132.1128135804163, 79.26864013124292, 51.236366737936265, 0.388316945447, -0.765551328405, -0.512972819412, 0.300413747139, -0.421082843114, 0.85582756427, -0.871183981951, -0.486436432447, 0.0664685397754,  
1824, 1975154.1932722672, 77.83425961230586, 140.19351823777174, 76.56875486414636, 43.92713474429578, 0.65851208194, -0.724661149181, -0.203046932522, 0.327996324539, 0.0335276893646, 0.944083844335, -0.67733318908, -0.688289265435, 0.259764581993,  
1853, 2014249.8093367077, 78.34445082990123, 117.25360010717864, 72.60575634085669, 56.48426502078465, 0.154305044724, -0.0234637631128, 0.987744605145, -0.886059880482, 0.439023808657, 0.148848861708, 0.437135952962, 0.898168997045, -0.0469532892906,  
1869, 1722571.8628123256, 74.36402928603152, 135.30153404887005, 97.87359273084174, 31.054210204756284, 0.0606184549151, -0.800844815634, 0.5957960928, 0.827530566767, -0.29344172785, -0.478628366714, 0.558138481015, 0.522053190421, 0.644935580024,  
1872, 1869032.4007509113, 76.414552411201, 133.9083137553759, 88.32541549527737, 37.7254987939691, 0.552844835141, 0.295751971924, -0.779033606054, -0.699273995264, 0.673110388994, -0.240703726137, -0.453187011956, -0.677829753944, -0.57893726505,  
1873, 3297171.9943711003, 92.33173526538158, 142.854155346677, 76.79580064810233, 71.75012182807261, -0.405677449781, 0.863322687325, 0.300166194446, 0.894645269486, 0.307804182435, 0.323830861812, -0.187178119782, -0.399913144101, 0.897236774018,  
1874, 389662.7419952787, 45.310628990666785, 88.57600382313898, 72.9466728321777, 14.397222021532546, -0.613914432068, 0.68877121973, 0.385620638673, 0.321395971436, -0.228088460373, 0.919064896397, -0.720981067466, -0.688164123677, 0.0813414976508,  
1885, 2681014.685178921, 86.1794122497898, 125.8518000611434, 74.73840786676003, 68.04673783328748, -0.732775637113, -0.5266471783, 0.430909056813, -0.591401516207, 0.80611710507, -0.0204807114729, 0.336577052519, 0.269848035944, 0.902162915007,  
1900, 1194550.6111662984, 65.82213756492632, 142.14558183920215, 98.14345876800608, 20.44189817719859, 0.41714470628, 0.847349103159, 0.328618002243, -0.62746815589, 0.00693849400367, 0.778611309092, 0.65747548043, -0.530990917697, 0.534578935197,  
1912, 1578136.020665571, 72.22462148073171, 125.02529372813282, 78.11219628271604, 38.57794510387685, 0.68195500252, 0.710864743124, -0.172071762705, 0.652576482829, -0.485147703411, 0.582044362513, -0.330274595747, 0.509218050405, 0.794742517138,  
1924, 2898433.550802142, 88.4487255627951, 122.23364083470149, 86.92383187142947, 65.12460887336542, 0.680331691155, -0.175242374841, 0.711645206596, 0.558897538897, 0.752180876275, -0.34908089375, 0.474112150262, -0.635227549329, -0.609675019619,  
1934, 1067954.3073122737, 63.40955238477946, 121.38061785206737, 47.55303246271095, 44.170925746212866, -0.727698487463, -0.473951668371, 0.495807147379, -0.662012384904, 0.29622862077, -0.688468014123, -0.179428296477, 0.829227604633, 0.529326993585,  
1943, 1379102.0735196061, 69.05088789952401, 114.408146310214, 90.40530254065183, 31.83148862460711, -0.832976963061, -0.27834213449, -0.47819978584, 0.0534585887443, -0.900698483045, 0.431143157119, 0.550719128322, -0.333568431972, -0.765140864738,  
1961, 976481.9843060026, 61.54487235353171, 130.63420222238736, 56.23333005835749, 31.734007925446132, 0.433994121926, -0.304334370238, -0.847956185912, -0.8313688197, 0.227333186908, -0.507095166375, -0.347095070211, -0.925040654902, 0.154352839342,  
1986, 2488946.821243522, 84.07024946038005, 112.98694051103485, 76.57570658917918, 68.67643559059528, -0.914601055585, 0.211649290064, 0.344542431549, 0.385213554362, 0.196984177973, 0.901558512335, -0.122944811432, -0.957288781739, 0.261692112411,  
1991, 535110.5999819646, 50.363779619896384, 126.18410958769057, 48.79093409860328, 20.749667626680083, 0.43325251991, 0.73200612708, -0.525793955755, 0.778222284995, -0.598103385312, -0.191422087588, 0.454601285886, 0.32625047187, 0.828793279699,  
2009, 1385580.8218217525, 69.15884814712001, 117.41101570555954, 92.26390274766038, 30.53532789463765, -0.242210751362, -0.950696031195, -0.193677588261, -0.746964139445, 0.310116285975, -0.588109227573, 0.619175682911, 0.00222383515194, -0.785249341451,  
2019, 2440584.0317079285, 83.52216027778198, 124.660506569926, 94.74775635813143, 49.32957049883115, 0.257737119298, -0.960721091785, 0.102891015815, -0.578001753682, -0.0679713991681, 0.813199767361, -0.774264522031, -0.269062953032, -0.572817228467,  
2039, 1986689.297759663, 77.98548563973183, 139.38548191601618, 84.62553687839839, 40.20891600171434, 0.00708639545144, -0.421529583645, 0.90678696126, 0.734180987682, -0.613470644103, -0.290915874697, 0.678916828725, 0.667807291766, 0.305131710476,  
2042, 273184.6396127883, 40.252162975563245, 153.5493678989332, 48.56368438005072, 8.745970464243484, -0.619649979325, -0.552720481909, -0.55725575098, -0.0196654618686, -0.69883383461, 0.715013665054, -0.784631870836, 0.45401689449, 0.422162867607,  
2052, 1975876.9166770333, 77.84375183011443, 125.00467484714152, 83.51740429320924, 45.182268847976424, 0.107744422584, 0.0657343175526, 0.992003094198, 0.802492307846, -0.594748672006, -0.0477505287477, 0.58685367448, 0.801219705601, -0.116832136445,  
2054, 1217724.4647857833, 66.24505637477016, 121.8996144669237, 51.39885252372245, 46.39857754563597, -0.121506844583, 0.355344159875, 0.926804518095, -0.038110220503, -0.934704504049, 0.353376712876, 0.991858708594, 0.00761696478276, 0.127115239192,  
2055, 2456257.779477996, 83.7005756075691, 114.43804589635964, 102.29178062202175, 50.09266784223342, 0.610345944747, 0.544626666817, -0.575203982534, 0.29880745335, 0.514204400253, 0.803932796061, -0.733615657926, 0.662552359103, -0.151104063127,  
2064, 2418837.8529244643, 83.27335245325344, 123.75364025805558, 81.34613811641029, 57.36185991650098, 0.728766144208, 0.328665009491, -0.600732235353, 0.555335912695, 0.229591614898, 0.799305770303, -0.400626922619, 0.916115168472, 0.0152008870848,  
2067, 1218849.6007424141, 66.26545281993407, 98.93646477376288, 73.1909272045849, 40.18351035086475, -0.959240172609, -0.218251129468, 0.179512494661, -0.211286877808, 0.975744273326, 0.0572797375836, -0.187659656079, 0.0170163908422, -0.982086704891,  
2071, 499788.2614429806, 49.23029982781011, 111.26122067324035, 48.195355056958896, 22.25094385257282, -0.0590297851094, -0.826498329805, -0.559835685983, -0.997075236666, 0.0760867508977, -0.00719574632303, -0.0485433507007, -0.557773535737, 0.828572402349,  
2075, 549014.5494474402, 50.79626125440027, 114.46321733426718, 65.82707861249855, 17.395011251517904, 0.829137432165, -0.132864445197, 0.543026848126, -0.389244766642, -0.834419548206, 0.390169872253, -0.401272513668, 0.534874804767, 0.743565271513,  
2080, 2245117.3726995047, 81.23006742439746, 127.88498856903941, 80.4021101165211, 52.12708331779632, -0.872702561736, -0.324569987716, -0.364752740652, -0.485887498522, 0.650763419364, 0.583455491702, -0.0479955989549, -0.686411899002, 0.72562740259,  
2082, 3964363.843278817, 98.18119168107992, 136.23232675272712, 107.10846920546673, 64.86059235883249, 0.383474639407, 0.60273759518, -0.699753236712, -0.501013842004, 0.772263818083, 0.390632468441, 0.775842980926, 0.200788412603, 0.598123467448,  
2107, 3316181.2608061912, 92.508836156875, 114.36175147473081, 97.17895105437226, 71.23552781036844, -0.407844804964, -0.861466331579, 0.302553093885, -0.00763165090278, 0.334569608511, 0.942340137618, 0.913019371628, -0.382019550044, 0.143026887037,  
2114, 1505253.7702644716, 71.0952149257332, 126.31800084790933, 88.05201725100075, 32.308482539317694, -0.239286547088, -0.161356668728, 0.957447635038, -0.629970304254, 0.776162247312, -0.026637973003, -0.738836493509, -0.609537686533, -0.287375093831,  
2116, 864250.7923823234, 59.09041757579991, 128.08880231804702, 59.31229381871295, 27.15784417838065, 0.777693541649, -0.432870934974, 0.455867863456, -0.391103274735, 0.234576581217, 0.889950591907, -0.492169669696, -0.870400241957, 0.0131314520286,  
2117, 423285.51145057054, 46.57808166764299, 93.75252523339937, 75.92732410613195, 14.19592595239749, -0.278745005681, -0.867202384407, 0.4126272486, 0.78991727403, 0.0373312589714, 0.612076038816, -0.546197694976, 0.496554530321, 0.674612241529,  
2128, 2258354.248891799, 81.38939481884498, 115.85435984007299, 72.70656740657314, 64.0055206234912, -0.498497244323, -0.322865598032, 0.804523649752, -0.853395430965, 0.345891372144, -0.389968456526, 0.152370390205, 0.880975007752, 0.447957922025,  
2135, 512941.4912889541, 49.658440154882456, 72.9532785308914, 52.99637179647426, 31.672932019743474, -0.351884682659, 0.775943943309, 0.523534303511, 0.926928152053, 0.366722814758, 0.0794894840101, 0.130312589732, -0.513249816345, 0.848288426762,  
2142, 2110208.0176348146, 79.56930288180124, 130.05959681554475, 89.70554681162861, 43.179236446002825, -0.739931409193, -0.224837638457, -0.633994910092, -0.672116570638, 0.285753322547, 0.683084441432, -0.0275830593587, -0.93155411812, 0.362554961144,  
2152, 1709797.4812185627, 74.17974815793714, 118.94272164611633, 81.49856028184898, 42.10835300850003, -0.111772869305, -0.984550178246, 0.134787878547, -0.992865009311, 0.116313566458, 0.0262721819219, 0.0415439402632, 0.130889651132, 0.990526122954,  
2179, 2736938.6156094135, 86.77450586430888, 148.65034865537615, 71.77938480849153, 61.23655969309889, -0.771132457512, 0.143239614393, 0.620352436797, 0.632550474069, 0.0616410347844, 0.772062355374, -0.072350747936, -0.987766569438, 0.138139688627,  
2188, 2033229.504253, 78.58975434779838, 136.25395729920834, 66.69325093454053, 53.4154365122754, 0.060961278825, -0.788574170701, -0.611910532502, -0.927716768174, 0.181426969733, -0.32622975447, -0.368273431749, -0.587567044648, 0.720513461021,  
2196, 2604130.2871827898, 85.34761047575215, 124.16027492123023, 77.80418695077918, 64.35591435399425, 0.803662803087, -0.382702179584, -0.455702908347, -0.424351373486, 0.168307746415, -0.889718165667, -0.417195410755, -0.908411550036, 0.0271375202774,  
2199, 1790823.3804543996, 75.33348327246317, 117.02898885896973, 70.16572096287753, 52.06497950297959, 0.719185498031, -0.55987109562, 0.411480954251, -0.334746285084, 0.239762252489, 0.911295224888, -0.608865456438, -0.793132030983, -0.0149812344194,  
2203, 2154300.6475845347, 80.11968520041461, 109.92646526612461, 86.87884082748087, 53.85194848574699, 0.590999695525, -0.5722189005, -0.568581471559, -0.741047673174, -0.663594108554, -0.102426584321, 0.318696887298, -0.481880056656, 0.816225400869,  
2205, 11647.36782027389, 14.061977339855078, 73.79661330077035, 8.438260261472958, 4.4652916862752, 0.729854059395, -0.485563251046, -0.48118746993, -0.441158727669, -0.872259183875, 0.211051873119, -0.522199223463, 0.0582429856656, -0.850832372231,  
2215, 1177140.6409155598, 65.5007965696968, 91.92983104197677, 68.64705259729385, 44.530891275532994, -0.672604773811, -0.646170397164, -0.360647523317, -0.739913500851, 0.594782030153, 0.314264773503, -0.0114380725793, -0.47822395845, 0.87816343357,  
2223, 1520279.338702847, 71.33099159444842, 113.54768050163612, 60.79631433253866, 52.57499803755813, 0.0495761299301, 0.684770576813, 0.727070467336, -0.770048135833, 0.489803655449, -0.408800987779, 0.636056660873, 0.539612487106, -0.551588875811,  
2225, 556817.4108573141, 51.035777152358705, 86.87952731525039, 47.09497121557733, 32.48869088883336, 0.220855280775, 0.947952792223, -0.22936531706, -0.45506282824, 0.308162134266, 0.835436365834, 0.862635941349, -0.0801349032645, 0.499437313355,  
2230, 2608408.8741288534, 85.39432695102133, 127.39587865702703, 96.70227282498809, 50.54695515270008, 0.612314582641, 0.694928675955, -0.377021202613, 0.300929441741, 0.236119696058, 0.923952899355, 0.731103496762, -0.679206613976, -0.0645449653597,  
2238, 2265361.7990552634, 81.47349018319905, 133.810224138242, 92.83602167083161, 43.535460639626436, -0.975757644853, -0.214663745691, -0.0426203566021, -0.181058160802, 0.682391817828, 0.708208549347, -0.122942917315, 0.698756669555, -0.704715656017,  
2242, 322396.81802942656, 42.53705112040688, 117.0043889518863, 67.32608672810505, 9.770496025519748, 0.629696761883, -0.776840428693, -0.000967689367215, 0.2685744756, 0.216533785488, 0.938605812255, -0.728937404124, -0.591296937325, 0.344990134321,  
2250, 2957400.119956491, 89.04451216527345, 145.4978631138485, 80.12668605505321, 60.560252973181406, -0.53875700523, -0.825492048155, 0.168237236509, -0.835991506983, 0.548552358065, 0.0144399000477, 0.104206955467, 0.132865303574, 0.985640766983,  
2253, 1017880.7853728749, 62.40261207917752, 87.40128738141567, 56.95696622258897, 48.8139136385942, -0.0132812859778, 0.934800431493, -0.354925007183, 0.0424208318996, 0.355163499921, 0.933841186361, 0.999011551717, -0.00265360221279, -0.0443720399753,  
2265, 2701358.8735616603, 86.396846605622, 141.18784925491323, 97.59404798111763, 46.802927617250255, 0.194591902424, -0.959527695038, 0.203569629281, 0.276156605437, 0.252734239688, 0.927287945227, -0.9412074802, -0.124225627564, 0.314159947593,  
2266, 3204094.8859562506, 91.45460671964672, 106.19144753563774, 101.85336122799393, 70.72156343724275, -0.281326469762, -0.0869404449841, 0.955665619575, 0.48206843408, 0.848299843619, 0.21908308967, -0.829738176942, 0.522330100934, -0.196737956133,  
2267, 145309.39786268002, 32.613822102809806, 99.53360131794345, 49.800869942837274, 6.998394927833981, -0.754990326904, 0.274440839715, -0.595543308063, -0.0731140166663, 0.867311275901, 0.492367232117, 0.651647103, 0.415275060884, -0.634746151591,  
2270, 2087531.9016798476, 79.28326083934232, 105.6683127317734, 88.85730296579459, 53.07702980740424, 0.513226740582, 0.707987556979, 0.485130839995, 0.399699466529, -0.697382019537, 0.594893818495, -0.759498946154, 0.111408877516, 0.640897349661,  
2272, 347738.95345876506, 43.623607565406964, 90.65674281666377, 71.75427042692074, 12.76194501320125, 0.0376023044023, 0.648975311413, 0.759879669342, 0.65233118708, -0.591985300592, 0.473304792123, 0.75700071933, 0.477895855871, -0.445606846754,  
2276, 1215114.1274330344, 66.19768779043017, 116.38347080150916, 76.49673116585659, 32.583240863224056, -0.458904305816, -0.508846365474, -0.728342099873, -0.880085859727, 0.147879577796, 0.451198969392, 0.12188403346, -0.848060732975, 0.51569106602,  
2277, 1125351.1509776844, 64.52576320630142, 118.89990298244469, 82.56195678896387, 27.3676793183397, -0.957949072202, 0.103229957942, 0.267725887524, 0.286787195898, 0.37472787633, 0.881664404958, 0.00931017382779, -0.921369955276, 0.388575251629,  
