# Void_ID, Void_Volume, r = (a*b*c)**(1/3.0), a, b, c, vector_a, vector_b, vector_c 

22, 3031066.9044750645, 89.77780253670889, 117.32813330206609, 91.50824713929771, 67.39761304346437, -0.760199404128, 0.271095351548, -0.59042711348, 0.0516486383467, 0.931124012194, 0.36102699632, 0.647633603297, 0.243957751023, -0.721841625009,  
24, 1187059.5897676698, 65.68425884224665, 106.04513145758983, 74.23239138804495, 35.99976992719262, 0.783592633294, -0.213171348162, 0.583558532942, 0.278570544685, 0.960132422123, -0.0233277435956, -0.555320661133, 0.18084166641, 0.811735951532,  
30, 2123084.881308146, 79.73082345081984, 121.0487215569036, 81.47332106990974, 51.39289963344305, 0.160113124068, -0.708764289309, 0.68703491156, -0.343905012102, 0.612352324989, 0.711866541377, -0.925253008724, -0.350253925434, -0.145701947708,  
38, 2140069.1076056072, 79.94286887423368, 132.33933312662998, 68.37633141347489, 56.46046502709108, 0.369242306047, -0.928817478571, -0.0309549822586, 0.42892445443, 0.140776648816, 0.892303618473, -0.824429458363, -0.342753594656, 0.450373224707,  
40, 1172644.1071992803, 65.41728846360243, 87.22328653788387, 83.91839041065046, 38.246176435280574, 0.508732528012, 0.153431612127, 0.847142228521, 0.860552039435, -0.119571855902, -0.495129032375, 0.0253259228287, 0.980898216777, -0.192865979261,  
48, 3247775.476400222, 91.86832461267848, 126.68411991116594, 103.63594227413711, 59.05610632586054, -0.594946342462, 0.689504280164, 0.413065003634, -0.400313191965, -0.699827635125, 0.5916000587, -0.696985077265, -0.18661492103, -0.692377551137,  
74, 1204905.405477388, 66.01178063812756, 104.66713932355675, 71.41777139541142, 38.481119226988746, 0.375015744221, -0.906277428842, 0.194998496298, 0.297977786259, 0.317033921216, 0.900388100596, -0.87782255068, -0.279554493382, 0.388943253891,  
96, 1945415.8467699338, 77.44165279225949, 141.6699848260406, 91.83708597243617, 35.696685876677485, -0.85245336628, -0.0198190435622, 0.522427472315, 0.494797698888, -0.353256046085, 0.79396813732, -0.168814974136, -0.935316722515, -0.310940722793,  
134, 59725.45504200826, 24.24880192332154, 59.980885125384034, 23.61884589052773, 10.064664795439347, 0.49582097661, 0.459923146218, -0.736635770735, -0.438261010187, 0.864822278667, 0.244968800608, 0.749725847295, 0.201378067066, 0.630363409473,  
141, 877120.1615910103, 59.38227449584176, 137.0614045637984, 40.529505442374294, 37.69502209485964, -0.167759053381, 0.603560105939, 0.779469113261, -0.277580885126, -0.787603777893, 0.55011738862, 0.945941727709, -0.124078554024, 0.299664412652,  
151, 1110222.6784952313, 64.23531059140379, 90.1960346308494, 76.91171973315592, 38.20687506089701, -0.244810397573, 0.949528326044, 0.196121970416, -0.502237584792, 0.0488335720701, -0.863349691991, -0.829352324204, -0.309856806087, 0.46493384697,  
153, 1161893.6262059954, 65.21676514879735, 127.93071812945837, 59.15226619849859, 36.65485742389615, -0.817938129476, 0.574843360957, -0.023072206516, 0.185050276649, 0.300855417751, 0.935543912771, 0.544732605469, 0.760947519856, -0.352456040613,  
161, 757576.2552406484, 56.55173257331771, 109.72878097393095, 55.910673483711065, 29.479659750388773, 0.633141636736, 0.0297924167774, 0.773462397104, 0.657273836117, 0.50706455825, -0.557563124788, 0.408806521704, -0.861393026249, -0.301461908278,  
163, 1162114.243304094, 65.22089261296425, 127.08562710747972, 56.23357642709339, 38.82112111187839, 0.583218162579, -0.258432691589, -0.770109809544, -0.479546390122, -0.874750322911, -0.0696213493657, -0.655661371867, 0.409907814618, -0.634100740384,  
175, 1526452.587062569, 71.4274101135557, 95.10913902043096, 73.16411327689492, 52.36900787112789, 0.694433562827, 0.717908903766, 0.0486706555643, 0.609348526661, -0.550752173113, -0.570408990871, 0.382696224016, -0.425768540059, 0.819917526597,  
180, 749615.1330558605, 56.352940008692954, 110.6007039391079, 56.099577320401885, 28.842457135884214, 0.0454383368521, 0.851699224857, -0.522057264984, -0.955490578983, 0.189549105636, 0.226072753837, -0.291501476873, -0.48854842844, -0.822403381589,  
193, 417736.1631106396, 46.373636632278924, 102.43830787577967, 46.645568561273095, 20.87087596676326, -0.114832460658, -0.334765825222, 0.935278219699, -0.993357521399, 0.0456835470616, -0.105611780628, 0.00737161167032, 0.941193314783, 0.337788104512,  
209, 1197315.0496050073, 65.87287381678665, 141.2905249122742, 78.32192346287171, 25.829943070179848, -0.969231937143, 0.20833607542, 0.131093599008, 0.211790350715, 0.977230945288, 0.0128268045408, 0.125436435561, -0.0401965079227, 0.991287012618,  
212, 1470340.5429118637, 70.54124295033054, 132.6016871591369, 68.36213691591267, 38.72261191533796, 0.193940571397, 0.496039572189, -0.846363868315, 0.72145973842, -0.65672147205, -0.21957402849, 0.664742732646, 0.568033142493, 0.485237517535,  
230, 1869075.5849667257, 76.4151409291077, 121.56656195958178, 62.06236420584981, 59.141972510193476, -0.550003665939, -0.312500818444, -0.774492870158, 0.042326168305, -0.936594465311, 0.347849540787, -0.834089001804, 0.158537207055, 0.528357351656,  
245, 450180.2804913736, 47.54439069186282, 141.7552146138621, 31.737596943525073, 23.888274112452102, -0.253497011995, 0.858542727058, 0.44569457112, -0.00346000655587, -0.461546037908, 0.887109510289, 0.96732998158, 0.223337504032, 0.119971104972,  
259, 2230038.0621895655, 81.04779840636627, 111.73449303726169, 89.18157206502552, 53.42706042235964, 0.168885525698, 0.132941241319, -0.976629052182, 0.137466184573, -0.984354773066, -0.110221272183, 0.976002421774, 0.115638692051, 0.184518198539,  
264, 628964.8910269983, 53.15114175102069, 108.29638033278599, 73.98122363923429, 18.741413510894123, -0.633878250841, -0.745498182945, 0.205987432475, 0.0470274576709, 0.228686023147, 0.972363677356, -0.772001801382, 0.626047252245, -0.109900212102,  
290, 2515419.681541802, 84.36726072350271, 125.53479457798475, 103.38340041777482, 46.27079022165698, 0.768594688383, -0.0372120649402, 0.638652853444, -0.0814831210425, 0.984481503777, 0.155424160625, 0.634525575509, 0.171497612064, -0.753635099422,  
358, 1057598.3856640533, 63.203926103927465, 122.42012744915188, 66.16599136401126, 31.17055382594949, -0.0704232221203, -0.564540421882, 0.822395696638, -0.918991485833, -0.283909739018, -0.273587114202, 0.387937132474, -0.775041529308, -0.498814002505,  
363, 1086399.42287973, 63.772528855465296, 118.22059074045764, 66.6902623732943, 32.896172152737165, -0.673224321251, 0.732895311934, 0.0981502675525, 0.0751925309965, -0.0641946335048, 0.995100563919, 0.735605258653, 0.677306068756, -0.0118908648906,  
367, 1382818.5367613663, 69.11285936020514, 105.47481341280846, 63.22855042694646, 49.50107064225003, -0.299049699414, 0.272471430211, -0.914510031109, 0.158236061012, 0.959258724281, 0.234059925844, 0.941026368534, -0.0747129146108, -0.329980839011,  
388, 216208.47018677418, 37.23300010207189, 99.07258406761675, 82.58215681073064, 6.308765470035524, 0.322564992626, -0.85443353007, 0.407302305696, -0.483738443849, 0.221059690723, 0.846835126267, -0.813602448051, -0.470187149793, -0.342016228701,  
390, 1333112.889100807, 68.27464322291323, 109.56438747406052, 68.3230531949304, 42.51494653420943, 0.0149014147373, 0.1674182331, 0.985773342642, 0.592485428956, -0.795639355123, 0.126170650531, 0.805443334018, 0.582176220577, -0.111049015666,  
397, 1943062.6019733292, 77.41041479290351, 132.6903258329644, 107.50989020416628, 32.51700253296607, 0.296802600821, -0.919198278539, -0.25881024106, -0.154017568775, -0.313552819896, 0.936996914426, 0.942436631639, 0.238241797061, 0.234635976523,  
414, 1582029.6152984228, 72.28397049341058, 116.46869681367505, 81.74506443872288, 39.66936450485891, 0.764458880897, 0.127004116015, -0.632038427576, 0.598387383507, 0.224990719444, 0.768967954744, -0.239864875873, 0.966048203083, -0.0959984929216,  
422, 2037200.6991569796, 78.64088683797088, 122.2649301204571, 110.58394935826695, 35.970891969664486, 0.503311236173, -0.492678122019, 0.709891588642, -0.103405882901, 0.781289247124, 0.615543934833, 0.857895694664, 0.383217145247, -0.342285840586,  
433, 1825557.9793524258, 75.81742094605174, 129.34011124865083, 69.54880442635918, 48.448922460150165, 0.169693763807, -0.67014342625, 0.722573051517, -0.309330516208, 0.659932071294, 0.684692845749, -0.935691540128, -0.339702001071, -0.0953094549408,  
435, 1109479.393934344, 64.2209723946625, 122.53824248429348, 72.27448938294636, 29.907075844682296, 0.555559858902, -0.482479191301, 0.67717580667, -0.392131615396, 0.566132756084, 0.725069995721, -0.733202590955, -0.668361827494, 0.12532528941,  
445, 1916263.5518793315, 77.0528801218749, 133.8017867886608, 72.7450093228178, 47.000395558830185, -0.564333324681, 0.382475850881, -0.731601067623, 0.789030880525, 0.510543664261, -0.341724211112, -0.24281303143, 0.770102194761, 0.589902060848,  
485, 940392.5657432509, 60.77713063238228, 119.0458198870324, 67.94154142928721, 27.756904533291884, -0.499741269672, -0.784858360589, -0.366409630332, -0.136490112401, -0.346380094701, 0.92811167389, -0.855353209267, 0.513826997936, 0.0659750224597,  
489, 1666783.93490507, 73.55240857526938, 121.40467159840532, 105.04480491176743, 31.20187691019263, 0.773096491551, -0.529552814127, -0.349135549322, 0.00908962003687, -0.541130615406, 0.840889431422, 0.634223299445, 0.6532621787, 0.413532746372,  
490, 1468595.1172777598, 70.51331897802748, 132.2956076976907, 73.84186400587562, 35.88933356677042, -0.593739653221, 0.342928695752, 0.727923851665, 0.787219591095, 0.0602456501359, 0.613722882933, -0.166608942104, -0.937427528543, 0.305730419064,  
497, 1388274.2446939985, 69.20363164191909, 98.26300556569448, 85.18682936835137, 39.59352416485551, 0.196460457837, -0.82244419301, 0.533843458226, -0.676906470162, -0.507657647321, -0.532992817747, 0.709366561913, -0.256650077928, -0.656452449413,  
521, 1371000.382313802, 68.91540650003971, 118.80942140139831, 78.85099658147368, 34.93742549213353, 0.626129242936, 0.410324300327, 0.66302046703, -0.2844507305, -0.671523703839, 0.684210272578, 0.725982061113, -0.617000716161, -0.303743581328,  
535, 1471249.1841558616, 70.55577098695795, 132.63419761906175, 92.7485007759712, 28.55191309438717, 0.436652597518, 0.782163159461, 0.444471935067, 0.821367902556, -0.145061586648, -0.551644726912, 0.367000378381, -0.605952083965, 0.705785232353,  
541, 2857635.6768070864, 88.03176647910291, 114.91192797140468, 80.51190528048562, 73.73828534100299, -0.0295410166182, 0.998367095351, -0.0488924458207, 0.999081917777, 0.0310097298316, 0.029558725062, -0.0310266000181, 0.0479743637471, 0.998366571212,  
546, 828698.6862802086, 58.26879187714804, 92.53001579702737, 63.30975431218393, 33.7718441637835, -0.713065458405, 0.359412632475, 0.601963629837, 0.116383220619, -0.786007751788, 0.607162877725, 0.691370087571, 0.503005341668, 0.51864537814,  
548, 3944627.4599464904, 98.017990531658, 135.78776611928063, 94.22221055479986, 73.60434488983496, -0.209009099941, -0.784344683499, 0.584053605081, -0.961158437458, 0.0546814243429, -0.270526153883, -0.180248867527, 0.617910478385, 0.765308425706,  
549, 323464.1472158432, 42.58394056834837, 120.90019799003956, 28.044849581889096, 22.774949048232223, -0.768987810373, -0.598427356024, -0.224816474175, -0.637420260161, 0.691102715739, 0.340694068388, 0.0485093747131, -0.405292161114, 0.912899285083,  
581, 3090164.0785344527, 90.3575215860833, 130.44028734937584, 76.63981183016273, 73.79496886735207, 0.52547183427, 0.735532362672, -0.427634768057, 0.593391844032, 0.0433678090285, 0.803744581678, 0.609725734101, -0.676100123208, -0.413670342873,  
644, 459181.8504220654, 47.85919265842111, 71.9880694563664, 64.90697657434238, 23.4608745774327, -0.753241818697, -0.643531742789, -0.135991391596, -0.159257281145, -0.0221631165635, 0.986988305233, 0.638172297242, -0.765098485351, 0.0857929294587,  
648, 738453.9640825691, 56.07185694288802, 113.67276174949211, 103.37715762445949, 15.00216087555612, 0.198324723018, 0.773850575303, 0.601516908609, -0.978003204571, 0.115775499882, 0.173510130761, 0.0646299937287, -0.622696812847, 0.779789486452,  
664, 2971193.802179648, 89.18273571913366, 126.48916598652606, 105.7581915623642, 53.02431005524971, 0.733478646927, 0.375102977378, -0.56683933426, -0.333133877234, 0.925296345678, 0.181241530876, -0.592478602434, -0.0558965923569, -0.80364462085,  
674, 2759176.65761833, 87.00889088181721, 154.0459135662755, 85.9678381672808, 49.739877367566564, -0.97995006081, 0.167959277123, 0.107180033341, -0.0926131426499, -0.860273788503, 0.501349992144, 0.1764105556, 0.481371675572, 0.858580587848,  
683, 1089971.2136056249, 63.84234140886952, 128.27171451262308, 62.922193386136634, 32.239750051385926, 0.211733824165, 0.431434248214, 0.876945424284, 0.576873190079, -0.779476779962, 0.244199246657, 0.78891451392, 0.454181064079, -0.413924450545,  
725, 2843444.6447590166, 87.88580253881466, 120.08650851253768, 100.81247518638288, 56.07220991568307, 0.261669667013, 0.9633976885, 0.0582570095147, 0.429140228016, -0.0620693126659, -0.901102693994, -0.864504279957, 0.260791668228, -0.42967436009,  
729, 960688.8821795501, 61.211269280372264, 122.10995985127862, 47.92972765398752, 39.18664709196694, -0.786837904146, -0.316577990233, -0.529777772938, -0.261157822351, -0.606974309279, 0.750585624496, -0.559180386302, 0.728944829171, 0.39491357485,  
781, 801802.722322284, 57.631462279935946, 86.09031878673855, 73.40005506000246, 30.29201864560117, -0.80771194953, 0.139817359742, -0.572758686098, -0.587083880952, -0.279988863337, 0.759564844588, 0.0541657023637, -0.9497669937, -0.308234868834,  
799, 1507141.7783935964, 71.12492691749523, 120.29675152207248, 65.43320881927228, 45.71022732809651, -0.460526757774, 0.177567517065, 0.869703904934, 0.872735747883, 0.26940570231, 0.407127599077, 0.162010554413, -0.946514841113, 0.279038054416,  
815, 4068706.0948008066, 99.03512104459799, 125.68965361065558, 105.14770099895743, 73.49679470561858, -0.873628142169, -0.337147271168, 0.350864057372, -0.473602182437, 0.754659805007, -0.454080996627, 0.111690832218, 0.562867920787, 0.818965726845,  
834, 1560972.4882905828, 71.96183234993826, 108.43547325917986, 67.35781740834489, 51.0207988181636, -0.0972520996742, 0.994121289145, 0.0475908770426, 0.978024658861, 0.10431903286, -0.180514005118, 0.184417449743, -0.0289896852661, 0.982420379664,  
843, 509959.239338957, 49.56201465590098, 112.6621432362725, 83.77003276174374, 12.899716364332344, -0.967951788372, 0.0590261093763, -0.244100909052, 0.248051722905, 0.376577674958, -0.892557895874, -0.0392387327992, 0.92450266259, 0.379150562063,  
855, 625775.1816895045, 53.061139855417004, 97.10356932244662, 54.75746055122586, 28.096435943432112, -0.538207657947, 0.840750519544, -0.0589158791366, 0.820142551432, 0.506345913186, -0.266420741553, 0.194161562255, 0.191709102774, 0.962054524264,  
861, 455974.33692978934, 47.747495564947855, 99.53888286919914, 56.426566527967445, 19.380965297689126, -0.687015582146, 0.508670492957, 0.518906465062, 0.726028578291, 0.509876946081, 0.461419552424, 0.0298679325159, -0.693743345517, 0.719602721755,  
863, 2675907.7335137576, 86.12465762734318, 121.25020716566382, 93.55548168241543, 56.315869898509604, -0.274662430663, 0.919608167743, -0.28085826853, 0.960316025576, 0.277087456345, -0.0318696180904, -0.0485147421217, 0.278466082954, 0.959219975001,  
878, 1142267.7831829165, 64.84748035130504, 123.72302832684693, 51.48660303421491, 42.808946289863364, 0.845697630833, 0.494228511938, 0.201329816946, 0.387932618675, -0.82840378766, 0.404048818782, -0.366474829384, 0.26360072568, 0.892306481456,  
889, 384341.2875989104, 45.103420345462546, 88.9231902429782, 58.68481108358087, 17.582785799180403, 0.639735621884, -0.259667247774, 0.72340255358, -0.490085794652, -0.862855313318, 0.123679513901, 0.592076218044, -0.433651506064, -0.679258509933,  
894, 823293.6573699603, 58.141833098839534, 102.49548238937234, 52.53495669008941, 36.501697193083224, 0.912784812981, 0.407939984736, 0.0202201395852, 0.305987497939, -0.650191350986, -0.69542998081, 0.270546735882, -0.640965034894, 0.71830932595,  
936, 665074.7315414232, 54.14943707648626, 123.66772144156337, 62.43578545351835, 20.56325683416087, -0.975660468572, -0.0273134973266, -0.217579003879, -0.185769939427, -0.424256959778, 0.886281874849, 0.116516864316, -0.905129827673, -0.408856717428,  
949, 980903.8674346255, 61.63763203452251, 109.57291708359887, 82.50760592509228, 25.902437125425802, -0.0880209737104, -0.478832278783, 0.873482659807, -0.99517483531, 0.00410893889161, -0.0980314428477, -0.0433515322991, 0.877896785173, 0.476883506981,  
971, 1922912.9496760017, 77.14190123967113, 115.29237758198997, 87.75841784699367, 45.371342986005565, -0.0939508429077, 0.886297006519, 0.453487436819, 0.222547933302, -0.42527972423, 0.877273944411, 0.9703842829, 0.183343318381, -0.157288178529,  
1005, 390253.3184339322, 45.33350850455199, 111.51526776489185, 43.74241019077896, 19.09945412576316, 0.260863171613, -0.962937044328, 0.068575902159, -0.865300662498, -0.201734827982, 0.458865800272, 0.428024729631, 0.179039961573, 0.885855249453,  
1006, 1123954.5577139847, 64.49905937824781, 104.45126712942228, 69.3112754368195, 37.063168147590595, 0.471402672928, 0.646501608971, -0.599845971525, 0.638356446608, -0.719429504707, -0.273719262806, 0.608506834005, 0.253883550776, 0.751839461331,  
1008, 1377078.9670424976, 69.01710609619836, 106.92883230412613, 61.783686631826065, 49.76243146829271, 0.509145144888, -0.508289168147, -0.694559819584, 0.39544618455, -0.578615872545, 0.71332039587, -0.764456366683, -0.637844646903, -0.0935984500698,  
1015, 698621.1201294705, 55.0449777454448, 123.4727399745772, 52.01103799053567, 25.970869779533313, -0.981358611041, 0.0407069236182, 0.187824979448, -0.118910901734, -0.8963896136, -0.427019739683, 0.150981700825, -0.441393936297, 0.884520163148,  
1020, 1528017.5187764256, 71.45181109901519, 127.26522835959824, 105.59259733925177, 27.145415301420844, -0.933287976136, 0.289946090042, 0.211907570581, -0.290475251851, -0.95643266138, 0.0293375579801, -0.211181631925, 0.0341735148216, -0.976849266377,  
1029, 1044429.9774343154, 62.94050740765543, 94.44292841009377, 55.69063407541852, 47.40663305987578, 0.365612719403, -0.806517448212, 0.464604073529, 0.555041640162, 0.589618812677, 0.586752446457, -0.747165388048, 0.0433504494328, 0.663222904789,  
1039, 1327201.010443906, 68.17356912850558, 108.8375499554008, 59.34511375171783, 49.05512321835634, 0.823169797393, -0.455478756797, 0.339014139479, -0.313705561466, 0.132832608648, 0.940183130451, -0.473265575935, -0.880280977976, -0.033542427589,  
1067, 297760.99483874405, 41.42473439351788, 90.64932256188268, 56.39873346329358, 13.904176861945588, 0.390871602393, 0.376927814828, 0.839729011558, 0.28440090446, -0.917123292382, 0.279286577038, 0.875405914982, 0.129654498495, -0.465676062338,  
1069, 2747482.8152650152, 86.88579751342651, 124.54972210182108, 81.55512463384325, 64.57320711975161, 0.138494240566, -0.989020370292, -0.0515563039485, -0.807088727588, -0.142881554236, 0.572881006195, 0.57395742972, 0.0377302081347, 0.818015464563,  
1072, 3599191.518854034, 95.06896864487254, 116.86475762411689, 99.92714312096739, 73.57822615485004, 0.500372779879, 0.169718633025, -0.849012760069, 0.806299092031, 0.265929931464, 0.528358822905, -0.315450242267, 0.948934590557, 0.00377988064967,  
1081, 1664658.4708425116, 73.52113087607427, 120.23172340675475, 77.4045571814619, 42.70226712677215, 0.159540515461, -0.937961840629, 0.30785452644, 0.857990959476, -0.0224934734524, -0.513172054101, 0.488260522042, 0.34600813455, 0.801174159244,  
1089, 3476098.7821306135, 93.97258351551127, 131.08277828303957, 108.15688926917562, 58.53338964876543, 0.742093909275, 0.444864096608, 0.50139063151, -0.550861370682, -0.0214228348351, 0.834321767928, -0.381901008257, 0.895341832875, -0.229160690774,  
1102, 1731459.8436071798, 74.49170901910739, 121.98566085093272, 88.74791996721034, 38.18183953262161, 0.505494309221, 0.785405556993, -0.357230477969, 0.730553378809, -0.169301091693, 0.661535260634, -0.459093959943, 0.595378242293, 0.659361421792,  
1106, 1039158.0363691607, 62.834427687049285, 128.96392948302537, 65.31464021310599, 29.451959524792844, 0.65597283913, 0.289709604662, -0.696970572758, 0.432393312304, 0.612625507754, 0.661608653755, 0.618656332546, -0.73536272153, 0.276597198079,  
1122, 1618791.7793641766, 72.83958459134648, 111.54637035840615, 99.03145152493609, 34.9843487004848, -0.637833102114, 0.751344096141, -0.169266012657, -0.486784038207, -0.222970082992, 0.844586077459, -0.596833506092, -0.62110095096, -0.507960012916,  
1168, 899124.1141171945, 59.87474526041087, 110.95317242622146, 73.60807424269706, 26.282450556348316, 0.700093692664, -0.569874004704, 0.430246952639, -0.4601752264, 0.100648672623, 0.882104645554, -0.545992291613, -0.81554488746, -0.191778398255,  
1184, 944401.204633053, 60.86336703141765, 125.04412975471132, 87.46157847259153, 20.615188184692613, -0.32444270479, -0.341774556895, 0.882001748053, -0.924125887412, -0.0844115059073, -0.372647342516, -0.201812476133, 0.935983359857, 0.288456018394,  
1200, 1682873.8497228085, 73.78832481999274, 128.006387299302, 73.81553912220643, 42.51904640967975, 0.732609971023, 0.613698290883, 0.294375675157, 0.404991712978, -0.740634850738, 0.536135925201, 0.547050585208, -0.273558815685, -0.791139198615,  
1217, 2819308.4840127314, 87.63642704627432, 103.17074739199238, 93.65216207308066, 69.65937992039508, 0.541719185483, -0.734977526969, 0.407858258382, -0.765260745047, -0.230510565889, 0.601033169721, -0.347730234766, -0.637709113832, -0.687321445879,  
1227, 799406.0033862998, 57.57398169293481, 75.83182167623875, 67.86269592670325, 37.08482198062934, -0.367794979834, -0.923887920568, 0.105631259754, -0.92976566951, 0.36337914003, -0.059088073181, -0.0162065607317, 0.119944615631, 0.992648294498,  
1233, 1417386.361002569, 69.68402266891871, 131.28379178157078, 93.46821646001628, 27.575574729693137, 0.152604550721, 0.307841703427, 0.939119447531, 0.851047272787, -0.524020638028, 0.0334800000348, 0.502424512321, 0.794125844279, -0.341955776186,  
1247, 1513731.4909152058, 71.22843661829583, 144.44638363125148, 82.47814694052893, 30.332951332083507, -0.58855639961, 0.690245893104, 0.420906131497, 0.788968867046, 0.376765946796, 0.48536125532, -0.176435516011, -0.617744306641, 0.766330529408,  
1263, 2694918.5506275785, 86.32813225406233, 154.46995384730727, 91.79848543463692, 45.37091124689447, 0.387209382813, -0.269745811082, 0.881649642015, -0.607449564803, -0.793999969458, 0.023855287083, 0.69359492507, -0.544794682339, -0.471301213676,  
1283, 1535408.5623408495, 71.56683034049684, 117.33762309033528, 92.38545519786251, 33.81383735823476, 0.159473493559, 0.978391817685, -0.13159656507, -0.98018843746, 0.172789192621, 0.0968221151562, 0.11746842947, 0.113548870534, 0.986563643197,  
1296, 226395.19934308488, 37.80879777153975, 129.37468451769496, 93.98973999500649, 4.444765490985313, -0.923199810919, 0.298259738659, -0.242370042321, 0.167695684994, 0.880068997134, 0.444248486231, 0.345803797484, 0.36948570822, -0.86249640293,  
1297, 3072239.9162645754, 90.18247970340992, 136.3906961380988, 81.7377901301947, 65.78984757624457, -0.52261637275, 0.611743691704, -0.593836494832, 0.270657771195, 0.779542324992, 0.564852312059, 0.808465520492, 0.134474604322, -0.572974766432,  
1309, 2258572.6390426513, 81.39201827340955, 106.31016633423701, 79.32671808373767, 63.93684011218794, -0.686888752395, 0.172657126153, -0.705955635024, -0.0744579728158, 0.949540527271, 0.304678186542, 0.722938346, 0.261844044918, -0.63937300852,  
1316, 604063.3065762412, 52.44023333490672, 101.2903182232879, 39.374074362279075, 36.15892858795497, 0.963885924726, -0.248542444753, -0.095658649744, -0.183309318322, -0.358619140922, -0.915308694147, -0.193188037754, -0.899788288944, 0.391228088394,  
1336, 856657.570968581, 58.91685410000237, 88.2794112253193, 60.777365743316956, 38.11688022848948, 0.801264217775, -0.598141461433, 0.0142283318502, 0.306128015314, 0.43028636098, 0.849199202658, -0.51406350926, -0.676077243862, 0.527880922916,  
1339, 883290.8351026776, 59.521203646575316, 99.68665564696622, 51.32749241127895, 41.21241280323771, 0.874368792961, -0.162175273337, -0.457360245992, -0.390816329745, -0.794028700288, -0.465597486595, 0.287648762035, -0.585847765069, 0.757654661349,  
1342, 1216043.7210886918, 66.21456446711832, 119.1351523422036, 86.57375532681165, 28.147148178752875, -0.0296682990675, 0.963181169551, 0.267211202334, 0.16066685999, -0.259257596967, 0.952350596427, 0.986562695489, 0.0711866071452, -0.147059562191,  
1349, 2080186.3881903964, 79.1901587603125, 130.31107257722775, 67.84002694028923, 56.17541762386864, 0.336519529085, 0.758170642819, -0.558508623847, 0.000712985593268, 0.592895005845, 0.805279456894, 0.941676217283, -0.271390472218, 0.198980183418,  
1361, 517254.30122413504, 49.79722788946824, 122.13658265269716, 49.06741208105317, 20.605188128527068, -0.200270724458, -0.718163142568, -0.666433295673, 0.0713834933005, -0.689102030223, 0.721139923196, -0.97713665053, 0.0968508781573, 0.189271956695,  
1365, 660866.415926105, 54.034983644228646, 122.3119605314796, 73.45565604922812, 17.560258455800568, 0.207440872489, -0.0222479479824, 0.977994536402, 0.646111718718, -0.747534560967, -0.154051053534, 0.734512036223, 0.663850215764, -0.140694561634,  
1376, 3167009.1607715096, 91.10039012104991, 128.12056931304483, 98.10888638949635, 60.149705359746775, -0.999789306954, -0.0187082619632, -0.00844645699404, -0.0144401466523, 0.348581980397, 0.937167052935, -0.0145884840233, 0.937091566431, -0.348778686644,  
1379, 1266514.572848782, 67.1182349903643, 107.09329724403865, 66.09917149500473, 42.71331474612612, 0.392233609103, 0.874370268003, 0.285708645865, 0.859832007436, -0.458870247095, 0.223890632496, -0.326866509264, -0.157844007688, 0.931795875908,  
1382, 1577702.6322221288, 72.21800942244768, 142.68359224343456, 72.29003200739658, 36.516074885594996, 0.181342305869, -0.732175699817, -0.656531577838, -0.845396851696, 0.225002325075, -0.484435874861, -0.502413307192, -0.642878447537, 0.578176591059,  
1389, 1582653.4441511424, 72.29347029463976, 125.22763169552272, 75.0956641727371, 40.17743322005141, 0.831614813256, 0.483516997592, -0.273181469746, 0.275817294961, 0.0673515707178, 0.958847529966, 0.482018279916, -0.872739983593, -0.0773517864385,  
1400, 1370616.6263460347, 68.90897587541436, 128.5292971330038, 88.26808441414933, 28.84174628854654, -0.441696387759, -0.853264855741, -0.277206397829, -0.0276930899176, -0.295866444371, 0.954827806396, -0.896737081764, 0.429420694718, 0.107053599364,  
1404, 4231568.558255237, 100.33926699795782, 133.87301782768128, 93.20523151687604, 80.96166465294517, -0.0320024928204, -0.235398372489, 0.971371940444, 0.140992680593, -0.963214615032, -0.228776461657, 0.989493256406, 0.129634916665, 0.0640147163466,  
1413, 870590.7550791401, 59.23455732863153, 85.70891883829707, 72.31772933771133, 33.53162830448641, -0.338083070652, 0.489564098289, 0.803757943043, -0.909917774548, 0.0480394409958, -0.41199739765, -0.240311216758, -0.870642984107, 0.42922175309,  
1415, 938681.5883683983, 60.740248366588624, 95.19444556412903, 91.76500776915842, 25.65316625422358, -0.227071130242, -0.856848028031, 0.462871643839, 0.941528119518, -0.314631850149, -0.120547082209, 0.248924691358, 0.408433906197, 0.878190322368,  
1417, 1692731.11382002, 73.93211366865913, 111.92606598846906, 62.467426088148805, 57.79822705283954, -0.515215198733, 0.0930668903421, 0.8519928714, 0.755116520046, 0.519511237711, 0.399883876951, 0.405403922216, -0.849380143289, 0.337936431948,  
1423, 639090.9269558076, 53.43486061873054, 112.23262598678279, 53.278135765768084, 25.515606623050335, -0.182889606951, 0.449604657085, 0.874303748132, 0.977789515451, -0.0094132407142, 0.20937777908, -0.102367256203, -0.893178057963, 0.437897135901,  
1433, 2101432.498628724, 79.45885056336853, 132.8788884609393, 63.987689293830016, 59.0030444654658, 0.95159032756, 0.113346201039, 0.285706995372, 0.165072143097, -0.972557088723, -0.163963095687, 0.25928176964, 0.203187961957, -0.944186218946,  
1434, 1105732.6562522373, 64.14859895937197, 117.3372804735271, 54.4283011524435, 41.333361778803535, -0.973979376944, -0.089924771151, -0.208032951288, -0.213022296617, 0.0498911199444, 0.975772707804, 0.0773671405195, -0.994698151041, 0.0677489031918,  
1435, 1469438.8135620626, 70.52681950780199, 144.4129388425097, 77.25203607790564, 31.444656655331524, -0.775057473288, -0.17346907162, -0.607613688368, 0.110137840743, -0.983947065288, 0.140420186399, -0.622218264869, 0.0419124552261, 0.781721035255,  
1439, 2070162.8837128447, 79.06275971713156, 97.6865418505925, 80.97339450749918, 62.47968437861408, 0.329502682368, -0.329876281176, -0.884652260173, -0.0125200537514, -0.938422375063, 0.345263224562, 0.944071623642, 0.102689264768, 0.313342758549,  
1440, 1774954.3549809249, 75.11030518913323, 134.1591489943081, 89.21437120419714, 35.403277256169915, -0.876057272902, 0.120130707423, 0.467003498627, 0.459202351208, -0.0877261227877, 0.883989438866, -0.147162682908, -0.988874481678, -0.0216888045906,  
1442, 1175484.4990125902, 65.470064040533, 136.68746284933403, 72.75537920300044, 28.218537805433808, -0.9258306731, -0.297046657669, -0.233668243275, -0.0363733072907, -0.545368426045, 0.83740686789, -0.376184193267, 0.783796250974, 0.494114247614,  
1453, 1042059.6619749046, 62.89285721761043, 108.16226198601825, 51.1894760163334, 44.931149579153946, -0.720007389138, -0.0708589159475, -0.69033931774, 0.0955371729266, -0.995422645777, 0.00253078319588, -0.687358718702, -0.0641308841756, 0.723481320781,  
1462, 61184.557614492915, 24.44468273616581, 136.9799550578908, 33.893712240894835, 3.1461328518487126, -0.350254718473, -0.855087428922, -0.382291931757, -0.158027433951, -0.348348242262, 0.923948500855, -0.923227470511, 0.384029935046, -0.0131166566726,  
1464, 700951.5638932511, 55.10611572531193, 86.53745011504215, 67.79469484488256, 28.523288538272645, -0.960519815238, -0.0181492479238, 0.277618964293, 0.0438053441668, 0.975556886575, 0.215336603665, -0.274741289867, 0.218996269044, -0.936246686396,  
1466, 2434385.7375649554, 83.45139391083177, 114.24493915564551, 95.7209991928816, 53.144287824618374, -0.0205098891599, 0.516180659422, 0.856234121771, 0.95618856925, -0.240025856978, 0.167603723159, 0.292032129194, 0.822158813624, -0.488643142486,  
1468, 1408755.3775654247, 69.54229076759111, 120.03683867456022, 70.20135971716583, 39.91047571277283, -0.30838045114, 0.216508663276, -0.926296656629, -0.918185893491, -0.322295425908, 0.230348265531, 0.248668780407, -0.921547425348, -0.29818480928,  
1472, 1579751.921864075, 72.24926406328095, 132.54482711692634, 93.68393019547861, 30.371930559115093, 0.629998596067, -0.595556206843, 0.498412051865, -0.574202919018, 0.0748860261668, 0.815280988909, 0.522869751224, 0.799815533467, 0.294792021058,  
1474, 451987.5183825513, 47.607927682016914, 128.82009124441905, 110.83563397524149, 7.557441958251907, 0.367661636338, -0.0893567551025, 0.925656681217, -0.645742328278, 0.691751485669, 0.323259535891, -0.669209807635, -0.716585830443, 0.196629044073,  
1475, 2130192.7467169296, 79.81970115035436, 112.4687789216889, 90.45879347329934, 49.985900616665056, -0.197643601691, -0.241618494947, 0.950030267734, 0.896013135192, -0.437629671543, 0.0751048077548, 0.397614723411, 0.866083583429, 0.302988049668,  
1491, 2549013.626506003, 84.74118171521667, 152.43613331838742, 81.72574520609226, 48.846869349508154, -0.968509411028, -0.034109728967, 0.246629372015, 0.142131572237, 0.737559140446, 0.660155383616, -0.204421468843, 0.674420522177, -0.709484899305,  
1492, 1473112.8012112016, 70.58554918724035, 116.35674252833424, 67.84413639550284, 44.54957047900489, 0.869438566864, 0.383622692259, -0.311304045, 0.284374012516, 0.126659746805, 0.950309807139, 0.403990098214, -0.914762777185, 0.00103054445153,  
1494, 1380544.1910631615, 69.0749481942706, 132.98484690185506, 76.95027703731654, 32.206932141725744, 0.106682938004, -0.641096797314, 0.760008978376, 0.562351982179, -0.59146771938, -0.57786346577, 0.819987194338, 0.489040727757, 0.2974225407,  
1498, 626571.1395720966, 53.08362745140959, 130.2728926566423, 57.55003527600619, 19.951802032177632, -0.315487533358, 0.0135769015222, 0.948832590103, 0.194721268837, 0.979545934701, 0.0507285843761, -0.928736369353, 0.200762121814, -0.311678242241,  
1512, 2536126.7973034554, 84.59813414186695, 113.40224595250419, 80.34454252803755, 66.45142759110308, 0.243457163969, -0.698377142428, 0.673051243404, 0.574191781232, 0.663040735394, 0.48029239175, -0.781685619464, 0.269529868739, 0.562424432417,  
1527, 1664551.9435775653, 73.51956255196117, 115.36391812690113, 66.37500157099164, 51.89603775319665, 0.864881864337, 0.196189886709, -0.462048578717, 0.334399502801, -0.911664008598, 0.238842433318, 0.374374589506, 0.361079304004, 0.854087467975,  
1531, 966870.9588103371, 61.34228774456183, 108.19996648635578, 72.55221728104873, 29.40370729052703, -0.894291158643, 0.358070992082, -0.26838123668, 0.44041213895, 0.810502486619, -0.386164300589, -0.079249425473, 0.463541674301, 0.882524019361,  
1534, 1425688.3706476449, 69.81981052820638, 116.23678161582855, 105.37247998060926, 27.788507366319248, 0.319118099149, 0.947711303788, 0.00263124827678, 0.744652660643, -0.249023854723, -0.619257244428, -0.586221846909, 0.199575560757, -0.785183763049,  
1535, 3006054.6851144983, 89.5301727595745, 130.51396665951296, 99.2934726453827, 55.377147151605655, -0.317945791893, 0.218202189401, 0.92265826716, 0.946476582705, 0.0159676799991, 0.322377281436, -0.0556107166639, -0.975772943741, 0.211600119225,  
1536, 2397853.5819632406, 83.03184414958038, 125.91490142272518, 73.77789051960936, 61.62127612213822, -0.610051262292, 0.281684668305, 0.74060192075, 0.226405407136, -0.833740201271, 0.503604873293, 0.759327366158, 0.474901068042, 0.444849330197,  
1537, 1529270.5082863707, 71.47133616083164, 111.38225506266608, 63.27362968834089, 51.80324308490609, -0.878446763246, 0.295349245736, -0.375632942093, 0.036782805645, 0.825568856837, 0.563101312225, 0.476422406433, 0.480837691601, -0.736082064029,  
1551, 787232.3944397527, 57.28023387640518, 130.64069510996333, 70.11050374435037, 20.518838704279425, -0.657469205028, -0.601875642239, 0.453298969467, 0.0665091354478, 0.552900439465, 0.830588730324, -0.750540324927, 0.57623503479, -0.323484783782,  
1563, 748111.3141911632, 56.31523117069755, 110.90378283978335, 62.062727408529774, 25.94779132363596, -0.595068821364, 0.686633439327, -0.417645325411, 0.783335102245, 0.3793665543, -0.492409519677, 0.179664174033, 0.620173796186, 0.763613283733,  
1564, 2265461.276981403, 81.47468273666674, 137.09393924788014, 68.53645875415731, 57.56097179862402, -0.506424560184, -0.825097105683, -0.250497367322, 0.272866240061, -0.42892021771, 0.86114543596, -0.817971992111, 0.367752923894, 0.44235687752,  
1575, 3876679.825808621, 97.45192933766474, 126.20123369547392, 92.29806535046556, 79.4538830046271, 0.0450011466165, -0.602948581476, 0.796509827246, 0.918600314402, -0.288382828806, -0.270201418261, 0.392617319006, 0.743833551371, 0.540891198552,  
1581, 3037868.2024945053, 89.84490206230453, 107.9108477563957, 88.92488040550626, 75.57739605389888, 0.254635609228, -0.920893231818, 0.295154810404, -0.478900524584, 0.145075992507, 0.865798616279, -0.840127962912, -0.361812951661, -0.404074738067,  
1582, 2354148.1996185966, 82.52427735399888, 133.32772870761147, 102.4826028524277, 41.13150135536748, 0.0528871811435, -0.78077052167, 0.622575568555, 0.998288639193, 0.0569174964631, -0.0134235410301, -0.0249547375886, 0.622220050374, 0.782444547546,  
1586, 596934.8366894221, 52.23313649692362, 112.3926762435492, 68.69171705681704, 18.458479794934053, 0.275486120929, -0.961300999856, -0.00279013472347, 0.281976978418, 0.078032477128, 0.95624260319, -0.919019249427, -0.264218319178, 0.29256161572,  
1590, 739688.6075393781, 56.10308895308262, 114.63752837456764, 79.28465100483994, 19.428728873737924, 0.268601152377, -0.553117070117, 0.788615830229, 0.886504623486, 0.462185700376, 0.0222245563862, -0.376779741335, 0.693142038195, 0.61448445172,  
1593, 2251495.5291652987, 81.30691689295573, 120.64335133950323, 86.9806375346313, 51.22199626560514, 0.18190334504, 0.83678617182, 0.516430126653, -0.649662703663, -0.291970410877, 0.701919974528, 0.738139244678, -0.463186983651, 0.490518372381,  
1594, 1054298.0959697068, 63.13811390812023, 110.28038396406252, 65.08239582236618, 35.06816259421991, -0.956623779896, -0.268416401756, -0.113241242514, -0.258668117547, 0.961411208331, -0.0936978839649, -0.134021448664, 0.0603417248969, 0.989139589509,  
1596, 2491135.4426362114, 84.0948842495731, 96.44478539392445, 79.10326194895968, 77.95349434556495, 0.10799206763, -0.362135811665, -0.925848458031, -0.574359895778, -0.782870208796, 0.239217362043, -0.81144834922, 0.505936646321, -0.292540059579,  
1597, 1799249.3189484656, 75.4514480731206, 107.49759830946785, 67.68508988601272, 59.035190124731, 0.270865481321, -0.450372614642, -0.850762245877, -0.398517044875, -0.856970977488, 0.326779602617, -0.876251137501, 0.250529941769, -0.411605019776,  
1598, 1914856.8575458452, 77.03402113230588, 143.1669203800798, 74.82353652707997, 42.674337815296276, -0.765899655961, 0.637093316675, 0.0866592340606, 0.641993244503, 0.765158660218, 0.0487534481385, 0.0352475674555, -0.0929748919969, 0.99504436004,  
1599, 1697375.434421077, 73.99966739601548, 144.2692356766325, 73.93671327710963, 37.988787418692034, 0.650204171123, 0.367962673337, 0.664708964047, 0.699215977169, -0.632054496255, -0.334072044677, -0.297206246781, -0.681990164734, 0.668249850041,  
1601, 907130.3595302826, 60.05193846417764, 125.9540726804115, 91.74206837132664, 18.74132752892574, -0.221716640871, -0.921521585805, -0.318809814867, -0.66312389516, 0.382198511313, -0.643576722402, 0.71491847845, 0.0687187372159, -0.695822753528,  
1605, 1609738.2888331302, 72.70353956582683, 118.11341382036929, 63.1618932870828, 51.51246153738456, -0.517045462018, 0.85310147382, -0.0698703483035, -0.252149708434, -0.0737978436418, 0.96487014816, 0.817975864401, 0.516499519496, 0.25326612805,  
1608, 1643553.069509364, 73.2090954431423, 140.45116378915105, 76.6337488153427, 36.45437939951897, -0.955887254746, -0.288053380038, -0.0574874461341, -0.170512704477, 0.384801359621, 0.907112634267, -0.239175612942, 0.876899745628, -0.416943476134,  
1613, 514581.15385067585, 49.71129639783905, 134.19261792268622, 54.108322367135294, 16.918917505177873, 0.105122727601, 0.885270620404, -0.453039888743, 0.886066710109, 0.123443809845, 0.446819215172, -0.451480893702, 0.44839441841, 0.771432076181,  
1615, 2460347.502251485, 83.7470042768083, 99.78038244020097, 83.28353147587771, 70.68114005923324, -0.680840784938, 0.68018626798, -0.271666093608, 0.721200821213, 0.557876782149, -0.410661504674, 0.127770110146, 0.475520910992, 0.870376161302,  
1617, 2229246.4713613456, 81.03820749584482, 121.53219713355267, 76.27054826135151, 57.414456876666705, -0.702692329189, -0.241399398311, -0.669290535563, -0.67326568017, 0.52979782146, 0.515778627206, -0.230080017395, -0.813044032554, 0.534810795257,  
1621, 3695696.2822761065, 95.91117714702216, 125.92259099822905, 90.74164070958722, 77.21423713292926, -0.743078273409, -0.630657887072, 0.223842152113, -0.041881868909, 0.377660683862, 0.924996387518, -0.667892647545, 0.677969790875, -0.307044579852,  
1625, 1004149.0119534988, 62.12072542831537, 107.69982847513553, 99.06216564448869, 22.469154280856753, -0.563475685991, -0.793157499048, 0.231076465701, 0.0648529293963, 0.236377205179, 0.969494669619, 0.823583176641, -0.561272659743, 0.0817542205549,  
