# Void_ID, Void_Volume, r = (a*b*c)**(1/3.0), a, b, c, vector_a, vector_b, vector_c 

2, 1139281.3848301256, 64.79091759998607, 124.97541163970305, 63.01061218360011, 34.53855127663177, 0.529393080519, 0.82715457915, -0.188569001933, 0.652522584921, -0.539041135452, -0.532587016795, 0.542178238651, -0.158902348888, 0.82510169134,  
27, 1100448.7940965395, 64.04625544468581, 129.52522167691674, 52.80873025609209, 38.40795286194938, 0.611707737015, -0.552358455983, 0.566315972386, 0.363080997235, 0.832050798473, 0.419361011788, -0.702841257982, -0.0509078075088, 0.709522770045,  
28, 4671507.667248225, 103.70256192244895, 119.94268070921807, 105.10617134168636, 88.46398299461032, -0.863510458561, 0.227659713565, 0.450023046937, -0.0980887883811, -0.951089912669, 0.292927580833, 0.494700189558, 0.208803814233, 0.843606952089,  
44, 2225060.316904901, 80.98745028197631, 108.9135503648808, 79.27069331546885, 61.52598949401449, -0.82994062911, 0.547170358567, 0.108642306945, 0.546319229066, 0.757825572319, 0.356701138059, -0.112844371174, -0.355394148298, 0.927879920706,  
47, 1713204.6032991132, 74.2289882517415, 139.67584705753777, 71.23011675885671, 41.108880815316574, -0.582717276413, -0.702867533476, -0.407943385968, -0.228645403473, -0.339904257038, 0.912242498198, -0.779847328161, 0.624853844057, 0.0373606521227,  
51, 1775087.4218682838, 75.11218212843549, 96.4721873943515, 73.2270207877853, 59.987069493952546, -0.939732987636, -0.302467489543, -0.159421860855, -0.332189938336, 0.918079939323, 0.216284696365, -0.0809429232045, -0.256208202022, 0.963226660968,  
120, 838634.8630068658, 58.50075006661007, 139.87279484544203, 60.68561038413815, 23.586599131645304, -0.399069574077, 0.833395314642, 0.382355495028, -0.100141221655, -0.454119164309, 0.885295160007, 0.911435796297, 0.315004816058, 0.264682366411,  
153, 1635665.4756722846, 73.09179473445087, 98.34245285291915, 76.35712240075614, 52.00143020825229, 0.0133309831743, 0.982817838868, 0.184096117532, -0.306418702822, -0.171239081183, 0.936367852735, 0.951803479426, -0.0688931976184, 0.298870981987,  
162, 1679911.1624578354, 73.74499811351221, 109.33250814647504, 66.4136641383328, 55.23202341592063, -0.48823392935, -0.720017076639, -0.493156202009, 0.0456208257927, -0.585368313491, 0.809482969441, -0.871519575503, 0.372718857732, 0.318644445434,  
171, 415928.5794281901, 46.30665222690243, 138.4416515839076, 47.02040812551219, 15.253762753849674, -0.0948072972568, -0.868783711311, 0.486031315193, -0.994905052209, 0.0995057335071, -0.0162032740029, 0.034285762002, 0.485091199632, 0.873791173315,  
180, 880911.3279478782, 59.46770729876792, 98.40053207289857, 58.09609416174962, 36.78740920546427, -0.607722287598, 0.44764040133, -0.655966227982, -0.0454624707552, 0.805033466189, 0.591484811359, 0.792847264553, 0.389280348095, -0.468885941011,  
202, 2552872.977261112, 84.78392779597347, 133.7280623951047, 88.21355724629484, 51.663367328640255, 0.544507448928, 0.162992013743, -0.822766820866, 0.514770765377, 0.709524443766, 0.481233958499, 0.662210462901, -0.685571781183, 0.302437821162,  
228, 258329.11425373246, 39.508897897643166, 122.84980369557347, 66.05856274110494, 7.599432438891968, 0.492203139594, 0.28179884388, -0.823605172981, -0.645392470661, 0.753042703065, -0.128043922833, -0.584127236301, -0.594572198264, -0.552520834778,  
234, 2347428.7837780155, 82.44568652774969, 121.83520076119746, 84.0829885585164, 54.70447992385258, -0.658633936229, -0.0712823559915, -0.749079544356, -0.752341846758, 0.0444824186436, 0.65726939686, 0.0135308412399, -0.996463817786, 0.0829263298322,  
238, 1127852.288802177, 64.57353152900193, 124.33821894389955, 91.14391623628094, 23.759171289376777, -0.758421864681, 0.277131875576, -0.589910331079, 0.650175754684, 0.258549852266, -0.714439263979, 0.045472664261, 0.925391753493, 0.376274287418,  
243, 877046.1750017273, 59.380604783342136, 101.21795772947809, 66.98129998103865, 30.883229379733073, -0.187729432643, 0.281788065881, -0.940932062397, -0.975004840059, -0.169368059061, 0.143805502088, 0.11884116282, -0.944409840322, -0.30654009774,  
244, 623453.628854896, 52.99544166697329, 118.03195768449096, 75.3701013386634, 16.7308050280567, 0.452711949061, -0.674922189391, -0.582693684061, -0.808637090881, -0.0354083748786, -0.587241264081, -0.37570992325, -0.737038862786, 0.561796910204,  
250, 1974065.1724297353, 77.81995208560338, 129.47078486818447, 105.25210476618237, 34.58360857440266, 0.850030773095, -0.280222614108, 0.446007815329, -0.196615587206, 0.616741166422, 0.762215615497, 0.488661432548, 0.735598817415, -0.469152836672,  
260, 2619753.158885222, 85.51794465644193, 129.14824603634221, 102.3423917009705, 47.318142624509115, -0.489907683824, -0.766287218941, -0.415685409194, 0.0487363473104, -0.500155284997, 0.86456316099, 0.870410954539, -0.403297147246, -0.282375957267,  
263, 3783409.0637122486, 96.66402991388065, 122.8547633731228, 102.72399060159312, 71.56996558905868, -0.718048337585, -0.038409230933, 0.694932598077, 0.661516494411, -0.348024497988, 0.664285237246, -0.216338883498, -0.936698286419, -0.275306752019,  
272, 571168.9955928103, 51.47053374349015, 139.67137327402182, 74.68468208977993, 13.071850601924826, 0.205294641389, -0.911296345714, 0.356921672788, -0.301285640613, 0.288133258086, 0.908958848543, -0.931171881544, -0.294139755683, -0.215408289416,  
276, 765456.0007324675, 56.74712638946865, 136.53461391789506, 63.710607437870415, 21.0076324462805, 0.16461625391, -0.585142726666, -0.794046269671, 0.331736879851, -0.725288271927, 0.603247515662, -0.928898342929, -0.362718778167, 0.0747191840825,  
281, 1196114.2776083879, 65.85084542940696, 98.16739296140238, 78.25791765039733, 37.16965412885376, 0.0127787923938, -0.124579860311, 0.992127290659, -0.627203666387, -0.77374442039, -0.089079362295, 0.778750449975, -0.621127547546, -0.0880244644592,  
289, 1958377.1009499158, 77.61325621134156, 126.83696330322122, 89.79027347833411, 41.05183578851172, -0.249228368502, -0.747059076598, 0.616269386231, -0.168334824756, 0.660080430166, 0.732090986481, 0.953702577908, -0.0787182430224, 0.290266827432,  
304, 921390.3297899349, 60.36497339207154, 118.02773052033754, 63.5113406198345, 29.344026358824568, -0.56116398552, 0.580525028241, 0.589987858299, -0.179255772168, -0.781121180734, 0.598094531954, 0.808060857547, 0.22987038216, 0.542399537155,  
318, 2554809.6712994413, 84.80536234230726, 118.49028969979847, 94.16669222839606, 54.66254723041813, -0.0524526144643, -0.201225712042, 0.978139527904, -0.326669453435, -0.922141836341, -0.207223313993, 0.943682039369, -0.330397709561, -0.017365543147,  
350, 3676567.1912410776, 95.74541061586216, 106.90433981729169, 93.17824049635433, 88.11382551887866, 0.870422118196, 0.466977732022, -0.15587537955, 0.196813490276, -0.0398531170176, 0.979630634019, 0.451253571953, -0.883370549011, -0.126596551852,  
351, 3651592.648130144, 95.52812161831028, 98.8837622834219, 95.68681039144255, 92.13330590876048, 0.716948865442, 0.696861833218, 0.0191809735373, 0.602413984935, -0.633156025951, 0.486015264737, -0.350830037335, 0.336893205937, 0.873739808351,  
352, 3701680.4898079266, 95.96291686758268, 104.39022860573992, 95.60314454479143, 88.54790589035973, -0.190360920627, -0.980568894055, 0.0474063699316, 0.118624095379, 0.0249603856365, 0.992625459649, 0.974520930454, -0.194580634085, -0.111567616025,  
353, 2795175.2868116754, 87.38565507162622, 101.30778515602627, 87.10790510017607, 75.61710538562842, 0.831749889385, -0.555084924382, 0.00853511764617, -0.000253891590296, 0.0149940724516, 0.999887550343, -0.555150481444, -0.831658526389, 0.0123303867088,  
354, 4018543.1898972164, 98.62643692884322, 130.78359673459545, 90.29460682960017, 81.23906995285449, -0.294718271818, -0.766140731484, 0.571112528157, -0.952077716846, 0.184270834984, -0.244115301567, -0.0817872932754, 0.615688751672, 0.783733500447,  
355, 3410740.3919774746, 93.3798886447045, 107.37394878387315, 96.2537915395377, 78.78495372131671, -0.478912518007, 0.632107175907, 0.609166084302, -0.734109520363, 0.0921403955461, -0.672750592435, -0.481379281034, -0.769383302182, 0.419908706882,  
356, 3138434.4951650063, 90.82557439474152, 97.58692845225407, 92.24520711865159, 83.2317450355514, -0.0268304979881, 0.164265808265, 0.986051149085, 0.157249613855, -0.97343182087, 0.166442329535, 0.987194349315, 0.159521893023, 0.000286925592007,  
357, 3206369.015911038, 91.47623846302574, 106.77269302310874, 101.75539607914601, 70.45425843484279, -0.431785752109, 0.737542196308, 0.51922304739, 0.839120744491, 0.53959374401, -0.0686656216056, -0.330813301488, 0.406041993014, -0.85187584745,  
358, 2405476.8299476514, 83.11974258569037, 119.24430369434486, 90.1928680800016, 53.39526292174476, 0.165129916843, -0.435019813534, 0.885149632772, 0.809707692043, -0.452623493681, -0.373504252204, 0.563121269364, 0.778389192371, 0.277497209337,  
359, 3801689.1029231735, 96.81946151669787, 109.51564866912277, 95.01673603260463, 87.21912011807099, -0.995927863081, 0.0041391548355, -0.0900586416465, -0.0770540996463, -0.557661092547, 0.826484586418, 0.0468012528216, -0.830058415569, -0.555709159073,  
360, 3410053.185880619, 93.37361673775656, 101.99131782891008, 92.29565758283222, 86.48246735910817, 0.885766702971, -0.284563747792, -0.36666172605, -0.278327993518, -0.957857328298, 0.0710131442077, -0.371417387762, 0.0391511438989, -0.927640184554,  
361, 3165925.0174522526, 91.08999365060112, 94.78643662250371, 91.37892800454526, 87.26091441578063, -0.810697397765, 0.479606715716, -0.335778390456, 0.377570202215, 0.8666137434, 0.326222871899, -0.447448848089, -0.137688118556, 0.883646711278,  
362, 3303235.1626198203, 92.38829687272634, 104.20611891969045, 93.71008404322227, 80.7553558162544, -0.809261004202, 0.411910842653, -0.418838972377, 0.584139868782, 0.488672137585, -0.64805875941, 0.0622674937422, 0.769109224787, 0.636076850365,  
363, 2545834.074139966, 84.70593263829366, 105.54618340094153, 79.95022918016397, 72.02433198614817, 0.2570728818, -0.739338952311, -0.622327443585, 0.401516837412, -0.50404240363, 0.764673449662, -0.879032287642, -0.446451754323, 0.167281404657,  
364, 3692157.64030502, 95.88055561026334, 114.35666357388956, 100.48612337894829, 76.70506776926473, 0.704294758645, -0.691025536353, -0.162642556098, -0.119652345395, -0.341375155497, 0.932280172186, 0.699751533894, 0.637139475561, 0.323111558901,  
365, 3933653.024367841, 97.92700676134623, 105.32149815445507, 99.20817469925471, 89.87583800319142, -0.338632715859, -0.526797517652, 0.779623152007, -0.852341898541, 0.522707938714, -0.0170205404215, -0.398548832316, -0.670269189357, -0.62601760523,  
366, 3390289.788315479, 93.19288089807779, 120.06045230511074, 109.04659237481837, 61.82101601742626, 0.612298183595, -0.428891421746, -0.664186030205, 0.418332808791, 0.888593170887, -0.188148446025, -0.670886425153, 0.162647855828, -0.723503337615,  
367, 3922680.261844436, 97.83586751976524, 101.21308315233604, 98.39298018797031, 94.03586663759461, 0.028535766464, -0.871231884539, 0.490041542519, -0.270453785617, -0.478685470627, -0.835293343716, 0.962309960396, -0.108697854498, -0.249287618123,  
368, 3712176.848326902, 96.05353432524043, 106.90567921850275, 98.63094492189153, 84.04774727640437, -0.00930907572704, -0.00449614826833, 0.999946561452, -0.686033997881, -0.727505381464, -0.00965783059911, 0.727509927671, -0.686087242697, 0.00368789211629,  
369, 3741561.7331785234, 96.3063156648711, 107.22150060253848, 95.03581584700376, 87.65871853761858, 0.21510420384, 0.595239395238, 0.77422234781, 0.906768911367, 0.172642869266, -0.384661644917, 0.362629732467, -0.784783092357, 0.50260837148,  
370, 3161685.00768048, 91.0493109636117, 102.12355924075655, 93.22512893539857, 79.28135340067817, -0.457264782531, 0.00810303575634, -0.889293685724, -0.327831515852, 0.928002882657, 0.177023012612, -0.826701527681, -0.372484886394, 0.421686605832,  
371, 3064939.3921384853, 90.11098989187074, 110.8613648291317, 88.24612521263545, 74.79239072749796, -0.552190747788, -0.833272761033, -0.0272375435185, 0.0186377803936, -0.0449994622612, 0.998813136447, -0.833509454775, 0.551027725361, 0.0403786414442,  
372, 3452224.346296802, 93.75694920934063, 99.21924291446224, 92.61333015511927, 89.68937387243997, 0.390124934947, -0.0338769828988, -0.920138514117, 0.321884387455, -0.931252571531, 0.170760326566, -0.8626662021, -0.362796083283, -0.352400376999,  
373, 3342145.6131515913, 92.74964430709841, 97.67799460775524, 93.04392130378243, 87.79140882054928, -0.851106951158, 0.108790690659, -0.513596673779, 0.518897209264, 0.322961415354, -0.791480644369, -0.0797661827413, 0.94013855884, 0.33132589134,  
374, 3459440.779203986, 93.82223270681612, 103.21675390758548, 97.4609240777273, 82.09875469913703, 0.327502433023, 0.914149538643, -0.238899094519, 0.359557094523, -0.354399634781, -0.86320310162, -0.873762468948, 0.196803251664, -0.444755694727,  
375, 3270878.479046248, 92.08564477763659, 100.09760716265103, 89.62438846211886, 87.04140625087068, -0.759704267979, 0.127618649427, 0.637622855246, -0.00314742869308, -0.981263011204, 0.192647337216, 0.650261115943, 0.144348131828, 0.74587136822,  
376, 3485995.903236239, 94.06168500608224, 126.0057670305935, 90.61077347566898, 72.89000886771397, -0.888373464997, -0.452818185829, 0.0758173942538, 0.0162897095126, 0.133944907323, 0.990854887038, -0.458832466215, 0.881484232635, -0.111616824728,  
377, 3253479.614614772, 91.92207659725466, 118.74128012058233, 82.31256943383077, 79.46787414777482, 0.184302844742, 0.927585308935, -0.324989163002, 0.837900447862, 0.0245578677216, 0.545270346347, -0.513765803545, 0.372803441215, 0.772698060905,  
378, 3115674.335879415, 90.60548356620956, 96.70674508123457, 94.41496519865369, 81.46402125499061, -0.307200950793, -0.860359758674, 0.406704636668, 0.282547343956, 0.325638797627, 0.902289516676, -0.908732399695, 0.392097512278, 0.143055816414,  
379, 3050290.6656005485, 89.96720022669109, 105.47085261609378, 86.38851173447357, 79.92159957016725, -0.961299319752, -0.252026937377, -0.111292590414, -0.0756227099111, -0.147064577764, 0.986231826556, -0.264924184608, 0.956480231267, 0.122314118589,  
380, 3322082.3481597165, 92.56367626680917, 141.1680993093918, 80.80071306394252, 69.52964683476853, -0.823721531968, 0.439386231242, -0.358360959881, -0.116016461469, 0.488049800115, 0.865070848703, 0.554998214808, 0.754153255249, -0.351041093261,  
381, 3454804.31021241, 93.7802993056973, 104.99339931165002, 92.96003487162872, 84.50386415612762, 0.678083000955, -0.710326750846, 0.188783873379, -0.484090153485, -0.238356287807, 0.841928146199, -0.553046261278, -0.662285578203, -0.505487532774,  
382, 2973562.0628002323, 89.20642449922521, 127.13578953137572, 83.79449836094041, 66.63540907761681, -0.563400098331, -0.523328013195, -0.639302838885, -0.218434164044, -0.651913484143, 0.726151034683, -0.79678531938, 0.548759145526, 0.252975403986,  
383, 3429413.3863358167, 93.54998951187359, 98.96676502227412, 95.95339089586864, 86.21474104297202, 0.447014478729, -0.214026842994, 0.868545085925, -0.519778079548, 0.728071502802, 0.446925759862, -0.728017035397, -0.651232982338, 0.214212041879,  
384, 3284783.481096113, 92.21595033078557, 98.54271196950869, 91.96894677464861, 86.52715322394953, 0.454604664059, 0.679685181449, -0.575641080479, -0.321346801234, 0.727915130891, 0.605702728701, 0.830705021505, -0.0903748656302, 0.549328272447,  
385, 3305852.584609174, 92.41269268521472, 100.04472685856234, 92.88811984911025, 84.92596667339866, 0.903466148173, 0.307702829285, -0.298442436585, -0.293764094628, 0.951470236935, 0.0916899391154, 0.312172349532, 0.0048329160631, 0.950013193124,  
386, 3880258.286009734, 97.48190521228256, 109.00136972043359, 97.53919787400322, 87.12863105185295, -0.0779155767097, -0.996425395155, 0.03264344951, -0.977141442075, 0.0698295261575, -0.200794520484, 0.197797282806, -0.0475422881922, -0.979089355344,  
387, 3379023.6144545935, 93.08953748591328, 99.23161383027673, 93.58640223784545, 86.8639973750692, 0.0176194770502, -0.565209710624, 0.824759078183, 0.283574762503, -0.788189967687, -0.54620685542, 0.958788249876, 0.243504738871, 0.146391714408,  
388, 3162419.5775952553, 91.05636172983488, 98.00423486925838, 92.10283837691682, 83.63980737093726, -0.341602249909, 0.903458795668, 0.258978970937, -0.857626550933, -0.186939440566, -0.479093252609, -0.384427629069, -0.385766574617, 0.838689184333,  
389, 3139703.34216686, 90.83781279265193, 110.92885912148228, 88.8004031381629, 76.09226683519083, -0.974013178295, -0.217430176268, -0.0634227636968, -0.223721251139, 0.967271525806, 0.119727178009, -0.0353147319932, -0.130804869226, 0.990778964195,  
390, 3409340.452495175, 93.3671109613126, 104.69155994390346, 97.5034058827906, 79.73523984442176, -0.046993328567, 0.83047562564, 0.555069240985, 0.505963690492, -0.459334765648, 0.730076925379, 0.861273691096, 0.315153626481, -0.398604842848,  
391, 3216993.787259062, 91.57716701680457, 100.11674051613468, 99.23675543796729, 77.30050914950804, -0.236842523018, 0.895358703389, -0.377145080249, -0.16945595696, 0.344169326186, 0.923489119353, -0.956655788641, -0.282630973494, -0.0702099343457,  
392, 3410476.773230811, 93.37748278159556, 100.80986270761895, 91.94569290132836, 87.839948722744, -0.801527828313, -0.341274992499, -0.491003584442, 0.0746850541248, -0.871841398191, 0.484060656417, -0.593275048464, 0.35131745743, 0.724293283812,  
393, 3503160.6883884193, 94.21581655717303, 105.78150505911847, 98.82959973384136, 79.99717874827, -0.300688934883, -0.926197340113, -0.227474507598, 0.447604049143, -0.347660185138, 0.823882886617, -0.842161967575, 0.145913956967, 0.51910725051,  
394, 3275640.7142445035, 92.13031380116261, 106.13812871974793, 100.36607817593887, 73.40899363608204, -0.510738878283, 0.386319306802, 0.768051555172, -0.218827773545, -0.922349035019, 0.318412724502, -0.831420593764, 0.00544525404256, -0.555616905316,  
395, 3761424.325216326, 96.4764334028005, 113.54379624073353, 92.11886523128585, 85.85225951007203, -0.975509916959, 0.113756641945, -0.188254690058, 0.0295918478029, 0.915970643573, 0.400152599212, 0.21795578556, 0.384782024691, -0.896904715684,  
396, 3660524.4416625095, 95.60594544405839, 111.65306593320079, 95.86287040502394, 81.6457569505872, 0.591668566187, -0.148065110274, -0.792467684455, -0.573030155513, 0.61419317684, -0.542589331259, -0.567066793825, -0.775140932117, -0.278553023137,  
397, 3137861.979474782, 90.8200512346311, 104.61099897380974, 90.11531202507696, 79.46379233871436, -0.922893604213, 0.107663641407, 0.369697086303, 0.332179179473, 0.708190161581, 0.622995736554, 0.194741849706, -0.6977644555, 0.689347790752,  
398, 3521083.6596322646, 94.37621986884265, 98.29630671983008, 94.44097048273868, 90.55034156771899, -0.25825898301, -0.964233451023, -0.0596334605926, 0.590865765756, -0.206489786711, 0.779897182224, -0.764316652018, 0.166180082776, 0.623060378725,  
399, 3045315.70552883, 89.91826207273986, 100.38232430931964, 98.77168455601952, 73.32532639858078, -0.573214628595, 0.746303861989, 0.338312777095, -0.790582425462, -0.395169675444, -0.467782381199, -0.215416847336, -0.535603839783, 0.816531756084,  
400, 2985415.601498816, 89.32480214744314, 106.67497390717314, 88.36026934260133, 75.61302491169259, -0.0876231989505, -0.964810729821, -0.247916176615, -0.627368425535, 0.246764079723, -0.738590784941, 0.773777121429, 0.0908170940957, -0.626914046559,  
401, 2670962.085139032, 86.07156599191006, 104.63566808638423, 92.63859857341724, 65.7820473212062, -0.242516699217, 0.919943876877, 0.308040442147, 0.767661029252, -0.0121782764272, 0.640740379367, 0.593196590321, 0.391860884728, -0.703251627976,  
402, 3250727.2543544914, 91.89614804497782, 100.14234183760036, 94.02373850659427, 82.4207694499489, -0.718953686004, -0.100236216907, 0.687792336539, 0.62006419658, -0.539601872291, 0.569517525227, -0.314047750352, -0.835932126575, -0.450101644363,  
403, 3518560.370207501, 94.35367042588656, 109.75811581461448, 91.54134822717162, 83.6031132357449, 0.399340846351, 0.257237678506, -0.879974809408, -0.832303740103, 0.504207633962, -0.230315318782, -0.384444238669, -0.824380639396, -0.415450585199,  
404, 2979650.5943209194, 89.26726800797704, 105.04994410973106, 85.044416024325, 79.62237022509318, 0.143597114229, 0.314905735736, -0.938197338722, 0.623274645246, -0.765159616387, -0.161429483194, -0.768705785967, -0.561573805525, -0.306147473565,  
405, 3187456.4741101596, 91.29602829506962, 94.12470842110726, 90.6734397560631, 89.16038160512234, 0.365114969663, -0.830979073846, -0.419719951585, -0.843653521432, -0.485961791162, 0.228232060206, 0.393623925471, -0.270767273431, 0.878490346524,  
406, 3670378.049101622, 95.69165442120585, 100.80104759681957, 95.34844840872033, 91.16822801405115, -0.593989600506, -0.0266639148706, 0.804030714671, -0.798504067892, -0.101979627526, -0.593288638969, -0.0978141505644, 0.994429078021, -0.0392835937236,  
407, 2958269.8866431722, 89.0532405929433, 105.72444810005284, 83.15556493710163, 80.33086404139578, 0.0770871495726, 0.648201050378, 0.757557238537, 0.904903741186, 0.273505194631, -0.326104473593, 0.418577102286, -0.710654843647, 0.56547581968,  
408, 1611878.9918361264, 72.7357534452658, 95.9767198178272, 82.39006419242291, 48.66347088866481, -0.905836266858, -0.411869182733, 0.0991182826703, 0.205245517711, -0.222011126995, 0.953197428107, 0.370587284056, -0.883784383096, -0.285640034118,  
409, 3395000.103932167, 93.23602025315456, 98.08689668510041, 91.44803162645671, 90.35783703076744, 0.855253922388, 0.436655955101, 0.279056096717, 0.262782637551, -0.829571906787, 0.49270248312, 0.446638571602, -0.348054634138, -0.824240230766,  
410, 3129069.294488895, 90.73514213084408, 95.863304021069, 93.15909233331837, 83.64672269058379, 0.592558189573, 0.283133282113, 0.754128859366, -0.579328958208, -0.500686051482, 0.643188491838, -0.559689869617, 0.818015294729, 0.13265831085,  
411, 3675723.6767161023, 95.73808776843447, 105.03011295958183, 98.28074221311732, 85.01038563718906, -0.579072122503, 0.0107172510087, 0.815205874286, -0.618755480936, 0.645313164609, -0.448009569534, -0.530864513555, -0.763842955137, -0.367051506107,  
412, 3618586.011156143, 95.23942474216626, 98.46481138772141, 96.33682638733274, 91.07032826631395, 0.276344559215, -0.00439321229465, 0.961048585805, -0.715951889842, -0.668041301942, 0.202814472687, 0.641129141456, -0.744111227294, -0.187754907767,  
413, 3418521.8942046445, 93.45084918191645, 116.26943288732878, 86.75944491588182, 80.90352371202677, -0.0717481579818, -0.363542546072, 0.928810539896, -0.995791614874, 0.079342802966, -0.0458669746609, 0.0570198349109, 0.928192618379, 0.36770531899,  
414, 2905172.217664398, 88.51721832779823, 117.91959702088225, 85.14512138483018, 69.07764413426106, 0.33782699147, -0.155331275283, -0.928302277684, 0.31816246825, -0.909381681531, 0.267950743781, -0.885802216994, -0.385871937584, -0.257793095629,  
415, 3566111.418928349, 94.77681272191934, 103.6053466895615, 94.55931626048792, 86.90000615134507, 0.0602183241747, 0.0560357600543, -0.996611131299, 0.011241551727, -0.998397792567, -0.0554569681204, 0.998121926895, 0.00786392990016, 0.0607517708232,  
416, 3264563.2577696485, 92.02634206558885, 98.41024865093564, 95.52529489510364, 82.90443480737811, 0.0501953157319, 0.173677482732, 0.983522527587, 0.226498124987, -0.961085506366, 0.158155773942, 0.972717343146, 0.214827329373, -0.0875796146286,  
417, 3138470.158724724, 90.8259184251843, 111.62896867563217, 90.71911157324021, 73.98670620467156, -0.75351036819, -0.490959614453, -0.437242246365, -0.623289056282, 0.74503220265, 0.237566347223, -0.209124071661, -0.451537012869, 0.867399244098,  
418, 3273782.7310568136, 92.1128913624466, 102.2299651578446, 96.83926463913714, 78.94625780814422, 0.142589279231, 0.782710274938, 0.605832421512, 0.962759684075, -0.251727603313, 0.0986255770604, 0.229699996013, 0.56920808079, -0.78945555454,  
419, 3300686.481060523, 92.36452937176432, 99.91933233581325, 94.0335620900566, 83.86548323609931, 0.599539410039, 0.7529023194, 0.271460113558, 0.179637777329, -0.457114778154, 0.87107769375, -0.779924845589, 0.473480915176, 0.409308023617,  
420, 3585232.6773460144, 94.94590656772895, 118.48407251039372, 95.83139282856631, 75.38083836817749, 0.197732135529, -0.958727465012, -0.204312629102, 0.858824963658, 0.269913442347, -0.435392254683, 0.472569237654, -0.0893777459523, 0.87674964166,  
421, 2646563.9675622503, 85.80868805682057, 122.30564234475356, 90.82840111410209, 56.87555190819847, 0.70936615261, -0.646029845376, 0.281860072402, -0.585529268824, -0.317507724021, 0.74588492446, 0.392371172336, 0.694142841259, 0.603498615615,  
422, 1542813.7872766464, 71.68170068800111, 115.87211458685132, 73.80928988635299, 43.066040285018005, -0.401975914156, -0.573405258099, -0.713877982867, -0.91200964888, 0.181273268674, 0.367938041543, 0.0815706122871, -0.7989658391, 0.595818615992,  
423, 2654114.857099543, 85.89021725273861, 107.57775045783647, 82.99657111828702, 70.96570060783176, 0.358786873996, 0.0425276152306, 0.932450202955, -0.801876492264, 0.525362812305, 0.284583918381, 0.477771985577, 0.849814872422, -0.222595176066,  
424, 3424319.670992342, 93.50364989223127, 99.21147406855911, 92.8827179225442, 88.71332842599726, 0.412189618073, -0.910952584288, -0.0162821353664, -0.378310441566, -0.18738147171, 0.90651497167, -0.828843126626, -0.36749635813, -0.421859571665,  
425, 2483594.90738636, 84.00994823704748, 101.30635052902498, 79.08379894612357, 74.00617484988199, -0.234756483979, 0.928301491765, 0.288350019277, 0.164857632049, -0.254320591998, 0.952965370641, 0.957972522771, 0.271251501145, -0.0933341777788,  
426, 1839733.9168085614, 76.01316255464653, 128.7336118593094, 62.93207350964761, 54.212871349556536, -0.300159044146, 0.366135089017, -0.880823276718, 0.947947004309, 0.217402193808, -0.232664486224, -0.106306280341, 0.904810136282, 0.412331895494,  
427, 3882286.4466816164, 97.49888642978263, 105.14320650046467, 98.33389302530523, 89.6426147816329, -0.788605477724, -0.14346162267, 0.597929898337, -0.0365324920257, 0.981616090903, 0.187337201611, 0.613813308369, -0.125891274129, 0.779348836894,  
428, 3812689.809004782, 96.91275835907373, 104.48762408148758, 95.66635994721214, 91.05813701434316, 0.367167116743, 0.196309861331, 0.909203358291, 0.871082763951, 0.270219967439, -0.410117041276, 0.326194921375, -0.942572865906, 0.071786250268,  
429, 3444270.364168699, 93.68488798242822, 102.30909043646118, 95.35689986716346, 84.28344497971068, -0.150737514551, 0.769337622989, 0.620804174889, -0.969336173073, -0.238310190675, 0.0599636272446, 0.19407623574, -0.592729174981, 0.781669073104,  
430, 2639737.887872419, 85.73485128142562, 119.72627501758474, 83.697512277415, 62.888346490013085, 0.409412735216, -0.826928140372, 0.385449170324, 0.399404769266, 0.54229499645, 0.7391833109, -0.820278637129, -0.148680824204, 0.552301520896,  
431, 3063885.2901932793, 90.10065830517867, 105.38839273670429, 91.91852795571425, 75.50714516344895, 0.353270403652, 0.42446643145, 0.833683555359, 0.897325181261, 0.0982959580387, -0.430285281771, 0.264589381834, -0.900092302603, 0.346159364766,  
432, 3788902.449672102, 96.71079162344998, 101.14772949789042, 96.91882227759218, 92.27000583584028, -0.0170573218133, 0.320697511093, 0.947028064078, -0.710647358517, -0.670166614407, 0.214142571123, 0.70334158103, -0.669350293429, 0.239334086752,  
433, 3429802.9243927384, 93.55353141028449, 108.27488815451099, 94.11853901134869, 80.34847459504795, 0.630860947562, 0.288729022892, 0.720173601419, -0.521008695461, 0.845432332373, 0.117448331753, -0.574947305494, -0.44931027444, 0.683780573859,  
434, 3580150.867287186, 94.90102568602235, 99.24044962289898, 96.37428331552258, 89.3640482078873, 0.92509622443, 0.362100299479, 0.114369351936, -0.327186762994, 0.607208003401, 0.724049212918, -0.192732450996, 0.707235331218, -0.680200256256,  
435, 3294672.332055519, 92.30839642544844, 105.04363768118078, 91.87319102602581, 81.5013993527897, 0.718541155443, 0.414768018749, -0.558270632003, 0.352580140706, 0.474671252717, 0.806457963085, 0.599487991802, -0.776308374595, 0.194831863972,  
436, 3543580.886650172, 94.57679233557663, 109.25477796943713, 99.32052256326627, 77.96044448778753, -0.998259082715, 0.0541387564767, -0.0234051025418, 0.0518687346267, 0.994714130901, 0.0886195923778, 0.0280791407643, 0.087251319945, -0.99579052467,  
437, 3474141.850836487, 93.95494569590178, 111.6283613426136, 93.52251107684789, 79.4453035909977, -0.351321331651, -0.372592753032, -0.858922558974, -0.910025494626, -0.0797347665334, 0.40681195427, 0.220061175718, -0.924563144081, 0.311056380015,  
438, 2609255.8373733815, 85.40356860406638, 106.89603738990373, 85.87043283332218, 67.86139704879666, -0.395482535965, 0.185860484367, 0.899471758366, 0.884335807231, -0.187457961251, 0.427562501644, -0.248080115679, -0.96452858595, 0.0902267315726,  
439, 3268272.647399745, 92.06118412784356, 98.6787901009013, 92.11803704789155, 85.83436113757405, 0.7350510329, 0.658112310729, 0.163058779277, 0.398353863558, -0.613800218786, 0.681588945631, -0.548647590372, 0.436047563787, 0.713336066447,  
440, 3467973.698034163, 93.89930876462537, 100.11749107869845, 94.38889100957299, 87.61053743073715, -0.0530546820052, 0.879383538136, 0.473148807008, -0.821657683108, -0.307716055509, 0.47978065923, 0.567506698204, -0.363311742224, 0.738878017981,  
441, 3185939.0628200546, 91.28153862132054, 98.24394366500064, 96.15353915509557, 80.51518479381812, -0.044072763617, -0.00791687870323, 0.998996954219, -0.627807347974, -0.777631958128, -0.0338595854469, 0.777120019905, -0.628669913968, 0.0293021148487,  
442, 3164348.951316358, 91.0748756168324, 97.59043547744301, 96.9314342470529, 79.85899962352087, -0.244107919745, -0.249122282041, 0.937202972738, -0.734415939364, -0.583628447836, -0.346426129044, 0.633280784112, -0.772862163304, -0.0404910484764,  
443, 3733740.300042293, 96.23916198729196, 100.20678964576891, 94.87371152654639, 93.75889029129412, -0.77443750448, -0.223295878416, 0.591933697586, -0.191259141211, 0.974495422477, 0.117382334591, -0.603047670221, -0.0223074483833, -0.797393181052,  
444, 2865946.875732622, 88.1170282637064, 111.67159166183819, 103.62752472005904, 59.123712405762944, -0.648893041232, 0.197153658383, 0.734893363711, 0.491604216249, -0.628552607665, 0.60269968804, -0.58074358852, -0.752364309616, -0.310941843452,  
445, 3163784.4024331067, 91.06945909691795, 107.02821901916055, 92.97375226281659, 75.90311754981747, 0.439678989112, -0.593629755862, 0.67400749216, -0.715094946323, 0.222683445658, 0.662609463239, -0.543435004648, -0.7733148104, -0.326592406125,  
446, 3402898.0323530524, 93.30826385762091, 105.34929952799915, 92.40294040183889, 83.45317856071301, 0.687625247876, -0.236530344979, 0.686458239362, 0.1786747355, 0.971499773368, 0.155767548736, -0.703737776006, 0.0155430450389, 0.710289769301,  
447, 3357474.8392329104, 92.89123120171575, 119.10120913668793, 93.9186891620697, 71.65656152494023, 0.910493670151, 0.320128244037, 0.261761693121, 0.334499088376, -0.942331289674, -0.0110499039747, -0.24312884751, -0.0976199153454, 0.965069280226,  
448, 4126088.2402522033, 99.49852303234974, 123.29225765753273, 110.35174247226622, 72.39938913573513, -0.284785557753, 0.840670587208, -0.460619311252, -0.297492197513, -0.534300266024, -0.791215279267, -0.911260433967, -0.0882960334872, 0.40225393964,  
449, 3321293.2568337456, 92.55634682999947, 95.96029184690724, 95.24453230487318, 86.75349913740939, -0.479961630243, -0.868123402561, 0.126485538382, 0.169492479888, 0.0497014296279, 0.984277434037, 0.860760787185, -0.493853749422, -0.12328560916,  
450, 3847298.2085158206, 97.2051064774912, 106.25936145646267, 99.39958385988466, 86.95918744034334, -0.061818863737, 0.998009699293, -0.01245263837, 0.97661486, 0.0630582526525, 0.205540925366, 0.205917078734, 0.000544874779232, -0.978569292282,  
451, 3050987.6576320194, 89.97405221261512, 108.89000624579383, 98.65873409097102, 67.79977928949121, 0.146924861388, 0.931573429809, 0.332541771781, -0.981625602555, 0.0959387938696, 0.164945215875, 0.121754923987, -0.350666070078, 0.928552123352,  
452, 3509620.845173006, 94.27369526045857, 116.30384195159941, 93.69881781288953, 76.88531867082301, 0.4278948415, -0.763224718316, -0.484142576077, 0.278405622996, -0.398312156267, 0.873978109139, -0.859881569579, -0.508758739996, 0.0420503362153,  
453, 3270692.1956894216, 92.08389658788703, 108.01948032639162, 101.28060429608142, 71.37115053714533, 0.792404376901, 0.572224766253, -0.211315215624, 0.559529655638, -0.543870450986, 0.625405066342, -0.24294416628, 0.613810841735, 0.751142052238,  
454, 2492647.7802237575, 84.1118984625074, 97.6396954973223, 79.92453493034847, 76.25455166872966, -0.575122071658, -0.660908340022, 0.482114891682, -0.0457956248294, 0.614420045389, 0.787648886606, -0.816784771796, 0.4309155067, -0.383633239758,  
455, 3659014.2891232856, 95.59279619702487, 109.24147963303461, 99.22327530205963, 80.58873961603902, 0.882873436624, 0.46511751605, -0.0648088818611, -0.321323652459, 0.698953699956, 0.638916923933, -0.342469860389, 0.543258153718, -0.766540914201,  
456, 3630904.313441484, 95.3473729191415, 99.25827269203192, 95.35198353996604, 91.58613873385754, -0.984869045428, 0.0991783922807, -0.142114777073, 0.158137226228, 0.178862773572, -0.971082244669, 0.0708913326058, 0.978862479991, 0.191840204927,  
457, 3771990.328491428, 96.56668443759919, 104.66949999324855, 93.22586901207802, 92.28377917786037, 0.130016605233, 0.990102770696, -0.0528411376103, -0.684153301826, 0.128159113179, 0.717989903348, 0.717655865972, -0.0571991710566, 0.694044892544,  
458, 3434429.3373941733, 93.59557685937098, 101.35774130003922, 92.2314820073544, 87.70611315261999, -0.131470514913, -0.982594312895, -0.131239932849, 0.210941046102, -0.157086243809, 0.964794168243, -0.968617250919, 0.0991580973584, 0.227921681615,  
459, 3403237.3296378246, 93.31136495832008, 100.83737735770565, 90.64949674565052, 88.88258725677578, -0.228858248083, -0.170358118937, -0.958437276819, -0.133142780363, -0.969837558569, 0.204176663767, -0.964311620962, 0.174336517408, 0.199273370966,  
460, 3727983.0382158514, 96.1896710354986, 99.59819014873028, 96.9735666519817, 92.14685190326684, 0.114475830984, -0.6526673615, 0.748946326083, 0.492002979809, -0.617701409583, -0.613496565971, 0.863034386325, 0.438714353345, 0.25040240452,  
461, 3140371.724803221, 90.84425821146779, 101.34175798537247, 95.64495402201896, 77.34672909756124, -0.638042901117, 0.640998066825, 0.426641224756, 0.65491715051, 0.160367848484, 0.738488780647, -0.404950345478, -0.750602179253, 0.5221221947,  
462, 3360727.476099193, 92.92121841344496, 100.9111983369893, 98.66030974429438, 80.58660300862473, -0.791596231422, 0.347780367393, 0.502418373922, 0.386102445207, -0.352600851003, 0.852406910858, -0.473603534831, -0.868747060961, -0.144838654604,  
463, 3635945.3651538817, 95.39147843908881, 101.76481910990326, 93.30245083893831, 91.41932760127948, -0.413026567414, -0.00907496575711, -0.910673761348, 0.905181709183, -0.114190763225, -0.409397780838, 0.100275261015, 0.993417391931, -0.0553783119801,  
464, 3114500.586744328, 90.5941043853404, 99.09906954305823, 93.25595299035916, 80.45511618590507, -0.271433536615, 0.40941792197, 0.871034327894, 0.227635497691, -0.852024775504, 0.471418987864, -0.935150210069, -0.32623725584, -0.138070045668,  
465, 2750011.733086983, 86.91244732044188, 97.24961460637866, 86.78506049077069, 77.78808463349095, -0.704348495143, -0.144270349699, -0.695039037455, -0.0739615036515, -0.958884530542, 0.273989330204, -0.705990717621, 0.244390104721, 0.664718424107,  
466, 3022070.9178096796, 89.68889652159336, 102.34780794737821, 87.92732531246916, 80.17032317785979, 0.200969083207, -0.0660892051344, 0.977365665736, 0.648494330522, -0.738819761273, -0.183304292458, 0.734211502822, 0.670654588679, -0.10562145524,  
467, 2690907.314870379, 86.2852794511501, 99.73674514665274, 87.94517902429472, 73.23908358635985, -0.579167393667, -0.803856847284, -0.135570273985, -0.775778929239, 0.594573863373, -0.211303038176, -0.250463935651, 0.0172072679052, 0.967972999039,  
468, 3154147.870472797, 90.97690261291014, 101.00768445376106, 96.45951459641374, 77.28477609581567, -0.554924508412, -0.648778180501, -0.520716489531, -0.823684089038, 0.516253819377, 0.234577312298, -0.116633234673, -0.559078587038, 0.820870161527,  
469, 3748362.369425548, 96.36462890950638, 109.09766043195565, 104.25107227365618, 78.6786667531902, -0.438803436775, -0.815637012854, 0.377077985484, 0.536438975141, 0.0988771926208, 0.838126796331, -0.720891649156, 0.570052246765, 0.394151831322,  
470, 3977471.4728959557, 98.28928022537113, 132.24672472351853, 98.57413841068892, 72.84010270239723, -0.586541799973, -0.651045352125, -0.481776573072, -0.809346878232, 0.448799095574, 0.378862775301, 0.0304359586899, -0.612143219589, 0.790160952673,  
471, 2495956.369886423, 84.14909702187022, 107.68305349595143, 90.42060909229536, 61.19748716487248, -0.112790628274, 0.78457288421, 0.609691449453, 0.454436219259, -0.504938751999, 0.733842339576, 0.883609640508, 0.359836415739, -0.299585976156,  
472, 2814469.0298994686, 87.58625453411199, 99.11232554013269, 95.41736717405661, 71.04814924997989, 0.581774104986, 0.544429505696, 0.604264349515, 0.659134112156, 0.119689754756, -0.742439616938, -0.47653028546, 0.830223389175, -0.28921965892,  
473, 3114050.636498723, 90.58974148118332, 96.61842681055654, 90.98050843968754, 84.572416428017, 0.204816696789, -0.963990702446, -0.169623248154, -0.188095972462, -0.208831196727, 0.959692365509, 0.960557143464, 0.164655570424, 0.224094884521,  
474, 3061881.6991027147, 90.08101394035774, 97.76902452833075, 92.29960939973789, 81.00254282462525, -0.785980573454, -0.603357360917, 0.134886742046, -0.606676292443, 0.794705178365, 0.0196864335934, 0.119073147016, 0.0663594341993, 0.990665438558,  
475, 3641018.734533741, 95.43582557466128, 107.95637501699505, 96.72467401058539, 83.24319414248413, -0.330277343938, 0.536411016724, 0.776646700385, 0.403271867446, -0.663747177021, 0.629929746816, -0.853398310877, -0.521251288855, -0.00290118224025,  
476, 3053654.274614741, 90.00025754856124, 103.95927649369163, 86.99300117680477, 80.60902987892725, 0.647518370659, 0.00992145560021, -0.761985252074, -0.662811416156, 0.500740301183, -0.556722711396, -0.376033224958, -0.865540707009, -0.330814597982,  
477, 3484133.5344045055, 94.0449314240038, 102.62333389721681, 94.60548144173566, 85.6729581785272, -0.381324459692, -0.913404950272, -0.142418584667, -0.896018880327, 0.327280206662, 0.300063047415, 0.227468289081, -0.2420311202, 0.943228028802,  
478, 3232777.7615323393, 91.72669523694715, 101.62037571997182, 97.10427962211806, 78.2110422827108, 0.496588009046, 0.199384293169, 0.844775859568, -0.811142601828, 0.45301730473, 0.369895932818, -0.308946643892, -0.868919573524, 0.386692055744,  
479, 3627871.6914732587, 95.32082002280059, 112.11401347189417, 104.86956649408192, 73.6637692093559, -0.461077736251, -0.00963328856058, -0.887307455669, -0.317364896394, 0.93559060582, 0.15475703809, -0.828665700793, -0.352955263529, 0.434437266215,  
480, 2538715.0355148474, 84.62690316601064, 112.95704605800617, 84.09523923672724, 63.802927895500304, 0.379331921337, -0.853973862228, 0.356140332013, -0.45645633966, 0.162092947859, 0.874856266045, -0.804832220676, -0.494423420649, -0.328314753971,  
481, 3661135.0972435484, 95.6112615364121, 104.13009139161372, 97.59712767961243, 86.0030512408941, 0.316367180446, -0.027261865374, 0.94824500939, -0.662941842939, 0.708632576308, 0.241553275026, -0.67854249684, -0.70505082263, 0.206115058866,  
