# Void_ID, Void_Volume, r = (a*b*c)**(1/3.0), a, b, c, vector_a, vector_b, vector_c 

0, 330430.32819641364, 42.88747034935742, 118.32615390690519, 30.682239564396014, 21.72818686101224, -0.790448823618, 0.611649569874, -0.0327942207253, 0.591838321018, 0.748856342123, -0.298230750654, 0.157854550186, 0.255145022555, 0.953930269176,  
1, 333182.7330469128, 43.006221990568946, 127.30450277617247, 33.558452604677676, 18.618649869315558, 0.936044631276, -0.215251709824, -0.278365137322, -0.268043621664, -0.948691448948, -0.167741323406, 0.227976018792, -0.23162736477, 0.945714385396,  
17, 639777.0762270595, 53.453976926814406, 147.12807145102903, 58.809575997381714, 17.652103899571138, 0.845046874075, 0.277804654252, -0.456859228528, 0.379118088293, -0.913825597734, 0.145575588802, 0.377048081476, 0.296221793597, 0.877546234254,  
26, 1982333.392034573, 77.92844837109507, 145.8490807790848, 72.69003827974043, 44.63848982581257, 0.510219783615, -0.448379941232, -0.733914981935, -0.395202389681, -0.880147612221, 0.262973861614, -0.763865723539, 0.155870487914, -0.626269548517,  
28, 745989.7398742903, 56.26194584360869, 129.30171695708285, 61.562380495347675, 22.373016786199262, 0.26744146333, 0.799467977819, 0.537890338391, 0.902467944322, -0.403447988331, 0.150934854102, -0.337678357558, -0.44506254971, 0.82939294287,  
36, 835410.2268058084, 58.42567331698139, 125.89731834597376, 102.88600439747465, 15.397081086590134, -0.609629860038, 0.616228602659, 0.49861181596, -0.378902242358, -0.779036215696, 0.499535449562, -0.69626469427, -0.115606591066, -0.708414138492,  
38, 3273422.0854233215, 92.10950879914252, 112.55464014699476, 96.36922002117502, 72.04629485526019, -0.868272185727, -0.103245059054, -0.485225585964, -0.490382358886, 0.0307058827489, 0.8709662972, 0.0750236868387, -0.994181878001, 0.0772906195311,  
59, 3285938.825534778, 92.22676065230957, 128.5726735328974, 79.10977212538961, 77.12444581071638, 0.34106676521, -0.407015489917, -0.847355800497, -0.77335887342, 0.390952739488, -0.499071145619, -0.534405758363, -0.825526708505, 0.18142805454,  
60, 3723915.9092789944, 96.15467819483015, 121.50151843651797, 109.10269263745145, 67.06471474677923, -0.935453739239, 0.294605318887, -0.195279307219, 0.258131509975, 0.946854839923, 0.191921952033, -0.241442385057, -0.129126365232, 0.961785816333,  
85, 630858.595707511, 53.20443127488231, 97.42320907685463, 48.05680169150903, 32.168152625883614, 0.114423440644, -0.761745342074, 0.637692175002, -0.789298445802, 0.320084601357, 0.523978827271, 0.603253876643, 0.563284902871, 0.564619233212,  
100, 2714771.4119863007, 86.53960049287868, 129.20306490113288, 87.03774793978006, 57.6320670778842, 0.305565635521, 0.878478997895, -0.367293197113, 0.839834163338, -0.0668898787017, 0.538706155727, -0.44867384644, 0.473075463731, 0.758215922503,  
102, 679212.5935694786, 54.53044479323132, 137.54886992124509, 74.68571416352474, 15.784199288879389, 0.830067419493, 0.504048435278, -0.238585946759, 0.201058837442, 0.128559041047, 0.971106542482, 0.520157113749, -0.854053714856, 0.0053692790427,  
106, 907747.0637508726, 60.06554396722083, 109.39957465262151, 70.72743286142072, 28.00739489955089, -0.00444323101172, 0.985064505646, 0.172128374808, -0.996942221162, 0.00906542651871, -0.0776145972502, 0.0780158020049, 0.171946903892, -0.982012116463,  
111, 1092169.6158335633, 63.885234557382034, 106.95101211554795, 82.6072544096505, 29.511983151655475, -0.809798782522, 0.425819155955, 0.403613649729, -0.403597075654, -0.903604989536, 0.14355285929, -0.425834865118, 0.0466483580445, -0.903597586507,  
128, 367212.1732663175, 44.42316392829452, 118.32674347611099, 111.5565310975044, 6.641260981940137, 0.617337816972, -0.655733916606, 0.434634386984, 0.673340132534, 0.726125584782, 0.139121173957, -0.406825620697, 0.206772013911, 0.889796745672,  
151, 2643026.588927819, 85.77044058330259, 103.4730392390131, 90.9804242017503, 67.0251446537266, -0.608591602866, 0.413464615452, 0.677246832912, 0.429881837457, -0.545595639389, 0.719393497402, -0.666946674589, -0.72895295462, -0.154303996078,  
158, 1774736.8191646726, 75.10723659396064, 132.9380281989106, 92.47495662270758, 34.464499898504194, 0.386222154178, -0.495954726696, 0.777728330904, -0.553525132688, -0.799081278631, -0.23468923628, 0.737863385123, -0.33984999516, -0.583146298697,  
159, 156999.80612419237, 33.465976539601506, 97.10698898353832, 80.85967241242119, 4.773402334727287, -0.0331507310125, -0.783280171277, 0.620784344453, -0.984473931349, -0.0815322871493, -0.155446340089, 0.172372003319, -0.616299163911, -0.768416054644,  
161, 609696.4434739077, 52.602738096010874, 103.56233995765744, 78.56224867763856, 17.8899568076543, -0.445240343789, 0.721664813315, -0.530057481303, -0.44676260544, -0.692066292963, -0.566963332611, -0.775992403728, -0.0156250877477, 0.630548686455,  
180, 2279862.504657538, 81.64695934494033, 108.8663172835301, 92.13594517677292, 54.26220271185991, -0.458153465737, -0.330482111093, 0.825152698645, -0.436131491967, 0.892467493642, 0.115287009271, -0.774522255037, -0.307055934709, -0.553020731449,  
181, 1775371.8761325988, 75.11619410723748, 112.17972774469315, 100.07696883224133, 37.753063810624504, 0.298646514653, -0.41672138164, 0.858576466816, 0.897392021073, 0.428796103974, -0.104026255009, -0.32480427922, 0.801546749292, 0.502020904843,  
205, 3033479.046149156, 89.80161146443145, 105.23682679240575, 92.62349001713793, 74.29567020793995, 0.0715896423606, 0.995487372092, -0.0622881618881, -0.728571206595, 0.0948407084999, 0.678372491284, 0.681218702053, -0.0031830827749, 0.732073048238,  
213, 136100.9189947938, 31.909804943220404, 91.47618675650911, 47.05493163816874, 7.54847548820779, -0.457167872654, 0.717039764515, -0.526166810353, 0.168318939579, 0.650674244915, 0.740467258954, 0.873307661017, 0.249954001986, -0.418158733138,  
223, 1514388.3742210213, 71.23873831421196, 127.0090518363789, 70.53692712574733, 40.35500891931198, 0.612549169742, 0.661405260376, 0.43281242611, 0.533009727252, -0.749971636317, 0.391718234672, 0.583681544426, -0.00925344622929, -0.811929940592,  
239, 2943387.204666128, 88.90365092281571, 118.68665655952908, 95.10204232857281, 62.25396955189238, -0.684351832765, 0.723262075087, 0.092490754841, 0.0751283105213, -0.0562291633865, 0.995587272992, 0.72527119476, 0.6882806491, -0.015856926747,  
241, 1474299.2756848, 70.60449443891214, 88.30225109431363, 74.9976009833036, 53.14689492564058, 0.68948730277, 0.0864045244457, -0.719125522752, 0.351438536315, 0.82824235924, 0.436469414224, -0.633323151725, 0.553668540298, -0.540696710711,  
254, 1097584.4926594489, 63.990639597979644, 101.92634099792842, 78.66336948469429, 32.68062653627103, 0.731979519975, 0.479562688554, -0.483968604441, -0.502991833171, 0.859495668478, 0.0909198087983, -0.459570667146, -0.176880817544, -0.870349342669,  
261, 3143183.315305814, 90.87136123074289, 131.57405663802032, 90.69729719271768, 62.880573084429564, -0.175197193866, 0.549873597493, -0.81666698846, -0.159962513234, 0.80257646678, 0.574702539868, 0.97145145922, 0.231322376242, -0.052649982227,  
323, 316247.1886683794, 42.26485221299855, 112.85949008901225, 32.429923567205165, 20.627854304948887, -0.893422488436, -0.438290068525, 0.098478794613, -0.429222982457, 0.897566910199, 0.100703887938, 0.132528821346, -0.0477017562246, 0.990030632842,  
361, 2162123.698759911, 80.21654930891222, 100.58286009090152, 92.80152998470838, 55.29843120562569, -0.104574200293, -0.469231666644, 0.876861379952, -0.65884880463, -0.627772482703, -0.414511715876, 0.744971468763, -0.621066303208, -0.243503917318,  
370, 2086580.3114636913, 79.27121205868697, 133.898871193623, 100.81343398477303, 36.90210767984578, -0.779842731495, -0.203802413022, -0.591869825705, 0.0700068854461, -0.967979436293, 0.241070211566, 0.62204851107, -0.146561889183, -0.769139299812,  
373, 1003794.0395391637, 62.11340455510657, 121.70997479006863, 47.70444323173099, 41.27347154725693, -0.505656617878, 0.0167841716538, 0.862571548556, 0.330521336853, -0.91975961331, 0.211655143119, 0.796910930205, 0.392123125186, 0.459535008474,  
385, 1728879.3449434107, 74.45468412926448, 101.39353623329924, 81.10913006456654, 50.18755784313353, -0.948614984014, -0.314383006718, 0.0359574358191, -0.314783179859, 0.949145130739, -0.00592203284638, 0.0322670386294, 0.0169365250806, 0.999335775571,  
389, 790507.769058259, 57.35956437996366, 114.04986011176233, 85.22550666774815, 19.415705881754715, 0.0110177592263, 0.672686379078, 0.739845689576, -0.258712714491, -0.712779720605, 0.65193005856, 0.965891474412, -0.198590295072, 0.166179283789,  
413, 454067.0762973534, 47.68082939582527, 103.42602790869675, 52.75686222654673, 19.86655666665158, -0.638278039489, -0.325969622799, -0.697384362686, -0.769327293429, 0.238166293206, 0.592800415288, 0.0271414791658, -0.914888311103, 0.402793642347,  
449, 181477.90422975764, 35.12193072699299, 94.54881719974942, 57.60894375801454, 7.954064952178579, 0.208210891236, 0.953049792899, -0.219873411368, -0.61148555087, 0.302289901228, 0.73123610188, 0.763369927262, -0.0178019064041, 0.645716227364,  
497, 884147.2164237757, 59.540433395349574, 90.81094256465691, 87.10573055787168, 26.684008093198653, -0.154025510965, -0.413393508934, 0.897430748717, -0.963296306996, -0.139272919119, -0.229484811975, 0.21985533175, -0.899838241448, -0.376768857961,  
512, 2169706.729916216, 80.31021876412368, 123.14742673434928, 113.80624867130263, 36.95906512378824, -0.64944128967, -0.0133390997695, 0.760294732119, 0.229307897387, 0.949865786255, 0.212539117101, 0.725013033998, -0.312373264732, 0.613823300318,  
526, 1273482.8693893207, 67.241103592062, 130.55841555205706, 55.36629733999252, 42.058535513533386, -0.63251059469, 0.771617303755, 0.0673578811369, 0.0975485866595, -0.00691340575611, 0.995206751415, 0.768384422568, 0.636049480282, -0.0708973750371,  
557, 1939058.1036764192, 77.35719930499037, 120.31823263828846, 66.72817460189425, 57.65825905481346, -0.187646003161, -0.54664396123, 0.816069456081, -0.982223409673, 0.108754693876, -0.153001928259, 0.00511380373872, 0.830272723996, 0.557333879107,  
564, 179918.270028785, 35.02102764765476, 158.574075107037, 43.48791599633168, 6.2285344961817195, -0.471003142848, 0.850697042461, -0.233389334322, 0.30714029007, 0.406169173441, 0.860634326972, 0.826934629607, 0.333678205004, -0.452590293601,  
594, 1056619.703679165, 63.18442417237934, 108.7121265462993, 77.7253419735801, 29.853101880563887, 0.575039634177, 0.760622714013, 0.301301354218, 0.677972297542, -0.649166828644, 0.344870979287, -0.457911544833, -0.00595948960403, 0.888977784645,  
597, 2074641.9321519914, 79.11973926556996, 105.17643911082163, 88.51029913796496, 53.2037532439968, 0.182164004258, -0.729688721204, -0.659068012955, 0.118235901986, -0.649163742702, 0.751403158525, 0.976133467838, 0.214804109151, 0.0319788626686,  
608, 840095.9867413943, 58.53470494776564, 110.69600181948562, 81.36491046073617, 22.267487377551916, -0.800024013041, -0.231237692639, -0.553616029447, -0.575605250726, 0.0355421285449, 0.816954926808, 0.169234080182, -0.972247852454, 0.161536186359,  
611, 838862.2966716916, 58.50603796086014, 109.85548284776227, 67.95699845962375, 26.82539588548471, 0.283280345489, 0.704037781501, -0.651216590759, 0.340081727338, 0.561161286935, 0.754614092617, 0.896714371799, -0.435234203924, -0.0804644216054,  
634, 2400165.9583527227, 83.0585262333164, 119.74887770229614, 78.30431167828182, 61.10764322691352, 0.813735110858, -0.546398227247, -0.198202287118, -0.509455819007, -0.506336619193, -0.695757139054, -0.279803391397, -0.667137321191, 0.690389641316,  
638, 1577069.1332148237, 72.20834216722747, 110.56269495801858, 59.354278151550076, 57.372196703305534, -0.172528551672, 0.70991135622, -0.682832164714, 0.316109908459, 0.696464494914, 0.644214042923, 0.932903223616, -0.104704697288, -0.344570024427,  
639, 374139.643761161, 44.700773653268826, 115.08505193398052, 31.559709389137076, 24.591963502457194, 0.242227948171, -0.0492280404095, -0.968969669888, 0.808591579482, 0.562184686016, 0.173574296485, -0.536195187143, 0.825545261537, -0.175982221937,  
656, 3309295.9467522395, 92.44476710889052, 145.2795206642864, 89.1186567849557, 61.02024790593408, 0.561363947715, -0.71554502853, 0.415771367883, -0.407570582219, 0.198205254215, 0.891403891461, -0.720247692614, -0.669858185997, -0.180369819918,  
692, 1482123.3675896388, 70.72917326346537, 99.17771836571951, 78.71737927602527, 45.32220236145597, -0.252401998857, 0.696308259271, -0.671898830959, 0.961144063897, 0.260631157668, -0.0909587163927, -0.111782464672, 0.668749734746, 0.735036375201,  
723, 2982128.4372233734, 89.29200569389897, 141.3964222706678, 74.32304994586752, 67.74477284944899, -0.819683707595, -0.395777154465, -0.414100306095, 0.272579398094, -0.905324108587, 0.325712649655, -0.503804616135, 0.154106140094, 0.849960120445,  
763, 2278357.472896498, 81.62898920911717, 138.49721643302018, 93.6609916142498, 41.93083008192225, 0.84195032091, -0.433633023424, -0.321063947081, -0.23574009079, -0.830896913148, 0.504020762782, -0.485331089786, -0.348672798936, -0.80179861098,  
768, 2158622.0542017366, 80.17322128879665, 109.16682486449685, 101.57226914065322, 46.47529625148693, -0.76141049566, -0.625105429714, -0.171747660365, -0.0191183456671, -0.243164417556, 0.969796656466, 0.647988075475, -0.741696884028, -0.173196958015,  
799, 1238492.188385571, 66.6195284203406, 111.29583872090922, 53.844117500583124, 49.338673882943205, -0.0439382662723, -0.337629700398, -0.940252952224, 0.224448133517, -0.920438152032, 0.320026004639, -0.973494973853, -0.196976632354, 0.116222812685,  
800, 2321895.6671640514, 82.14567398987201, 111.27488377633988, 79.86228752830542, 62.37566614718197, -0.903414000602, -0.426012426137, 0.0485443744807, -0.37358218676, 0.837637834001, 0.398496184155, 0.210426930911, -0.341871718379, 0.915884400413,  
803, 657761.7403327299, 53.9502340457181, 112.7941453749523, 85.73278419731291, 16.238522575022746, 0.356608317603, -0.404461094635, 0.842164907095, 0.59641103664, 0.792404828783, 0.128017431217, -0.719113609376, 0.456624364492, 0.523803213585,  
814, 1768855.3344650564, 75.02417621437863, 117.09668027611296, 76.53675246394155, 47.11824356197455, 0.953931348037, 0.281880593127, -0.102753659059, 0.227557605747, -0.456562630035, 0.860097727542, 0.195531376761, -0.843856561315, -0.499673478011,  
836, 2022753.829675225, 78.45455094148002, 119.81247702268385, 71.32092197755743, 56.51131679731206, 0.118124255382, -0.273406267307, -0.954618077185, 0.534016301012, -0.79300737213, 0.293199416781, -0.837181730895, -0.544415577243, 0.0523299981952,  
848, 1534900.3847818873, 71.55893392536377, 119.60662389053923, 77.82952523379352, 39.36334282577132, -0.217951284906, 0.824737640563, -0.521828574961, 0.84571224036, 0.426460630275, 0.320783630086, 0.487101677181, -0.37140160886, -0.79043836004,  
871, 1530768.8397673804, 71.49467033610424, 136.83351797991284, 74.74423320927696, 35.73146478942002, 0.648489487931, -0.726629087313, 0.226873430602, -0.394158208694, -0.0655522482897, 0.91670181044, -0.651230136405, -0.683895512644, -0.328916763366,  
876, 2553855.73951067, 84.79480596534177, 100.12174349903233, 84.44036829727125, 72.11560139716681, -0.390935613411, 0.836748864491, -0.383432763258, 0.919268739815, 0.37576604697, -0.117238483197, -0.0459818460385, 0.398310451429, 0.916097404274,  
885, 835577.3398979024, 58.42956882589857, 97.64792424008199, 71.76550439495111, 28.465530844556874, 0.807851430277, 0.51923183895, 0.278880555111, 0.183457878835, -0.671193188153, 0.718222048443, 0.560106483887, -0.529053874002, -0.63748154884,  
889, 901334.8171051056, 59.923777031309186, 92.4391350450964, 70.37423452604699, 33.07714225814256, -0.183758150471, 0.297960862128, -0.936724221303, -0.112390598175, -0.953070815949, -0.281112741135, 0.97652511262, -0.0536222381725, -0.208622529934,  
904, 1338737.384596497, 68.37052698319604, 99.58490387474697, 76.03638638049713, 42.207711430577966, -0.316497792965, -0.910343179871, 0.266654161621, -0.0712658781158, 0.30312946155, 0.950280855409, 0.945912428116, -0.281758450453, 0.160816211664,  
915, 851756.5213826604, 58.80428214695699, 102.70899665315906, 66.8284547625279, 29.624904028559065, -0.87079885552, 0.49010588404, 0.038801748083, 0.460778221682, 0.786069335663, 0.412041781805, -0.171443237395, -0.376684512502, 0.910338395539,  
942, 1083402.2970424374, 63.71383026973217, 109.72248565606003, 59.994556930797756, 39.29105180381902, -0.211622314425, -0.957837562347, 0.194327559019, -0.952102825, 0.246941575843, 0.180333215873, 0.220717481555, 0.146857285407, 0.96421819681,  
974, 2088736.184060553, 79.29850389254614, 121.87171087912728, 73.99730013748423, 55.29376961050565, 0.779194466187, -0.357764551486, -0.514646004127, 0.28746474049, -0.52565933013, 0.800653665215, -0.556973973215, -0.771807485288, -0.306746147188,  
1009, 1466115.3326672951, 70.47360838389615, 126.00717456413575, 71.29600645376337, 38.96000900860786, 0.274217694623, -0.296969132036, -0.914666054127, 0.797934410622, 0.601132583007, 0.0440487683402, -0.536754443206, 0.741922470521, -0.401803080419,  
1020, 767193.0691646168, 56.79001985011062, 126.33342820108231, 83.33468267965233, 17.396905084774172, 0.717203240982, -0.68462892172, 0.130010579064, -0.641374527551, -0.721459571393, -0.261026439762, -0.272503626643, -0.103823534856, 0.956536694056,  
1046, 380209.56475792214, 44.94121500411174, 120.36002472321582, 93.88494243687708, 8.032601390812575, 0.901323996162, 0.4255886126, -0.0805567301233, -0.396870076395, 0.885935727551, 0.240025059341, -0.173520017305, 0.184369790026, -0.967418515494,  
1065, 1583882.9750570003, 72.31218655205369, 106.34093282885468, 95.65716713570504, 37.17204896101496, 0.945759649793, 0.252900278053, -0.20391207464, -0.316221545385, 0.860497573275, -0.399434425936, -0.0744487680054, -0.442250354154, -0.893796400302,  
1076, 230256.91649668067, 38.02256039429722, 107.44534255932379, 41.09220596951299, 12.450219953954713, -0.737251446835, -0.0562809257003, 0.673270199506, -0.624146099678, 0.438246042159, -0.646824591979, 0.258654113435, 0.897091335336, 0.358225048913,  
1112, 3126731.3075146624, 90.71253791879586, 137.51862330154466, 96.24324592214867, 56.39884046988662, 0.192247232364, 0.741863402847, 0.642401504641, -0.802363613802, -0.25807735792, 0.538153053113, 0.565025338277, -0.618898027825, 0.54562954306,  
1119, 969097.0246514531, 61.3893285992541, 115.41788874895585, 81.71678627323494, 24.529813514079986, 0.634293650423, -0.175198280013, -0.752978836166, 0.329647845701, -0.819708263242, 0.468412917197, -0.69928811148, -0.545329190355, -0.462182010997,  
1125, 3165611.0177501263, 91.08698208459046, 113.22233719929366, 96.67124880714162, 69.04615438980696, 0.821200629765, 0.469998032395, -0.32362227244, -0.485122670131, 0.873630259898, 0.0377645854702, -0.300475490846, -0.125984199549, -0.945432420041,  
1134, 2449791.8564609624, 83.62706580605753, 142.16798657682614, 75.81120345978341, 54.2631965367439, -0.966755661584, 0.207664385951, -0.149194482482, 0.110742425452, 0.865946613875, 0.487721823506, 0.230476909907, 0.454985675298, -0.860156049373,  
1139, 1761649.3899840254, 74.92215998800754, 130.3750621656928, 64.38018928953181, 50.1053489097819, 0.261149166028, 0.139231949423, -0.955204468866, 0.655631943952, 0.700693464723, 0.281381276142, 0.708482792418, -0.699745048395, 0.0917006002932,  
1140, 958332.1422812764, 61.16117426745294, 122.83758626445916, 46.929708435765704, 39.6870040189216, -0.753735737, 0.649186623891, -0.10217223757, 0.6191965704, 0.64945048643, -0.44137248768, 0.220177305766, 0.395942916387, 0.891488172097,  
1146, 747996.2996926553, 56.3123450582948, 108.55904340158382, 93.28309630035803, 17.63363631294492, 0.738619565501, 0.660895162159, -0.132886124533, -0.416617987842, 0.602494025572, 0.680757226445, -0.529972253675, 0.447457856993, -0.720354688018,  
1155, 2525967.809941559, 84.48502446070015, 119.16704803300851, 78.08469750222133, 64.8062794207204, 0.240773988475, -0.59857792217, 0.764023793847, 0.297129389762, 0.794845698848, 0.52908831093, -0.923981608158, 0.0996232207511, 0.369233261873,  
1163, 2573874.256085063, 85.01578558631269, 121.76370201886792, 86.21589420048754, 58.53202322696689, -0.0276210022463, -0.15886968134, 0.986913119067, -0.784558701099, -0.60835388735, -0.119888249112, 0.619439040394, -0.777602708391, -0.107839246747,  
1173, 459997.38199263124, 47.8875093978786, 94.47954043450991, 73.2938122144792, 15.85848396487455, -0.216270863989, -0.947620430829, 0.235037087425, -0.970444892623, 0.23504436095, 0.0546887444321, 0.107068313574, 0.21626295906, 0.970446654261,  
1178, 1702099.9322367958, 74.06826101995937, 93.19540545824172, 74.61401564656603, 58.43614110746483, -0.609724371785, 0.791181628176, 0.0476216514572, 0.0706390450563, -0.00560123414458, 0.99748621619, 0.789459508629, 0.611555604514, -0.0524731057105,  
1187, 560064.5150041623, 51.134790694052676, 97.92218022433399, 37.364345707354886, 36.54357166445702, 0.625455143534, -0.618621811817, -0.475513319867, -0.651012246479, -0.0778078875775, -0.755068862797, -0.430103381016, -0.781826698556, 0.451395718924,  
1190, 3797641.209705779, 96.78508609286581, 135.43544529155238, 109.3400703668516, 61.222862747459246, -0.485928673936, -0.235796519613, -0.841589760623, -0.119765915691, -0.935870652695, 0.331364220854, 0.865753688577, -0.261813144747, -0.426525999152,  
1218, 2555193.5780545515, 84.80960998042501, 114.65015697203988, 86.82606125468065, 61.27882708173727, -0.871749777659, 0.1503418189, 0.466314982219, 0.454885062437, 0.601939151853, 0.65631458725, 0.182021716075, -0.784261815312, 0.59312856947,  
1226, 1761727.2280680155, 74.92326344471216, 115.20198143496806, 68.46155301983605, 53.326534540546, 0.159190759345, -0.985464176457, 0.0593182860521, -0.524048725397, -0.0334278546761, 0.851032027565, -0.836678693136, -0.166562106893, -0.521752651166,  
1231, 2928490.083282629, 88.75341028011943, 120.834376571588, 90.22307281159117, 64.12790150735528, -0.700945645038, 0.695983645477, -0.155826724058, -0.0555802718393, 0.164516128307, 0.984807228299, 0.711045734172, 0.698957229561, -0.0766339034639,  
1233, 1329250.6628303307, 68.20864551553115, 127.59738260960438, 56.860734722508724, 43.73851594818662, -0.921952048702, -0.211049884319, 0.324749697803, -0.367394595344, 0.211189372716, -0.905770533945, -0.12257908144, 0.954388283237, 0.272245061687,  
1235, 3127231.389610546, 90.71737377807759, 139.62110019383252, 83.89574956892874, 63.73535261784421, -0.154910435466, -0.598931612997, -0.785674029058, 0.0257781518818, -0.797453910973, 0.602828953153, -0.987592144495, 0.0731312711939, 0.1389732827,  
1239, 2712940.209251254, 86.52013817925642, 104.74154305654365, 85.03396858783361, 72.71771055694803, 0.313138293307, -0.805717183459, -0.502756630532, -0.546634280317, -0.585807860696, 0.598347820192, -0.776617906597, 0.0874583936868, -0.623871506423,  
1241, 1140513.5725570184, 64.81426735073785, 98.45851901314684, 90.70891572357928, 30.48657061121553, 0.147447482431, -0.634942588194, 0.758358193483, 0.565731740873, -0.574787732284, -0.59124162589, 0.811299474481, 0.51620439025, 0.274456171715,  
1242, 2171246.272084107, 80.32920930855379, 121.3949725051521, 87.44834578037924, 48.827914660856706, -0.0889987680822, 0.824044792387, -0.55949030324, 0.992754451803, 0.118918852562, 0.0172309294654, -0.0807330025748, 0.553902957787, 0.828657767507,  
1245, 1981062.919367979, 77.91179676203147, 120.49819813280486, 73.11828939078681, 53.67883535733678, 0.0113098837019, 0.984318812332, 0.176035684507, -0.808559969688, -0.0945734647331, 0.580763837706, 0.588305075576, -0.148903779192, 0.794811174175,  
1249, 2185679.1924115093, 80.5068070952766, 102.18662448692697, 83.96913366896345, 60.8112712858737, 0.0750261324538, -0.0169192638299, 0.997038022324, 0.97726400307, -0.197592536063, -0.0768912088292, 0.198308214031, 0.980138218928, 0.00170998371687,  
1266, 1439935.5946400082, 70.05161509042117, 116.59356856753845, 64.7749501712079, 45.51691043429483, 0.33101412973, -0.929200295064, -0.164366838417, -0.752007233516, -0.154543343956, -0.640781925134, -0.570012953062, -0.335712922735, 0.749921373779,  
1277, 1519289.0935556302, 71.31550090834625, 107.57965797638589, 68.12480281665951, 49.489879165709446, -0.736194856082, -0.0914826247775, -0.67055802377, -0.662908967735, -0.102024548582, 0.741716045386, 0.136267510345, -0.99056646463, -0.0144652955035,  
1282, 193368.6243048898, 35.87284321395923, 127.07412340843334, 32.162539612667096, 11.29509639360664, 0.546708798014, -0.179453470408, -0.817866701934, -0.618842924622, -0.744569543617, -0.25029907983, 0.564041598483, -0.642971730853, 0.518116230689,  
1288, 997762.3824171544, 61.98874429640821, 116.63031145356842, 97.63071247469463, 20.91898568956994, -0.320979905052, 0.159963332943, 0.933479315607, -0.888354534422, 0.290837627149, -0.355302259782, -0.328326242821, -0.943305468418, 0.0487511182129,  
1300, 981602.7809478021, 61.652267905168735, 104.96428901803927, 65.18935507024288, 34.24750343428573, 0.171887286207, -0.352244713349, -0.919988273163, 0.345766667704, 0.89604507473, -0.278475556479, 0.922442503544, -0.27023487186, 0.275813236966,  
1301, 1314455.9422689918, 67.95464399250933, 116.64155626707038, 79.17912980078356, 33.977654414101, 0.599735948475, -0.791767333859, -0.115850253092, 0.519807271353, 0.275412203459, 0.808670834663, -0.608372577255, -0.545208773976, 0.576741016422,  
1322, 995824.6903723435, 61.9485901345155, 114.12432354187118, 57.17556250582904, 36.43389633631956, 0.474286381501, 0.0200702428241, -0.880141814525, 0.37728723814, -0.907914639278, 0.182607085628, -0.795428669498, -0.418674328253, -0.438183795458,  
1330, 1619187.9199905926, 72.84552572300613, 102.33356380331858, 80.29211895833637, 47.045450062009074, -0.841280722215, -0.145620337721, -0.520616426625, -0.0599484702571, -0.931967526801, 0.357550989234, -0.537264299339, 0.332010912818, 0.775316597543,  
1346, 1865302.7580660156, 76.36369030772583, 107.92169177842948, 88.77932309932544, 46.47722062077961, -0.427968405917, 0.179802445555, 0.885728019264, 0.741507235371, 0.630159242797, 0.230361343568, -0.516730165009, 0.755361111847, -0.40301306093,  
1349, 1289685.6416188034, 67.52507654269502, 117.37575321810601, 96.65496026546299, 27.138929735850713, 0.0544930957613, 0.880318317007, -0.471243210302, -0.112765362305, 0.474350835534, 0.873083763389, 0.992126239739, 0.00556287421747, 0.125118259466,  
1360, 1833964.9745325865, 75.93362664979618, 117.46341942770036, 93.70028499138742, 39.77945940024186, 0.725193333924, -0.114099896941, -0.679025656326, 0.63739227174, 0.484253261117, 0.599357882257, -0.260433715862, 0.867456046504, -0.42390362941,  
1363, 778545.324515448, 57.06875925328035, 144.696921636378, 60.717022087886065, 21.15560924242369, -0.546956612895, -0.15703641427, -0.822300448865, -0.828780550198, -0.0370634582157, 0.558344964765, 0.11815778952, -0.986897089193, 0.109876622252,  
1364, 1191775.5334825455, 65.77112725916238, 101.29058536286772, 80.11983258362538, 35.05877538463274, 0.302812229639, -0.424457587398, 0.853311496513, 0.755416010794, 0.65279268561, 0.0566423891732, -0.581077795323, 0.627453158503, 0.518315666045,  
1366, 3137157.0822962625, 90.81325004402568, 105.37122678828112, 87.61222966485064, 81.12615378295119, -0.385121342942, 0.920270736742, -0.0691615666855, 0.914084161483, 0.370069903318, -0.165826452608, 0.127010617416, 0.127082798814, 0.98372672288,  
1368, 2905847.4339395785, 88.52407548142499, 102.40030225613674, 99.59422605939227, 68.02190646059879, 0.0336338799846, -0.540423023902, 0.840720950942, 0.999432797677, 0.0167671151977, -0.0292052525216, 0.00168672584799, 0.841226378025, 0.540680437848,  
1375, 872726.9555065812, 59.282966423542646, 109.76379528238434, 77.87686989111151, 24.373740218492472, 0.63343850266, 0.12587787675, -0.763485706148, 0.527586321637, -0.792035554645, 0.307135724721, -0.566046231831, -0.59735620891, -0.568117261757,  
1381, 718461.7165014362, 55.561207305822094, 135.45565693980885, 46.273852902484144, 27.364165831928116, 0.293268522209, -0.626622382757, 0.722037369746, -0.441891920153, 0.580879896892, 0.683600816478, -0.847776565366, -0.519541080969, -0.106545578985,  
1385, 2991900.6386727034, 89.38943365431135, 116.21823281879058, 88.85586083054991, 69.16688402638067, -0.844385017355, 0.458763302962, 0.276677021672, 0.520366038176, 0.825140767748, 0.219913391391, 0.127409296281, -0.329664898428, 0.935461343918,  
1393, 2801038.5596448914, 87.44671362772017, 126.4310184140288, 91.83086090850055, 57.59545136194648, 0.129127518961, -0.828468626494, -0.544945702581, 0.020123989633, -0.547244002082, 0.836731155884, 0.991423778658, 0.119011499866, 0.0539921662045,  
1395, 1236781.690870366, 66.58884459376914, 114.72681842008535, 62.75166356466198, 41.01231123751339, -0.463003139531, -0.739410905185, 0.488773573424, -0.193475908876, 0.622453691044, 0.758365660608, -0.864982754434, 0.256559770421, -0.43125621008,  
1397, 2319913.979966882, 82.12229749246276, 101.64629806350864, 89.75724346665494, 60.704683596987515, -0.430172993236, 0.867619154657, -0.249375617018, -0.254147638347, 0.148675013377, 0.955669774723, -0.866233325273, -0.474481551664, -0.156547383617,  
1398, 1669277.6846302974, 73.58907197553904, 92.96258315090354, 90.57997113891342, 47.325980170968485, -0.920557380274, -0.343303679361, -0.186324162039, 0.359914935747, -0.930848271857, -0.0631089043387, 0.151774005179, 0.125156216459, -0.980459368273,  
1403, 2733613.7103239973, 86.7393529720529, 110.00802703869147, 88.24988601979938, 67.22177961888634, -0.527953111747, -0.330010222471, -0.782533555103, -0.149769250007, -0.870795925581, 0.468277297917, -0.835963326677, 0.364427920249, 0.410314035092,  
1409, 2703848.169278024, 86.4233766204147, 150.8527552592314, 79.96210840937457, 53.51261914375245, 0.310546878929, -0.401138012453, 0.861770811151, -0.75440349488, 0.447549596937, 0.480181970918, 0.578304420613, 0.799241924105, 0.163634788029,  
1418, 1387452.483575172, 69.18997437920208, 98.39275010388347, 89.69935208951577, 37.529873786901526, -0.0023208112967, -0.162638062689, 0.986683066846, 0.999071152955, -0.042832748532, -0.00471030645915, 0.0430284228001, 0.985755657462, 0.162586403532,  
1430, 131765.28603595478, 31.567302108418843, 126.05835789301096, 19.28983112925745, 12.936367024994462, 0.0273823186953, -0.923221290927, 0.383291868688, -0.636974452522, 0.279394269197, 0.718472260546, -0.770398439417, -0.263820564626, -0.580417913424,  
1432, 330868.55502883333, 42.90642153332097, 88.44825195660285, 50.7471709431102, 17.598100564064094, 0.484017615327, 0.794785072135, 0.366119703328, 0.822259549606, -0.269957263072, -0.501011286496, 0.299359618411, -0.543543710502, 0.784183686159,  
1433, 1965449.0238888797, 77.70656742050718, 101.91185527584953, 88.49626974624145, 52.0263672558932, -0.107903872602, -0.489988581821, 0.865024822743, -0.854465845541, -0.399055851717, -0.33262974313, 0.508177993504, -0.775026204006, -0.375618836086,  
1434, 1677741.254368922, 73.71323277989353, 103.15700623726778, 69.52549103989321, 55.8461938731554, 0.452182234539, 0.846021941905, -0.282450173628, 0.754532741455, -0.531706611009, -0.384666637338, 0.475617040106, 0.039178484208, 0.878779538642,  
1443, 967991.9319792847, 61.36598497838394, 110.13615574276213, 83.82056188867844, 25.032409050738686, 0.284668772196, -0.828103478767, 0.482916471649, -0.925713524947, -0.106598796115, 0.362892775345, -0.249034455181, -0.550346550021, -0.796931938758,  
1450, 1989599.4405745901, 78.02354530310083, 114.12135938813945, 79.69437273696143, 52.22548092214111, 0.642543175101, -0.129562326192, 0.755216440342, 0.593277061808, 0.707873770215, -0.383323692686, 0.484933599644, -0.694354613345, -0.531705816089,  
1452, 4549617.958861867, 102.79266051171176, 128.498567682192, 94.24651650752502, 89.6856017588285, 0.170770832837, -0.708870731948, 0.684353423342, 0.692525788162, 0.580415566489, 0.428399116372, -0.700888975076, 0.400774319992, 0.590029312028,  
1455, 3167748.42492581, 91.10747798743604, 110.02284032900369, 96.74455212427084, 71.04813847677552, -0.814177161455, -0.443514976052, -0.374713244738, -0.149860135246, -0.462982082345, 0.873607195078, 0.560943392535, -0.76742560385, -0.310484223313,  
1457, 1536293.0800364872, 71.5805704349594, 118.96544866015617, 81.7106593443974, 37.729921645443795, -0.866834015428, -0.478406800976, -0.140448291116, -0.462270485131, 0.665584637276, 0.585920719209, 0.186828232005, -0.572821109424, 0.798104747714,  
1466, 3719944.6106308578, 96.12048526679781, 122.13774687339236, 96.44502107373359, 75.39076455453952, -0.719962621364, 0.579488064738, 0.381899733786, 0.0281407542435, -0.525449476875, 0.85035930359, 0.693442082506, 0.622973859868, 0.361996751548,  
1467, 361321.1440416162, 44.184328162334694, 99.51173170004061, 77.47206140976313, 11.188847934050205, 0.136727012701, -0.647109382689, 0.750036779654, -0.76933038302, -0.546341051213, -0.331122662348, 0.624048464272, -0.53175267051, -0.572540489089,  
1470, 3205087.2347584413, 91.46404729542694, 122.9755163929204, 86.92673664342173, 71.57794314119825, -0.698880166908, 0.0245242578905, 0.714818209811, -0.670196772284, -0.371510606336, -0.642507708747, -0.249805521801, 0.928104751715, -0.276077473045,  
1472, 2399192.8111174675, 83.0472993566532, 135.88803262942008, 73.85733191775645, 57.06919102557664, -0.982921945928, -0.0678495786355, 0.171058127234, 0.00927734762412, 0.910095440192, 0.414294847377, -0.183788952429, 0.408806463282, -0.893923316926,  
1475, 1148558.4655557752, 64.9663048897699, 110.82450854326927, 52.97044412567549, 46.70840847376015, -0.756697312683, 0.652438467983, -0.0416319886021, 0.653359767582, 0.752450109232, -0.0833057454257, 0.0230258785484, 0.0902379000917, 0.995654021387,  
1477, 2952008.2038007253, 88.99036408423937, 140.22529554629563, 92.38995905345071, 54.39735862104012, -0.592214166103, -0.585134399837, 0.553985663709, -0.80378128901, 0.477383189056, -0.355022436254, 0.0567276026668, 0.655532626903, 0.753033169363,  
1479, 2799114.275222064, 87.4266840453853, 120.66955724163351, 101.89776085963143, 54.34625970500149, -0.566727539474, -0.631586846963, -0.529072727274, 0.775173082666, -0.626316437061, -0.082670506088, -0.279153341215, -0.456974589458, 0.84453989644,  
1480, 1799608.86452189, 75.456473581455, 104.04619144814504, 82.67554710648753, 49.94433663500387, 0.126151623592, -0.654685506435, 0.745300379397, -0.601217841045, -0.648057821276, -0.467502051217, 0.789064557229, -0.389111742237, -0.475362153078,  
1486, 2895384.9600658827, 88.41770437454748, 115.1192363049884, 99.68168209750031, 60.23576732168915, -0.302436642379, 0.504267304775, 0.808855093748, -0.556960860447, 0.595158614909, -0.579293382518, -0.773515789933, -0.625700174552, 0.100859378787,  
1488, 1248040.9717122365, 66.79030262075291, 114.4740977354644, 83.89893062189353, 31.022484706665487, -0.525217767748, 0.235005488629, -0.817874511619, 0.823050337782, -0.10387542598, -0.558388786917, 0.216181493007, 0.966427605251, 0.138864127439,  
1489, 716016.7478382621, 55.49810962720356, 99.93755432455346, 78.34028238499204, 21.83336733248846, -0.575031275927, 0.704373741836, -0.416169032387, 0.79907333496, 0.374387461752, -0.470442168432, 0.175558642801, 0.603068536979, 0.77813077477,  
1490, 2577006.7211544025, 85.05026033662337, 106.1095477086431, 95.85293455545913, 60.48769917326175, -0.521373219448, 0.48937250408, -0.699059738716, 0.845133344376, 0.182864106422, -0.502305035617, 0.117981338636, 0.852687088464, 0.508925468905,  
1494, 4384008.581546696, 101.52997099075407, 132.62553697021065, 102.51058446185338, 76.98159788424707, -0.179347311578, -0.539924567178, 0.822384340553, 0.795421172775, -0.571494808452, -0.20173953954, 0.578912514747, 0.617960472579, 0.531963489912,  
1508, 1593341.16087721, 72.45583883274278, 111.31629747122072, 90.8108245174289, 37.62909683219672, -0.931063734393, -0.362285738758, 0.0432361653043, -0.346217794905, 0.914666014217, 0.208612849381, 0.115124111242, -0.179262728776, 0.977042124518,  
1521, 642791.4904732653, 53.53779780163549, 76.82130076543606, 65.2367159964422, 30.62018161936781, -0.405382243034, 0.65054951689, 0.642223141211, 0.740311206605, 0.645775554585, -0.186850877644, -0.536287753365, 0.399698960687, -0.743395040619,  
1540, 84708.29165824308, 27.244516477037816, 133.60308596699792, 22.580623512344896, 6.703241938373536, 0.200194115501, 0.72112201631, 0.66325361191, 0.722463553956, -0.565914522893, 0.39722432703, -0.661792058977, -0.399654588829, 0.634277132099,  
1549, 2486749.0945913433, 84.04549764772393, 134.63976333070158, 80.81195195192178, 54.562520305318415, 0.670059470958, 0.51041519791, 0.538977393888, -0.434002329377, -0.319675135252, 0.842288422096, 0.60221448295, -0.798300778933, 0.00732003283685,  
1551, 3582384.7927255156, 94.92076021155057, 122.49739940916618, 107.53271938794096, 64.92562301470461, -0.89599595741, -0.438060632209, 0.0727607505012, -0.438934746356, 0.898508353763, 0.00436195600627, 0.0672869433571, 0.0280289266179, 0.997339885158,  
1558, 1917263.5805854246, 77.06628149555841, 111.58678122009795, 96.05525270425088, 42.7030941730818, 0.368614820588, -0.635808152456, -0.678137970707, -0.101215002357, -0.75262277522, 0.650626222587, 0.924055538018, 0.171192732005, 0.341781232907,  
1575, 1847354.0424725711, 76.11796611034815, 129.4069569454305, 93.85839101629593, 36.310380192050836, 0.938997050958, -0.335031064402, -0.0777092283967, -0.292088031045, -0.89613469813, 0.334106547267, -0.181574008086, -0.291027127073, -0.939326402746,  
1577, 1272118.359501718, 67.2170792039749, 120.72050035024893, 67.79747534567574, 37.10601899599436, -0.741532374633, 0.655120965812, 0.144728219514, 0.661995369105, 0.749507412239, -0.000877657038385, 0.109049844812, -0.0951585999891, 0.989471056775,  
1587, 2134958.6714751767, 79.87918424006601, 124.89941817118002, 82.94739228810919, 49.19689692018711, 0.683002762448, 0.296816827074, 0.667388191125, 0.630309328597, -0.70120466898, -0.33319988368, -0.369076383383, -0.648237443663, 0.666011140944,  
1593, 497616.9475775935, 49.15890318822108, 115.318738038893, 48.118683972401705, 21.408829892234685, 0.687476886843, 0.648006925781, 0.327814816926, 0.614857357401, -0.759590086201, 0.212069165591, -0.386427173094, -0.055766702296, 0.920632453702,  
1599, 1179279.7467236444, 65.54044868479129, 89.05261491506658, 84.33308432175502, 37.48724892262866, 0.343821399369, 0.367433261057, 0.864164130247, 0.463131373651, 0.734204722657, -0.496440082959, -0.816881984179, 0.570908244727, 0.0822654242492,  
1605, 988330.8386215827, 61.792805372163755, 91.12697656744844, 76.60336018208078, 33.800175543492095, -0.395247493487, -0.759748210298, 0.516296499931, 0.717303190513, 0.0958272691203, 0.690140034611, -0.573807939796, 0.643117245487, 0.507094327305,  
1608, 2996973.9251187425, 89.43993021929668, 113.16738927547128, 102.81554782334238, 61.49138347930727, 0.26748853452, -0.963163781787, -0.0276661047803, 0.926383961275, 0.264960626508, -0.267597874977, 0.265071009716, 0.0459499276787, 0.963133409219,  
1643, 219444.61237102209, 37.417844961644825, 109.20995001216006, 93.5955997751305, 5.125292712349732, 0.44105184989, 0.0126898453416, 0.897391906323, 0.655433632252, 0.678500622175, -0.33172829156, -0.61309054749, 0.734490213368, 0.290936603137,  
1650, 1856829.855126594, 76.24789064549513, 129.5891170973113, 87.06786808902838, 39.28774111986705, 0.458468179001, -0.616086142657, -0.640503546961, -0.772520466531, -0.632561384541, 0.0554817409408, 0.439339342233, -0.469365486176, 0.765948420426,  
1651, 641164.2546854804, 53.49258239381538, 60.078643124019166, 55.742334049228695, 45.70623283923237, -0.560877348088, 0.813179026239, 0.155423523597, -0.674001740287, -0.339479997664, -0.656105925348, -0.480768400056, -0.47275067686, 0.738490719668,  
