# Void_ID, Void_Volume, r = (a*b*c)**(1/3.0), a, b, c, vector_a, vector_b, vector_c 

34, 3467467.9223387977, 93.89474372643299, 134.15893153105395, 81.48804191793248, 75.71995893298059, 0.6709370857, -0.703937582765, -0.233056445102, -0.52898878659, -0.674634130143, 0.514820021083, 0.519628993316, 0.222127598504, 0.825012144934,  
41, 767652.0476007992, 56.80134259677555, 127.84738383968296, 77.25671237572219, 18.55443503183201, -0.45700723389, -0.639293019166, 0.618424468967, -0.214040315863, 0.753890245534, 0.62115717888, -0.863325623017, 0.151505555455, -0.48136777552,  
84, 1084067.060498169, 63.72685896839177, 122.25800299980017, 103.0532532186346, 20.54132884975993, 0.958192781979, -0.138165222365, -0.250553315469, 0.232703820566, 0.885824990019, 0.401451141425, -0.166479801951, 0.442972299796, -0.880942686646,  
101, 1425041.5762200006, 69.80925050771151, 99.83748494066248, 81.83369744699854, 41.64023002375642, 0.582385782408, 0.41143308736, 0.701105994179, -0.686988299537, 0.710184866974, 0.153897794073, -0.434596222657, -0.571279501949, 0.696251286466,  
112, 960016.6327947755, 61.1969882643305, 144.33600817307214, 53.80845195378798, 29.509711275115023, -0.448051334745, -0.344859471938, -0.824816310488, -0.0450804649215, -0.912716377116, 0.406099207862, -0.892870513073, 0.219136394873, 0.393397365683,  
123, 1720819.2140768555, 74.33879990800136, 127.23337947601641, 81.03249086133323, 39.8461518467271, 0.273497396849, 0.627523432512, 0.728981148978, 0.326928581531, -0.773403341839, 0.543106779014, 0.904608686944, 0.089786482727, -0.416679146376,  
125, 1331963.8924971386, 68.2550225085498, 106.8669800597377, 61.87807157415711, 48.086540677252536, -0.551746410337, -0.488206059284, 0.676188392653, -0.790498191601, 0.047662637276, -0.61060697841, -0.265873104612, 0.871425910038, 0.412223696017,  
165, 1291115.0039581512, 67.55001341185918, 109.53326131187109, 95.45555159910805, 29.480110587775503, 0.104834876516, -0.992434553822, 0.0639007437042, -0.103118431253, 0.0530606129618, 0.993252818012, 0.989129029905, 0.110716880973, 0.0967756915037,  
171, 1525276.0057707434, 71.40905344420125, 124.96100623967654, 62.271626001152555, 46.794532142187016, 0.739998443352, 0.657884399081, 0.139965786116, 0.582234561066, -0.522359857172, -0.62301131251, 0.336756914907, -0.542520319491, 0.769588515508,  
175, 1123939.937973361, 64.49877972174372, 93.15013270374469, 57.64695692661032, 49.96830638079795, -0.965889958978, 0.256622593185, 0.034661676416, 0.0112013493026, -0.0923230687921, 0.995666099022, 0.258710488614, 0.962092145086, 0.0862994058231,  
183, 1637926.6477498836, 73.12546034384056, 117.10309570169824, 78.98444133924599, 42.27619695186317, 0.788910982398, -0.299987181904, -0.536308821991, -0.191123564198, -0.949242510489, 0.249820814763, -0.584030174786, -0.0945851308285, -0.806202460903,  
196, 1527923.8827753556, 71.4503515610964, 123.14729208229203, 65.36394366432567, 45.31583601780437, 0.366990937499, 0.613500724558, 0.69923852351, 0.671717465858, 0.345231338416, -0.655447151978, 0.643516353992, -0.710233893828, 0.285402379463,  
258, 1212796.0214971965, 66.15556528923351, 108.98900834819572, 90.86521631273276, 29.236056223530877, 0.66395688211, -0.16875587485, -0.728479727517, 0.688583755956, 0.517841804609, 0.5076339985, -0.291571037198, 0.838666393808, -0.460027184158,  
259, 456209.2024454789, 47.7556921631499, 121.93272018643512, 53.56871028622855, 16.67416055898098, 0.894636329035, 0.266259166622, -0.358792272716, 0.292777243725, -0.955958425711, 0.0206148943485, 0.337501591594, 0.123489046079, 0.933189761608,  
267, 1989591.181984625, 78.02343734747474, 126.13905701547122, 77.11158177544674, 48.832172526990796, 0.652604734314, 0.753678663064, 0.0779457092648, -0.310593511393, 0.172262926348, 0.934803270687, 0.691114123305, -0.634266471641, 0.346507303704,  
306, 2635415.9016089886, 85.68803511029911, 137.0611115953391, 86.97280052511651, 52.77920550920185, 0.117038347354, 0.677491212752, 0.726159543001, 0.993127235681, -0.0802569854712, -0.0851886731415, -0.00056479841304, -0.731139161122, 0.682228120262,  
311, 1718391.667415358, 74.3038270631095, 144.31913923203868, 68.69389210780575, 41.38009612942153, 0.571999875364, 0.798932845697, -0.185802181498, 0.447543477106, -0.114149973908, 0.886946796351, 0.68740161382, -0.590488011329, -0.422850954586,  
313, 906586.6788389966, 60.039938864232546, 143.90453194254613, 84.85457353306711, 17.724377764406903, 0.822303810913, -0.0656619344694, 0.565247691653, -0.464879474147, 0.495353065248, 0.733834051586, 0.328182140091, 0.866206586855, -0.376805827733,  
316, 848918.1779084781, 58.738890810725785, 101.4116893599866, 85.78991699707039, 23.29447671036129, 0.806409410886, 0.589250735221, 0.0498741724427, -0.544853659897, 0.707563641913, 0.44998686863, -0.229865942089, 0.390047771028, -0.891641399321,  
351, 1293084.641527518, 67.58434586720017, 116.68494382103728, 79.64652274464676, 33.216716727196456, -0.948855507445, -0.292908705679, 0.117803718656, 0.1857270594, -0.216139593877, 0.958534890009, -0.255301166074, 0.931390447716, 0.259486316605,  
360, 1382294.7532896686, 69.10413207747462, 112.43062480627879, 71.84505495623131, 40.85361998320973, 0.422194014065, 0.353698981534, 0.834655165293, 0.733403355759, 0.407887224636, -0.543826746069, 0.532796145115, -0.841739296006, 0.0871964753307,  
374, 914527.9937580494, 60.21473760175561, 138.2433738306323, 80.56333650510219, 19.603184445109996, 0.40622811415, 0.30237795794, 0.862291302187, 0.385770521702, -0.912194352518, 0.138139667803, 0.828347646741, 0.276530348762, -0.487207494147,  
462, 1804011.0324001086, 75.51795019586527, 135.36392695523205, 92.48054495855659, 34.403074402448574, 0.682565140874, -0.032799041113, -0.730088385995, 0.349394174384, 0.892075383658, 0.286574982821, 0.641894492397, -0.450694722372, 0.620359353807,  
465, 883178.8610613369, 59.5186883891975, 100.28754987060933, 75.29939655840494, 27.920393793137276, -0.043056919564, -0.37599594908, 0.925620412455, 0.707616976921, -0.665514043723, -0.237422137932, 0.70528314573, 0.644762052142, 0.294716101472,  
471, 624173.0001536419, 53.01581674350755, 117.22965622504846, 66.31066664320977, 19.16882460913725, 0.0425890552836, -0.652256991756, 0.756800494897, -0.221380365805, -0.744818959373, -0.629472359516, 0.974257104673, -0.140732137283, -0.176118027271,  
485, 1244892.7742689687, 66.73409556908058, 117.16431557782435, 79.12670206504984, 32.05715018795716, 0.752548352481, 0.354763394055, -0.554809797513, -0.121845229422, 0.902952384846, 0.412105242344, 0.647166684282, -0.242528194112, 0.722741556724,  
507, 1157606.96166978, 65.13646321805363, 124.32029806239817, 94.64815842396816, 23.48650039777263, -0.452957017662, -0.568220095582, 0.68699043889, -0.761036570538, 0.647815290608, 0.0340394999733, -0.464384838743, -0.507406417215, -0.725868754883,  
533, 2328537.7316815644, 82.22392864355432, 128.92963134005075, 74.94201983371187, 57.53293575399907, 0.115663362645, -0.220968189091, -0.96839818564, 0.427449303472, -0.868975726656, 0.249335676236, -0.896609769913, -0.442780132676, -0.00605595608518,  
558, 3872880.5842667036, 97.42008383670054, 120.6388761543478, 101.9951934524611, 75.14126604595143, -0.320066819357, -0.534830148627, -0.781993569837, -0.9457528044, 0.131794951003, 0.296954077023, 0.0557571889278, -0.834617758624, 0.548000303716,  
572, 1518461.3981345617, 71.30254786860473, 113.28086091128935, 75.30072820344783, 42.49711318516215, 0.700547275541, 0.539752579437, -0.466798315895, 0.62835810913, -0.776620902213, 0.0450117866442, 0.338230101295, 0.324849391621, 0.883217567387,  
616, 1575054.2214015333, 72.17757719844344, 114.87077765538395, 76.0116445401952, 43.064281905801955, 0.597008759145, -0.0167166699348, -0.802060530415, 0.70107836881, 0.496859600196, 0.511487691426, -0.389961103562, 0.867669920326, -0.308349229072,  
620, 143905.3195829501, 32.508436286706655, 72.64520360960407, 46.928320418969754, 10.0773486137401, -0.952468751347, 0.277662597732, 0.125326611416, 0.267198280723, 0.563851824532, 0.781457739581, -0.146315947481, -0.777801132548, 0.611242211991,  
628, 1991402.3531568882, 78.0471056841365, 116.55160980145233, 90.4047149830154, 45.119164506148664, -0.873187561279, 0.298038718486, 0.385637660389, 0.473600098759, 0.332011618878, 0.815764200848, -0.115093133082, -0.894953187163, 0.431059582314,  
636, 1334221.9613925612, 68.2935714839071, 139.05693002153672, 82.31838413132589, 27.825950073152942, -0.8626115755, -0.505318303533, 0.0235516863167, -0.488457649891, 0.844130808012, 0.221025571436, 0.131568970796, -0.179155215053, 0.974983597217,  
648, 1385457.3739602447, 69.15679419127827, 133.51936573548352, 75.54191023488033, 32.79233453884394, -0.246072295801, -0.836286228231, -0.489973233667, 0.00244623355473, -0.506051378415, 0.862499865708, -0.969248389826, 0.211038733118, 0.126570975913,  
653, 453559.5920641918, 47.66305941525631, 90.83204862697811, 40.253880761486776, 29.614123385766256, -0.615466648885, 0.00940576133181, 0.788106804795, -0.774103833732, -0.19523612866, -0.602201053359, -0.148202762157, 0.980711163248, -0.127442361754,  
674, 792913.9884463431, 57.41770418101682, 156.39217215024308, 73.65926105529263, 16.432176874109746, -0.558799919777, 0.511746068727, -0.652578432681, 0.816977499842, 0.204538307694, -0.53917700752, 0.142444425688, 0.83443396493, 0.532381013713,  
690, 2860612.9453821485, 88.0623282525438, 124.51682095554612, 106.28001838704229, 51.60488865351845, -0.862618132454, -0.414973513591, 0.28928695197, -0.497403968949, 0.591716030825, -0.6343984793, -0.0920828389827, 0.691136109521, 0.716834450122,  
704, 1092995.6407253002, 63.9013362980488, 107.14983402209423, 65.40890341380606, 37.23072125223142, -0.343745348957, -0.535911546169, -0.771127712998, -0.937268343249, 0.246538674276, 0.246468527056, -0.0580274746439, -0.807476003835, 0.587039449626,  
706, 1116388.337095341, 64.3540021211985, 127.2254523803606, 62.11021038432114, 33.72792918517937, -0.822953233904, -0.566747059596, 0.0393159668023, -0.17407038515, 0.31742718045, 0.932169236848, -0.540784130518, 0.760287942526, -0.359881603626,  
844, 232978.38678119687, 38.17177378936963, 127.44836600804355, 42.134572770873305, 10.357481301080888, -0.724808781474, -0.0268658974954, -0.688426069996, -0.682964297792, 0.159452194747, 0.712835721279, -0.0906200763629, -0.986840018008, 0.133920799795,  
857, 2550056.3708394854, 84.75273537917838, 124.48590188033373, 87.04683159465888, 56.18081481382738, -0.704607870063, -0.387895256585, 0.59419274597, -0.664842743287, 0.653549083612, -0.361742618458, 0.248015878813, 0.649931431175, 0.718385174282,  
912, 1435877.5147331483, 69.98574581980805, 98.08123670571055, 75.15605771763443, 46.5027740564133, -0.0194351410596, -0.996473220579, -0.0816296267303, -0.0282785154602, -0.0810645186924, 0.996307617843, 0.999411127042, -0.021671743753, 0.0266032830182,  
913, 907098.0523001406, 60.05122554391992, 132.25777534248195, 64.11841672672449, 25.536514632201772, 0.316975845921, -0.896889773728, -0.30840727437, -0.893238881413, -0.39161674454, 0.220818083789, 0.318826933985, -0.205487369874, 0.925269867113,  
935, 316393.8233162466, 42.27138353230024, 112.8765676383496, 48.97506785334704, 13.663455478217575, -0.734380886706, -0.0234644355437, -0.678331875638, 0.633999067068, -0.380550115971, -0.673221205988, 0.242342518346, 0.924462562519, -0.294345161847,  
942, 936807.1535770113, 60.699791089630395, 107.87840677287512, 89.18674529231187, 23.244850097189996, 0.100846334999, 0.838290923676, 0.53581558768, 0.975794852634, -0.188381800083, 0.111070711575, 0.194047474319, 0.511645018231, -0.836997582451,  
994, 2861577.6212522374, 88.07222613774243, 115.25506235358708, 110.49126507841899, 53.644964888627285, -0.58875490212, -0.580493033824, 0.562490446952, 0.731930812922, -0.0875765938928, 0.675727478572, -0.342994096633, 0.809541955605, 0.476441887108,  
1014, 3214072.7606309126, 91.5494413029882, 125.9778088660409, 100.38886298784074, 60.67188792217566, -0.314918272382, 0.901239545037, -0.297647046317, 0.948778638918, 0.307319995184, -0.0733042624495, -0.0254081887015, 0.305486011172, 0.951857510831,  
1085, 1469644.8457100906, 70.53011557632098, 99.12290907868999, 73.54742401143669, 48.126278618953265, 0.933641105972, -0.0172084037961, 0.357796249392, -0.226308034604, -0.802593259661, 0.551931819177, 0.277666992482, -0.596278400066, -0.753228458638,  
1093, 975890.9145027604, 61.53245203295178, 118.91930688447485, 84.53437006352503, 23.175385954924927, -0.260972380912, -0.928691288681, 0.263487963158, 0.038138218184, 0.26281466515, 0.96409228194, 0.96459260453, -0.261650419665, 0.0331687379094,  
1099, 1961356.9871082504, 77.65260196375516, 105.29129996138016, 82.35421372588551, 53.99949829129334, 0.39141414154, -0.276812820117, 0.877593090459, -0.623820321586, 0.621278931154, 0.474194787066, -0.676493293521, -0.733066949414, 0.0704958970298,  
1121, 1121595.0325531089, 64.45389332516083, 111.60456095194832, 84.43585644721833, 28.41440796959975, -0.995093681127, 0.0926073221316, -0.0348202479839, -0.0207064168432, 0.149211437075, 0.988588484329, 0.0967461114648, 0.984459156559, -0.146561792371,  
1174, 363925.2516409336, 44.29022234801877, 84.57171100134019, 53.6789976395551, 19.13789057435025, 0.357886810438, -0.656828197113, 0.66369703208, 0.348605670483, 0.753368846667, 0.557592563956, -0.866251186101, 0.0318135246272, 0.498594807664,  
1181, 2810267.9460869683, 87.54265360095924, 137.26986223490817, 98.74748361481117, 49.49460759723281, 0.381897227121, -0.589654045672, 0.711661867982, -0.322085919497, 0.636838148945, 0.700498274452, -0.866265068197, -0.496734615737, 0.0532874577218,  
1183, 2084949.1655792685, 79.25055040180821, 140.29436331485763, 61.64825966555133, 57.550064924092304, 0.0472636391734, -0.777739317332, 0.626807548366, -0.914484911303, -0.28613721749, -0.286081875982, -0.401850090718, 0.559684774711, 0.724754756829,  
1195, 3562388.8113560267, 94.74382256568036, 115.9427869821133, 92.41335000910406, 79.3732675894512, -0.265515770855, -0.781012536021, -0.565261703996, -0.951140447786, 0.116365588579, 0.285991080946, 0.157585608522, -0.61357841257, 0.77374951219,  
1223, 782768.5597922059, 57.17176345085624, 119.94373379943988, 60.32796171130506, 25.8254886799508, -0.004168338048, -0.607782425254, 0.794092657384, -0.989665311403, -0.11131670429, -0.0903944840813, -0.143335956285, 0.78626275182, 0.6010371775,  
1243, 72496.4904935674, 25.866805129764526, 99.42779986635462, 50.289634368069166, 3.4613225067125426, 0.315911178281, -0.240235388256, 0.917870952622, 0.872020667096, 0.454728129815, -0.181114008604, 0.373871747522, -0.857618380274, -0.353143922815,  
1275, 679772.0955142897, 54.54541385030219, 90.78282916406225, 72.99476912085129, 24.489463521838925, -0.519751889446, -0.472131565915, -0.712004043447, 0.0654167880557, -0.852966196929, 0.517850664513, 0.851809026283, -0.222576843727, -0.474216123069,  
1307, 638041.1969639523, 53.40558835473097, 107.56413139534126, 68.01409922221345, 20.820621378044258, -0.445747170569, 0.709285223547, -0.546098829506, 0.865110202482, 0.184597224429, -0.466377746355, 0.22998651589, 0.680322229823, 0.695893573844,  
1341, 397034.58767778386, 45.59458259534551, 113.34340923092542, 70.82048556110782, 11.808223402729904, -0.251748912019, 0.463936795431, 0.849343943961, -0.126682319172, -0.885855479004, 0.446331334692, 0.959465515434, 0.00476656731299, 0.28178574224,  
1349, 3477689.464628884, 93.9869154584958, 139.62726706610843, 112.73252914572002, 52.745170712060876, 0.0234081180715, 0.505616389341, 0.862440796135, 0.653648824854, -0.66047936363, 0.369472900205, 0.756435901961, 0.555084747627, -0.345956137647,  
1411, 1299067.7792958503, 67.68842370971785, 98.11570155375428, 69.84388892710976, 45.25601141675801, 0.022211084658, 0.278546322364, 0.96016593046, 0.90312273228, -0.417519923585, 0.100231950241, 0.428807647037, 0.864921418227, -0.260835086089,  
1416, 1449347.7281770548, 70.20391444134164, 120.45135149336215, 86.85021737376339, 33.07511765903084, 0.543463020827, 0.238458407183, -0.804851249013, 0.202157161252, 0.893404995071, 0.401198201563, 0.814727210266, -0.380742830302, 0.43732650277,  
1433, 1743571.1366641643, 74.66499160033314, 120.86767378171002, 104.17224525826951, 33.05893611399909, -0.247255251089, -0.959723383616, 0.13340115348, 0.124693736265, 0.105015004497, 0.986622177415, 0.960893497192, -0.260581802457, -0.0937059831786,  
1438, 1271621.7908677345, 67.20833205218949, 126.8034661813651, 57.1362877523513, 41.90117550683809, 0.898025326287, -0.411437294432, 0.155787888157, -0.336553891076, -0.870529158847, -0.35904103108, -0.283340769654, -0.269996919144, 0.920228054291,  
1445, 1562558.9171353744, 71.98620255815695, 91.41185384915016, 77.13530692199377, 52.90443294909127, 0.611206171312, 0.785218982589, -0.0992882950397, 0.547865168015, -0.329206294815, 0.769068900119, -0.571201167564, 0.524456256361, 0.631407048851,  
1468, 1427109.725781685, 69.8430053552126, 109.25986805195718, 77.39122553088296, 40.291771363697855, 0.500238059611, -0.344491854425, -0.794409998647, 0.334197913853, -0.769549910369, 0.544155023708, -0.798795116468, -0.537697217479, -0.269829694849,  
1490, 473100.00160491234, 48.337937229329626, 88.2222044724641, 71.96059061764726, 17.790645889846328, 0.624149946906, 0.57768635712, -0.526037371842, -0.543309198551, 0.804756372377, 0.239128199692, -0.561473025663, -0.136549089762, -0.816150958792,  
1491, 1628614.8110472339, 72.98662082674402, 140.68493838216742, 56.27322849017945, 49.11117602865053, -0.801095614093, 0.437044431247, -0.408947407618, 0.534920751331, 0.829307647797, -0.161581605084, -0.26852487199, 0.348196769689, 0.898138854911,  
1502, 801716.9481467546, 57.629407132908405, 103.41834644918623, 79.4355464234508, 23.298071749102306, -0.756228616171, 0.625779287251, -0.191098309078, 0.261926316763, 0.557166946925, 0.788009897045, -0.599593933151, -0.545861957735, 0.585253653065,  
1544, 2152356.7097701696, 80.09557922495124, 122.86191251735306, 89.41522470503185, 46.773179774401626, 0.477330836069, 0.614659793433, -0.627971823631, 0.375018598218, 0.503794621221, 0.778172237117, 0.794680013545, -0.606946717567, 0.00996785364045,  
1582, 1841924.8350936275, 76.04332498923817, 115.4462706032201, 78.41741402199216, 48.572546188872494, -0.430564670113, -0.867962705649, 0.247497083726, -0.897627372871, 0.383168565818, -0.217823207309, -0.0942293177532, 0.315947134456, 0.944085930361,  
1614, 2151742.858453278, 80.08796409136033, 120.99624585768649, 90.62351640689684, 46.8477735098534, -0.793264264507, 0.593978166348, 0.133872120168, 0.0387299180703, -0.170198038979, 0.98464847584, 0.607644468503, 0.786271305231, 0.112007296493,  
1640, 2460064.725280731, 83.74379570139475, 114.7798535787363, 80.64997680185027, 63.443628179131196, 0.778820672184, 0.0194386621569, 0.626945371617, 0.456613547426, 0.667714912602, -0.587929301698, 0.430049333084, -0.744163244122, -0.511154220576,  
1650, 1312242.2518442897, 67.91647482399596, 106.83884978905579, 73.53196436042457, 39.876775745847404, 0.753459915039, 0.654411633784, 0.0635890713663, 0.601867671307, -0.725414078889, 0.333960656942, -0.264676146761, 0.213353761902, 0.94043963635,  
1674, 1720240.9753903255, 74.33047240419585, 140.01795069409147, 79.56585409664125, 36.86296235779399, 0.770042355563, 0.556210478445, -0.312513478601, 0.504252953322, -0.830691375101, -0.235967791019, 0.390850009217, -0.0241193490959, 0.920138319653,  
1695, 601140.2665954997, 52.35551108231926, 111.20298692970832, 42.14115292396562, 30.62417124020545, -0.689089828565, -0.500694872892, -0.523889160441, 0.0156988913015, -0.7330732996, 0.679968442081, -0.724505868148, 0.460334858199, 0.513013708732,  
1697, 1539871.200614609, 71.63609918997088, 128.54063061125703, 89.01215092055199, 32.12965524706906, 0.488952970861, -0.194098512657, 0.850441508671, -0.500343311282, 0.736206325978, 0.455693774859, -0.714549902485, -0.64832554552, 0.262854377716,  
1710, 195545.01058407215, 36.00692576297249, 119.74732887567275, 36.13292165730685, 10.789199306792712, -0.284451181252, -0.745497130877, 0.602761605727, -0.958159283238, 0.200144333501, -0.204629014832, -0.0319110236134, 0.635748593094, 0.771236288663,  
1711, 1058764.158606494, 63.22714045191722, 110.08752836519096, 72.36665044782168, 31.727366773773984, 0.353405674423, -0.93491042801, -0.0323561568025, 0.264140055098, 0.0665475095054, 0.962185772225, -0.897404290484, -0.348588468794, 0.270465559444,  
1716, 1472254.014047321, 70.57182999639056, 128.13725364987368, 80.70847984703205, 33.98596132033393, -0.983666737774, 0.179178545458, 0.0171696780362, -0.0819093279139, -0.530519134203, 0.843706293828, 0.160282909248, 0.828519460901, 0.536530420304,  
1724, 423792.6108169716, 46.59667454733783, 108.52066379372665, 58.51795816446989, 15.931738345201943, -0.299461888381, -0.276591430504, -0.913137316059, 0.0890143441824, -0.960983363986, 0.261892001924, -0.949946853217, -0.00285564588945, 0.312398497675,  
1725, 2294235.3867279827, 81.81817503440868, 100.46425582463449, 95.52160626887867, 57.07371948386318, -0.11520773183, 0.634144052349, 0.764583873357, 0.880284207629, -0.291453438051, 0.374372284295, 0.460246556018, 0.716181690857, -0.524649305113,  
1733, 1635106.29070003, 73.08346448756332, 95.43653695112492, 86.71503427922364, 47.16809190131587, -0.894879093861, -0.0260928459253, -0.445545251083, -0.439752102541, -0.118937329707, 0.890208964184, 0.0762200477713, -0.992558852156, -0.0949601459778,  
1735, 2229439.5084913005, 81.04054654204698, 116.15271662120307, 82.26188780274843, 55.70305832152256, -0.921591740129, 0.156573741274, 0.355180697772, 0.333411473252, 0.787860825482, 0.517795431783, 0.198759789773, -0.595617312723, 0.778289510886,  
1742, 2204759.756083533, 80.74039837737622, 135.04670511559493, 74.2044893207044, 52.52408439187845, -0.185402785656, 0.91155168408, 0.367014079189, 0.938460738602, 0.27500694221, -0.208956033266, 0.291405643688, -0.305687273186, 0.906442519876,  
1780, 2189628.325160985, 80.55526507260178, 116.56569480387185, 73.73694891650075, 60.81712319794069, 0.272636705146, 0.695096519796, 0.665214292671, 0.85331935179, 0.144681928908, -0.500912390852, 0.444426946604, -0.704207332832, 0.553693707312,  
1791, 907073.6732564791, 60.05068756291508, 110.76412741983381, 59.68144212780971, 32.75785932945317, 0.571754406425, 0.694545901665, -0.436695419272, 0.747408986919, -0.221439203236, 0.626374077963, -0.338344063058, 0.684522220056, 0.645718688938,  
1792, 2753780.0157236326, 86.95212729493666, 112.71067355158984, 80.02640950387578, 72.88568796154205, -0.13302590746, -0.800581895009, -0.584271116289, -0.972029969664, 0.220507496027, -0.0808342889517, -0.193550629084, -0.5571759808, 0.80752280488,  
1812, 1362053.464754296, 68.76516910507773, 99.45288963075421, 75.65393211903839, 43.21720083825521, 0.36991644233, 0.911657815431, 0.179002383386, -0.313184277002, -0.0590314254615, 0.947855948679, 0.874687049369, -0.406688232399, 0.263680198906,  
1823, 4333412.810569804, 101.13787346058972, 129.0453460320246, 94.79130780453505, 84.57277715035885, -0.629713118148, -0.756002160898, -0.178667628713, -0.774749855525, 0.628003330893, 0.0733108296995, -0.0567807202846, -0.184587510697, 0.981174500636,  
1850, 2091036.4015338158, 79.3276023316376, 107.49612838767366, 94.65487640712723, 49.061087237461145, 0.109931061213, 0.258740757267, 0.959670976069, -0.265159263343, -0.922896475417, 0.279200037117, 0.957917390407, -0.285158405437, -0.0328474803389,  
1880, 663095.9383529689, 54.09568021965115, 108.90976877196906, 78.93176928463433, 18.414888121589247, 0.171248418777, -0.186954899617, 0.967327165222, 0.685662769478, -0.682434321891, -0.253278429512, 0.70748890141, 0.706633753662, 0.0113222156964,  
1900, 2299643.4885953176, 81.88241340069035, 118.13530834482684, 77.5990692612112, 59.887429448826836, 0.206335477613, 0.974488160832, 0.0883090882979, -0.677482294393, 0.0771607552108, 0.731480661835, 0.706005248891, -0.21075825548, 0.676119476339,  
1903, 85130.81186059196, 27.289739409818523, 82.9238188606233, 54.76570616789915, 4.475176614060273, -0.795415735394, 0.496687812278, 0.347296739147, -0.104485836465, -0.676838391619, 0.728678599664, 0.59698954586, 0.543314833926, 0.590264748541,  
1905, 2657951.949008364, 85.93158822851645, 134.66559660125532, 95.45211369554575, 49.36467780374119, -0.113235465969, -0.565397593465, 0.8170087457, 0.145060110167, 0.804078640805, 0.576554510726, 0.982921814635, -0.183801797337, 0.00903358237063,  
1908, 391916.3644976065, 45.39781278196723, 69.8822166283071, 69.51717079497051, 19.259545206486138, 0.238447072333, 0.896944549874, 0.372335155669, 0.124674859494, -0.408493662252, 0.904206341114, -0.963119500948, 0.169184521605, 0.20923055356,  
1910, 580809.4123112703, 51.758499658979765, 112.9183491576088, 72.33921190843054, 16.974881183707257, 0.345840505036, -0.0534680817191, 0.936768653037, 0.875457656648, 0.377596583066, -0.301653297467, 0.33759181935, -0.924425218552, -0.177397234515,  
1937, 1125944.1806290864, 64.5370956605115, 118.91390066512135, 66.12029428366161, 34.186988685409666, 0.204013857331, -0.969382594744, 0.136659178339, -0.748694403527, -0.0645577721108, 0.659764339888, 0.630741655628, 0.236917029923, 0.73894200367,  
1951, 1199671.1771065895, 65.91605465281658, 107.94200473722984, 78.4268426049516, 33.83127806726815, -0.21470646714, -0.546399865617, -0.809535866915, -0.976450512976, 0.138001913809, 0.165830839996, -0.0211075502427, -0.82607666632, 0.563162332445,  
1956, 918543.3647931187, 60.30273618752209, 134.23398781204736, 59.097597021847626, 27.642590515389312, -0.253860473457, -0.864458250977, -0.433897214019, 0.288049670893, -0.495805939485, 0.819270320145, -0.923353803867, 0.0829964016613, 0.374872445235,  
1968, 2927698.6203856533, 88.74541396821087, 118.03339043010419, 97.47131130448514, 60.751368845893474, -0.562944426297, 0.754128957285, -0.338205689908, 0.523028000669, 0.641898920423, 0.56072050656, -0.639949438172, -0.138763438071, 0.755783980273,  
1980, 993858.0431224463, 61.90778264607833, 102.46778913035654, 76.01598964825054, 30.46094886941042, -0.424852765834, 0.490416426907, -0.760915143483, 0.358044867937, 0.863039425626, 0.356324041231, -0.831446931504, 0.12105650761, 0.542255771807,  
1983, 1263413.645201959, 67.06341291228783, 115.31724286444937, 81.07349063777814, 32.261446173835736, 0.602523708353, 0.578735393427, -0.549573039065, 0.396106960545, 0.380959169178, 0.835445621945, 0.692866839068, -0.721065500363, 0.000295813693871,  
1988, 502187.8130864909, 49.308961202923285, 115.61602818448057, 46.434584856675556, 22.331502649357986, -0.697094549265, -0.642532392263, -0.318137256977, -0.704876008171, 0.695352417373, 0.14012433321, -0.131183087664, -0.321927228649, 0.937632047749,  
1992, 1278385.1392077191, 67.32727461372346, 107.50607517049515, 76.14545390536253, 37.28173519126115, -0.989066513702, -0.0291474472653, 0.144560913774, -0.130294417945, -0.28641233399, -0.949205636093, -0.0690709499396, 0.957662989395, -0.279483098984,  
1998, 1822523.5139108594, 75.77538942533656, 121.47576744324805, 69.36535122604108, 51.63596405619548, 0.688363477627, 0.471574856833, 0.551155946238, 0.35515574367, -0.881638692355, 0.310769390193, 0.632471438413, -0.0181760982088, -0.774370395254,  
2000, 935020.6852196674, 60.66118219754209, 79.88674574162773, 69.30871182286606, 40.31531451337804, 0.481797019794, 0.184846412149, 0.856564904507, -0.269683380594, -0.898776755726, 0.345646087202, -0.833752065034, 0.397532573863, 0.38317795705,  
2006, 1648974.1413014529, 73.2894977175475, 127.03445383141323, 88.66117849893517, 34.95185350876618, 0.403141500058, -0.498614405522, -0.767372533739, 0.743311932134, 0.667545443361, -0.0432487294111, -0.533820477763, 0.55296180307, -0.639741308551,  
2011, 335659.53030094784, 43.11252485351981, 137.21355185030686, 28.092031419224966, 20.788838303697215, 0.921654020012, 0.367345733132, -0.124943906393, 0.279225616566, -0.404332826682, 0.870946623118, -0.269419602939, 0.837598995711, 0.475227313962,  
2018, 2009966.755029019, 78.28888148009804, 118.4262958090396, 81.59947583600585, 49.655201714496194, 0.37907362085, -0.905653179366, 0.189988180367, -0.477531525445, -0.0155903982165, 0.878476284079, -0.792632848286, -0.423732531424, -0.438387852969,  
2031, 265237.2175234821, 39.85797997777028, 136.25744524478247, 70.9993836189765, 6.545322255750051, -0.627216308976, 0.757558375471, 0.180845263993, 0.778700440402, 0.605485267788, 0.164356973107, -0.0150108584469, -0.243911660743, 0.969681275411,  
2032, 619418.9358869612, 52.88087380446181, 132.97530692981928, 81.77757832205226, 13.598487970146035, 0.305654399177, 0.523589588307, 0.795254255745, 0.850514088167, 0.225321207512, -0.475243242219, 0.428020062723, -0.821635135849, 0.376449902969,  
2033, 710446.1462185595, 55.353809887542745, 95.90580198551594, 60.649069356510275, 29.159060770871186, 0.742020121506, 0.15109375706, 0.653128483423, 0.214265953608, -0.976618609643, -0.0174983548806, 0.635213539217, 0.152927328744, -0.757044907333,  
2044, 1779860.9424887488, 75.17945179720633, 133.85739476582026, 62.86708369127159, 50.49307047899854, 0.061796655286, 0.041303793703, -0.997233758966, 0.944928481362, 0.319308170223, 0.0717806209223, -0.321389698819, 0.94675038371, 0.019296954133,  
2063, 1102497.8112035934, 64.0859818143244, 118.14376762169888, 65.59677113595326, 33.96220252931622, -0.0479794945067, -0.449275581548, 0.892103928885, 0.721315777764, -0.633399304375, -0.280194343209, 0.690942484477, 0.630045056359, 0.354459743979,  
2070, 1553222.8426085308, 71.84254685103897, 154.25047805784226, 76.12537938682968, 31.57833087163263, -0.0380173577442, 0.0191928560362, 0.999092745839, 0.185784710418, -0.9822480461, 0.0259387221537, 0.981854735633, 0.186602278146, 0.0337767361613,  
2074, 727811.5439518543, 55.8011877901476, 120.22651034122595, 81.67400818325454, 17.69482286872692, -0.982491457535, 0.0926775251737, 0.161621199719, 0.178729379142, 0.223953449398, 0.958071323824, -0.052596054059, -0.970183348048, 0.236596547453,  
2077, 884731.8321850119, 59.55355361107424, 126.30993124709153, 55.10108536336304, 30.34767270824229, 0.166213552401, -0.976470203316, -0.137400862567, -0.813980385615, -0.21451551601, 0.539832404756, 0.556604874963, -0.022114145401, 0.830482978598,  
2079, 1199740.7543253738, 65.91732893729927, 135.25918397378493, 95.91011247023594, 22.078402131172997, -0.777246523082, 0.583126239542, 0.236329496922, -0.343097274886, -0.707644644361, 0.617675737967, -0.527420233138, -0.399002313357, -0.750083363108,  
2084, 2131416.8700345363, 79.83498778692653, 124.59092673192372, 95.32681949154303, 42.84284177928152, 0.661621065264, -0.705418604103, -0.254248223167, -0.685921459481, -0.706355444607, 0.174853473793, 0.302934510121, -0.0587075707089, 0.951201400188,  
2089, 1803245.86617586, 75.5072717769953, 109.54511230107408, 96.15774574011911, 40.86853383333583, 0.946079359273, 0.315108231764, -0.0751042490897, -0.256096555632, 0.869546328194, 0.42226027201, -0.198364311685, 0.380257788085, -0.903357965842,  
2104, 2315876.3835840286, 82.07462773115085, 121.45226467077163, 73.84278551435266, 61.64716034483448, 0.35109044179, -0.933501157422, -0.0728772308451, -0.730746751431, -0.32183356789, 0.602023537623, 0.585444008387, 0.158109910099, 0.795145627777,  
2112, 3233135.471790801, 91.73007833059434, 123.8994456765292, 92.61974278764822, 67.26085120654056, 0.0583214942657, 0.972273418043, -0.226457510086, -0.729392397658, 0.196382324705, 0.655302001204, 0.681604968838, 0.126958194344, 0.72062215019,  
2118, 2888261.140560156, 88.34513036879798, 111.24793435158446, 97.85837269166785, 63.33706033841836, -0.718884303063, 0.604798862731, 0.342671408858, -0.439129612183, -0.77726167915, 0.450587911321, -0.538860410973, -0.17344341372, -0.824346310554,  
2123, 1928629.601554635, 77.21827098268339, 121.00932383924957, 87.44407162193934, 43.512197134105165, -0.317588041305, 0.877133728361, 0.360241944521, 0.937225854418, 0.348074696969, -0.0212533089297, 0.144033099776, -0.330878267496, 0.93261676924,  
2128, 1514554.370860971, 71.24134111618575, 143.22723960653838, 102.70638319089257, 24.579508912675546, -0.633418915745, -0.369189628407, -0.680058450027, -0.752858540992, 0.497144335107, 0.431336906983, -0.178842093566, -0.785204768419, 0.592848190705,  
2132, 2603385.367380465, 85.33947171396186, 123.31793359030787, 105.33373905359504, 47.84715402114309, -0.719205797234, 0.637980207775, -0.275180442097, 0.554492113681, 0.765689857566, 0.325971682646, -0.418666355337, -0.0818553389107, 0.90444357834,  
2140, 530354.0334945756, 50.21410838053935, 94.6393139198157, 48.25981441188958, 27.721711284646553, 0.635453360603, 0.345767722561, -0.69039387927, 0.702569114128, 0.1119912045, 0.702747899313, -0.320305582799, 0.931612930433, 0.171760535276,  
2143, 837537.605408753, 58.47522508906909, 113.684372409014, 96.9051150943368, 18.14964924208217, 0.0428106897903, -0.0692311894865, 0.996681637857, -0.666001966989, -0.745589652021, -0.0231829844075, 0.744720501132, -0.662799451721, -0.0780273156785,  
2153, 1462959.4109813925, 70.42300550629703, 110.21838510281863, 82.50313934652031, 38.4077750960195, 0.613448090445, 0.444607774399, 0.652690866547, 0.689185337066, 0.102169972708, -0.717345710135, 0.38562288768, -0.889879330933, 0.243741184203,  
2163, 3117218.8805647832, 90.62045315592162, 121.2832294893956, 94.81337318393523, 64.71550407151221, 0.339950719038, 0.803004478535, -0.489507217595, 0.371613450773, 0.363447801298, 0.854288674241, 0.863907953332, -0.472323515383, -0.17485292387,  
2166, 2017266.0692522335, 78.38353723814832, 112.9137290653698, 87.56127617441646, 48.709732122262416, 0.770973346344, 0.252433552748, 0.584702831081, -0.292162480452, -0.675596393914, 0.676912547931, -0.565898563564, 0.692709761717, 0.447115199673,  
2169, 696260.9684202455, 54.982921662649495, 120.25838407671269, 62.39943563919121, 22.15069793922821, -0.810785623945, 0.470284913352, -0.348509357518, 0.572923280825, 0.759590530737, -0.30786545747, -0.119939927853, 0.449282011533, 0.885302257887,  
2172, 2536271.9562694184, 84.5997481441589, 109.24652462918264, 100.3308887966096, 55.24143108244987, -0.616380004315, 0.603721030773, 0.505565631034, -0.5067998414, -0.795528920175, 0.332095856526, -0.602685333352, 0.0515233361467, -0.796313841896,  
2176, 2586385.694934981, 85.15331509231291, 112.79272018035005, 87.55481184263556, 62.52354453240408, -0.701642398516, -0.358857715643, 0.615564037715, -0.684242734668, 0.0983442760507, -0.72259275074, -0.198770784219, 0.928196931309, 0.314548298437,  
2187, 1528739.7255444592, 71.46306639182322, 128.09089005413117, 66.20074898272748, 43.03916088684559, 0.34460179362, 0.837449073127, -0.424179978019, 0.683289891209, 0.0860838231011, 0.725054825494, -0.643711525767, 0.539693084372, 0.542555846228,  
2194, 1320465.6561318552, 68.05804980565019, 113.89002298265109, 74.64354458152059, 37.081779386672366, 0.871970255606, 0.185467821612, -0.453066838871, 0.35953469991, 0.385513629925, 0.849772934791, -0.332268976732, 0.903869973109, -0.269474300839,  
2203, 3160077.319176009, 91.03387576075589, 117.30013477088892, 99.69919281395357, 64.5087974883802, 0.0917609824735, 0.553259549188, 0.827939486513, -0.92511339688, -0.260268412984, 0.276451724747, 0.368436052807, -0.791305392649, 0.487945335623,  
2204, 2641704.887215219, 85.75614108786142, 147.0979318820381, 77.68161157501359, 55.191334687307965, -0.0549673099225, 0.437958797516, 0.897313037082, 0.782163570568, -0.539713127853, 0.311335652472, 0.620643813887, 0.718958852301, -0.312888838059,  
2207, 2290464.9392482154, 81.77332926079701, 115.02201790138642, 107.53836118337964, 44.20695920122746, -0.718638346068, 0.684568692327, -0.122166415374, 0.617061496371, 0.708778791125, 0.341859232649, -0.32061509206, -0.170288962462, 0.931776599839,  
2208, 1966730.0404375626, 77.72344596904375, 121.09006634570677, 109.85372850825328, 35.29659592606999, -0.362784127447, -0.920642114621, -0.144242066191, 0.929889158818, -0.367743938546, 0.00839928427233, -0.0607768803589, -0.131082006581, 0.989506785406,  
2219, 1620768.267467558, 72.86921739552204, 85.53229934868247, 79.70949511296372, 56.75342951583011, -0.0535043831043, 0.794978816351, 0.604273086064, -0.862404616606, -0.341842317752, 0.373365915759, 0.503384106071, -0.501151186118, 0.703883463655,  
2226, 181847.08559698015, 35.14573083252625, 80.83610960665578, 53.40165949109846, 10.056748248750159, 0.182036193334, 0.63902948083, 0.747331350169, -0.924475826071, -0.147689197758, 0.351471688583, 0.334973538247, -0.754870335551, 0.563882527818,  
2230, 1291275.9483303775, 67.55282011840302, 106.1554817677561, 67.70073715640541, 42.89381055701849, 0.0429715256676, -0.663263584995, 0.747151165964, 0.708442140499, -0.507082461029, -0.490894195609, 0.704459496031, 0.550407843818, 0.448093766879,  
2237, 560841.5807507159, 51.158428882436645, 135.3224320592454, 50.30786015012711, 19.66735495546675, -0.252009499775, -0.961011293635, -0.113791500247, -0.935199088865, 0.211620392225, 0.283935685995, 0.248784798993, -0.177972197548, 0.952067235383,  
2238, 2415742.9766512187, 83.23782151739155, 145.05464066200392, 88.26120536680199, 45.046456589652635, -0.182052515925, 0.145154229468, -0.972515877049, -0.179477436948, 0.967523350542, 0.178006785775, 0.966770257648, 0.206951240206, -0.150088151116,  
2242, 1441822.9151840303, 70.08220722996464, 111.3426982614919, 70.3356385030811, 43.952758641767645, 0.0176767254116, -0.598190543709, 0.80115891482, -0.519774656419, -0.68999798279, -0.503723227864, 0.854120506675, -0.407517922505, -0.323121189206,  
2245, 2197382.276053078, 80.65024096453871, 117.69277682116065, 81.63573118746334, 54.599279447809856, -0.493642128964, 0.706133706408, 0.507634353827, 0.853813578112, 0.504451506969, 0.128573134632, 0.165287090675, -0.496894219921, 0.851925062353,  
2258, 2436605.038836215, 83.4767456220863, 107.1262040793995, 75.93202425712839, 71.51149123702851, -0.230148263445, 0.67069123012, 0.705127683951, 0.967171929839, 0.237868686755, 0.0894256450483, 0.107750800294, -0.702560859785, 0.703418796546,  
2259, 3327234.5693941074, 92.61150391973409, 136.38270314952413, 120.99921378739354, 48.13411240824587, -0.476596415754, 0.858430500953, 0.189612582715, 0.195286665299, -0.106916715101, 0.974900986967, -0.857157497107, -0.50166312508, 0.116683906721,  
2265, 161370.1886869134, 33.77366820343263, 66.27014830637283, 44.31993423825653, 13.11649045942378, -0.136636538619, 0.987755715859, 0.0752934399731, 0.424627059367, -0.0102700903348, 0.905310104714, 0.894998500986, 0.15567007109, -0.418024535403,  
2281, 746008.651566529, 56.262421274460934, 116.31931783763505, 65.50577437968808, 23.373503965056297, -0.866627960035, 0.140172074524, 0.478860907163, 0.497644114626, 0.312343522865, 0.809192102595, 0.0361429669961, -0.939570813323, 0.340441437972,  
2289, 4047048.686945417, 98.85908957699286, 119.0966209555187, 97.9163681896257, 82.85049039169849, -0.996743401979, 0.0772456322085, -0.0231452568754, 0.0726705837025, 0.736053251385, -0.673011587857, 0.0349510640104, 0.67250183898, 0.739269707004,  
2290, 1466188.8015565556, 70.47478553804666, 124.4420070096436, 60.04635901827165, 46.843313042993074, -0.736222086323, 0.342026286082, 0.58394782236, 0.647837832842, 0.106718344742, 0.754266091797, -0.195660885076, -0.933610847476, 0.300145970365,  
2297, 1818902.0281547077, 75.72516575541317, 125.59884940294288, 88.24343048929107, 39.17893748305716, 0.0565439561976, -0.701297577794, 0.710622606169, -0.780652019015, -0.474767497164, -0.406421270166, 0.62240276849, -0.531768305765, -0.574314602599,  
2315, 961297.7051386744, 61.224197141172915, 120.86108742746876, 100.34774683024327, 18.922354450870376, 0.641768932957, -0.155084691483, 0.751053510183, -0.706000868551, 0.262980176207, 0.657574482875, -0.299491920252, -0.952255304732, 0.0592825801871,  
