# Void_ID, Void_Volume, r = (a*b*c)**(1/3.0), a, b, c, vector_a, vector_b, vector_c 

0, 4377276.833929653, 101.47797715478852, 115.37372939857767, 105.53587416819742, 85.82392284733638, -0.393164060436, -0.459746794142, 0.796275647536, 0.42234173823, 0.678953468941, 0.600541125288, -0.816730970229, 0.572411628367, -0.0727698425124,  
3, 2598856.7404516772, 85.28995990755429, 127.28142651470114, 105.66589568868484, 46.13110504307524, 0.118214600742, -0.0472334979404, 0.991864055626, -0.144428299873, 0.987428085302, 0.0642358354226, 0.982428508527, 0.150846852897, -0.109906563061,  
5, 707260.8300836111, 55.27095887206248, 105.17002506915713, 60.29041968366322, 26.628745847334436, 0.0614979653369, -0.319228730272, 0.945680188028, 0.818858360997, -0.52560388206, -0.230676274874, 0.570691672346, 0.788564250352, 0.229079545534,  
7, 399369.8961810553, 45.683801802690176, 129.30543507275752, 58.673100480561246, 12.566979245075505, -0.710800577929, -0.703359076787, 0.00696760477235, -0.703382067272, 0.710810755703, -0.00131795942652, 0.00402564968819, 0.00583769457077, 0.999974857417,  
10, 1166318.264467397, 65.29944485631923, 105.5507497554207, 68.78439247495741, 38.35104824983612, 0.351252537453, -0.299117988537, 0.887214790153, 0.688507215895, 0.724678553608, -0.0282631845461, 0.634491503957, -0.620781300357, -0.460490074305,  
12, 4946156.8176986, 105.69629336313211, 123.21779722974702, 102.77990710371904, 93.23900081089721, -0.119340793058, -0.702124905245, 0.701981760836, 0.012839135414, 0.7058842086, 0.708210873011, -0.992770331806, 0.0935312861227, -0.0752261045251,  
14, 466200.4680213483, 48.101804102154595, 174.1851082429659, 55.28372450067008, 11.557816075500547, -0.524343857801, 0.842589261487, 0.122909947572, 0.800414939374, 0.53696786636, -0.266460945211, 0.290515823343, 0.0413382017315, 0.955976835214,  
15, 667748.5008802454, 54.22190488011746, 99.39207862371681, 95.64419166275869, 16.76926153409383, 0.550343820946, -0.0472021718322, 0.833602803331, -0.429068857318, -0.872471066193, 0.233867813809, -0.71625525787, 0.48638070853, 0.500412042165,  
16, 2152862.3049495197, 80.1018502995211, 122.75511841459567, 112.89892905717154, 37.0849939481624, -0.325850237645, 0.843470348034, 0.427059006009, -0.544793980111, 0.201653641431, -0.813962731415, -0.772671432021, -0.497889125091, 0.393808681029,  
24, 1179299.9249317432, 65.54082249523883, 83.75407676040504, 71.60368880226243, 46.945536815887365, -0.41532261827, -0.24927608217, -0.87485344922, -0.181051768542, -0.919829598895, 0.348042764764, 0.891474834116, -0.302943796528, -0.336894161843,  
29, 2862539.6509479424, 88.08209465725913, 116.3750985799539, 106.53683193245256, 55.11921982678838, -0.754675830582, 0.155546797865, 0.637392802288, 0.644483761256, -0.00623283563784, 0.764592592979, -0.122902694083, -0.987808860779, 0.0955436149277,  
30, 2798461.1657487466, 87.41988384224203, 130.75096150944987, 104.96272072785318, 48.680015131693864, 0.308921767603, -0.370648292405, 0.875892222159, 0.873177904643, 0.475575285469, -0.10671689039, -0.3769982604, 0.79777690565, 0.470557457137,  
32, 1118411.650588124, 64.39285650353119, 148.0635296470207, 50.241196815630616, 35.89260657945938, -0.0700538077597, 0.0134719251763, 0.997452240085, -0.0102127108575, -0.999866084284, 0.0127872606609, 0.997490934573, -0.009290895022, 0.0701820113304,  
33, 846842.0341361057, 58.69096709786122, 127.0423850169044, 69.53767733135585, 22.884687090537497, 0.465994500262, -0.475093372963, 0.746415040505, -0.432887351478, 0.613324553084, 0.660637217779, -0.771659035233, -0.630966940141, 0.0801439566858,  
36, 944710.5732135879, 60.87001221488113, 127.89491615099551, 50.88911680822921, 34.652292491880445, 0.30915518902, -0.312411788268, -0.898232677903, -0.758895943794, -0.650269067952, -0.0350297838743, 0.573149208841, -0.692494775299, 0.438122095526,  
39, 3338776.6716664475, 92.71846940624395, 120.17086144288936, 107.03233384611264, 61.97044165520744, -0.66032201766, 0.747838150578, 0.0686508086806, 0.250747479531, 0.133384973656, 0.958819143693, -0.707884548851, -0.650343408779, 0.275595566285,  
40, 1752651.5762503247, 74.79438453470289, 121.91548830878756, 94.35743398424401, 36.37240130314479, -0.838130724607, 0.236439363804, -0.491562117858, -0.376531573163, 0.40124922064, 0.834998824758, -0.39466550759, -0.884926827585, 0.247272414432,  
41, 786953.022936947, 57.27345724200852, 125.40511826054467, 88.74344620808648, 16.881407241447334, 0.200906166659, -0.978428169909, -0.048114743338, -0.114090257815, -0.072152233662, 0.990846843992, 0.972944050431, 0.193577817701, 0.126124950839,  
45, 445437.0387478845, 47.376819870270886, 97.00542285627414, 81.26441473016533, 13.489668959543183, -0.741787958258, 0.379917753531, 0.552641950575, 0.60121323986, 0.0116062616348, 0.799004339731, -0.297141826743, -0.924947455396, 0.237020968601,  
46, 1664472.1524998243, 73.51838780162485, 144.35291330692056, 63.458968658404295, 43.37798372593441, 0.793656810362, -0.376596102118, -0.477791003719, -0.461844306597, 0.138232533682, -0.876123052485, -0.395990787556, -0.916006082131, 0.0642195738797,  
47, 797925.1639549847, 57.53840923006545, 122.74583872704825, 83.02050174289785, 18.693103934175102, 0.840329037292, -0.533264782231, -0.0973436239099, 0.269221581429, 0.254701098131, 0.928787968647, -0.470496385933, -0.806694503913, 0.357599116582,  
51, 2088672.6020328302, 79.29769925752777, 94.13951973385497, 83.02309611109716, 63.79855718192631, -0.734321465679, -0.433389095113, 0.522442223868, -0.678043034416, 0.50469461378, -0.534360356222, 0.0320878251503, 0.74663059076, 0.664464545644,  
52, 1244355.2795698112, 66.72448981911877, 128.18516729711928, 72.978692869315, 31.755717554784276, 0.676433727884, 0.547495567623, 0.492631723718, 0.232176440388, -0.79329031999, 0.562836182863, 0.698950293161, -0.266343897327, -0.663723900464,  
53, 2024474.6353082433, 78.47679236392162, 101.30315016196037, 82.37254488387173, 57.91863210604581, 0.540725208104, -0.711480641918, -0.448788976576, -0.574579194368, -0.702048554541, 0.420697725768, -0.614389940282, 0.0303829432875, -0.788417324795,  
55, 1339128.358995768, 68.37718214055931, 108.84825212021211, 76.1340553414629, 38.57741961425286, -0.260309200414, 0.220817709878, 0.939935454797, 0.816732500091, 0.569573518471, 0.0923798157115, -0.51496324478, 0.791723149883, -0.328614227423,  
58, 1556496.4045779044, 71.89298305673749, 117.48613355163668, 76.85261729281967, 41.15420708806853, 0.271318717249, -0.0873013193028, -0.958522108936, 0.302621779042, 0.953110035579, -0.00114844575314, 0.91367730218, -0.289758071029, 0.285015872811,  
59, 1278053.0017375129, 67.3214433382919, 131.47687683615138, 58.105336329418236, 39.93878574703542, 0.45033044881, -0.47244233089, 0.757628359327, -0.576339913757, 0.494270526833, 0.650791018772, -0.68193459414, -0.72972247484, -0.0497023040579,  
61, 2915203.826694621, 88.618985103026, 121.61045779420857, 84.22497236938605, 67.94672292877603, -0.230407851378, -0.299545803844, -0.925842607263, 0.237182660987, -0.940034446687, 0.245111452952, -0.943746050244, -0.163118210023, 0.287638387925,  
62, 2242411.5718113654, 81.19742165601805, 110.46680255686634, 89.37499010784762, 54.2224236937469, 0.625881612811, -0.600603443684, 0.497541666778, -0.67790768052, -0.734373289875, -0.0337201395333, -0.385633742607, 0.316182501972, 0.866784426492,  
63, 1348310.281623263, 68.53310557855441, 121.57984810509178, 58.50924489969122, 45.24964196359408, 0.447683705127, 0.841923743124, -0.301236968064, 0.739783469029, -0.15949165726, 0.65366874655, -0.502294454594, 0.515486975615, 0.694243083405,  
64, 1935718.7383213236, 77.31276666963468, 131.8776835412701, 99.82274133825842, 35.10369580572438, 0.759708144025, 0.640438613319, -0.112614024314, -0.326910344356, 0.525866102689, 0.785235295179, -0.562114901648, 0.559734959256, -0.608870768499,  
65, 2375074.038611873, 82.76807369204384, 124.07363843922033, 95.53951819178513, 47.832819204951846, -0.920307510394, -0.296307929795, -0.255412797357, -0.351761208701, 0.3411336519, 0.871717777491, 0.17116698971, -0.892092731885, 0.418177497424,  
67, 1441161.4189789554, 70.07148788175415, 92.7631056397925, 80.51844309832649, 46.06312193917531, -0.702207112894, 0.461488247806, 0.542156589684, 0.233362486556, -0.570232321215, 0.787640177816, -0.672641896159, -0.679605545135, -0.292727146935,  
71, 1744710.3069515212, 74.6812489664037, 124.21007351610236, 80.14743952719776, 41.83966957456655, -0.160784321729, 0.96445170956, 0.209717194843, 0.464138625003, -0.113637980976, 0.878442796123, 0.87104749507, 0.238577679606, -0.429368084663,  
74, 1532498.2531043338, 71.52158432848314, 95.4122446943013, 92.77987174480104, 41.32886682100258, -0.215298011946, -0.84809696276, -0.484126334555, -0.0506218214579, -0.485393505911, 0.872829064372, 0.975235457335, -0.212425719199, -0.0615720438065,  
77, 627841.7577293998, 53.11948583196178, 85.01534394559572, 60.917325767498255, 28.941660313258808, 0.817926024003, -0.441498616678, -0.368884793303, -0.51045985932, -0.261145288796, -0.819288636662, -0.265382273866, -0.85841837679, 0.438964849511,  
80, 3022501.7995067257, 89.69315888212641, 159.77406154929375, 81.32900229243383, 55.529816564704014, -0.475666100776, -0.470299860468, 0.743343663333, -0.83813979651, -0.0141397654058, -0.545272178404, -0.266952134436, 0.882393397685, 0.387451222274,  
84, 3354471.301449388, 92.86352331863287, 116.04649215590005, 90.82414547279356, 75.98049765774364, 0.018239160789, 0.304850218056, 0.952225644249, -0.243870479834, -0.922263369617, 0.299929101837, 0.969636283397, -0.237690179887, 0.0575226590666,  
85, 1395734.873944994, 69.3273777284453, 100.60878966898925, 69.41248869427982, 47.713445648370254, 0.0564873394712, -0.534073915622, 0.843548595596, -0.85643567585, -0.460176051878, -0.233999859849, 0.513154083693, -0.709227082062, -0.483394075739,  
86, 1820747.7260412665, 75.75077067675831, 111.46485133580416, 73.98067737183253, 52.71144506132782, -0.140041678977, -0.315866144144, -0.938411906964, -0.989768688421, 0.0185093382583, 0.141475608562, 0.0273179715552, -0.948623204113, 0.315226498013,  
88, 2217624.4140935275, 80.89713259518717, 130.6201389058552, 78.21011136973732, 51.823452115612234, 0.0741597958578, 0.602483493887, 0.794678528886, 0.544425944677, -0.692104484751, 0.473911144572, 0.835524215951, 0.397498455067, -0.379333972613,  
90, 806356.0645406243, 57.7403504896549, 122.12401896612975, 74.40114698360367, 21.186417610183618, -0.355031773728, 0.638367666179, 0.682963514707, -0.159167403825, -0.761166199534, 0.628722318871, 0.921204742282, 0.114510870508, 0.371845510034,  
96, 1120395.833967456, 64.4309139731878, 134.21136877943692, 94.12647034428441, 21.172970724328042, -0.00731988796083, -0.616593206617, 0.787247887767, -0.88819216638, -0.3576829954, -0.288405184389, 0.459413860066, -0.701338500551, -0.545035056509,  
100, 2035142.2297971766, 78.6143906087776, 140.200650295477, 92.12347491665996, 37.61714381862943, -0.525528502986, 0.843543907068, -0.110695390135, 0.850775223923, 0.521235835026, -0.0670426926968, -0.00114494917285, 0.129409741259, 0.991590544509,  
102, 193084.47241198094, 35.85526308964486, 143.3401264735827, 29.461368923651875, 10.915359269531605, -0.538604649222, 0.363474389825, 0.760125910476, 0.837486280536, 0.132107881461, 0.53024922213, -0.0923133887924, -0.92218971779, 0.375558733959,  
103, 1940891.671654654, 77.3815745414341, 115.66705616977681, 76.48030048812251, 52.3785436562043, -0.397349232605, 0.778917905007, -0.485180878237, 0.145811816216, 0.57558435479, 0.804637536269, 0.906009106797, 0.248977002513, -0.342283436088,  
107, 1196989.4492625864, 65.86690207337145, 114.11110638845508, 69.41665131659323, 36.07531546888498, -0.981587945195, 0.190690624546, -0.0110540290161, 0.165487998934, 0.82010345108, -0.547762769578, 0.0953877772895, 0.539506640586, 0.836560671265,  
110, 3362141.754104853, 92.93425110812845, 132.1028477298469, 101.54662290636513, 59.83423547435935, -0.997317251299, 0.0147405304053, 0.0717008858062, 0.0301343410198, -0.809988264082, 0.585671352843, 0.0667099824114, 0.586260802727, 0.807371072948,  
113, 561963.8245021278, 51.192528812304566, 148.6457915970249, 53.164239050683165, 16.976475456311107, -0.838802739547, 0.290972234151, 0.460157715443, 0.491923629616, 0.0428995314142, 0.869580802933, -0.233283318636, -0.955769213334, 0.179120362017,  
114, 361386.9961323931, 44.187012250706275, 106.85123647881709, 51.46882867673077, 15.68772887554226, 0.914493258379, 0.180915483316, 0.361900080513, 0.265802638073, 0.405730889581, -0.874489223967, 0.305042682214, -0.895908495962, -0.322950350504,  
120, 4720531.811518286, 104.06406179285798, 144.06919600226382, 103.6315832648883, 75.48124477035459, -0.515190015335, 0.429193502713, 0.74187073357, 0.843613899323, 0.406749120089, 0.350529231557, 0.151310399404, -0.806441622522, 0.571626689804,  
121, 362313.0970379928, 44.22472503185392, 72.72123551704556, 48.400906334948054, 24.57427313977473, 0.302768001543, 0.0233073437253, -0.952779253012, 0.86521821389, 0.412496065506, 0.285034100232, -0.399661080911, 0.910661168421, -0.104724671089,  
122, 57389.1816328711, 23.928408127147666, 70.99546808777836, 30.270924895576513, 6.375072160458639, -0.547727070388, -0.514092959439, -0.660078393389, -0.0414939266626, -0.77128499758, 0.635135974857, -0.835627495008, 0.375270411253, 0.401121936603,  
123, 241702.6483360133, 38.64241555744254, 75.17458135742544, 47.48561592654589, 16.164404358846042, -0.916978133969, 0.36826047569, -0.153412267655, -0.0296913812207, 0.320486451776, 0.946787651012, 0.397831024059, 0.872738595613, -0.28294490634,  
124, 976364.0372611535, 61.54239429856039, 106.7776052634347, 57.52532971050751, 37.94756138114055, 0.786135254485, -0.612755075384, 0.0807624866349, -0.372381052535, -0.365297966547, 0.853164548812, -0.493278535281, -0.700777149476, -0.515351989812,  
125, 539923.9760918963, 50.514338252345894, 131.86016352814912, 49.55767920436053, 19.725110007944867, 0.650897843131, 0.758308293664, -0.0360628557763, 0.361046186586, -0.267419274831, 0.893382663029, 0.667815580051, -0.594521205012, -0.447846946883,  
130, 1815582.4006184821, 75.67906973608092, 116.79926434894439, 96.24642207879147, 38.55694835850079, -0.0677389267053, -0.992356963815, -0.103145984787, -0.497420118554, 0.123209475801, -0.85871569843, 0.864861065991, -0.00686159177565, -0.501964396239,  
139, 1808334.4893412844, 75.57823033830539, 103.09143639743306, 95.70393310197719, 43.756016676711084, 0.872222548426, -0.185779889191, -0.452452935442, 0.392914867181, 0.817046616202, 0.42196295347, -0.291282909155, 0.545821087652, -0.785642162252,  
140, 169573.63388478028, 34.33654333743325, 74.77576325962448, 47.244648224927005, 11.459251294032004, 0.669595457541, -0.174396389265, 0.721961094971, 0.195626828744, 0.97913037146, 0.0550804825634, -0.716499872377, 0.104353318562, 0.689737861646,  
141, 785738.9975869468, 57.24399033492433, 104.97322725093542, 71.48675635561092, 24.99686577466818, 0.644282480997, -0.323520633513, -0.692989526885, -0.7073396102, 0.0924802651251, -0.700798170949, -0.290810523405, -0.941690926076, 0.169255544142,  
143, 1439556.4833735144, 70.04546673960576, 123.62042735008785, 71.53396198106957, 38.86311255198579, 0.605242498227, 0.190729806749, 0.772854228918, 0.393277457025, -0.915756804731, -0.0819897334057, 0.69210863319, 0.353569816875, -0.629264669642,  
144, 3341218.9645214505, 92.7410715432493, 133.98941531948077, 86.2220441424391, 69.04425082480164, -0.0862217008453, 0.340792785929, 0.936176316386, -0.774812079144, -0.613641348846, 0.152021501766, 0.626284328653, -0.712253165697, 0.316959567829,  
147, 4501658.876387904, 102.43019299061437, 115.51727526066101, 103.24649375893841, 90.1076626500686, -0.952632771827, 0.224529451244, -0.205127588503, 0.301444376059, 0.78644283194, -0.539109413971, -0.0402751807316, 0.575407853278, 0.816874355212,  
149, 3070439.5669961786, 90.16486045375088, 129.59962426425489, 85.1189371785336, 66.44801471670232, 0.0314765806611, -0.966189191321, 0.255905590881, 0.590178598243, -0.18866672002, -0.784916614, 0.806658817002, 0.175736494021, 0.56428559934,  
151, 2299844.9513945626, 81.88480446385493, 103.1574733656872, 76.8769685024569, 69.23297643714737, -0.337748511426, 0.0415684091854, 0.94031803683, -0.938763828197, -0.087242241265, -0.333333565979, -0.0681793069691, 0.995319475695, -0.0684888560597,  
155, 449971.5749367617, 47.53704229340431, 124.29498501284445, 58.391081081984986, 14.801180273531804, 0.303410975987, -0.200625514747, 0.93149942699, 0.895882417537, 0.393040278845, -0.207157025355, 0.324555809682, -0.897367673832, -0.298989605778,  
166, 1753578.7515658364, 74.8075712747327, 111.17755682372541, 85.20135243779347, 44.194991076952704, 0.6841830805, -0.0931907477824, -0.723331871886, 0.626265139098, 0.583335185717, 0.517215657783, -0.373745217908, 0.806867737385, -0.45747018095,  
170, 3860686.803614862, 97.31773383170113, 127.65873569175595, 92.58302003635194, 77.98194797966771, 0.57413243388, 0.567644905373, -0.590043396515, 0.69856041331, 0.0362846991431, 0.714630512617, -0.427065916835, 0.822473514474, 0.375702037079,  
171, 3111274.2345054313, 90.56281103455565, 120.00197946063018, 89.81899580320069, 68.91171812909697, 0.600903871822, -0.393160990543, 0.695944661841, -0.429416597295, 0.575569999332, 0.695931434724, -0.674177960777, -0.717038082241, 0.177032386355,  
173, 2093638.0868924435, 79.3604887231209, 122.89506557556642, 73.26159515829067, 55.5139570153567, 0.513310788274, -0.7757311418, 0.367087496768, 0.479871911522, 0.614062218554, 0.626618337009, -0.711501920709, -0.145494973747, 0.687456347299,  
174, 1491198.8527244078, 70.8732448993191, 112.65713841107424, 78.66000817772336, 40.17299852071539, 0.399326285194, -0.882149509677, -0.249701342668, -0.635076191227, -0.462588988967, 0.61861915475, -0.661223675688, -0.0884515113699, -0.744956093234,  
180, 2152711.538850521, 80.09998039739335, 131.24859035605505, 78.57859446651274, 49.83085345400042, 0.506184222926, -0.245997541693, -0.826597085612, -0.659641281195, 0.506991208975, -0.55482726516, -0.555563599063, -0.826102368658, -0.0943608175722,  
188, 4061837.8375229025, 98.97936361416998, 121.89843980253278, 113.65800641540582, 69.98996726306119, 0.478180655471, 0.777327445084, 0.408785156106, 0.8651530328, -0.336792160759, -0.371592882451, -0.151173709915, 0.531350245668, -0.833554692782,  
189, 496265.3731379656, 49.11435609736305, 96.4245298716268, 51.28450905224615, 23.95805908600314, 0.470519448255, -0.882090317122, -0.02298088885, -0.502275902693, -0.289152230009, 0.81492938679, -0.725486296485, -0.371897378748, -0.579104458015,  
190, 910794.5872440158, 60.13268700595335, 138.13022201098363, 75.18595878520618, 20.9366107864435, 0.770551025746, 0.460944967526, -0.440205467521, 0.442743902049, 0.10974229467, 0.889906998488, -0.458507310651, 0.880617036897, 0.119518535827,  
191, 540531.3231366997, 50.53327192879926, 96.71830007230422, 48.2829592697248, 27.633107186135252, 0.800950316824, 0.324458533355, -0.50319504182, -0.218812074567, 0.940926218482, 0.258416577247, 0.557314871507, -0.096873688406, 0.824630597596,  
192, 2822081.8813917995, 87.66515406502475, 131.5425242956623, 81.6845533472533, 62.70106113876286, 0.91635081374, -0.399255176068, -0.0299414518691, -0.324449974136, -0.784314721755, 0.528755738997, 0.234591987162, 0.474811248415, 0.848245765057,  
196, 655076.5843815071, 53.87672091942542, 95.82010305302735, 74.96430094883796, 21.771699805807447, -0.556790256933, 0.432498386403, 0.709175405343, -0.168426346773, -0.894804209461, 0.413470666968, -0.813398534236, -0.110772616153, -0.571062388898,  
198, 686305.0056984199, 54.71959223488004, 92.5168478054789, 78.0302682642493, 22.69575475635322, -0.376657495602, -0.700048381328, 0.606680636585, -0.877249560255, 0.479946989979, 0.00917037851311, -0.297594254042, -0.528756229855, -0.794892765944,  
200, 1818871.0970867882, 75.72473650863205, 127.80068261606957, 78.26479062466993, 43.41239153684294, 0.312225300515, 0.276304233549, 0.908939674699, -0.524324563854, 0.847969543766, -0.0776621180829, -0.792211533278, -0.452331320348, 0.409630642377,  
202, 1178068.9466690773, 65.51801025610432, 125.64763600814037, 83.90062457243256, 26.67857221289168, 0.581713833129, 0.0521475368864, -0.811720180076, 0.314593811726, -0.934704524659, 0.165403099142, -0.750093160861, -0.351579416319, -0.560135844283,  
203, 2799036.194994247, 87.42587112646291, 157.14329541051745, 75.77295776893095, 56.11898514900978, -0.0338654720475, 0.999421835303, 0.00302074856246, -0.882792929946, -0.0284962542068, -0.468897223637, 0.468540043797, 0.0185461212943, -0.883247569339,  
205, 2168903.464027663, 80.30030676066022, 127.55422643480514, 102.32543223234069, 39.67100218883098, -0.869253106412, 0.477308301297, 0.128747126205, -0.29907397947, -0.715086892222, 0.631827105604, -0.39364170485, -0.510712758882, -0.764341995522,  
206, 1222242.4318895678, 66.32688211132043, 91.99161176332218, 73.21799572870314, 43.321419948491105, -0.253222654237, -0.276587185547, 0.927026329816, -0.645104971833, 0.762373462368, 0.0512472359584, -0.720914601529, -0.585052333273, -0.371478000202,  
210, 2362241.586483685, 82.61873996587047, 127.58231036502396, 115.78937555490852, 38.17477862696663, -0.153461918128, -0.210200995686, 0.965538699948, -0.191239966645, -0.952321834029, -0.237719161172, 0.969472389933, -0.221130427222, 0.105946303922,  
211, 664465.3177112797, 54.13289282031178, 129.65952730317866, 73.14559295924283, 16.72596213826564, -0.970344980454, -0.194882708672, 0.143008212244, -0.147612617056, 0.946224928712, 0.287869587784, -0.191418740447, 0.258222993061, -0.946931756601,  
212, 1794169.1066462605, 75.38036829966333, 105.05109392509074, 84.79274126903589, 48.08565211076535, 0.751886230473, 0.50726843731, 0.421124481519, -0.199331095964, -0.433950687059, 0.878609079957, -0.628437913089, 0.744557273626, 0.225167172747,  
216, 856290.7012405997, 58.908442377796675, 89.63830821018583, 73.78669125348208, 30.907290290280674, -0.161653906286, 0.965688132623, -0.203259551051, 0.572691009806, 0.259538026165, 0.777602096359, 0.803674699035, 0.00929749886844, -0.594996247589,  
217, 825155.500979532, 58.18562852959669, 97.5860707637699, 60.466035251378216, 33.38472977429188, 0.820812225954, 0.374341197242, 0.431434766532, 0.312282344639, -0.926533444564, 0.209798744829, 0.478275053659, -0.0374759142945, -0.877410125822,  
226, 3172577.135245229, 91.15374726294314, 123.97503510073646, 98.18126973513027, 62.22439695894483, -0.817189445364, 0.466565227214, 0.338405524689, -0.152196049923, -0.74097125607, 0.654062657599, 0.555911659145, 0.482989116267, 0.676523274392,  
234, 944238.8209285737, 60.85987847681351, 112.33719146159135, 55.291209535552184, 36.292224612829564, -0.718699237546, 0.465565897525, -0.516449224041, 0.69323844136, 0.422333645992, -0.583998933975, 0.0537761040904, 0.777742043691, 0.626279046515,  
236, 2037374.9993470612, 78.64312957733823, 123.40354816256885, 95.87350224930242, 41.110818546671254, 0.563010372626, 0.796336555205, 0.221059745678, 0.582705786492, -0.192817488104, -0.789477917785, -0.586065940576, 0.57329704964, -0.57258816454,  
237, 2013447.467506445, 78.33404705940933, 110.50736729576755, 70.70752152160499, 61.51695732761079, -0.633201904712, -0.023424332776, -0.773632114446, -0.236430160915, 0.95761923257, 0.164518036764, 0.736991266487, 0.287083099546, -0.61190454082,  
240, 205049.43704469193, 36.58109129733745, 96.99488166085503, 34.42142176732774, 14.661970781174208, -0.356200490424, -0.0131202000939, 0.93431743587, 0.184227235359, -0.981260967407, 0.0564556427209, 0.916068521659, 0.192236245782, 0.351942736015,  
245, 2800077.2516644048, 87.43670866700415, 135.98161741022594, 87.44554647733321, 56.21646143911581, 0.567397516904, 0.409691192193, -0.71429208651, 0.693705909002, -0.705186090756, 0.146576564359, 0.443657716744, 0.578675819819, 0.684326037741,  
248, 3483949.3263080935, 94.04327399201584, 114.24463898118732, 108.2604618519242, 67.24771238131426, -0.570238048238, -0.238117918812, 0.786211437899, 0.754457274883, 0.226832266305, 0.615906927498, -0.324996598011, 0.944376503151, 0.0503014073123,  
252, 530054.5236723707, 50.20465403510969, 93.46274844903527, 62.801512606675026, 21.558735475674496, 0.574704595397, 0.412481327268, -0.706805335778, 0.778013527285, -0.00754277099865, 0.628202242886, -0.25379042415, 0.910934828218, 0.325250917522,  
259, 3184822.6880259253, 91.2708754843447, 121.14261113207283, 96.29682947355043, 65.17600406463353, 0.474578388635, -0.361473164787, 0.802566199251, -0.521925635061, -0.849766025698, -0.0741035291774, 0.70877992671, -0.383711939753, -0.591942702281,  
260, 216466.76337605808, 37.24782098800735, 122.37200937074233, 101.72517106062425, 4.151376228712528, -0.354781796997, -0.624236190471, 0.696030929648, 0.84575860503, 0.103048346692, 0.523520219534, -0.398525104023, 0.774409592368, 0.491393452045,  
264, 1259220.7949786857, 66.98914362951723, 90.42723906686, 68.20566557600532, 48.740901257909776, -0.96735366852, 0.0335715717241, -0.251196794512, -0.236487344722, -0.475907134924, 0.847104559493, 0.0911077153017, -0.878854566183, -0.468309764699,  
270, 1631565.0826652609, 73.03066653150134, 131.70445154976497, 81.70692866756563, 36.195656081476166, -0.0081111988352, -0.624742589464, 0.780788643209, -0.850553532493, -0.406275530514, -0.333914482567, 0.525825918738, -0.666810985374, -0.528081634758,  
277, 2088856.145752639, 79.30002197170336, 105.30928323082946, 86.35006386248254, 54.839135902778594, 0.646857981484, 0.332103256415, 0.686499948193, -0.223599619476, -0.778040072509, 0.587074829762, -0.729093932193, 0.533255166546, 0.429023269056,  
278, 2219976.8588301255, 80.92572757582015, 136.15153295551124, 113.07748279612609, 34.423987106143045, 0.370007269656, 0.885960137621, 0.279587651637, -0.282706183905, -0.179299323023, 0.942299828264, -0.884969962193, 0.427698944715, -0.184124356635,  
279, 2229529.618049506, 81.04163836048168, 106.49826849453366, 97.96675170174167, 51.01564496844076, 0.255411708922, 0.242799206936, 0.935849028453, 0.376538570274, 0.866548914618, -0.327584620626, -0.890496245945, 0.436052202937, 0.129903472904,  
283, 631364.5322788393, 53.218650454373275, 120.58155105700338, 59.557634815988, 20.988106701177603, 0.358387122575, -0.0805694445003, 0.930089906937, -0.474653710758, 0.842166893178, 0.255849133082, -0.803904549829, -0.533163660284, 0.263579183768,  
285, 3656633.5796095375, 95.57205945969129, 132.02135205388552, 111.25531910954507, 59.43303028394848, 0.459283002059, 0.309871448697, 0.83248952504, 0.745195999645, 0.375671930194, -0.550956915718, -0.483468764382, 0.873413010062, -0.0583752320842,  
288, 641820.9697049859, 53.51083949150959, 104.31577353926168, 85.06128385892148, 17.268053153551573, -0.577615568931, 0.591533225405, -0.562537730085, -0.190355266345, 0.572519831305, 0.797487250893, -0.793804212072, -0.567723071579, 0.21809490341,  
290, 897320.7556039584, 59.834688536034925, 134.77095542454043, 71.49294922637552, 22.233077606290998, 0.175259851146, -0.964267102208, -0.198677981104, -0.835863859897, -0.252364090097, 0.487487408809, 0.520207258979, -0.0806307734592, 0.850225314889,  
291, 3133115.505473459, 90.774235266916, 114.22991884789788, 95.46883113609786, 68.5877131664935, -0.933435989982, 0.356116858254, 0.043336311249, 0.137859291545, 0.244552435349, 0.959785873046, 0.331197929251, 0.901872989745, -0.277368062379,  
294, 1997511.0919434936, 78.1268288508109, 129.08901425864312, 69.66606383455219, 53.026142233918534, 0.789918101148, 0.153898974073, 0.593586134657, 0.23570729979, -0.969830192193, -0.0622211148767, 0.566101989313, 0.189062169908, -0.802361535473,  
295, 2494557.9181159185, 84.13337820564401, 124.90452933645696, 99.76128915981306, 47.79304954717229, -0.966081609452, 0.0127959385952, 0.25791973138, -0.0145784752358, -0.999881227376, -0.00499992003025, 0.257825118907, -0.00859040720669, 0.966153410678,  
296, 96135.35522489129, 28.418305284030776, 132.7225683388311, 22.622089838769153, 7.643935716737076, 0.0919916761899, -0.912376238898, -0.398882351334, -0.494482518379, -0.389555364281, 0.777002996891, -0.864305831595, 0.125762541536, -0.486989951249,  
301, 2743654.368874618, 86.84542210276439, 101.62079593288405, 95.21747706326639, 67.69265201646904, 0.955800367565, -0.227783281344, -0.185904368163, -0.24043378634, -0.969463091373, -0.0483001951606, 0.169225446516, -0.0908630354225, 0.981379975873,  
306, 1398155.715639997, 69.36743635550316, 163.24627050197458, 72.13933956912548, 28.34337108549678, -0.191000167566, -0.279958368662, 0.940819986929, -0.977884473594, -0.0289341043208, -0.207134675781, -0.0852108695741, 0.959576015448, 0.268240523194,  
313, 392208.976603652, 45.40910825736825, 104.81277650416062, 56.42321806080361, 15.832767783573058, -0.745033923282, -0.185909486168, 0.640595126513, -0.0170456902493, 0.965367055835, 0.260338034009, -0.666808741397, 0.183041280756, -0.722400160532,  
315, 3318690.869152707, 92.53216644645057, 118.42304644045731, 93.6902441389716, 71.408118690624, -0.0235964738093, 0.980308330229, 0.196058114107, -0.501378499704, -0.181270614013, 0.846026337965, 0.864906241426, -0.07833608478, 0.495782867154,  
322, 1822307.1811721502, 75.7723911382471, 114.22567717811418, 76.03397276175069, 50.09121350479304, 0.289898527013, -0.228040677971, 0.929492492292, -0.621703557811, 0.693508703182, 0.364047201356, -0.727628703557, -0.683405536853, 0.0592734507028,  
323, 1465751.228740245, 70.46777395385502, 108.12713744411121, 90.22755260186028, 35.86722478496688, -0.507111465277, -0.483339982138, -0.713596821357, -0.834243569529, 0.0672823244126, 0.547275758206, 0.216507802362, -0.872843371109, 0.437342910115,  
326, 1464032.2636986112, 70.4402160661292, 145.46975095637717, 56.23342885788801, 42.726250007047064, 0.039012666148, -0.417871798432, 0.907667985529, -0.479508775474, 0.789108726388, 0.383899403727, -0.876669462297, -0.45021170355, -0.169587959074,  
327, 1856270.2977955847, 76.2402307527478, 129.09858169673396, 85.29571871335615, 40.24425593525966, 0.884005719388, 0.0430410834493, -0.465490443753, 0.341140581741, 0.62141474688, 0.705313274971, -0.319620073806, 0.782298649811, -0.534651130107,  
332, 680895.4916540269, 54.57544469133083, 128.56046862940832, 49.810693752386776, 25.384102452709882, 0.359622431784, -0.911258344474, 0.200698620283, -0.494297677075, -0.00361719223327, 0.869285178959, -0.791417407564, -0.411819311769, -0.451733706356,  
335, 2181075.1508595925, 80.45023928652256, 140.65350487450584, 97.5625221604689, 37.9444657887871, 0.823245161336, 0.567444326434, 0.0165632344359, 0.200707810712, -0.318230268956, 0.926523540251, 0.531021448772, -0.759431650853, -0.375872037568,  
336, 1165111.911669341, 65.27692346131339, 134.8896867717152, 64.50350513006646, 31.9681108113646, -0.904145173874, 0.358811293376, 0.231896443065, 0.012580728743, -0.520199892292, 0.853951870613, 0.427040079881, 0.775013888782, 0.465822114513,  
339, 3139167.2674795864, 90.83264259890076, 118.63612403400064, 102.91489790004017, 61.3805323958745, 0.129310122418, 0.504333705035, 0.853771870119, -0.473000818807, -0.725362139192, 0.500119978039, 0.871521151578, -0.468505369225, 0.144753588417,  
341, 2400845.3136945977, 83.06636193184379, 123.28978404610191, 80.12763932600613, 58.018451075815946, 0.801749087128, 0.531577218523, -0.27317405081, 0.529258272783, -0.843815372993, -0.0886639554249, 0.277640202385, 0.0734933809778, 0.957869845528,  
345, 1997931.1880537113, 78.13230541219465, 115.59551577243856, 96.98348210619325, 42.545453470574046, -0.589314809772, 0.721804495303, 0.362913661281, 0.800830192964, 0.462590025274, 0.380370175689, -0.106672662948, -0.514789995122, 0.850653986002,  
346, 238630.7519234949, 38.47800973106566, 139.33753657698693, 48.270420577003684, 8.470101008332822, 0.111027113583, -0.150770003148, 0.982314301128, -0.402448609992, -0.910575586177, -0.094272043434, 0.908684816845, -0.38486427219, -0.161775757228,  
352, 2575169.721052721, 85.0300463839367, 148.08084884398187, 84.32687969629849, 49.23254902562712, 0.401421202928, 0.856567665506, 0.32427280529, -0.513466934228, -0.0827130677657, 0.854113725376, 0.75842779834, -0.509362722263, 0.406616394005,  
353, 1925620.255281845, 77.17808744442908, 107.51128627761501, 89.25705433875524, 47.90550561624026, 0.0673009138303, 0.297881102599, 0.952227617596, -0.745506976845, -0.619273015084, 0.246414853986, 0.663091196197, -0.726476277316, 0.180394800432,  
354, 2888502.2959598536, 88.34758909295357, 110.11438567564764, 95.0552977102819, 65.88153678460966, -0.263643246181, -0.627944322627, 0.732241876994, 0.922493354183, 0.0577511269659, 0.381668467157, -0.281954340685, 0.776112578827, 0.564048769837,  
359, 975588.8896881702, 61.52610356214494, 123.48213557787325, 82.22346671105102, 22.939202808409135, -0.899815401613, -0.131114896634, 0.416102303406, -0.396629577146, -0.151390096423, -0.905409309229, -0.181706415825, 0.979739721858, -0.0842190944039,  
362, 2776908.6894264556, 87.19488248940445, 132.15311138175397, 81.32671668157774, 61.682555519897534, 0.597845483182, 0.316169372618, -0.736625892877, -0.524646044506, 0.84910663621, -0.0613551002725, 0.606075330486, 0.423148730546, 0.673511577936,  
370, 1663311.731468633, 73.5012988771317, 107.46063359742394, 76.85171413894118, 48.08195147292633, 0.505378455966, 0.77357507185, 0.382327378639, 0.645307317648, -0.044669824119, -0.762615940434, 0.572862184156, -0.632128321644, 0.521768821356,  
374, 1577211.1560363392, 72.21050967412287, 155.38440193422633, 83.84520208425474, 28.901181317649808, 0.404344741693, 0.619448197311, -0.672896173799, 0.768222425785, -0.629276453047, -0.117666690964, 0.496326137118, 0.469356023174, 0.730318621647,  
380, 4193096.9351844755, 100.0342601326636, 118.49967650076948, 104.91901292474437, 80.51465425008846, -0.0763825271693, -0.529807379581, 0.844671445051, 0.919539274315, -0.364965363293, -0.145766273836, 0.385503868379, 0.765574571246, 0.515055670124,  
382, 851538.660300136, 58.79926809396843, 118.65047101929805, 50.22415191370374, 34.114081450842264, -0.422074021073, -0.593561385159, 0.685228722971, -0.899382596547, 0.369093417434, -0.234266929452, 0.113861607942, 0.715160773012, 0.689623522642,  
383, 2296272.956605847, 81.84238948089813, 108.51718616813643, 91.62887114825844, 55.132037337292196, -0.0611431613799, -0.957187245102, 0.282938317714, 0.3609568309, -0.28548806181, -0.887810076982, 0.930575993696, 0.0478450036907, 0.362958917205,  
384, 3803975.175517355, 96.83886446811725, 125.28733391110791, 102.43255789865083, 70.76261591510928, -0.100240768419, 0.27517867564, 0.956152960995, -0.981045893333, -0.187507579539, -0.048886222915, 0.165833481306, -0.942930328332, 0.288758813527,  
385, 3200528.779521528, 91.42066495210346, 105.8154555899184, 86.87562870670686, 83.11627298450057, -0.605253630111, -0.209735325086, 0.76790568213, -0.794370193837, 0.0968234314383, -0.599667589809, -0.0514202137273, 0.972952371155, 0.225210224201,  
386, 3793670.035508227, 96.7513384352757, 109.37964488194193, 95.79197542898119, 86.43811880304399, 0.483593642957, 0.874104584833, -0.0455890695748, -0.357039445742, 0.244548508485, 0.901509213032, 0.799162075349, -0.419687028357, 0.430351920587,  
387, 3182692.862306534, 91.25052538161272, 104.73383896011391, 95.12492138354898, 76.26491443705557, -0.419141760841, -0.904053675517, 0.0837086381665, 0.778834139583, -0.310632435393, 0.544908132718, -0.466623582065, 0.293588899426, 0.834306892453,  
388, 2344873.5762021793, 82.41576125688135, 112.42876580953805, 83.68473641340306, 59.498652160968476, -0.995555238681, -0.0761013587697, -0.0554828795879, -0.0919692116189, 0.65869509586, 0.746767992622, 0.0202837582356, -0.748551503829, 0.662766335346,  
389, 2273111.806513311, 81.56629382480078, 101.52234377452616, 95.60325662367937, 55.911078106421854, 0.785196072507, 0.393834781754, -0.477871627533, -0.381298106768, 0.915544320681, 0.128024804797, -0.487933275659, -0.0816869729461, -0.869050261467,  
390, 2485640.8105054586, 84.03301010875889, 106.6538060495553, 81.80003623984639, 68.01738125391569, 0.750524359288, 0.213326475702, -0.625463828595, 0.49126335535, 0.452945270668, 0.743976409216, -0.442010748519, 0.865639876938, -0.235146978822,  
391, 2882933.091650343, 88.29077275921148, 101.41773097589588, 83.95250134301858, 80.83481034769098, 0.230172794686, -0.732452388461, -0.640729258911, 0.664056755488, -0.363078379455, 0.653607463133, -0.711371288482, -0.575923249236, 0.402819191341,  
392, 2669242.3369661104, 86.05308910433456, 113.14413191848438, 91.88058366558043, 61.297620380612955, 0.204239907762, -0.205207600237, 0.957170779371, 0.818943017842, -0.499859217314, -0.281909730932, 0.53630065598, 0.841445544091, 0.0659621309844,  
393, 3114639.637712132, 90.5954525961876, 98.40391952691688, 95.73782394158134, 78.92657329948284, 0.995438707016, -0.0764946273677, -0.0570118633062, 0.092487958544, 0.627156696891, 0.773382476572, 0.0234042324834, 0.775127763358, -0.631370883375,  
394, 2960737.87436223, 89.07799844373633, 105.26438931066849, 100.22316922738901, 66.99798526843949, -0.761445199709, 0.595586531039, -0.255886482419, -0.539528698655, -0.36348052081, 0.759467375415, -0.359318787663, -0.716350888208, -0.598106523787,  
395, 1718704.4043651952, 74.30833440624937, 119.78212151077408, 104.57992193105105, 32.754597460669075, 0.010158664183, 0.0844282191656, 0.996377778431, -0.751926928465, -0.656203339581, 0.0632698298702, 0.659168184753, -0.749846019481, 0.0568177021505,  
396, 3442710.8333270964, 93.67074599067163, 103.93924755589491, 93.33285647542044, 84.7223143049686, 0.393037496176, 0.719000768436, 0.573201030693, 0.725454708472, 0.140570433831, -0.673762138361, 0.565010612781, -0.680645170497, 0.466353041508,  
397, 3082807.862568395, 90.28576513976668, 98.59207727492993, 89.48324568490503, 83.42075256621379, -0.658802428244, -0.367243101869, 0.656591093962, -0.72979490476, 0.100019222467, -0.676310248424, -0.18269854276, 0.924731668792, 0.333905051184,  
398, 2934793.316725831, 88.81704177114617, 101.30760728553125, 97.4212679146314, 70.98932985449723, -0.596617351581, -0.635046859754, 0.490676290143, -0.72241840518, 0.691264975881, 0.0162597963655, -0.349513066493, -0.34477270634, -0.871190218789,  
399, 2522778.186544343, 84.44944880075019, 114.5359128519105, 83.53858243460627, 62.94506334082411, 0.516558288747, 0.0880804653574, -0.851709672335, 0.551839863172, -0.794808319497, 0.252492575482, -0.65470626982, -0.600434481756, -0.459171137352,  
400, 3807920.8808201696, 96.87233520755673, 112.4110942511665, 97.67078869716062, 82.79906581012544, 0.270249227089, -0.896883262277, 0.350093943258, 0.0463469988486, 0.375321469686, 0.925735248379, 0.961674222882, 0.233953431778, -0.142998184617,  
401, 2593888.3003363693, 85.23557337895032, 94.66946214068123, 89.22975647461826, 73.30659432973388, -0.37815381791, -0.912632305591, 0.155248075002, 0.163828044637, 0.099080298483, 0.981500619584, 0.911131198999, -0.396592195138, -0.112047172947,  
402, 3173541.3982649115, 91.16298132097495, 144.07593800412533, 83.8466383405521, 62.71601391568365, 0.506990350728, -0.614695997165, -0.604243010169, 0.572714635179, -0.28366686601, 0.76911056148, -0.644172904522, -0.735990448442, 0.208229029874,  
403, 3493170.83446409, 94.12617385882771, 105.02091702141759, 97.95052739884562, 81.06784552566064, -0.272700650732, 0.926520962536, 0.259216629621, 0.90589793753, 0.156538778626, 0.393502906679, 0.324011237256, 0.342132308864, -0.882021655836,  
404, 2625183.901876842, 85.57699671230316, 124.93971571746204, 89.5338123816072, 56.02521506943935, 0.67186282632, -0.737260451509, -0.0710448397096, -0.288757886919, -0.349052393985, 0.891505080746, -0.682069809734, -0.578454365438, -0.447405098043,  
