# Void_ID, Void_Volume, r = (a*b*c)**(1/3.0), a, b, c, vector_a, vector_b, vector_c 

0, 1746963.3207736781, 74.7133814282395, 105.496742686911, 78.57378670796305, 50.31279488564767, 0.53230514304, 0.830827701073, 0.162408638387, -0.535870943325, 0.182174051393, 0.824411879523, 0.655357586965, -0.52586875371, 0.5421886084,  
1, 1995008.5302208804, 78.09418841147446, 104.6027222269443, 94.00715125520968, 48.434215357013414, -0.712178374879, 0.694520529543, 0.102191958574, 0.650529473862, 0.598219689957, 0.467915169859, -0.263843449778, -0.399717946296, 0.877845201285,  
2, 2750740.2243081355, 86.92012115011221, 117.96848273226863, 106.15028293730388, 52.44134467362962, 0.324714550482, -0.0184496234714, 0.945632101876, -0.703721752648, 0.663295431362, 0.254587638318, -0.631930498991, -0.748130190627, 0.202398276466,  
3, 2404774.279700943, 83.11164973677508, 120.73732052534088, 83.18938108035698, 57.1579023640387, 0.81538114492, 0.511317683157, -0.271491833026, 0.210650497197, 0.174771063251, 0.961811542601, 0.539240165918, -0.841432886415, 0.0347957054702,  
4, 1497628.0695097481, 70.97495415363836, 121.63378029190369, 60.084209708023245, 48.921617107730285, 0.13809251363, 0.302734177419, 0.943017749304, -0.659020245141, -0.682677995778, 0.315662906556, 0.739339417435, -0.665058472544, 0.105235231378,  
6, 1716328.445408797, 74.27407701807003, 131.31739920553355, 78.18828862739649, 39.90688327625023, 0.483901525872, -0.84251365146, 0.236664446765, -0.503937792808, -0.0471741154063, 0.862450754429, -0.715462098394, -0.536605394996, -0.447402096354,  
7, 1363987.270780735, 68.7976973472712, 150.5377432749233, 80.2912040160006, 26.940666537112854, -0.297435723429, -0.719014147556, 0.628132665958, -0.115568421758, 0.680184921313, 0.723873202094, -0.947721441311, 0.142713448677, -0.285406624391,  
8, 2856718.3483728752, 88.02234579079959, 109.26343314530335, 94.21078999652472, 66.25266114423486, 0.441379132523, 0.33447563079, 0.832652696976, 0.684813109185, 0.474061237355, -0.553441007449, -0.579840897887, 0.814488794057, -0.0198125589618,  
9, 1396259.3224739868, 69.33605991419272, 156.31813347454596, 65.08871909296343, 32.761395365436364, 0.313026076031, -0.102276710346, -0.944221451909, 0.706396256496, 0.689615077636, 0.159484712452, -0.634837778124, 0.716917372657, -0.28811538704,  
10, 2853164.9203826403, 87.98583410073113, 110.42205761318226, 84.7989957486801, 72.7430860868057, 0.434907929783, -0.72283651656, -0.536993913317, 0.304554081261, -0.443126755354, 0.843140255401, -0.847408935638, -0.530232070906, 0.0274234714002,  
11, 1040275.4959384002, 62.85694263873802, 115.27078636003218, 70.00749788725028, 30.774850191735347, -0.528364298178, 0.657539615644, 0.537096660081, 0.826372770209, 0.54342051486, 0.147655642242, 0.194779909303, -0.521858024647, 0.830496832651,  
12, 794033.0214364583, 57.44470252869712, 154.64144970124292, 89.61423890049412, 13.678769188942454, -0.568587671683, -0.668885611508, 0.478852898423, -0.792450279418, 0.601576421442, -0.100639772532, 0.220750117239, 0.436689647098, 0.872107526545,  
13, 1845803.3688951777, 76.0966622783896, 107.68309048357682, 88.53229577732432, 46.22187806017555, 0.175903215295, 0.533034986499, 0.827606042762, 0.606736823707, -0.720747226547, 0.335251938371, 0.775195772438, 0.443167167773, -0.450193709198,  
14, 2949232.0469128876, 88.96245893398064, 128.68954788268323, 93.91893018699638, 58.253754741026945, -0.28288625809, -0.940792702856, 0.186773807682, -0.0975957515608, 0.221950312465, 0.970161392797, -0.954175263912, 0.256216996019, -0.154604064273,  
15, 1090172.260636121, 63.84626644343795, 98.39184927513939, 85.7106605338577, 30.86118178197762, -0.135725697112, -0.940750231559, 0.310753176919, -0.98480827979, 0.0938145789806, -0.146121445472, 0.108310605204, -0.325864736651, -0.939191666385,  
16, 1913372.675077886, 77.01411327424408, 133.6946176855966, 89.55530034025075, 38.15098364401128, 0.860876865597, -0.411861939301, -0.298765401671, -0.348149273211, -0.905012316547, 0.244427474848, -0.37105674208, -0.10640700096, -0.922493601227,  
18, 2435627.79877193, 83.46558422781139, 109.72638909965549, 78.9390422459259, 67.13042125020289, 0.466697177927, -0.845208440731, 0.26041589013, -0.812763655136, -0.525973651023, -0.250533349715, -0.348724798379, 0.0947333634289, 0.932425120237,  
19, 1319761.3418216219, 68.045947311566, 118.20206294032998, 74.26443212225433, 35.892265610153, 0.4727266204, 0.859365187799, -0.194989785283, -0.623639687493, 0.482591667652, 0.614962456168, 0.622577772289, -0.169105754819, 0.764068165244,  
20, 2065224.464194628, 78.9998410030624, 116.66020281313047, 107.94806882672303, 39.15083664419034, -0.10754662498, -0.214538349471, 0.970776503662, -0.631472052833, -0.739446058866, -0.233372175974, 0.767904141118, -0.638116621499, -0.0559500439662,  
21, 3186677.169853703, 91.28858733777231, 127.1037578547568, 83.21185130670165, 71.92930839595284, -0.335282016089, -0.197199863512, -0.921248166087, 0.0718817057917, -0.980352361077, 0.183690687037, -0.939371593173, -0.00463270574916, 0.34286957867,  
24, 415129.12161300133, 46.276964470312606, 115.10512042625972, 50.7370063159146, 16.969736903125554, -0.575015219456, -0.437436887558, -0.691380117444, -0.0469891553708, -0.826007895954, 0.56169651512, -0.816792211441, 0.355471412669, 0.454412321691,  
25, 2279086.2158686593, 81.6376914155235, 136.63784750965246, 81.41270108960008, 48.91127336094925, 0.731839642533, -0.681226525232, 0.0184704883037, 0.212890724001, 0.254286998627, 0.943406413993, -0.64737027832, -0.686490017152, 0.331124114341,  
26, 1065814.687325684, 63.36717758432526, 129.72691095216703, 61.0811917516712, 32.11112436703804, -0.818806167172, -0.543811223028, 0.183917955377, 0.125250780465, 0.14342612302, 0.981703208321, -0.560239861661, 0.826860508758, -0.0493254139525,  
28, 435807.32717348036, 47.032923292788595, 97.56969452118472, 60.2284490088963, 17.704729413202003, 0.30644560222, 0.609632453223, -0.731053599168, 0.584374080242, 0.485756317165, 0.650036717944, 0.751397383028, -0.626409668117, -0.207395516992,  
29, 2450967.329939399, 83.64043914351713, 118.4891092776114, 87.34376068293247, 56.53775913560342, -0.962105276987, -0.151979813889, 0.226396934969, 0.204097942246, 0.149216664351, 0.967511455772, -0.180824406439, 0.977055025702, -0.112543372909,  
30, 1832560.0904484815, 75.91423238721188, 117.34814033227102, 80.7179177952535, 46.18739337238446, -0.00223550290712, 0.885924768326, 0.463823573563, -0.860784926272, -0.237775445012, 0.450013498078, 0.50896396064, -0.39824633409, 0.763122234085,  
31, 969191.080626524, 61.39131458766167, 89.15964400061145, 69.61747328557729, 37.27642175635808, 0.783287027075, 0.224798247615, 0.579592254162, 0.572720186463, 0.101647674932, -0.813424451439, 0.241770596295, -0.969089004194, 0.0491271891843,  
32, 914846.394784953, 60.22172488912519, 101.85846252251596, 54.18646990132073, 39.57050531738549, -0.450478286197, 0.523557660149, -0.723157444934, 0.849714467692, 0.499985698302, -0.167330884443, -0.273961013758, 0.689856273432, 0.670107218994,  
33, 848295.023342998, 58.72451472246049, 117.2096741458385, 82.21983529317484, 21.014460689124068, 0.692654210008, -0.502187776709, -0.517723461205, -0.176536822693, -0.81400023313, 0.553388083262, -0.699331749309, -0.291909330765, -0.652475322921,  
34, 1770896.2281953506, 75.0530192590621, 119.25565857158162, 85.80467343859209, 41.315647724779275, 0.898292181388, -0.0999895991868, -0.427870584303, 0.22697212211, -0.728200122763, 0.646690217178, -0.37623770763, -0.678031460378, -0.631441625247,  
36, 1415866.113264765, 69.65910006529029, 108.80265556472749, 61.319578034612896, 50.66346924516644, -0.992755198399, -0.117326165725, -0.0259169228051, -0.108526390159, 0.968142873733, -0.22565770246, -0.0515668371187, 0.221210187099, 0.973861855929,  
37, 1056396.0034146586, 63.179964866934, 113.31479517885842, 52.89054026476174, 42.07978564260631, 0.936487024209, -0.324928046974, -0.131961425338, -0.22176492048, -0.840159142781, 0.494927201563, 0.27168432699, 0.434228487195, 0.858855777984,  
39, 2502148.177551761, 84.21862344642776, 104.41752278432286, 84.9347901670434, 67.35431316861735, 0.0122730403302, 0.881007343473, 0.472943372116, -0.994314897535, 0.0607834636146, -0.0874257118413, 0.105769830391, 0.469181661298, -0.876744724353,  
40, 876220.2305931813, 59.361958679421576, 128.64684412426823, 62.62067235872532, 25.966164474006728, 0.517766789693, 0.244098864001, 0.819959325872, -0.513413546835, -0.678005655147, 0.526036939306, 0.684342079239, -0.693342683081, -0.225725147914,  
41, 1457888.1595298292, 70.34153908015084, 132.60814491578648, 54.59109004087448, 48.07769452308635, -0.0983263631411, -0.277463644489, 0.955691295502, -0.19566432441, 0.946989544373, 0.254806348039, -0.975729162455, -0.161940510171, -0.147403774378,  
42, 3772803.66534483, 96.57362468151454, 138.13046331451528, 96.68655269304867, 67.44038665355032, 0.488210533944, -0.773613692777, 0.403945947986, 0.393192660668, 0.608194435892, 0.68956439855, -0.779134138735, -0.17782402115, 0.601106156481,  
47, 3546182.6773261093, 94.59993359911995, 116.07384573604732, 96.79452284063551, 75.35070808028458, 0.570607961647, -0.811069699536, 0.128734209127, 0.19662733324, 0.287132542931, 0.937492717098, -0.797335717203, -0.509628144125, 0.323318587136,  
48, 5051246.753089923, 106.43962234983215, 145.61280842036598, 114.00540662923666, 72.64152431782001, -0.700225594149, -0.228913705015, 0.67622676149, -0.701725198483, 0.0463511630292, -0.710938334527, -0.131399631327, 0.972342576123, 0.193090785758,  
49, 2136272.639124745, 79.8955681854692, 115.35540445730697, 75.59795152220556, 58.481714334434166, 0.314281534726, 0.854656846942, -0.41326600502, 0.404898145932, 0.273066799758, 0.872635098017, 0.858652786842, -0.441583737069, -0.260229119825,  
50, 2841066.469632213, 87.86129398760526, 112.62580331234447, 83.16249317180227, 72.41480788884103, -0.0527361841926, 0.979191887394, -0.195964646147, -0.12208250112, 0.188443958358, 0.974466386018, 0.991117933345, 0.0753134929551, 0.109604379391,  
51, 3240340.964174886, 91.79817218556757, 110.11989844019182, 96.14170758505051, 73.06753701434705, -0.604121714467, -0.766117245419, 0.219320132183, -0.777068380695, 0.627348939771, 0.0509709671396, 0.176639989337, 0.139634071913, 0.974320604385,  
52, 279399.13595567876, 40.55510060941153, 122.38297216699166, 69.62288881668292, 7.828227060399949, 0.584203843368, -0.30079969157, -0.753807279712, -0.609612704582, 0.450521730908, -0.652228886505, -0.53579680832, -0.84056511677, -0.0798252132019,  
53, 2327058.183072742, 82.20650997589485, 120.42475890549056, 86.93353104202535, 53.06589913057245, -0.817729514757, 0.39919483434, -0.414682920956, 0.542857970337, 0.29532860964, -0.786184607055, 0.191373103486, 0.868000286039, 0.458205018193,  
54, 2519508.354867963, 84.412947392359, 99.86247944243713, 93.55329252286154, 64.3821939551863, 0.224632479177, -0.460464412754, 0.858785639078, 0.593539940027, -0.634300302301, -0.495351860896, 0.772819894213, 0.620995693292, 0.130819570482,  
56, 3591095.519717535, 94.99763261385161, 122.59843806617862, 88.72215936474625, 78.81725532700614, 0.920180397745, 0.158146098762, -0.358131047316, 0.29188830458, -0.886767669344, 0.358391292105, 0.260900849472, 0.434318905936, 0.862147223328,  
57, 1450976.4632522194, 70.23020230641839, 136.46707119811978, 99.30629529583966, 25.560368276633188, 0.454661120297, 0.206410503452, -0.866416741387, 0.845352754903, 0.206317234312, 0.492759493673, -0.280467441014, 0.956466362655, 0.080685262845,  
58, 1099960.7234414623, 64.03678545374571, 134.990755031051, 93.72593138461848, 20.755097476683858, 0.514692027758, -0.854612838497, 0.0687678183378, -0.277352066565, -0.0900664033674, 0.956537440018, -0.811275506677, -0.511395091159, -0.283385096652,  
59, 3036477.8738549384, 89.83119365526177, 113.57971491395703, 92.03616533276065, 69.34612877001562, -0.870177720774, 0.432840257133, -0.235457100283, 0.484944184247, 0.667652081014, -0.564862670817, 0.0872918806875, 0.605714462863, 0.790879331532,  
60, 241948.00399931284, 38.655486617041916, 91.00108822363255, 64.10824013502344, 9.900861686420285, -0.634423163217, -0.770574582303, 0.061008713164, 0.0826839933446, 0.0108225503584, 0.996517049352, -0.768550978932, 0.637257942683, 0.0568481070022,  
61, 2557910.8987493794, 84.83966292385001, 120.92172939204177, 88.25668220831847, 57.2196050929531, 0.616580770345, -0.478242363902, 0.625389794456, -0.577984129024, 0.264395886871, 0.772029249188, 0.534567582479, 0.837483764843, 0.11339507656,  
64, 1153820.7317087327, 65.06537086842921, 120.37624618304389, 75.39946958707682, 30.348738380656542, -0.340048493306, -0.73551733871, 0.585987428754, -0.0172843931802, 0.627903499994, 0.778099251026, -0.940249047834, 0.254463040837, -0.226230609988,  
65, 1219587.3414627996, 66.27881975841481, 98.95021721982545, 69.34897597263871, 42.4294589956301, -0.906949782579, -0.115409953417, -0.405120518527, -0.0863132600921, -0.890414976695, 0.446890579907, -0.412300998073, 0.440274586967, 0.797600260192,  
66, 2093577.3832230398, 79.3597217138557, 105.32672268037199, 73.19321541624608, 64.83223765565454, -0.805525013199, -0.468034049277, -0.363419292042, -0.0939547226921, -0.504662950962, 0.858188683222, -0.58506577681, 0.725437409184, 0.362544620924,  
67, 2433603.2669067513, 83.44245185158007, 127.77980893464415, 93.78164226626183, 48.482064202367695, 0.556867524154, -0.0918850525549, 0.825503299605, 0.656531493644, 0.657486843071, -0.369699133137, 0.508787734124, -0.74784235525, -0.426458501262,  
68, 236085.2119610456, 38.34070182416691, 111.77818792436675, 41.836142927225836, 12.052342703795304, -0.0514981998341, 0.892411665641, -0.448273749445, 0.601731217489, 0.385968355425, 0.699248146591, 0.797036685049, -0.233730288235, -0.556868633564,  
69, 2092610.772912173, 79.34750630135231, 133.363630579494, 75.37066142672319, 49.700425985074, -0.507565267849, 0.669081326284, -0.542869853364, 0.853449350167, 0.303883596228, -0.423413470077, 0.118328802802, 0.678221894929, 0.72526778204,  
70, 2747504.279548689, 86.88602377344631, 124.2441985363982, 112.02260835276395, 47.12680188528986, 0.0625810154748, -0.885266173366, -0.460855095227, 0.0781775173515, 0.464689524383, -0.882015828491, 0.994973312347, 0.0191689390082, 0.0982886539454,  
71, 2038806.6322217765, 78.66154571389933, 141.570646876602, 111.65996845026763, 30.790497852946768, -0.299637000123, 0.811940217166, 0.500969811372, -0.921117989906, -0.109422415694, -0.373588521793, -0.248514218565, -0.573393249605, 0.780679745144,  
73, 1650237.3961868687, 73.308208276543, 130.65214353016142, 84.40663014777174, 35.72438112779868, -0.890541084257, 0.143852175071, 0.431558951915, 0.44697829632, 0.453011435879, 0.771356624125, 0.0845398123374, -0.879822249486, 0.467724095424,  
74, 1404966.5622039665, 69.47989065949805, 115.82911438317355, 89.37810534845754, 32.39876822641213, 0.534027342597, -0.800481444272, 0.272110739839, 0.0747578173125, 0.365293194231, 0.927885850199, 0.842155606827, 0.475174009837, -0.254918799357,  
75, 1840810.1780057948, 76.02798246394045, 131.5509617354924, 116.4459866004019, 28.688103914563627, 0.494106660718, -0.869329490947, -0.011173361376, -0.841725469879, -0.481555036229, 0.244137216418, -0.217616270512, -0.111224921907, -0.969676325149,  
76, 1275338.1360041555, 67.27374102705267, 160.1334011818765, 66.39406424137056, 28.636870447945736, -0.316487070132, 0.169282121642, 0.933369968304, 0.940670296276, -0.0709273520723, 0.331826316667, -0.122373723258, -0.983012143374, 0.136791073669,  
77, 3018969.553880833, 89.65820530328497, 118.66182542618594, 89.05041270344628, 68.20609135257746, 0.388051418083, 0.0985177374548, 0.916357109609, 0.810424309238, 0.437008173446, -0.390174698484, 0.438894675201, -0.894045922617, -0.0897404720949,  
78, 577178.0598173628, 51.650405432688274, 141.67824434666394, 86.66292129313013, 11.222373371610445, -0.367194793458, 0.640287176495, -0.674685345382, -0.0631352953914, 0.70652579447, 0.704865402914, 0.927998878304, 0.301419364615, -0.21900787315,  
79, 2596435.795943624, 85.26346794980766, 108.09440937515585, 83.95522648399572, 68.30272147374639, -0.294436724901, 0.866150639916, 0.403844133302, 0.955492120624, 0.274981261255, 0.106864930565, 0.0184884411318, -0.417334847492, 0.908564693686,  
80, 985981.2167638537, 61.74379852515166, 122.86659197957117, 83.52172791398858, 22.9375352804279, 0.174614289394, -0.619221254096, 0.765555281097, -0.583198028094, -0.691488171146, -0.426291178882, 0.793340979634, -0.372033799057, -0.481872329972,  
81, 2754957.203976343, 86.96451565326238, 132.17496540110739, 73.74843618009226, 67.47209987099183, -0.0419777031199, -0.989327895878, -0.139528444694, -0.233338813909, -0.126082027434, 0.964186870001, -0.971488996522, 0.0730317519725, -0.225555963875,  
82, 1149719.3889890048, 64.98818608876387, 115.80429178988484, 65.91936317822812, 35.95552115578267, -0.972407653949, -0.178806687125, -0.149838323474, -0.233052053164, 0.715671818279, 0.658407616175, 0.010492619217, -0.675160734315, 0.737596019364,  
83, 1598785.910369476, 72.53827679133494, 110.35518305452308, 72.60027495942283, 47.6398847299445, 0.552442446382, 0.373307286768, -0.745284518209, 0.737852030328, -0.634970702035, 0.228881167635, 0.38779082606, 0.676353367111, 0.626230307491,  
84, 3444261.902747648, 93.68481126488007, 118.08836147847275, 91.58267742080002, 76.03037385541597, -0.990595509252, 0.107056419267, -0.085202465595, 0.0037446884783, 0.643700225971, 0.765268577947, 0.136771760089, 0.757752559995, -0.638047446091,  
85, 4487821.894661311, 102.32513695086084, 137.2770594768281, 104.98342907925753, 74.3409799869076, -0.99958430739, 0.00587137825837, 0.0282265714765, 0.0279318084615, -0.0453558622837, 0.998580322174, -0.00714328328148, -0.998953638901, -0.045173009974,  
86, 3195764.415502251, 91.3752789483351, 126.25400888710955, 95.22818776413051, 63.45640301500887, 0.238018314246, 0.945210335244, 0.22343836786, 0.800683651223, -0.0607356263755, -0.596000733518, -0.549775383905, 0.320762538082, -0.771270653801,  
87, 774338.4148397078, 56.96578222480633, 109.4643455339559, 70.10443944579112, 24.08928944396596, 0.642592067869, -0.753412872105, -0.139443459714, -0.464740617763, -0.527944701224, 0.710837921506, -0.60917287572, -0.39197377029, -0.689394640893,  
88, 1884407.0061606031, 76.6235084504099, 130.2455508611597, 79.51814757705637, 43.43671263903482, 0.642647639803, -0.637672080906, -0.42470969884, 0.370144493213, -0.226946244274, 0.900826540658, -0.670818205775, -0.736118006466, 0.0901843409786,  
90, 1381284.300865389, 69.08728968337532, 105.7941537288943, 60.62279255400423, 51.415831022853695, 0.17866178806, -0.838310491217, -0.515087842803, 0.369338400908, -0.428086180999, 0.824822021561, -0.911958941566, -0.337605897391, 0.233137613749,  
94, 518216.91901728685, 49.82809986859915, 107.6207536883909, 52.6795203246708, 21.821526991000955, 0.382476949787, -0.823256346662, 0.419476305127, -0.539410120635, 0.169646316936, 0.824776847945, -0.750165384857, -0.541727897409, -0.379186999422,  
95, 322183.490198294, 42.527666888964006, 113.25049186156323, 38.17645723929327, 17.790123055596755, 0.0612519100636, -0.99300561747, 0.100935856794, -0.574717412857, 0.0475915897746, 0.816966912391, -0.816056431181, -0.108050378324, -0.567782543648,  
97, 706578.0541399402, 55.2531673069351, 124.21317922759177, 74.27528017114825, 18.28350937424106, 0.757482703605, -0.175783068887, 0.628744993166, -0.518338481765, 0.423591335525, 0.742896761865, 0.396919604027, 0.888634172852, -0.22974798101,  
98, 1637557.4501554165, 73.11996563852232, 114.31553792139987, 89.19190821964642, 38.34221658364886, -0.628946643096, 0.325177173865, 0.706176979046, 0.219505495404, -0.797096507215, 0.562542883408, -0.745817308478, -0.508819185746, -0.429952995793,  
99, 1218040.781597011, 66.2507918295691, 83.15723224429978, 65.61918176027487, 53.289590536063415, -0.909213130468, -0.41185256829, 0.0609011114725, -0.41615868144, 0.903268634685, -0.10448792015, 0.0119764455416, 0.120346315224, 0.992659724762,  
100, 181462.03271297753, 35.12090681067166, 81.93622146096651, 50.95946182233451, 10.375198083888428, 0.211444010749, 0.932049671973, -0.294236026505, -0.812373033291, 0.334979480462, 0.477324630048, 0.543453296153, 0.138101979149, 0.828001424067,  
101, 1876086.6763121628, 76.51056867986655, 94.66148113661352, 90.77971113870623, 52.11973488451395, 0.505430719338, -0.352841300722, -0.787427967788, 0.1485680926, -0.863356771461, 0.482226717461, 0.849980770259, 0.360718867925, 0.383946075006,  
103, 1562647.4244137397, 71.98756169252444, 123.87691197362123, 84.50857880041278, 35.63536589508074, 0.0164457545632, 0.911081394266, 0.411898325051, -0.0878520558992, -0.409044119201, 0.908275797774, 0.995997767784, -0.051123395523, 0.0733133343879,  
104, 1709847.1348796603, 74.18046622746706, 91.63071039324822, 76.72187023148992, 58.06419924506323, -0.473033726825, 0.567340799237, 0.67406491587, 0.854706367807, 0.109830409232, 0.507360134459, -0.213813278626, -0.816126031155, 0.536863281623,  
105, 2301901.317338239, 81.9092024798773, 95.76184748408075, 93.39263990677875, 61.44590207342913, 0.0856989917104, 0.996279521874, 0.00909929192, -0.726619911531, 0.0562492809368, 0.684733176179, 0.681673812748, -0.0652926694791, 0.728737044705,  
107, 3143005.1374741485, 90.86964412142675, 142.62900285837466, 82.83405964201609, 63.509645595564635, -0.818851823952, 0.563935533469, -0.107043937247, -0.00928639084683, 0.173446490295, 0.98479951155, 0.573929833129, 0.807398928099, -0.13679004916,  
109, 2536651.4981414676, 84.60396792629167, 120.28315170403192, 99.73000895772509, 50.48257958581457, -0.249163555611, 0.099157205194, 0.963371875868, 0.698401805969, -0.670745528041, 0.249670490911, 0.670934005677, 0.735029445172, 0.0978737694947,  
110, 1176630.2185745516, 65.49132788989984, 137.73637626055083, 50.760197477027496, 40.177178333655334, -0.803106444933, -0.559319378295, 0.205382256222, 0.039971775471, 0.293344950811, 0.955170663808, -0.594493309696, 0.775313209547, -0.213230231979,  
111, 1341683.7295902334, 68.42064773163155, 84.09319397627296, 69.15271620456028, 55.079685628756906, 0.428507782689, 0.764059613271, 0.482279988744, 0.640624922962, -0.63332755481, 0.434161164084, 0.637166217132, 0.122919142884, -0.760861417117,  
113, 2670606.5463082287, 86.06774675114073, 141.8466643283005, 79.26661380553445, 56.70376116278674, -0.515635077468, -0.31924109242, 0.795113571633, -0.147363590878, 0.947209516623, 0.284742170573, -0.844040543439, 0.0296522601102, -0.535458966217,  
114, 2662045.8473813864, 85.97568417574708, 106.85142807898197, 97.77717988873918, 60.82877682899396, 0.144358024403, -0.485104435666, 0.862458374235, 0.437636882038, -0.750412215827, -0.495333691381, 0.887487870492, 0.448948986896, 0.103971567723,  
115, 2173476.778446746, 80.35670710935547, 141.70325956572879, 74.23816554394199, 49.32411744134215, -0.858521413126, 0.497476739697, -0.1243297095, -0.122786065156, 0.0359683086948, 0.991781156795, 0.497859985746, 0.866731316055, 0.0302036481655,  
116, 1709640.5484728375, 74.17747857379773, 110.56802067845605, 71.2735639595591, 51.791464229677096, 0.340403260128, -0.927083649863, -0.156976197722, 0.282471198512, -0.058408915601, 0.957495911526, -0.896847613871, -0.370275984551, 0.241991844406,  
117, 1753910.5295771004, 74.81228885434516, 114.41868500993185, 67.10212081485358, 54.53629463243308, -0.195931524182, -0.980536046819, 0.0126451065749, -0.953323219904, 0.187440946948, -0.236729233088, -0.229751335627, 0.0584375931734, 0.971493371816,  
118, 1595284.476413661, 72.48528374082191, 123.82200557694672, 84.80630128962763, 36.267997176646425, -0.0333532196968, -0.445793134578, 0.894514417938, -0.971662186478, -0.195094059454, -0.133457496362, 0.234008884672, -0.873617072366, -0.426653316834,  
120, 989255.578885204, 61.812071688078134, 112.86655736059045, 69.06299208616714, 30.297669972070434, 0.00937115158908, 0.948971863608, -0.315221483404, -0.999344764545, 0.0199091205535, 0.0302269498044, -0.0349603074012, -0.314731677783, -0.948536634984,  
121, 2194820.490845588, 80.61888715185427, 111.91921351514983, 77.53270029530881, 60.38385525578228, -0.93835526773, 0.10107900527, 0.330563800525, 0.336998508361, 0.0546203558377, 0.939919476387, -0.0769506132956, -0.993377899604, 0.0853167726283,  
122, 2148590.829595766, 80.04883876290046, 122.99704047906933, 84.59198770928525, 49.29935267730161, -0.806810241069, 0.278086818811, 0.521272439431, 0.573335462849, 0.581524080948, 0.577162187186, 0.142631279691, -0.764524338711, 0.628616618912,  
123, 746676.9545091578, 56.279216932823985, 98.80475661179842, 50.75204492383178, 35.54780095438143, -0.137169227034, -0.990388887097, -0.0177328923264, -0.976775686171, 0.132265592394, 0.168567707385, 0.164602132609, -0.0404433601947, 0.985530553842,  
124, 1410403.4421939687, 69.5693987446835, 123.41365477618241, 60.02534794233326, 45.45240314439145, 0.632426083616, 0.774238912574, -0.0243177922158, 0.556887352485, -0.476258523323, -0.68048092964, 0.538436370803, -0.416811618383, 0.732362170908,  
125, 3358287.62318368, 92.89872635942471, 114.0387316928059, 86.88500094125811, 80.91556870601543, -0.053573668287, -0.985686797457, 0.159848050925, -0.481983902707, -0.114670686608, -0.868643857495, 0.874540667778, -0.123580625306, -0.468941840159,  
127, 824681.8979164256, 58.17449439964644, 120.67773430312579, 44.71116667508805, 36.48839009862718, 0.555613830271, 0.779015510656, -0.290565148924, -0.485696417422, 0.587747983859, 0.647032686634, 0.674827579249, -0.218373857471, 0.704925951188,  
129, 1869620.9234134147, 76.42257206465081, 110.90416481224918, 86.09165273271302, 46.74724804691992, 0.793846697593, 0.304240383298, -0.526540796038, -0.407578279145, 0.908784910006, -0.0893864291394, -0.451317368479, -0.28556571313, -0.845437671501,  
131, 1222680.4821283529, 66.33480499018803, 96.87418472916549, 76.5137399414709, 39.38010584739059, 0.278785112203, -0.370752318674, 0.885901563049, -0.228746579289, -0.921560053219, -0.313691043504, -0.932713173316, 0.115194559374, 0.341725547498,  
132, 1728463.4832869426, 74.4487139167721, 136.73660334717317, 116.54633209472938, 25.893347626035684, -0.874867309575, 0.423445235432, 0.235162333775, 0.32209749177, 0.146008362763, 0.935379475827, -0.361746315022, -0.894078123317, 0.264128591741,  
133, 1253611.444799569, 66.88952516823105, 134.21553047461964, 88.55253903434232, 25.180859437263912, 0.466411171849, -0.663840193893, -0.584616811037, -0.76254919867, 0.0332100353711, -0.646077250147, -0.448307191981, -0.747136728131, 0.490721276384,  
134, 1683423.760769103, 73.79636119101849, 140.09723746982493, 83.45486005158364, 34.37349075580701, 0.236816632394, -0.186152128267, -0.953554019321, 0.525533821904, -0.800946672131, 0.286877378748, -0.817148753078, -0.569062222911, -0.0918482541978,  
135, 2066533.7630222507, 79.016532094104, 102.62661762318533, 81.82539990168863, 58.74971224132869, 0.197302048967, -0.527912830046, 0.826062918515, -0.873714575711, -0.476859168841, -0.0960633815869, 0.444628768371, -0.702789710344, -0.555330425398,  
137, 710601.6317002091, 55.35784776619892, 86.68001324044913, 55.85121954876833, 35.04176408358009, 0.702718601078, 0.111223984174, 0.702720280797, 0.627085651193, 0.369741434362, -0.685605468024, 0.336080576302, -0.922453520271, -0.190077218971,  
139, 1964228.6522830392, 77.69048110107728, 134.96952320698216, 74.55059137888378, 46.60329523340957, -0.783879650115, 0.3407586431, -0.519053216239, 0.620802462304, 0.414360680402, -0.665514484692, 0.0117045689211, 0.843912776114, 0.536352709863,  
140, 684549.1095768913, 54.67288609266455, 110.05848633743427, 59.573536796764365, 24.92522461785306, 0.58984241774, -0.0986632407585, -0.801468331975, 0.343501048565, 0.928890923316, 0.138451010164, 0.730816633547, -0.356969490999, 0.581790194681,  
141, 3699222.355689552, 95.94167048548975, 126.35397577385939, 102.5656412289792, 68.14453250444029, -0.252448807164, -0.492737742309, -0.832753935485, -0.167533744951, -0.825373121424, 0.539158283562, 0.952996350499, -0.275624250993, -0.125814260721,  
143, 2417397.854297351, 83.2568242243715, 117.29289168327942, 79.51159575848148, 61.88100523698029, 0.294870825589, 0.18791372581, -0.936877594923, 0.761885152014, 0.545512117679, 0.349209886179, -0.576699411614, 0.816764936268, -0.0176869309545,  
144, 1174300.6423893077, 65.4480778713388, 91.00524984749642, 64.90192444583609, 47.46425497266178, 0.499823430137, -0.365605969941, 0.785180752076, -0.547298209919, 0.569303290319, 0.613480588977, -0.671298151425, -0.736359992378, 0.0844556304712,  
145, 662290.4740260598, 54.0737679580674, 84.00576342097442, 75.02187470269796, 25.08781877427676, -0.417781842872, -0.596115502072, 0.685641772324, 0.823058882312, 0.071258375855, 0.563468118103, -0.384749799239, 0.799730299576, 0.46086770328,  
148, 901632.3841824085, 59.93037072654544, 109.93799905008787, 76.9851334455521, 25.432332773788293, -0.383084945526, 0.200092798218, -0.901780902776, 0.909868523024, -0.08665098931, -0.405747306659, 0.159327321325, 0.97593774297, 0.148863449263,  
149, 1061051.4945039887, 63.27263931195138, 137.39014323318165, 54.356429057273886, 33.91886862298589, -0.536850898877, 0.692967028643, -0.481235711049, 0.843621452548, 0.434368080131, -0.315637792041, 0.00969315097918, 0.575431201949, 0.817792745534,  
150, 656313.9557896919, 53.91062208705314, 100.54934847316024, 44.50977220707731, 35.00970064908677, -0.492159244667, -0.361921498871, -0.791702031413, -0.207214991952, -0.834623931254, 0.51035756141, -0.845482835425, 0.415229722001, 0.335772323112,  
151, 927768.1091469309, 60.5039335302492, 82.70974853897661, 67.02217948474019, 39.9554092974618, -0.0822629620744, 0.836817560076, 0.54126627109, -0.548324190976, -0.491519519169, 0.676571610302, 0.832209941458, -0.241132605479, 0.499281163187,  
152, 938668.72751089, 60.73997096501583, 97.25500850201183, 61.50590558317316, 37.46234392120502, 0.722936369474, -0.589825120296, 0.359818472511, -0.638496199363, -0.769317314494, 0.0217594351636, -0.263980319515, 0.245473414218, 0.932768563911,  
153, 1088254.1443753943, 63.80879944228461, 114.53570865013819, 85.07768351037767, 26.66153543538648, -0.122141279936, 0.922928283789, 0.36508203286, 0.881277850738, -0.0683507007645, 0.467629694847, 0.456542284497, 0.378855598727, -0.805007812248,  
154, 935099.0114650961, 60.66287600319899, 112.80516755980764, 73.76657865443133, 26.82750920646199, -0.665870423887, 0.687443830071, -0.289892323268, 0.741927169341, 0.569265220644, -0.354233233843, 0.0784898336436, 0.45095242439, 0.8890901287,  
157, 1688063.6174949661, 73.86409823438746, 91.07737219855, 81.89940058396088, 54.02676770875315, -0.271801766536, 0.947797693222, 0.166743313002, 0.773119079369, 0.111874664694, 0.624316384949, 0.573071277263, 0.298602732946, -0.763168211506,  
159, 2681896.0584398974, 86.18885493183402, 120.14527370485864, 79.9620138827071, 66.6442857856606, -0.577678095139, -0.197141501458, 0.792100528216, 0.107930350383, 0.943428529478, 0.313518180068, -0.809097681286, 0.266604272602, -0.523720444481,  
160, 1375782.7020813127, 68.9954436874344, 119.1103315487217, 58.18481758383105, 47.39168222494956, 0.74717067776, 0.647253451085, -0.150993206315, 0.362259019826, -0.206127258699, 0.908999425619, 0.557229199567, -0.733876367844, -0.388485644357,  
163, 3870280.8405463938, 97.39828060463175, 102.11566713196133, 96.54392956579015, 93.72091502437304, -0.127627861297, 0.73776329102, 0.662884948874, 0.0907548487837, -0.656859863707, 0.748531012633, 0.987661220481, 0.155693435553, 0.0168780236624,  
164, 1818397.9889800798, 75.71817033076682, 117.25130833168595, 88.78635830331847, 41.70003241157848, -0.722018365836, 0.689013100875, 0.0628524161636, -0.247342355578, -0.341891910424, 0.906604478659, -0.646151095745, -0.639039019473, -0.417274361851,  
165, 3395790.5205091992, 93.24325536118354, 106.21290353125613, 90.54440788232554, 84.29724244253748, 0.302023504264, 0.59574314608, 0.744225709561, 0.838593167359, 0.20524397578, -0.504615110817, 0.453368837186, -0.776508219084, 0.437597627009,  
166, 3583457.3802791713, 94.93023254842873, 103.86753825938892, 91.03432694466328, 90.47500379646495, 0.629738220451, 0.709113994159, -0.317154720903, 0.489214594437, -0.0448912672872, 0.871007379252, 0.603406044296, -0.70366335517, -0.375178661838,  
167, 3054282.259697386, 90.0064266539634, 97.86788077887944, 90.78861352982827, 82.0633028389637, -0.862265193643, 0.299086533913, -0.408712589803, 0.295411839727, 0.952515633578, 0.0737957501437, -0.411376446555, 0.0571070312855, 0.909674780456,  
168, 2320179.57342583, 82.12543127428187, 93.94331384808474, 89.25801022069855, 66.0571622238416, 0.419204989704, 0.548886176085, -0.723181265181, 0.260684097329, 0.690237991913, 0.674992826569, -0.869661415728, 0.471482216232, -0.146265312944,  
169, 3282842.31485078, 92.19778152662175, 130.61185490833046, 90.11652553064734, 66.58468924050445, -0.672781643102, -0.648346630799, -0.35638673802, -0.739360037252, 0.571828434648, 0.355470078408, 0.026675757154, -0.502651855323, 0.864077262934,  
170, 3021655.8468292644, 89.68479018042322, 112.22687042198831, 84.74043830018017, 75.85231345476477, 0.3195489454, 0.196332491515, 0.92700702493, -0.867827070577, 0.453455830234, 0.203110771749, 0.380479496251, 0.869385623761, -0.315283983307,  
171, 3916629.555984351, 97.78553792780126, 114.4232428335815, 97.29925429752727, 83.98469008424294, -0.261463066426, 0.443248238781, 0.857419421119, 0.200039441326, -0.844149661287, 0.49738875265, 0.94425700252, 0.301566490457, 0.132046828908,  
172, 3682545.488749342, 95.7972782550422, 99.73455372021253, 95.1926048240641, 92.59992848999136, 0.877792408738, 0.406095274471, 0.254100600579, -0.295396153561, 0.0412756491744, 0.954482809299, 0.377122791176, -0.912898104302, 0.156190433569,  
173, 3062620.2164521376, 90.08825578815397, 100.81941179582675, 90.52627495384041, 80.1098145377425, 0.793694001454, -0.608300037193, 0.00457130257735, -0.543216220543, -0.705352014863, 0.455406052734, 0.273799141332, 0.36393625799, 0.890272110271,  
174, 3417749.124786941, 93.44380701546892, 117.74337166079614, 88.0222056687723, 78.72684667016483, 0.743692292584, -0.533719951505, 0.402572710595, -0.286411840561, 0.289748741852, 0.913243628054, -0.604061281276, -0.794473838437, 0.0626201924465,  
175, 2234422.4430545988, 81.10087848614877, 101.05920829962854, 87.15649763460027, 60.5621122787332, -0.789435731583, 0.331940751701, 0.516339581149, -0.504958672415, -0.829451402869, -0.238803495433, -0.349009978158, 0.449250161534, -0.822414936335,  
176, 2648905.2004417605, 85.83398361150213, 97.8097626812296, 88.44362665804276, 73.10196630841922, 0.30202872295, 0.70360086519, 0.64321417352, 0.877820469041, 0.0578595287227, -0.475482385655, -0.371765886877, 0.708235905218, -0.600160001928,  
177, 3312126.261383667, 92.47111442708375, 106.88947412868244, 92.52637572141485, 79.94987393813878, -0.152590122304, -0.841627734542, 0.518053096724, -0.967339328509, 0.234551393821, 0.0961263084489, 0.20241264312, 0.486465209555, 0.849929833456,  
178, 3819703.892132551, 96.97215105051365, 103.38178814652767, 97.0442880356033, 90.89229514300357, -0.930537555191, -0.333037605417, -0.152268879807, -0.332604355113, 0.594675190614, 0.731939724723, 0.153212928108, -0.731742694563, 0.664137355985,  
179, 3401432.127452154, 93.29486344757922, 101.16049780438465, 91.99922282639864, 87.2525410404697, 0.448742751605, 0.846145521018, 0.287519912603, -0.343156104735, -0.13391726535, 0.929682770532, 0.825150792683, -0.515852617811, 0.230265598891,  
180, 3649564.001392429, 95.51042808662731, 109.11079801049559, 90.81481734991863, 87.92814862124102, -0.807747163409, 0.586503663037, 0.0596487489209, 0.515776296031, 0.654064797816, 0.553329967298, -0.285515905786, -0.477716122296, 0.830823672052,  
181, 3154326.376259426, 90.97861882891969, 106.89335771739913, 90.10193423405285, 78.18675425804881, -0.223726534628, -0.156747445563, 0.961965007686, 0.145539552493, -0.981290054298, -0.126047879775, 0.963724377799, 0.111803701394, 0.242353576395,  
182, 3696125.974267031, 95.91489414326053, 100.29078979384865, 95.48841539011062, 92.1396201829108, -0.657160703977, 0.325222788957, -0.67997790162, 0.727672860878, 0.038495870012, -0.684843248878, 0.196550290487, 0.944853536552, 0.2619537703,  
183, 3457402.2800460486, 93.80380062166232, 121.78061992163185, 96.56701744197738, 70.18661640802198, 0.0705743406628, -0.953640338171, -0.292556606236, 0.202224029203, 0.300876041009, -0.931975884859, 0.97679307146, 0.00661160790447, 0.214083119811,  
184, 3423112.2913227323, 93.4926591273662, 96.56195837188403, 94.4569312362311, 89.59682903641534, -0.182248056574, 0.0870246523514, 0.979393871615, -0.5006308714, -0.865508266097, -0.0162533663634, 0.846259048091, -0.493276951823, 0.201304426985,  
185, 3732312.704276051, 96.22689474110676, 100.74525203989813, 97.90889726720856, 90.33221652937027, -0.875447296531, 0.0568881619232, -0.47995392282, 0.482268048317, 0.0375369866709, -0.875219117824, 0.0317735828895, 0.997674652211, 0.060296996324,  
186, 2607890.279351503, 85.3886673082659, 100.91714224877754, 88.10817212945354, 70.01959121044452, 0.356573768084, 0.597491576677, -0.718233223761, -0.376718510863, 0.795450205061, 0.47470215382, -0.85494930346, -0.101305414802, -0.508722813961,  
187, 3864777.7708320552, 97.35209586261635, 107.44832755722582, 102.30181088769346, 83.9369019695283, -0.755951176595, 0.399915008886, -0.518271940464, 0.33357225318, 0.916532192496, 0.220676895093, -0.563264920364, 0.00606018044742, 0.826254139899,  
188, 2681631.8538728994, 86.18602456649883, 110.75774010522335, 79.57459251153549, 72.63769214585488, 0.384502393154, -0.0849438579849, 0.91920751229, -0.545478843558, -0.824225094115, 0.152006004686, 0.744721921853, -0.55985492337, -0.363251598606,  
189, 3651577.083121378, 95.52798588774864, 103.29490067756687, 98.41152926776054, 85.75649068104035, 0.779748560807, 0.570439329803, 0.258052616599, 0.276301607569, -0.683380160393, 0.67575807656, -0.561827022823, 0.455621034848, 0.690478000396,  
190, 4330061.2296502385, 101.11179246243555, 108.48243856353396, 102.1898999018215, 93.24767571991984, -0.4278949488, -0.314863544584, 0.847211225777, 0.750506751006, 0.398538313014, 0.527168691933, -0.503632335624, 0.861410564918, 0.0657746848141,  
191, 3694539.8219959927, 95.90117190220137, 104.28531204778477, 96.35875140795054, 87.77229090426567, 0.234276341774, -0.959181347427, 0.158384779676, 0.674651118338, 0.043104126673, -0.736877128691, 0.69997175958, 0.279487346783, 0.657211045843,  
192, 3714229.798352831, 96.0712379327357, 107.66581992228933, 94.07147564073124, 87.5476215601227, 0.202468360573, -0.717839230194, -0.66611815961, -0.823488811516, -0.492917520383, 0.280888759845, 0.529974282655, -0.491669764877, 0.690932776781,  
193, 2350742.7268996392, 82.48446538897447, 107.91602490556416, 78.36051346677829, 66.36411068709523, 0.259066366157, -0.782728211616, 0.565880874978, -0.894618114741, -0.415299560996, -0.164877843915, -0.364064618858, 0.463532977657, 0.807832985165,  
194, 3354815.2719833422, 92.86669731348876, 112.40484838620392, 98.56687166117197, 72.28762975574075, -0.778094911619, -0.0841987319977, -0.622478017316, -0.490487065047, 0.700524434927, 0.518351188955, -0.392416548496, -0.708643838328, 0.58637288722,  
195, 3489315.1673442596, 94.09152980431952, 115.35605997816918, 96.42451939883745, 74.88997607583919, -0.202839528953, -0.63580348894, 0.744721457288, -0.747514658348, -0.390720836825, -0.537176938471, 0.632517162651, -0.665650922873, -0.396018797319,  
196, 3123435.4197438117, 90.68065334802311, 106.13578930399058, 92.30303073357534, 76.11427349864182, -0.958021036033, 0.133323878546, -0.253811815973, 0.275357444057, 0.181359707945, -0.944079940649, 0.079837162527, 0.974337415757, 0.210458137728,  
