# Void_ID, Void_Volume, r = (a*b*c)**(1/3.0), a, b, c, vector_a, vector_b, vector_c 

0, 416174.6638013471, 46.315782878521006, 95.5887845721189, 90.34937043352842, 11.504161181819944, 0.180223659961, -0.083192165739, 0.980101268212, -0.965317533323, -0.206310966096, 0.159993265881, 0.188895453225, -0.974943510583, -0.117488973623,  
2, 862029.6714914674, 59.039753440804255, 131.41323683510345, 83.6782462207464, 18.714659225819457, 0.290329724444, -0.956378728237, 0.0323786855948, 0.394979490695, 0.150586715082, 0.906264223707, -0.871607625618, -0.250326525597, 0.421469782485,  
24, 908685.8739430297, 60.08624382894361, 132.41481971275016, 57.120520936024455, 28.681140326862067, 0.725185120431, -0.67360176701, -0.142713701469, -0.429417141184, -0.604461517898, 0.670989710977, -0.538244795575, -0.42530804467, -0.727602643739,  
44, 3280653.8153910767, 92.1772891575215, 115.11118077849746, 95.31750148743004, 71.38083710276713, 0.61236004341, -0.386194024047, 0.689832844264, -0.577678422289, 0.377118552014, 0.723926265685, 0.539724761019, 0.841805068598, -0.00783637837323,  
95, 1157379.0840397512, 65.13218884933906, 140.67098462071814, 46.207910216804585, 42.50755890286516, -0.99849033516, 0.0490537921345, 0.0247138841366, 0.0479435852539, 0.997894842331, -0.0436726033407, 0.0268041643201, 0.0424218001359, 0.998740170239,  
101, 1660211.0314480686, 73.45559743306842, 131.42339885425588, 66.15636769893068, 45.585879579478714, 0.742944500342, 0.490663662448, -0.455283032591, 0.549388324998, -0.835557667246, -0.00398159047962, 0.382368850415, 0.247169081925, 0.890337861248,  
104, 3185241.510973974, 91.27487619493837, 131.0966148435865, 99.22710140714985, 58.45638774221268, -0.126497407591, 0.439770973611, 0.889156845918, -0.66491161494, -0.702771611865, 0.252991315808, 0.736132427074, -0.559207968761, 0.381307615297,  
116, 1061835.6278842615, 63.288221958640975, 97.89963911483507, 67.92537252035315, 38.1202345477857, -0.921163040286, -0.38370709151, 0.0650193904584, -0.10698864194, 0.41030960513, 0.905648639614, -0.374181885861, 0.827293718013, -0.419014343943,  
160, 589353.4386222055, 52.011063902870916, 123.91589959837556, 36.8660464012533, 30.79878705152062, -0.386688587513, 0.154943044755, 0.909100978533, 0.914081067661, -0.0662059007176, 0.400090715282, -0.122179122731, -0.985702506638, 0.116029437543,  
176, 1353005.8606740872, 68.61257041541178, 114.47429466042743, 71.30764762088724, 39.57008494196462, -0.130084392866, 0.413053327465, 0.901368403819, 0.428375799311, -0.79645297115, 0.426798359078, 0.894188025696, 0.441644215876, -0.0733359481128,  
209, 2009177.6258149054, 78.278634522822, 129.85238641840843, 89.09276880715322, 41.46076703347229, 0.18746876938, 0.41981268532, 0.888038720863, -0.564060547386, -0.694137662157, 0.44722321592, 0.804171100817, -0.584747992917, 0.106670639776,  
223, 3116389.477171499, 90.61241526688494, 107.19454566363245, 105.58025307242698, 65.73667499392305, 0.924613847081, -0.373704373437, -0.0737175356306, -0.0219951776924, -0.245591117268, 0.969123942165, 0.380270227528, 0.894443986168, 0.235296641844,  
239, 312447.5689541332, 42.094903042210234, 95.90236665840841, 90.20603582217042, 8.622309701831133, 0.732273900654, -0.610874354131, 0.301010727195, -0.20020128172, 0.229373811761, 0.952526693209, 0.650918106384, 0.757773170509, -0.0456666271794,  
245, 2966676.474189131, 89.13751573487363, 120.0328870377596, 89.02492139282776, 66.27805080067525, -0.394449383938, 0.885428037427, -0.245818782947, 0.895891610129, 0.430059617532, 0.111476222882, -0.204420905022, 0.176255257814, 0.962884301296,  
281, 1185935.6486262274, 65.6635217330369, 123.09867725162428, 97.84311677745453, 23.506547633603713, -0.906930659491, 0.407709316205, -0.106065509728, 0.29808260369, 0.798953141184, 0.522322352164, -0.297697061208, -0.442093872014, 0.846126153759,  
332, 380806.3968272152, 44.964718126516274, 88.794786451207, 60.3778754871451, 16.95705119035218, 0.426367247199, 0.373778470707, 0.823711494003, 0.833322552615, 0.191885174254, -0.518414509061, 0.351830205951, -0.907452331936, 0.229664475797,  
334, 742909.6042080609, 56.18440524131084, 98.94797844683042, 51.40233759182182, 34.870451304532565, 0.198915504008, 0.8839299155, -0.423202701727, 0.744773843008, -0.417024172353, -0.520963302398, 0.636980804292, 0.211562624671, 0.741280453543,  
337, 1424429.4161992718, 69.7992530092515, 124.24062193166546, 58.238053213455395, 46.998268585899694, -0.603373809789, -0.526637689528, 0.598826176474, -0.330961988268, 0.848565744139, 0.412795760875, -0.725537185803, 0.050881448911, -0.68629940272,  
341, 1324854.9157969109, 68.13337527190893, 121.78730638658323, 68.47132482983965, 37.92878720407716, 0.397862960091, -0.386708223313, 0.831962628373, -0.748009005348, -0.661794712803, 0.0501027546607, -0.531213321469, 0.642249568414, 0.552564836888,  
366, 1811083.9644418047, 75.61651514975001, 133.15342854769818, 76.0750252395904, 42.6830570917115, 0.114167981283, 0.0595376015091, -0.991675827101, 0.937997073129, 0.322404829689, 0.127344480033, -0.32730286105, 0.944727685526, 0.0190377873951,  
380, 2010601.801904588, 78.29712570840803, 123.10476937557756, 79.33942812520162, 49.14434074015442, 0.14623691345, -0.354112617252, 0.923698554425, -0.921213954651, 0.291548517417, 0.257612716588, 0.360526857392, 0.888596486767, 0.283578329222,  
387, 163104.46294858668, 33.89422788691032, 134.411666537282, 65.61757183057516, 4.414892305672668, 0.683040167673, 0.38758335053, 0.619059993649, 0.609962454991, 0.163514989841, -0.775376457986, 0.40174859408, -0.907216619386, 0.124723985925,  
399, 1873373.481196622, 76.47366771013665, 147.0148613281686, 101.69622455279571, 29.91366943859134, 0.30355578709, -0.795142839894, -0.524977855047, 0.0940849034164, -0.523269442287, 0.846957567838, 0.948157115184, 0.306491361925, 0.0840305301198,  
401, 2365922.3098651567, 82.66162845557588, 136.49719041895477, 79.15087219241923, 52.27962372659137, -0.408339204127, 0.758510394049, -0.507859307773, 0.900632997427, 0.425419066357, -0.088762728243, -0.148725580577, 0.493640152438, 0.856854772749,  
434, 1311048.4395065953, 67.89587290508881, 128.8823531976636, 90.46384711776594, 26.844889381238552, -0.17243095419, -0.980490039605, 0.0943761001139, -0.985017846407, 0.171901780806, -0.0137702583338, 0.0027218185361, 0.0953365616705, 0.995441375327,  
450, 2022837.0359805536, 78.45562667360281, 112.51775274870602, 81.28488861655777, 52.80091183554575, 0.0839756934555, 0.11304780554, 0.990034482516, -0.272440853083, -0.953083701831, 0.131937253558, 0.95850094652, -0.280805361358, -0.049237024202,  
472, 1494621.1826139975, 70.92742195885538, 108.52585042528003, 82.58434750926058, 39.81177896374006, -0.228982577267, -0.585247025935, -0.777851462647, 0.952066424591, -0.301142423506, -0.0536913766936, 0.202821356061, 0.752860650718, -0.626150411743,  
478, 987284.9647253574, 61.77100083406452, 107.68012093166392, 76.8896869230143, 28.467562758260453, 0.646169451231, 0.489102058429, 0.585870477782, 0.709230319357, -0.668354986229, -0.224263163467, -0.281881880228, -0.560429111327, 0.778756583777,  
521, 2294093.638300511, 81.81648996515845, 124.46132240598837, 77.11090138968315, 57.06533095800315, -0.789924144419, -0.225162868841, 0.570369642038, -0.605531704151, 0.433106108214, -0.667645455535, 0.0967016097696, 0.872766166578, 0.478464227654,  
532, 1176444.1485379115, 65.48787548375454, 108.90716361499709, 59.71832581698391, 43.183579006543546, 0.836025194626, -0.540475334637, -0.0945953836089, -0.358662822524, -0.668772097971, 0.651233338147, -0.415238309516, -0.510519630989, -0.752958732392,  
552, 809090.5139663386, 57.80554498550071, 126.99587732055694, 40.33610030037672, 37.70725945079065, 0.213587488787, 0.657416462714, 0.722622985509, 0.746960805106, 0.366832371457, -0.554512007883, 0.629626826199, -0.65820787431, 0.412713525253,  
560, 1622093.1654752123, 72.88906764968797, 101.98667264630693, 78.02544077701508, 48.663969516602776, 0.240784107605, 0.724087652015, 0.646312684174, 0.85847434341, -0.469560151503, 0.206240310868, 0.452818744347, 0.505183467979, -0.734673293682,  
568, 379785.1375012459, 44.92448617848816, 126.07187946232813, 75.04640309237477, 9.582994673441295, -0.870120575803, 0.380864643527, 0.312781564155, 0.474484327143, 0.818972953047, 0.322719577145, 0.133247164547, -0.429214894299, 0.893319521589,  
576, 842941.434244845, 58.60071714144849, 94.30125156952415, 88.90661367935152, 24.002543577824603, 0.1067488819, -0.994241348457, 0.00942428941302, 0.039176992365, 0.0136770334859, 0.999138680076, 0.993513884897, 0.106287721647, -0.0404113937498,  
587, 1506256.2568025356, 71.11099436460186, 128.9295989490256, 75.11450311414625, 37.1307587710958, 0.71221440628, 0.124059976394, -0.690912267762, 0.394128363836, -0.885146327062, 0.247343511152, -0.580873025977, -0.44846973359, -0.679309521313,  
604, 2002968.2327006117, 78.19791088120971, 97.59339692495014, 91.63114859597584, 53.47144085823343, 0.569950900103, 0.573097318278, 0.588825470963, -0.799529174808, 0.55207490742, 0.23657217763, -0.189496886789, -0.605617668484, 0.772863616376,  
606, 2133582.527270692, 79.86201780263902, 110.5455581270234, 89.81296020401277, 51.30273628208152, -0.677557606123, 0.704710155412, -0.210473958589, 0.25066157853, 0.49030876654, 0.834725156266, -0.691436521623, -0.51281664395, 0.50885619408,  
633, 1188567.3147356035, 65.71205635096314, 128.08943617978818, 75.4385314071312, 29.364907327538884, -0.33839365592, -0.0722504886692, -0.938226838521, -0.928024456924, -0.139410225454, 0.34544955694, 0.155757314384, -0.987595390798, 0.0198746846458,  
634, 1475547.0795307846, 70.62440801584343, 113.27107094882182, 91.84555931444206, 33.86002634361922, -0.487309154179, 0.105963427115, 0.866776522737, 0.630556699079, 0.72937927925, 0.26533773996, -0.604092739156, 0.675853252648, -0.422249148471,  
638, 564893.9982116442, 51.28135009374626, 79.47699077593812, 64.26068915437374, 26.405327440295956, -0.57312637716, 0.810284211575, -0.122334182773, -0.542122675311, -0.262957680309, 0.798095397356, -0.614515386884, -0.523729658162, -0.589981427203,  
641, 298006.3145833526, 41.43610762671491, 96.06918478193955, 69.74802751183954, 10.617464601460773, -0.613626096926, 0.774530814413, -0.153509057373, 0.442046911673, 0.498069098429, 0.746003821083, -0.654261064905, -0.389909208298, 0.648007151376,  
644, 1623650.0700873106, 72.91238012857673, 118.28073019136151, 92.03729533001892, 35.60622908311657, -0.574431973979, 0.5761536083, 0.581442109684, 0.814166803155, 0.47558970915, 0.333086843319, 0.0846186971762, -0.664726596575, 0.742279076827,  
667, 840613.5829528237, 58.546723860645386, 88.1319410989251, 75.16098161845795, 30.295771388586545, 0.36929589722, -0.73857645449, 0.564026028805, -0.724405216458, 0.151390574862, 0.672545891528, -0.582114784785, -0.656951835917, -0.479120718212,  
696, 748037.961970642, 56.313390543420915, 104.33909597948372, 49.32435133398043, 34.699768460520836, 0.498557304363, -0.785181151766, -0.367329788035, -0.694860596071, -0.10863215707, -0.710892260809, -0.518275376893, -0.60966352471, 0.599750798536,  
707, 3272925.009497447, 92.10484622320968, 132.84650942497095, 100.01020116826435, 58.81024610989073, 0.46323753067, -0.788178377866, -0.405198512882, -0.389778068954, -0.591814718036, 0.705569554671, -0.795917110723, -0.168908804328, -0.581365434713,  
736, 1735379.270123639, 74.54787448642526, 97.07651217259347, 80.05694903437357, 53.30802546739084, -0.891605570348, 0.303171588795, -0.336342823131, -0.315522449872, 0.116808166188, 0.941701351777, -0.324784683368, -0.9457498824, 0.00848936920692,  
753, 1649888.425440296, 73.30304049003294, 128.35427933135642, 84.08004360601377, 36.49746372834968, -0.276091089467, -0.632090778161, -0.724040716037, -0.96033066842, 0.212165952945, 0.180971311825, -0.0392264911725, -0.745283071439, 0.66559328859,  
754, 2306027.21224699, 81.95811089720178, 94.33796568357684, 85.99565964128631, 67.8598319152926, -0.566004729542, 0.816132620757, -0.116473994833, -0.788948246443, -0.577217187468, -0.210667944707, -0.239163773534, -0.0273470990871, 0.97059405809,  
764, 1885752.858222705, 76.64174572889799, 106.10828849349596, 94.38321050716726, 44.9523199045993, 0.173513579417, -0.867976332953, 0.465306483075, -0.955938251402, -0.262044512437, -0.132343239375, 0.236801810095, -0.421840916621, -0.8752000593,  
765, 2005084.0390694577, 78.22543560041726, 100.50640438021432, 88.32252557505957, 53.92358467707478, -0.339274356456, -0.717704731647, 0.608105935855, 0.176675374688, 0.586328157404, 0.790572642971, 0.923947359448, -0.375658368743, 0.0721253558959,  
770, 510090.5262639131, 49.56626747043326, 108.05650694496175, 69.71422450300173, 16.16539508441285, 0.531782666775, -0.0554610025998, -0.845062880802, 0.445976973545, 0.86662092271, 0.22376933523, 0.719938701825, -0.495875239866, 0.48558831545,  
771, 1558273.813501468, 71.92033821590098, 96.28356979331676, 85.69281862445085, 45.08774876589794, 0.343888091389, 0.523710283159, 0.77940266866, 0.488502685293, 0.609084933497, -0.624804505624, -0.801938967168, 0.595603125495, -0.0463768243643,  
773, 1535628.0240850889, 71.57023995049602, 150.28324681980186, 58.45601642430677, 41.73088875712094, 0.530301938918, 0.567012138684, 0.630299205271, 0.392543496111, -0.823167889787, 0.410248984013, 0.751458220555, 0.0298640219718, -0.659104455266,  
779, 1100717.4850135206, 64.05146763532557, 134.75485203224235, 73.02554647213073, 26.703490242028398, 0.475753881379, 0.847558189085, -0.235166665299, -0.300899453905, 0.408059855336, 0.861943544034, 0.826509384697, -0.339311465439, 0.44916585626,  
786, 2949610.090728605, 88.9662599540411, 119.43422514762874, 84.56546038450935, 69.71948768332301, -0.99992817206, -0.0101575289424, -0.00636202215875, 0.00134160888077, -0.622334915473, 0.782749930098, -0.0119101135921, 0.782685171438, 0.622303841869,  
801, 1745480.679668653, 74.69223912539414, 87.99478873344752, 84.4807609831668, 56.054652760175905, -0.164492126902, -0.201184309057, 0.965643419683, 0.505651745737, -0.85775681214, -0.0925719356014, 0.846911242233, 0.473051926344, 0.242823439483,  
804, 2018915.502219187, 78.40489505016866, 124.92560889297215, 68.83913291812603, 56.04574766784409, 0.177214091389, -0.391853306372, 0.902799065185, 0.670038819787, 0.719932387277, 0.180956728883, -0.720862778753, 0.572842337852, 0.390139090804,  
815, 1519707.1600212527, 71.32204166156934, 127.49580288857244, 85.79931334982861, 33.16588571698998, 0.0259844254386, -0.821995627335, 0.568900692807, -0.681222562273, -0.431057663797, -0.591713707068, 0.731615083418, -0.37217264693, -0.571162753155,  
824, 2291361.4668095796, 81.78399703383148, 106.84663671783169, 86.64441604178472, 59.08858104138606, 0.90853993051, -0.3103547949, -0.279705373475, 0.301741775795, 0.0243700637603, 0.953078171365, -0.288975942612, -0.950308371675, 0.115788182975,  
825, 3684009.787950465, 95.80997393794335, 134.14600584627547, 97.31146330911635, 67.37370282418131, 0.43674213126, 0.236616332027, -0.867910722483, 0.614068603082, -0.783464282308, 0.0954121012118, -0.657400989877, -0.574627209386, -0.487470520895,  
840, 1378709.7727650497, 69.04433985039527, 97.1045342669306, 67.69383934522875, 50.07207496138875, 0.833408129726, -0.349482200082, -0.428127412265, -0.373168913266, 0.215548177993, -0.902376831005, -0.407646723865, -0.911812028211, -0.049223711077,  
842, 794020.4724642854, 57.44439990661816, 108.4280315127701, 73.98763200026904, 23.628839355646424, -0.0838115313046, -0.688619900857, 0.720262632214, -0.804809692629, -0.379432297159, -0.456412631861, 0.587585726401, -0.617926989228, -0.522407168896,  
850, 1031619.6332988504, 62.682118075194495, 121.25288421120024, 86.0845328877901, 23.594663309698255, 0.741873879944, -0.201875921206, -0.639428853505, 0.576137499873, 0.679785300044, 0.453825436797, -0.343057906916, 0.705080178619, -0.620623246601,  
859, 3152826.376178649, 90.96419529788159, 118.1897079319108, 90.38194901379752, 70.46120792810324, -0.913356349925, -0.189013774168, -0.360629964405, -0.343811009827, 0.83250781669, 0.434424590317, -0.218115032892, -0.520773010366, 0.825361317304,  
882, 2257231.5986541454, 81.37590609237142, 124.85255772459251, 69.13275859092342, 62.43184671919136, 0.352335191646, 0.163448064699, -0.921490446437, 0.547813840136, 0.762300587225, 0.344670583705, 0.758788448307, -0.626244796275, 0.179046211506,  
885, 1889940.7215221974, 76.69843888579781, 94.20131227904183, 84.3728795297477, 56.76749747164533, -0.858127510689, -0.269207935252, 0.437200483755, 0.0191587426199, 0.834135558188, 0.551226644084, 0.513079056266, -0.481398959455, 0.710636984583,  
889, 1022470.0596320096, 62.49625545402425, 76.26004348891217, 62.82750675976898, 50.94658946814898, -0.127836674444, -0.942887393865, 0.307605505732, -0.944629906039, 0.0212466476643, -0.327449111435, 0.302212053504, -0.332433365432, -0.893395731053,  
901, 352321.1602711563, 43.814383584500234, 126.8504682846845, 76.60021136191241, 8.656215810796901, -0.211110917729, 0.423163753651, 0.881115553155, 0.803577107107, -0.4380809475, 0.402925447659, 0.556503381256, 0.793106248263, -0.247561034125,  
903, 2649815.935822205, 85.84381951005749, 109.45496401951222, 88.63582815473866, 65.20521465182502, -0.116345233002, 0.641905943731, 0.75790536755, -0.818560602486, -0.494153885441, 0.292865972011, 0.562514290322, -0.586317914537, 0.58293136498,  
912, 877185.420963549, 59.383747176567695, 136.2787570603747, 58.49333443672414, 26.270494791188508, 0.599309070788, 0.625836360283, -0.499156776793, 0.703049030453, -0.113299059561, 0.702057963335, -0.382819407097, 0.771681393614, 0.507894800426,  
913, 1666433.0274447408, 73.5472465583999, 139.46374697563766, 71.06458667869306, 40.140676864567915, -0.853664261159, 0.478261313791, 0.206212135799, 0.468759238361, 0.532982697776, 0.704410548134, -0.226984813747, -0.697993953844, 0.679177690097,  
929, 3497579.3192360024, 94.16575388365506, 115.33031462136138, 93.85291731769497, 77.14143430280632, 0.46231410415, 0.609634577992, 0.643903215104, -0.278754149559, -0.589429122401, 0.758201446694, 0.841761125978, -0.530017915718, -0.102563228353,  
933, 752361.1837207319, 56.42166836602809, 105.88610652120093, 58.8162403410903, 28.8404167896054, 0.149045372635, -0.914136712046, -0.377013989908, -0.853253375429, 0.0737959187142, -0.51624881569, -0.499744088725, -0.398632956579, 0.768991294953,  
943, 1638146.0338055813, 73.12872503829047, 131.02238658575962, 66.0410021487035, 45.19650416964078, -0.941106333127, 0.223774458265, -0.253463728326, 0.0456039317046, 0.826807402836, 0.560633391825, 0.335021120471, 0.516056693052, -0.788318678197,  
950, 2789941.4793024706, 87.33107942989591, 137.94155786618327, 89.16773348794356, 54.15064455056746, 0.542810708064, -0.839770014767, 0.0119523014625, -0.666984415204, -0.422389777174, 0.613774116442, 0.510380568877, 0.341135161538, 0.789391206231,  
953, 1101964.222104323, 64.07564132532134, 107.45586056584439, 91.72619400261611, 26.690419807724663, -0.66039813675, 0.224373447229, 0.716610673347, 0.749658316734, 0.141794606224, 0.646457034765, -0.0434362651326, -0.964132172383, 0.261844314522,  
954, 3259248.489008487, 91.9763747498759, 112.93922834857216, 98.61936279160929, 69.8589180794515, 0.326761055942, 0.945106894983, 0.000411551321505, 0.883794837702, -0.305408692997, -0.354446350092, -0.334863998022, 0.116182990564, -0.93507626188,  
955, 667295.9590245192, 54.20965314827538, 115.63844892124665, 71.38060189008331, 19.299560634063308, 0.84250074907, 0.15062405877, 0.517208740004, 0.33125544147, 0.612276693514, -0.717904647621, 0.42480856902, -0.776163412884, -0.46594853384,  
962, 625905.6018712473, 53.06482582390509, 121.68292711619482, 46.38166331819796, 26.475505562367662, -0.981114487886, -0.0720071819025, -0.179525283496, -0.0294441455024, -0.861711165491, 0.506544084521, -0.191173753312, 0.502263708645, 0.843317118896,  
968, 2192057.8752668067, 80.58504801326782, 110.07658234947984, 85.56193190322134, 55.56328165155508, -0.523220038206, 0.851464500101, -0.0353411472278, 0.108986612314, 0.107986532574, 0.988160324603, 0.845199804754, 0.513173570881, -0.149298949071,  
970, 1949531.6872728919, 77.49622775205039, 107.9308328110492, 68.93565293849127, 62.55359408298515, -0.517086048867, -0.518458904851, 0.681045066091, -0.855864881085, 0.323255084818, -0.403734387271, 0.0108315923289, 0.791647973609, 0.610881463533,  
976, 2932315.1350565995, 88.79203526888621, 101.13160778198501, 92.99278980884387, 74.43648281019506, 0.0939643847363, -0.992656978691, 0.0761762237056, 0.815066853659, 0.0327644921147, -0.578439722116, 0.57169635163, 0.116441447575, 0.812160495727,  
977, 1158501.0131322131, 65.15322779253205, 120.84069164280744, 82.05063991506658, 27.894118003528853, -0.637759668499, 0.610201240822, 0.470018138942, 0.140558031012, -0.507778142235, 0.849943997089, 0.757301819061, 0.608124825976, 0.238071734732,  
983, 803303.8987941907, 57.66740672374352, 120.99795912021786, 82.22877669450237, 19.274778280038944, -0.976915578346, -0.0939036660024, 0.191880312427, -0.208313860066, 0.617800537272, -0.758239956644, 0.0473422484709, 0.780707754322, 0.623100404311,  
990, 2549049.8205022025, 84.74158279944525, 118.48134297856735, 77.20692371721957, 66.52478776513931, -0.795047105841, -0.557472719914, -0.239006832633, -0.574534304315, 0.565829586388, 0.591394295148, 0.194449049005, -0.607503947081, 0.770148376367,  
993, 477775.2823182691, 48.49664437082074, 110.51317329763508, 44.70785022216108, 23.08539084161331, -0.89293028547, 0.215619032986, 0.395201136012, 0.388978351685, -0.0724421067077, 0.91839424165, -0.226652481151, -0.97378671884, 0.0191853850203,  
997, 4286092.010405228, 100.768383906375, 133.00732503858643, 100.94986758763349, 76.20642135319383, -0.0620262216658, -0.311892485696, 0.94809062077, -0.2406106255, -0.917230537072, -0.317481761302, 0.968637844977, -0.247812871396, -0.0181523014611,  
1007, 2624536.4736679345, 85.56996107605883, 110.16934078744157, 102.66916901379253, 55.3940610861094, -0.210677527906, 0.453290627004, 0.866107722345, -0.612024564822, -0.752025495549, 0.244711230022, 0.762260395987, -0.478524044865, 0.435859871055,  
1008, 2291803.8130675023, 81.78925948264852, 111.79096978572468, 98.64877600899129, 49.61241908490327, 0.919045280156, 0.378194181515, 0.111017719716, -0.365146029349, 0.710890530379, 0.601084878423, -0.148405357966, 0.592961900029, -0.791436690355,  
1016, 2860910.928547216, 88.06538589330033, 118.89172278340303, 98.32492758177376, 58.42523555326845, -0.428400477763, -0.18039957833, 0.885397663647, 0.90113913652, -0.157403252435, 0.403946126055, -0.066492761148, -0.970917199488, -0.22999674879,  
1026, 1837210.2955275483, 75.97839009612399, 97.13895006481063, 88.17621451899156, 51.206536948291266, -0.43960278834, -0.699312377721, 0.563659105177, 0.530901278989, 0.303884693434, 0.791073906196, -0.724495148673, 0.6470056348, 0.237677277178,  
1034, 1287004.61959767, 67.47825329534625, 127.93303651993158, 66.03484507828159, 36.369357181374184, -0.782351361902, -0.496320158075, -0.376287984421, -0.620116669603, 0.677116194689, 0.396193103132, -0.0581520645436, -0.543304665522, 0.837519180563,  
1035, 1297432.269013631, 67.66000548396097, 108.47174090551317, 64.18740563729199, 44.48664487955318, 0.127596594273, -0.991571459834, 0.0224755238632, -0.88490080127, -0.103576808196, 0.454117183902, 0.447961695953, 0.0778324151421, 0.890658427295,  
1036, 2324588.504284376, 82.17741808926598, 113.08106065788888, 80.93426495932923, 60.63664672043423, 0.594514935502, 0.576392445982, -0.560645823742, 0.737562577677, -0.668599722859, 0.094740986921, 0.32023965319, 0.469836310652, 0.822618019325,  
1039, 3882272.8511764654, 97.49877261814282, 121.96808456193685, 92.63467808411703, 82.03093192427549, -0.876984617172, -0.117298860431, 0.465981714862, -0.449944040898, -0.139931986858, -0.882025736084, -0.168666360914, 0.983188698265, -0.0699402766694,  
1041, 178969.16237817073, 34.959337888357815, 152.3512179561602, 49.18566267505885, 5.701710186822489, -0.0382014677586, -0.553921753094, -0.83169185358, -0.174397225779, -0.815830180467, 0.551368047931, -0.983934070709, 0.166107820673, -0.0654365067025,  
1044, 984077.2290467685, 61.70402927982955, 97.25151750963961, 66.20178644871066, 36.490051604586306, 0.532757047135, -0.741006430949, 0.408753468512, -0.782729288772, -0.61508847599, -0.0948737434827, -0.321721602052, 0.269398656263, 0.907700156867,  
1048, 2061690.6510175487, 78.95475630557188, 165.2286274218948, 70.33592281252126, 42.35185210033903, 0.533021236437, -0.639868202316, 0.553585625873, 0.48944847278, 0.766877512805, 0.415137414415, -0.69016559897, 0.0496745812134, 0.721944514474,  
1051, 1676388.023386303, 73.69340893216133, 116.32193384522138, 75.80195992002295, 45.38829737812171, 0.458888976014, 0.709656871304, 0.534610168911, 0.758447437135, 0.000536107428131, -0.651733993046, 0.46279411491, -0.70454725718, 0.537991421497,  
1052, 3302286.815814651, 92.37945457843433, 126.21498394472638, 88.69415721952222, 70.42392942032048, -0.143096835819, -0.135364485745, 0.980407951609, -0.666934756636, -0.71871810302, -0.196576496006, 0.731246419458, -0.681997613185, 0.0125670060308,  
1058, 713325.2071705129, 55.42848230768401, 128.12556100283328, 42.49145493852961, 31.279628038680578, 0.509049438839, 0.808663828387, -0.29484145142, 0.644332071807, -0.585133222399, -0.492397495207, 0.570705572129, -0.0606788653724, 0.818909778448,  
1059, 3700471.0455785417, 95.95246445829775, 120.20806547660978, 114.81550278570741, 64.00800054417364, 0.0646157341728, -0.755469646586, 0.651989585794, 0.901325554893, -0.236232121763, -0.363051826527, 0.428295518298, 0.611113735514, 0.665659786431,  
1072, 2451900.1086153425, 83.65104830477415, 135.95525556699144, 90.5465912348037, 47.549511295688234, 0.21903389429, 0.957661557031, -0.186838152789, -0.762679697387, 0.287473754667, 0.57937770027, 0.608558815847, 0.015594311875, 0.793355522507,  
1074, 2997642.773769376, 89.4465832998652, 147.33338439101772, 79.82050330419654, 60.852109883654606, 0.408104081957, -0.256779038269, -0.876079667493, -0.432550633226, -0.899465816382, 0.0621385134637, -0.803959581065, 0.353589833939, -0.478145606849,  
1076, 2458278.0013663773, 83.72351665753828, 127.27325433834993, 70.70784085798039, 65.21352271584243, -0.554525580298, 0.418273605332, 0.719408487494, 0.8099790154, 0.0729936840473, 0.581898545024, -0.190880526528, -0.905383406724, 0.379269708019,  
1078, 1807823.851055986, 75.57111573065723, 90.98769877458334, 80.73583865860672, 58.751432530267905, -0.169240932676, 0.86176924207, 0.478237681628, 0.379783401982, -0.390740911347, 0.838502300401, 0.909462519451, 0.323535645056, -0.261156298206,  
1082, 1896909.5268625186, 76.79259366972319, 113.3444218118524, 77.27743879820198, 51.70173735789464, 0.685736733808, -0.250314346992, 0.683452894936, -0.499884124859, 0.520546592763, 0.692204526478, -0.529037799803, -0.816317323382, 0.23182975203,  
1085, 2213896.66079642, 80.85177870475627, 110.03236135725732, 86.11492222164301, 55.778892752456606, -0.976190196519, -0.106019023161, -0.189242349772, -0.0672172960303, -0.681629779709, 0.728603238071, -0.206239024759, 0.723975697204, 0.658273996543,  
1088, 1477549.434801652, 70.65633995435094, 110.12940213590925, 77.73470349448715, 41.20360194071122, 0.00720767329713, 0.707628683274, 0.70654773091, 0.853773044958, -0.37219942657, 0.364059300891, 0.520595464012, 0.600607387125, -0.606836987486,  
1092, 2834402.282477257, 87.79254251406914, 119.89733930585912, 104.25596056845131, 54.13304290038039, -0.873869974045, -0.0474934740049, 0.483834308818, 0.457269946905, -0.418256455371, 0.784834844536, -0.165092289706, -0.907086493928, -0.387219096136,  
1101, 1966985.0205760712, 77.72680468770014, 107.37542645183471, 79.8009356619692, 54.80239746140272, -0.0636725851623, 0.283055275946, 0.956987728583, -0.662354108436, -0.729266593238, 0.171631206446, 0.746480299095, -0.62293655114, 0.233917114201,  
1104, 1947638.567591492, 77.47113503384799, 126.45565475181745, 95.38755093902031, 38.54693074744014, 0.194353775424, 0.98044355716, -0.0309360825208, -0.923789442382, 0.193547799436, 0.330382074995, 0.329908587525, -0.0356325771863, 0.943340152501,  
1106, 2502974.6801924882, 84.2278953795859, 146.66969010038662, 72.08848580435655, 56.514718574431235, -0.771596658573, -0.445561812228, -0.453996991138, -0.580290774784, 0.200669398805, 0.789299948742, 0.260578612282, -0.872471468798, 0.413391246828,  
1111, 2295280.730742453, 81.83059967536352, 111.49124392956932, 94.46015131037599, 52.03047653488687, 0.80795247898, 0.540456511221, -0.234775533623, -0.223418833484, 0.64965917834, 0.726654647575, -0.545249315959, 0.534649148018, -0.645641906919,  
1112, 2423478.2010274245, 83.32656953874913, 135.88416677162044, 89.31575192062618, 47.67092663548447, -0.370017401305, 0.364287944061, 0.854623552533, 0.00953245858496, -0.918377496631, 0.395590578649, 0.928975917322, 0.154522061512, 0.33634309498,  
1113, 4294614.5466516325, 100.83512952696864, 132.24766215400692, 96.38656852836334, 80.43240578494989, 0.338251540603, 0.453779598665, -0.824420991433, 0.683374262166, -0.720740543437, -0.116330077173, 0.646981849119, 0.524039258912, 0.553892897616,  
1114, 2510079.2517978833, 84.30751235565893, 114.39270007903998, 87.23347885457791, 60.050595863580604, 0.150195036825, -0.844203430066, 0.514550308111, 0.656396353726, -0.304045211489, -0.690434889172, 0.739314058927, 0.441448839657, 0.508465971563,  
1115, 690197.028285139, 54.822835238114244, 134.02585017964623, 67.88514954501613, 18.110111571601323, 0.682110560522, 0.10108410043, 0.724228684784, -0.309809708287, 0.937068039601, 0.161001347226, -0.662376877522, -0.334193796768, 0.670500841406,  
1121, 754920.0305468534, 56.48556101139011, 105.09483985685331, 46.95083272896812, 36.52478324880063, -0.717111953033, -0.499451143602, -0.486105957556, 0.0572165119274, -0.737301730472, 0.673136263327, -0.694605440218, 0.454900773133, 0.557304736229,  
1122, 934669.8252786944, 60.653593687516626, 79.36514005969666, 63.220162841025285, 44.47174960403443, 0.510297359717, -0.856367243811, -0.0789414238093, -0.640857186639, -0.43987289047, 0.629137430584, 0.573496879677, 0.270456990954, 0.773275077217,  
1133, 738355.4573514572, 56.06936358007698, 122.62292982524183, 54.98152620776136, 26.14498520065509, 0.0961862885437, -0.292250273381, 0.951492498975, -0.262871538694, -0.929444445936, -0.258904569413, 0.960024349713, -0.225217227642, -0.166224090709,  
1147, 3385153.8358921288, 93.1457977940328, 118.64637058151673, 90.92551853334092, 74.91168336108579, 0.134647721891, -0.574061196249, 0.807665607755, 0.749074680481, -0.474602755217, -0.46221136702, 0.648657933006, 0.667237564666, 0.366110527364,  
1151, 1713381.4600454548, 74.2315424213971, 135.30754917182216, 61.92875339375312, 48.81475211910363, 0.717672660436, -0.684078917264, -0.130314954698, 0.32636190453, 0.165090226334, 0.930716457596, -0.615169781226, -0.710479593039, 0.341738040232,  
1177, 1239720.4450381882, 66.6415441274941, 135.47710453963978, 93.56792907592181, 23.34759926826777, -0.174351428858, 0.774970465634, 0.607472103599, 0.968188835719, 0.24736570922, -0.0376906393034, 0.179476900029, -0.581576291898, 0.793446317691,  
1180, 1983551.7161558531, 77.94440980745387, 121.99422561297123, 74.13135415683034, 52.361696702834074, 0.0804056771463, -0.994435265531, -0.0680693010966, 0.922287796959, 0.100125277279, -0.373309721855, 0.378047810024, -0.0327632647779, 0.925206150983,  
1185, 532593.0011961051, 50.28467126220279, 82.5018097963156, 53.432895771529964, 28.84261673505873, 0.640202576802, 0.475926663905, -0.603021120062, 0.536328910601, -0.838903361013, -0.092695472025, 0.549992691142, 0.264073780344, 0.792321322587,  
1187, 2604348.9548862483, 85.34999927630825, 112.43748118483092, 85.99288817966648, 64.30384200247494, 0.00996970356098, 0.936622439222, 0.350198531346, -0.759775231524, -0.220594609498, 0.611620483489, 0.650109377392, -0.272169845145, 0.709423267747,  
1189, 689693.7248117974, 54.80950608138502, 137.579316938371, 70.4338458372709, 16.991554542971194, 0.00271628525596, 0.0810288003731, 0.996708059215, -0.982692621401, -0.184399066325, 0.0176690741587, -0.185223739401, 0.979505649728, -0.0791255237826,  
1197, 1767032.6177938734, 74.99839780812947, 137.76619797659419, 60.52401744580663, 50.592429608875385, -0.300707383067, -0.317895656056, -0.899175968112, -0.94231913519, -0.0462868995413, 0.331499879917, 0.147002439514, -0.946995182032, 0.285640347264,  
1200, 1357859.7059198858, 68.69452062501254, 133.57289675160956, 64.81331272958595, 37.444128549377766, -0.931430154554, -0.360715659856, -0.0481879644881, -0.309924632001, 0.716843269177, 0.624565809115, 0.19074744996, -0.596674065274, 0.779484105139,  
1205, 2327045.2024036786, 82.2063571223202, 121.13424497999412, 99.16030135558557, 46.249967880836294, -0.421452747247, 0.361515415368, 0.831675529452, 0.660534123887, 0.750749161789, 0.0083885191448, -0.621347127633, 0.552885431644, -0.555198564891,  
1206, 2407801.2228913233, 83.14650661350889, 108.26021763482426, 98.77742618285602, 53.75333570376065, 0.649886043085, 0.491859211115, -0.579415781149, 0.581009016448, 0.169963298116, 0.795952888116, -0.489976176778, 0.85392446606, 0.175317861199,  
1208, 1259451.3082414924, 66.99323106304831, 150.43376399079054, 56.1405449219961, 35.60170741565764, -0.143527729147, 0.636239682818, -0.758022992378, -0.0576483084378, 0.759277758194, 0.648208267802, 0.987965821018, 0.13673460396, -0.0722992709503,  
1209, 562795.9565371705, 51.21778425424532, 117.76475394239847, 59.05788406539279, 19.318310729841283, -0.587384161662, 0.187330079659, 0.787329211883, -0.199579467677, -0.976325780018, 0.0834026819366, 0.784313637973, -0.108145330584, 0.610865537383,  
1211, 568734.1296298207, 51.397290764139406, 113.90572101119501, 72.44131138011709, 16.454657259391844, -0.187454707852, 0.977268768909, -0.0990277022817, 0.122015319866, 0.12320049775, 0.984852221946, 0.974665580711, 0.172532288772, -0.142336274747,  
1213, 716305.9288322111, 55.505580047619915, 93.11088726276742, 80.37472118200712, 22.85019928301591, -0.626030411965, -0.151954692422, -0.764850112601, -0.587684287195, 0.736628605858, 0.334672191281, -0.512555462247, -0.659005363015, 0.550453294693,  
1215, 2501733.86560842, 84.2139748131835, 114.63900092756101, 99.19847295962035, 52.518839253582826, -0.0814024310774, 0.676545815001, 0.731887562689, 0.769555589987, -0.423983926131, 0.47751630789, 0.633370222014, 0.602099153451, -0.486126291492,  
1216, 2606786.909411079, 85.3766232715229, 109.96800688995525, 88.79320996112332, 63.73394656330869, -0.931684304438, -0.132295855255, -0.338322573215, -0.360780054134, 0.228143411242, 0.904316502363, 0.0424512591477, -0.964597527775, 0.260287341235,  
1218, 2255855.433722767, 81.3593652650616, 110.04247371159948, 92.11809434616009, 53.127253567565056, -0.327647705899, -0.884845035877, 0.331204232012, 0.825537788313, -0.097632764275, 0.555837389358, -0.459493570017, 0.455540454651, 0.762462165153,  
1219, 1911979.1026421755, 76.99541142673037, 128.96140298451255, 90.57376980344048, 39.078000911522004, 0.601313556691, 0.271866411812, -0.751339244728, -0.368107481482, 0.928856841533, 0.0414951806112, 0.709167743639, 0.251621982476, 0.65861027119,  
1224, 2887516.9590528705, 88.33754212839648, 126.2935147821486, 96.61667066859621, 56.49406384310155, 0.487187260352, -0.86200640747, -0.139976879629, -0.148599287975, -0.239775329379, 0.959388369241, 0.860561923957, 0.446601326578, 0.244909024201,  
1231, 899375.6681011354, 59.88032859277068, 116.22606248087295, 77.26609058511544, 23.908925607472725, 0.406952918459, 0.861365794943, 0.304036658086, -0.384121061819, -0.140611705008, 0.912512661984, 0.828758307364, -0.488136574861, 0.273646400046,  
1232, 1198698.6162066462, 65.8982373513784, 136.51842546637891, 96.81149794415693, 21.652257536618755, 0.412395828253, -0.542538480486, 0.731834460812, 0.43681799076, 0.822718758648, 0.363763504377, -0.799449638056, 0.169663907065, 0.576276352848,  
1233, 2606259.9873133893, 85.37087035775525, 119.01755757816417, 90.14368477535758, 57.99396298100977, 0.764061119499, 0.289915790631, 0.57633275112, 0.499279988274, 0.300029677781, -0.812835583473, 0.408570800449, -0.908807475098, -0.0844918589416,  
1234, 1518698.4902955652, 71.30625872912766, 108.98764310267063, 65.42069942218289, 50.849947408961555, -0.612505102718, 0.209340525591, -0.762242772015, 0.273642075394, 0.960825027836, 0.0439918226342, 0.741591203911, -0.181636478247, -0.645794608255,  
1236, 888559.1496940528, 59.63930557380443, 126.78262242084172, 89.71646330557103, 18.649442698052752, 0.510470692238, -0.171549720589, -0.842609260412, -0.0586515437566, -0.984561859927, 0.164917980801, 0.857892574149, 0.034765461915, 0.512651630132,  
1238, 1198288.8693463034, 65.89072790941755, 149.9739534146451, 54.10849425027608, 35.252638510100006, -0.800148919286, 0.462473384456, 0.381942503049, 0.52264733684, 0.850015168488, 0.0656808543974, 0.294281274055, -0.252175696709, 0.921849201188,  
1239, 2377195.8688999796, 82.79271398123858, 125.68851820084406, 97.26819045940215, 46.42051078718064, 0.797461760524, 0.0400960343005, -0.602035753536, 0.331880538869, 0.804139603284, 0.493168131928, -0.503894878345, 0.593086677024, -0.627963490272,  
1245, 2002824.2785353854, 78.19603746413298, 134.51482092209665, 85.35615864162754, 41.64369320650228, 0.269507125433, 0.0550704142043, -0.961422466359, 0.446274476426, -0.891829980578, 0.0740160619868, -0.853349284309, -0.449006163901, -0.264931054706,  
1248, 2273398.8744392227, 81.56972730911217, 109.56356099084203, 87.62027711898152, 56.5348533375099, -0.444122198118, -0.0344458179509, 0.895303836005, 0.331070580589, -0.934848074171, 0.128262811786, -0.832554949422, -0.353373122697, -0.426590778555,  
1250, 3577158.4209795767, 94.87457750977815, 110.54967452499447, 94.35880501485579, 81.86714858684505, 0.223748901624, 0.440335283193, 0.869506335456, -0.913615485699, 0.405489317189, 0.0297516039393, 0.339474849309, 0.801051341688, -0.493024922966,  
1253, 669079.6995925622, 54.257912557509435, 123.3464991391289, 80.79318679592824, 16.028307935718423, 0.202177577445, -0.253400852516, 0.945998010105, -0.56023681336, -0.822211974329, -0.100509612608, 0.803280113121, -0.509662120639, -0.308197311232,  
1261, 1716497.418649879, 74.2765143758917, 109.86939237888872, 78.0710076235488, 47.773607596712495, 0.132019914034, -0.300386029023, 0.944636954531, -0.966013623126, -0.252643990303, 0.0546689500442, 0.222235060766, -0.919749557071, -0.323531034113,  
1262, 1195125.5506392447, 65.83269597769592, 117.81185994328779, 95.61786228211886, 25.327765675057705, -0.876610496605, -0.153054207665, -0.456210967379, -0.428297283871, 0.680338624426, 0.594727494524, -0.219352396544, -0.716738282521, 0.661944680846,  
1263, 2076396.8739730467, 79.14204213532827, 110.049289140161, 98.31337823321739, 45.81649855666797, -0.385714427782, -0.823153539682, -0.416704487989, 0.740567550912, -0.545598663412, 0.392277709052, -0.550258196429, -0.157290650046, 0.820046077163,  
1264, 3525836.3217780297, 94.41866292273727, 120.39716137232399, 94.664314425162, 73.853485484462, 0.0926182579133, -0.819556970563, 0.565462846085, 0.754622970932, -0.312720712331, -0.57684480393, 0.649589124018, 0.480137613691, 0.589492868385,  
1265, 1541192.8555600857, 71.65658816128737, 122.18433436702917, 80.30363299457608, 37.498824778157825, 0.235421209688, -0.801435327392, -0.549798390355, -0.683660133829, -0.538635547527, 0.492423159846, -0.690786273345, 0.25994838516, -0.67471561536,  
1273, 2386005.1578711052, 82.89485755847193, 129.18083733678523, 89.87193944626488, 49.06372976613896, -0.826407990345, -0.136964881413, 0.546159733734, -0.539564864761, -0.0847077790925, -0.837671981671, -0.160995621707, 0.986947421812, 0.00389825223036,  
