# Void_ID, Void_Volume, r = (a*b*c)**(1/3.0), a, b, c, vector_a, vector_b, vector_c 

3, 2085272.8224246814, 79.25465100634105, 99.39214788272568, 87.70806095536652, 57.106124538127474, -0.337261143987, 0.287487696829, 0.896440597546, -0.784884245026, 0.439924871134, -0.436374643704, -0.519818855628, -0.850774313158, 0.0772749985726,  
18, 1724691.7206525018, 74.39452178232347, 121.75155496643399, 90.19389771326598, 37.49481346822791, 0.737987599731, -0.369786800591, -0.564474999227, -0.0670819347886, -0.872547147216, 0.48390235576, 0.671471754185, 0.319247862944, 0.668734988869,  
21, 127130.67727493268, 31.19276814373463, 120.97000945606162, 50.04925697112732, 5.012869541921441, -0.0221092256442, 0.7614725476, 0.647819991504, -0.930316700405, -0.252946591819, 0.265572699339, -0.366090178902, 0.596806150218, -0.714003081207,  
29, 1276312.419013349, 67.29086772142544, 133.6380356604325, 65.634332523974, 34.73819346135426, 0.334603488936, 0.763282069847, -0.552667157557, 0.698195936306, -0.594680434697, -0.39859454978, 0.632900418485, 0.252498836508, 0.731902587674,  
64, 2289982.9986958294, 81.76759350423771, 116.65729866528089, 97.65214992105, 47.989908726162284, -0.204045102871, 0.764999051944, 0.610853539336, 0.970120183093, 0.0743370481202, 0.230956345728, 0.131272336574, 0.639726858747, -0.757309130969,  
93, 2876844.10114778, 88.22856983477486, 116.66258532333539, 81.25506976935878, 72.45121190452059, 0.252157484654, -0.883573629964, 0.394606441109, -0.879338708518, -0.0389922233961, 0.474597768871, 0.403955490909, 0.466666097919, 0.786792675625,  
114, 1463166.2182116087, 70.42632373472061, 123.11362080474811, 77.46265793786935, 36.627439306357886, 0.734692199157, 0.67586210104, 0.0586326945952, 0.493339825061, -0.472951102516, -0.730022651455, 0.465664245467, -0.565267790526, 0.680903176294,  
115, 2483414.946983216, 84.00791907771851, 119.21787916372048, 74.7916425654663, 66.49151348198568, 0.148262894027, 0.603795888566, -0.783229620996, 0.842937937364, 0.337017668441, 0.419374206302, -0.517178642257, 0.722391594711, 0.458995246035,  
126, 1856612.0202257268, 76.2449088427177, 112.45258060873338, 73.42155754827499, 53.683340080558956, 0.725651997173, 0.640670181641, 0.250940027408, 0.362425538621, -0.665909708334, 0.652082808623, 0.584873411906, -0.382238117805, -0.715413945449,  
182, 241809.59170669573, 38.6481139377394, 81.02625723707168, 71.49430621922124, 9.965238102072949, -0.00177699548273, -0.902117231341, 0.431487361581, 0.105790668092, -0.429236295662, -0.896975215394, 0.994386834603, 0.0440534153492, 0.0961983355595,  
200, 1057655.0331655247, 63.205054534978885, 121.52497373819043, 90.28923230750597, 23.011977188866773, -0.193044298219, -0.972794111503, -0.128084017544, -0.981187599212, 0.19168326424, 0.0229874174891, -0.00218953820782, -0.130112039549, 0.991496880019,  
219, 2550431.3906055284, 84.75688984852, 126.13027971209493, 101.42069946504635, 47.59694466683777, -0.750682601327, -0.228610905413, -0.619848921909, -0.660456859644, 0.236242420758, 0.712731544962, 0.0165035939942, -0.944418642637, 0.328330715628,  
222, 3331614.930485191, 92.65212763945928, 116.27231129929598, 106.13107961902851, 64.45361827842186, 0.598951401939, -0.769544634597, -0.22149102347, -0.157258756113, -0.384240072498, 0.909741309556, 0.785192270556, 0.510059429919, 0.351158762114,  
227, 669886.6356200028, 54.279716175738315, 106.75811697125522, 63.716631617796956, 23.510344372557423, -0.0702918743848, 0.980173613326, -0.185253178477, -0.211252996408, 0.166872989978, 0.963081292895, 0.974900622579, 0.10683207831, 0.195334797566,  
253, 2318384.21487667, 82.10424287947822, 124.5097455614949, 81.09599120256654, 54.814324926058234, -0.356067634314, -0.839078935436, 0.411293544688, 0.228858090769, 0.348432923921, 0.908965605409, -0.9060021049, 0.417781088174, 0.0679643162306,  
255, 1695022.8150057204, 73.96546291270008, 115.78862097877321, 66.745375751126, 52.36002858443497, -0.442886630857, -0.115667725701, 0.889085153087, 0.846137452574, -0.38184333409, 0.37181592161, -0.296484137112, -0.916960547375, -0.26698410252,  
279, 2481744.63685499, 83.98908067015333, 116.74165021103893, 91.80739090622569, 55.279614967980336, -0.937138919146, -0.34644088831, 0.0418253168281, -0.178349499372, 0.578534165672, 0.795920646311, -0.299936830508, 0.738428689893, -0.603954441699,  
344, 715629.2814280621, 55.48809704328859, 106.9871082649811, 77.69035351369703, 20.554217421826152, -0.5301561654, -0.82364903972, 0.20133727836, -0.840617716717, 0.541624285344, 0.00223335317667, 0.110888658704, 0.168063657269, 0.979519429351,  
365, 670452.3920061078, 54.294992618699546, 116.95856425680465, 52.645938251817476, 25.994557972220015, -0.223691035492, 0.551890568951, 0.803354915678, 0.0297995040614, -0.819983150288, 0.571611426409, 0.974204449897, 0.151803929945, 0.166976814723,  
373, 1565539.3464340954, 72.03194238451196, 103.49161187101265, 86.57084493525514, 41.71560730070141, 0.236209138764, 0.963478786178, 0.126150193618, -0.574414651353, 0.0337399006221, 0.817868832648, 0.783742975136, -0.265650612067, 0.561406003916,  
403, 1409362.799827342, 69.5522843327142, 100.07352317107454, 85.07281860632526, 39.520659485114834, -0.456711781621, 0.871506842941, 0.178578193614, -0.673612049024, -0.207662092835, -0.709311823255, -0.581086186326, -0.444243489435, 0.681899234606,  
415, 2567316.91992116, 84.94352730686856, 129.70137849590822, 91.62738265368718, 51.57283442939596, 0.544466968095, -0.835428718436, 0.0749304815532, -0.651543800385, -0.364976751406, 0.665043342281, 0.528248423407, 0.410914622939, 0.743036187424,  
424, 2079428.213221325, 79.18053665908525, 137.89451845244088, 109.82745512675409, 32.77912827414779, -0.155103034592, -0.898313856425, -0.411066009317, -0.972993616571, 0.210917220565, -0.093794179889, 0.1709575116, 0.385416841127, -0.906767548936,  
453, 914783.9165282968, 60.22035393619385, 93.29892610215086, 54.49520136492708, 42.95314859807391, -0.91694652836, -0.188198744685, -0.351838452456, -0.35519049513, -0.0167532378803, 0.934643804446, 0.181793224014, -0.981988065874, 0.0514845819943,  
466, 4089541.9928759583, 99.2038866789981, 133.5963720503694, 91.9078233017135, 79.5131424382118, -0.948760556587, 0.307828383638, 0.0713799165889, 0.315326947961, 0.907591026707, 0.277213715625, -0.02055047822, -0.285517450374, 0.95815315236,  
482, 1089371.5625041355, 63.83063157270003, 117.7168431806588, 74.93190613956531, 29.48370364278784, 0.634105391041, -0.685034816644, -0.358660916518, -0.46060198669, -0.70719621894, 0.536394740629, -0.621092716839, -0.174930866063, -0.763965332452,  
485, 1106779.7468772684, 64.1688414067607, 106.56023164919303, 82.81431964767692, 29.94139286835508, -0.991137504104, -0.0787575021443, -0.106975248606, -0.130307551419, 0.419927472837, 0.898154140223, 0.0258145308213, -0.90413393555, 0.426468564593,  
492, 2239293.375231133, 81.15976770428644, 124.78509959417482, 91.03110231871877, 47.061943081791334, 0.568738771428, -0.366682872253, -0.736260742585, -0.352959205665, -0.917325854763, 0.184209324737, -0.74293741931, 0.155103021829, -0.651142874958,  
548, 2313590.894677838, 82.04761961264212, 121.63390928970568, 103.10234055468486, 44.04278441632895, -0.219191841455, -0.542780335391, 0.810767811493, 0.493430291612, -0.778544248993, -0.387808457464, 0.841713421516, 0.315052947731, 0.438474806764,  
587, 1853379.830057341, 76.20063802591639, 119.8170268966365, 83.46548699178415, 44.24358932128069, 0.451260820835, -0.833514010843, -0.318775885705, 0.425209677706, -0.113225950754, 0.897984751575, -0.784576574698, -0.540771927714, 0.303323788437,  
600, 1521727.2404691563, 71.3536294294099, 125.1406293260352, 72.08090835398654, 40.27445016721359, 0.632947574339, -0.584278214223, 0.507933397724, 0.239383600498, 0.771629465524, 0.589307610462, -0.736255974475, -0.251409897021, 0.628267621105,  
610, 1009744.5100069605, 62.235898488376435, 121.5721595710495, 56.240336854500335, 35.256633947043056, 0.0329160836874, 0.141447507389, 0.989398369762, 0.649602253698, -0.755351642369, 0.0863759709746, 0.75956134935, 0.639872252113, -0.116747837453,  
665, 1187709.4229587, 65.69624252176483, 119.97953702670708, 92.0364687401671, 25.67760203852906, -0.68432587628, -0.119253233086, 0.719358576409, 0.622987854699, -0.60828477419, 0.491808668474, -0.378925095437, -0.784709054291, -0.490558326972,  
685, 2367590.365595464, 82.68105031215754, 127.14054048237303, 93.20038225589443, 47.69976152938951, 0.708137684108, -0.678763210687, -0.194477567251, -0.621852289795, -0.730003146723, 0.283540359475, 0.334426000817, 0.0798492930011, 0.939033194506,  
736, 1085215.1934788509, 63.74934868822765, 125.8961810704205, 68.6930306595703, 29.957255421626066, 0.632275118992, -0.0226548688471, -0.774412636016, 0.426111049266, 0.844974814922, 0.323182511658, 0.647037516376, -0.534326041912, 0.543910041585,  
743, 1072464.4797926354, 63.49869051997921, 110.58852529962918, 59.9127442857952, 38.64248333765677, -0.524897021644, -0.460763615116, -0.715667525918, -0.802145524316, -0.0134417282883, 0.596977284124, 0.284685220003, -0.88742110124, 0.362543948489,  
752, 476822.89393001824, 48.464398831566236, 97.45076024104397, 55.342752932057955, 21.106805096194755, 0.879734404943, -0.405730032302, 0.247892149226, -0.298897915819, -0.0664614535039, 0.951967914962, 0.369766700339, 0.911573373945, 0.17974028829,  
755, 1933800.3894519603, 77.28721855726653, 112.54374790124778, 85.45167251528184, 48.00440518750694, -0.905646287641, -0.0389729861959, 0.422239159754, 0.0424617383682, 0.982426934458, 0.181753457258, -0.421902598306, 0.182533352562, -0.888076445327,  
834, 932130.2267101179, 60.598609743057445, 145.54479446664456, 99.61689176754871, 15.348230685231906, 0.533900973445, -0.683918212215, -0.497197777103, -0.305358238229, -0.70429021442, 0.64088348412, -0.788483415742, -0.190344878769, -0.584861291441,  
857, 1077973.2984014703, 63.60722730475216, 85.99151922606964, 59.958856094878385, 49.91262762107712, 0.638995041926, -0.657861238924, 0.398627553884, 0.477868775169, 0.745600427772, 0.464458217523, -0.602765933106, -0.106294837255, 0.79080632108,  
871, 694179.17026761, 54.92806789353872, 71.40583120747667, 57.259782954942544, 40.53214542777023, -0.951839773124, -0.143727041757, -0.270820205612, -0.130146485898, -0.610371493197, 0.781350454342, -0.277602122665, 0.778966737262, 0.562270294192,  
880, 1398208.4928739846, 69.3683091660956, 126.28184391842494, 58.44396916631726, 45.2275131763206, -0.481027006631, 0.619161696239, -0.620686565669, 0.288940437193, 0.780383725673, 0.55454004766, 0.827723651134, 0.0874072915391, -0.554286498789,  
894, 1874490.6945087218, 76.48886674761832, 102.49702712904937, 76.91685881654844, 56.76254647493209, 0.390586270135, -0.916654486773, -0.0847756890912, -0.728360042257, -0.251404238187, -0.637406901331, -0.562968928473, -0.310709608638, 0.765849544411,  
895, 1306570.0509117716, 67.81847658419045, 142.8227595603525, 65.34466560001388, 33.422315143894075, 0.444803781399, 0.26068908337, 0.856849343739, 0.390554583528, -0.917406517449, 0.076370144872, 0.805988035481, 0.300676709365, -0.509879204427,  
901, 209301.53898459466, 36.83222351561565, 147.9658947970818, 70.49803533514066, 4.790106546110762, -0.721578276767, 0.0580416117073, -0.689895616604, 0.00149444181494, 0.996607920888, 0.0822825538427, 0.692331248134, 0.0583422945524, -0.719217365978,  
958, 442460.1611609789, 47.271043345276816, 103.21458897086687, 66.46432241721725, 15.39770145423107, 0.868826194613, -0.0482080224947, -0.492764680271, 0.374304530841, 0.715423965163, 0.58997005709, -0.324094371668, 0.697025492101, -0.63962356243,  
983, 1737671.0527101068, 74.5806766083709, 116.63475219158092, 80.00510413454333, 44.456297626346945, 0.475615051676, 0.631905194107, 0.611952733697, -0.350723047648, -0.501766183643, 0.79071109819, 0.806711637741, -0.590700027606, -0.0170238338609,  
994, 3693901.9967275965, 95.89565279255868, 122.38840515224584, 102.62953303097089, 70.20760065640384, -0.755015334953, 0.471474399004, -0.455701366104, 0.625318202307, 0.72684096684, -0.284041114604, -0.197304307729, 0.499413756325, 0.843597599656,  
1013, 975056.6329674592, 61.514912496007405, 125.8969790176434, 65.07110259345049, 28.41435204815477, 0.750563574726, -0.285825929376, 0.595783398888, -0.349259505747, 0.593791679028, 0.724864980229, -0.560956431409, -0.752140266182, 0.34585098243,  
1053, 1380556.3342010924, 69.0751507192772, 134.8465811100412, 76.28687407585251, 32.03876478902413, -0.0211691215072, 0.710130435356, 0.703751826339, 0.332266429739, -0.658901728713, 0.674868529099, 0.942947977337, 0.248119480654, -0.222004133648,  
1086, 2688229.7775638425, 86.25665109918167, 131.15970514349846, 90.10209010806264, 54.30533298644064, 0.801066551223, -0.394416698181, -0.450253094056, -0.509377900989, -0.84423971578, -0.16671369555, 0.314366878815, -0.3628977411, 0.87719934736,  
1101, 1629897.15864517, 73.0057720021469, 142.3862580806393, 73.00110309777571, 37.43467730838771, 0.526837037848, 0.819588980538, -0.225203549109, 0.467323567446, -0.0579959449154, 0.882182041124, 0.709965787105, -0.57000909936, -0.413567658051,  
1110, 2534171.769077558, 84.57639045288262, 137.6227228961811, 94.86855898416472, 46.33775501561278, 0.79644497246, 0.604068327365, 0.027872239189, 0.167258338391, -0.264350001124, 0.949812468408, 0.581119655563, -0.75181150083, -0.311575694075,  
1133, 393644.2256398091, 45.464430840913444, 89.43338131540027, 47.97742485892226, 21.90174362702415, 0.610521383833, -0.334508035473, -0.717891366494, -0.644252327414, 0.317454890599, -0.695817024121, -0.460654511, -0.887314356155, 0.0216945812789,  
1136, 1619140.6255817339, 72.84481647454517, 109.20364208269848, 76.26811910699016, 46.410452351823075, 0.426398576924, 0.646017415254, -0.633123805259, 0.567543217109, 0.353943883698, 0.743383093638, 0.70432872319, -0.676302614502, -0.215721633842,  
1184, 581988.8368273736, 51.79351055241579, 99.4417859868408, 55.45153290899631, 25.19669466254546, -0.400985773778, 0.413500569432, 0.817451948623, -0.0151211930904, -0.895198702734, 0.445410633172, 0.915959474402, 0.166242478634, 0.365214566454,  
1189, 2143374.0003442527, 79.9839994340576, 125.09479037850811, 83.86805166064221, 48.77233759516785, -0.128556977321, -0.705432683048, 0.697020683531, -0.904159209271, -0.205358781601, -0.374598311675, 0.40739321039, -0.678374896725, -0.61142315267,  
1193, 1021136.5480716244, 62.469074304078305, 99.37067062380946, 62.07393348741376, 39.52098170380858, 0.379875649314, 0.67745392625, 0.629881472078, 0.863977600746, -0.0165487542323, -0.503258228093, 0.330510508862, -0.735379029169, 0.591591486576,  
1227, 589598.8239125813, 52.018281405010974, 92.87704850764457, 44.50898865631277, 34.04958846676196, -0.194894797534, 0.907860964302, -0.371220268022, 0.970679240941, 0.1242359588, -0.205784444861, 0.140704758626, 0.400442125702, 0.905454733746,  
1229, 1172980.8358018277, 65.42354946068565, 104.61448296973185, 98.866222304716, 27.074631498803164, -0.962789542983, -0.147065429055, -0.226733445922, -0.124755960946, -0.502367612599, 0.855606645615, 0.239733698363, -0.852055480229, -0.46532699522,  
1234, 2565643.2080150847, 84.92506420526945, 124.65843762197328, 94.80253715061069, 51.82818638207774, -0.998885640252, -0.0283811505863, 0.0377092560314, 0.0100073412315, 0.653456836984, 0.756897625389, -0.0461229966559, 0.756431538535, -0.652444631129,  
1238, 310278.6725293068, 41.99727433247902, 128.2648321488142, 40.4200664390451, 14.287580660823506, -0.935731361026, 0.286576007849, -0.205623470734, 0.315364593583, 0.940851015581, -0.12387307857, -0.157961998931, 0.180758286684, 0.970759727579,  
1246, 503224.70066282403, 49.3428746111927, 99.99893801491456, 61.22316149984373, 19.622855271106594, 0.179354182528, 0.860001920578, -0.477732952404, -0.540512444071, 0.491889216931, 0.68256230197, 0.821996578469, 0.135800202023, 0.553064128394,  
1298, 1120291.7182340494, 64.42891810724343, 130.4528613626697, 55.30909687603856, 37.06741835844387, -0.454977975247, -0.807244525115, 0.375967177706, -0.27474551979, 0.528849105296, 0.803015269582, -0.847059585505, 0.262058963785, -0.462401511789,  
1309, 1701199.7536202369, 74.05520138288774, 111.6892319983295, 69.44659075603757, 52.36058219633649, 0.199918965942, -0.696302548275, -0.689344013046, 0.508935685141, -0.527398254254, 0.680320181827, -0.837267505309, -0.486840674838, 0.248936300841,  
1329, 1873198.7313447213, 76.47128979354395, 132.4793788405815, 77.85779267337759, 43.35556752653397, 0.641884089079, 0.173807941148, 0.746843769326, 0.625974196146, 0.443760289022, -0.641274599252, 0.442878224737, -0.879128890141, -0.176043382644,  
1343, 480095.500366902, 48.575022313746736, 105.90902806204231, 85.20959745722908, 12.70040382740462, 0.347013988034, -0.245160560365, 0.905250016156, -0.767299282533, 0.480813372393, 0.424346924052, -0.539289442816, -0.841852006335, -0.0212625562191,  
1383, 635916.1602228326, 53.34623217441413, 116.1108368476232, 61.27885695907827, 21.336729008506747, 0.309125025818, -0.933330012774, 0.182583694968, -0.881245019491, -0.208933774774, 0.423973930072, 0.357559692968, 0.291961923911, 0.88707908382,  
1396, 2490388.599868897, 84.08647952343604, 118.17594785780202, 80.24930420999264, 62.69142481847937, -0.108599666705, 0.457918756183, 0.882335834661, 0.201495198508, -0.85902110131, 0.470619201142, 0.973450459638, 0.228895522545, 0.00102097461785,  
1399, 1607904.6487616075, 72.67592373644403, 107.83454331398967, 92.57428839328752, 38.452395073893996, 0.239087832576, -0.71390441308, 0.658162211996, 0.905836445468, -0.0801333400308, -0.415979545024, 0.349710369273, 0.695642966471, 0.627521729363,  
1400, 2021209.5359176658, 78.43458019377485, 124.75172745149929, 93.23355230370751, 41.48622606219661, 0.392401626656, -0.498564496707, 0.772951748831, -0.0282727971661, 0.83341811504, 0.551919282562, 0.919359348861, 0.238427532274, -0.312938811136,  
1406, 2217100.141405742, 80.89075707918384, 116.49809907676986, 78.54348171251392, 57.84525133930566, 0.125033803942, -0.194348065978, 0.972931332172, -0.703110822671, -0.709226432378, -0.0513131431488, 0.700001227795, -0.677662671886, -0.22532550725,  
1423, 1557325.6297962843, 71.90574781284722, 138.48459991045848, 69.2162465564664, 38.78656293461858, 0.579597616086, 0.440437975406, -0.685624527893, -0.567526256686, 0.821940690341, 0.0482436476099, 0.58479103225, 0.361148018661, 0.72635498017,  
1424, 1645554.5579192173, 73.23880094715074, 108.5280581097027, 68.60172825861864, 52.765078350527794, -0.965819889499, 0.0618323037037, -0.25173141891, 0.14207847879, 0.938536892172, -0.314582593125, 0.216807857128, -0.339595742392, -0.915242637139,  
1440, 394055.0342261421, 45.48024095905166, 66.36217151015632, 63.28771279547143, 22.398982044434362, 0.935207711734, -0.331703579548, -0.123932526921, -0.30607075105, -0.933232717568, 0.188141941664, 0.178065244407, 0.13801967315, 0.97429119803,  
1467, 243980.09199299617, 38.763405750315165, 119.29148462424622, 66.69103542826437, 7.321311372805496, -0.119719441647, -0.922099728865, 0.367966500266, 0.0910761771593, 0.358868958252, 0.928933905484, -0.988621457003, 0.144724430658, 0.0410177269584,  
1477, 4332374.067401592, 101.12979171109214, 116.23913924301287, 107.37349723100071, 82.86819023062374, -0.677817073962, 0.415441490934, 0.606607271517, 0.694017316387, 0.0891776077432, 0.714413968811, -0.242701419033, -0.905237936615, 0.348769693797,  
1518, 2420341.8417292982, 83.29060815601173, 124.09030541193069, 90.11735113238007, 51.670400548078554, -0.663612379152, 0.551799494483, 0.505109817887, 0.0611994351851, -0.632902806019, 0.771808698621, 0.745569070824, 0.543094242303, 0.386232319476,  
1520, 747390.6440788702, 56.297142176813544, 128.7837011258616, 55.42726320432798, 24.996241405419806, 0.00750478235643, -0.922883411513, 0.385006346696, -0.299304544355, -0.369439183933, -0.879733754669, 0.954128119264, -0.108631938811, -0.278995759645,  
1554, 2813895.154519159, 87.58030113031857, 137.4958671258542, 80.47943372115455, 60.70783515337473, 0.314666320235, 0.178118306186, 0.93234059008, -0.754440422003, 0.643003084404, 0.131782711671, 0.576024961749, 0.744863009183, -0.336711064554,  
1571, 2679944.667182151, 86.1679457214578, 121.05383270596894, 87.70296428259115, 60.26211935597747, -0.557875699628, 0.422928755103, 0.714077006962, 0.829755387812, 0.301604572431, 0.469617587283, 0.016754108804, -0.854497483903, 0.519185275063,  
1587, 2748126.438224135, 86.89258158108727, 136.23646681201117, 90.5416455897591, 53.187104182666154, 0.766494385283, -0.516941499202, -0.381127070322, -0.4581518193, -0.0242246036482, -0.888543796923, -0.45009251027, -0.855677892072, 0.255405711014,  
1611, 2699048.773717634, 86.37221181120105, 146.61686766588943, 87.88719780009946, 50.00490064816478, -0.939696155505, 0.341560668056, -0.0175341200737, 0.304645319297, 0.859233327878, 0.410985787703, -0.155442480552, -0.380860077064, 0.911473113668,  
1626, 1052533.0515029947, 63.1028601765646, 112.69114560286573, 58.01011561490799, 38.437365033031625, -0.492777948665, -0.00455210930643, 0.870143190291, 0.223043536812, 0.96591632897, 0.131366761838, -0.841083511904, 0.258814458117, -0.474966948612,  
1628, 845745.3869187866, 58.66562152520828, 106.88082166129774, 62.72379968685141, 30.117497660907265, -0.0738631807703, 0.722166939832, 0.687763870481, 0.171023063686, -0.670258325016, 0.722152954321, 0.982494448948, 0.170963998431, -0.073999790719,  
1657, 963499.9294560907, 61.270914055274055, 117.84404408519094, 80.2629142213994, 24.31870898939548, -0.732169912244, 0.1772400825, 0.657657336886, 0.056997646929, -0.946219888621, 0.318463797978, 0.678733001886, 0.270654531706, 0.682691465171,  
1687, 1541803.4437773845, 71.6660498566173, 105.48706052901521, 80.72077804654313, 43.22707725025597, -0.71130389826, -0.311411777631, -0.63013448491, -0.081343494856, -0.854003373847, 0.513869120792, 0.698161872465, -0.416774450047, -0.582124606613,  
1697, 1618922.7093519992, 72.84154832523289, 112.88099381667314, 73.58356562777907, 46.530300036799844, -0.811432377129, -0.584426204824, 0.00484855258043, -0.115680527324, 0.168734612648, 0.978849654489, -0.572883507307, 0.793709418874, -0.204523459401,  
1704, 1111475.554742266, 64.25946449678676, 86.78902427775873, 79.87700203253215, 38.27584118096481, -0.641612596825, 0.676703367948, 0.361117470366, 0.522856941351, 0.0413930641884, 0.851414841965, -0.561207532448, -0.735091263752, 0.380377364572,  
1731, 2439984.316999659, 83.51531853134557, 121.12509273553094, 95.7365351699526, 50.23270870479217, 0.245810233286, 0.921381998586, 0.301052390611, -0.888746795937, 0.0902586488957, 0.449424642194, 0.386919193016, -0.378032523707, 0.841061798619,  
1740, 570931.2879990579, 51.46339246276389, 146.83972273363523, 91.81721237616537, 10.109451089439522, -0.977226296724, -0.177488824225, 0.116303406084, 0.174590313963, -0.360984014712, 0.916083382336, -0.12061089197, 0.915526219394, 0.38375090142,  
1751, 573352.2958545281, 51.53603259948078, 123.20295859518976, 51.38671297558626, 21.62026292721171, -0.0268575219367, -0.914203246897, 0.404365053977, -0.200358731265, -0.391379554872, -0.898152783681, 0.979354405882, -0.105140227273, -0.172657117686,  
1761, 1426528.9701311311, 69.8335299746217, 122.99536250705228, 59.203171080569, 46.769021135527225, 0.293112442177, 0.944454284132, -0.14863109172, -0.520937897861, 0.288122142955, 0.803498187497, 0.80169121413, -0.158087747545, 0.576454214368,  
1766, 1591257.5600405592, 72.42424172828116, 113.67993174319597, 75.45261125441534, 44.2887876472969, -0.539822399922, 0.359073402122, -0.761352788417, -0.167254227047, 0.840671427522, 0.515070455844, 0.824995636399, 0.405386041739, -0.393756723226,  
1783, 668981.8581129239, 54.255267664213655, 128.65839562754076, 64.46885431229185, 19.25473949922549, -0.0196820578137, 0.960804676037, 0.276526655326, -0.804973219358, -0.179268030002, 0.565580312189, 0.592984597369, -0.211464767573, 0.776950396974,  
1791, 1372274.752332765, 68.9367525992843, 114.48286947329416, 79.65049369112943, 35.92720941762795, 0.741304621942, -0.338669024571, 0.579457288575, -0.482919904468, -0.868718765571, 0.110073031274, -0.466107094299, 0.361429105277, 0.807535249078,  
1810, 1730735.9622732233, 74.48132651359855, 106.63814032170951, 75.320921859475, 51.44154680720696, -0.878200367919, -0.0652257165954, 0.473824566355, -0.455038637297, -0.191200846167, -0.869702291012, -0.147322613178, 0.979381356939, -0.138232432254,  
1824, 616197.0055584498, 52.78902710328084, 96.78904992193658, 67.45443082389454, 22.531715829030563, 0.503916229544, 0.761881809815, -0.406945378983, -0.378311304655, 0.618221106219, 0.688972583341, 0.776497901074, -0.19323242921, 0.599760150335,  
1827, 1170933.3464124033, 65.38546073385979, 106.58468025893752, 68.24591820341666, 38.43015153396686, 0.497378664513, -0.66541313494, -0.556632575347, -0.429154422375, -0.746341210368, 0.508725151199, -0.753950227697, -0.0141477049597, -0.656779184049,  
1830, 2940889.7424879596, 88.87849891049267, 108.21435122527762, 97.6257073575843, 66.45705311583741, -0.374748291187, -0.597542989598, 0.708876642184, -0.849103174924, 0.528214600623, -0.00362408927762, -0.372273443301, -0.603267528772, -0.705323168585,  
1831, 3029940.9125682553, 89.76668416348855, 110.24082233052168, 97.11882805982836, 67.56156060326016, -0.988548791411, -0.105004251203, 0.10837617002, 0.0385775106845, 0.518472026994, 0.854223936035, 0.145887157311, -0.848622922419, 0.508484093042,  
1868, 554047.9903421081, 50.95102495170006, 81.1083466123297, 48.26540222883771, 33.7875962895279, 0.199890904907, 0.0130049764216, 0.979731849397, -0.379171837731, -0.920979399966, 0.089586060915, 0.903477915396, -0.389394164603, -0.17916428485,  
1899, 881933.8755347147, 59.49070811822065, 135.08376171543648, 67.00209391697811, 23.262473626833692, -0.631960460369, -0.00206352244865, -0.774997882839, -0.774991367591, 0.00657168214618, 0.631937649736, -0.00378902222361, -0.999976277153, 0.00575225535903,  
1908, 3350340.165800052, 92.82538622042523, 133.165915343962, 98.80662749749412, 60.78845982136584, 0.832387997598, -0.25678059713, -0.491115003225, -0.446740915539, 0.213510263267, -0.868812938361, -0.32795239874, -0.942590628225, -0.0630089814529,  
1919, 530644.5403245233, 50.223275136983716, 116.7125126986062, 47.30766200337747, 22.943844288412585, 0.913716963382, 0.404204433439, 0.0417143478316, -0.209763550243, 0.381259452737, 0.900355753404, 0.348023797773, -0.831420474661, 0.433150586398,  
1929, 658769.4322304262, 53.977770599595765, 120.88145348574334, 63.85475685091285, 20.374731814019714, -0.978712505857, 0.164952934853, 0.12211617486, 0.126529637054, 0.0164783182182, 0.991825950445, 0.161592332201, 0.986163776617, -0.0369989710937,  
1933, 3904327.3852996854, 97.68304877810998, 140.02912569854956, 93.61114369245414, 71.10689079218959, -0.699698315911, -0.635299127552, -0.32682913769, -0.710108724421, 0.568133799991, 0.415896122618, 0.0785357639079, -0.523086038658, 0.848653716158,  
1935, 1683387.9306525216, 73.79583762488977, 116.03397788171513, 65.11327105632314, 53.191336849223696, 0.790102451777, -0.320590601825, 0.522455530852, -0.468703679521, -0.86526257282, 0.177869448979, -0.395037943115, 0.385411917431, 0.833908074911,  
1948, 1771768.2153144171, 75.06533590909385, 116.26202588531999, 62.44159953259629, 58.26481758658502, -0.431121757207, -0.712653857518, 0.553406279172, -0.898247759891, 0.397001695635, -0.188522188386, 0.0853521664252, 0.578371967705, 0.81129579973,  
1958, 2084308.3528127011, 79.24243030482764, 102.62193745439944, 90.92585943177623, 53.326825991432074, -0.618309884887, 0.0350986077813, -0.785150287514, -0.508748891423, 0.743586022988, 0.433882924177, -0.599055466319, -0.667718439275, 0.441910210478,  
1968, 1949456.2766654084, 77.49522851840467, 109.18960764592016, 90.81252480551075, 46.93510935416343, 0.141664315305, -0.542401672761, 0.828089154111, 0.833116482984, -0.386476250307, -0.395667832568, 0.534647685443, 0.745946736259, 0.397133880594,  
1972, 1320225.5814154195, 68.05392499628593, 120.58744811615986, 93.54905486641408, 27.93946112402786, 0.346633237679, 0.854380394294, -0.387142790689, 0.353360987649, 0.263383630462, 0.89764418096, -0.868896662984, 0.447954467609, 0.210607179377,  
1980, 743214.1917912163, 56.192082592585564, 84.43864960013285, 61.368534371715086, 34.24036251904577, -0.681854153929, 0.664378599454, 0.306065335112, 0.0284912893002, -0.393975594959, 0.918679202448, 0.730933074368, 0.635125426324, 0.249704893087,  
1983, 1835548.0190011421, 75.95546853141583, 106.10894077962034, 94.87550109134793, 43.52823716338771, 0.3310006404, -0.718738773594, 0.61143532069, -0.352388792901, 0.50693403906, 0.786663853676, -0.875363190163, -0.475849193941, -0.0854799972688,  
1985, 837802.1688603137, 58.481381540482026, 93.93512688978846, 87.02366135936434, 24.467381473848206, 0.255632827227, 0.671066405319, 0.695932279246, 0.579237471854, -0.682654923046, 0.44549546265, 0.77403863524, 0.289226789377, -0.563215816062,  
1992, 2380280.023312958, 82.82850337065133, 109.89167960786666, 80.27236256310933, 64.41820007712461, -0.914122028682, -0.404980186236, -0.0192864054623, -0.116822150532, 0.217542766975, 0.969034431629, -0.388244126581, 0.888068799865, -0.246171291751,  
2000, 554178.4899355137, 50.95502494579529, 117.52176577534368, 68.78923185768747, 16.36523656629862, 0.136019664694, -0.878588719151, -0.457799643291, 0.685650882785, 0.417031436797, -0.596630243668, 0.715109444598, -0.232737283871, 0.659129607091,  
2008, 1311237.1162300492, 67.89912977848702, 113.0345531700226, 68.40937971747569, 40.482353250318155, -0.871594917362, 0.172619231822, 0.458829925827, 0.483301637207, 0.145807478687, 0.863226335692, -0.0821086323249, -0.974136941074, 0.21051221469,  
2009, 1560084.915999599, 71.94819054683191, 129.09152612106516, 69.82976422495045, 41.3162900640378, -0.116865045373, 0.901706764716, -0.416254095038, 0.651759021168, 0.385878772287, 0.652922469688, 0.749368226906, -0.194993547494, -0.632791258584,  
2011, 1814121.0148748588, 75.65875926521693, 113.30714795017731, 72.64377307867153, 52.61649853345105, -0.905339271832, -0.265462108713, -0.331497619473, -0.416424015188, 0.70813644869, 0.570205059265, -0.0833777095715, -0.654272602876, 0.751648534006,  
2026, 1094071.3217292374, 63.92229244030137, 115.66634312381059, 105.9627955735275, 21.31064586352467, -0.855919086742, -0.347218943767, 0.383199063204, 0.299796968824, 0.27059814776, 0.914821523529, 0.421336319862, -0.897895120556, 0.127514932645,  
2027, 2797744.1578906816, 87.41241710797091, 104.41124729396853, 97.29063509609884, 65.75080373255891, 0.953821926476, 0.0738415902604, 0.291154859348, -0.28020063769, -0.13049172089, 0.951030763654, -0.108218922617, 0.988695772382, 0.103775403929,  
2036, 685143.1804937541, 54.6886970744629, 134.052188185728, 83.02975088232341, 14.695524381482674, -0.210355942949, 0.285967015055, -0.934865361197, 0.9669309235, -0.0801948826652, -0.242101982588, 0.144204599248, 0.954877817888, 0.259640879795,  
2049, 1266559.4011878981, 67.1190268653166, 125.77827706152627, 71.47895918124313, 33.63203080619454, -0.205329720377, -0.404083888613, -0.89137866078, -0.975500835974, 0.0110005110049, 0.219720521965, 0.0789799021561, -0.914655782096, 0.396442902994,  
2051, 1350692.7820719108, 68.57344843777142, 136.43917595078142, 77.4807644381908, 30.502468347019267, 0.385871808221, 0.450208844678, 0.805242164689, 0.671804304329, -0.73533855122, 0.0891974874882, -0.632283104555, -0.50654635648, 0.586198656116,  
2055, 1455221.987644781, 70.29863293669811, 104.97154732176458, 89.74969058282343, 36.8753439513754, 0.973792727685, -0.20309916495, -0.102364313631, 0.134678084226, 0.152247021092, 0.97912341316, 0.183274485779, 0.967249488894, -0.175610048394,  
2065, 1387949.5366375383, 69.19823579908736, 129.70720477746275, 73.73470344764955, 34.64567513210295, -0.956470201555, -0.178729357824, 0.230695839125, -0.0400803420232, 0.863475730677, 0.502795414373, -0.289064559781, 0.471662463191, -0.833052339949,  
2067, 1508355.5697088942, 71.14401551163772, 95.19584298033723, 85.4146585722072, 44.285823901059906, 0.32045791406, -0.563427680116, 0.761482747405, -0.732101674255, 0.36280880398, 0.576538732703, -0.601110525502, -0.742239193949, -0.296221395408,  
2069, 2573859.5303722695, 85.01562345453462, 128.07094116814537, 78.42151732359436, 61.18012924249467, 0.637982958018, -0.69967644831, -0.321606301182, -0.3709928679, -0.645253966282, 0.667841007251, -0.674790365407, -0.306757537281, -0.671236006241,  
2076, 1512475.2030621301, 71.2087263445781, 104.15433150781774, 83.57254977896241, 41.481902407846135, -0.58020497802, 0.794379110138, -0.179788800697, 0.384366984373, 0.461673423649, 0.799449605178, -0.718069777114, -0.394739761453, 0.573198321634,  
2084, 691246.8089393717, 54.85061609658789, 117.67200864948045, 58.19953251562581, 24.09638353130561, -0.113912901639, -0.694891221432, 0.710035239419, -0.979196498579, -0.0422692694646, -0.198462908447, -0.167922803724, 0.717871506076, 0.675620035785,  
2085, 1344192.0237875239, 68.46325893545558, 117.24494165549028, 66.2828640229075, 41.293084438791126, 0.271842499208, 0.297034407159, 0.915353601942, -0.383178582106, -0.839111651081, 0.38609041847, 0.882766010809, -0.455699679595, -0.114288985372,  
2087, 273883.1193444405, 40.28643941733683, 113.59403561203727, 67.32614578669576, 8.549434201869483, -0.000758040589221, -0.967739439011, 0.251951986609, 0.876742637059, -0.121821867523, -0.465276026629, 0.48095922253, 0.220544351039, 0.848550773665,  
2089, 1192181.32385009, 65.7785912657536, 102.52279551668629, 59.04919867309739, 47.01313979221648, -0.279832183655, 0.323413432071, -0.903934566739, 0.930252326666, 0.324096909094, -0.172022679461, -0.237327953945, 0.889024715895, 0.391548843447,  
2090, 1476697.0180368617, 70.64274983158167, 117.45483250775051, 73.87522005592871, 40.628717284080906, -0.0186862825687, 0.992401216083, 0.12161681282, 0.562309361929, -0.090146389433, 0.821998667858, 0.826715794171, 0.0837463717951, -0.556351993687,  
2096, 787543.1492239902, 57.28776988279938, 76.01116057122238, 58.75512475272071, 42.09811327507541, 0.608770573394, 0.601235136933, -0.51760477112, -0.201641325768, 0.748267447788, 0.632009970113, 0.767293401973, -0.280378559624, 0.576757053352,  
2098, 2006600.622432878, 78.2451530609274, 103.84619250342591, 94.91403715779067, 48.60168306168504, 0.71111522674, 0.102785450883, -0.695521592321, 0.428947018791, 0.720384321792, 0.54502374626, -0.557063362077, 0.685916598431, -0.4681867476,  
2099, 755998.0686693395, 56.51243565725635, 131.74589140988084, 112.74005021122873, 12.15113294536324, 0.869773982187, -0.437323803763, -0.228563143513, -0.129869316656, -0.649739272774, 0.748981200036, 0.476053757996, 0.621761021677, 0.621921258216,  
2105, 1539262.1331158085, 71.62665316757821, 134.55022377499668, 74.57611756355247, 36.62180802226847, 0.35620976602, 0.784214701681, -0.508056989184, 0.752025434312, 0.0821082062926, 0.653999991289, -0.554592056145, 0.615032961821, 0.560501656674,  
2109, 1135307.206253638, 64.71549266837992, 127.32894747087096, 80.98657801006371, 26.28358415041186, -0.83741296097, -0.209648528042, 0.504764328661, -0.516755690207, 0.604533245489, -0.606220349161, 0.178053613942, 0.76849661664, 0.61458104492,  
2110, 1018063.4791208375, 62.406345288161155, 92.52657492465825, 58.40119274619802, 44.97778312155171, -0.564556264626, 0.363791963607, -0.740899204539, 0.825393805045, 0.250062958601, -0.5061556908, -0.00113607446556, 0.897286979706, 0.441446242916,  
2112, 1069418.1996854674, 63.438511919455905, 126.13381521124641, 61.97407684572186, 32.66008893320546, 0.34369256757, -0.922116344804, -0.177698805967, -0.825179803334, -0.206220909782, -0.525881382575, -0.448278608867, -0.327374988375, 0.831788378026,  
2115, 2405155.9830337022, 83.11604686677094, 126.7711306600665, 90.4585273210715, 50.070826595490594, 0.576771052796, 0.789580584973, 0.209517666297, 0.76558938554, -0.432988782506, -0.475808372112, 0.284970253543, -0.434836997113, 0.854229910819,  
2138, 2778131.044001547, 87.20767458312076, 102.11946308913544, 87.04747356809798, 74.61040966430294, -0.817433093238, -0.499365173829, -0.287119419835, -0.57340423142, 0.657944280135, 0.488177131405, 0.0548700780871, -0.563687632829, 0.824163531786,  
2151, 1442217.8738176262, 70.08860585341964, 137.01778296914225, 64.12732038341856, 39.185215117198034, -0.553537356706, -0.67263258229, -0.491082278212, 0.245264543019, -0.695168548428, 0.675711471868, -0.795890506709, 0.253586471483, 0.549774683676,  
2158, 923257.3168541634, 60.40571782856652, 111.07109738587198, 88.33412555422684, 22.4649042519282, 0.55286446367, 0.537152329309, 0.637030815525, -0.291240869288, -0.591712995417, 0.751701062332, -0.780717388603, 0.601118213143, 0.17069637653,  
2163, 353642.80815194844, 43.86910158611903, 111.18678833749571, 62.63601190814049, 12.122688266971247, 0.087074437211, -0.941009883358, -0.326983855574, 0.934959671316, 0.190503366112, -0.299263897778, 0.343901810693, -0.279658482656, 0.896394264641,  
2164, 1327490.073939738, 68.17851815520334, 101.70816097960264, 100.55389902722564, 30.987601057482443, 0.186901512961, 0.245223226038, -0.95127987147, 0.117060745085, 0.95588454024, 0.26940959094, -0.975379211596, 0.161710590691, -0.149950253235,  
2165, 2226340.4791547554, 81.00297902951931, 123.21795789872608, 73.59166319515192, 58.61386345063856, -0.855454867701, 0.30938005479, 0.41530826024, 0.116637213935, -0.666240058132, 0.736559532737, 0.50457182804, 0.678533836031, 0.533853073149,  
2171, 877141.3669614196, 59.38275303650016, 126.67928971473368, 73.60965697673838, 22.456422491640197, -0.784470908352, 0.00537150425813, 0.620142355344, -0.619189536727, -0.0628650780685, -0.782721086701, -0.0347809079321, 0.998007579581, -0.0526418041291,  
2175, 651385.9641858287, 53.775352060315434, 118.41664541072625, 106.5765604981676, 12.321833406973209, -0.438493304591, -0.274933006017, 0.855649147742, -0.65087957098, 0.753659801086, -0.0913930429896, -0.619741402449, -0.596999787629, -0.50942305372,  
2180, 1694740.2208051712, 73.96135217696481, 129.0703838541025, 74.06646185235526, 42.32201401574995, 0.559308114262, 0.653322608806, -0.510239161711, 0.718270565962, -0.0746621965002, 0.691746305004, -0.413837924063, 0.753389092858, 0.511021572314,  
2182, 1232785.2508994513, 66.51704386671656, 105.52184378241996, 76.65727523663179, 36.38338241415287, -0.00758882762818, -0.154090392721, 0.988027611237, -0.647807263311, -0.751932089159, -0.122245175339, 0.761766472941, -0.640979160475, -0.0941145925984,  
2189, 919779.5329003748, 60.32977570346063, 81.60286226704966, 63.39969918550701, 42.44265492691042, 0.172809665691, 0.544613519512, 0.820690522553, 0.515114783259, -0.76016674161, 0.395983945405, 0.839519850577, 0.354319967423, -0.41190263555,  
2195, 2227680.6827156935, 81.01922971918076, 149.0093473190803, 71.85608801056273, 49.669209427076694, -0.748221233393, 0.0056003103691, -0.663425672116, -0.206960786581, -0.952035991356, 0.225376804441, -0.63034293739, 0.305934809537, 0.713492588327,  
2197, 1683653.4923028438, 73.79971795725176, 124.45095276720491, 77.97164111280004, 41.421822684412575, -0.707316728505, 0.605938030564, -0.364063385543, 0.690202879659, 0.703244556544, -0.170490699457, -0.152718795462, 0.371868520861, 0.915636812664,  
2200, 2802398.2192503945, 87.46086058650566, 122.25130588993629, 98.14349639900672, 55.76044182042651, -0.779246272711, 0.00946920501624, -0.626646296265, 0.591538180321, -0.319175606156, -0.740411719016, 0.20702132182, 0.947648282113, -0.243115005133,  
2201, 1492194.1288561756, 70.88900911960279, 122.41314007130799, 71.81633489366487, 40.52149332214032, -0.518026166174, -0.622789304024, 0.586329577927, -0.855298268555, 0.368596937574, -0.364144434829, -0.0106659722985, 0.690123018312, 0.723613471842,  
