# Void_ID, Void_Volume, r = (a*b*c)**(1/3.0), a, b, c, vector_a, vector_b, vector_c 

7, 2728799.694900858, 86.68840576639101, 133.16449631709287, 101.19207142513291, 48.34461563213781, -0.358313731732, 0.889364981761, -0.283973940477, -0.372233716562, 0.142854942542, 0.917079345338, -0.85618533619, -0.434306797793, -0.279864744982,  
29, 2859364.412334504, 88.04951459698583, 120.70598999039659, 97.81499123975524, 57.815815477401685, 0.33831734461, -0.69267126481, 0.636983432471, 0.0142709237616, 0.680597446897, 0.732518570422, 0.940923862526, 0.238733395621, -0.240142979795,  
32, 885129.6191838572, 59.56247762586133, 122.64074863462571, 56.631194045397436, 30.424801466499797, 0.144885692093, -0.941918639527, 0.302980878502, -0.623230513971, 0.150956996447, 0.767330249423, -0.768499748004, -0.300002102884, -0.565160928925,  
34, 744827.1987236579, 56.23270467597943, 88.26270453069611, 62.90176706209055, 32.02778032952433, 0.0667384293112, -0.299787353323, 0.95166881048, 0.961138573009, -0.236755833622, -0.141983515663, 0.267878004933, 0.924161359305, 0.272336476513,  
35, 992810.8892803111, 61.88603247292984, 137.5762691316429, 60.93176445184117, 28.274220478286647, -0.868479296101, 0.223377226635, -0.442545282276, 0.474288517967, 0.114735397145, -0.872860922694, 0.144201643433, 0.9679557858, 0.205590570719,  
37, 2159620.6520244167, 80.18558233205542, 108.19937109300231, 95.21722152104432, 50.043608942884, -0.304789883983, -0.95116943473, -0.0487835326382, 0.470634831018, -0.194943282, 0.860523080827, -0.828013274322, 0.239319500331, 0.507070206488,  
50, 2373601.898217477, 82.75096946624453, 105.57872258138556, 84.48162229905097, 63.530258612859825, 0.44656117994, -0.172609667955, -0.877945906704, 0.812296391537, 0.4896399005, 0.316902729768, -0.375176871444, 0.854668748912, -0.358864382137,  
52, 1891171.6396253505, 76.71508649930041, 106.14999546428322, 66.6263232685034, 63.83759388517012, 0.519737756164, -0.766529428739, -0.377233746762, -0.487914559681, -0.628786126093, 0.60544809033, -0.701293125069, -0.130616394494, -0.700804758988,  
59, 1554988.8384035039, 71.86976457707028, 122.19211842564467, 58.676387941438115, 51.77642986915993, 0.532547060834, 0.307872631746, -0.788421252009, 0.653122761704, -0.741956655783, 0.151429782679, 0.538353309771, 0.595579351187, 0.596205459803,  
64, 2522290.8605228295, 84.44401073986623, 137.3252196576883, 91.34225151650719, 48.00478645740825, 0.775856682439, 0.471451213679, -0.41926144759, -0.302135361121, 0.861021927574, 0.40909102141, 0.55385975831, -0.190722293815, 0.81047169893,  
67, 1349689.3485911253, 68.55646309478162, 122.46148624036648, 62.15561279928796, 42.3316632641347, 0.777910538349, -0.0540688655163, 0.626044528854, 0.508284610049, 0.639926504676, -0.576316600317, 0.369461702363, -0.766531556034, -0.52528794398,  
82, 1351966.2429830579, 68.59499248724671, 95.50709406732672, 88.05540243340137, 38.37828831099005, -0.329086910771, 0.47344025666, -0.817041081301, 0.150007489121, 0.880458175187, 0.449767890088, -0.932308724815, -0.0254504443986, 0.360766845086,  
88, 2460094.264343545, 83.7441308827303, 109.55970394200769, 84.50733723372062, 63.433382695288465, -0.879704644659, -0.460762216125, -0.117549642095, -0.454845361977, 0.74324078271, 0.490620867478, 0.138691870178, -0.485068365396, 0.863407925629,  
93, 2649689.090823143, 85.84244972523454, 121.19766600415775, 99.31712847223297, 52.5518364883025, -0.981387732441, 0.0169362690507, 0.191288476926, 0.187580844778, -0.128791792949, 0.973769018167, -0.0411283999988, -0.991527022758, -0.123217765984,  
146, 300924.7298788587, 41.57093155972633, 107.65972744122983, 74.6443637334048, 8.939618253070286, -0.949564397265, -0.181447324667, -0.255742690642, -0.207491136069, -0.247914414997, 0.946301152535, -0.235106111997, 0.951638224962, 0.197761990518,  
157, 955216.70489377, 61.09482612863857, 101.16941105591755, 51.87042722132012, 43.455450112056475, 0.674259287099, 0.67389590662, -0.302057479301, 0.59633240457, -0.738104301118, -0.315578364169, 0.435616892488, -0.0326549798984, 0.899539646301,  
172, 1238244.0151029166, 66.61507830708719, 99.23510479173754, 77.54009000104953, 38.41722532556873, -0.0502544567273, -0.687089497866, 0.72483274726, -0.546254628941, -0.588664982529, -0.59588540736, 0.836110261831, -0.425889140818, -0.345742779815,  
197, 2460948.819137525, 83.75382640061335, 129.30981230202315, 88.465930423667, 51.35780353367876, 0.3073772044, 0.608378431633, 0.731706866265, -0.394846325501, -0.618073459933, 0.679765825387, 0.865803461216, -0.497856286542, 0.0502342960162,  
201, 602369.1794951338, 52.39116364268462, 96.96924587324773, 55.46668019947647, 26.73670856872621, 0.805308869924, 0.58875491816, -0.0696079762937, -0.234745849159, 0.424478144075, 0.874478525468, 0.544400597285, -0.687885129615, 0.480043787722,  
215, 623418.204137929, 52.99443791197966, 122.54410814406016, 79.4275771926887, 15.290691270499558, 0.483624758432, -0.47586409837, -0.734615853977, -0.729434801214, 0.244759689965, -0.638762526253, -0.483768502291, -0.844775741869, 0.228739988066,  
216, 1589225.837477685, 72.39340476853941, 137.08851650765976, 82.31000905535304, 33.623528085963606, 0.439544964437, -0.66932608018, 0.599001521391, 0.587068843071, 0.718797639744, 0.372397806912, -0.679816444147, 0.187969549366, 0.708884370528,  
243, 1116337.5798189112, 64.35302680843584, 98.67522110839492, 63.87315376143185, 42.284428692404774, 0.759639084777, 0.208066900874, 0.616162823968, 0.555599268266, 0.28481025111, -0.781148240711, 0.338020582187, -0.935730348777, -0.100751180612,  
247, 158798.3033462577, 33.59328049628382, 106.51424187503477, 84.2209849156546, 4.225997659081203, -0.886213674917, -0.399075189541, 0.235296229216, -0.438670643758, 0.886176754539, -0.149193920855, 0.148974456518, 0.23543524122, 0.96040452857,  
286, 848776.3319984364, 58.73561906411155, 111.59271990396822, 73.01184843347214, 24.86998051270559, 0.334592212087, -0.877560796591, -0.343416802002, -0.875164714335, -0.4245117307, 0.232113147583, 0.349477859662, -0.222883015918, 0.910048562892,  
288, 419785.4418424258, 46.44934433025382, 140.75288904417192, 46.050014681941015, 15.461501719860882, -0.252635729646, -0.0228824095598, -0.967290847387, -0.937069990945, -0.243210859547, 0.250496127451, 0.240987593407, -0.969703497535, -0.0400013336406,  
293, 283050.5617166468, 40.73100605285445, 155.6180834810576, 40.12497317472078, 10.821827182823847, 0.616522936473, -0.763047228396, 0.194057713167, -0.652035346616, -0.356674766105, 0.669053822937, 0.441304175785, 0.539019515844, 0.717431938217,  
302, 2721228.9509978564, 86.60816247638255, 98.14419501088399, 88.24242841273512, 75.01263215775073, -0.927913581587, -0.234922674663, 0.289461088983, -0.369418018794, 0.475161312749, -0.798593798033, -0.0500670799725, 0.847958173376, 0.527693304588,  
306, 832424.4112211698, 58.35598438884523, 102.87802973476043, 50.61273654273052, 38.16574467035286, 0.29949357311, -0.710171644408, 0.6371497745, -0.681998932793, -0.626355843874, -0.377565640007, -0.667218896116, 0.321456983629, 0.671925853306,  
316, 3493888.6313031362, 94.13262061317786, 133.8629396364479, 82.74503642946448, 75.30401616472042, -0.109864882266, -0.887806027889, -0.446911808402, -0.273295123849, -0.405320336129, 0.872367583305, -0.955635643394, 0.21798137986, -0.198102587337,  
319, 1412991.4043392232, 69.61192392018201, 125.41587246367803, 81.11810159192169, 33.15741222320933, 0.474953503012, 0.719476453379, 0.506727543172, 0.384438530046, -0.687603892759, 0.615960959216, 0.79159723761, -0.0977472234672, -0.603174347691,  
333, 1436860.1749476178, 70.00170737755198, 123.78142536674876, 87.92490125640228, 31.517991190565127, 0.846974065025, 0.462777322352, 0.261671708619, -0.231664795141, -0.121738708708, 0.965148231877, 0.478504290333, -0.878075644076, 0.00409968459305,  
336, 2697653.471146232, 86.35732556144511, 112.98273156272805, 77.17597155323368, 73.85899199052668, -0.615029664214, -0.0986683800342, 0.782306246248, -0.139786422289, 0.990068422874, 0.0149757861483, -0.776014347987, -0.100145238571, -0.622713949507,  
353, 1649599.2634745147, 73.29875783887766, 143.90547462832686, 85.88822226271039, 31.8624315016268, 0.405288831643, 0.864507332116, -0.297267616237, 0.831342653678, -0.213269285345, 0.51321107169, -0.380276682328, 0.455129964566, 0.805137479088,  
369, 3342636.607758082, 92.75418603472777, 125.30173154521444, 95.53408191229313, 66.66304525779616, -0.361289402183, 0.765081485119, -0.533029350972, 0.928924489637, 0.345005572696, -0.134426364085, -0.0810509742229, 0.543710838531, 0.835349785205,  
371, 126795.60810593666, 31.16533985527711, 89.30576125768621, 46.28130649943273, 7.323699466314436, -0.97314072016, 0.142641579081, 0.180694545249, 0.137005505228, -0.271929921568, 0.952514361725, 0.185004406171, 0.951686659396, 0.2450833981,  
386, 1510941.8992570527, 71.18465508978917, 120.25189687481159, 67.02125376829065, 44.75635105056336, -0.0976395548548, -0.995081796252, -0.0166953914283, -0.703091053848, 0.0808422158448, -0.706489565483, 0.704364598292, -0.0572429463296, -0.70752650676,  
403, 976768.1982336923, 61.55088484844741, 108.74145367661447, 73.23707920793848, 29.28038291147395, -0.725885891542, -0.563609194698, 0.394251630451, -0.652017223265, 0.38133902622, -0.655327465965, -0.219005052514, 0.732751815238, 0.64429152116,  
407, 3669353.0938284905, 95.68274627464257, 120.08776154709086, 99.49050714503163, 73.31966997050667, -0.678728484023, -0.570394456278, -0.462577354854, 0.0943516871516, -0.692388229039, 0.715329504089, -0.728303099065, 0.441869556019, 0.523761292342,  
424, 1374081.5486486407, 68.96699436772367, 118.26663857773998, 65.51627945371608, 42.33625307443476, 0.392890625808, -0.891521069016, -0.225448751721, -0.530356767171, -0.419960236649, 0.736447621457, -0.751238081881, -0.169775095744, -0.63782267222,  
430, 1595668.5895917646, 72.49110095164276, 147.05795973542737, 65.39928457841005, 39.608879157578315, -0.897171590515, 0.386803181915, -0.213228599472, 0.399960312708, 0.506660513998, -0.763758385757, 0.187389662017, 0.770505303042, 0.60926734079,  
437, 1648892.6315573233, 73.28829011691691, 115.68747192462888, 84.16504014198753, 40.4283207245921, -0.939042750946, -0.186918656688, 0.288548310822, -0.317998055651, 0.791231357033, -0.522331481197, 0.13067497273, 0.582249392812, 0.802439839535,  
456, 979686.643046647, 61.61212566671851, 136.6463308915781, 80.75232367426882, 21.19559314976307, 0.304319796493, -0.386555487646, 0.870611461235, 0.877543613981, 0.469297359894, -0.0983727277079, 0.370549142521, -0.793936296542, -0.482035776691,  
472, 946028.5176415398, 60.89830518935943, 95.52701869063526, 65.06141668489074, 36.33840653499389, -0.558141754906, -0.0328243681123, 0.82909609955, -0.810541337411, -0.192165292732, -0.553258746534, -0.17748386343, 0.980813469079, -0.0806499664879,  
480, 2922144.6199036683, 88.68926018263177, 140.21146992208955, 97.82590148297565, 50.85992266874007, 0.45549278761, -0.027974558446, 0.88979983396, 0.749569289454, 0.551284291234, -0.366376187197, 0.480283458743, -0.833848340118, -0.272074888477,  
502, 501184.68081457494, 49.27610737123572, 117.50680055977429, 68.70235469268685, 14.820899241087844, 0.773147985752, 0.609849698103, 0.174142291963, 0.468458153595, -0.734215505809, 0.491400599673, -0.427538478335, 0.298347007278, 0.853346302969,  
505, 1240896.1859769903, 66.66260490646928, 94.93227223010247, 61.35057085703526, 50.86445041296899, -0.330921664113, 0.674752790392, 0.659696539387, 0.942276316379, 0.27409522212, 0.192320443018, 0.0510509139193, -0.685259426107, 0.726507620826,  
512, 451555.6608462698, 47.59276030603356, 108.52241315596648, 49.446438149603914, 20.08945830641464, -0.910791288128, -0.271861033528, -0.310726258818, -0.407401213749, 0.713847680073, 0.569601387543, -0.0669587970787, -0.645378236466, 0.760922763091,  
537, 799206.818346153, 57.569199463626376, 106.04318884068724, 68.44567092350223, 26.287047333598974, 0.408419072747, -0.828018841748, 0.384159678683, -0.473705870277, 0.167481996729, 0.864611201198, -0.780254195427, -0.535102399996, -0.32383454423,  
540, 1184684.3076580076, 65.64041863251711, 98.38684159885743, 73.27322412298226, 39.2312102425453, 0.314392773743, -0.799137885815, -0.51238249704, -0.147949256198, -0.574404490007, 0.805090367257, 0.937693020881, 0.177307984351, 0.29882047667,  
569, 3174313.8050119663, 91.17037675938695, 113.85956559960115, 110.89032765180578, 60.02028582937435, 0.387155396046, -0.79351294764, 0.469518797536, 0.920744714651, 0.359454642046, -0.151728477068, -0.0483722002232, 0.491049449891, 0.869787656849,  
619, 1935643.86384296, 77.31176982582684, 110.53184265447844, 67.24018466790555, 62.17567920835673, -0.0154497558406, -0.262765691479, 0.964735972391, 0.0937045316877, 0.960224319931, 0.263037480513, -0.995480168454, 0.094463997346, 0.00978710476849,  
623, 1561676.673116887, 71.97265184710682, 124.38231442031478, 71.35129350792243, 42.008969635825274, -0.952094133588, -0.292267571998, -0.0899801486192, 0.0517276465476, -0.443919705823, 0.894572269504, -0.30139842629, 0.847062548541, 0.437771661359,  
626, 1308906.5754005464, 67.85887884909253, 101.79561143221493, 72.36529342879885, 42.41902259201822, 0.13369894418, 0.940094953106, 0.31360177211, -0.88947091673, -0.0257050806457, 0.45626827319, 0.436996659731, -0.339942242115, 0.83275037761,  
627, 3318172.8835174753, 92.52735201521863, 100.3727158217256, 94.73362260696665, 83.30874275453365, -0.943295020418, -0.322113711701, -0.080232544453, -0.32442951787, 0.945750387962, 0.0173692718363, -0.0702850794228, -0.0424141533458, 0.996624827709,  
634, 3082228.276363021, 90.28010669828072, 143.2849974119523, 98.60831870391215, 52.078913700313, 0.800520503594, 0.404229553204, 0.442453829956, 0.316787706886, -0.912118720115, 0.260163389396, 0.508736151745, -0.0681021933014, -0.858224690379,  
637, 1397970.0380677453, 69.3643655131463, 153.83837035063038, 51.65208404261651, 42.00071992011911, 0.522007310282, 0.29162857554, 0.801536737736, 0.683926353736, 0.418408116642, -0.597644869964, 0.509659798962, -0.860167089499, -0.0189596272543,  
638, 1885966.4401341078, 76.64463912193794, 126.5163893756244, 73.92198964025374, 48.14208710687285, -0.640199039872, 0.526467050607, 0.559444040072, 0.0329913088702, -0.708730635124, 0.704707357969, 0.767500334128, 0.469609765084, 0.436359835058,  
640, 149532.4369311387, 32.92675513067622, 99.30477103601473, 53.62090467632528, 6.704131902450754, 0.179708258832, 0.322167288977, 0.929469299988, -0.370103239943, 0.89757310292, -0.239553995373, -0.911443104912, -0.300949767948, 0.280536456954,  
643, 1358023.7595878788, 68.69728702132609, 112.46320345840236, 57.59815752904362, 50.0494970641129, -0.390266555808, -0.377904682898, -0.839571358529, -0.920550180508, 0.143605043593, 0.363269812429, 0.0167146817317, -0.914639624168, 0.403924469816,  
647, 1206669.904433166, 66.04398811983485, 103.6870118351916, 97.5234830798831, 28.488285254053928, -0.666266862857, -0.345254859253, -0.660974696657, -0.603946369029, 0.769753810759, 0.20670717007, -0.437421136658, -0.536915405799, 0.721376875302,  
649, 2767340.9577383837, 87.09462505622018, 110.58748313394752, 96.88900509463305, 61.658590287829085, 0.327498647105, 0.454640604388, 0.828279274753, -0.642614118072, 0.749828880105, -0.157492050007, -0.692670001804, -0.480685522356, 0.537726414824,  
659, 358168.0420674668, 44.055426281853, 88.9077966607656, 79.59607062164096, 12.082776640914743, -0.35242545707, 0.288482187478, 0.890266434679, 0.860901645581, 0.472941643453, 0.187548816376, -0.366939577921, 0.832528815955, -0.415031464782,  
660, 1202190.1176957034, 65.96215688317629, 76.78438328645186, 71.16365817067627, 52.52346620451406, 0.396961603199, -0.814993281843, 0.422146226012, -0.792988980175, -0.0729449445448, 0.604853298235, -0.462157941516, -0.574860840218, -0.67523703355,  
678, 1747750.3199180148, 74.72459909170301, 116.94380881826504, 78.64192384334683, 45.3690219718201, 0.562071205137, -0.780411880648, -0.273921990536, -0.475919517606, -0.576037776901, 0.664590921051, -0.676444065032, -0.24318259832, -0.69518749324,  
681, 2129780.2788438345, 79.81454900506905, 109.0955520194497, 92.58346634750288, 50.33913064005314, -0.279689134596, -0.776454438596, -0.564705669153, 0.129842604275, -0.613366218262, 0.779052488867, 0.9512701436, -0.144569661684, -0.272368733184,  
682, 472340.53543859464, 48.31205778923459, 97.19295624348588, 55.134790791553115, 21.042923936491412, 0.264222124445, -0.345083494481, -0.900613152686, 0.797945553037, 0.602721254285, 0.00315975019918, -0.541728311372, 0.719475136103, -0.434610130103,  
686, 29508.492519958127, 19.16988340494141, 122.5246521821874, 72.07187108531815, 0.7977542725662181, 0.115172913083, -0.902586242013, 0.414817159507, 0.835560220445, -0.137804654551, -0.531835496366, 0.537191137402, 0.407857760639, 0.738293795845,  
689, 601517.7106434519, 52.36646645201198, 139.71590222950388, 71.02243270339554, 14.471662515855247, -0.0959060068044, -0.565635890225, -0.819059263759, -0.987586657224, -0.0487626115111, 0.149314440665, 0.124397075252, -0.823212152126, 0.553937830682,  
694, 3166313.771499737, 91.09372190844952, 154.77784992192025, 83.67474493431872, 58.36629608786118, 0.223642632929, -0.428281841448, -0.875533344324, 0.658929866215, -0.595467649247, 0.459597334752, -0.718188975233, -0.679700627473, 0.149035743586,  
701, 1405906.6152124242, 69.49538336947768, 122.71306527501122, 71.24659095828024, 38.38954560919104, 0.761717889797, -0.647907859818, 0.00112318693089, -0.425523964972, -0.49896177232, 0.754961260594, -0.488584907255, -0.575545441254, -0.655768429748,  
704, 3079893.918573858, 90.25730941469745, 116.26232315897128, 82.66414989428668, 76.50519884716657, -0.678719762513, -0.73419088989, 0.0174132471338, -0.700758070694, 0.640354736123, -0.314458166188, -0.219721665593, 0.225631445341, 0.949111605946,  
705, 1048962.6543113792, 63.03142694475918, 85.70399555332922, 58.67166101760534, 49.80144732754337, -0.678987992915, 0.69751863751, 0.229004488612, 0.733599470866, 0.656697387828, 0.174872402524, 0.0284098895261, -0.286733833278, 0.95758894471,  
713, 2028539.878982892, 78.52928565038269, 102.15944773529561, 69.36037858989455, 68.34471693312862, 0.952385095811, 0.0752178945622, -0.295474021893, 0.233004704352, 0.445485560066, 0.864437055848, -0.196650545451, 0.892123805371, -0.406747684522,  
714, 1069956.278719215, 63.449149856293936, 130.75914933218257, 70.60783346903351, 27.666387148940135, 0.84816396816, -0.327037515248, 0.41673054452, -0.462091929442, -0.072112764236, 0.883895241518, 0.259015312018, 0.942255916859, 0.21228484469,  
726, 1876856.2894462207, 76.52102937078989, 118.79525155673738, 72.32302512096987, 52.15149297115073, 0.849717682027, 0.408635184689, 0.333162342838, 0.393916008706, -0.0720304594031, -0.916319699125, 0.350442632875, -0.909851031077, 0.222173495969,  
728, 317063.64149876643, 42.30119256770129, 86.23658080685496, 65.16442671069674, 13.469631862013886, -0.935684976154, 0.310699723559, 0.167210368041, 0.211768034887, 0.115463996093, 0.970475329417, 0.282219639288, 0.943468996516, -0.173834196328,  
759, 1011631.4825515453, 62.274642399074814, 99.31605750937229, 78.08719888287361, 31.141133156801896, -0.474211184601, -0.300232745002, 0.827637632801, -0.015813465485, 0.942811071244, 0.332952276234, 0.880269099031, -0.144801874188, 0.4518392751,  
761, 2785116.62385564, 87.28070764881065, 117.17455514757475, 78.9119911339151, 71.9082071803493, -0.943666582898, -0.196741562401, 0.266056644243, -0.267718559851, -0.0186029638999, -0.96331755016, -0.194474042055, 0.98027888244, 0.0351163723735,  
766, 3681896.1434353706, 95.79164726143387, 112.55596948690253, 95.08509674640715, 82.1300219619925, -0.121636661176, -0.941504851014, 0.314281940581, -0.936739209756, 0.00418712494069, -0.35000302983, 0.328213612703, -0.336973416611, -0.882453818018,  
773, 2175852.3667254257, 80.38597280737478, 104.63961873091746, 78.93497271217993, 62.8890745343169, 0.130351476772, 0.450424354195, 0.883247640048, -0.272216473118, 0.872872443485, -0.404959120365, -0.953365976038, -0.187647538092, 0.236393141148,  
781, 4337004.264933754, 101.16580616031368, 116.90663959928261, 102.71038130483784, 86.22788249325211, -0.891552281244, 0.424750131896, 0.157231851935, 0.431643717415, 0.691686800206, 0.579010424463, -0.137179557605, -0.584086205859, 0.800015670534,  
782, 2728073.004643478, 86.68070992697872, 114.0125962090474, 97.29703781965253, 58.710384560438534, 0.629503972636, 0.54310296993, 0.55566528818, 0.423331694814, -0.839411775497, 0.34084915626, -0.651548175196, -0.0206648302591, 0.758325748072,  
784, 2471566.422874182, 83.87410373672495, 118.22855895100692, 81.41571189764419, 61.298952952163745, -0.701456646187, -0.444639654812, 0.557004623759, 0.0598274287635, 0.742034732112, 0.667686404764, -0.710196629313, 0.50167722064, -0.493903547268,  
797, 1691016.8626821355, 73.90714789664193, 128.45444733791015, 76.11060299139915, 41.29191469097679, 0.763134832021, 0.546092199706, -0.345555404496, 0.208381802405, 0.29821464667, 0.931474663605, 0.611720730875, -0.782848218962, 0.113782307438,  
820, 2740816.5628362554, 86.81546989934125, 132.67693923540452, 82.07554614610049, 60.08722332413073, 0.52431050088, 0.19266846572, -0.829444007142, 0.790562749542, 0.251793431294, 0.558220930272, -0.316400122793, 0.94840863043, 0.0202985719299,  
823, 387312.2655644504, 45.219339424519745, 126.31570212068792, 41.37210683229418, 17.693252013999277, 0.663861080472, -0.322522260599, -0.674735397954, 0.466481599283, -0.526614420386, 0.710684296838, -0.584536896496, -0.786547292704, -0.199148118181,  
828, 1210804.198313458, 66.11932880500686, 121.4592181269522, 107.55309818815866, 22.127477229356952, -0.0240917216623, 0.753341588666, 0.657187978993, -0.61182417475, -0.531002819696, 0.586265455802, 0.790626819769, -0.387959348722, 0.473705367925,  
848, 1469824.7487952055, 70.53299338445497, 116.20980848561841, 56.41874825520197, 53.51933574870806, 0.030467700748, -0.107184515995, -0.993772206666, -0.733830402972, 0.67265061992, -0.0950477942671, -0.678649142698, -0.732156146633, 0.0581611387696,  
853, 1316187.698688234, 67.98447363396265, 133.75792464905993, 79.41159651673915, 29.58187987244488, -0.482772211337, 0.422199333415, -0.767254009325, 0.865231203005, 0.0945947109607, -0.49236856724, 0.135299509637, 0.901553971497, 0.410967734949,  
854, 2824557.8980308375, 87.69078489824733, 137.0597095736826, 101.35118265054585, 48.542623485887965, 0.636850315527, -0.770352318591, -0.0312886697497, 0.360747985148, 0.261873156622, 0.895144312976, -0.681382834261, -0.581360262731, 0.444677049209,  
882, 3334534.617969901, 92.67918521552528, 117.31159994267371, 105.09556049685172, 64.56858848738815, 0.688325522884, 0.593751460102, 0.41673394171, -0.53038122157, 0.0200139970774, 0.847522978878, -0.494877494287, 0.804399554667, -0.328690769721,  
891, 1506449.5605220026, 71.11403621790733, 120.32037696724143, 90.4120875719258, 33.05980631164062, 0.424709010727, -0.748629045347, 0.509094105908, -0.685574341284, 0.101312889944, 0.720918525844, -0.591278342898, -0.655202450235, -0.470212367368,  
893, 1819813.8321792516, 75.73781715637061, 113.87263401911795, 92.322903960491, 41.324682864658, -0.687574405209, -0.668913516952, -0.282482112956, -0.709613508668, 0.701480295795, 0.0661366987896, -0.153915904366, -0.245927024644, 0.956989964907,  
905, 1402979.291722183, 69.4471163355545, 127.72889615672753, 69.27213176424773, 37.854275607442894, 0.163818044837, 0.886753573196, 0.432240382901, 0.880351605279, 0.0662989525786, -0.46966530633, 0.445134473243, -0.457463167164, 0.769793966863,  
909, 2500382.230865929, 84.19880572835393, 148.6888628757074, 72.79681277701197, 55.1476472809515, -0.857658622003, -0.370743230615, 0.356330106864, -0.489825207019, 0.799922045722, -0.346692929459, 0.156502251336, 0.471883648499, 0.86765941913,  
920, 2355211.8346343767, 82.53670399943712, 125.90377001573773, 92.89721745602053, 48.072856102771105, 0.110129100252, 0.51078054405, 0.85262818221, -0.395356275286, -0.764546459498, 0.50907968616, 0.911901857038, -0.393156390116, 0.117741479699,  
922, 2747406.339697434, 86.88499135705501, 116.78053179147123, 95.84310871751251, 58.600719231665785, 0.601439417701, 0.628623246595, 0.493055210575, 0.66296810685, -0.0483285631824, -0.747086098974, -0.445807039127, 0.776206907867, -0.445823866616,  
930, 1220815.8652474221, 66.30106711439382, 116.03584913616413, 89.7287853048315, 27.99223541952348, 0.417930303812, -0.466094267785, 0.779801509805, -0.785958109918, 0.244997642548, 0.56766716005, -0.455635940866, -0.850136629422, -0.263938630569,  
942, 626483.875798802, 53.08116298387383, 129.70184163395197, 45.9394341308464, 25.100912190122802, -0.950006009828, -0.136426860142, -0.280849235572, -0.260708810904, 0.841564121658, 0.473075834359, -0.171812389562, -0.522644755995, 0.835058657714,  
944, 3291401.53097442, 92.2778397833769, 108.50064033138247, 103.12085759785595, 70.22850770421829, -0.779004061156, -0.580597929411, -0.236767221266, -0.0973609700305, -0.261022473051, 0.960410386281, 0.619413847292, -0.771215477623, -0.146809988954,  
945, 2499752.99354198, 84.19174207817771, 113.5551451465957, 106.93908968109064, 49.14339867285268, 0.543293118501, -0.683917651222, 0.486918097565, -0.566622277592, 0.129256036647, 0.813776426009, -0.619493165359, -0.718017773691, -0.317299061986,  
946, 3021147.371760468, 89.67975927018098, 101.94785270375881, 94.34439028795421, 74.98754515389292, -0.0176745284219, 0.931627123749, 0.362985555278, -0.358562413829, -0.344800190287, 0.867493990854, 0.9333384201, -0.114820429688, 0.340140651043,  
947, 1153360.2627469923, 65.05671424630269, 115.6342710716068, 81.34023049690015, 29.274157782973404, 0.822838381561, -0.553937845491, 0.126845816495, -0.467578336939, -0.786809195659, -0.402866961232, -0.322966711374, -0.27218404244, 0.906426141716,  
948, 3415114.1951416363, 93.41978719524352, 105.86895698424155, 91.30926197108772, 84.33991403340787, 0.762743247682, 0.378456048608, 0.524398471953, 0.536848794698, -0.822661201767, -0.187141440464, -0.360577467053, -0.424263557685, 0.830652950319,  
949, 804555.6900434662, 57.6973456177436, 148.79402625303297, 43.337888086197836, 29.786142438136853, -0.560724258279, -0.722266810837, 0.404869065429, -0.825365706522, 0.448569582993, -0.342865541739, -0.0660284535313, 0.526418068817, 0.847658103333,  
950, 1342922.314253929, 68.44169558836188, 97.24153323020985, 82.95158976310424, 39.745299081989785, -0.190154604746, 0.162560339613, 0.968202128834, 0.924475084919, -0.302280605299, 0.232319291115, 0.330434628418, 0.93925532825, -0.092802934745,  
951, 3150151.261611673, 90.93846087524116, 100.45810523427416, 92.83452466966195, 80.63958758017505, 0.432582951689, 0.761530021756, 0.482642741447, 0.861475588886, -0.507032510715, 0.0278898338492, -0.265954506753, -0.403720273261, 0.875373144034,  
952, 2280740.929181777, 81.65744411203826, 111.74724800949241, 87.23229992300621, 55.85643161480677, 0.6491548576, -0.423154457958, 0.632090401419, -0.421397331359, 0.491748663793, 0.761976076253, -0.633263183817, -0.761001679609, 0.140904874483,  
953, 1358401.2135628003, 68.70365108819789, 138.77602565984216, 87.50755622878671, 26.70419250446483, 0.51735621915, -0.58665087363, 0.623043573898, -0.706611036813, 0.117854488771, 0.697718540767, 0.482745673373, 0.801218492014, 0.353561229343,  
954, 1501619.78185973, 71.03795605868895, 94.02066295569969, 79.1002005724793, 48.202601492666496, 0.1518303018, 0.435882650859, 0.887104207033, 0.73412398754, -0.650690333559, 0.194072307998, 0.661822884444, 0.621778420736, -0.418786419471,  
956, 2424197.4833689947, 83.33481242995846, 106.70201038880771, 89.81294629364744, 60.390390943999165, -0.350333499729, -0.578438825993, 0.736664756556, -0.936176399512, 0.240594899632, -0.256296397298, 0.0289859960062, 0.779437373273, 0.625809230661,  
957, 3337718.94273924, 92.7086772602987, 100.19848760203902, 91.92101887776616, 86.51375420414108, 0.526708159456, -0.838352463462, 0.140512141004, -0.745085653644, -0.534889480455, -0.398422655521, -0.409177080854, -0.10515888315, 0.906375046986,  
958, 2997200.614763784, 89.44218522666549, 100.90336393085023, 87.83838794153466, 80.73041813718366, -0.884099468089, -0.226032544098, 0.408995622879, -0.037399623754, 0.906651616002, 0.420219127771, -0.46579974095, 0.35621922493, -0.810023743554,  
959, 599270.4717057678, 52.301172272514656, 107.91072144008521, 43.381587470660676, 30.560765847554087, -0.540173999874, 0.832860759302, -0.1206441274, 0.814072865132, 0.480801586739, -0.325753287696, 0.213301242651, 0.274176566841, 0.937725860835,  
960, 352832.85192136286, 43.8355845150957, 112.94949442048812, 86.76934451696803, 8.594681707671175, -0.488843658848, 0.133160369985, 0.862148591062, 0.790504642119, 0.485602797326, 0.373218882183, -0.368963803094, 0.863978147348, -0.342647738811,  
961, 3411597.9663613485, 93.38771426618162, 114.33362153283171, 93.91506582192218, 75.85077286339099, 0.0479027155206, 0.931576108066, 0.360376587373, -0.9553429135, -0.0625939608746, 0.288793894822, 0.291590890582, -0.358117230726, 0.886976212526,  
962, 2368395.793954219, 82.69042497898742, 119.1750927476167, 89.43824653735383, 53.04651986053007, 0.388198793275, -0.258247911485, 0.884652311992, -0.801083318969, 0.379998935394, 0.462456836005, 0.455595448802, 0.888205395904, 0.0593629658838,  
963, 1372670.7705269852, 68.94338333716652, 112.60296155212458, 89.24026786615967, 32.611223922182404, -0.968945167049, 0.0384680166859, 0.244265173416, 0.245149978599, 0.0201934043907, 0.969274839461, -0.0323535352722, -0.999055773274, 0.0289967350579,  
964, 2277194.491455168, 81.61509774593206, 115.38691805122107, 90.01000297561497, 52.343669552696944, -0.989513144249, 0.133134569621, -0.0560260986482, 0.134675719995, 0.710164192984, -0.691034926358, 0.0522129083813, 0.691333497941, 0.720646797553,  
965, 3161073.770660424, 91.04344317516556, 102.91714180877852, 93.69618021624747, 78.25938294283483, -0.283560890254, 0.94953553803, 0.13407268005, -0.760332621313, -0.137422134421, -0.634830262305, -0.584369340816, -0.281952866609, 0.760930387437,  
966, 2742126.9249903876, 86.8293029522725, 104.17488270104442, 84.96411465437511, 73.96059347784784, -0.302122567878, 0.750061500554, -0.588327884233, -0.205170523358, 0.551540681972, 0.808522066783, 0.930928037135, 0.364980302917, -0.0127423765076,  
967, 3572920.860939595, 94.83709938433401, 114.19099396804181, 89.49085967644427, 83.4688162096201, -0.924670534032, -0.251736072708, -0.285680508944, -0.132593075232, -0.490436534686, 0.86133099436, -0.356936240656, 0.834326647748, 0.42011375241,  
968, 1586477.3381736241, 72.35164690263535, 148.63362469934762, 70.97171115371027, 35.904006860658725, 0.52603058298, -0.6030257836, 0.599709704844, -0.300937717781, 0.527551877351, 0.794434079531, -0.795442213983, -0.598371891902, 0.0960352185155,  
969, 2898669.841411326, 88.45112904901936, 116.46226765262294, 89.90234598859867, 66.09275813650949, 0.00639413431515, 0.367731384341, 0.929910073081, -0.98698750668, -0.147093729157, 0.0649545725813, 0.160669775325, -0.918224952728, 0.362005745098,  
970, 2219989.608705468, 80.92588250100314, 142.8410786248945, 72.19221329036421, 51.39476144610115, -0.562341961381, 0.822592563843, 0.0843385580867, 0.797907978098, 0.513020097014, 0.316469964685, -0.217058464378, -0.245258749017, 0.944845896997,  
971, 2126521.39156052, 79.77381876295624, 113.64191177097713, 79.9612542062735, 55.867986288617175, 0.422139357068, 0.81149375621, 0.404074556048, 0.822401229927, -0.155289427409, -0.547303764604, 0.381385081288, -0.563349871187, 0.732927242231,  
972, 3402699.659329064, 93.30645067740616, 117.36621663889936, 95.31521492909037, 72.61555678499285, -0.858416649362, -0.508628511286, -0.066467237075, 0.12903103391, -0.339521497906, 0.931706039879, -0.496459311913, 0.791215640623, 0.357079769306,  
973, 3636991.2880588537, 95.40062439306301, 112.30217892643657, 92.94569146096528, 83.18331162022209, 0.869977570794, 0.449516640815, -0.202666760832, 0.220287934345, 0.0134010837594, 0.975342830463, 0.44114878703, -0.893171428441, -0.0873644499638,  
974, 3747889.51935445, 96.36057665652208, 117.0241474954866, 94.54116733191218, 80.87265938384687, 0.38876443495, 0.8659537857, 0.314620811693, -0.418805626917, -0.138068756335, 0.897518169948, 0.820648561188, -0.480688110479, 0.30899009606,  
975, 3175487.9519545394, 91.18161637733502, 104.53441364079791, 89.4512619401971, 81.07297328857213, -0.978995853066, 0.0975976053074, 0.179002310371, 0.0608490757866, -0.698093221366, 0.713416599372, 0.194588051164, 0.709324017443, 0.677491644688,  
976, 3498889.1550559406, 94.1775073729812, 104.69826023027312, 100.16448021134563, 79.6504746543239, -0.810772043094, 0.412426310735, -0.415395272422, 0.418118887279, 0.904672913522, 0.0821189115889, -0.409664851114, 0.107104891361, 0.905926736557,  
977, 2657795.9247483904, 85.92990677413978, 105.2259149269995, 88.9654488030903, 67.77802931444621, 0.65532973183, -0.371365808055, -0.657746439889, -0.708597844975, -0.000676679256238, -0.7056122421, -0.261595177089, -0.928486391237, 0.263592459321,  
978, 2793021.431499511, 87.36320395463517, 101.54481377292882, 90.30589108630011, 72.71296079926715, -0.503958697592, 0.850057833893, -0.153059825421, 0.846649245224, 0.451110277587, -0.28228456036, 0.170911341588, 0.271847745056, 0.947041771425,  
979, 933106.261153565, 60.619753318844474, 115.75538611627685, 61.9903940222119, 31.04394386757132, 0.224109547163, 0.0386916831239, -0.973795596893, -0.709848186524, 0.691119035231, -0.135904493044, -0.667750299857, -0.721704532893, -0.18235159512,  
980, 2620062.325368523, 85.52130861742201, 95.29704335873323, 91.97657709031525, 71.36188990821528, -0.00414888736274, 0.198718391758, 0.980047849603, -0.874525227555, -0.476015444779, 0.0928166078935, 0.484962280083, -0.856691483037, 0.175759181235,  
981, 2727192.8704740466, 86.67138724630442, 109.39347366626482, 93.38426209815454, 63.7326738113706, 0.203597835284, -0.103733358096, 0.973543687713, -0.793770567419, -0.599583918682, 0.102114694131, 0.573128439154, -0.793560656079, -0.20441447443,  
982, 2531449.0939397058, 84.54609040834326, 102.42460253185885, 83.87782793860595, 70.34433463296583, 0.866147092838, -0.37196112931, 0.333817512797, -0.436553321926, -0.23786963033, 0.86766308904, 0.243331894094, 0.897253006264, 0.368410955412,  
983, 2286889.5557765746, 81.7307580974899, 123.8107044493864, 80.62106972038615, 54.69527759592482, -0.575762234652, 0.675629957026, -0.460458478385, -0.0532515621, 0.530988151043, 0.845704354125, 0.815881192504, 0.511444762042, -0.269744573805,  
984, 1836330.8423694477, 75.96626481029695, 94.12708959842271, 82.48037054060218, 56.46730819576265, -0.155982577495, -0.553922620051, 0.81782587787, 0.328282803078, -0.809967269792, -0.485987060598, 0.931611419381, 0.192672657276, 0.308184052828,  
985, 2844730.990961212, 87.89905342977315, 120.00657416704671, 99.17589488644761, 57.061269387413034, -0.951116013068, 0.143636814492, -0.273398601328, 0.308406808126, 0.395210266972, -0.865271105251, 0.0162348510097, 0.90729119383, 0.420189384933,  
986, 2008648.9576351868, 78.27176818890229, 97.33514196398336, 78.52427525097659, 62.73961236153482, 0.861380948601, -0.465849863642, 0.202501273901, -0.369776491629, -0.301747474295, 0.878756967537, 0.348264565561, 0.8318247209, 0.43217985385,  
987, 3382483.213632934, 93.12129642734232, 98.83251147014532, 92.88833743889235, 87.96016177277994, 0.316367109091, -0.658391691034, 0.682958441974, -0.562988679142, 0.449135483189, 0.693773064408, -0.763515290903, -0.603984849907, -0.228575374087,  
988, 3150906.698133556, 90.9457295996205, 109.09929057913287, 84.87271334134743, 81.23756939103599, 0.141590053385, 0.664666786639, 0.733600926609, -0.543722938895, -0.567058677176, 0.618716269673, 0.827234925823, -0.486479721445, 0.281104710244,  
989, 3101556.395397464, 90.4684239081511, 104.80524622721146, 97.02328823915926, 72.81687905742565, 0.0147294983327, 0.829747531811, 0.557944509187, -0.400903229431, -0.506288378122, 0.763510758805, 0.916001988268, -0.234927886025, 0.325191091294,  
990, 3607338.6704065506, 95.14064748408718, 122.58200072326864, 94.00669827878814, 74.73306653840011, 0.726251079357, -0.446812278627, -0.52241569406, -0.503517376705, -0.863138135489, 0.0382467046988, 0.468006005397, -0.235268669253, 0.851832748948,  
991, 3249436.005813457, 91.88397882122331, 124.38035839080051, 83.70141244110435, 74.51347002797718, -0.244305710843, 0.872069918756, -0.424038649713, 0.943462412311, 0.112733652177, -0.311720708684, 0.22403882745, 0.476219676691, 0.850306664285,  
992, 2492656.6297802767, 84.11199800219158, 130.43352236900824, 92.30300510836405, 49.42751594727538, 0.455099679808, 0.655381781055, -0.602792669581, -0.467992184381, 0.751969875498, 0.464246294226, 0.757540491853, 0.0708239183117, 0.648934800883,  
993, 2499022.367196447, 84.18353877449975, 108.73549111606094, 87.98325916338669, 62.36058319970497, 0.0268084673069, 0.261192988156, 0.964914259931, -0.835227361765, -0.524508579396, 0.165184758073, 0.549250908275, -0.810351141838, 0.204094259306,  
994, 3105643.997083121, 90.5081498283807, 113.88160878449895, 82.40891564278832, 79.00148739501499, 0.192696141584, -0.793095785446, 0.577812488725, -0.738506322502, -0.50495179411, -0.446802078387, -0.646124298137, 0.340621139587, 0.683008514312,  
995, 1104929.971576303, 64.13307273436926, 142.30362022060956, 83.44834179402855, 22.213269459027323, 0.822562122349, -0.286006159121, 0.491520123516, -0.451960008145, -0.853367594403, 0.259799730294, -0.345143022403, 0.435848856564, 0.831211205602,  
996, 2785818.2645731494, 87.2880364330501, 99.82712416309764, 93.18478250117361, 71.49416794406865, 0.285938946318, -0.516243475473, 0.807298948971, -0.941222715858, 0.00679405176138, 0.337718284985, -0.179829692018, -0.856414919821, -0.483957402027,  
997, 3370324.677766401, 93.00958580179453, 105.22003466404061, 95.0384589568544, 80.46097758419434, -0.146242359482, -0.188983717447, -0.971029519033, -0.0724818572901, -0.976897402185, 0.201041901027, 0.986589860407, -0.0997828649838, -0.129165890229,  
998, 2248850.064228556, 81.27505971268906, 110.98137655623827, 85.08154925144443, 56.8573213012408, -0.255177656094, 0.965505393995, 0.0518044206261, -0.597857290798, -0.115448555356, -0.793245416568, -0.759901982936, -0.233390156674, 0.60669433086,  
999, 2412601.123322835, 83.20172020377969, 99.14739947228384, 77.26720996419526, 75.18312238079274, -0.234152679582, -0.945745651062, -0.225250274453, -0.26877453508, -0.159688809361, 0.949873535507, -0.934308713401, 0.282956971396, -0.216800785057,  
1000, 2839654.9784205, 87.84674123790303, 111.53179842576347, 84.1570771523935, 72.22501119358127, -0.579202285196, -0.721557820827, 0.379313885887, -0.809030302263, 0.565874620201, -0.158920999975, 0.0999734106873, 0.398923834103, 0.911518015039,  
1001, 2685775.346777677, 86.23039150793576, 120.72207279900394, 100.5406881729982, 52.82658501470326, -0.129158946703, -0.441098880978, 0.888115839115, -0.21950323725, -0.860682154056, -0.459395862549, 0.967024454356, -0.254279387465, 0.0143421681419,  
1002, 3790749.0561316693, 96.72650046173865, 104.20494169040334, 97.08831186180645, 89.45016819220561, 0.733217912905, 0.460836333414, -0.500021365544, 0.59827541818, -0.786692848373, 0.152252705463, 0.323199653769, 0.410784902503, 0.852524338467,  
1003, 3240485.6693364917, 91.79953865407144, 95.68788690969721, 91.70769472605451, 88.15739633832969, 0.851561864437, -0.507250932911, 0.132434444528, 0.294589819488, 0.671952235471, 0.679482914796, -0.433657963482, -0.539607898669, 0.721639859212,  
1004, 2773321.7998668808, 87.15732355762341, 99.82625064047964, 95.75982445540407, 69.26017030137845, 0.652925530308, 0.498474790763, -0.570272859994, -0.296649484761, 0.861059991941, 0.413006989613, -0.696912716961, 0.100491657624, -0.710080341712,  
