# Void_ID, Void_Volume, r = (a*b*c)**(1/3.0), a, b, c, vector_a, vector_b, vector_c 

24, 1202799.9098678476, 65.97330775617725, 99.20245174165662, 64.30606310444831, 45.01222173178192, -0.42602878211, -0.550983058238, -0.717577275525, 0.0991557540106, -0.816815987412, 0.56831309958, -0.899259480495, 0.170965821856, 0.402620260912,  
54, 522974.4537330763, 49.98011931402808, 108.62924537983977, 45.580092203988436, 25.215634668258332, 0.343267006415, -0.57272652871, -0.744413920893, -0.665583994152, -0.707544029712, 0.237443451681, -0.662695789209, 0.413963487919, -0.624074131522,  
68, 2921179.25109311, 88.67949255339518, 150.34365824194688, 80.16189728926894, 57.865071857843304, -0.849520477291, 0.367851871649, 0.378153354062, 0.516250452727, 0.727254452361, 0.452312316415, 0.108629778254, -0.579470415159, 0.807721244757,  
85, 1348143.9425368088, 68.53028718599526, 124.5496359051279, 98.77909894724037, 26.160144154618074, 0.101218598207, -0.992052896311, -0.0747385195012, 0.417717168205, 0.11056046446, -0.901825233116, 0.902921459909, 0.0600619232023, 0.425588301786,  
102, 1593791.140073484, 72.46265899827162, 103.91755462033639, 70.43937086040694, 51.98025577764194, 0.867081703111, -0.363352394149, 0.340799585969, -0.35559570237, -0.930544646698, -0.0873976942368, -0.348885391764, 0.045405926573, 0.936064786885,  
150, 1423480.6801867802, 69.78375305496252, 107.94525482177599, 87.54386174365007, 35.96116159897959, 0.484980023252, 0.110273341236, -0.867544907921, 0.0996036841151, -0.992528002345, -0.0704788668489, 0.868834554537, 0.052229826481, 0.492339884702,  
160, 2959954.6407295736, 89.07014285273205, 132.1949086839741, 104.18823538039362, 51.3053949120875, -0.0542267065483, 0.498529767964, 0.865174857905, 0.914801507348, -0.322501571493, 0.243168539367, 0.400247006797, 0.804649493157, -0.438567585113,  
170, 3913257.8339637034, 97.75746955049738, 133.42235004830363, 105.43495156560287, 66.41048704232877, 0.239371567047, 0.961876297834, -0.132269575318, -0.940436395245, 0.263565227351, 0.214738812121, 0.241413834294, 0.0729887566494, 0.967673499696,  
192, 1041942.9411074718, 62.890508925019255, 128.15764983855811, 78.48155051150613, 24.731087740214686, 0.779637071814, -0.193620320565, 0.59554782152, 0.391003075963, 0.893357848348, -0.221423461681, -0.48916523879, 0.405490969393, 0.772201037878,  
215, 3456010.24770184, 93.79120971839545, 106.91247316308592, 94.87735873820674, 81.3383672363595, 0.381455797241, -0.557360523087, 0.737455572937, 0.55556721796, 0.775848555638, 0.299005158889, -0.738807512874, 0.295648889763, 0.605603164542,  
230, 508492.07749489305, 49.514438733832485, 134.90908108345414, 83.19210369350068, 10.816139772927515, -0.983147854048, 0.0789234732141, -0.164898097191, 0.0764288718325, 0.996844739283, 0.0214287963911, 0.166069035741, 0.00846469965109, -0.986077798263,  
238, 1534438.5968817743, 71.5517568332486, 122.19870967592301, 67.53982198041184, 44.38481081380735, 0.221897143206, 0.748298024663, -0.625149361451, 0.522001410772, 0.450356521857, 0.724357322302, 0.823575245493, -0.4870616691, -0.290679798927,  
258, 2084746.056627217, 79.24797687480093, 113.64107283050001, 83.68789276178317, 52.33191099807602, -0.0412373158788, -0.826323582592, 0.561683915233, 0.442710735558, -0.519077354325, -0.731140140362, 0.895715740847, 0.218513242344, 0.387227677884,  
264, 1984048.3520850656, 77.95091442974778, 130.93221873467382, 71.95018242187241, 50.27883611857217, -0.447543079538, -0.113416771878, -0.887041051933, -0.880671700363, -0.116378246041, 0.459209603588, 0.155314352644, -0.986708031641, 0.0477986627154,  
301, 2788594.643222533, 87.31702422699, 136.2328792024427, 87.69993148702211, 55.720575088893995, 0.459610830577, -0.493057262596, 0.738682895577, -0.779674684516, 0.174278333668, 0.601443637208, 0.425282577518, 0.852362363209, 0.304324055974,  
314, 1105278.8608208701, 64.13982217708836, 114.82010362861858, 59.01002228432028, 38.94390897816006, 0.835282488161, 0.231531411001, -0.498694666796, 0.475658372488, -0.759229386326, 0.444206991865, 0.275775774232, 0.608246615, 0.744300865032,  
318, 3294358.0225126557, 92.30546094561639, 120.51458882225263, 93.54117660509209, 69.76534310090337, -0.785736942029, -0.177563979293, -0.59252720713, -0.614694848877, 0.117214237258, 0.78000709314, 0.0690485386963, -0.977103810166, 0.201247219763,  
340, 228666.2848483848, 37.934803795730204, 96.89623013462962, 47.707719464677105, 11.809132326216217, 0.129077266993, -0.988456807502, 0.0793233814718, -0.948184095072, -0.14644537152, -0.281958640606, -0.290320479811, 0.0388187179445, 0.956141791859,  
346, 1742347.772815703, 74.64752480070325, 127.09675656815195, 92.17311767842966, 35.50646939161989, -0.19660868661, -0.414666928298, -0.888479804455, -0.203119651506, -0.869282726324, 0.450655022036, 0.959211880411, -0.269070400248, -0.0866815331479,  
368, 3395998.6519424953, 93.24516031338749, 120.96156249320009, 103.41457978213589, 64.81115188504644, -0.797642496829, -0.201686300666, -0.56840925694, 0.0886513481875, -0.971401039166, 0.220274736572, 0.596579739613, -0.125310243918, -0.792710512768,  
373, 2647495.2021054495, 85.81875124881152, 117.1918696759484, 103.8438069670332, 51.93599880946933, 0.253590941939, 0.858378165636, 0.445958023725, 0.695841840955, -0.482128097498, 0.53231253036, 0.671934346899, 0.175326616238, -0.719558761392,  
381, 2619589.408679009, 85.51616282535552, 160.80360103972615, 98.34970576462273, 39.54356149002175, 0.85949271323, -0.0321924258653, 0.510133241047, -0.167143078322, 0.925449071742, 0.340010598335, -0.483048100372, -0.377501871953, 0.79003599247,  
400, 1168204.615888306, 65.33463003591726, 106.65883638181478, 67.73194224334874, 38.60467831402354, -0.53080060672, -0.341608267905, -0.775599450234, 0.0584763375417, -0.927746674002, 0.368600904537, -0.84547692686, 0.150299368517, 0.512424497824,  
402, 1483097.5745087005, 70.74466674617744, 120.84299721014276, 76.19724797416372, 38.452124594221274, -0.38839809647, 0.543747170118, 0.743966352497, 0.908196510075, 0.0892276775182, 0.408922389522, -0.155968002315, -0.834492322645, 0.528485142365,  
403, 2134437.6998173837, 79.87268635059199, 126.87148080580498, 102.80210530763108, 39.068690620563984, 0.0192901644885, 0.999809644524, -0.00292647741448, -0.162637828463, 0.00602591749035, 0.986667433876, 0.986497251039, -0.0185570211632, 0.162723110402,  
411, 3202149.0633835895, 91.43608974058462, 120.51978758684062, 97.06988401980263, 65.34465469276678, -0.648401422047, 0.708099954211, -0.279589074776, 0.739399854843, 0.498292544371, -0.452760858382, 0.18128279164, 0.500298905727, 0.846662597723,  
413, 2506129.2050664597, 84.26326495406131, 135.64773693470983, 73.94671697065917, 59.64628486270244, -0.721099430354, -0.338450648512, -0.60453847691, -0.684854966726, 0.480228129218, 0.548046182779, -0.104829795831, -0.809216968698, 0.578081838044,  
416, 1584184.0673679123, 72.31676838547665, 106.01975325241803, 89.93307975410387, 39.665303043420906, -0.042374559713, 0.254414015848, 0.966166603247, -0.204068603984, -0.948852437071, 0.240904664822, 0.978039059321, -0.186956040836, 0.0921251173015,  
439, 1490872.593473445, 70.86807573887698, 96.75651503359414, 78.2168687678886, 47.02959928385343, 0.892228331111, 0.397898836812, -0.213553554939, 0.363158486298, -0.351138339592, 0.863028261587, -0.268411100726, 0.847572051292, 0.457795914,  
440, 1872395.932799999, 76.46036377497133, 116.0096358627275, 87.07455375706627, 44.251068190141076, -0.277740857749, -0.594628269462, 0.754504630266, 0.905038843701, 0.101397329946, 0.413065700431, -0.322125297562, 0.797581220088, 0.509999500033,  
443, 1237339.8366784102, 66.59886002204776, 109.29663279912882, 79.53092458039494, 33.98267580589051, -0.348239282175, -0.917464229272, 0.192324700328, 0.0843723116565, 0.173657343236, 0.98118522215, 0.933600940111, -0.357914116997, -0.016934269333,  
452, 2271935.2801479003, 81.55221892589883, 124.54654796865469, 90.25181624303397, 48.25248684969831, -0.95614394891, -0.194365177833, -0.219113958041, 0.189881047214, -0.980927447385, 0.0415515448107, -0.223011068943, -0.0018763296733, 0.974814106646,  
455, 1898415.8106328878, 76.81291458860387, 117.40337227137738, 62.84145426902114, 61.42935203068359, -0.756325816545, -0.147958111265, 0.637243796783, 0.19048143625, 0.882076104432, 0.430881153491, -0.62584988749, 0.4472696539, -0.638953656401,  
461, 1152788.8229640052, 65.04596821511662, 133.4342788644224, 68.3175776077548, 30.18987230504591, 0.387837203589, -0.514951840497, 0.764465110702, 0.634044359274, 0.751030326511, 0.184231373913, -0.669006766771, 0.413253010431, 0.617779811409,  
463, 1855095.6183612035, 76.22414532073427, 118.06194936204133, 87.66594074647247, 42.7894636708052, 0.0907393913978, -0.993566031178, 0.0677709712093, 0.0642253827087, 0.0737483881685, 0.995206649625, 0.993801520961, 0.0859518291396, -0.0705040424578,  
480, 1741477.7925410084, 74.63509852412784, 123.94347628256705, 96.15120400715179, 34.885980342252346, -0.440994346072, -0.769527541293, 0.461899718471, 0.788504605382, -0.0863636084484, 0.608934983744, -0.42870091442, 0.632746940196, 0.64486187331,  
495, 242197.5688002781, 38.66877285161511, 79.94534475144262, 35.28658301520896, 20.49643761254418, 0.608941757902, -0.0930943716039, 0.787733059773, -0.536769683344, 0.682807171163, 0.495633608678, -0.584010481521, -0.724643225997, 0.365819562749,  
497, 3308667.8033964923, 92.43891770349961, 126.34904881841788, 103.60905661110422, 60.33854867769788, 0.064946974127, -0.937598442275, 0.341600719548, 0.997850887903, 0.0640013946226, -0.0140508717433, -0.00868884699604, 0.341779142913, 0.939740135042,  
504, 771497.8332607128, 56.896039150716994, 121.16552281260829, 99.52628889907972, 15.273171565364983, -0.870152282238, 0.0979316996266, 0.482953815518, 0.384095580672, -0.479192417482, 0.789205430757, -0.308716035579, -0.872229332937, -0.379355242669,  
509, 384139.28604401957, 45.09551716325071, 118.58434338936338, 60.51403449180426, 12.779582145084365, -0.912031351358, -0.00874704231132, 0.410027198355, 0.38627364961, -0.354266503721, 0.851638369238, -0.137809585142, -0.935103595112, -0.326480910087,  
513, 1076009.216163142, 63.56857273662808, 104.46512385777989, 68.40560862578684, 35.94714032625464, -0.958927278599, -0.0306330211225, 0.281993071502, -0.0504274295176, 0.996725707944, -0.0632055177611, -0.279133567868, -0.0748296808768, -0.957332215142,  
515, 3422968.272236659, 93.49134795057613, 104.27681350086917, 90.78243473969769, 86.32263460275853, -0.253012615319, -0.962298953807, -0.0998265495324, -0.964725298002, 0.243192973453, 0.100808120003, 0.0727304330034, -0.121810923833, 0.989885035219,  
516, 2458498.2909446685, 83.72601744159412, 121.20096786010734, 90.3463454580588, 53.59997950053254, 0.38731256119, -0.495230058879, -0.777647843646, -0.863768678897, 0.0999730321791, -0.493871503727, -0.322323826766, -0.862990487561, 0.389043402564,  
547, 665314.6644676409, 54.15594795926116, 139.96526249719074, 59.83905350337518, 18.96415552087091, 0.876935863982, -0.0176840780196, 0.480281962857, -0.183566796191, 0.911233859355, 0.368722232719, -0.444169699324, -0.411509570909, 0.795847442198,  
561, 2270874.1222512345, 81.53952002278005, 89.03899102652562, 81.04560338694436, 75.1267777657203, -0.995628584039, -0.0749004136734, 0.0558000956589, -0.0907966272985, 0.63606397594, -0.766275793029, -0.0219019431831, 0.767992543286, 0.640084180668,  
562, 1033639.8381543523, 62.72300787131443, 113.62912161308732, 82.10209417307847, 26.45067417633704, -0.97678573047, -0.133138639616, -0.167820557116, -0.119542471156, -0.311308265757, 0.942760182264, -0.177761734745, 0.940936377399, 0.288165749783,  
593, 243608.3304333547, 38.74370732648162, 117.68513445470523, 39.4560125168329, 12.524740183285815, -0.174237417081, 0.963856692111, -0.201548008082, 0.152430831188, 0.228612360318, 0.961509870159, 0.972834088729, 0.136808865878, -0.186754303899,  
595, 434657.9366427834, 46.9915389562025, 109.70662448096272, 56.211303024212654, 16.826837450001527, 0.670174675494, 0.573143049791, -0.471564363373, 0.53565177036, -0.813292437334, -0.227228062275, 0.513753915058, 0.100311793181, 0.852053084562,  
602, 2017849.8264651336, 78.39109739475839, 117.75139923107868, 75.7338682023919, 54.01868608042726, 0.768097149357, -0.381667149804, 0.514156548057, 0.373703221022, 0.91921261165, 0.124072870454, -0.51997372217, 0.0968419400104, 0.848674829901,  
605, 2068708.8185513252, 79.04424437354793, 113.55748682154712, 99.77244075876435, 43.589750923928996, -0.633998330202, -0.765226768278, -0.111687557107, -0.771354537426, 0.6154175031, 0.162090945058, 0.0553018525317, -0.188916092456, 0.980434809214,  
606, 430089.7033886588, 46.826332582812626, 149.32519526387122, 40.358996219455555, 17.0371516269198, 0.0812389260853, 0.834201238342, 0.545443425881, -0.540706238849, -0.422835775153, 0.727218447594, 0.837279523312, -0.354003109025, 0.416707089743,  
609, 1730501.1887093454, 74.47795857503061, 149.6681665292943, 77.20098644894745, 35.754524318982675, 0.293422815899, 0.559444554451, 0.77519342206, -0.465155327785, -0.624872313587, 0.627028797382, 0.835184753299, -0.544569905713, 0.0768768212731,  
613, 1157797.5177104098, 65.1400371039354, 122.74223597518846, 64.72526699964345, 34.79173795898159, 0.741565327848, -0.617337500334, -0.262631443691, -0.589498418422, -0.412719740253, -0.694373120652, -0.320269385379, -0.669743851549, 0.669978129569,  
619, 3316728.674550683, 92.51392613017035, 108.40020917665197, 94.66556760072467, 77.16123546076638, -0.387490706684, 0.702486548831, 0.59696197613, -0.606793534596, 0.293139966595, -0.738830539676, -0.694011929729, -0.648522635454, 0.312675283158,  
620, 2633628.2758240127, 85.66865641210607, 113.17828101936509, 91.57180705368687, 60.6653893217336, 0.238140446409, -0.847706060146, -0.474007978178, 0.049670020741, -0.476780268324, 0.877618063155, 0.969959801653, 0.232540343444, 0.0714350883481,  
621, 1453836.5875648882, 70.2763172911231, 106.40827532650458, 78.54177223573281, 41.528943634099555, -0.748004468722, 0.540638154564, -0.384967142237, -0.0507088102226, 0.531787683055, 0.845358194327, 0.661753678749, 0.651852932785, -0.370364445758,  
622, 3538065.53164666, 94.5276992984512, 121.46635531779098, 96.98189063744735, 71.70189217141926, -0.581228148777, 0.597505520475, 0.552413787003, 0.0394090713192, -0.657392061455, 0.752517509852, 0.812785804605, 0.459154473503, 0.35854763323,  
623, 2908281.7628011773, 88.54878847461437, 104.50837051441944, 95.1082890259565, 69.85193246277706, -0.851103832503, 0.524981041545, -0.00414394946573, 0.520859450828, 0.845358336793, 0.118636903605, -0.0657852474483, -0.0988139080915, 0.992929057277,  
624, 3360880.5551148043, 92.9226292263103, 119.13644950075097, 101.9479902840534, 66.06039203832373, -0.821714282188, 0.26816717915, 0.502863801119, 0.563036339347, 0.518531041972, 0.643518173081, 0.0881800375573, -0.81191866744, 0.577072229828,  
625, 3291828.272163415, 92.28182765429418, 106.25012299148538, 100.72108927080002, 73.43425719569396, 0.680085218713, -0.71756463409, 0.150283369641, -0.182541769015, 0.0327944638524, 0.982651019287, 0.710044081626, 0.695719425518, 0.108682487568,  
626, 3094335.508323949, 90.39816134636652, 102.20476438918415, 88.78282017818175, 81.41017982916935, 0.879189741641, 0.13508430852, -0.456921905566, 0.35255732216, -0.829514657687, 0.433138277312, 0.320513233401, 0.541901893587, 0.776925739657,  
627, 4222279.479511659, 100.26579210034835, 109.67085351115009, 99.97495064681918, 91.93395534239019, 0.604851759177, 0.793176150399, -0.0708938915516, 0.427120960995, -0.247991691147, 0.869521595937, 0.672102696096, -0.556211934033, -0.488780370248,  
628, 3440553.844557204, 93.65117914656783, 103.32625671727112, 90.58189296040274, 87.7581907792406, -0.133001235749, -0.640046795443, 0.756736923199, -0.117127963301, 0.768320028694, 0.629257795916, -0.984170570329, -0.00494299010768, -0.177154890834,  
629, 2741004.988621712, 86.81745931841624, 106.1702669186272, 86.26326473327937, 71.44838506396944, 0.321646010574, -0.221764398519, -0.920523978738, 0.523659299409, -0.768313256771, 0.368070207451, -0.788875644208, -0.600429255633, -0.130995904349,  
630, 3111387.208869785, 90.56390717195843, 132.15614141060834, 79.90015989744772, 70.34454975513015, -0.00843257346742, 0.69008439206, 0.723679779695, -0.974059567799, 0.15799202538, -0.162007648882, 0.226134584008, 0.706273354836, -0.670851025314,  
631, 3351264.3630197835, 92.83392078432855, 107.29268329387536, 93.1589591789617, 80.04336621376662, 0.728640434888, 0.661227367705, -0.178497856694, -0.196171557111, 0.451189444043, 0.87060025601, 0.656201064329, -0.599338346664, 0.458468875051,  
632, 3206238.514823905, 91.47499740078696, 105.06826189586312, 93.19333904037693, 78.17192327200038, 0.906337766633, -0.35950458132, 0.222054742766, -0.331839318832, -0.280224242907, 0.900753595699, -0.261599922119, -0.890073496795, -0.373275569855,  
633, 3298026.881346146, 92.33971446463435, 101.64866423597557, 90.8435397508456, 85.2648156812468, -0.998174070549, -0.0107325303816, -0.0594418848624, -0.0541292461307, -0.277784264611, 0.959117264493, 0.0268057754543, -0.960583528448, -0.276696106363,  
634, 12993.182432399737, 14.583965971561273, 93.4041718573952, 14.432858860219463, 2.3009558628091815, -0.50114713224, 0.522719763361, 0.689648896787, -0.498505997993, -0.825812794528, 0.263675934356, 0.707349504709, -0.211653673214, 0.67443265105,  
635, 3315224.658567998, 92.49994011418012, 97.43767102343308, 91.82859038455315, 88.45442061519844, -0.127234783635, -0.431846790457, 0.892927577917, -0.153901224009, 0.897936729486, 0.412339718058, -0.979860052804, -0.0849586923818, -0.18071053513,  
636, 3401941.6933112866, 93.29952202487756, 102.73381188223152, 89.52202210633584, 88.30696736517663, -0.47030236667, 0.164741410431, -0.866992474935, 0.853023067439, 0.336672932329, -0.398751781255, -0.226201967987, 0.927098486854, 0.298866300129,  
637, 3156685.947142103, 91.00129847257946, 103.32497196264985, 90.18397111170495, 80.87384970281465, 0.879829417288, 0.391538959226, 0.269439120921, -0.252996508096, -0.0940999117883, 0.962880041071, 0.402359246652, -0.915337342191, 0.0162661189122,  
638, 2434635.078784173, 83.45424297478098, 100.35931747104293, 84.72470961017984, 68.35613168730033, 0.683928391903, 0.280258347738, 0.673570496142, -0.179311010438, -0.830372658081, 0.527568773002, 0.707170075926, -0.481597868802, -0.517662029205,  
639, 3133531.957152888, 90.77825697287854, 100.23752975547114, 87.83041162254662, 84.97090530440671, 0.0960427760104, -0.933505798289, -0.345460142037, -0.944056597403, 0.0245745466622, -0.328866587778, -0.315488392935, -0.357719186257, 0.878922099908,  
640, 2302048.605619647, 81.91094944274235, 110.56290938943421, 108.02597524105897, 46.013813268615635, 0.669250974156, -0.145052137873, 0.728740702095, -0.0463295606818, 0.970705948263, 0.235761603772, 0.741590658921, 0.191545919572, -0.642925699671,  
641, 2419131.058104226, 83.27671704309249, 114.805156567538, 94.08485945571853, 53.467472189858654, -0.246831728741, 0.066756683267, 0.966756247937, 0.584390494907, 0.806062603312, 0.0935458657838, -0.773021246247, 0.588053249954, -0.237973797022,  
642, 3070997.801919469, 90.17032439713964, 100.24798343936033, 92.39238459907232, 79.15513153065646, 0.727738798339, 0.666697158569, -0.160969376429, 0.614807392259, -0.530107344928, 0.583950403096, -0.303987025736, 0.523928527195, 0.795670023675,  
643, 4180964.50970728, 99.93768627531409, 107.93111371849554, 101.56826901815221, 91.05067341979577, -0.998618430567, 0.0519337200925, 0.00800742468086, 0.0192261865336, 0.21929147644, 0.975469939112, 0.0489038227957, 0.974276211902, -0.219986997429,  
644, 3596935.5483701704, 95.04910144116486, 114.6664265614716, 96.65702869424462, 77.47727326131749, -0.176488286531, -0.891704379566, -0.416791535638, -0.0717176281038, -0.410663444797, 0.908962109731, 0.981686541894, -0.190312465618, -0.00852636464102,  
645, 3097294.831583998, 90.42697013201364, 107.04143768818582, 90.72340694714626, 76.14171490882337, -0.901885345147, 0.378733095749, 0.207759636101, -0.116616751413, -0.676560459449, 0.727094545434, 0.41593672295, 0.631527661226, 0.654346586762,  
646, 3288466.7788249347, 92.25040535913539, 106.26199073730399, 88.34431045421596, 83.62734641410768, -0.92362582607, 0.350305764495, 0.155567364117, 0.354166587295, 0.624783997395, 0.695852703554, -0.146565213677, -0.697804290587, 0.70113323283,  
647, 3781457.53772597, 96.64740691532116, 112.0047068798145, 100.05332878988804, 80.55691063879273, 0.562320930906, 0.682504023215, -0.466886955227, 0.763558218408, -0.2118035933, 0.610014823564, -0.317449236521, 0.699519475183, 0.640233149776,  
648, 3600123.4933913318, 95.07717365528292, 133.96321952435818, 89.96656943099669, 71.3119073216457, -0.988915859962, -0.0971124087681, 0.112314745156, -0.0328938058315, 0.880943015881, 0.47207774816, -0.144787497575, 0.463150712871, -0.874372916846,  
649, 2877040.823196818, 88.23058084740153, 95.97056102632449, 88.62288149021958, 80.75576112864842, -0.937219326929, 0.259132119075, -0.233389113059, 0.105607103726, 0.848698876285, 0.518225199152, 0.332365872004, 0.461043124075, -0.822783182175,  
650, 3207747.6857826714, 91.48934752418624, 107.1039657364863, 92.03979337260766, 77.6837897668797, -0.722028603139, -0.686617974729, -0.0850320705873, -0.652640800613, 0.716725939851, -0.245690684643, -0.229640331008, 0.121900303211, 0.965611533926,  
651, 3321344.3089907635, 92.55682106062547, 98.15847430589042, 90.76530124672723, 88.99746515490064, -0.979555385537, -0.196610018263, 0.0426115874311, -0.192664994225, 0.977787649245, 0.0825318907123, 0.0578916804451, -0.0726347967795, 0.995677025763,  
652, 2654011.4789409935, 85.88910209278774, 94.73135752880515, 91.07160622673298, 73.44080530398625, 0.71744226344, 0.695581655614, 0.0379836675946, 0.495159802069, -0.547556030422, 0.67453625845, -0.489993233673, 0.465132834707, 0.737263912742,  
653, 3526895.3089864976, 94.42811487855893, 102.36732918969354, 96.11819097696052, 85.57304739593037, -0.875354047899, 0.411079248451, 0.254497823802, -0.377191941339, -0.909942599163, 0.172425942417, -0.302459138094, -0.0549392184309, -0.9515777173,  
654, 3503741.132223005, 94.22101985543176, 111.16682379015108, 94.93190563576336, 79.2603537030477, 0.325246542281, -0.889475668982, 0.321010468714, -0.709219852353, -0.00491128463073, 0.704970269098, -0.625477327937, -0.45695613966, -0.632431180971,  
655, 1948279.6774776534, 77.4796345680449, 104.08382736895312, 72.77508358266729, 61.40400869253602, 0.725875952174, -0.0825048198659, 0.682859470721, -0.542856529018, 0.540938702812, 0.642411167946, 0.422387133986, 0.837005540303, -0.347866115832,  
656, 3711318.256952101, 96.04612832973686, 114.48174916421935, 108.64127583518085, 71.2374680535965, -0.865772845929, 0.0634098004984, 0.496403642667, 0.229386804036, 0.931880546267, 0.281034413591, 0.444768561599, -0.357180409162, 0.821342244088,  
657, 2269544.095222843, 81.52359796821827, 99.7177185195158, 88.60813547462654, 61.32027363723201, 0.212788264568, -0.452034132139, 0.866248404237, 0.902515767383, -0.24879037782, -0.351523310079, 0.374414802174, 0.856602878402, 0.355028258913,  
658, 628836.9741547685, 53.14753827019472, 108.82934220352958, 55.79314961173749, 24.724218732662305, -0.979297285312, -0.181175256121, 0.090290384593, -0.0413936276339, 0.615842569098, 0.786781098958, -0.198149929528, 0.766755147786, -0.610592457185,  
659, 3383832.872249313, 93.13368035157454, 106.719934211205, 97.50958262563158, 77.62961805490927, 0.492084949321, -0.870534213203, -0.00475250401623, -0.784408701558, -0.445755473559, 0.43128302391, -0.377565082566, -0.208499979459, -0.902204171456,  
660, 3393881.5178487697, 93.22577931375892, 102.64000546300254, 91.23351892843105, 86.5240769431615, 0.862579804149, 0.504806319268, -0.0335657787301, 0.409377931889, -0.657456106695, 0.632582940531, -0.297263839639, 0.55939435803, 0.773764926736,  
661, 2285394.5447494676, 81.71294423322543, 99.00476372511157, 90.58658488136186, 60.83487196650159, -0.600293576112, -0.541623254666, 0.588465693549, -0.167731966349, 0.804679695041, 0.56952311266, 0.781993356713, -0.243176558069, 0.573891585286,  
662, 2730481.410528136, 86.70621033553677, 108.34264611180717, 88.31560866802606, 68.12612860295896, 0.220676668342, -0.861621242216, -0.457067438145, 0.165466817629, -0.428755072171, 0.888138401575, 0.961208895253, 0.271620917917, -0.0479534840893,  
663, 1925294.8892352015, 77.17374035270117, 119.45887739563238, 70.78499758702041, 54.356188731543256, 0.0124980852828, -0.284367205853, 0.958633970867, 0.0743883516881, -0.955787765232, -0.284492743257, 0.997151027176, 0.0748668155326, 0.00920809071544,  
664, 3806605.66144305, 96.86118099788705, 111.2103132077891, 94.7785464743887, 86.21725109645001, 0.301617770267, 0.282020304821, 0.910764112341, -0.626015849984, 0.779072093284, -0.0339238711568, -0.719118123974, -0.559920727545, 0.411531168489,  
665, 3238279.8438876406, 91.77870435709664, 112.40255929303291, 87.99637291834121, 78.16004414989918, 0.0425342031596, 0.894680885067, 0.444676236668, 0.462128561611, -0.412222660568, 0.785181297954, 0.885792319963, 0.17210052879, -0.430991152909,  
666, 3019355.053795811, 89.66202136909301, 95.09552155068927, 93.90392089734291, 80.72011752621947, 0.0569447621822, -0.112355934748, 0.992034998368, 0.655933386658, -0.744891461911, -0.122016811301, 0.75266771309, 0.657657094464, 0.0312803416405,  
667, 1101735.0019824707, 64.07119821530772, 102.18978225735343, 57.664229650193505, 44.63490034712125, 0.745494590498, -0.609581240243, 0.269533907112, -0.562016672287, -0.357533769926, 0.745859814867, 0.358294677061, 0.707517006797, 0.60913431153,  
668, 3737135.3469601665, 96.26832286989817, 109.25897230787939, 92.27146941492943, 88.4964133407706, 0.904039412749, 0.29815072971, 0.306298681961, 0.15046918192, -0.892682204375, 0.42482644372, 0.400089696805, -0.337971336603, -0.851882392203,  
669, 2982277.4859628608, 89.29349329349466, 112.41225218261265, 87.63661578745953, 72.27035587795321, 0.0766595509384, 0.505814508634, 0.859229303565, -0.689087446145, -0.595953549529, 0.412307965444, 0.720612104266, -0.623691469926, 0.302864896491,  
670, 3191079.6957970015, 91.33060764230322, 105.48895924575935, 85.67439816525885, 84.29289532401356, -0.754678766, 0.648938843141, 0.0966350765088, 0.586334771186, 0.73317200939, -0.344485617618, 0.294400231397, 0.203315475335, 0.933804755419,  
671, 3287654.9708103407, 92.24281359607886, 113.09491467015202, 101.60781347772921, 68.30105957418088, 0.134893830265, 0.976858866875, -0.165983158075, -0.84914471244, 0.200296603643, 0.488706995964, 0.510643625136, 0.0750201624711, 0.856513317661,  
672, 1596292.2048605718, 72.50054331952279, 116.55262381403348, 72.54943247148044, 45.06794019898079, -0.476583684986, 0.600819639058, 0.641781701614, -0.135057015358, -0.771391287545, 0.621864200692, 0.868693037734, 0.209693211196, 0.448777409604,  
673, 2792878.183901233, 87.36171037699232, 103.78091586531546, 88.41110575706959, 72.66730652218122, -0.714821346776, 0.283852805565, 0.639107210855, 0.693699667292, 0.403327546503, 0.596747569606, 0.0883810714595, -0.869916360925, 0.485215736763,  
674, 3404606.2342899656, 93.32387434537233, 121.53149905393215, 95.68719374441142, 69.89330994456078, 0.608742748575, 0.648089270104, 0.457616175451, -0.19852784381, -0.434016784274, 0.878758286562, 0.768126917436, -0.625787287299, -0.135540804796,  
675, 1738043.8452847209, 74.58600963431736, 94.77917283539618, 79.13669086216063, 55.31989136105026, 0.0787047590192, -0.233730459417, -0.969110743542, -0.0195548055918, -0.972301233444, 0.232911831003, 0.996706160554, -0.000619502655096, 0.0810952879671,  
676, 3267508.178487957, 92.05400567724399, 95.88697703514204, 91.40577682163054, 89.00098291209356, 0.177800955299, -0.0222154703922, -0.983815680486, 0.921375279239, 0.354886590217, 0.158502690487, -0.345621780422, 0.934645377113, -0.0835679599994,  
677, 160295.614978056, 33.698534225114095, 122.59659144993697, 66.44638362143384, 4.69767846367512, -0.421984234698, -0.371501391523, -0.826992153386, 0.191021952053, -0.928143416236, 0.319468954252, -0.886250483498, -0.0231627933024, 0.46262681019,  
678, 3373674.3688916634, 93.04038898897645, 99.3996674323174, 92.40542409231796, 87.68638306574886, -0.534413002914, -0.0124151486204, -0.845132301123, -0.835161000541, -0.146072797976, 0.530253562805, 0.130034016673, -0.989195936999, -0.0676945546665,  
679, 2121177.603786619, 79.70694084984214, 100.30312016923791, 88.00349987494518, 57.36857157100788, 0.962340910609, -0.26341098732, 0.0671909482484, 0.0158825411282, 0.301223920941, 0.95342115266, 0.271381128037, 0.916449017247, -0.294063738215,  
680, 2628342.6387737715, 85.61130629227517, 112.27450573793652, 88.20693820893179, 63.35916892457012, 0.677735575508, -0.505531003532, 0.5339596372, -0.431471712669, 0.314593663867, 0.845495705383, -0.595404611048, -0.803410997636, -0.00491101006876,  
681, 3095144.2401939346, 90.40603611255005, 102.95379651873819, 93.83859092402014, 76.48362077349731, 0.720494665564, 0.355627699189, -0.595328796938, 0.605724104898, 0.0952201588509, 0.789956600133, -0.337617750778, 0.929764519068, 0.146806653262,  
682, 2795342.4912476568, 87.38739747610728, 97.38016610434525, 85.99219919411443, 79.6923896912123, 0.508903548044, 0.608088707141, 0.60929902596, -0.599065021015, -0.258113653493, 0.757956755018, 0.618173340888, -0.750736615683, 0.232929720061,  
683, 2943750.4069192973, 88.90730755784459, 104.4358619661265, 84.76296898216096, 79.38831045286982, -0.0579382231852, -0.996126280487, 0.0661482850676, -0.84633627286, 0.0138670641807, -0.532468419507, 0.529488503686, -0.0868339671687, -0.843861236585,  
684, 2919126.0615019114, 88.65871116453275, 102.70449975517744, 87.1914450384356, 77.82173231623283, -0.347219221572, -0.845498950757, -0.405672696197, -0.937396221231, 0.300481988208, 0.176065042481, 0.0269654703677, -0.441409219468, 0.896900643537,  
685, 3245559.6870683795, 91.84742752320284, 99.60519533652108, 92.88808670508215, 83.74501836245584, 0.61197929385, 0.775191768296, -0.156713325104, 0.324643549016, -0.0655402240374, 0.943562952386, -0.721171207122, 0.628316959344, 0.291770266853,  
686, 3666147.9493627115, 95.65487884103378, 125.08867779531911, 97.50348919227058, 71.7601302864958, 0.0994746816322, -0.352665712872, 0.930447033785, 0.966378039261, -0.188576847888, -0.174792041221, 0.237103928579, 0.916550962798, 0.322049778213,  
687, 3205465.954960992, 91.46764968497402, 106.52889332245995, 98.46061620378333, 72.95794529881684, 0.0661136223147, -0.913248891271, 0.40200180539, 0.902196668237, -0.117384440865, -0.415044654061, 0.426227827302, 0.39012479495, 0.816169396387,  
688, 2974162.162899025, 89.21242506714616, 106.2050351587276, 91.18672739838398, 73.31609044774721, -0.904651561896, 0.180828017643, 0.385884412219, 0.406171037204, 0.639890287418, 0.652353821637, 0.128959839076, -0.746887975605, 0.652324851437,  
689, 2707456.7985040913, 86.46180719079629, 94.7514106758415, 87.74995331556251, 77.73925021632017, 0.192327119894, -0.0776193480138, -0.978256365053, 0.0739927996251, -0.992882240672, 0.093326961604, 0.978537349597, 0.0903332329351, 0.185214908878,  
690, 3073880.6170540475, 90.19853054776338, 104.58325844206796, 87.41803961797505, 80.26665325458806, 0.684380329349, 0.257405397319, -0.682177415509, 0.588466819638, -0.747415443709, 0.308345515114, 0.430500135872, 0.612464379321, 0.662990963044,  
691, 2732556.2886321256, 86.72816730208399, 113.41169011531413, 83.16103295301032, 69.16761644198326, 0.856121189749, -0.0986794369883, 0.507266081242, -0.323228254805, 0.663638570531, 0.674616441395, 0.403212107654, 0.741516160592, -0.536259060363,  
692, 2542677.8927056943, 84.67091361754204, 113.67155749934884, 88.00478869226572, 60.67986734212226, 0.363163740603, -0.658605554464, 0.659052972939, -0.673220167429, 0.30351530229, 0.674279665601, -0.644116995334, -0.688561678359, -0.333160789136,  
693, 2676734.139767431, 86.13352273494631, 94.20044880426705, 87.53843033948507, 77.4934331910141, 0.831829155229, 0.554348462868, -0.0275324940006, 0.500197229259, -0.727226842201, 0.470046648561, -0.240547268436, 0.404770183805, 0.882212054979,  
694, 3510765.5520457556, 94.28394366250143, 108.29204012896633, 93.52407907852401, 82.75480946620999, -0.241787079387, 0.167078913092, 0.955836620475, 0.183576263825, -0.95939794001, 0.214138618808, 0.952805732351, 0.22724486684, 0.201298303255,  
695, 2796748.994061038, 87.40205161503125, 105.58824531324763, 82.28142873583683, 76.85063924388564, -0.020603051681, 0.117389125806, 0.992872251301, 0.438247350529, -0.891531641826, 0.114501490725, 0.898618258225, 0.437482713677, -0.0330772008734,  
696, 2360406.123891111, 82.5973361574149, 94.04416945248555, 84.08025857767784, 71.26433049288248, 0.22192646388, 0.171254401804, 0.959906544666, -0.859763786888, -0.430012544096, 0.275491275138, 0.459950948892, -0.886431690421, 0.0518071696805,  
697, 606378.5737796986, 52.50714594830452, 96.24007469522918, 81.41144833906984, 18.47624895530811, -0.229939690924, 0.515620535738, 0.825386698259, 0.326654612411, 0.839801430709, -0.433624631646, -0.916746694964, 0.169908858232, -0.361533507667,  
698, 3134471.2267508185, 90.78732626382047, 116.8139465577027, 90.99546169910522, 70.39815034134655, 0.877794493414, 0.460313201458, 0.132621958574, -0.216306045008, 0.13384935283, 0.967107049731, 0.427420778889, -0.877608174136, 0.217060752933,  
699, 3442177.5345477397, 93.66590900062062, 108.14810211127534, 98.6520745277103, 77.02284067591499, -0.589316248874, -0.512557819517, 0.6244924663, -0.806883575943, 0.412217000968, -0.423102870454, 0.0405617268737, 0.753234110861, 0.656500663022,  
700, 3553773.9081239495, 94.66738811526113, 105.5688360304852, 95.64557412450716, 84.02346235413675, 0.482315508254, 0.782723329162, -0.393339472317, 0.685857635593, -0.616748329225, -0.386291084672, -0.54495050619, -0.0834606996307, -0.834304055738,  
701, 3092528.044161952, 90.38055678471399, 102.78815251507201, 91.9185443059859, 78.1409774100165, 0.303033013304, 0.19026708277, -0.933793033847, 0.24590823354, 0.931070002704, 0.269513989881, -0.92070632317, 0.311299031927, -0.235356706291,  
702, 3179096.9650040693, 91.21614661434009, 102.75142673329951, 94.06308741572808, 78.52502346296974, -0.296930412158, -0.414997112571, 0.860005655152, 0.483886857098, 0.711034216467, 0.510180215747, -0.823216763595, 0.567633455295, -0.0103160344467,  
703, 1445825.4983778568, 70.14699805621224, 119.14641336883147, 79.79737655287445, 36.304267899491, 0.640693697308, 0.657431304426, -0.396605176707, 0.660820247856, -0.735170141307, -0.151133925225, 0.390932457407, 0.165254177831, 0.905462793523,  
704, 3189381.5941012874, 91.31440453945966, 102.22930650275515, 93.08918296478873, 80.00981036435267, -0.315402465873, 0.207891027796, 0.925906369501, 0.946845337705, 0.0038717359327, 0.321665845447, -0.0632865782557, -0.978144329955, 0.19806180548,  
705, 2242639.754024661, 81.2001757116975, 140.54062387186312, 65.88611772865713, 57.819603886000685, 0.279496487843, 0.118041553639, 0.952863004266, -0.48936375579, -0.836326339072, 0.247146452722, 0.826077979251, -0.535373184039, -0.175985016433,  
706, 3065946.434883128, 90.12085802410967, 99.82471397903475, 95.50503859693755, 76.7735450473562, -0.141528511092, 0.224609891181, 0.964116215677, -0.738584970766, -0.672432615042, 0.0482350410745, 0.659137255439, -0.705255113425, 0.261061876728,  
707, 1833589.7497086762, 75.92844768410362, 101.71559013614868, 81.46760400374662, 52.82519346899245, -0.836484309629, 0.461669046725, -0.295221427135, 0.282245188212, 0.824748104278, 0.490028793258, -0.469714438223, -0.326576569561, 0.820192715609,  
708, 3857976.7939792294, 97.2949577694096, 110.49901955112988, 99.95093221895279, 83.39225699396063, -0.419025534859, 0.239696769608, 0.875764271808, 0.904764663539, 0.191257743582, 0.380554042327, 0.0762791239287, -0.951822427851, 0.297011045406,  
709, 3546342.81463569, 94.60135754821363, 119.66598044946711, 95.25545701472154, 74.27309772802602, -0.203938885173, -0.542798382964, 0.814726240258, 0.812980780437, -0.557543089931, -0.167952235801, 0.545409187449, 0.628104782916, 0.554989369199,  
710, 3556608.13309616, 94.69254797689085, 103.44070875700567, 96.1758950758763, 85.3472797567415, -0.544715587856, 0.0217510418374, -0.838338726605, -0.493056214422, 0.80032816422, 0.341131058357, -0.678366049981, -0.599167523932, 0.425226740103,  
711, 2979945.711964301, 89.27021505106443, 110.65200011734106, 89.33559053943618, 71.9674246623591, 0.17087908289, -0.878657909691, 0.44582576952, -0.252232636653, 0.398392622239, 0.881851470233, -0.952459466874, -0.263141779812, -0.153549235359,  
712, 3642193.244641371, 95.44608628276684, 119.42617393366406, 101.15716300933668, 71.97442687738281, 0.350587089996, -0.742787268099, -0.570399655223, -0.781623876894, -0.567574443017, 0.258695509629, -0.515899997477, 0.355142683979, -0.779564536532,  
713, 2803243.4046226824, 87.46965224804539, 100.11054854520702, 87.89876640800507, 76.05181420638564, -0.531839867783, -0.803948041265, -0.266108816056, 0.00281166311574, -0.315910202223, 0.948784927516, -0.846840273952, 0.503853442061, 0.170274071236,  
714, 2568885.874673704, 84.9608275228075, 110.11431698893895, 87.17995668139241, 63.884538707595816, 0.356746253936, 0.871964033248, -0.335277250979, -0.387454935489, 0.46467074555, 0.796215907399, 0.85006516413, -0.15414221664, 0.50361631604,  
715, 3618747.170823552, 95.24083860254463, 108.76456758783067, 94.41881044714263, 84.12472742584616, -0.0668710078968, -0.660668347961, 0.747693521642, 0.0162538206449, 0.748550141449, 0.662878947509, 0.997629230535, -0.0564802597317, 0.0393179175865,  
716, 3233070.4657243663, 91.72946354539249, 120.7745852144964, 92.20240363572367, 69.31205312536905, 0.225181449511, 0.81350669175, 0.536190430047, -0.267890030704, -0.477418763027, 0.836843029581, 0.936764776369, -0.332081597183, 0.110424483549,  
717, 342183.1213205134, 43.39003409692053, 130.49059089253652, 100.51947913809302, 6.227884460589825, -0.802149533128, -0.314582945906, 0.507536891908, -0.580265526572, 0.21012771591, -0.786853392748, -0.14088309045, 0.925680243471, 0.351095487971,  
718, 2559346.1291238167, 84.8555276534804, 108.21917925779279, 79.92088638602138, 70.64409847920129, -0.00588061237305, 0.119732567124, 0.992788764425, -0.1959803598, -0.973690582948, 0.116268427573, 0.980590188086, -0.193883369704, 0.0291911284743,  
719, 1351290.8388980401, 68.58356787871519, 110.11579777029975, 77.1258505246896, 37.98486850179958, 0.19380582052, 0.980878307431, -0.017805896331, -0.328675849154, 0.0820207821716, 0.940874474877, 0.924343815966, -0.176494581513, 0.3382871156,  
720, 2610029.73213183, 85.41201122078013, 110.75677679085841, 88.15930424025044, 63.81435481570323, -0.243110804552, -0.969974056887, 0.00688953387379, 0.155072331623, -0.0318535387928, 0.987389449018, 0.957522693556, -0.241113419438, -0.158160078059,  
721, 3321669.639654891, 92.55984298851165, 104.53449340768788, 95.69938952330322, 79.26820820679785, 0.700254963002, 0.487496446634, -0.521526798267, 0.649594456618, -0.132119371292, 0.748713238604, -0.296091250669, 0.863071078329, 0.40919223481,  
722, 2959742.7316480638, 89.06801723202742, 103.88993982942716, 94.30216796754371, 72.1224018890949, -0.629151516143, -0.406852860752, 0.66229836134, -0.77643141165, 0.368823103567, -0.5110027214, 0.0363680180631, 0.83572738855, 0.547938955805,  
723, 2792795.85363705, 87.36085193361151, 125.0530892363372, 82.38198027417921, 64.7178274523426, 0.209530907801, -0.586270783422, 0.782549274604, 0.655149333726, 0.678281541296, 0.332736384028, -0.725862348655, 0.442968079261, 0.526215860234,  
