# Void_ID, Void_Volume, r = (a*b*c)**(1/3.0), a, b, c, vector_a, vector_b, vector_c 

14, 1383355.2067296358, 69.12179907229621, 115.7690264461579, 93.21730391048766, 30.602448854148868, -0.0163417401632, -0.033210733044, 0.999314762594, 0.485945618185, -0.873734537451, -0.0210906195302, 0.873836256798, 0.485267972646, 0.0304169529821,  
26, 733727.0742293787, 55.95196094011345, 107.60792339938453, 65.47074029332765, 24.86305170946311, 0.654066292382, 0.0840671135214, 0.751751292379, -0.378574782694, -0.824011009226, 0.421529347237, 0.654888096607, -0.56030221943, -0.507132136453,  
27, 445747.46075006796, 47.387822841111294, 130.79170307423414, 72.4908487743314, 11.22372168282898, -0.0587652794042, -0.485751094204, 0.87211955397, 0.713740129204, -0.631241841961, -0.303494258465, 0.697941021792, 0.604631798236, 0.383795151953,  
40, 1811627.4780848217, 75.62407866747884, 136.9794606025419, 84.53476840310125, 37.3499023827567, 0.540328364332, 0.540933121301, 0.644543727747, -0.235039609537, -0.638474337756, 0.732875775269, 0.80796141037, -0.547486875009, -0.217845084971,  
62, 529287.2413146895, 50.18041769356555, 98.29243185171502, 38.58364469055842, 33.318043149130446, -0.165830285894, 0.860553269963, -0.481610201134, 0.211464214235, 0.508042359384, 0.834970566648, 0.96321503434, 0.0366200850299, -0.266225030743,  
70, 2340470.2063608337, 82.36414021104514, 129.26733016311937, 85.57746698463629, 50.50871282063428, 0.438534471589, 0.510156258096, 0.739883848691, 0.463855789086, -0.833620477759, 0.299857809625, 0.769756665551, 0.211701420371, -0.602210249376,  
85, 725088.0716803715, 55.73149807213151, 93.19415793057884, 81.13279754085384, 22.893753988135796, 0.343543381267, 0.886110999709, -0.311103264822, 0.322967298456, -0.4225334817, -0.846851569622, -0.881856036616, 0.190454070678, -0.43134345671,  
91, 1394049.817264332, 69.29946707797502, 95.18686551596328, 75.82573785318813, 46.110094641990926, -0.281341400405, 0.623192768185, -0.729710757835, 0.344200238123, 0.775361269143, 0.529472471796, -0.895752874678, 0.102204089917, 0.432644324486,  
113, 1136424.0785859076, 64.73670726533759, 90.9838832455437, 80.85703603246911, 36.87818439037361, -0.281174389285, -0.67054210279, -0.686523307103, 0.0546809157319, -0.725416548254, 0.686134701771, 0.958097573457, -0.155383782634, -0.24063441115,  
158, 1932694.3317984992, 77.27248066547983, 105.43653504484823, 92.22433401577152, 47.45018507037246, -0.624698078213, -0.278250731552, 0.729608690647, -0.77986939009, 0.175117523896, -0.600947241632, -0.0394467422894, 0.944410071534, 0.326394808947,  
189, 154634.94982821634, 33.29709532867656, 87.97221910227525, 56.60255245653926, 7.4137422901384324, 0.647493072338, 0.695770011193, 0.310896788016, 0.657120648561, -0.716350767095, 0.234593332636, -0.385934158257, -0.0523991412779, 0.921037000062,  
190, 3026362.7533847177, 89.73133407845029, 127.46509946836414, 94.40985738114536, 60.03765808616149, -0.311672990087, -0.490720895237, 0.813666362969, -0.921607088316, -0.0523308775538, -0.384580100916, -0.231301366222, 0.869743917617, 0.435941734354,  
200, 1294843.81620495, 67.61498031317628, 117.53248115954834, 70.76938268657896, 37.16425797458439, -0.0387524890035, -0.88423104376, -0.465439261179, -0.99920120891, 0.0297424039037, 0.0266895770277, 0.00975647005408, -0.466101759985, 0.884677320062,  
218, 2688387.379986372, 86.25833671792748, 144.60698841027806, 111.07216964773903, 39.95845629034439, 0.421382453288, -0.312179437467, -0.85145805938, 0.855988603061, 0.44701660991, 0.259729978814, -0.299533536505, 0.838284050479, -0.455586996326,  
337, 876740.8451817845, 59.37371317593708, 113.91400123652751, 97.05312437887926, 18.931978505582503, -0.886639539295, -0.452427820663, -0.0958091563985, -0.164264835937, 0.114436203614, 0.979755795582, 0.432304743247, -0.884428302573, 0.175781644585,  
366, 2165863.1628255327, 80.26276839365502, 148.4828280673531, 85.50424477477735, 40.726632284820674, 0.804694615939, -0.0333379150391, 0.592752189789, -0.51299262406, 0.463521659454, 0.722486151339, 0.298839660586, 0.88545821733, -0.355891279217,  
370, 656511.2144572253, 53.91602258791634, 105.75514064066634, 74.712404700289, 19.836239248178853, -0.0308637638138, 0.998300804973, -0.0494260141399, 0.96506318749, 0.0426357946204, 0.258525111291, 0.260193144096, -0.0397201687759, -0.964739258016,  
413, 568837.4044068273, 51.40040160404834, 83.22750757231798, 68.36062038363453, 23.86858384380081, -0.602102738954, 0.214162774899, -0.769159669764, -0.777323042698, -0.377222193283, 0.5034603303, 0.182321636225, -0.90102037865, -0.393600175586,  
477, 259617.71936094385, 39.57448212861084, 124.17701019653487, 88.88679137007657, 5.615226677320885, 0.313109807969, 0.584694685324, 0.748394530383, 0.846397099934, 0.185642825145, -0.499147964731, -0.430783237112, 0.789727083508, -0.436757296673,  
569, 2766158.143916613, 87.08221465835973, 114.19912904087546, 106.80820521559242, 54.14034104501186, 0.772009329885, -0.0229840688836, 0.635195503092, -0.519816042608, -0.597927174569, 0.610142914209, -0.365777085694, 0.801220835032, 0.473552845089,  
584, 1028318.3147450672, 62.615182949018454, 141.77006253916, 106.95058225926573, 16.190910693305113, -0.568895278788, -0.240357925336, 0.786502529876, 0.0415877898974, 0.946707474827, 0.319398517277, 0.821357788972, -0.214413210497, 0.528581457923,  
585, 911022.6783052508, 60.13770628025818, 112.7335977202883, 52.05201803739152, 37.063774091860324, -0.190690733277, -0.500600809679, 0.844414515265, -0.955570723533, -0.102300434315, -0.276440252977, -0.224770186122, 0.859612383861, 0.458851733072,  
631, 803781.6332847063, 57.67883629173742, 117.58057486116226, 44.801651895626286, 36.42670279986573, -0.470878451385, 0.273284000278, -0.838802324277, 0.878516982844, 0.23202670605, -0.417578158594, -0.0805071107199, 0.933530643777, 0.349341011409,  
686, 2470032.633789652, 83.8567501259344, 109.63609172311672, 104.60221595698134, 51.41852938983319, -0.125555912373, 0.842533056045, 0.523806989586, -0.851573241742, -0.362403002849, 0.378796881553, 0.508978120175, -0.398499828102, 0.762980445481,  
703, 222759.75014758421, 37.605327126630264, 65.19135195949384, 50.03168554137019, 16.304706700407685, 0.488454391621, -0.344933001226, 0.801519514405, 0.0371409984645, 0.925938908917, 0.37584263088, 0.871798631302, 0.153812748558, -0.465090082502,  
750, 726637.6454377725, 55.77117077931564, 149.32032042698654, 40.27223560285713, 28.847264225251653, -0.850532905751, -0.51481454444, 0.107516329305, -0.490676007982, 0.850353521422, 0.190094565403, 0.189290336324, -0.108925999823, 0.975860797008,  
761, 3940804.564740169, 97.98631592066265, 128.09602127716644, 93.7453279423363, 78.34495131471623, 0.43710379071, 0.765463272256, 0.4722353809, 0.792108410337, -0.576330789013, 0.201015143481, -0.426033499176, -0.286197135663, 0.858246268339,  
797, 2066902.0625620014, 79.02122594817142, 134.5854301075411, 78.8068022404055, 46.523195506634906, 0.607284334927, -0.676346578605, -0.4168465451, 0.517237565209, -0.0616795753321, 0.853616384053, -0.603051438675, -0.733996550126, 0.312374817671,  
808, 2899365.963358954, 88.45820906011684, 124.63419428859716, 80.21583866897018, 69.23362764520012, -0.829435850609, -0.0723078401829, 0.553902289193, -0.54674331811, -0.0981469120705, -0.831528067929, -0.114489797916, 0.992541565829, -0.0418727390309,  
854, 1550939.3612913184, 71.80732297794837, 115.7851434781635, 68.03979571534512, 46.999189609926624, 0.368584748934, 0.36712279708, -0.854029352375, 0.873189895877, -0.451879616112, 0.182603993058, 0.31888036721, 0.813034848211, 0.48712385181,  
920, 251337.67042488066, 39.14920903305556, 102.83017764306543, 49.70369426980801, 11.73977357631288, -0.34403571116, 0.544278995742, -0.765114242607, -0.111868946912, 0.785291983305, 0.608935004474, 0.93226861374, 0.295087911902, -0.209280567864,  
932, 1844719.1450923132, 76.08175964866443, 120.04122978994646, 71.18236269033272, 51.539335004254646, -0.483384302731, -0.142545976205, 0.863724643935, 0.0094920397741, 0.98574205947, 0.167995515932, -0.875356794144, 0.0894049040049, -0.475139186014,  
942, 2731711.9217420486, 86.71923330655513, 123.91327579083465, 76.2536553587667, 69.01886025560931, 0.549650715135, -0.792563489286, -0.264059097177, -0.401289496333, -0.527725686221, 0.748647006429, -0.73270105192, -0.305530220359, -0.608112204254,  
946, 1504340.5162600828, 71.0808339342406, 127.61544699233137, 93.69842347488672, 30.0346111385111, 0.579593451048, 0.767234958375, -0.274630570312, -0.416642832461, 0.568628769587, 0.709274328139, 0.700342902914, -0.296667896891, 0.64923645715,  
960, 2760679.071899146, 87.02468057763862, 116.10945706728766, 89.26695120306496, 63.587099771625276, -0.786060414268, 0.120132863961, 0.606363851262, 0.0511812447356, -0.964916992242, 0.257518306669, 0.616027195267, 0.233459403492, 0.752334501145,  
968, 1383681.1285843565, 69.127227067419, 111.62068121864058, 90.1460455896056, 32.82887946943725, 0.914794384027, -0.335548147406, 0.224852564417, 0.0812590524318, 0.698178191998, 0.71129753171, 0.395661725911, 0.632419681059, -0.665955813593,  
1044, 1239214.1325657968, 66.63247056590187, 91.53394010740038, 74.43970940785637, 43.418110757030426, 0.44896508015, -0.886555713622, -0.111576536289, -0.740099188327, -0.438921257717, 0.509510864419, -0.500683081643, -0.146174882137, -0.853199481709,  
1081, 1725895.5764346593, 74.41182718327516, 105.9842436603075, 69.92987340931919, 55.593223834642565, 0.890578427181, 0.055440660555, -0.451438144375, 0.34457828633, 0.565612244875, 0.749232002144, -0.29687685937, 0.822805640237, -0.484618415628,  
1082, 1109124.994504201, 64.21413366172179, 107.74008675539802, 54.681516917944705, 44.94423662334585, -0.798092301412, -0.187509107298, 0.572615938573, -0.548239015052, 0.620241512593, -0.561011985996, 0.249965319198, 0.761669745189, 0.597809784515,  
1110, 1872685.821555414, 76.4643094959812, 119.05593524190903, 79.87697613358814, 47.011449990104644, -0.842178463412, 0.219126929392, 0.492665022687, 0.539198133013, 0.343779653373, 0.768817873935, 0.000899510751202, -0.913125916148, 0.407676651451,  
1130, 1526045.5571222273, 71.42106082169019, 84.65692312315373, 73.67075211008351, 58.414586395912075, 0.329901674978, 0.144522620122, 0.932886969102, 0.510794915156, 0.803724653984, -0.305147890751, -0.793885029143, 0.577182720507, 0.191328690087,  
1153, 3382240.5707498966, 93.11906968456962, 106.57143587793902, 99.21762984300537, 76.36356938192566, 0.924489518993, 0.274802453002, 0.264202083822, 0.364626571778, -0.839633065682, -0.402571457217, -0.111205181647, -0.468508192924, 0.876432245378,  
1200, 1635025.0463892778, 73.08225402312686, 141.43338581531822, 84.56777055788797, 32.63465161452846, 0.337340932337, -0.932716679637, 0.127438969302, 0.452737258598, 0.279433997233, 0.846726411462, -0.825366627655, -0.227939107477, 0.516540117741,  
1219, 1233216.2348496579, 66.52479445647, 94.664347343072, 93.65300785226388, 33.20797924445954, 0.514865266401, 0.104052298982, -0.850932944791, 0.417889581457, 0.836224226119, 0.355101874625, -0.748519909664, 0.538425633424, -0.38706043728,  
1224, 3572964.3839352936, 94.83748446403673, 141.67109622197069, 114.5147142817503, 52.57720914215366, 0.617817916951, 0.493491892822, 0.612181977204, 0.649179166568, -0.759420723784, -0.0429717812151, -0.443697454566, -0.423964522107, 0.789548385348,  
1244, 320313.7488609432, 42.44523968410182, 130.81393517703543, 55.073705066953835, 10.614234203481994, -0.39164531944, 0.127021008618, 0.911306538509, 0.914566092871, 0.162360812919, 0.370415750475, 0.100909888177, -0.978521655252, 0.179756960005,  
1262, 1026818.0516968592, 62.584717360976036, 111.17646675647265, 61.514316878362635, 35.84394584039787, 0.718988612637, 0.51593719978, -0.465686783988, 0.501116416781, -0.849105486086, -0.167039547208, 0.481599119321, 0.113263760232, 0.869041776261,  
1283, 3071054.837594063, 90.17088261890486, 126.79272412502203, 88.24924589704412, 65.5229777989617, -0.971629410802, 0.128335104715, -0.198661493404, 0.0544228548939, 0.938755418106, 0.340259339097, 0.230161771215, 0.319794255538, -0.919106736563,  
1295, 2721042.9368693563, 86.60618901644328, 113.85780214024108, 91.1491218970504, 62.59382628002443, 0.790466324003, 0.242670155948, -0.562382597552, 0.279874550888, 0.673609339895, 0.684047288549, 0.544824032494, -0.698112922541, 0.464548297811,  
1305, 1599081.9099903067, 72.54275309996295, 145.52464506978254, 63.64269875717431, 41.218953813451066, 0.484250616275, 0.549965744718, 0.680469705626, 0.762852285073, 0.115446176269, -0.63618281299, 0.428436380104, -0.827169789113, 0.363637743065,  
1351, 1208625.6903268613, 66.07965050410064, 112.99966483484337, 73.0189360073998, 34.969591275105046, 0.133444022259, 0.437025151127, 0.889495199653, 0.528971851153, -0.790393503077, 0.308977169028, 0.838082020814, 0.429286766131, -0.33664729141,  
1420, 2581233.0191671806, 85.0967291620903, 134.54510975562403, 79.04904937775007, 57.93940537444525, 0.334032859125, 0.809632362426, 0.482615257465, 0.883579180087, -0.447252418523, 0.138755564367, -0.328191836495, -0.380079875603, 0.864771303074,  
1423, 188040.79321396057, 35.540305372532366, 101.9897028298042, 66.55656026131271, 6.613270242530797, -0.625426877783, -0.552569808378, -0.550915444887, -0.133998976662, -0.619495900247, 0.773478573608, -0.768690766693, 0.557576395167, 0.313405597834,  
1435, 1506793.4849274296, 71.11944761528552, 104.65040598846038, 89.51127345129294, 38.40134813416351, -0.0441676931472, -0.337121902749, 0.940424392266, 0.762358220684, -0.619741957736, -0.186359462267, 0.645646310481, 0.708709198831, 0.284380226553,  
1443, 45024.58021151466, 22.06922188025292, 45.93862639554089, 35.258381666463066, 6.636218595463576, 0.795813921576, 0.506427566354, -0.331980906473, 0.229167950758, 0.255580039667, 0.939234205973, -0.560501786412, 0.823535040761, -0.0873371860553,  
1445, 2612872.6139058336, 85.44301063056396, 119.57234775777387, 100.04574051701611, 52.14351071923293, 0.660671766543, -0.687842972351, 0.300640752861, -0.705884000671, -0.432981172582, 0.560584589323, 0.255422384475, 0.582579908319, 0.771595785326,  
1446, 2293817.720479188, 81.81320972521482, 110.782317080339, 81.58701306815578, 60.586911736084616, -0.0757525620911, -0.282008538881, -0.956416610759, -0.99121770115, -0.0829696218194, 0.102973349862, 0.108392888435, -0.955817569337, 0.273246694186,  
1460, 1249688.0550289585, 66.81967153752785, 124.84416315951981, 72.12116936129371, 33.13462097748567, 0.703774985971, 0.516705824298, -0.487561134893, 0.476210853553, 0.166164558291, 0.863488600114, 0.527184969513, -0.839883581638, -0.129118461945,  
1463, 2281241.984303245, 81.66342343864349, 142.96620354021863, 87.16828957314908, 43.700945924378516, 0.43338308557, 0.309196678705, 0.846508425841, -0.54333318854, -0.659752000269, 0.51914963582, 0.71900497034, -0.684926793182, -0.117928540261,  
1487, 307974.82175448834, 41.89307131823267, 70.2980595086723, 44.71439020472421, 23.390308712800962, -0.411824737075, -0.889263024344, -0.199026780781, -0.877257044934, 0.327776734323, 0.350688593414, 0.246618050935, -0.319019883348, 0.915098820337,  
1494, 1436627.8076340635, 69.99793364324455, 128.01323388763606, 75.57870527322447, 35.44878402086007, 0.530436558117, 0.810054278314, 0.249898227281, 0.794292772279, -0.371916658667, -0.48039253836, 0.296202717272, -0.453310120327, 0.840698450748,  
1501, 676598.79480725, 54.46040543879313, 112.97451131309505, 93.62241770845792, 15.271520763713223, -0.680162710292, 0.412736084992, -0.605828038038, -0.251809611214, 0.644602324802, 0.721858547473, -0.688455232552, -0.643534588817, 0.334503551203,  
1513, 1767327.1984388737, 75.00256521824308, 94.12203213200158, 70.61656516776054, 63.47905709766413, -0.366193820297, 0.820978559548, 0.438059688558, 0.901694895744, 0.429364567751, -0.0509154490154, 0.229887800818, -0.376351262417, 0.897502828025,  
1520, 4517513.386081213, 102.55030261691952, 134.81529274243132, 107.43429674499771, 74.46097770558772, 0.486627210027, -0.684632503574, 0.542653013915, -0.681269264591, -0.686237806845, -0.254852627179, -0.546869406335, 0.245674596786, 0.800361071585,  
1524, 274242.8938792274, 40.30407186967334, 101.2271727691279, 37.792977867729284, 17.11348873184833, -0.742536825006, 0.127766300964, 0.65750652913, -0.0879785218677, -0.991737915208, 0.0933578450338, 0.664002140961, 0.0114751852895, 0.747642613099,  
1530, 2606716.5462188395, 85.37585509393921, 135.01519154192889, 85.17939445765242, 54.111305773841764, -0.998772879586, 0.043360926006, 0.0239283325532, 0.0204972971182, -0.077913608589, 0.996749381945, 0.0450843189337, 0.996016716573, 0.0769292174257,  
1534, 1327764.460600584, 68.18321523669769, 109.12281626149, 94.1723118591136, 30.8456291408189, -0.925680141537, -0.354889978977, 0.131031974668, -0.369879133434, 0.776331350832, -0.510391085703, -0.0794084517789, 0.520924885695, 0.849900912606,  
1556, 2082287.5332616537, 79.21681246499648, 148.25532533699808, 63.19987207802956, 53.054910746535256, 0.334523963954, -0.429730502946, 0.838704603766, 0.578400004189, 0.796256608364, 0.17728183435, -0.744007495053, 0.425801724368, 0.514923041658,  
1565, 1646560.4440941247, 73.25372092073005, 111.42685409003923, 76.43597175681884, 46.15315645204138, 0.902751298593, 0.429795388227, -0.0177768711429, -0.275762346445, 0.609944925432, 0.742914743577, 0.330144242979, -0.665765057809, 0.669149958252,  
1576, 1131632.247981121, 64.64558976480991, 96.25564994252728, 64.82317010247955, 43.29723960367375, -0.956511798453, -0.121345248784, -0.265255556054, 0.019520250567, -0.933953390106, 0.356861352527, -0.291039755425, 0.336164239186, 0.895706126503,  
1586, 2181716.9639257775, 80.45812973004577, 103.96968454173981, 80.11980778356023, 62.526363953571526, -0.999702256375, 0.0216965418093, 0.0111650648122, 0.00147041564119, -0.403171701363, 0.915123170452, 0.0243564463046, 0.914867115648, 0.403019756625,  
1599, 655565.0934537664, 53.89011005485857, 124.17439154599512, 64.263459290597, 19.61241485136518, 0.481067432366, 0.650735786609, -0.587466647175, 0.548748523741, 0.299083621185, 0.780656163257, 0.68370255463, -0.697919711403, -0.213210912541,  
1601, 2742370.3704615803, 86.83187243885854, 102.166907036339, 99.75546037956164, 64.23778766423946, 0.862041445172, -0.274369032525, 0.426152766972, -0.411814658859, -0.86930112136, 0.273357361618, -0.295454283359, 0.41114133141, 0.862362784477,  
1625, 1206477.2011542663, 66.04047222578521, 119.59505128332422, 57.05176350010029, 42.213195348209375, -0.0975411013932, 0.269977378272, -0.957913330506, 0.172767470023, 0.952482766493, 0.250854501325, 0.980120979696, -0.141027638264, -0.139549526709,  
1637, 1749755.043287221, 74.75315864602962, 121.64455289742664, 77.10091681780308, 44.53858710405085, 0.258899548465, 0.540132205644, 0.800767272203, -0.829913924286, 0.548546880435, -0.101681848138, 0.49418003003, 0.638242524744, -0.590281778076,  
1658, 1708271.1947377783, 74.15766888558895, 117.98058467689205, 101.78799980118905, 33.95948411038251, 0.0802805753172, -0.97809115655, 0.192074773734, -0.764409237549, -0.184081985206, -0.617893470002, 0.639713644356, -0.0972188880857, -0.76244012291,  
1663, 1743915.7328067436, 74.66991015947269, 123.4777664485342, 69.17098337711569, 48.74433741984363, 0.249292154082, -0.689604659621, 0.679925610153, 0.553835703954, 0.677467328769, 0.484049616751, -0.794430258071, 0.255897307293, 0.55081497182,  
1664, 2185239.4187435317, 80.50140722555447, 100.25781478826305, 74.9849025029435, 69.39342945175044, -0.0234209899488, 0.944768276333, -0.326901149072, 0.0523649105968, 0.327701309001, 0.943329087974, 0.998353330924, 0.0049755516427, -0.0571477953892,  
1670, 1885692.208088374, 76.64092406201694, 115.0696078310825, 91.5677135784578, 42.72471694191905, -0.801892623568, -0.365456041327, 0.472662778442, -0.586622422733, 0.631646155348, -0.506850340417, 0.113324107825, 0.683714133459, 0.720897101045,  
1672, 2820079.393101927, 87.64441405936054, 122.50878231717545, 101.37077090081434, 54.21166592812862, -0.836461385887, -0.541571715187, -0.0838595685037, 0.180172666616, -0.416276875401, 0.891207817072, 0.517561745229, -0.730351723703, -0.4457759522,  
1684, 737086.1061721185, 56.03721441386266, 118.23618243329935, 53.70390682714899, 27.712348763772518, -0.842921512786, 0.484314812017, 0.234355469626, 0.537863577202, 0.769557608023, 0.344214846067, 0.0136416861664, -0.41619737, 0.909171960414,  
1690, 1450503.1842312047, 70.22256558802087, 98.4497773104063, 90.0372243584568, 39.06548683602258, -0.212184914081, 0.671693923465, 0.709792107181, 0.755454463293, -0.347992036429, 0.555148715636, 0.619892019731, 0.65400979791, -0.433595512098,  
1695, 82202.18237742125, 26.973144530551135, 114.51832180526371, 75.8821337216525, 2.2582926917865063, -0.0139202001726, 0.234642918703, 0.971981959056, 0.994063520575, -0.101656579306, 0.0387770156774, 0.107907113242, 0.966751591975, -0.231834885911,  
1711, 2701448.5333359917, 86.39780244999909, 120.49039465320124, 79.78069011353999, 67.09001255161806, -0.601261908366, 0.695751606767, 0.3929552382, 0.755476629564, 0.655163079068, -0.00404993949311, 0.260267515704, -0.294433424576, 0.919548682105,  
1712, 1323740.1500913957, 68.11426020704332, 124.14892724809903, 59.8436736276659, 42.53563447657499, 0.184018014865, 0.261088200571, -0.947612959877, -0.356226458905, 0.916250200053, 0.183271058489, 0.916100474938, 0.303839632744, 0.261613068085,  
1721, 2250232.139117476, 81.29170603008102, 145.75130997488876, 86.06539682115381, 42.82502958565531, 0.0297717153333, 0.127179870177, 0.991432764028, -0.889732957788, -0.448635845984, 0.0842682711547, 0.455509504611, -0.884619216567, 0.0997994633685,  
1731, 2951155.241806336, 88.98179221212831, 120.21628101219547, 95.9440360570448, 61.08325530711013, -0.0826074871202, 0.740327723187, 0.667151306191, 0.299868627515, -0.619950312859, 0.725079592747, 0.950397185025, 0.259954749652, -0.170788520779,  
1733, 1249831.659847643, 66.82223091204482, 79.78579816241448, 69.2240053549833, 54.02323589664444, -0.464968214898, -0.701608520915, -0.539953741087, -0.0381086344761, -0.593465219596, 0.803956942323, 0.884506806708, -0.39439132408, -0.249205121091,  
1742, 2675288.3463912574, 86.11801207929548, 133.45448297554177, 114.77576256602181, 41.696407120586215, -0.0971530167653, -0.870280077134, 0.482880812083, 0.707131253773, -0.401778635702, -0.58184131671, 0.700376099871, 0.284932474874, 0.654436248607,  
1750, 3443581.040038394, 93.6786376443495, 110.73804995691395, 107.32963784212703, 69.16799124270749, -0.365398858302, -0.9072977619, 0.208073173675, -0.0259606211958, 0.233375894291, 0.972039987918, 0.930488968499, -0.349780592966, 0.108829298838,  
1753, 2425056.187719586, 83.34465094610913, 110.73569307500709, 81.92813274656852, 63.81349207411845, -0.0473763322124, 0.996585897284, -0.0676168061933, 0.959485451873, 0.0642261989968, 0.27434041446, 0.277746558556, -0.0518800992298, -0.959252471727,  
1760, 2787812.297333808, 87.30885780709947, 111.79134572451845, 93.34355499460857, 63.77968926635709, -0.852599659329, -0.200838431557, 0.482429005474, 0.00216508909704, 0.921829286521, 0.387590091335, 0.522560171943, -0.331503681612, 0.785516502549,  
1773, 850683.0368383115, 58.779567718818335, 153.8731077752992, 40.72613510525534, 32.40732917777256, -0.0612991663176, 0.0303933952024, -0.997656581062, -0.968593499659, -0.24312864309, 0.0521065766337, 0.240975195047, -0.969517769016, -0.0443424281549,  
1776, 313787.3858826566, 42.154986764680935, 102.50028222730126, 37.752121786768264, 19.358889696581066, -0.255215681148, 0.0978677667285, -0.961918321029, -0.0701458130078, 0.990368394982, 0.119373393761, 0.964336311156, 0.0979405046752, -0.245892530448,  
1780, 872154.6829128127, 59.270005731817626, 83.68494769223928, 73.9481468587391, 33.64575387541713, -0.369935789727, 0.000239334018894, 0.929057293281, -0.284261864505, 0.952012588439, -0.113433786157, -0.884501387148, -0.306058775684, -0.352115495199,  
1782, 2902084.1374579645, 88.48584380455696, 105.67514976899965, 85.07109548671139, 77.06665205520866, -0.293719061198, 0.912518040997, 0.284675144583, 0.943182653344, 0.228261788606, 0.241460220932, -0.155356350109, -0.339422127618, 0.927716025389,  
1784, 1657184.9131960934, 73.41094035589113, 107.52084860588185, 65.99293722276192, 55.756078358188255, -0.5514189638, 0.348133081577, -0.758116405227, 0.113668638646, 0.931642435252, 0.345140280793, 0.826448163499, 0.104142836283, -0.553297119729,  
1785, 169296.1085018343, 34.31780130109896, 124.46008193014029, 84.76112059665468, 3.831171504171221, -0.637518456914, -0.703646483512, 0.313770367204, -0.741677708688, 0.450287383781, -0.497147310606, -0.208529119139, 0.549657073318, 0.808945429694,  
1797, 2690072.7860583924, 86.27635866861732, 133.8857951289403, 94.86982073855168, 50.56067224168294, 0.386778939839, 0.0594243003396, 0.92025583629, -0.366332979881, 0.925704083675, 0.0941918113142, -0.846287303195, -0.373551471683, 0.379811925109,  
1801, 1091098.697780546, 63.86434701276695, 79.86609119687837, 62.57495529357895, 52.120965300227155, 0.855172376728, 0.273382150105, 0.440388925934, 0.401813218214, 0.187091597382, -0.896405528685, 0.32745433842, -0.943535338073, -0.050147004463,  
1803, 3196994.2491898965, 91.38699883434477, 121.58908958624113, 92.555298860203, 67.81993225533114, 0.796304471909, -0.596431877538, 0.100837510259, -0.383222934818, -0.626407612579, -0.67878839496, -0.468016420917, -0.501878987765, 0.727377557663,  
1811, 1500593.4146397011, 71.02176739619827, 125.35781150175511, 82.45789835522945, 34.65698383463765, 0.558625977465, 0.135132741795, -0.818337436145, -0.682437686039, 0.635637721266, -0.360892632201, -0.471397732255, -0.760068305745, -0.447303418975,  
1813, 1133673.4439448973, 64.6844348514709, 110.41987135125122, 67.22305448551607, 36.46144576905368, -0.681975745108, 0.528503772506, -0.505561910681, 0.707301494167, 0.652477405828, -0.272025423872, -0.186101261232, 0.543099435952, 0.818785272972,  
1814, 1993756.2300180558, 78.0778446487522, 123.45664766773957, 76.91560353431848, 50.12501504741164, -0.0684965855497, 0.963806658358, -0.257652756773, 0.982791565756, 0.0207789029484, -0.183545567836, 0.171548698765, 0.265791200939, 0.948644338757,  
1822, 1749019.9332726558, 74.74268870567452, 108.26512231789157, 65.6856040948947, 58.71477223514962, -0.705359480817, 0.506563178308, 0.495844480864, 0.694812148305, 0.355565791789, 0.625147219683, -0.14037122707, -0.785472287284, 0.602767952465,  
1828, 1473550.3516158508, 70.59253703823828, 125.40774204366576, 64.22299591300046, 43.67787103834088, -0.229014547541, -0.0211518748095, -0.973193164386, -0.231689192219, 0.972216618135, 0.0333911010895, 0.945448282681, 0.233125386037, -0.227552409702,  
1829, 1864683.7024013791, 76.35524152633188, 118.94897142411399, 106.24429057909022, 35.224940956094194, 0.417435867789, -0.908580604703, -0.0151188967945, -0.111429528522, -0.0676929767975, 0.991464129994, 0.901848521902, 0.412187997945, 0.129500184919,  
1830, 882774.4663340759, 59.50960275570707, 104.57533594337117, 69.25092239479741, 29.100893454191095, 0.0325826673086, 0.464052311532, 0.885208349459, 0.300032069988, -0.849371520533, 0.434222036619, 0.953372501581, 0.251442781301, -0.166905365286,  
1838, 3932016.0784035344, 97.91342113169358, 132.939465014211, 101.52256118632693, 69.55208979093278, 0.420444528221, -0.168118858725, 0.891606666659, -0.446726913933, 0.816962401691, 0.36470193116, -0.789722396198, -0.551641626026, 0.268384152621,  
1839, 2989841.736204055, 89.36892424338384, 126.74536894828734, 81.7818868565209, 68.86053055424064, 0.15904116751, 0.9168581551, 0.366165304834, 0.917099924514, 0.00012854855322, -0.39865738665, 0.365559346061, -0.399213109632, 0.84083010032,  
1847, 2093540.1103548952, 79.35925075252077, 108.5069999820727, 104.78151148620572, 43.95924872223057, 0.829557123822, 0.460838724656, 0.315376993728, 0.40369185973, -0.885119911245, 0.23150728953, -0.385833980753, 0.0647333961319, 0.920294369602,  
1854, 983257.0347333264, 61.686881790683834, 109.68001304864947, 64.0247091188641, 33.42745751289078, 0.0411616040265, -0.986592675335, -0.157925980538, -0.972474889515, -0.0758396956134, 0.220320062255, 0.229343217943, -0.144510323314, 0.962558286463,  
1865, 2954795.457343684, 89.01836318025033, 140.37914655497437, 93.99314402936777, 53.461364463083875, -0.650414615113, -0.749702143587, -0.122096373197, -0.74812016665, 0.604456411093, 0.273767535219, 0.131442172448, -0.269405165114, 0.954014576572,  
1871, 519387.55841039354, 49.86559180612526, 92.83817179116562, 47.96585899234624, 27.84480154360898, -0.979910200361, -0.189245888973, -0.0629443622253, 0.0386746312035, -0.489925064481, 0.870906254482, -0.195653449064, 0.850975572329, 0.48740158306,  
1879, 2201765.2223157003, 80.70382759088682, 98.92633130019378, 87.08323075172916, 61.014908172566194, -0.0351060994214, 0.316951260296, 0.94779188664, 0.775554053992, -0.589494257404, 0.225859314228, 0.630304268683, 0.742992879565, -0.225117990832,  
1902, 1243393.2959723521, 66.70729097629709, 145.89875279371105, 61.809435080323915, 32.916493017117, -0.888307232488, 0.357587988373, 0.288168511952, 0.420114438896, 0.379261992521, 0.824417490874, -0.185510428117, -0.85339977244, 0.487129048056,  
1921, 1345949.6108120957, 68.49308545972855, 94.4250083291659, 65.87568359168014, 51.656862553680476, 0.865862044715, 0.496747013734, -0.0593744378386, 0.280689218828, -0.384126289262, 0.879579761211, 0.414121337238, -0.778260495107, -0.47203190549,  
1927, 2006319.2250474645, 78.24149529754993, 101.04827208562627, 73.34610265870703, 64.62573446965331, 0.616627879433, 0.365893008939, -0.697059799669, -0.505686712643, 0.862699644332, 0.00550202924222, 0.603366395288, 0.349101173986, 0.716991885142,  
1931, 903787.191533179, 59.97807518874878, 123.88666857112878, 82.76078160299282, 21.04400589865431, 0.730000742289, 0.673074334052, -0.118616428451, -0.128852314681, 0.305984587101, 0.94327647774, 0.671189985965, -0.673308527569, 0.310096161608,  
1938, 1504546.5558807715, 71.08407894411337, 90.52028021079212, 82.55740657476322, 48.06346647309183, 0.933284814836, 0.146450019108, -0.327920487771, 0.294483624536, 0.210580645649, 0.932166930629, -0.205569572839, 0.966544455047, -0.153404586442,  
1941, 2802283.900073136, 87.45967129685656, 104.45355520533543, 95.50554608287356, 67.06125920677827, 0.242889260403, -0.844925397508, -0.476556271417, 0.969952119104, 0.2186570487, 0.106686370726, 0.014060363653, -0.488149739014, 0.872646628639,  
1948, 1231877.2078864374, 66.50070818218472, 134.800568326112, 87.33360289337641, 24.980763650131557, -0.54170485768, -0.725166406019, 0.425075911746, -0.180462640247, 0.594240825569, 0.783779992538, -0.820968381024, 0.347867107971, -0.452768586091,  
1954, 4873604.203181182, 105.17694426164755, 114.9357541120365, 111.5197731153795, 90.7725675916453, -0.424002365083, -0.820125634295, 0.384208196655, 0.0127439596373, 0.418784717802, 0.90799611873, 0.905571414023, -0.389888835578, 0.167114062828,  
1962, 417246.2177208146, 46.35549963582056, 141.3710540451251, 39.08196406047882, 18.0288042009755, -0.182203543942, -0.925159440143, -0.332989307471, -0.907770949235, 0.0281422079172, 0.418521110409, 0.377827701868, -0.378534049259, 0.844960473189,  
1968, 3064926.2176757436, 90.11086077941228, 102.24517866663508, 94.85695226037399, 75.44307992933915, -0.340123047426, 0.110792951336, 0.933831480806, -0.913980415865, 0.194701911096, -0.355992928623, -0.221260281172, -0.974585084921, 0.0350399803953,  
1969, 853105.7970788694, 58.83531657501736, 145.87221199595047, 90.9691778583498, 15.347846445024564, -0.148321677978, -0.508350634564, -0.848280797956, 0.96587360648, -0.258641346922, -0.013886323048, 0.212341367018, 0.821391676365, -0.529364579333,  
1977, 714702.0625944291, 55.46412194588204, 102.27543454703896, 54.67789722210023, 30.510778456400057, 0.0974626163467, 0.537758935385, 0.837446336089, 0.759694614758, -0.583785383253, 0.286458930053, 0.642934779524, 0.608284434877, -0.465429818087,  
1983, 1800508.5219516403, 75.46904551106421, 126.9616410869132, 66.7419936765135, 50.72649660407712, -0.937090915809, -0.161415957048, 0.309524642507, -0.295060431468, 0.840076996156, -0.455203231876, 0.186547466589, 0.517895288006, 0.834855983611,  
1984, 306035.2112388887, 41.80493919628022, 89.70958941453948, 45.57595132724953, 17.869326193385525, 0.632584387293, 0.16226447592, 0.757302603196, 0.586151579637, 0.538811529017, -0.605068972835, 0.506224573329, -0.826651302578, -0.24573218207,  
1990, 1830722.8548725443, 75.88885459931896, 124.61698065303453, 93.99578046459112, 37.311989906271364, -0.176569867912, -0.229087149144, 0.957257624593, 0.463511999846, -0.877306715715, -0.12445703098, 0.868320049143, 0.421725034422, 0.261090573551,  
1994, 1977250.3028132499, 77.8617834473849, 127.34931464560995, 80.73845900114515, 45.90880341345346, -0.967388174125, 0.193610278346, 0.163325382846, 0.202046987142, 0.200938757367, 0.958540886334, -0.152764968333, -0.960280519383, 0.23350415102,  
1998, 1801073.6989737444, 75.47694122639821, 105.67824669460406, 86.52183190452202, 47.025299434823346, 0.681273904351, 0.461412716581, 0.568299368491, 0.250559062657, -0.876425024312, 0.411216892747, -0.687812491433, 0.137758780979, 0.712696635948,  
2000, 3076640.759390149, 90.22551991768162, 118.60600183220294, 100.71132846107876, 61.4898153742926, -0.447063571525, 0.17418394898, -0.877379116991, -0.273014954248, 0.907483922088, 0.319273810245, -0.85181981532, -0.382273309386, 0.358148180449,  
2002, 597914.3274733671, 52.261690098239825, 151.9856956631779, 70.16074457988604, 13.386080919289912, 0.751617840161, 0.657215161458, -0.0560254754612, -0.297241108616, 0.413309761384, 0.860710615999, 0.588827942357, -0.630272379764, 0.50600235336,  
2004, 2246461.033989859, 81.24626909116107, 129.05309213968408, 104.5336979676909, 39.75443189716733, -0.809869316606, 0.493415022498, -0.31725905124, 0.454334277688, 0.869710875533, 0.192829865679, -0.371068799737, -0.0120253296532, 0.928527510259,  
2008, 1726531.7670298633, 74.42096915951623, 141.70530749992514, 133.0881010704545, 21.85549357502239, -0.188064466197, -0.791322816947, 0.581755924709, -0.692822539699, -0.312953989072, -0.649658932986, 0.696152774209, -0.525231377684, -0.48939075886,  
2010, 2870191.631384753, 88.16051019835685, 154.07343182113462, 90.10550270302386, 49.356370362793456, -0.892215094231, 0.11348651539, 0.437119018634, 0.446766721728, 0.0804178684544, 0.891028878763, -0.0659675828236, -0.990279645988, 0.122452034522,  
2013, 1549248.413034618, 71.7812169449872, 115.36078358405119, 98.5775701670684, 32.52341526180852, 0.241744571216, 0.876508042742, 0.416285014499, -0.87508731779, 0.0115660601139, 0.483826841438, 0.419263340313, -0.4812482491, 0.769817104387,  
2016, 970596.4861631454, 61.420974381459445, 96.835906197521, 58.90038151145803, 40.625206030816585, -0.967429228442, 0.198157890948, -0.157525039947, -0.153257350384, 0.0367914790049, 0.987501175506, 0.201476729447, 0.979479370547, -0.00522399882255,  
2022, 1736181.5729931516, 74.55936107418358, 111.40739350162163, 67.04544848398147, 55.49108537163296, 0.415042026314, -0.283637286494, -0.864459372153, -0.765299456302, -0.62265902777, -0.163133311496, 0.491992742402, -0.729277467667, 0.47549712573,  
2024, 1775773.4515294298, 75.12185724778828, 145.3935759009015, 82.91145398114445, 35.16731409319715, 0.260720164642, -0.165570740595, -0.951110574859, 0.69143620795, 0.719572714672, 0.0642734675777, 0.673751412677, -0.674389678271, 0.302088721666,  
2034, 3190408.0646105274, 91.32419969742801, 135.8783681252238, 90.79273548226158, 61.73851818965048, 0.62267358808, 0.41391997821, -0.664039045799, 0.581451119413, -0.812661896733, 0.0386682987896, 0.523633649071, 0.410183974866, 0.746697333813,  
2039, 1244179.8169616302, 66.72135346850281, 99.63278393846622, 67.80831462078372, 43.96522772647293, 0.32381891996, 0.272351916362, 0.906071598015, -0.687897115176, 0.725274112315, 0.0278391978717, 0.649568215054, 0.632298897405, -0.422207577303,  
2042, 2652913.605953627, 85.87725733990766, 137.73863561073745, 90.00856481572771, 51.08517484566077, 0.42642003833, 0.131981208149, -0.894844629869, 0.432769971169, 0.838947824522, 0.329964694755, 0.794277094574, -0.527965442454, 0.300626659844,  
2054, 3408016.8147808854, 93.35502649043946, 133.80741806418717, 92.79013604581633, 65.52863439226127, 0.549260891185, -0.579632623025, 0.601945592009, -0.70751842308, 0.0607378363297, 0.704079964379, 0.444668589419, 0.812611184739, 0.376739841298,  
2056, 1927575.5328030887, 77.20420085414753, 114.8178171001942, 71.19079177943455, 56.29757481458934, 0.503173008771, -0.855053883684, -0.125298759931, -0.638028265316, -0.465359204294, 0.613482472152, 0.582869501606, 0.228743670896, 0.779704737142,  
2058, 3490320.4352259138, 94.10056482564192, 136.57830282183323, 89.18272059037369, 68.40916071540316, -0.694573743996, 0.0551229671586, 0.717306609926, 0.184149557571, -0.950220780798, 0.251335250583, 0.695453991719, 0.306662560856, 0.649847535327,  
2059, 4779641.301887098, 104.49661730928182, 118.92823182179602, 110.7278805583453, 86.64923779533973, 0.933774560093, 0.35534324159, 0.0423822082972, 0.324914024064, -0.891473654193, 0.315761936981, -0.149986492361, 0.281079889952, 0.947891421827,  
2062, 2204827.3802896994, 80.74122385651044, 113.28863353545798, 68.61864543900853, 67.71073141093657, 0.470851257172, 0.552290663257, 0.687949210988, 0.48588824433, -0.813215956345, 0.320300518837, 0.736350261521, 0.183452532348, -0.651255296127,  
2071, 1368010.3565025097, 68.86527064617233, 114.01789173951815, 63.91756207727981, 44.813366204484936, -0.315791166493, 0.923810986396, -0.216446761535, 0.938084151846, 0.338216041369, 0.07488680402, -0.142387019143, 0.179396685518, 0.97341808387,  
2072, 1301161.362404552, 67.72476650962045, 132.0818227817945, 76.29932262921601, 30.823277280333148, -0.290013379359, 0.846063069929, -0.447291316141, 0.933847767032, 0.352411543375, 0.061110163681, -0.209333675747, 0.399979231709, 0.892298171241,  
2079, 3129560.594646341, 90.73989070542282, 106.1680838000408, 97.89599264376498, 71.88460027728021, -0.934087559517, -0.338187707265, -0.11449675022, 0.0062195540535, -0.336043066192, 0.941826085226, 0.356989843417, -0.879035910711, -0.315997024317,  
2080, 1084294.786900628, 63.731320953201056, 106.15317710226516, 66.98264163187666, 36.40520597229912, 0.333176932513, -0.655821663683, -0.677414996206, -0.825339174609, -0.550225709615, 0.126755336511, 0.455860042663, -0.516865179638, 0.724597824714,  
2081, 390334.6392242119, 45.336657143761144, 81.50074082067401, 43.16895529815213, 26.485939879313744, -0.55448745815, 0.509485855032, -0.658002904459, 0.177910860437, 0.844979789536, 0.50433806223, 0.812952264584, 0.162583267272, -0.559173762538,  
2084, 1018783.5803070616, 62.421055664902894, 120.45262818995222, 75.35282650852038, 26.796464636892644, 0.814045047082, 0.249489766759, 0.524485955584, 0.36821071343, 0.476683640727, -0.798244058655, 0.449167598828, -0.8429279702, -0.296177151747,  
2087, 2794677.699793962, 87.38046940424596, 120.24673359197268, 103.05190012286695, 53.841088117440606, -0.138818433842, 0.667955890528, 0.731139091237, -0.979834495597, -0.199779772012, -0.00352192162848, 0.143714312659, -0.716884210318, 0.682219338141,  
2091, 303874.05541333905, 41.706300768103056, 97.19820352201525, 62.39376757837937, 11.962048630073381, 0.713407249034, 0.433889332726, 0.550263704029, 0.475106639327, -0.876698707743, 0.0753196993378, -0.515095892327, -0.207700319662, 0.831586916035,  
2092, 3549397.638334733, 94.62851299114764, 120.4106130177182, 95.97674075000258, 73.32216525981819, 0.743603421704, 0.305856307419, 0.594563596634, 0.354781180358, -0.934222114117, 0.0368694393442, 0.566731210799, 0.183523733359, -0.803202822455,  
