# Void_ID, Void_Volume, r = (a*b*c)**(1/3.0), a, b, c, vector_a, vector_b, vector_c 

1, 3125915.7132341526, 90.70464990907062, 123.57929051106267, 107.40148055781337, 56.22541743825765, -0.958720605205, -0.282581852376, 0.0316590881753, 0.232299304153, -0.714146243916, 0.660327324583, 0.163987299649, -0.640423796411, -0.750310286845,  
2, 771001.7117037647, 56.88384062678677, 90.16440771245641, 60.515827938950046, 33.73359444083628, 0.355481871891, 0.928686219689, -0.105709716281, 0.465036755084, -0.0776243620726, 0.881881667138, 0.810785702376, -0.362651849261, -0.459467279629,  
5, 1477080.3740056932, 70.64886234176255, 98.74344772622644, 67.91405860086849, 52.583264704606805, 0.618516998129, -0.651949752361, 0.438632241658, -0.639448804729, -0.0931999828679, 0.76316380242, 0.456663934591, 0.752512646797, 0.47453426352,  
7, 1878271.668661723, 76.54025994287946, 121.38306996569692, 93.3172547105457, 39.58673896312811, 0.806113900237, -0.548663545552, -0.221695046465, -0.522971614907, -0.835834971296, 0.166974820738, 0.276913469963, 0.0186605075193, 0.960713649124,  
9, 636509.2598755361, 53.36281182353936, 131.77585502044096, 61.476590438391895, 18.757307623530128, -0.295412273691, 0.493696476252, 0.817921376349, -0.168271087968, -0.869634128553, 0.464135027131, 0.940434170746, -0.000521336206174, 0.33997543838,  
12, 648362.0474416998, 53.69200952713888, 127.41150301449105, 59.06079764001272, 20.569371824848854, 0.225109521575, -0.930056383687, -0.290380485672, 0.46310840352, -0.160078453485, 0.871725584871, -0.857237604102, -0.330711372488, 0.394681742954,  
13, 1353733.2456974816, 68.62486373866481, 118.636291501576, 86.42887217966776, 31.518684069173602, -0.361764098454, -0.793343160729, -0.489625741147, 0.662315305256, -0.588325263939, 0.463909280178, -0.65609844802, -0.1564608997, 0.738278276378,  
15, 1149956.3632882328, 64.99265079323357, 139.36819647543285, 55.678201438593206, 35.378863165744995, 0.573680920682, -0.730352462009, 0.370776863468, -0.708271192838, -0.669695427464, -0.223293420929, -0.4113904698, 0.134511396065, 0.901479098863,  
18, 2163883.356880243, 80.23830499088604, 115.51705664944878, 89.21312412629084, 50.12684543798365, 0.553123117206, -0.765317762746, 0.329155797819, 0.284851126318, 0.545020467022, 0.788550902835, -0.782888659419, -0.342405333709, 0.51946504637,  
20, 774731.3459331634, 56.9754161874311, 143.40580864542127, 89.46850948013928, 14.4153626934089, -0.366804702056, -0.634933554363, 0.679936535342, -0.93020178298, 0.260830168728, -0.258248457929, 0.0133773499357, 0.727204926155, 0.68629005667,  
24, 548942.6021269949, 50.79404223941156, 95.86514841126986, 74.1253746875285, 18.442112915908588, 0.0739095004415, 0.54242485598, 0.836846856575, 0.883043410045, -0.425550007454, 0.197842177335, 0.463434700601, 0.724349685422, -0.510436882981,  
25, 2815892.8488965062, 87.6010217895842, 132.26099087495993, 96.15429826961736, 52.859985639145016, -0.989438819916, -0.111100218566, -0.0930997480055, 0.0788454317276, -0.951466483925, 0.29748097059, -0.121631490741, 0.286998730663, 0.950177619742,  
26, 2019803.0287771171, 78.41638244396678, 124.7855930876348, 67.73440932723426, 57.048813234957635, 0.104104968385, 0.922702342616, 0.371190709055, 0.837326487153, -0.282713752095, 0.467928721375, -0.53669964549, -0.262094107732, 0.802035017455,  
27, 475357.70538887463, 48.41470718843873, 113.56790806228514, 75.388249929163, 13.254783577162804, -0.783484778505, -0.494229828971, -0.376680870241, -0.0351992566085, -0.569900254977, 0.820959628551, -0.620413260807, 0.656468259348, 0.429111652467,  
29, 1422905.926190089, 69.774359673678, 104.77259656515038, 82.8705345269005, 39.12368302254777, -0.553990272344, -0.272458215659, -0.786677379151, -0.832083444354, 0.150500669212, 0.533841446686, 0.0270540159925, -0.950324191677, 0.310083877253,  
31, 1936428.9399890092, 77.32222068466028, 96.3897591371465, 92.42054431455873, 51.89356873045464, -0.0422928604145, 0.688911252235, 0.723610807342, -0.337142221141, -0.691618417498, 0.638748062465, 0.940503289033, -0.216945272183, 0.261511590939,  
32, 1609033.5228440473, 72.69292780741002, 135.72379750377598, 77.0434232062936, 36.7354115213378, -0.0195230769559, -0.965490922834, -0.259703922558, -0.995958091711, 0.0415576933758, -0.0796268652978, -0.0876717116409, -0.257099661702, 0.962399831115,  
33, 3989087.772559264, 98.38487261619268, 121.49767064761885, 108.08571787402937, 72.51848455036776, -0.708881890058, 0.704656193459, -0.030758981915, 0.686100682769, 0.678789661198, -0.261745007508, 0.163561361735, 0.206650054129, 0.964646793431,  
34, 1922512.1748882383, 77.13654154528453, 126.50118458663803, 76.28329525427029, 47.561599534511394, 0.438689233275, -0.0968515615671, 0.893404461389, -0.318487313029, -0.946399711776, 0.0537904916367, 0.840308031645, -0.30813529589, -0.446021357537,  
35, 915303.6350661835, 60.231756158633104, 134.18434222122684, 82.4106988375434, 19.760191053775788, 0.766481130671, 0.301082051436, -0.567323782886, 0.455729962278, 0.367464405118, 0.810728137203, -0.452566987094, 0.879954265445, -0.144442420773,  
37, 388256.4752839742, 45.25605561329388, 83.05059253396841, 76.06017558902002, 14.673375761549188, 0.466503646875, 0.515526091635, 0.718753919152, -0.196143863219, -0.732068834567, 0.652382408084, -0.862497497025, 0.445317942935, 0.240395501885,  
42, 1852398.9733146792, 76.18719320160345, 111.45437269640176, 82.70637554040063, 47.974429774371025, 0.0669719489617, -0.0104167437991, 0.997700480856, -0.350636281252, -0.936410624818, 0.0137600871465, 0.934113995357, -0.350751526265, -0.0663657328809,  
44, 2800018.2320262925, 87.4360943364343, 145.8727907394959, 70.3872308068826, 65.10346128413686, -0.113751479795, -0.382362643902, 0.916983865394, -0.991522368543, 0.102033548171, -0.0804521455726, 0.0628012223133, 0.918361564742, 0.390727581417,  
46, 3198114.9867536793, 91.39767645511125, 134.10687290640138, 86.88273396794573, 65.52710043525718, -0.00647779500627, -0.747644141725, 0.664067975072, -0.808640353528, -0.386749615164, -0.443311982488, 0.588267640465, -0.539863846275, -0.602069938352,  
49, 721488.719462043, 55.63912762293331, 105.02044245961635, 58.76184456666419, 27.910760634187547, -0.971790083826, -0.0552408749154, 0.229286891723, -0.0557644531047, 0.998435116955, 0.00420035721383, -0.229160115961, -0.00870419263207, -0.973349823179,  
50, 1217039.31892367, 66.23262990704801, 109.32583601664234, 88.74742317463738, 29.945904887905183, -0.160556231685, 0.198447450844, 0.966871400819, 0.519669633199, -0.81581850041, 0.253739328288, 0.839145499182, 0.543193136594, 0.0278576301751,  
52, 807034.6955064663, 57.7565440812642, 95.18447349447543, 52.09855337842245, 38.85186046732733, 0.187353080798, -0.514748780021, 0.836619696506, -0.846450526299, 0.347554239591, 0.403395038481, 0.49841782637, 0.783734485658, 0.370594018229,  
54, 1655180.219990889, 73.38132672328574, 119.31787665523028, 62.34742673901956, 53.11688871959987, -0.244297530635, 0.781528389122, 0.574048859873, 0.969172925599, 0.216305804653, 0.117964567388, 0.0319774422211, -0.585171065476, 0.810279129263,  
56, 1167592.545864611, 65.3232175504491, 104.6028694461495, 75.13336291175052, 35.46714890364621, 0.320690693373, -0.122393790035, 0.93924290753, -0.275087319169, -0.960909846553, -0.0312927088867, 0.906357791392, -0.24833853297, -0.341823824544,  
57, 2483368.8998314096, 84.00739985326426, 153.79341893369346, 68.99957511184871, 55.86868644053424, -0.674372747395, -0.725919713694, 0.135136844869, -0.738366923647, 0.664441535483, -0.115463119605, 0.00597357797944, 0.177645757608, 0.984076369582,  
61, 1454797.782358451, 70.29180145895717, 119.57770222799405, 90.8713732532182, 31.962204508770004, -0.21713441506, 0.939183586515, -0.266057957252, 0.975490240493, 0.198817669101, -0.0942885208056, 0.0356572082309, 0.280010223517, 0.959334580961,  
63, 2594388.865416291, 85.24105590844731, 110.515435676573, 83.3629672370147, 67.22802575279441, -0.0787325660856, 0.904491789654, 0.41916081101, 0.982327713852, -0.00122839140364, 0.187165043885, -0.169804139041, -0.426489265403, 0.888410637521,  
64, 1845474.3846962021, 76.09214101547337, 107.18467202499244, 86.91154009428574, 47.29435239818353, -0.070137734234, -0.052215272084, 0.99616979657, 0.992657923294, -0.102305329002, 0.0645280325112, 0.0985441300054, 0.993381691506, 0.0590073675274,  
76, 2227776.6683266666, 81.02039334624142, 98.97551304180156, 89.51798629803953, 60.026770170660015, -0.0454226929327, 0.730858307609, 0.681016088771, 0.672403636594, -0.481799533263, 0.561909742969, 0.738789637489, 0.48344114838, -0.469547151617,  
79, 1847596.2058084884, 76.12129197981561, 123.30989907179809, 86.41677310045858, 41.392576956634095, 0.155951443169, -0.802978438698, 0.575243230607, 0.528434186412, -0.424199789914, -0.735399108558, 0.834527685583, 0.41866474084, 0.358166688531,  
82, 1322225.617421908, 68.0882730723549, 120.228473813041, 113.80382822522174, 23.07027398037167, -0.529244748833, -0.0409083544071, 0.847482449596, 0.805803649037, 0.288518500177, 0.517143649536, -0.265669860978, 0.956600011288, -0.119732799902,  
83, 1638676.2264904596, 73.13661365792146, 110.06327729032277, 108.74124366000052, 32.6864539385464, 0.15274765862, 0.0382263543217, 0.987525644539, 0.765243549602, -0.636883261554, -0.0937124375144, 0.625356268522, 0.770011984963, -0.126534898086,  
84, 893239.5003528177, 59.74383592337746, 87.36356915647053, 58.97304093505102, 41.3899993483285, 0.156655133795, 0.104920041444, 0.982064638381, -0.31036736643, 0.949198855911, -0.0519001906754, -0.937620001339, -0.296670384164, 0.18126063072,  
87, 1522541.5571930446, 71.3663549014649, 109.52624050893363, 89.62623761043609, 37.02773949285771, -0.903826111738, 0.0555894179149, -0.424273704531, 0.424487077792, -0.00849819572925, -0.905394113885, 0.0539358927583, 0.998417546563, 0.0159160983641,  
88, 1602103.9996288083, 72.58842362682537, 119.42343714015041, 89.72189191965964, 35.69555230774048, 0.935525290119, 0.237191512397, -0.261787352625, 0.293238277864, -0.108184160329, 0.949898678728, 0.196986659303, -0.965420309451, -0.170762648597,  
90, 1531430.247786352, 71.5049658900197, 117.0379950581116, 64.81896000363608, 48.19252478158036, -0.195284367249, -0.980708771562, 0.00862097957018, -0.167090774199, 0.0419312120073, 0.985049464056, -0.966408137945, 0.190924275146, -0.172055898109,  
91, 1536713.303045712, 71.58709632964633, 93.66938405068078, 71.54184356775868, 54.7452508182155, -0.16040539142, -0.986109510915, -0.0431061815407, 0.031007215541, -0.0486842883188, 0.998332806561, -0.986564069378, 0.158801361942, 0.0383857324757,  
92, 2919449.4916219665, 88.66198541374605, 116.99839255048019, 100.67798118557164, 59.16950872072438, 0.61679392196, 0.775380249962, -0.135464850796, 0.725081145482, -0.626670800933, -0.285553917368, -0.306304734373, 0.0779049114369, -0.948740340913,  
93, 2400953.989989412, 83.0676152693218, 133.0749415480313, 91.84807857251133, 46.89525144383221, -0.185700818748, 0.218677302914, 0.957964218072, 0.612965068174, -0.736190461222, 0.286875286499, 0.767977233461, 0.64047157782, 0.00266962351456,  
96, 1028380.0592295666, 62.61643614878499, 127.9900343467073, 88.66849561344814, 21.633139054075574, -0.578993885069, 0.399086536306, -0.710982431282, 0.0175553317163, 0.877915946868, 0.47849284275, 0.815142865626, 0.264562897576, -0.51531406137,  
97, 1475173.0749142638, 70.61844049211149, 109.32788209742749, 73.14452729223507, 44.03942044783212, 0.0486148816413, 0.115695761788, 0.992094291883, -0.914022994671, -0.39534829992, 0.0908938224644, 0.402738821688, -0.911215788084, 0.0865287758529,  
98, 1011406.9572469784, 62.27003490189711, 140.11470546281407, 110.72920090644644, 15.562932844853101, -0.887751070555, -0.103792351815, 0.448469825554, 0.441882621262, -0.465142901088, 0.767060512993, -0.128987541081, -0.879129813664, -0.458795144889,  
102, 997849.9939226909, 61.99055861224064, 163.18058920874674, 49.085691456817834, 29.74084061939807, 0.285866780477, -0.888936276443, -0.357872156285, -0.484385608226, -0.456277791413, 0.746445684297, -0.826831764244, -0.0400359024813, -0.561022602174,  
103, 2016187.9433568483, 78.36957074789363, 103.68378586726053, 84.91138376783708, 54.67208531075435, 0.0179001920868, 0.404621592618, 0.914309001329, -0.897381473454, -0.396739418197, 0.193143276221, 0.440892361268, -0.82394126055, 0.35599820918,  
104, 1486857.349120396, 70.80439748782274, 101.43344014440262, 82.92863649827494, 42.19830576810047, -0.828175021567, 0.439785965802, -0.347439833547, 0.252688064464, 0.846314104222, 0.468936220687, -0.500274800214, -0.300567365624, 0.812024865994,  
107, 1654641.2866904733, 73.37336144087746, 109.53085730882066, 86.67504611544184, 41.608750957973605, 0.134834527157, -0.225953876126, 0.964761367463, -0.0996403739666, 0.965625425838, 0.240081929455, 0.985845548837, 0.12850051688, -0.107685518988,  
111, 3744495.278715589, 96.33147852280034, 133.11228424710333, 93.15113297360686, 72.09388018414185, 0.912009010308, 0.208933884696, 0.352967699575, 0.272556168594, -0.951774225993, -0.140850834914, -0.306517046963, -0.224660754385, 0.924972888987,  
113, 2496960.0814891844, 84.16037527803373, 140.89282859778612, 79.90971578389104, 52.94616587134121, 0.530327380324, 0.0274906415192, -0.847347115595, 0.667110227466, 0.603251621065, 0.437094298857, -0.523179523768, 0.797077001494, -0.301581563758,  
114, 427491.10636942874, 46.73183395312556, 120.97282908705124, 33.74821818208658, 24.99768489364068, -0.721200649059, -0.639707626957, -0.265788968562, -0.0483038908544, -0.336311053027, 0.940511355455, -0.691040055225, 0.691136041329, 0.211647382338,  
117, 1851464.6683292245, 76.17438205844648, 126.70053756599962, 71.81272045997218, 48.578822379885054, 0.0762409509966, 0.99680525559, 0.0238033573225, -0.860932533621, 0.0537686963812, 0.505869647085, 0.502973647365, -0.0590610677025, 0.862281450768,  
119, 4395677.240462456, 101.6199699823154, 122.78075693736332, 96.97525194204194, 88.1345038143779, 0.681158788609, -0.453767243793, -0.574558955339, -0.641099469848, 0.00931475830026, -0.76740126729, -0.35357343574, -0.891071559269, 0.28456510995,  
122, 1635628.9993074825, 73.09125139947449, 119.16556190323384, 89.56462695567721, 36.5854925281509, -0.691274275646, 0.545630269821, -0.473737780301, 0.704495039687, 0.654717955107, -0.273918123381, -0.160706611206, 0.523098468661, 0.836983498762,  
123, 3264325.3417902766, 92.02410643533017, 129.816276606629, 94.37780419918911, 63.607131406969444, -0.927326044538, -0.203236368777, -0.314263242406, -0.0840388404826, -0.705182339238, 0.704027941006, -0.364696970664, 0.679273764275, 0.636854200548,  
135, 435194.71008241747, 47.01087479997974, 88.23084306881366, 47.499611948708285, 24.79045556784173, 0.700104289346, 0.714015529525, 0.00598394822909, -0.349020428813, 0.334885345828, 0.875235137218, 0.622927543388, -0.614844393929, 0.483660673347,  
137, 1670713.4136136014, 73.61016367052581, 138.25895582041665, 84.96975784914248, 33.95124440151181, 0.935177442233, -0.0496012672313, -0.350689129896, 0.217200484788, 0.862420570484, 0.457225009174, 0.279762579603, -0.503756363628, 0.817289682523,  
141, 634417.7070196875, 53.304298081683385, 118.29548979246216, 76.52438739847338, 16.730874373069987, -0.42827440675, 0.23050025488, -0.873756639473, 0.133479975242, 0.972450458151, 0.191110446214, 0.89373605093, -0.0347813016289, -0.447242811373,  
146, 929798.2708680239, 60.548033373120795, 112.4469590644964, 60.525741933903475, 32.61461737836738, -0.5786627955, 0.720841245394, -0.381493470513, 0.815448913261, 0.503422491884, -0.285672652744, 0.0138722372158, 0.476396571781, 0.879121076661,  
147, 858979.4127337824, 58.97003451300932, 113.1133947970868, 78.53779169590813, 23.08348749083472, -0.268577939349, -0.597780077767, 0.75533096661, -0.867511082577, 0.490932003612, 0.0800642831416, -0.418676978231, -0.633754484366, -0.650434348297,  
148, 986971.7693381442, 61.764468293031264, 146.54871964672066, 43.87656203134396, 36.643884189171665, 0.49710011891, 0.689462301424, 0.5268142051, 0.00140128478837, -0.607780515529, 0.794103822774, 0.867692058383, -0.394010887996, -0.303093899576,  
150, 3446257.7519540437, 93.702903641562, 131.17358369561097, 103.9696851375005, 60.32620897649244, -0.068652133615, -0.637434559799, 0.767439943268, 0.979680007402, -0.188385103238, -0.0688341192693, 0.188451499457, 0.747119960148, 0.637414933541,  
152, 1513211.7002969356, 71.2202827918221, 138.53593012949392, 84.05626888529507, 31.022625341498518, -0.637780352851, -0.44380940314, 0.629499352821, -0.743122428267, 0.139692857949, -0.654411920769, -0.202497600291, 0.885166153399, 0.418898081582,  
154, 1170597.6273252848, 65.37921123341756, 119.42290096835777, 64.38064872890902, 36.34762719732523, -0.827332605384, 0.0814759993035, -0.555771915093, 0.546002540503, -0.115715779878, -0.829753628526, 0.131916586649, 0.989935108896, -0.0512493350406,  
161, 2673791.8219309943, 86.10195128718478, 156.00531385370286, 84.53820883176387, 48.40013219935967, -0.940278714993, 0.285286238147, -0.185708643995, 0.165512859416, 0.859877947903, 0.482923811878, 0.297458285309, 0.423345812586, -0.855743472933,  
165, 1246418.953913573, 66.76135538034599, 130.43543047489703, 55.41255250160553, 41.16913134705064, -0.296179584374, -0.732326723463, -0.613168185657, -0.890189622567, 0.444325742993, -0.100683017374, -0.346179273894, -0.51601570152, 0.783509863442,  
166, 2339710.840419015, 82.35523156124385, 101.82224665155124, 84.08824289080327, 65.23724692755978, -0.735111168096, 0.0209697059674, -0.677622197078, 0.677079363095, -0.0278312183647, -0.735383545747, 0.0342798280632, 0.999392662929, -0.00626088428095,  
167, 4571669.607386727, 102.95846895396113, 134.9092934867432, 109.0359180962341, 74.19502314100185, 0.569275710576, -0.199670675616, -0.797531683789, -0.778284755609, 0.181735294076, -0.601036706096, -0.264949060264, -0.962862349553, 0.0519431543024,  
169, 859875.309491453, 58.990528875410995, 110.60367904092412, 61.170370491772154, 30.34143977702375, 0.0637561437756, -0.588584214623, 0.805917971277, 0.776950724758, -0.47755182367, -0.410233868674, 0.626324776318, 0.652313481392, 0.426854069402,  
172, 2962180.375908997, 89.09246266330919, 129.73410020128625, 96.27572076458554, 56.61766683435486, -0.92098178928, 0.341608810083, 0.187339170192, 0.380766957284, 0.687362505555, 0.61850570749, -0.0825170773539, -0.640965058978, 0.763121697447,  
173, 1102487.3884802265, 64.08577986303456, 97.35022448987073, 84.30468085341052, 32.06980911299388, -0.732102571997, 0.114712191016, -0.671466259247, -0.615725929876, 0.310216309918, 0.724325493365, -0.291388749531, -0.943719743511, 0.156478887885,  
176, 1992696.8576567932, 78.0640134418522, 123.04773592708477, 76.64937847637893, 50.43945227255929, -0.98247334108, -0.184602179474, -0.0258489728984, 0.0118515094512, -0.200253951479, 0.97967234147, -0.186026008371, 0.962195609141, 0.198931983249,  
179, 2499099.4620807082, 84.18440445348482, 146.24484820124636, 90.52718512931756, 45.06458117609738, 0.153362488762, -0.387445831522, 0.909046574537, 0.704598390676, -0.60211452512, -0.375498610511, 0.692835517924, 0.698100154903, 0.180651927273,  
181, 888889.7906353733, 59.64670209912279, 117.57881209995871, 56.71178451288456, 31.82415840352278, -0.322113129012, -0.855504539839, -0.405407343833, -0.935555970331, 0.222140509155, 0.274569882855, 0.144838387511, -0.467723825038, 0.871926754375,  
185, 1476573.291966433, 70.64077682609465, 119.83523683225314, 93.69915075094586, 31.393967637066314, 0.0237397400254, 0.992890773948, 0.1166376258, -0.239161029633, -0.107642345352, 0.964994884646, 0.970689665469, -0.0508039023675, 0.234905378516,  
187, 1005458.8847716107, 62.1477250379026, 135.50115525234267, 68.02310423789503, 26.042115564659312, 0.0395323975929, 0.69321839466, 0.719642582707, 0.782109155864, -0.46970323224, 0.40949254198, 0.621886209731, 0.546650830904, -0.560740948405,  
189, 915915.9324506059, 60.24518395270462, 128.15013404700696, 59.40608764963263, 28.72215277493409, 0.873043237733, -0.389838983788, 0.292952337023, -0.413001313331, -0.27169216946, 0.869260191336, 0.259278653644, 0.87989143181, 0.398203023584,  
192, 382967.5533793256, 45.04961913516389, 113.1772576853471, 71.92580005073177, 11.231286424957771, 0.572529803114, 0.0710994741475, 0.816795255448, -0.734631854813, 0.486828931168, 0.472560715328, 0.36404074283, 0.870598906819, -0.330956010681,  
197, 2343015.3629779415, 82.39398516757834, 156.6898873491891, 71.5994628630271, 49.85810804035019, 0.672597616967, 0.0879599845962, -0.734762197421, -0.484563251045, 0.802787452398, -0.347463324695, 0.559295003899, 0.589741763301, 0.582575103512,  
200, 1117853.9353361405, 64.38215118784188, 152.99061219410984, 48.72114521911002, 35.80256815889675, 0.00957538901364, 0.999549413088, -0.0284478948384, -0.624203885985, 0.0282004627322, 0.780752356783, 0.781202803788, 0.0102812789667, 0.624192658285,  
201, 2208249.1340980004, 80.7829707062443, 110.49031682012749, 96.3055089674125, 49.54320633836417, -0.8971631847, -0.178169879737, -0.404170402148, -0.00503480955896, -0.910850752245, 0.412705170586, 0.441670545442, -0.372298806189, -0.816284710257,  
213, 654283.72587048, 53.85497594941199, 115.26059144999955, 60.91571436489095, 22.246788369515173, -0.776106633596, -0.53899822942, 0.327321557447, -0.0891831467315, 0.607662084379, 0.789172451082, -0.624263453701, 0.58329040785, -0.519680132854,  
214, 243285.85820623752, 38.7266043447867, 135.85553989160204, 77.93431551576452, 5.48557525566736, -0.151791009409, 0.170211561307, 0.973646503542, 0.505461145907, -0.833145256152, 0.224450466986, 0.849393030017, 0.526210040335, 0.0404286285909,  
218, 410688.9689503418, 46.11138245208531, 110.53240648303567, 47.60872729175554, 18.631517611837232, 0.475592935165, 0.87500566271, 0.0904237261284, 0.688584622668, -0.434280704559, 0.58073357667, -0.547414447604, 0.213928398941, 0.809056279057,  
219, 1013666.1967609462, 62.31636584105449, 151.59078226683818, 54.57976914157338, 29.248383354059953, -0.145210338458, 0.919872471594, 0.364346804032, -0.169971924395, -0.385968271582, 0.906718279428, 0.974691490946, 0.069736140813, 0.212399077545,  
221, 680868.0419967878, 54.57471129567739, 94.12954532315179, 67.31307744348639, 25.653636320689262, 0.930225543291, -0.0568544058878, 0.362557602513, -0.292538814343, -0.711389373466, 0.639019719119, 0.221588539216, -0.700494636561, -0.678384686912,  
229, 1846297.0848544918, 76.10344645847285, 105.22030454436718, 72.00215903564049, 58.179220874538146, -0.0694218757154, -0.981642532988, -0.177647236401, -0.995386948629, 0.0799828194889, -0.0529865179605, -0.0662225465468, -0.173149317109, 0.982666722909,  
231, 1098254.4686690005, 64.0036571145997, 141.19808228186227, 84.17111238724806, 22.060863359573865, -0.635809888079, -0.430821287936, 0.64042080235, -0.00378487900647, 0.831456750905, 0.555576588838, -0.771836421084, 0.350817173518, -0.530279030184,  
233, 1706954.0146102312, 74.13860397281026, 100.88537711000474, 68.66709485270805, 58.82423887395801, 0.111886070994, -0.441107453573, -0.890452537489, -0.72164578602, 0.579966752785, -0.377976090757, -0.683160937582, -0.684881581054, 0.253433133776,  
235, 1786243.3938146478, 75.26920727118718, 144.04633751485986, 96.56375604216612, 30.657423670127322, 0.163090062497, -0.624162187584, 0.764083238335, -0.329873036097, 0.695384962947, 0.638454018206, -0.929830851053, -0.356175963391, -0.092483898769,  
238, 706523.0423266973, 55.25173332721158, 86.520670463571, 55.537535721901385, 35.101949676906756, 0.841824407712, 0.217253675622, -0.494097669504, 0.252087250163, 0.651190318192, 0.715823433396, 0.477266890624, -0.727153360662, 0.493421022244,  
240, 1861935.1864474989, 76.3177075832321, 124.76024124256807, 89.85625391565237, 39.65075260804991, 0.390335047912, 0.550935987128, 0.73763682694, 0.595664604844, -0.762032447844, 0.253949260618, 0.702012983432, 0.340258852227, -0.625621039107,  
241, 936472.4093228588, 60.69256038519391, 157.67898852981725, 67.03366518801157, 21.151422773358153, -0.465874414195, 0.875142030449, 0.130718999154, 0.870145094609, 0.426283749157, 0.247244169866, -0.160650379787, -0.228929228686, 0.960095236801,  
250, 1186493.031622637, 65.67380728215845, 121.31247667327295, 95.78075436110231, 24.37770741088685, -0.970234477801, 0.144772080357, 0.194129088073, -0.215377551163, -0.882347780743, -0.418419531419, 0.110713904013, -0.447776103166, 0.887264894432,  
261, 2258418.6802612515, 81.39016883090845, 99.21606085636732, 78.28246053310431, 69.41756889413176, 0.189190099794, -0.669217038267, -0.718578918305, -0.916435470239, 0.142467943773, -0.373963786863, -0.352637398793, -0.729281455057, 0.586340706657,  
269, 1386853.0946296563, 69.18000943031718, 116.70840492779641, 57.305135959601934, 49.504670002407615, 0.371864605183, 0.618028777431, -0.692645035843, 0.753919708935, -0.636402940959, -0.163083933048, 0.541591901612, 0.461553601443, 0.702599804371,  
270, 1802044.1408121, 75.49049477694251, 102.73436956837934, 83.72897163048158, 50.01327544169431, 0.239945428119, 0.904110623275, -0.353567776256, 0.51482254978, -0.427282530062, -0.743227678267, -0.82303337342, -0.00369058064058, -0.567981025961,  
274, 2749348.2678674855, 86.90545728677068, 108.32502145112686, 97.92919327780031, 61.872859363464435, -0.601008086407, 0.784570724526, 0.152440343382, -0.431648784268, -0.479151737632, 0.764259732921, -0.6726578678, -0.393525590707, -0.626633068347,  
277, 1374932.978938271, 68.98123623562414, 132.41820959503806, 55.280879783972466, 44.840480941390375, -0.78224244976, 0.0921519038189, 0.616120748244, 0.231333137101, -0.875315994061, 0.424625588277, 0.57843040158, 0.474689305929, 0.663391538508,  
282, 511976.739652782, 49.62728772058042, 107.7465858116234, 63.46665438211389, 17.873619090436875, 0.445548844925, 0.499315151492, -0.743081830135, -0.299786680201, 0.865313129504, 0.401697814634, 0.843572269079, 0.0437900376548, 0.535227296989,  
284, 2777271.63052037, 87.19868110517231, 132.3944465812719, 82.57261695635476, 60.64904004534342, 0.695298147434, 0.537976506647, -0.476593919884, 0.539895898737, -0.828664284728, -0.147742755297, 0.474418491104, 0.154585838654, 0.866620051572,  
286, 2195600.9449879746, 80.62844175071668, 117.66959102044223, 85.17444197242816, 52.298743972080906, 0.0356188921782, -0.995868840194, 0.0835257304723, 0.158198144995, -0.0769062524114, -0.984407829743, 0.986764734595, 0.0482771319671, 0.154805287665,  
289, 755344.8543751122, 56.496154589278156, 110.5183220736731, 54.14168791369301, 30.136345892505346, 0.713536844248, -0.227190004525, -0.662759287935, -0.351158052552, -0.934536105974, -0.0577086541083, -0.606261654757, 0.2739105118, -0.746605543441,  
291, 360550.46182538115, 44.15289138670093, 93.66271085239092, 51.27966755327867, 17.921135463035977, 0.185693296977, -0.936502797258, 0.297456736661, 0.683230109085, 0.340623814935, 0.645888562168, -0.706197293607, 0.0832942220482, 0.703098467553,  
295, 833830.5494313678, 58.388824375314094, 109.64561983711477, 77.76093641470874, 23.34728713024845, 0.481357146992, -0.875250073065, -0.0472504670701, -0.776639634665, -0.400892508579, -0.485917765092, -0.406357201125, -0.270596574561, 0.872726371167,  
298, 1839553.4571578612, 76.0106770942632, 116.11169163053377, 95.32916838078368, 39.67546695640069, -0.74967281157, -0.614127136897, -0.246654688419, -0.65523940131, 0.636373581822, 0.407050354784, 0.0930161414144, -0.466772454291, 0.879472269802,  
299, 2931748.6170300473, 88.7863167465967, 125.56164274125773, 95.9763121193539, 58.07872482782748, 0.451045032876, 0.890794080567, 0.0551750337024, -0.58340380789, 0.247487470118, 0.773556687692, 0.675424588875, -0.381098226394, 0.631320652745,  
300, 3323024.947049847, 92.57243003012236, 119.78689478520009, 87.35781394443144, 75.81129718993459, 0.570633582316, 0.56394165737, -0.596948173475, 0.315567914445, 0.52051917166, 0.793395666303, 0.758151835786, -0.641115901392, 0.119063826903,  
305, 363147.96871485625, 44.25866772520258, 72.66790338029531, 48.245943583357096, 24.72814708163088, 0.663768788076, -0.558937839556, 0.496990429976, -0.593921485214, -0.79777456944, -0.103985603597, -0.45460781491, 0.226150896232, 0.861503050927,  
307, 134406.0604724314, 31.776794165946768, 155.979554524164, 59.064506616123694, 3.4828597498075213, 0.52044175642, -0.841650362446, 0.144100817378, -0.763954409548, -0.534333428455, -0.361747767606, -0.381463023512, -0.0781821886983, 0.921071933707,  
309, 1502897.7512858645, 71.05810287944897, 120.68498362921483, 62.420562875502874, 47.62773284380895, 0.835821921933, -0.506327592448, -0.212212355771, 0.232412624132, -0.023865366927, 0.972324439889, -0.497379218464, -0.862010912568, 0.0977297275786,  
311, 1697116.9579838424, 73.99591098067471, 123.0018339786991, 80.49541658082413, 40.920452222456525, 0.0426936949273, 0.84392176172, 0.534764722573, -0.498413594768, -0.445900936704, 0.743475785212, 0.865887485164, -0.298275736093, 0.401584920402,  
314, 1771474.3151895788, 75.06118507804294, 131.53947282251255, 65.36544573539362, 49.18604768685872, -0.510446405162, 0.075162087514, 0.856618426172, 0.841856145791, -0.159374118906, 0.515633707215, -0.175278912737, -0.984352858899, -0.0180762807674,  
315, 1508751.3273966045, 71.15023715007209, 137.3656821661104, 75.28997038289465, 34.826808858866244, -0.26794043033, 0.960103432593, 0.0800582570237, 0.963235853818, 0.268649939582, 0.0019748122061, 0.0196116219346, -0.0776441155917, 0.996788230066,  
317, 1297888.693774028, 67.66793861001227, 102.96956820965372, 85.70277363475007, 35.11115135099026, 0.494997418581, 0.863020017217, -0.100866275244, 0.783157984751, -0.493419467369, -0.378418815787, -0.376352396722, 0.108322108108, -0.920122380109,  
321, 2506845.3529772935, 84.27129050649722, 116.45062030448412, 94.82684847305255, 54.195822337936875, -0.437060324104, 0.309243655443, -0.844598505008, 0.245261477918, 0.94442548145, 0.218877402756, -0.865346797847, 0.111484848998, 0.488616462985,  
322, 3162423.207615088, 91.05639656985367, 106.83484986902894, 89.75153830246579, 78.73657769646685, 0.524890269457, 0.787938852218, -0.321935661576, 0.693605890627, -0.615179765614, -0.374786238365, 0.493356943315, 0.0265748216278, 0.86942090229,  
323, 3690381.1960439193, 95.86517582391471, 103.2968788205349, 96.4328826086081, 88.44438595803668, 0.489314688397, -0.0210372922519, 0.871853524426, -0.816646665177, 0.339763106382, 0.466528944222, 0.306038167513, 0.940275738215, -0.149071043966,  
324, 3626096.0523300865, 95.30526609157387, 113.14962243158402, 90.1427410916176, 84.8724668918705, -0.913975638212, 0.34868461915, 0.207527273203, -0.00586178125479, -0.522734368336, 0.852475465735, 0.405726721175, 0.777925328376, 0.47981039088,  
325, 3545644.3527950067, 94.59514647574026, 111.04753117910452, 89.520741456587, 85.14790830137302, -0.58444230071, -0.757309520765, 0.291392324709, -0.298486245726, 0.534575090888, 0.790655065951, -0.754541687551, 0.375115664777, -0.538474771727,  
326, 3665722.0285610207, 95.65117440965426, 106.49554823581171, 91.90207952165453, 89.41577145953275, -0.970076038798, -0.160375529195, -0.182296924234, -0.190252421462, 0.968555635368, 0.160324662249, -0.150852560726, -0.190209544537, 0.970084446886,  
327, 3003285.850161431, 89.50267598530986, 102.72623168687821, 86.87145929149412, 80.34328531995601, 0.335224576013, -0.938986149063, 0.0770032174993, -0.757633818679, -0.220091344133, 0.61445162302, 0.560013821643, 0.264319526532, 0.785187689322,  
328, 3386420.752172528, 93.15741648894854, 107.57659034373731, 91.78294809416298, 81.87899985889187, 0.827417204351, 0.471871364919, 0.304496609036, 0.162613402526, -0.720290275812, 0.674343235964, 0.537529209684, -0.508447965421, -0.672713174537,  
329, 1349596.4912692015, 68.55489085260442, 92.38123705406925, 66.68167986580809, 52.30281039781597, 0.855817691334, 0.195045974781, 0.479096177111, -0.146928969289, -0.796379927797, 0.586677840544, 0.495971730227, -0.572482382545, -0.652898127193,  
330, 1579870.647592199, 72.2510739743782, 117.44014451832145, 57.99426240956492, 55.377241030376645, 0.811084622584, 0.285949379238, -0.510269230428, -0.336141751459, 0.94178872033, -0.00653675641445, 0.47869662411, 0.176824655441, 0.859989873948,  
331, 2923503.0283729206, 88.70300095572568, 113.18922592959719, 86.83262013255374, 71.01121491967122, 0.34492062379, 0.897486690096, 0.274858880854, -0.374405667022, -0.136972316575, 0.91709267852, 0.860726530198, -0.419232901372, 0.288779525974,  
332, 4134679.81077173, 99.56753560755003, 128.88720129622803, 106.69403544652587, 71.77998102827846, -0.975603258806, -0.217643819914, -0.0288001573027, 0.0766195412171, -0.460476878001, 0.884358802031, -0.205737034369, 0.860576674376, 0.465918512413,  
333, 3358818.910140094, 92.90362501459464, 110.3972887934743, 87.0564971246671, 83.4331006876463, -0.891613812897, -0.45278928294, 0.0025833902576, -0.450356190266, 0.886202238449, -0.108742330567, -0.0469479556538, 0.0981196097749, 0.99406661328,  
334, 2588033.0107331616, 85.17138981732737, 95.82369170222618, 89.12002971308021, 72.34907469874695, -0.351710088446, 0.708878488582, 0.611384741477, 0.896478622316, 0.44308257714, 0.0019772622097, -0.269492288231, 0.548788773811, -0.791331023228,  
335, 3148945.2278935355, 90.92685414694162, 118.51468825059882, 91.37006435285002, 69.42252221385269, 0.845738687807, 0.0148812273297, 0.53338974589, 0.366641298852, 0.710062072062, -0.601153900258, 0.387685736033, -0.703981820001, -0.59507089257,  
336, 2270247.8879908887, 81.53202400541525, 110.46446437769202, 89.401098115046, 54.88064749836484, -0.467705793221, 0.662831452883, -0.584727078265, -0.403167628373, 0.428733031181, 0.80848243729, -0.786579401217, -0.613874949028, -0.0667112624407,  
337, 2211235.7580811107, 80.81937355364826, 94.85288399087446, 84.82564872923224, 65.60979935779321, 0.563856056896, 0.825831057412, 0.00833136932785, 0.745411138279, -0.504552399342, -0.435647921203, -0.355567971042, 0.251853014538, -0.900078594922,  
338, 3846861.700139801, 97.20143009251635, 120.38695961294165, 91.92594707917272, 82.98515403203383, 0.886297023184, -0.0978758708493, -0.452656492939, -0.341063832845, -0.799154834094, -0.495002033399, 0.313293869425, -0.593103587116, 0.741670470176,  
339, 3743295.845663228, 96.32119182283071, 124.21558696730112, 96.59465287367308, 74.4794328550082, 0.439817022387, 0.796046136259, -0.415778229066, 0.516177698782, 0.154788509209, 0.842378240873, 0.734929636155, -0.585107739108, -0.342822641519,  
340, 2764269.429257785, 87.06239042383241, 107.30886843685138, 87.66462937550465, 70.15065738146261, 0.331670775083, -0.110353209661, -0.936918708359, 0.617032791064, -0.725878105049, 0.303926819091, -0.713628076597, -0.678913209275, -0.172661004757,  
341, 2878938.1149619976, 88.2499714157653, 101.10510221045836, 94.98929379682947, 71.56422767516077, -0.732635747326, 0.259801196656, 0.62908520882, 0.615231164746, -0.142515964744, 0.775357861712, -0.291093585751, -0.955087712207, 0.0554255024846,  
342, 3157654.80711566, 91.01060765510282, 110.36925404283423, 86.4696949870075, 78.98852568605005, 0.267513959902, -0.948838949936, -0.16775258073, -0.655356718769, -0.306796829576, 0.69020524232, -0.706359577284, -0.0747017566458, -0.703900415636,  
343, 3279209.301935804, 92.16375822847763, 111.54442923046905, 103.09767783089752, 68.07439009716782, 0.601074575332, 0.785585424148, -0.146849910642, 0.241715935831, -0.00355770728377, 0.970340532537, -0.761762929824, 0.6187429871, 0.192026963368,  
344, 3478350.3932265854, 93.99286909582743, 116.82523545307512, 89.62279644761861, 79.3102946971998, -0.0831231739547, -0.635172392014, 0.767884477233, 0.738122398112, -0.556938275087, -0.380782199097, 0.669526596452, 0.535140906833, 0.51512944633,  
345, 2716686.2499593664, 86.55994233666884, 112.9499511141507, 94.66681961551645, 60.65506061378251, -0.96642473376, 0.0606201914823, -0.249696668703, -0.144132344948, -0.932384473897, 0.331489155139, -0.212718361024, 0.356348684886, 0.909816747298,  
346, 3622876.9921444254, 95.27705538295663, 114.24547300924638, 92.00043265438543, 82.28792468944677, -0.169256663608, -0.908350730529, 0.382427943765, 0.168725239001, 0.355592379067, 0.919285512598, -0.971022129278, 0.220120444978, 0.0930753144195,  
347, 2712487.9312973972, 86.5153299487289, 126.41711434359435, 80.27454901455769, 63.81098641829994, 0.493737700804, 0.0843695377488, 0.865508442423, -0.428286053566, -0.842612885624, 0.326457625583, 0.756831645167, -0.531869632598, -0.379895452452,  
348, 2124264.006934729, 79.74558110511894, 141.024661666382, 83.7931738102322, 42.915697401063625, 0.868093282978, -0.455127202726, -0.19817487577, -0.139749564787, -0.607146437778, 0.782204105228, -0.476323536254, -0.651331277026, -0.590663572923,  
349, 3696503.445799443, 95.91815917534156, 105.37410672257496, 95.7981327166838, 87.42015175707384, -0.373668446047, -0.045460321545, 0.926447651837, -0.89999911697, -0.223907703231, -0.373987873983, -0.224440374892, 0.973549536284, -0.0427529942768,  
350, 4039136.413626911, 98.79462198555937, 111.09859221895299, 95.29450651418028, 91.08009822552147, -0.150437142186, -0.29071312925, -0.944909806665, -0.980130661572, 0.168841330959, 0.104098468798, -0.129277037779, -0.941795350085, 0.310336859012,  
351, 3420012.3719836357, 93.46442875230352, 100.29555574269685, 96.89259490714788, 84.0169267858473, -0.0665769923204, -0.48220096888, 0.873527177428, -0.964527721717, -0.193031843594, -0.180069379399, 0.2554481907, -0.854529655992, -0.452244722355,  
352, 2343146.30842758, 82.39552007235952, 121.9296125497909, 79.21953970874426, 57.91209679138463, -0.343520976626, -0.498278088366, 0.796060478401, 0.226083507406, 0.778839571648, 0.585059970699, -0.911525965783, 0.380956517583, -0.154895272407,  
353, 3537636.460375304, 94.52387792964223, 104.25635676416235, 99.30160510704228, 81.57663352838154, -0.55022625668, -0.106857067153, 0.828150127489, -0.0409385267745, 0.994037482506, 0.101061963166, 0.83401145285, -0.0217036995178, 0.551320093903,  
354, 3269206.1520644734, 92.06994832565223, 107.71031951172209, 100.6813974392672, 71.96927855346466, -0.414124391936, 0.321662785367, 0.85148930734, 0.395236753673, 0.90622994205, -0.150117289736, -0.819932251195, 0.274372638289, -0.502424878771,  
355, 3627761.7754714945, 95.31985734733252, 101.74657127686984, 93.95219153450164, 90.59901024743938, -0.211219803115, -0.932467594216, -0.293070606697, 0.0365646783529, -0.307163359003, 0.950954097306, -0.976754431303, 0.190144304735, 0.0989743618696,  
356, 3795511.5104786847, 96.76699050364536, 107.24384515818318, 94.05694032457555, 89.82939600176327, 0.899334163328, -0.0274018066604, -0.436402570643, -0.25549820786, 0.777001801754, -0.575316318082, -0.354850290196, -0.628901694276, -0.69178315279,  
357, 3131903.1870177765, 90.76252578505317, 98.09739002999838, 95.92164788530384, 79.45946480969052, -0.999049717387, -0.0251293973092, -0.035611452928, -0.0343614763119, -0.0485331852154, 0.998230343597, 0.0268132641511, -0.998505404754, -0.0476235817829,  
358, 3512014.9087995198, 94.2951264382492, 103.22663578781275, 92.56730622378846, 87.74418455674576, 0.770212654797, 0.482416546479, 0.417189096303, 0.328432843275, -0.860726458515, 0.388949651073, 0.546721440817, -0.162555342253, -0.82138384867,  
359, 2415630.346716492, 83.23652788968948, 103.59098265882687, 85.28982268974887, 65.27136622717346, 0.330783414698, 0.852146018188, 0.405499070587, 0.829118358787, -0.0572023264707, -0.556139048232, -0.45071618529, 0.520168297316, -0.725451488926,  
360, 3595856.4264287106, 95.03959521671712, 101.95464508593115, 99.0631123729034, 84.99526809377565, -0.303926621685, 0.565950585085, 0.766373632031, -0.937049434335, -0.322772763296, -0.133252020195, 0.171950476135, -0.758628814715, 0.628422911136,  
