# Void_ID, Void_Volume, r = (a*b*c)**(1/3.0), a, b, c, vector_a, vector_b, vector_c 

6, 2020329.1869163539, 78.42319100155284, 106.72266845554967, 98.45292527025933, 45.903756633926605, -0.384270457133, -0.883886603963, -0.266609615559, -0.0403835954477, -0.272413088091, 0.961332551543, 0.922336912952, -0.380178353896, -0.0689857828539,  
18, 1876720.6409858495, 76.51918582529014, 112.7449761924584, 95.78761214758374, 41.48627816943073, -0.846392505199, 0.443414697023, 0.294962935988, -0.238599312143, -0.810891097964, 0.534346325418, -0.476119833012, -0.38188877138, -0.792130589553,  
96, 1062148.6986239182, 63.294441296479064, 109.4994253174327, 92.30715574064749, 25.087044656156024, 0.101953627751, 0.893415871534, 0.437508329383, -0.799023040769, -0.188442982438, 0.571009126626, 0.592593990949, -0.407795687644, 0.69464742066,  
98, 515855.6117536489, 49.75230238391259, 89.54470874937992, 48.817096073933655, 28.172648735243722, 0.484942115721, 0.818758610324, 0.307352375002, 0.762113108044, -0.223255354819, -0.607734034832, 0.42896941027, -0.528953102424, 0.732252593364,  
100, 1898938.8711134, 76.81996855966783, 107.71758561513074, 95.30030300577349, 44.16126275776639, -0.942884339971, 0.225978744684, -0.244750338891, 0.247730381713, 0.966865193568, -0.0616551331396, -0.222707834198, 0.118765754394, 0.967623850559,  
120, 112701.34240582558, 29.9649455760767, 80.4459896931192, 58.43090641941459, 5.723918709286682, 0.222536501793, -0.191230634823, -0.955985538424, 0.0250130198377, -0.979131367842, 0.201683200458, 0.97460343433, 0.0687939591375, 0.213109213733,  
126, 1675825.5651257369, 73.68516618991448, 167.58829193518827, 67.08471058431748, 35.58549218592518, -0.137174167019, -0.325283490895, -0.935614182478, -0.980581966317, 0.178234957225, 0.0818004117197, -0.140150830312, -0.928667298108, 0.343416356903,  
127, 2547360.745096983, 84.72286124171877, 121.53394310531374, 103.21172399358554, 48.48140773878005, 0.0422587880048, 0.252854857223, 0.966580889535, 0.299644292968, -0.926118051651, 0.229169483348, 0.953114627171, 0.279946022627, -0.114903141328,  
135, 1913717.7993677664, 77.01874346531513, 126.59753532274526, 77.65992541168929, 46.46940023082045, -0.0197630592952, 0.431144167584, 0.902066587479, -0.12287096679, -0.896450875387, 0.425768192257, 0.992225854837, -0.102423311683, 0.0706917125025,  
152, 1126769.422467777, 64.55285893605279, 93.16380848394715, 59.626535653506686, 48.42388532028132, 0.332530397501, -0.552483658747, 0.764320182617, -0.736872836007, -0.658010675593, -0.155049586778, -0.588593202724, 0.511648079859, 0.625918751983,  
164, 1257145.6447087172, 66.95232483581677, 109.17828160323634, 68.11072514632659, 40.35944888725457, 0.0926711652155, 0.861124563875, 0.499876525383, -0.592683158519, -0.355702356488, 0.722635805366, 0.800086700767, -0.363235900043, 0.47741067455,  
174, 2332101.4382585245, 82.26585375293273, 107.31287648506077, 80.41730356502688, 64.51452209017076, 0.620909702414, -0.736009635307, -0.269742392261, -0.677499981823, -0.676958225465, 0.287613170083, 0.39429039562, -0.00416865800672, 0.918976444862,  
182, 2023194.2031231602, 78.4602439713913, 106.3849712700043, 78.42699780938578, 57.88993894802699, 0.624638957133, -0.71867491581, 0.305503745667, -0.677185265056, -0.303668849174, 0.670227832034, 0.388903959896, 0.625533049028, 0.676359456614,  
203, 665830.6283683411, 54.16994399023439, 76.86753792596402, 65.21949009421863, 31.70697351041233, -0.500493940183, 0.258339583617, 0.826296844588, 0.390616800472, -0.784381457226, 0.481834250287, -0.772608782651, -0.563920552114, -0.291666384546,  
221, 1160029.6762936048, 65.18187215373536, 138.07963821593597, 62.0923132450336, 32.30078002229593, 0.269121598421, 0.565423786134, 0.77965986644, 0.901046438518, -0.433708407863, 0.00351177787245, -0.340130682089, -0.701564650636, 0.626193388722,  
224, 3385321.9542063917, 93.14733974811003, 128.22535143894467, 88.56116986113372, 71.16953455122312, 0.214310153972, -0.427222567148, -0.878380348154, 0.695906167255, -0.564249419406, 0.444226517755, -0.685409194774, -0.706472554895, 0.176382439317,  
228, 2326107.067578118, 82.19530863153857, 111.60973402660242, 87.64946353734352, 56.766191249500224, 0.840459096126, -0.312556304243, -0.442647788221, 0.241266337372, -0.515598003819, 0.82216133022, -0.485200022866, -0.797788979077, -0.357929717507,  
230, 489055.6605644968, 48.87535147844457, 148.15942280789835, 92.35642051615591, 8.532441331194834, 0.811079185516, 0.471304232456, 0.34644317758, 0.271730796264, -0.82807713463, 0.490357658719, 0.517989313774, -0.303579609941, -0.799704002268,  
253, 918311.9503145948, 60.29767161141708, 120.33102617888693, 85.08098256403831, 21.413689918393253, 0.785165143725, -0.0149571267617, -0.619105791798, 0.230885395026, 0.934701097688, 0.270232848381, 0.57463695621, -0.355119898541, 0.737348103827,  
266, 496868.51651605475, 49.13424532560911, 96.16488995080464, 54.46354365042414, 22.64803021135349, 0.0753386732148, 0.989659247184, -0.122060062189, -0.961312251502, 0.104609638943, 0.254824603508, 0.264958184307, 0.0981396856706, 0.959252710533,  
270, 2300691.354356698, 81.89484848014395, 122.4385120997097, 108.3708786774628, 41.394163735780225, 0.564799671996, -0.824646542948, 0.03097433966, -0.65858077517, -0.427808538708, 0.619072868719, -0.497265214035, -0.370051257818, -0.784722481836,  
290, 546857.5384225029, 50.72964984255056, 124.97360690947896, 64.74391360468923, 16.13497666840582, 0.589622060073, -0.632271976004, -0.502571362729, -0.656599825758, -0.0128773775744, -0.754129194476, -0.470342954758, -0.774639478407, 0.42274245517,  
295, 406779.7858401035, 45.964610540435366, 93.4432079752387, 70.84739301862322, 14.66895378340242, 0.672755839901, 0.731533773051, -0.110715485658, 0.645307760209, -0.506970181683, 0.571453523481, -0.361908102277, 0.455894257224, 0.813131570988,  
302, 1392873.5039671648, 69.27996972981886, 127.69856040128705, 80.49505068796466, 32.34952351887206, 0.461482492988, -0.11692768306, 0.879409930351, -0.484645650932, 0.797057538415, 0.360302474995, -0.743069647945, -0.592475482522, 0.311159606814,  
320, 2018754.0710530384, 78.40280525971941, 116.74993991039862, 74.5890018056383, 55.34308255632624, 0.341125968891, -0.313712809136, -0.886124904701, -0.889515333201, 0.197095557585, -0.412208458404, -0.303966355618, -0.928836699622, 0.211817940903,  
321, 721096.4327431838, 55.62904178825856, 89.62523189161013, 51.09437846561871, 37.59251008383511, 0.816027825461, -0.534029143929, -0.221159357721, 0.25052505479, -0.0180402492911, 0.967942015995, -0.520899016121, -0.845273578695, 0.119066335142,  
332, 3030476.20346709, 89.7719701257148, 118.58671535956398, 86.22367500052289, 70.75541775356122, -0.699430417427, -0.549836776075, -0.456592390271, -0.686780762134, 0.693888317832, 0.216451350513, -0.197811212877, -0.464971528217, 0.862943915911,  
354, 346257.49389187025, 43.56157002889271, 82.31796667720592, 57.590200209817766, 17.436822608172857, 0.185143198344, -0.718614783342, 0.670309472758, 0.545191709385, -0.492394889516, -0.678463906774, 0.817611152153, 0.491060144932, 0.300619257426,  
365, 1203094.0401430987, 65.97868497796689, 111.04632627788315, 88.6240678018099, 29.184690403142557, -0.654089607706, -0.0536586245203, -0.754511455914, -0.599296851288, 0.645377601575, 0.47363597353, -0.461530138916, -0.761976707912, 0.454292226956,  
395, 654451.635978248, 53.85958252451672, 147.3777407698924, 41.60200555166054, 25.48254419213422, -0.871109554598, 0.263384255864, -0.414483868987, -0.0212682861921, 0.822984551604, 0.567665471756, 0.490627968923, 0.50331417781, -0.711307974457,  
417, 1369531.6487419577, 68.89078833591502, 116.66410864675791, 63.72583172101847, 43.977514853062736, 0.550233214332, -0.208834946907, 0.808474721186, 0.587136311509, 0.785208802952, -0.19676912226, -0.593729198839, 0.582953772367, 0.554662544011,  
450, 1344859.1435651213, 68.47458312116497, 111.35830280904861, 68.01240637131426, 42.39136942396018, 0.775441233388, 0.29120693264, -0.560258347501, 0.43232860456, -0.891557791036, 0.134969192493, 0.460198730161, 0.346876386664, 0.817247759944,  
454, 1827545.3986033783, 75.84492420010143, 96.70814231421546, 76.93525083375629, 58.63962035304916, 0.897438514264, -0.175569323687, 0.404696831833, 0.305517438303, 0.909129224993, -0.283095650188, -0.318218805239, 0.37770287905, 0.86952707097,  
503, 2808091.8803900946, 87.52005222632023, 119.6043776466236, 102.18341901670279, 54.852345008155815, 0.122008287773, -0.701800411783, 0.701847675594, -0.465107298511, -0.665110296066, -0.584211857924, 0.876806237767, -0.25515578788, -0.407561462021,  
618, 1740129.8227344777, 74.61583675528232, 119.07334730373283, 76.10332485467922, 45.84319180450031, -0.984626454802, -0.102675555958, 0.141309853558, -0.174668689574, 0.584609369167, -0.792289552099, 0.00126229410386, 0.804791659805, 0.593556055417,  
619, 653955.0201816837, 53.845955702485426, 154.63772139075456, 52.599630089251434, 19.193807601038742, -0.0415877026233, -0.197670072056, -0.979386035026, -0.150534508898, -0.967804971195, 0.20172481097, -0.987729631337, 0.155820667255, 0.0104926181187,  
632, 1889082.7923997939, 76.68683150521913, 142.9196209914109, 79.94824324286455, 39.46949791085215, -0.233506869842, -0.944030686365, -0.23298198415, 0.073466573741, -0.256049717439, 0.963867835723, -0.969575785733, 0.207953373143, 0.129144068077,  
726, 1936194.2566366694, 77.3190968982742, 98.05490145079838, 72.2116959069451, 65.28049909083119, 0.293743296892, -0.807973043003, -0.510778266288, 0.586382536658, -0.269685020262, 0.763822957595, -0.754897606457, -0.523879329261, 0.394563115533,  
730, 2694766.2888591206, 86.32650638901323, 114.72269639488496, 83.71083551682433, 66.98868828462747, -0.695881881886, 0.475814134576, 0.537911996335, -0.0978948019601, -0.804874923253, 0.585314416077, 0.711452749107, 0.354650909001, 0.60667760675,  
749, 432794.23224654834, 46.92428008380648, 122.84717620250183, 60.958694860912544, 13.79723358436815, 0.641313325771, -0.765240414669, 0.0558956701848, -0.655394697723, -0.508461794151, 0.5585019195, 0.398967427724, 0.394808449309, 0.827617834492,  
763, 1406658.8769686099, 69.50777617875025, 115.82299723614642, 82.89439720147635, 34.97681056556427, 0.341998201186, -0.496436129131, 0.797864900894, -0.479525521727, -0.822390714028, -0.30615157601, 0.808141388866, -0.277893294583, -0.519309938695,  
767, 709819.1616859166, 55.3375214386498, 83.24745386018608, 65.30754748089957, 31.169136829651627, -0.458856966904, 0.406685818624, 0.789972739311, -0.572265971194, 0.544855137189, -0.612898472581, -0.679677822308, -0.733307251026, -0.0172781206866,  
774, 2370520.421168448, 82.71514407637713, 124.67651108985767, 80.38073283295876, 56.470091274520954, -0.937578989342, -0.347309938313, 0.0179289010842, -0.0854423402344, 0.280015880767, 0.956185501361, -0.337113104522, 0.894967548723, -0.292211980406,  
825, 2432651.262074589, 83.43156977408047, 122.86608936415334, 80.50814433797896, 58.710988530297605, 0.517483549575, 0.637222218954, -0.5711029851, -0.437949301999, 0.77060828016, 0.462993830874, 0.735126645414, 0.0105224626622, 0.677848134158,  
838, 2065462.963946712, 79.00288195051937, 101.2394671139602, 83.8884212527202, 58.05998655735643, -0.369736711586, -0.842609996054, 0.391539472667, -0.918181954762, 0.266832672475, -0.292817729739, -0.142255622229, 0.467769942867, 0.872327128143,  
839, 1894317.0849041534, 76.75759444244662, 132.10284946201477, 70.47231704037047, 48.577295331043885, -0.996445306289, 0.0663702799134, -0.0518819575507, 0.0829191634489, 0.881441592666, -0.464957128186, -0.0148715805487, 0.467606356525, 0.883811705868,  
869, 2218129.967002496, 80.90327951423795, 115.50664177655175, 80.42920805298935, 57.00036412871708, -0.775376500669, -0.556408699184, -0.298664764718, -0.588271307372, 0.808385025957, 0.0212254265335, -0.229626111612, -0.192153608557, 0.954122025521,  
880, 2728317.6485698186, 86.68330092256667, 133.22680764387064, 79.64176553853483, 61.38663427079924, -0.863785018325, 0.493802676023, 0.100171649029, 0.499763830423, 0.864959947492, 0.0456114353724, 0.0641214154398, -0.0894606415573, 0.993924160937,  
890, 2593347.1830032608, 85.229645900146, 122.0287066795092, 82.00880295931903, 61.8656486965246, 0.708495040874, 0.495040870097, -0.502960549139, 0.479192505336, 0.185741803402, 0.857831291863, 0.518082348557, -0.848784141818, -0.105622728193,  
900, 3409250.616773067, 93.36629088329224, 125.11776397702316, 102.63423594425268, 63.38100050646572, 0.201427663788, 0.90096140475, -0.38431164881, -0.444600790818, 0.433704427865, 0.783728655884, 0.872786934518, 0.0130006307827, 0.487928222728,  
938, 2811218.5774550727, 87.55252352703039, 107.10407890809988, 85.44779773031964, 73.33294396300408, -0.057701283961, -0.150054926757, -0.986992442111, -0.0777198923217, -0.984964038855, 0.154290182769, -0.995304064177, 0.0856116879716, 0.0451714369475,  
948, 1663734.9360803638, 73.50753211456978, 137.9356302427805, 71.20391486346183, 40.44037658857748, 0.34304864875, 0.383434613371, 0.857493744502, -0.653745750773, -0.558050396808, 0.511073622846, 0.67448804136, -0.735906007512, 0.0592303146318,  
961, 900857.6317581235, 59.91320020107372, 102.97352553301113, 74.74400398431729, 27.942522656675315, 0.721554975305, -0.0747701217361, -0.688307959062, -0.550534670533, 0.540891793669, -0.635883357293, -0.419845202608, -0.837762195636, -0.349119620488,  
962, 1127608.7012342934, 64.56888244443518, 139.4323091222266, 83.70982784829684, 23.063750997306453, -0.535613764448, 0.16068925359, -0.829033689976, 0.84304089037, 0.1587004148, -0.513902943665, -0.0489893100472, 0.974162790361, 0.22046973801,  
981, 1380742.9909440961, 69.0782636579534, 106.76408470916068, 87.55794575756599, 35.26172003628829, 0.792481699781, 0.434568651842, 0.427928548181, -0.434967565626, -0.0891243873862, 0.896024586954, -0.427523066471, 0.89621812658, -0.118393822581,  
991, 2295716.771352392, 81.83578120644358, 116.73538105139744, 80.42196223736975, 58.378445579992096, 0.350644511988, -0.906144398349, -0.236539120555, -0.657765727011, -0.4180823495, 0.62653922256, -0.666627838139, -0.0641052133373, -0.742629010368,  
1005, 597846.2692178622, 52.2597071082268, 123.11451947897632, 55.62845207927837, 20.83985363100744, -0.378003833769, -0.344439804792, -0.859345287141, -0.910344987122, -0.0306318266523, 0.412715029551, 0.168478800084, -0.93830853778, 0.301980101748,  
1038, 2776060.5755818225, 87.18600466575133, 96.08586656405619, 94.04399358050335, 73.34149438636572, 0.867775028764, 0.119656628494, -0.482336802154, 0.474894435593, 0.0863191839994, 0.875799219865, -0.146430101061, 0.989055756634, -0.0180813653245,  
1041, 1649869.7231574818, 73.30276351385416, 113.4935428104256, 72.28788008723012, 48.009192527757854, 0.574195223445, -0.153688690502, -0.804163933402, -0.743701342572, 0.3128172032, -0.590807676354, -0.342356770678, -0.937296742656, -0.0653196584243,  
1071, 897479.3706168538, 59.838213890330785, 116.16777976862832, 64.03513797704794, 28.80260885779493, 0.442665947161, -0.56378739781, 0.697273711891, -0.644062438094, -0.74094660294, -0.190214898018, -0.623883350523, 0.364886148905, 0.691106115787,  
1075, 1000655.542504181, 62.048601666083826, 99.97773212602182, 63.183856901089015, 37.81695719956566, -0.498335081522, -0.829278425993, 0.252902033812, -0.100459988406, 0.344970352465, 0.933221970728, -0.861144550731, 0.439650711476, -0.25522012978,  
1082, 1395252.4484622173, 69.31938930877048, 92.67928803779765, 70.7011220399785, 50.8341058541205, -0.949368478198, 0.313848660343, 0.0140893933613, 0.3100473878, 0.928746698622, 0.203224474699, -0.0506962515634, -0.197303289885, 0.979030797206,  
1087, 1696715.1653599844, 73.99007100646239, 139.45688744446178, 74.16663305372745, 39.16262559097426, -0.223664398985, -0.388023172111, 0.894098570926, -0.249875965625, 0.90950736804, 0.332202271642, -0.942091417236, -0.149111922345, -0.300382083661,  
1090, 1568356.0683688323, 72.07511651310469, 111.59434345949552, 92.65140712092708, 36.212779352028086, -0.379664563787, 0.743003286887, 0.551181399069, 0.252707429111, -0.489839857013, 0.834383526775, -0.889940320626, -0.456073492056, 0.00178761481197,  
1092, 1110532.2287807947, 64.24128002780476, 95.38707595362278, 76.50260047214803, 36.33095581049312, -0.291057302739, -0.601311715939, 0.744116836792, -0.898946235893, 0.438052579672, 0.00236694231417, -0.327385570079, -0.668232113653, -0.668045305939,  
1107, 4340292.427179669, 101.19136647274588, 112.04934128249866, 100.21880245702539, 92.27241027918222, 0.882222003801, -0.466066428921, 0.0668312789217, -0.39704409081, -0.812717236204, -0.42643485309, -0.253061901444, -0.349675246206, 0.902045950175,  
1108, 1872652.911640677, 76.46386157449535, 106.96144175072492, 73.98761437046744, 56.49140917684317, 0.825331523991, 0.556260850051, 0.0969625814808, 0.408349409744, -0.706606369577, 0.577891164524, -0.3899726081, 0.437357182603, 0.810333301647,  
1111, 2508988.0142637324, 84.29529323853009, 144.98231758761165, 86.16334747265499, 47.948207537126244, 0.401303601218, 0.69041879376, 0.601894765613, 0.735974681767, -0.634237917993, 0.236819617386, -0.545249197567, -0.347942743283, 0.762652712543,  
1121, 521687.92824761337, 49.93910169777761, 117.06099480937966, 45.52944222678261, 23.367789814785837, -0.392448716383, 0.755690382948, -0.524324374915, 0.893301713284, 0.448939023241, -0.0215824570994, -0.219080017465, 0.476849870013, 0.851245057205,  
1141, 1377686.8186298518, 69.02725946850812, 91.45319488307499, 83.99363351400933, 42.81704022620395, 0.348264169897, -0.492828377032, -0.797390907121, -0.0736592972104, -0.86240152104, 0.500837223499, 0.934497927178, 0.115688406075, 0.33664494174,  
1142, 1749620.6012635238, 74.75124404977966, 90.78022872976332, 75.97288859928837, 60.56271868238369, -0.59358617696, 0.552121869127, 0.585505672179, -0.0466704473832, -0.749935846414, 0.65986217925, 0.80341603162, 0.364359256636, 0.47091932668,  
1144, 1095049.6317168328, 63.941339701498435, 96.77852677141315, 91.81831317111828, 29.4196077188902, -0.839916088469, -0.541015608691, -0.0429310550013, -0.344051103888, 0.46961278089, 0.813076056675, 0.419725865588, -0.697686138015, 0.580572347411,  
1145, 1527375.4677070454, 71.44180202121758, 109.07789623474082, 79.37168407748591, 42.116750229643834, 0.233499667206, -0.806918904191, -0.542549341051, 0.838314624999, 0.449761533002, -0.308128468246, 0.492652509308, -0.382879152595, 0.781471086849,  
1146, 2855377.2772134296, 88.00856976162994, 127.58595468967106, 108.48507635056222, 49.249522390850885, 0.195549647805, 0.938919697549, -0.283178630547, -0.789211341364, 0.322073649127, 0.522890067987, 0.582156159381, 0.121236818224, 0.80398746259,  
1148, 1899589.9896746394, 76.82874770685956, 127.49602138573665, 98.18868180622646, 36.22540093970746, -0.0754748863586, -0.866814493635, 0.492885559896, -0.928558997432, -0.11905900083, -0.351572386016, 0.363430502045, -0.484208207228, -0.795902432612,  
1149, 1904734.2823853244, 76.89803868194923, 134.3694822112048, 76.81229653332109, 44.05694670170605, 0.302518426517, 0.95301464826, 0.0156742406184, 0.729748853763, -0.221005068108, -0.647011105238, 0.613146974264, -0.207171040621, 0.762319452644,  
1152, 1305557.211307913, 67.80094799330206, 104.4638789913172, 77.16538131268341, 38.66505603181149, 0.490205373924, 0.21269984207, -0.84525585982, 0.505279771954, 0.720839826053, 0.474428389992, 0.710204930587, -0.659658034408, 0.245886628774,  
1166, 2804743.337987737, 87.48525028190265, 127.97234272097144, 80.82030543184113, 64.73928640466087, 0.434102882359, 0.296007128263, -0.850843386027, 0.630733631801, 0.574490312482, 0.521666528138, 0.643218293617, -0.763112482457, 0.062686249488,  
1171, 1346341.1218590308, 68.49972592623952, 106.19620094769284, 65.69296351810439, 46.0721698781208, -0.129748853016, -0.819451004356, 0.558269904796, -0.20711787012, 0.573007546611, 0.792946744368, -0.969673874567, -0.0127437430491, -0.244070018632,  
1174, 1438535.1675519925, 70.02889787066351, 101.79948575380459, 72.58673347698628, 46.476031473785994, 0.709724178529, -0.56593390458, -0.41953594132, -0.504290151821, -0.823968861233, 0.258392644043, 0.491917709773, -0.0281803365114, 0.870185517833,  
1177, 2926089.058365731, 88.72914778659887, 113.07569569921739, 87.10299823876866, 70.92454493928462, -0.0699243227561, 0.262295042621, 0.962450985611, 0.949255406847, -0.279075153961, 0.145021484663, 0.30663457349, 0.923752331016, -0.229470846258,  
1178, 2326926.0496135233, 82.20495401478057, 99.36484757751953, 90.29720737161537, 61.913717672477595, 0.00206777553281, 0.536498792846, 0.843898554081, -0.605159917684, -0.671160222789, 0.428165189354, 0.796101248795, -0.511578929024, 0.323279756629,  
1179, 2192895.9380881134, 80.59531640514874, 106.72757678881204, 81.07576458606108, 60.500882809686765, -0.216711104426, 0.467350805911, 0.857099481643, 0.975837325892, 0.128784998514, 0.176510446021, 0.0278892562698, -0.87464143989, 0.483967499955,  
1180, 3384184.2839032575, 93.13690422314326, 108.13390101934029, 94.51800294055232, 79.04765435207175, 0.710678791505, 0.591912814585, -0.38023002937, 0.454175379096, 0.0267374057248, 0.890510997214, -0.537271235344, 0.805558397054, 0.249830519767,  
1181, 1053127.2469631804, 63.1147326079744, 92.80227648677985, 79.07291555524793, 34.26145936477185, 0.0771905875601, 0.996764884161, -0.0223914916076, -0.971772039918, 0.0802389605128, 0.221857638247, 0.222936573099, 0.00463410402533, 0.974821937307,  
1182, 657589.6699606581, 53.94552917773335, 129.27300267955457, 72.53770997837559, 16.741512665898668, 0.394677142961, 0.478695180456, -0.784270920685, -0.604015060945, 0.778381904577, 0.171135667759, 0.692384112307, 0.406168111545, 0.596348644828,  
1183, 1724527.3635755726, 74.39215852817993, 107.54005817798003, 82.34486173203928, 46.491623143270544, 0.367023271669, -0.811148535653, 0.455337205992, -0.888102293715, -0.451168641469, -0.0878702045815, -0.276709656412, 0.372135607088, 0.885972265924,  
1184, 2444315.2700833543, 83.56470233669147, 111.09857272694185, 83.02328000134396, 63.26452401852854, 0.640419251555, 0.0111969867776, -0.767943884489, -0.70119869502, 0.416465473724, -0.578685492559, -0.313342579838, -0.909082579683, -0.274563819497,  
1185, 1541475.2491112251, 71.6609644517117, 117.30325024790622, 88.58080059485494, 35.415901380901715, -0.327449644034, -0.943278705866, -0.0547906349804, -0.152329190302, -0.00452730531836, 0.988319442938, 0.93250873905, -0.331971062844, 0.142206416979,  
1186, 3037055.7024412807, 89.83689145619897, 107.65698674683544, 94.21809265242489, 71.48050628664411, 0.65085186685, 0.693919678995, -0.308005400148, -0.660679521683, 0.717550377476, 0.220508560859, -0.374024620908, -0.0599744519542, -0.925477524345,  
1187, 2969393.9691082174, 89.16472427661907, 108.84806983460537, 93.21223461551969, 69.86916626935293, -0.595449782228, 0.741626402888, 0.308917198266, 0.576073207479, 0.126126089645, 0.807608735178, -0.559981442969, -0.658849366738, 0.502332853275,  
1188, 3016292.8323152526, 89.63169945858824, 120.75457107664289, 93.82311185280678, 63.5581840001274, -0.185146026686, 0.981520662658, 0.0483542922297, 0.979237154807, 0.188401713682, -0.0748290647228, 0.0825563047128, -0.0334960155316, 0.996023329795,  
1189, 1109385.8601715825, 64.21916764490409, 141.50979084015253, 87.00685844464424, 21.5106750657401, 0.197167831992, -0.389791195188, 0.899548592452, -0.826220876103, -0.559973633485, -0.0615515531311, 0.527715747272, -0.731089839866, -0.432462410072,  
1190, 2682712.7913172967, 86.19760323594552, 110.19436957570653, 83.59588585470458, 69.52504230024144, 0.263580523688, 0.0957751806468, 0.959871044622, -0.449814864518, -0.868050070863, 0.210132487098, 0.853341605215, -0.487151094884, -0.185719992358,  
1191, 1717657.1923001355, 74.29323923841831, 114.23227686637081, 61.7147061629159, 58.16615873897047, -0.760881582399, -0.630678693138, 0.152655178713, 0.307804802113, -0.143694901651, 0.940536006241, -0.571240248373, 0.762624521807, 0.303460734489,  
1192, 2025563.8031649236, 78.49086335208672, 103.87308352213807, 91.0162023191962, 51.148815845049846, 0.893467502151, -0.400597297816, 0.203070499047, -0.128952156023, 0.204296598776, 0.97037840103, 0.430217577579, 0.893187944786, -0.130874486556,  
1193, 2174237.6612183475, 80.3660830090235, 124.94054242832854, 76.47373376273583, 54.32537376260467, 0.686162063311, -0.0697449054168, 0.724097556301, -0.552358112801, 0.597780623088, 0.580998142754, 0.473373148896, 0.798620044094, -0.371650221412,  
1194, 679191.4122829997, 54.52987794224797, 136.61146696709187, 59.13900556736419, 20.06977040707892, 0.339929266103, 0.917045448294, 0.208508368683, 0.78225779882, -0.398782482023, 0.478586740535, -0.522035276808, -0.000421658045247, 0.852923790249,  
1195, 3958651.0101452055, 98.13400778413965, 121.08200774969572, 101.14287470590422, 77.1691471304175, -0.0198262175656, 0.922601654552, 0.385244218794, 0.7657291186, -0.233742548254, 0.599185562296, 0.642857556559, 0.306872299424, -0.701828721143,  
1196, 888423.0267147558, 59.63625993354647, 100.99269992054903, 84.85460696536154, 24.749463446393957, 0.0543508468598, -0.977890643888, -0.20193036929, 0.264371239063, 0.209105200901, -0.941479082567, 0.962888276698, -0.00221439649527, 0.269891205945,  
1197, 2011303.1310025507, 78.30622840078036, 109.24552364456115, 73.36646975931762, 59.90838987073793, 0.00973963593886, -0.32786300754, 0.944675069947, -0.55788500485, -0.785805118821, -0.266973100887, 0.829861109376, -0.524419835171, -0.190563311328,  
1198, 3276705.6918910346, 92.14029720105236, 108.11268443360453, 106.05487138297681, 68.22468727249152, -0.457342943479, 0.123439984285, 0.880681555575, -0.759961702585, 0.460056961005, -0.459135931108, -0.461839412192, -0.8792668326, -0.11659414409,  
1199, 2847414.4023063625, 87.92668289541369, 103.56651334503083, 90.35804228858831, 72.64001072284447, 0.573956604831, -0.809591650122, 0.123025102416, -0.768297793292, -0.480402044029, 0.423003991608, 0.283358988906, 0.337305849559, 0.8977374044,  
1201, 2432103.9874428865, 83.42531275910959, 142.95598811348432, 79.44806667645372, 51.122001104672535, -0.812758446467, 0.366956379307, -0.45251157265, 0.0908235560854, 0.847018747785, 0.523746429639, 0.57547787912, 0.384580624298, -0.721749924875,  
1202, 2711273.7874558405, 86.50241957095844, 119.55500938968558, 81.91638803781478, 66.09158901147082, -0.826147233854, -0.339168545235, -0.449939380271, 0.0426898788312, -0.833919644087, 0.550232315892, -0.561834781979, 0.435365048126, 0.703419471318,  
1203, 1043683.4831979946, 62.92550850062705, 129.69245559890442, 67.79762909150276, 28.33681150867728, 0.710545680366, -0.692064607331, 0.127166880095, 0.455148785231, 0.589865699915, 0.667006776102, -0.536623163324, -0.416058932537, 0.734118890399,  
1204, 1485381.2780451206, 70.78095947901424, 103.13677251105607, 69.61057784782248, 49.392449069557784, -0.774903902103, -0.537533041714, 0.332538977523, -0.632024275535, 0.665863917441, -0.396447422218, 0.00832211753074, 0.517381360812, 0.85571447916,  
1205, 1151322.6529351184, 65.01838036117486, 139.05718511015374, 75.10389886354379, 26.317978239091886, 0.682789177806, 0.294312013138, -0.668714720635, 0.36066184788, 0.660209900405, 0.658821613862, 0.635391194584, -0.691016154898, 0.344637060566,  
1206, 2127799.2756281244, 79.78979497640832, 98.29433576288814, 88.34405007204954, 58.49735773253209, -0.344374501647, -0.633579002968, 0.692808667392, -0.784835937728, 0.599249641715, 0.15790002456, -0.515207485841, -0.489364397871, -0.703621867646,  
1207, 363950.5531721471, 44.29124873504868, 148.68310428313274, 40.976096444869206, 14.261380632439913, 0.456344282762, -0.391942258617, -0.798831122015, -0.641841286733, 0.476787110421, -0.600594550409, -0.61627076698, -0.786800684574, 0.0339856516601,  
1208, 1498487.408541033, 70.9885267016018, 86.96836434347131, 79.96126892435365, 51.44267091021959, 0.772984872867, -0.634304874405, -0.0123171678592, -0.11439082904, -0.158444412518, 0.980719178141, 0.624026541543, 0.756672118191, 0.195033794514,  
1209, 2311244.0346046574, 82.01986774180821, 106.31660925601457, 82.70986644688934, 62.74783662633889, 0.30240717867, 0.941112142854, 0.151188071163, 0.84414198214, -0.19075739554, -0.501034859103, 0.442689747203, -0.279140736224, 0.85211867548,  
1210, 1777322.5628394315, 75.14369529917813, 119.91291147734934, 93.4249614539275, 37.87466235135268, 0.299396179783, 0.0162980784583, 0.953989675086, 0.856303193096, 0.436418885825, -0.276194492322, -0.420840550595, 0.899595980835, 0.116706050576,  
1211, 2735685.2245358983, 86.76125760737247, 108.11332917865047, 79.65622375363918, 75.83654875719559, -0.956176678624, 0.2342567963, -0.17564143202, 0.215772092717, 0.969275484082, 0.118099280109, -0.19791049305, -0.075025258048, 0.977344692212,  
1212, 2621381.893513463, 85.53566352459526, 105.41393657346984, 92.61260367834387, 64.10229229451781, -0.0318964612789, -0.212534318065, 0.976632878518, 0.868740361504, -0.489077512006, -0.0780600508849, 0.494239618052, 0.84595056055, 0.200236982232,  
1213, 2433859.911100208, 83.44538498757257, 112.91286915093649, 98.37724298375373, 52.30809184613797, 0.860002588699, -0.237174695467, -0.451822654657, -0.200892900172, -0.971283928677, 0.127473811248, 0.469081645444, 0.0188598442074, 0.882953405444,  
1214, 2350866.6185795804, 82.48591442879598, 109.5913968359625, 79.42448007009358, 64.47755149158931, -0.301342302228, -0.724263493016, -0.620189656131, -0.951111462569, 0.274476550618, 0.141596641666, -0.0676742392512, -0.6325385489, 0.771566705799,  
1215, 2382340.609681557, 82.85239776631174, 149.66193878338208, 78.93953833172597, 48.140355762644674, -0.987631158058, 0.0136767678174, -0.156197444457, -0.102909070118, -0.808141037964, 0.57992912157, -0.118298008945, 0.588830203692, 0.799552732657,  
1216, 2582411.853625098, 85.10968158813768, 107.02339108452198, 89.39902764450503, 64.43552841210027, -0.617311913142, 0.674934616111, -0.404214381075, -0.44243256027, 0.127015390731, 0.887761522105, -0.650522429672, -0.726863367141, -0.22020493637,  
1217, 1750087.699773878, 74.75789560383103, 122.99012108556805, 81.37903305753404, 41.74346048950635, -0.996418787858, -0.0736894085319, -0.0414664958034, 0.0133598361365, -0.621450655115, 0.783339388794, -0.0834931972223, 0.779980098674, 0.620209586906,  
1218, 2912464.314020627, 88.59121701381635, 113.95297778815493, 103.49237795357493, 58.957350580400515, 0.383678466415, 0.652114105874, 0.65386392111, 0.523030284894, 0.430086751015, -0.735842855293, -0.761071715079, 0.624317691181, -0.176060401524,  
1219, 857241.8530721626, 58.93024577530944, 116.87554051726659, 73.07003403306072, 23.963586391841, 0.616007186426, 0.784329278251, 0.073230659896, -0.534095500498, 0.347517340426, 0.77069688883, 0.579031210402, -0.513866988024, 0.632979917533,  
1220, 1614016.69770975, 72.76789377379251, 108.35484094522137, 68.82394004531312, 51.669179319316996, -0.669280109313, 0.71157648725, -0.213829460248, 0.118652173241, 0.386451439803, 0.914645803828, 0.733475150951, 0.586782913407, -0.343074358515,  
1221, 1875906.6000969806, 76.50812064541174, 123.48038969652414, 97.37583575885982, 37.24546601346402, -0.832630882374, 0.472680910476, -0.288614917474, -0.187449113651, 0.249849048143, 0.949967516778, -0.521141673164, -0.845072902188, 0.119428415708,  
1222, 859491.4399866931, 58.98174929407601, 115.86391202547989, 69.39859116789599, 25.51843899812791, 0.594202529928, -0.708677778174, -0.38039342811, 0.247869888215, -0.288577897012, 0.924815287434, -0.765169178642, -0.643815660013, 0.00418616517084,  
1223, 2069355.3512336537, 79.05247807047918, 103.46372746166288, 90.4249104604586, 52.80441762277945, -0.868036089671, -0.028741842104, -0.495668491576, -0.350828033328, 0.741932217737, 0.571363522912, -0.351330383058, -0.669858560292, 0.654107385025,  
1224, 1206084.1593533985, 66.03329997108395, 107.16282109878584, 81.24147111061663, 33.07250472696097, -0.272529104968, 0.0967355711961, 0.957272226804, -0.749202031454, 0.602909845751, -0.274218952594, -0.603675577616, -0.791922942692, -0.091835994185,  
1225, 2062529.5139475628, 78.96546325253495, 110.41055577573954, 76.17740697245468, 58.54297401461752, 0.790080837781, -0.215547821267, -0.573856607976, -0.528447172451, 0.234943834146, -0.815809402204, -0.310670010942, -0.947808277841, -0.0717189846365,  
1226, 2039948.9831108882, 78.6762344224302, 102.36886728396045, 94.52322521440858, 50.329691398654425, -0.847755365602, -0.520401120914, -0.102437851614, 0.269066651008, -0.588410596817, 0.762480233756, 0.457071085727, -0.618834099663, -0.638850827414,  
1227, 1062288.91107095, 63.29722630452544, 91.75956138394025, 73.89374078025126, 37.402019907174704, 0.0744360412121, -0.895674896993, 0.438435576413, -0.835265301028, -0.296181921375, -0.46325818541, 0.544785418919, -0.331726918333, -0.770172772166,  
1228, 1957575.5740207154, 77.60266621757862, 144.0782114511458, 104.68741665547999, 30.983975209865324, -0.897597523442, 0.358983374238, 0.255831239163, 0.440775270511, 0.723018629862, 0.531940994639, -0.00598722113545, -0.590233003053, 0.807210725455,  
1229, 1731779.7596611262, 74.49629659802414, 104.60627392008504, 71.56391760018481, 55.227096386449055, 0.302232237047, 0.597761660871, 0.742520485698, -0.459746654694, -0.590954086267, 0.662877274781, 0.835038135888, -0.541714190987, 0.0962135484056,  
1230, 1198874.7980130722, 65.90146571408768, 111.54117502047211, 62.56705618771005, 41.01137069262532, -0.594353442033, -0.296773145263, 0.747442095545, 0.0755903459752, 0.904687884129, 0.419316028676, -0.800643544618, 0.305721331542, -0.515271173172,  
1231, 64005.07111220402, 24.81467500761351, 101.91640352237393, 23.66832314661633, 6.334527054675707, -0.984814356903, 0.168342717166, -0.0424430443578, 0.163016440086, 0.980752171638, 0.107474732333, -0.0597186963924, -0.0989237454081, 0.993301449659,  
1232, 2224359.3072072384, 80.97894430264071, 124.01080773436172, 98.82957477302135, 43.32812235779244, -0.554051176018, -0.501872970531, 0.664191851654, -0.823005558228, 0.450259143259, -0.346307024238, 0.125256319115, 0.738505399684, 0.662510852107,  
1233, 1729104.1471748627, 74.45791104689872, 106.00491256956325, 89.0973623743684, 43.706064619725275, -0.140823137655, 0.532988000574, 0.834321661678, 0.988022324494, 0.129363338324, 0.0841249843931, -0.0630930281611, 0.836175171804, -0.544821394454,  
1236, 627251.8885194333, 53.10284503210976, 149.50264424962177, 56.02815004711408, 17.877146993746162, 0.357234587662, -0.911933610968, -0.20189239353, 0.554835602184, 0.0333080573168, 0.831292985576, -0.751359370693, -0.408983694669, 0.517872024314,  
1237, 3483920.0525255636, 94.04301059265647, 128.62228323758305, 90.15907918526902, 71.72224728803944, -0.73668724696, -0.665469484229, 0.120175978156, -0.664365879682, 0.679089926832, -0.312177592389, -0.126134365182, 0.309818070544, 0.942392107928,  
1238, 2417963.916790711, 83.2633222427997, 112.59684517054714, 85.80345286151707, 59.74894196042433, -0.565881701773, 0.433683512269, -0.701210746341, 0.824111824921, 0.323156129849, -0.465198684184, -0.0248515517365, 0.84112349089, 0.540271851432,  
1239, 3272595.676861778, 92.10175682059679, 108.32301857945889, 95.48319249009468, 75.53636089035275, 0.658298067871, 0.566780846898, -0.495381797633, 0.114067277935, 0.575381707827, 0.809891688069, -0.744064721608, 0.589656986635, -0.31412151816,  
1240, 1314395.2777659853, 67.95359856679539, 89.48703935145426, 69.6792741873676, 50.32382260909538, 0.924805360945, -0.296220915274, -0.238722042806, -0.252723414679, -0.947372302161, 0.196511060176, -0.284369337376, -0.121403832119, -0.950996945057,  
1241, 2997056.7101927963, 89.44075374142898, 110.851462608382, 85.10437788469261, 75.84256673253421, 0.576973380667, -0.632987366455, -0.516167329371, 0.274668058995, -0.444788732942, 0.852478997053, -0.76919384772, -0.633632367352, -0.082769847615,  
1242, 1223926.6832045135, 66.35733429823472, 108.1647987235184, 79.87184262105916, 33.82105445719425, -0.98465540378, -0.162728384585, -0.0630333931964, 0.0780222486915, -0.73360243072, 0.675085181552, -0.156096971517, 0.659808264947, 0.735042032126,  
1243, 2086107.8581185506, 79.26522861995669, 113.94794808038544, 89.17530651176155, 49.011391165036365, 0.460407362347, 0.349331831514, 0.816083532604, -0.431614858304, -0.715243038859, 0.549668999904, 0.775714944285, -0.605305432699, -0.178526351998,  
1245, 1971824.333265819, 77.79049543897196, 134.474989153555, 72.68076137878518, 48.163565110395155, 0.286957734407, -0.592731821734, -0.752545178822, 0.523901983965, -0.560581915933, 0.641306967627, -0.801986265382, -0.578287906697, 0.14967006082,  
1246, 3376646.776488042, 93.06770567185146, 121.07613037753019, 90.05220344972481, 73.9339904252205, 0.910069036702, 0.202483451308, -0.361627986173, 0.348607298347, -0.845885527959, 0.403671432143, 0.224159095234, 0.49343502666, 0.84040143651,  
1247, 2497956.6782164094, 84.17157059762205, 112.76398575244644, 90.4114816361583, 58.492783473754606, 0.11080076104, -0.432534804372, 0.89478312141, 0.30461101427, -0.842215145254, -0.444843544508, 0.946010212069, 0.321849797439, 0.0384367864132,  
1248, 244369.23044743648, 38.78400349546086, 100.63041622398971, 68.39196891234641, 8.47663603766244, -0.607917393487, -0.671136840879, 0.424277955484, -0.779243523176, 0.606840537983, -0.156601701934, 0.152367891248, 0.425816747293, 0.891887954533,  
1249, 3006121.4677630337, 89.53083575680404, 113.70723876119379, 93.73027940969466, 67.33639949017959, 0.49479628925, 0.681472648479, -0.539232474467, -0.524556971984, 0.728932937322, 0.439882661661, 0.692832313975, 0.0652058453065, 0.718144541475,  
1250, 1842678.0686378903, 76.05368925168564, 91.51248853397489, 79.24495294899222, 60.66090430874446, 0.425155527975, -0.898398166102, 0.110106821666, -0.140236398538, 0.0547968449377, 0.988600555487, 0.89419043249, 0.43574997525, 0.102690941727,  
1251, 2325312.48753101, 82.18594847337638, 110.0440474196079, 92.07920279915977, 54.785371205035034, 0.719314468346, 0.67156293492, -0.177735534066, -0.524075758349, 0.692536930769, 0.495718870965, -0.455994841131, 0.263430871316, -0.850101688564,  
1252, 552045.5696182376, 50.8895690552062, 104.77420815827696, 46.4115807263669, 27.10226403865019, -0.631142874705, -0.658502530172, -0.409918393667, -0.767995101977, 0.456367953191, 0.449345985449, 0.108821850048, -0.59841683554, 0.793760099712,  
1253, 1898634.1438484257, 76.81585917844868, 89.39489771655278, 75.99341460930347, 66.72122118271368, -0.378521844448, -0.861265850155, 0.339031486195, -0.925313217943, 0.343114185119, -0.16145620047, -0.0227301996455, 0.374825014275, 0.926816889519,  
1254, 1285502.26743363, 67.45198673028165, 123.01206766993317, 88.49627007832382, 28.191069529076845, -0.935981159683, 0.274121447128, -0.220899753154, 0.333931454017, 0.492583801933, -0.803648543887, 0.111485661578, 0.825965271847, 0.552586931591,  
1255, 2398800.005053402, 83.04276682344569, 110.89418868512098, 74.5992440062742, 69.22488094999007, -0.738264403237, 0.671288031491, 0.0658638724225, 0.666316229022, 0.740984630093, -0.0834533456949, 0.104825349296, 0.0177244673562, 0.994332685474,  
1256, 1469509.3379514772, 70.52794778009827, 119.39084945641112, 98.34277385457678, 29.87928803074089, -0.227286175694, 0.340158936609, 0.912487201107, -0.441878423738, 0.79897132601, -0.407907193918, -0.867804386353, -0.495920072249, -0.0312862424487,  
1258, 1751726.8460637655, 74.78122793742075, 123.72387974358001, 74.30931762212947, 45.486337883767725, 0.675623924981, 0.661708864322, -0.325074900401, 0.639733213277, -0.74534964626, -0.187604159471, 0.366433797328, 0.0812113520248, 0.926893191516,  
1259, 2341962.7530977274, 82.38164470021547, 141.4591765034852, 86.05094417162294, 45.93086337031364, 0.642991632998, -0.598673529116, -0.477652347876, -0.663867883377, -0.746659816764, 0.0421728757605, 0.381891598906, -0.289981246921, 0.877536143483,  
