# Void_ID, Void_Volume, r = (a*b*c)**(1/3.0), a, b, c, vector_a, vector_b, vector_c 

1, 2684585.1887150686, 86.21765242325694, 111.84325829903867, 92.10499945859904, 62.215065885732635, 0.851481871616, 0.3973472813, -0.342189655533, 0.263722857626, 0.239540535575, 0.934382462476, -0.453242624513, 0.885852961761, -0.0991748630648,  
8, 1044246.6362593222, 62.93682429433851, 112.371787511227, 87.00002591414035, 25.499860489987636, -0.666774016204, -0.435530790887, 0.604752297643, -0.743611889779, 0.334865805472, -0.578710851552, -0.0495355296106, 0.835570357609, 0.547145692473,  
10, 1302175.961696528, 67.74236505651719, 123.91190940021299, 70.4016169776045, 35.635707154422846, -0.599577877139, -0.66899076801, -0.439269531794, -0.779740359399, 0.611965065607, 0.132301664391, -0.180309015773, -0.421841333672, 0.888559816803,  
18, 851084.0640125399, 58.78880284705237, 115.9289804750659, 86.68582470823661, 20.218258624127913, -0.825278307773, 0.32100846647, -0.464617347044, -0.411585199925, 0.221424280331, 0.884063861541, -0.386669546154, -0.920828351287, 0.0506143215218,  
28, 1562462.1526338803, 71.98471656559225, 123.17872138380889, 98.83331797799646, 30.639510997651797, -0.887148159127, -0.437610585431, 0.146509792425, -0.0753309583592, 0.450539428173, 0.889572633557, 0.455294839055, -0.778146001198, 0.432660849106,  
29, 1550716.6438475715, 71.80388559683509, 120.8512974192774, 83.13678892119219, 36.84675743753771, -0.420136341912, 0.805907555001, -0.417131234742, 0.88924930568, 0.457259626776, -0.0122190862159, -0.180889818818, 0.376067343056, 0.908764120625,  
33, 2525908.1129129413, 84.48435890132717, 111.05028376741828, 94.72680138638609, 57.32398755097676, 0.406789098337, 0.521682018021, 0.749913662729, 0.525023683829, 0.538273281837, -0.659251094409, -0.747577929645, 0.661898592032, -0.0549317119109,  
52, 1573369.8419727657, 72.15183886977336, 130.9137832939697, 77.97197857858171, 36.79749742397892, 0.717480010523, 0.460042952239, -0.523051542962, -0.417832622672, 0.885031514245, 0.205268405324, 0.557349382283, 0.0712720203769, 0.827213373429,  
65, 1223254.7318620076, 66.34518840122783, 123.944478912869, 72.36843451222104, 32.557566114589704, -0.583483432713, 0.187272371934, -0.790238028989, 0.0693187599466, 0.980983044924, 0.181293064102, 0.809161290021, 0.0510031791369, -0.58536884308,  
120, 1255873.713462858, 66.92973729380222, 125.58156866256145, 61.354381288383976, 38.9122081604963, -0.994708828829, 0.0999154390616, -0.0239008553573, 0.0797596653287, 0.604437461883, -0.792649828398, 0.0647513832775, 0.790362106701, 0.609208501791,  
129, 1080392.9092812217, 63.65478251218884, 105.6127501925281, 65.46094344248928, 37.30735878350068, -0.872868837731, -0.484196367051, -0.0604472518174, -0.48211661415, 0.836676508118, 0.259876876856, 0.0752566440783, -0.255981051835, 0.963747964264,  
132, 1207733.0561578935, 66.06337872215887, 121.94728525876097, 90.25045774829584, 26.19755700243082, -0.273306742311, -0.960294695445, -0.0560135921729, 0.830231439381, -0.264897775801, 0.490453795416, -0.48581805408, 0.0875400838243, 0.869665195379,  
140, 1696708.3483060787, 73.98997191401436, 101.92265489083881, 70.19861131686021, 56.61341315981969, 0.782230867994, 0.615730135885, -0.0948223018042, 0.539916398244, -0.745962370201, -0.389910791273, 0.310813693495, -0.253804141034, 0.915957589591,  
141, 2785369.155118757, 87.2833455325082, 122.85498159666955, 93.64794907136192, 57.79670911709866, 0.290985247877, 0.824739801765, -0.484903954307, 0.604933056247, -0.551265981332, -0.574597089521, -0.741204143929, -0.126135154542, -0.659322637114,  
151, 2727467.4731249176, 86.67429614629171, 121.2490641162946, 94.39472496758782, 56.891168012538444, 0.320994244862, 0.266646312294, 0.908769739211, 0.907181349752, 0.189014687406, -0.375892865865, 0.272001274681, -0.945078405258, 0.181223934641,  
154, 1461772.2904550831, 70.4039520685551, 102.28994548406466, 73.22005146061612, 46.59380082377111, -0.319757696583, -0.872047745771, 0.370523608656, -0.19572917883, 0.443413274232, 0.874685518795, -0.927062621418, 0.207165145065, -0.312469996383,  
182, 1832275.70605277, 75.91030528725659, 116.52036587187817, 70.30943950126068, 53.393296945687794, 0.802938022525, -0.13487895471, -0.580601584187, -0.239340550241, -0.965043331174, -0.106805758115, -0.545899837878, 0.224719906845, -0.80715198722,  
183, 1029736.0770066251, 62.6439459871584, 154.82752209677628, 84.56850195385597, 18.77502476188467, -0.297197184988, 0.889785542068, -0.346345957624, 0.953112587159, 0.298120021597, -0.0519696923423, -0.057010783495, 0.345551937991, 0.936666231224,  
198, 2857298.234763535, 88.02830128481052, 116.0943536187991, 88.93619523899326, 66.0658945283522, 0.669440939369, 0.117096370605, 0.733578399824, -0.246293199732, 0.966630584184, 0.0704625679785, -0.700848406193, -0.227845899045, 0.675942126092,  
208, 611193.530141934, 52.64575758543212, 118.10260279539924, 52.76019492928274, 23.416623792555974, 0.173881797465, 0.883294838257, 0.435379546165, 0.549280449522, -0.453944497221, 0.701587757316, 0.817346993806, 0.117152132508, -0.564109270944,  
215, 3911724.293868972, 97.74469804460647, 140.3007430821208, 97.67160105497963, 68.1477230707374, -0.847098106235, -0.503015647022, 0.171464448979, -0.0676764690557, 0.422122177725, 0.904009271307, -0.527109755126, 0.754180433268, -0.391621220221,  
220, 1426261.4786988597, 69.82916482465897, 144.0497726322262, 62.38562481481463, 37.889025654090545, -0.403213254143, -0.795516595877, -0.452296824405, -0.89686495048, 0.441726106261, 0.0226121128766, -0.181803004057, -0.414766672638, 0.891580773113,  
232, 1744346.7246132905, 74.67606096673686, 96.28139240181143, 83.8480658957897, 51.58326090520245, -0.989897730707, -0.0725712951183, 0.12180266773, -0.0269906270859, 0.939820648954, 0.34060043137, 0.139190476653, -0.333872063708, 0.932285072435,  
278, 1413867.3867236078, 69.62630622569328, 112.99923172078182, 59.92462097937982, 49.84702929171031, 0.897485805133, 0.405283935159, 0.173965977959, 0.36256511483, -0.902564205703, 0.232216261472, -0.251128984973, 0.145336803617, 0.956980379329,  
295, 1311566.3390868222, 67.90481196329826, 106.45568328714697, 77.52916479158222, 37.937411524382476, 0.00219090137439, 0.698699966306, 0.715411459955, 0.967456452788, -0.182501033487, 0.17527516862, 0.253028085219, 0.691745422724, -0.676361632731,  
308, 1125404.9697839934, 64.52679181684991, 120.67808541195872, 82.49410456507765, 26.987887751325324, -0.848758711185, 0.517517488786, 0.108555511091, 0.523537855523, 0.851281367705, 0.0350449259271, 0.0742749218928, -0.0865776056452, 0.993472472784,  
322, 2301023.932858929, 81.89879441777185, 106.12326071394297, 79.36923501777825, 65.21834089127837, 0.280883484911, 0.959673080287, 0.0114911651894, 0.913851830094, -0.2637758023, -0.308702378927, 0.29322227156, -0.0972106223318, 0.951089267297,  
333, 2756859.13353033, 86.98452350608126, 118.56954673571423, 95.58646739313649, 58.07061093585812, -0.871915091207, 0.0201400546469, -0.489242733134, 0.461458064654, -0.300377611188, -0.834763286964, 0.163769741687, 0.953607712267, -0.252609981616,  
334, 234384.6442953657, 38.248421387947005, 115.8925537484608, 80.56683265379166, 5.9927853568722025, 0.143124662717, -0.452723077662, 0.880089282899, -0.465476002548, -0.815547106825, -0.343824093979, 0.873411370417, -0.360450733805, -0.327456633046,  
338, 1521333.6616753887, 71.34747727630585, 113.41513679065937, 88.8089709125116, 36.058529091207106, -0.950865801552, 0.304384889427, 0.0566044744398, 0.30464587637, 0.952456561348, -0.00416998281244, 0.0551825828391, -0.0132792256728, 0.998387973043,  
351, 2361293.955119793, 82.60769077412266, 113.02641937791772, 93.32892136808648, 53.4398499283153, 0.405673846966, -0.587303067774, 0.70035979073, 0.147303263771, 0.798235833968, 0.584055906444, 0.902070107237, 0.133770923422, -0.410335060258,  
356, 2077793.9948098978, 79.15978861518047, 104.71906805499707, 75.22678486708884, 62.96737780748629, 0.152943245858, 0.0703124219183, 0.985730453456, 0.944035827096, 0.284575419004, -0.166772863672, 0.292240860772, -0.956071647013, 0.0228535571069,  
373, 1251885.7320894885, 66.85881785658009, 103.87329698767854, 71.26626757077064, 40.372733017296824, -0.444945284245, 0.885354095308, -0.134802892957, -0.0804466625906, 0.110402016879, 0.99062592796, 0.891937233501, 0.451618777943, 0.0221009253969,  
380, 693297.5169069086, 54.904803951386796, 126.90361982834605, 95.23827772947428, 13.69447829912589, 0.600099792098, 0.131539900864, 0.789035800204, -0.18975795949, -0.934822683417, 0.300164067435, -0.777092115733, 0.329854217875, 0.536026154788,  
402, 3154481.117202256, 90.98010650915873, 120.56375208724032, 116.44124593781056, 53.643329270224896, -0.356456084483, -0.10576645582, -0.928306262318, -0.190999008663, 0.980838408909, -0.0384108617182, -0.914581018021, -0.163613790469, 0.369827106962,  
421, 1222373.1958209937, 66.32924739618569, 112.26173997536551, 64.18080736764753, 40.50216733404529, -0.888140356493, 0.412729167166, -0.202141885166, 0.455526685817, 0.848826683519, -0.268307099897, -0.0608452601003, 0.330375386367, 0.941886382961,  
425, 1168053.228353019, 65.33180767764267, 125.14652952572114, 86.49280257795884, 25.761743077280972, 0.781514699872, -0.157950432267, -0.603561459033, 0.346136481596, -0.695102123856, 0.630097273061, -0.519060988702, -0.701344921103, -0.488560120815,  
452, 1028566.1279602268, 62.62021239800156, 123.1007549544262, 73.50229350697785, 27.138260189151367, -0.697814486992, -0.370172459956, 0.61321064214, 0.0142833719837, 0.848744814315, 0.528609709955, -0.71613610929, 0.377630229278, -0.586979116245,  
464, 3636446.512821172, 95.39586088674339, 110.58877466619946, 96.36774670310304, 81.46026984514016, -0.587953432852, 0.647047301462, -0.485428213506, 0.00376930929585, 0.602297989531, 0.798262440626, 0.808885995122, 0.467511413205, -0.356562091953,  
465, 3372918.0132209794, 93.0334354542715, 99.82757239088086, 93.61717509229119, 86.16107984728946, -0.492044376093, 0.432879416376, 0.755319629583, 0.721026020064, 0.688845583896, 0.0749215585595, -0.487866590725, 0.581469837932, -0.65105991831,  
466, 621453.1340512142, 52.938698231813134, 124.18150905109188, 90.47438158422288, 13.204963858402992, 0.44096460525, 0.895313496547, 0.06295998584, -0.341446100101, 0.102469352086, 0.934298984592, -0.830039021759, 0.433490224553, -0.350886659156,  
467, 2746806.2671545763, 86.87866525799339, 119.95926925241704, 94.95768356769499, 57.56725178053444, 0.544263552699, 0.242908836278, -0.802977261485, 0.208232571541, 0.888090552806, 0.409797957738, -0.812660065066, 0.390244112415, -0.432773787761,  
468, 3582030.17508018, 94.91762806270123, 111.17049785111818, 94.8159190778045, 81.12782278389359, -0.938086622812, -0.153813451629, -0.310378656158, -0.34063409257, 0.572419187923, 0.745858356712, -0.0629436500346, -0.805405298837, 0.589372888352,  
469, 3548126.439427216, 94.61721473361506, 107.387699600719, 94.25202258266717, 83.68839917026287, 0.424338458085, -0.657038237585, -0.623087174753, -0.660203949459, 0.246455290432, -0.709500200801, -0.619731892119, -0.712432834847, 0.32919878147,  
470, 3523338.9998252154, 94.3963656604371, 103.8215606005847, 94.62062921640319, 85.62339372265505, -0.882075279997, 0.140424408616, 0.449693435445, 0.461255440111, 0.0632218412648, 0.885012100344, -0.095846853815, -0.988070839693, 0.120537945734,  
471, 1892911.8378568892, 76.73860957684852, 99.8686760279538, 81.49698290202468, 55.52274823741614, 0.21267031237, 0.939648939453, -0.268013448956, -0.279080637626, 0.321274591708, 0.904929077014, -0.936421558882, 0.117654185254, -0.330563392942,  
472, 2977371.5158988233, 89.24450258734848, 97.02754734418896, 92.84492352193233, 78.90257989052824, -0.197301009011, -0.309551893411, 0.930188119215, 0.442276410058, -0.874898736579, -0.197341779252, 0.874907931698, 0.372464529879, 0.309525903654,  
473, 3383813.174777955, 93.13349963918616, 103.30282443822733, 98.57312678988134, 79.33175080341957, -0.828929241948, -0.554207138258, -0.0757017816663, -0.559321481787, 0.819808167036, 0.122776419855, 0.00598262942438, -0.144114597335, 0.989542920231,  
474, 3498197.303600417, 94.17129957980976, 105.407489984189, 92.5851093082544, 85.57424495585248, 0.55202574894, -0.504235543969, 0.664088916265, -0.723583751261, -0.685465711089, 0.0810142816574, -0.414359900833, 0.525245918708, 0.743251368961,  
475, 2738201.275169729, 86.78784799944101, 128.868040879764, 76.5405393007064, 66.27351648683192, 0.803261528636, -0.58494857583, 0.11227680191, 0.400112488433, 0.669556127553, 0.625783180227, -0.441226600753, -0.457744203339, 0.771873908807,  
476, 2466598.189737263, 83.81786603734648, 100.79383128615535, 86.49009378450172, 67.54753073005895, 0.460166405276, 0.233014062107, -0.856709592753, 0.268061925984, 0.883446993451, 0.384271015822, -0.846398064325, 0.406479835445, -0.344070428958,  
477, 3339892.871580274, 92.72880061703337, 106.45054789384474, 93.30124644442562, 80.28022496487964, -0.786204283698, -0.561774751441, -0.257472237219, -0.592079222683, 0.565445101134, 0.574207307225, 0.176988752078, -0.603888206746, 0.777170518864,  
478, 3881308.1478908514, 97.49069614835986, 115.98504050622309, 96.88768798027604, 82.45536977680136, -0.731132254231, 0.540570568965, -0.416207985017, 0.0297824826547, 0.634772675876, 0.772124765623, 0.681585380235, 0.552129613343, -0.480202311031,  
479, 2905524.3368965317, 88.52079440446903, 108.81053859682706, 97.19262650669353, 65.58909365506854, 0.491609339678, -0.868948897073, -0.0569918539528, 0.0708132555729, -0.0253386345285, 0.997167707277, 0.867931875193, 0.494252736842, -0.0490763909393,  
480, 3142005.0119084604, 90.86000465308187, 99.96900131606226, 87.77577175723563, 85.48270451197818, -0.63278221493, 0.66788283707, 0.391815242706, -0.061346434426, -0.547655737375, 0.834451801067, 0.771895901953, 0.503989790837, 0.387519041184,  
481, 3067558.935122888, 90.13665460756155, 103.82296966521555, 87.82111445724642, 80.31782051622392, 0.668483690023, 0.628288342802, 0.397974012308, -0.443184175389, -0.0932072010961, 0.891571760628, 0.59725818777, -0.772376964935, 0.216139957386,  
482, 3846134.851034965, 97.1953077666524, 104.82807703521269, 98.63805839000118, 88.80016315941751, -0.746940268418, -0.487315721824, 0.452331319586, -0.643959018187, 0.360858147271, -0.674609650424, -0.165520446807, 0.795175945821, 0.583350835156,  
483, 3717471.2272574985, 96.09917710713184, 107.73319581043089, 95.31940746583624, 86.42275954332464, 0.55770404733, 0.410151321675, 0.721624617734, -0.221426307173, -0.764364589837, 0.605571766428, 0.799960365321, -0.497516499355, -0.335470932847,  
484, 3238028.6988714645, 91.77633166117961, 110.44850139522603, 93.42574779301411, 74.91446356443898, 0.607099124028, 0.066495157128, 0.791839028896, 0.630550491858, 0.566098869647, -0.530978480734, 0.483566676708, -0.821651059674, -0.301749573842,  
485, 2952607.7539052456, 88.99638829631816, 97.60628198649779, 88.38834406439703, 81.70419945533128, 0.855516233925, 0.243986810077, -0.456686336559, 0.392121664531, 0.270692248404, 0.879185024247, -0.338131000792, 0.931233667327, -0.135909098816,  
486, 3838701.5231067343, 97.13265174385705, 100.69595398619428, 97.76847466049414, 93.08610862172019, -0.193532956521, 0.979684644344, 0.0525641738949, 0.869774546599, 0.146539414764, 0.471188325417, 0.453913243725, 0.136909450213, -0.88046497353,  
487, 3892674.3084832383, 97.58576847632673, 106.75484985936178, 96.51874368116428, 90.1903734119057, -0.897649582931, 0.0224242239273, -0.440139046717, -0.158240150763, -0.948506208322, 0.274401216218, -0.411321384017, 0.315963806403, 0.854974614883,  
488, 3411025.240797205, 93.38248812043568, 102.41968326395836, 96.54450528922335, 82.35412057010068, 0.657123058577, 0.501485387804, 0.562762553575, 0.358269790999, -0.864652989443, 0.352161844477, -0.663198343442, 0.0297928459055, 0.747850482108,  
489, 3771076.847027166, 96.55888846513939, 107.3769208230331, 97.6244120750674, 85.88303747580517, -0.868744850628, 0.235030075212, -0.43593950068, 0.389614114957, 0.867736524052, -0.308600334175, -0.305750267265, 0.437943133949, 0.845412671714,  
490, 3172811.391870728, 91.15599074332556, 99.17072202204965, 91.10733071644687, 83.83374146021976, 0.759571191801, -0.640051956621, 0.115693981746, -0.349156204266, -0.25117239163, 0.90277481949, -0.54876365551, -0.72611701709, -0.414261424565,  
491, 3885784.134505088, 97.52815769482113, 126.10367587533209, 89.56786674591024, 82.13156238810757, 0.88215714376, 0.417809825795, -0.217333207732, 0.330364547531, -0.220094992222, 0.917833024103, -0.335645705244, 0.881472145826, 0.332187923747,  
492, 3794775.4767095903, 96.76073501151124, 118.34608070004437, 96.88329861312087, 79.01229549226503, 0.24125372391, 0.838884973387, -0.487922782954, 0.917689066602, -0.360741454254, -0.166470358386, 0.315663456451, 0.407599809382, 0.856865787422,  
493, 2322321.010344958, 82.15068971465948, 104.84968174178887, 97.37459894202185, 54.302627441256156, -0.360086188027, 0.757582120989, 0.544432977647, 0.917821658006, 0.392241450066, 0.0612376432137, -0.167156636986, 0.521743207725, -0.836566006902,  
494, 3182512.3142939163, 91.24879986035718, 103.51443399436582, 89.58700445598004, 81.92860429798415, 0.515669546846, 0.853358670108, -0.0765760968413, 0.576373784577, -0.279380974913, 0.767945005394, 0.633938623928, -0.440142307679, -0.635921827022,  
495, 2965726.472068444, 89.12800005065243, 104.3510834333792, 85.57356853916663, 79.2877107577198, 0.306554872169, -0.705632605244, -0.638832322887, -0.831594644227, -0.525083818876, 0.180934603786, 0.463113871571, -0.475783153938, 0.747767298287,  
496, 2962804.3366021756, 89.09871777327847, 133.66126637644194, 83.74829112497892, 63.18774207521163, 0.294972912646, -0.559697880831, 0.77442188954, -0.339710649243, 0.69610117504, 0.63248701876, -0.893077631338, -0.449645901018, 0.0151956606208,  
497, 3130076.2507808013, 90.7448741538672, 107.06351826640874, 98.83450534495952, 70.61812856185188, -0.106131485795, 0.386530677707, 0.916149629108, 0.0818198209595, 0.921623651784, -0.379361781642, 0.990980133313, -0.0346969690863, 0.129439158353,  
498, 3183858.8879590672, 91.26166767179132, 112.89495784677584, 86.84608107771774, 77.52475998065385, -0.0895044400162, 0.391958052525, 0.915618829141, -0.785007464078, -0.593556450785, 0.177352815237, 0.612986326568, -0.702893750714, 0.360815934583,  
499, 3395671.136669091, 93.24216264867422, 105.11128871544624, 95.65892139160682, 80.62359759867337, -0.468293713503, 0.184210312877, -0.864157137634, -0.852599059438, -0.350894650693, 0.387230923301, 0.231896187418, -0.918117369809, -0.321379298519,  
500, 2979036.1154294247, 89.26113120085071, 113.18895140339355, 83.6188261207828, 75.14136082640809, 0.418945684972, 0.836312012698, -0.353647749123, 0.815319668211, -0.175042221345, 0.55191852603, -0.399672805769, 0.519559850415, 0.755194816034,  
501, 3591879.977357846, 95.00454936972434, 99.50735204899014, 98.46067294978027, 87.52159782881506, 0.862148303266, 0.477770451363, -0.168628879434, -0.471448000478, 0.878403790339, 0.0783808902941, -0.185572320189, -0.0119237964563, -0.982558261406,  
502, 3315484.742532202, 92.50235896704805, 97.20891561240754, 92.36731471313462, 88.15237302205213, 0.897919216072, -0.0554399616824, 0.436654888966, -0.2669619122, 0.720149171323, 0.640403395117, -0.349960596129, -0.691600738643, 0.631835421186,  
503, 3324945.4336752826, 92.59026015763813, 104.78150070005618, 90.21783021772653, 83.96898837419907, 0.481278323249, 0.435431434519, -0.760769768987, 0.667054247596, -0.744996088182, -0.0044112762178, 0.568691310234, 0.505351654224, 0.64900685608,  
504, 2875532.4811465573, 88.2151593122141, 114.62974572070489, 85.43720760891365, 70.09471812860086, -0.274529375528, -0.513946948214, 0.812706685338, -0.0263010573978, 0.848876744255, 0.527936101667, -0.961218953388, 0.123558923131, -0.246558950685,  
505, 2990582.5362895965, 89.37630468304539, 99.61798967357956, 85.89504425412885, 83.4375037464567, 0.0237436326958, 0.895813174097, 0.443796121007, -0.939077766129, 0.172241582989, -0.297431985926, 0.342883637797, 0.409696954106, -0.845327875281,  
506, 3609777.34553464, 95.16208201776698, 104.78530979798566, 104.0339284540104, 79.05264504632196, 0.409232866964, 0.260800260469, 0.874363588409, 0.608187208857, 0.636385237256, -0.474470387681, -0.680174080349, 0.725945627401, 0.101814372652,  
507, 1195380.6318083897, 65.8373793033592, 120.35499598784837, 51.477772916827746, 46.06103931409148, 0.652079960659, 0.610688607941, -0.449278476046, -0.478462779694, 0.791163789882, 0.380963549472, 0.588102961524, -0.0334556678469, 0.808093821864,  
508, 3041451.3142940626, 89.88021167440897, 106.28951948577028, 96.61633693496844, 70.70518258443813, 0.0452223687036, 0.681835006203, 0.730106815257, -0.185676920936, -0.712382374577, 0.67678315096, 0.981569670681, -0.166169722596, 0.094385406137,  
509, 3495610.6286716745, 94.14808280246115, 99.46339070365225, 93.5837373125666, 89.65423242288445, 0.672048449641, -0.0411662413357, -0.739362037103, 0.432910211673, 0.831899003438, 0.347178335598, 0.600782514696, -0.553398038173, 0.576897721768,  
510, 2971863.873009448, 89.18943945080467, 102.7118612002528, 83.55289069870695, 82.67195816423079, -0.263433608567, 0.963983280175, 0.0365919310754, 0.951891459775, 0.26591025963, -0.152297021081, 0.156541951836, 0.00528860715002, 0.987657151014,  
511, 3854974.71503114, 97.26971457803067, 108.07053253783157, 103.91109776962135, 81.9527818414082, -0.270709301025, 0.0267613033606, 0.962289097403, 0.335329319621, 0.939628963337, 0.0682030692966, -0.902369503995, 0.341146953528, -0.263340149536,  
512, 3612345.0433059004, 95.18464015447893, 105.69311659673355, 103.90721614281077, 78.525046724397, -0.881415828731, 0.462295071175, 0.0968989371997, 0.471946236244, 0.85356130871, 0.220680407759, -0.019310281163, -0.240242293197, 0.970520867164,  
513, 3458222.362175345, 93.811216665354, 101.8234960958732, 92.6743620580258, 87.48965337749863, -0.597357920992, 0.701274078277, 0.389073490956, -0.195586196979, -0.597886626686, 0.777352957916, 0.777759316099, 0.388260542376, 0.494311842317,  
514, 3508482.293593119, 94.26349975517353, 104.40558517331793, 94.87187731557475, 84.56087213358309, 0.549100931703, 0.570170942389, -0.611059132374, 0.634182051181, -0.760459364925, -0.139694954304, 0.544335643479, 0.3108161044, 0.779161123571,  
515, 3287072.582077006, 92.23736651720463, 99.70656037456267, 94.57675650039836, 83.21709178136334, -0.960460257693, -0.191878764024, 0.201739022771, -0.253062710138, 0.903760305916, -0.345219602845, 0.116083410224, 0.382622332553, 0.916583216355,  
516, 2673740.1669193543, 86.10139681545405, 107.8725416673205, 99.41446290966854, 59.52098490305875, 0.523104366755, 0.6745174785, 0.520949126768, -0.331094013754, -0.402404441531, 0.853491311902, -0.785327050049, 0.618948169587, -0.0128291787372,  
517, 2900505.0151126143, 88.4697915103916, 99.60851650056314, 85.66473746935262, 81.14961263519032, 0.332671444556, 0.355124651733, 0.873622453757, 0.649090831647, -0.75825656382, 0.0610579699609, 0.68411315018, 0.546748081987, -0.482758461961,  
518, 3450606.884229612, 93.74230435203172, 105.64326231464617, 93.47114189427846, 83.42333025472205, 0.630851601251, -0.741096034567, 0.229788869941, -0.47962196632, -0.139667216534, 0.866288542028, -0.609909031432, -0.656711303523, -0.443555224524,  
519, 3840067.7568274625, 97.14417388337105, 110.92636897896594, 99.64957891362407, 82.9354132651709, -0.176353048495, 0.220250139219, 0.959369312862, -0.804608258357, -0.593692560123, -0.0116058018911, 0.567014243974, -0.773963190487, 0.281914573766,  
520, 2529140.744711069, 84.52038428165702, 106.77850007576119, 85.26934806372675, 66.31436728451327, 0.376238194592, 0.712010164568, 0.592862839518, 0.808036476054, 0.0609361650479, -0.585972556657, 0.453345204337, -0.699520056425, 0.55240367157,  
521, 2791585.2901262264, 87.34822764966353, 100.12257136911221, 81.99022067179705, 81.18358806541066, 0.579496900751, 0.5210974033, 0.626610595421, 0.566634530923, -0.810241982892, 0.149777293087, 0.585754769836, 0.268263723661, -0.764804500629,  
522, 3086052.8516780324, 90.31743254616214, 128.9613802020743, 89.99373031214152, 63.480863213654224, -0.0111653242524, -0.970530371834, 0.240720030079, -0.99524949274, -0.0124979767555, -0.0965517880605, -0.0967149561081, 0.24065451985, 0.965780316294,  
523, 2540404.462891323, 84.64567109947593, 123.00950381921558, 84.47964429712198, 58.361106111030615, 0.910778921351, 0.364398024321, 0.194154156005, -0.202016402334, -0.0168243840696, 0.979237618399, 0.360098777575, -0.931091305926, 0.0582910835158,  
524, 3675801.572537482, 95.7387640565127, 103.65290798047143, 95.48899009502854, 88.66019027064665, 0.173964395358, 0.468156382932, 0.866352116791, -0.928150134656, -0.216019544439, 0.303105400742, 0.329049717651, -0.856834381628, 0.396939700425,  
525, 3116854.3271219516, 90.61692038227808, 116.1677745980441, 88.32736615946536, 72.51818828927246, 0.232961351535, -0.723582730558, -0.649736131617, -0.457921801876, -0.671033440792, 0.583113835117, -0.857925773047, 0.161685353006, -0.487669165076,  
526, 3435478.413686255, 93.60510575002763, 102.78886552296065, 95.89320684974632, 83.20792644732859, -0.528864731189, 0.373564594609, 0.762070593685, -0.825479852466, -0.435041197322, -0.359613917702, -0.197193076138, 0.819261039161, -0.538447992322,  
527, 3315978.8330583647, 92.50695379732431, 96.14794463885693, 93.72119389811644, 87.85071960545557, -0.8122347152, -0.0545665458055, -0.58077298448, -0.471787875281, 0.646979201549, 0.599027640014, -0.343061172622, -0.760552696953, 0.551242802218,  
528, 3679470.1873685466, 95.77060399312033, 121.02593354454052, 87.25060441802609, 83.18591417585401, -0.545688472495, -0.138724848314, 0.826425742246, -0.0220590375077, 0.988238455454, 0.151321360113, -0.837697731793, 0.0643441654101, -0.542330469849,  
529, 2577683.2396198506, 85.05770217950335, 92.6046778370517, 88.77522890302262, 74.85420675647754, -0.742398655162, -0.629983043122, 0.227959650359, -0.254772791724, 0.580170872781, 0.773623023813, 0.619624936079, -0.516258775959, 0.591220614352,  
530, 2378938.9709621207, 82.81294522553488, 101.64205572424562, 91.1663751894428, 61.28956852829297, 0.0702389644302, 0.693204998731, 0.717309777997, 0.828672518586, -0.440851756456, 0.344893586155, 0.555309233505, 0.570189932009, -0.605404903036,  
531, 3073074.085976349, 90.19064103277962, 105.39010762427652, 89.03996815556114, 78.18070404270112, 0.54967817582, -0.504267466008, 0.66600917843, 0.492973930915, 0.83944362342, 0.22871621398, -0.674411303631, 0.202604851435, 0.710014554576,  
532, 3792627.1022759355, 96.74247152158858, 103.47530762418022, 97.03496325478666, 90.17508554178723, 0.514508882412, -0.162863313849, -0.841876565134, -0.135881064214, -0.984877400984, 0.107484144966, 0.846650427454, -0.0590935363035, 0.5288582113,  
533, 3693522.658161075, 95.892370070134, 112.96947368203887, 95.03795724629967, 82.12851304244907, -0.282620900634, 0.345248622802, 0.894946263738, 0.185287904719, -0.895762448797, 0.404076759651, 0.941166201523, 0.280023255782, 0.189190796107,  
534, 3311241.4388099336, 92.46287925224367, 104.5009809870497, 94.15735570362614, 80.3392213889954, -0.986944728919, 0.104445880615, -0.122601631643, 0.0365984750942, 0.886743829397, 0.460810083058, 0.156845955254, 0.450307049744, -0.878989708285,  
535, 3402621.6689289347, 93.30573780588757, 108.55613033564447, 96.2184360151564, 77.77005515238888, -0.512355227551, -0.328558066627, -0.793436650058, 0.0308348594264, -0.930360834403, 0.365346314136, 0.858219862416, -0.162721586346, -0.486806278813,  
536, 3960645.427130577, 98.15048538993072, 112.98324823676921, 92.89584770726104, 90.08801057824276, -0.570059967186, 0.0995657516558, -0.815547849552, 0.0800666814581, 0.994637517677, 0.0654639973573, 0.817692460729, -0.0279798056986, -0.574974930011,  
537, 3582648.137880574, 94.92308606534817, 106.92680174988043, 99.70830260007779, 80.22276889818687, 0.962554833492, -0.224739586362, 0.151592581753, -0.0732573787626, 0.322752273769, 0.943644173528, 0.261001051679, 0.919414535505, -0.294202928136,  
538, 3010417.8758242633, 89.57346853117627, 103.02821434892404, 88.66760554012974, 78.67142585410512, 0.410804174104, 0.796985881161, -0.442779217859, 0.847533071486, -0.15481934357, 0.507659988174, -0.33604705515, 0.58381887267, 0.739072324363,  
539, 1979146.292769599, 77.8866627790968, 105.19052329489077, 74.33118146398441, 60.428475297457624, 0.603545508002, -0.786566474955, 0.130560331828, 0.267423599418, 0.353958867429, 0.896212998479, -0.751144086208, -0.505990415566, 0.423976722368,  
540, 4230705.202909049, 100.33244255184587, 113.79473327250739, 104.24297102833077, 85.14422805361019, 0.227521132364, -0.320216882735, 0.919616921516, 0.58838890343, -0.707283176161, -0.391853297856, 0.77590761863, 0.630247298075, 0.0274901913495,  
541, 3015943.3392854105, 89.62823749761853, 102.40716050025371, 87.38487054036158, 80.45777110777863, -0.443536706061, 0.360561123465, 0.820530844407, 0.211287690357, -0.847640877611, 0.486685169803, 0.870995236658, 0.389230804084, 0.299777715768,  
542, 3120772.788447345, 90.65487854614285, 105.57055397700633, 93.28962048046502, 75.64799370669334, -0.0663207925522, 0.901819047608, 0.426994095798, 0.402603359087, -0.36736870596, 0.838421593909, 0.912968831739, 0.227514041879, -0.338711194117,  
543, 3641357.3930071527, 95.43878437560427, 100.21901957485272, 97.15734994066425, 89.27891150709607, 0.145114136369, 0.989412347008, -0.0022572139937, -0.737779562937, 0.109727449161, 0.666063963455, 0.659259587673, -0.0949899704694, 0.74589121296,  
544, 4000789.6979549285, 98.48098218393376, 106.44624815008764, 98.5794491533057, 91.02074128957696, 0.632750514833, 0.773151442608, 0.0431698131951, 0.529639312496, -0.472781422938, 0.7042442224, 0.564897322207, -0.422746464111, -0.708644087286,  
545, 3363408.5361108114, 92.9459215118007, 106.82197040271564, 94.86603129821994, 79.2354804892709, -0.906045539264, 0.3815438445, -0.18304582897, 0.383117710875, 0.923271532272, 0.0281157839958, -0.179728407306, 0.044653918308, 0.982702257648,  
546, 2832585.732467167, 87.77378328254757, 101.03556149988653, 91.61814191786765, 73.05311093539783, -0.944532673913, 0.114567499153, -0.307786153113, 0.327488431671, 0.399007480537, -0.85647204134, -0.0246851176275, 0.909762231912, 0.414395133121,  
547, 2890330.338425214, 88.36622263494326, 103.15431920473674, 92.07523962394298, 72.64882545450038, 0.537542468681, -0.203088249775, 0.818415088551, -0.640577511212, 0.532822649521, 0.552956125102, -0.548368987538, -0.821495701122, 0.156321036796,  
548, 2663856.0579139045, 85.99516779021, 126.59991671444773, 86.4956612542292, 58.075693088322446, -0.849977711974, -0.492254456395, 0.187679085959, -0.473752478736, 0.558389624517, -0.680998983938, -0.230426730305, 0.667747390404, 0.707825504323,  
549, 3085021.718214754, 90.30737226249693, 105.94662503788926, 87.12874852640462, 79.78495670137991, 0.306123988606, 0.562881362779, -0.767758213916, -0.343083470331, 0.817513625542, 0.462563730138, 0.88802130379, 0.121803298352, 0.443375823118,  
550, 1677748.5306848746, 73.71333934380196, 135.6895511409574, 78.69097026145005, 37.51171773611992, 0.708929770743, -0.702833242503, -0.0586857170663, -0.571281887246, -0.523452156152, -0.63216678616, -0.413588666986, -0.481687941984, 0.772606718252,  
551, 3032001.3409153363, 89.7870273447226, 107.83729615603839, 97.36752109290998, 68.93784072702219, -0.490773818639, -0.707403255672, -0.508646923517, -0.134228169942, -0.515432666781, 0.846352151536, 0.86088550768, -0.483642223013, -0.158007413708,  
552, 3003607.1848376836, 89.50586796560265, 99.98883693250463, 86.66900231280516, 82.74451434445372, -0.577561285186, -0.739654266354, -0.345448300211, -0.816344574103, 0.524398985343, 0.242048012806, -0.00212089278474, -0.421802406863, 0.906685298975,  
553, 3291355.3793618395, 92.27740847865998, 102.74954668390868, 89.14261482995299, 85.78688217716852, 0.715690219887, 0.698339074127, 0.0104903148147, 0.495019211925, -0.517799905844, 0.697738659766, -0.492690053667, 0.49417182746, 0.716275586602,  
554, 3138037.6826687683, 90.821746345862, 101.62879161021398, 93.18395371574022, 79.10640531860845, -0.00504324185923, 0.483895590687, 0.875111206091, -0.562011672698, -0.725206644569, 0.397766517476, 0.827113925323, -0.489816679981, 0.27561236284,  
555, 2586284.7952969614, 85.1522077490401, 111.5818584260115, 83.7246887380987, 66.09073857938274, 0.0306047034273, 0.778449888138, 0.626960225043, 0.799084819397, -0.395859631772, 0.45250260037, 0.600438842462, 0.487145690313, -0.634162654902,  
556, 3336544.391661718, 92.697801184537, 106.54023718784948, 90.02711241509517, 83.04649702064629, 0.869005862036, -0.378491141418, -0.318705612777, -0.425140226501, -0.241610383983, -0.872284477772, -0.253149362153, -0.89351490095, 0.370872649601,  
557, 3157703.1607628767, 91.01107220581335, 130.60583132837132, 83.4129660966967, 69.19688747414541, 0.895903947918, -0.42133967809, 0.140815452884, -0.365444448575, -0.879211819054, -0.30567455282, -0.252599428167, -0.222394813119, 0.941665586069,  
558, 1356459.1151740656, 68.67089373419067, 117.35598480497117, 83.91809337563676, 32.881926078155274, -0.56827103151, 0.816617852341, 0.101011474521, 0.805522990481, 0.577156402968, -0.134250505844, 0.167930779051, -0.00507639159262, 0.985785718955,  
559, 3327117.024358951, 92.61041330925323, 115.41287255263487, 88.47492592086247, 77.78663938555268, 0.815679399076, -0.0181799488831, -0.578218477206, 0.353405808288, 0.806979265776, 0.473168890858, 0.458008135945, -0.59029988486, 0.664661262105,  
560, 1538988.4980258632, 71.62240855219142, 104.01048522828725, 97.80651404989837, 36.116184414805254, -0.810642959481, 0.210120618412, -0.546541231712, -0.295635197884, -0.952562909665, 0.0722753962409, 0.505428354978, -0.220166366295, -0.834307466787,  
561, 3881671.5376716247, 97.49373859485641, 112.34330983992898, 91.96847962698067, 89.68998512127166, -0.634372752527, 0.0305449505995, -0.772423599357, -0.308691349058, 0.906082548643, 0.289351112079, 0.708717758962, 0.421996944346, -0.565365118392,  
562, 3285004.770786305, 92.21802108937756, 100.24038232027029, 92.81293430115598, 84.29390583021393, -0.394258983983, -0.912910914392, 0.10561020752, 0.76752673067, -0.263891168719, 0.584178199506, -0.505433053188, 0.311376160705, 0.804724993578,  
563, 2449979.484991957, 83.62920073885459, 104.96556839643445, 96.76315065152338, 57.586008352427015, 0.479234631388, -0.807623834383, -0.343624664736, -0.753748741039, -0.579290506951, 0.310298797836, -0.449663211149, 0.110300728434, -0.886361520964,  
564, 3835680.3224842963, 97.10716272132647, 107.28948359522244, 99.89328678154686, 85.43982248631144, 0.934956475666, -0.249550454699, 0.252152650529, 0.0561914541208, 0.805962842295, 0.589293150583, 0.350284040592, 0.53679462311, -0.767562781476,  
565, 3117508.646889862, 90.62326099447834, 109.68092245344475, 84.20698282522919, 80.58233663455694, -0.965129090137, 0.242267382845, -0.0991582300207, 0.254912253499, 0.783632109612, -0.566516071971, 0.0595447931199, 0.572037788957, 0.818063069462,  
566, 2904093.5530414497, 88.50626175285505, 102.1471216921953, 83.18342833613124, 81.59415409453496, 0.575007863982, 0.766633099589, 0.285726524799, 0.554450836513, -0.621950810025, 0.552957014424, 0.601622993451, -0.159533321049, -0.782686970139,  
567, 3033726.735105827, 89.80405555164948, 102.90447496718174, 97.52611605860554, 72.16600422867631, -0.458319317673, -0.332075633739, 0.824420509525, 0.738698404368, 0.37348231386, 0.561102155243, -0.494234833285, 0.86616207185, 0.0741295815209,  
568, 3427463.2036997937, 93.53225332419684, 107.73464639873364, 95.14751508652313, 79.82360740001887, -0.854690489332, 0.466995524476, 0.226758346186, 0.517554985126, 0.800584949205, 0.301994331865, 0.0405093176651, -0.375471595764, 0.925948203712,  
569, 3275677.0339109222, 92.13065430756417, 100.49760388455654, 94.28643350813495, 82.52918397787546, 0.455024662521, 0.135881982867, 0.880050364031, -0.4461140689, 0.890107408942, 0.093225737195, -0.770671651242, -0.43502285834, 0.465639687628,  
570, 2805420.5409931354, 87.4922907962122, 112.16922755575322, 85.67243139897352, 69.69386369400638, 0.281028188319, -0.935416847996, -0.214519178292, -0.899500198183, -0.334656391806, 0.28089943555, 0.334548278787, -0.114019383915, 0.935455519655,  
571, 1746696.8836229257, 74.70958294502286, 96.06140049687369, 88.19675926611909, 49.2183890138756, 0.179953879152, -0.916485809494, 0.357309896834, -0.806385740393, -0.345469876194, -0.479992294036, 0.563345931972, -0.201753130433, -0.801209732399,  
572, 3442549.780343029, 93.66928530178015, 101.88873919182461, 98.72656583117616, 81.70175792130644, -0.529157420404, 0.67715536063, -0.511324791107, -0.524665061962, -0.734712435863, -0.430028149479, -0.666872549433, 0.0407216669296, 0.744058296543,  
573, 3079078.465813247, 90.24934300733788, 94.93025284933957, 89.67803642255421, 86.345840042506, 0.385270130794, 0.856575793124, 0.343285357905, 0.74106049912, -0.065508742752, -0.668234944662, 0.549905685516, -0.5118461832, 0.660013046675,  
574, 3038130.420196693, 89.84748701600606, 105.40448435962921, 86.61357526194726, 79.44613062047524, 0.755812107149, -0.405081425, -0.514448343186, -0.577811326713, -0.0430104164672, -0.815036302748, -0.308029429453, -0.913268385085, 0.266568429106,  
575, 2401371.1454215935, 83.07242587105223, 113.37351873190693, 89.60528853943754, 56.43199580836759, 0.371909082371, 0.0045237267477, 0.928258137775, -0.565180880305, 0.794375976537, 0.222569945048, -0.73637911906, -0.607409535484, 0.297992364357,  
576, 2578607.3981826445, 85.06786601064563, 116.30104176880988, 93.6424974677653, 56.524928567030564, -0.791189138012, 0.610059543496, 0.0429779162042, -0.195500460994, -0.318880540639, 0.927412945, -0.579481939014, -0.725356846105, -0.371561742064,  
577, 520929.0893995348, 49.91487641072449, 101.79799674382002, 75.07117877739702, 16.273371293625658, 0.331397682043, 0.598730915447, 0.729175470805, -0.530186478891, 0.757459774871, -0.380994733629, -0.780434413604, -0.260338203765, 0.568459449498,  
578, 3318210.583799672, 92.52770243839763, 104.87849116386384, 90.23207523418752, 83.70819135349323, -0.640000433952, -0.70144722421, -0.313641891637, -0.768360824476, 0.58668390473, 0.255780451445, -0.004592161999, -0.40468974237, 0.91444252114,  
579, 2814641.2525039385, 87.5880410197146, 103.05931752557947, 88.47207777064743, 73.69549669676478, -0.175321870072, 0.779583651735, 0.601258323703, 0.972997107828, 0.23033392727, -0.0149301743804, 0.150129510866, -0.582405023927, 0.798915213318,  
580, 3884437.793184841, 97.51689258488044, 106.09829531233389, 95.64073321824672, 91.38780756729211, 0.198745074445, -0.970583443943, -0.135897659025, 0.679690005737, 0.0366051807572, 0.732585528688, -0.706060827044, -0.237966046078, 0.666970965956,  
581, 2632031.1504951413, 85.65133540925942, 98.99768583092819, 85.66062031649643, 74.09623787987533, -0.638626390913, -0.147849750396, -0.755179968046, 0.106187275749, -0.988912239203, 0.103811587138, -0.762155230448, -0.0138936842787, 0.647245216466,  
582, 4282609.527166629, 100.74108481177677, 121.10548875153226, 108.09781844065328, 78.09785634578743, -0.931037501787, 0.263982852818, -0.251956789318, 0.361884545499, 0.756815745227, -0.544306442646, -0.0469972977359, 0.597948978755, 0.800155155461,  
583, 3173580.774036362, 91.16335835485401, 113.98237865228366, 93.49224877986603, 71.09640240480587, 0.482974308384, -0.874315589616, 0.0480423479443, -0.803665162284, -0.464393364067, -0.372103628499, -0.347646550929, -0.141106531264, 0.926947044044,  
584, 1916343.872705388, 77.05395667255897, 111.2373551056847, 79.43821289364156, 51.7731648315845, 0.445401734356, -0.714109394938, 0.540060243948, -0.629736573213, 0.178907777203, 0.755925826794, -0.63643471259, -0.676786361651, -0.370014969012,  
