# Void_ID, Void_Volume, r = (a*b*c)**(1/3.0), a, b, c, vector_a, vector_b, vector_c 

14, 865863.6255477255, 59.127152191802246, 149.856387391227, 41.86632811541935, 32.94737012213856, -0.127974537666, -0.639025095378, -0.758465190491, -0.356866796872, -0.683859831872, 0.636381819069, -0.925347830278, 0.352111712144, -0.140530193095,  
15, 1642549.1043963728, 73.19418580419558, 114.61443092084221, 91.24633065513274, 37.495145319548406, -0.838664899641, 0.313046715197, -0.445693774037, -0.479620969036, -0.0367311867622, 0.87670664762, -0.258079274975, -0.949027172437, -0.180948925956,  
122, 1225619.5160875656, 66.38791350679962, 116.97678356410069, 56.78744762488963, 44.04686807010555, 0.404925281243, 0.283063368496, -0.869431219836, -0.398014644444, 0.910626094085, 0.111105623525, 0.823176687849, 0.301056881978, 0.481398893222,  
133, 865003.1794011589, 59.10755996405767, 145.94558631954743, 82.15574555766571, 17.22265839701773, -0.132528020977, -0.213138925009, 0.967991798675, -0.470481180432, -0.846047241743, -0.250702061416, 0.872401159167, -0.488646972143, 0.011847113567,  
134, 3537572.5319184996, 94.52330854740876, 117.6410449834998, 106.2885283220523, 67.54162051156902, 0.319943616106, -0.807642109484, 0.495328482425, -0.882619922756, -0.0640269684771, 0.465706580651, -0.344409864068, -0.586186634355, -0.73332603611,  
145, 245280.81356537732, 38.83216964094622, 125.13149845245316, 39.84004689180314, 11.745959052263313, -0.53867175138, -0.841198890414, 0.0470868456277, 0.277653505318, -0.124477079089, 0.952582798378, -0.795450360016, 0.52620327208, 0.300614106793,  
152, 650869.3369497653, 53.76113153104439, 103.16325901240074, 56.5544729834456, 26.63257689690891, 0.870557343097, 0.16140939575, 0.464840746216, 0.268142736222, -0.947699479285, -0.173104505935, 0.412588639435, 0.275341068363, -0.868307497769,  
163, 1357663.6223672046, 68.69121382436022, 107.51765625909178, 63.69518389400146, 47.3278948759134, 0.419310212707, -0.742791558927, 0.521957513124, -0.418787693484, 0.351853162025, 0.837147669267, -0.805478623742, -0.569613950286, -0.163536339492,  
177, 1704948.1275585615, 74.10955184155084, 119.02559017402919, 99.49469214127846, 34.370219434405726, 0.505394562429, 0.796423724274, -0.332092739579, 0.82353979474, -0.560089154776, -0.0899018641718, -0.257601519301, -0.228055673283, -0.938952643714,  
181, 1507736.7188471097, 71.13428448207597, 131.82058018898815, 62.91214831559244, 43.40294193648013, -0.779113499181, -0.611237430025, -0.139179594518, -0.589520271901, 0.789894295721, -0.168916697236, -0.213185375698, 0.0495560866505, 0.975754164667,  
202, 1239757.2810672226, 66.6422041648843, 121.93844991609718, 87.54495140689266, 27.725301800850154, 0.397768232937, -0.195350075943, 0.896447868365, -0.464587023139, 0.799657857915, 0.380402692165, -0.791163276952, -0.56779015323, 0.227321382844,  
234, 487568.1097892932, 48.825746759023055, 62.94977739297999, 56.83413906821809, 32.53442971395512, -0.135990855027, -0.773838389808, 0.618611860385, 0.253874378374, -0.630782821783, -0.733253593069, 0.957629514663, 0.0573339184369, 0.282238435445,  
283, 663760.7189484324, 54.11375188691704, 116.21196198012225, 46.07913007072887, 29.591558134535312, 0.656176654248, -0.448809919105, 0.606631564405, -0.574012712383, 0.224970535459, 0.787335801421, 0.489838345215, 0.864845601647, 0.110002185748,  
296, 989224.3879243903, 61.8114220419502, 113.45486493844014, 63.713166325084906, 32.67035801904799, 0.218978914748, -0.621979643039, 0.75179090081, -0.734271798921, 0.402362350211, 0.546762713105, 0.642567630841, 0.671748362691, 0.368593240602,  
308, 1306281.1390447675, 67.81347748826425, 118.24996547251281, 77.42661943863797, 34.060947634907286, -0.965509119352, 0.207327389975, 0.157503948567, -0.175173262869, -0.964796439214, 0.196168699988, 0.192630393303, 0.161812188184, 0.967837975764,  
318, 2260971.643926198, 81.42082566458767, 133.49444123697916, 66.02830818363476, 61.23689401428646, -0.182482030243, -0.784910900524, 0.59212767785, -0.283845008035, 0.618653734796, 0.732597821343, -0.941346015051, -0.0343865476867, -0.335686230409,  
374, 900432.0552369407, 59.90376413089382, 110.7781671196489, 84.4898470281967, 22.966966612459405, 0.919563044319, 0.233399889626, -0.316114376525, 0.298181190049, 0.109456931968, 0.948212612205, -0.255913628836, 0.966200637325, -0.0310570927359,  
383, 765362.3537086712, 56.74481211918587, 158.18819716967724, 62.921209590679915, 18.35723839276117, -0.664227481877, -0.661524475093, 0.348119550115, -0.249788769481, 0.635340822755, 0.730717188508, -0.704561865957, 0.398406084031, -0.587252219447,  
406, 2218138.0947534605, 80.90337833034502, 124.62920964238866, 72.28538162266877, 58.780009536910164, 0.617301441237, -0.302083908662, 0.7264187792, -0.400833470371, 0.673747385761, 0.620803502898, -0.676957502121, -0.674395857273, 0.294819890808,  
414, 3832344.0705715483, 97.07900014383075, 147.11988551636753, 101.42091450672909, 61.31644728504038, -0.248106250532, 0.857723336819, 0.450282095938, 0.0567970939231, -0.451136353828, 0.890645878212, 0.96706637754, 0.24654952389, 0.0632135563055,  
448, 1551428.0729246184, 71.81486451258077, 98.64632461114635, 79.33259086624066, 47.32716496238933, -0.721803439215, 0.644098430054, 0.253252852972, -0.459347008064, -0.719545045519, 0.520821710043, -0.517687281396, -0.259599961231, -0.81523477527,  
493, 1946853.907639459, 77.46072984139593, 135.98918241649147, 75.9031152471723, 45.02780642377966, 0.647413362487, 0.380525965648, -0.66034530932, 0.685437773225, 0.0880991822527, 0.722781843382, -0.333213140661, 0.920564241948, 0.203790282733,  
500, 859898.6350100577, 58.99106227532059, 120.29963382816472, 86.90428245918204, 19.636006479783866, -0.234685755367, -0.131813159067, 0.963092875752, -0.961228804222, -0.116097409114, -0.250121125718, -0.144781843341, 0.984452478637, 0.0994561971164,  
507, 1627319.9536983168, 72.96727262169217, 87.1936615785831, 84.53561617578683, 52.70595685164997, -0.117103187716, -0.944952851448, 0.305533880227, 0.738236243455, -0.288614887773, -0.609679174161, 0.664299700644, 0.154160809209, 0.731396166676,  
510, 1260814.0710052794, 67.01738522490156, 127.93059236917229, 70.71236989589883, 33.27305165006233, -0.958021313431, 0.115425436802, 0.262435004432, 0.27990753558, 0.574600272428, 0.769081464119, 0.062023661109, -0.810253969731, 0.582787757248,  
532, 943161.3632303757, 60.83672088123405, 148.6422635735165, 78.24168808272348, 19.360513414942364, 0.51495135884, -0.744598790293, -0.42473255058, -0.450827882703, -0.656662694432, 0.604605926136, -0.729094862282, -0.119861366734, -0.673835242888,  
585, 1389892.71482496, 69.23051406184102, 123.20233937588762, 97.0372229208406, 27.754624488502888, -0.533541669545, 0.664044115575, 0.523811702265, -0.275700606276, -0.722050688684, 0.634532882261, -0.799576426965, -0.194134529494, -0.568321495194,  
593, 2059878.037325121, 78.93161082958463, 122.73235003805564, 83.56899035044783, 47.9455927960425, 0.907737472761, 0.375705989137, 0.186702143193, 0.199728115744, -0.778346301176, 0.595219048105, 0.368946283797, -0.5030129672, -0.781573153646,  
601, 567000.8886570234, 51.34502583942981, 131.7476955818712, 53.47173501738318, 19.214444202579667, 0.822569347868, 0.383604450558, 0.419794346628, 0.366121615273, -0.922104692299, 0.125211418289, 0.435125994142, 0.0507007095828, -0.898940936475,  
621, 693765.162299146, 54.91714603498001, 118.56087346925185, 59.13218644869524, 23.624278331616186, 0.327990895327, 0.86214936162, -0.386161172103, 0.810659924288, -0.466746907315, -0.353522010158, 0.48502830818, 0.197093385911, 0.851998672237,  
636, 1238135.9535204044, 66.6131404175951, 98.47127424681224, 62.40963893871259, 48.09705639862453, -0.307946196623, 0.576279881147, 0.757014292184, -0.107509560136, -0.811662786194, 0.574147381764, 0.945309914507, 0.0954202289459, 0.311904064486,  
642, 808897.6328180049, 57.80095115007044, 121.94822104306826, 62.175499221132604, 25.468900977361358, -0.628560097983, -0.771378999564, -0.0994315958652, -0.00591207519627, -0.12310095149, 0.992376543006, -0.777738548994, 0.624356144179, 0.0728158954801,  
673, 1663694.7518480665, 73.50694030003974, 113.46489681435862, 80.13623320400994, 43.68120296702002, -0.747732056344, -0.119683721525, -0.653125239688, -0.661047169385, 0.0415069413976, 0.749195444236, 0.0625572678666, -0.991944041072, 0.110152655979,  
675, 775680.1541251215, 56.99866583323757, 127.37313667876512, 72.0423026527191, 20.180347549329927, 0.815971959932, 0.112987219515, 0.566942368174, -0.449433496897, 0.740809888812, 0.499209615798, 0.363592206286, 0.662143939687, -0.655260338083,  
683, 582036.9590741227, 51.794938043371104, 97.61056268556942, 73.78487836126949, 19.29291148354782, -0.678548480359, -0.722069773476, -0.134859934876, -0.734225254474, 0.661208977186, 0.153999883708, 0.0220280615417, -0.203513957068, 0.978824209847,  
712, 1179670.7039272904, 65.54769058521119, 136.31994983807553, 49.68750024954842, 41.57819379366476, -0.489482509618, 0.871466123208, 0.0308815297353, 0.290818579004, 0.129754673867, 0.947938963602, 0.822089670829, 0.472980465464, -0.316951183001,  
731, 1239510.5246812287, 66.63778247126332, 126.30008353058216, 61.0168610764131, 38.39795624534813, -0.554070012581, 0.579094579402, -0.598043384099, -0.205408465344, 0.601080402359, 0.772340412166, 0.806730304081, 0.550773835623, -0.214089697254,  
762, 752716.4922185478, 56.43054882738662, 164.18904596661787, 68.94997553476188, 15.873201397295666, 0.6741698176, -0.737286668847, 0.0436282589436, -0.667126306036, -0.582540192766, 0.464316072957, 0.316918836348, 0.342133441442, 0.884594347379,  
816, 1096043.0182866957, 63.96066889255049, 120.64271758690566, 107.12479506519364, 20.24640290363359, -0.951650989113, 0.29863307009, -0.0719630764322, 0.306048692221, 0.941856359473, -0.138711196775, -0.0263551306362, 0.154028853042, 0.987714796649,  
818, 3459933.4220861476, 93.8266860914547, 109.89627393746109, 98.47633341969137, 76.32455743688911, -0.0364891368677, 0.952708983162, 0.301685492349, 0.46034590136, -0.251924011717, 0.851243762633, 0.88698939903, 0.169940830065, -0.429383185844,  
831, 2715550.218092421, 86.54787511532285, 121.71988413314021, 93.07852139916729, 57.22136627758634, -0.98585699074, -0.0726743738842, 0.151011354507, -0.152372093256, 0.0135267455738, -0.988230627106, -0.0697763499069, 0.997263988388, 0.0244089831607,  
846, 2243672.477719426, 81.21263788217674, 117.65337654166073, 86.69454321140536, 52.51395082432832, -0.571329166083, 0.233910913691, 0.786682063123, 0.815480149988, 0.0536424324293, 0.576293861167, -0.0926018842058, -0.970777097947, 0.221397193167,  
854, 1401247.0505574213, 69.41852273263747, 109.24917582147039, 70.66708397768153, 43.33020682055932, -0.284438693598, -0.958040264994, 0.0354045227932, -0.948581584452, 0.27589655029, -0.155158213372, -0.138879830152, 0.0777170778404, 0.98725500687,  
880, 873741.4993541262, 59.305929649053084, 113.07360496182494, 86.92226898461122, 21.222769703383666, -0.348664018075, 0.655040854535, 0.670339377771, 0.923578416038, 0.361832972066, 0.126806189733, 0.159487654469, -0.663323736358, 0.731139732784,  
881, 2662175.900451642, 85.97708425426474, 137.37299259929017, 92.01164216305402, 50.28101052195026, -0.0505799681628, -0.248295566853, 0.967362898969, -0.841643705103, -0.510848576103, -0.175127399209, 0.537659316371, -0.823032832744, -0.183137696132,  
884, 2539616.5100778365, 84.63691872787554, 126.6195019588712, 88.75106988428081, 53.95172492959517, -0.821916298355, 0.0985380665105, 0.561020363219, 0.0966530461707, -0.946513864816, 0.307846865142, 0.561348187103, 0.307248682926, 0.768431167819,  
898, 1404696.362401135, 69.47543630523818, 136.88838849659797, 85.55587069161159, 28.633696818641933, 0.739560910986, -0.000779367518946, 0.673089185419, 0.546680724864, 0.584079747185, -0.599992528278, 0.392670146564, -0.811695904581, -0.432388615117,  
899, 2713611.314204908, 86.52727180571527, 115.33531545894706, 82.89751030062844, 67.75716660301629, -0.76971051591, 0.46259614822, 0.439943775214, 0.634550459923, 0.478896320693, 0.606633355362, -0.0699387983107, -0.746098597826, 0.66215213268,  
905, 2709552.2658712477, 86.48410747570922, 127.0145807489999, 81.16105553327155, 62.74912263399071, -0.734546784145, -0.211957754138, 0.644604477461, -0.662497724336, 0.429472541721, -0.613718258777, 0.146757579536, 0.877853772771, 0.455889204172,  
932, 802320.3643310536, 57.64386185880582, 110.09825528585795, 64.085314410124, 27.14690043142634, -0.694839796952, 0.652369458701, 0.302674323204, -0.152354169913, -0.544845807405, 0.824579440117, 0.702841279011, 0.526836915475, 0.477971757544,  
972, 3517789.352161096, 94.34677805235958, 129.0732446832162, 103.17072684863055, 63.06501493216442, 0.887540431653, 0.460504562055, -0.0144059192101, 0.379606193603, -0.71318859048, 0.589288700203, -0.261095997595, 0.528486123503, 0.807794093383,  
1046, 522055.26416976546, 49.95082014798903, 106.05181777304027, 52.56949298277854, 22.355066429693053, 0.244443480938, -0.942621181582, 0.227404249433, -0.459474636346, 0.0939194082976, 0.883211301614, -0.853891353265, -0.320381729782, -0.410152537528,  
1055, 207313.20067590533, 36.715218387309456, 107.23144166458614, 34.89620559427874, 13.226288622532676, 0.448211857688, -0.893188002318, -0.0363500088484, -0.471718397349, -0.27086306273, 0.839115578959, -0.759333842411, -0.358954584542, -0.54273724951,  
1085, 1142452.8611411534, 64.85098250473725, 107.63920452614326, 76.68430291682013, 33.04248691545101, 0.460761502158, 0.729647274496, -0.505285753756, -0.503095288974, 0.683740626153, 0.528577228378, 0.731159331707, 0.0106588445465, 0.682123464405,  
1107, 2039677.7935335715, 78.6727478776723, 129.02112314758935, 105.77942935760656, 35.67885596381328, 0.975416190207, -0.207770187822, -0.0734493358357, -0.18849513626, -0.959284141799, 0.210341434099, 0.114161462362, 0.191325597725, 0.974864952784,  
1130, 1145641.9020116273, 64.91126808460328, 107.31303255522799, 83.42627666731215, 30.549559413507634, 0.245673537349, 0.798890013243, -0.54901662979, 0.435634653889, -0.596949696346, -0.673701349534, -0.865948590493, -0.0736600758413, -0.494678917936,  
1135, 766444.9457617139, 56.771554372053586, 99.85541875318917, 54.92782346043289, 33.36017558800018, 0.40351236201, 0.849075314001, -0.3409529071, 0.611324135509, 0.027074883924, 0.790917032314, 0.680779387944, -0.527577541045, -0.50813518195,  
1141, 1979783.32802829, 77.89501844033705, 114.36234137309938, 82.01609165941866, 50.390300158420374, -0.947265283727, 0.319876709137, -0.0191669819776, -0.119847941681, -0.298169401975, 0.946959069126, 0.297195143165, 0.899318574632, 0.320782088342,  
1171, 1343188.3209894348, 68.44621427865235, 118.99789087783927, 77.92789808655627, 34.57928995259995, -0.406707039061, 0.913554969612, 0.00258879809189, -0.128974872938, -0.0602234436759, 0.989817467507, 0.904408572786, 0.402231841516, 0.142318934587,  
1188, 1952836.3575183896, 77.53999123812306, 119.23357217370719, 84.67538851258799, 46.17655076476501, -0.513860954697, 0.446160297601, -0.732726352796, -0.0406410015378, 0.840499762981, 0.540285533234, 0.856910280153, 0.307410372748, -0.413767609288,  
1222, 983124.8891259151, 61.68411818110691, 125.15336074288662, 63.50899253320757, 29.528564999600036, 0.71546504565, 0.66854075491, -0.202886735589, 0.348771842925, -0.0901497282139, 0.932861848338, 0.605365980243, -0.738191225583, -0.297667170572,  
1231, 1675517.1475026505, 73.68064559250966, 123.39662942253787, 66.93423486825927, 48.42935300802363, -0.909173283868, -0.25422849452, 0.329805719287, -0.391578854993, 0.25250639384, -0.884820050288, -0.141668416461, 0.933599696682, 0.329122570076,  
1235, 5237782.031523797, 107.73403784074979, 131.36242036652024, 107.25792531383186, 88.74793941302964, -0.136465792626, -0.250840090094, 0.958361276683, 0.968281222317, -0.238170510692, 0.0755399387376, -0.209304949656, -0.938271846023, -0.275385876564,  
1243, 1253458.767126452, 66.88680956026366, 122.94089571900689, 108.72914142644436, 22.38613463438352, 0.149336689049, -0.950945665297, 0.270925995352, 0.0248071665836, 0.277515508544, 0.96040082622, 0.988475168019, 0.136702173249, -0.0650335147368,  
1253, 927372.816207511, 60.495339365741174, 123.03229028940582, 84.43509842567555, 21.311971636747934, -0.62959504075, -0.544244105346, 0.554444260912, -0.76847480794, 0.331284672283, -0.547445828801, -0.114265280046, 0.77074562581, 0.626813071075,  
1254, 222720.20994668425, 37.60310199368744, 93.28182371119448, 50.31631392406627, 11.328311220347496, -0.601454522106, -0.198575952206, 0.773834639341, 0.127314211233, 0.932414195182, 0.338223092412, -0.788697375079, 0.301945955144, -0.535523193443,  
1256, 241983.4884345672, 38.65737628071338, 125.6895486433829, 73.0008900150175, 6.296073687714092, -0.935098495172, -0.098283306974, -0.340486704435, -0.0341465913757, -0.931315938425, 0.36260809855, -0.352739017723, 0.350700747656, 0.867516092628,  
1302, 2731854.7357665948, 86.72074450871828, 123.15015964446808, 96.525426617229, 54.8646084474471, -0.839973270618, -0.025916306844, 0.542008532855, 0.407199914806, -0.690309787479, 0.598047344859, -0.35865461663, -0.723049612648, -0.590394887867,  
1347, 1033086.1873464487, 62.71180704978316, 104.25740075491368, 81.96071637772903, 28.86259043037308, 0.797303289565, 0.545570402173, 0.258186755512, 0.55240899771, -0.487214060777, -0.676362889454, 0.243211356022, -0.681891043535, 0.689835372424,  
1362, 679809.825704366, 54.54642299771648, 87.5258997584462, 52.25471940735502, 35.484339364935416, 0.22329743675, -0.734847239429, 0.640420010184, -0.85282271397, 0.170892317391, 0.49344628319, 0.472050498653, 0.656350021376, 0.588534600649,  
1381, 2665462.0434732535, 86.01244590758976, 128.81637874660618, 101.33203146543039, 48.74903887537698, -0.82569868076, 0.149611165166, -0.543910091696, 0.554380599144, 0.0368954721239, -0.831445052562, 0.104325643459, 0.98805628554, 0.113406070042,  
1395, 1031575.7580973281, 62.68122943062581, 119.16920989743284, 84.6200913329167, 24.421648082024255, 0.0708254755495, -0.560305306021, 0.825252516542, 0.856495600835, -0.389895222446, -0.338226257502, 0.511271980225, 0.730780185527, 0.452284515187,  
1400, 3805107.0899012173, 96.84846866969902, 127.76744324277801, 104.65526575137135, 67.93553276734623, 0.825619341425, -0.196845313227, -0.528776536663, -0.0422937720879, -0.956123387143, 0.289895335251, 0.562640151347, 0.216979241445, 0.797719292028,  
1416, 2367806.6255657016, 82.68356764755359, 126.83031588713192, 101.48643535850242, 43.91638154402691, 0.229128825314, 0.68702746569, 0.689560180693, 0.864888748517, -0.468726882185, 0.17961782374, 0.446617771812, 0.555237220748, -0.701601164906,  
1420, 3410645.835868674, 93.3790257117836, 119.0252686133721, 102.30539392942406, 66.86676501685425, -0.352963940887, -0.92795260398, 0.119667962301, 0.876868787582, -0.283462916633, 0.388265249871, -0.326370320032, 0.24197673372, 0.913744862935,  
1467, 2028782.2811089796, 78.53241350075125, 129.46024315195427, 95.08471625506202, 39.34591964583804, -0.929815672111, -0.0440946029486, 0.365374440661, 0.111602474768, 0.912264551874, 0.394104396093, -0.350696027242, 0.40722113573, -0.84331681063,  
1490, 873353.4409579829, 59.2971484203089, 93.6323621732584, 50.56732725445544, 44.035755008629756, -0.506687022905, 0.379764158945, 0.773981553011, 0.855865498952, 0.113542039764, 0.504581463106, -0.103742510687, -0.918088987401, 0.382557319482,  
1492, 3679458.637803902, 95.77050378757598, 116.86263806858553, 95.25889674124289, 78.90673666282864, -0.997806924184, 0.00631546973391, 0.0658897328354, 0.00199583063737, -0.9921147054, 0.125317309217, 0.0661616105543, 0.125173983605, 0.989926318024,  
1509, 1650672.6083656475, 73.31465216169293, 133.51034865469938, 83.22803057571933, 35.46400562492534, -0.352539422353, -0.925970760666, -0.135255706267, -0.932616880888, 0.335746680691, 0.13228726276, 0.0770824829004, -0.172778230099, 0.981939903474,  
1510, 2481633.5694000386, 83.98782770849887, 113.19489194410689, 89.93378848903033, 58.196829867505066, -0.437206473177, 0.196388880597, -0.877657055683, 0.894617802404, -0.00512704857219, -0.446802754015, 0.092246883063, 0.980512682708, 0.173451409952,  
1516, 1001304.094908123, 62.06200390666812, 125.59720483403783, 100.20832738365029, 18.993001189887423, -0.979113010795, -0.203076159519, -0.00988865650477, 0.102233592159, -0.533784734836, 0.839417744326, 0.17574414564, -0.820873882086, -0.543396784111,  
1518, 2498278.0418624943, 84.17518001742728, 120.65431245699824, 84.17077117179667, 58.72837797078559, -0.988866801228, 0.147843514509, -0.016874378425, 0.133515984987, 0.931617071341, 0.33802827417, -0.0656957470657, -0.332011938946, 0.94098466577,  
1525, 1387758.8452322858, 69.19506658847921, 115.7743092779467, 60.78201508776462, 47.080178651065864, 0.00875492515729, 0.999946941357, 0.00542823685829, -0.828281338829, 0.00421034178857, 0.560296614991, 0.560244031681, -0.0094014622226, 0.828274252572,  
1541, 2148319.4235218926, 80.04546807987775, 106.33640810531958, 85.95923617886379, 56.10941123485404, 0.227466178831, -0.0258513683877, 0.97344277913, -0.761312686035, -0.628021786234, 0.161219198911, 0.607175536044, -0.777766252012, -0.162534690642,  
1595, 1265306.4647448913, 67.09688719559406, 112.53037832244068, 77.64041531232911, 34.573988950257245, 0.857933463897, -0.507059558631, -0.0827089809329, 0.325608573323, 0.41211767446, 0.850963030558, -0.397403105807, -0.757000413737, 0.518672483458,  
1652, 776319.3627374731, 57.01431834779046, 117.02824550384662, 47.08824888796515, 33.631680972784956, -0.0818969696049, -0.304227990322, -0.949072292438, 0.283160143479, -0.920131068377, 0.270516450798, -0.955569578584, -0.24658496895, 0.161501187529,  
1669, 1364277.5384101653, 68.8025772383913, 117.60835803950074, 92.88396015135368, 29.81502716882239, 0.236054318821, -0.822073256222, -0.518144690188, 0.956414548761, 0.290872942877, -0.0257709530404, 0.171899882153, -0.489477775294, 0.854904636792,  
1686, 1784424.4316345279, 75.24364928706622, 147.84010416184796, 65.45134308238973, 44.02493554373934, 0.152115861175, -0.602393663295, -0.783570443037, -0.791822848418, 0.400187724744, -0.461374426782, -0.591504303875, -0.690631348395, 0.416114165958,  
1699, 406280.50028425036, 45.94579703429274, 140.78626748318933, 72.3006877757096, 9.528721756809547, 0.312847127645, 0.584029839891, 0.749023244526, 0.553475019943, -0.752975619457, 0.355939768504, 0.771875687545, 0.303210921011, -0.558812187015,  
1731, 354270.50294580805, 43.89504125392752, 160.22314311731125, 59.217005607922815, 8.914042381456133, 0.740281063994, -0.670410167849, -0.0503403728338, -0.598659592743, -0.62327327776, -0.503127333035, -0.30592587061, -0.402592384523, 0.862744883274,  
1774, 2554500.5408287146, 84.80194173798371, 140.23158624126262, 74.90767769028388, 58.055745985708754, -0.687483379696, 0.372827260089, -0.623190530076, 0.208777812234, 0.92339455585, 0.322109173023, 0.695541823157, 0.0913363474267, -0.712656469752,  
1782, 627787.7857002456, 53.11796366040664, 123.94882946216255, 63.539874138856696, 19.029854707344903, 0.938386569199, -0.304512737685, 0.163409422419, 0.203369730248, 0.868886582044, 0.451305728263, -0.279412597366, -0.390266703847, 0.877280172067,  
1785, 1309842.1632592329, 67.87504318645924, 106.69785845257836, 77.43428152967373, 37.84786456105801, -0.944309375481, -0.281830155053, -0.169857490508, 0.0677210882528, -0.671589705804, 0.737821876379, -0.322014995901, 0.685229181195, 0.65327430047,  
1790, 670283.0333415443, 54.2904205307988, 115.43287246491435, 60.51507467119368, 22.9074391001867, 0.587014730152, -0.162016910337, 0.793198731309, 0.726971051259, 0.536654570203, -0.428386464436, 0.356267872838, -0.828101680378, -0.432805741342,  
1808, 1438677.4498787639, 70.03120659560156, 125.42836214073373, 88.25857786857696, 31.025740135755463, 0.588537214543, 0.330568998866, 0.737799487724, -0.725694681171, 0.618255153898, 0.301873805421, 0.356358214186, 0.713081132598, -0.603758330389,  
1810, 1869241.0042711643, 76.41739519260055, 129.35218573367956, 83.48225721828183, 41.32460729755916, 0.537450381526, -0.509030286232, 0.672335671444, -0.787451145621, -0.588237528828, 0.184112202034, -0.301774387013, 0.628382667947, 0.716984966346,  
1826, 1553320.929767998, 71.8440591223465, 111.04499721416354, 80.82701204356896, 41.3158852748814, 0.49151305555, 0.0222600287851, 0.870585669157, -0.615908019041, 0.71563495119, 0.329429702238, -0.6156884182, -0.698119694432, 0.36545405175,  
1827, 564989.6885339202, 51.284245534824585, 121.50750703941144, 74.2409724107456, 14.952201813341317, -0.955773498859, 0.0698781882826, -0.285681741947, 0.263526947786, -0.227792064432, -0.937370963478, 0.130577818445, 0.971199162986, -0.19930283276,  
1832, 114756.66800784763, 30.146005464155788, 89.60482227893993, 38.97514708530383, 7.844588645385265, -0.421385858711, -0.0123599144137, -0.906797215806, 0.0102331480747, -0.999908265561, 0.00887373334949, -0.906823709857, -0.00554012443567, 0.42147368395,  
1875, 4153474.8275377853, 99.71817565369435, 119.27569451714389, 99.14526242976468, 83.8492249735428, -0.463008205743, -0.825648700454, -0.3223780775, -0.0558614095064, -0.335807501416, 0.940272739645, -0.884591942278, 0.453362487896, 0.109359728541,  
1877, 568417.9984817457, 51.38776592927101, 95.93877644648748, 76.53881862600393, 18.48005594889915, -0.392702057733, -0.904116722109, -0.168398475809, 0.655938337912, -0.403698648802, 0.637787031707, -0.644616157655, 0.140001263418, 0.751578110067,  
1896, 328281.5591202162, 42.79430320024255, 133.38934126652208, 47.97959157057085, 12.245603788498881, 0.0849876309879, 0.518323628465, 0.850951067192, 0.00111562514551, -0.854089948756, 0.520124134043, 0.996381381781, -0.0432547755638, -0.0731653362688,  
1900, 2212976.1349791507, 80.84057124587518, 115.3757250683706, 73.53154398012683, 62.27302929585672, -0.00360516081601, -0.75034472209, 0.661036913377, -0.999732980115, -0.0123838021928, -0.0195092263688, -0.0228247954153, 0.660930737275, 0.75009971953,  
1912, 1884361.4812589514, 76.62289140293092, 108.65243180325336, 71.08255650598207, 58.24694057584691, 0.65495355873, -0.666514852796, 0.356081152139, -0.633666020434, -0.741143586813, -0.221751117862, -0.411707675972, 0.0803998428308, 0.907762444045,  
1926, 1032200.1700658337, 62.693873845505244, 112.31694183521948, 58.29178773133908, 37.63766498429468, -0.704633752593, -0.498258921309, -0.505202258548, -0.660666541746, 0.720434616657, 0.210935259594, -0.25886482056, -0.482402332559, 0.836825545868,  
1942, 2258733.33036441, 81.39394850146668, 135.81213443108345, 87.8951004678555, 45.172394221441124, 0.319213321998, -0.252217971211, -0.913503667238, 0.478707886901, -0.788999541801, 0.385121386132, -0.817888509564, -0.56023728726, -0.131120432756,  
1947, 1059321.1233941503, 63.23822542532746, 128.21566844483124, 84.59947797177762, 23.31472187468023, -0.292540076514, -0.811322038428, 0.506139164256, 0.750140820747, 0.133554088431, 0.647651182746, -0.593050632477, 0.569139574642, 0.569535856549,  
1955, 343235.412688499, 43.4344666744697, 106.53708431729076, 61.975799136900015, 12.410250202349925, -0.447943264515, -0.777560263613, -0.441301334946, -0.89339599305, 0.370235212168, 0.254498501513, 0.0345026285521, -0.50825773395, 0.860513593445,  
1979, 1497904.9706278513, 70.9793281441837, 138.7127139825558, 70.78038708522863, 36.42222309863222, 0.405910149234, -0.820242204687, 0.403038058251, 0.382127589927, 0.552927526929, 0.740438825954, -0.830190011844, -0.146539672494, 0.537876071805,  
1984, 354240.7456406357, 43.893812216886815, 100.51835745394489, 52.0329191497742, 16.169117960338006, -0.886017760537, -0.46193956591, 0.0398040884798, 0.050663626987, -0.0111234638183, 0.998653826635, -0.460874955832, 0.886841646519, 0.0332591203595,  
1985, 1975427.9154696243, 77.8378549401293, 116.08126451988869, 84.44468668844536, 48.110305895914976, 0.688552739024, 0.274359263307, -0.671283934129, 0.663464108637, 0.135372854133, 0.735859746769, -0.292763560117, 0.952051041175, 0.088816174574,  
1989, 1396315.0969904931, 69.33698312706218, 111.45621333406895, 69.41924572024952, 43.08346753041887, -0.234623850738, 0.753121276496, -0.614621828081, 0.951334792371, 0.307838867431, 0.0140479365892, -0.199784287391, 0.581415148227, 0.788696813689,  
2016, 1363866.2387359347, 68.79566238881621, 101.63228971357942, 80.25336919117319, 39.91978426394931, -0.251172377534, -0.793393719971, 0.554471678154, 0.853124862462, 0.0891550174674, 0.514032442468, -0.457264043866, 0.602144324869, 0.654470630522,  
2030, 2012688.00737274, 78.32419677884393, 111.22737128461277, 72.13448355195555, 59.88709534951626, -0.861946594459, 0.333840418249, 0.38157390299, -0.082847911195, -0.835240520406, 0.543607851933, 0.500184257959, 0.436948335866, 0.747590703443,  
2057, 3491587.4624820114, 94.11194998435136, 131.44117266516068, 95.79672724389974, 66.19912036996244, 0.391813890458, 0.869835661768, -0.299779580293, -0.207608494972, 0.401015974632, 0.892235899807, 0.896315004928, -0.287353631622, 0.337708901769,  
2082, 1042048.417489415, 62.89263099884071, 129.68022831645436, 61.02740836771599, 31.434068506620346, -0.0472517506934, 0.085993870226, 0.995174520544, -0.969461240934, -0.243972229876, -0.0249490155508, -0.240649484487, 0.965962010295, -0.0948958391242,  
2114, 724344.9000242231, 55.71245108563598, 112.54909096372532, 47.61313461606401, 32.2691875724755, -0.777087725862, -0.301166954956, -0.552660050625, -0.566485551495, 0.717329938423, 0.405625294317, -0.274278665341, -0.628280371081, 0.728035019112,  
2131, 385049.2106017784, 45.131095544477986, 117.32622895681988, 37.807427681202974, 20.72313164808086, -0.458695870077, -0.706830499241, 0.538506029786, -0.32317015764, 0.697219407953, 0.639879790574, -0.827743407093, 0.119481138746, -0.54823818683,  
2146, 1101226.6526369539, 64.06134237812277, 123.73275407370895, 104.92960426986745, 20.24908437369087, -0.0973021067737, -0.855417901053, 0.508716536566, 0.651525817758, -0.441143952185, -0.617175924876, 0.75236055772, 0.271389439753, 0.600251083446,  
2150, 1399407.3237092388, 69.38812907903991, 118.35135074677534, 85.89448428507745, 32.86374391166588, 0.344169833562, 0.794093899877, -0.500961080169, -0.448415252385, 0.607794399316, 0.655369918129, 0.824906592951, -0.000919966445086, 0.565268313783,  
2159, 1237267.3302374124, 66.59755912892852, 114.03843312180652, 81.64965938777586, 31.722639616356208, -0.0672616591589, -0.923033105129, 0.378795137301, -0.0016647350958, 0.379758210976, 0.925084282568, 0.997733981512, -0.0615921101481, 0.0270797729541,  
2167, 1680135.970396251, 73.74828751791696, 90.10561363467593, 83.43521809201673, 53.352474437829585, -0.0365631641157, 0.906212961353, 0.421237704515, -0.36818112697, -0.404084040887, 0.837352223168, 0.929034871667, -0.124475526012, 0.348425100489,  
2168, 1277220.3712795475, 67.30682055888808, 93.99964554078997, 66.87802471188195, 48.50288527581286, -0.412564698346, -0.133910951561, -0.901031756782, -0.910780745056, 0.0428363652405, 0.41066224595, 0.0163952466985, -0.990067120384, 0.139636288337,  
2172, 1392668.5007677316, 69.27657068646272, 102.46330035321606, 88.97225721072425, 36.47003620535929, -0.943041511732, -0.0718754383054, -0.324817838978, -0.32074210572, -0.0627219986413, 0.945087536953, 0.0883018050106, -0.995439537217, -0.0360959689859,  
2183, 1684716.2333497442, 73.8152424290233, 107.96728403207536, 78.6993448395604, 47.334179974962936, 0.376460865193, -0.202963586757, -0.903926434744, -0.768447978633, 0.476571403275, -0.427044964512, -0.517460067167, -0.855386158428, -0.0234435248243,  
2196, 621846.6430933308, 52.94986960842041, 118.29558805129595, 59.389336891464325, 21.13088377075982, 0.407788283957, 0.908457839361, -0.0917227865459, 0.793533502976, -0.302913960592, 0.527776195118, -0.451678309334, 0.288006053031, 0.84441649575,  
2197, 1279780.0889705096, 67.3517544628155, 115.93956064628067, 73.31982154671275, 35.941292443709045, -0.962865660948, 0.0427344540716, 0.266577353505, 0.244483665497, -0.280857079445, 0.928087839717, -0.114531464112, -0.958797719731, -0.259979761458,  
2200, 2486700.6522247475, 84.04495190318086, 112.41127542350219, 93.25470598022366, 56.63100468149154, -0.709881687416, 0.429936803606, 0.557873045393, 0.454888668998, -0.324847216665, 0.829186700715, -0.537721385746, -0.842394581375, -0.0350297099728,  
2219, 2116584.0312026846, 79.64936210409373, 134.95001148028103, 85.52481516598438, 43.780612768411736, 0.594637542012, -0.3918120517, -0.702060901755, 0.408676633779, -0.604692063923, 0.683616059519, -0.692379666537, -0.693419659349, -0.199448172202,  
2223, 683213.6928842639, 54.63731103952125, 92.7303085842643, 50.77799196673229, 34.63942904216222, 0.00956224500859, -0.144593193045, 0.989444981793, 0.903928264189, -0.421852878169, -0.0703835377041, 0.427577193814, 0.895060309535, 0.126668013424,  
2254, 555064.5277153534, 50.98216664470099, 110.38035611310848, 39.80200232782758, 30.161862306626784, -0.967957346703, 0.238369911963, 0.0789832895867, 0.246090340385, 0.83784346384, 0.487296495442, -0.0499811897857, -0.491119247405, 0.869657268983,  
2256, 1739947.7630514835, 74.61323445722518, 119.03171522682442, 66.3372629223322, 52.60504063700777, 0.420133689795, -0.693269965008, 0.585546273421, 0.473315130969, 0.717944993502, 0.510419213099, -0.774248325472, 0.0627036037512, 0.629768043474,  
2262, 1128637.3315956418, 64.58851021282102, 133.09582337836267, 65.20143421797917, 31.048757523401225, 0.158463606264, 0.018003093142, -0.987200675713, 0.609635137677, 0.784705923396, 0.112167788144, 0.776681584949, -0.619606732069, 0.113372012311,  
2288, 1493424.5685533702, 70.9084884186914, 131.03872010729094, 81.42591356546713, 33.41430250001347, -0.972233989344, 0.234008601052, -0.00102205579248, 0.233914090963, 0.971948364099, 0.0245066434718, -0.00672815081083, -0.0235871184964, 0.999699144657,  
2292, 1081703.0234783674, 63.68050196641753, 137.684124610425, 105.25918027875221, 17.818682236105126, 0.660821682208, 0.290177409689, 0.692179005193, -0.189949699856, -0.827553898908, 0.528274224173, -0.726108680467, 0.480574255768, 0.491746447719,  
2306, 1655587.0870196451, 73.38733895807907, 117.88941949212251, 105.36180746146142, 31.820381317435466, -0.228875376346, -0.0560953690251, -0.971838140678, -0.172523965719, -0.980196906444, 0.0972085688065, 0.958045689597, -0.189914017836, -0.214665140333,  
2318, 1632935.921350796, 73.05111422693084, 105.90455895029322, 75.63408581776052, 48.66853971575176, 0.288221609557, -0.471553667434, 0.833405929013, 0.810914654713, 0.583069888542, 0.0494664315216, 0.509259979339, -0.661563786649, -0.550443121166,  
2327, 3041465.8650543718, 89.88035500766185, 108.95570504136091, 92.63906371178946, 71.93664926707692, -0.148262952466, -0.51821087937, 0.842303734664, -0.759272750275, -0.486081807804, -0.432700088758, 0.633658415565, -0.703691665877, -0.321395475637,  
2336, 3714135.4385792874, 96.07042436460125, 134.29719349886744, 99.26181534359058, 66.51505840076484, 0.670310354747, -0.288615246439, -0.683655810947, 0.301332124875, -0.736034959699, 0.606177769817, -0.67814672368, -0.612334694121, -0.406402809461,  
2338, 1719731.6553793668, 74.32313588672685, 124.72788774718306, 79.50759121885463, 41.399959123610365, 0.657850717271, 0.063275909026, 0.750485571562, -0.413893100687, 0.862880027085, 0.290052684975, -0.629225663009, -0.501432167091, 0.593835706923,  
2346, 1636528.066775052, 73.10464113710603, 114.01774532727818, 77.85980166317718, 44.009770808297134, 0.676508976168, 0.210503257942, 0.705708143328, -0.467688508479, -0.617417885863, 0.63250503022, 0.568861199416, -0.75794691939, -0.319238787096,  
2361, 1656682.4218145125, 73.40351972073141, 117.30335450772303, 81.59281269812327, 41.32266463157517, 0.380944048874, -0.419799400205, -0.823802218506, -0.88640555735, 0.0876174141365, -0.454541941563, -0.262995854581, -0.903377912243, 0.338735188821,  
2368, 808018.6261000548, 57.780006662537374, 110.35089555829836, 53.397335441377315, 32.73688212809115, -0.521291368835, -0.0418558208881, -0.852351687413, -0.840809021591, -0.145605266857, 0.521382101223, 0.145929770745, -0.988456977577, -0.0407100170609,  
2391, 327184.1465720622, 42.74656426770904, 155.7081337417137, 58.63575201745802, 8.555193640809778, 0.248499406427, 0.962792776709, 0.106198465727, 0.879143818607, -0.270208368377, 0.392547556182, -0.406637665755, 0.00418411001612, 0.913579937396,  
2396, 725597.7758966564, 55.74455392335529, 107.40476243569265, 48.62555754779538, 33.167993577746564, 0.222210807473, -0.396178917042, -0.890878567894, -0.479533336869, -0.839979268816, 0.253934256828, -0.848922926934, 0.370779036152, -0.37663346967,  
2404, 1030918.5051651917, 62.66791446917108, 102.50043197375862, 65.89867908214879, 36.43622044780136, -0.111462865845, 0.937674166778, 0.32915526199, 0.982582905062, 0.153543149031, -0.104667741284, 0.148683772543, -0.311755767138, 0.938456966216,  
2413, 814977.8234324524, 57.94541273752827, 133.62959456318364, 65.84241539955732, 22.113056560851028, 0.450270895973, -0.775822558993, -0.441990358715, 0.363087370407, -0.293142438512, 0.884440541921, -0.815735056063, -0.558718952337, 0.149697864411,  
2422, 734441.061805453, 55.97010395054458, 106.76331592972899, 75.36514907574751, 21.790927913862358, -0.71405264761, -0.540953199866, -0.444407979222, -0.661091139061, 0.729917711568, 0.173720005164, -0.230406862522, -0.417839406822, 0.878819041561,  
2428, 3204971.265481817, 91.46294413800267, 120.73126235419288, 98.89578577868627, 64.08228715977694, -0.750742612236, -0.602596410628, -0.270671564947, 0.0406387562311, -0.451092716282, 0.891551374184, 0.659343629426, -0.658325851851, -0.363143292819,  
2442, 1210604.7282063067, 66.11569773238674, 124.36538420004304, 84.71069061638414, 27.433171480939265, -0.0227728176629, 0.980306472721, 0.196164773383, 0.982446480398, -0.0143947915922, 0.185988448913, 0.185149431352, 0.196956872223, -0.962770833872,  
2450, 414389.0561830198, 46.249448249693465, 126.09515717871116, 69.9643422155994, 11.213585670370904, -0.153201033552, 0.140343495302, 0.978178484043, 0.159674444057, -0.973340646988, 0.164657392292, 0.97520947249, 0.181415788309, 0.126707523527,  
2457, 1578615.5093150882, 72.231935463605, 95.87252469760217, 89.13535783168307, 44.100506710051654, -0.659856616306, -0.363621520027, 0.657547440183, 0.731964766129, -0.11336403439, 0.671845351887, -0.169755197455, 0.924623158849, 0.340962149009,  
2488, 1119942.0889924166, 64.42221491937327, 121.99941901041132, 64.11748456699905, 34.18005196352749, 0.382636863329, 0.854112040359, 0.3522522581, 0.501168526725, -0.512181135294, 0.697495944411, 0.776156645686, -0.0903499151264, -0.62403345599,  
2490, 2659479.9433917818, 85.94805176055391, 123.65390018130061, 76.33930214536508, 67.25926320965036, 0.334507762609, -0.19205464262, -0.922615613895, 0.540905814958, -0.762562657174, 0.354850804183, -0.771702958462, -0.617748499094, -0.151199655318,  
2494, 3269747.2120787757, 92.0750272976629, 113.46337970667119, 92.00909388441231, 74.77201758799374, 0.468978427902, 0.447409858888, 0.761500920769, -0.600410996746, -0.470826164704, 0.646397213497, 0.647739044021, -0.760359875848, 0.0478224847906,  
2503, 2151152.111344024, 80.0806342093753, 100.24055164903045, 75.26428613389216, 68.06911701114936, -0.611572265977, -0.0210422602456, -0.790908709506, -0.789914083524, 0.0729562673218, 0.608862154932, -0.0448899113201, -0.99711313618, 0.0612396074404,  
2514, 2132408.2718453417, 79.84736394916999, 108.44355609883054, 81.19955533498421, 57.81284578683534, -0.55229079007, -0.832686152263, 0.0401080419929, 0.105407732575, -0.0220261874514, 0.994185122087, -0.826960756697, 0.553306984318, 0.0999364197263,  
