# Void_ID, Void_Volume, r = (a*b*c)**(1/3.0), a, b, c, vector_a, vector_b, vector_c 

9, 765972.8350389478, 56.75989536344418, 127.27014762466811, 61.91415902678873, 23.206424503493675, 0.306884767829, 0.951558704608, 0.0189148343595, 0.571637721984, -0.200174412992, 0.795713842527, 0.760954699098, -0.233380024997, -0.605377328492,  
16, 2459833.7695220485, 83.74117494146587, 124.58545133969076, 72.15234032188573, 65.32800530346778, 0.860014772104, -0.312217614878, -0.40360222091, -0.398218047596, 0.0839008031158, -0.913445697239, -0.319056387387, -0.946298481557, 0.052174758951,  
25, 1630560.9623665607, 73.01568161013282, 93.5495915201976, 79.66146922266188, 52.234594038886144, -0.898541341165, 0.437949752723, 0.0286962071851, 0.337071990811, 0.646739916681, 0.684185613106, -0.281079937432, -0.624441746091, 0.728743147145,  
29, 1603681.6699948725, 72.61224293653774, 125.62206279324579, 90.18428626553867, 33.793468005678285, -0.965204321651, 0.224909531835, 0.133402848379, 0.0606222397673, -0.30379909038, 0.950805477861, 0.254372878884, 0.925808735741, 0.279593675384,  
36, 3345376.6068879496, 92.77952301749232, 132.72428036943938, 103.58921508206342, 58.08867693048163, -0.0680750938865, 0.2029243843, 0.9768252023, 0.977566924731, -0.182040768061, 0.105943694649, 0.199320569095, 0.962124135972, -0.185979723936,  
50, 2230685.7131610243, 81.05564365433278, 130.15699652050984, 83.34818480487536, 49.08921781398309, -0.299225180339, -0.846720870945, 0.43991824031, -0.931147351629, 0.35980861359, 0.0591808342398, 0.208396019649, 0.3919203086, 0.896085693838,  
51, 1411464.303656188, 69.58683701692313, 97.01698653727516, 77.15480538260987, 45.01637593288117, 0.636107844942, 0.288148385326, 0.715777421855, -0.706213183849, 0.591141441422, 0.389634104244, 0.310853258887, 0.753340762382, -0.579523896982,  
53, 1698953.1822451202, 74.02258840212608, 133.92474809715765, 70.53680966023776, 42.935463036858685, 0.0668283693573, 0.932138303135, 0.355882217705, -0.26126759168, -0.327886009253, 0.907871141999, 0.962950265895, -0.153652037948, 0.22162544224,  
54, 603055.7945695578, 52.41106223905503, 120.12463484903259, 70.58394293484854, 16.979734291850857, -0.934778983123, 0.162052097177, 0.316112907853, 0.354423953014, 0.485377357921, 0.7992449449, 0.0239147285393, -0.85915536326, 0.511155697945,  
56, 3424977.4091133326, 93.50963618864895, 130.71709898504614, 89.38953483558257, 69.97614665286906, 0.606011207715, -0.172628893907, 0.776498345853, -0.306163688168, 0.85034637546, 0.42798929635, -0.734175872779, -0.497101907793, 0.462466735125,  
61, 3305059.878807765, 92.40530559097859, 124.8784313713463, 90.8036605326738, 69.58248451303263, -0.778952197497, -0.138109096538, -0.611685663938, -0.59710805894, -0.134621603559, 0.790783781955, 0.191560538637, -0.981225204175, -0.0223977393672,  
67, 784629.1022347216, 57.21702430766397, 123.0547066481575, 93.00595734849487, 16.36691421184438, -0.934849758762, 0.284223645057, 0.212774171677, 0.353112681438, 0.68189070662, 0.640575130982, -0.0369778683852, -0.67397476497, 0.73782833602,  
79, 984289.3119073758, 61.70846166469616, 104.73635274234137, 64.08480131574291, 35.009158461910395, 0.217684322875, 0.735307314134, -0.641822942372, 0.761316525698, -0.539411643315, -0.359766906142, 0.610746005532, 0.410314797243, 0.677223068043,  
104, 1328552.679149112, 68.19670473860582, 114.27250241907804, 71.98658646030832, 38.5564332825226, -0.509422627051, 0.127461190922, 0.851024225188, 0.0899137017125, -0.975671347431, 0.199952364445, 0.855806118985, 0.178378997114, 0.485568553446,  
111, 1552457.4483254151, 71.83074409960638, 101.44503380622034, 65.00108905738566, 56.205610799192115, 0.383546944922, 0.520599759617, -0.762802485135, 0.796100253828, -0.605032840919, -0.0126351598521, 0.468098415823, 0.602421075077, 0.646508098485,  
118, 2633710.520996026, 85.66954818058436, 106.85860495562264, 88.6521095956886, 66.37138105234826, -0.632976633641, 0.491609836971, 0.598047113076, 0.738407967519, 0.151301536118, 0.657161714248, -0.232581716326, -0.857570762889, 0.458778957526,  
124, 918052.1018871077, 60.291983735518784, 115.64832697299785, 56.7820606892905, 33.37553345873217, 0.332429277494, -0.506509674837, -0.79557446211, -0.678654847771, -0.714237308098, 0.171151001513, 0.654918600333, -0.483024861698, 0.581178638561,  
125, 712381.618819899, 55.40403121196712, 125.8211386052962, 93.40778003892153, 14.47062983414111, 0.291010014412, -0.702091201301, 0.649908544772, -0.741361517342, 0.263894775568, 0.617043473373, -0.604728263038, -0.661383014965, -0.443707375867,  
147, 352392.93540140823, 43.81735868214307, 111.45166670950448, 42.17789152247312, 17.896460694982952, 0.544622020802, 0.513900685837, 0.662791776921, 0.619435593682, -0.779253303442, 0.0952041719423, -0.565408170915, -0.358706529312, 0.742726885262,  
157, 1120678.0113464464, 64.43632260341535, 126.77392150155293, 60.16441897245832, 35.077011890476165, 0.00290956081436, -0.466113148791, 0.884720332636, -0.463338541438, -0.78465345349, -0.411869340864, 0.886176579737, -0.40872666961, -0.218251183447,  
172, 46774.43108836536, 22.351497998303955, 79.76427691201854, 57.77307505382211, 2.4231817417345414, 0.645631700103, -0.222460844334, -0.730527809574, -0.0610225017894, -0.968598029233, 0.241027201868, 0.761206911489, 0.111036167546, 0.638932709601,  
196, 1518670.3825371, 71.30581881923659, 88.75096708338546, 70.94038210149156, 57.58485751471545, 0.593752222265, 0.014029355792, -0.804525621551, 0.576834794822, 0.689670805706, 0.437739419335, -0.560999035684, 0.72398712484, -0.401400952949,  
198, 684847.823001427, 54.680837384923, 89.61233788865007, 62.41935617409058, 29.22929750671363, 0.147405841255, 0.150435781034, 0.977568715615, 0.397217463641, -0.914162163442, 0.0807825817246, 0.905808922755, 0.376399541333, -0.194508562129,  
199, 855188.1055483024, 58.88314719355667, 114.150674818148, 50.4041450483987, 35.483651616042636, -0.561313466992, -0.766947235136, -0.310996994023, -0.176395321887, -0.256275594993, 0.950372300642, -0.808586348011, 0.588315185873, 0.00856503831856,  
207, 2076236.354144785, 79.14000267383759, 100.02791043581492, 76.55313906231491, 64.72975773636071, -0.09685566849, 0.329214649804, 0.939274557217, 0.905030981636, -0.363573198999, 0.220756542934, 0.414171343479, 0.871454097084, -0.262735332447,  
215, 2085478.9336863342, 79.2572621335701, 137.76604473203932, 71.12439367354524, 50.81084656735254, 0.15047314054, 0.822658961401, 0.548260948092, -0.697258127825, -0.304837935113, 0.648771867838, 0.700848726301, -0.479902142674, 0.527735725812,  
219, 856122.324004041, 58.9045809590337, 97.67297083166173, 74.03843107803272, 28.262827495480398, 0.530565327714, -0.579519435893, 0.618593288397, -0.393985730104, 0.477556844238, 0.785311852066, -0.750516940183, -0.660376168516, 0.0250527155051,  
233, 1033369.335377519, 62.71753587244495, 138.14161430722513, 80.81238065477574, 22.09858840124476, -0.168687228895, 0.920810094445, 0.351643837961, 0.952191956364, 0.0600457969343, 0.299541283475, -0.25470590304, -0.385361223061, 0.886916924361,  
237, 2206898.7417558283, 80.76650050101892, 137.46327112138627, 69.10123696277478, 55.4652917594206, -0.937045068927, -0.328339020871, -0.118911842018, -0.34725670072, 0.84016959968, 0.41656671444, 0.0368689924417, -0.431634719581, 0.901294705548,  
265, 717249.9846567785, 55.52995388032078, 128.91723563928898, 107.05968706787151, 12.40637728872408, 0.297158056521, 0.72345241651, 0.623148209088, 0.878444944041, 0.048633646786, -0.475362228926, -0.37420792313, 0.688659109753, -0.621061237577,  
271, 1346980.1774950484, 68.51056226157765, 116.20835797891645, 81.23970599478751, 34.061744550672664, 0.669137779891, 0.577053777305, -0.468255880498, -0.22172615502, 0.756433573684, 0.615341986852, 0.709289886931, -0.307923995008, 0.634106197412,  
287, 1209409.1932259246, 66.09392633672825, 110.20720582584138, 66.17924860046912, 39.587022037267985, -0.106577311902, 0.126556295979, 0.98621741038, -0.655372705814, -0.754856531118, 0.0260429242317, 0.747748549355, -0.643564387903, 0.163392122091,  
288, 1417647.0886061592, 69.68829518882355, 97.20404822935629, 70.68030218799535, 49.26026809775805, -0.995473523553, 0.0912760643138, 0.0264791236275, 0.0917639149564, 0.995621118027, 0.0178318044852, 0.0247355577374, -0.0201809172909, 0.999490311489,  
307, 369502.70997658995, 44.51533775346509, 129.64850371760306, 88.79682405204181, 7.6623868930748715, -0.393969966934, -0.547005849936, 0.738628638282, -0.200754876662, 0.835431642681, 0.511616506676, 0.896930958687, -0.0532782370402, 0.43894906858,  
316, 2696056.966957656, 86.34028642724004, 99.61083827819955, 91.89385938908516, 70.3149008482332, 0.923888315588, 0.375184605781, 0.075278761316, 0.382662196784, -0.905755731356, -0.182143345384, 0.00015320972227, -0.197086444739, 0.980386102424,  
317, 212545.05617393614, 37.021510375092454, 121.6956754721786, 50.16496463072251, 8.311640343182464, 0.0275877046856, -0.958691500953, 0.283106913639, 0.763496252242, -0.162597746517, -0.625008356456, 0.645222745541, 0.233393613511, 0.72747166942,  
323, 1606179.5257476415, 72.64992307076561, 122.81113654490574, 81.5447574513589, 38.288793389476524, -0.75260927483, 0.162922766274, 0.637993300646, 0.6147185301, -0.173433845095, 0.769442545046, -0.236009339204, -0.971275899837, -0.0303762769839,  
334, 1974986.9570051718, 77.83206280855484, 116.69227341852141, 75.93774761587532, 53.207862216641914, -0.100121140665, 0.236857021273, 0.966371827334, 0.173090758813, -0.952296023465, 0.251340153788, 0.979803728512, 0.192434495781, 0.0543472025773,  
335, 3036271.935348472, 89.82916278036159, 123.17372880281398, 97.85489365738664, 60.13833747399992, -0.919163225117, 0.388538327316, -0.0646292023632, 0.366223340088, 0.782649284066, -0.503329477903, 0.144980794474, 0.486310668563, 0.86167424406,  
365, 1338963.3399777908, 68.37437334858409, 156.6939097898706, 83.22796195779588, 24.51086850316003, 0.523752167999, 0.00989084864689, -0.85181326453, 0.67314925544, 0.608000836683, 0.420957316712, -0.522066802639, 0.793874772055, -0.311783738956,  
368, 2840292.397251781, 87.85331374739508, 121.60989016084613, 86.9122886705443, 64.1540915255429, -0.998851746811, -0.0411976010482, -0.0244529254024, -0.0339896962976, 0.249696624157, 0.967727387455, -0.033762233908, 0.967447338904, -0.25081020316,  
375, 1467737.8965338857, 70.49959673796481, 134.56710060000108, 66.64296901191054, 39.072092118886246, 0.557765871337, 0.404942667987, 0.72451271101, 0.329252396837, -0.909237957297, 0.254713949731, 0.761899003772, 0.0964767985252, -0.640470245521,  
385, 1820660.594212395, 75.74956230718176, 126.58219210537523, 73.61928085738745, 46.641896419438176, -0.349176404188, 0.926364992522, 0.141151476745, 0.899484257154, 0.289124209215, 0.327620607987, -0.262685952974, -0.241360917041, 0.93420607889,  
397, 387957.08990953385, 45.24442027594586, 100.89391814832553, 52.50391090114663, 17.483905140499573, 0.22946625122, 0.199006984809, -0.95275466913, -0.844098982361, 0.528060839018, -0.0929981627409, -0.484605145999, -0.825559186426, -0.289153734505,  
400, 191345.3671161698, 35.74728921924632, 109.20466582876095, 48.82253327868702, 8.567770757456255, 0.211919763005, 0.975247828259, -0.0631006142895, 0.775880328992, -0.128635775698, 0.617626547594, -0.594221952751, 0.179845796966, 0.783936068939,  
416, 1154156.274909151, 65.07167748844707, 101.99418052400307, 67.45760437739152, 40.04697353748536, -0.929345189304, -0.106361890556, -0.353559991168, -0.126863442643, -0.807310448863, 0.576329338206, -0.346732153164, 0.580462735577, 0.736776646324,  
420, 727620.1539029186, 55.796296080459896, 111.42240124007127, 75.6796070064541, 20.599881813837296, 0.468312477866, -0.404594892759, 0.785484815784, 0.697599724925, 0.714899632273, -0.0476774533805, 0.542252751822, -0.570281937755, -0.61704170411,  
466, 666834.0010354511, 54.197140777466544, 82.39737056736112, 57.741872902734976, 33.459920689726474, 0.549079656191, -0.318575527037, -0.77267144682, -0.756164699786, 0.204420169943, -0.621632802319, -0.355986626091, -0.925592797992, 0.12865261113,  
500, 2718737.7358610984, 86.58172522523617, 131.02756221003114, 86.15322750668555, 57.49690836910451, -0.104119661789, -0.723892253195, 0.682011071606, -0.988869752459, 0.148628788432, 0.00678939765207, 0.106281271634, 0.673713209767, 0.731310332407,  
508, 938158.908988319, 60.728972420201075, 116.41308606063888, 76.33191979969837, 25.204600034730483, 0.377655135588, -0.314288853102, -0.870975955684, 0.657307454316, -0.571516949556, 0.491238523399, -0.652168313448, -0.758017739361, -0.00925190512312,  
539, 1460424.3990995605, 70.38230572826347, 119.70058815276028, 90.33505493244033, 32.24318041968204, 0.553000531018, 0.41840402549, 0.720505714167, 0.765317802184, 0.0867622085887, -0.637778159567, 0.329361616394, -0.90410751054, 0.272232501791,  
547, 1368406.0123286156, 68.87190907524895, 138.16681139352352, 57.35081708348598, 41.22712210514786, 0.235052871024, 0.927344885781, 0.291172819196, 0.560973753136, -0.374067478372, 0.73849981037, 0.793762304544, -0.0102461914825, -0.608141775777,  
551, 1045424.5038083338, 62.960478791758305, 74.56976156542338, 71.57657758481021, 46.759556431793875, -0.650613155957, 0.576733675147, -0.494045331166, 0.756612041885, 0.548075691777, -0.356582745176, -0.0651209595283, 0.605798071996, 0.792948899108,  
610, 2986553.9268006817, 89.33615375083964, 123.62195106911383, 102.87558512141062, 56.06267806329405, -0.767301966281, -0.00748235552045, -0.641242315273, -0.61016657343, -0.299191659124, 0.733608276793, 0.197343470147, -0.954163699512, -0.225004865111,  
615, 1677602.9094168274, 73.71120661645391, 131.49653731551464, 91.41732709492899, 33.3163737596979, -0.139540736767, 0.650539001449, 0.746543629252, 0.872100408711, -0.27635013017, 0.403821102324, 0.469008805791, 0.707410498331, -0.528773228276,  
641, 758367.2137120449, 56.57140694653016, 119.38530017180055, 79.22750056506858, 19.140978206279208, -0.134370717997, 0.462192076733, 0.876540355232, -0.380548885324, -0.840802632921, 0.38501101069, 0.914946477136, -0.281832249181, 0.288865933086,  
648, 739316.3246684696, 56.093675206190504, 78.99179036453317, 63.54700385656161, 35.16127786128374, 0.86510042431, 0.258183058549, -0.430049722866, -0.272482155891, 0.961716446167, 0.0292395604075, -0.421135050286, -0.0918857195116, -0.902331582053,  
663, 1261944.9274398845, 67.03741577391799, 91.58917294708229, 63.18135418590077, 52.06174559093102, -0.901983186423, -0.3641052445, 0.232064004831, -0.0872566869183, 0.680095465664, 0.727912376712, -0.422862391327, 0.636315588769, -0.645205292516,  
669, 2659195.428199079, 85.94498670032829, 134.7853038175143, 92.22160500954107, 51.07241895044407, 0.279297543046, -0.944792368523, 0.171348366873, 0.298950755221, 0.255141545882, 0.919527725258, -0.912480864677, -0.205597110744, 0.353706798991,  
689, 4115406.99192478, 99.41259121197513, 143.884039268621, 99.45067037230979, 68.66000734454614, -0.411469063684, 0.755406136317, -0.509955663607, 0.88317679903, 0.468681341972, -0.0183450631662, -0.225148731479, 0.457929436596, 0.860005046388,  
712, 3474195.333817544, 93.95542782597505, 113.76966578672621, 89.76390266569187, 81.21521809755467, -0.90889752793, 0.391092342531, 0.144748275762, -0.00595639284595, -0.359241390322, 0.933225666634, 0.416976983905, 0.84734432381, 0.328843111225,  
713, 237973.19341440152, 38.44263454992293, 113.54550188516099, 72.56061424588886, 6.895544165761233, -0.994684414719, -0.0108416025408, -0.102398118978, -0.0326430224219, -0.909949002689, 0.413433483879, -0.0976593477509, 0.414578427031, 0.904758188489,  
732, 2181688.22194061, 80.45777640946314, 110.76472151908744, 82.16666662369596, 57.22778661591709, -0.697436860993, 0.329006903102, -0.636660256839, 0.715886031701, 0.278939745971, -0.640077970042, 0.0330002203548, 0.902190155027, 0.430074307101,  
740, 2221815.1682621962, 80.94805896233301, 106.93123292596532, 88.64337720633377, 55.958807369695805, -0.537420587345, 0.823343763436, -0.182439468067, -0.605600952008, -0.527345760165, -0.595947930748, -0.586878692086, -0.209789171424, 0.782024235128,  
750, 1200250.4939513588, 65.92666315301958, 114.81375994499527, 66.26035890464776, 37.664790885844354, -0.195774885949, -0.929863270581, 0.311490757577, -0.104522792251, 0.335614090852, 0.936182764166, -0.975062654362, 0.150723190139, -0.162896715813,  
754, 1208304.0425184418, 66.07378812650701, 96.71848269423157, 60.353786170379216, 49.41668683367803, 0.403206769887, -0.888755943771, 0.218030211504, 0.396338855475, 0.384352616773, 0.833779693696, -0.824827140896, -0.249771772606, 0.507222090658,  
766, 1538303.6700098477, 71.61178332460693, 142.78595685054475, 73.5715371673054, 34.958930724712125, -0.711650112447, -0.452596267054, -0.537318096199, -0.702532456594, 0.456829680188, 0.545669122024, 0.00150495362875, -0.765808894142, 0.643066460614,  
772, 2460921.1894502444, 83.75351295772846, 117.66819697045014, 73.85712706840044, 67.60169532414353, 0.283713128185, -0.501561406907, 0.817277808335, 0.567810880349, 0.774683637474, 0.278309299138, -0.772720949019, 0.385099229979, 0.504579942147,  
773, 728145.343124139, 55.80971726164389, 79.99258043924621, 55.89110341807919, 38.880968702696684, -0.164356617055, -0.829755748004, 0.533378197047, -0.961214834038, 0.256137625579, 0.102271988283, 0.221478995065, 0.49588195714, 0.839671447251,  
785, 562035.6160173704, 51.19470868733104, 96.29417875365363, 48.40761538329006, 28.784686598173074, -0.230435834313, 0.918767462821, 0.320570858821, 0.972597203089, 0.227919459518, 0.0459064321996, 0.0308870006405, -0.322364807685, 0.946111475439,  
813, 928556.234660968, 60.521061085123065, 116.33058064648696, 61.014176366900536, 31.23165166058111, -0.0628878432462, 0.927450440886, 0.368620128144, 0.0383296875579, -0.366834255635, 0.929496349613, 0.99728428957, 0.0725831150717, -0.0124794704588,  
830, 633938.0204232258, 53.29086014002203, 89.65980785762422, 50.897179403711164, 33.1639819996165, 0.259652502172, 0.929135561789, -0.263225541949, 0.800692220639, -0.359518128227, -0.479206305555, 0.539881974068, 0.0863355274183, 0.837301397814,  
833, 794949.3435883832, 57.466791290240344, 128.45748860652708, 71.40404704549691, 20.690385915701242, 0.66904381112, 0.710684456492, -0.21750398181, 0.211128854235, 0.098857499836, 0.972446297559, 0.712604368294, -0.696530543499, -0.0839059965734,  
834, 1557863.0630897172, 71.914018422745, 101.34389523225715, 68.81402501230593, 53.32932875140427, 0.694611322837, -0.26654091742, -0.668184891723, -0.656608579738, 0.144569662283, -0.740246435832, -0.293905228262, -0.952919488776, 0.0745933288692,  
852, 2436391.701842747, 83.47430928171062, 117.07049341591271, 97.27803236150189, 51.07357708907723, -0.178483989833, 0.666939403112, 0.723419171677, 0.599069995199, -0.509586538954, 0.617605618635, 0.780550194559, 0.54361143466, -0.308590346383,  
853, 2817099.739125731, 87.61353525298661, 100.98446056029009, 90.78741603473992, 73.35562280470003, 0.44347381508, 0.896274985167, 0.00470386030701, 0.570606467953, -0.278279157303, -0.772637670154, -0.691186830075, 0.345328628373, -0.634829823147,  
858, 1460245.3291076098, 70.3794289676717, 116.91444794871461, 91.3358512381946, 32.64583283046837, -0.209110075353, 0.863544707432, 0.458872002472, 0.336052605578, -0.377210106532, 0.863007057801, 0.918336334178, 0.334668602944, -0.211318015164,  
880, 1537770.3035708435, 71.60350586550996, 110.98464752736918, 79.78484239926341, 41.459070575784764, -0.32020377863, -0.946608905156, -0.0374315485896, -0.941144964944, 0.31334408888, 0.126734513549, 0.108239064628, -0.0758093836064, 0.99123016613,  
895, 896123.0567053721, 59.80805523229693, 123.93386132686483, 55.22141167375404, 31.259466136263583, -0.918102589314, -0.285099721601, -0.275328502409, -0.348479397732, 0.24973065756, 0.903436056415, 0.188811400216, -0.925393293372, 0.328629742614,  
900, 1769651.824099293, 75.03543528696837, 145.28330883930832, 57.82058586069997, 50.29224338348957, -0.135858231413, -0.987627107067, 0.078327762284, -0.975220543773, 0.147246770356, 0.165115958114, 0.174606506068, 0.0539544808797, 0.9831589302,  
924, 3128973.601441704, 90.73421716882572, 120.42786725810977, 90.78438348019108, 68.3242929303282, -0.262143290875, -0.680585697562, 0.684166648795, -0.964999894196, 0.190373218084, -0.180369737036, 0.00748994333714, 0.70750346014, 0.706670188021,  
930, 3101493.9601050024, 90.46781685159765, 110.5641186889176, 106.97252076582149, 62.60310760800304, -0.52022792608, -0.27681855311, 0.807919794027, -0.670052247387, 0.718852276279, -0.185152344465, -0.529521378887, -0.637669893866, -0.559449922476,  
932, 2608591.561876094, 85.39632052050827, 146.88296629176247, 78.24176883592087, 54.18853141666963, -0.616717875058, 0.448024805002, 0.647250211809, 0.786271112267, 0.311004000561, 0.533904719636, -0.0379051526674, -0.838182728132, 0.544070688113,  
935, 805035.4275581448, 57.70881119300654, 101.29091224807311, 64.0552558072486, 29.621096519111028, -0.119037537314, -0.854531339264, 0.505575172379, -0.420152516341, -0.418006199804, -0.805445640585, 0.899612098475, -0.30829694637, -0.309275063877,  
958, 752423.4278472887, 56.42322427680507, 89.3022718298601, 61.88048331803384, 32.5055482739292, 0.00361207412295, -0.939149999318, 0.343488328334, -0.999790279185, -0.0103157880346, -0.0176913019413, -0.0201581389935, 0.343352389388, 0.938990301406,  
961, 2123363.127612683, 79.7343064074814, 136.79189589083396, 93.39124984714911, 39.67976632163608, 0.0149114661469, 0.883559692016, 0.468081102826, -0.258065818181, -0.44887182917, 0.855520960856, 0.966012257512, -0.133552804622, 0.221323217747,  
965, 2412667.1734466488, 83.20247947195688, 145.13992379352092, 78.60411448240833, 50.48665945738659, -0.958597258855, 0.275415739839, -0.072370336214, -0.149073123724, -0.268809568488, 0.95158742093, 0.242628314708, 0.922977565349, 0.298737200167,  
975, 2754359.255026216, 86.95822346799174, 136.6028645521998, 74.80927966384219, 64.34528020490202, 0.546049427968, -0.617198120985, 0.566477273744, -0.401910784527, 0.400291484318, 0.823549906723, -0.735049483706, -0.677372280976, -0.0294796449814,  
984, 2017615.1269328182, 78.38805800979598, 107.46664247428383, 81.05216572537705, 55.29825306154883, -0.894401881431, -0.133166026952, 0.426980191295, 0.0765443088021, 0.894991338824, 0.439467259555, -0.440665681989, 0.425743247388, -0.79028883582,  
992, 1448865.5101627093, 70.19612764024568, 131.29311435503175, 71.89476437308238, 36.64377856702114, 0.700721190708, 0.150273982329, -0.697429238797, -0.398270238944, 0.893458014812, -0.207638128818, 0.591921134666, 0.423261746444, 0.685914618836,  
1022, 666181.5652654839, 54.17945936964461, 106.05899844135766, 57.51792075837915, 26.070736584061205, 0.505154798611, -0.850465000793, -0.146723930791, -0.804353365122, -0.52557287021, 0.277107961122, 0.31278473981, 0.0219645288184, 0.949570042712,  
1029, 2486936.802622106, 84.0476122717213, 133.97524546421332, 100.83546700524928, 43.94791385009228, 0.610850289186, -0.766885138086, 0.196847934163, -0.224365026656, 0.0707660533431, 0.971932353874, -0.759290628821, -0.637870951429, -0.1288347403,  
1044, 1763489.6268599064, 74.9482390594883, 121.39104751333237, 63.56651798358532, 54.55935387992312, 0.790890698304, 0.591569342922, 0.156644871771, -0.415304309084, 0.330852169475, 0.847383722295, 0.449459936138, -0.735243194099, 0.507349200588,  
1045, 1604563.685684048, 72.62555260199795, 124.8947403336807, 75.25671809047384, 40.754814931819666, -0.452233595856, -0.348689013916, -0.820914579206, -0.0560676539065, -0.907476773017, 0.416343997939, -0.890135491352, 0.234311497815, 0.390841309264,  
1049, 393131.87764687114, 45.44469752029303, 127.84820577951855, 97.97903774843905, 7.492415331282408, 0.172807106383, 0.365096542452, 0.914790805962, -0.402299564036, -0.821596794978, 0.403898213983, 0.899051035681, -0.437816424055, 0.0049004151057,  
1056, 1410298.0354600109, 69.56766560800949, 101.23275527102987, 85.72233084886271, 38.79781457103509, -0.974328308004, 0.106767946773, 0.19820432327, 0.223831091793, 0.553904125476, 0.801928838568, 0.0241658967943, -0.825706258498, 0.563582455466,  
1075, 1999676.108877367, 78.15504476992754, 126.81325651949565, 79.39910085952353, 47.41227656003008, -0.463934545091, 0.805420948065, -0.368865604643, 0.884823838356, 0.401080178668, -0.237110660574, 0.0430292104207, 0.436384906587, 0.898730604994,  
1086, 1029031.5442534866, 62.629655988642355, 93.25279298908431, 90.32247411310038, 29.166371638125806, -0.288263291725, -0.220290830433, 0.931867063841, -0.34693788148, 0.931082137493, 0.112783685151, -0.892489989321, -0.290788588616, -0.34482403584,  
1088, 292975.4460795879, 41.20161171157937, 110.55090386691789, 55.73524886410853, 11.351424697804372, -0.920643230026, -0.384807548128, 0.065872558102, 0.00193786635123, 0.16422240172, 0.98642143501, -0.390400163527, 0.908269868308, -0.150444536763,  
1090, 897678.5470238595, 59.84264016806962, 124.65040008544027, 90.19401463870544, 19.061665407345473, 0.233257407721, 0.966474550186, 0.107321598879, 0.554636503348, -0.0415769836687, -0.831053369877, -0.798729823468, 0.253373831072, -0.545740204521,  
1114, 1915150.6862418314, 77.03796113931634, 139.76560431999178, 85.68166284945471, 38.179140577465645, 0.81961709711, 0.285365143287, 0.496784207802, 0.105761508428, -0.927582661604, 0.358336307435, 0.563065109432, -0.241157916909, -0.790443256441,  
1129, 2171657.8150444617, 80.33428424831827, 119.48325320120665, 80.82047725558934, 53.68764281355141, 0.551001656665, 0.737947854165, -0.389653870617, 0.774595534653, -0.625992050403, -0.0901981736359, 0.310481774099, 0.252124805139, 0.916533769474,  
1136, 839626.8761432483, 58.523807636203365, 117.95864053814442, 60.487166636482044, 28.093427124866558, 0.81472829941, -0.0898122051783, 0.572845150054, -0.363937817152, 0.689895906252, 0.62577384396, -0.451405652808, -0.718315673182, 0.529391660564,  
1137, 3635208.2386812014, 95.3850316667216, 109.46421752510986, 100.54703217163967, 78.84955588824455, -0.453193916009, 0.638683810304, 0.621850677372, 0.890968701166, 0.346542064441, 0.293399678112, 0.028107793152, -0.687016439416, 0.726098040168,  
1144, 1243631.5821042047, 66.71155200592828, 122.71833174558036, 67.06537786555032, 36.07408419000622, 0.816928642428, -0.200385819696, -0.540807836894, -0.399349797239, -0.873076536069, -0.279744707923, 0.416109760311, -0.444502964479, 0.793265265812,  
1145, 1514675.2527426148, 71.24323640596616, 95.46438270440844, 64.58128724325063, 58.65200388814919, 0.748457349122, -0.661448385323, -0.0479336009312, -0.38172970924, -0.48879103406, 0.784452518707, -0.542304366227, -0.568831573117, -0.618333741434,  
1146, 1120076.3588188842, 64.42478934235602, 104.92017141063452, 66.55797032146913, 38.2912867137925, -0.245501278341, -0.178266624919, -0.952864173307, -0.952589116723, -0.137879211106, 0.271225547921, 0.179730623527, -0.974274259942, 0.135965324189,  
1147, 1571558.6077696548, 72.1241416189555, 104.97582751069295, 74.92199135481374, 47.70274311721414, -0.888959210375, -0.0907622463566, -0.448902814567, -0.0722661213244, -0.940089101189, 0.33318176651, -0.452248969041, 0.328625465328, 0.829141829568,  
1148, 3209254.524627377, 91.50367098261016, 123.97883056394402, 100.02842026339219, 61.77953103036386, -0.341241604814, -0.775739381757, -0.530831968456, 0.714716511908, -0.580925684407, 0.389494103681, -0.610519839768, -0.246482779899, 0.752669757904,  
1149, 2539179.7391249444, 84.6320664116659, 118.25060600420545, 87.11917587514826, 58.842037334607916, -0.627300377231, -0.061955183244, -0.776309082772, 0.745005211302, -0.338108600783, -0.575021572821, 0.226851210838, 0.939065561793, -0.2582525872,  
1150, 2898216.008809694, 88.44651266709852, 108.48050239099317, 89.30458934955625, 71.41947873574945, 0.0815974509319, 0.648571795854, 0.756767125095, -0.542072598807, -0.608292893375, 0.579773277663, 0.836360660017, -0.457530743768, 0.301937849372,  
1151, 2965963.334028312, 89.13037276562059, 113.94094848882439, 92.57929005474166, 67.124875334275, 0.650837141391, -0.226584222878, -0.724617557977, -0.196164571396, -0.97220543646, 0.127812559037, -0.733437438583, 0.0589591321288, -0.677195204076,  
1152, 3285610.307921795, 92.22368703807732, 117.81968613513622, 84.23446630860951, 79.03505374879292, -0.626509699274, -0.219483074026, 0.74787216617, -0.0205119455931, 0.963842482589, 0.265682007004, -0.77914366891, 0.151112041127, -0.608358688788,  
1153, 2513538.7753187628, 84.34622692729302, 120.69795623059855, 76.31383779701845, 65.14690215188737, -0.852544355184, 0.513943701363, 0.0950262820103, 0.0902614110603, -0.0343041085872, 0.99532713507, 0.514801903762, 0.857137736868, -0.017143509555,  
1154, 1716862.792690886, 74.28178417405901, 96.6710594413012, 80.82565613580853, 52.45673580638049, -0.693474977093, -0.0125822724621, -0.720370836837, -0.715875346938, -0.100835710138, 0.690908566459, 0.081332304725, -0.994823525044, -0.0609197031142,  
1155, 439453.4534830342, 47.16372417262042, 130.57512085285848, 68.11527894198029, 11.79557989433995, 0.378418042535, -0.438078221442, 0.815406191405, 0.324804385715, 0.88774544995, 0.326205651566, -0.866776727943, 0.141405402978, 0.47822862305,  
1156, 2535267.0938403825, 84.58857395629678, 112.43467930144368, 85.5453909371855, 62.92717125122803, 0.420729166735, 0.760048128315, -0.49529164227, 0.472586964305, 0.282407450044, 0.834809914489, 0.774369762728, -0.585297253371, -0.240371786549,  
1157, 3357071.657229444, 92.88751277504724, 113.68873284142205, 90.98747653168853, 77.47702851688591, -0.551949302326, 0.284111020035, 0.78398526514, 0.187038373932, -0.874032293891, 0.448424125035, 0.812630675239, 0.394142712137, 0.42928185162,  
1158, 2492376.2689748397, 84.10884439338783, 115.567267303164, 84.9039222681754, 60.64044791040882, 0.486022031113, 0.209229885835, 0.848531343054, -0.339704909255, -0.849340867145, 0.404005774742, 0.805222428836, -0.484605970114, -0.341721953977,  
1159, 2826652.1143976646, 87.7124517827547, 115.24917807056401, 88.56372204070277, 66.11348574882842, -0.156602222172, 0.963029196349, -0.21920426773, 0.813443829138, 0.251639344196, 0.524391816574, 0.560165047864, -0.096189435141, -0.822777437536,  
1160, 2066012.8595189017, 79.00989240143603, 113.86307343833407, 77.14304239965405, 56.15193750275559, -0.949702284243, -0.204505355031, -0.23715634309, -0.300133265699, 0.378306494753, 0.875673580079, 0.0893621515225, -0.902807706985, 0.420657402269,  
1161, 218501.3815991577, 37.36415738090052, 86.8058662423695, 35.51474272737545, 16.920291076223158, -0.983692576194, 0.0435954178446, 0.174494570356, 0.166877968051, -0.140648694759, 0.97589430188, -0.0670869534258, -0.989099279246, -0.13107996214,  
1162, 2177052.7122913967, 80.40075218139837, 106.03303191760156, 91.17629026935461, 53.75974964468603, -0.104824869029, -0.178347460053, 0.978367993306, 0.14299806235, 0.970861552487, 0.192300286185, 0.984156136493, -0.160062579622, 0.0762670938725,  
1163, 2739443.4497781736, 86.80096967464618, 107.5278714237051, 81.3200638775362, 74.7919696519703, -0.218652905798, 0.974626149946, 0.0479038059723, -0.0651847796423, -0.0635706993815, 0.995846228432, 0.973623054005, 0.214622072538, 0.0774307089612,  
1164, 3255676.737179803, 91.94276405054391, 106.07827904552829, 99.97720788224046, 73.28670530606098, -0.997809629496, 0.0150060634983, 0.0644264025276, 0.0655490282218, 0.0932079773266, 0.993486586654, -0.00890326813804, -0.995533571017, 0.0939874502021,  
1165, 2815234.9089145237, 87.59419852992679, 105.63762355019556, 95.95550296749533, 66.30366283660146, 0.598538713666, 0.594819881933, -0.536601077431, 0.775705340916, -0.597634393621, 0.202766751799, -0.200081564162, -0.537608072501, -0.819112280499,  
1166, 2472884.830277147, 83.88901473700083, 96.19912041984783, 83.75109020075026, 73.27464295661409, -0.573665017024, -0.382901072096, 0.72408232766, -0.816306363329, 0.34007934411, -0.466893950376, 0.0674712489184, 0.858913737635, 0.507656204406,  
1168, 213257.64886200562, 37.06283781618654, 125.59271404324672, 28.978951948161953, 13.988427207588947, -0.676218558393, 0.0960572815401, -0.730411842694, 0.715799387295, -0.148825713895, -0.682262518413, 0.174240346742, 0.984186926121, -0.0318809664304,  
1169, 3498042.8534231633, 94.16991362901736, 116.62587798329126, 88.5826587718389, 80.83377827195717, 0.303534560007, -0.821911666867, 0.482004131464, -0.809895728697, 0.0439289376564, 0.584926625377, 0.5019319471, 0.567918533157, 0.652328797599,  
1170, 993081.5658567064, 61.891656094201174, 120.62510581558692, 69.8493116451161, 28.138210429639017, 0.324904755628, 0.640664086482, 0.695691331024, -0.362936034242, -0.594815388913, 0.717267096806, 0.873335178966, -0.485534943546, 0.0392617342497,  
1171, 4354504.889117201, 101.30169786377525, 132.95361150557648, 96.61237921399784, 80.9314379890082, -0.0539970890749, -0.656525215086, 0.752368896438, -0.961292085042, -0.169697994464, -0.217071688412, -0.270188529747, 0.734967504473, 0.62194929517,  
1172, 792168.0287710471, 57.39969267272355, 119.30182033398937, 74.48032599962399, 21.283353686780462, -0.955071957689, 0.258291080907, -0.145338477908, 0.060950144925, 0.651081555755, 0.756556599066, 0.290039024047, 0.71370759088, -0.637572614884,  
1173, 1631747.7684503642, 73.03339216937111, 98.89922332017824, 85.73100302903525, 45.94451086132055, -0.959767903938, -0.262766225598, 0.0989923292724, -0.166996030654, 0.817571368337, 0.551080196905, 0.22573855744, -0.512377759432, 0.828559675174,  
1174, 3289562.5604399405, 92.26065076923749, 101.66069625637357, 94.64141472753052, 81.62350453834253, -0.37509369849, -0.899485102154, 0.224123332913, 0.052719915436, 0.220685267903, 0.973919207659, 0.925486535758, -0.377126720789, 0.0353568748182,  
1175, 325487.1475486356, 42.67253189519248, 81.29122956055458, 46.72563654524773, 20.457205887648975, -0.593687527531, -0.7934307142, 0.134174593041, -0.802105128342, 0.596860505681, -0.0196188645366, 0.0645173057511, 0.119269604351, 0.990763482743,  
1176, 2187299.2350734295, 80.52669294310286, 115.43967418991552, 95.62345965272625, 47.304237560860585, -0.362533712989, 0.927189498189, 0.0942811826161, -0.739949834836, -0.224857668084, -0.633966301179, -0.566607049792, -0.299597502581, 0.76759220135,  
1177, 1905480.0095658845, 76.90807288566636, 120.24727671713978, 98.50743732154884, 38.40356281807761, 0.610452672318, 0.116147352076, 0.783490476946, -0.3552170366, -0.843986087869, 0.401881002776, -0.707932476843, 0.523638497524, 0.473956044525,  
1178, 2644601.9147241917, 85.78747781283705, 106.07660944961091, 92.39245555029585, 64.41923442199311, -0.887563582918, 0.404856680254, 0.219822552828, 0.349245997001, 0.280144944167, 0.894173385779, -0.300429891749, -0.870407880658, 0.390041025319,  
1179, 3303999.416948188, 92.39542147508044, 104.98842097861623, 97.47923720198905, 77.07221254414385, -0.665504010041, -0.236605168827, 0.707899997672, -0.741584564254, 0.102107515125, -0.66304327869, -0.0845975571748, 0.966225672107, 0.243415701796,  
1180, 3277621.4834963987, 92.1488803593349, 129.69196746205407, 94.26507956795275, 64.00387541313566, 0.591957172112, 0.0344029506304, 0.805234837407, -0.334710149928, -0.898367028329, 0.284439445131, 0.733181984176, -0.437896242732, -0.520279788845,  
1181, 3495031.060002772, 94.14287929624278, 124.43010654420355, 85.69919161532192, 78.24565528885663, 0.297401651776, -0.919351528766, 0.257575278468, -0.64086061399, 0.00775160204562, 0.767618125178, -0.707707517946, -0.393360749468, -0.586870845945,  
1182, 1235107.568679692, 66.55878588027761, 112.75827740680211, 83.89361699930164, 31.170144969356933, 0.104995666039, 0.902312786899, 0.418099921923, 0.473641442838, -0.415049782775, 0.776786625429, 0.874436786589, 0.116470221163, -0.47095115866,  
1183, 3115720.5931997336, 90.6059319598993, 102.83956732342548, 89.40396304987557, 80.90081268032662, -0.774775398262, -0.535716798311, -0.335753770278, -0.628403974289, 0.594130073747, 0.502113433964, 0.0695091889364, -0.600014139397, 0.796963929659,  
1184, 2154973.225356303, 80.12802218478213, 131.48876960358547, 77.44298816992179, 50.52222931416149, 0.217920704495, 0.655879416136, -0.7227259218, 0.746134352476, -0.589313475283, -0.309827622888, 0.629121685056, 0.471732783828, 0.617797771163,  
1185, 3377090.2265131567, 93.07177964154191, 113.28626467616469, 89.23679854862712, 79.75039011406223, -0.765572221442, 0.519305593085, 0.37976423574, 0.622405904532, 0.448453444325, 0.641482968033, -0.162819113619, -0.727469043509, 0.666542366978,  
1186, 2422798.1168741337, 83.31877435396339, 139.25106646574764, 100.40356031980677, 41.36956696848135, 0.401972112923, -0.3921518782, 0.827426930222, 0.859955491682, 0.472036382836, -0.194057222503, 0.314475710921, -0.789555924367, -0.526978623416,  
1187, 3156385.2618741565, 90.99840898456178, 112.96302753167564, 86.63583250593524, 76.99588605577695, 0.298261287237, -0.252495639106, -0.920481480948, 0.552346652946, -0.740838238601, 0.382193510157, -0.77843007362, -0.622418393413, -0.0814982455354,  
1188, 3343971.3588490444, 92.76653030966742, 107.59843998637773, 93.20643780547708, 79.60164719849297, -0.415728618931, 0.551094321804, 0.723508648101, -0.0261922103412, -0.802436053791, 0.596163021072, 0.909111480248, 0.228891738713, 0.348030010818,  
1189, 2569352.9450011393, 84.96597635368816, 111.51984463613208, 87.88203199701374, 62.586823640761565, -0.188280370002, 0.672401615142, -0.715839765748, 0.981295610906, 0.158571128795, -0.109151826044, -0.0401176555631, 0.723001566434, 0.689680584507,  
1190, 352794.11444867577, 43.8339802220181, 132.40817726950266, 94.7120092024277, 6.716033676364432, 0.892055612374, 0.429145983935, 0.141670423536, 0.39595609341, -0.89328982529, 0.212725316135, -0.21784296299, 0.133667544698, 0.966787169428,  
1191, 3376009.801880639, 93.06185317011844, 108.74686330855607, 97.21311598990702, 76.23834968895888, -0.769980205937, -0.508794766281, 0.385043332977, -0.626382836528, 0.717696032291, -0.304231732956, 0.121552558873, 0.47543694749, 0.871312047657,  
1192, 3136919.5687484643, 90.8109581683986, 122.57379396971528, 88.26593844106627, 69.21878986173625, -0.289964330237, -0.324348698402, -0.900399138735, 0.145088361688, -0.94484296213, 0.293634371653, -0.945975715594, -0.045493941994, 0.32102997796,  
1193, 3292312.220417724, 92.28634970479202, 100.46308953242601, 96.30611938893891, 81.23664728540817, 0.335412175004, 0.927371918501, -0.165770919144, 0.656917630961, -0.356362981847, -0.664428063301, -0.675246546819, 0.113959422359, -0.728735446554,  
1194, 2930217.0912766643, 88.77085359549073, 115.28913880087504, 85.65127457561488, 70.84169808232038, 0.0605700788489, 0.174998979646, 0.982703730873, -0.952531120209, -0.284140502101, 0.109309835331, 0.298355041155, -0.942676790946, 0.149481561501,  
1195, 2784184.2867495483, 87.27096728777089, 108.62224404289019, 89.89572528735387, 68.06934277124958, 0.238293892776, 0.784724501559, -0.57220929503, 0.31073776939, 0.496605613705, 0.810447347525, -0.920140238953, 0.370931693294, 0.125505456335,  
1196, 849775.3315997532, 58.758653736578076, 117.2276150395852, 86.68843174134221, 19.962936924690474, 0.374427818464, -0.173130330253, 0.910949887484, -0.353482521187, -0.934880325945, -0.032386469014, -0.857236207807, 0.309878467962, 0.411243746601,  
1197, 2337850.7240470555, 82.33340109594597, 111.01697527016282, 102.76005216101714, 48.923155555224845, 0.197581118501, 0.283868772647, 0.938285788834, -0.668081413883, -0.661455438142, 0.340798955069, 0.717376418651, -0.694186735157, 0.0589563456801,  
1198, 3460944.959188486, 93.83582884219227, 126.50615687859964, 98.0058453892425, 66.64114365200821, 0.481546834522, 0.875056723584, -0.0488710207814, 0.353973592004, -0.143175560358, 0.924231277917, 0.801757658102, -0.462359697018, -0.378692709525,  
