# Void_ID, Void_Volume, r = (a*b*c)**(1/3.0), a, b, c, vector_a, vector_b, vector_c 

23, 3136365.353230025, 90.80560984228865, 137.6991864269535, 81.19984402066662, 66.96555446012536, -0.947045795164, 0.170446178741, 0.272125636452, 0.319588113309, 0.418244315987, 0.850255920283, -0.0311078718839, -0.892199412854, 0.450569093491,  
68, 2917544.2342971675, 88.64269403044392, 107.22983862343527, 88.77165711394, 73.17097813317116, 0.677258573266, -0.464740731599, 0.570383096989, -0.197692013786, 0.631788310922, 0.749507436833, -0.708688007958, -0.620370520394, 0.336008518943,  
88, 3284310.3247081926, 92.2115223716418, 138.0444258396676, 101.93632641201674, 55.719565753964496, 0.377588180621, 0.747083932425, -0.547076561157, 0.550890331794, 0.293640516698, 0.781213856309, 0.744276163928, -0.596356306972, -0.300686126955,  
91, 2527473.7768551786, 84.50181094738038, 111.75944821253091, 88.4324787546324, 61.05229608836688, 0.396936719094, 0.538526735282, 0.743256480915, 0.832457649588, 0.129851247576, -0.538658440151, 0.386594752522, -0.832542857089, 0.39675797211,  
116, 660314.7865283991, 54.01994501107689, 158.99834030138868, 54.139233445210145, 18.312925136233325, 0.187668055161, 0.252250127537, 0.949289510228, 0.369870832845, -0.913470114826, 0.169611073725, 0.90993201289, 0.31928392142, -0.264729124654,  
177, 762172.6274911246, 56.665872410087374, 79.18132295075259, 64.10864708763748, 35.844734898398265, -0.161711450879, -0.257825864509, 0.952562454774, 0.774911067314, -0.630853680435, -0.0391978524373, 0.61103375063, 0.731812446923, 0.301808379804,  
188, 444339.26377290173, 47.33786795967531, 124.95337369711577, 60.8108655473001, 13.960369409318696, -0.471458104357, 0.822232074486, -0.318844274722, 0.865803859006, 0.500285346823, 0.00991208778559, -0.167663155064, 0.271383469358, 0.947755284339,  
220, 3240096.912188649, 91.79586748070474, 143.92427776371144, 99.12403149234493, 54.219608228010735, -0.757607052504, -0.481803110952, 0.440337729787, -0.637308012024, 0.400341270414, -0.658456805731, -0.140961171274, 0.779482282981, 0.610358352702,  
231, 599966.9922793722, 52.32142731027695, 143.83691742898247, 84.86727310566447, 11.733515018674423, -0.986731814772, 0.161225840493, 0.0191456019448, 0.0122220092171, -0.0438262841027, 0.998964403426, 0.161897956155, 0.985943956409, 0.0412742851388,  
256, 1563080.218777544, 71.99420702501006, 140.50991087591444, 65.99096450313681, 40.24400770409846, -0.901788320787, -0.301308413262, 0.309824247904, 0.00250111625742, 0.713239849725, 0.700915587772, -0.432170763599, 0.632852397374, -0.642437759031,  
258, 3223493.1650355947, 91.63879745644537, 136.55430116704426, 83.22338764708283, 67.71538786228297, 0.73848009006, 0.637642470378, 0.219224169643, 0.382238183235, -0.66372793481, 0.642930167148, 0.555464785438, -0.390995279413, -0.733881164505,  
263, 1102104.0715507397, 64.07835180773071, 105.57617291920498, 79.16233254113789, 31.481071098220703, -0.797529615486, -0.42352438882, 0.429620302707, -0.0470160306835, 0.753609943226, 0.655638273997, 0.601444931213, -0.502691899224, 0.620938683907,  
264, 2358275.4764510533, 82.57247620083227, 124.33405234100233, 82.50620106641212, 54.881913645857125, -0.94667812458, 0.185289173993, -0.26356868259, -0.144834263243, 0.486003188952, 0.861872343517, 0.287790834864, 0.854089469745, -0.433252366455,  
288, 2962971.135648042, 89.10038975929147, 148.89951536656386, 80.66889471976687, 58.88971068159571, 0.233569943501, 0.966441116003, -0.106942277849, 0.442321881098, -0.00766185676119, 0.896823644566, 0.865907867498, -0.256773957499, -0.429267631852,  
303, 797863.5533805137, 57.536928278446254, 102.93053825240453, 87.40542280381473, 21.171781133452086, 0.32411308846, -0.93132741051, 0.166072153963, -0.336123134677, 0.0507241965232, 0.940451112085, -0.884291775504, -0.360633207456, -0.296600312636,  
323, 545660.5541344341, 50.6926097559209, 121.72736814798125, 62.707169613275966, 17.06587339586166, 0.00318077422171, -0.679864611792, 0.733330752327, -0.890813647584, -0.335124252109, -0.306826955997, 0.454357709248, -0.652285095094, -0.606698629276,  
354, 2930561.814337023, 88.77433458448951, 114.67467164973539, 88.71040122811989, 68.77335770009549, -0.105248591076, -0.790670849264, 0.603127136018, -0.808509918173, -0.28508337862, -0.514819560089, 0.578994340467, -0.541818304747, -0.609260599701,  
359, 2226024.746595112, 80.99914965312875, 113.50608422069372, 73.31688850443832, 63.85842627993571, 0.605508070056, 0.3561786304, 0.711685857906, 0.485107131352, -0.874104921307, 0.0247317136142, 0.630897018702, 0.330268632773, -0.70206237757,  
365, 3393182.466560983, 93.21937817927936, 129.61802365069994, 85.9858573845848, 72.68188523489134, 0.108804050467, -0.897055463571, -0.428314340035, -0.33167669873, -0.438941476432, 0.835057451788, -0.937097778314, 0.0512042531946, -0.345291005289,  
377, 1425287.6087724678, 69.81326778459471, 105.20966921384024, 69.76752071134642, 46.355893351330614, 0.878269291034, -0.394068769118, -0.270837326883, -0.390444883542, -0.264042789137, -0.881949090606, -0.276035949367, -0.880335851088, 0.385762807884,  
400, 1755047.1560627406, 74.82844613363275, 98.74943220059356, 84.94606829964674, 49.94848165576047, -0.149607522801, 0.0840091144176, 0.985170065428, 0.909299059489, -0.379630342997, 0.170458273743, 0.388320498471, 0.921316054007, -0.0195938535326,  
404, 175357.95086707224, 34.722603746991005, 126.37780438957688, 36.24176336449856, 9.140221625311437, 0.381391675297, 0.864197988217, 0.328180174868, 0.793916643948, -0.12435691219, -0.595173689651, 0.473536432047, -0.48754199363, 0.733529857587,  
407, 1179790.9940328877, 65.54991845852388, 114.8433988017557, 78.45723072607807, 31.25917093857369, 0.80334215511, 0.587524135432, 0.0972459362092, -0.237574048714, 0.166441751553, 0.957003508206, 0.546076874809, -0.791904371516, 0.273290162964,  
408, 2364141.2401437834, 82.64088065073902, 130.0403666655071, 119.93935500281574, 36.18636131360162, -0.136959633928, -0.980869965978, 0.138333540822, -0.989992544836, 0.130742649057, -0.0531142249058, 0.0340120543957, -0.144223678914, -0.988960419125,  
411, 2283203.4514486045, 81.68682213054824, 115.73635488390005, 94.23346337676855, 49.978250529519315, -0.569069479877, 0.793898834379, -0.214206834261, 0.293130574661, 0.43924468851, 0.849198781096, -0.76826713666, -0.420462536247, 0.482676767973,  
418, 1196273.69316835, 65.8537707861952, 99.83264574987275, 75.14609107653466, 38.06825482029744, 0.503239732207, 0.121504693011, -0.855562026684, 0.754696405341, 0.420470333209, 0.503624894794, -0.420931238676, 0.899133643274, -0.119898222837,  
420, 857738.7825051089, 58.941630550333485, 111.66073552816, 65.49308978180821, 28.000802203382126, 0.202456303458, -0.619259815146, -0.758636096252, 0.295020248022, -0.70012049898, 0.650226376091, -0.933795747713, -0.355455437789, 0.0409503760556,  
423, 2089326.678393698, 79.3059758598304, 100.80884973756008, 95.8716985085329, 51.609382108430964, 0.18579598869, 0.975496660684, -0.117839363459, -0.330565255124, 0.174991950279, 0.927418152422, 0.925314250777, -0.133356973312, 0.354978104927,  
523, 1709915.5482628094, 74.1814555691205, 121.79445550969777, 76.98611824685437, 43.535758109044345, -0.0760141423967, -0.267962354334, -0.960425961131, 0.984735651821, -0.171432837834, -0.0301077755025, 0.156580797639, 0.948054301595, -0.276903403805,  
539, 886929.4561737345, 59.602822063363455, 128.40867831487307, 55.67255925568215, 29.618625961485964, 0.903703243596, -0.291360682667, 0.313734601392, 0.144722661917, 0.897489174573, 0.416615569384, -0.402958805143, -0.331092334736, 0.853230371727,  
541, 1413646.3179297904, 69.62267717109255, 153.4294760604517, 62.8202384947787, 35.014165017447304, -0.945462044126, 0.279598223906, -0.167111807799, 0.325726981689, 0.8086130669, -0.489945753567, 0.00185917108796, 0.517657938437, 0.855585648697,  
542, 747913.8937360399, 56.310277025298696, 92.03832503518153, 65.86708264382024, 29.452750398032236, 0.524280710987, -0.55534465778, -0.645540120489, 0.512303487353, -0.3998418953, 0.760047100915, -0.680202082423, -0.729190489404, 0.0748756117134,  
545, 4207757.690094081, 100.15071119947281, 117.16162452422707, 105.75129621674175, 81.07576009389962, 0.285433681195, 0.854148457189, 0.434693025849, 0.817566974538, 0.0196728578563, -0.575497368203, -0.500111843275, 0.51965699432, -0.692708273713,  
549, 2282335.459438237, 81.67646935248041, 129.49193324487, 86.59068468477388, 48.59336565326231, -0.484503451969, -0.549322169388, -0.680809488219, -0.866403564945, 0.193825105599, 0.460192015457, 0.120835705319, -0.812820387699, 0.569843618602,  
555, 3825518.5868808124, 97.02133266196546, 105.37828119794074, 96.17035416364415, 90.11755101534479, -0.782288918326, 0.497972095068, -0.374229663173, 0.571455347825, 0.812817980698, -0.112985466748, -0.247916989549, 0.302242820904, 0.92042731571,  
556, 3607040.6587524996, 95.1380274729448, 117.09438819575824, 97.83664668808255, 75.16657945709046, 0.815194767962, -0.172027215252, 0.553049841786, -0.333602871862, 0.641110324157, 0.691148808973, -0.473462368274, -0.747919908461, 0.465241008893,  
557, 3921121.296401982, 97.82290504375814, 120.65637144186724, 96.94182441448213, 80.03136395736037, -0.266972400461, 0.915349935406, 0.301430312253, 0.948421628915, 0.194073260154, 0.25066308763, -0.170944877662, -0.352803153963, 0.919949880893,  
558, 3544315.2433402427, 94.58332511557411, 106.55542778912414, 93.03365666132774, 85.354822815464, 0.360147829346, 0.468231197394, 0.806878607229, 0.466137179709, -0.839528808129, 0.279119168124, 0.808090137738, 0.275591955813, -0.520614447727,  
559, 3231386.6271274243, 91.71353602022008, 104.99711041425805, 89.00259192445124, 82.55061489785227, 0.0979117417751, -0.387068105484, 0.916837811469, -0.280541914276, -0.894637412594, -0.347735724827, 0.954834815639, -0.223164024215, -0.196184334592,  
560, 3911650.0008627656, 97.74407923877337, 109.52282954856966, 102.53305678251019, 83.15776705320137, -0.307794168068, 0.737356362986, -0.601305533042, 0.947890111337, 0.292282236043, -0.12678892429, -0.0822623056611, 0.608996460135, 0.78889557269,  
561, 2929922.9531085584, 88.76788319327905, 100.26403745818706, 92.660726173443, 75.28816330678005, -0.967987592858, -0.22065438063, 0.11963136872, 0.191502038397, -0.341145209317, 0.920297188657, 0.162255937836, -0.913745911328, -0.372480093654,  
562, 3931496.3768042317, 97.9091071442808, 111.7070046800955, 92.1087206208027, 91.21958952589452, 0.0283771158671, 0.990079968689, -0.137609574142, 0.559132755572, 0.0983922953341, 0.823218997513, 0.828592361141, -0.10030260126, -0.550794051564,  
563, 3926265.01823554, 97.86566100680753, 110.06518932737694, 99.45328620302848, 85.6291983820909, 0.072263175368, -0.436887486787, 0.896608809557, 0.327801059547, -0.838616962256, -0.435049486812, 0.941979033124, 0.325347375131, 0.0826110564616,  
564, 3691881.9070982514, 95.87816873933392, 113.32308357398945, 92.38485325866655, 84.18603095982316, -0.889913857889, -0.396796556699, -0.224957369582, -0.395698790675, 0.916909319442, -0.0519592819321, -0.226882772806, -0.0427760740597, 0.972982227429,  
565, 3861419.155579892, 97.32388699659437, 127.89067448106061, 100.23292156858804, 71.91327548444254, -0.422747990709, -0.906151504969, -0.013175218913, -0.886385269374, 0.410411956867, 0.214203594502, 0.188693642152, -0.102232459144, 0.976700175954,  
566, 3772971.1254517264, 96.57505350312651, 114.74041294349715, 102.78487240983084, 76.37465519969025, -0.750782574404, -0.556206664908, 0.356314007418, -0.655950877522, 0.564245885543, -0.501353195787, -0.0778072763232, 0.610131728858, 0.788470228475,  
567, 3098397.630568094, 90.43770110243042, 113.23864603353998, 92.05145063138697, 70.96157361696905, 0.186071610134, -0.252684226671, 0.949488302979, -0.748362467186, -0.662625378872, -0.0296854338395, 0.636656087389, -0.705037792509, -0.312395162453,  
568, 2929880.229023061, 88.76745172060599, 101.85012203308375, 99.4110696936855, 69.08200871569466, 0.778137412491, -0.519431141223, 0.353119606946, -0.311269544308, 0.169400992532, 0.935101371251, 0.545539584327, 0.837552740583, 0.0298658446258,  
569, 1333379.4050914252, 68.27919274302648, 81.38289771042271, 64.60646284174713, 60.54189631637366, -0.580328154527, 0.343087180492, -0.738586771913, 0.768265455221, -0.0702239794644, -0.636267854777, 0.270161846637, 0.936674852492, 0.222829076495,  
570, 3319263.6284839953, 92.53748939006672, 109.68861252242787, 95.35527823521028, 75.76120211313375, 0.443671070426, -0.825574910381, -0.348686174972, 0.103483677363, -0.339279424776, 0.93497625662, 0.890194984139, 0.450905244229, 0.0650949378993,  
571, 3829143.185089272, 97.05196487861387, 112.2251593174437, 91.48227814731092, 89.0401320492127, 0.692826178458, -0.340853087347, -0.635461296453, -0.605375664104, -0.753739434089, -0.255728705485, 0.391806319186, -0.561868346096, 0.728554575788,  
572, 3046932.5583329694, 89.93417272438586, 105.02101583203499, 88.7499236837597, 78.04229444942835, -0.982747598415, 0.141402957978, 0.119215608394, 0.184942429259, 0.75779014357, 0.625739878998, 0.00185894318524, -0.63699238754, 0.770867850248,  
573, 4101159.795537339, 99.29773920233356, 113.02734023950639, 96.39233704096661, 89.86530738172208, 0.405665278819, 0.905566474844, -0.124036451089, -0.382383081123, 0.291399011142, 0.876852208514, 0.830192062616, -0.308279055311, 0.464483759915,  
574, 3074368.9547278527, 90.20330681309133, 123.27531474067821, 83.06209187007813, 71.67841481582006, -0.106233302291, -0.930369876612, -0.350893685007, -0.992967766762, 0.117802997122, -0.0117246765663, -0.0522446136553, -0.347180567662, 0.936341900046,  
575, 2592574.945583209, 85.22118526976313, 98.68478186389913, 93.95666888934058, 66.75209706407797, -0.325626359384, -0.643359234067, 0.692861003388, 0.936012008922, -0.115802045765, 0.332372389573, -0.133600124357, 0.756755430861, 0.639900167709,  
576, 2457225.3733434333, 83.71156488998297, 99.68052093470476, 91.0731652986799, 64.6183184029504, 0.636281165506, 0.757837617532, -0.144320559436, 0.481623330226, -0.244079723429, 0.841703069017, -0.602648526261, 0.60506795822, 0.520295608026,  
577, 4024710.200550076, 98.67686311445449, 105.36574865923357, 98.07090179754341, 92.9836048109409, -0.434632468708, 0.818469210175, -0.375769569205, 0.886991523515, 0.316740799706, -0.336037651185, 0.156014917099, 0.479357296593, 0.8636410874,  
578, 3049820.6890431377, 89.96257939418305, 126.83329039863241, 100.67381403036615, 57.02114257724788, 0.304787271565, 0.506334424241, -0.806678479892, 0.370036114549, 0.717484684168, 0.590160149378, -0.877597853816, 0.478373472105, -0.0313181762686,  
579, 2943949.129281103, 88.90930812063547, 93.78081954184253, 90.80203368351371, 82.53384780016154, -0.0124174195632, 0.620015050351, 0.784491647521, -0.960986436063, -0.224201276791, 0.161984126343, 0.276316625257, -0.751874407613, 0.598610054863,  
580, 3544419.477719085, 94.58425230336839, 102.1996067756014, 99.45766959835481, 83.24707853341621, -0.558642648176, -0.736474912749, 0.381474893709, 0.578321816642, -0.0161933539881, 0.81564799496, -0.594526927931, 0.676271009417, 0.434965807607,  
581, 1869202.923450353, 76.416876255255, 100.47268131626083, 85.76477738388314, 51.78582330633588, -0.211197904936, -0.425753973075, 0.879846008891, 0.866580968202, -0.497948084518, -0.0329413217016, 0.452142533391, 0.755500668124, 0.47411588242,  
582, 3315607.347808747, 92.50349918619017, 101.61519891310816, 91.8400384338756, 84.81716569085765, -0.790011329002, 0.226727082078, -0.569628765338, 0.588405980843, 0.019396368257, -0.808332965186, 0.172222245242, 0.973765172488, 0.148730921778,  
583, 954338.5049002488, 61.0760974197326, 118.31679066317434, 85.41398827318781, 22.544388271055208, 0.509352111062, -0.541035616806, -0.669209151389, -0.538541045212, -0.806950055295, 0.242497733764, -0.671218272679, 0.236879863234, -0.702391600758,  
584, 2833837.618789222, 87.78671217804978, 97.79809982464182, 87.55314313387406, 79.01038780280251, -0.893780409441, -0.37293495692, 0.249150752772, -0.411543431054, 0.461105943031, -0.786138228086, -0.178293533411, 0.805171303021, 0.565606390289,  
585, 3159927.5424374486, 91.03243750771628, 104.28569699738003, 91.53371415374541, 79.02830765010113, -0.622679591539, -0.564187668308, 0.542182996054, -0.774315191137, 0.344468244618, -0.530827291333, -0.112721386859, 0.750355851166, 0.65135242808,  
586, 3535312.812316507, 94.50317782523614, 102.54513781175456, 97.85291899233934, 84.11053190796108, -0.725298510631, -0.018635101111, -0.688182245836, -0.577132048668, 0.561429414243, 0.593056161947, -0.37531409363, -0.827314780376, 0.417958832056,  
587, 3199106.576591697, 91.40712156496888, 104.22132772707755, 93.25046425432399, 78.5837039849745, -0.20984814097, 0.795579895049, 0.568345307296, 0.727788554594, -0.261068100055, 0.634166592416, 0.652907020589, 0.54671389019, -0.524229286419,  
588, 2702139.239489761, 86.40516521703172, 102.19057299226047, 86.85626955786745, 72.67869287591923, -0.450616363982, 0.758225833481, -0.47120959026, 0.873502527739, 0.265565311603, -0.408005391272, 0.184223306195, 0.595456674087, 0.781980257257,  
589, 1694964.5269242048, 73.96461506681601, 93.61798647341837, 72.21176222037734, 59.85559669956731, 0.81922967899, 0.399457112641, 0.411456860707, 0.149635235052, -0.841536131991, 0.519062843002, 0.553599159585, -0.363663242182, -0.749184234212,  
590, 3364764.818417056, 92.95841320157422, 110.37657837201051, 87.74749095216546, 82.93817428481492, 0.200552512613, -0.321140987983, 0.925552351584, 0.753794755498, 0.65402549953, 0.0635933372917, 0.625757266253, -0.684922704983, -0.373240849761,  
591, 2652430.7036099406, 85.87204635914016, 90.80610904321102, 88.25254898775525, 79.01564913980658, -0.342061782576, 0.898543514191, 0.274978708277, -0.270930538227, 0.185896843846, -0.944478166452, -0.899772404754, -0.397570014655, 0.179854672139,  
592, 2631686.386851136, 85.64759548949822, 116.1293058122528, 75.5909374337458, 71.57048553235926, -0.352689156923, -0.758152056548, 0.548466788183, 0.114654157072, 0.546701981018, 0.829440394614, -0.928689820583, 0.355418630776, -0.105890575798,  
593, 1450885.6628345703, 70.22873730109555, 121.46619714740494, 78.19202105519709, 36.469239450487244, -0.989145601036, -0.0786180287668, 0.124137768244, -0.143571743108, 0.337288252339, -0.930389052717, -0.0312751424104, 0.938112914519, 0.344914518512,  
594, 2260503.696767613, 81.41520812799259, 137.24523105326062, 92.28979460350658, 42.60550037433706, 0.653419428725, 0.476864855174, 0.587914075409, 0.508080419945, -0.85198897819, 0.126368777438, 0.561157141123, 0.216135815963, -0.798991847283,  
595, 3170021.9057092816, 91.12926860335713, 106.58706988150895, 91.8330023243159, 77.31617270354386, 0.890253904155, -0.204420629878, 0.40701374942, 0.307541600751, 0.92894074151, -0.206124386164, -0.335955577338, 0.308676699548, 0.889860969597,  
596, 3684556.1339502763, 95.81470997391021, 143.70454708762264, 101.40585475206153, 60.361917538865605, 0.748826081079, 0.653409351232, -0.110976213754, -0.216494295993, 0.399411092405, 0.890842858795, 0.626410185181, -0.64306064954, 0.440548840555,  
597, 1286285.8963319096, 67.46568995757168, 117.83749081608069, 61.20797617579042, 42.57526818720233, 0.425966119064, -0.0976013692121, -0.899459192036, 0.803074951214, 0.498655348241, 0.326210769906, -0.416681518839, 0.861287882417, -0.290791498259,  
598, 2815566.9661184014, 87.59764230899309, 108.7635324805403, 85.64540160088151, 72.15889886415991, 0.85831479614, 0.0129852760299, 0.51295915367, -0.286006022303, 0.842096770344, 0.457245650151, -0.426023785644, -0.53917011414, 0.726497984914,  
599, 3593316.910406404, 95.01721655026681, 108.0270957609638, 96.54766954516525, 82.24933894299959, -0.85566261051, 0.327038419603, 0.40110767766, 0.29102718962, -0.336826800659, 0.895461267314, -0.427954053464, -0.882945965766, -0.193033027387,  
600, 3263566.706329324, 92.01697702348157, 101.18303504975002, 95.40698165083063, 80.70789605322267, 0.678711758841, 0.344236850759, -0.648730559625, 0.402753066037, 0.564194568125, 0.720745764536, -0.614117510098, 0.750456847446, -0.244283040574,  
601, 2075638.27134092, 79.13240289356025, 100.74007322771605, 83.85358923795269, 58.65960598874834, -0.119940151853, 0.0859149968776, 0.989056607725, 0.976700380735, -0.168372781578, 0.133067549375, 0.177962710269, 0.981972107412, -0.0637185531709,  
602, 2781507.425746093, 87.24298935551218, 112.41893006287422, 96.55829576431564, 61.17339376212945, 0.0438446058473, 0.948891398088, 0.312542421396, -0.941433700179, -0.0654526647882, 0.330784728849, 0.334335518163, -0.308741094294, 0.890448593681,  
603, 3410575.451040228, 93.37838335915855, 110.06206269975863, 103.84884275095817, 71.23603577727616, 0.526534616624, -0.532234214051, 0.662938940544, -0.537613718803, 0.3956219061, 0.744617214929, -0.658583925443, -0.74847180896, -0.0778277864337,  
604, 3032065.227567443, 89.78765796804656, 119.90239846430062, 95.06278707269708, 63.505525934940444, -0.216902490228, 0.939301501445, 0.265830771574, 0.976044612378, 0.213425908382, 0.0422645984203, 0.0170359731449, -0.268629989045, 0.963092780891,  
605, 3359357.211737449, 92.9085878204392, 104.09079262036515, 97.94638143272208, 78.66234074723576, -0.436388545408, -0.650306627926, 0.621824997176, 0.597343602758, 0.307431193047, 0.740720380296, -0.672863773494, 0.694685073409, 0.254297052876,  
606, 2569525.9778904547, 84.96788365339566, 99.96169843000894, 84.5877151093274, 72.5476723659372, -0.943687039948, 0.317883772742, 0.0916770290836, 0.329779703609, 0.925989678591, 0.183816381833, 0.0264597377463, -0.203698360745, 0.978676075169,  
607, 2410934.354166888, 83.182555548175, 104.27578203283328, 78.50431982011202, 70.31043184837031, -0.0989072155921, 0.468998210817, 0.877643458903, -0.215589853625, -0.871119733076, 0.441215849284, 0.971461979553, -0.145571593712, 0.187271282866,  
608, 3222604.784271825, 91.6303782643233, 102.21886803431526, 98.4393625565795, 76.4572332409464, 0.974914435329, -0.12129091812, -0.186628928544, -0.0591954528614, -0.949573521675, 0.307905870835, 0.214564074692, 0.289134294257, 0.932932804513,  
609, 2780932.946421104, 87.23698269116008, 98.7027120062903, 88.6866502624566, 75.84283710683523, 0.715779557098, 0.691312969698, 0.0987218494972, -0.52682102513, 0.441768693047, 0.726154273777, -0.458387645036, 0.571775130423, -0.680407206831,  
610, 3451394.713430763, 93.74943810244507, 106.6304357192889, 91.9060401541511, 84.07769207104539, -0.982893541415, 0.0530430180713, -0.176370985363, 0.0852010894272, 0.979951844039, -0.18009763387, 0.163282150293, -0.192043801251, -0.96770766133,  
611, 2574042.886229204, 85.01764217935471, 108.54991951525916, 82.59533405367962, 68.53969213412131, -0.797472839228, -0.301693342462, -0.522511433185, 0.1408968014, -0.935184997706, 0.324926316909, -0.586672960046, 0.185499722854, 0.78829226228,  
612, 2982522.105315066, 89.29593464012753, 111.77554993299927, 84.42239050937208, 75.45544784985739, 0.0352346138623, 0.992511786191, 0.116956728143, -0.845311521957, -0.0328304398569, 0.533264093171, 0.533110638454, -0.117654224279, 0.837824880674,  
613, 3361097.0607698457, 92.92462452113382, 104.56563942685837, 95.48800449397606, 80.36272036668866, 0.236278299898, -0.971541621214, -0.0167165560483, 0.60299994821, 0.160096058633, -0.781511557476, 0.761947260285, 0.17457413972, 0.62366677183,  
614, 3126356.1173077933, 90.70890944186311, 116.1449579869518, 85.31403339103521, 75.32324144027253, 0.42973859122, -0.734495126172, -0.525206295512, -0.82061586655, -0.075021317036, -0.566534554601, -0.376715201158, -0.674454380681, 0.634977909535,  
615, 3311019.4989995044, 92.46081339539663, 109.68523041085886, 100.10876134204531, 71.98680346056727, -0.434113428243, -0.755814945887, -0.49019312418, 0.429767808647, -0.651983359715, 0.624673778307, -0.791735537961, 0.0605100506413, 0.60785966448,  
616, 4021373.190310682, 98.64958357256768, 108.13769798459491, 104.55669321857997, 84.90960279928979, -0.972965507805, 0.204051745337, -0.108171187696, 0.230155707551, 0.817862847537, -0.527379097898, 0.0191434297892, 0.538017888033, 0.842716014594,  
617, 2934311.8584834733, 88.81218463916686, 108.60237148808709, 82.27230051904367, 78.40156092966475, 0.299328032948, -0.858998413018, 0.415360632612, -0.852091964967, -0.436540017442, -0.288742266407, -0.42935068642, 0.26749680298, 0.862614310376,  
618, 3033886.441809931, 89.8056313976094, 94.65301687379173, 92.02052207370598, 83.15561084979248, 0.315522903426, 0.223668883682, 0.922180854218, 0.656732304185, 0.650005832228, -0.382354676589, -0.684943777294, 0.726267614962, 0.0582011460737,  
619, 3825678.802317037, 97.02268708383752, 107.74518503515387, 100.09399363463204, 84.6864653260406, 0.376449192358, 0.286901085993, 0.880893735038, -0.866041959858, 0.446671175863, 0.224624540997, -0.329024815687, -0.847450663761, 0.416617382202,  
620, 3578067.134221496, 94.88261056054377, 100.45722197918877, 96.2621021472833, 88.33307924457556, 0.923573058377, -0.168568313429, -0.34437992036, 0.132055908978, -0.70337553423, 0.698444052699, 0.359963946449, 0.690541513274, 0.627358251482,  
621, 788579.546243745, 57.312888865550896, 98.13417235133319, 61.36991551871587, 31.259433957281633, -0.940559226624, 0.256980859829, 0.222056701978, 0.291363330302, 0.946494561106, 0.138764028305, 0.174515761372, -0.19521496735, 0.965108991542,  
622, 3243509.0147297774, 91.82807917449938, 103.56280607721177, 90.28075793657624, 82.81852553192601, 0.594375356458, -0.673623475221, -0.439260001897, -0.309204654902, -0.695656576022, 0.648424559702, -0.742368114228, -0.24958634151, -0.621768639535,  
623, 4019941.6661142535, 98.63787645831331, 105.76912301025895, 99.84348954949137, 90.87668721583161, -0.815308787892, 0.487342818987, 0.312679639835, 0.534911174323, 0.427189005394, 0.728957878931, -0.221679083293, -0.761581598026, 0.608976069791,  
624, 2956707.8705741772, 89.03756396570834, 115.04267641237784, 100.34922958241619, 61.14300632897484, 0.472733165731, -0.783970851147, -0.402384217595, -0.60604746506, -0.620736207711, 0.497386198574, -0.639710734717, 0.00873298281056, -0.768566139573,  
625, 3306654.228621083, 92.42016187231177, 108.37800681158471, 89.15137546750877, 81.70167624028278, -0.796367264443, -0.131058751741, 0.590442870832, -0.604700182147, 0.153651053114, -0.781491550554, -0.0116991382051, 0.97939519984, 0.201613919897,  
626, 3226280.4571121433, 91.66520261137495, 114.40458944357081, 94.20424135678226, 71.46602134737799, -0.278922467091, 0.712683589566, -0.643649251157, -0.540055114669, -0.670628146636, -0.508525674926, -0.79406720778, 0.205766834311, 0.571941674846,  
627, 3726163.529866206, 96.17401946295828, 106.33178034569256, 95.54247586437573, 87.56160725856606, 0.381543333586, 0.261445278771, -0.88660648024, 0.80121321918, 0.384779330337, 0.458260018283, -0.460957765969, 0.885206887204, 0.0626634250518,  
628, 3126600.5286018625, 90.71127318454982, 100.49444966340462, 92.5718019701319, 80.23484053934115, -0.54574050095, 0.587843528649, -0.597166050147, -0.189848371178, 0.607377497367, 0.771394951794, -0.816164751495, -0.534352469366, 0.219869363257,  
629, 2530661.5535760336, 84.53732199648746, 128.72745458154975, 79.45589217527358, 59.0674425652159, -0.0101876643515, -0.622151340457, 0.782830710347, 0.039862089108, -0.782501723047, -0.621371118801, 0.999153254184, 0.0248749471363, 0.0327721170808,  
630, 2867351.7648392203, 88.1314242540385, 100.4665380418019, 87.63973539384095, 77.74453511690012, -0.4936501611, 0.113242201652, 0.862256181312, 0.841540453413, -0.187887931012, 0.50646598173, -0.219360852742, -0.975640471252, 0.00254698631092,  
631, 3723879.9080243153, 96.15436833281947, 108.61629568233317, 98.35885314344242, 83.21442451575088, -0.986633468999, -0.0628358924428, 0.150353079354, -0.152649076716, 0.0334665352079, -0.987713647976, -0.0570320719247, 0.997462601626, 0.0426110446936,  
632, 3080195.061929148, 90.26025102068444, 100.73958196336207, 96.58845509568661, 75.57257963704775, -0.0581649929304, -0.90147984846, 0.428894994629, -0.2569998049, -0.40162070294, -0.879006206605, 0.964659491157, -0.161353319735, -0.208319879829,  
633, 2911748.6914493013, 88.58396049369074, 109.9905063425031, 83.82651156550058, 75.39259378941712, -0.254042334778, -0.826858293814, 0.501764739784, -0.950105394602, 0.116258189018, -0.289454266913, -0.181003401316, 0.550263023868, 0.8151370273,  
634, 1458465.9551639974, 70.35083052587011, 101.50936829889925, 69.65380413102363, 49.24438534969401, -0.181158897255, 0.774206590221, -0.606453303729, 0.837148138908, 0.445011993942, 0.318036662621, 0.516105074058, -0.450076083464, -0.728743488222,  
635, 1947749.3522593917, 77.4726038983118, 94.25725266798031, 83.7012863077122, 58.93829252242052, 0.666262449925, -0.0529252320985, 0.743836855518, -0.560193964406, -0.693915300718, 0.452398361704, -0.492216486988, 0.718108957775, 0.491978103883,  
637, 3498802.8309612265, 94.17673285526372, 107.13866498098416, 98.24471269023363, 79.35520950392328, -0.57895966384, -0.237232977932, -0.780080907232, -0.409238031197, 0.912046743061, 0.026362327179, -0.705216237383, -0.334501498731, 0.625123032593,  
638, 3498974.3558064345, 94.17827179932938, 107.3267454253813, 91.65330218666769, 84.91727973071978, 0.564675224423, 0.822270395496, 0.0708045733889, -0.266167142922, 0.100231672317, 0.958701551002, 0.781215042707, -0.560200864471, 0.275459703939,  
639, 2910550.9125773283, 88.57181217552075, 102.98135833723485, 88.86115201581657, 75.9304609035273, 0.719081157099, 0.12184253299, -0.684161301638, 0.40266942977, 0.729333682208, 0.553109130575, 0.566374098837, -0.673221194817, 0.475387844833,  
640, 2546042.370512018, 84.70824274659446, 93.56288965413819, 89.54284530042126, 72.55084929981977, 0.973086375121, -0.156149673573, -0.169470310076, -0.220340166496, -0.845817481874, -0.485842565431, 0.0674767929214, -0.510107897213, 0.857459512524,  
641, 4215964.946767765, 100.21578376443384, 111.21981143736143, 99.76102016590679, 90.71212608857529, -0.718397947181, 0.213380782306, -0.662097448439, 0.680569870944, 0.412585971848, -0.605472928046, -0.143975832171, 0.885574083619, 0.441621446687,  
642, 3140321.1210775645, 90.84377025621754, 116.53802242334771, 90.05330474297375, 71.43616829177809, 0.647132644934, 0.639463984712, 0.415096557583, 0.65548841733, -0.744727272801, 0.125364364527, -0.389299723359, -0.190963612772, 0.90109856508,  
644, 2992653.1873903903, 89.39692769377324, 101.5403867138049, 91.30347580511675, 77.06224502277756, -0.25196583722, -0.815856624184, 0.520472079606, -0.965711917138, 0.177209365583, -0.18972963355, -0.0625596513049, 0.550431475776, 0.832533170813,  
645, 3760098.446847992, 96.46509629236495, 108.72865777958337, 94.07193406326215, 87.76199896896172, 0.74015331136, 0.542559505226, 0.397243324641, 0.610334119548, -0.294077998766, -0.735534087013, 0.282250488393, -0.786859144912, 0.548805382509,  
646, 3296550.0967352996, 92.32592983591019, 116.98810899943226, 87.01779783695984, 77.30743451121802, -0.998349608267, 0.055036406363, -0.0164028548627, -0.0385934211414, -0.431454164538, 0.901308965754, 0.042527726457, 0.900454495173, 0.43286613936,  
647, 3347038.645564778, 92.79488527650823, 113.6229133345387, 104.2306108357099, 67.47003167619776, 0.276743024346, -0.682473119871, 0.6764937096, 0.698747552496, -0.340357578354, -0.629212664158, 0.659670490742, 0.646828539498, 0.382684836562,  
648, 3149440.8702696105, 90.93162451018662, 115.51284875587876, 109.97595525226596, 59.18570324868526, -0.286478913716, -0.811775236801, -0.508872083055, 0.00661845236314, -0.532797835982, 0.846216675599, 0.958063686862, -0.239055288354, -0.158008041017,  
649, 2270535.5039065196, 81.53546693597919, 105.07018091138582, 85.04332468612323, 60.66245438580118, 0.957010229336, 0.165645582237, 0.238102839193, 0.248791963401, -0.890788354561, -0.380261313212, 0.149110629712, 0.423152039419, -0.893704857121,  
650, 2550189.9934293935, 84.75421569706874, 98.32154805539393, 88.46120796049077, 69.99747187251123, 0.116012199745, -0.993118571407, 0.0160210060899, 0.0778480533807, 0.025171836333, 0.996647409689, 0.990192329851, 0.114376054231, -0.0802325876649,  
651, 3239377.534805315, 91.78907336718368, 102.3257370332324, 93.31529698661843, 80.99071493339822, 0.437039854222, -0.250101154477, 0.863970820312, 0.6666479125, 0.734904120063, -0.124484919062, -0.603801893489, 0.630369214701, 0.487911802046,  
652, 3480615.1993044303, 94.01326472514192, 111.39100992883849, 90.03748912618438, 82.85026201339336, -0.0838341503871, 0.705330963368, 0.703903450299, 0.668686884244, -0.483906863842, 0.564528119731, 0.73880287362, 0.518017740276, -0.431077643458,  
653, 3179226.7300274954, 91.21738769049954, 131.83443239172144, 83.74901850298323, 68.74234010791793, -0.993134440763, 0.0549409395401, 0.103273790154, 0.0787700924983, -0.338600551775, 0.937627292086, 0.0864826866956, 0.939324842374, 0.33194816674,  
654, 3181944.674624077, 91.24337442773003, 100.01787030686287, 91.2954062159041, 83.19121874185232, 0.844379382478, -0.319433910209, -0.430099332079, -0.224404044348, -0.939864957926, 0.257481427957, -0.486483589987, -0.120895979548, -0.865284854139,  
655, 3216927.0199857363, 91.57653346464939, 97.80741667883974, 93.55965902178016, 83.92516050759885, 0.524425642615, 0.539538385813, -0.658692701949, -0.451291528452, 0.8321381068, 0.322307504657, -0.722020568761, -0.128236115994, -0.679883664196,  
656, 3218451.2383188205, 91.59099453166738, 99.38270912186907, 90.35762613367733, 85.56234534519109, -0.0560933956771, -0.206816813612, 0.976770360202, -0.991500966702, 0.12655938676, -0.0301422403225, 0.117385535693, 0.970159536999, 0.212158216385,  
657, 815167.7259905025, 57.94991311663902, 116.4808171791941, 78.4395075419442, 21.29948487836971, -0.318102636194, -0.690257621449, -0.649888551121, -0.944560788706, 0.289559855613, 0.154790201423, -0.0813365187691, -0.663098413547, 0.744100036733,  
658, 3708880.6507946746, 96.02509591898503, 114.71572768959574, 96.49541113695088, 79.98796054767976, 0.228391646126, -0.2994122547, 0.92638521022, -0.86400200837, -0.500886207189, 0.0511227638169, 0.448706792362, -0.812074694337, -0.373091014773,  
659, 3270660.460479644, 92.08359875987874, 103.53402855824649, 93.48170526849333, 80.67465417440523, 0.219121943593, 0.798906121409, -0.560120150514, -0.411567517847, 0.596181228922, 0.689333098389, 0.88464555167, 0.0794792517409, 0.459440198996,  
660, 1873265.431180901, 76.47219743206222, 113.21568792366067, 84.4946643399505, 46.74926796056252, 0.564689978901, -0.81937255498, 0.0987615505836, 0.359538261373, 0.351950535076, 0.864212392568, -0.742871096717, -0.452503521538, 0.493338724061,  
661, 3316243.9338914133, 92.50941893338731, 100.31720097795107, 96.76776859448294, 81.5552130487966, -0.636907178581, 0.0538246695749, 0.769059263527, -0.654920583406, 0.488512390896, -0.57657148158, -0.406728749049, -0.870895257127, -0.275886164588,  
662, 3515800.8045765758, 94.32899714874523, 105.4619641510224, 98.45313381819585, 80.837011939775, 0.713657205637, 0.646748451722, 0.269090752421, 0.629108665467, -0.760702802965, 0.159854723406, -0.308083884481, -0.0552058489312, 0.94975609204,  
663, 2813636.7428151336, 87.57762009372021, 112.1524086579807, 98.67351012938985, 60.69742043701287, -0.704268433912, -0.341484377006, 0.622410148742, 0.542533836274, -0.824341019662, 0.16161348892, -0.457889735082, -0.451497844473, -0.765824188011,  
664, 2769570.3619024875, 87.11800694812496, 114.46043666708123, 89.74417796634195, 64.36682856568079, -0.288829382765, -0.915411470623, -0.280355893647, -0.0757131871908, -0.270078868982, 0.959856717336, 0.954382051873, -0.298461461467, -0.00869799299405,  
665, 3322989.432989326, 92.57210024680275, 120.46343692368151, 95.12859406715188, 69.22676270585147, -0.827379661843, 0.561051854841, -0.0257625959065, 0.527123003025, 0.759876103844, -0.380433498116, 0.193866538759, 0.328342995945, 0.924449372418,  
666, 3099602.6188845313, 90.44942353253946, 102.76287748279398, 95.88345228189038, 75.09957701487309, 0.536536825801, -0.288299804144, 0.793102425599, -0.420833946407, -0.906037823246, -0.0446570531765, -0.731455414985, 0.309804270109, 0.607449002066,  
667, 2352100.060112416, 82.5003380124726, 125.20856841310611, 98.43216060850868, 45.56130087230873, -0.00573679051044, -0.392298676087, 0.91982000303, -0.817060261202, -0.528476634687, -0.230488559702, 0.576523736544, -0.752870636517, -0.31749989901,  
668, 2786518.851254141, 87.29535297997201, 122.31462163239506, 83.64391420007527, 65.02204916019367, 0.795662357537, -0.605695123439, -0.00740474440781, -0.544733283462, -0.720820265412, 0.428583474786, 0.264928410494, 0.336974127215, 0.903471845107,  
669, 3113425.009666915, 90.58367444551789, 105.7044647004857, 93.07863489226482, 75.5451284462652, -0.766211545022, -0.214389342459, 0.605769822717, 0.3360082892, -0.937225879223, 0.0933063819072, -0.547739260838, -0.275036108822, -0.790149885136,  
670, 1146949.5169904137, 64.93595487770243, 127.86958801478012, 79.89870573615879, 26.80085711075058, -0.673050745884, -0.0509639112724, 0.737838311023, -0.0256417578264, 0.998631219048, 0.045587153863, -0.739151671662, 0.011762996624, -0.673436291114,  
671, 2942754.9593166164, 88.89728490740357, 103.12828999791638, 87.48437840253395, 77.86766717518809, 0.26950858898, 0.514651213563, 0.813940568373, -0.727753222814, 0.66237841004, -0.177848498999, 0.630666605387, 0.544416173796, -0.553055749956,  
672, 2190749.4008619008, 80.56901065385438, 119.13374914135842, 73.68198514797348, 59.58102425473296, -0.631994218811, 0.00677319922016, -0.774943501916, -0.712750230435, -0.397664354173, 0.577797689883, 0.304253868348, -0.917505959214, -0.256149172169,  
673, 3317435.86316584, 92.52050089628706, 98.25173797827259, 97.44288557990909, 82.72248045274215, -0.972185447003, -0.176828704798, -0.153580811935, 0.031250147379, -0.747804043469, 0.663183640375, 0.232118256334, -0.639938060856, -0.732530131356,  
674, 3218229.6386687052, 91.58889238204304, 104.29230215913805, 88.94792588038509, 82.8209754384821, -0.387785906452, -0.434705964345, -0.812805521217, -0.911088921384, 0.0470433805875, 0.409516663488, 0.139782216638, -0.899342896178, 0.414298548158,  
675, 3516322.676478345, 94.33366419525422, 112.25763404634067, 97.18794111553072, 76.94348368273609, 0.21369957191, -0.00662459113149, -0.976876966541, 0.305515792216, 0.950270050018, 0.0603898397476, -0.92789686586, 0.311356623232, -0.205096220096,  
676, 1070295.1971377253, 63.45584851486338, 123.51629780590932, 64.03852912307796, 32.3034831570498, 0.922681660359, -0.377183759437, 0.0799435128962, -0.155573543405, -0.174494657034, 0.972290330744, -0.35278240635, -0.909551552296, -0.219682833846,  
677, 3735860.6399256713, 96.25737617304293, 126.24902295483734, 103.66908113755953, 68.14355441439359, 0.683480417078, 0.721088245144, -0.113517673451, 0.681691328791, -0.574897308182, 0.452537310392, -0.261058330115, 0.386684403306, 0.884490655981,  
678, 2627765.8363118554, 85.6050432294823, 109.05473448774342, 97.06069724123745, 59.266614719624656, -0.885048223344, 0.0806005194777, 0.458468318006, 0.446869542587, -0.128730352019, 0.885288714701, -0.130373518259, -0.988398731651, -0.0779146520737,  
679, 3077074.2864062157, 90.22975758752946, 103.3898020666316, 92.37034964952575, 76.91996541638447, 0.474559317374, 0.0861615271503, 0.875996373014, -0.388359164421, -0.872601425446, 0.296215988293, -0.789918105695, 0.480773276659, 0.38063951811,  
680, 3264140.709302573, 92.02237142035618, 127.60761062825577, 85.30752478631325, 71.58406301441872, -0.0509895084923, -0.966815379095, 0.250335959802, -0.386337504717, -0.212052024737, -0.897650974073, 0.920947013933, -0.142484952016, -0.362704612565,  
