# Void_ID, Void_Volume, r = (a*b*c)**(1/3.0), a, b, c, vector_a, vector_b, vector_c 

0, 3243280.5189880724, 91.82592278382302, 132.65948700080338, 79.89011867409539, 73.05745249286997, 0.378404356369, 0.924348251672, 0.0488922561565, -0.392822751479, 0.112535236642, 0.91270263856, 0.838152986632, -0.36457664509, 0.405688847337,  
1, 821415.4779909985, 58.097586457595604, 147.30005942447613, 84.792096183012, 15.700590223398551, 0.909136298874, -0.340790778336, -0.239442760324, -0.208958486041, -0.870513452546, 0.445581283323, -0.360288136332, -0.355060522077, -0.862626503465,  
3, 2310276.131198425, 82.00841670898741, 115.80898682011384, 91.75889334901572, 51.90209074047782, -0.402570290533, 0.852333259065, 0.333864009249, -0.750342915137, -0.0983433558248, -0.653692660253, -0.524330688482, -0.513669738116, 0.679132335601,  
4, 2040370.9752916535, 78.68165914414764, 111.66860696889317, 97.79984913927758, 44.60168275630776, 0.645709131191, 0.530585959037, 0.549124993029, -0.190756129477, -0.584252527368, 0.788835270086, -0.739372583319, 0.614107095169, 0.276044667942,  
5, 973483.6493743141, 61.48181560557704, 105.79006303548762, 60.7236274212058, 36.177409799304186, -0.581769538473, -0.325525905299, -0.74537043749, -0.791220575779, 0.0141722090963, 0.61136662401, 0.188452128056, -0.945426905408, 0.265807753766,  
6, 1073233.1735058029, 63.51385788695291, 122.58931222445523, 51.32388319517295, 40.72239971776635, -0.232677566988, 0.645089154981, -0.727819436362, 0.971588266518, 0.187520995262, -0.144402620131, -0.0433288608805, 0.740740074832, 0.670392982775,  
7, 1927737.7875719464, 77.20636702923562, 91.4137237459975, 75.97263281013085, 66.26600270022924, 0.591255931667, 0.556169447881, 0.584030794147, 0.375333058481, -0.830726023952, 0.411119652098, 0.713821769408, -0.0238708687133, -0.699920469158,  
8, 1020644.3657289494, 62.45903610479681, 135.12722684407152, 79.72554625633646, 22.617545129981284, -0.970203688112, 0.12586293329, 0.207034600001, 0.205870942955, -0.0223278727936, 0.978324394536, -0.127757420218, -0.991796344075, 0.00424893622759,  
9, 3228260.9023990133, 91.683954937054, 107.2682715387032, 99.28814466867641, 72.36212950495636, -0.641388089566, -0.658006785007, -0.394522989758, 0.0377306230251, -0.540656746026, 0.840396741464, 0.766288273856, -0.524134862284, -0.371597803398,  
10, 2470719.4796611583, 83.86452213185768, 119.97765406474774, 93.2436693358666, 52.72482033776623, -0.783316221934, -0.339721416837, -0.520581458945, -0.60790256491, 0.243656487759, 0.755702314108, 0.129885210977, -0.908416685732, 0.397377600091,  
11, 3270652.455497266, 92.08352363456429, 103.71897181919154, 97.77239454448875, 76.99656203343136, -0.975313548012, -0.220671942933, -0.00820832906286, -0.219779470619, 0.973639002317, -0.0610252198864, -0.0214585031597, 0.0577147015096, 0.998102472631,  
12, 761187.3967499431, 56.64144529619351, 123.54745494949923, 82.09854095391405, 17.915698170718624, 0.0820197530003, -0.705656325294, 0.703791098758, 0.93871348998, -0.182525156295, -0.292406482569, 0.334798064281, 0.684641306008, 0.647438443607,  
13, 903364.719681635, 59.968728225232844, 115.11517055263705, 51.82536208656128, 36.14927651631048, 0.656493021792, 0.587789044326, 0.472780024651, -0.451625551315, -0.1957379443, 0.870471721862, 0.604194731637, -0.784978150353, 0.136959956668,  
15, 1145534.9209989929, 64.90924753194945, 136.2789540945746, 58.18193823059952, 34.490758635313426, 0.445444914302, 0.876425127301, -0.182914801365, 0.485275017527, -0.0646575501529, 0.871967636196, 0.752387523612, -0.477177532417, -0.454108595898,  
16, 2721164.113799018, 86.60747461618509, 118.9552059407746, 94.4371096504376, 57.82824147816571, -0.998877221162, 0.0059691742819, 0.0469964466972, 0.0246468991041, 0.912680303625, 0.407930378544, -0.0404577237165, 0.408630679628, -0.911802687131,  
17, 2396731.859896836, 83.01889462675527, 136.2082428473354, 83.33113395308787, 50.41040164584638, 0.493903419614, -0.699668418733, 0.516259155774, 0.401975915505, 0.710205272979, 0.577947950586, -0.771021903351, -0.0779267223732, 0.632022666123,  
18, 2426226.619991871, 83.35805731309304, 107.2721954660734, 92.32558190522123, 58.4835236877522, 0.608962880407, 0.781397874452, 0.136314240223, 0.292478167514, -0.380947997752, 0.877117520368, -0.737306402938, 0.494263072473, 0.460525008415,  
19, 2493350.5658480297, 84.11980265163727, 112.18325764009518, 100.63883691927467, 52.72311716728269, -0.956283023372, 0.281643065945, 0.0787398413472, 0.28727672216, 0.95508406632, 0.0727083981909, 0.0547253516689, -0.0921499303722, 0.994240175318,  
20, 3085005.235865779, 90.30721143377767, 119.85460836599792, 102.00869571757292, 60.23866857155739, -0.735025502258, 0.619975770573, 0.274531519015, -0.261508923972, -0.632775380179, 0.728840449565, -0.62558020566, -0.463923875374, -0.627235238284,  
21, 1809760.229060839, 75.59808775941237, 118.54927823937781, 80.97200912823256, 45.00892093606382, 0.554805664548, -0.414955818156, -0.72111188006, -0.385663528761, -0.89626520339, 0.219025860977, -0.737193541188, 0.156589763943, -0.657286336888,  
22, 2094070.9190485433, 79.36595725893721, 118.69530227626456, 73.56232684799176, 57.25504859884416, -0.0506709606875, -0.629994667298, -0.774944625712, 0.00579942746074, -0.776113924602, 0.630566049419, -0.998698563323, 0.0274571523581, 0.0429800465362,  
23, 887291.4539365702, 59.61092986846351, 98.56309999924557, 60.30112745202907, 35.64001700712436, -0.670251115979, 0.533779540452, -0.515599499344, 0.741931461367, 0.498191411518, -0.448712629779, -0.0173536210377, 0.683289630892, 0.729941184036,  
24, 1193300.0659569784, 65.7991603608492, 99.71091529173553, 65.87220211093756, 43.37267123557923, 0.514881390574, 0.178023992844, -0.838572961413, 0.596842918395, -0.776621464826, 0.201587775255, -0.615366300997, -0.604290127623, -0.506120299193,  
25, 1612014.7577565762, 72.73779552562178, 106.95698394647586, 86.65563015553722, 41.52163739282834, 0.951925242931, 0.101850506447, -0.288902762547, 0.279467866329, 0.0974590508518, 0.955196024435, -0.125443387871, 0.990014246233, -0.0643097869368,  
26, 804985.4540804749, 57.70761705522294, 92.29002034892194, 63.09441178497718, 33.00302785144762, 0.652635442179, 0.12538217595, 0.747225728656, -0.335936833391, -0.836090259316, 0.433704418063, 0.679126956896, -0.534071519771, -0.503541644939,  
27, 953420.8513252483, 61.05651503446646, 122.16929575472385, 76.46200777343856, 24.366226014768383, 0.313053303537, 0.370795229778, -0.874361782513, 0.792553960763, 0.405284585861, 0.455634309225, -0.523312381302, 0.835616719578, 0.166999549516,  
28, 2610878.7053675945, 85.4212709685315, 118.85819795673645, 94.57568925423122, 55.4484525282027, -0.639780800033, -0.0340094582814, 0.767804587546, 0.438828177979, -0.836327161389, 0.328613312778, -0.630959870452, -0.547174776347, -0.549990369014,  
29, 1338559.4061636927, 68.36749700916518, 108.68983454892572, 79.27200982341375, 37.08858325482628, -0.944818984163, 0.327497521483, 0.0079032011207, -0.212389176962, -0.63074657581, 0.746357551454, 0.249415165286, 0.703494229206, 0.665498268066,  
30, 1441928.0061577163, 70.08390989594078, 129.17846595161538, 68.28408228645193, 39.02522071277893, -0.616435140762, 0.78412971194, -0.07175173925, 0.755509397377, 0.563330780113, -0.334460734097, 0.221840635837, 0.260382462984, 0.939674254868,  
31, 2315314.863944357, 82.06799377880755, 131.74496366821654, 70.85631556481374, 59.211881687206564, 0.170229449181, -0.914747468854, 0.366413704515, -0.730782145552, -0.366635193065, -0.575791707954, -0.661044166734, 0.169751887858, 0.730893224893,  
32, 1364236.3804419227, 68.80188534526194, 126.43437538349453, 98.94175168789924, 26.034920458563978, -0.799906473123, 0.576649215588, 0.166208653258, -0.250637421834, -0.572652730785, 0.78054451039, -0.545280218816, -0.582704498082, -0.602598498905,  
33, 2786560.2839004113, 87.29578564162476, 125.83439807257277, 102.84525172127404, 51.40391681754189, 0.322742070726, 0.892544630543, -0.31496291571, -0.352874479075, 0.422247027514, 0.834977275004, -0.878246638366, 0.158339919935, -0.451233101571,  
34, 2256535.2200600873, 81.36753680382911, 110.60021200215441, 85.7658390875016, 56.791482630409014, 0.182611215595, -0.55133474035, 0.814053528966, -0.45354113025, -0.781855393995, -0.427788015322, 0.872326536975, -0.291087868117, -0.392828545201,  
35, 1221057.6150606163, 66.30544320778418, 143.64749030101217, 56.000819432228326, 36.237240849263635, 0.673899516209, -0.730112018576, -0.113118886066, -0.539101310531, -0.590623993532, 0.600444065045, 0.505202156605, 0.34365642522, 0.791625569551,  
36, 2369416.800074819, 82.70230577765963, 118.44975380347599, 86.90651111429143, 54.949832933688384, -0.00415719691673, -0.801949848129, 0.597376898448, -0.423198850321, -0.539838215065, -0.727652001057, 0.906027290318, -0.255834209287, -0.33714003998,  
37, 670103.9132753481, 54.28558408132291, 137.98242034638466, 37.752818561775655, 30.710041642296428, -0.140045424229, -0.629281711815, 0.764455235006, -0.222799008101, 0.772291876565, 0.594916682722, -0.964752756483, -0.0870045088838, -0.248359284691,  
38, 1561956.914271168, 71.9769567272443, 111.75754152592114, 63.852848356589135, 52.25445542437779, -0.828243996239, -0.0404637407881, 0.558904793659, -0.0816369074137, 0.99546138821, -0.0489084852554, -0.554389121504, -0.086135418171, -0.827788252934,  
39, 2497377.2254211633, 84.16506164784562, 141.11633564935102, 87.84980665704555, 48.092509218783974, 0.869237593625, -0.117642275664, -0.480194024126, -0.262271563459, -0.933067657134, -0.246167370322, -0.419093823422, 0.339919170079, -0.841911708543,  
40, 476816.8534200949, 48.464194177719556, 113.42037440695425, 54.1654150332466, 18.52890848627695, 0.138248627214, 0.518540447422, -0.84380277403, -0.8314255586, 0.523715426408, 0.185617059157, -0.53816248251, -0.675897889129, -0.503530719906,  
41, 1126431.2652010524, 64.5464005894487, 147.77022125433263, 91.78173375105338, 19.82772587990273, 0.619850383534, 0.10647425922, 0.777463011439, -0.430130750975, 0.87475665598, 0.223132986992, -0.656333024538, -0.472719816532, 0.588016101786,  
43, 2152208.340185233, 80.09373875850434, 115.43834258037154, 72.48306922808325, 61.40575043000037, -0.665000558978, -0.416971708989, -0.619603785061, -0.745152342842, 0.314648665772, 0.588000172691, 0.050221932616, -0.85271965559, 0.519948984472,  
44, 913948.5003492768, 60.20201649803743, 120.85519983776418, 89.4187369059123, 20.19013596286389, 0.576500340755, -0.0247295106393, -0.816722601875, 0.369107034717, 0.89962781024, 0.233301950194, 0.728976922839, -0.43595671155, 0.527763575498,  
45, 1279102.3730232434, 67.33986350902147, 98.11016764635093, 70.2566725925046, 44.30116020131798, 0.561413791615, 0.229208329127, 0.79515916422, 0.339659729154, -0.940032236015, 0.0311554753484, 0.754616341577, 0.252592432808, -0.605599900853,  
46, 2359895.1692791344, 82.59137580804479, 107.83179867133967, 95.0334883392092, 54.97694228912457, 0.323025039992, -0.504096091784, 0.80096314134, -0.781551131917, 0.335181976597, 0.52614719496, -0.533697153578, -0.795952368432, -0.285704699734,  
49, 2151460.7151331715, 80.08446347607934, 124.91198416691694, 76.00556155365143, 54.099759205653285, -0.431348842754, -0.728510773346, -0.532174998447, -0.887875169339, 0.447432370542, 0.107153896157, -0.160049553342, -0.518725675969, 0.839826061495,  
50, 3385485.856112321, 93.148842980825, 117.68080821057853, 88.59077968169623, 77.5243668786421, -0.536434106979, 0.158863531132, -0.828855130494, 0.800087903602, 0.408205294693, -0.439576823654, -0.268510326392, 0.898960964592, 0.346080032305,  
51, 2899228.6573693347, 88.45681265899275, 95.45023555885209, 88.77142654934458, 81.68525252220365, -0.767112861775, 0.496720772609, -0.40596346062, 0.633851263281, 0.684386402949, -0.360344040461, -0.0988455023599, 0.533745000461, 0.839848701342,  
52, 3030951.046276277, 89.77665864608655, 97.8783899244398, 88.00409344344013, 84.00412693715194, -0.136423871212, 0.864343415496, -0.484044406488, 0.984539529393, 0.172484015179, 0.0305152350483, -0.109865565242, 0.472397845673, 0.874511196599,  
53, 3539711.043196315, 94.54235159092963, 105.02998969464103, 95.70148626785911, 84.0711902521365, -0.322310681601, 0.147330069784, -0.935098751504, -0.26781616658, 0.933265737185, 0.239352386066, -0.907959429404, -0.327580393697, 0.261344141355,  
54, 2883677.79065707, 88.29837432194122, 102.12362307033052, 87.33209173352418, 77.1894678777005, 0.865168421787, -0.450107784999, 0.221103106776, 0.303833601078, 0.821245561977, 0.482950173195, -0.398959577901, -0.350654686004, 0.847273595944,  
55, 3349318.8130942606, 92.81595264150944, 114.8714970876584, 92.51709201324428, 75.23737327350926, 0.302947848221, -0.220955820365, 0.927038902477, -0.907286883875, 0.230811628481, 0.351506049033, 0.291638666173, 0.94757823825, 0.13054643154,  
56, 3625150.066693397, 95.29697753984331, 108.51590948700681, 95.2923400316272, 83.69239066591135, -0.0489563282722, 0.480879638573, 0.87541878614, 0.665009717129, -0.638260940897, 0.38779511014, 0.745228390526, 0.601147024055, -0.288542720275,  
57, 2867952.8665748895, 88.13758234635539, 99.30954127898205, 85.06329321477648, 81.04947986834046, 0.465996543805, 0.126091342471, -0.875755784746, 0.380696920771, -0.922060697278, 0.0698135019167, -0.798697111349, -0.365930381204, -0.477679683925,  
58, 3642009.607496433, 95.44448214480327, 100.31007224177927, 96.52878801752459, 89.79477803651324, 0.827052039448, 0.497306018013, 0.262052758988, -0.415629886754, 0.22712979656, 0.880717805402, -0.378466274961, 0.837316415677, -0.394543405413,  
59, 3510931.80014035, 94.28543187339093, 98.53923455522212, 95.94362361593534, 88.65607143169666, 0.411293166222, 0.56065846731, 0.718679354408, 0.555872713843, 0.470589245235, -0.685238125234, -0.722387331993, 0.681328001261, -0.118104603101,  
60, 3791722.7120690877, 96.73478117072999, 109.17317120313173, 92.47539047157339, 89.66147132039552, -0.74702845009, 0.27997049442, -0.602963528756, -0.146052452459, 0.815718935055, 0.559706441024, 0.648550056577, 0.506180937261, -0.568474874437,  
61, 3309259.2773686848, 92.44442565608624, 104.28487472503917, 88.19496033889737, 85.89682132140771, -0.194783736025, 0.833332623443, -0.517316184636, 0.960348726761, 0.269291359728, 0.072197552476, -0.199473354581, 0.482741030245, 0.852743501019,  
62, 3624616.8001680756, 95.29230452132941, 105.71353479600761, 92.85916928284747, 88.14914431100873, -0.437916424191, -0.848457643941, -0.297235313955, -0.0395603634008, -0.312116381972, 0.949219859544, -0.898144856397, 0.427437703698, 0.1031155972,  
63, 3437087.804440514, 93.61972027679526, 108.26493614574686, 89.10783808297401, 85.05469399299417, -0.65385506554, 0.725624013205, 0.214343986916, 0.705870299709, 0.483004834612, 0.518124936409, -0.272434713749, -0.490077668539, 0.828011597469,  
64, 3517280.193365719, 94.34222596913729, 100.01230516455236, 95.9809370740149, 87.47419089038542, -0.000486299932547, 0.791010683858, 0.611802142473, 0.676106554126, 0.4510382652, -0.582618580885, -0.736803699081, 0.413360110978, -0.535026847619,  
65, 3518599.036258827, 94.3540160474018, 103.22429898795237, 93.77905465028242, 86.77475125904427, -0.499544361229, -0.41342248634, -0.761273458721, -0.829343238497, 0.482130822123, 0.282382122519, -0.250290279324, -0.772419392654, 0.583714877255,  
66, 4156467.5389040373, 99.74211994798584, 105.79336441400147, 99.24160088066614, 94.51126885666919, -0.772006171769, -0.601616611082, 0.205094914663, -0.622477110552, 0.780874646614, -0.0525074576982, 0.128564060253, 0.168202971275, 0.977332616291,  
67, 3561589.574331612, 94.73673664305434, 105.18070353079594, 93.27488317172886, 86.66714234749297, -0.116557668624, -0.889837930084, -0.441138037432, -0.863984278632, 0.309908625099, -0.396847338868, 0.489842297237, 0.33488072843, -0.80492820895,  
68, 3367860.474541822, 92.986912377701, 95.74547679612921, 92.66105601796242, 90.62540703158324, 0.511983808162, 0.830822380612, -0.218189715739, 0.339772273418, 0.0374192277165, 0.939763057166, 0.788940671024, -0.555278284531, -0.263132370362,  
69, 3371941.603557801, 93.02445732199163, 103.3091424052075, 92.50645027004552, 84.2326885716701, 0.875317356537, 0.444045941785, -0.191422900745, 0.420807486582, -0.894524955001, -0.150818314924, 0.238202822364, -0.0514616989999, 0.969851075657,  
70, 2610954.593340008, 85.42209858060914, 107.23025295601101, 76.79502745918293, 75.69379494327646, -0.825872113114, -0.0316991080838, -0.562965735482, -0.555538441111, -0.125128154062, 0.822021888704, 0.0965002239783, -0.991634061339, -0.0857297799159,  
71, 3682335.2797870017, 95.79545543713033, 100.76877757710093, 99.29025904235998, 87.86220246197917, 0.685626072778, -0.710650629, -0.157773799566, -0.174874193893, -0.37118012654, 0.911945354707, 0.706637038824, 0.597662946119, 0.378765228339,  
72, 3623567.322041095, 95.28310659794244, 106.42306814984123, 91.82341895718339, 88.52348246959129, -0.22671826356, 0.255887139955, -0.939744965708, 0.945030492359, -0.175623521883, -0.275814696987, 0.235618754519, 0.9506198768, 0.202004089938,  
73, 2857159.88364266, 88.02688047749264, 105.96060277891843, 89.70283946500187, 71.76213050339348, -0.331156939758, -0.921000826057, 0.205164713469, -0.145512404102, 0.264679347559, 0.953294803945, 0.932288164412, -0.285836179268, 0.221667447134,  
74, 3421957.4413045878, 93.48214412093678, 97.33383655269024, 93.87999602417649, 89.40238198788363, -0.737753959078, -0.631507924451, -0.238572498878, -0.655789257151, 0.586577545644, 0.475254913863, 0.160185973389, -0.507074476089, 0.846886019266,  
75, 3489156.5777929774, 94.09010429445595, 98.93294744931711, 94.23500366738905, 89.34672746005836, -0.412738108725, 0.210950257475, 0.886085347174, 0.548551225299, 0.83417707398, 0.0569224250164, -0.727144281989, 0.509557256957, -0.460013690072,  
76, 3521111.540021905, 94.37646896250172, 99.61041683896899, 92.5001827717102, 91.23129193527168, -0.90436722965, -0.0177169696384, 0.426387174903, -0.419938491749, 0.21481199451, -0.881763840358, 0.0759708962863, 0.97649470864, 0.201708965879,  
77, 3701655.138504838, 95.96269779676236, 100.32480145213293, 96.715346848157, 91.07593610847049, -0.750000049003, 0.227798362712, 0.620973294467, 0.588731815309, -0.198015204052, 0.783699450432, -0.301487605281, -0.953361361138, -0.0143992691386,  
78, 3434753.915784305, 93.59852525260816, 98.31397684356021, 96.43890264078375, 86.4847420005904, 0.366857049112, -0.192774932124, 0.910084463696, -0.923301052906, 0.0441331224785, 0.381533004081, -0.113714868067, -0.98025001558, -0.161798750724,  
79, 3264779.608911407, 92.0283749627732, 114.96399811799932, 84.18462657192133, 80.53239430551119, -0.418545383433, -0.894438874287, -0.157476544829, 0.358759393344, -0.322123957199, 0.876086670305, -0.834332942952, 0.310185841654, 0.455711843101,  
80, 3605730.0296393335, 95.12650318053393, 108.01667890200105, 96.46822351026951, 82.60940541933189, 0.691510526497, -0.620162523548, 0.370420890515, -0.6107051237, -0.775782983111, -0.158745125919, -0.385814001341, 0.11644401016, 0.915198529756,  
81, 3371185.823044388, 93.01750669494531, 99.50079294311584, 91.99092322868641, 87.92706230623261, -0.619754063092, -0.0112281688859, 0.784715763512, 0.761871775385, -0.248516266775, 0.598156386759, -0.188298431097, -0.968562642978, -0.162573391042,  
82, 3470076.6887040655, 93.91828521269139, 116.02962976857079, 91.1230172552884, 78.35260956547219, -0.893710848244, 0.442294965953, 0.0752069333504, 0.410979417226, 0.739866954408, 0.532628208407, -0.179935650575, -0.506924109574, 0.843001250761,  
83, 3816314.656026348, 96.94346132478653, 103.1109552999078, 96.30764766015321, 91.74660026586518, -0.578575099489, 0.814943222968, 0.0334424519017, -0.160245138019, -0.153778896869, 0.975024895384, 0.799732674081, 0.558766135531, 0.219563329797,  
84, 3183360.2314022086, 91.25690295004765, 122.42526359443629, 82.21053088717603, 75.50899268497606, 0.409497361466, 0.848002514489, -0.33645749564, 0.533550347879, 0.0765443825228, 0.842297443771, 0.740024281514, -0.524435594639, -0.421107313929,  
85, 3538784.695825034, 94.53410358247476, 108.20270096232564, 100.99172983515044, 77.31105828966678, 0.74396173538, -0.595653688498, 0.302849169834, 0.105093693901, 0.551874797199, 0.827278383447, 0.659906244699, 0.583635923839, -0.473173178247,  
86, 3175561.3476478755, 91.18231887161778, 100.37305003749596, 89.868819343545, 84.04381157824616, -0.705879516777, -0.46803783261, 0.531671604507, -0.6973789865, 0.590692245242, -0.405888187312, 0.124083266326, 0.657284762228, 0.743357305985,  
87, 3398005.161721952, 93.26352118538169, 98.67760514403174, 92.51237689778357, 88.86218439455305, -0.876650786423, -0.378864409077, 0.296555489242, 0.133675183087, 0.40031173026, 0.906576783313, -0.462184318309, 0.834393359364, -0.300288823898,  
88, 3420622.4207148035, 93.46998569772703, 115.57985547183166, 93.30999680181988, 75.71923317219225, 0.518035936887, -0.832158288633, -0.197867002687, -0.786475507692, -0.372449070914, -0.492684448075, -0.336296065831, -0.410845801042, 0.847414115927,  
89, 3736794.316029434, 96.26539447052315, 106.45776685408441, 94.76392471433435, 88.42807960525633, -0.28402190282, -0.952008372844, -0.114068473966, -0.147577504861, -0.0741451182028, 0.986267398582, -0.947392441799, 0.296955484006, -0.119436182714,  
90, 3097348.59345924, 90.42749333001093, 113.55749326899188, 87.20267277288663, 74.67167329115549, 0.523810570496, -0.510593181171, 0.681848289268, -0.291215730015, 0.644879921048, 0.706628110126, -0.800509765604, -0.568704220813, 0.18910215335,  
91, 3322160.882920686, 92.56440566965003, 99.50772472384435, 94.79953361544838, 84.07542167456364, -0.525062597959, 0.070399655604, 0.848146895718, 0.547398555371, 0.791015336825, 0.273220713867, -0.651662558233, 0.607732363297, -0.453869237555,  
92, 3019484.60270973, 89.66330370159537, 102.59779643930383, 87.45167059808618, 80.34115418444473, -0.635181277611, -0.771468254983, -0.0371682139066, -0.118468461145, 0.0497607672038, 0.991710184359, -0.763223406537, 0.634319003026, -0.123001764678,  
93, 3511455.538425211, 94.29011993892924, 101.43928350151022, 93.38793333915827, 88.49151428112135, -0.289168103382, 0.84977093041, -0.440762037631, -0.224936261527, 0.387224666894, 0.894125682216, 0.930475946082, 0.35769599268, 0.0791712737321,  
94, 3330192.379453484, 92.63893872595467, 97.41568231757381, 93.1436279803886, 87.61907959177604, -0.497464930574, 0.791902513238, 0.354145524293, 0.226467327394, -0.275533157408, 0.93423446136, -0.837401452395, -0.544951271855, 0.0422719627082,  
95, 3559767.5550506767, 94.72057891345861, 100.1550187473324, 93.78232670321418, 90.47723319278823, 0.069042231801, 0.954875920157, -0.288868737201, -0.588891159808, 0.272737630969, 0.760803119443, 0.805257953781, 0.117584700355, 0.581148402832,  
96, 3783840.3604668295, 96.66770290628645, 105.83494712331265, 101.8127144534235, 83.83262832978676, -0.249859979877, -0.317717095481, 0.914672530305, 0.968274961371, -0.0783882184672, 0.237273863685, -0.00368641267191, 0.944939751754, 0.327223587042,  
97, 3385945.368340954, 93.15305715646035, 107.80613159368743, 99.58569436036471, 75.29236152675762, -0.816623086794, -0.550346699976, -0.173911598064, -0.0198487460776, -0.27436067286, 0.961421992918, 0.57682992415, -0.788571322718, -0.213125567663,  
98, 3554336.383862562, 94.67238236469699, 114.65354247942098, 89.69292422698295, 82.51335705581849, 0.307462371477, 0.939111197595, 0.153417889037, 0.645082386227, -0.32423234522, 0.691911917293, 0.699525271241, -0.113769700994, -0.705493338049,  
99, 3659600.5360013633, 95.59790121358724, 101.23614071898126, 94.6822415571174, 91.14670248464415, 0.548115167585, 0.802468135317, 0.235827595639, -0.303684421301, -0.0717755283432, 0.950065285015, 0.77932376797, -0.592362359821, 0.20435581554,  
100, 3371982.6891377256, 93.0248351407385, 100.8119071201833, 91.50183591110324, 87.26801317890494, -0.959332165359, -0.104084654875, -0.26238936931, -0.138780311453, -0.63552885499, 0.759501875987, -0.245808506078, 0.76502905768, 0.595238371785,  
101, 3152712.9675397524, 90.96310460992517, 109.77592170850832, 89.53112415427627, 76.57988220627925, 0.179219096105, 0.786532899769, 0.590970822607, -0.90869671091, -0.0978650151002, 0.405823516324, 0.377028915567, -0.60974456652, 0.697180579495,  
102, 3508560.4211985217, 94.26419944298075, 96.38099962003989, 93.97186499473581, 92.48069359916823, 0.306079649038, -0.187800243369, -0.933298621576, 0.803096565214, 0.577380985576, 0.147197501465, -0.511225151364, 0.794583076894, -0.327546299822,  
103, 3689620.8441531267, 95.85859147481202, 101.72879035270368, 100.98759404075388, 85.73955475461257, -0.447148604134, -0.0989454145519, 0.888970151783, 0.0591336982346, 0.988418335469, 0.139758362334, 0.892502846805, -0.115060849329, 0.436118870719,  
104, 3603029.3056124123, 95.10274704792782, 100.32254776199136, 96.14362324186654, 89.17849679946933, 0.362826400217, -0.0654964488391, 0.92955216018, -0.695554942966, 0.644796383641, 0.31692419434, -0.620129280571, -0.761543064332, 0.188392772012,  
105, 3643947.5618803944, 95.4614081714148, 101.65085816265817, 96.97572074044096, 88.24892909150113, 0.141517131505, -0.77778330488, 0.612393690481, 0.891935006426, -0.168183970807, -0.419721450817, 0.429447139708, 0.605613146005, 0.669931243922,  
106, 2492221.932451998, 84.10710825444032, 93.59316446231341, 82.7791867577822, 76.7949775006156, 0.56065981658, -0.81965480003, 0.117586473971, -0.724201074788, -0.416525528187, 0.549581010993, 0.401488945487, 0.39328423965, 0.827124013371,  
107, 3423644.5479572513, 93.4975045725764, 99.25006933490965, 94.05628131085491, 87.55509759744855, -0.742517537428, -0.64065525474, 0.195521229502, -0.133633477937, 0.427714450859, 0.893981231403, 0.656361028845, -0.637668560539, 0.403198470624,  
108, 3135615.8844477804, 90.79837626841254, 97.36509624018258, 92.04450731032904, 83.52819019802608, -0.629337717136, 0.736424051504, 0.248220978477, -0.360637926714, -0.55968483389, 0.746118738894, -0.688385301707, -0.380042764803, -0.617813218793,  
109, 3498398.9923591893, 94.17310936218888, 107.80660964694678, 96.50277779127912, 80.27781199163917, 0.268089073623, 0.951853990522, -0.148668185335, 0.230082988197, 0.0865920190647, 0.969310910274, -0.93551593634, 0.29406768432, 0.195791036292,  
110, 3672497.7465290865, 95.71007198985313, 102.2052641342172, 98.9869190314357, 86.66063294924092, 0.128945834449, -0.970488593147, -0.203776500976, 0.445545124942, 0.24028151865, -0.86241192793, 0.885924665769, 0.0204127990982, 0.463379762414,  
111, 3713252.4558325903, 96.06281063665745, 131.44307633470936, 88.92315460711573, 75.8426137431858, 0.36065569392, 0.466074864649, -0.807899555011, -0.503781319789, 0.826316134817, 0.251805534435, 0.784940667997, 0.316189604326, 0.532815429433,  
112, 3523178.770274599, 94.39493469617892, 102.95074837550588, 92.75811543906995, 88.07743256440617, 0.232897527774, 0.719511184473, -0.654264775893, -0.367838501868, 0.687958445608, 0.62562609733, 0.900251952567, 0.0949570036109, 0.424887737367,  
113, 3598952.9957196177, 95.06686848346939, 102.0604387124013, 94.93620723117589, 88.67439969274707, -0.939550178744, 0.24542598506, -0.238770910035, 0.341051983142, 0.608684907751, -0.716370175168, 0.0304796065599, 0.75449901851, 0.655593032796,  
114, 3383012.37252588, 93.12615216888344, 104.13151785679537, 92.89494191031591, 83.4912014122256, 0.390125486661, 0.859364687277, 0.330597094541, 0.827661460082, -0.169968544363, -0.534871200779, 0.403458315261, -0.482289361471, 0.777572092901,  
115, 3742134.571426053, 96.3112302905306, 100.25060151661755, 98.11902995312903, 90.82189491439635, -0.872523401292, -0.33104628548, 0.359320568668, -0.17481956232, 0.898299917991, 0.403107154448, 0.456224763498, -0.288904160937, 0.841661066561,  
116, 3324495.593369161, 92.58608437888786, 101.43035242854381, 91.06842450030656, 85.92140984925506, -0.82698412429, 0.286842654897, 0.483547877159, 0.51407191077, 0.734039502667, 0.443752272198, 0.227656163392, -0.615554465385, 0.754496767,  
117, 3613226.608243129, 95.19238255037064, 104.10106616518009, 91.34372773850875, 90.71365836907285, -0.475720168124, -0.759150027933, -0.44427644179, -0.113163314299, -0.448071226043, 0.886806766263, -0.872286871354, 0.472147658558, 0.127248585773,  
118, 3036587.5921904133, 89.83227561169744, 103.4432960838537, 87.07813946754938, 80.4795820426624, 0.539942803995, -0.0242301424443, 0.841352879957, -0.725784806402, 0.492814599792, 0.479968941733, 0.426260698646, 0.869796913325, -0.248505827618,  
119, 3221143.0826182636, 91.61652233724296, 99.06728778896588, 92.9675593312757, 83.49485298212372, -0.239957486519, 0.952081450972, 0.189634689279, 0.546974707377, -0.0287874002644, 0.836654023522, 0.802021866381, 0.304486775247, -0.513856720834,  
120, 3634327.0405599424, 95.37732372650929, 101.4979845397365, 97.4366875601262, 87.73148210936684, 0.917049762699, -0.114072355555, -0.382108924827, 0.178385095628, -0.739643340077, 0.648927181691, 0.356648973632, 0.663261055074, 0.657940941445,  
121, 3187495.6402353547, 91.29640222927678, 101.2260916518836, 93.43433305947174, 80.4566658270536, -0.899127497522, -0.432599356856, -0.0665397599066, -0.156098923063, 0.174913530794, 0.972130846627, 0.408904474687, -0.884456360254, 0.224797858948,  
122, 3601025.9358852897, 95.08511731921267, 100.09624731075843, 93.7193053635599, 91.64120334466402, -0.6057358322, 0.721606238634, 0.335214167292, -0.0053671946273, -0.424996304444, 0.905179172557, 0.795647720295, 0.546500299701, 0.261308491281,  
123, 3595269.4563248223, 95.03442366830913, 109.68372996311926, 94.14821338251154, 83.116747853867, 0.12352972789, -0.889422883717, 0.440076516357, 0.0416939383727, 0.447733430517, 0.893194486493, 0.991464584254, 0.0919875487166, -0.0923919317397,  
124, 3489895.0910387994, 94.09674218194499, 101.93031560316221, 91.41624505929339, 89.41224822569335, 0.476557392427, 0.38946754265, -0.788167548777, -0.576868168908, 0.815053319138, 0.053955561924, 0.663412516782, 0.428955848758, 0.613091112635,  
125, 4123266.8284257315, 99.47583888986524, 108.99860446137504, 98.9046004853946, 91.30938134025818, 0.608183110777, 0.551138401668, -0.571279061381, 0.412137600205, 0.395837386063, 0.820643261285, 0.678421625734, -0.734546952891, 0.0135967545732,  
126, 3522352.0189563106, 94.38755052722443, 97.93956289388721, 95.89445746493506, 89.53492608969519, -0.0342329408208, -0.166638088219, 0.985423692285, 0.225711042488, -0.961815973209, -0.154804906183, 0.973592641232, 0.217121581686, 0.0705378459016,  
127, 3384475.0218582037, 93.13957130186259, 99.34963263653736, 93.50984195461278, 86.97193155734541, -0.888018018557, -0.444913759314, 0.116085078673, -0.458219639362, 0.835311667834, -0.303791342345, -0.0381937274931, 0.322964648769, 0.945640034488,  
128, 3138728.9156107367, 90.82841445932176, 95.99027487522976, 94.54543350722653, 82.56527015286278, 0.0543976593951, 0.00339893238668, 0.998513566213, -0.649142937223, -0.759719162915, 0.0379505013729, 0.75871888187, -0.650242447676, -0.0391205513072,  
129, 3215845.5102758193, 91.5662698382581, 99.37661725034876, 90.1956894841711, 85.65181602571094, -0.435761331879, 0.894812105821, -0.0970739765133, 0.125144017726, 0.167039458999, 0.977975865737, 0.891319828382, 0.414015838362, -0.184769719162,  
130, 3008309.0141498777, 89.55254760603914, 108.58910465749541, 88.05655097985792, 75.10795070120363, 0.00444060216757, -0.224829639627, 0.974387969034, 0.194586312322, -0.955577710213, -0.221376165838, 0.980875347896, 0.190585605147, 0.0395054300244,  
131, 3161191.7924898523, 91.04457622686222, 108.7955071783679, 91.54780978687421, 75.77105194744932, -0.177296009793, 0.790887191986, 0.585716291786, -0.753381345446, -0.491999707025, 0.436294437991, 0.6332319269, -0.363914465004, 0.683069241669,  
132, 2984625.4265321447, 89.31692067072497, 105.63293761988014, 83.78929371980881, 80.5032359737204, -0.212439125812, -0.110656827932, -0.970888605483, -0.975069564274, -0.0411714184118, 0.218046460951, 0.0641011907182, -0.993005529057, 0.0991516848593,  
133, 3440148.1251149043, 93.64749780149732, 98.26343848003248, 91.50424823796098, 91.33880364914633, -0.555194701788, -0.823039093489, 0.119856137493, -0.290616487142, 0.326992017906, 0.899232048821, -0.779295130555, 0.464416699543, -0.420732965998,  
134, 2302812.983584998, 81.9200144115374, 116.47844304234661, 82.07285535361189, 57.507562523173235, -0.565520003251, 0.299746117028, -0.768335467911, 0.17192867694, 0.953994697907, 0.245631118572, 0.806614936614, 0.0068104105295, -0.59103803798,  
135, 3307997.7907144516, 92.4326775859254, 105.35296802817734, 91.83001574364961, 81.6291299555684, -0.21188946756, 0.976258022147, -0.0449791922017, -0.197045646032, 0.00240235150278, 0.980391371896, 0.957222997486, 0.216597559777, 0.191858359687,  
136, 2916829.1607856224, 88.63545149852584, 108.51061588575575, 83.88026550696767, 76.50509502700251, -0.62761380147, -0.557797719081, -0.54310461312, -0.0462833703813, -0.669640339494, 0.741241974896, -0.777147840395, 0.490350405639, 0.394458760658,  
137, 3826133.0841758, 97.02652726527367, 102.95254909651725, 96.29090012891865, 92.14019180932361, -0.165401915285, 0.912962835073, 0.373016176856, 0.567303338705, -0.221310858982, 0.793213984743, 0.806727418844, 0.342812434828, -0.481321624501,  
138, 3227549.30064209, 91.67721784653294, 103.1732193039814, 89.4793876782574, 83.46305747232874, 0.3247592912, 0.511419072565, 0.795601618272, -0.397973669571, -0.689210291451, 0.605480084302, 0.857990886378, -0.513263778554, -0.0202961207425,  
139, 4280242.23273596, 100.7225192025639, 116.56499566084268, 106.171719891211, 82.56628305083099, -0.898730023168, 0.372761853805, -0.230939268651, -0.295668972328, -0.126210293347, 0.946916480296, -0.323827429751, -0.919303846506, -0.223643094101,  
140, 3536766.6277635917, 94.51613013039957, 101.58252363229639, 92.34706773322914, 90.00687570256682, -0.919477967257, 0.34577735826, 0.187078289074, 0.389238946452, 0.867557338385, 0.309576011956, 0.0552567669437, -0.357466478329, 0.932289872614,  
141, 3734808.5706107514, 96.24833952800181, 102.6356255485313, 96.46088716898282, 90.05967013828838, -0.824693250778, -0.37939377965, 0.419453694804, -0.0706253243499, 0.80490969705, 0.589179465999, -0.561153370909, 0.456268275861, -0.690598403387,  
142, 3247355.7103135604, 91.86436653235482, 94.99275807761879, 92.15537620697128, 88.55846496539849, 0.184785429052, -0.88815966881, -0.42074546689, 0.494471471451, 0.454003889983, -0.741200669051, 0.849324619407, -0.0710835464751, 0.523062921922,  
143, 3153367.632444754, 90.96940037608215, 98.61768517603653, 89.06082809223837, 85.7125593243467, -0.381873270543, 0.61696445742, -0.688133463454, -0.067174121152, 0.724062620597, 0.686455358273, 0.921770276529, 0.308363713388, -0.235056115796,  
144, 3495371.7686970728, 94.14593833012214, 101.45807109329854, 93.23687650122743, 88.21256443437778, 0.720747256719, 0.659609941933, -0.213162183408, 0.207006447053, 0.0886696455588, 0.974313104107, 0.661567625274, -0.746359443204, -0.0726351067293,  
145, 2329790.5704513784, 82.23867249685284, 102.34660812148846, 76.31407253326954, 71.2115090671416, 0.410232643848, -0.908007260378, -0.0850411254741, -0.451066812818, -0.283061869178, 0.846412847605, -0.792620910837, -0.308866950834, -0.52569315992,  
146, 3313897.224913719, 92.48759264273333, 101.28553678068909, 94.62015636893655, 82.55042824280727, -0.743724951867, 0.232295547921, -0.62682690943, 0.653495246225, 0.0551831583286, -0.754916407424, 0.140773431909, 0.971078574294, 0.192845128057,  
147, 2991433.959795941, 89.3847857359599, 101.85096639662572, 98.80892941893174, 70.96259071557368, -0.21176101148, -0.180284581067, 0.960549188666, -0.770516073893, -0.573814002326, -0.277565254684, 0.601217310039, -0.798896088715, -0.0174007340534,  
148, 1880338.2993013968, 76.56832163917458, 104.67548836083216, 82.7266623917138, 51.839032068938295, 0.864652543001, 0.403540912507, -0.299216830767, 0.434318230524, -0.899801422835, 0.0415340113611, 0.252475057215, 0.165867813026, 0.953280763514,  
149, 3133426.2187625673, 90.7772358828467, 102.60150760542098, 90.47362739320538, 80.58516852647774, -0.904065687328, -0.337795122389, -0.261839050349, 0.0932100683126, -0.753727846534, 0.650543016659, -0.417105641489, 0.563727583722, 0.712905390069,  
150, 3437967.263453167, 93.62770452489752, 99.12227045032343, 94.35759684229998, 87.75361474953877, -0.948932524346, 0.280225625767, 0.144916054674, 0.168675067707, 0.062481342496, 0.983689383583, 0.26660042343, 0.957898575269, -0.106557654459,  
151, 3108678.6160686594, 90.537619651687, 98.19200744640321, 92.09365504496121, 82.06942069301907, 0.0372882674691, -0.879216762723, 0.47496049231, -0.85085479775, -0.277195655521, -0.446327997896, 0.524076042435, -0.387479615859, -0.75842194657,  
152, 3852190.3780344133, 97.24629056829478, 103.44695384166376, 97.29424116916259, 91.37224401815448, -0.344475994385, -0.867126286278, 0.359761438927, -0.932768889019, 0.272784895338, -0.235649316898, -0.106200230562, 0.416749810464, 0.902796270765,  
153, 3630458.883350106, 95.34347376875438, 98.56163031407092, 95.91335902149623, 91.68239163032509, -0.487338494411, -0.610076048322, 0.624746674365, 0.535563654379, 0.35626359819, 0.76566821843, -0.689690339192, 0.707731208771, 0.153113592333,  
154, 2768223.8983824565, 87.10388679983694, 100.94064624875794, 90.37138404681802, 72.44619656144997, 0.912061760108, 0.180075274823, 0.368396852791, -0.311396966608, -0.280354268522, 0.907983156952, -0.266786946713, 0.942854378745, 0.199625513261,  
155, 2474428.5687629287, 83.90646746539409, 100.78009329755044, 85.54033419040508, 68.52366973023992, -0.0399156879765, 0.635893891187, 0.770743600041, -0.804311022797, -0.478124864775, 0.352817789079, 0.592866356323, -0.605834608482, 0.530541148927,  
156, 3781641.938433588, 96.64897787575671, 118.18525908410014, 99.41080496256146, 76.8413337374118, -0.629209959933, 0.755737260955, -0.181537926411, 0.774101772678, 0.588386987229, -0.233596230268, 0.0697228216439, 0.28750990533, 0.955236506044,  
157, 3412692.4697956173, 93.39770003104564, 101.50781334666463, 91.93997466562591, 87.2980801207961, -0.654571679775, -0.729708717767, 0.197638820205, -0.0194046678956, 0.277557858316, 0.960512932839, -0.755750868276, 0.624889448224, -0.195841268882,  
158, 4028058.486967062, 98.70421968617164, 113.20273181589853, 96.12664260308031, 88.3703300607691, -0.102063336526, 0.994429521998, 0.0263249143545, -0.0144591877607, -0.0279432921092, 0.99950492961, 0.994672814159, 0.101632171111, 0.0172306287995,  
159, 3392164.230788852, 93.21005273504055, 97.92081336461044, 92.29768120193104, 89.6029810056701, -0.352992312672, 0.755280671885, -0.552220548215, -0.0934805147398, 0.558791463548, 0.824022750675, 0.930944585117, 0.342495557552, -0.126645065038,  
160, 3136554.710918189, 90.80743726483925, 99.6894560001318, 93.42463058878874, 80.39955456984627, 0.34742233281, -0.84515213251, -0.406221116609, -0.572796344736, -0.534264830592, 0.621663444517, -0.742429841885, 0.0167022066318, -0.66971558603,  
161, 3292743.4515021765, 92.29037878856693, 101.37053935810297, 94.66872134577713, 81.91265766106116, -0.269772252893, 0.809925582839, 0.520810408721, 0.759323283973, -0.153677564026, 0.632306378848, 0.592157987352, 0.566042186218, -0.573537410669,  
162, 2885983.6896580355, 88.32190363662512, 104.52684422835442, 91.09993778806788, 72.35346659072994, -0.897225149453, -0.399778553654, 0.18752103676, -0.0675098341992, 0.543862036572, 0.836454725291, -0.436382233226, 0.73782870181, -0.514955680919,  
163, 3276270.1557481308, 92.13621462426286, 100.86257459606384, 95.65681722610961, 81.06719013462104, -0.807060196808, 0.253645100478, 0.533214780113, 0.293386855484, -0.611418932128, 0.734908866776, -0.512423644807, -0.749553902291, -0.419035745257,  
