# Void_ID, Void_Volume, r = (a*b*c)**(1/3.0), a, b, c, vector_a, vector_b, vector_c 

3, 808168.3423748217, 57.7835750922922, 152.88737524009227, 46.77157328112845, 26.98109812460837, 0.625793560304, -0.727974755412, 0.280062806107, -0.581606857819, -0.67476318965, -0.454343593364, -0.519726738603, -0.12143884624, 0.84565756888,  
5, 1779556.3342199728, 75.17516277502598, 126.52898172522853, 86.91307676796563, 38.632071307818244, 0.68451172258, 0.456597033824, 0.568298205481, 0.534916613716, 0.215044247527, -0.817080282455, 0.495285693334, -0.863293183286, 0.0970410308597,  
11, 2262459.6925926153, 81.43868400161206, 130.06319489691674, 94.82538918640964, 43.79385636520936, 0.520532677677, -0.538726257011, 0.662434714879, 0.0399436952069, 0.790343225773, 0.61136084818, 0.852906930845, 0.291773208984, -0.432918193006,  
13, 943515.5225023341, 60.844334704747986, 81.15507006420465, 68.50417534181543, 40.51610990271495, -0.0384976439383, 0.753679185783, 0.656114026926, -0.915105548702, -0.290327988357, 0.279806172038, 0.401372353489, -0.589641708239, 0.700872948372,  
14, 1573381.9300633997, 72.15202364848014, 137.19918115602843, 56.212624320084764, 48.7034995641635, 0.0221903090474, -0.392032158716, 0.919683846067, -0.844161388688, -0.500199881054, -0.192851312781, -0.535629666871, 0.77208216242, 0.342038001458,  
18, 1750131.2444774634, 74.75851562674123, 118.95016042635693, 80.76108989108006, 43.49254340437273, 0.0415370957161, 0.14454757496, 0.988625646164, -0.913406759481, -0.395515637677, 0.0962053641337, 0.40492315495, -0.90701343922, 0.115602161135,  
21, 1872305.6115333969, 76.45913431492896, 93.40481834396286, 80.05983492891838, 59.772876900503256, -0.932508530653, 0.165359022757, 0.321067335387, -0.224142032153, -0.962070015874, -0.155504450027, 0.283175192562, -0.216973911216, 0.934202404284,  
24, 2260758.792417713, 81.41827055522695, 120.33920630802086, 84.47441206747109, 53.09251502656514, 0.340605082702, 0.452785130356, -0.82399866709, 0.790299387371, 0.33688791377, 0.511794306217, -0.509328043561, 0.825525383792, 0.2430900754,  
26, 2736714.732300387, 86.77213972997801, 103.4934248095123, 90.4417200103328, 69.80063101942694, -0.892797946012, 0.371209973074, 0.255176377212, -0.266318252164, -0.891852439926, 0.365614296716, -0.363299347867, -0.258461566368, -0.895104017727,  
28, 2266613.2586359587, 81.48849029049329, 136.2736408512748, 94.41142351532757, 42.05836740070571, -0.988219377822, 0.125293728502, 0.0878859652882, -0.0880456541837, -0.935141354398, 0.343159744252, 0.125181564441, 0.331379131651, 0.93515637571,  
32, 1418240.4358184056, 69.69801636426342, 124.69651868270576, 82.20131974055425, 33.03148776697494, 0.729216507593, 0.0309314520799, -0.683583594249, 0.448940481509, 0.732299037929, 0.512045469768, 0.516425918324, -0.680280357147, 0.520118165962,  
33, 748833.2162198618, 56.33333944293869, 67.7875941925513, 54.22900766838543, 48.63115818135776, 0.478579142104, -0.859483799862, 0.179581743278, -0.763228157787, -0.508321106561, -0.398863926402, -0.434102273553, -0.0538261126192, 0.899254116308,  
37, 1500710.8437344008, 71.02361995315509, 92.89119414248013, 86.11105765879374, 44.78936878245292, -0.619670317169, -0.127442649649, 0.774446298377, 0.711561638392, 0.32515346216, 0.622860546843, -0.331192893625, 0.937034469535, -0.11080464844,  
39, 444940.39865430543, 47.35920572486178, 111.63778848749702, 33.91959276496364, 28.05119557388368, -0.32623069054, 0.373035638619, -0.868572362483, -0.157195020488, 0.884640085413, 0.438977954817, 0.932128350649, 0.279743331648, -0.229957401088,  
41, 1969781.1874859605, 77.76361808707229, 102.92798008660428, 79.65454173949593, 57.356861947150676, -0.0751957031394, -0.98495795844, -0.155574504131, -0.612049061722, 0.168759356981, -0.772603537059, 0.787236655825, 0.0371227630644, -0.615532572809,  
45, 1096114.3550694159, 63.962056505164504, 116.89336030445006, 56.35248161661717, 39.725042158281376, -0.408189092411, 0.880055883626, 0.242658827433, 0.235669411841, -0.155216292516, 0.959358030591, 0.881953282867, 0.448786746944, -0.144044654912,  
49, 948923.3424410508, 60.960357728495, 112.40950643312307, 85.18975838512588, 23.656587284741754, 0.781481472796, -0.0527112951645, 0.621697858319, -0.159621083213, -0.980155586239, 0.117542062929, -0.603164834411, 0.19109303003, 0.774387265135,  
51, 2070771.252808571, 79.0705038144763, 106.13630659923322, 82.64117260876334, 56.361569252975336, -0.84671941648, 0.443799577085, 0.293441928045, 0.51113885764, 0.52547098596, 0.680159768823, -0.147659398502, -0.725894054455, 0.671769695462,  
52, 1684270.7552209334, 73.80873570023427, 112.02744975020673, 82.67389941236998, 43.414062470754004, 0.174313697928, 0.433400837489, 0.884182361721, -0.426498852044, -0.776101383495, 0.464505513145, 0.887532232609, -0.458072435975, 0.0495598575401,  
55, 119173.47717409332, 30.52790493420056, 101.67305039890297, 34.49724468572823, 8.111491907271361, 0.474289243231, 0.814136467918, 0.335009739204, 0.680986926455, -0.580442588279, 0.446478675537, -0.557948492025, -0.0163772194937, 0.829713966936,  
56, 2583145.942547286, 85.11774538776811, 121.94645148281855, 88.17721861615485, 57.35017815017413, 0.116234589866, 0.705047792437, 0.699569246392, -0.655249339591, -0.474887799029, 0.587477558123, 0.746416655149, -0.526677499721, 0.406783711822,  
57, 1230112.3709860062, 66.46893580696266, 134.88351218703036, 53.68075919897759, 40.55819898298294, -0.917486842606, -0.26424962098, -0.297304610554, -0.396891852932, 0.65770724946, 0.640232794446, -0.0263581243882, -0.705402942877, 0.708316269373,  
59, 1719287.0404985845, 74.31673023223395, 154.96507856622424, 73.3919009921415, 36.08924550217059, 0.918157796906, -0.0249824962418, -0.395426522709, 0.134939383063, 0.958064393558, 0.252792366766, 0.372528687323, -0.285461893566, 0.883025415514,  
60, 1154016.0854343106, 65.06904274019955, 95.19174557785998, 72.03876880426431, 40.1751660532867, -0.324640746477, 0.929095027034, 0.177174536735, 0.940803580705, 0.336497262716, -0.0407211826534, 0.0974525949326, -0.153466683436, 0.983336650805,  
61, 1906020.3953823124, 76.9153424631339, 107.02767214203126, 84.27566726359912, 50.44761683363969, -0.880475705612, 0.412432715989, -0.233798602667, 0.444350474279, 0.889831163378, -0.103697428556, -0.165273070507, 0.195191586558, 0.966739394409,  
63, 1712302.5261538823, 74.21595769492617, 118.03461650376582, 67.12590594630659, 51.59318448725126, 0.488961071101, 0.86126319845, 0.138357413762, -0.313967181334, 0.0257818522248, 0.949083718721, 0.813843768787, -0.507504678886, 0.283014700883,  
65, 3795851.8912469503, 96.76988309909791, 120.12562334788923, 87.64062052784679, 86.0754993921633, -0.718849406014, -0.0465346764734, -0.693606556601, -0.642625105546, 0.425004038829, 0.637498659372, -0.265119794048, -0.903994519267, 0.335418252246,  
70, 2955536.3144107168, 89.02580242867403, 135.7031886559481, 88.00810648838186, 59.07924829738256, 0.436682878745, 0.639243909156, 0.632989168958, -0.381479212506, -0.505648311479, 0.773817417434, 0.814727975362, -0.579385027167, 0.0230503027752,  
72, 1872601.963284689, 76.46316812985583, 103.08157294654349, 93.88910600869514, 46.19134671178533, 0.230448613031, -0.71220071406, 0.663071323196, 0.767616749822, -0.285735380329, -0.57368965288, 0.598045117148, 0.641190638828, 0.480849875257,  
76, 1268406.6256588586, 67.15164112260656, 150.0169978156591, 60.85112998917073, 33.171168872438656, -0.668050574427, 0.465636241069, 0.580423398056, 0.719478317422, 0.603251548965, 0.344148978541, 0.189893077197, -0.647510972629, 0.738017723065,  
79, 285742.37632653967, 40.859716368698066, 78.14944811093457, 48.213855797705776, 18.104572019310154, 0.76331573265, -0.626462585599, 0.157777441774, -0.475070194202, -0.378820323279, 0.794231372619, 0.437786937756, 0.681204661989, 0.586773214807,  
83, 2253753.2808018727, 81.33408542696088, 118.67211387422036, 95.51307146051965, 47.46858359821286, 0.855879017015, 0.516193797198, -0.0318601940943, -0.465620866074, 0.795908945331, 0.38694464697, -0.225096240104, 0.31634303292, -0.921552368677,  
86, 988700.138445852, 61.80050091618818, 121.59985680752348, 62.12739040546044, 31.243509437884626, 0.766628559756, -0.532657325203, -0.358548218896, 0.402604396352, -0.0362343303404, 0.914656642322, -0.500190315185, -0.845554993606, 0.186671908393,  
88, 1715831.0061822457, 74.26690076741279, 150.6126010701582, 61.163418654616265, 44.46648920535022, 0.829142137602, -0.163887439275, -0.534475652299, -0.273504000862, -0.952749935617, -0.132148105149, -0.487564228759, 0.25575079165, -0.83478898855,  
89, 2797403.102614307, 87.40886499885595, 109.47212427949583, 91.38479299011354, 66.75579387379348, -0.764795931481, 0.615836461201, 0.189295103599, 0.364775387047, 0.171718074761, 0.915123936855, -0.531061296081, -0.768933258389, 0.355971268431,  
91, 2278368.095853513, 81.62911607535102, 131.58690634177472, 80.85979393132438, 51.1198975072174, 0.85754488577, -0.034533562596, -0.513248674567, -0.357520890731, 0.67736418148, -0.64292812844, -0.369858867112, -0.734836851759, -0.568523719572,  
95, 2848403.6027421933, 87.93686371570178, 129.19665723671085, 81.40583250088743, 64.65559578892979, 0.0529211631521, -0.236755493245, 0.970126892169, 0.793467580133, -0.579877402476, -0.184800966921, 0.606307306379, 0.779544119672, 0.157170021684,  
98, 1585358.5431252462, 72.33463527192784, 120.83283633383482, 77.84179976269769, 40.23843205297177, -0.606015004826, 0.68645000821, -0.401910686788, 0.763146080248, 0.644264139853, -0.0503167795188, -0.224396689207, 0.337209288615, 0.914295368874,  
102, 892049.4345547184, 59.71729183140424, 92.81191411627204, 56.614523466494006, 40.529264951465024, 0.260260442393, -0.896904819793, 0.35752796584, 0.631362863887, 0.438240648002, 0.639785955257, -0.730510394334, 0.0592189046807, 0.680329100582,  
104, 1828728.2286850968, 75.86128354023431, 135.68320494294082, 70.05329969393357, 45.9309966903566, 0.411947898309, -0.869168025938, -0.273579735665, 0.645972848344, 0.0668094012256, 0.760431182363, -0.642664771309, -0.48998310848, 0.588980937827,  
105, 1891964.1668412916, 76.72580125088767, 148.41523109311268, 89.81247426944984, 33.88513059342813, -0.250186256321, 0.523642318039, 0.814374336474, 0.967221799496, 0.0974183917996, 0.234502979764, -0.0434606457284, -0.846350033791, 0.530851007887,  
107, 3657290.833448473, 95.57778524895078, 100.74522436308332, 98.33663411885705, 88.13148352018374, 0.979697323615, -0.128104151942, -0.154215694262, -0.136349249521, -0.989679335347, -0.0440873603432, 0.14697631189, -0.0642194631106, 0.987053101054,  
108, 3742859.1204337217, 96.31744578971185, 100.40370290134076, 96.33189522696705, 92.38363298646452, 0.159709521623, -0.423231280157, 0.891834150613, -0.383520777589, -0.859064280445, -0.338999078496, 0.909617876836, -0.287895546266, -0.299518734939,  
109, 3337012.2912972067, 92.70213413453669, 96.90600395145191, 96.22110073746832, 85.43743293272888, 0.881291719218, -0.271064219386, 0.387103467573, 0.211332451648, 0.958727547774, 0.190210630671, 0.422686054323, 0.0858235288743, -0.902203314876,  
110, 3510469.0159034836, 94.28128902932367, 102.81092814959415, 98.84408264400008, 82.4682122308438, 0.885662563947, -0.461764875107, -0.0487342070842, -0.223188178032, -0.515394465375, 0.827378741719, 0.407171781942, 0.721901478859, 0.559526044802,  
111, 3361505.7778388746, 92.92839098390003, 105.14929308139732, 100.26975867663265, 76.11476761633232, 0.105395823473, -0.991473736025, 0.0766260475773, 0.993194892473, 0.101112109755, -0.0577948685149, 0.0495542728768, 0.0821959368438, 0.995383444712,  
112, 3504413.554375261, 94.22704696055379, 105.18739662252895, 92.96790985853666, 85.5519609535578, 0.276016111033, -0.171479906876, -0.945732387089, 0.276812997888, 0.956448395644, -0.0926338527183, 0.920429068777, -0.236222581493, 0.311463033669,  
113, 2977077.2996308985, 89.24156285238642, 97.07500027954987, 88.52651166730175, 82.70290219496613, -0.503164791139, -0.780302670707, 0.37142015972, -0.849042523159, 0.366240192917, -0.380781978249, -0.161096203636, 0.506947594116, 0.84678931854,  
114, 3179966.519066315, 91.22446240769393, 110.91345357244514, 92.5161643190589, 73.98302607386626, 0.636391402477, 0.613740806428, -0.467256038354, -0.174127634998, 0.704417855846, 0.68809523403, 0.751455620502, -0.356535702125, 0.555154702337,  
115, 3296007.912100233, 92.32086793344727, 105.31142384696504, 90.18742323893902, 82.84726443044495, 0.717298282118, -0.59672712269, -0.359721997543, -0.598521572677, -0.263372594568, -0.756575709015, -0.356728330121, -0.757991832064, 0.546070765572,  
116, 3234581.4775564936, 91.74375158510433, 115.2733281043056, 87.08836874329134, 76.9202165306394, 0.417141934694, -0.336493805687, 0.844253827385, -0.499292675, 0.691348750271, 0.52224872445, -0.759407289279, -0.639381595163, 0.120381662874,  
117, 3166988.4228685857, 91.1001912756962, 96.71384345244716, 91.08943407845683, 85.8225115725713, -0.959796884921, -0.0192268819546, -0.280036188209, -0.268671485586, -0.225940173176, 0.936358195873, 0.0812746733587, -0.973951418273, -0.211690959455,  
118, 3510774.1841506674, 94.28402093607743, 104.89251429032615, 96.5814583099379, 82.7324780197293, -0.213543496576, 0.930142058649, -0.298722154856, 0.3655727411, 0.35964114812, 0.858495670078, 0.90595570865, 0.0741214902056, -0.416833610275,  
119, 3083948.26175526, 90.29689667140862, 100.33494309195287, 93.26014554607607, 78.68105536342246, 0.355384066611, -0.686131369452, 0.63476445163, -0.463171774735, 0.460594524956, 0.757182006303, -0.811895357967, -0.563095398165, -0.154108728753,  
120, 3249116.0753699676, 91.88096317513791, 123.84628445650948, 96.42363994296417, 64.95463011116674, -0.64814122091, 0.565107599234, 0.510457009989, 0.724948292503, 0.663106255114, 0.186386876217, 0.233158596143, -0.4908599553, 0.839460286927,  
121, 3154251.858129686, 90.9779023938714, 105.79118730129707, 86.74309629310187, 82.05845707411825, -0.577331354574, 0.209540768104, -0.78916485827, 0.143552767988, 0.977503557337, 0.154529602979, 0.803791707987, -0.0240720147938, -0.594423610126,  
122, 2930433.1166582187, 88.77303503639682, 102.97448508358441, 84.36612923818551, 80.52772898350247, -0.753411332973, 0.0886188889696, -0.651550501393, 0.169127087454, 0.983656168362, -0.0617784002104, 0.635426936505, -0.156739385481, -0.756085559578,  
123, 3729812.3380279955, 96.20540170204436, 105.63842092244703, 97.80871661117835, 86.17849606686536, -0.0685981003607, 0.188616635374, 0.979652012445, -0.546144861148, -0.828855993478, 0.121340565009, 0.834877291144, -0.526708180054, 0.159869952762,  
124, 3492455.620185878, 94.11974942080788, 106.730737743999, 94.65274406912886, 82.53146729884097, 0.395775111831, 0.278238621326, -0.875183026834, 0.582422933868, 0.660773946296, 0.473456775218, 0.710032102767, -0.697109074319, 0.0994653283418,  
125, 3768764.1143325395, 96.53914515974915, 98.90931416884152, 96.73749340787076, 94.03257435738061, 0.566154723538, -0.0356625304763, -0.823527178019, 0.29327419285, 0.942407003213, 0.160808233942, -0.770362951357, 0.332561609654, -0.544007076205,  
126, 3410403.8910577293, 93.3768176153257, 104.1887957545392, 95.28151315907485, 82.01391465448324, -0.408176957698, 0.661344777904, 0.629296953705, 0.763877470612, 0.624892498059, -0.161246940314, -0.499882767351, 0.414888479725, -0.760253094894,  
127, 3325374.6410119357, 92.59424405350316, 102.42655132967269, 90.21799345206226, 85.91050208666931, 0.340001785972, 0.386565500151, 0.857301522003, 0.74691011913, 0.442914516339, -0.495935484874, 0.571422837728, -0.808946132514, 0.138137957181,  
128, 3390077.957405129, 93.19093990923429, 98.21799598678037, 93.30109764783325, 88.31678564828384, -0.986766493657, 0.134593746719, -0.0904235054661, 0.094115221656, 0.929529600409, 0.356534776726, 0.132038676339, 0.343306343237, -0.929895984852,  
129, 2895539.37510877, 88.41927616103952, 108.0594510162229, 87.00565589015518, 73.52425348416963, -0.977569414248, -0.152141257607, -0.145640235033, -0.199168051301, 0.442938723415, 0.874149515037, 0.0684845067709, -0.883548711183, 0.463305026197,  
130, 3579687.2263507806, 94.89692884750329, 100.0771327220678, 95.07337850475928, 89.81785754973298, -0.0640440145711, -0.292851574844, 0.954010649473, 0.369271442462, -0.895071967746, -0.249969546821, 0.927112164724, 0.336279835356, 0.165465725615,  
131, 3752647.978404621, 96.40134039282641, 103.0121234042639, 96.04062975198502, 90.55363302278964, 0.334075365893, 0.797871709484, 0.501791176794, 0.86996037994, -0.0561461029224, -0.48991484205, 0.362715573471, -0.600206922928, 0.712873805404,  
132, 3679595.5945745264, 95.77169202906062, 105.43711593800059, 99.70477357163978, 83.56068882290039, 0.92751371205, 0.373784480806, -0.00186436790108, 0.35135251317, -0.870127009153, 0.345587035971, -0.127552833948, 0.321191764918, 0.93838484893,  
133, 2865509.3269936447, 88.11254371246297, 115.47720636015636, 82.19523167640934, 72.07262239583262, 0.543952725652, 0.568138201233, 0.617522806506, -0.584771352214, -0.271126789338, 0.764547401888, 0.601795561537, -0.776987289731, 0.184750788121,  
134, 3452496.7028719033, 93.75941473567251, 99.0750055189075, 93.56828828227034, 88.91025858427798, -0.165414193617, -0.908346402787, -0.384115812086, -0.908447777991, 0.291938165513, -0.299156718427, 0.383875994577, 0.299464388637, -0.873475987492,  
135, 3706878.4733138, 96.00781362556339, 98.52302990504307, 96.73104951741104, 92.85730603845724, -0.216452907497, -0.628426518218, 0.747146739293, -0.529048205935, -0.567683623579, -0.630748205957, 0.820521867248, -0.531803925071, -0.209591151163,  
136, 3587450.517203739, 94.96548050978122, 101.99940975566972, 93.72705602095668, 89.58487158968104, -0.54473135114, 0.59861106008, 0.587309589428, 0.82694277185, 0.267008068914, 0.494845777208, -0.139403755942, -0.75522942864, 0.640464755428,  
137, 3528145.5034167985, 94.43927101322362, 100.17429535815438, 97.45828185016008, 86.2745755342304, 0.336188162512, -0.0864692860407, 0.937816923476, 0.256140126775, 0.966635906143, -0.00269451514187, -0.90629451882, 0.241118409765, 0.347119802993,  
138, 3413676.843099294, 93.4066791938882, 106.5411624103309, 96.5838077895672, 79.19760395303858, 0.0286658833754, 0.413457425761, 0.91007209836, 0.97292638777, -0.22041972331, 0.069493809486, 0.229330571689, 0.88344105783, -0.408582165824,  
139, 3343591.832157607, 92.76302063981748, 97.32603632607471, 91.8335488818665, 89.30879748003713, 0.652076742027, 0.500060072555, -0.569855987372, 0.492649492549, 0.291845473035, 0.819830895587, 0.576274587327, -0.815331922413, -0.0560486957565,  
140, 3314887.8780063903, 92.49680777374833, 100.34677745905813, 97.48541326341285, 80.89788490300603, -0.24281638264, 0.0278928176083, 0.969671178827, 0.966808245379, -0.0749719589703, 0.24425605834, 0.0795111375187, 0.99679546352, -0.00876258617397,  
141, 2995138.758328481, 89.42167061168911, 107.448830449833, 94.27178498848964, 70.59028167102409, 0.949277746431, 0.00107813478856, 0.314436953546, -0.27338822121, -0.491191456942, 0.827036778584, -0.155340402451, 0.871050968803, 0.465982369961,  
142, 3456467.9681089674, 93.79535016286854, 102.85501353911222, 90.74313530146695, 88.41066981430014, -0.868491440887, 0.334588885615, 0.365749770648, 0.431088329853, 0.145547988546, 0.8904934783, -0.244715077123, -0.931056421842, 0.270644546178,  
143, 3466594.8824945576, 93.88686278515877, 99.9625318667512, 94.09072097438501, 87.98941665108147, 0.236693094101, -0.853771936454, -0.463734686786, 0.843847262524, 0.417215373677, -0.337421293782, 0.481558072028, -0.311455955941, 0.819205109099,  
144, 3216576.659381049, 91.5732087622949, 101.41605737387064, 92.63387362962452, 81.73889244828183, 0.0728913173386, -0.533500792779, 0.842652811044, 0.593470448957, -0.655832838187, -0.466557729087, 0.801548303018, 0.534097549573, 0.26881243548,  
145, 2373584.8878221437, 82.75077178776154, 109.51325215662004, 87.2953507562665, 59.273199207213395, 0.41925951809, -0.467513824378, -0.778236648139, -0.164908017023, -0.882171757376, 0.441110344937, 0.892763575877, 0.0566022482234, 0.446955683579,  
146, 3776592.164879895, 96.60593899991648, 103.94753700678638, 95.87655961400655, 90.46588445218526, 0.57989402444, -0.78833644571, 0.205544566418, -0.695139106329, -0.347218148014, 0.629461023846, 0.424858262566, 0.507902752557, 0.749353221568,  
147, 3558124.4023708897, 94.70600265024774, 103.61557070733156, 98.40550385515891, 83.30826812985453, 0.664403173816, -0.23478293337, 0.709538862094, -0.241336951839, -0.965913894433, -0.0936313207162, -0.707336481669, 0.109028999536, 0.698418054578,  
148, 3402726.0612774277, 93.30669200203738, 99.68010721889243, 93.92006649491603, 86.77037816253952, 0.601941091009, 0.376702678059, -0.70410369641, 0.755495066226, -0.554238105626, 0.349352726024, 0.258638991382, 0.742236629799, 0.618215704686,  
149, 3346021.108291823, 92.78548076159228, 98.4368663986631, 95.60361099428243, 84.88051206156197, -0.752674053264, 0.638186664534, 0.161862752829, -0.475487268555, -0.696942244532, 0.53682712788, -0.455404904436, -0.32709217202, -0.828019978031,  
150, 3470028.9216035465, 93.91785426882878, 98.63719325657483, 96.79260206431861, 86.7684050166946, 0.41069722992, 0.795196252519, 0.446083742492, 0.902955609312, -0.286851817143, -0.319980003458, -0.126486967499, 0.534208718556, -0.835836163415,  
151, 3335259.6016961327, 92.68590139832648, 104.3809693331153, 91.87534950946619, 83.0272596279275, 0.396644468708, -0.243581668349, -0.88506561129, 0.356595832161, -0.847548611019, 0.393065852556, -0.845879765645, -0.47151810443, -0.249315260798,  
152, 3023347.792480994, 89.70152642098972, 132.73154531784897, 98.70528156011804, 55.091545723270656, -0.982574984886, -0.185603628791, 0.00988392921027, -0.170998643525, 0.881856754664, -0.439417942472, -0.072841354942, 0.43345121667, 0.898228356142,  
153, 3304325.487990835, 92.39846087032818, 103.19914824016334, 97.6756836587077, 78.25852146635862, -0.328120646828, -0.804973413549, 0.494322409571, 0.927983231968, -0.176855212209, 0.3279776747, -0.176589813727, 0.566339154036, 0.805031676578,  
154, 3548578.3227583407, 94.621231325463, 101.290876682805, 95.2961540820052, 87.76474230420622, -0.908910563537, 0.167822583891, -0.381729181261, 0.37381592433, -0.0777265599878, -0.924240356503, 0.184778900871, 0.98274827001, -0.00791173711965,  
155, 3216262.1376521117, 91.57022394273822, 102.40528358834618, 93.52296319036648, 80.17190546235814, -0.112924002068, 0.078187654056, 0.990522518931, 0.796133902104, -0.589342164221, 0.137283004742, 0.5944905211, 0.80409110443, 0.00430303365106,  
156, 3263893.5334983952, 92.0200485754541, 102.67885538093407, 89.77731576934916, 84.52783380609992, 0.244726071401, 0.241309295089, 0.939084114486, 0.908337089199, 0.281736318405, -0.30910900873, 0.33916497809, -0.928651964406, 0.150241960324,  
157, 3502389.232388117, 94.20890007046303, 105.3931914681288, 93.09942541040343, 85.21503825758197, 0.630968839557, 0.377230220334, -0.677920116514, 0.665266330792, -0.712636445322, 0.222643225615, 0.399122828991, 0.591478366185, 0.700609955477,  
158, 3431076.5304574575, 93.56510987921449, 106.01626956969454, 92.74839826252496, 83.30342527720886, -0.972693595213, 0.220113007678, -0.0736032178882, 0.0266849911794, 0.421088197573, 0.906627068375, 0.230553857218, 0.879906241435, -0.415463506468,  
159, 3733967.928446147, 96.24111769567929, 101.81862650271799, 95.9493469549895, 91.24576500053726, -0.930124620258, 0.362573593402, 0.0583830468299, -0.143544189885, -0.505262047274, 0.850943787294, 0.33802848451, 0.783103219858, 0.52200200259,  
160, 3372502.0287022376, 93.02961066914304, 109.04578332804911, 93.34934156378722, 79.09398818624935, 0.302265200548, -0.8229319855, -0.481059971083, -0.0108243162553, -0.507596980808, 0.861526632933, 0.95316241151, 0.255202375216, 0.162336579269,  
161, 3556870.3618474086, 94.69487514718328, 98.9000948078836, 95.62408515597635, 89.78740628735807, 0.623655156843, -0.321940505723, 0.712326158525, -0.556762139175, -0.822576718937, 0.115686913017, -0.54869861101, 0.468744975692, 0.692248497318,  
162, 2530217.369483647, 84.53237568370088, 103.39377573264896, 90.72470513113103, 64.39457228668584, -0.350820009887, 0.875275091862, 0.332894629318, 0.919141714303, 0.253828698393, 0.301246578239, -0.17917541598, -0.411660667829, 0.893550034901,  
163, 3759504.0171468607, 96.46001267189325, 108.69664964683783, 97.26085238923342, 84.89609503904585, 0.471960492919, -0.847103551366, 0.244272115452, -0.703733056601, -0.19508645457, 0.683155224155, -0.531049035562, -0.494324638782, -0.688207870721,  
164, 2398009.8347956054, 83.03364766240014, 110.40554495523794, 86.2282735888805, 60.13423270398298, 0.71805113782, -0.544625042243, 0.433342966757, 0.159356401607, 0.734739591736, 0.65936580864, -0.677501365861, -0.404402393289, 0.614370086804,  
165, 3049631.77393111, 89.96072183779721, 98.4537926481323, 95.75325876500007, 77.22764305615445, 0.162253162769, -0.9863753299, -0.0271591556667, 0.186916739523, 0.0577489998653, -0.980676901686, 0.968883916503, 0.154041428127, 0.193740018485,  
166, 3374739.8781695412, 93.0501829556348, 98.15063947352328, 92.68214007403027, 88.56507757497249, -0.936716402838, 0.0736654713217, -0.342251046732, 0.127028819751, 0.982504058141, -0.136196382804, 0.326230071586, -0.171053132304, -0.929685304994,  
167, 3647188.6889331746, 95.48970265693853, 110.27065552799644, 91.68373619200302, 86.1226458713352, 0.52798728342, -0.18259506604, -0.829390420975, -0.633176643341, 0.566204043642, -0.527731294592, -0.565965340701, -0.803786055379, -0.183333603858,  
168, 2886381.467379619, 88.32596127928494, 108.73829205011077, 87.2959846305291, 72.59192997448172, 0.0978985975699, 0.838556527245, 0.535946653323, -0.615396988404, -0.372218712808, 0.694794772936, 0.782114065375, -0.39783939027, 0.4796054715,  
169, 3189874.180050614, 91.31910533341764, 103.44458370550433, 95.13715051041645, 77.37970117241875, 0.332565492352, -0.206072813757, 0.920290274167, 0.752719515191, 0.645900799332, -0.127379311003, -0.56816681067, 0.735082412286, 0.369919345806,  
170, 3177273.8581443345, 91.19870680012659, 100.31430454677873, 95.91723487786736, 78.83272213035069, 0.727452842777, 0.553915716454, 0.404956467538, 0.299182362448, -0.787180094391, 0.539293438673, -0.617496781801, 0.271154712407, 0.738358210088,  
171, 2612767.11479042, 85.44186064678554, 133.33105361767508, 71.59511625613627, 65.34274610821883, -0.141809365517, 0.540668742594, -0.829196849146, 0.988198853439, 0.126323071254, -0.0866343334386, -0.0579062165329, 0.831696935458, 0.552202026106,  
172, 3493258.563441698, 94.12696182714865, 102.26627673688498, 93.37899714785728, 87.32939931862045, 0.404392359424, 0.894969973555, -0.188402670031, -0.254732362851, 0.30806302688, 0.916628929713, 0.878395265786, -0.322685478299, 0.352556150336,  
173, 3038091.9493820253, 89.84710777832446, 96.16150434061655, 92.87826118985818, 81.20765684293816, 0.253517026634, 0.0881467401042, 0.963306425503, -0.36733332003, 0.93001737831, 0.0115718639929, -0.894871694268, -0.356788212039, 0.268154475159,  
174, 3421349.1386402394, 93.47660452279754, 109.71079246934657, 90.13361258539886, 82.59859412563577, 0.819461655862, -0.538298841, -0.196766237828, -0.43429727175, -0.807238348072, 0.399690041348, 0.373989938798, 0.242075622853, 0.895282591419,  
175, 3382361.584126127, 93.12018024214105, 98.82599560183223, 93.86221393971655, 87.05013155060664, -0.60176123893, 0.795828713678, -0.0673800401233, -0.479122746155, -0.292209036083, 0.82768065904, -0.639002977644, -0.530349448682, -0.557139710346,  
176, 3909558.9232789464, 97.72665889317113, 108.98453159968001, 95.2780399268838, 89.8838109286193, 0.393247302863, 0.173515392595, -0.902911383982, 0.416418397488, 0.841924872322, 0.343159186968, 0.819726952725, -0.510935336319, 0.25882968353,  
177, 3332876.442808913, 92.66382037246203, 99.38217032204166, 94.95550126424348, 84.3144472023913, -0.329254721051, -0.930249644032, -0.161947301444, 0.316938462338, -0.270438524845, 0.909072612815, -0.889461263775, 0.247989120848, 0.383875052828,  
178, 2208510.0235857666, 80.7861518989223, 132.34023061110975, 82.60089759701103, 48.23187125701228, -0.939160028343, -0.327546237231, 0.103401661684, -0.0264512182025, 0.369116599692, 0.929006603253, -0.342459887022, 0.869750767926, -0.355323553221,  
179, 3670853.328159732, 95.69578462939593, 102.92673035647347, 95.22476043632233, 89.41293631815428, 0.445906412556, 0.874885249164, 0.189058911552, 0.686657954009, -0.198866558752, -0.699251704329, 0.574167506428, -0.441619624344, 0.689422788974,  
180, 3294840.2538660667, 92.3099646471266, 104.0622267837335, 91.63247837923272, 82.49036132590076, -0.853318366474, 0.283488484526, 0.437586613804, 0.520707387196, 0.506294568973, 0.687407903903, 0.0266755010956, -0.814432372005, 0.579645002628,  
181, 3468793.0981570045, 93.90670357716272, 103.77626844417628, 94.21518844461163, 84.69754369494562, 0.179931856449, 0.491789754515, 0.851919811009, -0.720685100021, -0.523542421453, 0.454440666696, 0.669505424655, -0.695734267011, 0.2602235886,  
182, 3209194.6119893263, 91.5031015606054, 107.56265525316147, 99.94133964865993, 71.26901622538027, -0.139022379924, 0.987555969944, 0.0735253977062, 0.927614698033, 0.103870398405, 0.358806232287, 0.346704124396, 0.118085335935, -0.93051174284,  
183, 3650392.152183309, 95.51765187687013, 102.9483081464585, 94.92220618858653, 89.17926228243428, 0.691631974206, -0.0402529493881, -0.721127528472, 0.563941813847, 0.653892133415, 0.504375562901, -0.451237014051, 0.755516232733, -0.474953028443,  
184, 3789726.122744458, 96.71779913237961, 107.541136415012, 96.85266914087325, 86.86263521673287, -0.100715250128, 0.44398284972, 0.89035704498, 0.154587749523, 0.891022203101, -0.426827905927, 0.982832165779, -0.0946502125487, 0.15837383362,  
185, 2218980.7064266126, 80.91362138072955, 101.263594542782, 81.80448451032548, 63.94910418201903, 0.687577733525, 0.436882154898, 0.579974864191, 0.20495485801, -0.883034140905, 0.422189782177, 0.69658478776, -0.171419627607, -0.696695733252,  
186, 3116508.7272353224, 90.61357102726721, 104.7448123437578, 95.62273207629617, 74.28242397021798, 0.145319379172, 0.342785706705, 0.92810572529, -0.459575015223, -0.807334036153, 0.370138567907, 0.876169551753, -0.480322509725, 0.0402144654585,  
187, 2656293.9870050256, 85.91371720796067, 111.55818467027619, 93.02209316378219, 61.108269259951975, 0.63765263416, 0.029340326462, -0.76976507026, 0.68682289497, 0.430835759272, 0.585367285964, -0.348817185777, 0.901953265849, -0.25457194883,  
188, 4165636.1982456134, 99.81540572955443, 114.78014358764744, 96.74309762623352, 89.55832792177766, 0.494096171648, 0.821826888455, 0.283671532896, 0.689884114587, -0.172053086503, -0.703176822617, 0.529083057377, -0.543137460352, 0.651976086646,  
189, 3529072.083917917, 94.44753767226568, 109.39414660617456, 94.87609548220695, 81.1747634598301, 0.489269182442, -0.254320695767, -0.83422817671, 0.716999654429, 0.661863834184, 0.218741309651, -0.496515017558, 0.705164696155, -0.506177428019,  
190, 3557253.303516137, 94.69827338856994, 101.17324633975294, 97.31798623483068, 86.25164425948725, -0.87416315743, -0.465788869348, -0.137402705154, 0.0709031582479, -0.402318060939, 0.912750195833, 0.48042847162, -0.788150307386, -0.384717528355,  
191, 3633797.1438624486, 95.37268805991513, 114.05006190102434, 90.31199293880626, 84.22307984418349, 0.562937821079, 0.819692081541, -0.105857928648, 0.596797454875, -0.491744575059, -0.634050526973, 0.571781258396, -0.293755279712, 0.766011767656,  
192, 3679738.818816621, 95.77293461579653, 101.57321360026137, 96.45740193691095, 89.66307561966111, 0.0512039138265, -0.15913441132, 0.985928191271, -0.757735261414, -0.649272229778, -0.0654434507648, 0.65055010016, -0.743721594935, -0.153827034065,  
193, 2698478.67143956, 86.36613010536053, 115.69620083389633, 86.47333505108168, 64.39157879033355, 0.291873290355, 0.492578545275, -0.819863622264, 0.830727114497, 0.294273303709, 0.47254172722, -0.474027893291, 0.819005249958, 0.323307836162,  
194, 3303009.8814627253, 92.38619652619005, 99.67041599791983, 92.71254819699269, 85.33289406224472, -0.664643473364, -0.650346010576, 0.367830286739, -0.731064464982, 0.667694862098, -0.140457535103, 0.15425239497, 0.36226183577, 0.919223890568,  
195, 3462554.355840859, 93.85037165904808, 109.71588864289443, 96.25666433824618, 78.27222110036497, -0.272751876694, -0.510809475382, 0.815279150733, -0.903379108683, 0.42746073289, -0.0344021486627, -0.330926879772, -0.745889403126, -0.578045325686,  
196, 3366641.5334674646, 92.9756926686309, 100.89429754106109, 92.38361902755115, 86.22767484347852, 0.281441506086, 0.42051853779, -0.862528166512, 0.350616316419, -0.881776405034, -0.315497337845, -0.893229465095, -0.213622402621, -0.395609140169,  
197, 3189289.8228892204, 91.31352870468172, 98.841201033968, 91.93879558677827, 83.78543979923833, -0.265940046383, -0.190936926436, 0.944890989402, -0.068812213952, 0.981447576675, 0.178956792132, 0.961530431625, 0.0174282633239, 0.274145006696,  
198, 2712774.390556822, 86.51837539944876, 105.01653594148111, 85.97349374603502, 71.73032577532034, 0.568347383496, -0.522135498614, 0.635889748904, -0.535285118592, 0.352291041828, 0.767698419734, -0.624860859302, -0.776701707823, -0.0792676704451,  
199, 1966031.6249443737, 77.71424462390033, 112.45177321663404, 89.75811027186175, 46.500956001075856, 0.787261555361, 0.0262006316991, 0.616062310444, -0.521887706228, -0.503802892534, 0.688342841586, -0.328408991258, 0.863421202179, 0.382950861193,  
200, 3389308.5840095826, 93.18388952519942, 99.89573429992544, 97.46995509140383, 83.10072116353747, 0.188899814498, -0.689602987169, 0.699117000344, 0.0637995443367, 0.71904871766, 0.692024970485, 0.979921669433, 0.0861200424928, -0.179824525736,  
201, 3456725.96437662, 93.79768378285608, 105.6962044232445, 97.04950903204379, 80.44954789519035, -0.905492648639, -0.402107526468, 0.135619321699, -0.0033309588632, 0.32630901379, 0.945257283618, 0.424348875306, -0.855471779007, 0.296809816801,  
202, 3419087.912550834, 93.45600657426999, 103.90523861549241, 98.05933079678486, 80.11157852814482, -0.979790169709, -0.1423222572, 0.140554610195, -0.00658924965255, 0.725257781765, 0.688445881517, 0.199919496624, -0.673606357671, 0.711538241963,  
203, 3451392.7246333407, 93.7494200953598, 107.39667222036434, 95.16273596303253, 80.62097123220745, -0.956680258625, -0.252543279133, 0.144861226428, 0.143114757828, 0.025373283456, 0.989380797559, -0.253537075887, 0.967252856626, 0.0118685508555,  
204, 3154506.0962623167, 90.980346653413, 111.87306268056275, 95.14195328417755, 70.75305076898904, -0.483131575399, -0.748785893292, -0.453765982484, 0.691705829743, -0.644160418988, 0.326497166465, -0.536774557848, -0.156131485026, 0.829153805654,  
205, 3265847.4613190577, 92.03840749391497, 101.79220297898449, 93.73705128652355, 81.71118066540916, 0.49175313786, 0.178571126754, 0.852227202156, 0.550665387435, 0.694386734208, -0.463243666376, -0.674497207174, 0.697093548992, 0.243133916737,  
206, 3376282.5909827873, 93.06435963752973, 100.09979388512943, 93.2786439205104, 86.32463946282516, 0.673522222225, 0.512375903334, 0.532765192042, -0.142774396433, -0.617011878911, 0.773893928782, 0.725247053005, -0.597299987414, -0.342417051478,  
207, 3657571.2573731393, 95.5802280054314, 98.62402387379507, 98.48009340337181, 89.90275838566323, 0.314555455409, -0.108039822002, 0.943070656067, 0.948918338744, 0.00996424702205, -0.315364392691, 0.0246749238757, 0.994096630435, 0.105655276672,  
208, 1508681.5132673886, 71.14913969321518, 113.06341164297886, 75.38359177897088, 42.25810784564129, -0.834020872103, -0.447585906325, -0.322608185505, 0.0197301785824, -0.608539121623, 0.793278549759, -0.551380000498, 0.655245750779, 0.516365278788,  
209, 3651922.4206247027, 95.53099722189171, 106.26881459477224, 93.96722293789601, 87.30732969804396, 0.677787636316, -0.270696302708, -0.683613510514, 0.277133349372, -0.76713087456, 0.578538959762, -0.681029387562, -0.581578655898, -0.444932849181,  
210, 3538282.051688004, 94.52962753896192, 96.77302156528097, 96.07099093359656, 90.85676479448982, -0.0267992160633, -0.770603025183, 0.636751740945, 0.936701655739, -0.241808959208, -0.253216183098, 0.349101432472, 0.589660414837, 0.72830542015,  
211, 3812859.576268573, 96.91419674600866, 104.34497957132929, 94.32130153172653, 92.48703532706696, 0.440781704271, -0.892266276955, 0.097838541422, -0.794611164882, -0.33717891299, 0.504879666139, 0.417498006971, 0.300285317062, 0.857627041628,  
212, 3726286.0285401843, 96.1750733673884, 102.17409780277583, 97.06293420819847, 89.70018761033909, -0.974666452849, 0.119713608299, 0.188928445924, 0.0383436248216, -0.742760556386, 0.668458317558, 0.220352154804, 0.6587680987, 0.719353543126,  
213, 2892946.1938676303, 88.3928728257883, 115.39524807994306, 84.46539646030772, 70.85736481940978, -0.680405408925, 0.522728111244, -0.513618341983, -0.0848719598377, 0.639940437629, 0.763723108673, 0.727904684653, 0.563233129354, -0.391053975889,  
214, 2358388.058601757, 82.57379016084606, 99.39273530074833, 95.75367770651458, 59.15841803521771, -0.863736862185, 0.434115355641, -0.255934544169, -0.428408157107, -0.365088326817, 0.826545198127, -0.265377248133, -0.823562002292, -0.501318805307,  
215, 3549830.834493882, 94.63236256835985, 100.29090505702953, 94.07601221953881, 89.82114723431249, -0.249292694282, 0.966131522538, 0.0666560855188, 0.968149596703, 0.250280783198, -0.00677406571436, 0.023227375711, -0.0628443372196, 0.997753014677,  
216, 3727119.403120374, 96.18224260474835, 103.1326176314291, 94.6250003313003, 91.1764674874134, 0.296530866039, 0.32071543233, -0.899561591528, 0.610100908492, 0.661050726598, 0.436793793821, 0.734742354124, -0.678346186198, 0.000353167821479,  
217, 3763704.8951200442, 96.49592750749213, 103.83924066478659, 97.70945957676652, 88.5582120401859, 0.55212977837, -0.00584368512541, 0.833737704066, 0.70882310352, 0.529810623728, -0.465693580481, -0.439001726368, 0.848095840297, 0.296666361284,  
218, 3355293.167833571, 92.87110674674508, 114.31532139127272, 89.16501243623918, 78.58559524364331, -0.908071999788, 0.0647433651551, -0.413779578845, 0.416341812525, 0.246738971005, -0.875088210028, -0.0454393919825, 0.966916840714, 0.251012120824,  
219, 4005493.4783081277, 98.51956219101778, 104.50424722293708, 101.11424627032697, 90.4942801120591, 0.376325443958, 0.502031476497, 0.778680651382, 0.796169029949, 0.254581127447, -0.548911035869, -0.473808015952, 0.826530608117, -0.303896557837,  
220, 3317758.8582938914, 92.52350348648683, 104.71810109536662, 95.90856935676426, 78.86367970360212, -0.71387032226, 0.543614593635, -0.441443469296, -0.269538376784, 0.36851724472, 0.889687643943, -0.646326718029, -0.754107561248, 0.116548529082,  
221, 3879121.6312407437, 97.47238573485384, 108.06778646637578, 103.54689080034468, 82.75828250553595, 0.839338727648, -0.456170434452, 0.295667101658, -0.202846892551, 0.241791167728, 0.948888913093, 0.504344761501, 0.856414365796, -0.110411935975,  
222, 4012041.2867446714, 98.57321650629844, 120.56806727930487, 96.58121080722174, 82.2530175234797, -0.978515648854, -0.183844625601, -0.093318157855, 0.0745772420719, -0.737591838426, 0.671115872896, -0.192211757998, 0.649737972975, 0.735455781514,  
223, 3253035.8743448537, 91.9178973403284, 107.71361964288565, 89.16460119750515, 80.86063576059018, -0.935846093199, -0.264806132366, 0.232529142486, -0.341334883032, 0.517002242446, -0.784983553287, -0.087650370618, 0.813994099221, 0.574222098986,  
224, 3586694.091915548, 94.95880544996378, 109.43412164391427, 97.16064816572282, 80.53090288531646, 0.741549816091, -0.348713382034, -0.573151679266, -0.618273567488, -0.686872354113, -0.382026392938, 0.260464327694, -0.637656134877, 0.724950334612,  
