# Void_ID, Void_Volume, r = (a*b*c)**(1/3.0), a, b, c, vector_a, vector_b, vector_c 

0, 3448780.331381606, 93.72576083762036, 103.73073851727297, 94.30697883017761, 84.16385541266047, -0.0512424132441, 0.827507813979, 0.559110930755, -0.629220255801, -0.461503602543, 0.625376921968, 0.775535998375, -0.319758100202, 0.544333236704,  
36, 1394575.022983286, 69.308168801105, 122.28933108882468, 85.22272682699791, 31.945469693211074, -0.8914298406, -0.284462385243, -0.352752024331, -0.409717093258, 0.173355815989, 0.895589004262, 0.19360976933, -0.942883297362, 0.271083649037,  
41, 2262407.5044276384, 81.43805781466904, 137.18482866481915, 93.16317126721258, 42.26023178654249, 0.444199753087, 0.891944016784, 0.0843946104982, -0.197167838801, 0.00543223826048, 0.980354698122, 0.873963055684, -0.452113217802, 0.178275673015,  
42, 1203432.6955659476, 65.98487511288101, 98.1740187105315, 79.36681505555184, 36.87208323548356, 0.564793329665, 0.558008628898, -0.607976039694, -0.358403035362, 0.829486896991, 0.428367543079, -0.743340943988, 0.0240386729221, -0.66848065282,  
51, 2621898.7761360398, 85.54128511329773, 139.30959514420613, 106.8682934569946, 42.04335909176503, -0.0445880979486, 0.810350793817, 0.584246088974, 0.139850838618, -0.574005716861, 0.806820413691, 0.989168157827, 0.117681893135, -0.0877344149632,  
74, 1353550.1464185675, 68.62176964568174, 118.98854110794386, 69.09926362815175, 39.301324048931825, -0.702906166895, -0.586338004991, 0.402654522443, -0.693017682728, 0.43709001083, -0.573305166433, -0.160154337962, 0.682026441082, 0.713575869615,  
123, 261096.0494880614, 39.64945576472884, 103.9374423838, 34.17262689745634, 17.5493607178299, -0.964025576676, 0.194110775007, 0.181592110349, 0.264962910597, 0.756230834422, 0.598255448014, 0.0211977244677, -0.62484872737, 0.780458022177,  
130, 1355711.8915135728, 68.65828199112177, 110.43484501291773, 78.976367714542, 37.1086806934396, -0.252200919417, -0.853011903115, 0.45690851315, -0.966582600273, 0.199637534772, -0.160819562117, -0.0459649115577, 0.482198660154, 0.874855233197,  
176, 1801805.7185390792, 75.48716533404574, 106.34693558763651, 89.4054848273874, 45.240793009001344, 0.650273030627, 0.356435641575, -0.670893895526, 0.690852200578, 0.0899070227483, 0.717384112047, -0.31601933896, 0.929984064743, 0.187780235189,  
193, 651949.0336265834, 53.790842383320296, 111.78675015964262, 53.89252011834088, 25.834866010695684, -0.912040566712, 0.165961285072, -0.375018474917, 0.00652416637371, 0.920212192524, 0.39136550178, 0.410048094649, 0.354494531112, -0.8403536086,  
203, 1981349.8577083056, 77.9155581775451, 111.40981488117633, 89.5704824603963, 47.400638593858716, 0.0866863458176, -0.85610705109, -0.509476392508, 0.241880099945, 0.514185764273, -0.822865126901, 0.966426145496, -0.0519010297878, 0.251648144058,  
215, 3804145.968897391, 96.84031375810922, 125.6504048627786, 106.88859089572539, 67.61971242808102, -0.272368694185, -0.840370078469, 0.468607965832, -0.961959875048, 0.248545793711, -0.113393947043, 0.0211776586328, 0.481667021543, 0.876098388957,  
219, 2915170.2009282927, 88.6186443729639, 135.00268486184916, 85.31054502570355, 60.42688186723808, -0.665260323986, -0.741482690498, -0.0873620113222, -0.74385780595, 0.648213192881, 0.162773527029, 0.0640645444679, -0.173271683393, 0.982788206012,  
224, 2812702.2838869244, 87.56792365715314, 113.29590745218246, 90.22322156277897, 65.69050552736964, 0.447690584565, -0.257065790771, -0.856440493967, 0.287389088373, -0.865604443617, 0.410044459876, -0.8467471006, -0.429704696747, -0.313645056103,  
254, 948489.2436431082, 60.95106057626596, 121.66451900510931, 45.409292939630454, 40.98596055017541, -0.710910749263, -0.422700182234, -0.562076918689, -0.677265696737, 0.19610776241, 0.70912123191, 0.189518027128, -0.884797322251, 0.425695449743,  
255, 1717232.2420791467, 74.28711199089142, 114.74089963799602, 114.02159761474262, 31.335386241304654, -0.198021397696, 0.440722384173, 0.875529157792, -0.974263934386, -0.186631131979, -0.126406513798, 0.107690817663, -0.87802767648, 0.466336881584,  
270, 2227272.8141790945, 81.0142847837173, 123.78666337368979, 105.02381354148007, 40.899986627887166, -0.117339855361, -0.922801639771, -0.366972058854, -0.349476465744, 0.384258176738, -0.854524343422, 0.929568479583, 0.0279783352952, -0.36758625453,  
284, 548054.1525218413, 50.76662448835398, 121.69081362549116, 77.92985501572963, 13.796635808199195, 0.305502420841, 0.113225080848, 0.945435535575, -0.897024777921, 0.367276993892, 0.245874271841, 0.319397587117, 0.923194286607, -0.213769713756,  
288, 292335.9921041105, 41.171614060252544, 109.76401678071046, 33.90319099062542, 18.75396544630433, -0.726039253769, -0.499821771298, 0.472276612721, -0.611291204597, 0.783671822532, -0.110370003856, 0.314944543005, 0.368831494732, 0.874513157892,  
305, 2104396.856571653, 79.49619553412457, 129.0689379603296, 73.33734325717668, 53.07525942192863, 0.177009788086, -0.96299611327, -0.203238826875, -0.900340861625, -0.241849205187, 0.361794547829, 0.397559892105, -0.118943044262, 0.909834426921,  
312, 4511836.877128961, 102.50733121083708, 145.71727474895573, 112.0437801866768, 65.9729626087989, -0.333969200566, -0.936621857517, 0.10584927536, 0.0999060210629, 0.0764903103997, 0.992052427733, 0.937274431545, -0.341889936143, -0.0680287552099,  
371, 1328318.723275401, 68.192701395586, 122.60562734829026, 61.67741831608686, 41.93504315744944, -0.957216437683, 0.171444794837, -0.233116652672, 0.0572176789257, 0.901824281141, 0.428297914031, 0.283659705718, 0.396635409751, -0.873050699034,  
381, 1942421.779516671, 77.40190386681525, 123.11354554086658, 70.37138555493244, 53.5245455914672, 0.0764764557945, 0.991131546837, -0.108672022961, -0.543618931831, 0.132814646236, 0.828757338851, 0.835840779493, -0.00430425494698, 0.548955066217,  
395, 2266513.5708280676, 81.48729562586473, 123.1783132305316, 107.15695512363705, 40.99350920136295, 0.905134944174, 0.390063382233, -0.169060020929, 0.363250697401, -0.503016239475, 0.784234399693, -0.220861186435, 0.77124913009, 0.596988371463,  
403, 2567047.2392497556, 84.94055293968053, 100.22679749265255, 86.37823316241847, 70.78758256902266, 0.81455431625, -0.414723491191, -0.405593012432, 0.330078024977, -0.243599229279, 0.911980215203, -0.477021763976, -0.876734761116, -0.0615336927605,  
404, 265504.53013222, 39.87136543376085, 157.89341940793827, 50.43352882318174, 7.959759380676038, -0.969410349139, 0.227202854448, -0.0928570832664, -0.0216206384628, 0.297803824497, 0.954382224325, 0.244491560129, 0.927195634721, -0.283781838707,  
421, 1811717.7222558958, 75.62533435590593, 141.09971372162858, 78.18718564135288, 39.20488730338051, -0.636347146328, -0.716082248907, 0.286859760442, -0.771034746181, 0.578943893569, -0.265196885881, -0.0238270758262, 0.389936124127, 0.920533589587,  
442, 2032956.3845527684, 78.58623525477154, 103.28868933598432, 85.87130823557648, 54.719057216271615, 0.36004742172, -0.590918656111, 0.721928664047, 0.671679386467, 0.701234041848, 0.238992929497, -0.647466335734, 0.398855814065, 0.649385389178,  
448, 1372863.1922193503, 68.94660469292168, 143.49992609652313, 78.05176497872763, 29.262016202153404, -0.144067311604, -0.170621927894, 0.974747540366, 0.958437490262, -0.269184181037, 0.0945381084021, -0.246256344056, -0.947854437348, -0.202311093643,  
452, 198759.9700671298, 36.20318429592685, 103.0099920731569, 48.739334654120306, 9.451078346067451, -0.791260736206, 0.213723827853, 0.572912360442, 0.14297375545, -0.846293631769, 0.513172090122, 0.594529185652, 0.487964357547, 0.639082023822,  
509, 600897.7598966243, 52.34846986938857, 80.10091977346052, 60.30420973956239, 29.697975328310356, -0.503693476991, 0.862065108276, 0.0560056276725, -0.688297938284, -0.361295811699, -0.629055867632, -0.522052515932, -0.355399895248, 0.77533998031,  
511, 1053917.098477287, 63.130507469475134, 101.88845211416782, 79.58935047228783, 31.026866439551235, 0.360613173549, 0.93271248046, 0.00235963050144, 0.680835407465, -0.261499493645, -0.684164572866, -0.63751179362, 0.248325277845, -0.729323843967,  
538, 3165530.1201816527, 91.08620616507083, 115.39740814060278, 94.48068484436645, 69.31364756034591, 0.709871921778, 0.583691280906, -0.394190744774, 0.610353151365, -0.78909296125, -0.069291623776, 0.351498058728, 0.191407385178, 0.916412749589,  
552, 141918.03185221157, 32.35809830793801, 135.62969528571725, 54.67928403064586, 4.568476181748509, -0.885698445159, -0.438117381413, -0.153595001047, -0.450318697262, 0.891191366908, 0.0546902042762, -0.112921809847, -0.11760572967, 0.986619256456,  
557, 623874.4935209433, 53.007363907286454, 102.12515675892267, 69.63278797706604, 20.944119198694573, 0.675297340386, -0.618472230978, -0.401827825788, -0.474795531928, -0.781452735366, 0.404846668815, -0.564395876074, -0.0826058224266, -0.821360805719,  
559, 3353057.2322053905, 92.85047268693984, 127.99057998087777, 88.61770810960212, 70.57547928120141, -0.0879881035653, -0.455156213348, 0.886053562197, -0.533084770612, -0.729892760908, -0.427875197828, 0.841474135653, -0.509989587173, -0.178414965747,  
583, 706256.5052843211, 55.24478451593168, 105.66481098059245, 64.78518837117956, 24.630189058621138, 0.847573007667, 0.0206731414914, -0.530275982762, 0.455697547443, 0.483725196947, 0.747227996727, -0.271955404301, 0.874975745412, -0.400571720185,  
589, 750052.9545119877, 56.36390907059169, 87.38420764466912, 66.48528633826861, 30.820864820186873, 0.296965870533, -0.586598019246, 0.753468005661, 0.866431737533, 0.497208558075, 0.0456036618231, -0.401381758346, 0.639285862188, 0.655901113334,  
594, 1527764.3460461153, 71.44786466754546, 124.05417685145957, 99.39835193022644, 29.578570841713073, -0.0244708142266, 0.313598245649, 0.949240390827, 0.968188505489, -0.229089499869, 0.100643027027, 0.249022483102, 0.921506452162, -0.298016210186,  
626, 1493898.0312370257, 70.91598103592894, 155.7155431734711, 52.914987530500845, 43.283431325367516, -0.696903493219, -0.470100383779, 0.541600544969, 0.256038373818, 0.542337188347, 0.800196679116, -0.669902882716, 0.696330383731, -0.257592943268,  
683, 986030.2603315475, 61.74482223835065, 106.06138963455065, 74.18062503897453, 29.919465625440363, -0.987097781524, -0.159046255882, 0.0185002216237, -0.118554780602, 0.803630915385, 0.583199893548, -0.107623109538, 0.57348203139, -0.812117987712,  
692, 768608.5002811148, 56.824923266771215, 124.94313676529941, 93.95519193006665, 15.630878411950654, -0.652262990584, -0.385990068065, -0.652353170047, -0.747069758733, 0.181783660959, 0.639407128671, 0.128217653628, -0.904414931303, 0.406932261359,  
700, 1386665.5558553226, 69.17689097480662, 126.3395616810812, 79.02785726039221, 33.15610803929184, -0.968136682474, -0.211458243635, -0.134152060164, 0.196489497337, -0.973552821213, 0.116562351316, -0.155252186727, 0.0864888172362, 0.984081522542,  
713, 1193732.9290591504, 65.80711549476177, 154.65003530429533, 47.71931516765167, 38.61662713908946, -0.433659422777, -0.872439358614, -0.225364306351, 0.0408306562826, -0.268874596776, 0.962309362272, -0.900151299807, 0.408112750045, 0.152222274016,  
721, 1581322.5143648968, 72.27319958676524, 127.92207062839606, 94.54067414107007, 31.215311249230254, -0.83046650569, 0.45794539338, -0.317193000569, -0.0490883903149, 0.507023171728, 0.86053345854, 0.554901534386, 0.73021470816, -0.398585959516,  
730, 1734183.7967396104, 74.53075229809942, 156.80161053805864, 95.76405953788938, 27.571059007281058, 0.178426135482, -0.436718900548, 0.88172598696, 0.636052722543, -0.632515539544, -0.441996636165, 0.750733673364, 0.63968796623, 0.164918942327,  
731, 844484.7924324663, 58.6364597413961, 137.6684478779442, 63.45662371075814, 23.077664035483682, 0.454523357495, 0.768986719539, -0.449519679952, -0.555327800786, 0.639216810268, 0.531989570523, 0.696433450637, 0.00782908953096, 0.717578674565,  
735, 1012265.7270874324, 62.287654087258474, 97.05194303208738, 52.50320491184353, 47.425932023571825, -0.20309490916, -0.519357059777, 0.830072709064, -0.976414704058, 0.170847823737, -0.132005101507, 0.0732583344927, 0.837304762667, 0.541806193064,  
737, 2127160.9596535196, 79.78181549653031, 113.55862660500665, 89.7772748801655, 49.81099239014027, 0.279074621873, -0.941920623699, 0.18682316258, -0.0122874034295, 0.191034187604, 0.981506474193, 0.960190801426, 0.27620911972, -0.0417390349684,  
755, 935891.9973024654, 60.68001900422123, 122.60700475212977, 61.09567913693111, 29.82712159789286, 0.895864716648, -0.405471022525, -0.181713123791, -0.341758878237, -0.890155922016, 0.301369048919, 0.283949429673, 0.207883824269, 0.936032604665,  
758, 1030245.9103382535, 62.65428284366229, 156.1826267704042, 90.55804139714488, 17.38971827464972, 0.379063136735, 0.387208358014, 0.840464648782, 0.813474228962, 0.293505065668, -0.502110003129, 0.441101821786, -0.87402772491, 0.203727069643,  
774, 1239367.9348253922, 66.63522709799669, 134.06024108571435, 52.830714904939725, 41.77583727673746, -0.604507544401, 0.457799474834, -0.651912777604, -0.268653496056, 0.653262684573, 0.707865215985, 0.749930615336, 0.603048510309, -0.271912791893,  
789, 590172.5780299181, 52.035149387069595, 149.00138679724728, 73.40612792843257, 12.88154011636396, 0.16795654957, 0.688789304825, -0.705237471363, 0.649737307058, 0.460672464432, 0.60466710869, 0.741371721388, -0.559776896694, -0.370159150439,  
797, 3459934.9729788373, 93.8267001105202, 121.1262489798034, 97.74525940475755, 69.76624608876345, 0.630595354859, -0.683816342007, -0.367075889749, -0.43906909473, -0.704326885302, 0.557801011736, -0.639974865509, -0.190575048327, -0.744387884421,  
808, 724860.6691072271, 55.72567128056343, 96.73804567731364, 73.21808960503384, 24.431505170886986, -0.812955241116, -0.443845368657, 0.376968254186, -0.560545372121, 0.771844546987, -0.300074792477, 0.15777408449, 0.455255185591, 0.876270537138,  
825, 3812228.9740329552, 96.90885362776937, 154.51770746680765, 87.84965941280865, 67.0458699578016, -0.927697817076, 0.351484381437, -0.125839142552, 0.373286759878, 0.878548266829, -0.298009962504, -0.00580991325541, 0.32343727747, 0.946231775228,  
832, 2055610.719983695, 78.87706729393014, 123.1124237530273, 80.50094734913569, 49.516437539906335, -0.0581589718111, 0.929323763476, -0.364657204284, 0.997537188296, 0.0684435757611, 0.0153308480724, -0.0392057644161, 0.362867495892, 0.931015622029,  
856, 1049564.2349299008, 63.043474160550176, 116.27176461789014, 86.20184731917212, 24.999399530953756, 0.295559509099, 0.0151130295268, 0.95520478062, 0.786205172581, 0.564162889307, -0.252193697258, -0.542702499708, 0.825525184757, 0.154861764628,  
867, 750620.4035365178, 56.3781194374397, 112.54300858295568, 104.34601068725611, 15.259397460843843, 0.413783689379, 0.448358835716, 0.792311436772, 0.447198144945, 0.657966070757, -0.605883213904, -0.792967135234, 0.605024796325, 0.0717503886416,  
895, 1495472.376801588, 70.9408839100016, 99.04303050869296, 67.83927772888592, 53.13548516895461, -0.68626114411, -0.664088246007, -0.296702618122, -0.675594403299, 0.733109793001, -0.078244703567, -0.269476982906, -0.146754328457, 0.951759067602,  
906, 1390838.4276941563, 69.24621247833045, 134.45900207994902, 62.067915571443976, 39.78606864887934, 0.521184430357, 0.406357045208, -0.750493665105, 0.625388865939, 0.416535039664, 0.65983886449, -0.58073707985, 0.813248124831, 0.0370395942978,  
909, 1737405.3544055128, 74.57687516594204, 131.51695263940516, 68.28228725817159, 46.18731845316746, -0.000727174448347, 0.768241595263, 0.640159607071, -0.777911395506, -0.40269416156, 0.482380838122, 0.628373560837, -0.497636678263, 0.597916720362,  
914, 1580373.8420204208, 72.25874390160101, 113.90353841073771, 98.48149450135506, 33.63406639797168, -0.267441379083, 0.821722589757, 0.503236618537, -0.587697488049, 0.274771111335, -0.760994414511, -0.763601186022, -0.4992722923, 0.409439136926,  
928, 1927724.862861591, 77.20619448291943, 141.4789190282484, 81.33635643215035, 39.9926325399957, 0.186080908402, -0.171224475753, -0.967499909267, 0.932270662644, 0.341686550307, 0.118834813556, -0.310234277767, 0.924084671577, -0.223208899141,  
929, 1481764.714449067, 70.72346764607809, 116.5878592950151, 92.2796807035136, 32.879956024265155, -0.457653347812, 0.760658247251, -0.460382932053, -0.21789801387, 0.406049588131, 0.887493204216, -0.862017325109, -0.506480762584, 0.0200840320761,  
942, 616991.729306811, 52.81171176972898, 121.63981229480517, 74.93550503656824, 16.159478950061246, 0.496884417393, 0.785624074616, 0.368647106507, -0.296255276076, -0.245717988194, 0.922960173396, 0.815682957496, -0.567818178347, 0.11065183771,  
950, 1577706.474755214, 72.21806805197215, 145.3271822145343, 94.0415064440488, 27.55948946703291, -0.954877666582, 0.292253570255, 0.0528818734211, 0.140156624957, 0.286433997237, 0.947793060593, 0.261848739435, 0.912438171001, -0.31447070095,  
953, 1953538.9958291622, 77.54928985569686, 123.62882717805901, 89.17551011353723, 42.30270356133862, -0.207850690323, 0.939559649952, 0.272076744164, -0.250917902438, -0.320057977156, 0.913566142923, -0.945430217821, -0.121616427514, -0.302276608077,  
958, 914255.4783338851, 60.208755982435044, 149.43862494312464, 75.35111723602735, 19.383241345451456, 0.537117774729, 0.310515925826, -0.784273138567, 0.672098794145, -0.719368862359, 0.175475499078, 0.509693738414, 0.621360040296, 0.59508318187,  
969, 2060526.235444655, 78.9398893061201, 96.20929444092569, 79.83694579076524, 64.04254691184278, -0.6440152733, -0.383002580924, 0.662233607394, -0.744661862674, 0.115510220032, -0.657370595135, -0.175279884858, 0.916496815092, 0.359597761242,  
972, 1486098.6656196315, 70.792352560197, 111.18227768038653, 69.6207567896356, 45.83368000637237, -0.0162564879856, 0.989353309436, 0.144622804934, 0.719054218637, -0.0889373513793, 0.689239565166, 0.694763814011, 0.115196252709, -0.709952861888,  
1003, 1237341.6630959671, 66.59889279053591, 108.8827567517356, 87.2377134440387, 31.09837135122493, -0.83080977429, -0.538644382162, -0.140061945256, 0.0299980383531, -0.294631200813, 0.955140080408, 0.555747457609, -0.789338131014, -0.260940756281,  
1010, 2032906.4858148762, 78.58559228540466, 118.79986176521066, 68.86049246648128, 59.32568104777519, -0.056642152117, 0.499354558907, -0.864544210033, 0.966958038671, 0.243023784911, 0.0770168255463, -0.248563509094, 0.83161557493, 0.496620295075,  
1029, 309383.60070899694, 41.95685176566615, 90.65176717700734, 40.742072174361624, 19.998125606362915, 0.59802138732, 0.499452456234, 0.626831448054, 0.587334468536, 0.259066603026, -0.766761186594, 0.545351851906, -0.826699303954, 0.138418273591,  
1033, 1984606.685678451, 77.95822583291475, 109.49316441095925, 70.1833781331075, 61.65446949244187, -0.00942950143687, 0.999955521866, -0.000196960084527, -0.936002941054, -0.0088957430094, -0.351879752322, 0.351865853474, 0.00313369541174, -0.936045191811,  
1034, 1305946.6345152345, 67.80768857314389, 123.57601098492887, 89.60398146800813, 28.156284287836165, -0.381517909622, -0.334569949716, -0.861688478155, 0.89402510666, -0.370417180471, -0.252012343095, 0.234868459566, 0.866518355927, -0.440434723361,  
1041, 1314330.1885133106, 67.95247685401124, 125.5338625469589, 62.047470509911506, 40.28384356362751, 0.198210923748, 0.16668630192, 0.965882035478, -0.476389245494, 0.877593739248, -0.0536890641565, -0.856601258746, -0.449494055116, 0.253356227338,  
1046, 902015.1834965881, 59.93885092287525, 111.86836636713927, 46.4612870045443, 41.43112316420866, -0.203028150275, 0.509207148023, -0.836353783155, 0.300520577534, 0.845324741362, 0.441716497451, 0.931915743334, -0.161660638513, -0.324651944829,  
1058, 1398879.945177141, 69.37941148197882, 155.00458903532638, 50.37486385098513, 42.76942320640578, -0.492247862683, -0.869294939807, 0.0449260426708, 0.305472251127, -0.124186646813, 0.944067995721, -0.81509431692, 0.47843911251, 0.326676093624,  
1074, 906817.2366330294, 60.04502810092096, 152.84748595387106, 71.68746220366826, 19.757393570178497, -0.901105770603, -0.428057462589, -0.0691028140414, -0.384121693305, 0.862009278231, -0.330742390655, -0.20114401537, 0.27148998686, 0.941187692289,  
1078, 3638711.383417547, 95.41566175913975, 135.45653831057354, 90.66774463642759, 70.73041636882488, -0.111349123686, -0.895636164114, 0.430624237805, -0.775330041214, -0.192770836474, -0.601417269287, 0.621662850624, -0.40084319395, -0.672948760321,  
1080, 818588.7134995278, 58.030865475002926, 114.6344467358476, 80.73029001430186, 21.116672827028307, 0.0928495137822, 0.948459079478, -0.302992314005, -0.990275799652, 0.119628717831, 0.0710127488084, 0.103599268403, 0.293452456841, 0.950343541652,  
1106, 1523664.1983368369, 71.38389117651701, 121.66814624919284, 70.94451552428066, 42.141009523701484, 0.324315302045, -0.379188518686, -0.866623131561, -0.769973511076, -0.638012578916, -0.00898562111466, 0.549509214755, -0.670191029814, 0.498882357331,  
1121, 1126477.3640242517, 64.54728109073066, 109.66744166284359, 68.48794363952399, 35.804863382541065, 0.468656549975, -0.101350062569, -0.877547265384, -0.66813524452, 0.609192458949, -0.427176594619, -0.577889551036, -0.786519365799, -0.217786487245,  
1130, 816455.5122195779, 57.98041311233034, 100.62020024833348, 63.23182530396251, 30.635362258823612, -0.227138403856, 0.239393833777, 0.943980263482, -0.960807629268, -0.213268484826, -0.177102379769, -0.158924022834, 0.947210190892, -0.278452885129,  
1137, 742361.4894879155, 56.170584324171216, 117.62380601111076, 96.5939113702489, 15.598464358118537, -0.990310291533, -0.0823327085506, 0.111834035904, -0.121480214922, 0.903802604735, -0.410345475249, 0.0672910385292, 0.419954969941, 0.905046816113,  
1150, 1069922.5353470074, 63.44848284748566, 119.03831002664118, 79.27789369248147, 27.066049394884352, 0.448067085025, 0.485701857249, -0.750552858353, -0.495714644043, 0.833640642314, 0.243537001632, 0.74397774093, 0.262939128596, 0.614296455837,  
1154, 2332736.6828589574, 82.27332258115973, 104.68148672847842, 84.47090524307177, 62.97962626179219, -0.350869366008, -0.588006830767, -0.728792600792, -0.931119523105, 0.136348329475, 0.338268483224, 0.0995345251174, -0.797281067141, 0.595345091765,  
1157, 2427151.7901807954, 83.3686513480913, 130.43217712668644, 97.49518242354581, 45.5659498993319, 0.194130662309, 0.149321356921, 0.969544438548, 0.91607983019, -0.381103545669, -0.124731039433, 0.350871815156, 0.912394223922, -0.210774167022,  
1182, 573970.3702991887, 51.55454458354035, 89.26531683980588, 57.0569659160058, 26.90354068684589, -0.170209674635, -0.81622136562, 0.55209722782, -0.166127280317, 0.576021924946, 0.800375204961, -0.971303450727, 0.0445131922939, -0.233641140035,  
1193, 552512.4050706638, 50.90390987702375, 123.72625377776276, 59.24884950636931, 17.99333388989733, -0.661183924017, -0.490280792927, -0.567856110919, -0.750046060297, 0.448467102993, 0.486115382358, -0.0163317498643, -0.747329914844, 0.664252416124,  
1208, 1507688.5590545314, 71.13352708882131, 141.82893526352638, 82.21824876778028, 30.86668324410167, 0.729388125402, 0.215753468103, -0.649186724698, 0.624415710213, -0.597626275537, 0.502939216632, 0.279460164176, 0.772200282173, 0.570621363822,  
1215, 969713.9888058881, 61.402353432175474, 120.33404675536318, 55.693302990215436, 34.54327850524799, -0.467654127683, -0.00261039033501, -0.883907689028, 0.840816676041, -0.309747870088, -0.443940958088, 0.272629664844, 0.950815146513, -0.147049729712,  
1225, 2401214.1865333705, 83.07061589959393, 121.02034960871917, 78.65998511640782, 60.21851314193013, -0.691667592693, 0.319756918366, -0.647573512719, 0.690332656203, 0.0292382919287, -0.722901062432, 0.212218672597, 0.947048380729, 0.240961821788,  
1226, 2012599.0180353622, 78.32304241528078, 133.40312998813516, 97.31676687743251, 37.00964809904306, 0.155260286429, -0.660031671398, 0.735018663851, -0.622999765442, -0.642847735597, -0.44566588505, 0.766658682673, -0.38872224221, -0.511008300024,  
1245, 597438.7986672358, 52.24783162988146, 121.23120957000772, 55.519941414647114, 21.190508391821158, 0.32297304139, 0.0996338405222, -0.941149038335, -0.773730260882, 0.600463673203, -0.201952619591, -0.545004493496, -0.793420742725, -0.271023296198,  
1248, 1058789.916562957, 63.22765318452499, 115.31960058760566, 85.97211179855428, 25.49531974811848, 0.82532573094, -0.469397800762, 0.313852102889, -0.0848363712737, 0.44643757742, 0.890784081345, 0.558247461219, 0.761813096571, -0.328634413802,  
1251, 3394709.9522949145, 93.23336405739478, 112.39187564621412, 94.0351249672018, 76.68122448232539, -0.687685713355, 0.314869768288, -0.65417535009, -0.09282884698, 0.855526797417, 0.509368927271, 0.720049418315, 0.411012077583, -0.559104558437,  
1254, 313769.57769821037, 42.15418928416253, 87.02785016626862, 48.682227673257444, 17.68045859127515, 0.0151007495057, 0.849446735723, 0.527458254779, -0.990257884029, 0.0857349145161, -0.10972168223, 0.138424313192, 0.520662815652, -0.84246598858,  
1257, 2518797.8562960294, 84.40501186041331, 104.97271847965412, 96.52435725759531, 59.3459850758884, -0.0938968351669, 0.795190009488, 0.599046102697, 0.282519492118, -0.555687070373, 0.781917269533, 0.954654974805, 0.242661757661, -0.172479420366,  
1266, 2444113.08057042, 83.56239816415436, 116.33245384849309, 87.55376097368746, 57.28712015250068, -0.15983030391, 0.860828209171, -0.483144976428, 0.985618977187, 0.166362483177, -0.0296438189268, -0.0548589624531, 0.480934838088, 0.875038385302,  
1268, 3520274.3568773204, 94.36898868713467, 115.17075367181876, 95.64743217624591, 76.29083685165081, 0.229793409488, -0.571572106811, 0.787718424103, 0.713424964943, -0.451598112827, -0.53580216861, 0.661981728111, 0.685101796237, 0.303999540199,  
1272, 456703.16200788156, 47.77292173824398, 140.82763594532585, 74.13556823459884, 10.443135176758084, 0.754051543435, 0.525586393733, 0.393910157989, 0.279261527897, -0.799368690501, 0.531998774137, 0.594490764336, -0.291150544169, -0.749541254201,  
1278, 1009607.0236204859, 62.2330736889377, 75.80616249565796, 61.23258684462231, 51.925015482326934, 0.232959747042, -0.8276900905, 0.510547618098, -0.39734123334, 0.398160169431, 0.826794063698, -0.887608979532, -0.395471356189, -0.23612010903,  
1287, 3609920.607825396, 95.1633409095866, 139.84320165364326, 92.03185044659915, 66.96217147335713, -0.524037445401, 0.0898317828734, -0.846944512116, 0.848286184886, 0.143935357554, -0.509600982513, -0.0761268963663, 0.985501326043, 0.15163057745,  
1290, 711415.2536053914, 55.37896751245303, 118.73077454217434, 88.01788541479911, 16.251757442648223, -0.30747017636, -0.827989021845, -0.468930986771, -0.946628517234, 0.316251607424, 0.0622845981135, -0.096729214869, -0.463054101058, 0.881035957543,  
1296, 2104299.056679542, 79.49496401106113, 106.68374182721398, 79.61088594806269, 59.149101851512526, -0.714265427135, 0.696847541713, 0.0650261732534, 0.662252783324, 0.702998502587, -0.25925731685, 0.226376126344, 0.142114773932, 0.963616749778,  
1298, 745545.7907686626, 56.25078286747481, 110.16949981461788, 82.44607322764182, 19.595410230686674, -0.453025760101, -0.539457966861, 0.709755424548, 0.505320862268, 0.500506211527, 0.702954022948, -0.734451146668, 0.677110503694, 0.0458571580593,  
1300, 2349675.8269420094, 82.4719847959958, 137.95833455408064, 69.25501627691956, 58.71109240022716, 0.00945438297297, 0.880023133485, 0.474836707906, -0.430105740224, -0.425108357733, 0.796424469998, 0.902729010761, -0.211759695688, 0.374483864023,  
1301, 1027432.1395934717, 62.597191125083484, 122.14360836374063, 55.02501483752815, 36.49502147743645, 0.627512751574, -0.750190132308, -0.208428673648, -0.621839773694, -0.64397186716, 0.445663023099, 0.468554204403, 0.150049990648, 0.8705986204,  
1306, 1744780.3044273152, 74.68224768597885, 102.79881092340547, 89.16276022748976, 45.4444179233712, 0.179397346827, -0.982969135943, -0.0398531019579, -0.193979357542, -0.0750592164669, 0.97812991104, 0.964462856101, 0.167743231779, 0.204141145763,  
1313, 2342795.447963564, 82.39140725855111, 107.46372548998362, 99.53468281758877, 52.288891250704715, -0.2652878759, -0.842276810758, 0.469246328658, 0.964135372748, -0.235821227898, 0.121783954149, 0.00808244490861, 0.484724790507, 0.874629379539,  
1314, 2670131.3325132327, 86.06264141819211, 123.04069162169806, 99.94846219568622, 51.83452624848348, -0.927151656033, 0.026352976224, -0.373758380988, 0.347690510539, -0.31126773206, -0.884434117309, 0.139646394853, 0.949956798819, -0.279429713491,  
1316, 776631.4179233792, 57.02195662623344, 138.05798087439751, 53.2310916111981, 25.228966288585813, 0.306278764687, 0.880326402404, -0.362241278062, 0.790012474832, -0.0227532162082, 0.612668410123, -0.531106023231, 0.473822452383, 0.702437666776,  
1318, 2906978.1632964388, 88.53555621613084, 110.214279480974, 85.7738247423688, 73.41089488175642, 0.178006711435, 0.222020507334, 0.958655571625, -0.297530304231, -0.916471937869, 0.267497486273, 0.937970857089, -0.332845431727, -0.0970803266894,  
1319, 509566.03692740796, 49.54927317055487, 118.59153446266963, 103.40809087414439, 9.919816902885215, 0.673707439161, 0.00246120207978, -0.73899406554, 0.290904141647, 0.918373492863, 0.268262759209, -0.679332810036, 0.395707050847, -0.617999080192,  
1321, 654756.7961421029, 53.86795250644993, 120.83088426452683, 70.70415199623606, 18.296521656394184, 0.252235206809, 0.8812080797, -0.399812106767, 0.69304764703, 0.12383659389, 0.710175652187, 0.675323892212, -0.456220142349, -0.57948323731,  
1366, 849809.4161054663, 58.75943932967082, 107.68336739064806, 101.78222224291014, 18.510253769661492, -0.447778782876, 0.197340434279, 0.872095702664, 0.534638475624, 0.840872183781, 0.0842358054843, -0.716697887529, 0.503974923525, -0.482030511969,  
1369, 1400651.1393373513, 69.40868075127234, 108.3606578538382, 73.74727590287142, 41.843090504418996, -0.848950856833, -0.483874298925, -0.212480835659, -0.483459994616, 0.873475617633, -0.0575045998802, -0.213421827115, -0.0539074043236, 0.975471739965,  
1376, 3233127.309712252, 91.73000113940319, 114.35669669147926, 91.4608720273593, 73.79675358380773, -0.163975374149, -0.766376738648, 0.621110916931, -0.621247563264, -0.408859274968, -0.668494995053, 0.766265973283, -0.495480360591, -0.40906682884,  
1386, 738893.8627909, 56.08298877705821, 91.32959919280944, 53.251639558174446, 36.270113496246005, 0.671413844165, 0.686629090133, 0.27882600748, 0.626929156108, -0.325629726829, -0.707760633426, 0.395175003113, -0.650004441207, 0.649100102701,  
1388, 1253556.9465667875, 66.88855585838772, 135.4171740776142, 55.703351156448605, 39.67348838624629, -0.519699089467, 0.25515964568, 0.815356616226, -0.141598746319, -0.966885445709, 0.212325999155, 0.842533472005, -0.00510784622983, 0.538619771693,  
1398, 123320.5489703849, 30.877984629164686, 84.07029848752235, 56.35955012946851, 6.213506154492174, 0.0535389130667, 0.358380320693, 0.93203923229, 0.919795201182, -0.381051474861, 0.0936833036862, 0.388729176511, 0.852269510921, -0.350037580958,  
1402, 2955480.778932396, 89.02524481735725, 120.04617351332104, 82.39810061052611, 71.33029297327785, -0.098088407624, 0.415616002503, -0.904235590293, 0.971384592651, -0.157511425182, -0.177769862735, 0.216311436242, 0.895797683297, 0.388272936412,  
1407, 2742649.2487067743, 86.83481571980934, 113.61984190197633, 93.00228605959646, 61.96320258919752, -0.963299141569, 0.263727634522, -0.0500249801708, 0.268270621898, 0.952285546863, -0.145544188007, -0.00925404117723, 0.153622823909, 0.988086226347,  
1416, 2086573.7236363934, 79.27112863261394, 124.53986892025198, 76.64139854296187, 52.18831791370103, -0.56188268158, 0.318307462035, -0.763523550229, -0.0983265040644, 0.890759720562, 0.44371051241, 0.821352391327, 0.324387854023, -0.469204400473,  
1420, 1423930.5251185414, 69.79110324520495, 122.57831887850011, 104.34633188021216, 26.577207262130983, -0.157841733932, -0.923492517024, 0.349639182629, -0.540694564199, -0.215452253573, -0.813160325321, 0.826278025409, -0.317398641192, -0.46532002675,  
1423, 854632.6297919131, 58.8703955175284, 110.51130774165972, 56.66318918500776, 32.582404295549686, -0.166494248215, -0.911391803046, 0.376357073338, -0.952186855411, 0.0494479359163, -0.301488132464, -0.2561637322, 0.408558298133, 0.876048091906,  
1426, 580972.3959542988, 51.76334060433843, 131.12905883825167, 78.82167649044531, 13.41906562468137, -0.506302611151, -0.791196473333, -0.343024498436, -0.851536842528, 0.521507302719, 0.0539920274475, -0.136171479242, -0.319434302786, 0.937773455822,  
1431, 1270231.4922752655, 67.1838295561925, 108.82460236771061, 74.96158468256117, 37.17306906592204, 0.106897223608, -0.791396934008, 0.601883607044, 0.454510863701, -0.499504920475, -0.737505735028, 0.884303600786, 0.352399953554, 0.306302814829,  
1441, 406917.8763571633, 45.969811191131825, 145.08610441107385, 94.70151775755537, 7.070260259200736, -0.59704045213, 0.318077009672, -0.73645754422, -0.105010051724, 0.879147597185, 0.464835875767, 0.795308485782, 0.354861266245, -0.491485395675,  
1442, 2234843.0253588217, 81.10596666968121, 115.03340832188611, 88.64697372857798, 52.32033460909008, 0.662193510841, 0.667613603136, -0.340281987634, 0.127070826046, 0.347488645092, 0.929034254858, 0.738480033155, -0.658440368173, 0.145270513841,  
1445, 1650577.7486285437, 73.31324773584053, 103.589386188979, 77.65864362487794, 48.98265440533759, 0.304765815723, -0.772255607158, -0.557439749911, -0.716193725736, -0.571640009029, 0.400367640169, -0.627841018717, 0.277216480916, -0.727300954162,  
1448, 2051132.57985885, 78.81974785346279, 148.16035039614087, 90.58839360640617, 36.48384221005888, 0.41165660858, 0.724112111799, 0.553353852574, -0.344070299753, -0.438761851886, 0.830122681389, 0.843892448977, -0.532118113651, 0.0685262554396,  
1452, 1637327.9449866891, 73.1165495356578, 119.8321533764868, 92.41402040776677, 35.29684086268542, 0.751047972344, 0.366033213354, 0.54949670605, -0.385997189609, -0.431793117505, 0.81520603119, -0.535661378906, 0.824363021003, 0.183009553716,  
1455, 2433733.3349113152, 83.44393839898434, 122.00906366293931, 85.83329773886094, 55.48000462523561, 0.177744871128, 0.734567207039, -0.654841797024, -0.909530236226, 0.376687772665, 0.17567319464, 0.375714665907, 0.564373404997, 0.73506540495,  
1459, 340427.0693354467, 43.31568222137534, 127.30282896100618, 50.12617762310727, 12.735993632889349, 0.495280694311, 0.831616732398, 0.251218319872, 0.608212957193, -0.538420200198, 0.583250106491, 0.620301565809, -0.13607828047, -0.772469202648,  
1477, 3540327.323041663, 94.54783802414964, 124.94159482568149, 100.68405622990484, 67.1872798832211, 0.022732823073, 0.870825210822, 0.491066870144, -0.0730307402038, -0.488435000614, 0.869538820962, 0.997070574102, -0.0556300491882, 0.0524935032828,  
1484, 366385.5072163703, 44.38980382060889, 122.59102454721355, 44.99779605069628, 15.856223524690526, -0.346262399629, 0.867556342214, -0.356999080794, 0.224476772236, 0.446105632365, 0.866371712084, 0.910885574224, 0.219853946649, -0.349215854183,  
1487, 2525545.537147082, 84.48031633583582, 117.76208058445732, 76.3612463549457, 67.04835327185931, -0.89447540533, 0.0465546976046, -0.444686866672, -0.144235859478, 0.911349339049, 0.385536508071, 0.423213617574, 0.408992716739, -0.808464712621,  
1490, 806228.9672080958, 57.73731666441986, 112.53016304269903, 75.49210572236608, 22.656838090238058, 0.54184466236, 0.739130320146, 0.400113398567, -0.295585925019, -0.278061090969, 0.913953494779, 0.786786707312, -0.61348871182, 0.0678106014388,  
1496, 1948718.2941328574, 77.48544846779927, 137.85651028740824, 66.19073276199812, 50.984243944827355, 0.606547366326, -0.711454151622, -0.354870796972, -0.659670024845, -0.201210540101, -0.724120001708, -0.443774436763, -0.673310707395, 0.591368701052,  
1507, 1368582.7337452457, 68.87487374541323, 124.63173562039945, 65.07688889780185, 40.28348374275805, -0.896598078673, 0.130690912879, 0.423121460825, -0.0346340201732, -0.973228667177, 0.227214537457, 0.441488810692, 0.189065720521, 0.877121304814,  
1534, 2472433.263626888, 83.88390817927264, 133.35508076828975, 88.38260192704738, 50.07945789549264, -0.983944208103, 0.152673066436, 0.092437709431, 0.0804576050206, -0.082877657923, 0.993306532553, 0.159312175097, 0.984795526291, 0.069263282218,  
1538, 2492254.46173939, 84.1074741839157, 127.37389490581955, 95.49108107030216, 48.91708099269022, -0.291201445946, 0.373789346591, 0.880615263469, -0.692387984927, 0.552856082724, -0.463625959285, -0.660151949332, -0.744735977491, 0.0978147617839,  
1553, 3172668.563806316, 91.15462288923874, 113.0808048072402, 94.50706499105802, 70.87334481484771, 0.335510438054, 0.678772252917, -0.653223525775, 0.441821651919, 0.499040153435, 0.745488130794, -0.832001426593, 0.538727346557, 0.132463097575,  
1575, 2046957.3828949048, 78.766230832273, 114.74759756763031, 82.88947597792588, 51.37800017348474, 0.78917952556, -0.453297846517, -0.414387184624, 0.273896074003, -0.344143200751, 0.898079282704, -0.549705936918, -0.822244805225, -0.147434267378,  
1576, 2546556.411473002, 84.7139431723334, 95.83766662622043, 88.83438075638907, 71.40808413022923, 0.29862319769, -0.937464055017, 0.178844433384, -0.930340226505, -0.244159255597, 0.273593349432, -0.212817407061, -0.248087491538, -0.945072138937,  
1577, 2582203.235301801, 85.10738968451975, 114.66776187041886, 82.89778791761908, 64.85112792552935, -0.0984639869028, -0.983132218891, -0.154129437362, 0.129455212306, -0.166220318369, 0.977554169225, -0.986684443624, 0.076301021879, 0.143638305372,  
1578, 3677829.92674829, 95.75637077558203, 107.98206222590736, 92.74597925951798, 87.67107356186493, 0.435108774215, 0.771864221794, -0.463579526851, 0.734871264986, -0.601930354463, -0.31248051503, 0.520235118479, 0.204708259457, 0.829126015761,  
1579, 1954949.2700354145, 77.56794650168872, 113.53691934570814, 79.32198011013237, 51.82224578670316, -0.858448293241, 0.443443594123, -0.257729134291, 0.50099412497, 0.832610040721, -0.236147002596, -0.109869989425, 0.331840773446, 0.936915303804,  
1580, 2093999.861156924, 79.36505954318044, 116.71754679730685, 83.3761235025544, 51.37007375396069, 0.464991373506, 0.581738335477, -0.667355626036, 0.824532761924, -0.559058836473, 0.0871719098991, 0.322379818041, 0.590790763636, 0.73961985271,  
1581, 2138492.5377799044, 79.92323298540204, 140.4800090029498, 74.03601452858923, 49.086444010032714, -0.625520409741, -0.381134900016, 0.680779263042, -0.0163400017218, 0.878769666827, 0.476966326912, -0.780036679485, 0.287228237912, -0.555916106984,  
1582, 2787158.766387399, 87.30203483462232, 121.70582501835814, 83.75263622075116, 65.27746017328688, 0.884650005428, 0.449263409651, -0.124726727868, 0.378969764592, -0.848670046032, -0.368972994259, 0.271617903352, -0.279144302676, 0.921033209424,  
1583, 3822244.9559605084, 96.99364990752947, 115.47015152803489, 92.79338361141447, 85.16147210970922, -0.607912338096, 0.584578452011, 0.537317990239, 0.79365507057, 0.467437650932, 0.389376002663, 0.0235418382734, -0.663151623639, 0.748114767877,  
1584, 2691980.778494031, 86.29675164051775, 94.82597937275482, 88.12921276501513, 76.90173138655844, -0.924692781312, -0.301011006433, 0.2331000519, -0.0511794678769, 0.704995808456, 0.707362405085, 0.377258429008, -0.642162973135, 0.667310118069,  
1585, 630172.8079294587, 53.18514529529789, 120.91448024345566, 62.10317791835366, 20.03451864409931, -0.547697840017, -0.836495777126, -0.0173750076694, -0.222731567663, 0.12575385656, 0.966735029016, -0.806484795149, 0.533348649958, -0.255189131395,  
1586, 3141039.53917752, 90.85069723704623, 101.12664545689209, 92.81792884825391, 79.88906154120191, -0.407096216641, -0.875763295272, -0.259444254225, 0.811237242196, -0.477202229846, 0.33789372398, -0.419722297801, -0.0729155846426, 0.904719022816,  
