# Void_ID, Void_Volume, r = (a*b*c)**(1/3.0), a, b, c, vector_a, vector_b, vector_c 

15, 2155698.089348381, 80.13700534464576, 113.9169968184241, 91.39607241597521, 49.42916422185687, 0.186451427616, 0.946600705834, 0.263026555417, -0.291293549903, -0.20241967354, 0.934972910596, 0.938287766586, -0.250944973009, 0.237997242834,  
37, 2154211.3923163507, 80.11857870014359, 118.52887477678266, 96.21606394101576, 45.094955307571794, -0.735428260321, 0.660050083065, -0.153229115274, 0.664673014496, 0.746673090076, 0.0262503401287, -0.131738596174, 0.0825420159844, 0.987841970092,  
52, 230113.07054391608, 38.01464093509769, 61.92741566247075, 51.30517600508617, 17.290539321456848, -0.974920666589, -0.21286385819, -0.0649513027911, 0.101531533281, -0.685114718334, 0.72132459439, 0.198043029686, -0.696639649028, -0.68954489179,  
85, 1229065.1771194255, 66.45006879809078, 120.24940997382359, 88.80812603111914, 27.47581886921708, 0.569670582701, 0.550825005537, -0.609973147344, -0.304039430131, 0.830762847978, 0.466254346194, 0.763567581902, -0.0801554969694, 0.640733676479,  
86, 1291014.4230106212, 67.54825926375962, 102.95063557874582, 95.24805930021273, 31.43093620383413, 0.871448473469, -0.486418617387, -0.0630435305855, -0.183900581113, -0.443182243618, 0.877365417148, 0.454706646483, 0.752985011538, 0.475663156071,  
117, 1108587.8839232507, 64.20376643237277, 108.92649380786004, 69.76330021238161, 34.827393820259836, -0.202644392445, -0.978222770061, 0.0448939009831, -0.173824628346, 0.0810501066165, 0.981435621321, -0.963701327586, 0.191078759553, -0.186463559058,  
124, 1366964.3897105707, 68.8477149428169, 100.61219217340768, 78.77005193147002, 41.177203463424185, 0.402166569726, -0.84646193845, -0.3489473269, -0.852669246406, -0.485093946746, 0.194007780934, -0.333492438336, 0.219513210505, -0.916840631728,  
128, 677942.3415727536, 54.496429605217315, 128.86370666977075, 68.0306966027727, 18.461569197480603, -0.110142151342, 0.905707751384, -0.409343591108, -0.210566981972, 0.381237340046, 0.900177558406, 0.971354854109, 0.185341737442, 0.148721846952,  
137, 2820450.573677199, 87.64825916113607, 118.61966740218509, 92.17313345544224, 61.584132823805064, -0.957379721959, -0.27034800931, -0.101666227642, -0.280994365609, 0.953236984002, 0.111271824046, -0.0668298920896, -0.135097025107, 0.988576026075,  
154, 2049956.4151782764, 78.80467931201196, 110.44497339411407, 92.9296406476159, 47.68214735067167, 0.00938663117025, -0.939002029501, 0.343783478003, -0.824909808644, -0.201590327205, -0.528095775007, 0.565186428321, -0.278633322792, -0.776484238521,  
161, 346396.6310364326, 43.56740405021766, 111.29987509463994, 58.56323275924092, 12.687186704867782, 0.674905922451, -0.406533030047, 0.615818878666, -0.575819897698, 0.231733306971, 0.784047906607, 0.461447116424, 0.883759339369, 0.077691626468,  
188, 1164886.091833618, 65.27270590463239, 111.86113525325895, 69.8696734245649, 35.58171811731689, -0.0727285122753, -0.0800252729518, 0.994136066739, -0.517882266942, -0.84883224887, -0.106215680879, 0.852354692067, -0.522570348343, 0.0202906368626,  
198, 751876.825562151, 56.40955797605808, 136.849927660564, 81.05811487573466, 16.181434451154157, -0.875348894758, -0.113967710979, 0.469867718939, -0.482606902105, 0.147188254239, -0.863380678412, -0.0292385103483, 0.982520726839, 0.183842679605,  
199, 368903.08611375163, 44.49124509252148, 85.90943065017245, 53.45290362185542, 19.17836309704125, -0.112509435617, 0.0343223594931, 0.993057703528, -0.377152631633, -0.926089050215, -0.0107221044503, 0.919291857546, -0.375740664169, 0.117138524578,  
225, 1372762.413125122, 68.94491757497251, 120.73947299293606, 73.54974414001042, 36.90424527212931, -0.674924211303, -0.0587512797351, 0.735544421586, 0.723603872534, -0.247879889677, 0.644168453083, -0.144480949091, -0.967007677024, -0.209812792571,  
258, 1781733.811955017, 75.20581189813926, 108.37440210330983, 101.2588321172844, 38.76096526752732, -0.454758551339, -0.410164577157, 0.790543913789, 0.726100879192, 0.34325319155, 0.595780798387, -0.515724900717, 0.844951043633, 0.141723535956,  
266, 1041327.8811314738, 62.87813171218264, 85.29981098710911, 70.68236425335866, 41.232507883586706, 0.0597065799337, 0.966931450379, 0.247948975759, -0.793412030989, -0.104763040514, 0.599601579738, 0.605749513739, -0.232525860088, 0.76092000302,  
269, 764382.758813494, 56.72059236658166, 127.89769533599132, 71.05582238133465, 20.079823191879004, -0.951669557903, 0.304787495385, -0.037810517295, 0.305832174275, 0.929178954932, -0.207588898764, 0.0281377635782, 0.209119708227, 0.977485147658,  
270, 1201580.5763314, 65.95100682748678, 135.0533796805471, 110.51545802481122, 19.219222087241782, 0.217048354817, 0.600426117222, 0.769661282272, -0.248580876641, -0.728467229359, 0.638390980135, -0.943979639314, 0.329884788232, 0.00885816309326,  
282, 65138.66470580386, 24.960316086946392, 131.67296254947783, 79.25910006730291, 1.4900625456883994, -0.92601004271, 0.150970284645, 0.345996205116, 0.318117229847, -0.18138092954, 0.930538761403, -0.203240814984, -0.971755592499, -0.119934313569,  
298, 52072.80656067123, 23.165452722347688, 58.278302888492846, 25.64146732912109, 8.319028379367959, 0.866739504934, -0.235529958854, -0.439645617594, -0.321476905396, 0.410127110391, -0.853491858555, -0.381333489068, -0.881091023564, -0.279755926319,  
350, 65863.89822800204, 25.05260786494727, 79.35885172445538, 44.50377796646823, 4.45211697655958, 0.564545516373, 0.0701586171461, -0.822414815275, 0.375185407587, -0.909310325997, 0.179974000813, -0.735203556763, -0.410161552898, -0.539669556903,  
352, 334847.41943815874, 43.07772726717337, 144.08675769468024, 67.85689733752912, 8.175988651640958, 0.560726106528, 0.367528322536, 0.74196304867, -0.527246531522, -0.532446019047, 0.662202636509, 0.638433495719, -0.762511750031, -0.104778349903,  
365, 465601.2095506943, 48.081185094390854, 103.5508473477208, 55.82118066805723, 19.229713577201455, -0.394160991484, -0.231624301735, 0.889374665503, -0.160383521562, 0.970206270107, 0.181595483029, -0.9049388039, -0.0710631852021, -0.419566186561,  
375, 223686.70701166548, 37.65741654284094, 109.78704266038028, 35.34910555813045, 13.76011460069449, -0.486584226257, -0.854304605884, -0.18275511244, -0.830762871593, 0.387743583351, 0.399359443049, 0.270312489426, -0.346148167604, 0.898394459091,  
380, 1072132.795616481, 63.49214370409444, 134.8521087253857, 117.72937057045006, 16.12194396914591, 0.330172226595, -0.783312832749, 0.526694699836, -0.882203075152, -0.057625626677, 0.467329670941, -0.335714216227, -0.618950961871, -0.710067371327,  
394, 1478001.9537529824, 70.66355236263063, 119.47557325746155, 78.7154975472268, 37.51863512353857, 0.0470211370395, -0.916884020543, -0.396374451175, 0.980649586426, 0.117866486455, -0.15631340318, 0.190040525453, -0.381354407662, 0.904684151758,  
414, 1004081.8066641873, 62.11933953358733, 119.34980284488846, 105.92193892484912, 18.961507438142483, 0.0230514458085, -0.949294766798, 0.313541188007, 0.332160941905, -0.288535611321, -0.898006853912, 0.942941005323, 0.124846492663, 0.308667480877,  
460, 820430.0120464574, 58.074343610099, 151.60094657558116, 41.72836912203666, 30.961329774068588, -0.663966164766, -0.723880669457, 0.187471887045, 0.166751923564, 0.101060755042, 0.980806056149, -0.728932594987, 0.682483333259, 0.0536075721296,  
462, 2404117.68272997, 83.10408480987947, 113.76937446893547, 82.96250797534499, 60.80788117057248, -0.363098135636, 0.922982113399, 0.127529456371, 0.89829462056, 0.310417949353, 0.310978249068, -0.247439929217, -0.227474647081, 0.941822046017,  
472, 1492993.5870116907, 70.90166669486595, 128.95503042648747, 71.17489466909959, 38.833292285932544, -0.315971787582, -0.534578558812, -0.783828803956, 0.222264493903, -0.844871047925, 0.486612173222, -0.922366697254, -0.0204615941859, 0.385773248115,  
484, 3764607.154436248, 96.50363776424842, 104.11294044728942, 99.21863437817925, 87.0027732922868, 0.0744717964983, 0.468470526762, 0.880334775572, -0.871705240964, -0.398176545521, 0.28563160097, 0.484338646406, -0.78866393613, 0.378715290747,  
485, 2398008.8796555945, 83.03363663815153, 104.36292599253818, 88.21651933761062, 62.182189872308285, -0.361692880151, -0.643740967187, -0.674370690061, -0.900848083847, 0.427611851152, 0.0749722254075, -0.240106206244, -0.634622464083, 0.734576978814,  
486, 1972804.0122832863, 77.80337642047726, 105.09314546658067, 82.06298454852289, 54.61018335086791, -0.160883959597, -0.0432969300694, 0.986023188059, -0.828471168714, -0.537057636498, -0.158759622351, 0.536425087178, -0.842433659659, 0.0505337008354,  
487, 3359748.3505384973, 92.91219354429795, 106.3665779967738, 91.51219478667, 82.40128441967649, 0.793162181256, -0.608761983779, 0.0173954399314, -0.164504627178, -0.186658214924, 0.968554045182, -0.586371880177, -0.771082069501, -0.24819440008,  
488, 3072902.9395530573, 90.18896669499323, 98.66670622665286, 93.68176836462113, 79.36600556162631, -0.374090691243, 0.563297006335, 0.736717474599, -0.293897454694, 0.681442494622, -0.670268910698, -0.879591064558, -0.467260750735, -0.0893697374565,  
489, 3184825.5612384477, 91.27090293124616, 101.27164697734548, 91.72128860027193, 81.85383287244655, 0.482961823614, 0.854025480788, 0.19336068653, -0.573808826556, 0.14187109937, 0.806607724814, 0.661431256819, -0.500512806357, 0.55856568385,  
490, 2981299.2356241387, 89.28372883850471, 103.4907436044955, 87.8163168276786, 78.31414915717221, 0.0401041870437, -0.616229845878, -0.786544614902, 0.0309978610128, -0.786031713051, 0.61740851848, 0.998714567228, 0.0491418673606, 0.012421355728,  
491, 3482334.7006156393, 94.02874372425299, 105.36079778635222, 90.53269212237029, 87.15602521124592, 0.730302614618, -0.426928483887, 0.533282439921, -0.495179146064, -0.868619304278, -0.017266080572, -0.470590803549, 0.251460879425, 0.845761031104,  
492, 3093360.3492907463, 90.38866422436864, 121.31268285143956, 85.93035903368138, 70.84171581626273, 0.305031224391, 0.921946219792, -0.238686237472, 0.745507341234, -0.0752052932994, 0.662240868587, -0.592599996889, 0.379946485273, 0.710257637773,  
493, 3368708.9857608266, 92.99472087746325, 101.36702818075811, 92.01339295940684, 86.2237934636826, -0.356062492338, 0.884795911182, -0.300592243921, -0.00376038029752, 0.320314787131, 0.947303698233, 0.934454579469, 0.338429656945, -0.110724912327,  
494, 2781246.8326870427, 87.24026473848167, 105.93990561029037, 89.41136630313936, 70.09686762684127, -0.0826946394033, -0.858291261289, 0.506456027123, 0.980427482577, -0.161178427925, -0.113063989758, 0.17867162064, 0.487193621845, 0.8548209326,  
495, 3280699.050293879, 92.17771281408369, 105.41712224734488, 93.24422878171345, 79.67914513522904, -0.583255605055, 0.806088815695, 0.10016846002, 0.804881449623, 0.556910167517, 0.204980285317, -0.109447481582, -0.200179635644, 0.973626911218,  
496, 3506978.8686028155, 94.25003350046312, 113.14969486233343, 92.42211096647013, 80.05994157466303, 0.368596998188, 0.926380200658, -0.0771749749353, -0.318969794483, 0.204020165213, 0.925545267609, 0.873152061862, -0.316536721433, 0.370688522684,  
497, 2384876.172910963, 82.88178105528053, 105.03365035690913, 75.36527546988891, 71.92460328431567, -0.851871366557, 0.405717501569, 0.331222710213, 0.00821537251602, -0.621976213683, 0.782993037815, 0.523686626233, 0.669730467078, 0.526510606705,  
498, 3123892.414835427, 90.68507567867276, 106.25835075973777, 97.07842008427876, 72.29723509487667, 0.835409925682, -0.0977255389495, 0.540869647058, -0.364334208633, -0.835262439641, 0.411821856322, -0.41152258807, 0.541097381219, 0.733391289522,  
499, 2826536.2876353343, 87.71125371195518, 115.20700480225334, 99.7188477975562, 58.73673726612343, -0.355206506958, -0.0766993112038, 0.931635955229, 0.71495352956, 0.619769564792, 0.323615724474, -0.602220713679, 0.781026825543, -0.165309738969,  
500, 2861111.710019725, 88.06744601618547, 109.91949506681182, 90.0761045755055, 68.98614618714488, -0.651220040674, -0.41839374881, 0.633134369295, -0.722072799119, 0.59831821318, -0.347312810807, 0.233502315616, 0.683346169035, 0.691747556459,  
501, 3307815.331700357, 92.43097812032958, 101.17217251265838, 89.63092820650627, 87.08305908501488, 0.584164219814, 0.482484913015, 0.65265647396, 0.683517561662, 0.14117464066, -0.716151844048, 0.437671003367, -0.864452444931, 0.247317737464,  
502, 3231381.7478068145, 91.71348985840955, 116.3230645171142, 93.20272431663942, 71.15496611921691, -0.109685219724, -0.540064199297, 0.834445812029, -0.928117900137, -0.244830317298, -0.280455485196, 0.355761599978, -0.805225916355, -0.474388983442,  
503, 2278273.3190117716, 81.6279841749777, 95.20568511915705, 89.73334760295681, 63.66495878933068, -0.497967950153, -0.733010505787, 0.463382691764, 0.840426072636, -0.276181105078, 0.466270322487, -0.213803501034, 0.621626572472, 0.753570479346,  
504, 2880423.6783228503, 88.26514812045357, 99.50531312869794, 97.34833453159627, 70.98931188497473, 0.359113446955, 0.0746450934286, 0.930304059028, -0.5508957231, 0.821573435062, 0.146734430417, -0.75336009616, -0.565194834395, 0.336159730912,  
505, 3983045.804744388, 98.3351754893214, 107.76764372060487, 100.10477106570268, 88.14212718398844, -0.527843005055, 0.454957162632, 0.717213874785, 0.83228800981, 0.108697688583, 0.543582083243, -0.169347071841, -0.883854508766, 0.43603070602,  
506, 2351023.996260896, 82.48775504822022, 134.02491906696017, 96.37679301126339, 43.452065757856644, 0.784373252153, 0.346506264524, 0.514482273701, -0.341887098341, -0.450556754595, 0.824688924915, 0.517563342301, -0.822758785754, -0.234938645546,  
507, 3231394.538396092, 91.71361086629655, 97.55650427442522, 92.08840589376628, 85.86974876495513, -0.969405695262, -0.117955359434, 0.215265257702, -0.0458648252757, 0.948569576276, 0.313228633374, -0.24114107032, 0.293772517679, -0.924958751546,  
508, 3303018.1112310435, 92.38627325583857, 99.97538585248479, 92.63338240532335, 85.14550676798063, 0.845301095533, 0.529142288765, 0.0739898380304, -0.43174994009, 0.59491450086, 0.67798873582, 0.314734883868, -0.605049729284, 0.731339030799,  
509, 3642736.445084404, 95.45083102269074, 99.6392625391551, 95.16596291213797, 91.71217450518866, -0.314394250493, 0.944845643998, -0.0917767087866, -0.777151114985, -0.311697637814, -0.546699850978, -0.545153556106, -0.10055491833, 0.832283790942,  
510, 3489299.2757984833, 94.0913869623337, 113.281208395288, 97.40751938179898, 75.49170851351813, -0.944493246581, -0.323472085857, 0.0574309745172, -0.138954204718, 0.551733677438, 0.82236347084, -0.297698230014, 0.768736469053, -0.566056538691,  
511, 3444103.0739010633, 93.68337118089255, 109.83106205432175, 88.41887895026976, 84.66761837678585, -0.0673801812006, 0.619038781893, 0.782464630315, 0.0928187762959, -0.776956661155, 0.622674089275, 0.993400516382, 0.114583302445, -0.00510694160144,  
512, 3218888.933630533, 91.59514633520715, 102.0968327022845, 89.94203462307736, 83.68399509871419, -0.292092067341, -0.943503187, -0.156473513147, -0.950970756554, 0.303915977189, -0.0573558975885, -0.10167027282, -0.132048532477, 0.986015385628,  
513, 3422331.658486425, 93.48555165887345, 98.52157271403789, 92.12666579698202, 90.01539588899573, -0.207547505467, -0.385175060554, 0.899201982706, -0.965837066414, -0.0651386938927, -0.250830045445, -0.155186320642, 0.920541755319, 0.358496977115,  
514, 2444814.6938776043, 83.57039327723898, 112.95940813143056, 79.04686807360729, 65.36575205930019, 0.401177006039, 0.829791086593, -0.387948144004, 0.74685545237, -0.541523039058, -0.385953017133, 0.530343231398, 0.134905710701, 0.836980588861,  
515, 3238633.699325156, 91.78204720291757, 104.1285985870203, 94.57618206975084, 78.50935686702732, -0.209040769612, -0.931706254566, 0.297027628081, -0.390780327595, -0.198844401979, -0.898750042763, 0.89643331721, -0.303947954434, -0.322525888559,  
516, 3487339.4687390113, 94.07376780881329, 107.77334098807944, 90.29842242052231, 85.54883634618373, 0.0137416688651, -0.986522105611, 0.163049997481, 0.874017131269, -0.0673576474471, -0.481203700712, 0.4857007523, 0.149121032963, 0.861311614192,  
517, 3861880.399497082, 97.32776193322798, 99.976482889558, 99.4964814974119, 92.68397106666865, -0.0609461053713, -0.954557997929, 0.29172692853, -0.938311859478, -0.0448760065488, -0.34286586065, 0.340376889056, -0.29462717564, -0.892938072193,  
518, 3897786.6499774363, 97.62847035606163, 102.74369674414365, 96.46957309080436, 93.8823409513136, 0.324299930552, -0.141118797484, -0.935368932582, 0.892731333623, 0.372656140245, 0.253294625101, -0.312826343218, 0.917176583943, -0.246833532679,  
519, 2452828.4520595027, 83.66160434975157, 104.94126906476781, 91.59703097738226, 60.918732320487024, 0.699898025329, 0.0390407376594, -0.713174996017, 0.541868907072, 0.621486524378, 0.565802604771, -0.465318000607, 0.782451481448, -0.413822229334,  
520, 3309007.4862002833, 92.4420809943989, 106.6823932726543, 92.2550348203818, 80.26501909705128, -0.250290674688, 0.321661081424, -0.91317508007, 0.171072453015, 0.943048779243, 0.285294962781, 0.952936930748, -0.0848124322599, -0.291063665459,  
521, 3926380.2242023284, 97.8666182013054, 115.6862241512404, 99.7356380762331, 81.24033907733555, 0.273343051686, 0.934498259421, 0.228027584374, 0.536949385894, 0.0484521438009, -0.842221910632, -0.798103334841, 0.352654778645, -0.488534209667,  
522, 3442522.30102534, 93.66903607034207, 110.0676385034543, 97.05551017424357, 76.93222753852068, -0.572358391576, 0.678855960845, 0.459957015402, 0.801946520256, 0.580469065189, 0.141200010651, 0.171136349856, -0.449677938956, 0.876642516066,  
523, 2918015.9592359713, 88.6474711892043, 99.04404447441836, 85.49487091338604, 82.2679406513472, -0.789109058232, 0.614008012099, 0.0173509450429, -0.125279896131, -0.188531864905, 0.974043471074, 0.601341701399, 0.766452801543, 0.225695062341,  
524, 2140298.384691927, 79.94572367511489, 118.83423411865023, 78.67212088413123, 54.6541676492096, 0.441087279477, -0.806756494779, 0.393174223489, -0.83630330735, -0.210526493173, 0.506236480103, 0.32563597774, 0.552107375249, 0.767553682941,  
525, 2989696.5549490047, 89.36747768938046, 97.46060686114924, 86.89422823769789, 84.27882266263241, -0.621502144937, -0.313704932889, 0.717860918925, 0.273866511994, 0.771510398951, 0.57425502864, -0.733983799172, 0.553498798004, -0.393582092024,  
526, 3883782.3764454243, 97.51140763851757, 113.59463561019777, 93.41958651976248, 87.37164527747764, -0.285815316751, -0.484274626111, 0.826914561013, -0.102524255207, 0.873411436642, 0.476068523889, -0.952784541124, 0.0512888764626, -0.299284261775,  
527, 3629247.8929113597, 95.33287153921154, 118.98992185229743, 91.04248782906345, 79.97858716869264, 0.2493816641, 0.814136684888, -0.524395121955, 0.709430205978, 0.215005814389, 0.671179024274, -0.659179466046, 0.539401481365, 0.523954648271,  
528, 1810713.0965550968, 75.61135329600619, 119.67097903166764, 91.56497589745942, 39.44961816714182, -0.703049849349, 0.467730833127, 0.535676000091, -0.400364489876, -0.882876585587, 0.245432699264, -0.587732238845, 0.0419142262722, -0.807969066895,  
529, 3238137.7594490093, 91.77736202752234, 105.11705518021084, 89.69929723624156, 81.98690371648597, 0.487941878763, -0.61830623315, -0.616125088758, -0.739618581658, 0.0819814240819, -0.668014520629, -0.463548354129, -0.781649824508, 0.417308609103,  
530, 2182154.678173069, 80.4635100971782, 95.72231145586773, 80.4562579148462, 67.64316435034203, 0.718586657607, -0.0805790816413, -0.690753376474, 0.407089228777, 0.854043204104, 0.323865041859, 0.563836479241, -0.513923357249, 0.64650692769,  
531, 3341446.5276468312, 92.74317695938713, 116.19658215043013, 97.59776634469809, 70.34166990098764, -0.0462889617483, -0.936734877456, -0.346965562237, 0.998376175747, -0.0549275652792, 0.015098816976, -0.0332015620391, -0.345703242581, 0.937756324611,  
532, 2134460.1889077304, 79.87296687064826, 109.05093819373384, 75.77583735818665, 61.66507998092211, -0.994152844473, 0.00439722231038, 0.107892475464, -0.100330649471, -0.407031544637, -0.907887152925, -0.0399234592985, 0.913403517678, -0.405092744061,  
533, 3037372.0610137116, 89.84001067063447, 114.9768124209831, 88.7302425481648, 71.07673203122442, 0.85296119156, 0.3435999007, -0.39293296366, 0.236628353149, 0.416448733225, 0.877825424034, 0.465257163489, -0.841730099755, 0.273909129071,  
534, 3707689.175000107, 96.01481214858184, 109.44595302264082, 95.34114989149573, 84.82709938594193, -0.449276644725, -0.411581285279, -0.792938422649, -0.0858888372065, -0.863548972743, 0.496896648527, -0.889254521579, 0.291348618123, 0.352622147021,  
535, 3079738.815865119, 90.25579427721236, 116.55255990984996, 89.30702742845874, 70.63465473432186, -0.511351617379, -0.295396623998, 0.807007037104, -0.858979968956, 0.204036354458, -0.469598316641, 0.0259410165016, 0.933332738411, 0.358074102767,  
536, 2145193.6627568034, 80.00662773088557, 105.02272594384822, 95.19690959064562, 51.22379603322768, -0.605356862279, 0.634210200682, -0.480957888638, -0.658623875416, -0.738421361633, -0.144735909213, -0.446942569044, 0.229153472667, 0.86471441872,  
537, 3551139.1862106407, 94.64398727310798, 114.05645628184234, 92.58009121561678, 80.28633017130959, 0.0589204454922, 0.908557890845, 0.413583051015, -0.877808953092, -0.150136149544, 0.454874244679, 0.475373351141, -0.389848298167, 0.78869416217,  
538, 3260197.357077379, 91.98529960657453, 119.88574188036041, 83.91580092926608, 77.36490606363986, -0.723907349145, -0.469319918239, 0.505664873408, 0.251028501555, 0.503527390902, 0.826707238397, -0.64260628791, 0.725395740927, -0.246694502945,  
539, 2696622.53471443, 86.34632337534218, 114.17136732677189, 78.82775362637113, 71.53114837706538, -0.903832652319, -0.379240162847, -0.198150032766, -0.414697134723, 0.66229409522, 0.624013475728, 0.105417375485, -0.646176005683, 0.755872837602,  
540, 3485435.142686306, 94.05664111884602, 110.7275080565516, 100.17364738426626, 75.01694662453714, -0.771568585079, -0.616083787829, -0.158501371898, -0.031024186076, -0.212420370573, 0.976685766275, 0.63538918656, -0.758497430807, -0.144783386693,  
541, 3638274.7685256484, 95.41184524638332, 100.7247927988293, 96.00888089181169, 89.81711378380952, -0.166369837726, 0.900046005772, -0.402788113763, 0.983529996081, 0.122204342826, -0.133172239611, 0.0706386856007, 0.418310035844, 0.905553361215,  
542, 3133277.0561900022, 90.77579541694185, 110.25033569842321, 96.38418181232025, 70.39219433156012, -0.641369376786, 0.764645842158, 0.0629448853479, 0.743079801931, 0.639508094071, -0.197133978754, 0.190991440862, 0.0796626241597, 0.978353788682,  
543, 3075555.5676139467, 90.21491056438995, 96.493104017213, 87.53387283835853, 86.92857248818682, -0.807002192946, 0.567331404837, 0.16395895116, 0.575936943794, 0.817471124833, 0.00613162604678, 0.130553044212, -0.0993782529047, 0.986448105831,  
544, 4027174.584332237, 98.69699939195468, 102.96683344245973, 102.17802562397834, 91.38122685383782, 0.565980496403, 0.661962347663, 0.4913979324, 0.38884768813, -0.739935396122, 0.54890170796, -0.726954987002, 0.119588711182, 0.676191531321,  
545, 2835058.5248492607, 87.79931745693499, 103.71234721277875, 83.66043697723318, 78.00506935079208, 0.269914613012, 0.935812119117, 0.226719605231, 0.708753618586, -0.352473521788, 0.611089784385, -0.65177788381, 0.00425372205608, 0.758397979971,  
546, 84417.35781598018, 27.213289924868814, 85.61540835336527, 33.89945855222709, 6.943819956087432, 0.148717658825, 0.9395184212, 0.308525840377, 0.828755532229, 0.0517953575719, -0.557208676112, 0.539488021882, -0.338559266836, 0.770928204884,  
547, 3644270.883253463, 95.46423146494723, 114.86864239903198, 90.67095110465408, 83.53190429470273, -0.188118272762, -0.970898712131, -0.148213380757, 0.164608566637, -0.179940740233, 0.969806862109, -0.968253858883, 0.15804119965, 0.193668386606,  
548, 3477149.9146724977, 93.98205463932285, 107.27936366914305, 92.08565165605705, 84.02850782991081, -0.021663296102, -0.275015951286, 0.961195572264, 0.0419249726724, 0.960325584281, 0.275711930901, 0.998885878501, -0.046270927298, 0.00927378124448,  
549, 1930784.6795709739, 77.2470218727949, 116.09060562375373, 83.67640298682956, 47.45097659680955, 0.213691392432, 0.963537905291, -0.161030102366, -0.285353219931, 0.219214182144, 0.933015906736, 0.93429627457, -0.153427010055, 0.321792827623,  
550, 2940007.4011324127, 88.86960942169148, 95.22607986443661, 91.45820025168531, 80.59001882392751, 0.38067918459, -0.767059157172, 0.516433546373, -0.0704437017438, 0.532804545085, 0.843301251998, 0.922020088341, 0.357406723685, -0.148793113281,  
551, 3549189.540571071, 94.62666362882462, 98.97754465667998, 96.20700162664407, 88.98098888613835, 0.587849363042, 0.479044207148, 0.651881717775, -0.743461633898, 0.637573078246, 0.201904355618, -0.318901121497, -0.60333839385, 0.730947916896,  
552, 3450754.7547679753, 93.7436433944547, 99.72258788477251, 96.31080648275565, 85.77424932993895, 0.409489445675, -0.25628558906, 0.875577575502, -0.461769513431, 0.769491417985, 0.441193692287, -0.786821015446, -0.5849791915, 0.196753742442,  
553, 3839875.707881507, 97.14255440263925, 103.37293167648971, 100.63103717501993, 88.12310189434211, 0.272946269965, -0.893373443613, 0.356909265724, -0.872316877818, -0.386270741424, -0.299763538465, 0.40566439132, -0.229518636645, -0.884735891127,  
554, 2944618.024547473, 88.91604131123022, 113.96303819812522, 95.8740121940997, 64.33916728108119, -0.316265485318, 0.83970356353, -0.441445430593, -0.276361936585, 0.363597626683, 0.88961837092, -0.907524227117, -0.403354299921, -0.117068723111,  
555, 3147821.1549040196, 90.91603353056608, 99.88693302673938, 93.11591387401076, 80.79581235904976, -0.232489572532, -0.775553925646, -0.58691115774, -0.971405846006, 0.215040695156, 0.100638868101, -0.0481589141269, -0.593526417139, 0.803372336559,  
556, 3703495.888410364, 95.97860185842569, 101.40624515543789, 96.22946243337579, 90.60465181747801, -0.177588678448, 0.760276318507, -0.624853727527, 0.984022666294, 0.128982500108, -0.122731034732, 0.0127143032744, 0.636665873267, 0.771034961794,  
557, 3169288.6413396904, 91.12224162787903, 103.07474274902532, 96.25375742004698, 76.26112951174488, 0.283802688509, 0.910000875307, -0.302248971769, -0.886329625025, 0.369233664394, 0.279439254366, 0.365890461473, 0.188586606148, 0.911350241227,  
558, 3934526.5064718523, 97.93425457543083, 110.38364158747196, 94.78030214942896, 89.78030156613953, -0.0702121526353, -0.913890699394, -0.39984252298, -0.440068028125, 0.388095855081, -0.809766471207, 0.895215272571, 0.119102463573, -0.429423123418,  
559, 3561937.4167666794, 94.73982069524843, 118.0707307958913, 91.23330753239131, 78.9408874059812, -0.513066002555, -0.821305246692, 0.249441313296, -0.855713215254, 0.466658581298, -0.223572497727, -0.0672173360192, 0.328157675908, 0.942228406216,  
560, 3556582.628633609, 94.69232162936851, 100.17967807362777, 94.80882057984806, 89.39555353949106, 0.040697689113, -0.999075750891, 0.0138326455072, 0.591276306684, 0.0129213533345, -0.806365529882, 0.80544151076, 0.0409961291937, 0.591255689306,  
561, 3062762.6204299848, 90.0896520573878, 102.35126095848142, 88.92185414446149, 80.33837102143117, 0.00462448013401, 0.413395668654, 0.910539749446, 0.264334446875, -0.878666864524, 0.397582496323, 0.964419988583, 0.238848408672, -0.113338092874,  
562, 3340754.055254197, 92.73676990124297, 125.00623026905743, 88.27499590085851, 72.27473870634712, -0.635807876924, -0.643621085369, -0.426028452232, -0.771210874799, 0.552155466832, 0.316793508519, -0.0313389571353, -0.529977583409, 0.847432375384,  
563, 1416511.4764412292, 69.66968218390743, 96.07722237371448, 69.5643902932103, 50.59691830412992, 0.542491583105, -0.153482272374, 0.825921348754, 0.658860206996, 0.687675307564, -0.304968685285, 0.521158430707, -0.70960965568, -0.474181428009,  
564, 1671967.1655851165, 73.62857213628875, 101.33924129641304, 78.03523117140524, 50.474353541705334, -0.884600320021, -0.239716299916, 0.400022961059, -0.434893108572, 0.733735404053, -0.522015652022, 0.168375348362, 0.63574244187, 0.753313540081,  
565, 3539463.6657671174, 94.54014913349283, 99.1877112903191, 93.99488462481496, 90.63308455558683, 0.107954365272, -0.664388623276, 0.73954960096, -0.405192939816, -0.708710404062, -0.577536357901, 0.907835082238, -0.237312706014, -0.345713961278,  
566, 3440296.1606647326, 93.64884105373295, 106.22642512744784, 91.22123228295571, 84.75761361772804, 0.49387019252, 0.691448090751, 0.527249249158, 0.769030137598, -0.630316971818, 0.106269292392, -0.405813849452, -0.352987326736, 0.843039184592,  
567, 2216914.393986316, 80.88849802184971, 116.44472576376303, 84.24849859829726, 53.94836925996983, 0.281439003206, 0.920315871303, 0.271681402569, -0.598184561381, -0.0531153873134, 0.799596139408, 0.750311480653, -0.387553161074, 0.535570004147,  
568, 3497385.6506223613, 94.1640157970186, 101.25209950493597, 96.39028683182623, 85.54952542013125, -0.303405096204, 0.532423154043, 0.790234732618, 0.641287590213, 0.727493524808, -0.243933183476, -0.70476632598, 0.432757156384, -0.562161604312,  
569, 3428023.694207348, 93.53735146624014, 106.51014837707886, 93.79020038591968, 81.92317064830227, 0.530259075625, 0.607392886872, -0.591522775297, -0.145026078473, 0.752382987294, 0.642563052931, 0.835339900448, -0.254938662049, 0.487045715834,  
570, 3146297.3467008336, 90.90136084622995, 101.89959623800247, 91.66040349145653, 80.4186775168549, -0.383195140204, -0.284724760358, 0.878688394918, -0.199501919079, 0.954362105143, 0.222243012379, 0.901864994779, 0.0901375787709, 0.422510056786,  
571, 2314684.1316522, 82.06054084937048, 113.76660368834852, 93.24764413274725, 52.089532965307995, 0.0401711031613, -0.319520896972, 0.946727351918, 0.475400529735, -0.827266075655, -0.299374642209, 0.878851875346, 0.462100894252, 0.118668212815,  
572, 3176899.183768062, 91.19512184403538, 104.79428309278043, 89.28155065045223, 81.06166283778772, 0.706875499021, 0.413353063312, 0.573991527754, 0.195155380834, -0.893954469384, 0.40343498113, 0.679883376922, -0.173160768414, -0.712582586138,  
573, 3081857.268266773, 90.27648421139571, 103.42610319436258, 88.68641949393476, 80.21149819702677, -0.153656193617, -0.988016101452, 0.0146272838995, -0.97973232195, 0.154259691771, 0.12778311634, 0.128508176743, -0.00530384444665, 0.991694266266,  
574, 1234113.3167134395, 66.54092131785234, 99.26842819773381, 81.9183478869132, 36.23048092899385, 0.373763746619, -0.754460866171, 0.539527073583, -0.450701361227, 0.360663975311, 0.816571968599, -0.810659573867, -0.54837058485, -0.205233420693,  
575, 3439968.6278597848, 93.64586901880558, 122.55927582246636, 98.00520585095992, 68.3707810544168, -0.994558470444, -0.0169002965736, 0.102799945738, 0.09630903669, -0.525404241221, 0.845384499952, -0.03972427872, -0.850684878955, -0.524172889796,  
576, 2528444.534461375, 84.51262810883753, 148.2108389006581, 79.38744512659689, 51.301850503987836, 0.34473169377, 0.854350171934, -0.388903385209, 0.631101412435, 0.0957508157343, 0.769768009538, 0.694889247674, -0.510800905444, -0.506173259334,  
577, 3503265.200418743, 94.2167534813998, 106.71376904781064, 98.35262458254859, 79.68525979369355, -0.537056179206, -0.831971893251, 0.139260293038, 0.724544695157, -0.370420581935, 0.581225926123, -0.431978755376, 0.413051281706, 0.801737484208,  
578, 3839906.2346030944, 97.1428118272783, 112.33913938739788, 98.24227499498811, 83.06202351136241, -0.934250188032, -0.286655208113, -0.212144709628, -0.356591108646, 0.75824848098, 0.545804014575, -0.00440084043657, -0.585566420445, 0.810612484391,  
579, 3125379.0875107073, 90.6994591918087, 115.90428573535316, 84.42474515884736, 76.25087632798127, 0.474551793025, -0.201485415211, 0.856857177827, -0.694481924884, -0.683809288249, 0.223829652447, -0.540828486441, 0.701290585109, 0.464430902818,  
580, 3668339.41174672, 95.67393447450004, 145.0934580720361, 86.79921035657902, 69.53721559174302, -0.980295107075, 0.172508847248, 0.0962403276501, 0.135404059577, 0.232072523659, 0.96322795039, 0.143830607643, 0.957278977824, -0.250857957659,  
581, 3758412.2933359263, 96.45067474795006, 112.5177605040953, 94.03151108535323, 84.80497213424783, 0.335788880351, 0.882577852005, -0.329092939735, 0.552523823613, 0.0984030238355, 0.827667970408, 0.762865159889, -0.459753390473, -0.454602648229,  
582, 1971537.1065031094, 77.78671812528022, 112.84315421370144, 93.69267552015359, 44.51798388799099, -0.378875199179, -0.758932658605, 0.529598718985, 0.874514228666, -0.106373785638, 0.47319074546, -0.302784489872, 0.642421853171, 0.703999797771,  
583, 3231763.5615631873, 91.71710194509542, 96.70236307769049, 92.35989133510485, 86.38343517129341, -0.717034660446, 0.684187487195, 0.1332245401, 0.696777307071, 0.698331282391, 0.163813321756, -0.0190441610474, -0.210287665828, 0.977454048808,  
584, 3607886.8672059015, 95.14546665609907, 112.93271777579818, 97.238668678441, 78.4342083780336, 0.377846487562, -0.121883373715, -0.917810696739, 0.871998289505, 0.380047890498, 0.308516748376, -0.311208957032, 0.916901327374, -0.249881853929,  
585, 3124264.299111445, 90.68867407570274, 105.33893745089817, 95.96063279181439, 73.7865356666594, 0.574767871838, 0.671511132722, -0.467669426126, 0.221649756464, 0.422385552357, 0.878898077492, -0.787726652439, 0.608821191969, -0.0939333659927,  
586, 3514942.5889111506, 94.32132121036258, 116.26409048997132, 106.4460041803376, 67.80389843988739, 0.185005274786, -0.931740442644, -0.312462471095, 0.136551038261, -0.29049435301, 0.947083335731, 0.973204429835, 0.217882487618, -0.0734871372303,  
587, 3134829.2426671437, 90.79078267566081, 115.82205876169635, 99.83481020665859, 64.72201101953789, -0.999748513956, 0.022322348806, -0.00214978775965, 0.0213080504325, 0.915666301158, -0.401374129598, 0.00699112511642, 0.401318997392, 0.915911669596,  
588, 3023958.451574247, 89.70756535189068, 104.56926657149212, 92.70520007481107, 74.46960546194596, 0.322484156883, 0.00110395711032, 0.946574217818, -0.0154268230511, 0.999872636129, 0.00408957844624, 0.946449143742, 0.0159214572203, -0.322460114604,  
589, 3020453.4556494243, 89.67289267423592, 121.20637166652764, 85.26748332742787, 69.77095102659243, 0.24027873442, -0.130687525099, -0.961866363155, 0.684490016647, 0.725415512085, 0.0724275633802, 0.688287401378, -0.675790726194, 0.263756227403,  
590, 1167177.976901126, 65.31548534841474, 98.66187460219014, 58.56474612540202, 48.22395742320975, -0.257586500913, -0.766283906885, 0.588606972942, -0.952696724717, 0.0997208879781, -0.287097013595, -0.161301411221, 0.634716250422, 0.755722922895,  
591, 3734877.4239476374, 96.24893098880425, 122.38969526268677, 99.0079124386071, 73.58223699444414, 0.441765915567, -0.824293765974, 0.354094144573, 0.600534521868, 0.564929798382, 0.565873317047, -0.666484181274, -0.0373377861925, 0.744583592241,  
592, 3109690.042360473, 90.54743756371606, 97.8657705574149, 93.64963012947842, 81.00122881127395, -0.233561465064, -0.968145559535, 0.0902397783163, -0.741426778753, 0.117282832893, -0.660704978683, 0.629075014434, -0.221221410949, -0.745201793847,  
593, 3706876.456250168, 96.007796211639, 102.97475651140456, 96.19082409115501, 89.34187928381144, -0.217836833295, 0.135275799633, 0.966564830776, -0.433875492032, -0.900529829106, 0.0282503859314, 0.874242055425, -0.413214816923, 0.254861420386,  
594, 2923086.143859834, 88.6987844769735, 95.72234863875273, 94.22923600858117, 77.36668508321333, -0.923301491258, -0.0957307073985, 0.371954282006, 0.155955826636, 0.791560823875, 0.590854671002, 0.350987373533, -0.603545436373, 0.715919527498,  
595, 3070753.7086927174, 90.16793532036104, 95.67252250730616, 90.60253897036304, 84.57242485504719, -0.96357472834, 0.251932446152, 0.0897428854078, 0.265656834064, 0.862977539355, 0.429762973143, -0.0308251426654, -0.437949550913, 0.89847092409,  
596, 3377247.425422349, 93.0732237402824, 100.96389728143197, 94.02051629345621, 84.93477330477181, -0.685292518203, 0.667457374783, 0.291332829153, 0.282732724415, -0.124824681383, 0.95104206293, -0.671145566207, -0.734111334721, 0.103170621764,  
597, 3559198.3250178467, 94.71552983168554, 109.66602081394936, 91.32258490261773, 84.84246886106094, 0.348742259719, 0.925593321783, 0.147159229943, 0.861282210987, -0.378424317644, 0.339098789223, -0.369556205905, -0.00848754891085, 0.929169614328,  
598, 2425153.0051137917, 83.3457600756741, 130.27431825277105, 87.40857124221672, 50.843765146708186, 0.460024845586, 0.357547139135, 0.812734387571, -0.679119764771, 0.731348709281, 0.0626530967421, 0.57199080984, 0.580765967262, -0.57925590608,  
599, 3694158.8390203156, 95.89787532837713, 103.4413967054873, 97.01622275815957, 87.87962965729302, 0.600591937035, -0.373071478662, -0.707182435428, 0.470865915724, 0.879860389976, -0.0642727279689, -0.646200135081, 0.294386422852, -0.704103699367,  
600, 3437964.031697711, 93.62767518760637, 108.22141628179739, 91.90936542027994, 82.51629858280057, -0.803707415213, -0.490221838552, 0.337249076705, -0.568123942447, 0.46372093783, -0.679851511609, -0.176888599831, 0.738000976168, 0.651202719915,  
601, 2607547.6793291173, 85.38492795865936, 102.86296889700769, 92.64017054206973, 65.32587688291217, 0.149372840081, -0.0263717667243, 0.988429200583, 0.610804735248, -0.783645473045, -0.113213726975, 0.77756371446, 0.620648292108, -0.100947349934,  
602, 2868416.100290761, 88.14232743849018, 124.2133106294146, 85.71193509176844, 64.31971404985674, -0.233031957983, -0.943277905275, -0.236480231686, -0.970402959646, 0.209713462274, 0.119742889776, 0.0633577340934, -0.257385036785, 0.964229609777,  
603, 3330452.7016795776, 92.64135253509312, 120.09756971467138, 93.55418291286917, 70.76479155973004, -0.703439320098, -0.0335752148832, -0.709961849599, -0.0203156060071, -0.997525694694, 0.0673035257527, -0.710464917567, 0.0617672516122, 0.701016695618,  
604, 989722.0950379502, 61.8217866693131, 107.2808208260557, 86.58562713451661, 25.436465364786965, -0.97854866935, 0.190413480165, -0.0786460951681, 0.203335504563, 0.831294748744, -0.51730427535, 0.0331236214514, 0.522198953735, 0.852180191286,  
605, 3098631.928432321, 90.43998064911405, 104.83097344473828, 87.70358531032896, 80.45896025303426, 0.711905961761, -0.647815226201, -0.271155553715, -0.553444839929, -0.755209879644, 0.351221933887, 0.432306269634, 0.0999673466142, 0.896168409868,  
606, 3637918.48276863, 95.40873067575336, 98.07243800962428, 97.39468404696915, 90.92475285766793, 0.344330997422, 0.841574391334, 0.41615947432, -0.916039325729, 0.204042492264, 0.345309448276, 0.205689372435, -0.500119190996, 0.841173392866,  
607, 2154044.6365500013, 80.1165113419466, 105.89671569054681, 80.51233092826513, 60.31442586747482, -0.403379729595, -0.47798097986, 0.780268528549, 0.132550368729, 0.813204473001, 0.566682349152, -0.905381242075, 0.332013053934, -0.264673645299,  
608, 1524707.6066513876, 71.40018206926375, 119.24633971794947, 90.83186617382344, 33.605832889269195, -0.353552630663, 0.625553730068, 0.695473269184, -0.74307957921, 0.26378595852, -0.615020086704, -0.568184192241, -0.734233953782, 0.371573982945,  
609, 431122.1416235102, 46.86377179816188, 115.91247481025506, 72.21275878315622, 12.296106140690213, -0.996677339552, 0.0692411985224, 0.042894489756, 0.0705056156532, 0.997098433224, 0.0286996972901, 0.0407828270921, -0.0316286403494, 0.998667307027,  
610, 2691918.5546695474, 86.2960867329345, 100.7151870492633, 82.93454810406482, 76.93834860021607, -0.467980790718, -0.0276995885833, -0.88330442788, 0.871857071514, -0.177818260926, -0.456339690289, 0.144427235559, 0.983673420843, -0.107365612537,  
