# Void_ID, Void_Volume, r = (a*b*c)**(1/3.0), a, b, c, vector_a, vector_b, vector_c 

20, 1092844.9989987973, 63.898400437024954, 112.98782764377229, 66.82350803850453, 34.5548514308158, 0.66386330318, -0.747288864089, -0.0290666182808, -0.489506164479, -0.463585977126, 0.738560597886, -0.565392986893, -0.476074989282, -0.673560223701,  
39, 1771203.8752930216, 75.05736517653628, 119.28759444392954, 75.51312937029441, 46.94206552750946, -0.990384373773, -0.0695438125038, 0.119592852332, -0.0506861130947, 0.986760715693, 0.154059105228, -0.128723386087, 0.146516033617, -0.980797299021,  
48, 1167818.3952484652, 65.32742913874209, 99.94528987264268, 68.58476004742612, 40.67211409100918, 0.791130246727, -0.107566254775, -0.602114967051, -0.531500925251, 0.366259718025, -0.763780456289, -0.302687461205, -0.924274482925, -0.232587577149,  
75, 1233022.6494170548, 66.5213133408131, 107.06639927935889, 72.74432334952232, 37.79463357288107, -0.1548737819, -0.978810253365, -0.133957454396, -0.838312361772, 0.201948971335, -0.506407935441, 0.522729849713, 0.0338688778255, -0.851825336166,  
106, 1078895.8219012783, 63.625367033843155, 85.1886107208512, 81.08608956630425, 37.287477944647634, -0.398951423098, 0.867716477027, 0.296489253605, -0.839153368948, -0.215131616726, -0.499539799084, -0.369674702126, -0.448092069758, 0.813974269635,  
112, 856095.9826652228, 58.9039768236217, 127.720717795518, 72.52905522005591, 22.062792418086016, -0.730223248918, -0.53577620094, -0.423931444041, -0.678947548334, 0.638266736406, 0.362830263084, -0.076185519306, -0.552774308108, 0.829841148018,  
148, 2600132.957391687, 85.3039186966189, 125.04383466161453, 100.32823823746592, 49.47906419805545, -0.484619607046, 0.213440327826, -0.84828477702, -0.188068234762, 0.921669105485, 0.339347018652, -0.85426821054, -0.323989639421, 0.406517574046,  
159, 2156512.924851818, 80.14710110770294, 143.60989723140062, 76.583584184308, 46.81051258742374, -0.0295187969914, 0.918762978945, -0.393704494698, -0.0504179928855, 0.392006201089, 0.918579971641, 0.998291874462, 0.0469651661159, 0.0347506338666,  
194, 2666476.849312372, 86.023360195116, 115.17958095259485, 90.10247284651126, 61.33904410061602, -0.685461631136, 0.429243234274, -0.58812634533, 0.721006167703, 0.512707436446, -0.466134305482, -0.101451753929, 0.743559903735, 0.660928295038,  
198, 1017674.9175201671, 62.39840478950885, 109.67357531390809, 75.35911246214613, 29.395624082797305, 0.351074615341, 0.595811673614, -0.722326147975, 0.47246519852, 0.553302991942, 0.686026555824, 0.808407849201, -0.582120476099, -0.0872496455914,  
210, 921686.7382455001, 60.37144577394321, 100.97272054301081, 81.187967388945, 26.841019216346623, 0.507154863537, 0.806846319664, 0.302973531576, 0.761954443661, -0.255470184895, -0.595113779386, -0.402764658548, 0.532666876269, -0.744343085378,  
225, 1651176.0854730187, 73.3221053854148, 121.7096407302031, 85.52513818691101, 37.86918997648122, 0.479720942983, 0.0747424854595, -0.874231878697, 0.507511379364, 0.789142700829, 0.345956641133, 0.715751365126, -0.609645272757, 0.340635618697,  
236, 1963201.9449167568, 77.67694240383193, 147.90684023767287, 76.16782150801787, 41.602226356624946, -0.900984177269, 0.392241446165, -0.185402697448, 0.433728369827, 0.804140257098, -0.406494954608, 0.0103543960617, 0.446659931967, 0.894643890974,  
250, 361963.42339999625, 44.21049314401844, 97.34231542275573, 77.69983884248099, 11.424949455167082, 0.221401184263, 0.624522958134, 0.748967683128, -0.649381108094, -0.478557292482, 0.591005155868, 0.72752023481, -0.617214705411, 0.29960025929,  
254, 475811.4855016607, 48.43010797255825, 114.34829428503535, 44.243066085949216, 22.4528463717367, -0.896103761638, 0.310186599028, -0.31746231613, 0.0912085679557, 0.828683448525, 0.552236126374, 0.434372012808, 0.465905586922, -0.770878030926,  
257, 3086281.712463095, 90.3196651291809, 119.06758354573601, 107.73966294421109, 57.43515584477203, -0.238004131243, -0.192487071618, 0.951999349144, -0.258695916357, 0.957321421533, 0.128888008495, -0.936178645543, -0.215602465508, -0.277642072632,  
285, 596672.2653420882, 52.22547684655436, 73.69101876106318, 49.91488914945655, 38.72599370073253, 0.182268304123, -0.979734485316, -0.0830578328362, -0.354786275498, -0.144314945572, 0.923742331607, -0.917008704446, -0.138901169066, -0.373900389411,  
296, 1329769.218318441, 68.21751401316119, 132.5194147379166, 88.1114112883289, 27.187921023933722, 0.129755010321, 0.465853174891, 0.875296782092, 0.923322650185, -0.3785526605, 0.0646000532729, 0.361440065503, 0.799799163961, -0.479251892408,  
326, 2848957.899709475, 87.94256749253236, 131.19123884801746, 91.27377599462434, 56.79976925332696, -0.704433239373, -0.708435064354, 0.0435151796555, -0.691833871846, 0.699035800868, 0.180872449177, 0.158555053633, -0.0973072900623, 0.982543427167,  
342, 1341908.0449921563, 68.42446058993443, 115.78513609126384, 64.8144188335687, 42.688383117282264, -0.388692691716, -0.338780928186, -0.856822895413, -0.21498862101, -0.870928385612, 0.441886455972, -0.895934084764, 0.355965208739, 0.265689453921,  
348, 412917.92121478595, 46.1946528388598, 97.17045771656888, 48.196617485818884, 21.048653296082065, -0.0473461338325, -0.964993167379, 0.257966142204, -0.926160391578, -0.0543237300743, -0.373196813255, 0.374146057956, -0.256587449544, -0.891166431175,  
354, 2026858.3807569377, 78.50758147485999, 125.29152636268448, 77.91941959965487, 49.56411851040755, 0.0706270035237, 0.514128679526, 0.854800285015, -0.920139046313, -0.297315013644, 0.254848814224, 0.385170042738, -0.804534327143, 0.452071404345,  
362, 1582643.8146933129, 72.29332367413608, 129.06740160151952, 77.04073361897262, 37.997725313807486, 0.113517083407, -0.371599944283, 0.921426802944, 0.825722097934, -0.480482365066, -0.295499092798, 0.552536775933, 0.794386667983, 0.252295328875,  
399, 2397544.3447861634, 83.02827461873709, 119.24909718253373, 82.27966082855406, 58.33516717053587, -0.416143927569, 0.151264184323, -0.896628896528, -0.879575172272, -0.317021267687, 0.354746433606, 0.230589999501, -0.9362780903, -0.264974696442,  
414, 1864753.0020165085, 76.35618741030767, 143.46210006577107, 88.29960516401233, 35.14283230271871, 0.353253666774, -0.541883916246, -0.762609774541, -0.347569369178, -0.832838046364, 0.430785703265, -0.868566278715, 0.112883168994, -0.482545344644,  
415, 1784074.0933127918, 75.23872473760015, 93.43978379036822, 89.49034061899869, 50.93499778131573, -0.818486104187, -0.163394303246, -0.550801959801, -0.424445361882, 0.818091701044, 0.388036214108, -0.387203605394, -0.551387586321, 0.738948643426,  
434, 2585730.582362714, 85.14612491465336, 115.62780716047219, 94.65695196487192, 56.40009786009055, -0.648481379472, 0.761036648492, 0.0171790607968, -0.621086231556, -0.54200815775, 0.566108690892, -0.440140651893, -0.356441266669, -0.824151581911,  
457, 2572140.036855306, 84.99668738117396, 112.62697007639936, 101.07737201821152, 53.939840458613155, -0.857315959217, -0.0501592620517, -0.512341091951, -0.103717295101, -0.958003135029, 0.267343816034, 0.50423414082, -0.28233675231, -0.816108993656,  
464, 2097206.4780787956, 79.40555040043672, 114.91361162283236, 112.04163447301893, 38.886752072057455, 0.313316250505, -0.821614554737, 0.476216810512, 0.157302621127, 0.539440362816, 0.827200084835, 0.936530198422, 0.18426507648, -0.298257554865,  
472, 2680834.594674281, 86.17748257723605, 129.97689552850983, 89.73550422739483, 54.87201931157536, -0.267286352452, -0.906983999606, 0.325481228723, -0.962578409611, 0.26698542219, -0.0464928993262, 0.0447304274816, 0.325728120979, 0.944404775539,  
483, 3646673.103156314, 95.48520280268004, 124.3759805018267, 103.73055085909856, 67.47843829638722, 0.917614641204, -0.3463748058, -0.194956056987, 0.0163680987184, -0.45714479551, 0.889241655166, 0.397134052422, 0.819172222335, 0.413813260495,  
501, 1287732.2698348826, 67.4909679133662, 126.33889429459121, 59.64913392723366, 40.79394966535645, 0.0934480773518, 0.576727914134, 0.811574007653, -0.558686030798, -0.644333227395, 0.522211270528, 0.824097916409, -0.502214700237, 0.261998127924,  
503, 1909166.9457923104, 76.95764437949434, 129.19343576788367, 93.5644576549002, 37.705434067015354, -0.662167930486, 0.288252254451, 0.691696660134, 0.747163512007, 0.183418875597, 0.638830339292, -0.0572740618567, -0.93982346953, 0.336825664046,  
509, 845403.7450440967, 58.65772106540955, 130.4689167350406, 56.67126708561805, 27.296412882365683, 0.115741440546, -0.862758695532, 0.492190361774, -0.907099099865, 0.110079715925, 0.406267989344, 0.404691415728, 0.493487476462, 0.769866851222,  
512, 2390317.5576085513, 82.94476812591039, 139.59145644344227, 99.52154596641174, 41.07627379069799, -0.81842047306, -0.441288260074, -0.368038857728, -0.123204484255, -0.49083459984, 0.862497565596, -0.561256255498, 0.7512297033, 0.347340392905,  
515, 1680220.9180405757, 73.74953040099889, 115.88335323707234, 69.05530798944052, 50.12560849244572, -0.834191589152, 0.51247091491, 0.203710466005, 0.536757437418, 0.669735524824, 0.513172271431, -0.126553727585, -0.537427100321, 0.833760316802,  
555, 3247304.658050466, 91.8638851244233, 116.93007806328465, 83.61309589634529, 79.29282345516465, 0.027430691947, 0.697841291587, 0.715726965326, -0.864856346945, 0.375609996866, -0.333077512604, 0.501269444798, 0.609864462, -0.613835712306,  
579, 3049299.260140923, 89.95745212415581, 133.75281586290546, 85.17036355951313, 63.90281710741412, -0.916561838708, 0.396457480487, -0.0523054680743, 0.399107587205, 0.915096577106, -0.0575446644276, -0.0250505421243, 0.0736187525963, 0.996971789774,  
597, 824203.1709160128, 58.16323547588398, 145.89382101963704, 63.037004412293165, 21.39504509115407, 0.13238310865, 0.545381046515, 0.827667944677, 0.717114018549, 0.523750173867, -0.459818703159, 0.684267635465, -0.654404515171, 0.321764717735,  
610, 1717611.9469144864, 74.29258690495875, 121.65327715097571, 99.88040732198051, 33.7467788487799, 0.54711393415, 0.715342774835, -0.434685009576, 0.694423233914, -0.677842821641, -0.241465279802, -0.467378556696, -0.169746350891, -0.867607895941,  
625, 1127394.6638952917, 64.56479679951153, 152.00239424065344, 64.33863249621089, 27.521057079677238, -0.710992074446, -0.511996804322, -0.482026495579, -0.675946339797, 0.686593562342, 0.267742088335, -0.193873195133, -0.516186548173, 0.834244947059,  
635, 301698.3367826441, 41.60652411552069, 128.23270142442715, 58.33773718997358, 9.62799676237055, 0.278756199823, -0.339170194558, 0.89847568703, -0.294252830631, 0.860398104318, 0.416089381927, -0.914171894518, -0.380366509054, 0.140039516081,  
659, 2530759.5276307897, 84.53841293090079, 127.04193265443155, 95.97430817915404, 49.5518860210273, -0.985949626555, 0.145550947436, -0.0819649656647, -0.0234948890877, 0.364970867373, 0.930722437763, 0.165382357229, 0.919571197717, -0.356423187023,  
672, 387426.8035594738, 45.22379648450747, 75.80196563409618, 64.19468887661218, 19.007346340486425, -0.716835784876, 0.507895280902, -0.477691156667, -0.47275144, 0.149536865695, 0.868415109136, -0.512496374132, -0.848340208546, -0.132914848927,  
679, 601020.9988836668, 52.3520483657875, 135.24046409257403, 84.89064014549952, 12.497828927865607, 0.241290244562, -0.882889682129, 0.402845909834, -0.244194232006, 0.346517155466, 0.905701406658, -0.939227445795, -0.316909561481, -0.131985358686,  
680, 902818.9870379831, 59.956649868132054, 114.0975052493228, 103.36590211431513, 18.27505223206749, 0.110934272257, 0.731877169747, 0.672346187348, -0.128543016426, -0.660272680065, 0.739943701161, 0.98547972083, -0.168510523004, 0.0208308297982,  
683, 1203332.9895686635, 65.98305275103594, 118.6576762309558, 51.8153289112087, 46.72433355163297, -0.239615255503, 0.308500253437, 0.920549902482, 0.968402721833, 0.143472391952, 0.20398980635, 0.069142589463, -0.940342100715, 0.33313065897,  
704, 3430673.4460992017, 93.56144571249764, 116.67034714743805, 98.7855248415208, 71.06192534929268, 0.211552429112, 0.949440393853, 0.231966610221, -0.854930548868, 0.0647462089601, 0.514686006257, 0.473644725874, -0.307198416249, 0.825402814816,  
713, 1412893.926356534, 69.6103231116798, 134.46938779551013, 93.35910907934604, 26.868339214592556, 0.648809172423, -0.703400884644, 0.290299592252, -0.649515067295, -0.313153144381, 0.692867437192, 0.396455338136, 0.63809270772, 0.660046105373,  
716, 424821.61819604767, 46.63435773273583, 133.56725224128746, 78.92585025574452, 9.620524251200724, -0.1791254183, -0.58022093183, 0.794517309305, 0.892112692235, -0.436273774687, -0.11747398807, 0.414787932408, 0.687756398579, 0.595770179971,  
729, 1909738.3304542517, 76.9653210316392, 123.09250609457892, 95.70109972161072, 38.70229451483532, 0.284636137532, -0.784858502962, -0.550435645229, -0.901869805408, -0.413890926989, 0.123794808655, -0.324981727647, 0.46118481207, -0.825648500157,  
740, 3975088.4600473363, 98.26964703113035, 124.97268727484736, 102.22529817718409, 74.28218909306618, -0.81368440557, 0.442055843638, 0.377497442691, -0.0651594287723, -0.714660343994, 0.696430069399, 0.577643434114, 0.542076769311, 0.610312083444,  
754, 734788.0522427983, 55.978917016756505, 123.2252116549487, 75.3808899330024, 18.88481103580662, 0.864843998869, -0.493154004636, 0.0940424655751, 0.276954454486, 0.624890892286, 0.729936711557, -0.418737492661, -0.605235904792, 0.677014336473,  
759, 403543.36708678055, 45.842384699882324, 118.9959089196882, 52.066871803613545, 15.549201356443966, -0.36052096806, 0.361280539965, -0.859942441697, 0.918089254859, 0.300268224458, -0.258749132352, -0.164732363853, 0.882788403199, 0.439940772691,  
765, 1523564.890289057, 71.38234027728728, 107.57461278190358, 66.44274651736912, 50.88795269071481, 0.747172793709, -0.0842918639604, -0.659262996088, 0.272320115003, -0.86601357847, 0.419359317138, -0.606279284905, -0.492864447466, -0.624107414728,  
818, 2106346.672783042, 79.52074019523627, 110.94117161888626, 94.70482435787567, 47.860407358148336, 0.22964733841, 0.893931958138, 0.384899667681, 0.846627221321, -0.378553128812, 0.374058654204, 0.480087958691, 0.239964961789, -0.843760848247,  
820, 1224462.8110320447, 66.36702192104947, 105.77574278332992, 76.80948621680963, 35.979576427982636, -0.0816788530699, -0.967257479009, 0.240294682133, -0.993341992312, 0.0593524310877, -0.0987368990464, -0.0812419304948, 0.246759514962, 0.965665309776,  
829, 2020645.910529901, 78.42728887806915, 158.67460436926928, 78.656675959135, 38.650809455313464, -0.784531034976, -0.463138844107, 0.412326892452, -0.619948532095, 0.600005898894, -0.505625097129, 0.0132239447078, 0.652300032479, 0.757845495411,  
831, 3111548.564411472, 90.56547268327938, 103.42149136568639, 99.33133729482363, 72.30875698669325, 0.473022088701, 0.517958628842, 0.712719413521, 0.846747995927, -0.0437315789917, -0.530193719684, -0.243450066737, 0.854287075758, -0.459266433782,  
850, 1840924.1298977407, 76.02955122132524, 112.6346417775938, 71.48153234762925, 54.58602187642746, -0.672234982645, 0.334971405839, 0.660222905827, 0.728883691269, 0.45571486797, 0.510932993369, 0.129725451281, -0.82469274059, 0.550502671118,  
851, 1634070.7905586632, 73.06803349911542, 119.37444573821128, 83.04411911212941, 39.35156481833915, -0.222252044268, 0.680110163018, 0.698608756729, -0.74562479882, -0.580240030639, 0.327666242124, 0.628209907756, -0.44807552154, 0.636066536452,  
855, 1605071.6576103505, 72.63321571312106, 132.72731223174083, 75.3620995082245, 38.30826895905683, -0.992830483796, 0.108237208612, 0.0507182128748, 0.00297017887485, -0.401840008501, 0.915705075669, 0.119493968395, 0.909290555455, 0.398637526178,  
858, 724022.1018623773, 55.70417392884809, 115.26102431129603, 67.31414670050687, 22.27790742498297, -0.222974142937, 0.643148175858, 0.732559182232, 0.0444174695615, -0.74399467665, 0.666707589213, 0.973811901744, 0.181196978473, 0.137324560851,  
868, 1904872.136947029, 76.8998937945468, 122.59590520130094, 98.9321548478667, 37.49417367939681, 0.531898335507, -0.78114117373, 0.32695967242, 0.113547255534, 0.448412208405, 0.886585310116, 0.839160998525, 0.434447877262, -0.327206143733,  
900, 1418570.2055960358, 69.70341801492108, 97.43084989080637, 85.41474731106264, 40.694233567751276, 0.846073574991, -0.0569399200606, -0.530016368808, 0.0395235704606, -0.984841442983, 0.168894107541, 0.531598902444, 0.16384498066, 0.830997851522,  
901, 1450267.9059417602, 70.21876857498464, 116.81915240054856, 69.2499734804884, 42.79824540981906, -0.260955077347, -0.243927263774, 0.934024591536, -0.954577922601, -0.0789419605962, -0.287313690135, -0.143817374781, 0.966575220479, 0.212247275286,  
908, 708308.9275262355, 55.29824760644988, 141.9751048338373, 75.66796859242605, 15.74018503484819, 0.829670627574, -0.330702018614, 0.449758629295, -0.339057539268, 0.341529793373, 0.87658278862, -0.44349366941, -0.879769046468, 0.171230225341,  
912, 1317332.413637542, 68.00417707820982, 123.53733813614143, 62.70695333873115, 40.596895949355314, 0.31857351946, -0.276572622904, 0.906652357279, -0.869771612676, 0.29496387266, 0.395592790137, 0.376839826029, 0.914605870354, 0.146587337218,  
915, 2417954.967834468, 83.26321952266376, 112.21619725173117, 89.8499761830318, 57.251396583083874, 0.0759696338421, 0.959053322241, 0.272846733226, 0.65811598675, -0.253796798545, 0.708851559237, 0.749074070248, 0.125713603665, -0.650449173368,  
922, 628636.0899429023, 53.141878277297344, 141.15344070130843, 61.07693174065605, 17.407725124437125, -0.647459985452, 0.202734249834, 0.734638952944, 0.731148100292, -0.106686871571, 0.673825175305, -0.214983773058, -0.973404713045, 0.0791532813153,  
923, 2977175.781125903, 89.2425468762835, 124.08396148977867, 96.2128410796439, 59.534290005856576, 0.832504637028, 0.251458707592, -0.493664407977, 0.487549478004, 0.0906656234477, 0.868375063681, -0.263118862541, 0.963612091612, 0.0471190096867,  
934, 4187908.203194776, 99.99298076165842, 118.63194047447784, 99.4457307808638, 84.74630397839611, -0.553807416364, 0.832623282781, 0.0059845259596, 0.830645575524, 0.551965667527, 0.0732245159289, -0.0576651839666, -0.0455232999911, 0.997297526176,  
938, 2269935.6061322712, 81.52828547982115, 102.01345556390368, 89.64964805777736, 59.25416466364232, 0.105519822738, -0.967255078928, -0.230831495461, 0.549946025335, 0.25016107555, -0.796855573801, 0.828507656107, -0.0428608045552, 0.55833503849,  
939, 1963407.622301948, 77.67965495080959, 122.48793885011213, 72.33650634955555, 52.90186793186014, 0.3784107793, 0.903994462684, 0.198995712381, -0.494360607929, 0.0156205766688, 0.869116555424, 0.782568125748, -0.427258714388, 0.452810246728,  
941, 2064784.8078127615, 78.99423463115474, 109.63846250205617, 79.56429820879445, 56.50735947663822, -0.67322027577, -0.372703478269, 0.638644327915, -0.739208979213, 0.317537854851, -0.593919014502, -0.0185619326156, 0.871929944447, 0.489278679931,  
946, 101120.18927950053, 28.901236344872874, 92.6471304551177, 26.401037587527828, 9.869526025905463, -0.969878507539, 0.0596153101751, 0.23618148828, 0.0714716665266, -0.857268921625, 0.509884101439, 0.232867948626, 0.511405915891, 0.827185896697,  
951, 1617130.3892662716, 72.81465727836326, 133.5538902757405, 75.47565012700404, 38.29949287777284, 0.0108466360166, -0.23241319612, 0.972556659921, -0.291863144051, -0.930997104068, -0.219226589083, 0.956398586172, -0.281475573515, -0.0779310328589,  
953, 2284653.207663808, 81.70410791985789, 118.90004711172728, 98.95366275596159, 46.35726193986763, 0.540066286767, -0.214966978459, 0.813706091946, -0.30740609774, -0.950414342972, -0.0470538812926, -0.783472971436, 0.224725999485, 0.57936890509,  
961, 812095.5656424665, 57.877021963577704, 83.19292901355682, 73.85491966439021, 31.553873835315173, -0.261955609031, -0.951551541775, 0.161024601357, 0.597437589289, -0.0288556551486, 0.801396080643, -0.757923205742, 0.306132348031, 0.576051559921,  
978, 2311055.1115798987, 82.01763289000044, 117.79893053499734, 83.25272837453115, 56.25768669235747, -0.550586835259, -0.685772413314, -0.475994048258, -0.0164026603805, -0.561206864957, 0.827513025552, -0.834616732143, 0.46342534659, 0.297744619708,  
979, 2425958.7696881182, 83.35498968227441, 113.01523265853751, 79.57593693449697, 64.39854602555202, 0.297137511649, -0.499605319116, -0.813697624601, -0.88236795419, -0.469326511948, -0.0340502364248, 0.3648781887, -0.728098310871, 0.580290235242,  
980, 2043435.3695045973, 78.72102960136661, 121.31666886132784, 70.2939910880948, 57.204951021418765, -0.372299648788, -0.927844867289, 0.0222906652565, -0.0284701843366, 0.0354230272973, 0.998966795114, -0.927675816283, 0.371280367624, -0.0396038950293,  
981, 1299488.2072891851, 67.69572510925829, 99.73874768426619, 63.98995419868506, 48.608030325139964, -0.458130672396, -0.585814639861, -0.668533839633, -0.888435019293, 0.277851201858, 0.365351784065, 0.0282754929799, -0.761327733207, 0.647750398801,  
996, 886418.230926471, 59.59136819350097, 125.51772592560395, 60.27364806443662, 27.971614229917467, -0.887372846474, -0.170012196327, -0.428561879359, -0.448399819863, 0.101968051501, 0.887997814198, 0.10727083894, -0.980152217552, 0.166717118317,  
997, 1964638.0355487885, 77.69587812609343, 125.6279439072988, 84.74952994600152, 44.052482608780046, -0.897650329531, -0.439924450593, -0.0262747723684, -0.439943094414, 0.890985572229, 0.112226484206, 0.0259607313123, -0.11229954519, 0.993335216621,  
998, 2934856.290117358, 88.81767703113871, 147.9463405088401, 99.63212583473923, 47.53293230724769, 0.0558284257599, 0.538401005355, 0.840837406583, -0.654718850615, -0.616070499736, 0.43795018667, 0.753807942069, -0.574962169875, 0.318107041239,  
1000, 2996777.094750167, 89.43797214644454, 118.90555505867916, 79.84379350579584, 75.35681317446236, -0.0471793009095, 0.314383220117, -0.948123042898, 0.080451037764, 0.947292374074, 0.310104480043, 0.995641373231, -0.0616469701518, -0.0699850482798,  
1004, 1584630.4159224723, 72.32355956895483, 116.38819865319299, 74.59072400234353, 43.57582409642916, 0.0141108917396, -0.845903948842, 0.533148564725, -0.28092172253, -0.515079498859, -0.80980003437, 0.959626942382, -0.138346012551, -0.244901025449,  
1005, 1183233.3153936905, 65.61360905685561, 113.42722659584948, 74.50156431491206, 33.42712880994983, 0.381315990213, -0.571736255821, 0.726440478902, -0.841705241456, 0.110220763684, 0.528567564043, 0.38227006437, 0.813000022775, 0.439204463609,  
1006, 3581627.8471249347, 94.91407426376813, 125.5296118498694, 101.07234600150721, 67.39277143492828, 0.0589226206711, 0.244320882614, 0.967902593804, -0.730416744208, -0.65035737403, 0.208630452776, 0.680455365585, -0.719265314306, 0.14013530277,  
1007, 1819936.4217110802, 75.7395177799742, 144.5803763804876, 86.32193953841018, 34.81264860193328, -0.571718795405, 0.595087947277, 0.564807891222, 0.799394662266, 0.558993795182, 0.220213784512, 0.184677537676, -0.577404773061, 0.795297387852,  
1011, 2260496.891767004, 81.41512643069983, 117.78243756557181, 94.01472939488337, 48.7347639134831, -0.972373174964, 0.21074341518, 0.100387357611, -0.184336131277, -0.957074614536, 0.223670232523, 0.143215220265, 0.198985917012, 0.96948130746,  
1012, 678041.9265831077, 54.49909785661303, 131.78295063041702, 80.51484046739516, 15.255722345620702, -0.648590166878, -0.684193560934, -0.333481583607, -0.116291056325, -0.343913888531, 0.931772304533, -0.75220155919, 0.643119280112, 0.143493574422,  
1014, 2595627.8034807253, 85.25462256939981, 101.2114968751511, 84.92037823277695, 72.09614449450675, -0.220689760362, 0.895655988497, 0.386130003937, 0.545933757901, -0.214628677962, 0.809870892538, 0.808240287078, 0.389531617286, -0.441602488081,  
1024, 2505072.046488287, 84.2514150513519, 119.13926540906196, 90.96797311766143, 55.180823228830796, 0.368007893073, -0.929655143942, 0.0176494752716, -0.719760836664, -0.272800798489, 0.638376113548, -0.588654846783, -0.247630849623, -0.769522211294,  
1030, 1182370.3953398797, 65.59765473129113, 95.07037338217984, 64.01148051475302, 46.38332374883941, -0.128361482342, 0.16252742668, 0.978319050938, 0.990331281704, -0.0313199375147, 0.135140719227, -0.0526049648804, -0.986206822675, 0.156935721169,  
1041, 786754.510458417, 57.26864100700421, 117.62310425399298, 62.84516639089226, 25.408914670042744, -0.466218205274, -0.883365854486, 0.0480140833362, -0.883830885465, 0.462726651754, -0.0687532665047, -0.0385168919955, 0.0744903543064, 0.996477614473,  
1043, 2234491.7557460414, 81.10171707153796, 119.08061141735872, 89.06889970826933, 50.294790573722246, -0.0293517485029, -0.76200903256, 0.646900849557, -0.99691554379, 0.0694427797946, 0.0365663627522, 0.0727864919498, 0.643832225531, 0.761696916075,  
1046, 2245740.6827040403, 81.23758400674313, 120.56212126034232, 85.73755086494316, 51.8667508741724, 0.0612775176159, -0.151837151354, 0.986504204402, -0.261075246828, -0.956390384133, -0.130985299298, 0.963371569712, -0.249525374676, -0.0982461503787,  
1049, 398203.36454211426, 45.63927869092471, 104.97879297520956, 81.44692838193805, 11.118342043771325, -0.667647586922, -0.233110565938, -0.707040425807, -0.742877371288, 0.146371193525, 0.653229427487, 0.0487843305333, -0.961371383886, 0.270896938595,  
1058, 1470942.6802452977, 70.55087104164274, 149.46357039598084, 93.09956654099362, 25.236209767735794, -0.300904653931, -0.941375684308, -0.152539208847, -0.152998640713, -0.110226585074, 0.982059833148, -0.941301123543, 0.318844665842, -0.110861507664,  
1060, 1296482.3754148528, 67.64348940094767, 89.98107833744065, 81.93838660760649, 41.97970730262103, -0.719065181357, 0.676712252457, 0.158132198917, -0.665844368318, -0.736039003336, 0.122056801311, -0.198988799029, 0.0175246381279, -0.979845061691,  
1063, 2920553.2665212015, 88.6731576734104, 108.70719511525466, 92.72548253885155, 69.17021570902304, 0.584340894487, 0.801993574008, -0.123903294061, 0.761389594508, -0.594649846611, -0.25821976164, 0.280769664325, -0.056549687668, 0.958107785387,  
1065, 867033.6859008921, 59.1537734730974, 108.8065875672406, 66.6262532590039, 28.552673575027626, -0.739935717539, 0.619696239, 0.261670986698, 0.658605020728, 0.588244301485, 0.469263325269, -0.136874250981, -0.519562520916, 0.843398023639,  
1066, 1532484.4033385469, 71.52136887197311, 118.74435871160416, 68.82881237685912, 44.76351602302975, -0.340493500287, -0.774589892811, 0.532986561009, -0.0470059225802, 0.580172559665, 0.813136055192, -0.9390711472, 0.251814016619, -0.233955298144,  
1071, 940696.128839004, 60.783669642344016, 109.95850986792973, 50.43488232918107, 40.49495212479637, -0.592786339025, -0.748445503779, -0.29737801556, -0.782355173602, 0.447534654155, 0.433166383354, 0.191114464663, -0.489430343566, 0.850842641264,  
1073, 702391.9654366226, 55.1438361758234, 110.47465756760118, 57.858891575618195, 26.233615703075767, 0.0103257952263, -0.69049467292, 0.723263772508, -0.993581264166, -0.0885680513096, -0.0703702478686, -0.112648344199, 0.717894704644, 0.686977105581,  
1077, 555719.5634654002, 51.00221357143248, 131.43479429533568, 115.70615997960503, 8.723690439403391, 0.563210854791, -0.677875988705, 0.472522673512, 0.158157747319, 0.649706749303, 0.743550446757, 0.811036164427, 0.344042561099, -0.473133232974,  
1081, 1228478.221992614, 66.43948909905014, 115.4573636579203, 79.51891651359081, 31.943813527224744, -0.951033978175, -0.00655194435911, -0.309016899832, -0.146347886887, 0.890149106528, 0.43152852067, 0.27224376643, 0.455622256012, -0.847520909162,  
1089, 2303603.2384731174, 81.92938415314839, 111.97837212647636, 80.34161995026656, 61.12858418804521, 0.4981648316, -0.193838545822, -0.845138106294, 0.695504723628, 0.671377873223, 0.255978379474, -0.517788547544, 0.71531697135, -0.469272469394,  
1096, 1718907.9904665938, 74.31126831134249, 104.34390455353795, 94.72550496863663, 41.51738659005781, 0.434137622501, -0.217587297302, 0.874174063206, -0.345428808268, -0.936425446034, -0.061533100359, -0.83198765805, 0.275251070977, 0.481698437592,  
1105, 833050.9535531269, 58.37062168391502, 95.6925655631373, 70.66084898452948, 29.41209140747376, 0.523238151049, 0.395898496992, 0.754643105955, -0.773642814728, 0.592010276096, 0.225833186702, 0.357349454324, 0.701988755663, -0.616046389826,  
1116, 3437212.423590415, 93.62085172582222, 140.11736120072686, 93.36771294062778, 62.723327960260875, 0.533990633885, 0.836362667393, -0.123901136049, 0.474102648315, -0.174862234453, 0.862930980915, 0.700057627473, -0.519538918228, -0.489896550981,  
1126, 1935886.091191012, 77.31499463458648, 126.05567219899349, 77.04389418202119, 47.58724597479254, -0.974371855131, -0.224079613814, 0.0196930089547, 0.0555039917568, -0.154660200265, 0.986407385086, -0.217988061205, 0.962220634328, 0.163133859285,  
1129, 1852031.9170633864, 76.18216065853476, 102.89400549240663, 93.50353341421514, 45.9559513323776, -0.832410519131, -0.0963564792452, 0.545718019262, 0.300901799617, -0.905540103575, 0.299090668201, -0.465350227922, -0.413173752464, -0.78277494572,  
1130, 969027.8033250708, 61.38786691144065, 151.06235873527817, 53.808096490419224, 28.46057947273264, -0.244362107148, -0.88858606335, -0.388203514423, -0.965479304144, 0.260195834069, 0.0121589967565, -0.0902046221617, -0.377773657039, 0.9214934564,  
1155, 1361170.521455506, 68.75030701850682, 160.87422121627168, 92.93999822681235, 21.73375707136809, 0.479827998448, 0.704749010869, 0.522583891433, 0.290027653896, -0.689554847488, 0.663624948507, 0.828039281605, -0.166862050766, -0.535264424498,  
1160, 4016677.351542912, 98.61117024568836, 117.63087008357074, 99.29532108799035, 82.09718088947096, -0.812466739134, 0.417101549012, -0.407337815103, 0.566275785631, 0.39839742151, -0.721533941781, 0.138670589561, 0.816887870118, 0.559879161288,  
1161, 1868484.0403403153, 76.40707852364824, 121.79943505994642, 75.25846335920735, 48.663143858039234, -0.922532130672, 0.111473705756, -0.369469999869, 0.349866816651, -0.16246830298, -0.922603523261, 0.162873197562, 0.980396686781, -0.110881279142,  
1165, 148185.42740495884, 32.82758712270612, 105.84618491025255, 32.654560156623646, 10.235235516391558, -0.995155608327, -0.0390944937954, -0.0902049653342, 0.0240142952974, -0.986404036081, 0.162574263719, -0.0953343004245, 0.159620481635, 0.982564335301,  
1168, 1070572.8835097973, 63.46133587969799, 130.26277684655463, 87.02389086084828, 22.54596357063628, -0.343398808377, -0.409803060975, -0.845067281121, -0.933664445449, 0.24641284268, 0.259906549105, -0.101724931606, -0.878260873646, 0.467236424214,  
1175, 640085.7308903208, 53.46257167402497, 113.26847698920322, 47.56634315104965, 28.362251962903834, 0.513663298909, -0.840432403492, -0.172694500532, -0.762873283072, -0.355258127217, -0.540199978732, -0.392650441652, -0.409224923735, 0.823626488443,  
1178, 1570192.2592184318, 72.10323343915978, 143.42574584827582, 87.02927675593584, 30.031133966460843, 0.00471881532754, -0.996041615408, 0.0887627915092, -0.615042841327, -0.0728800560033, -0.78511833552, 0.788479572414, -0.0508880910584, -0.612952172746,  
1179, 1482376.2565614725, 70.73319578302169, 115.44410009187722, 76.16974040023669, 40.245342041907506, 0.166583004147, -0.967250502219, -0.191511275609, 0.592727704942, 0.253446289708, -0.764486001198, 0.787987290839, 0.0138363358456, 0.615536014614,  
1188, 705020.8868285929, 55.21254820041669, 80.12171515874776, 65.40417619195733, 32.11867765230293, 0.591737186014, -0.62185640087, 0.512973410018, -0.755562925224, -0.206007429044, 0.621840498203, 0.281019160762, 0.755549836791, 0.591753897672,  
1191, 1850750.1656022165, 76.16458192426744, 124.48531123177449, 92.99873745538346, 38.16489092647097, 0.611611587426, 0.766421030174, 0.196290780815, 0.22935371206, -0.409211567769, 0.883143684555, 0.757184350664, -0.495120891613, -0.426060044827,  
1193, 2032470.8009719679, 78.57997782848153, 127.60468173953666, 68.5946050356855, 55.43437269438496, 0.436209755521, -0.821273611897, -0.367737275225, -0.809218547401, -0.536759929772, 0.238860043401, 0.393556084606, -0.193386742548, 0.898729756977,  
1194, 1672852.128985199, 73.64156024997666, 92.26719052142059, 67.31458586521387, 64.30022150630771, -0.946465248788, -0.0207856051126, 0.322135827651, -0.308692032911, 0.350130802121, -0.884374157369, 0.0944074237208, 0.936470170388, 0.337802987436,  
1197, 1946358.678524155, 77.45416128452507, 101.58657202990159, 96.1992146530255, 47.54736285225655, 0.386530756227, -0.762669102884, 0.518584432853, -0.4544486722, 0.33178638668, 0.826676598162, -0.80253995466, -0.555205937577, -0.218348318184,  
1198, 2364118.4109988967, 82.64061464481706, 133.81267522869243, 68.20381299207624, 61.84074423706101, -0.753901491426, -0.624178716638, 0.205020659744, -0.656900926053, 0.711093528254, -0.250653480776, -0.0106637036492, 0.323646294234, 0.946118048476,  
1200, 2669939.6852908316, 86.06058233585372, 112.15720387550886, 87.19200354737269, 65.17919771527339, 0.359141747519, 0.302249297321, 0.882985032409, 0.850570682955, 0.283393712859, -0.442964464499, 0.384118104866, -0.910128213924, 0.155305877974,  
1204, 2122652.988279058, 79.72541661374738, 141.52479053632828, 86.68370995692354, 41.306688636635215, 0.550882289831, -0.720926693792, -0.42046807837, -0.367632394215, -0.661909875955, 0.653239419231, -0.749249708358, -0.205280340732, -0.62967043462,  
1208, 1838548.5125302898, 75.99683307585971, 107.6371139745811, 65.12207704244771, 62.617567994329164, -0.837303099885, -0.337149859129, 0.430410840259, -0.532706050316, 0.680289412285, -0.503418890676, 0.123076329487, 0.650796656431, 0.749210203546,  
1212, 1668254.9835711184, 73.57404052464649, 114.7594014528809, 67.4340676089409, 51.46431423196673, -0.804378912898, -0.327275846244, 0.495847844556, -0.594115697428, 0.441625462707, -0.672304610098, -0.00105002641921, 0.835378639393, 0.549673927242,  
1213, 2020005.584047759, 78.41900367656714, 117.43419468198178, 79.81132411384704, 51.45230918725692, 0.835538845786, -0.505423787618, -0.215456798667, -0.475834649068, -0.861714795547, 0.17615049782, 0.274692963011, 0.0446587734502, 0.96049433628,  
1220, 821363.2883706846, 58.09635599819241, 119.03432952132319, 50.01545151686677, 32.93595454367536, -0.0675341340517, 0.66681357411, -0.742158202892, 0.993719339719, -0.0215672306567, -0.109803134882, 0.089224517965, 0.744912418975, 0.661169020334,  
1226, 3061092.868046232, 90.07327743369011, 104.86990757575663, 85.34116990387727, 81.65417943894899, 0.158339380074, -0.964437837856, -0.211632458829, -0.908172219048, -0.226367323491, 0.352109436689, 0.387494337077, -0.136445929834, 0.91171851301,  
1227, 1462362.193633437, 70.41342137963025, 96.26434620207921, 94.79039569571206, 38.25925769995126, 0.97037105763, -0.0798018833374, 0.228060671598, -0.0165144199955, 0.919770692353, 0.392108591363, 0.241054525878, 0.384257118222, -0.891200977698,  
1232, 2233294.014463973, 81.08722365847422, 112.9191789255919, 100.23288123828908, 47.10634045386014, -0.169029777655, -0.712086632417, 0.681440798749, 0.508626360922, -0.65523532193, -0.558539074614, 0.844232289859, 0.252189018058, 0.472940313285,  
1244, 1719909.822293757, 74.3257024628317, 142.72896051077942, 83.41154101031047, 34.48885844638428, -0.755202598024, -0.608093755586, 0.244726419406, -0.645533900243, 0.62512373971, -0.438755391634, -0.113820119377, 0.489328411671, 0.864640206072,  
1245, 3000389.090879966, 89.47389072341433, 113.46267677388467, 92.48161576248566, 68.26223987299238, -0.813695484205, -0.292008174222, -0.502623999797, -0.0904339282291, -0.790548186491, 0.60568578443, -0.57421369159, 0.538298050361, 0.616858043125,  
1249, 1571619.1000355284, 72.12506700533115, 109.97782348950167, 67.41298032189204, 50.606935643458165, -0.24360189201, 0.741241697678, -0.625474910634, -0.163114986943, 0.604405041154, 0.779800004656, 0.956060468403, 0.291985088405, -0.0263265817277,  
1254, 2026810.9178073243, 78.50696866597556, 110.85296910074429, 77.47719838179918, 56.33825457696333, -0.305701709127, -0.932764388774, 0.191042037446, -0.151363925644, 0.2457063087, 0.957453587324, -0.940018843987, 0.263778325304, -0.216299718098,  
1255, 2124456.8891718276, 79.74799465329546, 113.5806841595904, 90.31642131642522, 49.44109856155338, 0.00238698812404, -0.570558759437, 0.821253313124, 0.207028173373, -0.803181074314, -0.558604956381, 0.978332069247, 0.171355956689, 0.116204554082,  
1257, 1235327.3800671296, 66.56273412241383, 77.55950416872876, 68.51207517906131, 55.49978642181084, 0.802275182035, 0.573440642847, -0.165892620155, -0.317741637834, 0.645469032593, 0.694557398312, -0.505365990028, 0.504515170332, -0.70004975468,  
1265, 3063803.12232492, 90.09985285235084, 123.39782667947229, 81.49549010509675, 72.7329425912714, 0.15361882278, 0.965050699632, 0.212316754936, -0.578171521822, -0.0864608177874, 0.811321279359, 0.801323248534, -0.247389721141, 0.544682822597,  
1268, 1182308.9371206553, 65.59651814867875, 91.74408277745992, 74.04206252549824, 41.55141252146629, 0.183810412534, 0.529455726958, 0.828184982619, -0.683155320015, -0.536988193659, 0.494916648141, 0.706762011557, -0.656749810097, 0.262996475181,  
1269, 2433708.576887081, 83.44365544357245, 122.92180220936133, 75.9773523328998, 62.21095800133775, 0.706599509589, 0.485644784346, 0.514651606901, 0.49285697942, 0.184109679781, -0.850409091937, 0.507749082605, -0.854548283743, 0.10926161204,  
1285, 781854.9757543054, 57.14951270890037, 86.25579761695795, 59.156292537574146, 36.580391707498144, -0.851134181997, 0.500527000227, 0.158250833429, -0.0808194437772, -0.422807783426, 0.902608329112, 0.518689523457, 0.755451057527, 0.400318470642,  
1288, 2797878.87926415, 87.41382015881086, 112.7099777838526, 98.58863886749687, 60.110600378387225, -0.975786695514, -0.013145081097, -0.218328952961, 0.209772356967, -0.338894083647, -0.917140315503, 0.0619345066228, 0.940732696844, -0.333445812655,  
1291, 622262.8781742476, 52.961681029510025, 137.27513648679297, 84.01697084590634, 12.880311924409614, 0.220163757715, 0.145321216462, 0.964577453518, 0.933284090916, 0.256250868266, -0.251627300101, 0.28374059532, -0.955624003758, 0.0792088253213,  
1294, 1480284.8125670482, 70.69991495127022, 113.08058433736434, 67.02312440729604, 46.62769646478188, 0.600816421082, 0.783127085085, 0.160410712749, 0.714845854688, -0.616162272543, 0.330665174957, -0.357791883911, 0.0840001339377, 0.930015561862,  
1296, 685066.6058847276, 54.68665958228126, 85.72011046842978, 83.1011654420803, 22.95907316895017, -0.627756873524, -0.0263586522603, 0.777963064158, 0.300419998263, 0.913790448969, 0.273376736423, 0.718101060009, -0.405329787734, 0.565719569035,  
1299, 2266229.025692812, 81.48388542730598, 128.8053817430248, 97.74214934864213, 42.973358290885116, -0.990910774377, -0.107729064935, -0.0805623099918, 0.0941946798266, -0.983224686021, 0.156194043072, -0.0960374901554, 0.147185819178, 0.984435439792,  
1305, 616968.5006151656, 52.81104900430064, 125.0136665950992, 68.09177640712939, 17.303032556926503, -0.144379855865, 0.874839934798, 0.462395442996, 0.219469810435, -0.427341789569, 0.877047317535, 0.964876914185, 0.228109805513, -0.130301408667,  
1325, 1992183.7189807266, 78.05731212093362, 99.14267093216168, 92.43566752173507, 51.89680011368054, 0.733147676574, 0.543251596119, -0.409111461155, -0.558035958015, 0.824398204571, 0.0946756033114, -0.388703426658, -0.158887707565, -0.907559553136,  
1329, 2679848.357628775, 86.16691349917811, 119.11517069370969, 93.20503427496787, 57.62556047528421, 0.896460987068, 0.431647310862, 0.100191305468, 0.2125976414, -0.61733961439, 0.7574259326, 0.388792928867, -0.657702363938, -0.645188080278,  
1337, 802453.1567364713, 57.647041903894944, 109.87288171935859, 51.85457276272599, 33.62431959306212, -0.877573729359, 0.478806058983, 0.0246801016809, 0.0613933860446, 0.0611729630352, 0.996237281346, 0.475494691546, 0.875786861328, -0.0830793105264,  
