# Void_ID, Void_Volume, r = (a*b*c)**(1/3.0), a, b, c, vector_a, vector_b, vector_c 

24, 281939.9615941821, 40.67766440129438, 114.45964643789083, 52.94605433989317, 11.106622879829958, 0.605877422307, -0.400287965216, 0.687518795409, -0.47521297887, 0.510983609174, 0.716287914088, -0.638032267092, -0.760700529814, 0.119371395611,  
57, 895191.0352655078, 59.787313391226924, 99.21630741600036, 62.63406925519948, 34.39009909624535, 0.285936618555, -0.653380370736, 0.700952452957, -0.786655779937, -0.577756088455, -0.217647848929, -0.547186379637, 0.489174808621, 0.67918706742,  
62, 1767183.6800180308, 75.00053493184647, 150.36734912760602, 76.82794538711585, 36.51912139423638, -0.0415510720549, -0.994188503847, -0.0993112643616, -0.994706923013, 0.0505111086935, -0.0894805297784, -0.0939768360925, -0.0950675902533, 0.991024978273,  
74, 2521327.7939185887, 84.4332618395008, 97.44422861139034, 82.89361283388557, 74.51839831422805, 0.421092868771, -0.902640587618, 0.0889986823178, -0.738491613242, -0.284229751964, 0.611427497967, 0.526603202651, 0.323192539646, 0.786279625372,  
78, 695367.6129052555, 54.95939584812548, 79.8768862029173, 71.21979839438593, 29.18125619072555, 0.283408135992, -0.230960215513, 0.930772371369, -0.952821910598, 0.042170855092, 0.300586136849, -0.108674905743, -0.972048865969, -0.208112390382,  
83, 1529782.8533211302, 71.47931684954332, 97.14630039025873, 68.02202832354611, 55.266929332958995, -0.778609265313, -0.168468457668, 0.604471662479, -0.626344764959, 0.267299677327, -0.732286226765, 0.0382079491396, 0.94877250238, 0.313641341903,  
119, 720759.1616844188, 55.62036750150117, 110.22032209126577, 60.55701347255196, 25.779556265283354, -0.097447761303, 0.613962600995, 0.783296788195, 0.448253825737, -0.67561799875, 0.58532796574, 0.888578888748, 0.408154681885, -0.209373623281,  
142, 982138.7218923138, 61.663486279741626, 131.2720456671255, 56.81333420168154, 31.4384911221817, 0.818623628174, -0.243477057202, -0.520167548019, 0.248984862262, -0.665709929001, 0.703446393689, -0.517553759295, -0.705371684324, -0.484343775839,  
183, 576098.8157370329, 51.618192280164024, 104.59450236857168, 46.34466000239876, 28.37264438423756, 0.418719780833, 0.428805838604, 0.80049940532, 0.491975676234, -0.848042926503, 0.196934326117, 0.763304447212, 0.311365938387, -0.566054390743,  
201, 1855257.4792170422, 76.22636216002861, 112.51073501353198, 84.23102524801658, 46.735784059808296, -0.261171755568, -0.262024653047, 0.929049188842, -0.666636443014, 0.745036570256, 0.0227235962687, -0.698129763682, -0.613403285105, -0.369257691706,  
204, 2053955.0773252838, 78.85588505473626, 120.98424072032407, 69.12619650464977, 58.631481306423304, 0.914922631442, -0.398203521505, 0.0659585774264, -0.326320069277, -0.825915961761, -0.459758672017, -0.237553764151, -0.399120006475, 0.885591005808,  
210, 1415171.6553656524, 69.64770934054276, 100.23624852158105, 61.752946676343626, 54.580564392061206, 0.425400429273, -0.359918208423, 0.830357367656, 0.492974574128, 0.861601976949, 0.120905345545, -0.758953584903, 0.357911883798, 0.543956376375,  
243, 958956.0740585759, 61.174444587106066, 117.13265677920651, 76.41057979076099, 25.578708698043798, 0.072989014484, -0.456648996557, -0.886647786727, 0.0874679033782, -0.882662482537, 0.461796825239, 0.993489793427, 0.111259318106, 0.0244825344138,  
257, 1659617.0523228224, 73.44683623844483, 108.74121739819286, 103.35533478449469, 35.252684185970566, -0.948238119916, -0.182581759864, 0.259823726598, -0.133283384367, 0.971456782074, 0.196232668059, 0.288236027224, -0.151445110606, 0.945507467492,  
260, 1703163.376290929, 74.08368335245167, 102.00069965544549, 85.18870556297611, 46.79317679359572, 0.910329138386, -0.129810460266, 0.393001404846, 0.155614785144, 0.987219544153, -0.0343745587271, 0.383516490454, -0.092448991605, -0.91889514391,  
263, 826322.7620139804, 58.21305197346269, 112.59409354620928, 91.49972393410195, 19.148101199031576, -0.505854238262, 0.618916438407, 0.600877634716, 0.759317083025, 0.650015382067, -0.0302914262315, -0.409327566943, 0.440933606505, -0.798766860601,  
266, 1703373.9613101385, 74.08673654769207, 124.50957720046218, 81.54185179306798, 40.05327813964105, 0.748415012792, -0.650715121887, 0.128237275298, 0.375313584451, 0.574941985224, 0.727036056158, -0.546822349538, -0.495995507817, 0.674517438078,  
270, 798144.478920749, 57.54368035023872, 131.96427574848786, 40.24164109743206, 35.8806946594569, 0.322462142871, 0.638091571964, 0.699183318024, 0.710925510635, 0.324432055221, -0.623962146187, 0.624982467549, -0.698271428123, 0.349018520888,  
273, 610873.398407981, 52.63656435927386, 122.03477691230489, 87.25576766800717, 13.695719376256594, 0.350127854337, -0.69249829334, 0.63075874892, -0.0679210773259, 0.652840717216, 0.754443984136, 0.93423616547, 0.306993667142, -0.181542489413,  
278, 3537124.763298837, 94.519320279853, 121.17470010750499, 98.29586197428279, 70.89483244698232, -0.507428856335, 0.420763729767, -0.751979946189, 0.85873556419, 0.174678363086, -0.481726790063, 0.0713385348418, 0.890193997498, 0.44996162088,  
281, 129011.12734275106, 31.345811695717742, 131.44101589630927, 65.10505014380252, 3.5990922314749487, 0.126487349161, 0.937599463686, 0.323895347602, 0.893289492794, -0.249634864309, 0.373786458536, -0.431317554205, -0.242053052486, 0.869123401605,  
284, 1889718.4031145475, 76.69543135876197, 132.19783815193617, 81.22599637514156, 42.01352128438861, 0.324453240711, -0.788622967391, -0.522306337215, -0.352720824324, -0.613221514425, 0.706786668192, -0.877677682683, -0.0450909031743, -0.477125450768,  
295, 286390.21851987374, 40.89057244822113, 120.8329526455302, 54.814719602517165, 10.32254979916589, -0.0216868530902, -0.603568675329, 0.797016019014, 0.660000871401, -0.607445352184, -0.442050895101, 0.75095174955, 0.51644457425, 0.411529429781,  
299, 1336065.6837986188, 68.32501463627652, 103.30337550660808, 71.54826951339402, 43.15444675983606, -0.644887585318, 0.763236616132, 0.0398731751677, 0.722391272684, 0.591680294118, 0.357862094532, -0.249541282062, -0.259584855775, 0.93292274664,  
313, 1148337.0814105507, 64.96213054587685, 128.9846311196289, 85.9397943744975, 24.731388715362215, -0.948255132169, -0.113832083616, 0.296402532132, -0.112141416207, 0.993431601826, 0.0227586305366, -0.297046304615, -0.011658011513, -0.954791905958,  
324, 1669708.205413946, 73.59539784569715, 115.78272918629375, 59.73451721487263, 57.634540063381905, -0.0732561671117, 0.997278753699, 0.00828380348567, 0.965378454682, 0.072993091377, -0.250432521544, 0.250355693396, 0.0103487212405, 0.968098616233,  
327, 3072813.20577913, 90.18808879817657, 133.55881674613738, 92.62934669096028, 59.29613514709868, -0.0996259613438, 0.368936184519, -0.924099972719, -0.141062111573, 0.914103512618, 0.380152928304, 0.984975201975, 0.168228594396, -0.0390255239886,  
338, 1006387.8852655194, 62.166859748637556, 105.23745564207266, 79.1737008207078, 28.83536849352421, 0.613773308478, 0.753784723417, 0.234714542674, 0.563261044719, -0.626419413552, 0.538828093019, -0.55319013124, 0.198512742836, 0.809057086756,  
363, 2535617.0461526066, 84.59246580201157, 103.87996102344603, 92.57024623273215, 62.949437901959215, -0.396307817824, -0.843651707443, -0.362204238048, 0.883439141277, -0.457811138095, 0.0997208378207, -0.249950789539, -0.2804652534, 0.926749073074,  
364, 30649.484762224693, 19.413843437618397, 97.04348266957757, 79.0612674627719, 0.9536838373561292, -0.198797967866, 0.980040489298, 8.54893022039e-05, 0.788750777543, 0.159943708535, 0.593540412294, 0.581679962607, 0.118062057564, -0.804804182187,  
422, 640184.3563357771, 53.46531739953382, 148.84311233884569, 84.74494594249386, 12.116408263786928, -0.13677340286, 0.00681889769438, -0.990578890803, -0.226970572824, -0.973589947308, 0.0246368336473, -0.964249654053, 0.228201921847, 0.134708899199,  
425, 2609648.7200455195, 85.40785487064849, 128.07756073058985, 98.3430746966408, 49.462562526209496, 0.278223892894, -0.0464809219967, 0.959390947067, 0.894582078478, 0.376224102743, -0.241201843651, -0.34973471416, 0.925362063414, 0.146255534275,  
466, 1342172.1164610777, 68.4289486676295, 107.55532684498108, 92.89551528007952, 32.069554760281164, 0.724481146407, -0.10432537464, 0.681354008359, 0.0830513127702, 0.99449042656, 0.0639630434485, 0.684273006883, -0.0102473258102, -0.729153923644,  
519, 2908633.2648376445, 88.55235573851188, 107.18392856903007, 97.52811711480648, 66.42641991623222, 0.66932317703, 0.653496438056, -0.353481102943, -0.465274136449, 0.739599518748, 0.486325538934, -0.579246461052, 0.161043339867, -0.799086090508,  
543, 447978.30696088815, 47.466745762527125, 95.40945985751063, 52.550543851488634, 21.330435510122413, -0.461025867304, 0.879909417005, -0.114954632543, 0.857661649649, 0.475076201121, 0.196771689652, -0.227753472855, 0.00787534089918, 0.973686979788,  
546, 2317270.751715835, 82.09109655559774, 139.22181054177096, 70.0262720332721, 56.74399216177038, 0.837011218348, -0.421304178909, 0.349163298749, -0.322179191196, 0.136321517057, 0.936812154462, -0.442281346113, -0.896615431956, -0.0216328005295,  
580, 985203.4155163227, 61.727558514213186, 105.8179388270965, 88.00670921560936, 25.2558633818167, -0.3384949908, -0.710377638498, 0.617077589875, -0.651707216639, 0.650028777323, 0.390820025629, -0.678747998144, -0.269863297568, -0.682989718547,  
640, 219134.33687358728, 37.40020145637097, 114.09085217746357, 71.11776090593187, 6.447523383428965, 0.74213187372, 0.448591751278, 0.49800172961, -0.135020034173, -0.627714697415, 0.766644538898, 0.656513421326, -0.636191558679, -0.405278210966,  
642, 1146368.3765965104, 64.92498569926066, 129.81193336016818, 74.96758446496689, 28.122080826792196, 0.254107261519, 0.946858490591, -0.197201669463, 0.806374145207, -0.319990496466, -0.497359849719, 0.534032056701, 0.0326355782448, 0.844834114752,  
649, 2016480.3799207213, 78.37335958449466, 123.31545092090977, 78.70307989944975, 49.601655089502195, -9.08631692003e-06, 0.380289262332, 0.924867599645, 0.916365524168, 0.370267099069, -0.152238304853, 0.400342635794, -0.847515399449, 0.348487333576,  
651, 1056490.226941176, 63.18184322255506, 143.57146285391025, 72.1863278150671, 24.336257939137994, -0.973963560333, 0.222677949622, -0.0425383814304, 0.204567612158, 0.944120455316, 0.258435016805, -0.0977091356971, -0.243004313968, 0.965091616477,  
659, 676728.8816825788, 54.4638955080603, 120.29218126814708, 102.37420592425487, 13.118922194580929, -0.79366404531, 0.608348712308, -0.00303766614435, 0.603437076133, 0.786602893151, -0.130841826779, 0.0772080198597, 0.105677493914, 0.991398602455,  
679, 155144.0913766082, 33.333599285439846, 86.71655592992799, 36.94870280134198, 11.559669415595303, 0.403381555517, -0.768749718966, 0.496293451758, 0.636126653076, 0.625470724346, 0.451806655808, -0.657743264439, 0.133455020798, 0.741325539496,  
688, 1672110.6088094371, 73.63067768357182, 115.5812787799166, 98.98458434529961, 34.89163607770993, 0.203359154154, -0.540611584809, 0.816323568686, 0.307616315071, -0.75624922488, -0.577459360103, 0.929525285898, 0.368546095134, 0.0125107409023,  
691, 1978757.6926651078, 77.88156483247977, 126.54208520865677, 69.14368282230616, 53.990395953690474, 0.482791038122, 0.853961326932, -0.194069228919, 0.796314033202, -0.335875074372, 0.503062515937, -0.364412916943, 0.39741412471, 0.842178864284,  
731, 717623.5489118051, 55.53959273519781, 122.19659913175262, 93.27716201097117, 15.030506964413318, 0.0727063267818, -0.847375956166, 0.525992185262, 0.154001058405, -0.511524594051, -0.845355702465, 0.985392035718, 0.142466061193, 0.0933057198245,  
734, 2154505.1711011133, 80.12222056941415, 125.41307839667469, 67.9913292580464, 60.32017202348535, -0.819060312026, 0.485063424362, -0.306355479159, -0.130429127159, 0.362572181969, 0.922783645093, 0.558684569371, 0.795773138029, -0.233702085439,  
762, 741198.2652895648, 56.14123063747251, 111.63739595559623, 78.32451950135254, 20.236637304102523, 0.0410724217234, -0.998895807746, -0.0228083634021, 0.10353901525, 0.0269598090851, -0.9942599464, 0.993777001392, 0.0384751083351, 0.104531992919,  
791, 2178429.0715927193, 80.41769205771094, 134.9627469803579, 96.36504369046582, 39.98723574201669, -0.176839489892, -0.984146889149, -0.0135164859551, 0.202029864449, -0.0497360154456, 0.978115669355, 0.963281749378, -0.170238742199, -0.207622354213,  
795, 1389739.3806398842, 69.2279681111755, 119.37801864067725, 59.429960345220024, 46.764354916213726, 0.76565390213, -0.449008545895, -0.460614185481, -0.50921230562, 0.0144477754234, -0.860519662524, -0.393035532693, -0.893410648861, 0.217578681268,  
815, 427818.95483767067, 46.7437773167847, 97.81180541988492, 74.46354576742068, 14.022854423349886, -0.51679477787, -0.144863221687, 0.843764069257, 0.823546977734, -0.35335575633, 0.443745518212, -0.233866485479, -0.924204715672, -0.301914078007,  
823, 329726.4694637738, 42.856996774744665, 100.09186141266606, 42.006670336660385, 18.721824882870873, -0.35366795598, -0.355695646697, 0.865100909625, -0.92962913268, 0.23598589256, -0.283020024352, 0.103482619722, 0.904318121809, 0.4141256838,  
861, 1116137.1349198937, 64.3491749245868, 130.30701079322444, 64.84331736927143, 31.535225509676774, 0.68466619251, -0.576112801102, 0.4464596793, -0.660215487058, -0.749725610418, 0.0450224358795, -0.308784253943, 0.325584934372, 0.893670372692,  
884, 1998743.5596216784, 78.14289367519544, 127.38888796215177, 86.34272997770162, 43.38215738382105, 0.247583090645, -0.728159331767, 0.639129564946, -0.683224599446, 0.336508459462, 0.648047994691, -0.686954700063, -0.597114766416, -0.414182563357,  
906, 150765.97552786328, 33.01704824133182, 116.66340223951117, 31.54195755542257, 9.78118452993474, -0.949424315823, 0.196614798411, -0.244818482902, -0.0339590974679, 0.710817317512, 0.70255641825, 0.31215420584, 0.675337961447, -0.66819038425,  
907, 611552.3091337191, 52.656056831211515, 83.92220014325768, 76.84988301148245, 22.637315792328423, 0.65133494855, 0.755981561001, -0.0652277871975, -0.327227313213, 0.357406108597, 0.874747483006, -0.684605777279, 0.548409293287, -0.4801689044,  
918, 434499.6747416137, 46.985834951231546, 126.10702251506056, 100.61057146752889, 8.175568445813683, 0.225596462609, -0.974219649503, 0.00152005922453, -0.47054472154, -0.107595827839, 0.875791529339, -0.85304976472, -0.198290726846, -0.482687151847,  
923, 1412330.966794005, 69.60107660416635, 136.92046415799138, 69.0095677954356, 35.683726505527794, 0.295996764624, -0.353744856765, 0.887271374296, -0.668923403824, 0.586319866597, 0.456914098984, -0.681855846311, -0.72876168282, -0.0630794301253,  
934, 1421870.4228925738, 69.75742973895, 125.2046569567014, 67.48761531720892, 40.17231373823561, 0.11090400834, 0.993715356746, 0.015168740906, 0.95171515586, -0.101795705302, -0.289613356888, 0.286249127579, -0.0465556027632, 0.957023517376,  
989, 1201760.4141764056, 65.95429690932171, 150.90649540909416, 72.0309893903725, 26.393803041868434, 0.00532803633823, 0.592763886615, 0.805358669634, -0.32960196477, -0.759323691103, 0.56106156253, 0.944104950124, -0.268437156249, 0.191330437454,  
1015, 960367.9046077199, 61.20445138351331, 121.30542800320931, 80.15620307673373, 23.579340656876678, -0.916496874642, 0.177368421413, -0.358572059504, -0.0733762863733, 0.806595840738, 0.586531389018, 0.39325487838, 0.563864871038, -0.726227931052,  
1016, 573971.2117482247, 51.55456977676918, 85.05186583549839, 58.55363699169394, 27.514636500617822, -0.970070716824, -0.164866095367, -0.178274998131, 0.204457792519, -0.950641955449, -0.233402835498, -0.130995478695, -0.26286696852, 0.955898081085,  
1058, 696753.6697019772, 54.995887954361315, 108.92886787012745, 76.63488621675185, 19.92604692042233, 0.261706355757, -0.729210149343, 0.632267618537, -0.906286780515, 0.0396039169589, 0.420803756193, -0.331894644158, -0.68314280195, -0.650508921786,  
1097, 2245912.3145826138, 81.23965349530535, 127.2475776556448, 109.14313664625953, 38.606304585623484, -0.876000329971, 0.372535787804, 0.306333982273, -0.364179159678, -0.927321078983, 0.0863084939621, -0.316222961763, 0.0359541830549, -0.948003341331,  
1127, 697726.5357836544, 55.021472678468506, 118.83399589858102, 77.36637456390073, 18.117725860211273, 0.0204381247335, -0.297746573129, 0.954426142374, -0.999083100459, 0.0298378820212, 0.0307027551389, 0.0376196947623, 0.954178536222, 0.296863739078,  
1140, 1193473.2386442912, 65.80234314965294, 146.04118341045398, 84.97761264402101, 22.958536827523876, -0.722536607568, 0.118234077916, 0.681147233381, 0.679359537757, -0.0611441171698, 0.731253728465, -0.128107256556, -0.991101457851, 0.0361445855275,  
1175, 593671.3051390486, 52.13777372195749, 104.0598377746667, 71.05378459696473, 19.168454093436228, 0.202198083622, -0.470534894333, 0.858902117936, -0.809290940755, -0.574164901949, -0.124027571863, 0.551510750749, -0.670023565694, -0.49689467015,  
1218, 1582587.1782614326, 72.2924613017973, 129.37914674461447, 88.29505779515655, 33.073362863002586, -0.180605358547, -0.813028216974, 0.55350413085, -0.703919682444, -0.286194539701, -0.650069047189, 0.686934338297, -0.507028405367, -0.520618296854,  
1219, 759873.5102063281, 56.60883690335876, 118.20910262878415, 66.8120511037771, 22.969258242923544, 0.366740500721, -0.904579900444, -0.217339846422, -0.605751064314, -0.409494016713, 0.682187876144, -0.70609280779, -0.118532079995, -0.698128278183,  
1223, 1159753.0012241346, 65.17668963317139, 101.01113296200555, 63.222576988004555, 43.35462753892715, 0.310181204293, 0.756291458858, 0.576030250735, 0.398699923555, -0.65354192671, 0.643367174317, 0.863033018754, 0.0301028120017, -0.504249768715,  
1231, 1974986.925663803, 77.8320623968452, 137.9503011728369, 66.3047828145713, 51.54755917443924, 0.109000215987, 0.528399325723, 0.841969777065, -0.684534491271, -0.574276259207, 0.449020387479, 0.720785323917, -0.625300672227, 0.299111327332,  
1238, 834866.3008271332, 58.41299046966185, 137.583204540547, 41.53437857860557, 34.878289983259144, -0.876259350052, -0.417383864598, 0.24074937387, -0.400908222994, 0.354386197606, -0.844797620547, -0.267286640486, 0.836780217572, 0.477866842644,  
1243, 966689.5724178326, 61.33845153731157, 113.02879640027022, 53.960421056953855, 37.83850697807031, 0.40425128297, -0.912275139579, -0.0658404884787, -0.837043153964, -0.339974790748, -0.428690914363, -0.368699957443, -0.228410182264, 0.901048905454,  
1246, 1273947.5194003854, 67.24928058476635, 134.01397333912624, 75.14027580699833, 30.20230296289337, 0.208625404551, 0.462134949452, 0.861920372813, -0.424892235186, -0.750964972447, 0.505488079619, 0.880875717144, -0.471680928863, 0.0396871804498,  
1269, 1363466.2607235597, 68.7889365477514, 133.5332126526122, 51.965244190182304, 46.90871284192043, 0.107348144721, 0.726737434986, 0.678475553292, 0.865405587286, 0.267642240929, -0.423604532985, 0.489437989249, -0.632629695367, 0.600191738714,  
1270, 2239598.3764183647, 81.16345230437885, 122.1223411237052, 90.44234762832015, 48.407715390876724, 0.184599967467, -0.554493070208, 0.811455659357, -0.0609118904265, 0.817603304755, 0.57255093892, 0.980924356725, 0.155120182906, -0.117154322324,  
1315, 1792158.5986476424, 75.35220122647061, 102.08304156218797, 94.56596665300293, 44.31996036731771, -0.571845646998, 0.528117869492, 0.62776115835, 0.36594242743, -0.52065858798, 0.771362933106, -0.734219787132, -0.670824977685, -0.104475611977,  
1375, 255378.6362387809, 39.35790605103326, 125.63568794800946, 60.30296993571512, 8.04718953162024, 0.54474024764, 0.0607338151045, 0.836402693865, -0.634856329606, 0.681520547818, 0.363987889443, 0.547919248942, 0.729274397332, -0.40980891893,  
1381, 1100928.5175733387, 64.0555607478078, 157.18713934115593, 68.22025004019457, 24.50982413465068, -0.592195331742, 0.652628200806, -0.472632119704, -0.139645389939, 0.49454608285, 0.857859742036, 0.793601823417, 0.574021431177, -0.201731362009,  
1387, 765037.913629588, 56.73679287041518, 90.90717529074955, 74.25185704481606, 27.05757468307094, -0.873799856258, -0.486197535872, -0.0092610645256, -0.476780813431, 0.852818261182, 0.213028329894, 0.0956758441202, -0.190559621918, 0.977002130676,  
1394, 478695.6277731755, 48.52776432687131, 101.67728199898772, 44.05948323577371, 25.509827631820368, -0.462414475812, -0.884559294859, 0.0610549460636, 0.0288886810632, 0.0537923056202, 0.99813417533, -0.886193148623, 0.463315488339, 0.000679410544587,  
1422, 2237538.748545828, 81.13856424394478, 136.99846831591879, 84.58144512811883, 46.09896161118371, 0.226594300911, -0.683270011939, -0.69411606636, -0.616479300086, -0.652347211093, 0.440904058435, -0.754061201336, 0.328001839878, -0.569039978979,  
1425, 1325955.817259105, 68.15224208388959, 113.64009887068069, 72.01295341294362, 38.681046756920864, -0.717174658874, -0.681893471943, -0.143811687951, -0.696315911782, 0.692756780948, 0.187702406616, 0.0283665237316, -0.234753776055, 0.971640882713,  
1437, 1315498.6225148314, 67.97260737843929, 141.28917048994407, 69.97207121758673, 31.766413405874143, -0.292665962783, -0.326523254441, 0.89873755821, 0.0892559916923, 0.926458845282, 0.365660191908, -0.952039916272, 0.187234004145, -0.241998813047,  
1444, 793780.7786313152, 57.43861900859668, 98.44744744708265, 62.41148665630778, 30.842031832625764, -0.103900197147, 0.93854233051, 0.329155043824, 0.97125992934, 0.0244889822981, 0.23675818762, 0.214146909135, 0.344294326976, -0.914112967702,  
1466, 1385908.4740677634, 69.1642991141182, 115.11619441428276, 74.12100515316043, 38.77646518754042, 0.74826333403, 0.561609665071, -0.353124010858, 0.315058386626, 0.167601100455, 0.934156348875, 0.583815207032, -0.810249625255, -0.0515300767772,  
1474, 883564.7075009366, 59.52735470866122, 152.09803479229754, 87.65925866689459, 15.820796883758637, -0.081667359377, 0.440056354019, 0.894248761643, -0.0659140944885, -0.897666270658, 0.435718485573, 0.994477639045, -0.0233596192226, 0.102315950026,  
1486, 654611.69476447, 53.86397296695775, 129.3569329295422, 58.679515585117265, 20.588225704420886, 0.369066298689, -0.723937178801, -0.582842198474, -0.392999128487, -0.689850122207, 0.60799547194, -0.842224288524, 0.00466583759742, -0.539107111601,  
1508, 2130607.153842394, 79.82487684915851, 97.85876248661624, 78.09912441094698, 66.55319161444709, 0.687783795823, -0.149783178231, -0.710294621775, 0.404483773616, 0.891582001321, 0.203652674427, 0.602782155579, -0.427371658442, 0.673800518311,  
1518, 3165550.2791336617, 91.08639951852626, 131.922700963048, 79.56675749493459, 71.99617304910039, 0.0719162130055, 0.973079946185, -0.218959988672, -0.416345656625, 0.228775255319, 0.879953508296, 0.906357739812, 0.0278801163207, 0.421590259135,  
1533, 1502661.351318472, 71.0543769630703, 128.0163428764168, 62.08969665824348, 45.13230898709258, -0.959622869783, 0.259709979587, -0.108049406717, 0.139040637596, 0.771862545645, 0.62039979991, 0.244523309495, 0.580326578, -0.776807192282,  
1582, 1211381.2782443154, 66.12983148785257, 121.91425842410703, 67.2946223022823, 35.24985922067243, 0.421133088299, 0.321913167486, -0.847949783029, -0.59862945794, 0.800997382246, 0.00677980254591, 0.681388064195, 0.504752519791, 0.53003320626,  
1590, 3324291.484999679, 92.58418955695745, 129.42755476113453, 87.45300892209602, 70.11468466146437, 0.199140513482, 0.047973500694, -0.978795994639, -0.783940947925, 0.607127904425, -0.129739345748, -0.588030310491, -0.793154619794, -0.158512154246,  
1603, 2958452.650958958, 89.05507448234985, 124.38304629972443, 88.14084211008043, 64.42250814516848, -0.520658121705, -0.232530949487, 0.821489183028, -0.816953194284, 0.415185250454, -0.40026077269, 0.247997174685, 0.879517234246, 0.406136474615,  
1606, 857358.5234670091, 58.93291911777706, 107.06525676603596, 84.17156500089736, 22.712236171111904, -0.147889283146, 0.988210529301, -0.0396069401666, 0.984257102207, 0.143142461424, -0.103673489824, 0.0967817993484, 0.054315610247, 0.993822467948,  
1621, 212954.33288964359, 37.04525800967334, 123.24261201922022, 51.6535497690969, 7.9861378916482355, -0.216578840728, -0.975933558806, -0.0254419839225, -0.957784081922, 0.207360002644, 0.199126798095, 0.189058874865, -0.0674945783028, 0.979643416624,  
1622, 1418394.1121511187, 69.70053369687658, 119.91837421005248, 71.24302389414703, 39.63512515092804, -0.896953509787, -0.439028209756, -0.0522363122578, 0.114325050607, -0.344440622637, 0.93182103447, -0.427088028495, 0.829828228319, 0.359139147686,  
1648, 3988153.0625252076, 98.37718760844946, 132.22938421355826, 89.62836345617649, 80.33591906682153, -0.0739347221275, -0.0696945345793, 0.994824772869, 0.981520191691, -0.181635725784, 0.0602210629425, -0.176498640694, -0.98089302932, -0.0818357798543,  
1670, 1694979.2708280864, 73.96482953030396, 96.6613524828615, 71.17691799370087, 58.81440876786625, -0.401234220716, -0.614642384895, 0.679136097419, -0.908532744378, 0.361375868155, -0.209703920585, 0.11653047893, 0.701157771551, 0.703419097604,  
1686, 3395685.3417716553, 93.24229266839478, 132.54513972617573, 88.64381495259097, 68.99642439481596, 0.256362630802, -0.790356957762, 0.556429762725, -0.632714526284, 0.297978223503, 0.714759614518, -0.730719186663, -0.535298848902, -0.423679846827,  
1690, 2710221.803430458, 86.49123037324148, 119.54246838159482, 91.7989641835238, 58.95983038799225, -0.0775799513379, -0.996940759779, -0.00951171073017, -0.779138484569, 0.0665779116967, -0.62330618763, 0.622032614108, -0.040945123821, -0.781920023929,  
1693, 553718.9148606093, 50.94093554068796, 102.464857233061, 79.77382181165525, 16.172062525985645, -0.251783588554, 0.737293536357, 0.62689972546, 0.962436888459, 0.258754935525, 0.0822260243165, 0.101588681793, -0.624054584622, 0.774748743235,  
1743, 1679483.8538647532, 73.73874489721143, 122.78952602806005, 79.58028699727431, 41.03178398383114, 0.0455316134999, 0.998566243653, 0.0281483429321, -0.682927112305, 0.0105500589867, 0.730410333671, 0.729066136541, -0.0524800275638, 0.682428322431,  
1747, 653516.8426947574, 53.83392666049578, 103.45035795602084, 52.672171692843406, 28.632215425977996, 0.589547795103, -0.770129323013, 0.243586171867, 0.543663239297, 0.601367177826, 0.585480827757, -0.597380682251, -0.212740083834, 0.773225696161,  
1754, 1586788.8408767015, 72.35638197576799, 97.08885916983161, 71.90146122188392, 54.2654506376253, -0.989325383296, 0.0892270543295, -0.115212059877, 0.145427816367, 0.654864659356, -0.741621890288, -0.00927556964834, 0.750460399157, 0.660850325796,  
1756, 1778827.1037660888, 75.16489289168283, 112.26091984462636, 94.82634664093729, 39.892156441141786, -0.35688513828, 0.517317249289, -0.777827655501, 0.934074445524, 0.187153641494, -0.304102687747, 0.011744287745, 0.835078665793, 0.550005176014,  
1780, 1550866.579849486, 71.80619971841844, 122.02802264739772, 61.93929139050347, 48.984651371597536, -0.850311614862, 0.0548780154822, -0.523410509111, 0.509016882628, -0.166878047978, -0.844424970203, 0.13368609064, 0.984449145726, -0.113964506095,  
1781, 744499.0851152943, 56.2244461941658, 120.88544091906569, 79.68228939931868, 18.451843252814047, -0.866491649069, 0.453531248008, 0.208570441756, 0.491214496243, 0.700259425415, 0.518020323731, -0.0888849862124, -0.551313109039, 0.829550067824,  
1813, 227846.25550802122, 37.889402973766984, 100.15395365061343, 38.93063604394103, 13.9506257790976, -0.502814503512, -0.475229987113, -0.722034649035, -0.863106615467, 0.23044947873, 0.449377356004, 0.0471650866074, -0.849146334327, 0.526047485978,  
1820, 1171819.4532876115, 65.40195011462455, 145.96990524961532, 78.41549698001015, 24.440318922905448, -0.82475173081, 0.541218605428, -0.163911572699, -0.0337987941399, 0.24215884381, 0.969647738036, 0.564484033468, 0.805258663724, -0.181428389334,  
1831, 520166.54675736773, 49.89050917301844, 102.69211597224178, 55.483725180864, 21.794709982698915, 0.58977135178, 0.0399537508081, 0.806581335276, -0.620671874434, 0.661411365171, 0.421071763847, 0.516658665761, 0.74895841261, -0.414879644324,  
1843, 695740.8936909363, 54.96922835313654, 106.40056840360747, 59.394817942442906, 26.282484558655867, 0.357231112587, -0.278749010142, -0.891451020273, 0.667812272208, -0.591046616005, 0.452427526569, -0.653002834059, -0.756943120091, -0.0249882303874,  
1861, 2587744.531171124, 85.16822510779605, 105.62550265546659, 89.93148579569895, 65.03576195832356, -0.539257370929, 0.72344663993, -0.431075917993, 0.304571012919, 0.64477235247, 0.701074255397, -0.785135648145, -0.246766230803, 0.568039119557,  
1863, 783370.5394432253, 57.186415469885084, 88.76932585676275, 53.40865002228387, 39.446102880696735, 0.177287288001, 0.983883711831, -0.0232821628297, -0.563445198078, 0.120867278859, 0.817264100315, 0.806906888232, -0.131772313078, 0.575792784976,  
1949, 2191631.086562017, 80.5798177650214, 119.76567300043828, 73.08971440066817, 59.77095824674478, -0.86811310194, 0.00991301078519, 0.496267442471, 0.491822959383, -0.117787785069, 0.862691262452, -0.0670061106397, -0.992989310066, -0.0973776731664,  
1959, 339727.08238223655, 43.28597324641968, 95.22921011398346, 50.98038203341127, 16.70583902799498, 0.294699848813, -0.530035674273, -0.795118974184, -0.893825431707, 0.141394525561, -0.425539288168, -0.337976473653, -0.836103924246, 0.432090420071,  
1963, 782912.8996122642, 57.175277326817934, 136.42995814732458, 50.278155387257534, 27.24807071407113, -0.498699172179, 0.167459514876, -0.850444852148, 0.866044243034, 0.0559822272721, -0.496823267709, 0.0355879863945, 0.984288220547, 0.172945639197,  
1972, 2929378.0190542955, 88.76237956258171, 118.24416053447413, 95.18742880827342, 62.133742163486204, 0.553878158174, -0.816328158479, -0.163790486816, -0.760546667293, -0.416009398958, -0.498502704956, -0.338803413158, -0.400680068948, 0.851274180027,  
1997, 565025.7393241015, 51.28533629116394, 80.34346797670656, 55.96955722834284, 29.996955430632298, -0.572704539514, 0.800019195571, -0.178826164581, 0.819740359819, 0.560477182795, -0.117860383716, -0.0059374155645, 0.214090201282, 0.97679585012,  
2016, 1189665.461023943, 65.73228777787509, 78.03855586772018, 70.91214395825331, 51.322334599339925, 0.406486857707, 0.246886160142, 0.879667925096, 0.584614606283, 0.669618595981, -0.458079357793, -0.702135454618, 0.70046995642, 0.127857903634,  
2047, 1047617.3957683198, 63.004470205051966, 118.93950822846199, 61.114703256243196, 34.406638628922394, -0.736753980857, -0.58933997127, -0.331469410286, -0.0310152878064, -0.460251341816, 0.887246726835, -0.675449201357, 0.663963177157, 0.320813459453,  
2105, 1520142.8862437666, 71.32885742954382, 103.42602393844886, 81.41512052002246, 43.09837571966787, 0.385455128229, 0.873228118902, -0.298155993534, 0.819557145711, -0.472460181479, -0.32420280972, -0.423969844489, -0.119390239445, -0.897772544518,  
2125, 809194.5423646953, 57.808022318774526, 106.94412517949581, 93.7634592145966, 19.265211538618747, 0.232390608627, 0.92340219969, 0.305488105546, -0.727433160953, -0.0434799665305, 0.684799597588, 0.645628067364, -0.381363173522, 0.661609045066,  
2165, 1943219.5352471324, 77.4124987783889, 118.40891516225993, 105.95203042451365, 36.977672566083044, 0.0843863930507, 0.980484545903, 0.177564050169, -0.990661296854, 0.0634023160601, 0.120707668498, 0.107094031505, -0.186091916973, 0.976678384553,  
2169, 866636.3972695139, 59.14473702598293, 137.57451161414957, 73.69620574070578, 20.40634416172625, -0.987152108086, -0.0955305612482, -0.128080550314, -0.016159999973, -0.737788318614, 0.674838685404, -0.158964052232, 0.668238212604, 0.726765520174,  
2172, 1999250.939047978, 78.14950528576875, 113.11181121932835, 99.38068290512429, 42.45890268621296, 0.818080109376, -0.323408405848, 0.475554347756, -0.22018858802, 0.587757755006, 0.778497146517, 0.531283276933, 0.741584671131, -0.409622088265,  
2175, 229000.65255809703, 37.95328487031437, 109.05104715480535, 69.51427274994076, 7.211810172360441, 0.45634589457, 0.342190587266, -0.821373256502, -0.219384808497, 0.937868678101, 0.268835727607, 0.86233330581, 0.0575147339748, 0.503063937354,  
2196, 3229126.5678979643, 91.69214929162531, 115.223537269321, 98.15604399494941, 68.16135390528032, -0.211218928828, -0.813907893402, 0.541239785273, 0.754717999279, -0.487676218845, -0.438831000657, 0.621117787275, 0.315793993976, 0.717277385465,  
2200, 1385348.7499729814, 69.15498677778326, 126.73288989853398, 72.74296297198349, 35.87485734956909, 0.324882262483, -0.677480623581, -0.659902659637, 0.660857741309, -0.336519918647, 0.670836336304, -0.676549008776, -0.654044607826, 0.33838896214,  
2215, 580989.2458025462, 51.76384102742682, 95.28216446839313, 86.36704574664158, 16.85465260642488, 0.452875609681, -0.890449353509, -0.0447619368499, -0.877657160482, -0.454080415529, 0.153391280354, -0.15691268531, -0.0301815352168, -0.987151196181,  
2221, 1016129.2043944399, 62.366797149880995, 105.78556071051086, 61.61426232526238, 37.217969753168276, -0.450461241238, 0.496204128929, -0.742203565457, -0.172333516719, 0.767364368053, 0.617618883826, 0.876005610232, 0.406119919577, -0.260155303166,  
2239, 1159510.5809164646, 65.17214807585876, 111.24961427118104, 61.693780604063875, 40.3316702934518, 0.438765074769, 0.870822315608, -0.221706345877, 0.742179560009, -0.212087916135, 0.63575798582, -0.506611004487, 0.443494318418, 0.739363293425,  
2266, 1647934.5186199355, 73.27409229258072, 123.9324636307658, 88.79856498250916, 35.74870474811799, -0.977916197562, 0.205513360141, -0.0380022282101, 0.207966419426, 0.938832018884, -0.274489359919, 0.0207335220473, 0.276330778454, 0.96083891571,  
2277, 993344.3274033563, 61.89711429411761, 107.29035154461933, 103.06453414839449, 21.44575271017404, 0.468093638897, -0.69534061152, 0.545334557125, 0.87049573351, 0.469032914929, -0.14914859253, -0.152070783403, 0.544526912727, 0.824842359576,  
2287, 2686534.5663106986, 86.23851599357337, 133.29468041948013, 79.57212068210049, 60.46862219350182, -0.940097084445, 0.265498124868, -0.213841571053, 0.0538318067906, 0.735014591601, 0.675911005023, 0.336629779426, 0.62391048703, -0.705277318349,  
2317, 2230702.1020240798, 81.0558421593011, 124.5114534117862, 72.29319788161246, 59.16246062606426, -0.11751500834, 0.607724395416, -0.785405170616, -0.123206834467, 0.775852433957, 0.618767384938, 0.98539854818, 0.169481739247, -0.0162985062592,  
2337, 1140683.0244237676, 64.81747711955764, 125.69972722317091, 62.86434463249584, 34.46177491702156, 0.619166044825, 0.551767778859, -0.558735829483, 0.466045180695, 0.314462829038, 0.826991546936, 0.632008938613, -0.772441225833, -0.0624440081005,  
2339, 325147.629164422, 42.657689374101636, 64.03542529110857, 47.55574052165651, 25.489935432855585, 0.385489246095, -0.5164326179, 0.764653772837, 0.450102054516, 0.828664293395, 0.332751603112, -0.805485059865, 0.215900069527, 0.551888556062,  
2350, 720265.1845758335, 55.60765800067818, 147.31670676159166, 46.36372412699482, 25.17523300392639, 0.589641187209, 0.753443829109, 0.29093928357, 0.612384823384, -0.182195298951, -0.769278688857, 0.526600511238, -0.631765201177, 0.568827418596,  
2365, 1032069.6974409344, 62.69123218122425, 145.14521979589807, 72.6718729010029, 23.35884297769117, -0.00373051159636, 0.729229288279, 0.684259255253, -0.288211796882, -0.656012076222, 0.697554382101, 0.957559420308, -0.194609354778, 0.212619744171,  
2367, 768090.0175770081, 56.81214286891625, 108.62313291773675, 69.8678877013388, 24.161482234991297, -0.158630676868, -0.983773867751, -0.0838169761308, -0.987039886753, 0.160096253674, -0.0110205044463, -0.0242604681565, -0.0809825085484, 0.996420224099,  
2408, 1707367.5970178265, 74.14459123549595, 113.11233127745399, 68.25125863883844, 52.79804083247706, -0.575716983192, 0.811285314461, 0.101814015754, 0.78523754416, 0.513880875656, 0.345439495246, -0.227929713958, -0.27882357177, 0.932901635394,  
2418, 1475021.2498788543, 70.61601772214274, 112.03473748440548, 62.89166114639429, 49.97627710826544, 0.394376715384, 0.918909037139, 0.00855498838083, -0.409017395364, 0.167190029679, 0.897079853896, 0.822904476019, -0.357286545282, 0.441785635697,  
2420, 881571.2148523728, 59.482552594185734, 85.810148352734, 61.87768955157161, 39.63656859070988, -0.861351909439, -0.460655256778, 0.214171946127, -0.494302411564, 0.857259193738, -0.144124254287, 0.117209274492, 0.230007411087, 0.966104847736,  
2422, 2051094.1213212973, 78.81925522950011, 115.94588458592733, 77.93419100384367, 54.189308703653424, -0.955578179624, -0.213381374784, -0.203319284677, -0.241764466488, 0.172903545188, 0.954805900068, 0.168583170483, -0.961547062268, 0.216810889194,  
2448, 1069254.2122075513, 63.43526914272354, 92.69836615182884, 60.50739964572563, 45.510519367750994, 0.90311039677, 0.271039513864, -0.333060344637, 0.216977736944, 0.381287612118, 0.898632526963, 0.370556706748, -0.883831057821, 0.285535266323,  
2458, 1369881.7684172885, 68.89665846077075, 109.75492304102359, 100.11013147602043, 29.764078078739583, 0.925828734017, -0.0703541161873, 0.371337385141, -0.150784561126, 0.832182561641, 0.533606784278, 0.346561930099, 0.550020438199, -0.759850212982,  
2467, 2593506.509659214, 85.2313912733941, 122.3661214434572, 94.43890787232846, 53.57801041158082, 0.347041948762, -0.186126565519, 0.919194640654, -0.313715321702, -0.946687428514, -0.0732503216527, -0.883823841457, 0.262944508026, 0.386931005439,  
2490, 251993.0571410058, 39.18320791854019, 115.14153826523311, 43.93399445472621, 11.89233810580621, -0.898497842526, -0.147386811673, 0.413495773523, -0.108262541034, 0.987254671843, 0.116650911411, -0.425418440109, 0.0600444890831, -0.903002663421,  
2499, 1208280.0372175914, 66.07335056233707, 147.61701320840226, 91.59787976638762, 21.333256545986135, -0.7261504917, 0.633627540448, -0.266873759276, 0.0878668449317, 0.470502292454, 0.87801310375, 0.681897998946, 0.614120291785, -0.397330323852,  
2500, 1991883.897885526, 78.05339608267944, 117.34524828222575, 79.16674367876273, 51.18787746287407, -0.810376521707, 0.31492978943, 0.494074003359, -0.0432640601145, -0.873121683515, 0.485578775152, 0.584309947005, 0.37212599144, 0.721182454256,  
2502, 1436952.5990596856, 70.0032082674887, 117.60192467924328, 79.83635464545334, 36.5374896005075, 0.187176705426, 0.130478872162, 0.973622177677, -0.317744436479, -0.92981519061, 0.18569379203, 0.92951780727, -0.3441205824, -0.132580808326,  
2514, 3322936.09888593, 92.5716049822746, 117.28241402057829, 94.22289775521564, 71.78670627797746, -0.561896745186, -0.751094465736, 0.346596525215, -0.805965118765, 0.59143746378, -0.0249390010135, 0.186258624186, 0.293357853106, 0.937682726159,  
2539, 894355.8317853565, 59.76871396839596, 112.42948299959835, 101.98340707279331, 18.621386037281688, -0.568548555474, -0.226734080949, 0.790787074126, 0.736916686067, 0.286903675909, 0.612078490511, -0.365658772443, 0.930740531666, 0.00396545705271,  
2559, 1854079.1578606733, 76.21022097322152, 126.96688041488926, 69.96913678412007, 49.82447113342167, -0.656679649927, -0.361405549627, 0.661934940966, -0.182627503065, 0.927781167587, 0.32537562938, -0.731723330567, 0.0927800289359, -0.675257605462,  
2604, 1059602.5915006234, 63.243825857190295, 125.70152564455269, 95.26637882131757, 21.123904538788246, 0.0290459369338, -0.174722567385, 0.984189188111, 0.844130069973, -0.523044057014, -0.11776815949, 0.535351061001, 0.83420437476, 0.132296268339,  
2607, 1126969.0198882995, 64.5566703705106, 110.79709526909133, 67.81242369064705, 35.80846682420899, -0.894255994549, 0.372555048979, 0.248009983053, 0.412991879455, 0.473371945913, 0.778046726313, -0.172464267946, -0.798199058069, 0.577177910162,  
2608, 971354.0944902697, 61.43695113400033, 119.66503474367067, 74.36385393908417, 26.05912358041707, -0.60668841809, -0.773523291484, 0.183278151691, -0.0746528948721, 0.284976386069, 0.95562304528, -0.791426628717, 0.566083189041, -0.230637625818,  
