# Void_ID, Void_Volume, r = (a*b*c)**(1/3.0), a, b, c, vector_a, vector_b, vector_c 

11, 1749595.6556664857, 74.75088878737341, 116.34902391410877, 94.84392947108303, 37.85095132051568, -0.94644748146, -0.230457656351, 0.226111550937, -0.16483503492, 0.947106512657, 0.275351892939, 0.277608674398, -0.223335000193, 0.934374069411,  
26, 1248662.1044440835, 66.80138098641909, 123.4764164653482, 73.1636480729909, 32.99718968258549, -0.950214724765, 0.286507426826, 0.122496821241, -0.0392034592951, -0.499928906047, 0.865178696963, 0.309119824049, 0.817303238261, 0.486271890107,  
37, 884308.3518768458, 59.54405024849849, 99.94838129776149, 83.23287917906852, 25.3772427816048, 0.860440453194, -0.379819939758, 0.339674903209, 0.153326480878, 0.828713671433, 0.538260755621, 0.485935403906, 0.411060170951, -0.771295221746,  
40, 474564.0675263554, 48.38774843876397, 94.49676473208393, 39.23188241259424, 30.559775234986873, -0.92079059143, -0.262596305664, -0.28842306944, 0.185495901788, -0.945270420884, 0.268430813846, -0.343126736284, 0.193667270477, 0.919106648432,  
41, 1649615.3205453772, 73.29899566624096, 109.53271756699019, 106.05492755636752, 33.90153459810486, -0.565313775199, -0.797707446017, -0.209959915552, 0.792413166057, -0.595883614843, 0.130399738574, -0.229132515871, -0.092658232929, 0.968975098773,  
60, 2246372.1382750436, 81.2451973995348, 126.02266424549656, 87.97915466160136, 48.368726505019865, 0.381739279704, 0.19927888627, -0.902531466387, -0.797453252593, 0.564680271684, -0.212613500746, -0.467272332008, -0.800889578068, -0.374476236205,  
61, 2762804.5293022, 87.0470083936168, 136.90608679739867, 78.85203026590764, 61.09784789011234, -0.807552080208, 0.582128210918, -0.0947965389925, -0.185582987502, -0.0982339988262, 0.977706007051, 0.559838005588, 0.807141144738, 0.187362162591,  
65, 825364.0651770934, 58.190530400259114, 109.3985626210057, 53.70703978852231, 33.53622044176073, 0.566513145714, -0.0635065220469, 0.821601958001, 0.743855147833, 0.468444627098, -0.476696077586, 0.354601712878, -0.881207440391, -0.312619692636,  
91, 263763.4690206795, 39.78402131503972, 107.97808435594565, 40.58934573075148, 14.367406101474327, 0.193592703496, 0.537019023842, -0.821055682147, 0.741763080738, 0.467620364325, 0.480748090921, -0.642113227716, 0.702098114868, 0.307812995,  
125, 941023.3811800735, 60.79071736348532, 110.23695897052988, 85.32024441549748, 23.885398420375942, -0.955134005598, 0.0122438053101, -0.295920801199, -0.0875636268929, -0.966153664469, 0.242651412272, 0.282933989821, -0.257676513993, -0.923878331568,  
133, 701714.6258883884, 55.126104806609625, 101.87146329550481, 63.25631429320601, 25.99653651119313, -0.154267700793, 0.97614004554, -0.152813899842, 0.519267637586, 0.211683861515, 0.827980110468, 0.84057277915, 0.048379275183, -0.539533918012,  
157, 142666.67052042796, 32.41489647450094, 133.24377005698838, 75.68109351855816, 3.37753303790499, 0.044792203028, -0.428504332979, 0.902428775675, -0.376076582523, -0.844114481211, -0.382148069063, 0.925505301241, -0.322265076029, -0.198960192364,  
164, 1297693.6612111363, 67.66454897352865, 91.11735736862708, 74.69793581469455, 45.51702382441469, -0.0985156614584, 0.773671015997, 0.625881636935, 0.896205849532, -0.204408708023, 0.393741228918, 0.432561833398, 0.599708461746, -0.673231031071,  
176, 3267483.798393249, 92.05377672694142, 146.37762335634196, 87.58676441795045, 60.84314557253958, -0.342605715488, 0.757762243751, 0.555353676193, -0.0817769053335, -0.612939350756, 0.785886690337, 0.935913383529, 0.223834166831, 0.271963976089,  
183, 2042607.4615704399, 78.7103967605844, 99.44657226654765, 76.85066340998749, 63.805610063422336, 0.345501969069, 0.721323257263, -0.600267563593, -0.60190775466, 0.661087415691, 0.447962591847, 0.719955168222, 0.206533743845, 0.662577066011,  
191, 1539162.9871884072, 71.62511527846459, 95.59285915632786, 72.20031148289611, 53.23919489399524, 0.937951136709, -0.296152663972, -0.180391975345, 0.269116180111, 0.293600487531, 0.917265084544, -0.218687326448, -0.908896228039, 0.355082384676,  
215, 709963.1463348431, 55.34126286808363, 132.98636635273925, 49.348480363889, 25.826543892478135, -0.214444114056, -0.595644480206, 0.774093905897, 0.146952549521, 0.763834526272, 0.628459835363, -0.965618283866, 0.248524585655, -0.0762683432976,  
223, 2134609.5948289754, 79.87483045124414, 127.16527367114307, 103.97970596975352, 38.540090722291694, -0.778808286384, 0.172722523783, -0.603012920954, -0.605233396714, -0.459452134182, 0.650074051088, 0.164773142722, -0.871246616162, -0.462362569055,  
235, 2168091.297669153, 80.2902824402445, 134.49167528828718, 103.05844823157335, 37.34306448912964, -0.239497847678, -0.882617537943, 0.404508421015, -0.808578440811, -0.0493057663632, -0.58631889485, 0.537439937121, -0.46749890173, -0.701856887741,  
240, 1650846.0699204572, 73.31722017105052, 97.76384225566791, 80.35851866567172, 50.16580514379015, 0.730603787629, 0.672037637841, 0.120762240898, -0.580429845359, 0.518126235134, 0.628208881728, -0.359609927725, 0.529065797222, -0.768615692067,  
268, 1647338.9279073821, 73.26526374044002, 114.65410834345832, 74.35740692665814, 46.12968559366177, -0.995158490978, -0.0910755181915, 0.0369435761613, -0.0782959671428, 0.961850365028, 0.262132822868, -0.0594080748939, 0.257971171416, -0.964324403588,  
279, 1581721.1520912342, 72.27927222597476, 113.94376082392289, 81.04516065183587, 40.89061815577776, -0.872642905261, 0.467398461236, -0.141538116178, 0.47594749318, 0.878888255849, -0.0320845362394, -0.109399925196, 0.0953630545023, 0.989412726926,  
320, 1160011.3512901752, 65.18152892564247, 102.94510895466107, 80.06823265158651, 33.59755470297645, 0.00498503943301, -0.874398305748, 0.485183215175, 0.864810526754, -0.239834013393, -0.441114949684, 0.50207360237, 0.421790527306, 0.754993277372,  
368, 1702590.0288424827, 74.07536932170981, 122.95303370219001, 64.70432085516872, 51.09153423054762, 0.424801397408, -0.353112833676, 0.833579689924, 0.641130083874, 0.76743047917, -0.0016356017515, -0.639136908895, 0.535127822426, 0.552396800636,  
379, 863428.5198962316, 59.071671534871776, 124.01263819920005, 58.8358060740918, 28.250759369067698, 0.402465539807, -0.700503537458, 0.589335459035, -0.721150359647, -0.639158916361, -0.267241535727, -0.563882654502, 0.317443969301, 0.762407816268,  
458, 2178022.8054633886, 80.41269258108345, 148.597505578169, 121.55905381038916, 28.785579923788504, -0.40373841822, -0.713554751192, 0.572568691691, 0.163256818718, 0.559606719813, 0.812519249176, 0.900190258109, -0.421520979539, 0.109442053222,  
469, 1394635.457763914, 69.30916995758734, 148.7829994892047, 66.5425201782802, 33.62943249175591, 0.0559706279121, 0.688445961334, 0.723124779781, 0.858324619354, -0.403162948012, 0.317393265779, 0.510045229977, 0.60291110097, -0.613475401059,  
474, 732378.6458998128, 55.91766413886372, 112.07506812442975, 62.582343522665795, 24.92793077942713, 0.775567908255, 0.28289317059, 0.564327806969, 0.328139761514, -0.944362797371, 0.0224322057612, 0.539276104235, 0.167780693095, -0.825245976922,  
488, 1498937.1195071044, 70.9956274454745, 137.4058713970417, 73.0664944639882, 35.64275316695784, 0.271866899138, -0.197121257996, -0.941929720732, 0.833136821443, 0.538084616352, 0.127859228846, -0.481634120374, 0.819517025626, -0.310516374447,  
497, 807907.1403582951, 57.777349156478024, 103.09943280588791, 66.46112912754555, 28.148084478500767, 0.262656952807, 0.0677292111513, -0.962509261825, 0.394117863641, 0.90299440734, 0.1710912326, 0.880728354659, -0.424280395812, 0.210484467429,  
508, 1787336.9877778788, 75.28456485688822, 143.3771489697922, 87.46578469900325, 34.02512243007925, 0.192815497906, -0.94632510565, 0.259405046565, 0.717904139972, -0.0441665198454, -0.694739493865, 0.668906443068, 0.320184498283, 0.670854721592,  
509, 576919.1417242497, 51.6426809390846, 125.09339378237408, 102.47317477216848, 10.744390219691109, -0.0144269505595, 0.954854312286, 0.29672395489, 0.668202550641, -0.211554117904, 0.713267275651, 0.743839508506, 0.208561975215, -0.634984006161,  
510, 2586296.0478843637, 85.15233124423965, 116.07288118016386, 83.82138761626813, 63.46057694182359, -0.172193131213, -0.712518636816, 0.680196087723, -0.969931440002, 0.00207230894669, -0.243369487061, -0.171995718725, 0.701650124867, 0.691451064801,  
570, 1466046.984952153, 70.47251324836934, 136.1868317132721, 105.4119996019122, 24.380023036573498, 0.702248013057, -0.0861701868017, 0.706698257436, -0.653150597999, 0.316983921127, 0.687688512395, 0.28327023227, 0.944508280881, -0.166319219743,  
575, 85910.05008226291, 27.372751472279724, 107.01089258579006, 55.612245751217436, 3.4463306551153936, 0.116863409188, 0.916876752984, 0.38168044675, -0.506672028653, -0.275497365855, 0.816936139969, 0.854181713088, -0.288856748657, 0.432360243063,  
584, 1666008.7587088905, 73.54100439418576, 150.85145493945532, 84.81156970798487, 31.08737603465411, 0.110395621922, -0.980672781355, -0.161535452979, 0.63412822712, 0.194648344419, -0.748327076608, 0.765306604068, -0.0198221573913, 0.643360617264,  
588, 1757112.0305285666, 74.85778072839032, 95.68260550665416, 82.32974905396367, 53.25017732753233, -0.198676863248, -0.792443777412, -0.576680469282, 0.132369067217, -0.604715561831, 0.785364577329, 0.971084926283, -0.0796991149286, -0.22503803462,  
603, 1183577.4341208301, 65.61996922347898, 112.85765069735054, 75.53613865701007, 33.145324961207706, -0.91759276262, 0.120557922545, -0.37879982748, 0.0723277149535, 0.987630420919, 0.139121721254, 0.390886458754, 0.1002593586, -0.914962205436,  
607, 1855003.5237266044, 76.22288393903705, 109.2047939196785, 77.53265560852682, 52.30338136814499, -0.395698384592, -0.530422979489, 0.74971611378, -0.884983022706, 0.438377322027, -0.156940667305, 0.245413605884, 0.725587201074, 0.642880529869,  
614, 901949.5222888573, 59.93739649324007, 109.80882083214927, 63.62484634030393, 30.81978815081182, 0.792360878335, -0.486444652128, 0.368151923667, -0.442352772065, -0.873707837194, -0.202382410978, -0.420105062491, 0.00249311905299, 0.907472049612,  
620, 3633313.337137915, 95.36845520615022, 119.33405231650673, 94.70296491647427, 76.75139527215231, 0.211799306444, 0.271244879035, 0.938918137745, 0.822780871702, -0.567950959568, -0.0215254427872, 0.527420791163, 0.777082957684, -0.343466717348,  
686, 807447.2038423996, 57.76638297991132, 145.14630698529075, 84.53458716868812, 15.710322459102802, -0.905937208038, 0.162558055415, -0.390963749869, 0.422275835119, 0.414477864183, -0.806158309004, -0.0309982929505, 0.895423351674, 0.444135257677,  
721, 373745.664769761, 44.685077774910184, 138.2210201742357, 30.938960410757062, 20.86448856650584, -0.0395027989557, -0.966401653613, 0.253983016694, -0.965988473987, 0.10194159493, 0.237642966121, 0.255549989235, 0.235957104401, 0.937559836962,  
727, 1219894.0985364614, 66.28437622594916, 111.42115911830979, 84.4312236637009, 30.957277867195458, -0.0815511544337, 0.99176150193, 0.0987852848333, 0.905789638999, 0.032399600885, 0.422487154531, 0.415805891122, 0.123933002673, -0.900969517662,  
730, 1124256.5755500817, 64.50483604174332, 122.86174310647746, 101.08535532555311, 21.610853159558793, -0.749409348414, 0.168950929315, 0.640188419134, 0.662085744862, 0.198962337409, 0.722534742932, 0.00530046797233, -0.965333917241, 0.260964237518,  
781, 2121998.6088007344, 79.71722308755417, 148.81657202328424, 106.43859110663949, 31.982033353049783, 0.400952663958, 0.47120817261, -0.785620658671, -0.38938347096, 0.863909702497, 0.319437847593, 0.829227033935, 0.17782824297, 0.529867570431,  
806, 988467.2254191474, 61.79564765090637, 79.14409378983527, 70.21141794653842, 42.46659204041614, 0.278732979592, 0.795802050295, 0.537593733998, 0.928014222272, -0.0791131663017, -0.364047675693, -0.247179144242, 0.600366724314, -0.760567069356,  
828, 1475805.7860475364, 70.62853528207118, 111.08590762630271, 77.58853973915824, 40.87747422375844, 0.612983176304, -0.0586617547703, 0.787915239156, -0.327064381247, 0.888944903115, 0.320633513135, -0.719222160454, -0.454241959481, 0.525722099744,  
830, 707396.8564320774, 55.27450203673792, 108.24777916042014, 57.79263643276665, 26.99498026395925, 0.782795918894, -0.279059915245, 0.556197908182, -0.302274159373, 0.610753430373, 0.731854206699, -0.543930953281, -0.741016741371, 0.393742691451,  
884, 816208.0166318946, 57.974553904887, 115.9834362663151, 97.34743993488698, 17.258050693292635, -0.18225580492, 0.504554652902, 0.843923825833, -0.341981414808, -0.837240928353, 0.426704042419, 0.921863077414, -0.210836975235, 0.325140333357,  
918, 936756.5282500389, 60.69869765856677, 90.07272373606334, 73.95696788440223, 33.57111191875482, -0.366891726595, -0.534622058195, 0.761294762788, 0.877115785591, 0.0738457113526, 0.474567918829, -0.309932830825, 0.841858697055, 0.441832066028,  
946, 755582.9281345838, 56.50208955570664, 102.97305473329878, 45.949933611091524, 38.122822128552706, 0.00143779910539, 0.292515552963, 0.9562596844, -0.970331135492, 0.231608797666, -0.069389137035, 0.24177555755, 0.92778877775, -0.284169955578,  
968, 1028251.9910128117, 62.61383675045469, 93.31711353472038, 78.9991748295592, 33.29868614297595, 0.726296235942, 0.0661939164773, -0.684187213472, 0.588755986129, 0.453809794525, 0.668896897279, -0.354767764113, 0.888636616292, -0.290628281026,  
999, 1082199.5739018328, 63.69024454897534, 134.64682846992042, 67.77465276048726, 28.311007173839158, 0.295716645272, -0.457907081886, -0.838375077198, -0.67152096233, -0.723838228053, 0.158486014397, -0.679419798696, 0.516119486134, -0.521545216806,  
1002, 519117.75928531983, 49.85695597915927, 98.1213311284643, 72.6434555843489, 17.386707621025643, -0.0690744633667, 0.985460490426, -0.155229959478, 0.468715133049, 0.169416263724, 0.866951125287, 0.880644560854, -0.0128744473657, -0.473602582387,  
1013, 333050.73607063555, 43.00054198326309, 105.90518552733899, 81.8967664643364, 9.167223259563018, -0.97760669777, -0.0172892225428, -0.20972893758, -0.0458490986927, -0.955178929816, 0.292456957834, -0.205385015578, 0.295523763546, 0.932996624086,  
1045, 1922655.974996897, 77.13846471758877, 140.07094434248435, 86.17952511942846, 38.02426424477021, -0.412232846532, 0.488617528845, 0.768971384868, 0.907261398113, 0.142977033687, 0.395517791423, -0.0833116782606, -0.860703478757, 0.502243651947,  
1055, 1902852.2845837253, 76.87270362916811, 103.72352398197887, 93.13379089385857, 47.02533765337613, -0.327878578211, -0.536532275717, 0.7775787774, 0.909162762487, 0.0444853258697, 0.414058120424, -0.256746390932, 0.842706457134, 0.473209380557,  
1061, 1375955.0161414838, 68.99832408143328, 115.61264782432184, 80.4572725796003, 35.313842231473146, 0.28452684862, -0.272927215573, -0.918996848425, -0.0388217301713, -0.961112322056, 0.273415393968, 0.957881697122, 0.0421169727321, 0.284057766883,  
1086, 1405817.4902392973, 69.49391482597842, 134.64136256284758, 85.74665030341899, 29.06997588984697, -0.881709711901, 0.420956044998, 0.213035189863, -0.135603132678, -0.658606710318, 0.740168218402, 0.451884691429, 0.623725267489, 0.637782891231,  
1148, 2547090.7879515095, 84.7198682943702, 121.92206157576476, 100.64087053601584, 49.556329690472396, -0.747220482762, 0.388976737268, -0.538849374135, -0.574048854993, 0.0307692450308, 0.818242730271, -0.334857375941, -0.920733594166, -0.200300240521,  
1185, 1297107.5871189146, 67.6543610501951, 128.396860332716, 66.13303343155536, 36.468218024400386, -0.745839575239, -0.665929737089, -0.0161528098921, 0.158110008468, -0.200534590413, 0.966843887745, -0.647089293088, 0.71855651365, 0.254856790105,  
1186, 1125480.4637490795, 64.52823463804958, 113.2789677175168, 90.40924731295085, 26.235371311948523, -0.96144207859, 0.162234511601, 0.222056508037, 0.271552095395, 0.43245689225, 0.859790960543, -0.0434578991927, -0.886939118311, 0.459837374956,  
1202, 645793.4046622425, 53.62101106586714, 112.6533233342918, 55.13143414081756, 24.82342471600457, 0.793351296948, -0.303665569915, -0.527618177548, -0.45497846869, -0.871604533432, -0.18248323301, 0.40446052052, -0.384828220053, 0.829649883018,  
1212, 2916712.3127893624, 88.63426790581426, 113.8148662470198, 83.95928199685989, 72.86807177251389, 0.741974990485, 0.658943275682, 0.123559187952, 0.387699428639, -0.572081785582, 0.722780453277, 0.54695728035, -0.488381193371, -0.679942308901,  
1215, 320557.78256401775, 42.456016034588565, 103.32933988625187, 45.82721312062273, 16.161088688991576, 0.0932963460307, -0.994213239166, -0.0532524824207, -0.847153586747, -0.0511683332887, -0.528878627031, -0.523093292137, -0.0944554748816, 0.847025130079,  
1226, 1211658.48838315, 66.13487544385343, 116.85130366633084, 84.10761938159615, 29.432199400238396, -0.770123651831, -0.0195507588358, -0.63759495663, -0.321514019596, 0.875180754287, 0.361507098864, -0.550943096966, -0.48340088452, 0.680283241563,  
1227, 2844005.9288300094, 87.8915849215437, 136.94906211007947, 81.43815747764698, 60.87723046133366, 0.879909679097, 0.332226601766, -0.339682854603, 0.370777122537, -0.927171773764, 0.0536360637882, 0.297125027615, 0.173141523081, 0.939009441353,  
1240, 3211470.0892859837, 91.52472318882975, 129.35779727454187, 90.09973028058842, 65.78080282619956, -0.827736800512, -0.187428746611, 0.528887751817, -0.559945395177, 0.336777125383, -0.756995589313, 0.036234562212, 0.922741368295, 0.383712683839,  
1247, 485592.10228617606, 48.759697406601326, 110.32912308979377, 52.60947205876394, 19.972337458977975, -0.301195440793, -0.641459054626, -0.705557643062, 0.0512671950023, -0.749740739672, 0.659742751376, -0.952183270785, 0.162539547538, 0.258704299005,  
1270, 573154.5020882637, 51.53010565691157, 98.61646020149921, 68.52831078945233, 20.247138912162224, -0.248841734146, -0.12161106094, 0.960879046084, 0.952634190737, -0.209812027622, 0.220152246649, -0.174831032676, -0.970149299295, -0.168060843421,  
1283, 2538137.2503685434, 84.62048261114569, 131.86765409708065, 95.24155178569667, 48.246048670540524, 0.665041225626, -0.745199296315, 0.0489711852971, -0.548336775506, -0.442732730518, 0.709446622345, 0.506997977161, 0.498663953079, 0.703055696979,  
1284, 340665.6840138571, 43.32580024133911, 85.57327643027207, 67.1319069141914, 14.15704572510893, -0.653157315767, 0.586146196833, 0.4793935302, -0.580632375458, -0.794064790916, 0.179797531679, -0.486057162718, 0.160915331047, -0.858984686013,  
1327, 2424328.17678811, 83.3363099861496, 129.40151090581924, 90.42130536332262, 49.46439255994144, 0.688765938499, -0.629506691161, -0.359614804683, -0.421262978275, -0.751209798178, 0.508154840828, -0.590033037295, -0.198507342193, -0.782595585214,  
1339, 1214668.6684808596, 66.18959747853567, 88.10625371284941, 73.57550696081475, 44.73312323876926, -0.404316429947, 0.273948580224, -0.872628443192, -0.88321623776, -0.364805074391, 0.294697022474, 0.237607453231, -0.889870458602, -0.38945251967,  
1342, 792802.0788354403, 57.415002797114006, 124.99464298787139, 39.92594332445409, 37.92534887673891, 0.205958499524, 0.186406016631, 0.960642437871, 0.725881877007, 0.629255098439, -0.277729223743, 0.656259550107, -0.75451363013, 0.00570831334509,  
1366, 705852.5265102725, 55.23424916663911, 119.96365388159087, 57.2756427282128, 24.524813176302732, 0.299651042162, 0.741466490078, -0.600363803892, 0.865737094883, 0.0530934459483, 0.497674962742, -0.400884690995, 0.668886036698, 0.626005538663,  
1370, 98833.22997796178, 28.68169367572307, 135.02889081995826, 71.53506566168312, 2.4426919387787724, 0.187925619152, 0.628230948954, -0.754989957842, 0.643355866766, -0.659559049797, -0.388683789896, -0.742143645371, -0.412683576856, -0.528124109494,  
1392, 2033790.7785541175, 78.59698526640585, 117.7977394768287, 77.95185758693681, 52.875469813322226, -0.581981412894, -0.0821860339511, 0.809038374164, -0.803333918536, -0.0964154095321, -0.587672259116, -0.126302218412, 0.991942299042, 0.00991085243861,  
1396, 1335487.0951991437, 68.3151504050769, 102.3211928948118, 84.95987530057178, 36.67512692626442, -0.942522133647, -0.326914587379, -0.0691294448477, 0.170233694429, -0.647814458143, 0.742534118476, 0.287528288813, -0.688086680862, -0.666231343269,  
1397, 2895766.359421206, 88.42158652669717, 135.4305241104999, 93.59526163006217, 54.538663038874134, -0.965408773815, 0.259480076641, 0.0256122874128, -0.158006998997, -0.660338871005, 0.734156906735, 0.20741187938, 0.704714598448, 0.67849660797,  
1401, 889652.2070003714, 59.66375056666933, 97.01376242879583, 85.85413645760576, 25.499817892478585, 0.279522239846, -0.92554388461, -0.255413067584, -0.472461359268, -0.364171602535, 0.802595357516, -0.835851411096, -0.103670446937, -0.539077783814,  
1405, 349002.88141877786, 43.67639661785133, 120.72735717100988, 51.4558409501357, 13.412200258738062, 0.0225232482477, -0.224363958411, 0.974245101324, -0.356141377446, -0.912363952195, -0.201879513587, 0.934160597841, -0.342422009955, -0.100454688985,  
1412, 281885.6161699396, 40.67505062143188, 74.47856731843973, 48.233715224266135, 18.732781929126688, 0.783793880937, 0.0437124683324, -0.619480727963, 0.303918086193, -0.896904324733, 0.321242010266, -0.541572662798, -0.440058919223, -0.71627313123,  
1438, 2532058.6210909784, 84.55287558687098, 120.08196581332352, 106.81835666722064, 47.12609620058485, 0.516800011065, 0.311612882928, 0.797380185204, -0.80088396224, 0.505074846587, 0.321689723758, -0.302494012485, -0.804858254936, 0.510588446669,  
1450, 1504105.963943355, 71.07713950454178, 130.39969338628163, 90.09512904521958, 30.564123234722906, 0.600981998792, 0.307925133262, -0.737565420443, 0.401517129509, 0.681599680074, 0.611723688305, 0.691089452849, -0.663780075348, 0.285991922496,  
1499, 1963651.0630523437, 77.68286528977524, 128.9426097509282, 86.37650599024661, 42.09045488657941, 0.515345500618, -0.121456223099, 0.848332128864, 0.623063898151, 0.732762053797, -0.273589384545, 0.588396459722, -0.669558181479, -0.453300615267,  
1540, 1245723.0747506777, 66.74892871741726, 123.8972212508789, 84.68695271725247, 28.343588069890433, -0.450087587157, 0.756228104257, 0.474910747636, 0.883198114338, 0.298462203351, 0.361775350183, -0.131841779102, -0.582270871248, 0.802233368653,  
1542, 1310311.9148247615, 67.88315627516029, 146.85118591351858, 59.216403722714375, 35.972166431741705, 0.444746049081, -0.887509300839, -0.120532952968, 0.449075047462, 0.104526641916, 0.887358880542, -0.774940354849, -0.448777697812, 0.445046092414,  
1568, 3410418.1832902906, 93.37694805552883, 127.20867608429418, 115.72955883765388, 55.30418485649765, 0.151907383304, 0.915920638688, 0.371501723447, -0.943538213995, 0.0224341742584, 0.330503171779, 0.294380341783, -0.400731944636, 0.867614040297,  
1572, 2189384.8824336915, 80.55227958567161, 110.0932051794413, 106.25338000170589, 44.6817563304563, 0.916385345617, 0.00454965723946, -0.400271406621, 0.378608588375, 0.314823559221, 0.870368693927, -0.129974748116, 0.949139308626, -0.28677715682,  
1602, 951843.0789054544, 61.022816563875956, 120.49154772730643, 76.04560270810414, 24.799678904917872, -0.995312857808, -0.0810402870241, -0.0527710807366, -0.0552073753707, 0.0281207235976, 0.998078839876, -0.0794006346809, 0.996314055298, -0.0324629393134,  
1619, 2309891.263732303, 82.00386254568092, 132.65195190304377, 109.65031430933675, 37.91223619049173, -0.523062201366, 0.829620971446, 0.195281789319, 0.851875897762, 0.501716790424, 0.150292105644, -0.0267093301199, -0.244967969219, 0.969163198714,  
1622, 2439420.7937767673, 83.50888864779995, 118.77676905388428, 88.95577834860235, 55.1178718357988, 0.55414944193, 0.450441190343, 0.700015092731, 0.401990530724, -0.881193841267, 0.248799170661, 0.728918383098, 0.143527517068, -0.669386168536,  
1623, 938691.2289607066, 60.740456307163214, 143.3448669474058, 59.906044853381665, 26.096445479491955, -0.568752420107, -0.489814470765, 0.660759009664, -0.818021373206, 0.253050003898, -0.516533375984, -0.0858004522195, 0.8342946001, 0.544601508116,  
1628, 1286143.6562611873, 67.46320303552558, 111.66594741946663, 70.04818069566556, 39.25394010425081, 0.87398718067, -0.334923018043, -0.352097969335, 0.18269296568, -0.444944144554, 0.876725720233, -0.450299553981, -0.830572862675, -0.327687399014,  
1649, 1905086.7983099883, 76.9027823201778, 89.81425483103493, 77.73422575348842, 65.1431282294997, -0.267655408584, 0.243288603864, -0.932293536117, 0.945081925191, -0.122069511138, -0.303181775719, 0.187565287123, 0.962242012012, 0.197255097237,  
1680, 869533.3935849549, 59.21056683208014, 143.13044052053198, 65.47840248187362, 22.149685951266132, 0.535595831526, -0.674270899292, 0.508424881, -0.617212099278, -0.723467755763, -0.309263044793, -0.576356078962, 0.148165990491, 0.803654471465,  
1693, 1840968.9915360697, 76.03016880653115, 112.33710258746864, 92.5346766072694, 42.27952839786532, -0.11013218763, -0.57007697023, 0.814176362504, 0.442993014772, -0.761449570167, -0.473235396981, 0.889734842586, 0.308555991848, 0.336400222627,  
1697, 837210.6832147824, 58.46761574447169, 93.47474342539891, 66.58198562017634, 32.11405359526918, 0.600077888334, 0.00894820276499, -0.799891528646, 0.487101734747, 0.789093359009, 0.374250679057, 0.634537964143, -0.614208108409, 0.469158791483,  
1709, 2134902.544766923, 79.8784842429157, 98.14188730512332, 74.944810384224, 69.29365589572814, -0.58684087798, 0.731195473761, -0.347808802481, 0.134677606302, 0.511713061993, 0.848535022581, 0.798423275144, 0.45111298068, -0.398769798718,  
1719, 326995.42284516845, 42.73834377719366, 137.13425230296787, 48.97809855913518, 11.6226510895151, -0.436577137528, -0.135159066838, -0.889456255045, 0.00311553549164, -0.988871918961, 0.148736751776, -0.899661434333, 0.0621639328048, 0.432139964632,  
1738, 1762251.5741276932, 74.93069588949783, 115.376111998252, 111.87292914276811, 32.59405460684748, 0.906191699713, 0.251154781498, -0.34020270296, 0.402696137612, -0.26703430263, 0.875516134615, -0.12904427195, 0.93038376864, 0.343123329034,  
1755, 1367747.8128365662, 68.86086490531558, 109.44097229830393, 60.74625149315022, 49.11543480527981, 0.82331264157, -0.567059298834, -0.0244958330631, 0.36055636806, 0.489184988099, 0.794164436921, -0.438355334954, -0.662677749004, 0.60720902603,  
1759, 1809162.8276107323, 75.58976853995522, 96.65425105196921, 77.16155232599526, 57.911808890184204, -0.995001876792, 0.0670466651604, -0.0740000666992, -0.0839999561714, -0.161289742377, 0.983325798689, 0.0539932638745, 0.984627017553, 0.166115513307,  
1762, 1156812.1223317692, 65.12155174433983, 142.61572811980255, 51.6252103830011, 37.50981857860048, 0.0361335382175, -0.630935980463, 0.774993003822, 0.469982030873, 0.695116488993, 0.543994446099, -0.881936085027, 0.344576341741, 0.32164559167,  
1793, 636563.3136658747, 53.36432234390212, 121.83736726122227, 76.59166554177308, 16.285120517807204, -0.504077770434, 0.859765030491, 0.0819127200032, 0.86363811234, 0.501145818551, 0.0546084193366, -0.00590019220029, -0.0982698371463, 0.995142314867,  
1801, 2094291.1907734214, 79.36873995096687, 123.01119537702286, 100.57383030841176, 40.41278938271462, -0.976571181658, -0.214963743517, -0.0099657477267, 0.0612314214603, -0.321971290535, 0.944767273511, 0.206299394523, -0.922022275785, -0.327590419236,  
1810, 3318288.698881339, 92.52842850767836, 123.27020123237031, 98.0527216257135, 65.54020582772684, -0.226602762398, 0.0841176547637, 0.970348086117, -0.593644578961, -0.801752571916, -0.0691297858828, 0.772164038235, -0.591706881474, 0.231615337301,  
1813, 318481.9616330871, 42.3641740284235, 109.7828721608164, 71.25113186635636, 9.720080770792084, 0.74358203691, -0.52217619262, -0.417633545403, 0.360234419012, -0.213347374111, 0.908137688525, -0.563308900821, -0.825720849816, 0.0294645623594,  
1816, 1464477.0239965287, 70.44734838606983, 125.62387819731966, 57.89767604976939, 48.06850604712288, -0.857305923401, 0.408647003381, -0.313104104618, -0.204663126904, 0.287526898567, 0.93565019483, 0.47237650046, 0.866219319357, -0.162863539767,  
1817, 555847.3457847559, 51.006122426494045, 117.21222730575552, 56.43350323508448, 20.06120414527749, 0.429791886559, 0.748511392612, -0.504984781334, 0.83686240443, -0.120226224467, 0.534047723525, -0.339028391583, 0.652132156914, 0.678073299592,  
1821, 1707268.4167850125, 74.1431555321304, 113.14921276292313, 74.51525666320263, 48.34109221356977, -0.684601191495, 0.471435929732, 0.55594008019, 0.7180004893, 0.304634255508, 0.625838052324, -0.125684151623, -0.827614725902, 0.547044202511,  
1827, 2458910.4831329174, 83.73069635228404, 121.62488881399446, 88.5487173123697, 54.506635877019455, 0.661039821509, -0.150930409616, 0.735014534436, -0.699115441905, 0.231872618216, 0.676367272872, 0.272514134072, 0.960965712383, -0.0477592541425,  
1828, 481777.6530492306, 48.631688370913714, 124.34803181109446, 37.754959783149125, 24.4988170623292, 0.280931783049, 0.583372305684, -0.762072231638, 0.821065637633, -0.557228863824, -0.123883865049, 0.496919059778, 0.590908407693, 0.635530252425,  
1831, 1084480.6078127176, 63.73496139486164, 81.53056895999578, 65.42950337967838, 48.53321755876295, 0.456272422711, 0.301999390618, -0.837025593599, 0.642337282346, -0.762748996557, 0.0749452063814, -0.615807024953, -0.571848175933, -0.542006800419,  
1834, 1246196.0005610543, 66.75737449426667, 125.10496234959399, 67.21871612405236, 35.37797690545372, -0.444362561896, -0.576308231938, -0.68586495419, -0.889789797553, 0.195050298831, 0.412588774806, 0.104000143053, -0.79361464372, 0.599466235511,  
1841, 300026.0969108104, 41.52951006418396, 138.03695801383452, 38.25493517294369, 13.563993488164966, -0.895305773551, -0.429755096661, 0.117209763845, -0.225124796551, 0.663578968546, 0.713429589015, -0.384377936184, 0.612350805827, -0.690854610448,  
1850, 2145576.0295890793, 80.01138100233703, 122.2274860276187, 65.15781351586647, 64.31613196361702, -0.889070356545, -0.453028564122, 0.0657192605072, -0.42239079324, 0.756516522853, -0.499268232954, -0.176465064244, 0.471643796461, 0.863951509265,  
1860, 1275693.6868561509, 67.27999218319646, 115.4809291779499, 89.91127795318272, 29.3314381109555, -0.0363958257691, 0.413896703684, -0.909595988638, -0.0453527668065, -0.90994533728, -0.412240960732, 0.99830780344, -0.0262488445792, -0.0518895726392,  
1872, 2071822.8772133195, 79.0838866542051, 131.93607229083975, 88.42788684858942, 42.394665896840024, -0.972591815367, -0.148720573169, 0.178738221423, -0.222252036841, 0.368704460261, -0.902585759418, -0.0683314920172, 0.917572456049, 0.391652390646,  
1901, 2470602.530978471, 83.86319890054523, 112.32272692895295, 87.62922250711065, 59.92356955505513, 0.221148273021, 0.548320422972, 0.806497461305, -0.297432060328, -0.749652983117, 0.591231405113, 0.92877748187, -0.370628005762, -0.00269638945697,  
1904, 1126496.0300938706, 64.54763761139891, 121.26123812745404, 63.94887127477215, 34.6805658320523, -0.932884734238, 0.343265162152, -0.109064664663, -0.00457848670844, 0.291483762228, 0.956564819454, 0.360145956641, 0.892864068495, -0.270349117079,  
1910, 945808.7221970059, 60.893588556770766, 118.99967737269708, 103.29697193654631, 18.36882305890919, 0.613799982471, 0.785686528612, 0.0771119982672, 0.410156690395, -0.400828107658, 0.819212010065, -0.674552496728, 0.471204315419, 0.568282871718,  
1924, 925054.9293753301, 60.4448963888335, 125.52111623319178, 90.68475642739173, 19.401165879326086, -0.0280443293943, -0.835190254871, 0.549245622428, 0.996873806949, -0.0639698030113, -0.0463732392838, 0.0738656118082, 0.546228068183, 0.834373279127,  
1940, 403555.5514686105, 45.84284607573697, 85.24529502190312, 53.21844037821125, 21.23646154818424, -0.224903703674, 0.629367537417, 0.743851347326, -0.646031256913, 0.475175671527, -0.597370652343, -0.729425759872, -0.614902093048, 0.299722332835,  
1942, 2770953.270206487, 87.13250452391019, 135.83100048490417, 87.70663244954692, 55.52764522655576, -0.475503104328, 0.172716533074, 0.862592486043, 0.879505510041, 0.0719859855565, 0.470412665318, -0.0191534744264, -0.982337527068, 0.186134702114,  
1943, 1696656.2643809393, 73.9892148152089, 115.6797197174487, 84.75697613955717, 41.31165311130471, -0.309382504297, 0.692740501666, -0.651454575075, -0.781870199732, -0.575237920025, -0.24037538588, -0.54125914016, 0.434984979875, 0.719601702664,  
1947, 1465532.5981918746, 70.4642701364207, 117.31055999597403, 91.01540631727545, 32.76837111201361, -0.135204291956, 0.669833000383, 0.730098316006, 0.36627537111, -0.650878137363, 0.664981204863, 0.920631387666, 0.357325344609, -0.157341813085,  
1956, 1222927.798108255, 66.33927728187777, 132.63902808517855, 56.71189134606654, 38.81206459093317, 0.351946776275, -0.731676370832, 0.583766353121, -0.774096573948, -0.578140549242, -0.257930222201, -0.52622044893, 0.361113823729, 0.769862874439,  
1960, 1552703.4059284213, 71.83453730817908, 105.71351023039125, 76.56130137343716, 45.799432383702865, -0.700088814932, -0.664208424273, 0.262112228505, -0.713890564443, 0.658961661655, -0.236917265028, 0.0153594663485, 0.352982574065, 0.935503815706,  
1995, 1377236.8802084166, 69.01974411803523, 118.78534780288184, 64.5249865316839, 42.89722891131732, -0.0377340707342, 0.968924544893, 0.24446137979, 0.521795047004, -0.189531042831, 0.831749909964, 0.85223592322, 0.158944047094, -0.49842825067,  
2003, 1460645.016197888, 70.38584962008379, 121.73312554859113, 57.799441433624146, 49.55912814602807, 0.6365793732, -0.501074679902, 0.586251538828, -0.475653765997, 0.343274045727, 0.809886673815, -0.607058643386, -0.794409903445, -0.0198168816764,  
2007, 3283922.380994478, 92.207891544518, 114.68685688346687, 89.0863726054527, 76.73249996279073, -0.751629342154, 0.650661960227, 0.108131149654, -0.144882241933, -0.322800681895, 0.935312170209, 0.643476858935, 0.687341787818, 0.336895827718,  
2012, 1688794.3705312964, 73.87475514460513, 133.60270340361836, 74.2759205494476, 40.6279467242416, -0.798743344918, -0.349762540474, -0.489566373673, -0.0415205013383, -0.779694603873, 0.62478186006, -0.600237550407, 0.519367394022, 0.608253559882,  
2016, 1870344.6764820388, 76.4324321624366, 103.27684712146977, 79.61661592613186, 54.30331637242521, 0.276482033321, -0.452577605308, 0.847780158074, -0.775918162432, 0.415367404812, 0.474785134801, -0.567017363455, -0.789077581859, -0.236321559211,  
2033, 3545538.9944718094, 94.5942095059691, 132.45830354576907, 97.14204322724792, 65.78202439001907, -0.280500922065, -0.952871324499, -0.115565875881, -0.0119318556437, -0.116928642717, 0.993068639789, -0.959779591126, 0.279935584483, 0.0214290690069,  
2034, 142728.7594427228, 32.419598142820455, 77.60245110807315, 61.09416854170129, 7.1870006512914015, -0.568865973266, -0.405307504536, 0.715623735791, -0.817881940858, 0.187411433827, -0.544009269489, -0.0863749690559, 0.894764092506, 0.438105676159,  
2041, 1290619.0518294687, 67.54136304289474, 89.18748548676488, 71.63394815042112, 48.22660104774968, -0.533684007114, -0.79070389723, 0.299947874566, -0.845131310458, 0.485841184921, -0.222960559559, -0.0305687525782, 0.372485825155, 0.927534291239,  
2042, 2625560.214734885, 85.58108559226612, 110.20297118493693, 102.92733567106991, 55.259803834640714, -0.547744967, 0.535814288857, 0.642556222429, -0.779023756795, -0.0465436589189, -0.62526448337, -0.305118726852, -0.843052036158, 0.442906115169,  
2044, 2839395.1416385137, 87.84406174444698, 129.59384163399557, 74.06185397436896, 70.62497092191391, 0.409132476283, 0.775421789465, 0.480969505555, 0.593238283787, -0.626542602948, 0.505482645935, 0.693310143803, 0.0785201573796, -0.716348818234,  
2048, 2550155.1250312775, 84.75382941771811, 102.7142121272539, 86.6085825521341, 68.4362997356088, 0.035391122499, -0.961688221553, 0.271851490662, 0.546501985184, -0.209122381261, -0.810927499747, 0.836709656116, 0.177267013803, 0.518163446394,  
2056, 577348.6821779119, 51.65549447219781, 156.04091745436335, 44.59561210353643, 19.807011109286695, 0.516658044007, -0.37062559297, 0.771816775795, -0.497583399028, 0.603617937044, 0.622941527827, -0.696760523118, -0.705890966024, 0.127446920364,  
2058, 1375994.076887393, 68.9989769856515, 116.88634871101132, 82.12830975964944, 34.2193123377948, 0.761824613036, -0.481315091272, 0.433542433778, 0.22412731241, 0.823783338942, 0.520718694032, -0.607774799416, -0.299527617083, 0.735454281244,  
2060, 3260131.304035137, 91.98467838141042, 132.4605595043303, 95.28224232156657, 61.66630526053882, -0.19520334379, -0.471970701543, -0.859732116102, -0.96759925653, -0.0504618958528, 0.247397000445, 0.160147848364, -0.880168878086, 0.446828169113,  
2086, 2825335.2337264754, 87.69882850808384, 108.91078784812369, 84.49797832396615, 73.2932801067837, 0.494391624184, -0.384000056272, -0.779821055576, 0.515653542529, -0.592660463484, 0.618752777044, -0.699770209436, -0.708023680258, -0.0949953797837,  
2095, 3125337.6636457006, 90.69905847895141, 111.57472604427008, 108.11697637293649, 61.85126916496716, 0.100595438173, -0.993977979809, 0.043454959136, 0.592568381688, 0.0247715611213, -0.805139169823, 0.79921415831, 0.10674336239, 0.591491828974,  
2101, 2750842.9397225245, 86.92120303164344, 135.2182834802252, 81.93683598606292, 59.27377367611181, 0.277994199603, 0.864763556934, 0.418214317769, 0.831089483284, -0.434840949271, 0.34670393654, -0.481673640303, -0.251191837919, 0.839579159342,  
2107, 1270792.9081914858, 67.19372605037515, 122.83296831391354, 76.3234438169242, 32.3603543271954, -0.759017413191, -0.38321559307, 0.526344350877, -0.0473765978833, 0.838795104049, 0.54238199767, -0.649344303467, 0.386740976173, -0.654815541128,  
2112, 1495581.8223234685, 70.94261446078156, 91.26937964456829, 82.81517249986777, 47.237462398743766, -0.187868604434, 0.798007938233, 0.572615680876, 0.668171257207, -0.323468697364, 0.67001132294, 0.719897602795, 0.508479431583, -0.472436354599,  
2115, 1560218.9640005566, 71.95025116861804, 117.74072233664751, 96.64296073135834, 32.734071049539025, -0.405415976182, -0.4477593492, 0.796962641195, -0.460572701915, 0.853133126527, 0.245023783891, -0.789626919821, -0.267722680447, -0.552099532573,  
2126, 704817.611106649, 55.20724128935406, 101.22067003408398, 58.408479138495274, 28.460533184371403, -0.683115989748, -0.643302588145, -0.345708438771, -0.00414692992499, -0.46994779859, 0.88268446773, -0.73029812236, 0.604409502479, 0.31836112481,  
2131, 1198457.8194781598, 65.89382447049591, 101.47013411027268, 72.91411069003746, 38.67090416788742, -0.822015549462, -0.449593758875, 0.349508066321, -0.560291649855, 0.748247217796, -0.355245504072, 0.101802276723, 0.48784377934, 0.866974476795,  
2138, 516046.24886475643, 49.75843036937714, 82.82595031730895, 45.919533077877226, 32.39187779448182, -0.147138387046, -0.0122772253625, -0.989039718512, -0.213412112002, -0.975977051593, 0.0438641677731, -0.965818598655, 0.217527158077, 0.140983580571,  
2139, 2669931.4750994495, 86.06049412230348, 130.46939744056132, 96.82547434221209, 50.45604623704959, 0.229176149072, -0.872134774608, 0.432272168448, 0.00225609122689, 0.444566417772, 0.895743049229, 0.973382351776, 0.204307697134, -0.103851635246,  
2144, 916141.2455403364, 60.250123603877704, 108.75713215353127, 49.15272730570866, 40.91367201676146, -0.521623207486, 0.729017434038, 0.443218693514, 0.121032071183, -0.45100963873, 0.884274586041, 0.844547492541, 0.514901822332, 0.147022604391,  
2146, 633848.4109701762, 53.28834906917147, 139.008016585419, 78.02880488025399, 13.95089258090881, 0.345943857979, -0.935553996106, -0.071144694089, -0.767784743014, -0.325857982255, 0.551654931814, 0.539286042394, 0.136217824717, 0.831032652011,  
2151, 1239189.2164208067, 66.63202398302832, 111.99463897375453, 58.612104799615764, 45.06760348237968, 0.706923258369, -0.472111846158, -0.526659198624, -0.600942636405, -0.793599108708, -0.0952281597474, 0.372997928316, -0.383810968285, 0.844725805274,  
