# Void_ID, Void_Volume, r = (a*b*c)**(1/3.0), a, b, c, vector_a, vector_b, vector_c 

47, 2147397.5705032465, 80.03401715803251, 107.9970577886518, 84.12122109191716, 56.42951997893473, -0.409836452142, 0.541565413367, 0.733989772095, 0.880240859808, 0.0238115019328, 0.473929362985, -0.239186352495, -0.840321316771, 0.486466826577,  
76, 3752964.6522122445, 96.40405198217385, 136.65096248296499, 101.46499011185438, 64.61851188908011, 0.398238625102, 0.697861877079, 0.595310673511, -0.468630566076, -0.403117006596, 0.786054750976, 0.788537500704, -0.592018141202, 0.166502644036,  
107, 1705196.9747994966, 74.11315724162917, 117.58993127469623, 66.23761218327076, 52.26502224538533, -0.616889548581, 0.747539682956, -0.246235065044, 0.0588934699898, 0.355824636678, 0.932695227352, 0.784843197106, 0.560868300352, -0.263529705379,  
112, 1706888.1817869847, 74.13765084884076, 101.86599261672951, 89.01177766928717, 44.940693111499456, -0.719128005869, -0.468195614414, 0.513466433, -0.693905513179, 0.444784801959, -0.566269916847, -0.0367430259278, 0.763517744777, 0.644740725762,  
115, 162983.58127805812, 33.88585247029017, 91.26732050758127, 48.19503328886256, 8.8458111260553, -0.204167820265, 0.946088889972, -0.251458373175, 0.974990238743, 0.219561344005, 0.0344506977338, -0.0878039607534, 0.238135735433, 0.967254793726,  
132, 807141.1867202392, 57.759084366089915, 114.83867397904987, 85.38819309651788, 19.650558899081712, -0.375625847162, 0.872056590241, 0.31372364648, -0.867760355211, -0.212081815866, -0.449458862748, -0.325418482676, -0.441065308992, 0.836399548264,  
157, 482430.23048164794, 48.653635994756826, 130.77478053010958, 33.80899440647483, 26.04891576809766, -0.264549254575, -0.875191129161, 0.405036022277, -0.0222631284749, 0.425430272193, 0.904717324147, -0.964115161697, 0.230324924704, -0.132031753931,  
159, 2078732.2017829905, 79.17170142435748, 109.1479308882627, 92.45497791365182, 49.17723741001214, -0.582283000286, 0.699332560297, 0.41458470508, 0.7847137021, 0.350148292945, 0.511488590962, -0.212534499115, -0.623161410114, 0.752661240951,  
165, 538039.2102673266, 50.455491265493144, 125.45254812584648, 68.39867883811338, 14.969183672131784, -0.647504584476, 0.288495964496, -0.705342393134, 0.163316936839, 0.956599718079, 0.241339092383, 0.744355688649, 0.0410738096614, -0.666518980176,  
191, 2076428.539287593, 79.14244444199554, 135.1077223149806, 81.32977884273853, 45.11267877798058, 0.851846371334, 0.404435743592, 0.332850550474, 0.442155526179, -0.214541786078, -0.870902010961, 0.280813550803, -0.889046428108, 0.361580140984,  
194, 2188683.272414159, 80.54367407504782, 103.16207675531886, 84.16921459364018, 60.17567332161664, 0.421447788668, -0.378481674814, -0.824095494015, 0.412023437879, 0.889448097871, -0.197784650144, 0.807848035255, -0.25619075515, 0.530799254814,  
220, 2619350.0415698267, 85.51355804307833, 120.7027829598321, 92.08485413805924, 56.25996307300038, 0.606939592493, -0.131642251441, -0.783769512484, -0.695956281599, 0.388158961092, -0.604133656592, -0.383756674426, -0.912141950882, -0.143971789854,  
227, 1776612.7365916995, 75.13369034926137, 110.3843139240838, 82.65076898416008, 46.48896748326932, 0.747642407152, -0.0509313722776, -0.662145623217, -0.618756368941, 0.308685743129, -0.722394399123, -0.241187451835, -0.949799509005, -0.199272441071,  
229, 900380.436347825, 59.902619411966874, 100.22074106424067, 56.35649416056622, 38.057114982105006, -0.680059174084, 0.0777214975379, -0.729025986207, 0.73292766648, 0.0969515661981, -0.673362777053, -0.0183454477431, 0.992249848895, 0.122897037861,  
230, 1833024.0100988515, 75.92063784023219, 104.52052871718946, 78.28693995590233, 53.4796588892302, 0.260670126581, -0.602905641943, -0.754026439869, -0.96542771016, -0.163312614975, -0.203170682542, 0.00064927887306, -0.780918546779, 0.624632533362,  
263, 279531.8714145812, 40.56152182666471, 79.04344395708847, 74.06517671713175, 11.398896358479785, 0.800391510853, -0.577101592434, -0.162256529499, 0.253558014665, 0.0806409406624, 0.963952992572, 0.543214287877, 0.812681235602, -0.210873058371,  
283, 2240728.8678640593, 81.17710641239181, 116.22812125037903, 83.53868340626342, 55.09368934634885, 0.472322375565, -0.283373272054, 0.834632351534, 0.252412183627, 0.950739284286, 0.17995250171, -0.844511493763, 0.12567578128, 0.520582303677,  
286, 1121627.6716672087, 64.45451853524445, 124.69105791235356, 54.37050219442753, 39.496758261927894, 0.182584173757, -0.982803616265, 0.0275693915292, -0.380683243298, -0.0448137570905, 0.923618966592, -0.906500572402, -0.179133411265, -0.382319150976,  
297, 589725.6658003492, 52.02201141240228, 126.17447493786418, 72.30633378113724, 15.431692910786625, -0.127014313471, 0.850388382416, 0.510594715235, 0.585184697748, -0.351392879395, 0.730809081657, 0.800890899995, 0.391615427891, -0.453002343197,  
314, 732649.2497836676, 55.92455022796862, 130.2597730915851, 89.46579297601718, 15.008599439518374, -0.287301476701, 0.805435343219, -0.518393450362, 0.953526770967, 0.18919543274, -0.234503273495, 0.0907995514027, 0.56167516958, 0.822360289254,  
337, 748013.9541892264, 56.31278809002357, 86.69838263263338, 55.1447245096891, 37.35133451611096, -0.0664807028535, 0.893293257807, 0.444530619536, -0.562841366201, -0.401442608547, 0.722532648768, 0.823887075175, -0.202165742893, 0.529470584414,  
351, 2293458.680673545, 81.80894089841885, 154.4755169464388, 77.69006052051797, 45.622301882875014, 0.586819815573, 0.634612580513, 0.50290096113, 0.302782198354, -0.7480048727, 0.590602785955, 0.750976327463, -0.194307959365, -0.631093473676,  
353, 583428.1845930642, 51.836173169715394, 128.50424375707178, 80.41497708559451, 13.478587535202982, 0.932948374768, 0.0736711438383, -0.352391674964, 0.234145307025, -0.867698194513, 0.438492666343, -0.273465363834, -0.49160187734, -0.826767372953,  
402, 1522021.284254397, 71.35822502742099, 127.31665290267523, 85.28866799919665, 33.46228331267138, -0.849226343357, -0.233660467643, 0.473516001429, -0.154296489001, 0.967432739217, 0.200665115487, -0.50498238705, 0.0973482457581, -0.857622357345,  
427, 1773153.7352206644, 75.08489780166893, 147.3568709200071, 93.15832346590716, 30.836546014766753, -0.972362566298, 0.0159808334264, 0.232928428117, 0.138953632571, -0.762117931977, 0.632351283508, 0.187624432464, 0.647240968049, 0.738834353303,  
429, 367144.41648848256, 44.42043148838005, 115.04659457335678, 85.89467663586912, 8.869687147270767, -0.674529770993, 0.670563946883, 0.308793751856, -0.253876497859, -0.603466011746, 0.755893839439, -0.693221690284, -0.43147742213, -0.57729621713,  
431, 1591492.9288323582, 72.42781239806753, 106.16823274045092, 74.6309541678539, 47.951535828741456, -0.037344600895, 0.954104383209, 0.29713668021, -0.741676394579, -0.225738859313, 0.631631295235, 0.669717482606, -0.196791243042, 0.716066826598,  
438, 522626.384785877, 49.96902865859854, 87.51116464872568, 68.39806857520713, 20.844689004526103, 0.555110474337, -0.801837055041, -0.221155371727, -0.796706780691, -0.436175900655, -0.418340637864, -0.238978381621, -0.40842125416, 0.880954829868,  
451, 1967046.7686785173, 77.72761801917397, 110.71010785643202, 83.23869709296955, 50.95813546345572, -0.841079199457, 0.0680893761759, 0.536609371044, -0.125388966888, -0.989566005153, -0.0709699121376, 0.526178094587, -0.126976211544, 0.840841039959,  
479, 4536335.937380001, 102.69253305071251, 126.47609584794499, 97.0889442981496, 88.19386378953305, 0.104215755168, -0.976238618279, 0.18999272764, 0.49653476857, 0.216593521626, 0.840559617154, -0.861737953195, 0.00673843978362, 0.507308873817,  
482, 2165243.0092388378, 80.25510709167959, 131.23227453281453, 96.89024593376534, 40.653441958129946, -0.379193377076, 0.329404835533, 0.864699275534, 0.784965538041, 0.609310963691, 0.112112682661, -0.489940289085, 0.721271518815, -0.489618125969,  
489, 1566031.059804016, 72.03948299379205, 97.93157631707852, 74.40245302069438, 51.309970237920425, 0.248188649856, -0.915026179258, 0.318008624656, -0.920662915943, -0.32491178059, -0.21636111028, -0.30130082856, 0.239080375829, 0.923070086506,  
490, 1445899.5154625373, 70.14819506274429, 83.76298476926341, 70.21669281795, 58.689037616966374, 0.0219487206086, -0.594896167769, 0.803502833373, -0.0370500393429, 0.802660367584, 0.595284494082, 0.999072343851, 0.0428355446318, 0.00442355826903,  
519, 947566.3844818616, 60.93128614797465, 113.63132307684864, 97.9096245404621, 20.33281866755921, 0.583730720259, -0.79257205623, 0.176317843424, -0.795480923154, -0.514734025844, 0.319779585865, -0.162691570536, -0.326922648837, -0.930942014604,  
580, 1469667.743204851, 70.53048186766668, 110.26903923097723, 63.61513419601102, 50.0168704703548, -0.741497192762, -0.670951089887, 0.0025589266481, -0.639651927516, 0.705745499203, -0.30457954951, -0.202552029736, 0.227481703297, 0.952483464379,  
592, 1075998.4481257726, 63.56836068421568, 137.51078394934788, 60.93821242736492, 30.654664494064157, 0.312013988981, -0.666640699326, 0.676932381175, -0.753394678054, 0.260479930532, 0.603776999289, 0.578829620666, 0.698384123382, 0.420970172871,  
635, 2539219.812329897, 84.6325116289736, 119.4874751551192, 105.47929175204744, 48.09745526458361, -0.963711024917, -0.172349328332, 0.203854775459, -0.0183069641616, 0.804522614646, 0.593639804583, 0.266319198552, -0.568365262438, 0.778482506507,  
639, 2970044.7830261914, 89.17123799683065, 146.92330772384292, 94.41456751889255, 51.114566646752316, 0.884659740659, 0.340084188636, 0.318935554458, -0.279700423889, -0.160179638964, 0.946630950338, 0.373021200649, -0.926652700801, -0.0465827861452,  
672, 2568268.1048578764, 84.9540164712182, 108.01456967233905, 89.73763513704222, 63.254989636460024, -0.574938371486, 0.111806743006, 0.810521511875, -0.585899574738, 0.635204171358, -0.503226935895, -0.571110810014, -0.764208684135, -0.299695728661,  
677, 608802.8397370338, 52.57702640106755, 125.70082038911872, 74.55307731462445, 15.509020628412395, 0.306139326926, 0.935940238891, -0.174053387598, 0.782185580908, -0.143078309054, 0.606394520504, -0.542645768, 0.321783260446, 0.775880856684,  
678, 3017519.85424177, 89.64385180992439, 132.3628227285585, 103.64155705806924, 52.51236496769393, 0.169715644797, 0.445954460708, 0.878818080655, 0.557307024995, -0.778897527126, 0.287623924818, 0.812776402095, 0.440957210183, -0.380724649827,  
679, 2267810.7131200638, 81.5028379196581, 125.24218082113197, 98.03164900552447, 44.09620997765653, -0.450344440926, -0.700526018603, 0.553582136441, -0.884238075086, 0.263995376704, -0.385265450886, -0.123745347768, 0.663000556816, 0.738320628566,  
689, 1503157.391336754, 71.0621946342139, 115.9115521179681, 94.89962637970912, 32.62305463850635, -0.616787652899, -0.598002947523, -0.51182562068, -0.771018223193, 0.328110319429, 0.545778817644, 0.158442073754, -0.731256516578, 0.663445563876,  
705, 1723604.4216833794, 74.37888496055483, 113.23377765149954, 80.53148778953681, 45.12396683552844, 0.0315748317911, -0.903251896264, 0.427947475623, -0.78905543687, -0.285338421307, -0.54403446846, 0.613510022366, -0.320496485505, -0.721725332266,  
711, 2282556.398383601, 81.67910480069563, 141.05090147615934, 77.84835774862782, 49.62580746898545, 0.31451432818, 0.402860543498, -0.859525520192, 0.367004636666, 0.783457187073, 0.501500182142, 0.87543608221, -0.473178844113, 0.0985568234566,  
715, 440461.27469933446, 47.199750977726325, 110.8562323447946, 53.11747103853334, 17.85753944218587, -0.946434804355, 0.0512947634964, -0.318794617807, -0.13718982071, 0.829877018346, 0.540817055495, 0.292301409847, 0.55558346057, -0.77838737409,  
745, 2029693.9445015672, 78.54417497391879, 135.5729753836603, 86.89357708213393, 41.13212465988395, 0.67212378551, -0.710213363276, 0.209395786911, -0.256704414568, 0.041752035984, 0.965587702403, -0.694515990092, -0.702747284673, -0.15425236916,  
801, 969261.5341431103, 61.392802126870514, 99.5253452465114, 81.28882944779993, 28.601433857906265, 0.564644783874, -0.243229505245, -0.788679704203, 0.374613576755, 0.927012227604, -0.0176917490311, -0.735418884823, 0.285460571098, -0.614549693836,  
813, 287667.23482203024, 40.95125946725801, 88.64877844386956, 46.28456260692, 16.737587868091175, -0.828344027593, 0.180571907146, -0.5303206184, 0.542942513868, 0.0254799162526, -0.839383226246, 0.138056505046, 0.983231692033, 0.119146301651,  
815, 1632942.3298485342, 73.05120979044555, 104.95101955197855, 90.18536060521602, 41.186940258177934, 0.0423979169685, -0.955648601127, 0.291441534105, 0.995024924776, 0.0140664816207, -0.0986282574547, 0.0901543992851, 0.29417322322, 0.951490566968,  
817, 122849.11371871119, 30.838587140938564, 117.1955836264534, 95.25088018516517, 2.627260731559523, 0.833678755721, 0.384295953889, 0.396606041412, -0.390332890976, -0.0979931046568, 0.915443928191, -0.39066605494, 0.917994537709, -0.0683085811125,  
824, 2153371.4256838914, 80.10816411074072, 113.55547547389133, 87.62802748816607, 51.662952321086685, -0.85559926886, 0.412810280535, -0.312310043724, 0.487629194933, 0.845215299834, -0.218698114247, -0.173688397352, 0.339409441842, 0.924463937325,  
838, 2060001.1783147142, 78.93318366105234, 123.77715011755326, 74.63926873492264, 53.231781943425354, 0.917548790522, -0.018712324654, 0.397182660646, -0.155547012584, 0.902397664132, 0.40185019926, -0.365936256592, -0.430497740616, 0.825083239096,  
840, 834626.6988458394, 58.4074018672866, 111.06000748932485, 54.394948208458416, 32.982790628494854, -0.185222224676, -0.751621518115, -0.63305435864, -0.972080427109, 0.0457022444974, 0.230154183276, 0.144056831556, -0.658009421175, 0.739101637752,  
848, 711856.8005415025, 55.39042231149489, 112.98526835146988, 89.98309253913709, 16.715573927893484, 0.349458099114, -0.802019770499, -0.484399963556, -0.156186999325, -0.559626169998, 0.813894447146, 0.923842334062, 0.208765029598, 0.320830958935,  
859, 2499645.6561392588, 84.19053701881145, 113.40737143474405, 79.49550726453852, 66.19207106018216, 0.871388065754, 0.469100062692, -0.143624406154, 0.34540313936, -0.378721242542, 0.85864247028, -0.348395623081, 0.797819122126, 0.492041805326,  
904, 1731292.1544981354, 74.48930414061842, 109.27314309267977, 85.23070060234627, 44.37846313460166, -0.932827303531, 0.0764801614663, -0.352113627525, -0.0301629879957, 0.957210169451, 0.287817451962, 0.359059070268, 0.279104776743, -0.89060491109,  
914, 248702.09316908647, 39.01188575440219, 104.18355386785566, 54.32823865483177, 10.48977174359836, 0.819739498369, 0.356117797263, -0.448561332803, -0.149899547472, 0.889290873749, 0.432078543247, 0.552772358644, -0.286952707497, 0.782368751408,  
929, 1076912.799685955, 63.58636175527376, 126.83521888806887, 69.95498664691587, 28.975663453154688, -0.834713309165, -0.316461591329, 0.450672555983, 0.0705865976546, 0.750149110638, 0.657490565742, -0.546142127778, 0.580627568259, -0.603821499488,  
939, 660905.7891371275, 54.03605672471424, 115.53207530696888, 72.49190268110934, 18.83904455902357, 0.637633318578, -0.184630193079, 0.747887319616, 0.702659871213, 0.537324038395, -0.466424681111, 0.31574175591, -0.822918324967, -0.472347937445,  
942, 3593229.3586296155, 95.01644484045971, 125.23005510706906, 97.0650267896029, 70.57079009214284, 0.777526839518, 0.0444154239146, 0.627279271097, 0.496346250299, 0.569139124391, -0.655531125807, 0.386124867943, -0.821040758553, -0.420475515518,  
971, 1683578.7832344016, 73.79862636491842, 136.01569689370183, 90.12897984471738, 32.786219970672995, 0.851041751905, 0.118505278184, 0.511551009731, 0.447889833869, 0.344678512788, -0.824979647954, 0.274085083926, -0.931210621645, -0.240258496009,  
978, 1116977.4671287576, 64.36532022831993, 126.39947842143185, 90.59362732901806, 23.28696401210799, -0.134362347063, -0.934478195876, 0.329692676783, -0.981284428287, 0.079159841589, -0.175540850747, 0.137940677441, -0.347108370559, -0.927625004296,  
981, 454189.7210005579, 47.685121914891205, 103.32759733632308, 100.24123745529184, 10.468535780307803, -0.180677546962, 0.861970170065, 0.473669768871, -0.797070337051, -0.410474398322, 0.442933004095, 0.576224350247, -0.297520073677, 0.76121436136,  
982, 2478625.243055336, 83.95387628736883, 127.00322332110933, 94.62305655204196, 49.23914951434295, -0.202464578637, 0.626495699353, 0.752669404911, -0.922544082296, -0.379850594823, 0.0680142766838, 0.328512572997, -0.680600223556, 0.654876190648,  
986, 1101825.7263564104, 64.07295685351222, 112.57748283170483, 51.05996171845645, 45.7606600850354, 0.74514425607, -0.638503913569, -0.192542956253, -0.510241810759, -0.359918002791, -0.781096873519, -0.429433734352, -0.680273315384, 0.593982225472,  
988, 924368.0096566788, 60.4299311251379, 109.78742169194156, 48.10678497009175, 41.78278443501563, -0.691082373398, 0.205647635444, 0.692902737197, 0.642186917843, 0.61461541579, 0.458087167714, 0.331664161056, -0.761549040253, 0.556814101439,  
990, 1630658.2884633709, 73.01713431875609, 89.58492085843743, 70.50735910902314, 61.63181966549543, 0.348720834595, 0.059496886585, 0.935336249702, -0.852991284622, 0.433650805724, 0.290435616022, 0.388329303399, 0.899114619602, -0.201973396614,  
996, 3439465.9009913886, 93.6413069047153, 104.46418737741324, 95.7509622039134, 82.09029601797978, -0.74503724352, -0.625946280638, -0.23045771743, -0.0382564172303, -0.304833843189, 0.951636892195, 0.665924884884, -0.717821413586, -0.203166104186,  
1000, 147248.5616719133, 32.758259379435465, 59.0464955099744, 36.04421022268766, 16.517062465858473, -0.937905018525, -0.263910135283, -0.225134663526, -0.344173113775, 0.626850294119, 0.699001843, 0.0433479409017, -0.733082634672, 0.678756809735,  
1015, 998807.58564427, 62.01038212189376, 149.08242245359662, 69.33286750947302, 23.068938928989184, -0.1931292148, -0.544659344114, -0.816117212942, -0.970849234595, -0.0142654693278, 0.239266086339, 0.141960804723, -0.838536042907, 0.526027028458,  
1031, 1020400.7014933858, 62.45406530887382, 140.66911514645832, 62.57982526375673, 27.672540862293147, -0.37702000995, -0.348578866362, 0.858107619138, 0.256113871947, 0.851115992116, 0.458265482619, -0.89009078003, 0.392548521701, -0.231611876673,  
1044, 994256.1341757657, 61.91604728869515, 97.06181041535802, 62.62726982105883, 39.04791081755336, -0.552581508283, -0.825232520766, 0.116811657695, -0.824854919117, 0.521393063804, -0.218548931423, -0.119448897495, 0.217118768619, 0.968809269774,  
1056, 387585.5419549672, 45.22997207915001, 141.19556756064136, 48.32882171601839, 13.559750187639434, -0.373969552993, -0.457364274214, -0.806823830899, -0.881831058676, -0.0941036995491, 0.462080596526, 0.28726426403, -0.884286387096, 0.368126103675,  
1073, 1910588.4095109291, 76.97673915824952, 116.02748719430538, 74.68506456268221, 52.636121639896615, -0.694450176958, 0.694063027559, 0.1897774104, -0.163637260417, -0.409176055733, 0.897662410051, 0.7006866623, 0.592327163982, 0.397726956697,  
1077, 1852408.1448537712, 76.18731893993478, 115.63314913490768, 106.22072060994793, 36.004474440467526, 0.256144931773, -0.0269518442507, 0.966262579229, -0.726823884165, -0.664380871005, 0.174141033792, 0.637272951987, -0.746908064178, -0.189767036998,  
1087, 1067168.888622486, 63.394003885094335, 91.76917646689887, 75.46484385484064, 36.78773371563232, -0.0289090462659, 0.789695244927, 0.612817825446, 0.725238015621, -0.405333941753, 0.556537704348, 0.687891043511, 0.460527757907, -0.5609991947,  
1088, 1021960.1519532367, 62.48586472777959, 152.32504118311522, 51.670907986140875, 30.997591843165786, -0.288099273824, -0.944388285901, -0.158523102021, -0.177492757951, -0.110010643698, 0.977953975987, -0.941007507567, 0.309884532892, -0.135928094879,  
1091, 375364.67323645565, 44.74950778131487, 134.48310607129937, 70.5749033571871, 9.441625381408718, 0.569728207263, 0.0702573140887, 0.818824571973, -0.488470050149, 0.830199069353, 0.26863826115, -0.660913594925, -0.553022074662, 0.50730642119,  
1093, 473586.8970832878, 48.35451403033479, 133.1571523467725, 49.27003254326461, 17.233112404236703, 0.235892412303, 0.209053976614, 0.949026450991, -0.728915659706, 0.683922650903, 0.0305248851976, 0.642679337503, 0.698960830407, -0.313714881228,  
1100, 1536896.226408774, 71.5899366844115, 122.67590419825943, 74.0978617124657, 40.36370205944439, -0.60096201533, 0.224189989711, -0.767191960753, 0.789686353282, 0.31479437192, -0.526592790349, -0.123450879177, 0.922303286301, 0.366219235581,  
1129, 3183430.8425975097, 91.25757767851957, 115.52886421991235, 103.01540734099781, 63.857825005691765, 0.134170480258, -0.822043969089, 0.553391358003, -0.932887918841, -0.293136138548, -0.209263793232, 0.334243044965, -0.488175088633, -0.806205104009,  
1158, 652355.9088402138, 53.80203017457064, 123.66673340195536, 94.13945171477968, 13.377391502734483, -0.888303337232, -0.436702645474, 0.142154776557, -0.175693193424, 0.609125654308, 0.773367854936, 0.424321909459, -0.662009619794, 0.617814033876,  
1159, 1724939.5821472772, 74.39808544414294, 134.80912030023464, 120.08971646823395, 25.43666583179692, -0.82621327323, 0.196979524897, 0.527797966944, 0.440342385789, -0.358554219605, 0.823126633563, -0.351383281356, -0.912489966178, -0.209503821465,  
1172, 2103584.033673597, 79.48595908577745, 118.40248227739211, 114.87778761506142, 36.921079129468914, -0.323448657311, 0.479004492166, 0.816048811388, 0.937449087245, 0.0448927315087, 0.345215659379, 0.128725191421, 0.876663754893, -0.463562817697,  
1189, 568427.3161921593, 51.388046716594616, 105.3232854193533, 60.61980987151879, 21.254327246873135, 0.665526107611, -0.454496905989, 0.592036791537, -0.436593055974, 0.406292324187, 0.802691130375, -0.605360639258, -0.792691055679, 0.0719679559526,  
1200, 1742702.8417542556, 74.65259520389695, 96.93306243096427, 89.7638310547597, 47.81469795326, -0.939795983667, 0.224120190008, -0.25797994014, -0.310759953737, -0.246421825991, 0.917989397993, -0.142168070385, -0.942892583546, -0.301233822233,  
1202, 2885625.627039236, 88.31825080007734, 126.87425880991209, 95.61886279848922, 56.78508556412561, 0.793809023042, -0.155365689817, 0.587987021426, 0.461251296687, 0.783932065095, -0.415569198354, 0.396376684786, -0.601092355419, -0.693954972613,  
1217, 254119.43630165607, 39.293111866722015, 67.84161078675213, 47.07813809793472, 18.9947614832306, -0.0243712939228, -0.764343801008, 0.644348193055, 0.682370342179, -0.483759525428, -0.548039631479, 0.73060027111, 0.426327662037, 0.533355386619,  
1224, 104803.00077145275, 29.247923367007505, 138.8323022955903, 93.91844439607358, 1.9188617777011898, 0.725862654889, -0.544130868136, -0.420767161954, -0.632385344017, -0.768551590152, -0.0970424131347, 0.270577498898, -0.336526450098, 0.901963283884,  
1226, 2197669.7924356502, 80.65375837015144, 116.7380265213582, 85.244422693068, 52.72244085794832, -0.581095256407, 0.746207796237, 0.3248110648, 0.173281746642, -0.276514337695, 0.94525830191, 0.795174030802, 0.605568943957, 0.0313769796733,  
1232, 2286314.422312495, 81.72390599058862, 107.0526632757726, 83.46340440790917, 61.087700171701115, 0.299709585004, -0.30389436614, 0.90433532436, -0.43371224448, -0.887695643404, -0.154564335051, 0.849745758238, -0.345896890576, -0.397853600518,  
1239, 1772012.989624702, 75.06879257262884, 109.01160717379001, 84.73856470361375, 45.79567299240346, 0.0531542860415, 0.56448466162, 0.82373034949, -0.869924633079, -0.378853296151, 0.315755146843, 0.490311895265, -0.73336706143, 0.470921435667,  
1242, 3531527.178460822, 94.46943425763223, 134.18734251123155, 101.13151156960612, 62.12635772584121, -0.833273698082, 0.144552921121, 0.53362851974, 0.541836483381, 0.405317331397, 0.736295515501, 0.109855220004, -0.90267508765, 0.416064318072,  
1245, 1672484.8328869047, 73.63617020640538, 127.81662230820282, 69.41598381966874, 45.00147604445051, 0.690264914211, -0.408532092219, 0.597189984708, -0.56728800336, 0.206756165518, 0.797142527572, 0.44913101591, 0.88901823246, 0.0890388280496,  
1247, 874409.3855416354, 59.321036910205834, 111.2869575005094, 67.32509846987905, 27.861528257494932, -0.519349811434, 0.438700858812, -0.733360300153, 0.834138638162, 0.0737482360453, -0.546602167947, 0.185710811985, 0.895601894905, 0.404238469414,  
1250, 1528032.6319249475, 71.45204666749086, 131.1363626001193, 87.47389897252563, 31.80111897506509, 0.508828585618, -0.699809383143, -0.501358452331, -0.712006190467, -0.0147559940063, -0.702018123254, -0.483880827472, -0.714177210436, 0.505776884504,  
1256, 1672462.5487223135, 73.63584316251786, 128.69823738941028, 81.86635519626658, 37.895682903357525, -0.00978993737737, -0.192099841009, 0.981326555338, 0.96490381136, -0.259360215756, -0.0411450277206, 0.262421020403, 0.946482926189, 0.187896989021,  
1265, 739974.2578581207, 56.11030992083572, 88.9883453707074, 62.621374191349844, 31.700949995442407, 0.566652384392, -0.307321930028, 0.764498728963, -0.537532853805, 0.565319776463, 0.625677218237, -0.624470580847, -0.765484671083, 0.155144165192,  
1278, 268617.9572979372, 40.026610118785065, 90.09896108887966, 39.688236805113156, 17.933491212845624, 0.0272910537026, -0.785249013099, 0.61857835867, 0.816658369663, -0.33934696583, -0.466811250979, 0.576475763278, 0.51790696482, 0.632019042549,  
1279, 2117062.2786430577, 79.65536064298946, 106.18878143903908, 98.67564867377902, 48.23434635648746, 0.966632171867, 0.232327810319, 0.107916786756, -0.24767596515, 0.740035674032, 0.62530298052, -0.0654130002235, 0.631166372451, -0.772884305501,  
1287, 1781935.1571717493, 75.20864467447635, 122.31389749862775, 73.42743399611852, 47.36626392186082, 0.632273546553, 0.495311351283, 0.595732177761, -0.241797741088, -0.604371597352, 0.759123721615, 0.736046204212, -0.624020542614, -0.262363007418,  
1297, 1462655.5828268593, 70.41813000689916, 148.96355252799458, 82.89438969452848, 28.27797488887239, -0.460533499535, -0.211010991637, -0.86219676247, -0.846490553285, -0.187922051811, 0.498135569542, 0.267137865167, -0.959249531588, 0.0920744108993,  
1298, 842714.0220841152, 58.59544682104788, 137.32698841418204, 58.30030525604005, 25.128402868287182, -0.0172390268426, -0.846182161472, 0.532614837909, -0.988759784349, -0.0646974856344, -0.134789926208, -0.148515671928, 0.528951779428, 0.835555569805,  
1312, 277267.3379075903, 40.451692864242524, 100.12885317986047, 33.13057294809946, 19.953630002573, -0.749027418177, -0.192065154259, 0.634089034236, -0.660387032041, 0.139357316112, -0.737881092289, -0.0533562998286, 0.971437344848, 0.231219787871,  
1318, 1889589.4997982227, 76.69368744456598, 119.61781881185757, 97.39371984439238, 38.72148684307308, -0.368358044924, 0.914794374637, 0.165721461713, -0.789034869261, -0.213352034457, -0.576111868029, -0.491666885025, -0.342975453241, 0.800394598085,  
1320, 2756721.469615064, 86.98307562296297, 125.62403091850047, 86.7887281329713, 60.362640709218304, -0.936735610974, 0.349443130383, -0.0203934735099, -0.114510082832, -0.250864702386, 0.961225437671, 0.330777623281, 0.902749355981, 0.275008662067,  
1325, 1107110.2225574893, 64.175227540723, 108.3324311217363, 64.5743348116261, 37.781902332734994, 0.103153983644, 0.990979935805, -0.0855454410792, -0.278466514464, 0.111337058289, 0.953970890423, 0.954890389511, -0.074584356822, 0.287439589717,  
1329, 756031.6008083615, 56.51327117739454, 135.1950885768245, 62.549935427418625, 21.34339780532037, -0.220564968507, 0.723984965635, -0.653602986684, 0.946634984972, 0.320357369205, 0.0354028420278, -0.235017658687, 0.61091482674, 0.756009110113,  
1344, 1057089.6004880946, 63.19378918139069, 87.36194604622509, 73.06876595995803, 39.53385077354616, -0.46387491426, -0.161818782726, 0.870996409566, -0.531840591535, 0.837158525533, -0.127715262688, -0.708495341633, -0.522475152217, -0.47439863638,  
1351, 1162724.293866161, 65.23230316123198, 114.9354852801101, 69.10471176133154, 34.94832322340466, -0.0809024144274, 0.344374888315, 0.935339903798, -0.813155128359, -0.565483465461, 0.137866556906, 0.576397030321, -0.74942270221, 0.325779184186,  
1355, 1697175.871068971, 73.99676719291953, 100.90294882448934, 67.423187600011, 59.555942232614896, 0.330720821873, -0.943295099073, 0.028602343326, 0.342482962038, 0.148206412278, 0.92776089596, -0.879391356958, -0.29703403075, 0.372077446083,  
1366, 1974857.3071478466, 77.83035965187997, 117.78592536261874, 84.75126583875047, 47.22886624181543, -0.142365075721, 0.751901790737, 0.643720344794, 0.706998568247, -0.377908233153, 0.597777878323, 0.69273747532, 0.540212055032, -0.477792555285,  
1368, 2149623.335674086, 80.06165920869714, 100.59306107732627, 89.74322845052352, 56.8465412451027, 0.12300203434, -0.846859897753, 0.517396185843, 0.976953759016, 0.0116832738189, -0.213131072011, 0.174447276539, 0.531687704099, 0.828780026918,  
1370, 1439841.230159248, 70.05008480700305, 123.10395334341302, 110.98037851777605, 25.159835337427136, 0.514609761953, -0.830821868758, 0.211924079085, -0.0264187331844, 0.231682124891, 0.972432744997, 0.857017411398, 0.506022149119, -0.0972766218646,  
1390, 2191912.8030991293, 80.5832702461085, 137.23322538586544, 82.74453992424546, 46.08250171244044, 0.882076694457, -0.311129370535, 0.353750222454, -0.300227023271, 0.207417127776, 0.931043430567, 0.363048811584, 0.9274570879, -0.0895483696748,  
1393, 2537712.681825301, 84.61576403279197, 119.6535863447694, 92.79831756990261, 54.56171566362664, -0.924356415029, 0.377141630826, -0.0577010250625, 0.124993287772, 0.44223525559, 0.888146754048, 0.360474542801, 0.813751908761, -0.455923167849,  
1396, 2907795.4212025385, 88.54385229996862, 108.68498709636846, 90.46842998972704, 70.600638273701, -0.975087031383, -0.11258673529, -0.191126942805, 0.0689982519374, -0.972820161037, 0.221043379248, -0.210818695705, 0.202349107526, 0.956352610821,  
1408, 3588268.0940248575, 94.97269414500737, 133.4764191898373, 104.03462917344446, 61.68986267688437, 0.671898506731, -0.334815870254, -0.660644177813, -0.0327902033092, -0.904559773289, 0.425084014183, 0.739917021847, 0.263950657459, 0.618751041379,  
1411, 1660486.9345212227, 73.45966629381736, 115.70125367697248, 60.66462053253779, 56.4772189821493, 0.118576180574, -0.745362426425, -0.65602937638, -0.620994993031, -0.571203492002, 0.536741827469, -0.774793461531, 0.343746162158, -0.530597463216,  
1414, 2156631.299942335, 80.14856755640818, 106.12024612032614, 82.91383713947533, 58.51430242273086, -0.120503265852, -0.227125715085, 0.966381328703, 0.807259669645, -0.588986870065, -0.0377662899441, 0.577763609692, 0.775569710882, 0.254324271114,  
1420, 3013160.9947044807, 89.60066697885054, 96.57708924702484, 87.81979469310261, 84.81393207934043, 0.15264924818, 0.209458179783, 0.965828907184, -0.593459894665, -0.762033156485, 0.259057564726, 0.790255376732, -0.612725664013, 0.00798124088572,  
1435, 279244.5793653522, 40.547621208801964, 88.11389754792987, 68.65153192908315, 11.020505040108272, 0.727801749828, -0.55291198841, -0.405700562016, 0.0975449077867, -0.502105409564, 0.859287582042, 0.678814852454, 0.664965029726, 0.311499446755,  
1445, 2858502.397907672, 88.04066559310571, 113.81001710305085, 87.18738528014829, 68.77265795131301, 0.239164435964, -0.854886271525, -0.460401819424, -0.911173483259, -0.361438061466, 0.197801443702, 0.335504479816, -0.372198858787, 0.865392831921,  
1449, 2239107.7601013696, 81.15752519671214, 117.30333389652557, 73.78875014395828, 61.7569552419229, -0.132240022259, -0.00741664899804, -0.99118997666, -0.122300010339, 0.992453356398, 0.00889060432993, 0.983643880672, 0.122398238108, -0.132149110191,  
1454, 2429100.242258319, 83.39095408368372, 111.46956582348308, 76.37200492907263, 68.11869614122779, 0.675035500171, 0.733192406869, 0.0821946958075, 0.338775065163, -0.407000222533, 0.848281954354, 0.655407147301, -0.544774919915, -0.523126904201,  
1462, 3801186.3732811883, 96.8151935753003, 128.33889635555636, 100.31657010884012, 70.48546662930114, -0.718825444403, 0.625543884556, 0.303290008035, -0.0154946467622, -0.450576818854, 0.892603185202, 0.695017910849, 0.636926509737, 0.333578663576,  
1467, 1834222.6049914418, 75.93718213374773, 114.68597662538801, 94.13276016681846, 40.56134256766964, -0.636391269482, 0.540342204512, 0.550487469567, 0.769153353946, 0.390492858303, 0.505883826315, -0.0583889564868, -0.745349333962, 0.664112264698,  
1468, 1915800.8376596775, 77.04667771592051, 99.95204480146792, 72.75465876091747, 62.894006055740284, 0.637090802743, -0.500420343798, -0.586254883625, -0.606026131927, 0.144779003681, -0.782158147381, -0.476285246972, -0.853591541433, 0.211030433614,  
1469, 1428434.4198639144, 69.86460892733335, 110.39043965493761, 89.20664606306717, 34.62924498711103, -0.153040190295, 0.536120262307, 0.830152856104, 0.987744105427, 0.0569196820869, 0.145333175788, -0.0306640236722, -0.8422204071, 0.538260627872,  
1478, 902538.8934891609, 59.95044884368718, 130.205945040894, 58.716446282303586, 28.182968819053652, -0.986855481678, -0.000605042972531, 0.161604121868, 0.107569885927, 0.743814140291, 0.659673589243, -0.120602561844, 0.668386234618, -0.733971977292,  
1479, 621402.9460774976, 52.937273100200564, 79.46731764232221, 47.79155123418161, 39.061149297385136, -0.0114170976356, -0.4058062811, 0.913887800609, -0.657857311787, -0.685250116913, -0.312499655358, 0.753056045198, -0.60477561086, -0.259139061701,  
1493, 3754780.1358828507, 96.41959451846914, 108.49108504453874, 101.4649044889159, 81.43029323808906, 0.529573456494, 0.0317793507073, 0.84766858326, 0.762487056861, 0.420054903635, -0.492105035589, -0.371706123566, 0.906942087898, 0.198218583646,  
1494, 740178.3351200175, 56.115467661472486, 87.4499084189652, 54.92837284334558, 36.78677083914959, 0.837474639934, -0.225527060555, -0.497768794146, -0.444485783707, -0.811015379152, -0.380376711775, 0.317912905604, -0.539807002304, 0.779448384894,  
1499, 917278.6437659162, 60.27504699642409, 100.58665262989044, 68.57640687470999, 31.74662713114282, 0.723137557923, -0.633152843677, 0.276024543954, -0.489236860624, -0.751626807329, -0.442384941778, -0.487564730603, -0.18486378512, 0.853291283456,  
1511, 2614909.341802042, 85.46520573807312, 111.88212795066161, 96.8081845458369, 57.63618591610352, 0.390463133252, -0.225568807914, 0.892556583342, -0.279751488678, -0.952743974229, -0.118397737113, -0.877084742857, 0.203464081516, 0.435114607178,  
1512, 1768214.2993552869, 75.015112171485, 104.760606719824, 74.9674287620265, 53.74965344199306, 0.818058501298, 0.515596195134, 0.254834950541, 0.469550369655, -0.342871773176, -0.813610101656, 0.332118561377, -0.785238505629, 0.52258755292,  
1524, 987724.9717097471, 61.78017604217389, 113.61571236519771, 49.11894614199124, 42.25323725638967, -0.437076354757, -0.328679683877, -0.837217967747, -0.823908674042, -0.227034896562, 0.519258753015, 0.360747497499, -0.916746868634, 0.171570457536,  
1526, 643570.4283603706, 53.55941486092707, 128.482494555944, 47.71954916329932, 25.05919865616493, -0.990851109506, -0.0901326661381, -0.100449894405, -0.124177607138, 0.317361579514, 0.940139111905, 0.0528583075464, -0.944011509646, 0.325650531982,  
1530, 702740.9729626308, 55.152968031942926, 128.5840267796515, 74.7409120102086, 17.456663934775566, -0.110678167894, -0.993045942111, -0.0401260514956, -0.977025380398, 0.11611395873, -0.178714729797, -0.182131131908, -0.0194243518568, 0.983082369563,  
1552, 763041.3222301808, 56.687392755825755, 139.56276857736296, 90.96329462542185, 14.34906788963813, -0.830415349784, 0.181469606727, 0.526762877088, 0.524296437461, 0.574374003387, 0.628655509717, 0.188477034434, -0.79822508484, 0.572112857244,  
1554, 1162499.3600969382, 65.22809640468478, 122.84735619953419, 115.15473710711493, 19.61807951918059, -0.586195736074, -0.347206399157, 0.731998821989, -0.79762051814, 0.405736876619, -0.446294853201, -0.14204248678, -0.845473419651, -0.514780175039,  
1555, 2252759.354225635, 81.32212730116652, 129.91223886861306, 73.45873659585668, 56.35502805822982, -0.133639140748, 0.267938310248, -0.954122446, 0.982930380897, 0.158674081434, -0.0931149944443, -0.126445428424, 0.950279747118, 0.284569773251,  
1556, 694420.9083426417, 54.93444312774761, 118.00759367526925, 57.538458895583815, 24.415521164360918, -0.652754528958, -0.675172211903, -0.34358988518, -0.709508723404, 0.385879557489, 0.589656118874, 0.265535113192, -0.628680722932, 0.730925202929,  
1559, 2233406.2524948474, 81.08858202833721, 110.72356223149426, 91.2337714760785, 52.781708076088044, 0.501661385685, 0.799304045941, 0.330830615654, 0.469060923408, 0.0699976335547, -0.88038751776, -0.726854665145, 0.59683613617, -0.339807184029,  
1570, 962134.7162003827, 61.2419614833749, 125.26587706871697, 81.4920624051923, 22.50086341592731, -0.489118757057, -0.454278850033, 0.744576099474, -0.857401447244, 0.0937476231795, -0.506037687739, -0.160079979257, 0.885913150123, 0.435353064397,  
1590, 2064211.1362439026, 78.98691813924354, 117.49905249162842, 87.93981171990505, 47.69200836536186, 0.398314419807, -0.77666461579, 0.487993542533, -0.829451118069, -0.532121654318, -0.16987462359, -0.391607540412, 0.337103277329, 0.856157061938,  
1598, 2881566.328711509, 88.27681803243094, 123.7344269712093, 107.21076484876164, 51.85743906927503, -0.999836160048, 0.00779918329534, -0.0163348033412, -0.0131721664168, 0.305478774107, 0.952107773627, 0.0124155987434, 0.952166945084, -0.305325992339,  
1609, 2313602.0926297465, 82.04775198462119, 100.06663517471644, 86.04360303586387, 64.14933736223246, 0.41103559958, 0.758721184998, -0.505363136084, 0.628221227435, -0.637457774876, -0.446078103756, -0.660596567716, -0.134125868814, -0.738662592823,  
1615, 2985054.797666335, 89.32120353855252, 126.53571314402132, 83.65744973113698, 67.32028726897893, -0.569768859097, -0.306505415843, -0.762507624396, -0.101645983696, -0.894436506119, 0.435489874188, -0.815494660437, 0.325634406322, 0.478467023125,  
1617, 3082748.793944852, 90.28518849122936, 126.52882235650274, 96.3717153913499, 60.35461332852697, -0.00999906799715, 0.249830167483, 0.968238042041, -0.202371868341, -0.948754956022, 0.242713123516, 0.979257701294, -0.193517236541, 0.0600452630794,  
1620, 2022594.2133540711, 78.45248726043651, 112.74261555950545, 106.6971573367991, 40.14016895616724, 0.0468238496434, -0.900684508929, 0.431943216732, -0.697041722792, -0.339195783746, -0.631727043094, 0.715500079519, -0.271502551858, -0.643697134174,  
1622, 1630034.5880336985, 73.00782384052506, 103.1518123107725, 77.3485300765966, 48.77297905315387, -0.137315632568, -0.990164844791, -0.0267954696379, -0.844914750014, 0.131205480964, -0.518559723632, 0.516975320746, -0.0485664689444, -0.854621445924,  
1629, 1764561.2205787275, 74.96341688243012, 109.36775072361023, 86.55702377557355, 44.4996428983015, 0.040417226437, 0.790620904014, 0.610970567166, -0.274523321487, -0.579151917291, 0.767606671843, 0.960730656202, -0.1987502021, 0.193636162425,  
1632, 943360.3607807826, 60.84099922552095, 128.92983975029776, 84.1157888090338, 20.766248632572243, -0.968894911577, 0.0249957209841, -0.246206954112, -0.20119113476, -0.658869052138, 0.72485426082, -0.144099887628, 0.751842261427, 0.643403789481,  
1633, 1912477.597529225, 77.00210230943787, 95.10768782642371, 82.55788729156856, 58.14783549549929, 0.30449422447, -0.879839796253, 0.364918073263, 0.118605766843, 0.415151110856, 0.901987930754, 0.945101020704, 0.231368727542, -0.230765189271,  
1641, 2560037.0362640303, 84.86316267849693, 104.59294346877405, 100.81288551268106, 57.961445578451674, 0.982505346009, -0.138024787985, 0.125029608359, 0.0704191306683, 0.896848125719, 0.436697361373, 0.172407630633, 0.420253015808, -0.890877663657,  
1647, 1431973.4800785116, 69.92225972249446, 91.47675196401244, 84.14051026233983, 44.41508406077336, -0.645245979861, -0.115584598463, 0.755180657904, 0.730306850244, 0.196894124543, 0.654128892656, -0.22429785991, 0.973587645936, -0.0426329182796,  
