# Void_ID, Void_Volume, r = (a*b*c)**(1/3.0), a, b, c, vector_a, vector_b, vector_c 

17, 2509867.957846723, 84.30514667108947, 119.49773504076981, 89.96771728047659, 55.733445153861915, 0.170330039108, -0.141575613036, 0.975163588108, -0.230576472652, 0.956424153008, 0.179129366108, 0.95803035862, 0.255360892339, -0.130263757918,  
29, 248792.87519949817, 39.016631924571534, 146.67474155613036, 54.89559630022048, 7.376604364358716, -0.770508097712, 0.149034280689, -0.619762901874, 0.218692701845, 0.975076444391, -0.037408952851, 0.598740990346, -0.164361524613, -0.783897005803,  
44, 2958890.6076985616, 89.05946871026202, 122.40376154946304, 86.5407193827727, 66.68452082157692, 0.900722418269, -0.389416615824, -0.192493700022, 0.197671883262, -0.0271573855315, 0.979891985363, -0.386813846437, -0.920661270898, 0.0525154498536,  
78, 1923452.5541574203, 77.14911637345125, 98.68068893913012, 78.02447028000421, 59.638933291404335, 0.786102844696, 0.340135666318, -0.516091121857, -0.358120296033, 0.931179787112, 0.0682206540766, 0.503777898612, 0.131194255103, 0.853812565085,  
106, 847469.5206031272, 58.70545964535948, 89.4724768869166, 53.9691530292039, 41.898687216307614, 0.505902625444, 0.200820239283, -0.838888410376, 0.70532169717, -0.656162683988, 0.268275670984, 0.496572086478, 0.727407563637, 0.473597296545,  
192, 1112974.6036967456, 64.28834046835095, 93.662043475747, 63.403979181704365, 44.742114177013164, 0.431735991643, 0.408143266007, -0.804377466078, 0.598964726165, 0.537050380004, 0.593984971315, 0.674422189975, -0.738238419314, -0.0125994411871,  
217, 2351525.644296186, 82.49362155256618, 112.27065829236817, 86.46907241661539, 57.82744985305305, 0.716871299407, -0.126081558667, 0.685710566238, -0.264062238501, -0.959342201231, 0.0996678239734, 0.645264809426, -0.252519269565, -0.721018268988,  
250, 289399.14241266495, 41.0332777739411, 94.15264845785794, 79.06242390818056, 9.281239179410331, 0.451200033177, -0.772019616867, 0.447665322795, -0.652832560373, 0.0564822698485, 0.755393540685, -0.608463785428, -0.63308408949, -0.478514741108,  
267, 1438355.491719635, 70.0259821675479, 128.61974251943957, 60.22685013635654, 44.32817386262904, -0.901467977915, -0.421555732825, 0.0982153191533, 0.168564078676, -0.132910835189, 0.976688722813, -0.39867485019, 0.897009182791, 0.190874015555,  
290, 1157007.4567447621, 65.1252169215192, 114.47957862210045, 60.41062350703264, 39.93982965496236, 0.0671987891936, 0.494348081851, 0.866662735267, 0.860721076662, -0.468043581488, 0.20023594587, 0.504622186315, 0.732499269486, -0.456947775222,  
294, 3191295.815816852, 91.33266942379336, 150.10728962515915, 85.02933970357334, 59.690863789365245, -0.594998472192, 0.612506801885, 0.520396229553, -0.101479576947, -0.699548933186, 0.707342339706, 0.797294621549, 0.368058022222, 0.478387477602,  
306, 1771856.8664532353, 75.06658786302151, 149.1002325750655, 58.1669945090153, 48.77363022649296, -0.858362000492, -0.0952087541391, -0.504132888479, -0.472444667972, 0.529795478518, 0.704352743054, -0.200026777748, -0.842764524691, 0.499737175029,  
310, 1321242.8838243391, 68.07140020362472, 99.74100214235979, 62.08428984557295, 50.93761501251327, -0.408760044247, 0.814367150246, -0.411972536496, 0.892626360742, 0.262724389004, -0.366325095414, 0.190087891079, 0.517476608188, 0.834316818507,  
333, 1623364.9433844273, 72.90811186823933, 95.71974167331277, 82.2810241199614, 49.20693872127484, 0.65838444103, -0.511256152963, 0.552401189234, 0.0793634286733, 0.776973185252, 0.624511101253, 0.748486054646, 0.367327939934, -0.552122097497,  
381, 1326119.200519569, 68.15504119128566, 118.48093385580918, 91.16051220589623, 29.311546215312475, 0.281371634701, -0.398303707717, 0.873031591412, -0.785436870253, 0.427079076494, 0.447987036942, -0.551288423634, -0.8117620457, -0.1926744797,  
401, 1275302.267917058, 67.27311034384901, 140.13091940443965, 100.4893743347344, 21.620732772624944, -0.709997688372, 0.467383736909, -0.526740661977, -0.511945902894, 0.171036148375, 0.841818287078, -0.48354387083, -0.867351761641, -0.117839919215,  
430, 2966681.6520571685, 89.1375675933567, 130.69682115077106, 97.1030758334838, 55.806440763866, 0.449548881791, 0.280253897754, 0.848153026095, 0.771841701305, 0.356071473256, -0.526757528717, 0.449628948142, -0.891443132638, 0.0562401125999,  
442, 642181.3518697439, 53.52085305439018, 129.1158985006424, 92.57149088488065, 12.826616225467998, 0.709704360072, -0.569231618746, 0.415084431789, -0.625325773556, -0.780363182534, -0.000990086870769, -0.324480196964, 0.258860324431, 0.909782355409,  
490, 2397245.462983345, 83.02482432848288, 96.80672641218372, 81.11169175177332, 72.88445355646449, 0.753184437013, -0.00823153182309, 0.657757892941, -0.569193769355, 0.493082586603, 0.657942258649, 0.329744835849, 0.869943564073, -0.366696793765,  
526, 1807705.7591597664, 75.56947019226062, 137.46582437558516, 89.26007347177973, 35.17119719087172, 0.609608423105, -0.75818936219, 0.231357864662, -0.6889538249, -0.362400972804, 0.627700694652, 0.392071674105, 0.542046516428, 0.743280146642,  
542, 2049017.9323724357, 78.7926517188325, 99.95359899514784, 90.97355310642887, 53.79520373694738, -0.0677963288766, -0.913829531519, 0.400398857535, -0.0272553053807, 0.402868829407, 0.914851821128, 0.997326830141, -0.0511106018024, 0.0522197306001,  
554, 1520251.0590289936, 71.33054930080003, 128.3077179366572, 82.03701144177737, 34.47974884234478, 0.274542375523, 0.728974789279, 0.627074350168, 0.493097053677, -0.666590866341, 0.559027649197, 0.825519097112, 0.15573173571, -0.542462760745,  
566, 2488722.449049666, 84.0677231451002, 114.39935272298858, 89.64135482839708, 57.93698312091526, 0.18078870549, -0.280231382797, 0.942754377377, -0.418367842499, -0.889414482477, -0.184147296269, 0.890103248129, -0.361126363558, -0.278035891952,  
589, 885191.6205092774, 59.563868332282084, 104.301784725629, 57.45924085907278, 35.26119781966505, -0.218489077635, 0.167231096448, 0.961403288602, 0.084667898846, -0.978242446199, 0.189401856799, 0.972159385008, 0.122782233384, 0.199576184216,  
610, 370016.8639142376, 44.53597551683867, 145.19807446179317, 47.917699333692525, 12.69626835937826, -0.452354004136, 0.863731724145, -0.222133661669, 0.875043219223, 0.38173710839, -0.297617446681, 0.172264968676, 0.329004998112, 0.928482897949,  
622, 1202560.1623492467, 65.96892409886894, 108.77504939327534, 66.14248815022148, 39.903260744749275, 0.438402859181, -0.59423490296, 0.674305430177, 0.489642771087, 0.787046047522, 0.375244554661, -0.753692835169, 0.165660493735, 0.636006062103,  
623, 1372309.8318199934, 68.93734000481237, 100.20959006702385, 81.20983123754088, 40.25739528991602, -0.0177922709937, -0.983986011174, 0.177355476114, 0.855499464482, -0.106792422362, -0.506671535412, 0.517497924019, 0.142712677576, 0.843699585336,  
624, 1183810.240803739, 65.6242713686542, 128.41291117834427, 84.00737583372245, 26.197953855711592, -0.984106109284, -0.123271576876, 0.127825208796, -0.15301187653, 0.953934501952, -0.258062650586, 0.090125087019, 0.273519806085, 0.957634786528,  
640, 750435.5431332868, 56.373490849526306, 97.73337688908639, 77.50714201784702, 23.650490830343053, -0.446226352394, -0.620910455129, 0.644478276702, 0.846791801261, -0.0599639962484, 0.528533787445, -0.289526661547, 0.781584624891, 0.552539398041,  
645, 3063066.9790294445, 90.09263614457872, 138.3251169707308, 75.76843494948903, 69.77157414058023, -0.93424629579, 0.34586598379, 0.0869515960713, 0.355193282518, 0.880554374413, 0.313786114665, -0.0319623349654, -0.324038138125, 0.945503936631,  
647, 2879428.244555869, 88.25497921916853, 105.42893969330088, 94.2927877962146, 69.1479542965367, -0.920612053519, -0.370399437009, 0.123603009585, -0.129494194846, 0.588232200794, 0.79825693323, 0.36838118901, -0.71887908233, 0.589498231186,  
652, 2617772.835068329, 85.49639098290515, 128.6091652983387, 100.74203079653914, 48.23482714389501, -0.713125847262, 0.449268493345, -0.538153646141, 0.574669076398, 0.814296373944, -0.0817121044506, -0.401505888623, 0.367531272506, 0.838876501716,  
654, 3470739.197940413, 93.92426181182859, 140.6503449896082, 81.76935293692553, 72.04469523611772, -0.930583406489, -0.348535265476, -0.11197183703, -0.110267279354, -0.024793750045, 0.993592671603, -0.349078287311, 0.936967682836, -0.0153593831063,  
663, 443931.546121069, 47.32338473914943, 73.32955387133995, 57.71132675833644, 25.043054385214234, -0.772068502499, -0.616291980165, -0.155223782433, -0.622709793594, 0.782399987285, -0.00909795902992, -0.127054084588, -0.0896351219159, 0.987837438301,  
675, 3360713.3422151944, 92.92108815002506, 108.3836382055961, 103.78098630597317, 71.32821269127139, 0.349565738676, -0.913604480259, 0.207679194901, -0.826675191313, -0.196445630209, 0.52727340388, -0.440921673782, -0.355999955088, -0.823924820337,  
693, 1828449.5972290244, 75.8574305140034, 117.2641195737494, 97.82560520413631, 38.051930360980194, -0.633397001549, -0.770768323999, 0.0687344829567, -0.757513926641, 0.599451262009, -0.258516605699, -0.158053438348, 0.21581097098, 0.963558371574,  
721, 1127014.6953507464, 64.55754250804242, 121.61557320861355, 82.82410723897254, 26.711299396734677, -0.131274686475, -0.896995541864, 0.422097091399, -0.199632424663, 0.440978795244, 0.875034054862, 0.971037513031, -0.030605555408, 0.236958748022,  
722, 832666.1352747724, 58.36163242115949, 114.38619313191222, 68.8536158590546, 25.239568976896216, 0.0128351534139, 0.989815389268, 0.141777127931, 0.480427059356, -0.13045518698, 0.867278089674, 0.876940761668, 0.0569819213223, -0.47720850911,  
728, 1051191.5053211018, 63.076038724756856, 106.09891501616775, 74.44768850768591, 31.771013751620593, -0.175837550925, 0.150868633009, 0.972789705568, 0.750577348448, -0.618848129928, 0.231647655031, 0.636957455158, 0.770886274141, -0.00442183896644,  
729, 1488389.842880051, 70.82871500545092, 106.65050517392727, 82.66518321802602, 40.30347924700472, 0.738694504371, -0.257064957979, 0.623095527661, -0.0317468092532, 0.910123858141, 0.413118267502, 0.673292335701, 0.324949488722, -0.664142500119,  
742, 1655725.2943215957, 73.38938100990326, 145.12380918351786, 66.9930089143613, 40.65664343918043, -0.760764539371, -0.547642337661, 0.348317650482, 0.189850321455, 0.325429779085, 0.926311132573, -0.620640130091, 0.770832879998, -0.143605362136,  
750, 1172155.206567906, 65.40819590681701, 97.5673022522283, 94.41534126525046, 30.37733338990602, 0.366274845404, -0.930330039359, -0.0181316157828, -0.924913961257, -0.366137448756, 0.102359820678, -0.101867079545, -0.0207216429168, -0.99458217942,  
752, 1348599.0870527448, 68.53799844835349, 98.74778001638117, 65.6977626250565, 49.626806771715835, 0.248170947436, 0.682097631179, 0.687861906481, 0.550959322561, -0.683429408085, 0.478923865606, 0.796777889836, 0.260128940534, -0.545415372505,  
754, 981187.9277927461, 61.64358134941968, 115.32214274665141, 65.32621182076267, 31.0930559879642, -0.0593285910881, 0.858936054391, 0.508634419545, 0.254127193094, -0.479748409647, 0.839798090716, 0.965349412394, 0.179081874871, -0.189816211329,  
757, 754907.6301117409, 56.48525172946133, 133.1236281879778, 50.00765878307112, 27.071575885787812, 0.0767715891334, 0.522391106402, 0.849242989405, -0.347919893487, -0.784180584974, 0.513821523358, 0.934375658297, -0.334915425297, 0.121547468422,  
761, 705134.8928947847, 55.21552410570938, 104.7221436515084, 95.80139194013188, 16.779277390982237, -0.5023144684, 0.250028052902, -0.827747635211, -0.409443617301, 0.774382312088, 0.482377403054, -0.761601010429, -0.581221134757, 0.286611049028,  
763, 1589445.9158105666, 72.39674632937464, 115.0147636456403, 98.14209937399326, 33.61616837385941, -0.135197570146, 0.910793837162, -0.390097684194, 0.981913554348, 0.175828193668, 0.0702155118066, 0.132542026593, -0.373549237047, -0.918092358474,  
765, 1494253.0637284438, 70.92159843922482, 112.11217341549452, 62.90371252953673, 50.58322277510361, -0.749886891437, 0.313539280912, -0.582548512465, 0.601337497549, -0.0440471002448, -0.797780086867, 0.275794967488, 0.948553094078, 0.155512583488,  
767, 1050445.0538298863, 63.06110508297147, 113.20401028104706, 100.06126527212803, 22.138945381168302, -0.32739930972, -0.41473380092, 0.849002689259, 0.211167899861, 0.843682215485, 0.493567054555, -0.920987410372, 0.340875627829, -0.188642509231,  
769, 2412848.3460009904, 83.20456203969236, 122.55669028083601, 96.00434350208847, 48.956854978896835, 0.945542137179, -0.0805184883679, -0.315383639162, 0.279520866923, -0.295622177131, 0.913496367449, -0.166787744677, -0.951905615815, -0.25701662749,  
789, 2644203.9062326667, 85.78317396941554, 102.77158091390433, 87.99096615913507, 69.80639486615648, -0.477954263043, 0.0626115437548, 0.876150396352, 0.871561719546, -0.090278050138, 0.481902524049, -0.10926981038, -0.993946511766, 0.0114210458157,  
795, 1580415.532729611, 72.25937929805139, 124.7432169575439, 84.71900463554174, 35.70137113189071, 0.439155038476, -0.883744850728, 0.161672171359, -0.598236090873, -0.153396238393, 0.786500587173, -0.67026594107, -0.442113823419, -0.596052795802,  
796, 2627890.9089363352, 85.60640137657089, 147.40234204794842, 90.16315432467142, 47.20470003741066, 0.533476513883, -0.436602407465, 0.724417798602, 0.242443060695, 0.899467961734, 0.363563953293, -0.810323498028, -0.0183227620616, 0.585696256548,  
801, 1855793.0817201093, 76.233696829675, 100.48886498325903, 80.18894747881166, 54.980475049476304, 0.779855487755, -0.575116960326, -0.247115155674, -0.233578781752, -0.633632232752, 0.737530437564, -0.580746391236, -0.517446302106, -0.628476692888,  
804, 3156319.3562069423, 90.99777562793133, 126.3949156542265, 78.75114341257621, 75.70173911311375, -0.713357410091, -0.541812388408, 0.44447782986, -0.6974278168, 0.486717758028, -0.526023064488, -0.0686705600856, 0.685233653426, 0.725078750474,  
806, 2639658.3320035157, 85.73398998642838, 130.21365576194071, 94.04407346179697, 51.460161361137544, 0.5330404966, -0.492579649009, 0.687919412698, -0.732452961813, 0.138350071576, 0.666612268434, 0.423533337196, 0.859199945925, 0.287045231988,  
807, 1392384.652238571, 69.27186380209253, 125.97240217039592, 75.02616335021973, 35.170817979565165, 0.0133709597835, -0.769420780495, 0.638602286229, -0.810572136392, -0.382300221558, -0.443643271448, 0.585486147692, -0.511701283113, -0.628782766718,  
810, 1348821.537950107, 68.54176667994257, 124.10112024945731, 78.52201306808566, 33.04446735929897, 0.56239155049, -0.410948456956, -0.717521504669, -0.530220146221, -0.845094170475, 0.0684283535556, -0.634493767092, 0.341960829268, -0.69316697178,  
820, 2137515.4173563328, 79.91105828457188, 100.43793391285928, 76.37965662239219, 66.51891773401407, 0.0702200342788, 0.785611351674, 0.614722661781, 0.877395208912, -0.341836059342, 0.336638910277, 0.47460172162, 0.515715922437, -0.71329537583,  
828, 559660.3095370448, 51.12248619713166, 121.09514818822755, 66.65308417060884, 16.553464666414957, -0.0618963509699, 0.920355808264, 0.386152855657, -0.688685901618, -0.319417730118, 0.650910164769, 0.722413019435, -0.225649063552, 0.653606861552,  
845, 215084.51725502996, 37.168369786163495, 130.51568565073154, 89.83146490579078, 4.379548585194813, -0.81265258097, -0.180182039269, 0.554193301446, -0.568338898454, 0.455227701225, -0.685389405041, 0.128789281958, 0.87195307945, 0.472346428048,  
846, 1137670.0793222766, 64.76035821411007, 101.36589582982754, 57.416181818797774, 46.666105191222066, 0.119257511269, -0.65936930247, -0.742300322623, -0.809778345341, -0.497190700245, 0.311545243915, 0.574488187366, -0.563944616563, 0.59323670826,  
855, 2631734.9374101968, 85.64812217498441, 110.83586332302106, 85.73752502717961, 66.11534760073295, -0.512865538552, 0.162636287069, 0.842922521643, 0.0721333425922, -0.970254066804, 0.231092679972, 0.855433060065, 0.179322290802, 0.485878375491,  
863, 2184693.9723646385, 80.49470882071553, 117.45398965983397, 83.25140712653668, 53.338726819270676, 0.764628602775, 0.47910824096, 0.431043377473, -0.388451899604, -0.191062790332, 0.901443360309, 0.514245293136, -0.856708995864, 0.0400184319028,  
867, 1801259.690110396, 75.47953922463748, 130.18382657828556, 111.74373043209651, 29.560210495304098, 0.913985216255, -0.215025343802, -0.344085928206, -0.187732879804, -0.975906136328, 0.111191631508, 0.359704587553, 0.0370312651671, 0.93233110808,  
869, 630522.1928830923, 53.19497257664459, 127.33927133483951, 72.51247911934963, 16.301841047365823, -0.762642051172, -0.174016140102, -0.62297310116, -0.636557769294, 0.372810081302, 0.675134689992, -0.114766319691, -0.911444472397, 0.395091971066,  
870, 1014824.7915492638, 62.340098810548874, 105.28821489908988, 70.14452338399104, 32.80416047451219, -0.449526757769, 0.834828428544, -0.31778481547, 0.885936727227, 0.462152775094, -0.0391270727704, -0.114200741678, 0.299125905543, 0.947355204363,  
874, 2036279.7193368892, 78.62903436694282, 131.3148594629028, 79.7258775970894, 46.433951649223395, 0.607621915178, 0.734419403256, 0.302363602831, 0.689959329025, -0.299540114014, -0.658962703336, 0.393384967286, -0.609018768362, 0.688726656444,  
881, 2159215.8745993637, 80.18057229452145, 138.36810486131705, 86.63280766741487, 43.00204139035333, -0.291831011576, 0.800142843567, 0.524028711591, 0.956269777565, 0.2552894218, 0.14274250815, 0.0195645904192, -0.542769510019, 0.839653789246,  
890, 663309.7505803902, 54.101493895705524, 95.95740409929448, 83.51770156306246, 19.75926326278484, -0.646138680198, 0.690930991378, -0.324220867783, 0.763049236052, 0.57582179841, -0.293573023004, 0.016145256657, 0.4370853711, 0.899275101989,  
892, 998543.6869734772, 62.00492030952796, 129.96120697018833, 91.16717883058074, 20.119918129577645, 0.0967894941704, 0.792060231002, 0.602720817861, -0.945142604341, -0.116677868201, 0.30510937798, 0.311989184552, -0.599188505845, 0.73731667768,  
895, 812718.9345983857, 57.89182708126831, 132.83004902028097, 53.178335728160114, 27.467598732586083, -0.177935321862, -0.400076894887, 0.89904254594, 0.285977438279, 0.85316635244, 0.436261481064, -0.941570988311, 0.334732211241, -0.0373954640091,  
900, 3203877.1004762393, 91.45253458618208, 128.9578797053466, 91.58902834087515, 64.75836919990073, 0.258575139457, -0.962520636868, -0.0818102735505, -0.451335127338, -0.195256834787, 0.870730366589, -0.854069962056, -0.18822537574, -0.484907937491,  
903, 1175110.7462795547, 65.46312443129985, 113.46816474678322, 55.56848677970633, 44.492579754104426, 0.153225263643, 0.924943202529, 0.347853547742, 0.367057695692, -0.380097732816, 0.848996090416, 0.917491507653, -0.00240532811383, -0.397748095887,  
906, 1595189.2982188736, 72.48384216811911, 115.57537105053392, 71.18354955732528, 46.28909409322772, 0.853924184335, 0.244996037877, 0.459119188046, -0.160238562527, -0.715595005352, 0.67988777853, 0.495113209768, -0.654141215442, -0.571806068326,  
907, 1297385.5414520002, 67.65919320648344, 121.67771148117077, 110.98040017032851, 22.936287568731302, 0.468379251328, -0.505304962023, 0.724767391844, 0.829692457299, 0.533518834039, -0.164219609145, -0.303696070484, 0.678251095894, 0.669136867682,  
908, 1404902.2038742544, 69.47882973792845, 131.22698641890565, 62.89625899813818, 40.63586549245159, -0.948126218285, 0.0722929829258, -0.309564853982, 0.303235078294, 0.497973857917, -0.812447243902, -0.0954209698812, 0.864173455651, 0.494063839049,  
910, 1335558.6005287543, 68.31636963816523, 156.4740561892832, 88.62658622075301, 22.99153552316812, 0.434228848084, 0.548240206619, -0.714757289811, 0.564330710567, 0.452897703772, 0.690227874711, 0.702122607956, -0.703076344194, -0.112727537154,  
912, 405349.77326654614, 45.91068525745002, 114.23267149829799, 34.43862202696759, 24.598307465376152, -0.509731415826, -0.123714141014, 0.851392209873, -0.860289345715, 0.0632585253061, -0.505866188458, -0.00872498531966, 0.99029953564, 0.138674815096,  
913, 2090305.8112978588, 79.31836246016415, 118.37392755197703, 74.8589507973836, 56.31465468140164, 0.929633042307, -0.351803114286, -0.109621966004, -0.216884152414, -0.281886571338, -0.93461287458, -0.297898759789, -0.892622277158, 0.338351591157,  
914, 910118.3451637247, 60.117800985131794, 116.15517558718841, 74.58172205510272, 25.080621072365023, 0.297143594465, 0.911219154858, 0.285281152705, -0.419980282542, -0.143594756157, 0.896101059189, 0.857509327381, -0.386083148848, 0.340025816124,  
915, 1255707.2063665548, 66.92677925520259, 110.37937625685191, 83.033541054782, 32.708323349577384, 0.478666021874, 0.305806127377, 0.823019715415, -0.693169757581, 0.706954877138, 0.140465258573, -0.538882665038, -0.637728323151, 0.550370837865,  
916, 881287.229262426, 59.47616475631582, 93.16857233182076, 84.49690610582556, 26.725055730516164, -0.262193533633, -0.91555901243, 0.304969253661, -0.659523276196, -0.0606943983628, -0.749229763266, 0.704473987509, -0.397577520447, -0.58791880065,  
918, 1476065.068125356, 70.63267124657608, 135.60286091123652, 65.32293071290259, 39.78161223601672, 0.0377088026205, -0.0658371934999, 0.997117600966, -0.724103086309, -0.689453190002, -0.0181388862288, 0.688660124156, -0.721331936593, -0.0736713692651,  
924, 2582195.610670869, 85.1073059171558, 104.27328001566234, 83.04023366151442, 71.19326847592473, 0.926870806556, 0.201933726506, 0.316438426954, 0.286272737828, 0.165032995098, -0.943828390178, 0.242813565375, -0.965394676093, -0.0951561445279,  
928, 2363972.9920988306, 82.63892017897344, 109.78810735725116, 93.32557604879007, 55.08050629716777, -0.389554950605, -0.24459264913, 0.887930952524, -0.43319715541, 0.899449553896, 0.0577124296905, -0.812765135204, -0.362167000137, -0.456341866377,  
933, 1953080.7021800717, 77.54322511427362, 108.43871613585684, 75.58264968353912, 56.88858081886409, -0.128083311876, 0.92819390735, 0.34935760415, 0.990510105544, 0.102018295762, 0.0920977640621, -0.0498437160963, -0.357838423996, 0.932452286328,  
957, 2854513.391313639, 87.99969328940804, 109.30772624547294, 89.3192953117373, 69.79869887231311, -0.948371977566, 0.0150956101814, -0.316800749243, -0.297739813777, -0.386534622559, 0.872892885099, 0.109277607311, -0.922151347728, -0.371073168558,  
958, 691123.8733624903, 54.84736424701756, 113.56641527886477, 59.67132063292128, 24.347351099497605, -0.797248534836, 0.603217896633, -0.022867944456, 0.142277273691, 0.224587670347, 0.964011180287, 0.586644654875, 0.765302912257, -0.264876388901,  
959, 3476470.1310284734, 93.97592973540884, 116.74742870311427, 93.42456568776414, 76.09243487211847, -0.46544063691, -0.640468430241, -0.610872493551, -0.178364512805, -0.608155072228, 0.773520205745, -0.866920477371, 0.468985711923, 0.168823244631,  
969, 2353088.594891916, 82.51189407285281, 105.3049641611154, 83.5067617180632, 63.882099702620465, -0.370867683953, 0.660684113063, 0.652651257369, 0.906794115322, 0.105932538946, 0.408047459997, -0.200453469456, -0.743151935972, 0.638391421186,  
977, 96713.71557056892, 28.475180545231243, 107.0603921962945, 41.12936460183383, 5.243468084032735, -0.497293628088, -0.524452897624, 0.69112097757, -0.226640940004, 0.847474340513, 0.480022006252, -0.837456226783, 0.0820755770388, -0.54030608721,  
984, 779888.3928709185, 57.101556835174236, 129.59834405532033, 61.010136352243215, 23.547369542169076, -0.545153723518, -0.642219059694, -0.538852574552, -0.820154590011, 0.541704323026, 0.184127333384, -0.173648686199, -0.542320113754, 0.822031038343,  
987, 1969511.3383905631, 77.76006686347233, 136.89805088076747, 73.83826685878795, 46.51479560649677, -0.586592552518, 0.594074942225, 0.550439951631, -0.182348353291, -0.759083355779, 0.624933226058, 0.789086975804, 0.266209357461, 0.553601230686,  
989, 2512683.123747312, 84.33665487516129, 98.43761028090007, 87.9169071431213, 69.31315220779874, 0.303952184915, 0.826626658465, -0.473604726329, 0.345743244142, 0.367520174004, 0.863360023878, -0.887735703019, 0.426165800148, 0.174092022703,  
1007, 1923555.8916056594, 77.1504979602641, 137.91047054511375, 103.36067041138699, 32.21540850356167, 0.0341483760156, -0.680671520255, 0.731792436371, -0.43159227493, -0.670467649887, -0.603490877045, 0.901422207756, -0.295227728998, -0.316667951321,  
1009, 1485170.836478651, 70.77761668757218, 127.51457550309672, 68.15686325938073, 40.79607475343104, -0.481350146149, 0.762201769741, -0.43284003859, 0.843901819196, 0.536461913028, 0.00619156100288, -0.236921413891, 0.362294187193, 0.901449480318,  
1014, 357928.40065018233, 44.04559862274943, 132.53953601637133, 72.1512541777967, 8.935486848765892, 0.625235720241, -0.778877771116, 0.0492921068345, 0.453746057814, 0.414174574095, 0.789033546303, -0.634976227234, -0.470965858459, 0.612369456303,  
1021, 1312674.5619201537, 67.92393222567323, 139.66264764415712, 72.59387995715845, 30.909229563264123, 0.553990764901, -0.363690030403, 0.748881695724, -0.571945681868, 0.487386410409, 0.659797411288, -0.60495650207, -0.793841324658, 0.0619966278777,  
1024, 1753541.798985914, 74.80704580604544, 111.03437795061447, 80.95356889262699, 46.572982393819075, 0.765204476922, -0.643783943635, 0.00208384648044, 0.374241528224, 0.447454261092, 0.812236395874, -0.523837176087, -0.620747064551, 0.583324690718,  
1030, 2338861.1219763383, 82.34526063790568, 117.35004838764873, 74.83473232159021, 63.581291155687786, -0.12855630843, -0.820095468483, 0.557599047826, -0.991696681887, 0.108187571412, -0.0695207920391, 0.00331160028923, 0.561906461936, 0.827194149724,  
1031, 1249751.0995989612, 66.82079516370138, 118.95601861897138, 75.56462387791204, 33.19173641988393, 0.111593539492, -0.969770812497, -0.217005652398, 0.597352653387, 0.239974874564, -0.765233210904, 0.794176736901, -0.0442338197184, 0.606074813664,  
1035, 981179.0758019097, 61.64339597206816, 117.62476486287402, 78.70564843622287, 25.302008609781314, 0.719148453924, 0.641381709755, -0.267310687423, 0.448219413136, -0.134225984151, 0.883788856496, 0.530965967749, -0.755389229186, -0.384008142522,  
1036, 1011886.2057101214, 62.27986876285229, 143.7844199424011, 52.140282231885756, 32.22239809366823, 0.878945652107, 0.381783504146, -0.285824940488, -0.280965099493, 0.898782298604, 0.336524876619, 0.385374043638, -0.215480244288, 0.897248633775,  
1037, 981831.4097958948, 61.65705408856323, 111.795139427538, 65.45163419807517, 32.033537119496565, 0.909807961687, -0.13986678273, -0.390751527111, -0.351934423838, 0.239034564198, -0.904988750447, -0.219980985924, -0.960884883952, -0.168251614032,  
1043, 1400559.7409442097, 69.40717098206453, 98.9431386214475, 80.71625798774724, 41.86646826793841, -0.243944867044, 0.797043587445, 0.552460334826, 0.772015759295, -0.185165954031, 0.608033910952, 0.586926374635, 0.574834836437, -0.570159926315,  
1045, 2364508.9123262945, 82.64516454283819, 95.50286536905848, 85.24225779816607, 69.33954696162654, -0.292274657769, 0.511524409485, 0.808033602598, -0.741454449263, 0.412436047449, -0.529284239736, -0.604003993442, -0.753816479831, 0.2587274447,  
1046, 3336967.133707777, 92.70171597367597, 96.62403244602584, 93.9855573100274, 87.72372016047564, -0.865868495842, 0.102566870355, -0.489644549662, -0.189739736536, -0.972958622273, 0.131720733845, 0.462893703012, -0.206957861534, -0.861915229742,  
1047, 2579805.9013149887, 85.08104344799396, 100.06466243659743, 84.50520167141369, 72.83401401921218, -0.150297787043, -0.972626029382, -0.177226358589, -0.48287479127, 0.228645596619, -0.845312443481, 0.862694911986, -0.0414704487042, -0.50402151811,  
1048, 2646777.1520733912, 85.81099199912504, 98.4238147058175, 90.6888277966882, 70.79046838916828, 0.370161414005, 0.0461303464398, -0.927821382982, 0.19450869541, 0.972778933907, 0.125966317551, -0.908375965662, 0.227097197, -0.351112472184,  
1049, 3398198.3215094777, 93.26528834186904, 100.11743919148718, 98.34292693866847, 82.39621254110958, -0.816692555403, 0.571486327584, -0.0801039782647, -0.438620071859, -0.524536088447, 0.729708383177, -0.375000936681, -0.631082616859, -0.679050092546,  
1050, 3304695.512215303, 92.40190972273116, 106.30330446615227, 96.61517584519295, 76.81583005847983, -0.363269356486, -0.835630984092, 0.412014845685, 0.75045411998, -0.000367537736995, 0.660922445315, -0.552135842383, 0.549291109833, 0.627236229991,  
1051, 2563013.0933881626, 84.89603457486743, 115.85668251708196, 87.94436697569228, 60.05277763569378, -0.8308115783, -0.49257794165, -0.259073527714, -0.547629032446, 0.640490005882, 0.538400404149, 0.0992701575698, -0.589185474842, 0.801876494263,  
1052, 2691994.9162325906, 86.2969027112816, 105.85939790596363, 92.13304758155166, 65.8932258925018, 0.532174151468, 0.154775348922, 0.832367265019, -0.215571068927, -0.925972580698, 0.310006280643, -0.818730594732, 0.344411630411, 0.459413585005,  
1053, 3512382.6354264044, 94.29841739036021, 106.82629105118853, 92.78478001830031, 84.59765396545454, 0.693244240903, -0.697442244168, -0.181622516516, -0.597716180565, -0.697190602299, 0.395803779109, 0.402675787633, 0.165829973518, 0.900195884204,  
1054, 1468497.4582667435, 70.51175593918377, 138.10755234668494, 91.63717145755584, 27.70100246851141, -0.261209431992, 0.942538904316, 0.208302775999, 0.961947058127, 0.272096642169, -0.0249253822626, 0.0801716283912, -0.193865497629, 0.977746735525,  
1055, 3531170.3271485534, 94.46625218979669, 102.73749403178483, 94.47139881459941, 86.85618362615824, -0.880682954667, -0.403043171313, 0.248905073105, -0.432731650222, 0.898264764053, -0.0765750126171, 0.192719620835, 0.175147411399, 0.965496003112,  
1056, 2776879.5047393613, 87.19457702211915, 113.68708534478186, 87.6706443371915, 66.51247290186357, 0.249505862707, 0.910527165651, -0.329677274143, 0.567338393436, 0.138453088413, 0.8117622125, 0.784776383315, -0.389578006207, -0.482032162071,  
1057, 3648625.857509408, 95.50224352882157, 108.0097565057232, 97.0100279033589, 83.13063650951689, 0.488985889548, -0.413159741297, 0.768239434028, -0.525038067757, 0.563902613136, 0.637454994729, -0.696582965073, -0.71506144566, 0.0588158286574,  
1058, 1224192.469445238, 66.36213730649705, 116.22058021237362, 82.88265902643113, 30.33991638029317, -0.950851708578, 0.236767308843, 0.199555179734, 0.109888631643, -0.344492546965, 0.932335440558, 0.289491825326, 0.90844159226, 0.301543291288,  
1059, 3001674.725046111, 89.48666842896266, 103.53658529648337, 98.56057542542978, 70.22276911348655, -0.886472121835, -0.336707515525, 0.317482639209, 0.429296520564, -0.854515068068, 0.292418357626, -0.172834240364, -0.3955149143, -0.902051150392,  
1060, 3146079.062378941, 90.89925860788249, 108.76438668933775, 86.639110060276, 79.70403815923922, 0.906506900767, -0.415571170271, 0.0744704055433, -0.267678078738, -0.702138231798, -0.659810843811, -0.32648688339, -0.578188988036, 0.747732444855,  
1061, 3381794.1973171243, 93.11497302077356, 111.45231492974249, 86.86659279078935, 83.39052049077277, 0.300173525543, 0.607083328097, 0.735761977347, 0.741917884891, -0.633393432166, 0.21993319933, -0.599544582697, -0.47985684619, 0.640533918324,  
1062, 1543890.6100615426, 71.69837380348885, 123.13886056855576, 94.90353280100275, 31.53918063378287, -0.075357914052, -0.995476592031, -0.0578579251962, -0.948267224591, 0.0894877585866, -0.304600085079, 0.308399830669, 0.0319107471148, -0.950721435891,  
1063, 2687510.167679397, 86.24895375640963, 101.25566449819098, 93.886285214955, 67.49009242059884, 0.0301907540481, 0.191604519584, 0.981007760645, 0.150105366684, -0.971194171303, 0.185068259082, 0.988208934013, 0.141667179339, -0.0580819510292,  
1064, 1915927.378493215, 77.04837401892853, 116.48951376493409, 84.55212993360267, 46.4385926204068, 0.752710306627, -0.634320525757, -0.176251708928, -0.561277984334, -0.478378059141, -0.675367645682, -0.344084609651, -0.60728239159, 0.716110241699,  
1065, 3586252.4614435756, 94.95490785677283, 106.162410679656, 96.57555515460402, 83.505343148814, -0.216744780294, -0.205066792137, -0.954447123196, -0.291897903936, 0.946574036088, -0.137088321463, -0.931567127959, -0.248887936562, 0.265023548276,  
1066, 3292871.091248101, 92.29157128639987, 115.56010810310926, 88.10091752599612, 77.2143018842858, 0.80775621383, -0.122237155634, -0.57670441025, 0.171168878709, -0.887490594001, 0.427857056178, -0.56411976918, -0.444318043008, -0.695952845154,  
1067, 3661060.754841995, 95.61061437656313, 106.40497508276738, 94.12714805215998, 87.26528112413253, 0.67035377906, -0.537483032155, -0.511603167549, -0.230023675366, -0.806008122959, 0.545380614338, -0.705489135048, -0.247917114919, -0.663944413682,  
1068, 2750368.590658419, 86.91620657996596, 125.47787112692359, 84.2793316379814, 62.08891430121068, -0.674463165827, -0.307340368973, 0.671298246342, -0.726267795363, 0.112645110342, -0.678119582769, -0.132795057744, 0.944908978006, 0.299186389936,  
1069, 2509677.425707007, 84.30301332559988, 120.00363040920085, 78.71070090741068, 63.430937531741876, -0.444033205291, 0.713961585274, -0.541380981706, 0.17861294848, 0.662616790825, 0.727348886815, 0.878027292989, 0.226269404184, -0.421746641357,  
1070, 3057201.3131602043, 90.03509131701091, 111.03603690223665, 93.35066081499382, 70.41319955872127, -0.0876219028631, 0.746367068351, 0.659741314016, -0.60253405754, -0.567110717367, 0.561549769613, 0.793268625147, -0.348312551495, 0.499402898297,  
1071, 1444978.952381078, 70.13330478226548, 115.77051422929193, 76.36964852959429, 39.01702551692231, 0.408263310993, -0.884169254642, 0.227081038492, -0.338861545586, 0.0841966663873, 0.937061243619, -0.847640207765, -0.4595167576, -0.265236550394,  
1072, 3036972.150538076, 89.83606761969106, 106.17909371852993, 97.21261960740274, 70.24097635138357, 0.660814945377, -0.253642320639, -0.70639166271, 0.324870302606, 0.945094212432, -0.0354431391447, -0.676596552201, 0.206064317165, -0.706933237824,  
1073, 2491931.882405172, 84.10384527361424, 97.40802617444974, 87.24409854403929, 70.0030164921961, 0.428361562488, -0.747165718754, 0.508182802249, -0.634651514189, 0.151554749908, 0.757791932735, -0.64321367159, -0.64712792128, -0.409269625284,  
1074, 2666009.1912338813, 86.01833085319008, 118.45441959186039, 82.73071207812568, 64.94638781959513, 0.868883259605, 0.489610943682, -0.0729589268403, -0.27080576681, 0.593519266582, 0.757891230229, 0.41437436919, -0.638761304418, 0.648288422029,  
1075, 2851903.5213485505, 87.9728658579806, 103.72881463095258, 92.5641916887316, 70.9093969794625, -0.849860575512, -0.431157395223, -0.303051650274, -0.023622230615, -0.54329907272, 0.839206832553, 0.526477912557, -0.720367557658, -0.451543563195,  
1076, 3497095.7101330557, 94.16141359468422, 113.50866263037275, 96.30738958043102, 76.3713189272583, 0.682020840725, 0.370050490959, 0.630801242039, 0.632525813416, -0.73142735193, -0.254804089865, -0.367094903506, -0.572779768314, 0.732915185291,  
1077, 3546729.8835173743, 94.6047992073593, 111.50481519230598, 96.46698051221941, 78.71675773351134, -0.00978162747997, 0.124214751807, 0.992207143291, 0.225557602722, -0.966407484104, 0.123208532667, 0.974180726363, 0.225005044614, -0.0185645436369,  
1078, 2810516.867247342, 87.54523823891029, 115.17541540337997, 86.12646325215665, 67.63962419325476, 0.100207330257, 0.855748786525, 0.507594823973, -0.912662862717, -0.124111968678, 0.389413300041, 0.39623855186, -0.502285012311, 0.768573208242,  
1079, 2434661.879209456, 83.45454919466258, 109.43466226893743, 74.42093476451939, 71.36742443680237, -0.711589834838, 0.410537739174, 0.570174246761, 0.348926773119, -0.497882348775, 0.793954201311, 0.609827856002, 0.763918799017, 0.21104040976,  
1080, 3544905.5470676124, 94.58857575743964, 108.96571204148667, 94.60950335231333, 82.09022290323287, -0.396337794953, 0.882056673536, 0.254739822096, -0.106675060249, -0.319826001025, 0.941451942793, 0.911886387557, 0.345958601192, 0.220852580807,  
1081, 484074.1171623324, 48.70883595615035, 88.32443599394593, 57.1290364208486, 22.902636535656047, 0.09582477913, 0.504499178474, 0.858078196101, 0.41680636654, -0.803167804437, 0.425668804034, 0.903930342735, 0.316862835995, -0.287241846967,  
1082, 1325183.424205835, 68.13900621225544, 96.41662712465602, 70.05539221660976, 46.83751896781977, -0.627322304884, 0.0582545726645, 0.776577832905, 0.737503834175, -0.275823795795, 0.61644896646, -0.250109616713, -0.959441315786, -0.130067448622,  
1083, 2582621.1973265614, 85.11198133676477, 98.12999435047489, 85.08869687606312, 73.8411506484906, 0.473251332472, 0.876454117849, -0.0886642860401, 0.581570476645, -0.235246355431, 0.778739322849, 0.661671336094, -0.42010395328, -0.621050490242,  
1084, 4110603.548988861, 99.37389851269945, 113.5359255938248, 97.4740863329659, 88.67363372932664, 0.204833024845, 0.179864237094, -0.962129039239, 0.46860456008, -0.881018119445, -0.0649371964406, -0.859332996111, -0.437556772801, -0.264746808047,  
1085, 1114304.6645514017, 64.31393954476327, 90.34459473709926, 68.48517643948041, 42.99486465239116, -0.144265319708, 0.522715295985, 0.840212019, -0.957563848553, -0.2878480451, 0.0146621579576, 0.249517521375, -0.802441413609, 0.542059760775,  
1086, 2498736.8254910074, 84.18033234370502, 113.79536094901361, 93.45800556502658, 56.09069762638322, -0.930627040142, 0.319061698015, 0.17925664567, -0.278883566339, -0.935447430006, 0.217168280654, -0.236975248884, -0.152110941603, -0.959533737219,  
1087, 2616698.6423388645, 85.48469501432847, 122.40545961408903, 88.92903307228234, 57.38795387513299, 0.397663495416, -0.821129369359, 0.40940237321, -0.799614934191, -0.0913199669753, 0.593528955192, 0.449977445471, 0.563389050664, 0.692901923911,  
1088, 2077440.5159777342, 79.15529941548102, 106.85524079543951, 94.00231502512996, 49.37482978817439, -0.207550002708, -0.887765872882, 0.410846384093, 0.885700944999, -0.348838425388, -0.306342274262, 0.415279222214, 0.300305690788, 0.858696488684,  
1089, 3628895.41239894, 95.32978512678984, 102.2133346283657, 96.02992066076877, 88.2615835888195, 0.0704726783282, -0.574042960506, 0.815786909127, 0.0461317369845, 0.818820762977, 0.572192643225, 0.996446418254, 0.00269028096053, -0.0841860911096,  
1090, 2537344.6422887207, 84.61167328177673, 99.33510117355507, 86.85099825765302, 70.21231591654163, 0.793930095683, -0.334550514324, -0.507691792857, -0.530638866011, 0.026364248486, -0.847187889597, -0.296812056775, -0.942008959494, 0.156594135222,  
1091, 2840424.351135008, 87.85467421840349, 114.50602314342578, 81.39424116199538, 72.75663549855251, 0.477614203529, 0.86238835697, 0.167842170954, 0.794913452994, -0.505536957412, 0.335477252492, -0.374162097007, 0.0268087010798, 0.92697573793,  
1092, 2571624.54986534, 84.99100889124918, 102.04252717034909, 86.34175059615825, 69.68140489716174, 0.879715814224, 0.260096794278, 0.39805746295, 0.230699816791, -0.965471922963, 0.121002316101, 0.415785618722, -0.0146158672568, -0.909345201608,  
1093, 3724043.4451739895, 96.15577587741728, 112.77573055244108, 98.06249737631822, 80.39101854452505, -0.29917062416, -0.843719177314, 0.445684740004, 0.185216809242, 0.406845968673, 0.894522828858, 0.936051105023, -0.350163258506, -0.0345546115335,  
1094, 2812141.174054438, 87.5621002548721, 106.16281559095454, 99.04753442988634, 63.84581167581608, 0.400751267567, 0.742999681479, -0.536050272703, -0.320146817314, 0.661769975393, 0.677913353631, -0.858431381595, 0.100059847042, -0.503074139767,  
1095, 1501245.2141572675, 71.03204894046716, 88.5780881768365, 83.81988269693946, 48.271375628186625, 0.689228823387, 0.45404455041, 0.564630122519, -0.71552678182, 0.549101076858, 0.431867377666, -0.113951978973, -0.701663419052, 0.703337325081,  
1096, 24666.154930770193, 18.058054049457176, 99.06511622928257, 51.713128892408434, 1.1494531554799443, 0.72914221531, 0.594864086755, 0.338361268679, -0.393004055055, -0.0408047486305, 0.918630929808, 0.56026729564, -0.802789941877, 0.204031533489,  
