# Void_ID, Void_Volume, r = (a*b*c)**(1/3.0), a, b, c, vector_a, vector_b, vector_c 

15, 1919002.1616668915, 77.08956911254342, 124.63155437465201, 79.62398450713225, 46.1652228794018, -0.902735319018, 0.354123375054, -0.244265386492, 0.38030883057, 0.922329130587, -0.0683678891078, -0.201082413919, 0.15461439167, 0.967295328584,  
37, 402016.3057361473, 45.78448706330819, 80.79697795107667, 44.08725375706575, 26.94305855253008, 0.0997860446511, 0.826725178462, -0.55368603431, 0.924083408219, 0.129328742338, 0.359644172842, -0.368934411443, 0.547539547159, 0.751057816916,  
38, 3089400.851059456, 90.35008195723347, 139.5843816627063, 80.84552987452119, 65.35710603119198, -0.470495054711, 0.325359846187, -0.820228854639, 0.830072882814, -0.152153413624, -0.536496363398, 0.299354994461, 0.933268615786, 0.198484956808,  
41, 1603518.4611692843, 72.60977957131867, 150.0757169847178, 65.91670400243163, 38.69719132304105, -0.495775856598, 0.580826901956, 0.645636437927, 0.829310988002, 0.537305687372, 0.153446679654, 0.257778170514, -0.611508551275, 0.748069319331,  
73, 1852856.501170481, 76.19346522942202, 108.45514668373383, 90.37302633226301, 45.12988059933915, 0.149488785684, 0.952892924642, 0.263909410827, -0.575601185441, -0.133153106419, 0.806816909571, 0.803950482476, -0.272516649802, 0.528581400833,  
74, 1389747.9862762776, 69.22811100355288, 104.5733389699053, 66.95343261630936, 47.3863896739847, -0.848270389768, -0.529535922023, -0.00539009551678, -0.510183850984, 0.819913713312, -0.259718965263, -0.141949934968, 0.217561968206, 0.9656692011,  
93, 1322183.4611805629, 68.08754944996652, 105.53631030374758, 62.11765743267502, 48.148873991060725, -0.76213392905, -0.612685613823, 0.209208539038, -0.640639482472, 0.667049565251, -0.380297161437, -0.0934501347783, 0.42386462003, 0.900891700593,  
101, 3320073.928060475, 92.54501887010102, 122.81475390342518, 100.46655498291567, 64.23727242942273, -0.474071309215, -0.647426394846, -0.596737343423, -0.876161117445, 0.413969742282, 0.246922556185, -0.0871670239101, -0.63989695712, 0.763501011271,  
115, 424967.5162107324, 46.63969572337716, 128.61182351986992, 59.52267835078285, 13.252681611084542, 0.81135937214, 0.241349481898, 0.53239684149, 0.459855307317, -0.825812661335, -0.326445316571, -0.360872644535, -0.509689980249, 0.781016682575,  
145, 3027504.1210311693, 89.74261313711585, 129.94170201879646, 88.77359904857443, 62.656157188593774, -0.945025049306, 0.323539434216, 0.0474330126869, 0.283111349396, 0.736951732474, 0.613799729429, -0.163632576305, -0.593484943795, 0.788035533121,  
151, 770605.5709990389, 56.87409665138551, 119.01157316751697, 64.95200456307472, 23.799168297242645, -0.627495055512, 0.750937546309, 0.205773557222, -0.103405235057, -0.342310704412, 0.933879402818, 0.771723598623, 0.56472664466, 0.292449147956,  
164, 2448153.3478365797, 83.60841738791666, 117.37587407369959, 89.75935066220842, 55.474253515776965, -0.942545979695, -0.0718799761807, -0.326251965796, -0.0846295710763, -0.893350517463, 0.441319259322, -0.323179380315, 0.443574257564, 0.835940767139,  
167, 475887.1783654919, 48.43267594979931, 105.665159714498, 76.87862730565516, 13.985498807923245, -0.59239584127, -0.492609304282, -0.637497639666, -0.794975612928, 0.229055463786, 0.561736031744, 0.130694078271, -0.839565165931, 0.527303887773,  
170, 1748503.7435656418, 74.73533502490857, 105.69152182601655, 76.19535202396892, 51.83335570450326, 0.75127017462, -0.590162602971, -0.295467810059, 0.363269301196, -0.00401032418571, 0.93167555088, -0.551024989937, -0.807274438685, 0.211375119422,  
220, 1327469.0631466156, 68.17815845576601, 118.04103132957908, 60.243006660680514, 44.56523131867151, 0.407316974873, -0.854941829041, 0.321196748016, -0.64386278765, -0.019386522188, 0.764895334956, -0.64771412881, -0.51836148749, -0.558361688896,  
233, 337682.11689756415, 43.198946009624144, 129.12973346569208, 58.86701687010531, 10.605256322825733, -0.973131621508, -0.108792039167, 0.202926438484, -0.132166046296, 0.985607801033, -0.105401132581, -0.188539076661, -0.129389160121, -0.973504731275,  
235, 2071134.6619489181, 79.07512902565476, 138.18977065399056, 82.60452428895157, 43.31516739624792, 0.300577505087, 0.677641871708, 0.671159189122, 0.628398817585, -0.670072526907, 0.395117368312, 0.717473406819, 0.302992248072, -0.627238079293,  
237, 1120249.6192185325, 64.42811104721441, 105.47506197958704, 66.4219047113892, 38.173772517453095, -0.800649678116, -0.586491334881, 0.122425516305, -0.587649616066, 0.808549170785, 0.0302682533401, 0.116739117997, 0.0477090403592, 0.992016041099,  
244, 1550703.3668122413, 71.80368067105651, 89.47541788939125, 84.39926275738729, 49.02275701342831, 0.389106184199, -0.700409078214, 0.598350650182, -0.455327266665, 0.418413973299, 0.785879651842, -0.800795515503, -0.578235998623, -0.156107886565,  
249, 1936432.2874470807, 77.32226523965483, 131.5611930207598, 103.6448321327029, 33.90300943047236, -0.736252929783, -0.637997081368, -0.225591106987, -0.669916500344, 0.640066332279, 0.376200708199, 0.0956216813952, -0.4281060785, 0.898655484376,  
268, 588874.1405453107, 51.99696055831293, 112.27739503364793, 75.8460661441017, 16.508533132828994, -0.180157497103, 0.963183000495, -0.199553962112, 0.837614586893, 0.256584361712, 0.482251251059, 0.515698632984, -0.0802681311714, -0.853001727464,  
269, 543167.0466670076, 50.615275088882605, 113.43539291689564, 91.03887735125001, 12.556521116705328, -0.454399829321, 0.285427292655, 0.843831769798, 0.781252158831, 0.582806459535, 0.223565862882, -0.427978807227, 0.76083368178, -0.487817844316,  
283, 1270436.2339241218, 67.18743902662919, 128.40446326682786, 69.85974038753322, 33.81093456277801, 0.356078073495, 0.793319647344, -0.493814077071, -0.592594378897, 0.600304094122, 0.537091143735, 0.722523568941, 0.10138506654, 0.683871889032,  
296, 1428833.9793445342, 69.87112246039827, 118.4539487303804, 66.6840386460526, 43.18388623711141, 0.258951271733, 0.852188494012, -0.454663622408, -0.616567585443, 0.508178856334, 0.601330743066, 0.743497579989, 0.124615491208, 0.65702536321,  
304, 424893.67832477787, 46.63699435925471, 125.02603891657155, 112.31936871185879, 7.223314668410773, 0.959125721039, -0.0737301766761, -0.273206354775, 0.275507607838, 0.463706171233, 0.842064216544, -0.0646019292707, 0.882915878104, -0.465065740435,  
315, 2580110.5931615676, 85.08439285756425, 136.49470503558464, 89.98190949508005, 50.15089676003883, -0.933826410126, -0.319796216428, 0.160307877879, 0.0047647930461, 0.436970594006, 0.899463171409, -0.357694747654, 0.840706298259, -0.406530918343,  
325, 1206804.1539800651, 66.046437297431, 122.83485189240086, 85.3946882835894, 27.466019434274358, -0.858067236859, 0.294776530294, 0.420508518603, -0.0169038288781, -0.834615957004, 0.550572851568, 0.513259074541, 0.465320321394, 0.72113946009,  
331, 1570701.3441003708, 72.11102499028824, 108.5982195885285, 84.27622115101815, 40.97106439236869, 0.731055650134, 0.675355906935, -0.0972215787504, 0.585744871371, -0.69425914604, -0.418219061978, 0.34994368414, -0.248794367113, 0.903128330208,  
348, 113702.6833761426, 30.05342928839533, 126.76228346066696, 79.46002087212953, 2.694904478826455, -0.969392189591, 0.138191102606, 0.202933491374, 0.0536981557977, -0.687205906082, 0.724475362389, 0.239573142953, 0.713197912088, 0.658751430639,  
353, 1766738.092400576, 74.99423071659827, 158.80360992844018, 71.3609294875152, 37.21882813053696, 0.681840881635, 0.291327178362, 0.670985459812, 0.312768006626, -0.945304686496, 0.0926025038489, 0.661263325887, 0.146722611874, -0.735665201706,  
356, 646564.9751205965, 53.64235737774416, 108.42580892559522, 66.11879645656009, 21.531086960831118, 0.740331504014, 0.153590128909, -0.65446110386, -0.179785828556, 0.983324294292, 0.0273932127647, 0.647754830174, 0.0973827734095, 0.755599282311,  
363, 1671897.993669226, 73.62755674560785, 96.21274749072268, 84.73105208052826, 48.960512100034336, 0.85158586771, 0.444527748053, -0.277842745323, -0.475908087443, 0.877823192079, -0.0542027282887, -0.219802188851, -0.178385886938, -0.959096175114,  
388, 422583.8338081038, 46.55233003849841, 127.21350899822501, 78.00153467248424, 10.16688450199974, -0.788574983752, 0.392112484044, -0.473705916004, 0.614604297076, 0.477159780964, -0.628156112321, 0.0202744424477, 0.786489887594, 0.617270284152,  
395, 948254.6349956287, 60.94603475049546, 122.64728274825141, 79.37617852330861, 23.253495588026897, 0.550059594988, 0.639416670095, -0.537197136968, -0.447518873326, 0.768783405638, 0.45683578366, 0.705096660026, -0.0108810486464, 0.709027716525,  
408, 1071331.6428875763, 63.476324898879014, 123.85184320143853, 78.7493478925894, 26.22321180022712, 0.890944180921, 0.35519767323, 0.28293652895, -0.278329045316, -0.0651869974312, 0.95827115051, 0.358819465771, -0.932515559279, 0.0407838532555,  
425, 1581643.4721648882, 72.27808897053778, 123.96418081777053, 77.66904744214672, 39.2171284125543, 0.586609371618, -0.559037490401, 0.585974853945, 0.38087879682, 0.828966628402, 0.409567663675, -0.714717277854, -0.0170708324862, 0.699205119701,  
430, 1500880.2249952399, 71.02629193529718, 136.04986269237045, 82.92795400892348, 31.75838196782014, 0.409184541629, -0.811537626104, 0.417102735918, 0.643677624117, 0.58072608438, 0.498433878396, -0.646720285057, 0.0645282600047, 0.7599927477,  
435, 1704409.8173329285, 74.10175138352136, 132.09811123685003, 65.63707187513691, 46.928817503427524, -0.240344839233, -0.0727756140772, 0.967955612748, 0.960552243655, -0.161556671627, 0.226359954635, -0.139906202378, -0.984176382489, -0.108734091654,  
467, 412820.3912536697, 46.19101554015557, 80.580684355381, 53.8805733152183, 22.699138367071566, -0.0149809967419, 0.627796434622, 0.778233388138, -0.853941038915, -0.412925278018, 0.316666096751, 0.520154084665, -0.659821454221, 0.542287171852,  
472, 1457928.9985873576, 70.34219588758359, 125.21621606276204, 73.0860553712281, 38.03230671114209, 0.201228550707, -0.714941168193, -0.66960152061, -0.564190604642, -0.643402964343, 0.517418193639, -0.800747171094, 0.273663573566, -0.532834136001,  
476, 1527949.6896819973, 71.45075382855482, 109.72655729222382, 93.2538748032757, 35.64854475164731, 0.0145400694437, 0.998849324224, -0.0457013553181, -0.997413950226, 0.0177061974705, 0.0696555989515, 0.0703846451631, 0.0445703720926, 0.996523699496,  
512, 1797910.6033564126, 75.43273043522336, 94.6437229221738, 75.03284522320322, 60.441641961071646, -0.749487294917, -0.581240151797, 0.316904844862, -0.658116161525, 0.706057467351, -0.26146887145, 0.0717768256224, 0.404527797237, 0.911704638886,  
534, 1437177.856426981, 70.00686598835044, 119.41140052761779, 77.4578477708132, 37.09459981584445, 0.754196098483, -0.114663989107, 0.646560449328, 0.14246703419, 0.989755444852, 0.00934363709514, -0.64100810385, 0.0850666149975, 0.762805533417,  
548, 2089229.5048236696, 79.30474634661672, 127.45563185225569, 120.37830955374564, 32.508001456248515, 0.645773533129, -0.227277266267, 0.728918094266, -0.702197175307, 0.198099594604, 0.683868172683, -0.299826067748, -0.953468192892, -0.0316659792654,  
552, 972103.0356066644, 61.45273694558462, 89.5075881949253, 62.09240518694831, 41.756621416042584, 0.678776860617, 0.29500038699, -0.672485498109, 0.441560007636, 0.567756592018, 0.694749747662, 0.586759519009, -0.768522754313, 0.255119663993,  
561, 1895138.0063933763, 76.76868073472957, 99.43137952513536, 77.92589166736526, 58.39114436114547, 0.695240300087, -0.206062590068, -0.688606661389, -0.670381979522, 0.159694509997, -0.724627949371, -0.259285415454, -0.965420049746, 0.0271145879829,  
563, 1407870.5050065483, 69.52772733229558, 134.9756594392089, 71.12010875143868, 35.012750677954465, -0.422423356245, -0.471110746313, -0.774346933104, -0.906354664811, 0.21113254254, 0.365983976503, 0.00892914751413, -0.856433134686, 0.516180739796,  
584, 2061850.5934584674, 78.95679797784297, 150.893365879627, 76.86065984421529, 42.44185214542358, 0.272976395433, 0.834924049348, -0.477897184923, -0.339681600556, 0.548418490057, 0.764103114774, 0.900055719264, -0.0462492333349, 0.43331364003,  
588, 1414957.1831322196, 69.6441907439622, 105.11696783944741, 72.29659110539109, 44.44920971952942, -0.561767254483, 0.791181278258, 0.241763803584, 0.820035604049, 0.493900271121, 0.28914378824, -0.109357943843, -0.36068643878, 0.926253816726,  
604, 2330576.540277742, 82.24791937205016, 119.35092857164597, 87.03164921543612, 53.5638451250946, -0.0138554963802, -0.529114579624, 0.848437261587, 0.334600203489, -0.802054039877, -0.494724186737, 0.942258313333, 0.277032631196, 0.188154702857,  
607, 1342032.5942882637, 68.4265774649282, 125.72974244064041, 78.62813203260237, 32.4084656567528, 0.91447680924, 0.0887506970653, 0.394785358307, 0.32762081834, 0.410205192285, -0.851114739393, 0.237480030219, -0.907664593334, -0.346046559374,  
608, 1650545.8880143452, 73.31277601815805, 101.09841319852154, 80.37105139171557, 48.49478127183434, -0.738925016506, 0.473653358506, -0.479210095842, 0.207562078358, 0.836647037671, 0.506892215351, -0.64102090731, -0.275089495132, 0.716531901634,  
611, 2393259.261494496, 82.97878019261336, 96.24017882345005, 80.22089504650872, 74.00434420085237, -0.420354448543, -0.176484789169, -0.890031042595, 0.236364061644, -0.968334284268, 0.0803787551134, -0.876033200257, -0.176583784937, 0.448758285655,  
619, 2134400.461631015, 79.87222185178784, 126.646190584809, 83.7067358842998, 48.06564324312385, 0.782851922997, 0.410713461576, -0.467394179618, -0.216686020337, 0.884123316475, 0.413972378132, 0.583258120604, -0.222801287578, 0.781133503956,  
640, 1302656.9264939718, 67.75070434994312, 120.5210552462027, 76.46627254104818, 33.74493514385011, 0.417424365461, -0.107759316302, -0.902299744469, 0.841172108182, 0.421470168833, 0.338810243647, -0.343782465428, 0.900417029234, -0.266576049056,  
670, 985735.803960674, 61.73867537954049, 129.9993645885649, 56.63192858381128, 31.964604908065514, 0.842515812176, -0.226086231577, -0.488929567652, 0.316032614945, -0.527571983388, 0.788537373011, -0.436222984865, -0.818872895043, -0.373037115097,  
711, 2088493.5122918657, 79.29543277652343, 113.62198425073912, 109.08157535586672, 40.22821387908077, 0.781745250788, 0.404728923372, -0.47441422982, 0.537345715782, -0.0511477767878, 0.841809649898, -0.316439480155, 0.913005149775, 0.257463884619,  
719, 1833836.1699967943, 75.93184893054683, 108.64853485122077, 88.0913913042347, 45.74194018913718, 0.756239103487, 0.0249097664542, 0.65382101671, -0.523429855013, -0.576545697529, 0.627388432744, -0.392585793474, 0.816685105898, 0.422967885975,  
725, 366845.86117389484, 44.408387588012886, 100.41800628295661, 73.30535409978528, 11.897281126018717, 0.361657972579, -0.834979675098, 0.414743840273, -0.549535663436, 0.168443197253, 0.818313780839, -0.753136153349, -0.523866234332, -0.397932284497,  
762, 1484783.658338204, 70.77146567180617, 121.75065049760671, 83.76352292722294, 34.75748506538148, 0.742473897967, -0.669825995341, 0.00810227141415, -0.230756437662, -0.244391460386, 0.941819664568, -0.628875168308, -0.701146168823, -0.336020940761,  
842, 1619886.5963864408, 72.85600178327132, 103.5409384565233, 76.33724299266855, 48.926870144096235, -0.585167007078, -0.0263851154503, -0.810483435679, -0.0685236047699, 0.997504638943, 0.0170003198709, 0.808012431474, 0.0654852729172, -0.58551480734,  
875, 1306282.526519607, 67.81350149776155, 116.91387488002259, 82.23976217897645, 32.43400713431459, -0.371232111614, 0.737863495563, -0.563688017633, 0.911576020277, 0.405121221948, -0.0700425212451, -0.176680158937, 0.539846512856, 0.823012675476,  
913, 843099.8398217453, 58.60438766098164, 106.79465857285977, 60.54965753631674, 31.126420105047483, -0.922695497952, -0.136142289606, -0.360691412485, 0.00308210857801, -0.938148982766, 0.346218120182, -0.3855172093, 0.318342210704, 0.866045448125,  
919, 1182857.3682734387, 65.60665921300779, 90.0977961228667, 65.30528326662059, 47.99337425327624, -0.815463919251, 0.468969886974, 0.339243041949, 0.527690170482, 0.36153919699, 0.768656290559, -0.237826996734, -0.805826689898, 0.542292970149,  
952, 698671.6587908848, 55.04630504209337, 85.54051154972085, 57.6743319110065, 33.80882690109692, -0.130804882704, -0.494975838586, 0.859004657657, -0.668534052278, -0.595775955932, -0.445099125226, 0.732087633829, -0.632495003576, -0.252977799117,  
966, 2025849.7077003587, 78.4945561244464, 120.09297097206485, 103.92610174413356, 38.75041764270891, -0.522145749289, 0.829332966216, -0.198923723187, 0.288359698434, 0.391181161318, 0.873971385887, -0.802628494896, -0.398978859312, 0.443399784623,  
979, 2593735.3435237682, 85.23389795112587, 116.88424156769605, 80.59033701861034, 65.73521921785859, 0.351836163275, -0.731115600374, -0.584535108528, -0.883859099794, -0.465102011249, 0.0497313869064, 0.308227847418, -0.499149374458, 0.809842883561,  
988, 1923695.1705753293, 77.15235999480376, 112.42279464800112, 67.9023683350029, 60.16007186097424, -0.19350864618, -0.608447623297, 0.769640106516, 0.0523323426671, 0.776949578648, 0.627383995771, -0.97970185759, 0.161681297441, -0.118504971597,  
995, 897169.5544005779, 59.831327573207645, 96.25289498168564, 62.13965398388324, 35.809914724290756, -0.258691968314, 0.57122679514, -0.778959828261, -0.168719308083, 0.767293841014, 0.618703448045, 0.95111106639, 0.291479176026, -0.102115764373,  
997, 1170615.5322629185, 65.3795445687738, 132.21633984551417, 62.67193531875428, 33.726201977403434, 0.572388394855, -0.592323835785, 0.567030862472, 0.438275283173, 0.805447833735, 0.398959350425, -0.693026912605, 0.0201559096154, 0.72062988955,  
1020, 1886611.1805225173, 76.65337209181389, 126.80015191338595, 105.1112873245716, 33.79283794573355, -0.681266018447, -0.521079015528, -0.51415296526, -0.0441564823622, -0.671829717906, 0.739388284465, 0.730702960973, -0.526423298986, -0.434685740633,  
1102, 714582.7979410694, 55.46103661489422, 113.97251490339441, 48.05540225496646, 31.147385612610066, 0.203698536656, 0.389219700621, 0.89834009752, 0.910600968179, -0.412349135299, -0.0278220662441, -0.359600866122, -0.823696676736, 0.438418751672,  
1103, 188980.6717419092, 35.5994203301722, 79.90295130313767, 37.025202251683595, 15.249953476606184, 0.432555400805, -0.767352020824, 0.473356843588, -0.752963975622, -0.596232297355, -0.278482134089, -0.495924466678, 0.235961699708, 0.835691928656,  
1105, 2623403.732243003, 85.55764873206294, 108.35989534173453, 97.23568577088676, 59.4404740536729, 0.0923941231092, -0.243018141294, 0.965611468975, -0.650623031483, -0.748839902778, -0.126208046142, 0.753759243339, -0.616588179427, -0.227301605961,  
1117, 672927.4543722656, 54.3617229180675, 138.47502084689026, 63.60409289272567, 18.239928664855523, 0.614718043772, 0.314152000712, 0.723484793973, 0.493911716701, -0.868470296878, -0.0425506703396, 0.614957675589, 0.383494281431, -0.689027715948,  
1124, 1402945.1554866845, 69.44655308600899, 109.78238464029162, 77.82187499904336, 39.20285841696785, 0.788723029212, -0.30751976312, 0.53230402824, -0.549364732183, 0.0360111793419, 0.834806316457, 0.275888336513, 0.950860026635, 0.140537665851,  
1135, 1968424.4166029792, 77.74575964895996, 101.71698276620792, 94.27956757019398, 49.002595422665145, 0.74897277768, 0.660656660448, 0.0507203637627, 0.339788131447, -0.448669740074, 0.826583020676, -0.568844270449, 0.601854003349, 0.560524713666,  
1151, 1463018.9883021354, 70.42396145832201, 127.53371694480873, 112.77150214847536, 24.284936420847696, -0.733327945472, 0.677048337408, -0.0619328120156, 0.592378558343, 0.680999547774, 0.430496526754, -0.333643174674, -0.279007463601, 0.900464917278,  
1152, 5209480.946283995, 107.53964905768092, 149.67517471902218, 106.02864338249441, 78.36693584270739, 0.679333307699, 0.514104826872, 0.523643470347, 0.615388205917, -0.787831571237, -0.0248751156966, -0.399754440963, -0.339142510383, 0.85157427426,  
1158, 1034499.2745507916, 62.7403870719188, 125.0510467480587, 58.4709630610883, 33.77645005125402, 0.69830943549, -0.53212519522, 0.478755374819, -0.5370035034, -0.831690109759, -0.141133974169, -0.473277053788, 0.158538127719, 0.866530145129,  
1159, 1400965.4258327517, 69.41387180825372, 149.09359078825577, 90.22423371531418, 24.863177562661498, 0.336726810603, -0.929215875444, 0.152226514918, -0.855017765468, -0.234023083743, 0.462793492835, 0.394410542146, 0.28599135144, 0.873297928055,  
1187, 3443794.5457452987, 93.6805736629083, 120.4565102410442, 90.09695257606954, 75.75446681161158, -0.959988778276, -0.259064442145, -0.106335132483, -0.269764989227, 0.957415137288, 0.102874221643, -0.0751558126233, -0.12744359422, 0.988994304393,  
1196, 377568.6793997007, 44.83692124773909, 106.76471681093219, 62.27467952192159, 13.557140531860647, 0.766946652446, 0.607602836246, 0.206425835804, 0.440424244263, -0.732354864618, 0.519309962677, -0.466711171247, 0.307368094727, 0.829280131787,  
1212, 1213883.4002713813, 66.1753308194291, 120.96681185035405, 79.46244044717469, 30.14811960455594, 0.32502729302, -0.67298829218, -0.664412535539, -0.398290662483, -0.734624376791, 0.549264574866, -0.857742273047, 0.0861033310214, -0.50681792531,  
1218, 570124.3932151374, 51.43913670040179, 96.18592099740258, 40.12877706287573, 35.26253914392401, 0.631802050848, -0.510631357142, -0.583165315882, -0.550536857872, -0.825226999946, 0.126133130792, 0.545651295855, -0.241362829912, 0.802501493873,  
1220, 857436.6506738085, 58.934709160248595, 107.2968902782786, 83.45857450675511, 22.85890044093212, -0.986235227649, 0.0240188020327, 0.163594538093, 0.0517886567234, -0.894739920951, 0.443574580981, 0.157028694129, 0.445941219228, 0.881180128132,  
1241, 1372483.3619496638, 68.94024561720293, 101.44243925286872, 82.15215172574888, 39.316952929112524, 0.0725001878566, 0.896492299643, 0.437087267535, -0.81260798583, -0.2010007829, 0.547052965114, 0.578283653692, -0.394842046842, 0.713924207405,  
1244, 1004115.9518795067, 62.12004367746844, 126.06530257830441, 85.35738565349169, 22.277096275927573, -0.00115650296704, -0.999910833004, 0.0133037040796, -0.696294859507, -0.0087436155393, -0.71770259705, 0.717754924139, -0.010093325946, -0.696222660969,  
1283, 417137.95072766364, 46.35148984935159, 147.52416286711073, 66.62085996373932, 10.132525389627654, -0.00856841110079, 0.973262600925, 0.229535382831, -0.955135771479, 0.0599918739835, -0.290028676336, 0.296044321636, 0.221722539891, -0.929083890147,  
1285, 1080004.6972867649, 63.64715735092298, 117.98878308209179, 83.83802501956723, 26.064852650657052, 0.774150975242, 0.617146378972, 0.140785704011, 0.184099011725, -0.432306955532, 0.882733396944, 0.605638358605, -0.65745041115, -0.448286889687,  
1286, 3111270.1431932272, 90.56277133796956, 122.65094669508495, 86.43497199193902, 70.0629971745967, 0.483862895885, 0.809755158453, -0.331923607694, 0.736940044222, -0.581572748073, -0.34451779333, 0.472012785004, 0.0779084209679, 0.87814247633,  
1299, 576466.1286641874, 51.629160306629714, 113.57142147810113, 74.21985743782612, 16.326609595916647, -0.266769719548, -0.798419098443, -0.539778528633, -0.961279267756, 0.260596033024, 0.0896207395371, -0.0691092332101, -0.542786008307, 0.837022856959,  
1302, 2059934.8007244605, 78.93233585396476, 97.0724242754741, 78.89921656331595, 64.20905803275035, 0.679989649375, -0.585930171858, -0.440794635233, -0.315578771023, -0.776519407336, 0.545369277931, -0.661833903651, -0.231740034819, -0.712932283067,  
1304, 990603.6005372239, 61.84013527915569, 128.18783420844537, 66.53066267313399, 27.729537985179558, -0.432603503707, -0.900803159282, -0.0375216844884, -0.901124283975, 0.430678923534, 0.0499068097067, 0.0287964131689, -0.0554015618062, 0.998048813204,  
1309, 2149555.8195898747, 80.06082099885381, 115.68461766909559, 79.60332457790027, 55.72541305705511, -0.82316411163, 0.2346723603, -0.517039387895, 0.0785035499577, 0.948887620327, 0.305695071327, 0.562350458315, 0.211047784401, -0.799512848384,  
1312, 2127428.009790324, 79.78515403925049, 126.40057337219874, 97.26404575132766, 41.31092212991273, -0.0382857002122, -0.114527469583, 0.992682055781, 0.955923659443, -0.293600047987, 0.00299485224748, 0.291108506363, 0.949042923441, 0.12072020125,  
1318, 545194.9452784775, 50.67818708694881, 101.39168120354474, 58.73536168402359, 21.855524816911316, -0.903980682522, -0.425501262308, 0.0420428519615, -0.405999962397, 0.823371288259, -0.396514504406, -0.134100544967, 0.375510848639, 0.917065235626,  
1328, 473521.51232374867, 48.35228860714762, 147.89950278185376, 56.16165219810214, 13.6095734905338, -0.741417372195, 0.350180879022, 0.572427840147, -0.126364734193, -0.910637446606, 0.393409957666, 0.659038871509, 0.219346285143, 0.719412936382,  
1337, 1616810.5044875836, 72.80985580272265, 132.0268213878433, 80.846464983786, 36.161572708894454, 0.481137247245, 0.468047676192, 0.741241068833, -0.440253781335, -0.602175633144, 0.66600383998, 0.758078859575, -0.646773437657, -0.0836693672004,  
1354, 675390.4779411189, 54.42796640247523, 116.58519536047564, 73.6578772739287, 18.776027835186067, -0.961504252376, -0.110467886157, 0.251607668386, -0.274221623706, 0.44459722431, -0.852722586325, 0.01766560939, 0.88889265621, 0.457774804878,  
1362, 298222.06390354387, 41.44610479241201, 145.86900677145215, 65.52654190391613, 7.448535419027701, 0.854603246023, -0.517716442584, -0.0402861882686, 0.292181570015, 0.415271394269, 0.861498461545, -0.429282217231, -0.748010263419, 0.50615948454,  
1367, 913880.366996067, 60.200520473851064, 136.49333955281688, 68.45374216422243, 23.350279518051693, 0.398691885909, 0.755371886818, -0.52005585538, -0.643973913301, 0.63434142105, 0.427678103869, 0.652948986597, 0.16439061453, 0.73934656742,  
1386, 1747269.2535613154, 74.71774250795556, 98.66079638137157, 77.97179792109358, 54.22368894587747, -0.614665198472, 0.785899245723, 0.0674467890989, 0.776726789147, 0.617945538256, -0.121814641037, 0.137412476903, 0.022487492575, 0.99025861464,  
1404, 2774761.5589391286, 87.17240340861207, 108.0408755382886, 90.05714708839541, 68.08176091193255, 0.733775204045, 0.587928107588, 0.34046217152, 0.248744529563, -0.698818896361, 0.670655134255, -0.632218402881, 0.407422005293, 0.659019878806,  
1407, 3655876.1564470995, 95.56546017571226, 135.10184943084445, 86.28214844306999, 74.87220466398341, 0.794254199182, -0.530351800807, -0.296457812283, -0.501782515391, -0.847692243245, 0.172139966279, 0.342599729028, -0.0120344556906, 0.939404384462,  
1440, 2624896.283616438, 85.57387129242214, 153.98623596567373, 68.47661917420335, 59.429123526409114, 0.0460901245463, 0.939712144333, 0.338846257485, 0.916408848612, 0.0952300803483, -0.388749345956, 0.397580837823, -0.328439214451, 0.856771357952,  
1456, 1267361.967268759, 67.13320071836542, 143.0531015473573, 81.91225446938871, 25.820574644054133, 0.53027896117, -0.619347629331, 0.57897559308, -0.492972958819, 0.33034590835, 0.804890826578, -0.68976944352, -0.712235982578, -0.130146148262,  
1462, 1164505.1151537176, 65.26558930315684, 115.45891437119236, 91.5429456531167, 26.30270648467101, 0.741894988613, 0.190590314589, -0.642858583093, 0.237966754595, 0.821499662895, 0.518179628672, -0.626868127742, 0.537413840395, -0.564112324429,  
1466, 3269232.069874804, 92.07019163091157, 135.75530176952887, 86.4331344934466, 66.51507403272166, 0.832334902503, 0.252455774305, 0.493441680542, 0.248893104796, -0.965681991154, 0.0742328387305, 0.495248253365, 0.0610276493187, -0.866605327446,  
1473, 1612139.2131459953, 72.73966738146046, 98.64840178069402, 81.83765894175191, 47.67280231345515, -0.805805814392, -0.447660856701, -0.387655448652, 0.121305541833, -0.765524981298, 0.631867445378, 0.579622251999, -0.462137707168, -0.671168223772,  
1480, 1319223.7201723338, 68.03670626120835, 132.02936622044135, 60.333412708129536, 39.536790563113996, -0.618983076838, 0.696150596319, 0.363640341316, 0.783053858961, 0.511206577914, 0.354252012928, -0.0607174155711, -0.504025973479, 0.861551631363,  
1505, 2927744.70063829, 88.7458795659575, 109.44762361593318, 99.40703646610338, 64.24230739328686, 0.983986329969, -0.118669079798, -0.132998315533, -0.161443451692, -0.909599323839, -0.382838192945, 0.0755441218123, -0.398179255576, 0.914191646258,  
1523, 1700855.830256904, 74.05021058538212, 123.27346195596012, 101.85739386166468, 32.338266891545814, -0.0154955808, -0.875173298588, 0.483561355377, 0.49886671224, -0.425892898675, -0.754816032075, 0.866540183947, 0.229536350709, 0.443194283931,  
1529, 1877759.6068122839, 76.53330374125748, 122.80427845641059, 75.59840312957299, 48.28644845828437, -0.925088067952, 0.332331714914, -0.183759891696, 0.347986460814, 0.548109095278, -0.760579938444, 0.152044367286, 0.767549380129, 0.622696121266,  
1533, 2023267.143530405, 78.46118684567821, 124.30097925229589, 69.64468712166766, 55.79587310757834, 0.912274893509, -0.323763264635, 0.250862247352, 0.215437783422, 0.9002285811, 0.378384808423, -0.348340465848, -0.291145754295, 0.891006773043,  
1538, 229906.19946595945, 38.003245830481646, 87.5944666587189, 48.93774882780401, 12.80387461885362, 0.611490600901, 0.791233967541, -0.00529656675508, 0.704431799906, -0.541334190994, 0.459056786186, -0.360354109581, 0.284439980085, 0.88839113764,  
1540, 442175.568919369, 47.26090619340245, 105.87266216148377, 57.17406963902406, 17.439064908613233, 0.384149844918, 0.0190613506079, 0.923073974047, -0.656524936648, -0.697315566942, 0.287621292084, 0.649156301832, -0.716510757082, -0.255359414899,  
1559, 2440702.629284593, 83.52351314595244, 129.1280001213672, 93.29444051332298, 48.367102395969766, 0.745127251562, -0.664053940859, -0.0617878839969, -0.454971966462, -0.573876934186, 0.680930080216, 0.487632944655, 0.479267804092, 0.729737270015,  
1584, 2118422.056080548, 79.67241105947248, 118.13485682942876, 85.9969481097386, 49.780904320673166, 0.730107984703, -0.100846626309, 0.675849309118, 0.567388815479, 0.640641984718, -0.517346865735, 0.380804756723, -0.761188416477, -0.524957076225,  
1591, 1418348.270203349, 69.69978279071184, 122.46237725551805, 91.36057809370193, 30.26444745704436, 0.252910889993, -0.747219777231, -0.61457195367, -0.134762598282, -0.656238605256, 0.74242166932, 0.958057996067, 0.10494521183, 0.26666716837,  
1603, 2312583.1455801316, 82.03570517222934, 122.80251335706917, 99.4830806458716, 45.19103270802144, -0.400074629402, 0.913366173964, 0.0755150525844, 0.914335355689, 0.403417041721, -0.0352923190978, 0.0626988695837, -0.0549265209808, 0.996519909006,  
1604, 3631088.934709579, 95.34898894029675, 121.98283684530942, 103.71923214080537, 68.51572454166504, 0.0733040115233, 0.477608921434, 0.875509131912, -0.441863094529, -0.771452869719, 0.457840010808, 0.89408250603, -0.420416683743, 0.154487165948,  
1607, 958694.3476350955, 61.16887866465467, 115.58689457570934, 77.43249195235049, 25.571707348424084, 0.337830355214, -0.0912291187786, 0.936775265997, 0.743624072584, 0.63599498884, -0.206236788288, 0.576969574388, -0.766281685842, -0.282698581838,  
1609, 981524.1397459304, 61.65062143539401, 106.42750813339025, 54.17747948741947, 40.63868867020122, 0.857962652663, -0.238288835725, -0.455102754776, -0.416147317128, 0.197039039273, -0.887691966534, -0.30120009476, -0.950996344773, -0.0698888771237,  
1615, 1609556.5344815962, 72.7008031619974, 109.20332263325554, 76.00504336572648, 46.295562225818486, -0.954426052708, 0.161766327019, 0.250803838399, 0.286616516368, 0.731082797603, 0.619167921968, 0.0831978512815, -0.662834518181, 0.744129369834,  
1619, 2064187.857310958, 78.98662121579247, 108.09517433306767, 104.08334968884256, 43.79989231956705, 0.329268815195, 0.851941444828, 0.407158227136, 0.305277111395, 0.311996676802, -0.899702150116, -0.893525563484, 0.420539948457, -0.15734744724,  
1626, 1060543.2246883041, 63.262534647119516, 112.01408284165564, 100.5226242603485, 22.485539875462706, 0.303636292037, 0.538058442297, 0.786319346596, 0.392962453514, 0.681102089844, -0.617802924352, -0.867977829375, 0.496581368844, -0.00462945256005,  
1631, 1281787.3928251953, 67.38694926319923, 114.7514203881292, 99.25783486133977, 26.866093317698272, 0.0594532918059, 0.216207426828, 0.974535609754, 0.987161842628, -0.157717464297, -0.0252328737111, 0.148245750541, 0.963524545635, -0.222808544285,  
1634, 2856663.689244201, 88.02178439425717, 114.5901085366066, 106.739575533917, 55.756807999016104, -0.706563511958, -0.592170582103, -0.387430000466, 0.00276582156261, -0.549795191408, 0.835294916623, 0.707644228268, -0.58911734756, -0.390103059463,  
1639, 3701114.7873091707, 95.95802816656759, 114.24702247376405, 108.25404734206283, 71.4422152652747, 0.418945401153, -0.693307929025, -0.586352169267, -0.399929689975, -0.720636154978, 0.566338922568, -0.815193838255, -0.00276544583302, -0.579181628145,  
1653, 367131.56274162146, 44.41991309505441, 129.9049016104595, 39.09354927509663, 17.258477226618712, -0.995605562021, 0.0766934078086, 0.0537371944959, 0.0578190715639, 0.0520332864506, 0.996970156055, 0.0736649159171, 0.995696067231, -0.056238971035,  
1660, 2556530.607849621, 84.82439988443102, 124.686315107764, 74.97224801646867, 65.28945807790402, 0.877041672563, -0.287157688817, -0.385147200874, -0.305668467359, -0.952038517183, 0.0137640787341, -0.370627431055, 0.105655683964, -0.922752504085,  
1662, 582828.2517316568, 51.818399551681516, 118.41681592624181, 66.40977519773746, 17.69320855405835, -0.987099112148, -0.0514915742281, -0.151604619255, -0.144259408159, -0.124749857593, 0.98164489312, 0.0694590955423, -0.990851195091, -0.115712329648,  
1667, 310138.5241513607, 41.99095019356366, 101.92887229513168, 34.89684895183432, 20.815347883797134, 0.483083497069, 0.676567312729, -0.555776039611, 0.381782131334, 0.408469732612, 0.829092806466, 0.787954782366, -0.61270641329, -0.0609763237674,  
1669, 1601679.8068824986, 72.58201659358396, 120.62295756532863, 88.51925731971659, 35.81123979486013, -0.254147928014, -0.263793727621, 0.93049540566, -0.789779786093, 0.611934949814, -0.0422315838543, -0.558262232436, -0.745619531976, -0.363860953347,  
1677, 1345461.8514487292, 68.48481071207054, 118.28761364280359, 103.54270778285556, 26.22551290629751, -0.738557077609, -0.108446502902, -0.665411751566, -0.651336892882, 0.369573702817, 0.662703199145, -0.174050840515, -0.922851360835, 0.343586482158,  
1679, 1703635.900073595, 74.09053395095319, 96.42736885375625, 80.85882911351635, 52.16274158444457, 0.0115386912874, 0.996671523948, 0.0807014990831, -0.641284735902, -0.0545478053377, 0.765361629841, 0.767216231647, -0.0605839110963, 0.63852082473,  
1681, 1887355.82519482, 76.66345578360698, 141.97722905110766, 102.81786003311574, 30.865827175468272, -0.908109659382, 0.0871948197916, -0.409553305369, -0.202224981092, 0.765129850425, 0.611294829858, 0.366663201807, 0.637944649158, -0.677188837069,  
1695, 1549633.425819352, 71.78716270916685, 113.34148237387423, 87.18884633302282, 37.43609551779373, 0.0990769250386, -0.82382721051, 0.558115122666, -0.926446142339, -0.281059691277, -0.250405661447, 0.363154661639, -0.492254179427, -0.791078071095,  
1698, 1480538.172081779, 70.70394829092335, 106.24369767096229, 66.60649270964299, 49.947212622897105, 0.17510609434, 0.97533782965, 0.134365076487, -0.659870067248, 0.014977513194, 0.751230436317, 0.730691008618, -0.22020851971, 0.646218893079,  
1708, 2405980.7067324608, 83.12554589588507, 132.16764814419685, 111.36837355115381, 39.02262603482978, 0.821393042305, 0.408902357823, 0.397633413863, 0.529311587617, -0.806188812345, -0.26436497889, -0.212468146477, -0.427619527871, 0.878634637444,  
1711, 2744277.3110514134, 86.85199430843355, 122.29572140523584, 99.73860365170519, 53.711197938908434, -0.86723235722, -0.164837439098, -0.469826198996, 0.472807694955, -0.568434100074, -0.673301980885, 0.156079858349, 0.80604670618, -0.570900854154,  
1713, 1061778.0983978275, 63.287078967966, 132.70226146947184, 70.6033631023393, 27.054620153781826, -0.994128125973, -0.0702215215703, 0.0823298673518, 0.0632896431088, 0.239805640274, 0.968755735966, -0.0877706683635, 0.968277952244, -0.233953236725,  
1727, 1594733.1658861656, 72.47693277376129, 143.56984573091015, 67.87215486802474, 39.070102049389924, 0.366711417107, 0.692198478549, 0.621597943093, 0.784160969163, 0.129553450654, -0.606883413734, 0.500613934091, -0.709983922154, 0.495286300312,  
1729, 1956898.3470702022, 77.59371625598446, 123.06619170397394, 91.84166685590321, 41.33340070741361, -0.446121098279, 0.487580933743, -0.750493703319, -0.196571854748, 0.764706351347, 0.613664160703, -0.873118246054, -0.421294468585, 0.245306948838,  
1730, 2079634.5145040287, 79.18315508819647, 93.9498313574833, 83.10866024050803, 63.58521163227389, -0.177265440851, -0.828613770993, 0.531014295477, -0.740116291003, -0.243402954903, -0.62688346392, 0.648694719627, -0.504137104432, -0.570123618756,  
1737, 1211280.0074527056, 66.12798863095989, 124.08058437244047, 93.14118768362525, 25.021326969054208, -0.239804268469, 0.0687347913107, -0.968384965438, -0.221007743225, 0.967434217066, 0.123396163171, -0.945330360381, -0.243611502426, 0.216803933607,  
1747, 983630.3482220618, 61.69468769508574, 122.73097598207639, 89.48784655809392, 21.38085485193596, -0.982529581432, 0.0413356623315, 0.181457941767, 0.171838184801, -0.17291322701, 0.969831250357, -0.0714650953608, -0.984069295804, -0.162789315375,  
1748, 1360356.7651898484, 68.73660382585977, 120.60524244621044, 98.23843464775065, 27.41047690187979, -0.740321563, 0.216045539813, 0.63659116243, 0.203686397183, -0.830351096747, 0.518679966582, -0.640652663274, -0.513654923911, -0.57072128415,  
1758, 2901952.597859231, 88.4845068839514, 126.38291701308403, 96.15173325503135, 57.010678869746236, 0.532795965226, 0.714955444287, 0.452733003131, 0.377214908508, -0.679550260253, 0.629222024876, 0.757520542453, -0.16446931773, -0.631753489335,  
1770, 525933.4796682816, 50.07420575431761, 78.90947188586074, 59.314882798443975, 26.825596951554633, -0.803314708819, -0.27732077306, -0.527047120687, 0.0790303535433, -0.926780366355, 0.36719525563, -0.590287795752, 0.253320629574, 0.766413058877,  
1773, 1787195.47037161, 75.28257784909869, 116.25778400190543, 91.162730390712, 40.257247814009986, 0.694471753534, 0.627506455843, 0.352057710354, 0.23847654311, -0.66237821763, 0.710199996617, -0.678850441504, 0.40925633127, 0.609648532669,  
1774, 2921772.1936982227, 88.68549221854393, 119.02109762260382, 93.24868981926019, 62.84794080911052, -0.532304879882, -0.28854853665, -0.79585881716, -0.821901926684, 0.401370265548, 0.404201846664, -0.202802213416, -0.869276510629, 0.450809949206,  
1790, 1292774.703572789, 67.57894569795536, 96.80861915929671, 80.00459896896076, 39.847883403695526, 0.0184608438287, 0.907210255767, 0.420272232103, -0.936460084094, -0.131577467919, 0.325161315095, 0.35028803597, -0.399570922075, 0.84713716132,  
1793, 1913876.6210786738, 77.0208740320126, 102.06073023439414, 89.17646733248989, 50.201465179806256, 0.189647108883, 0.73192076315, 0.654466172207, -0.397713122698, -0.552165691829, 0.732760070419, 0.897696076702, -0.399255613908, 0.1863778652,  
1795, 682297.0397903934, 54.61286486888651, 115.67929415684542, 51.449565513131006, 27.36828200490118, -0.79252915882, -0.411124399776, -0.450415652847, -0.596529648111, 0.676069221458, 0.432530677204, -0.126688244702, -0.611479464664, 0.781052464914,  
1797, 1532279.6524146209, 71.51818347390149, 118.52664255892009, 78.44957437067683, 39.34076955294323, 0.0794386907659, -0.708427894821, -0.701298376049, -0.205316681341, -0.700065238053, 0.683925231903, 0.975466326827, -0.089658130196, 0.201064330295,  
1807, 1702825.438735309, 74.07878319328651, 109.92807356856832, 88.70561530535608, 41.68902999714633, -0.5823770248, -0.699862129866, 0.413557734984, 0.59437219484, -0.0195292182324, 0.803952923769, -0.554579746283, 0.714010930459, 0.427351958224,  
