# Void_ID, Void_Volume, r = (a*b*c)**(1/3.0), a, b, c, vector_a, vector_b, vector_c 

14, 105450.88359099397, 29.308068951242216, 102.54982133090442, 35.76230767743512, 6.864377679906598, -0.995052902617, -0.00811589967923, -0.0990144088812, -0.0993353657804, 0.0961803343169, 0.990394784112, -0.0014852942377, -0.995330837191, 0.0965107167,  
21, 1153473.6848198741, 65.05884674723804, 108.78461488970635, 77.90167015005764, 32.49412407274373, -0.215207908748, -0.049760779164, 0.975299656962, -0.827675046583, -0.520757303212, -0.209202888163, 0.518304517901, -0.852253305073, 0.070885334977,  
27, 1055381.137616859, 63.159726329798175, 116.04763097267755, 110.08482728178976, 19.722273367554063, -0.725269964919, -0.305657640684, -0.61689292805, -0.616298544065, 0.687618871199, 0.383870280895, -0.306854334449, -0.658599798559, 0.687085673528,  
30, 2705437.209013515, 86.44030351829352, 138.94846408742626, 77.29747380896656, 60.13534379022964, -0.643804271652, -0.485628697674, -0.591338167039, -0.191642683964, -0.645837209561, 0.739031379868, -0.740803038253, 0.589117192706, 0.322725567275,  
66, 709214.2220081105, 55.32179659933922, 113.36018069811169, 71.30865648061491, 20.945273860946504, 0.844001043041, 0.231873475912, -0.483628918194, 0.476611323557, 0.0892966533256, 0.874567180931, -0.245975376008, 0.968638631727, 0.0351470557055,  
67, 1678204.377902777, 73.7200147537863, 109.85562449555762, 71.91104386367837, 50.71522424174076, 0.408271868484, -0.285760286453, 0.866980472727, -0.578158465726, 0.654027892434, 0.487832250295, -0.706432494945, -0.700420284261, 0.101806460904,  
93, 387095.74701173505, 45.21091155566188, 145.70809434584066, 67.43667385535245, 9.404808795465545, 0.801435584412, 0.518720137779, 0.297708620469, -0.234756001824, -0.184990587137, 0.954289317911, 0.550082378963, -0.834690302648, -0.0264853737018,  
147, 780188.2428251158, 57.108873995550574, 83.47501497242305, 66.09440890344979, 33.758999213997, -0.15814794301, -0.872111479791, 0.463045132722, 0.673814537105, -0.438107380127, -0.595009153765, 0.721777803557, 0.217907068024, 0.656927174044,  
165, 423950.0711209589, 46.60244483673194, 136.55319403970267, 89.8902028504137, 8.245402863070058, -0.276916517783, 0.572758790478, 0.771533933219, -0.859741948053, 0.210908462222, -0.465146647113, -0.429139866403, -0.792126876512, 0.43402072136,  
171, 756603.3298535908, 56.52751314706821, 94.7183029361845, 85.40447434010159, 22.32878576315318, -0.996140108708, -0.03782113325, 0.0792113988175, -0.0314550178779, 0.996288064727, 0.0801291079038, 0.0819479448994, -0.0773282222921, 0.993632165524,  
182, 560102.1295901088, 51.13593542581715, 108.31359895456241, 65.54671554903913, 18.83409225813996, -0.371797178546, -0.927972472445, -0.0251783321531, 0.148551592475, -0.0862473381802, 0.985136447925, -0.916351069404, 0.362530670484, 0.169918305547,  
188, 2599331.3005888416, 85.29515100447713, 124.5538643335747, 97.08446431598445, 51.31756987290476, -0.013993623614, -0.135488350405, 0.99068011255, 0.894205234175, -0.445050925834, -0.0482355946196, 0.447438462442, 0.885196351279, 0.127382267247,  
199, 3134124.8232602803, 90.78398171189744, 130.9839222006202, 87.82237194581973, 65.04359342788548, 0.464109961916, 0.831924896497, -0.304142910222, 0.675078904727, -0.554508707673, -0.486609253413, 0.573472244876, -0.0205197393561, 0.818967963143,  
200, 2957790.3202191466, 89.04842817963748, 134.19596774913595, 88.90417466736135, 59.185749660371826, 0.348230388792, -0.931175017294, 0.107929066935, -0.344170663413, -0.0199082859894, 0.938696018206, -0.871941598255, -0.364028497945, -0.327415793626,  
224, 651214.1582717071, 53.770623816021015, 140.08097537458767, 85.71601832187264, 12.947743246801602, 0.093348948676, 0.124210003896, 0.987855175981, 0.944818686838, -0.323976710291, -0.0485462685466, 0.314012137953, 0.937875773288, -0.147598818075,  
233, 2477990.763994876, 83.9467121651816, 110.38783947044632, 94.76948621834639, 56.54852931951934, 0.807872821723, -0.366723190872, -0.461362769628, 0.139685669657, -0.641373376987, 0.754405795964, 0.572563898281, 0.67390970654, 0.466922145349,  
271, 1266689.1133958607, 67.12131807512792, 118.7545500216485, 86.65473783194923, 29.385890613537825, -0.111623046989, -0.904148123703, 0.4123790317, 0.0225592786232, 0.412559918172, 0.910651081845, 0.993494526572, -0.110952621974, 0.0256542656927,  
311, 279204.47256406705, 40.545679884040574, 111.11022502416147, 38.18483649261012, 15.710456306756907, -0.489029123846, 0.84532649424, 0.215113072979, -0.0785877110941, -0.288309394737, 0.954306902716, 0.868720028373, 0.449778624483, 0.207423965014,  
337, 376462.7094982902, 44.79309983206856, 141.77472433714846, 42.718016375850226, 14.839643401535314, 0.610863144542, -0.0605015947936, -0.789421164948, -0.616549986065, 0.589171720806, -0.522247832054, -0.49670145291, -0.805739561167, -0.32260103262,  
341, 520358.34037201776, 49.89664022556322, 117.27846752235236, 54.07131108664928, 19.589742526291918, -0.246666359507, 0.144418945223, -0.958279121837, 0.966409884925, -0.0369763389958, -0.254331839678, 0.0721639896847, 0.98882552486, 0.130447077306,  
344, 1119429.0240047742, 64.41237577028888, 141.48097540629357, 73.61583698500077, 25.658936624462296, 0.15210712075, 0.435591502951, -0.887199789435, -0.299814150891, 0.875683933905, 0.378535497446, 0.941793448025, 0.208417106922, 0.263794258466,  
373, 1137004.7901108654, 64.74773218438978, 111.62691424490485, 82.04560515455566, 29.638037479261158, -0.364734444044, 0.922033237886, 0.129705410687, 0.929870459062, 0.353506764793, 0.101852327457, -0.0480594911636, -0.157758281808, 0.986307563506,  
385, 1906168.9294643556, 76.91734038737101, 118.72733845554693, 86.09113830691618, 44.52086509443135, 0.172768681884, -0.261629061421, -0.949579494713, -0.0677878820328, -0.964949323103, 0.253530287918, 0.982626981926, -0.0205678891072, 0.184448302589,  
398, 221053.63293680435, 37.50907455777625, 101.00470228630377, 62.55019808394819, 8.35292852526258, -0.0617467812097, 0.994293218956, -0.0869961478985, 0.994436209377, 0.0687396854484, 0.0798215580202, -0.0853461217077, 0.0815833952676, 0.993005633985,  
415, 1056397.6549663285, 63.17999779174684, 114.91932917201959, 63.51743272182531, 34.550377807423025, 0.246003292844, 0.958458390507, -0.144360290858, 0.908217823394, -0.175914487912, 0.379729480303, -0.338559839878, 0.224525291693, 0.913764536526,  
417, 2360480.684318331, 82.59820584219288, 123.41731303294031, 81.7414747489515, 55.85901662584897, 0.145282433638, 0.418838934536, 0.896363186098, -0.304091811261, -0.84321928143, 0.44329382327, 0.941499434307, -0.33697951027, 0.00486054093326,  
436, 674781.4042829559, 54.41160025979129, 68.35023250294739, 63.97168338526632, 36.842298852645236, -0.291717819971, -0.817622297714, 0.496381397508, -0.937086952882, 0.140263589659, -0.319678225961, 0.191751808985, -0.558408366428, -0.80710057617,  
460, 705287.1476121324, 55.21949791700805, 125.11713950529617, 51.83085904615247, 25.964032664845003, 0.909585331317, 0.181991396164, 0.37354204151, -0.221589169167, -0.548025952432, 0.80657659002, 0.351500732803, -0.816423105493, -0.458149045242,  
518, 3605067.2565123322, 95.12067438832634, 130.46364667112965, 114.48987828819965, 57.61932347488012, -0.191765995402, -0.849737920032, 0.491091916312, -0.0834379310587, 0.512682398575, 0.854514405877, 0.977887475463, -0.122891112172, 0.169215424477,  
526, 1720674.7364725196, 74.33671938878778, 137.63036377377773, 85.80671422123491, 34.78360921772882, -0.486461131134, -0.787167894201, -0.379107206783, -0.871501480186, 0.46795460921, 0.146641241652, -0.0619736874046, -0.401727756146, 0.913659713467,  
531, 2487907.045068298, 84.05854083765855, 116.42643284446487, 85.18686215960844, 59.88545143790033, 0.296238688395, 0.655612788978, -0.694560660005, 0.745757751086, -0.613110385893, -0.260655004566, 0.596731108786, 0.440757899122, 0.67055533565,  
562, 3480009.4003388216, 94.0078100914252, 132.75958717889813, 126.90530671742994, 49.311263594241545, 0.775940043554, 0.582725145218, -0.241554246372, 0.501667842204, -0.337905630669, 0.796334829617, -0.38242178927, 0.739088079929, 0.554528975978,  
571, 3251337.984948528, 91.90190268286932, 138.08671939411286, 85.09387073339221, 66.05768008588032, -0.131334651737, 0.853509383064, -0.504254838623, 0.965264454194, -0.00579260140499, -0.261210603227, 0.225866648097, 0.521045275183, 0.823101499505,  
581, 835287.2293597357, 58.42280583899414, 133.7851674564222, 44.457217848362724, 33.527176813200775, -0.55957320509, 0.81013150825, 0.174827822402, 0.331177248746, 0.0251992618145, 0.943232011287, 0.759736439864, 0.585706356927, -0.282397955724,  
588, 2449563.7904954115, 83.62447060878972, 114.6114865468336, 79.31118708459033, 64.3335546978443, -0.354862864922, -0.585413575462, 0.728946700908, -0.927626332017, 0.123278766851, -0.352578691632, -0.116540702112, 0.801307239022, 0.586792104107,  
599, 385858.1070453389, 45.16267665821453, 105.5838845128289, 43.318255898305516, 20.140508051331, 0.291840946985, -0.54746545832, 0.784289763805, 0.481583351429, 0.792570609191, 0.37404452285, -0.826381472015, 0.268539385182, 0.494954807348,  
602, 2153046.4478264456, 80.10413404437558, 110.73156020685639, 96.41330670254413, 48.145576608787955, 0.568143683768, -0.801697480906, -0.185725344804, -0.801204035935, -0.59038911036, 0.0975335386965, -0.187842613367, 0.0933908318664, -0.977749101317,  
605, 2233440.1064394964, 81.08899173951184, 147.34484365412297, 74.86777579138507, 48.3343439189615, 0.160248991455, -0.403625857554, 0.90078100993, -0.892862419549, 0.32981472968, 0.306625086782, 0.420852658891, 0.853409872921, 0.30752988197,  
623, 529861.2340060559, 50.19855075064246, 115.58920137215856, 92.9534078686215, 11.7731033806343, -0.591838854745, -0.715077564397, -0.372009202722, 0.637320735458, -0.697693356093, 0.327179249066, -0.493506889688, -0.0434517866124, 0.868655796084,  
629, 531263.6930982611, 50.24280094721286, 74.84424341570654, 51.48480903296512, 32.91425419909577, 0.809380911766, 0.413465501001, -0.417071719433, 0.447444916006, 0.0258376059537, 0.893938177537, -0.380388731181, 0.910153117668, 0.164090571302,  
636, 2679012.80840908, 86.1579572484709, 133.20450174412332, 80.54911512114595, 59.60826820613181, 0.601540652091, 0.424642897583, -0.676629332364, -0.559383429676, 0.828597869575, 0.0227101109525, 0.570297310608, 0.364834181605, 0.735973503223,  
655, 984654.8149457007, 61.716098931077845, 137.91276095711163, 68.17055217752868, 25.003115950634736, -0.352423265194, -0.8589594982, -0.371465237408, 0.130472099703, -0.438152936367, 0.889381265573, -0.926701070113, 0.264972800124, 0.266485537778,  
676, 2307776.813359967, 81.97883308004481, 121.32334193317797, 96.21769929798381, 47.196072921166575, -0.878081476286, 0.476160457955, 0.0473723472479, -0.398745012864, -0.78284229994, 0.477661332055, -0.264528515892, -0.400536080403, -0.877265930363,  
677, 388471.11710033374, 45.26439378929774, 89.4085291834307, 61.03892342752472, 16.993557659814027, -0.68527254083, -0.321545812827, 0.653459895509, 0.0472448593256, 0.875739332421, 0.480467007107, -0.726752686993, 0.360123467583, -0.584928730739,  
680, 2203157.1369938958, 80.72083049047095, 117.18011813422402, 91.73476977367051, 48.929294917942215, 0.298231241217, 0.651728685772, 0.697357761055, -0.607517615093, 0.693117953397, -0.387955989811, -0.736193231505, -0.307956527484, 0.60264608442,  
712, 749407.8964348948, 56.347746468385076, 116.7052086824907, 65.77058186506028, 23.308146120124185, -0.907538010791, -0.399702365015, 0.128890567424, -0.390745757279, 0.916119865387, 0.089678009629, 0.153923721817, -0.0310227600961, 0.987595603584,  
714, 824827.5736052819, 58.1779196033998, 110.3700149805722, 78.23074909201041, 22.80583464732378, -0.124737884269, -0.850548787758, 0.51088865702, -0.75365715102, -0.253675358186, -0.606341249929, 0.645322678158, -0.460668614399, -0.609379248714,  
724, 985496.9618294939, 61.73368858427359, 107.33535995663046, 78.40927609824827, 27.954801903173475, 0.293134100246, 0.926452769369, 0.236130610894, 0.230981771456, -0.308289578522, 0.922824445401, -0.927749869592, 0.215969446689, 0.304363890054,  
745, 1234222.2866677642, 66.542879740863, 144.33274588730444, 58.24674178185176, 35.04840545191673, -0.0293067666145, 0.258318682761, 0.965615126004, 0.975759951498, -0.202201945503, 0.0837071698731, -0.216872382944, -0.944661755006, 0.246131140136,  
756, 587622.472386335, 51.96009410315881, 136.72499159774944, 58.7925406884104, 17.45177692564864, -0.342247590961, -0.389919595385, 0.854885545331, 0.211230823684, 0.854613304219, 0.474360242198, -0.915558914329, 0.342926828036, -0.210126307268,  
801, 478391.8163202741, 48.51749585991749, 90.74448483796759, 61.37589555355347, 20.50581575224842, 0.571326590814, -0.582250858889, 0.578420144835, 0.403291827151, 0.812981608822, 0.420019768429, -0.714801810841, -0.00669634529974, 0.699295023705,  
803, 3515821.530222068, 94.32918250485817, 129.42852996775133, 110.4995388303146, 58.68778626592852, 0.122754871555, -0.0523348769279, 0.991056154901, 0.961864641193, -0.23967946379, -0.131795928088, 0.244433331469, 0.969440465059, 0.0209172458262,  
808, 1131220.823057939, 64.63775446591659, 105.81026662157092, 65.91936963130912, 38.718446798916446, 0.653672528537, 0.129195261861, 0.745668029185, -0.640043626094, 0.620128406074, 0.453635224246, 0.403802404813, 0.773788953328, -0.488051507092,  
833, 827577.4279964905, 58.24250011176285, 132.2015883899911, 51.50568622920134, 29.015374246520032, -0.572569008215, 0.754212125423, -0.321447975101, 0.158620916231, 0.486577647605, 0.859116754455, 0.804365672916, 0.440915255708, -0.398233099476,  
835, 2585639.9584356355, 85.14513017756104, 129.32723768684355, 88.34402177623184, 54.02717676088557, -0.550174792984, -0.76730762079, 0.329464280677, 0.099961559502, 0.331190329324, 0.938254044694, -0.829044862349, 0.549137488103, -0.105511304482,  
851, 892730.4142981591, 59.73248378558553, 118.05606328787995, 95.47052998994609, 18.909240741109706, -0.23746847059, 0.0738595581826, -0.968583239139, -0.213485004431, 0.968759184141, 0.126213295752, -0.947645966782, -0.23674967541, 0.214281853722,  
852, 1207620.8404209872, 66.06133258006312, 118.71373540122018, 62.32641435613001, 38.96447928365883, -0.871731943647, -0.136578411402, 0.470563232696, 0.0134063290354, 0.953358419271, 0.301542691415, -0.489799641453, 0.269172922009, -0.829241972701,  
858, 884019.9413928193, 59.53757626401221, 121.85577842885615, 92.2239936328601, 18.77947294030214, 0.324096761829, -0.923865251694, 0.203554134528, 0.110741387966, 0.250738820369, 0.961699739498, 0.939519895459, 0.28914190404, -0.183573760013,  
906, 438349.7786430533, 47.12420762230091, 73.35870732958952, 41.8928004453293, 34.05188196764716, -0.629698200663, 0.224503343645, 0.743692426192, 0.731157423661, 0.494727224622, 0.469738006812, 0.262467136816, -0.839549416003, 0.475676129506,  
916, 3787589.2468155352, 96.69961727372502, 137.06202121711016, 97.01265395836504, 68.00310579319894, 0.472684522175, 0.770747423876, 0.427220962833, 0.74741517905, -0.607469969958, 0.268981013689, -0.46684032883, -0.1921682705, 0.863209976304,  
920, 831378.059773626, 58.33152312038957, 91.09449341685699, 56.86459864298474, 38.315619050103805, 0.222100281369, -0.827700315269, 0.515348089275, 0.382187722384, 0.560155991131, 0.734954291408, -0.896997218432, 0.0337261575598, 0.44074770155,  
941, 978978.0276527434, 61.5972672315861, 84.13870521473783, 78.38780616403895, 35.435617134751254, 0.850385047498, 0.263357551644, -0.455508584972, 0.386667734471, 0.274328179745, 0.880472664491, -0.356837966184, 0.924871261198, -0.131452714313,  
955, 2195289.8701272854, 80.62463373239129, 134.27756582748376, 78.77468545893932, 49.54651660326777, 0.187622626006, 0.618123605281, 0.763361617325, -0.368571284202, -0.676071289557, 0.638030422392, 0.910468537991, -0.401062114929, 0.10097634028,  
962, 2213697.9614265542, 80.84935979056877, 118.82890375291149, 76.27090428588815, 58.31076910734056, 0.337330596422, -0.758820812902, 0.557134671892, -0.795550558504, 0.0866208468467, 0.599663353687, 0.5032965106, 0.645513596138, 0.574460459579,  
964, 1219550.3696603447, 66.27815000395226, 101.4607902340823, 78.54601149206981, 36.53328758272449, 0.788582407913, -0.06500809168, 0.611483224583, -0.488396946933, -0.670420607655, 0.558573747197, -0.373639141628, 0.739127970549, 0.560431650602,  
967, 1108741.6485791833, 64.20673471715952, 117.6880155125177, 62.040687528759875, 36.25207840481497, 0.170059185116, 0.623393768954, 0.763190724778, 0.756713561434, 0.413492990505, -0.506367586586, 0.631240413392, -0.663629230544, 0.401412238064,  
984, 472727.8179899215, 48.32525822707475, 105.21858669195515, 89.4587345169838, 11.98967292284667, -0.439885136624, -0.724182784609, -0.531093552073, 0.386054585282, -0.686437833178, 0.616250726868, -0.8108408745, 0.0660484341908, 0.581527884612,  
988, 1113150.7807015902, 64.29173243844215, 116.46901459156793, 49.21900874860076, 46.35772575558612, 0.303476077474, 0.448945970208, 0.840446182831, -0.568760612027, -0.62231924728, 0.537801190657, 0.764469513197, -0.641222481124, 0.0664837806811,  
1007, 232779.9371635587, 38.16093254658933, 104.06087386742053, 67.88945915169785, 7.866238681260148, 0.335567237382, -0.900190131367, -0.277583062496, 0.683632249551, 0.0299804101972, 0.729210615925, -0.648106146067, -0.434463925307, 0.625459447956,  
1027, 2073763.1049054198, 79.10856586709221, 109.51279100143562, 76.60672232155581, 59.01179237480378, 0.373444829574, 0.494699765621, -0.784736325882, 0.464280823846, 0.632691014124, 0.619794641196, 0.803107885575, -0.595797132035, 0.00659557320419,  
1028, 2792989.725522832, 87.36287337521829, 108.92258174066629, 86.28550560141905, 70.94551634255129, -0.238323785889, -0.968200678431, -0.0760869197996, -0.0779094855291, -0.0590320502245, 0.995211198244, -0.968055724194, 0.243110393302, -0.0613632750472,  
1057, 2115416.798699771, 79.63471800176013, 114.92552500310973, 84.59546821161692, 51.9449992895098, -0.735805232677, -0.282462718701, -0.615471747613, -0.641615705244, 7.50595806382e-05, 0.767026258449, 0.216610125225, -0.95927827397, 0.181287745696,  
1081, 1802563.9837312512, 75.49775309456473, 104.4612058708102, 90.08319715976485, 45.73021610914335, -0.956293391831, 0.0703589285586, 0.283817846359, 0.170594621866, 0.922558918275, 0.34609610992, 0.237487733852, -0.379387221034, 0.894239851934,  
1106, 2128522.903541041, 79.79883899659406, 131.8781864858353, 94.41365794972391, 40.81144084968189, 0.708646456759, 0.442286235516, 0.549730011183, 0.514416399033, 0.209384647358, -0.831585135664, 0.482903683698, -0.872089992675, 0.0791396041664,  
1140, 991480.3072778529, 61.858373209120266, 113.51951397034225, 77.02249243037343, 27.07119281686672, 0.712535639771, -0.29872793245, -0.634865800331, 0.392712759253, -0.58002907411, 0.71368267592, -0.581437572553, -0.757844242283, -0.295977116788,  
1166, 1128018.8512741933, 64.57671013602514, 114.81575217143181, 67.32218161736212, 34.839193419983324, -0.908754199023, 0.173554755397, 0.379532017934, 0.16149083392, -0.692337061829, 0.703271002799, 0.384820109035, 0.70039141892, 0.601136709897,  
1186, 2980301.5764701883, 89.27376845321152, 130.63641836017538, 88.3688979317628, 61.63223250562495, 0.469351674847, -0.100225128129, 0.877304923621, 0.81000747022, 0.444437377881, -0.38257458793, 0.351563512762, -0.890185565393, -0.289780530161,  
1195, 2492841.899043364, 84.11408185409924, 113.89645738069743, 80.33776441123014, 65.03934634968299, 0.061839362157, -0.352242394738, 0.933863581385, 0.827997398503, -0.504345856098, -0.245062370651, 0.55731158373, 0.788391116633, 0.260467360438,  
1197, 1473925.8173472313, 70.59853227001378, 146.57498966421377, 91.02748734288313, 26.372699698376234, -0.976459376121, 0.00420871702152, -0.215660319684, -0.155402555083, 0.679646096859, 0.716889969869, 0.14958988154, 0.733528097434, -0.662992758343,  
1225, 1830006.4431968136, 75.87895418307286, 138.92783686798617, 91.40170035903364, 34.404912743973576, -0.687046577178, -0.0962151807815, -0.720214995522, -0.686647202391, -0.23822791555, 0.686850114437, 0.237660725061, -0.966431631953, -0.0976077892558,  
1240, 859379.9109731715, 58.97919799433423, 106.74934196121418, 53.965967731323225, 35.61323390286118, 0.257405227642, -0.836848623505, 0.483142763705, 0.391802015592, 0.547433363758, 0.739464598762, -0.883308399915, -0.00104574473964, 0.468791187052,  
1287, 572099.3520076945, 51.498464744196774, 115.73892363778809, 83.55068985759935, 14.123858804897036, -0.15477456139, -0.328974184535, 0.931569010356, 0.566280684908, -0.802201681729, -0.189205305768, 0.809549887929, 0.498245369011, 0.310452139972,  
1289, 1889068.6980180647, 76.68664078547421, 127.76178944849019, 81.28430265160534, 43.426164416226065, 0.756747293816, -0.362262301595, -0.544150308413, -0.29143962718, -0.932066398995, 0.215209599167, -0.585146543194, -0.00427231875963, -0.810916315214,  
1319, 1753082.5022478334, 74.80051395293582, 114.51537907731391, 84.15722837921292, 43.42686779622225, 0.053775399989, 0.785121811968, 0.617002387944, -0.133531817501, -0.606692677252, 0.783641020547, 0.989584488597, -0.124530059592, 0.072213601122,  
1323, 2301362.661316747, 81.90281293184779, 146.48087403997823, 80.72449828413376, 46.46331329477426, 0.59928083054, -0.267156969445, 0.754645373552, -0.59799082612, 0.477334595224, 0.643862295898, 0.532230643635, 0.837125341797, -0.126300055809,  
1361, 339359.8099496646, 43.27036907680424, 110.7728421060192, 33.48338879722122, 21.84283948541833, 0.973166504221, 0.227419901285, -0.0350306089327, 0.140531300906, -0.466870034369, 0.873088382968, -0.182202932271, 0.854583266574, 0.486301893851,  
1362, 3731661.606138699, 96.22129885454294, 106.30620970562967, 99.60426478374082, 84.13507320463104, -0.730051857691, 0.602443243331, 0.322624276282, 0.665745426398, 0.733547275953, 0.136716572412, 0.154296183722, -0.314595824046, 0.936601385426,  
1363, 1162160.5644999642, 65.22175915702965, 110.6300597273596, 71.74117626917685, 34.95713930565694, -0.939330821679, -0.22227835366, -0.261246896515, -0.0253824799311, -0.714493524597, 0.699181473597, -0.342072122742, 0.663393802204, 0.665503813693,  
1372, 597654.0690410814, 52.25410622495094, 128.96411197794436, 48.34502195777737, 22.88445834633151, -0.218348851291, 0.971889207558, 0.0880633145631, 0.960974567742, 0.229845681244, -0.153944285267, 0.169857761945, -0.0510130477954, 0.9841473516,  
1417, 2215533.4107585913, 80.87169856666019, 112.81578483871087, 81.71971634932555, 57.371073306874784, 0.551548108313, 0.240190413168, 0.798813651384, -0.749548522564, 0.562925457567, 0.348269926273, 0.366021442731, 0.790837211217, -0.490514840567,  
1496, 994101.2483957923, 61.912832016169695, 112.22999736692368, 48.15074171283905, 43.91673812112093, -0.636522965836, 0.761045601809, 0.125092389575, -0.381087846204, -0.451359353582, 0.806874703662, 0.67053006453, 0.465923090113, 0.577325823657,  
1497, 1928121.9339130623, 77.2114950734064, 108.9668303427105, 83.94584811681294, 50.32135726814767, 0.812880202446, -0.0237156446295, 0.581947888277, -0.20648946377, 0.922534362855, 0.326025230166, -0.544598822825, -0.385185562492, 0.745012888898,  
1511, 2176054.7067874945, 80.38846452032571, 114.36851823965256, 89.99232931256546, 50.47417309655535, -0.518871210632, -0.564188590905, -0.642233525028, 0.712988612293, -0.70009127984, 0.0389799773361, -0.471614148979, -0.437679601747, 0.765517250424,  
1528, 323796.44026470697, 42.59851766527765, 123.75282781650677, 82.12992162087856, 7.605485114674681, 0.0108393647117, -0.644694309561, 0.764363627727, -0.180939349817, -0.753054474988, -0.632589842938, 0.983434522406, -0.131446585804, -0.124813201305,  
1538, 594907.0700857015, 52.17392469144028, 138.4092262187289, 72.3325210632641, 14.186062799542599, -0.363605461513, -0.664401361418, 0.652963934152, -0.921393582755, 0.359740373768, -0.147039889621, 0.137203986882, 0.655101285625, 0.742978715413,  
1577, 955024.1123093199, 61.09071983482498, 131.8959939974482, 58.870010872284766, 29.362971679380262, -0.985521334889, -0.054322990236, -0.160613546163, -0.093826120959, -0.614290836687, 0.783481606031, -0.14122449329, 0.787207584246, 0.600299809929,  
1587, 2116263.1063440624, 79.64533631664337, 123.71132068279981, 94.43521222367238, 43.245173873205445, -0.971877061168, -0.178858897356, 0.15318117643, -0.140324836747, 0.962242482407, 0.233234528409, -0.189113506043, 0.205180164458, -0.960279741505,  
1595, 67650.69695963422, 25.27713736929476, 112.04601934146133, 47.05826688631534, 3.063030388388827, -0.276383006093, 0.612562099608, 0.740526912453, 0.921181799061, 0.388484073767, 0.0224547880876, 0.273927959546, -0.688366035299, 0.67165145308,  
1635, 784414.2395099249, 57.21180106351746, 134.2044942118253, 51.26850525767587, 27.21693049370143, -0.700848146644, -0.412107963075, 0.582218946889, -0.0412623061264, 0.838276539726, 0.543681768167, -0.712116070201, 0.357014663165, -0.604509084172,  
1671, 56186.80451824681, 23.7601169904065, 108.32337864311783, 83.19151496892971, 1.4884851067655298, 0.366265618909, -0.766094803858, -0.528155514889, -0.414103208427, -0.642490796839, 0.644766708778, -0.833287482911, -0.0174449843785, -0.552564605584,  
1746, 506576.8650569331, 49.45219589115119, 111.22893575541347, 72.44714811967637, 15.007821881643586, 0.852440604952, 0.512283169719, 0.104455584108, 0.447832747309, -0.818549423466, 0.359753626501, -0.269797786251, 0.259889967805, 0.927181945018,  
1750, 1514132.9862751013, 71.23473349876355, 142.65443027552476, 79.22182007705166, 31.984924661963998, 0.714801511918, -0.560954073313, 0.417599480594, 0.320296173244, 0.793436294033, 0.517560826103, -0.621666437862, -0.236197745425, 0.746820905634,  
1751, 1030313.327187299, 62.6556494630795, 73.68536337290563, 63.981170574793204, 52.17317867777677, 0.746768686716, 0.598509658127, 0.290039165752, 0.263465189051, -0.666629687579, 0.697273944584, -0.610673908645, 0.444287124241, 0.655504636547,  
1755, 1392213.350308154, 69.26902289874509, 98.588038171151, 80.91820091123427, 41.66263575533114, 0.565894137815, -0.0477639297174, 0.82309320967, -0.621846401426, 0.630780585265, 0.464136732319, -0.541360210785, -0.774489806435, 0.327253207636,  
1786, 574055.6768429874, 51.55709856099244, 105.6922140799318, 78.10578770673293, 16.60118901499894, -0.0999150699886, -0.0480664051219, 0.993834291765, 0.988370278374, -0.119871529553, 0.0935682062964, 0.114634949365, 0.99162514949, 0.0594843784756,  
1792, 3329822.8879232104, 92.63551244048854, 138.25119055999406, 98.00007592513906, 58.67285653969302, 0.82092033448, -0.182657785043, 0.541041530754, -0.140280506347, 0.853923333325, 0.501135032045, -0.553544202369, -0.487289518015, 0.675379701839,  
1819, 2093633.242461838, 79.36042751281599, 128.5545199179413, 71.5784416152464, 54.31782935718291, -0.0363626621862, 0.935377947633, -0.351775286057, -0.0433373260692, 0.350200955573, 0.935671505864, 0.998398534137, 0.0492685071599, 0.0278025400697,  
1869, 841898.1923990144, 58.57653200603189, 124.74828869648749, 54.29425162599174, 29.674439168831455, -0.950380587843, 0.00454935980462, 0.311056331838, -0.263123321397, -0.545179366805, -0.795955762431, -0.16596040488, 0.838307080571, -0.519324929766,  
1878, 2078913.429055976, 79.1740021303025, 107.33368646693889, 83.78330735591278, 55.18921913345287, 0.300891512047, 0.758225085755, 0.578410768667, -0.350911062532, -0.475937018565, 0.806439942309, 0.886750091159, -0.44562167103, 0.122864161326,  
1919, 1603775.5084926677, 72.61365919659904, 110.56538104240823, 70.61771858162486, 49.036799574534236, -0.593252459615, -0.509165631737, 0.623539797142, -0.804376466704, 0.34404850049, -0.484364665436, -0.0320939086657, 0.788911267995, 0.613668470966,  
1960, 2960095.887544512, 89.0715596169959, 128.66814539513788, 80.20920095058688, 68.4734072876422, -0.176562537495, 0.841029417772, -0.511366002776, 0.968504888313, 0.241113245114, 0.0621504975404, -0.175567513131, 0.484287023854, 0.857112668708,  
1977, 2087490.4925497056, 79.28273660422816, 118.17694243980243, 72.73405974918174, 57.978278822376986, -0.750038792773, -0.576076979853, 0.324926334142, 0.0836387999736, 0.404717477037, 0.910608760621, -0.656084110824, 0.710168344172, -0.255371420603,  
2046, 895195.755369058, 59.787418471894284, 89.54674414878781, 65.01744411157355, 36.707069331714635, -0.82741380035, 0.527212635479, 0.193476716897, 0.0325570145175, -0.298904011508, 0.953727651224, 0.560648235345, 0.79542644468, 0.230152834675,  
2050, 2128506.2592136953, 79.79863099609788, 97.99341431969837, 79.79506015060572, 64.98504531548485, -0.962734381105, -0.135508736909, -0.234051049262, -0.141513323488, -0.485081859131, 0.86294239044, -0.230470151461, 0.863905650036, 0.447828691714,  
2051, 654037.6542910776, 53.84822360830745, 125.28878477629722, 93.6932378402458, 13.301288051020729, -0.907904919157, -0.367182351086, 0.202202321501, -0.419087459889, 0.805045185951, -0.419842767642, 0.00862315100286, 0.465917771316, 0.884786003302,  
2096, 3491827.7728162804, 94.11410903622178, 109.99358845414959, 104.05108988457702, 72.83668995929887, -0.484550229559, -0.428440290957, -0.76265981415, -0.873209112797, 0.288850879958, 0.392518807799, -0.0521240862064, -0.856156578105, 0.514080726545,  
2118, 4725120.967393695, 104.09777349772484, 129.98803446829538, 96.35547178457331, 90.06261712311054, -0.032350113406, -0.770941074113, -0.636084373655, 0.118028022895, -0.634911115793, 0.763516378903, -0.992483176671, -0.0503759395722, 0.111532097345,  
2124, 550188.7064483541, 50.83244749492632, 77.51798633750573, 64.86788716647214, 26.12106181673737, -0.521496216607, -0.152448093175, 0.839524433803, -0.852825310365, 0.0619568856656, -0.518507795814, -0.0270312054094, 0.986367539615, 0.162321873844,  
2143, 938527.3787745012, 60.736921984093314, 116.01955208044063, 67.39623436220995, 28.654413309365644, -0.156930615619, -0.350306658989, -0.92339483784, -0.204896306353, 0.926184671144, -0.316542980622, 0.966121258189, 0.13952490676, -0.217123271137,  
2145, 2727519.6142240474, 86.67484846137442, 115.05475966652527, 98.98450691148453, 57.17516933253448, 0.556663197376, -0.041050231732, -0.829723425704, 0.0456957004768, -0.995753184387, 0.0799218289449, 0.829480552903, 0.0824043339802, 0.552423332325,  
2190, 2121214.6102887993, 79.7074043750591, 103.6744022189963, 91.40885625866018, 53.43627615590432, 0.169208799757, -0.984861222462, -0.0376398004094, -0.106115181087, -0.0561735307854, 0.992765885182, 0.979850983787, 0.163990569635, 0.114013782689,  
2199, 1398657.5167274654, 69.37573407016124, 105.79012874021049, 98.46095578933826, 32.05631385103972, 0.654487399236, 0.67460513389, 0.341400289353, -0.35574201048, -0.123676147555, 0.926364848483, -0.667153555203, 0.727744545741, -0.15904090645,  
2227, 1872529.2270303983, 76.46217811408088, 124.72579800305364, 70.00978705845604, 51.194693561002836, -0.999296522204, -0.00931807346206, 0.0363267699801, -0.0371002599566, 0.10408088011, -0.993876622678, -0.00548009319128, 0.994525185152, 0.104353364469,  
2239, 388437.3719396543, 45.26308309685531, 107.15049073659196, 43.05581366042638, 20.100480188610355, -0.174804777644, -0.152179280648, 0.97277168763, 0.288955867777, -0.95240858526, -0.0970690125673, 0.941247999302, 0.26411995999, 0.21045866707,  
2240, 449425.8282968374, 47.5178161333599, 68.70312437190226, 56.49682409756984, 27.64196389557815, -0.959613282533, -0.0313391765879, 0.279571464919, 0.0953902757837, 0.89865512312, 0.428158457789, 0.264656462744, -0.437534942263, 0.859371939865,  
2255, 1222655.5797392786, 66.33435463913229, 113.40989148024823, 72.1263586017555, 35.68375781735743, -0.105037735848, 0.401748401472, 0.909706159132, -0.946610647969, -0.320751576383, 0.0323528576715, 0.30478739344, -0.857739265839, 0.413990333991,  
2280, 1735937.3599369475, 74.55586504521165, 121.13312277567375, 78.77329526755742, 43.43136849099672, 0.0873157440785, 0.434913541365, 0.896228861605, 0.389725589137, -0.842872671053, 0.371052052363, 0.91678237658, 0.316884635047, -0.243092990569,  
2299, 895066.2375722489, 59.784534965447655, 129.04536209143293, 80.43392020954768, 20.586614388826394, -0.257283394901, -0.0776517063292, 0.963211019046, 0.694981144699, 0.677695529564, 0.240270634333, -0.671421226371, 0.731231141099, -0.120393334803,  
2306, 3061154.653496337, 90.07388344607261, 110.99532124359808, 90.48573034860195, 72.76321726470762, 0.0198280712268, -0.327010608729, 0.944812631885, 0.08692189341, -0.940856486085, -0.32746550511, 0.996017787009, 0.0886179122408, 0.00976901185555,  
2310, 1783163.2548679595, 75.22591847036936, 91.86670384451133, 77.07171750673868, 60.12420203213627, 0.382355046513, -0.76226390256, 0.522262732023, 0.279102788061, 0.634084156466, 0.721137238128, -0.880855409305, -0.129965477619, 0.455195257581,  
2315, 3715962.688759829, 96.08617643066955, 143.44072793129874, 81.21614960479435, 76.14964074606566, -0.469426265449, 0.840832205002, 0.269518430423, 0.129481845789, -0.236387437574, 0.962992954786, 0.873426260721, 0.486951930264, 0.00209396611725,  
2316, 1361211.8499359605, 68.75100282086193, 120.99902547020912, 86.27862173303666, 31.128058970573452, 0.557874961884, 0.768605403193, -0.313083473032, 0.729183454973, -0.273794863513, 0.627158561855, -0.396316812533, 0.57817134735, 0.713197642457,  
2340, 1099470.199729054, 64.0272650434523, 110.99925139255745, 68.36500083571086, 34.589236843040965, 0.563314817206, -0.574838742508, 0.593495439602, -0.724657752159, 0.00134262450132, 0.689107640065, 0.396922610786, 0.818265615477, 0.415805030724,  
2345, 2251967.2253007274, 81.31259452366731, 144.94513363308133, 83.75180287624066, 44.28693784534514, 0.818256601881, -0.384804561531, -0.427061568047, -0.456055015934, -0.886806802244, -0.0747497019102, 0.349957077253, -0.255928007297, 0.90112757097,  
2348, 227093.54466969657, 37.84763324640042, 88.08158527643054, 57.48390689232116, 10.707418569057872, -0.471958730079, -0.511056545673, 0.718384412572, 0.0889023002703, 0.783103612556, 0.615503950441, -0.87712675145, 0.354358489565, -0.324158484024,  
2362, 2073758.18230816, 79.10850327236336, 115.98695032348634, 78.80663167489863, 54.16236359567276, 0.550157748582, 0.720818553673, 0.421600598145, 0.715424260787, -0.6672498203, 0.207233695104, -0.430690815728, -0.187612073147, 0.882783739801,  
2366, 2069670.316470297, 79.05648858182336, 138.5427567621957, 79.32240378195625, 44.96067989641564, 0.132847853205, -0.146206561109, -0.980293369042, 0.879497867837, 0.473416807183, 0.0485801106024, -0.456984625965, 0.868619691329, -0.191480765265,  
2374, 1584845.4938203723, 72.32683151916301, 102.64510141828272, 76.45120438322448, 48.21428829393531, 0.45057341712, -0.31856289581, 0.833967191919, -0.778537627082, 0.316937663364, 0.541691499618, 0.436878425884, 0.893346628669, 0.105209514985,  
2377, 1004869.3250655262, 62.13557570696799, 100.66316979975753, 62.953737917777715, 37.85548861495914, 0.856584601812, 0.285547051833, 0.429797279108, 0.158749097668, -0.938363144347, 0.307039628257, 0.4909801869, -0.194775487473, -0.849117757176,  
2378, 805667.564847723, 57.7239121215077, 104.7857633267163, 44.86445321137292, 40.913120971487444, -0.655602277572, 0.400351352252, -0.640237806126, 0.108491649192, 0.889022067408, 0.444825050686, 0.747271848592, 0.222167860889, -0.626279670666,  
2389, 2849009.0731701045, 87.94309403577246, 124.67106455598311, 85.56083279061134, 63.76238482730128, -0.0351796917906, -0.996223657259, 0.0793776669039, -0.978506114862, 0.0181869186822, -0.205414262326, -0.203194912494, 0.084897942887, 0.975450750592,  
2410, 1338021.911236893, 68.35834485591091, 127.15053632214696, 99.26848187541886, 25.307254907372133, -0.736954764774, 0.668809560604, 0.0979359296799, -0.447725549287, -0.591534317556, 0.670543796981, -0.506398565552, -0.450312028263, -0.73537716174,  
2418, 1281565.7646045599, 67.38306517899032, 116.10618595129739, 73.0786797365359, 36.058382095814395, -0.526547906619, -0.107821236065, -0.843280429684, -0.824479628418, -0.177127981761, 0.537456063694, 0.207317737687, -0.978263900556, -0.00436995535374,  
2422, 1901414.6425513446, 76.8533391423831, 124.35803470356616, 99.12626100669408, 36.823549570054865, 0.122362192082, -0.914324484839, -0.38605469868, 0.413727023654, 0.400560222663, -0.817545997433, 0.902140478999, -0.0596845410785, 0.427294174672,  
2423, 232174.323478315, 38.12780991238707, 97.12471428000332, 56.595568329825156, 10.083548692388247, 0.173405697961, 0.229302474483, 0.957784338518, 0.8557087219, -0.516512290553, -0.0312671868218, 0.487537739236, 0.825006320524, -0.285782301617,  
2425, 2784615.973884665, 87.27547750249721, 143.3321866501209, 105.99399256473711, 43.757421565010524, 0.260245209351, -0.965283647725, -0.0223586771632, 0.127594937123, 0.0114282655522, 0.991760518859, 0.957074690414, 0.260953777864, -0.126139457699,  
2430, 1701414.740325988, 74.05832079183087, 105.6196724387326, 63.56320325343629, 60.50217538455819, -0.543777189185, -0.819515199092, 0.180834750476, -0.838384206617, 0.540137817639, -0.0732329164431, 0.0376601993763, 0.191431388266, 0.98078322425,  
2465, 3214028.8077192847, 91.5490239837855, 138.68586551544288, 81.4409998065006, 67.93379211864034, -0.0787113314843, 0.524760136962, 0.847603282763, 0.247420337429, -0.813354939709, 0.526532922691, 0.965705805576, 0.251158397642, -0.0658160798825,  
2471, 2304904.365076789, 81.94480643243448, 123.2937343725951, 97.50055555614634, 45.77371949547711, -0.640193263535, 0.182505138007, -0.746220114929, 0.14347824418, 0.982683804035, 0.117245617123, -0.75469634872, 0.0320064976003, 0.655293068283,  
2477, 4040878.6433488256, 98.8088245417018, 131.14382104983346, 97.84737955429833, 75.17789581552948, 0.809485744224, -0.127234486096, -0.573187766308, 0.202105324916, -0.85619656367, 0.475479633634, -0.551258802685, -0.500738284843, -0.667364145392,  
2495, 1556267.9692621394, 71.8894658198361, 109.72920018544863, 95.25824031815749, 35.544384761346144, 0.769958358871, 0.475151299521, -0.425905351186, 0.538204334132, -0.125028578017, 0.833489021763, -0.342783051399, 0.870975945272, 0.351995287513,  
2505, 2975110.99849273, 89.22191109151527, 137.77038902338535, 110.00590435621635, 46.864359270677554, -0.320711173541, 0.370973094821, 0.871506343112, 0.903755365173, 0.395247408238, 0.164334190608, -0.283497060104, 0.840332344492, -0.462029184914,  
2513, 2087044.6552560139, 79.27709191305733, 120.82124307820024, 85.4291789630562, 48.27181184395679, -0.127929392949, -0.249028791411, 0.960009755923, -0.889626056238, -0.399062979935, -0.222068048372, 0.438405691663, -0.882458723734, -0.170490616821,  
2515, 1313446.539121478, 67.93724485545452, 118.66102558972932, 87.44482893969834, 30.219102450998864, -0.550234003677, -0.820385042662, 0.155598595668, -0.815330532842, 0.487637386936, -0.312163260295, -0.180218377013, 0.298627126428, 0.937199645726,  
2516, 2768336.2650098023, 87.10506534583125, 121.2981550049358, 84.06575458423504, 64.81222364859613, -0.971439738937, 0.234242435612, -0.0378855509734, 0.237001810567, 0.950010498829, -0.20324909324, 0.0116178914577, 0.206423190251, 0.978393832321,  
2517, 1150637.0041914438, 65.00547097005666, 120.93394183159948, 65.36174829755493, 34.75184434208801, 0.52340925701, -0.842791880263, -0.125477473035, 0.295468568869, 0.041396175508, 0.954455175199, -0.799212784237, -0.536645323483, 0.270685652181,  
2519, 1406691.0523102651, 69.50830613888753, 137.91931606191517, 89.45512917634895, 27.21947683395191, -0.77781706563, 0.40145110244, -0.483567601029, 0.601068597316, 0.69995027623, -0.385728080551, -0.183622312737, 0.590683183403, 0.785732920979,  
2532, 1180382.6546970266, 65.56087430495893, 122.26998397561734, 63.0329503068652, 36.563412271900965, 0.54414695594, -0.413096223, -0.730243521632, -0.620107246266, 0.388250549142, -0.681709992753, -0.565129271468, -0.823779716693, 0.0448986068298,  
