# Void_ID, Void_Volume, r = (a*b*c)**(1/3.0), a, b, c, vector_a, vector_b, vector_c 

0, 87027.7924544731, 27.490952410199597, 119.12365252899538, 51.453743872753364, 3.389646248511107, -0.607972875727, 0.786590016107, 0.107912598626, 0.740026379907, 0.51217733992, 0.435930418203, -0.287628126967, -0.344892039679, 0.893487292323,  
26, 2397463.421031617, 83.02734046357034, 127.80657336684467, 97.47005773313036, 45.945075127383, -0.426925225497, -0.193909812537, 0.883251853344, -0.738923457564, 0.637845298426, -0.217130143315, -0.521274376596, -0.745353848771, -0.415596756998,  
29, 1014089.8888572959, 62.32504696112605, 110.91657654024009, 58.877389240242174, 37.07172907384516, 0.581199451653, -0.779758551129, 0.232774138038, 0.526663335633, 0.578493456443, 0.622873222858, -0.620349037476, -0.239419971586, 0.746890319195,  
30, 507782.4131764105, 49.49139347810063, 134.10155600113174, 51.94427177882974, 17.402737390365473, -0.764687608939, 0.266502903957, 0.586710373965, 0.238061270897, -0.729233405109, 0.641518099644, 0.598815240316, 0.630233958983, 0.494191728897,  
32, 1587904.0201910979, 72.3733284534498, 88.87579296253797, 69.311493092666, 61.53849855539861, 0.199456547294, -0.264728858311, -0.943470040499, -0.805802253141, 0.503548443665, -0.311643536295, -0.557583908102, -0.822409628141, 0.11288307653,  
37, 2570484.460612289, 84.97844722620123, 133.65415613246924, 75.42086160876244, 60.876884130582056, 0.167595850363, -0.892089490794, -0.419628372915, -0.86182878815, 0.0741092396057, -0.501755877415, -0.47870948482, -0.445740015053, 0.756408003741,  
53, 411182.77037450456, 46.129856080692846, 91.84997507570195, 56.92940000633598, 18.772868996816513, -0.477389724477, -0.171660831192, 0.861760761464, -0.0876733607763, 0.985143127701, 0.147669901312, -0.87430682988, -0.00505736864196, -0.485347288288,  
69, 1988626.3984536037, 78.01082371796767, 127.35197844406096, 70.5535161456529, 52.837253208923926, -0.183539258895, 0.411135839498, 0.892905740784, 0.969943335128, -0.0718805592221, 0.232471744192, -0.159760029688, -0.908735663813, 0.385585562784,  
70, 846229.9533090692, 58.67682346277492, 126.46939957261317, 78.50872308114711, 20.34681394667065, 0.401264252017, -0.670000320154, -0.624569108303, 0.320553742551, -0.536033554527, 0.780969478634, -0.858039799887, -0.513583098841, -0.000319993177569,  
74, 605775.7128630889, 52.48973932940671, 111.7004080924577, 73.63417023468602, 17.582842707891768, 0.168113305149, 0.251215180787, 0.953220252394, -0.800614791128, -0.529357135563, 0.280707996423, 0.575112052437, -0.81035298233, 0.11213461183,  
77, 908533.4909562441, 60.08288490025159, 160.14147369620107, 53.86072325323977, 25.146429568836147, -0.818782665825, 0.559362930111, 0.129259655584, -0.236069882593, -0.533271668659, 0.812337576343, 0.523322039166, 0.63461361459, 0.568682339711,  
89, 1817950.3399512419, 75.7119564459057, 106.02574692083766, 76.89321543479711, 53.23460593570113, 0.49121548747, -0.146425192177, -0.858642537943, -0.693571875744, 0.530595531547, -0.487264235378, -0.526939653135, -0.834882054543, -0.159080347484,  
102, 956575.2133686314, 61.12377541425149, 99.08586264560346, 80.48254638308502, 28.63631366279453, -0.134734580336, 0.653758909513, 0.744611228154, -0.875600109701, -0.430337726923, 0.219394367928, 0.463865326095, -0.622421664966, 0.630412745928,  
112, 327243.8287075286, 42.74916326398144, 108.8636009248418, 47.81528170125147, 15.00836702171915, 0.640847571775, -0.723049754944, 0.257902000044, -0.322965320491, 0.0508364985214, 0.945044471005, -0.696425007815, -0.688922856562, -0.200941549202,  
127, 484518.5351842902, 48.72373757456165, 123.33258065315468, 62.89208442915352, 14.912414909178873, 0.357649846141, -0.0129651933453, 0.93376575827, -0.551658480163, -0.809723312441, 0.200052689442, 0.753498181033, -0.586668612634, -0.296749776968,  
152, 2615961.2595316307, 85.47666442884801, 120.1938844972306, 96.50976962426347, 53.838016185143786, -0.67019560426, 0.720691919247, 0.177316128883, -0.277857874751, -0.465177424208, 0.840479009521, -0.688209890563, -0.514016654924, -0.512009789938,  
153, 323652.63452860573, 42.59221039159222, 93.00531364912159, 55.89055371121775, 14.864296624422051, 0.138987744988, -0.835856458301, 0.53106156692, 0.462819823445, -0.419270075413, -0.781031635012, 0.875488559474, 0.354339646355, 0.328577536133,  
161, 706597.1675945624, 55.25366551534366, 99.62789177458355, 46.542883404107165, 36.378857663151855, 0.210298329735, 0.451755557565, -0.867001458314, 0.754025856388, -0.639422524352, -0.150279217622, 0.62226973284, 0.622138048635, 0.475104860038,  
167, 2605787.969468538, 85.36571622790703, 109.33979750933361, 81.87993868079434, 69.4855807053324, -0.957201354883, 0.190573075725, -0.217824399501, 0.272682358257, 0.8460734262, -0.458043763164, -0.0970046272329, 0.497836981639, 0.861828545598,  
175, 876571.9434658843, 59.36990020348155, 136.9109837150638, 45.652978936983814, 33.48046988775064, -0.312068224606, 0.140587335896, -0.939600247008, 0.899329067626, 0.362566235195, -0.244444171988, -0.306301569231, 0.92129307285, 0.239579679031,  
195, 353366.080156812, 43.857655972896644, 109.5507649048761, 57.57020710266718, 13.375900935334935, 0.0528947435337, -0.977264115716, -0.205321684779, 0.813265641839, 0.161471742706, -0.559040134616, 0.579483513062, -0.13741078721, 0.803316334732,  
201, 1013237.9304647893, 62.307588540516115, 127.41459034624798, 109.39872010068774, 17.35367367660264, -0.821711909379, -0.401597784082, -0.404362161689, -0.569692954598, 0.598094563122, 0.56367794976, -0.0154749948786, -0.693543158992, 0.720248853625,  
211, 1562022.6533854115, 71.97796649368054, 132.20428474084233, 70.71640361096303, 39.887151429331915, -0.0518815897868, 0.577754552325, 0.814559990368, 0.354102997664, -0.752018642131, 0.555948764666, 0.933766227536, 0.317281640117, -0.165568696189,  
217, 1803459.1807480084, 75.51024903162266, 104.20274026979875, 75.21025634579048, 54.93656472938812, -0.815778088755, -0.418543376268, -0.399158555074, -0.576870751118, 0.539247563468, 0.613540709161, 0.0415481216293, -0.730775962574, 0.681351778535,  
230, 788435.7405300096, 57.309404785862, 103.01338927150286, 53.513161098959905, 34.144708652309205, 0.682686438705, 0.200806380226, 0.702578126666, 0.579510843974, -0.734456970813, -0.353185701496, -0.445091460405, -0.648266731897, 0.617773288666,  
244, 2493185.926191942, 84.11795109221184, 136.28096080597288, 80.90504483835923, 53.98278269043625, 0.18753333522, 0.907876359558, -0.374955682631, 0.352520816984, 0.294090797903, 0.888391623205, 0.916820768621, -0.298782727655, -0.264893487804,  
259, 951340.8414996815, 61.01208183466893, 125.08379959351679, 51.82644500100805, 35.03442931142028, 0.724855348115, 0.319133614982, -0.610523103656, 0.511892608978, -0.842599231832, 0.167309567535, 0.461032191048, 0.433797499191, 0.774124698297,  
266, 2198850.7093980694, 80.6682022046676, 115.83865603031016, 90.91147305874013, 49.846529872412425, -0.527211761359, -0.667183287793, 0.526226395361, -0.84972499285, 0.416785999694, -0.322888319679, 0.00389810354286, 0.617378239775, 0.786656795458,  
274, 1510520.3895333272, 71.17803497754224, 143.92227677519796, 78.76073149915665, 31.81267735413157, -0.617401765105, -0.639520057101, -0.458071126584, -0.781802969393, 0.434307731764, 0.447393463496, 0.0871732613485, -0.634342881016, 0.768121039818,  
287, 3332121.6816748325, 92.65682498059674, 104.24448005757388, 96.2688716210267, 79.26715922290568, -0.8128939034, -0.270400770022, -0.515836141993, 0.157648563927, -0.954783591037, 0.252061945917, 0.560669628308, -0.123578792108, -0.818766053299,  
288, 3583450.174693672, 94.93016892008576, 98.26971423784791, 94.58049525000318, 92.04315231443451, 0.0623600913271, -0.853509922644, 0.517331645039, -0.985154984388, -0.135704697243, -0.105137490371, 0.159940225537, -0.50309546519, -0.849302111831,  
289, 2216734.264629295, 80.88630717078479, 97.21839718105274, 83.20101135673984, 65.42563748159628, -0.273942443917, -0.864850041952, -0.420701726114, -0.133992560925, -0.398848075824, 0.907174848653, 0.952366279872, -0.304884596768, 0.00662205529408,  
290, 3702286.3651786633, 95.9681521831068, 97.8624895000976, 96.11021281578148, 93.9713789767068, -0.463901837068, -0.453200984453, 0.761185886138, -0.0569418099559, 0.87271373654, 0.484900365367, 0.884054701839, -0.181602868219, 0.430659589944,  
291, 3446408.067632867, 93.70426597057751, 104.4037895545966, 93.12051964906819, 84.62845951515288, -0.155243527036, 0.569450415103, 0.80723334424, 0.497304979089, -0.660999709655, 0.561931616489, 0.853573198435, 0.488677407474, -0.180574600479,  
292, 3440773.419173616, 93.65317136305707, 112.65894500037419, 90.70656562389907, 80.3827873122663, 0.317254330124, 0.761326118492, 0.565448699105, -0.649809026444, -0.259762476537, 0.71433303503, 0.690722751304, -0.594058917183, 0.412305813379,  
293, 3551860.2021474713, 94.65039227928278, 100.78783481125922, 96.66733047720047, 87.03209017773007, -0.924683808587, -0.372258986958, 0.0798943099687, 0.00609815569424, 0.195334182006, 0.980717782972, 0.380687098066, -0.907341062649, 0.178352262103,  
294, 2978509.1483252533, 89.2558677026586, 105.48310220815759, 96.85144972372747, 69.60193434449599, 0.959320946285, 0.116332184055, -0.257235582632, 0.245462462341, 0.106428568305, 0.963546127297, -0.139468640203, 0.987491662143, -0.0735439705109,  
295, 3460460.196197955, 93.83144754734354, 100.50033246600192, 93.59934092222827, 87.8223309312522, 0.679064711537, -0.691518411973, -0.246319717942, 0.407294064497, 0.0757627466063, 0.910149191755, -0.610723065366, -0.718374757442, 0.333099152356,  
296, 3415226.9392705983, 93.4208152151994, 122.78325392478776, 89.20189853788958, 74.44194672304178, 0.522641904908, -0.590597682029, 0.614849426458, -0.374262494288, 0.489041354813, 0.787887135732, -0.766011112585, -0.641897913429, 0.0345549436612,  
297, 3106479.622808472, 90.51626668017019, 101.16791634614225, 99.14270679333082, 73.939468205403, -0.650352465163, -0.329598948517, 0.68440207787, 0.693594077838, 0.109774062242, 0.711952884991, -0.309788518581, 0.937717541904, 0.157216046763,  
298, 3514415.5046357103, 94.31660631396227, 106.92530286533216, 91.73017772349822, 85.54049773171273, 0.601382150783, 0.753643203857, -0.265257290193, 0.693653506912, -0.327753050118, 0.641422443081, -0.396464779102, 0.569736657956, 0.719872085521,  
299, 3292133.887499832, 92.28468339956505, 98.76365087870995, 95.25374216296703, 83.54292905879382, 0.949629964968, 0.31333247487, -0.00506851318029, 0.254068683428, -0.76034717611, 0.597763561856, -0.18344490654, 0.568941940775, 0.801656431579,  
300, 3549611.6369426, 94.63041471881586, 102.35043379914237, 94.94284557506985, 87.20478154195975, -0.891026596377, -0.0592581058872, -0.450066752201, 0.0713117803752, -0.997405368006, -0.00985707124076, -0.448314883234, -0.040877974025, 0.892940511294,  
301, 3280027.9153190386, 92.17142676498246, 106.27700337870002, 93.27516753852552, 78.99208776252705, 0.626118212119, -0.655978588244, 0.421506911234, 0.458545464429, 0.746994513432, 0.481388880173, -0.630644148078, -0.108126262616, 0.768502875614,  
302, 3532008.7515519834, 94.47372813838335, 97.69622058612936, 95.7726555046209, 90.11848231151215, -0.0711506646157, 0.434894466355, 0.897666077146, -0.699736933549, -0.663113660396, 0.2657978503, 0.710848652494, -0.609218414471, 0.351492697957,  
303, 3053164.3874713625, 89.99544448165274, 98.05138186188151, 89.08198755535412, 83.44838995435222, 0.199527666398, -0.974498885882, -0.102667578893, -0.925038806572, -0.221885115003, 0.308334561923, 0.323252094623, -0.0334502190428, 0.945721505607,  
304, 3451200.3519052127, 93.74767827032211, 105.25009621285925, 92.40425053395879, 84.71632587924434, -0.778615815265, 0.177438364025, 0.601891218737, 0.590158334713, 0.533019383561, 0.606303122799, 0.213238252169, -0.827288319584, 0.519734051311,  
305, 3654006.9842000273, 95.54917053223569, 99.99670674080322, 94.46543996867423, 92.34685613723096, 0.381498298504, -0.919218381336, -0.097450580569, -0.710777397777, -0.224310905642, -0.666693414111, -0.590977612984, -0.323608073176, 0.738933877913,  
306, 3478896.8236757508, 93.99779076564367, 103.36139796936858, 100.04413567774239, 80.31615854482068, -0.0953153615934, 0.337478558204, 0.936495170621, -0.620398872517, -0.755859510594, 0.209240625175, 0.778473005841, -0.561056702123, 0.281416339575,  
307, 3485143.5076427013, 94.05401772782997, 114.48924656657617, 87.05751378093053, 83.47589782406085, 0.897866529391, 0.230465855825, -0.375128224343, 0.315436563113, 0.257664916551, 0.913295442576, -0.307140798415, 0.938346567148, -0.158651346893,  
308, 3265602.931740782, 92.03611031837602, 99.36896134431609, 91.75014181861438, 85.51007224836924, 0.62224185661, -0.568286085992, 0.538392047071, -0.663702427114, -0.747669705637, -0.0221155944108, -0.415107407938, 0.343570859854, 0.842404240335,  
309, 3710307.3694352093, 96.03740720136997, 114.32776675897694, 90.35643957131227, 85.74532482480097, -0.0287070369376, -0.894030861401, -0.447084695437, -0.997767121613, -0.00135482968659, 0.0667752608662, 0.0603048676103, -0.448003329563, 0.891995706067,  
310, 3441279.4156795256, 93.65776198353123, 106.26114692375778, 100.33704011815028, 77.05406285159361, -0.495486191007, -0.691189121697, -0.5260713189, 0.59587063006, -0.711140505297, 0.373118444944, -0.632006033795, -0.12859541117, 0.764219597677,  
311, 3501308.6066312273, 94.19921001516742, 102.27258912822194, 92.12241270650027, 88.71912045518619, 0.407961325131, -0.419505719628, 0.810914612272, 0.478048344993, 0.854852377557, 0.201735451608, -0.777841460098, 0.305356126163, 0.549290723723,  
312, 2509357.8575828183, 84.2994349507959, 111.7385449245652, 84.42711729128935, 63.50223610645473, 0.0779770894218, -0.922772578043, -0.377372949134, 0.935085648161, 0.198965969755, -0.29330423366, 0.345737478628, -0.330005018283, 0.87838618146,  
313, 3870608.527086318, 97.40102934614622, 110.05389191946894, 95.90805560314826, 87.54475827578837, 0.158849145626, 0.958090323688, -0.238390185597, -0.731163030578, 0.276412026469, 0.623696251664, 0.663451257931, 0.0752284738543, 0.744428038881,  
314, 2783718.3219430116, 87.26609842086587, 100.47576568893247, 81.89393117470934, 80.76508137141975, -0.183474631836, -0.82909150889, 0.528151805223, -0.0909436405139, 0.549284156635, 0.830672119142, -0.978808619559, 0.104375213325, -0.17618030855,  
315, 3528577.2014652877, 94.44312266713561, 106.02535604784815, 95.58818766617252, 83.11837564670601, -0.0549513887894, -0.419291723002, 0.906186954161, 0.978382485635, -0.203823777992, -0.0349796987971, 0.199369146743, 0.884675261634, 0.421428077826,  
316, 3912964.7188768974, 97.75502871084852, 106.08577889731693, 97.24346575079574, 90.55234983718852, 0.254316960023, -0.950377301, -0.179181108348, 0.447602576179, -0.0485703281889, 0.892912569638, -0.857306723199, -0.307284735976, 0.413039070057,  
317, 2343313.7301826817, 82.39748245857393, 115.52954288881, 92.7034875460934, 52.23392968615724, -0.223419348697, -0.0813911105279, 0.971318321538, 0.960471077907, -0.188164413783, 0.205157163877, -0.166069573168, -0.978759235212, -0.120213378436,  
318, 3572418.976960771, 94.83265862457027, 100.33243204075538, 93.67899684736507, 90.73820993025477, -0.0620713613428, -0.932679809037, 0.355324527602, 0.165481378765, 0.341466328455, 0.925211683785, -0.984257618402, 0.116228741479, 0.133145860886,  
319, 3677280.385629749, 95.75160123436727, 102.24585395707182, 93.78779712600048, 91.54741676258277, 0.49957206271, -0.710786992394, -0.495186435197, 0.488462589273, -0.240956707813, 0.838656165446, -0.715424386669, -0.660849238786, 0.226817615181,  
320, 3679026.411250672, 95.76675358228685, 99.35552651839548, 96.75405532044334, 91.36567985202079, -0.0150110764346, 0.397681893272, 0.917400555563, 0.0670168864462, -0.915040616853, 0.397755460604, 0.997638914896, 0.0674520664792, -0.0129156576428,  
321, 3317088.6818211563, 92.51727325162001, 104.17670161973062, 101.22022196284648, 75.09838281208779, -0.950941979132, -0.0432608021645, -0.306329651391, -0.302045212575, 0.344007254026, 0.889060008513, -0.0669181730612, -0.937969888735, 0.340197657165,  
322, 3306660.638966388, 92.42022159479124, 110.5447946014927, 93.50079565347971, 76.37432990103848, -0.175595379833, 0.115757291258, 0.977633117331, 0.587201300312, -0.784752720324, 0.198388005828, 0.790165106477, 0.608903454962, 0.069826120053,  
323, 3420967.495456319, 93.47312869751299, 109.33969051822243, 86.90043056089841, 85.95290708193838, -0.679665667805, -0.514305508448, -0.523014745478, 0.0808854638677, -0.761218767453, 0.643431060652, -0.729048778713, 0.395013711227, 0.558974101547,  
324, 1831346.9210430754, 75.89747674664305, 97.34219494984072, 84.23266381150903, 53.321252616979784, -0.819091472076, -0.269183703348, -0.506585919884, -0.396623843366, 0.90373870104, 0.161077270637, -0.414461924966, -0.332861073264, 0.847009338,  
325, 2600954.0586796324, 85.31289718437647, 124.59150915230269, 101.35078104016881, 49.17320614509315, -0.0481696679144, 0.170521199996, 0.984175900662, 0.829861459327, -0.541530036758, 0.134443957146, 0.555886356567, 0.823205769927, -0.115423649839,  
326, 3379846.250086248, 93.09709120217246, 103.15636007967295, 90.97207280594678, 85.98134521687932, 0.697875979951, 0.709933391598, -0.0946767981191, 0.525066372027, -0.417225710183, 0.741773558257, -0.487108223678, 0.567377551773, 0.663933951662,  
327, 3434779.6349295033, 93.5987588712906, 99.22014870677197, 92.44499220144301, 89.39783599976603, -0.385693171234, 0.495996700279, 0.777964042213, 0.906350916939, 0.361371681516, 0.218948677004, 0.172536352769, -0.789555432576, 0.588925653935,  
328, 3549143.154061303, 94.62625138261748, 107.50695788915316, 90.47671493855601, 87.10869571227317, -0.562862663262, 0.46935714881, -0.680359823304, 0.168419037807, 0.870989421048, 0.461532724871, 0.809209892432, 0.1451939919, -0.569296104595,  
329, 3511768.3376432867, 94.29291963264996, 97.15041760384959, 95.53366230039019, 90.33086125118061, -0.345265361088, -0.742664801581, 0.573795105351, -0.700933514393, 0.610619520935, 0.368559369781, -0.624086563574, -0.274941435846, -0.731384418771,  
330, 3500265.181299058, 94.18985164677343, 103.27348622602435, 94.69536931396726, 85.446594528195, -0.00381509981003, -0.733654964649, 0.679511469999, -0.910621852112, -0.278245050258, -0.305528287501, 0.413223048086, -0.619943614253, -0.667020710081,  
331, 2895694.539608662, 88.42085551994661, 122.02736261111903, 85.13300372745397, 66.544008145358, -0.562763241025, 0.824651629707, 0.0569844204368, 0.825838279204, 0.563888543918, -0.00456581194403, 0.0358980661267, -0.0444904445875, 0.998364627373,  
332, 3501805.0979184117, 94.2036623387428, 102.00427681878595, 92.49376447239736, 88.60791647325277, 0.899210393404, 0.00965315991166, -0.437409973478, -0.318655020747, 0.699512858708, -0.63964110113, -0.29979934314, -0.714554810358, -0.632085260742,  
333, 3431937.4188947016, 93.57293467167752, 99.8009294056229, 93.87740431048638, 87.44904920755968, -0.925150302954, 0.372391143172, 0.0736325568669, 0.379569094521, 0.910017187224, 0.166721388674, 0.00492132376875, -0.182190986178, 0.983250845475,  
334, 2621900.4259247333, 85.54130305513142, 112.74560488465039, 94.2272166900159, 58.91848903816842, -0.00462621540713, 0.972274239918, 0.233797776985, -0.88435245801, -0.113116267188, 0.452907761148, 0.466796881033, -0.204664389892, 0.86035641415,  
335, 3624370.987481755, 95.29015030860457, 117.04690138278325, 88.33010608939212, 83.69034592231802, 0.127702745984, -0.456464606625, -0.88052942686, 0.535593634717, -0.715481911258, 0.448581200135, -0.834764318307, -0.528891007261, 0.153110533012,  
336, 3316668.7020845744, 92.51336852031987, 105.577972109816, 92.71436182051056, 80.8896868143201, 0.640703209102, -0.207512104677, -0.739214531959, 0.234282489174, -0.864027265702, 0.445610367239, -0.731171055987, -0.45868901288, -0.504968589469,  
337, 2722909.4270913075, 86.62598689808739, 101.60771246148255, 86.00120154214174, 74.38980037675005, -0.270876196636, -0.384323441178, 0.882565339597, -0.95787297201, 0.0167293759045, -0.286704547357, -0.0954225109152, 0.923046922178, 0.372664626531,  
338, 3613646.5626532924, 95.19607038182242, 101.11979708509719, 97.89161847937135, 87.15160025007516, 0.509089935803, 0.574915357116, 0.640546461559, 0.493870511314, 0.414387256863, -0.76444432067, -0.704925070712, 0.705517918625, -0.0729733593868,  
339, 3336209.168990629, 92.69469663068234, 106.73156677280492, 99.0930230501419, 75.30584739228459, -0.86992187538, -0.479029300763, 0.117332262169, -0.260429632965, 0.648206584388, 0.715544988264, 0.418822560292, -0.591911440138, 0.688642512501,  
340, 3329666.818032259, 92.63406513225874, 126.86790083244034, 103.23231739000668, 60.69385714971338, -0.0229827793009, 0.870449405196, 0.491721084406, 0.763376821823, -0.302315878272, 0.570842305412, 0.645544436704, 0.388488021358, -0.657532841387,  
341, 3381135.78006597, 93.10892963273324, 97.56296538648856, 91.3598544193585, 90.55941562172477, -0.957437341418, -0.25661669238, -0.13214238703, -0.248347530257, 0.965689708326, -0.075940051674, -0.147096028069, 0.0398906057207, 0.98831750875,  
342, 605298.2586651288, 52.475945426828005, 96.47546578279842, 69.898831843935, 21.42861062169393, -0.744852585676, 0.516859947906, 0.421960211231, -0.319470940291, -0.831468497862, 0.454531027955, -0.58577550642, -0.203754585995, -0.784443194097,  
343, 3392994.34841551, 93.2176554523312, 103.23836792624344, 91.93714199006412, 85.34191774473283, -0.680018321684, 0.660341789647, -0.318628000998, 0.683567547661, 0.728158858472, 0.0502004443503, -0.265161252747, 0.183666539343, 0.946549582625,  
344, 3563882.258289742, 94.7570604153936, 107.71186094639988, 90.27098519382685, 87.50301690056483, -0.275254955754, 0.948814492676, -0.154873392876, 0.267008391935, 0.230208324288, 0.935794125898, 0.923548173064, 0.216229475134, -0.31670741405,  
345, 3241918.9120175205, 91.81307074333823, 98.72811235260004, 93.09635412136036, 84.20541717448181, 0.763346392778, -0.133710109079, -0.631999914053, 0.211441152284, 0.976168728359, 0.0488595220438, -0.610405540402, 0.170927529976, -0.773426697071,  
346, 1412424.857175721, 69.60261890716251, 93.17807299196005, 72.19325476097018, 50.12638624328156, 0.0364716976483, 0.984143357397, 0.173584755557, 0.906758714202, -0.10560478287, 0.408211053322, 0.420069576963, 0.142511339641, -0.896232151054,  
347, 3546931.2285454012, 94.60658938649466, 99.32637244856075, 98.02473228098367, 86.96888841171287, -0.552621419157, -0.260845028133, -0.791561392684, -0.322975257082, 0.942571295563, -0.0851254139098, -0.768307588406, -0.208612617257, 0.60513157703,  
348, 3329802.8613415994, 92.6353267272708, 102.17724746509701, 94.60544737914181, 82.23554405056025, 0.520812960717, 0.247024314309, 0.817149220209, -0.739259366018, 0.60919728058, 0.287009168998, -0.426906839607, -0.753563309533, 0.499892877347,  
349, 2678568.386538309, 86.15319273248262, 124.10838611244002, 87.45511294001665, 58.91525969967998, 0.271765261912, 0.718612968922, -0.640108618373, -0.597408659115, 0.647439789505, 0.473206733869, 0.75448428508, 0.253805279422, 0.605257254154,  
350, 2984415.6189971734, 89.31482774454523, 114.90591072237406, 82.29646231122537, 75.34373735006956, -0.786490817546, 0.119902336179, 0.605851156386, 0.562607844674, 0.543750777895, 0.622741924596, 0.254763825978, -0.830637418684, 0.495112988777,  
351, 2734571.3430113397, 86.7494805602605, 94.91784290798002, 85.53386693863015, 80.41085544901628, 0.749236985274, 0.386774557326, -0.537633129283, -0.293181269439, 0.921583854332, 0.254416867925, 0.593875982969, -0.0329945637914, 0.803879764401,  
352, 1741530.518684272, 74.63585175053505, 111.27807290572346, 67.3144449323908, 55.50404251383184, 0.120768391338, -0.352980132432, 0.92780387031, -0.625035539304, 0.699071435196, 0.347317870401, -0.771197491088, -0.621855412939, -0.13619939478,  
353, 3203146.9470245247, 91.44558681062755, 100.29554136854765, 93.12373361165614, 81.874044883467, -0.185413287297, -0.876875106098, -0.443522221765, -0.978004375927, 0.120782932763, 0.170055649185, 0.0955476507315, -0.465297250646, 0.879982451519,  
354, 3231205.2033717926, 91.7118195924166, 114.88130807159875, 91.06174304523263, 73.73787184841906, -0.878755030624, -0.220356876822, 0.423358527717, -0.13696089334, 0.966156248373, 0.21859509927, -0.45719942022, 0.134107980994, -0.87919493833,  
355, 3320692.5984774646, 92.55076686554608, 104.23572603041254, 91.44748776056252, 83.16712527373905, -0.910811951578, -0.395944609906, -0.116830880976, -0.178333406111, 0.122136103246, 0.976360573021, -0.372315437671, 0.9101157279, -0.181853173471,  
356, 2654927.4548092443, 85.89898189128945, 101.58288772132953, 84.17130579580795, 74.12751308492977, 0.915784935352, -0.278239503228, -0.289690750672, -0.26368717101, -0.96049834211, 0.0889494836934, -0.3029967459, -0.00507086266133, -0.952978099604,  
357, 3300819.691226098, 92.36577191416711, 103.99134651151098, 91.6101718842956, 82.71652719496673, 0.646406516649, 0.0608468931016, 0.760563127448, -0.43346600656, -0.791043991905, 0.431690426148, 0.627905913645, -0.608725766229, -0.484960931559,  
358, 3721324.4763172497, 96.13236868416838, 105.31660563275435, 94.2617469605452, 89.49042952034752, 0.5861534567, 0.764715174446, -0.267646832916, 0.43719085914, -0.0204124919771, 0.899137076788, 0.682120427698, -0.644045054435, -0.346291336846,  
359, 3522304.384538923, 94.38712504294371, 99.98923382131693, 93.82676019950551, 89.63101468062418, -0.198749295215, 0.895740503806, 0.397677843854, 0.478026069768, -0.265629640025, 0.837216800454, 0.855564021142, 0.356496625764, -0.375393608824,  
360, 2722400.3981749886, 86.62058852042541, 95.24235080917411, 90.54615700384932, 75.36388209787827, -0.78077930089, -0.198068908134, -0.592581126034, -0.467828788081, 0.813984029257, 0.34433446699, -0.414149620721, -0.546075734441, 0.728204218548,  
361, 3551770.6082364074, 94.64959643619883, 102.12080423651243, 95.61494261666144, 86.83929812456161, -0.897069874419, 0.431774250078, -0.0940033902538, 0.439699721396, 0.85104635951, -0.287026564919, 0.0439294367634, 0.298816149052, 0.953299068316,  
362, 4122235.317320952, 99.46754296056443, 109.74360112906862, 95.64139952815623, 93.76031136308703, -0.854561478583, 0.316334405743, 0.411894674724, 0.494683322466, 0.254270548813, 0.831044462397, -0.158155271163, -0.913936010752, 0.373775170997,  
363, 3646495.762673878, 95.4836549382793, 103.87330908154554, 98.01086400699712, 85.50842735935757, -0.9909263835, -0.0397425728085, -0.12839560113, 0.0171809982619, -0.98490167863, 0.172259968448, 0.13330309742, -0.168490982956, -0.976647875583,  
364, 2987922.599662217, 89.3497986069454, 101.83137248052101, 90.62403122745619, 77.29577565619202, -0.36468637675, -0.20980657767, -0.907185232783, -0.148702374555, -0.948656183181, 0.279175661394, 0.919179770456, -0.236712158706, -0.314763249929,  
365, 3382336.180037257, 93.11994710727376, 100.9417280425344, 90.82479723947141, 88.0750685013964, -0.966321153396, 0.255811252893, 0.0280005605983, 0.250971237301, 0.912758436868, 0.322312695955, -0.0568934666524, -0.318484911448, 0.94621905214,  
366, 3329050.9324624296, 92.62835329930489, 96.02233375368155, 92.94915135179681, 89.04594443351098, 0.0421683026677, 0.976076089887, 0.213300963433, 0.946010882593, -0.107679490445, 0.305726245772, 0.321380217603, 0.18889307581, -0.927919264615,  
367, 3349007.715325992, 92.81307885021172, 96.43338477367662, 92.51776933207951, 89.6138168083665, -0.618352408838, 0.756325720377, -0.213568965863, 0.775096961208, 0.631806759998, -0.00670214488246, -0.129865311802, 0.169680943881, 0.976904999513,  
368, 4241086.4395323675, 100.4144402333573, 119.10980942162725, 94.02205322409489, 90.40891433443694, 0.0705149430558, 0.539299964879, -0.839156237352, 0.40750749784, 0.752274626801, 0.517706987663, 0.910475305546, -0.378468537335, -0.166722176802,  
369, 3814083.452433126, 96.92456501724592, 106.64015852096028, 95.79894298695655, 89.12921523711378, -0.179167447151, -0.451271119908, -0.874215878498, 0.112726585733, -0.892158832573, 0.437430376552, -0.977339113486, -0.0201740873034, 0.210716073073,  
370, 3037285.80766422, 89.83916025619345, 106.51173753636036, 89.80972109606518, 75.80122678174003, 0.543105971076, 0.836767077485, -0.0696904743736, 0.765242764767, -0.527422861165, -0.369091636985, 0.345600079794, -0.147125740633, 0.926776457022,  
371, 3405536.776516791, 93.33237595458917, 106.1563361880786, 95.61558851207445, 80.09812348803835, 0.263779716045, 0.918336763582, -0.295089562773, 0.457791146144, -0.388462967575, -0.799702312948, -0.849027401157, 0.0758558598736, -0.522875090827,  
372, 3527219.854269167, 94.4310112181226, 102.85362568583389, 96.34833599483586, 84.97283283306217, 0.784400095771, 0.448959195081, -0.427962768131, 0.569486386369, -0.247904595404, 0.783727355218, -0.24576766568, 0.858474782815, 0.450132538011,  
373, 3242546.6269585136, 91.8189961143468, 96.16565069286078, 89.96098122025907, 89.47948220357836, 0.369751292324, 0.921432815784, -0.119354714278, 0.474607532996, -0.0768720639009, 0.876834291879, 0.79876884732, -0.380857259071, -0.465742500492,  
374, 2142123.3957846775, 79.9684401934475, 109.99541290479698, 95.91539877676573, 48.472225971482814, -0.553777898987, 0.236039856701, 0.798508124343, 0.614288222808, 0.763206575202, 0.200413829086, -0.562120999352, 0.601498885799, -0.567643437793,  
375, 3465368.997302913, 93.87579447093603, 103.7325057871077, 93.11529779457732, 85.64952739346889, 0.669388086912, -0.742059504925, -0.0355988799053, -0.672153096814, -0.625345511461, 0.396425536184, 0.316432936882, 0.241434633898, 0.917376429832,  
376, 3113093.0093817613, 90.5804545323258, 100.39850462806874, 96.6557879366912, 76.58582182999463, -0.17996714446, -0.950816806809, 0.252109553181, 0.792770065057, -0.291925523849, -0.535065521666, 0.582346504123, 0.103570692843, 0.806316104713,  
377, 3005392.634954469, 89.52359960157777, 114.55110241753205, 107.36438368819962, 58.3382100637195, -0.203562519176, -0.360909436927, 0.910113552873, 0.951086319842, -0.293522586934, 0.0963291397738, 0.232372788848, 0.885205552003, 0.403006225394,  
378, 3256388.761702204, 91.94946626496677, 106.50035944354343, 88.7775420158384, 82.22302450005097, -0.416246048662, -0.105383024317, 0.903124379673, -0.864677856944, -0.26129886715, -0.429016439939, -0.281196427226, 0.959488051104, -0.0176422533467,  
379, 3573605.558009434, 94.84315703661233, 104.9303965530238, 93.24308388475897, 87.19670271680579, 0.0877260116826, -0.146367966362, 0.985332718069, 0.500164163134, -0.848951106197, -0.170639471409, 0.861475453388, 0.507797634604, -0.00126708325499,  
380, 3182038.415944225, 91.24427044062521, 105.00901130541556, 94.6100691960675, 76.46327222163266, 0.539064634209, 0.197044808929, 0.818891118171, -0.568219504155, 0.802748547438, 0.18089047704, -0.621720126136, -0.562821563961, 0.544698055712,  
381, 3423875.033545196, 93.49960266263207, 103.43400890921207, 90.86665688419859, 86.96838161211565, -0.417215236409, -0.879080236614, 0.230541501911, -0.110384541144, 0.300814227701, 0.947272956169, -0.902079098297, 0.369768492449, -0.222541147673,  
382, 3991140.1981960656, 98.40174305750438, 106.85166318549666, 98.19925675994197, 90.80690779496852, 0.384361619119, -0.872949970468, -0.300373924979, 0.473925024985, -0.0926425688717, 0.875678265761, -0.792250728268, -0.478931835956, 0.378104588794,  
383, 3480718.9024929665, 94.01419840859855, 100.96543355312784, 93.10744563399776, 88.39408727738096, 0.237790019169, -0.758678890622, -0.606516485933, 0.810388212876, 0.499196383565, -0.306714712833, 0.53546881442, -0.418580113671, 0.733528347934,  
384, 3523154.9023167947, 94.39472153456617, 106.11187899235216, 92.5624679027328, 85.63359935490864, 0.106945509124, 0.975329516876, 0.193119112435, -0.630952849401, -0.0835381509706, 0.771310494655, 0.768414705684, -0.204337247808, 0.606452907691,  
385, 3520590.205010662, 94.37181094609456, 110.24298502854245, 98.13426404911908, 77.68823112387638, -0.120628397255, 0.945008398745, 0.303986703785, 0.525598096612, -0.19897848008, 0.827136146776, 0.842137417892, 0.259550940602, -0.472692160522,  
386, 3499914.0533321495, 94.186701999975, 98.24843940104476, 94.02349705012428, 90.44961228772449, -0.628338711401, -0.777841478895, 0.0123732560738, -0.16233861074, 0.146658611271, 0.975775295446, -0.760813143432, 0.611108734556, -0.218424987882,  
387, 3544785.76057965, 94.58751032605122, 101.77610189210327, 93.64066142789113, 88.79552871098419, 0.518342062682, 0.067192411764, -0.852529580634, 0.322659481274, 0.907860408938, 0.267731837902, 0.791967401601, -0.413853425362, 0.448901968271,  
388, 3261921.864184852, 92.00151553098983, 101.79195905674862, 98.99408799984151, 77.27912796229032, -0.793687806286, 0.597952320739, -0.111860128181, -0.470546742147, -0.486917162847, 0.735865096318, -0.385545625845, -0.636682572911, -0.667824731306,  
389, 3508986.123306919, 94.2680117231166, 105.81101900644555, 91.86183020378866, 86.18408016203037, 0.630337925882, -0.511209093899, -0.584242553663, -0.297132225168, -0.854142174654, 0.426794548048, -0.7172074595, -0.0954275001865, -0.690294902376,  
390, 1865966.1429619205, 76.37274201336028, 123.02775474581533, 97.46112141987778, 37.151867373518826, 0.10844911275, -0.171246258987, 0.979241292393, 0.754415766568, -0.627304501358, -0.193250908742, 0.647375965801, 0.759712959847, 0.0611602611488,  
391, 3359525.8506146995, 92.9101424569148, 98.79825095218932, 92.3928203284314, 87.86216437032223, -0.556732073993, -0.187726312456, 0.809202217866, -0.808021756793, -0.103644553031, -0.579964349919, -0.192743970948, 0.976737753053, 0.0939846978203,  
392, 3387284.5446694456, 93.16533653614036, 112.61810020117187, 91.73908546552481, 78.27092531716407, -0.914650602027, -0.389065851051, 0.109736228102, -0.357107887826, 0.650442124474, -0.670372284005, -0.189441897859, 0.652344085782, 0.733865765028,  
393, 3184569.7467922904, 91.26845915107673, 118.83509915539089, 85.87849643171994, 74.49600623826312, 0.285540703526, -0.940862856305, 0.182328254135, -0.804694064262, -0.13204677102, 0.578818722231, 0.520513179056, 0.311994769009, 0.794811483648,  
394, 3212588.9960048716, 91.53535131591914, 102.03665519701019, 90.04660606532697, 83.47241831157393, 0.809170168429, -0.111088310654, 0.576977491555, 0.402124694565, 0.820674089945, -0.405943060187, 0.428414949023, -0.560493911947, -0.708736344577,  
395, 3537720.3423676584, 94.5246250187065, 110.51838509179889, 101.35182459960565, 75.3995558608084, -0.0323816376374, -0.777505117661, 0.62804237242, -0.0562529522357, -0.625958102626, -0.777825211164, 0.997891294134, -0.0605164917109, -0.0234674097914,  
396, 3003552.9722185107, 89.50532946012916, 104.61374311390723, 88.74521461425503, 77.23479548927926, -0.917397780884, 0.140987424563, 0.372161064252, -0.124184927313, -0.989865989083, 0.0688725452218, 0.378099742738, 0.0169667254375, 0.925609374828,  
397, 3543694.087105986, 94.57779941686371, 115.59456490180456, 93.69757456780934, 78.10913907488012, 0.849948730453, -0.26608843311, 0.454735199172, -0.421639431735, -0.86106263611, 0.284238150677, -0.315923005187, 0.433322146283, 0.844052470131,  
398, 681946.8742428313, 54.60352054373715, 149.65084395662424, 65.48406504055177, 16.612964316017656, -0.139930168464, -0.310386498839, -0.9402551618, -0.10763136018, -0.939203013598, 0.326057034205, -0.984294182782, 0.146826157706, 0.0980155148633,  
399, 3473684.2482973267, 93.95082036928605, 109.1639847918987, 93.87185422987113, 80.92579104160343, 0.268000119203, -0.474118908391, 0.838681820962, -0.51716841726, 0.663670183915, 0.540443073016, -0.812842398191, -0.578578557922, -0.0673356370446,  
400, 2042748.8090192443, 78.71221229250769, 132.92522812786603, 79.58100846426284, 46.10091062503641, -0.214340793255, 0.154160272406, -0.96451678822, 0.97467005689, 0.0983025605147, -0.200885257794, -0.0638459438775, 0.983143538354, 0.171325650276,  
401, 3732060.7099142065, 96.22472904362412, 102.81499884634258, 99.76191714842362, 86.86380094271533, -0.815795288471, 0.00578454794356, 0.578311841755, 0.561502857984, -0.231608725311, 0.794400364322, -0.138537315495, -0.972791826325, -0.185697266675,  
402, 4044905.0352320625, 98.84163184414, 111.16320611059496, 96.95545209565711, 89.59554607787376, 0.394707270721, -0.751368051554, -0.528821540356, 0.572830915225, -0.248766845901, 0.781012035082, -0.718380757678, -0.61119645572, 0.332216765851,  
403, 3524220.5408826894, 94.40423767548602, 100.4854399679155, 98.26326242162108, 85.20795679952995, 0.152264681012, 0.853945743608, 0.497586307982, -0.919189012612, -0.0626527144289, 0.388800972823, 0.363190068711, -0.516576523227, 0.775397749314,  
404, 2871259.9620767315, 88.17144708663386, 96.35084459877325, 90.29103703582987, 78.79229285270624, 0.405263409893, 0.833760095291, -0.374974228584, 0.818228650679, -0.513747704599, -0.25800226981, -0.40775414628, -0.20225577747, -0.890409544351,  
405, 2628691.21446043, 85.6150907685073, 109.060825516286, 93.46340545346033, 61.565949626074584, -0.0585967833747, 0.941806471167, 0.331009044961, -0.864162950267, -0.213859320055, 0.455506955612, 0.499788767744, -0.259354510455, 0.826405726954,  
406, 3356610.8184527103, 92.88326223260962, 97.25589174610528, 92.61853150810082, 88.96077742555957, 0.524785779391, 0.407956849383, 0.747108489304, 0.747845155646, -0.640193413194, -0.175727109124, -0.406604856004, -0.650940552389, 0.641052952827,  
407, 3282381.7022302635, 92.19346926263151, 102.00922485159958, 91.72284383767087, 83.74974912803044, 0.500505551091, -0.415946553217, 0.759264550861, 0.274168822785, 0.90803271387, 0.316714456812, -0.821173337329, 0.0496493243465, 0.568514990702,  
408, 3111698.766012969, 90.56692992767904, 100.83847037525699, 89.55031566134883, 82.26508827472483, -0.268460434464, 0.371040258542, 0.888964634656, 0.961471891735, 0.0465272855419, 0.270937286292, -0.0591675293613, -0.927450450558, 0.369235514582,  
409, 3031395.717773048, 89.7810488158656, 103.47692728824892, 85.97334281965612, 81.34796369634245, 0.905389750586, -0.0724795597746, -0.418349271482, 0.210216609081, -0.779550777434, 0.590008103901, -0.368888027457, -0.622131255296, -0.690560876666,  
410, 2275377.4197767116, 81.59338390084517, 108.9306269190457, 72.16395441233995, 69.10261908775772, 0.704886473186, -0.532594871866, 0.468484538038, -0.454397247245, 0.16810009133, 0.874794547874, -0.544663383765, -0.829508928075, -0.123518163153,  
411, 3204156.756282551, 91.45519537157921, 103.47890815693319, 88.42084709587947, 83.6023791252772, -0.608908024119, 0.663169385031, 0.435244052138, 0.792947289986, 0.493948390604, 0.356720594755, -0.0215780783779, -0.562335624141, 0.826627505202,  
412, 4025101.612275659, 98.68006185650415, 109.71512437105821, 100.21597564171775, 87.3946365388958, 0.35659651742, -0.363158801324, 0.860787202963, 0.648896209122, 0.759135044876, 0.051455742427, -0.672140337691, 0.540212614312, 0.506357282743,  
413, 1772705.1050014638, 75.07856479270507, 98.60970989901816, 72.2332560878544, 59.414303827844336, -0.036909686016, 0.158776768044, 0.986624352531, -0.993227597176, -0.11466969075, -0.018703000607, -0.110166307402, 0.98063285686, -0.161933890093,  
414, 3548878.815357361, 94.62390208302745, 111.198382650971, 107.9377501119673, 70.58797585354392, -0.463387836348, -0.613721355598, 0.639232204138, -0.720972677747, 0.680522179994, 0.130720925936, -0.515237916953, -0.400294466885, -0.757822029711,  
415, 2754548.030529238, 86.96021004101371, 119.17611902035864, 76.69247320553579, 71.94817104033636, -0.59196886506, 0.597885113253, 0.540468550566, -0.0720646573116, -0.707168546256, 0.70336287388, 0.802732550708, 0.377420241291, 0.461708147532,  
