# Void_ID, Void_Volume, r = (a*b*c)**(1/3.0), a, b, c, vector_a, vector_b, vector_c 

0, 112458.16136321018, 29.943377793638348, 107.22788507083969, 85.93810351329458, 2.913458684772362, -0.0354015504735, 0.414786913572, 0.909229644564, -0.793759817608, -0.564447474882, 0.226593027366, 0.60720019942, -0.713688212337, 0.349223500635,  
8, 656992.0788168511, 53.929183046686184, 82.62727547191265, 60.92923351809063, 31.154614131810984, -0.0768743751294, 0.792048405201, 0.605598591698, -0.274840576086, -0.600697253699, 0.750749936487, 0.958411700776, -0.108729633573, 0.263865265994,  
11, 2704697.2780865384, 86.43242239091767, 116.46723539276108, 89.43599031520375, 61.98890541603406, 0.456414786604, 0.0633231750569, -0.887510967859, -0.656776127773, 0.696909254834, -0.288032304636, -0.600275487219, -0.714358219682, -0.35966883854,  
12, 1703707.1902601328, 74.09156739836055, 122.18931267259445, 72.71502522843655, 45.77717268051527, -0.981312365868, -0.0276230665205, -0.190428482091, 0.127788326989, -0.833448607142, -0.537618417411, -0.143861683852, -0.551906138261, 0.82140332996,  
19, 1339204.6533247542, 68.37848066984148, 146.51076338460874, 65.29498756421104, 33.42019392915021, 0.663642319929, -0.728313999958, 0.170697359864, -0.5431921927, -0.626076035307, -0.55943814654, -0.514316160537, -0.278545356234, 0.811105031134,  
25, 566810.4492262681, 51.33927675236298, 106.8794304092837, 69.13800046882102, 18.31210596434323, -0.972991321188, 0.219333289275, -0.0719777542542, 0.230288458422, 0.900693730651, -0.368399279972, 0.01597231384, 0.375024948213, 0.92687710804,  
34, 1264256.6338039404, 67.0783251895385, 121.90556646327248, 63.88818057181281, 38.752754282520925, -0.0634005712666, 0.66197876292, 0.746836317412, -0.794653888796, -0.486203018086, 0.363499411588, 0.603742962347, -0.570430313576, 0.556869547353,  
39, 1488251.9780774538, 70.82652805862638, 129.65636727178227, 96.76422104564696, 28.319084212351466, -0.523467837245, 0.00543830487692, -0.852028079473, -0.236290102386, 0.959831188348, 0.151297975497, -0.818625928544, -0.280525426148, 0.501155738669,  
44, 1842900.1482187407, 76.05674445943599, 120.3052922467397, 104.40361122141549, 35.02780654450274, -0.826466404484, 0.484800713906, 0.286219408944, -0.301227581804, -0.810293664312, 0.502678944791, -0.475620884971, -0.329230079689, -0.815715838027,  
47, 526791.3288012991, 50.10141628035079, 101.74118763488316, 62.937950475693725, 19.63996046140733, 0.337936732401, 0.287512096283, -0.896178307808, -0.891076676683, 0.404243740602, -0.206323421976, -0.30295399183, -0.868287851277, -0.392804132055,  
48, 1625034.426242396, 72.9330964209964, 93.89005674910693, 81.73657947417, 50.55194801187114, 0.179615285935, -0.827627375976, 0.531762424015, -0.674723119939, -0.497014304799, -0.54564227498, 0.715882015753, -0.260786708558, -0.647690691736,  
53, 87788.65791148477, 27.570835906654008, 76.27872268906218, 47.203338087268556, 5.820679364198705, 0.414163064625, -0.869523365186, 0.269068900649, -0.486693802516, 0.0382453878476, 0.872735030179, -0.769154144819, -0.4924087811, -0.40735180594,  
61, 492228.7995207461, 48.98082963320616, 108.50659544208953, 63.578374411111156, 17.03385139387876, -0.79728685446, -0.494975970695, -0.345445307016, -0.583535573785, 0.778407886799, 0.231446313207, -0.154336987896, -0.386108728474, 0.909450462622,  
75, 1381580.425251689, 69.09222638598786, 143.7137266560402, 70.13151684071535, 32.72473049811487, 0.637898729977, -0.642535965948, -0.424538270074, 0.51026502601, -0.0602543760535, 0.857903848574, -0.576814366608, -0.763882806869, 0.289427441417,  
111, 1578075.5871565577, 72.22369954012738, 130.24722389162852, 70.73759829486741, 40.89031029146069, 0.235544955946, -0.198646409682, 0.951345456524, 0.778537360546, 0.624492283832, -0.0623615720538, 0.581719994467, -0.755346934432, -0.301749658959,  
129, 505686.4813382937, 49.42320571836584, 107.69724440864609, 82.94033827462303, 13.515195762467505, 0.44901452053, -0.198667069981, 0.871158628298, -0.382197352758, -0.923978870993, -0.0137196757738, -0.807657813618, 0.326794187929, 0.490809957965,  
133, 1082672.004692661, 63.699511125410474, 98.56225796186601, 75.775927802075, 34.60719428100095, 0.357015595382, -0.365089328309, 0.859796282272, -0.877171516724, 0.185383151944, 0.442948323424, -0.321107450712, -0.912328268405, -0.254061283488,  
134, 2015682.307969141, 78.36301882210213, 131.73439889753382, 91.04244160870779, 40.12272159090953, 0.469885269712, -0.860662834359, 0.196130871767, -0.530371432584, -0.0976544646467, 0.842122169898, -0.705630198338, -0.499723014366, -0.50235737489,  
148, 1173835.6649947898, 65.43943843292945, 99.61436326262776, 61.99548763599927, 45.37709065531592, 0.745923901243, 0.299395908191, -0.594945059408, 0.276284376843, 0.673694106006, 0.685421909954, 0.606023495145, -0.675646610064, 0.419806123872,  
202, 2520565.7814672934, 84.42475498850186, 104.94871390229596, 90.11606662957344, 63.625334482221945, -0.313171172766, 0.868839952081, -0.383459194983, -0.731902629287, -0.478099349383, -0.485530177602, -0.605179607878, 0.1286007379, 0.785633179302,  
235, 2013572.476927593, 78.33566820777652, 101.85839941419634, 86.67264676126347, 54.45023400666217, 0.85605543655, -0.0851278161404, -0.509825798163, 0.168005231891, -0.88696243228, 0.430199820759, 0.488818301223, 0.453928296808, 0.744987093678,  
256, 1401758.559619216, 69.42696851519382, 104.02328210290908, 60.442382699997815, 53.22460888342455, -0.285510564612, -0.836240105945, -0.468173261415, -0.901076664568, 0.400610379074, -0.166048693907, -0.326411645113, -0.374451344486, 0.867894940962,  
272, 2855111.2266135714, 88.00583626878856, 122.4690798367705, 99.65074801512392, 55.850543610125655, 0.608612120821, 0.109187978184, 0.785919379969, -0.680412584333, 0.581377952704, 0.446137188755, -0.408203382484, -0.806273937027, 0.428126543208,  
274, 2259008.1536393827, 81.39724947315587, 139.33033630479602, 91.44531194081786, 42.32744538836403, -0.509683789957, 0.552447711471, -0.659563461954, 0.840086501024, 0.485008315833, -0.242943623852, -0.185680114854, 0.677914787907, 0.711304741503,  
279, 591683.793203257, 52.079525832186405, 115.36657399018857, 45.20890646066998, 27.083018506353916, -0.26972945543, -0.81222041252, -0.517246577909, 0.338542389842, -0.582851038272, 0.738697311126, -0.901462739748, 0.024138530835, 0.432183132683,  
293, 606388.9626946998, 52.507445810021586, 116.20879211320464, 93.09372293106263, 13.381453608020381, 0.718915113825, -0.12112230576, -0.684463619312, 0.643096481516, 0.489602775506, 0.58882598251, -0.263795327055, 0.863492043544, -0.429876163749,  
305, 1285656.120654705, 67.45467758290373, 99.4902823713627, 65.02731977141231, 47.44164013288487, 0.102256064638, -0.980469194901, -0.167999568737, 0.321202963126, -0.127294711623, 0.938416065971, -0.941473501339, -0.149920693181, 0.301912954396,  
309, 755779.4170360987, 56.50698690973474, 125.67071348837958, 47.96129597515521, 29.935151490019557, -0.859086985514, 0.207154338056, -0.468034861462, 0.00370469108876, 0.916927654486, 0.39903627868, 0.511816203909, 0.341072949182, -0.788488057457,  
317, 711523.9627917563, 55.38178813226807, 118.0425539009904, 49.16614120796362, 29.268212556264576, -0.241144211787, 0.952053478783, -0.188264820555, 0.0327169471429, 0.20185430324, 0.978868960399, 0.969937663199, 0.229889133715, -0.0798242801932,  
339, 176406.5698370253, 34.79167854251933, 110.92705739372937, 66.52788629454102, 5.7066984999554, 0.732231813372, 0.680231955362, -0.0334822100769, -0.206526383332, 0.268624153599, 0.940844257617, 0.648986459392, -0.682001137102, 0.337180996673,  
348, 1475530.4498961384, 70.6241426989923, 127.79062703996878, 64.04290797054668, 43.04171052251485, 0.300209815679, -0.281935739151, -0.91125534597, 0.32703593482, -0.866997111762, 0.37598338465, -0.896058906493, -0.410887146534, -0.168077925104,  
351, 2236284.632096413, 81.12340231280317, 103.12697518443507, 85.5435351788103, 60.51722374751721, -0.518022909268, -0.497647885673, -0.695700256834, 0.0157802531265, -0.81875729025, 0.573922889658, 0.85522116969, -0.286326878843, -0.431988043083,  
375, 246441.6410949211, 38.89333290573626, 125.86558171783642, 52.98453604569744, 8.822046847892098, -0.979210524862, -0.0215398983852, 0.201699729242, -0.19469715046, 0.378817517603, -0.904759806777, 0.0569189564317, 0.925220687801, 0.375135857076,  
397, 244408.53263892556, 38.78608260967459, 76.71346710618711, 38.08792800173832, 19.969573773549307, 0.429751716812, -0.882329701422, -0.191853485467, -0.445073959111, -0.391863018841, 0.805203418638, -0.785635177941, -0.260648561196, -0.561105778555,  
417, 2082518.3832191764, 79.21973977798713, 98.9648728504497, 86.96708002041805, 57.76493312368113, -0.656531648752, 0.718247861107, 0.230404436159, -0.67204150835, -0.695688292049, 0.253728223422, -0.342529422447, -0.0117392640513, -0.939433757344,  
429, 1010460.7679597485, 62.25061059980436, 109.6646525833689, 73.66744127944474, 29.85991686833258, 0.410708227747, 0.0846817072267, -0.907825842396, -0.758491972495, 0.584270856478, -0.288647698641, -0.505973002562, -0.807128598633, -0.304195243137,  
440, 871680.3301770998, 59.25925840738286, 117.66605676970208, 75.73293059111391, 23.35246201771197, -0.926466634711, -0.303506360619, -0.222583610875, -0.345182282436, 0.92090731973, 0.181049441753, -0.150029219349, -0.244568185853, 0.957954923684,  
443, 2115214.510455152, 79.63217954521954, 131.55576978372062, 76.81720563014342, 49.96862543467827, 0.483393138982, 0.385300509249, -0.786049992531, 0.809507378636, 0.145038648809, 0.568912642051, -0.333209959513, 0.911321736778, 0.241792917508,  
445, 3000811.6216665655, 89.47809058969447, 110.05324901748085, 95.2279834922978, 68.35694851593604, -0.994821404218, 0.0486368786528, -0.0892458836264, 0.0346791889542, 0.987808207653, 0.151763957339, 0.0955391415223, 0.147883058288, -0.98437943574,  
447, 2238826.2648353493, 81.15412407760309, 127.40941370595749, 103.23318613589352, 40.63599846676886, 0.575643888081, 0.00933273846668, 0.817647243075, -0.184067922641, -0.972792255945, 0.140691956515, -0.796713947392, 0.231491094355, 0.558264058725,  
469, 789176.1024077926, 57.3273375195938, 113.3606439275163, 89.14875849787742, 18.642652854032132, -0.195632187287, 0.45206542269, 0.870267143414, 0.165716278186, 0.889891578606, -0.425007168729, 0.966574447439, -0.0610723500032, 0.249006035315,  
473, 1638347.2177637664, 73.13171861025423, 137.8403956255981, 67.19358715363975, 42.229214285701815, 0.554777791813, 0.81836137562, 0.150020867231, 0.569972761152, -0.505184589394, 0.648012023178, 0.606096240919, -0.273994871361, -0.746708883844,  
489, 1604265.6440339582, 72.62105568277232, 114.60960096785442, 82.26599199885442, 40.62060002425237, -0.251712724235, -0.113747548401, -0.96109427201, 0.947153851769, -0.232991924138, -0.220486608132, 0.198847392583, 0.965803426438, -0.166383460547,  
495, 976141.8420951943, 61.537725459398374, 125.82751674103314, 48.926237380089454, 37.85357275290655, -0.697062755791, -0.706941064156, -0.11974074619, -0.716286460298, 0.679079035382, 0.160578237938, 0.032205919989, -0.197701784299, 0.979733016287,  
506, 686939.9799825277, 54.73646268534392, 119.69432167367769, 58.467693204102545, 23.433689788204813, -0.197464365925, -0.703868668786, 0.68233182638, -0.956853588163, -0.0129621291197, -0.29028123265, -0.213164338035, 0.710211855935, 0.670939702715,  
509, 1188610.709425348, 65.71285605874569, 91.90076631421294, 85.57102495451336, 36.08320975747498, -0.795057361486, -0.376305484545, 0.475686844729, -0.605967909403, 0.458924693205, -0.649762278638, -0.026204669823, 0.804849245678, 0.592900503467,  
517, 2732443.0761510576, 86.72696954126172, 130.06580533536152, 94.36420086678241, 53.148634763439524, 0.804089762295, 0.216996551451, 0.553490876918, -0.328163691732, -0.614312774027, 0.717585121847, 0.495730012811, -0.758638459561, -0.422752223025,  
536, 1842679.3208461928, 76.05370647933583, 135.5700638004, 85.63088263139657, 37.89369295975586, -0.164039551021, -0.820317857162, 0.54787739406, -0.477034889001, -0.420173739217, -0.7719402461, 0.863440061832, -0.387985363247, -0.322395126405,  
549, 399441.55900155497, 45.68653413539792, 86.76374775908282, 50.97056843841531, 21.56288460211623, 0.66405480867, -0.254313556011, -0.703104420632, -0.514611547333, -0.83765614122, -0.183049568227, -0.542407749239, 0.483380599844, -0.687122281155,  
563, 466796.11073371395, 48.12228119835195, 95.44341867106861, 80.55698278061294, 14.49403952107864, 0.0475251936832, -0.969162678337, 0.241795489791, 0.756920169075, -0.123011095521, -0.641825621198, 0.651776966157, 0.213522769973, 0.727732652208,  
565, 308846.14701026963, 41.9325422079666, 93.02324277623141, 74.12381954096178, 10.693116869744975, 0.986885076506, -0.0640588401653, 0.148169871316, 0.0740134659439, 0.995286083199, -0.0626707224333, 0.143456797078, -0.0728153664278, -0.986974199148,  
571, 2275577.583694477, 81.5957764083268, 127.46164017891424, 83.87581926394616, 50.81439506554427, -0.232580594308, -0.962838896395, 0.137286294798, -0.158312010217, 0.176754049738, 0.971439814565, -0.95960594755, 0.204203980101, -0.193538523138,  
633, 2871764.116035741, 88.17660735114504, 96.46840244247956, 94.02942878225855, 75.58076282775787, 0.000345436587809, 0.761422996307, 0.648255274848, 0.964090296582, 0.17190647082, -0.202430396251, -0.265574435346, 0.625046547054, -0.73402113955,  
645, 1414188.6240857374, 69.63157896848851, 105.39954212744344, 78.6960454494878, 40.703063425543476, 0.0665023035293, -0.945904777582, 0.317555657127, 0.735572068466, -0.168562335633, -0.656140587907, 0.674174440125, 0.277219932101, 0.68457135021,  
648, 1887315.2424572567, 76.66290629612384, 130.86988953490413, 81.23803115782553, 42.37958628276505, 0.108252788422, -0.650745851194, 0.751539201208, -0.47276522261, -0.698723477468, -0.536915772097, 0.874513795254, -0.297178968281, -0.383288771974,  
707, 1475539.6279412904, 70.62428912999877, 107.44076410776235, 64.74046401262478, 50.64276067576692, 0.133842239496, 0.984320481017, 0.114888840093, -0.548106941172, -0.0230591452059, 0.836090340132, 0.825630084218, -0.174875574263, 0.536426600347,  
720, 1234563.4721055496, 66.5490108271058, 125.94699688576412, 63.705669518081564, 36.733212645187116, -0.966705989894, 0.255889246631, 0.000471764039783, -0.0539722231957, -0.205699320895, 0.977125779266, 0.250133021063, 0.944567881543, 0.212661677159,  
736, 805568.7898471813, 57.721553037469924, 114.76898245760056, 74.681983925266, 22.43745758990533, 0.425040412404, 0.886188745523, -0.184418424057, -0.383741142215, 0.360936264126, 0.849981028618, 0.819806918484, -0.290507350246, 0.493479579981,  
740, 513094.5041357014, 49.663377445654284, 94.68025577671403, 64.10325823385043, 20.18223351086318, 0.764514324211, -0.637969017418, 0.0922679841036, 0.19076449655, 0.360646875237, 0.912985617761, -0.615732697631, -0.680389127042, 0.397421540522,  
768, 1687332.5736873501, 73.85343400589349, 112.01727863173836, 66.62082096641807, 53.97803660049475, 0.796609893692, 0.184939796903, 0.575508426344, 0.489125474789, -0.756630799136, -0.433896420487, -0.355202684652, -0.627142013678, 0.693198346432,  
778, 1817399.006159383, 75.70430189495052, 109.82858706826187, 70.04829470458023, 56.3960534396149, 0.0503108933625, 0.604031857224, 0.795370561102, 0.597653225786, -0.656258768457, 0.460581209485, 0.800174628264, 0.452183529422, -0.394018552866,  
818, 2065917.9397412355, 79.00868238698057, 136.17293373737132, 69.46464530558336, 52.13985763741699, -0.145727416498, 0.880046481947, -0.45197534191, 0.957778415068, 0.239944680299, 0.158388945404, -0.2478387131, 0.409810614809, 0.877856043027,  
827, 710647.0148420859, 55.359026232194196, 114.96045647628671, 71.47766367580762, 20.64650275597974, 0.028969534171, -0.166239209395, -0.985659825371, -0.0118935043062, -0.986061207371, 0.165957343537, 0.999509535045, -0.00691524244298, 0.0305429005944,  
864, 2127831.3291142853, 79.79019562952695, 150.59099942567934, 77.28843912052011, 43.645054231439445, -0.465544408729, 0.880073176749, -0.0934858656033, 0.876454501306, 0.473121486659, 0.0893508030284, -0.122865416782, 0.0403393409512, 0.991603160004,  
885, 796138.2748912595, 57.49542625249518, 101.72348733931076, 77.74360881129182, 24.033330411246258, -0.764124302186, 0.426570175699, 0.48389248394, 0.628903787061, 0.659517505586, 0.411724041618, 0.143506367207, -0.618930161674, 0.77222495268,  
886, 1385915.7743581983, 69.16442055517872, 128.5081264601521, 102.0716216288902, 25.223922423732564, 0.282962840438, -0.944024113721, 0.169559734739, -0.652810526134, -0.0600409561054, 0.755138067216, -0.70268801605, -0.324366392068, -0.633258237843,  
909, 1659822.6906217868, 73.44986964077515, 122.67221563138523, 79.11908021980534, 40.82682891402929, 0.51666328333, -0.396989703872, 0.758589629957, -0.563092268626, 0.509879259902, 0.650346244192, -0.644969881988, -0.763165981514, 0.0398940595484,  
918, 418131.7355179493, 46.38826974719591, 120.38736493905722, 65.95438804527055, 12.571871055551869, 0.230122166421, -0.809555026991, -0.540059669661, -0.906811143742, 0.0230226077381, -0.420907958012, -0.353181735239, -0.586592377896, 0.728815507579,  
927, 3439533.9737573545, 93.64192467318092, 126.04537264521628, 102.84727517394282, 63.341930821518574, -0.841169679825, 0.5406886864, -0.00945061597315, 0.539034088738, 0.839739118351, 0.0654252572724, -0.0433107483371, -0.0499395385432, 0.997812718685,  
955, 2673702.042395694, 86.10098757719139, 103.7523336404275, 80.87910019799803, 76.0659360056767, -0.964147422597, 0.0798375674933, -0.253072539632, 0.22312830774, -0.27232314702, -0.935977490051, 0.143643676451, 0.958887932145, -0.244745638984,  
965, 866321.8966805174, 59.137581658696234, 87.57739656638702, 68.40923616786777, 34.52104311859272, -0.164162467059, 0.875247135186, 0.4549649841, -0.914128917886, -0.308309092807, 0.263275188304, 0.370700695836, -0.372676744164, 0.850701497863,  
968, 1099735.6668223385, 64.03241775674513, 105.78424056966058, 73.00695296704922, 33.99495772979157, 0.406297389425, 0.885935823245, -0.223696554371, -0.548741709477, 0.432325829702, 0.715525620263, 0.730619577911, -0.16796456193, 0.661802794123,  
971, 2617735.7556160036, 85.49598730969116, 105.71488743970475, 87.86114259554849, 67.28282180871938, 0.781380176868, 0.255833300368, -0.569205008429, 0.565394778078, -0.676290799209, 0.472185874236, 0.264147239471, 0.690782221346, 0.673087036386,  
975, 1407738.0984392941, 69.52554762985721, 123.92370259428426, 57.641822409658204, 47.04800051781612, -0.643971574582, 0.647105171157, 0.408112127476, 0.256036071188, -0.320394892656, 0.912026667927, 0.720934214323, 0.691810675129, 0.0406429378428,  
979, 1805191.5179039985, 75.5344187587538, 98.80330392797265, 85.74787559545219, 50.867434944069274, 0.30165290703, 0.801573702077, 0.516221971461, 0.373023705367, 0.399057411159, -0.837619542413, -0.877416001059, 0.445233402541, -0.178629164326,  
996, 117476.18729369841, 30.382283455659504, 129.32678263498568, 31.875454757350283, 6.803249067943395, -0.741809783492, 0.483543522255, -0.464654610652, -0.102028946739, 0.603438145188, 0.790855548732, 0.662803394033, 0.634072603901, -0.398300883555,  
1002, 2453794.6003758563, 83.67258743987252, 107.49495359402623, 87.70279418990101, 62.13668651983799, -0.868861897168, -0.348612134809, 0.351494783908, 0.136845685233, 0.513217793266, 0.84727844013, -0.475764923133, 0.78426849748, -0.398209319049,  
1008, 1252257.1790160453, 66.86542976104812, 105.08351417812203, 84.5713969363662, 33.639290599921736, -0.639441396299, 0.660748436864, -0.393098211496, -0.711154927883, -0.702618749329, -0.0241983809181, -0.292187216091, 0.264080283765, 0.919178021103,  
1011, 322218.0825336773, 42.52918887743018, 122.95334168040976, 44.431238746137474, 14.080968967046225, 0.653661812034, 0.127478572524, 0.745972820574, 0.664233040947, -0.569001370891, -0.484800894427, -0.362657831574, -0.812395626201, 0.45660994703,  
1016, 1653037.0083100093, 73.34964041611735, 112.20819897922391, 99.95335729733473, 35.18616943353737, 0.316564355731, -0.0638674548023, 0.946418489305, -0.67169710783, 0.689402103274, 0.271196857161, -0.669783550121, -0.721557820426, 0.175340547988,  
1019, 1767953.048262171, 75.0114175315833, 102.16323579830897, 74.26689023787195, 55.627845392252965, 0.112130492379, -0.585018840506, 0.803230794312, 0.819696377468, -0.402477031572, -0.407566053326, 0.561715765708, 0.704105954605, 0.434407876592,  
1025, 1462645.8731193864, 70.41797418508115, 137.78997248358507, 60.234877588775106, 42.07120345975394, -0.541029005755, 0.829316433127, 0.139720680923, -0.309295430469, -0.350701020196, 0.883937289136, 0.782063905076, 0.43502074454, 0.446243207453,  
1035, 1396619.915832617, 69.34202823500125, 97.12951654207187, 74.07184568184674, 46.34311565661827, 0.65861678697, 0.409504619712, -0.631292241641, 0.639419192291, 0.137710480841, 0.756425092125, -0.396695127839, 0.901854639008, 0.171146678752,  
1041, 1411584.8253632532, 69.58881758081185, 133.4232937310189, 102.7659354579606, 24.57749034917932, -0.583787841294, 0.682321320816, -0.440033375458, -0.590877479486, 0.0146503898545, 0.806628272697, -0.556826328934, -0.730905589824, -0.394615582776,  
1049, 2218838.034342201, 80.91188719673995, 134.81725510422172, 98.92168748143001, 39.719154541803576, -0.803443487924, 0.322196953747, 0.500667239501, -0.307839457446, -0.944598631141, 0.113878419752, -0.509620869031, 0.0626302566041, -0.858116554324,  
1064, 1669531.3844055922, 73.59279985246582, 135.22068855161854, 63.348042748090826, 46.529633742428864, -0.825916490894, 0.505861472002, -0.248929952423, -0.154710503794, 0.221226308238, 0.962872567144, 0.54214998855, 0.833764410183, -0.10445237301,  
1065, 811329.3174099685, 57.85881305519736, 118.40285726698411, 55.32045847521737, 29.570632005305793, 0.465871813517, -0.853847011277, -0.23218254608, -0.729944491658, -0.519161541166, 0.444581076151, 0.500144471597, 0.0376374216314, 0.865123651292,  
1068, 2921291.9467887552, 88.68063292260115, 127.45667090168668, 89.0084520447402, 61.47415009718951, -0.351338112485, 0.537790712926, -0.766382854588, -0.205791080242, 0.75418972854, 0.623576687071, 0.913351828163, 0.376801011749, -0.154303063924,  
1093, 701929.9092412116, 55.13174172261584, 118.1654040748905, 57.95307179791652, 24.470245909151664, -0.992921555638, 0.0214935653919, 0.116811005461, -0.0286778532372, -0.997775803113, -0.0601749736696, 0.115257820055, -0.0630989173375, 0.991329491918,  
1096, 3376742.0614291523, 93.06858108346819, 126.84648208944888, 87.48835323777506, 72.64079841992884, 0.474537574489, 0.783434911114, -0.401302666881, 0.725476990036, -0.606284059793, -0.325734210316, 0.498494962188, 0.136562728771, 0.856068568389,  
1111, 1498473.5202070593, 70.98830738813334, 108.79748612449575, 65.16391413110357, 50.45851211059578, 0.671076514642, -0.654886434864, -0.347534270148, 0.427913973068, -0.040659298188, 0.902904454039, -0.605430378449, -0.754632744388, 0.252949556135,  
1113, 4651760.414967973, 103.55623279154977, 121.55442237232, 108.88823212202476, 83.90290902928622, -0.704985214439, 0.470946946195, -0.530287489285, -0.523691798957, 0.158549338025, 0.837023898773, -0.478270579408, -0.867796681995, -0.134856114399,  
1118, 2019669.3484527976, 78.41465241409719, 122.31022949033576, 80.9450056179717, 48.701106272412744, -0.976324442751, 0.214429858162, 0.0284678487938, 0.0803179407355, 0.237165719765, 0.968143300222, 0.200847232698, 0.947508447085, -0.248773253829,  
1120, 2150041.076661871, 80.06684505836022, 114.07697241712266, 91.16643397669635, 49.35432241718708, -0.540471996772, 0.568207134929, 0.620508398429, 0.268974933487, -0.582114137334, 0.767330187254, -0.797209198304, -0.581621683684, -0.16178291383,  
1131, 2776503.2742529353, 87.19063893985307, 143.7302724050476, 106.23571516471696, 43.41009998419343, -0.324077708863, -0.0793779810425, 0.942694422782, 0.526959921282, 0.812422358051, 0.24956593017, -0.785676065552, 0.577640933681, -0.221458961785,  
1142, 2316004.7889359496, 82.07614459776211, 141.4296687257683, 80.47124127625572, 48.58135450120936, 0.710746809554, -0.702707847066, 0.0322591751468, -0.449707564234, -0.418631932175, 0.788993290234, -0.540927055508, -0.575281658873, -0.613554344443,  
1147, 1074644.8379250076, 63.541693084074545, 134.89394954508882, 69.5890446121527, 27.330212153649164, -0.607393548004, -0.320016434004, -0.727091851013, -0.761804616499, 0.494136981789, 0.418906158356, -0.225226117764, -0.808342826526, 0.543925611349,  
1168, 1699642.628327273, 74.03259999480697, 113.02386004657457, 71.54345499667376, 50.1798040224228, 0.303240629188, -0.170734074811, -0.937493998118, 0.880468021674, 0.426466954979, 0.207127977636, -0.36444640706, 0.888243104116, -0.279648000837,  
1201, 2231972.5713411006, 81.07122736266818, 111.0310235527638, 94.833442874743, 50.605111124670955, -0.300387210189, -0.213803498647, 0.92954590415, -0.00624339101876, 0.97497323384, 0.222234590836, 0.953796909213, -0.0609529101991, 0.294204348565,  
1202, 857883.1759729987, 58.9449378155453, 109.85779724717577, 80.56998439403542, 23.138509261153015, 0.0845098107619, -0.6928874192, -0.716076194409, -0.0329020813371, -0.720195624732, 0.692990414912, 0.995879282307, 0.035004091632, 0.0836610341817,  
1210, 2732369.994005031, 86.72619633216107, 117.29757012396017, 91.42296608731252, 60.828425509117324, 0.712826619762, 0.67890525751, -0.175971195041, -0.404252059156, 0.602762663473, 0.687937093194, 0.573112975622, -0.419243154803, 0.704114120242,  
1229, 1196402.8117400713, 65.85613998731654, 119.59920348522431, 70.4654740744231, 33.89098180378162, -0.81348020747, -0.1187913584, 0.569331682962, -0.581571533121, 0.157816884988, -0.798040339003, -0.00495014319807, 0.980297120256, 0.197466584768,  
1234, 1654168.7786784603, 73.36637648244843, 144.4726887556158, 101.81525974195449, 26.846803326800913, 0.16072685802, 0.200207842584, 0.966480055086, 0.778724990038, -0.627365269426, 0.000456735957552, 0.606427462274, 0.752548761534, -0.256741298808,  
1240, 740996.5707521518, 56.136137800043734, 138.8908681507974, 70.28643115752718, 18.121010166725565, -0.137245475718, -0.450563594812, 0.882131581129, -0.99010256431, 0.0360263108224, -0.135642976508, -0.0293358405785, 0.892017125373, 0.451048618775,  
1242, 509559.81707594235, 49.549071567392595, 104.99612975900467, 65.14544275926657, 17.78481011672621, -0.27859828893, 0.957689380069, -0.0722083423731, 0.943260402403, 0.25870574846, -0.208161353216, 0.180673204058, 0.126104666911, 0.975425448878,  
1246, 2929186.2320125466, 88.76044242261457, 121.95837912963799, 96.81764705742691, 59.223246002131575, -0.959136072687, -0.194162497608, 0.205812824169, -0.148103239489, 0.964301083165, 0.219519592428, -0.241088001615, 0.180067613772, -0.953652048678,  
1266, 3206596.1636420544, 91.47839855223714, 110.64825003741271, 91.63567054877257, 75.49992973686294, 0.848523043812, -0.512674663848, -0.131047064705, -0.344358145668, -0.723025222079, 0.59887560958, -0.401778684889, -0.463032630909, -0.790047258765,  
1267, 1329640.1847450673, 68.2153074562628, 101.49440644785301, 61.8831938843434, 50.53947130074598, -0.983278888724, -0.00431881395439, -0.182054867653, 0.0189364066849, -0.99672394565, -0.0786307107354, -0.181118854601, -0.0807633828843, 0.98013939646,  
1268, 1515953.3638655138, 71.26326956112989, 138.7017845779393, 66.26372787512553, 39.376700104890965, 0.663459937083, 0.580678070502, 0.471840958718, 0.596103035707, -0.791356099624, 0.135708122116, -0.452196951236, -0.191228925702, 0.871177028662,  
1269, 3267909.38855251, 92.05777322527611, 116.54548297576508, 106.35669940949403, 62.93918276058948, 0.606022044038, -0.0556752926542, -0.793497034606, 0.454877248874, 0.842602088994, 0.288285289392, -0.652551891115, 0.535650988434, -0.535960864235,  
1271, 1150373.4614166094, 65.0005076235923, 96.3762072832885, 56.170114519038705, 50.731196365635725, 0.070547243788, 0.856356848004, -0.51154279906, 0.778199724816, 0.273571817248, 0.565299610033, -0.624041885365, 0.437962794863, 0.647116925776,  
1272, 925876.7909528373, 60.462791770573226, 128.81575074425018, 65.79092453598632, 26.081323746817063, 0.183755545397, 0.617589029581, -0.764733738027, -0.305934438974, 0.775273825349, 0.552589010729, 0.934150961347, 0.132417092061, 0.33140261789,  
1273, 1345444.12250271, 68.48450990610716, 130.49634947917036, 87.95566707485871, 27.984327000873748, 0.501905239207, 0.548693036161, -0.668600839758, 0.212780879128, 0.670930668674, 0.710335368196, 0.838340878363, -0.498786517361, 0.219992231147,  
1274, 3198190.4926078995, 91.39839573353554, 136.76156478004216, 77.19386903635696, 72.32173704850075, -0.00944263424252, -0.812155980117, 0.583363952107, 0.721020888046, -0.409749087777, -0.558779530824, 0.692848984744, 0.41534124407, 0.589450536783,  
1275, 3171474.13672523, 91.1431823396403, 110.59252976724248, 90.87748640424724, 75.33390255510584, -0.26435833673, 0.382768073413, 0.885213687071, -0.692654399133, 0.563326692304, -0.450436367425, -0.671077158874, -0.732223763417, 0.116205882484,  
1276, 2838401.7608430474, 87.83381627806885, 106.44012107827113, 82.32732161086597, 77.32784580821031, 0.159124963165, 0.565572256515, -0.809201624293, 0.673566032913, 0.537057709328, 0.507816715122, 0.721795016195, -0.62585704399, -0.295490972933,  
1277, 3013676.815800767, 89.6057795806733, 127.96108896628749, 92.05188376190192, 61.07977942970017, 0.197837687255, -0.429228304108, 0.881262340313, -0.539007867894, -0.798548560785, -0.267937892834, 0.818737300879, -0.421999122061, -0.389340433464,  
1278, 2342439.9678538153, 82.38723987409986, 109.12971922018717, 80.90583835040401, 63.336922877318734, 0.533625461893, -0.711657513338, 0.456932653823, -0.704149807796, -0.673117454962, -0.226021990094, -0.46841959246, 0.201137951503, 0.860306114046,  
1279, 3005691.1278854073, 89.5265633049663, 118.85635248223859, 86.77150505065399, 69.57548003692396, 0.132880283803, 0.953539497569, 0.270379837918, -0.278934597058, -0.225794788803, 0.933387488621, 0.951072195336, -0.199447085528, 0.235971479916,  
1280, 2452294.3764575184, 83.65553178686562, 113.68319788783815, 78.73238184400977, 65.40851979793199, -0.755968551567, 0.607752858083, -0.243203644162, 0.642718242005, 0.618622077977, -0.45190705464, 0.124196660322, 0.497938940164, 0.858272684776,  
1281, 760668.7968318113, 56.62857902853728, 105.30503328412098, 88.73100973639858, 19.434905748130774, 0.572973223268, 0.596357743646, -0.562191361559, -0.378818748048, 0.800990056583, 0.463585251472, -0.726772345061, 0.052653308046, -0.684857348363,  
1282, 2692055.9344381904, 86.29755472370259, 116.97743437632549, 96.2222580907593, 57.09759733846314, 0.558152320794, 0.825599027397, 0.0827782142398, 0.580900158839, -0.317577026469, -0.749466368639, -0.59247024588, 0.466402270813, -0.656846960507,  
1283, 3242529.6393957445, 91.81883576880534, 119.92488268868021, 87.51013169302428, 73.76115449098272, 0.465197307677, 0.784902200498, -0.409292072466, -0.283951941438, 0.570249776287, 0.770834928891, 0.838428744667, -0.242371054991, 0.488153164303,  
1284, 641394.3805487667, 53.49898145829849, 112.4196069470733, 88.84536690258601, 15.330619105830225, -0.771793758952, 0.594174743223, 0.226474652355, 0.405375116307, 0.185357341795, 0.895161254145, -0.48990346878, -0.782687057743, 0.383921295214,  
1285, 3893126.5823639235, 97.58954769351898, 140.78251747280186, 85.45627654723859, 77.25333242794973, -0.810198956021, 0.389028503071, -0.438445521656, 0.0710197252693, 0.807643919921, 0.585378080592, 0.581836618205, 0.44313442928, -0.681980958167,  
1286, 2554098.605132569, 84.79749380843266, 114.32064131292482, 76.49292144195468, 69.7273484710152, 0.0724594642288, 0.515660801843, -0.853723353017, 0.947910523484, 0.230605466423, 0.219742481836, -0.310185856401, 0.825175772971, 0.47209075207,  
1288, 691053.6961834488, 54.84550777153164, 95.64794364680057, 64.51627386898802, 26.734881938823165, -0.046688509976, 0.260400387415, 0.964371205123, 0.877656874927, -0.450326096092, 0.164087833404, 0.477010055375, 0.854048034605, -0.207517135819,  
1289, 1874905.6061754243, 76.49450984167919, 150.02419149008873, 76.43892658713001, 39.031471413478656, 0.64154069769, 0.0645665538972, 0.764366857814, -0.696263849314, 0.467208115544, 0.544915799834, 0.321935063864, 0.881786673118, -0.344688377766,  
1290, 2718569.726831266, 86.57994170009545, 104.51828613826169, 87.71190885964674, 70.79474550031743, 0.635265953137, -0.293859713333, -0.714201398532, 0.511778160849, -0.532394039642, 0.674269753609, -0.578377284187, -0.793853295914, -0.1878208234,  
1291, 1954507.910787073, 77.562108684856, 108.42778134855097, 91.8090503755805, 46.87300066822869, 0.276802392046, 0.837655005388, -0.470865721524, 0.924262126474, -0.366152146824, -0.108037618179, -0.26290674644, -0.405298281917, -0.875564586625,  
1292, 1756734.4676513227, 74.85241860705723, 94.73036551728853, 85.99184793246414, 51.483850219258365, -0.610966237597, 0.147250615185, 0.777841573101, -0.703890746079, 0.348613129759, -0.618875353641, -0.362295561802, -0.925627431577, -0.109342506882,  
1293, 3112496.720182383, 90.57467083152247, 116.29700362043708, 92.47943552822879, 69.08863265622651, -0.814712057247, 0.574972479706, -0.0751725439016, 0.0636840432019, 0.217574757092, 0.973963843126, 0.576358054006, 0.788712794785, -0.213877350193,  
1294, 3105024.634862768, 90.50213271291504, 120.6814049913716, 96.28026919482107, 63.79678412843777, 0.307343858262, 0.191710990729, 0.932087253868, 0.902349249702, 0.252313135639, -0.349433703507, 0.302168139206, -0.948464536827, 0.0954433760462,  
1295, 2876428.269287524, 88.22431864645084, 126.59616278903118, 84.27576804542792, 64.36380015691458, 0.62973692716, 0.0044874868655, 0.776795510435, -0.588273678956, 0.655816250755, 0.473116395713, 0.507312015646, 0.754907217946, -0.41563158094,  
1296, 2781445.2691735006, 87.24233949618959, 130.57765000736475, 92.85781788611537, 54.7639275542434, 0.560043474099, 0.717430945817, 0.41429958376, -0.218754696156, -0.354274016026, 0.909195416002, 0.799060504611, -0.599818938975, -0.0414674621534,  
1297, 2989228.0961505855, 89.36280974986886, 107.30921228554011, 89.11222021737026, 74.62703296617346, 0.614560349304, 0.182190236437, -0.767543024729, -0.230529602644, 0.97197110094, 0.0461332986216, 0.754434675348, 0.148589692388, 0.639335142119,  
1298, 2781279.1957373396, 87.24060311790818, 114.19504145685688, 92.40299280770299, 62.924923142448705, -0.410762115906, -0.911564827166, -0.0180013891118, -0.172459144954, 0.0582943662055, 0.983290196326, 0.895283378299, -0.407002865767, 0.181152807872,  
1299, 2711274.7760594278, 86.50243008466263, 99.72163133141645, 86.53043450636847, 75.01129538439992, 0.287772682782, 0.499397713598, 0.817183459633, 0.802298115935, 0.34024386955, -0.490460846959, -0.522976688019, 0.796765983766, -0.302752953581,  
1300, 4555942.119225861, 102.84026716762608, 125.46409264977618, 99.69809308218092, 86.95274301620358, 0.697258843815, -0.678000907456, -0.232690511647, -0.395876109546, -0.634841212347, 0.663519962772, -0.59758866339, -0.370528547611, -0.711053011239,  
1301, 2075527.6597888009, 79.13099720331785, 119.04408990996235, 75.4177364443589, 55.189769902068015, -0.544367500953, 0.786684347789, -0.29119024855, 0.78869848862, 0.361772625365, -0.497066657084, 0.285689898237, 0.500248242856, 0.817394016105,  
1302, 1012053.0858358522, 62.28329230361903, 137.64323421265362, 69.6323791933258, 25.208591520913302, -0.107580156238, 0.707688415678, -0.698286199419, -0.0710913532894, 0.695088685528, 0.715400404486, 0.991651415302, 0.126604998187, -0.0244672222105,  
1303, 1036219.0902083247, 62.775135657892164, 138.75468249706884, 66.42971849326683, 26.83817124553958, 0.195347145311, -0.901618845144, 0.385905365212, -0.751686958908, -0.390382467984, -0.531571485783, -0.629925558003, 0.186239058126, 0.753995228501,  
1304, 2922822.606265172, 88.69611878214677, 117.24697002020311, 102.53788611842987, 58.040061006263365, 0.290008223358, 0.897807287228, -0.331417116916, 0.554189423819, -0.439874469049, -0.706671447001, -0.78023670313, 0.0212726697757, -0.625122516479,  
1305, 2196798.7131367023, 80.64310085404051, 118.31776403687317, 77.15877993561708, 57.44686729102761, -0.335447683795, 0.409827709411, 0.84824294871, 0.934324844053, 0.259873309769, 0.243932262431, 0.120465502206, -0.874360973208, 0.470086110526,  
1306, 2830473.9401402287, 87.75196504498695, 136.32287989509976, 82.45309249162746, 60.116660895439914, -0.785723129004, 0.217229752124, 0.579180800217, 0.579284948466, 0.586788144286, 0.565781426176, 0.216951868001, -0.780058272514, 0.586890942556,  
1307, 2248240.4174130536, 81.26771469070636, 114.81269351417569, 73.21102607115657, 63.853946261385765, -0.910312672993, 0.41390455218, -0.00372277753575, 0.403120573327, 0.888564602316, 0.218967465329, -0.0939395590195, -0.197828130448, 0.975725058638,  
1308, 2414862.6335990033, 83.22770913628034, 118.39275413699767, 72.01450920542658, 67.6174351886744, -0.858647793543, 0.500776525548, 0.109301592411, 0.021814211673, -0.177348187545, 0.983906377936, 0.512101656717, 0.847213368541, 0.141355584795,  
1309, 4063721.098221487, 98.9946584266636, 111.68994386520929, 94.50220224779285, 91.91349544168274, 0.865358699919, 0.437629176766, 0.244202833967, 0.403653202309, -0.319858583912, -0.857178265335, 0.297015845941, -0.840339925233, 0.453442826958,  
1310, 2594692.0702450085, 85.24437647118386, 120.94210469278413, 74.43045425401044, 68.8127673441763, 0.433818770327, 0.290478384019, -0.852891307805, -0.463633342669, 0.883630653112, 0.0651229026232, 0.772557698866, 0.367177310435, 0.518011027512,  
1311, 1894631.138442828, 76.76183601712181, 116.66297470023957, 90.0526042294803, 43.053329080614596, 0.0304376425572, 0.94952965148, 0.312197038545, 0.965793800607, -0.108409849681, 0.23556238919, 0.257518707329, 0.294348000592, -0.920349591146,  
1312, 2332032.5854561287, 82.26504414116314, 123.78308865685946, 90.03295763747091, 49.95548421546544, 0.643867899799, 0.756996181928, 0.111314456183, 0.164013420159, -0.278651393707, 0.946283783436, 0.747351139436, -0.591024687583, -0.303572220487,  
1313, 3266806.0946841515, 92.04741204355993, 110.31901133672828, 87.9638201577467, 80.36747148275403, -0.770660057115, 0.501417785553, 0.393272527261, 0.633319718116, 0.671063764408, 0.385460190868, 0.0706343472583, -0.546126018817, 0.834719809612,  
1314, 2274231.716561698, 81.57968690624354, 95.36131619296046, 83.78154837787244, 67.95563634815986, -0.854437357128, 0.517092826092, -0.0505154624622, 0.508593924255, 0.812583562993, -0.284675558073, 0.106155654369, 0.268929288768, 0.957292021636,  
1315, 2281892.985573746, 81.67119083560138, 107.65977997364456, 79.79036238074123, 63.41656852989535, -0.882104802822, 0.381241880015, 0.276669018434, 0.0692066628257, -0.476079104568, 0.876675039005, 0.46594157859, 0.792466601893, 0.393567186417,  
1316, 1830019.2379086658, 75.87913102162906, 112.62709492463189, 90.33506103287685, 42.94057162258275, 0.494002663169, -0.258784010943, -0.830055542998, 0.0873864342024, -0.93506700448, 0.343530651107, 0.865057789919, 0.24224065062, 0.43931137851,  
1317, 3409343.7433033767, 93.36714100164444, 117.37548868976751, 91.65177119010566, 75.65957644825903, 0.252056328259, 0.904323152629, 0.344481121405, 0.534286281525, -0.426848467142, 0.729615347613, 0.806849289991, 0.000147371850482, -0.590757311866,  
1318, 3631799.3702398585, 95.35520699163109, 123.17426785325283, 89.18971946200365, 78.92206721952935, 0.945933013926, -0.165734508333, -0.278823969402, -0.189035456975, 0.416855163731, -0.889099189335, -0.263583628421, -0.893735892318, -0.36298736288,  
1319, 1391887.609493328, 69.26362010901775, 126.70837511879418, 68.18566606427768, 38.460697016643344, 0.153280281659, 0.000255721612383, -0.988182720888, 0.376344976537, -0.92465375559, 0.0581368291927, -0.913711997234, -0.38080883246, -0.141827427639,  
