# Void_ID, Void_Volume, r = (a*b*c)**(1/3.0), a, b, c, vector_a, vector_b, vector_c 

5, 857112.163076934, 58.927273821824116, 116.94778809231163, 108.31779784637895, 16.15314957846404, -0.120610922159, 0.818321559018, 0.56196337203, 0.71519344915, -0.320959217128, 0.620873184501, 0.688441236235, 0.476796609664, -0.546547031155,  
12, 140906.4165450199, 32.28103026548687, 97.21686610276139, 77.28339261607694, 4.477281136478781, -0.804865486564, 0.580286456447, 0.124334938782, 0.588170941501, 0.807894213078, 0.036903713208, 0.0790347525579, -0.102832723092, 0.99155380033,  
33, 258979.62973568082, 39.542033415115576, 132.06042913735803, 56.55181652103736, 8.278615885687351, -0.214167125894, 0.928069358373, 0.304663270243, 0.0498941088432, -0.301099340083, 0.952286598301, 0.975521921891, 0.219149386152, 0.0181803866934,  
51, 929245.2764429809, 60.53602741223691, 80.26091092343697, 71.29439600189542, 38.76879247505842, -0.805707614362, -0.384668990668, -0.450405381603, 0.198720457147, -0.891895242126, 0.40624260853, 0.557983351069, -0.237807999637, -0.79504838547,  
54, 4080909.060563798, 99.1340317680889, 123.56036106227054, 106.32359472113839, 74.1582525536222, -0.352953469475, 0.668546609466, 0.654575648307, -0.721856714406, 0.250525404737, -0.645104569391, -0.59527030184, -0.700201722758, 0.394171048143,  
62, 2511660.4259814974, 84.32521124980178, 117.967214427179, 105.98171683835784, 47.96009542282034, -0.953362740436, -0.301777418681, -0.00546577738386, 0.0725083120755, -0.246568811924, 0.966409005373, 0.292988105268, -0.920942023452, -0.256950889493,  
89, 817942.5469841965, 58.015592248335864, 138.68397880808666, 64.94147274237208, 21.6813222251312, -0.10743416738, 0.106304847827, -0.988512609433, 0.0565659035177, 0.993310240945, 0.100673053953, 0.992601731934, -0.0451003831622, -0.112728688452,  
107, 2203608.540187977, 80.72634305723608, 134.59883955488397, 72.38300549641745, 53.99678592953339, -0.45970687891, 0.445982188995, 0.767964499558, 0.886714294455, 0.278285203049, 0.369181670417, 0.0490647071846, -0.850680452851, 0.523388404195,  
124, 811303.0591202567, 57.85818885742158, 112.9639692997557, 82.14901210005425, 20.87143045094796, -0.411121749803, 0.910287788564, 0.0485288453488, -0.394801749405, -0.225786757059, 0.89059076966, -0.821651072844, -0.34698196254, -0.452209058031,  
149, 2510006.161333875, 84.30669403687413, 108.8685082352562, 90.47326686536347, 60.83641780183202, 0.162037879442, -0.900413110973, 0.403732529299, 0.796930535444, -0.121872002407, -0.591649335929, 0.581932510952, 0.417616384518, 0.697818821815,  
158, 939177.0210599718, 60.75093264703288, 123.52319086632829, 75.96347566929173, 23.894916623749005, -0.0775441501095, -0.47862072617, 0.874590821621, -0.99698800261, 0.038415742204, -0.0673732395138, 0.00135182671688, 0.877180956948, 0.480158037872,  
162, 803986.2068598684, 57.68372923129267, 87.7777499743153, 60.17192726956913, 36.339723838684435, 0.285452729005, -0.165757319356, 0.943949813594, 0.72984209348, 0.675962307473, -0.102007242194, 0.621166047115, -0.718052553756, -0.313931954341,  
163, 2140416.831423774, 79.94719841263847, 120.59361163948873, 89.5060741611272, 47.34051054443658, -0.204918069779, -0.619885978844, -0.757462842594, 0.0112938148334, -0.775331331815, 0.631453700324, 0.978713969669, -0.120841628338, -0.165880277418,  
202, 1385444.648096997, 69.15658244830281, 133.3008865894949, 80.08751624946515, 30.981518994040073, 0.435627148404, 0.292012947406, -0.851444317687, 0.842400783074, 0.20103275586, 0.499946748912, -0.317159121342, 0.935047736545, 0.158416609392,  
209, 3630729.5420780363, 95.34584306539112, 120.37610862819419, 99.76188588540987, 72.17725136795303, -0.492090495208, -0.57346994211, 0.65496501435, -0.867156594448, 0.389209928498, -0.310733120642, 0.0767227816974, 0.720866046541, 0.688814748472,  
216, 3187954.57187259, 91.30078359962647, 120.65797797572147, 81.59811811617286, 77.30139457635192, -0.661412551276, -0.0496697215903, 0.748375811856, -0.721004179254, -0.232756027783, -0.652669598671, -0.206606898513, 0.971265952398, -0.118135681312,  
221, 2118864.720230778, 79.67796010540621, 117.36474304779522, 78.98301273251337, 54.56865793332862, -0.440207523563, -0.464901218729, 0.768169377822, -0.897039825344, 0.190354670282, -0.398854172912, -0.039203162446, 0.864657132236, 0.500830466054,  
229, 2096714.5648078744, 79.39934155408037, 120.44353222254657, 89.44906193406428, 46.461307649527086, 0.27034332368, 0.958344615685, -0.0921416568632, 0.820891626082, -0.279453437436, -0.498038868498, -0.503042170768, 0.059003168499, -0.862245441006,  
248, 1399675.3275891521, 69.39255835908449, 122.17193453990038, 55.243176914354855, 49.50950693394954, -0.584736714225, -0.777598240204, -0.231136219293, 0.226101263445, -0.42985306364, 0.874130746712, -0.779077142333, 0.458876149426, 0.427166812595,  
254, 383028.5663720454, 45.05201138842112, 101.57524791926735, 60.20249398125092, 14.953407952832587, 0.356274366937, 0.924316151646, 0.136778021882, 0.712684537385, -0.174147368764, -0.679524424966, 0.604275868819, -0.339576715572, 0.720790072493,  
259, 528960.1078371145, 50.17007732359214, 107.10546483690945, 66.18089364958718, 17.815173388807125, 0.803886710848, 0.502630073358, 0.318008121716, 0.265469873271, -0.781661832884, 0.564385086087, 0.532251728515, -0.369280094735, -0.76180070171,  
271, 932403.961943121, 60.60454108561414, 101.92805932714228, 82.02851915449477, 26.622992760977272, 0.95626701342, 0.027278827593, -0.291220302537, 0.163603445877, -0.875211101025, 0.455235588613, 0.242460948488, 0.48297142173, 0.841398415883,  
279, 1637210.7782701186, 73.11480542763982, 142.75134990947063, 56.231998018280436, 48.69139834122291, -0.657506554862, -0.273942081421, 0.701883798317, -0.665642141637, -0.22524293187, -0.71146761059, -0.352995282673, 0.934998052228, 0.034248689621,  
309, 1102914.1392040185, 64.0940475690966, 124.29470143181571, 62.17918220204118, 34.06869308193361, 0.0503404689768, -0.900091620957, -0.432782752737, -0.930614580367, -0.199566194782, 0.306805861595, 0.362522192413, -0.387309188871, 0.847684641966,  
337, 3280361.7253232957, 92.1745534355947, 126.29665167038566, 93.87707691929857, 66.05135502257501, 0.135980181488, 0.743238854976, 0.655061367122, 0.530762662272, -0.612961471993, 0.585294139891, 0.836540726194, 0.268093711799, -0.477834045577,  
352, 1262290.3907216082, 67.04353248370933, 130.11056644840102, 95.40942489495191, 24.27542383494986, 0.0898279759283, -0.352022738695, 0.931671039682, -0.600468496637, -0.765457946123, -0.231325997813, 0.794587011779, -0.538659562395, -0.280138102645,  
383, 1355701.547058729, 68.65810736348182, 111.93925928857045, 102.25894667932046, 28.27429198396809, 0.295257367749, 0.818184117725, 0.49335366249, -0.87162865543, 0.0192070769862, 0.48979033803, 0.391262793814, -0.574635395443, 0.71882375342,  
387, 1757666.4149542954, 74.8656526650846, 123.41669033149024, 63.69919555677296, 53.37525975982699, -0.867127847377, -0.482604742729, -0.123215090794, -0.12957793927, -0.0202859247386, 0.991361709424, -0.480935394786, 0.875603302617, -0.044944437794,  
438, 1560192.9299804156, 71.94985097592074, 100.86331455781406, 65.82263880175849, 56.10236527366197, -0.857957742523, -0.482608980547, -0.176059887366, -0.513081448545, 0.822082843401, 0.246834409563, -0.0256113100513, -0.302106554846, 0.952930055312,  
457, 1260176.2069945617, 67.00608163143316, 137.15719635762693, 54.12720392257747, 40.523642383183734, 0.810766744682, 0.417893777164, -0.409904960601, 0.333310481872, 0.246074667156, 0.91013811087, 0.481208279638, -0.874535333301, 0.0602207806011,  
461, 2421673.50840654, 83.30588079091032, 140.01140069095712, 70.09785774822025, 58.90590538271332, 0.774420571605, 0.572435261938, 0.269426519046, 0.539950482835, -0.376051802269, -0.753019600075, 0.329736643947, -0.728630848167, 0.600308947741,  
479, 1820132.8757450038, 75.7422429298318, 132.3780949919171, 97.74834490882213, 33.58063816409621, -0.109307072882, -0.291064419609, 0.95043856585, -0.695540624369, -0.660693728989, -0.282324345969, 0.710123372148, -0.691928681377, -0.130228630559,  
488, 388283.97155234974, 45.257123930549525, 125.33175273543414, 50.36329829799167, 14.685393100388012, 0.0920121708075, -0.823348930259, 0.56002705244, 0.437597236406, 0.538628405268, 0.719991735875, -0.894450903691, 0.178818287879, 0.409855585306,  
491, 970057.8155140772, 61.4096096178912, 93.679705585331, 65.49925698269425, 37.74219195637655, -0.895634630678, 0.444047072771, 0.0257061372894, 0.435532335143, 0.863796080548, 0.253313869092, -0.0902784214258, -0.238072527591, 0.9670425421,  
492, 422547.33720219485, 46.55098983029859, 128.06091833247865, 40.769143897534015, 19.32139842621597, 0.895166276954, 0.22733494121, 0.383400783918, -0.2478280349, -0.461101010284, 0.852037043463, 0.370484279993, -0.857732290881, -0.356422102932,  
505, 2754798.5197144127, 86.96284591589767, 118.93448222846618, 97.31307328496733, 56.82275116837899, 0.582598187044, 0.789235038188, 0.194132446927, -0.4184509448, 0.0865034589638, 0.904110589687, -0.696762627621, 0.607968096271, -0.380652905764,  
537, 1520143.205593693, 71.32886242443914, 112.73983236119604, 92.68516626921091, 34.730279255863785, 0.0252812081769, -0.798187539691, -0.601878319925, -0.013785089337, -0.602291858835, 0.798156931996, 0.999585329937, 0.0118814251454, 0.0262297524088,  
552, 934861.4555531836, 60.65773856315267, 103.77860983057046, 87.50980734004968, 24.575030660025078, -0.643491241987, 0.720472037679, -0.258532520988, 0.583759388276, 0.680376796112, 0.443071542656, -0.495120185496, -0.134191870972, 0.858398825535,  
576, 2620804.085843992, 85.5293784433987, 113.18633417628195, 89.75808178872674, 61.585488506150114, 0.902147231422, 0.0758157340695, 0.4247144303, -0.326045643144, -0.524874568502, 0.786257544273, 0.282532496227, -0.84779635633, -0.448794749043,  
598, 2684842.394743622, 86.22040579609273, 138.77228446501238, 89.75946207359173, 51.45732534984835, -0.21843931179, 0.766299775222, 0.604209335875, 0.942238967231, 0.0045227376842, 0.334910844069, -0.253909424197, -0.642467274916, 0.723025452502,  
607, 341503.9069552836, 43.36130615011996, 119.18725077944373, 43.911056651857876, 15.577701481908058, 0.441959875568, 0.308780858822, -0.842214847657, 0.647537207161, -0.759562411298, 0.0613229865952, 0.620779376051, 0.572467749807, 0.53564320373,  
629, 347083.3845274227, 43.59617676630819, 75.55974843614692, 65.6690492873317, 16.69913525116707, 0.562438221957, -0.634019176988, -0.530738098966, 0.0294497801464, -0.626119649839, 0.779170645324, 0.826314683962, 0.453865472687, 0.333481897217,  
650, 1579732.72328136, 72.24897138249732, 124.00991776379841, 89.61529129925478, 33.93567287466595, -0.143000261823, -0.512533333792, -0.846676152298, -0.222706757322, -0.816865546997, 0.532101849623, 0.964340513181, -0.264651204193, -0.00266735030708,  
682, 2325311.2721989853, 82.1859341551241, 113.93701273318773, 104.4308683296609, 46.65506188111733, 0.0192950349563, 0.571373672275, 0.820463179099, -0.0245229331781, -0.820098614567, 0.571696500019, 0.999513045125, -0.0311510676684, -0.00181207305077,  
729, 1400919.20020477, 69.4131083501775, 106.88726651468774, 64.81898497741302, 48.27210988753405, 0.587984441094, 0.549194484922, 0.593851593214, -0.309978317289, -0.525132445849, 0.79255874049, 0.747119628869, -0.650093325646, -0.138531325372,  
749, 319105.64561462565, 42.39180995062632, 111.99375464100721, 56.02217772654099, 12.142051951267277, -0.69210392524, -0.602827530278, 0.396977487279, -0.696384744517, 0.70233041186, -0.147581435759, 0.189843209706, 0.378590757039, 0.905885530524,  
793, 1471679.1768986182, 70.56264394785842, 116.28368653322372, 100.43813289809528, 30.082028141581482, 0.734089708672, 0.656002528789, -0.175422295742, 0.443927796322, -0.268133061534, 0.855004545581, -0.513848626809, 0.705524870954, 0.488051478014,  
794, 1583730.0449865754, 72.30985913605649, 115.89445611228402, 66.06622835988587, 49.37991870792088, 0.170318565116, 0.843981055964, -0.508613373351, 0.922371961444, 0.0450719258579, 0.383664549107, -0.346729795545, 0.534475910284, 0.770787876272,  
874, 688075.5677248522, 54.766607888678415, 117.60141160429067, 72.27738532642086, 19.32558101972453, -0.5608215739, -0.0503871433183, 0.826402019623, 0.790898961961, -0.32780695131, 0.516741167938, -0.244863215322, -0.943400094584, -0.223692349716,  
875, 2139583.1261356953, 79.93681709238722, 102.96938876014923, 97.11340105589092, 51.080278459406365, -0.728854210744, 0.297153500885, -0.616823586119, -0.68124742391, -0.404703529228, 0.610013934961, 0.0683629058509, -0.864820704159, -0.497404928364,  
911, 2502176.7802880015, 84.21894435386719, 121.17855636438667, 85.57413304929823, 57.605121635393814, 0.631101981183, -0.660901693579, 0.406102500326, -0.698278867612, -0.712030131574, -0.0736187121334, -0.337811948268, 0.237111878983, 0.910857312894,  
919, 858748.1407079089, 58.96474166457916, 126.50547034775789, 92.71540186028894, 17.478976954447948, -0.790095801253, 0.577075840757, 0.206717437236, 0.16813579417, -0.120276523472, 0.978398647086, -0.589473476554, -0.807785263493, 0.00199712859708,  
940, 2903059.981896108, 88.49576067094743, 130.94238096620919, 84.429174214856, 62.689473834232516, 0.542188652321, 0.209562585407, 0.813704484498, 0.775945299899, 0.246691193179, -0.580562095536, 0.322397823905, -0.94616435042, 0.0288559376118,  
960, 1770573.3162535243, 75.04845716426559, 139.72804171307857, 71.55108368182486, 42.27907891489077, -0.909732740014, 0.0862598271267, -0.406134933207, 0.410794470774, 0.0449728983211, -0.910618109417, 0.060284695641, 0.995257092736, 0.0763483780496,  
964, 2446476.5459581446, 83.58932452468075, 100.8607058098733, 81.8536903717459, 70.74441830809103, 0.186236935657, 0.916238564502, -0.354714951356, 0.897387231526, -0.305619324404, -0.318265589163, 0.400014950335, 0.259043860127, 0.879138395271,  
1000, 1704807.5426692849, 74.10751483539033, 118.40958671981997, 77.32655280733431, 44.449945586097165, 0.777216650432, -0.52119136488, 0.35255331436, -0.52164227245, -0.847020955933, -0.102199999035, -0.351885802334, 0.104475171139, 0.930194238173,  
1017, 2123341.7976453737, 79.73403941972947, 160.2040798365935, 57.3562141004413, 55.16673108037844, 0.780881425124, 0.541002660762, -0.312314458429, 0.459491793732, -0.158748284587, 0.873880011005, -0.423192026613, 0.825902599093, 0.372549869712,  
1022, 786277.3437239564, 57.257060852304306, 110.77414797072767, 60.98582041787405, 27.78560539280467, -0.95596500068, 0.281307648014, 0.0836476218591, -0.0731721948092, -0.504478384949, 0.86031819057, 0.284212503913, 0.816313399552, 0.502847577632,  
1024, 2767579.247218879, 87.09712482496549, 123.91516922710845, 86.56096997688081, 61.59775262916892, 0.604560680902, -0.671504689578, -0.428471510117, -0.445768398917, -0.730995995338, 0.516657903575, -0.66014916317, -0.121351994932, -0.741267007017,  
1029, 3345929.589399922, 92.78463481137959, 117.98530249329015, 96.90578887391537, 69.86353500768502, 0.102237768273, -0.991953912997, 0.0746650736914, 0.358397166584, -0.0332867935027, -0.932975594731, 0.927954152813, 0.122145093512, 0.352110304319,  
1047, 1037488.7675748828, 62.80076461288543, 117.5432921165839, 89.89918023534804, 23.43911514511164, 0.489630814524, 0.565022306815, -0.664086935778, -0.244897685457, 0.820086482346, 0.517187862513, -0.836831398268, 0.0905977608695, -0.539912267501,  
1049, 1737470.6961635952, 74.57781007021093, 127.1695905733015, 104.36909454187983, 31.251703153979904, 0.696529290944, -0.0214436949354, 0.71720786025, -0.145856894348, 0.974452522179, 0.170786557988, 0.702547303196, 0.223567551236, -0.675607013586,  
1052, 2803403.544887238, 87.4713178361405, 144.54236818214878, 93.37307191312205, 49.588411436099896, -0.601204381422, 0.762703750086, -0.238403610215, 0.795585225747, 0.59923695407, -0.0892144688375, -0.0748160432801, 0.243306519603, 0.967059717487,  
1062, 3723661.550769214, 96.15248889391452, 109.04178709264126, 99.64122910257576, 81.8181309954971, 0.691739942066, 0.267009468107, -0.670970786615, 0.190052219038, 0.829067616567, 0.525858385118, -0.696689318555, 0.491276735763, -0.522753443135,  
1079, 1521391.4240726563, 71.3483802448159, 129.54388960073024, 67.17999338656342, 41.73452404688275, -0.227161262691, 0.570044823034, 0.789586385689, -0.245293388188, -0.818133869675, 0.520084728676, 0.942458972287, -0.0755372161406, 0.325676548946,  
1102, 1286188.2865487325, 67.46398337016115, 120.8172767814587, 75.7593199628312, 33.546779229742846, 0.858669169848, 0.230052812096, 0.457998865063, 0.219732345034, -0.972552013475, 0.0765524502023, 0.463038824828, 0.0349039357781, -0.885650473928,  
1103, 1163640.614863869, 65.24943477592933, 103.1893220947098, 72.93099378619026, 36.91334239025909, -0.476610941245, 0.857264470636, 0.194781000282, -0.0417326684481, -0.243378230895, 0.969033240457, 0.87812322317, 0.453723113927, 0.151772661631,  
1127, 769482.872176905, 56.8464631824016, 94.14735874563645, 72.55193754686798, 26.89386325956937, -0.145447506453, 0.0108258968152, 0.989306738492, 0.86241641773, -0.488648245989, 0.132139373853, 0.484853529735, 0.872413715877, 0.0617362377617,  
1133, 863852.4858586146, 59.08133853083214, 94.57498362555047, 68.72741603187926, 31.728145418962107, 0.539928678237, -0.826640943222, 0.158561576074, -0.171711013649, 0.0762438617356, 0.982192547996, -0.824009921184, -0.557540693167, -0.100777106794,  
1169, 1445546.130375657, 70.14247974030751, 136.7016496185421, 69.04698043407213, 36.56157534142083, -0.827057515416, 0.344734902351, 0.443997424875, 0.559805853131, 0.576688302054, 0.595019335043, 0.0509241887043, -0.740667570084, 0.669939010381,  
1187, 3224159.1245237575, 91.64510774586552, 122.49733587262847, 88.979808849143, 70.61707850615669, -0.993220858589, 0.109955500973, 0.0377109250651, 0.114996543585, 0.88205935512, 0.456888486404, -0.0169741281674, -0.458127800783, 0.888724252579,  
1191, 1552167.046649996, 71.82626494962766, 120.2158364879747, 69.61740853109157, 44.27619729654592, 0.579285694421, -0.811904731354, -0.0723794960239, -0.76041624526, -0.506289109708, -0.406741283048, -0.293590221541, -0.290657951201, 0.91067158582,  
1201, 2286244.961491678, 81.72307836060864, 128.33579066156818, 70.03134565087969, 60.72868681072409, -0.491535647861, -0.855644744484, -0.162064117308, 0.0959645171214, -0.23818263315, 0.966467715301, -0.86555387951, 0.459500929817, 0.199186789627,  
1207, 1446121.1993239312, 70.15177989647866, 143.5123661687389, 80.7541513344675, 29.789409947778996, 0.373659288613, 0.0952062500752, -0.922667061285, 0.340511345494, -0.93934728434, 0.0409719781356, -0.862804009972, -0.329488162684, -0.38341464634,  
1210, 2501035.2761865, 84.20613538767267, 107.6575436753025, 88.56937879180077, 62.61856959094453, 0.900834224743, -0.17173840858, -0.39875257811, 0.278591402848, -0.475770575256, 0.834283638806, -0.332993287905, -0.862640295105, -0.380745573147,  
1219, 1649198.8448777064, 73.29282658807374, 109.7813751356228, 71.0353733590349, 50.48717595127287, -0.486796544805, 0.543727733464, 0.683658742231, -0.0886973056384, -0.809374915484, 0.580555797627, 0.869000524706, 0.221973867939, 0.442228097268,  
1222, 785908.3038482415, 57.248101568633686, 153.72169479881222, 71.40041861521486, 17.09414353267715, 0.767312776832, 0.402396221055, 0.499307904795, -0.353761720961, -0.383810965811, 0.852960601263, 0.534867971833, -0.831123591173, -0.152150678286,  
1224, 2685078.025080644, 86.22292804829993, 124.9917483106861, 96.47030453155641, 53.16102043948672, 0.280320698049, -0.857085218503, -0.432232847513, -0.149750506887, -0.483820421207, 0.862260161268, 0.94815351707, 0.176982282298, 0.263973824119,  
1239, 401510.41337315366, 45.76527412391798, 107.17126161089159, 53.70670271847699, 16.653340844514663, 0.473822989491, -0.77458516841, -0.418938648862, -0.801224651788, -0.576602498626, 0.159901894756, 0.365418707783, -0.259898779256, 0.893824251485,  
1243, 773872.3695821115, 56.95435140845494, 82.55522186964234, 59.70806114702318, 37.48031340283819, -0.751554697204, 0.571953583861, 0.328686225784, 0.632892711178, 0.48464690973, 0.603791511224, -0.186043955152, -0.661805462956, 0.726223915851,  
1244, 21686.620686338196, 17.299534799640107, 116.4183148654845, 69.08028635850684, 0.6437657039165068, 0.870253583186, -0.486081408829, -0.0798972148664, -0.40998039042, -0.80461206563, 0.429552678159, 0.273083834058, 0.341063465991, 0.899500378956,  
1246, 3382049.7950678975, 93.11731885424726, 129.66980339565464, 91.41695024494916, 68.112341010952, -0.980447962626, -0.128308747379, 0.149193357522, -0.129420025221, 0.991587248912, 0.00227703015764, -0.148230393828, -0.0170760985143, -0.988805419284,  
1247, 3276556.6444359184, 92.13890011850091, 106.25127000080042, 97.01723361127345, 75.88327296749122, 0.901453250736, -0.0482716685884, -0.430176571595, 0.309398815615, 0.766866992962, 0.562305422347, -0.302744792909, 0.639988172638, -0.706229940777,  
1248, 293499.27787560027, 41.226152862516756, 125.33228841973536, 39.83083630325886, 14.03576322076617, 0.104268557652, -0.975222984609, 0.195110733113, -0.893625414912, -0.177975737921, -0.412017298829, -0.436533716577, 0.131395460355, 0.890041317743,  
1249, 87775.19648768436, 27.569426606609515, 105.22995944483635, 92.19566155850362, 2.1598983515873593, 0.561669288784, 0.807947346382, -0.17818163629, -0.528198625488, 0.515925026404, 0.674409059223, -0.636815375183, 0.284679561268, -0.716535920472,  
1250, 2942154.7262100093, 88.89124037628463, 135.91469326406488, 88.11881667023773, 58.64646414507413, -0.304364154779, -0.949594240315, -0.0750549135346, -0.099250348409, -0.0467500831444, 0.993963680457, -0.947371009492, 0.309976141801, -0.0800185096564,  
1251, 2784674.221514251, 87.27608603096074, 103.19506041511288, 86.12859214574728, 74.7961987918258, -0.964880806941, 0.176063441844, -0.19495305292, 0.231324275393, 0.921154149408, -0.312992192623, -0.124475330934, 0.347097533086, 0.929531707105,  
1252, 3368180.4593322435, 92.98985722014218, 116.98555672846184, 96.55920661365501, 71.18374092271294, -0.746998321646, 0.419443703167, 0.515810514948, -0.174535979909, -0.872370525962, 0.45662551084, -0.64150658545, -0.251070996544, -0.724867336496,  
1253, 2602183.708810029, 85.32633949377264, 103.36519200003413, 91.72638563422021, 65.52103477510228, 0.717224637491, 0.68473545139, 0.129329737438, -0.652139970864, 0.594150854602, 0.47084840488, -0.245565221028, 0.422045167708, -0.872682988625,  
1254, 2352321.497845339, 82.50292692083507, 110.69290667950304, 96.74850887787385, 52.43774367883387, 0.28276085891, -0.898380475899, 0.336093464966, -0.924093984303, -0.161228329422, 0.346490597228, -0.257092599746, -0.408555928015, -0.875777054301,  
1255, 1073529.2759096106, 63.51969845579331, 134.96397759494815, 55.13600298418295, 34.44071308255651, -0.259739469199, 0.164514471836, 0.951562082418, -0.27741420432, -0.956558076335, 0.0896549264694, 0.924973927947, -0.240689914943, 0.294094538309,  
1256, 2872690.109999832, 88.18608378309793, 105.79328143758214, 96.1232901750633, 67.43936216954579, -0.957368415487, -0.280474054803, -0.0691377003521, -0.125824646314, 0.189445431911, 0.9737959677, 0.260026682107, -0.940980729298, 0.216659621716,  
1257, 1567441.47902309, 72.06110354909423, 95.99078378276461, 75.22422862881741, 51.822152156605604, -0.54952125859, -0.159486006544, 0.820116211322, -0.801735785877, -0.175493745906, -0.571333243206, -0.235044923368, 0.971476278076, 0.0314280946683,  
1258, 2237561.0715084337, 81.13883407124399, 106.22999590409732, 75.15457718618244, 66.90886884770464, -0.940576092227, 0.199619367288, 0.274715712937, -0.0890308205946, -0.925640306053, 0.36778191472, 0.327704329717, 0.321468710786, 0.888407417951,  
1259, 3756417.85324674, 96.4336108821292, 116.28606310420575, 102.2808157433914, 75.39862673335497, -0.965686885852, -0.254720393915, -0.0506592480839, 0.0703322356094, -0.444268138079, 0.893128881026, 0.250004430215, -0.85891986961, -0.446938969504,  
1260, 2567359.6712122876, 84.94399880109407, 101.03695465069923, 91.68092378292091, 66.1666089091002, -0.545271282529, -0.291795799453, 0.785833595535, 0.828456003432, -0.330542062927, 0.452109052125, -0.127827535481, -0.897550642614, -0.421975076415,  
1262, 3812531.22666896, 96.91141470009596, 106.02838340496312, 102.38302855311224, 83.84452104872774, 0.63665457226, 0.0767451170408, 0.767320756027, -0.735029953828, 0.361351493593, 0.573721243334, -0.233242197287, -0.929265992646, 0.286466040424,  
1263, 2543118.821511547, 84.67580762936468, 118.75108890388096, 81.61652576339368, 62.64152734465482, 0.466200581834, -0.884661617262, -0.00555341698149, -0.3736066444, -0.202566244842, 0.905198868598, -0.801919629862, -0.419929445732, -0.424951959461,  
1264, 185723.1918262839, 35.393690034463184, 113.63107559262406, 92.63867056524221, 4.211997434207363, 0.919158234385, -0.0820768049907, -0.385242181289, 0.31835150832, 0.730744017566, 0.603875399351, -0.2319492559, 0.677699475338, -0.69779865564,  
1265, 2586329.9670320572, 85.1527034988488, 114.95628124656659, 107.42660958691474, 49.99778294872865, 0.315115017951, 0.520370465168, 0.793673172309, -0.908721907497, -0.0757647387691, 0.410468268194, 0.273728004225, -0.85057291477, 0.448997434695,  
1266, 1856288.3201026919, 76.24047748772088, 100.7395921824705, 77.20546981933478, 56.97817886749382, -0.424547580266, -0.680031950705, -0.597759063596, -0.905382494505, 0.323580528512, 0.274914859934, -0.00647230524221, -0.657915030675, 0.753064354273,  
1267, 3481894.9689014624, 94.02478573201327, 114.69146545933955, 95.76308989735854, 75.68290693256846, 0.535311208178, -0.758236040681, -0.372182773664, -0.276350783733, -0.573603842804, 0.771108861219, -0.798167999064, -0.309930214942, -0.516595690203,  
1268, 3277865.17910556, 92.15116410087504, 111.71466762329577, 94.74259682227289, 73.93447536564423, -0.388636577138, -0.383052971836, -0.837992858966, -0.112467978665, -0.882964073808, 0.455769018406, 0.914501265546, -0.271375874263, -0.300070941917,  
1269, 2482293.098541704, 83.99526736628725, 108.64523270449848, 77.4389049061218, 70.43598190977366, 0.588229679475, -0.303116981526, 0.749737247104, 0.504059930714, 0.862399220103, -0.0468099499492, -0.632383926451, 0.405447506683, 0.660077941527,  
1270, 2449751.672832134, 83.62660856213054, 124.11984398090983, 94.91845921484295, 49.64111786398331, -0.680393342624, 0.713872113487, 0.165684956768, 0.455439498435, 0.23476951782, 0.858753827804, -0.574142632609, -0.659749860999, 0.484861174289,  
1271, 1206847.5740555918, 66.04722939140741, 132.27674508287453, 47.992781215207685, 45.384169692476874, -0.257256942771, 0.948691949279, 0.183854428201, 0.965638680226, 0.2451109485, 0.0863861225984, -0.0368890857563, -0.199760377199, 0.979150135093,  
1272, 1901315.0065190878, 76.85199672161183, 99.92691594241575, 82.06361604670319, 55.351874505424746, 0.0238752934103, -0.998323016484, -0.0527363738114, 0.955620417535, 0.0382843517253, -0.292102594994, 0.293631721641, -0.0434219203996, 0.954931907978,  
1273, 2781248.4663155265, 87.24028181932852, 102.03642765388983, 97.16974289859111, 66.9676224660629, -0.107777726837, -0.272076374214, 0.956220899266, 0.978496287104, -0.199173906906, 0.0536168903573, 0.175866363246, 0.941437306145, 0.287692232909,  
1274, 3554735.3017093837, 94.67592405631338, 116.67033309121105, 89.97315188113674, 80.84353313850522, 0.327131627915, 0.900090442539, 0.287788278546, 0.630651913024, -0.434749820024, 0.64286138365, 0.703749289603, -0.0288060625464, -0.709864175842,  
1275, 3466982.1569492184, 93.890358879636, 114.48589891526319, 103.7809294196557, 69.6615996538567, -0.865237597949, 0.0742023822773, -0.495840604993, -0.323693630366, 0.672564679616, 0.665491686945, -0.382865946194, -0.736308874181, 0.557909409355,  
1276, 2285395.0696978834, 81.71295048963273, 101.06704303235271, 78.8163114089962, 68.49312971045832, 0.819854627988, 0.546434564003, -0.171019461553, 0.498689539786, -0.828226517531, -0.25563563634, 0.281331000559, -0.124298442956, 0.951526544666,  
1277, 724406.6109413787, 55.71403319052463, 115.80767064985609, 71.47357440263939, 20.89348894465326, 0.360552768507, 0.932464052785, -0.0226382726001, 0.453322542438, -0.153969990724, 0.877947557929, 0.815168923377, -0.326808861907, -0.478221281563,  
1278, 1908735.3593825637, 76.9518449256881, 108.23662440791675, 76.62309297170697, 54.94436916281, -0.611076337259, 0.790975848245, -0.0307069623096, 0.188376922756, 0.182991388411, 0.964898070648, 0.768830179568, 0.583841895773, -0.260823303647,  
1279, 2553722.832013837, 84.79333497897682, 96.79068693048028, 84.69830913879372, 74.36641357826579, -0.453330807516, 0.574035903655, 0.681889991327, 0.108315162409, -0.723867616624, 0.681383518435, 0.884736686562, 0.382751165796, 0.265974699046,  
1280, 3724146.093146641, 96.15665933513498, 105.88616331929605, 103.96146673093928, 80.76561226108808, -0.823016729906, -0.00682158782592, -0.56797616872, -0.163696814939, -0.954655744016, 0.248667977826, 0.543918022383, -0.297633795723, -0.784580976426,  
1281, 2746126.265752627, 86.87149541731316, 109.4337001552506, 83.85140008272967, 71.4447778983943, 0.426015417658, 0.218279474019, 0.877989142951, 0.277697979942, -0.955160783764, 0.102721512332, 0.861042795599, 0.200054863429, -0.467528989224,  
1282, 1429325.4264875231, 69.87913226137678, 125.46806062613979, 75.45157036369075, 36.04466902085867, -0.95630840086, -0.23691234947, 0.171309022276, -0.292141991615, 0.796975626291, -0.528661430248, 0.0112826938039, 0.555609925907, 0.831366532316,  
1283, 1905518.4249544418, 76.90858971670703, 105.81235286495013, 76.11841183606484, 56.48048965500989, 0.131393923307, 0.753583047378, 0.644087127354, -0.945057652114, -0.100965116121, 0.310921339743, 0.299335382303, -0.649552643003, 0.698913222703,  
1284, 1725088.142523005, 74.40022122720741, 120.40074254621649, 92.5329928048347, 36.965527378570904, -0.857014861683, 0.0544185137391, 0.512410140626, 0.43574031461, -0.454268001965, 0.777027001213, -0.27505618531, -0.889201443855, -0.365602088574,  
1285, 951308.0301057653, 61.011380398555936, 100.42163413337214, 49.91687021409135, 45.30622963291041, -0.727247767518, -0.203248343809, 0.655591942735, -0.367853444686, 0.921809063245, -0.122277938126, -0.579477806195, -0.330088111962, -0.745149186719,  
1286, 2582199.784769548, 85.10735177555893, 98.54307961420662, 81.49866093384847, 76.75817275172989, 0.0390384671457, -0.945006044995, -0.324714602391, 0.665027835855, 0.267112365056, -0.697415917492, 0.745797543319, -0.188718200916, 0.638882982261,  
1287, 3550637.0594182303, 94.63952621433728, 106.2145821029529, 96.22409002855304, 82.93726599847938, -0.795662837178, -0.11481832668, 0.594758271394, 0.193470084085, -0.978612876189, 0.0699011095775, -0.574012174172, -0.170685647945, -0.800859808886,  
1288, 3780004.546514534, 96.63502669584746, 123.97693019431348, 96.88244101237295, 75.13075649110313, -0.954240265935, -0.239459478976, 0.179121949514, -0.298939161578, 0.74822499147, -0.592279275186, -0.00780336749676, 0.618723298469, 0.785570230716,  
1289, 1586406.4955784336, 72.350569955909, 118.61288819872345, 82.83207489175949, 38.547431806809215, -0.682390070958, 0.661815108055, -0.310394191003, -0.0741021283073, 0.359805715441, 0.930079954475, 0.727222569533, 0.657678196298, -0.196485939638,  
1290, 3118543.577014381, 90.63328805741686, 117.95985164783171, 98.93891437062841, 63.79135826758408, -0.229378861903, 0.539889533276, -0.80987939199, 0.96999545283, 0.195684606778, -0.144278744655, -0.0805863462459, 0.818673821817, 0.568576304703,  
1291, 1133396.1494545257, 64.67916052251407, 122.75877731808862, 80.63829183775735, 27.33375200608549, 0.653830030143, -0.254044327811, -0.712718577834, -0.457698859112, -0.882862837634, -0.105190134009, -0.602509789175, 0.394986948432, -0.693518034745,  
1292, 1024778.8865229235, 62.54326076275084, 90.4315329859671, 63.6357263160586, 42.51289316718901, -0.619147820878, -0.0301531836122, 0.784695330316, 0.757813498796, -0.284888556342, 0.586989958609, -0.205851103822, -0.958086267506, -0.199238618425,  
1293, 2953625.051212027, 89.00660811981761, 104.36820145057561, 97.62653021311404, 69.2039207224544, 0.147011664356, -0.594462114146, 0.790570911044, -0.828457848612, -0.510672203686, -0.2299380209, 0.54041203134, -0.621151104987, -0.567561574771,  
1294, 1371651.1507938365, 68.92630872901029, 114.0738435606186, 63.555297224357716, 45.16658279698436, -0.985241517578, -0.051849833604, -0.163128007392, -0.133070848294, -0.36741551856, 0.920487906523, 0.107662906215, -0.928610484259, -0.355093321746,  
1295, 1445183.917493305, 70.13662067856055, 105.73598592031183, 69.86557632071701, 46.70339433251787, -0.707172136714, -0.663426272356, 0.244485480557, -0.706495777094, 0.676619077864, -0.207485759558, 0.0277720363747, 0.319456107499, 0.947194018867,  
1296, 2268469.048438454, 81.51072379320522, 97.0823439944252, 89.54069850579079, 62.29935024298819, -0.916735616663, 0.276846462985, -0.288013619598, 0.397724458511, 0.564685890448, -0.723149431467, 0.0375641350669, 0.777486900894, 0.627776277582,  
1297, 2023522.229314872, 78.46448406924875, 105.37713278114717, 74.64182963040132, 61.41729945242278, -0.812647450564, 0.547638713188, -0.199238452388, -0.0898669510798, 0.220033611743, 0.971343986859, 0.575784727304, 0.807265166795, -0.129595132174,  
1298, 2328683.7000292395, 82.2256467232542, 107.50011034955729, 82.45603878054774, 62.71775678564312, 0.142139572696, -0.503412927788, 0.85227446636, -0.353972034832, 0.778230163803, 0.518711490816, -0.92439176783, -0.375410756749, -0.0675767954678,  
1299, 1081920.106326448, 63.6847616137141, 91.46650720841008, 77.00541101700207, 36.67104145109041, -0.441007147047, 0.472742625291, 0.76290701038, -0.670912632658, 0.39096770711, -0.630095620789, -0.596145062542, -0.789720622898, 0.144749446204,  
1300, 2811260.3479601964, 87.55295715808384, 135.99195685432744, 77.50353966250063, 63.67628194359378, -0.671086681769, 0.656945100044, -0.343607044573, 0.0969084320744, 0.537223749545, 0.837854043803, 0.735017973484, 0.528974270123, -0.424187223054,  
1301, 2179166.7734256377, 80.42676856523512, 145.3200841778902, 99.54252265629778, 35.96396577638193, 0.642922376747, 0.536178275886, 0.546958566937, 0.563460564925, 0.152612849511, -0.811924571582, 0.518809222405, -0.830194058418, 0.203997098302,  
1302, 4363802.186336451, 101.3737429841271, 111.35813142883701, 106.81323168862092, 87.58494392141938, 0.0291330935263, -0.498854037089, 0.866196232121, 0.905167132308, -0.354461853706, -0.234583155528, 0.424056276279, 0.790886492455, 0.441219707857,  
1303, 1843209.1344898264, 76.06099485730634, 101.67714394429868, 82.21858535729002, 52.63718627607327, 0.628845279482, 0.23203241251, -0.742101458035, 0.67103217519, 0.320177248981, 0.668731896275, -0.392771478514, 0.918502851808, -0.045640737138,  
1304, 2645346.783697108, 85.79553125328735, 105.51877356795714, 87.91251578414699, 68.07906148880333, 0.361909543221, -0.774711630428, 0.518501082164, -0.880845383282, -0.102106774151, 0.462261416758, 0.305176822967, 0.624016102639, 0.71935457903,  
1305, 3049880.4489898845, 89.9631669832457, 129.59334524273885, 96.72011590305596, 58.08910667859356, 0.583352878839, -0.735161269823, 0.345307581878, -0.38936649113, 0.119985543426, 0.913234474247, -0.712806533595, -0.667189161123, -0.216253251869,  
1306, 2779784.378224938, 87.22497096424047, 102.46756667767636, 96.0119948718201, 67.45444670827361, 0.83489041723, 0.0161695214345, 0.55017864171, -0.488688834011, -0.438152131219, 0.754457376809, -0.253261159142, 0.898755393021, 0.357907151068,  
1307, 3321834.184816998, 92.56137133866298, 104.33440076359221, 97.76145637674232, 77.74888186367218, 0.435626494788, 0.309829955613, 0.845124224977, -0.823884731861, 0.515410464737, 0.235724418435, -0.362551383455, -0.798972747623, 0.479790624033,  
1308, 2564082.037373283, 84.90783533293782, 97.83732133735295, 92.27810175721716, 67.80162474338721, -0.803089903475, -0.595776444883, -0.00985061719922, -0.00449381032886, -0.0104754788201, 0.999935032896, 0.595840928945, -0.803081995855, -0.00573544493279,  
1309, 757809.7645267971, 56.55754232869367, 138.28950307862945, 65.20318270967577, 20.06381785270466, -0.568820427641, 0.543147380854, -0.617603629984, 0.822225017836, 0.357521108305, -0.442859658539, 0.019731729336, 0.759716776034, 0.649954674627,  
1310, 2623922.4280777657, 85.56328714130373, 119.78135681881834, 82.54608685451166, 63.354382755419955, -0.129270095878, 0.203393447748, 0.970525809922, 0.533002619289, -0.811074127699, 0.240970884566, 0.836180273711, 0.548443128127, -0.00356161014388,  
1311, 1358602.2472427094, 68.70704013761198, 107.6362899368369, 101.7010598509578, 29.629172376164465, -0.326685715675, -0.611673777068, 0.720507899764, 0.884630584058, -0.466262780524, 0.0052677554165, 0.332723868881, 0.639104224635, 0.693426720808,  
1312, 2266384.2558218893, 81.48574585493255, 132.3639563040771, 74.40390789563547, 54.938835432758566, -0.551822866462, -0.211334363182, 0.806739927726, -0.826750501508, 0.0116933312476, -0.562447219089, -0.109430947664, 0.977343876505, 0.181173438314,  
1313, 858625.4858072203, 58.96193422176495, 107.57780869970303, 71.4483148475486, 26.66861624085364, -0.974948368976, 0.099762328954, 0.198804314722, -0.0138414228013, -0.919256923812, 0.393414696011, 0.222000209111, 0.380807281633, 0.897608891116,  
1314, 1868854.003994138, 76.41212111001713, 124.30154474261747, 75.31768960150984, 47.655524176216616, -0.101728778072, 0.548207111734, 0.83013265106, -0.221292015509, -0.826024423781, 0.518375824272, 0.969887158171, -0.130967988307, 0.205344311961,  
1315, 2210833.7648500213, 80.81447571768072, 99.0468272791132, 89.85817729883203, 59.301995266983205, 0.916217166602, -0.0683608226423, 0.394807423375, -0.218663551064, 0.740369780091, 0.635640496007, 0.335756392434, 0.668714727411, -0.66339148192,  
1316, 2878726.3071324616, 88.24780713474978, 106.68338544928935, 91.03061682187514, 70.76646353303276, 0.482562483032, 0.618475361447, 0.620178746213, 0.338043569931, -0.784730491822, 0.519542683552, -0.80799752153, 0.041064370051, 0.587753113742,  
1317, 2616672.118401225, 85.48440617729999, 111.04450616248523, 86.75234042513014, 64.84588479454624, -0.545380530165, -0.322634412663, 0.773606562203, -0.0605684850958, 0.935707255783, 0.347539048293, -0.835997330098, 0.142684852878, -0.529857996853,  
1319, 2547593.4044762864, 84.72544050841913, 132.97946062297166, 77.19055518068511, 59.2506030511145, -0.185636063938, -0.87876538187, 0.439671076366, -0.0292144313402, 0.45218642552, 0.891444868501, -0.982184182711, 0.152639576134, -0.109614739113,  
1320, 264077.0113491319, 39.799779164646594, 120.75242931121947, 30.91016172884385, 16.89059049982915, -0.756874349952, 0.631345212171, 0.168951003116, 0.605305176845, 0.579675556449, 0.545510670968, -0.24646878356, -0.5151499513, 0.820898085274,  
1321, 2038878.7776704577, 78.66247354515798, 119.98479450212879, 90.83310801695298, 44.66140788700341, -0.307240022018, -0.943822120063, -0.121669119133, -0.138228627827, -0.0822354754371, 0.986980330619, 0.941539385963, -0.320058013898, 0.105197207285,  
1322, 2479550.334253149, 83.96431962108892, 118.26695843173871, 91.72355723762907, 54.56824700471372, 0.630631483121, -0.300714073118, -0.715454386195, 0.731989484865, 0.536782648766, 0.4195900166, -0.257866877561, 0.788311762067, -0.558631577378,  
1323, 1527153.3206217943, 71.4383382674545, 141.8766403131455, 64.20459402944543, 40.02368129140503, 0.409177390215, 0.854204142213, 0.320794555382, -0.367657302467, -0.167424773493, 0.914766119379, 0.835105964102, -0.492244074263, 0.245547958807,  
1324, 3644625.420324103, 95.46732714695956, 116.06664505002351, 104.43795750702522, 71.77917951148595, 0.0339173831836, 0.764825899498, 0.643343574287, 0.254250797004, -0.629138732361, 0.734534538103, 0.966543399616, 0.138657127119, -0.215796333977,  
