# Void_ID, Void_Volume, r = (a*b*c)**(1/3.0), a, b, c, vector_a, vector_b, vector_c 

4, 1418645.5523844769, 69.70465208278466, 91.97686176958138, 81.20108024238871, 45.34661745629959, 0.695694371532, 0.71530567273, 0.0659328141305, -0.583156851021, 0.508795638371, 0.633289101029, -0.419448958189, 0.479024835406, -0.771101665502,  
32, 1916611.429687739, 77.05754255729506, 97.72601983629208, 79.66060498514538, 58.774866695634195, -0.90389342804, -0.427279581234, 0.0202195500977, -0.412376170262, 0.882978435159, 0.224265416961, 0.113677460149, -0.194373975894, 0.974318321982,  
49, 1560690.3224946505, 71.95749608062535, 116.7186442718388, 67.62173577816365, 47.206475783626885, 0.335881697389, -0.609140469838, 0.718422837446, -0.342860506869, 0.631338512368, 0.695599278055, -0.877285676498, -0.479957884409, 0.0032048409186,  
58, 1758325.9112367448, 74.8750149735983, 114.36143105643386, 85.66112927224229, 42.84966096907979, -0.908485389066, 0.417643519279, 0.0151059146834, 0.417692530303, 0.908588432899, 9.86507649448e-05, 0.0136838584971, -0.00639925050523, 0.999885894295,  
66, 1296819.018024356, 67.6493436289086, 145.9597308905954, 74.33433216491055, 28.53436837366229, 0.823052125728, -0.566453097155, 0.0414256811484, -0.227329570589, -0.261711235242, 0.937991735403, -0.520486757441, -0.781433374045, -0.344173527828,  
77, 2621638.6887213644, 85.53845650837009, 122.44063030361822, 88.23812427122965, 57.92985001992876, 0.406828353154, -0.285076557269, -0.867883660156, 0.517386713371, -0.711082628389, 0.476101338404, -0.752862324663, -0.642722997954, -0.141793751639,  
92, 541225.6949233591, 50.55490118033767, 93.46704370316456, 50.8654015056305, 27.177456795230967, -0.953104051181, -0.30189225526, -0.0213010290203, 0.179462487934, -0.620447975248, 0.763437964366, -0.24369218914, 0.723813080999, 0.645529813973,  
97, 1736256.1355031969, 74.56042840754189, 141.06254418109233, 75.78682791046816, 38.77213728493513, -0.983637914047, -0.00814445894596, -0.179972558568, 0.157181821273, -0.526960541076, -0.835228389849, 0.0880359535103, 0.849850725679, -0.5196185283,  
101, 1303513.275820604, 67.76554723503199, 115.84074906734918, 77.4087412303331, 34.70367654784494, -0.553181741611, -0.746472179803, -0.369823262556, -0.832408881895, 0.51285271679, 0.209946527058, -0.0329456232391, -0.423982753966, 0.90507083162,  
109, 653212.9782982128, 53.82558168320112, 149.14700805879608, 81.58284739816318, 12.816008622847864, 0.400906793125, 0.903384248393, -0.152219062475, -0.430247097959, 0.332357545031, 0.839300838174, 0.808802310781, -0.270989597615, 0.521922848762,  
111, 879384.3826861096, 59.433327580404196, 129.73213324987077, 81.86869805216814, 19.766268748418213, 0.880866726138, 0.273994019844, 0.386006590453, 0.382107804077, 0.0697529164139, -0.921481501016, 0.279405506115, -0.959198523634, 0.0432522301329,  
115, 2267901.257069363, 81.50392259140371, 108.70076701543854, 92.64592481089207, 53.762146871282354, -0.671641412672, -0.38986839856, -0.630000352848, -0.73959214225, 0.302776225492, 0.601107328519, 0.0436036226381, -0.869671885875, 0.491700655899,  
139, 790850.6847856016, 57.36785721571618, 125.5462630753179, 90.69617083803075, 16.58109256174484, -0.33794490755, -0.817236830587, 0.466816026067, -0.9374883094, 0.248494564238, -0.243651639194, -0.0831198484055, 0.51997539776, 0.850127447225,  
151, 2853942.179510361, 87.99382307501592, 163.70962592241776, 113.22031160135252, 36.75851845207513, -0.660013711854, 0.740340199332, -0.127586399813, 0.14093117745, 0.288832670235, 0.946949888763, 0.737916189948, 0.60701900947, -0.294970538792,  
173, 4425856.87828254, 101.85200565563152, 136.95553305666837, 111.94588682032385, 68.91615398977777, -0.128041807955, 0.765941419223, -0.630030981567, 0.989155474987, 0.0525398870831, -0.137153222961, 0.0719495776157, 0.640759941463, 0.764362450476,  
185, 693759.3899674074, 54.91699372558126, 76.03245925666796, 59.93123783378475, 36.34695048114042, 0.519818803908, 0.854101699035, -0.0172829051432, -0.526716346515, 0.33636406996, 0.780659402527, 0.67257587038, -0.396698248227, 0.624717694992,  
199, 1841457.7001628901, 76.0368959363113, 132.61876188280664, 61.06583905802511, 54.28374979252036, -0.141500708757, 0.917087673273, 0.372730128849, 0.950249269541, 0.231376209881, -0.208545858835, 0.277495720971, -0.324677145841, 0.904201789321,  
207, 1532292.8222570268, 71.51838837133553, 86.07277353135932, 76.4792525276543, 55.57042595296004, -0.185171807136, 0.840528880141, 0.509139080695, -0.95886274911, -0.267974148654, 0.093659404346, 0.215159545945, -0.470851417436, 0.85557309009,  
215, 1810423.1648596034, 75.60731744625106, 138.03130524495575, 85.11258091938022, 36.789182191822796, -0.978994528058, -0.192137781361, -0.0682113407509, -0.0434294594671, -0.130360389217, 0.990515043285, -0.199207419751, 0.972671188993, 0.119277667731,  
217, 292660.62665679195, 41.18684856717487, 128.61022491197855, 34.07382857164473, 15.943338139396616, -0.608974550592, 0.739977771961, 0.285627193621, 0.73231610695, 0.386174065629, 0.560876733817, -0.30473450122, -0.550729051385, 0.777067819258,  
223, 2391531.621440955, 82.95880854754161, 105.21561280257283, 102.22115937747898, 53.08435281588105, 0.733001714622, 0.666066339482, -0.138072871236, -0.653820531523, 0.745886714235, 0.127168085956, -0.187689101762, 0.00293954699033, -0.982224088558,  
253, 288903.0217705218, 41.0098164049173, 106.03595633899334, 52.61431597512367, 12.36250239638974, -0.992993311229, 0.101120442837, -0.0611468714989, 0.101348773522, 0.46267122018, -0.880717757356, 0.0607676719916, 0.880744002567, 0.469677859797,  
269, 2790769.899725667, 87.33972234598339, 112.50757337108412, 92.85496461352446, 63.77471615979398, 0.785092829753, 0.449002057342, 0.426645521685, 0.504690547576, -0.863058695671, -0.0204239813614, -0.359049717809, -0.231358683282, 0.904188287809,  
296, 504850.1886503021, 49.395945698026296, 103.7502785177646, 73.39201245306235, 15.828357323264722, 0.822391679336, 0.224706335367, 0.522665273962, -0.196336786512, -0.75015810682, 0.631438580572, 0.533969841865, -0.621908254985, -0.57280566544,  
300, 1469282.9855546316, 70.52432639225356, 94.91247761282669, 83.04460809553045, 44.50226236324849, -0.504494260568, 0.688532878252, 0.520968345122, -0.445297008491, -0.724431411227, 0.526222105822, -0.739727054584, -0.0334903865699, -0.672073120073,  
306, 573764.6844775222, 51.5483855514494, 124.12588072112804, 75.95805617011223, 14.528106643371919, -0.0177033046778, -0.999834536546, -0.00418240767283, -0.884112976923, 0.0176075738639, -0.466941342547, 0.466937722872, -0.00456868395543, -0.88427840078,  
309, 3389392.0898614083, 93.18465480775122, 128.97488567809725, 101.30609105828037, 61.92877543330924, 0.305000217148, -0.851668156258, -0.426188009165, 0.115851354813, -0.411007374296, 0.904240787546, 0.945279498946, 0.325168094822, 0.0266904286565,  
316, 3069541.936458909, 90.15607315379734, 122.61739888163542, 106.6019748237659, 56.06187420942665, 0.690797314796, 0.678969792405, 0.248594229362, -0.24474473712, -0.103945345697, 0.96399967778, -0.68036687421, 0.726770518189, -0.0943691176615,  
319, 1089935.269319296, 63.84163961889062, 117.54302753143558, 49.75708013221142, 44.48978811126076, -0.434447764643, 0.67958975772, 0.591111580837, 0.42085085931, -0.427072287049, 0.800308575396, 0.796328885584, 0.596462088349, -0.100465333065,  
346, 1390593.5684957295, 69.24214860652977, 140.69594719695547, 92.44145345882686, 25.52485327287802, 0.396173358478, -0.0534166442391, -0.916620604258, 0.605112017725, -0.735646842931, 0.304406255669, -0.690569414352, -0.675255791981, -0.259120627042,  
359, 1767018.6114731755, 74.99819965023538, 105.30114429984286, 87.03071673416471, 46.03062415020305, -0.700820493063, 0.561848447883, 0.439519007682, -0.261078455533, -0.775419919138, 0.574945205268, -0.663843864594, -0.288184438537, -0.690116695078,  
362, 1696240.6106075214, 73.9831722618403, 126.77502649484683, 72.56529751189899, 44.01859304693698, 0.332307107869, 0.315383395241, -0.888878675673, 0.558329384786, 0.693786529691, 0.454893997876, 0.760158065236, -0.647451592959, 0.0544623781236,  
404, 151486.2971879655, 33.069547086902766, 125.90810081562242, 49.924435405384564, 5.753311725764765, -0.143005038215, 0.215111459881, 0.966062430111, 0.979619362777, -0.108344970207, 0.169136842536, -0.141051278326, -0.970560882819, 0.19523347465,  
436, 1248943.1755285999, 66.80639289153554, 110.9650740175636, 67.55731620327384, 39.773643288115075, -0.786374348793, -0.559778154141, 0.261273423269, -0.60020587945, 0.792421962193, -0.10872136914, 0.146178951403, 0.242313540647, 0.959122443792,  
452, 1643782.347598462, 73.21249954396055, 99.86051499818826, 91.27792495506743, 43.052278691428576, 0.231573922434, -0.126507487537, -0.964556568609, 0.075312855934, -0.986201323497, 0.147427688253, 0.969897670984, 0.106783917936, 0.218850868608,  
481, 3656587.2842707117, 95.57165612335734, 113.56735251255716, 103.4107572895356, 74.33068160068605, -0.242445896468, -0.956300745824, 0.163428488404, -0.82383929206, 0.113973921604, -0.555246581307, 0.512356134095, -0.269256065355, -0.815470639033,  
522, 588118.1375884905, 51.974699610193476, 107.989997049, 51.56578618930224, 25.21336385168866, -0.99155895051, 0.101713334209, -0.0804067491431, 0.0484943937795, 0.866077351454, 0.497552323952, 0.120246170149, 0.489453183606, -0.86369927615,  
525, 2735021.954472152, 86.75424525135965, 118.04257814755123, 86.74624674818915, 63.76506812492776, -0.206656302338, 0.737488781352, -0.642964594736, 0.960041868448, 0.0260951626167, -0.278637135562, 0.188713495889, 0.674855051006, 0.713412837424,  
547, 984268.9028149004, 61.70803515649033, 107.64633147063704, 81.96177689274163, 26.632660675802345, -0.342812279875, -0.779766380389, -0.523874157391, 0.845204877543, -0.499420499243, 0.190283682728, -0.410010311753, -0.377549409947, 0.830269828011,  
584, 246949.97510164863, 38.9200562380229, 95.03467777252902, 59.20789528257532, 10.477523601556557, 0.422886848014, -0.187696039614, -0.886530828843, 0.435555732992, 0.899997066618, 0.017218697302, 0.794643264135, -0.393415145606, 0.462349008838,  
593, 710839.9584878829, 55.36403584813136, 112.05969024803375, 96.05487300620082, 15.765741581696592, -0.744298983118, 0.450496092071, 0.493023624949, 0.654127280859, 0.342888776251, 0.674199367811, -0.134671913054, -0.824306107068, 0.549893551231,  
595, 1916970.370418031, 77.06235267228887, 130.7743929021241, 67.56899020600487, 51.791280625621425, -0.584644517867, 0.410633528138, 0.699693428079, 0.806213809958, 0.390388870769, 0.444540011937, 0.090609493772, -0.824000385405, 0.559297134348,  
611, 856439.6533168721, 58.911857894692496, 151.55971838340818, 65.98348375694243, 20.445094705707433, 0.0917281171196, -0.842118666708, 0.531434006921, -0.527042125662, 0.411747512699, 0.74343162669, -0.84487428077, -0.348281691981, -0.406063188093,  
627, 3515240.641925102, 94.3239871580774, 107.00569167006569, 102.1652003852588, 76.76382058605185, -0.99294017759, -0.0856486906664, -0.0820615958629, -0.0253952257112, -0.522283131189, 0.852393930871, 0.115865811349, -0.848460153845, -0.516420837204,  
647, 395422.7275338837, 45.5327980801988, 103.37748409061273, 88.56951825283163, 10.310097615536336, -0.395561840004, -0.718649513038, 0.571903582908, 0.103259504987, 0.583944103162, 0.805199825517, 0.912616187322, -0.377560805424, 0.15677861093,  
648, 882808.0826954126, 59.51035812830141, 128.77719895338427, 58.28004668667384, 28.081404539763618, 0.329521883871, -0.796449440438, 0.507034137782, -0.871091613662, -0.463598639092, -0.162097817505, -0.364163052298, 0.388258407067, 0.846546325185,  
650, 1436952.7829690538, 70.00321125395818, 127.49504595159716, 80.87548008715649, 33.26930335353947, -0.0711901425208, -0.201288301884, -0.976941647762, -0.105003300213, -0.972472298598, 0.208019074616, 0.991920496084, -0.117391004699, -0.0480945055426,  
654, 2993314.305707995, 89.4035102133776, 107.88805698285854, 98.2106551466268, 67.44220051855322, -0.498436912607, 0.594901901073, 0.630596838123, -0.817885612793, -0.0815095223574, -0.569578196696, -0.287443504949, -0.799654879223, 0.527189060582,  
655, 265266.82584154175, 39.8594630323855, 141.64594602160133, 32.6890814971529, 13.676893470309475, -0.673260929522, -0.0777546091002, 0.735305338987, -0.275168424657, 0.94937469472, -0.151558658931, -0.686295897446, -0.30437133536, -0.660572502728,  
683, 2457251.608953293, 83.71186281627615, 151.01674722867753, 75.00905413515504, 51.78717467120667, 0.834768374983, 0.139008466995, 0.532764869556, 0.372892063854, 0.569192744977, -0.732783138303, 0.405108959225, -0.810367981333, -0.423308948625,  
684, 2316921.381352773, 82.08697077707724, 90.21564757526903, 84.08562616113934, 72.91536508407673, -0.0761504204021, 0.689849038184, 0.719937093078, -0.61176000537, -0.60248745851, 0.512599803129, 0.787369550658, -0.401394029421, 0.467901724556,  
686, 2155865.9724862324, 80.13908561472091, 111.30795931717832, 79.7190746571687, 58.00222837159066, 0.735274430381, -0.659238531924, -0.157404161488, -0.209235893432, -0.441677147836, 0.872434317286, -0.644664139632, -0.608544045329, -0.4626902765,  
687, 113635.37457953766, 30.047497855675918, 132.96107412004505, 71.61587298544282, 2.8489913680918844, -0.815229923735, -0.521609473283, 0.251642064904, -0.56114104646, 0.603955903939, -0.56600175978, -0.143251169018, 0.602628263093, 0.785059411189,  
698, 1524569.8257722692, 71.3980313014373, 116.67710982698468, 79.77214733337595, 39.104052308978964, -0.996459212667, -0.0839678425815, -0.00429405445784, 0.00579955204464, -0.119595534988, 0.992805758045, -0.0838773073457, 0.9892655404, 0.119659048506,  
700, 345434.431031797, 43.52702699162781, 138.01199012814703, 80.44237163999718, 7.428058742861175, -0.242152833785, 0.121497505274, 0.962600831759, 0.161785727039, 0.983294501875, -0.0834104376492, -0.956654265457, 0.135537001571, -0.257764112298,  
737, 941223.3985894165, 60.795024142910115, 109.36794323913144, 58.61143034359853, 35.053528516153904, 0.475919417746, 0.335418913284, -0.813015904164, 0.468233091936, 0.685885983184, 0.557062105772, 0.744485378922, -0.645797623628, 0.169372222897,  
738, 439028.2534094821, 47.14850793059128, 66.62028756530285, 55.59303666998387, 28.299382576509913, -0.642419963191, 0.766110869914, -0.0192542435328, 0.438199659676, 0.38783105378, 0.810905747904, -0.628711101504, -0.512504837756, 0.584859933764,  
772, 2017507.4114845705, 78.38666300388718, 119.54693259511649, 90.17020821163203, 44.68121968927399, -0.745544812061, -0.119860690015, -0.655588550997, -0.496397581633, 0.756242429299, 0.42624738014, -0.444693573326, -0.643219094179, 0.623311176481,  
786, 3423618.803026074, 93.49727021288356, 102.31829438193468, 99.57347341990389, 80.22317475617494, -0.903874347574, 0.391199702811, 0.173129882801, 0.409423332652, 0.673711459005, 0.615211674699, -0.124031038369, -0.626957464686, 0.769116791519,  
788, 754836.2286892243, 56.483470825270516, 132.45820352508096, 55.94416174286519, 24.318147896676525, 0.932838615436, 0.360035119009, 0.0136686002502, 0.219903994388, -0.538892177273, -0.813165084424, 0.285402086195, -0.761557571267, 0.581872593306,  
792, 2378345.359679713, 82.80605660997949, 118.84278250687524, 78.72259398102676, 60.689575795574584, 0.53859669873, 0.171393160455, -0.824947259324, 0.464348177129, -0.877364264528, 0.120883074606, -0.703060713249, -0.44816998101, -0.552131598089,  
804, 2755352.2013191953, 86.968671690119, 125.35270495204955, 89.46416980088776, 58.65508450070046, 0.221413614347, 0.675339452479, -0.703486059071, 0.403365753522, 0.593361847758, 0.696575757912, 0.887846878841, -0.437993540535, -0.141030415805,  
805, 2385281.405816811, 82.88647515264144, 106.55211662049588, 88.27056436386674, 60.5442674513774, 0.0784338263898, 0.941279690521, 0.328391045996, 0.807901368396, -0.253007319101, 0.532243060476, 0.584074921411, 0.223561715627, -0.780305482157,  
813, 2468799.3802360725, 83.84279162596026, 143.8022794145139, 87.64080993672702, 46.76544139833571, -0.465039414458, -0.760030453141, -0.453973626215, 0.0315228814598, -0.526687280229, 0.84947443563, -0.884728574731, 0.380728537337, 0.26888869428,  
815, 2551420.5293198996, 84.76784557488173, 137.45880926694622, 80.82483777746036, 54.824668855803274, 0.830850723598, 0.542003654038, 0.126170971724, -0.250452631311, 0.161724668299, 0.954525332892, 0.496951259748, -0.82466791539, 0.270115299014,  
826, 3905544.553710894, 97.69319857314483, 117.0572390651082, 93.32179781779384, 85.35158960450653, -0.913676394663, -0.117336758245, -0.389136905214, 0.115348935486, -0.992914371378, 0.0285600103729, -0.389730764654, -0.0187919204657, 0.920737093207,  
828, 1289704.189637489, 67.5254002521678, 96.02777385917202, 69.01955146388083, 46.45500462792967, -0.140934893497, -0.713686801276, 0.68614029577, 0.50787819961, -0.647032866736, -0.568689901198, 0.849821799059, 0.268327447437, 0.45365547588,  
829, 1190766.5897624588, 65.75256165428064, 99.19228574171893, 87.2929541014737, 32.83076047717652, 0.284423690874, -0.34636878814, 0.893941735614, 0.6298994915, 0.770455283363, 0.0981085467524, -0.722723871667, 0.53518904972, 0.437313258868,  
831, 3035046.1051680073, 89.8170722821679, 107.48561940042516, 91.73453622985768, 73.48411198203549, 0.804317610762, 0.360136465051, -0.472625546875, -0.451238019801, 0.887700360689, -0.0915003776961, -0.386597245858, -0.286861981051, -0.87650029853,  
833, 3420621.3084441097, 93.4699755666335, 111.1964629215002, 99.61112391210295, 73.72547415669588, -0.817626362658, 0.535996018235, -0.21022701901, 0.485868771698, 0.838247462038, 0.247533288823, -0.308899122327, -0.100246999074, 0.945796950409,  
835, 1747189.0135599077, 74.71659873393425, 132.0346356544669, 86.59823263933028, 36.47996229615958, 0.0901815500148, -0.878207415464, 0.469700993677, 0.58320648996, -0.335732396034, -0.739698552332, 0.807302593892, 0.340639829846, 0.481899396365,  
837, 3634809.186364761, 95.38154126505107, 118.239859460054, 101.46398763694896, 72.32978535787542, 0.744284126795, 0.549966294654, -0.378917158948, -0.484501956591, 0.835123940751, 0.260433979434, -0.45967270167, 0.0102507720749, -0.888029238827,  
844, 489507.8553040873, 48.890410683576015, 102.76768262266593, 80.2418561696426, 14.171425121614627, 0.150556728619, -0.855694194661, 0.495096068143, -0.894355543742, -0.331294516566, -0.300619534747, 0.421261003234, -0.397531619518, -0.815173465366,  
847, 2571460.5338901747, 84.9892019686468, 118.17663823116025, 85.25172015956886, 60.93354872068176, 0.364941218935, -0.589732845154, -0.720439503407, -0.801483413108, 0.194754997348, -0.565415625466, -0.473753359076, -0.783763779691, 0.40158696743,  
851, 2205402.049384256, 80.74823807990616, 121.76000237802819, 91.76887361536899, 47.1193309721805, -0.686855569205, 0.468803267704, -0.555385382632, 0.700188992778, 0.221961434557, -0.678578290223, 0.194845583588, 0.85496000945, 0.480706335299,  
870, 374895.0382697129, 44.73083731155347, 107.89825330572103, 73.54231355254986, 11.278968426240386, 0.659142124309, -0.69300854217, 0.292011678604, -0.682794456993, -0.388776067011, 0.618582976825, 0.315156135052, 0.607118052934, 0.729441073933,  
874, 82309.47874467354, 26.98487520907852, 92.69060797798046, 31.668163413175712, 6.694260893040153, 0.716330615981, -0.653807800464, -0.243733068461, -0.511919923519, -0.255078860666, -0.820288221753, -0.4741396846, -0.712369380936, 0.517418036594,  
876, 516661.2212063891, 49.77818823099316, 72.56846079951666, 62.98549393234398, 26.985396633051902, -0.0689176158891, 0.765759639187, 0.639423597635, -0.647706004336, -0.52183427037, 0.555126946036, 0.758766956428, -0.375900477865, 0.531950689983,  
877, 141747.99836614373, 32.345170284231784, 133.87900192526635, 49.051163749372684, 5.153075956510544, -0.802334320729, 0.52441535622, 0.285040649629, -0.0207049739812, -0.501721064074, 0.864781635973, 0.596515667718, 0.687942227243, 0.413406035445,  
879, 1762786.282507767, 74.93827369884885, 115.9252587763971, 74.11117338168587, 48.983440920978545, 0.76397716318, 0.470943106221, 0.441079907547, -0.178466773472, -0.502692650134, 0.84584260372, 0.620071370816, -0.72492254083, -0.299998008145,  
882, 523284.17787746683, 49.989984037272606, 99.05620454106652, 54.393103828504714, 23.185873878402038, 0.550832116014, -0.0231831555308, -0.834294025669, -0.598736619415, 0.685437332403, -0.414355069861, -0.581462329424, -0.72776246444, -0.363680292033,  
885, 788955.6108749991, 57.32199803965376, 95.10937490827449, 76.16563615521781, 26.00049155773588, -0.73374465109, 0.250078861983, -0.631727274847, 0.679160655011, 0.24401637038, -0.692240431983, 0.0189629027704, 0.936972024009, 0.348889430253,  
886, 1352461.59979613, 68.60336913815651, 99.75013557198642, 81.28493566554278, 39.82105601013965, 0.659209988887, 0.526197634137, 0.537176172573, 0.374815096855, -0.84923219182, 0.371911720097, -0.651886365651, 0.0438261817212, 0.757049160937,  
888, 1121481.6001430945, 64.45172040572392, 129.37087149020152, 78.72878147701067, 26.286545119841985, 0.196828970495, 0.605661913807, 0.770994165048, -0.822267038083, -0.326313916766, 0.466257595977, 0.533980593707, -0.725736091075, 0.433787795651,  
895, 2803528.5583635163, 87.47261803318095, 127.45102158558244, 89.36398135806839, 58.76389105680112, 0.394086606896, 0.0398206464465, 0.918210249552, 0.767251213522, 0.535767775457, -0.352531510834, 0.505985495458, -0.843425875165, -0.180586465405,  
899, 2856520.7348407363, 88.0203160949926, 127.47966071358648, 79.27878022147591, 67.47624603750361, 0.733760786616, 0.67049532759, 0.109686479137, 0.597062881233, -0.713409123994, 0.366828757946, -0.324208303223, 0.203674832718, 0.923799512145,  
901, 1084445.8496284292, 63.73428047437136, 110.69688273193901, 66.20827723568615, 35.32413883400606, 0.327891926376, 0.0102327620222, -0.944659819829, 0.388565676881, 0.909983723546, 0.144728496262, 0.861106032593, -0.414517687755, 0.294400215983,  
913, 965103.7426994018, 61.30489178811795, 140.6163428598299, 55.636116459147146, 29.450507586246832, -0.746695097554, 0.554754165204, -0.367007149083, -0.0590929560132, 0.494246006206, 0.86731130968, 0.662536379257, 0.669304640308, -0.336269006337,  
919, 438989.1370021419, 47.14710761447358, 136.92796767762573, 45.74504071472607, 16.73127292091271, -0.0854193203081, 0.9948433774, -0.054682667831, 0.948105769134, 0.0642905735923, -0.311387496027, 0.306266208148, 0.0784434611053, 0.948708402596,  
924, 946999.3546003673, 60.919129830330505, 128.46788905238918, 52.89220397777001, 33.2716869871018, -0.179886633904, 0.36499001104, 0.913467618903, -0.109926849163, -0.930258114235, 0.350051322999, 0.977525900821, -0.0374450629705, 0.207463202721,  
926, 2150832.3186165206, 80.0766657198955, 113.20980482853908, 72.77354096683885, 62.32472853934903, 0.0559919019339, -0.685203833427, 0.726195988404, -0.80795184319, -0.458408596267, -0.370236921383, 0.586582241467, -0.566001117954, -0.579278869346,  
927, 3019459.9811684834, 89.66305998950303, 122.93359189891866, 84.55494127857398, 69.34754727816274, 0.695096744492, -0.46219780243, -0.550648442497, 0.45159970298, -0.315245180249, 0.834672501403, -0.559373063406, -0.828850811521, -0.0103975082122,  
929, 1555617.90328121, 71.87945481799157, 86.94511338452577, 72.75886259425216, 58.706101878315756, -0.248642882005, 0.816520912003, 0.521028135028, -0.898943945658, 0.00576557933202, -0.438025730591, -0.360661198069, -0.577287067547, 0.732572960086,  
931, 1340476.3470320606, 68.40011763512985, 117.3465352340432, 62.51845278332791, 43.62064200579754, 0.801913068592, -0.378890092678, 0.461928271587, 0.222639360661, 0.907005319538, 0.357453584979, -0.554407021515, -0.183803286153, 0.811695267015,  
932, 1681753.128908691, 73.77194124384387, 115.7023674593765, 85.55934485047334, 40.55682410505558, -0.0241263130271, 0.599174304646, 0.800255005402, -0.629996185019, -0.630650870717, 0.453193431247, 0.77622337499, -0.493223713861, 0.392692806406,  
933, 1945080.7030656987, 77.43720548725007, 91.39496075358966, 86.12292893328201, 58.994017689542616, 0.683265849191, 0.390970014512, -0.616676760614, -0.272352421432, 0.920079140597, 0.281564439479, -0.677474676921, 0.0244299568485, -0.735140285483,  
934, 240595.99823978634, 38.583349779722816, 66.97567774229763, 53.013816357501895, 16.17683679161641, 0.20503834571, -0.533189180687, 0.820773156473, -0.379941466803, -0.816187184179, -0.435296407274, 0.901999866182, -0.222593301742, -0.369930349427,  
936, 2261311.060746369, 81.42489975592622, 157.50332291465264, 66.66087977500814, 51.41749753335213, -0.884096062379, -0.00428840643648, -0.467285525195, -0.151034860108, 0.948911738021, 0.277046899418, 0.442224630158, 0.315512476798, -0.839576829996,  
937, 406146.5326535403, 45.940746397079494, 108.43490114647368, 54.348198697908906, 16.452803021951123, 0.59185788316, 0.630241952827, 0.502493111434, 0.425738692838, -0.77378293149, 0.469048547972, 0.684434665664, -0.0636793202796, -0.726287913025,  
947, 603595.1355865649, 52.42668213862096, 86.11781743289586, 60.63871507368675, 27.593965513386955, 0.57140264259, 0.768432761878, -0.288114752336, 0.639296276711, -0.636920097946, -0.430851551483, 0.514586523943, -0.0619990266474, 0.855194030657,  
950, 1207237.8549793873, 66.05434826764142, 101.59860353245217, 73.10245528092129, 38.80471814286289, -0.565019687456, 0.780652244782, 0.267085801765, 0.0861484259256, -0.266121987027, 0.960082046875, 0.82056760934, 0.565474279467, 0.0831121998519,  
953, 375769.2016007147, 44.76557743961236, 113.0471067859542, 57.83720129012651, 13.720370885960188, 0.226855669694, -0.909494605558, -0.348361977818, -0.715348955134, -0.398331855104, 0.574114627577, 0.660917829625, -0.118959218521, 0.740969855536,  
967, 1090781.016397636, 63.858148220214275, 149.27901055271158, 66.21067978456591, 26.346453744955493, 0.198024344022, -0.919171367378, -0.340456100794, -0.923198732248, -0.0581815236285, -0.379893420691, -0.329378900282, -0.38953678607, 0.860099199132,  
974, 988200.1534351878, 61.790081668747014, 110.55389058651254, 80.00860710623581, 26.671384922752083, -0.963349735269, -0.259908330659, 0.0663697763357, -0.252955015955, 0.962530467431, 0.0977182642613, 0.0892807227788, -0.0773482961752, 0.992998586917,  
975, 1306269.4075501198, 67.81327448045171, 92.55540150840832, 85.27521222602371, 39.51114074263451, -0.365675883091, -0.763824344536, 0.531839749567, -0.903328955258, 0.428918272115, -0.00509062246531, -0.224227445059, -0.482287763207, -0.846829715081,  
981, 2463225.3123536897, 83.77964384887787, 128.9733575232891, 85.36532522057918, 53.41140771436455, -0.823350889032, 0.541025500568, 0.171419722509, 0.5488545591, 0.835915345727, -0.00205127604136, 0.144402169253, -0.0923955762663, 0.985195955636,  
983, 566616.0954511483, 51.33340816911756, 123.71918390029855, 39.26681515855139, 27.844381349210074, -0.38964947979, -0.874630987309, 0.288433560701, -0.919997222405, 0.383999521777, -0.0784186077556, 0.042171005049, 0.295913844411, 0.954283292853,  
994, 3543203.6670671264, 94.57343626861915, 130.45118065385486, 97.59253795934005, 66.44202819011899, 0.474096401278, 0.50057012135, -0.724335665218, 0.673764087252, -0.735853989354, -0.0675341475209, 0.566810865302, 0.456013662037, 0.686131899136,  
1001, 3890439.9369801814, 97.56709368922316, 143.5125328732174, 91.4662974980386, 70.75533256887289, 0.141004177932, 0.809667909223, 0.569697901155, 0.945210094733, -0.281245771044, 0.165766984303, -0.294441333071, -0.51511036977, 0.804963109921,  
1002, 2539415.1448318623, 84.63468172551016, 138.11485733518845, 89.36501537822319, 49.117602764612, 0.900971698777, 0.307246164372, -0.306349134944, 0.322244693028, -0.946654871791, -0.00170632060716, 0.290531161526, 0.0971820363735, 0.951917693915,  
1005, 1005778.7327222471, 62.15431430620458, 134.0989561118202, 49.4898186235855, 36.180334655197264, -0.47959560709, 0.383939767091, -0.789036316595, -0.268158738048, 0.792052599412, 0.548400921747, 0.835511187758, 0.474597655926, -0.276908143833,  
1019, 1155990.753828897, 65.10613539598911, 109.04850140085277, 66.46503135432089, 38.076133029096766, 0.313143620317, -0.11449361237, 0.942779022773, -0.859470927902, 0.388172544433, 0.332613589379, 0.404043063479, 0.914446985054, -0.0231498246091,  
1022, 1913248.074956028, 77.01244150091769, 106.6342783690433, 68.00496178202667, 62.986175737960096, 0.813290199508, -0.416327326892, 0.406485680273, -0.466336580319, -0.0485906511241, 0.883271839515, 0.347978799987, 0.907915472666, 0.233666962263,  
1029, 2611426.497705417, 85.4272446719991, 145.75564770219685, 77.72841934622531, 55.02803050554971, 0.339332966326, -0.835357084424, -0.432471593827, 0.521111952277, -0.215816256286, 0.825751582933, -0.783131835107, -0.505570850648, 0.362080990686,  
1030, 2118955.7439772794, 79.67910104384079, 116.80221924410648, 75.33168089021792, 57.49161709529536, -0.658958930852, -0.404843653905, 0.633935914224, -0.00928216262163, 0.847111945569, 0.531333410517, -0.75212164502, 0.344242599873, -0.561969806596,  
1035, 1617876.6327889846, 72.82585594455983, 96.10807292335035, 84.8095431317849, 47.386234606091854, -0.793248197264, 0.544361633341, -0.272814423526, -0.245356522414, 0.124299121537, 0.961431175537, -0.557276838247, -0.829590345009, -0.0349626232113,  
1036, 3038798.1807926088, 89.85406915788211, 117.6301696668587, 98.02047946198485, 62.91840469437142, -0.832715709523, 0.544942477574, 0.0980930336437, -0.411558198116, -0.727670462449, 0.548739963592, -0.370411118458, -0.416573395952, -0.830218169584,  
1040, 1765651.6893902891, 74.9788557412774, 118.86519065207484, 93.59374326530238, 37.889154717854154, 0.351951815695, 0.931693416219, -0.0898737870768, 0.718880932676, -0.330549069966, -0.611512483094, -0.599449851167, 0.150614376869, -0.78611397737,  
1042, 2835369.0985065037, 87.80252340597484, 133.1467333873891, 103.4781537594601, 49.12943900715251, 0.1131044199, 0.28718448602, 0.951174253851, -0.475099335962, -0.825149574976, 0.305628532512, 0.872632804315, -0.486470194263, 0.0431130945985,  
1044, 2553202.5371858682, 84.78757599715013, 115.43044509799435, 83.30162943095858, 63.390297673678205, -0.671152828993, 0.693004339482, -0.263246776985, -0.173131325906, 0.198757110291, 0.964635244587, 0.720818579203, 0.692993936891, -0.0134156367012,  
1048, 2227213.54896806, 81.01356621117415, 124.4572708873698, 76.5104696064176, 55.83828994943626, -0.723658077001, 0.664348302636, -0.186976791009, -0.0540657544882, 0.21551602519, 0.975002429268, 0.688037703751, 0.715677424313, -0.120041420127,  
1051, 4205569.047220714, 100.13334390064958, 129.6794325663515, 104.6336579899334, 73.99351324513293, 0.434584343251, 0.84182888507, -0.320094637353, 0.802786751672, -0.200973209367, 0.561376166627, -0.408252225887, 0.500933026839, 0.763148886313,  
1052, 883827.4269669912, 59.53325408608581, 141.02129411828508, 63.19120965631256, 23.67759023337572, -0.896281180939, 0.413905255498, -0.159256033374, 0.0998348550128, 0.538190350746, 0.836889567439, 0.432103050694, 0.734189066818, -0.523692054308,  
1055, 2517663.065788516, 84.39233433201939, 110.38035412531958, 75.88756872307131, 71.75407617225414, 0.563211492515, -0.824348664068, 0.0569393954007, -0.584142150856, -0.348464957169, 0.733041691323, -0.584440554969, -0.446118205944, -0.6777962703,  
1056, 2401387.4087444358, 83.07261340705416, 111.49820478793485, 88.81680657251835, 57.89093859942225, -0.908725407468, -0.177131102345, -0.377945374894, -0.100287671174, -0.786304128837, 0.609645962822, -0.405167270188, 0.591904037456, 0.696770474125,  
1063, 1056583.1238853766, 63.18369502329156, 95.78870993985329, 81.59360384452802, 32.27339255460654, -0.807736503637, -0.406882240776, 0.426624639272, -0.174854424324, 0.85643284023, 0.485745530571, 0.563016581449, -0.317757190819, 0.762917227946,  
1069, 596742.9403219126, 52.227538776256715, 135.76405412266627, 78.49912813257134, 13.367464799936613, 0.405169816359, 0.84997307062, 0.336724218214, 0.914241154482, -0.376981161313, -0.14848675182, -0.000728946433694, -0.368009487969, 0.929821749263,  
1074, 1986359.2681240288, 77.98116707370562, 119.24609346858736, 73.30477983600068, 54.249124999151555, -0.107190265629, 0.63761919048, 0.762857794668, -0.702456336923, -0.591560825803, 0.395740930525, 0.703608798745, -0.493454716572, 0.51130920295,  
1076, 530688.4620031327, 50.22466076617213, 95.45461870256783, 72.76379585512923, 18.240584145490423, 0.840966009693, -0.195373836672, 0.504584219418, 0.122887973045, 0.97713118946, 0.173531509143, 0.526948495227, 0.0839267688452, -0.845743212121,  
1103, 2356835.3316470943, 82.55566440503128, 125.7915164009082, 81.52097286509476, 54.86810037109134, 0.232154425745, -0.133267347822, -0.963506168435, -0.829657969709, 0.489920242598, -0.267667348012, -0.507712493352, -0.861520730974, -0.00317083535866,  
1124, 1728592.5432431006, 74.45056683579784, 110.95916876379187, 69.0164295626338, 53.88753813298672, 0.592279652216, 0.546800309965, -0.59178901189, 0.630305122041, -0.771957493483, -0.0824444139095, 0.50191659337, 0.324177496564, 0.80186575187,  
1129, 2338648.246568912, 82.34276229763954, 113.68703326946803, 88.68543688324894, 55.37491242859292, 0.684226345902, -0.599182126252, 0.415710340447, -0.640313851799, -0.766432491144, -0.0507878697516, -0.349045095608, 0.231434690788, 0.908077917985,  
1132, 2218460.1873012953, 80.90729409406879, 160.27250281349723, 97.96211247762538, 33.7322934086173, -0.682284279577, -0.0769792944079, 0.727022936416, -0.0798018761354, 0.996340823067, 0.0306043274112, -0.726718530387, -0.0371369428398, -0.685930772796,  
1133, 1224000.5933282194, 66.35866999372858, 125.19800064083311, 63.32446743871666, 36.85734769248442, 0.221672106911, -0.926558095677, 0.303894015, -0.636020311087, 0.0988462483997, 0.765315348769, -0.739147915442, -0.362931831771, -0.56739831211,  
1140, 1492487.3423517079, 70.89365200363063, 125.91061917071521, 80.77758445480275, 35.03231406622252, 0.757213036614, 0.033035336331, -0.652332034884, 0.399472856423, -0.813582663579, 0.422498149706, -0.516768666004, -0.580510048213, -0.629252119392,  
1142, 3481184.3212112896, 94.01838854085237, 111.98468543310675, 104.3175502963674, 71.1413979975738, -0.309029553011, -0.506882662589, -0.804717777691, 0.950202062053, -0.200329648773, -0.23871337016, -0.040209161104, -0.838413977811, 0.543548733026,  
1153, 2066663.595848536, 79.01818683355742, 92.87984076034293, 85.60703695619858, 62.051209700860205, -0.151135246936, 0.12205582033, 0.980948782484, 0.987292158175, 0.0679442714621, 0.143658520047, -0.0491154918558, 0.990194906419, -0.130773528517,  
1154, 2739579.8036156218, 86.80240980280378, 116.79260981912319, 81.72214248223494, 68.52361077337851, 0.128074873709, 0.77134636435, 0.623395230114, 0.311232299735, -0.628078049413, 0.713198723672, 0.941664102706, 0.102677894649, -0.320508919727,  
1155, 3240082.724018169, 91.79573349116126, 114.40341662877121, 105.66157450714844, 63.989897788514384, 0.60809915002, -0.0878134813819, 0.788989363827, -0.116318803792, 0.973280866819, 0.197975478703, 0.78529316795, 0.212163019329, -0.581636908733,  
1158, 1045407.7002885349, 62.96014146042658, 118.0226458235174, 70.82930036905692, 29.855117655532386, 0.642766455416, 0.645172392146, 0.413042211166, 0.704705468837, -0.709407576799, 0.0114495489459, -0.300402207021, -0.283713719077, 0.910639906672,  
1162, 2266041.5917408313, 81.48163892477191, 104.3456656068825, 91.1786019747272, 56.8606637250122, -0.488451137091, 0.860294947657, 0.145972907451, -0.747964196157, -0.326631889096, -0.577807208584, -0.449405215748, -0.391413096435, 0.803013536622,  
1163, 2905713.775083845, 88.52271819428607, 118.2133173383886, 85.59314381262092, 68.55811054326277, -0.651494016458, 0.625622837647, 0.429128898508, 0.216837982289, -0.388490964606, 0.895575825855, 0.727005389221, 0.676513736323, 0.117440745099,  
1164, 1489391.1112859175, 70.84459405714011, 106.02049246518658, 61.5882960155594, 54.454295363319765, -0.0530537144656, -0.136536674184, 0.989213344018, -0.998534672239, -0.00332939070588, -0.0540131788982, -0.0106682575226, 0.990629422014, 0.136159966661,  
1168, 1357135.1544033957, 68.68230002657621, 142.4598146874712, 70.43223476523833, 32.29019349591527, 0.134145407617, 0.0296435033442, -0.990518183743, 0.251418042432, 0.965829050802, 0.062954051228, 0.958537415835, -0.257479139613, 0.122108620126,  
1174, 1168368.0838393858, 65.33767733882989, 120.87966014944047, 83.62311798125693, 27.593798500549678, -0.942369296565, 0.07075304587, -0.327007821606, 0.0126186064664, 0.98420482074, 0.176583242702, 0.334336476715, 0.162280243198, -0.928377209439,  
1176, 1860953.0254175756, 76.30428615976336, 129.71919466304996, 94.3177714510641, 36.311904452507804, 0.546304703514, -0.572985940968, 0.610932305883, -0.665716727697, -0.739682220505, -0.0984451681559, -0.508303461904, 0.352926797115, 0.785538201805,  
1181, 747671.2018586419, 56.3041856265418, 82.11850062311039, 70.57290012143592, 30.79945758200757, 0.814279228343, -0.39994132741, -0.420709249862, -0.104603181187, -0.814004050913, 0.571362914077, 0.570970675933, 0.421241426888, 0.70466172558,  
1182, 2900630.066049493, 88.47106290638052, 119.4115909924888, 108.24884769780681, 53.571519913960465, 0.517141851583, -0.855786260692, 0.0139348969082, -0.821521236699, -0.491736338699, 0.288614328916, -0.24013988214, -0.160702362191, -0.957344027919,  
1186, 2114146.6541393334, 79.61877664298761, 128.14020794696094, 89.33384357592904, 44.09050331828921, -0.865009784218, -0.07298529558, 0.49641839192, -0.497916247718, 0.247010092604, -0.831303449055, 0.0619474250127, 0.966260400089, 0.250006711417,  
1187, 2447116.5364485406, 83.59661278974825, 114.01220659172697, 86.51327766174772, 59.22866246827525, 0.384791781044, -0.702714148648, -0.598438059059, 0.531419041548, -0.361446671653, 0.766126690458, -0.754671509679, -0.612820633498, 0.234353970819,  
1188, 1146060.0439066484, 64.91916433301881, 133.14100835927755, 74.28739478041587, 27.66252327554717, -0.545126135938, -0.83728355971, 0.0423525271567, -0.805616325822, 0.537149713316, 0.249905024065, 0.231991015959, -0.102109872803, 0.967343652685,  
1189, 235930.5256718164, 38.33232620896158, 58.22474179473583, 49.96405276167862, 19.361111964367, 0.697955384444, -0.208597321608, -0.685087905852, 0.241001332159, 0.969256828761, -0.0495939290431, -0.674371291815, 0.130492748145, -0.726770254935,  
1194, 1791187.954844207, 75.33859503566332, 117.51430507683233, 86.08340217643575, 42.27098727678603, 0.718982767529, -0.566109040272, 0.403217477942, -0.525739709883, -0.822439637066, -0.217234437497, -0.454600415142, 0.0557996227989, 0.888945928979,  
1195, 1607723.592873738, 72.67319577662492, 115.38416184062132, 88.97362940304605, 37.38653955804218, -0.342795018659, -0.0153356324294, 0.939285043829, -0.665669113192, 0.709478512866, -0.231354428366, -0.662854589578, -0.704560187748, -0.253414156896,  
1197, 1875359.13033159, 76.50067714081221, 119.81558812875704, 73.14167049110138, 51.0878515230651, 0.446020262737, 0.868524446434, -0.216174029834, 0.757004432245, -0.237213938479, 0.608829891639, -0.477504151595, 0.435195166951, 0.763279078629,  
1200, 2279690.530277648, 81.6449063646633, 126.57108794095286, 80.78035751418228, 53.22884000647692, -0.11126665821, 0.801923036136, 0.586974594753, -0.61606118877, -0.519119212713, 0.592438903756, 0.779800193936, -0.295693569606, 0.551794318955,  
1201, 2884286.8435844053, 88.30459029584495, 117.08300183387173, 94.09735760046989, 62.4997907268773, -0.852718446112, 0.1543625285, 0.499042544734, 0.13291304091, -0.859784765447, 0.493056062392, 0.505178557755, 0.486767261533, 0.712637536117,  
1202, 1510685.7126439798, 71.18063164223165, 123.8637037917556, 83.31980208605401, 34.945657868904036, -0.998157345245, 0.0187405163412, 0.0577122792862, -0.0399403404393, -0.918933302963, -0.39238546598, 0.0456802291887, -0.393967483117, 0.917988528745,  
