# Void_ID, Void_Volume, r = (a*b*c)**(1/3.0), a, b, c, vector_a, vector_b, vector_c 

10, 1028545.342258693, 62.61979057653658, 116.51952493078205, 84.66642280601899, 24.890001124974066, 0.158098372745, -0.0671787363429, 0.985135484042, -0.948468419144, -0.287798574402, 0.132588228962, 0.274613478225, -0.955331878436, -0.109217396151,  
61, 514205.3300088616, 49.6991912514851, 112.99407996660436, 49.14682140232709, 22.10532169674745, -0.117769229546, -0.378984371405, -0.917878671069, -0.0231286574391, -0.923013412527, 0.384072005618, -0.992771612093, 0.0664611655455, 0.0999371787526,  
78, 540725.8596945538, 50.539333489129874, 114.07274558248146, 70.21740962277265, 16.116169706975377, 0.536703485042, 0.592154906466, 0.601083967422, -0.532535441287, -0.314849191766, 0.785669135335, 0.654488634674, -0.741769878866, 0.146362815941,  
80, 3971686.209078518, 98.2416029228941, 108.58219838482032, 102.73958511447293, 84.99431570641826, 0.916090222037, 0.264917687081, 0.300993893893, -0.322362010469, 0.0401772301465, 0.945763461117, -0.238456367697, 0.963433655863, -0.122205365902,  
93, 1663510.8921773732, 73.50423237946882, 106.3876423625495, 70.15899090022772, 53.20623409863202, -0.950682581937, 0.189957547902, -0.245191269005, 0.00748130996942, 0.804331328546, 0.594133944428, 0.310075246355, 0.56299844042, -0.766084915452,  
121, 312236.30535934947, 42.08541331597812, 95.57468200205984, 70.7089461469641, 11.030052100602134, -0.558844931492, 0.665616409863, -0.494618173409, 0.81335514109, 0.3236488801, -0.483430260608, 0.161696496585, 0.67246278509, 0.722252065183,  
154, 1387984.054013761, 69.19880943227207, 121.82112253377964, 101.38195504685164, 26.82950181232737, 0.0176667940023, 0.787729171809, 0.615768330032, 0.977963120606, -0.141751814713, 0.153279345509, 0.208028890118, 0.599490762987, -0.772874379165,  
173, 146924.03333276056, 32.73417583205382, 85.19203315761463, 56.92886230330817, 7.2322385889896195, -0.688557668898, -0.139485960036, -0.711640361106, -0.725169673605, 0.138064699015, 0.67458660183, -0.00415705247942, -0.980551786413, 0.196216495423,  
182, 1918464.4232247383, 77.08236781833561, 105.1276634255661, 86.20096806196617, 50.54008704945702, -0.0912700537811, 0.975013179721, -0.202531668271, 0.84958591226, 0.182337034795, 0.494931291626, 0.519493556237, -0.126895646545, -0.844999372731,  
185, 2987581.092799615, 89.34639437641664, 130.35097846355652, 100.5745277793582, 54.40374487928853, -0.385996070397, -0.348554412712, 0.854117588519, 0.388969097554, -0.901038604993, -0.191917882076, -0.836486745135, -0.258145799291, -0.483374256164,  
194, 1473557.5927132391, 70.5926526697577, 124.85367398664037, 65.74513930202198, 42.856187037421094, 0.611441668954, 0.231290821822, 0.75673221235, 0.520659106911, -0.837738906869, -0.164643913673, 0.595863390265, 0.494669667212, -0.63265214809,  
201, 307511.47846218135, 41.872051617038736, 125.50351891208082, 100.19747785634154, 5.837945406623334, 0.628142263035, -0.711785622567, -0.314322326436, -0.00744925967273, -0.409444729103, 0.912304511849, 0.778062854736, 0.570715552019, 0.26249181466,  
211, 251139.89886916056, 39.138937815490486, 125.31946916329068, 32.294497367545375, 14.814262286571179, -0.0265871547596, 0.643134242307, 0.765291754544, 0.973800943423, -0.156294773743, 0.165177680963, -0.225842524316, -0.749633437136, 0.622129298569,  
233, 1296435.800122435, 67.64267937501745, 97.15356521844807, 77.25319577145237, 41.23701392320302, 0.189696532898, 0.818234236592, 0.542685875508, -0.879022983389, -0.10470948637, 0.465139245966, 0.437417215117, -0.565268659606, 0.699383673234,  
268, 1395647.4084291612, 69.32592953518255, 145.50326498577542, 69.61743835948015, 32.89245782726579, -0.39160296967, -0.639996683581, 0.661098600173, -0.294339268352, 0.767858784325, 0.568996733243, -0.871786389692, 0.0282335321869, -0.489071935821,  
291, 2819226.8278385834, 87.63558096120563, 124.07473015059124, 83.03671685151414, 65.32627599410137, 0.57305697448, -0.389807985176, -0.720871305223, -0.726260494634, -0.649084492496, -0.226351530888, 0.379672751109, -0.653252674158, 0.655064535577,  
300, 1178458.6234768108, 65.52523338586498, 128.1305785692004, 56.7306908972485, 38.703912534396615, -0.420316761273, 0.144613048099, -0.895779485427, 0.846263535962, -0.293700615809, -0.444497442034, 0.327371116464, 0.94489524001, -0.00106654218972,  
314, 1363618.533677243, 68.79149725275603, 125.80204268963976, 91.90821210728676, 28.15543718313828, -0.691725754704, 0.129434509763, 0.710466176508, -0.700430033449, -0.359772749399, -0.616410039691, -0.175821638377, 0.924018547688, -0.339523894603,  
317, 2183957.1603712193, 80.48565856219646, 122.6394058505332, 88.41464190450668, 48.08407609183045, -0.479627989972, -0.649834177109, 0.589637628969, -0.86459473324, 0.46468760136, -0.191157998513, 0.149776294816, 0.60148231512, 0.784720387214,  
318, 4342975.471060241, 101.2122133746282, 126.87281372848214, 116.10156193547901, 70.3869477957726, -0.83479980281, 0.542495135309, -0.0938526365909, -0.534863134549, -0.758730014326, 0.371820107929, -0.130501787456, -0.360593668173, -0.923548314895,  
327, 1501457.5551904114, 71.0353977843561, 133.1814727798234, 64.66423032551826, 41.62138467771393, 0.188399179729, 0.722432634285, -0.665279518697, 0.759686612184, 0.322105297061, 0.564910991992, -0.62240019308, 0.611832711225, 0.488138026718,  
351, 2675565.110515366, 86.12098167250554, 123.81619683279371, 88.49503812190555, 58.29489630666246, 0.816383326082, -0.515674786377, 0.259995729946, 0.211624220161, 0.686011085548, 0.696135029967, -0.537339235805, -0.513291637572, 0.669177286273,  
352, 1801401.061838905, 75.48151384159317, 131.90422905668737, 82.83157098761093, 39.3610963743841, 0.236654649161, -0.418124773592, 0.877021237336, -0.764115962594, 0.477429936091, 0.433805776626, 0.600101135426, 0.772808080854, 0.206509799833,  
358, 143155.74333180458, 32.45189451923152, 97.93634198624996, 26.725694210148657, 13.057116931160719, 0.234896922977, 0.115030430721, -0.965189844323, 0.637072350559, -0.768184613222, 0.063491890521, -0.734140487733, -0.629809812576, -0.253726908809,  
401, 1066970.6709185166, 63.39007867322202, 120.60146634736412, 78.15896933509904, 27.022931494441522, -0.758776244507, -0.624594316692, 0.184771616673, -0.622184005453, 0.611086187828, -0.489347253395, -0.192732130508, 0.486267015747, 0.852290276412,  
431, 2975189.45599148, 89.2226953834233, 146.65491180369565, 92.44719256516643, 52.388465380504286, -0.648809777143, 0.702565179513, 0.292314969887, 0.748908266951, 0.657619687557, 0.0816869281485, 0.134841687827, -0.271916375149, 0.952826953937,  
448, 1252404.7781270267, 66.86805672150177, 124.26874852734775, 71.36756567548687, 33.71268156838646, 0.439252668371, -0.897886441887, -0.0292750884691, -0.729220429553, -0.337328812699, -0.595354379548, -0.524685294679, -0.282858992431, 0.802929717938,  
460, 1968557.522425986, 77.74751201157545, 126.02077215853473, 80.01305337069482, 46.60757641021685, 0.590388516152, 0.672096635936, 0.446908840771, 0.333075137901, -0.707240745657, 0.623595606298, 0.735188650965, -0.219309460913, -0.641405494088,  
462, 3442219.2019258365, 93.66628693939708, 122.15950625067904, 97.18019808286357, 69.22211507154157, -0.95749928238, -0.211254321503, 0.196384153862, -0.153633500441, 0.949773942832, 0.272628327692, -0.244114464513, 0.230870243133, -0.94186360958,  
467, 1717830.789801988, 74.2957420052354, 109.95352205114798, 70.86716165068978, 52.63051129384013, -0.339861099867, 0.483026099273, -0.806957384388, -0.221775137477, 0.792672236587, 0.567878960466, 0.913953073847, 0.371963052956, -0.162275278589,  
504, 239131.88148689983, 38.50492577314538, 134.80118495274488, 51.36635505982994, 8.244729515594099, 0.59277736222, 0.798419194722, 0.105554669903, 0.560219624748, -0.502943285686, 0.658180844016, 0.578592231961, -0.331020907016, -0.745423495895,  
537, 1193458.0055882225, 65.80206318944525, 91.23484009119257, 69.6796890362435, 44.81791139485009, -0.703766206527, 0.686991867849, 0.180984253627, 0.702516126201, 0.635041119647, 0.321238025124, -0.105755467842, -0.353220823095, 0.929543345495,  
585, 1869019.2222434825, 76.41437281165472, 115.99292234780283, 97.6498608275179, 39.39327063899558, -0.16815409501, -0.865327164575, 0.472157916994, 0.983749219723, -0.11672571586, 0.136427929517, -0.0629418225573, 0.48742589745, 0.87089283007,  
590, 1691709.9967698737, 73.91724449729374, 112.18006327978664, 83.99842203580941, 42.85983532589812, -0.0432162138787, 0.357634253551, 0.932861243458, 0.81122252227, -0.532443684887, 0.24170589936, 0.583138386851, 0.767203664688, -0.267110761051,  
620, 1324089.4617367487, 68.1202510635192, 98.97064736299727, 74.91678023786531, 42.63273599024861, -0.915476434494, -0.402365728515, -0.00217218857049, -0.379871603683, 0.866051772696, -0.325041369251, -0.132666735098, 0.296742561029, 0.945697303513,  
621, 790078.8147397746, 57.34918746967561, 125.2917278982049, 82.01212735040349, 18.356138733852124, 0.372705306943, -0.78675838353, -0.492038616494, -0.892213479511, -0.449561046503, 0.0430113060156, 0.255040900946, -0.422972944066, 0.869510222731,  
622, 1055156.1884092705, 63.155238617748616, 112.36051469978642, 82.98307450568284, 27.016239633439472, 0.632730871872, 0.345636796257, 0.692955156452, -0.134115896374, -0.832425280977, 0.537662606037, -0.762669371432, 0.433132031445, 0.480345785051,  
628, 1333394.0525210558, 68.27944276213958, 128.82926733855854, 76.81327216190198, 32.16763271739935, 0.0251475055204, -0.843972544243, 0.535796554235, 0.744584558935, -0.341818642985, -0.573370604324, 0.66705429881, 0.413364681452, 0.619813038397,  
635, 2674677.6214211807, 86.11145846510531, 132.06760009780595, 100.26266530486244, 48.22223146958558, -0.177152177711, 0.782197167358, 0.597314571486, -0.239756788121, -0.622928541593, 0.744631932312, -0.954533283067, 0.0112970547551, -0.297890228225,  
637, 1042265.1340778598, 62.89699065924055, 101.1119822493697, 74.51654350799689, 33.02434969385066, 0.557931499323, -0.196037873876, 0.806400393148, 0.726027840604, 0.585984415315, -0.359869198009, 0.401990070438, -0.786251497305, -0.469268117664,  
679, 788261.7524988112, 57.3051888920585, 91.40971137618173, 73.60394009594158, 27.969740970440284, 0.328377837902, 0.717650614572, -0.614121804676, 0.522760740099, -0.679603745183, -0.5146454684, -0.78669511514, -0.152040602924, -0.59832637488,  
686, 1158004.0896539825, 65.14391092576001, 126.59458221765713, 81.28716100149242, 26.864849265007233, -0.558835788295, -0.534272246625, 0.634236334663, -0.822171481114, 0.456863979396, -0.339572319209, 0.108335669856, 0.711216191335, 0.694575346395,  
692, 219587.9194173422, 37.4259883589639, 108.11289094826049, 74.05119424793914, 6.548024369150921, 0.708747124611, 0.577518710605, 0.405153862448, 0.386316895488, -0.798271098002, 0.462084960104, -0.590285328986, 0.170983604464, 0.788877580737,  
698, 985645.9195861253, 61.73679877430795, 155.81443669007214, 60.340079410133605, 25.02757362981101, -0.0519072945397, 0.898548041124, 0.43579473444, 0.789641791217, -0.230221647008, 0.568738810714, 0.611368525798, 0.373643427671, -0.697580901847,  
701, 253681.7105192088, 39.270537844831466, 92.42016404810428, 51.84331250628973, 12.63982526414772, -0.23150220217, 0.457176342998, -0.858717952411, 0.958234241476, -0.0451926574943, -0.282391151017, 0.167910300024, 0.888227119104, 0.427619826522,  
714, 3569159.6796843885, 94.80380965002226, 135.26245966591716, 94.51418348648936, 66.65045239060085, -0.982955047032, -0.0784315627115, 0.166276473034, -0.183707011393, 0.454196627642, -0.871755216448, 0.00714908938019, 0.88744234371, 0.46086329547,  
722, 799156.4153713031, 57.567989213727294, 132.98582589833754, 47.85122716720629, 29.980905544143404, -0.966654020835, 0.226786133857, 0.118945590476, 0.215904095179, 0.471953413557, 0.854777981184, -0.137715016206, -0.85195541252, 0.505179719891,  
763, 1387194.992976399, 69.1856939034451, 126.73503294095369, 76.59751409645231, 34.114384967477, 0.1565747145, 0.744712001109, 0.648759118767, -0.312859021833, -0.585637743142, 0.747761771064, 0.93680499104, -0.320050729121, 0.141293805782,  
781, 2351649.203832536, 82.4950663869208, 90.9970333068824, 83.76207758688007, 73.65619071752177, -0.26411343119, 0.875246290691, 0.4052012168, 0.961452422594, 0.205594115419, 0.182593260537, -0.0765070882557, -0.437807024083, 0.895807833807,  
787, 2918298.603276704, 88.65033327893381, 123.78873126752124, 98.74048523262991, 56.998673551050246, 0.205182354754, -0.0283138210526, 0.978314125849, 0.53175055614, -0.835955707056, -0.135718097122, 0.821669974712, 0.548066039249, -0.156467470352,  
826, 1411203.8338047096, 69.58255626439579, 123.42613907362434, 84.36492995435293, 32.354302684881624, 0.0167023587523, -0.629907885777, 0.776490236029, -0.355135835345, -0.72969855199, -0.584310329942, 0.934665485436, -0.266000147856, -0.235890550202,  
853, 1720413.7409874918, 74.33296068321351, 123.09458814970996, 84.17458662422517, 39.63915075682875, -0.182908435652, 0.97426731512, -0.131710678599, 0.226503960493, 0.172127231241, 0.958680432754, 0.956682005709, 0.145517747903, -0.252158928053,  
861, 822044.4776570833, 58.112412100940375, 110.24403776775104, 59.48969233266398, 29.923326604967574, 0.14501957866, -0.661147270836, 0.736107062914, -0.521202684701, 0.581335155839, 0.62481773186, -0.841021452322, -0.474271781631, -0.260286753182,  
901, 290649.4128798154, 41.09228392943548, 107.57158409975754, 78.6167912597851, 8.204799306697753, -0.999248352119, 0.0358100119759, 0.0148449934027, -0.0284575501173, -0.937668627262, 0.346363556528, 0.0263229676929, 0.345680760951, 0.937982895836,  
951, 1254571.6745124485, 66.90659928305628, 142.9891381523978, 71.1409451876671, 29.44314441253987, 0.747967829491, -0.407840957947, -0.52365053143, 0.251807445583, -0.555602144242, 0.792400951326, -0.614114921163, -0.724549522348, -0.312875140064,  
959, 525553.6317343912, 50.06214772462025, 132.14836264046312, 103.98145542346, 9.130840444675432, -0.754991957434, 0.115042246786, 0.645563649584, 0.196170890454, -0.899776756697, 0.389767584396, -0.625702905498, -0.420912187471, -0.6567562748,  
972, 3417585.4564981144, 93.44231538734644, 114.96175496763654, 86.5008925823263, 82.04588420296601, 0.599749582374, 0.549563462024, -0.581618809574, 0.645433977812, -0.761880910013, -0.05433653691, 0.472985643257, 0.342808226514, 0.811644688954,  
987, 2805611.1535332277, 87.49427228762049, 121.09894826425293, 104.09102295067444, 53.135555126646786, -0.867815395298, 0.0887918343691, 0.48888899541, -0.490646045754, -0.308576723851, -0.814890706343, -0.0785041239036, 0.94704615286, -0.311352994017,  
999, 1187602.0796215157, 65.6942632872713, 148.85405223810184, 83.42344045872102, 22.83145461145621, -0.566737641196, -0.820424789559, -0.0755751991716, -0.822695449921, 0.558569452243, 0.105699402551, 0.0445044124902, -0.122079202563, 0.991522075181,  
1008, 707844.3840034981, 55.2861558671424, 132.8393122134058, 98.58547505294948, 12.903562496368721, 0.239568763591, 0.774110338509, 0.585969275069, -0.78300764692, -0.202789477995, 0.588026744698, 0.574025985802, -0.599691263425, 0.5575522901,  
1037, 600731.850788086, 52.3436515858162, 129.58506773061944, 50.43343440461993, 21.944139014571174, 0.531536414279, 0.83396482055, -0.148228601761, 0.570776238956, -0.2233502663, 0.790145014277, 0.625846247364, -0.504596211468, -0.594726103372,  
1065, 821988.1977614379, 58.11108588108314, 131.63935625310086, 54.416997123048674, 27.394075616744438, -0.696898532358, -0.428269550379, 0.575254402691, -0.696585961896, 0.213425308991, -0.684994624191, -0.170588491072, 0.878085889705, 0.447062341306,  
1074, 1966936.041013652, 77.72615952832479, 112.9344714832931, 83.75956066637919, 49.64102203205597, 0.283372780128, 0.752411257356, 0.594623550901, 0.830960130487, 0.11689340137, -0.54391285539, -0.478753724815, 0.648238561426, -0.592099348467,  
1113, 686136.3924318298, 54.71511064879576, 105.81711637948058, 70.80684226666285, 21.862040586432634, 0.185065975996, 0.918548092384, 0.34931359336, 0.949493220468, -0.0754739898238, -0.304575608257, 0.253403253361, -0.388037470919, 0.886122853982,  
1124, 786395.8030525884, 57.25993612799437, 117.34451632305804, 79.11319659698871, 20.222779466992474, 0.617180870707, -0.0822333474054, -0.782512267896, 0.65007366329, 0.613581137793, 0.448243705636, -0.443274187304, 0.785338057094, -0.432148274265,  
1146, 1012718.6577164454, 62.2969427482921, 113.93651253437893, 89.4254097188833, 23.72883089032094, 0.0234485784371, -0.999038690923, 0.037038604294, 0.0386864346952, 0.0379278094989, 0.99853134204, 0.998976237926, 0.0219812489496, -0.0395385982904,  
1167, 2040464.3879052158, 78.68285986489037, 123.07072184276096, 74.56453387295248, 53.082742815264396, -0.846804854558, 0.0205987934909, -0.531504682956, 0.0225413350014, 0.999741899922, 0.00283227049844, 0.531425842911, -0.00958244470579, -0.847050618464,  
1181, 403747.9762381049, 45.850131233348876, 119.2118844523346, 31.89645557716251, 25.34893806329373, -0.948505579322, 0.189536081934, -0.253797635215, 0.141118605421, 0.970168455356, 0.197126120634, 0.283588972281, 0.15115965691, -0.946957260347,  
1191, 796619.9207877596, 57.50701839858171, 147.86637006938005, 52.45588303022748, 24.51878465355187, 0.200028596772, -0.719942801292, 0.664583270435, -0.892041349872, 0.146751020478, 0.427465048988, 0.405278657951, 0.678340991579, 0.612864347594,  
1208, 1592418.6928029323, 72.44185331547186, 132.65770875640405, 90.14368710007263, 31.790755422049436, 0.105899889059, 0.260066543802, 0.959765912237, -0.91669279089, -0.348463393426, 0.195569912239, 0.38530447782, -0.900521324699, 0.20149889115,  
1245, 1834624.7020174055, 75.94273069404099, 126.87760971612316, 76.44430240551968, 45.15735720600194, 0.77953861756, 0.606327118606, -0.157120873775, -0.401805508017, 0.676516782915, 0.617152636032, 0.4804912876, -0.417962280209, 0.770996533626,  
1267, 376164.8265645132, 44.781282264196875, 119.62430594362215, 85.59729436485284, 8.770212302967092, -0.103585725094, 0.428630485048, 0.897522091563, -0.736256120032, -0.639752324596, 0.220553596412, 0.668727839463, -0.637959928571, 0.381851026272,  
1272, 1161121.1053172578, 65.20230815026186, 103.40010014534272, 71.4440384686098, 37.52338028888035, 0.654280219313, 0.562137867523, -0.505883793487, 0.644368496327, -0.764544097486, -0.0161729385239, 0.395861889497, 0.315393945561, 0.862450012202,  
1277, 593404.4096195906, 52.129959395579945, 92.14168009378346, 51.386330193449666, 29.919782347231116, 0.502840929026, -0.691735178146, 0.518317898023, 0.558143788417, 0.717714246271, 0.416367352407, -0.6600200842, 0.0799293689068, 0.746983791283,  
1298, 2363182.960217419, 82.62971326951813, 121.58090629626814, 87.97075971883103, 52.74788105674763, -0.958131797482, -0.139779336448, 0.249890367472, -0.277352462344, 0.236279408368, -0.931261323589, -0.0711271416879, 0.961578794631, 0.265154957396,  
1304, 2560130.3739245688, 84.86419402201471, 118.40990717810602, 86.13460641404345, 59.924960804968244, 0.395716693328, -0.067355646697, -0.915899293307, -0.692711232559, 0.632891904922, -0.345830861798, -0.602958909801, -0.771304773447, -0.203787878806,  
1308, 1328272.0722301658, 68.19190306860196, 148.58366039432215, 69.7625003712144, 30.591821827444313, -0.0460614846, 0.335860747158, 0.940784724661, 0.99351533511, -0.0825999684986, 0.0781314540047, -0.103950077139, -0.938282901753, 0.329878125586,  
1316, 2782886.3537699515, 87.25740383300692, 128.10586557824206, 79.0356077000398, 65.61680043093574, -0.790716564474, 0.500452570285, -0.352582670536, 0.591090818883, 0.774009139249, -0.226983471185, -0.159307747769, 0.387887969979, 0.90783476704,  
1320, 626537.376843185, 53.0826739654696, 114.34987466517944, 72.56972226990493, 18.024665805344302, 0.552789728361, 0.626525933434, -0.549444056254, 0.30237033197, 0.463602700245, 0.832853359644, 0.776527976678, -0.626528364131, 0.0668319562553,  
1337, 690570.6083059689, 54.83272469529418, 132.8812110883215, 50.880171782108036, 24.38413389087374, -0.735377073255, 0.0679261688319, -0.674245204446, 0.623482776278, 0.457634822593, -0.63390819275, -0.265499129596, 0.886541823457, 0.378884952783,  
1340, 178730.6199527416, 34.94379891142961, 111.82602071540079, 75.61336261154308, 5.046251940739421, 0.0359406918498, -0.734956910303, -0.677160694863, 0.0630386520792, -0.674581733929, 0.735503645534, 0.997363722527, 0.0691218073238, -0.0220857587351,  
1367, 312442.19441877847, 42.09466167708281, 88.24144993941628, 56.431167949557164, 14.979226769346813, -0.163325444772, 0.562925451127, 0.81020968617, 0.962468940044, -0.0895069670242, 0.256207030163, -0.216744869699, -0.821646785016, 0.52717949707,  
1401, 1596554.350590137, 72.50451182175493, 165.49304628518368, 69.39905692033963, 33.1865249966473, 0.609846730513, 0.703673174046, 0.364597078171, 0.438731835692, -0.682881002456, 0.584112928152, 0.660001016388, -0.19625901409, -0.725176570054,  
1403, 4093843.2563725756, 99.23865443106013, 122.95250110634527, 97.11385588946027, 81.8510086454158, 0.586519076454, -0.785290362988, 0.198278639176, 0.488672870563, 0.538336204042, 0.686580626725, -0.645905719538, -0.305799243321, 0.699494549123,  
1415, 1074166.975857158, 63.53227333112684, 132.0792696815813, 71.28123802948032, 27.237879492222195, 0.376074661472, 0.266129978592, -0.88754869359, 0.490216158568, -0.869979093487, -0.0531459760843, -0.786292545353, -0.415103856149, -0.457638308856,  
1417, 1271243.325491879, 67.20166378265905, 103.39578663876223, 73.00193533028938, 40.20711027265349, 0.844041799953, 0.536132402706, 0.0124694306638, 0.372017229667, -0.602103411055, 0.70645216627, 0.386259784035, -0.591636314948, -0.707650938014,  
1423, 1097597.2880327723, 63.990888259456014, 110.40599724067647, 73.20268291662387, 32.42162308842267, -0.930458988423, 0.366020544613, 0.0165840822397, 0.121295467725, 0.265002390932, 0.956588282549, 0.345736142704, 0.89207773973, -0.290970489752,  
1438, 966946.5963375798, 61.3438872885805, 120.13613198738368, 69.69432600937179, 27.570383828363582, 0.924221286852, 0.310742285061, 0.221932974576, 0.195249916751, -0.884034047296, 0.424689619876, 0.328165328664, -0.349174792185, -0.877715490102,  
1482, 1929916.4265122658, 77.23544108566972, 121.95972578491745, 98.8612960056978, 38.212649834798384, -0.80045297495, 0.260335667241, 0.539907746987, 0.572744390234, 0.0665952841212, 0.817024437571, -0.176745292297, -0.963218774991, 0.202412186283,  
1489, 599390.8499567502, 52.30467403141593, 102.92808776127912, 68.62638888549776, 20.25799447231952, 0.531415243771, 0.670104960517, 0.518225028899, 0.527586513547, -0.740434622109, 0.41642411206, 0.662759616611, 0.0521144152072, -0.747016585035,  
1499, 2607762.725186659, 85.38727514109146, 130.25725514394202, 86.08070414978805, 55.52284749737752, 0.234707158851, -0.281070345574, -0.93054393256, 0.53135750928, 0.838704216804, -0.11930814745, 0.813985102392, -0.466449029964, 0.346198722598,  
1511, 2394387.606381179, 82.99181875379043, 113.48679964970066, 75.110607024637, 67.05933242751763, -0.792182162169, 0.201720615129, -0.575982825589, -0.0565382470546, 0.915476933378, 0.39837847717, 0.607660142318, 0.348153382698, -0.713819566525,  
1546, 1977862.353417275, 77.86981656205718, 101.54958562826289, 87.42847093804791, 53.183438956353434, -0.687537263637, -0.317701995087, 0.652960912635, 0.636286071339, -0.69687810132, 0.33090927355, -0.349903624633, -0.642982390287, -0.68127901718,  
1548, 1793171.253341342, 75.36639107787742, 97.32816906632394, 76.35747276844982, 57.60272900950599, 0.643523308102, -0.595892836129, -0.480405536791, -0.68365602274, -0.729726879946, -0.01063594167, 0.344226952025, -0.335276614953, 0.876981982121,  
1561, 3228771.9376651202, 91.68879255330414, 111.91834853719371, 107.9287743131234, 63.81315578239868, 0.406190535874, 0.892477969492, -0.196194603741, 0.805203793166, -0.451088057896, -0.384923908708, -0.432037151224, -0.00162419038229, -0.901854346315,  
1577, 3160753.3088674583, 91.04036648528756, 108.0845837612275, 94.54778719514702, 73.8391805783978, -0.66178542395, 0.297500234644, 0.688137822703, 0.743812830746, 0.145815099299, 0.652288609156, -0.0937151293304, -0.943520835596, 0.317782798986,  
1579, 925753.6788783569, 60.46011177767506, 149.73897891647556, 66.49983694485178, 22.19480785176202, -0.404885710024, -0.794596830128, -0.452419539111, 0.209689589867, -0.562292314203, 0.799911013357, -0.889998785235, 0.229004870995, 0.394282806296,  
1591, 2539944.3914464153, 84.64056096735625, 104.92827650318466, 94.30925555436967, 61.27576515529809, 0.414741960337, -0.730034285064, 0.543174970858, -0.635183860131, 0.195162963165, 0.747297050468, -0.651560104799, -0.654951418382, -0.382763725286,  
1606, 1466431.2676081203, 70.47867016761823, 108.55897073369799, 88.69029633207839, 36.360619993335376, 0.0781817609912, -0.400233479907, 0.913072162433, 0.361894936278, -0.842007044809, -0.400070233319, 0.928934694876, 0.361714387402, 0.0790128761772,  
1658, 1208835.7511180053, 66.08347852675703, 94.83804015578438, 89.20374793821297, 34.1124579969251, -0.352244289543, 0.847346276391, -0.397401872631, -0.380488656752, -0.517594862587, -0.766370628551, -0.855074466095, -0.118742772873, 0.504725481151,  
1681, 1482458.5424308705, 70.73450454539858, 143.1242568136268, 92.24221964474242, 26.807169364238764, 0.809395587587, 0.586944514696, 0.0193628371497, 0.520055935194, -0.701060581859, -0.487909709714, 0.272801405905, -0.404981724565, 0.872679320085,  
1686, 1463471.2040809125, 70.43121667194382, 99.39050873882292, 81.33520631182127, 43.218738474776806, -0.83448857946, 0.5257301551, 0.165035192519, -0.221511871134, -0.594303710805, 0.773133617346, -0.504540683888, -0.608613919773, -0.612395129765,  
1691, 363337.1906069826, 44.2663535313724, 120.5231598278844, 51.54920832313392, 13.961392455214366, -0.195800182103, -0.629105336217, -0.752255784046, 0.263093157985, -0.772680893541, 0.577707734912, -0.944692690196, -0.0847980701392, 0.316804369274,  
1703, 1852075.0612642874, 76.18275222373975, 103.88720636755859, 75.99646575769208, 56.00341508074724, -0.922537679761, -0.241986387109, -0.300610741452, 0.0572520159413, -0.856174097096, 0.513505717722, -0.381636523531, 0.456517802409, 0.803707073498,  
1714, 1088632.693289771, 63.81619720921285, 146.54556476238088, 95.43436434763068, 18.58297742365848, 0.135392559178, -0.9481180486, -0.287647389764, 0.850984185467, 0.259968392353, -0.456335787619, 0.507439425945, -0.18299890955, 0.842031251261,  
1717, 1224972.3432719847, 66.3762263513549, 139.28937935554694, 108.00185369562801, 19.439650893943046, 0.0204831569092, 0.994265435008, 0.104960397446, -0.985388657003, 0.00232190188465, 0.170305030521, 0.169084697511, -0.106915169741, 0.979785441588,  
1722, 481226.1857731833, 48.613125849541646, 102.81598534254682, 55.12371222561156, 20.27036380124022, 0.132964898712, 0.540902185614, 0.83050897726, -0.408409428861, -0.733598155865, 0.543171689366, 0.903062608089, -0.411410465726, 0.123366748206,  
1726, 940653.9040577258, 60.7827601685051, 140.28506281543758, 68.29660914453363, 23.438546712212467, -0.809484154412, -0.247424629286, -0.532462633974, -0.0301857637285, -0.888135638054, 0.458589040522, -0.586365264509, 0.387293352953, 0.711463024573,  
1739, 11310.627906272395, 13.925133539644365, 109.63510044245068, 75.09907090284838, 0.3279547482014714, 0.876859869679, -0.402726728204, 0.262541332624, -0.230939214931, 0.126110871999, 0.964760657868, -0.421644219636, -0.906590993973, 0.0175761683428,  
1746, 2293227.304464653, 81.8061897000746, 120.1910145469755, 77.37494778408124, 58.868927635535464, 0.778057722152, 0.22315044793, 0.587222324669, 0.260620869668, -0.965202480831, 0.0214693570246, 0.571579341206, 0.136337993921, -0.809140907457,  
1755, 2840987.043529079, 87.86047521698931, 129.58276157442552, 93.0123712591193, 56.27204474386392, -0.269239044772, -0.26405216474, 0.926167798548, -0.96244244706, 0.0389661044596, -0.26867485703, -0.0348550264246, 0.963720964283, 0.264626208327,  
1762, 1228688.7190830016, 66.44328363665585, 120.67610266294888, 65.77797754960571, 36.95315039366638, -0.923840967058, 0.0539738403516, 0.378952097426, 0.359758621999, 0.460564842232, 0.811451637497, 0.130734851829, -0.88598354988, 0.444906223669,  
1771, 2374171.7232845225, 82.75759088043549, 115.9371900244125, 77.49640677869105, 63.08399408991726, -0.96378077159, 0.239460183934, -0.117411433102, 0.209686085897, 0.952414290611, 0.221221075896, -0.164797966292, -0.188589075372, 0.968130048576,  
1772, 2942800.8711253894, 88.89774721953127, 99.97775822858564, 88.40914026201463, 79.48253407035946, -0.929880958682, 0.357445388687, -0.0869148824183, -0.166324579833, -0.197791455803, 0.966030369168, 0.328112079667, 0.912749327098, 0.243374462627,  
1797, 1701063.0479465, 74.0532176774928, 121.84957128361613, 92.40455112192014, 36.0673665903546, -0.892706005258, -0.14137466346, 0.427889229484, 0.317059359537, -0.871787787985, 0.373442653229, -0.320233275452, -0.46904078421, -0.823074353896,  
1804, 1677502.7315977786, 73.70973936917618, 119.52167710626175, 74.82011536307935, 44.7826278855343, 0.622665678117, 0.265193070525, -0.736179386183, 0.481574890652, 0.611662597387, 0.627657941598, 0.616743932268, -0.745346565232, 0.253150982041,  
1809, 1803018.373447788, 75.50409637757276, 107.2106675405603, 90.05471432788215, 44.58277427511907, -0.145279636823, -0.879408057147, 0.453360007224, 0.973315318644, -0.209296984392, -0.0940854017206, 0.177626342689, 0.427593546899, 0.886347923241,  
1813, 1115632.7750134005, 64.3394807652496, 123.35623254108557, 60.254089053515884, 35.83315376438487, 0.687378589831, -0.428292588566, -0.586580031045, -0.579272317596, 0.163899225192, -0.798486459528, -0.438125845287, -0.888652070588, 0.135437222101,  
1833, 509881.8280986957, 49.55950670959327, 107.33144309958934, 48.351309910890215, 23.455554917082154, -0.531408459884, -0.783322514729, -0.322507188575, 0.295456416198, -0.528191882794, 0.796064596046, -0.793921000409, 0.327748642819, 0.512123297888,  
1847, 2811314.951952593, 87.55352401060584, 106.21059656640625, 96.18138021362108, 65.69949629667627, 0.591786265169, 0.609949246426, -0.527020809021, -0.593453964235, 0.772124162474, 0.227237034961, -0.545528559006, -0.17828683212, -0.818909272631,  
1852, 3219781.731142345, 91.60361389042902, 111.76277749979504, 95.22646326429965, 72.2242401663133, -0.78213023204, -0.0195844718716, 0.622807152007, -0.608579940661, -0.190614534115, -0.77025746034, -0.133801180689, 0.981469585798, -0.137166673068,  
1858, 2468154.6276907693, 83.8354921858161, 122.70632628316727, 99.07176554657318, 48.46931684704866, -0.565961324052, -0.78396364447, -0.25512503567, 0.0694368393379, -0.353683706414, 0.932784198601, 0.821502468054, -0.510204703983, -0.254607256406,  
1859, 2515383.6998231835, 84.36685844556702, 100.72527590372113, 81.13356224256661, 73.48126476659554, 0.185616739918, 0.124216336351, 0.97473931266, 0.917617838465, 0.332893802063, -0.217161734839, 0.351459710909, -0.934747034406, 0.0521924637863,  
1861, 272967.7097631228, 40.24150570488162, 115.8335887301875, 36.453871861359865, 15.432791621607802, -0.317155554344, 0.947832142847, -0.03204033917, 0.933234800223, 0.317927087498, 0.167317586308, -0.168775478081, -0.0231645423128, 0.985382282151,  
1869, 3168642.6194410934, 91.11604981109893, 112.52031298977175, 107.98740072112622, 62.25591646895666, -0.860455240508, 0.218053431442, 0.460510021734, 0.336246040521, 0.922063767605, 0.1916690082, 0.382825520721, -0.319767273977, 0.866714203863,  
1871, 2374031.2964121723, 82.75595920700171, 130.11556830154504, 84.77597358890266, 51.3801989571547, 0.221138233684, -0.224198338482, -0.949122219013, 0.626628238317, 0.77839762047, -0.0378707722455, 0.74728504103, -0.586372108365, 0.312622484771,  
1896, 766449.9724103367, 56.77167848187314, 124.78002949288941, 61.89414900442064, 23.691934514702865, -0.402794084067, 0.890562214852, -0.211319349137, 0.882023780781, 0.315988255655, -0.349550386103, 0.24452193353, 0.327185518883, 0.912775251777,  
1908, 2851286.4922513114, 87.96652088723674, 114.20118208307609, 85.73919783323409, 69.51879442566977, 0.133624328234, 0.382843098791, 0.914098299206, 0.736619312575, -0.655410794376, 0.166819300315, 0.662975510291, 0.651051343846, -0.369588447371,  
1913, 922596.3484437411, 60.39129938413883, 89.82280277065937, 55.041054296041814, 44.55021205740539, 0.201331442752, 0.880546628812, 0.429072586688, 0.868914574027, -0.362758420762, 0.336739945968, -0.452164918148, -0.305031084735, 0.838154475107,  
1917, 706222.4765823424, 55.24389723749607, 71.03945780458885, 60.31469438120356, 39.34867896194872, -0.862021311024, 0.477102698038, 0.171149860836, 0.27373882422, 0.154013453908, 0.949392917674, -0.426598541318, -0.865247289241, 0.263364411047,  
1929, 918936.011733958, 60.311327439275445, 110.12691694190536, 65.08286186083032, 30.60811180542074, -0.0255378172782, 0.603182646199, 0.797194151517, -0.666418424758, -0.6046814651, 0.436172911708, 0.745140458592, -0.52012596656, 0.417414273689,  
1932, 1906136.8512306032, 76.9169089134991, 128.106913653773, 74.7749627397026, 47.50471257025203, -0.253123484493, 0.743993858552, -0.618386319411, -0.0467891697544, 0.629039933837, 0.775963617209, 0.966301855111, 0.225348397101, -0.124413924994,  
1947, 2337503.957589675, 82.32933013834284, 123.72351191642784, 102.31440946115725, 44.08336161078311, 0.0739727469662, -0.513416864217, 0.854945118849, 0.189798059654, -0.834376465357, -0.517486821677, 0.979032547599, 0.200546846386, 0.0357244054754,  
1961, 347543.37601778965, 43.615427680803116, 84.58063333098772, 49.6612055848551, 19.75296140050331, 0.558094748141, 0.79904189865, 0.223746053149, -0.407624591395, 0.0291393701107, 0.912684550981, 0.722753377431, -0.600568848103, 0.341971656868,  
1963, 1098876.194142767, 64.01573239666808, 92.2227727081582, 73.06142254738184, 38.93443318188489, 0.568245287148, -0.270765118525, -0.77703509845, -0.766940247295, 0.167892158284, -0.619366515292, -0.298160947665, -0.947891593895, 0.112256739266,  
1964, 2467906.6817296254, 83.83268477556766, 115.49645634319508, 85.47529083844154, 59.6802835516688, 0.30017812924, -0.498608903906, 0.813192628884, -0.439794525265, 0.684146754533, 0.581828148003, -0.846447792999, -0.532289751176, -0.0139195732852,  
1970, 1014933.1356965157, 62.3423172376618, 102.63811920008632, 84.9382362606168, 27.793094145044574, -0.264006882368, -0.194233946636, 0.944761102097, 0.478555364052, 0.824066338091, 0.303149194231, -0.837427686191, 0.532153966818, -0.12460748774,  
1971, 1715530.394333318, 74.26256335224728, 127.64327067784755, 86.30757404150796, 37.17602694749837, 0.325882590935, -0.92315738849, 0.203914131443, -0.271197340841, 0.11534259515, 0.955587823313, -0.905677944551, -0.366710405935, -0.212769685184,  
1976, 2120720.6801595255, 79.70121720528951, 100.58584932792607, 85.69792441679435, 58.73374200439415, -0.132367423733, 0.957457046997, 0.256427120815, 0.991044662418, 0.132431582381, 0.0170983356145, 0.0175881274489, -0.256393992018, 0.966412323302,  
1980, 1000208.7509050166, 62.03936541382184, 110.52491315393955, 70.01154241442235, 30.858315330824485, 0.384369665076, -0.919364832588, 0.0838347491818, -0.590973511211, -0.175272256707, 0.787419802313, -0.709232169051, -0.352204401775, -0.610689601806,  
1982, 953487.4576708816, 61.057936811862376, 107.97046603283952, 81.07244088094822, 26.004478617800174, -0.639945205819, -0.0488702659699, -0.766864936383, -0.53059514997, 0.749970124305, 0.394985568695, -0.555822741868, -0.659663936981, 0.505870111658,  
1994, 1836841.6666330514, 75.97330816956692, 120.76671329496261, 71.96369381670507, 50.457115439108044, -0.121506366336, -0.975084665254, 0.185596601602, -0.968525299145, 0.157393372279, 0.192836903312, 0.217243982324, 0.15632409267, 0.963518463858,  
2004, 354008.3236478618, 43.88421034824954, 138.23062522940512, 47.54516614987169, 12.859208037638682, -0.872465912975, 0.387191387243, -0.298137653343, 0.471676946046, 0.826745849997, -0.306614021337, -0.127765759359, 0.408134939887, 0.903936823887,  
2012, 489119.10290564096, 48.877464825247564, 97.98639585521015, 74.72354986238925, 15.947871815537802, -0.309392630423, -0.94869013332, 0.06529342372, 0.528045819724, -0.114294178608, 0.841489425369, -0.790850056909, 0.294828546239, 0.536313635675,  
2016, 1771966.3513251834, 75.06813397859503, 139.29655560469257, 96.13140509663167, 31.590841415044522, 0.178946725976, 0.950186266137, 0.255194296386, -0.856381512211, 0.0227392973816, 0.515842640635, 0.484343653623, -0.310852029107, 0.817791074294,  
2018, 1656207.3361995043, 73.3965024252257, 97.73214601678262, 78.70222601027095, 51.4045596818659, -0.719448603614, 0.454307903521, -0.525355151832, -0.158972130075, 0.62860773061, 0.761301637248, -0.676107660523, -0.63123422738, 0.380028658875,  
2031, 665630.11826385, 54.16450581464383, 107.0992122151754, 51.750965543121694, 28.67078750199932, 0.902627050822, 0.402198057327, 0.153300782149, 0.268114869314, -0.804008350889, 0.530740038581, -0.336717721508, 0.437958096606, 0.833554966178,  
2039, 1873943.426152839, 76.48142223466667, 138.81314064314572, 84.41070326402604, 38.18033787952549, -0.369843126201, 0.74211052285, 0.559006291447, 0.89458795246, 0.121988969683, 0.429919860658, -0.250855451037, -0.65908319896, 0.708999915045,  
2050, 1057383.9901636338, 63.199654932151084, 109.04637569959208, 76.18939154600139, 30.3835405432514, 0.315516548512, 0.400045150009, 0.860472652424, 0.892983184371, 0.181558608791, -0.411846456831, 0.32098339528, -0.898331981802, 0.299948846349,  
2051, 217500.54958009694, 37.307021988793714, 95.17535696924769, 27.023712057391005, 20.18841530517216, -0.44171105825, -0.897123887598, -0.00775056902884, 0.34901816869, -0.179789485116, 0.919707594274, -0.826485123244, 0.403539925339, 0.392527540071,  
2054, 1275417.34288006, 67.2751337119671, 111.49866606466944, 84.907309426958, 32.162437714619294, -0.94198527287, 0.266731973639, 0.20375917141, -0.162642685967, -0.893742888552, 0.418056223329, 0.293617271966, 0.360662866679, 0.885274643375,  
2060, 2384146.4662327548, 82.87332700929159, 144.9510470242539, 80.08971705008922, 49.02822908675659, 0.295799025854, -0.512002871003, 0.806446524197, -0.872563348563, -0.488399190191, 0.00997164807153, -0.388762316909, 0.706625283376, 0.591222944282,  
2065, 2917570.303153198, 88.64295804320726, 117.78203210618123, 97.64246301772876, 60.56405589933407, -0.323915849115, -0.863008751788, -0.387678239046, 0.0732728781701, -0.43142372486, 0.899168868985, 0.943244193206, -0.262848747317, -0.202980117296,  
2074, 4361469.62022877, 101.35567746152189, 115.01464904893228, 102.78142459395612, 88.07982659769623, 0.110484111457, -0.530032082072, -0.840749221284, 0.0189174333506, -0.844653338406, 0.534979316082, 0.993697837288, 0.0750115317432, 0.0832939269964,  
2078, 3700651.8228261597, 95.95402693865547, 146.71034532091812, 100.18293723457775, 60.1083929862466, 0.00151207034414, 0.174588248593, 0.984640369423, -0.999986072632, 0.00524283137836, 0.000606020792465, 0.00505649931644, 0.98462757232, -0.174593744568,  
2079, 890762.1624134082, 59.68855298587354, 146.26368325322062, 65.11444911692993, 22.328485936194546, 0.346140346072, -0.670987072633, 0.655715799093, 0.414696803365, 0.736361890471, 0.534600530808, -0.841554170627, 0.086876433056, 0.533140753722,  
2084, 2281762.11853934, 81.66962951919493, 110.51991935642621, 88.43632187137102, 55.73275675379051, 0.244927563995, 0.937305844465, 0.247927897437, -0.880896727762, 0.108314201753, 0.460748292148, 0.405007954755, -0.331248830383, 0.852198784882,  
2090, 826230.617063894, 58.21088807399047, 138.0564501008892, 61.119432444617246, 23.376347803002574, -0.868477594798, -0.329799860607, 0.370106362113, -0.463983077617, 0.277908702895, -0.841122141274, -0.174546185918, 0.902218823124, 0.394379036186,  
