# Void_ID, Void_Volume, r = (a*b*c)**(1/3.0), a, b, c, vector_a, vector_b, vector_c 

0, 2243891.0088107064, 81.21527446875443, 115.87651775486474, 90.09018605942327, 51.314515130261505, 0.397235490803, -0.917611888135, -0.0138703857516, -0.431280715806, -0.20000042551, 0.87977086447, -0.810062287124, -0.343494181246, -0.475195579135,  
1, 2463629.0520346467, 83.78422095335105, 118.11079567742533, 77.33162501891306, 64.39319527562455, 0.696753401002, 0.703013139481, -0.142503417186, 0.389238388812, -0.203676237078, 0.898337056524, 0.602518194636, -0.681387199885, -0.415551812613,  
2, 1382225.9981899124, 69.10298631598849, 106.94203530948039, 70.69031774686954, 43.64978098474254, -0.956403688161, 0.292047420644, -0.000537928875876, 0.255017159075, 0.834235621182, -0.488893829915, 0.142331422566, 0.467717043144, 0.872343128421,  
3, 3571089.0541398153, 94.82088921646616, 116.79169016990586, 90.39881640279545, 80.74904291895227, -0.584512371005, -0.26092774625, -0.768285102927, -0.778776035211, -0.0853245769469, 0.621472126124, 0.227712922609, -0.961580172323, 0.153331004925,  
4, 3216777.131281058, 91.57511114441577, 116.70012819265328, 91.1794779257338, 72.17120042918191, 0.745185233245, 0.108843635199, 0.657914911846, -0.455046821849, 0.804195625303, 0.382363421588, 0.487474469156, 0.584313665183, -0.648803654892,  
5, 2188896.209079677, 80.54628601764605, 113.144405586897, 80.51062008643024, 57.36543657185531, -0.158290352066, 0.0952554179414, 0.982787143687, -0.512520896711, -0.858674484781, 0.000677953253815, 0.843958822975, -0.503591634699, 0.184740278726,  
6, 2692608.702502713, 86.30346089960965, 134.8266478374399, 119.17075909038695, 40.00729542622613, 0.811406257095, -0.582244405358, 0.0511012561182, 0.0402386886452, 0.142869798335, 0.988923186431, 0.583095818784, 0.800362213722, -0.139354199661,  
7, 2799429.121495414, 87.42996186007652, 127.88411317535784, 92.37440510318524, 56.573443762987175, 0.578656317475, -0.112585807558, 0.807763147329, -0.595886519307, 0.617865674051, 0.512992460898, 0.556844791979, 0.778181498602, -0.290443510652,  
8, 2335527.7436647993, 82.30612215750044, 96.43330172634822, 87.48522130799233, 66.08983840132097, 0.843884410517, -0.190672515843, 0.501500840865, 0.22285375147, 0.974842133046, -0.00436131797619, 0.488052565962, -0.115441792001, -0.86514616425,  
9, 2645878.758279526, 85.80128197792965, 113.42482248674646, 97.52997769340935, 57.09986707695655, -0.474833497265, -0.212511578808, 0.854032773813, 0.741404835806, 0.426265397685, 0.51828243283, -0.474185638035, 0.879281888594, -0.0448479773525,  
10, 1117990.408622103, 64.38477111456393, 124.24227021265898, 85.93526770499231, 24.998195246159877, 0.274225973878, 0.573792109723, -0.771727108549, -0.905756985348, 0.423743023735, -0.0067921520148, -0.323116695241, -0.700859803852, -0.635917554877,  
11, 3394921.839109334, 93.23530379203946, 121.0867467202327, 92.02775937901094, 72.73203037297974, 0.876675134076, 0.126046979645, -0.464276715134, 0.224626797396, 0.746158970396, 0.626729281899, 0.425421568781, -0.653726968864, 0.625825486054,  
12, 3237498.6479535545, 91.77132359526563, 132.11421503967932, 94.80568144342297, 61.70737519135582, 0.256409468436, -0.0148104369708, -0.966454776724, 0.344782952286, -0.932704658446, 0.10576736702, -0.902983333351, -0.360336885526, -0.234047919497,  
13, 950990.2031827344, 61.004585116490894, 88.3142421251256, 65.77476929560791, 39.08385144121604, 0.840299570903, -0.0104396215419, -0.5420218127, -0.443380332335, 0.56207585677, -0.698200982622, -0.31194632878, -0.827019797549, -0.46768337839,  
14, 1600615.4868765434, 72.56593605751894, 97.9876551127873, 89.00599776749156, 43.81348179809437, -0.503134137483, -0.027995473309, 0.863754764487, -0.557934354586, 0.773795988157, -0.299915029109, -0.659973708319, -0.632815946533, -0.404942813421,  
15, 1922717.0968277727, 77.13928212751452, 93.99484357929869, 77.53204661595218, 62.98563339741261, -0.350736464372, -0.79300222819, -0.498127893864, -0.127681418532, -0.48645717381, 0.864324518575, -0.927729156555, 0.366751801814, 0.0693666198163,  
16, 1327030.385469571, 68.17064753840687, 105.12029392920986, 68.77388734405741, 43.820983292911166, 0.465337046405, 0.198440726246, 0.862602290404, -0.392122599853, -0.827478763134, 0.401893970154, 0.793537207652, -0.525262005792, -0.307243430107,  
17, 1523219.6682439772, 71.37694840126932, 108.44828686477503, 83.50727987971727, 40.15382261627488, 0.671632771257, -0.43014030193, -0.603231913305, -0.626099680254, -0.764840690874, -0.151716538222, 0.396116915771, -0.479581107051, 0.783002778284,  
18, 2664903.850835287, 86.00644133688006, 125.47421222268335, 83.91988080995624, 60.41900919382992, -0.396456520609, -0.34479979074, -0.850843893774, -0.0699323042239, -0.912756009852, 0.402474768533, -0.915386093456, 0.219065220392, 0.337755427968,  
19, 1523317.3995416646, 71.3784749074265, 100.66592035635624, 71.1149457640483, 50.799383498560154, 0.371004033943, -0.883782047718, -0.285105767969, -0.505820470822, -0.449799260565, 0.736088497731, -0.778782163442, -0.128879468209, -0.613912391615,  
20, 168526.17338481336, 34.265698041787715, 114.07978832365703, 29.327713490779562, 12.025187002342813, 0.0219009997756, 0.97825523941, 0.206245079395, -0.622059362345, -0.148164130823, 0.768823477826, 0.78266371829, -0.145134685391, 0.605287887843,  
21, 3777787.216022591, 96.61612780307273, 118.02065139860682, 97.53987226905288, 78.34453251518879, 0.497200984403, -0.867440453119, 0.018391340391, -0.668119024092, -0.369258026418, 0.645960896318, 0.553541462543, 0.333459997929, 0.76314892323,  
22, 2758396.87937159, 87.00069350492545, 130.42291414488645, 81.85447057140071, 61.683902194469205, -0.331740159509, -0.933950716697, 0.132983176942, -0.922176017805, 0.350761941049, 0.162964575587, 0.198846319437, 0.0685720022482, 0.977628775024,  
23, 3167631.150172356, 91.10635366215915, 124.90192931531296, 86.78264780116463, 69.76602068153898, -0.456440012985, 0.788163167132, 0.412869636233, 0.186742564732, -0.368831317043, 0.910544163721, 0.86993662359, 0.492709124682, 0.0211657598829,  
24, 2218390.540555567, 80.90644741240183, 102.2723714297411, 93.07628802434235, 55.635502418146665, 0.365559016758, -0.180633102083, 0.913092704876, -0.124240540684, 0.962741247762, 0.240194874857, 0.922459155365, 0.201248533632, -0.329496789657,  
26, 2730194.4482939155, 86.70317274181944, 122.55713167970114, 107.19694655125356, 49.61168377226447, 0.197169662921, -0.561840688686, -0.803404732722, 0.124463003482, -0.798515459019, 0.588966911186, 0.972436673922, 0.216120573396, 0.0875146443002,  
27, 3925400.750895932, 97.85847960149042, 122.43482211921335, 91.13259389295219, 83.98789673807445, 0.181412186207, -0.867838056978, 0.462543755289, -0.885212371131, -0.34898310777, -0.307587139667, -0.42835578284, 0.353649398915, 0.831530772705,  
28, 2826117.651051815, 87.70692321120336, 134.82112609983082, 92.88564491761815, 53.875966864385354, 0.360989518223, 0.84554154776, 0.393377755783, -0.220016599883, -0.332695074813, 0.9170096417, 0.906244593644, -0.41758050506, 0.0659337416265,  
29, 730804.3979675657, 55.877570390763395, 108.12909755989517, 51.284487024652634, 31.461827729582605, -0.573291324928, 0.238115152305, -0.783988667651, 0.800326667368, -0.0422578725676, -0.598073154142, 0.1755399734, 0.970317188577, 0.166343834541,  
30, 549635.2705307844, 50.81539762336197, 103.39729271195488, 47.8695755763639, 26.51045857087464, 0.516350416475, 0.793810768365, -0.32132026303, 0.751219934506, -0.239711342675, 0.614985432505, -0.41115794703, 0.558930171149, 0.720101525045,  
31, 1352784.2220164025, 68.60882368898118, 110.18391623733598, 75.15318092855526, 39.000874796451676, 0.583805296387, 0.0689957581473, -0.808956711616, -0.75364844827, 0.416639800237, -0.508355479245, -0.301969191029, -0.906449591657, -0.295235068129,  
32, 2461672.966412475, 83.76204059788871, 125.57752851109619, 75.71829337778321, 61.80576678107055, 0.655929562706, 0.753341213759, -0.0472591199735, 0.314976658677, -0.216275130619, 0.924129196793, 0.685963638437, -0.621049179637, -0.379146150204,  
33, 2791327.717886839, 87.34554110322033, 115.46766533858153, 98.4176794647703, 58.6392913400054, -0.582639989363, -0.513854704798, -0.629669742922, 0.0576895359588, -0.798952583243, 0.598620653811, 0.810680307048, -0.312454976093, -0.495145764073,  
34, 2805666.800190633, 87.49485073931838, 114.46504349962463, 98.34009398457454, 59.503702153679434, -0.836555559277, -0.342259467503, 0.427823857619, -0.547851474477, 0.530819640402, -0.646598230184, 0.00579294030589, 0.775299275292, 0.631567475077,  
35, 2039093.2248937124, 78.6652313284759, 107.48094092180196, 78.33626431912548, 57.816813904945924, 0.616888676764, -0.587510394571, 0.523717382519, -0.70009917393, -0.105592436122, 0.706195004299, 0.35959631136, 0.802297808613, 0.47645432011,  
36, 655044.052982568, 53.87582905723333, 127.75739972669984, 46.412445326042125, 26.37311231162699, -0.947691848572, 0.03977326258, 0.316698986002, -0.075963955194, -0.991801566412, -0.102757629272, 0.310015544227, -0.121440275222, 0.942943594226,  
38, 1907967.3684594885, 76.94152286504831, 103.58631296708657, 69.43197261193355, 63.33159915125211, 0.125410186514, -0.687832830404, 0.714953342909, -0.608573162664, 0.515799692313, 0.602983733691, -0.783524722522, -0.510721719559, -0.353910065366,  
39, 2794904.9277213346, 87.38283756579987, 107.24454128981269, 85.06470857699591, 73.1398079458477, 0.203880649095, 0.903950559896, 0.375906991407, 0.3423578439, -0.425560613175, 0.83766895086, 0.917182526897, -0.0420897823432, -0.396238138721,  
40, 2035664.157777593, 78.62111045738641, 118.2557361556207, 87.20759965624691, 47.1238724513403, 0.334805709603, -0.127259331324, 0.933654218332, -0.846050573758, 0.395630181133, 0.357316647276, 0.414853665117, 0.909550340755, -0.0247914132521,  
41, 1333203.6612418375, 68.27619280283191, 127.2662139563734, 60.12787806519335, 41.59286975972481, -0.821568560629, 0.528334922121, -0.214213235475, -0.0128910813206, 0.358428560333, 0.933468150051, 0.569963963955, 0.769669524669, -0.287662827956,  
42, 2832069.909537011, 87.76845499678993, 117.81644952929528, 94.66064142432452, 60.623357692529744, -0.8461301061, 0.422367355786, -0.32506870092, -0.207235955619, 0.30119695951, 0.930770460576, -0.491036762626, -0.854918831439, 0.167322112709,  
43, 1585138.8852102275, 72.33129436436349, 114.21539111934021, 69.62521756731444, 47.586910945625085, 0.203750537916, 0.381432528165, 0.901662323021, -0.844307124538, 0.534688929103, -0.0354009681935, 0.495611942706, 0.754066956943, -0.430989357983,  
44, 1611846.7591025466, 72.73526860990656, 127.06104210748241, 102.8455599576152, 29.44673723704066, -0.983526784189, -0.160980683676, 0.082220947853, -0.151033420079, 0.981755462923, 0.115521067517, 0.0993175251492, -0.101199953085, 0.989896256531,  
45, 2530446.3327827933, 84.53492542877657, 116.22194846477466, 90.49167784710176, 57.439642575860276, -0.909168219225, -0.0745793374646, 0.409696316281, -0.415107463944, 0.240627578074, -0.877373445033, 0.0331503020929, 0.967748051454, 0.249729386292,  
46, 1577244.432190517, 72.21101750533397, 109.07823809844176, 68.8842655925811, 50.11321282182741, -0.371805451788, 0.598099552462, -0.709956077068, 0.161912159676, 0.794841612834, 0.584817290319, 0.91408159295, 0.102487735127, -0.3923660352,  
47, 613150.7305852476, 52.70189283835685, 106.72238982251524, 59.31170230696664, 23.125051578490872, -0.233993860022, 0.148907780325, -0.960767061483, -0.131461858911, 0.974280055537, 0.183019542766, 0.963309219889, 0.169129673154, -0.20839985733,  
48, 481848.7525903609, 48.634080567554065, 112.30624781598442, 84.0417660672198, 12.187736101632863, -0.641882732202, -0.630436854993, 0.436504215292, -0.760630584261, 0.595565725763, -0.258345854588, 0.0970962017117, 0.497846199306, 0.861812908611,  
49, 1284670.3778104172, 67.43743347803958, 127.73487195313372, 61.39897324530706, 39.10502026367214, 0.346654466285, 0.757079909016, -0.553769530011, -0.438835614606, 0.652681885532, 0.617599918759, 0.829007831301, 0.0289200218374, 0.558488717862,  
50, 3023945.9575226386, 89.70744180384234, 120.08341611095736, 102.1294689117254, 58.86420845346576, -0.234984512101, 0.681680758891, 0.692887885613, 0.613927314105, -0.448570556756, 0.649521137922, 0.753575166834, 0.578010206285, -0.313095303961,  
51, 2689928.508119792, 86.27481620753734, 112.74130789065455, 93.57979593535352, 60.86771042937182, -0.61563077625, -0.777765220125, 0.126806978109, 0.653845185774, -0.414321516909, 0.633106747449, -0.439869549268, 0.472672130541, 0.763607121914,  
52, 1823906.8504307915, 75.79455632092723, 107.65776993060979, 80.61953568194049, 50.16818314760977, 0.575538069183, 0.807242885172, -0.130823756481, -0.481630547856, 0.463885847241, 0.743533412902, 0.660899346567, -0.364923067328, 0.655776797881,  
53, 1888881.3321830877, 76.68410533302875, 106.8426725999221, 69.07114611931223, 61.10470611122288, -0.230038130115, 0.321295674712, 0.918613927668, 0.97146565618, 0.131842945311, 0.197159622224, 0.0577662319788, -0.937756112848, 0.342456618069,  
54, 1151750.6815749656, 65.02643668398703, 108.10149715868391, 59.51160723294552, 42.74019314258205, 0.622970433677, 0.267187201792, 0.735199862597, -0.544649567992, -0.526462372664, 0.652835521594, 0.56148436029, -0.807123515559, -0.182447098584,  
55, 2424193.0077393083, 83.33476114480911, 130.75082131122713, 97.25417292964862, 45.51199934290901, 0.677566306822, 0.463192094299, 0.571276626196, 0.63251774463, 0.0293391916754, -0.773989996421, 0.375266841844, -0.885772146554, 0.273097971067,  
56, 1779288.1186726463, 75.17138577358547, 126.59487803633883, 65.44047018336343, 51.273754977045606, -0.709630121765, -0.638704970035, -0.297457646626, -0.70192150338, 0.604264208378, 0.377055658445, 0.061084313665, -0.476361971326, 0.877124836553,  
57, 965977.3612845822, 61.32338408018907, 92.69914941881747, 68.80295840690982, 36.15725709899644, 0.516788142689, 0.766738346649, 0.380844224526, 0.698201332794, -0.634897662164, 0.330786725041, -0.495423974451, -0.0949592878907, 0.863445319162,  
58, 1949097.6969542217, 77.49047677968657, 111.79909232772816, 86.00813054108785, 48.39129154156037, -0.862007385998, 0.418815654051, 0.285546343712, 0.473244721699, 0.866768443484, 0.157327361776, 0.18161139796, -0.270750647833, 0.945363097878,  
59, 1973542.4343213923, 77.81308249718253, 126.25188903226467, 62.38477847236274, 59.81930147743818, -0.216133876213, -0.594984050481, -0.774131853902, -0.849177964762, 0.50584949869, -0.151700589445, -0.481853641385, -0.624588075733, 0.614578557985,  
60, 3190754.014216723, 91.32750046945137, 143.799482810649, 93.04738666376848, 56.93026572497837, 0.27516093979, -0.955873222966, -0.10292151782, -0.813980733439, -0.174663394771, -0.554010888085, -0.511587551455, -0.236218289181, 0.826122930957,  
61, 1969188.5480464117, 77.75581850507096, 132.22198786358663, 89.38243251729351, 39.7779905517051, 0.893608571207, 0.446657153608, 0.0442844057936, 0.269010932055, -0.611939126417, 0.743749705206, 0.359300486919, -0.652708122127, -0.666989705625,  
62, 2343064.0246992693, 82.39455557291326, 116.51178011961602, 83.7867917055109, 57.29940970175421, -0.333840778944, 0.728124467202, 0.598652732872, 0.938513241883, 0.197459567759, 0.283200660151, -0.0879956199129, -0.656387446073, 0.749274510119,  
63, 2412898.872732394, 83.20514282287333, 138.64709958966287, 83.87981340838164, 49.531589692967216, -0.608347428825, 0.377348695999, -0.698227303584, -0.0536463895616, 0.858181866178, 0.510534963984, 0.791855713327, 0.348040006596, -0.501829336607,  
64, 3034775.127180152, 89.81439915705423, 141.577370376844, 93.71385100088891, 54.60598937842151, -0.056861379943, -0.956002056013, 0.287796546836, -0.650708585903, -0.183138137459, -0.736911635707, 0.75719556239, -0.229173496522, -0.611665258772,  
65, 1064906.0444108234, 63.349164913573844, 108.77790035150159, 85.6717857489076, 27.279989046014048, -0.366006043605, -0.736197065077, 0.569256934448, 0.781697939333, 0.0887064801189, 0.617316363, -0.504963273603, 0.670928492283, 0.543016620883,  
66, 2552909.016896022, 84.78432676704809, 121.05652753995777, 75.08162902355565, 67.0540214393683, -0.388762786976, -0.621999107534, 0.679691551875, 0.346546398861, 0.584829580364, 0.733402996563, -0.853679734385, 0.520664452558, -0.0118084267577,  
67, 2022889.6991061943, 78.4563075132019, 107.13724202169392, 70.73846736015288, 63.72171930746898, -0.996239215144, 0.0796006764384, -0.0342221933951, 0.0781060757687, 0.654059140131, -0.752400214075, 0.0375082276073, 0.752243559974, 0.657816660886,  
68, 1569515.4021982874, 72.09287152463446, 104.85662251152702, 75.87385596268042, 47.096534550386714, -0.461988802872, -0.450106695691, -0.764179500193, -0.00381907241542, -0.860626036311, 0.509223173383, -0.886877534221, 0.238173861116, 0.39588060217,  
69, 2948826.0007211682, 88.95837600380419, 106.84820566758525, 88.04636492621476, 74.83105603421865, 0.279835158658, -0.593622566483, 0.754522718373, -0.848197112602, 0.21528808831, 0.483955263641, 0.449726519291, 0.775411689101, 0.443263770516,  
70, 2606172.0801930437, 85.36991051596553, 122.6972264496739, 88.10297545758417, 57.555808249166624, -0.889375041298, 0.293480584542, 0.350544123346, 0.40335983985, 0.864645323221, 0.2994817267, 0.215204264622, -0.407746994505, 0.887372251628,  
71, 1806475.7282752548, 75.5523262013909, 103.31789499361867, 74.91571894578898, 55.71793605031333, 0.420463110647, 0.882822847071, 0.209367125583, 0.57290040391, -0.437263063819, 0.693243204236, 0.703559450072, -0.171536683276, -0.689622553652,  
72, 2988701.5718000894, 89.35756263626743, 106.8320768535595, 88.10798201614139, 75.80136335597143, -0.0500846804261, -0.457237053279, 0.887933444519, -0.988866253499, -0.102032149102, -0.108318849886, -0.14012514934, 0.883472533618, 0.447036044256,  
73, 2359767.587784943, 82.58988741975207, 118.4028691634865, 99.64741313252546, 47.74769017003353, -0.313448297789, 0.566792560338, 0.761903115992, 0.716633485684, 0.667610735271, -0.201822578881, -0.623046235691, 0.482744341962, -0.615443976731,  
74, 1664333.5411495536, 73.51634696125463, 131.43850908357632, 73.55342421514572, 41.09852506666111, 0.420779261479, 0.714953354627, -0.55837846826, 0.676727160618, -0.657302540136, -0.331653012669, 0.604140019524, 0.238317165638, 0.760407631058,  
75, 1444310.9938664716, 70.12249646835505, 131.26928452047648, 77.02254555728943, 34.102885103749536, 0.0896801956438, 0.951422193425, 0.294539084618, -0.950001305461, -0.00709316429098, 0.312165351444, 0.299090257499, -0.307807564687, 0.903216209437,  
76, 3815288.043672006, 96.93476774738639, 113.88563194000876, 98.90141331695511, 80.86624709253948, -0.406465770381, -0.206659746389, 0.889987262117, -0.895566769241, -0.102807791348, -0.432886497676, -0.180957838571, 0.972996560765, 0.143289753294,  
77, 641099.3326389391, 53.49077684236678, 117.63085621482352, 58.67884033523241, 22.173483905618756, 0.696787904867, -0.340464597644, -0.631324380475, -0.433235524603, -0.901246373738, 0.00787108919601, -0.571658635772, 0.26802766942, -0.775478931095,  
78, 1872288.8718224808, 76.45890644835065, 122.4114754253551, 91.3530839852066, 39.97043741199739, -0.726903212262, -0.0895508003295, 0.680876181228, -0.681267022556, -0.0308885946018, -0.731383031455, -0.0865272441502, 0.995503163673, 0.0385549884697,  
79, 1314875.6875876489, 67.96187654329728, 126.12596184941128, 75.11581814443181, 33.13295669312739, -0.0738261149816, 0.188244899581, -0.979343434413, -0.99632404032, -0.0567102175083, 0.0642055909602, 0.0434524041581, -0.980483456776, -0.191739613958,  
80, 1636772.6267414275, 73.10828250007016, 124.30814169561867, 75.5012170819029, 41.633815886383196, 0.0987273652646, 0.883598737717, -0.457718448451, 0.292985725241, 0.413767265289, 0.861948963095, 0.951005926455, -0.219202921694, -0.218031665057,  
82, 2728101.8145377734, 86.68101505729055, 105.54474163761833, 89.69875025194868, 68.79374810128132, 0.652812648389, 0.535690561114, -0.535603649013, 0.481047582976, 0.25302789748, 0.839386744004, -0.58517422108, 0.805613124167, 0.0925128377769,  
83, 2714919.981950638, 86.5411791341799, 103.78682889260543, 82.35247032223073, 75.83148324243315, 0.689191348929, -0.408118798142, -0.598710557085, 0.281054476723, -0.611022450226, 0.740040503238, -0.667850032324, -0.678299795019, -0.306407771444,  
84, 2950502.4724249593, 88.97523106710524, 105.1996776897007, 90.18804971624478, 74.24102662602044, -0.843961864204, -0.0437285279238, 0.534617795827, 0.487980594619, -0.476414737715, 0.731371271628, -0.222718007903, -0.87813257173, -0.423414543234,  
85, 3208901.155129278, 91.50031238402218, 104.0402454819121, 98.58625945170219, 74.68785262315522, -0.836909336112, -0.197750233757, -0.51037006983, -0.502511679381, 0.647190114633, 0.573259947674, -0.216944175343, -0.736233523123, 0.641011251239,  
86, 3298709.235125198, 92.34608231329683, 98.24015990523863, 90.50033084858335, 88.57602760131522, 0.41568324545, 0.0229395804139, 0.90922011367, -0.791361894681, 0.501845243225, 0.349138516209, 0.448278698021, 0.864653183365, -0.226762169237,  
87, 3146647.8256759676, 90.90473601280212, 99.88136093435126, 90.72194588478317, 82.9015636148982, 0.204381383565, -0.554418501214, 0.806751743452, 0.454645122512, -0.676102827225, -0.579812710791, 0.866906028718, 0.485288669278, 0.113880836147,  
88, 1990306.681008859, 78.03278918536296, 104.9130660306979, 75.64832030806782, 59.86907151112743, 0.159968195685, -0.478206191461, 0.863556028766, -0.319455022571, -0.852823773331, -0.41308606875, 0.934001426617, -0.20978667758, -0.289190049944,  
89, 2590233.112455863, 85.19551787732799, 100.42459919426184, 90.95620298886675, 67.69830767335279, -0.452793457666, 0.705872529245, -0.544721999879, 0.879538226059, 0.453825820748, -0.14301969558, -0.146255234424, 0.543862203945, 0.82633123475,  
90, 2137120.1570939682, 79.9061323765601, 99.87323940914675, 86.00104363701139, 59.400140633640774, -0.0175871167609, 0.34553610867, 0.93824063594, 0.998797460399, -0.0368791983225, 0.0323041457326, 0.0457638112974, 0.937680501203, -0.344471989048,  
91, 2714191.5215389263, 86.53343827224549, 110.81408803882938, 83.49921055919428, 70.02845325656605, 0.798908912507, 0.300712214442, 0.52088070957, 0.482173020621, -0.837896327746, -0.255810324527, -0.359518744577, -0.455523773292, 0.814398160769,  
92, 3011516.0079447078, 89.58435866328374, 114.72373558884944, 86.45634922444732, 72.4847080703757, -0.62758285041, -0.127902102073, 0.767971886306, 0.206720379754, 0.923631103999, 0.32275729011, -0.750604057054, 0.361312380096, -0.553215069863,  
93, 2586763.9271605695, 85.15746582127008, 103.95291846344205, 95.2945204284638, 62.33953684135498, -0.554674924145, -0.64618954281, 0.524189663469, 0.584657735176, 0.145572564288, 0.798112749695, -0.59203974632, 0.749164670343, 0.29705426354,  
94, 2951490.012158884, 88.98515669566189, 111.31714642922239, 80.98714203092838, 78.15820386760052, -0.647651633439, -0.524706481701, -0.552476668977, -0.729646396998, 0.21825266665, 0.648060112063, 0.219461835066, -0.822829801089, 0.524201889914,  
95, 3592572.172270032, 95.010651786123, 113.67302049648521, 100.68930971456825, 74.93351906220416, 0.667794562227, 0.545699492083, 0.506223751913, 0.475767245445, -0.835958628065, 0.273530072068, -0.57244733454, -0.0581827852939, 0.817874570257,  
96, 3060543.909610489, 90.06789270741504, 119.39946670221826, 93.26324730649033, 65.61408628812657, 0.00630486525346, 0.0596473542636, 0.998199600182, 0.693701867235, -0.719227421139, 0.038595803864, 0.720234661807, 0.692209585177, -0.0459121130051,  
97, 3112875.7371168826, 90.57834718781608, 105.3428858699433, 93.02466416178447, 75.83502820595885, 0.154171905558, 0.783553226225, -0.60189315099, -0.276209238431, 0.619067992471, 0.735162075534, 0.948651400748, 0.0529071107733, 0.311867531955,  
98, 3503841.168653557, 94.22191655836075, 110.0584736349209, 93.17632166308492, 81.56930362021185, -0.0786740829688, -0.97444297494, 0.210407407803, -0.530350466961, -0.137803602354, -0.836503765307, 0.844120116371, -0.177400833616, -0.505954714742,  
99, 2564601.107487748, 84.91356449779532, 105.38359486604487, 78.2586493530518, 74.23793083594165, -0.455194677788, 0.322101142366, 0.830089549024, 0.868228758926, -0.0461426962989, 0.494013839636, -0.197424992053, -0.945580089503, 0.258653565311,  
100, 3630357.0829380415, 95.3425825962285, 120.2428311608362, 89.17850416638274, 80.82418953140787, -0.930576805275, 0.343977032866, 0.125326016232, -0.0361374800028, -0.426965842216, 0.903545379115, 0.36430878664, 0.836289405912, 0.409754972557,  
101, 3189185.8014436252, 91.31253593732018, 94.7294295737794, 92.05392222163536, 87.31000093208215, -0.803700118013, 0.454687269585, -0.383830180137, -0.244846205905, 0.335208659339, 0.909772218831, -0.542325046222, -0.825163402958, 0.158078786239,  
102, 3515629.7894425793, 94.32746767759964, 113.07721432135897, 95.7351079476209, 77.52971618458108, -0.357182476093, 0.387533198073, 0.849846279726, 0.586420117268, 0.801233167518, -0.118898516949, -0.727002149127, 0.455898488329, -0.513443710161,  
103, 3014079.0303580277, 89.60976575746155, 102.04117200303905, 100.92074607367815, 69.8731199501931, 0.464500311342, 0.806475834241, 0.365836287905, 0.863307242976, -0.504429323227, 0.0158638612721, 0.197332371874, 0.308460348592, -0.930544006674,  
104, 2279242.0927440785, 81.63955256175255, 113.35191737575434, 70.87443972977786, 67.73035283111153, -0.0199132263431, 0.835488842657, 0.549146480652, 0.614049285909, -0.423237319708, 0.666193399608, 0.789016437022, 0.350469064258, -0.504603306674,  
105, 2505271.7145879865, 84.25365342649692, 107.54350133342666, 79.78440835794575, 69.70501501093874, 0.430168985576, -0.326773289723, 0.841530665497, 0.548989270359, 0.834697165616, 0.0434904902562, -0.716634791842, 0.443283045961, 0.538455862894,  
106, 3114703.9714983813, 90.59607635035417, 119.08896127750631, 84.18343716974017, 74.17029498449821, -0.514661095531, 0.284629102465, 0.808770814741, 0.841937662387, -0.010528483874, 0.539472078685, -0.162064584042, -0.958579900195, 0.234221360132,  
107, 3336526.020783435, 92.69763105411181, 103.61804257606727, 89.88368115828926, 85.52432840127142, -0.830642175904, 0.523879939825, -0.188635585875, 0.532089854825, 0.846647232266, 0.00829761944204, -0.164054753062, 0.0934787288348, 0.98201210036,  
108, 1948817.8404107392, 77.48676784041307, 113.0205809770311, 93.7252099341538, 43.9206420418686, 0.201879396683, 0.286824376556, 0.936470227081, -0.587308899614, -0.72972022123, 0.350109490247, 0.783781197547, -0.620677191252, 0.0211390309683,  
109, 3403212.7042546608, 93.311139894806, 114.56840930057139, 100.69610967619028, 70.42436001529452, 0.28409940994, -0.100966952761, 0.953463790462, -0.250536081772, -0.967707336483, -0.027824137838, -0.925483223512, 0.230972261032, 0.300220948023,  
110, 3186818.9930494237, 91.2899415851003, 111.84455553494224, 96.05006192363672, 70.8200599999516, 0.206236921943, -0.266365099025, 0.941549768227, 0.885229808283, -0.35921393153, -0.295522482938, 0.416934669408, 0.894435568063, 0.161711149986,  
111, 3205376.139542414, 91.46679538567318, 120.82183768605816, 94.27504557834898, 67.18126889985926, -0.353638349427, -0.197555875786, -0.914282009971, -0.912134251859, -0.143731942705, 0.383864865846, 0.207246289229, -0.969697274714, 0.129368353983,  
112, 3621028.0731488843, 95.26084455255571, 121.58797549804464, 101.03188249141672, 70.37107899949419, -0.464585512961, -0.0120168202865, 0.885446721817, 0.552665708041, 0.777331035537, 0.300527995945, -0.691896608101, 0.628976992601, -0.354495453394,  
113, 2963385.486633866, 89.10454292310688, 95.92381544165916, 89.55804314432697, 82.35092843485496, -0.951801856968, 0.0143314887054, 0.306378578729, 0.026927798971, -0.991145996257, 0.130017336332, 0.305529243633, 0.132000842935, 0.942988684317,  
114, 2467826.1915441724, 83.83177337134612, 110.53944765882568, 86.37177982621623, 61.70733642919858, -0.818036894424, 0.189349786696, -0.543104315615, 0.559004198029, 0.484006427167, -0.673239990677, -0.13538813075, 0.854332743572, 0.50178244022,  
115, 3009284.234306878, 89.56222347529574, 109.08591738646977, 94.46993442742242, 69.71276338882751, -0.219984839475, 0.962631510234, -0.157946971818, 0.975477524702, 0.218253208242, -0.0284453140729, -0.00709007768635, 0.160331258954, 0.987037799783,  
116, 3272066.965814122, 92.09679665607338, 109.23059555421618, 91.65633886079611, 78.02374049535678, 0.533019545933, -0.555530027813, -0.638182224644, -0.656667015422, -0.747249421187, 0.102013398104, 0.533552803863, -0.364698081616, 0.763096792521,  
117, 3578938.79257017, 94.89031476707618, 120.31084316299743, 101.27146437059798, 70.12514972096476, -0.811178043247, -0.576212131252, 0.0998486952965, 0.0065934643087, 0.161717733093, 0.986815028783, 0.584762095542, -0.801141032903, 0.127382640167,  
118, 2180500.789628168, 80.44317678263886, 120.45794338751702, 69.41034079220779, 62.25984257083922, -0.592604069027, 0.75728119481, -0.274491546973, 0.790563329714, 0.612114935277, -0.0180257516799, -0.15436981274, 0.227685085146, 0.961420544256,  
119, 2655905.6267790743, 85.90953003377801, 110.26669309480546, 89.14704140576714, 64.50193525753237, -0.224965751309, -0.947144063787, -0.228710588234, -0.489078872165, 0.312781258837, -0.814229538228, 0.84272905939, -0.0713162432599, -0.533593221384,  
120, 2284477.6676891525, 81.70201530403195, 100.94101260597768, 75.63375733787719, 71.43564570111211, -0.598725836278, 0.693459711491, -0.400800450988, -0.28912457291, 0.279544782672, 0.915566325189, 0.746950034683, 0.664054472931, 0.0331255591328,  
121, 1645734.567791725, 73.24147142004347, 110.92822366711574, 68.5094620725266, 51.698574224896966, 0.0300803382545, 0.99745592393, 0.0646285777856, -0.813899133983, -0.0130910147165, 0.580858696273, 0.580227001227, -0.0700735695522, 0.811434730522,  
122, 3861084.480357887, 97.32107517765435, 114.50397178091183, 98.35888686086348, 81.84394189950115, 0.375578444076, 0.901300753029, 0.215865200844, 0.736210890321, -0.148658254336, -0.660222877816, -0.562969233013, 0.406887792895, -0.719380265696,  
