# Void_ID, Void_Volume, r = (a*b*c)**(1/3.0), a, b, c, vector_a, vector_b, vector_c 

0, 2758065.2550411816, 86.99720685376782, 132.8263123544971, 87.79856292465425, 56.460459060223066, 0.835979700571, 0.451050333821, 0.312556453448, 0.463854622086, -0.885150370007, 0.036711197825, -0.293218058452, -0.114290939429, 0.949189523416,  
7, 333438.6808792524, 43.017231496590476, 130.53252774617476, 77.43398771881613, 7.875479338277988, 0.646634728489, 0.143569104615, -0.749167164331, 0.311382769885, 0.846891557902, 0.431063173762, 0.696350700818, -0.512018165064, 0.502924547139,  
8, 1297830.1379518928, 67.66692095434149, 128.00630169258523, 69.21382172247338, 34.97075957862152, 0.914878758555, 0.299109174409, -0.271165187531, 0.206564344618, 0.230290495833, 0.950945560514, 0.346883307003, -0.926012953102, 0.148902592354,  
13, 1107876.3508797332, 64.19002736871347, 140.46014484834265, 106.25459981800422, 17.721555151688978, -0.272116107846, 0.81216244547, 0.516086219559, -0.611952559807, 0.267839569272, -0.744161292784, -0.742608166125, -0.518318557742, 0.424121426368,  
17, 955012.8340077407, 61.09047935144683, 85.03364985414025, 73.56186514688618, 36.448280610825, -0.894280104233, 0.24510337474, -0.374416119932, -0.344052512873, 0.158451131158, 0.925484255631, -0.286165972051, -0.956460963514, 0.0573712620946,  
19, 808412.6228093108, 57.78939647633442, 98.08033455959463, 51.89030585713514, 37.92069668365486, 0.884402878097, -0.0787281772736, -0.460036328257, -0.292160801236, -0.862049060798, -0.414141863373, -0.363969250671, 0.500672838169, -0.785399957783,  
21, 466141.01777576795, 48.099759355436504, 136.80954250399347, 58.80931380407482, 13.831402133144067, 0.0825654302771, 0.249727506768, 0.964789677643, -0.591123726075, -0.767134383254, 0.249153724638, 0.802343872784, -0.590881553607, 0.0842810738707,  
22, 3590557.034389774, 94.99288407326853, 129.57150205187017, 88.4940710013242, 74.75660199033767, 0.0247040704576, 0.781539167199, 0.623366857506, -0.96901055392, -0.134584929686, 0.207136291106, -0.245780909134, 0.609166173417, -0.753994905732,  
25, 1342814.43198246, 68.43986280840312, 108.33364029009694, 95.69409635038684, 30.9228068952239, -0.781735578789, -0.594380999406, -0.188681510491, -0.208722839141, -0.0357287931107, 0.977321968321, 0.587642970925, -0.803389495132, 0.0961304209658,  
26, 2013837.7646489902, 78.33910829226575, 89.44177594809267, 79.39786826271127, 67.69967989248445, -0.899860778312, -0.375879198811, -0.221281286053, -0.391518549673, 0.919683418573, 0.029927159311, -0.192259732959, -0.113566005056, 0.974750715608,  
27, 468286.86186950165, 48.17345422765151, 116.96040005077292, 62.61566720360748, 15.265165127476434, -0.994421972347, 0.051436899534, -0.0920824971417, 0.0421517134898, 0.994085606914, 0.100085159621, 0.0966859553575, 0.0956454467956, -0.990708723361,  
39, 1312371.4239009838, 67.91870322932856, 138.6170086720266, 56.0840034778754, 40.3007033565792, -0.518647692425, -0.784985266518, 0.338825474974, -0.794553117632, 0.588870210851, 0.148044648781, 0.31573709697, 0.192431822008, 0.929128666803,  
40, 1008070.4466729035, 62.201485669037915, 113.81118788532476, 57.73857448665232, 36.62277594051202, -0.719048786639, -0.598091670254, -0.353914108797, -0.690393267318, 0.67304018669, 0.265281065179, -0.0795360224972, -0.435089945958, 0.896867191981,  
42, 1899392.323913082, 76.8260827563897, 130.64601261119364, 90.28663582145008, 38.442041112769445, -0.0546568678738, -0.064305537615, 0.996432348244, 0.887182580186, -0.461030838328, 0.0189112539177, 0.458169942498, 0.885051051603, 0.0822492543978,  
48, 2127893.502566866, 79.7909727562287, 105.22851140494652, 80.54133926717012, 59.938932705281424, -0.916525733004, 0.361285973924, 0.171618838674, 0.346413061264, 0.93149805331, -0.110947589718, 0.199946422142, 0.0422353137155, 0.978896116321,  
52, 1244416.704163528, 66.72558769882922, 100.52537519587997, 61.93117459633537, 47.71909549631181, 0.73996127902, 0.650299165396, 0.171954357421, 0.485274109351, -0.693121286712, 0.533002739862, -0.465796462357, 0.310956391463, 0.828456262131,  
53, 2032892.2372032695, 78.58540868322288, 114.64703887636277, 88.22069490763778, 47.983556198833455, -0.933735928581, -0.289561630442, 0.210454930691, 0.105700922045, 0.338675676136, 0.934947111591, -0.342000775957, 0.895238989639, -0.285626715618,  
56, 1163877.4786714944, 65.25386173869579, 134.19007632956604, 99.7879727741255, 20.750093379000056, -0.66657495835, 0.157628298014, 0.728581597741, 0.612582479644, -0.441095822171, 0.655878937989, -0.424759379572, -0.883508797539, -0.197463095632,  
58, 774958.0264765341, 56.980972504443805, 90.9486924765877, 49.10848464245461, 41.42252592917842, 0.270827427738, -0.14509406413, -0.951630294253, -0.870907864822, 0.384210093952, -0.306434486795, -0.410087789841, -0.911773171496, 0.0223089301339,  
62, 1817071.6313945989, 75.69975599057179, 114.68438609685882, 103.26882705525117, 36.62772125048078, -0.311821464756, -0.845644699415, 0.433188661519, 0.821500888307, -0.0108783950022, 0.57010345643, -0.477392568678, 0.533635365089, 0.698089988825,  
64, 1699831.2094703787, 74.03533794998793, 137.56468143568898, 110.6485223327096, 26.660274961389582, -0.451734837105, 0.660433731321, 0.599802403696, -0.265475441923, -0.741362674054, 0.616363671265, -0.851738473172, -0.119200134449, -0.510228283483,  
66, 2005737.6755611533, 78.23393490239819, 121.18791002592508, 95.26626626810607, 41.47506571189761, 0.0571504036333, -0.12866851887, 0.990039516189, -0.759002396151, -0.649818330619, -0.0406386494464, 0.64857474049, -0.749119849853, -0.134797094015,  
67, 416767.8877846384, 46.33777892260744, 138.71411782414555, 72.74315912194957, 9.86036105050551, 0.244492172751, -0.968785963833, -0.0409552651414, 0.242720370644, 0.0202535342847, 0.969884846785, -0.938781337233, -0.247069930644, 0.24009591882,  
75, 2947808.5535671026, 88.94814358608768, 111.40249912949366, 88.71962525398024, 71.20262961733017, -0.677692417078, 0.731858544109, -0.0715266331482, 0.722058999015, 0.680699005435, 0.123610945879, -0.139153834933, -0.0321237515558, 0.989749602076,  
78, 4085599.8370336806, 99.17200023055484, 119.6500276429983, 106.85578982779455, 76.28802227132515, 0.510024281441, 0.687387414856, 0.517081980191, 0.234632359894, -0.689527843475, 0.685199977206, -0.827540263692, 0.228144460747, 0.512959274211,  
85, 927070.9075519486, 60.488773847686076, 127.52557904785134, 50.38689388403952, 34.443672582964346, -0.855639604526, 0.370109885276, -0.361800414576, -0.113426332719, 0.54795185902, 0.828784186168, 0.504990429823, 0.750178267492, -0.426869104961,  
89, 1160921.0687587925, 65.19856360993776, 132.908141637306, 59.471892185677234, 35.06313482292645, -0.18829766082, -0.934864225294, -0.300953270782, 0.0272074686926, -0.311282624904, 0.949927829406, -0.981735068426, 0.170681011532, 0.0840490792649,  
91, 1633362.0509560914, 73.05746812701084, 102.54321984497352, 95.24930303062018, 39.92317709116872, 0.533534329656, -0.680294450735, -0.502534157424, 0.048176630687, -0.568758359463, 0.821092528767, 0.84440519381, 0.462291454431, 0.270677815541,  
92, 1454516.4633543463, 70.28727031504731, 102.93108586300826, 76.23261183479536, 44.252995960277964, 0.565079330789, 0.807010267957, -0.171521944158, -0.422556171324, 0.461650440029, 0.779952019868, 0.708612469542, -0.368257109413, 0.601876290757,  
100, 663159.8323725855, 54.09741766529223, 100.35913599071462, 67.95477223545748, 23.214146928113212, -0.97195593481, -0.222335852425, 0.0766056754683, 0.145546791723, -0.312882474786, 0.938573752239, -0.184710021944, 0.923402039037, 0.336468248272,  
102, 1651450.2847451314, 73.3261638572952, 113.01544994891691, 72.21962781447199, 48.304081734582724, 0.104550004946, 0.43451516309, 0.894575804228, -0.301534615893, 0.87101370228, -0.387829867158, -0.94770574119, -0.229197956985, 0.222085849683,  
105, 812472.4853569408, 57.88597477544394, 143.61018246990784, 59.551200253904696, 22.680065264410178, -0.826730113557, -0.0888146924196, 0.555544120434, -0.49978923033, -0.337452233112, -0.797707161566, -0.258317720228, 0.937143500633, -0.234593296234,  
107, 769642.6314956127, 56.85039704678196, 111.87530867095983, 60.58160145369169, 27.109749859315695, 0.0948401536554, 0.349128180994, 0.932263298908, 0.473628629752, -0.839526633976, 0.266215987357, 0.875603372729, 0.416298623683, -0.244977936936,  
111, 1034373.5234319585, 62.73784478124448, 99.94827692561724, 87.11738658987778, 28.36015735008484, 0.791121464637, -0.026074142481, -0.61110307419, 0.381823137762, 0.801573235891, 0.460099379453, -0.477847171866, 0.597327788235, -0.644097503288,  
126, 4236532.418370315, 100.37848613943059, 124.36344179831168, 105.37365752304814, 77.17864281689234, -0.671493361911, 0.724569405382, -0.155228353379, 0.458059436764, 0.570541879495, 0.681662318259, -0.5824759371, -0.386627909658, 0.715010938499,  
130, 1506118.4721511465, 71.10882600794575, 138.19783549889274, 61.392268017936736, 42.379478372276225, 0.0109754152728, 0.512464018657, 0.858638555995, -0.956214992369, 0.256525948634, -0.140880538209, 0.292459276872, 0.819496837858, -0.492841256504,  
134, 2111007.084155077, 79.57934504222067, 105.80827577399165, 98.6897616476861, 48.26244770528229, 0.136192080168, 0.934462801975, 0.3289847854, -0.565131558685, -0.199466407446, 0.800524499112, 0.813681779738, -0.294944781316, 0.50092867486,  
135, 2002958.4043657389, 78.1977829782806, 96.30705889709697, 87.27485670171194, 56.89001606566409, -0.961756206518, -0.255027048, 0.0999309962534, -0.128045438349, 0.741126169903, 0.65904200625, 0.24213501387, -0.621042031648, 0.74543774387,  
143, 398300.1339283487, 45.64297540109116, 118.42328122529491, 49.70391444850131, 16.15452377718109, -0.546720118661, -0.326475049436, -0.771045494084, -0.823827400259, 0.374354849187, 0.4256370067, -0.14968475685, -0.867912719682, 0.473626418795,  
147, 2095592.1003152414, 79.38517035950693, 117.47335529052367, 92.01701198400198, 46.28184286096083, -0.827638574603, -0.510949019646, -0.232261682487, -0.521182303039, 0.853215629698, -0.0198014200891, -0.20828681386, -0.104662259489, 0.972451754387,  
156, 3684954.8431525575, 95.81816591516964, 124.20269091478362, 100.81217788004022, 70.25861085210184, 0.654218129558, 0.0206584990344, 0.756023720114, -0.579751589116, 0.655635020657, 0.483767314528, 0.485681720754, 0.754795300798, -0.440905114531,  
158, 1109194.624223494, 64.21547739922083, 162.349520215409, 79.27301591428177, 20.57513797213901, -0.276740689785, 0.308902667242, -0.909941609549, 0.949194981909, -0.0597530830336, -0.308963517888, 0.149811471307, 0.949214786673, 0.276672752229,  
162, 341722.8656951181, 43.37057135260693, 107.31815736135981, 83.06821540640244, 9.151185159913956, -0.908176853674, 0.394050137593, -0.141206556202, -0.312571168754, -0.414035591673, 0.854911570451, -0.278413481921, -0.820547998529, -0.49918625301,  
164, 1797786.7066064617, 75.43099766741852, 119.57579919175589, 79.41758112610184, 45.194918542225054, -0.178522321563, 0.465908137388, 0.866636826023, 0.0388812472662, -0.876757534853, 0.479358397955, 0.983167345529, 0.119272094786, 0.138405701076,  
170, 3243347.849089714, 91.82655821101831, 99.05198821384937, 93.35932728915886, 83.73056253062198, 0.243611372417, -0.759163867569, 0.603592347041, -0.620425254115, -0.600329685304, -0.504655103015, 0.745470323544, -0.251544213052, -0.617251573992,  
171, 3835593.779903621, 97.10643238868118, 114.78192441295572, 101.26611160726807, 78.77825565594264, -0.848567331106, -0.48088982879, -0.220631949514, 0.141369078615, -0.607921490326, 0.781310594586, 0.509851221624, -0.631804110596, -0.583845268579,  
172, 3485317.7855913485, 94.05558545553073, 105.74557502488962, 94.46941040943956, 83.2914389648696, -0.220661330507, -0.618876182706, 0.753857312559, 0.411624154724, -0.759795906696, -0.503265074704, 0.884236468637, 0.199254738082, 0.42240196127,  
173, 3686093.64063887, 95.8280354389055, 101.598987115074, 94.36569075050465, 91.78553694441983, -0.461703841429, -0.177686297834, -0.86905531606, 0.191834090158, -0.976547477836, 0.0977481733129, -0.866042288034, -0.121583728742, 0.484962011133,  
174, 3495029.244137841, 94.14286299206887, 110.51079443847802, 88.64966127552172, 85.16877940133895, 0.383458642524, -0.922860794767, 0.0358806766301, -0.830416628539, -0.327523692045, 0.450706616543, 0.404187694667, 0.202623257873, 0.891950740147,  
175, 3426753.6239306615, 93.52579829012373, 110.33035921295668, 88.09390799308706, 84.1692316795501, -0.60965650187, -0.45296685506, 0.650492104445, -0.0152849895664, 0.827203980939, 0.561693816071, -0.792518339739, 0.332497521998, -0.511233879006,  
176, 3346424.029540827, 92.78920496018212, 107.1130637927914, 93.7549703042742, 79.55282718964583, -0.669245775609, 0.203470972842, -0.714639528042, 0.739977394937, 0.0952588862498, -0.665852235539, 0.0674058366232, 0.974435892094, 0.214315527641,  
177, 2987895.2847399837, 89.34952633413644, 104.94866076381152, 96.85173810824554, 70.17661946398316, -0.997930300953, -0.0394614499379, -0.0507731071387, -0.0592312900332, 0.256677900203, 0.964680314834, 0.0250353494228, -0.965691073541, 0.258484006784,  
178, 3221974.4941069284, 91.62440406066533, 105.26578572942768, 88.65866412517197, 82.41856887165181, 0.850889040361, -0.171447517936, 0.496581906222, -0.416701674766, 0.355363117219, 0.836705903629, 0.319918044569, 0.918870395384, -0.230932113932,  
179, 3660058.8771528415, 95.60189205198391, 104.78257098448138, 99.45149540320234, 83.84923300694811, -0.880199740522, 0.471939054873, -0.0502189732053, -0.378394625782, -0.633962557662, 0.674469408248, -0.286471506373, -0.612670387703, -0.736592880815,  
180, 3369940.8130676956, 93.00605454436351, 99.96962201775028, 93.84312194706122, 85.75573363404231, -0.65634607701, 0.749036619236, 0.0902993368584, 0.751696221446, 0.659476154758, -0.00663264424563, 0.0645183528709, -0.0635243602847, 0.995892583461,  
181, 3278168.8145098337, 92.15400939707875, 105.04455147904585, 90.76017800380427, 82.08689626882304, 0.433901115994, 0.856381425656, 0.279894043043, 0.469584858137, -0.48009010868, 0.740947736724, 0.768908240655, -0.190064045362, -0.610455384211,  
182, 3291769.6137645226, 92.28127951549283, 100.46018590390754, 92.54839269356955, 84.52359579357484, 0.523700906128, -0.111584202173, -0.844562802133, 0.497774401002, -0.764458387849, 0.409663299497, -0.691345070589, -0.634942784094, -0.344803791016,  
183, 3375031.4807900167, 93.05286295435918, 97.80897774857682, 91.32902569773391, 90.19898994197938, -0.905817795759, 0.0895126292872, 0.414103380913, 0.133073214608, -0.867845847461, 0.478680587238, 0.402225857498, 0.488703462482, 0.774198479279,  
184, 3605545.0347998403, 95.12487630580864, 99.54473915521325, 96.62966144682946, 89.48568034043787, 0.67249526302, 0.730025429909, 0.121708639389, -0.477473052816, 0.302302003302, 0.825004837946, -0.565481745992, 0.61292444109, -0.551864135874,  
185, 3525452.7346807527, 94.41523876167498, 106.90054264610285, 97.97372252607143, 80.3594152751673, -0.911855873601, 0.305019857216, -0.274739426519, 0.268577967383, 0.949424915831, 0.162659781861, -0.310458920336, -0.0745333207544, 0.947660299306,  
186, 3494473.2645429177, 94.13787073183606, 115.51849369198784, 98.40607369317058, 73.38709410124233, 0.8570763517, -0.307841853722, 0.413102312331, -0.0289553350052, 0.771794677221, 0.635212220276, 0.514375073202, 0.556386888155, -0.652573302211,  
187, 3490125.753498097, 94.09881522494783, 102.52362156307275, 95.36560216064622, 85.21906635986132, -0.26651231861, 0.260425040852, 0.927981671223, -0.603112330844, 0.705954292102, -0.37132742135, -0.751815602667, -0.65864052074, -0.0310799618229,  
188, 3660552.902872078, 95.60619322766065, 110.9430563170911, 92.92975940375851, 84.76237946165507, 0.537477503862, -0.0423325340981, 0.842214871276, 0.74336840084, 0.495331853719, -0.449499471996, 0.398147401693, -0.86767177622, -0.297698396496,  
189, 3352897.0013036733, 92.84899366337805, 110.16839919200012, 89.70269534293402, 80.99702571034963, -0.00119882341444, -0.460042823157, 0.887895919399, -0.982576963777, 0.165559627484, 0.0844542479803, 0.185852288328, 0.872324830903, 0.452225957143,  
190, 3430976.330992552, 93.564199060591, 97.61154976608235, 94.81583662456121, 88.50076468152766, -0.263944135813, 0.84828579199, 0.459069393751, -0.836597932401, -0.438214382095, 0.328743144153, 0.48003894912, -0.297286680552, 0.825338256047,  
191, 3633538.5641685734, 95.37042577756091, 98.13557162551507, 96.72777755530983, 91.38259753752615, -0.842354798182, 0.266672171073, 0.468320773781, 0.306780474384, 0.951729211944, 0.00986142324275, 0.443084793822, -0.15197848633, 0.883503483398,  
192, 3513972.290692466, 94.31264129309848, 115.17564686833325, 96.41583245216793, 75.5441271893427, 0.387686839236, -0.61808638906, -0.683862654589, 0.025241321311, -0.734488090416, 0.678151989406, 0.921445489642, 0.280172198292, 0.269150049086,  
193, 2982021.455716861, 89.29093792102886, 100.46804630919857, 91.40079910327349, 77.52543374987948, -0.600870572308, 0.798873484162, 0.027490209846, 0.782580737478, 0.580913195896, 0.22384648347, -0.16285559451, -0.156016073327, 0.974236644866,  
194, 3183202.323039403, 91.25539401343471, 103.38780847883942, 89.30860612178436, 82.3024934627482, -0.923503135497, -0.150687609422, -0.35275374285, -0.325170590919, 0.795360517178, 0.511532730639, -0.203484755028, -0.587107223666, 0.783517110465,  
195, 3610091.297605823, 95.16484077209704, 105.14047479226693, 95.02213949210233, 86.26504184924194, -0.442536217049, -0.148601456665, -0.884352477057, -0.895958669243, 0.114705467837, 0.429069596518, -0.0376796975607, -0.98222210458, 0.183902087173,  
196, 3520797.4284043284, 94.3736624976917, 101.40833486546167, 95.03197206148862, 87.2185848409987, 0.590133208808, 0.0178442455048, -0.80710865363, 0.174120177849, 0.973412084229, 0.148832382035, -0.788305118293, 0.228364833499, -0.571335753558,  
197, 2049409.9162435227, 78.79767582962876, 104.0474631041722, 86.23821158135549, 54.52667139502632, 0.214198086884, 0.964301648412, -0.155696854318, -0.332623015647, 0.22187763586, 0.91658728126, 0.91841227618, -0.144542884898, 0.368274687411,  
198, 3369960.4481662665, 93.00623517854505, 102.72404337645862, 94.91951912158552, 82.51037473875252, 0.286088490325, -0.389053248724, 0.875666001031, 0.663146976171, 0.74004110566, 0.112139421828, -0.691657041964, 0.548613462823, 0.469716728157,  
199, 3573023.848120411, 94.83801058201992, 107.62977616421497, 91.55937738320857, 86.55896159437843, -0.163545174049, -0.193577360535, -0.96735762856, -0.202399298817, -0.953117887397, 0.224946252606, -0.965550361133, 0.23258137976, 0.116697908744,  
200, 2868317.621271376, 88.14131872043728, 105.53232698210104, 85.91038554438373, 75.5279068863849, 0.757292118453, -0.215001408708, -0.616670934601, 0.245026778412, -0.781737778581, 0.573452633964, -0.60536809066, -0.585372052453, -0.539322755887,  
201, 3720531.864872425, 96.1255430654546, 102.06057834930057, 95.80652484904175, 90.83710959099419, -0.412695890051, 0.668298589785, 0.618917682108, 0.899711472837, 0.405109142435, 0.162498764182, 0.142131516492, -0.62390991145, 0.768462786616,  
202, 3685763.0825504446, 95.82517082736459, 98.73854791577207, 95.97343350177199, 92.85409001228724, 0.562892211747, 0.299090225624, 0.770517614912, 0.233732742138, -0.951781067156, 0.198700290529, -0.79279339251, -0.0682483489885, 0.605657328572,  
203, 3580901.321706444, 94.9076561252736, 115.48775650952294, 93.57553068482768, 79.10528519234856, -0.266834072641, 0.958305883639, -0.102222360869, 0.93626040728, 0.232613414796, -0.26326307948, 0.22850826558, 0.165954308894, 0.959293041735,  
204, 3473870.573255402, 93.95250014868203, 103.10902124774692, 96.5962814780658, 83.26604785627298, 0.15475300064, 0.683308493035, 0.713541177606, -0.82704268074, -0.305471439093, 0.471897874686, 0.540418275993, -0.663156620449, 0.517852666042,  
205, 2328903.1504108477, 82.22822956762487, 107.12604341302783, 77.50514569699361, 66.96335692714844, -0.530806733549, 0.448308990057, 0.719210164731, 0.136700779468, -0.792229073362, 0.594715051275, 0.836395306367, 0.41399534388, 0.359236338271,  
206, 3148571.641536004, 90.92325819409409, 112.54808696125649, 85.02342882444925, 78.55037045180768, 0.223261633545, -0.790511721274, 0.570302955906, -0.364836051495, 0.47477649699, 0.800925672853, -0.903907571888, -0.386883052658, -0.182407798763,  
207, 3440440.7031972064, 93.65015257367662, 102.03929267348903, 94.15268676969222, 85.49196723221829, -0.918559293067, -0.163635937759, -0.359822324201, -0.353577190518, 0.747114859012, 0.562852163351, -0.176725763445, -0.644238051746, 0.744127231875,  
208, 3296143.632585236, 92.32213508867754, 106.01555239255403, 86.75610088868127, 85.55549596283811, 0.403402756903, 0.90707612248, -0.120329230657, -0.512562163521, 0.332944714391, 0.791471948768, 0.757988287674, -0.257605755344, 0.599243715498,  
209, 3561990.1098250155, 94.74028786668705, 97.09439936435462, 95.43321469381358, 91.77203605594104, -0.219772300929, 0.900157741949, 0.376053420878, 0.971868592694, 0.235484519087, 0.00429881437656, 0.0846851479241, -0.366419269253, 0.926588012464,  
210, 3393334.5845523016, 93.22077118155198, 102.95750419661236, 93.08350703999413, 84.5293112527686, 0.906306757015, -0.383225410185, 0.178175046449, -0.238073339981, -0.114618486113, 0.964460308894, -0.349183543396, -0.916515623233, -0.195115261811,  
211, 3591207.6625063107, 94.99862146609257, 106.98089066669075, 95.91987297150042, 83.5482015037622, 0.414232076891, -0.120814084445, 0.902117366796, 0.814221094185, 0.492140919429, -0.307963188072, 0.406762579718, -0.862091220477, -0.302229931208,  
212, 3546625.594224804, 94.60387193401057, 114.88274653747746, 92.07025856034134, 80.04838271250368, 0.776863129265, 0.330934389292, -0.535692176882, 0.505410472551, -0.835141348892, 0.217023458655, 0.37555816144, 0.439341959475, 0.816048227754,  
213, 3412763.627514841, 93.39834916865793, 104.32303877611221, 95.7440017876708, 81.5691235067003, -0.217853434845, -0.490249166587, 0.84391684163, -0.894441116159, -0.245709105206, -0.373633678009, 0.390531651278, -0.836231301901, -0.384970439217,  
214, 3418829.2485633874, 93.45364977487796, 99.95827062881955, 98.89075041960146, 82.56850003499267, -0.843845744498, -0.533660917189, 0.0559498432271, -0.0965203731921, 0.25353178893, 0.962499584187, 0.527833474736, -0.806800878449, 0.265450872068,  
215, 3567651.147397199, 94.79045125251795, 105.9290774053503, 92.61046486428806, 86.81974746554447, -0.586280129466, 0.593419010436, -0.551479363029, -0.23172500037, 0.529460201572, 0.816073170221, 0.776259707828, 0.606239039493, -0.172901975112,  
216, 2543863.694146266, 84.68407392748307, 107.54348241691181, 93.47328198065996, 60.4134504509928, -0.859083970061, 0.509539895421, 0.0484130907856, -0.296879107198, -0.57311025477, 0.763811122979, -0.416938278518, -0.641805056736, -0.643621582185,  
217, 3317034.7275156924, 92.51677163380943, 98.03048151007256, 93.59589667104015, 86.30649184885232, 0.61725205425, 0.425204312753, -0.66196766835, 0.431211346378, 0.520915061427, 0.736684649991, -0.658070418937, 0.740168083069, -0.138182967568,  
218, 3198311.8295884915, 91.39955158141774, 111.87151772591523, 91.11373850513122, 74.90810290236546, -0.62427642613, 0.713340463806, 0.318471861356, 0.777418467523, 0.607365625916, 0.16348554312, 0.0768080082548, -0.349646076987, 0.933728092496,  
219, 3818975.150416653, 96.96598371849618, 102.90631000185635, 98.23147217589623, 90.19149063876914, -0.105580369817, -0.709205480958, 0.697051197036, -0.0934322645341, 0.704943040502, 0.703083011878, 0.990011715816, -0.00910469257071, 0.140690821022,  
220, 3840416.167464117, 97.14711176902337, 108.80971484230913, 99.65326589695891, 84.55328237289059, -0.954798058242, -0.287039856433, -0.0772579367884, -0.0339416115045, -0.152929059109, 0.987654124625, 0.295311081719, -0.945632499282, -0.136273773393,  
221, 2658588.0392009094, 85.93844261386967, 96.69292799625501, 91.75415554117974, 71.53885473315897, 0.400031808691, 0.633044273976, 0.662743916775, -0.196916206255, -0.64686891403, 0.736739177577, -0.895096955502, 0.42522412355, 0.134111464843,  
222, 3101871.92429285, 90.47149166191524, 104.66119047009417, 86.75103709000564, 81.5595661465313, -0.705008739285, -0.076020685242, -0.70511242575, -0.696097909709, 0.264394590449, 0.667490225127, -0.13568484672, -0.961413727776, 0.239318336978,  
223, 3253945.288049874, 91.92646201759761, 97.75042444586359, 90.48912499175968, 87.82266193224926, 0.0909651727459, 0.970513460797, -0.223224012504, -0.584336946754, 0.233526438625, 0.777184492332, 0.806396719987, 0.0597413163083, 0.588349645296,  
224, 1501217.088775283, 71.03160534960296, 104.43231223675454, 79.01718266055265, 43.43086262155711, -0.994376976636, -0.0934423004762, -0.04982935698, 0.0619565634537, -0.894943735589, 0.441856418279, -0.0858825510819, 0.436284593598, 0.895700809874,  
225, 3470091.0537622557, 93.91841481018942, 110.41635560981078, 91.14823663836347, 82.31340769095812, -0.956721824078, -0.24807023782, -0.152133193095, 0.189484914678, -0.927824392781, 0.321305716211, -0.220859272938, 0.278573245787, 0.934675413333,  
226, 3688532.6541331015, 95.84916660220244, 108.6050442810972, 96.50327252636228, 84.01812499197683, 0.592379014238, -0.291628155223, 0.751026046533, 0.183167730646, 0.956526666689, 0.226950034948, -0.784561460907, 0.003123298616, 0.62004319129,  
227, 3486043.388406772, 94.06211209731593, 104.99900404263325, 97.79271972911496, 81.0498983875726, 0.926710421511, -0.151363150054, 0.343943296881, -0.272962142144, -0.90020502501, 0.339297188175, -0.258262392964, 0.408313739364, 0.875545787853,  
228, 3897602.87993185, 97.62693602628032, 109.54011617692682, 94.31655067380782, 90.06330325796469, -0.426059468067, -0.838715261548, -0.339160787412, -0.153409428959, -0.302482446386, 0.9407283969, -0.891593448146, 0.452836703101, 0.000208680873277,  
229, 3409692.7492627073, 93.37032681287644, 107.67083775533276, 91.17177663543761, 82.92168656362344, 0.00725865529357, 0.125725587393, 0.99203850157, -0.95715544603, -0.28632047972, 0.0432901262124, 0.289483616217, -0.949849282553, 0.118260629013,  
230, 3128707.94660372, 90.73164926967628, 124.20164114875439, 81.45568374826573, 73.82911932193518, -0.936364653034, 0.335770169794, -0.102370062148, 0.320604466956, 0.699275202156, -0.638926417843, 0.142947585902, 0.631088412765, 0.762425998349,  
231, 3567948.660997773, 94.79308610136744, 101.39290633188317, 92.8410891459185, 90.48616638031392, -0.977098125009, 0.091015705034, -0.192341871525, 0.162903195153, 0.901492912867, -0.400965181854, -0.136900705307, 0.423115432817, 0.89567378403,  
232, 3031592.2755975523, 89.78298926265155, 108.56375157889278, 96.1078408833287, 69.3647011076869, -0.512370096432, 0.444462741327, 0.734799126193, 0.849960863108, 0.140257687551, 0.507832957051, -0.122651601973, -0.884748920686, 0.449639780134,  
233, 2827510.4638418676, 87.72132922407137, 115.21490043385195, 93.95259024413976, 62.358865391320606, 0.63040308216, -0.564778076901, 0.532557675614, 0.286000317134, 0.806770601312, 0.517034830024, -0.72166181318, -0.173628686314, 0.670117382767,  
234, 3264025.5169258113, 92.02128890979458, 120.56441670757967, 100.99839609070946, 63.99282894926747, -0.141341135431, -0.858813135694, 0.492404997329, 0.961213459455, -0.238052455499, -0.139282855347, 0.236836164463, 0.453619914015, 0.859149349538,  
235, 3448978.3589434572, 93.72755470162326, 103.67346959886832, 99.02882780009998, 80.199671340403, 0.798820621901, 0.510574286276, -0.318118707747, -0.377770230324, 0.837301291432, 0.395241951781, -0.468161582262, 0.195551644228, -0.861733304064,  
236, 3518134.6050371234, 94.3498645012269, 112.48403060408278, 97.63299188534204, 76.47797399640751, 0.0998158097087, -0.949904019269, 0.296174202638, 0.254606694199, -0.26336723756, -0.930490800303, 0.961879532686, 0.168285627299, 0.215563708085,  
237, 3001384.683704809, 89.48378607475074, 96.13776951693, 89.09150262785468, 83.65708485451891, -0.776265894296, -0.108517769412, -0.620995293924, -0.0473998274881, -0.972236824068, 0.229148018277, -0.628621124134, 0.207314861137, 0.749570564153,  
238, 3243656.1472500456, 91.8294676596626, 99.73260083402165, 90.24138093095856, 86.04057871023413, -0.277787522734, 0.892432567732, 0.355525251233, 0.956517263661, 0.22269395079, 0.188367005074, -0.0889315272117, -0.392392044176, 0.915488758607,  
239, 1514321.7984714294, 71.23769436318273, 133.07231016516744, 68.94760479074047, 39.402400837322595, -0.855703228713, -0.370575435758, 0.361172854438, -0.514326842289, 0.685853406109, -0.514852410531, 0.0569199760263, 0.626321763746, 0.777483867735,  
240, 4026243.3119412707, 98.68939100758804, 104.22668962214968, 97.56637720890326, 94.5218653428706, 0.614848626396, 0.01647047665, 0.788473138425, 0.697731044207, 0.454658461765, -0.553585651091, 0.3676038038, -0.890513563369, -0.268054167824,  
241, 2998584.170808001, 89.45594576028387, 103.16823838666497, 89.19977396735652, 77.78894221547407, -0.681562524224, -0.508791647715, -0.525931159743, -0.699270844719, 0.241069673818, 0.67298268781, 0.215621917485, -0.8264481058, 0.520087220685,  
242, 3286321.5540951253, 92.23034120638754, 99.61170943235595, 91.13509160997125, 86.42222003880022, -0.324735668563, 0.46769989515, -0.822072717976, 0.0173349818438, 0.87197516392, 0.489243101036, 0.945645940068, 0.144624069865, -0.291269007017,  
243, 2527819.0406022477, 84.50565854199631, 96.72759665919254, 88.98965083394776, 70.10798281726251, 0.520905042863, 0.225465984042, 0.823300082813, 0.529977256049, 0.670657415115, -0.518982407815, -0.669165184682, 0.706670872182, 0.229856986012,  
244, 3414658.869750226, 93.41563523142521, 109.20393406428299, 100.12851829116767, 74.55257366752345, -0.790819616937, 0.600684438553, 0.117399057698, 0.37192495456, 0.319299610334, 0.871618945994, -0.48608246383, -0.732957000186, 0.475917928046,  
245, 2985058.9554160233, 89.3212450090401, 105.291445290117, 91.22799831037572, 74.18960702818906, 0.294183442691, -0.927449779116, 0.230852786996, -0.597343853031, 0.0101321711756, 0.801921230766, -0.746080708297, -0.373810441701, -0.551025707552,  
246, 3530933.520812269, 94.46414045297942, 101.36921194272622, 93.86437570723882, 88.59191007632184, 0.466629733388, 0.246660771936, -0.849361616455, 0.618006222116, -0.777920725375, 0.113611858792, -0.632712415987, -0.577925435173, -0.515438832487,  
247, 2553638.8295463505, 84.79240523471265, 113.63236100827193, 77.6216218875174, 69.1171975471018, 0.10586230194, -0.810304501371, 0.576367754204, 0.333514903357, 0.574983968753, 0.747101897278, -0.93678224912, 0.113137309212, 0.331117753975,  
248, 2915381.2927201623, 88.62078332376686, 113.14750440148198, 83.40453396832807, 73.75171331960166, 0.887720056425, -0.0851006915435, 0.452449968196, -0.36273752632, -0.734476880094, 0.573554879333, -0.28350412417, 0.673276752091, 0.682879071778,  
249, 3358778.894341124, 92.90325607264955, 98.08026677933056, 93.0533729647468, 87.85754181263967, 0.192434864353, -0.912536768372, -0.36089537175, 0.901832984823, 0.309442932256, -0.301566475527, 0.386867019099, -0.267435446503, 0.882503366275,  
250, 2511523.69933591, 84.32368109172133, 122.26545093760092, 82.7904279079493, 59.23314470644537, 0.44605550674, 0.52692576622, -0.723452639639, 0.259399049386, 0.697515172374, 0.667970596273, 0.856590110896, -0.485614889806, 0.174446440818,  
251, 3439410.4341530553, 93.64080353051888, 96.74908039641863, 95.10052073253095, 89.24125198258166, -0.631062189638, -0.655972839297, 0.414077464872, -0.772573334219, 0.57958746952, -0.259246617007, 0.0699353706141, 0.483505945445, 0.872542861214,  
252, 3396715.8441649172, 93.25172391990034, 98.37648880503018, 90.87861124403523, 90.70215550359372, -0.757502660593, -0.652330825075, -0.0255776044855, 0.222998557104, -0.295376757322, 0.928990965921, -0.61356447316, 0.698009359458, 0.369217512295,  
253, 3241800.477914714, 91.81195268832498, 125.18834726729746, 90.47334285729126, 68.33026886173727, -0.266353669546, 0.0141048319597, 0.963772160023, 0.0740141708171, -0.996641380166, 0.0350408598501, 0.96102946117, 0.0806660588858, 0.264415131387,  
254, 3415051.1548542106, 93.41921237342335, 109.71272593629382, 94.01095527135665, 79.04476865942573, -0.0813464984921, -0.152703999089, 0.984918390449, -0.471240462262, -0.864869494458, -0.173012092879, 0.878245508904, -0.478207325559, -0.00160619809295,  
255, 2272092.8683400047, 81.5541044505032, 104.15327831558108, 91.49968017591166, 56.91738632816111, -0.481625938221, -0.785222856375, -0.389180576929, -0.0481906524906, -0.419677869984, 0.906392931602, 0.875050922316, -0.455297212018, -0.164287346082,  
256, 3628552.3504912313, 95.32678099423201, 103.52580012094067, 95.1872693648795, 87.90575731508294, 0.799399016085, -0.266772664386, 0.538324770578, -0.189765191592, 0.738029441813, 0.647535107216, -0.57004419578, -0.619794230816, 0.539355843859,  
257, 3450000.7619806966, 93.73681520906254, 107.67455207622882, 90.29155767936015, 84.71695989234136, -0.129191838583, 0.711439384507, 0.690770201309, 0.201692873445, -0.663193640154, 0.720759447014, 0.970891061677, 0.232439664928, -0.057813048035,  
258, 1517344.2946411998, 71.28505826447855, 103.48008192434561, 78.29904300796223, 44.707698021660775, 0.597935330925, 0.752316586135, -0.276573849555, 0.351345012244, 0.064136935332, 0.934046645461, 0.720437382708, -0.655672332611, -0.225972940515,  
259, 3086424.572402904, 90.32105870069539, 101.75362122628994, 94.94203736751794, 76.27085900157859, -0.0690900392841, -0.829335058959, 0.554463638531, 0.927679229304, -0.257835143691, -0.270059782632, 0.366930257663, 0.495705959879, 0.787170748537,  
260, 3625688.7036027303, 95.30169715387605, 102.45977761143348, 95.97917725771883, 88.01799522207186, -0.693972326963, 0.561012770325, 0.451294893547, 0.459777636969, -0.13705646733, 0.877393896324, -0.554082064277, -0.816382383626, 0.162827730291,  
261, 2660778.3009355958, 85.96203609195973, 107.6142983164436, 97.34194159062707, 60.638730156610606, -0.9344520381, -0.305574586965, 0.182821115553, 0.0675753200846, 0.351908865847, 0.93359184136, 0.349618312745, -0.884750994314, 0.308192656393,  
262, 3117718.1157367546, 90.62529064133109, 103.22694053056118, 96.8344358377113, 74.4603982515839, -0.811889113477, -0.384614900669, -0.439212301285, -0.578826275634, 0.432197519352, 0.691495080894, 0.0761328447668, -0.815644948767, 0.573521671342,  
263, 3525489.6197118373, 94.4155680335098, 104.44639448574208, 93.19706490588302, 86.46396420579764, 0.738806384936, 0.312740952251, 0.59695747115, 0.548932825387, 0.234592584484, -0.802271196366, 0.390944853899, -0.9204126336, -0.00164472474162,  
264, 3724311.0824945895, 96.15807931077944, 99.80185260790314, 97.275998282177, 91.58261512455825, 0.0314979857691, -0.640723153378, 0.767125620494, -0.978467981915, -0.176401072743, -0.107159086884, 0.203981090446, -0.747232562366, -0.632483369331,  
265, 3146262.9844864206, 90.90102991931502, 96.85431143201737, 90.63069123931815, 85.56815368664698, 0.804274654685, -0.166367305813, -0.570494697072, -0.153062062746, -0.985616392741, 0.071640291093, -0.574207527623, 0.0297026247393, -0.818170806925,  
266, 3854520.6794181005, 97.26589564693258, 103.0449238096545, 102.30678404839229, 87.28723471395098, -0.264853158388, -0.942895499752, -0.201992279652, -0.532087004766, 0.317598106311, -0.784866142872, 0.804199119529, -0.100396809786, -0.585819303825,  
267, 3215044.876032723, 91.55867026341043, 97.55695325789836, 92.74603823718911, 84.82909505310593, 0.969981022266, -0.0546005836566, 0.236971712884, 0.0555483636366, 0.99845239932, 0.00268059509294, 0.236751337357, -0.0105632645104, -0.971512852052,  
268, 2517047.793992873, 84.38545911320415, 111.10739095435744, 85.47422186274683, 63.27392093027034, -0.088696412963, -0.638755416184, 0.764280357345, 0.30898808815, -0.747096355323, -0.588534958388, 0.946920961701, 0.183952586714, 0.263632581697,  
269, 3311690.4496495933, 92.46705844599632, 98.67075478145271, 93.26394230649402, 85.91300439447265, -0.294205277268, 0.100987718428, -0.950391885253, -0.939022371467, -0.215732202709, 0.267762212792, 0.177989439891, -0.971216297969, -0.15829927936,  
270, 3939566.039861142, 97.97604972553216, 103.93286968855124, 98.09940263726091, 92.24450276744938, -0.869186789364, 0.152128805431, -0.470500958291, 0.473046039291, 0.532940798957, -0.701570772993, -0.144020033002, 0.832364662492, 0.535189030838,  
271, 3896495.8905821494, 97.61769254895752, 103.08361858402597, 98.92086814498485, 91.2237747072564, 0.622619249729, 0.131017200273, 0.771478945337, -0.364922631835, -0.823505333751, 0.434362104767, -0.692225933233, 0.551972334919, 0.464919131509,  
272, 3639364.953777379, 95.42137413993659, 101.74358064683724, 100.32014982639579, 85.121998131621, 0.077203475575, 0.767859782653, 0.635948879662, -0.321290441066, -0.584664884372, 0.74494256521, 0.943828414405, -0.26183645118, 0.201567847125,  
273, 3272774.1692414535, 92.10343124710728, 100.72329218015366, 92.62663692777934, 83.74552722019617, 0.620957291553, 0.747183678858, -0.236914735961, 0.453045459893, -0.095464934939, 0.886361245468, 0.639657606331, -0.657725623832, -0.397787820851,  
274, 3597675.8278482524, 95.05562162774417, 99.36595731743552, 93.5391183564893, 92.40650097348063, -0.0886019409644, 0.928352680971, -0.360986143489, 0.988790802688, 0.0382499923591, -0.144324934106, 0.120176722278, 0.369727247871, 0.92133561616,  
275, 3199156.4515670054, 91.40759658344986, 108.5235936119934, 93.06734413821633, 75.61803419047475, 0.858011705827, 0.0879582826956, -0.506042738481, 0.366823157231, 0.584688260645, 0.723588563469, 0.359522855995, -0.806475652682, 0.46940423693,  
276, 3286297.7403574674, 92.23011842899356, 103.53868669920963, 91.32413473465503, 82.9717176449727, -0.419138686187, -0.849370461421, 0.320768734461, -0.907295416973, 0.378712007868, -0.182735441106, -0.0337311144408, 0.36762349539, 0.92936278038,  
277, 3460796.8905426743, 93.83449063905056, 97.53599210892463, 96.11773132417626, 88.1290493041168, -0.680841638487, -0.374744624734, -0.629302097196, 0.0100303369003, -0.863886761018, 0.50358619568, 0.73236197037, -0.336550338539, -0.591928892676,  
278, 2766145.858263108, 87.08208573544643, 95.08915143716173, 87.65121376986058, 79.23144217233005, 0.216689438879, -0.741429894717, -0.635080623463, -0.0105136468772, -0.652271614882, 0.7579123984, 0.976183973597, 0.157554598915, 0.149135502323,  
279, 3259919.3569638804, 91.9826849744105, 99.65099580649634, 96.54193058225304, 80.89480364578138, 0.575833351993, 0.758867047408, 0.30419854551, -0.279137311169, -0.167231647437, 0.945577039489, -0.768438879968, 0.629407960271, -0.115530547045,  
280, 3873509.7339031748, 97.42535885016441, 102.79039115439477, 100.38157436806189, 89.62094538512802, 0.329391995035, -0.944173623661, 0.00608949837973, -0.0156560985355, 0.000986847657185, 0.999876948784, 0.944063451356, 0.329446800736, 0.0144570155681,  
281, 2481615.6483222456, 83.98762553575322, 100.33276432887139, 90.52358045476709, 65.22910334236582, -0.710270078341, 0.702379679668, -0.0466819173037, 0.470402541403, 0.522929869604, 0.710820512167, -0.523677252566, -0.482915248326, 0.701822625796,  
282, 3412081.709918069, 93.39212799160242, 101.1645320227308, 97.32978378914534, 82.72881012415549, 0.159584274942, 0.957810339386, 0.239023456916, -0.955488875128, 0.0890030533998, 0.281281826631, 0.248140824329, -0.273272410335, 0.92938061151,  
283, 3508004.179863007, 94.25921768322246, 98.25609885110352, 92.93595132730668, 91.71243557417111, 0.00435975157878, -0.972664714987, 0.232173092293, 0.903317098663, -0.0957621830646, -0.418148088072, 0.428951293073, 0.211548945905, 0.878207168985,  
284, 3019347.953076313, 89.66195108196754, 104.11831683524255, 87.21340121846544, 79.38056626949876, -0.0802223323767, -0.0953702029375, -0.99220406257, -0.180281431822, -0.977607756663, 0.108543444997, -0.980338198138, 0.187583577381, 0.0612324976504,  
