# Void_ID, Void_Volume, r = (a*b*c)**(1/3.0), a, b, c, vector_a, vector_b, vector_c 

2, 2010029.225341818, 78.28969255159711, 125.07006203841952, 67.14023879103553, 57.14490511083218, -0.689918711464, -0.619053308085, 0.375213503648, -0.0397800812439, 0.549971241902, 0.834235685054, -0.722792997135, 0.560628785231, -0.404061441445,  
25, 2045003.6896998044, 78.74116370348011, 129.50886665799263, 101.0328270820963, 37.31156609518731, -0.0541432049116, 0.586813666404, 0.807909793408, 0.874278307527, -0.36301913686, 0.322264716128, 0.482396055487, 0.723786451376, -0.493383439583,  
61, 3239498.0171371056, 91.79021132495187, 121.7108974919774, 100.82827338951111, 63.01984257564118, 0.00133024028156, -0.516840747106, 0.856080529268, -0.626472077129, -0.667697638654, -0.402135051834, 0.779442728517, -0.535775611116, -0.32467449468,  
77, 1443831.4701085088, 70.11473518398672, 116.72455669394132, 66.29131492109578, 44.54603228756642, -0.921743860294, -0.368297165563, 0.121430860366, 0.00414791965365, 0.303747020582, 0.952743691792, -0.387777063238, 0.878689333795, -0.278449284253,  
79, 889936.7096014415, 59.67010986190282, 115.7115914195172, 93.37362741788624, 19.663889041589044, 0.527246272439, -0.821009093518, -0.218987297714, -0.589147968668, -0.538930018661, 0.602045767364, -0.612303878163, -0.188410465068, -0.767844683149,  
81, 1623793.5466900025, 72.91452774085307, 109.17212545105065, 87.32980216162409, 40.66005482590899, -0.490366450654, -0.555168671301, -0.67180986185, -0.866150539253, 0.39585490919, 0.305093648281, -0.0965607965167, -0.731496163542, 0.674973610817,  
86, 1699365.7082081318, 74.02857910445921, 146.9393593708301, 71.15520319676162, 38.80193963907522, -0.201094663559, -0.167323534978, 0.965175513019, -0.979318754964, 0.0119458200948, -0.201970476945, -0.0222646011252, 0.985829666841, 0.166265316624,  
132, 1413293.1602922627, 69.61687896738114, 104.63392723157315, 61.50931306521298, 52.424010868300165, -0.109631890638, -0.487108287752, 0.866433127574, -0.953791517087, 0.296891920451, 0.0462269348332, 0.279754518263, 0.821328620939, 0.497148575315,  
156, 1242588.350391327, 66.6928929225772, 122.44927715894146, 90.19996905951488, 26.85814746812084, 0.81375229958, 0.356331790149, -0.459167562289, 0.508624815731, -0.0542844671111, 0.859275272222, -0.281261429548, 0.932781245502, 0.225413301047,  
158, 642751.4349496728, 53.53668571002635, 95.72695391636131, 71.17938357176502, 22.519875402484104, -0.410068982164, -0.900146353906, 0.146901230142, 0.00270920350151, 0.159863391082, 0.987135429619, 0.912050486587, -0.405191606209, 0.0631163384123,  
164, 972625.4433089597, 61.46374319796297, 122.69474721809091, 59.522483327906365, 31.794353951531594, 0.0113745840024, 0.637161184007, 0.770646640447, -0.760666728119, -0.4947338871, 0.420267188451, 0.649042947402, -0.590985622963, 0.479039920966,  
171, 2560982.2759007574, 84.87360603709668, 129.30724088095937, 99.36428356059888, 47.58442360390232, 0.133839360464, -0.665171252672, 0.734598005858, -0.837040972746, -0.472703540888, -0.275524540424, 0.530518082194, -0.578012601118, -0.62004193198,  
174, 3201692.5828524157, 91.43174466092154, 115.19598774686703, 87.02360064063703, 76.24592177257372, -0.570875330055, 0.559244741526, 0.601121182966, 0.820812506917, 0.405853239479, 0.401932800967, 0.0191881740389, -0.722861305563, 0.690726680314,  
176, 1734803.7338321977, 74.53963233979297, 124.62745604205475, 67.86866087344177, 48.96420738402906, 0.30799558619, -0.420198063709, -0.853564470994, 0.365871538081, -0.775869694486, 0.513969099071, -0.87822362557, -0.470595159806, -0.0852259294925,  
177, 815253.191260084, 57.95193827527085, 108.58597863090431, 46.65900723766381, 38.4144530771837, -0.980579977028, -0.196096611772, -0.00300458045601, -0.0305882892815, 0.137788007876, 0.989989303702, -0.193719552991, 0.970855593658, -0.141110421486,  
181, 1036935.3183914028, 62.78959558783052, 98.21471162375789, 67.91409142109167, 37.11304745349315, 0.577576094088, -0.815410390713, -0.0388812326817, -0.696753736818, -0.467590861932, -0.543960491275, -0.42537052762, -0.341269220052, 0.838209540436,  
184, 2036332.21302751, 78.62971002603769, 110.76471683349936, 100.92138479608435, 43.488595253299295, -0.695777891574, 0.697621143638, 0.17093234201, -0.628603771481, -0.706571042569, 0.324984092354, -0.347491617275, -0.118668031718, -0.930143792202,  
185, 899956.848349939, 59.893224120173414, 111.94336022881566, 67.22784631362029, 28.548647560708982, 0.65500279604, 0.0559964770118, -0.753548758702, -0.643411778883, 0.564252958791, -0.517339232313, -0.396222942261, -0.823700790978, -0.405616058567,  
232, 1825078.5603213967, 75.81078343262072, 124.28368947766901, 86.20064329660057, 40.66945100841889, -0.855949928973, -0.370108205336, 0.361067355814, -0.516987113604, 0.624221318018, -0.585723544429, 0.00860485088798, 0.688017196351, 0.725643365619,  
236, 2594345.448548188, 85.24058040528539, 131.85233904326913, 78.20510444329756, 60.06427725457542, 0.0659419292138, -0.255698691047, 0.964504972184, -0.318968942019, -0.921293277395, -0.222435408724, 0.945468389741, -0.292979310573, -0.142311797042,  
297, 1249971.9826820972, 66.82473160453856, 101.06628947025725, 69.70641857260148, 42.35772029332404, 0.551795231484, -0.409245573229, -0.726663665876, -0.742011344049, 0.156843830137, -0.651781541815, -0.380711423277, -0.898842630131, 0.217119180281,  
304, 2662977.9754461437, 85.98571793683138, 124.91765267780272, 88.27525451778698, 57.65223815961041, -0.574560627328, 0.395366229502, 0.716634935022, -0.181498568355, -0.915334804377, 0.35947248237, 0.798084178022, 0.0764705202379, 0.597673744048,  
310, 1229143.8056646737, 66.45148579938122, 94.00753963809473, 62.42858109565672, 49.999761971496085, -0.501527587968, 0.789316227289, 0.354189175223, 0.858294323947, 0.505356232755, 0.0891399545488, 0.108632094648, -0.348704705094, 0.930915730159,  
319, 258184.7327933791, 39.501535951039315, 107.48241000098646, 38.427886068912755, 14.923065944618351, 0.833931924079, -0.0307573093364, -0.551009558832, -0.23568639177, -0.922662035238, -0.305199432281, -0.49900848764, 0.384381004542, -0.776686405579,  
336, 1842570.4678257846, 76.0522088704661, 125.45694413006711, 83.84654087567729, 41.81726661004261, 0.32619656904, -0.919459405147, 0.219522665419, 0.42837541659, 0.350790741003, 0.832730663833, -0.842668559285, -0.177595772227, 0.508300541884,  
377, 357686.8078673741, 44.03568649714022, 89.86070080533436, 57.04720226621898, 16.65751303999487, -0.143751737406, -0.0319588278432, 0.989097604545, -0.989351432305, -0.0183715592869, -0.144382233, -0.0227855522105, 0.99932032859, 0.0289775685351,  
385, 2871469.9565327005, 88.17359655689407, 110.96007745717273, 86.11399508764696, 71.74228060211382, -0.706657079113, -0.649877646718, -0.279812109881, 0.0646160909885, -0.453083530154, 0.889123206023, -0.704599555297, 0.610224842988, 0.362167237164,  
421, 720817.0598448127, 55.62185677878225, 93.22688863605697, 64.79291898926176, 28.48837722235288, 0.227030988775, 0.756670437695, -0.613112370495, 0.426426901698, 0.488757985402, 0.761101654981, 0.875566689433, -0.434241269831, -0.211701421655,  
430, 1999559.4158863742, 78.15352446983069, 128.52366309027852, 99.0469153603685, 37.49916993039517, -0.15337811521, 0.0875222180104, 0.984284011416, 0.76588817341, -0.618876535862, 0.174376429569, 0.624412091175, 0.780597011725, 0.0278898849335,  
438, 2324106.3559698183, 82.17173615986754, 94.06366058251892, 85.58834686589175, 68.91771587125164, 0.768810940994, 0.639428672701, -0.00779163244097, -0.281904012243, 0.349830836936, 0.89339157899, -0.573985944854, 0.684652728072, -0.449211283311,  
456, 136303.15837802, 31.925602596571473, 101.01148053178827, 74.90222350138768, 4.300825908520532, 0.754025246404, -0.557807901824, -0.346837530332, -0.612174770663, -0.405385904021, -0.67889934378, -0.238092372722, -0.724232430566, 0.647147130542,  
462, 2140819.3655546177, 79.9522098132807, 116.54719923247434, 91.40558112909136, 47.975207289010015, -0.587582291583, -0.213646636428, 0.780449976207, 0.46942318978, -0.875619775438, 0.113718414334, -0.659081876184, -0.433180243785, -0.614789359765,  
499, 1195619.0004114837, 65.84175518182906, 102.47683449812186, 71.05183721086387, 39.201545128530334, -0.961003858575, 0.252640230201, -0.112447756262, -0.111017901298, 0.0199552066257, 0.993618042972, 0.253271809319, 0.967354487152, 0.00887055757431,  
500, 1626202.746107374, 72.95057067092297, 129.63574394849783, 81.36441518875294, 36.80669388094578, 0.928233178275, -0.370578132252, -0.032480988991, -0.290846874401, -0.77740419102, 0.557719301652, 0.231929434097, 0.508246565832, 0.829393854522,  
515, 869652.5629585978, 59.21327164054176, 145.7037820516944, 96.87620917554108, 14.708527969804159, 0.327440764429, -0.803562910428, 0.497060554435, -0.52018512513, 0.285854348315, 0.804794835435, -0.788790201121, -0.522086142829, -0.324401106783,  
519, 765303.2359530716, 56.743351062953714, 119.93723705338002, 80.77446126164202, 18.858920525152648, -0.97771860142, -0.209789229195, 0.0074037659706, -0.193402446156, 0.886513781727, -0.420343679182, -0.0816200358829, 0.412409740575, 0.907334764914,  
544, 758945.1937090383, 56.585775024848026, 119.71225791147381, 87.31957241029988, 17.33291403728706, 0.273713727033, 0.780796346045, 0.561638550704, 0.2218062092, -0.619440983751, 0.753057018565, -0.93588610482, 0.0815471253473, 0.342734978012,  
550, 1355620.0362260179, 68.65673132520378, 121.73505671403471, 77.0458433236632, 34.50519564630171, 0.355152113332, 0.518716459213, -0.777689019684, 0.310371981702, 0.71930054901, 0.621511024173, 0.881780136638, -0.462103835882, 0.0944660547148,  
559, 684287.8076891802, 54.66592874109495, 98.55626950920811, 46.399576309483024, 35.72332883832108, 0.253011668576, -0.155545625074, -0.954877297921, -0.89709830262, 0.331806284266, -0.291751992553, -0.362215034201, -0.930435461621, 0.0555888546074,  
575, 2443541.4521915573, 83.55588314064173, 131.9651455985484, 86.46998375138796, 51.12184071923991, -0.125598624322, 0.0986144319774, 0.98716775645, -0.98791137273, -0.103567015223, -0.115347271267, -0.0908631124236, 0.989721711979, -0.110430193503,  
583, 1726873.640997061, 74.42588091639345, 124.74866650241763, 68.36476135556366, 48.339676213986706, 0.291197867176, -0.303647122812, -0.907194701792, -0.85219859843, 0.348558528197, -0.390210842052, -0.434696849525, -0.886738618325, 0.157268152481,  
608, 2296625.511435372, 81.84657778279153, 135.12349468883394, 90.2866891212133, 44.941439520128206, 0.777636604432, 0.502372149478, 0.378025838901, 0.452662497938, -0.864649878256, 0.217892751125, -0.436323245321, -0.00167674140716, 0.899788427426,  
617, 1572872.9050237406, 72.14424186593806, 130.9099616591424, 68.47388115779081, 41.88971266870536, -0.856700188029, -0.507114563636, -0.0943377293493, -0.49257662019, 0.750029467594, 0.44138879798, 0.153078610764, -0.424606426103, 0.89234316372,  
629, 1418626.282204238, 69.70433647017121, 151.66246082102415, 62.564115354186804, 35.69241925720808, 0.53286160522, -0.625762470726, -0.569631319288, 0.419020715744, -0.389713409217, 0.820088469894, -0.735173550571, -0.675680981608, 0.0545441255578,  
631, 590060.9989333275, 52.03186989385355, 96.4038862720587, 44.67851526010707, 32.70506576633787, -0.779665134809, 0.289866721231, 0.555067168446, 0.586188447107, 0.649607659311, 0.484141501466, 0.220239374413, -0.702842210519, 0.676392966456,  
649, 1527181.17396775, 71.43877257980685, 114.56069901323573, 66.78140560363413, 47.65524885455157, -0.184724613737, 0.976079649524, 0.114653106652, 0.00606490737759, -0.115526407963, 0.993285893367, 0.982771608248, 0.184179713455, 0.01542073842,  
651, 690894.5368522563, 54.84129688573984, 126.01878261520945, 75.34614267971173, 17.371081014978074, 0.604524850894, -0.122575983622, 0.787098998151, -0.266087040684, -0.962407734386, 0.0544888940368, 0.750831133765, -0.242376733686, -0.61441527287,  
654, 2941518.2892280687, 88.88483036301469, 109.65697592166269, 83.83798955230952, 76.38460259710651, 0.488496542213, 0.487338370624, -0.723790329283, -0.321385052492, 0.871671214735, 0.370001272209, 0.811223012667, 0.0518710508813, 0.582431642169,  
656, 1207808.5334642404, 66.06475490430432, 124.62504068250304, 106.07336870267203, 21.812116558984766, -0.820255561587, 0.167681918693, 0.546867065957, 0.324834015542, -0.650383783206, 0.686646777382, -0.470811720364, -0.740866862996, -0.479012124358,  
683, 1844296.050751793, 76.07594264335366, 160.75818280184654, 88.69033278116137, 30.881092356023583, 0.201559946725, 0.791143513334, 0.577464742807, 0.904438384974, -0.376644157473, 0.200325700866, -0.375985100319, -0.481903641769, 0.791456937797,  
687, 198738.51257590193, 36.20188145567932, 91.58122439882405, 50.500483078389024, 10.258679165838977, 0.045498581769, -0.393910328472, 0.918022076085, 0.964880029993, -0.220675220983, -0.142509559555, 0.258720711922, 0.892265151156, 0.370035799964,  
736, 1307731.7008911038, 67.83856939530386, 116.10756492386635, 107.89568626572468, 24.920998772785865, -0.29412911997, 0.941085892577, -0.166869420742, 0.795143982407, 0.337814855125, 0.503614109114, 0.530315102582, 0.0154423589673, -0.847659970461,  
762, 2286402.142734714, 81.72495116089809, 134.83135172402436, 73.32467103249195, 55.21066745492453, 0.570903579634, -0.541068765754, -0.617506027085, 0.514659750559, -0.350158077645, 0.782633159159, -0.639683080842, -0.764613569972, 0.0785598160531,  
775, 1029100.571432751, 62.63105635123043, 96.54697675863738, 71.38907442677457, 35.64501319367991, -0.437983940549, -0.888514494347, 0.136792036157, 0.669033607158, -0.220520820358, 0.709763763715, -0.600469899591, 0.402383599471, 0.691030635039,  
794, 2545437.489001954, 84.70153396743042, 146.53388236215562, 98.56121271508103, 42.075543255282575, 0.487750087106, -0.0597652483471, -0.870935111026, 0.314838481438, -0.918471575022, 0.239346394338, -0.814233739865, -0.390945112473, -0.429168190689,  
812, 933760.1952323709, 60.63391107250293, 128.60301778710095, 71.64616253368357, 24.19372019282932, 0.65649563613, 0.341153639245, 0.672776095126, 0.641929062057, 0.215732880163, -0.735789646369, 0.396157240284, -0.914917219669, 0.0773687412614,  
819, 2002903.0185172737, 78.19706219604997, 125.00803100133483, 78.53289641489454, 48.70592345419213, -0.429475642094, 0.668087484558, 0.607626353794, -0.112676611657, -0.707223149781, 0.697953721674, 0.896021570072, 0.231288844069, 0.379012950406,  
820, 217710.54567214742, 37.319024730626566, 108.533100929566, 76.44603947151998, 6.26431596826357, 0.524180637872, -0.819271652936, -0.232440567835, -0.652570484119, -0.561786011049, 0.508476391828, 0.547162153422, 0.11484962553, 0.829109848801,  
831, 1984955.5294398079, 77.9627932614247, 125.79887549263228, 80.18387528045763, 46.97841620569619, -0.250294337236, 0.829037909435, -0.500048887077, 0.940200083615, 0.331383168058, 0.0787971998128, -0.231033650186, 0.450423512538, 0.862404842191,  
835, 814442.987728555, 57.932734250410945, 110.62192596112722, 97.06684350388156, 18.10756098708783, 0.186124233374, -0.663955401488, 0.724238216739, 0.459363615966, -0.592790235022, -0.661501931659, 0.868529123333, 0.455810225968, 0.194664326023,  
856, 651865.7402476725, 53.78855150289557, 127.85042166573345, 50.66295699045594, 24.025744176698723, -0.851163605731, -0.332229834934, -0.406378952528, -0.523655029872, 0.484154973843, 0.700984572578, 0.0361375977076, -0.809454938883, 0.586068917406,  
885, 2605504.1610563295, 85.36261692380741, 134.4978005399185, 77.42013813911106, 59.73571104861593, 0.87359833834, -0.0351068554681, 0.48537969874, -0.367851058044, 0.605358058675, 0.705852123247, 0.318608760622, 0.795178677717, -0.515925700231,  
904, 1528139.0003724059, 71.45370458734705, 123.16764374728082, 65.53394866929101, 45.197173954427655, -0.73282261937, 0.037820889186, -0.679367786167, -0.17333970094, 0.955133789395, 0.240151603023, 0.65796987516, 0.293749935656, -0.693387783772,  
915, 415322.4222034189, 46.28414615267709, 112.49560105158032, 57.88165726752349, 15.227207683845128, -0.00260979561085, -0.672205491622, 0.740360024582, -0.9892768352, -0.10637941237, -0.100073792578, -0.146029217296, 0.732682194172, 0.664719692833,  
939, 1601101.7212862098, 72.57328333176307, 115.17445789287949, 88.44769395036575, 37.52214212066671, 0.643354753489, 0.765539663332, -0.00660946511487, -0.304651479299, 0.263928502062, 0.91516622641, -0.702340471085, 0.586762958669, -0.403022447278,  
943, 2885694.196219548, 88.31895034359403, 109.61152694460654, 85.11208164520231, 73.8438372523585, 0.45619984471, 0.473484088745, 0.75345505466, 0.788806080256, 0.176753666925, -0.588679122255, 0.411906141538, -0.862885252472, 0.292852132703,  
949, 1845104.9489260379, 76.08706318201413, 84.26376437558055, 79.08857076859027, 66.09641132235875, 0.767819978174, -0.188998803189, 0.612153521193, -0.601454113184, -0.541790586032, 0.587125123479, -0.220693069329, 0.818988652718, 0.529671743507,  
953, 1891051.7947133838, 76.7134659682655, 106.47472424103566, 76.55158463223977, 55.387798768644686, 0.0743513056669, -0.288903714695, 0.954466619103, -0.289345765731, -0.922191948435, -0.256595085875, 0.954332704668, -0.257092695106, -0.152159241992,  
955, 819793.9434152282, 58.059331637516465, 86.22753168028105, 56.453557457852035, 40.20488529088578, -0.330869737982, 0.710409093585, 0.621163534216, 0.922203612466, 0.103794808349, 0.372514610337, -0.20016421669, -0.696093066703, 0.689484393475,  
1045, 3330209.9981158534, 92.6391020970275, 122.18281441103447, 86.79232382348016, 74.97070068742583, -0.184446656228, -0.791537346591, 0.582621712569, -0.982545099638, 0.163082645237, -0.0894940109693, 0.0241776380801, 0.588958979703, 0.807801189677,  
1055, 2644806.824993275, 85.78969343062938, 132.22010097291394, 85.0122093196189, 56.172863109805675, -0.332867351409, -0.412874696564, -0.847781700265, -0.0287446029934, -0.894190807153, 0.446762294964, -0.942535449819, 0.173081730233, 0.285779006392,  
1066, 2546896.663180411, 84.7177159508746, 127.89238119346608, 85.17397808718809, 55.81759369270072, 0.312784457295, 0.739083835822, -0.596591122043, -0.434498946831, 0.6698716697, 0.602065288267, 0.844616213719, 0.0709015497696, 0.530656594949,  
1076, 1916401.3649207365, 77.05472722987435, 124.98726092533569, 75.81601464343306, 48.280433405142304, -0.975548795868, 0.218016315115, -0.0278106674572, -0.148430458481, -0.560220599717, 0.814936364784, 0.162089314502, 0.799138139495, 0.578882793084,  
1084, 885144.5522220605, 59.562812583865465, 102.09558431225611, 71.39244832119472, 28.99121098802243, 0.194474591867, 0.980028649764, -0.0415148017012, -0.642667551212, 0.159274901888, 0.749406381243, 0.741051989902, -0.119060284186, 0.660807534001,  
1091, 1695410.692215453, 73.97110439611171, 125.95088057286269, 85.43657566582247, 37.61328519431389, -0.121590814233, 0.156879194133, 0.980104378289, -0.58458443326, -0.809326670212, 0.0570208845339, 0.802170003356, -0.566020546739, 0.190115823604,  
1092, 2025150.3839102357, 78.48552297194297, 105.04018105902755, 90.91618633644664, 50.6258114822126, -0.691540782454, 0.628074936492, 0.356781754513, 0.573758986678, 0.177548142463, 0.799548173854, -0.438830230738, -0.757626907691, 0.483145420482,  
1127, 2159302.7179611768, 80.1816472305946, 134.93534947378186, 83.36080890491198, 45.82867105493497, 0.648727850109, -0.359910629141, 0.670534499877, -0.306960672999, 0.682493909079, 0.663307778714, -0.696367231944, -0.636133950596, 0.332274397409,  
1162, 1919146.8206091195, 77.09150612882985, 104.13980036193655, 69.34069934302356, 63.447517369739415, -0.1302684748, 0.0786051635473, 0.988357907206, 0.00209325074645, -0.9968283026, 0.0795547197662, 0.99147654676, 0.0124323529341, 0.1296907623,  
1169, 354071.9973186451, 43.88684126684863, 131.1369455089863, 50.313255412617885, 12.811367505560696, -0.532230234748, 0.669345336045, -0.518370329335, 0.790937648979, 0.174776788391, -0.586404902493, 0.301908285159, 0.722101028496, 0.62243191756,  
1185, 2300551.357128147, 81.89318734404593, 107.2250370214202, 73.22739757881229, 69.94771286638519, 0.590812059058, -0.744096144374, -0.311868624263, -0.671185285909, -0.238789539139, -0.701776223576, -0.447718017116, -0.623939487391, 0.640506122706,  
1202, 529101.6893400642, 50.17455309986581, 118.52497333459878, 46.849071346725005, 22.747814912554254, 0.80583790224, -0.419816043604, -0.41758803245, 0.276774489063, -0.356395029904, 0.892400394926, -0.523470302421, -0.834707776526, -0.171002252297,  
1208, 2550703.5556055694, 84.7599046376407, 123.7485662015485, 90.41912804047435, 54.42154762165338, 0.132742251105, 0.476660779235, 0.869007477707, 0.580171878736, -0.748231712524, 0.321791695817, 0.80360443372, 0.461458346887, -0.375867141677,  
1215, 355940.1005904792, 43.96388904948207, 118.71721581485089, 40.56027259485586, 17.647116044516657, -0.909136595815, 0.139511767892, 0.392437404906, -0.161221594907, -0.986656318885, -0.0227355611495, 0.384028966987, -0.0839391149876, 0.919497676718,  
1216, 285804.7336482171, 40.8626884131789, 89.38311862208865, 66.04207158857969, 11.558583567416626, -0.482098711145, 0.221548211722, 0.847642154801, -0.715453414242, 0.458864056218, -0.526849304792, -0.505675038697, -0.860441844516, -0.0627103455978,  
1228, 2339617.896596175, 82.3541410402447, 115.54371851780232, 86.52317258069718, 55.86985570801894, 0.801460238324, 0.444026720178, -0.400626706741, 0.254917325406, 0.352346598632, 0.90048266593, 0.540997822171, -0.823827740611, 0.169201684996,  
1234, 2259379.6532341093, 81.40171122298248, 111.50031229021438, 76.37883009255668, 63.33612928337656, 0.508701340095, -0.0726768968052, -0.857870045669, 0.363689474933, -0.885019442346, 0.290638181409, -0.780354350541, -0.459846338836, -0.423778753893,  
1249, 2173627.3976920904, 80.35856327319604, 138.92255374748962, 88.8463486228608, 42.04207552833926, -0.177480943535, 0.115201655729, -0.977358221533, -0.22540893139, 0.961964767262, 0.154319798456, 0.957962070403, 0.247694095737, -0.144762932429,  
1250, 2273598.2700970173, 81.5721120165979, 131.9406847643919, 104.38279310897839, 39.41100170856925, -0.838647694553, -0.0012012430262, -0.544672930699, -0.521181112742, -0.288754045329, 0.803113534332, 0.158241246653, -0.957402558134, -0.241536849231,  
1251, 2098167.643608737, 79.41767926838016, 150.870755481821, 63.390509814408105, 52.37478659762543, -0.534224258951, 0.825912688445, 0.180201754192, 0.375502745898, 0.0408642130415, 0.925919977058, 0.757365254664, 0.562315167107, -0.331963136312,  
1265, 1619381.2862771878, 72.84842538810936, 112.7691071342809, 83.69722506740659, 40.95993941668291, 0.00464635477283, 0.794708024041, 0.606974108107, -0.915421396495, -0.240913863874, 0.322434763995, 0.402469971832, -0.557135231984, 0.726373357892,  
1268, 2687945.0252506537, 86.25360539621575, 114.63784450295232, 92.62588661682383, 60.4326144464521, -0.674273877287, -0.0818433580454, 0.7339321516, -0.710756505962, -0.197840425883, -0.675043965323, -0.200449314392, 0.976811563522, -0.075227931844,  
1276, 1362107.710418936, 68.76608198230797, 133.43970773045106, 76.75262118573235, 31.750059530816465, 0.316683494923, 0.688598249024, 0.652337347915, 0.907018100806, -0.421071124248, 0.00415609616456, -0.277542301017, -0.590365615332, 0.757917351286,  
1278, 1551577.1007069172, 71.81716391391167, 136.0833644273081, 86.47493179073031, 31.4767210994715, 0.120324343735, 0.489959760641, 0.863401114927, 0.711755840393, -0.648867227798, 0.269025917628, 0.692044562128, 0.582160419165, -0.42680624455,  
1280, 2039851.3782238876, 78.67497960225057, 134.87020083246617, 109.11778286096121, 33.090122862669666, 0.115727861328, -0.246483619224, -0.962212496056, 0.166138391094, -0.950271024493, 0.263406558411, 0.979288056252, 0.19034391365, 0.0690224414176,  
1294, 247693.4299033502, 38.959074010897254, 117.46838015273775, 45.53618671050935, 11.054732512426645, -0.526972048967, 0.657735796336, 0.538223078124, 0.845269922047, 0.339726405703, 0.412437544547, -0.0884263450042, -0.67228683721, 0.734990605398,  
1305, 1808659.6378984284, 75.58275986164703, 118.46083028723126, 94.68359797917856, 38.496275403086, 0.675230997584, -0.395652506856, 0.622512806069, -0.0740498502809, 0.803338284181, 0.590901193806, 0.733879908143, 0.445091782655, -0.513140902129,  
1309, 1132625.2454014178, 64.66449288370296, 119.81025034235127, 65.50968617601715, 34.450706577692664, 0.689469233045, -0.503606535854, 0.520588737613, -0.571425923499, -0.819850095866, -0.0363074959481, -0.445089418699, 0.272444998769, 0.853035246639,  
1312, 606716.7732947823, 52.516905852804165, 79.5906741407712, 54.03358390660176, 33.67994975772656, 0.686894447423, 0.461477250636, 0.561439903503, 0.257304346479, -0.876911641387, 0.40598084497, 0.679684111468, -0.134405060712, -0.721085839739,  
1338, 2364734.7430582177, 82.64779556468919, 103.04765675716725, 81.93830241728126, 66.86036453767272, 0.502025643298, 0.850098216139, -0.159070036114, -0.447351702432, 0.412656944904, 0.79346751676, 0.74016667569, -0.327180789076, 0.587457252451,  
1348, 1050080.336823005, 63.05380591653778, 121.45443258726074, 63.83121317368768, 32.33608582281267, 0.0551790092457, 0.430411957554, 0.900944406572, -0.962347560077, -0.217604646713, 0.162896873336, -0.266162451432, 0.87601013951, -0.402198688367,  
1363, 1678474.2903692364, 73.72396677230694, 120.33405061233024, 96.6467679568683, 34.45483807332335, 0.29482755438, 0.494200463302, 0.817827986346, -0.400578711615, 0.840957386995, -0.363768290344, -0.867532944031, -0.22035556569, 0.445903594614,  
1367, 2072530.4777672247, 79.09288894120512, 98.19385045292044, 77.87724608056027, 64.701960590822, 0.420142751322, 0.29686553583, -0.857526047504, 0.818873127471, 0.28319846368, 0.499244861041, -0.391058652402, 0.911959145908, 0.124111428063,  
1369, 3606502.975959389, 95.13329999436883, 131.80975705282427, 89.03443405677889, 73.36554085974113, 0.346819282199, -0.512472403787, 0.785549757082, -0.886791037998, 0.0936161618717, 0.452589956984, 0.305480016403, 0.853585408494, 0.421988044837,  
1371, 2311461.5920628407, 82.02244117179109, 102.74151926192667, 76.58810196500613, 70.12789158529131, 0.173339827793, -0.874753649779, 0.452503432362, -0.649436550732, 0.243885619279, 0.720244383027, -0.740395482613, -0.41871930563, -0.525821901805,  
1372, 2700863.289590923, 86.39156290546366, 115.28371568810122, 86.37842326968891, 64.75014639353803, -0.726202805675, -0.192046304685, -0.660111885885, -0.685497718495, 0.275151720866, 0.674080416896, -0.0521762682395, -0.942024281726, 0.331463255386,  
1384, 2470045.4968820643, 83.85689569152181, 108.73361550641208, 99.53443610559711, 54.48527586285381, -0.928399030848, -0.257341914423, 0.268049209291, -0.272366552565, 0.961990045695, -0.0197892149568, 0.252768076632, 0.0913799270393, 0.96320195617,  
1389, 1139876.8910008161, 64.80220444306246, 116.95231546068581, 59.39280853404512, 39.17659192804136, 0.605468620691, 0.627229308818, 0.489888909364, 0.325372272622, -0.756829932201, 0.566869771582, 0.726319925079, -0.183825590939, -0.662319800813,  
1404, 1219530.5707403084, 66.27779133545553, 110.40778832780235, 94.43558974354806, 27.923424276550207, -0.770210036807, -0.633186808549, -0.0764915987576, -0.635668074859, 0.752330630017, 0.172987634657, 0.0519865156226, -0.181860079781, 0.981949241853,  
1405, 1921036.7026048158, 77.11680314275564, 155.21595350798964, 79.19152649645028, 37.31057838110185, 0.466380202881, -0.0127976506166, 0.884491789956, -0.761562932195, 0.502865622976, 0.40883745613, 0.450012673896, 0.864269856797, -0.224780354937,  
1415, 2286047.1996527337, 81.72072192424608, 118.30604891930585, 91.89294617470236, 50.20043235998991, 0.0558013015685, -0.538715548023, 0.840637718082, -0.532950202779, -0.728042310269, -0.431182647861, 0.844304622811, -0.423957489351, -0.327734269069,  
1422, 2873774.066969763, 88.19717418918567, 116.51533908173671, 86.19974030270097, 68.30853186508342, -0.638736344621, 0.75026552398, 0.170638581766, 0.742692894093, 0.659141815604, -0.118064948168, 0.201055084798, -0.0513196887152, 0.978234707229,  
1428, 914872.4619378534, 60.22229685909742, 116.06402031417004, 75.80881309745891, 24.823021244789064, 0.254577472839, -0.101692778421, 0.96169064108, -0.702173893519, 0.664341776568, 0.256128536417, -0.664937691504, -0.740478617331, 0.0977204364138,  
1431, 3773252.2009072416, 96.57745163112772, 119.11565314963369, 97.85037034064779, 77.2851251585587, 0.311773455499, 0.136874847073, 0.940246025615, -0.581975703691, -0.754712630499, 0.302841750225, 0.751066969557, -0.641618361337, -0.155641529276,  
1434, 2299451.2883362686, 81.88013213990475, 115.93714944413327, 88.71466111000358, 53.37250524572693, 0.333343871164, -0.562703310159, 0.756469991668, 0.31858811408, 0.822392309187, 0.471351783021, -0.887346311834, 0.0838801199712, 0.45341002233,  
1438, 1239737.347036977, 66.64184698345484, 147.49762635960226, 73.47792300753075, 27.30858339669775, -0.0825830308733, 0.995792518779, -0.0397152685374, 0.977873151615, 0.0732821155368, -0.195943437994, 0.192208590761, 0.0550180978012, 0.979810627903,  
1444, 1014680.374956716, 62.337141527735625, 123.85592568626174, 78.67510465028478, 24.859164752635184, -0.180562629596, 0.882133094022, 0.43501533447, 0.747525373994, -0.164363429305, 0.643576318973, 0.639220581669, 0.441390833092, -0.629738978016,  
1449, 1575627.9095307207, 72.18633930799672, 123.04113058223881, 89.2034378898494, 34.271502932205316, 0.627037300791, -0.367519018104, -0.686843500914, 0.38283364225, -0.622502489635, 0.682589959463, -0.678426580978, -0.69095616484, -0.249633636539,  
1457, 2499681.1063479776, 84.19093501628937, 104.46293407357304, 78.46304869193028, 72.8062394783505, 0.0348743066013, -0.986628259416, 0.159211998484, -0.933938536334, 0.024531106792, 0.356590851187, 0.355728257367, 0.161130079507, 0.920594647165,  
1461, 3328496.1748614837, 92.6232077749775, 136.903882304386, 104.44918730649859, 55.56977312831635, -0.456552146814, -0.87776124831, -0.145242308589, -0.8894199359, 0.446216063192, 0.0991130797262, 0.022188169437, -0.174431694121, 0.984419254801,  
1463, 1522136.835910443, 71.36003081741468, 112.38278525342929, 66.3403257522444, 48.7402436382301, 0.839062655876, 0.520923096753, -0.156885266306, 0.381579393105, -0.769054199973, -0.512789239611, 0.387777031646, -0.370398116588, 0.844058178655,  
1464, 623970.8278952137, 53.01009211008797, 113.22897973724271, 82.83771284494557, 15.881443833639945, -0.897763438964, 0.207252384096, 0.388673715276, 0.144238239954, -0.695418038563, 0.703980881683, 0.416192428805, 0.688069909913, 0.59442717071,  
1465, 2093867.1609098064, 79.3633830092435, 131.8005937988482, 107.29678357572938, 35.34731630310691, 0.769292708804, 0.586849682464, 0.252579053712, -0.445528418783, 0.209403687929, 0.870433526203, -0.457922653117, 0.782149311624, -0.422550941412,  
1467, 2573986.9945311057, 85.01702682897752, 119.13814317853183, 107.7672440719576, 47.86081998625309, 0.208051493728, -0.845740164576, 0.491363561917, 0.943281931342, 0.0406120125056, -0.329499411903, 0.258715623729, 0.532047214505, 0.80622080572,  
1468, 418077.3178884176, 46.3862572640628, 122.65631792192231, 89.41936802379259, 9.100106553897568, -0.901200681946, 0.394477108673, 0.179513625089, 0.327067229395, 0.347245758565, 0.878889873997, -0.28436659142, -0.850769177798, 0.441958649416,  
1475, 2756128.557384356, 86.97683910519427, 103.83735830068872, 101.68413874485587, 62.31663819533256, 0.778411487165, -0.133666360126, 0.613358672247, -0.602680207679, -0.43251193946, 0.670604197344, -0.175647726774, 0.891665142526, 0.417230331692,  
1481, 1871350.4298695093, 76.44612988771662, 130.54303430462852, 72.58124413199059, 47.15072778844725, -0.900798256854, -0.023389759459, 0.433607448737, 0.416655888753, -0.327818968716, 0.847898929188, -0.122312594673, -0.944450974324, -0.305044236598,  
1485, 1386759.0837096437, 69.17844622141901, 129.89067655481728, 105.05162816492833, 24.26228183875129, 0.235790199804, -0.686350103137, 0.687987294651, -0.945433615228, -0.325813213392, -0.00101448323975, 0.22485164192, -0.650207110006, -0.725722022005,  
1486, 156368.2997011054, 33.42104574390704, 97.39387499337487, 53.16052585398863, 7.210065180990286, -0.000673990560611, -0.999999688733, -0.000410209099303, -0.81172248743, 0.000786673207473, -0.58404279342, 0.584042934327, -6.06633793054e-05, -0.811722764977,  
1495, 626909.6088647397, 53.09318419733623, 118.37145458115238, 65.454212658177, 19.316646387768802, -0.972584066017, -0.207506241129, 0.10498282918, -0.134884830328, 0.871107594107, 0.472205084722, -0.189436841922, 0.445098550191, -0.875214809941,  
1497, 845871.414885197, 58.66853538158402, 114.56603575264658, 52.865272661476354, 33.341825730833335, -0.481222980374, 0.854152528082, -0.197098711133, 0.843475919721, 0.389960340708, -0.369431056526, 0.238689790337, 0.344026730713, 0.908114966589,  
1504, 3270424.9937881967, 92.08138889625883, 121.48351848398879, 89.23433833188577, 72.02217199737277, -0.890680844943, -0.363291694911, 0.273325404712, -0.450778159199, 0.783795238672, -0.427158138192, 0.0590481468027, 0.503670694247, 0.861875366927,  
1505, 2088915.2832726832, 79.30077031785656, 128.96455565453417, 74.60868894493562, 51.828953927278356, 0.667152138973, -0.68977189217, 0.281287682339, -0.651883421632, -0.723341669648, -0.22765068318, -0.360494144285, 0.0314891366039, 0.932229803327,  
1517, 4620715.605043684, 103.32534801417815, 128.72423324094402, 96.41289802583366, 88.88432512465407, -0.324527081966, 0.235601874912, 0.916064369795, 0.941928443781, -0.00789703999482, 0.335720782131, -0.0863306426831, -0.971817572025, 0.219357304042,  
1518, 529542.9916817369, 50.188498745926715, 104.64416984505945, 46.28997363917992, 26.098205403568883, 0.754289987488, -0.633202635268, -0.173496505627, -0.569798222506, -0.762638500604, 0.30612497942, 0.326154258602, 0.132049006379, 0.936048321141,  
1520, 340637.9299510701, 43.32462362381922, 136.523317022547, 80.03590465427052, 7.442394823904656, -0.089402039442, -0.65925217555, 0.746588135706, -0.0586628567282, 0.751773820787, 0.656806510032, -0.994266535987, 0.0149228486757, -0.105883728699,  
1523, 2713366.9239307125, 86.52467415310562, 129.3995028568643, 110.07160475733785, 45.47911566699244, 0.905988667523, -0.10339908835, -0.410479186864, 0.269041487452, 0.889305777805, 0.369799826382, -0.326804547627, 0.445470382956, -0.833519601185,  
1528, 1227153.4834853145, 66.41559867261451, 111.96862934839531, 78.03333194677775, 33.53001611077991, -0.945910164959, -0.321424702859, -0.0440467957886, -0.315847888344, 0.881346469005, 0.351380866015, 0.0741220025102, -0.346286820374, 0.935195897542,  
1531, 2039930.1188823036, 78.67599190475656, 124.4136563309418, 99.42110079369255, 39.37132765384241, -0.59426460768, 0.701321346955, -0.393697783032, -0.393947580859, 0.172942397426, 0.902716029939, -0.701181060493, -0.691548476593, -0.17351030208,  
1540, 2390843.772364488, 82.95085428495182, 127.82852998854075, 72.3092497547303, 61.750565479195615, 0.704596351795, 0.673125632687, 0.224601566463, 0.499630155251, -0.695355173408, 0.516576122927, -0.503898490772, 0.251759936117, 0.826258582748,  
1543, 1689006.0217348516, 73.87784117804355, 113.32050388367168, 104.10369276420148, 34.17967718244328, -0.868118138857, -0.400527043912, -0.293170571651, -0.495326432359, 0.73711027545, 0.45969573332, -0.0319784676577, -0.544285337779, 0.83829043218,  
1548, 876720.3691313245, 59.37325095321823, 97.18341938057178, 78.67242842595718, 27.375228690246267, 0.907402952923, -0.245913412085, -0.340802691868, 0.147028998214, -0.573926027041, 0.805600018104, 0.393703384176, 0.781111713676, 0.48462576907,  
1553, 841193.8965999997, 58.56019324708428, 100.03490286007919, 60.23262251107862, 33.329145268692685, 0.696471895654, 0.109503483097, -0.709179727399, 0.596510746347, 0.460999448865, 0.65700413822, -0.398875705021, 0.880618246084, -0.255753155617,  
1554, 2212209.754566782, 80.83123814574157, 117.54978707541919, 108.30951837293493, 41.48100044731416, 0.463292906085, 0.0364491253221, 0.885455331699, -0.816645323004, 0.405589734013, 0.410593940626, -0.344165802466, -0.913328215335, 0.217672854271,  
1555, 646202.4235424055, 53.632329121607526, 93.8665409949906, 75.11925944697111, 21.87851600860092, -0.505693061939, 0.0793683562844, -0.859054824285, -0.41899145371, 0.847842100931, 0.324976820106, -0.754135723079, -0.524275152863, 0.395493205083,  
1557, 1289059.7566393248, 67.51415145925728, 110.99322356520798, 78.57188129896505, 35.28749457459127, -0.489885277866, 0.109916275033, 0.864829941094, -0.111892659181, -0.991742507892, 0.0626644306006, 0.864576455469, -0.0660697398511, 0.49813887835,  
1562, 536874.6280189031, 50.41906144508101, 121.34573655355821, 50.69628661788102, 20.834524799297277, 0.442014854479, 0.257118609537, 0.859367726325, -0.448491374249, -0.766345292248, 0.459967803518, 0.776838693452, -0.588731614302, -0.223420524298,  
1564, 461921.6643936895, 47.95419158553259, 130.2828536959171, 74.57702105430772, 11.349779589410426, -0.838701566733, -0.084786966892, 0.53795060387, -0.0988776768347, 0.995095983633, 0.00268111557483, -0.535539808962, -0.0509426501293, -0.842972098835,  
1569, 353214.3984172997, 43.85137980209829, 105.8379738185125, 68.5248986088698, 11.626791136094091, -0.00290476671205, 0.998032360373, -0.0626336170003, -0.999372206248, -0.00510883147113, -0.0350584258005, 0.0353094280464, -0.0624924594586, -0.997420641857,  
1570, 1122815.141711687, 64.47725656663175, 116.66176793178808, 49.29070910141554, 46.615036839611356, -0.0466629558214, -0.919920440703, -0.389318573062, -0.141968698398, -0.379679338156, 0.91415999084, -0.988770679799, 0.0979284583459, -0.112882947413,  
1574, 1847241.4702023398, 76.11641994465907, 92.29619758835906, 78.42024187738265, 60.92886298585887, -0.972558563385, -0.176240874115, 0.151884808578, -0.213895000869, 0.934151108546, -0.285675751519, 0.0915356181438, 0.310323799754, 0.946213702034,  
1575, 868668.2674451326, 59.1909234972296, 134.88032521400902, 67.61053252243275, 22.740624479202268, 0.513857035188, -0.0054657026689, 0.857858422749, -0.346417655034, 0.913502891622, 0.213324342913, -0.784822117214, -0.406795517543, 0.467516471623,  
1577, 1743853.7902171055, 74.6690260757831, 136.42327825581776, 65.6427877694228, 46.48854588955232, -0.605418818652, -0.453880328349, 0.653804788572, -0.788751573326, 0.452050400289, -0.416558988829, 0.106484785758, 0.76788220655, 0.631678642401,  
1580, 3347175.0368997664, 92.79614571871913, 113.66959139868129, 92.78007154535767, 75.76887040791324, 0.905866648479, -0.360709871282, 0.222022530238, 0.207232087011, 0.834591989577, 0.510402853683, -0.369405572896, -0.416346730135, 0.830779707876,  
1581, 1050753.5436450476, 63.06727764272997, 160.23030414030993, 77.37308425214178, 20.23381094783946, -0.402686886905, -0.752256768054, 0.521491156236, -0.00929279195652, 0.573055830686, 0.819463641008, -0.915290617854, 0.325141153707, -0.237752634125,  
1588, 2068105.0645097548, 79.03655392028567, 116.04327407967718, 87.63169027915085, 48.55151951834465, 0.200305533484, -0.353261121163, 0.913829455386, 0.517904254192, -0.753580808622, -0.404834717343, 0.831656706067, 0.55436679658, 0.0320090315966,  
1600, 2179243.3418034515, 80.42771052695997, 91.3441589250248, 81.6284209620279, 69.77421220083086, 0.405354543137, 0.832462420402, 0.377748610819, 0.858120360249, -0.20404771765, -0.471162367181, 0.315146222703, -0.515141580092, 0.797064621456,  
1603, 2369446.670349858, 82.70265330765646, 102.50762713711131, 84.23324633952372, 65.51166086487507, 0.515834273012, 0.770569404612, 0.374349830321, -0.428027933844, -0.146704331144, 0.891779079746, 0.742096415997, -0.620242397695, 0.254150108136,  
1605, 1854410.0472751793, 76.21475433871225, 85.0075723385963, 79.84273889369624, 65.22650705720679, -0.773629640124, 0.45838869451, 0.437466552627, 0.305372652424, -0.33521611896, 0.89127868635, -0.555197913427, -0.823109930893, -0.119353753991,  
