# Void_ID, Void_Volume, r = (a*b*c)**(1/3.0), a, b, c, vector_a, vector_b, vector_c 

4, 784917.5130747238, 57.22403398416565, 115.76868491217989, 74.70560433005171, 21.666618010747545, -0.0858748099599, 0.794771829837, 0.600802176687, 0.867352442802, -0.23708192025, 0.437597878259, 0.490229800176, 0.558685870225, -0.668987923232,  
18, 2769283.1677882043, 87.11499557326134, 108.1702081277165, 88.4904669390406, 69.06763807776606, 0.34004913656, -0.876597011771, -0.34050589375, -0.838688792603, -0.446481881307, 0.31185740143, 0.42540297823, -0.179531636817, 0.88701786763,  
23, 153196.4099530732, 33.19352127837377, 107.52423220494039, 49.129340445715314, 6.9232927303565575, 0.600765283917, -0.521389888567, -0.60599806744, 0.384904444403, -0.475739491679, 0.790898542631, -0.700663715572, -0.70839573697, -0.085122485413,  
31, 1003012.8015802815, 62.097286393484985, 136.05915953676805, 95.71796468642513, 18.386396756704716, 0.513426659585, 0.431550309808, -0.74172595703, -0.319689880917, 0.898318361302, 0.301367718555, 0.796361378563, 0.0823920618317, 0.599182862639,  
41, 1890742.779192038, 76.70928717508356, 105.65538985442602, 77.24446865765145, 55.30759757465008, -0.154758618747, 0.890520115792, 0.427812684819, 0.72261731887, -0.193258739296, 0.66368310974, 0.673701699859, 0.411855536632, -0.61359680292,  
74, 930844.3193554038, 60.57073092802669, 156.50462135629041, 89.01235196353738, 15.951847927623463, 0.720042776372, -0.690180595024, -0.072035730343, -0.545718562819, -0.49907312743, -0.673139854467, -0.428636968062, -0.524000724932, 0.735998362689,  
86, 367785.94451582915, 44.446289042517236, 102.11610414552615, 77.26040715672809, 11.128978121018813, -0.593916823394, 0.463420816686, 0.657650327721, 0.208462948596, -0.700875930796, 0.68214084227, -0.7770495518, -0.54223064861, -0.319655936525,  
99, 813707.7303033632, 57.915295625439356, 121.19253689083081, 74.51063890906372, 21.512241694935977, 0.66909038468, -0.252347795786, -0.699026928731, -0.434434414189, -0.895952291713, -0.0923917244249, -0.602979930758, 0.365499768723, -0.709101630351,  
109, 2122018.8849145463, 79.71747699132415, 112.9393887042521, 76.79302700073536, 58.41083514725831, 0.667833767322, -0.315369376656, -0.674195977066, -0.294950074309, -0.94377575829, 0.149304292404, -0.683375821119, 0.0991437054607, -0.723303541245,  
113, 3308291.2155962945, 92.43541048231076, 132.98770127809428, 83.82891234090629, 70.84509906484276, 0.586846942568, -0.779369557188, -0.2195307708, 0.349800322006, -0.00049075430013, 0.936824153128, -0.730239961056, -0.626564324303, 0.272335724405,  
121, 3578653.1334376982, 94.88779008887987, 140.12939225232813, 92.60071703276807, 65.83963406931625, -0.972418433783, 0.161582648842, 0.168206531478, 0.231976467183, 0.745056402748, 0.625362195369, 0.0242756732483, -0.647133683498, 0.761989952277,  
124, 1544099.1575177338, 71.70160197698878, 114.60043047574325, 77.95718445624728, 41.261421158850084, -0.161154318802, 0.666545014405, -0.727837227204, 0.985137810059, 0.153055735239, -0.0779579187978, -0.0594371998357, 0.729583227386, 0.681304288547,  
137, 1736502.0143105607, 74.56394785061431, 127.97065983295174, 86.41249929119635, 37.48864181593301, 0.245663876688, -0.236090188073, 0.940165242277, -0.372628270222, -0.918364328425, -0.133248386515, 0.894872857965, -0.317597832759, -0.313582819531,  
138, 1921552.1831354324, 77.12370022692708, 152.86925615456713, 60.27034907576316, 49.78972350129158, -0.275251734514, -0.92081920394, -0.276276087096, -0.928101688114, 0.179569011505, 0.326162883583, 0.250726422953, -0.34618920226, 0.904040539507,  
155, 2312115.2289045444, 82.03017189893647, 115.27940425604022, 75.5525989179529, 63.37525697558803, -0.175588735295, -0.765102177857, -0.619505652497, 0.145567655946, -0.642543246831, 0.752295310031, -0.973641953482, 0.0419145963772, 0.224197486674,  
180, 1193039.3230798014, 65.79436751434477, 92.28070466984072, 75.00856726499897, 41.14758744285676, 0.352523947877, 0.935541225469, -0.022124231552, 0.883900497889, -0.340643029313, -0.320440690942, -0.307321941951, 0.0934073981471, -0.947010180498,  
187, 1251533.786321942, 66.85255187378084, 105.32883494987185, 71.91113004717465, 39.446690717335606, 0.382271261611, -0.287350114988, 0.878236069609, -0.831172029406, 0.308355959904, 0.46267662522, 0.403759507726, 0.906833233515, 0.120961756407,  
197, 1325551.145402624, 68.14530819260168, 95.32468083002797, 65.68066735664186, 50.543459385256305, -0.776025799085, 0.26962488899, 0.570163466377, 0.627716463724, 0.418025810565, 0.65667835572, 0.0612862164237, -0.867500340599, 0.49364679553,  
214, 931899.594345556, 60.59361145952616, 118.90338903899122, 69.07588171140176, 27.086933591941023, 0.0477438907465, -0.973146815786, -0.225179474692, 0.957719519408, 0.108631663502, -0.266406613711, 0.283714368759, -0.202939490023, 0.937188199002,  
238, 3329305.406558048, 92.63071342298903, 104.95700951682869, 100.41757205872608, 75.41259094147897, -0.744925833173, 0.552737991022, 0.37358562118, 0.53949522913, 0.169667318352, 0.824716859795, -0.392467069724, -0.815900554212, 0.424589077601,  
239, 3344021.605607093, 92.76699494622844, 123.74960586410864, 91.27963651677982, 70.6744990790997, -0.859554095859, 0.503535276889, 0.0872867757483, 0.0531443720507, -0.0818016512444, 0.995230709722, 0.508273973376, 0.860093433751, 0.0435528782795,  
240, 3563805.0025958205, 94.756375714944, 103.1749956542681, 94.47599967922076, 87.28294043069033, 0.0453224778135, -0.968709276099, -0.244025022086, 0.157885116096, 0.248151960685, -0.955768222177, 0.986416830311, 0.00478986510205, 0.164191638253,  
241, 3248296.7401591586, 91.8732392654743, 95.20085106266662, 93.65379229724726, 86.97629191117035, 0.291190573646, -0.917189827266, -0.271975863965, 0.920179515623, 0.346292983941, -0.182622091494, 0.261682458044, -0.197088787182, 0.944816543631,  
242, 3406160.6489604884, 93.33807490368405, 100.85157617386571, 90.81893884132653, 88.78046283513504, -0.132809522577, 0.803314349162, -0.580558082488, -0.157508299671, 0.56119732787, 0.812556887071, 0.978546251461, 0.199358008672, 0.0519963280523,  
243, 3510878.828389423, 94.28495768877595, 96.63680948639247, 95.44807107757748, 90.86936482866632, -0.609211341235, -0.520439487542, 0.59833458994, 0.538623415097, -0.825327767066, -0.169466497039, -0.582019207948, -0.219036108249, -0.783119930064,  
244, 2661707.942669282, 85.97204626969345, 104.5393546099596, 86.13490674671561, 70.56880915557852, -0.645585126231, 0.387870028434, -0.657857648608, 0.742833187617, 0.118995212493, -0.658816358918, 0.17725320918, 0.914000536349, 0.364944268881,  
245, 3015367.0346561465, 89.62252823269024, 96.52731189133598, 94.79979996658321, 78.66724486852208, -0.505038268225, -0.364645309235, 0.782285207633, 0.496180382607, 0.618960291862, 0.608845780978, -0.706216238517, 0.695644992472, -0.13166878485,  
246, 1997523.5177023783, 78.1269908495984, 114.2229355642725, 73.88511749459829, 56.50579715249459, -0.553061806379, 0.346295055255, 0.757761422237, -0.0879084793721, -0.928703015687, 0.360253810401, 0.828489431181, 0.132628968779, 0.544072439167,  
247, 2818014.769153761, 87.62302022507771, 97.56211785544554, 91.94225275013144, 74.99948750990853, 0.402510004142, 0.786675770087, 0.468109954309, -0.833484710382, 0.526398929249, -0.167950602393, -0.378535248193, -0.32256069203, 0.867563061588,  
248, 2130257.799592078, 79.82051366653084, 102.28601691697595, 81.92555684482221, 60.68870711829044, -0.183130816654, -0.958000714849, 0.220675631506, -0.914298154415, 0.0834782595216, -0.396346142935, 0.361278270623, -0.274346515444, -0.891185727354,  
249, 3620224.082145935, 95.25379365158257, 107.39808737928011, 100.53006378431725, 80.04871015356538, 0.347033762799, 0.377493695651, 0.858525525084, 0.900023981111, 0.123317022908, -0.418030794662, -0.263674801417, 0.91776436061, -0.296958208327,  
250, 3203682.8798258915, 91.45068658253822, 97.71993120757688, 93.86554715552012, 83.38185304397145, -0.621293775191, -0.783217596009, 0.0237537830731, -0.772539814199, 0.60719007621, -0.185748342736, -0.131058309106, 0.133755032256, 0.982310190806,  
251, 3899044.7651652703, 97.63897329524131, 102.10471975769842, 98.19520210741621, 92.83965674112355, 0.826680782714, 0.522801693108, 0.208031904221, 0.252973101894, -0.675582396497, 0.692526559246, -0.502596750098, 0.519871921944, 0.690745750306,  
252, 2599663.022950703, 85.2987792588415, 113.01435287500507, 84.81555016495253, 64.74695690833613, -0.309421660493, -0.798469815874, -0.51643410921, -0.926390308868, 0.130541798934, 0.353213581797, 0.214614145975, -0.58771148693, 0.780087159539,  
253, 3578659.6211368586, 94.88784742917348, 110.45279494131655, 91.82823950802074, 84.23233028211826, 0.387163345664, -0.2590453827, 0.884872891141, 0.836944419596, 0.501379278622, -0.219414806873, 0.386818539216, -0.82553879901, -0.410922266431,  
254, 3204852.124365246, 91.46181078074635, 106.28079993232653, 94.85659570060226, 75.89218162684145, -0.565921666538, -0.805280726908, 0.176792585289, -0.123501971756, 0.294816845507, 0.947539070739, 0.815156383963, -0.514398657148, 0.266296998123,  
255, 3396118.625536398, 93.24625835320911, 98.68183967239473, 95.29282907310477, 86.21776976223973, -0.814832497713, 0.218986464101, 0.536742889297, 0.57834598985, 0.370258806015, 0.726928010599, 0.0395463866309, -0.902747664139, 0.42834885105,  
256, 3661646.229853175, 95.61571077216749, 104.1417843564683, 97.04776709322651, 86.49225325483653, 0.109272033929, 0.169552864564, 0.979444459231, -0.89118711425, -0.419728679776, 0.172085335715, 0.440278491407, -0.891672395834, 0.105238721547,  
257, 2858576.451056917, 88.04142585510563, 97.88598565714713, 86.87720890856697, 80.24811211011688, -0.133652397461, -0.980715585382, 0.142597255382, -0.587809782855, -0.0373967290158, -0.808134360017, 0.797882632869, -0.191829156409, -0.571476052795,  
258, 3100526.620352148, 90.45841039387206, 111.61091130333028, 89.44215441270805, 74.14774528532584, -0.524192466634, -0.466618507797, -0.712382920982, -0.841491282769, 0.412319302994, 0.349120628726, -0.130823082627, -0.782470421524, 0.608790079167,  
259, 3852445.123917167, 97.24843415792749, 128.9703373561268, 88.17266734860053, 80.8768144307904, -0.348130241424, 0.160199704768, 0.923656532266, -0.219620442436, -0.971807333628, 0.085775098778, 0.911357337311, -0.172992950429, 0.373498651713,  
260, 3187736.5333491247, 91.29870206202811, 107.10551504967415, 91.09703991802392, 77.99696629987442, -0.0172362972741, 0.620782798882, 0.783793101953, -0.45463107909, -0.703051406307, 0.546835717574, 0.890513049866, -0.346911280735, 0.294345156774,  
261, 3322670.593377172, 92.5691393991293, 104.68581105615195, 98.90805065257706, 76.60889776993812, -0.10071857927, 0.703106636114, 0.703915354317, 0.154202833932, -0.687931498765, 0.709205004927, 0.982892290028, 0.179975862992, -0.0391335526545,  
262, 2130386.6886363067, 79.82212345326451, 111.15820717633135, 82.17824579345378, 55.67643643215838, -0.439313484252, -0.860695205068, 0.257308038209, 0.0923426430731, 0.241644408014, 0.965961084281, -0.893575122094, 0.448120233919, -0.0266787767184,  
263, 2949219.048632178, 88.96232823772996, 102.87048402256735, 88.57240667709338, 77.27325246900523, -0.959231896104, 0.27025612961, 0.0826788600839, -0.159366931488, -0.758836037989, 0.631482421447, 0.233401693749, 0.592561804251, 0.770969621644,  
264, 3446448.8409110256, 93.70463549685525, 99.04050134075985, 94.51121827807587, 87.89962766582981, -0.657721806523, 0.716269447342, 0.233152533823, -0.356814956375, -0.568853329717, 0.741005382016, -0.663389110651, -0.404183087318, -0.629722891274,  
265, 3457610.6423583897, 93.80568496358536, 102.38753300641983, 100.83943523448835, 79.94843988744132, -0.679293330084, -0.579514942466, -0.450247713111, -0.202458738815, -0.441731028502, 0.87400466677, 0.705387149572, -0.68486212475, -0.182737076976,  
266, 3097163.9820175543, 90.42569670933263, 100.87051986808571, 92.99594422846974, 78.82197694859158, -0.345434007687, 0.898412745416, -0.271163945255, -0.552983485891, -0.428323316145, -0.714666636396, -0.758211455113, -0.0969209766757, 0.644764851411,  
267, 3509079.8832668434, 94.26885132805944, 100.11658292058189, 95.2047045003257, 87.89015248405043, -0.11147928601, 0.287188873758, 0.951364766838, 0.91450057771, -0.345017043205, 0.21131004062, 0.388922951443, 0.893580321341, -0.224172137326,  
268, 3723511.02956701, 96.151193288944, 104.45636330698395, 94.18165512424002, 90.35721058274513, -0.81417792356, 0.527146388358, -0.243374185215, 0.55462898736, 0.830114088383, -0.0574220049095, -0.171758537395, 0.181734106619, 0.968231232363,  
269, 3684710.893754654, 95.81605143428615, 100.25980909703036, 99.01911099379781, 88.60717956054162, 0.546739275022, 0.120869196045, 0.828532921854, 0.733637220028, 0.407762852459, -0.543604530467, -0.403549990135, 0.905052536377, 0.134265825361,  
270, 3535648.1561799212, 94.50616577948216, 103.63954604488889, 99.34604135814851, 81.97932962843039, 0.332329731768, -0.942005847417, -0.0467111637006, 0.143230829939, 0.00145474031895, 0.989688240349, 0.932224156916, 0.335593306194, -0.135407732793,  
271, 3380956.8816654463, 93.10728744960734, 100.26487312815767, 92.15783323823673, 87.35141789701632, -0.512060398061, -0.029041574007, 0.858458348272, -0.858359087326, -0.0197469245256, -0.512669226866, -0.0318406335048, 0.999383132713, 0.0148164809261,  
272, 3809271.4070082344, 96.88378617744073, 109.58181811112107, 99.03354315639453, 83.79777523632626, -0.246004263552, -0.474675355041, 0.845082960206, 0.647468682965, -0.729295871726, -0.22116020452, 0.721294812746, 0.492758398001, 0.4867473208,  
273, 3471870.270044678, 93.93446363227008, 97.74881247137607, 96.16028843594077, 88.17950008513503, 0.870841569023, 0.245954511776, -0.425607025082, 0.348985521745, 0.300413770602, 0.887671488809, -0.346185018847, 0.921551921798, -0.17577823573,  
274, 3366250.07333951, 92.97208891031062, 98.83911896514034, 94.17657950719291, 86.33482007075705, 0.852258691931, -0.514758412724, 0.0931606062515, 0.126004555973, 0.374845812181, 0.918484332455, 0.5077184002, 0.771047594912, -0.384327506794,  
275, 2961841.5387817114, 89.08906550520344, 106.27516518623788, 88.43926467410745, 75.23090715400285, -0.49008654668, -0.458824031178, -0.741144847636, -0.861140026978, 0.386634046149, 0.330078730448, -0.135103777514, -0.799996639226, 0.584595883093,  
276, 3435338.3177178414, 93.60383335313277, 99.44977246914377, 94.63148831175732, 87.14479245109304, 0.690168518168, 0.581766562414, -0.430366220081, 0.268274017615, 0.346642804087, 0.898814673805, -0.67208367634, 0.735789666435, -0.0831690974177,  
277, 3498042.3304949095, 94.16990893647804, 98.91307751066815, 95.63258753454893, 88.28294867670039, 0.713716100488, 0.627775320977, 0.310656521382, -0.301706128154, -0.124729566817, 0.94520682784, -0.632125573078, 0.768336307573, -0.100382161399,  
278, 3779047.149595159, 96.62686745619627, 104.47124166379626, 101.98440221775611, 84.6765568225428, 0.298011142255, -0.944635237555, -0.137308510518, 0.821991055023, 0.327085234737, -0.466203769482, 0.485304094929, 0.0260675504422, 0.873956759948,  
279, 3946814.6823126916, 98.0361035669194, 108.4032493463341, 95.17041325007949, 91.33008682080823, -0.0757198059579, 0.910266171467, -0.407040548434, 0.991606790683, 0.0258380475382, -0.126682153325, 0.10479734566, 0.413216519978, 0.904582568901,  
280, 3315496.1515229503, 92.50246507092417, 105.0747039605457, 89.3119477319143, 84.34360956086005, 0.214870265961, 0.573212250982, 0.790732877861, -0.681039529163, -0.492373415326, 0.541990386998, 0.700011377424, -0.654977965435, 0.284583794816,  
281, 3594562.5738559784, 95.02819487497749, 104.99792789511908, 96.21177342086634, 84.94708697953196, 0.380992442285, 0.0620740507059, -0.92249204395, 0.0784452623499, -0.996316300165, -0.0346434819214, 0.921244321413, 0.0591662256169, 0.384458395681,  
282, 3507589.02767726, 94.255499190501, 97.1268835659171, 93.99518290472442, 91.72232233012957, 0.756972992073, -0.392166100899, 0.522683114877, 0.408416315426, 0.908344184032, 0.09003863964, -0.510086269729, 0.145315493463, 0.847759048783,  
283, 3720442.7676317133, 96.12477573887092, 100.11438419754253, 97.90514248822414, 90.61582204146657, 0.197207589719, 0.0660403120658, 0.978134880136, -0.925800460765, -0.315662136632, 0.207968560952, 0.322494454843, -0.946570701363, -0.001110817791,  
284, 3231471.774533062, 91.7143415671844, 102.54984451082377, 90.45146905967262, 83.16893237944494, -0.643546230006, 0.687811833242, 0.3358022214, 0.739312897891, 0.445009822818, 0.505354030959, -0.198153195423, -0.573481594864, 0.794892553429,  
285, 3533674.702681372, 94.48857935444306, 107.32695728606355, 94.76108175103522, 82.94670354236806, 0.518464297276, 0.249899899303, 0.817768190124, -0.21884211015, -0.88571553757, 0.409409473915, 0.826621378428, -0.391226311532, -0.404523262483,  
286, 2693068.8349360633, 86.30837667263089, 106.36136713636225, 83.66690941925619, 72.24723105933117, 0.607833712072, 0.79268471703, -0.0467880097575, 0.389241729956, -0.246078295939, 0.887657787623, 0.69211924849, -0.55776017396, -0.458120654647,  
287, 2951834.7345309346, 88.98862093236924, 122.55123097644216, 103.84528315678588, 55.373117730562846, -0.065828619935, 0.753381018898, 0.654281004738, 0.973614273074, -0.0950863756043, 0.207445965111, 0.218499061929, 0.650673206409, -0.727243108182,  
288, 3368015.84961797, 92.98834232870642, 95.14327024141056, 92.18339550032059, 91.67580697359732, -0.444200215423, 0.665598795892, 0.599720277734, 0.879905381461, 0.198074539903, 0.431894658822, -0.168679246781, -0.719544800238, 0.673648715694,  
289, 3731595.5264391536, 96.22073089378621, 105.65659556173624, 95.52314411591533, 88.26748102980606, -0.272018022025, -0.0951893610307, 0.957572546202, -0.710944875112, 0.690495179729, -0.133318383291, -0.648508735674, -0.717046297193, -0.255501521397,  
290, 127403.02026062687, 31.215026271691183, 127.10602662806488, 65.220765435245, 3.6689270796459197, 0.183790205327, -0.816686474338, 0.547032323596, -0.920545097548, 0.0521505893158, 0.387139560642, 0.344699700908, 0.574720383027, 0.742211962668,  
291, 3800736.0007675467, 96.8113698020556, 111.74713234916268, 94.49444916404363, 85.9283377087661, 0.597890521653, -0.786006137573, 0.157230009267, -0.502172108413, -0.214402550437, 0.837767700439, -0.624780039413, -0.579849892699, -0.522899612056,  
292, 3361667.647471798, 92.92988258162329, 99.54455113411308, 94.1670514137745, 85.61496840428138, -0.383128142569, 0.706248098288, 0.59533725739, 0.739884778804, 0.62048800026, -0.259932982952, -0.552976799211, 0.340893334047, -0.760268633009,  
293, 2978538.895744226, 89.2561648449224, 97.70948353223123, 91.3430724102322, 79.67137883058595, 0.175063737129, -0.316615356646, 0.932259300773, -0.650972167642, -0.747597142171, -0.131657700019, 0.738639238667, -0.583826368841, -0.3369849346,  
294, 2224902.399093215, 80.98553427946001, 107.2440463308492, 90.05466061991129, 54.997502678020446, 0.402122495176, 0.914743783902, 0.0392595044064, 0.854385093387, -0.359484429951, -0.375229338965, -0.329125524795, 0.184430893387, -0.926100229183,  
295, 3797927.9885330573, 96.7875222730561, 106.01379840049698, 97.85710956867484, 87.39837093024396, -0.987242024305, -0.0637614212384, 0.145902935573, -0.15541025758, 0.186436885448, -0.970097386649, -0.0346530992266, 0.980395720567, 0.193967507093,  
296, 2974440.509649356, 89.21520805975895, 120.33069861561184, 91.00587079500113, 64.84415424986348, 0.430403398196, -0.735269905088, -0.523575287321, 0.580486297364, -0.218722493223, 0.784344394721, -0.691222520896, -0.641512772773, 0.332675200422,  
297, 3838837.5105248876, 97.13379871699166, 102.32654486845131, 98.70646842199815, 90.7354916179259, -0.65148090879, 0.69687048872, -0.299906897944, 0.671885248151, 0.713556108648, 0.19851421392, -0.352339096325, 0.072174800055, 0.933085183377,  
298, 3527932.5037416923, 94.43737049269622, 99.92822331914707, 92.45860438580725, 91.15828766619558, -0.169423098861, 0.174019738131, 0.970058216971, 0.980104439132, -0.0735156961048, 0.184365752839, -0.103397785112, -0.98199418184, 0.15810226079,  
299, 3592213.96652386, 95.00749392865367, 101.01374919988224, 94.0991841640876, 90.22091744523172, 0.357669090277, -0.768199912734, -0.530981841437, -0.738505349267, 0.115329930241, -0.664310813019, -0.571561607322, -0.629736374419, 0.52606979363,  
300, 3260932.27333088, 91.99221088682361, 98.23208503252194, 91.74920863862667, 86.37687351936461, -0.0428695869118, 0.23403809737, 0.971281816723, -0.966085807274, -0.257491138504, 0.0194042927001, 0.25463780454, -0.937509723988, 0.237139422972,  
301, 3365500.092592507, 92.96518385234907, 103.40367073602602, 91.91337028631091, 84.53690628114492, 0.0384524726498, 0.163722107708, 0.985756805097, 0.41464686836, -0.900161521025, 0.133331206496, 0.909169611187, 0.403614057626, -0.10250029551,  
302, 3109986.3362828754, 90.55031328477219, 100.14382717919078, 91.88459246294913, 80.68689318861871, -0.608227363287, -0.102542158425, -0.787111542473, 0.010130173201, -0.992542543351, 0.121477072853, 0.793698213517, -0.0659121034674, -0.604730303918,  
303, 3068064.4941882724, 90.1416060907711, 103.44303118294074, 87.58908828314885, 80.83968852131963, 0.604518750233, 0.732913076083, 0.312082526782, 0.653781460531, -0.680311849977, 0.331278717468, -0.455111945001, -0.00376957390361, 0.890426250641,  
304, 3550612.034919525, 94.63930387749787, 103.30710280481989, 92.62440798951148, 88.58475413783603, -0.359711677711, 0.932969136808, -0.0132702178222, -0.168235585102, -0.0508619761767, 0.984433769882, 0.917771375029, 0.35634484582, 0.175254255395,  
305, 3660220.9151678276, 95.6033028591808, 100.34707676814176, 99.55867038912524, 87.4651158258029, 0.546841830294, 0.657310559, -0.518562283306, 0.385492986129, 0.352138632087, 0.852873696064, -0.743208699012, 0.66628913605, 0.0608244761152,  
306, 2753768.7404177715, 86.95200862010147, 114.73266312530335, 87.04993569321371, 65.82385713509093, 0.0644508872569, -0.860179543675, 0.505902397478, -0.789306305801, -0.35413752212, -0.501579675673, 0.610607598015, -0.366984697322, -0.701769615456,  
307, 3268370.9056444606, 92.06210670282273, 103.20478421480891, 97.03424514266042, 77.91442405385871, -0.35106188238, 0.654231595027, 0.6698780298, -0.857516147299, 0.0626903137713, -0.510623130774, -0.37606064918, -0.75369154475, 0.539005977249,  
308, 2776251.1345964908, 87.18799954285068, 99.2864960177488, 89.21078689963119, 74.8277325952238, 0.722302226962, -0.0352617807745, -0.690678000042, 0.159788642019, 0.98018565832, 0.117062654618, -0.672864832494, 0.194917115824, -0.713624715906,  
309, 3612743.660456003, 95.18814118903302, 102.29027952645225, 98.17297210534059, 85.88597175256514, 0.817211411027, 0.532164006295, 0.221284839273, -0.370659813781, 0.191277020491, 0.90885884706, -0.441335260472, 0.824751218148, -0.353565575287,  
310, 2857025.786051246, 88.02550330834455, 103.44109111591912, 95.02856489185625, 69.3870281833681, 0.961742025839, -0.12485612926, -0.243850820628, 0.175107702444, -0.404380732921, 0.897671162167, 0.210688320225, 0.906028238979, 0.367046675359,  
311, 3497449.110263381, 94.16458532514567, 100.20549574847556, 91.68239854009049, 90.88355094886197, 0.482228687338, -0.824160960675, 0.297008760826, -0.739228871105, -0.564748359551, -0.366878680914, -0.470102296562, 0.0426380262639, 0.881581436671,  
312, 3360040.014204847, 92.91488207173708, 102.8662532427972, 98.28398483439787, 79.34145532180105, 0.570073465707, -0.764165481434, 0.301773691167, -0.581790191005, -0.116117657303, 0.805007368484, -0.580117589242, -0.634482313896, -0.510779576731,  
313, 973082.887479635, 61.47337754196565, 120.7393106946732, 82.20763704135825, 23.404553949217448, -0.114498040938, -0.98016438407, 0.16176519657, -0.993168809561, 0.116627734959, 0.00369961523756, 0.0224925395617, 0.160236549009, 0.986822341673,  
314, 3738776.6480058446, 96.28241407066017, 105.33032556660625, 95.47192220401813, 88.75888113099536, -0.444559990251, 0.460040201309, -0.768589245467, 0.873084867473, 0.0307467437462, -0.486597833883, 0.200222948879, 0.887365567807, 0.415322910292,  
315, 3606633.0222083903, 95.13444344553666, 108.84667410625293, 92.4894151827198, 85.52757307589258, -0.952697823459, -0.251985615726, 0.169912055616, -0.297338955019, 0.888505670048, -0.349495665382, 0.0628999443899, 0.38348523278, 0.921402557645,  
316, 2924425.399805113, 88.71232863673644, 121.44194262023512, 87.4391385132399, 65.74721514648813, 0.872650438498, 0.442801326889, -0.205932506163, 0.420516841488, -0.895763446002, -0.144129923445, 0.24828773271, -0.0391769538438, 0.967893779334,  
317, 1168358.3623945438, 65.3374961235671, 86.8180212970627, 78.69604150834098, 40.824858781022435, -0.447450470344, -0.586552411281, 0.675088398218, -0.54803754962, 0.776365369437, 0.311306372157, -0.706712756921, -0.230679608894, -0.668837795916,  
318, 3443079.3458145163, 93.6740880864502, 102.72369590559975, 93.68437671631966, 85.41233869461418, -0.936491299535, -0.328872967829, 0.12176459636, -0.0447963746224, 0.456551896865, 0.888568314926, -0.347817956288, 0.826681883496, -0.44228919587,  
319, 3180347.1828156617, 91.22810232655637, 99.86050010031899, 89.40172564734053, 85.04451028724046, -0.55047390591, -0.770841088218, 0.320597092355, -0.823220012132, 0.565066697108, -0.0548492428855, 0.138878690006, 0.294115019225, 0.945626281852,  
320, 3472003.701456913, 93.93566698441188, 103.21954923748993, 90.06218473478714, 89.16350540228497, 0.292257699978, 0.713288909132, 0.637027761493, 0.798531311043, -0.548551783044, 0.247868284789, -0.52624441288, -0.436245198746, 0.729902010193,  
321, 3560074.9769755807, 94.72330552823914, 111.07542854525678, 102.84779887131609, 74.39736196540358, -0.0487916297043, 0.260907214033, 0.964130075527, -0.625084616634, -0.760855476112, 0.174264645062, 0.779030550697, -0.594160222614, 0.20021246451,  
322, 3428174.223464418, 93.53872056431659, 100.29902967430866, 93.98391866159996, 86.82084238643642, -0.78273642225, -0.198657712598, -0.589795563317, -0.615819257522, 0.110264088184, 0.780133625043, 0.0899462914678, -0.973846468434, 0.208644962961,  
323, 2978655.5916524413, 89.25733048279172, 110.67922432428288, 89.45122673144718, 71.82560183416913, -0.0468688167492, -0.951296541113, -0.304693624619, -0.987377410971, 0.0903193541231, -0.130108656804, 0.151291646567, 0.294749563422, -0.943521877087,  
324, 3652765.834082744, 95.53835096762776, 112.14135039283899, 94.93713524823339, 81.90894243053421, -0.395743993867, -0.314813500426, -0.862716147564, -0.917099856406, 0.18468683655, 0.353296795606, -0.0481097152202, -0.931011939964, 0.361804122346,  
325, 3399697.535737825, 93.27900189206355, 109.87421596080542, 93.17577826926902, 79.27803062106281, 0.687198002273, -0.302424768062, 0.66052870137, -0.545637026232, 0.385418404279, 0.744132306279, 0.479623958197, 0.871775150658, -0.0998446063555,  
326, 3410164.4547787043, 93.37463231003433, 97.81406853554942, 92.48770395693482, 89.9914796024053, 0.748818591937, -0.444407054137, -0.491704267424, -0.333036370729, -0.893723817141, 0.300573642301, -0.573024861713, -0.0613197269065, -0.817240722768,  
327, 3072494.713727651, 90.1849727413302, 112.96452315041202, 90.199882003899, 71.98706914681314, -0.950802789347, -0.309663117382, -0.00909997267747, -0.0658296052933, 0.173248435844, 0.982675654804, -0.302721850609, 0.934929801221, -0.185110096842,  
328, 3313617.7301715226, 92.4849924290607, 101.32822965321633, 93.57083821468767, 83.4339531332223, -0.48135713608, -0.397757773785, -0.781078780239, -0.0923151050696, -0.863147430502, 0.496441773619, 0.871649716871, -0.311071160045, -0.378763124482,  
329, 3320474.488677828, 92.54874051405542, 105.4925275061798, 95.0190249261, 79.08229630624022, -0.0515091376692, -0.579953987706, 0.813019176207, 0.670303865836, -0.623553943774, -0.402334694812, 0.740296924336, 0.524245983627, 0.4208641259,  
330, 2987236.848238307, 89.34296259322437, 101.67595713446961, 90.22752882768323, 77.73627321656105, -0.630885511228, -0.402522774832, 0.663293967607, -0.7670212834, 0.452354848432, -0.455031253774, 0.116883799278, 0.795833215467, 0.594127655159,  
331, 3510863.942645676, 94.28482443593798, 107.00813917652314, 96.99347587847762, 80.75437405213182, -0.966935201842, -0.192598064073, 0.167159508119, 0.211335053696, -0.23828336378, 0.947923274123, -0.142736857604, 0.951907046019, 0.271107294665,  
332, 2716077.1883605877, 86.55347314683607, 111.33300617109212, 79.4270111644505, 73.32656527443126, 0.172192107467, -0.646392297794, -0.743321515549, -0.808047614243, -0.524263456107, 0.268713382075, 0.563390567228, -0.554368853691, 0.612589783473,  
333, 3953455.9771329346, 98.09106111845215, 107.8575572211821, 93.77640108708867, 93.31343060034342, -0.48759715772, -0.872460526468, -0.0325828411617, -0.750219428691, 0.399606897465, 0.526768579466, 0.446564464101, -0.281295142605, 0.849384025132,  
334, 2855011.290536376, 88.00480944823573, 108.24209303021162, 93.62051551574784, 67.25924858649654, 0.0933229885307, 0.945963126696, 0.310555281299, -0.969155044827, 0.0148489709756, 0.246004079535, 0.228099361899, -0.323934053461, 0.918170686806,  
335, 2566677.840124319, 84.93647841770793, 121.537724651401, 108.05567054189333, 46.657781775858915, -0.619466769023, 0.766991128209, -0.167288766286, -0.454276911097, -0.176443771333, 0.873212507699, -0.640229185621, -0.616921554824, -0.457727413504,  
336, 3654168.0099749644, 95.55057407390852, 112.99106421993152, 94.18738934173953, 81.97153041373699, -0.0834102252491, 0.777564782274, 0.623246134116, 0.995552590176, 0.0925054391103, 0.0178264951273, 0.0437924025078, -0.62196121511, 0.781822532536,  
337, 2679623.9448327683, 86.16450820166489, 95.60644194212277, 84.86126998046753, 78.84761438690724, -0.00276968266092, 0.831781220941, 0.555096684685, 0.0507290601283, -0.55426722316, 0.83079143459, 0.998708611817, 0.0304605617256, -0.0406603352532,  
338, 2543479.3088382585, 84.67980837484023, 112.87799116087687, 91.57508497342744, 58.74257736201721, 0.399883996395, -0.447580939878, 0.799852543714, -0.0634680328274, 0.857046016046, 0.511315885915, 0.914365680806, 0.255232107381, -0.314311904205,  
339, 3658760.835006388, 95.59058895893017, 101.44638063143651, 96.94750481764353, 88.81211636654282, 0.981305601949, -0.0241878068389, -0.190930001791, 0.083797583832, -0.839394046789, 0.537024765872, 0.173254958161, 0.542984883967, 0.821675200585,  
340, 702141.7365120322, 55.137287020735755, 140.542993894604, 78.74519798420188, 15.146172533609118, 0.245052930664, 0.908211402267, -0.339265544914, 0.227163482214, 0.286406395538, 0.930788981963, 0.942520988372, -0.305161310438, -0.136127738138,  
341, 3571470.906549004, 94.8242687919002, 105.01973241197491, 92.49250669983124, 87.77706399756748, -0.340582073637, 0.574103334343, -0.74458660518, 0.908455656033, -0.00315390091828, -0.417969345684, 0.242305947388, 0.818776779352, 0.520473259116,  
342, 3203775.1148351277, 91.45156420518805, 110.35007915411556, 84.47236616265192, 82.05142085342777, -0.691093430159, -0.70789946443, -0.145836274812, -0.27616002922, 0.0721614663639, 0.958398852792, -0.667926275162, 0.70261730055, -0.245363852097,  
343, 2937513.8422280615, 88.84447747977772, 108.53775444872771, 101.84957644601536, 63.43825861250116, -0.0395578115934, -0.04119491335, 0.998367747203, -0.514805909823, -0.855495561384, -0.0556975732301, 0.856393633064, -0.516168890545, 0.012634147389,  
344, 3103746.020905001, 90.48970842314512, 99.17772162241164, 94.54443365994332, 79.02190127490742, -0.321599525874, -0.00405209698118, 0.946867110775, -0.739942113285, 0.625029662605, -0.248643499514, -0.590812503206, -0.780590482503, -0.204007560355,  
345, 439553.50210988836, 47.16730309378213, 112.97396373381086, 61.34421087647651, 15.141579627012803, 0.647630834393, 0.427506316656, 0.630723910726, -0.471649803929, -0.425202076173, 0.772495732591, 0.598431921606, -0.797772864691, -0.0737407049483,  
346, 3760555.086694204, 96.46900115676232, 108.69996555380158, 99.72891323279914, 82.81573347165104, -0.485366167972, 0.814270254931, -0.318407969314, -0.636335748769, -0.578743944201, -0.510031628323, -0.599580268043, -0.0449377234165, 0.799052002806,  
347, 1898322.2718859576, 76.81165299253206, 87.1086239149257, 77.4296630441986, 67.19126404177466, 0.688209770845, 0.299737354389, 0.660700257074, 0.160773728114, -0.951033314863, 0.263983791868, 0.707473758992, -0.0754529814127, -0.702700311608,  
348, 3377250.343368803, 93.07325054540608, 101.66348269700164, 93.14851032998736, 85.14002003608111, 0.691425537553, 0.253692745975, 0.676439736162, 0.2630673186, -0.960446642696, 0.091311732103, 0.67284939764, 0.114813924132, -0.730815606649,  
349, 3811072.5637442097, 96.89905378542241, 109.4462276803275, 97.5698062686797, 85.20054420467469, 0.579143443765, -0.811379806996, 0.0790928589889, -0.762992336186, -0.50530984102, 0.403118666759, 0.287115946029, 0.293810778168, 0.911723455971,  
350, 3532657.380231959, 94.47951093066513, 99.0076024332714, 95.70327087159409, 89.0056517590854, 0.208565770269, 0.595520201051, 0.775793793229, 0.743865750298, -0.611587643372, 0.269488960827, 0.634952017876, 0.520880259383, -0.5705433291,  
351, 3305980.4303502548, 92.41388394794072, 103.65348089520141, 90.20417660620083, 84.41140546313802, 0.240340896313, -0.913549381527, -0.328121594947, 0.275269473732, -0.260008689884, 0.925538868993, -0.930839927372, -0.312766700107, 0.188981535906,  
352, 3428420.4160035485, 93.54095965548512, 99.37872209436753, 92.31406064901397, 89.2162984588449, -0.0622486589482, 0.314652424702, 0.94716363744, -0.40163060924, -0.876671630851, 0.264839017865, 0.913683729844, -0.363924035056, 0.18094567839,  
353, 3510832.780830289, 94.28454548323255, 100.08812824697266, 94.99543148745597, 88.15282776127935, 0.918121201442, 0.0139992905141, 0.396052369426, -0.152263688467, 0.935129121759, 0.319920763336, 0.365881440685, 0.354030430195, -0.860693456382,  
354, 3061838.301855214, 90.08058835386, 115.35255491404067, 90.19491564277654, 70.25615331127545, 0.445062360448, 0.857049585101, 0.259587179941, -0.579771400807, 0.0548486018994, 0.812930964889, 0.682484152284, -0.512306197061, 0.521303886744,  
355, 3450762.397851876, 93.74371260540066, 99.00799101369414, 95.5049056317621, 87.12253821947957, -0.766320469174, 0.152967240308, 0.62398234103, 0.275587254066, -0.799079631855, 0.534343903635, -0.580348691668, -0.581440250883, -0.570195256672,  
356, 1568902.1299864585, 72.0834804487858, 102.67022563571074, 86.77314318587574, 42.04142205500946, -0.164063241527, 0.203844551779, 0.965158355655, -0.342133154306, -0.929441419357, 0.138143232583, 0.925217897311, -0.307548446092, 0.222229151557,  
357, 2769882.299111294, 87.12127753094497, 97.83640534791127, 83.42885332728268, 81.0132291662741, -0.871472434362, -0.297328836984, 0.390040201574, 0.0647529344932, 0.718562791711, 0.69244102409, -0.486151060496, 0.628699512538, -0.606954750631,  
358, 3222345.309323058, 91.62791892605034, 115.4218243022981, 91.94516847498896, 72.48808413266103, -0.185713549229, 0.66519179088, 0.72320837867, 0.509616566488, -0.564081084112, 0.64969491741, 0.840119891916, 0.489216119822, -0.234235256341,  
359, 2952880.4026756356, 88.99912757077382, 136.60067435263483, 84.99059827260862, 60.72024546733639, 0.711139129694, -0.0387196027168, 0.701984280867, -0.593566081584, 0.50203664374, 0.628998024746, 0.376776385953, 0.863979166825, -0.334035259039,  
360, 2772445.5592150553, 87.14814337105356, 104.15286282473075, 87.79731041399269, 72.38056917450396, 0.21780104196, -0.20559531829, 0.95409290492, 0.446581283404, -0.848230209442, -0.284729115307, 0.867829397655, 0.488094331956, -0.0929304023341,  
361, 3397349.50000253, 93.25752224863389, 100.08256618155829, 96.68475290034117, 83.81759465519353, 0.232782335436, -0.57980506718, 0.780793486385, -0.652357236607, -0.688526631325, -0.316798222537, 0.721278323642, -0.435611251035, -0.538516868646,  
362, 3303611.6617291947, 92.39180684485054, 108.09172013886312, 86.62915634153535, 84.22555242178184, 0.468280789371, 0.659698524939, -0.587801802055, 0.541754558958, 0.311163302457, 0.78081969561, 0.698007951355, -0.684087169444, -0.211682886526,  
363, 3425565.4159413776, 93.51498718825131, 101.85795757842261, 90.765019253715, 88.45658899472483, 0.0564882392696, -0.801424809449, -0.595421996255, -0.948524141593, -0.229221367, 0.218539510675, 0.311626429623, -0.552427225714, 0.773119090859,  
364, 3535581.979416037, 94.50557615150242, 98.4743533091351, 97.25188385038498, 88.13555470448713, 0.706597812504, 0.650608419076, -0.278259261107, -0.576844758118, 0.757366614532, 0.306016235229, -0.409841013561, 0.0557180062359, -0.910453649224,  
365, 3334389.8936424423, 92.6778443860604, 114.42016333983493, 89.31866902570013, 77.89022626063323, -0.159316403475, 0.784478641747, -0.599342593369, 0.705392088064, 0.51519112078, 0.486826571959, 0.690681030346, -0.345212064842, -0.635443423609,  
366, 3217092.2648831313, 91.5781014512904, 103.73930286075705, 97.78933435317485, 75.7077068973862, -0.192972572483, -0.912078436905, -0.361765823706, 0.0251746955992, -0.37317668374, 0.927418674286, 0.980881145181, -0.169859022856, -0.0949741616638,  
367, 3578739.026835467, 94.88854923570487, 105.83688459688112, 91.72349693717301, 88.00832770872873, 0.904628444277, -0.0192486628393, 0.425766211417, -0.33807637815, 0.575889797296, 0.744348912747, 0.259522138445, 0.817300697632, -0.514458773186,  
368, 2572430.096450297, 84.99988227954346, 104.59748205207502, 82.07776234671589, 71.53329575871838, -0.396254865704, -0.767657743051, 0.503670200567, -0.917932660741, 0.342907212035, -0.199535145472, 0.0195374448287, 0.541402099615, 0.840536765872,  
369, 3636858.0328275315, 95.39945925531345, 104.93663146293568, 93.68032966808248, 88.32064047865948, -0.891748927966, -0.409393368497, 0.192823544473, -0.405632448406, 0.912034348743, 0.0604620832688, 0.200614471741, 0.0242984885174, 0.979368887184,  
370, 2709064.7052546893, 86.47891980753512, 104.62344192846794, 99.18952721371966, 62.321219813625575, 0.683771730855, -0.344815802716, -0.643084972831, 0.467013994264, 0.883961329553, 0.0225897546746, -0.560672943208, 0.315775917466, -0.765461573629,  
371, 3967337.568020043, 98.20573457360264, 114.52157652475131, 97.07388043229555, 85.19632018338436, -0.785349503445, -0.598487929226, 0.158235128875, -0.607295610796, 0.695261016127, -0.384453066786, -0.120075803336, 0.398025524338, 0.909481986313,  
372, 2795886.0408262247, 87.39306121914018, 103.03031215048965, 85.02650530069099, 76.1923750455668, -0.899028887239, 0.0204158642084, -0.437413136976, -0.42404388608, -0.289793413572, 0.858024801581, 0.109242128269, -0.956871449014, -0.269189872529,  
373, 3909812.1452110447, 97.72876876452406, 141.14048268285225, 84.21885437053503, 78.52471237153112, -0.125887973439, -0.596502024695, -0.792677458162, -0.11651244506, -0.784614137636, 0.608938014224, -0.985178698658, 0.169014761355, 0.0292735743384,  
374, 3166890.3311236044, 91.09925071137039, 96.9114849529311, 91.48542585459509, 85.27412122236406, -0.244595165697, -0.666291195967, -0.704435410165, -0.962006843816, 0.0758636477108, 0.262273787113, 0.121309675495, -0.741822586022, 0.659532571977,  
375, 3326476.519391081, 92.60447010214797, 111.35579252128022, 93.46939989637177, 76.2980757996349, 0.141044302403, -0.400939747659, 0.905181652215, -0.854739700183, -0.510656566733, -0.093004923434, 0.499526325323, -0.76057687948, -0.414724318928,  
376, 3553950.0767064323, 94.66895238134664, 99.47244644888804, 96.20019789053357, 88.66331173103904, -0.915989543471, -0.278910213361, -0.288395993619, -0.0214997864605, -0.683672561583, 0.729472129502, 0.400625654988, -0.674389295156, -0.620240407539,  
377, 3152366.4617890953, 90.95977198878585, 101.18099591668079, 90.10626344821144, 82.54564371465574, 0.152610720178, 0.876149631698, 0.457243688816, -0.405806620285, -0.366305851077, 0.837341633027, 0.901127601963, -0.313339825656, 0.299645121166,  
