# Void_ID, Void_Volume, r = (a*b*c)**(1/3.0), a, b, c, vector_a, vector_b, vector_c 

21, 1653201.4057617937, 73.3520719193019, 112.53039503715206, 63.28048647458223, 55.42395379656046, -0.183896022783, 0.899063732581, 0.39732437323, 0.973749138362, 0.111464497191, 0.198464811503, -0.134144952732, -0.423391155581, 0.895960412648,  
59, 1986796.776133953, 77.98689193278429, 139.16537101555633, 83.13954386463178, 40.99454004909067, -0.0683403643498, -0.170002712476, 0.983071041355, -0.992605847355, -0.0874938848625, -0.0841335361701, -0.100315633863, 0.98155178053, 0.1627663225,  
68, 2394475.6726635373, 82.99283622917325, 126.66780138720276, 99.41536653484145, 45.39437795490504, -0.307057469176, -0.945174643001, 0.111178257094, 0.0902593190801, 0.0873729856846, 0.992078231135, 0.947401164208, -0.314659904659, -0.0584822918304,  
79, 983084.1128709365, 61.68326536232672, 134.8237119953, 86.02088923950552, 20.23633501675079, 0.771789142461, 0.451072037575, 0.448191406095, -0.388630196427, -0.22327335021, 0.893932649315, 0.503297218355, -0.86410822702, 0.0029802670722,  
88, 695265.1949596927, 54.95669746495876, 138.15700309926527, 99.25995709674653, 12.103609197815226, 0.091736694544, -0.817042575202, 0.569232649433, 0.677231161312, -0.367892016883, -0.63719182203, 0.730028994644, 0.443955959776, 0.519577494468,  
90, 233366.21612681466, 38.19294303062531, 112.76555297365547, 92.70987066473955, 5.329015041218864, 0.207118767296, -0.904155575298, 0.373636871697, 0.928260465662, 0.0610254076599, -0.366890184537, 0.308924463459, 0.422822179264, 0.851931382565,  
129, 2032634.2998320386, 78.58208485215988, 121.08420975998642, 68.62003379544288, 58.40260261695553, -0.399892850967, 0.76378543762, 0.506672984306, -0.28971548942, -0.629787782226, 0.720716507754, 0.869569228375, 0.141418367401, 0.47312810361,  
151, 380478.04147332924, 44.951790602459155, 104.73039917865928, 38.01887824896522, 22.8122924446563, 0.199985311083, 0.2117037265, 0.956654277959, 0.569294308969, -0.819762221939, 0.0624010356999, 0.797439568323, 0.532138545557, -0.284462129652,  
154, 2497622.7573230797, 84.1678198121908, 120.2019154762125, 88.40878090633711, 56.108859764793955, 0.738184112792, 0.312531455772, -0.597836352838, 0.435475048832, 0.456063264512, 0.776123560142, 0.51521422483, -0.833264896606, 0.200559005327,  
284, 1095352.9586825378, 63.94724303880294, 123.42210747759717, 93.0535521918575, 22.768769582566335, -0.328498700519, -0.762742985596, 0.557056318231, 0.410630383579, 0.415797773378, 0.811476986572, -0.850571156247, 0.49531338522, 0.176616416514,  
304, 1295143.9622191875, 67.62020431489428, 121.43818003718438, 74.56185501608304, 34.14738741198493, -0.968754666028, 0.0590800346124, -0.240881602781, 0.0845788613136, 0.991691651005, -0.0969230908841, 0.233154054795, -0.114268188214, -0.965702836226,  
348, 3116995.174202992, 90.6182853200373, 114.28758702019083, 105.0484255132047, 61.981047208082416, -0.0711628249052, 0.815180985403, 0.574818069818, 0.663648788164, -0.391523326375, 0.637400792965, 0.744651689261, 0.426836556474, -0.513131967176,  
366, 699276.9290077009, 55.062196279857034, 117.26341471572263, 104.48337688923769, 13.625449970611252, -0.231303662524, -0.189767266175, 0.954194424838, 0.964551422911, -0.172804028157, 0.199447537997, 0.127040026226, 0.966502536231, 0.223010491223,  
419, 2072157.6560792588, 79.08814605756632, 94.30587839855761, 79.25111720842625, 66.18964132054765, 0.577807420287, -0.36757825431, 0.728714492802, -0.474069444011, 0.575636638109, 0.666258675832, -0.664376961759, -0.730430481172, 0.158349502236,  
430, 914377.9553545432, 60.2114444577239, 110.6305544881898, 60.95796237121555, 32.36917325920965, 0.598575201566, 0.463397566913, -0.653429738419, 0.664123630522, 0.169051821861, 0.72825907815, -0.447936972634, 0.869875954665, 0.206563046168,  
436, 483925.2054740301, 48.7038408127578, 113.37967627114321, 58.15969997890128, 17.519925846784798, -0.847502699493, 0.467461094819, -0.251434482882, 0.51974476537, 0.634714738578, -0.571841393659, 0.107724431871, 0.61531888112, 0.780882911399,  
437, 1914522.1150947714, 77.02953201349695, 118.10669963837319, 104.4722945873287, 37.0421435786454, -0.976096544362, -0.109056211189, 0.187995422515, -0.21627738948, 0.572725868239, -0.79070169511, 0.0214389105355, 0.812460351433, 0.582622133517,  
449, 1292990.641657113, 67.58270816216127, 96.01804834843048, 65.6920379734483, 48.93743050993601, -0.274047482152, 0.929055104973, -0.248504707099, 0.96129881368, 0.25701390437, -0.0992393257606, 0.0283296371862, 0.266083567483, 0.963533583624,  
456, 1953178.3957014976, 77.54451800237774, 118.18818723559295, 66.87215414710955, 58.99754194787822, 0.431870243347, 0.459427250046, 0.776153782975, 0.540878498232, -0.820558561637, 0.184754153065, 0.721760724244, 0.340015071488, -0.602869146747,  
461, 1297111.1676551467, 67.65442330117837, 129.67919211195635, 83.33501792693725, 28.654363093379807, -0.896173318716, -0.374497097509, 0.237960725286, 0.102569854455, 0.346925539204, 0.932267180161, -0.431686006002, 0.859880569734, -0.272493299031,  
493, 3735968.8462410616, 96.25830550423323, 112.05518013002776, 108.3301960320837, 73.47391299319283, -0.559861096693, -0.325625959716, -0.761920787726, -0.375289798834, 0.919468900725, -0.117194315095, -0.738723980456, -0.220328561378, 0.636978968052,  
509, 1802671.5488429002, 75.49925480042837, 113.69052590452556, 78.6920610451073, 48.10307055478276, -0.898787191815, -0.261909561643, -0.35154653369, -0.408690285652, 0.790716900074, 0.455783977725, -0.158599603541, -0.553326454687, 0.817726115701,  
512, 806406.2874981506, 57.74154922848106, 126.73921903839943, 72.28168943325798, 21.014834521078953, 0.425492722881, -0.904950690333, -0.00449342185552, -0.852624868987, -0.402544210364, 0.333150103537, 0.303293217133, 0.137921741461, 0.942863095933,  
514, 1101241.955700732, 64.06163911699566, 144.97412622588635, 85.18654147209428, 21.287891760136738, 0.927321428016, -0.366350881188, -0.0765637054688, -0.218013887743, -0.69503044002, 0.685129646269, -0.30421195554, -0.618643450865, -0.72438620004,  
517, 1146543.9194352126, 64.92829950740747, 120.04845971704395, 69.44425727896743, 32.83289339203706, -0.112704023249, -0.392652004007, 0.912755283136, 0.717471431105, -0.667668587665, -0.198628806053, 0.687410029525, 0.632489573665, 0.356965531268,  
529, 1652643.4218361885, 73.34381846179006, 99.19090334404706, 95.48546926623597, 41.65636957570084, 0.36848192969, -0.132702051936, 0.920114793329, 0.44768575884, 0.892762147833, -0.0505292858464, -0.814738319231, 0.430541418226, 0.388375537809,  
532, 1247485.267518203, 66.78038810613597, 125.3950230529691, 89.65428638492496, 26.490823458827247, 0.369550066838, -0.856303630261, 0.360800278412, -0.882725691521, -0.20224414128, 0.424137549443, 0.290220780837, 0.475227735007, 0.830620550101,  
538, 1769969.0039628097, 75.03991795921729, 140.45718919155115, 113.7661040537507, 26.443576469679286, 0.882604113416, 0.239008596269, 0.404826962899, -0.277361416455, -0.430544577071, 0.85889580964, -0.379579535332, 0.870348354433, 0.313708651926,  
541, 412283.86205802346, 46.17099587932495, 132.44339831128607, 47.6181017561586, 15.606493362301773, 0.350378104727, -0.356982194423, -0.865909288894, -0.771081298451, -0.634744802546, -0.0503256079932, 0.531666074625, -0.685319449969, 0.497662974901,  
542, 3434759.1553023504, 93.59857284562595, 118.69866863533298, 99.63242466287089, 69.33637513437975, 0.740160532124, 0.64553784001, -0.188263867486, 0.413466179686, -0.216117619398, 0.88449923281, -0.530290585379, 0.732512164882, 0.426869796727,  
545, 1474923.8992598222, 70.61446414807659, 111.70610954769472, 86.65965072610675, 36.37367169583374, -0.957300392286, 0.0822447011588, -0.277149360564, 0.124903125195, 0.982250140891, -0.139942381129, 0.260720479146, -0.168583717632, -0.950581065403,  
547, 1695710.8149671624, 73.97546894362259, 107.00352928646748, 90.3492417396022, 41.87362567992768, 0.0879244105868, 0.788048435862, -0.609302027534, -0.153157734017, 0.615092508895, 0.773436431785, 0.984282483098, 0.0253153754783, 0.174777359034,  
556, 1189610.7567829308, 65.7312802425223, 97.52847552221449, 74.7925642964379, 38.933765969698214, 0.0666268580098, -0.431649113703, 0.899577625573, 0.0113199063174, 0.901849954358, 0.431901052956, 0.997713747281, 0.0185930756829, -0.0649736563843,  
567, 1640527.6226126717, 73.16414683352306, 118.50425426532233, 86.69058541960858, 38.12317481505589, 0.347584757706, -0.901070226287, 0.259340092366, -0.594400037371, 0.00216214820585, 0.804166600082, -0.725171312024, -0.433667813439, -0.534844646419,  
569, 992937.1086922867, 61.88865495545688, 136.12806774837009, 59.99619601221772, 29.024298846066536, -0.638813030988, 0.114658394285, 0.760770243937, 0.259457565219, -0.898800595271, 0.353325999313, 0.724292539856, 0.423096847731, 0.544416544706,  
570, 2690187.0235827714, 86.27757993149729, 124.39441287621426, 107.64305274180715, 47.96307113781195, 0.329055380967, 0.900998877227, 0.282707586547, 0.500400926985, 0.0875174804998, -0.861359160211, -0.800825491933, 0.424902004987, -0.42206257549,  
594, 3248780.1131498246, 91.87779620134472, 126.09312090108473, 90.02649557179195, 68.32347861918015, 0.46760100317, 0.33396059668, 0.818425086186, 0.683880021844, 0.449946120642, -0.574331441105, 0.56005126333, -0.828262523832, 0.0179937227679,  
599, 2410140.2224983815, 83.17342144687743, 101.06202026021717, 91.87239282414697, 61.969886101570324, -0.225233692695, -0.767370753847, 0.600343160047, -0.722021846783, -0.282260249853, -0.631675236273, 0.654182112598, -0.575735423171, -0.490483930484,  
610, 942409.6210077766, 60.82055337992718, 145.77080306871756, 54.646537313428965, 28.243460523022684, 0.382608148086, 0.0311883610528, -0.923384151452, -0.697951589418, 0.664610687983, -0.266751217895, -0.605371442874, -0.746538625627, -0.276053430695,  
621, 933361.8841956112, 60.62528837653095, 95.2631771188869, 75.00062780659101, 31.186848601487206, 0.52334008259, 0.290589336072, -0.801044939886, 0.175837951943, 0.882997317268, 0.435197371723, -0.833784248239, 0.368610330104, -0.411011255234,  
634, 441553.8661080371, 47.23874605186389, 128.84362227654057, 86.44194136031034, 9.464717252707217, 0.303973866772, -0.451903981381, -0.838679128112, 0.876424656027, 0.477758073311, 0.060224959066, -0.373469825593, 0.753345880056, -0.541285760365,  
650, 1278542.8031333447, 67.33004233625445, 117.87146663181525, 85.25334034937032, 30.37432048969658, 0.000230867299002, 0.763088408469, 0.646294072044, 0.460924141867, 0.573465722532, -0.677263612284, -0.887439509006, 0.298048898572, -0.35159347536,  
651, 2604393.4666742715, 85.350485521879, 125.1460518109294, 79.73379293735076, 62.31009468205609, 0.926316848588, -0.357360799037, 0.119291053037, -0.297850313447, -0.500762648, 0.812725021854, 0.230699559605, 0.78837175855, 0.570304903993,  
653, 1409948.9258882997, 69.56192480202021, 104.48744533778758, 71.64665110085038, 44.96294667026508, 0.490895259348, -0.0911544345844, 0.86643679135, -0.40023142472, -0.906953296394, 0.131341253333, 0.773845366347, -0.41125003005, -0.481701942873,  
654, 3309474.6044195974, 92.44643067212895, 97.62508129937814, 91.30219250025054, 88.63960831718015, -0.681666325326, 0.485178546467, -0.547661208198, -0.12647967819, 0.659107119781, 0.74133709988, 0.720648258113, 0.574612550073, -0.387925901915,  
655, 3087363.2590725063, 90.33021434104894, 108.11285070757198, 92.2352256317408, 73.91370781761486, 0.118267271148, 0.745080519843, 0.656405264699, 0.922895881638, -0.326421179439, 0.204236150742, 0.366436958059, 0.581639263258, -0.726236685389,  
656, 3645064.0473388527, 95.47115679236364, 114.62876724883787, 107.25313054897174, 70.78039062139479, -0.974649864888, 0.223705822942, 0.00365317067818, 0.219437374783, 0.958983216906, -0.179439204863, 0.0436449243606, 0.174088754592, 0.983762281297,  
657, 3459051.688815229, 93.81871511538799, 103.3433734152776, 93.043783978737, 85.88126723488458, -0.265186082729, 0.714546716664, -0.647378815865, 0.0801597023361, 0.685431341671, 0.723711474261, 0.960859388073, 0.140024517707, -0.239044704591,  
658, 2905224.6029999456, 88.51775036468113, 102.44829651669531, 90.56867371419841, 74.74951077132266, 0.653940362221, 0.490179453398, -0.576269126472, -0.526474219257, 0.841868798338, 0.118666856543, -0.543311051899, -0.22578979129, -0.808598831952,  
659, 4058907.8299037106, 98.95555829400949, 106.09717383139936, 95.85452096034781, 95.28052983323181, -0.378436396064, 0.00930336265211, -0.925580542998, -0.216988415235, 0.9711939088, 0.098480552209, 0.899834385755, 0.238108880458, -0.365516400808,  
660, 3261859.9019780154, 92.00093298555926, 129.19390738339763, 96.88144857388482, 62.214847017484445, -0.484740566839, 0.648291485948, 0.587149667553, 0.857336534999, 0.21923725697, 0.465735000738, -0.173206953141, -0.72914550976, 0.662077168448,  
661, 3985229.395049271, 98.35314201708215, 120.04303361355572, 93.48765123028176, 84.77611393010345, -0.853307786901, -0.488198397529, -0.183106923585, 0.0394496754029, -0.410620783925, 0.910952410897, -0.519913015729, 0.770099277015, 0.369645180701,  
662, 2124436.095169663, 79.7477344635983, 95.7107259900681, 75.18968684088446, 70.47517709524611, -0.77185360553, -0.223958135893, -0.595050220568, -0.570286067851, -0.169912664495, 0.80368120997, 0.281097514122, -0.959673090074, -0.00342749803415,  
663, 3162050.410247337, 91.05281841509796, 106.60902454279083, 96.86359497030361, 73.1013886598863, 0.485843738664, -0.858742504525, -0.162840942404, -0.556295897645, -0.447506928829, 0.700194560756, -0.674159280781, -0.249597394962, -0.695133371782,  
664, 2712639.490421896, 86.51694125463327, 109.91849231681783, 90.70630228291517, 64.95240626689133, -0.700502756467, 0.642168416815, 0.311312724807, 0.713256352781, 0.615509506237, 0.335281110338, -0.0236909982825, -0.456911120654, 0.889196808599,  
665, 2555481.4582900475, 84.81279487854218, 114.47954655235996, 93.09739150688989, 57.242515670488, -0.779010324066, -0.171270717354, -0.603166027206, -0.447815453179, 0.825292600337, 0.344025353314, -0.438866989978, -0.538106369787, 0.719609129946,  
666, 3493518.17395395, 94.12929353196502, 125.43810823339854, 91.45615655195898, 72.69958901495264, 0.40607302797, 0.757849131414, 0.510655842981, 0.758082673806, 0.0326885541595, -0.65133871227, 0.510309078531, -0.651610429967, 0.561238355716,  
667, 4011532.281334922, 98.56904768724573, 116.63114364439544, 93.51771117388228, 87.80379333349049, 0.466193121922, -0.844238302793, -0.264434606603, -0.727573620838, -0.535918714267, 0.428284669302, 0.503289776702, 0.0072677228525, 0.864087137314,  
668, 3679366.63270747, 95.76970553175016, 102.76464313478948, 99.19017508938616, 86.1731722924022, -0.214044643287, -0.351889426617, 0.911240210985, 0.268385524804, -0.91814437603, -0.291513489978, 0.939230589768, 0.182166781272, 0.290965913889,  
669, 3170564.9643304506, 91.13447211201051, 110.20391742329922, 86.37818668712023, 79.51460968749745, -0.222837692094, 0.514744239315, -0.827877847918, -0.248674267483, 0.791122363099, 0.558826015228, 0.942605151521, 0.330399416912, -0.0482882349043,  
670, 3584854.708062215, 94.94256992724544, 103.18619030373058, 99.45264339177092, 83.39596533314533, -0.928250807977, -0.37134760135, -0.0212460928423, 0.167681811178, -0.468770048529, 0.867258584162, 0.332013926952, -0.801470898145, -0.497404414673,  
671, 2991865.802617933, 89.389086719072, 104.09920690888292, 94.49935268232429, 72.6067915595898, -0.801578526594, -0.0125863576031, 0.597757015271, 0.162500295547, 0.957557110189, 0.238071490679, 0.575382933055, -0.287968686369, 0.765511930684,  
672, 3055137.6732541937, 90.01482857672215, 112.35624291820572, 85.79245264043408, 75.6651477121005, -0.678250140313, -0.399549902775, -0.616714376642, -0.16716574192, -0.733360817756, 0.658967014128, -0.715564366003, 0.550037986119, 0.430611021612,  
673, 3439761.8871431607, 93.64399295499723, 109.66371305304288, 89.85909654175636, 83.33257016935812, 0.907592603078, -0.264545657575, 0.326023406976, -0.244628382314, -0.964294386967, -0.101455851629, -0.341222246351, -0.012326001832, 0.939901829062,  
674, 3022800.3151323018, 89.69611161574377, 101.16830207966116, 91.14651977753789, 78.25936100463437, -0.174436167413, 0.795187797848, 0.580730909848, -0.604917350513, -0.551898217252, 0.574006408364, 0.776947245665, -0.251166725401, 0.577293905654,  
675, 2557229.688082767, 84.83213088998477, 107.59051846308475, 86.47904293523395, 65.61396059528751, 0.561962210249, 0.588573028921, 0.581188664616, 0.75933707971, -0.0884334922666, -0.644660156069, 0.328033037404, -0.803592749514, 0.496621605751,  
676, 3337788.277697361, 92.70931920647575, 102.53574761801, 96.08949329058025, 80.87587087936822, -0.779021163594, 0.605568507093, 0.162520183026, -0.415539278041, -0.692750178046, 0.589427094069, -0.469524371123, -0.391642661154, -0.791304550023,  
677, 3438673.253728824, 93.63411293620494, 116.14707593511051, 100.48514391296489, 70.33834764448412, 0.683399470983, 0.675992912455, 0.275678699523, -0.182873076562, -0.207065567689, 0.961083393128, -0.706769128449, 0.707218094359, 0.0178875957828,  
678, 3132256.326456096, 90.7659369827461, 94.89962277244042, 91.71324679600403, 85.91562054717124, -0.919670399214, 0.192708647722, -0.342154546811, -0.26015452954, 0.353675429793, 0.898461635865, -0.294152983277, -0.915301626489, 0.275130796123,  
679, 1840813.9333762922, 76.02803416455424, 123.76407515710581, 85.95325017034034, 41.31087362316498, -0.184076178608, -0.397737258736, 0.898844276548, -0.964354316247, -0.103779506854, -0.243414392945, -0.190096589146, 0.911611148994, 0.364456307154,  
680, 2175164.5539011694, 80.3775015938477, 106.11959396973184, 84.536555243018, 57.884645993127585, -0.431286947039, -0.604688829217, 0.669584191221, 0.0580497585338, 0.722019736091, 0.689432901905, 0.900345375313, -0.336212612069, 0.276295647157,  
681, 2433999.7741192724, 83.44698336769662, 118.32780052988235, 74.91449995462527, 65.55098882602155, -0.505288388361, -0.827261566987, 0.245605261293, -0.861937871196, 0.470038588982, -0.190070594955, -0.0417941477557, 0.307736940673, 0.950553115064,  
682, 2783715.041849114, 87.26606414523448, 111.60923886275036, 78.67167258144256, 75.68636311066116, 0.694027830234, -0.638369905381, 0.332880210833, -0.403339433345, 0.0382339125975, 0.914251316344, -0.596357839195, -0.76877957298, -0.230944356499,  
683, 4134606.28125694, 99.56694538079195, 113.66025522524096, 95.39115776506343, 91.03927782324234, 0.236685889837, -0.192608414882, 0.95230341177, -0.717025235565, 0.626786718066, 0.304980690567, 0.655632977446, 0.755010204284, -0.0102464780513,  
684, 3103536.040806688, 90.48766772068898, 97.33769330881, 89.8831481012741, 84.68546152657179, -0.160107093896, -0.379736541078, 0.911134390666, -0.985787508037, 0.109088745906, -0.127760066201, 0.0508793424028, 0.918640193376, 0.391805420624,  
685, 2899923.944167266, 88.46388326816245, 98.16868788054263, 91.24007091580383, 77.29286369055845, -0.239104718143, -0.456930985048, 0.8567630995, 0.922251501493, -0.38291762211, 0.053162605958, 0.303778046864, 0.802862484851, 0.512962697145,  
686, 2501189.8984642015, 84.20787065256707, 105.26509357939682, 79.69332834870166, 71.17897185909254, -0.0816973698005, -0.26662459993, 0.960331641924, 0.237112374867, -0.941086496799, -0.241109782523, 0.968040939967, 0.208008481211, 0.14010428363,  
687, 2213963.5010469095, 80.85259236796102, 95.14989403646433, 90.25001100039002, 61.5497474277914, -0.529085926739, -0.633991030265, 0.564024339608, -0.645542713696, 0.732129751549, 0.217395105028, -0.550765546236, -0.249081112168, -0.796627838228,  
688, 3400236.3200987033, 93.28392925321826, 110.42099762330422, 87.45383201259276, 84.06011546565061, 0.406033536066, -0.874279866921, -0.266029099699, -0.607984480944, -0.475766490026, 0.635610822673, -0.682269476469, -0.0963377457948, -0.724725741377,  
689, 3068851.98731979, 90.14931777384729, 105.61025514178338, 85.40018316465847, 81.23111964518478, 0.189804531238, 0.101431840712, -0.976568390647, 0.450044732432, -0.892990398171, -0.00528086962344, -0.872601844332, -0.438497127087, -0.215142489538,  
690, 2408632.099047604, 83.15606948830258, 99.07911939143602, 84.39637121976368, 68.76634611016658, -0.196699390088, -0.0792546174781, 0.977255368646, 0.85141515555, -0.508083849, 0.13016541509, 0.486211458976, 0.857653489466, 0.16741836568,  
691, 3097133.8430764107, 90.42540339329608, 95.60969181162628, 88.37613737906685, 87.50531452738618, 0.72689394305, 0.564610396066, 0.390947945654, 0.520168129242, -0.82433869472, 0.223362561116, -0.448386343322, -0.0409977687428, 0.892899137686,  
692, 2297837.825791454, 81.86097663694483, 110.2354247528502, 81.54071804363778, 61.02883134586158, -0.604163059485, 0.753676726324, -0.25876319242, -0.0858789642286, 0.261253881185, 0.961442256752, 0.792219540946, 0.603090210303, -0.0931149675394,  
693, 3268544.5290760403, 92.06373685806071, 103.55103540316229, 100.00184581014389, 75.35348362380078, -0.500428744805, -0.232527628823, -0.833967609207, -0.865628660226, 0.116506158712, 0.48694284837, 0.0160653032646, -0.965586462631, 0.25958561057,  
694, 2918559.7091274057, 88.65297710598597, 107.93682400224014, 102.43688920301253, 63.016453381304366, -0.590476705932, 0.796401561926, -0.130697405918, -0.613852175128, -0.548328558153, -0.567909587351, -0.52394920254, -0.2551084955, 0.81264807185,  
695, 3480074.5269008363, 94.00839652348876, 119.95881992124907, 99.07229117528658, 69.90617563322515, 0.0515774440988, 0.106699277785, 0.992952683354, -0.730312212833, -0.674137469334, 0.11037546932, 0.681163591986, -0.730858356017, 0.0431534980273,  
696, 799145.3922231708, 57.56772452487194, 84.09998997110253, 53.96997080843445, 42.03287180374686, -0.596590326746, 0.713200170589, -0.368002036278, -0.206071013882, 0.307035859902, 0.929119862005, 0.775638265734, 0.630138474786, -0.0362047417274,  
697, 3832915.6800441747, 97.08382647782432, 107.14287579569688, 96.45040874520252, 88.54688436632372, 0.00678464234339, 0.242906834209, 0.9700258958, -0.0606563862659, -0.968162027817, 0.242864346287, 0.998135647812, -0.0604860131511, 0.0081652176732,  
698, 2812134.716725999, 87.56203323385647, 103.26166023070857, 82.54760671091988, 78.75967638030106, -0.849658842024, -0.449485780846, -0.275757837583, -0.484510584648, 0.458998726527, 0.7446943416, 0.208157021345, -0.766343723054, 0.60777294494,  
699, 3367380.4347705105, 92.98249418822394, 100.95888855751406, 94.29107335649928, 84.44781838694654, 0.225044582987, 0.952554422669, -0.204926834557, -0.626025695984, 0.302523933637, 0.718728806675, 0.746623575596, -0.0334565603499, 0.664404917903,  
700, 3073171.3287766697, 90.19159233840438, 110.01177809503676, 90.11345168617184, 74.00641286436662, -0.776591376375, -0.512096177382, -0.366965038185, -0.624934306879, 0.699918893482, 0.345789899553, -0.0797680777343, -0.497866495818, 0.863577446508,  
701, 3970696.5772533054, 98.23344256917304, 118.9346698663613, 94.30157622382126, 84.51828361532186, 0.627482862108, 0.740844757699, 0.239612818417, 0.308715869651, -0.519229253597, 0.79692878856, 0.714814500123, -0.426086877525, -0.554517991786,  
702, 2861628.2006757064, 88.07274503754361, 106.37986741735956, 85.70244170821606, 74.93279940112122, 0.6158224441, -0.217993478645, -0.757127175983, -0.420782974319, -0.903435659537, -0.0821321958827, -0.666111406498, 0.369165074655, -0.648083900269,  
703, 2369240.5433132555, 82.7002550336322, 111.33725099957006, 107.79645853792266, 47.12762558304527, 0.984430199631, -0.128158103734, -0.120302462572, -0.00639938999238, -0.710084966807, 0.704086917733, 0.175659414383, 0.692354562607, 0.699849219316,  
704, 3650233.911936566, 95.51627166395248, 102.76264094242875, 98.17793859279342, 86.37397770254941, -0.800765243817, 0.319501627025, 0.506649518527, 0.585103463595, 0.236237744824, 0.775787125963, -0.128175509297, -0.91766575519, 0.376112483929,  
705, 1983220.2065398942, 77.94006730056127, 101.11081155271322, 83.06541155638202, 56.372138726906606, -0.751230604833, 0.217884491114, -0.62304006845, 0.20349455707, 0.97441700597, 0.0954015918083, -0.627887365381, 0.05511666725, 0.776350184766,  
706, 2953356.3168817325, 89.00390862837112, 103.92025538926582, 92.68935193694688, 73.1976581352879, -0.968399517402, 0.248433616259, 0.0219798318477, 0.233752951109, 0.873369107314, 0.427300784269, -0.0869593729465, -0.418935723831, 0.903842312992,  
707, 2932866.6257220875, 88.79760139517515, 102.67958370449782, 87.5145843331645, 77.91824653581354, 0.248981337908, 0.951693028646, -0.179690491121, 0.353605014522, 0.0833998862437, 0.931669443891, 0.901649481272, -0.29550776335, -0.315758411956,  
708, 2177077.060896206, 80.40105191979117, 140.57354152620712, 93.84033726182774, 39.39962118335953, -0.365623849833, -0.417594208821, 0.831825869514, 0.0177087777123, 0.890420673942, 0.454793824285, -0.930594218564, 0.181014088334, -0.31816395176,  
709, 927283.4869341094, 60.493396896959716, 107.90115667554215, 75.37553959589016, 27.21870020771277, 0.479347032145, -0.708097863618, -0.518482244936, 0.221851957633, -0.47382515577, 0.852215601039, -0.849121976908, -0.523533320143, -0.0700337849345,  
710, 4070754.8086168296, 99.05174062594824, 112.84426893422655, 102.40060132164471, 84.10161217647683, -0.0860307339188, -0.400314297468, 0.9123306287, 0.0579520290638, 0.912164503393, 0.405706151146, 0.994605587733, -0.0877746090487, 0.0552751558801,  
711, 1823174.6547417985, 75.78441255083618, 103.28155664736579, 74.50136453258901, 56.56563454909604, 0.599325890227, -0.110301634469, -0.792869489095, 0.360504536986, 0.921527551295, 0.144303329888, 0.714734185636, -0.372317769704, 0.592059559712,  
712, 795363.7128087705, 57.47677445602717, 106.86472707916926, 57.42141508247847, 30.94346130937649, -0.736839629762, -0.561355809302, -0.376758563771, 0.0565098673664, -0.606468640657, 0.793096729782, -0.673701710628, 0.563094524269, 0.478592270973,  
713, 3375877.579221783, 93.06063822041632, 119.93645821901947, 91.8732744932983, 73.14045616901033, -0.909489100284, -0.225409569396, 0.349313759377, 0.0137941592244, 0.82342133137, 0.567262754125, -0.415498853954, 0.520737781489, -0.745783390331,  
714, 3012889.737319882, 89.59797815560661, 103.06464764859575, 87.56344515807497, 79.70068710854251, 0.347417925628, 0.549787713628, -0.759627708089, -0.539121670712, 0.779924281275, 0.317908697029, 0.76723438995, 0.299084579043, 0.567362146655,  
715, 3413736.437785708, 93.40722274361663, 108.77891876152306, 98.25460960676308, 76.25067741737678, 0.13211291595, -0.98076218675, -0.143707030029, 0.990979294863, 0.133974184119, -0.00330985543469, 0.0224992131542, -0.141973416632, 0.98961474038,  
716, 2563624.084241415, 84.90278009631416, 104.11701175627314, 82.09903181936234, 71.59884278075516, -0.271681798068, 0.166955328233, 0.947794766272, 0.950414209236, -0.108318641028, 0.291513126442, -0.151333510765, -0.979996423657, 0.129248513101,  
717, 3391892.0656553754, 93.20755981280205, 107.68741411583103, 97.19844873909128, 77.36225716980287, 0.260881153571, -0.879602621075, -0.397794234133, 0.762452017942, 0.440482529404, -0.473964198675, 0.592121561884, -0.179650689639, 0.785568383824,  
718, 3173256.5473026237, 91.16025370150342, 99.17224660834508, 96.74906592434954, 78.95500094111911, 0.938479868974, -0.0939092883694, 0.332319998028, -0.00927412736883, 0.955114055171, 0.296093114031, 0.34520939456, 0.280959404848, -0.89548438665,  
719, 3551329.2926760833, 94.6456761314239, 101.698640258033, 94.89454746477399, 87.85084212134483, -0.129282291521, 0.497383275326, 0.857843789116, -0.55377752352, -0.753843171098, 0.353625406092, 0.822567045014, -0.429337106264, 0.372898251057,  
720, 3421596.4573794664, 93.4788568466624, 103.70412436109973, 96.53921774340593, 81.59064644181375, 0.358608614824, -0.0928985413821, -0.928853983349, 0.292101820478, 0.956233684384, 0.0171367244098, -0.88660949005, 0.277465316498, -0.370049470063,  
721, 508719.0564261122, 49.52180499908345, 104.34201993716486, 46.78152033507833, 24.880312197901286, 0.869587139293, 0.47875011927, 0.120898843981, 0.362514895253, -0.452745032016, -0.814619473561, 0.335262819138, -0.752210249388, 0.567255306559,  
722, 3164269.9389039674, 91.07411757722339, 101.40429546404923, 95.44469133955948, 78.05069709889636, -0.0444860021861, -0.978688437202, 0.200474283881, 0.846698728228, -0.143440782238, -0.512372916544, 0.530209637056, 0.146947898519, 0.835035362062,  
723, 3681923.270950621, 95.79188251910988, 115.9203664183203, 95.08828119710178, 79.74425077582912, 0.369999933371, -0.154263614597, -0.916134698894, 0.274470361515, -0.923948661628, 0.266429899459, -0.887561868241, -0.35003086705, -0.299520153174,  
724, 3230718.2683214955, 91.70721244223236, 101.30065799053203, 92.18222802016142, 82.59447769099647, 0.186185535487, 0.487993515736, 0.852758626444, 0.627049410384, -0.727209109796, 0.279241736794, 0.756401998486, 0.482731021616, -0.441391863832,  
725, 1742736.1246712361, 74.6530704504032, 111.43054310900605, 75.01768252793464, 49.77085866807021, 0.411824388279, -0.394363742094, -0.821509532592, 0.291077879838, -0.797349968098, 0.52868392849, -0.863524372029, -0.456848188457, -0.213577600923,  
726, 3303024.372844162, 92.38633163544932, 106.83010357110712, 91.48913658680829, 80.67890413931147, 0.229765371544, 0.439536977778, 0.868340439693, 0.59673735376, -0.768446060306, 0.231073977394, 0.768838347552, 0.465078377875, -0.438850427556,  
727, 3471312.48774473, 93.92943293476627, 98.60558255645604, 96.91692598631207, 86.71694458821598, -0.517390499825, -0.169828749951, 0.83872836269, 0.110818655806, 0.958559940444, 0.26245393139, 0.848543632477, -0.228737920483, 0.477129612911,  
728, 3647040.4868143788, 95.48840924355886, 104.57242497674471, 96.80172099144245, 86.01054857168315, 0.46427078541, -0.827126835005, -0.316723596579, -0.820578143182, -0.536274714557, 0.19763841089, -0.333322889623, 0.168138720531, -0.927698885367,  
729, 3238842.7510384405, 91.78402198438123, 104.28414159297523, 89.70840311141046, 82.6513320465287, 0.682715957335, 0.405022214269, -0.608157814674, 0.358321905808, 0.539781457267, 0.761735774537, 0.636792221543, -0.737965435735, 0.223389082638,  
730, 3453005.1369792693, 93.76401702290187, 102.40146657367006, 97.53788384121033, 82.53328087083409, -0.16885043224, 0.877318931812, 0.449222688003, 0.429089683534, -0.344882347513, 0.834828251713, 0.887339605234, 0.333717932179, -0.318214969361,  
731, 3625337.2689846656, 95.29861788623315, 123.56764967780681, 104.89260466581915, 66.77442397312655, 0.170788514823, -0.865922679874, 0.470116151269, -0.58582115774, -0.472875052152, -0.658181400676, 0.792240401866, -0.162994164103, -0.588037454691,  
732, 3879540.036884656, 97.47589009606278, 111.31022987527976, 92.14438879540424, 90.29998029486718, 0.394790042934, 0.141846138689, 0.907755746299, 0.430715497842, -0.901289761324, -0.0464857618066, 0.811557134107, 0.409336584086, -0.416915553811,  
733, 3194856.3377756462, 91.36662335453087, 106.34726779462855, 92.31166533758682, 77.69262624993584, 0.60131336665, 0.017215646884, -0.798827801588, 0.280514343286, -0.940678152393, 0.19088299249, -0.748153686283, -0.338863151012, -0.57047158263,  
734, 3052179.0962056187, 89.98576258506694, 123.80210543583893, 111.26435249948473, 52.89776572433638, 0.558463808796, -0.464837230806, 0.687054963683, 0.733084862338, 0.664165886395, -0.1465273352, -0.388207108224, 0.585499807178, 0.711677747944,  
735, 1170934.7455560276, 65.38548677679222, 122.9148134811277, 69.31821835959043, 32.808960116853385, -0.827661273947, -0.36208334678, 0.428803527962, 0.0711544202716, 0.690180334716, 0.720130650679, -0.556699078573, 0.626535518192, -0.545471704454,  
736, 3395214.4406781546, 93.2379823036253, 118.81167827035091, 95.89241059089665, 71.14350101510865, 0.37858025686, 0.286056133639, -0.880255007099, -0.237898130404, 0.949164432179, 0.206134325711, 0.894472732209, 0.131372634492, 0.427387133921,  
737, 3428786.7908799164, 93.54429159193224, 116.50079640218826, 88.13228091942051, 79.7237956002599, -0.936229279674, -0.244477403066, 0.252399554815, -0.308493908344, 0.227944232482, -0.923511199387, -0.168244596927, 0.942481950102, 0.288827854156,  
738, 3797590.8376131984, 96.78465817032098, 115.00088037569648, 105.01732671887657, 75.06844809116622, -0.440532416011, 0.267830733541, 0.856853481416, -0.578827362624, 0.644832178555, -0.499149622636, -0.686214306701, -0.715861830014, -0.129041720415,  
739, 45694.35271441344, 22.178115461655835, 85.59791860614914, 36.414284623497785, 3.4997654014138897, -0.555802024803, 0.040234035268, 0.830340491384, 0.187018866087, 0.979275983986, 0.0777334607191, -0.810004970943, 0.198493752027, -0.551808098394,  
740, 3449839.33472956, 93.7353531888616, 103.785954116791, 94.20636766367318, 84.23477482176861, 0.417909093255, 0.874559322265, -0.245963374537, -0.343546928846, 0.402765965383, 0.848383807489, 0.841027643693, -0.270047345789, 0.468771728645,  
741, 2911082.726045654, 88.57720643654092, 108.80428506539637, 88.71720916723261, 71.99661313383173, 0.486049690644, -0.5557873806, -0.674430193416, -0.338116564244, -0.831214296687, 0.44131619273, -0.805873989659, 0.0135344208677, -0.591932371342,  
742, 3289676.104728941, 92.26171226290381, 113.44888184047515, 89.3986387343505, 77.43430508804103, 0.138852949749, -0.21578992657, 0.966516717878, -0.819804876253, -0.572554664269, -0.0100559084948, 0.55555361867, -0.790958825739, -0.256406538075,  
743, 2089862.1101241969, 79.31274986179693, 104.0475372811363, 88.13449381349906, 54.40656446801375, -0.491797859648, -0.319830808351, -0.809841416127, -0.852526014328, -0.0122120101126, 0.522542114765, 0.177014858526, -0.947395968346, 0.266658243867,  
744, 3682393.94261352, 95.79596413626778, 99.7691090067048, 98.54329877347071, 89.41666093723367, -0.882145419338, -0.443683793796, -0.158000475518, 0.017510075992, -0.366137835419, 0.930395874192, 0.470651523295, -0.817977858256, -0.330755751307,  
745, 2264430.335610656, 81.46232199194081, 105.1658126552918, 89.08514200833616, 57.70195081540879, -0.283376741766, 0.630613355597, 0.72251257288, -0.905249951854, 0.0728072754195, -0.418594822369, -0.316575657457, -0.772674508696, 0.550230821307,  
746, 3264228.5628347322, 92.02319699933263, 111.21586189949014, 96.64846134098852, 72.49870933642761, -0.582081806052, -0.443660524728, -0.681429460664, -0.796637427589, 0.143223464536, 0.587244283217, 0.162940418642, -0.884676425596, 0.436804352048,  
747, 2660711.888182789, 85.96132088481515, 129.92164603766048, 76.58855354276056, 63.83573439609957, 0.94924572891, 0.302360488791, -0.0866641850182, 0.222372776001, -0.839990729447, -0.494940322602, 0.222447509854, -0.450548231892, 0.864594353497,  
748, 1747057.0045309481, 74.7147169466774, 118.06812477433427, 82.75453927929838, 42.68683699754498, 0.0318172530368, -0.217701077373, 0.975496746955, -0.603242764998, -0.782365995528, -0.154924547828, 0.796922724539, -0.583532081339, -0.156219336705,  
750, 3481571.4162664614, 94.02187324615787, 105.41275366334975, 92.70224129914591, 85.0556770673691, -0.809150906714, 0.58081432763, -0.0890478915143, 0.58640564643, 0.807839644552, -0.0593593002347, -0.0374596849747, 0.100248817994, 0.994256982119,  
751, 1659055.1469108681, 73.438546206862, 106.80364373935062, 75.3896852048579, 49.189704494622625, 0.131194974265, 0.968778122674, 0.210373068038, -0.516702795316, -0.114281529217, 0.848503360861, 0.846053248939, -0.220019728906, 0.485577201742,  
752, 2847790.1591801317, 87.93055045121459, 110.01502545735859, 82.3921420338943, 75.0035083320109, 0.522883294588, 0.165874672744, -0.836109235198, 0.492514749791, 0.7417882059, 0.455169725296, 0.69571709874, -0.64979677633, 0.306172938045,  
753, 3285044.938157552, 92.21839695289981, 105.87376903662971, 103.7623504414103, 71.38788753254207, -0.633800755622, -0.398434176483, 0.662983264633, -0.114996108789, 0.896137186957, 0.428618754976, 0.764900318431, -0.195418395152, 0.613790806138,  
754, 2940486.3701370577, 88.87443520059219, 96.51442160202005, 91.08192043690843, 79.85574579099706, 0.208608333012, 0.746828463955, 0.631450559287, -0.861438761967, -0.165375910898, 0.480181286053, 0.463039763712, -0.644125805663, 0.608848194298,  
755, 3024132.601999879, 89.70928741157338, 102.32611430654444, 92.0077565043469, 76.68338880862964, -0.52131010979, 0.23566602069, -0.820181258091, -0.844629129202, -0.279679121041, 0.456487922465, 0.121808881177, -0.930720750787, -0.344849939134,  
756, 3020636.9110905807, 89.67470814634669, 106.1652713200579, 96.95172539537971, 70.06028494834352, 0.786163556367, 0.525326746366, -0.325543656355, 0.577148968278, -0.435687714978, 0.690706365565, -0.221011155953, 0.730895358153, 0.645713593147,  
757, 3248624.254382998, 91.8763269125122, 111.95856581366684, 86.09821206549645, 80.45618092290077, 0.201832010466, -0.84395300263, 0.496998157847, 0.625617399967, 0.501518104934, 0.597563770055, -0.75356931228, 0.190323198209, 0.629214090603,  
758, 1305204.5131078365, 67.7948419348215, 92.62495642933392, 80.27650156708498, 41.905738931048155, 0.217932288165, 0.627084050794, 0.747844309342, 0.707061946491, -0.629631545501, 0.321912287331, 0.672732429425, 0.458617171669, -0.58060431298,  
759, 2973170.826943957, 89.20251198824832, 126.88610946579858, 98.84074195167236, 56.595405417102505, -0.542337531884, -0.717344981087, 0.437362755181, -0.105860952218, 0.574767173266, 0.811440789788, 0.833464732491, -0.393775157475, 0.387656632923,  
760, 3787587.7148490767, 96.69960423635652, 106.77464332460201, 99.99329938900834, 84.69057118660807, 0.606185906618, 0.710854875703, -0.356684723962, -0.145310870027, 0.539920286059, 0.829078304959, -0.781935673614, 0.450745416385, -0.430587008557,  
761, 2871847.785683347, 88.17746369283569, 130.91504026789218, 100.32300326109737, 52.201470842506204, -0.564881337497, -0.651839022783, -0.505979211949, 0.566929960151, -0.752121948567, 0.336010408718, -0.599582767289, -0.0970487653774, 0.794406723479,  
762, 1516303.5849438647, 71.26875697211032, 90.24541111233958, 79.44927427178395, 50.48734004613274, 0.375529206913, 0.786293591374, 0.490632451963, 0.866529665267, -0.110072211937, -0.486837187745, -0.328791961531, 0.607969157378, -0.722682052987,  
763, 3604318.059906379, 95.11408468014137, 110.37642002227092, 91.08114390793844, 85.59131884681376, -0.936385544645, -0.123361971165, 0.328578660066, -0.0534585695452, 0.975400681521, 0.213859046641, -0.346877922507, 0.182689174716, -0.919945852928,  
764, 3276065.3568261033, 92.13429477946727, 99.25673108343405, 92.46061540586614, 85.22111267142245, 0.0979431176684, 0.315435626545, 0.943878970635, 0.436940596338, -0.865766246367, 0.243991233291, 0.894142080977, 0.388521778228, -0.22262247611,  
765, 1657951.1324522712, 73.42225275456184, 116.76637601371905, 95.62762922968537, 35.44719920031212, 0.68536284856, 0.321484835501, 0.65339518391, -0.639296842718, -0.164002258693, 0.751267466375, -0.348679383825, 0.932604288906, -0.0931231851298,  
766, 3197148.9737300794, 91.38847309236859, 104.01807818300495, 94.34546918959131, 77.77578255860647, 0.659234339126, 0.54920260051, 0.513601586553, -0.587733599018, -0.0496954831, 0.807526826517, -0.46901951207, 0.834210322732, -0.290023852029,  
767, 1117593.3455065456, 64.37714795884665, 111.58158385147507, 93.28193201143678, 25.633336795568255, -0.305236964169, -0.952276030435, 0.000870381449386, 0.814153243942, -0.260489585033, 0.518940913272, -0.493948267619, 0.159108572831, 0.85480966944,  
768, 2236776.707628158, 81.12935204943037, 94.96897577122338, 86.826306822487, 64.75912013934999, 0.343553184625, 0.611162726246, 0.713057733554, 0.88004411589, 0.0555624459556, -0.471630330542, -0.327862110378, 0.789552364728, -0.51876150583,  
769, 2085311.5229392874, 79.25514129819021, 97.34798908414813, 86.06832596666479, 59.417174132407624, -0.839875100732, 0.542422898611, -0.0196777598863, -0.338568197291, -0.49520593091, 0.800089158641, -0.424242137174, -0.678637226399, -0.599558274058,  
