# Void_ID, Void_Volume, r = (a*b*c)**(1/3.0), a, b, c, vector_a, vector_b, vector_c 

7, 1297527.621019843, 67.66166295242822, 137.28427661905445, 113.67757783734206, 19.84871478870641, -0.489855931635, -0.192960269461, 0.850180863494, 0.103722443397, 0.95537191406, 0.276597470271, 0.86561124125, -0.223675747979, 0.447980288393,  
11, 3079295.247694352, 90.25146095306286, 118.82672354788089, 87.06849594442578, 71.05384066347212, -0.65006048978, 0.69224071549, 0.31340732513, -0.0542070303363, -0.453635922734, 0.889536984879, 0.757946539994, 0.561263967687, 0.332415103579,  
28, 783658.507729943, 57.19342188460068, 119.53607580263719, 63.0798755807178, 24.811237218693492, 0.785472973625, 0.196870461363, 0.58674886378, 0.460144438812, 0.448240127126, -0.766386249788, 0.41388319987, -0.871964913214, -0.261491657589,  
54, 1317318.2481716091, 68.00393332441956, 99.45023503318843, 72.83224780534572, 43.41827560758479, -0.608491259946, 0.677411917878, -0.413341844102, 0.0217725245785, 0.534925194472, 0.844618845097, 0.793261838073, 0.504943689767, -0.340246273193,  
59, 2696081.778919519, 86.3405512912431, 112.89137384271757, 92.29862305092269, 61.771546111342666, -0.320816176231, -0.402528083563, -0.857349475425, -0.942522000735, 0.0463866100722, 0.330908689123, 0.0934305046549, -0.914231603233, 0.394273149543,  
61, 2356427.1253948314, 82.55089788843534, 124.84669224646962, 73.53322105009947, 61.2780269669667, 0.601157450478, -0.143864133665, 0.786074316321, -0.700052722442, 0.379593008345, 0.604843230777, 0.385403561914, 0.913899479735, -0.127482686682,  
68, 1652597.097405829, 73.34313316728716, 110.765295116036, 73.5483647300026, 48.428570102233145, 0.871321274918, 0.275335536159, -0.40618909193, -0.24182058638, 0.961188977589, 0.132810215587, 0.426991849896, -0.0174954819754, 0.904086206195,  
87, 1341270.748656882, 68.41362687119643, 91.21196031291889, 85.68643412050076, 40.96981326851858, -0.697689983949, -0.642994954518, -0.315889497706, -0.711855316852, 0.671817110603, 0.204752967673, -0.0805648444818, -0.367721713209, 0.926439446196,  
100, 1447600.3842491687, 70.17569031640113, 127.30613333329929, 59.5291172820704, 45.60172908438535, -0.899144379913, -0.437133412902, -0.0213017228252, -0.437195686896, 0.899364425928, -0.00188699073684, -0.0199828784209, -0.00761634422666, 0.999771311786,  
124, 2762934.932837936, 87.04837790286759, 143.6051625460998, 82.49211492053242, 55.68004236922929, -0.103775741021, 0.856497575353, -0.505611015495, 0.959663991238, -0.0473253630647, -0.27713775263, 0.261296038044, 0.513976860788, 0.817038657027,  
128, 778444.2146209438, 57.06628863452633, 123.92672254870557, 62.073334903446344, 24.158437574408417, 0.345531845691, 0.676778373531, -0.650060594663, -0.542098893541, 0.709404570148, 0.450415303331, 0.765987293129, 0.196764298014, 0.612002677929,  
140, 1504635.009806804, 71.08547195354888, 119.54200857333717, 76.81749737738254, 39.116667683983046, 0.504596143457, 0.720725045516, -0.475329507579, 0.758383779653, -0.63313123795, -0.154915713504, 0.412597594234, 0.282312316943, 0.866061765081,  
150, 800995.8140334227, 57.61212297869559, 95.05605644022506, 62.15394711592097, 32.366305597857, 0.354241423519, 0.756615950216, 0.549586497052, 0.729379309154, 0.1442567637, -0.668727006711, 0.585251089056, -0.637747826343, 0.500758297738,  
165, 1490232.5283247663, 70.85793253402625, 102.12129771352156, 65.84842119952391, 52.90585506548644, 0.855477211349, 0.516885272556, -0.0314381277642, 0.334893694601, -0.598532616051, -0.727739596861, 0.394974624727, -0.612036210152, 0.685132631892,  
169, 2711716.234923981, 86.50712470193247, 115.63969697862227, 88.42976366485401, 63.30677974245556, -0.817999649005, -0.190473991584, -0.542767199412, -0.0903926852251, -0.889295193172, 0.448311523229, -0.568071946751, 0.415780853253, 0.710225700311,  
175, 1348158.557646034, 68.53053482869412, 110.30117510159283, 100.05292854756141, 29.16368638159052, -0.0427376062957, -0.921512253703, 0.385990496365, 0.635808167483, -0.3230989159, -0.700967235116, 0.770663007526, 0.215458248439, 0.599713491603,  
184, 502265.6070803415, 49.31150722446229, 133.07687973243998, 35.359989430879324, 25.481799571379696, -0.207660135895, -0.409491094402, 0.888366090959, 0.240681441927, 0.858856052564, 0.452149006951, -0.948129585801, 0.307706555959, -0.0797932575325,  
199, 2076354.0753355448, 79.14149837369847, 133.15829065538645, 88.1517407394734, 42.22928235061551, 0.594522396729, -0.410060268908, 0.691660101243, -0.745365191297, -0.603718780392, 0.282762030345, -0.301618718568, 0.68364772366, 0.664568987046,  
204, 252105.58052791093, 39.18903925799302, 65.69154420384443, 54.12490800159588, 16.92728115877734, 0.175440498708, -0.866257466257, -0.467780539961, 0.984376292412, 0.161575659649, 0.0699758611666, 0.0149648371218, -0.47274867357, 0.881070227217,  
248, 915570.1103983286, 60.23760074734853, 110.44767943799867, 79.31917959584972, 24.949864297209036, 0.502283905456, 0.132667185277, 0.854464918104, -0.457102931385, 0.879543031968, 0.132139944892, -0.734008030228, -0.456950186417, 0.502422868403,  
249, 694284.018086673, 54.930833172997225, 106.56546853301919, 56.7406789386445, 27.41179858622402, 0.354716336484, 0.701253685574, -0.618400832066, -0.407194748934, 0.71125581352, 0.572981329691, 0.841646456103, 0.0485637334118, 0.537840874912,  
260, 1736698.9743678921, 74.56676684422087, 115.32898463812494, 78.23186239535833, 45.9529927640415, -0.60067455999, 0.775985739028, 0.192447930117, 0.7966935426, 0.601099229121, 0.0629215061015, 0.0668541110264, -0.191117371202, 0.979287842395,  
290, 1410118.974498444, 69.56472122320011, 97.05283936373596, 80.95756586991767, 42.845129490671255, -0.251310529256, 0.704743732038, 0.663460089258, 0.700126120189, -0.340945058255, 0.627359452851, 0.668331080913, 0.622167774322, -0.407726411802,  
304, 1504746.0593384625, 71.08722073074267, 136.43587697387352, 116.55207755099546, 22.59050811334758, -0.387199122023, -0.690303952291, -0.611193335497, 0.145613244107, -0.700367182606, 0.698772203704, 0.910424968377, -0.18156613941, -0.371698956112,  
311, 775220.402131597, 56.98740241529106, 129.22095947280587, 53.3259958888278, 26.85744211307289, 0.198438871936, -0.80104763064, 0.564751899112, 0.492514433129, 0.579675057555, 0.649158193977, -0.847379222818, 0.149330241729, 0.509557584225,  
322, 174035.63376068464, 34.63510617067143, 136.61983892761688, 77.61065032213439, 3.9184515230974633, -0.177255719217, -0.98416170192, -0.00248082212462, -0.965305623796, 0.174349589117, -0.194389489023, -0.19174322067, 0.0320618971363, 0.980921287402,  
323, 949356.8662891994, 60.96963973759636, 82.62123381712473, 66.52581727618987, 41.234334693014524, -0.883400287235, 0.031129226326, -0.467584114124, 0.44487734025, -0.257857829737, -0.857667471562, 0.147268749722, 0.965681267765, -0.213942993444,  
327, 2322189.5270120455, 82.14913930448904, 141.0832073444272, 110.56448656779145, 35.54005331984483, 0.500068868333, 0.567897673325, -0.653776230492, 0.271695303157, 0.613944860977, 0.741116299863, -0.822260779295, 0.548237120516, -0.152719581332,  
329, 3494314.1776890405, 94.13644215936164, 106.28924293511109, 92.10382987856654, 85.21309467013245, -0.44147663282, -0.881826340448, -0.165773001318, -0.00374431124701, -0.182939902192, 0.983116967771, -0.897264934569, 0.434643874313, 0.0774618597437,  
330, 1375047.3543412394, 68.98314894411, 87.7268751441157, 67.46000048584118, 55.46896284897509, -0.106404487688, -0.422151463352, 0.900258977733, -0.916304742517, -0.309928574676, -0.253633391808, 0.386087689315, -0.851899301907, -0.353841596722,  
331, 3390886.260975818, 93.19834589266252, 112.82510728111679, 86.52893276641319, 82.91965968051119, -0.0261861620428, -0.967519986086, -0.25143460669, -0.343263900027, 0.24493014829, -0.906740931798, 0.938873889218, 0.0625643587231, -0.33852846433,  
332, 3754366.878549481, 96.41605702181994, 107.70359182252625, 99.43685680265652, 83.68941379217534, 0.6630851981, -0.402391695914, 0.631188516309, -0.685038739589, -0.666102861166, 0.295006616212, -0.301728264045, 0.628003106207, 0.717336847841,  
333, 4012069.5667933156, 98.57344811315463, 112.92481653346701, 99.21477187373709, 85.48976312188957, -0.547499521994, -0.392773105786, 0.738900237372, -0.830793363559, 0.360795275401, -0.4238032047, 0.100133213684, 0.845905465534, 0.523848530491,  
334, 3322146.437815954, 92.56427150953363, 106.44546329698073, 99.64301734081874, 74.77495079468726, 0.541024725159, 0.580954424493, 0.60809884347, -0.652369577096, 0.746228013161, -0.132505423488, -0.530760003813, -0.325016475022, 0.782724797944,  
335, 2617185.6643943437, 85.48999817872463, 105.86294461625351, 80.31921645871566, 73.48225756255448, 0.542171326125, -0.181907624614, -0.820341312647, -0.727005766096, -0.591076173662, -0.349416045699, 0.421322761301, -0.785836225327, 0.452712444907,  
336, 3449580.304940888, 93.73300710313721, 114.77136539753391, 96.99656074211413, 73.97547567800513, -0.958785360232, 0.229919034249, -0.166936726623, -0.235129755668, -0.312198831052, 0.920459606875, 0.159513732967, 0.9217749875, 0.353392475041,  
337, 3629514.455303421, 95.33520549718246, 104.78724506435445, 94.85338315572626, 87.17634828112995, 0.131787027755, 0.969219331035, -0.207956888953, -0.813477132476, 0.225625626754, 0.536048534641, 0.566469005555, 0.0985239305916, 0.818172292886,  
338, 3315970.8105364065, 92.5068791949516, 106.41396546710448, 91.81618606694225, 81.02223398955107, -0.922845350628, -0.235061858886, 0.305126828256, -0.3613780022, 0.802514218414, -0.47473873738, 0.133275648001, 0.548376560167, 0.825542700234,  
339, 1942119.5179880457, 77.39788880485003, 115.15628345731139, 79.4142766456639, 50.699201467709926, -0.767159482343, -0.517062058955, -0.379622385854, 0.110439182466, -0.689443421111, 0.715870767711, -0.631877769531, 0.507261861642, 0.586016969119,  
340, 3427625.5169334468, 93.53372975948275, 97.14683293401737, 93.25606452417881, 90.323140037931, -0.0596667811164, 0.0993032932615, 0.993266696904, 0.764839110627, -0.634861606182, 0.109416067609, 0.641452266413, 0.766217721633, -0.0380708940052,  
341, 3673903.5668460918, 95.72228293438341, 106.9347001587385, 91.38451976664962, 89.75276846001461, 0.0631750797042, -0.0709126671676, -0.99547993598, -0.902108908813, 0.422574523638, -0.0873515232416, -0.426858789232, -0.903549758236, 0.0372747695879,  
342, 3703688.5774996285, 95.9802663856009, 107.93659407870258, 96.15069768577351, 85.19707859686572, -0.24959165617, 0.964703538765, 0.0839707536228, -0.681212808091, -0.11329055987, -0.723266450996, -0.688224611056, -0.237723224229, 0.685444785084,  
343, 3641485.7347390032, 95.43990562734716, 102.82823865661983, 94.50510224604275, 89.45865215629978, 0.857153586377, -0.368046888214, 0.36031821691, -0.435799419135, -0.891111331499, 0.12648897642, -0.274529771869, 0.265446949408, 0.924213893754,  
344, 3359113.9180796253, 92.90634486993272, 106.11834082221093, 88.71331036415103, 85.18377583604861, -0.439702642244, -0.0388895354905, -0.897301058973, -0.898057244719, 0.00519865198006, 0.439847881914, 0.0124407238872, -0.999229992568, 0.0372108901028,  
345, 3119422.455348789, 90.64180144938074, 109.95110528154814, 89.68923468935125, 75.51716316430117, -0.446620243885, -0.872446256529, -0.198413425002, -0.893774384284, 0.4452503189, 0.0540324302378, -0.0412032492642, -0.201468813936, 0.978627921767,  
346, 3916087.6374257593, 97.78102773681188, 107.57101941844185, 96.60723148114, 89.96195239175107, 0.809778179703, -0.567334662043, 0.149635159374, -0.450975127062, -0.764972873667, -0.459823811177, -0.375340824382, -0.304873553787, 0.875312162462,  
347, 3071104.6579991025, 90.17137021744891, 103.16175865227534, 89.53768360042352, 79.37457547351048, -0.134354851161, 0.147162009697, 0.979944956042, -0.761902086596, -0.647652200502, -0.00719983504167, 0.633603964957, -0.747589439523, 0.199138257258,  
348, 3627152.8736089696, 95.31452406013999, 105.54490543047378, 100.67060977565936, 81.49618454143831, 0.360055222908, -0.30944809052, 0.880114830991, 0.408828845334, 0.900315967262, 0.149298808824, -0.838581666673, 0.306060514225, 0.450674771818,  
349, 2933852.712050745, 88.80755210215722, 107.28061886968288, 84.18084316941571, 77.55595613538762, 0.674331322455, -0.367488327965, -0.640491683291, -0.56546522415, 0.300837263813, -0.76794923073, -0.47489614426, -0.880027993595, 0.00493787979437,  
350, 3289762.0252422383, 92.2625154934154, 106.98485049854132, 93.00123360766347, 78.93413977985581, -0.944839882094, -0.324897056173, -0.0414668553771, -0.175785240425, 0.396185645546, 0.90118615364, -0.276364155515, 0.858765880292, -0.431444105757,  
351, 1985764.7430014473, 77.97338627428931, 90.72024567622172, 84.160075910831, 62.0910279811735, 0.00376593758905, -0.0117691257537, 0.999923649782, -0.650645847776, -0.759353605308, -0.006487131711, 0.759371976364, -0.65057174069, -0.0105172110892,  
352, 2946251.524784416, 88.93248006196637, 103.70930984125945, 95.61241419846307, 70.9331395809743, -0.376155058023, 0.924702410532, 0.058590308763, -0.85430453453, -0.321648058828, -0.408296814258, -0.358707589277, -0.203636878314, 0.910967006639,  
353, 3534966.691130945, 94.50009364558849, 105.88770270976156, 95.13284143446148, 83.77621247352495, 0.0689418026145, 0.962178392141, -0.263552214084, -0.373194540338, 0.269873655108, 0.887633959096, 0.9251880149, 0.0371611621884, 0.37768529904,  
354, 3336113.7096900702, 92.6938125279124, 98.45521858127672, 92.92413542607339, 87.05324526288841, -0.296542454441, -0.919394969137, 0.258409487907, 0.00376811362097, 0.269451782674, 0.963006509912, 0.955012237636, -0.286546030403, 0.0764395082814,  
355, 3399361.605032462, 93.2759294311825, 98.4038552205238, 96.73350915007667, 85.25496873510353, -0.622249000959, 0.364062367987, 0.693011380153, 0.330965079873, -0.679914858235, 0.654353040381, -0.709414051673, -0.636533092437, -0.302584410574,  
356, 3258038.8878116827, 91.9649949794094, 99.13999160501574, 95.71320270935605, 81.96848873328476, -0.238901016532, 0.497444286466, 0.833951728916, 0.646276871743, -0.559531769127, 0.518893442229, 0.724743064369, 0.662927885369, -0.187814028897,  
357, 3527515.8575688954, 94.43365268554867, 126.88146400649232, 94.41582600943886, 70.29709647004957, -0.135185357574, -0.654907663906, -0.743519247132, 0.103879910605, -0.755640239871, 0.646696831645, -0.985359773519, 0.0101872295029, 0.170183245605,  
358, 2425258.042869802, 83.34696334342745, 119.25183112539911, 82.2108783216223, 59.05749198303912, 0.751917293365, 0.0238350858023, 0.658826435887, -0.593393187315, 0.459881599542, 0.660600817174, 0.287236677998, 0.887660297122, -0.35993650513,  
359, 4166330.6579002854, 99.82095221491124, 115.83792284558132, 103.88561321223072, 82.65306369080751, -0.6243370805, 0.771075976581, 0.125080167305, -0.397061209854, -0.451149839156, 0.799253538159, -0.672715099832, -0.449339138035, -0.587833933597,  
360, 3579150.8998636086, 94.89218930134533, 103.32134881135558, 97.462173158379, 84.85261711104029, -0.953085402447, -0.234302521946, -0.191652142831, -0.120654013608, -0.286619989776, 0.950416535242, 0.277616326325, -0.928951726233, -0.244903788634,  
361, 2948571.156192624, 88.95581326544666, 100.92286802871082, 93.55528742207167, 74.5529928373065, 0.469314654, 0.878151961135, 0.0926978354446, 0.77825073036, -0.361740747348, -0.513292735583, -0.417216438117, 0.313037960739, -0.853192638799,  
362, 3413766.123756315, 93.407493500316, 102.58758302126455, 92.53106494449759, 85.85444729033414, 0.807666573264, 0.588513912064, 0.0364154052467, 0.31598045022, -0.48413452246, 0.815947375289, 0.497826336699, -0.647506864418, -0.576978161649,  
363, 2884039.409616583, 88.30206509855236, 107.0325692122208, 91.80617527371116, 70.06880910584401, -0.660383085766, -0.219047447539, 0.718270419662, -0.732963583267, -0.0199474228267, -0.679975356853, -0.163274510073, 0.975510284953, 0.147380861414,  
364, 2707815.239883592, 86.46562259447481, 104.1896848111383, 92.28868276754491, 67.22909224526288, 0.685705526313, 0.137393661531, 0.714794315139, -0.411489017499, -0.736867385693, 0.536379757616, -0.600403797174, 0.66192857445, 0.448738055736,  
365, 3316632.0352946273, 92.51302759784052, 107.05026902741952, 93.145192369909, 79.40730831962087, 0.212793073936, 0.621293044813, -0.754131328187, 0.378705170439, 0.65903764856, 0.649809027071, 0.900722766209, -0.423868293516, -0.0950482413521,  
366, 3138916.6551985736, 90.83022535683052, 103.80296743576588, 92.09347247556079, 78.38853669286617, -0.54697312851, -0.757210839259, 0.357004399969, -0.834857407029, 0.524928011719, -0.165721731954, 0.0619153181143, 0.388693101845, 0.91928459465,  
367, 3147217.1504269564, 90.91021816376218, 101.28976456428836, 89.02863957243693, 83.31876063189412, -0.376033586387, -0.0310156086421, -0.926086806908, -0.922397759367, -0.0826146785337, 0.377302515769, 0.0882106310159, -0.996098813829, -0.00245716594034,  
368, 2729045.759158078, 86.69101134142196, 104.25838131946172, 89.68064415383655, 69.68070106125329, -0.648598759711, -0.21493009383, 0.730153890401, -0.0838217009504, 0.97363706942, 0.212143299447, 0.756500873332, -0.0763931398533, 0.649515601685,  
369, 3398056.842105701, 93.2639939990768, 111.38906203849486, 97.09782145981598, 75.00496231723751, -0.83868779308, 0.0720075712813, 0.539831173069, -0.535850223714, -0.286196447631, -0.794327470952, -0.0973001720677, 0.955461408452, -0.278614740231,  
370, 3269540.5287545472, 92.07308721152626, 128.81456748352372, 85.56972227164417, 70.81300327863299, 0.330982411645, 0.943419850411, 0.0202392942498, 0.890636075872, -0.305233460729, -0.337045864545, 0.311798049284, -0.129582098691, 0.941270660417,  
371, 3567846.8108141194, 94.79218410921318, 106.55727089159694, 95.29472371601747, 83.88139524148242, -0.857729015268, 0.0745093031891, -0.508674060776, 0.458082043674, -0.338379567052, -0.821985468159, 0.23337047292, 0.938055239493, -0.256106598957,  
372, 3584386.3122289833, 94.9384346930677, 105.12708554681578, 96.37133612190354, 84.46245413706028, 0.567659480217, 0.195484406929, 0.799717800957, 0.631289313645, 0.52015295424, -0.575251863685, -0.528428346133, 0.831400475609, 0.171862538559,  
373, 3707073.592801241, 96.00949812163788, 111.0849659178634, 96.20322572206864, 82.81283987149166, 0.0148904963422, -0.784114785909, 0.620437164939, 0.421358631901, -0.557798907233, -0.715064530243, 0.906771843652, 0.272074220772, 0.322087630856,  
374, 3701412.092258111, 95.96059748549322, 99.28648857766294, 95.88521958331474, 92.81902700576704, 0.491436792782, 0.367253809887, 0.789692673022, -0.672024160528, 0.736658043703, 0.075620462274, 0.553961556759, 0.567855233111, -0.608824299664,  
375, 3312107.179003202, 92.47093684001558, 100.51394489045029, 92.19853925557324, 85.32286190647876, -0.90027080959, -0.109253884666, -0.421397743333, 0.403815309755, -0.57118521142, -0.714619234182, 0.162621231726, 0.813517696759, -0.558339763989,  
376, 4014823.5640040063, 98.59599748201975, 114.31519429059233, 98.49603965811052, 85.12460852578153, 0.820522922681, 0.32427348927, 0.47073223547, -0.253383585659, -0.531849457704, 0.80804264297, 0.512385491474, -0.78229333277, -0.354229092017,  
377, 3745359.3269785577, 96.33888750043336, 112.69207307585876, 97.19411561029722, 81.634087015462, 0.554731772487, -0.246859504101, -0.794564689518, 0.749978544135, 0.561876769977, 0.349036787025, -0.360284393126, 0.789528264596, -0.49683022802,  
378, 3920099.1745938743, 97.81440444693327, 109.53792263546985, 93.80836306884194, 91.07567255493218, 0.836681351935, -0.0198621093636, 0.547329710445, -0.337550788636, -0.805680518523, 0.486763153046, 0.431304741934, -0.592017228368, -0.680802336145,  
379, 3090786.8657589555, 90.36359135332405, 103.78333403997568, 89.48342491108181, 79.4529876320491, -0.960940178758, -0.205691659583, -0.185161858996, 0.100522942871, -0.882758496192, 0.458947246812, -0.257854825057, 0.422407834419, 0.868954838077,  
380, 1926475.931705456, 77.18951747417717, 105.55437098876028, 74.67636468602974, 58.34660463860489, 0.0604380192274, 0.916633509752, 0.395133211249, 0.870639090312, -0.2420192642, 0.428268899381, 0.488195473405, 0.318134695618, -0.812684130023,  
381, 2031294.165498486, 78.56481109359102, 96.38493704844868, 86.17612640219868, 58.38322418107884, -0.538682260118, 0.841416047272, 0.0429005597584, 0.4359230864, 0.234784192874, 0.868819570175, -0.720966355233, -0.486719034115, 0.493266759931,  
382, 488360.81121278193, 48.85219317176768, 98.25639497714913, 68.71710512759262, 17.267382753492843, 0.558719828187, 0.33142250597, -0.760257374925, -0.702226478732, 0.676769545836, -0.221045141083, -0.441259703756, -0.657375162571, -0.610858223711,  
383, 2770314.580544871, 87.12580948665848, 107.66483877043213, 87.17429916577917, 70.46575662717684, -0.218822900681, -0.415123629628, -0.883056572515, -0.974071079458, 0.0396375460802, 0.222742894623, 0.0574636433054, -0.908901115119, 0.413033524829,  
384, 3678518.017067399, 95.76234213408897, 102.87347985283328, 96.0642859542449, 88.8625739129542, 0.0315973447433, 0.317750998906, 0.947647566609, 0.818023239726, -0.553014904193, 0.158153390759, 0.574316626151, 0.770200505346, -0.277401504127,  
385, 3904329.294839502, 97.68306470314411, 103.94515250477811, 97.9549021039794, 91.54347923487366, 0.654434880152, 0.353868095003, -0.668200837308, -0.528044036157, 0.846415883389, -0.0689176916745, -0.541188029727, -0.397941608387, -0.740782014357,  
386, 3537299.844032286, 94.52087976106962, 103.38064711485093, 90.7962271266648, 89.9655453187615, -0.194495858439, -0.904601832625, -0.379297884864, -0.95922836961, 0.256242515807, -0.119250610179, -0.205066564767, -0.340639541899, 0.917557849135,  
387, 1186835.6502404737, 65.68012812377047, 78.08970277176653, 70.01859229087842, 51.81969219507977, -0.806492710531, 0.181541512573, -0.5626830254, 0.580028092257, 0.058444210518, -0.812497191656, 0.114616403943, 0.981645024166, 0.152434006959,  
388, 2704143.845951887, 86.42652675355151, 98.40468139643993, 96.72280784522908, 67.8260499875985, -0.558368211088, 0.513711649492, 0.651402549905, 0.539493708924, -0.371645090418, 0.755530584953, -0.630215422596, -0.773291838793, 0.0696293988055,  
389, 3681396.212663111, 95.78731150996535, 106.4614082126863, 96.37102275837137, 85.6614215737333, 0.356508430011, 0.736983367033, -0.574244944294, -0.524082812143, 0.666573186225, 0.530110736943, 0.773459078005, 0.111962958705, 0.623879275606,  
390, 3348402.2333652554, 92.80748515034978, 103.98408063940244, 93.58243767698623, 82.14626152941338, -0.187736487613, -0.944783535621, -0.268587196341, -0.949604564881, 0.24446604863, -0.196182367774, 0.251010321654, 0.218221039057, -0.94306595556,  
391, 3340815.9511959706, 92.73734262566046, 99.65107978736661, 96.15945658122283, 83.23192362125334, 0.911710580382, -0.317305792167, 0.26096139921, -0.221423248854, 0.155535045061, 0.962694445099, 0.346057166502, 0.93548163211, -0.0715440668202,  
392, 3330030.4641641593, 92.63743732083444, 101.65348925367559, 90.34429847174607, 86.56384864110616, 0.223652891394, 0.251110412323, -0.941765865273, 0.896643321248, 0.325800575003, 0.299807838106, -0.382112730269, 0.911480963131, 0.152290233488,  
393, 3203323.006897705, 91.4472622050357, 108.77617329073593, 87.49769685759834, 80.34923119851355, -0.247307429008, -0.961140896555, -0.122667080044, -0.968860117367, 0.243702617889, 0.0438076135964, 0.0122110004724, -0.129681189858, 0.991480549716,  
394, 2342252.9842320117, 82.38504764795518, 105.82066788151604, 78.4582826522586, 67.349735682262, 0.730682400014, 0.527816117511, -0.433028147359, 0.407548019075, 0.171646507258, 0.896906956542, 0.547729716609, -0.831833891256, -0.0896913312501,  
395, 2507474.8426178526, 84.27834365594268, 100.23407254033896, 84.6789296805072, 70.52729689240618, 0.411611167954, 0.127124555107, -0.902449773619, -0.810607166415, 0.503635587595, -0.298776198291, -0.416524030727, -0.85451187376, -0.31035010783,  
396, 3360539.149393591, 92.91948269065323, 98.98930457244364, 91.42362007357342, 88.64896362649775, -0.799944391093, 0.556588171086, -0.224273446858, -0.124967624187, 0.211029681165, 0.969458388262, 0.586917425251, 0.803539719911, -0.0992565084112,  
397, 2928759.2899857042, 88.75612980226111, 96.69470896080303, 93.16005623838477, 77.61803025613554, -0.576018036373, -0.611423762125, 0.542553412008, 0.659806186705, 0.0440491902312, 0.750143629464, -0.482554678518, 0.790076358302, 0.378048052888,  
398, 3670403.962686686, 95.69187962125862, 109.90447300409706, 98.44806117132826, 80.98465195153813, -0.402554793669, -0.351446900542, -0.845242399667, -0.0343903279345, -0.916904472893, 0.397622299342, 0.914749661623, -0.189132925978, -0.357017916738,  
399, 1947488.0323696719, 77.4691390380878, 121.16080390476073, 79.42235047602347, 48.31492462110598, -0.671942775552, -0.0801494337017, 0.736253335925, -0.731579293792, -0.0828817114663, -0.676699607506, -0.115259026882, 0.993331108031, 0.00294389886014,  
400, 2983859.696555979, 89.3092816894468, 100.9022294946987, 91.10208875889444, 77.49268206392593, 0.424917672641, -0.803775623208, -0.416400911399, -0.765918415955, -0.564415404107, 0.307902958264, -0.482507980844, 0.188095718037, -0.855456632027,  
401, 3059478.56533298, 90.05744092144396, 102.07220941057354, 90.68157762985932, 78.91003263839377, 0.873596230663, -0.411203524303, 0.260271564663, -0.381653191311, -0.247064234043, 0.89067396157, -0.301944477236, -0.877422888838, -0.37277152092,  
402, 1753708.6730389912, 74.80941871002979, 112.29702520170163, 66.1650096582348, 56.347182941090836, 0.740766916062, -0.0559692879269, -0.669426482055, -0.496824757128, 0.625077627111, -0.602032491473, -0.452138846785, -0.77855340144, -0.435229898254,  
403, 2486774.1348209074, 84.045779744471, 109.48784078157209, 102.38253417893948, 52.96097431437243, -0.647429245776, -0.0497843881769, 0.760497788562, 0.748913794252, 0.143437466215, 0.646957357222, -0.14129225206, 0.988406398188, -0.0555813955238,  
404, 3642820.2627912452, 95.4515631104615, 103.22989600414317, 94.05907449791283, 89.56595137111078, 0.616849463831, -0.777611570403, 0.121725036648, -0.321710052961, -0.107951441623, 0.94066419517, -0.71833096884, -0.619408372423, -0.316755248382,  
405, 1710942.8817833767, 74.19630890280261, 118.80176358170442, 68.57319542162328, 50.138302563095074, -0.411693927738, 0.839211450981, -0.355291782069, 0.175263731573, 0.455497513273, 0.872814206918, 0.894310200243, 0.297062545509, -0.334608890792,  
406, 2493429.76199749, 84.12069327301256, 102.10123462242488, 80.76683427520668, 72.18458688602838, 0.182339450626, -0.578875406503, 0.794767631759, -0.857362707036, 0.302095718212, 0.416734166612, 0.481333058629, 0.757391207227, 0.44122221826,  
407, 2947704.351417937, 88.94709549711226, 102.0241182297928, 91.88580773936135, 75.06612987238958, -0.406412268323, 0.817096360874, -0.408879695269, -0.705046860371, -0.565088032186, -0.428467549018, -0.581152297456, 0.11414487692, 0.805749932817,  
408, 1264949.2275032504, 67.09057205542389, 89.53724187125869, 67.50280996353588, 49.964198030038375, -0.0656976043655, -0.776484375801, -0.626702352731, 0.0237627150453, -0.629098575362, 0.776962235795, 0.997556593961, -0.036152408148, -0.0597816462703,  
409, 3478663.1792246522, 93.99568640564868, 110.45828963634953, 92.7062359581817, 81.09918848963487, -0.564306992763, -0.00159048019083, -0.825563497432, -0.824974525161, -0.036729344085, 0.563975166225, 0.0312193970912, -0.999323984329, -0.0194145200665,  
410, 3261690.6737971916, 91.9993419280802, 102.93896989012376, 93.45875447393462, 80.93835168415893, -0.32010980695, -0.667830987657, -0.671960924027, -0.945179175914, 0.273452013858, 0.178494598056, -0.0645448441976, -0.692261343744, 0.71875461393,  
411, 3767508.9923677775, 96.52842707008911, 106.52204869293475, 96.93120532389791, 87.10890704216078, 0.808576143724, -0.588335896377, 0.00809276426885, -0.524936373239, -0.715093774915, 0.461608813962, 0.265793949988, 0.377494061028, 0.887046678613,  
412, 3499189.335467341, 94.18020055484837, 108.88661327202827, 92.07956195026715, 83.31843391394547, -0.533983193068, -0.0800945315384, 0.841692827306, -0.031119483731, 0.996690215228, 0.0751012157137, -0.844922201894, 0.0139097407242, -0.534708324098,  
413, 2843962.7482102835, 87.89114009918065, 119.34694365023289, 82.50272196198709, 68.9534047289518, -0.980530043108, 0.0577138716241, 0.187696413349, 0.180536067567, 0.640964287445, 0.74603720452, 0.0772500023898, -0.765397864671, 0.638904175827,  
414, 3816323.734766406, 96.94353819858294, 114.96659254055768, 102.27464240793765, 77.4848808763661, -0.870525819621, 0.400414136534, 0.286100186363, 0.383681311996, 0.188163929417, 0.904092355067, -0.308177624428, -0.896807033274, 0.317432980126,  
415, 4063499.6709667076, 98.99286036087865, 107.93287864493345, 100.21681065867419, 89.68447744187633, 0.462234080035, -0.865315762263, -0.193825402962, -0.785224219227, -0.500970780895, 0.363938459399, -0.412022548891, -0.0160283582624, -0.911032661839,  
416, 3907148.3796477336, 97.70656943099387, 121.19657427806956, 99.72291964315444, 77.17665755802858, -0.907329784965, 0.350567285144, 0.232067317609, 0.378210965485, 0.921678125933, 0.0864054266974, 0.183600454525, -0.166168621475, 0.968854407192,  
417, 2310771.617412522, 82.01427908690572, 117.27917670335074, 80.0265147631298, 58.77783743249887, -0.876599306151, 0.13163875494, -0.462865957544, 0.0483744134143, 0.981090390597, 0.187407474786, 0.478783429728, 0.141890393179, -0.866391103222,  
418, 2568864.3852636097, 84.96059061554567, 121.96779474932829, 75.48121219383327, 66.6144629168138, 0.1046721332, 0.545941300761, -0.831259189817, 0.821417532761, -0.518659320965, -0.237204016933, 0.560639796486, 0.657982222329, 0.502734933833,  
419, 3914970.556223076, 97.77172936337776, 105.57663855716349, 96.46757243304823, 91.76788248343303, -0.504185266825, -0.451104649106, -0.736411442246, -0.0914974909631, -0.820024380894, 0.564967453829, -0.858734782027, 0.352228065739, 0.372169267729,  
420, 3359337.239057328, 92.90840369422442, 104.66186066914403, 97.5717215233806, 78.53307015545992, 0.54013719811, 0.841516203569, -0.010113671391, 0.797646935633, -0.515737206589, -0.312689142465, -0.268348976696, 0.160827898297, -0.94980167079,  
421, 3298460.140076928, 92.34375781511461, 101.25018371776328, 96.76925537264651, 80.36915678329945, -0.368407580531, -0.899713875383, -0.234074340862, 0.730492603025, -0.435890054182, 0.525718953046, -0.575027313728, 0.0226892729731, 0.817819531045,  
422, 2032109.3285343517, 78.57531910141432, 126.94986847843231, 97.73361650734016, 39.10049318935187, 0.0513191616348, -0.951360339488, -0.303775983414, 0.998631483867, 0.0458163598478, 0.0252194488492, -0.0100748736497, -0.304654502052, 0.952409644691,  
423, 3534715.0773781766, 94.49785146629338, 102.79212493865717, 94.71408913809167, 86.67450540252337, 0.305171237305, 0.797520267468, -0.520415160135, 0.525703885075, -0.596753879665, -0.606234469758, -0.794044042317, -0.0885789483017, -0.601371622858,  
424, 1773651.56448301, 75.09192406996512, 104.11530845201392, 66.85487028909735, 60.83199456479432, -0.977411036865, -0.153514904012, 0.145261279291, -0.188221826951, 0.319666684503, -0.9286472714, -0.0961260051926, 0.935011435794, 0.341340601248,  
425, 3339537.614211564, 92.72551271139709, 126.09543305728187, 101.02616794403917, 62.58416938424376, 0.645219861, -0.581027604119, -0.496082910634, -0.719920350655, -0.245026961108, -0.649366211813, -0.255746006195, -0.776124159901, 0.576389858284,  
426, 2994721.1419467316, 89.41751435568914, 105.91199474907698, 87.90323437088303, 76.79231790960571, -0.478404866417, 0.739720389068, -0.473225664757, 0.840473397907, 0.541846143553, -0.00268777376815, -0.254427300422, 0.399019426486, 0.880937140826,  
427, 3219673.3659411506, 91.60258620633485, 111.50247159368, 101.32426820517075, 68.03387937982733, -0.437106457883, 0.843631398928, -0.311807644583, -0.828671403853, -0.512518540088, -0.225007667652, -0.34963073222, 0.160033773966, 0.923118379341,  
428, 2111151.937534047, 79.58116519612742, 109.390386289793, 88.93592581321163, 51.805335968391134, -0.627588583009, -0.0856808037076, 0.773816108874, 0.5584052182, -0.742129815453, 0.370711409729, -0.542509154544, -0.664757201459, -0.513596807179,  
429, 3507755.149635113, 94.25698716992285, 97.98330165960081, 94.3880672856397, 90.54646476930398, -0.316094110118, 0.220082237917, 0.922847940943, 0.948715708142, 0.0684062437901, 0.308640714967, -0.00479777803293, -0.973079849942, 0.230418286952,  
430, 3601190.207360122, 95.08656316040967, 100.0608456997796, 98.90840123701925, 86.86805548995453, -0.685921897839, 0.674458890747, 0.273159943544, -0.607693335283, -0.73742331638, 0.294814624318, -0.400274855964, -0.0362223294653, -0.915678973512,  
431, 3618180.2851810716, 95.23586510564687, 114.71019016785905, 91.7123421588744, 82.10541663595419, 0.283166971885, -0.529164558463, -0.799875825426, -0.712704520083, -0.674188111659, 0.19370765899, 0.641770000146, -0.515223505059, 0.568045778743,  
432, 3844291.469060679, 97.17977730842361, 108.46391565234222, 93.78257275850206, 90.22362601806392, 0.756861992909, 0.0880786005906, 0.647612603188, 0.578890098016, -0.550310685153, -0.601701258288, -0.303391130571, -0.83030133682, 0.467497071613,  
433, 3457153.0344750006, 93.80154644913527, 97.84150002857707, 96.8683955514669, 87.08127644130776, 0.674872594255, 0.629906128328, 0.384402459695, 0.706931145858, -0.402467591879, -0.581608280979, -0.211649088209, 0.664257560727, -0.716914608916,  
434, 3352470.7021599384, 92.845058447145, 102.08801245970578, 94.07572673121956, 83.33434980225472, 0.442316896579, -0.0228637601015, 0.896567349101, -0.728494133235, 0.57392876642, 0.37403484987, -0.523117635759, -0.818585987878, 0.237202275723,  
435, 3314944.534973686, 92.49733474569524, 105.67397940627825, 97.56204348139872, 76.76066113026111, -0.293800278534, -0.953226225504, -0.0710011221367, -0.955153493726, 0.295639129086, -0.0167125334873, -0.0369215351274, -0.0629068228738, 0.997336218073,  
436, 3477541.1234834567, 93.98557909948742, 103.36179099407914, 91.64113457047259, 87.6462182272034, -0.889912733997, 0.448108951043, -0.0851686201924, 0.447139614296, 0.820137820285, -0.356987564301, 0.0901193164531, 0.355770043333, 0.930218353436,  
437, 3129224.996464491, 90.73664709448589, 102.81022968595317, 89.17968272550743, 81.47904482318611, -0.379305911632, 0.848586277948, -0.368820219456, 0.911363317463, 0.273788100837, -0.30733854204, 0.159824682024, 0.452704544619, 0.877219850606,  
438, 3414854.9358717557, 93.41742313971952, 101.94158722115398, 91.50836943204354, 87.39195243561221, -0.404498613373, -0.743776969765, -0.532143487254, -0.886615732706, 0.461612490433, 0.0287480641993, -0.224261932342, -0.483435339962, 0.846165975313,  
439, 3453672.9554495066, 93.77006135275235, 99.91624818593385, 96.42015881572857, 85.58322344347172, 0.235583907752, 0.549993824034, 0.801253403071, 0.843200919286, -0.525615505179, 0.112874046754, 0.48323124084, 0.649026297032, -0.587581852713,  
440, 3475105.0838394617, 93.96362814139668, 100.24058246009243, 97.89810981443726, 84.53984442714533, -0.909301161256, 0.404397080369, -0.0981549770911, 0.387300658983, 0.908686027632, 0.155845765862, -0.152215628928, -0.103695248566, 0.982892515861,  
441, 2006340.1908672967, 78.2417678350005, 109.26746595242639, 71.8185435548405, 61.03634212992553, 0.673181403384, 0.638536060448, 0.372959109884, 0.420093427262, -0.745293281517, 0.517744567231, 0.608562495155, -0.191858343663, -0.769962379248,  
442, 1198376.178804542, 65.8923281757606, 131.78320320726039, 59.7455123606871, 36.33617502740063, -0.11779278858, 0.923939461469, -0.363951549658, 0.953275362862, 0.0025348665288, -0.302092133317, 0.27819227437, 0.382530320356, 0.881067314392,  
443, 3267297.846392307, 92.05203043838394, 108.10480625306246, 94.46392167635854, 76.38166886477893, -0.0772910005048, -0.958483103509, 0.274474482472, -0.379522000137, -0.226287378952, -0.897082534408, 0.921948562911, -0.173505511194, -0.34627544662,  
444, 3213205.4229070763, 91.54120549817968, 107.81143273180784, 91.06801266142293, 78.13024841842957, 0.194708652693, -0.46257737302, 0.864933936515, 0.666977499172, -0.584120671361, -0.462540870505, 0.719186732473, 0.666952183638, 0.1947953505,  
445, 3300285.0287605147, 92.3607845491467, 99.58795592520701, 92.7659905905979, 85.28393589841613, -0.300677126549, -0.420208479235, 0.856164761917, -0.95326758821, 0.104583977426, -0.283448578993, -0.0295663801866, 0.90138062196, 0.432017133361,  
446, 3121507.1147469953, 90.66198843476288, 111.31899132385998, 92.15688888622687, 72.64047114165851, 0.275007008547, 0.331842132319, 0.90235909951, -0.832338537779, 0.551944839012, 0.0506897742791, -0.481231445126, -0.765008296626, 0.427993694247,  
447, 2231461.5689300606, 81.06503989794892, 101.26018218839958, 95.76555823322764, 54.935458471806314, -0.137212243723, -0.956675152689, 0.256798466506, 0.562601933908, -0.288643716914, -0.774702438778, 0.815261837777, 0.0381766540384, 0.577832743059,  
448, 2930159.3273835946, 88.77027027309173, 104.28336377881428, 100.00913970157397, 67.07302656819105, -0.18899893717, 0.40471439856, 0.894698640519, 0.126751303514, 0.913551935801, -0.386467291827, 0.973762552579, -0.0403623115321, 0.223958422484,  
449, 3550820.353626235, 94.64115470881333, 105.04228229022652, 95.88431964683285, 84.16438436429667, 0.222447852896, -0.575935320632, 0.78664824362, 0.893383571516, -0.202649188438, -0.400997631627, 0.3903623277, 0.791979679584, 0.469452276849,  
450, 3493579.7410117867, 94.12984648263222, 104.29184085077328, 92.20290249819394, 86.73355058055519, -0.334833821611, 0.850164178491, 0.40633383014, 0.0667174409571, -0.408752919222, 0.910203182866, 0.93991228047, 0.331876363483, 0.0801435236553,  
451, 2738156.249010722, 86.78737229240191, 110.03559063675122, 95.31259352501606, 62.32842482673068, -0.48791842576, -0.201893663797, -0.849219970516, 0.152664371537, -0.977626322479, 0.144707854862, 0.85943539575, 0.059040004356, -0.507823865546,  
452, 2959724.613906981, 89.06783549161797, 105.80727251382017, 85.8007858612471, 77.83159131332941, 0.778442476549, -0.169068422746, -0.604518965074, -0.537102953946, 0.319035354396, -0.780856490982, -0.324881097583, -0.932540782527, -0.157543522107,  
453, 3326096.6513908096, 92.60094496939485, 107.83121894992948, 89.76242092864317, 82.03651143942352, 0.00800080672228, 0.440692858724, 0.897622298832, 0.339394057049, -0.845563539785, 0.412109177556, 0.940610259954, 0.30135046782, -0.156333727688,  
454, 2093623.1257975285, 79.36029968652792, 107.6048055378367, 69.3574542925615, 66.97073821562498, -0.0775469186056, -0.149533875177, -0.985710959455, -0.314708057674, 0.941810762294, -0.118115733339, 0.946015493451, 0.301051670319, -0.120094037939,  
455, 2748175.8818504647, 86.89310269473391, 101.47119124795388, 95.07681298878975, 68.00463909021825, -0.67268128479, -0.254839794969, -0.694662916812, -0.739138387633, 0.274908903227, 0.614897990608, -0.0342685427203, -0.927082398618, 0.373287949381,  
456, 2184061.9439511537, 80.48694574259797, 122.87374865570018, 68.10812342485434, 62.30434287753018, -0.300470234898, -0.474095517601, 0.827617712553, 0.10716288179, 0.845439006599, 0.523210285533, -0.947751947878, 0.245899016492, -0.203223814995,  
457, 2923550.9589070254, 88.70348571196237, 111.88917535557866, 81.81769257039734, 76.24067953899205, -0.902117203111, 0.152084109758, -0.403800662963, 0.418357821015, 0.0791548204148, -0.90482663975, 0.105646985031, 0.985192843033, 0.135032501975,  
458, 3516297.261736983, 94.33343692454427, 109.19408705316125, 94.85858920265767, 81.04406016519299, 0.742719838313, 0.635820915172, -0.209997632385, 0.540919775724, -0.384863456948, 0.747854207541, -0.394680931903, 0.669038028319, 0.629773831352,  
