# Void_ID, Void_Volume, r = (a*b*c)**(1/3.0), a, b, c, vector_a, vector_b, vector_c 

1, 991244.3633854234, 61.85346597995355, 115.3071647267779, 55.67887840870031, 36.859152874345455, -0.207015104459, 0.180258502491, -0.961588071268, 0.977058477386, 0.0883395728812, -0.19378558159, -0.0500147807619, 0.979644319201, 0.194410723887,  
7, 1514907.6295780137, 71.24687952599947, 105.88666053845405, 67.31813943158738, 50.73693026661809, 0.791700643507, -0.129584081558, 0.597007585276, -0.24528586455, 0.827587283194, 0.504910025003, -0.559504187404, -0.546175113405, 0.623416241186,  
8, 3586835.7288235575, 94.96005539343176, 145.22931302334132, 91.65929783819635, 64.32681796917934, -0.947018597101, -0.102749256468, 0.304299797963, -0.138225724408, 0.985601814091, -0.097379223514, -0.289912790088, -0.13428199565, -0.947585837688,  
17, 2171209.8968218104, 80.32876071636137, 110.3093670624525, 80.95555085036949, 58.043577967910245, -0.954118713458, -0.149555512548, 0.259404374087, 0.131760610451, 0.5682439202, 0.812242567642, -0.268880311965, 0.809155112338, -0.522466632442,  
19, 461604.8205911548, 47.94322474498639, 88.0856619515216, 56.17561449746879, 22.270433567892194, 0.125596556399, -0.161557030396, 0.97883851117, 0.945152685056, -0.280380243953, -0.167550949659, 0.301516014419, 0.946195669368, 0.117481267946,  
24, 2512586.992528698, 84.33557933314746, 139.75894120137843, 77.91475988641913, 55.084975345663764, -0.75740607971, 0.114251812913, 0.642870557471, 0.652304431431, 0.175972329517, 0.737246680548, 0.0288956597596, -0.977742431569, 0.2078094761,  
28, 2589524.382293027, 85.18774687261956, 108.50053206961971, 83.7637313821655, 68.02107825127062, -0.13723574055, -0.979816585599, 0.145347205343, -0.973597234214, 0.10640627349, -0.201955763704, -0.182413752352, 0.169225185913, 0.968549461517,  
30, 3264294.0115258666, 92.02381202545894, 130.18433862269168, 118.04387303454789, 50.71056713153731, 0.119640488593, -0.596242664847, 0.793839302444, -0.375735466543, -0.76730190754, -0.519683212994, 0.918971714837, -0.236098427148, -0.315829890966,  
36, 2644271.980815064, 85.78391012086716, 124.47299109221929, 102.70324567241673, 49.3808111424552, 0.952491288236, 0.0532694956082, -0.299871150117, 0.218947558127, -0.804176433222, 0.55259590212, 0.211712806947, 0.591998838755, 0.777634272835,  
37, 2279900.8868070366, 81.64741752581854, 108.41674670477288, 74.1207422382095, 67.73158323538134, -0.896250051457, -0.311989517463, -0.315275096158, -0.399491632807, 0.876642299463, 0.268150543741, -0.19272332651, -0.366279701573, 0.910327907753,  
38, 3001102.846861202, 89.48098507677591, 144.22621719998713, 93.6425768738179, 53.04869447956165, 0.918136144038, 0.361525199409, -0.162251506015, 0.250201496666, -0.211375541988, 0.944838394285, 0.307286888881, -0.908085849709, -0.284525671039,  
44, 2874263.079951023, 88.20217656770123, 132.70322327301503, 80.53196928740924, 64.20784827375603, -0.620870617883, -0.604296945536, 0.499344447717, -0.74395990272, 0.253455991686, -0.61829096987, -0.247069502356, 0.755370943242, 0.606936074979,  
54, 1452293.607970319, 70.25144670425594, 134.95146829331452, 117.13922263472789, 21.932385201989934, -0.19402539601, 0.498908349254, 0.84465650104, 0.832937444419, -0.37107231295, 0.41051254822, 0.518236779269, 0.783195887124, -0.343561992958,  
56, 2438446.3707113173, 83.49776799918058, 127.50361445379028, 81.87215967395558, 55.76553284847061, -0.308068060002, -0.28635957895, 0.907244323184, -0.943833821328, -0.0277542554584, -0.329252819306, -0.119464589413, 0.957720153723, 0.261725656038,  
60, 1468207.8785145143, 70.50712078892556, 128.35889084001664, 67.81222031944829, 40.2684599832229, 0.105489642524, -0.902099688687, -0.418435284113, 0.636907899909, 0.38444188646, -0.668246034758, 0.763688589907, -0.196011702727, 0.615109055404,  
61, 3182396.9028181615, 91.24769682341478, 134.29715351287226, 84.89547084812038, 66.63684163148184, -0.399477244289, -0.892480325818, 0.209515630259, 0.255595758907, 0.111051056891, 0.960384543187, -0.880391242189, 0.437203077289, 0.183751816005,  
63, 2002730.3081015635, 78.19481448606689, 114.77305655387488, 73.5941533388525, 56.60445326560002, -0.750850623403, 0.659914089781, 0.0271428709476, 0.169310293324, 0.152593067991, 0.973678273443, 0.638402197607, 0.735682506051, -0.226304848337,  
65, 1491702.2784091393, 70.88121955618249, 122.7747396801616, 81.36229388685096, 35.65014802344464, 0.290436840635, -0.956333895217, 0.0327402269644, -0.333091062615, -0.0689654704568, 0.940369133846, -0.897048931557, -0.284023317255, -0.338576386725,  
68, 346149.41568007413, 43.557037230223536, 97.25033406185435, 57.13114580227317, 14.873423960541185, 0.402482557804, -0.233643356541, -0.885109356299, 0.275585766284, -0.891101818785, 0.360541306899, -0.872960638337, -0.389035127595, -0.294264155839,  
69, 1583639.6537671576, 72.30848341744452, 111.88031952429114, 63.63321434225397, 53.10436240900421, -0.951220387075, 0.288540605238, -0.10919750154, 0.299100687883, 0.949261738015, -0.0971644546548, -0.0756211195453, 0.125085857992, 0.989259811379,  
70, 1320111.3919212471, 68.05196289035561, 133.83575705212905, 70.45332536770994, 33.423221969497625, 0.0252000619845, 0.563166165869, 0.825959337072, -0.142191977713, -0.815801956985, 0.560578815559, 0.989518265799, -0.131571412548, 0.0595194510227,  
74, 1292000.7543043555, 67.56545710985309, 138.10739731539041, 59.49769331473125, 37.53678633107466, -0.899868719975, 0.29461705251, 0.321616354032, 0.403532105094, 0.282532471105, 0.87025125276, -0.165523795779, -0.912894405253, 0.373129572521,  
76, 2148142.229160756, 80.0432672905231, 102.47950341209851, 90.83279303033488, 55.0927869814421, 0.853474310913, -0.520933158364, 0.0144998319934, -0.202724630809, -0.306246077881, 0.930116156104, 0.480087830167, 0.796769718488, 0.366979142495,  
78, 1292775.0979745437, 67.57895257031859, 108.52216402915998, 85.32769579630627, 33.32927795432557, 0.940941464142, 0.161459416939, 0.297590352228, 0.302081889046, -0.797287242692, -0.522570172275, -0.152891116054, -0.58160459878, 0.798974591154,  
85, 1631090.3123219158, 73.02358209486842, 134.77790979366094, 84.70684763712363, 34.10767863494136, 0.675037906124, 0.717370458958, -0.172346888306, -0.279857087933, 0.465114899489, 0.839850070315, 0.68264473603, -0.518698134648, 0.514731395471,  
86, 797211.6415193157, 57.521253406749366, 108.4692637160422, 82.91829473272055, 21.160599548786916, 0.286548167337, 0.793035744476, 0.537572744639, 0.911094008547, -0.0520248503857, -0.408902338624, -0.296307028918, 0.606949522551, -0.73743774089,  
95, 4375935.008653817, 101.4676069607318, 131.60297345266497, 121.57355307427176, 65.29462659574233, -0.290560124736, 0.956372577712, -0.030435284046, 0.176017532375, 0.0846873904623, 0.980737413477, -0.940527852969, -0.279606041598, 0.192945119896,  
103, 1051584.1264210262, 63.083890735536485, 98.38779656639369, 89.29058999915915, 28.576463767155936, -0.011091363696, 0.856655835855, 0.515769096153, 0.853461269138, -0.260658339572, 0.451288258314, 0.521038236344, 0.44519434959, -0.728231520439,  
107, 164764.63916913938, 34.008838577510076, 120.99733888770469, 70.48161043899742, 4.61236602713943, -0.026125004503, 0.0532921861112, 0.998237159717, -0.201526909571, -0.978356773926, 0.0469566569456, 0.979134510095, -0.199944906942, 0.0362993846956,  
109, 1102966.176529732, 64.09505557454258, 98.6570162919337, 62.463793560045936, 42.72846114812662, 0.630489281293, -0.00142940419158, -0.776196639376, 0.303346589305, 0.920923205943, 0.244706549793, 0.714467713009, -0.389741459892, 0.581065815127,  
112, 1497264.347834658, 70.96920790731572, 116.81850830219528, 82.49471405208746, 37.091303534110395, 0.33414914293, 0.146469444279, 0.9310698428, -0.302923830033, -0.918750836889, 0.253247019557, 0.892514147494, -0.366665517344, -0.262630719668,  
119, 655312.914610757, 53.88319912733578, 121.53398721555698, 46.57852678213293, 27.636091578806106, -0.832851992961, -0.310741422662, -0.45803638072, -0.515318270303, 0.737338662762, 0.436782298964, -0.202001579483, -0.59980952363, 0.774224707206,  
123, 1339709.297472072, 68.38706847021153, 127.11716439708833, 58.79262982426419, 42.79518210053931, 0.41108253009, -0.612251968469, -0.675395203241, 0.468286236634, -0.493834751103, 0.732690411553, -0.78212476884, -0.61747450612, 0.0837023312567,  
124, 962111.8034866361, 61.241475331540435, 140.26336011612176, 71.31142259233731, 22.963262723175102, -0.557879290155, 0.392918018235, -0.731017187598, 0.829825484653, 0.27753158155, -0.484113505557, -0.01266343701, 0.876693590822, 0.480882506621,  
128, 2959441.44745811, 89.06499493150474, 116.2602220762573, 104.42938391917936, 58.19253527067794, -0.66546207701, 0.06230642643, -0.743826682291, -0.288858522277, 0.897371463453, 0.333594380481, -0.688273912167, -0.43685508559, 0.579168935652,  
130, 1110042.1194366545, 64.23182813806548, 113.80949844857872, 84.08102132962277, 27.693277708240746, 0.294169385036, 0.883802178249, 0.363810503738, 0.484738089232, 0.190097642357, -0.853751644928, -0.823707082497, 0.427500404786, -0.372491672595,  
141, 1818291.9195153657, 75.7166980564517, 105.34167710491928, 82.32799468585563, 50.0526682250673, 0.663591040557, -0.250684582953, -0.704843366119, 0.611464808016, 0.724569735204, 0.317977180603, -0.430996194241, 0.641993721695, -0.634102784928,  
147, 447043.0121622302, 47.433688854752695, 133.9003266395693, 47.11716867849327, 16.916085814046614, -0.493221827312, 0.0521887839324, 0.868336662761, -0.236026624764, -0.968782668783, -0.0758391262355, 0.837271557779, -0.242356084094, 0.490142700688,  
148, 2415192.5109977173, 83.23149868104389, 135.7859456729444, 104.07864168899518, 40.798735891584826, -0.412053753573, -0.0420045058158, 0.910190818267, 0.421162138443, -0.894599402974, 0.149379922818, -0.807981532777, -0.444890469318, -0.386313749433,  
156, 1495443.1734271564, 70.94042213245827, 113.02802161672138, 80.26277085520202, 39.35328862389168, 0.654871563266, -0.635509407012, 0.408987810607, -0.399386052319, 0.168409596589, 0.901181995487, -0.641587107756, -0.753502489296, -0.143526937491,  
159, 1367925.9669646004, 68.86385456823014, 108.23233644845264, 93.82061926545047, 32.160193669457655, 0.964603056192, -0.0511574085234, 0.258696469899, 0.00473698022971, 0.984205820163, 0.176964585656, 0.263663620933, 0.169475140098, -0.949610273683,  
160, 915594.8614725242, 60.238143553728065, 137.34865957125382, 54.74102373722868, 29.072166477446743, -0.977436916286, -0.0334334605793, -0.208564806224, -0.0130437490296, -0.975955870504, 0.217577571085, -0.21082441816, 0.215388817123, 0.953499198828,  
162, 794837.810763095, 57.46410359975222, 116.43712290873644, 60.86456490402766, 26.775273869238234, 0.705554111989, 0.0694227728482, 0.705247384728, -0.364154730994, 0.889261565127, 0.276776445318, -0.607934804852, -0.452099930766, 0.65270278508,  
164, 547883.8378585876, 50.761365156274174, 92.8543605934121, 61.03262846274832, 23.07998394237906, 0.483528856566, -0.436348086878, 0.758814991909, 0.224951491674, 0.899720596248, 0.374031649838, -0.845929471801, -0.0101585316309, 0.533198024165,  
168, 425726.81102549727, 46.66745644042659, 93.40211332375307, 66.32307259713203, 16.40669300056623, 0.641169535374, -0.402390751943, 0.65343959909, 0.50500091844, 0.862386668615, 0.0355430185772, -0.577819780972, 0.307198496979, 0.756143758932,  
173, 642818.1602390268, 53.53853822876782, 97.83729479130147, 68.99121727730733, 22.735331167153728, 0.763487312336, -0.306785844008, -0.56830411737, 0.237936296053, -0.68445048577, 0.689139936116, -0.600394406139, -0.661369774367, -0.449573774403,  
179, 2126954.678305917, 79.77923646705642, 126.45094248736157, 82.44942456765367, 48.70347250308979, 0.526541901436, 0.829760710959, -0.185069685743, 0.772070681409, -0.375585003818, 0.512681936307, -0.35589392934, 0.412835399955, 0.838395159578,  
180, 262078.7616953313, 39.699137637286334, 95.47571978350635, 53.59886349908472, 12.226290105436275, -0.662719916814, 0.0424657242512, -0.747662339644, -0.123666308887, -0.990889458816, 0.0533359583626, -0.738585781006, 0.127807443726, 0.661933759091,  
184, 3698590.188387654, 95.93620495459348, 119.96869869632471, 106.4407359325531, 69.14675235813692, 0.0151480047362, -0.524770688548, 0.851108842859, 0.970111988303, -0.198459153819, -0.139630564045, 0.242184367998, 0.827786016254, 0.506080075869,  
186, 2245050.6494161906, 81.22926271658109, 108.84046111547842, 89.26688293393325, 55.164132235957105, 0.710632644098, -0.652341086846, 0.263538140608, -0.0718804125351, 0.30529939301, 0.949539618406, 0.699881741036, 0.693717079969, -0.17006516846,  
188, 364367.2775123386, 44.30814681931891, 130.79003536100998, 84.1702006774697, 7.901649083938443, -0.863952227568, 0.48700495648, 0.128112141675, 0.501384856272, 0.808199420209, 0.308912484493, -0.0469017524431, -0.331119116841, 0.942422599517,  
190, 2689569.354303037, 86.27097629028067, 131.2233835409147, 85.28257455305457, 57.37498752275941, -0.65575086996, 0.552907657462, 0.514085517075, 0.134517106141, -0.584466913999, 0.800189711628, 0.742896994678, 0.593878395599, 0.308889149273,  
192, 1180456.197439747, 65.56223584828618, 106.50791562697631, 64.04108973985583, 41.31622828084241, 0.397413179334, -0.905341364828, -0.14973235463, -0.829652119864, -0.284770606796, -0.480190651211, -0.39209708606, -0.315059858815, 0.864289974758,  
194, 697276.2597600104, 55.009634142865, 96.99217800941003, 42.74624673508535, 40.14963206529173, -0.362201844472, -0.92255663799, 0.133037865145, -0.921346722475, 0.375975316813, 0.0988067716875, 0.141173796595, 0.0867860060647, 0.986173487935,  
201, 700478.528521112, 55.09371686197476, 118.13672389933582, 56.0293728212033, 25.264199033292936, 0.0468182322392, -0.479821462384, 0.876116098109, -0.939946271074, 0.275700548505, 0.201221805598, 0.338096229829, 0.832922908671, 0.43809858204,  
203, 1267370.8442581058, 67.13335745846325, 109.15386936728916, 71.62656017577574, 38.69918975336258, 0.231548748109, -0.898003827391, 0.374131398362, -0.720443257622, 0.100142431504, 0.686245587205, -0.653717591775, -0.428439750027, -0.623772948115,  
204, 1427558.0080445637, 69.8503175943495, 124.64975141538811, 90.51810725859148, 30.204960651923166, 0.544089550916, 0.793306961838, 0.273186062755, 0.620484739631, -0.599612517591, 0.505433988403, -0.564770084609, 0.105493568749, 0.818477769083,  
205, 2757495.028380738, 86.99121091804913, 135.38993824777944, 80.56789615752213, 60.35006128263369, -0.844511350948, -0.524189964112, 0.109660656773, -0.52891246276, 0.848499989071, -0.0173024646666, 0.0839772877411, 0.0726130158523, 0.993818476922,  
208, 2328980.0521962987, 82.22913463289369, 117.65051654283532, 97.68281708346932, 48.37991995081474, 0.253022124726, -0.865798090584, 0.4317099382, -0.0746947342731, 0.427415782296, 0.900964175601, 0.96457270388, 0.26021032913, -0.0434750910679,  
212, 1299729.6171504215, 67.69991686301292, 122.57234273399223, 92.78071415352119, 27.284387455146618, 0.544735510481, -0.0865266197378, -0.834132104464, 0.772432070014, 0.439045271451, 0.458898623697, -0.326514809519, 0.894288764155, -0.305999486063,  
215, 1015756.8217540807, 62.35917766274989, 133.79026135382534, 77.42902981937499, 23.40845867807342, -0.312258253675, 0.872438815754, -0.3759591677, 0.932088523677, 0.204879323044, -0.298723027267, 0.183591304376, 0.443705956411, 0.877165467402,  
221, 2163664.3603474326, 80.23559805147555, 113.01550886097209, 84.37214096107886, 54.17066509684149, -0.705865561479, 0.650159095122, -0.281152912394, 0.0653914847742, 0.455029619452, 0.888072068664, 0.7053210353, 0.608474482991, -0.363704606394,  
222, 2289768.7075663554, 81.76504288609448, 113.85040951409835, 84.21837243990515, 57.01138154645573, 0.930913313289, 0.0729538408728, -0.357880064047, 0.225688334406, 0.655501742279, 0.720681789407, 0.287167510094, -0.751661627976, 0.593750467937,  
228, 1306870.080572658, 67.82366727341423, 122.23942889796506, 77.99645059137899, 32.72334222437698, -0.607355872124, -0.552493843056, -0.570849715758, -0.794110855864, 0.401859547001, 0.455957073728, 0.0225120677526, -0.730246162516, 0.68281311421,  
232, 235736.8091289935, 38.321832104191856, 96.62917454251202, 33.671803228722034, 17.296735609928778, -0.643394382655, -0.403792341073, -0.650380975782, -0.0795781551438, -0.809696910035, 0.581427752265, -0.761387539688, 0.42584346792, 0.488821394006,  
233, 1451610.9651983571, 70.24043787474369, 124.59753709422634, 76.04502182810295, 36.57475150774821, -0.715123822608, 0.557629848418, -0.421481755824, 0.663582356778, 0.731087747781, -0.158647914637, -0.219673335005, 0.393140760032, 0.892851593877,  
236, 410635.03422242607, 46.109363800556615, 116.6386596173423, 44.769862281554, 18.77323477758862, 0.766487153608, -0.349925311493, -0.538562642346, -0.530616042567, 0.127436092807, -0.837977719048, -0.361861933234, -0.928069134616, 0.0879978559361,  
242, 1758728.9299445795, 74.88073513548183, 114.12473498998366, 75.86826256585145, 48.49203138753744, -0.598939902641, -0.114653121988, 0.792543787209, -0.800178851659, 0.0469026902155, -0.597924696771, -0.0313814974648, 0.992297737208, 0.119834896203,  
243, 1421844.877997338, 69.7570119894661, 124.71779423539523, 61.42987539344739, 44.30528686645547, 0.480079299978, 0.792202711541, -0.376747567425, 0.508348602688, 0.0987725559052, 0.855468105978, 0.714916473358, -0.602211628938, -0.355296481961,  
255, 1131270.424223191, 64.63869918599737, 122.23706104580143, 82.27344399807104, 26.85438722038666, 0.677170910759, -0.320984841017, -0.662124074067, 0.247147531134, -0.748344851821, 0.615546976768, -0.693078390571, -0.580472837083, -0.427426753881,  
261, 1224069.6198625816, 66.35991738498463, 104.70594840686783, 68.65133859519003, 40.6534254828888, -0.43569233423, -0.469077300074, 0.768204840163, -0.900052658227, 0.218704433666, -0.376926495637, -0.0087978583922, 0.855648793168, 0.517482116056,  
265, 1400250.711547994, 69.40206577704058, 149.87182079430164, 66.25119325532727, 33.66692909629574, 0.546982188896, 0.824853449934, 0.142924004852, 0.602714100641, -0.506513057967, 0.616587572853, -0.580987261409, 0.251120107201, 0.774204426389,  
268, 2471383.373969397, 83.87203306044883, 128.65239032012295, 82.0486814045893, 55.89359525774996, 0.755616220197, -0.654707180802, 0.0200657713912, -0.595235063108, -0.699118880548, -0.396141402164, -0.273384980242, -0.287387018266, 0.91797023607,  
276, 42010.36453666652, 21.565321988725675, 96.07057997614336, 16.95672130595748, 6.156523561473156, -0.951803198199, 0.182005467079, -0.246869766987, 0.30454664687, 0.465411690072, -0.83104951635, 0.0363594799078, 0.866178947273, 0.4984094898,  
292, 1704769.0332920288, 74.10695683384407, 95.29210884000264, 73.42528865885411, 58.16668828194895, -0.380912685085, 0.719438392074, 0.580787333153, -0.0416627493042, -0.640859492049, 0.766526794555, 0.92367187987, 0.267782582443, 0.274085291247,  
295, 640006.0486564657, 53.460353120208794, 122.2007902250367, 45.10162927331353, 27.72229776926928, 0.0580616025477, 0.857047515834, 0.511955472588, 0.834980793875, 0.239402939073, -0.495472811184, 0.547207386801, -0.456240932366, 0.701718096862,  
296, 2905732.267661918, 88.52290598633208, 108.99954842581411, 92.17465738288753, 69.04476506280615, -0.385941107835, -0.918950858855, -0.0811096806319, -0.918415081819, 0.37444603165, 0.127686752912, 0.0869666532117, -0.123771920848, 0.988492444503,  
299, 1662111.34368471, 73.48361301726932, 104.83811625303267, 92.22291110010192, 41.04057797571288, 0.469395584416, 0.652864121109, 0.594505024957, -0.601645439384, 0.729282053087, -0.325838076832, -0.646289834826, -0.204734282457, 0.735114496516,  
300, 1069573.5363363542, 63.44158332435481, 112.25350643550001, 57.87378416100761, 39.30431606891955, 0.374494465211, -0.885289905152, -0.275709411086, -0.702247500718, -0.0766321061086, -0.707796558376, -0.605476955186, -0.458682138467, 0.650390922899,  
306, 3905288.987976669, 97.69106762159761, 127.75402010166827, 108.13671908089913, 67.48648420190011, -0.559653728296, 0.739332735676, -0.374399265975, 0.828533709862, 0.508914015955, -0.233534614109, -0.0178772488934, 0.44090093028, 0.897377720723,  
320, 2349755.108232274, 82.47291235825105, 143.1393645231741, 84.48624573358515, 46.38621068921423, -0.0391561738703, -0.921562992332, 0.38624920092, 0.0619464295064, 0.383563368284, 0.921434632723, -0.997311101873, 0.0600066135858, 0.0420686630013,  
326, 2186521.4686716083, 80.51714717082743, 109.666654068374, 95.5796974060622, 49.79948963728651, 0.359940529301, 0.476027174552, 0.802396999281, -0.666008119759, 0.733381773544, -0.136324460935, -0.65335748238, -0.485334218165, 0.581011787226,  
338, 234631.9379134412, 38.261868323968095, 101.36581365503379, 66.15349129105988, 8.35322612848046, 0.785935307283, -0.403544123626, 0.46846326756, -0.505592920736, 0.0166971601773, 0.86261057456, 0.355923434557, 0.914807818686, 0.190906164395,  
339, 2351428.6062629656, 82.4924868099758, 122.83877137858191, 92.47662128279265, 49.41693095048505, 0.583389735732, -0.488479140146, -0.648879454047, -0.314649013337, -0.872463872996, 0.373902111151, -0.748767263339, -0.0139613738235, -0.662685947786,  
344, 473900.45510347845, 48.36518338570907, 102.0946453729802, 63.65835807365467, 17.40764890240485, -0.736146416976, -0.524699761029, 0.427526155398, -0.024935113443, 0.652262978334, 0.757582501918, -0.676362841151, 0.547031231166, -0.493244502492,  
354, 2832968.18418468, 87.77773346877662, 137.75337872586823, 92.39281219397206, 53.13891002917674, -0.274373297633, 0.0410714011227, -0.960745769471, 0.947892897939, -0.156677842236, -0.277400626872, 0.161920806516, 0.986795416367, -0.00405692680769,  
356, 2984463.8544019996, 89.31530892346639, 146.4160198437225, 81.65606023588211, 59.59374730795081, -0.809755365048, -0.2190079966, -0.544363615795, -0.585296190724, 0.235818744537, 0.775769223963, 0.0415285191153, -0.946797241837, 0.319140039716,  
364, 2917110.645680544, 88.63830262405114, 106.6551660678078, 90.35430533816933, 72.26592155629822, -0.282134579424, 0.590473472065, 0.756135674255, 0.703976647975, 0.662876473659, -0.254973841356, -0.651779838749, 0.460364919881, -0.602699910688,  
365, 3475365.5189921544, 93.96597539133167, 119.63282163834657, 91.20133876647755, 76.04318858660773, -0.533583591559, 0.762453838019, 0.365995485912, 0.836516422665, 0.412021058476, 0.361218662286, -0.124614707921, -0.498901585748, 0.857652833207,  
366, 2646181.4565385315, 85.80455384721313, 110.40516009800196, 90.94420765991049, 62.91679580951014, -0.126544544041, 0.656219518617, 0.74388333881, -0.943923026409, -0.310200519531, 0.113070588123, 0.304952125077, -0.687860146446, 0.658674897307,  
367, 2885837.952918668, 88.32041691501853, 95.99163354359793, 93.62343646483413, 76.65939211243212, -0.00681247660166, -0.597924711652, 0.801523318038, 0.0832704802933, -0.799097224936, -0.595407131475, 0.996503696568, 0.0626870345076, 0.0552333090659,  
368, 2882644.2535829796, 88.28782407384249, 106.3903262048579, 98.25157195180628, 65.83559914033793, -0.890407929159, -0.40767833249, -0.202415653812, -0.45023524672, 0.8541446201, 0.260240639726, -0.0667977716777, -0.322854990935, 0.944088296997,  
369, 2736235.5666357097, 86.76707518350194, 130.0559828551223, 97.47986121840876, 51.525194130546225, 0.233174879446, -0.235971763517, 0.943369918122, 0.930021380931, -0.229266073778, -0.287223429452, 0.284059336419, 0.944327482517, 0.165999696252,  
370, 3396083.8928720355, 93.24594047051296, 107.29632744887888, 102.66491928586419, 73.60085738500051, 0.602697958819, 0.745706998686, -0.284035636049, 0.67294309963, -0.666269308247, -0.321298604959, -0.428838845134, 0.00250619205196, -0.903377531216,  
371, 2413144.5773539366, 83.20796697690464, 103.71455548290103, 85.8807784775746, 64.67836758132688, 0.33237714126, 0.41541184067, 0.846733983373, 0.650126279149, 0.549489478062, -0.524782940519, -0.683272461854, 0.724909867591, -0.0874324124187,  
372, 2470336.7413668167, 83.86019143358646, 111.0177366132911, 77.60470069331761, 68.45215912896539, -0.123391963115, -0.92043878395, 0.370900078781, -0.0300267393963, 0.377048191326, 0.925706787454, -0.991903633606, 0.103087857765, -0.0741624920125,  
373, 4599697.808539658, 103.16844791764261, 120.14626130344294, 103.9042353788318, 87.96242205250736, 0.49790496353, 0.357955993494, 0.789910218958, -0.686380835161, 0.719379232913, 0.106653027978, 0.530067916795, 0.595282307796, -0.603876624493,  
374, 2238667.106532449, 81.15220094806696, 123.06735256746985, 72.98079417671204, 59.50445277337607, -0.93037930776, 0.22641212607, -0.288326018354, 0.315866945072, 0.894280315225, -0.317002824611, -0.186070999091, 0.386005527122, 0.903536007212,  
375, 2519319.1817336977, 84.41083467044947, 121.54383302575846, 85.00418191771492, 58.213185323577605, 0.457042597597, 0.621395493283, 0.636380157538, -0.603072364415, -0.309401734113, 0.73523757399, 0.653770439268, -0.719818176941, 0.233336677111,  
376, 2993170.7393579003, 89.40208085675751, 106.493313178056, 90.31065506373355, 74.2987573840683, -0.954016503984, 0.25923993473, 0.150489755026, 0.208217275629, 0.211962896462, 0.954838885181, 0.215634125909, 0.942266621909, -0.256194334401,  
377, 2486831.4612246356, 84.0464255617719, 107.48848239053687, 87.53114749480031, 63.100556675265, -0.645030863066, -0.76155507192, 0.0630004613165, -0.762292252916, 0.647022056654, 0.0165220866697, 0.0533451669532, 0.0373675077674, 0.997876727119,  
378, 3446600.599469218, 93.70601085182838, 114.49199015762231, 86.44218222925048, 83.13837339238967, 0.0726388534494, -0.764343097884, 0.640705256484, -0.677424027587, 0.433671583767, 0.594159611789, -0.73199746162, -0.47718820831, -0.486282973208,  
379, 2720908.6557866638, 86.60476434651498, 115.88471614460273, 91.57185214462115, 61.21208790231037, 0.349015077429, -0.928594412585, 0.126098741644, -0.4834524417, -0.0631455713762, 0.873090129042, -0.80278403842, -0.365684363533, -0.470969992596,  
380, 3121432.0882758186, 90.66126206516967, 114.13231049915191, 89.23823690406738, 73.16538981630262, 0.488000536265, 0.871391978243, -0.0503139827445, 0.703705344437, -0.35867965806, 0.613308805664, -0.516385771315, 0.334701244617, 0.788239057669,  
381, 1575174.6178031093, 72.17941622490207, 116.41569847010847, 82.62848397399253, 39.09297870381212, 0.709915552851, -0.0689050904089, -0.700907979935, 0.25842265945, -0.900301111974, 0.35025081993, -0.65516229814, -0.429779008671, -0.621331124926,  
382, 1793943.8163863025, 75.37721304642758, 106.44410047169258, 81.39206373944748, 49.43295489658881, -0.0769005369585, -0.793009093568, 0.604336731412, -0.693344306737, -0.393044342119, -0.60397832531, 0.716491437305, -0.465459689604, -0.519603019259,  
383, 3464642.923161705, 93.86923763693335, 103.06251313201653, 97.71233189763133, 82.13339334156187, 0.820528062644, 0.556076406183, -0.132335667528, 0.548673304694, -0.701290356385, 0.455136727542, -0.160285068331, 0.44606150532, 0.880532696918,  
384, 3026852.7359662266, 89.73617646095131, 118.8721594544715, 100.58689692637398, 60.4339693356001, -0.0370047675214, -0.848015975486, 0.528677172291, 0.371834078502, -0.502737327619, -0.780381059152, 0.927561353898, 0.167702369512, 0.333924916733,  
385, 2115712.7900859457, 79.63843202024577, 111.83101340436063, 90.13089220280656, 50.11089639620184, 0.373023077655, 0.130011436845, 0.918667954065, -0.814315858573, 0.520423601874, 0.256999916516, -0.444683557165, -0.843952783574, 0.300000388474,  
386, 2559058.13506409, 84.85234470448229, 116.49195567010759, 84.3779391850375, 62.153657794129956, -0.410339099282, -0.655982047984, 0.633489839164, -0.169017051937, 0.737338248152, 0.654037876553, -0.896133393952, 0.161306728114, -0.413430864486,  
387, 2476227.4769378565, 83.92679585813246, 101.91815915742372, 81.5636894565226, 71.11373609803415, 0.0280967078601, -0.0056048115466, 0.999589496291, -0.756766681968, -0.653447907293, 0.0176074279201, 0.653080978188, -0.756950737196, -0.0226012695902,  
388, 1339156.269634424, 68.37765718527814, 122.98304961719982, 107.21881218099178, 24.245235113150063, -0.456506269761, 0.398668386684, -0.795402755293, -0.369816949358, 0.728082194516, 0.577175659567, -0.80922027263, -0.557637727819, 0.184939760129,  
389, 3162570.7735218937, 91.05781284780005, 109.36100142141818, 97.16163353518614, 71.0549531811751, 0.703574184327, 0.634363929213, -0.320258914726, 0.605087775381, -0.298477895183, 0.738091952383, -0.372628704253, 0.713087197614, 0.593847200352,  
390, 4145686.277242531, 99.65580651086678, 107.50554510039952, 103.73874438360384, 88.74338125014484, 0.873799019351, -0.282632285948, -0.395719932176, -0.211497186745, -0.953640504732, 0.214099807876, 0.437886073974, 0.103386549771, 0.89306607121,  
391, 3696472.272674697, 95.91788954421669, 112.97504216300341, 97.99635371301059, 79.70882642004712, 0.0656289701156, -0.975749242602, 0.208821104879, 0.741498912014, -0.0923515975964, -0.664567939268, 0.667736626046, 0.198455531499, 0.717456061549,  
392, 1958266.8791173878, 77.61180010161665, 116.9150139001882, 71.3161382417429, 56.069304046622165, 0.902843723454, 0.204882045253, 0.378016611476, 0.341524018712, -0.87583507076, -0.34099013691, -0.261217449, -0.436962557161, 0.860714335873,  
393, 2653186.6896077986, 85.88020389529169, 108.27583395089809, 91.06986723279104, 64.23518211664646, -0.410383307431, 0.889513777241, 0.200875038471, -0.828675023186, -0.271818971744, -0.489297611427, -0.380635320129, -0.367259699258, 0.848667818626,  
394, 1574360.2828380477, 72.16697562441131, 132.3307030391617, 81.62206163729346, 34.79744329792348, 0.617904069949, 0.227152782915, 0.752725828941, -0.644847745876, 0.694157566288, 0.319869751312, 0.449851025318, 0.683042375244, -0.575401745427,  
395, 3142970.7298031077, 90.86931252538037, 99.25757227603536, 95.84049685722353, 78.87493638992665, -0.288657101039, -0.39643603731, 0.871501891187, -0.948364526866, -0.00659191031161, -0.317113971467, 0.131460268527, -0.918038678401, -0.374063073235,  
396, 2925252.583154207, 88.72069203962118, 120.85092982442465, 97.93379668468181, 59.005456478886046, 0.855348577975, 0.188519282621, -0.482534237371, 0.305155893021, 0.569349717363, 0.7633615004, -0.418639094101, 0.800188339967, -0.429464701077,  
397, 1385608.0388776986, 69.15930097476816, 97.99784218335257, 66.86466603484106, 50.48223709020045, -0.204601733489, -0.9605118572, 0.188560607846, -0.00375540051904, 0.193404605907, 0.981111897482, -0.978838100822, 0.200029074367, -0.0431780243603,  
398, 2124741.765529135, 79.75155906277654, 116.67204941860601, 70.14068416458814, 61.98416015235854, 0.0436792476433, -0.909089114273, 0.414305570365, -0.385582973249, 0.367229821262, 0.846444344961, -0.921638700395, -0.196721225815, -0.334488961324,  
399, 2693770.8782950654, 86.31587579500498, 108.83742484129871, 86.39885325091443, 68.38892992901721, -0.897721911249, 0.367576766484, -0.242863523001, 0.421508173008, 0.556239040984, -0.716190609665, 0.128164855363, 0.745308962798, 0.654284586264,  
400, 2117971.337000851, 79.66676024613294, 127.67267256074518, 70.60050747892754, 56.095199484340995, 0.69821691229, -0.0783499595131, 0.711585853735, -0.633916446281, 0.394184054734, 0.665408799256, 0.332630549598, 0.915685652851, -0.22555864567,  
401, 2141132.6884316513, 79.95611013213176, 107.86989648924431, 91.83687229708174, 51.59856528457507, -0.02292819402, 0.803517541005, 0.594839355806, -0.315606773247, -0.570386700102, 0.758321420657, 0.948613020467, -0.170348389024, 0.26667351529,  
402, 3290757.84455653, 92.27182392011628, 110.24474451408268, 89.86882133047838, 79.29400883115191, -0.119987616783, -0.070928758622, 0.990238397064, 0.101380345701, 0.991354778963, 0.0832930233161, -0.987585437987, 0.110384842383, -0.111759515245,  
403, 2266683.3128911415, 81.48932980390396, 118.10242508799413, 98.65884264360896, 46.44162487478627, -0.746557767431, 0.650926624287, 0.13764457738, 0.558952674757, 0.501420163777, 0.660416328341, -0.360864804699, -0.569975744354, 0.73817629573,  
404, 2979735.2259531533, 89.26811315886877, 101.62681373974067, 89.79733584665935, 77.9502126522135, 0.521111589971, 0.801163404038, -0.29424464452, 0.290504706886, 0.157671808297, 0.943793736017, 0.80252708744, -0.57730130859, -0.150577133143,  
405, 2663303.7052055825, 85.98922365681739, 122.57606472351445, 74.61077211850238, 69.52241908379067, -0.640115294955, -0.357670008322, -0.679944537674, 0.23758801328, -0.93379760712, 0.267533109882, -0.730619151892, 0.00970536369614, 0.682716237396,  
406, 1607521.6686413854, 72.67015315293607, 96.42097208305486, 78.95543621814, 50.40976624124982, 0.658985162365, 0.728392349809, 0.187571694352, 0.68314734989, -0.475269217235, -0.554462685387, 0.31471932594, -0.493521788666, 0.810794665739,  
407, 3555585.966366443, 94.68347558332907, 105.21137237162442, 101.8212532029231, 79.23580063103797, 0.591748762873, 0.805811544059, -0.0223865383656, -0.408478851439, 0.323677000491, 0.853450776132, -0.694966495283, 0.49588401347, -0.520692438604,  
408, 2527748.9685746515, 84.50487769264774, 102.2422031431374, 84.17664258006117, 70.11703347448571, 0.923611635033, 0.290384010309, -0.250237235815, 0.247446207549, 0.0469259422185, 0.967764604807, 0.292765985048, -0.955758903962, -0.0285130758661,  
409, 3429689.236950208, 93.55249772803144, 97.6788003437389, 93.5475530967759, 89.60524092645994, -0.0987056694287, -0.177044260776, 0.979240787829, 0.272408667999, -0.95126503571, -0.144528023011, 0.957105379998, 0.2524879434, 0.142123643409,  
410, 2963727.8813265422, 89.10797455536053, 118.70985988543015, 96.7352192554146, 61.61384387515683, 0.209810741665, 0.936597026446, -0.280651853255, -0.488852110903, 0.349074725682, 0.799481362857, 0.846760335838, -0.0305425267959, 0.531097060535,  
411, 3707908.56548329, 96.01670589961023, 109.8199275421741, 108.92419382427481, 74.00054185246299, -0.810389352486, -0.0629122721211, 0.582504200323, 0.567279869398, -0.332857027909, 0.753259416634, -0.146501355467, -0.940876317583, -0.30543265683,  
412, 2430143.2814755803, 83.40288821295292, 123.57965776995205, 83.27937118819064, 56.37140322011847, -0.786953178401, -0.508625970736, 0.349291163498, -0.0658942105184, 0.632142672192, 0.772045073175, -0.613484024262, 0.584547058744, -0.530982191875,  
413, 1280437.2479354106, 67.3632807231752, 87.07020310521818, 73.90331185465519, 47.50466189604613, -0.00113096409116, -0.967715409486, 0.252042867711, -0.934333532916, -0.0888051175853, -0.345158659689, 0.356398050202, -0.235882465085, -0.904068522003,  
414, 1449819.048860402, 70.21152360468872, 104.35617821058096, 64.67112911773772, 51.28573488245405, -0.997740967648, -0.0649150158946, 0.0172916797397, -0.0102083593135, 0.400916142341, 0.916057878199, -0.0663984252595, 0.913811954136, -0.400673135612,  
415, 2630293.2884467454, 85.63248013876579, 100.98289611566103, 88.79761702673532, 70.02714724759021, 0.201906956092, -0.442722151651, 0.873630744376, -0.840946521122, -0.535601828722, -0.0770689930014, 0.502038374723, -0.719115969442, -0.480447388169,  
416, 2914168.4809981165, 88.60849273789562, 105.87268911044998, 89.45674196850645, 73.45629613146373, 0.810702647864, -0.0861366941583, 0.579086942234, -0.286395685738, -0.921038019573, 0.263944080616, 0.510625819889, -0.379828166966, -0.771357138842,  
417, 1905199.3794348724, 76.90429714725536, 132.12990542289842, 66.84944752772817, 51.49355499403974, 0.82523978762, -0.564396273064, 0.0208839622849, -0.252839259305, -0.336122238485, 0.907245363587, -0.505026337811, -0.753975256721, -0.420082980338,  
418, 2218215.8571351515, 80.9043237427585, 87.79567221738493, 82.67805582859079, 72.95445747801477, -0.242097492816, 0.969887960923, 0.0265734308776, -0.339244843005, -0.0589572154436, -0.938848754189, -0.909011408326, -0.236307828909, 0.343302883078,  
419, 1701345.0733465373, 74.05730996834534, 112.33669217867194, 71.07524328397619, 50.87024296938786, 0.777450204604, 0.551872280043, 0.301675597092, -0.253435135814, -0.164102564214, 0.9533315165, 0.575622976692, -0.81762297848, 0.0122822541204,  
420, 3777552.077855857, 96.61412322479902, 110.52196103168107, 105.96967816790564, 77.00016458440655, -0.212199250154, 0.905432993801, 0.367644627284, 0.949671090922, 0.102356348057, 0.296054044186, 0.230426338122, 0.411963920445, -0.881583479287,  
421, 2807154.8689552704, 87.51031650346806, 109.60491545512943, 81.43404234404609, 75.0830210895567, -0.85742890698, -0.241400011303, 0.454468595194, 0.120795762211, 0.764053687302, 0.633743123634, -0.500224003129, 0.598287554161, -0.625961619614,  
422, 2594758.6814156477, 85.2451059320683, 119.92165060888956, 80.15897758733834, 64.44045491048644, -0.386411977603, 0.613373461275, 0.688809683852, 0.123244162073, -0.70578266902, 0.69762575972, 0.914055064031, 0.354462721754, 0.197128178621,  
423, 1863322.8503770472, 76.33666224080731, 125.43285024410778, 72.56202721063426, 48.8741032762315, -0.955051215713, -0.290908776468, -0.0570022730985, -0.239530123331, 0.870587227501, -0.429771101086, -0.174649636076, 0.396799651066, 0.901136805115,  
424, 1857665.835250541, 76.25933167896349, 116.38272060705071, 75.65906050860332, 50.36508083063288, -0.925587558981, -0.352103764345, -0.13896262013, -0.329222499456, 0.567628147395, 0.754593156699, 0.186815996401, -0.744191659063, 0.641310032721,  
425, 1580133.7453841167, 72.2550844383467, 91.40348310104123, 71.16107588115469, 57.996259910680465, -0.293044390648, -0.643159836737, -0.707439332747, -0.118514050001, -0.70978108391, 0.694381187012, -0.94872514727, 0.28732601228, 0.131773888178,  
426, 1674292.8183759735, 73.66269464881861, 94.60444569280888, 76.92387245134536, 54.92500695391675, -0.382751376811, 0.774742292826, -0.503265102362, 0.92356717987, 0.33438791855, -0.187638973016, -0.0229139218802, 0.53661820658, 0.843513990726,  
427, 3623616.391897516, 95.2835366996295, 105.720679145076, 99.13398304226249, 82.54126228162191, 0.80277229318, -0.580107243618, 0.137957352848, 0.0167260801445, 0.253177278906, 0.96727529881, 0.596051074611, 0.774194324022, -0.212946625018,  
428, 3585019.9777975692, 94.94402892568542, 109.50106869129068, 101.29522932122246, 77.16060445337168, 0.573164133464, 0.781687592546, -0.245860496563, 0.59157243344, -0.602332589303, -0.535945433657, -0.567031685274, 0.161740407828, -0.807660267917,  
429, 2785249.7366602398, 87.28209813453198, 112.51727885587614, 95.30253277335105, 62.008591885317976, -0.708793725439, 0.672961628594, -0.211504376358, 0.266127389389, 0.532773171392, 0.803323695942, -0.653289880065, -0.513103687655, 0.556719802341,  
430, 1284447.1230552406, 67.4335267431054, 128.4551431307741, 93.09281496777106, 25.64247618369196, -0.961127485117, 0.275190240283, 0.0224563800703, 0.272898883418, 0.934461237028, 0.228710288184, -0.0419542224607, -0.225948065149, 0.973235487985,  
431, 2179514.6851926604, 80.43104847786495, 105.69010181660964, 90.3463016136405, 54.49121541493353, -0.491473685277, -0.571034497435, 0.657550925343, -0.84480500066, 0.129185163883, -0.519245321878, -0.211561167372, 0.810697721825, 0.545903907559,  
432, 3488957.7731942344, 94.08831724360367, 116.3022845000364, 96.39005084007775, 74.29962965244276, 0.169631083419, 0.676526143093, 0.716615429118, -0.49168687078, -0.572089693352, 0.656473460136, 0.854089759124, -0.463708702175, 0.235594827802,  
433, 3490117.9690056443, 94.09874526452107, 106.82411158218244, 91.60778143702139, 85.14317524757375, 0.0262592287756, 0.999651129783, -0.0028410611672, -0.992791395437, 0.0264112958017, 0.116908890165, -0.116943140242, 0.000249356212049, -0.993138580346,  
434, 2051946.213743925, 78.83016842801284, 125.27160873593347, 82.29749370887555, 47.515805875951045, 0.341680913912, -0.447605778776, 0.826379585828, -0.692292080502, 0.474798627331, 0.543413230203, 0.635598795108, 0.757769971885, 0.147644306923,  
