# Void_ID, Void_Volume, r = (a*b*c)**(1/3.0), a, b, c, vector_a, vector_b, vector_c 

0, 1118381.4511250819, 64.39227691753456, 85.97158976782114, 66.11703727714935, 46.971345849690465, -0.0315620750135, 0.367836472228, 0.929354703609, -0.185588965948, -0.915805177944, 0.356170762092, 0.98212044635, -0.161236490131, 0.0971711022428,  
1, 1475312.313207325, 70.62066226118866, 127.44367318532913, 97.46918564371502, 28.353700007639056, 0.0598959668238, 0.958500270509, 0.2787287294, -0.932405548613, -0.0459786462001, 0.358477135965, 0.356416001429, -0.281359548493, 0.890957035102,  
2, 3408143.682930712, 93.3561848994857, 135.23324607172572, 81.07363471524839, 74.21063877942434, -0.279620377952, -0.169969905864, 0.944945858414, -0.93087003294, 0.289040697859, -0.223464665566, 0.235145542185, 0.942107056593, 0.239041561049,  
3, 988231.3099913526, 61.79073104661208, 125.3749609173208, 64.15604944720654, 29.330642471819075, 0.390144714801, -0.590506058167, -0.706462806368, -0.787124869805, -0.611987677852, 0.0768473909211, 0.477725382251, -0.52609284107, 0.703565762191,  
4, 1071499.1856618286, 63.47963369228528, 106.29254603068388, 68.60592742898427, 35.078320077972705, 0.320785207879, -0.725161909202, -0.609292258156, 0.424454454204, -0.465014466599, 0.77691695963, -0.846720300166, -0.507840281285, 0.158628440045,  
5, 1468929.2266390368, 70.51866589616328, 108.48037603898733, 98.35499786789946, 32.86734680032993, -0.602280183283, 0.674912153771, 0.426324014709, -0.447707147755, -0.727731875713, 0.519581203394, -0.660921243927, -0.122065153766, -0.740461482835,  
6, 2040348.6655184368, 78.68137237009348, 148.68803664052746, 82.77083844593537, 39.57877950203435, -0.0737564968669, 0.749866549171, -0.657464932605, 0.314726314221, 0.643072338534, 0.698144193236, 0.94631248872, -0.155428844967, -0.2834334981,  
7, 742446.9575381301, 56.17273988053339, 109.56762955360028, 72.59326253318355, 22.284261257728172, 0.605660493029, 0.230078691485, -0.761734312545, 0.379354426618, 0.758007061879, 0.530580355033, 0.699475221999, -0.610318842791, 0.371813560732,  
8, 371469.91154879675, 44.594196619555554, 103.15093083628439, 75.08561527395133, 11.449990802455682, -0.818142766286, 0.426086625213, 0.386125111574, -0.305646628751, -0.891030508055, 0.335625940665, -0.487054978731, -0.156572096904, -0.859222105258,  
11, 653652.745540641, 53.837658100539564, 128.7690294161394, 76.39378546699962, 15.863135262064434, 0.683535294898, 0.50457390363, -0.527432153366, -0.241878177219, 0.838343336726, 0.488544160902, 0.688675865712, -0.20636284923, 0.695082675977,  
12, 1400183.2590860531, 69.40095135390354, 96.54453440896033, 88.847252606908, 38.969476906790206, 0.404419972747, -0.68749811671, 0.60315074829, -0.722796507898, 0.163812550912, 0.671364771443, -0.560365678654, -0.707468577171, -0.430672170569,  
13, 2042608.7594025934, 78.71041343092105, 138.3554065307684, 91.80604927069496, 38.390975479102174, 0.397759022187, 0.907349360049, -0.136032713301, 0.746223036267, -0.233672735759, 0.623336372039, -0.533796721995, 0.349448410187, 0.770030433298,  
14, 2979008.9997744034, 89.26086037707974, 140.79880245134098, 90.11995905387421, 56.04840514014298, 0.0402451274973, -0.711077247428, 0.701961165524, 0.590424850296, -0.549837024752, -0.590828014201, 0.806088596784, 0.438233264828, 0.397709416198,  
16, 1487223.045272402, 70.81020184944157, 142.74048507327163, 65.22252873077028, 38.13666361197951, -0.00953847991575, -0.977815832483, 0.209249170004, -0.961399062593, 0.0665148487856, 0.266997410729, 0.274992472344, 0.19862520645, 0.940705675287,  
17, 348472.6607664054, 43.654267034526896, 101.78045797985371, 80.664224374519, 10.132922923623116, -0.323761419707, -0.419799150261, 0.847907551888, 0.33445044472, -0.889097648184, -0.312487234973, -0.88505448597, -0.182411746975, -0.428257529332,  
18, 1249270.0768252297, 66.8122210700465, 136.4877587047797, 67.04488516980756, 32.59180212193732, 0.5550745067, 0.527911602941, -0.642807616237, 0.526014459335, 0.375870626337, 0.762908946617, 0.644360986236, -0.761597407911, -0.0690529339003,  
20, 824473.4699791211, 58.169593030386466, 150.66763792878166, 57.838199392490495, 22.586728537975294, -0.64741127942, -0.432082051349, 0.627824606225, -0.751972562174, 0.228028415466, -0.618498429649, -0.124080220091, 0.872529737397, 0.472542015423,  
22, 1336675.5795214635, 68.33540953315797, 110.24997837875688, 78.86602202114365, 36.700244349732095, -0.647343090113, -0.170822409737, -0.74280995417, -0.757400518211, 0.253348629944, 0.60179641634, -0.0853895701875, -0.952173395993, 0.293384466641,  
24, 397817.77442290186, 45.62454272119474, 108.38284288030592, 40.295638203435615, 21.745880504709802, -0.959483062496, 0.276099597833, 0.0562251265801, -0.0698404927052, -0.426359219563, 0.901853714009, 0.272973548831, 0.861386572898, 0.428367381659,  
25, 3205399.3052351116, 91.46701573283133, 130.59109427062168, 80.95647123066672, 72.38163658178364, 0.385910295254, -0.90103546888, -0.19801092858, -0.477693045758, -0.378790986067, 0.792670639616, -0.789229116323, -0.211311317006, -0.576597718738,  
26, 1444896.2970727556, 70.13196750777782, 99.79078672902573, 78.58867421884165, 43.98429749300672, 0.648697281676, 0.663614135049, 0.37256961297, 0.66357090129, -0.25349167285, -0.703857677913, 0.372646609681, -0.703816916221, 0.604794388809,  
27, 1354953.7632747216, 68.64548146214429, 125.35810667300605, 103.70433573531106, 24.882071170836102, -0.57148203438, -0.44769287885, 0.687734956657, -0.814876026524, 0.210657305484, -0.540000519484, -0.0968779942923, 0.869019324223, 0.485201059715,  
29, 2230147.56474931, 81.04912496012606, 109.09103769496728, 84.40003484038476, 57.82468723186729, 0.652801393924, 0.756874035507, -0.0314965786511, 0.161919197783, -0.0987962146018, 0.981845956029, 0.740021968242, -0.646050309462, -0.187046743259,  
33, 369907.3172471086, 44.53157999715, 103.09348668051794, 49.964435530174164, 17.1439976966438, -0.419079864365, -0.238173684324, -0.876153732732, 0.0403709504549, -0.968914504604, 0.244079636857, -0.907051406285, 0.0669177021731, 0.41566785718,  
38, 1098776.5587017592, 64.01379756283671, 110.89341618175281, 74.69867573004151, 31.666649206568614, 0.124365159521, -0.482857917803, 0.866822668319, -0.930231253861, -0.360717653562, -0.0674728741793, 0.345258050505, -0.797954262865, -0.494030234842,  
40, 971379.3144874759, 61.43748284066123, 121.95716257134734, 85.30948100535456, 22.289258971285783, -0.683676070234, 0.465856549157, -0.561751463368, 0.709608310681, 0.244603837983, -0.660776064833, 0.170420293396, 0.850380290253, 0.497805469584,  
41, 190291.6833926813, 35.68155173647703, 97.75625898817354, 33.331102031103455, 13.942381192775047, 0.344972936225, -0.929899075993, -0.127598517782, -0.744839275017, -0.188491225443, -0.640066803016, -0.571146327717, -0.315846111895, 0.757649725095,  
42, 837453.0960097351, 58.473258263015815, 118.4624943280679, 85.09552351698699, 19.832812034345004, -0.812382809683, 0.436526615072, 0.386624733903, 0.0496191776503, -0.608869337242, 0.79171716375, 0.581009559079, 0.662361415317, 0.472974891256,  
44, 111851.75563438932, 29.889459752450975, 118.94252716503615, 48.63807076988894, 4.6157331602014295, 0.364790039726, 0.843259485082, 0.394767865632, 0.729607795339, 0.00451664870109, -0.68385090836, 0.578446792625, -0.537487712142, 0.61360106535,  
45, 2023274.7038113603, 78.46128457340203, 105.87344938994504, 74.62638452109685, 61.13455821357429, -0.519043047705, -0.331963847945, -0.787651139964, 0.19987561936, -0.94309073601, 0.265762300633, -0.831049969265, -0.0194901849545, 0.555856169594,  
46, 1152710.0463326848, 65.04448652743916, 135.2912541330736, 69.1623092208776, 29.40981285969282, 0.334334131427, -0.942158407164, 0.0236267723719, -0.783125592735, -0.291672696946, -0.549218848784, -0.524342440173, -0.165119876654, 0.835344498855,  
47, 653846.4185616572, 53.84297482379046, 107.3397511939589, 88.6426758730896, 16.40528191710046, -0.819231799064, -0.513729433658, -0.254835885222, -0.572840039244, 0.712402612487, 0.405384764342, 0.0267123350118, -0.478084288296, 0.877907662823,  
48, 1691410.080739558, 73.91287608174707, 93.74219061341405, 85.24708442831391, 50.52957818354508, -0.718918746291, -0.460192845169, 0.520939901991, 0.118515391716, 0.657324764397, 0.744229975234, 0.684916008104, -0.596780277292, 0.418023160216,  
49, 2142221.247311281, 79.96965781935134, 143.77696699764465, 87.11776912592806, 40.8300253599131, 0.625452660826, -0.699927262497, 0.34483444764, 0.375305212848, 0.657331945714, 0.653498821998, -0.684072339942, -0.279314411297, 0.673816364722,  
50, 2306724.806543529, 81.96637442306312, 110.26051576899172, 79.65843811809621, 62.69824293270514, -0.441684761574, 0.734904434622, -0.514616404097, 0.881930311417, 0.460929382876, -0.0987067870289, -0.164661766043, 0.497453089221, 0.851719981466,  
51, 3262087.4898468573, 92.00307264513445, 137.48287501245832, 92.22513499231529, 61.419897933275024, 0.800076741391, -0.527559065258, 0.285584734446, 0.372862067665, 0.810249896407, 0.45218246745, -0.469947961355, -0.255296960493, 0.844968860717,  
52, 561845.8637419436, 51.18894665278639, 118.70603741935498, 53.598529170741784, 21.081567471367038, 0.296420198766, 0.899639211384, 0.320599992364, 0.414486769659, -0.423604813313, 0.805456193666, 0.860427674788, -0.105869029836, -0.498453573546,  
53, 1128546.8999166184, 64.58678512267139, 108.69761679245686, 76.96057199999666, 32.20643790734841, 0.456106040779, -0.445481396821, -0.770398341542, 0.740444741405, 0.670192049977, 0.0508350378553, -0.493668780146, 0.593623568631, -0.635533000146,  
54, 1456555.645388411, 70.32010175514435, 109.85129804475022, 94.77077418749205, 33.40095236063836, -0.399445432789, -0.259951920318, 0.879129310936, -0.00541927621023, 0.959608481073, 0.281286676716, 0.916740954506, -0.107594433758, 0.384719976288,  
56, 360291.5242733951, 44.142319052792196, 124.81467922020106, 54.21118679145694, 12.711911376724405, -0.96698671347, -0.0814977210709, -0.241443197113, -0.0421138772379, -0.883341638569, 0.46683398646, -0.251322735374, 0.461590371466, 0.850747442931,  
57, 280720.3158973048, 40.61892370354098, 130.35551354705763, 62.44059206131479, 8.233582042280716, 0.0158972336637, 0.757223207276, 0.652962703624, -0.701579573553, -0.456849634942, 0.546877054763, 0.712413770175, -0.46679912748, 0.52398968945,  
58, 936708.8841833319, 60.69766858226537, 101.21185908155879, 65.5045045400562, 33.729776366273754, -0.0496616747987, -0.934124322781, -0.353476261786, -0.995337474096, 0.0755879622966, -0.0599147111892, -0.0826863393628, -0.348852704656, 0.93352276873,  
59, 974223.4354371667, 61.49738576048547, 122.86898979636305, 49.26239122107585, 38.42485052454976, 0.281448327001, -0.362028780801, -0.888663041372, -0.764432674218, 0.475199349629, -0.435692855921, -0.580025452732, -0.80194809058, 0.143002567107,  
61, 2912871.296203107, 88.59534334392389, 128.66435084355476, 91.1307318831131, 59.30749696738956, -0.223985690492, 0.968100694294, -0.112300739809, 0.00080515276308, 0.115412185767, 0.993317360719, -0.974592100411, -0.222398455667, 0.0266301470692,  
62, 983030.1974223058, 61.68213770645262, 92.56426557350973, 56.99708948282824, 44.481785418781165, 0.429224704635, -0.188588896745, -0.883289522725, -0.671128146334, 0.58788131964, -0.451644290583, -0.604444508726, -0.786657347288, -0.125765869091,  
63, 884548.6789746422, 59.54944382439793, 104.34864610342282, 80.48110561690828, 25.145042641386816, -0.617013124257, -0.201809335926, 0.760636441691, 0.549537615315, -0.802351160044, 0.23289702731, -0.563296736942, -0.561698858739, -0.605963017223,  
64, 223532.83731694083, 37.64877996302192, 105.14071229602804, 50.42794815798491, 10.064924206142095, 0.0931330287008, 0.93090482345, -0.353188970159, -0.544546395075, 0.344598558935, 0.764670554416, 0.833543917605, 0.121111695789, 0.539014373247,  
68, 343485.55834518076, 43.44501561012156, 91.045504016417, 59.78318339680092, 15.065457730358593, -0.855332781377, 0.00512757925271, -0.518053608262, -0.135532333697, 0.962912985478, 0.233301455035, 0.500036818269, 0.269763396942, -0.82291608931,  
70, 166074.78080533587, 34.09874220502254, 93.64077801939351, 48.2017350154108, 8.783900230323901, -0.732419519007, 0.313944218988, -0.604152857761, 0.680338247609, 0.302946798671, -0.667355307176, 0.0264861665324, 0.899812349626, 0.435472408361,  
74, 2682699.5499118688, 86.19746141690165, 150.51630504583812, 83.96709592680139, 50.67464857864085, 0.412928916815, -0.424009740977, 0.806043081488, -0.351418588964, 0.742308296025, 0.570511497677, -0.840234898697, -0.518839217107, 0.157515655739,  
76, 1980793.8639409055, 77.90826943996937, 113.24205807213374, 77.32606410663958, 54.00289147335264, -0.596805038335, -0.150665786163, -0.788113930278, 0.0695683252761, -0.988230001916, 0.136241371951, -0.799364744242, 0.0264817709538, 0.600262210597,  
77, 2210613.2362124957, 80.81178857175543, 114.79719896684581, 97.06913911643723, 47.35999930068464, -0.883672931357, 0.466841998801, -0.034361294241, -0.343057565453, -0.595922696842, 0.726076887233, -0.318486510188, -0.65340239328, -0.686754435941,  
79, 3386390.3295419654, 93.1571375216297, 98.05085827951271, 94.7798896015772, 86.992298901552, -0.996743134997, -0.0669878138556, -0.0448971672869, -0.0439781477493, -0.0151321037878, 0.998917885492, 0.0675947139655, -0.997639039047, -0.0121368205935,  
80, 3892499.0240311977, 97.58430371428472, 105.36704632203079, 96.63830189408722, 91.26112267442106, 0.345421068694, 0.628497040347, 0.69690440921, 0.683975473727, 0.339852558487, -0.645505840275, 0.642543256631, -0.699636840628, 0.312484326956,  
81, 3014423.8665341814, 89.61318299926798, 104.57331178881513, 94.56552644198752, 72.77161338818604, -0.0929104403287, -0.995669367489, 0.00318758879688, -0.287481415795, 0.0237608353858, -0.957491440314, 0.95326915698, -0.0898773238708, -0.288444069108,  
82, 3694824.5595662254, 95.90363553470671, 105.43026682712566, 93.94807155292234, 89.0537140801015, -0.861233382159, 0.42788116063, 0.274216654915, -0.0877881421804, -0.65671740576, 0.749009673546, 0.500569978671, 0.620999163728, 0.603149844651,  
83, 3321064.536961565, 92.5542221594629, 110.0950132591099, 87.92771440857274, 81.90214452909096, 0.548677992069, -0.830194561831, 0.098637977095, -0.578866567148, -0.292122154866, 0.761300298223, -0.603213029084, -0.474806946182, -0.640852873443,  
84, 3620097.860312899, 95.25268660701849, 107.05867578658572, 96.38991992813449, 83.74872705818211, -0.767200621113, -0.443974666228, 0.462914357858, 0.102065063695, 0.628016932424, 0.771477449678, 0.63323449822, -0.639125361988, 0.436500678038,  
85, 3796273.3519101134, 96.77346448134527, 110.46425789788967, 103.37112874272704, 79.36843726531623, -0.670395609324, -0.618037538412, -0.410608485193, 0.147804077872, -0.653517504004, 0.742340101654, 0.727133881457, -0.436971936254, -0.529463733756,  
86, 3653307.5857700757, 95.54307391882055, 107.23332842873653, 98.28584631163031, 82.75168799630632, 0.171406132974, 0.720517681015, 0.671918305246, 0.71617916463, -0.559466193714, 0.417234924523, 0.676540716978, 0.409697265596, -0.611915687684,  
87, 3417278.5090528443, 93.43951782367898, 103.10873753807456, 95.43537775221338, 82.90617900923063, -0.0969288762316, -0.874077411303, 0.47601835259, -0.562139358809, -0.346604382107, -0.750909277864, 0.821342884689, -0.340373443961, -0.457757342285,  
88, 3633074.777996822, 95.3663678997347, 98.1478800234702, 94.30003835581287, 93.71150977634716, 0.203371286825, -0.818016128657, 0.538042501065, -0.696283940714, 0.26550971843, 0.666853254714, -0.688352230765, -0.510249157447, -0.515574440527,  
89, 3063665.1137713003, 90.09849998723669, 99.1222064558451, 88.51620136421913, 83.36023936406438, -0.958516947982, 0.00679524529777, -0.284954531588, -0.210630759993, 0.656668291653, 0.724169481325, 0.192041514719, 0.754148910613, -0.627996399071,  
90, 3323434.607288002, 92.57623396238888, 101.50163709420997, 92.03006027377705, 84.93677659504581, 0.385116977757, -0.736922674657, -0.555544674189, 0.600416006476, -0.257081581798, 0.757238192029, -0.700846297422, -0.625183198653, 0.34345368758,  
91, 3733959.7462420533, 96.24104739824972, 124.34976168605688, 108.5518215151211, 66.03876605163914, 0.191409384756, -0.350908169996, 0.916638371255, 0.700128218452, -0.605705875356, -0.378075217762, 0.687882929832, 0.714131534655, 0.129742922954,  
92, 3763097.526171616, 96.490736542331, 109.06095148080247, 92.76473243884453, 88.79830704854167, -0.726381340664, -0.667179900151, -0.165048867825, -0.631196340323, 0.742598198338, -0.223917609375, -0.271958320149, 0.0584713319501, 0.960530986195,  
93, 3183847.5427670632, 91.26155927268522, 104.91245551715414, 99.17771818892263, 73.0503818016373, -0.457047956942, 0.823079852378, -0.337115294322, 0.351253801848, 0.515239408003, 0.781760269602, -0.817146211973, -0.238888905248, 0.524599046136,  
94, 2372310.321620994, 82.73595731568597, 104.99246322291553, 77.4994882783338, 69.6026747558822, 0.748948548199, -0.436734512193, -0.498336270012, 0.289425674474, -0.460918996671, 0.838919815872, -0.596077890133, -0.772539089216, -0.218802432637,  
95, 3716868.054959596, 96.09397935367772, 104.57510623174254, 101.64369094893964, 83.47949123363384, 0.571217952951, 0.145408973741, -0.807815746679, 0.535092443015, 0.680325996178, 0.500831924255, -0.62240350871, 0.718340287942, -0.31080717988,  
96, 3243015.3536710492, 91.82342020313936, 110.77934661988867, 93.90270026431475, 74.425800614806, -0.911192613857, 0.270789681512, -0.310485054132, -0.0241772494442, 0.717193498262, 0.696454554626, 0.411270569166, 0.642110920665, -0.646954468646,  
97, 3389869.2209542403, 93.18902719556866, 108.24164779865406, 89.53981396749342, 83.49947629713304, -0.545071051844, 0.775459228849, -0.318685633242, 0.797698197128, 0.596671799524, 0.0875234251631, -0.258021578052, 0.206508469673, 0.943810954171,  
98, 3454373.4684928516, 93.77640075925892, 98.97572032516639, 97.60898897716838, 85.36153075349314, -0.970048725912, 0.111134820526, 0.215996576415, 0.181464567046, 0.922665735887, 0.34023308294, 0.161480897517, -0.369238393842, 0.91519775363,  
99, 3273575.2132919175, 92.11094504460317, 113.62465581507458, 85.43111275412497, 80.50911830977392, 0.326592694121, 0.486548166177, 0.810313577658, -0.47023967707, -0.660043741804, 0.585847168649, 0.819885271398, -0.572375000235, 0.0132287886689,  
100, 3173097.8844200736, 91.15873433809028, 100.03488075969015, 90.21266508168742, 83.94133817973136, -0.269177460542, -0.787246138405, -0.554785555239, -0.960963834208, 0.181282984331, 0.209009542691, 0.063968774256, -0.589389512256, 0.805312360989,  
101, 3242933.427683618, 91.82264697340334, 106.37031564800895, 87.11204114114477, 83.55083339013152, 0.219151300008, -0.370960726744, 0.902419440681, -0.637271975848, 0.645941672676, 0.420290119204, -0.738821451032, -0.66719374601, -0.0948439179979,  
102, 3650288.012020706, 95.51674354355708, 108.5898571103342, 100.49679507763773, 79.85406872517983, 0.265485835342, 0.396941896011, 0.878609357123, -0.243436547377, -0.854184059474, 0.459465167278, -0.932875082009, 0.335867122136, 0.130143603892,  
103, 3235252.0742824064, 91.75009128300941, 106.84727902549115, 90.9869776405609, 79.4468731519509, -0.987307977549, -0.149122933322, 0.0546379742138, -0.156096659784, 0.847753283662, -0.506900584775, -0.0292709800519, 0.508995796444, 0.860271171741,  
104, 2936179.4089907794, 88.8310222262292, 103.01331779878228, 88.29669085948238, 77.06482150750018, -0.386256589624, -0.723980576917, -0.571539999666, -0.917924017441, 0.240792761134, 0.3153321176, 0.0906716338025, -0.646429400965, 0.757566950435,  
105, 3460520.539046412, 93.83199294916757, 111.69933352674092, 92.08969438013749, 80.31399115178436, 0.434841821228, -0.437662656562, -0.786996816742, -0.804071118225, 0.204774958697, -0.558154864825, -0.405440781555, -0.875510488425, 0.262867185685,  
106, 4006635.032714695, 98.52892056833474, 116.22342507280918, 92.47089466573128, 89.00049977708409, 0.455917802327, 0.658423465066, 0.598846806931, 0.69202422884, 0.160862899224, -0.703722668636, 0.559679751483, -0.735256192292, 0.382304731172,  
107, 3646406.011816054, 95.4828715551076, 99.62434671561928, 96.59721625680874, 90.45786160331356, 0.952442617554, -0.229697146466, -0.200230570025, 0.196064068333, -0.0410640745418, 0.979730893098, 0.233263673502, 0.972395476485, -0.00592418237654,  
108, 3571841.4909805018, 94.82754841004767, 100.78772556080555, 95.14255048276826, 88.92443907304703, -0.791591320879, 0.170093830879, 0.586899709837, 0.577711477174, -0.104594503986, 0.809511852216, -0.199079456125, -0.979861254685, 0.015469056728,  
109, 3469165.268912144, 93.91006190938863, 99.68524567152998, 95.31095134973744, 87.16912619875016, 0.720583487239, 0.662047158338, 0.206041253287, 0.235987447706, -0.513590863524, 0.824945058431, -0.651973436916, 0.545818637499, 0.526319914609,  
110, 3737786.714793986, 96.27391560696583, 100.93959790262302, 95.27406798258035, 92.7875328733989, 0.119763444848, 0.613104436265, 0.780871095322, 0.41410794607, -0.745693864271, 0.521972479916, 0.902314427614, 0.260851703119, -0.343198284815,  
111, 3782521.2822547485, 96.6564685457149, 106.42997191109062, 101.07056550929114, 83.94679651906785, -0.369542318475, 0.866802197349, 0.334802069179, -0.903112768023, -0.250240098689, -0.348951603009, -0.218691113424, -0.431316407847, 0.875294438021,  
112, 3193125.679691269, 91.3501225660455, 112.64898984328461, 93.73688088611381, 72.1920880543801, 0.625453746443, -0.374044436967, -0.684761542607, -0.710616551287, 0.0893603768866, -0.697881680573, -0.322229309804, -0.92309559755, 0.209911385318,  
113, 3620042.398128627, 95.25220016077309, 102.2204528984231, 93.37457616027267, 90.54377626047709, -0.138114055409, 0.340889159564, -0.929902730714, -0.14007080732, 0.92274076892, 0.359067740558, 0.980461461066, 0.179844528035, -0.0796948499002,  
114, 4173649.052723264, 99.87936507091032, 115.52157673005047, 100.60459081734892, 85.73268233680791, -0.248001261833, -0.929262643229, -0.273799769957, -0.218218508431, -0.221779478436, 0.950365479972, 0.943862308129, -0.295440015644, 0.147780717446,  
115, 2975058.3047806136, 89.22138433677608, 103.7813083044247, 88.79339441149781, 77.07385333220503, 0.422381409844, -0.409838914731, -0.808471402457, 0.557664222714, -0.585654077798, 0.588234575542, -0.714565993679, -0.699314925574, -0.0188168952395,  
116, 3498257.199887646, 94.1718370451123, 100.87674106681084, 91.79985173150827, 90.18412670183865, -0.733440530564, 0.617249009108, -0.284725567662, 0.619584355234, 0.434752851475, -0.653532849124, 0.279607251112, 0.655738986861, 0.701303191377,  
117, 2983162.0659836857, 89.30232093526486, 109.71233284596799, 87.34153502643343, 74.32107255869799, 0.105140512985, -0.97631093198, -0.189109588929, 0.640644043432, 0.211942718083, -0.738007787132, 0.760605470756, -0.0435574143776, 0.647751549213,  
118, 3069499.8832209436, 90.15566143415631, 103.6419361336031, 90.8225331897846, 77.84843450406241, -0.274630419659, 0.948678669241, 0.156802152809, -0.797409921302, -0.133575159438, -0.58846843092, -0.537322575374, -0.286646924471, 0.793169585073,  
119, 3315361.780163889, 92.50121539874826, 100.97412906249917, 94.31318167465479, 83.11124828866242, 0.519930177148, 0.850641884289, -0.0779807385406, -0.250359689337, 0.239030828081, 0.938181373287, -0.816696171685, 0.468265574135, -0.337245778676,  
120, 3355900.7110346984, 92.87671180135455, 94.30829452814287, 93.75677860023221, 90.60828821840938, 0.668899164796, 0.700337240969, 0.249202039011, -0.54372417539, 0.232352940912, 0.806459008224, -0.506890450129, 0.67493693021, -0.536210976955,  
121, 3394087.319744441, 93.22766365122645, 106.9353623858719, 90.77985559920448, 83.46868448369267, -0.176942218321, -0.938398145902, 0.296817066798, -0.97211782807, 0.213779310539, 0.0963604417453, 0.153877807768, 0.271490931989, 0.950060152898,  
122, 3539560.1761015905, 94.54100839912816, 99.73911497696675, 98.90390461814665, 85.66072449563313, 0.630819169477, -0.7283641032, 0.267493754301, -0.697327078481, -0.380972039386, 0.607120458248, -0.340297107006, -0.569513861444, -0.748232477634,  
123, 3475153.9550120393, 93.96406861643744, 100.80079084024354, 93.1511771586198, 88.35541134565943, -0.406311942264, 0.339256116704, -0.848419644311, 0.0130473484227, 0.930578307802, 0.365860328195, 0.913641271109, 0.137583793838, -0.382531472431,  
124, 2131461.695832766, 79.83554745250505, 93.20107025546957, 77.88187663670762, 70.10219489191405, 0.278306161358, 0.7743040314, 0.568329963585, -0.471352045805, -0.405456634746, 0.783219104885, 0.836882864842, -0.48585819361, 0.252128709662,  
125, 3673006.3248780156, 95.71448985719985, 102.11104090545889, 95.69821192184166, 89.73389935768601, -0.771680504762, -0.547661504423, 0.323382243085, -0.0306634167203, 0.539899344867, 0.84117088174, -0.635270771754, 0.639199166133, -0.4334229719,  
126, 3234036.20586477, 91.73859604105054, 99.73099461180445, 91.45075778622594, 84.65230919896595, 0.112417815823, -0.908607616432, 0.40223678853, 0.720037023754, -0.204476271191, -0.663126035489, 0.684769245155, 0.364172560583, 0.631244348101,  
127, 3542144.115456141, 94.56400831995708, 111.78732117993891, 99.20464654181511, 76.25231871697265, -0.950935964932, 0.243560295429, 0.190785673179, -0.267721169081, -0.956863893791, -0.11285771744, -0.155068263116, 0.158397825901, -0.975122537184,  
128, 3932410.019946038, 97.91669094504944, 109.5108896773022, 94.40049338750156, 90.81103246084304, -0.599961322824, 0.474020290888, 0.644477443315, 0.221282745752, -0.67581675825, 0.703068741804, 0.76881750601, 0.5644257906, 0.300571404756,  
129, 3627164.701674538, 95.31462766621469, 105.16443771508467, 93.50501527809674, 88.05922469516314, 0.230678785485, 0.737069056932, -0.635229488642, 0.835456908434, -0.484692294169, -0.259007980809, 0.498797606327, 0.470959218284, 0.72759766536,  
130, 2963153.686069844, 89.1022195644613, 102.3272233879399, 94.6251383593735, 73.0580120037987, -0.0346337730551, 0.432424204217, 0.90100488865, 0.932572177511, -0.310152916015, 0.184700575039, 0.359318292739, 0.846648968755, -0.39252501603,  
131, 3776577.8463727105, 96.60581690972516, 105.99085865328433, 94.76798741998041, 89.75936340190637, -0.623960515898, -0.775454916067, -0.0966589248257, 0.201519709973, -0.279176933831, 0.938855711017, -0.755025218846, 0.566330215302, 0.330464833443,  
132, 3492963.558170254, 94.12431208230218, 104.96041615778708, 95.5542149843649, 83.14383501294016, 0.683589454463, 0.380511128817, -0.622829622444, -0.130298782288, 0.903261746617, 0.408828135568, -0.718141827971, 0.198316660785, -0.667040341339,  
133, 3435864.5634895125, 93.60861270836449, 113.0279384679647, 95.39096817475824, 76.07717260589584, 0.787760481849, -0.176288376616, -0.590216766541, 0.461279124925, 0.803845290227, 0.375571988157, 0.408233991903, -0.568115443946, 0.714555701262,  
134, 3459496.262907322, 93.82273428856767, 104.74713746540732, 91.05970047280397, 86.58763458633005, 0.214890262923, -0.87153462094, 0.440737540271, -0.29376142976, 0.372701416384, 0.880226037226, -0.931410971208, -0.31862369455, -0.175933350974,  
135, 3444103.0864350144, 93.68337129453828, 97.54396345006897, 94.15487822640515, 89.52499565057714, 0.427245425358, 0.874264152249, -0.230485441194, 0.501215364494, -0.441189233681, -0.744402591666, -0.752492195911, 0.202519757496, -0.626690707541,  
136, 3590792.2211589995, 94.99495808588156, 99.19439640487707, 95.69587654960112, 90.30697654922602, -0.685724167346, 0.723584141195, 0.0787931274205, 0.508038416577, 0.398293406484, 0.763714167495, -0.521228676878, -0.563727197288, 0.640727955874,  
137, 3159849.3936082255, 91.03168705410995, 119.7931074580013, 82.90533367811116, 75.95624241818102, 0.772351430136, -0.464493472082, 0.43326560302, -0.534416273447, -0.1065047248, 0.8384843411, 0.343325669069, 0.879148768974, 0.330491946906,  
138, 3149191.2281519156, 90.92922186539397, 114.82786998051556, 90.79413878792107, 72.11162816273755, -0.894644172343, 0.405813475851, -0.186888276014, 0.0904595579853, 0.574167338037, 0.813725344511, 0.437525854393, 0.711088806514, -0.550385170574,  
139, 3405098.2136730286, 93.32836935473956, 101.97227033272107, 90.53565275084773, 88.05201679494247, 0.228629974488, 0.813605618938, -0.534578555124, 0.455617596479, 0.39584562215, 0.797319791052, 0.860314442831, -0.425854599902, -0.280190862089,  
140, 3577403.783876909, 94.87674665879355, 108.27793960508349, 92.12911853460884, 85.61353975440193, -0.686727537321, -0.526324802071, 0.5013855724, 0.15732172968, 0.565785433803, 0.809405161997, -0.709686665266, 0.63471965908, -0.305738109372,  
141, 3716088.5460671526, 96.08726121110851, 104.66701031535057, 94.3088255856478, 89.87425191410404, -0.776162885715, 0.404460173271, -0.483718040883, 0.612825842595, 0.303367189089, -0.729666249207, 0.14837675521, 0.862774777576, 0.483325999395,  
142, 3112148.789469382, 90.57129573997351, 108.38711167507277, 97.67743575544392, 70.17781619231533, -0.711099881663, 0.349423081859, -0.610115126975, -0.588193365569, 0.179744733298, 0.788492482876, -0.385182454168, -0.919562581185, -0.0777118799481,  
143, 3437653.1138933515, 93.62485264607459, 103.44514630997527, 92.61800396698041, 85.6579953043221, 0.811691091083, -0.154556040162, 0.563267257264, -0.457072219373, 0.432329787551, 0.777287553659, 0.363651700028, 0.888371197893, -0.280274964671,  
144, 3436653.679007839, 93.61577852773848, 103.23753579726687, 92.38175171955359, 86.02473378526274, -0.978044690769, 0.203869505011, -0.0431949972278, 0.174887130132, 0.915676359881, 0.36187193269, -0.113327289621, -0.346372673404, 0.931226554897,  
145, 3380782.0497250543, 93.10568253824722, 105.131569281479, 91.80146428407022, 83.6268635842798, -0.0202349455151, 0.559718315269, 0.828435848169, 0.536051466255, -0.693365082865, 0.481553410734, 0.843942754282, 0.453828458139, -0.286007618916,  
146, 3458282.6981498427, 93.81176224028295, 103.43596761152705, 92.90170683395189, 85.91650617335824, 0.243796206244, 0.728846479368, 0.639801703134, 0.719631662932, 0.306300520035, -0.623145457443, -0.650148967181, 0.612342062036, -0.449826099215,  
147, 3532053.7484880043, 94.47412932748446, 99.64367668760502, 92.58560508756453, 91.39984964980813, -0.952207538653, 0.236155340428, -0.193730375829, 0.305422113117, 0.744955689155, -0.593092196892, -0.00425865597405, 0.623916401758, 0.781479486273,  
148, 3593502.0690059573, 95.01884855703679, 101.39160264394347, 97.61895424535527, 86.67486048097386, -0.514819701477, -0.568606258064, 0.641597691908, 0.613328921285, 0.278614399597, 0.73905456541, -0.598989406657, 0.773990271016, 0.205306480866,  
149, 3085098.9236795665, 90.30812559749496, 100.97158554145048, 91.20884300317202, 79.97317943560098, -0.0208831855859, 0.926782231922, 0.375018115767, 0.841993421231, -0.185951076186, 0.506427957234, 0.539083454729, 0.326338615335, -0.776461291358,  
150, 3903248.125441623, 97.67404721833852, 104.37741614885397, 97.44971725114569, 91.61159097828029, 0.703524246823, -0.67427864647, 0.224503766218, -0.28050111512, 0.0267952314731, 0.95947961937, -0.652972249447, -0.737990733333, -0.170284817196,  
151, 3525701.293044462, 94.41745759213656, 100.53796298631582, 95.40362785514628, 87.75299226300848, -0.380558551593, 0.919607091321, -0.0974576133545, -0.284307463026, -0.0160643697592, 0.958598561699, -0.879968439932, -0.392510807005, -0.267564592402,  
152, 3177370.5212843516, 91.19963164580253, 100.82770020603643, 91.57910783685065, 82.14913274864355, 0.0318942571749, -0.699249209029, 0.714166157159, 0.164757059953, -0.701076868609, -0.693791276607, 0.985818374527, 0.139791873773, 0.0928459179072,  
153, 3513813.05908501, 94.31121671533916, 96.61835865956148, 94.323661903694, 92.0470204184518, -0.385316061386, 0.868249537149, 0.312528837196, 0.254260871492, -0.225675790263, 0.940437051013, -0.887064226574, -0.441829354989, 0.133805377333,  
154, 3374273.3480636775, 93.04589494986077, 96.94869486168042, 93.45728806818786, 88.90711357942668, -0.139272822107, 0.924893091152, -0.353801994006, 0.982603161916, 0.173402447283, 0.0665027628687, 0.122858077534, -0.338384930539, -0.932953123993,  
155, 3622545.4059705697, 95.27414852944295, 98.48953671691085, 94.67032176950221, 92.75157235202339, 0.115897303032, -0.969274383794, 0.216967702827, 0.955405624998, 0.0490566929804, -0.29119329078, 0.271602479501, 0.241040680786, 0.931735736856,  
156, 3598130.4002383305, 95.05962493834781, 101.6519222139485, 99.58142898084309, 84.85830247548144, 0.0986095621677, -0.852606460273, 0.513165059361, 0.55556375299, -0.380664508124, -0.739218133312, 0.825605880922, 0.357989882755, 0.436140084414,  
157, 3608706.1894914685, 95.15266836944214, 111.97193742280054, 96.11161967818403, 80.05303954476815, 0.650164979032, -0.595852891553, -0.47142850112, 0.330110891037, -0.337317423943, 0.881614289314, -0.684333471093, -0.728818418491, -0.0226144469072,  
158, 3705197.279743337, 95.9932971775094, 104.8818750052263, 94.46431861729596, 89.28006302333193, -0.974569944348, -0.0063488517382, -0.223993561638, -0.223403034407, -0.0503139893253, 0.973426723845, 0.0174501516169, -0.998713269442, -0.0476161490333,  
159, 3299215.707295895, 92.35080823526255, 100.29844218726137, 95.7413951881226, 82.02158592281961, -0.858012323073, 0.510288642921, -0.0584837957136, 0.504791101515, 0.816732531385, -0.279524446175, 0.094872531784, 0.269357519077, 0.958355742733,  
160, 3281365.034526113, 92.18394977240955, 103.89882409445364, 91.59800395858692, 82.31316377659913, 0.219522267907, -0.948200034631, 0.22962288261, 0.727654868928, 0.00235083723801, -0.685939403511, 0.649867960141, 0.317665182054, 0.690478433039,  
161, 3213446.767699012, 91.54349733630525, 103.02590318928384, 95.27003153739165, 78.15913803861052, 0.439924261484, -0.430402146005, 0.788175511464, 0.552241067352, 0.821759165205, 0.140505081517, -0.708164138945, 0.373451291491, 0.599197534371,  
162, 2832565.8772968845, 87.773578196965, 106.36839655120248, 88.10739891512895, 72.15499766378043, -0.301797782706, -0.201515256419, -0.931831368749, 0.945192395686, -0.191002686482, -0.264819389196, 0.124617147661, 0.96068182828, -0.248114875254,  
163, 3133655.4565441865, 90.7794495475144, 113.65827798896278, 93.46444644849426, 70.4230977903309, -0.954899662113, 0.106687989216, 0.277099816409, -0.149681776841, -0.978928036485, -0.138907397447, 0.256441028267, -0.17411941977, 0.950747299066,  
164, 3625494.422391248, 95.29999488786855, 102.25511529244297, 93.46086116900382, 90.56571307458074, -0.673710963573, -0.687265189003, -0.271624920701, -0.705709870538, 0.489261669733, 0.512441798798, 0.21928774746, -0.536926045666, 0.814630778512,  
165, 3528512.7923937407, 94.44254802278559, 117.91642778571631, 88.01470116737696, 81.16588982595883, -0.0857369340539, 0.379051479565, -0.921395221378, 0.983739743524, 0.178692986813, -0.01802591124, -0.157814115817, 0.907958585126, 0.388208594115,  
166, 2719208.074417995, 86.58671778422854, 114.79070233713828, 97.11188259607145, 58.233748354698, 0.297218960625, -0.945448822781, -0.133369460323, -0.387796487584, -0.247174302628, 0.887985781608, -0.872510615215, -0.212206002795, -0.440106621985,  
167, 3813287.054789928, 96.91781845376988, 107.16440988152154, 94.50315161276112, 89.89054651698173, 0.0104107379272, 0.879669123823, 0.475472238021, 0.353496684079, -0.448032080407, 0.821162194253, 0.935377843912, 0.159528955112, -0.31562446293,  
168, 3661044.1790150604, 95.61047008073423, 98.71345084318905, 96.68726663551746, 91.57369603378629, -0.860772808902, 0.501465720024, 0.0871911870275, -0.485972529875, -0.86063080387, 0.15213585914, -0.151330339527, -0.0885818890637, -0.984506159081,  
169, 3437900.533842998, 93.62709876184358, 110.59839386074485, 97.66852372677057, 75.9803438620311, -0.964945788639, 0.224623114931, -0.135735335217, 0.259627079023, 0.892631718455, -0.36851376507, -0.0383849557246, 0.390836374262, 0.919659460739,  
170, 3116370.7017849735, 90.61223329492137, 102.83640232445218, 95.16418973610166, 76.02213717112322, 0.515209950038, 0.836626615089, 0.186050031729, -0.265159131816, -0.0508329661054, 0.962863772489, -0.815014933726, 0.545409861005, -0.195649536983,  
171, 3418914.622879641, 93.4544276703171, 102.07617215629034, 90.15134290986225, 88.69580307827903, 0.21003030366, -0.750291148622, -0.626857610501, -0.885768366278, 0.125396391229, -0.446867034327, -0.413886062638, -0.649106260458, 0.63824712282,  
172, 3124539.160972943, 90.69133348865354, 98.67611873831187, 92.12690261110289, 82.05382559411346, -0.47775774264, 0.779667727289, -0.404803377421, -0.434891157582, -0.610274000984, -0.662144489352, -0.763293665901, -0.140299247135, 0.630633729553,  
173, 3689191.441238613, 95.85487261432652, 105.46012031005067, 100.38775263260735, 83.19047208744689, -0.148274656623, -0.984600282658, 0.0926116061441, -0.55551525481, 0.00544723383676, -0.831488502216, 0.818179337234, -0.174735832138, -0.547768163633,  
174, 2468655.4126934214, 83.8411618357316, 123.39687356993093, 96.75528482977948, 49.36203000923317, 0.340987303763, 0.306783950703, 0.888600735012, -0.689202143894, 0.724426661794, 0.0143672033921, -0.639318436716, -0.617324565583, 0.458456450716,  
175, 4414437.703212724, 101.76433392490607, 111.7320274058343, 107.32891493403699, 87.88046881964789, 0.866565821408, -0.335788073668, -0.369201905127, 0.00721115423794, -0.731288411406, 0.682030247568, 0.499010697703, 0.593686473592, 0.631288123326,  
176, 1183150.1396467513, 65.61207157793953, 109.17109746304035, 65.07470362732813, 39.758626696074835, -0.0319123439006, 0.77174106357, 0.635135680864, -0.163249499716, -0.630950403557, 0.758453155504, 0.986068559051, -0.0794815642221, 0.146121448801,  
177, 2530992.4374181707, 84.54100625246673, 105.23014754616592, 83.00347629084835, 69.17764563069335, -0.9215711743, -0.120754820005, 0.368951005074, -0.0335306987829, 0.971599527635, 0.23424357011, -0.386758662396, 0.203500936962, -0.899447111128,  
178, 3154448.1058984753, 90.97978914239286, 108.91938507403452, 87.83632666436512, 78.71462520311466, -0.522413218304, 0.691902641821, -0.498352449159, 0.81904809846, 0.244625435675, -0.518959158922, 0.23715952806, 0.679285750228, 0.694497104233,  
179, 3566635.416200977, 94.78145459961084, 101.35187021311529, 93.73551040518291, 89.62603685263095, 0.790374714669, 0.494549210679, -0.361564501339, 0.269334376879, 0.24958433446, 0.930143351008, 0.55024249549, -0.832543535323, 0.0640660436401,  
180, 3317691.926382243, 92.5228812977474, 102.28818415328196, 91.76122485333126, 84.38451830644108, 0.548682672155, -0.80100874786, 0.239441665398, -0.739568388505, -0.331488215479, 0.585793617004, 0.389853721287, 0.498498293728, 0.77428258869,  
181, 3181732.9543091855, 91.24135066486181, 94.03322597603406, 93.08827827785139, 86.77583140387321, 0.292137066452, -0.952371370835, -0.0874340117958, -0.312722430418, -0.181521508104, 0.932338256004, -0.903803416634, -0.24502798638, -0.350857050623,  
182, 3330407.948989428, 92.64093757966144, 100.71992608789911, 94.5102310442738, 83.52463796639856, 0.359456807716, 0.30203444114, 0.882930348189, -0.242066330638, -0.883601868897, 0.400813708414, -0.901218450188, 0.35780292571, 0.244504338192,  
183, 3437878.0071692993, 93.62689426574788, 101.56184294288519, 94.68228731040308, 85.34980603319835, -0.816005466235, -0.518241788351, -0.256047901537, -0.575412512441, 0.770473495915, 0.2743556681, -0.0550955497382, -0.371208891191, 0.926913393743,  
184, 3364376.551175058, 92.95483750886639, 104.25570710270334, 91.21337554407341, 84.4612728204615, -0.89304960127, 0.271069367997, 0.359143157258, 0.0996151868876, -0.659257141768, 0.745289766178, 0.438792917232, 0.701356841245, 0.561746701838,  
185, 3373342.414733033, 93.03733730568702, 101.85490938747894, 91.43662159793192, 86.47084033655513, -0.731547527869, 0.669719399949, -0.127726817077, 0.68084155896, 0.727475882905, -0.0850506401112, -0.0359581153635, 0.149180310777, 0.988155984051,  
