# Void_ID, Void_Volume, r = (a*b*c)**(1/3.0), a, b, c, vector_a, vector_b, vector_c 

4, 570772.1442396226, 51.45861031178902, 106.16621517844442, 85.36100387223748, 15.035861324409932, 0.595735246622, 0.363704453703, -0.716113528911, 0.457808855147, 0.578813407388, 0.674823007593, -0.659932245068, 0.729858965681, -0.178312428437,  
7, 4347830.873384233, 101.24991740162884, 133.89695278694293, 120.61675420533872, 64.26961552222531, 0.999826689709, 0.00139264620934, -0.0185647806684, 0.0110896472035, -0.845526975928, 0.533817527534, 0.0149536039011, 0.533930888331, 0.845395881357,  
16, 2097891.1378655895, 79.4141904449775, 95.8269306225245, 81.71378783829218, 63.96043646044062, 0.144331639426, 0.715018389741, 0.684044647806, 0.960691546229, -0.266924830266, 0.0763078501338, 0.237150017638, 0.64614227328, -0.725437820778,  
21, 1505259.047534095, 71.09529800988088, 112.5121620763166, 96.13760660625688, 33.22231262607901, -0.807562336914, -0.390869306793, 0.441660794056, -0.576355830552, 0.364139296598, -0.731584943299, -0.125128048765, 0.845354220241, 0.519344985277,  
28, 1385654.4280217479, 69.16007276709873, 135.86617257868838, 88.76599247819998, 27.428898674513828, 0.600445138236, 0.741999995704, -0.298163784427, 0.741553516214, -0.377115397156, 0.554871480451, -0.299272482129, 0.554274285532, 0.776669812622,  
32, 1189173.7056929886, 65.72322958495906, 145.04102527500126, 58.440159462180205, 33.49302974201253, 0.368799262686, 0.592153294392, -0.716478596877, 0.704557557754, -0.680864366207, -0.200055898792, 0.606288505296, 0.431019942428, 0.668308355159,  
35, 2040122.881524656, 78.67846998219626, 131.88156563367318, 69.06335603007902, 53.473171739750704, 0.415382097802, -0.90817919409, -0.0516552441417, 0.596818724016, 0.229237137624, 0.768932861437, -0.686487526099, -0.35022976195, 0.637239350915,  
37, 3571176.557540452, 94.82166368445654, 122.35028492433516, 95.56967628392972, 72.91176521407857, 0.6012838454, -0.542428937604, 0.586709966602, -0.272446903172, 0.551092407226, 0.788714044283, -0.751152728953, -0.634088326929, 0.183579877546,  
50, 1802309.988343531, 75.49420685302591, 114.58251757885164, 98.01461340329767, 38.311723416435164, -0.171613810422, 0.559113787351, 0.811135298743, 0.900092163518, -0.245713262055, 0.359804238473, 0.4004782107, 0.791843902322, -0.461086149337,  
52, 335756.08778565825, 43.11665844473348, 84.13439392698326, 51.93349183856466, 18.34485113339362, -0.16643401779, -0.709106722856, -0.685176891994, -0.13210650285, -0.672568731539, 0.728147768836, -0.977163031242, 0.211704881748, 0.0182607069259,  
55, 2085970.6234613184, 79.2634904268296, 104.82701584896344, 102.22264500364442, 46.47284304000574, 0.106138670834, -0.672987641188, 0.73199878235, -0.988188836587, -0.153222015627, 0.00241602420084, 0.11053237444, -0.723609458711, -0.681301655263,  
57, 706404.8944941105, 55.24865334441556, 102.11399853552899, 79.90617698526016, 20.66804769502528, -0.883731773989, 0.377913413154, 0.276042757197, 0.412757681894, 0.351408295472, 0.840323334147, -0.220565744576, -0.856559199374, 0.466537340721,  
61, 934906.9254225276, 60.658721972589355, 130.96504960995654, 96.2980345368912, 17.697296724311645, -0.194292213234, -0.906436199722, 0.374998602279, -0.440067674634, -0.261113775627, -0.859162404857, 0.876693206098, -0.331953328063, -0.348160897243,  
65, 851732.6501260691, 58.8037327938706, 120.41470817085838, 85.4112368281138, 19.770613135127324, 0.84886283588, -0.0393714278155, 0.527144929345, -0.471797197905, 0.393329033736, 0.789113220818, 0.23840991991, 0.918554387008, -0.31530706969,  
66, 165960.97570864085, 34.09095154311491, 97.58276141987974, 53.87195253282462, 7.536705581255632, -0.160282554744, -0.950968137446, -0.264516737103, -0.578067147253, 0.307652662568, -0.755769946797, 0.800092417107, 0.0317716977466, -0.599034793072,  
70, 3851091.8444864517, 97.23704574405083, 104.42844894666831, 95.21329215611028, 92.4653158457079, 0.820912444664, -0.416791862024, 0.390368162054, 0.259948435247, 0.881400355515, 0.394411237556, -0.50845803092, -0.222301500329, 0.831896912931,  
75, 1982839.70058046, 77.9350823848066, 114.85302371578256, 81.32801533619119, 50.677640803174064, 0.146979627708, 0.844750615275, -0.514580787662, -0.746158035191, 0.436206166426, 0.502963584061, 0.649342109799, 0.310033189133, 0.694430879266,  
79, 1214848.269282658, 66.1928595804376, 122.42031325818603, 66.20775622641378, 35.78253243366396, 0.856167017675, -0.509162154229, -0.0879314423037, -0.414963872145, -0.778961558073, 0.470131764359, 0.307868515213, 0.366022938824, 0.878205093127,  
80, 3370474.3455330376, 93.01096255648532, 133.66558222200416, 86.99656742855868, 69.1959545661496, -0.976600462685, -0.162129417265, -0.141299640273, -0.209285837787, 0.867706919792, 0.450870424232, -0.049507316486, -0.469892278509, 0.881334370266,  
84, 306460.90454113245, 41.824313696246335, 75.01966924216921, 50.57131522701998, 19.284441962436286, 0.43604282196, 0.0503358426245, -0.898517089634, 0.436816695613, 0.861089641389, 0.260222604563, 0.786802282566, -0.505955464877, 0.353484420746,  
87, 2105756.0635112086, 79.51330709200236, 110.14669575472503, 84.45000319228662, 54.04410223031364, -0.0679829466776, -0.489182486508, 0.869527925862, -0.712051109338, -0.586682500594, -0.385728999672, 0.698828689059, -0.645371318227, -0.308438527032,  
93, 1508923.059420987, 71.1529365811562, 128.4832413191987, 76.5743604514941, 36.61412194627255, -0.424982162841, 0.622309797962, 0.657358864417, -0.00208048966522, -0.72687110753, 0.686770751125, 0.905199333202, 0.290497690865, 0.310201964488,  
94, 980759.9453859846, 61.63461731565997, 135.4334113110918, 82.32786408146531, 20.9991369367363, -0.132046494734, 0.90309653128, -0.408632326692, 0.799069383359, 0.340921105565, 0.495238246058, 0.586559326758, -0.26113110686, -0.766654225334,  
97, 4079226.639145029, 99.12040668757147, 160.35812842416757, 97.73411121876205, 62.137257183796024, -0.208847391215, 0.28682027295, 0.934942189768, 0.962532353989, 0.229366729321, 0.144645673991, 0.172957320476, -0.930120978425, 0.323976435544,  
99, 3168706.8618833697, 91.116665582447, 121.93579609161958, 92.55900564371753, 67.02603926658063, -0.465797113639, -0.1377422563, -0.874105325321, 0.0640074347858, -0.99046772998, 0.121970177342, -0.882573564763, 0.000864116949681, 0.470173538264,  
105, 2738842.9762609615, 86.79462708556973, 135.21384284574447, 78.21000616951437, 61.829402360039936, 0.374807556531, 0.768290546343, -0.518892023418, -0.359815453769, 0.636367592429, 0.682326261062, 0.854430883569, -0.0690356698019, 0.514958193933,  
109, 3135144.9055815986, 90.79382997839488, 122.83649117930568, 101.0594523198065, 60.29269083601, -0.728240852222, 0.669315855244, 0.147246551995, 0.538829936564, 0.426438952221, 0.726506792461, -0.423470849785, -0.608412775957, 0.671197685808,  
139, 784792.515355549, 57.220996190027364, 126.25441982130971, 50.23819415066233, 29.5383092285878, -0.626097766197, 0.675703874915, -0.389134758905, 0.77263795633, 0.470388919675, -0.426338894173, 0.10503416397, 0.567590114142, 0.816583912851,  
140, 982202.2211991115, 61.66481518374909, 135.22956797788737, 65.40667721722538, 26.510538855746475, 0.514181269691, -0.855671543626, -0.0586841658977, -0.323197867456, -0.256681534314, 0.910855492608, -0.794456267123, -0.449378236423, -0.408532055363,  
144, 1781020.8797881708, 75.19577976072611, 117.66292757561934, 73.96804343786835, 48.85360544693974, 0.444089618057, -0.394551133708, 0.804433846891, -0.792171761018, -0.592386567305, 0.146772122429, -0.418626697883, 0.702429752905, 0.575624990818,  
147, 2643746.3805699353, 85.77822600664864, 134.87503991404697, 85.329167187509, 54.84058611214801, -0.828799733271, 0.526539855507, -0.189332466028, 0.557441039127, 0.80629682063, -0.197850764312, -0.0484818525476, 0.269520347292, 0.961773514071,  
149, 787859.7792581973, 57.295446329133014, 101.68005513528263, 77.77495332679695, 23.783994104015573, -0.111170185052, -0.89379444898, -0.434479772748, -0.979582251321, 0.172243210316, -0.10368649573, 0.167510605193, 0.414081827025, -0.894693488115,  
152, 695786.6531379595, 54.97043345040372, 106.40795763295266, 64.91020877720153, 24.049185422981395, 0.228485516323, 0.83949098576, 0.49300025726, -0.314393076216, -0.415637734268, 0.853464860132, 0.921385566665, -0.350000226687, 0.168962951151,  
154, 774140.5441273418, 56.960929557484775, 118.39735384094801, 61.266814885548065, 25.4779162102017, 0.273870006474, 0.3226328673, -0.906037114302, 0.676625496472, 0.604857938528, 0.419910480608, 0.683500663554, -0.728048698328, -0.0526491764747,  
155, 2273417.812797283, 81.56995381173348, 120.89274665276119, 97.12459462945371, 46.223325286628, -0.355294547179, 0.78682474762, 0.504650969758, 0.923095039338, 0.210333188311, 0.321955739575, -0.147177896082, -0.580229925485, 0.801044256254,  
157, 586183.1277313513, 51.91763507903334, 95.89149330586065, 40.057669615162695, 36.43165850395595, 0.696510210624, 0.334465734298, 0.634827692431, 0.570522733718, -0.794698992761, -0.2072614803, -0.435175064551, -0.506543367823, 0.744336267897,  
159, 962166.3698303151, 61.24263308340973, 127.10397093008642, 70.40665177047771, 25.66780630403949, 0.562699353961, 0.651638873908, 0.5086611987, -0.526829133472, -0.191494865835, 0.828118820269, 0.637040423503, -0.733959463711, 0.235548305985,  
169, 1532915.3421167845, 71.5280722447643, 112.01189343001099, 71.04663271790972, 45.9856070391796, -0.569830174504, 0.50663900711, -0.647001150462, 0.788837330125, 0.116607034946, -0.603438866831, 0.230280782581, 0.854236334907, 0.466101968777,  
181, 1701333.7347887177, 74.05714545048443, 108.81091895734018, 83.82235648582663, 44.5316267315826, 0.499622498974, 0.859312423599, -0.10935957739, 0.526699587093, -0.401582141464, -0.749212472276, -0.68772443862, 0.316723763405, -0.653238971755,  
193, 1721547.0173914584, 74.34927871537018, 101.2143016937754, 80.58846131832115, 50.38665546835568, 0.575225041835, -0.140090389375, -0.80590994165, 0.215334028033, 0.976408852046, -0.0160315319623, -0.789143464534, 0.164318095324, -0.591821050599,  
200, 3801964.7546241907, 96.82180151202827, 127.15357743329253, 95.39980997512792, 74.82442430936534, 0.629732030708, -0.650357020428, -0.424821510143, -0.340231752781, -0.722547559718, 0.601803438296, -0.698340836483, -0.23443713427, -0.676283451058,  
201, 1514519.4108416694, 71.24079296422944, 102.8378027933051, 63.44164454656457, 55.419041883236645, 0.894639182954, 0.0797384881451, -0.439616316612, -0.225899159241, 0.929641533336, -0.291094811617, 0.385474126469, 0.359733780739, 0.849706599255,  
202, 788070.3989116068, 57.300551498090066, 156.83089912438086, 49.50802055729353, 24.230881340752983, 0.921351894675, -0.302261212187, 0.244435770268, -0.260583520396, -0.946846436546, -0.188621458212, -0.288456088647, -0.110090804373, 0.951143049028,  
203, 1171201.8872507648, 65.39045883341586, 107.95242342117832, 79.17604439064974, 32.71274266135356, 0.273884799912, -0.271658547976, 0.922598910518, 0.14471281051, 0.959998350541, 0.239711012332, 0.950812977852, -0.0678586786651, -0.30224142813,  
204, 475609.5640235322, 48.42325619551545, 110.75293902029038, 78.73726180259091, 13.020462246372226, 0.431219274378, 0.883292314398, 0.183969086341, 0.78436259507, -0.26623240002, -0.56026389196, -0.445898258417, 0.385895058927, -0.80762599428,  
208, 1219854.5894658011, 66.2836606276635, 126.70961867533518, 90.56607306951638, 25.377236907783114, 0.592160761147, 0.790883380351, 0.154431575922, 0.744654830997, -0.463831049659, -0.479947851381, 0.307952619132, -0.399204504054, 0.863597677344,  
222, 1254014.0679444564, 66.89668538480154, 92.39170160170082, 62.48711303261559, 51.854968322451924, -0.929365012452, 0.0512385493927, 0.365588955913, -0.148055259285, -0.958919864278, -0.241975895684, 0.338172018103, -0.279011298965, 0.898772708321,  
225, 1884678.4833942847, 76.62718786418057, 105.85051717909057, 72.70700575001916, 58.462774101901985, 0.168771417964, -0.341543125599, -0.924588828526, 0.512509900547, 0.831672752792, -0.213668046523, 0.84193218867, -0.43779986937, 0.315406823104,  
228, 1390710.9672782342, 69.24409710664783, 122.49169769483414, 109.75017160038121, 24.696556822345933, 0.709612341952, 0.700063739458, -0.0797564094277, -0.575708677287, 0.641343524021, 0.507186359333, -0.406214036002, 0.313989243275, -0.858138049536,  
230, 781208.7435931996, 57.133762970945114, 99.84090534229291, 93.23933824607775, 20.03414409728314, 0.816354917608, 0.571846548943, -0.0809701979716, -0.518216575296, 0.787148516811, 0.334438026502, -0.25498280253, 0.231060028876, -0.938932922774,  
234, 4690134.05632266, 103.84020789768748, 140.53629498594177, 100.05620589517011, 79.62768989730601, 0.804343624848, -0.512509716745, 0.300607923064, 0.322504808736, 0.801507031642, 0.50356442147, -0.499021023113, -0.308091331377, 0.809973919346,  
237, 1507338.9822021143, 71.12802892487544, 114.04021871721237, 78.14351493712932, 40.38046705532399, 0.252080344338, -0.753450480019, -0.607262607245, -0.677268666353, -0.585586694058, 0.445415959883, -0.691203771383, 0.298999327594, -0.657903297244,  
239, 2525767.6273574424, 84.48279259307856, 129.2406674621195, 92.7227046454767, 50.31755151515047, -0.699379303452, 0.699936922127, -0.144764964497, 0.714494265461, 0.690063504525, -0.115370292303, -0.0191450914339, 0.184121331643, 0.982717050177,  
240, 1441272.6943158014, 70.07329129476135, 122.02103480008354, 79.5776756629508, 35.43493135772571, 0.341544506504, -0.198364819845, -0.918694045003, -0.784456559951, 0.478211545516, -0.394894445751, -0.517663264707, -0.855549598786, -0.007721942127,  
245, 4357724.449452884, 101.32665795984019, 128.18414148297342, 114.41078443006224, 70.93652237376423, -0.953426766394, -0.180947565487, 0.241320077216, -0.120085058312, 0.961643128714, 0.246621312476, 0.276689320165, -0.206156424934, 0.938585397588,  
246, 265611.4699345159, 39.87671783911112, 108.35832955468389, 74.42773585174619, 7.862508120757127, -0.452453856391, -0.688479047602, 0.566817526943, -0.874574932942, 0.46683774756, -0.131077092286, 0.174367985896, 0.555030736506, 0.813349056081,  
249, 2077353.2524032968, 79.15419108513778, 134.86016325960964, 62.9600744759568, 58.40806662159282, 0.0370679914335, 0.586912719475, 0.80880122634, 0.709464053381, 0.554533963065, -0.434917050445, 0.703766098197, -0.589936897919, 0.395838016747,  
257, 462048.74138925195, 47.95858866287838, 96.75746119028845, 65.51502075988765, 17.40098508901777, -0.875201433104, -0.404012161022, -0.266076352273, -0.453478526619, 0.876712151438, 0.160415178264, -0.168462688417, -0.261055506105, 0.950510570874,  
258, 1093897.006878395, 63.91889741584089, 115.86882437192433, 82.35159174308436, 27.368388508935784, 0.208440425864, -0.70322720701, 0.679723535114, -0.805854827608, -0.517309468306, -0.288077959626, 0.554211679493, -0.487711399623, -0.674527245551,  
262, 1612648.5145412222, 72.74732646228031, 124.2421002740709, 101.66977930636573, 30.47827942394959, -0.965515313281, -0.125810561815, 0.227929555688, 0.0240075629976, 0.828730828409, 0.559132230303, 0.259236989527, -0.545322763674, 0.797131900428,  
263, 2003411.8131094798, 78.20368306478099, 139.7614392771771, 87.508022816284, 39.10626916753861, 0.271657476425, 0.803244286065, 0.530095116377, 0.27781845148, -0.592811688894, 0.75590423304, 0.921422337216, -0.0580768319974, -0.384197811115,  
269, 1355602.453829266, 68.65643449790298, 162.23859394409533, 74.62734303818857, 26.72954607072563, 0.567386999106, 0.729425074869, 0.382113927249, 0.590559026064, -0.0370663766034, -0.806142741988, 0.573857151197, -0.683055739949, 0.45179954199,  
272, 1370166.3043996333, 68.90142826931135, 128.35028479003017, 84.04849620332878, 30.322003225551654, 0.302213018148, -0.195000974147, -0.933081942674, -0.783896410117, 0.506110994304, -0.359663842568, -0.54237782944, -0.840134680588, -9.27675033226e-05,  
285, 1146500.0315360427, 64.92747104575167, 114.85236450644837, 61.7806299392527, 38.57386790221879, 0.333833165222, -0.929634189548, -0.155999010962, -0.740082584338, -0.360982440853, 0.567423515336, 0.583809203558, 0.073972636959, 0.808513984309,  
288, 462764.7565183503, 47.98334893118787, 149.79975260257024, 40.83366690646524, 18.061016488766782, -0.935813343859, -0.337044366208, 0.103220543799, -0.348817712718, 0.927647520393, -0.13340270313, 0.0507896519815, 0.16084518369, 0.985671972887,  
289, 1586214.5884679975, 72.3476524294603, 110.63361791218229, 97.02624101073705, 35.27743573606287, -0.55805202242, 0.587353500564, 0.586168751852, 0.827648575143, 0.44487792458, 0.342171694162, 0.0597977954176, -0.676091338206, 0.734387313389,  
290, 3147102.473629903, 90.90911396929802, 114.61641964741668, 84.06103930463263, 77.97954231505689, -0.845593255777, -0.463324393276, -0.265146284871, -0.519723332097, 0.827943352266, 0.210707056155, -0.121900384985, -0.315975176295, 0.940903812356,  
291, 876040.6452538202, 59.35790290078134, 89.6752458738154, 81.66859741719401, 28.55669702919934, 0.862800656703, 0.477687280576, -0.165498908663, 0.398489623367, -0.441165656874, 0.804101289182, -0.311096523385, 0.759728718143, 0.570991442989,  
293, 1389474.9036714735, 69.22357631297963, 131.04680941928916, 59.026668642674395, 42.88321850784372, -0.925375127591, -0.313173198458, 0.213549575048, -0.377544969838, 0.811701122474, -0.445646814781, 0.0337737914024, 0.493015045959, 0.869364995541,  
297, 331134.258914976, 42.91790378957528, 114.30430806660648, 69.69577560635724, 9.923079049729191, 0.659053820086, -0.467482233484, -0.589159081748, 0.217624921763, -0.631309742935, 0.744370473557, -0.719921839964, -0.618795903228, -0.314331313252,  
298, 401649.764187994, 45.77056804272487, 87.73410314728962, 53.2437880772884, 20.526812718222768, -0.0640989810017, 0.991682739955, 0.111609425722, 0.407224334412, -0.0761118373516, 0.91015126747, 0.911076101156, 0.103789842906, -0.39895865251,  
301, 3269867.589542955, 92.07615721399037, 110.93245259615597, 89.73023016857539, 78.42312800509204, 0.594270422485, -0.771470322844, 0.227324010898, -0.596553328899, -0.233249018662, 0.767931651302, 0.539413376492, 0.591969962299, 0.598836182104,  
315, 153987.6923628109, 33.250573000782275, 93.29953148557438, 45.15505248154601, 8.725927236564717, -0.0732431264384, 0.889337479926, 0.451347195881, 0.520746866008, -0.351866691666, 0.777825515677, 0.850563428542, 0.292008010328, -0.437347888908,  
322, 1418873.6615754445, 69.70838790428044, 107.14915613152965, 69.95357629999097, 45.19146709012741, 0.241352286413, 0.96837924752, -0.0631720414121, 0.926466295875, -0.210554709766, 0.311972621882, -0.28880664198, 0.133822072799, 0.947988595068,  
324, 1082858.8015952047, 63.703174342300066, 132.62117761722743, 70.28530677784941, 27.733571226376778, 0.0285517702931, 0.833819793436, 0.551297876367, -0.965626056866, 0.165558279804, -0.200391552441, 0.258362370934, 0.526626060941, -0.809885101248,  
325, 1121474.7464625437, 64.45158911143061, 101.91517740999436, 75.38477117358424, 34.84804376582611, -0.361647123094, 0.44853322121, 0.817330598857, 0.914611708154, 0.340713016812, 0.217715556363, 0.180822514266, -0.826276339759, 0.533451617946,  
336, 699581.6252040184, 55.070192542318345, 96.8412929163666, 64.47261328398339, 26.749393022596603, -0.134972155403, -0.177170652396, -0.974881057973, -0.98808363235, -0.0493948012341, 0.145776846903, 0.0739814351555, -0.982939832106, 0.168392498977,  
338, 925624.0878847896, 60.4572904902707, 140.25539232107317, 63.99661233054681, 24.618947722628164, 0.371435023894, 0.921572756557, -0.112870179394, 0.714692562733, -0.36139614433, -0.598838348503, 0.592663955205, -0.141762058518, 0.792876380633,  
341, 322936.30175527284, 42.56076440102517, 115.80047353160504, 39.03784963485303, 17.054226864805177, -0.0916523513451, -0.183544940512, 0.97872932995, -0.972553139118, -0.194594542849, -0.127567062699, -0.213869675469, 0.96355810344, 0.160672160654,  
342, 2795283.1770425052, 87.38677938241516, 111.07638887140713, 103.22038470776607, 58.20361721617815, -0.323629855923, 0.0116708166804, 0.946111784301, -0.214506409714, 0.972983949643, -0.0853770105391, -0.921548000132, -0.230577591658, -0.312383190454,  
350, 1060044.2517186704, 63.2526116674424, 118.59096118794172, 82.30254194310511, 25.92809135458105, 0.420813163395, -0.0272558082758, 0.906737780413, -0.523315524068, 0.809166002414, 0.267191397331, -0.740983902513, -0.586947613892, 0.326244317595,  
352, 2710400.2515622843, 86.49312860161152, 128.59510700908595, 88.29741184015269, 56.9865547719755, 0.877118642964, 0.382250151426, 0.290770885579, 0.397308384615, -0.237359227378, -0.886457356387, 0.269831305966, -0.893053984322, 0.360063393595,  
353, 618805.0647107715, 52.863398946443404, 129.90799450344315, 76.01039947289429, 14.960853045473158, -0.65014349596, 0.261801834792, -0.713283417697, -0.157768938798, 0.871788346864, 0.463782319869, 0.743251233845, 0.414059026676, -0.525483325916,  
356, 3499183.4302016874, 94.18014757501379, 123.7537784791655, 100.35397575112441, 67.26436541784135, 0.487332519175, -0.714379729638, 0.502163935022, -0.803869530082, -0.142434155229, 0.577500034658, 0.341029022753, 0.685108833184, 0.643680893249,  
357, 2300915.8556853244, 81.89751215835678, 94.89234537087569, 81.80673992918268, 70.7606576691451, -0.552478562893, 0.487974216355, -0.675757798117, 0.821770463811, 0.183192299172, -0.539568240662, 0.139501764687, 0.853417685367, 0.502212616282,  
358, 3598499.7275490034, 95.06287726762073, 105.74105439872184, 97.54497587776206, 83.28836227645243, -0.90576349702, 0.409545787315, 0.108925366922, 0.376436280002, 0.659478816344, 0.650679197371, -0.194648952129, -0.630364925171, 0.75149973157,  
359, 1717292.4972203583, 74.28798085571555, 100.23204079760359, 82.23955063622789, 49.73571452322278, -0.323756313448, -0.488621290315, 0.810204347158, -0.721324754349, 0.681617747101, 0.122832591768, -0.612268281284, -0.544652624604, -0.573132681188,  
360, 3216208.3685286925, 91.56971365285307, 96.08827293392083, 92.02268872125933, 86.83409101644307, -0.320282456472, 0.226989922037, -0.91972535214, -0.287813577395, 0.901659694824, 0.322758639539, -0.902542238758, -0.36808337374, 0.223455000466,  
361, 3071183.1986907036, 90.17213889432539, 109.15898710593963, 90.27093637255815, 74.40629322828104, 0.89935030071, 0.417719474257, 0.129149051254, -0.278649883383, 0.319966264867, 0.90552516908, 0.336932158014, -0.850371701183, 0.404159239314,  
362, 2129761.9018632625, 79.81431944232187, 114.51757814233487, 95.87452292434673, 46.30917817697541, -0.473668989454, -0.854999502965, 0.211219171382, 0.40896809794, -0.00113202143841, 0.912547978681, -0.779988963574, 0.518627581659, 0.350203723918,  
363, 3093749.2893669475, 90.39245237023171, 129.0956764213679, 86.00700098034186, 66.5198108270737, 0.167188671619, -0.88685097205, -0.430747375449, -0.795098784314, -0.37961873655, 0.472977312398, 0.582980163698, -0.263410266, 0.76860208203,  
364, 3231941.4245130345, 91.71878449135163, 102.17634971445622, 93.63060147909867, 80.650427757369, -0.408816198661, -0.402629801261, -0.818998509675, -0.90578035041, 0.069372392819, 0.418030415072, 0.11149561661, -0.912730362293, 0.393054720396,  
365, 2194483.2868475146, 80.6147582791285, 102.40372059395739, 93.10526034485922, 54.94823076776587, -0.107327018837, 0.315005470967, 0.943001836843, -0.98849121243, -0.135515454541, -0.0672360359422, 0.106611603385, -0.93936527232, 0.325924609661,  
366, 2221586.083728819, 80.94527676485276, 108.41184294238387, 84.5466077136527, 57.86309008865111, -0.872340950828, 0.36266687239, 0.327862784072, 0.454133348067, 0.849455509798, 0.268678691092, 0.181063987812, -0.383272848692, 0.905713948095,  
367, 2949258.6045304216, 88.96272596664429, 102.69737951943385, 88.25949780476411, 77.67896525824928, 0.556429321337, -0.0990551609306, -0.824969384553, 0.546260008142, 0.791747773949, 0.273377881242, 0.626088183774, -0.602763251651, 0.494661549545,  
368, 2363255.6964562535, 82.63056101216004, 96.05726281653004, 91.32620306860616, 64.3126633172969, -0.188955513525, 0.65849787869, 0.728475365177, 0.891031312581, -0.196834719691, 0.409046810433, 0.412745701261, 0.726386010937, -0.549549223642,  
369, 2643623.3361380068, 85.77689523138785, 109.70428447634498, 80.59998273710238, 71.37603676634987, -0.965940835868, -0.256670951839, -0.0328378452997, -0.0982214455974, 0.246282586323, 0.964208190848, -0.239396844646, 0.934593446455, -0.263104999225,  
370, 2839195.4021717063, 87.84200187645595, 103.29057719825262, 87.90193028831717, 74.65305025996726, -0.203627900434, 0.736261362654, -0.645333157391, 0.967265340508, 0.2532441647, -0.0162835529892, -0.151437905484, 0.627524181931, 0.763727675205,  
371, 3646789.705986746, 95.48622050894998, 109.90660044442332, 98.58140878001696, 80.35322573985404, 0.314073313566, 0.708679805286, 0.631768064471, -0.834274600169, 0.523627299427, -0.172627757929, -0.453148811339, -0.47285027744, 0.755690922208,  
372, 3431216.888498992, 93.56638571168187, 117.72060636995019, 93.52479842043688, 74.40125996656568, -0.542371993829, -0.825203067397, -0.157710233876, 0.112196055676, -0.257181186991, 0.959828048219, -0.832613154713, 0.502889386065, 0.232072402457,  
373, 3099902.8881766517, 90.45234415503657, 105.55000280772344, 92.90211199874112, 75.470224705192, -0.733586134956, 0.590763655457, -0.335931073274, -0.233043115802, 0.245663157566, 0.940925352614, -0.638390389008, -0.768536216717, 0.0425416832891,  
374, 3006999.373238322, 89.5395504147236, 100.49620777919891, 91.25061125184092, 78.28152399883886, 0.918503076772, -0.352465715834, -0.179220582304, 0.167887447923, -0.0627392961879, 0.983807697441, 0.358002657517, 0.93371928323, -0.00154833292868,  
375, 3711577.2654467593, 96.0483625928486, 114.68445656222144, 101.3772881322293, 76.2122293984789, -0.557456146745, -0.689232599577, 0.462818612565, -0.825750158441, 0.517995662358, -0.223197602165, 0.0859029702082, 0.506595417921, 0.857893794272,  
376, 2625903.2951346575, 85.58481303985566, 111.92113436717437, 87.64158091052042, 63.90985212574351, -0.98026849414, -0.0147790801974, 0.197117371597, -0.196643392159, -0.0286207714911, -0.980057257388, -0.0201259960544, 0.999481080475, -0.0251498321077,  
377, 1983043.358204199, 77.93775053296864, 127.52450810548869, 90.98905521161615, 40.8000587137059, 0.176988133185, -0.729221229317, 0.660992889088, 0.00624103771445, 0.672413410404, 0.740149481495, 0.984193197578, 0.126872393458, -0.123560291431,  
378, 4109279.032892129, 99.36322396769039, 114.24845973163228, 95.9529279956199, 89.48874910345305, 0.121263317573, -0.987808853325, 0.0976159674617, 0.409784363921, 0.139388952757, 0.901469630623, -0.90408626961, -0.0693137009662, 0.42169138948,  
379, 2466017.9199587214, 83.8112927752683, 114.1138941961517, 82.14082008988292, 62.807290475589554, -0.381218052773, -0.52123793505, -0.763533765661, -0.917545758601, 0.314326592982, 0.243533516825, -0.113060059762, -0.7934165413, 0.598086628239,  
380, 4008067.5096336724, 98.54066139210086, 112.44793691628657, 95.90074650921925, 88.7305020811104, 0.823883304665, -0.346495460695, -0.448505513914, -0.478684358176, -0.00172808650195, -0.877985363748, -0.303442886771, -0.938050056998, 0.167285698832,  
381, 1352315.9463192276, 68.6009063010174, 133.03918877657514, 53.992608862998594, 44.944407471455236, -0.920968398299, -0.389455022296, 0.0119161630515, -0.338422470746, 0.814696476355, 0.470892644569, 0.19309956144, -0.429644547298, 0.882110039819,  
382, 3501169.147667696, 94.19795933053386, 109.94743749134426, 96.02087642133351, 79.17238101302776, 0.623300029075, 0.744925459205, -0.23787209585, 0.706586921034, -0.406195227493, 0.579431065948, -0.335010442791, 0.529236712059, 0.779536083726,  
383, 3228667.2252043243, 91.68780135468202, 99.91165072384017, 97.80059130687752, 78.88184517095249, -0.134796615366, 0.0442504303236, 0.989884726573, -0.902888617205, -0.417027615353, -0.10430777993, 0.408193602849, -0.907815987659, 0.0961671209093,  
384, 3391789.8885538545, 93.20662387756306, 99.80527074331017, 96.90669959196711, 83.72073876014869, -0.12812029018, 0.291949949577, 0.947813493355, 0.951005012754, -0.234980776514, 0.200931581357, 0.281379915704, 0.927118795846, -0.247540060247,  
385, 2777010.5009886133, 87.19594810344994, 101.36335269848449, 91.96484295956868, 71.11907710433223, 0.024433359075, -0.68476269377, 0.728356412881, -0.730083129399, -0.509929661133, -0.454917975973, 0.682921397476, -0.520645554978, -0.512392984877,  
386, 4049908.269405139, 98.88236819998518, 123.0532359267782, 102.09175277286796, 76.9613856431637, -0.603567465811, -0.747342957828, -0.277821557116, -0.796464345091, 0.581201955308, 0.166879699622, -0.0367540639052, -0.321998121937, 0.946026610755,  
387, 3059202.9501591423, 90.05473654529109, 100.35758659918324, 97.13711407289821, 74.91767219812002, -0.810068401374, -0.124886452125, -0.572880929313, 0.58416714066, -0.25585082426, -0.770252625766, 0.0503779402955, 0.958615527624, -0.280211229843,  
388, 2564152.252194088, 84.90861036456546, 100.10730069344704, 90.77919977900675, 67.36015816496825, -0.375395454645, 0.727195082981, 0.574687361894, 0.695042991144, 0.631054719473, -0.34450715739, -0.61318308285, 0.270106002007, -0.742326918942,  
389, 3011896.4291063114, 89.58813066723837, 105.9161238156024, 89.1899701088027, 76.11553902942248, -0.742149202384, 0.459408201694, -0.488015026016, 0.662208191408, 0.614957972899, -0.428143670747, -0.103416017298, 0.640914031508, 0.760614443448,  
390, 3132540.4308607425, 90.76868114118327, 104.45868079025783, 85.35362862134329, 83.87674142728234, -0.693447593526, -0.122459107073, 0.710024085597, -0.698179296076, 0.357631141496, -0.62019806285, 0.177977823237, 0.925798970472, 0.333496867614,  
391, 2414414.9517052397, 83.22256573245205, 106.02815958761764, 78.95230900668584, 68.85527922008306, 0.0964227230735, -0.878171273438, 0.468527344968, -0.405965474719, 0.395089674096, 0.824072923205, -0.908787484405, -0.269665281285, -0.318411595671,  
392, 2700751.2678161487, 86.39036848859685, 115.1572094525775, 83.20535607063574, 67.29047028944494, 0.854457338471, 0.26692570174, -0.445705425683, 0.418978542379, 0.153213174443, 0.894976370751, -0.307180138939, 0.95146013733, -0.019077979815,  
393, 3137862.41823063, 90.82005546764357, 107.50460221499738, 84.21071470011836, 82.7467373065486, -0.191624279181, 0.265886950054, 0.944766778321, 0.90134767732, 0.428607335062, 0.0621941871964, 0.388397348367, -0.863481257539, 0.321788156494,  
394, 1641859.1053817265, 73.18393527561928, 100.92044279025642, 83.14342132063547, 46.71326655341194, -0.0715029256117, 0.830727235166, 0.552068467114, -0.969646199344, -0.187642542381, 0.15676901603, 0.233823821984, -0.524101647623, 0.81892849702,  
395, 2242095.0203873147, 81.19360071470945, 96.89634205140645, 83.47986465245961, 66.17230858044199, 0.467958128448, 0.451597554143, -0.759654420847, -0.808802571173, 0.565271514545, -0.162192834944, -0.356165117443, -0.690309904272, -0.629776662938,  
396, 2834520.625921868, 87.7937643504285, 103.52829745479146, 90.68286682566244, 72.07865912778261, 0.313190509963, 0.528421038381, 0.789102598314, -0.826788486971, 0.560528423049, -0.0472089479408, -0.467260636349, -0.637635548845, 0.61244461347,  
397, 3094999.52270969, 90.4046270734223, 99.1793875683177, 90.89220473544988, 81.96414573218496, 0.519809982803, -0.837957178324, 0.166208751498, -0.765101877536, -0.543198443532, -0.345766637973, -0.380021971429, -0.0525663223047, 0.923482584021,  
398, 3381730.7470958247, 93.11439066692525, 108.58204494178817, 89.83584686958035, 82.76424052337234, -0.759090867314, 0.639353227517, 0.122509206281, 0.065697516852, -0.111990977964, 0.991535101312, 0.647661093042, 0.760713790672, 0.0430074091549,  
399, 2608582.9515728457, 85.3962265631616, 100.72198476641294, 88.26524215536264, 70.04901779920073, 0.71039018102, 0.387642287142, 0.587434462668, -0.201098225482, -0.688058914417, 0.697233414287, -0.674466674061, 0.613439799418, 0.410836120699,  
400, 3426956.5422861623, 93.5276443256313, 113.5415542944216, 97.79327024001677, 73.68111399694763, -0.959514497131, 0.264291562063, 0.0973750482338, 0.278321514868, 0.942744972189, 0.183763575756, 0.0432326746523, -0.203425385917, 0.978135495832,  
401, 2114563.91948002, 79.62401437022376, 105.95364348594332, 85.07455487610851, 56.003687969678914, 0.438630818453, 0.568090397691, 0.696330600472, 0.431054466923, -0.81289371039, 0.391657838111, 0.788539822487, 0.128363217705, -0.601438137045,  
402, 3413770.8552100314, 93.40753665431971, 113.69295175781471, 97.5022437984058, 73.51866374995346, 0.0815730134277, 0.48577757431, 0.870267770159, -0.207237674545, -0.845826124462, 0.491559470896, 0.974883782679, -0.220450256239, 0.0316748290378,  
403, 3810271.0562128504, 96.89226035519758, 103.10210286170737, 96.64936017842379, 91.28528081826137, -0.757246621672, 0.652628549918, -0.0255642288753, -0.0819036284725, -0.0560552208939, 0.995062615042, 0.647973263036, 0.755601606697, 0.0959002729321,  
404, 3122601.7058216585, 90.67258440676738, 105.39501097926569, 86.4998274555354, 81.76975353498315, -0.975007605632, -0.220943192917, 0.0233296905782, -0.134092833784, 0.668942590136, 0.731118952723, -0.177141979459, 0.709718195206, -0.681851011957,  
405, 3540662.8418401303, 94.55082471361342, 109.25396498584641, 93.27551659813038, 82.94516850851223, 0.813314908579, -0.479530314065, -0.329498918625, -0.161249412842, -0.729913234098, 0.664247918738, -0.559032634415, -0.487111228142, -0.670973296844,  
406, 3186789.077797919, 91.28965593242556, 114.23998607459455, 102.75317151872304, 64.81138970062382, -0.551083410307, 0.765999908782, -0.330985218146, -0.711933007521, -0.638504975238, -0.292340194634, -0.435268270939, 0.0745354703714, 0.897210118072,  
407, 3106143.7218468958, 90.51300408063152, 98.05574105953083, 91.08202090113645, 83.02851169470328, 0.524965895372, 0.378590023542, -0.76228629974, 0.74018563475, 0.239055112869, 0.628472655826, -0.420161914988, 0.894160079116, 0.154731115515,  
408, 3449658.443094332, 93.73371482872933, 102.42920551147976, 92.34317158688597, 87.06806581575113, -0.113344876649, 0.517221845442, 0.848312738048, 0.731911250005, -0.533938821553, 0.42333822997, 0.671906884214, 0.668872855957, -0.31804125756,  
409, 1688781.9165482102, 73.87457354815015, 106.23670225934578, 80.68600577375256, 47.03402682512114, 0.330967091139, -0.943429018412, -0.0200616998666, 0.17710513658, 0.0412206250048, 0.983328343267, 0.926873537857, 0.3290023515, -0.180728795512,  
410, 3302556.6391849783, 92.38197055784656, 104.77100728348782, 90.2771462536221, 83.35712431872783, 0.274592070526, 0.045018947356, 0.960506371235, 0.845930075422, 0.463611032204, -0.263566155483, 0.457166821085, -0.884894403416, -0.0892210317195,  
411, 2901701.520832287, 88.48195491627646, 98.23726325572139, 92.16472012243982, 76.51087422045934, -0.525449543084, 0.739788082948, -0.420257504395, -0.281826395166, 0.31472164473, 0.906379704829, -0.802793037252, -0.594696459268, -0.0431214641815,  
412, 2215491.605534367, 80.87118990348823, 99.95232490293634, 78.42938139809242, 67.46986010016339, 0.507650133709, -0.458083951139, 0.729692014109, 0.550037665562, 0.82419742919, 0.134748521998, -0.663136417495, 0.33295298681, 0.670367362247,  
413, 2804048.8397089005, 87.47802878079803, 102.34607110069136, 90.90303130321625, 71.9527543313642, -0.979289754816, -0.112210656126, -0.168524018361, -0.0799381117442, -0.550449885188, 0.831032383356, -0.186014715557, 0.827292990752, 0.530080025136,  
414, 3301460.632492114, 92.37174994476997, 107.55755187349226, 88.7786107239391, 82.54072144060366, -0.998472825664, -0.0339706463876, -0.0435661748999, -0.0534993984487, 0.397895256157, 0.915869630184, 0.0137779090225, -0.916801701739, 0.39910500988,  
415, 2681738.0918215946, 86.1871626925907, 109.22178528733303, 78.37762532961484, 74.78704597988617, -0.123421068808, -0.271226210002, 0.954569841752, -0.92914293795, 0.369409290654, -0.0151715799093, 0.348512038003, 0.888804319851, 0.297600807091,  
416, 3032787.7292817594, 89.79478914541498, 101.96887275715947, 86.144375900174, 82.42498137626423, 0.831837009208, 0.41417296176, 0.369469819957, 0.325071128779, -0.903125982939, 0.280521336399, 0.449862147048, -0.113244058066, -0.885889288775,  
417, 2923131.1693436257, 88.69923989577643, 99.28986196909898, 93.24086791086742, 75.37867170358008, 0.796063910264, 0.473333603366, -0.377143938967, 0.582592914784, -0.430553521643, 0.689354161984, -0.163913838399, 0.768491356441, 0.618508923667,  
418, 815691.9760141067, 57.962333355227436, 121.64813530826217, 83.1907201883773, 19.242311489698533, 0.69826865941, -0.0144964548754, -0.71568899117, 0.606743257953, 0.54251067166, 0.580986049801, -0.379846677245, 0.839923820314, -0.387613825675,  
419, 2500222.201785898, 84.19700939701396, 102.12992782913696, 83.2685218256126, 70.18690918966384, -0.971698640608, -0.134829677916, 0.193965743864, -0.0571772398575, 0.930936793809, 0.360676377346, -0.229199727491, 0.339378319706, -0.91229920587,  
420, 3713900.9707661215, 96.06840272800969, 105.74836720036613, 94.2953800303513, 88.9155305990781, 0.297521959475, 0.327433184982, -0.896810009424, 0.902926272654, 0.208672458031, 0.375739206645, -0.310169034208, 0.9215439841, 0.233563386657,  
421, 2668609.3240185245, 86.04628604696771, 104.37572674364316, 84.38334908929399, 72.33360651210035, 0.70125793675, 0.320891953861, -0.636604791132, -0.476811721462, 0.874963844848, -0.0841953234196, 0.529988573859, 0.362583265136, 0.766580385493,  
422, 3656970.5213700924, 95.57499487630959, 103.53870618596174, 97.04920262213858, 86.88366751697099, -0.603485863867, -0.703172243906, 0.375970221578, -0.796891800458, 0.515478328475, -0.315032619319, -0.0277176924549, 0.489725319208, 0.871436079842,  
423, 3227512.447925771, 91.67686891642668, 108.86077879158856, 87.29551877556867, 81.08040875698963, 0.552667771729, 0.776584939852, 0.302446962767, 0.705271449116, -0.629161401844, 0.326723298055, -0.444016347846, -0.0327377706035, 0.895420415906,  
424, 1868047.2086458635, 76.40112367214617, 116.8038693782723, 79.70099450890345, 47.90471575102663, 0.664219560817, -0.733873537267, -0.142274405032, -0.606531643494, -0.417828821374, -0.676415879079, -0.436957366877, -0.535582586843, 0.722647598905,  
425, 3365114.3622919745, 92.96163204158339, 104.3445006915757, 95.45263431485164, 80.65916745947122, -0.4935671595, 0.239594897865, -0.836053672907, -0.249298329013, 0.881988632266, 0.399932989018, -0.833211739125, -0.405820573, 0.375590016261,  
426, 1919726.1989991057, 77.09926316236628, 116.46484431255132, 96.00181845241106, 40.989854113596564, 0.319139387145, 0.385395294755, 0.865806282232, -0.399178554002, 0.88324971543, -0.246021182458, -0.859538558528, -0.267096250393, 0.435721309358,  
427, 2676623.318727274, 86.13233403037599, 125.55079661204371, 77.64288629706255, 65.55072566263406, 0.675489686962, -0.0823715208801, -0.732754130221, -0.309307085556, -0.933738677413, -0.180169945128, -0.669360000024, 0.348348984282, -0.656208941967,  
428, 3044423.395602836, 89.90947887877068, 105.99467828262118, 88.16135159660591, 77.77752886605859, -0.30739883418, 0.890546796604, -0.335309349411, 0.0750990868503, 0.373975801918, 0.924392896302, 0.948612715442, 0.258975872695, -0.181838976744,  
429, 3506173.006186258, 94.24281376509033, 114.03381738849043, 93.69337894514942, 78.34335535948503, -0.262375497583, -0.961658633196, 0.0798233767036, -0.960651135003, 0.26812099487, 0.0725295038471, 0.0911509467116, 0.0576524527687, 0.994166836906,  
430, 3446964.384387324, 93.70930759144413, 106.39407239100258, 101.07257052782693, 76.52396128048066, 0.608089350146, 0.792072405735, -0.0533727113126, 0.30515411355, -0.17114792643, 0.936797392323, -0.732876735354, 0.585943419924, 0.345777384201,  
431, 3040091.6845108806, 89.86681653128745, 96.76656105979997, 90.6525563975787, 82.73565497475397, 0.276698507065, 0.223561780558, 0.934589785126, 0.842855305843, 0.410667635588, -0.347774390221, -0.461554839213, 0.883952613749, -0.0747991112595,  
