# Void_ID, Void_Volume, r = (a*b*c)**(1/3.0), a, b, c, vector_a, vector_b, vector_c 

8, 2835353.1854748437, 87.80235914670793, 159.94879385424974, 97.91053155385669, 43.222330245920425, -0.922789725991, 0.377859670215, 0.0753736773037, 0.384995084074, 0.896404591888, 0.219630582754, -0.015424229126, -0.231691340509, 0.972667063228,  
11, 1039245.7815894107, 62.836196191078145, 124.6255106870807, 70.41288082552902, 28.27291561411469, -0.942623028956, 0.306712763889, 0.131867758566, -0.0605723076475, -0.545540272237, 0.835892820231, 0.328318170115, 0.779944287648, 0.532817123728,  
20, 2832164.43564588, 87.76943146965203, 126.46467527620037, 101.16717558634616, 52.84708013180702, 0.923333110949, -0.199639988007, -0.328024147607, -0.131760621004, -0.967082148924, 0.217695328351, 0.360686990308, 0.157784639373, 0.919243657906,  
58, 745903.7881797896, 56.259784958072245, 137.5945041701017, 51.23231398056661, 25.26091887197634, -0.0739596796313, 0.769753566512, -0.634042122127, 0.997183213194, 0.0650352647783, -0.0373638014616, -0.0124741778597, 0.635019575429, 0.772395322169,  
71, 3723515.8281081, 96.15123459272513, 132.7006840868425, 92.6663189534383, 72.28855135914321, 0.0472656805677, 0.997578155302, -0.0510272427733, -0.454268111888, 0.0669632495965, 0.88834475612, 0.889610273076, -0.0188081702473, 0.456333008635,  
80, 987609.0429034879, 61.777758911060594, 150.0557703997023, 56.25314028650946, 27.931674735659815, -0.583455264949, -0.523332972214, -0.621049558407, -0.0441352070318, -0.7431408731, 0.667677861119, -0.810945150614, 0.416970314197, 0.410492045934,  
89, 3257475.493209483, 91.95969367491428, 121.94674586479985, 104.60250311454836, 60.96495461921838, -0.420434225952, 0.831633361263, 0.362796105385, -0.516958692463, 0.109038772488, -0.849037252646, -0.74564654625, -0.544514920391, 0.384076463137,  
90, 1045685.4741173151, 62.9657173171995, 129.82769666114953, 64.74943244260142, 29.696765374505304, -0.289290795414, -0.878517919094, -0.380154049721, -0.951127342288, 0.308617216154, 0.01059210302, -0.108016732231, -0.364639108879, 0.92486253348,  
93, 1160064.330493133, 65.18252121848394, 138.38245364224898, 88.9938029003629, 22.488095234217287, -0.454802577208, 0.213645670267, -0.864586689316, -0.86585135915, -0.333307706322, 0.373105074696, 0.208461122569, -0.918292709588, -0.336574597815,  
107, 1562775.1170613295, 71.98952247434242, 107.33808985095064, 98.60472011735139, 35.24977191003158, -0.415536306718, -0.6144254251, 0.670679487378, 0.894076910634, -0.140372307572, 0.425349377733, -0.167200644945, 0.776387153588, 0.607673376143,  
116, 266922.1243221121, 39.94220053320252, 88.42281108750203, 53.560685636861756, 13.45505625270159, 0.192821103866, 0.946581635077, 0.258463208288, 0.241276755145, -0.30105767794, 0.92257780267, 0.951107538258, -0.115531306094, -0.286438419179,  
133, 2703954.516403106, 86.4245096669189, 138.6486355256314, 101.35356535291622, 45.93631382197744, -0.324482881919, 0.0970426760154, -0.940900408318, -0.249216156838, 0.950805771796, 0.184010030952, -0.912470364731, -0.294195688874, 0.284335594211,  
134, 1487762.3451798824, 70.81875992919691, 120.17524336238647, 89.43377769581168, 33.04672049617691, -0.208061953677, 0.782018202879, 0.587501279827, 0.854899428596, -0.146447149934, 0.497694885711, 0.475244348119, 0.605805878679, -0.638076834667,  
137, 1806474.226329915, 75.55230526273967, 117.86072974078208, 69.67510039558765, 52.51657944634553, 0.4613979129, -0.31386566039, 0.829819446144, -0.510555575027, 0.670998653674, 0.537674447576, -0.725565276719, -0.671750812426, 0.149351515643,  
198, 319607.37912735646, 42.41401602810803, 125.66516517493858, 30.349501262693064, 20.006067207640214, -0.646970263083, -0.481631271347, -0.591152093075, 0.228218706319, -0.862035224908, 0.452561037987, -0.727561475596, 0.157881567888, 0.667628421915,  
254, 1696624.7992353744, 73.98875742619515, 107.45065447515238, 87.59222729803082, 43.03507523776148, 0.142963676999, -0.14140035798, 0.979575074112, -0.035619909962, 0.988365490536, 0.147867775842, 0.989086755079, 0.0560320968848, -0.136263696726,  
263, 1055865.8120229605, 63.16939336441131, 120.78915263059592, 64.36140851788473, 32.424003999851365, 0.239364022682, -0.173302351793, -0.955338243508, -0.863353182372, 0.412176487487, -0.291087316197, -0.444214078046, -0.894470143731, 0.0509609148332,  
275, 1122817.1672540284, 64.47729533862245, 96.1630680229615, 82.13472672707049, 33.93792671568742, 0.663636543561, 0.729302938337, 0.166444471772, 0.703414505432, -0.53267718148, -0.470598612279, -0.254547778616, 0.429385892251, -0.866506309231,  
285, 672608.0877995577, 54.35312166183722, 144.0033400125222, 76.07675511351287, 14.657129676364999, 0.22169154673, 0.891010285204, 0.396173610642, 0.513784213222, -0.452045587994, 0.729164294668, 0.828781418923, 0.0418981865375, -0.558001703951,  
313, 3396946.656324206, 93.25383607226945, 128.49663983884108, 88.70840348785012, 71.1448688997493, 0.31459158047, 0.815737088769, 0.48539173819, -0.318610275758, -0.390945161841, 0.863509914601, 0.894158615503, -0.426303744341, 0.136914162458,  
343, 1467577.6793781163, 70.49703141711352, 120.76826940156738, 64.76542935145909, 44.793644266445206, -0.551172964514, 0.673529890221, -0.492509746267, 0.833332403223, 0.414624708675, -0.36557277893, 0.042017483595, 0.611918162776, 0.789804211902,  
345, 431515.87182221934, 46.878033856897545, 89.34087644765587, 53.411315766291736, 21.588609940759966, 0.912232609811, 0.409604838245, 0.0074526561047, 0.326331870622, -0.737532333097, 0.59123055389, -0.247667470237, 0.536907751968, 0.806468158121,  
355, 2257687.553208828, 81.3813849596476, 98.98615116145626, 76.17612737312481, 71.47956502021657, 0.216233542325, 0.226721157393, 0.949652869192, -0.426759456072, -0.852878769813, 0.300789246242, 0.878134056865, -0.470314066122, -0.0876655997611,  
356, 1787310.4062965596, 75.28419164146798, 133.35250256099442, 85.42667689446407, 37.455594253534954, 0.304487266121, -0.155591602049, 0.939722702792, 0.844651373314, 0.500130832013, -0.190874850172, 0.44028577348, -0.851857032748, -0.283704130089,  
357, 1189860.2325272958, 65.73587480249223, 119.06450076093137, 62.784557779867455, 37.99900331188368, 0.137120722543, -0.619425136604, -0.772987973769, -0.259754346663, -0.775535625268, 0.575388714983, -0.955889944941, 0.121889269764, -0.26724037696,  
403, 993665.5250545506, 61.90378504755196, 113.12076143454857, 53.15871980635663, 39.448889281777525, 0.0749560344138, 0.189801743643, -0.978957042477, 0.891389370536, 0.427310348945, 0.151098827857, -0.446997296412, 0.883957670816, 0.137157767572,  
424, 2052624.043688582, 78.83884759737505, 144.80665305607067, 107.70952944597974, 31.417972712275684, -0.838946463881, -0.186702222783, 0.511185984501, 0.497164459854, -0.644983636711, 0.580365064622, -0.221351147729, -0.741038722593, -0.633928451023,  
465, 481969.12988597166, 48.63813021425565, 126.25537457565927, 62.48182519948077, 14.585691749277093, -0.0622921848341, 0.903754393208, -0.423494605002, -0.954061645077, -0.178514042587, -0.240622347241, 0.293063237376, -0.3890510678, -0.873357432866,  
472, 1855967.02386254, 76.23607853167488, 133.53154434278562, 76.51922739322377, 43.36378655807086, 0.805719107853, 0.293421376073, -0.514510073082, 0.354678597814, 0.456685434635, 0.815868559295, 0.474362531713, -0.839846599002, 0.263889898729,  
481, 701370.2006582656, 55.117084079408855, 113.2149847793518, 66.60715976767935, 22.204135710546627, -0.840186382988, -0.505904466823, 0.195313881459, -0.536731705709, 0.724288014432, -0.432811677566, -0.0774978575804, 0.468473630633, 0.880071894491,  
516, 831621.1348411106, 58.337207480677804, 105.63533219760333, 50.85787988184757, 36.954680729054566, -0.867873301867, -0.0171395721002, 0.496489845792, -0.0917017248706, 0.987757564012, -0.126197418327, -0.488248630886, -0.15505234537, -0.858820146848,  
538, 123565.0492028351, 30.89837779840924, 102.34640085323363, 43.46129766977746, 6.631805384923473, -0.979335593589, -0.122713496948, 0.160758181117, 0.111518686194, 0.335451201517, 0.935433628875, -0.168716856771, 0.934030989351, -0.3148344536,  
545, 1389338.7852286461, 69.2213157676234, 124.84908893795735, 88.12415464538516, 30.146660424786305, -0.838756342471, -0.53400721197, -0.106414733605, -0.5345300824, 0.770270653448, 0.347794064708, 0.103756392444, -0.34859635397, 0.931512315015,  
559, 2384377.93191186, 82.87600885098304, 124.33354842246285, 87.68345721352203, 52.213221672086206, -0.104197937189, -0.484671524207, -0.868467790714, -0.994327781319, 0.0320370148244, 0.101419391529, 0.0213319755909, -0.874109342876, 0.485260552192,  
565, 155988.84539130644, 33.3939898937726, 147.80401304076156, 31.755031098474106, 7.934255215676581, -0.15028384401, -0.658283198985, 0.737616428887, -0.360979415496, 0.731114983174, 0.578934143894, -0.920385043239, -0.179259898787, -0.347501454485,  
586, 3110350.2975246254, 90.55384551024852, 118.12390283167028, 104.21113838135331, 60.32103246025277, 0.492004512423, 0.762808192504, -0.419589348296, 0.315580527619, 0.292913260733, 0.90255789414, -0.811381840038, 0.576476784559, 0.0966127658332,  
587, 1421591.1987802405, 69.7528631644724, 130.665995362287, 95.85191934351401, 27.097094256226555, -0.217627755175, -0.528251692146, 0.820724259372, -0.816036602609, -0.362840246915, -0.449923569532, 0.535464679862, -0.767656892735, -0.352108607758,  
595, 380592.6346426276, 44.956303040786146, 129.9213706612626, 47.25839276621756, 14.79831368603535, -0.181398873064, 0.466520857993, -0.86570938421, 0.978066182896, 0.177230525434, -0.109434376361, -0.102376709883, 0.866572345458, 0.488437692405,  
609, 2197560.542513705, 80.65242186927354, 148.18327711592045, 78.25114169505832, 45.24414250235789, -0.319806111642, 0.434796099454, 0.841829200525, 0.94623249363, 0.1921974349, 0.260200334391, 0.0486633224944, -0.879779800812, 0.47288411173,  
613, 1380661.2985874244, 69.0769012809609, 122.2418619463941, 74.45361166183783, 36.21536077172082, 0.295762071893, 0.499347697545, 0.814356601119, -0.604738424136, -0.562044777333, 0.564266875375, 0.739470239566, -0.659361467807, 0.135743211869,  
624, 2760091.952174681, 87.01851089647633, 147.08500313191954, 98.98005626459134, 45.26044827610054, -0.89352452536, -0.0541599007129, 0.445736051644, -0.448937956709, 0.126073944001, -0.884624254512, 0.00828454022185, 0.990541299391, 0.136964596136,  
643, 430947.65845474676, 46.857448730998286, 110.12383062493885, 48.30482448495679, 19.340339694865143, 0.241508193726, 0.954716434478, 0.173753624714, -0.395678758497, -0.066609814319, 0.915970224795, 0.886065523783, -0.289964933008, 0.361674197571,  
652, 1632525.2382262887, 73.04498959891797, 94.37514674716475, 73.2501667748635, 56.377399177278214, -0.776789982395, -0.619010096902, -0.115861223813, 0.0332226281099, -0.224000320969, 0.97402264511, -0.628882803257, 0.752761818996, 0.194566347627,  
688, 1749662.8120954698, 74.75184518712027, 96.33323705992704, 92.14020562500407, 47.058753665449345, 0.71617903324, 0.623134922328, -0.314309498619, -0.423282399778, 0.745887961291, 0.514279261919, -0.55490503907, 0.235274345768, -0.797951364331,  
691, 1283453.9640679283, 67.41614196570599, 107.88352866449266, 84.0758869046426, 33.780423199586714, 0.145986481128, -0.531491722801, 0.834388695946, 0.690916685399, -0.548870329307, -0.470505574296, 0.708041016584, 0.64518052528, 0.287088851464,  
714, 919198.107198754, 60.31706081737021, 132.71454433805098, 51.56333230882052, 32.06719817070383, 0.797361834947, -0.167084900791, -0.579910976011, -0.457871491501, -0.793471605575, -0.400944520373, 0.393151117817, -0.585222562001, 0.709187388132,  
715, 545408.698132844, 50.68480930030818, 102.32418387273773, 42.784467431321545, 29.741922020195666, 0.325651802428, 0.915806574528, 0.235051529727, 0.847239114381, -0.393000916107, 0.357401962785, -0.419686533783, -0.0827562565074, 0.903888607833,  
721, 1218312.673797706, 66.25572098402989, 110.32281689548451, 64.81390797309197, 40.6758467473698, -0.245587882701, -0.969168353637, -0.0199823466769, 0.128876111091, -0.0530740797032, 0.990239410473, -0.960769243815, 0.240615553054, 0.13793699927,  
745, 208896.58600707853, 36.808454064283694, 83.46660742711843, 50.994499568793614, 11.716735803092794, -0.967255618986, 0.208728369565, 0.144391950186, -0.111733418162, -0.861008830125, 0.496164728404, 0.227886398904, 0.463784715343, 0.856137563134,  
753, 559789.6168442668, 51.126423110214176, 104.64460271444867, 64.13228195532335, 19.913275520401232, 0.716423977549, -0.685375538201, 0.130372758, 0.344386588936, 0.50993281808, 0.788267973729, -0.606740934629, -0.519835447695, 0.601362241553,  
784, 535583.2602572083, 50.37860393998136, 117.97752510437486, 91.83077438632289, 11.801870835659567, -0.770111427474, -0.0116566938371, 0.637802877669, -0.601611643068, -0.319185115799, -0.732246060268, -0.212112753503, 0.947620695923, -0.238795302424,  
842, 1080358.8396575924, 63.65411339843081, 145.73552920749214, 57.096871970861834, 30.99571520426216, -0.424574969216, -0.596305407705, 0.681289920854, -0.062765388089, 0.770054794605, 0.634882760329, -0.903214593313, 0.226793902139, -0.364373331049,  
898, 680285.4438281744, 54.55914087776263, 122.59102805122002, 58.57632413370058, 22.616310986394616, 0.683737081525, 0.625315564286, 0.376143653952, 0.323588848016, -0.721818996906, 0.611774135728, 0.654059523887, -0.296576770444, -0.695879557428,  
949, 1066492.1128050082, 63.38060000811395, 138.8295862760219, 93.11374500203584, 19.695781383469328, -0.764608978286, -0.321115594551, 0.558800398408, -0.601200637585, 0.0429520728628, -0.797942925781, -0.232230281602, 0.946065481018, 0.225896440729,  
960, 1484170.670677179, 70.76172508179378, 98.20768830595439, 71.59301713992235, 50.394029065746814, -0.978019071061, 0.113342794506, -0.17502030618, 0.0198646642241, 0.886192149323, 0.462891855182, 0.207567077729, 0.449240342592, -0.868964339217,  
968, 640781.2520191091, 53.48192891857385, 159.2128284759779, 50.39488826884076, 19.065870676667878, -0.982219943909, 0.0521168090685, 0.180354706066, -0.0269771748651, -0.98990622192, 0.139132684298, 0.18578539723, 0.131793436924, 0.973711598041,  
974, 484606.13612878334, 48.726673814639014, 103.659573874049, 43.495350950472705, 25.65949122935037, -0.282111026965, -0.746026649502, -0.603206106316, -0.958967514841, 0.200803465579, 0.200148129371, 0.0281899617521, -0.634919055033, 0.772064193971,  
1019, 1026577.8817847519, 62.57983751619866, 108.45299533912878, 71.02368083411935, 31.81695152949779, 0.45077819589, -0.88755135432, 0.095139957723, 0.260701635568, 0.232839715661, 0.936920660474, -0.853717561798, -0.397540262434, 0.336345156678,  
1021, 1138341.129103275, 64.77308858395224, 125.76754250797744, 57.26587139810512, 37.732829194086804, -0.984843270424, -0.0597934803483, 0.162814226675, -0.170992610646, 0.492054383858, -0.853606472814, 0.0290733521322, 0.868508620011, 0.49482069193,  
1026, 1932414.2774613015, 77.26874813203396, 118.09470655216951, 85.9090687233406, 45.471804151398686, -0.769264570652, -0.598508152649, -0.223651540464, -0.63580582855, 0.682497300464, 0.360483540875, 0.0631107654979, -0.419506169289, 0.905555964701,  
1040, 4676284.8409481505, 103.73789929190205, 121.59225151170331, 102.71444404131559, 89.38711644631945, -0.275104406969, -0.676585551013, -0.683044330498, 0.182758189544, -0.734305749695, 0.653754166426, -0.9438840021, 0.0550187070379, 0.325662298179,  
1055, 164129.02751268068, 33.96505031775203, 106.34566055436365, 56.469811888530856, 6.524701874437922, 0.485864425894, 0.87197061835, -0.0600249980012, -0.270541089363, 0.215338341899, 0.938316000862, 0.831109667022, -0.439655136717, 0.340529120841,  
1074, 910019.7662488582, 60.115630365746874, 90.20066714202459, 64.50889309742969, 37.33643748302592, 0.463030607047, -0.125200205747, -0.877455164335, -0.744807769647, 0.481699954914, -0.46176459339, -0.480483135199, -0.867346563904, -0.129791736537,  
1097, 2208621.8176020845, 80.78751499831247, 117.99105066725792, 80.40245147141964, 55.5794685444725, 0.196440311736, 0.0979909288442, 0.975606981212, -0.813797895025, 0.57131049934, 0.10647675519, 0.546940755455, 0.814863234664, -0.191973224214,  
1098, 555371.2925477774, 50.991556937642116, 126.06878168649615, 59.288678157405, 17.738442888342515, -0.27696111734, -0.490936509335, 0.825998718694, -0.936037684642, 0.332056685442, -0.116498114078, 0.217085219239, 0.805431376006, 0.551501864124,  
1102, 1165960.3814553209, 65.29276516078022, 120.56640465759249, 57.66661556084137, 40.035421994306, 0.0684868150765, 0.703705321311, 0.707183411089, -0.770687670699, -0.4128095439, 0.485416104695, 0.633521957309, -0.578262138846, 0.514065004045,  
1124, 465464.6027883729, 48.076482316303256, 105.77963550966005, 47.55325374439158, 22.09101884541194, -0.849596550064, -0.304648584122, -0.430551904317, -0.04083617763, -0.775870609852, 0.629569061633, -0.525849891809, 0.552461796834, 0.64673630973,  
1131, 515883.1383172612, 49.753187312127956, 86.32094320452575, 71.46857602657437, 19.963257913744325, -0.0432541555649, -0.729589134993, 0.682516499527, -0.912284860422, -0.249643005252, -0.324676305532, 0.407265774982, -0.636693068934, -0.654795024797,  
1185, 4740727.808329214, 104.21225747813007, 131.30954954194272, 104.39156029087762, 82.56475777959483, 0.312752248468, -0.640233671325, -0.701631582229, -0.479789400484, -0.744006284315, 0.465034170877, -0.819748840964, 0.191194913642, -0.539866967628,  
1203, 776991.5902702092, 57.03077014120237, 83.67494928075773, 75.79944510884584, 29.245983106287724, 0.589510872102, -0.0990084986215, -0.801669663187, 0.0531046296509, -0.985562156012, 0.160770441769, 0.806012921722, 0.137348293901, 0.57574179645,  
1213, 1615339.3314993281, 72.7877653148265, 103.2213729865043, 75.33755186399037, 49.5899903166436, 0.694905994104, -0.575022096531, 0.43180464085, -0.18626010544, 0.436055966519, 0.880433056618, -0.694559452084, -0.692246186385, 0.195914228569,  
1250, 590817.0805172181, 52.05408429064554, 127.63378637413587, 37.71238570892604, 29.303181346225603, -0.452355863136, 0.668173530749, 0.590693072494, -0.377051300394, -0.743511401583, 0.552288975617, 0.808211909067, 0.0271095651482, 0.588267440472,  
1273, 756546.8895832209, 56.52610751951553, 107.91583444609122, 82.22483642374242, 20.3544348915611, -0.568116336271, 0.358664887826, 0.740677613205, 0.422182808995, -0.645545419502, 0.636421862564, -0.706403216479, -0.674263012185, -0.215322748793,  
1274, 3230645.8233633973, 91.70652696258865, 134.0640011905019, 82.28011098520184, 69.91875616717347, 0.799423763011, -0.500281021872, -0.332626737181, -0.453482942645, -0.865660844449, 0.212095551859, 0.394049321613, 0.0187136726055, 0.918898759709,  
1296, 2593592.046671268, 85.23232827488452, 113.08016877965922, 96.38292569649559, 56.81022420546639, 0.0307814601658, -0.855109437206, 0.517532947851, 0.826923699755, -0.26906880354, -0.49376023913, 0.561471011268, 0.443158921114, 0.698827928852,  
1342, 1649577.4254476377, 73.29843438510663, 104.1381635943587, 69.90209564842748, 54.09834565312626, -0.640009575601, -0.768340565183, -0.00636545630224, -0.742410104597, 0.616232571125, 0.262839599141, 0.198027724653, -0.172945639376, 0.964818545681,  
1346, 2168610.3501928058, 80.29668923508814, 115.70851028723295, 75.45247844389586, 59.29991963015245, -0.262924170199, 0.595683598701, 0.758967674518, 0.928557974015, -0.057397038868, 0.366722877419, -0.262013300461, -0.801165794432, 0.538035686748,  
1360, 1285648.702217876, 67.45454784130878, 113.44520000086226, 80.79170731619622, 33.487351094828824, 0.820290353007, 0.567007824404, -0.0750057586286, 0.446792607488, -0.717131089463, -0.534882572552, 0.357071565176, -0.405246995782, 0.841590618859,  
1364, 1099163.4284193984, 64.02130958265137, 101.58385804727378, 55.881551746603876, 46.22538112344359, 0.19217188559, 0.399785937383, 0.896237229008, 0.811017924993, -0.578910441436, 0.0843363867851, -0.552557591323, -0.710657375299, 0.435483872497,  
1386, 3595517.1763430894, 95.03660629456112, 140.9260954593848, 85.61421214006863, 71.143540551039, -0.050286042435, -0.407314671214, 0.911902446838, 0.981310755948, -0.189959417128, -0.030734672676, -0.185743140375, -0.893314154404, -0.409254575229,  
1401, 1419680.2426628151, 69.7215943459147, 125.07547236847371, 95.12317792137215, 28.486784250535827, -0.502270513374, -0.109300161025, -0.857774915811, -0.198915852507, 0.979980601449, -0.00839669014549, -0.841520537489, -0.166407618767, 0.513956894496,  
1414, 1193851.9475236647, 65.80930247236921, 119.66672760776778, 67.62284635613572, 35.220458143014035, 0.60832587666, 0.597623203016, -0.522289321165, 0.401558516157, 0.335870047576, 0.852022340812, 0.684609659505, -0.72803696222, -0.0356622454882,  
1416, 174689.3863794355, 34.678420094135554, 100.53612559529647, 56.02400854860439, 7.404258725043844, 0.111187325547, -0.693563373959, 0.711763461369, -0.813579144449, -0.474830459336, -0.335596499691, 0.570724411915, -0.541761830687, -0.617063825268,  
1419, 859370.1260563248, 58.9789741473755, 97.85982702017212, 70.38427658222149, 29.785956307175375, 0.57072323822, 0.275389189713, -0.773586310339, -0.763871005768, 0.523722113714, -0.377115677417, -0.301290676759, -0.806148833527, -0.50926219799,  
1425, 1176821.6698952822, 65.49487976231109, 111.56729817210618, 77.25083543298878, 32.597323826555396, 0.893063218417, -0.446583026658, 0.0547876647729, 0.280803169556, 0.648358597983, 0.707658610057, -0.351550377439, -0.616599325918, 0.704427145559,  
1460, 3008540.108847389, 89.55484065382788, 113.33457960994853, 90.01278319272362, 70.4045242445067, -0.837137651793, 0.545676868928, 0.0379118275337, -0.105300437264, -0.228781431859, 0.967765919192, 0.536760998828, 0.806161157061, 0.248981563543,  
1501, 2553211.596814853, 84.78767628206177, 116.04565617130984, 86.85002077583475, 60.47827338082216, 0.412163661621, 0.666655713418, 0.621040478396, 0.805291382238, 0.0522842880985, -0.590569337936, 0.426177082598, -0.743529766039, 0.515302417307,  
1504, 1622806.5545875686, 72.89975150915494, 106.04613856000425, 82.12523809402285, 44.484287914660314, 0.523443866242, 0.583642690019, 0.620779936275, -0.22282155575, -0.609446705358, 0.760871387043, -0.822409310008, 0.536596611726, 0.188962967529,  
1510, 1794009.5827810094, 75.37813415051914, 135.12953286772367, 63.43620293685094, 49.963021460095604, 0.713990995015, 0.381471739376, 0.587108312916, 0.401082025836, -0.910163362067, 0.103614009198, 0.573890292294, 0.161499122004, -0.802849902536,  
1609, 1922253.4341387255, 77.13308092359283, 143.65339670620648, 97.81889173174596, 32.657534829249265, -0.951875797158, -0.304365471639, 0.0359739691906, -0.262677813347, 0.749710811193, -0.607399428676, -0.157901339958, 0.587618378929, 0.79358163259,  
1618, 728096.0417265563, 55.80845764171241, 122.70587049918154, 90.6879336114542, 15.620150488463029, -0.601313280726, 0.790900701102, 0.113571208584, 0.582761651802, 0.336872797253, 0.739530645518, -0.546636255303, -0.510874543766, 0.663472685889,  
1623, 2070141.6907916493, 79.06248991927053, 123.94244301092223, 110.38689085180013, 36.12217639021064, -0.101480475686, -0.903468476451, 0.416468996582, 0.837640183518, -0.303447782715, -0.454178782113, 0.536712805894, 0.302760887871, 0.787575525753,  
1632, 1971158.9243350127, 77.78174409921347, 122.88471008312511, 65.93652364650356, 58.07766346914209, 0.156598484072, -0.961143688329, 0.22733175135, -0.898638724445, -0.234157236141, -0.370970122368, -0.409786966256, 0.14619575626, 0.900389606303,  
1670, 1117736.9461614985, 64.37990513485856, 116.93630523336691, 85.77485411238496, 26.603675482685365, -0.129602213737, 0.278731361647, 0.951583992209, -0.929974216823, -0.367127058245, -0.0191227390598, 0.344022124636, -0.887426927211, 0.306793459223,  
1679, 1303462.7822095458, 67.76467222249687, 109.43061703240842, 67.55784475678907, 42.09159584691237, 0.718744067601, -0.294577227876, -0.629786648085, -0.444694818694, -0.891076517363, -0.0907147090105, -0.534465605549, 0.345263518232, -0.771452927575,  
1700, 895016.1372481259, 59.78341948730757, 91.40857023289522, 53.106083234937664, 44.016050231875724, -0.457402007328, -0.671903606192, 0.58251948266, 0.149899831182, 0.587430053436, 0.795271005967, -0.876534907635, 0.45107812661, -0.167973448468,  
1722, 2227482.926933398, 81.01683223384929, 110.12941706814614, 76.52467091259018, 63.09878018175849, -0.684224544174, 0.245316643795, -0.686772536891, 0.721676947221, 0.0922137715415, -0.686060496012, 0.104972172504, 0.965047338018, 0.240134292396,  
1727, 1582287.3362121128, 72.28789542613413, 133.5991972836775, 96.63539771592981, 29.258809802549486, -0.979271199173, 0.0882876833299, 0.182299762598, 0.198482967155, 0.597785095452, 0.776696524651, 0.0404033441738, -0.79677993488, 0.602917328622,  
1750, 2003847.4467636498, 78.20935101032795, 124.6834113848639, 99.23125963224985, 38.66507578336063, 0.415497806344, -0.90915921451, 0.0281264216625, -0.772850797671, -0.336559509614, 0.537986376247, -0.479649056564, -0.245269686591, -0.842484162093,  
1796, 1748371.2086037754, 74.73344668750599, 110.29222027947968, 71.54393558522058, 52.896547927176684, -0.744588821079, 0.514086915584, 0.425795879206, 0.0937887472374, -0.550977052026, 0.829233356199, 0.660901776677, 0.657372749181, 0.362035785826,  
1822, 759273.3639923465, 56.593929805138515, 127.78427060754768, 56.624021918109435, 25.051367822455067, 0.234142328529, 0.575536516253, 0.783540100091, 0.727514527698, 0.430892048935, -0.533905098451, 0.644903079524, -0.695046588815, 0.317821109113,  
1838, 1949107.6636353927, 77.49060886158283, 88.15177186810755, 84.77718328159226, 62.26402482421075, 0.795595314118, -0.246118668485, -0.553582601945, 0.47020151631, 0.827047631144, 0.308062899227, -0.382019149013, 0.505388777916, -0.773720591004,  
1841, 1400851.9754793192, 69.41199804303255, 102.77893026257826, 68.14477931107649, 47.74929403789501, -0.2340314047, -0.892889004427, -0.384679772522, -0.943497595377, 0.304060190453, -0.131756169111, -0.234609439562, -0.33210935903, 0.913598262101,  
1848, 2190557.629722417, 80.56665966810888, 114.67795940258148, 77.88745617961756, 58.54888078078943, 0.338410963563, -0.627983456294, -0.700795832152, 0.613351269734, -0.417590049512, 0.670387030352, -0.713637330621, -0.656700334376, 0.24385739926,  
1854, 885470.6700285535, 59.57012668439909, 97.86603388789027, 68.24854009472364, 31.649016354071886, -0.958616007858, -0.224477701717, -0.175114565103, 0.0409724051697, -0.717451604319, 0.695402370916, -0.281738551664, 0.659448979749, 0.696957984109,  
1856, 2645767.504358408, 85.80007937018566, 108.75018518647508, 95.78280529879407, 60.63808968984473, 0.18639933101, 0.313789644253, 0.931016298761, -0.829691135989, -0.45724235132, 0.3202218778, 0.526182390679, -0.832145114339, 0.175118818006,  
1859, 1731682.5210279457, 74.49490226105127, 112.10370177351517, 84.4354805965471, 43.6751827346998, 0.758517762795, 0.625869960189, 0.18148717987, 0.345591276327, -0.622462139905, 0.702216173348, -0.552464906805, 0.469923054678, 0.688443788142,  
1869, 2756271.5676530697, 86.97834343342636, 134.0584285967552, 86.65449399193892, 56.6432522316391, -0.992609130735, 0.103554396222, -0.0632740120776, -0.0835755225924, -0.205278879039, 0.975128562726, 0.0879900312806, 0.973209673628, 0.212416302462,  
1882, 1745443.5299012815, 74.69170921997875, 160.1963599054853, 71.8011332997162, 36.22707337697328, -0.555457517658, -0.76411202711, -0.32802401757, -0.776910000317, 0.617506520603, -0.122868012198, -0.296441895632, -0.186597178539, 0.936644914295,  
1951, 826236.8222235973, 58.21103379882212, 122.00361169867595, 83.9901772659191, 19.249291593994254, -0.616028933826, -0.458077171352, 0.640838246187, 0.121763324663, 0.748379640783, 0.65199816413, -0.778255771232, 0.479680329332, -0.405246512873,  
1952, 1645927.1991386833, 73.24432891868257, 127.34329776086481, 71.66433129280098, 43.05691082227378, -0.0535885416642, 0.360021758633, 0.931403565332, -0.513278190135, -0.810020334154, 0.283571080662, 0.85654758638, -0.462872975628, 0.228199125106,  
1968, 417894.92133938114, 46.379510566279606, 109.69453778492863, 75.28840675967449, 12.079956617653242, 0.37727484104, -0.915864826078, -0.137314655705, -0.798086548333, -0.396748589495, 0.453484749583, 0.469810127274, 0.0614994072053, 0.880622658818,  
1983, 1159607.5369556337, 65.1739645483518, 120.40834908842581, 54.39343046009078, 42.268746489840446, -0.555500091739, 0.824476832521, -0.107970369614, -0.317990354205, -0.090659547389, 0.943749427073, 0.768310993486, 0.558586429394, 0.312537066899,  
1990, 2895030.1740535125, 88.41409280572795, 132.4637082396308, 90.27068465887561, 57.799068623669854, 0.548937411842, -0.336874654603, 0.764972669425, -0.322492972147, 0.758971860946, 0.565650066037, -0.771145901109, -0.557204793032, 0.307988340404,  
2003, 1586182.593722131, 72.34716599668008, 98.04279369754416, 91.98099716131985, 41.99047420173003, -0.362702236689, 0.347642248483, 0.864634000355, 0.883507917616, 0.423389160359, 0.200388069506, -0.296413304376, 0.83659218617, -0.460708874485,  
2008, 573529.0077204967, 51.54132666451495, 115.21735432855199, 75.79433414560268, 15.678775387179936, 0.489786357103, -0.288652161527, 0.822672020943, -0.525901880294, -0.85041796675, 0.0147137395353, 0.695367914632, -0.439851351566, -0.568325832447,  
2013, 2680863.9843972903, 86.17779749447519, 107.42179380009485, 88.3765450048642, 67.41503301094185, -0.975888341007, 0.218168900053, -0.00665409169701, 0.185143303002, 0.843538361194, 0.504147786416, 0.115602349632, 0.490759986392, -0.863591762649,  
2019, 560689.2075130785, 51.153795440026705, 93.98177117387586, 60.10397428632074, 23.696640057340797, -0.900098959242, 0.302760366041, 0.313301810282, 0.417678927526, 0.395035967275, 0.818224234584, -0.123960385092, -0.867342346086, 0.482028087993,  
2041, 799102.1805983079, 57.5666868998546, 132.54315526934016, 57.42505417216577, 25.064265823985277, -0.89838053778, 0.387088932126, -0.207544134976, 0.41429010116, 0.903745796944, -0.107736932323, -0.145863365582, 0.182772243874, 0.972274747924,  
2042, 2063235.239511012, 78.97446863335912, 128.5030560793108, 95.14393074519046, 40.28706150060525, -0.394899135444, -0.520394369233, -0.757129033452, -0.913933475793, 0.306569815596, 0.265970957042, -0.0937031197434, -0.796997270156, 0.596669989788,  
2044, 2442902.3728397787, 83.54859815467167, 126.03194741133673, 88.00549963375121, 52.58078217437271, 0.185475538727, -0.567489000774, 0.802218834567, -0.946207115503, 0.11712359311, 0.301619227685, 0.265124346499, 0.815008158203, 0.515238568973,  
2047, 1371442.6113906628, 68.92281547447959, 121.44881288093094, 90.73618618526746, 29.710860799169524, -0.911010959408, -0.370081852024, -0.181929806905, -0.129534767458, -0.162030791462, 0.978246782074, -0.391509611449, 0.914759774706, 0.0996733601414,  
2048, 1410368.2098544922, 69.56881945107847, 101.18123397036761, 87.56939708972219, 38.0006976399709, -0.323225138264, 0.333125663227, 0.885749853228, 0.284881470881, 0.926825547392, -0.244615928038, -0.902423435834, 0.173267703858, -0.394474644631,  
2049, 1147912.700157606, 64.95412705758328, 122.16150663430513, 50.32218050513454, 44.57859946127728, 0.694392817876, -0.0467367299643, 0.718076801292, -0.546651102318, 0.614682316032, 0.568628369581, 0.467964941866, 0.787388930853, -0.401282300574,  
2074, 279435.88705080556, 40.556878685795496, 80.80140617005237, 60.46039414318137, 13.655376483512857, 0.0551610538595, -0.429645619657, 0.901311211317, 0.140842912908, -0.89031184377, -0.433022048776, 0.98849407283, 0.150829248993, 0.0114020010246,  
2088, 1590824.041487013, 72.41766409957604, 107.31568973184217, 80.25074099591308, 44.09824074190057, -0.749377505414, -0.0729001607433, 0.658117710553, -0.652471231276, -0.0879598231322, -0.752691412115, -0.112759242354, 0.993452885686, -0.018349855195,  
2102, 2353807.890078944, 82.52030066408757, 97.35773346542857, 94.22512350725736, 61.255520549572246, -0.930733620093, -0.125386703719, -0.343530352311, -0.365605058103, 0.297877228302, 0.881817497189, 0.00823832007058, -0.946333625837, 0.323086364139,  
2110, 802641.9322527215, 57.65156200028746, 121.10124291292153, 72.06506685559138, 21.956334627372566, -0.36812855492, 0.860588233225, 0.35195064979, -0.223291885494, -0.449284993405, 0.865033946486, 0.902564181056, 0.239855972484, 0.3575570046,  
2129, 162394.94867610538, 33.84500913625479, 95.3076047229974, 62.11822255708021, 6.548432144203979, -0.864333107999, -0.499056165358, 0.062219146851, -0.165495143597, 0.399065541701, 0.901863654258, -0.474910134513, 0.769213648634, -0.427516931703,  
2152, 815725.5091414854, 57.96312762223455, 115.16604586324283, 70.66752963122721, 23.928257230547334, 0.586455991243, -0.800087627385, 0.126210771492, -0.729426822655, -0.453937388376, 0.511739541002, 0.352144687203, 0.392174241811, 0.849819676952,  
2173, 2984733.6533350484, 89.31800024426717, 107.93520354910089, 86.57588646142082, 76.25299586603987, -0.100338656097, 0.933382336955, -0.344571570436, 0.671049276223, 0.319179549552, 0.66919151521, 0.734591738977, -0.16407872564, -0.658371588709,  
2178, 1367300.2121461018, 68.85335242549924, 120.39563376446692, 109.45002268974447, 24.771293141038026, -0.369355334129, -0.8911681366, -0.263431185433, 0.424539031459, -0.413981291258, 0.805224255258, -0.826645781407, 0.185577053529, 0.531241855735,  
2192, 1518952.1266560613, 71.31022810451053, 117.57830245176838, 84.57688285698758, 36.465033457284314, 0.125610193362, -0.808298494226, 0.575217892242, 0.970253862878, -0.0208618028384, -0.241189192859, 0.206952943668, 0.588403203096, 0.781634281293,  
2198, 2124127.413058069, 79.7438718085474, 126.74752831816772, 83.16402985637458, 48.10795874215791, -0.461147256732, 0.149779947302, 0.874590861486, 0.16174666446, -0.954946933634, 0.248825984332, 0.872457004181, 0.256207574691, 0.416144751891,  
2199, 2610981.4529398875, 85.42239149972346, 139.8573070044149, 78.37847574468486, 56.86344962788867, -0.139679976435, -0.704400577651, 0.695923365313, 0.0356250924043, 0.698783321304, 0.714445745076, -0.989555636119, 0.124586099032, -0.0725117021845,  
2205, 3095937.537173119, 90.41375925385218, 137.37700334619166, 86.0444025104621, 62.52690304942608, 0.853874616699, -0.385368459019, 0.349841806751, 0.229959411279, 0.882319404105, 0.410647218794, -0.466922700371, -0.270191820625, 0.842009246948,  
2208, 187043.95055115025, 35.47739192891183, 150.99552475267734, 73.67166186322322, 4.014121512067549, -0.964770026706, -0.0557722632054, -0.257115246973, -0.262836637501, 0.161046442677, 0.951304864535, 0.0116489294104, -0.985369726528, 0.170031774929,  
2218, 3726076.0551434127, 96.17326686926432, 132.3460333950787, 96.25604788309732, 69.8271232579169, 0.422161981799, -0.885366275017, -0.194694170911, -0.844288764937, -0.305803031697, -0.440069298187, -0.330084447566, -0.35015862815, 0.876603212752,  
2222, 1105972.6443253048, 64.15323955820404, 128.5665553054011, 54.48311576980291, 37.69344500998575, -0.523150266673, -0.468764396177, -0.711739938008, -0.0916124371176, -0.799368382626, 0.593815922845, -0.847302165609, 0.375859188706, 0.375245133773,  
2225, 1059990.0207779019, 63.25153299953803, 108.68650337946514, 64.43440646483118, 36.13430599250717, 0.636872486504, 0.331189728545, 0.696208876445, -0.374994407346, -0.655943990923, 0.655069977354, 0.673626476909, -0.678270480323, -0.293558384531,  
2229, 1067595.2286454735, 63.40244484914428, 113.38391189506025, 66.3552567074353, 33.87593138467576, 0.595701413007, -0.282634366227, 0.751836180008, 0.412808057761, 0.910690000656, 0.0152718745928, -0.689006047861, 0.301266555949, 0.65917306398,  
2238, 1188605.6621695932, 65.71276304537646, 114.60786852306515, 59.16357629382431, 41.84854199164899, -0.485197345894, 0.120369756378, -0.86608005247, 0.864050764403, 0.217974164147, -0.453765953217, -0.13416337828, 0.968503167529, 0.209766065927,  
2254, 349561.25580897654, 43.69967702427064, 122.18804248313295, 74.33549586548848, 9.187761891377917, 0.315409223152, -0.467825340796, 0.825624898159, 0.356453408981, 0.864730867293, 0.353809969301, -0.879464603709, 0.182701881927, 0.439502028623,  
2267, 497294.0591610671, 49.14826831812835, 106.75165186122251, 63.69526975314764, 17.459945210679972, 0.186987792155, 0.455829180381, 0.870204185176, 0.716596891737, -0.669216198778, 0.19656697089, 0.671955698195, 0.586829990377, -0.451781033308,  
2296, 450167.21278205654, 47.543930652247695, 143.18359018667724, 51.94127854553627, 14.450383331597731, -0.149591497037, 0.645962864588, -0.748568207706, 0.971323514796, 0.237513924737, 0.0108519657047, -0.184805339799, 0.725478540778, 0.662968983628,  
2298, 3057138.530285892, 90.03447499073319, 118.87803435737729, 114.12470436386727, 53.79541081542396, 0.946481757879, -0.279917421943, 0.160681420507, 0.271089470608, 0.959634555859, 0.0749134041851, 0.175165010571, 0.0273451292601, -0.984159267079,  
2310, 2511493.8081208155, 84.32334656076318, 126.86384921458513, 109.50832274946933, 43.157719782985296, 0.515400961825, -0.713681624227, -0.474363139157, -0.820152977266, -0.571269434145, -0.0316279543176, -0.248416872277, 0.40535141896, -0.879760924749,  
2319, 1507669.070642366, 71.13322059637422, 127.87096836676827, 69.80669424496755, 40.32258722055928, -0.685201406226, -0.118642826592, -0.718625711066, -0.726774534824, 0.0464372618423, 0.685304571883, 0.0479354611736, -0.991850523219, 0.118045462222,  
2321, 1722745.5754485242, 74.36652894707743, 98.45918967601257, 68.45625012075396, 61.01873092842867, 0.211729028996, -0.408192973602, 0.88800299244, -0.435187669954, 0.774176581405, 0.459632802053, -0.8750900012, -0.483765560066, -0.013724893221,  
2331, 1652499.0678178216, 73.34168293695855, 109.79877353606842, 71.71604312876273, 50.10012450186254, 0.0756554521701, -0.550760448707, 0.831227514401, 0.722106078314, -0.544607881651, -0.426573635971, 0.687632942942, 0.632507061924, 0.356504912165,  
2332, 1806817.1959584674, 75.55708630823524, 101.09802124343604, 83.41290248641825, 51.15048042039334, 0.444126109931, -0.247914068417, 0.86098235357, -0.343186346936, -0.934738659884, -0.0921236614243, -0.827632243061, 0.254562865317, 0.50022256831,  
2337, 2049642.0953086917, 78.80065139830656, 117.52496344195035, 65.40843639126858, 63.65397520139715, 0.816425898531, 0.517873759292, 0.255451603329, 0.430267084536, -0.250531054723, -0.867239543947, 0.385122043218, -0.817949240513, 0.427364074031,  
2341, 695814.0125581216, 54.97115394878553, 112.57889722476943, 76.47523317605392, 19.29419933953072, 0.421690109618, 0.139305175436, -0.895975177975, -0.683743252062, 0.697851979552, -0.213302086008, -0.595543967067, -0.702564361986, -0.389526251436,  
2348, 889760.3894532301, 59.66616885598241, 87.53455032012457, 62.56944522777764, 38.783111531001026, -0.053372058076, -0.767904294413, 0.638337229087, -0.285963174186, -0.600722227769, -0.746564041509, 0.956753095854, -0.222386599612, -0.187530567873,  
2352, 1031565.3882141053, 62.68101939621894, 103.2706695807995, 65.95359589287017, 36.15702427686734, -0.76338061989, -0.629489359671, 0.14489021788, -0.619828797434, 0.776987270742, 0.110013830844, 0.18183039088, 0.00582470312242, 0.983312657188,  
2353, 527670.5827824165, 50.1292751189459, 110.22410434506172, 83.25720158870469, 13.727007974905064, -0.915099463827, -0.0241065783299, 0.402506949238, 0.327334427742, -0.627323835748, 0.706623646305, -0.235467925032, -0.778385301752, -0.581954618761,  
2355, 2112543.689284994, 79.59864899955639, 141.8764688918336, 70.94682465901387, 50.104156636084305, 0.436308404559, 0.507351477822, 0.74312142619, 0.771210679126, -0.636314913103, -0.0183689892177, -0.463539711906, -0.581117724144, 0.6689044223,  
2358, 518987.0491590677, 49.852771086661406, 121.96383045477769, 82.63069810124178, 12.294062986103024, -0.652014301205, -0.27228384036, 0.707629042156, -0.726976575045, -0.0405943361068, -0.685461274772, -0.215365759489, 0.961360291543, 0.171475886015,  
