# Void_ID, Void_Volume, r = (a*b*c)**(1/3.0), a, b, c, vector_a, vector_b, vector_c 

0, 591950.0047749067, 52.08733523637372, 130.37542306999953, 78.60056868217667, 13.790340836596744, -0.58298867592, -0.332458651192, -0.741347050306, 0.0462671765204, -0.924553183663, 0.378233735876, -0.811161853224, 0.186205950027, 0.554385959462,  
8, 208692.52464987995, 36.79646467064855, 125.80566588892894, 30.290503570036176, 13.074093588166061, -0.986069010797, -0.0456536241038, -0.15994890607, -0.141117656494, 0.738657625791, 0.65914392881, -0.088055170049, -0.672533016637, 0.734809926825,  
34, 1588317.9005451265, 72.37961583949388, 128.33541148361704, 71.43805801422397, 41.35925180015586, 0.514186266558, -0.836786033753, -0.188153174299, -0.791206117211, -0.547460431396, 0.272543494042, 0.331067007374, -0.00872982080194, 0.94356686401,  
51, 1249918.0520884253, 66.82377052985603, 124.61628853570122, 72.63778574539603, 32.96518533848893, 0.535950178122, 0.685934556349, -0.492190197969, -0.502315705178, 0.727656569878, 0.467113314566, 0.678554595374, -0.00311459777065, 0.734543368616,  
61, 1030181.0484300955, 62.65296795965068, 86.78644466135478, 65.95954885987429, 42.96307653550963, -0.816413642012, 0.544971327106, -0.190984339067, 0.0284170536327, 0.368241425729, 0.929295821275, 0.576767922304, 0.753262573748, -0.31612380295,  
101, 685443.143551021, 54.696677010037604, 110.44458305783175, 46.95661096723862, 31.553073021729112, -0.270364399429, -0.607872600181, 0.746588235556, -0.097523349636, 0.788771081987, 0.606901455342, -0.957805976071, 0.0912747619557, -0.27253739199,  
103, 1366038.0374304731, 68.83215939255601, 103.08323381132863, 82.74370665124441, 38.23412686836674, -0.941671741873, -0.325003545635, 0.0873328453789, -0.32319238813, 0.945703059224, 0.0345312037163, 0.0938137026884, -0.00429174789229, 0.995580519138,  
116, 3063872.845851514, 90.10053632009577, 129.42575409257316, 94.30561854424234, 59.92718204394743, 0.66773350604, -0.279771386414, -0.689826018831, -0.644708107281, -0.680608860528, -0.348027348603, 0.37213360681, -0.677125948634, 0.634836221689,  
132, 460270.05170441704, 47.896969520006564, 112.18355095808252, 59.092928991566126, 16.575224105900478, 0.171547504796, 0.597152687999, -0.783568836041, 0.72256920055, 0.464382896328, 0.512095963677, -0.669675446776, 0.654031492219, 0.351820413239,  
141, 1075674.5230127864, 63.56198104208967, 146.61864545433636, 55.290633854654885, 31.677543914719415, -0.998201062989, -0.00517667658107, 0.0597313976708, -0.059692995336, -0.00728006316571, -0.998190235871, -0.00560215636551, 0.999960100554, -0.00695795545962,  
149, 1842910.6175701034, 76.0568884830237, 129.74129074795923, 78.53733610024216, 43.177876738821304, 0.94791444, 0.110153926706, 0.298871756562, 0.240916333949, 0.365863854525, -0.898945471088, 0.2083687464, -0.924126480728, -0.320269750586,  
150, 742987.8213026403, 56.186376960209635, 107.42708442111442, 49.63549376308326, 33.26495575674778, -0.775195819148, 0.169600989643, -0.608528509018, 0.628521817866, 0.110243469806, -0.76993941439, 0.063496192336, 0.979327259744, 0.192058199205,  
158, 2182327.167179418, 80.46563012795438, 146.93189253321086, 103.30743938155446, 34.3228688000111, -0.570073945632, -0.162335399013, -0.805396122873, 0.783610380903, -0.402046663049, -0.473617199511, 0.246921986572, 0.901113588266, -0.356404031387,  
162, 453662.0837614894, 47.66664931467044, 77.97737094761604, 72.71753202404557, 19.100122581657146, 0.168082744223, -0.493788716042, 0.853182802806, -0.370537898699, -0.833673824894, -0.409499229932, 0.913482269517, -0.247306808634, -0.323093617519,  
188, 813805.6906288469, 57.917619626774986, 111.83161532098448, 60.93575347883583, 28.509876070315304, -0.581131316968, 0.509024675412, 0.634964780332, 0.793200901402, 0.179805170866, 0.581809617096, -0.181985500672, -0.841762425125, 0.508249247115,  
208, 2644905.591360877, 85.79076131340095, 113.18125324369804, 86.70315549836488, 64.34460857473707, -0.375397678248, 0.0158238679051, -0.926728756633, -0.16730363137, -0.984587552622, 0.0509592597263, -0.911639225843, 0.174175074066, 0.372259271849,  
209, 1107830.271667485, 64.18913741774207, 149.6004451520842, 45.832869822436486, 38.5722241277564, -0.821361199681, 0.280245521138, 0.496818103073, 0.0372918057276, -0.8427408181, 0.537026288681, 0.569188106767, 0.459619800913, 0.681743747844,  
212, 104545.97257394486, 29.223993724670613, 127.23149795254281, 45.26292360597472, 4.333925636058422, 0.331290135115, -0.0770347027229, -0.940378913498, 0.583649304733, -0.766366111627, 0.268396110321, -0.741350345964, -0.637768482701, -0.208928281984,  
215, 1153703.303987691, 65.06316349564807, 102.72472453096509, 76.08738803054506, 35.238536723929215, -0.658936188781, 0.708855435595, 0.251648704631, -0.111238393124, -0.422703510697, 0.899415233326, 0.74392816791, 0.564664248445, 0.357386579936,  
222, 1675336.8188709202, 73.67800218840856, 91.87865777440442, 74.22252182779361, 58.649346259855434, 0.850592268824, -0.517879563428, 0.0910689299472, 0.169498236915, 0.433989649411, 0.884829549624, -0.497758113847, -0.737193151073, 0.456927913473,  
223, 2586777.042598308, 85.15760974312055, 138.16158959089566, 90.34161719108882, 49.47607131663067, -0.196285921164, -0.656951344736, 0.727933216581, -0.60040746044, -0.506404320859, -0.61892289121, 0.775230751841, -0.558542383768, -0.295038449925,  
228, 1457384.9629867433, 70.33344525114933, 98.31217749047914, 67.67928792068247, 52.290474043908354, 0.604598398243, 0.534422189934, 0.590638383234, 0.49355345305, -0.833361504434, 0.248824419843, 0.625192582989, 0.141072767868, -0.767614947966,  
248, 2443470.3125838684, 83.55507226967863, 137.10090574316234, 89.51388135318362, 47.53218129607923, 0.31507490028, 0.758745016537, 0.570117362561, 0.812398199323, -0.526175565537, 0.251293533478, -0.490649541883, -0.383986033746, 0.782187799022,  
251, 3036573.8209942197, 89.83213981235859, 118.47613093669611, 103.42896014347234, 59.15918915173427, 0.579794916823, 0.28836665196, 0.762025280725, 0.766008193677, 0.125749025511, -0.63041147658, -0.277613583324, 0.949226978452, -0.147982572398,  
253, 1260073.6777086314, 67.0042643532906, 107.36074880439446, 86.68404610053553, 32.32381584552972, -0.491842820364, 0.0785793241863, 0.867130860866, 0.788576851989, 0.46239621992, 0.40538411946, -0.369103222098, 0.88318459317, -0.28939209703,  
262, 789560.2144768266, 57.336636901798016, 129.264747204581, 42.87075533582533, 34.013820106568666, -0.935305847382, -0.325663130269, -0.138370869173, -0.330039382803, 0.661922738497, 0.673002447291, 0.127581259012, -0.675130960513, 0.726581866348,  
268, 1394068.5270289283, 69.29977710298255, 137.1074212760847, 78.6126505106197, 30.877498643654356, 0.831639052966, 0.555090452686, -0.0158453437394, 0.393320043882, -0.568651154933, 0.722450833673, -0.392015087289, 0.607050618425, 0.691240709165,  
277, 1645288.0803770875, 73.2348473561152, 115.41145558199305, 83.22855455627362, 40.8914086296023, 0.00567806662925, 0.490529225731, 0.871406241809, 0.252096885282, -0.84397641156, 0.473445854519, 0.967685341415, 0.216990542268, -0.128453044245,  
297, 1804492.340829656, 75.52466563779836, 101.86538664769326, 96.97598387716118, 43.608947116843396, 0.428344366542, 0.490387347074, 0.758973881949, -0.503020704341, 0.827160005008, -0.250552383983, -0.750660558879, -0.274456874472, 0.600984317099,  
305, 930245.207244288, 60.557733249143716, 124.92084604886841, 53.79455219889538, 33.047272250395224, -0.134246767054, 0.971763003598, -0.194047598219, 0.209732759815, 0.219247090297, 0.952860369024, 0.968498825501, 0.0872202856853, -0.233243749689,  
315, 392636.5391794434, 45.42560302215957, 92.6979058966523, 49.02551824820333, 20.6257612906071, 0.457133938324, -0.765319736948, 0.453116169067, -0.754916417506, -0.603246955262, -0.257282555854, -0.470244367338, 0.224452247046, 0.853517090505,  
381, 599851.0793807269, 52.31805761439544, 140.75046900016932, 70.9419978741513, 14.34173091235422, -0.720349223047, 0.693260904628, 0.0220525502057, -0.179750933182, -0.217293296784, 0.959412958633, 0.66991536695, 0.687148412854, 0.281141352057,  
382, 3305384.5750902053, 92.40833152473019, 108.22487615764244, 96.12626038861518, 75.851511953256, -0.962009127981, -0.230337021651, 0.146571805398, -0.195440090121, 0.955862933146, 0.219383737344, -0.190634752483, 0.182403150999, -0.964565955055,  
436, 2257408.857658443, 81.37803616984147, 126.8540441985445, 97.66131612894624, 43.50054773243116, 0.34105015012, 0.856811665618, -0.386728024281, -0.289852752572, 0.48719666843, 0.823786858415, -0.894242795291, 0.168858449394, -0.414507716621,  
451, 1943481.7167712902, 77.41598015106729, 110.2935836400694, 91.68329921534408, 45.88295385394678, -0.695113336153, -0.47281071072, 0.541541763607, -0.0943318540295, 0.80676678956, 0.583291392512, 0.712684327888, -0.354368987203, 0.605395465536,  
524, 899457.5697455367, 59.882146204954545, 94.6145992150746, 71.71623759123185, 31.64582487670044, 0.838632590654, 0.294376793588, -0.458298681309, -0.258069007853, 0.955689307614, 0.141627449664, -0.479682983937, 0.000500709034108, -0.877441726961,  
525, 1184681.6583940077, 65.64036970276524, 87.87299626460987, 64.41470465941448, 49.96577182090824, 0.32765741578, 0.69524920057, 0.6397414845, 0.478940852918, -0.705898190564, 0.521846149708, 0.814405474743, 0.135411571385, -0.564276022035,  
536, 530433.0486419001, 50.216601984116686, 100.18736654615451, 66.25464201230326, 19.07711478113562, -0.264918319066, -0.961982452547, -0.066393111206, 0.637352971652, -0.226355539656, 0.7365761055, -0.723601736973, 0.152816657009, 0.673088103884,  
541, 1648403.098619158, 73.28103664624322, 104.3547204078568, 75.12510147455765, 50.196986123793, -0.482072094413, -0.168105398789, -0.859852935499, -0.0515138213554, -0.974283509352, 0.219358085364, -0.874615813942, 0.150040722149, 0.461015140423,  
555, 1170341.095063156, 65.37443501146133, 116.10272284440656, 100.22706471365906, 24.010236016695295, 0.0874620219887, 0.337530358418, 0.937242578982, 0.363386723907, -0.886826283182, 0.285463189125, 0.927523845299, 0.315614322558, -0.200217671044,  
565, 1370157.9866563198, 68.90128884449553, 129.60371689071818, 73.99498176394017, 34.10847582965844, -0.856731853824, -0.0949127405267, -0.506953747722, -0.507771723629, 0.327563996767, 0.796787113792, -0.0904345471933, -0.940049679383, 0.328828516048,  
566, 1743558.1602581881, 74.66480637021806, 124.92359007040815, 78.61241758853662, 42.3850032218343, 0.889021150331, 0.452160508736, 0.0720573979785, -0.168176409998, 0.176096513337, 0.969900362466, 0.425861584771, -0.874380290452, 0.232596255958,  
572, 226414.7327922237, 37.809885125263165, 107.41534997903543, 59.55008414494852, 8.450206973147692, -0.994677411428, 0.0823411610752, -0.0619417499608, 0.0721962129985, 0.985864059548, 0.151194454001, 0.0735156719625, 0.145917748354, -0.986561430774,  
601, 986954.7510794667, 61.76411329140823, 101.56674989564372, 50.024416764644606, 46.37405186969002, -0.695907401877, -0.715942024146, -0.0560348648225, -0.266662820057, 0.185172743455, 0.945834021105, -0.666786193928, 0.673155311309, -0.319778201953,  
622, 1834416.8091840178, 75.9398620699525, 97.10882232139579, 78.32680739527939, 57.57584223418955, 0.645580612804, -0.697140058649, -0.311803481375, -0.528610493996, -0.702584904335, 0.476387864915, -0.55117748322, -0.142724177445, -0.822090743875,  
631, 780207.8098319216, 57.10935141895649, 96.08912083005092, 51.6021629281364, 37.564668313598226, 0.524457426378, -0.831727218588, 0.18213797456, 0.604008375861, 0.514208426164, 0.608903585432, -0.600098566742, -0.209331145131, 0.772050634267,  
671, 1412092.3384578058, 69.59715643601962, 107.66522358208519, 59.03149766997753, 53.04143182125664, -0.998362023898, 0.00111931040078, 0.057201541777, 0.0389234942404, -0.719475430651, 0.693426323618, 0.0419312632001, 0.694516991754, 0.718253379617,  
677, 1423369.180412598, 69.78193097757612, 98.86952681457359, 63.42058084022507, 54.192137078048454, -0.821378924505, -0.354947638554, -0.446484978766, 0.150273807589, -0.889791506134, 0.43091630088, -0.550231265135, 0.286850569978, 0.784195323482,  
684, 3861502.1699999166, 97.32458442827355, 137.40815241860167, 106.07209995234, 63.249050019010916, 0.595478199932, 0.398180429627, 0.697752147161, 0.277508614416, -0.917017648601, 0.286474433552, 0.753919546325, 0.0230429515468, -0.656562518008,  
727, 1084432.532645297, 63.734019587881875, 131.28494728063976, 76.5925104928717, 25.746173386155743, -0.14374163529, -0.196752161824, 0.969859231591, -0.554952401379, -0.795412623005, -0.243611558363, 0.819369376098, -0.573242833346, 0.00514582648045,  
737, 2122808.133035754, 79.72735894394985, 116.14203594769576, 75.78753782942714, 57.57512647759389, 0.269838329049, 0.228711864232, 0.935349217852, -0.395575598713, 0.911957600285, -0.108872774306, -0.877899323316, -0.34062327936, 0.336553947651,  
754, 1088566.0927863321, 63.81489579764593, 88.59103385612603, 63.20648008606728, 46.410347241813795, 0.53091589121, -0.500698228074, -0.683688233674, -0.766802289573, 0.0596055226441, -0.639109873477, -0.360752775688, -0.863567290994, 0.352291028497,  
783, 5088733.007506809, 106.70227651651894, 124.23329122686228, 110.49543754058058, 88.49907247927949, -0.626767314647, 0.630501289823, -0.457854624114, 0.664171825936, 0.739557291239, 0.109228195118, -0.407478243497, 0.235633479173, 0.882291530374,  
788, 1622542.9035130169, 72.89580338222405, 121.49834262607402, 63.43679093080509, 50.25693755846547, -0.261824277608, -0.0866723054393, -0.961215875402, -0.0612984118433, -0.992455043705, 0.106186114581, -0.963166938988, 0.0867231093428, 0.254535950203,  
809, 2084179.630999754, 79.24079899800986, 121.70075458515996, 85.46133618317108, 47.83916471455729, 0.662486485856, -0.485827715331, -0.570160580077, -0.377318427719, -0.873969106219, 0.306282231739, -0.647103129464, 0.0122242542368, -0.762304471617,  
811, 907892.6982588076, 60.06875600301151, 115.71082056255894, 49.891709817312936, 37.544260355266594, 0.220122533409, 0.782697837618, -0.582177090989, 0.732104728528, 0.261852112368, 0.628853033479, -0.644646210531, 0.564639324025, 0.515377237576,  
840, 1539856.6857772311, 71.6358741084626, 111.76472854144855, 76.4374656885118, 43.03092151117733, 0.259728301971, 0.704565831498, 0.660400028953, 0.879200232611, -0.455397145448, 0.140072805694, -0.399434800853, -0.544242987096, 0.737733970253,  
843, 2748086.1711564423, 86.89215717963503, 128.62793200571932, 81.86974625585594, 62.29927686287697, -0.984600330779, -0.137355831306, 0.108146031994, -0.16415835071, 0.513683914176, -0.842128774125, -0.0601184208191, 0.84691334381, 0.528321458541,  
844, 1060972.5466754388, 63.271070000313514, 111.89017191468659, 89.04460243661735, 25.422367749279697, 0.71538970455, -0.00854834334543, -0.698673383241, 0.190227645347, 0.964537493666, 0.182977775314, -0.672332517115, 0.263807409182, -0.691646323847,  
857, 1060693.5586533835, 63.265523699682745, 123.43195955683287, 74.07775555711699, 27.69401244570222, -0.951262729994, -0.247290921973, 0.184245538436, -0.0246340524695, 0.65648538197, 0.753936407609, -0.307396132023, 0.712652891083, -0.630581854202,  
860, 3160125.307240531, 91.03433656355168, 138.424947118507, 82.91221855962604, 65.7328998930734, -0.525141586572, 0.823054406469, 0.216351006569, 0.190804859557, -0.133881911593, 0.972455211985, 0.829349033653, 0.551957496316, -0.0867358209668,  
917, 1482307.2119686035, 70.73209758668347, 127.50693451548517, 85.04175722080858, 32.634997380518904, -0.110121800641, -0.126769245716, 0.985800561658, 0.271228151206, -0.958021468244, -0.0928986349523, 0.956194791356, 0.257146698839, 0.139882437281,  
921, 1525822.7688608107, 71.417585052071, 138.89143931120415, 92.28614727950551, 28.418652915327037, -0.213160670528, 0.629073001626, 0.747549120236, -0.789451452757, -0.56167980222, 0.247552425796, 0.575611789559, -0.537385297905, 0.616350638287,  
924, 2792088.767246807, 87.3534785717456, 131.93183501895598, 80.9152458717068, 62.439677460599064, 0.218256894427, -0.888528381408, -0.40358548471, -0.673733926269, -0.436377152877, 0.596370335481, -0.706007453664, 0.141747295848, -0.693874037193,  
968, 2227804.97720282, 81.02073652644715, 108.59183060462735, 73.19419502019272, 66.91365723818451, 0.14831443513, -0.95630754091, 0.251949827406, -0.69527356786, 0.0803440953821, 0.714240500232, -0.703276257361, -0.281106231762, -0.652979166818,  
971, 880370.1129589616, 59.45552619834771, 96.57647992011341, 65.23673648223092, 33.35900453338365, -0.920384972617, 0.283613012688, 0.269174963945, 0.389435539445, 0.60310509986, 0.696135187402, -0.0350922042276, -0.745538662684, 0.66553785741,  
977, 129022.10342754527, 31.34670062299465, 91.56170209310024, 35.967377150718, 9.353041949426094, -0.67032609565, 0.694142682358, 0.26235255291, 0.72799659444, 0.546626549896, 0.413787836255, -0.143818927731, -0.468364549766, 0.871751549783,  
1039, 2136200.579373054, 79.89466984202836, 107.13448619407644, 92.80332834534781, 51.2932923412711, -0.148810252935, -0.624073870078, -0.767064086832, -0.0565929009912, -0.769054833741, 0.636672526702, 0.987245031478, -0.138153781655, -0.0791250935891,  
1042, 858385.7672062258, 58.95644654089281, 112.5370019703465, 64.55535233474676, 28.207610735528327, 0.742680726691, -0.538155912407, 0.398514180604, -0.200544427131, 0.389054497971, 0.899120976485, -0.638911003934, -0.747679618252, 0.181019108115,  
1096, 2984958.774780222, 89.32024577034785, 121.07020749314643, 84.14607653112161, 69.9485265268408, -0.749358698924, 0.292462130557, 0.594076966846, -0.0647240237144, -0.925229777044, 0.373845770908, 0.658993430242, 0.241693528795, 0.712258307805,  
1113, 2603440.8679476483, 85.34007814939848, 120.5549484776543, 81.22014419566865, 63.476110970009294, 0.0905374776132, -0.169295308813, 0.981398014855, -0.346752614239, -0.92914147106, -0.128291664869, 0.93357677224, -0.328687123524, -0.142825716045,  
1133, 1156758.8809450055, 65.12055267259527, 104.18076676559832, 55.22798676009651, 47.99626821266731, -0.857423024714, -0.390145011724, 0.335578048323, -0.514548910567, 0.660191496689, -0.547162321741, 0.00807312354769, 0.641820892092, 0.766812080728,  
1144, 2089713.6682649248, 79.3108719690309, 133.1843176388134, 99.88646290156757, 37.50062013270328, -0.391455355092, 0.812560699056, -0.431865506054, 0.326612943857, 0.561451232851, 0.76032657328, -0.860282912695, -0.156581044447, 0.485175933704,  
1148, 594607.3509084436, 52.16516133247203, 97.59927442862522, 47.70116566707079, 30.490607934842984, -0.606560421917, 0.742620151335, 0.28390097815, 0.135698480594, -0.255148299466, 0.957332370519, 0.783371161665, 0.619204857951, 0.0539904339811,  
1152, 586162.2227193188, 51.917017893244434, 120.24991095817421, 71.44152217883403, 16.288974869386085, 0.530358240256, -0.038123692821, -0.846916005893, 0.505899769317, 0.815855575422, 0.280080530308, 0.680283441219, -0.576997629197, 0.451982494687,  
1162, 3205175.9445279445, 91.46489112890201, 119.14478637274343, 84.56572510586126, 75.94406600757861, -0.314226907451, 0.812584912264, -0.490884111574, 0.940730817926, 0.197007910417, -0.276067766025, 0.127620448356, 0.548537732152, 0.826328855581,  
1171, 381333.92993542046, 44.985471833046354, 109.75770786907934, 91.99744797522766, 9.015836575866825, 0.469784872774, -0.727103105698, 0.500622859044, -0.550266041717, 0.202254385789, 0.81012372312, -0.690296643948, -0.656059629236, -0.305084096997,  
1233, 3369474.0702187777, 93.00176051097203, 137.28817338800573, 114.38666054419173, 51.22299892992263, -0.655983630614, -0.644686531633, 0.392510830803, -0.754535423637, 0.573231342516, -0.319502930244, 0.0190202745485, 0.505752018175, 0.862469202504,  
1249, 2644177.121070709, 85.78288431399713, 114.68898799233068, 88.395714632059, 62.26571823778102, -0.257641925381, -0.113930445572, 0.959500126033, -0.586044615176, 0.807946993701, -0.061427716811, -0.768226755137, -0.578136237354, -0.274929343195,  
1251, 2190105.821945197, 80.5611202648402, 122.51495843032953, 79.60056530359381, 53.613137253200165, 0.404241376601, -0.617529813475, 0.67471908148, -0.412603214369, 0.535239390433, 0.737073525791, -0.816301106784, -0.576346878536, -0.0384288780086,  
1254, 1156398.9846171043, 65.11379843332729, 141.5932884627656, 75.23890286973241, 25.913971098185286, -0.132639130385, 0.32711593949, 0.935629212467, -0.0461802766375, -0.944984178561, 0.323839905383, 0.990087997675, -0.000253772427921, 0.14044818425,  
1266, 1406737.4203731455, 69.50906985315935, 115.08014828280325, 82.11324091550908, 35.53945998587105, 0.111660807763, 0.659648678674, 0.743233129464, -0.906320206125, -0.239146542705, 0.348414430072, 0.407572751763, -0.712511439793, 0.571149630294,  
1286, 740868.0881614544, 56.13289310067334, 140.7863256984113, 70.71860920080037, 17.764708829332598, -0.00556427116951, -0.995985650221, 0.0893399319497, 0.533721420669, -0.0785098833538, -0.842008101704, 0.845642054303, 0.0429974739979, 0.532015726482,  
1295, 1134723.003814147, 64.70439040601661, 112.18362870691257, 65.20766308395129, 37.03165570959899, -0.971136934036, -0.165459230021, 0.171803080742, -0.094557077093, 0.928322768782, 0.359549434895, -0.218979484251, 0.332926538688, -0.917173868639,  
1302, 642716.6520412242, 53.53571996851356, 123.6501551021691, 68.0767546124285, 18.227933423715466, -0.21787762245, -0.727406623083, 0.650698813839, -0.074274079675, 0.677140481017, 0.732095710994, -0.973145776708, 0.111177217374, -0.201561215548,  
1309, 1050953.0264989769, 63.07126844360078, 94.36644511662378, 73.89475042042655, 35.98019512272482, 0.403228526494, 0.553803758291, -0.728497187863, -0.867857527805, 0.483908559493, -0.112498077676, -0.290224166556, -0.677594202567, -0.675748495962,  
1312, 817111.2129435274, 57.995930441147884, 129.11888518691296, 67.8120035330387, 22.279026868318155, -0.692189842953, 0.010205810528, 0.721643307142, -0.677908334737, -0.352253020068, -0.645258165037, -0.247615651779, 0.935849160541, -0.25074456666,  
1335, 1447711.7333881261, 70.17748957040233, 104.93161135248029, 78.36143640766302, 42.03245480643493, -0.844858238354, 0.534279978547, 0.0275583310272, 0.524499426292, 0.817040335764, 0.239469082671, -0.105427268316, -0.216771756139, 0.970512800964,  
1355, 1455744.4291533353, 70.30704460398988, 122.89213581035091, 73.41480434911415, 38.52022273330368, -0.323282273402, -0.643753995047, -0.693591641793, -0.934166582278, 0.100095387838, 0.342510890175, 0.151067429511, -0.758657832751, 0.633732533918,  
1357, 1428999.7435135327, 69.87382435598893, 123.14481536828445, 71.69288940110798, 38.64126413137465, -0.355233971755, -0.912310247828, 0.203712633431, -0.914319436065, 0.293765152731, -0.278786663733, -0.194496257409, 0.285292913948, 0.938498353278,  
1363, 1108832.1013368526, 64.20848069597487, 97.42093935442047, 80.45155162556962, 33.774617856339844, -0.95435831641, -0.298221778159, -0.016247305311, -0.292669687269, 0.944663345867, -0.148174279582, -0.059537030931, 0.136656262233, 0.988827794887,  
1382, 528210.4566529077, 50.146365491940614, 102.1261702883818, 47.25332322722829, 26.13057593190314, -0.853125761039, -0.52140160485, 0.0177989413262, 0.0205889261493, 0.000441547127129, 0.999787928091, -0.521298889288, 0.853311298118, 0.0103584039075,  
1387, 1185831.280422274, 65.66159543827706, 97.1008470287339, 67.90632105858312, 42.93397233107831, 0.420327360978, -0.860885769202, -0.286706473591, -0.811251567478, -0.498083191641, 0.306241781063, 0.406442866683, -0.103869276452, 0.907752923175,  
1419, 458203.8991792998, 47.82519216858606, 94.66359524472807, 46.224657832822736, 24.998472450860756, -0.551620750651, 0.676715243589, 0.487617705324, -0.0708653382085, -0.620516377744, 0.780984973474, 0.831079208795, 0.396252323711, 0.39024536469,  
1427, 1206186.069205951, 66.03515977892633, 127.37870411004971, 81.6429124695845, 27.68919843605408, 0.0538275165538, -0.914660937527, -0.400621976211, 0.297226857071, 0.39769421211, -0.868041190895, 0.953288410659, -0.0723511092903, 0.293268687532,  
1458, 195892.0248989762, 36.028212481483905, 114.54401342856721, 54.67051411257249, 7.467970474465489, 0.144424481719, 0.980359182698, -0.134303544185, 0.787170090856, -0.031585879135, 0.615926603014, -0.599587205619, 0.194674613496, 0.776271201139,  
1473, 265413.4230250612, 39.86680433099059, 98.00057438008835, 48.665279888504244, 13.28576074484469, -0.797850212715, -0.430037892006, 0.422495502354, -0.567347953985, 0.772579564131, -0.285021255691, 0.203841451082, 0.46710622831, 0.860383887747,  
1474, 1676443.9141529098, 73.69422790232994, 127.97803564940902, 81.69402094923488, 38.28024485557522, -0.621950278603, -0.776113904055, 0.10404354318, -0.748975267069, 0.550834028573, -0.368263387108, -0.228503611052, 0.306967556752, 0.923881496101,  
1489, 958290.8797534177, 61.16029645736089, 125.50997593874683, 59.67289468272309, 30.545932917385823, -0.90494186235, 0.0254986544583, 0.424770578533, 0.412998852677, 0.293135939671, 0.862266355925, 0.102528890822, -0.955730683558, 0.275801898204,  
1535, 1404850.1058674813, 69.47797089919541, 137.12607258892697, 99.38386118667717, 24.609652199704616, 0.587424731165, 0.452140367021, -0.671193916633, 0.567456209616, 0.36119991949, 0.739951395923, -0.57699708438, 0.815538905676, 0.0443920932808,  
1545, 1762384.5746259612, 74.9325808964084, 104.15783347083014, 80.52088748285385, 50.16624362755787, 0.519756786445, -0.739611594785, -0.427583409177, 0.0048412983912, -0.49794098364, 0.867197404656, 0.854300558805, 0.452801795129, 0.255227525072,  
1557, 1856306.6868884997, 76.24072893714758, 126.73050883971435, 98.47443912802187, 35.51047039358886, -0.684833249998, -0.0501967897904, -0.726968845269, -0.697567319949, -0.243327207075, 0.673937463298, 0.210720795927, -0.968644492366, -0.13162292191,  
1591, 2703456.337715473, 86.41920170125015, 133.30448344253057, 77.35528928173997, 62.58870699659037, -0.0692521333003, 0.869621546747, 0.488837915332, 0.985103671253, 0.136926024835, -0.104028941201, 0.157400441288, -0.474351798938, 0.866149797625,  
1592, 798953.9018507256, 57.563126051833294, 135.4509996550687, 57.24575083797511, 24.598444339653984, -0.614536423495, -0.599561258759, -0.51270974361, 0.248597023888, -0.763980533009, 0.595426960169, -0.748695200941, 0.238453438175, 0.618543008942,  
1598, 1306360.994373723, 67.81485931362225, 133.06947237313224, 61.362217276974135, 38.19399758900146, 0.608216059739, 0.581052880775, -0.540787180338, 0.324627431899, 0.439626281015, 0.837463887878, 0.724355061509, -0.684913339616, 0.0787620599134,  
1652, 622997.669810899, 52.982519217536975, 129.98702775640638, 72.56351062145501, 15.768105384066505, -0.889737867364, -0.341590536583, -0.302791071029, -0.401978662888, 0.900630667718, 0.165159180635, -0.216286111345, -0.268663927021, 0.938637316729,  
1653, 534548.4935627931, 50.346138580033625, 127.41671284543763, 61.23757151037143, 16.355135415419756, 0.762755857687, -0.455153738368, 0.45938935122, 0.252807436803, 0.863711409434, 0.435994267292, -0.595224244686, -0.216420136918, 0.773867186845,  
1660, 570560.5825379693, 51.45225166433852, 117.22734203623148, 69.28654793752577, 16.77008691673752, 0.7765710543, -0.620251302103, -0.110569977221, -0.144811732199, -0.346524666936, 0.926795671884, -0.613161446799, -0.703710862105, -0.3589206914,  
1664, 264011.5750714427, 39.79649153208521, 105.14558614486683, 54.70643452811529, 10.957334043773672, 0.199186683312, 0.443168926048, 0.874028585446, 0.277830300202, -0.880843423019, 0.383308215948, 0.939752621428, 0.166481732059, -0.298578035712,  
1667, 303893.1588017648, 41.70717472114813, 152.03043755038223, 47.946212622457395, 9.952850065795621, -0.74622806237, 0.601975023031, 0.284200194543, 0.0325645939218, -0.393403940554, 0.918788815114, 0.664893394579, 0.694880861158, 0.273965988112,  
1668, 889939.4510342542, 59.670171132712824, 114.74470203434811, 70.15567894646651, 26.392247525825624, -0.385084190743, -0.901214738958, -0.198801811675, -0.0651815136117, -0.188316996254, 0.97994289589, -0.920576741138, 0.390318720031, 0.0137753573309,  
1671, 1173247.6980876122, 65.42851054034476, 112.68646109283041, 75.48347059915316, 32.92892108559846, -0.9713908208, 0.204170697645, -0.121302100101, -0.105298604708, 0.0875411475886, 0.990580007534, 0.212866336259, 0.975013268475, -0.0635377776256,  
1672, 587134.7857260141, 51.945715677432275, 113.56209886974685, 63.811990445045446, 19.342539846183048, 0.156321756114, -0.346833587049, 0.92480807277, -0.892672273294, -0.450346567186, -0.0180050525149, 0.422728897826, -0.822735943252, -0.380007692849,  
1677, 4168005.528472745, 99.83432647561774, 121.00620935848167, 102.8817831489982, 79.92700467408002, 0.055651982713, 0.711904550365, 0.700067688149, 0.321259681392, -0.67663571107, 0.662537796368, 0.945354469991, 0.188031980458, -0.266362347927,  
1685, 1373618.9643734782, 68.95925425752613, 127.53009168098443, 72.25811944047727, 35.585931817285896, 0.399527872214, 0.538573108228, -0.741833193122, 0.481296179411, 0.565489455326, 0.669757914174, 0.780212449919, -0.624628435958, -0.0332843804778,  
1706, 1448849.722183504, 70.19587266856352, 105.36482521583868, 83.5930142055274, 39.27074100704371, -0.942128273506, 0.126061346146, -0.310649083804, 0.335119021693, 0.327960611156, -0.883253688829, 0.00946348562302, 0.936242689979, 0.35122651936,  
1711, 795604.7703346931, 57.48258052492493, 115.35361124842544, 92.52331850513583, 17.796162921180798, -0.803544770306, 0.54710377653, -0.23450641744, 0.242316683249, 0.660502708159, 0.710646745954, -0.54368964229, -0.514211658971, 0.663315869435,  
1718, 1285100.2189221894, 67.44495399315787, 118.66119497218739, 60.69975127445227, 42.59442493222497, -0.923127212108, -0.361690475482, -0.130445966638, -0.345266890355, 0.929073759138, -0.132712940235, -0.169194931044, 0.0774722532691, 0.982533014856,  
1732, 293366.8640299366, 41.219952126547206, 116.13590847568909, 41.31676394916244, 14.595857968802603, -0.22738430583, 0.829675368199, 0.509838367393, 0.915374087388, 0.00347872007244, 0.402589342439, -0.332244875959, -0.558235328432, 0.760254339342,  
1735, 1431811.3884293712, 69.91962134913146, 76.85463716983266, 70.63528038003763, 62.96590548138194, -0.841029831213, -0.0565462006009, -0.538025417808, -0.0989600147377, -0.961661353846, 0.255762303716, 0.531860638225, -0.268346730401, -0.803190073264,  
1744, 721332.6417992796, 55.63511524730144, 127.70791813663732, 71.68978676369872, 18.809266605888876, 0.728083420864, 0.147057362198, 0.669528688322, -0.192819113921, -0.893345558176, 0.405899621821, 0.657811007486, -0.42462671361, -0.622074619736,  
1746, 2871670.8742922028, 88.17565302141826, 127.90426585417076, 80.92519299075401, 66.23343530717779, 0.817089239855, 0.159299857621, 0.554065636433, 0.398471847404, 0.538496817008, -0.742456305043, 0.416635765316, -0.827432615645, -0.376523446316,  
1769, 2815353.671558008, 87.59543025334438, 123.10081304140503, 102.85025363421802, 53.0857627869899, 0.239966261198, 0.959859006112, -0.145213228984, 0.377151654226, -0.230012446154, -0.897134830629, -0.894523796889, 0.160514681569, -0.417207638712,  
1834, 1211152.708321439, 66.12567198235467, 106.18302784021002, 58.82589394947289, 46.28994390278898, -0.386181347846, -0.912299543942, -0.13628466054, 0.0588288800989, -0.171804605889, 0.983372940578, -0.920545017608, 0.371742813674, 0.120017294753,  
1840, 2796437.116549247, 87.3988026346675, 137.8778111335333, 84.11541587476532, 57.563404517965, -0.89298732244, 0.436746655936, -0.108747416015, 0.447304001931, 0.887984196148, -0.106785753952, -0.0499276658526, 0.14400147888, 0.988317156718,  
1845, 1146386.803463383, 64.92533356814309, 128.22221082867168, 92.8548788226374, 22.986591630395637, 0.36491428584, -0.845867427612, -0.389031950995, 0.459462085517, -0.199813422564, 0.865430059644, -0.809772903944, -0.494553223697, 0.315729239965,  
1854, 224908.23331441646, 37.725839689797965, 108.82862386493736, 43.03521856032685, 11.464354170410525, 0.539510835972, 0.740711676202, -0.400342691463, 0.608699413695, -0.0146096301487, 0.793266400697, -0.58173282668, 0.671664180559, 0.458752816796,  
1860, 531050.0545553672, 50.23606528527425, 104.34784094228249, 67.31848846404257, 18.047997618079144, -0.317978712606, -0.0630518698125, 0.945998942939, -0.948040225684, 0.0321464338308, -0.316522254, 0.0104531724712, 0.997492390199, 0.0699975905312,  
1871, 797403.3586705322, 57.52586402973202, 117.88570128711163, 56.65793085535074, 28.501492965226387, 0.102923198014, -0.988759393716, 0.108451263934, 0.526212380495, 0.146648020216, 0.837612612597, -0.844101502146, -0.0291413710228, 0.535390917527,  
1916, 1098877.6006868156, 64.01575970969614, 129.375416424952, 56.15390839452252, 36.11012250003924, 0.906807460922, -0.0803029413702, 0.413825647373, 0.18046493881, 0.961132684584, -0.208941064619, -0.380962773347, 0.264150336421, 0.886054154718,  
1917, 622996.0908598432, 52.98247445713664, 103.99544915946079, 73.80743204369563, 19.376810051881606, -0.125442842976, -0.695994426962, 0.707004844951, -0.598845919513, -0.515046909684, -0.613278277381, 0.790978923758, -0.500318337125, -0.352184473973,  
1958, 3215522.8299436034, 91.56320712659324, 134.69101788735804, 100.92415994005263, 56.471485212851924, -0.453047614061, 0.841664632118, 0.293851163746, 0.870683649128, 0.346956021902, 0.348613685916, -0.191462378903, -0.413790002184, 0.890011231141,  
1963, 533584.8450944521, 50.31586682549634, 94.47878487393778, 56.50269777856136, 23.862250129117225, -0.136431667127, 0.811342014053, 0.568428127767, -0.23771178483, -0.583841419538, 0.776287513866, 0.961706560006, -0.0292118651117, 0.272520016474,  
1970, 2051259.7448630526, 78.82137669444829, 125.15815205812193, 67.28248206815982, 58.15283628570933, -0.742611449504, -0.0118118727611, 0.669618335119, 0.0509663819509, 0.995948318482, 0.0740903153171, -0.667780400264, 0.0891483402808, -0.739000616,  
1971, 1574002.532666094, 72.16150891643369, 106.16913139846773, 101.44354695236737, 34.88945033584096, -0.821980205786, 0.0731489463622, 0.564798878311, 0.114785993252, 0.992644168954, 0.0384932409001, 0.557828573173, -0.0964716823109, 0.824330332733,  
1980, 1154454.1898143478, 65.07727585073458, 96.99113697378154, 74.3560276918826, 38.21552797923646, -0.259988521295, -0.159697233555, 0.952314424122, 0.674060522521, 0.676157730316, 0.297410718894, -0.691410428598, 0.71924093135, -0.0681476477718,  
1988, 2255645.003762472, 81.35683540726497, 111.41343509830254, 74.38058328988724, 64.98079153632253, 0.6644055594, -0.309157008144, 0.68043162548, 0.359038654082, 0.930525417819, 0.0722058977322, -0.655481881911, 0.196327255132, 0.729245576866,  
1997, 3520130.803720704, 94.36770591302985, 147.3632006840741, 86.4707143780897, 65.94958996490733, -0.364997147371, 0.707005447861, 0.605739530744, 0.00164675844016, -0.650135900009, 0.759816161783, 0.931007180744, 0.278328238262, 0.236133481718,  
2003, 2223153.01522943, 80.9643030957298, 114.29678804800167, 102.70115603881605, 45.21383944406276, -0.10019022899, -0.464065475136, 0.880116556373, -0.00469917098521, 0.884778271208, 0.465988549848, 0.994957203003, -0.0425516813305, 0.0908268606133,  
2011, 2522129.456046141, 84.44220947627257, 132.78041064771844, 93.10474412688082, 48.704932596517196, 0.582939686592, 0.723806485412, 0.369168651799, -0.285334458686, -0.24305197522, 0.927097612999, 0.760766434908, -0.645778529387, 0.0648422894487,  
2014, 2288817.788337008, 81.75372256991119, 116.30136616834329, 95.72168717289676, 49.08258751909764, 0.0996717979257, -0.607066456663, 0.788375449829, -0.576003972398, -0.681267074166, -0.451768300613, 0.811347617535, -0.409078832074, -0.417575804697,  
2017, 1876725.404096547, 76.5192505603811, 105.90475617740171, 71.8225691055955, 58.902770581664555, -0.604780673873, -0.217525687997, 0.766108942365, -0.772559526923, -0.0733294135831, -0.63069372477, -0.19337040588, 0.973296137959, 0.123703330451,  
2020, 1989685.8107916773, 78.02467430975693, 127.79337423381286, 82.48563872631975, 45.06187043298463, 0.000348748700401, 0.896258473847, 0.443531990314, -0.771197175372, 0.282591891802, -0.570435569882, -0.636596257508, -0.341851679453, 0.691290556989,  
2031, 2267353.878066577, 81.49736482123178, 108.50464502246219, 87.55762966144754, 56.975529812771754, -0.641183258039, -0.213791357258, 0.737005620855, -0.762888717174, 0.0737384340196, -0.642311021669, -0.0829749047589, 0.974092346192, 0.210378863649,  
2041, 741636.120091385, 56.15228340148765, 138.63379325981975, 61.16841653924857, 20.878818518128703, 0.105105537422, 0.479523196457, 0.871211989164, -0.497337081266, 0.783985929286, -0.371512974578, -0.861167030024, -0.394237957003, 0.320885929354,  
2047, 1558818.9507900751, 71.92872396659531, 112.98270041233835, 88.52077695993289, 37.20916290877023, 0.00684793148239, 0.714783138315, 0.699312641825, 0.453252040884, -0.625584495618, 0.634985532337, 0.891356097903, 0.312616544705, -0.328260875993,  
2049, 2899546.8018531306, 88.46004811929484, 115.44889683095364, 81.21840275376043, 73.82395057258636, 0.515483320723, 0.839120512284, -0.17364824192, 0.770381678901, -0.365086452945, 0.522708284504, -0.375218622765, 0.403222826414, 0.834639046168,  
2067, 887795.1697663908, 59.62220812002881, 103.66406431131583, 83.99353143524229, 24.341654581961027, -0.543088395226, 0.762305627937, -0.35205841076, -0.493918841575, 0.049046765674, 0.868123604514, -0.679042835842, -0.645356137643, -0.349880383416,  
2070, 146245.69974471923, 32.68372129751168, 142.42851842077616, 59.26023241540293, 4.136511046222037, 0.867255123938, 0.394244613208, -0.304039035258, 0.363678535206, -0.918719758783, -0.153921823834, 0.340009519034, -0.022917019418, 0.940142721711,  
2075, 1061321.7505027668, 63.27801082590693, 91.61916207948754, 64.87629908736643, 42.627127947651026, 0.291939013556, -0.946896193484, 0.134756117225, 0.670954275501, 0.303165257757, 0.676691352595, -0.681609838948, -0.107137412957, 0.723829815768,  
2077, 1671645.2849753855, 73.62384693769323, 110.79589290174785, 83.70487885616583, 43.03096488480623, -0.7862951319, 0.319872002013, 0.528603696429, 0.426805465883, -0.337405613647, 0.839043828517, -0.446740483774, -0.885347024735, -0.128777272644,  
2088, 2157027.298092993, 80.1534728520147, 119.60494294603238, 79.06991320278448, 54.451098005970486, 0.525570527587, -0.844528013077, -0.102703727588, 0.328556867087, 0.0901337519947, 0.94017354347, -0.784745822303, -0.527871520239, 0.324847121733,  
2094, 1550532.410189426, 71.80104191883196, 105.93262571049637, 82.09044785538339, 42.5666896593586, 0.68197653099, -0.015348475127, 0.731212989142, 0.691053887406, 0.340894507107, -0.637366032767, 0.239483894823, -0.939976254666, -0.243088676793,  
2103, 3097902.420890878, 90.43288269666964, 126.12812296451493, 88.37475332453727, 66.34970213680789, 0.717240484508, 0.209648286499, -0.664540204465, 0.546082393078, 0.423286430578, 0.722926426173, -0.432851137635, 0.881405805323, -0.189112926557,  
2112, 2300416.5577313555, 81.89158781909742, 119.4541808773122, 81.25163713316779, 56.582795563505925, 0.218088146377, 0.681906981873, 0.698169340835, -0.229651155313, -0.65944234795, 0.715818508139, 0.948524067841, -0.316446927309, 0.0127841668968,  
2113, 1365006.0287119446, 68.81482134810936, 98.8892445104748, 77.82112160152491, 42.34473461536436, -0.831851071653, 0.529964571962, 0.164806999408, 0.522272148436, 0.847952199606, -0.0906028153592, 0.187764739919, -0.0107060566067, 0.982155681547,  
2130, 1250179.5675229467, 66.82843062969908, 106.06476637030802, 60.909208780501736, 46.19869305674297, -0.804293938883, -0.588002073952, -0.085818534739, -0.585190391526, 0.808849925399, -0.0575673852806, -0.103264057358, -0.00391908288553, 0.994646256338,  
2134, 265602.8128471226, 39.87628459981114, 118.03534943404168, 68.84073048251923, 7.803447280445164, 0.823751071477, 0.323994125298, -0.465254746363, 0.400864447493, 0.247471914596, 0.882080124604, -0.400926261271, 0.913118534616, -0.0739775287798,  
