# Void_ID, Void_Volume, r = (a*b*c)**(1/3.0), a, b, c, vector_a, vector_b, vector_c 

6, 1291676.805182564, 67.55980964150714, 122.3269098950187, 92.87574364717236, 27.14194351679935, 0.0807336390152, -0.52227961363, 0.848944099878, -0.304330259, -0.823968914012, -0.477973139621, 0.94913917472, -0.219770866879, -0.22546749895,  
22, 3975472.6134849587, 98.2728125293819, 117.85983723248556, 102.3544195223653, 78.67336390615155, -0.807785283438, 0.554427276022, -0.200233192711, 0.578980641098, 0.682411903465, -0.446201088348, 0.110744539796, 0.476365814907, 0.872244952576,  
26, 2060953.5978311475, 78.9453464246049, 129.2617152786351, 70.01781437625874, 54.362715194536314, -0.259506418728, -0.961123881102, -0.0943255204797, -0.922077413176, 0.217551865373, 0.320069414319, 0.28710566478, -0.170035499375, 0.942686727499,  
74, 461055.5641024412, 47.924201562185175, 138.85746314350718, 47.00365582915887, 16.8641242761009, 0.0693211245642, 0.0810909996926, 0.994293131555, 0.870452597069, 0.481988594327, -0.0999963559111, 0.487346753294, -0.872416898454, 0.0371738798954,  
75, 1504606.9888712417, 71.08503067404007, 122.55542410576476, 78.05755318379721, 37.548016034736314, -0.059072448085, -0.544175911435, 0.836888895428, -0.751419556044, -0.527668877624, -0.396149222367, 0.657175088293, -0.652256186633, -0.377733729401,  
77, 1248238.4331414811, 66.79382489110193, 134.9833289747495, 76.4205327569831, 28.888084480716987, -0.0789021308178, 0.00944609471378, 0.996837612175, 0.243787114669, 0.969776106943, 0.0101066871203, -0.966613830065, 0.243813604415, -0.0788202374291,  
90, 1466361.2099326523, 70.47754779419762, 111.09177600505531, 70.49533149655622, 44.700263926870626, -0.154074972774, 0.782372342931, -0.603452085738, 0.117710564161, 0.620929679723, 0.774977777697, 0.981022489982, 0.0483719945421, -0.187763213368,  
101, 961500.6824832936, 61.22850598685749, 111.72337608727021, 62.5147209634404, 32.865075904337004, 0.131255875831, -0.315820063778, -0.939696537386, 0.244261031731, 0.928976561021, -0.27809907848, 0.960785326406, -0.193029107622, 0.199076166763,  
106, 1958825.2859613714, 77.61917649517585, 106.55425520229396, 75.42115086626846, 58.1893008843931, 0.167031396202, 0.0742269174111, 0.98315353705, 0.933700750487, 0.308399719877, -0.181913499556, 0.31670715373, -0.948356461206, 0.0177932926936,  
115, 3916765.52719183, 97.78666950140008, 128.17283083585772, 119.19260849894037, 61.20595291929522, 0.907065040872, 0.363864877808, 0.211743624048, -0.367930193777, 0.440734422872, 0.818767696604, -0.204598103936, 0.820582426813, -0.533651662296,  
123, 1758167.200166943, 74.87276210128475, 109.06128705443878, 66.409459664823, 57.95234301525083, 0.103062350457, 0.900361195552, 0.422762190201, -0.62425290012, -0.272350971445, 0.732211216142, 0.774394259153, -0.33937393226, 0.533983956212,  
125, 971351.7949241668, 61.436902652386685, 140.2775490037062, 56.39212914747033, 29.314418015771352, 0.829839205289, 0.180378943434, 0.528043871407, 0.429114321916, 0.398615902208, -0.81053455277, 0.356690050451, -0.899204536951, -0.253383915504,  
152, 1558867.6332108178, 71.92947274458304, 110.0718008503647, 91.39256065549371, 36.994206209983126, 0.5882407236, -0.478864645072, -0.651660573303, -0.0545552185389, -0.827489534088, 0.558824479693, 0.806843590312, 0.293171831311, 0.512887607666,  
154, 669429.3321659993, 54.26736187035131, 113.31809225045322, 72.83001927838151, 19.364507194805835, -0.490291339038, 0.607771757036, 0.624682234592, 0.851647935132, 0.48641582975, 0.1951805194, 0.185230120255, -0.627704653415, 0.756093030408,  
168, 2753692.6274326094, 86.95120750733066, 127.63325301700382, 99.66447779734021, 51.68001352165973, -0.428708927142, -0.556144951681, 0.711977140439, -0.883088455974, 0.424300926649, -0.200308518466, 0.190691989117, 0.714612843688, 0.673026781727,  
180, 2065202.2236739509, 78.99955741743852, 124.28990496053318, 94.99814052313342, 41.75639663414453, 0.622303326679, -0.736726285645, -0.2645240058, -0.724001337665, -0.67018948232, 0.163303768624, 0.297591385398, -0.08989125557, 0.950451960653,  
181, 1706652.357800582, 74.13423640107833, 128.4174042051121, 66.80665127050881, 47.491169645914944, 0.325851773193, -0.399590998164, -0.856824168715, -0.474900781165, -0.852834190598, 0.217124598779, -0.817489981563, 0.336156031528, -0.467663610421,  
212, 1610880.2382013954, 72.72072748119949, 135.8956068841505, 70.8846492641453, 39.922435891737486, 0.628483388827, -0.729146915517, 0.270838338426, 0.537911103685, 0.658946385271, 0.52577685939, -0.561836519373, -0.184755072814, 0.806353079344,  
222, 164721.84445340058, 34.00589392342697, 150.19191505194908, 69.08784308193569, 3.7897834785618376, -0.177355394668, -0.271801341926, 0.945869491267, -0.968345465174, 0.219730963402, -0.118428728773, 0.175647727165, 0.936932406447, 0.302168068617,  
223, 1970151.1899933305, 77.76848680590837, 121.31642038368538, 81.84101500366036, 47.37185068977789, -0.325866391045, 0.0182961498155, 0.945238777288, 0.120875594853, 0.992413497183, 0.0224619940981, -0.937656752632, 0.121575908435, -0.325605762744,  
235, 912013.5945700627, 60.159502239146875, 118.57282306338415, 99.01206621786677, 18.545537254419884, 0.894346862334, 0.391690314432, 0.216153619942, 0.366232644661, -0.918500229345, 0.149100565654, -0.256938396933, 0.0541851111803, 0.96490757791,  
239, 271287.9929368693, 40.15879328648156, 117.4140909983595, 49.046320253650805, 11.246446288017244, 0.549376884501, 0.73764039897, 0.392519656302, 0.654083418071, -0.671967347612, 0.347325158817, -0.519961461053, -0.0659281847944, 0.851641681383,  
273, 2323669.690672737, 82.16658955187795, 111.91516108214982, 94.83216691816445, 52.26863823063636, -0.340529160009, -0.883568262456, -0.321476308247, -0.935276568269, 0.283254884979, 0.212189563792, 0.0964242294752, -0.372925992278, 0.922837240391,  
313, 1905146.2780152021, 76.90358265242922, 125.827487265934, 98.88525397473693, 36.55381083491992, -0.642625412148, 0.513262610205, 0.568853296226, 0.468224755, -0.324601498243, 0.821826895486, -0.606463649749, -0.794478042682, 0.0317250883216,  
373, 2309800.9749593907, 82.00279407913867, 128.01570143765858, 105.46690852400394, 40.84195239674351, -0.422933372264, 0.438308369229, -0.793103483846, -0.295124655572, 0.760888563999, 0.577884098111, -0.856754807573, -0.478470862894, 0.192449559786,  
401, 1987487.8473255618, 77.99593299282155, 123.8145478420951, 91.97374575461866, 41.66585732976375, 0.478966411635, -0.875068172747, 0.0696194625847, -0.297545093303, -0.0872227295222, 0.950715053476, -0.825868085094, -0.476075507142, -0.302148998879,  
430, 1104299.4896161328, 64.12087213050417, 111.68376245720532, 54.021164527254776, 43.696261708622536, -0.753534366451, -0.19761317354, 0.627004778467, -0.231584127969, 0.972407340263, 0.0281559278973, -0.615268031227, -0.123987895564, -0.778506423547,  
439, 3005908.5819964, 89.52872225931206, 128.18929833213883, 102.77475567430866, 54.468941502612424, -0.710912621379, 0.51990042739, 0.473610378226, 0.467106456928, -0.154380568306, 0.870619433522, -0.525751654928, -0.840160809446, 0.133097752089,  
442, 3018260.085407094, 89.65118142174502, 133.23844777117876, 97.94814867393092, 55.21311565413335, 0.568235967591, 0.402962712836, 0.717446121461, 0.346850418897, -0.90794057347, 0.235241794666, 0.746192114705, 0.115173638955, -0.655692276028,  
454, 194046.29185371837, 35.9147002606701, 112.00509024754429, 76.84949115252084, 5.381929222973913, 0.326018768669, 0.123000138699, -0.937327439242, -0.869090242088, 0.429164232871, -0.245967909151, -0.37201332447, -0.89481228596, -0.246813815076,  
467, 1655895.9255133122, 73.3919019770867, 129.4258695040009, 75.06465800492713, 40.69001281264804, 0.24518074892, 0.32361640065, 0.913870245488, 0.821343909888, 0.431459969766, -0.373144042134, 0.515053960328, -0.842089496265, 0.160014681298,  
483, 1196817.9149992967, 65.86375557661145, 79.5909304662167, 72.77397377620802, 49.32871476926352, 0.316104227145, -0.659615272661, -0.681898679902, -0.300931116691, -0.751348901316, 0.587294893132, -0.899732505019, 0.0195581329134, -0.436003324355,  
504, 1171494.238957161, 65.39589923385918, 96.95124514533177, 68.36227488115344, 42.197007260355115, 0.727759611771, -0.676361237932, 0.113584432465, -0.448606310448, -0.344185211837, 0.824796288897, -0.518766157051, -0.65120812017, -0.553904015623,  
506, 1468580.958001429, 70.51309236218094, 113.96378331168837, 69.11605064212543, 44.510606393366466, 0.771730827392, 0.519661860353, -0.366582979619, 0.333419550183, 0.160235244512, 0.929061930106, 0.541537564355, -0.839211664189, -0.0496069459017,  
525, 2041939.5456755133, 78.70181660714182, 121.81625369561048, 101.2999835796052, 39.503871201733816, -0.944462302576, -0.308333817496, -0.113671526786, -0.321600230684, 0.938343902269, 0.126822760964, -0.0675592379877, -0.156336106076, 0.985390669379,  
539, 899048.5330282568, 59.87306750714545, 112.25219264482315, 66.71033663771252, 28.662004661026216, 0.217423347996, -0.967196806442, 0.131367520167, -0.322557232683, 0.0558293487737, 0.944902066597, -0.921240424314, -0.247817314617, -0.299837721419,  
541, 450614.25698558206, 47.559663477955134, 99.20370101126055, 37.68169624062819, 28.77782715892954, 0.487850122399, -0.865692873138, -0.112152162149, -0.695167317818, -0.462992127033, 0.549891526161, 0.527962743301, 0.190300130595, 0.827672158515,  
568, 921736.6288737976, 60.372535050408445, 145.73742492689652, 56.09724108646786, 26.915697739477096, -0.844582218318, -0.530706385503, -0.0709338345734, -0.0220387914893, -0.0979112486875, 0.994951093798, -0.534972119059, 0.841881297908, 0.0709979722426,  
598, 534823.6435602853, 50.35477537908139, 134.87506401141016, 56.736600904922774, 16.685030759963496, -0.754878008014, -0.209596564255, -0.621472825849, 0.0843788540272, -0.970723244396, 0.224892400453, -0.650414792275, 0.117327162417, 0.750463146963,  
599, 1572824.006004411, 72.14349422781564, 145.66417968324313, 57.45409808580747, 44.86604018146607, 0.481572957904, 0.189989632739, 0.855564974544, 0.475074963396, -0.876939485256, -0.0726699274292, 0.736472175557, 0.441453370867, -0.512569659637,  
616, 1913267.526733301, 77.01270249230056, 114.59390191379418, 88.73197034432332, 44.9205906821344, -0.137800450982, -0.968564246025, -0.207109480787, -0.68802140735, 0.244025836312, -0.683431001814, 0.712486897239, 0.0483186561816, -0.700019805954,  
636, 1655554.7830336713, 73.3868616411993, 116.15860537150907, 86.52397480105327, 39.32485189997018, -0.826792214347, -0.228843355009, -0.513853435489, -0.0470927406831, -0.882138178517, 0.46863045972, -0.560532700268, 0.411658782089, 0.718568117202,  
642, 1731047.8130798095, 74.48579969097261, 109.14525574726308, 84.91513943266956, 44.58928048796533, 0.407965885069, -0.64656211487, 0.644609391984, -0.0850097154656, 0.67606867257, 0.731918368567, 0.909030904258, 0.35339578603, -0.220848892957,  
659, 737297.8721776082, 56.04258042681973, 118.90077925935441, 50.22631624086698, 29.47395007377292, -0.39870600278, -0.304565123779, 0.865028097073, 0.331594192195, 0.831548445007, 0.445614716217, -0.85503147021, 0.464507555357, -0.230551330437,  
718, 2399031.361753793, 83.04543647533475, 135.37233750994216, 72.3662564417006, 58.46302476859472, -0.127741822413, 0.988490255693, 0.0810496218803, 0.981510265302, 0.114247736405, 0.153574261624, -0.142546925304, -0.0991688919299, 0.984807547168,  
727, 1054329.6427749626, 63.13874364333626, 112.05602643567222, 50.03911492054245, 44.88931417098784, -0.358906254755, -0.610307568335, -0.70619471276, -0.917633782001, 0.36908375943, 0.147395456698, -0.170688436714, -0.700929276431, 0.692505311903,  
754, 861580.575244603, 59.0294989068947, 112.06016030563903, 70.34056467637292, 26.094573316212482, 0.77887969714, -0.625278874983, 0.0487108394863, -0.5651206672, -0.666013289764, 0.486893139572, 0.272001928095, 0.406758683199, 0.872102244438,  
783, 2209058.7906705863, 80.7928425499633, 111.14660646934077, 93.45748518059987, 50.77014069172885, -0.191609082887, 0.978246755232, 0.079493680458, 0.326738955644, -0.0127959556762, 0.94502799873, 0.925487770973, 0.207049630273, -0.317179501835,  
788, 1779934.6219379439, 75.18048916367226, 125.61117695705524, 70.08725289971414, 48.26675684470453, 0.46541800237, -0.11751417071, 0.877255095598, -0.485394829191, 0.794916386525, 0.364005217309, -0.7401202219, -0.595229668377, 0.312927625848,  
801, 3215174.4002665607, 91.55989978563305, 148.25649226093014, 114.08881250057946, 45.37944140528478, 0.636822275262, 0.770870861735, 0.0146800633054, -0.307128018987, 0.236164616066, 0.921899481544, -0.707198536256, 0.591594784161, -0.387150928799,  
806, 497610.5520890346, 49.158692586772624, 100.68658205063201, 76.22119391998281, 15.47938230077578, 0.853027645184, 0.34471575534, 0.391809755587, 0.364437211447, -0.93087723007, 0.0255558496222, -0.373536284001, -0.12099020852, 0.919691260139,  
817, 2368104.4857468423, 82.68703458463891, 108.02682305716463, 88.21374728775224, 59.3259055260634, -0.0780364022648, -0.885598385413, 0.457849123267, 0.606058520755, -0.406786754431, -0.683533178302, 0.791582837953, 0.224142892313, 0.568468622251,  
833, 1224571.7414021664, 66.36898990511226, 90.62761750016952, 72.0118346704982, 44.79516960227238, 0.402187971368, -0.761103600675, -0.508887163058, -0.0129341856593, -0.560490193694, 0.828060051937, 0.915465751696, 0.326453751413, 0.235266669251,  
842, 3501233.272975554, 94.19853441807457, 137.9156491603832, 90.9750522360783, 66.61876481330815, -0.563601779125, -0.653553745881, 0.505193562718, -0.235750982626, 0.71340582243, 0.659904240564, -0.791690917441, 0.252823325207, -0.55615272855,  
851, 1655156.8322423866, 73.38098109484058, 141.29071125620615, 97.13376389225529, 28.791660497860544, 0.440120101592, -0.836591817307, -0.32620304626, -0.835755887778, -0.514491024752, 0.1918621419, 0.328338837512, -0.188183731138, 0.925624379063,  
857, 970193.0783713923, 61.41246376159378, 134.38611187183895, 90.6776235603782, 19.007064300557296, 0.692995562646, 0.720878788471, -0.00953532826357, 0.634482201389, -0.60355376603, 0.48286145801, -0.342329499566, 0.340670843841, 0.875644842321,  
875, 484769.91438581503, 48.73216244431352, 115.50345125131946, 82.8842350371619, 12.08871544520435, 0.0146573900581, 0.382230466632, 0.923950773199, 0.959289863531, -0.266025201535, 0.094834328572, 0.282042760311, 0.884946587386, -0.370569047317,  
878, 1402355.7147991923, 69.43682584471185, 120.3266657800189, 68.22377017903301, 40.78232497147901, -0.9274508003, -0.287715968625, 0.238860910199, -0.0888442028873, 0.790007573486, 0.606625701275, -0.363237829302, 0.541394084963, -0.758255052163,  
880, 850991.442146488, 58.78667014501093, 99.12358429780983, 70.69336317820657, 28.992184672699523, 0.408504169951, 0.846893405377, -0.340434873451, -0.577600539158, 0.528648908031, 0.622019251472, 0.706754526195, -0.0574620915625, 0.705121370926,  
907, 1294701.7761491577, 67.61250784335554, 109.99166589190293, 67.43903420355828, 41.668705879187065, -0.00707185964041, -0.9888970489, 0.148433875776, 0.864106718383, -0.0807477074112, -0.496789076967, 0.50325894731, 0.124749486671, 0.855083620196,  
935, 1049995.5155272975, 63.052108125952635, 120.43838304738097, 60.878165135686295, 34.1878952270043, -0.525691804711, -0.705103716946, -0.475895865508, -0.833632458859, 0.538423576487, 0.123113670316, -0.169425647396, -0.461442088058, 0.870842206932,  
948, 1124310.7232319931, 64.50587160940842, 116.33519183010415, 73.71951100402315, 31.297106476620254, -0.214593223007, -0.483063075848, 0.848881507274, 0.664528512448, -0.709162181461, -0.235564973052, 0.715787401945, 0.513555318478, 0.473190585367,  
978, 2417725.271729365, 83.26058288094018, 113.75472096915433, 78.29999002018229, 64.80182016221428, 0.801837409225, -0.46669975747, -0.373159624752, -0.422590745859, -0.00138676573814, -0.906319556445, -0.4224616322, -0.884414729219, 0.198334959248,  
980, 1596537.1267937333, 72.50425109204865, 96.1989219656976, 79.50941217225302, 49.83123665648775, -0.0298137005745, 0.960726537585, 0.27589067262, -0.454491455213, -0.258860232371, 0.852307982619, 0.89025202072, -0.0999794982879, 0.444359583587,  
990, 1370983.9275005057, 68.91513079024935, 119.82927232830025, 103.29409887102713, 26.442670957962516, -0.774036264418, 0.611340005654, 0.164715690972, 0.509164667035, 0.446406537779, 0.735848180586, -0.376323269555, -0.653440586829, 0.656807579339,  
993, 2922540.3815119066, 88.69326388816812, 128.88337986492695, 88.7939514948967, 60.96654883969932, -0.992789547197, -0.119160384854, -0.0130275729488, -0.109974563718, 0.948674964445, -0.296515441705, -0.0476918264526, 0.292944729456, 0.954939199726,  
998, 4232328.767748962, 100.34527535277071, 133.66980172509614, 117.35105621356448, 64.41254819501741, -0.715133707962, -0.535339342488, -0.449439170658, -0.142893490996, -0.517439892561, 0.84370457378, 0.684226007959, -0.667583512357, -0.293542201499,  
1023, 1485665.910344432, 70.78548026229407, 94.42607271586483, 69.53900573745074, 54.01472194768011, 0.538044612565, 0.621563021797, 0.569357009989, 0.524033918278, -0.775720222558, 0.351634169, 0.660224543155, 0.10916751462, -0.743092192374,  
1031, 2819380.349075395, 87.6371716666715, 117.69423071977069, 84.50711499991881, 67.67318378680177, -0.983462265354, -0.164449755075, 0.075883138314, -0.0105747064585, 0.47040575027, 0.88238687983, -0.180804170881, 0.866991757844, -0.464365312683,  
1039, 3858454.384681285, 97.29897241684125, 127.43105105925753, 96.37553096670918, 75.00370414400787, -0.0377587251956, -0.329021284524, 0.943567312385, 0.861715572672, -0.488833052916, -0.135972490567, 0.505984733451, 0.807952499041, 0.301980477527,  
1040, 2719144.844528842, 86.58604664385065, 118.62926771745211, 85.14866542023292, 64.26492989014046, 0.779246264328, -0.352051053979, 0.518493312322, 0.174678592656, 0.916535465116, 0.359791787638, -0.60188258722, -0.189796724354, 0.775702619968,  
1048, 1732278.5671195998, 74.50344834293648, 90.14597335207527, 80.33252787255478, 57.10726443147112, -0.275568906754, -0.923788706699, 0.265849963334, 0.485883824915, 0.104774020792, 0.867720757648, -0.82944480607, 0.368289057591, 0.419981527859,  
1073, 612150.6619482836, 52.67322441676805, 115.26517980769104, 50.05016288446707, 25.331802119962873, -0.947320016841, -0.318407705797, 0.0346600430204, -0.313377369279, 0.943794619886, 0.105101569435, 0.0661771117271, -0.0887031474264, 0.993857304405,  
1091, 694406.4363037571, 54.93406150573212, 99.72133325042124, 82.96641446815308, 20.03709375321015, 0.784277999218, -0.474631272079, 0.399541206269, -0.0709138408061, 0.571194733466, 0.817745561678, 0.616343449, 0.669672854479, -0.414317536256,  
1097, 1971251.6875369223, 77.7829642224554, 117.3524915617012, 73.67354886207862, 54.43140739710144, 0.863291982002, -0.490238813771, 0.119970243323, -0.307018347843, -0.321434530419, 0.895778754348, -0.400582935107, -0.810151682172, -0.428004163502,  
1102, 1200378.5457794738, 65.92900758850163, 132.450114236794, 85.27772658231567, 25.371238287193215, 0.284646357395, -0.527636027019, 0.80036034023, -0.905592589273, 0.125859902118, 0.405044870716, 0.314449540429, 0.840094939891, 0.441997713221,  
1117, 1317356.4847726387, 68.00459128086825, 124.68598908989217, 91.11647229196436, 27.682171348484996, 0.539800913643, -0.61561082555, -0.57414134592, -0.767299611077, -0.640343233128, -0.0348116450039, 0.346217100199, -0.459329789207, 0.818015809307,  
1126, 189266.64093855693, 35.61736785680542, 160.12225856663636, 27.5183522854429, 10.254425440551023, 0.467076523244, 0.730004290087, -0.498932117516, 0.611598826893, 0.140787585389, 0.778540770123, 0.638581550295, -0.668784413885, -0.380711191544,  
1135, 2925652.208745402, 88.72473196934683, 123.40847361427228, 98.75071418505489, 57.312435227624185, -0.19729192525, -0.958351361703, -0.206491074272, -0.518989809834, 0.280796439271, -0.807343134597, 0.831700350799, -0.052115517993, -0.552773461072,  
1142, 1214328.9759436462, 66.18342673991582, 132.25742107440746, 67.88671137806755, 32.2881325975368, -0.469430181383, -0.232892304097, -0.851702107253, 0.0558482165191, -0.970488336468, 0.234591912673, -0.881201612299, 0.0625584804217, 0.468583135643,  
1147, 1808654.3995743678, 75.58268689280986, 107.79690915304604, 72.01070915490702, 55.62417509263015, 0.210133463112, -0.975762420486, 0.0610870399396, -0.935926669783, -0.218831061849, -0.275960568123, -0.282639693726, -0.000815560004631, 0.959225801567,  
1172, 1825704.67894918, 75.81945175659328, 108.10511497223729, 89.23214401313258, 45.18292561042894, 0.669974004898, 0.543674211109, -0.505522684888, 0.616966585967, -0.0290271507674, 0.786453848817, -0.412900792639, 0.838794239783, 0.354876258357,  
1182, 1257679.0533347263, 66.96179281801963, 129.9260521685324, 65.36381153811257, 35.354736667897775, 0.301753727731, 0.172831695147, 0.937589405312, -0.855547925806, 0.48303948157, 0.186307825635, 0.420692802944, 0.858371751863, -0.293624762502,  
1187, 1568039.5108237816, 72.07026696445246, 101.3227040903115, 64.57970580305452, 57.209158335818486, -0.443779070976, -0.872269291494, -0.205442009531, -0.847802027482, 0.334388035503, 0.411602191332, 0.290330601834, -0.356834590291, 0.88790608558,  
1200, 2176899.96429108, 80.39887175818741, 102.61139218222355, 79.84264433369574, 63.4336017010708, -0.667493597521, 0.570312769459, 0.478743816943, 0.733221995616, 0.391378979093, 0.556064744315, -0.129760558006, -0.722195153485, 0.679408829696,  
1202, 77802.69517124494, 26.483091282293216, 107.2173597836193, 49.567490162186715, 3.4949743660855996, 0.599946013461, 0.611218302114, -0.516214071963, 0.714573276975, -0.119211720905, 0.689328366913, -0.35979134615, 0.782432586719, 0.508280861804,  
1203, 848966.5128883283, 58.74000559787297, 95.05031936488436, 69.1154642581881, 30.8512766883724, -0.977485479663, 0.0711720346915, 0.198637052249, 0.173605560642, -0.263799136572, 0.948826182637, 0.119930172862, 0.961948313072, 0.245503964562,  
1221, 1225974.8562105244, 66.39432876851987, 134.42336141789372, 82.92177156717595, 26.25727367390283, 0.0990663738898, -0.492198354268, 0.864827516688, 0.638548700667, -0.635115041767, -0.434608376125, 0.763178491862, 0.595289562967, 0.251374075398,  
1222, 667684.5283823004, 54.22017327933706, 115.4179809523769, 79.50181270848331, 17.371295167053272, 0.163515556119, 0.728417413543, -0.665335054356, -0.360744615697, 0.671854246164, 0.646896586912, 0.918218920058, 0.134238383332, 0.372631280608,  
1229, 360458.4552443, 44.14913536860316, 135.55687724956599, 42.27700433673732, 15.01553621346151, -0.943071194343, -0.327366255161, -0.0587201616383, -0.294507882334, 0.739932071918, 0.604785611759, 0.154537470032, -0.587649439657, 0.794220565351,  
1239, 1284651.1950372169, 67.43709781646888, 112.96175822010584, 103.4179004658886, 26.252426773842657, 0.98381873835, -0.0069093163545, -0.179033380738, 0.131055148968, -0.653613995685, 0.745394722662, 0.122168891293, 0.756796542006, 0.642132195119,  
1245, 2031034.1559632123, 78.56145880189756, 129.40369719233775, 80.33203815434027, 46.64371650669938, -0.00752690528659, 0.644974161511, 0.764167309351, 0.787187637571, -0.467442200205, 0.402285238012, 0.616667632483, 0.604571021842, -0.504197293326,  
1265, 1780286.472415026, 75.1854426317847, 103.68767439323084, 66.69652403378146, 61.45694218823861, 0.0375336797108, -0.163491508338, 0.985830487248, 0.951947685312, 0.305917700596, 0.0144901653587, 0.303952014827, -0.93791518122, -0.167117579923,  
1266, 1265322.13138676, 67.09716411890422, 124.19513883654496, 68.36478600032137, 35.57750095104723, 0.638666780285, -0.72124879581, 0.268150924486, -0.552946976741, -0.187829989877, 0.811769385858, 0.535120906594, 0.666723383005, 0.518773115997,  
1267, 750607.9974566352, 56.3778088342358, 121.56772738738579, 59.03500694216312, 24.968741975660883, 0.816227306773, -0.409703933412, -0.407327473448, -0.509484420122, -0.178036639869, -0.8418601906, -0.272394216773, -0.894676277662, 0.354056138003,  
1274, 2060990.4469623202, 78.94581692688297, 126.11697694245035, 69.7252885991188, 55.953015470024965, 0.398957701964, -0.709854258341, 0.580465058345, 0.583910145734, 0.684757621472, 0.436068734886, -0.707023121088, 0.164966456443, 0.687680430502,  
1275, 2436747.680700397, 83.47837453418238, 150.28782395406105, 97.28703845537667, 39.78718128290292, 0.0489968130001, 0.387629472532, 0.920512196736, -0.970493561812, -0.199376146069, 0.135614891736, 0.236096503146, -0.899995857992, 0.366423111715,  
1281, 886723.6862936234, 59.598212371634496, 97.82190694338138, 58.572776411210064, 36.94602884834452, -0.613381933689, 0.761301405771, -0.210196986169, 0.765386520357, 0.638636027064, 0.0795455805936, -0.194797530477, 0.112090117793, 0.97441763511,  
1292, 1625489.6821179788, 72.93990655785097, 136.72813140009256, 95.16331279503424, 29.824157017421854, -0.0748734792579, 0.518153607258, 0.852003991416, 0.827042449154, -0.445086947204, 0.343363359616, 0.55713081893, 0.730352277134, -0.395209820075,  
1293, 1554313.1370393212, 71.85935302672195, 90.5879878483885, 70.73209060068321, 57.911231530698394, 0.237869840211, 0.347320024302, -0.907075928374, -0.913220176748, 0.398055981078, -0.0870651750626, -0.330827519863, -0.849070218914, -0.411865166596,  
1297, 1769573.4247584946, 75.03432719413009, 116.1688256215359, 69.94510325350093, 51.99158573850751, -0.957301455534, 0.164862230472, -0.237474984357, -0.043282039891, 0.730459033891, 0.681583644779, 0.285833147578, 0.662759416962, -0.692133922716,  
1300, 453731.39817796473, 47.6690768320118, 105.53138732607479, 40.385438604687096, 25.41579932656758, 0.563708101601, 0.825904314467, -0.0107349678466, -0.520099826025, 0.365022626742, 0.772175273455, 0.641661396032, -0.429698202593, 0.63531890223,  
1304, 1708917.267611023, 74.16701658548769, 104.54304495501351, 74.26929491867949, 52.5445869610277, 0.893362260129, 0.439281631829, -0.0945278800952, 0.310173930839, -0.450670095748, 0.837071441053, -0.32510921981, 0.777128118611, 0.538865365799,  
1308, 1244637.0050243116, 66.72952497509311, 138.72367185868643, 70.48807284024592, 30.38700429303836, -0.914111569685, -0.0891041476121, -0.395550867837, -0.348288162292, -0.32691988216, 0.878532154594, 0.207594301886, -0.940842091707, -0.267807326818,  
1329, 1606569.7137534637, 72.655805525168, 117.56607856412788, 70.75999149584338, 46.10427125762172, 0.908393379058, -0.302405292127, 0.288742979443, -0.257242580173, -0.948625198492, -0.184218586825, -0.329617541751, -0.0930659555329, 0.939516367122,  
1338, 652457.5851313868, 53.804825226898615, 138.9397806095747, 103.11297800706937, 10.872357804434866, 0.279352496448, 0.0618911949464, 0.958191871556, 0.387182094684, 0.905932500713, -0.171395244121, -0.878665014829, 0.418874425263, 0.229111343186,  
1356, 1503835.2336913745, 71.07287475923987, 101.14818558832113, 64.95738944709406, 54.64179868419987, -0.985673330777, 0.168519087594, -0.00702866359076, -0.110736898675, -0.615146040546, 0.780597648006, 0.127221948841, 0.770192616114, 0.624994327827,  
1368, 3720796.3364939475, 96.12782068568124, 123.59226698664256, 110.49013900202, 65.04777881602202, -0.13884259297, -0.781022811188, 0.608872813304, 0.959688029331, -0.25783456184, -0.111893811625, 0.244380074345, 0.56879232337, 0.785336661655,  
1373, 1989093.8037630417, 78.01693510836938, 92.34368763918683, 78.6589706040953, 65.3749218971805, 0.802265487213, 0.318116305045, 0.505145627014, 0.422974512036, -0.900042281763, -0.10495929309, 0.421263160263, 0.297868943502, -0.856627948588,  
1377, 2244506.1329725483, 81.22269504802806, 122.33897416912393, 95.48698043664028, 45.86941407645541, 0.461289967594, 0.473404103209, 0.750399973922, -0.79756743577, 0.591785280384, 0.116946001729, -0.388712941895, -0.65244060035, 0.65055630949,  
1379, 2228576.127820216, 81.03008384125557, 134.00242973498274, 75.67387031082067, 52.46627670534019, -0.0704553639651, 0.766488330483, 0.638382080671, -0.623523217097, -0.533379337399, 0.571598880489, 0.778623682808, -0.35777384151, 0.515502705038,  
1392, 760830.793068425, 56.63259872172537, 99.47058390380954, 66.11670689536396, 27.618086819561114, -0.953091878656, 0.0771610008612, -0.292680800167, 0.289092012544, -0.0544229256722, -0.955753081839, 0.0896754098041, 0.995532181854, -0.029563419442,  
1404, 179717.19945993056, 35.0079766796282, 105.40957389278995, 68.12668162730651, 5.974529912377922, 0.515441228719, -0.525973906706, -0.676514441236, -0.477696745818, -0.831785891664, 0.282733177155, -0.71142544147, 0.177436410844, -0.679992765649,  
1405, 498171.8980567614, 49.17717066750543, 73.95730810512744, 46.904692663212174, 34.284137323918614, 0.299181673019, 0.832783031632, 0.465792602726, -0.664626176914, -0.168389177758, 0.727954071199, 0.684662231681, -0.527368473687, 0.503110446592,  
1413, 717965.8731178456, 55.54842258508438, 97.87948778067525, 69.40583423167772, 25.23059693187647, 0.312055678992, -0.461306349681, 0.83055265032, 0.88513170774, 0.458802029926, -0.077733887647, 0.34520010597, -0.759405786836, -0.551488656056,  
1414, 1883770.3161178962, 76.61487780954802, 104.84996442469496, 68.6496944074708, 62.478766105132465, 0.609254804265, 0.215701641081, -0.763073643573, 0.405971090775, 0.741772982937, 0.533816743124, 0.681172560322, -0.635016254768, 0.364360123016,  
1418, 2045946.2601592229, 78.75325947544555, 118.45779005375451, 82.58987849834855, 49.924665005252265, -0.257265226779, 0.626048805786, 0.736123288495, -0.752501319469, 0.348127929691, -0.559060559122, -0.606264271821, -0.69776058741, 0.381541341626,  
1422, 1943380.9695295235, 77.41464241766232, 108.51137887776616, 90.63445316217, 47.173786297396, -0.949192790535, 0.301094237969, -0.0915166993406, -0.262487356113, -0.597089506078, 0.758013528647, -0.173589844971, -0.74352295297, -0.645786484939,  
1428, 552181.539117565, 50.893746766610214, 91.41046710482495, 50.943341141057054, 28.308047815244375, -0.0765079802314, -0.965029124197, -0.250729572274, -0.195509050866, -0.232065043961, 0.952849424831, -0.977713015148, 0.121920485658, -0.170917100334,  
1430, 3804470.5192959555, 96.84306765424633, 113.01776869635593, 102.06497153620414, 78.73759878556729, -0.421426444682, -0.579809710955, 0.697295095928, -0.775628027635, 0.62886409922, 0.0541397031729, -0.469894578039, -0.518025717309, -0.714736624034,  
1436, 4382890.240167879, 101.5213369729776, 117.99370549050302, 103.73387881778442, 85.4855141741908, 0.172047380338, 0.721305393368, 0.670908509722, 0.903463876605, -0.386987675806, 0.184373432045, 0.392622875784, 0.574420637053, -0.718253582754,  
1440, 497974.38870570617, 49.17067074581735, 131.08509710844103, 48.609605377135345, 18.657050296657165, -0.671500475633, 0.599084200479, 0.436102318224, 0.705162137434, 0.335810315991, 0.624482018639, -0.227669653562, -0.7268628154, 0.647948282223,  
1444, 3148311.0148150353, 90.92074936498882, 116.21560891310962, 85.41378232373008, 75.71755881883374, -0.0508191194597, 0.367120729853, 0.92878403669, -0.995050279452, -0.098131637565, -0.0156564067006, -0.0853953070098, 0.924982460061, -0.370290548245,  
1449, 2549535.0239035496, 84.74695922053775, 122.78748403192455, 83.90818845242653, 59.076387105373655, -0.771412820738, -0.495727493031, 0.398969312922, -0.586801813824, 0.311655107031, -0.747351808423, -0.246142014481, 0.810632683103, 0.531308537286,  
1454, 331367.08909771376, 42.92796037740094, 114.32553159649831, 46.40080616567902, 14.912553265677603, -0.426161340924, 0.867975520808, -0.254960794593, 0.903809236505, 0.420634922902, -0.0787091204535, -0.0389278243589, 0.263978705416, 0.96374263555,  
1466, 1607060.5295678347, 72.6632036868463, 137.77921485904307, 95.39383336002635, 29.19037126598407, -0.212952657011, -0.375104486329, -0.902190550941, -0.976963996861, 0.0948590019275, 0.191162544946, -0.0138749669833, -0.922116258445, 0.386664054707,  
1471, 613556.0580303741, 52.7135032614715, 111.00927769020957, 93.019878660161, 14.185040946040955, 0.0213128974544, -0.929253815654, 0.368826661855, -0.493756701065, -0.330564407472, -0.804320516129, 0.869338875558, -0.164968235141, -0.465870583787,  
1474, 2919843.4743122323, 88.66597357617393, 119.38530270190273, 85.78422087544944, 68.06325039265873, -0.321012202544, 0.798781105404, -0.508822082331, 0.207490213966, 0.583520941325, 0.785144013633, 0.924066543559, 0.146465206397, -0.353056605078,  
1482, 1978740.910900403, 77.88134466171378, 126.23368581192841, 79.09068461955962, 47.31509601805885, 0.362499066969, 0.819705137292, 0.443483837749, 0.825893171793, -0.0620417263913, -0.560402795293, 0.431850547334, -0.569415763818, 0.699478943703,  
1484, 1339560.2673253643, 68.38453256862915, 118.42655625469425, 57.71541781044056, 46.787808498818485, 0.799695062923, 0.471138458929, 0.372177859169, 0.512332620577, -0.212262764496, -0.83214169749, 0.313054455695, -0.856138465044, 0.411125086127,  
1485, 1535815.6597012894, 71.57315484458519, 103.01168135578226, 90.16393490453238, 39.47581905384018, -0.680170890346, -0.72334110006, 0.118933649109, -0.113390314653, 0.264107752784, 0.957804641596, 0.724230761891, -0.637984911957, 0.261658280295,  
1489, 2064978.0530509297, 78.99669893694616, 110.43699124855073, 83.24780638373676, 53.62156267057025, 0.223061588275, 0.90270104848, 0.367932527659, -0.777889662969, -0.0626347479674, 0.625271589466, 0.587478680534, -0.425684983785, 0.688230408001,  
1493, 603320.0328899907, 52.41871602993966, 127.09771715504137, 81.027210237158, 13.985902625332459, 0.414952129638, 0.511784336279, -0.752257617607, 0.742353299898, 0.287591981146, 0.60514661902, -0.526047819346, 0.80954780311, 0.260587885829,  
1496, 1562693.0036666868, 71.98826159606234, 127.27844030083645, 95.1247726389259, 30.813184331102363, -0.216038333361, -0.801207451492, 0.558026933214, -0.967302103003, 0.253403052523, -0.0106552568049, 0.132868657117, 0.542082569952, 0.829754425906,  
1507, 857817.0744209317, 58.94342383630613, 104.32888179670107, 92.66640711923681, 21.18259679892761, -0.224651271548, 0.563436963011, 0.795028675524, -0.734303563579, -0.634225657475, 0.241983660431, 0.640570123177, -0.529430452574, 0.556213370191,  
1517, 2158102.0913243997, 80.16678347099972, 123.71361194320961, 73.08242955545606, 56.98399758379252, -0.82587790373, 0.384949956941, 0.41199419751, -0.118516371543, -0.832873380698, 0.540625379909, 0.551252716825, 0.397662498077, 0.733474593845,  
1518, 1250335.4000109066, 66.8312071929532, 136.5039950501916, 85.47311889907719, 25.5836794158513, -0.0207742527741, -0.00699930896096, 0.999759691174, 0.690751136883, -0.723032874686, 0.00929134103399, 0.722794090538, 0.690778163955, 0.0198552483249,  
1519, 1349740.5738257382, 68.55733039966242, 118.42192654137938, 66.05305276163605, 41.19425733520918, 0.88385505702, -0.242592848876, 0.399936179728, -0.335175623214, -0.92485195003, 0.17973917806, -0.326278316448, 0.292912239759, 0.898746282337,  
1522, 1289193.6405013555, 67.5164887552007, 108.80039037862021, 61.60798978145536, 45.91578918527604, -0.916576002083, -0.388007943094, -0.0966347168568, -0.391787515725, 0.823133377084, 0.411040127058, 0.0799435733988, -0.414609792004, 0.906480968055,  
1531, 2280010.528401257, 81.6487263267955, 112.08480509333269, 89.61956767192079, 54.18744296004195, -0.979810570386, 0.165556138312, 0.112082162838, 0.199548474197, 0.844350681139, 0.49724474226, 0.012314731211, -0.509571479115, 0.860340197287,  
1532, 2068745.4805363535, 79.04471131565836, 107.1848198873373, 95.14294518631584, 48.42934323584441, 0.661734321117, -0.749736699286, -0.00160312188003, -0.706457062949, -0.624247889102, 0.333516103301, -0.251050007897, -0.219566515424, -0.942743039666,  
1544, 371644.491000152, 44.60118149311633, 132.71011858106002, 70.25634819788141, 9.51589148295833, 0.473785697331, -0.848284578791, 0.236517201045, -0.678037644507, -0.522765122284, -0.51670260262, -0.56195379315, -0.084438737013, 0.822847515677,  
1547, 905829.493055469, 60.02321898823451, 132.3580503982548, 64.8168420752711, 25.206910419949445, 0.111829092659, -0.78551380194, 0.608656159911, 0.241904612884, 0.615591770622, 0.750019286557, -0.963834224491, 0.06336275645, 0.25886048133,  
1550, 1857242.009670718, 76.25353172772994, 95.43172232481403, 75.14260471407478, 61.83023286631281, 0.704649029476, -0.528053307297, -0.473950893987, -0.451235954532, -0.848973807273, 0.275008341513, -0.547590959199, 0.0200793231047, -0.836505207508,  
1552, 3728462.253115606, 96.19379243734954, 143.2676543753881, 108.330722929048, 57.35104682557238, -0.256374185505, -0.353300543475, -0.899694949962, -0.283659678587, 0.917320923045, -0.279391322142, -0.924018107913, -0.183578457681, 0.335394523098,  
1553, 886175.9874431792, 59.585939252884685, 127.91523222351111, 86.75556261927242, 19.06390101471798, 0.53676268687, -0.52565516791, -0.659979137878, -0.666210124449, 0.215936250754, -0.713817627754, -0.517735345583, -0.822835451388, 0.234290272683,  
1555, 1158594.0593210778, 65.15497202845359, 91.11741072405172, 87.65050455457077, 34.632743601417275, -0.302473457288, 0.223070362685, 0.926687337201, -0.921214763409, -0.318002145801, -0.224138338851, 0.244689941178, -0.921473954357, 0.30168291985,  
1556, 2342464.4677916006, 82.3875271066781, 106.79402343111762, 97.50214777963424, 53.706057369593154, -0.957923858188, -0.088326864159, -0.273093842811, -0.104459973778, -0.778935343114, 0.618342821682, 0.267338728567, -0.620852717088, -0.736934127241,  
1566, 772882.7588935703, 56.930063735489554, 90.74804950711828, 71.4523195588374, 28.455837945024413, 0.822813510113, -0.174919463383, -0.540722765293, -0.0857186437888, -0.978768104152, 0.186186230428, 0.561809791374, 0.106846523686, 0.820337478537,  
1568, 3924219.359628673, 97.8486614317084, 119.31977603274323, 100.64530107585745, 78.01151890248038, -0.59852328427, -0.7828290641, 0.170142688902, -0.764037554278, 0.493949064621, -0.415043295589, -0.240866132612, 0.378408480298, 0.893750819971,  
1569, 2766826.4465597663, 87.0892271024569, 99.23615723528114, 92.59959819935771, 71.88102611590865, 0.834743263584, 0.0593656539303, -0.547429815625, 0.408732221639, 0.599374293821, 0.68825026473, -0.36897378619, 0.798264476875, -0.476058998512,  
1578, 1965980.0923812129, 77.71356561664531, 109.98562443113704, 77.3561988462005, 55.164471349780165, 0.556391286271, -0.652239200687, 0.51479390211, -0.750578634842, -0.660294368949, -0.0253586129916, -0.356455396201, 0.37228399297, 0.856938842099,  
1579, 3039434.7037329096, 89.86034249139107, 115.97768101366874, 99.41866291319293, 62.93059961798723, 0.520042967927, 0.378269328423, 0.765811743631, 0.742845575315, 0.24223877984, -0.624100011838, -0.421587194711, 0.893438687721, -0.155021122881,  
1586, 964261.7552633237, 61.28705848353728, 122.3424396040404, 49.416238669355344, 38.07671825048953, -0.581877027939, 0.0272003075928, 0.812821793276, 0.163322358449, -0.975171900188, 0.149551236417, 0.796708812294, 0.219772401248, 0.562987708625,  
1587, 2976734.6559534776, 89.23813899878901, 111.5401740875871, 90.81214727110739, 70.1578467807077, 0.500929995084, 0.141208636844, -0.853890660978, 0.595938291228, -0.77173973901, 0.221980468242, -0.62763579652, -0.620062816264, -0.470739217416,  
1590, 2912956.321808309, 88.59620535699474, 114.97076575541762, 90.6650336046996, 66.71417388175237, -0.662948212464, -0.303922007202, 0.684201053148, -0.736011861333, 0.0972641371212, -0.669944943713, -0.137062786956, 0.947718893538, 0.288171288062,  
1594, 1472627.231265872, 70.5777928253913, 135.4498655253289, 81.36645434992953, 31.89923353327197, 0.39071807099, 0.314294090525, -0.865192818777, -0.774628139857, 0.620023731866, -0.124586583811, -0.497283253231, -0.718880933524, -0.485715523194,  
1595, 491373.94511636556, 48.952458178837766, 104.7914073154962, 37.14009015874086, 30.140807874422663, -0.265500798978, -0.0869133217521, -0.960185086452, 0.249956899123, -0.968079976646, 0.0185123579982, -0.931144926595, -0.235089840954, 0.278750591671,  
