# Void_ID, Void_Volume, r = (a*b*c)**(1/3.0), a, b, c, vector_a, vector_b, vector_c 

0, 1117577.3525649372, 64.37684087491385, 108.34645197665836, 66.70192167748074, 36.917811066027376, -0.455128951767, 0.100907643502, 0.884689371897, 0.100450223337, -0.981396941193, 0.163614780652, 0.884741425443, 0.163333068603, 0.436525965786,  
2, 1810127.5418393894, 75.60320192956722, 131.52678354006576, 71.23819381635583, 46.12044273461861, 0.0735252516451, 0.854964643655, -0.513448629827, 0.945843145615, -0.22300892637, -0.235897780092, 0.316187889179, 0.468297423504, 0.825059235374,  
5, 3155531.6565305977, 90.99020511367695, 127.8034771717347, 95.3724219089501, 61.804265690540994, -0.990960489812, -0.0131225499964, 0.133510697376, 0.0274592248326, 0.954293370041, 0.297607383757, -0.131313741108, 0.298583259036, -0.945306690349,  
6, 652795.9980273942, 53.814126010069195, 79.87309432860867, 63.74699202989461, 30.60755703867597, -0.717335236138, -0.143273973066, -0.681837757562, -0.621543416628, 0.573796401312, 0.533330545804, -0.314823665313, -0.806368562435, 0.500655371763,  
7, 2032705.8214716276, 78.58300652207242, 116.08067409228033, 66.96375392309486, 62.428975569677704, -0.973424588151, -0.215656583874, 0.0770506911972, -0.221291591543, 0.799185083412, -0.558867814393, -0.058945760618, 0.561066342141, 0.825669399349,  
8, 2758364.8484923975, 87.000356748999, 116.43318707993271, 94.25581546513862, 60.003717799327546, -0.249827267426, -0.161616657372, 0.954707490549, -0.672706123318, 0.738144690315, -0.0510772729308, -0.696457326834, -0.654998070394, -0.293129185991,  
9, 1615898.255122763, 72.79615944589663, 145.0320453342342, 123.74503456583673, 21.494811933786263, 0.0658502284291, 0.786005180095, 0.614702858526, -0.72260978305, -0.387262720235, 0.572592950495, 0.688112526304, -0.481895675827, 0.542473694074,  
10, 991597.036087484, 61.86080068073988, 144.4346929528576, 51.16122048962178, 32.03569806519589, -0.871484307888, 0.234677369505, 0.430629345665, 0.138238655512, -0.724922652477, 0.674816435816, 0.47053711355, 0.647621556287, 0.599317232027,  
11, 3282988.4096116815, 92.19914918425401, 105.85657663665572, 104.84383806338137, 70.61874321392614, -0.860744054382, -0.366913307073, -0.352837495085, 0.0987791461367, -0.800363370637, 0.591321532866, 0.499361946021, -0.474123507153, -0.7251513958,  
13, 826682.8779855808, 58.22150726726284, 86.22803556906439, 74.74903979235309, 30.61936804659316, 0.829875448026, 0.553276321673, 0.0720558994017, 0.370384115463, -0.642869124605, 0.670473635308, -0.417279699693, 0.529721247927, 0.738426063813,  
15, 1704862.937913801, 74.10831749870934, 100.25330708117534, 72.41910141308658, 56.05947432000231, 0.413645368998, -0.517518111098, 0.749047737726, -0.499608715596, 0.558762811972, 0.661948072931, -0.761110136581, -0.648042533051, -0.0274269092426,  
16, 698304.8528061331, 55.03667016405151, 112.32259194949813, 77.07642300552794, 19.256075614431754, -0.822928554397, -0.551659717383, 0.135868136713, -0.0757460792891, 0.343539438667, 0.936078621459, -0.563072931182, 0.760034348103, -0.324494474334,  
17, 1878267.6439940704, 76.5402052739457, 126.36331627960442, 85.25287582301804, 41.62352098845938, 0.670463913854, 0.232576930905, 0.704546741835, 0.275209648952, -0.959812775211, 0.0549462070249, 0.689012183741, 0.157058612477, -0.707527245343,  
18, 2367190.3874637405, 82.67639403447924, 138.37982933475425, 98.069115083782, 41.642762509189645, -0.101602679146, 0.837146602713, -0.537459264648, 0.994526863312, 0.0722462716366, -0.0754771116705, 0.0243559795902, 0.542186353388, 0.839905199685,  
19, 1416674.7840171815, 69.67235945359351, 131.09091471736247, 85.67122720234504, 30.114383212320764, -0.253490169727, -0.578398174619, 0.775369773365, 0.614218641574, 0.522995258512, 0.59094113067, -0.74731398635, 0.626044336426, 0.222688784257,  
20, 3162780.098144984, 91.05982178538119, 111.69246683520656, 98.70397795901893, 68.48916149915863, 0.230604504079, 0.950664778301, 0.207504318018, -0.505018083177, -0.0653492844265, 0.86063128382, 0.831732107329, -0.303258883337, 0.465033064754,  
22, 2982787.3916870714, 89.29858209658427, 122.02621897769275, 84.57742550334459, 68.99634312859482, -0.731967954573, 0.296671840853, 0.613358567498, 0.176748739043, -0.786727544446, 0.591455538529, 0.658014283071, 0.541336854144, 0.523422977734,  
23, 2670532.3026258913, 86.06694917381715, 106.19124260740156, 86.48221397243407, 69.42145700135727, -0.401122115177, 0.0141646586829, 0.915915067657, 0.154546756572, -0.984500616494, 0.0829086012199, 0.902893320802, 0.174808176489, 0.392715867623,  
24, 2710236.020313984, 86.49138160730855, 124.73511006843687, 80.43901730658376, 64.48564271365696, -0.879102474959, -0.279136651537, 0.386343847225, -0.00609488472705, 0.817086318541, 0.576483131091, -0.476593842701, 0.504433026101, -0.720003910599,  
25, 2211118.232236552, 80.81794169465549, 121.01358810521052, 84.19008794999135, 51.81174924616841, 0.219943224365, 0.414726041432, 0.882965055149, 0.670968794655, -0.721338137921, 0.171674597364, 0.708114294909, 0.55468333429, -0.436921668044,  
26, 983443.1127418686, 61.69077288856704, 122.45982139091454, 52.049402569809466, 36.83420181366372, 0.633768067735, 0.215234669232, -0.742975149974, 0.601363567705, -0.741223483092, 0.298244207909, 0.486518135075, 0.635815842264, 0.599198063222,  
27, 2654767.3954913463, 85.89725564088778, 110.3258445292658, 97.22108463568055, 59.08811606745877, 0.469929548808, 0.658291673455, 0.588063169921, -0.181195563021, -0.58007982075, 0.794150848076, -0.863906468953, 0.479749386888, 0.153317118034,  
29, 2513283.954931102, 84.34337651511532, 116.54082776283703, 81.85344334906391, 62.89815366524187, -0.105807212474, 0.43254966175, 0.895380156084, 0.9913010047, -0.0249979983264, 0.129218490007, -0.0782761257874, -0.901263496542, 0.426141945755,  
30, 1995405.555982815, 78.09936856444521, 99.6642591897248, 75.88382980355435, 62.98742925020756, -0.177094251561, -0.664456384881, 0.726040865692, -0.970016543664, 0.242601103568, -0.0145811373121, 0.166449785467, 0.706853886697, 0.687496946742,  
31, 1296193.8852795823, 67.63847173998167, 115.1023885308578, 65.70009697460436, 40.91956540521411, 0.659939674033, 0.722893694804, -0.204705477822, 0.597885960887, -0.340301266621, 0.725759895358, -0.454985718909, 0.601348280075, 0.656786298304,  
34, 2081294.8708514767, 79.20422245686296, 131.8307988889362, 100.05315150879953, 37.67014986755634, -0.455296125695, 0.401959552489, 0.794439397368, -0.721821376374, 0.355723076437, -0.593662356479, -0.521228681614, -0.84373551013, 0.128183658902,  
35, 2092409.433174142, 79.34496142316553, 112.5448351805835, 73.66565642525775, 60.25143950053026, -0.0503569398391, -0.0667779242715, 0.996496305783, 0.914655615313, -0.403779507772, 0.019162841137, 0.401085133092, 0.912415923761, 0.081411903795,  
37, 2866636.1485357485, 88.12409187481678, 104.45394677958312, 96.18523699415802, 68.1162436025845, -0.966106580893, 0.257676154231, -0.0155265545533, 0.258032279525, 0.965707450116, -0.0287830421351, -0.0075774058023, 0.0318138386893, 0.999465088229,  
38, 785400.119010913, 57.23575963258897, 142.3489629327734, 72.41101079202282, 18.190449714543934, 0.528977677845, -0.634420737162, 0.563642568123, -0.745670657965, -0.0303745353938, 0.665622007936, 0.405164023811, 0.772390908711, 0.489136379704,  
39, 1458341.436219274, 70.34882836269347, 108.11092989718186, 65.39772582833287, 49.2423031307741, 0.0702572898689, -0.333028202861, 0.940295766937, 0.683085040284, -0.670878508532, -0.28864659106, 0.726951677184, 0.662581499054, 0.180352477526,  
41, 2523231.3365511824, 84.45450486386903, 112.21570232963047, 79.28104527843196, 67.70885363527516, -0.0996163119928, -0.850599152523, 0.516292235185, 0.057509160369, 0.51308399264, 0.856409664221, -0.993362615996, 0.115003905255, -0.00219429201713,  
42, 1014692.8746433405, 62.33739750047141, 112.48334650578013, 65.79743758299891, 32.730210016138386, 0.262854727419, -0.842155240326, 0.470831119899, 0.689889731253, 0.505201619798, 0.518481901386, -0.674506894691, 0.188536135913, 0.713788886485,  
44, 2610417.333849448, 85.41623904025549, 104.53993765243871, 85.359095043861, 69.8375984203573, -0.980725086588, -0.0807150798885, -0.17794207039, -0.195038680725, 0.459190618009, 0.866662500258, -0.0117565963277, -0.884663242263, 0.466082321304,  
45, 649006.438397617, 53.70979135626782, 124.12076282906281, 50.22993165458853, 24.85154379729247, -0.803712076943, -0.0276399285947, -0.594376086097, 0.547613447144, -0.425079734285, -0.720712655645, 0.232736782404, 0.904733802755, -0.356777712685,  
47, 1731940.0475865877, 74.49859490575953, 120.61618003716833, 63.58987234603164, 53.90768996483264, -0.620908160586, 0.771123682917, -0.140859226754, 0.278449540028, 0.384942786725, 0.87993460246, 0.732761154658, 0.507136388551, -0.453733152449,  
48, 2419606.9152492424, 83.28217702325476, 101.76668751452905, 87.9020818397941, 64.5730660990241, 0.706093922563, 0.0759968584185, 0.704028302009, -0.610283499103, -0.438943730015, 0.659456179441, -0.359145406822, 0.895294856118, 0.263555871435,  
49, 2960504.1647645594, 89.07565455381652, 123.99677503597806, 84.8161655772559, 67.20290431037442, -0.72067891349, 0.303169634334, -0.62346617909, 0.670586585149, 0.0766855268554, -0.737857006329, 0.175885006379, 0.949846041624, 0.258567131983,  
50, 1375517.6010535264, 68.99101180102424, 93.57883994070414, 68.76281614969407, 51.03242792167607, -0.637362781826, 0.242715065024, 0.731339922029, 0.125982412866, -0.903503539, 0.409645928409, 0.760195445916, 0.353229036497, 0.545281699476,  
51, 1091807.6019657317, 63.87817524587307, 95.38105272832884, 85.10187734814114, 32.11117906369168, 0.716727164325, 0.139470951827, -0.683264242819, 0.550854453962, 0.487587254175, 0.677361085476, -0.427623131354, 0.861862241407, -0.272638835033,  
52, 721168.930307329, 55.63090600257363, 122.40912659587538, 81.68639451657012, 17.218085971284275, -0.0070963038873, -0.993240062914, 0.115861209614, -0.985289815784, -0.012838638449, -0.170408768185, 0.170744315813, -0.115366142281, -0.978538211739,  
54, 715886.4297475249, 55.494742458987325, 98.80104131932629, 48.14073521656384, 35.93199083552822, 0.29015040673, -0.685344488183, 0.667918912737, -0.682663130945, 0.340895430349, 0.646344610262, -0.670659221306, -0.643500767742, -0.368948466311,  
55, 1540274.3120673334, 71.64234967215538, 89.28239083912092, 86.94274827641121, 47.37075292263879, 0.520604111439, -0.48496081702, 0.702697918816, 0.779366518271, 0.606013798088, -0.159170055994, -0.34865339429, 0.630523815952, 0.693455498332,  
56, 1921715.7924713641, 77.12588904757335, 118.6077553286558, 73.2538080539935, 52.80283697565938, 0.519166238142, 0.347802746949, -0.78070459611, 0.455406139491, 0.660403909104, 0.597052698641, 0.723236935788, -0.665507269723, 0.184467906852,  
57, 2517900.8730761656, 84.3949913569078, 108.12470496628136, 99.54135956962892, 55.84978627334521, 0.856324999898, 0.410224850689, -0.313724507213, 0.438753154182, -0.257467029156, 0.860933446088, -0.272402577529, 0.874886450218, 0.40046290088,  
58, 2341347.335233692, 82.37442802162934, 123.72406903914334, 98.43002874242802, 45.89817626998173, -0.789677541821, -0.531998074037, 0.305593568591, -0.594394406881, 0.786803201547, -0.166240822617, 0.152002200681, 0.312919752104, 0.937537497773,  
59, 1029237.5787565756, 62.63383564960813, 117.92037165665276, 67.0128615223809, 31.094245465986972, -0.0271811215469, 0.162050269952, 0.98640807815, 0.938855219683, -0.334684246139, 0.0808537683779, 0.343237619013, 0.928292069014, -0.143044648622,  
61, 1140828.7659080592, 64.8202375104314, 110.65392131915166, 92.42159850377205, 26.631251095297454, 0.304299048863, -0.40208342648, 0.863557182247, -0.800676960123, 0.383162094736, 0.460546647676, -0.516060553026, -0.831574246419, -0.205343074641,  
62, 2214301.767920371, 80.85670992467668, 122.23197741752033, 82.67538698478161, 52.31028948437941, -0.391876237716, 0.118347298151, -0.912374337284, -0.911176675822, -0.187077797759, 0.367095305096, 0.127240244229, -0.975190142796, -0.181146641268,  
63, 227610.09720555227, 37.876307900379516, 86.70970373436866, 35.31153896106152, 17.746739197343242, 0.234673195712, -0.86956776676, -0.434488653738, -0.780071855302, 0.0982347173498, -0.617930288037, -0.580014130673, -0.48394404565, 0.655272286076,  
64, 3788675.815113273, 96.70886332144076, 138.28280006335285, 113.3856060876171, 57.68630815518405, -0.234117793817, -0.749772524728, 0.618894191103, -0.961402566297, 0.0838989055054, -0.262042132436, -0.144547445965, 0.656355189526, 0.740475456073,  
65, 3042936.610570236, 89.89484032855908, 148.8069823902438, 88.60500283110383, 55.09633903684833, -0.529734461791, 0.7556809216, -0.385133411588, 0.844059336534, 0.425072573527, -0.326920699322, 0.0833380849388, 0.498256612566, 0.863015128276,  
68, 3487980.872812531, 94.07953491766794, 106.74095409555345, 95.6193242554462, 81.58470261339012, -0.225690859134, -0.969086641233, -0.099673054973, -0.971402494552, 0.216115371239, 0.0983429707289, 0.0737619799145, -0.119017763794, 0.990148444538,  
69, 3844106.3347707014, 97.17821728121316, 103.92700294234729, 98.13753487404348, 89.97942950258854, -0.333828020369, 0.424474970659, 0.841653047342, 0.651180825087, 0.74942635678, -0.119681530747, -0.681558791195, 0.508115277322, -0.526589478719,  
70, 3625666.826454238, 95.30150547226334, 101.89191688791736, 94.5287383220733, 89.86605756997436, 0.519952875408, -0.814600956617, 0.257049195355, -0.702302394976, -0.236384669786, 0.671486138279, 0.486230761434, 0.52966741392, 0.69500509154,  
71, 3381866.588614528, 93.11563742800972, 96.37886946419611, 92.20272090130334, 90.8536326998504, 0.140890297285, 0.487848225325, -0.861483623279, 0.852456798423, 0.382723686202, 0.35614601899, -0.503455391224, 0.784555089887, 0.36194748235,  
72, 3433839.582408312, 93.59021918928786, 100.51024423950294, 93.51631343928739, 87.21550241912671, 0.422548129694, -0.0175536605692, -0.906170484563, -0.834380606984, 0.382890414456, -0.396489512101, -0.353923834717, -0.923626980722, -0.147143194546,  
73, 3358431.2452584878, 92.9000506571152, 95.9885730731558, 94.27795801799425, 88.59682309808454, 0.855759467051, -0.0546080177841, -0.514483915148, 0.461934771941, 0.528493518889, 0.712257584701, -0.233006439876, 0.847179181098, -0.477488674306,  
74, 3572448.0892652045, 94.83291622684169, 98.9734926929639, 95.26650839440373, 90.45199975571667, -0.689188526754, -0.153869986605, -0.708055931275, -0.724570763022, 0.140892781582, 0.67464541314, 0.00404771100967, -0.97799450475, 0.208591382169,  
75, 3747420.6899677827, 96.35655852367776, 100.63148012791105, 97.4762032307675, 91.20347284033971, -0.436642893592, -0.828446341829, -0.350741560392, 0.820617784183, -0.526550410996, 0.222106093936, -0.368686093796, -0.190843714569, 0.909752296425,  
76, 3604738.412821753, 95.11778209048336, 111.92002383100551, 92.78655188165763, 82.86904145434312, 0.139677971073, 0.326630050831, 0.934774237071, -0.780590819955, -0.544508164909, 0.306901987855, 0.609235616325, -0.772543635169, 0.178908623493,  
77, 3857485.8700662935, 97.29083069710688, 106.73230525699013, 102.00307540306673, 84.5875758651689, 0.807907608452, -0.117989873656, 0.577376554702, -0.0392904450294, 0.966786846634, 0.252545944544, 0.58799792273, 0.226719171865, -0.776438574502,  
78, 2503625.6636042856, 84.23519685307838, 104.83354088002473, 80.07005659777232, 71.20498429946099, 0.187560653936, 0.976076504624, 0.109980262848, 0.793337275104, -0.0845150424061, -0.602887365548, 0.579169205867, -0.200329390575, 0.790209571093,  
79, 3669662.7459831573, 95.68543771501331, 102.83071686267955, 99.27924781808645, 85.81361592140904, -0.356564402199, 0.424721231397, 0.83215004818, 0.800687279056, 0.597880543577, 0.0379306837481, -0.481416356434, 0.679816689419, -0.553251805732,  
80, 3452948.880067495, 93.76350781401757, 105.6881300555055, 93.542787502702, 83.38060041372529, -0.841026250322, 0.447103557528, 0.30458702388, 0.513360407768, 0.481920623965, 0.710079998263, -0.170692524753, -0.753558837147, 0.634833159933,  
81, 3479606.001942012, 94.00417752793435, 109.75833151821378, 96.17447952430868, 78.6944529659514, -0.82310783872, -0.324330879671, -0.466157662523, -0.541507396183, 0.69552933155, 0.472237957848, -0.171064975128, -0.64113058689, 0.748123215011,  
82, 2690092.67072204, 86.27657124925265, 110.59836782307654, 91.20186269915733, 63.6687327268321, -0.835892977542, -0.178773826981, -0.51896324425, 0.0495158623432, -0.96617826616, 0.253076544501, -0.546654469909, 0.185847993766, 0.816473767944,  
83, 3733331.9325407967, 96.23565322879367, 106.5162276907693, 95.98981227255013, 87.1700060286272, -0.808799029382, 0.548585766774, 0.211890978015, 0.587491278113, 0.76990152774, 0.249210023321, 0.0264221159572, -0.326044926469, 0.944984961633,  
84, 3458575.951470897, 93.81441382929975, 101.10570914645417, 95.0554860245084, 85.91239807384372, -0.400419983741, 0.767693961294, 0.500309722485, -0.658092675355, 0.139004548912, -0.739994436483, -0.63763458757, -0.625558724002, 0.449553573627,  
85, 3397637.535416145, 93.26015770605963, 108.7483237717172, 92.85899448385608, 80.32336393747418, 0.793264837352, -0.305152323277, 0.526889891172, -0.410914956717, 0.370263972299, 0.833098727141, 0.449310356175, 0.87737486311, -0.168325736051,  
86, 2977412.5354579496, 89.24491242908523, 113.18106974179894, 94.93761246438251, 66.15128778310684, -0.468217016321, -0.116872114931, -0.875850292218, 0.86278190584, -0.274431787867, -0.424611088836, 0.190735965622, 0.954477921463, -0.229328778958,  
87, 2896886.133720827, 88.43298241159876, 94.53197876950146, 89.72751570959973, 81.53393885303933, 0.536549043912, -0.810434915677, -0.23518157013, -0.62809940553, -0.569657607209, 0.530076737201, -0.563565666316, -0.136694762155, -0.814682933262,  
88, 3464169.8271087823, 93.86496483611776, 100.2372096264846, 95.29143415052165, 86.58202396540914, -0.274861228273, 0.461225988386, 0.843636113991, 0.743098476996, 0.658694286578, -0.118010551712, -0.61012782159, 0.594468186253, -0.523785850186,  
89, 4019046.484451972, 98.630554181803, 104.4944646831532, 98.47113667135123, 93.24642353298327, -0.665624898437, -0.245463254667, -0.704763283088, 0.0212526644947, -0.950211986398, 0.31087860196, -0.745983792607, 0.191950440252, 0.637701505137,  
90, 3274544.4489162243, 92.12003484132737, 97.7157091305346, 91.79621571309724, 87.15114850051813, -0.53754474961, -0.842293599192, 0.0398388620221, -0.843221805038, 0.537202470974, -0.0197608878378, 0.00475706577896, 0.0442153586497, 0.999010696832,  
91, 3261489.782088507, 91.9974531035103, 107.31820099730768, 94.74134197013707, 76.57984748131827, 0.670973164913, -0.0466021677497, 0.740015709244, -0.431570501248, -0.836098890828, 0.338652546438, -0.602944370917, 0.546595721459, 0.581112039854,  
92, 3267080.2879174706, 92.04998724705689, 109.07562402465916, 93.70042003661041, 76.3136022249611, 0.669418958506, -0.740681237175, 0.0571800917291, 0.371016498363, 0.400017455791, 0.838052977445, -0.643603150967, -0.539793793925, 0.54258422766,  
93, 3398639.865998283, 93.26932763825403, 97.33941651238491, 95.80680329306796, 87.00244343614266, -0.972668041694, -0.137881417244, -0.186830392189, -0.232178836181, 0.566636026085, 0.790579914982, 0.00314144814007, -0.812349880729, 0.583161900832,  
94, 3604979.129937794, 95.11989930084425, 105.18072399869371, 94.22304897834202, 86.84020421837086, -0.921688867181, 0.387923813858, -0.00217870512858, 0.13448353232, 0.324784470156, 0.93617798921, 0.363873345615, 0.862571830393, -0.351519595134,  
95, 3345568.1063508177, 92.78129331043738, 105.53870881835516, 96.4448734487398, 78.46759499328216, -0.803225600012, -0.309033386365, 0.509241594528, -0.595182636945, 0.38161554035, -0.707196725136, -0.0242128925302, 0.871130268947, 0.490454677172,  
96, 3748322.0898465067, 96.364283732937, 104.14777138225729, 99.2106008323686, 86.60445482742645, -0.539988842527, 0.620589041365, -0.568578307433, -0.234596207274, 0.537788437532, 0.809782820261, -0.808317183709, -0.570660002273, 0.144811920527,  
97, 3456161.156779425, 93.79257485120476, 103.25916340116164, 94.79912543129511, 84.28929914501329, 0.252519159625, -0.943763482479, -0.213411722174, -0.623978710419, -0.327404311222, 0.7095470287, -0.739516492693, -0.0460098482118, -0.671564182266,  
98, 3774638.1591895698, 96.5892748476971, 105.65805132760119, 96.63151348383799, 88.26028762140362, 0.469094952441, 0.430359168863, -0.771194470526, 0.458382178548, 0.627754735648, 0.629134143296, 0.754874627991, -0.648625452512, 0.0972076044822,  
99, 3809955.381315194, 96.88958449140394, 108.47383286620695, 96.9597321300655, 86.47984197309195, -0.99747540243, 0.061463374266, -0.0355678952408, -0.0281251654418, 0.117975571756, 0.99261812372, 0.0652058020187, 0.991112515355, -0.115949063345,  
100, 3360830.666858207, 92.9221694488966, 96.56781526401006, 93.2070810672005, 89.14083716588513, 0.507415936218, -0.82966390149, -0.232780751429, 0.0179243496813, -0.25992004744, 0.965463767641, 0.861514820163, 0.49406414513, 0.117016388325,  
101, 3595817.88829537, 95.03925569058448, 99.73399875614153, 97.53015326135002, 88.25248449147908, 0.692340094164, 0.636944172471, -0.339068304576, 0.336274748068, 0.130944120924, 0.932616175609, -0.638423439282, 0.759707679539, 0.12353037612,  
102, 3500743.135185919, 94.19413859404408, 104.88741897071885, 97.50959638105222, 81.71482955677816, -0.355960420657, 0.700131199308, 0.618957577449, 0.899000647188, 0.437380656719, 0.0222710009598, -0.255127449094, 0.564370857579, -0.785108603847,  
103, 3823710.6268177745, 97.00604599068802, 102.18846757193585, 94.99205509142891, 94.03883469046917, 0.568813658115, -0.413336042543, -0.711058603968, -0.380477043093, -0.898715022619, 0.218056249159, -0.729169556428, 0.146508102345, -0.668466254889,  
104, 3621062.5798964757, 95.2611471490753, 108.52637567761188, 94.24221611910227, 84.52139015216537, -0.00424464153792, -0.786916102113, 0.617045404532, 0.119951220658, -0.612996308552, -0.780927160729, 0.992770712542, 0.0707005936107, 0.096993496598,  
105, 3643697.0617590076, 95.45922064978599, 105.05641563844442, 94.07024931218234, 88.0194760061204, 0.74062089373, 0.496495832433, -0.452738975733, 0.468139069136, 0.102063095018, 0.877740814013, -0.482002597212, 0.862017988799, 0.156839036176,  
106, 3516061.3267923784, 94.33132702973506, 101.20468726643949, 94.32887504367743, 87.92705955283137, -0.270898459764, 0.804451197241, 0.528651393411, 0.957426286581, 0.282077219242, 0.0613787271591, 0.0997443244534, -0.522772143139, 0.846617006738,  
107, 3811968.52583057, 96.9066466676854, 109.63817405819411, 94.47299672483686, 87.86000248006438, 0.376080072811, 0.9264702932, -0.0147164755475, -0.515552390181, 0.222421239283, 0.827486873186, 0.769915262749, -0.303614209374, 0.561292169955,  
108, 3364193.9727808977, 92.95315598365487, 98.99866602533156, 93.7132423284633, 86.56894251450097, -0.820290136175, 0.00863041695628, 0.571882512756, 0.520055465622, -0.404902152453, 0.752061539779, -0.23804706503, -0.914319289331, -0.327648946265,  
109, 4222607.66813884, 100.2683898472357, 118.73614890340586, 100.19987621671032, 84.73093109567155, -0.943003682876, 0.250725338638, 0.218816952375, 0.0598792870519, -0.518965496595, 0.852695305679, 0.327350767624, 0.817197416729, 0.474373120051,  
110, 2799705.2555747135, 87.43283644595574, 102.14769929905134, 92.16522288826606, 70.99504457524574, -0.289037351212, 0.934854873568, 0.206164436728, 0.948916383203, 0.251309550235, 0.190791005159, -0.126550809138, -0.250778538411, 0.95973695218,  
111, 3812870.5737321917, 96.91428992273572, 103.63038921322236, 101.0161201302538, 86.95321437472167, 0.970380571663, -0.218001281681, 0.1041008517, -0.194172781364, -0.447446206586, 0.872976988923, 0.143730571268, 0.867333461477, 0.47652302094,  
112, 3340701.1621954474, 92.73628047508099, 99.55467690321713, 92.22364754939836, 86.86504651918742, 0.639752244386, -0.398203237748, 0.657382116619, -0.706871879356, 0.0309526317401, 0.70666405085, 0.301743619617, 0.916774844788, 0.261676655407,  
113, 2862112.831609803, 88.07771660901928, 96.7526850939552, 87.78418500779084, 80.4486634928344, -0.587022463695, -0.347674685988, -0.731113493133, -0.117268130526, -0.857046080021, 0.501717253324, -0.801032341844, 0.380255610666, 0.462334140937,  
114, 3742923.4726145864, 96.31799779215793, 104.24834452421045, 93.54613179280848, 91.62781652575681, 0.221623698877, -0.974493303317, 0.0352950122041, -0.830372932445, -0.207575969312, -0.517100580184, -0.511237448901, -0.0852937204871, 0.85519661604,  
115, 3502106.7963880696, 94.20636763727697, 96.91604525557317, 95.95686859560308, 89.90193210333712, 0.901424150955, 0.421887236422, -0.0971887844358, -0.421801086051, 0.906410550964, 0.0224445295531, -0.0975620001939, -0.0207622938311, -0.995012855833,  
116, 4018164.5961610344, 98.62333957721262, 116.92418291281942, 97.688876340042, 83.98266572766566, 0.582225398908, -0.738314409551, -0.340448847135, -0.720695791104, -0.662493754146, 0.204204805045, 0.376312584897, -0.126466827141, 0.917820777756,  
117, 3691755.1725968565, 95.87707162849645, 105.39451076856427, 101.21781314629845, 82.61698474196278, -0.395357113496, -0.44137355886, 0.805532205655, 0.746695282832, 0.3562866367, 0.561699196283, -0.534919533579, 0.823558871027, 0.188711098105,  
118, 3596300.3212749837, 95.0435058150706, 101.21539620731994, 95.67575787616418, 88.65818820539378, 0.904388093967, 0.288834755299, 0.314096576904, 0.302102253565, -0.953251753787, 0.00673218339271, -0.301357601335, -0.088800777213, 0.949367167161,  
119, 3344238.8760796026, 92.76900401342334, 116.76847986011074, 89.05386092947163, 76.77685220469334, 0.47535735449, -0.0635352521008, 0.877495673649, 0.767134782188, 0.518250422668, -0.378048575399, 0.430743092214, -0.852865623146, -0.295094251664,  
120, 3270788.9960503867, 92.08480502621943, 99.5584241872224, 89.9047141960418, 87.23754592122994, -0.456148404327, -0.189211805379, 0.869555936059, -0.864387134852, 0.326518610542, -0.382387863397, 0.211573898042, 0.926058577885, 0.312493193513,  
121, 3703544.8688500766, 95.97902497697272, 108.31908537928756, 100.96202172292426, 80.8473852138611, -0.34762303894, 0.936735608677, 0.0410441498227, -0.310302546793, -0.0736252439326, -0.947782492405, -0.884799724374, -0.342207134485, 0.316265276082,  
122, 2929001.8724241965, 88.75858022373639, 121.83008812235478, 85.58959733517081, 67.05875690342896, -0.63899785589, -0.680717651163, 0.358197179726, -0.135641610327, 0.558089963154, 0.818618926347, -0.757154603576, 0.474509296454, -0.448951928231,  
123, 3572774.388738685, 94.8358034149166, 102.17185734768428, 94.43655462493675, 88.3986353685142, -0.284552535267, 0.503948740152, -0.815515494624, 0.947063723519, 0.0158572728445, -0.320653786026, 0.148661219786, 0.863587988683, 0.481783797501,  
124, 3184625.8041111026, 91.26899467450156, 101.09791505963115, 89.85368822361895, 83.69349283175312, -0.471825716102, 0.205983020427, -0.857293117271, 0.233743127138, 0.966758960615, 0.103640062653, 0.850143896138, -0.151486327326, -0.504288854222,  
125, 2660791.0373144937, 85.96217325023846, 107.98389926254217, 91.47125862455498, 64.30999844991885, -0.205233662802, -0.573398924362, 0.793153715993, 0.969633128213, -0.229258356568, 0.0851598650533, -0.133006542414, -0.786545789821, -0.603038124989,  
126, 3813778.079748087, 96.92197820925836, 103.26605292756692, 98.3312285099047, 89.66392918567732, 0.579968086949, 0.357217319835, 0.732142612153, -0.688066394244, 0.695941870126, 0.20549829809, -0.436121147426, -0.622945182031, 0.649413308265,  
127, 3194484.630111973, 91.36307984712428, 112.4429588210533, 95.66264783735735, 70.89857903045575, -0.35971043592, -0.672380042289, 0.646926178959, 0.0943421172437, 0.663573099173, 0.742139007847, 0.928282266988, -0.327987531449, 0.175260411986,  
128, 3503547.409720729, 94.21928332415906, 106.65526187401066, 95.91850431769969, 81.75883697139491, -0.324034147783, 0.919974011438, 0.220566745793, -0.486945689345, 0.0377005545385, -0.872618223403, -0.811101576067, -0.390162128437, 0.435761112118,  
129, 3641148.831042568, 95.43696222722623, 108.82034776184345, 94.85677993665972, 84.211486668909, 0.164437995435, -0.00518268077084, 0.986373806159, -0.0608726402333, 0.998026857922, 0.0153919634193, 0.98450732213, 0.0625742014483, -0.163798052445,  
130, 3701256.5417541177, 95.95925323019894, 102.99440485898266, 95.0198120909728, 90.28857090482441, 0.0670943480578, 0.857520349619, 0.510056073827, 0.453510860323, -0.481558347954, 0.749952969915, 0.888721693236, 0.180998363264, -0.421204634908,  
131, 3594272.7182942503, 95.0256405362467, 101.60008988505633, 92.43251794394138, 91.36998239392761, 0.214923285598, -0.0881115490584, -0.972648105036, 0.485869839439, 0.873575335876, 0.028224664254, 0.847194476157, -0.478646516201, 0.230562425598,  
132, 3789556.420851444, 96.71635545385979, 101.7991474706077, 95.95220357443552, 92.61912510828401, 0.586993987751, -0.796766887039, -0.143529042576, -0.574425897303, -0.534819631447, 0.619679635236, 0.570502363581, 0.281301421145, 0.771619442219,  
133, 3217700.8067493537, 91.58387536042493, 98.7935571104135, 91.393415525107, 85.07726487673035, -0.254837066365, -0.835679642755, -0.486515780105, 0.838044883398, -0.441878135536, 0.320038258255, -0.482430143148, -0.326164449351, 0.812943976521,  
134, 3081857.7015332934, 90.27648844193735, 100.29249113797495, 92.41416686755971, 79.38107967142743, -0.689205858737, 0.707528228089, 0.156202083018, 0.648791619656, 0.506638103228, 0.567791569699, -0.322590636173, -0.492667878813, 0.808216334059,  
135, 3661359.6084309677, 95.61321588103672, 101.27856451591074, 97.24394472264494, 88.75108516015366, -0.0611674165549, 0.961917275883, 0.26640889908, -0.529182756037, -0.25756163183, 0.808472396883, 0.846300276418, -0.0915268275746, 0.524784414754,  
136, 3750520.6617379254, 96.38312081889913, 103.0286926893407, 94.7265088058036, 91.74306230301275, 0.36141155477, -0.265336340469, 0.893855868978, -0.62261756595, -0.782282629962, 0.019525712026, 0.694067039017, -0.563587183394, -0.447929048024,  
137, 3897995.968348611, 97.63021793474617, 100.88259165664982, 98.2971588969661, 93.84163807913274, 0.881864888269, 0.471027365671, -0.0211551323992, -0.318044362279, 0.627372152284, 0.710810780842, -0.348083470536, 0.620110799235, -0.703065071108,  
138, 3809117.219115421, 96.8824789713463, 105.04037685199175, 96.69519549595205, 89.53123212121021, 0.317360030881, 0.567857980749, 0.759486619039, -0.748099514507, 0.642101662534, -0.167489018644, -0.582777596682, -0.515017250848, 0.628591683157,  
139, 3596685.080312515, 95.04689518196581, 107.19650249334273, 92.66789474775251, 86.43783717183544, -0.28222879786, -0.902101442373, -0.326435128818, -0.932727720608, 0.337624063931, -0.126605650208, -0.224423494466, -0.268743333169, 0.936702255794,  
140, 2312938.0423466107, 82.0399014490728, 99.88864939319075, 87.11117131785849, 63.45785610466484, -0.172003513608, -0.249923824351, 0.952865611368, 0.349702200254, -0.919772860501, -0.178118657706, 0.920936025164, 0.302582165877, 0.245603074999,  
141, 3684262.7338370946, 95.8121666740801, 103.85376141400086, 95.20388133929906, 88.95801815970204, 0.221922992625, -0.537958024451, 0.813235113158, -0.250075582124, 0.77473375578, 0.580732133501, -0.942450204822, -0.332248057307, 0.0374010674476,  
142, 3498203.249701675, 94.1713529360308, 105.62562763731628, 95.60045061226512, 82.70412813439587, -0.96408837399, -0.0713898426539, 0.255806758126, -0.0937759443915, 0.992657910794, -0.0763959710456, -0.248474705736, -0.0976409878298, -0.96370460106,  
143, 3245091.580032301, 91.84301159309018, 98.4675119419261, 93.394680854819, 84.24094722198603, 0.873785066571, -0.0019418384324, 0.486308427545, -0.438558319098, -0.435288509615, 0.786250923146, -0.210157698379, 0.900288921769, 0.381200208751,  
144, 3370775.780990816, 93.01373525882416, 103.40951676987716, 97.29742565913564, 79.97963120384678, -0.227679317153, 0.900729074538, 0.369931429892, 0.450130742438, -0.239521638872, 0.860239326713, 0.86344915499, 0.362376211683, -0.350911723876,  
145, 2697613.2054343675, 86.35689589710577, 99.01793539772186, 85.12985680455371, 76.40034153798814, -0.950287997633, -0.308736631139, -0.0404278882408, -0.0573238284342, 0.0458491792679, 0.997302276872, -0.306050159694, 0.950041865053, -0.0612678904344,  
146, 3446781.812360908, 93.7076530921667, 110.24909989920369, 101.13954265007227, 73.79537524251688, 0.484953574388, 0.873833535895, -0.0351423139982, 0.720017002852, -0.42175241519, -0.551090206669, -0.496382459695, 0.241950101936, -0.83370534476,  
147, 3156612.2383698747, 91.00059017213377, 104.78652688815664, 93.76643821761628, 76.6972444850763, -0.271847583395, -0.962259697484, -0.0124565645638, 0.919830475977, -0.263622036851, 0.290543141634, -0.282861780497, 0.0675255232134, 0.956780809198,  
148, 3248493.1727736266, 91.87509116286996, 103.1722531813081, 97.97975434238488, 76.7174373960298, 0.133438057414, -0.978573035, 0.156809119646, 0.41289243984, -0.0889461720233, -0.906426175486, 0.900951784479, 0.185697048046, 0.392176603574,  
149, 3414712.9310339955, 93.41612821795827, 101.83247891844292, 95.23854419785414, 84.05557544331944, -0.973316280935, -0.229059357105, 0.0136831352446, -0.205090363415, 0.895114856867, 0.395862774014, -0.102924050164, 0.382493403784, -0.918207730288,  
150, 2473456.4328134265, 83.89547783344459, 101.00895060055386, 82.20020985751535, 71.11854622371078, -0.850348048675, 0.482863673489, -0.209167083785, 0.119925884094, 0.564856422322, 0.816428199222, 0.512372890031, 0.669163578646, -0.538232409444,  
151, 3420129.4482464115, 93.46549525343174, 102.0912842601135, 96.9247538547252, 82.51455479916449, -0.212309699993, 0.88506020728, 0.414237879459, 0.343536409775, -0.329243687759, 0.879534723152, 0.914826391425, 0.329039547108, -0.234148777471,  
152, 3365665.406624318, 92.96670598351443, 104.55089334299524, 89.76474801421672, 85.61478404169101, -0.779447369581, 0.126300889063, -0.613604011945, 0.56710881698, 0.558411834515, -0.605445136059, -0.266175483013, 0.819892864035, 0.506878983335,  
153, 3447480.991480008, 93.7139888577468, 100.2324951975139, 95.9347832914171, 85.5911044080312, 0.076031369311, 0.776213137486, 0.625869312297, 0.814571690946, -0.410356807486, 0.409975914974, 0.575058424153, 0.478644393829, -0.663481237916,  
154, 3046897.5492021, 89.93382827640733, 101.35172678414379, 88.34327644861901, 81.23900349638362, -0.581664149428, 0.784366431943, 0.215490412109, 0.085703427612, -0.204346631347, 0.975139670382, 0.808901563706, 0.585672053882, 0.05163821779,  
155, 3157905.658838898, 91.01301762543662, 113.99038573277203, 83.32754341463378, 79.36951753709027, 0.3520386511, 0.843150319171, -0.406406603556, 0.776825233895, -0.505408081578, -0.375639757027, 0.522121962875, 0.1834671915, 0.832903623192,  
156, 3049601.3712865245, 89.96042288881536, 97.41034500236798, 93.2244900307688, 80.17138145892001, -0.591556376544, 0.126137316086, 0.79633562702, 0.464535995054, -0.753951492078, 0.464503451971, -0.65898965293, -0.644706541835, -0.387409489102,  
157, 3715024.7842690125, 96.07809173884829, 102.23432384433546, 95.21156324164124, 91.11432904073988, -0.322141137559, 0.120766122395, 0.938957204123, 0.00620154131908, -0.991539541902, 0.129656768932, 0.946671341267, 0.0475907609343, 0.318666739865,  
158, 3775052.1451865225, 96.59280588332602, 113.03262506389596, 94.85083941102424, 84.05999372443095, -0.428220553322, 0.0453998832004, -0.902533106494, -0.866562005465, -0.303908418816, 0.395866093088, 0.256315134934, -0.951618896186, -0.169481645099,  
159, 3657053.096965615, 95.57571424248725, 107.98214107020122, 96.28859537083692, 83.96839863601241, -0.191894196754, 0.23223142648, 0.953543487109, -0.974223656847, -0.162484322756, -0.156483581559, -0.118595462355, 0.958992914162, -0.25742514814,  
160, 3283147.794990851, 92.2006412149603, 104.24741018895281, 93.08468087803568, 80.77153480593702, 0.384029053271, -0.887393052185, -0.255059320901, -0.57535328995, -0.446042457454, 0.685576194082, -0.722142837663, -0.116531957346, -0.681857774708,  
161, 3555983.168433704, 94.68700121616325, 102.52050778164796, 94.16973930001792, 87.9324088771977, 0.404039195123, -0.491763130947, 0.771311449315, 0.203144280125, 0.870383426592, 0.448514316567, -0.891899506815, -0.0245298543434, 0.451567886358,  
162, 3632828.401985927, 95.3642121026136, 104.75872264830589, 93.07263805449327, 88.94961177420366, 0.623571514136, 0.334050385103, 0.706801886649, 0.509260077825, -0.859534961616, -0.0430560436467, 0.59313804455, 0.386794506131, -0.706100042582,  
163, 3509863.675232091, 94.27586947053659, 105.12772574915101, 98.53402634390551, 80.89061558696116, -0.702095586436, 0.607322858704, -0.371780490079, -0.67110466059, -0.389786880651, 0.63062248787, -0.238076294581, -0.692260885049, -0.681244849514,  
164, 3335010.6634384166, 92.68359536684932, 106.65632136721149, 102.4796692571075, 72.84240930775113, 0.843486445247, -0.371353901493, -0.388106810724, 0.0727706571844, -0.636867228223, 0.76753147497, 0.532198316549, 0.675645183111, 0.510165206968,  
165, 3371054.8964383896, 93.01630250698784, 108.2541174129079, 91.95984794347031, 80.84153431463044, -0.941846959619, -0.314350122855, -0.118778385738, -0.328786764741, 0.935079365697, 0.132385207555, -0.0694519113355, -0.163739366402, 0.984055817473,  
166, 1891208.62871938, 76.71558664834181, 111.77715891543477, 70.58315609972745, 57.22643487554489, -0.0373262417326, -0.529133198977, 0.847717411298, 0.0338106207592, 0.847154168434, 0.530270362013, -0.99873099161, 0.0484548516205, -0.013730759354,  
167, 3791213.650285653, 96.73045189985105, 100.99714523740259, 97.6435154451289, 91.77769473454248, 0.0329851578843, -0.152774479729, 0.987710452361, -0.579426914129, -0.808147561038, -0.105650228453, 0.814356451772, -0.568821129998, -0.115178520242,  
168, 3776840.7040574527, 96.60805817975609, 107.11075436564587, 95.18531266427107, 88.43761864731792, 0.655923803391, 0.403187933949, 0.638124951763, 0.660752899109, -0.715401917987, -0.227168884444, -0.36492406123, -0.570648390568, 0.735656743242,  
169, 3234574.5063718655, 91.74368567620755, 113.03187067715301, 97.17807912550163, 70.30064739641581, 0.647788025477, 0.20363970739, -0.734099137463, 0.370067538999, 0.758166931925, 0.536873281058, -0.665898408639, 0.61944634385, -0.415771014457,  
170, 3488325.4337557093, 94.08263270471761, 103.63575311326137, 95.65617993387212, 84.00511762478457, -0.408888160431, 0.838467086636, 0.36025465561, 0.328923548858, -0.232822998009, 0.915206397817, -0.851246011013, -0.492713300233, 0.180593002375,  
171, 3829034.198912938, 97.05104409621777, 102.36190666337754, 95.25488018803539, 93.75081116618297, 0.152134818199, 0.976895280423, 0.150101992585, 0.32009534296, -0.192384158493, 0.927646110851, 0.935090353125, -0.0930803236321, -0.3419679588,  
172, 3428607.333523636, 93.54265957598717, 104.28999934021098, 89.85701810227471, 87.34428081642304, 0.732150641821, -0.415655923097, -0.539616151793, -0.504294489153, 0.201752843292, -0.839632573471, -0.457867345299, -0.886862979168, 0.0618995176957,  
173, 3172497.6117523746, 91.15298563975507, 98.45701649637155, 94.37372235908236, 81.51075915644208, -0.343708654316, -0.0784835139821, 0.935790948333, 0.743840745514, 0.58550465811, 0.322312333994, -0.573206163838, 0.806860975239, -0.142863782584,  
174, 3416941.2119973083, 93.43644345605506, 99.55267450712692, 93.28034214666715, 87.84273218752855, 0.523562200097, -0.0783547642502, -0.848376775701, 0.548020782564, 0.793402832943, 0.264924831896, 0.652346414497, -0.603632732377, 0.458335772001,  
175, 3594690.606836569, 95.02932311597382, 99.67086247476772, 94.20695195965085, 91.39485299920246, -0.644296356691, 0.759400395131, -0.0905165433977, 0.763851639291, 0.633177300855, -0.124968711417, 0.0375882681981, 0.149658095524, 0.98802306478,  
