# Void_ID, Void_Volume, r = (a*b*c)**(1/3.0), a, b, c, vector_a, vector_b, vector_c 

0, 1716634.0794754487, 74.27848552564711, 116.32760593023704, 74.42229855902636, 47.337274723855145, -0.960593907012, 0.168124193411, 0.221344982779, 0.165831779191, -0.292433504851, 0.941797465621, 0.223067628359, 0.941390939425, 0.253029508847,  
5, 1252770.2779598052, 66.87456097817292, 125.04695519447249, 82.10292820806474, 29.13070960588019, -0.0118645305286, 0.919077573396, 0.393898015983, 0.931413635566, -0.133150094374, 0.338732478293, 0.363768982181, 0.370900884938, -0.854461620645,  
14, 1167523.9936114773, 65.3219390960765, 115.2938362664277, 71.0846435013833, 34.00911458416847, -0.966008465826, -0.257327028636, -0.0247071707485, -0.143997461612, 0.456255586732, 0.878120476145, -0.214691348225, 0.851829583842, -0.477801198291,  
24, 2775304.895639818, 87.17809289145985, 109.06030250967949, 92.84493879159997, 65.43304938143122, -0.756251750005, -0.0472474284999, -0.652572579193, 0.653208336615, -0.111603538514, -0.74890821812, 0.0374454214866, 0.992628999522, -0.115262785488,  
63, 1564298.568618038, 72.01290756891736, 135.75750602007082, 60.472528853207926, 45.48927939909936, 0.14936208619, 0.987847855855, 0.0429834955633, 0.503995132993, -0.113459951481, 0.856221785129, 0.850693759897, -0.106223599506, -0.514817126541,  
77, 135178.2425971135, 31.83753208040153, 119.25120493158262, 65.53026008612339, 4.1296526025586076, -0.0109486044508, -0.999823203152, -0.0152869388218, -0.913773473075, 0.0162123863954, -0.405900478482, 0.406076554316, 0.00952475539461, -0.913789423811,  
98, 533690.7033831431, 50.31919400605066, 89.07943201434928, 53.51786100265178, 26.7254386366158, -0.270971517131, -0.783595391856, -0.559064127596, -0.959825217344, 0.175984586851, 0.218552001459, 0.0728696717063, -0.595825215187, 0.799801427789,  
99, 1843791.179449905, 76.06900014525338, 127.11878063226726, 81.73273750563195, 42.36599008551504, 0.572091703014, -0.711712300158, -0.407647746401, -0.627184343775, -0.0593279860615, -0.776608002144, -0.528536547711, -0.699961278839, 0.480315860514,  
117, 1474066.0083856569, 70.60077050291537, 111.07821626380377, 87.72819980041682, 36.112720579366716, -0.81318370279, 0.0266525952611, -0.581396512444, -0.479902320135, 0.534468508624, 0.695727803396, -0.329281078481, -0.84476804654, 0.421830438564,  
126, 1146229.4949184202, 64.92236372209567, 116.69836736157038, 73.07422616508984, 32.088836105258416, 0.764705442042, 0.56522505647, -0.309428864926, -0.205970159135, 0.669410007106, 0.713769245578, 0.610575040807, -0.482090113906, 0.62832097022,  
154, 2431342.6313739344, 83.4166065802257, 109.69086806959491, 74.9137400768158, 70.63591944147335, -0.664212536457, -0.74036312174, 0.103364183262, -0.718150868416, 0.593574883665, -0.363219200588, -0.207559718168, 0.315485824485, 0.925952297877,  
189, 2149588.160197869, 80.06122250857021, 125.29861604042941, 69.00154320466659, 59.355582883627804, -0.732222221581, 0.439725140602, -0.520088856778, 0.643303068783, 0.195794458155, -0.740152478784, 0.223633136895, 0.876530849929, 0.426241585494,  
240, 1356905.5844888098, 68.67842709398933, 124.99535114821335, 80.7365070282004, 32.099421338523726, -0.173003948476, 0.650328477501, 0.739690817276, 0.95250565422, -0.0806169021658, 0.293656080756, -0.250604494156, -0.755363347295, 0.605494509531,  
274, 643184.8422736978, 53.548716269626716, 114.96111753332141, 66.38022480890541, 20.12136762604603, -0.536846637797, -0.476583124006, 0.696178291387, -0.0114813133402, 0.829219302654, 0.558805446958, -0.84360172293, 0.291999784278, -0.450635394805,  
280, 2049750.742629337, 78.8020437273036, 112.36393076303125, 74.45935053861658, 58.48793332795389, 0.322600950463, 0.0757941116715, -0.943495564058, -0.830836830473, 0.500224927685, -0.243895844269, -0.453474131445, -0.862571895182, -0.224345576626,  
292, 2310737.155651629, 82.01387137741958, 145.2833725097166, 90.57647807543675, 41.9208997966542, -0.202340715417, -0.220067845407, -0.954268504302, -0.191212746855, -0.94679181765, 0.258887889772, -0.960466511819, 0.234851862774, 0.149494756519,  
300, 1031907.7889366903, 62.68795372871771, 141.8207970624548, 60.4358901041151, 28.742029882530527, -0.359505247677, 0.932859973176, -0.0229836319737, 0.137121033381, 0.0771745669455, 0.9875433704, 0.923013433866, 0.3518754846, -0.155659385326,  
305, 2516873.1772897127, 84.3835076933098, 109.74642687260038, 85.49288564782492, 64.04015253212565, -0.71714348567, 0.298362593304, 0.629829329166, 0.112833697093, -0.842095530601, 0.527393282231, 0.687730890509, 0.449282628486, 0.570237969606,  
330, 2856814.9987111506, 88.02333845586935, 134.8858915614719, 75.47175141244998, 66.99502487516575, 0.17548881346, 0.68243930038, 0.709563441595, 0.492986397678, -0.684787219388, 0.536685080719, 0.852154967159, 0.255622896979, -0.456605788931,  
345, 2663742.884621821, 85.9939499448686, 120.15831078176384, 76.53469648282987, 69.14989338067473, -0.990193572907, 0.108159488005, 0.0884206612026, -0.0719142171061, -0.937256240209, 0.341143790164, 0.119770754156, 0.331439685832, 0.935843310125,  
360, 2074891.3621669053, 79.12290994072741, 103.79043315860157, 85.55040870261979, 55.78627203997426, -0.691145669787, -0.462657675654, -0.555216658876, -0.719933522227, 0.508086223827, 0.472804518518, -0.0633512960375, -0.726495880453, 0.684244363495,  
384, 1184681.208596301, 65.6403613953601, 97.54454268516601, 64.81482837323449, 44.73377387260731, 0.408162763148, 0.666173492421, -0.624192307526, 0.726589051993, 0.176892801044, 0.663910601258, -0.552694769564, 0.72451488248, 0.411833311866,  
395, 447150.67847748555, 47.43749654247048, 98.21242101506165, 67.1793549533192, 16.179423331309046, 0.165466000921, -0.675705085001, 0.7183617756, -0.540691270961, -0.671328558259, -0.506922988601, 0.824787216224, -0.30453342176, -0.476429893043,  
402, 896726.9942501327, 59.82148799261185, 95.66344387007378, 48.89366599178974, 45.76916838895368, -0.833375943446, -0.310187225754, -0.457458655906, 0.0976216553793, -0.89726556924, 0.430563015896, -0.544017048709, 0.314162988328, 0.778040530743,  
414, 2077910.603446875, 79.16126943929845, 123.43065139275943, 88.87485447700764, 45.2206006244375, -0.161939975578, -0.460344597745, 0.872844943639, -0.405927077286, -0.775141338848, -0.484127165872, 0.89944352365, -0.432710938313, -0.0613399676244,  
436, 1251317.9412651595, 66.84870842381184, 122.90860259530407, 107.16683120997153, 22.67965228324722, -0.647037303236, 0.106616010821, -0.754967386353, 0.751785797571, -0.0758827133762, -0.655026662344, 0.127125303507, 0.991400443841, 0.0310534565035,  
441, 2710494.958247867, 86.49413600290141, 129.43499656392413, 88.54173679520322, 56.462517909066115, -0.0551625032546, 0.84291834374, 0.535206281748, 0.571244302904, -0.412988701378, 0.709309720033, 0.818924321677, 0.344860839067, -0.458730811091,  
464, 1938766.9560887462, 77.35332740978953, 127.43141180152729, 87.75813409541107, 41.387874585668136, -0.912619703858, 0.299377669499, 0.278385141728, -0.053926568432, -0.763174367303, 0.643938514386, 0.405237216142, 0.572658620906, 0.712632375461,  
475, 1544103.8353515007, 71.70167438335694, 117.24671007931242, 64.8956212480548, 48.44755146741793, -0.79757429342, 0.456748056852, -0.39402596239, 0.124010538051, 0.76340336029, 0.63390590465, 0.590336033906, 0.456723682394, -0.665512467962,  
496, 3800450.2210990223, 96.80894330583479, 133.42741333085976, 120.62879115978456, 56.37030656617893, -0.60305416209, -0.598046382566, -0.527888436969, 0.103695218155, -0.71491982151, 0.6914744757, 0.790931715964, -0.362257053917, -0.493149924029,  
497, 82477.6160704057, 27.003237123562187, 74.9295505687121, 35.997957369301616, 7.299893167083815, -0.925589291492, 0.329414220178, -0.186469126182, -0.150696338618, 0.131219654523, 0.97983264683, 0.347239221577, 0.935022819941, -0.0718139901899,  
505, 735974.163915312, 56.00902163991475, 140.58689824790758, 56.1584860288951, 22.254288770877643, -0.631752266001, 0.192174215179, 0.750971467782, -0.06921767936, -0.978897624574, 0.192271561777, 0.77207382242, 0.0694874925747, 0.631722645715,  
512, 1543619.6686648366, 71.69417937980353, 122.82026893686172, 67.07189503317649, 44.734344032484266, -0.550514610724, 0.745338445184, 0.376037585235, 0.805026353296, 0.354685698737, 0.475531939632, -0.221057082851, -0.564507446578, 0.795276749868,  
525, 328280.89597125776, 42.79427438451418, 134.8099365710493, 82.79154991472699, 7.021810154175818, -0.857823841274, -0.493049358571, 0.145053739539, 0.035515030238, 0.224693698622, 0.973782021002, -0.512715262079, 0.840485021766, -0.175236948783,  
528, 2198971.6272573634, 80.66968086311523, 112.50395938374255, 99.76777711200162, 46.77059701109412, 0.333534471729, -0.336004469223, 0.880826743935, 0.754176487749, 0.655714481173, -0.0354449503698, -0.565661189667, 0.676120932853, 0.47211005355,  
533, 528175.0572869277, 50.145245238211494, 133.73930558166583, 47.299661009863, 19.932977966384495, -0.384619385061, -0.872802344534, -0.300472953876, -0.887140839277, 0.25957493356, 0.381578281817, 0.255047171954, -0.413324232587, 0.874136155776,  
542, 3006878.8818376004, 89.53835443953191, 132.51100748301832, 108.1991463772401, 50.06699605952364, -0.46090855999, 0.158472722515, -0.873183655107, -0.343710142167, 0.875257464885, 0.340275929702, -0.818184965335, -0.456958166993, 0.348944975776,  
545, 323027.8120769117, 42.5647841632216, 107.89834285164864, 47.36288413241727, 15.090317982412044, 0.63241592096, -0.353794731247, 0.689114933126, -0.598826158271, 0.341029539371, 0.724642039525, 0.491383083842, 0.870935210804, -0.0038109704863,  
548, 788437.0031039264, 57.30943537694987, 112.93322340575997, 57.289149112931476, 29.092717715451812, 0.166229382358, -0.582850547501, 0.795394890428, -0.578610124816, 0.595506217677, 0.557299442104, -0.79848488771, -0.552863078878, -0.238252597283,  
552, 1091561.5742480827, 63.87337678680144, 103.73773994967442, 93.71590881495291, 26.804612078842922, -0.111601526909, -0.747708056002, 0.654582127911, -0.707640631692, -0.402669969717, -0.580604539998, 0.697703257531, -0.528005263684, -0.48417001761,  
568, 919574.178362779, 60.32528552769084, 164.26118480761417, 59.409540047811355, 22.496088785509674, -0.846481052854, -0.520476456142, -0.112134230998, -0.532001261801, 0.835184972613, 0.139429978708, -0.0210828034473, -0.177680387558, 0.983862386351,  
578, 1159482.2636453402, 65.17161753235739, 103.1548733678837, 60.386075437052355, 44.437431124259724, 0.614856445234, 0.299731113845, -0.729460630293, 0.654918374247, -0.709361815477, 0.260552754382, 0.439355749737, 0.637939710424, 0.63245509804,  
582, 806979.7341745538, 57.755232923817026, 76.96428348248565, 67.87631511260989, 36.87792963191425, -0.232061890835, -0.538349766609, 0.810139992602, -0.854591476588, -0.2849431827, -0.43414374437, 0.464565051381, -0.793086950734, -0.39394466821,  
607, 275827.89781465195, 40.381569393919534, 94.94411570527735, 71.97050142090886, 9.636670237513304, -0.67856813887, 0.682146427023, -0.272436291655, -0.640163461776, -0.367331829852, 0.674728144503, -0.360188871453, -0.632252780838, -0.685944894291,  
636, 587140.0068717375, 51.945869654198724, 74.81581685280918, 61.525385477123095, 30.451262207958706, -0.112907842471, -0.128349931613, 0.985280728606, 0.0794504850567, 0.987280203837, 0.137714993866, 0.99042386862, -0.0938301346382, 0.101274213406,  
644, 2377549.428873133, 82.79681836027036, 96.76707241697393, 87.29525755438057, 67.19279280828046, -0.872648236883, -0.477078231098, -0.104314026275, -0.48543162658, 0.870728959883, 0.0786588477989, -0.0533028196315, -0.119278832297, 0.991428953372,  
645, 1888932.3411424668, 76.68479560776746, 128.91226506949235, 76.47339603887632, 45.74284549475874, -0.485022159749, 0.871293031072, -0.0748462327528, -0.258024346434, -0.0608050996719, 0.964223094777, 0.835569830236, 0.486981718198, 0.254306635661,  
674, 1484554.3380538207, 70.76782200557501, 105.22240607965136, 96.80442225967705, 34.793976297839464, 0.0150006863449, -0.843473944217, 0.53696059896, -0.999753606669, -0.0214399854133, -0.00574917189583, 0.0163617041042, -0.536742053925, -0.843587732359,  
719, 2627062.7849650583, 85.59740808580237, 142.35885222290673, 92.72750846904297, 47.51040957845818, 0.666363700211, 0.314452867883, 0.676076040783, 0.605532745807, 0.300849096508, -0.7367631335, 0.435074146321, -0.900338389168, -0.0100634086379,  
762, 2640527.492110854, 85.74339882870716, 121.46989534866309, 98.22421841153769, 52.83416463911219, -0.811044915197, -0.267742099648, -0.520115673297, -0.55856569435, 0.0902696556749, 0.824533658719, 0.173811710276, -0.95925260351, 0.222764297028,  
837, 2538496.487140025, 84.62447469299134, 111.65181373906448, 89.92112972681004, 60.36155516901651, 0.71672953947, 0.692753437578, 0.0799464944522, 0.64972296875, -0.621733595739, -0.437387013763, 0.253295935873, -0.365431266661, 0.895712653822,  
852, 992669.4257630222, 61.883092996821816, 127.99497378647281, 61.925710763598985, 29.898687279992455, -0.853950724416, 0.070633170046, -0.515537695576, 0.518082010854, 0.207888984944, -0.829682589891, -0.0485714967775, 0.975598854667, 0.214120724061,  
872, 2001539.0225371374, 78.17930718429312, 138.1194161556353, 107.0867435889643, 32.30613519657411, 0.836324488048, 0.460023123356, 0.298228229161, -0.261476487224, -0.143423278279, 0.954494531088, -0.481862425719, 0.876246819809, -0.000336830556307,  
877, 2286822.3164095283, 81.72995707085968, 139.73902790744634, 81.76126413529657, 47.783559378641556, 0.514263570671, 0.635477804679, -0.575934839753, 0.657091998056, 0.139606389733, 0.740769979168, -0.551147063833, 0.759393189136, 0.345772899924,  
895, 3255699.0798390894, 91.94297437457358, 130.74952183023234, 108.62048076382952, 54.727274167267126, -0.665360520905, 0.643857333498, -0.377813593353, -0.35807122472, 0.168828146333, 0.91830390124, -0.655042269818, -0.746287338166, -0.118215200564,  
901, 1121818.8464018118, 64.4581802897279, 149.79612708502785, 59.53711927815571, 30.029335367445377, -0.904329751307, 0.30695254929, -0.296593717709, 0.100233427337, 0.828155722159, 0.55146292704, 0.414898735771, 0.468975726813, -0.779692764309,  
927, 627088.6668392894, 53.09823854271922, 95.89918317658108, 73.15964842962607, 21.338005602261997, 0.187913946202, -0.283614667927, 0.940346249506, 0.320499308395, -0.887289310398, -0.331659272404, 0.928422609667, 0.36370372529, -0.0758357308182,  
975, 1839638.1418868222, 76.0118434724023, 117.0300736591919, 82.57288324042659, 45.44738175321473, -0.963730232094, -0.212777392926, -0.161089480749, -0.0903421017342, -0.307867794965, 0.947130257925, -0.251122170273, 0.927331225551, 0.277478744618,  
1006, 2880585.616222699, 88.26680218324209, 125.67599101023251, 97.93065988159769, 55.87546868796924, -0.425392143332, -0.594278381765, -0.682550166184, -0.100231152966, -0.718614921479, 0.688147012348, 0.899441626992, -0.361145122624, -0.246127934291,  
1019, 2627202.426777814, 85.59892470549384, 147.6126195367295, 74.22097597437109, 57.24726976645971, 0.160778545359, -0.58091134326, 0.797929991055, -0.470325984513, 0.66566209427, 0.579385402425, -0.867723301314, -0.46843995082, -0.166193516216,  
1021, 1926732.6562776964, 77.1929461121614, 137.44055399346328, 95.15615958239206, 35.170702742221906, -0.169327684218, 0.693932523446, 0.699846974889, 0.666985924368, -0.442094404619, 0.599735203319, 0.725574194726, 0.568339854584, -0.38798440386,  
1028, 765405.1549288305, 56.745869876082295, 127.88129201205338, 50.90269458181216, 28.070812634691244, 0.519473098163, -0.228777303405, 0.823291349239, -0.453456776424, 0.742823235403, 0.492534864613, -0.72424074188, -0.629185653358, 0.282136068962,  
1049, 2350937.6709750844, 82.48674543621037, 110.97971350909296, 80.56221460020971, 62.773668592997005, 0.197657683934, -0.0521271253921, 0.978884162085, -0.880512507283, 0.429455328451, 0.200663512834, 0.430847031438, 0.901582433094, -0.0389865596983,  
1050, 2556949.9628103864, 84.82903762642754, 139.3141997934063, 86.01138155827604, 50.942741356482664, -0.00617380406702, -0.650910324791, 0.759129523351, 0.0315524459432, -0.758892798458, -0.650450738798, 0.99948303002, 0.0199366378328, 0.0252230682824,  
1112, 752272.3861712237, 56.419448553205214, 124.31608272800064, 52.825237236957854, 27.347506745627985, -0.242476471074, 0.969667166728, 0.0308341814422, -0.155956132793, -0.0703285536098, 0.985257113241, 0.957539996877, 0.234092888224, 0.168278560914,  
1129, 1376127.584924447, 69.0012084923644, 116.84675913050789, 90.60244085694531, 31.03226834496312, 0.707511849113, -0.201631956862, 0.677326758173, 0.646773486212, 0.570993229513, -0.505619213819, 0.284800001575, -0.795808573605, -0.534394679315,  
1134, 1183040.6598663721, 65.61004776695201, 104.6551369244457, 71.2171274554777, 37.89361681597909, 0.399605185218, -0.853041230448, -0.335613401257, -0.846786373584, -0.483728760449, 0.221267539026, 0.351096188329, -0.195773199062, 0.915644210963,  
1159, 1275504.435684071, 67.27666498764634, 134.79326985987032, 56.23525914507915, 40.171352547296465, -0.793543593672, 0.599874149101, -0.10217421486, 0.559346326367, 0.785190532456, 0.265720746124, -0.239625232649, -0.153710224061, 0.958620318425,  
1162, 901950.9979063085, 59.93742917970343, 131.28658151477117, 97.5264941983806, 16.817110627332507, -0.723273491755, 0.58067855227, -0.373748411445, -0.593340045222, -0.245661788426, 0.766549330731, -0.353303052436, -0.776184710388, -0.522220497969,  
1171, 1279094.3481956152, 67.3397226832, 133.19661270633955, 75.05090412762578, 30.54673952420189, 0.466249751023, -0.392715513471, -0.79270782458, -0.763575500317, 0.273838926691, -0.584777476947, -0.446725446988, -0.877944626789, 0.17219061329,  
1172, 1111392.7598311095, 64.25786887352034, 126.73128932798673, 80.36631465403188, 26.05079895430545, -0.358181677503, 0.933651727837, 0.000580523613214, -0.078946469801, -0.0309061844486, 0.996399650075, 0.930308196679, 0.356846267837, 0.0847785369273,  
1188, 1818646.3854351975, 75.72161792014113, 142.31934927090424, 67.00085803643736, 45.53185463626657, 0.134981264898, 0.588062325828, -0.797472732492, 0.809881608412, 0.398207817012, 0.430723014043, -0.570851853358, 0.703998036511, 0.422510267456,  
1240, 2751674.6285873703, 86.9299620573881, 132.86316734089644, 97.33121902404604, 50.798595634088834, 0.912348492438, 0.117065949509, -0.392321031568, 0.325752373364, -0.788024582096, 0.522400851129, -0.248003265287, -0.60441113613, -0.757087550373,  
1247, 694301.9476544893, 54.93130602349018, 124.99005285192413, 77.06960443791951, 17.20684286032199, 0.435358031633, -0.285932839044, -0.853642662857, 0.758528895401, 0.627207071935, 0.17676312895, -0.48486833175, 0.724467874009, -0.489947956822,  
1248, 1895831.3333410374, 76.77804140845191, 130.6797973900738, 84.09141346735899, 41.186129676687656, -0.98916263504, 0.00197693302326, -0.146810671195, 0.144861459154, -0.149799510515, -0.978046657528, 0.023925699419, 0.988714417001, -0.147889697147,  
1265, 899527.1471738355, 59.88369022379697, 101.61096127773676, 58.627997540551824, 36.0479062063846, -0.667391907083, -0.708137043678, 0.230499392041, -0.700044108831, 0.702135246759, 0.130170430392, 0.25402025126, 0.0744850497024, 0.964326547037,  
1342, 2263504.230359453, 81.45121500840854, 136.54901792627516, 87.79952420294964, 45.072532212989294, -0.574320801118, 0.0512971082906, -0.817021556683, -0.0813886228003, 0.989512085614, 0.119338696588, 0.814574434587, 0.135034955126, -0.564122372728,  
1366, 677743.5105149772, 54.49110140272372, 117.77217984462996, 46.58581471629047, 29.490378729640955, -0.889522204824, -0.201984101854, -0.409820289545, -0.430707707896, 0.071414111763, 0.899661544693, 0.152450377117, -0.976781678391, 0.150520547692,  
1370, 1451546.7876739139, 70.23940272047693, 120.21286604502899, 107.97980800949125, 26.696168036002085, -0.542296876589, 0.838739349932, -0.0492990924584, -0.759157449287, -0.514293158496, -0.39897683431, -0.359991756619, -0.178938117795, 0.915634799015,  
1391, 1404048.1822230786, 69.46474846069992, 134.77331064936865, 83.36029919078331, 29.835288438036628, 0.922388214223, -0.348175267766, 0.167254193307, -0.318042300669, -0.438859822773, 0.840387500467, 0.21920099737, 0.828357434247, 0.515533591418,  
1436, 1828806.802880585, 75.86237002461192, 157.39140108966376, 66.50037177782038, 41.713261162411115, 0.584071884884, 0.810552135846, -0.0431887527474, 0.696227145003, -0.527624087197, -0.486703796133, 0.417286227725, -0.254200821566, 0.872498794536,  
1448, 1076350.8951094805, 63.57530060475967, 100.09909084882894, 62.78741204755488, 40.88486341130884, 0.557556275397, 0.0935436608184, -0.824851855357, 0.403394244187, 0.837897658841, 0.367696338118, 0.725537100031, -0.537751891516, 0.429440123473,  
1462, 2664960.77227656, 86.00705368864682, 113.61211214187406, 103.62787400144316, 54.03821428900296, -0.186174390699, 0.977767164331, -0.096490769527, 0.439989669165, 0.170779345273, 0.881614148172, 0.878491996137, 0.121679035106, -0.462002191704,  
1464, 822716.7252194337, 58.12824874734481, 97.81047996421417, 74.82786908979901, 26.835701295960728, -0.306263331486, -0.792919751242, -0.526764691184, 0.649580450953, -0.578579363471, 0.49324553511, -0.695879306725, -0.191113024822, 0.692262812966,  
1466, 1965835.1562642488, 77.71165583480496, 114.31743144150029, 83.59272743770346, 49.110859500913854, -0.937241643735, -0.0210787057605, 0.348042798247, -0.345742347545, -0.0731272157829, -0.935475622037, -0.0451700161922, 0.997099843785, -0.0612500707093,  
1485, 2038908.6528029568, 78.662857749844, 123.88258612382404, 79.06060637506044, 49.69798215019553, 0.362150569348, 0.700033889602, 0.615466910995, 0.880887968049, -0.0411421473461, -0.471533361977, 0.304767703123, -0.712923472135, 0.631551082663,  
1493, 1037227.5954164059, 62.79549445534862, 103.10990154489927, 68.7536573701442, 34.92925121153574, 0.375123454697, 0.79275527699, 0.480438824972, 0.72117281975, -0.575214538808, 0.386054398236, -0.582402058538, -0.201661362555, 0.787490023469,  
1533, 1198910.8413177663, 65.90212613412177, 117.56912928614572, 96.5703262861165, 25.209328495603767, -0.813190057351, 0.530231526069, -0.239950952045, 0.225789650098, 0.667417744699, 0.709628485878, -0.536414918262, -0.522884387626, 0.662458264831,  
1555, 1933040.7646096917, 77.27709738507605, 142.82214223273306, 76.99926907342939, 41.96336029656957, 0.225027367651, -0.575293270833, -0.786384343907, -0.474633137541, -0.769573566272, 0.427176674038, -0.850932470032, 0.277117625981, -0.446228363974,  
1604, 1963490.9486775973, 77.68075383495876, 123.52064855785828, 88.87739270580035, 42.698186051284395, 0.27417871974, -0.938789746922, -0.208566154289, 0.488985296578, -0.0506548093031, 0.870819998636, -0.828081764907, -0.340746095162, 0.44516591206,  
1626, 3679380.7841463806, 95.76982831351626, 130.60847735078127, 95.97726892527871, 70.07229995835245, 0.101453256055, -0.981521013262, -0.162245916318, 0.452951389655, 0.190776167503, -0.870884316383, 0.885743910758, 0.0148645362829, 0.463936170304,  
1635, 1832382.103452585, 75.91177458992887, 104.55833547661081, 102.76886357167295, 40.7105731980299, -0.667797088764, -0.0441568531398, -0.743032449197, -0.269145961514, -0.916371158416, 0.296351735989, 0.693979466295, -0.397887009519, -0.600065353122,  
1641, 4408464.331906144, 101.71841259578288, 122.82823750046437, 110.5664913644184, 77.49558726904014, 0.71718332852, 0.579128308186, 0.38763188201, 0.60323029009, -0.794418565086, 0.0707980265613, -0.348943104833, -0.183056128291, 0.919091488093,  
1651, 2410148.225508806, 83.17351350749917, 147.83399869531289, 66.40217048060742, 58.61361994793947, 0.596318319049, 0.670208949187, -0.44184208355, 0.567698059743, -0.741237126172, -0.35817095883, 0.567559138179, 0.0372489894426, 0.822489597172,  
1656, 798577.9462679628, 57.55409567101177, 78.22169695413183, 61.59318693003807, 39.57024999128695, -0.136696016206, 0.40752451458, 0.902905293577, -0.72415497134, -0.663052575637, 0.189633487086, 0.675953975235, -0.627921214769, 0.385747548801,  
1662, 785291.754601664, 57.233127172010754, 134.29684744892396, 75.95626828249165, 18.37862389971344, 0.043288353389, 0.787458203238, 0.614846075545, 0.747244296656, -0.434013010395, 0.503248117655, 0.663138054689, 0.437655440913, -0.607211359794,  
1684, 836972.9943644656, 58.46208212511385, 142.40478604657974, 108.02931694824544, 12.988428868360906, 0.46019915661, 0.718167513914, 0.521969499313, 0.636728224111, 0.142734314447, -0.757762551265, -0.618703406226, 0.681074399341, -0.391591314621,  
1688, 1522492.2912721979, 71.36558514314025, 96.89744351279961, 71.2001878106647, 52.68330778394235, -0.0186840908843, 0.834737246918, 0.550331385035, 0.553052059032, -0.449922961453, 0.701215194329, 0.832937167347, 0.317463474064, -0.453246751656,  
1691, 1741152.3190753711, 74.63044859256375, 96.25559253384891, 72.78552617011856, 59.33038392268305, 0.720866701095, -0.315411295433, -0.617144159792, -0.253482926055, -0.948737097626, 0.188797049199, -0.64505628084, 0.0203380013895, -0.76386435985,  
1696, 1363802.0139160287, 68.79458250325317, 122.99273862694565, 61.09856395400713, 43.326363939659956, 0.138290047374, 0.251039987144, 0.95804738278, 0.922959699408, 0.318169040401, -0.216596064138, 0.359195289594, -0.9141922044, 0.187700179404,  
1705, 2079088.164001302, 79.17622028862142, 111.49071003281509, 84.37766581074087, 52.76161837938925, -0.78785276239, 0.0880994230616, 0.609529750258, -0.599989784067, -0.333055906624, -0.727382995456, -0.138925461342, 0.938782325525, -0.315257769884,  
1707, 1782589.073970826, 75.21784332223685, 126.70304144739607, 66.19550595306488, 50.739605347843295, 0.852573558316, -0.108509849936, 0.511218094483, -0.37650465078, 0.55087597707, 0.744835489104, 0.362439754444, 0.827503033441, -0.428807828805,  
1714, 4923094.501841678, 105.53176159858587, 114.32185311352539, 105.52952513902054, 97.41959586292491, -0.256164634744, -0.287130369982, -0.923003700177, -0.00831788053568, -0.954174383597, 0.299135518705, 0.966597378835, -0.0843053754, -0.24203741634,  
1730, 2663871.1561002685, 85.99533025752412, 121.68702051244954, 85.42107844576856, 61.180820690441706, 0.0883024189649, 0.994512659921, -0.0561003748769, -0.834497890813, 0.104611936053, 0.540989475926, 0.543889651522, -0.000955034850243, 0.839156204098,  
1749, 1123007.3975193629, 64.48093643019648, 96.275699666634, 88.79340916844662, 31.361483174309342, -0.904685899607, -0.425803408398, 0.0153258098587, -0.424399120898, 0.903726674811, 0.0562448523498, 0.0377995930178, -0.0443796646153, 0.998299372,  
1770, 1071871.40438532, 63.48698338607702, 106.73579462868952, 73.39378148044081, 32.66515500595592, -0.360288363492, 0.904395886024, -0.228605285319, 0.900927300089, 0.273799665834, -0.336695326583, 0.241913817477, 0.327264150699, 0.913441777335,  
1827, 871562.6159059734, 59.256590772548726, 94.36431626234425, 79.94403286805286, 27.58138903086189, 0.169945651381, 0.0819442433733, 0.982040537124, 0.558661228011, -0.828939607228, -0.027509269076, 0.811798070886, 0.553303053079, -0.186653753137,  
1850, 3321803.191272059, 92.56108346417508, 108.00872930302637, 88.49167703473319, 82.97055713305485, 0.221001982065, -0.972837186596, 0.0688907272317, -0.348246277655, -0.012736662696, 0.937316546063, -0.910978953666, -0.231139753825, -0.341601756697,  
1870, 1457299.723546972, 70.33207400504564, 102.67885461359997, 79.33425526938362, 42.70891204742612, 0.359312171228, 0.522392098551, 0.773305411192, -0.686004623893, 0.709642977774, -0.160637791615, -0.632686667795, -0.472771974073, 0.613346754231,  
1895, 2280165.547733022, 81.65057673406224, 147.69268232087646, 77.28799737446495, 47.68773964243258, 0.155053397124, 0.967684481128, 0.198859721978, 0.874742446612, -0.228029912893, 0.427583922666, -0.459112291424, -0.107652699971, 0.881831503209,  
1898, 3864793.5252495008, 97.352228144778, 127.02953955097178, 105.31580867940397, 68.9666922147236, 0.752951832256, 0.626356922688, -0.201842868846, 0.285969038245, -0.035183854403, 0.957592713817, -0.592693215305, 0.778741999503, 0.205610434417,  
1934, 1581288.4656881134, 72.27268085967604, 118.60439404972423, 75.39168082976622, 42.218061566532796, -0.0886296141803, -0.813446095202, 0.574848016166, -0.961203462277, -0.0815001249905, -0.263525394856, 0.2612138886, -0.575902057494, -0.77466387845,  
1969, 2219725.914693715, 80.92267820438485, 124.505784254881, 85.36802210231227, 49.85698311530394, 0.000931711517948, -0.391762258836, 0.920066010928, 0.955569614226, -0.270853825483, -0.116296679184, 0.294764048489, 0.879295478081, 0.374103752915,  
1994, 1402449.5872349956, 69.43837515645737, 141.07802198736684, 62.03672944512716, 38.25519269118082, 0.191614108869, 0.948203701458, -0.253364902508, 0.840835691907, -0.29174606625, -0.455938123041, 0.506240429536, 0.125674075959, 0.853186177886,  
2010, 1830467.2374432608, 75.8853224031355, 138.80377718773948, 75.6309263853394, 41.62676356610774, 0.266403856889, -0.943333123848, -0.197867638805, -0.699302602674, -0.0478873963364, -0.71321992903, -0.663328617601, -0.328373894705, 0.672432695776,  
2039, 600621.7960400135, 52.34045491872664, 115.0276010599352, 52.02452669752895, 23.96085321505737, -0.731657026383, 0.502450222792, 0.460675340518, -0.143831754782, -0.77437622754, 0.616160599631, 0.666326062871, 0.384558489489, 0.638846105178,  
2045, 1506027.9643354076, 71.10740158847199, 127.91555574492452, 68.27525347963801, 41.16780801344497, 0.63015034986, 0.540763324841, -0.557212314184, 0.301422077293, 0.490979883538, 0.81736374111, 0.715580371371, -0.683018140658, 0.146393140688,  
2062, 590185.0236958772, 52.03551516004248, 96.56697233298073, 47.13827499282303, 30.952609930759483, -0.0260512341461, 0.589661574297, -0.807230178448, -0.143314823717, -0.801365815566, -0.580752693446, -0.989334217796, 0.100558726325, 0.105383813071,  
2064, 1866984.5436369958, 76.38663363849186, 116.49282295923791, 88.8340152117968, 43.06987897173913, 0.195725200911, -0.253760408874, 0.947257779391, -0.409576915758, -0.89881177302, -0.156154240288, 0.891032208064, -0.357411599657, -0.279854520464,  
2065, 2486400.303349868, 84.04156805893167, 144.3698512322983, 76.36439112790003, 53.84123814761108, 0.322826803731, -0.934862626842, 0.147698083017, -0.676758745685, -0.118913318818, 0.726537832977, -0.661649797802, -0.334501855812, -0.671064865365,  
2076, 1634112.6028351025, 73.06865671054041, 106.63662007430237, 72.92724976806349, 50.16457798256869, 0.826869047363, 0.510398514077, 0.236179879203, 0.432588438901, -0.845575669908, 0.312840261138, -0.359381164005, 0.15650924346, 0.919972845072,  
2087, 1726947.7750844462, 74.42694592691801, 113.16217349309886, 90.1491696637101, 40.41360418814132, -0.360021379794, 0.387577838757, 0.848627141326, -0.563160401034, 0.634921114536, -0.528890859274, -0.743797666572, -0.668325218154, -0.010316684609,  
2093, 126587.66550710825, 31.14829366105811, 100.47539726283125, 19.7263760557661, 15.247398164003853, -0.216465796557, 0.272634871548, 0.937450151068, -0.132135543217, -0.959562843995, 0.248554514428, 0.967306961176, -0.0700669339962, 0.243737292224,  
2100, 981925.2830134145, 61.659019042878754, 107.96674035887509, 78.68860267909663, 27.592306791760393, 0.362050002837, -0.74346213973, -0.562302269454, -0.672624846595, -0.625996542899, 0.394593644172, -0.645364711763, 0.23535584774, -0.726713157818,  
2107, 1169309.7441211385, 65.35522585364065, 120.48320082070109, 106.50958657280916, 21.75333078357545, 0.276638422515, 0.918120753169, -0.28377009319, 0.508332057916, -0.390406997552, -0.767581197761, -0.815518057484, 0.0680930162545, -0.574711787816,  
2112, 4585203.265600736, 103.05996593613231, 125.85433022682369, 105.28433877970676, 82.61103190282317, 0.599854071527, 0.799315082073, -0.0356439678399, 0.611215731077, -0.486530818224, -0.624262038732, 0.516323951562, -0.352679971771, 0.780401444485,  
2113, 1007779.367812356, 62.19549823017674, 114.93556594376686, 50.73981124672069, 41.25471275510573, -0.196091233704, 0.239526106004, 0.950881418794, 0.970579634377, -0.0907660030141, 0.223017277424, -0.139726165757, -0.966637872856, 0.21468074288,  
2124, 2026144.5465793037, 78.49836392983136, 114.61921630770807, 85.14058987167225, 49.56643982620993, 0.156937517412, -0.315086919374, 0.935997248323, -0.280218152698, -0.92299824067, -0.263727197344, -0.94702080364, 0.220894728231, 0.233146126953,  
2129, 834002.9874111619, 58.392849076713844, 154.68401249943685, 63.74062285404189, 20.19376346289409, 0.388374358455, 0.0815471953787, 0.917886383285, 0.738789159561, 0.567796551613, -0.36303946575, 0.550777573446, -0.819119729284, -0.160271437527,  
2133, 2710309.6289529246, 86.49216462093989, 137.1715454671317, 111.31743676692292, 42.37435195315597, -0.868174448939, 0.334188973527, 0.36686626471, 0.495606097558, 0.621786198697, 0.60642931919, 0.0254503884676, -0.708307597787, 0.705444983428,  
2158, 2700608.0369978803, 86.38884126145513, 118.50069011819882, 88.06394876376386, 61.78085462800402, -0.993782580842, -0.108065343183, 0.026796709092, 0.0632128643243, -0.349514295158, 0.934796176321, -0.091653236709, 0.930678053402, 0.35417233816,  
2173, 858331.1061887767, 58.95519508811448, 128.46963360404484, 94.99947758270905, 16.789761999861884, 0.909783718477, -0.00894875571502, -0.41498615081, 0.31823881529, 0.656908617941, 0.683516732873, -0.266491354524, 0.75391709587, -0.600492606548,  
2180, 1108244.535792563, 64.19713742270437, 106.05442341504087, 64.6456751253636, 38.59035083220384, -0.58372045962, 0.160503143148, 0.795932890426, 0.053521004455, -0.970529814182, 0.234962511619, 0.810188821883, 0.17975155305, 0.557927819769,  
2200, 3079615.5862182593, 90.2545904588944, 125.80782538840675, 90.83037689624207, 64.33823280249146, -0.0535274455398, -0.574892056178, 0.816476537518, 0.207151856707, -0.80625432302, -0.554113774305, 0.976843345085, 0.139474335827, 0.16224669121,  
2203, 374674.53620486165, 44.722065810760284, 76.14660804528114, 55.31093767550252, 21.237529034206386, -0.372185850641, -0.821446836921, 0.432091178683, -0.916254428183, 0.250851104582, -0.312332428935, -0.148173936363, 0.512151166593, 0.846017533589,  
2210, 2741315.902839088, 86.82074178378826, 118.28506678067588, 106.89201254126569, 51.7601233750095, -0.657032155351, 0.595047019138, 0.462847482276, -0.606392534457, -0.781931625427, 0.144468084061, -0.447880386922, 0.185747081194, -0.874586291248,  
2215, 226330.38531959773, 37.805189370237095, 107.60024247394412, 77.71681806799364, 6.461390552823148, 0.495518344398, -0.582653899197, -0.644186311649, -0.802217442543, -0.591343447873, -0.0822198366374, 0.333029646195, -0.557518932779, 0.760436647162,  
2220, 287155.34697863134, 40.92695488253921, 80.6636497852036, 41.55710596928223, 20.450556655527137, 0.318410192469, 0.318822971558, 0.892730005174, 0.895110599305, 0.208912497208, -0.393868738951, 0.31207685647, -0.924503910926, 0.218861952698,  
2230, 2317609.7246584245, 82.09509915273507, 109.76010898714546, 104.21061697088265, 48.372128564623466, -0.139897550263, 0.651497290653, 0.745640634423, 0.596776533866, -0.545426879615, 0.588529767828, 0.790117993756, 0.527314706096, -0.312494410633,  
2241, 2031110.992144268, 78.56244947723664, 132.75811286155428, 84.88434601498206, 43.02851617789102, 0.569631197019, 0.788534036038, -0.231806758729, 0.672998751031, -0.285598211368, 0.68228025237, -0.471797605434, 0.544653775965, 0.693368072407,  
2265, 2673743.80250642, 86.10143584056036, 126.65528544999572, 109.60815495147209, 45.97957962031865, 0.0474373439349, 0.0422000578771, 0.997982391386, 0.745857828042, -0.666065298695, -0.007288224946, 0.664413876096, 0.744698712897, -0.0630716121688,  
2274, 1157337.3754744872, 65.13140644859126, 121.62801625440075, 78.86312424979502, 28.804727277664252, -0.632150519548, -0.771885578996, -0.0676636798725, -0.742188983081, 0.578110095032, 0.339034262893, 0.222578601912, -0.264539923189, 0.93833756986,  
2288, 2514326.594245881, 84.35503822466033, 119.00438819642494, 76.64997457620879, 65.80487804012954, -0.595047979638, 0.380775591035, -0.707762566968, -0.272652885304, 0.732772200073, 0.623462354064, 0.756027979683, 0.56396352016, -0.332215053639,  
2299, 2239630.625417367, 81.16384187237115, 138.40332136414185, 100.90909749866535, 38.283439917990144, 0.0895366826553, -0.753906711002, 0.650851637138, -0.110543419398, 0.641916637927, 0.758764246904, 0.98982995251, 0.139884599075, 0.0258643394402,  
2300, 3138538.365343932, 90.82657637673846, 146.26081852550035, 78.8490730286556, 64.97020557642428, -0.89537988381, 0.0292661289663, -0.444340362068, -0.0298194630346, 0.991657614143, 0.125403253294, 0.4443035711, 0.125533541365, -0.88703757908,  
2305, 1690511.170577888, 73.89977994580993, 125.73605069568671, 87.04704840087058, 36.87360258702071, 0.829605265848, -0.521812695459, -0.198662059126, 0.320848475286, 0.154334165834, 0.93447162673, -0.456958815195, -0.838983001088, 0.295459244399,  
2346, 1480992.0739238623, 70.71117300012966, 113.19663321948603, 77.26187467466792, 40.42642835145452, -0.0542443164203, -0.427931476352, -0.902181913853, 0.0266302561321, -0.903810774644, 0.427102930329, 0.998172521959, 0.000857428946818, -0.0604225224661,  
2347, 931814.6430182252, 60.59177017956609, 127.76533465554137, 101.69965575493815, 17.12018297145016, 0.86098590821, 0.494233639031, -0.120151470711, 0.271449383433, -0.24672159309, 0.930292259313, -0.430137766416, 0.833583568428, 0.346583231488,  
2349, 4691599.512767299, 103.85102190667529, 118.95883547714475, 103.29715914996152, 91.14802048643968, -0.996727047095, -0.0387486104939, 0.070948846183, -0.0800876700187, 0.592802326546, -0.801355955087, 0.0110072113124, 0.804415282566, 0.59396539838,  
2356, 2716135.946699129, 86.55409729473404, 117.74639511641371, 94.12329682071841, 58.50838944807027, 0.598669832255, 0.141805594313, 0.788343583325, -0.636176167795, 0.682195355813, 0.360401692611, -0.486697355117, -0.717287020605, 0.498623118792,  
2362, 1312949.2318302563, 67.9286694646363, 119.39544329211294, 67.24721764958883, 39.038871201168895, -0.069519569045, -0.815080864466, 0.575161033017, -0.956730476461, -0.108824764012, -0.269859159838, -0.282548800972, 0.569034581655, 0.772247253119,  
2363, 898512.7159876456, 59.861170713288914, 101.73388057329305, 52.038613995806934, 40.517653560734836, -0.95185982381, -0.273181112577, -0.13905019075, -0.232729605107, 0.939275924386, -0.252185782264, -0.199498889028, 0.20768441829, 0.957636348347,  
2364, 3805785.041863946, 96.8542201250295, 131.3013716806607, 94.06147085058727, 73.56557212487344, 0.140372531079, 0.474722833087, -0.868869256139, 0.254197463215, 0.830863273637, 0.495025120794, 0.956911282311, -0.29035228993, -0.0040429591996,  
2371, 2348590.9452813203, 82.4592899784685, 117.3436645035021, 108.21514425478873, 44.154104744867716, -0.362136661308, -0.793287937473, 0.489439768304, -0.913572798897, 0.4063021774, -0.0174149864926, -0.185045344852, -0.453445464086, -0.871863195374,  
2410, 2058167.4201637916, 78.90975530238813, 117.80141758059045, 71.70271373911208, 58.17092644608977, 0.0249866520923, -0.982594222741, -0.184076779235, 0.670545430911, 0.153041885957, -0.725911155878, 0.741447565443, -0.105293753751, 0.662698070858,  
2416, 1441490.8822853991, 70.0768271460398, 113.15113779419397, 76.30741535225829, 39.856358946569905, 0.351261359676, -0.879762732385, -0.320363843004, 0.313908079686, -0.211703731244, 0.925550240498, -0.88208682946, -0.425674834684, 0.201801289417,  
2417, 4052725.813316622, 98.90529389046088, 112.4431398650475, 95.35806778285648, 90.23358378023792, -0.96811493961, 0.111843904748, 0.224152637003, 0.171627019589, -0.355664411505, 0.91872030158, 0.182476381627, 0.927897498304, 0.325128594234,  
2448, 2328079.0349024036, 82.21852921375552, 118.10987645253958, 95.422744938686, 49.31408620540427, -0.259665047168, 0.141636372574, 0.955255568549, -0.439971276466, 0.863207424291, -0.247584770399, -0.85965070765, -0.48457412293, -0.161828860909,  
