# Void_ID, Void_Volume, r = (a*b*c)**(1/3.0), a, b, c, vector_a, vector_b, vector_c 

24, 912787.2699737953, 60.17650884677698, 120.77447394318449, 112.15810844134565, 16.087002694895556, 0.450880294067, 0.54607745064, -0.706049841247, 0.227003124625, 0.694855232677, 0.682382434586, -0.863236086962, 0.467948312876, -0.189335244061,  
34, 996274.404950199, 61.95791406192461, 115.10867661897795, 72.43677959873351, 28.52483682166078, 0.453066186898, -0.736514972986, -0.502271564851, 0.223591563151, -0.451525112842, 0.863789259809, -0.86298194835, -0.503657390536, -0.0398922270698,  
36, 960909.416422557, 61.21595277654743, 112.85165475640127, 98.59659706559907, 20.616929332009253, 0.789790862154, 0.606896670778, -0.0889203298245, 0.393761462096, -0.390502904112, 0.832141450024, -0.470300228605, 0.69223111233, 0.547388145739,  
108, 1857043.5987314552, 76.25081621846532, 139.01922607481515, 73.06001974289305, 43.649456354513205, 0.126686442501, 0.824699574919, 0.551199742757, -0.633839657941, -0.360133299846, 0.684508067421, 0.763018894463, -0.436090148331, 0.477103289887,  
114, 847458.0050800411, 58.70519374508367, 148.9633955249441, 93.12054431307408, 14.584935336981253, 0.15565860433, -0.275986225573, 0.948473511592, 0.829624118539, -0.484659922692, -0.277179691311, 0.536184875614, 0.83002190491, 0.153523341979,  
119, 595771.0597844989, 52.19917005106504, 82.80109438715063, 69.63091416659948, 24.66906105802756, -0.0905142214545, 0.658645638586, 0.746989356341, -0.315567684536, -0.730385427537, 0.605767417181, 0.94457620772, -0.180895135405, 0.273957547433,  
136, 2320883.4815740106, 82.1337356480448, 126.33366419747962, 73.2663671844514, 59.8605878480154, -0.922866530889, 0.193959217486, -0.332711869517, 0.313146739568, 0.880813886049, -0.355114091021, -0.224179583511, 0.431910546405, 0.873611351941,  
155, 348580.0020180562, 43.65874889985407, 75.77252680986395, 36.54479402406394, 30.052220749571678, 0.132732008791, -0.609047972091, 0.78194806831, 0.686509745408, 0.625535280137, 0.370688525266, -0.714903198553, 0.487612736704, 0.501145922564,  
158, 2554398.8377694143, 84.80081630840922, 117.93902639576415, 82.86260058780016, 62.39991543420548, -0.621827540519, 0.780881383028, -0.0596219380202, 0.78186600365, 0.623367832548, 0.00990442729993, -0.044900581164, 0.0404575207415, 0.998171892425,  
178, 1816650.8693744114, 75.69391251499512, 107.19403436634072, 76.97990520627272, 52.55752110446106, -0.433760120003, -0.374933026192, 0.819315192197, -0.214588656387, 0.926133273259, 0.310207783127, -0.875102203657, -0.0412599810162, -0.482176054074,  
191, 2451765.8502726317, 83.64952145408573, 142.91800240531626, 64.66767724430682, 63.33097626977127, -0.748009084084, -0.154316346721, 0.645498935137, -0.662891833922, 0.22135291362, -0.715246324109, 0.0325088702894, 0.962906720699, 0.267869036259,  
244, 861265.037090527, 59.02229186828948, 106.23603562786215, 52.176502129639445, 37.09380557051789, 0.286808030852, -0.624110626481, -0.726792322023, -0.75114590994, 0.324359886484, -0.574952594585, -0.594576299073, -0.71082810155, 0.375769124102,  
306, 1982651.1172012072, 77.93261156359671, 122.30246587919146, 105.45732498373567, 36.69828131338163, 0.787926060646, 0.601934218217, 0.12979876692, 0.426041043237, -0.685097166947, 0.590872999315, -0.444591444398, 0.410264632623, 0.796254594202,  
307, 1590940.6078461816, 72.41943283851286, 125.9632755997947, 107.00311070736974, 28.178963128331944, -0.499342148258, -0.543321877645, 0.674876845243, -0.821941350343, 0.543396001653, -0.170684510087, -0.273988750808, -0.639939155436, -0.717919244603,  
325, 538996.9455313216, 50.485411240490905, 125.38948990075286, 86.69703873715582, 11.836745100871967, 0.497177837889, 0.867449885962, -0.018571291216, 0.667770094552, -0.368889970213, 0.6465317399, -0.553983120983, 0.333842605461, 0.762661010177,  
326, 889356.249281552, 59.65713378398816, 111.36533268640378, 51.777392284816884, 36.82111700688057, -0.869340314201, -0.111276095711, 0.481523674007, -0.428803305567, 0.654246195038, -0.622968411248, 0.245713538985, 0.748050497494, 0.616478150431,  
345, 2846722.187939753, 87.91955724417913, 141.3466282180816, 76.47354883053642, 62.87236246822959, -0.392711559748, 0.901738568593, 0.180679785125, 0.859027322206, 0.429826421289, -0.278067091303, 0.328404766324, -0.0460087108521, 0.943415872233,  
352, 3071148.710954916, 90.1718013648521, 132.81200843859148, 100.9401539294232, 54.69037862310987, -0.340291378021, 0.358353581548, 0.86935866513, 0.541110664489, 0.830743613721, -0.130630383291, -0.769026024801, 0.425966851826, -0.476603833729,  
353, 3752777.8513261704, 96.40245247682341, 112.37067762884116, 90.99050617841382, 87.62240448207748, 0.779058724005, 0.0685436421015, 0.623192806184, 0.397147608842, -0.823091956324, -0.405947543689, 0.485119862862, 0.563756508222, -0.668458912794,  
384, 1094414.2342211967, 63.9289700862855, 115.53366003979116, 68.14480222247914, 33.18576675792858, -0.851681299323, 0.502739669698, 0.14795874052, 0.49161489837, 0.864247018494, -0.106732763131, 0.181531694437, 0.0181635772004, 0.983217335271,  
430, 3360156.329286999, 92.91595420950833, 116.31936933408697, 92.97095102405618, 74.17739227282038, 0.31073924791, 0.836280346068, -0.451748052114, 0.326766345372, 0.352316760962, 0.876981559371, 0.892560852458, -0.420128650208, -0.163789627064,  
442, 1877633.2586253225, 76.53158714575953, 127.42449897381907, 95.2381402973629, 36.93671929859164, 0.48550052054, 0.726802293178, 0.485847374374, -0.363703167149, -0.33744619692, 0.868245397563, -0.794990094757, 0.598237821284, -0.100509991661,  
447, 1285971.1328091584, 67.46018639346984, 142.55170866436788, 52.56394773828269, 40.97153247695862, 0.563544586121, -0.710269190856, -0.421823631361, -0.465535590768, -0.694881270454, 0.548102758341, -0.68241784354, -0.112506428675, -0.722252165331,  
449, 1078205.358013784, 63.61179130445457, 139.8459281027749, 50.74000539773941, 36.275427710985696, -0.923642023043, -0.126045926724, -0.361936234198, -0.382878822756, 0.345374779208, 0.85680807009, -0.0170064797544, -0.92996165848, 0.367262975813,  
454, 2395479.962292117, 83.00443754348586, 119.34662987716004, 75.08905310643941, 63.81417301475463, 0.735468951977, -0.419662163486, 0.531948389617, 0.317978378027, 0.907050647437, 0.275950854484, -0.598310263814, -0.0338051996195, 0.800551083125,  
455, 491204.5406051538, 48.94683196787604, 137.47536708624654, 49.23532527908235, 17.32495295164756, 0.621709143115, 0.416770572553, -0.663159129637, 0.611718969952, -0.787141128446, 0.0787955944791, 0.489160140616, 0.454654961221, 0.744319301826,  
477, 370907.67773387954, 44.571686922734635, 120.14096947893675, 98.22896885630816, 7.503199547331925, 0.625583048987, 0.237651626357, 0.743079775871, 0.736973799628, 0.132477885591, -0.662811608598, -0.255959894284, 0.962274032861, -0.0922671024731,  
492, 776147.0601757522, 57.010099963599664, 111.19629635688479, 60.663270887961474, 27.468773100490544, 0.464426252997, -0.77828427582, -0.422589447972, -0.374838024639, -0.605071133644, 0.702413965205, -0.802374420586, -0.167816892002, -0.572741459952,  
500, 2227403.939381144, 81.01587459135595, 122.03490160786275, 114.49979887209672, 38.05586475372229, 0.610030723901, -0.0290291625286, -0.79184583324, 0.0917687788831, -0.990015768072, 0.106991916475, 0.787045746523, 0.137935081439, 0.601276064873,  
526, 3401632.1391562456, 93.29669205958567, 115.3944153038632, 97.72648468572363, 72.01146873557325, -0.781360835392, -0.623040706277, 0.0359933776794, -0.623786035451, 0.777924833888, -0.0756566903569, -0.0191370554422, 0.0815673411454, 0.996484090173,  
563, 1741992.9319248106, 74.64245696580198, 112.7790582269739, 69.23096506381994, 53.263405440388894, 0.481848957551, 0.872687969056, -0.0789765203907, -0.528187440471, 0.361181414813, 0.768482929753, 0.699170658592, -0.328578292435, 0.63497771292,  
613, 1685692.5616319224, 73.82949883420169, 136.53523494284255, 72.32287058516904, 40.75391765922666, -0.785965934792, 0.229683683586, 0.574023479347, 0.618263462205, 0.287773998433, 0.731393476269, -0.00280011593408, -0.929748101004, 0.368185589113,  
625, 436517.1194982624, 47.05844336284836, 120.11120609207379, 51.21167657460939, 16.941823361747545, -0.902454655531, 0.227073162807, -0.366078370631, 0.429111770189, 0.399026747064, -0.810333723729, 0.0379299801727, 0.888377979162, 0.457543312424,  
644, 2403885.179946927, 83.10140571835676, 115.35362978228308, 100.47666942393056, 49.51406872791436, -0.82905548748, 0.363359140149, -0.425014274995, 0.437598071943, 0.894793682734, -0.0886125993934, -0.348101890415, 0.259450189073, 0.900838871985,  
651, 1411237.2132315722, 69.58310487579641, 107.03230836800176, 91.6333653408371, 34.3512766341041, -0.106362375869, -0.991185912017, 0.0789780527647, -0.982449027044, 0.0925190438525, -0.16196955203, 0.153234964221, -0.0948193774688, -0.983630180198,  
655, 1512854.0049937873, 71.21467062969303, 114.5463480227237, 104.61783860221115, 30.13848512193214, -0.558571463655, 0.0148920714297, 0.829322703294, 0.545475560528, -0.746624386443, 0.38079973534, -0.62486345137, -0.665079131966, -0.408919815325,  
657, 2103734.9325392074, 79.48785966023769, 133.6911574622414, 78.38747482045996, 47.923999126631585, -0.51568231026, 0.155332124755, 0.842581560387, -0.0987335472592, -0.987650421241, 0.121648395259, 0.851071936754, -0.0204591408057, 0.524650342635,  
667, 2394556.9090075204, 82.99377477261942, 113.19980794602931, 87.93523472769621, 57.4285612909686, 0.287074244836, -0.609388928716, -0.739076120241, -0.392449258804, -0.778648685346, 0.489581253801, -0.873826045169, 0.149503706867, -0.462684216736,  
681, 656624.407368148, 53.91912106803121, 89.76071940753015, 61.73030507757395, 28.29069812221793, 0.904779250129, 0.425487190548, 0.0183073541313, -0.29360166977, 0.592037928462, 0.750525916122, 0.308500515469, -0.684435345333, 0.660587382573,  
691, 2521829.183312624, 84.43885824737191, 116.2607023934628, 102.21617011090959, 50.66108769941723, -0.885523431345, 0.27460099915, 0.374756646111, 0.458811602224, 0.390002348439, 0.798367134767, -0.0730764408193, -0.878915501899, 0.471346342215,  
707, 1283814.838807293, 67.42245994398584, 111.83095851074891, 56.559074440169795, 48.456209763077716, -0.676939268234, -0.201882544847, -0.707811179064, -0.724985981541, 0.348912897076, 0.593847721914, -0.127076959718, -0.915152024715, 0.382554856156,  
714, 427495.0082412585, 46.73197613235766, 122.61658574626777, 75.99258114305903, 10.952720967913644, 0.00117914801597, 0.315215588641, 0.949019358226, 0.680754428842, -0.695420887435, 0.230137343626, 0.732510762529, 0.645777765177, -0.215404412167,  
730, 1893355.4531735259, 76.74460382741741, 167.1293138440356, 78.0146227677024, 34.666891603134985, 0.477611282549, 0.217290539453, -0.851276855227, 0.374477509113, 0.826160639501, 0.420981226313, 0.794766668872, -0.51984941974, 0.313213222655,  
735, 1509428.8748167495, 71.16088623102866, 108.80151477951222, 71.9717657382655, 46.01791576565658, 0.51294146747, -0.853872760607, -0.0882743430616, -0.747716177967, -0.494934826508, 0.442673733935, 0.421677089911, 0.161061560288, 0.892327073242,  
774, 1939418.7210502685, 77.36199452332194, 131.30686617224532, 85.91485332818793, 41.0418836444753, -0.377764428304, -0.249157296195, -0.891748102583, -0.923593159032, 0.169370914905, 0.343931926075, -0.065343043223, -0.953537694555, 0.294102281129,  
785, 706437.4087170224, 55.249500988349055, 102.82678657157159, 93.1642356943222, 17.604738974496456, -0.621180008131, -0.349694564175, 0.701319548626, 0.291360197395, -0.933824348623, -0.207560403964, -0.727492015676, -0.0754042287027, -0.681960093716,  
802, 708944.6593401851, 55.314786690629816, 94.13486417405828, 53.32690362728555, 33.71528677602332, -0.932599077001, 0.125789986186, -0.338283669355, 0.328756417938, 0.682834431866, -0.65242344863, -0.148923400583, 0.719662433391, 0.678165026174,  
806, 1561386.9056605652, 71.96820008859251, 99.40469645056008, 86.14556968251608, 43.52933904196275, 0.508034657742, 0.165659301768, 0.845256045391, -0.62244414611, 0.74892013447, 0.22733657242, -0.595368853322, -0.641619535179, 0.483591046826,  
815, 1165834.095038067, 65.29040776590071, 95.35109263105731, 63.664394301249, 45.84857660544045, -0.950409348634, 0.168821198928, 0.261192405751, -0.0326007921187, -0.889295794674, 0.45616902342, 0.309288309483, 0.425032225093, 0.85069874177,  
866, 693738.0131149858, 54.91642966617527, 96.04689055659718, 54.631965095606915, 31.562889227658427, 0.424564156003, 0.902355844295, -0.0741566430198, 0.698072360986, -0.378402953313, -0.607870203047, 0.576576323018, -0.20631319684, 0.790566005179,  
880, 1954260.3163668762, 77.55883339218684, 132.25168274090163, 92.53022548019618, 38.12492314356383, 0.449402707894, -0.777712726817, 0.439545356801, 0.358691487534, 0.607717451582, 0.708533637743, -0.81815501154, -0.160755757566, 0.552068803231,  
893, 1318083.0544677633, 68.017091312736, 137.50983400494164, 78.95226848031915, 28.98383153662362, -0.181617631951, -0.914198630476, 0.362292561062, -0.726955965726, -0.123288231291, -0.675525747785, 0.662231122539, -0.386058125237, -0.642190831668,  
900, 1765761.2891951394, 74.9804071038668, 115.78689967608626, 78.31026904496167, 46.49060960018338, -0.125191154932, -0.661274835831, 0.73962339486, -0.830602318547, -0.337861165545, -0.442661971759, 0.542611244955, -0.669750270111, -0.506959182316,  
907, 667292.1341283993, 54.209549572700276, 97.94338819201225, 56.662689848145334, 28.704837021485538, -0.968067802175, 0.0398615662756, -0.247499062476, -0.15821235181, 0.668675839347, 0.726526994411, 0.194457147278, 0.742484799446, -0.641016958017,  
975, 68444.25151773533, 25.375588504281385, 60.29331727831232, 19.78181078981342, 13.699765920778567, 0.377518246205, 0.207650754347, -0.90241960196, -0.550354651192, 0.834051320824, -0.0383164735125, 0.744707816324, 0.511115993147, 0.429151150361,  
998, 84840.34459369075, 27.25866641211342, 116.82743302169459, 49.38819079903576, 3.5103131657732844, -0.118207761203, -0.406675065088, -0.905893104415, -0.188774958572, -0.886448630253, 0.422578798495, -0.974879961948, 0.220962026959, 0.0280150394396,  
1004, 108261.6305946407, 29.566186920176015, 119.83491750126318, 26.184045935971685, 8.236938421241247, -0.0451382474186, -0.894786313098, -0.444207150453, -0.99775948954, 0.0623612999409, -0.0242295130549, -0.0493815719998, -0.442118221931, 0.89559641479,  
1055, 1218639.1912007655, 66.26163947387899, 98.34528026569748, 79.81766547003315, 37.06243831990907, 0.868644288523, 0.407311871911, 0.28205343291, -0.349788393044, 0.101020011323, 0.931366220884, -0.350863477877, 0.907684965345, -0.230223421005,  
1089, 754971.3642446267, 56.48684130019741, 119.86019105349958, 87.9654160900051, 17.09444255326038, 0.480266736896, 0.0562582058124, -0.875316443185, 0.224710539183, 0.956744231431, 0.184785413938, -0.847849653542, 0.285439117682, -0.446850618311,  
1095, 847375.8280745321, 58.703296159228024, 101.33002226278856, 66.86479767167292, 29.85738643814012, 0.652516619781, -0.200993817945, -0.730632291962, 0.517468792576, 0.822553916221, 0.235862467595, 0.553577555199, -0.531983590027, 0.640738129287,  
1096, 2007262.9204978475, 78.25376063875862, 125.51159916271322, 84.45109644822847, 45.20916619308627, -0.791371686691, -0.112576639378, 0.600880482101, 0.0752815099725, 0.957471905607, 0.278532303746, -0.606682410953, 0.265657769019, -0.749241217499,  
1100, 883390.8181442451, 59.523449372147994, 117.7490196470173, 57.22371920728323, 31.299030886818485, -0.51591734845, -0.845119642154, 0.140007428426, -0.153729137098, 0.252124608952, 0.955405952445, -0.842731654785, 0.471387284519, -0.259994973062,  
1105, 1355401.0262188897, 68.65303379919123, 128.15944202894053, 55.56492051983445, 45.43890901063952, -0.642888309548, -0.192221013718, -0.741448382109, -0.715726472023, -0.194026280415, 0.670887039488, 0.272819058521, -0.961979669429, 0.0128404405733,  
1177, 2544734.0995087675, 84.69373129330428, 117.75192411354229, 77.55265615392022, 66.52564758787678, -0.550898549105, -0.832817666206, -0.054088108207, 0.181950416021, -0.183102805282, 0.966109418652, -0.814496675686, 0.522386923222, 0.252402590602,  
1180, 2853450.3150067017, 87.98876766720218, 141.20292918928607, 77.08962655240059, 62.58093647628843, 0.890297059621, -0.453333974328, 0.0431213792732, 0.218995481149, 0.509250349102, 0.832289049054, -0.399264479846, -0.731541105926, 0.552662180246,  
1203, 1595050.9865275284, 72.48174719155801, 121.21914823274655, 72.38656118660927, 43.39670813456805, -0.277220576854, -0.918021131228, -0.283524168965, -0.959763885971, 0.250846299987, 0.126211794095, 0.0447441052475, -0.307104764537, 0.950623284295,  
1220, 657147.6534117913, 53.93343949001269, 112.85063942275285, 86.6404198634647, 16.045371607411756, 0.805954514822, 0.590442196605, -0.0426067190289, 0.320111646656, -0.374146430358, 0.870369451627, -0.497961699043, 0.715117096088, 0.490552428563,  
1227, 520459.14938260306, 49.89986217587118, 119.8150560778585, 43.3110247745105, 23.943530242469922, -0.568789720024, 0.651043422355, 0.502613884213, -0.0852615620566, -0.654473544732, 0.751262168142, 0.818051783465, 0.384456553403, 0.427766803428,  
1236, 2121976.5708846212, 79.71694712011643, 126.39961411889037, 95.08558170493123, 42.14941577638077, 0.547831646299, 0.561955410223, -0.619747209945, 0.696361643275, -0.716863302842, -0.0344596403576, 0.463638813182, 0.412690104025, 0.784044596277,  
1291, 162055.34143658244, 33.82139996245872, 86.04632246964215, 39.44007367931991, 11.399996277924354, -0.282094978626, 0.632113485136, -0.72170282315, 0.952531982807, 0.0947744551846, -0.289310601905, 0.114478140988, 0.769058089193, 0.628843709265,  
1308, 1704080.9488057876, 74.09698506086254, 114.80850697573237, 81.70319203357177, 43.36990975862374, -0.545657580545, -0.215360725385, -0.809862681419, 0.811711223046, -0.376028781753, -0.446908542853, 0.208285129512, 0.901233661852, -0.379993673065,  
1317, 2843367.513221731, 87.88500786554602, 118.19962192087011, 98.94226747512444, 58.0425442931192, -0.677119155358, 0.297542038408, 0.673036689064, -0.1998417766, -0.954589061035, 0.220959247099, -0.708218125843, -0.0151148911044, -0.705831868291,  
1341, 1781927.4847061452, 75.20853673254493, 128.85199768098076, 58.88094267557339, 56.07063915842005, -0.671783597449, 0.302394294957, -0.676213345458, 0.694110241621, -0.0618217950381, -0.717209201095, 0.258684693547, 0.951175985838, 0.168364109266,  
1355, 831556.3900562285, 58.33569351884529, 90.51270003591054, 72.97651285540736, 30.054566530930536, -0.149454800559, 0.275330421326, 0.949661214161, -0.987886103619, -0.0821484292161, -0.13165364353, -0.0417649238885, 0.957833385652, -0.284272574236,  
1362, 3974908.7569517135, 98.26816617302515, 135.75689898644723, 107.28611565643651, 65.15280588088196, -0.218106536977, 0.665390352439, 0.71392241694, 0.962668862847, 0.266848850185, 0.0453910966939, 0.160306578255, -0.697170976186, 0.698752052542,  
1377, 1129003.6323573822, 64.59549688627497, 104.43255866505412, 57.3935869843689, 44.968400798823346, -0.409732387786, 0.732392258522, 0.543802307881, 0.885572346801, 0.176361115623, 0.429718949404, -0.218817250187, -0.657646057202, 0.720847192175,  
1382, 2353849.9951270088, 82.52079270374851, 119.82864801292783, 92.05544012342402, 50.94247670422055, 0.59636119935, 0.23744097651, 0.766795345959, -0.543897671197, -0.583020948023, 0.603541131517, -0.590363145172, 0.776986716, 0.218547477639,  
1426, 1635516.183836583, 73.08957090152583, 114.75714379862578, 79.61646600644232, 42.73499030656911, -0.467902467537, 0.0795842722769, -0.880189538951, -0.0599508379495, 0.990785021202, 0.121453442892, 0.88174439488, 0.109596466034, -0.458819612409,  
1523, 279026.0707161927, 40.53704228912675, 126.50787424745658, 55.20189703262962, 9.538599474664863, -0.272090173092, 0.866369247634, 0.418773524069, 0.277098177628, -0.346215526952, 0.896298727464, 0.921511550477, 0.359915456256, -0.145867497017,  
1526, 499194.2523312194, 49.21078833864917, 94.26136400265358, 52.241944843217375, 24.200699037630635, 0.716883429014, 0.243919934769, 0.653131850875, 0.295541622472, -0.954787464372, 0.0321876880843, 0.631453322575, 0.16995282669, -0.756559804714,  
1540, 500655.45373404864, 49.25875685756951, 102.06579738237096, 59.233242663483445, 19.769905844434543, 0.142991949171, -0.746397414941, 0.649957076615, 0.343430307003, 0.653321126137, 0.674705217391, -0.928228919343, 0.12673754421, 0.34975515462,  
1585, 1334153.5042747566, 68.29240344711238, 146.38839380778165, 67.04370905797865, 32.45282542295469, -0.0902448948764, 0.864309790177, 0.494797378279, 0.783390879394, -0.245164583696, 0.571133134202, 0.614942752645, 0.439161602949, -0.654967554513,  
1607, 1386709.2504520232, 69.1776175678416, 106.14933846260246, 72.23626863302866, 43.174190855688614, -0.148707299753, -0.4145298119, 0.89780352753, -0.556488791063, -0.715416169285, -0.422492520818, 0.81743890562, -0.562445321584, -0.12429358715,  
1632, 2404398.499057264, 83.10732038017755, 126.03705661850826, 78.61128042948602, 57.9341602519811, 0.324415551048, -0.849239150185, -0.41659022556, -0.699197601364, 0.0813295313907, -0.710287421802, -0.637084974305, -0.52170717181, 0.567401412051,  
1634, 2784724.4080821383, 87.27661033656528, 125.83854849119543, 80.70899794656492, 65.45728028275983, 0.821142280771, 0.151032911362, -0.550376611436, -0.193425328695, 0.980923152326, -0.0194013259708, 0.536946921911, 0.122388026031, 0.834691065086,  
1637, 2271207.89230682, 81.54351468377999, 118.86538653115339, 72.88132990006707, 62.5887940313487, -0.094368670695, -0.106305127459, -0.989845328254, 0.985227878127, -0.152692974187, -0.0775298896877, 0.142900602351, 0.982539605059, -0.119144208159,  
1640, 784938.9222287245, 57.22455425412915, 127.58452342522715, 61.98454573736356, 23.695497801202137, 0.819037654432, 0.381231676202, -0.428765355041, -0.294559173749, 0.920714398484, 0.255968532411, 0.492353748623, -0.0833510976811, 0.866395048885,  
1641, 2680663.0610235306, 86.17564451114487, 118.90224302552205, 89.86356127162807, 59.893535148856486, -0.564124278683, 0.399937281474, -0.722366921369, -0.139863967529, 0.815937209336, 0.560967504414, 0.813757868649, 0.417488492427, -0.404353174717,  
1644, 2646569.2059171093, 85.80874467061201, 100.6158249576045, 83.05023592213536, 75.61143541123282, 0.582696023239, -0.540161796644, -0.60719896076, -0.572481652652, -0.803127386143, 0.16507925068, -0.57682761886, 0.251419241654, -0.777211852102,  
1689, 547302.5683172941, 50.74340728867281, 134.12774036643953, 72.9885770440988, 13.346437953613242, -0.164228509912, 0.961445708012, -0.220570050271, 0.98552001465, 0.150361838914, -0.078368476593, 0.0421817170957, 0.230246537309, 0.972217688998,  
1691, 1062670.926173842, 63.304812940699925, 123.69050926949825, 70.99227406376293, 28.891009952974947, 0.736669227518, -0.623189183726, -0.262590347336, -0.606707668051, -0.437535590451, -0.663677943446, -0.298704293165, -0.648226695204, 0.700412661843,  
1695, 364712.33592506545, 44.32212911690807, 91.25992809325801, 67.19409951828999, 14.198765388093676, -0.188101479327, -0.945421635473, 0.266074735092, -0.922337281723, 0.0769440913567, -0.378646993317, 0.337508180964, -0.316634707486, -0.886470918755,  
1753, 2496032.4392324374, 84.14995188480331, 108.93930569305621, 82.85522561312558, 66.01720123676576, -0.736186953926, 0.0829690701421, -0.671673210921, 0.673742195149, -0.0040533807352, -0.738955360344, 0.0640329863777, 0.996543879367, 0.0529157174304,  
1770, 500075.36408600275, 49.239724781471324, 137.0577337988714, 77.5505877970503, 11.232028841603436, 0.674860903629, -0.341833013095, -0.653997669653, 0.489543277781, -0.45577152239, 0.743383950969, -0.552186689383, -0.821840927757, -0.140240327764,  
1777, 1055548.694652456, 63.16306865992094, 120.40308864271064, 60.64280076371629, 34.512211170389605, -0.217117198184, -0.196939847172, 0.956072601244, -0.9684392055, 0.16628664091, -0.185672448966, 0.122415797604, 0.966210872248, 0.226827958696,  
1819, 229525.38631767523, 37.982251567662104, 113.34136300564123, 90.0814983965298, 5.366833045064685, 0.912540078291, 0.397984213161, -0.094229356289, -0.340191526404, 0.866512070541, 0.365276001086, -0.227024956502, 0.301272962081, -0.926117849652,  
1828, 754518.9171246124, 56.47555503734781, 108.81275231163815, 67.99927527845415, 24.344308553115955, -0.466228295291, 0.535696326599, 0.704031691288, 0.883263676387, 0.237104879185, 0.404507792561, -0.0497639894504, -0.810438598498, 0.583706110487,  
1853, 1489947.5584984652, 70.85341564162295, 144.34548554439013, 67.79362589647899, 36.348819041656064, 0.447176377513, -0.758467347098, 0.474089201291, -0.711322144914, -0.622900809267, -0.325600042951, -0.542267547941, 0.191629499818, 0.818061147623,  
1856, 1481195.9483188675, 70.71441756760694, 130.1000807444812, 68.21115409407133, 39.84656992660364, 0.258080204092, -0.196899389841, 0.945846308095, -0.556323504058, -0.830697054181, -0.0211320374897, 0.78987262713, -0.520742771871, -0.323926223785,  
1882, 1300791.5164150724, 67.71834913828978, 125.5384413970815, 73.82180016694201, 33.50871106459756, -0.763824348497, 0.535203367832, 0.360734971557, -0.0226636230832, -0.580807628681, 0.813725296801, 0.645026142751, 0.613367633256, 0.455764655981,  
1887, 1383603.2736181794, 69.12593052619586, 137.25959470898664, 57.27557034955073, 42.0156258284028, -0.92869823798, -0.0812483139735, 0.361826331614, -0.323013885797, 0.656507970364, -0.681659236299, 0.182158206938, 0.749930661012, 0.635942128908,  
1953, 2328742.5830917126, 82.2263397695854, 139.8805598451379, 78.98568414559801, 50.31843547779024, 0.638285912889, -0.576484158554, -0.510154004535, 0.29642068249, -0.427550575635, 0.85401129048, -0.710440618489, -0.696323574361, -0.102017681752,  
1963, 1711462.9382347793, 74.20382568602166, 120.6964196420631, 77.35439373264248, 43.76223718636533, -0.0657012558791, 0.741557365688, 0.667664600207, 0.233877664896, -0.639027420012, 0.732765442919, 0.970043598422, 0.204295447494, -0.131448801037,  
1964, 230044.1682446452, 38.01084634021454, 89.21124792516682, 63.463215664725155, 9.700205398436067, -0.881461610321, 0.107044406559, -0.459964047024, -0.183881461233, 0.819313755909, 0.543058539748, 0.434986250065, 0.563264116026, -0.702510140747,  
2016, 1625081.2152936645, 72.93379639337478, 141.23342474292937, 112.06626603201637, 24.51173590322615, 0.297324300536, 0.88967427862, -0.346522637461, 0.509674596138, -0.454793021432, -0.730339040246, -0.807359936064, 0.0405337589946, -0.588665395636,  
2077, 1756973.4887665212, 74.85581325728879, 125.76978269557827, 64.64890843252492, 51.58685978634314, -0.509873488891, 0.646860844246, -0.56709793996, 0.0498624806379, 0.68033949086, 0.731198953911, 0.858803096379, 0.344542051653, -0.379141156157,  
2095, 1132617.3868509575, 64.66434332839398, 152.18685284435583, 62.48791561303054, 28.43291852015114, -0.801276709307, 0.141579023213, 0.58130113995, 0.542979266272, 0.580107174479, 0.607164872598, 0.251255152226, -0.802141537576, 0.541700841956,  
2096, 2913066.287219481, 88.59732019183168, 119.11924849798456, 102.0130671860222, 57.23003446928373, -0.830283427738, -0.548209798729, -0.10047609766, -0.54971657405, 0.775789103505, 0.309778880975, 0.0918755562627, -0.312437647316, 0.945484848478,  
2135, 1127207.4192832506, 64.5612221626159, 115.7766095252299, 73.59717282098033, 31.58153759725197, -0.932050043939, 0.270961966573, -0.240545896378, 0.319890189163, 0.927148501621, -0.195104902089, -0.17015575944, 0.25879580486, 0.950826876417,  
2147, 1601392.3122003973, 72.57767361310167, 127.8139513153718, 92.29821727058851, 32.406905007768174, -0.144474243248, 0.671591487415, 0.726699433789, 0.577710031181, -0.538993648072, 0.612973871556, 0.803354413015, 0.508380488777, -0.310114439715,  
2161, 2499821.721055465, 84.1925136525527, 129.17944273580096, 93.35359794871563, 49.4875507957102, 0.219095705557, 0.881213902502, -0.418878418927, 0.392683570604, 0.313367009048, 0.864639075579, 0.893194651341, -0.353925381509, -0.277380855755,  
2198, 589172.7980754048, 52.005749453465974, 111.98921735293837, 56.417179780710796, 22.262118798978378, -0.989703340997, 0.0875853949567, 0.113208194978, 0.126475814622, 0.905446521674, 0.405179546256, 0.0670161557803, -0.415325649315, 0.907200881771,  
2229, 2424065.136415596, 83.33329587182226, 114.55738758481061, 80.92751240155572, 62.421813807761914, -0.458898302628, 0.471845211175, -0.75284423657, 0.112271726797, 0.871334209777, 0.477673271425, 0.881366783585, 0.134680331019, -0.452828666528,  
2239, 762933.7900075297, 56.684729724990106, 104.04865767941857, 59.613424265498836, 29.364167316080835, -0.494049139419, 0.586478293819, -0.64184005696, 0.822891791511, 0.0771244964689, -0.562939527399, 0.280650222345, 0.806284703392, 0.520711464991,  
2240, 648860.4394369622, 53.70576357814841, 92.7096067537528, 46.6817931418519, 35.79236687067537, 0.240449625628, 0.822895506986, -0.514807694307, -0.348068700189, 0.568192725784, 0.74565756639, 0.906108248215, -0.000104637680252, 0.423045897708,  
2251, 2096648.3891727892, 79.39850622226808, 126.11669300366067, 89.94809419886224, 44.12375405441796, -0.833707008086, 0.478739637944, -0.275210798714, 0.551625601812, 0.699162029017, -0.454842448114, 0.0253341684956, 0.531018659033, 0.846981324272,  
2255, 2042788.2260593574, 78.71271856824421, 112.78386941176805, 68.59898627675032, 63.03330057665418, 0.255284794013, 0.92211193635, -0.290756342643, -0.603098415827, 0.386913670672, 0.697545777906, 0.755712891761, -0.00271814058731, 0.654897424746,  
2267, 1148443.711924806, 64.9641412014316, 121.56049523808078, 98.05055029961179, 23.002689052087703, 0.778042061734, 0.609699364734, 0.151384394229, 0.628211978033, -0.755309551498, -0.186700808973, -0.000510714282499, -0.240362572083, 0.97068304462,  
2275, 493824.6999593682, 49.03370761750635, 108.55110297191297, 87.50286697814633, 12.41159729177669, 0.203103152992, -0.84645393743, 0.492204064442, -0.734064139445, -0.464297443281, -0.495557991909, 0.647996102169, -0.260659962349, -0.715651755816,  
2287, 2834719.5585279535, 87.79581815259158, 127.45335450173958, 112.78648908128892, 47.07747298040052, -0.560645841011, 0.456942002556, 0.690565165105, 0.804223076311, 0.499115039968, 0.322659914472, -0.197234592519, 0.736266380584, -0.647310074335,  
2291, 2122362.7751707565, 79.72178304518403, 116.35099206092868, 81.65162347918, 53.33301007620351, 0.449411911219, -0.0739246596575, 0.890260680222, -0.796177980296, 0.418806061357, 0.436694523279, 0.405129063073, 0.905061670642, -0.129359246245,  
2296, 494317.54647142807, 49.050014387109435, 91.04675200781148, 64.43548842391243, 20.115361185119102, 0.629141255402, 0.284090896943, -0.723514784248, 0.213811000826, 0.831657236493, 0.512475459818, 0.74730591907, -0.477114874285, 0.46248811883,  
2304, 1315269.087394363, 67.968653742434, 101.76623839011873, 78.93096633939277, 39.0908273277547, 0.625704900586, 0.278049888026, 0.72882208882, -0.169298234502, -0.863640784679, 0.474829130144, -0.761466667148, 0.420491206575, 0.493310916173,  
2307, 1801484.6006571962, 75.48268062581315, 117.514195600149, 89.863942611922, 40.72547366071247, 0.635082741078, 0.540203537381, -0.552132275986, -0.537710410093, 0.822339472936, 0.18607876324, -0.554560570959, -0.178711861531, -0.812726672188,  
2314, 3183080.4946669573, 91.25422981494998, 130.00986425704255, 91.22018929408772, 64.07546079236612, 0.57083784871, -0.411996456835, -0.710213397533, -0.698360131934, 0.211254686447, -0.683860061401, -0.431783830874, -0.886357928271, 0.16712972921,  
2319, 764965.0562820219, 56.734991729411384, 79.25673489322044, 70.05870144248692, 32.889307360706525, 0.333876286333, -0.851204843318, 0.404940662489, -0.252388273213, 0.333179649783, 0.908455546802, -0.908199749488, -0.405514038824, -0.103593336404,  
2335, 1022002.8496621524, 62.48673493982673, 106.86913870253629, 69.3907810310601, 32.90102380684961, -0.99614415956, 0.00576724856389, -0.0875417170161, 0.0877301118653, 0.0710648000597, -0.993606170303, -0.00049076085788, 0.997455028077, 0.0712967468915,  
2346, 1743324.0366575024, 74.66146424371598, 119.07585435424072, 80.09066989330823, 43.63991303637785, -0.958072261754, -0.275359256859, -0.0792137672369, -0.284144124286, 0.948653364257, 0.138992485833, -0.0368735391768, -0.155672971792, 0.987120189218,  
2373, 1967001.8851701329, 77.72702682585384, 118.89752538202973, 70.09346254488321, 56.34635626748932, -0.441269677473, -0.652163550504, -0.616412017353, -0.0900098039811, -0.651275486312, 0.753484224199, -0.892848983272, 0.387972865447, 0.228687010446,  
2456, 2096941.4046580577, 79.40220480906036, 123.04186195267013, 91.09683376300853, 44.66234362754457, -0.521127608383, 0.783064389069, -0.339464546532, 0.852979077049, 0.464244706156, -0.238544643458, 0.0292011968399, 0.413868355129, 0.909868273282,  
2471, 200940.34588299817, 36.335084852408364, 99.04488730044952, 51.333250160165775, 9.435126158854104, -0.65889528504, 0.516514409783, -0.546872807734, -0.199069902715, 0.581349998423, 0.788925442084, 0.725415864994, 0.62868517067, -0.280226299612,  
2492, 1402601.75658934, 69.44088647918709, 113.81684890260338, 84.3547233802813, 34.87625190695908, 0.647957687358, 0.707558485183, 0.281978413074, -0.406928775216, 0.00863272876805, 0.913419097619, -0.64386318989, 0.706602056352, -0.293519550737,  
2501, 379261.81085129967, 44.9038420603123, 109.17447194785548, 81.79652845984279, 10.138986222684586, 0.207919258587, -0.884121025799, -0.418449033514, 0.473583032055, 0.465303980435, -0.747804331053, 0.85585553317, -0.0426874399711, 0.515450374731,  
2517, 1089426.6002110322, 63.83170651429963, 101.511631232125, 89.29232888008424, 28.693227976216686, 0.705506552115, -0.349096030412, -0.616759650491, 0.0863864106008, -0.821414802947, 0.563750928658, 0.703418718109, 0.451009626338, 0.549356372461,  
2569, 979624.4218270022, 61.61082128271212, 152.4964006905813, 48.99235219289677, 31.302794474061564, -0.0404637200432, 0.60967087517, -0.791621191814, 0.026557585461, 0.792646388795, 0.609102944489, 0.99882800422, 0.00362302356897, -0.0482648079399,  
2594, 735253.5178924671, 55.99073482956463, 131.1889741742214, 44.24487688119056, 30.240444793927946, -0.0722352134764, 0.676101291829, 0.733259242779, 0.332810587137, -0.676704247371, 0.65674079718, 0.940222945383, 0.291476250796, -0.176131792128,  
2602, 1864228.1001543244, 76.34902233873835, 109.6459889653515, 85.43569549078903, 47.50926727154934, -0.594131899766, 0.703133894618, -0.390653314231, 0.182489372259, 0.590829309495, 0.78588698682, -0.783393205672, -0.395630450395, 0.479345003131,  
2610, 2120018.609754738, 79.69242113229008, 107.10292137015298, 89.60882948909999, 52.734999057163456, 0.36935849719, -0.50781322129, 0.77826732736, 0.824069315765, 0.566071730706, -0.0217384109612, -0.429516080455, 0.649375490744, 0.62755669756,  
2617, 1546124.033664525, 71.73293058796573, 161.52390702743145, 86.06017142977561, 26.5531900535477, 0.204845203557, -0.944980280397, -0.255050411176, -0.823355818175, -0.307263894573, 0.477152067761, 0.529267077436, -0.112254927521, 0.840996546955,  
2635, 806504.3926866152, 57.74389069330406, 99.48620848835166, 63.573075763461965, 30.44261983334777, 0.809760470619, -0.520820328086, -0.270248341486, -0.515798021211, -0.412271271168, -0.750989214493, -0.279714821805, -0.747514939531, 0.602479073197,  
2637, 1920383.8209176206, 77.10806587200427, 152.8849746219792, 91.32512694590353, 32.835553316781265, 0.739101849937, 0.36960505826, -0.563134581009, -0.435263891175, 0.900091981023, 0.0194877073392, 0.514075675809, 0.23070874844, 0.826135384144,  
2643, 721504.2958915537, 55.63952802314715, 106.05247715466601, 69.78272443765873, 23.27456505204664, 0.432328293813, -0.182523364193, -0.883050093648, 0.241204307442, -0.920204252474, 0.308293068039, -0.868857139258, -0.346279302374, -0.35380491278,  
2657, 2244296.9090113523, 81.2201712170905, 108.09054790385449, 81.70302687442184, 60.66886043452249, -0.935233285637, 0.109563802905, 0.336651859538, -0.153241087712, -0.982491874762, -0.105956996292, 0.319148665161, -0.150683406914, 0.935648780476,  
2684, 2005750.0869840553, 78.23409627153109, 108.97469851429145, 81.80014736046002, 53.71659159482343, 0.00768931791394, -0.935830229022, 0.352367218735, -0.92628436807, -0.139426908412, -0.350081999936, 0.37674679011, -0.323700354741, -0.867917010135,  
2698, 1708165.9191984648, 74.15614548403745, 128.73528358774274, 77.99393984200456, 40.61467573433161, 0.374882955858, -0.022244252259, -0.926805245264, 0.602511346947, 0.765640224566, 0.225333360438, 0.704587004001, -0.642884312896, 0.3004278849,  
2724, 1251161.111497544, 66.84591555370288, 116.23874010703503, 66.34905443310694, 38.72924188842962, 0.820144310448, -0.555768178115, 0.135959708129, -0.364274147974, -0.323960684554, 0.873128753381, -0.441211576409, -0.765618186212, -0.468146491799,  
2733, 1377059.2085442338, 69.01677600597945, 97.83452351541477, 77.46938260056798, 43.37522847500315, -0.427779318714, 0.885321151406, 0.182239713984, -0.805595422594, -0.282000868869, -0.521048486278, -0.409903488124, -0.369705245877, 0.83384480666,  
2743, 2878698.229309987, 88.2475202237975, 104.83224408232537, 93.68319501407596, 69.97629672453913, 0.545804805665, -0.322644925181, 0.773302894322, -0.628299120844, 0.453013628396, 0.632470447716, -0.554380130289, -0.831070938454, 0.0445394925742,  
2765, 1909062.1337964544, 76.95623604588693, 124.08617378262085, 72.71030870486459, 50.514036353193184, 0.0188177311821, 0.634786527964, 0.772458385228, -0.940301655139, -0.25135488636, 0.229463544918, -0.339821556609, 0.73066188146, -0.592160894222,  
2792, 2875412.451494881, 88.21393187784683, 105.2371736325439, 96.08016456240023, 67.89044038701725, 0.385665377103, -0.841804519364, 0.37766038723, -0.454265970159, 0.183027185747, 0.871862074891, -0.803059552748, -0.50780527809, -0.311815898062,  
2847, 916268.4186776825, 60.252911326392834, 87.43574759001349, 59.126001226168185, 42.312294114413646, 0.294866381601, -0.544814282827, 0.785003958098, -0.508337405737, 0.606191644968, 0.61165739716, -0.809102526835, -0.579404079032, -0.098203942232,  
2856, 441497.7934418678, 47.23674636034104, 130.20319664903843, 42.2568560197059, 19.156717707586953, 0.193637585026, 0.732374779524, -0.652787613227, 0.357639877814, 0.566900332269, 0.742103585135, 0.913563464387, -0.377162028298, -0.152153215372,  
2887, 344405.03242114343, 43.48374695636611, 131.53716651851266, 40.52049070178109, 15.426155364209063, 0.510553415583, 0.837576002417, 0.194426464278, 0.566285400128, -0.497690462797, 0.656981772078, 0.647036363305, -0.225323419591, -0.72840462735,  
2899, 737788.5750790525, 56.05501057174533, 102.69731403646946, 94.57516336589093, 18.13456452733091, 0.182144901014, 0.649783981013, 0.737972908076, 0.959808027059, -0.280476938098, 0.0100617289023, 0.213522331919, 0.706479628308, -0.674755324957,  
2916, 833749.677334339, 58.38693662991918, 145.18835453193893, 43.53330260856564, 31.49152343386989, 0.37781798347, 0.645971144469, -0.663306001691, -0.654816556063, 0.692908107029, 0.301817218064, 0.654575319786, 0.320311778938, 0.684785743865,  
2932, 1974144.7424347012, 77.82099765236333, 113.56003376089107, 77.43921639517256, 53.59248802500613, -0.190392857898, -0.750006976834, 0.63343515403, -0.973190520123, 0.0593831713967, -0.222202273834, -0.129037867323, 0.658758812962, 0.741205811595,  
2955, 1268933.9304181305, 67.16094530880682, 93.13079594510178, 67.67292328705123, 48.06646118209271, -0.0668558514193, -0.700625749226, -0.710389931413, 0.0770359459889, -0.713482224852, 0.696425572366, 0.994784277196, 0.00816543579669, -0.101673828991,  
2957, 2212827.652216032, 80.83876316795494, 118.2234001432283, 76.64718010968959, 58.29876481334494, 0.079426083422, 0.98720097674, 0.1382958018, -0.84409114922, -0.00719674697167, 0.536151413914, 0.530284479389, -0.159318669202, 0.832715997542,  
