# Void_ID, Void_Volume, r = (a*b*c)**(1/3.0), a, b, c, vector_a, vector_b, vector_c 

8, 2396346.8306263373, 83.0144487927138, 112.44745288959966, 95.00699426827704, 53.549554824474946, -0.438315228467, -0.896671406067, -0.0621301057152, 0.51004206651, -0.305046841746, 0.804240955641, -0.740092461037, 0.320822090703, 0.591046813064,  
26, 1863465.4276041759, 76.338609227081, 113.45751346070963, 86.19249760484153, 45.49147345461782, 0.839215360519, 0.467050663022, -0.2785341215, -0.296199886632, 0.82214701746, 0.486148031818, 0.45605175784, -0.325481120576, 0.828298759096,  
28, 1318343.8167562473, 68.02157639249846, 140.88156908408533, 106.7399623830014, 20.929499933921562, -0.496445168916, 0.00101526993089, -0.868067487864, 0.864909298604, -0.0846534004744, -0.494738018528, 0.0739871573228, 0.996409941247, -0.041147655294,  
51, 2177599.0370371626, 80.40747706017355, 115.90995311136818, 74.32722329852814, 60.342134361535166, 0.297974755474, 0.947908794601, 0.11260533832, -0.328648403828, -0.00887927997342, 0.944410601936, 0.896214969615, -0.31841808288, 0.308882911041,  
59, 3013685.286354477, 89.60586353237129, 137.44852034754402, 93.19056140415704, 56.169077527537226, 0.250495322466, 0.528661446593, 0.811029696318, 0.303516118709, -0.838388253214, 0.452750596418, 0.919309555648, 0.132748678938, -0.370469606222,  
71, 461608.12785792985, 47.943339244552924, 126.8032471313534, 97.34132439004226, 8.928062299778695, 0.221725986738, 0.167154701495, 0.960675227417, 0.77151518096, -0.632566163859, -0.0680027491299, 0.59632366409, 0.756253498576, -0.269218746631,  
88, 713657.7463728314, 55.43709421877572, 127.55592630717459, 57.363673157231496, 23.284331906241068, 0.919446359667, -0.322588618994, 0.224844334132, -0.240058233673, -0.00761913386653, 0.970728588868, 0.31143287582, 0.946508600962, 0.0844454389761,  
97, 2584203.8941136887, 85.12936405781781, 126.8421771371398, 93.07137413774942, 52.258670112755716, -0.6344587299, 0.590769653258, 0.498450937247, 0.756149975403, 0.608115674543, 0.241728238055, 0.160310120552, -0.530270254836, 0.832534757283,  
111, 145627.2918176404, 32.63758791036565, 103.96743934176291, 47.30158599582649, 7.069376527026928, -0.241269184524, 0.0834820597601, 0.966860861912, 0.941449500946, -0.221638792613, 0.254065115231, -0.235503753192, -0.971548759099, 0.0251195327465,  
128, 704742.1569266563, 55.2052711504537, 118.4361034515095, 86.41044563516854, 16.439601520366843, -0.311460376537, -0.261905596862, 0.91345382597, -0.944897615399, -0.0166104644465, -0.32694432077, -0.100801439772, 0.96495054319, 0.242300472424,  
153, 2362765.5024778014, 82.62484745291118, 127.88158874881775, 72.32907936021931, 60.98331824739771, -0.998529371733, -0.036164061594, 0.0403887909737, -0.0372704265846, 0.998940823905, -0.026984173851, -0.0393701548066, -0.028449797631, -0.998819603294,  
154, 3245482.318477397, 91.84669768888513, 135.54116200653434, 99.44882404235226, 57.480399973920605, 0.152596648219, -0.861995818632, 0.483401977253, 0.436230057798, -0.380153251186, -0.815589873825, 0.886801894239, 0.335330753544, 0.318018373843,  
161, 2386736.248472808, 82.9033232376475, 131.98275586971204, 96.58516280408386, 44.698012340154584, 0.334061366151, 0.618813575898, 0.710966076497, -0.827888100965, 0.553212114537, -0.0925075597463, -0.450559980388, -0.557697153133, 0.697115190955,  
164, 2461216.8981192387, 83.7568674804185, 117.88193279415562, 109.65581222732678, 45.455074600166355, 0.959498415081, -0.27024068394, -0.0795786667449, -0.00549156650558, -0.300368783843, 0.953807337144, 0.281660494487, 0.914739616742, 0.289687416725,  
165, 1795283.664686996, 75.3959741129813, 106.15892077081126, 73.42574706449491, 54.9844140474152, -0.872028091195, -0.104735763178, -0.478118633895, 0.074360277358, -0.993847247255, 0.0820865291923, -0.48377428344, 0.036028725138, 0.874450898363,  
182, 455868.4979473464, 47.74380095833731, 100.49126717350225, 63.873143384558915, 16.955256356295514, -0.88855258494, -0.316691275167, -0.331935144311, -0.0615380149749, -0.634712558729, 0.77029412597, -0.454628833785, 0.704873466677, 0.544486932319,  
204, 1729644.9111303464, 74.46567228323129, 116.88991489469647, 64.00838525710412, 55.189242136859335, -0.334444798039, 0.909441504232, 0.247108938415, 0.941744073167, 0.332408029317, 0.0512152584821, 0.0355637135317, -0.249842054959, 0.967633282734,  
209, 344696.5012811365, 43.49601021548895, 115.13293650835995, 93.96775616268222, 7.606236552893812, -0.229438261107, -0.516536546093, 0.824953381041, 0.353752153769, 0.74534872494, 0.565079367819, -0.906762095615, 0.421479862842, 0.0117144003127,  
264, 1670753.1405484502, 73.61074711050507, 103.07550392288852, 67.94597801892021, 56.95140673260859, 0.761836987645, -0.620980891406, -0.1843560055, 0.420812758049, 0.258081117462, 0.869661290085, -0.492464239228, -0.740119496648, 0.457932422704,  
266, 820951.0187341687, 58.086634205023756, 107.10294117575151, 86.6493607822544, 21.118442053223465, 0.13459557547, -0.7722674169, 0.620876048707, 0.808740500333, -0.276431931054, -0.519157192587, 0.572558149174, 0.572003867372, 0.587357422296,  
279, 3339430.0275323885, 92.72451695107823, 133.46664289938252, 96.4682651781509, 61.919370627903284, 0.307728714761, 0.162656757844, -0.93746776864, -0.728907080743, 0.673582614081, -0.122396608, -0.611553354789, -0.720991845401, -0.325842374639,  
284, 2089504.8376027558, 79.30822996534309, 134.28548224951544, 122.2005943578072, 30.398516532454394, 0.106741749841, -0.979156238441, 0.172798320487, 0.985282606902, 0.0808296350449, -0.150614589712, 0.133507989935, 0.186332044536, 0.973373507859,  
320, 1719168.9677807763, 74.31502894966961, 99.85712635475757, 75.15512512906432, 54.688031067208094, -0.934076783178, 0.346673891724, -0.0855439999308, -0.206706758632, -0.329637638697, 0.92120103294, 0.291157825008, 0.878155020456, 0.379566701629,  
329, 2466183.479398978, 83.81316832803644, 140.7790590697951, 106.52260278131551, 39.260601336413416, -0.12526670033, 0.976278982946, -0.176600116781, 0.901401159763, 0.186356536216, 0.39082885076, 0.414468578985, -0.110229709553, -0.903363275856,  
362, 910872.6384199543, 60.134404661041344, 107.61789791219572, 102.22631798956213, 19.76613803637476, 0.876595511559, -0.145038265311, 0.458850967864, -0.411096358083, -0.721360843418, 0.55734936795, -0.250160135682, 0.677201916107, 0.691966380207,  
364, 1246264.9366521507, 66.75860541556465, 100.44256168439655, 77.74253753604168, 38.10178084450324, 0.319296030831, -0.292279122539, 0.901456021791, 0.0262750425309, 0.953613876993, 0.29988363701, 0.947290698168, 0.0720658596962, -0.312164772245,  
385, 1495259.323080103, 70.93751486590845, 102.6016055795687, 85.40117235221209, 40.738958328305024, -0.0663529709596, -0.907204942607, 0.415423248453, 0.680856877309, -0.345517565794, -0.64579526504, 0.729404685936, 0.239993341236, 0.640602841312,  
406, 1491584.5713313697, 70.87935514467497, 108.97408752418059, 71.46364697616238, 45.72469911295169, -0.605427930465, -0.508810179984, 0.612020605664, -0.791375359896, 0.302963851014, -0.530978290261, -0.0847470398429, 0.805807114465, 0.586082616629,  
508, 1378907.0177840013, 69.04763230130177, 88.88982117742937, 75.15602054612789, 49.27544597282887, 0.400662341999, -0.701481805147, -0.589400513022, -0.643541948079, -0.673354272989, 0.363933763355, -0.652168267218, 0.233489400391, -0.721220667438,  
529, 1644135.375611914, 73.21774034591343, 117.72036309244396, 87.08584724540565, 38.28686352126758, -0.0416371799369, 0.957579115709, -0.285146598095, 0.259968225253, 0.285947257788, 0.92230726313, 0.964719061233, -0.0357267815715, -0.260846180675,  
533, 1373159.0198697147, 68.95155659377227, 130.26813048265703, 84.91089387632817, 29.636753731961484, -0.0320533685746, -0.925549616369, 0.377267132417, 0.79749770217, -0.25120954469, -0.548535486263, 0.602469913436, 0.283287261089, 0.746175804424,  
552, 1061672.9450290645, 63.284989683565676, 99.86686370067403, 56.78323600542398, 44.695169742471315, 0.562940014677, -0.805500774958, 0.185113590582, -0.610794996014, -0.254564451254, 0.749750900635, 0.55680159188, 0.535131237829, 0.635300358554,  
562, 3012388.943325023, 89.59301363985202, 113.65323475347412, 106.82478806785163, 59.233663625471216, 0.426125950234, -0.858520054321, 0.285236727764, -0.823299672419, -0.237338677806, 0.515604500961, -0.374959096344, -0.454547762447, -0.807955449096,  
578, 476526.57477891323, 48.454357433545425, 117.70940883801333, 105.49134576627823, 9.161582665914958, 0.106777639686, -0.195397987829, 0.974893923468, 0.734583883501, -0.645271385884, -0.209788838265, 0.670063469952, 0.738542121285, 0.0746356571857,  
584, 270329.1198891753, 40.111423402866656, 140.2347344576763, 44.22944450058893, 10.40488153279442, 0.679190346187, -0.352674520532, -0.643677835733, -0.602381622874, -0.768893276464, -0.214335041073, 0.41932905226, -0.533313990043, 0.734669540647,  
598, 450108.9144188809, 47.541878190469156, 121.73106896227053, 98.49521145760166, 8.962155032134026, -0.259771276896, 0.28610664845, -0.922313324967, -0.964195296068, -0.129613906101, 0.231360468501, 0.0533508644716, -0.94939097376, -0.309532654501,  
623, 1863825.7798631263, 76.34352963269905, 128.30854230971934, 91.62535536945231, 37.8482202237559, -0.780322660037, 0.551605246225, -0.294666249459, 0.604110696651, 0.543037138697, -0.583233171371, 0.161699760124, 0.633121092946, 0.75697481414,  
629, 1060121.8930995453, 63.254155911219826, 111.82855599248734, 103.38657322178837, 21.89023058703047, 0.885737715285, 0.346977110548, -0.308343289983, 0.378116217853, -0.154011106509, 0.91285743951, -0.269252345429, 0.925141861461, 0.267611118329,  
636, 1285969.0107995989, 67.46014928759824, 123.28315521813303, 53.254853038414666, 46.76048019576055, -0.0934293024564, -0.935706036447, 0.340184036662, -0.962870795399, 0.171838260226, 0.208210095074, 0.253280075826, 0.308100350016, 0.917018744361,  
666, 1068361.5567185883, 63.417611475137186, 150.333251386102, 99.20244821329118, 17.102208716537103, -0.325645393718, 0.319826790289, -0.889756091164, 0.0196744599418, 0.943139326558, 0.331814897685, 0.945287254318, 0.0905485224246, -0.313421396702,  
675, 275795.03062529356, 40.37996539686359, 112.45675107062898, 42.139851967881334, 13.893743897897494, 0.306527070695, -0.0431170908709, 0.95088488862, 0.786983150301, 0.573423613659, -0.227690316968, 0.535442504919, -0.818123631105, -0.209702284568,  
693, 143158.77360234785, 32.452123494387976, 112.64047733966967, 73.78272879973008, 4.112256204112454, 0.436002778507, -0.710130246855, 0.552826021128, -0.582243062932, 0.245814522114, 0.774963377448, -0.686217598726, -0.659765301619, -0.30629259537,  
716, 947245.4634520678, 60.924406651417705, 129.84963776385734, 74.69614922607708, 23.31497579247711, 0.0014371245788, 0.70805242175, 0.706158411921, -0.615301993787, -0.556032776107, 0.55877634912, 0.788290169363, -0.43530371001, 0.434866978439,  
720, 1558766.503537844, 71.9279172647787, 94.18842581470479, 83.18696384062444, 47.49409789729324, -0.360732795285, 0.708547662643, 0.606491599422, 0.859540065743, 0.504972052022, -0.0787026178614, -0.362025863424, 0.492913213903, -0.791185084397,  
731, 1354815.9217051624, 68.64315357907043, 134.92336808489344, 93.58974121241037, 25.613932587238516, 0.442627658855, 0.860860085689, -0.250999339608, -0.52527851893, 0.475780257649, 0.705489634213, 0.72674839743, -0.180424663776, 0.662784812389,  
737, 2100688.067199022, 79.44946670228693, 125.37681587623548, 63.58507014084207, 62.90723088099725, 0.374359877754, -0.878574148306, 0.296584132845, 0.530924462067, 0.465310585432, 0.708240972173, -0.760245945406, -0.107673232575, 0.640650120956,  
747, 736783.6236156214, 56.02954791966557, 108.46795248859283, 72.37143722993721, 22.406948469222076, -0.479267138462, -0.50663620554, -0.716674797399, -0.015606806356, -0.81151740758, 0.584119786336, -0.877530305793, 0.2911344233, 0.381026652591,  
760, 530396.0544981371, 50.21543453336592, 97.64113737363773, 94.59869588033281, 13.708618688072931, 0.116510537426, 0.856724730943, 0.502442066372, -0.902306712762, -0.1201038309, 0.414026165728, 0.415051672413, -0.501595260339, 0.759035113834,  
772, 1104994.31509293, 64.1343175997876, 88.07199125388124, 58.844997102450534, 50.90073728165596, 0.364327384104, -0.897435477018, 0.248747104066, 0.322840907872, 0.372252806846, 0.870173313771, -0.873521210616, -0.236722226216, 0.425350775501,  
782, 2347258.1556800297, 82.44368889646418, 107.6754295338418, 99.73159526564523, 52.18225810914717, -0.375693180974, 0.922475556324, -0.0888452686076, -0.664326054512, -0.334914014561, -0.668209170954, -0.646162152301, -0.192019402235, 0.7386494582,  
796, 848683.6051084574, 58.73348007514274, 98.76857162309095, 72.33539579833246, 28.35878160056287, 0.534628902678, -0.703344656072, 0.468485038391, 0.425962450036, 0.703069952876, 0.569428338355, -0.729882132663, -0.10487581293, 0.675479930332,  
882, 606850.0369460373, 52.520750635405555, 112.21668806349507, 80.15992999696753, 16.105640368299323, -0.0807860400984, 0.313689265092, 0.94608279801, 0.151013906638, 0.942079805929, -0.299466925156, 0.985225058414, -0.118678912307, 0.12347833837,  
883, 1098109.2911176456, 64.00083678957708, 113.29371097809388, 53.71089019788839, 43.081300402892296, 0.618512277005, 0.78271753044, -0.0692519366988, 0.57287195853, -0.388851208635, 0.72153479242, -0.537829231564, 0.485950620007, 0.688906171108,  
886, 1544381.0998249366, 71.70596579103947, 98.3155899727441, 82.3512359155232, 45.53793760646083, 0.311940148174, -0.903863347546, -0.292787282715, -0.908276286016, -0.374122335297, 0.18726095827, -0.278796578561, 0.207517534667, -0.937661421084,  
893, 1164802.6934216986, 65.27114816436135, 113.99257585140478, 68.59894412665619, 35.560655546993516, -0.757117692492, 0.290038417788, 0.585363575842, 0.642420765149, 0.167867305049, 0.747740682591, -0.118610118545, -0.942177416468, 0.313422008922,  
903, 2191419.3407081603, 80.57722259105104, 140.9445965080448, 95.91018401951861, 38.70113715078411, -0.5048111298, 0.0790141365764, -0.859606008269, 0.849202219151, -0.133334633411, -0.510957401866, 0.154988109926, 0.987916313133, -0.000209826808813,  
905, 360603.87408095814, 44.15507156148428, 96.4499282506545, 67.13196353998686, 13.295678957645098, 0.489493852107, -0.831431690868, 0.262901335429, -0.793337645184, -0.299468732651, 0.530031941395, 0.361954623515, 0.468016903098, 0.806194163295,  
910, 2222762.3885856066, 80.95956078210023, 112.44484812034662, 75.79086176031056, 62.26557784657942, 0.519593322584, -0.641152500516, -0.564753264894, -0.73474412788, -0.67265631789, 0.0876615340298, 0.436089263422, -0.369400797353, 0.820590765999,  
912, 1693784.1419317438, 73.94744125677323, 125.91892675869991, 80.60763893190037, 39.838432235323324, 0.340650664514, 0.16879393217, 0.924913905847, -0.823863455614, 0.52757652252, 0.207152164818, 0.45299683362, 0.832569289218, -0.318782445222,  
914, 812857.6689069994, 57.89512101446727, 134.32239305319408, 72.89868930092918, 19.817905709312793, 0.626756687729, -0.750771134481, -0.208611500204, -0.345680842496, -0.507830417187, 0.789058313758, -0.698341470571, -0.422434576011, -0.577813308493,  
917, 939280.5144733412, 60.75316406536069, 101.30141560034332, 88.44144240843214, 25.028531695231973, -0.0619339495288, 0.171634570166, 0.983211960983, 0.916827243368, -0.379539402892, 0.124006642852, 0.394451507431, 0.909115732994, -0.133852875609,  
925, 1362755.3290764755, 68.77697860994935, 114.90699435804618, 71.07152238392356, 39.837052366377335, -0.340507995483, 0.787897303077, 0.513100521161, 0.935308938472, 0.339664748426, 0.0991213816076, 0.0961846901914, -0.513659126737, 0.852585952789,  
935, 2474976.9613421755, 83.91266556783864, 124.13230343358353, 81.73554111678033, 58.23536405707912, -0.891084342346, 0.0582829262086, 0.450079765528, 0.443453499888, -0.0991151535902, 0.890800302967, -0.0965281734126, -0.993367649383, -0.0624741938426,  
945, 615679.1980438571, 52.77423626262722, 116.38924634087196, 104.4291595208153, 12.09292146243607, -0.796693667511, -0.604365619408, -0.00462582165504, -0.244837587724, 0.315736024998, 0.91671441472, 0.552570136531, -0.731473144139, 0.39951631208,  
953, 262238.4015713247, 39.70719663833452, 96.24367859993475, 79.37570085667276, 8.194979899175022, -0.175834905029, -0.904684153786, -0.388109092991, 0.0987541585449, -0.408473385081, 0.907412315241, 0.979453777543, -0.121227371371, -0.161165201229,  
954, 724093.2507956517, 55.70599853370842, 105.22023336805577, 62.87433017975245, 26.129629879460424, 0.609551172427, -0.791530856691, 0.0438893050632, -0.677633966888, -0.49150860416, 0.547020565387, 0.411411685679, 0.363177910867, 0.835967840257,  
963, 2547693.364003107, 84.72654861357742, 98.63669310300686, 87.3312681155046, 70.60740923519705, -0.900889203564, -0.399159551285, 0.170500133489, -0.42608452417, 0.888177339527, -0.172026137008, 0.0827684792938, 0.22762395781, 0.970225083507,  
984, 380994.35441035597, 44.9721147719096, 126.35256672296235, 72.49637522548164, 9.929550062859953, -0.989712018887, 0.00249622584698, -0.143052048314, -0.0311173056461, 0.972158144398, 0.232250415651, 0.139648963332, 0.234312422072, -0.962078923947,  
995, 411156.9055413338, 46.12888881736038, 94.63766728799185, 82.33127966927682, 12.597665917705022, 0.197450628751, -0.343696238797, 0.918088309828, -0.635291722472, -0.758117871991, -0.147179208884, 0.746604096269, -0.554193276398, -0.368038226044,  
1000, 828753.7471053549, 58.27008235693292, 137.98537312237536, 66.56938087530813, 21.539187934698788, 0.288764672219, 0.242555244408, -0.926165167499, -0.898089697331, 0.403819821008, -0.174253974728, -0.331737636734, -0.882097786853, -0.334445264285,  
1018, 438797.5873875211, 47.140249188004624, 151.14225944267272, 86.69394984584973, 7.9946769848490336, 0.52143861735, 0.034507409399, -0.852590761756, 0.225241211821, 0.958175953775, 0.176536789662, 0.823023793601, -0.284091675878, 0.491857453805,  
1032, 3068997.3671076093, 90.15074129006723, 129.1448037342436, 115.82044821835471, 48.98303929075064, -0.875363722995, -0.226505118926, -0.427122679759, -0.421891559547, 0.789328514072, 0.446058302082, -0.236105621379, -0.570662709465, 0.786510144613,  
1047, 1098884.3086779218, 64.01588996875101, 91.3910796542637, 76.0521166124686, 37.74402831408061, -0.529336530351, 0.828063846219, 0.184697331385, 0.255300329188, -0.0521422720382, 0.965454776457, -0.809088734041, -0.558203771083, 0.183804163163,  
1051, 2073589.9877846856, 79.10636448606662, 107.00136523291589, 98.68430514501554, 46.8810005015878, -0.107035449316, 0.574636989368, 0.811378914589, 0.774822271215, -0.463181145704, 0.430248386742, 0.623052052897, 0.67472628281, -0.395664735181,  
1053, 1776482.5632175794, 75.13185527576017, 132.3098949898363, 58.16981385902226, 55.10390046506793, -0.5709089745, -0.459330431337, -0.680498712477, 0.0618076513883, -0.850545622769, 0.522256601507, -0.818683551236, 0.256100953601, 0.513974264433,  
1061, 2954809.657688303, 89.01850578339922, 99.19856295834644, 85.64962761511134, 83.0252210670955, -0.389889058711, 0.0103893484986, 0.920803227262, 0.171384221024, 0.983284515064, 0.0614736628161, -0.904772883481, 0.181779052351, -0.385152444422,  
1067, 127573.28155327197, 31.22892532720615, 80.25033317910686, 58.3055289503984, 6.509003931666613, -0.856208453645, 0.473972613035, -0.205565186742, -0.418138597365, -0.402068617771, 0.814555670288, -0.303425769014, -0.783384189715, -0.542440793085,  
1073, 3638862.0062580425, 95.41697830394436, 144.9774797660873, 98.14402060896921, 61.05378399087057, 0.698261694179, 0.264442241001, -0.665207416989, -0.268758098279, 0.958129639147, 0.0987759039339, 0.66347546379, 0.109808450326, 0.74009621887,  
1083, 519803.7253646369, 49.87890676452715, 113.28106356476242, 47.32731067404225, 23.146302985084354, 0.0827468337965, 0.0938824213042, 0.99213862563, -0.693753426943, -0.709286056293, 0.124977889857, 0.715443319979, -0.698641096213, 0.00644007609517,  
1088, 180719.76677038783, 35.072954302291755, 102.67989178635867, 27.6141913667714, 15.215958518735208, -0.0450409100383, 0.748875282113, 0.661178590294, 0.997563484787, 0.0690132815988, -0.0102108169414, 0.0532767326566, -0.659107714113, 0.750159057104,  
1092, 913881.1761135199, 60.20053824031853, 86.27011968223381, 60.82562606011861, 41.57709429113604, 0.00231077352608, -0.814974838329, 0.579491736969, -0.806085197179, -0.344460186054, -0.481221191462, 0.591794994245, -0.466007717869, -0.65773512273,  
1104, 2935787.904078046, 88.82707386084111, 101.62912839973416, 95.94730777140427, 71.8761941866118, 0.916546073883, -0.0132781295384, 0.399708626033, -0.13365182675, 0.931817028637, 0.337422901341, 0.376935649224, 0.362685423499, -0.852278592906,  
1130, 1611091.8267512424, 72.72391128908893, 117.6142256583269, 75.32192918989442, 43.41605878431709, 0.780827613767, 0.622643448709, 0.0512188769824, -0.353107897758, 0.372207107991, 0.858356966129, 0.515386311537, -0.688314611599, 0.510489907187,  
1136, 1393600.6059236405, 69.29202271205571, 134.6392371425529, 91.24885230467945, 27.08012496536738, 0.406892297129, -0.285149217128, -0.86782981195, -0.821803090633, 0.300538513948, -0.484062270643, -0.398846259558, -0.910146430859, 0.112049701611,  
1170, 2332831.1003972534, 82.27443257067564, 130.83383132071617, 98.10597724769096, 43.38895191419619, -0.16455225578, -0.274190823354, 0.94749245248, -0.937171307614, -0.256122547644, -0.236877987102, 0.30762395112, -0.926941547767, -0.214818229488,  
1171, 826141.15680469, 58.20878706692327, 123.6977546719029, 64.62048374417232, 24.673662950100475, 0.440644067544, -0.863080114869, -0.246830956437, -0.350371512619, -0.418513050946, 0.837906098159, -0.826482068095, -0.282735815745, -0.486813978448,  
1181, 3284101.646315408, 92.2095693527996, 112.10629359041253, 104.22134636074104, 67.10290279454622, -0.416396599717, -0.558239889815, -0.717622531115, -0.10739752131, -0.753577716931, 0.648526327115, 0.902817614006, -0.347115038516, -0.25383361849,  
1195, 975661.7379276205, 61.5276349301274, 92.40425932042763, 65.95622930535615, 38.21755110965025, 0.798073870255, 0.599439910164, 0.0612363594466, -0.357416705658, 0.38911971804, 0.849022463513, 0.485109674334, -0.699469541249, 0.5247961173,  
1197, 1915111.022679833, 77.03742930630979, 127.10117686494866, 67.21468865974263, 53.51697822195555, -0.951674790506, 0.138237893233, -0.274235989598, 0.303678887584, 0.556655602483, -0.773248778505, -0.0457627179267, 0.819161049549, 0.571735033516,  
1201, 3724573.1467070826, 96.1603346719931, 120.93999661013616, 91.34975022798092, 80.48419083825516, -0.961422889131, -0.0505576283826, -0.270388525029, -0.187639461432, -0.598226403484, 0.779048523963, -0.201140400638, 0.799730639895, 0.565661951031,  
1210, 950549.3789290212, 60.99515758964302, 126.86200730379883, 82.09089163925414, 21.790114957523564, 0.661918893439, 0.0775248177481, -0.745555686144, 0.46561546524, 0.736946642431, 0.490012127135, 0.587422860499, -0.671490542631, 0.451702151998,  
1215, 415349.6395122484, 46.28515717633442, 72.27673206145919, 52.448374841786624, 26.15740669189613, 0.777577621124, -0.603854997536, -0.175305975592, 0.228280469338, 0.0113276255439, 0.973529512762, -0.585884861083, -0.797013693013, 0.146656410373,  
1216, 1067965.743596638, 63.40977872626211, 107.30296557042274, 69.4144539820231, 34.230013966618436, -0.181902134558, -0.793840919472, 0.580282868965, -0.788151634018, -0.235169964055, -0.568781231935, 0.587986917574, -0.560813411553, -0.582889099387,  
1218, 2438343.3321965975, 83.49659189414288, 114.1645939320447, 86.48226435283583, 58.9586809741446, -0.0381401595979, -0.998746865444, 0.0324041199933, -0.225265646649, -0.0229996052389, -0.974025875734, 0.973550572218, -0.0444490373973, -0.224106149869,  
1227, 777933.3504136218, 57.053802403032066, 126.73047609183513, 67.5031359475299, 21.709447234422235, -0.936806188487, 0.242246737612, -0.252409752841, 0.281836064514, 0.0951135967076, -0.954736527247, 0.207274209568, 0.965541258485, 0.157376873175,  
1230, 1645079.306218081, 73.23174958241779, 140.45046350236353, 74.41945365648695, 37.574099050210485, -0.131759134837, -0.11563614112, 0.984513998506, 0.985942215103, -0.118232923585, 0.118063221449, -0.102749593017, -0.986229820401, -0.129588820842,  
1234, 1516021.6266114502, 71.26433919681592, 119.4604121088977, 82.69625071718512, 36.63590792277209, -0.800952029577, -0.398865023889, 0.446522719507, -0.593946109521, 0.623395299875, -0.508533498483, 0.0755239386069, 0.672521369781, 0.736214059826,  
1238, 964740.6935196645, 61.29720367436413, 118.64773575301129, 96.02133182229863, 20.215980428774643, -0.788865327314, 0.337636258867, 0.513510712702, 0.613113283697, 0.37495025272, 0.695344813268, -0.0422326498722, -0.863373652993, 0.502794529208,  
1246, 292678.38025433745, 41.1876813861259, 85.50226762686181, 55.117649207730885, 14.826331773240579, -0.84877165605, 0.518839208393, -0.101943865534, 0.514592710853, 0.854863118304, 0.066358050758, -0.121577209308, -0.00386326251435, 0.992574459363,  
1252, 1885374.1633531586, 76.63661501433377, 119.81131854777583, 80.10722053108367, 46.89639196590352, -0.968516281649, 0.238885605217, -0.0700705344635, 0.240178841327, 0.970671571888, -0.0105272839795, -0.0655006592259, 0.0270253057143, 0.997486489378,  
1274, 2976951.1247778996, 89.24030208564335, 106.65935096129354, 94.2095423599449, 70.72765586837104, -0.0997025551165, -0.988080372509, -0.11728843918, -0.249442868837, 0.138932019971, -0.958371613213, 0.963243300361, -0.066295333838, -0.260321480139,  
1277, 3511633.361046713, 94.29171155178076, 111.04338993975037, 104.31594726304894, 72.37309398693188, 0.731175118967, 0.279858838877, -0.622143050839, 0.588465719744, 0.202593610631, 0.782728513354, -0.345095699901, 0.938421472066, 0.0165559256917,  
1278, 626102.0805748849, 53.07037778860431, 125.09809953455799, 42.130230721745356, 28.360376244599223, -0.0237807725144, 0.907687356395, -0.418972717368, -0.856650534337, -0.234540941806, -0.459500172618, 0.51534875267, -0.34798593313, -0.78314842365,  
1292, 1582735.342204883, 72.29471727059932, 125.43882291944097, 109.64776906900659, 27.47185091720925, 0.296948532925, -0.951710641722, 0.0779000848998, -0.91603490448, -0.260879324482, 0.304667083605, -0.269632384123, -0.161829640337, -0.949267899457,  
1295, 1416023.9242039437, 69.66168801234366, 99.544556606135, 86.52549129291712, 39.248258501222146, 0.48554314892, -0.591497411069, 0.643722504838, -0.822695559847, -0.0601213971875, 0.565294112307, -0.29566850753, -0.804062329859, -0.515813826255,  
1305, 2043906.2471563953, 78.72707581276774, 151.397968764606, 76.58078965092311, 42.085498244670966, 0.68759895222, 0.141848803595, 0.712100131881, 0.504536499577, -0.79862247062, -0.32809308133, 0.522159555597, 0.58487696684, -0.620699872852,  
1310, 1157171.6380442935, 65.1282972350096, 115.40759426181644, 76.75724650159742, 31.18569279318057, 0.552210062234, 0.370089628882, 0.747059377668, 0.304657626364, -0.923676976766, 0.232388840718, 0.776046247246, 0.0992698805582, -0.622814348702,  
1316, 1651121.164944939, 73.32129244296513, 110.55151294108488, 74.43187861713245, 47.90343586641841, 0.595935428128, -0.55537379369, 0.580018029706, -0.636873955217, 0.113082671962, 0.762629578805, 0.489134470946, 0.823876361224, 0.286313134082,  
1318, 2697578.847997714, 86.35652927496604, 114.39060351675208, 93.34296362837378, 60.31337085377182, 0.798081167955, 0.57041835679, -0.194137445109, 0.364889515573, -0.201128690849, 0.909067044361, -0.479501919476, 0.796348006813, 0.368656698385,  
1330, 3072447.4794542273, 90.1845105931534, 117.51779820930092, 108.34320982078124, 57.60902358581399, -0.0893843110453, -0.950904784967, 0.296294675729, 0.0276521847781, 0.295001520344, 0.955096570862, 0.995613279148, -0.0935638440902, 7.39128329743e-05,  
1343, 279746.0855661183, 40.57188037524957, 97.62362092756425, 35.37370366290911, 19.339264969749717, 0.529176291897, -0.790230459375, -0.309044128193, -0.735807001704, -0.608751487826, 0.296664258571, 0.422564206171, -0.0704091410709, 0.903593959982,  
1346, 1990108.1138067597, 78.03019406303231, 111.27720797211497, 80.04975303151588, 53.33617220662236, 0.335288373484, -0.756589992521, -0.561385152835, -0.791835041882, -0.549176857731, 0.267211611611, 0.510469365441, -0.354931489374, 0.783227083799,  
1347, 191088.1656663653, 35.73126517959044, 122.63690544767415, 44.066350230631045, 8.44144737018475, -0.524998592563, 0.467614909428, 0.71113484958, 0.824008444927, 0.0701164489414, 0.562222168077, -0.213041217832, -0.881146968484, 0.422129671352,  
1355, 1008666.7312303565, 62.21374753521893, 94.42216706910648, 76.07636224208531, 33.522421784589376, 0.220356841081, 0.0714948440175, 0.97279563623, 0.328764499475, 0.933510727871, -0.143079085944, -0.918344579378, 0.35134912584, 0.182200508501,  
1361, 786539.1734909178, 57.2634156664434, 95.76498493517447, 59.13817063595515, 33.155617247781954, 0.260878277638, 0.0908086718698, 0.961091207623, 0.840780604884, 0.467838276108, -0.272424892144, 0.474373796396, -0.879136583542, -0.0456986736207,  
1376, 800321.7915135617, 57.595958613951865, 92.56377157102597, 60.03014736687291, 34.3847270728693, 0.483173160959, -0.822816259978, 0.299194082234, -0.639875310335, -0.565112382036, -0.520775943083, -0.597581194277, -0.0601780523508, 0.799546945627,  
1387, 465186.3226730833, 48.06689949229953, 151.6857583141515, 51.00004803219513, 14.35565245636334, -0.8438568495, 0.504736994012, 0.182060936032, 0.468592661651, 0.858528666703, -0.208205297474, 0.261393448654, 0.0903830477774, 0.960991347347,  
1396, 464053.0686845452, 48.027835360726705, 116.26099122600739, 48.55585534987973, 19.624717297843297, 0.285154125283, 0.951785902762, -0.11309606597, 0.737837259313, -0.293292366281, -0.607927435349, 0.611786975673, -0.0899065247081, 0.785896630106,  
1412, 2197616.10018871, 80.65310153553611, 100.07008900274687, 99.11072096143774, 52.89788370248479, -0.428996215197, 0.589168270386, 0.684721108567, -0.563121767935, -0.767126613775, 0.307263133024, 0.706297474032, -0.253766640062, 0.660867891917,  
1456, 2640781.423218071, 85.74614729700367, 126.491621364532, 107.87350821605881, 46.20269244765731, 0.821689555291, 0.561089378475, -0.100024917337, 0.527811365625, -0.682930124344, 0.504996641158, -0.215038222285, 0.467744753713, 0.857305901257,  
1457, 2678029.5292928093, 86.14741509571456, 142.00667821193989, 89.1847876091994, 50.48091301774799, -0.730612136156, 0.0474678249667, 0.681140743235, 0.67599914658, -0.0900865519712, 0.731375120562, -0.096078407173, -0.994802100293, -0.0337301190071,  
1460, 883170.3407765967, 59.51849699051804, 113.32909053756273, 72.61661454140808, 25.61996105081261, 0.0846102111035, 0.956039963017, 0.280764494356, -0.88892631323, -0.0548781139434, 0.454750923316, 0.450167881821, -0.288055518475, 0.84520583082,  
1472, 1078901.9970788232, 63.62548842251363, 121.13039472411722, 62.87775689590794, 33.81763364272612, 0.559364834839, -0.828383729787, -0.0298559503174, 0.27492199513, 0.151420675498, 0.949468101426, -0.782003119008, -0.539307125167, 0.312440308868,  
1487, 1220870.4913963443, 66.3020559935117, 84.01622294196181, 68.0762205399368, 50.95917608799991, -0.400582889495, -0.906694332099, -0.132055809349, -0.902423164283, 0.415367290644, -0.114465918196, -0.15863726299, -0.0733171330745, 0.984610997698,  
1492, 2641735.704080538, 85.75647454993569, 124.90861741173272, 96.06525088936358, 52.55838767806024, -0.956507543889, -0.0867282175308, -0.278516668743, 0.0810292446553, -0.99620008709, 0.0319319274822, -0.28022772881, 0.00797513423554, 0.959900420481,  
1493, 398121.693457906, 45.63615828850109, 90.18514469678645, 38.064352344590255, 27.686864943599204, 0.296358122182, -0.346151782286, -0.890140891678, -0.806310395974, 0.408851095587, -0.427439267009, -0.511893942883, -0.844404953359, 0.157939437702,  
1498, 3169899.1715765363, 91.12809250043297, 115.64595693148189, 94.7644822256091, 69.05272011125547, 0.289739321078, -0.325875250465, 0.899920244775, 0.115166772644, 0.945290497659, 0.305225309426, 0.950151430194, -0.0152051362993, -0.311417827894,  
1511, 4165273.1175170257, 99.81250564406949, 121.97530059281299, 96.83912263620375, 84.1844988717332, -0.583470095324, -0.261782877485, 0.768786298602, 0.124719839179, 0.906512277787, 0.403336648393, -0.802500847088, 0.33121777621, -0.496273286753,  
1513, 2802081.593579584, 87.45756657491498, 105.67943476115605, 85.18083503030864, 74.3121442879177, -0.887443881319, 0.357996928683, -0.290312859795, -0.0295167967495, 0.584426677058, 0.810909500408, 0.459969690543, 0.728205780117, -0.508078956054,  
1516, 853633.8621360393, 58.84745358727946, 101.68896388095314, 92.83961888608644, 21.58618296762719, 0.674024118672, -0.457283778585, 0.580157765863, -0.21101589143, 0.633455463992, 0.744450447446, 0.707929220341, 0.624200064868, -0.330470116661,  
1525, 1195738.247789366, 65.8439440607405, 110.35874290172177, 75.34355422129457, 34.33164898172072, 0.824429009217, -0.565488919278, 0.0232183318936, -0.420205348413, -0.639070247728, -0.644217885217, -0.379136220806, -0.521355445586, 0.764489519503,  
1529, 1576615.0947165557, 72.20141190370737, 137.2207166164222, 94.39052170724796, 29.05955780411882, -0.260902256561, 0.334826077475, -0.905439954035, 0.96334187764, 0.0296075371221, -0.266637995288, 0.0624695070174, 0.941814680066, 0.330276655404,  
1531, 2666337.2404649425, 86.02185885927726, 110.62107311788726, 87.84974388766507, 65.50102592315095, -0.953972695525, -0.268447066908, -0.133687203805, 0.213927605421, -0.921564333354, 0.323966293199, -0.210169160039, 0.280455614597, 0.936575449395,  
1534, 1104396.9161337302, 64.12275775713273, 115.00171062219499, 99.77087701972411, 22.97886034519903, -0.135570951302, -0.648151390472, 0.749346576821, 0.751657018182, -0.56002255824, -0.348405598807, 0.645470560274, 0.516017935049, 0.563110332463,  
1535, 1961777.4823705526, 77.658150880188, 113.18348480199892, 84.50489796584355, 48.966176427675535, 0.355444004024, 0.740163312729, 0.570804546665, 0.847262281632, 0.00275424963343, -0.531167619714, 0.394722923235, -0.672421508133, 0.626133475605,  
1537, 2296988.2719265735, 81.85088687911521, 139.43331604151462, 98.62817583930232, 39.875175883360754, -0.632866712822, -0.674351573198, 0.380433541538, -0.0491780727042, 0.525368821845, 0.849452245979, -0.77269737994, 0.518881062247, -0.365651749995,  
1541, 2258535.2070006058, 81.39156862566465, 138.6655213761681, 72.46547752953957, 53.65850991581201, -0.773602279691, 0.135166414217, 0.619087678221, 0.0370998085413, -0.965648206051, 0.257190875336, 0.632584474251, 0.221931481808, 0.742013005492,  
1548, 2026114.671899876, 78.4979781190908, 129.49395924670975, 95.56708735099001, 39.08566925214633, -0.867281858936, -0.292880362167, 0.402545985719, 0.00233904521129, 0.806215372609, 0.591617530027, -0.497811918327, 0.514040724481, -0.698530906651,  
1549, 1497503.712542125, 70.97298960837624, 103.41995994389053, 72.53709702543783, 47.65569003414067, 0.365477451731, -0.671386167528, 0.644722301715, -0.749913236574, -0.622695124917, -0.223340365845, -0.551413066482, 0.401859920193, 0.731062401341,  
1552, 744298.0806002022, 56.2193857962896, 94.39722292475793, 53.25756558981564, 35.34416783904187, -0.128283445978, 0.968921029465, 0.211507437573, -0.223906599494, -0.236059460445, 0.94559069678, 0.96613104297, 0.0739457219526, 0.247230333927,  
1557, 1266302.5052898687, 67.11448864716765, 121.79029082978882, 60.717112226379896, 40.88133612386999, -0.703919414428, 0.65844186579, -0.266367729589, 0.0842719065459, 0.449791075463, 0.889149163077, 0.705262861462, 0.603442041798, -0.372104821835,  
1560, 1773654.8112732435, 75.0919698902344, 105.9601157429811, 95.67708764690246, 41.76669595516374, 0.926469440991, -0.0903837380004, 0.365356202651, -0.0871901489056, 0.892787777638, 0.441959118057, 0.366131469345, 0.44131707876, -0.819260021697,  
1561, 1883509.567684881, 76.61134267737681, 108.83571435781249, 85.05140933020711, 48.57650611253518, 0.256063808828, 0.668623393621, -0.698121825551, 0.33726145489, 0.615024303155, 0.712741059273, -0.905917235101, 0.417956772922, 0.0680154329182,  
1562, 1998439.7755044973, 78.13893455921114, 106.74021228350689, 84.62680859509202, 52.816112278646735, -0.697047016732, -0.123377410081, 0.706330992628, 0.196182302385, -0.980312263095, 0.0223689752919, -0.68966510764, -0.154161867874, -0.707528202829,  
1565, 1970222.6359003033, 77.76942686454265, 97.52784930432918, 70.74012535446056, 68.17611081934645, -0.126676106593, 0.988435687425, 0.0833549989048, 0.978072104352, 0.138467123998, -0.155569323003, 0.165312197694, -0.0618202830438, 0.984301848976,  
1566, 2054432.129478014, 78.86198961175965, 132.16427942279066, 87.66436996585284, 42.33172641951383, -0.618661046907, 0.167023267511, -0.767698988634, 0.784830827933, 0.0865556290364, -0.613635636683, 0.0360427602285, 0.982146298263, 0.184633605401,  
1567, 3155088.125795315, 90.98594182326825, 121.69323556447907, 93.91272354160024, 65.90707094037539, -0.909986533525, -0.24520446631, -0.334363991041, -0.414488839196, 0.516331670511, 0.749400165605, 0.0111135496072, -0.820534201437, 0.571489381605,  
1570, 1903277.3726072134, 76.8784275333773, 116.3083155673469, 70.96247981037703, 55.0521044732653, 0.0445289349706, -0.380207075026, 0.92382885539, -0.920700070765, 0.343282032312, 0.185657819619, 0.38772226354, 0.858836437508, 0.334770697588,  
1572, 1928382.8591778046, 77.21497782705175, 124.52407578995329, 109.96303788027065, 33.6205331994522, -0.575959883245, -0.811389029823, 0.0995894330462, -0.816075480286, 0.577822179888, -0.0119305869997, 0.0478646358857, 0.0881440338999, 0.994957087476,  
1575, 1416038.3618897756, 69.66192476685293, 92.42931465463934, 69.62471671419395, 52.53070576265561, -0.233981986341, -0.427140746068, -0.873386061897, -0.114507583481, -0.87996330894, 0.461034259297, -0.965474206488, 0.207883039155, 0.156984708294,  
1583, 1715720.3481155129, 74.26530418276293, 105.16198991319612, 70.05035859685502, 55.60178504247882, 0.725789756623, 0.599211963476, 0.337896806745, 0.573950284726, -0.798239808561, 0.18274101535, -0.379223284945, -0.0613044113832, 0.923272153431,  
1586, 878225.3392789258, 59.40720472512308, 96.26645534363125, 57.8146944721556, 37.67073887372896, -0.147461810708, 0.977236034937, -0.152527854515, 0.988915959787, 0.142973780996, -0.0400465032873, 0.0173274020183, 0.156742559529, 0.987487484058,  
1587, 1423355.285153228, 69.78170390105026, 98.20403663387664, 93.37690375234305, 37.05577494972684, 0.161359086394, 0.570571199723, 0.805240182358, 0.738982991905, -0.610655590722, 0.28461181844, 0.654115725933, 0.549134096161, -0.520177240486,  
1588, 1641542.6584211134, 73.17923322337018, 124.65915651713965, 82.13289803716603, 38.27561986898215, -0.956285275412, -0.146835214629, -0.252898975433, -0.0346799754458, -0.801757662902, 0.596642228878, -0.290371781228, 0.579330708424, 0.761616805844,  
1589, 219373.83440686442, 37.41382170851956, 125.8020876987602, 47.86581762014697, 8.697268684728046, -0.625775846649, -0.773654917237, 0.099310919775, -0.144193880574, 0.239868212322, 0.960037168823, -0.76655900918, 0.586448045229, -0.261660038392,  
1591, 1766282.3752126226, 74.987782090738, 110.44670127721812, 95.57145608106292, 39.94758909371895, -0.671984876967, -0.274840931437, 0.687676368312, 0.163079554114, 0.850871281208, 0.499422788673, 0.722385896982, -0.44775051672, 0.526951696666,  
1596, 552255.8127599257, 50.896028561156534, 88.4770249187556, 58.66925864757477, 25.398646590375108, -0.28674709707, -0.902473958506, -0.321429395888, -0.109527587931, -0.302436001164, 0.946855940828, -0.951724650203, 0.306713578798, -0.0121231504626,  
1597, 1304033.8680291022, 67.77456735042945, 102.03960044533262, 68.99061770869372, 44.22231551275424, -0.99463968387, 0.0785212181121, -0.0672779130031, 0.0966078677816, 0.937636482688, -0.333923263962, -0.0368621642686, 0.338632905427, 0.940196222183,  
