# Void_ID, Void_Volume, r = (a*b*c)**(1/3.0), a, b, c, vector_a, vector_b, vector_c 

1, 1532556.7351490478, 71.5224941011978, 148.14240780607668, 50.84438490269882, 48.57418861664792, 0.841544337062, 0.538572992364, 0.0417403959608, 0.412085821025, -0.690018355265, 0.595029365248, -0.349268385155, 0.483542967371, 0.802619333082,  
2, 353924.20838566014, 43.88073432427359, 80.87422123110045, 50.310045677391926, 20.76619064313389, 0.166404821022, 0.698873343114, 0.695618779091, -0.818777877492, -0.29517140681, 0.492419158778, 0.549465397337, -0.651498189472, 0.52310408739,  
6, 2842153.892146855, 87.87250223906064, 158.6843647543653, 72.1221154793262, 59.28657828360912, 0.102833710521, -0.214970031834, 0.971191594586, -0.60180256323, 0.763955728003, 0.232820361098, -0.791996782109, -0.608407372626, -0.0508091139908,  
10, 2764081.409157481, 87.06041644228527, 121.84256372831761, 76.05143052987322, 71.21242983231436, 0.382682930083, 0.83471601075, 0.395983530491, -0.449078691035, -0.206506131687, 0.869300607865, 0.807392162633, -0.510494269285, 0.29582680194,  
11, 2504548.9111278215, 84.24554988899584, 119.72444853430243, 86.8083237959225, 57.530307110989476, -0.938796675776, 0.254617202933, -0.232014830391, -0.00986885773474, 0.653381421266, 0.756964546059, 0.344330375073, 0.712925520875, -0.610879525346,  
12, 1139991.9873792003, 64.80438545286592, 135.0649880001748, 62.02798229250816, 32.484991013721555, -0.763942685017, -0.204368054323, -0.612066395403, -0.209003588252, -0.819025121197, 0.534336364985, -0.610499036942, 0.536126430257, 0.582974593506,  
22, 3631191.6980177397, 95.34988842116657, 118.12856282952926, 88.58646782458332, 82.83965120568251, -0.317609213381, 0.643793660414, -0.696171035297, 0.170019437156, 0.760952633188, 0.626134555055, 0.932854639569, 0.0805034959156, -0.351143003035,  
23, 2827283.2843204304, 87.71897980472677, 128.13055500900694, 97.46776285721774, 54.046429838230694, -0.496299713496, -0.740099680846, -0.453805086789, -0.854639460855, 0.324645667449, 0.405211774947, 0.152571250021, -0.588946222518, 0.79363994396,  
25, 662184.6432547988, 54.07088756361933, 87.78644120526208, 52.19868911750688, 34.4987576284564, -0.942107520654, -0.0940145008943, 0.321861294892, -0.331623849581, 0.403200428204, -0.852909747327, 0.0495887277199, 0.910269569039, 0.411035606445,  
26, 1668100.3379064635, 73.57176703965725, 121.00954857590993, 82.24208789301402, 40.01472097914495, 0.222926564074, -0.941276648423, 0.25357842606, -0.330683721293, 0.171682921551, 0.927994208452, -0.917034363316, -0.29072881794, -0.272992181055,  
27, 2955902.077884286, 89.02947475072835, 129.72831814637198, 89.28166857742151, 60.926235886426284, -0.849649027451, -0.502139304782, 0.16109825804, -0.0242763393782, 0.342406943284, 0.939238065954, -0.526789511567, 0.794111833298, -0.303115830532,  
29, 659973.0223863204, 54.01062356488126, 132.57228238143182, 49.235943423557586, 24.13807191324956, -0.155271421856, 0.802114477632, -0.576630861408, 0.215036879371, 0.597156841809, 0.772763124632, 0.964183554135, -0.00400887186682, -0.265205586067,  
31, 1814155.9568400339, 75.65924501905889, 135.6179245931907, 78.31497906201561, 40.77782706729451, -0.112869884666, 0.921625339927, 0.371304621491, 0.605383318572, -0.232535552752, 0.761208417125, 0.787890491585, 0.310699130207, -0.531690345745,  
35, 2353351.111648044, 82.51496237343454, 127.64863878506496, 83.12310299008585, 52.949295103824504, 0.564170073044, -0.537054154799, -0.62712436047, 0.243274583083, -0.617701791796, 0.747838200173, -0.789005453661, -0.574471349351, -0.217837239395,  
37, 1067163.263520925, 63.39389250055762, 92.27476782745777, 75.39239022750188, 36.62113360395649, -0.185067213392, 0.739580385207, 0.647125165903, -0.651757675605, -0.585212229419, 0.482429869337, 0.735501229651, -0.332486842379, 0.590330789327,  
45, 161551.41051776797, 33.78630630036256, 101.55506651610806, 70.41726477917997, 5.3931363241067425, -0.690207234297, -0.673649569515, -0.264216258428, 0.0768418985307, -0.431304707279, 0.898928012751, -0.719520184814, 0.600143738593, 0.349454141016,  
54, 2259501.265835434, 81.40317169705996, 151.5283674425192, 90.1073027782474, 39.5066355039746, 0.58975286861, -0.784231847955, 0.192800317995, -0.343742188872, -0.0277342362334, 0.938654419757, -0.730775520632, -0.619847740009, -0.285929917377,  
56, 2132423.5595353604, 79.84755476297862, 134.3716905072401, 66.22221662608904, 57.210187113327926, 0.336448990735, 0.344992314335, 0.876231921173, -0.65881561977, -0.578625665126, 0.48078510668, 0.672877444845, -0.739034940113, 0.03260830434,  
67, 2595402.129796445, 85.25215171149924, 136.53247056238592, 97.89503231346258, 46.35743995143263, -0.0117713011795, -0.977996807979, 0.208287493748, -0.953414932824, -0.051815754061, -0.297178554911, 0.301432251653, -0.202082585134, -0.931826822135,  
69, 1398367.7267507613, 69.37094238461852, 134.69147018497083, 70.30790696730188, 35.25238627144903, -0.824095390435, -0.290855815695, -0.486075798554, -0.518422653261, 0.733064837255, 0.440288424746, -0.22826462724, -0.614832366467, 0.754901596961,  
70, 955306.5590128762, 61.09674173223384, 142.1755391627027, 89.26828333881168, 17.969338223955212, 0.457613224372, 0.0917672106112, 0.884403141071, -0.625274654297, 0.740382169802, 0.24671005114, -0.632156423343, -0.665892650279, 0.396188382882,  
71, 2837193.3390820525, 87.82134971294052, 130.6638578790963, 87.5240587407542, 59.22668110048612, 0.702457590565, -0.0467241873549, 0.710190244775, -0.264155753472, -0.943686234534, 0.199193445322, 0.660889606036, -0.327525786874, -0.675242021476,  
74, 3205352.4550523423, 91.4665701027268, 117.36292458954617, 108.4134615179378, 60.1413326223999, 0.304490239759, -0.199050890983, 0.931485070568, -0.755893385028, 0.544541214264, 0.36345571455, -0.57957819521, -0.814772120759, 0.0153462331116,  
77, 1771164.2998240863, 75.05680614950214, 122.72070532636374, 107.76873816228884, 31.971248787460752, -0.925252037478, -0.0272482667343, 0.378373095109, 0.217500060949, 0.779093814782, 0.587968154968, 0.310809251197, -0.626314904604, 0.714931639838,  
79, 806675.4056832812, 57.74797178614088, 129.29846794303728, 87.48356469270033, 17.025126871981094, 0.409524640486, -0.627403775048, 0.662309649552, -0.86133058084, -0.505161950275, 0.0540465956801, -0.300664596096, 0.59260096781, 0.747278324057,  
81, 1596845.07636551, 72.50891247600927, 103.65090416801148, 71.15888384932043, 51.685884404733976, 0.55211817802, 0.501415677071, 0.666144005668, 0.733289271567, -0.672260106757, -0.10175064161, -0.39680267351, -0.544654631533, 0.73884976189,  
82, 881845.7213682374, 59.48872591045484, 106.78408771209706, 61.15848686093443, 32.23596898207874, -0.546160446586, 0.454788200257, -0.703474562079, 0.0948040690129, 0.86795127767, 0.487516941336, 0.83229859731, 0.199570219466, -0.51715642935,  
86, 1573567.2444930717, 72.15485624874259, 120.06601998460783, 96.65879680739081, 32.369440886096314, 0.481408561491, 0.831874977188, 0.27609748143, -0.307017827093, -0.135002100977, 0.942079872717, -0.820966412693, 0.538292165149, -0.19040928068,  
87, 2942831.2886566184, 88.89805350831352, 132.32627820978402, 83.19402419911195, 63.817314642828855, -0.301185696396, -0.615023838265, -0.728720011151, 0.0582968810973, -0.774652042589, 0.629694915469, -0.951781828961, 0.147172997789, 0.269168086483,  
88, 321436.6472746625, 42.49478080443177, 129.12695462410156, 40.52639626122269, 14.663980859060478, -0.655254214441, 0.42779830672, -0.62259980985, 0.69579859957, 0.662696873114, -0.276942526894, -0.294119403125, 0.614671833691, 0.731896381719,  
90, 3124704.0781321554, 90.69292906197164, 128.0579867072661, 88.9956848817774, 65.45527708262931, -0.100206001244, 0.993016717462, 0.0622619960715, 0.864623138212, 0.0559438954298, 0.499296614682, 0.492326706754, 0.103865679627, -0.864191144604,  
96, 2093686.1816049442, 79.36109640386681, 118.09899375725412, 99.99042261233241, 42.32708654321398, -0.594413446609, -0.0852022750408, 0.799633182664, 0.259226733542, -0.961591613718, 0.0902389552525, -0.761231998216, -0.260925546384, -0.59366969279,  
97, 620937.24848155, 52.924045546838975, 87.22130854844075, 70.02989426329748, 24.26906445046346, 0.794443503033, 0.376602126057, 0.476477028971, 0.483289582736, -0.867138278849, -0.120425846787, -0.367818840881, -0.325947916092, 0.870900256222,  
98, 2336880.1951839617, 82.32200629910146, 113.25409251581087, 99.03847749492519, 49.73819020633229, -0.692007148639, -0.708557877612, 0.13810083384, 0.0803001613554, 0.114562783997, 0.990165265301, 0.717410614864, -0.696290961163, 0.0223809535921,  
101, 573535.5494006336, 51.54152262414176, 110.83514719969902, 72.61654806349775, 17.012127540549464, 0.192595663204, 0.800637057498, 0.567351048889, -0.934110950635, -0.0275112404052, 0.355921147947, 0.300572191694, -0.598517697159, 0.742585297301,  
105, 1999615.7777364685, 78.15425877089874, 113.0458998861088, 82.75203596322343, 51.02986772528829, 0.194623641416, 0.595424259813, -0.779481615581, 0.406395333217, -0.772210210212, -0.488399656413, -0.892728666136, -0.221723571303, -0.392268003522,  
106, 669151.1798204471, 54.25984467902467, 126.98624340441556, 72.6110685740215, 17.3251153530089, 0.103889557853, 0.249063033643, -0.962899041978, 0.248560262561, 0.930915552076, 0.267607979663, 0.963028948498, -0.267140113378, 0.034805232067,  
112, 1550105.1766298232, 71.79444662884804, 122.38527233516831, 85.90231670669203, 35.19966434714249, 0.374956096204, 0.327619823988, 0.867221526976, -0.225803279782, -0.875020786631, 0.428195634965, 0.899122241277, -0.356376028787, -0.254116747474,  
114, 1188547.623045691, 65.71169345226787, 118.2753981109984, 74.31478593234489, 32.281843583121095, -0.0564614555449, -0.177640827402, 0.982474345964, -0.579274987729, -0.795649380037, -0.177151214049, 0.813174392507, -0.579125030099, -0.0579793660132,  
116, 430057.8398287298, 46.8251761647515, 118.95328843093924, 40.90029288194565, 21.102571935795346, 0.502489896561, -0.603592353848, -0.619015487876, -0.389461585576, -0.797238603908, 0.461226930913, -0.77189609224, 0.00932088059943, -0.635680378783,  
124, 1346894.3482500785, 68.50910707195442, 134.52366807899273, 57.40678628998679, 41.63734081373446, 0.473369732662, 0.246232459608, -0.845748586777, 0.760682933584, -0.598406697395, 0.251537072946, 0.444165026486, 0.762416553039, 0.470572448088,  
125, 1313658.1142415297, 67.94089252555491, 156.9586537899598, 61.01000302696719, 32.74970796863601, -0.540379496543, 0.840723139558, 0.034272471855, 0.0106255788732, -0.0339100699736, 0.999368402656, 0.841354322975, 0.540402359141, 0.00939113651013,  
127, 3094039.473903763, 90.3952784634709, 107.68651762566586, 88.44031325977272, 77.55782755419997, 0.0267712149138, 0.0887398135009, 0.995695007295, 0.54482623031, -0.836407192173, 0.0598948048399, 0.838121519124, 0.54087730067, -0.0707394147652,  
129, 1462679.8209288614, 70.4185189780304, 127.93210074029736, 79.9938743709015, 34.12120795468402, 0.17387264519, 0.98145182035, -0.0807504030067, -0.754583477085, 0.185469728845, 0.629447977034, 0.632749618226, -0.0485108648999, 0.772835439548,  
135, 2011892.5449604928, 78.31387688755335, 109.57574487906967, 85.85582231354654, 51.054260298113725, -0.198144863227, -0.527296404089, 0.826254873154, 0.462677551247, -0.793459877473, -0.395412324557, 0.864099587286, 0.30394066045, 0.401188207924,  
139, 3650687.3095202083, 95.52022620996091, 107.86397463960368, 97.60880797351754, 82.7790805671021, -0.889728625428, -0.140360318852, -0.434375360703, 0.0549216535751, -0.977557486925, 0.20338380399, 0.453173901569, -0.157099779277, -0.877469699926,  
140, 2350974.738183226, 82.48717895646492, 104.39001746774404, 89.64753629547707, 59.97386313919217, 0.966620245781, -0.256206934121, -0.00181861344929, 0.09791502083, 0.362836952194, 0.926694121498, 0.236765599576, 0.895939369059, -0.3758120512,  
142, 2262402.7894996684, 81.43800124147688, 114.97854828610883, 86.04455628000417, 54.59352012492641, -0.186470091614, -0.401664380655, 0.896601712159, 0.802291940398, -0.588997023791, -0.0970059190861, 0.567059562397, 0.701247624793, 0.432082424331,  
144, 1263640.709011652, 67.06743027216679, 98.82440346272435, 70.1792877893033, 43.49725406482438, -0.948282724243, -0.299975578503, 0.103800420054, 0.0399860337225, 0.211513670835, 0.976556749072, -0.314898383623, 0.930202461485, -0.188579926396,  
145, 522617.55153284245, 49.968747137181815, 126.92999653791553, 112.30339884411602, 8.752622809071358, -0.876219048407, 0.323789077713, -0.356932503931, 0.369753909933, 0.92670825537, -0.0670362254132, -0.309066700403, 0.190715606551, 0.931721703149,  
148, 1288227.1257147293, 67.49961205621355, 114.62443940601185, 89.91624801610284, 29.839286144504214, 0.384086590528, 0.662156256631, 0.643448974497, 0.576847597947, 0.372054035463, -0.727201927554, -0.72091909374, 0.65048050432, -0.23906228013,  
151, 2055926.832378745, 78.88111033255989, 120.9844631213595, 82.46365295164401, 49.19566942877103, -0.193901179655, 0.846953793103, 0.495047073395, 0.971187687912, 0.0944548797264, 0.218798424457, -0.138552543742, -0.523208895227, 0.840866008695,  
153, 1597353.207818697, 72.51660267135274, 122.90074290807931, 63.655666380005464, 48.74395586841828, -0.757165118894, 0.631140653012, 0.168411575747, 0.641634665465, 0.670241451658, 0.372936123957, -0.122498729801, -0.390432929701, 0.912445170189,  
158, 3158158.518274826, 91.01544675501043, 94.47296805848082, 91.6065982935617, 87.11862240381228, -0.75111566311, 0.388829341225, 0.533513827406, 0.329158411984, -0.479952203525, 0.813203924087, -0.572258683159, -0.786420768885, -0.232513169121,  
159, 3277849.685613473, 92.15101891028061, 98.08881485016637, 94.45591736222285, 84.46013420309393, -0.543395278755, -0.214288172464, 0.811666280049, 0.521532226987, -0.843820193438, 0.126378864374, -0.657818901554, -0.491983800839, -0.570286097034,  
160, 3617339.179420261, 95.22848481717901, 104.45727806306486, 94.80859682091548, 87.1995410363468, 0.339697519582, -0.72130413901, -0.603594180089, -0.755951902627, 0.172436969212, -0.631507887966, -0.559591204456, -0.670809831991, 0.486694825532,  
161, 3464651.80721177, 93.86931787014568, 99.43061578223242, 94.97352608553645, 87.58874313327419, -0.843814652596, 0.234324010995, -0.482772296156, 0.535167682989, 0.300972389125, -0.789310567564, 0.039653286735, 0.924395953505, 0.379367550003,  
162, 3563481.1735348045, 94.75350558057897, 121.44552340776583, 95.01039606432894, 73.72813018515282, -0.852206505817, -0.354163273229, -0.385113551228, 0.0662257926624, -0.803163275685, 0.592066632211, -0.518997317748, 0.479058585652, 0.707915712273,  
163, 3587829.486607459, 94.96882436490073, 102.40651200024313, 94.61853800884677, 88.39737691129496, 0.102504591942, 0.164373705888, 0.981057640225, -0.205727024985, 0.968432796393, -0.140763312202, 0.973226181225, 0.187401183784, -0.133084922116,  
164, 3364040.3212334365, 92.95174082410327, 100.80176081485706, 94.47528833894715, 84.33080359141402, 0.140148169892, 0.0786530682681, -0.98700161364, 0.209372983553, -0.976652176147, -0.0480986547122, 0.967740380595, 0.199910534187, 0.153343842677,  
165, 3559380.5267437054, 94.71714602321292, 100.59713439958391, 94.5175309148016, 89.36919235480562, 0.725661691454, 0.426215092795, -0.540144243911, 0.568969669948, -0.813145139346, 0.12275380661, 0.386896141407, 0.396403427119, 0.83257173789,  
166, 2990589.7068956336, 89.37637611636983, 96.74761174569441, 88.6604006747799, 83.23352394178258, 0.260233987885, 0.90794093145, 0.32851413447, 0.889690971494, -0.357673904364, 0.28375932298, -0.375137637129, -0.218432239227, 0.900865755857,  
167, 3451542.4652541336, 93.75077586624921, 106.39255222274008, 91.33124974206451, 84.79963522538404, -0.457056620648, 0.509202626827, -0.729254366017, 0.261696963431, 0.86060122851, 0.436898414758, 0.850067023742, 0.00884365986042, -0.52660027044,  
168, 3360537.287017599, 92.91946552564507, 100.02965356983493, 91.67083301728344, 87.49035256748556, -0.201159206622, -0.894398709523, -0.399482067175, -0.752722092294, 0.402115202789, -0.521260794094, 0.626852794015, 0.195842569654, -0.754122843141,  
169, 3275572.2804402346, 92.12967220945393, 121.54182411111671, 89.05162280954747, 72.24885849880587, -0.855187296584, 0.396442901212, 0.333897759561, 0.504400304689, 0.488250445838, 0.712174020004, -0.119310604688, -0.777460306523, 0.617511498995,  
170, 3560388.913082035, 94.72608975721067, 102.67804429055252, 93.95322353620838, 88.10885495563535, 0.689247297388, -0.59502261272, 0.413383905584, 0.47223812134, 0.801655962672, 0.366522679061, -0.5494809549, -0.0574091270089, 0.833531566492,  
171, 3368791.8648493625, 92.99548350933318, 106.44858908895338, 90.66130616087692, 83.33428032105243, -0.620198074594, -0.784360904918, -0.0115030042239, -0.751519413712, 0.598306195874, -0.277935724212, -0.22488423485, 0.163730470027, 0.960530798101,  
172, 3476418.5618497636, 93.9754650604852, 119.58639228784679, 95.049596915152, 73.01488527753031, -0.87558098703, 0.457382184344, 0.15543317727, 0.460239985999, 0.692087229995, 0.556052534717, -0.146755205832, -0.558405590519, 0.816483990069,  
173, 2799600.448188653, 87.43174541189363, 115.08793105936486, 86.82630904327901, 66.88462901814245, -0.974463129826, 0.0144877801268, -0.224079701975, -0.0599932908408, -0.978438275902, 0.19763437278, -0.216384873926, 0.206030688192, 0.954321194284,  
174, 3484926.4922264176, 94.05206547962369, 99.56277073947122, 92.39452123430486, 90.44026352251763, 0.261109326576, -0.614315126617, 0.744606503318, -0.371261493848, 0.648124914167, 0.664905255523, -0.891059382286, -0.450056686257, -0.0588400917262,  
175, 3543308.448833816, 94.57436852042503, 103.35944504098666, 92.70095348178525, 88.2848087428935, 0.343640833652, 0.904390450965, 0.252960253106, 0.772603723693, -0.425390480962, 0.471302901374, -0.533848727247, -0.0334791115653, 0.844916969592,  
176, 3645117.124661832, 95.47162018877796, 96.54970744022943, 95.9408078682801, 93.94389123005651, -0.747143489044, 0.534368417166, -0.395255615412, 0.66463243053, 0.594970461947, -0.451966682067, 0.0063513044191, 0.600383664123, 0.799686886717,  
177, 3156536.2246454707, 90.99985971082641, 114.21178168238623, 106.29255569030592, 62.073811428950656, -0.326458423529, 0.82342823796, -0.464102181245, -0.516719308633, -0.566612009965, -0.641834859017, -0.791470816766, 0.0302781619872, 0.610456533354,  
178, 2711200.080387827, 86.50163569616993, 122.47202646381393, 79.64691794872563, 66.35399576106633, 0.639214806927, -0.505938011348, -0.579164190259, -0.450941992256, -0.856640969751, 0.250634332372, -0.622941209285, 0.100960277422, -0.775726286881,  
179, 3912744.0718782763, 97.75319124994013, 102.0543860179731, 99.87874531243727, 91.64063302968445, 0.526496316382, -0.778125874181, 0.342522631028, -0.0690155947223, 0.362436347442, 0.929449698337, 0.847371510332, 0.512991245522, -0.137118581875,  
180, 2142765.369454684, 79.97642798498904, 99.1215748129134, 76.08097136064183, 67.83311600081623, 0.585637109491, 0.810443696532, -0.0144979563399, 0.617392608792, -0.43440371563, 0.655835176288, -0.525219518483, 0.393032348031, 0.754764884454,  
181, 3234900.129613168, 91.74676417219239, 95.51626711240324, 91.69870109776603, 88.17221331505505, 0.650911112177, -0.00541854162885, 0.759134614842, -0.37325894943, -0.873039477289, 0.313814957841, 0.661054067921, -0.487619432038, -0.570293616293,  
182, 3563679.3566805334, 94.75526212133016, 104.36701234795213, 101.21408519324757, 80.53892091459308, -0.196345699076, -0.962412191903, -0.18764631446, -0.0121386492538, -0.188970983955, 0.981907643527, 0.980459596133, -0.195071115492, -0.0254212559147,  
183, 3796431.6787245353, 96.77480980257069, 99.65696460770444, 95.80010091858756, 94.93215893240883, -0.861942309103, 0.370693094468, -0.345893170635, -0.0270885352215, 0.647581406657, 0.761514630859, 0.506282200988, 0.665751418674, -0.54813628004,  
184, 3521547.8831762867, 94.38036724147395, 99.28357866503795, 92.59078472404612, 91.45338839567009, -0.314884334735, -0.204986149523, -0.926730022306, 0.0164556621184, -0.977431718559, 0.210609702386, -0.948987390287, 0.0510677399024, 0.311151119262,  
185, 3874231.0317060812, 97.43140576374478, 111.0610712369826, 100.20697139079803, 83.1069054945361, -0.275184034728, 0.635182547122, -0.721676436405, 0.960487229237, 0.149089072466, -0.23502495813, 0.041689681018, 0.757836117048, 0.65111165724,  
186, 2995226.775015374, 89.42254653349924, 111.91321097591009, 94.98055690608818, 67.27055826156301, 0.148720935051, 0.914738251374, -0.3756807354, -0.308655972446, 0.403865157636, 0.861176187038, 0.939475158879, -0.0121188250659, 0.342402628389,  
187, 4024258.9045437165, 98.67317472145035, 106.38602817727657, 96.1397658029061, 93.9311521388912, -0.629797375305, 0.382779536827, -0.675895770253, 0.714603572425, 0.626590164211, -0.311008842948, -0.304461820819, 0.678870084995, 0.668160465279,  
188, 3480190.5304733864, 94.00944105942165, 101.87595297435149, 92.28639137874784, 88.37004233527867, -0.0675602704754, 0.190977178014, 0.979266729411, 0.936264737374, -0.327002413874, 0.128365738694, 0.344737510873, 0.925525331257, -0.15671282589,  
189, 3552777.020333399, 94.65853540529477, 108.193174460241, 91.39162321151751, 85.777441324534, 0.793529153469, 0.0214882729125, -0.608152724833, 0.229473831514, -0.93616387915, 0.266343672772, -0.563607348466, -0.3509066051, -0.747804326848,  
190, 3341204.862833763, 92.74094107115909, 101.6111297860606, 93.9944204129298, 83.51627988160101, -0.0935131496263, 0.538830028244, 0.837208153036, -0.905938793419, -0.394828457695, 0.152922828816, 0.412953016003, -0.744159048629, 0.525068678287,  
191, 2943129.152785919, 88.90105273427042, 104.39822218219619, 84.6581695974314, 79.49846331195958, 0.0935568124887, -0.962278750668, -0.255473538455, -0.938224679545, 0.000647619467987, -0.346026055785, -0.333138970296, -0.272064673566, 0.902773083265,  
192, 3740761.4379277234, 96.2994487477593, 106.8129791151411, 97.3186503888745, 85.91149916464224, -0.995941206317, -0.0598693942553, 0.0672069132656, 0.0361660452043, 0.417568907451, 0.90792523079, -0.0824204509419, 0.906670757862, -0.413708842188,  
193, 1615606.7561486643, 72.79178184315103, 112.39885378401776, 88.5174534581575, 38.766470072964296, -0.868322206665, 0.462459192032, -0.179298748234, -0.260633361871, -0.117862811437, 0.958216368239, -0.422003312894, -0.878771786862, -0.222875190458,  
194, 2551283.8533774526, 84.76633191717184, 110.23713078809327, 84.65780927415256, 65.26423387381108, 0.437995224217, 0.897182716648, -0.0567746114933, 0.743701891006, -0.32613932289, 0.583558599782, -0.505042256526, 0.297819265684, 0.810083948804,  
195, 3523809.667086795, 94.40056880416971, 100.16014126408407, 93.81859967676995, 89.52409893825742, -0.787615220447, 0.43299850592, -0.438377187353, 0.583534197381, 0.295703059306, -0.756338245234, 0.197863854726, 0.851511593925, 0.485569665862,  
196, 3799848.6371801803, 96.8038349832855, 109.52588618705265, 96.4048261643601, 85.9136433029797, 0.947720446774, 0.201497773512, -0.24743605646, 0.24622630353, 0.031454714108, 0.968701816046, 0.202974289546, -0.978983783436, -0.0198037762338,  
197, 3601564.132339056, 95.08985411039558, 100.96742382506744, 96.36925238158436, 88.36550791095155, -0.992948058129, 0.105480866493, 0.0541104487262, -0.0687407759644, -0.884152630729, 0.462113439855, 0.0965860216451, 0.455135048507, 0.885168474384,  
198, 3236258.1942918925, 91.7596013132453, 103.83190800285965, 98.66584451773589, 75.41485174629773, 0.397681320851, -0.250047964762, 0.882794190264, 0.82928255629, 0.509656690471, -0.229217145283, -0.39260668471, 0.823241199878, 0.41004136126,  
199, 3345310.1175233745, 92.77890834903842, 96.68758404762939, 93.01153916538112, 88.80557589240767, 0.166037384062, -0.632060528818, 0.756922106299, -0.966255356369, -0.257567148637, -0.00312253592157, 0.196931900366, -0.73086158187, -0.6534976471,  
200, 3212082.1854928737, 91.53053759526645, 98.69467546497101, 90.43242787326358, 85.91720204874188, 0.0444727734227, 0.739653842828, 0.671516466823, -0.230279390769, -0.646490125459, 0.727338930535, 0.972107799892, -0.18698318233, 0.141575827437,  
201, 3440598.9386687386, 93.6515882956427, 95.88003750703082, 94.08485766860994, 91.05368239545288, 0.100031876136, -0.526658370283, -0.844170945228, -0.0323169726453, -0.849698567325, 0.526277453407, 0.994459268666, 0.0253634716874, 0.102016945985,  
202, 3060689.2385740806, 90.06931830002307, 99.2105969140949, 94.14250783556194, 78.23242662043766, 0.996401129274, -0.0676007303349, 0.0511363944648, 0.0531706606185, 0.968307952722, 0.244033992602, 0.0660126535602, 0.240436789935, -0.968417513067,  
203, 3687946.1685652714, 95.84408625021874, 104.80091812719581, 96.01740975972389, 87.4945275901813, -0.526372125984, -0.76206054189, 0.377089002068, -0.850188554006, 0.477252452447, -0.222282521287, 0.0105739124029, 0.437600076699, 0.899107538201,  
204, 3672901.5359521136, 95.71357962063598, 98.95698924567836, 96.25318474969532, 92.05748271141692, -0.885683669213, 0.436252447573, 0.158896947976, 0.458653108692, 0.768934754201, 0.445394959187, -0.0721232554468, -0.467357620852, 0.88112149574,  
205, 3445122.674528219, 93.69261501956956, 98.4244808852525, 94.81709668427966, 88.13051251745952, -0.0141712639, -0.661594354213, 0.749728007849, -0.949092221818, -0.227071231333, -0.218317682255, 0.314679407912, -0.714654858218, -0.624696169239,  
206, 3154338.612825963, 90.97873647310638, 96.63886072402605, 94.132703167926, 82.78037152887892, -0.515286925151, -0.848900638241, -0.117673663845, 0.167958972622, -0.234673154698, 0.957454068862, 0.840398220062, -0.473599215433, -0.263504487357,  
207, 3583642.943168713, 94.93187111721237, 105.05050148287334, 94.19956191468317, 86.45479987472652, -0.433107313327, 0.429150520159, 0.792620896892, -0.13762369595, -0.900553245997, 0.412387644622, 0.890773693738, 0.0695246874939, 0.449097477584,  
208, 3032149.8426719103, 89.78849318769794, 103.98712024817495, 87.96758142019183, 79.13340390161288, -0.9481372942, -0.314154442835, 0.0484010061228, 0.177943508059, -0.39841787845, 0.899777362502, -0.263385229818, 0.861725118688, 0.433656592865,  
209, 3270459.941310917, 92.08171688675692, 100.1306280110997, 93.04935674740511, 83.799207111988, 0.340041700071, -0.643602873347, 0.685672650492, -0.674097962985, 0.34157474729, 0.654918795206, -0.655716080719, -0.684910237501, -0.317701728125,  
210, 3506970.996955887, 94.24996298359095, 98.32027140843596, 94.97254182134704, 89.66076390096931, 0.274061827775, -0.134564892077, 0.952251229654, 0.935733272263, 0.265900606969, -0.231732842715, -0.222021074982, 0.954562285571, 0.198790053147,  
211, 3457105.7335611894, 93.80111864827764, 101.32150825961793, 98.93214968362729, 82.33508935452664, -0.184626134654, -0.751107806766, 0.633837718204, -0.901115098109, -0.128062865397, -0.414236022657, 0.392306984851, -0.647639533322, -0.653190833153,  
212, 2870102.1372892684, 88.1595938916968, 110.08931970879766, 98.359663553844, 63.27709316142227, 0.742541463711, 0.406547364866, 0.532307631722, 0.451250613789, -0.89093991631, 0.0509798889773, -0.494979856383, -0.202349464158, 0.845014577466,  
213, 3531683.4729261175, 94.47082787868764, 101.43263929728724, 94.83690085461595, 87.64720761205885, -0.024231208026, 0.540127105096, 0.841234544523, -0.713176159124, -0.599025976646, 0.364070934517, 0.700565924531, -0.591126542835, 0.399720897304,  
214, 373932.4553095107, 44.692520768418504, 72.30339564762812, 38.35689888930962, 32.188620916900966, -0.538178843247, 0.700782143618, 0.468260525634, 0.0448421399644, -0.530986308761, 0.846193076308, 0.841636925975, 0.476401015002, 0.254341026461,  
215, 3632069.0611378923, 95.35756723534305, 110.73710060193655, 99.81190746657578, 78.44946474993311, 0.0201051577035, -0.991627649049, 0.127555432163, 0.102910673491, -0.124851023586, -0.986824004162, 0.994487393543, 0.0329670676606, 0.0995389196968,  
216, 3199191.313224972, 91.40792860939075, 116.48887031521849, 88.49716815910759, 74.08628111010265, 0.555865165407, -0.378422830638, 0.740141931753, 0.324866768356, 0.918456381015, 0.225609084461, -0.765163708435, 0.115039286442, 0.633474910213,  
217, 2686126.9955858225, 86.23415472801082, 120.61062221272009, 82.5098476802646, 64.43867309071742, 0.0284181605473, 0.959409274178, -0.280581989392, -0.167353818448, 0.2812999897, 0.944914289894, 0.985487243754, 0.020103741319, 0.168554833758,  
218, 3319722.861415731, 92.54175683285065, 117.59597308354898, 86.71099856191589, 77.7224679053792, -0.301962239486, -0.42402492329, 0.853827658461, -0.944996221947, 0.0150405905177, -0.326735246252, -0.125701815545, 0.905525618117, 0.405243640916,  
219, 3507202.1966498094, 94.25203410458371, 100.07920255042592, 96.59271397163421, 86.61318127161006, -0.609722570463, 0.739811793189, 0.284458956137, -0.612115720287, -0.667500833161, 0.423977573354, -0.503540199037, -0.0843868970159, -0.859840752446,  
220, 3824937.447839073, 97.01641953813528, 101.48344857399672, 96.85392027611657, 92.90162424877848, 0.0821989318261, 0.868237340323, 0.489292608237, 0.33831913824, -0.486109486255, 0.805752895169, 0.937434529078, 0.0993050262672, -0.333698989286,  
221, 1302143.5786149248, 67.74180350293685, 121.58902346072867, 59.12860010682289, 43.239264383728255, -0.912984798442, -0.0974268781231, 0.396190309363, 0.033328625115, 0.950014963826, 0.310420313855, -0.406630004502, 0.296613505973, -0.864102116369,  
222, 3627822.4587400765, 95.3203888309865, 114.26814496621101, 96.39886216789985, 78.62494069628362, -0.972565020462, 0.171363440178, 0.157327214249, 0.146438437116, -0.0745094244197, 0.986409717008, 0.180756922711, 0.982386337977, 0.0473710655269,  
223, 3337988.8703069645, 92.71117636758557, 117.01741510570493, 92.85883239970924, 73.33690133993503, 0.326483686337, -0.0753925071688, -0.94219126106, -0.711916686311, 0.636093808308, -0.297589144267, -0.621758019094, -0.767919681279, -0.154001067516,  
224, 2888835.3323446177, 88.3509843739604, 110.73444812885947, 85.19279533427041, 73.10524952231496, -0.35969620754, -0.0255862033251, -0.932718598764, 0.930010835506, -0.0907038673117, -0.35616380262, 0.0754883045506, 0.995549172394, -0.056421283413,  
225, 3480354.4833533317, 94.01091730777034, 97.26297231406342, 93.74742442288995, 91.12299566460463, -0.312825221479, 0.927280480121, -0.205648467035, 0.928288249575, 0.252653675991, -0.27284985928, 0.201050507356, 0.276255373152, 0.939820015906,  
226, 3618149.060783109, 95.23559114738865, 100.99623947070349, 95.86184484332466, 89.2168446965188, -0.85874406997, -0.506021535955, -0.0806277088885, 0.0487482264123, -0.237317788038, 0.97020816215, 0.510080613935, -0.829230048075, -0.22846289558,  
227, 3369483.9025055296, 93.00185097208153, 100.64694919501092, 95.47150903323949, 83.71443960446958, -0.495800015398, 0.69033451082, -0.526897151162, -0.193342629649, 0.503747882733, 0.841936279182, -0.846640993746, -0.519303700943, 0.116287118356,  
228, 3318188.978297483, 92.52750161612047, 100.16184901094593, 92.90148322735688, 85.1309590887372, -0.221082888825, 0.332559393606, 0.916802381101, 0.288372277268, -0.875736941397, 0.387203098096, -0.931645740597, -0.349984369933, -0.0977095431941,  
229, 2561940.0365529144, 84.88418511185955, 112.52529327635632, 84.48590219277919, 64.33479948768536, -0.415474162985, -0.859200718296, 0.298588924059, -0.121693738314, 0.377816198297, 0.917848328625, -0.901427675383, 0.345005863695, -0.261532216121,  
230, 3217516.2371744206, 91.58212422183537, 105.23026090057269, 95.9239371381036, 76.09646719783154, -0.797392076192, -0.45377236574, 0.397814676598, 0.0371779675663, 0.62102902798, 0.782905323225, 0.602315262594, -0.639072442292, 0.478333291701,  
231, 3513768.559925897, 94.3108185925132, 96.69059260176786, 94.35034186976607, 91.95108182873308, 0.230452404642, -0.709559420417, 0.665895726141, 0.159165489198, 0.702585142139, 0.693570807556, 0.959978143628, 0.053847441385, -0.274849807737,  
232, 2774572.510163951, 87.17042363365084, 103.92930826898298, 90.13912416415111, 70.70597235489579, -0.832257290935, 0.554252222059, -0.0123400173621, 0.545892587967, 0.815416327531, -0.192607100592, 0.0966906618486, 0.167034987767, 0.981198363621,  
233, 2773795.8535628472, 87.16228931113733, 99.52002839985144, 92.12563370501947, 72.2262232198126, -0.735526703422, 0.411469424238, 0.538231717265, 0.672599870021, 0.348150593089, 0.652993552326, -0.0813011894216, -0.842308777972, 0.532828339289,  
234, 3583865.858675684, 94.93383944457727, 103.9773856454721, 92.59374300582708, 88.86742631606572, 0.674753439346, 0.633083819709, 0.379358238758, 0.455063411191, -0.761545905427, 0.46148144678, 0.581055150468, -0.138754139216, -0.801949001474,  
235, 3217142.662641637, 91.57857965816801, 110.31573345788276, 86.70492938845283, 80.29721172000261, 0.0632605419124, -0.417330309952, 0.906550338499, -0.508691029435, -0.794995166739, -0.330478624776, 0.858621884422, -0.440247768032, -0.262584010049,  
236, 3694174.5723417904, 95.89801147032671, 105.25286428155053, 92.55221215091298, 90.53324320099951, 0.355547175657, -0.818487642868, -0.45129168434, -0.851173061256, -0.483014260387, 0.20543038737, 0.386122552663, -0.311087130455, 0.868408988663,  
237, 3485095.2931828173, 94.05358400254562, 111.43656109461581, 93.28858655177294, 80.0331358777029, 0.102304646212, -0.872191555659, 0.478346788011, 0.956590287762, -0.0456579392279, -0.28783740887, 0.272889685996, 0.487028995874, 0.829658951892,  
238, 3720683.5772803333, 96.12684962053066, 110.97460382765436, 95.97050633289116, 83.40128434326778, -0.980213287306, -0.156183169536, 0.121608918022, -0.0803488351831, 0.875410963826, 0.476654706362, -0.180903222949, 0.457452141722, -0.870638594343,  
239, 3552354.6288121426, 94.65478392233018, 101.4018249395441, 93.62970930753738, 89.32401978977742, -0.828528061697, 0.476798819012, 0.29360541066, 0.508634425815, 0.860119851145, 0.0385339141814, 0.234162917339, -0.181264248694, 0.955149726634,  
240, 3457563.2882043873, 93.80525671899773, 100.7857785843739, 95.31973110013006, 85.92102816705102, -0.402898503755, -0.914688455151, 0.031903380487, 0.677420721348, -0.274585435395, 0.682425091096, -0.615446148709, 0.29656005915, 0.73025897417,  
241, 2231246.583284918, 81.06243646531442, 102.17518483762797, 79.24349287165838, 65.78848979597994, -0.147205698485, -0.984682986615, -0.0934339242664, -0.976548721871, 0.129682558029, 0.17185758044, 0.157108485275, -0.11654119449, 0.980680923563,  
242, 3779514.2733748145, 96.63084860506947, 104.65966814550121, 97.79424276665354, 88.1565810876687, -0.31868822235, 0.179509358265, 0.930706294827, 0.614167612143, 0.787003811576, 0.058507647013, -0.721966731318, 0.590255360721, -0.361057679617,  
243, 3480642.5029099253, 94.0135105527933, 100.91545427543947, 94.01558411088503, 87.58168203019471, -0.901892727628, -0.287511991385, 0.322376119868, 0.0466947289704, 0.677044611064, 0.734459118614, -0.429428818476, 0.677456603362, -0.597196316485,  
244, 2894230.285396927, 88.40594920099358, 103.06089980620813, 97.06599440239383, 69.06904265556895, -0.895530079435, -0.165817528806, -0.41295329514, -0.442946231186, 0.243079835725, 0.862966296991, 0.0427143196652, -0.955728382233, 0.291133554045,  
245, 3317748.473920933, 92.52340695550402, 102.14355671732862, 94.34956518785376, 82.18715923109863, -0.817104957139, 0.547807992636, -0.179571412599, 0.567402356085, 0.819301544299, -0.082459358587, -0.101951239953, 0.169267193258, 0.980282898942,  
246, 3849928.399332491, 97.227252732214, 108.37995771349614, 98.13545769230026, 86.41499591779149, -0.2779900022, 0.292399100747, -0.914999630907, 0.959351593139, 0.0362755335318, -0.279872482407, 0.048642362387, 0.955608105632, 0.29059777878,  
247, 3224952.336182139, 91.65262267761305, 117.48679957594963, 89.38424726769681, 73.31361429077266, 0.443734358356, 0.365097609061, 0.818415270552, -0.323145520685, -0.786622305913, 0.526120062629, 0.835868884261, -0.497924777148, -0.231071687202,  
248, 3516928.213933402, 94.33907887545018, 102.39878040025907, 94.93663813617448, 86.36668725731498, 0.683429468983, 0.702401162099, 0.198888834298, 0.146667423205, -0.399002570554, 0.905143975101, 0.715131336117, -0.589431553425, -0.375709483418,  
249, 3740068.2777290014, 96.293500309228, 103.30320985091348, 97.26674371017342, 88.86131347131315, -0.0684636760355, 0.98766363209, 0.140830660407, 0.900464855733, 0.000402822497554, 0.434928593362, 0.429506424461, 0.156589870621, -0.889383968691,  
250, 2090560.8528441999, 79.32158824894873, 92.75039324656244, 83.72942823326916, 64.265859350305, -0.231021687965, -0.63782413221, 0.734717194613, -0.750277429301, -0.363989483369, -0.551901653447, 0.619445525265, -0.678742979608, -0.394455585412,  
251, 3926501.332647122, 97.86762441664798, 125.01604260485102, 105.1877247125853, 71.28305951528249, -0.871344122593, 0.490111065777, -0.0234640837571, 0.461078711873, 0.834210577074, 0.302488238705, -0.167826819908, -0.252752559435, 0.952864262221,  
252, 3347318.452711843, 92.79747103976139, 99.19777222104464, 93.15721084296808, 86.47489160614427, 0.880662167174, 0.472761082119, 0.0305140384373, 0.238327325518, -0.497781993813, 0.833914367634, 0.40943159773, -0.727124505067, -0.551049653762,  
253, 3599496.82852424, 95.07165671659021, 98.49166640668498, 95.96105244688432, 90.91984738705422, 0.0234381199579, -0.711154989094, 0.702644459182, 0.986210335163, -0.0987292476898, -0.132822100827, 0.163828658514, 0.696068327923, 0.699034372197,  
254, 3245075.028453942, 91.84285544450393, 113.81333272507098, 86.98166345216178, 78.25557439654133, 0.940246878128, 0.0857966285723, 0.329506823443, 0.264851817527, 0.423887329914, -0.866125306345, 0.213984398783, -0.901642096435, -0.375835345614,  
255, 1643819.0026136383, 73.21304373306576, 116.24705910106262, 69.324563054005, 48.69633447448777, 0.95378034177, -0.27025926458, 0.131388696477, -0.218862125828, -0.924343102018, -0.312552714961, -0.20591850216, -0.269350625875, 0.940769796926,  
256, 3306425.828791313, 92.41803391720352, 101.65796399146531, 90.89545188117475, 85.42532015559252, 0.305269924775, 0.91564064692, -0.261557792344, 0.772087959801, -0.398764162945, -0.494840706371, 0.55739613863, 0.0508856370516, 0.828685825016,  
257, 3145191.741267698, 90.89071205267585, 104.38377382589748, 91.15779438529744, 78.9099402725831, -0.416221615486, 0.331282716116, 0.846765214687, 0.896526982676, -0.00580083099375, 0.442951148202, -0.151654001385, -0.943513705445, 0.294589462645,  
258, 3607629.749368634, 95.14320640620095, 99.09027734519375, 96.71467452777979, 89.86900465093979, -0.329199441965, 0.423334771517, 0.844047035795, 0.845923038902, 0.529401380859, 0.0644079979438, -0.419573521166, 0.735201910478, -0.532387275549,  
259, 3355432.2180960616, 92.87238965236497, 100.61992234460594, 92.68764120838465, 85.89226455213748, 0.464909855654, 0.856382483463, -0.224650546702, 0.47616353272, -0.0279371265747, 0.878912855217, 0.74640948294, -0.515585646596, -0.420766354169,  
260, 3369074.6827389556, 92.99808583201276, 111.22080511293689, 95.09148541411976, 76.04914973081561, 0.227383337232, -0.230034315798, 0.9462457564, 0.690526366016, -0.647063806095, -0.323236397517, 0.686636844181, 0.726906214307, 0.011713232515,  
261, 3648376.9772416675, 95.50007201134953, 110.19053422109727, 98.42255187055731, 80.31047368990713, 0.813597257024, 0.58142848096, -0.000651837162455, -0.470158575774, 0.658555178866, 0.587584878988, -0.342067854364, 0.477750978981, -0.809162273647,  
262, 3401999.17350602, 93.30004749385715, 100.12855887793397, 94.74686348327432, 85.60966291105949, 0.842618679276, 0.536181197356, 0.0500348372417, 0.324803775433, -0.580138754683, 0.746954839852, -0.429530288571, 0.613146596596, 0.662989428485,  
263, 3537890.1807642113, 94.5261376362772, 108.23208897428967, 97.22620689488309, 80.26317863211919, 0.668868500601, -0.0926327360128, 0.737586676346, -0.381844289262, -0.89411930585, 0.233977788825, -0.637816484314, 0.438143632984, 0.633419520707,  
