# Void_ID, Void_Volume, r = (a*b*c)**(1/3.0), a, b, c, vector_a, vector_b, vector_c 

2, 3891398.5642591803, 97.57510673298823, 122.87831232254186, 102.11086454768713, 74.04059733872687, 0.934847068191, -0.301165043481, -0.188044079085, 0.304935834073, 0.409753181553, 0.859718830377, -0.181865599255, -0.861047006145, 0.474892574185,  
15, 2006822.4774561601, 78.24803661771561, 138.9480857892537, 91.6276225826659, 37.63061889180283, 0.716527372835, -0.487132374845, 0.499290069355, -0.585242975936, -0.809297153854, 0.050286935485, -0.37957763777, 0.328237971816, 0.864974364223,  
20, 1160322.4673989995, 65.18735565338474, 125.07316752943626, 60.66443531458444, 36.50831459573935, -0.616956994705, 0.523455142933, -0.587672340698, -0.141004102738, 0.661122119478, 0.736909347307, 0.774262171164, 0.537505587388, -0.334074593213,  
22, 2332586.7681542817, 82.27156009546722, 108.3720099487819, 92.0067139411535, 55.848633365346394, 0.11891892849, 0.907199376805, 0.403543776029, -0.983268057569, 0.0511144974187, 0.17484631857, 0.137993533945, -0.417584241655, 0.898098650322,  
26, 1588077.31707879, 72.37596119366978, 130.6715162971864, 68.68392461682483, 42.24224584957517, -0.85367602763, -0.0622718996719, 0.517068129322, -0.497032337709, -0.19911786795, -0.844577367643, -0.155550940599, 0.977995033308, -0.139031002675,  
29, 2944043.856048254, 88.91026171512456, 119.1416922402956, 87.2765789389796, 67.59182723927854, 0.886784012419, 0.162496494295, 0.432676558945, -0.237098933544, -0.643646140697, 0.727670077218, 0.396734433886, -0.747873341488, -0.532247361723,  
30, 2095434.3166145147, 79.38317792336133, 103.83587231525567, 71.27042845491002, 67.5971922646098, -0.129200604197, 0.701282016214, 0.70107826782, 0.952626465927, -0.108530163645, 0.284119728275, -0.275336195025, -0.704574153169, 0.654037646008,  
32, 617938.6733779982, 52.83871600775846, 108.06132739888943, 51.2212890092021, 26.652378079063507, -0.252600693804, -0.760988336203, 0.597569779736, 0.122561053165, 0.58745823365, 0.799919753452, -0.959776889562, 0.275299066253, -0.0551248254695,  
44, 2632164.190826113, 85.65277851401649, 119.8068915318732, 109.22669565446253, 48.019072956500125, -0.891893902084, 0.357658638065, 0.276777105344, 0.380179064204, 0.261505765199, 0.88717451153, -0.244926818797, -0.896490397821, 0.369209723665,  
52, 2127855.5248502446, 79.79049806189265, 111.90100803975322, 105.39211220673143, 43.073624797961926, -0.54210227394, 0.302502756508, 0.783975259108, 0.685203460822, 0.699195686084, 0.204013749141, -0.486437397684, 0.647778878064, -0.586311507023,  
57, 624191.6211906985, 53.01634394759514, 113.95661460088398, 102.047684468386, 12.814056417882886, 0.818225885416, 0.352554694346, 0.454105260847, -0.563596703725, 0.336071101872, 0.754595898502, -0.113424670972, 0.873362125341, -0.473680738509,  
59, 796877.100607943, 57.51320623169738, 122.76647040651784, 68.1606869523662, 22.734688547855445, -0.104882897881, -0.774224019094, -0.624160833431, 0.119024389169, -0.632883694228, 0.765043413385, -0.987336200347, 0.00594960825794, 0.158530216825,  
61, 1909115.0434897924, 76.95694698716747, 128.63115993324087, 67.09835094822299, 52.8062658486934, -0.908674713932, 0.156105114049, 0.387222749368, 0.410440082911, 0.503901752366, 0.760014448746, 0.0764800797621, -0.849537649154, 0.521954576634,  
68, 876512.6217990032, 59.368560894932266, 85.73891966731388, 63.95451170963892, 38.16105481343035, -0.61023382571, -0.791389662044, 0.0362916074292, 0.119302211223, -0.0465123503019, 0.991767908165, -0.783186861711, 0.609539993831, 0.122797946088,  
72, 683772.0966445137, 54.652192362877734, 141.87532048386151, 94.37497107651342, 12.191554311943605, -0.384424601058, -0.847483215495, 0.366046343453, 0.0637695030366, 0.371190529402, 0.926364421469, -0.92095123464, 0.379459866568, -0.0886511876979,  
73, 2094254.2541611835, 79.36827334447344, 117.79416333181356, 84.09881397947916, 50.4692852295225, 0.735154705311, 0.446172837057, 0.510369825452, -0.412033522761, -0.303748479582, 0.859049030774, 0.538308401737, -0.841823414157, -0.0394639581831,  
74, 878190.2169277818, 59.406412768728316, 130.80269763902194, 43.21866200095438, 37.08616849075539, -0.266036102526, 0.774168264782, -0.574359025312, 0.290638511604, 0.632522100726, 0.717945017161, 0.919105025405, 0.0240684419508, -0.393276826646,  
78, 1419184.6061703134, 69.71347970440148, 130.6621025870978, 66.46898249210201, 39.01050831652398, 0.108701359994, 0.416954705976, 0.902403893775, -0.944190564786, 0.327260981612, -0.0374756892258, 0.310947249069, 0.847967583743, -0.4292584131,  
87, 2783184.3161203726, 87.26051792511282, 151.13947289849395, 88.52703682563653, 49.659178180077774, 0.303038977786, 0.936841576133, -0.17462886122, 0.269074595848, 0.0916747280235, 0.95874637215, 0.914202515754, -0.337525710828, -0.224299252603,  
91, 629717.8296235268, 53.17234250378317, 108.4365027270155, 92.49206665998526, 14.989163428232246, -0.0443267803878, 0.573793205003, 0.817799788722, -0.416774197811, -0.75458690927, 0.506850929167, 0.907928634079, -0.318370781088, 0.272590610935,  
98, 2372265.9428232643, 82.7354413987509, 157.7080505977234, 80.78525825315553, 44.451741844514466, 0.198992312906, 0.351820417198, 0.914671773615, -0.442805684907, 0.864907318605, -0.236343935057, -0.874256932954, -0.357991234902, 0.32789798858,  
100, 1228274.3721100995, 66.43581397454622, 98.58679221160996, 71.47753406907907, 41.61198986210284, -0.875519948398, 0.420385958875, 0.238202572482, 0.482641091203, 0.737561793436, 0.47229247077, -0.0228560066335, -0.528467829148, 0.848645601247,  
106, 3146784.240780916, 90.90604964353903, 104.53621104579678, 97.43651926169778, 73.75472382861784, -0.501130763261, -0.0293141897821, -0.864874925287, 0.859801945359, -0.130074489768, -0.493782585627, 0.0980233281941, 0.991070787274, -0.0903887257397,  
110, 718416.8782602471, 55.56005144806653, 117.75886165459887, 48.50819324840765, 30.02473754522982, -0.00897607645784, 0.0161763692642, 0.99982886292, -0.824747816421, -0.56549800554, 0.00174500373198, 0.565429455688, -0.824591008202, 0.0184173785627,  
114, 2238777.0486158147, 81.15352940164611, 117.77177467075224, 95.73712625234602, 47.402432689959326, 0.610942409, 0.179766617594, 0.77099502987, -0.49058457055, -0.678386813431, 0.546916913709, -0.621350265167, 0.712373002409, 0.32626454514,  
119, 3225219.078615635, 91.65514953352218, 128.02208114540667, 106.50489543966532, 56.469788047012955, -0.106402312091, -0.978065791147, -0.179069417183, 0.993237876543, -0.112960358256, 0.0268044410963, -0.0464442524048, -0.17500647317, 0.983471232811,  
120, 972477.9913484228, 61.46063703223238, 121.86282729701239, 77.30564195481648, 24.643859907078518, 0.800079314241, -0.501070727842, 0.329850294259, 0.153672892705, 0.702691077624, 0.694701296583, -0.57987734304, -0.505127088094, 0.639209583707,  
124, 1409298.9876319652, 69.5512346027834, 105.63033250224417, 84.10945033100519, 37.868760389487385, -0.324948169211, 0.552107432385, 0.767845082313, -0.474848150844, 0.606897607844, -0.637333921295, -0.817880138508, -0.571710308372, 0.064956926767,  
134, 974084.6152309877, 61.49446463548676, 96.36463397132081, 68.71949670144623, 35.11643568362096, 0.322627179259, 0.817395992252, -0.477258310617, -0.234510848008, 0.557529076026, 0.796345397144, 0.917014921018, -0.145000418055, 0.371562260455,  
135, 1803671.2821032398, 75.51320912049002, 115.09575828307332, 95.676553818221, 39.10244723660757, 0.167790637607, -0.79153142938, 0.58764300237, -0.964744681121, -0.254446818748, -0.0672645276336, 0.202765880217, -0.555639102954, -0.80631953039,  
138, 17447.2955698604, 16.0896465207191, 87.61661709506856, 48.46741252211174, 0.9808513474769536, -0.2070635558, -0.854467370811, -0.476455870023, -0.977390654317, 0.201983168595, 0.0625324592384, -0.0428041202872, -0.478631707918, 0.87697177575,  
139, 1454665.2823907854, 70.28966738362287, 139.64643036856614, 68.42351034212169, 36.344548219975785, -0.111122632053, 0.507685129759, -0.854346282059, 0.982967358923, 0.182769999358, -0.019243144906, -0.146379410905, 0.841932857392, 0.519347794552,  
150, 193628.9125914543, 35.88893181934387, 138.0206428564017, 52.14049565328941, 6.423361968398766, 0.608224328196, -0.727328368265, -0.317894025277, -0.615106508201, -0.178746049283, -0.767915251467, -0.501704245706, -0.662603421801, 0.556102108662,  
154, 1769589.2674500244, 75.03455111667468, 104.41783408581891, 70.01465666192519, 57.78567921764367, 0.489365821813, -0.846416846279, 0.209999082798, -0.392806382103, 0.00105558237119, 0.91962059129, -0.778604031983, -0.532519866371, -0.331961373204,  
156, 2953065.8482314385, 89.00099062705978, 141.01260066840115, 73.27302029828195, 68.23112092374981, -0.171487137335, -0.368853953814, -0.913531018895, -0.946824704239, -0.194531129044, 0.256282303867, 0.272240961596, -0.908902855419, 0.315880449285,  
157, 320717.9037525735, 42.46308389830337, 82.85364070352647, 63.63901383463068, 14.521101383172326, -0.559348214111, -0.614423168139, 0.55642946168, 0.673034615233, 0.0552254333567, 0.737546309196, -0.483894598099, 0.787041499519, 0.382637813037,  
168, 2024033.8231238911, 78.47109606510925, 111.04236046041416, 87.04734037153472, 49.99021042870433, -0.767056343402, -0.589954898393, -0.252146354146, 0.0302273687335, -0.425803300399, 0.904310707417, 0.640867281289, -0.686035543709, -0.344447906862,  
173, 1167232.1187952855, 65.31649526277987, 134.51085416127384, 59.16267110400835, 35.01575671802816, -0.819057388495, 0.523681911996, 0.234312290331, 0.529298509785, 0.53219317742, 0.66076736409, -0.221332514312, -0.665227537731, 0.713080809694,  
180, 600781.2108546314, 52.345085179058145, 93.00513578284462, 60.42780015026784, 25.520196685499066, 0.63356668843, -0.266862283638, -0.726207802824, -0.658742280798, 0.306215864606, -0.687233913418, -0.405773161754, -0.913792299067, -0.0182147019004,  
186, 388203.07467212435, 45.2539806860063, 70.35428831234829, 64.38639761797702, 20.459059249937095, 0.122984760927, 0.834960873461, 0.536390798176, 0.421974487874, -0.53319708749, 0.733238295151, 0.898227298719, 0.136166095929, -0.417907303306,  
192, 297960.44216122525, 41.43398141655862, 120.29759818967702, 65.29310801434576, 9.056193688116178, 0.35397172727, -0.712971270236, 0.60529000001, 0.563946229171, 0.679009485459, 0.470011456521, -0.746102316641, 0.174980245959, 0.642427619758,  
199, 3118545.3314025956, 90.6333050531649, 106.70558123383738, 86.60199276331146, 80.5653746049308, 0.465845670676, 0.508364570932, -0.72426050157, 0.67414587147, -0.7340724016, -0.0816397770074, 0.57316241598, 0.450225690328, 0.684676326943,  
200, 3325798.369618515, 92.59817675962829, 97.7779425132943, 92.4241018954532, 87.85797177325523, 0.359282131848, -0.55766594962, 0.748281389832, -0.674627023484, 0.398821348426, 0.621144034202, -0.644821470579, -0.727976799544, -0.232927135401,  
201, 3555078.186968113, 94.67896806496071, 99.15894300083663, 95.65037694996398, 89.48329607339132, 0.902471187087, -0.0506151951695, -0.427766125933, 0.129110812068, -0.91562814958, 0.380730206188, 0.410945440034, 0.398827273033, 0.81979305413,  
202, 3366568.459598301, 92.97501997620726, 105.34453247341831, 94.14529640765831, 81.03790664088817, -0.286667065351, 0.938239653457, -0.193722343375, 0.95688324548, 0.290301027088, -0.00998840287609, -0.0468662795988, 0.188233010791, 0.981005548142,  
203, 3745915.438316677, 96.34365540043689, 102.21262145769485, 98.86472438345766, 88.4959657681156, 0.618003905667, 0.242013257758, 0.747997831314, -0.470775691041, -0.648072109748, 0.598642455303, -0.629635943467, 0.722102571409, 0.286577136316,  
204, 1830352.7580953478, 75.88374038750624, 125.18280030597465, 67.41082169173337, 51.78117551603846, 0.519536356108, 0.854427015619, 0.0060373555278, 0.681325769039, -0.409997068045, -0.606380739006, 0.515632787092, -0.319150245455, 0.795151526252,  
205, 3355125.8412387315, 92.86956291102032, 107.26114859262456, 92.55710303113362, 80.68039361940149, -0.627153850075, 0.0383829335367, -0.777949097788, -0.114916105968, 0.983295174255, 0.141155548514, 0.770371557708, 0.177925126669, -0.612266537037,  
206, 3360554.896315243, 92.91962782545286, 100.53644582578835, 92.17679837050467, 86.57195748867142, -0.990390047171, 0.105542315893, 0.089377704267, 0.00192000381161, -0.635693691526, 0.771939015816, 0.138289074223, 0.764692323821, 0.629382063488,  
207, 2968627.316730119, 89.15704995738164, 96.05717062582087, 88.71178688826079, 83.16794156082098, -0.303028654996, 0.944703618627, -0.125334381574, -0.162891301984, 0.0782364927665, 0.983537226005, 0.938956898898, 0.318455843333, 0.130176103253,  
208, 3508737.7844130713, 94.26578781710073, 104.79775168762755, 92.91222634413636, 86.0275336601613, -0.810943016612, 0.485232324778, 0.326987789983, 0.561715525331, 0.802081833026, 0.202830968373, 0.163850823646, -0.348158475582, 0.923005191465,  
209, 3783113.0182930897, 96.66150858199777, 109.59603032696799, 96.67696172444832, 85.23989170206947, -0.156769954278, -0.206910016002, 0.965718088633, -0.950744211823, -0.233133743098, -0.204289259418, 0.267410966716, -0.95017730088, -0.160170133836,  
210, 3849105.6230657143, 97.2203260254345, 107.07339805377984, 94.44775815786434, 90.86528226520072, -0.0975822202371, 0.957437360449, -0.271645745614, -0.0605764586519, 0.266728324144, 0.961866151684, 0.993382203863, 0.110316371929, 0.0319702226069,  
211, 2464407.743936813, 83.7930473933187, 111.28331017877676, 88.74808062554658, 59.57100826430381, 0.939495339929, -0.201303018955, -0.277174314848, -0.252546937457, -0.953690553376, -0.163384126469, -0.231448807802, 0.223498149793, -0.946826291569,  
212, 3242506.9048125227, 91.81862117628306, 103.96947864384077, 99.93850346728345, 74.49954018537929, 0.791935135922, 0.525347502355, -0.311205305646, -0.325100143479, 0.79419302814, 0.513388089815, -0.516864234787, 0.305397177171, -0.79973991208,  
213, 3157744.6281680106, 91.01147059416618, 116.35608248632877, 82.68275256534933, 78.35818694084122, -0.96726115755, 0.231602891653, -0.103759113685, -0.0240085217145, 0.323508019911, 0.945920795806, 0.252644897, 0.917443546836, -0.307356298762,  
214, 3666676.459183246, 95.65947513796792, 102.24905303308294, 95.9758899227726, 89.19952438801228, 0.636237611526, -0.748467156861, 0.18707917249, -0.616509622916, -0.347470349731, 0.70652688619, 0.46380770426, 0.564855088636, 0.682510910031,  
215, 3486054.971949673, 94.06221628145657, 100.94320129775167, 97.06821502569542, 84.93594139237969, 0.108605302596, -0.714507565885, 0.691146747472, 0.875443340506, -0.260643375054, -0.407018413101, 0.470960556534, 0.649264175304, 0.597203637678,  
216, 2811228.3957725093, 87.55262545405883, 101.21191837241878, 88.09045403501246, 75.27435044844977, -0.964837835451, -0.198791802894, 0.171958629863, 0.151192126706, 0.115414217308, 0.981743601591, -0.215009051215, 0.973222162482, -0.0813002481562,  
217, 3485705.4288178207, 94.0590723359459, 105.3731587562083, 94.9154651585859, 83.20225443632796, -0.321715505994, 0.936170892671, -0.141715182389, 0.937709509941, 0.294293896546, -0.184640129502, 0.131148801634, 0.192289266918, 0.972535258825,  
218, 3818500.9937341493, 96.96197051510309, 103.21094692224943, 96.6000681144023, 91.43260711688667, 0.277983358016, -0.476537299885, 0.834048832194, -0.470716942829, -0.824453757991, -0.314168045271, 0.837347486053, -0.305267428254, -0.453498605121,  
219, 3455009.1559572774, 93.78215277445848, 104.91300168337555, 102.26134468628734, 76.88113412000777, -0.807873194776, 0.104320285923, -0.580050152234, -0.33311364246, -0.892742247699, 0.303391793527, 0.486185358036, -0.438324716526, -0.755973042187,  
220, 3154311.266050524, 90.97847355668434, 103.3616481774242, 89.23623173624729, 81.64231095880884, 0.60968949242, -0.366577452264, -0.702779975756, -0.587282954124, -0.804370939419, -0.0899228759206, 0.532332090549, -0.467555732838, 0.705701198853,  
221, 3574976.1595397857, 94.8552806989074, 103.48692824624268, 95.9787515177555, 85.92587198739601, -0.548059204582, -0.777611528073, 0.308141882387, -0.824516038202, 0.44026867941, -0.355438873336, -0.140728145801, 0.448869470268, 0.882446478627,  
222, 3527539.680948557, 94.43386527365003, 99.15718839468744, 96.80051107885785, 87.7367300867718, -0.65881810395, -0.645126063279, -0.387002672324, -0.74836662179, 0.509453621128, 0.424740399903, 0.0768511893035, -0.569446547446, 0.818428081327,  
223, 3351570.6826586826, 92.83674916824977, 105.07116243661335, 93.57350200906065, 81.38106203564695, -0.0480182586662, -0.995938589548, 0.0761614908202, -0.407899915801, -0.0500495427155, -0.911653827921, 0.911763075324, -0.074842295016, -0.403839974932,  
224, 3969665.3586895065, 98.22493785483911, 111.8475489145485, 96.43682137112388, 87.86095706133513, -0.677542344602, -0.305022701735, 0.669251464472, -0.701443747817, -0.00563685779661, -0.712702528747, -0.221162926187, 0.952328397802, 0.210137057227,  
225, 2584272.2191802952, 85.1301143105645, 101.6000761182941, 89.29278385689997, 68.00475076527653, -0.116323478208, 0.977390093104, 0.176571385901, 0.943567007837, 0.0532464309624, 0.326873246552, 0.310080876771, 0.204629967236, -0.928426855692,  
226, 3432567.4062719666, 93.57865992768795, 99.91289639175845, 92.68835357098527, 88.48787141598021, 0.66551922454, -0.165554071317, -0.727788438516, -0.611946203988, 0.437236922589, -0.659049100561, -0.427324238948, -0.883977218595, -0.189679392164,  
227, 3148464.570243305, 90.9222275276782, 106.437826174864, 88.21740647725179, 80.04973883096643, 0.323811256605, 0.550417315229, -0.769536905673, 0.855889262813, -0.517068345769, -0.00968997446021, 0.403236704551, 0.655500652097, 0.638528820965,  
228, 3193380.874451969, 91.35255606997448, 100.43338220382157, 95.06270793192053, 79.84980152683316, 0.762637497028, 0.605658267026, 0.227072921568, 0.551480969046, -0.792289751543, 0.261047295293, -0.33801300109, 0.0738580610574, 0.938238881048,  
229, 3742255.0606483314, 96.31226395553902, 108.99050700678396, 94.06321037947784, 87.14376210756676, 0.707903418825, 0.11352495439, -0.697126125136, -0.497734793612, 0.780463958183, -0.378333299098, -0.501131544452, -0.614807363902, -0.60899842401,  
230, 3673226.2216349826, 95.71639990799062, 102.5481834640639, 96.91886864608522, 88.2313164265733, -0.691527299662, -0.192703556983, -0.696171913358, -0.617699116987, 0.657389469034, 0.431609646414, -0.374483370386, -0.728494629445, 0.573635581336,  
231, 3522483.3100008215, 94.38872323663998, 98.37695122120049, 94.24068959166065, 90.70443451034997, -0.581705752592, 0.745786145178, -0.324686684454, 0.801484135152, 0.593612480447, -0.0724389684962, -0.138714089052, 0.302369391171, 0.943043558263,  
232, 3729137.181988747, 96.19959644325439, 106.10191384683368, 97.66270765230128, 85.91475819404592, 0.217816701003, -0.456623792934, -0.862583675066, 0.122597753321, -0.864002725861, 0.488332960781, 0.968259095307, 0.212117895122, 0.132213172278,  
233, 3595899.400008488, 95.03997381686804, 107.5677715843363, 98.71424339968503, 80.84570099690893, -0.448013115866, -0.888462163999, -0.0995953370083, 0.834145130103, -0.455488105604, 0.311018468227, -0.321692632705, 0.0562633876958, 0.945171032813,  
234, 3143671.512507717, 90.87606568089379, 106.49326264383515, 88.49237903770896, 79.63803701726594, -0.535220743812, 0.843999022815, -0.0347045368728, 0.0488207811579, 0.0719231427889, 0.996214631924, 0.843300235219, 0.531500433695, -0.0796994495711,  
235, 2649767.9339291193, 85.8433011481752, 103.95807244118201, 81.21146047038044, 74.92792260137733, 0.882996173326, 0.445936595757, -0.146486553838, 0.385291281101, -0.866852224789, -0.316414046915, 0.268082798028, -0.22295240062, 0.937242679598,  
236, 3457670.1156899687, 93.80622280172427, 99.12627676943414, 95.63905798888159, 87.07046485438974, 0.361080937867, -0.703576706722, 0.612046055512, -0.574534377425, 0.349123918514, 0.740285579137, -0.734527607014, -0.618944510663, -0.278167013238,  
237, 2776574.375651446, 87.19138320014928, 111.43458894118568, 95.77388592670023, 62.10886284928879, -0.82449296588, -0.0607134714138, -0.562605744375, -0.553828681802, -0.117451902987, 0.824305065918, 0.116125537364, -0.99122092637, -0.0632134060012,  
238, 3301323.4122833745, 92.3704701630982, 98.01107982300981, 91.27398178369016, 88.1002806101207, -0.658014532201, 0.685595267098, -0.311409706246, 0.713731674759, 0.436047059253, -0.548133248912, 0.240008274562, 0.582942614542, 0.776256359905,  
239, 1795360.573500894, 75.39705073618293, 141.51494943019298, 104.46633339199295, 28.99241563188713, 0.635254756187, 0.364619787489, 0.680811137771, 0.34995499893, -0.921739651258, 0.167115271663, -0.688464155542, -0.132092489835, 0.713140014768,  
240, 3667972.8192861155, 95.67074733653156, 104.41682360262482, 97.71026597398033, 85.82757190017146, 0.878482037164, 0.425361642811, -0.217570179955, -0.377077392746, 0.896914128388, 0.230992827114, -0.293397256737, 0.120882253136, -0.948317209912,  
241, 3099553.1402298976, 90.44894225153324, 103.58764754545, 87.28579915254485, 81.83873622617226, 0.796868465371, -0.376832212815, 0.472226780565, -0.511330068983, -0.00436189504653, 0.859373338209, 0.321779753016, 0.926271265482, 0.196161497985,  
242, 3200765.4366230643, 91.42291820647053, 122.28733037015367, 81.7274244969722, 76.45677270687634, -0.925017387151, -0.106981154535, 0.364551595859, -0.30032182543, 0.793604362856, -0.529149238331, 0.232700740522, 0.598955046585, 0.766226609777,  
243, 2471962.5507128504, 83.87858444340777, 125.32157329797414, 82.32992493047267, 57.196535021762045, 0.728530239948, 0.247319417792, -0.638808887747, 0.626816417964, 0.135466905822, 0.767300394629, -0.276305750305, 0.959417439392, 0.0563321341498,  
244, 1194603.0440112841, 65.82310060252082, 148.488650565898, 54.966619292117, 34.94159460144933, -0.289974271646, -0.955629487057, 0.0518382604867, -0.0586919926697, 0.0718206860796, 0.995689228147, -0.955233045795, 0.285681767913, -0.0769139499844,  
245, 3427061.1905520507, 93.52859632740955, 113.69763247279053, 96.70067206641039, 74.41360346624442, -0.303010211674, 0.913638303458, -0.271016350201, -0.896315688725, -0.369830566144, -0.244629390081, -0.323732911159, 0.168791003316, 0.93097078334,  
246, 3902865.652419543, 97.6708568063969, 105.40088718460903, 100.23251858665, 88.19461788806913, 0.032021628758, -0.614403274805, 0.788342077528, 0.6837973652, -0.561799821979, -0.46562014923, 0.728968983316, 0.553976151051, 0.402137595146,  
247, 3259042.065155474, 91.97443294043042, 106.17106108981548, 91.28790235409075, 80.27530625994372, 0.475960020618, 0.532839410212, -0.699674368331, 0.808960381294, 0.046863900814, 0.585992215219, -0.345029216545, 0.844917710624, 0.408740629256,  
248, 4143565.7145865895, 99.63881194432697, 111.4073690059785, 102.83088407584796, 86.34717509782237, 0.973519363272, -0.22404915176, 0.0454095466841, 0.0757906461132, 0.503728639912, 0.860530786953, 0.21567528207, 0.834301764908, -0.507370414762,  
249, 3238462.4600349055, 91.78042954857223, 97.26184440329426, 91.51946360494995, 86.85489323967873, -0.866465583698, 0.195045611586, 0.459559138379, 0.442303610162, 0.726816910854, 0.525456653335, 0.231527339, -0.658554771829, 0.716031217055,  
250, 3207823.141979498, 91.49006488984392, 110.05200312955012, 93.33971687649993, 74.55166990603189, 0.801685910065, -0.581888560837, 0.136767702217, -0.350248999744, -0.271874216873, 0.89633143891, -0.484381399086, -0.766479036221, -0.421763615373,  
251, 3595102.144453811, 95.03294945021187, 108.1023173977673, 91.57088708185594, 86.70221634649705, -0.958607087752, 0.268698237263, -0.0942003641326, -0.0702695157277, 0.0973511852179, 0.992766307797, 0.275925074015, 0.958292233105, -0.0744402411416,  
252, 3276929.370505096, 92.14239375238252, 97.20867594087022, 91.77552394070034, 87.68929355379699, -0.428925573379, -0.900742742733, -0.0684497181486, -0.884985784588, 0.434199593677, -0.168139447864, -0.181171227238, 0.011542281562, 0.983383832569,  
253, 3355477.9566119844, 92.87281163734295, 106.60596461090499, 97.28690769951746, 77.23779682850133, -0.0281256761297, -0.296778796887, 0.9545319754, -0.256132408867, -0.920890272967, -0.293866116257, 0.96623244381, -0.252751757411, -0.0501140065786,  
254, 3534558.195581921, 94.49645340811068, 106.13227311043794, 94.89784407373156, 83.780455131917, -0.92476896074, -0.322054328206, -0.202690352351, 0.107841083839, -0.732621364723, 0.672038865385, -0.364928307875, 0.599622335838, 0.712236185879,  
255, 3599503.852465002, 95.07171855646048, 105.23555918651404, 97.452847092524, 83.79092576008233, -0.948666209229, 0.0199353582227, -0.315650130619, 0.316253215493, 0.0725407262992, -0.94589732356, -0.00404068774441, 0.997166197041, 0.0751215569729,  
256, 3073295.829590704, 90.19281027408398, 128.25238567217954, 82.28808237536165, 69.52057624496291, -0.16096239052, 0.591404981238, 0.790146351637, 0.279949740669, -0.740345846951, 0.611159692389, 0.946424456329, 0.319574991308, -0.046395833791,  
257, 3707296.9608495696, 96.01142641925281, 102.75409259109323, 97.59428372563377, 88.2562065292706, 0.797909416075, 0.546355623074, 0.254629332312, 0.410285752744, -0.801738061239, 0.434605202748, -0.441595023562, 0.242304796269, 0.863876276368,  
258, 3719549.2848077826, 96.1170801752277, 113.29783583161297, 93.03140558483916, 84.24623698527108, -0.951522543889, -0.221003568764, -0.213921179562, -0.246626853915, 0.132612790074, 0.959994293127, 0.183793480296, -0.966214919416, 0.180689474232,  
259, 3250004.3481571293, 91.88933549557841, 110.97044896353731, 92.69999988372507, 75.4237733898999, 0.538998110448, 0.764438609082, -0.353715492844, 0.76823316088, -0.618350562666, -0.165711774401, 0.345396652355, 0.182417637839, 0.920556873825,  
260, 3968637.8330133054, 98.21646213156498, 109.5628083795967, 97.88704430316184, 88.34144279205738, 0.858753517743, 0.238359100237, 0.453571752976, 0.38953852027, -0.878774388043, -0.275708752392, -0.332869549507, -0.41344953048, 0.847500648234,  
261, 3795624.3755965177, 96.76794966373926, 104.7071523515993, 95.37480328978772, 90.73704130028521, -0.704754281619, -0.201609174403, -0.68020228119, -0.700710587308, 0.347846158543, 0.622902659187, -0.111022859692, -0.915618256034, 0.38641575258,  
262, 2234148.0211273315, 81.09755819926944, 112.87457808721248, 89.1813047183458, 52.98505291681665, -0.478039940019, -0.86763911791, 0.136675443366, -0.871003211743, 0.488341402317, 0.053629095807, 0.113274979056, 0.0934079003957, 0.989163153005,  
263, 3360520.217424383, 92.91930819959585, 104.21351750841147, 90.0344959879648, 85.50370045190468, -0.199414466933, -0.626794247862, -0.753234917688, -0.969783958375, 0.236482608833, 0.0599587341257, -0.14054516874, -0.742431779066, 0.655013060157,  
264, 3267038.6630639522, 92.04959631864679, 106.85204471732887, 87.57679023166455, 83.34773527622994, -0.981218775152, -0.141029419538, 0.131607059513, -0.155570460062, 0.98194301554, -0.107637104141, 0.114050634567, 0.126089718282, 0.985440934657,  
265, 3637225.8060222166, 95.40267486807547, 107.43460364643273, 101.90518128950393, 79.31242021429694, -0.132062867392, 0.466633318832, 0.874535731009, 0.596699147067, -0.667078325871, 0.446045552654, 0.791523547941, 0.580740779444, -0.190343426851,  
266, 3434515.4713331247, 93.59635929778284, 105.77772815119566, 90.81106510607876, 85.35792775183073, 0.837043994913, 0.541380873021, 0.0791460732216, 0.388557327285, -0.486346044867, -0.782617868475, 0.385201965199, -0.685838373795, 0.61745054137,  
267, 3429028.9315634035, 93.5464935705429, 101.9562861350139, 89.9610009791616, 89.25123894872284, -0.986420481453, -0.0673055439944, 0.149815211238, -0.137872224644, 0.835037473142, -0.532638402785, 0.0892517979783, 0.546060786174, 0.832977631369,  
268, 3275314.6945059826, 92.12725716787256, 98.47008001773374, 96.84856382340703, 81.99114448296243, -0.397130327589, 0.108024330619, -0.911382601822, 0.917735602741, 0.0543063855136, -0.393461789699, 0.00699044846856, -0.992663870848, -0.12070448684,  
269, 3561117.176959839, 94.73254793618074, 106.72502223305894, 95.40840631938586, 83.49197980114029, -0.679244047701, -0.67357040408, 0.291428266318, -0.693971055528, 0.460258392659, -0.553684374058, -0.238813102136, 0.578329596972, 0.78006613791,  
270, 3112057.3435747204, 90.5704086300426, 94.83701435962038, 93.09983348208512, 84.14575357786332, -0.813146257481, -0.195632838258, -0.548197917308, -0.140724888155, -0.847807504904, 0.51129144378, 0.56479170479, -0.492899814592, -0.661861090393,  
271, 3197083.5927067585, 91.38785012977809, 109.00992805134061, 93.89864098362624, 74.56585856166086, -0.943873326478, 0.0679701963201, -0.32323860533, -0.212596009887, 0.623945752614, 0.75199377283, 0.252796519247, 0.778506101586, -0.574475560533,  
272, 2573773.508343202, 85.01467632982173, 108.94024776219064, 79.53891351480014, 70.91101538329846, 0.655829205883, 0.388206542419, -0.647443999998, -0.429968656937, 0.897027188535, 0.102318996676, 0.620495774976, 0.211276840785, 0.75521327437,  
273, 3521169.4048956987, 94.37698594437789, 97.31882577737532, 94.05390330672704, 91.83846713169179, 0.411635320949, 0.465108351523, 0.783728641745, -0.201034343804, -0.792440651077, 0.575867178378, 0.888899069163, -0.394603644009, -0.232693809493,  
274, 3488755.7576608807, 94.08650126017943, 112.88196249407251, 93.70917492500895, 78.73635243544267, 0.853771976471, -0.316103717729, 0.41370502998, -0.42519169413, 0.0352569364797, 0.904416370746, 0.300475349131, 0.948069294972, 0.104303290919,  
275, 1930269.7838202878, 77.24015459583102, 114.88599159057834, 77.02270391862909, 52.07671310811176, 0.514171674935, -0.828157974083, 0.223118485692, 0.340806028296, 0.435995465516, 0.832922088269, -0.787069717225, -0.352224820267, 0.506417748717,  
276, 1937751.925491902, 77.3398257526268, 106.29002636911696, 96.00152586181783, 45.3355529566646, 0.457370440605, -0.325300581451, 0.827642321156, 0.871068971042, 0.351248376118, -0.343312431995, -0.179028287565, 0.877954503367, 0.444009867311,  
277, 2691277.7261522966, 86.28923841007291, 96.77461829426967, 86.67345856648959, 76.59886137584846, -0.878277844778, 0.0941276056896, -0.468794220548, 0.467496247618, 0.374860264911, -0.800579190495, -0.100375723337, 0.922290505013, 0.373235768016,  
278, 3723012.9670247105, 96.14690598745158, 104.4752359165489, 96.92900687895437, 87.76852826311685, -0.732441048077, -0.165111845025, 0.660506010361, 0.426414379117, -0.867549186724, 0.255986690859, -0.530755017286, -0.469144420458, -0.705834700464,  
279, 3288216.084483686, 92.24806108099969, 104.55587516854436, 95.35619274710939, 78.7361899991433, 0.773101944128, 0.632649123712, 0.0454804381229, 0.585599133423, -0.739476267086, 0.332036903597, -0.243694560709, 0.23006507054, 0.942169318328,  
280, 2743964.4995016963, 86.8486941877098, 97.91139339688877, 89.12989982375849, 75.06426378121378, 0.72136488139, -0.494564105874, 0.484808264243, -0.639584258012, -0.207230023044, 0.740261909362, 0.265640141545, 0.844074678409, 0.465803877688,  
281, 3400462.27701945, 93.28599554906145, 101.6551129442029, 93.10400216939075, 85.77323198986967, -0.229159098796, -0.849304410724, 0.475571367266, -0.964648751327, 0.263477156925, 0.00570739363104, 0.130149506347, 0.457451424419, 0.879658627136,  
282, 3282086.366433128, 92.19070411109725, 98.26803000672196, 93.10194947370609, 85.64270407294046, 0.080092096698, -0.0942552111989, 0.992321123028, 0.411597992479, -0.903557091896, -0.119044841433, 0.907839384822, 0.417971933084, -0.0335725262661,  
283, 3713416.964066227, 96.06422923936172, 107.75096462617256, 92.29265288643717, 89.1449634619117, -0.409681235129, 0.643120798265, -0.64695975487, 0.912227170171, 0.290142918338, -0.28923809732, -0.00169575528822, 0.708669687356, 0.705538375028,  
284, 2933302.928319622, 88.80200444835229, 102.88171755614373, 96.88785746153708, 70.25233252932232, 0.456258649913, 0.616408790199, 0.641769622018, 0.529355010808, 0.391703534398, -0.752563361899, -0.71527010067, 0.683087508674, -0.147580956028,  
285, 3006708.975530361, 89.5366679268932, 111.5370214113134, 83.36725451479606, 77.19483492856618, -0.68937026971, -0.318952834303, -0.650413499806, -0.724210478195, 0.324469216634, 0.608472604749, -0.0169650968899, -0.890499195366, 0.454668416036,  
286, 3338235.198183836, 92.71345686105876, 100.40067447853862, 99.25680092598853, 79.97079597211774, 0.246494086963, 0.426571206102, 0.870217025354, 0.701193644377, -0.698339053381, 0.143701216445, 0.66900533494, 0.574769147264, -0.471245465947,  
287, 2870274.2192035955, 88.16135577655584, 96.74634977977892, 88.55649314569813, 79.97970218688094, -0.294997603875, 0.150936027786, 0.943501313843, -0.953575086586, -0.109120019016, -0.280690889933, -0.0605885133462, 0.982502487003, -0.17611897991,  
288, 3023927.926368521, 89.70726350128156, 106.71626873822632, 94.45797217740616, 71.61657980297102, -0.880930436115, 0.292055866045, -0.372377413164, 0.349223301146, 0.932209082815, -0.0950226912595, -0.319381672397, 0.213751250349, 0.923204067534,  
289, 3051388.5241857925, 89.97799257693563, 103.53344755005047, 94.49171558078602, 74.46196442917793, 0.898909851106, 0.323594564561, 0.295377110437, 0.234218319598, -0.924668933754, 0.300215159035, -0.370274031426, 0.200683633454, 0.906985788706,  
290, 3224094.667386742, 91.64449702118719, 100.82451301323007, 88.28617831486116, 86.46897785519863, 0.352233665814, -0.925526972345, -0.139036930809, 0.614207233484, 0.11650278317, 0.78049764628, -0.706173434081, -0.360315035733, 0.609501563593,  
291, 3318602.0735153616, 92.53134116862266, 106.92672178751182, 89.23001028662915, 83.03656506925822, -0.467799492526, -0.62235221531, -0.627567808998, -0.878939702254, 0.252950818871, 0.404327692638, 0.092890444041, -0.740738552616, 0.665340335524,  
292, 3187335.7277210243, 91.29487546312248, 115.11006383814866, 100.61757354839428, 65.69798761667637, -0.326792236541, 0.809378339839, -0.487968787051, 0.939117052332, 0.220107381367, -0.263840676709, 0.10614139699, 0.544480893758, 0.832030384167,  
293, 3710045.917456038, 96.03515134513898, 100.83936639912648, 98.20050858166609, 89.44309736218041, 0.598824150933, 0.353761334545, 0.718514129603, -0.486823248025, -0.551595897171, 0.677307235607, -0.635934557514, 0.755377312609, 0.158089702873,  
294, 3358825.4824903035, 92.90368561077219, 104.22379398961282, 93.62787694817266, 82.17255220193765, 0.797828677414, -0.361176059587, -0.482722752184, -0.228605498848, -0.922130988584, 0.312112104521, -0.557861028744, -0.138658911987, -0.818269380299,  
295, 4225636.418297662, 100.29235728992411, 121.57668641194272, 106.28854409028816, 78.06686813272766, 0.09458415387, 0.75172082057, 0.652663501169, -0.941882928317, -0.144712876876, 0.303174426052, 0.322351341214, -0.64340810625, 0.694345462742,  
296, 2867923.161737688, 88.13727805014413, 108.77764585189502, 88.519636679299, 71.10491534656333, 0.765863670759, 0.639890141564, 0.0631937065042, 0.178102203832, -0.305539601933, 0.93537434038, 0.61784499901, -0.70511428746, -0.347967525521,  
297, 3631008.288052148, 95.34828303321532, 101.9699618711668, 93.95652301652935, 90.47725942389422, -0.137804673217, 0.850096723528, 0.508276925196, 0.893594373098, -0.11463005417, 0.433991989614, 0.427198979876, 0.513999524638, -0.743845091578,  
298, 3226995.3393235584, 91.67197253153186, 121.5777876535657, 80.50555936824807, 78.70994712763061, -0.292660455175, 0.374085960974, -0.88000542713, 0.401633290665, 0.883273712059, 0.24190545553, 0.86777909505, -0.282643314777, -0.408744662113,  
299, 3440632.7167714033, 93.65189476966738, 108.56309930084223, 100.40505071746608, 75.35497191507845, -0.640900407028, 0.235785308623, -0.730514857145, 0.765063153849, 0.118533705108, -0.632951918692, 0.0626501308388, 0.964549142859, 0.256358951696,  
300, 3502600.8142145127, 94.21079710783226, 100.95289371354698, 93.39442522903086, 88.68747884745322, 0.383017589536, -0.612030310329, -0.691893362697, -0.57189937707, -0.745313727253, 0.342693084953, -0.725416176145, 0.264435903776, -0.635488020486,  
301, 3601793.253747881, 95.09187051757708, 101.70520674394744, 95.96872768430019, 88.09621444700883, -0.493031164813, -0.234395883721, 0.837841775169, -0.865883464923, 0.0384977409965, -0.498762217004, -0.0846527949647, 0.971378656155, 0.221940106046,  
302, 3637176.7722051907, 95.4022461550421, 110.32562648717611, 92.34775902522941, 85.22618262163475, -0.31228803248, -0.520732848067, -0.794552380724, -0.9282679022, 0.345089789817, 0.138678544518, -0.20197744061, -0.780865121457, 0.591146999973,  
303, 3282606.1816155803, 92.1955708932382, 112.90349261414623, 90.16721931855506, 76.97932883727526, 0.316836935069, 0.939877092943, 0.127457470306, 0.695573158976, -0.321604763212, 0.64245494534, -0.64481961593, 0.114897460546, 0.755649546067,  
304, 2777483.684339333, 87.20090035067717, 115.37355697808059, 97.81655328986157, 58.754924052907604, -0.40365587095, 0.273238937697, 0.873156584339, -0.631263567132, 0.607623559681, -0.481975018576, -0.662244854007, -0.745743985994, -0.0727850307031,  
305, 3592073.768088845, 95.00625791511844, 110.5804929079238, 92.53867253556055, 83.80209018134487, 0.254093558133, -0.949781641293, 0.182623376317, 0.286491168119, 0.254258529467, 0.923729078671, -0.92377447156, -0.182393623943, 0.33670950631,  
306, 3483109.596149641, 94.03571769009446, 99.320920909889, 92.90696549025077, 90.11342930974679, -0.333063050897, 0.182836942176, -0.925007922508, 0.0429511368828, 0.982943260161, 0.178823228759, 0.941925795362, 0.0198292682442, -0.335235135618,  
307, 3678183.3175659566, 95.75943765098198, 104.05016689718859, 100.56206062084938, 83.92045231178331, -0.325214077476, 0.930853926306, -0.166573622442, -0.936266164429, -0.341696640999, -0.0815418596539, -0.132821207485, 0.129438685915, 0.982651593105,  
308, 4118537.2750951014, 99.4377900720603, 114.13570181481722, 101.77538140524611, 84.64282299231269, 0.815301207414, 0.356441812718, -0.456325733808, -0.423698330785, 0.904390272864, -0.050576267552, -0.394669058427, -0.23457934371, -0.88837428251,  
309, 2714394.9360194406, 86.53559996134543, 107.79899079896788, 92.90617722426903, 64.70310784401646, -0.973651006051, 0.0383167393402, -0.224801125227, -0.198622176294, -0.626815363127, 0.753426659757, -0.112039946006, 0.778225113983, 0.617909963073,  
310, 3193187.914712577, 91.35071604303951, 99.15108855804941, 91.10029226328952, 84.39536791095067, -0.565788447613, -0.300960063226, -0.767662994348, -0.145906679726, -0.879773011999, 0.452449652635, -0.811538460801, 0.367997945241, 0.453853323155,  
311, 3622009.181994436, 95.26944734119046, 104.54619761634153, 93.65238872014352, 88.31487052621951, 0.37301246712, 0.767993821963, 0.520621925009, 0.703040236349, 0.132217608554, -0.698750978578, 0.605471820524, -0.626660987628, 0.490611741743,  
312, 3724611.9042149927, 96.16066821553913, 103.0952132339005, 98.7116679910912, 87.37464534386689, -0.16871625807, -0.981396418627, -0.0916291098391, -0.0819451446962, -0.0786741125943, 0.993526737068, 0.982252420472, -0.175132674034, 0.0671470696448,  
313, 1890982.7971196114, 76.712532958577, 148.32440710985824, 74.28614880906275, 40.97118297435816, 0.699348394365, 0.671754964422, 0.244248011402, 0.609634006198, -0.738967476813, 0.286833482528, -0.373173152553, 0.0516946417595, 0.926320388541,  
314, 3020536.3013512925, 89.67371252307879, 99.51879349729398, 88.31817890372133, 82.04275631055422, 0.351932281771, -0.277132552125, -0.894058844596, 0.697411168882, 0.714709871824, 0.0529854757057, -0.624308682117, 0.642173923225, -0.444804813108,  
315, 3357954.0738279065, 92.89565065143209, 100.55960860842217, 96.06516028076028, 82.98443792038528, 0.358876905185, -0.679025232432, 0.64041556871, -0.850110221883, 0.0455056355602, 0.524634966222, -0.385382897357, -0.732703194243, -0.560915369348,  
316, 3732113.5852947705, 96.22518347488298, 112.75737827126446, 95.50829381670025, 82.73326947698577, 0.893261081412, 0.299177062706, 0.335526043079, 0.193566679115, -0.929621671649, 0.313584898133, 0.405729689782, -0.215166523305, -0.888305570217,  
