# Void_ID, Void_Volume, r = (a*b*c)**(1/3.0), a, b, c, vector_a, vector_b, vector_c 

40, 685502.4507789189, 54.69825448818205, 113.07036092011086, 40.8153131272333, 35.460796919699796, 0.252354377599, 0.772045708695, 0.583320402345, 0.648527037739, -0.582344966378, 0.490190801073, 0.718143404501, 0.254597258076, -0.647649817997,  
41, 2268329.7842505565, 81.50905574354789, 138.41129951472539, 82.33345132931136, 47.51926546858721, 0.231469564009, 0.93686378003, 0.262122297039, 0.932864262956, -0.137302565241, -0.333034941828, 0.276018310693, -0.321611976217, 0.905748104561,  
72, 830765.41765368, 58.31719144172173, 103.44441885595869, 78.21970947519804, 24.511310859855516, 0.95437867674, -0.148166761884, -0.259244965346, 0.261917613267, -0.00152454895235, 0.965089031961, -0.143389348435, -0.988961215834, 0.0373524876263,  
73, 809024.0550385487, 57.803962220793714, 87.69244232611607, 50.096759552820124, 43.964387269149896, 0.494180157786, -0.341808978742, -0.799345103007, -0.762790032767, -0.611575357976, -0.210064150746, 0.417057954681, -0.713542012476, 0.562956888997,  
84, 559799.4494217206, 51.12672244979747, 139.20262049577804, 55.30880057424907, 17.35810080915545, -0.120492942088, 0.369516132582, -0.92137900924, 0.956985975192, -0.203525973055, -0.206772874377, 0.263930472271, 0.906661461657, 0.329098313204,  
91, 1740259.820084912, 74.6176947813172, 126.16525996625775, 80.86174161361797, 40.723266452039816, 0.697444940621, -0.440451767848, -0.5653076994, -0.35447354202, -0.897602992683, 0.262025524585, -0.622831488294, 0.0176382461017, -0.782157164171,  
92, 2389096.6828894494, 82.93064414257378, 130.31547753347394, 88.17575347813029, 49.63636125445021, -0.984604659596, -0.0884955713683, 0.150738840881, 0.0131426570809, 0.822448363187, 0.568687928882, -0.174301276148, 0.561913893528, -0.808623423723,  
95, 1580360.4384654167, 72.25853961939032, 130.53562982187003, 65.0773597292453, 44.41284011606892, 0.550726385272, -0.39048980857, 0.737711432721, -0.591421662783, 0.441114862541, 0.675009699809, -0.588999885702, -0.808044174193, 0.0119894618531,  
97, 1744959.3558704287, 74.68480225914386, 136.0222268644733, 80.0328285345916, 38.26649277076553, 0.298689863643, 0.408091374261, 0.862696815579, -0.43375688116, -0.747148502958, 0.503611042943, 0.850081956874, -0.524624193858, -0.046153242742,  
98, 1092243.7773212972, 63.88668052228743, 107.36712052046312, 56.581070658307674, 42.92284527012082, -0.76763807574, 0.264484074543, -0.583763615676, -0.157450060271, 0.805127680735, 0.571820685386, 0.621241710765, 0.53086494707, -0.576403630087,  
99, 1788011.2403440478, 75.2940304155662, 132.16758315779057, 90.37109586277965, 35.73774438493286, -0.737126841597, 0.517204795677, -0.434905988377, -0.0427275128406, 0.606625482108, 0.793838701565, 0.674402238315, 0.603742266025, -0.42506105111,  
107, 3357734.4264700995, 92.8936251394017, 139.6694939513163, 99.084021935296, 57.92320014265859, 0.390682851687, -0.904455450254, -0.171252001165, -0.798251038632, -0.240224577536, -0.552347202102, -0.458434497742, -0.352494667836, 0.815834125559,  
108, 2509207.52113746, 84.29775144832094, 109.88388316576327, 75.81715805419569, 71.90291073968392, -0.971373894581, -0.161388862098, 0.174316930091, -0.0471986584988, 0.850281159493, 0.524208199523, -0.23281976626, 0.500974635088, -0.833558259174,  
127, 3117099.0936030587, 90.61929236824325, 119.96910162301444, 82.88265553085301, 74.83916539306551, 0.297587118262, 0.880330333065, 0.369405484165, 0.515878062811, -0.473859444636, 0.713671528814, 0.803312972231, -0.0218112680827, -0.595157573446,  
145, 253071.79879822576, 39.23904065615302, 61.27613315846479, 37.937584177584, 25.989272298064265, 0.310686350199, 0.052750552374, -0.949047612622, -0.743569345064, 0.635451962284, -0.208099574029, -0.592096800263, -0.770336408885, -0.23664994457,  
168, 894883.1397639756, 59.78045811118508, 96.67258188347259, 58.59447220879836, 37.715316108283986, -0.676284777907, -0.732135242439, -0.0813442434979, -0.685194267546, 0.665749880715, -0.295441892848, -0.270458342252, 0.144066245546, 0.951891381409,  
173, 2474736.1628097477, 83.90994410115083, 118.03998080103352, 107.57395767693592, 46.52688940708853, -0.496188591441, -0.0392550520887, -0.867326883366, 0.862702665364, -0.134681380583, -0.487447470911, 0.0976780062073, 0.990111088015, -0.100692802591,  
197, 1552531.6734508357, 71.83188885691287, 116.22585551995965, 99.99162580803144, 31.89227338618838, 0.591932752984, -0.79227358112, 0.148047926715, -0.00585337244663, 0.179454642771, 0.983748834418, 0.805966099768, 0.583179735457, -0.101587608381,  
200, 1922972.0238552254, 77.14269119531882, 126.87666834968853, 90.21628487759513, 40.1067667143322, 0.129515662464, -0.750277784294, 0.64831237808, 0.48681229772, -0.521488373819, -0.700759347252, 0.863851538151, 0.4063657495, 0.297703539897,  
217, 3921487.934208782, 97.82595387042932, 121.8886540004689, 104.57568434959072, 73.44602180609927, -0.400913434606, 0.911890146991, 0.087890714942, -0.80248153467, -0.303285465807, -0.513849503984, -0.441918323298, -0.276539845323, 0.85336622237,  
225, 1733661.8605032584, 74.52327438953466, 131.02951329397854, 90.88181452530588, 34.755990388699, -0.54902885753, 0.591957312778, 0.590045636751, 0.834494315839, 0.427736724393, 0.347362248148, 0.0467605649315, -0.683101628204, 0.728824817849,  
256, 1320790.1228110706, 68.06362378904981, 128.7079337718543, 90.64186875594572, 27.027821003915243, 0.164792630595, -0.917156698141, -0.362859449313, -0.044688929739, -0.37445419758, 0.926167886225, 0.985315324381, 0.136409841908, 0.102694043499,  
276, 3010571.6835567113, 89.57499399574908, 118.27215978625, 97.07980285980935, 62.59634130173666, 0.400788760446, 0.262712609454, 0.877696105912, -0.68356935705, 0.723603780816, 0.0955536628876, -0.610001068525, -0.638262996909, 0.469594551901,  
287, 1312386.240751843, 67.91895883214819, 137.15396542130614, 83.01555923081524, 27.517260349255693, 0.10143368147, 0.920526659775, -0.377282224479, -0.94914365676, 0.203165480422, 0.240520490599, 0.298056248209, 0.333698151342, 0.89431986263,  
296, 1114356.0322230083, 64.31492778633017, 101.2207698707384, 71.98535710068629, 36.510817690123666, 0.876708295847, -0.314913314599, -0.363609912242, 0.194013338697, -0.460199708092, 0.866357347219, -0.440160639313, -0.830087846532, -0.342363518265,  
343, 254484.54640043352, 39.31192119365308, 97.2965308092351, 37.244520960876144, 16.765366718494345, -0.599336270764, 0.628454777103, -0.495823181873, 0.782517662503, 0.329419636105, -0.528345352227, 0.168707268422, 0.704646930373, 0.689210099387,  
366, 1337215.3867573342, 68.34460722344846, 115.54108149398218, 98.2873381228019, 28.11115916642901, -0.802096597993, 0.481116384847, 0.353791000055, 0.341480325389, -0.116518407188, 0.932638541, -0.489930847018, -0.868878866712, 0.0708327616388,  
372, 704837.4151396385, 55.20775835730211, 115.63413644568043, 63.484347176366775, 22.92174206081041, -0.106908736647, 0.0262048742596, 0.993923451073, 0.243140591164, 0.969990885434, 0.000578881847125, -0.964081518834, 0.241725022992, -0.11007196874,  
395, 1571348.4432071887, 72.12092642135224, 110.89228380964147, 71.51491152213401, 47.302702855247034, -0.878632941126, -0.143195242977, -0.455520885533, -0.475037992277, 0.165426110941, 0.864276059898, 0.0484051718504, -0.975771143357, 0.213372011123,  
404, 282797.89018483635, 40.71888262458514, 76.70518128047578, 45.84653413110603, 19.198015824321033, 0.669381024398, 0.202521966617, -0.714782412496, -0.507230282361, 0.827562691302, -0.240535720053, 0.542813489913, 0.52356933161, 0.656680036369,  
446, 241490.14131192715, 38.63108732336371, 126.9570656821684, 44.86372260596967, 10.121820085294285, -0.83275381139, 0.357835880984, -0.422462509456, 0.532783570481, 0.310469951773, -0.787242069552, 0.150541544569, 0.880659918088, 0.449194113978,  
463, 726205.8035670659, 55.76012029238429, 88.08742913861127, 64.79762085188356, 30.37372877258406, -0.961529347308, -0.269632526609, -0.0525320365191, -0.0510878985373, -0.0123757179878, 0.998617478431, -0.269909875494, 0.962883763597, -0.00187534312246,  
477, 1792979.3469359912, 75.3637023945077, 112.46951546361917, 93.47879556654156, 40.713528754352815, 0.0971045578595, 0.957833433999, -0.270417857319, -0.245987571041, 0.286369630464, 0.926003536517, 0.964396609148, -0.0233997321018, 0.263422916241,  
490, 3014725.3932378874, 89.61617084127698, 138.68712269026133, 85.71436812385205, 60.543759299261694, 0.534306658748, -0.832241365738, -0.147955072813, -0.621628350663, -0.268255284702, -0.735946530586, -0.572795415545, -0.48519419966, 0.660675412398,  
497, 2868852.947300252, 88.14680177278844, 125.21668198829565, 86.03486449814162, 63.57450796681906, -0.155811703357, 0.91504822043, 0.37203422878, -0.196670587288, -0.397831481803, 0.896131012845, 0.968010017093, 0.0664595092773, 0.241949871738,  
505, 3062845.2617728137, 90.09046233488142, 102.99434737677942, 96.7170416953433, 73.4040551425837, -0.219903230996, -0.729085256363, 0.648133672904, 0.973802438127, -0.124633788256, 0.190197871501, -0.0578911089523, 0.672979277377, 0.737392372977,  
523, 529674.9642612522, 50.19266772155635, 118.31219075057864, 41.88449412311762, 25.517496629576254, 0.935820532161, 0.266128380628, -0.231118187537, 0.185818820957, 0.184693268036, 0.965069822614, 0.299518442444, -0.946078264081, 0.123388090468,  
565, 1169404.557242423, 65.35699224203425, 96.0801382768893, 87.33267207589442, 33.27099622159071, 0.60340386256, 0.792089708883, -0.0921828168856, -0.45386196756, 0.43617531249, 0.777020212849, -0.655677583153, 0.427018723074, -0.622689262068,  
571, 1475347.5676453696, 70.62122477980677, 122.3412975625455, 69.59227986015783, 41.36867290095506, 0.808397346983, -0.56311344345, -0.171455472926, -0.459966171038, -0.786059702167, 0.412966422521, 0.367321182198, 0.254977242974, 0.894461712246,  
615, 599575.7460359547, 52.310051677135036, 107.37241489418463, 70.14668670573944, 19.004461311243364, 0.627071485768, 0.739838347733, -0.243763350323, 0.35378949984, 0.0082959977584, 0.935288279743, 0.693984395747, -0.672733524989, -0.256544855366,  
667, 977918.4046177235, 61.57503539238006, 131.08214983944166, 94.38346564738067, 18.87011447624187, 0.0463684156138, -0.276285351747, 0.959956444035, 0.611484361281, -0.75204971307, -0.245983952688, 0.789896731189, 0.59840423919, 0.134072818186,  
690, 1947372.7570014654, 77.46761049472245, 119.21526200412201, 86.83355221112687, 44.909793236489406, 0.586033617399, 0.519745175365, -0.621634580733, -0.537892914257, 0.823294867288, 0.181264376778, 0.605999844942, 0.228145817804, 0.762045716311,  
693, 1454474.8806638285, 70.2866005021495, 140.01982580219584, 71.1079093741785, 34.87467528764123, -0.245241423414, 0.890333536097, -0.383618089697, 0.962473905603, 0.176175314409, -0.206412789398, 0.116192191115, 0.419843367334, 0.900128280652,  
696, 1363130.0308700723, 68.78328164788975, 125.9750943306322, 83.27378666104723, 31.020991213177762, 0.135664803172, -0.56580889584, 0.813299056048, -0.967102242929, -0.253925393964, -0.0153344716902, 0.215193663713, -0.784462993193, -0.581643790828,  
712, 2308224.991595884, 81.98413959414937, 115.99577451362558, 104.26300032137074, 45.56350680962683, 0.667932520171, -0.673347001077, 0.316969974348, 0.127785950086, 0.523347314424, 0.84248343571, 0.733169079721, 0.522217775095, -0.435604976919,  
740, 872884.102374021, 59.28652445632555, 92.5362897832641, 76.29655768338743, 29.51555458781979, 0.156253777167, 0.441272444216, 0.883664748135, 0.658606326044, -0.713279282061, 0.239729791802, 0.736085908312, 0.544528507755, -0.402077405267,  
788, 3558057.4772118954, 94.70540886793366, 118.13948966025325, 96.90079175211274, 74.19966322188185, -0.192607355706, 0.503997120688, -0.841955645427, 0.963582338205, -0.0650608113745, -0.259376499172, 0.18550332619, 0.861251411123, 0.473111533162,  
796, 1891757.228256367, 76.72300378640891, 129.80177078627165, 80.67921621531396, 43.12553591466523, 0.627444561754, -0.777485688731, 0.0427706177648, -0.396382696068, -0.271643943234, 0.876977950898, -0.670219426892, -0.567208578852, -0.478623388369,  
799, 1553016.7818649546, 71.83936967582865, 105.74578834395822, 77.84204934425135, 45.041225566557614, -0.181484177856, 0.0195391485877, -0.983199732944, -0.0694371765207, -0.997561714215, -0.00700748529022, 0.980939331307, -0.0669988657048, -0.182398410874,  
821, 1345647.3613095148, 68.48795808827597, 153.92110896121733, 91.18766266274415, 22.88802858509121, -0.716874139211, -0.640798656514, 0.274715398803, -0.654885126877, 0.754072020942, 0.0500085775409, 0.239200625262, 0.144057172822, 0.96022424039,  
878, 1684554.3626046875, 73.81287825026696, 135.81009466566036, 66.29281356711228, 44.6681450751297, 0.49226772245, 0.869256508786, 0.0454489974174, 0.555227018556, -0.353784934723, 0.752701254037, 0.670369634828, -0.345296020678, -0.656791603787,  
879, 771313.4268716034, 56.891505619215614, 109.82731481358198, 87.79409804158138, 19.09706363305238, 0.238405195387, 0.225890468673, 0.944529755474, 0.441139830294, 0.841258070619, -0.312538811584, -0.86519281836, 0.491180572479, 0.100911011681,  
880, 1489806.7542587416, 70.85118362221422, 161.6042847234024, 75.54497278649019, 29.132844393052167, -0.38619781971, -0.687740663335, 0.614706453558, -0.896401585407, 0.436973491835, -0.0742856992483, 0.217521129387, 0.579712814615, 0.785250030781,  
920, 755797.7745180313, 56.50744441429638, 78.85674262213116, 69.70424635289504, 32.826072932376476, -0.480327758934, 0.846819973154, -0.228431996588, 0.249203788664, 0.38147343668, 0.890154755547, -0.840941564981, -0.370639919835, 0.39426302656,  
944, 1460383.4438103302, 70.38164780201608, 111.05754219239701, 100.33808983688047, 31.287034752107076, 0.267948615865, -0.574195734753, 0.773629625497, -0.223693209946, 0.743969920213, 0.629658721564, -0.937104523028, -0.341771877148, 0.0709020233224,  
974, 964293.5770509855, 61.28773265812302, 127.04328954981163, 73.45505118942057, 24.668757088077072, 0.466884005858, -0.213644531952, 0.858123149112, -0.405286104063, -0.9141624057, -0.00709012397218, 0.785978688597, -0.344475122427, -0.513394965987,  
987, 1475694.6065410106, 70.62676164243891, 131.62674660742118, 105.11750687442614, 25.461775329679963, 0.931358481383, -0.0904389078203, 0.352692760216, -0.114222634435, 0.847188872944, 0.518868194576, 0.345723254843, 0.523537789956, -0.778706371843,  
995, 1889215.864134795, 76.68863213392497, 141.17568346717295, 102.56924007269537, 31.146979545297118, -0.167441881004, 0.601252296531, 0.781318688118, -0.942507116989, -0.3301086137, 0.0520445730816, 0.28921194808, -0.727683982974, 0.6219585758,  
996, 3443030.6804439304, 93.67364674647212, 123.92147028395769, 89.30566112635896, 74.27227656593084, 0.820776132971, 0.134204404344, 0.555261845798, 0.506128874024, -0.621547285753, -0.597923518899, -0.264877523441, -0.771795406457, 0.578075901719,  
1028, 3511136.316982583, 94.28726259198503, 109.612738626187, 97.76034438816205, 78.22315531324392, -0.790276482591, 0.582265116944, -0.190867531691, -0.295167802073, -0.0887731726119, 0.951312405282, -0.536972112575, -0.808137771308, -0.242021265392,  
1064, 1687404.281381174, 73.85448019056336, 118.5341133897781, 102.9622436317408, 33.00723795793133, -0.36380183429, 0.926415942236, -0.0969625048088, 0.236289635465, 0.192475607356, 0.952428658087, -0.901008009698, -0.323584057927, 0.288925464292,  
1079, 2644245.5277721365, 85.78362406191401, 104.01248695225826, 82.1400996331891, 73.88775366775131, 0.548175406351, -0.829819740309, -0.104417060223, -0.448658873673, -0.397125318123, 0.800622693146, -0.70583917357, -0.392034029518, -0.590000322673,  
1098, 1401381.9606885428, 69.42075050098099, 103.41183169448811, 82.51929014198247, 39.20506690793137, 0.0625852425364, -0.800609526312, 0.595908947571, 0.519266909197, -0.483779928424, -0.70449901197, 0.852317408264, 0.353527038899, 0.385452550047,  
1111, 1569822.7203181537, 72.09757658621248, 116.15956184369762, 81.74677618215856, 39.46720771454029, -0.130495069513, 0.479968683833, -0.867525849397, -0.193996807739, -0.870455204766, -0.452407974159, 0.97228405079, -0.109260235378, -0.206702504932,  
1114, 1064982.2985748227, 63.350676947534915, 97.49402102278137, 78.56029488645521, 33.19500147694592, 0.170908722343, -0.770136535754, 0.614556689756, 0.0699971285524, 0.631648228309, 0.772088672154, 0.982797339547, 0.0889394848778, -0.161861537767,  
1128, 3161517.276765393, 91.04770084598154, 138.62169012957406, 96.51041342691924, 56.4159082704851, 0.403938098731, -0.895489046683, 0.186904734195, -0.223013277147, 0.101753073401, 0.969490273427, -0.887186051857, -0.433296295074, -0.15860400394,  
1134, 889525.6341799241, 59.66092093381048, 139.39864271742167, 82.28421142126362, 18.513767358146534, -0.015571386173, -0.952741999932, 0.30338130051, 0.351673470087, -0.289250229952, -0.890314593225, 0.935993217053, 0.0928277223632, 0.339558112245,  
1159, 1404590.8235758205, 69.47369629940883, 122.63144403844682, 62.2764346905138, 43.90718899563731, 0.921403293686, -0.375129713398, 0.101457717849, -0.233097972469, -0.742412864474, -0.628083174344, -0.310936176113, -0.555068317227, 0.771503634207,  
1160, 900693.3796476126, 59.90955868311543, 107.70641460365249, 73.0397480286951, 27.333014130973496, -0.33706782835, 0.724429854249, -0.601320767448, -0.103990016943, 0.606141832707, 0.788529108542, 0.935719699198, 0.328319151002, -0.128977438406,  
1181, 809168.358551177, 57.80739879718472, 138.76989995615978, 107.06648357615846, 13.00173973505904, -0.336437894471, -0.0822382654308, 0.938107888712, 0.762664080704, 0.560566294642, 0.322659153466, -0.552406592255, 0.82401595677, -0.125875572777,  
1197, 2227855.4196300325, 81.02134801799778, 128.45456002426718, 65.32708704737016, 63.38048739599354, -0.527425915699, 0.0163845899458, 0.849443022611, 0.815908696919, -0.269000179417, 0.511792830905, -0.236885841158, -0.963000752173, -0.12850933652,  
1211, 514223.0611902508, 49.69976249880255, 125.20592144201582, 83.07007937023529, 11.803028232989748, -0.0374729002104, -0.73043177484, 0.681956893105, 0.977171568377, -0.169596069792, -0.127956629629, 0.209120796921, 0.661593980788, 0.720112419613,  
1232, 2055322.7726949055, 78.87338412278523, 116.42467751528004, 92.55214410384147, 45.536526202177726, 0.452322351618, -0.482348279583, -0.750163067212, 0.83608571627, 0.522106381864, 0.168420904478, -0.31042739131, 0.703381164945, -0.639444893267,  
1251, 3200234.7105519944, 91.41786491435869, 115.89778961117116, 94.2630034525026, 69.93213632327087, -0.437190201388, -0.724141827676, 0.533369797815, -0.878112372746, 0.471865969802, -0.0791275386498, 0.194379496452, 0.502952403268, 0.842173076871,  
1259, 1125287.1237894758, 64.52453944560045, 127.28015030734575, 64.47490375346324, 32.73583010688984, -0.6270030876, -0.68401996288, -0.372805335962, -0.77892297701, 0.543051323305, 0.313646705933, 0.0120881771206, -0.487044095169, 0.873293722258,  
1307, 2302502.74454385, 81.9163354432065, 149.10279387516184, 117.00042830608972, 31.50926801982161, -0.859147855528, -0.243839170717, -0.449897122868, -0.509907781441, 0.333853992797, 0.792802349845, 0.0431163167115, -0.910540482525, 0.41116543254,  
1327, 264958.23691744474, 39.84400066221839, 119.35353335410612, 45.21554137074513, 11.721030618431692, -0.952726545675, -0.132248405472, -0.27353699643, -0.283458813593, 0.062790272046, 0.956926581684, 0.109376552161, -0.989225829114, 0.097308935103,  
1338, 388711.54667576036, 45.273730094354946, 132.62319340816637, 38.512373052168094, 18.168499926597775, -0.00809976697388, -0.0328379778024, 0.999427866826, 0.0561593765349, 0.997868279035, 0.0332418730384, -0.998388961378, 0.0563964973179, -0.00623834017075,  
1398, 616582.4403953196, 52.80003142441365, 138.88261959283008, 66.46123854220905, 15.94726507612948, 0.352152658613, -0.729944234163, 0.585807067253, -0.363479141875, 0.470113244187, 0.804286299188, -0.862479807563, -0.496160208654, -0.0997678750608,  
1405, 1727052.3965913558, 74.42844886794728, 123.43955943424537, 94.02163656345328, 35.52505304143586, -0.00977267403342, -0.457721795003, 0.889041761236, 0.911626626494, -0.369423188346, -0.180176029979, 0.410903137867, 0.808713339998, 0.420881628252,  
1425, 1221189.140242889, 66.30782380044845, 122.69612689140125, 66.21660595438703, 35.883645211312135, 0.852868360565, -0.430856034341, 0.294921408547, 0.243398166633, 0.827799155379, 0.505475905296, -0.461923036909, -0.359321076513, 0.810873277366,  
1437, 1309845.2047799928, 67.87509572286373, 130.63240857382078, 95.25049184676584, 25.131198700542754, -0.633522041084, -0.08514124944, 0.769025871544, 0.0434741031273, 0.988439817341, 0.145247133712, 0.772502314442, -0.125449970658, 0.622496971113,  
1444, 2560576.5641106176, 84.86912389737424, 114.14120630946991, 93.11061910077387, 57.518491097183194, -0.342321870195, -0.0428517205888, -0.938605064566, 0.912269135258, -0.254272764766, -0.321108059621, 0.224901671941, 0.966182742105, -0.12613543046,  
1446, 2566950.384341076, 84.93948465483795, 118.54246507050604, 99.34207152501878, 52.038132094529345, -0.293294578129, -0.0114261428876, 0.955953834502, -0.620251119564, 0.76319315303, -0.18117604656, -0.727507277709, -0.646069388245, -0.230927491767,  
1457, 821566.2290939637, 58.10114037954982, 119.61811915223784, 81.35969439603333, 20.153370625678267, 0.23303872998, 0.482151427854, 0.844525281414, -0.782109945935, -0.423175617222, 0.457412756117, 0.577924720703, -0.767106509949, 0.278479118775,  
1468, 1055470.123056527, 63.16150140354915, 93.28802216059171, 61.35037714130359, 44.02650519403642, -0.576922620096, -0.181312312906, 0.796420828212, 0.171935941239, 0.926246715057, 0.335417732025, -0.798497540718, 0.330443441507, -0.503198578528,  
1510, 1368036.7963510235, 68.86571430158399, 147.52610000695347, 58.1481085747572, 38.0719143951329, -0.589346528131, 0.198410214318, 0.783137316589, 0.790983935633, -0.0555056411176, 0.60931398915, -0.164362658015, -0.978546120864, 0.124227235306,  
1527, 4368192.787182046, 101.4077303519507, 130.58717465851896, 99.54745675224804, 80.21996963784031, -0.877040177777, -0.334879502065, 0.344465158851, -0.471582579911, 0.46323476888, -0.750348865012, -0.0917082160427, 0.820529870265, 0.564198843594,  
1534, 3867183.514617369, 97.37229155773296, 121.80184427278425, 89.87993039713344, 84.33145253507556, 0.528075421954, 0.611251366828, -0.589498189378, 0.738124301665, -0.673634151227, -0.0372766091893, 0.419891490769, 0.415438078241, 0.806909126933,  
1536, 1211332.8499974518, 66.12895023641403, 112.70386680179243, 76.80826723119948, 33.40627879955041, -0.945444114963, 0.125954560056, 0.300451117959, -0.0635030704433, -0.975799202616, 0.20924453689, 0.319535264918, 0.178749447482, 0.930562114799,  
1563, 383844.8159453307, 45.08399124327911, 80.64529939723968, 39.89708990145569, 28.480446415285865, -0.680286182695, 0.61888375118, 0.392674944655, 0.709479347176, 0.690509612024, 0.140838672363, 0.183983057823, -0.374405366184, 0.908829387843,  
1576, 1653182.347056175, 73.35179004178582, 110.58069136460949, 71.93283844545427, 49.616445825685325, -0.32715946227, -0.0380979042411, 0.944200845128, 0.2052168655, -0.978205080222, 0.0316363579267, 0.922416784519, 0.204116071687, 0.327847380525,  
1579, 3964329.75230571, 98.18091024862385, 133.54707661552493, 94.86247585979116, 74.7054561028504, 0.681604223521, -0.49408894336, 0.539714552822, 0.400982468049, 0.869199015391, 0.289320120215, -0.612069230395, 0.0192142575449, 0.790570723915,  
1580, 2552907.1257649427, 84.7843058316741, 144.1995535359628, 78.25424715279182, 54.010049193604765, -0.456807056168, -0.740823059515, 0.492451528504, -0.854004227334, 0.52017640039, -0.00965878739999, 0.249006211031, 0.424967889338, 0.870286274682,  
1585, 1336083.9752882575, 68.32532643746244, 108.591990226736, 72.49169049452067, 40.51903797713534, -0.771571783096, 0.246948489345, 0.586253722495, 0.622071611294, 0.100139175018, 0.776530138532, -0.133055980519, -0.963840541395, 0.2308842065,  
1586, 2077573.994128213, 79.156994654825, 107.10492556031821, 82.4027634351521, 56.19745795780557, 0.655706784957, -0.218294372483, -0.722769796757, 0.156238881469, -0.897339370289, 0.412760785984, -0.738673151048, -0.383574792539, -0.55428544492,  
1594, 550118.1851186969, 50.83027555832998, 128.17227516370923, 36.19397874214327, 28.309811119198162, -0.623961513664, 0.154235194843, 0.766083242303, -0.331132408498, -0.940150902383, -0.0804214448462, 0.707830034337, -0.303854875591, 0.637690251667,  
1615, 1906610.614857927, 76.92328086157747, 97.95142516825216, 77.57728582261655, 59.900170291137634, 0.377789885746, -0.400726536342, 0.83468140347, -0.531973758514, -0.831783637284, -0.158555671608, 0.757811798853, -0.384127874305, -0.527415446969,  
1619, 606352.6278791564, 52.506397040676674, 83.86881198701377, 52.51857151041786, 32.86421466493801, -0.110985822698, 0.367794646693, 0.923260117748, 0.881340008993, -0.392881809759, 0.262456990971, 0.459262382205, 0.842835085544, -0.280547826344,  
1625, 1147224.686342087, 64.94114747934434, 116.96956236706536, 72.19733015832438, 32.4314130613781, 0.048429653209, -0.695595937058, -0.716799038112, 0.0746862154202, -0.71311018684, 0.697062286062, 0.996030390057, 0.0872934921525, -0.0174157489521,  
1626, 1100635.5528575343, 64.04987836737891, 100.83553682145889, 93.01818393879516, 28.013892457955976, -0.778875676171, -0.407796398282, 0.476502653317, 0.0605511774202, 0.707313485907, 0.704301915067, 0.624248537029, -0.577416427028, 0.526216717537,  
1633, 1793567.3888129226, 75.37194048326874, 104.22103632843152, 67.76709315405199, 60.62543183913514, -0.920202011543, 0.194967436052, 0.339434760788, 0.372648691217, 0.701789369349, 0.607144656571, 0.119838269704, -0.685185653635, 0.71844234923,  
1638, 381133.0490600419, 44.977571226326766, 96.10400689693988, 72.57353061658372, 13.045726012456969, 0.287900348245, -0.708409291885, 0.644414202707, -0.899862994894, 0.0301156533384, 0.435131747687, -0.327658327991, -0.705159076092, -0.628800999923,  
1659, 138038.42962650213, 32.06051297565812, 81.4604671740902, 40.87431589511755, 9.8972378468533, -0.965756445066, -0.0229924921368, 0.258429553495, -0.0730015188721, 0.97990498901, -0.185625943112, -0.24896840574, -0.198135200859, -0.948028045537,  
1677, 1482850.3048461776, 70.74073488931307, 139.503212571596, 67.02376558891132, 37.86131278859944, 0.720206602707, 0.213034545189, 0.660241419462, 0.566878298399, -0.729337650053, -0.383034707329, -0.39993930067, -0.650140657682, 0.646038451648,  
1690, 2505731.8935206085, 84.25881180012423, 144.3862868604382, 71.09091737730878, 58.2781725627731, 0.810351796233, 0.5588912574, 0.175984455972, 0.493389933241, -0.812856216749, 0.309566058651, -0.316063822856, 0.164028452697, 0.934450815499,  
1694, 507606.1056101633, 49.485664832005085, 129.909705311984, 73.82603568815182, 12.635344345080464, -0.0886399154219, -0.560877861483, -0.823139714686, -0.193070758526, 0.82039433026, -0.53821633669, 0.977172782877, 0.111216758524, -0.181008798204,  
1695, 1845059.4988059741, 76.08643843082152, 137.98076481252195, 89.34037623018529, 35.73184500610181, 0.42359902191, 0.737592991783, 0.525852115246, 0.78015333025, -0.592070225032, 0.202023835054, -0.460352745116, -0.324668179997, 0.826235997135,  
1699, 2913308.154967211, 88.59977216043748, 115.06867192172628, 90.85608703421451, 66.52527611189332, -0.994046396709, -0.0582752419809, 0.0920638765298, 0.0505682151212, 0.501691574929, 0.863567263891, -0.0965122624804, 0.8630814329, -0.495757827345,  
1703, 648329.0269363825, 53.69109801615414, 96.24120777709867, 71.68478177158744, 22.434625533991472, -0.949660116704, 0.304106931786, 0.0752637813407, 0.0584411086227, -0.0640600369336, 0.996233380534, 0.307782877309, 0.950481607243, 0.043062915917,  
1705, 1018965.8174574475, 62.42477734414438, 124.21905638741116, 55.375034902474845, 35.36460137540201, 0.595149978968, 0.184413250204, 0.782168943185, 0.715982541081, -0.563659801676, -0.411893953393, -0.364918488708, -0.805157985196, 0.467498786602,  
1711, 462288.71085315506, 47.966889810923334, 145.149737952761, 78.22811764113564, 9.71953621845802, -0.580372268929, -0.432026719064, -0.690304964109, -0.0301767764859, -0.835682974612, 0.54838246517, -0.813791983015, 0.33909715416, 0.471970050343,  
1713, 1626086.3179539272, 72.94882966149427, 122.90943886778484, 66.69095742938215, 47.359029939502655, 0.0230380964768, -0.398622270805, 0.916825791156, 0.264564249603, -0.881943650365, -0.390104031526, 0.964092839898, 0.251546581768, 0.0851428990462,  
1725, 1374496.6293844953, 68.97393815471149, 107.02979541315649, 73.20153104893132, 41.88226978207485, 0.00527489323611, -0.232274162361, 0.972636051666, -0.248357246706, -0.942478460073, -0.223725345697, 0.968654145457, -0.240381084526, -0.0626584446991,  
1750, 386998.2016769209, 45.207113628809765, 119.83860119462692, 91.76399292563879, 8.401393060936128, -0.111352019537, -0.799466818697, 0.590299528669, 0.623314390756, -0.518815097557, -0.58507270046, 0.774002518098, 0.302793164304, 0.556090281905,  
1755, 857916.0678422417, 58.94569113661261, 103.7131160407567, 72.51452093727868, 27.233128013861673, 0.830683646253, 0.123478579069, 0.542879102894, -0.18038825368, -0.862800953255, 0.472265384076, 0.526711266048, -0.490232144574, -0.694440556595,  
1756, 610655.8308561752, 52.63031463643576, 97.19657901777771, 82.27550546124931, 18.229987061123197, 0.248727466288, -0.587322260317, 0.770186477452, -0.0459164571712, 0.787132088542, 0.615072966524, 0.967484535522, 0.188349774951, -0.168813612605,  
1761, 1579892.079538122, 72.25140068342675, 111.97190123385539, 74.4917432608951, 45.21906960447078, -0.403093432012, 0.400222574088, 0.823005210348, 0.905037579191, 0.307712058347, 0.293632882013, 0.13573011943, -0.863212129397, 0.486253179261,  
1773, 781122.171230996, 57.13165240080446, 103.74353098201505, 86.72191970407353, 20.72719089455049, 0.0677928350276, 0.968013528107, 0.24156560376, -0.958446629041, -0.00405892037017, 0.28524302699, 0.277099604474, -0.250865172088, 0.927514137161,  
1780, 2083565.6768786046, 79.23301736021088, 142.25482193849365, 78.48369109536137, 44.55250925971172, 0.278601475046, 0.928785628874, 0.24441455296, 0.544875166562, -0.362426307776, 0.756146959457, 0.790880693257, -0.0774882380019, -0.607044728175,  
1791, 601192.7623851976, 52.357035054926776, 136.76733084122154, 53.77702925565798, 19.51398449954719, 0.419895969804, 0.907408943838, -0.0172157830193, 0.444716077463, -0.189178952479, 0.875464981815, 0.791147890719, -0.375260353063, -0.482974825876,  
1798, 2912556.8461777675, 88.59215521696859, 139.2334995765949, 88.69634202859099, 56.30362447098544, -0.953461653591, -0.029959496048, 0.30002217206, 0.147487590242, 0.821537606969, 0.550748010492, -0.262979630116, 0.569366655972, -0.778885951351,  
1799, 2258635.3985792873, 81.39277215338245, 141.3074674447109, 98.42493252749556, 38.769239541753215, -0.587895365613, 0.732627611295, -0.342980789928, 0.775478860752, 0.631092909397, 0.0188222271908, -0.230242427929, 0.254908852097, 0.939153822067,  
1816, 374957.59692272346, 44.733325248183206, 108.2698813305367, 66.33393187116812, 12.463790678682766, -0.00697662503578, -0.912094358441, 0.409920977755, 0.952092365749, -0.131390439728, -0.276146119708, 0.305731015412, 0.388356065549, 0.869314737346,  
1819, 863324.8723979007, 59.06930775070876, 113.25368224116778, 84.84784482213021, 21.44828130968318, -0.0565000161342, -0.881999142382, 0.467851751108, -0.771731397168, -0.258721359289, -0.580942259501, 0.633433815645, -0.393879132585, -0.666048669477,  
1838, 1612744.7763719694, 72.74877390550438, 101.08418279975409, 78.43091076029178, 48.56311901572661, -0.892450574506, -0.239551530511, 0.382291820857, -0.152929655805, 0.957845970684, 0.243194606887, -0.424434320526, 0.158575410053, -0.891464719934,  
1839, 1392798.1492735478, 69.27872035457042, 133.96390618369975, 63.088135527327616, 39.34269233298937, 0.341735534114, -0.657425662965, 0.671571531856, -0.849940671556, -0.521125348274, -0.0776480921901, -0.401020796915, 0.544260846526, 0.736859858712,  
1843, 4045307.6760136564, 98.84491138973326, 138.08445741934747, 102.37834673425742, 68.31405097253459, 0.336311171389, 0.767250892548, -0.546096020754, 0.694645263788, -0.593647278414, -0.40626452753, 0.635895237831, 0.242711715243, 0.732617410241,  
1876, 2490072.985409542, 84.08292719563562, 111.68761347519514, 102.87860827601061, 51.7360628745864, -0.366453598284, -0.929752433604, 0.0356675274316, 0.798755274901, -0.2946996345, 0.524539928169, -0.47718106744, 0.2207091698, 0.850638402168,  
1895, 1796626.483230128, 75.41476740682431, 120.15585885406021, 68.58716888067167, 52.04528118136401, -0.559449707413, 0.100801643667, 0.822712011283, 0.808295308158, 0.2861006793, 0.514592164838, 0.183506729263, -0.952882694742, 0.241536436955,  
1900, 2099799.8812720277, 79.43826785639031, 140.8827555150877, 83.05436332516187, 42.84192797723533, -0.722915138339, -0.673342226667, -0.154932077208, -0.683864549478, 0.729296099224, 0.0213653369843, -0.0986051759741, -0.121397880721, 0.987694068944,  
1917, 974826.5733698158, 61.510074073047015, 111.81340572689209, 85.51462126134525, 24.339099021919647, 0.262622260621, -0.718378277263, 0.644175596389, 0.867504379316, 0.468082347476, 0.168330234505, -0.42245200922, 0.5146178842, 0.746125145782,  
1922, 3458515.459683861, 93.81386687638155, 112.8479848828335, 103.9337147298739, 70.39646541182945, 0.415618870129, 0.852404987729, -0.317280147011, 0.420586492365, -0.489416735217, -0.763922942272, -0.806453939933, 0.184057046004, -0.561920854376,  
1943, 292528.7075354243, 41.18065920316165, 122.97530288137155, 97.9506376043169, 5.797686324924273, 0.516234707542, 0.522258129113, 0.678784334899, -0.220850200773, -0.684577904491, 0.694678545445, -0.827482275066, 0.508526832387, 0.238062061644,  
1954, 1101178.1834670727, 64.06040250329183, 121.70300235028218, 55.11852308756611, 39.18953631868816, -0.519987192894, 0.228451222843, -0.823057323646, 0.832514230289, 0.351162100718, -0.428491814841, -0.191137059704, 0.908017190256, 0.372788688947,  
1956, 1196925.9241302896, 65.8657368507115, 113.73361089500358, 75.64638554266647, 33.2125066696728, -0.566319244949, -0.00618954657651, 0.824162728054, 0.786829566829, -0.30170271548, 0.538400133949, -0.245319680346, -0.953381959649, -0.175730172281,  
1957, 792525.9791776121, 57.40833694543359, 132.47257354030702, 60.187439584856314, 23.72974417101781, 0.334926797059, -0.638448820223, 0.692969800617, -0.356414110953, 0.594958937854, 0.720411579433, -0.872234499504, -0.488269358268, -0.0282844772115,  
1962, 2636636.9784311615, 85.70126711641423, 107.23774756851198, 82.16588593727757, 71.43688413332104, 0.188132233962, 0.373515479193, 0.908345996494, 0.831923102775, 0.43097369983, -0.34952198947, 0.522025108221, -0.821430372495, 0.229656111457,  
1973, 1071467.8860901396, 63.479015584896196, 95.54827708550974, 87.91789503351784, 30.450218115970348, -0.56683180739, 0.555807098163, -0.608095528485, 0.383160290255, 0.83129767059, 0.402656646342, -0.729307818485, 0.00475946459373, 0.684169170157,  
1975, 2103607.9057705738, 79.48625976140461, 133.83461705739785, 86.11919559073094, 43.572026572646166, 0.627394050521, -0.475106827347, -0.616968563201, -0.552131216055, -0.830120653167, 0.077787026186, 0.549115493888, -0.291844485631, 0.783134069351,  
1976, 1040753.5675184319, 62.86657006143304, 107.32449367430848, 97.5705658283267, 23.72693426820754, -0.117883212117, -0.326880467299, 0.937684759607, 0.406294531676, -0.877491964094, -0.254818771838, 0.906106120623, 0.350937334932, 0.236251317709,  
1982, 2859425.675742987, 88.0501434284413, 129.90475040479015, 80.24964774945843, 65.48201510268336, 0.244551413887, 0.351252115023, -0.903779042498, 0.760811793244, -0.647359472578, -0.0457288587581, 0.601132282635, 0.676422696955, 0.425549425824,  
1983, 909582.1507976934, 60.10599257259906, 85.09999438940226, 61.05586898958959, 41.7923095296493, -0.973325205855, 0.227402883881, -0.0304297888759, 0.0952371915383, 0.521126869267, 0.848148963022, 0.208729300761, 0.822626716397, -0.528883129314,  
1984, 330918.2385881993, 42.90856904982598, 98.33341942298391, 80.91158084507241, 9.929337363977838, -0.112264893766, -0.627427333495, 0.770539768481, -0.470810015974, -0.649290850273, -0.597293328784, 0.87506258204, -0.42983291281, -0.222506504576,  
1993, 1432127.5164373724, 69.92476679502285, 109.72272766813775, 71.77169597990242, 43.4153469117822, 0.577560032789, -0.812562001448, -0.0785328105185, -0.403299020282, -0.367648382683, 0.837964538003, -0.709770602916, -0.452302620503, -0.540044471059,  
2007, 196860.51240524615, 36.08748923152892, 76.99511502830752, 47.090839956618524, 12.961951519060957, 0.177654056748, 0.836702985412, 0.518041649218, 0.390375322174, -0.543143284895, 0.743372369617, 0.903352724, 0.0701675585757, -0.423119805451,  
2012, 1066919.2633932724, 63.389060594813714, 150.49359949312375, 52.17916123456146, 32.43603973405183, 0.166402757406, 0.925037454855, -0.341490599348, 0.379617585543, 0.259527535397, 0.887995465708, 0.910055279131, -0.277400730868, -0.307974387636,  
2015, 1708831.6493632093, 74.16577795403047, 119.5882471228225, 76.10417155393709, 44.82431967782652, -0.472239421989, -0.0516037646508, -0.879958510268, 0.855291727273, -0.268310155369, -0.443267099821, 0.213227553512, 0.961949433182, -0.170842905688,  
2027, 844895.4387579383, 58.64596255505373, 93.72614103675203, 63.90169016231213, 33.67761088924331, 0.693198220513, 0.524784971124, -0.494041456924, -0.160194968355, 0.780493805514, 0.604290486164, 0.702718862128, -0.339750134124, 0.625104828946,  
2034, 2057659.7061700094, 78.90326621547821, 106.86551042029103, 91.18604963055813, 50.41026469678007, -0.538294532388, -0.201840412581, -0.818229456968, -0.421561134863, 0.90518806815, 0.0540441565003, -0.729743246611, -0.374025412409, 0.572345861257,  
2037, 1049818.5900417971, 63.04856647543802, 126.37874952420928, 51.02666698933284, 38.86461717759039, -0.689021399386, 0.723043566661, -0.0495732982285, 0.715747600376, 0.689619848766, 0.110135538064, -0.113819522685, -0.040403773309, 0.992679531046,  
2040, 2026116.9105727659, 78.49800703012814, 111.20523981578195, 104.64475103363618, 41.56551750087778, -0.281964408516, -0.140680584787, 0.949054816854, 0.830277292715, -0.531460796071, 0.167895918478, 0.480765732485, 0.835319337322, 0.266656924089,  
2060, 1669692.1833248576, 73.59516244412846, 103.04789170987331, 64.93032834227736, 59.574594483869056, -0.219095335312, 0.394222408001, -0.892516625657, 0.945523501415, 0.311535723024, -0.0945029182135, -0.240795644304, 0.864600593517, 0.441002575247,  
2066, 2032867.8016795763, 78.585093814375, 101.90386068694838, 84.38680445698564, 56.43588614653153, 0.791894444618, 0.211247845762, 0.572955090949, -0.274971971628, -0.714401837659, 0.643444192738, -0.545246369454, 0.667086472664, 0.507643609816,  
2068, 3174650.971982833, 91.17360460151355, 125.51694302057503, 87.1093642938183, 69.31706695000342, -0.546968512064, 0.802325117396, 0.238955754914, 0.830240635676, 0.55648990631, 0.0319291566899, 0.107358901275, -0.215855021185, 0.970505371519,  
2069, 2273030.3753027446, 81.56531981179883, 130.64870720404045, 102.40123755381863, 40.560780944204254, 0.93559782383, -0.308185727022, -0.172273821877, 0.155262528036, -0.0790922043709, 0.984701970444, 0.317096608989, 0.948032689767, 0.0261487992093,  
2072, 238954.68965001462, 38.4954129688114, 138.51656210459805, 57.86583567840508, 7.117099138709589, 0.407497658653, -0.882747661582, 0.233885066143, -0.815576176563, -0.236574341066, 0.52807961651, 0.410829841195, 0.40594229531, 0.816351452784,  
2075, 1593436.3138243146, 72.45728113723924, 125.28886339855315, 73.3865735593423, 41.37300072618351, 0.0760542358838, 0.0589035555729, 0.995362308079, -0.558621004882, -0.824364141602, 0.0914676715836, 0.825928765759, -0.562986796631, -0.0297916214743,  
