# Void_ID, Void_Volume, r = (a*b*c)**(1/3.0), a, b, c, vector_a, vector_b, vector_c 

6, 2014385.4556532255, 78.34620944950885, 133.2517850030011, 85.95440989139631, 41.98679931079376, 0.291367446048, 0.925646607908, 0.241419486892, -0.545614636504, -0.046489000032, 0.836745744721, 0.785754210817, -0.375522476216, 0.491500956296,  
11, 947012.8058801707, 60.919418262903335, 115.68781038011879, 59.23567819060857, 32.99106049275725, -0.0656772001086, -0.629925316858, 0.773873762682, -0.984985654069, -0.0831610843203, -0.151286137278, -0.159655149193, 0.772190604214, 0.615005613064,  
18, 1732817.1543480451, 74.51116889639518, 115.52725896121223, 78.1118863944997, 45.84189203929807, 0.23898244548, 0.731390159387, -0.638714197043, 0.907819057852, 0.0651470589614, 0.414270948668, -0.34460404663, 0.678840405, 0.64840092195,  
19, 1141258.1761606047, 64.82836931303073, 107.28882277863079, 87.13858462447917, 29.142735259594165, -0.812731556498, -0.207017135788, -0.544620347179, -0.582516575566, 0.307819396326, 0.752277647173, -0.0119103426604, -0.928650162729, 0.370765450119,  
21, 3879081.6162296976, 97.47205057547379, 142.12801710563286, 85.44520197124581, 76.25580854295423, -0.417100214383, -0.264421593986, 0.869545071745, -0.343149023363, 0.931745959347, 0.118735904447, -0.841591444186, -0.248858770939, -0.479367451127,  
24, 3270811.5150456945, 92.0850163567308, 119.26063297587591, 91.17685918934154, 71.81004037629789, -0.97246322628, 0.00368696425679, 0.233027208344, 0.153503618335, -0.742218373548, 0.652340804432, 0.175362232798, 0.670147962963, 0.72121411179,  
31, 478177.2537779853, 48.51024128070847, 140.81907137920595, 43.70792185059431, 18.547213457247636, -0.416500939907, -0.876806178081, -0.240287105638, -0.862444595084, 0.297448285649, 0.40952879969, 0.287604394035, -0.377803445516, 0.880084239768,  
38, 1406952.8524542742, 69.5126179493928, 124.13994086642782, 85.9193353999881, 31.491147912707596, -0.0451727269918, -0.605084876221, 0.794878429261, 0.698556591866, -0.587938172888, -0.407857074013, 0.714127518513, 0.536843550236, 0.449244799494,  
39, 183136.9676835118, 35.2286339690885, 116.53696216225342, 72.75085584971012, 5.156863192183202, -0.232905026339, 0.896856134322, -0.376037661725, 0.0939771582773, 0.405617742391, 0.909198845566, 0.967948109367, 0.17641803022, -0.178754401862,  
61, 1803035.3938643227, 75.50433396197485, 111.43919605271063, 81.96953501019436, 47.12216123892927, 0.80948989715, -0.0928971092298, 0.579738073192, 0.518261430321, 0.577077060288, -0.63117917926, 0.275918821855, -0.811389051927, -0.515283038882,  
81, 181790.95997662126, 35.14211464603986, 75.112200967352, 70.50104143675117, 8.195541490284128, 0.412197868935, -0.830152424715, 0.375419590039, -0.0645011870045, 0.384430415917, 0.920897851118, 0.908808293162, 0.40380714092, -0.104915581406,  
90, 1170157.350503195, 65.37101355152939, 135.07766455146898, 106.52232374013192, 19.414735610157322, -0.60652593948, 0.568788883779, -0.555522718191, 0.784072184002, 0.312129451147, -0.536475550236, 0.131746328265, 0.76095624803, 0.635286150937,  
97, 884937.2564375584, 59.558162464314904, 117.22407084124181, 68.66792658451384, 26.245396430046238, 0.832849433841, -0.494057262995, 0.249538056079, -0.297862227917, -0.0200701435964, 0.954397863847, -0.466518931803, -0.869197681898, -0.163876404806,  
103, 727728.8634611486, 55.7990746770556, 95.74236488507528, 90.5704774310787, 20.03503859868564, -0.523975539342, -0.851238308273, -0.0290340610296, 0.521568908752, -0.347625481964, 0.779180593773, -0.673361349941, 0.393128308339, 0.626126684935,  
106, 3599496.953356497, 95.07165781563359, 133.20851768830082, 88.38125422114145, 72.98961032303487, 0.247841709493, -0.908528563992, 0.336378262445, 0.432083621147, 0.414425796055, 0.800971287812, -0.867109123105, -0.0531705555138, 0.495272309598,  
124, 1470716.5469164974, 70.54725550965478, 126.82126549688134, 64.98305373365221, 42.603783656125785, -0.180098651897, 0.0797280126048, -0.98041211722, -0.275485913528, 0.952734080165, 0.128083113407, 0.944283848762, 0.293157323802, -0.149622179067,  
132, 1945131.1200796242, 77.4378745458534, 110.59479475883953, 86.29302725727788, 48.657510055662236, 0.627963267924, 0.055066037245, -0.776292384145, 0.377300456196, -0.893968455648, 0.241794884274, -0.680666217682, -0.444733776375, -0.582155793803,  
135, 342722.5458332365, 43.412822440601545, 131.37329744407995, 68.76961369738581, 9.056291238093037, -0.386912839799, -0.899681372805, -0.202167954498, -0.921492394047, 0.369180256775, 0.120655317835, 0.0339149246329, -0.23297932405, 0.971890123652,  
141, 295428.1109952494, 41.316266438004476, 109.13207793904665, 53.04632859351534, 12.183033897108071, 0.628852064734, -0.57597942989, 0.522295679691, 0.410548803482, 0.81643951324, 0.406049505823, -0.660298993365, -0.0409172037604, 0.749887339403,  
142, 1849012.7285364422, 76.14074067302532, 141.39870216669732, 65.54391631620264, 47.62922126513132, 0.713207143251, 0.0752624431632, 0.696901094464, 0.700952671968, -0.0752157892372, -0.709230524378, 0.000960456190254, -0.99432296046, 0.106399848803,  
151, 660107.2224783628, 54.01428418896433, 106.33911737365612, 60.09341906511901, 24.660728942439942, 0.815136724514, 0.0194873171253, -0.578940726516, 0.219846257811, -0.935065656452, 0.278064454848, -0.535928860274, -0.353938501148, -0.766490570151,  
153, 1635896.5099416699, 73.09523592594907, 120.56778327683112, 102.13930543830317, 31.713417146260966, 0.233068195035, -0.881822178949, 0.409962024066, -0.904514632829, -0.351392387497, -0.241612642484, 0.357116921277, -0.314504427191, -0.879519453915,  
170, 1623446.971887964, 72.90933986128495, 133.03029133028946, 65.6114079292921, 44.40374487934996, -0.0348948357188, -0.087361974069, 0.995565284613, 0.767454254101, -0.640433851638, -0.0292993095199, 0.640153355301, 0.763028418319, 0.0893941526876,  
173, 1294327.2295439253, 67.60598729987208, 118.78165136837497, 82.92282927551503, 31.371263326201348, 0.142741889033, -0.730468014168, 0.667863184637, -0.484846062798, -0.639872488921, -0.596227719341, 0.862872556351, -0.238704164606, -0.445501148478,  
182, 3711148.8506611, 96.04466693832009, 107.59023639635338, 99.07215646131407, 83.11803865814012, -0.213814791253, 0.976848344611, 0.00710961822853, 0.976764896149, 0.213894079874, -0.0134037400082, 0.0146141264879, -0.00407850763879, 0.999884889916,  
192, 1261137.7145671926, 67.02311905728573, 120.54400082779874, 52.7590265528465, 47.34035702156575, -0.561955359027, 0.749217282708, 0.350541920108, 0.154748672442, -0.321078893455, 0.934323922714, 0.812563242362, 0.579294232208, 0.0644916249778,  
194, 753547.5768344593, 56.45130976974843, 142.31333142087843, 79.17217396775133, 15.96628631013775, -0.934772921166, -0.34188908978, 0.0964957830373, -0.29323679105, 0.895924735265, 0.333663083238, 0.200528726693, -0.283603101236, 0.93774064151,  
219, 914082.5045702328, 60.20495865144089, 115.5934025020642, 45.40741737238158, 41.575448088932646, -0.138437067432, 0.386632469882, -0.911784246186, 0.105239834542, 0.921179246217, 0.374637656361, 0.984763807005, -0.0440922847108, -0.168214490584,  
230, 3691058.6679711123, 95.87104170317937, 128.29446830460404, 86.97284232776674, 78.97156494836909, -0.829018288264, -0.353350977666, 0.433441765761, -0.550223420432, 0.376915716864, -0.745109877796, -0.0999142899269, 0.856199526374, 0.506892005959,  
244, 1625852.6449343576, 72.94533517912778, 96.04273662610257, 73.20080068604318, 55.20929669957909, 0.271742088185, 0.683357828303, -0.677626974083, -0.65365152081, 0.647845871936, 0.391197412514, 0.706325652126, 0.336627100383, 0.62272487379,  
266, 2782951.7971879677, 87.25808782045328, 123.99972581121266, 88.61612435943981, 60.46215158521453, -0.249294756235, 0.364994478765, -0.897012349405, 0.9675544906, 0.133197433849, -0.214701540135, -0.0411148663399, 0.921432294901, 0.386357468776,  
276, 163240.7053739896, 33.903662631075896, 64.41402888578848, 36.58349138594508, 16.53766686426538, -0.0888486023864, 0.796228260553, -0.598436699201, 0.0707507830975, 0.604340212818, 0.793578750889, 0.993529190585, 0.0281684977972, -0.110028556233,  
282, 302414.70929042425, 41.63942918053552, 122.35952555648485, 28.679190622900343, 20.573568500221917, -0.120716380586, -0.948879692573, -0.291641705659, -0.121036817055, -0.277528956853, 0.953062310148, -0.985280490203, 0.150349616328, -0.0813470865784,  
302, 803960.1295955852, 57.683105567974934, 109.25799928312648, 57.0193733229478, 30.808476228758675, 0.490663432728, -0.843027585326, 0.220349463721, -0.805904289794, -0.342907197605, 0.482631256264, 0.331312045473, 0.414390087007, 0.847651570113,  
318, 1419459.4814474354, 69.71798024058653, 101.90768181125114, 83.32609932558206, 39.90675514481019, -0.234918102658, -0.91871798338, 0.317444092807, -0.770119918888, -0.0233440134357, -0.637471856295, 0.593067277444, -0.394223697983, -0.702039087497,  
322, 3679401.374871759, 95.77000696373591, 98.17755326283225, 95.03584901802944, 94.14318639890875, -0.98458723164, -0.0850575368963, 0.152817534034, -0.149112345905, 0.864874859753, -0.479329724998, 0.0913974375461, 0.494728907973, 0.864227872743,  
323, 3163835.489747277, 91.06994927665573, 101.7398158857487, 98.19300278754775, 75.60557062411584, 0.677413273665, 0.614554641709, 0.404269525213, 0.479729590969, -0.785707030012, 0.390543189081, -0.557647537618, 0.0706190862512, 0.827068418238,  
324, 3692658.185693554, 95.88488825312578, 100.50469567893344, 95.5036036082967, 91.84264602666454, 0.627497591851, 0.0410374133992, -0.777536303283, -0.598151692176, 0.664701041725, -0.447646152979, -0.498458950534, -0.745981538533, -0.441644901251,  
325, 701911.5077086542, 55.13125994735009, 102.04910743536242, 86.3325981829549, 19.01996579517393, 0.806914782187, 0.346492701298, -0.478363190719, -0.259706733852, 0.935507735094, 0.239536406358, -0.5305100816, 0.0690513253062, -0.844861508056,  
326, 3666460.3226859556, 95.65759551479239, 97.4592442236869, 96.0997212100712, 93.45729640227226, 0.893127230766, -0.373435007137, 0.250738997982, -0.119330742323, 0.340752479485, 0.93254915241, 0.433686434652, 0.862805912804, -0.259773041768,  
327, 3172843.0805345876, 91.156294217813, 106.69393342600617, 93.97291786049969, 75.54705621357331, -0.917096197441, 0.0297445208417, 0.397554811464, -0.375377835947, -0.400264890534, -0.835990130136, -0.134261107243, 0.915916634245, -0.378246842943,  
328, 2943237.0489271027, 88.90213910219441, 99.49151266277563, 87.26136451795558, 80.9335515493033, -0.306194019901, -0.615109030642, 0.726557707687, -0.933751863657, 0.342654513712, -0.10341828344, 0.185344757934, 0.710090673545, 0.679277966705,  
329, 1439239.2193593201, 70.0403205854534, 92.27891350542852, 76.1863806170006, 48.872500666884726, 0.694405473323, -0.705918733486, -0.139569983639, -0.0415814525031, -0.232999667489, 0.971587431865, 0.718381529152, 0.668872107853, 0.191149370674,  
330, 3051928.6317110383, 89.98330108085791, 109.64158265788781, 85.67259474513385, 77.56549134686966, 0.432214774226, -0.860290858874, -0.27035167297, -0.362456125605, -0.440250399974, 0.821465241099, -0.82572146996, -0.257058793781, -0.502100418828,  
331, 3586114.6434307685, 94.95369148355434, 103.69241172956507, 101.93086073065652, 80.9996034714801, -0.0782236025629, 0.513383967827, 0.854586431896, -0.526319774954, -0.749283170986, 0.401948036652, 0.84668090949, -0.418343915044, 0.328815763386,  
332, 3082394.659577753, 90.28173115335598, 101.78940381530728, 88.80905878800152, 81.40288485210301, 0.542318148884, 0.239093595909, -0.805434837703, -0.344055154992, 0.937786290415, 0.0467217704506, 0.766496624725, 0.251775943859, 0.590839909265,  
333, 2704313.591996154, 86.4283351206248, 97.6544323247862, 90.7515262313866, 72.8488238219094, 0.709338744145, -0.33078145044, 0.622432468706, 0.0775948010586, 0.914326432602, 0.397474806112, 0.700583751527, 0.233646756215, -0.674234084281,  
334, 2037182.907479033, 78.64065790333429, 125.41959137256347, 70.28628042977351, 55.170316060580625, -0.7083876754, 0.0140241944821, 0.705684223509, 0.164500729963, 0.97555025652, 0.145743633978, -0.686386488199, 0.219328563969, -0.693374768682,  
335, 3022179.355606021, 89.68996924625101, 107.81417631572049, 91.12479750380953, 73.43771911553984, 0.205404020173, -0.509217728926, 0.835767008827, 0.944048764576, -0.122062396545, -0.306386522961, 0.258033173447, 0.8519378357, 0.45565426093,  
336, 3140764.795518842, 90.84804828591209, 109.2800150159948, 95.9100027457908, 71.53888312247493, -0.0180148090477, -0.850035569526, 0.526417132315, -0.924072399316, -0.186892340471, -0.333408838958, 0.381792702231, -0.492453839068, -0.78212757841,  
337, 355551.2223934335, 43.94787247076411, 110.1856565332094, 45.529694849765114, 16.919743054330606, -0.0379470605751, 0.403802543818, 0.91405881988, 0.73877367405, -0.60460626683, 0.297766218098, 0.672884447082, 0.686581945376, -0.275375658256,  
338, 3665147.260698036, 95.64617493121419, 108.04798569823603, 97.26091445594906, 83.26218353227118, -0.0711545603747, 0.997215265256, 0.0223325609644, 0.960732340152, 0.0624969840826, 0.270346994743, 0.268198432367, 0.0406920351165, -0.962503900851,  
339, 4793023.537700051, 104.59405107155172, 133.06793428244683, 99.29394098564433, 86.60137533060875, 0.494749151318, 0.592770961948, 0.635488681206, 0.814839672458, -0.570621281972, -0.102115918199, -0.302092014888, -0.568343152709, 0.765327691456,  
340, 2475436.539287885, 83.91785915472902, 123.9772935469597, 102.43091524089832, 46.53609991578293, -0.992848053586, 0.105277964261, -0.0562964717425, -0.0513944505748, 0.0487117380675, 0.997489737804, 0.107755987953, 0.993249070886, -0.0429526511962,  
341, 3369404.082651033, 93.00111659128358, 98.59049726342266, 95.31323513536292, 85.60048408448263, 0.345596737689, -0.0923673415681, -0.93382609147, 0.103549906489, -0.985312408448, 0.135782453298, 0.932652299501, 0.143623577344, 0.330956124382,  
342, 3665896.0569901317, 95.65268805053971, 110.64384340020845, 92.77104998731402, 85.26127291322278, -0.509088705094, 0.450455465739, 0.733429317475, 0.819858050806, 0.513201294805, 0.253884240431, 0.262033331609, -0.730557529834, 0.63057452274,  
343, 4025275.340935973, 98.68148155634093, 107.60293808958568, 97.85563800453417, 91.26347491181426, 0.44954944904, -0.317565793301, -0.83489955072, -0.783986628833, 0.307678121445, -0.539165224578, -0.428100757625, -0.896931513834, 0.110650805746,  
344, 3255776.230796135, 91.94370063256625, 106.25144756683024, 92.45449362968569, 79.12305712656588, 0.0713390582699, -0.972744867251, 0.220631280653, 0.984470127887, 0.033095397413, -0.172404356004, 0.160403572479, 0.229504069479, 0.959999258348,  
345, 3314860.898972984, 92.49655683703205, 100.11386125194586, 94.21501692940686, 83.9000765847757, -0.569483693943, -0.510563850128, 0.644214930963, -0.605754138245, 0.790434980838, 0.0909640866844, -0.555652990933, -0.338433296249, -0.759415997762,  
346, 3682462.4148917785, 95.7965578919748, 106.43747804880543, 99.89188688374453, 82.6846554757678, 0.00374053035657, -0.981300834456, 0.192443967765, 0.864828230358, -0.0934441301612, -0.493295374511, 0.502053921813, 0.168276162408, 0.848307133506,  
347, 2505357.3355553136, 84.25461324216423, 108.94256446848932, 87.30421408209479, 62.88517397966611, -0.207596496166, 0.767128793903, 0.606973729534, 0.963668088049, 0.266987498775, -0.0078416563102, 0.168069958218, -0.583293313062, 0.794683207374,  
348, 3191112.0074093086, 91.33091590047987, 98.31687120010996, 90.79221005627113, 85.34474826986252, 0.478192170115, -0.829248852968, -0.289272515619, -0.669961014991, -0.131454750661, -0.73066537274, -0.567877175834, -0.543199768391, 0.618425035705,  
349, 2193829.0640920084, 80.60674648405767, 106.90851990617314, 92.93431422250711, 52.7139743485693, 0.198222423256, -0.870098209123, -0.451261539906, 0.115687656314, -0.436409969827, 0.892279499043, 0.973305829169, 0.229075194458, -0.0141533808245,  
350, 3384250.676417243, 93.13751328697867, 107.70578554054858, 98.11160773131073, 76.45651354346015, 0.0292129795927, 0.288309270221, 0.95709161867, -0.187800108834, -0.938865968734, 0.288551229204, 0.981772744043, -0.18817135132, 0.0267174399403,  
351, 3541998.0368107148, 94.56270835664957, 105.67660047826945, 97.21114983090523, 82.31231056228042, 0.270005364799, -0.338941599799, 0.901230100976, -0.896990197519, 0.25169840171, 0.363395789921, -0.350008126385, -0.906513379108, -0.236067373778,  
352, 3274875.774295903, 92.12314170363415, 100.14370676991608, 92.9123579442919, 84.025107525378, 0.598147865343, -0.719186351075, 0.353539422998, -0.700784243268, -0.683409943879, -0.204578329728, -0.388742299696, 0.125386765789, 0.912774661892,  
353, 2658931.9221881954, 85.94214777538494, 102.13727274768222, 86.98750637865112, 71.44592612215482, 0.461744589351, 0.4407976352, -0.76973331681, 0.395951138408, 0.674096505165, 0.623551599884, 0.793734609424, -0.592698360489, 0.136726088495,  
354, 3313864.682213814, 92.48728989689056, 101.11808685610188, 96.1223003136756, 81.3941442714665, 0.0069440289216, -0.514793017264, 0.857286375629, -0.110067374756, -0.852491386829, -0.51102212124, 0.993899870951, -0.0908107083904, -0.0625816407987,  
355, 2740723.2238576915, 86.81448438291018, 113.32934027964066, 89.69910407768373, 64.36445624110353, 0.442725748697, -0.630488681093, 0.637556220623, 0.251786132903, 0.769844127175, 0.586467188453, -0.860579836342, -0.0991163097952, 0.499578124435,  
356, 3395717.8309834423, 93.24259004174043, 106.79369666223295, 91.40971858667956, 83.04337554153132, 0.48005729443, 0.178763161487, 0.85882985868, -0.48754903677, -0.759517278453, 0.430615188394, 0.72927424938, -0.62544163263, -0.277456002574,  
357, 2113479.324320271, 79.61039854631315, 97.55478629530931, 91.18117402564667, 56.72253511260677, -0.603974860168, 0.180765913563, -0.776233246375, -0.497155115819, 0.675781914628, 0.544201795914, -0.622937524234, -0.714592533095, 0.318286588698,  
358, 3385881.946734624, 93.15247554110985, 99.77457081909357, 95.27364837972627, 85.03359452160134, -0.570733443379, 0.235423786927, 0.786663191689, 0.657408172284, 0.705038319625, 0.265961393579, -0.492014056327, 0.668951873014, -0.557158469349,  
359, 3227088.47870019, 91.67285448593363, 99.90616373886257, 91.85235663181747, 83.9536683189603, 0.4341204574, -0.0897238060304, -0.896375516789, -0.0271436516564, -0.995878718433, 0.0865378549917, 0.90044580661, 0.0132369484104, 0.434766756497,  
360, 3368065.601744996, 92.98880019918032, 101.98313062477793, 89.01864873391105, 88.5691742029726, 0.612244922931, -0.743549614885, -0.26886822897, -0.623113814704, -0.244422761377, -0.742958065873, -0.486708668784, -0.622407811588, 0.612962631655,  
361, 3078754.0041350676, 90.24617285083053, 102.28353225067364, 89.18083924206746, 80.57663151874924, 0.00383942226664, 0.991056110123, -0.133390574719, -0.999261499875, 0.00890224116115, 0.0373792050467, -0.0382323646179, -0.133148551211, -0.990358394525,  
362, 2535334.093983223, 84.58931909759139, 105.91848729146948, 79.66234433658339, 71.73345268521874, -0.872309132663, -0.443384935598, -0.206122720625, -0.486636827882, 0.828260494196, 0.277793361159, -0.0475539149022, -0.342628592851, 0.938266631901,  
363, 1310332.7177625748, 67.8835155182762, 102.9096766489049, 88.15077098055525, 34.48344503616416, -0.375885331271, 0.89746969351, -0.230777743655, 0.926131047044, 0.372294482624, -0.0606473569781, -0.0314881157961, 0.236526885234, 0.971114581872,  
364, 3915491.0018256567, 97.77606167454141, 103.73035643275217, 98.7260388360232, 91.27672274065112, 0.500706639043, 0.0989105700653, 0.859947417432, -0.224505483831, -0.944616442787, 0.239368050804, -0.835996500799, 0.312916083232, 0.450769758864,  
365, 4036925.044100737, 98.77658914584998, 127.19373668881695, 98.9817522323372, 76.54929803543483, -0.769651106824, 0.618506734534, -0.158387477727, 0.592265395825, 0.598991119845, -0.538916820349, 0.238450990086, 0.508585349458, 0.827334314316,  
366, 3287638.625441162, 92.24266072669785, 96.84120527762727, 92.31256604304141, 87.7959445490207, -0.246899013988, 0.173007225515, 0.953472273751, -0.578321482508, -0.81580713466, -0.00172681987903, 0.777550731311, -0.551839849011, 0.301475772296,  
367, 3799758.610444891, 96.8030704789692, 107.91088762639357, 100.13195353002101, 83.9516902546431, -0.290728286437, -0.76444406695, 0.575414921574, -0.919296949931, 0.389908312958, 0.0535221947861, -0.265273785576, -0.513416766371, -0.816108474833,  
368, 3644042.0036932435, 95.4622328695758, 102.71711879951611, 98.1586332162664, 86.28264172166925, 0.346548129299, -0.936755604349, 0.0489216904806, -0.308650337016, -0.0646236877754, 0.948977738642, -0.885798715025, -0.343966156327, -0.311525151091,  
369, 3203297.180615156, 91.44701644470348, 119.9907624641812, 94.54032290607607, 67.41301139445125, 0.819980339926, -0.0619676799807, 0.569027458716, -0.440094814598, 0.567392965051, 0.695975414347, 0.365990158747, 0.821112190781, -0.437979421721,  
370, 2922077.0272057955, 88.6885763478266, 113.09984179944658, 93.58256748110276, 65.90920862813803, -0.235322703706, -0.528639985572, 0.815575251449, -0.962320246141, 0.00909858725281, -0.271766369474, -0.136245987051, 0.848797373562, 0.510862065187,  
371, 2885597.56489455, 88.31796450657906, 99.28329819728079, 85.77425935079874, 80.89356602788459, -0.389047030219, -0.536814252545, -0.748647357935, -0.896239118661, 0.0325971996687, 0.442371862528, 0.213067713322, -0.843070507632, 0.49379577631,  
372, 3436226.604575463, 93.61190047605672, 101.01964063557742, 95.44932932156173, 85.0774542790827, -0.0372623741411, -0.27497185845, 0.960729926948, -0.860260325774, -0.480375756234, -0.17085463038, 0.508491580434, -0.832844289098, -0.218647439372,  
373, 3007915.490789032, 89.54864258208677, 104.09430955976897, 97.65519377438041, 70.64064987437031, -0.597297730624, -0.71274708802, 0.367732252474, 0.120527959385, 0.373529883502, 0.919754552659, 0.792911364528, -0.593689325025, 0.137202599659,  
374, 3920356.491117579, 97.816544589373, 102.81695973289291, 96.5642727448229, 94.26613903703438, 0.48990532375, -0.34108578057, -0.802280040918, 0.432680056824, -0.703800241353, 0.563429843635, -0.756822794443, -0.623157853649, -0.197214470176,  
375, 3568430.167910013, 94.79735012694915, 101.56671802591032, 94.37347011708087, 88.87656261343972, -0.096159000311, 0.701117765592, 0.706531899797, -0.953729165027, -0.268051535242, 0.136194912649, 0.284875633279, -0.66074371221, 0.694452028824,  
376, 3086671.4700777233, 90.32346703913088, 100.2294324509684, 90.70790000182672, 81.05156682655604, -0.942190826233, 0.253805903693, 0.218767022682, 0.177451239215, -0.175868681094, 0.968287800559, 0.284231428002, 0.951132362114, 0.120663685818,  
377, 3116289.9012554754, 90.61145016390053, 107.02545179805799, 87.12636460815546, 79.78340732977834, 0.404623583393, 0.678023594513, 0.613647912932, 0.851015501207, -0.0335502576085, -0.524067740774, 0.334742247808, -0.734274053401, 0.590583814572,  
378, 3709884.673072015, 96.03376004581196, 103.47778684351083, 96.45374535975375, 88.73716958390477, -0.314818161055, -0.564804159942, 0.762814385275, 0.541469970507, 0.55320171422, 0.633070402423, -0.77955102239, 0.612343142606, 0.131666545463,  
379, 2859359.636044447, 88.04946557090933, 104.58195903926962, 92.29533111733181, 70.72023055686503, -0.626714096038, -0.286927943379, -0.724501067725, -0.0754860454952, -0.903015757589, 0.422923631972, 0.775584488475, -0.319741922264, -0.544273648438,  
380, 3049652.9946113555, 89.96093049941348, 105.0688328382159, 91.47289207290815, 75.75224329785449, 0.473784746057, 0.433794392252, 0.766387917216, -0.228425325829, -0.779940369489, 0.582679063089, -0.850499785375, 0.45112686164, 0.270434224505,  
381, 3544379.7403842974, 94.5838988331533, 101.97922694218778, 93.41291291703995, 88.82454790480392, -0.207621160982, 0.976716513078, 0.0540213531299, 0.795720314394, 0.136509889684, 0.590079851613, 0.568966286148, 0.16549895196, -0.805535512641,  
382, 3648112.6977460105, 95.49776602520296, 101.32102482284067, 95.79713817778217, 89.72790497850865, -0.752456669389, -0.627382425712, 0.200500006485, -0.078038701669, 0.387193047155, 0.91869010296, 0.654002233738, -0.675627734883, 0.340306100625,  
383, 3477495.899275485, 93.98517168117567, 110.50401891249453, 88.78094896957255, 84.62139125511531, -0.922112837254, 0.0400088216033, 0.384846995005, 0.380694766467, 0.271532552485, 0.883935273493, 0.0691332782038, -0.961597299879, 0.265614801375,  
384, 2444914.576379886, 83.57153134663213, 101.9793946786108, 85.0865476986521, 67.26695174560801, -0.735077294107, -0.504433298691, -0.452999358565, -0.0330297399857, -0.640719442149, 0.767064295042, -0.67717826897, 0.578813997433, 0.454317013121,  
385, 3770891.785728983, 96.55730893350173, 102.22250577136568, 96.21773480571666, 91.52796558239226, 0.539961682415, 0.0735106668145, 0.838473352819, 0.672217507173, 0.561829540181, -0.482152663406, 0.506522462062, -0.823980430377, -0.25395126655,  
386, 1904399.0916243356, 76.89352763729201, 105.29791236117227, 81.48105989193327, 52.989878754781145, 0.107826115985, -0.992375302139, -0.0597058490869, 0.224710497095, 0.0828295469721, -0.970898789083, 0.968441387595, 0.0912717144139, 0.231928335787,  
387, 3015862.7906572176, 89.62743957194623, 101.75671806595572, 86.80564311754489, 81.51019261359606, -0.62206456374, 0.388353863396, 0.679865395005, 0.113643330388, -0.814341547586, 0.569151155084, 0.774674687851, 0.431310932694, 0.462439193128,  
388, 1866966.2438852594, 76.38638406295689, 100.80875825974809, 68.20587254076152, 64.82280532790308, -0.974679953032, 0.17628030665, 0.137565412244, 0.190305003349, 0.976978333645, 0.0964227218445, 0.117401000246, -0.120160680236, 0.985788220698,  
389, 2582224.4863104783, 85.10762315606199, 101.60267826837855, 87.57778657659632, 69.27974250437951, 0.61488304699, 0.709958906303, -0.343332477178, 0.481315408299, 0.00702135898648, 0.87651935418, -0.624703382621, 0.704208102679, 0.337396846255,  
390, 3642642.4880220774, 95.45001036154564, 103.224263835798, 101.55005826123153, 82.9594699214627, 0.0984955755665, -0.633004861203, 0.767856410592, 0.994781257284, 0.0419862184853, -0.0929914383852, 0.0266246455277, 0.773008410789, 0.63383682845,  
391, 3577051.212635501, 94.87362969526852, 104.87569376783775, 96.06069205024042, 84.76488766716875, -0.501393196267, 0.562425964311, -0.657481480656, -0.257729867512, 0.628318963543, 0.734023566001, -0.825941994409, -0.537487036794, 0.170080884139,  
392, 2585416.1871146993, 85.1426738433169, 95.44681310393068, 90.201541032912, 71.69130151355454, -0.116138759936, -0.600404057029, 0.791218526542, -0.717710012831, -0.499938979799, -0.484719871637, 0.68658876041, -0.624160223646, -0.372853710317,  
393, 3357379.755379614, 92.89035429868566, 101.10152898390784, 97.15643899263604, 81.59856963277042, -0.370254594696, -0.3112351081, -0.875239534409, 0.0355492553518, -0.946258679079, 0.321451026926, 0.928249850822, -0.0879046059864, -0.361420800032,  
394, 3327099.0885762135, 92.61024689458401, 102.38647342530875, 89.70987399533401, 86.4757415416101, 0.682393002437, -0.492287769944, -0.540363342381, 0.405917065867, -0.359580941058, 0.840198120961, -0.607923618445, -0.792688020845, -0.0455475108499,  
395, 3519428.6886654487, 94.36143139309709, 97.86240756192085, 94.92975258884239, 90.44099168271514, 0.370564453802, 0.703607459218, -0.606315535766, 0.357317847719, 0.494556779627, 0.792298900307, -0.857324874992, 0.510245171518, 0.0681463400504,  
396, 3561062.0038051414, 94.73205869640422, 99.22256204346512, 93.38236101485305, 91.75202102035583, -0.947033992783, 0.313091365355, 0.0714171789872, -0.167015392545, -0.670148200702, 0.723192400229, 0.274285389999, 0.672960018156, 0.686944203554,  
397, 3418786.7554693352, 93.45326259056296, 109.72734493873668, 88.62048185642999, 83.93332456282957, 0.327719620034, 0.0393798638832, 0.943953959134, -0.358228011136, 0.929703274771, 0.0855833682362, -0.874226825648, -0.366198098304, 0.31878897427,  
398, 3136029.224018398, 90.80236579968377, 101.55592949780578, 92.89439813120762, 79.35909036058602, 0.547212319198, 0.834030237878, -0.0703721537476, -0.374390700072, 0.319100784673, 0.870635568376, -0.748592199678, 0.45007582864, -0.486869045079,  
399, 3179330.216941371, 91.21837741791046, 95.01543496251583, 92.11333366246387, 86.72221613622676, -0.64430285388, 0.764075229559, 0.0326017799665, 0.754592579947, 0.642081986027, -0.135354207575, 0.124353812854, 0.0626080409695, 0.990260754769,  
400, 2879552.946011288, 88.25625324124873, 110.73670003797072, 101.55227743743836, 61.13011519006555, 0.00924768135829, 0.574686778739, 0.818321200222, 0.154631284924, -0.809334223988, 0.566627990488, 0.987928968151, 0.121298063566, -0.096349020041,  
401, 3669635.3433390595, 95.68519954230706, 101.76432607608338, 99.20773083783249, 86.77472051912709, -0.275526065814, 0.479554726684, 0.833134233585, 0.278827078169, 0.86928988995, -0.408155053515, -0.91996785136, 0.119843027936, -0.373224866694,  
402, 4047825.438503722, 98.86541385966846, 104.96428670733933, 98.0527091784553, 93.89273928095334, -0.790256585822, 0.209850531211, -0.575723269562, 0.0801908399936, 0.966869075714, 0.242350200347, 0.607506343791, 0.14535110931, -0.780902745082,  
403, 3022843.2270144853, 89.69653605780181, 104.28689945565088, 86.07670053437516, 80.39178054458624, -0.847179461221, -0.48245935125, -0.222530750406, -0.524818182003, 0.694637980504, 0.491979625473, 0.0827818598724, -0.533583217908, 0.84168646968,  
404, 2788308.648251733, 87.31403908133477, 114.26473295558863, 87.0072869814319, 66.9552137062923, -0.924019088331, 0.329975048525, 0.193145519623, 0.34345875941, 0.938311763429, 0.040088841277, 0.16800239577, -0.103380375124, 0.980350801017,  
405, 3120802.39298079, 90.65516520451023, 102.85796956498673, 91.4980899597201, 79.16399192230294, -0.611758930314, 0.409178657542, 0.676996187134, 0.789147422497, 0.374913695937, 0.486503922044, 0.0547481209426, -0.831872915061, 0.552259084526,  
406, 3357090.2016667924, 92.88768381136155, 103.68439974237339, 89.71023577399983, 86.16263765120272, 0.247905143415, -0.920290825048, 0.30266786615, 0.610879199052, 0.390976343635, 0.688450508667, -0.751910662269, 0.014223081567, 0.659111568641,  
407, 3415285.3830538313, 93.421348106554, 99.43621189796448, 92.99419201548108, 88.17348240663664, -0.983432103755, 0.175211248386, -0.0465007069186, -0.0417250215721, 0.0308447111384, 0.998652905853, 0.176409523212, 0.984047571123, -0.023022986046,  
408, 3532269.59608385, 94.47605376010058, 100.57122649237029, 94.00875414070858, 89.19144297330773, 0.701959214673, 0.245702901678, -0.668493339565, 0.660860189921, -0.574662757752, 0.482728209483, 0.265550504262, 0.780636150175, 0.565765084401,  
409, 2965649.646040449, 89.12723043490867, 96.81655680847282, 86.34599889916443, 84.69141377160321, 0.420696962956, 0.892545183477, 0.162410470141, -0.457660499471, 0.0542288272224, 0.887471746887, 0.783301303832, -0.447685525508, 0.431296577387,  
410, 4138474.6597657185, 99.59798764110613, 124.87825834276649, 94.93249727585294, 83.33931998474176, 0.887928156329, 0.283156101578, -0.362499946672, 0.323518898283, -0.944647265659, 0.0545624956926, 0.326984879853, 0.16572315958, 0.930385255003,  
411, 3771741.9379117843, 96.56456470953691, 104.88624094641817, 96.22676952951727, 89.21521663630777, 0.719766422718, 0.344623968798, 0.602636388595, 0.567950456065, -0.791510924092, -0.225704976681, -0.399209939987, -0.504722475399, 0.765432326625,  
412, 3610725.315692398, 95.17041151749436, 101.31213968141283, 94.25457191571284, 90.26968536146207, 0.491048221914, 0.0606853123635, 0.869016073855, -0.67317846229, 0.659587760937, 0.334327300008, 0.55290360974, 0.749173730509, -0.364741442465,  
413, 3625027.455477583, 95.29590313742325, 99.57962762338919, 98.30778513126754, 88.4024459554822, 0.869824495782, -0.123191153558, 0.477733488697, -0.393908873819, -0.756441387013, 0.522141960717, -0.297054112351, 0.642355328225, 0.70649733661,  
414, 3567501.1421581786, 94.78912271608517, 103.09589616623636, 96.5410542805127, 85.57011116373555, 0.304334347398, -0.93853736628, -0.162874851007, -0.925649956655, -0.331738744818, 0.181993304634, -0.224839415447, 0.0953782851787, -0.969716566826,  
415, 3475748.7982974006, 93.96942959777168, 109.63772026131986, 100.18353177374661, 75.54460202546908, -0.63865056564, -0.190814681085, 0.745463085934, -0.13741108969, 0.981475860088, 0.133504039244, 0.757128554103, 0.0171724647832, 0.653040166464,  
416, 3354184.835885405, 92.86087978641517, 104.56192143585552, 91.45174783689434, 83.73997298222173, 0.0077520154442, 0.89440912478, 0.447182539649, 0.963804259992, -0.125863386498, 0.235031394414, 0.266498132597, 0.429174469708, -0.863011019555,  
417, 3883523.8074083948, 97.50924359773715, 118.7270615517397, 95.62988335615124, 81.65711222969408, 0.26165938859, 0.929390395926, 0.260322600484, 0.27164643829, -0.329731462269, 0.904148978517, 0.92614392884, -0.165863361685, -0.33874292365,  
418, 2799065.567271321, 87.42617693267012, 103.45290666881486, 86.88661909381082, 74.34108011362994, 0.683909957253, -0.524661923687, 0.506948751062, 0.341779454455, 0.844303970195, 0.412719772273, -0.644557192872, -0.108998494238, 0.756746558215,  
419, 1336150.245733644, 68.32645607577787, 111.65687390962162, 92.98917092186733, 30.7219548342777, -0.182240752206, -0.193613182472, 0.964003238484, 0.196728741204, 0.95341715625, 0.22867778325, 0.963372259627, -0.231321554856, 0.135662182053,  
420, 3063844.168556318, 90.10025521098227, 115.86363253368127, 90.66942021929793, 69.62578175248025, -0.000350455708895, -0.560289920965, 0.828296493803, -0.597700387972, 0.664178877781, 0.449021897603, -0.801719479244, -0.494915773414, -0.335118268417,  
421, 2526771.5302514834, 84.49398407996071, 106.15596875857791, 88.43032524192719, 64.25866894864365, -0.844095794199, -0.396196645667, 0.361290061001, 0.0530498823545, 0.608792185443, 0.791554031589, -0.533561617996, 0.687313824178, -0.492860737832,  
422, 3174837.1240753583, 91.17538661636684, 106.1275929114146, 92.95337191234273, 76.83151166233753, -0.411793103155, 0.904128088874, -0.113924708047, -0.372091559085, -0.0527036789788, 0.92669854531, -0.831849933493, -0.423998491897, -0.358121441716,  
423, 3077648.0641351272, 90.23536557777861, 110.93192966805776, 91.79093304116975, 72.15625662036328, 0.30282721172, -0.426360956398, 0.852356741453, -0.212346736413, 0.841683582716, 0.496465114707, 0.929088017023, 0.331338318711, -0.164348334879,  
424, 3478915.125783982, 93.99795560283302, 102.77980645223556, 91.78256845867881, 88.04145714130063, -0.0841548133889, 0.624366421073, -0.776585178599, 0.994666676639, 0.0992768834419, -0.0279696764056, -0.0596336295025, 0.774797181623, 0.629391100653,  
425, 3053430.6932750875, 89.99806095965862, 98.60246094129855, 89.54038805139068, 82.56438133711254, -0.236641054367, -0.770419087425, -0.591992771172, -0.782003485362, 0.512620551207, -0.354528869576, 0.576603468833, 0.379044324865, -0.723777479283,  
426, 3568887.122863009, 94.80139637583473, 103.06725467229364, 95.00994690102829, 87.00704506168972, -0.434945551018, -0.718129918085, 0.543241924377, -0.13315610896, 0.647958048781, 0.749946543206, 0.890557026976, -0.253849931595, 0.377449856183,  
427, 3397961.5005867495, 93.26312173448284, 97.28957512094019, 94.20633234388781, 88.50818639126791, 0.946422006851, -0.315973838192, 0.0666777213642, 0.0365834060133, 0.310051666915, 0.950015588423, 0.320853610472, 0.896676361583, -0.304999120041,  
428, 3567290.065846636, 94.78725323450611, 109.33449149140753, 91.49151336396493, 85.1357202200745, -0.950534107047, -0.0672737731338, -0.303247672355, -0.31049559938, 0.178133219296, 0.933734993962, 0.0087973920303, -0.981704026493, 0.19020991105,  
429, 3522048.070776537, 94.38483550903372, 103.91722224620018, 95.46401072486228, 84.75775874426047, -0.699543190585, 0.116183306374, 0.705082097224, 0.311656384569, -0.838304174478, 0.447343725798, -0.643047138601, -0.532679594478, -0.550220707683,  
430, 3475889.6557585397, 93.97069897570492, 101.70121294780556, 93.57917190538072, 87.19107684401848, 0.751090840751, -0.600565836033, -0.274195597213, 0.251532461921, -0.123683855548, 0.959913394258, -0.610404758779, -0.789951251956, 0.0581639922322,  
431, 3685083.383722848, 95.8192800290921, 115.11444964021294, 105.1012110095615, 72.71452112232268, 0.621507389253, 0.78339398904, 0.00473529730891, 0.501197147675, -0.402256972116, 0.766153214146, -0.602104629003, 0.473796566387, 0.642640513361,  
432, 3164447.0972781433, 91.07581720481643, 100.92692180198097, 94.11668647049484, 79.53084078906872, -0.481531355174, 0.0342826758624, 0.875758101373, 0.8036936961, 0.415832381249, 0.425628797843, -0.349576882578, 0.908794877208, -0.227789100544,  
433, 2263487.0473142746, 81.45100889975187, 118.4137463077224, 93.55307513929583, 48.778586974284444, 0.520539854747, 0.678493970222, -0.518347559069, 0.575003893427, -0.727342835099, -0.374623708238, -0.631196310321, -0.103045293942, -0.768747608278,  
434, 3526736.558327241, 94.42669807528989, 106.30114601261221, 92.8903545401079, 85.26599088155932, 0.76957643084, -0.111994768346, -0.628656733805, 0.565460857657, 0.576900666843, 0.589440106417, -0.296658280776, 0.80909998916, -0.507297813901,  
435, 3088012.0254976363, 90.33654111041147, 109.30027101702368, 99.54398265353306, 67.75699272736986, 0.427877879703, -0.156800364747, 0.890131544029, 0.0818232217928, 0.987512862279, 0.134622833165, 0.900125258193, -0.0152312983377, -0.435364820713,  
436, 3642174.0462837564, 95.44591858057993, 108.51519313799703, 102.71233206758264, 78.01155744639038, -0.480926109559, 0.866798415762, -0.131797509755, -0.566465775555, -0.42192631365, -0.707880435508, -0.669198477486, -0.265779405302, 0.693927017378,  
437, 3877131.9340418247, 97.45571755412276, 107.86121155344989, 94.67771094519922, 90.63771054293737, 0.897899934998, -0.161205698085, 0.409619859914, -0.28776579622, 0.48921502505, 0.823322236911, 0.333116425979, 0.85713556814, -0.392876653128,  
438, 3262087.25593278, 92.00307044605034, 100.38604064362332, 91.7051777154393, 84.59404306887605, -0.813587452799, -0.5457257862, -0.200646013977, -0.567380556237, 0.820576827433, 0.0687966182545, -0.127101381001, -0.169814712424, 0.977245210984,  
439, 4066637.3156253453, 99.01833302682618, 113.2135837454254, 102.23997832615828, 83.87403670004386, 0.197311342355, 0.291793858978, 0.935908423961, -0.774625304184, -0.538717803394, 0.331268420506, 0.600852621111, -0.790341364329, 0.119735773832,  
440, 3160331.094809745, 91.03631257466753, 100.78997534208813, 89.95229020279592, 83.2174513783861, 0.700383600332, 0.177633373771, 0.691309769141, -0.608339773667, 0.655161901186, 0.447979467174, 0.373343718525, 0.734308700586, -0.566926097548,  
441, 3789421.9183074175, 96.71521119066904, 117.14762829153719, 98.9794816360453, 78.01995184218364, -0.810781671303, 0.0971559144367, -0.577229425592, 0.152002631796, 0.98724588172, -0.0473367611313, 0.565268326909, -0.126120170144, -0.815208820657,  
442, 3602532.148644209, 95.09837265773143, 114.69729921449404, 93.70888788150984, 80.01755561213119, 0.1032238474, 0.222825468483, 0.969377969588, -0.680992908503, -0.694514681646, 0.232159461463, 0.724978272706, -0.684103915771, 0.0800520863552,  
443, 3388660.6574867647, 93.1779512283689, 102.55127379203763, 99.91008444623655, 78.95671769998263, -0.366992606083, -0.832313660032, 0.41541593422, -0.913727271935, 0.406271558601, 0.0067744515747, -0.174410147648, -0.377090694655, -0.909606348044,  
444, 3171233.171301552, 91.14087395865296, 108.77539641051392, 88.75051149137543, 78.42202040224687, 0.572153326563, -0.817462107959, 0.0663043961836, -0.733328399795, -0.473711616688, 0.487674853021, 0.36724655064, 0.32764768619, 0.870503856843,  
445, 3143449.109799691, 90.87392258593201, 102.45759786597999, 95.76263642963684, 76.48522716315289, -0.0304184409498, -0.417591213259, 0.908125705538, 0.770374918804, -0.588683967544, -0.244895224196, 0.636865137158, 0.692147935752, 0.339608645513,  
