# Void_ID, Void_Volume, r = (a*b*c)**(1/3.0), a, b, c, vector_a, vector_b, vector_c 

8, 1353000.0263801422, 68.6124717938928, 124.2598742613666, 82.18969402084986, 31.627212917870594, -0.234670450047, -0.96248424282, 0.136212562552, 0.0998945390416, 0.11550591358, 0.988270947159, -0.966928570756, 0.245524879086, 0.0690410950483,  
31, 1105142.790846562, 64.13719000209768, 113.68078083235231, 97.36194168395654, 23.83710510091756, 0.0796779767321, -0.887148162776, 0.454554240226, -0.306378258728, -0.455726132894, -0.83573085044, 0.948569334631, -0.0726761933624, -0.308114245558,  
48, 1533037.7003223386, 71.52997533174982, 109.46406770582385, 72.25227846055238, 46.274431951187495, 0.710923441025, -0.138954984868, 0.68940508642, -0.645793049244, 0.259155655566, 0.718184992698, 0.278458611915, 0.955787559224, -0.0945036670305,  
57, 2257220.070594739, 81.37576755868008, 126.46564628938219, 83.57240878032277, 50.98586671040936, -0.878357470739, -0.467343100279, -0.100392132249, 0.130890678744, -0.437150023965, 0.889813175203, -0.459734470987, 0.768433655672, 0.445144844985,  
61, 1725100.5716980724, 74.40039991008763, 151.1422216878124, 89.91923611378856, 30.30312373988033, 0.544737681002, 0.0699634680797, 0.835682937502, -0.576333047935, 0.755120849703, 0.312462350055, -0.609180660194, -0.651841710447, 0.451665039346,  
110, 632237.3700785663, 53.2431634248864, 82.32728766741498, 59.838878646581016, 30.638274238017466, 0.630267162255, 0.776365698238, -0.00442795468323, -0.5186430506, 0.425273805926, 0.741722034226, 0.577730638141, -0.465186513769, 0.670692788958,  
127, 957086.4581542452, 61.13466274284898, 121.41120072523319, 54.053476561947825, 34.81610441810484, 0.698516979919, 0.434824905099, 0.568332060217, 0.510544756942, 0.253677686155, -0.821578774498, 0.501416074656, -0.864045677874, 0.0447994042808,  
131, 2357888.1896048393, 82.56795580941866, 152.70856028435946, 89.1384678912433, 41.352907497904106, -0.450724710694, -0.716900821919, -0.531883865804, 0.247011885216, -0.67273778918, 0.697430280079, -0.857806717001, 0.182967424809, 0.480302568936,  
173, 1293554.945178614, 67.59253850231025, 110.59475009113812, 69.04780454009335, 40.440068772429164, 0.427719205689, 0.0352303848223, -0.903224834175, -0.65745231376, 0.697879606878, -0.284113550249, -0.620332762488, -0.715348079112, -0.321658809137,  
176, 2271344.8917876054, 81.54515422172484, 102.41446315578433, 80.87885390684976, 65.46334517530747, 0.876676463795, 0.338496237768, -0.341845981176, 0.189490498127, 0.410170290176, 0.892106318875, 0.442189697922, -0.846865178216, 0.295444818836,  
180, 2088649.2494480792, 79.2974037248304, 141.59417371921757, 113.35750036323067, 31.065708351764613, 0.131382826836, -0.117130713857, 0.984387600838, -0.984160861666, -0.134631756502, 0.115332946315, 0.119020801447, -0.983948517969, -0.132963765028,  
202, 1381181.79305119, 69.08558060672192, 114.99692620313166, 84.670430675263, 33.86446622306606, 0.0880705338164, -0.979668896185, -0.180256580799, 0.792775270183, 0.178501083108, -0.582790472053, 0.603117693373, -0.0915762915683, 0.792377959539,  
204, 711193.5655830904, 55.37321459990169, 91.39322860473875, 87.27320082534652, 21.286501285926118, 0.685036487913, 0.0565416748378, -0.726311261949, 0.664271716726, 0.360863407529, 0.6546149154, -0.299112180604, 0.930903131434, -0.209645565899,  
224, 960301.3960299436, 61.20303848228137, 126.30888845390467, 57.745149372430426, 31.431819985807596, 0.543774133812, 0.751870577681, 0.372827474597, 0.528057357747, -0.651818112067, 0.544323962095, 0.652276872444, -0.09911499987, -0.75147261991,  
231, 387820.9653136055, 45.239127939016775, 126.9405324802597, 36.83988839571705, 19.798124552610428, -0.911530155344, -0.0703652311071, -0.405168495999, 0.135374078138, -0.98168164748, -0.134070884119, -0.388312547914, -0.177058965465, 0.90435805292,  
241, 1491648.231103586, 70.88036349054187, 122.73355617977177, 78.79187384406114, 36.824177990285804, 0.213222586029, 0.124903935378, 0.968986654054, 0.781176856472, -0.617448303982, -0.0923055297501, 0.586769842204, 0.776631572135, -0.229225987713,  
259, 1526821.304799525, 71.43316079610163, 116.65714377840557, 58.31821949122403, 53.57769269409343, 0.20331836085, -0.487253094475, 0.849262071487, -0.652926078288, 0.578887320606, 0.488443452544, -0.729622628783, -0.653814875914, -0.200441830966,  
282, 703518.9434278373, 55.173312918616794, 126.47298918642288, 74.83782125113373, 17.744683931282513, 0.305513316152, -0.785850200233, 0.537681203361, -0.85703499775, -0.473003781891, -0.204348807065, -0.414912793591, 0.398380327215, 0.818010078546,  
284, 755847.084615171, 56.50867328224334, 111.65838031735855, 70.64025152736798, 22.877142228289433, -0.939035411046, 0.244554108094, 0.241672888459, 0.0430256087141, -0.613795413697, 0.788291815967, 0.341117712523, 0.750632052566, 0.565853539234,  
322, 1104817.4553844794, 64.13089574751596, 136.59474586882544, 47.888559114661106, 40.3214511105274, 0.110310909151, -0.177325390385, -0.977950514723, -0.863075419117, 0.470860983364, -0.182731374595, -0.49288165338, -0.864202314432, 0.101104082468,  
323, 3280515.9141060803, 92.17599759132281, 135.12394538807234, 117.02732204140207, 49.5260800291613, -0.209926849743, -0.67084004871, 0.711269531756, 0.897004354269, -0.421578771769, -0.132870341372, 0.388990881872, 0.610118814855, 0.690247148186,  
325, 1086013.349503416, 63.76497368680676, 96.81010442394594, 56.66142115166806, 47.2648629324966, 0.255290890235, -0.803120795584, -0.538352625204, -0.642238028554, -0.557074535229, 0.526496226842, -0.722742607048, 0.211340838222, -0.658010770472,  
357, 1256939.423330357, 66.94866369657834, 111.85278007491264, 77.4287703326825, 34.64787417489563, -0.818154423964, -0.57286532401, 0.0494839276434, -0.550820430132, 0.756150995936, -0.353316465925, -0.16498543056, 0.316324187965, 0.934194206689,  
363, 3840729.8546451326, 97.14975670580783, 133.02174121634957, 112.87319545344258, 61.067719697374116, -0.547206203997, -0.280797321188, 0.788491112646, 0.566466156982, 0.56927591344, 0.595853192801, -0.616182978751, 0.772708094167, -0.152449132196,  
372, 958449.8157004338, 61.163677487934905, 102.4975117929486, 62.793658438188196, 35.5509867836458, 0.171339315129, -0.961008895635, -0.217036267942, 0.583217320135, -0.0786116620545, 0.808503410063, -0.794040550971, -0.265107731121, 0.547007764401,  
396, 2276602.306441895, 81.6080224568654, 120.63961485055121, 107.54540257678664, 41.89061830361081, 0.307454354447, -0.779619806583, 0.545586635755, -0.937981175602, -0.151777567637, 0.311696782433, -0.160197172723, -0.607582527024, -0.777933376779,  
404, 2217257.199454642, 80.89266711837743, 105.95349350989922, 90.53359227344379, 55.18263450080806, -0.687811211188, -0.553875814191, -0.469187936991, -0.706728962099, 0.658496183854, 0.258683107259, -0.165680149368, -0.509513845056, 0.844361137074,  
423, 2532756.262712293, 84.5606403081744, 135.96245924368625, 81.51880142309535, 54.554174894020406, 0.75905188499, 0.64847867678, -0.0575816086488, 0.570052879222, -0.619313299712, 0.539898834682, -0.314451825854, 0.44263578997, 0.839758064358,  
445, 996343.6718708941, 61.959349922848844, 113.7482404809565, 78.01435895031793, 26.80410594170625, 0.896647376203, 0.369259717387, -0.244275958423, -0.28386763544, 0.902874739049, 0.322856579827, 0.33976852164, -0.220146466479, 0.914381148646,  
449, 806490.4062311369, 57.74355689184665, 100.97100321172783, 78.38144620527393, 24.3276776495485, -0.631095323109, -0.204546669481, 0.748250862448, 0.573489081141, -0.772561888082, 0.272503950239, -0.52233032361, -0.601089668093, -0.604865475912,  
530, 1496161.7593030564, 70.95178300603044, 127.56860556019713, 72.00174392588929, 38.886881553597476, -0.853352142325, -0.0158929268125, -0.521092636742, -0.072492102922, 0.993442309209, 0.0884153453127, 0.516270293745, 0.113224525392, -0.848908234526,  
533, 3054342.1869482147, 90.00701531407742, 123.20296815317379, 113.64909537235077, 52.076516710246274, 0.515684550428, 0.207351070801, 0.831309195118, -0.532957855511, 0.837336120695, 0.121754446438, -0.670839301695, -0.505839652871, 0.54231068299,  
572, 1238920.763459269, 66.62721200441452, 98.133452131521, 73.17762178529897, 41.18694258512132, -0.11348775593, -0.656390939991, -0.745836083299, -0.99320390675, 0.0554447625688, 0.102332193959, 0.0258172204303, -0.75238076278, 0.658222347636,  
577, 175809.1746246548, 34.75236049003534, 133.10258291327844, 68.47719775288103, 4.604902749701389, 0.311051598557, 0.741989520624, 0.593884209522, 0.725209251472, -0.589182148007, 0.356280701202, -0.614262520926, -0.319868641405, 0.721363713831,  
583, 1961851.2411826027, 77.65912413042003, 133.63326930289236, 61.907260473213654, 56.613666842574595, -0.629253827624, 0.775452525668, -0.0520864747977, 0.771608789389, 0.615298248319, -0.161331775401, 0.0930564160009, 0.14170901895, 0.985524762443,  
586, 1274508.8066534211, 67.25915556554723, 102.70558574826079, 76.3962026640081, 38.778266903346065, 0.510262622418, 0.847143036937, 0.148259000174, -0.577374006409, 0.209671011226, 0.789099058278, 0.637394158184, -0.488248647742, 0.59610564927,  
705, 280123.6267204597, 40.59012390598604, 101.73135357415664, 82.43288810408465, 7.974542780065944, -0.774595211624, -0.270629583387, 0.571630900779, -0.629890641622, 0.248761004873, -0.735768810192, -0.0569213292771, 0.9299879521, 0.363156125135,  
708, 17606.22128399065, 16.138351941508216, 162.15026584845123, 63.98712117932785, 0.40510472643978707, 0.339433064455, -0.791612767549, -0.508069307288, -0.739971276755, -0.558183446744, 0.375331519271, 0.580713099845, -0.248556766221, 0.775236628156,  
744, 1659487.660344053, 73.44492742892943, 125.56234304640924, 105.70441494386537, 29.84921265710919, 0.856312786793, 0.1875413727, -0.481203329894, 0.463789787194, 0.130678081989, 0.876254684542, -0.227216734571, 0.973525280829, -0.0249215392261,  
746, 189024.89342882897, 35.60219688156668, 133.2208808590724, 61.78778463213135, 5.482207476640239, 0.909863368883, 0.392372607756, -0.134879155716, 0.325023413069, -0.471980699647, 0.81950838929, -0.257892285501, 0.789479547451, 0.556968233597,  
770, 1649738.2432522483, 73.30081626992073, 100.3384089569142, 92.32879815945478, 42.51302813123679, -0.432694025758, 0.846788051267, 0.309395986245, -0.872969622866, -0.307822368958, -0.378377360215, -0.225166422068, -0.433814920675, 0.872413145805,  
778, 691937.7409743057, 54.86888522390205, 113.28800639425863, 50.801906832818105, 28.702152135059325, 0.238657683716, -0.599318676483, -0.764107082824, -0.736952848011, -0.624189432108, 0.259399407579, 0.632410475729, -0.501203229102, 0.590637209568,  
783, 4327978.521188249, 101.095578668772, 133.47585518491073, 109.41353875066162, 70.74939180465098, -0.66180733088, -0.641557769989, -0.387833320589, -0.732859814036, 0.662613525442, 0.154466206251, -0.157884609018, -0.386454322874, 0.908694396685,  
805, 1799055.1012554362, 75.448733138374, 123.6559705815546, 68.46821491352824, 50.72846953679854, -0.185591829032, 0.32706822047, 0.926597027922, 0.941531551124, 0.329045873958, 0.0724372215684, 0.281201015706, -0.885864093408, 0.369013274526,  
808, 1478831.5928812595, 70.67677162394159, 122.31796546088344, 79.2846878790548, 36.404120321466834, 0.236836984305, 0.675794512351, 0.698004312266, 0.720272211108, 0.360017524402, -0.592954740287, -0.652009344083, 0.643186721877, -0.401490542889,  
824, 1746807.5503575224, 74.71116072135032, 126.52792121630105, 62.25793920696937, 52.938951709131786, -0.106323402302, 0.415975913554, 0.903138623615, -0.308123822475, -0.877360743053, 0.367828542358, 0.945386187833, -0.239169742846, 0.22145606779,  
826, 2053529.1075660696, 78.85043337030883, 120.2126963585866, 71.59235318715575, 56.96331794931452, 0.123388225298, 0.231399681603, -0.965002348812, 0.795502200939, 0.558278977725, 0.235586144185, -0.593255083552, 0.796730048626, 0.115193903729,  
839, 951292.5663277528, 61.01104981108234, 146.0456493518748, 48.14585806582849, 32.29817166862436, 0.798088316167, -0.310064442043, 0.516638250015, -0.41418323342, 0.340432114425, 0.844131639391, -0.437615457624, -0.887674499605, 0.143271399797,  
865, 938773.9160570919, 60.74223974930956, 115.99580666855968, 84.40033699161592, 22.892115832681668, 0.674270146973, 0.41299257828, -0.612206582116, 0.31687537408, 0.58700671294, 0.744992024296, -0.667045550321, 0.696319071438, -0.264933924873,  
866, 2731719.519272015, 86.71931370197282, 140.20052831500686, 100.52810837559615, 46.2711545244188, 0.0144599693139, -0.983153817176, 0.182207247549, -0.451358568404, -0.169021976639, -0.876188914642, 0.892225505136, -0.069571137588, -0.446198952037,  
888, 932154.5685543428, 60.5991372334003, 99.48689534469173, 62.87431397973244, 35.57625140161344, 0.686162489364, -0.448508117483, 0.572731618423, -0.261515667151, 0.582594278154, 0.769541072911, -0.678815581748, -0.677808509547, 0.282462440621,  
912, 1624858.55999005, 72.93046531097869, 111.61622823959358, 73.8224775635818, 47.077240076354755, -0.995439908739, -0.0275050399179, -0.091339262468, -0.0117771740624, -0.914765075974, 0.403814504382, -0.0946609014334, 0.403048791782, 0.910269732103,  
913, 2400942.2772595445, 83.06748019105366, 126.41241389886702, 83.09878438497392, 54.56431588976997, 0.402196287719, -0.044866153217, 0.914453484023, 0.835858837626, 0.425564443982, -0.34674905563, 0.373601592217, -0.903815209163, -0.208662210231,  
928, 1411709.6013629776, 69.59086793780467, 135.98499214929578, 78.40143144461685, 31.61125852606933, 0.932103153758, -0.210463040805, 0.294769433982, -0.281769916407, 0.0899944873356, 0.955252169041, 0.227572900325, 0.973450718169, -0.024581992052,  
935, 2617198.0019127857, 85.490132512943, 113.15347131035779, 79.52139647503111, 69.43782211342314, 0.3623266366, 0.532644876112, -0.764858708757, -0.615486010901, 0.752979614461, 0.232806079367, 0.69992598094, 0.386407991839, 0.600660041162,  
945, 1342469.4902043792, 68.43400203589746, 124.2871522560914, 54.74376297154473, 47.1036901185054, 0.104069478752, -0.992585357061, -0.0628000998365, 0.417827125285, -0.013667389395, 0.908423742448, -0.902546418179, -0.120778770545, 0.413306728251,  
952, 857656.0727458199, 58.93973595457416, 131.2542644032244, 53.537951328611506, 29.1373054539215, -0.743311100091, -0.553959442106, 0.374990059847, -0.665697559444, 0.667728922494, -0.33314388095, 0.0658435101757, 0.497259512294, 0.865099768582,  
956, 503684.9474436563, 49.35791294246527, 109.03173558735196, 64.51267956678745, 17.095127990412507, 0.556790553004, 0.75213760569, 0.352524186676, 0.37790278385, -0.607297396956, 0.698841439533, 0.73971194802, -0.255888440061, -0.622372348518,  
963, 985617.6044865876, 61.73620758826189, 112.51553479038962, 65.43655905255801, 31.958537728062428, 0.315289532409, 0.947497359816, -0.0533035073455, 0.81348662523, -0.298767086264, -0.498976691576, 0.488704431455, -0.113960437467, 0.864974564579,  
965, 2458728.5076500885, 83.72863076132498, 128.82699910260845, 88.69742473661313, 51.369349513400245, 0.455021440929, -0.690440856045, -0.562358348918, -0.643635804955, -0.691426326809, 0.328119772607, 0.615376664227, -0.21265243685, 0.759006259675,  
1025, 3003177.418396013, 89.50159882621921, 124.11625630215305, 104.48011981645124, 55.2878944551166, -0.788836405823, -0.196649151466, -0.582293943018, 0.199761449155, -0.978025649876, 0.0596757204903, 0.581233591837, 0.0692455010251, -0.810785157923,  
1033, 1032200.4551738441, 62.693879617810694, 88.4958634492719, 65.07150163835507, 42.791906601811476, 0.449494800818, -0.0796504951267, 0.889724801646, -0.723761183276, 0.551309182864, 0.415003535493, 0.523568690451, 0.830490206755, -0.190162674739,  
1057, 852640.2211042322, 58.8246116524819, 110.22334373511913, 68.59211825767767, 26.923369381530268, 0.0191517051329, -0.499950006333, 0.865842481839, -0.299361468291, -0.829138784778, -0.472135136248, 0.953947547559, -0.25015768376, -0.165545189488,  
1061, 2033609.9153375675, 78.59465534385892, 109.6627309092374, 98.35102650001654, 45.013324312588416, -0.600442046981, -0.516346622927, -0.610618959097, -0.160272915103, -0.670390776311, 0.724492097763, 0.783442366037, -0.532881198795, -0.319774431545,  
1062, 872183.8319042604, 59.27066602816077, 110.72873557391536, 71.26266688435047, 26.387424921793315, -0.756105693616, 0.424383641222, 0.498199463212, 0.635771047935, 0.29573651825, 0.712976217262, -0.155239668542, -0.855826172092, 0.493418897565,  
1065, 465948.46233591234, 48.0931353614307, 95.60505610037526, 50.20441874188562, 23.17535896230461, -0.760066475462, -0.214991153248, -0.613251789156, -0.616861215507, 0.535523959912, 0.576798343586, -0.204404485473, -0.816696328133, 0.539653512852,  
1098, 760996.0464840456, 56.63669864905271, 135.91796579937767, 43.39066203222185, 30.804959966002237, -0.219067864419, 0.505622116827, 0.834479206304, 0.97511306088, 0.143356442518, 0.1691255418, 0.0341143559166, -0.850761544361, 0.524443519701,  
1099, 2049668.9192182107, 78.80099515463473, 126.80090444276941, 83.85524820497244, 46.019564690871654, 0.0892421877406, -0.951162712181, 0.295508590202, 0.501611857403, -0.213399273265, -0.838359287348, 0.860477411929, 0.223047629725, 0.458070276741,  
1102, 696816.3779689454, 54.99753779299511, 88.14003643519392, 75.79920296363127, 24.89957163968302, 0.680146852682, 0.555382627306, -0.478487613291, 0.376297296861, 0.29565711609, 0.878058775983, -0.629126857765, 0.777262508418, 0.00789872439748,  
1105, 2723622.5421466646, 86.63354852840689, 125.02477496514582, 84.18164094458966, 61.77956442439043, 0.34846675231, -0.847868011758, -0.399613259504, -0.746445163894, 0.00683604389364, -0.665411816699, -0.566913167808, -0.530163279699, 0.630504842983,  
1110, 667928.8628709139, 54.22678630394626, 108.42834417771894, 86.56808846970424, 16.987948979516457, 0.0405072039697, 0.975383325344, 0.21676377711, -0.898959799648, -0.0591214822778, 0.434022959013, 0.436154152845, -0.21244297817, 0.874435552789,  
1117, 703570.0860004717, 55.17464983442533, 106.23338351751079, 72.01411673866777, 21.955336841250496, 0.388363059135, -0.297558205432, -0.872142906111, 0.577622361401, 0.816028795139, -0.0211993658776, 0.71800177013, -0.495536194323, 0.488791712498,  
1149, 2326261.8448858773, 82.19713166118301, 115.91117780443896, 78.98038861247063, 60.663212198521045, 0.674293239597, 0.467849759878, -0.571353856394, 0.581720212188, -0.813125406563, 0.0207042974723, 0.45489583617, 0.346328854392, 0.820442626178,  
1152, 309878.2243494272, 41.97919921293657, 106.20466402452197, 52.10334633897789, 13.368825151206671, 0.209043875038, 0.524027346272, 0.825648834958, 0.496981701223, -0.784070963602, 0.371808973381, 0.842205347263, 0.332607974041, -0.424337234573,  
1157, 1059766.143943396, 63.24707963999098, 98.84769719527273, 54.09379876423536, 47.315931514650934, -0.97605274648, -0.167987490772, -0.138207232205, 0.0802978948929, -0.868695458385, 0.488794894263, -0.202171422722, 0.465991849206, 0.861381629888,  
1158, 212892.7982499944, 37.04168950405023, 139.7955472455605, 32.824374904605854, 11.075990083078048, -0.33949557711, -0.495106180537, 0.799757852801, -0.940056067918, 0.14948092072, -0.306512713459, -0.0322077986571, 0.855876932937, 0.516175680724,  
1164, 3024951.756660613, 89.71738660964306, 114.04878247853067, 89.80871753290818, 70.50512637152175, -0.540857772646, -0.0134704713567, -0.841006192706, -0.169013163652, 0.981218500193, 0.0929774456087, 0.823958385042, 0.192428691418, -0.532976339473,  
1180, 3617207.430878438, 95.22732868503212, 116.86707448555195, 104.16116647014277, 70.93928350030231, -0.566217398708, 0.526086308866, 0.634532152869, 0.118260805041, -0.710008471796, 0.694191869709, -0.815728042543, -0.468103797893, -0.339803759553,  
1184, 1610523.2198372383, 72.71535473471106, 131.85663818691697, 86.66223710673104, 33.64701074303597, -0.0293874632451, 0.967314111915, 0.251872558837, -0.715158292647, -0.196393156222, 0.670804252109, 0.698344466193, -0.160415513839, 0.697554205391,  
1191, 813088.8061727461, 57.900608015169844, 118.11470597063946, 45.44298085402983, 36.164177176428005, 0.735626984591, -0.376605441595, 0.563046428727, -0.494988581715, 0.268574044039, 0.826349978424, 0.462427554882, 0.88658689604, -0.0111549207546,  
1201, 348908.52443808375, 43.672460122777316, 78.98561355345976, 61.303814572099284, 17.202337968767047, -0.620470000343, -0.783575032228, -0.032049142619, -0.773429541356, 0.61817262944, -0.140247441223, -0.12970629604, 0.0622315762269, 0.989597649395,  
1203, 1106728.2644754683, 64.1678464429752, 108.59792586716362, 53.17391811075756, 45.75432988334964, -0.557756699269, -0.532044621697, -0.637052576279, 0.315092605846, -0.845799599748, 0.430510960148, -0.767869854964, 0.0393898158103, 0.639393719275,  
1207, 2561683.768563538, 84.88135472752955, 97.225326373113, 84.288978917724, 74.62540561746854, 0.523957225277, 0.422582568167, 0.739522007219, 0.27064860331, -0.90584714912, 0.325868494884, 0.807600247403, 0.0294094459866, -0.588996540636,  
1239, 1343036.855143809, 68.44364138218918, 125.9857327688647, 61.09653947122341, 41.65444406827798, -0.649791460362, 0.458333127034, -0.606384203871, 0.224416156899, 0.877872944433, 0.423056121519, 0.726228921597, 0.13881584238, -0.673291701524,  
1240, 2576848.95018491, 85.04852463608293, 120.21941624242157, 89.85134339461736, 56.950974914149946, 0.22828208765, 0.538932044433, -0.810826454885, 0.425921683964, 0.693613839843, 0.58093937748, 0.875487297216, -0.477966622957, -0.0712032285245,  
1251, 2400044.5084898737, 83.05712527230746, 115.8580349297648, 93.55699972656095, 52.8601318744841, 0.32683003352, -0.888073087955, 0.323277465405, -0.811425508212, -0.0883104239853, 0.577745544023, -0.484531499298, -0.451140177179, -0.749467655555,  
1273, 529606.783869967, 50.190514009184945, 85.23394623868927, 57.49690353990817, 25.799297303437577, 0.451174049339, -0.179058312524, 0.874288337975, -0.598849819501, -0.787098597328, 0.14783332428, 0.6616803389, -0.590265972931, -0.462347499521,  
1278, 1600252.4387392472, 72.56044922652235, 136.33937584008035, 72.56652114754647, 38.613776944950935, -0.328903516522, -0.891402996215, 0.311806310325, 0.276480306703, 0.22481631743, 0.93435339322, -0.902984560679, 0.393520421015, 0.172512496415,  
1280, 904617.8549137199, 59.99644468081946, 117.75876160282003, 94.58276035284912, 19.38971080758058, -0.40694783036, 0.254069748231, 0.877406420309, 0.912288428845, 0.0645909142563, 0.404422843558, -0.0460791271797, -0.965026723376, 0.258070023848,  
1294, 1083022.5539386955, 63.70638529288382, 96.98142703012348, 74.1565320276526, 35.95099459529744, -0.981642822792, 0.173377635251, -0.0794831054694, 0.0593085979411, 0.673554861236, 0.736753920326, 0.181272884543, 0.718515166506, -0.671473079751,  
1304, 1341165.934565721, 68.41184475551128, 103.40540923409898, 80.63886142321967, 38.39779270805405, 0.379460287238, 0.661113947414, 0.647254385033, 0.57837132439, 0.376536448751, -0.723675972992, -0.722147146732, 0.648959668467, -0.23948872034,  
1333, 2327830.8012314583, 82.21560689991445, 132.58027369957054, 91.11084415947117, 46.00593053371485, -0.409529036447, 0.408492716317, 0.815732596519, 0.906452602436, 0.0811475157381, 0.414437884641, -0.103100183528, -0.909147282571, 0.403511549712,  
1346, 1902251.3663410714, 76.86461067770946, 125.09695474160434, 75.3962303750448, 48.14851808366704, 0.0190937555533, 0.467307069663, 0.883888868095, 0.111850062488, -0.879499035203, 0.46257000616, 0.993541640808, 0.0900308265048, -0.0690612645302,  
1351, 1903381.6680944287, 76.8798317649619, 112.35362202896715, 79.28008253956018, 51.013615163737036, 0.612737192861, 0.484447339611, -0.624390829232, 0.341744867352, 0.54996492983, 0.762068908693, 0.712575314001, -0.68033032499, 0.171426575462,  
1353, 2483822.287398908, 84.01251194018394, 110.6909339908456, 80.40808069346664, 66.62238297093603, -0.526251354911, -0.819601579382, -0.226523205277, -0.80571552204, 0.565776638426, -0.175269201387, -0.271812451881, -0.09027760789, 0.958106436945,  
1354, 2369416.9774522735, 82.70230784139167, 115.56479527059135, 75.49324927332525, 64.83644798510609, -0.436595832684, -0.735193878516, 0.518530654711, 0.0152649525421, 0.570227654527, 0.821344874725, -0.899528243085, 0.366511095337, -0.237736317983,  
1356, 2183847.2163178152, 80.48430794534407, 113.29155279016436, 86.83604882852201, 52.99514181828357, -0.881305918609, 0.445337669034, 0.158032396565, 0.0884844817583, -0.172989097618, 0.980941011781, 0.464187865323, 0.878492534199, 0.113050842734,  
1362, 2372932.9479516465, 82.74319485666395, 123.90581809687534, 78.50255991942626, 58.23999629358771, -0.617922674143, 0.483115749885, -0.620298912616, 0.732388084434, 0.0667308944101, -0.677609534696, 0.285970737243, 0.873009828092, 0.39506275134,  
1367, 3717273.6272304775, 96.09747437828783, 123.55497890319639, 122.00399604021142, 58.871027370813906, 0.586644260268, 0.204894708622, 0.783496439222, 0.809679506423, -0.128850943182, -0.572552645021, -0.0163587521993, 0.970265733096, -0.241488712793,  
1370, 3433662.3103224016, 93.5886086288167, 141.37288423772958, 90.40679229940514, 64.135988589497, -0.070259035254, -0.996480576883, -0.0457179161897, -0.733423030107, 0.0826676559647, -0.674727143049, 0.67613188571, -0.0138751055083, -0.736649953895,  
1373, 1184584.9461987058, 65.63858345721867, 101.82517982202994, 66.34570818114389, 41.8609981983561, 0.448378927288, 0.50589350342, 0.736904404086, -0.485327492496, -0.554522326836, 0.675989803228, 0.75060879464, -0.660739549473, -0.00311210057928,  
1377, 4098923.9786188994, 99.2796913058828, 125.63547487841103, 100.98181874091843, 77.13043494645727, 0.411578962181, 0.193947627752, -0.890498217617, 0.277021019338, -0.957485734557, -0.0805010743016, -0.86825233241, -0.213554175348, -0.44780855447,  
1395, 265727.9722199797, 39.882547218011084, 59.31137482413809, 47.09412071289298, 22.711403879075302, -0.471821408049, 0.737647198177, 0.482971189543, 0.87853857481, 0.439627729788, 0.186808543089, 0.0745287292065, -0.512449090371, 0.855477292685,  
1398, 1826149.1344878366, 75.82560383611298, 137.35748491037373, 95.25953539282438, 33.31860757472542, 0.636203588975, 0.431721039102, 0.6394231289, 0.59974079816, -0.798099289994, -0.0578662106346, -0.485341084597, -0.420302828574, 0.766674353226,  
1399, 2612691.3761251755, 85.44103504507319, 113.20214564931614, 101.71980328808502, 54.167567379407636, -0.73509850927, 0.570542363104, 0.366212497838, -0.576624659505, -0.810250240387, 0.104873972005, -0.356558808222, 0.13407445639, -0.924602539702,  
1407, 346201.9737545745, 43.559241632955235, 93.35582636661854, 58.02437770334267, 15.257697882568293, -0.440252997207, -0.73625760641, -0.51390858667, -0.884767486365, 0.258300673913, 0.387901091682, 0.152852195019, -0.625464226682, 0.765134437611,  
1419, 416520.90464878565, 46.328623617551486, 109.32801554533037, 47.603915118876856, 19.1061884230451, -0.814430946434, -0.1428148213, -0.562411024348, 0.144715607389, -0.988603641712, 0.0414756865139, -0.561924929567, -0.0476105703692, 0.825816933176,  
1422, 519291.06182891835, 49.86250345261321, 136.1760073903217, 48.87704788906354, 18.62587457940054, 0.636182640088, -0.490335805692, 0.595686533427, 0.496721581753, 0.851083108398, 0.170074139188, -0.590372186566, 0.187692142234, 0.785004675829,  
1428, 4226237.064256209, 100.2971090274215, 152.38633395984976, 102.88602759094925, 64.35211492729387, 0.24183285221, 0.140061567852, -0.960156043986, 0.902597284043, 0.330718169601, 0.275578727652, -0.35613903806, 0.933278227275, 0.04644067251,  
1432, 1942149.929533996, 77.39829279254563, 93.19272479441786, 82.92775073208165, 59.99461187577966, -0.872926310231, 0.121385634463, 0.472509454563, 0.24101790417, -0.734792008563, 0.634027660297, -0.424158020996, -0.667342664527, -0.612163165608,  
1436, 1827868.4579720686, 75.849393030207, 110.2962956817374, 106.07167880668997, 37.298894500906705, 0.594564413057, -0.743970153878, -0.304961585886, -0.0940094978524, -0.441003832102, 0.892568111902, 0.798533263578, 0.502019950013, 0.332145445173,  
1449, 1527900.4437538015, 71.44998619933264, 105.90374574847424, 94.9171908723248, 36.28693193378523, 0.108512870443, -0.987600735964, 0.113444890902, 0.249668462521, -0.0833858702362, -0.964734396333, 0.96223210078, 0.133009710053, 0.237524317199,  
1459, 1130620.5029196884, 64.6263183811051, 109.94819100267895, 76.46702622034834, 32.10450353178957, 0.417865375785, -0.511386275201, 0.750914512615, 0.571870715187, 0.790300054208, 0.219976611099, -0.705940799807, 0.337505410113, 0.62268586407,  
1460, 2926573.481779034, 88.7340439812611, 137.34824900457204, 99.95282553084323, 50.8923635679137, 0.0371299319869, -0.549017092457, 0.83498598811, -0.236356542472, -0.816679277087, -0.526469888225, 0.970956720447, -0.177806610019, -0.160087027744,  
1476, 2691832.5586604816, 86.29516778511187, 113.28880510096964, 90.46663402785887, 62.70237692342717, -0.391080137917, -0.311162145511, 0.866160750051, -0.168632717691, 0.949408090783, 0.264928827574, 0.904775846412, 0.0424546388122, 0.423766765323,  
1505, 2403647.119740461, 83.09866241055725, 137.4751105950774, 90.7274846897062, 46.006495366056605, 0.45467360299, 0.88201700025, 0.123765609172, 0.375659177452, -0.31590506652, 0.871254366613, 0.807559345894, -0.34964267505, -0.47497147561,  
1515, 990291.9693793991, 61.83364989518183, 129.69071153444855, 49.52232323881947, 36.80991074721233, -0.910819902127, -0.412250636979, 0.0213662865128, -0.0172989858791, 0.0898311606971, 0.995806762206, -0.412441330344, 0.906631002602, -0.0889515269419,  
1524, 3172844.5615025163, 91.15630840062674, 112.84699240337093, 106.64191945038587, 62.942247304982104, -0.685574069634, 0.634344988318, 0.357203906531, 0.563415794986, 0.151591306222, 0.81214698044, -0.461032360041, -0.758041233492, 0.461327054616,  
1532, 1514537.699555885, 71.24107972125817, 112.19813201507026, 59.95909920569921, 53.74656989897297, -0.0115880479594, 0.549434006682, 0.835456754983, -0.894349051126, -0.379377895016, 0.237091095412, -0.447219735583, 0.744442533091, -0.495782031774,  
1534, 936155.9589820912, 60.68572325719501, 109.5787670040225, 57.956574090044555, 35.19090873121464, -0.173381244435, -0.84439069866, 0.506895740853, -0.956255207777, 0.267470420532, 0.118471733932, 0.235616047158, 0.464180915331, 0.853827357353,  
1542, 1367067.6013046768, 68.84944766378351, 119.49033275992214, 66.44482137527004, 41.10621342611798, 0.299443377572, -0.541265912838, 0.785725699737, -0.712506493611, -0.674558348313, -0.193146398577, -0.634561391979, 0.501998253304, 0.587647507856,  
1550, 1512613.4146442704, 71.21089532139585, 122.16840790883427, 56.1193130224424, 52.67057724906467, -0.765182312025, -0.509891422125, -0.393073488049, 0.284678359959, -0.815574339012, 0.503782422198, -0.577454985895, 0.273585882654, 0.769218112162,  
1564, 2361173.312285839, 82.60628389074387, 123.54563304667303, 106.44686801392798, 42.86264524585967, -0.956639078853, -0.139477539145, 0.255710165784, 0.232931026454, -0.893426691803, 0.384098793657, -0.174885132948, -0.427006747544, -0.88717553383,  
1575, 500768.2553895731, 49.262456042992554, 113.4597917306938, 75.30794912768796, 13.991535491839128, -0.083015675368, -0.262140761232, 0.961452348764, 0.154301840335, 0.949766216605, 0.272277571359, 0.984530009554, -0.170957173282, 0.0383966820283,  
1591, 1540694.681265085, 71.6488665844304, 120.68262857186359, 91.67365809856099, 33.24594266223217, 0.450100916546, -0.827020819792, -0.336817055025, -0.0719538005797, -0.409546843852, 0.909447103065, 0.890074050575, 0.38510770743, 0.243844700929,  
1593, 2003610.61574319, 78.20626974946043, 122.93264917694833, 84.68145275731675, 45.948271024968335, 0.139176021672, -0.921281036376, 0.363140863861, -0.0930759713358, 0.352916457622, 0.931013876105, 0.98588381595, 0.163374496033, 0.0366316187796,  
1597, 1712350.4032579344, 74.21664939746474, 128.77158889635902, 118.8919469581171, 26.701246591534826, 0.415464602976, -0.467166573201, 0.780477133911, 0.854313680495, 0.495009218574, -0.158474000538, -0.312309620399, 0.732612630529, 0.60476560302,  
1609, 49127.35853323052, 22.72017130197552, 97.33525396056363, 51.83864073007163, 2.324400888527844, 0.733462125618, 0.67018319391, -0.113524432985, 0.49175297335, -0.638474536724, -0.592055131856, 0.469267858995, -0.378424038026, 0.797861469153,  
1617, 1102962.0285706376, 64.09497522635434, 102.97570549471178, 82.91378367908604, 30.83972110163502, -0.127353704678, -0.042878642182, -0.990930096399, 0.991266806689, 0.0289684796734, -0.128650476652, 0.0342220961102, -0.998660227119, 0.0388149315056,  
1618, 1978751.0794111618, 77.88147806909592, 101.49425295871163, 85.28384629935276, 54.575073007723475, 0.553683148275, 0.783527338341, 0.281992697402, 0.641926538138, -0.185892683092, -0.743891275663, -0.530438772103, 0.592898659507, -0.605892637853,  
1635, 2858500.382743062, 88.04064490436146, 137.84781014667746, 82.94186004820148, 59.68648499096351, 0.859628789661, -0.499980000924, 0.105158654715, 0.143482529898, 0.433782220909, 0.889519953929, -0.490358142177, -0.749568531556, 0.444630080968,  
1649, 1671932.2933947314, 73.6280602427761, 142.04819744857474, 69.967134498422, 40.160606438505894, 0.359409875874, 0.86993432933, 0.337696318869, -0.525873095046, -0.110134690308, 0.843402536099, 0.770896899093, -0.480712609201, 0.417891562878,  
1653, 1096653.5455947528, 63.97254266209713, 112.71011696305663, 65.39808989574388, 35.518357434617265, 0.693278404692, 0.654195851332, 0.30231249013, 0.521672073414, -0.166134794838, -0.836813884782, 0.497215548236, -0.737852978611, 0.456453371712,  
1655, 2537306.131239226, 84.61124520948299, 119.02239296550046, 98.26245925058889, 51.792628574145304, -0.383884143428, 0.303657399144, 0.87202359393, -0.822532420408, 0.316699796525, -0.472378721217, -0.419610988658, -0.898606378136, 0.12819202538,  
1677, 2886230.1765238624, 88.32441803862191, 126.05173717263041, 95.11640264730634, 57.46959040341351, 0.548421857584, 0.0729534733197, -0.83301335935, -0.762214370317, 0.453301392251, -0.462111568201, -0.343893471595, -0.888366837806, -0.304206577312,  
1696, 1260980.9226879643, 67.0203413758855, 110.51735690392093, 76.2104389782258, 35.741679305952346, 0.476854215353, 0.284436159539, -0.831688720884, -0.200207569645, 0.956470941699, 0.212321140593, 0.855877903884, 0.065264146609, 0.513043472632,  
1701, 1927415.5170729975, 77.20206445218908, 116.57078517059995, 86.3842919612153, 45.694322454223354, -0.105020287034, -0.954972671303, -0.277485020091, -0.937485157409, 0.188167121526, -0.292770753347, 0.3318016259, 0.229391219187, -0.915034070191,  
1703, 2341868.7223123573, 82.38054213294689, 141.01680712070706, 108.43008325416628, 36.563963648030715, -0.186463898549, 0.0291981545851, -0.98202784192, -0.112407852212, -0.993628322597, -0.00819946916829, 0.976010086679, -0.108858735536, -0.188557912586,  
1707, 983899.6070498427, 61.70031661309525, 109.87153875741848, 58.28536197358256, 36.67899883872212, -0.862910844369, -0.490115988597, -0.12317139437, -0.493166016155, 0.869911030261, -0.00648690532033, -0.110327490589, -0.0551463249186, 0.992364211199,  
1709, 1471690.774325514, 70.5628293014255, 146.69551093337537, 56.099020977239654, 42.69291924153047, 0.575698521546, 0.190675030113, -0.795119013218, 0.710985816443, 0.363519826559, 0.601957228145, -0.403819738382, 0.911864227059, -0.0737105847422,  
1726, 1955152.8515937338, 77.5706389595007, 115.22800217866254, 69.46487521852022, 58.313460468773926, 0.290190254241, 0.751277010835, -0.592766791693, 0.878317049643, -0.455013015161, -0.146704861338, 0.379932594877, 0.478064858596, 0.791899750174,  
1732, 2874935.600284249, 88.2090552156348, 115.68296341117617, 88.52349933934538, 67.02109712818914, 0.347493297832, -0.875806456427, 0.334979788707, -0.877601311902, -0.177947127122, 0.445141277907, 0.330248914169, 0.448662312691, 0.830444329176,  
1734, 1056284.8404837546, 63.17774867893568, 139.69121829860745, 52.8916576734484, 34.12998946487262, 0.104681040936, 0.0809018314817, -0.99120975244, 0.719465719386, 0.681938092199, 0.131641623499, -0.686593735988, 0.72692181978, -0.0131798949588,  
1738, 1150582.2870596105, 65.00444053523519, 111.96092504403923, 81.19714391846139, 30.21494744517499, -0.794910963811, -0.217164892012, -0.566529760287, -0.606725482811, 0.285852570628, 0.741736136624, -0.000864940304196, -0.933342229594, 0.358986816381,  
1740, 2159583.1168030095, 80.18511777500139, 149.52579892699188, 87.2588439826063, 39.51443055090022, 0.741061415296, -0.58379848515, -0.331673495317, -0.471918476904, -0.804254119585, 0.361203906799, 0.477620068585, 0.111151427644, 0.871506988049,  
1751, 2318351.4644332514, 82.10385626495514, 105.65772646397886, 98.37227090636895, 53.24964396377679, 0.341872663051, -0.241865431074, -0.908088209102, 0.0785649269733, -0.955573172036, 0.284090593181, 0.936456424244, 0.168466691472, 0.307682205134,  
1754, 791521.9277813128, 57.38408315384488, 83.0478359382143, 52.92197875524281, 42.9942074143565, 0.857046603934, 0.0831627072982, 0.508483119483, 0.427213601592, 0.436987658596, -0.791536685726, 0.288027181529, -0.895614733214, -0.338990549057,  
1760, 287122.03286666505, 40.92537211801646, 109.1184617203659, 29.574234729328886, 21.240569675600696, 0.660154827372, 0.537050379357, 0.525140451623, 0.530841632847, 0.161052757062, -0.832027145158, 0.531415811521, -0.828033151193, 0.178768945263,  
1762, 3433171.9861243125, 93.58415362423806, 151.56996468096446, 104.28150100441252, 51.8545091629199, 0.875671366852, 0.257898065059, 0.408274717945, 0.407886916609, 0.0575848981672, -0.911214707279, 0.258510967918, -0.964454544052, 0.0547678000683,  
1765, 2865470.5327493735, 88.11214607809502, 123.83835193216392, 95.94734090415993, 57.5730491054632, 0.501982844886, -0.840077938853, 0.205626554931, -0.824104853373, -0.536741157737, -0.180997569704, -0.262420300449, 0.078600166944, 0.961747159948,  
1770, 1105008.6651726612, 64.13459522673237, 94.63950717334143, 65.54866311716474, 42.52465175083519, 0.457449054274, -0.840201336263, 0.291207962264, 0.386892785906, 0.482914717732, 0.785561803815, -0.80065868818, -0.246688244431, 0.54597671663,  
1773, 1920538.2446645105, 77.11013264587251, 109.75418645115037, 85.03341137830247, 49.12738562321095, 0.0518655492116, -0.665150207764, 0.74490614571, -0.925818312195, -0.311665568286, -0.213834109416, 0.374393399527, -0.67855712704, -0.631972948578,  
1780, 1118122.0111545927, 64.38729733375716, 77.1432728574041, 68.2341642932397, 50.710822042641524, 0.893527451569, 0.265627884632, -0.362009005687, 0.282674555552, 0.293633643429, 0.913167224056, -0.348860701335, 0.918270717356, -0.187283476878,  
1783, 1097848.2083328487, 63.9957641793871, 121.03683664903716, 58.37790574384363, 37.09262872030818, 0.824367564318, 0.453040511082, 0.339370614844, -0.347729708349, -0.067770413362, 0.935142353337, 0.446656656541, -0.888910269033, 0.101667914193,  
1794, 1315312.9945939328, 67.96941005916175, 103.29872755593824, 58.841855024931036, 51.660567646903274, 0.0964494956784, 0.220004304414, 0.970719115307, -0.378962257628, 0.909928882272, -0.168573534404, -0.92037226277, -0.351607075081, 0.171135509687,  
1795, 2588150.8687652103, 85.17268268852536, 120.28918225347255, 87.2180903688889, 58.89356351438482, 0.799407048077, 0.360946067263, -0.480277324066, -0.188460225346, 0.909716216028, 0.369998851024, 0.570465700062, -0.205266516567, 0.795257532017,  
1796, 3651629.484741772, 95.52844284074864, 110.6924467885447, 101.14094469528551, 77.86693899942263, 0.846392288014, -0.044732450376, 0.530677965129, -0.118838681786, 0.955476185717, 0.270078925945, 0.519131450118, 0.291657789904, -0.803391729536,  
1799, 1395689.1179738822, 69.32662014040184, 105.64478121086697, 77.3948544916575, 40.75115730934951, -0.053971957501, 0.343599272031, 0.937564167438, 0.806983758685, -0.537985428551, 0.24361628001, 0.58810223688, 0.769747503358, -0.248242905339,  
