# Void_ID, Void_Volume, r = (a*b*c)**(1/3.0), a, b, c, vector_a, vector_b, vector_c 

14, 738684.2423881503, 56.07768478994047, 108.44980943080459, 59.94709733779806, 27.125220236094467, 0.274538138652, 0.00604006465596, 0.961557241169, -0.454845926504, 0.881849387565, 0.124325543607, -0.847197729912, -0.471492497575, 0.244848588238,  
22, 1039420.8634091895, 62.839724665934085, 131.08946320187601, 57.12439420251918, 33.1370183261506, 0.887990940709, -0.313537400177, -0.336402122331, 0.172701584744, -0.450608951527, 0.875857143277, -0.426199779265, -0.835850388223, -0.345988260871,  
32, 1932418.240731731, 77.26880095658247, 135.38726255977625, 84.72051656531916, 40.220375110103625, -0.929551830677, 0.107169343794, -0.35277205932, 0.362510114642, 0.0911943606449, -0.927507415263, 0.0672295386551, 0.990049655491, 0.12361985599,  
34, 920207.6575166306, 60.33913470553424, 114.82588539509565, 53.77904494872344, 35.574953850991115, 0.164820739238, -0.490186961199, 0.855891854727, -0.453931022572, 0.732700425648, 0.507047052059, -0.875660179901, -0.472087734776, -0.101746842754,  
43, 1875178.2756782135, 76.49821788771939, 130.87217364063847, 100.38397861063581, 34.07549972456125, 0.0552636051919, -0.875167477931, -0.480653533757, 0.0293527505336, -0.479757142115, 0.876910201005, 0.998040254688, 0.0625697224065, 0.000824536635004,  
55, 2498891.020077849, 84.18206386986992, 126.13463586164933, 96.6070510085899, 48.9570819500924, 0.682968907734, 0.353517536639, -0.639201707098, 0.436937589597, 0.503537640803, 0.74534246296, -0.585353751048, 0.788336980981, -0.189435452203,  
69, 2506966.2239612034, 84.27264490331329, 125.96914858076029, 97.7489788756301, 48.605280102727946, -0.0872329903273, 0.396478382989, -0.913890199762, -0.0894633708053, -0.916798359786, -0.389200555983, 0.992162643261, -0.0478085694812, -0.115445355045,  
98, 651800.4772907431, 53.786756390364346, 82.40177353223186, 70.71511659462331, 26.704056853671993, 0.695151454933, -0.716158457189, -0.0623018370634, -0.0828413181391, -0.165897113453, 0.982657348091, 0.714074065285, 0.677934518921, 0.174651130376,  
100, 2230509.3143687, 81.05350701768123, 113.9765381463251, 101.59487712344313, 45.9862674310731, -0.173238861572, -0.0702027056234, 0.982374611319, 0.936441597202, -0.320703057743, 0.142220546279, 0.305066274555, 0.944574575604, 0.121298966408,  
108, 2881055.36834921, 88.27159996511277, 139.69860387691787, 104.43681662050496, 47.14300956678857, 0.310166430318, 0.25989154292, 0.914468791935, 0.673132573018, 0.619224389482, -0.404294069475, -0.671333988895, 0.740957179188, 0.0171211554602,  
125, 816760.6967358318, 57.987636416725785, 131.4402875693411, 55.86140699938973, 26.55619511307021, -0.418665676395, -0.193009195729, -0.887393093151, -0.0989524801956, -0.961640610669, 0.255843199198, -0.902733326111, 0.194922513519, 0.383507178097,  
169, 295064.01378502377, 41.29928619708231, 106.37078619198631, 30.15292028237685, 21.962202312844354, 0.745639728446, -0.656652480009, 0.113264804154, 0.428451952625, 0.602640395785, 0.673241024938, -0.510343335074, -0.45346672851, 0.73069665832,  
179, 1347376.915460122, 68.51728794157252, 94.05761675133269, 77.58624099190091, 44.07799300562522, -0.808256684403, -0.351184551972, -0.47264208718, 0.0569509168827, -0.845539985192, 0.530866015589, 0.586069727238, -0.4021586054, -0.703413627191,  
180, 2288896.037146592, 81.75465420932252, 110.51618869331321, 83.53739931906767, 59.187583356144515, 0.912358195605, 0.0319519412635, 0.408144087747, -0.255228486271, 0.823885507725, 0.506034672682, -0.32009520882, -0.565854878577, 0.759833740815,  
184, 2706895.6012322735, 86.45583289008545, 128.06059291978025, 97.85155793487253, 51.57029837403698, 0.507243044181, 0.277012473589, -0.816068982137, -0.810655779228, 0.474734267266, -0.34273106525, -0.292475130113, -0.835398985491, -0.465367417538,  
199, 2076332.7661663885, 79.14122763545824, 138.14195759751203, 66.2344130211119, 54.17501625150998, -0.850188337616, -0.276325188876, -0.448134110033, -0.52598829898, 0.409080984699, 0.7456467376, 0.0227178325925, -0.86965345854, 0.493139698394,  
201, 2447873.428199997, 83.60523069621816, 109.57615072161587, 88.16748238559434, 60.48892535406623, -0.53532130293, -0.818174943672, -0.20981149677, -0.841825053459, 0.537103047549, 0.0533937794379, -0.0690049418423, -0.205207402062, 0.976282868917,  
203, 186859.71056426992, 35.465739584632715, 74.66189847828724, 34.29527919640576, 17.421826761367452, -0.381442349839, 0.761024461081, -0.524731839501, 0.257737915769, 0.632696924244, 0.73025048362, 0.887734701656, 0.143305169793, -0.437482259968,  
205, 2627005.089456473, 85.59678145160397, 135.68577660978326, 90.38958562978956, 51.13515593812784, 0.625035977715, -0.560406223994, -0.54339202301, -0.723260563932, -0.677630803739, -0.133081367911, 0.293639546423, -0.476194663906, 0.828863353541,  
208, 680472.8766417265, 54.56415114433118, 117.60794561626741, 55.25333954997949, 24.999251967808316, -0.639968748301, 0.696775224412, -0.32395105779, 0.763798405492, 0.530764368957, -0.367288960374, 0.0839761690281, 0.482486757633, 0.871868414237,  
209, 2174895.3351958534, 80.37418536662376, 110.15518570578051, 73.5717161168048, 64.06693079628327, 0.14529568973, -0.298307578105, 0.94334604011, -0.740977934249, 0.599008396444, 0.303546770606, 0.655622500759, 0.743102637483, 0.13400599488,  
210, 3041549.477117049, 89.88117862510443, 131.095380032284, 104.66112991013817, 52.92166147011282, -0.618973283275, 0.465133349705, -0.632868897628, -0.692043945825, -0.704033195512, 0.159412787015, -0.371412508727, 0.536645345279, 0.757670457225,  
230, 562183.695687061, 51.199204386923476, 74.57674058778242, 66.66079732446939, 26.997014173516654, 0.609334239723, 0.607962315858, -0.509012383738, 0.429169188906, 0.286913458441, 0.856442919674, -0.666727524252, 0.740312427197, 0.0860924999167,  
259, 691297.4541368057, 54.851955633786304, 91.30744767219177, 65.54451794936345, 27.57615880146562, -0.57877707854, 0.301786926393, -0.757589429978, 0.809107251253, 0.096545774024, -0.579676090147, 0.101796607639, 0.948474335223, 0.300056471513,  
263, 230570.17742009507, 38.03979561292684, 93.00817300355776, 85.33371945433052, 6.935419501543845, -0.879753703321, 0.00296113769746, -0.475420501405, -0.473035703556, -0.105677683014, 0.874682485519, 0.0476512817646, -0.994396027233, -0.0943710568439,  
288, 1339424.670674196, 68.38222508839905, 123.64447930218314, 61.25181473522146, 42.22172709750253, -0.917539397676, 0.391940570385, 0.0671121672932, 0.394575286527, 0.918326017376, 0.0314272027527, 0.0493132535353, -0.0553164993235, 0.997250363714,  
290, 1103796.0281913301, 64.11112619559384, 109.55232884882709, 92.11892485092496, 26.111375062572737, 0.710200748434, 0.64506798577, -0.281961328302, -0.56383930181, 0.761013872236, 0.320847515183, -0.42154494263, 0.0688852669288, -0.904187304347,  
292, 1394951.1303778968, 69.31439888824553, 133.96520699724707, 69.00208633675464, 36.026008086671595, -0.918216869708, -0.307325514274, -0.24985757635, 0.0550835011275, -0.723783070606, 0.68782546813, -0.392228999549, 0.617809918163, 0.681518390751,  
299, 2518900.2403412308, 84.40615547599974, 114.40969566679165, 78.89499331654363, 66.62083696173565, -0.296279089593, -0.169057263608, 0.940020394827, -0.18629684715, 0.975534920339, 0.116726620532, -0.936756204042, -0.140539178951, -0.320525433262,  
303, 843961.0467469529, 58.62433521129823, 142.7922883412708, 54.976918237717896, 25.665436079756418, 0.137066145956, 0.62001109585, -0.772527742321, 0.765209311258, 0.428965886069, 0.480044767238, -0.62902112969, 0.656943307761, 0.415641562878,  
319, 830275.0669692875, 58.30571547746325, 112.17114930984064, 90.93919699144337, 19.431266239042053, 0.731661289208, 0.655738276174, 0.186223175341, 0.405217950575, -0.638070444308, 0.654724767083, -0.548151594366, 0.403575793699, 0.732568364273,  
329, 2950379.3589733834, 88.97399351516682, 113.1585824065069, 83.19238195824039, 74.82008450463903, -0.79905993001, 0.562485939218, -0.212397731707, 0.154917243655, 0.533941955643, 0.831207937656, 0.58095083774, 0.631280885332, -0.513790393004,  
343, 950084.0340100782, 60.985202497584545, 125.26165199087038, 77.60117469185086, 23.333881077478623, 0.422947251335, -0.00879956805734, 0.90611157712, 0.67463125557, 0.670649553023, -0.308385871982, 0.604969661716, -0.741722147864, -0.289585848707,  
346, 706818.8827516763, 55.25944405253225, 105.12109142036942, 52.40093342027764, 30.63307889642642, -0.968003937638, 0.0141131815759, -0.250537811164, -0.0228474114853, 0.989313148835, 0.144005171195, 0.249892721994, 0.145121713222, -0.957336573962,  
354, 77671.59328045096, 26.46820775620104, 73.35999138547699, 28.12840327349142, 8.986058739072028, 0.653079487034, 0.722552998303, -0.226725270447, -0.513056582717, 0.6423713048, 0.569325960852, 0.557009987833, -0.255492213998, 0.790230094365,  
359, 1417877.7737919346, 69.6920749695469, 138.72428240891824, 103.24612120780782, 23.63327745027027, 0.255660118147, -0.788675466219, 0.559132285755, 0.693671515701, 0.552494792447, 0.462135621462, -0.673392702881, 0.269704492555, 0.688332589961,  
369, 1948611.5037457922, 77.48403303280705, 133.64978269046247, 90.96741546237715, 38.26331032426749, 0.545501313357, -0.438963591725, -0.713960280594, -0.625640240731, -0.780110046192, 0.00161400408482, 0.557676076503, -0.445801840475, 0.70018434196,  
375, 990658.2812019398, 61.841273103099645, 125.6020798491701, 79.7538448181872, 23.60950083453394, -0.185076585528, 0.620617580831, 0.761958316349, 0.839501726516, -0.303217734623, 0.450883417955, 0.510865450649, 0.723113285574, -0.464891027618,  
376, 628782.7203265982, 53.14600976574587, 122.77122787011581, 56.110537046770595, 21.79068908695291, 0.634148402247, 0.306290580951, 0.709959072023, 0.69370705812, -0.630915563965, -0.347442180313, -0.341505961063, -0.712833522757, 0.612570034683,  
389, 1208156.547793964, 66.07109952843986, 111.91098620688774, 75.1331441914584, 34.30285883008825, 0.0904856024319, -0.524381282442, 0.846662049685, 0.868055537963, -0.375182929595, -0.3251420495, 0.48815155307, 0.764370355237, 0.421243422821,  
392, 2562207.9995571435, 84.8871444614087, 111.02057642474932, 104.58587548107982, 52.68042371575161, 0.697159331469, 0.682791154909, 0.218552294255, 0.332657575031, -0.578137535023, 0.745047601413, -0.635065196905, 0.446713811489, 0.630189627259,  
396, 518940.5909422796, 49.85128348373494, 122.07795559293037, 71.86490441026015, 14.121308237585403, 0.603695528659, 0.228364586206, -0.763807125159, 0.309697113315, 0.815666453511, 0.488647045034, 0.734601529185, -0.531542897971, 0.42169033773,  
437, 1270493.4013053647, 67.18844678344762, 91.24999226874141, 76.20506927991487, 43.618136361223094, -0.251563013353, -0.380316209116, 0.889986309668, 0.775089574788, -0.629864201175, -0.0500723389923, 0.579613838143, 0.677222761845, 0.45322966526,  
446, 796683.8199866231, 57.50855595915971, 133.14026280881177, 53.90479976199999, 26.500894963610616, -0.323411382842, 0.829069509728, -0.45612369538, 0.215011891338, 0.533805752742, 0.81781495763, 0.921506898526, 0.166418647928, -0.350898660001,  
464, 930634.7120670935, 60.56618415277412, 136.23409393715875, 68.77209334900014, 23.713332256111133, -0.587133033291, 0.367318931162, -0.721354007425, 0.77758786707, 0.503627296497, -0.376452726393, -0.225015355485, 0.781943955174, 0.581318966457,  
481, 2617986.155121662, 85.49871326224381, 129.49784764175823, 88.57524927273762, 54.48836830623144, -0.000152966813158, 0.872660180984, 0.488327948336, 0.366826810097, 0.454335213012, -0.811798993355, -0.930289238891, 0.179007605264, -0.320184648698,  
525, 1881555.3308027524, 76.58483745481223, 121.28233049247156, 81.19789382751989, 45.612732171676655, 0.535017631629, 0.432642378998, -0.725656051956, 0.794144026648, 0.0355205429558, 0.606690659205, -0.288255787079, 0.900865618682, 0.32457624419,  
530, 1118191.9356516039, 64.38863951152943, 102.84352739615503, 61.72109547182827, 42.05495348219727, -0.624084683214, -0.54852517738, 0.556451649253, -0.758878424488, 0.25592234753, -0.598838282746, -0.186069462901, 0.796004950873, 0.575981139588,  
548, 1953855.5341459399, 77.55347815123338, 88.218320509037, 77.54537646923418, 68.18504725443815, 0.523110577367, -0.130920799617, -0.842149077109, 0.783129262802, 0.463692938426, 0.414363869803, -0.33624973099, 0.876269709097, -0.34509059003,  
586, 1248265.8835076212, 66.7943145148416, 126.77804627871159, 56.20293257001893, 41.82302677729861, -0.132538853089, -0.970736442937, 0.200260357473, 0.0322541941175, 0.197711778178, 0.979729411486, -0.990652875322, 0.13631144898, 0.00510582934559,  
592, 1262210.0667823134, 67.04211038229133, 102.52293892437518, 97.66040616257474, 30.09563124591646, -0.794698735201, -0.167689763639, -0.583381576192, -0.48611789267, 0.751381702964, 0.446222960948, -0.363515219345, -0.638205045124, 0.678639083521,  
596, 3337000.8097127164, 92.70202781501958, 137.77510535094214, 89.58376020731914, 64.54575174868481, 0.612142034422, 0.171288889157, 0.771972956874, 0.714810631641, -0.537313890809, -0.447593055841, -0.338124075728, -0.825805000708, 0.451351537294,  
620, 1306067.7452443012, 67.80978462223032, 101.67815456266266, 71.34001981165063, 42.984929030492665, 0.199914992608, -0.453305444378, 0.868647321891, 0.58896068529, -0.652910971423, -0.476269434857, 0.783044894571, 0.606812522525, 0.136452393141,  
641, 1401552.7470426827, 69.42357048763466, 132.1094228186777, 93.12322515950429, 27.197503036197354, -0.96667415416, -0.223218097614, -0.12535852814, -0.254454409834, 0.783837156954, 0.566438226724, 0.0281785910881, -0.579459223998, 0.81451394999,  
661, 1274800.0861935124, 67.26427903573212, 106.39380742462181, 78.25577959206878, 36.55280433432704, -0.0642802458798, 0.525443223476, 0.848396999578, -0.948535441468, -0.296331317133, 0.111661393351, 0.310078322797, -0.797557000715, 0.517449769873,  
662, 992138.5104121652, 61.87205859395885, 108.26011214472581, 76.12360329431341, 28.740603816952245, -0.245948991242, 0.692875955857, 0.677814136399, 0.634485240927, 0.64373963395, -0.427817440888, -0.732760242339, 0.324841797614, -0.597946681377,  
664, 2722523.1911521303, 86.62189083192476, 139.1170428794491, 83.33111638940495, 56.065466599169284, -0.291841538018, -0.163288577398, 0.942425252834, 0.939498151429, -0.233715004261, 0.250440652142, -0.179364824171, -0.958495768, -0.221617062916,  
674, 1364713.2324918183, 68.8099006957526, 120.98929885632867, 82.29690421462321, 32.720681067721, -0.993873513758, -0.0659094666388, -0.0887208028511, -0.103893607666, 0.83097376611, 0.546524215679, -0.0377035401169, -0.552393466873, 0.832730389033,  
697, 2792676.1739951842, 87.35960402466158, 98.49446474101177, 93.60183479602819, 72.31623113645148, -0.265118979539, 0.263712322321, 0.927452283271, 0.674114422112, -0.637037178703, 0.373836032039, 0.689406754093, 0.724319987302, -0.00888163301924,  
707, 1262814.3869574892, 67.05280813558822, 115.85610683139053, 89.53304085314147, 29.06354904169164, 0.244425450087, -0.542970412674, 0.803392388755, -0.603287178047, 0.563490457965, 0.564378494086, -0.759144768904, -0.622624794513, -0.189835679217,  
716, 365811.2524109174, 44.36660022123258, 127.75155566509417, 66.29936512881322, 10.310812371320441, 0.183088444349, -0.321290760881, -0.929112947127, 0.890066097528, 0.455480397206, 0.0178871404509, -0.417445761241, 0.83024686373, -0.369363211065,  
724, 1330798.513484221, 68.23511051225066, 93.47353363431988, 81.74789942375489, 41.57750600537529, -0.977939396578, -0.00368916133968, 0.208856234548, 0.0631140049575, 0.947896001657, 0.312265579949, 0.199125987754, -0.31855856625, 0.926752006132,  
728, 2211387.987428721, 80.82122814229429, 116.18786199952125, 101.28035353827494, 44.86321242087861, 0.692453871375, -0.454035505228, -0.560677622177, -0.140475261345, -0.847117359734, 0.51250256564, 0.707654108281, 0.276123050162, 0.650370451514,  
733, 2528027.7620886676, 84.50798434946662, 117.7003786990787, 93.10895706212727, 55.07111980453925, -0.954755891254, 0.273125205284, 0.117659722739, 0.211749924536, 0.346542403481, 0.913821827299, 0.208813691064, 0.897391210581, -0.3886976429,  
743, 1272363.3304422162, 67.2213935756518, 94.73824102540962, 67.53258777853003, 47.477060932924914, -0.119935067723, -0.987923691856, -0.0980936216049, -0.966367476058, 0.0935322561026, 0.239552955075, 0.227485122035, -0.123525285418, 0.965915122107,  
780, 2635938.0292909252, 85.69369356453764, 100.59429724237116, 91.58183392889799, 68.3067920221176, -0.255746518411, -0.428989244148, 0.866349783128, -0.807857560383, -0.39739058494, -0.43525496566, 0.530998945811, -0.811202164325, -0.244930945661,  
802, 3733775.482868059, 96.23946427175392, 119.45512151762777, 105.89187488510235, 70.46803771406876, -0.0259355349405, 0.559739869274, 0.828262414198, -0.238305607282, -0.808116573076, 0.538663198908, 0.970843852309, -0.183409059387, 0.154348085084,  
813, 223481.64709385997, 37.64590581918439, 126.28033940871188, 87.50799435854276, 4.828028038669011, 0.487536845081, 0.860389372781, -0.148451850425, 0.784415245761, -0.356971871472, 0.507211795206, -0.383406503475, 0.363732333157, 0.8489394813,  
821, 3130865.1427750364, 90.75249717277589, 110.3463125175993, 99.73160828859201, 67.91803380216562, 0.0527756250899, -0.823449933457, 0.56492914643, -0.884902548684, -0.300729791477, -0.35568113789, 0.462776633732, -0.481135947117, -0.744544147558,  
829, 2202419.467730845, 80.71182040194832, 120.81298693347922, 70.20311746045532, 61.99282224070366, -0.588186041716, -0.272865252682, -0.761302656116, -0.0774258529207, -0.918037060782, 0.38886140504, -0.805010818331, 0.287667358087, 0.518849760009,  
831, 533097.666829702, 50.30054888621779, 143.3762830104405, 83.00150325083729, 10.694362406896209, -0.375663157077, 0.364955235219, 0.851871392113, 0.923954102867, 0.218914818417, 0.313664021005, 0.0720139445531, -0.90492208425, 0.419440118761,  
845, 1550459.9485368386, 71.7999233991176, 93.6465672270414, 87.34669341644312, 45.25156581748626, -0.163050706261, 0.198014788372, 0.966542606807, -0.511394170182, -0.854741677106, 0.0888406895613, 0.843736019079, -0.479798717176, 0.240629842506,  
848, 1780716.4564904561, 75.19149520462742, 108.31080918815302, 66.12895643043443, 59.353002457834634, 0.81237913706, 0.581813723939, 0.0391526283463, 0.442350187531, -0.658612131446, 0.608733416122, -0.379955851727, 0.477203154797, 0.792408164894,  
865, 2206990.2481931876, 80.76761678128938, 138.23362514196805, 83.88373902619826, 45.438117161265495, -0.521327905967, 0.711255072755, 0.471522465996, 0.826724767671, 0.5579194677, 0.0724708636693, 0.211526293826, -0.427600384753, 0.878871172573,  
870, 4805511.386739917, 104.68480951019046, 126.90182538311669, 108.65238780661313, 83.20393329692351, -0.788279075816, 0.279646260933, -0.548100417238, -0.337265276857, 0.548669964401, 0.764992420348, -0.514653506407, -0.787882757084, 0.338190078851,  
874, 382610.81963854755, 45.03562690392691, 97.83491695634663, 50.10126479390511, 18.63485712644341, -0.217918011501, 0.954149546513, 0.20520814592, 0.955438103547, 0.251463921747, -0.154608946542, 0.199122501378, -0.162371607579, 0.966429351012,  
884, 4857373.620586168, 105.06005735011962, 125.22560108743139, 111.30173658561264, 83.19894804180498, -0.310649022736, -0.847399487228, -0.430594117145, 0.394931625315, -0.52712200805, 0.752443619121, -0.864595972694, 0.0636906404085, 0.498414793445,  
887, 2000054.1633351604, 78.1599697343783, 112.92276316177383, 75.65370055896906, 55.89094785745245, -0.138613878801, -0.98983221304, 0.0319121079376, 0.0344013346554, 0.0273912441763, 0.999032666091, -0.989748827116, 0.139577612, 0.030254742613,  
889, 2755334.046787883, 86.96848068260275, 123.57519539207038, 85.35276004038828, 62.3644036976696, 0.878605583288, -0.46435921488, -0.111457384553, -0.299965293887, -0.355036572638, -0.885420721778, -0.371581823396, -0.811368936826, 0.451228763351,  
913, 886892.9361701495, 59.60200398809765, 185.68757147767508, 44.379532520009164, 25.69313075480361, -0.351149994836, -0.911091672672, 0.215883406297, -0.155628079266, 0.284151844729, 0.946064284328, -0.923294959409, 0.298612948689, -0.241571365862,  
948, 807722.5571122252, 57.77294867428547, 77.15161032673323, 67.58354870537485, 36.98176332306685, -0.058731145158, -0.59732668547, 0.799844662053, 0.346233799839, -0.763681681495, -0.54489672893, 0.936308073466, 0.244930847741, 0.251666587746,  
974, 2904596.6596648763, 88.51137241413149, 108.99740913097256, 101.29126055673784, 62.80714806479323, 0.260484004584, -0.665940830581, 0.699049993577, -0.724449930554, -0.613436215912, -0.314433311096, 0.638216563147, -0.424521871252, -0.642231110546,  
975, 1120723.8306958186, 64.43720075935057, 120.71372726272078, 110.08140308223497, 20.1344319419596, 0.562384085376, -0.00607410763033, 0.826853823679, 0.747068089727, 0.432345938622, -0.504941836917, -0.354419821437, 0.901687359661, 0.247682247243,  
983, 4108988.94742159, 99.36088580361293, 143.7713410215922, 109.383073833489, 62.37691855003117, -0.112626792558, -0.323707942105, 0.93942981314, -0.843609076575, -0.468398193308, -0.262539251213, 0.525013267946, -0.822080470954, -0.220328771967,  
989, 771779.2443357193, 56.90295609785672, 100.49863436852863, 90.07017353699277, 20.3546353110251, -0.47698236116, -0.436686451858, -0.762753413565, 0.0379214732353, -0.877254259059, 0.478525784916, 0.8780944078, -0.199323625608, -0.43499460142,  
993, 3423955.929954729, 93.50033903321652, 118.30386820080456, 94.64523236157488, 73.00319542336197, -0.88666963701, -0.194174073116, 0.419658651924, -0.0915401246628, 0.963307236359, 0.25230848966, -0.453251983318, 0.185298671629, -0.871909996451,  
999, 1319097.6548810145, 68.0345389916019, 90.09298336930365, 82.47199324026067, 42.38292048519944, -0.491041730096, 0.754852439493, 0.434828487907, 0.428556975045, -0.225249055898, 0.874986732447, -0.75843057589, -0.616003780352, 0.212890591964,  
1000, 2896751.3087345054, 88.43161046023802, 103.95803954193882, 84.29946318734308, 78.91139347861662, -0.765494560616, 0.571110159686, 0.296397137588, 0.217588666983, -0.203742801452, 0.954538654459, 0.605535506529, 0.795186805952, 0.0316969079297,  
1001, 3312873.4944716347, 92.47806789396357, 113.74143487000164, 97.89474820187807, 71.02940007791315, -0.803327963824, 0.339954907606, -0.488973254211, -0.451513046859, 0.187718071414, 0.872294614325, -0.388329951272, -0.921516460221, -0.00269490004603,  
1002, 1652310.2468177325, 73.33888939480515, 108.32124243104397, 80.95779871950218, 44.98116125426327, 0.746496044271, 0.393157023919, 0.5368158068, -0.417855089785, -0.350856016685, 0.838031729409, -0.517823116352, 0.849898588126, 0.0976299650346,  
1003, 2242033.655368467, 81.19285996520965, 128.45386659808665, 78.71629578148784, 52.9348501217207, -0.150577826463, -0.512937030687, -0.845116513108, 0.110154799905, -0.858245544382, 0.501278870098, -0.982441977033, -0.0176121576871, 0.185735224624,  
1004, 1690005.321866448, 73.89240824303222, 115.40192049650211, 76.27899520062957, 45.83333539752829, -0.305833178149, 0.90015118637, 0.310151428854, 0.151812029546, -0.275486595451, 0.949241930917, 0.939903811477, 0.337394394446, -0.0524008374769,  
1005, 3663810.121675998, 95.63454212997912, 123.78183189679139, 100.00800781229694, 70.65658888528085, -0.760190908002, -0.0700583581309, -0.645911456661, 0.62185519636, -0.366388648983, -0.692138333468, 0.188164550727, 0.927820663896, -0.322091473804,  
1006, 1964818.5905144087, 77.69825819927142, 109.43954837709883, 86.85758316945288, 49.345984307955305, 0.858244797481, -0.188313702844, 0.477445093093, -0.365758721642, -0.877008816804, 0.311570365714, -0.360050586918, 0.442033352328, 0.821565633586,  
1007, 4057253.454346251, 98.94211199178346, 105.2593828714979, 99.99607440484371, 92.02371439530717, -0.283106810642, 0.86914146494, -0.405516519627, -0.877580045833, -0.405324500715, -0.256057244138, -0.386915749128, 0.28338165615, 0.87749133331,  
1008, 2649519.177653888, 85.84061478360245, 96.26631740280389, 93.06018580998305, 70.60576846495495, -0.208393994153, 0.94010275912, 0.269775361172, 0.974563382557, 0.176343459335, 0.138308342949, 0.0824509343833, 0.291735816526, -0.952938642713,  
1010, 3455934.1458102125, 93.79052128092395, 108.07435235685148, 97.62434867677227, 78.19807422250695, -0.596307258502, -0.548531822161, 0.586114744342, -0.799721045867, 0.46935428951, -0.374369870203, 0.0697416823376, 0.69196776731, 0.718551812153,  
1011, 1526870.775810843, 71.43393229711235, 116.48695507484128, 60.11258389329342, 52.05602283179363, -0.88720162919, 0.27209748798, -0.372607335137, 0.455214344667, 0.38462195927, -0.803022944165, 0.075187562619, 0.882059468223, 0.465099908563,  
1012, 1799337.7153745394, 75.45268368641386, 117.10095826099774, 65.97076000029404, 55.604781377391625, -0.185450245359, -0.861967896754, 0.471825763881, -0.193989631054, 0.502819468021, 0.842342332797, -0.963315228541, 0.0646832864368, -0.260460827988,  
1013, 3691089.464700702, 95.87130833908711, 106.54666506392464, 97.28525009924932, 85.01177850351094, -0.467810538164, -0.759361128497, -0.452243271825, -0.847379659828, 0.239924225073, 0.473691965662, 0.251199149068, -0.604819843219, 0.755706255602,  
1014, 395486.84137798764, 45.5352588432853, 100.63023238848452, 61.71439923859636, 15.202970319278357, -0.945494085812, 0.0226989903653, -0.324847178734, 0.287878699616, -0.408006927291, -0.866404179116, 0.152206399349, 0.912696610665, -0.379233580895,  
1015, 3460332.5622873427, 93.8302939221846, 111.58715559808228, 87.1888867182006, 84.90903214643733, -0.350768628635, 0.805995235917, -0.476794556224, 0.215135208174, 0.564882933065, 0.796632985845, 0.911415498754, 0.176858563861, -0.371541164636,  
1017, 2567491.702392172, 84.94545490977802, 92.59662579287762, 81.89398545567313, 80.83012884139968, -0.582275337783, 0.496465726908, 0.643799047075, 0.0910894175266, -0.747063244195, 0.658482518513, 0.807872606928, 0.442061411094, 0.389773728973,  
1018, 4832.184661833231, 10.487813866354292, 102.16091155833361, 55.31679345480503, 0.20413297095966848, 0.884770165536, 0.216598102127, -0.412634240378, 0.26266008353, -0.963166783008, 0.0576144828203, 0.38495640623, 0.159358119547, 0.909072909637,  
1019, 1913379.8916490164, 77.01421009753679, 108.23341644973253, 78.64188163278676, 53.6657659987155, -0.196951275916, -0.909751695148, -0.365461418061, -0.977211395411, 0.212261168023, -0.0017564816014, -0.0791712295793, -0.35678712102, 0.930824831363,  
1020, 2197377.2374798786, 80.6501793211221, 111.40519983102729, 82.62864016114612, 56.987544528623, 0.339697564223, -0.341566306265, 0.876320730832, -0.69182272262, 0.540460642039, 0.478835686716, 0.637171001637, 0.768917910333, 0.0527101682966,  
1021, 1758816.6883075607, 74.8819805996205, 117.97124165586952, 74.70776559932698, 47.64200940456554, 0.37437544216, 0.838380682854, 0.396182860463, -0.663228394768, -0.0564987862075, 0.746281437214, 0.648051791665, -0.542149165612, 0.534886116426,  
1022, 946754.6362385469, 60.913881916162495, 120.1497953886842, 55.44910946908193, 33.925887690509235, -0.496820273011, -0.22386884145, 0.838482175215, -0.857154703974, 0.277817101703, -0.433708970921, 0.135850762902, 0.934184350024, 0.329915398837,  
1023, 3109330.7201446565, 90.54394986786883, 113.55812629476625, 85.227174978825, 76.6976393553365, 0.754174812634, -0.176512520091, -0.63250587526, -0.271351448259, -0.960884846166, -0.0553958837451, -0.597987243606, 0.213409565528, -0.772572076783,  
1024, 3467343.8623628053, 93.8936239161624, 106.32816301263364, 93.54566191824678, 83.22165362672715, 0.153414710976, -0.863656133711, -0.480168729884, 0.0267661685598, -0.482110890833, 0.875701239671, 0.987799321055, 0.147197729747, 0.0508461373231,  
1025, 2616008.0264803125, 85.47717379660499, 98.32627434789147, 88.51428766922987, 71.75753317423334, 0.197335249296, 0.979656505712, 0.0364956189448, -0.968391357392, 0.189002059415, 0.162777149704, 0.152567946549, -0.0674637113855, 0.985987661856,  
1026, 3679324.426679281, 95.76933933880173, 110.73071363900613, 90.00742919997774, 88.13187666344137, -0.39114448114, -0.691388557828, -0.607443706839, -0.283538245387, -0.537396083909, 0.794236433565, -0.875563851628, 0.482894720517, 0.0141644138405,  
1027, 2048206.793201161, 78.78225320212616, 136.54633730917283, 85.54360190078464, 41.86177171071834, 0.598849822624, -0.142266844759, 0.788123743346, 0.753410150791, 0.433786060284, -0.494168795644, 0.271573258307, -0.889713323934, -0.36695799022,  
1028, 3524273.2898469334, 94.40470867333792, 109.22962722751451, 89.11539831094242, 86.43462756761568, 0.457556405031, -0.105265341498, 0.882927711704, -0.6060518778, -0.763513358979, 0.223043655089, 0.650648336377, -0.637155050627, -0.41314668561,  
1029, 2163054.1000690544, 80.22805387418377, 101.78487205467893, 86.09087415003957, 58.930268487527115, -0.546745214795, -0.101526936856, 0.831120900466, 0.561290494705, 0.692120269214, 0.453786859105, -0.621307211171, 0.714606055135, -0.321427340642,  
1030, 2922380.8567417096, 88.6916501060774, 109.45571605406249, 88.35448598774886, 72.14083319411526, -0.0003269580503, 0.950249528199, 0.311489529929, -0.396787515611, 0.285796240827, -0.872284458296, -0.917910431662, -0.123880357145, 0.376953706123,  
1031, 2260445.2860423126, 81.41450687391294, 108.23787983819197, 102.66350483856833, 48.5635053395698, 0.530891666807, 0.722009924246, -0.443684242909, -0.479126201219, 0.68757655296, 0.545597440541, -0.698993649055, 0.0770723887688, -0.710962534505,  
1032, 2772960.6773126377, 87.1535403878601, 105.86970801672342, 90.88907437552605, 68.79734933966236, 0.0420982544819, 0.953179118924, 0.299461690732, -0.998291606467, 0.0279749946205, 0.0512958880794, -0.0405167302167, 0.301109559667, -0.952728412324,  
1033, 4745577.682406762, 104.24778254893226, 111.33229582342749, 108.17602920726377, 94.06937896817072, 0.747537045112, 0.539583746186, 0.38734706277, -0.303048317237, -0.241863890161, 0.921771976172, -0.591058443476, 0.806443574894, 0.0172822714799,  
1034, 1265314.544908431, 67.09703002072051, 105.35866470464165, 85.50692152603743, 33.53037126839658, -0.463051109241, 0.1558806533, 0.872516413689, 0.885624517817, 0.0420595943588, 0.462493463698, -0.0353960968371, -0.986880039543, 0.157527470238,  
1035, 2933034.447984158, 88.79929506579418, 99.93048556648138, 90.22302221188349, 77.6628253732051, -0.372400893731, 0.623634168934, 0.687312154473, -0.223543729588, -0.779051585717, 0.585753214036, -0.90074734266, -0.0644906980107, -0.429529014806,  
1036, 2324293.511302406, 82.17394180560312, 95.02168536724056, 89.76174793376758, 65.05614581654883, 0.102631545979, 0.510191657345, 0.853915240844, 0.903401715175, -0.407103829275, 0.134654421424, 0.416331726859, 0.757608701749, -0.502689713685,  
1037, 2453754.3549431027, 83.67212999083951, 126.86333305696901, 78.39445203104052, 58.90077755080329, 0.711377391832, -0.64470492577, -0.279817378083, -0.530142670019, -0.230857983817, -0.815875812078, -0.461401079122, -0.72873873919, 0.506012741133,  
1038, 2965410.324659151, 89.12483291348467, 109.09158980684474, 91.91725338037246, 70.60051623362239, -0.103456753167, 0.953942947324, 0.281584007846, 0.435311060569, -0.211123128128, 0.875175014106, 0.894315928948, 0.213119398507, -0.393419802767,  
1039, 3644965.5274627116, 95.47029664366553, 110.3897801999302, 97.24544289976457, 81.06001667641546, -0.490742180293, 0.816192518865, -0.304962103596, -0.680109456731, -0.577606847215, -0.451465897843, -0.54463128752, -0.0141457484348, 0.838556294148,  
1040, 2714665.946438551, 86.5384798258346, 105.7047437274778, 88.87666879092255, 68.98354995209951, 0.410172108737, -0.0479847713766, -0.9107449165, 0.062844792226, -0.994754099169, 0.0807143994364, 0.909840300989, 0.0903423704706, 0.405004793543,  
1041, 2049570.5477707929, 78.79973448079383, 104.5395464932029, 78.59091596614279, 59.55542115528458, -0.394364259669, -0.505846744899, -0.767200039996, -0.918806221674, 0.232028516321, 0.31930846313, -0.0164911403087, -0.830832015686, 0.556278890488,  
1042, 3107598.629183419, 90.52713387093122, 117.15790153753109, 88.65332201520852, 71.42820124078968, 0.649191376642, 0.664530160975, 0.370067860867, 0.452093386112, -0.728376119276, 0.514859008955, 0.611687932468, -0.16693679649, -0.773285186235,  
1043, 1811681.9871555204, 75.6248371304185, 115.50813284951815, 78.63729052035295, 47.61592791423344, 0.737565996669, 0.279214138988, -0.614846212598, 0.28109018342, 0.700932135759, 0.655501677989, 0.613990805584, -0.656302983118, 0.438499355767,  
1044, 496692.0890204799, 49.12842912690333, 153.12141591366412, 64.30819470761409, 12.041937788405104, 0.70312915768, -0.640190487632, 0.309460057463, -0.362901467065, 0.0511747760279, 0.930421231218, -0.611483370847, -0.766509805445, -0.19634359,  
1045, 3717053.5166285047, 96.09557760370154, 110.85950741143223, 97.43443647674287, 82.15325633709767, 0.519217984516, -0.783837775382, -0.340603914304, -0.273760391855, -0.53007291653, 0.802544672285, -0.809609740805, -0.323451766181, -0.489807127906,  
1046, 1098790.1128758816, 64.0140607800134, 103.38884278820684, 87.0846189872729, 29.134730365957978, 0.486912433521, 0.850013792381, -0.200979687639, -0.426700722601, 0.432257917423, 0.794405177574, -0.762130418901, 0.301047580271, -0.573173253911,  
1047, 3025750.00491908, 89.72527769405266, 126.62975451029294, 94.74430547507578, 60.20818728461984, 0.628884109246, 0.767769562936, 0.122615967016, 0.463333480152, -0.496723443973, 0.733885485875, 0.624361164158, -0.404716837353, -0.668114824155,  
1048, 2800153.993442367, 87.43750745296364, 92.44353261438071, 86.50395014087151, 83.59510233260764, 0.239372716406, 0.637578548799, 0.732252891255, 0.710281182558, 0.399199323739, -0.579776285846, 0.661967781953, -0.658888073984, 0.357302619104,  
1049, 3154160.8903721604, 90.9770277928885, 110.22399631130904, 88.08103655881196, 77.55979694438733, 0.37302488682, -0.341192393821, 0.862809471559, -0.564341496265, -0.821568148698, -0.0808977913087, 0.736458491299, -0.456742298724, -0.499014391726,  
1050, 4080838.843215188, 99.13346318817294, 127.63247310497944, 97.65627701449982, 78.16268813186642, -0.547461762315, -0.591946333923, -0.591510909923, -0.833912310446, 0.444887042987, 0.326597271067, -0.0698274823328, -0.672067747133, 0.737189979567,  
1051, 75169.25199601948, 26.180857876319187, 79.28229821972168, 28.891344916903506, 7.8344340554220615, -0.186105855449, -0.736164539083, -0.650712211323, -0.292237619294, -0.5908348239, 0.752004910048, -0.93806278278, 0.330115104569, -0.10517715198,  
1052, 2087229.9951012498, 79.27943857567544, 118.71261923635166, 102.8435477122391, 40.8138685133822, 0.913431304556, 0.162291759158, 0.373235363767, -0.35365297668, -0.137363347456, 0.925235582358, -0.201426969252, 0.977134942413, 0.0680770179482,  
1053, 2809566.841208448, 87.53537295637608, 94.55887510193132, 91.2103009575511, 77.76865242312746, -0.657088331804, -0.493972563823, -0.56940849168, -0.624789753469, 0.779509094167, 0.0447586424125, -0.421749556215, -0.385170972816, 0.820835326684,  
1054, 2953785.8127900357, 89.00822292455541, 100.69873814362141, 86.49870890950244, 80.95743452858329, -0.70123837977, 0.633848500503, -0.326344623285, 0.207439751567, 0.619354042086, 0.757211542451, 0.682080262291, 0.463288947592, -0.565800200452,  
1055, 3230454.2019406618, 91.70471377686859, 102.03793848994579, 89.02239518591026, 84.90123903965494, -0.282159010392, 0.496739685461, -0.820753298953, 0.931468493383, -0.0629693147596, -0.358331286985, 0.22967964361, 0.865612240144, 0.444930006883,  
1056, 2986552.4307276323, 89.33613883359861, 106.21609878909938, 92.87480832818687, 72.27585825354663, 0.543097213244, -0.835965685852, -0.078783177417, -0.119328345902, -0.169714994107, 0.978242079774, 0.831147497639, 0.521879481157, 0.191926142868,  
1057, 2312065.585909294, 82.02958480988946, 99.87518268004425, 84.44592206641887, 65.44481906559874, 0.521702186506, 0.631637427382, 0.573464025833, 0.636518078994, 0.15938121034, -0.754614050297, -0.56804186792, 0.758704020103, -0.318899115976,  
1058, 3640323.166562455, 95.42974794126525, 114.12050060042978, 93.15311222770612, 81.75047654267391, -0.549169456774, -0.835572076561, -0.0152385241692, -0.833970005697, 0.549110656593, -0.0545116172286, -0.0539160212164, 0.0172276431331, 0.99839685044,  
1059, 1010630.4957740419, 62.25409583112718, 92.23715123966068, 80.53095648934092, 32.48142328102701, 0.333281864046, -0.449421856586, 0.828820362878, -0.128422173349, 0.849247566939, 0.512138961065, 0.934040119315, 0.277125539911, -0.225323080572,  
1060, 2122062.599257782, 79.71802439035169, 107.61998763088614, 74.81142604714691, 62.92289717200948, -0.644672733853, 0.73931719053, 0.194440628504, 0.710820799422, 0.673320081305, -0.203405651888, 0.281302074886, -0.00708236530934, 0.959593133972,  
1061, 1360481.1529206827, 68.73869879824994, 120.25601138480594, 93.42735232184005, 28.90833533757439, -0.865807205767, -0.405888938897, -0.292629546908, -0.460564132259, 0.417826150168, 0.783135996052, 0.195597961439, -0.812819461822, 0.54869477851,  
1062, 2197785.0448669796, 80.65516825427649, 117.23350263434733, 82.23348956454076, 54.42471254379017, 0.0325952469839, -0.361305558223, 0.93187759039, -0.17169345029, -0.920536999258, -0.350903109311, 0.984611044526, -0.148559505226, -0.0920389287489,  
1063, 3689748.2220959277, 95.85969458090226, 109.7336586457367, 94.2102902332472, 85.20594977435384, -0.110873651205, -0.0295617728628, 0.993394752882, 0.149961397833, -0.988610511783, -0.0126820799536, 0.982455399816, 0.147564757233, 0.114043981842,  
1064, 3747500.412915075, 96.35724181804635, 138.86141167797192, 92.01140483082416, 70.02124727229403, -0.0186253025861, -0.861115208465, 0.508068593651, -0.763798874208, -0.31565779883, -0.563002161449, 0.645185537549, -0.398548305465, -0.651839604772,  
1065, 3065165.735171953, 90.11320804261119, 98.6774775403528, 92.71136027499935, 79.98607026767284, 0.920565484556, 0.186264742355, -0.343314191959, -0.248204601564, 0.957647105478, -0.145967452301, -0.301585252304, -0.219584760683, -0.927808637849,  
1066, 3322508.611236885, 92.56763510807046, 106.11821031395658, 97.50637640647605, 76.65748588545043, -0.642556148851, 0.433794923637, 0.631619790539, -0.680020271642, 0.0570420604712, -0.730971020967, -0.353120412508, -0.899204185691, 0.258336615109,  
1067, 1392043.9769791067, 69.26621375056071, 105.52574817761356, 83.53705048270372, 37.69873427341047, -0.959039326218, -0.0251955654857, -0.28215023347, -0.132673190793, 0.919988426191, 0.368807700732, 0.250282630664, 0.391134860572, -0.885647856449,  
1068, 2674678.17738692, 86.11146443155862, 116.57862297329403, 97.24828217732542, 56.3225183691483, 0.397435982411, 0.000354441799426, -0.917629835095, 0.139950125709, -0.988324864635, 0.0602322526389, 0.906895033727, 0.152360875277, 0.392845467692,  
1069, 3461686.7112972285, 93.84253201650671, 110.5912688481968, 94.96407577713288, 78.68989482150556, 0.319095307538, -0.583786317551, -0.746573318668, -0.902065806163, 0.0544695723121, -0.428147576244, -0.290612226271, -0.810078145078, 0.50923269024,  
1070, 3260484.529671368, 91.98800035120634, 106.29977519850236, 87.38754924644977, 83.79375037055642, -0.832339055019, 0.149255899193, 0.533792444726, -0.0452482258627, -0.978143605804, 0.202947491931, 0.552416777032, 0.14476796255, 0.820900689166,  
1071, 2661600.4178777877, 85.9708885856012, 134.27978890915549, 83.49386759973036, 56.674672343676264, 0.184240011906, 0.435851455048, -0.880959208559, 0.866037876936, 0.351864968035, 0.355203378335, -0.464794593046, 0.828386717302, 0.312636262889,  
1072, 2293177.824094493, 81.80560132553754, 118.76641027258502, 81.21073141194627, 56.75995886439431, -0.986352171921, -0.161919473006, -0.0298576155772, -0.0272478027888, -0.0183152162713, 0.999460909739, -0.162379032481, 0.986633993492, 0.0136533034803,  
