# Void_ID, Void_Volume, r = (a*b*c)**(1/3.0), a, b, c, vector_a, vector_b, vector_c 

50, 2710511.7635122817, 86.49431475916107, 125.97959637031154, 102.57636746317648, 50.0743314000584, 0.0303774473969, -0.283537277006, 0.958479954531, 0.782424691679, -0.589983537781, -0.199326433266, 0.62200386859, 0.755993411146, 0.203924372657,  
51, 1649573.4346969947, 73.29837527582495, 142.8840606369121, 89.44937240476203, 30.81214712231679, -0.829494084901, -0.0743057852918, -0.553550551789, -0.548105753927, -0.0821608029391, 0.832363913785, 0.107329612065, -0.993845185495, -0.0274244715802,  
53, 1562903.2250831907, 71.99148952710381, 112.40095461568019, 96.73738569860497, 34.31461509808912, -0.0754772208073, -0.969982890811, -0.231163104048, -0.248934185829, 0.242813435231, -0.937589146053, 0.965574937674, -0.0132222239034, -0.259788784458,  
56, 933148.6593909262, 60.62067144641843, 105.31401889123948, 61.40757416033669, 34.44721372248152, 0.640133918012, -0.596064111103, -0.484702117248, -0.549720380436, 0.085361782066, -0.830975853738, -0.536689920106, -0.798386461319, 0.273025617918,  
60, 647409.5080583857, 53.665702815628194, 77.80104671361094, 54.68894375891648, 36.3249887468239, -0.751183306113, 0.0465831924523, -0.658447907429, 0.0861442963151, 0.995894166228, -0.027820314249, 0.654448470721, -0.0776196872803, -0.75211194866,  
63, 672607.6702382652, 54.35311041419546, 144.23802542972217, 83.41284641055391, 13.346288126937694, 0.79066750461, 0.383160865235, -0.477527641614, 0.559417865794, -0.135184049283, 0.817787823491, -0.24879016979, 0.91373575183, 0.321232668395,  
73, 1007399.5608578025, 62.18768393679207, 118.03063709447235, 65.29654223135579, 31.205289262217743, 0.700132614463, -0.663805013053, 0.263015639861, -0.246539255578, 0.12095977974, 0.96155453675, -0.670099035684, -0.73805937182, -0.0789661069322,  
91, 1090264.652796578, 63.848070050712, 131.98620491545392, 68.91968227126057, 28.61353497394447, -0.94438481557, 0.300329262429, -0.133938994505, 0.325930092567, 0.800773757846, -0.50252458995, 0.0436680074999, 0.518231341077, 0.854124921921,  
127, 295066.4547728931, 41.299400082853886, 86.93609288632484, 50.05705686830219, 16.1869788714343, 0.869387168182, 0.284673661922, 0.403889660685, 0.240418667868, -0.957794229099, 0.157572455856, 0.431699914224, -0.0398888569927, -0.901134875114,  
156, 1531721.4855839554, 71.50949839132771, 116.4350543038318, 85.82105036079555, 36.59431476884209, 0.954662675148, 0.232286313652, 0.186177993247, 0.249267375912, -0.965651947014, -0.0733627462326, 0.162741979788, 0.116444775404, -0.979773270862,  
176, 2652084.1667072834, 85.86830650284338, 124.15699462553481, 88.1851866016229, 57.82716000103681, -0.871187455155, -0.435775696922, -0.226123771313, 0.128258709239, -0.646604751261, 0.751965424172, -0.473900961684, 0.626100501213, 0.619205976147,  
201, 435116.76049601164, 47.00806785941505, 95.21066954349673, 41.15674656071621, 26.508829230359932, 0.818417419794, 0.211446910553, 0.534306214633, 0.291253703655, -0.954189342674, -0.0685126151571, 0.495342514918, 0.211690581618, -0.842509875651,  
216, 4468711.500210761, 102.17968733106643, 124.06002929293774, 119.35066457389267, 72.05049805401153, 0.211648946904, 0.937426232776, 0.276472026393, -0.586219987484, -0.104581489815, 0.803373411473, 0.782017167042, -0.332106564361, 0.52740343226,  
222, 836373.087700408, 58.448111074849244, 148.39271353390248, 95.4313770036158, 14.099628622783921, -0.0458377613867, 0.476923128934, 0.877748955408, -0.115344047437, -0.875322385782, 0.469581166221, 0.992267428848, -0.0797185677016, 0.0951330626636,  
223, 1220256.046942758, 66.29093120804615, 109.89346926430204, 72.00420861557645, 36.81566026494908, -0.67813156784, 0.718867879797, 0.15286120533, 0.730103283305, 0.635111433798, 0.252156027819, -0.0841829698075, -0.282599430387, 0.955536911657,  
224, 1004506.3801555973, 62.12809396911332, 89.45397548781978, 60.302343723375365, 44.45598653702965, -0.513067104652, 0.857645352975, 0.0347360712281, 0.190387732493, 0.0742482190926, 0.978897192394, 0.836967536671, 0.50885327009, -0.201379472832,  
261, 405437.80350032996, 45.91400850738589, 106.38725302839474, 75.29440318467266, 12.08323829930073, -0.0525036539571, -0.434258778739, 0.899256737206, 0.45345092333, -0.812677820898, -0.365974069507, 0.889733458094, 0.388553821894, 0.23958359927,  
279, 1541707.1908348987, 71.66455848369428, 108.95298233250182, 67.53797703718467, 50.017976494406525, -0.634883300601, 0.451541955703, -0.626923485648, 0.133444661072, 0.863330563238, 0.486675313748, 0.760996528934, 0.225322437453, -0.608370020736,  
288, 1305735.986235111, 67.8040425995017, 135.6290403853621, 60.18528148161113, 38.18772435938699, 0.634751976658, 0.748420895352, -0.1922396721, 0.566995669392, -0.620141449981, -0.542162791887, 0.524981751131, -0.235139842254, 0.81798741773,  
294, 2304122.337086564, 81.93553773533479, 135.68888227229766, 77.17560137807374, 52.528214341330795, -0.528143469165, -0.689366594472, -0.495820707922, -0.835602377666, 0.525821943052, 0.158996700103, -0.151106394363, -0.498282031214, 0.853745790591,  
297, 300613.5377921249, 41.55659684905086, 115.96108584381724, 58.65660535448429, 10.55092963291233, 0.748719921757, -0.639011009201, 0.17630487482, 0.427838173381, 0.668984077866, 0.607795032029, -0.506332870908, -0.379638293224, 0.774275009384,  
318, 2029653.4708105924, 78.54365289294117, 131.0482351225157, 96.17855340445307, 38.44358401681701, -0.976898373967, -0.193424010445, -0.0908664906572, -0.0226367280845, -0.329146632243, 0.944007453903, -0.212502107007, 0.924256266772, 0.317164323105,  
324, 2999276.2663232298, 89.4628275965885, 129.89221107561292, 94.78439925749841, 58.15778935519725, -0.2782483148, 0.937516152282, 0.208905096927, -0.0485713827625, -0.230949594711, 0.971752594789, 0.959280301105, 0.260241712479, 0.109797791411,  
342, 498801.9860251258, 49.197895032710385, 130.19209198499723, 52.894471535327995, 17.291978094993052, 0.164851962666, 0.979572238028, 0.115161021574, 0.64823391098, -0.195604054331, 0.735888477002, 0.743381885077, -0.0466613803298, -0.667237655207,  
354, 2469238.6760013765, 83.84776429934682, 94.97859011939029, 81.28968208198616, 76.35075181530685, 0.43614703524, -0.436388473703, 0.786982124111, -0.559943771008, 0.553004370599, 0.616967697216, -0.704442145928, -0.709754370271, -0.00316179087809,  
361, 1499991.7699209326, 71.01227435546708, 126.30772095919313, 84.40211861478002, 33.59054263958644, -0.731557495347, 0.667400954408, 0.139282436281, 0.681342923132, 0.70835812006, 0.184392502131, -0.0244018871864, -0.229792819296, 0.972933609298,  
380, 814575.7112070505, 57.935881029452155, 115.95819011765985, 59.93117644291189, 27.982635524011492, -0.125298546922, -0.907830884928, -0.400179158015, 0.140051764127, -0.415503809807, 0.898744728719, -0.982184187158, 0.0565656115152, 0.179205340573,  
387, 1647132.239863289, 73.2621994676762, 112.05876596045795, 95.52869324840978, 36.73332032798118, 0.332723439158, 0.53542643655, 0.776281935948, -0.236263414818, -0.749599585918, 0.618288007008, -0.912948362096, 0.38912593313, 0.122907673935,  
396, 1137344.3187045548, 64.75417646054805, 92.20909637877755, 77.04054419660464, 38.22172163820472, 0.87341707283, -0.352920770747, 0.335543658059, -0.0700216574692, 0.590862543954, 0.803727828084, 0.481912423967, 0.725484930048, -0.491357336263,  
496, 1057279.7542992828, 63.19757814415342, 122.53424061070845, 67.30896042470572, 30.603490292880448, -0.851270963791, -0.333192369023, -0.40536476343, -0.511982619885, 0.358192748702, 0.780750761584, 0.114941477029, -0.872170166884, 0.475507788429,  
610, 3972808.918330431, 98.2508589717962, 111.2587715011103, 102.06350935131204, 83.52265873701812, -0.603324308513, 0.544441214165, -0.582737971197, 0.138661190843, 0.791194128993, 0.595638249612, -0.785348873375, -0.278559894036, 0.552839517875,  
632, 3867007.4655727632, 97.37081394842812, 131.32800506884294, 103.58513120073329, 67.86277797067426, 0.295737515674, -0.353349166331, 0.887515458162, 0.496774451264, 0.85045062068, 0.173057465471, -0.815937783409, 0.38971541981, 0.427044991972,  
675, 222283.6672401987, 37.57851794031574, 102.579924589147, 43.14668827752329, 11.989721665906671, -0.148488270813, -0.80143152467, -0.579360634404, -0.988650479191, 0.106776816825, 0.105683212409, 0.0228355737174, -0.588477886292, 0.808190765796,  
691, 438418.881374833, 47.12668375782598, 116.9799377763029, 43.34531300230462, 20.64177837825818, 0.707449189953, -0.66890329785, -0.228219240559, 0.421108159326, 0.13960468189, 0.896202237747, -0.56761215789, -0.730122531443, 0.380443855641,  
705, 1808868.9841954454, 75.58567589960091, 111.2529462329896, 85.975600037784, 45.147298303001506, -0.675772567604, 0.726203801527, 0.126330817782, 0.71295034793, 0.687471618086, -0.138146935224, 0.187171681244, 0.00328830863095, 0.982321713476,  
709, 1859348.1583145545, 76.2823451692907, 131.8531122596914, 80.84504818306449, 41.64168543167286, -0.162221908145, -0.827933342468, -0.536852338122, -0.986631456722, 0.127510238849, 0.101486489722, 0.0155698787902, -0.54613873642, 0.837550034002,  
716, 2096079.842360252, 79.39132875928549, 127.8554517535977, 69.39945097004824, 56.39543181944671, -0.513734751911, -0.52668577424, 0.677258222461, -0.848892086769, 0.197648692363, -0.490221602367, -0.124333542131, 0.826763019021, 0.548638387903,  
719, 1357336.0929415713, 68.68568957842051, 122.2085507747377, 74.71542325913401, 35.48844197484192, 0.315888493645, -0.399414185033, 0.860629286265, -0.877340491766, 0.222382525854, 0.425228966208, 0.361231395494, 0.88938985883, 0.280174156411,  
728, 1258476.4723115189, 66.9759419824265, 115.94898965351106, 73.60737735232112, 35.202068094258834, 0.24948148202, -0.65989469449, -0.708729837324, -0.250776836794, -0.75093128571, 0.61091176308, -0.935344839221, 0.0253218547086, -0.352829754156,  
734, 2611283.086717533, 85.42568084856984, 108.7040077895452, 92.68830469303467, 61.87209925257348, -0.378489869113, -0.527392366835, 0.760659391833, -0.691909655073, 0.707076183794, 0.145959924388, -0.61482228993, -0.471063224754, -0.632529042882,  
788, 1650376.2056662345, 73.31026365535232, 112.80346724119443, 67.54215998168132, 51.712668658773744, 0.897702026874, 0.428764472795, 0.101449976908, 0.33908831939, -0.819330953876, 0.462294170064, -0.281336422454, 0.380601911306, 0.880904082469,  
846, 1021891.1987136286, 62.48445935670559, 128.1617044359894, 67.00339982923838, 28.409326304322406, -0.925354041215, 0.0241870028327, 0.37833171596, 0.365986453627, -0.203253116754, 0.908153118308, -0.0988626024807, -0.978827441086, -0.179228977587,  
859, 701718.4807933145, 55.126205752443354, 81.08142072111279, 53.691798446558046, 38.48088079185821, -0.6264623374, 0.27193828171, -0.730475537413, -0.0592799524701, 0.917829178904, 0.392524503169, 0.777194201634, 0.28920437288, -0.558864924336,  
873, 304221.3449503199, 41.72218305801006, 89.36508867123682, 41.811198093328805, 19.437507310322847, 0.832924381907, -0.507898356573, -0.219718532254, -0.233376892086, -0.68239944127, 0.692723775249, -0.501769070654, -0.52570929414, -0.686918872786,  
885, 1564950.5640419237, 72.02291110777279, 114.96977839988901, 67.25502513958023, 48.31740261850853, -0.785144465599, 0.352805842116, 0.508995290654, 0.618738192386, 0.41146971703, 0.669220233742, -0.0266686599109, -0.840369388862, 0.541357620102,  
925, 1255013.7194573004, 66.9144564802253, 111.96519731016187, 71.7814075240833, 37.27905068119633, 0.485565792754, 0.680043866027, -0.549332505125, 0.329916516278, 0.439366199073, 0.835531229458, 0.80955602227, -0.586939250171, -0.0110165064337,  
948, 999753.8351508122, 62.029958389365426, 108.07898787881973, 66.72051009760003, 33.0981593504475, 0.902063671006, -0.17624328443, 0.393978981855, -0.187296544469, 0.662548095252, 0.725224121157, -0.388845905058, -0.727989234929, 0.564650808861,  
973, 2471612.467886636, 83.87462458862045, 141.67692629588316, 97.75128781330392, 42.605940266483614, -0.886382887114, -0.130844666907, 0.444077752847, -0.431079312292, -0.116494728068, -0.894762317516, -0.168807594455, 0.984534738582, -0.0468545043712,  
977, 3858798.7105361777, 97.30186662887414, 116.29922854390314, 99.43107255959451, 79.66444912501446, -0.327706549061, -0.417036978677, 0.847755021288, -0.926965416117, -0.0315003112508, -0.373821946539, -0.182602122183, 0.908343486137, 0.376255998181,  
992, 1380710.9003027251, 69.07772849126559, 128.74465176241682, 83.38386140579445, 30.704564675844246, -0.0553448787048, 0.751394482073, 0.657528156592, 0.952334975906, -0.158133735069, 0.260867428974, 0.299991729998, 0.64062473738, -0.706827353594,  
1001, 1628759.4649250438, 72.98878165795935, 140.08097490882042, 73.16038143907976, 37.941389041825964, -0.0385576053424, -0.571811481949, 0.819478456203, -0.0177755355571, 0.820351019216, 0.571583970739, -0.999098264139, 0.00747224072729, -0.0417950261705,  
1053, 1622286.2793651521, 72.89196007147473, 118.18652033458244, 81.14505481984484, 40.38395799945122, 0.0564855559864, -0.997667871012, -0.0383171125613, 0.760255311761, 0.067857256747, -0.646070625896, 0.647164000006, 0.00736287015411, 0.762315253186,  
1059, 2685654.2447092826, 86.22909544076958, 106.79934213048962, 93.28319126382726, 64.35607042818617, -0.683825568988, 0.115407794166, 0.720460708327, -0.720120401461, -0.265775427624, -0.640929036221, -0.117512546555, 0.957102117392, -0.264851540085,  
1068, 1682148.5898645201, 73.77772323317882, 107.12753596432755, 76.97935346508213, 48.69679417177273, -0.855437722148, 0.494744760711, 0.15314674425, 0.469727645587, 0.865709804511, -0.17292331637, 0.218133542805, 0.0759878682556, 0.972956114828,  
1074, 4141826.740729334, 99.6248711707696, 131.44835128672779, 121.48514089634746, 61.91915392380496, -0.870676913502, -0.25123301526, 0.422851846795, 0.402653645978, -0.857807988761, 0.319429954448, -0.282474341623, -0.448383124639, -0.848033501616,  
1096, 2743762.062044933, 86.84655836547701, 128.99364300763156, 86.43781545037173, 58.747007212749104, 0.0123765227458, -0.334913229337, 0.942167687039, 0.233573775903, -0.915204260531, -0.328396791573, 0.972260311283, 0.224130074556, 0.0668999012284,  
1107, 573338.3557143494, 51.535614924143196, 120.0271535145736, 47.37663297848366, 24.070143974405298, 0.877108232772, -0.299330346666, 0.375609493449, -0.339420018046, -0.93961444933, 0.0438034012253, -0.339816420076, 0.165909704883, 0.925742280806,  
1136, 2254170.5720762606, 81.33910489233526, 107.60884915376266, 77.90501263335194, 64.19257207978684, 0.274052226797, -0.849781478307, -0.450296364757, -0.883311262853, -0.037241972336, -0.467305305355, -0.380337468446, -0.525817910138, 0.760827796202,  
1161, 674322.9735426912, 54.39927547780019, 131.56095185388133, 85.64049914272003, 14.288056200580703, 0.175508160462, -0.371370245575, 0.911746141375, 0.942547219901, -0.204020187297, -0.26453827971, 0.284256264431, 0.905792417653, 0.314226784751,  
1174, 2884418.1643573293, 88.30593043660217, 104.0392848042739, 99.03633172057745, 66.83096138463695, 0.277288075237, -0.904886942634, 0.322941085001, -0.896810107381, -0.364367723947, -0.250933841969, 0.344736065174, -0.220035867066, -0.912546581043,  
1178, 3779991.659764775, 96.63491688003404, 131.92080736412987, 107.93734448240284, 63.37488767034407, -0.723006264343, -0.265183165985, -0.637918357001, -0.39134664016, 0.918161463397, 0.0618654537569, -0.569306375299, -0.294376316321, 0.76761503075,  
1179, 1009359.9727072913, 62.2279971289287, 116.58582897138537, 94.72022032829791, 21.820716373264652, -0.717731031927, -0.348693315802, -0.602723101701, -0.581443882467, 0.77637614171, 0.243234656503, -0.383125537325, -0.525026721318, 0.759974844683,  
1248, 364255.7593473825, 44.30362604434477, 96.45093194930206, 74.37723342075863, 12.121918773255453, -0.381853228999, -0.00438942317402, -0.924212553728, 0.914777209157, -0.144397743414, -0.377269067514, 0.131798213605, 0.989509992199, -0.0591540888637,  
1253, 1406253.8292486644, 69.5011039453546, 116.85570849198861, 63.14482667717868, 45.49748603450824, 0.90686874792, 0.305778819787, 0.289979977613, 0.278105934702, -0.951250195619, 0.133342245434, -0.316616744866, 0.040278762443, 0.947697978349,  
1262, 2194969.3058611816, 80.62070917326916, 115.30008830965747, 77.20671625622012, 58.864725179324964, 0.777892974398, 0.426618389284, -0.461388415879, 0.42264493887, -0.898546472575, -0.118260273423, 0.465030940939, 0.103009642978, 0.879281091246,  
1319, 1530359.3656026896, 71.48829492736073, 128.11991818746424, 67.92698882240882, 41.98032542304671, 0.156274509266, -0.95913884317, 0.235862157364, 0.51196583586, 0.282872195812, 0.811094509751, -0.844671096147, -0.00600002993667, 0.535252033135,  
1402, 787128.173976476, 57.27770601804311, 102.92848523811939, 73.36760838350907, 24.883811595288485, 0.269172220372, -0.656901684545, 0.704291482713, -0.0847797204202, 0.712281003039, 0.696755460485, 0.959353279447, 0.247256849354, -0.136034317957,  
1409, 2807184.6824989966, 87.51062630509202, 113.00674933384501, 87.07258922343291, 68.10775022554661, 0.233744725404, -0.778247078446, -0.582833499583, -0.932040359724, -0.350050778639, 0.0936227548229, 0.276882955763, -0.521340519493, 0.807180210079,  
1411, 965093.8751316812, 61.304682852986154, 126.41897001667391, 78.45621745306595, 23.229578867034512, -0.227726497816, 0.926724728314, -0.298867730148, 0.790882480253, 0.355084663495, 0.498417279175, 0.568018965019, -0.12286643025, -0.813792538486,  
1417, 3158120.836656681, 91.01508476949151, 123.4738884213894, 99.18032107039792, 61.565795976139746, -0.237682084625, -0.967736066481, -0.0836309289757, 0.541915557111, -0.203564680717, 0.81540722938, -0.806123288095, 0.148486788629, 0.572814907272,  
1418, 2624225.041250357, 85.56657631151462, 143.8243548515711, 89.76410565572992, 48.52631613686341, 0.116107723669, -0.972760759867, -0.200637734656, -0.346328331334, -0.228976662879, 0.909739729138, -0.930900469126, -0.0361412772359, -0.363480569852,  
1423, 1808070.5363357142, 75.57455290807492, 111.00516956460658, 82.88520690506553, 46.91443920694278, 0.247181960047, -0.34984060033, 0.903610885829, -0.370123344952, -0.895924438486, -0.245617812962, 0.895494158635, -0.273735191168, -0.350940531953,  
1426, 1793368.7537839236, 75.36915793559271, 114.35531775768328, 68.57044084772076, 54.59937643639709, -0.718317098294, 0.620605956597, 0.314434083608, 0.0828672850665, -0.372417821462, 0.924358144511, 0.690763026923, 0.690038558991, 0.216086158146,  
1444, 3052438.041274809, 89.98830729272849, 113.14388822934538, 86.5504743478955, 74.41452197850441, -0.999955945522, 0.00527430239647, 0.00776458304785, 0.00924879739455, 0.694820218436, 0.719123997513, 0.00160211186593, -0.719164129936, 0.694838389449,  
1459, 2097236.670415169, 79.40593145138996, 139.59515187257512, 89.82694005849773, 39.92839858278602, 0.722558854959, -0.498200774069, -0.479275171313, -0.237197974269, -0.829865973384, 0.505034243614, -0.64934260766, -0.251233865028, -0.717799221886,  
1469, 1953618.4286160434, 77.55034091785276, 109.8081590690802, 102.14686819327831, 41.580668530745605, -0.924719280361, -0.218038482687, 0.312015180072, 0.317892537435, -0.893227879205, 0.317943847957, -0.209376663387, -0.39319610359, -0.895297848177,  
1470, 573760.629395846, 51.54826411176528, 136.41523740545043, 89.88721304559317, 11.170724382110048, 0.584580752041, -0.315861502379, 0.747326471937, 0.741722844902, 0.581347730359, -0.334487724374, 0.32880475315, -0.749844202299, -0.57412638555,  
1471, 727565.9689965922, 55.794911020727454, 120.78321084043733, 49.51428078375886, 29.043350924668182, -0.99722247356, 0.0500309504463, -0.0551746520105, 0.0692630375339, 0.350561090126, -0.933975135494, 0.0273855775659, 0.935202558854, 0.353052693028,  
1472, 1584164.2822891471, 72.31646732641319, 123.86908626783784, 79.13462348882803, 38.58176873402194, 0.246827256748, -0.151375310168, -0.95716342429, 0.819589406384, 0.559626805415, 0.122845608812, -0.517058517258, 0.814802647353, -0.262196749785,  
1480, 1524002.966638696, 71.38918123268677, 113.97527843661963, 63.87918735199509, 49.97204917859856, 0.739386465238, -0.618505606404, 0.266004642574, 0.311203827212, 0.664304186067, 0.679597032294, -0.597042572144, -0.419703184669, 0.683658835843,  
1484, 2110046.454250277, 79.56727214772678, 137.26322906079417, 86.90082161876823, 42.230411527561074, -0.404930921335, -0.905614885125, 0.12606596998, -0.909589304186, 0.384929397603, -0.156450172808, -0.0931571073926, 0.178019770534, 0.979607428841,  
1489, 3721186.594885765, 96.13118137998863, 106.80914078511162, 99.97181682650448, 83.1968402161953, -0.227179651343, 0.970265921504, 0.083507170853, 0.904463734569, 0.178427176164, 0.387439150908, 0.361019056097, 0.163547498833, -0.918105362559,  
1499, 345400.0126375788, 43.52558129504092, 133.74513572236114, 37.78668062964655, 16.316124142504872, -0.597945525034, -0.762920907547, -0.245790231539, -0.0764459208133, -0.250969785629, 0.964971599526, -0.797882930187, 0.595790110298, 0.0917440689503,  
1500, 961093.8831869701, 61.21986975561765, 95.29719946016023, 72.45571445297786, 33.229547144011384, 0.067587163971, 0.993443852368, -0.0922024265356, -0.511899208862, 0.113851619103, 0.851467561798, 0.856382610305, -0.0103499285164, 0.516238030125,  
1553, 1092385.6120688135, 63.88944576547868, 127.67393713950648, 98.73667220699053, 20.687433979575204, 0.121127452665, 0.724974627456, 0.678041244879, -0.973725025922, -0.0459209979619, 0.223048953908, 0.192841162888, -0.687243080352, 0.700363644405,  
1556, 697895.0054591085, 55.02590072834081, 104.67858196075044, 64.36101735012365, 24.72980830089119, 0.0124776695596, -0.135078125457, 0.990756381653, 0.870985541052, -0.485217704027, -0.0771230638389, 0.491150175649, 0.863896799231, 0.11159670801,  
1557, 929161.9970803703, 60.534218936578455, 125.92980540987236, 74.34768399765164, 23.692279794105474, -0.275710766033, -0.960725924708, 0.0314526801296, -0.151012675203, 0.0756060822175, 0.985636288019, -0.949304348153, 0.267000782631, -0.165927202872,  
1566, 1842630.1397748564, 76.05302984938744, 112.5385617574566, 88.07051718017655, 44.38310216616385, 0.200230040862, -0.318766163299, 0.926442693248, -0.32657421587, -0.91323033259, -0.24363834092, 0.923719228048, -0.253768581138, -0.286956956637,  
1572, 2114696.5744779864, 79.62567937902271, 95.1356107144583, 82.51483536017169, 64.31085812455257, 0.0327223914553, -0.901000000778, 0.4325832217, -0.978634062233, -0.116787720742, -0.169221749554, 0.202989204973, -0.417803335174, -0.885570864348,  
1575, 1678401.4860232417, 73.72290082354179, 126.36168360966575, 83.44525298264548, 38.00057837575602, 0.781980329024, -0.419680722117, 0.460841465693, -0.501842335701, -0.862425435368, 0.0661561677319, -0.36967693344, 0.283002579341, 0.885013279544,  
1585, 880837.7085265791, 59.46605064312706, 92.03925732704108, 54.4201549216803, 41.98309094246193, 0.731078078927, 0.0193728329723, -0.682018721044, 0.568861170869, 0.53461544013, 0.624966638671, -0.376725113032, 0.844873377801, -0.379825176488,  
1591, 626818.1476662976, 53.0906021119471, 103.93991346338689, 57.660655625853686, 24.968417941491793, 0.699852639616, 0.660034019281, -0.273059290657, 0.609993292441, -0.353372780217, 0.7092502107, -0.371637546541, 0.662934967846, 0.649925197548,  
1592, 407639.4784368806, 45.99696845001804, 98.95552876308378, 37.411752806835494, 26.286908172924704, -0.470850377137, -0.764095573481, 0.440973782596, -0.874479158, 0.470275217058, -0.118858834105, 0.116559532319, 0.441587108969, 0.889614917039,  
1595, 2472621.780312576, 83.8860401026008, 137.25114799119484, 84.12008974664116, 51.127359995134384, 0.498293791502, -0.35627889749, 0.790423079467, -0.666211870092, -0.740777013125, 0.0860881000786, -0.554855874529, 0.569486403727, 0.606481817098,  
1596, 350758.82037715154, 43.749523829446446, 124.92126344365067, 26.92888229747572, 24.892315420372448, -0.162225820346, -0.788642636871, -0.59306456185, -0.845675165858, 0.420809388249, -0.328257479141, -0.508444979386, -0.448288132869, 0.735201640957,  
1604, 656368.8035614537, 53.9121238048948, 117.75731576608135, 46.91165723161886, 28.365513445027652, 0.373787962263, 0.582653411711, 0.721663052324, 0.531212930126, -0.772294291234, 0.348388218219, 0.76032583945, 0.253133422424, -0.59818733547,  
1605, 871973.2351707944, 59.26589516335692, 119.3208656774728, 61.87416256587274, 28.196085303633026, -0.762537917501, 0.541003784889, -0.354754604069, 0.642274477723, 0.567305357506, -0.515410638822, 0.0775849188863, 0.620869983234, 0.780064769286,  
1621, 2506366.3505472215, 84.26592270772338, 117.11693492325132, 86.82638722500249, 58.84160540381607, -0.175420954039, -0.861155730335, 0.477114553325, 0.0303978093968, 0.479660548647, 0.876927437851, 0.984024116609, -0.168334685023, 0.0579652633069,  
1630, 2594345.245071598, 85.24057817678968, 134.212069947008, 78.67661459067939, 58.65457897235832, 0.384976860934, -0.918784479875, -0.087337827347, 0.492883805421, 0.124665462098, 0.861117922769, -0.780293772177, -0.374557875502, 0.500847309068,  
1638, 702519.0450010386, 55.147161589766554, 101.82502245552128, 59.6808041917978, 27.598171676113026, 0.180416302097, -0.983498974422, -0.0134061645466, -0.941455410927, -0.17661815915, 0.287171960843, 0.284801101075, 0.039189197089, 0.957785226268,  
1642, 1355588.0888940997, 68.6561919861176, 113.48069481397113, 88.97722276734143, 32.05075782127008, -0.350044955963, -0.916965565186, 0.191422780952, 0.535423448373, -0.0281795960462, 0.844113523941, -0.76862881792, 0.39796992679, 0.500828990408,  
1643, 3958901.027665827, 98.13607369874408, 124.61760856448262, 95.14767924304225, 79.70919490611941, 0.346265022725, 0.376824017976, 0.859129904912, 0.851182484716, 0.25885521116, -0.456598683056, 0.394447603302, -0.889380480521, 0.231113498346,  
1647, 2734929.480609754, 86.75326749070673, 105.8759547415627, 94.14524748530772, 65.50308919921937, 0.428404120229, -0.57718864013, 0.695214487389, -0.436710891641, 0.541307178841, 0.718519404927, -0.791045831095, -0.611424412205, -0.0201663399514,  
1653, 2863962.3199138283, 88.09668437172655, 131.31630674127473, 91.21714284204802, 57.079947618440166, -0.481896860557, -0.829403737005, 0.282603709862, 0.10082746828, 0.267892086372, 0.958158468991, -0.870407512275, 0.490227774715, -0.0454696764066,  
1655, 29596.181365979144, 19.188853340439422, 111.15199808007465, 72.87624273318056, 0.8722557137382414, 0.721983853323, 0.410882337334, 0.556700117126, 0.637706897873, -0.0829802369121, -0.765796443376, 0.268457124968, -0.907904171787, 0.321932891927,  
1658, 2110200.609648264, 79.56920977107306, 102.36314715745644, 76.35939237046865, 64.45090815375065, 0.345716508697, -0.931670581422, -0.111669258648, -0.792941032076, -0.22643849211, -0.565659021798, -0.501721651182, -0.284104799332, 0.817043357315,  
1661, 506526.85442501964, 49.45056848629193, 149.30383724753133, 46.375355688488085, 17.464479337060506, -0.565492563406, 0.540594494901, -0.622876996538, 0.80730155986, 0.517356098624, -0.283913470381, -0.168767153735, 0.663400527058, 0.728983805389,  
1663, 2174202.0837880075, 80.36564465855145, 125.60234592873553, 78.2854332811833, 52.78768151317959, -0.872603597563, -0.479532802268, 0.0927968376049, -0.477904702661, 0.877477694523, 0.0404967997313, 0.100846698979, 0.00901039194822, 0.994861174306,  
1668, 2990163.427713412, 89.37212933980011, 118.36067242822011, 98.55099430343172, 61.19809196960882, -0.333206990316, 0.753700493431, 0.566488012059, 0.94093526508, 0.304125993401, 0.148822737063, 0.0601159590593, -0.582617324099, 0.810520280515,  
1671, 1901258.5555666785, 76.85123612323099, 116.62847234710065, 106.82885500180443, 36.43002014237818, -0.810848526145, -0.216626078098, 0.54368907469, 0.551105467246, -0.595305371991, 0.584717263342, -0.196996019302, -0.773747152736, -0.602086299473,  
1678, 1445304.8970348507, 70.13857772115672, 97.84597585788963, 73.78138288986509, 47.794850214070536, 0.146322779433, -0.988780753672, -0.0300377327334, -0.0300669002786, -0.0347958097007, 0.998942056946, 0.988779867173, 0.14526483675, 0.034820991906,  
1680, 1459270.919822754, 70.36377095293957, 120.49094831410616, 98.17509319092008, 29.4504255112317, 0.233929391797, 0.775773850425, 0.586047756289, 0.783070082859, -0.507603482051, 0.359360474095, 0.576262340419, 0.374851487935, -0.726228667162,  
1681, 1540903.3104810112, 71.65210048758955, 126.40932481420059, 93.41625830271484, 31.151947279598332, -0.277145184268, 0.611738925586, 0.740922420878, -0.890272150259, 0.126548270438, -0.4374940385, -0.361394583953, -0.780871962726, 0.509541884949,  
1684, 2342678.099025001, 82.39003159347664, 134.35482963959186, 96.43919571710032, 43.16354896902709, -0.616680741446, 0.661059767375, -0.427439875406, 0.787116703232, 0.52630021467, -0.321644803364, -0.0123352592958, 0.534797221381, 0.844890391342,  
1686, 727619.5278236835, 55.79628007718667, 112.69983791613558, 45.75975275490492, 33.6828457245953, -0.983013871611, -0.181761599035, 0.0254253679716, -0.0541449188698, 0.419578207115, 0.90610289475, -0.175362641349, 0.88933506016, -0.422292664853,  
1689, 1367454.6722431832, 68.85594505169752, 116.26466086423851, 62.101902217510755, 45.21387173371477, -0.842850693579, 0.505658605085, 0.184152337583, 0.53631118524, 0.761019058599, 0.364993568486, -0.0444187001197, -0.406398040784, 0.912615807186,  
1692, 567561.33505736, 51.36193742900209, 113.24636188688271, 77.14631860878313, 15.50903324258973, -0.308387088369, -0.94960447922, 0.0561136059475, 0.786768389709, -0.221459834428, 0.576151926743, -0.534689540464, 0.221826226538, 0.815414140507,  
1694, 1892831.4167685236, 76.73752280499812, 138.22182860077467, 70.59063138445433, 46.3126493477745, -0.651517487621, 0.728950663506, -0.210133037619, -0.216475056824, 0.0868371271892, 0.972418563744, 0.727092506561, 0.679036260825, 0.101223729366,  
1696, 1490483.7324406288, 70.86191374811999, 163.65202347596917, 64.62462138500196, 33.64489984720574, 0.160603732907, -0.609488255561, 0.776357203425, -0.771558315827, 0.413016532762, 0.483854429496, 0.615551952523, 0.676713683915, 0.403923735063,  
1706, 1355532.5960315675, 68.65525512812353, 102.21215640121638, 61.24063203456173, 51.698642677300015, 0.901744915294, 0.239457854839, -0.359883374855, -0.171712191867, 0.962471057713, 0.210153244632, 0.396700177597, -0.127708256667, 0.909021215525,  
1710, 622709.188555218, 52.97434004116885, 85.77676388699544, 80.798925561992, 21.449709836656098, -0.497724882307, -0.785577910031, 0.367610240342, -0.123174319982, 0.48356442306, 0.866598832014, 0.858544133071, -0.386047660298, 0.337445070416,  
1718, 4084532.6394237913, 99.16336458811081, 111.18533909558062, 98.51311379869122, 89.02504260069303, 0.608172276029, 0.113983649501, -0.785578901394, 0.71177754587, 0.359816774211, 0.603245069761, -0.351424540783, 0.926034349602, -0.137699584214,  
1723, 2640232.4339741673, 85.74020499338984, 159.33253333788855, 93.80375622848656, 42.17245289572276, -0.575232884902, 0.5136321302, 0.636623250403, 0.0560693121672, -0.751688776681, 0.657130287877, 0.816065781883, 0.413697979012, 0.403597103311,  
1726, 810065.2788788573, 57.82874972502607, 105.62893975942208, 79.29669218816045, 23.088377599491903, 0.100121904496, -0.941393128468, 0.322109580599, 0.754645702903, -0.139137818363, -0.641210207803, 0.648448507848, 0.307277798051, 0.696487535779,  
1731, 1771799.3200645538, 75.06577518304134, 109.91356477768703, 95.37574320733702, 40.34936392672019, -0.747860457069, -0.495034241991, -0.442318704114, -0.647901660977, 0.399077961189, 0.64881447163, 0.144665733522, -0.771801710383, 0.619188134087,  
1735, 896581.012171388, 59.81824161656628, 139.23235346194753, 82.40328397738888, 18.655901664725842, -0.00943852147014, -0.793142826066, 0.608962537249, 0.0203203172512, 0.608711775836, 0.793131173682, 0.999748968001, -0.0198602975624, -0.0103715746858,  
1739, 2968033.8862783294, 89.15110871151681, 117.91132090292923, 95.61265773073292, 62.850588817989255, 0.133919475131, -0.981179154015, 0.13911521091, -0.0181695215927, 0.137925067418, 0.990275993985, 0.990825636863, 0.135144898178, -0.000643296810994,  
1743, 1851490.1323457141, 76.17473127688986, 136.14528873093838, 67.85630415504083, 47.845376166445064, -0.856052403598, -0.510634352542, 0.0801675763478, 0.177442346132, -0.144646290338, 0.973443200444, -0.485477595871, 0.847543514338, 0.214432962046,  
1763, 998037.3554759746, 61.994438260335606, 127.6315837136708, 52.73597195537207, 35.39916961230885, -0.801366794957, -0.598167765674, -0.00256594013962, -0.116577961758, 0.151969528239, 0.981486037251, -0.586703365231, 0.786829452038, -0.191516512687,  
1764, 1335948.4218773886, 68.32301569341367, 104.6454095234995, 59.59127098616263, 51.14441927604193, 0.262339617007, -0.0174919569598, 0.964817058717, -0.439111363364, -0.892483932482, 0.103216475553, 0.859278264541, -0.450739904715, -0.241814810101,  
1790, 1176001.706246754, 65.47966479825615, 114.52838898309327, 100.8780194447301, 24.300188569285385, -0.255426808529, -0.58844850584, 0.767128086737, 0.0286874823289, 0.788485831742, 0.614383529646, 0.966402697556, -0.178936997622, 0.184519313459,  
1813, 324558.6493387181, 42.631916769231545, 107.12322224879952, 48.20819503237818, 15.00375897982378, 0.0453383771802, 0.834222557066, 0.549560876371, 0.851267267261, -0.320148909829, 0.415750784997, 0.522769998417, 0.448973719518, -0.724661388468,  
1814, 433549.58774386946, 46.95156318958882, 105.58037463131612, 63.114258493225144, 15.532432873715301, -0.650532292628, 0.474702992313, 0.592844672185, 0.758524718403, 0.366986324549, 0.538480537406, -0.0380524351349, -0.79998631656, 0.598810408641,  
1827, 2901998.4692163933, 88.48497310831763, 112.4350476874079, 95.43660316637992, 64.56421692524451, -0.938257384442, -0.155049122148, 0.30924561478, -0.0460441492559, 0.941951905055, 0.332575622803, 0.342860054336, -0.297802582736, 0.890932435629,  
1834, 2566485.9840013715, 84.93436206464987, 104.40747299225558, 92.85806852863095, 63.19737754218255, 0.663851815115, 0.0593660139185, -0.745504154221, 0.525434081672, 0.672335730374, 0.521424674789, -0.532183984526, 0.73786200746, -0.41513836797,  
1851, 3438918.667254675, 93.6363403971528, 119.38109555697255, 95.23007590465396, 72.21436632616368, -0.485514056719, -0.314477611043, 0.815708240048, -0.860079187319, 0.339016447757, -0.381223870831, 0.156652137776, 0.886663228235, 0.43507289898,  
1853, 1907180.064594141, 76.93093835622356, 125.940462057804, 122.12267713620083, 29.603392997642505, 0.77055618685, -0.463419130309, -0.437590987762, 0.177817430257, -0.502992876358, 0.845800879539, 0.612065457613, 0.72954840552, 0.305180273936,  
1859, 168088.65913909444, 34.23601971760054, 139.8564510239085, 57.84309929193199, 4.960389107751228, 0.0616624617737, -0.128313118561, 0.989814873809, -0.887974292478, -0.459873018563, -0.00429682398241, 0.455740492722, -0.87866520951, -0.142295653097,  
1864, 1255399.6155662779, 66.92131414290134, 124.63252318762638, 56.08552483513876, 42.875698305998974, 0.790181199148, -0.465550155829, -0.398593433112, -0.424493674291, -0.884848133072, 0.191960677969, 0.442061978685, -0.0175166722636, 0.89681345507,  
1865, 2785202.8471097457, 87.28160833508832, 124.84537122858369, 86.5499660736191, 61.53594495956587, -0.0272777831854, -0.519695385012, 0.853916055208, 0.236331336069, -0.833370112709, -0.499641626404, 0.971289566575, 0.188178006262, 0.145552793936,  
1866, 671233.3715362214, 54.3160663615555, 132.9962070218388, 119.21779928231845, 10.106588301912286, -0.0934211083487, 0.750159326758, 0.654624687124, 0.992642197264, 0.019306371491, 0.119535485235, 0.0770322317309, 0.660975225328, -0.746443425034,  
1867, 1148020.126741057, 64.95615322278162, 83.19158579592231, 70.34099669983135, 46.83526394443042, -0.139521437341, 0.867247046164, 0.477929209655, 0.726648191141, -0.238212738282, 0.644388933512, 0.672693224906, 0.437192465899, -0.596947713729,  
1868, 1279546.9099952802, 67.34766366441774, 132.17192343979738, 85.39844922319942, 27.063153987159087, 0.516844405811, -0.853079056842, -0.0716099361741, -0.805745721311, -0.456491721808, -0.377344856212, -0.289215650979, -0.25272797767, 0.923299992706,  
1869, 2062800.3814943952, 78.96891988914025, 117.01352854298888, 70.81851499211608, 59.42725939131894, 0.1276300485, -0.628362436724, -0.767379449056, -0.852505475815, 0.325922575069, -0.408667210289, -0.506897410158, -0.706353398218, 0.494084904041,  
1870, 2188303.3922161865, 80.53901393416125, 99.9326968666907, 93.82875260712544, 55.7154155184388, -0.738773588376, -0.0481867440455, -0.672228847057, -0.278841318719, -0.886211050557, 0.369969583677, 0.613564262398, -0.460768935117, -0.641272862624,  
1871, 3178087.7431065254, 91.20649323617701, 115.01917607355861, 84.08060786845829, 78.45329329337987, 0.12030645524, 0.661645134276, -0.740102744973, -0.512088916118, 0.680036713507, 0.524704688631, 0.850465342513, 0.315873051352, 0.420633946102,  
1872, 2657694.3591096457, 85.92881217830548, 122.00640677704082, 78.9772012673298, 65.84640198323649, -0.532281324502, -0.796936691279, 0.285601998731, -0.182471767259, 0.437438134117, 0.880540704893, -0.826668401319, 0.416581071237, -0.378258595867,  
1873, 113311.93211244531, 30.018962515457627, 146.07122458410808, 41.42499417611439, 4.470539220771678, 0.0856772744653, 0.967012507599, -0.239887921302, -0.708347527338, 0.228440419956, 0.667876302203, 0.700644835244, 0.11270219464, 0.704553071223,  
1874, 3189963.2890678495, 91.31995565744306, 127.8213531048458, 101.52179238595374, 58.68598367340693, 0.651588393448, 0.414324658307, 0.635427134331, -0.278549813949, -0.648459246076, 0.708456496426, -0.705579596271, 0.638620140379, 0.307118461881,  
1875, 1655368.7623440002, 73.38411291791384, 123.30085048521019, 95.99433569092622, 33.38831226157919, -0.334859901495, -0.889145757915, -0.311911313601, 0.16222788845, -0.380480715039, 0.910448536543, 0.928197693694, -0.254271993474, -0.27165197359,  
1876, 1018014.4505536847, 62.40534347020917, 134.89125386361417, 90.74575878100102, 19.854328602654327, -0.391606191952, -0.353380128667, -0.849568758305, -0.892845423836, -0.0772529487001, 0.443687988402, 0.222422210132, -0.93228454164, 0.285261097697,  
1877, 2318111.737667803, 82.10102621227185, 98.20301437160796, 80.19357102064636, 70.2718496430486, -0.851983870106, 0.48397708384, 0.199723978022, 0.523399971149, 0.796970735676, 0.301479877732, 0.0132648136353, -0.361391517324, 0.932319803461,  
1878, 835722.8765367129, 58.432960951314385, 137.60583709605916, 102.56119386651345, 14.1368860337036, 0.357957294111, -0.889703756925, 0.283361607327, -0.587726802275, 0.0211273834525, 0.808783555444, -0.725564457151, -0.45604918439, -0.515340043017,  
1879, 380259.9675656723, 44.94320080662943, 106.61370570672581, 59.767394422050025, 14.246711688211008, -0.951231943158, 0.272656593101, -0.144278108372, -0.0779897145093, 0.239950283822, 0.967647387081, 0.298455012937, 0.931709312786, -0.206983964887,  
1880, 2463861.9254020923, 83.78686075809071, 113.25696692219302, 98.38658332471945, 52.78699639655585, -0.569386178993, 0.810048431602, 0.140074685899, -0.458046460004, -0.45410675063, 0.764186168096, -0.682636667378, -0.370956328279, -0.629601924124,  
1881, 173994.04267917312, 34.632346915264385, 149.03920820820497, 50.43479282107565, 5.526052337035342, 0.895223735044, -0.391978032597, -0.211961520507, 0.237125548104, 0.0163102845668, 0.971342086524, -0.377287607338, -0.919829982431, 0.107549359694,  
1882, 3818963.098694435, 96.96588171832741, 118.52566538313711, 91.30062396478318, 84.2501543151009, 0.492219829763, 0.69104702128, 0.529314323978, 0.699757559315, 0.0475491481564, -0.71279620979, 0.517744142767, -0.721244128496, 0.460160743372,  
1883, 2139456.932574911, 79.93524549185877, 112.96728227794198, 75.16994489441699, 60.14756173153177, 0.512026626026, 0.645826089965, 0.566336821831, 0.290728707452, -0.750706849341, 0.5932251217, 0.808273191999, -0.139096685345, -0.572142079577,  
