# Void_ID, Void_Volume, r = (a*b*c)**(1/3.0), a, b, c, vector_a, vector_b, vector_c 

6, 476898.5031031712, 48.466960341302766, 99.96576722129933, 55.19101685490765, 20.63562612639973, -0.171167427375, -0.720694363527, 0.671789659184, -0.0837107454103, 0.690025054005, 0.718928324625, -0.981679287196, 0.0668210986638, -0.178439675702,  
11, 3781982.3807823975, 96.65187806375677, 113.85922755755215, 94.98892598549952, 83.48139190586463, 0.274830513247, 0.332433727904, 0.902195103922, -0.792903829884, 0.609106842455, 0.0170988604642, 0.543848973101, 0.720053241799, -0.430989122172,  
35, 585896.24109038, 51.90916394561124, 99.54618618637214, 61.0217036315886, 23.026246424856733, 0.362920144526, 0.756429637944, 0.544153628617, -0.355559201457, -0.427368419732, 0.831224330777, 0.861316795933, -0.49514688392, 0.113854909371,  
41, 1243643.9891338025, 66.71177385336813, 105.6293113722209, 58.91535681716155, 47.70836190218886, -0.888818570931, 0.335908227123, -0.311716555413, -0.0774196356164, 0.560372880573, 0.824614112624, 0.451672168711, 0.757065319288, -0.472063930355,  
51, 2740639.781957564, 86.81360334550268, 132.4371253959675, 90.64098403694393, 54.504077161786476, -0.613966310568, 0.488611108573, 0.619923022695, -0.00671573917421, -0.788581690424, 0.614893337398, 0.789303660409, 0.373360552426, 0.487443975814,  
54, 1443582.2537396182, 70.11070083844304, 137.60668915582715, 75.20935109051898, 33.299793311757995, 0.311000321456, -0.939408927554, 0.144186222945, -0.691139945613, -0.32767927395, -0.644167578354, -0.652383610794, -0.100683465655, 0.75117139463,  
67, 1446947.7262678517, 70.1651423756468, 99.89632203042635, 75.43717859231342, 45.83838379857644, 0.618753030034, 0.760143024765, -0.198311042874, -0.375325480815, 0.507807530634, 0.775411049239, 0.690127141384, -0.405356748721, 0.599508494512,  
70, 959220.3604373928, 61.18006392249606, 135.50820434410704, 73.6651921940119, 22.94044629310046, -0.848623558247, -0.384922403287, -0.362867468694, -0.476930028072, 0.853480009313, 0.210022908335, -0.228857607939, -0.351292779815, 0.907864295001,  
100, 2916031.8407867593, 88.62737454755181, 124.64277516467787, 81.3998503683246, 68.6140312501125, -0.565005391892, -0.0458336116882, 0.823813199198, -0.798336437099, -0.221812987352, -0.559873139061, -0.208393474785, 0.974011436628, -0.0887348915914,  
102, 2140842.98668525, 79.95250386808308, 156.8645517924062, 87.96983446731102, 37.03715503904608, -0.707671858635, 0.69932073311, -0.100752432916, 0.693193032265, 0.659619170737, -0.290492632635, 0.136689284568, 0.275414345738, 0.951558184057,  
114, 2019191.9935718158, 78.4084740815711, 117.88707804427871, 84.81017071756537, 48.2141889360568, 0.421022351054, -0.73012230673, 0.53820218982, 0.352024920441, 0.678371897063, 0.644895359468, -0.835953727967, -0.0820547773748, 0.54263097793,  
143, 601217.3777256014, 52.35774961700626, 99.30340370011294, 61.615614772983236, 23.457838673170663, -0.672721652815, -0.477539188533, 0.565156528097, -0.00595214251052, 0.767300853822, 0.641259675735, -0.739871711741, 0.428025376748, -0.519022279893,  
154, 2823261.9368847925, 87.67737144390792, 159.37039785842418, 95.66744472661652, 44.206968363417104, 0.0205309586268, 0.906683983315, 0.421310614794, -0.201084940733, -0.409043392088, 0.890083338794, 0.979358630098, -0.102993484209, 0.173922442089,  
157, 1676819.1028854058, 73.69972509022574, 112.97924161191068, 73.26837195950228, 48.35956737292833, -0.0977332758646, -0.685607438389, 0.721381069349, -0.536191373191, -0.57437779669, -0.61853775793, 0.838419356947, -0.447250027497, -0.311480970206,  
163, 828372.256105168, 58.261140044922236, 118.99056236338463, 60.05975196147926, 27.672021370252253, -0.064427313531, 0.746423155117, 0.662345525218, 0.997112894345, 0.0214224214666, 0.072848855788, -0.0401870277862, -0.665126719779, 0.745648341669,  
164, 862147.555218261, 59.0424445735899, 141.55640293987835, 86.2730475486208, 16.85343125304735, -0.330949825518, 0.698237944211, -0.634772389329, -0.155517401481, 0.623123429067, 0.766506053456, 0.930745158906, 0.35239319717, -0.0976344394264,  
170, 1790147.866009324, 75.3240099287821, 121.83347145835374, 77.81919014371309, 45.076166049794665, 0.103682234792, -0.644215739883, 0.757783659546, -0.683448703708, -0.59966949072, -0.416286405374, 0.722597995838, -0.474744754985, -0.502463485266,  
211, 2191546.9158466496, 80.57878618207894, 114.84386325813507, 74.4926095730573, 61.156297008936, -0.826722693293, 0.288171049678, 0.483204961194, -0.0576753478675, -0.897748426949, 0.436716516929, 0.559645550901, 0.333174440852, 0.758809362962,  
214, 1140235.9497607495, 64.80900791358846, 93.41950620916195, 62.86080116597576, 46.354152044344104, 0.212997060147, 0.852929574614, 0.476595628513, -0.431228344557, -0.355643671058, 0.829192193696, 0.876740763977, -0.382137043461, 0.292056352089,  
219, 1423355.2781453014, 69.78170378652625, 135.57031980362808, 105.3606741087719, 23.78929356873774, -0.193969983964, 0.854238110338, 0.482341057933, 0.815263785655, -0.133105107126, 0.563584945023, 0.545637796639, 0.502553759616, -0.67061100019,  
223, 3184424.585651711, 91.26707237714382, 130.8739438548273, 95.71424723086275, 60.689363251578435, -0.908152345523, 0.318902927447, 0.271219911119, 0.0687057105538, -0.525540629817, 0.847989723846, 0.412963488288, 0.7887382134, 0.455360503408,  
224, 240388.38300099273, 38.57224846371156, 110.30030414369726, 30.748525111354898, 16.920915928944154, -0.355291453087, -0.934319415478, -0.0285519390517, -0.900995509714, 0.334164969289, 0.276660197311, 0.248947936001, -0.124020172393, 0.960543555494,  
262, 1856848.230371587, 76.24814216181748, 125.89555971784564, 90.66827067860036, 38.83488767167797, -0.620336875462, -0.71781320445, 0.316111316562, 0.0502649352516, 0.365819104366, 0.929327616702, -0.782723193234, 0.592385504885, -0.190850245942,  
264, 1482176.7067666177, 70.73002172874087, 111.8242897480008, 64.27813527621898, 49.22797334597946, -0.992492637639, -0.0029249823227, -0.122269410366, 0.110961583281, -0.441989895615, -0.890130585482, 0.051438227697, 0.897015259989, -0.438996277978,  
278, 586153.7498026717, 51.91676774026194, 117.77136036259044, 43.79085844215154, 27.13312327195965, -0.719622787286, -0.59318925635, 0.360928732813, -0.188333325029, 0.66705544823, 0.720810368731, -0.668336444243, 0.450736658301, -0.591745605949,  
282, 1935525.728987137, 77.31019698129646, 101.31835547257849, 82.32314757056119, 55.398785063092305, 0.670781848031, 0.663198541695, -0.331993082225, 0.460189420397, -0.0211398656673, 0.887569041503, -0.581616204818, 0.748144906, 0.31937719067,  
306, 698609.9574175494, 55.04468457055872, 137.3508881057853, 47.948888711447836, 25.324223866655316, -0.95903077723, 0.0619503366958, 0.276445517434, 0.241698615026, -0.330125845223, 0.912468468392, -0.147789538942, -0.941901843134, -0.301627535348,  
310, 2494877.4343964574, 84.13697013619954, 123.64271102695616, 108.08325130705451, 44.56908172471876, -0.252997388278, -0.894134065273, -0.369481521651, -0.0131629740967, -0.378689468475, 0.925430182445, 0.967377412201, -0.238994894891, -0.0840379829524,  
312, 1297014.5570252114, 67.65274359453583, 124.15835328092798, 83.74751772161622, 29.77887959926284, -0.636283942241, -0.691099563967, -0.34281793642, -0.770592773593, 0.590374463484, 0.240093253032, -0.0364626128049, -0.416940506007, 0.908202120851,  
335, 1398975.9033640241, 69.38099783929611, 109.77240532844266, 75.53146971337934, 40.28102459352456, 0.173196158177, 0.553513539644, -0.814632341749, 0.403548480687, 0.714628822107, 0.571361768365, 0.898416225659, -0.427701307041, -0.0995985814515,  
346, 1335015.3356218857, 68.30710536987047, 156.4371049774499, 63.1973268605669, 32.237337516194344, 0.1138837916, -0.872715774636, 0.47476063307, 0.635458411506, 0.431321241588, 0.640433129843, -0.763690440726, 0.228755684643, 0.603695078236,  
351, 1173362.7976640633, 65.4306500566098, 109.59362966931292, 54.360660881080776, 47.01903011699601, 0.962764964893, -0.267617356013, -0.0382697417636, -0.167754168126, -0.480398747916, -0.860857469084, -0.211995663754, -0.835223319694, 0.507405010606,  
352, 692831.5916387796, 54.892501744592956, 140.83880824284233, 79.66306882073783, 14.742111753550656, 0.1299833693, -0.909371033325, -0.395156484768, 0.650060252611, 0.379091021699, -0.658567889623, 0.748682837843, -0.171272651104, 0.640421491913,  
367, 2297230.9651722657, 81.85376948820657, 119.43465761846677, 85.68416694979305, 53.59016629677617, -0.932686357729, 0.127647588844, 0.337345892473, 0.348653746025, 0.558647530499, 0.752564616528, 0.0923943910049, -0.819523660262, 0.565547740497,  
398, 1927632.402120269, 77.20496009927763, 116.47120952506023, 69.50858429058069, 56.84320801527106, -0.618145350605, -0.431541168121, 0.657014874826, -0.099573966409, 0.87208339009, 0.479119594613, -0.779731588907, 0.230743972718, -0.582044558703,  
411, 647791.4898682815, 53.67625527725446, 158.86864837746063, 32.227113937105855, 30.205568488668874, -0.537607451934, 0.641208559875, 0.547567174298, 0.819288399594, 0.243692996123, 0.519018537175, -0.199360843488, -0.727643667178, 0.656345905526,  
497, 1074993.2850725686, 63.54856001298465, 90.04744302620507, 87.77012426515915, 32.4712527194576, -0.14621445601, -0.803557659449, 0.576989099372, 0.909232189342, -0.338965094567, -0.241659865369, 0.389766800432, 0.489282896294, 0.780182086872,  
501, 126173.620367783, 31.114296440847493, 110.925238539054, 57.30758629060149, 4.738462708028707, 0.404176654863, 0.323816799424, 0.855443693106, 0.841353245627, 0.235287886363, -0.486584346855, 0.358839724302, -0.916396361266, 0.177346444344,  
505, 2584292.5611162516, 85.13033767542221, 105.35491880066442, 85.56926458879147, 68.43534357068339, 0.392162216077, -0.850557043573, 0.350373389272, 0.416953535254, 0.503864788078, 0.75648531035, -0.819974722611, -0.15057553242, 0.552239498148,  
512, 1586385.7830883902, 72.35025507928145, 106.93891496341355, 86.73898386653558, 40.82912722256798, 0.0576364557411, 0.308224198897, 0.949566154717, 0.344924607677, -0.898722824761, 0.270784599399, 0.936859143088, 0.311921668801, -0.158113309194,  
515, 770234.283589769, 56.8649609667919, 100.25762677210523, 64.77427303349918, 28.31485020921877, 0.0637408361518, -0.99430098655, -0.0854555671192, 0.693885959908, 0.105699967658, -0.712284908923, 0.717258238328, -0.0138947825469, 0.696668898809,  
549, 1127380.8071284974, 64.56453227723834, 115.25474775874572, 79.99210731583855, 29.19282104969273, -0.21359655911, -0.809999152872, 0.546148223729, -0.976644438768, 0.163725357923, -0.139138949963, -0.0232841181924, 0.563112226398, 0.826052341151,  
552, 195798.99146699058, 36.022508048108385, 107.33633359581702, 54.99213580820999, 7.919075751598196, 0.280457659347, -0.951236459963, -0.128423901791, -0.818285438598, -0.167002692196, -0.550017310435, -0.501749381955, -0.259343976289, 0.825220128009,  
567, 3162097.807673127, 91.05327335699545, 131.80477665120358, 95.18717786206908, 60.16959514627253, 0.841934607264, -0.234067366265, -0.486167239889, -0.384882617655, -0.891998074061, -0.237075529101, 0.37816859695, -0.386719412392, 0.8410925088,  
577, 1981813.9766599638, 77.92164144847345, 135.10863871791406, 92.87116238711424, 37.70598392793398, -0.7763922016, -0.515926794689, -0.361987143165, -0.624190222107, 0.549993441078, 0.55488177245, 0.0871878197957, -0.656754716232, 0.749047079152,  
579, 2010071.7570200246, 78.29024474398697, 117.20522426820368, 98.75028478716047, 41.46079498590662, 0.765049659361, -0.642987285636, 0.0355860818569, 0.171771581427, 0.257014180599, 0.951019576447, 0.620639623716, 0.721464525449, -0.307075554209,  
602, 2126641.396202977, 79.77531934328769, 123.14735833200602, 74.12433294577392, 55.61856196679692, 0.0398708133562, -0.847791648674, 0.528828553201, 0.270443537809, -0.500339217561, -0.822508942339, 0.961909876807, 0.175812365346, 0.209330841235,  
607, 190589.6399874341, 35.700165283428795, 125.44252627932714, 30.22959216323462, 11.998683583213367, -0.933748454116, -0.357710163704, -0.0125404632912, -0.301773706919, 0.767927366413, 0.564995743105, 0.192474554809, -0.5313482838, 0.824998513365,  
617, 1263858.2954357925, 67.07127950048974, 123.21003769351908, 74.44880254376785, 32.89318796272725, 0.50737035301, -0.518347323634, 0.68839768809, -0.490179943279, 0.483417672046, 0.725279930482, -0.70873051867, -0.705424274061, -0.00881166678058,  
625, 632601.0005790374, 53.25336904726684, 108.28076619036199, 45.222616911474226, 30.841412133561164, -0.728202089788, -0.677682893983, -0.102311346544, -0.150682252132, 0.0126788929427, 0.98850093807, -0.668592981807, 0.735244952976, -0.111347581034,  
626, 1827194.029805191, 75.84006317212156, 128.17484751662693, 95.96071019411379, 35.464986210503504, -0.438890964289, -0.898065074685, 0.0292205937074, -0.143049141096, 0.101940538634, 0.984451659461, 0.887080416139, -0.427886957285, 0.173208218883,  
641, 494923.99153143837, 49.07006491461644, 98.67963890288813, 39.319966538218786, 30.45153618625004, -0.827800617702, 0.00580881433358, 0.560992330615, 0.559571217363, -0.0633268524883, 0.826359342207, -0.0403260465596, -0.997975935296, -0.0491715622989,  
655, 1960097.7808454854, 77.6359805504292, 109.27639295067772, 84.38247011509321, 50.74701974721288, 0.640345575002, -0.666828040056, 0.381179629008, 0.432043591433, 0.723023412617, 0.539050535579, -0.635055808317, -0.180492409263, 0.751083624187,  
676, 1074764.1334496664, 63.544044235782756, 114.48683835659233, 109.11697780385734, 20.538875604518687, 0.229270213461, -0.761131271842, -0.606724283545, -0.0380745688773, -0.629863746225, 0.775771866205, 0.972617857344, 0.154760615839, 0.173388740583,  
699, 2862814.755173357, 88.08491627525758, 114.42969595028788, 81.0613762966591, 73.68039077389271, -0.602991647086, 0.141140886573, 0.785162609707, 0.795363129458, 0.0303256117505, 0.605374140157, -0.0616325063872, -0.989524940266, 0.130544347818,  
711, 663316.7442648805, 54.101684036861876, 75.57558957413528, 50.174695678203605, 41.76053561416906, 0.905035583258, -0.301340616446, 0.300173992741, 0.155193215161, 0.891033911247, 0.42658367875, -0.396012195527, -0.339488441465, 0.853183414692,  
712, 1192981.4293997616, 65.79330324663717, 97.68216766615495, 72.25652786374903, 40.35085085372329, 0.564982717303, -0.621935518945, -0.542209128865, -0.340472515415, -0.774315725109, 0.533398185313, -0.751580331965, -0.116753450157, -0.649226952984,  
716, 1841785.831081862, 76.04141202787046, 135.1515226238313, 95.56868649129696, 34.041913073987544, 0.506955089045, -0.86112661769, -0.0381770349532, 0.34961207825, 0.164933199267, 0.922262671109, -0.78788827408, -0.480892907086, 0.384673991168,  
724, 1231388.2596250337, 66.49190868271104, 127.37592144733375, 85.14244887405206, 27.106467441805567, 0.709688021966, -0.697306268908, 0.100532973792, -0.629573401362, -0.563660217035, 0.534719077676, 0.316196527141, 0.442776610802, 0.839028383996,  
748, 1044863.5385136966, 62.949215436533635, 113.76341240734969, 104.36602119666483, 21.009186075351007, -0.288225578765, -0.309459822727, 0.906179140051, -0.806309535132, -0.432030239045, -0.403998522405, 0.516518101619, -0.847103589101, -0.124998240113,  
755, 167474.22716434652, 34.194253289447595, 91.22250844381244, 65.31211381681565, 6.7106350806747175, -0.497233711858, 0.391444376539, 0.774293184697, -0.250461658464, -0.919204036867, 0.303863285455, -0.83067899542, 0.0428396858524, -0.55510104295,  
784, 3211388.613440453, 91.52394918013957, 126.237953872005, 94.80515929256372, 64.05932157714982, -0.128324102774, -0.56062669882, 0.818065174187, -0.910056512336, -0.261246069548, -0.321788184213, 0.394119358826, -0.785778719307, -0.476677810773,  
817, 1278693.866749892, 67.33269397975472, 117.97067080030638, 67.53822492240818, 38.313716538687004, 0.152704808324, -0.884415976569, 0.441009775292, 0.44534853477, 0.459947859763, 0.768187899461, -0.882239153571, 0.0790970713011, 0.464109609056,  
845, 1216255.3668156918, 66.21840567130329, 129.91102113001202, 61.302520458723855, 36.45959439824815, 0.521698678613, -0.555785401665, -0.647250396701, -0.685117394096, -0.725027490502, 0.0703512212026, 0.50837451258, -0.406740365975, 0.759024129818,  
848, 1800035.4458531414, 75.46243520652484, 110.7376258368261, 90.5241135140809, 42.86797405144487, 0.290892340472, 0.859184879776, -0.420931097233, 0.256680890534, 0.353745373733, 0.899432671742, -0.921681380244, 0.369683043872, 0.117634520378,  
852, 1511616.2264768393, 71.19524332206038, 123.10467893046678, 78.22456516551611, 37.474445760915266, -0.976396060077, -0.0331103406411, 0.213434859402, 0.118930506689, 0.742460896365, 0.659247564992, -0.180294948471, 0.669070641048, -0.720998064383,  
857, 2054878.111821443, 78.86769573199336, 132.47233552800844, 84.02366849228493, 44.07279817851321, 0.547298754954, -0.0570315481999, -0.834991901359, 0.787247046548, 0.373729377463, 0.490477767205, -0.28408829706, 0.925782779561, -0.249439540856,  
869, 506350.70473877783, 49.444835514791066, 121.18020735660876, 51.77073641136699, 19.268449784813516, -0.727150248283, -0.6839249368, -0.0591540129215, -0.64178530109, 0.646696784467, 0.412183085854, 0.243647580998, -0.337683209211, 0.909178698877,  
877, 1896080.0983634787, 76.78139945258424, 121.25396329353633, 70.46389421143827, 52.97921106512286, 0.679769266574, -0.581856418843, 0.446493955247, -0.278481324506, 0.358419620274, 0.89105753333, -0.678499739221, -0.730053753949, 0.0816064962075,  
895, 3345359.3759429785, 92.77936372485374, 133.6724088469193, 89.27824579185058, 66.92166642153553, 0.686620738891, -0.627677619733, 0.366841609706, -0.425247316124, 0.062521311969, 0.90291517081, -0.589675063958, -0.775958691707, -0.223989793762,  
928, 1488314.4213408865, 70.82751861169623, 120.18177393808249, 80.2377585214853, 36.8458587246848, 0.423047338145, 0.853598672689, -0.303974103621, 0.685311218835, -0.520884261957, -0.50894805136, 0.592772707727, -0.00699225493551, 0.805339447279,  
934, 4639014.553041562, 103.46156463082886, 130.51813570936753, 108.74339890325437, 78.03031508266224, -0.540000484308, 0.741331830595, 0.398530543238, -0.512055942868, 0.0864267997579, -0.854592955539, -0.667980679601, -0.665550542957, 0.332932855767,  
939, 628774.8366771135, 53.14578765072371, 127.63926128727286, 98.19951406817411, 11.976031317149017, -0.344833015094, 0.869797966364, -0.352904646343, -0.533787365288, -0.490964990784, -0.68849431841, -0.772114784446, -0.0490395303236, 0.633588102876,  
941, 792750.132205865, 57.413748772053054, 125.85124762891641, 109.48191196392649, 13.735605700791282, -0.0950570227403, -0.453547640828, 0.886148238122, -0.273181987186, -0.844118853557, -0.46134039813, 0.957254284036, -0.285933381348, -0.0436616207467,  
944, 1578232.0523427357, 72.22608643913031, 100.10044273448116, 68.10014841289913, 55.271110850979156, 0.130731940931, 0.218152450879, -0.967118745447, 0.456072879132, -0.879379171949, -0.136710646485, -0.88028784414, -0.423204182538, -0.214456362325,  
947, 1717993.6490897369, 74.29808980521364, 112.32706247080984, 79.3165000720495, 46.034666470400715, 0.478261229863, -0.362946094526, -0.799710152792, -0.328558233565, -0.91842432022, 0.220332147416, -0.814441945854, 0.157375031364, -0.558495672621,  
965, 549851.8297070952, 50.82207059134468, 105.00155287064047, 54.87289166144744, 22.78261107613181, 0.834424191884, -0.507710784455, -0.214396892112, 0.224321801765, -0.0424554839128, 0.973589883441, -0.503404407263, -0.860480848848, 0.0784647150895,  
983, 2444810.5807943903, 83.57034641176823, 125.91711131290324, 86.56721873663584, 53.54493438272849, 0.377504436286, -0.175424984736, -0.909239503824, 0.492920061578, -0.793154106644, 0.357681948115, -0.78391339667, -0.583208914407, -0.212948699638,  
989, 441129.6760907239, 47.22361416859971, 97.58167559377242, 38.262740634796295, 28.205468679995235, -0.570817377803, -0.297801943674, -0.765167644077, 0.0662288501442, -0.945570231908, 0.318607400947, -0.818401649929, 0.131190467923, 0.559471000607,  
997, 1481778.0597899745, 70.72367996632552, 128.23190454565685, 64.83316422502216, 42.5501641628167, 0.851855362629, -0.0734801725509, -0.518597247777, 0.265535349313, -0.792858716489, 0.548512564992, -0.451479146169, -0.604959271298, -0.655889366162,  
1011, 2684774.3726940537, 86.21967764183692, 128.1084840989919, 97.60578610932818, 51.25848057777613, 0.697130332737, 0.243819837946, 0.674211528974, -0.574124761295, 0.753093969048, 0.321294619083, 0.429406634375, 0.611065757843, -0.664987655484,  
1012, 2164363.125142474, 80.24423460000435, 130.87841048404485, 93.96710172173147, 42.014352329541616, -0.36219735982, 0.197816228752, 0.910868712923, -0.906750356593, -0.301137760091, -0.295160702442, -0.215909386914, 0.932836957399, -0.288441237608,  
1016, 996476.0197000398, 61.962093227403074, 105.92101470893971, 83.07290905322678, 27.035642252390172, -0.792332303535, 0.271923293887, 0.546138483368, 0.447834998618, -0.348683547753, 0.823324721808, -0.414310674238, -0.896926700332, -0.154496470653,  
1026, 2778946.1234216993, 87.21620240623953, 104.08779318329489, 99.36333545581593, 64.14540553969748, 0.00112172503436, 0.0076896193019, 0.999969805288, 0.970786101632, 0.239928607095, -0.00293400331279, -0.239943923888, 0.97076008017, -0.00719584162008,  
1027, 2270788.249211512, 81.53849220495492, 136.25392934011484, 84.68297263216515, 46.98323307406052, -0.134390382212, -0.615290334193, 0.776760600068, -0.990692210187, 0.0663101124547, -0.118877725674, -0.021637232817, 0.785506698657, 0.618474782446,  
1037, 3736196.450559938, 96.26026022798894, 118.50003366823373, 93.20115446053589, 80.76093319552757, 0.271292489308, 0.856785138921, -0.438542598808, -0.536236300299, 0.512911534235, 0.67035243588, 0.799281562084, 0.0533008796644, 0.598588339964,  
1041, 1375161.6996076254, 68.98506104259928, 121.03656478376814, 92.35761666772417, 29.368100139226627, -0.91496181804, 0.0429053853546, -0.401253036669, -0.39357804345, -0.31445648791, 0.86383646654, 0.089113384194, -0.948301769016, -0.304602297494,  
1042, 1242007.5398103052, 66.68250010697832, 113.40207225502274, 70.51302404880026, 37.08047526265116, -0.999071338214, -0.0430798140205, 0.000768624747298, -0.04076260091, 0.950811283434, 0.307077048411, 0.013959639218, -0.306760546547, 0.951684346596,  
1068, 304397.0860755018, 41.73021546826407, 124.84875762059474, 121.9374103969128, 4.773431435033771, -0.70253630838, 0.195494546317, 0.684269404378, 0.705037313398, 0.0604452536349, 0.706589525842, -0.0967735610849, -0.978840259528, 0.180295935067,  
1069, 2296294.5071451855, 81.84264551058186, 117.97141749927016, 77.07632837275264, 60.2894277350372, -0.683472057555, 0.709275880196, -0.172608436389, -0.0169097776279, 0.221010491136, 0.975124823922, 0.729780793089, 0.669389340055, -0.139060797707,  
1074, 3049036.220602336, 89.95486540448647, 123.42227241824827, 99.36068172722469, 59.35617045960854, -0.642903911775, 0.0817509340656, -0.761571628282, 0.765240956556, 0.0258780910606, -0.643223602499, 0.0328761103715, 0.996316771505, 0.0791962889559,  
1075, 1630909.70654631, 73.02088676741663, 136.46233638801266, 96.31853638885732, 29.62229010954931, -0.263001249132, 0.0568221299984, 0.963120754889, 0.895547455502, 0.385750938167, 0.221790370952, -0.358922133476, 0.920851485988, -0.152339892528,  
1085, 479711.37813123886, 48.56206397203706, 128.4340686459966, 59.66174042918138, 14.945665263328076, 0.933504552736, -0.142347264625, 0.329099538553, -0.190275198003, 0.581276774075, 0.791146421939, -0.3039154472, -0.801158266621, 0.515539361036,  
1110, 1459126.2308743785, 70.36144531749478, 106.3531243344974, 91.43876110918453, 35.81984231371763, 0.789622120651, 0.464011906403, -0.401484566695, -0.538485594279, 0.837719156809, -0.0908838768414, -0.294160111729, -0.287957575055, -0.911345304281,  
1124, 2187504.28858228, 80.52920925251799, 128.65233242245355, 102.36161207074764, 39.65569107865743, 0.342997222931, -0.662055062694, 0.666360262188, -0.589105909267, 0.400933037412, 0.701574605568, -0.731646863403, -0.633194909545, -0.25250163128,  
1128, 3829733.4316147743, 97.05695134156849, 116.88131806790241, 109.24045221697217, 71.60631866531995, 0.320731883013, -0.832369008476, 0.451987713271, -0.444076233081, 0.289351933209, 0.847980989151, -0.836616613767, -0.472691540518, -0.276830903426,  
1129, 2105604.3140629902, 79.51139702740336, 126.21076109989181, 79.84653937046969, 49.88105939168452, 0.897207993567, 0.356287941405, -0.260915156876, 0.162740944261, 0.28248947791, 0.945365051147, 0.410527954395, -0.890650659731, 0.195469181666,  
1132, 1836840.581525826, 75.97329320924973, 97.46797592001776, 76.82508038257207, 58.562267735233995, 0.457880447592, -0.87592935423, -0.151964673893, -0.755398187662, -0.473464426276, 0.452995601665, 0.468742011975, 0.0926239895998, 0.878465550127,  
1159, 2567104.005716795, 84.94117904678696, 107.40869233378967, 82.54386758054254, 69.12427861914591, -0.983537511597, 0.140693265589, -0.113399154754, 0.165284247301, 0.446766458395, -0.879250163064, 0.0730416379569, 0.883518611389, 0.462665951258,  
1163, 2452183.8615533533, 83.65427509679728, 125.06346089897826, 87.61713510795973, 53.425049007158734, 0.270878661394, -0.941783947269, -0.199167636599, -0.515468864951, -0.316652136257, 0.796255784199, -0.81296777308, -0.113023985379, -0.571234609125,  
1173, 1398467.4072970161, 69.37259067998424, 119.07050032747624, 84.29905781554959, 33.26111782150041, 0.0308910385116, 0.546954035411, 0.836592509462, 0.994844142629, -0.0977139819457, 0.0271497625921, 0.0965964575757, 0.831440473444, -0.547152504795,  
1179, 148651.7453363208, 32.861985608790306, 116.76475942491292, 28.70366195092346, 10.58844799397402, -0.34230152765, 0.388671177415, -0.855432276697, -0.216904229553, 0.853152441022, 0.474429623422, 0.914211255329, 0.347944863772, -0.207730961593,  
1184, 1151489.6585980898, 65.02152396669293, 134.66597555021707, 78.86804128111893, 25.882873872375157, -0.0273272712227, -0.803507995347, 0.594666395268, 0.184689329794, -0.588705331341, -0.786966253604, 0.982416954102, 0.0883228977377, 0.164487063404,  
1186, 1820692.555297042, 75.75000555728813, 135.56153761526383, 74.04657673970532, 43.30185840130613, -0.0817764473369, -0.988392369357, 0.128035685877, -0.872480797436, 0.00889759964944, -0.488567386167, 0.48175706613, -0.151661982439, -0.863080976685,  
1200, 1767065.407416824, 74.99886170335327, 127.26982330493071, 98.42528878222338, 33.67688213445484, 0.454032209857, -0.877633670716, 0.153668124339, -0.657500664439, -0.213638632559, 0.72253125257, -0.601288307449, -0.429089355151, -0.674043542081,  
1212, 3562336.466137447, 94.7433585127976, 130.55312686095277, 84.4474858432263, 77.13870166913614, -0.71292056638, -0.501129625433, 0.490523561662, -0.13816926893, 0.786175112072, 0.602360312671, -0.687498013928, 0.361659773366, -0.629721120158,  
1217, 587068.8091919367, 51.94376988534517, 120.48219561693733, 43.12654985993822, 26.973220868662455, -0.795507283694, 0.592486870394, -0.126993976235, 0.600630152921, 0.798713825466, -0.0360505812894, -0.0800723484854, 0.104954911363, 0.991248145314,  
1222, 1905838.9340848697, 76.9129014957618, 145.9727948928085, 67.87838001783496, 45.919187312368344, 0.525486242483, -0.817500935757, -0.235704113239, 0.550828174943, 0.115756241008, 0.826552366373, -0.648423110823, -0.564174363743, 0.511130860588,  
1229, 2196633.6418689266, 80.6410809159286, 111.44502821514489, 85.09114085948003, 55.299852931639755, 0.406747011713, 0.634447663874, 0.657292195502, 0.812371420015, -0.580306112438, 0.0574237913286, -0.417863068967, -0.5106084387, 0.751444926739,  
1244, 1814465.942021962, 75.66355407695254, 112.80158756622605, 100.50399379554517, 38.208648792193436, 0.983339534931, 0.060433065194, 0.171438629468, -0.15601840871, 0.764565119046, 0.625378633215, 0.093282448436, 0.641707116502, -0.761255779252,  
1249, 1131656.4370288225, 64.6460503691319, 137.05111240668984, 69.05892943797923, 28.544575072697025, 0.35323222764, 0.578512845065, 0.735220974573, 0.675760552874, 0.385702469981, -0.628157050291, 0.646973468186, -0.718718646444, 0.254693617348,  
1262, 2026122.8512974156, 78.49808375070748, 103.84959248038922, 85.25966863891948, 54.629689022769256, 0.399010921221, 0.0233688367718, 0.916648341631, -0.447161353924, 0.877707053935, 0.172270284814, -0.800522959261, -0.478627438558, 0.360664340843,  
1263, 1422203.222990953, 69.76287174175165, 120.1843571439704, 76.51297037952756, 36.92241011987842, -0.898167187701, -0.137477404627, 0.417607071485, -0.396245373642, -0.158416681656, -0.904374788924, -0.190487025292, 0.977754630871, -0.0878098798842,  
1264, 918210.830028946, 60.2954582961445, 130.11143173050544, 80.05607821019608, 21.044762779252594, -0.907973671019, 0.0165380155441, -0.41870073654, -0.384740040064, -0.428771221105, 0.817392403637, 0.166008777807, -0.903261719544, -0.395675816416,  
1274, 898901.9693405022, 59.86981381017591, 99.76260806516703, 60.24229994828443, 35.70708391706641, -0.0477660655836, 0.807644431885, 0.587731975159, -0.694016152842, -0.450011367913, 0.561988743965, 0.718373149953, -0.381051493101, 0.582013553994,  
1292, 542842.8072601665, 50.60520161730359, 103.95212789683497, 59.3563109193084, 21.00318673482721, 0.178479549285, 0.426015253225, -0.886936330582, -0.231578645185, 0.894275501688, 0.382939496756, 0.956303498677, 0.137048645017, 0.258265923648,  
1303, 1302577.8734792122, 67.74933381621105, 134.1622460585946, 84.17402935284296, 27.53636755449718, 0.918291710284, 0.214854176373, 0.332532731799, -0.235610565726, -0.378422600574, 0.895144679196, 0.318163473927, -0.900352163473, -0.296880423048,  
1307, 963362.643881344, 61.26800382769677, 122.38449003110586, 67.54475325064091, 27.82166970674863, 0.11873958475, 0.522658761323, -0.844232628027, 0.401567337652, -0.802888553041, -0.440583300554, -0.908099435274, -0.28670157064, -0.305217340674,  
1310, 2189046.2337104003, 80.54812616135305, 93.37188891465215, 81.86796619672572, 68.36537157948813, -0.862880267668, 0.339550289396, 0.374357108441, -0.0445872381251, -0.788956505578, 0.61282918542, 0.503437803373, 0.512106662012, 0.695914610321,  
1316, 792326.6968630857, 57.403524726610954, 99.89239852595179, 61.124582232157834, 30.978995751270457, 0.782886143616, -0.508674570336, 0.358244982697, -0.467233643602, -0.860903574816, -0.201339904526, -0.41083087569, 0.00975788715721, 0.911659352619,  
1336, 1858293.0574197397, 76.2679134450809, 108.60944489513894, 72.6091390939092, 56.2557233829041, -0.376518597912, -0.556168879313, 0.74088455451, -0.885836833478, 0.450224998514, -0.112207643082, 0.27115834835, 0.698551092188, 0.662192964115,  
1340, 425789.1711005185, 46.66973493133286, 133.79678003959927, 65.80138292265924, 11.545834283572226, 0.211659914762, 0.491293062665, -0.844885321839, -0.378776969561, 0.838144179217, 0.392482282624, 0.900959537278, 0.236950335347, 0.363492022975,  
1347, 1206922.2540904537, 66.04859170309267, 111.16931281739622, 100.57123248770843, 25.771042810784852, 0.130727972942, 0.694064504382, 0.707943967308, -0.208249654759, -0.678917323074, 0.704062035423, 0.96929989084, -0.239469689497, 0.0557852079774,  
1350, 1324848.36394266, 68.13326295755286, 113.53081251824416, 68.41466253545478, 40.72064320937286, -0.272339606404, 0.89265352302, -0.359166850676, -0.246137794437, 0.296225645655, 0.922857818413, 0.930186715092, 0.339735271493, 0.139041793608,  
1360, 1639397.4585984708, 73.14734197962717, 113.80991546099018, 80.76832471978877, 42.57694264749288, -0.462499565628, -0.344794041465, -0.816829982777, -0.853760133938, -0.0752960836447, 0.515193297206, 0.239139677786, -0.935653551673, 0.259547001043,  
1363, 1492433.1525341382, 70.8927939817106, 142.3774121901472, 61.73628212069152, 40.534489850382904, -0.719652664296, 0.110816134997, -0.685434042776, 0.680080947644, 0.311495546032, -0.663671929084, -0.139964093336, 0.943763905342, 0.299532541721,  
1376, 2258077.4225272825, 81.38606914471033, 128.28432557075067, 79.26054665725542, 53.01753851208523, 0.699747134919, -0.406402722111, -0.587529381932, -0.600808351146, -0.779729926338, -0.176211711207, 0.386501322593, -0.476296199265, 0.789783931338,  
1382, 3873655.582300431, 97.42658161324664, 119.83603345465673, 114.63853903788407, 67.31538378160353, -0.801836717921, -0.478341569251, 0.358116211474, 0.331160823284, 0.143124606553, 0.932656344063, 0.497383541058, -0.866432161295, -0.0436454231117,  
1386, 3347371.218019656, 92.79795864015601, 120.17842143072954, 96.35701023373002, 69.00895594080652, 0.419512769637, 0.266083472615, -0.867875925298, 0.549508929109, 0.686554186133, 0.47611268239, 0.722529565444, -0.676640920359, 0.14180300404,  
1391, 805674.9736147466, 57.72408906036949, 117.23463950140093, 79.26813399790723, 20.697442133577642, 0.0859355722737, -0.978340065534, -0.188323640547, 0.967159126057, 0.127300919384, -0.219994774503, 0.239203474688, -0.163233550763, 0.957150200127,  
1396, 2547396.958785415, 84.72326271773889, 119.68237239138094, 79.40409668439516, 63.993360623687266, 0.00482761859172, -0.954694663277, 0.297547969256, 0.305131517654, -0.281954581409, -0.909613308476, 0.952297984369, 0.0951825295533, 0.289946262323,  
1398, 1471624.9920751317, 70.56177793679838, 103.96641225961812, 102.13620295272675, 33.085353538081414, -0.833860072153, 0.133438726377, 0.535603852088, 0.48959390112, -0.269301020393, 0.829321875029, -0.254902318654, -0.953766777948, -0.159228581688,  
1401, 2636705.854311326, 85.70201335728274, 134.5095029787385, 87.37030910315364, 53.56193202873991, -0.98499214552, 0.159684896327, -0.0655073060662, 0.172402536107, 0.892143168342, -0.417561890892, 0.00823643167359, 0.422588808496, 0.906284094601,  
1405, 1698322.817842557, 74.01343237646066, 149.6590468832482, 116.42687114236973, 23.268877533574315, -0.869663954742, -0.143472384574, -0.472334924272, -0.493516658296, 0.274443141838, 0.82530132066, -0.0112211321501, -0.950839963802, 0.309479319875,  
1409, 3150922.425745192, 90.94588091656642, 115.75657026918275, 98.7974546304845, 65.77452120999808, 0.510153804923, -0.855591633622, -0.0877841204273, -0.153467958903, -0.190980078583, 0.969522663569, 0.846280497774, 0.481133625993, 0.228735115419,  
1421, 2095189.8444313216, 79.38009061850977, 109.49164006931997, 88.78946064484524, 51.45083082403688, -0.947571068853, 0.194491830904, 0.253538946091, 0.0221358209308, -0.751578548181, 0.659272092042, 0.318777469256, 0.630319453631, 0.707868851885,  
1422, 366073.27501686855, 44.377190635136145, 108.25422392972015, 54.80515495306647, 14.73035299777691, -0.178127330554, 0.0397926060717, -0.983202523701, -0.0148371839867, 0.998959789684, 0.0431184016995, 0.983895579867, 0.0222685225329, -0.17735163045,  
1425, 1815684.8119432833, 75.68049264920384, 115.5169534645661, 72.39049177115781, 51.835178428064495, 0.0374452601783, 0.908193577586, 0.416872016477, 0.488882002123, -0.38048226197, 0.785001679187, 0.871545891213, 0.174406633927, -0.458246751818,  
1429, 1513961.7058407294, 71.23204734629135, 111.26390445120803, 85.32526359916959, 38.07100541859803, 0.0985684636411, 0.0908647116201, -0.990973189424, 0.109841946961, -0.990731058455, -0.0799169349983, 0.989049546111, 0.100973135011, 0.107635595148,  
1433, 2711919.3573423135, 86.50928460069936, 100.4614106106124, 83.0620777285592, 77.58648901404817, 0.765606812385, 0.271703013769, 0.58311549554, 0.507037574826, -0.812728535807, -0.287028264808, -0.395928158311, -0.515412261586, 0.759994140808,  
1436, 3694680.6649535294, 95.90239053236901, 123.81458713476304, 90.42031468322506, 78.78625739646735, -0.27681677512, -0.939050768756, 0.203853198924, -0.275332583475, 0.280759113343, 0.919438028772, -0.920632631123, 0.198388442138, -0.336270106517,  
1440, 2036611.9770050673, 78.63331074059217, 112.47971982353492, 88.78003805669864, 48.68891889248819, 0.383532254147, 0.802300184954, 0.457402911284, 0.417336767305, -0.592389067234, 0.689133670399, -0.823852555185, 0.0734139376656, 0.562029679885,  
1450, 1965616.7629069393, 77.70877795058153, 142.10984047986668, 83.92492868950241, 39.345503294150184, -0.996628331751, 0.0810581539107, -0.0127099974389, 0.0624174044326, 0.849564999829, 0.523777986067, 0.0532544455817, 0.521218655412, -0.85175998807,  
1454, 2011426.0612887184, 78.30782371988919, 121.34466333425416, 103.46007626142655, 38.24916760118259, -0.737266045351, 0.318369360771, 0.595885667301, 0.674217447433, 0.290266269851, 0.679099643766, -0.0432390095802, -0.902433622328, 0.428653642632,  
1456, 1733891.6344487981, 74.52656660215096, 116.66654100596386, 87.31739410199451, 40.63368915376302, -0.99402111848, 0.0821327806967, 0.0719459682668, 0.106298828487, 0.577357259054, 0.809542558782, -0.0249514544066, -0.812350171879, 0.582635926777,  
1458, 1235187.3698212754, 66.56021931890864, 114.84783090979477, 92.03098813163167, 27.898917371013326, -0.958724320034, 0.259870614099, -0.115390389991, 0.282768145376, 0.913968232282, -0.291039939424, -0.029830422977, 0.311655794599, 0.949726703614,  
1467, 610611.9804242611, 52.62905483391104, 130.19952738914589, 70.07519418105075, 15.97728543975899, 0.915156029262, -0.22990714752, -0.33110745329, -0.206122678416, -0.972794059531, 0.105759912933, -0.346414323532, -0.028538066859, -0.937647425844,  
1469, 609909.1331363294, 52.608854122006626, 95.34380721578293, 61.58566793805311, 24.797299163384643, 0.642434980097, -0.764073476398, 0.0588983786929, -0.703955754289, -0.618765495417, -0.348676867148, -0.302859030493, -0.182540363608, 0.935390519143,  
1473, 4044606.268670633, 98.83919822280555, 133.0834871881525, 104.84623027422869, 69.20072572743219, -0.448393152299, 0.455242880133, 0.76921876021, 0.871888405193, 0.412301583705, 0.264230984113, 0.196860838823, -0.789152281985, 0.58179419555,  
1474, 2075104.6872392304, 79.12562145972893, 97.45060791126546, 85.64623927539698, 59.35516977773656, 0.760930925752, 0.445143742406, 0.472049970692, -0.364588184783, -0.308468076411, 0.878591430275, -0.536711823748, 0.840651232338, 0.0724287499371,  
1478, 990716.9214015757, 61.84249327259679, 88.58793815794108, 72.26228079754222, 36.94661990253779, -0.881718159935, -0.124279531325, 0.45511282616, -0.137717342393, 0.990464801705, 0.00366199220819, 0.451228345792, 0.0594480838764, 0.890426249207,  
1481, 1131219.7108563948, 64.63773328224421, 126.85957976327366, 56.71925163706815, 37.5322494470306, 0.699722429797, -0.259056945178, 0.665791273894, -0.594545284677, -0.727876237793, 0.341631507512, -0.396111632884, 0.634890291004, 0.663332414919,  
1483, 2942630.2738366723, 88.89602935409401, 115.42512379855722, 95.49905950908546, 63.730546957869926, 0.160684010673, 0.851589623472, 0.498974710691, -0.865899107897, -0.121005768599, 0.485362069911, 0.473708120742, -0.510051680873, 0.717947003045,  
1487, 2987841.524860572, 89.34899045540884, 112.35333600479542, 80.57866673269866, 78.78851231501324, -0.158034560665, 0.849112926282, 0.504016186305, 0.904731180267, 0.329002612347, -0.270589675564, 0.395583833199, -0.413236638611, 0.820212723274,  
1488, 638704.6607230766, 53.424093114911756, 121.51494939578637, 64.59320163135344, 19.42651752702924, -0.496816345352, 0.108027624135, 0.861106004749, 0.867800494306, 0.050646418916, 0.494325037129, -0.00978882386385, -0.992856974934, 0.118908394374,  
1494, 1372707.046267973, 68.94399065693555, 113.33129289690378, 76.89280440210484, 37.60570282796213, -0.134025703533, -0.92565423443, -0.353838026608, -0.533404020571, 0.368307416731, -0.76146555905, 0.835174988629, 0.0866826687562, -0.543110350947,  
1497, 2779861.740786532, 87.22578012587223, 105.22136777778337, 88.17345666124662, 71.53074979611446, 0.121264153115, 0.411390455871, 0.903356462305, 0.885256747334, -0.456497150805, 0.089055278371, 0.44901614277, 0.788903190591, -0.41954291724,  
1506, 93268.66919353246, 28.132979101202427, 101.60288164658425, 30.025086559029134, 7.29889098484634, 0.0537722962995, 0.739942843446, -0.670517060621, -0.67560607032, 0.521419653621, 0.521227380866, 0.735299243776, 0.424977803246, 0.527947808833,  
