# Void_ID, Void_Volume, r = (a*b*c)**(1/3.0), a, b, c, vector_a, vector_b, vector_c 

2, 2103984.3011268266, 79.49100026378086, 145.80304125428563, 80.34009100764936, 42.88002041752517, -0.681022651738, 0.732071258712, 0.0167278207768, -0.147526362221, -0.159543092432, 0.976105513819, 0.717247600393, 0.66228217085, 0.216652269559,  
12, 874372.0527098611, 59.320192662707, 95.69443929134175, 70.30932359369542, 31.024731861423238, -0.716423417294, 0.279752102018, -0.639121466209, 0.681035952079, 0.479249300339, -0.553633579275, -0.151418357962, 0.831900757027, 0.533866660628,  
25, 1769499.7262710885, 75.03328551310281, 113.49000934382818, 79.43387727697697, 46.85959137486353, -0.442593546989, -0.71098880083, -0.546448421406, -0.89100230682, 0.279962998992, 0.357401186956, 0.101122902478, -0.645070263064, 0.757402478412,  
26, 2146648.0513413893, 80.02470448877337, 154.4841380502853, 80.87318549887665, 41.01887956508984, -0.58130133942, 0.66239895537, 0.472563621869, 0.78141234851, 0.616397794515, 0.0972033976457, 0.226899745229, -0.425771514832, 0.875919586933,  
31, 1069151.2445733447, 63.43323283579968, 126.85024586649234, 105.30687332186143, 19.1074400187382, 0.188442297919, -0.583021879056, 0.790300568706, 0.925367755411, -0.164101320698, -0.341709341093, 0.328913389208, 0.79571115682, 0.508586017614,  
32, 1183414.098127116, 65.61695052337843, 107.19598611819158, 92.61549743871613, 28.456792164558898, 0.900579880719, -0.14562022436, -0.409573715833, 0.195767358186, -0.705387291473, 0.681251723298, 0.388112122863, 0.693702760039, 0.606749916194,  
34, 888999.321879891, 59.649151937582175, 129.9107951112419, 111.76635742608276, 14.616940612299159, 0.794276629507, -0.336209273252, 0.506051341662, -0.397044197335, -0.917700436218, 0.0134838692018, -0.459870135127, 0.211634670943, 0.862397950411,  
35, 346260.2023065766, 43.561683607651645, 121.59436353088464, 48.11047218731859, 14.130609862191033, 0.582912300679, -0.69475329982, -0.421344398451, -0.613297616584, -0.716353606303, 0.332721421356, 0.532990884734, -0.0644621061232, 0.843661871643,  
39, 742732.5745050173, 56.17994211476668, 107.79541377844791, 78.33517622911448, 20.99842654879546, 0.747128307805, 0.586467034034, -0.312818972679, 0.585158721791, -0.357124996741, 0.728046019846, -0.315259515301, 0.726992541017, 0.609994494498,  
40, 494945.9760380395, 49.070791467388005, 85.82876934375304, 52.135507518321724, 26.40600477162954, 0.00125006787652, 0.997253411615, 0.0740545093383, 0.94547671618, -0.0252973164799, 0.324705751321, 0.325687298635, 0.0696109100784, -0.942911504175,  
41, 185402.65367164568, 35.37331641462032, 123.06299009335194, 65.52259293485677, 5.489196756895454, 0.212928699374, 0.97570992739, -0.051492781775, 0.93921091371, -0.189866512606, 0.286065668962, -0.269340358191, 0.109274173448, 0.956825442004,  
43, 1405195.5374665675, 69.48366496332523, 103.53037659356568, 83.63880845268159, 38.741151204920605, -0.123622371015, 0.991948622498, -0.0274852635031, 0.938377684295, 0.125864757896, 0.321877902839, 0.32274576837, 0.0139997516081, -0.946382151118,  
46, 2023499.1194503817, 78.46418536393993, 113.18346929982195, 74.10471423695324, 57.59510465373211, 0.782228294275, 0.311785182276, -0.539359709052, 0.427666136341, -0.898279196287, 0.10097604342, 0.453012771854, 0.309652201076, 0.835999367767,  
47, 2559477.8612177554, 84.8569834946728, 115.56563225359328, 78.66502851071601, 67.21285820580395, -0.585065919296, -0.708015763209, 0.395489000007, -0.0836754864622, 0.537762952227, 0.838933501642, -0.806657475664, 0.4577386659, -0.373870339417,  
58, 1173702.1122222256, 65.43695655516512, 122.61904824754936, 71.13108322910519, 32.12564925934488, -0.990060534267, 0.105789901098, 0.0926748904137, 0.131354798401, 0.460060653452, 0.878117368056, -0.050259878877, -0.881562642114, 0.469383907484,  
59, 2337458.582238292, 82.32879741247731, 115.92948151818541, 71.94921174746526, 66.90142697268239, -0.329045800992, 0.941461084908, 0.0733477092549, 0.290830549421, 0.0271360964025, 0.956389681979, 0.898413297081, 0.336027763549, -0.282734663159,  
62, 2056820.0437896703, 78.89253215711557, 121.46077335705071, 80.44327269496624, 50.255305079968814, -0.21318799703, 0.662290447729, 0.718277272903, 0.975569245052, 0.184228869602, 0.119684467303, 0.0530615306113, -0.726244508724, 0.685385575802,  
69, 958768.9938471551, 61.17046620803158, 112.5794331229771, 77.03607504335777, 26.391991723493252, 0.283932196209, -0.0699987277579, -0.956285880931, -0.901301474805, 0.320815094946, -0.291089893964, -0.327166867927, -0.944551667706, -0.0279997779224,  
71, 2341094.776889984, 82.3714660380336, 118.7915472427845, 95.25526189682931, 49.39191586084666, 0.175616056956, -0.370067791148, 0.912254805684, -0.653741681705, -0.736678572358, -0.172992758894, 0.736057616047, -0.565998684613, -0.371301326251,  
75, 1916036.0312303507, 77.049830469136, 134.28419634752385, 84.72461273403364, 40.20504621585205, 0.347671823356, -0.68806346487, -0.636940320246, 0.432845726473, -0.484817256692, 0.759997897818, -0.831726445605, -0.539926750518, 0.129268030682,  
77, 1925019.2236948358, 77.17005690722196, 129.6748159717244, 80.28107371869042, 44.144606393323514, 0.270792249068, -0.844277205418, -0.462458169197, 0.533319820775, -0.268362923748, 0.802216498164, -0.801399729606, -0.463872117689, 0.377599168189,  
78, 838381.8677228877, 58.49486673442978, 108.70983934113183, 66.35512982234397, 27.746608764991326, -0.584938558424, -0.727853302464, -0.357877706711, 0.0378096194756, -0.46522749583, 0.884383293487, -0.810195850115, 0.503778668877, 0.29964935715,  
79, 969379.6961912364, 61.39529681112753, 133.37837614420735, 58.419774728400604, 29.700243243760315, 0.947123381707, -0.299645724396, 0.114759486213, -0.218476993788, -0.864169873879, -0.45329706845, -0.23500021917, -0.404255944832, 0.883941190385,  
86, 414886.80648603616, 46.26795860484582, 132.7018910894526, 79.48698060155978, 9.390049961519546, 0.926366676045, 0.0904166083629, 0.365608559043, 0.210278690857, -0.929527774976, -0.302920761455, 0.312454242546, 0.357495388056, -0.880096241234,  
89, 2080086.4581592577, 79.18889066853676, 156.61059177295834, 84.06924592123725, 37.7167701220424, -0.938767340419, 0.30139620922, -0.166961689113, 0.294715913637, 0.451382956358, -0.842256467449, 0.17848924565, 0.839889130646, 0.512569836617,  
94, 1330998.4939020786, 68.23852826039577, 124.17606010370675, 57.119324872377575, 44.79896833366972, 0.0625026355172, 0.989383554311, 0.131200621235, 0.718217469114, 0.0466912920377, -0.694250380128, 0.693005835194, -0.137623056597, 0.707674223552,  
98, 365100.8488109888, 44.33786170551801, 128.9195799510597, 79.52100145914052, 8.502047181782428, -0.688318855877, 0.232060606281, 0.687288169298, 0.11435642902, -0.900890643214, 0.418710706946, 0.716337741423, 0.366802295497, 0.593562394556,  
100, 2870445.243743838, 88.1631067655705, 133.73346202525877, 74.6777723168292, 68.61660332065703, -0.241854680491, 0.61467404722, 0.750787672513, 0.935777751799, 0.352351629538, 0.012974143497, 0.256566390555, -0.705708257593, 0.66041618878,  
104, 3321767.711701193, 92.56075392034771, 117.95757948799272, 85.4588398308229, 78.66794495613281, -0.304195390053, -0.580902813496, -0.754994758885, -0.941907840249, 0.301880434451, 0.147233908366, -0.142389554209, -0.755923358925, 0.638987550962,  
119, 2046010.7715437901, 78.75408719813304, 137.48834677163762, 84.69553598040187, 41.9462263397092, -0.29417515782, -0.954395768242, 0.0508890369738, -0.932543511413, 0.298287100773, 0.203438946206, 0.209340812655, -0.0123904428748, 0.97776423594,  
121, 2749592.8937321645, 86.90803470877174, 121.46239672642272, 87.65689450138969, 61.652665895159025, 0.526204425379, 0.718849535052, 0.454273319343, 0.291764757242, -0.654408732117, 0.697583355421, 0.79873789765, -0.234530503954, -0.554087730935,  
125, 2075257.9147452486, 79.1275689796628, 113.53031877551444, 83.42812650756447, 52.30691676555227, -0.799409076326, 0.556233904712, 0.227043986788, -0.0319049576058, -0.416682244172, 0.908492146951, 0.599939332239, 0.719013039271, 0.350846187084,  
126, 2070566.403253385, 79.06789639760964, 113.22108326622084, 73.3879314983416, 59.490634500640475, 0.444932241246, -0.0373069046032, -0.89478684365, -0.767072124234, 0.49978400304, -0.402263976175, -0.462207374372, -0.865346257387, -0.193752930049,  
148, 811270.0488514107, 57.85740413616288, 115.18174583367745, 60.091773946581476, 27.981961295532784, -0.335554668184, -0.104873158462, 0.936164881468, 0.149433540631, 0.975274500891, 0.162816660222, -0.930092834934, 0.194528323248, -0.311586344148,  
157, 1722762.5024515628, 74.36677251145059, 110.19175335000841, 84.32278983592826, 44.263193145048945, 0.83757813717, 0.402172257179, 0.369757136092, -0.305367320013, -0.216571980756, 0.927279557102, -0.453005147878, 0.889580829777, 0.0585856918465,  
171, 2436258.1529019326, 83.47278406044788, 99.8391319637846, 90.3405564029075, 64.48387667283917, 0.196453473973, -0.474025939877, 0.858315466998, -0.891702908398, -0.450412847518, -0.044656353921, 0.407764583698, -0.756589502382, -0.511175477861,  
185, 1673283.2120997023, 73.64788535708142, 137.24540507597882, 79.47316559978, 36.62372538423574, -0.91357678074, 0.284896538564, 0.290192053661, 0.405262046889, 0.578560774352, 0.707834799747, -0.0337659450467, -0.764265263306, 0.644017444064,  
205, 2104118.420565028, 79.49268929123915, 131.96052367951197, 83.94089561216707, 45.34860585307439, -0.740729830356, -0.451321386248, -0.497622673053, -0.65059590881, 0.297272645503, 0.6988232521, 0.167464270399, -0.841390504196, 0.513826563724,  
211, 2928789.549654604, 88.75643547457092, 134.3414251435653, 112.94260373367474, 46.08205206111317, 0.269334624205, -0.168089973759, -0.948264003812, 0.0351486006623, -0.982278373801, 0.184102613328, 0.962405027042, 0.0829153609684, 0.25865344931,  
213, 301734.0449588447, 41.60816552826401, 117.78687021259624, 32.44854039402166, 18.847061921918286, -0.0442557410615, -0.0834971962501, 0.995524810139, -0.997640123127, -0.048667832578, -0.0484316714545, -0.0524939435632, 0.995318873673, 0.0811463221511,  
225, 705628.91456782, 55.22841586965953, 139.47086815678892, 44.713209628679834, 27.012725743806335, -0.841573428377, 0.164935516366, -0.514344670519, 0.506321706869, -0.0907714587668, -0.857554004962, 0.188128928672, 0.98211853547, 0.0071195844168,  
237, 2164611.1065348242, 80.24729913769121, 103.45974569846221, 89.22329788242133, 55.98112153250999, 0.702948345555, 0.711229546203, 0.00401946384705, 0.483623905384, -0.482121342176, 0.730525105359, -0.521508908479, 0.511577505395, 0.682874010598,  
241, 3711425.5621661413, 96.0470539802576, 106.11429866344938, 94.25101781585758, 88.5915271971789, 0.71811864413, -0.535917219354, -0.443957595894, -0.604804759799, -0.796188287588, -0.0171875894785, 0.344262712876, -0.280850395598, 0.895882938679,  
242, 3524132.8115954273, 94.40345432636312, 101.49430746969281, 96.81300796601512, 85.62257001831568, -0.942137217185, 0.28065695168, -0.183327956048, 0.252959590567, 0.954056377013, 0.160586036197, -0.219974792954, -0.10491951656, 0.969846887663,  
243, 2198251.8040504237, 80.66087761998382, 98.27616480917249, 88.10599700233469, 60.60872652696369, -0.268346942398, 0.247057912602, 0.931102736719, 0.889651324547, -0.307154281249, 0.3379005301, 0.369473191499, 0.919031357099, -0.137371486969,  
244, 3975739.362194689, 98.27501047012197, 108.05908353876876, 98.24255676746527, 89.40634889796695, -0.118775905997, -0.39375801994, 0.911508039398, -0.606731006026, -0.697899699004, -0.380543685345, 0.785983314378, -0.598239610743, -0.156011530524,  
245, 1366939.147538587, 68.84729116280442, 96.20694802678192, 86.63058279055932, 39.15460961763075, -0.319879648048, -0.464355107313, 0.825863999141, 0.596848244659, 0.578206761412, 0.556281505989, -0.735832306719, 0.670858610566, 0.0921929553587,  
246, 3657839.277388121, 95.58256259548517, 116.07378741842078, 95.64145651389703, 78.66031349628878, 0.856430650456, 0.249162911418, -0.452155265958, 0.414192785482, 0.191190485971, 0.889882314988, -0.308173453455, 0.949401938932, -0.0605399119425,  
247, 3767400.4643054884, 96.52750018499867, 103.70421623233075, 96.05882489273992, 90.28580914774524, 0.532929683413, -0.71633890332, -0.450382646344, -0.72747564149, -0.116037157295, -0.676250374614, -0.432163329744, -0.688036302616, 0.582958748718,  
248, 4392935.692940416, 101.59883907718113, 117.72281024937249, 100.21711773602298, 88.89221077677897, -0.506852201173, 0.805055607081, -0.308198500439, 0.855895291175, 0.512568800157, -0.0686766019087, -0.102684452139, 0.29859453212, 0.948839927847,  
249, 4452.021363265084, 10.205231873413569, 53.83683808663445, 43.72878990434224, 0.45146244130905155, 0.689070388207, 0.239270200944, -0.684055385942, 0.644670873658, 0.228785461172, 0.729422153087, -0.331030912082, 0.94361378948, -0.00339875706266,  
250, 3289790.9811583366, 92.26278618552008, 102.64647705912637, 96.76505228038727, 79.07097833101176, -0.462983395895, -0.57751096497, 0.672404238881, -0.128704711199, 0.7943689728, 0.593643859875, 0.876972902911, -0.188305656823, 0.442108026582,  
251, 2495086.209016531, 84.139316968123, 107.88983285350986, 88.23235853365138, 62.57322482272326, 0.218071056055, -0.532045103978, 0.818152199682, 0.752329861294, -0.442349612121, -0.488187054787, 0.62164684051, 0.721979797494, 0.303809772217,  
252, 3536221.8951039948, 94.51127742434744, 100.86505523098138, 98.05303895114454, 85.35895911818345, 0.422082019055, -0.840010348762, 0.340924307087, -0.540277174969, 0.0689024748581, 0.838661447287, -0.727974823327, -0.538177538486, -0.424755922468,  
253, 3374256.742289159, 93.04574231436204, 97.20267734496413, 94.43893387184883, 87.75264428840494, -0.677527552691, 0.489797912148, -0.548684263125, -0.682286033107, -0.139959547072, 0.717563303278, -0.274667406827, -0.860528518086, -0.429008723907,  
254, 3859027.555112674, 97.30379007413669, 106.41658962103195, 97.75018105163697, 88.5650481501127, -0.706976498349, 0.522539822224, -0.476588255177, -0.23079340895, 0.466524450148, 0.853867284652, -0.668519732818, -0.713657531036, 0.209223075276,  
255, 4073610.0971576925, 99.07489400609313, 109.27015627714789, 100.47549562069005, 88.5786644321889, -0.649596481265, -0.211245370659, -0.730342251895, -0.522063154904, 0.822280196271, 0.226506823545, -0.552697452337, -0.528422815741, 0.644433746776,  
256, 3929584.561731723, 97.89323409930945, 107.95502351029162, 96.29302319915384, 90.24441859649959, -0.724862598916, -0.614890064913, -0.31061941466, -0.682209866236, 0.578061830136, 0.447698803829, 0.0957283192333, -0.536427747801, 0.838499469461,  
257, 3412114.5630776794, 93.39242773204445, 106.79926241977205, 92.52670728166024, 82.43272076137409, -0.206593536863, 0.942819282018, 0.261554797282, -0.0541471758878, -0.277929123799, 0.959074285698, 0.976927425078, 0.183976095184, 0.108469362177,  
258, 2931631.67148495, 88.78513618809416, 114.29218154535802, 83.82299665370158, 73.05351053928693, 0.429117104992, -0.293657863281, 0.85418005686, -0.657706592735, -0.749762255236, 0.0726539640778, -0.619096557959, 0.59297691351, 0.514876521087,  
259, 2354520.738941876, 82.528630225933, 113.89402759864845, 92.05361800113575, 53.6132454042247, 0.483556749649, 0.826431985908, -0.288414705829, 0.658394026438, -0.560535980682, -0.502311377844, -0.57679300951, 0.0530055377273, -0.815168839658,  
260, 1515123.5720303236, 71.2502646597667, 116.48613025710523, 86.04541728157825, 36.08755697843624, -0.856680204157, -0.484837875798, -0.176156924354, -0.498793902928, 0.865643279485, 0.0432013319737, -0.131543415676, -0.124875725721, 0.983413637753,  
261, 3571148.48200648, 94.82141519717943, 101.29294764054085, 96.274272137877, 87.42383329519285, 0.736004827332, -0.0360651077467, 0.676014942251, -0.535183171732, -0.642525952304, 0.548397094549, -0.414579144239, 0.765414729816, 0.492203641335,  
262, 3442976.242096785, 93.67315304718511, 100.1400298133564, 95.89232574440209, 85.59607453504009, -0.720892391672, 0.661963263126, 0.205228647857, 0.675518121198, 0.604965002695, 0.421536016785, -0.154885207692, -0.442517777932, 0.88328284748,  
263, 3532371.9441278274, 94.47696623725372, 97.06840416869028, 96.8287256627823, 89.72133177716282, -0.856658753855, -0.271102856885, 0.438906619263, 0.451547736799, 0.0173968312152, 0.892077346229, 0.249480301499, -0.962393158357, -0.107512733716,  
264, 1638845.590493761, 73.13913322885357, 105.14759439919966, 87.10532591240657, 42.71745556907703, -0.690767459981, -0.629090970672, 0.3564896448, -0.712634086209, 0.675789077104, -0.188312990631, 0.12244580599, 0.384127158485, 0.915124773301,  
265, 3081157.4433702314, 90.26965039783919, 99.59840663689147, 95.76564849927355, 77.11931029620952, -0.612103049101, -0.105102566036, 0.783762277667, 0.694581392466, 0.40231544327, 0.596405041349, -0.3780033684, 0.909448038493, -0.173256222857,  
266, 3431307.789067506, 93.5672119649544, 99.6120255813115, 95.36965873598098, 86.22814965176276, 0.0342889272864, -0.0380724065179, 0.998686518046, 0.679279794766, -0.732088996121, -0.0512314569516, 0.733077915292, 0.680144244716, 0.000759270130607,  
267, 3570580.7021792047, 94.81638968596562, 99.37200476898838, 98.5563449894202, 87.03653709392974, -0.354603866732, 0.932268341713, 0.0716368392541, -0.452305839349, -0.103977404555, -0.885781083018, -0.81833704877, -0.346503157823, 0.458541204505,  
268, 2720870.570590485, 86.60436026890136, 103.47042629790188, 90.10903873057921, 69.66821426631695, -0.256819255005, 0.270666744683, 0.927784125528, 0.966456629842, 0.0742441137163, 0.245864585114, 0.00233514323415, -0.959805878759, 0.28065498785,  
269, 3386105.312309679, 93.15452390931111, 108.48397623096717, 95.05357070870335, 78.3930968217051, 0.173398079746, 0.407311988851, 0.896677227144, 0.917377335417, -0.398004179999, 0.0033907471606, 0.358262376483, 0.82200341632, -0.442671947558,  
270, 3204161.060121793, 91.4552363192515, 108.78041544574207, 93.34685410371883, 75.33127698161863, 0.474746431093, -0.586757791402, 0.655996280777, -0.800975490357, -0.596948398445, 0.0457260695932, -0.364765801592, 0.547145231015, 0.753377731398,  
271, 2793523.4467232507, 87.36843783630204, 106.42772586465388, 102.112565871968, 61.366271904240705, -0.0664113588428, -0.823628211374, 0.563228284842, 0.994828966318, -0.0981284114396, -0.0261943246223, 0.0768430816062, 0.558576211718, 0.825886043296,  
272, 3166308.699891135, 91.09367327229786, 117.03496667654025, 96.50376594860647, 66.92752232207954, -0.592121899325, -0.805848301168, -0.000414540449486, -0.802612203477, 0.589697864954, 0.0898336178638, 0.0721478147254, -0.0535251676563, 0.995956700493,  
273, 3557472.670958342, 94.70021995513264, 101.18542317311042, 94.32365969654523, 88.98450073362655, 0.381308493648, -0.374256199556, 0.845302389542, -0.531101582984, 0.659738304553, 0.531673281308, -0.756660386979, -0.651672975195, 0.0527957590853,  
274, 3519477.506702944, 94.36186768726152, 109.24725325876635, 89.34292405721952, 86.08329774088944, -0.875853835416, 0.280835090873, 0.392443257963, 0.477044577836, 0.381078603887, 0.791964373199, -0.0728596578661, -0.880857962099, 0.467740014177,  
275, 3203861.30924696, 91.45238433589999, 105.93809623685709, 97.6105322234668, 73.96670175896872, -0.984027085951, -0.104659661178, -0.144003643834, -0.0284794137066, -0.705953109186, 0.707685756976, 0.175725971644, -0.700483092553, -0.691696335061,  
276, 3253720.613371052, 91.92434622462702, 131.32251079578333, 101.54280577310803, 58.250990224964255, -0.614421700506, -0.5084714308, 0.603276701032, -0.782370583949, 0.49140841452, -0.382640875378, 0.101893293785, 0.707088802202, 0.699745083928,  
277, 3604254.407660215, 95.11352477202833, 108.29723413622925, 92.97418766558127, 85.45688757310661, 0.564452980769, -0.581445049119, 0.585930445835, 0.328378258109, 0.809401666542, 0.4868641102, -0.757337805806, -0.0824050790551, 0.647803095735,  
278, 3427612.298376264, 93.53360952245194, 110.03523946458606, 90.38096438146034, 82.28000684955376, -0.262070536312, 0.362383398303, 0.89442568536, -0.0765037292687, -0.931703706419, 0.355070954673, 0.96201154536, 0.0246267350362, 0.271895771421,  
279, 3813931.4619806292, 96.92327752538696, 103.87436710918682, 100.70607993390072, 87.04026273130175, 0.928814619536, -0.361297408603, 0.0822653333588, -0.209387176765, -0.3285877607, 0.920970734456, 0.305712958086, 0.872636388226, 0.380848160299,  
280, 2974145.403202514, 89.21225749323283, 106.59592449967957, 89.62153986299317, 74.32254719992335, 0.424141313097, -0.0447762287586, -0.904488383487, 0.406954120797, 0.901673496843, 0.146195925585, 0.809007101384, -0.43009300672, 0.400658851743,  
281, 1798105.7170709085, 75.43545905213838, 92.4848548701281, 82.17585958146896, 56.48221733443148, -0.889003773019, 0.402720891243, -0.2179178178, -0.377146644514, -0.374096693849, 0.847237907664, -0.259678070099, -0.835384670321, -0.484458205114,  
282, 3388247.673812926, 93.17416580595881, 107.49398785337482, 88.97017524828613, 84.5780988260593, 0.284510081441, 0.0155026696055, -0.958547693541, -0.865117245325, 0.434971468176, -0.249743816169, -0.413069201709, -0.900310773626, -0.13716539466,  
283, 3189781.031639829, 91.31821644649452, 116.199125307515, 97.34580866485115, 67.3212460472062, -0.226215448824, -0.965358242143, -0.130038590582, -0.00712860561501, -0.131854980213, 0.991243384429, 0.974051206916, -0.225161560929, -0.022945975343,  
284, 3325187.4533898383, 92.59250662304143, 99.93173587876339, 93.23851290202126, 85.19787332694762, 0.805128647647, 0.555164835203, 0.20871000573, 0.400809988719, -0.768676902267, 0.498484877268, -0.437171835416, 0.317691400065, 0.841399406135,  
285, 3609239.406223166, 95.15735467467564, 106.85760700463382, 91.65198512393846, 87.97914982426308, 0.152670579005, 0.754442442919, 0.638363763562, -0.547380367513, -0.47325438444, 0.690220994225, 0.82284046301, -0.454804230336, 0.340714960783,  
286, 2405849.599022985, 83.12403596442456, 98.97921001601998, 97.48062036551053, 59.52749361896159, -0.690239419862, -0.658376628719, -0.300182874303, 0.0150303494257, -0.427813521018, 0.903742042748, 0.723424931741, -0.619286529799, -0.30518938734,  
287, 3074695.0833126954, 90.20649628460878, 96.58286908203087, 90.08003218123616, 84.36937055905489, 0.296219771646, -0.836317868319, 0.461330976649, -0.885392427173, -0.0592769863324, 0.461049334449, 0.358237486579, 0.545030881713, 0.758028522675,  
288, 1177194.8357102918, 65.5018017590588, 103.13427580885816, 75.87122725150043, 35.91530893483486, 0.795909811563, -0.591299067488, -0.129973015069, -0.501254431637, -0.764004545618, 0.406252444963, 0.339516666192, 0.258190757121, 0.904469991938,  
289, 3578210.4185469025, 94.88387707389367, 99.74096609365489, 97.02179910525045, 88.27431831664799, -0.716901515776, -0.695897271112, -0.0421806203917, -0.0205434052577, -0.0393899771267, 0.999012711732, 0.696871713573, -0.717060260899, -0.0139426346504,  
290, 2899614.9184445036, 88.4607408194739, 105.21825209584065, 83.24961888451695, 79.02752471862428, -0.185119360312, -0.808007380945, -0.559334331841, 0.306878551901, -0.588239485208, 0.748197742863, -0.933571838061, -0.0331418222381, 0.356854652202,  
291, 2860726.100543736, 88.063489376143, 102.70736317400994, 84.42880169781672, 78.75814236997604, 0.227504625322, 0.972562664934, -0.0486159257217, 0.75096591489, -0.143447576706, 0.644571941222, -0.619912768162, 0.183152001118, 0.762996398652,  
292, 3577480.3466643896, 94.87742349753003, 103.96833542760852, 94.38785621680171, 87.03049109908402, 0.25324641723, -0.927742978407, 0.274151815928, 0.311097676143, 0.346437296532, 0.884985556645, -0.916015550118, -0.138831428675, 0.376352688782,  
293, 4108267.556075092, 99.35507072523824, 116.66972649428558, 103.12133534581085, 81.51985576200877, -0.492730702885, 0.859354516461, 0.136843960306, -0.303005046554, -0.31685567713, 0.898771618173, -0.815723235048, -0.401387960592, -0.416513275772,  
294, 3802636.501403327, 96.82750346767429, 103.68631473079068, 96.72200331691486, 90.52102884346237, -0.233599487878, 0.65625961629, 0.717464002783, 0.647257656556, -0.445683164766, 0.618404432935, 0.725595483236, 0.60884302794, -0.320657702287,  
295, 2675620.5759251947, 86.12157677451684, 95.74474601618275, 93.43312398034749, 71.40359802698403, -0.0105047852922, -0.07914380506, 0.996807858921, 0.684387058439, -0.727365259153, -0.0505384410057, 0.729043211152, 0.681671502924, 0.0618058118151,  
296, 3654820.020846872, 95.55625674530609, 103.82376982752218, 95.99041551646916, 87.54930853081312, -0.957684121122, 0.255022107726, 0.133434810756, 0.167348974135, 0.116190547746, 0.979027107628, 0.234169692759, 0.959928893817, -0.15395153071,  
297, 3911173.290905687, 97.74010841070908, 102.86787878329048, 97.01671586830356, 93.56040554307174, 0.291560392731, -0.407822240984, 0.865259242741, -0.401860160673, 0.768640440952, 0.497694970636, -0.86804432413, -0.49282135941, 0.0602175975449,  
298, 3821723.217122041, 96.98923647532288, 105.15183780642192, 102.52699845022634, 84.62827927686146, 0.0237169139665, 0.583174233659, 0.812000813539, -0.99733692989, -0.042231397698, 0.0594605526813, 0.0689677915306, -0.811248619256, 0.580619601363,  
299, 4196227.514866195, 100.05914923990152, 144.737468813782, 90.47304194638996, 76.5015530410531, -0.547599973239, -0.771871178679, 0.32303119483, -0.825688737616, 0.561013132454, -0.059180856604, 0.13554474495, 0.299130654962, 0.944536115444,  
300, 3528279.0534358025, 94.44046259364382, 103.32392437966858, 95.1153299851555, 85.70830476984426, 0.711731779345, 0.696903128086, -0.0881130202288, 0.196813836261, -0.0774266274016, 0.97737885757, -0.67431608918, 0.712973454929, 0.19226716943,  
301, 3039846.319201814, 89.86439875415542, 96.63583011680178, 87.9238047030187, 85.41189634172264, 0.188513389696, 0.76303960765, -0.618250158966, 0.816158365047, 0.228414454032, 0.530765824401, -0.546212618921, 0.604646503625, 0.579701975661,  
302, 3743704.1089559463, 96.32469345873294, 107.38528591306985, 96.90916930843683, 85.88221920856066, 0.630860306729, 0.537600342148, -0.55946505299, 0.719168214742, -0.675791763636, 0.161562901395, 0.291225603784, 0.504273104899, 0.812955277599,  
303, 2551618.7292116703, 84.77004050153779, 112.5369831026792, 85.89116888545465, 63.02072434217147, -0.103613604941, -0.328219564596, 0.938901559423, -0.0102464172375, 0.944284575259, 0.328970594221, 0.99456484545, -0.024465452064, 0.101203803537,  
304, 3699170.8929166296, 95.94122557690956, 101.23177094407099, 95.41442026346287, 91.42920332627338, 0.606749416914, -0.145184489542, -0.781521982462, 0.652096905962, 0.653143724634, 0.384932331983, -0.454559974381, 0.743185534686, -0.490968930507,  
305, 3370635.299840922, 93.0124430876385, 98.09560500637666, 95.51316697130439, 85.88362361863787, -0.555808362456, 0.830411726916, 0.0386448964965, 0.830807300503, 0.553254313456, 0.0605713965002, -0.0289187422897, -0.0657725508369, 0.997415499128,  
306, 4121338.6504845293, 99.46033039199496, 102.62506214323662, 100.856280546737, 95.05901540597671, -0.743368571785, 0.633936486867, -0.213372203208, 0.661634008302, 0.650063482697, -0.373708318776, 0.0982018611899, 0.418977325261, 0.902670701516,  
307, 1721318.924864202, 74.3459949897974, 123.03634046213487, 58.24875085839317, 57.33934303582488, 0.0080196901972, -0.259398006886, -0.965737209904, 0.703837833217, -0.684557866912, 0.189717767699, -0.710315415222, -0.681243862998, 0.177084189093,  
308, 3836236.480046099, 97.1118558716297, 104.19006183048279, 100.8645186342077, 87.14692059329356, 0.101430503319, -0.896013965347, 0.432285584885, 0.590598403015, -0.295437053556, -0.750939727104, 0.800565662112, 0.331475370561, 0.499218087972,  
309, 3718345.337408716, 96.10670863219818, 102.4144766756303, 93.96074114508966, 92.24722887607793, 0.276818427738, -0.355610327784, -0.892699755146, 0.412190152227, -0.795250488476, 0.444607623625, -0.868026979115, -0.491037631299, -0.0735609147344,  
310, 3813401.055610148, 96.91878425226497, 110.18692710527485, 91.93349845452457, 89.87109110007908, -0.947693991636, 0.301890907823, 0.103624215275, 0.272383848002, 0.595702210021, 0.755609632233, -0.166382503784, -0.744312270992, 0.646773612391,  
311, 2911479.984212113, 88.58123545499882, 103.65901424014214, 87.25304069893028, 76.84888208315984, -0.800262885571, -0.393706822125, -0.45229885274, -0.565652933944, 0.245272956853, 0.787323272206, 0.199037866492, -0.885909766765, 0.418984263252,  
312, 2747302.971457463, 86.88390169160772, 114.25779980270944, 82.23140230875336, 69.80626366542661, -0.255050447038, 0.957809365652, 0.132478256838, 0.240723092108, -0.069797958619, 0.968080904625, 0.936483669047, 0.278800043117, -0.212764831602,  
313, 2841751.8772813287, 87.8683589356326, 97.17928111415124, 88.11788685859362, 79.22455170013096, -0.132863324368, -0.640072552416, -0.756739363771, -0.990518382986, 0.112663670304, 0.078614441171, -0.0349380881687, -0.760009226942, 0.648972499385,  
314, 2536950.4886106867, 84.60729183398335, 104.15818448588783, 90.17668806837149, 64.48158438212891, 0.595815455701, 0.750473226019, 0.28599629329, 0.625017383297, -0.209663182272, -0.751927270802, -0.504338391681, 0.626762544372, -0.59397937645,  
315, 3599945.3643081733, 95.07560553415831, 106.44498131420978, 93.88729828010024, 85.99540939176475, -0.997192812225, 0.0726455368643, 0.018141698386, 0.00420743416346, -0.187541038742, 0.982247757078, 0.0747582286065, 0.979566733184, 0.186708924517,  
316, 3304852.9007542976, 92.40337660227172, 102.73168958595342, 93.91613083075613, 81.77468906837964, -0.0415110942042, -0.428585506304, 0.902547113919, 0.620968385095, -0.718741996533, -0.312743036903, 0.782735647438, 0.547470918136, 0.295973816452,  
317, 2937203.3888857, 88.84134750454476, 107.60047803742998, 97.24593457983829, 67.01310731169649, 0.429810892538, -0.882898198506, 0.189085609529, 0.115994250678, 0.26167239652, 0.958161202882, 0.895437284496, 0.389895278215, -0.214880761261,  
318, 2905409.9043194014, 88.51963227393819, 102.44813615758419, 91.39724238053378, 74.07670379341386, -0.597351183992, 0.481104493904, -0.641646342566, 0.773086038563, 0.558261781943, -0.301134122611, -0.213329650922, 0.675930653815, 0.705413503748,  
319, 1733921.3136389616, 74.5269918258651, 152.33715550169663, 79.55312347672456, 34.156840977397984, 0.689725703308, 0.671312526619, -0.271326271859, 0.651800592065, -0.412452121688, 0.636426928641, -0.315332272977, 0.615810635601, 0.722040732023,  
320, 3669775.8411479346, 95.68642067992738, 113.11747664254594, 90.63043215518924, 85.45690670732624, -0.842779876659, -0.494427693473, 0.212751816504, -0.536507703578, 0.80348698357, -0.258008044902, 0.0433769927538, 0.331586976764, 0.942426927321,  
321, 3177252.0447875895, 91.19849809348399, 110.04809797258845, 91.38646696714194, 75.42210168169107, 0.12460289118, 0.934133277406, -0.334468443282, -0.589779091313, 0.340809466158, 0.732126718012, 0.797893942175, 0.106037388778, 0.593398120339,  
322, 646429.6175509667, 53.638613796331136, 117.98889324416213, 42.571447905580364, 30.72366975990643, 0.279586309031, 0.939305221157, -0.19883962711, 0.960120400283, -0.273645483354, 0.0573320713042, 0.000559251954605, 0.206939244578, 0.9783536356,  
323, 3474965.436878527, 93.96236948297138, 106.31411515708446, 92.96482108218724, 83.93678165622636, 0.878970530229, 0.460611435194, -0.123482439068, 0.339128907575, -0.421711474527, 0.840922717198, -0.335264658199, 0.781022751282, 0.526878611202,  
324, 4043196.53870946, 98.82771356386817, 111.28628418539981, 96.4659637999084, 89.91258710721145, -0.117429022675, 0.987654030297, -0.103681922593, 0.442117260139, 0.145480359444, 0.885080670506, 0.88923717473, 0.0580945905835, -0.453742510268,  
325, 2976884.520217372, 89.23963654393295, 95.21620032575284, 92.92366342294014, 80.32231347840745, 0.609815079942, -0.791550070146, -0.039674358556, -0.0767204714061, -0.108782228886, 0.991100598298, 0.788821613258, 0.60134425509, 0.127065138128,  
326, 3797265.7263626796, 96.78189618422996, 105.07206520210806, 96.32822369919639, 89.5656660247392, -0.902263952128, 0.031096389522, 0.43006136219, 0.430711555766, 0.111682979459, 0.895552604724, 0.0201820816457, -0.993257230861, 0.114161100742,  
327, 3148278.928358233, 90.92044048671579, 106.2423401634769, 105.23156241620951, 67.22656892747283, 0.251269175675, -0.53773701502, 0.804799791273, 0.890867200245, -0.19661356094, -0.409510365171, 0.378443434193, 0.819867068696, 0.429649341655,  
328, 2663717.8991152854, 85.99368107393407, 122.5032892787338, 77.67809688439905, 66.82720431577118, 0.39037424194, 0.87348002174, 0.290930580811, -0.41101429066, -0.117417908664, 0.904035556601, 0.823817457998, -0.472488821398, 0.313175844456,  
329, 3658492.003160118, 95.58824769047959, 99.3495290590465, 98.99639988190083, 88.80313272123868, 0.72093628732, -0.691189031753, 0.0500858464009, 0.455100934296, 0.52671274544, 0.717953218109, 0.522622243334, 0.494804412041, -0.694287105308,  
330, 3705823.758577605, 95.99870709006419, 105.08633634415779, 95.09880519271557, 88.52681511114764, -0.226621923683, -0.613912211276, 0.756144364889, -0.96814335587, 0.0571017358453, -0.243798757682, -0.10649387865, 0.787306286403, 0.607295533657,  
331, 1867186.7885409219, 76.38939178479905, 94.63788610014684, 74.65711318211069, 63.09034942569037, 0.211435232739, 0.900262025406, 0.380556734232, 0.252317084375, -0.426436998415, 0.868612442529, 0.944262268276, -0.0876343083252, -0.317315295432,  
332, 3506940.9221092793, 94.2496935619842, 107.79216177204779, 100.53333232735646, 77.25784333875556, 0.383384626848, 0.401409687659, 0.831797145072, 0.393192346271, 0.743987627929, -0.540261222302, -0.835712873379, 0.534184118205, 0.127402202206,  
333, 2735579.2473012535, 86.76013724981007, 101.73419731417373, 83.89426772170461, 76.51761777364375, 0.370360605663, 0.525044697643, 0.766264371643, 0.670940068379, -0.721707773998, 0.170227241047, -0.642395864259, -0.451072005812, 0.619565653628,  
334, 3711579.708310667, 96.04838366502449, 99.88427643988841, 95.57756508417742, 92.81476986044025, 0.536905418043, 0.808605607747, -0.240602458833, 0.617655069751, -0.571024089815, -0.54077139686, 0.574660584073, -0.141733764404, 0.806025280708,  
335, 3019893.8158302633, 89.66735403332783, 108.51975331488943, 84.33276577697444, 78.77672501305187, 0.216530808551, -0.910555816217, -0.352139907567, -0.818166245318, 0.0275472499128, -0.57432146403, -0.532652235489, -0.412467276975, 0.73902120501,  
336, 3718545.543854508, 96.10843348877485, 106.75469337783066, 94.27549754171058, 88.20611315523298, 0.200894124787, 0.463573815428, -0.862983701049, 0.788757131154, 0.445890069239, 0.423136188723, -0.580950719665, 0.765690122571, 0.276070457524,  
337, 4037004.134462619, 98.7772342098593, 104.22622677171306, 101.95087357631208, 90.69902486979531, 0.537093847164, 0.666498553634, -0.51702019046, 0.541020363509, -0.742441444844, -0.395066661775, -0.64716857588, -0.0675305781257, -0.759350021671,  
338, 3494909.204034446, 94.14178517100733, 108.15222653638386, 98.1678059549909, 78.58555756139661, -0.827882092915, 0.122718045727, -0.547313001384, -0.546873615177, -0.393466776291, 0.738994685352, 0.124661498687, -0.911111506463, -0.392855359562,  
339, 3181014.1591842826, 91.23447927555307, 99.30142451954713, 89.32405867334205, 85.61563183743512, -0.432669052656, -0.152585831777, 0.888546596873, 0.134382407072, 0.963648196752, 0.230918863598, -0.891481272682, 0.219316476437, -0.396435901023,  
340, 3369320.1871381435, 93.00034469997948, 102.68861467774654, 92.75086686603028, 84.45267347973036, 0.355116823339, 0.351273531755, 0.866313423462, 0.747243108668, 0.450175442351, -0.488845382153, 0.561711472492, -0.820943954843, 0.102621852829,  
341, 3371054.6722626206, 93.01630044512073, 106.15220535669172, 91.82695032521143, 82.56158166717427, -0.112796077543, -0.287953532261, 0.950978342629, 0.744200782443, -0.658640763696, -0.111164471886, 0.658363304189, 0.69517991028, 0.28858733867,  
342, 3631415.773939201, 95.35184968498113, 114.69231720180412, 99.69761661209562, 75.8172910665071, 0.0554845380194, 0.02589724179, 0.998123639089, 0.998273617517, -0.0207299449254, -0.0549550175356, 0.0192678646904, 0.999449649683, -0.0270027246628,  
343, 3500558.271471628, 94.1924805284875, 97.9638209591014, 96.71039577821107, 88.20837585159728, -0.0450541538165, 0.687920117135, 0.724386661711, 0.934333938146, -0.227602914904, 0.274257187974, 0.353539552599, 0.689175467909, -0.632492655436,  
344, 3318037.0585228945, 92.52608950328717, 114.89142008911624, 89.52499744167169, 77.01240892827013, 0.723672769254, 0.612314108892, 0.318385230643, 0.562449798252, -0.255925208469, -0.786226756169, 0.399934929065, -0.74804660264, 0.529602051348,  
345, 3789727.6935836803, 96.7178124955345, 101.69165085108133, 95.0686192110579, 93.58298898429733, -0.430788806275, -0.351807589613, -0.831055006771, 0.161139117847, -0.936071988657, 0.312735378157, -0.887949992447, 0.000807429563021, 0.459939299223,  
346, 3329801.659739178, 92.63531558438427, 99.030914112548, 91.39223081376538, 87.83137668890595, -0.32229371275, 0.927977118584, -0.187043390975, -0.203005777246, 0.125236936085, 0.971135605487, 0.924616362134, 0.35096178884, 0.148021639121,  
347, 3542854.145497332, 94.57032641418638, 111.34831647486702, 103.7716955555636, 73.198485608299, -0.450383762943, -0.73571493187, -0.505843854466, -0.887800733657, 0.308952700327, 0.341113011007, 0.0946801108725, -0.602720306597, 0.792315536022,  
348, 2088983.2390770914, 79.30163023611881, 101.65770873165408, 90.53936486123145, 54.18369097200007, -0.599098849862, 0.618914922349, -0.507961501482, -0.733021496431, -0.679199364307, 0.0369825539162, -0.322118074414, 0.394502905462, 0.860585500527,  
349, 2914236.557245029, 88.60918271020377, 99.66008507591577, 91.00414931400333, 76.71031120416148, -0.94610062527, 0.175209301651, 0.272388155909, -0.261795639605, -0.908864851065, -0.324696359054, -0.190674198433, 0.378505459821, -0.905746635068,  
350, 2527195.8306284263, 84.49871327982953, 106.50290458645834, 80.31307998764848, 70.53465616054244, -0.32745524284, -0.109687386188, -0.938478418104, -0.0116195081795, -0.992696391332, 0.120078564559, -0.944795242879, 0.0502250131731, 0.323789124409,  
351, 3284933.28123627, 92.21735212305765, 99.15507753068425, 91.75853970175349, 86.19389216840091, -0.401583760321, 0.803129645319, -0.440128681473, 0.913677383207, 0.384215943765, -0.132558470016, -0.0626428197221, 0.455368950814, 0.888096276184,  
352, 2872941.890297523, 88.18866009878393, 100.00439903161399, 92.31053102866818, 74.29641849956921, -0.163187195665, -0.986562989068, 0.00796289966719, -0.0143933174904, 0.0104508735023, 0.999841793313, 0.986490127463, -0.163046765817, 0.015905363065,  
353, 2540259.681340651, 84.64406304000893, 116.25075951853594, 80.50315878338516, 64.80086234593223, -0.889191747032, 0.225023981688, -0.398374503043, 0.447888680112, 0.605946963627, -0.657437455199, -0.0934546266253, 0.763015389711, 0.639588733348,  
354, 3733889.8957327167, 96.24044727322108, 118.74946561386726, 92.53346952153872, 81.12269834002059, -0.675226936299, -0.726870824923, -0.125408884745, -0.721892027179, 0.686128893263, -0.0899946827654, -0.151461168596, -0.029764840108, 0.988014963804,  
355, 3829595.7833671714, 97.05578852092053, 103.58173917376452, 97.34344610617242, 90.6722539024388, -0.838408934881, -0.285235129443, -0.464447390824, -0.529985441834, 0.227736944337, 0.816854525376, 0.12722377669, -0.931008488208, 0.34210715504,  
356, 3377651.6310722507, 93.07693674650446, 105.3106288816562, 90.37509332072257, 84.7237715233985, -0.527059958011, 0.0658374965378, 0.847273996244, 0.849659958459, 0.0606557331141, 0.52383092409, 0.0169043087395, -0.995985093307, 0.0879086927216,  
357, 2746023.6673353445, 86.87041353103955, 98.3314725762801, 90.19899252028492, 73.91310331453148, -0.56084450626, -0.812327743067, 0.15992835159, 0.72198550598, -0.38532949557, 0.57468087579, -0.405204107769, 0.437772563882, 0.80259878729,  
