# Void_ID, Void_Volume, r = (a*b*c)**(1/3.0), a, b, c, vector_a, vector_b, vector_c 

6, 765279.7314245009, 56.742770143170134, 114.82886026702127, 68.62591387533382, 23.18421559025127, 0.692011189016, 0.118578889469, -0.712081147938, 0.35412238922, 0.80381405346, 0.477996130647, 0.629061084259, -0.582942548141, 0.514256879233,  
19, 1623356.828928069, 72.90799038997284, 114.96643699300512, 87.79798880324394, 38.394564278099516, -0.353365054659, -0.93444720489, -0.0440631299172, 0.875176622376, -0.3468557573, 0.337278761969, -0.330452746687, 0.0806195069462, 0.940373052202,  
73, 1543287.0798490474, 71.68902992590722, 142.77020849312987, 59.11820739962882, 43.65150890014663, -0.0300999070231, 0.946884160789, -0.320163054777, -0.142875122163, 0.31294326782, 0.93896390271, 0.989282919626, 0.074006061733, 0.125866626882,  
77, 1225977.244803398, 66.39437188765257, 120.9371920647115, 69.06310160762023, 35.04191571358249, 0.0140370609621, 0.931804338266, 0.362689448576, -0.302872085377, -0.341722699559, 0.889659539659, 0.952927836103, -0.122336714828, 0.277420740728,  
101, 1029987.274207835, 62.64903942966498, 115.85674918792415, 75.85743472931777, 27.97845695809457, -0.988157698228, 0.0953941814922, -0.120184498044, -0.0997756472298, 0.195585025495, 0.975597928463, 0.116572653965, 0.976036089466, -0.183750832401,  
136, 1179218.6570081767, 65.53931694413592, 123.47996666791396, 63.564752798733565, 35.866819442672536, 0.876281623659, 0.444546692594, -0.185765320071, 0.351703094199, -0.853730638037, -0.383990795734, 0.329295383459, -0.271149840092, 0.904456916968,  
166, 667014.3672919469, 54.202026778161844, 89.31271139839461, 72.517394282585, 24.58618327517132, -0.171472770374, -0.817292157339, 0.550118731341, 0.966507800968, -0.247777094315, -0.0668519423825, 0.190944388992, 0.520230757534, 0.832406270536,  
198, 617534.0136196074, 52.82717960348789, 111.38276568616837, 69.57284691879339, 19.024554763573008, -0.929115300285, -0.348721701737, 0.123036309741, -0.315145360625, 0.572635415274, -0.756817073572, -0.193463589478, 0.741944644776, 0.641942352267,  
213, 245193.12008917518, 38.82754129435463, 131.0327819653353, 29.741153383930516, 15.020413975231692, -0.435553750503, -0.650506470164, -0.622201143279, -0.249095191897, -0.577118122131, 0.777744340051, -0.865011280733, 0.493736777426, 0.089327928562,  
223, 915919.6318269625, 60.24526506251727, 139.70492304902217, 65.20616466632725, 24.003158430813333, -0.165353005306, 0.925936496802, 0.339558518559, 0.975660957997, 0.203859724872, -0.0807892790889, 0.14402804823, -0.317935239419, 0.937108907683,  
277, 1282033.9654854666, 67.39126997819345, 107.47047355809703, 62.691923194984135, 45.426593070318226, 0.689641572979, -0.622037011173, -0.370761995828, -0.52868490781, -0.782372867737, 0.329218717699, 0.494860353103, 0.0310266427443, 0.868418435068,  
291, 1808308.2422972377, 75.57786467683626, 121.3006007449313, 114.96899067922801, 30.95566813681386, -0.497038394446, -0.839519336521, 0.219454136564, -0.0845020994487, 0.298533957577, 0.950650762037, 0.863604208903, -0.453965593169, 0.219323985425,  
313, 743954.3626532444, 56.21073039881302, 92.90311863174313, 78.59757366186541, 24.32306235975265, 0.162981136318, 0.494808443528, 0.85358172041, -0.405146367913, -0.755278011768, 0.515181080308, 0.899607453155, -0.429790331619, 0.0773737751144,  
315, 676023.4879577397, 54.44496530449654, 144.70867369434794, 62.176275698811516, 17.937169348649604, 0.353698057688, -0.0550898473843, -0.933735933068, 0.566187524947, -0.78199423279, 0.260608339235, -0.744532988243, -0.620846300302, -0.245398656921,  
320, 1062294.1705720327, 63.297330768034186, 116.1149680298091, 74.30827417501594, 29.392112900771153, 0.60850193665, 0.706540141791, 0.361284404771, 0.652068317627, -0.185720073475, -0.735061197081, 0.452252476211, -0.682868275985, 0.573723465979,  
346, 2088664.5888356923, 79.29759784879752, 140.93081671664106, 71.33029368711345, 49.60210571440164, -0.574318641711, -0.419902104758, -0.702737732161, 0.197883140584, -0.904181381198, 0.378547609379, -0.794355311215, 0.0783469993946, 0.602379769938,  
379, 1816023.6655025177, 75.68520033286143, 121.28695533679965, 68.86107395467933, 51.909280424734, -0.760533473348, -0.605040525282, 0.235615786151, -0.604614866364, 0.792211076027, 0.0827192504302, 0.236705934207, 0.0795460482149, 0.968319537614,  
394, 1688889.5235133397, 73.876142578417, 129.09380729844113, 65.29189327204615, 47.83524040495756, 0.400180060268, -0.485577840066, 0.777219454595, -0.772298856528, 0.277883316551, 0.571257681426, 0.493366390799, 0.828851629437, 0.263807848273,  
457, 969770.5171156959, 61.40354653442164, 108.25183134739767, 62.08957172779923, 34.44502075665657, -0.00757191441285, 0.749629740495, 0.661814111573, -0.512628250078, -0.571161051475, 0.641082935742, 0.858577278603, -0.334410384772, 0.388606164674,  
470, 671037.1890093802, 54.310774162695324, 99.9089655495162, 78.66118797922138, 20.38416925968697, -0.939975187979, 0.0497897800447, -0.337590911885, 0.338281351749, 0.00590661767789, -0.941026481522, 0.0448594810832, 0.998742253873, 0.0223950281589,  
504, 1866484.584161829, 76.37981450852362, 135.01431791462423, 89.83631954882495, 36.73702806331546, -0.344525593712, 0.365818008268, 0.864568852148, 0.938631888515, 0.118044312316, 0.324092144602, -0.0165013072316, -0.923169932979, 0.384037734738,  
570, 765108.8233930005, 56.738545754463374, 123.84923776859942, 47.642741147250916, 30.955977486716126, -0.864019909899, 0.454553226606, -0.216450824626, -0.0803161074767, 0.299975338036, 0.950559897876, 0.497009977947, 0.83868716501, -0.222676718739,  
573, 703190.0870970943, 55.164714751139584, 137.14291826325214, 71.71584162889611, 17.06851131855025, 0.28743881592, -0.473096896723, 0.832801448974, -0.844060055335, -0.536085818169, -0.0132143310936, -0.452704705178, 0.699136125421, 0.553414065633,  
593, 1053760.4012904072, 63.12737855062246, 117.86471525691611, 51.89720075851794, 41.12685692994125, -0.768994489235, -0.494761735767, -0.404794145643, -0.102995533933, -0.52906110455, 0.842310078084, -0.630903634096, 0.689423797438, 0.355886824722,  
607, 1219194.4829495777, 66.27170232504274, 105.06444348814523, 59.03613363771211, 46.92569438304939, 0.913304967971, -0.334231473, 0.23273022566, -0.249549623931, -0.00764387371395, 0.968331842082, 0.321868017477, 0.942460022309, 0.0903885262306,  
609, 3326849.42728497, 92.60793038485997, 115.28386155746387, 100.03198175849343, 68.87112035456784, 0.166051011255, -0.769926136362, 0.616149986779, 0.700277953009, -0.347849219948, -0.623387286292, 0.694289457064, 0.534990340781, 0.481401584003,  
610, 256807.6600866347, 39.43118130607399, 138.318512958869, 72.17654455608796, 6.141054714359382, 0.282552128689, -0.284825757207, -0.915990492639, 0.772984981897, 0.633059565618, 0.0415909141544, -0.568030379764, 0.719798495699, -0.399038360631,  
622, 1364550.6308648845, 68.80716775378637, 127.0821541537281, 83.27760033327203, 30.78139337014479, 0.68072041765, -0.409744677864, -0.607230608547, -0.579121019114, -0.808637254619, -0.103559816835, 0.448596208427, -0.422155290627, 0.787747645113,  
628, 2155653.149440161, 80.13644846785658, 110.5870807535863, 80.89350469508089, 57.52706647741529, -0.751251547478, -0.605913839025, -0.261705047888, 0.0500842622428, -0.447704487775, 0.892777832555, -0.658112968333, 0.657593424012, 0.366685436864,  
638, 2740330.2008648072, 86.81033441752092, 121.91469841648231, 78.32664935000669, 68.50916437403801, -0.648460600116, 0.00610300358248, -0.761223753862, 0.748481319356, -0.177257845487, -0.639026893635, 0.138832865964, 0.984145522553, -0.110376744686,  
654, 1053786.1852772348, 63.127893424851166, 121.57968111599506, 76.19710365821338, 27.155914208242717, -0.792254495171, -0.449226176322, -0.412951156178, -0.607537110377, 0.643773471483, 0.465246576484, -0.0568460587648, -0.619476843733, 0.782953999722,  
657, 1075683.355309394, 63.56215500943791, 131.06361776412214, 84.39765058788578, 23.215782718166043, -0.882743539935, 0.356672526633, -0.305857076832, 0.172699872622, 0.851695272048, 0.494762486015, 0.43696521223, 0.383926910122, -0.813425799311,  
667, 265276.31969558005, 39.85993854781974, 84.89563601852844, 34.13536757472204, 21.853445755886213, 0.44140174958, 0.102656662136, 0.891418030549, -0.734396058804, 0.612146331909, 0.293154050191, 0.515584061314, 0.784052599032, -0.345593109986,  
673, 1450497.2086165731, 70.22246915629722, 115.98237880251092, 78.14858286108884, 38.2045570878922, 0.407174226285, 0.780792605773, 0.473890341976, 0.76533455315, -0.57483683478, 0.289526570687, -0.498469829782, -0.24479689571, 0.831626303485,  
675, 414166.8152237577, 46.241178758636146, 105.15261092779744, 47.00599576034368, 20.00383996515869, 0.173139814131, 0.430356288725, 0.885898453276, 0.872245457893, -0.484729301933, 0.0650028078805, -0.457395305997, -0.76146632795, 0.459302259357,  
695, 3049976.58318613, 89.96411220563793, 128.3258213461111, 77.51145417184344, 73.20284471681175, -0.896253064353, 0.420131359984, 0.14219734525, 0.373908061046, 0.888114284462, -0.267293433551, 0.238585847281, 0.186393825253, 0.953065651141,  
703, 1782265.2160352725, 75.21328789380934, 111.8816583207503, 79.67904768135337, 47.72881942317522, 0.209922928163, 0.927305621339, 0.309897803904, -0.762869576022, -0.0428983070604, 0.645127696841, 0.611524630911, -0.371838701434, 0.698407907962,  
705, 1657672.950670935, 73.41814610447247, 115.904126726425, 89.37169596220399, 38.20422050308429, 0.365820870267, 0.927171363007, 0.0807982332559, 0.469106209364, -0.108712636575, -0.876425083498, -0.803812450272, 0.358517539695, -0.474711194852,  
709, 2405482.9850436174, 83.11981348078963, 120.28984052156046, 86.42106885410195, 55.24145355565318, 0.860547107064, -0.508297353135, -0.033052644659, 0.252913401075, 0.370053943398, 0.893921076232, -0.442146455465, -0.777620652871, 0.447004062788,  
729, 1054151.1819002975, 63.13518105381163, 100.0046720678936, 77.31619008269428, 32.5479436583487, -0.321908716247, -0.403045657908, 0.856696548403, 0.418955460901, 0.750806183755, 0.51065291169, -0.849029504897, 0.523301320538, -0.0728328753896,  
733, 2014709.457448198, 78.35040972997486, 124.85729069305971, 71.94058735165379, 53.547096842949145, -0.52840557746, 0.27852521338, 0.802004520698, -0.229741457953, -0.956320120783, 0.180750350159, 0.81731658995, -0.0887441947183, 0.569313674258,  
745, 325164.9240168124, 42.65844569245737, 114.13010156178424, 44.68205400393949, 15.222351616090604, -0.909488124927, 0.167545594427, -0.380473158588, 0.00548889453865, 0.91995279036, 0.391990734004, 0.415693664438, 0.354422540615, -0.837605778424,  
820, 1886098.570021551, 76.64642897546439, 130.43784953394925, 104.34634978994107, 33.08223824922592, -0.731757378932, 0.372796727268, 0.570573166663, 0.646431707598, 0.644929517566, 0.407666487198, 0.216002744868, -0.667149546586, 0.712919558365,  
865, 2669925.035899042, 86.06042493685565, 122.89848823500503, 98.01041000303779, 52.91657315563188, 0.796670399057, -0.442493100941, 0.411723366941, -0.552289275052, -0.809683810997, 0.198465822934, -0.245545987401, 0.385502246206, 0.889435318751,  
882, 1354398.62202467, 68.63610521501373, 129.7704057197356, 83.14538484015198, 29.967056296255674, -0.370088926701, -0.873753691109, 0.315576731726, -0.928579837648, 0.3580963872, -0.0975010901913, 0.0278149500735, 0.329122264133, 0.943877568228,  
894, 3919748.445188702, 97.81148722387869, 131.22385647322136, 115.83699138604084, 61.56154648573768, 0.17910416796, -0.945910118719, 0.270510155677, 0.783535885219, -0.0291371222004, -0.620662988008, 0.594973288134, 0.32311774234, 0.73593594218,  
956, 1548579.6629858534, 71.7708870756364, 106.72529773647196, 72.22349858207784, 47.962194383550596, -0.19307190356, 0.936814516487, 0.291722131069, 0.955379043994, 0.111753494419, 0.273426477836, -0.223548926083, -0.331496181252, 0.916589417058,  
958, 2429177.5131893572, 83.39183831072187, 110.79470379426876, 74.52502746103245, 70.23433866857526, -0.811246335969, -0.506211584815, 0.292624697824, -0.507045867831, 0.359831951271, -0.783214820315, -0.291176699434, 0.783754297113, 0.548584844362,  
1014, 190823.33110836937, 35.71475055351176, 92.56245451818018, 81.11003493116495, 6.06783010908588, -0.979563628036, -0.192937544749, -0.0568348700672, -0.196771514364, 0.977796288602, 0.0720790477957, -0.0416661705053, -0.0817894970159, 0.995778292801,  
1027, 1100405.3742774136, 64.04541308733207, 125.19584548464798, 83.85537422505894, 25.02322463497482, 0.780437755897, -0.624281167833, -0.0344954005577, -0.538624880308, -0.643289816557, -0.544115291301, -0.317490389592, -0.443228197889, 0.838301030127,  
1031, 3586912.505128055, 94.96073292934928, 116.7815707806318, 97.08084181247332, 75.53084229226042, -0.479485380715, -0.664059924334, 0.573688231163, -0.870575630954, 0.277696902602, -0.406180379972, -0.110416667537, 0.694196547945, 0.711265992686,  
1067, 1990089.3426055803, 78.02994872877704, 108.55707351909537, 79.12895029040459, 55.30831569074421, -0.64449281795, 0.75150978364, -0.14093279499, 0.748956818928, 0.583376380384, -0.31422234515, 0.1539243028, 0.308066622507, 0.938830264268,  
1095, 1771478.431686417, 75.06124321961255, 123.17986553426768, 94.59075305701319, 36.296007087657834, -0.417721055726, 0.606379040388, 0.676619227469, 0.2591297066, -0.634262762332, 0.728397242908, -0.870839201438, -0.479599007189, -0.107814087865,  
1295, 1236252.7289271196, 66.57935006248738, 107.34868890083114, 64.8196759284483, 42.414568586601, -0.693051865391, 0.717854868098, -0.0660567954535, 0.193082354355, 0.27313048915, 0.942400626238, 0.694549002097, 0.640378110373, -0.327898703018,  
1296, 2076993.3920066084, 79.14962018808907, 124.51554838377791, 104.60521838800592, 38.06883349795166, 0.563806122512, 0.140647086733, 0.813843383712, 0.763885303231, 0.285843209145, -0.578595630205, -0.314009394326, 0.947898758718, 0.0537219088963,  
1333, 2500433.5257086, 84.19938149831765, 128.8824481629745, 95.80218515383274, 48.34566205205596, -0.879463215992, -0.408927846257, -0.243562041936, -0.444096021692, 0.889101232494, 0.110804882089, -0.171240109887, -0.205613751809, 0.963535058954,  
1364, 864444.5207643376, 59.09483243463854, 134.8911258124688, 96.98624417889582, 15.774477965307458, -0.89272561027, -0.424466753062, 0.151224866715, -0.444073943936, 0.771854347718, -0.455015602178, -0.0764154243917, 0.47335910412, 0.877548768708,  
1366, 543622.3171076215, 50.62941266927571, 112.72763329436522, 50.4088028571517, 22.838727106186706, 0.00905854560077, -0.985241294166, -0.170931375185, 0.0703087941537, 0.171142875526, -0.982734343361, 0.997484143341, -0.00311583500949, 0.0708214328854,  
1388, 1288254.6471494064, 67.50009273566775, 129.3393330488802, 67.12470432445558, 35.42420444275721, -0.0252436885941, 0.998593485336, 0.0466241056745, -0.00980912806966, -0.0468841509447, 0.998852169941, 0.999633201326, 0.0247573713059, 0.0109788602936,  
1391, 1066946.5547192036, 63.389601078310484, 122.33425843583075, 61.4001734371682, 33.91066952329275, 0.0411394564802, -0.566001918218, 0.823376811487, -0.908750725586, -0.363729782304, -0.204628356325, 0.415306710598, -0.73982597551, -0.529318299413,  
1392, 708896.7555884913, 55.313540779797705, 105.94212385934594, 68.63188822365956, 23.27553952949397, 0.0883786696189, 0.539799798597, 0.837141199674, 0.899178719099, -0.404827276059, 0.16610992649, 0.428563696404, 0.738058977314, -0.521154587556,  
1407, 1718240.6379711824, 74.30165014487069, 97.74223812850006, 86.50122198645221, 48.51665547552028, -0.949315245373, -0.310446185084, 0.0492314032825, -0.103295438588, 0.456045585771, 0.883941443799, 0.296868013213, -0.834053709221, 0.464998702004,  
1408, 2326354.8933077645, 82.19822758415897, 126.87008729914122, 80.12619503688178, 54.63281779705041, -0.963475228953, 0.266773859647, 0.0233921141016, 0.0497330419917, 0.0924139026426, 0.994477900776, 0.263138951369, 0.959318184132, -0.102305981571,  
1437, 2893175.803776404, 88.39521131179019, 115.98519636970914, 79.98228676661496, 74.45430878106967, -0.319575571464, -0.806467421636, 0.497475378248, -0.947386430374, 0.261868991979, -0.184074937413, -0.0181770643272, 0.530127276113, 0.847723224557,  
1450, 3158325.0072295386, 91.01704608367382, 134.96999748631097, 96.30533726505116, 58.007027804440014, -0.109724163067, 0.701428460997, -0.704243368547, 0.991594087524, 0.126124768417, -0.0288740087013, -0.0685694802809, 0.701491736869, 0.709371249403,  
1469, 1941450.6008299603, 77.38900182674031, 122.26325854036969, 83.91992408966493, 45.17276628294207, -0.738371155423, -0.240617514271, 0.63000892745, -0.103542630836, 0.963555771653, 0.246656032795, -0.666398499728, 0.116890918129, -0.736375958882,  
1536, 670769.4341465369, 54.30354957131346, 97.1929718197967, 81.02580290737824, 20.33417000598968, -0.870330398805, -0.469865303975, 0.147484212837, -0.480080458146, 0.8762452163, -0.0414375990865, 0.109762245888, 0.106868690607, 0.988195998952,  
1589, 2520032.1812558114, 84.41879703430462, 118.00658060113044, 77.51952539462103, 65.76580586317172, -0.822120993163, 0.507310325025, 0.25836661302, 0.555917265611, 0.813215316726, 0.172153543203, 0.122772417082, -0.285161502949, 0.950583952547,  
1645, 735065.5684170484, 55.98596353830429, 110.20861717406797, 75.29859934391473, 21.146330710784625, 0.659132144958, -0.250382136421, -0.709121711164, -0.355361492205, -0.934728911231, -0.000269009989091, -0.662769209711, 0.252171862565, -0.705086041834,  
1662, 2198775.872815617, 80.66728702944614, 142.60226045278898, 77.11175064435332, 47.73592921463776, 0.528608991713, 0.538661638252, 0.656061104895, 0.651633838418, 0.237805446763, -0.720292933547, 0.544009075759, -0.80826493736, 0.225304053505,  
1726, 1067429.58956635, 63.39916568319763, 116.52359422250103, 81.4139816917544, 26.861963879796537, -0.758651473726, 0.651221319241, 0.0189402951497, 0.64623188362, 0.74851419642, 0.148697176674, -0.0826576917573, -0.125049154834, 0.988701378005,  
1805, 316195.63946821645, 42.26255565744059, 99.6820645345174, 76.30543593487128, 9.924183026817238, 0.75512351607, 0.174580665729, 0.631909856413, -0.505151722306, -0.459431032269, 0.730578444823, -0.417863868897, 0.870887316329, 0.258737452505,  
1837, 1880712.7192023073, 76.57340349080194, 94.26672456447295, 81.4138345974087, 58.50287710490723, 0.331161340306, 0.386596504473, 0.860741139609, 0.481904888009, 0.714975638291, -0.506534811799, -0.81123353333, 0.582540109675, 0.0504695454703,  
1874, 2883905.533792947, 88.30069876324552, 145.5400332052435, 100.32227349794232, 47.153353617682946, 0.910405524094, 0.383377734406, 0.155509788957, 0.257843517086, -0.819742837404, 0.511408252985, 0.32354057303, -0.425491707658, -0.845149870921,  
1890, 2327316.3745339955, 82.20955018551126, 131.31349826070038, 115.50900365629752, 36.630395410397455, 0.17357962983, -0.716507160305, -0.675638661815, 0.0140723378758, -0.684178452477, 0.729178863155, 0.984719290669, 0.136078412678, 0.108676511669,  
1920, 1692317.5811182957, 73.92609266184192, 147.53093156321242, 66.65840326844415, 41.08234883005014, -0.601952049149, -0.605733708446, -0.52032720953, 0.0986905517902, -0.703042059539, 0.704267021453, -0.792410187663, 0.372583597292, 0.482977802302,  
1921, 778417.267323073, 57.06563014160157, 83.12482993382494, 77.45553841433781, 28.862942546515242, 0.7324710992, 0.366955269053, -0.57343693581, 0.408938381825, 0.436263124356, 0.801525973501, -0.544293568497, 0.821594983457, -0.169488036309,  
1925, 2432577.3789368747, 83.4307251197094, 118.11748246934205, 78.42425760137412, 62.692192207856785, 0.545782683023, -0.669606666368, 0.503734230788, -0.727652831833, -0.676850049257, -0.111334483183, -0.415502851058, 0.30577920658, 0.856654222885,  
1928, 1339006.6106513704, 68.37510988189857, 120.34972625152596, 81.58698907435384, 32.55577955232425, -0.168535105647, 0.564684267293, -0.807915587445, -0.961369883602, -0.275136338289, 0.00824270927452, 0.217632408129, -0.77809490014, -0.58924058016,  
1930, 1139751.5644636392, 64.7998294106912, 122.68592959888626, 72.6573980642985, 30.52438962993297, -0.168225984835, 0.415153114943, 0.894062586836, -0.564163799398, -0.784306487622, 0.258035929521, 0.808343507103, -0.460989397522, 0.36615508995,  
1935, 962059.5327656578, 61.24036624559319, 116.43388665035522, 99.54139941002335, 19.816648274384693, -0.709687191572, 0.109125882518, 0.696014103222, 0.278719616528, -0.863841776046, 0.419634080265, -0.647038998424, -0.491801715859, -0.582641919876,  
1960, 2489180.018180491, 84.07287497682304, 129.5838084423582, 100.07667512955513, 45.82306015319189, -0.309297533607, -0.0360528603349, 0.950281656651, 0.632290938067, 0.738604354063, 0.233819968775, -0.710312047866, 0.673174419762, -0.205652608142,  
1969, 399106.7011140833, 45.67376399590316, 115.48721470667061, 42.5738770593722, 19.378640297056343, -0.306440826922, 0.0398606734854, 0.95105475463, 0.948481196652, -0.0716897604991, 0.308616263079, -0.0804825396759, -0.996630174613, 0.0158384297976,  
1998, 577915.2226347444, 51.672385108766875, 104.03098856463754, 62.24218486149301, 21.30727790762177, -0.924488427548, 0.0932038951213, -0.369640610952, 0.319774294286, 0.717461684357, -0.618864389179, -0.207522403717, 0.690334531524, 0.693089234184,  
2013, 857531.2593529371, 58.936876678950235, 85.67228225425787, 55.28531247181834, 43.22263565119616, 0.238733649295, 0.273778068984, 0.931692982499, -0.841556669206, 0.537065296208, 0.0578207585825, 0.484549911989, 0.797876203776, -0.358615317909,  
2025, 446952.95932032634, 47.430503609172, 81.82161460991342, 51.104508555573226, 25.517959642810272, 0.65241808968, 0.416214084847, -0.633337565469, 0.569612378302, 0.281926871994, 0.772048558921, -0.499892363158, 0.864455362886, 0.0531465034965,  
2030, 741977.8713960806, 56.16090720351151, 120.18343229272864, 63.88069473043606, 23.07215233209964, -0.972958293073, 0.228876868676, -0.0311052877514, 0.178205995077, 0.829493065968, 0.52932398097, -0.146951635784, -0.509467008251, 0.847849387713,  
2031, 1770638.8780069263, 75.04938346455248, 128.57341048123564, 75.2793811893607, 43.673116294270265, -0.915117640805, -0.25338453333, 0.313617572463, -0.401868791364, 0.636075915286, -0.658717621232, 0.0325757274016, 0.728837230294, 0.683911627129,  
2041, 1583018.6629749378, 72.29903076769665, 112.33451611734647, 71.70027951693208, 46.92057850121543, 0.252956290241, 0.527706076343, 0.810888039262, -0.653523676793, -0.524821417262, 0.54540744756, 0.713386234167, -0.66789877749, 0.212111536528,  
2042, 3768920.144312936, 96.54047740842988, 108.14323174281459, 102.1905213657137, 81.41761339498571, -0.687583531852, 0.703034162971, -0.181581531057, -0.489801264727, -0.264467612255, 0.830753635647, -0.536025752924, -0.66015138246, -0.526190597064,  
2064, 1087475.1696497889, 63.79357098155315, 117.93989884114282, 86.72807259454412, 25.381091473564844, -0.333490529606, 0.910977119805, -0.242703015749, 0.916133628617, 0.252406167433, -0.311432659109, 0.222448288779, 0.326208236917, 0.918751840807,  
2086, 1018822.5387334242, 62.42185131805582, 102.77853010100036, 92.14534321090206, 25.68231334660244, 0.16639683796, -0.794464942784, 0.584069813467, 0.48790226335, -0.448400939989, -0.748924547892, 0.856891751469, 0.409587660585, 0.313008745184,  
2097, 299667.1075932668, 41.512939727152116, 140.0369796977108, 52.14937695489486, 9.796221746271097, 0.777849456481, 0.454186397656, -0.434355774954, -0.316022266866, 0.880097479694, 0.354342141271, 0.54321280351, -0.138358745369, 0.828116361198,  
2116, 330270.549927967, 42.880556546396214, 155.17559233524642, 77.42212848761962, 6.562853679654298, 0.245123035126, 0.654844664972, -0.714907799936, -0.26349788741, 0.754646055169, 0.600897823883, 0.932997085194, 0.0410827965854, 0.357531317291,  
2126, 780701.501394358, 57.12139456088815, 97.53705953294015, 65.93522843206956, 28.980724037689498, 0.309940965084, -0.464189486294, 0.829737741083, -0.798249060687, 0.34702045578, 0.492316199593, 0.516463972872, 0.814926330464, 0.262982966447,  
2135, 2702845.5417123307, 86.41269293714397, 127.28749643823444, 90.87362313061669, 55.7839201238166, 0.93979144453, 0.211364132909, 0.26854653993, -0.248887613233, -0.115191888658, 0.961657831438, 0.234194356824, -0.970595709916, -0.0556504368776,  
2150, 740815.2200783702, 56.13155786115442, 130.01389961826482, 80.58864063021903, 16.879425933526306, -0.47726050371, 0.771896636973, -0.419997611217, -0.105531518431, 0.42413875591, 0.899427270185, 0.872402149365, 0.473584097668, -0.120965252117,  
2157, 629762.8077158793, 53.173608432469045, 132.00076670896402, 66.88459138734116, 17.02887146428812, -0.997689130093, -0.064976731063, 0.0198601136696, 0.0327114171446, -0.203161076535, 0.978598763625, -0.0595513466094, 0.976987001654, 0.204817078672,  
2177, 1322625.3540329677, 68.09513388663598, 121.84060649686316, 65.68955980237811, 39.45116482394514, -0.794315713001, 0.0288041505732, -0.60682194175, 0.593452794062, -0.176809138128, -0.785208449964, 0.129908926942, 0.983823586617, -0.123348372979,  
2189, 1561907.8868881976, 71.97620363802386, 104.24479895057361, 85.67211922073551, 41.751578798493675, -0.214943749089, -0.560583465363, 0.799715801451, -0.824418451914, -0.334845953726, -0.456302973272, 0.523577502259, -0.757379934798, -0.390182308022,  
2234, 966111.5646164663, 61.326223836655004, 79.7752347657092, 63.725893916108944, 45.368523365912125, -0.605742043235, -0.104196193326, -0.788809058235, -0.0668421846274, -0.981219755449, 0.180941741648, -0.792848471911, 0.162329740999, 0.587401358337,  
2254, 1471024.900973901, 70.55218553563384, 139.08629391020423, 85.26234313694069, 29.613505253759353, -0.158198889195, -0.935696228243, -0.315350091023, 0.0111070184761, -0.321037981652, 0.947001187157, -0.987344795701, 0.146311936588, 0.0611806473819,  
2271, 2021766.431255643, 78.44178311529983, 122.3693978710141, 93.31857624643106, 42.26700204356171, -0.2759843676, 0.0239349958105, -0.96086406157, 0.937928517338, -0.211767554171, -0.274671803004, 0.210054100664, 0.97702692848, -0.035995219383,  
2276, 769505.1616959843, 56.84701206535371, 129.69465096621792, 70.14743681085525, 20.192451889092617, 0.554741590582, 0.677755999843, 0.48260602188, 0.406333621347, -0.726851111395, 0.553697074244, 0.726054237534, -0.111059743113, -0.678609591458,  
2280, 449459.69117011176, 47.51900954450292, 139.27696979318662, 47.079820666483954, 16.36394572768607, -0.97458196162, 0.17770555723, 0.136421167763, 0.21599797719, 0.906939387008, 0.361670875442, 0.0594548058116, -0.381944607532, 0.922270807758,  
2283, 150889.71892498122, 33.026078847483156, 132.5416634406095, 57.74471676638886, 4.706590001872533, 0.185037777197, 0.0511227224833, -0.98140077861, 0.683067888464, -0.724658509716, 0.0910401232767, -0.706526206704, -0.687209219629, -0.169009489964,  
2286, 1056073.7056678515, 63.17353898388692, 106.57861088122229, 53.51914180072035, 44.20042284921554, -0.639923473565, -0.460132818548, 0.615447591006, 0.238331163713, 0.642569017453, 0.728219276189, -0.73054514192, 0.612684949305, -0.301531007547,  
2289, 3977231.627828919, 98.28730454198957, 117.1098393363972, 102.47770211606527, 79.11694539355155, 0.551434517702, 0.508043667103, 0.661673337081, 0.788935436496, -0.575366454087, -0.215718150725, -0.271110401365, -0.640971977412, 0.718090575376,  
2303, 1927487.4782205913, 77.20302523446756, 119.45688932876206, 71.9722915088798, 53.521271734591494, 0.330298650637, 0.459009675729, 0.824750216111, -0.61916286961, -0.554152339165, 0.556374447557, 0.712418516242, -0.694424439795, 0.10116597813,  
2305, 2663710.4772266764, 85.99360120610284, 125.89236509061512, 89.76208335395721, 56.27378062303397, -0.191632322442, -0.619751526555, -0.761042113374, -0.973295219741, 0.0201475117835, 0.228671145969, 0.126386186847, -0.784539433746, 0.607062112697,  
2307, 2791807.7853052723, 87.35054820008301, 119.04820576033873, 89.3429876952463, 62.66334570334958, -0.87998408987, -0.435298758943, 0.190113103281, -0.176462286669, 0.671178000809, 0.719986911418, -0.441009141583, 0.600029234031, -0.66743977657,  
2310, 1407376.5214415875, 69.51959458328523, 120.31927585591329, 73.50686811900461, 37.98906140427014, -0.602123794307, 0.180796050876, -0.777662988908, 0.797548180228, 0.0911497949011, -0.596329284125, 0.0369301576502, 0.979287752848, 0.199077021725,  
2316, 764343.0778381123, 56.71961084811619, 84.4094365319853, 69.75354423092176, 30.991489311517768, 0.199469639616, -0.976250503737, -0.0845388480157, 0.395641449969, 0.159164589129, -0.90450786433, 0.896481849196, 0.14697478532, 0.417993668065,  
2319, 2423022.5576447095, 83.3213470752008, 120.20006451889122, 90.2263630666459, 53.337259237458305, -0.403663368231, -0.586354021608, -0.702313923038, -0.900044581751, 0.116696334295, 0.41988297944, 0.164242613257, -0.801605218862, 0.574850795497,  
2321, 3417949.158827955, 93.44563000646748, 119.17342514347452, 115.86071211771582, 59.09644742455436, 0.29635228234, 0.884954858875, 0.359207770663, -0.94974937452, 0.23338493442, 0.208584750124, 0.10075440611, -0.402971922271, 0.909649481674,  
2327, 2958301.0738823586, 89.05355353655126, 124.97211823882907, 89.82924149885068, 62.91046542963153, 0.857771247168, -0.236386240713, 0.456453757497, -0.305656048666, 0.479388687347, 0.822654767419, -0.413283035516, -0.845167457753, 0.338952947929,  
2342, 1974030.8463917407, 77.8195010255012, 125.1883718298245, 67.89399960874822, 55.44596426550728, 0.274268554568, -0.863970529211, 0.422293363233, -0.731451106522, 0.0976614150456, 0.674864080226, 0.624304443956, 0.493980943627, 0.605166744452,  
2351, 1468826.1618075925, 70.5170165849346, 102.63795400921711, 73.87971430428559, 46.243276357092185, 0.82174555276, 0.00433608108468, -0.569838086582, -0.413145381963, 0.693260681619, -0.590508696535, -0.392485846727, -0.720673869182, -0.5714753139,  
2365, 2823861.5037617967, 87.68357758986387, 105.96649614790577, 90.33221545221441, 70.4277068094764, 0.918089853144, 0.383112093962, -0.101666833405, 0.32445255861, -0.579029207135, 0.747967722897, 0.227687414597, -0.719687641095, -0.655902538865,  
2380, 1922231.630175081, 77.13278928441191, 117.79831936843553, 67.87619559141227, 57.39321100347509, -0.603297340133, 0.0295155548046, -0.7969699815, 0.795410900746, -0.0502972013343, -0.603979875916, 0.0579121607454, 0.998298063487, -0.00686717374794,  
2404, 1517304.5146696486, 71.28443530272858, 116.45563328824502, 74.2689075802705, 41.8809576193058, -0.550861242759, 0.813123371658, -0.188101764186, 0.194505293024, 0.344251082624, 0.918509054445, 0.811615415214, 0.469384250456, -0.347791378864,  
2411, 2975280.714337374, 89.22360762027058, 125.32471463541938, 107.34682152258222, 52.79750788649076, 0.08204479098, 0.776281782932, 0.625024196141, 0.952144522454, -0.246326412462, 0.18095332792, 0.294430739962, 0.58026708679, -0.759342246522,  
2417, 3362267.561737135, 92.93541025935961, 135.6142919655748, 89.51611484342172, 66.12062890402915, 0.0405590857333, 0.688741130427, 0.723871960931, -0.787917074997, -0.423465291099, 0.447061327072, 0.614444174432, -0.588483476822, 0.52549553187,  
2418, 1874206.8028537263, 76.48500513917384, 111.9633588595431, 75.107302362179, 53.20725063258667, -0.624035297754, -0.7396288315, 0.252049873577, -0.76655207542, 0.516883503992, -0.381089699376, -0.151584507211, 0.431022777721, 0.889517567145,  
2421, 797430.4527469627, 57.52651555800705, 103.71284085378925, 57.60746627043444, 31.863457759256494, 0.546051650715, -0.496253374866, -0.674951985467, -0.722134328215, -0.687233982819, -0.0789396280196, 0.424675884368, -0.530511112789, 0.733626848229,  
2433, 1147614.2880328766, 64.94849806421719, 121.47520685220996, 65.94898477256532, 34.19885578032677, -0.556514100987, -0.379758165242, -0.738969411636, 0.030723104728, -0.898224334049, 0.438462240744, -0.830269923722, 0.2213069851, 0.51154185763,  
2435, 1521940.4044736892, 71.35696101973035, 148.91672704208855, 64.30336250601111, 37.943017983740184, -0.615169444268, 0.785114951765, 0.0718405689976, 0.0790106477652, -0.0292698105222, 0.99644397521, 0.784425823375, 0.618658056367, -0.0440265478363,  
2437, 1947715.3189289668, 77.47215266535733, 143.1297461849639, 98.17273702693042, 33.0914707976803, -0.209463786091, 0.242403347365, 0.94729379788, -0.882952604107, -0.463150720414, -0.0767209820167, 0.420142382078, -0.852485793058, 0.311043970229,  
2438, 2812882.158892999, 87.56979030156981, 116.22120245197029, 79.03802574484286, 73.1040572930986, 0.154088638407, -0.305465821368, -0.93965276751, 0.657097117869, 0.741903394966, -0.133426872203, 0.737888927416, -0.596883560264, 0.315039594788,  
2452, 1942033.985868449, 77.39675257153965, 133.02294215135834, 93.48430908861357, 37.2823212856233, 0.779921451504, 0.16665553619, -0.603281411732, 0.274569661891, 0.775086861637, 0.569079834195, 0.562435801005, -0.609480343551, 0.558748315945,  
2461, 420959.19903422525, 46.492596200407306, 75.32399235913343, 59.738999624829525, 22.333671232256663, -0.302202699105, -0.897464531957, -0.321295724423, -0.952680533277, 0.295935326851, 0.0694412257725, -0.0327617180363, -0.32707750794, 0.944429443437,  
2470, 1904187.674692113, 76.8906820860969, 102.59464331102909, 80.78102742963092, 54.851319830228746, 0.324405498366, -0.863305108362, 0.38660750446, 0.100405016586, 0.437829264447, 0.89343403105, 0.940574242298, 0.251017579203, -0.228714384456,  
2474, 1364624.8708890083, 68.80841557682815, 103.9786793489411, 68.67349819461646, 45.62377377422412, 0.304427139025, 0.428821870045, -0.850550363468, 0.657398909979, 0.551593705199, 0.513391719394, 0.68931182362, -0.715441254161, -0.113986936365,  
2479, 307110.0906951206, 41.8538254711831, 87.78888334942101, 52.71989044017718, 15.841323136768827, 0.763839204996, -0.117621192121, -0.634598238318, -0.596272788408, 0.247686412747, -0.763616528596, -0.246998847601, -0.961673903204, -0.1190582764,  
2483, 1836701.5357022628, 75.97137614292147, 101.83721172393209, 86.13505875627145, 49.98774268169043, -0.0173432622784, -0.14439770055, 0.989367735137, 0.805565546821, -0.5881501049, -0.0717189227474, 0.592252784736, 0.795756720475, 0.126522254132,  
2491, 1165546.8637227346, 65.28504537053838, 110.45236983885405, 97.49606894455724, 25.839195458920436, -0.01587011516, -0.0669572727983, 0.997629622187, 0.990265279379, -0.139044776889, 0.0064207846509, 0.138285270005, 0.988019875124, 0.0685121190757,  
2495, 2751191.3159953533, 86.92487221077465, 115.21462396830627, 85.5893506084861, 66.60469511929344, 0.761818882503, -0.647625560015, 0.0145987765633, -0.566135247446, -0.654668423166, 0.500899328516, 0.314837850109, 0.389859448679, 0.865382423218,  
2499, 3114596.841466977, 90.59503765648262, 138.5233247565968, 81.66421814819017, 65.72922541262939, 0.200298212285, 0.965148425918, 0.168431416618, 0.402069407766, -0.237747354299, 0.884203815227, 0.893432044139, -0.109383323557, -0.435677026057,  
2502, 200765.6811521709, 36.32455387030013, 85.79714225157238, 47.209119640495025, 11.83319831556853, -0.966785358876, -0.0602978033078, -0.24837520967, 0.177118968615, -0.858660632136, -0.480968595416, -0.184268664779, -0.508985357094, 0.840820412124,  
2503, 733073.306830197, 55.93533784820528, 99.51086948779047, 64.32997718810027, 27.338512347840044, -0.603228879786, -0.0440499548239, 0.796350751913, -0.792723688708, -0.0767684450374, -0.604727838956, -0.0877728429155, 0.99607540243, -0.0113895004275,  
2505, 1976951.7799658112, 77.85786475768975, 112.42620947833558, 86.16619264629081, 48.71951937437648, 0.628097808492, -0.582202531326, -0.516268685362, -0.562032512978, -0.798287420491, 0.216463966151, 0.538156666152, -0.154199243849, 0.8286193311,  
2507, 1503076.7153608454, 71.06092328487418, 143.4157786326545, 81.48458007588891, 30.705782606718007, 0.161058565067, -0.95782376003, 0.23797853546, -0.491848703932, 0.131154182589, 0.860745858445, -0.855654714858, -0.255679927078, -0.449980870516,  
2518, 1701284.7887578642, 74.05643525510193, 112.92935164730801, 83.21866969461223, 43.21761595320896, -0.226572098107, -0.870680839783, 0.436554646744, -0.933400666738, 0.0660489986855, -0.352704869695, 0.278259374853, -0.487393480677, -0.827658936579,  
2520, 1034291.4474196495, 62.73618535222599, 131.2923421354127, 65.82899834938281, 28.56917382450757, 0.199171895292, -0.586400162387, 0.785153109704, -0.771712574356, -0.587659608575, -0.243137588684, -0.603978690607, 0.557486353198, 0.569577656945,  
2522, 2661723.689278415, 85.97221580564161, 130.69039821239585, 106.8192957860344, 45.51776913304976, -0.85017730505, 0.307917277534, -0.427066154329, 0.516924935577, 0.334213983715, -0.788092395642, 0.0999357841626, 0.890779413371, 0.443311262837,  
2524, 726285.5085897858, 55.762160209556185, 128.61532162234994, 46.39640040880668, 29.056397868527213, -0.784362605307, -0.604763742358, 0.137971443874, -0.0371246810284, 0.267794919504, 0.962760426662, -0.619190650329, 0.750031130698, -0.232499981783,  
2526, 704641.1689863793, 55.202634094763454, 104.92936636586293, 83.95824068582343, 19.094971930884196, 0.124167376431, -0.0794183842754, 0.989077945801, -0.754133736196, -0.65537329604, 0.042049384894, 0.644875779171, -0.751118208458, -0.141268065609,  
2534, 3014832.7008253024, 89.61723410904173, 126.31825280759284, 98.75988589065328, 57.693637103307296, -0.237815858491, 0.877475791775, 0.416509126309, 0.72310619233, -0.126359313473, 0.679080818838, 0.648506786445, 0.462676516313, -0.60445793004,  
2542, 3145470.3344990793, 90.89339559755466, 137.73804961866034, 97.48873660580587, 55.922762021296826, 0.561415043062, -0.194188044516, 0.804427841879, 0.65770708978, 0.69465770221, -0.291328098222, 0.502229562527, -0.692633871629, -0.517710137428,  
2544, 1622055.230317255, 72.88849943739109, 110.2986699460017, 77.6198254293658, 45.230781466600746, 0.706955573211, 0.0952845957786, 0.700810005146, -0.228872799475, -0.906744240674, 0.354163978496, 0.669201807504, -0.410774546206, -0.619219842239,  
2554, 703740.9315112779, 55.17911542998161, 83.37120809757738, 67.42487538689275, 29.887387544082113, 0.446041875404, 0.796780900795, 0.407660203496, 0.48575472366, 0.167046300627, -0.857984779521, -0.751724014402, 0.580720009622, -0.312530441072,  
2562, 1631399.354807126, 73.02819372672982, 100.00789914802291, 78.32554047929389, 49.720326551482465, 0.335290896093, -0.155840797947, 0.929135975352, 0.540924179859, 0.839308600543, -0.0544252211647, -0.771350145292, 0.520840396619, 0.365710588592,  
2568, 796222.9143319039, 57.49746367422996, 123.24882984694199, 63.7652050686062, 24.18686035663036, -0.449701009984, -0.841938069138, -0.298176607661, 0.0813019505906, -0.371037327765, 0.925052049474, -0.889471188094, 0.391754501113, 0.235307068335,  
2577, 1359593.621897853, 68.723747960507, 120.64545423073658, 78.60791368924811, 34.22498578581859, 0.665724025735, -0.743215699019, -0.0666479278814, -0.522220658768, -0.40024078788, -0.753055705292, -0.533007603243, -0.536132200534, 0.654572500519,  
2590, 3281643.0211817585, 92.18655287447406, 131.98796443210867, 101.50247693909746, 58.47789831807938, -0.524271033651, -0.845864978852, -0.0982462255005, 0.0276760707918, -0.132237683772, 0.990831585132, 0.851101591104, -0.51674522982, -0.0927386061939,  
2596, 1276227.876939461, 67.28938192138658, 119.07752256146031, 95.44391687192727, 26.807824594358017, -0.753388492034, 0.558191461159, -0.347603326739, 0.547161973361, 0.825331527888, 0.139433295816, -0.364718459883, 0.0851478817309, 0.927216416624,  
2600, 838715.3707364412, 58.50262200240795, 102.77906223971897, 54.00419153774153, 36.073964464504456, 0.0205343392378, 0.543559052521, 0.839119715735, -0.273005664829, -0.804351650168, 0.527718040097, 0.961793245913, -0.239920777122, 0.131877870856,  
2602, 1593097.9667106366, 72.45215229564164, 121.66933730657018, 67.52901247423674, 46.28948325833688, 0.286424017345, -0.404631893699, -0.868466644661, -0.801322473688, 0.395719778142, -0.448651479826, -0.525208125842, -0.824426399255, 0.210896981393,  
