# Void_ID, Void_Volume, r = (a*b*c)**(1/3.0), a, b, c, vector_a, vector_b, vector_c 

6, 1480833.7026563562, 70.70865238855359, 126.6591323171063, 88.19116278150395, 31.648716602873783, -0.420218717679, 0.214428407056, -0.881723702505, -0.89854126768, -0.233944392905, 0.37134029044, 0.126648409338, -0.948309274064, -0.290980585498,  
35, 1875745.7155763751, 76.5059333786939, 141.37363669938134, 85.26572548247387, 37.148598368103684, 0.135167984831, 0.917232701696, 0.374718276597, -0.585351015793, -0.231214586099, 0.777112606696, 0.799433426989, -0.324382468876, 0.505650283989,  
42, 480755.19563833805, 48.59726097684717, 132.36482738652794, 67.34013879116672, 12.87623138641218, 0.469398847314, -0.879162664693, -0.0820836838285, 0.427713301978, 0.145062102112, 0.89219858655, -0.772480455061, -0.45390527155, 0.444121549812,  
48, 1666069.0564892807, 73.54189160557506, 108.74369284239305, 93.06569550382176, 39.30164103237022, 0.658781840243, 0.751793678435, 0.0285088061853, 0.231774531856, -0.238858522038, 0.942988426669, -0.715742309318, 0.614616035842, 0.331602284578,  
78, 529955.932608653, 50.20154112442994, 92.28282359843074, 78.57140986999286, 17.448806582047993, 0.423787589195, -0.803943270984, 0.41722811061, 0.083189617179, 0.49323828593, 0.865907316568, 0.90193323857, 0.332251727356, -0.27590799704,  
79, 2638388.2080022204, 85.72023690999562, 132.7222754869918, 107.62645230115653, 44.09478650410736, -0.249619857483, 0.338913499535, 0.907098432687, -0.900899563383, -0.424759810344, -0.0892136772776, 0.355063238659, -0.83947408736, 0.411355507079,  
83, 2667992.9622340943, 86.03966090759562, 131.00759266056156, 87.27787561321486, 55.705161448414636, -0.137000574484, -0.837691088981, -0.528681834409, -0.853025483336, 0.371087771649, -0.366935131204, 0.503565653485, 0.400708753554, -0.765411083964,  
133, 736749.5420658849, 56.02868398295131, 133.90262233866076, 43.42533726011284, 30.24816148677938, -0.164160561753, -0.334403029348, -0.928022588048, -0.918774809929, -0.290584031253, 0.267233548458, 0.359032252877, -0.896512986378, 0.259538641922,  
153, 2252603.0029566973, 81.32024588820241, 135.1140744523499, 73.8214619089186, 53.91539823869027, -0.783439894949, -0.453405180113, -0.425024321244, -0.611014994943, 0.437057507258, 0.660031371454, 0.113501572487, -0.776791141811, 0.619445651407,  
154, 1854839.593081456, 76.22063854624305, 122.84407094916837, 85.0935378327787, 42.36107454710357, 0.696055587121, 0.124681639489, 0.707079280146, -0.208296935534, -0.907386081923, 0.365051893543, 0.687109166207, -0.401378857324, -0.605620348575,  
174, 2112058.9209733526, 79.5925599965555, 125.58249314248654, 112.95105489011775, 35.54659682746412, 0.891917664921, 0.247067142288, -0.378735667985, 0.372654545478, 0.072830852886, 0.925107700002, -0.256147357466, 0.966257467795, 0.0271115693718,  
206, 646822.8365834164, 53.649487601221445, 85.01687733276533, 69.08582123327125, 26.290730995226795, -0.771463231078, -0.239859313043, -0.589331819132, -0.620872171214, 0.0812246368913, 0.779692442809, 0.139148230699, -0.967403777287, 0.211583793294,  
214, 539547.9656244356, 50.50260923635072, 130.65352684721324, 40.29345984775396, 24.4672833978124, 0.552237839677, -0.330788649045, 0.765253054938, 0.584415099531, 0.808220710845, -0.0723759214182, -0.594552234769, 0.487194162756, 0.639647940595,  
227, 2194432.6695705545, 80.61413846261787, 128.19402414619853, 89.99260673672137, 45.41078802120195, 0.00564386600519, 0.981649163673, 0.190612345448, -0.997397758577, 0.01922654485, -0.0694841792007, 0.0718739032096, 0.18972416671, -0.979203187599,  
237, 1507186.4017074797, 71.12562886397903, 96.07294298325608, 65.74332291330226, 56.967296826568905, -0.816686832177, 0.576717149006, 0.0204926374635, -0.128605164769, -0.216505408886, 0.967773795635, 0.562568511155, 0.787732656404, 0.250985920506,  
246, 1814912.0143262497, 75.66975400051737, 133.85956909575467, 80.50952964613728, 40.20409163993262, 0.321075421964, -0.773639936372, -0.546252526091, -0.771501816651, 0.120859948477, -0.624642153363, -0.549268167942, -0.621992059197, 0.558059457389,  
265, 2897053.8882613652, 88.43468938790582, 140.21135193477923, 83.90825766949574, 58.786835711980316, -0.0567476574549, 0.21120212375, 0.975793710933, 0.807084163949, -0.565625319447, 0.169361005851, 0.587703033578, 0.797158491721, -0.138359977595,  
314, 843335.2770200294, 58.609842281358155, 115.32850880866219, 103.0743122918303, 16.936533892774843, -0.37465111865, -0.697803604884, 0.610497066583, 0.0620409207157, 0.638111380517, 0.767440414763, 0.925087813914, -0.325398209993, 0.195776764408,  
317, 1492816.3424932023, 70.89886082679423, 120.60919552365317, 86.13387629069652, 34.305468805055625, 0.607256348223, -0.183753020318, -0.772964782553, 0.175567311656, -0.917801365411, 0.356113426772, -0.774865050587, -0.351959487972, -0.525079681767,  
325, 1646861.1032783492, 73.25817931836507, 105.11186885484247, 85.64196194496274, 43.674706713672386, 0.461058140759, 0.0466619752748, 0.8861422295, -0.139171724409, 0.990060647207, 0.0202767348891, 0.876388396754, 0.132674695839, -0.462969548804,  
328, 1342368.162786815, 68.432280230121, 109.371510237149, 58.657944741538664, 49.95189666130538, 0.222996242186, -0.154082074034, -0.962565005822, 0.41429661969, 0.908795095814, -0.0494953001668, 0.882400695197, -0.3877501622, 0.266493573711,  
336, 1727630.0865342175, 74.43674658439325, 123.03965658350663, 67.76769790053014, 49.46457777512777, -0.998540600189, -0.0275102348562, 0.0464742590298, -0.0534341913912, 0.378345629013, -0.924120864496, -0.00783944925224, 0.925255517133, 0.379263458628,  
344, 1612458.779725001, 72.74447334170611, 108.69544174660753, 90.13242333721824, 39.29231637720576, 0.864143798094, 0.464852982048, 0.192787969794, -0.407627584773, 0.421900131943, 0.809839509285, -0.295119040978, 0.7784034839, -0.55406928078,  
355, 1205694.7230220842, 66.02619197224945, 111.26036024276299, 70.32065175783762, 36.789628448903585, 0.689134535669, -0.490665164435, 0.533236615545, -0.624240544647, -0.0282823885327, 0.780720083588, 0.367990943051, 0.870889087604, 0.325783460176,  
362, 2825058.198493072, 87.69596200935555, 108.94657375883963, 103.49582065634594, 59.813938582631934, -0.309155077777, 0.0470058731256, 0.94984924371, 0.0269472074803, 0.998809675478, -0.0406580887582, 0.950629783824, -0.0130261300529, 0.310053759923,  
366, 1365944.8262059204, 68.83059377587843, 131.11706370122698, 56.32649008360735, 44.15426336957982, -0.680385667372, 0.38993737677, 0.620503171492, -0.0888639159599, -0.88434372375, 0.458300537534, 0.727446594655, 0.256680775403, 0.636346156949,  
389, 2302542.8046033247, 81.9168105138293, 117.31899973686733, 93.36619922140638, 50.18351438019501, -0.687694359194, 0.223779571292, -0.690651266418, 0.717935233603, 0.068212857804, -0.692759703202, 0.107914172762, 0.972249818464, 0.207568836327,  
394, 365432.3260024865, 44.351275847882114, 90.73814250941064, 62.1512783887741, 15.469575707926364, 0.891523598378, -0.414824382853, -0.181951655462, -0.33839775854, -0.876948608588, 0.341244919244, -0.301118964115, -0.242655865962, -0.922196020467,  
415, 2195345.6019572346, 80.62531599921694, 123.85790953554223, 68.86075423047234, 61.44955871345783, -0.316882964718, -0.876395655965, -0.362651128328, -0.880834647835, 0.130131980528, 0.455187863214, 0.351732156399, -0.463676958507, 0.81319626678,  
447, 1758327.5766332643, 74.87503861285447, 123.1512826321086, 76.39296077168785, 44.618903800422345, -0.104593070749, 0.987621262754, 0.116895384454, 0.608921375764, -0.0293357445848, 0.792687941265, 0.786304678664, 0.154089764245, -0.598315382442,  
448, 3510754.1428755214, 94.28384152877277, 116.97943338070444, 99.3248721313909, 72.1347082567808, -0.00215728941463, -0.593268775799, 0.805001556374, 0.197794264749, -0.789352498191, -0.581205697178, 0.980241182023, 0.157970862066, 0.119048023096,  
449, 3528241.2089292672, 94.44012493464838, 122.0528222945974, 90.58178464328712, 76.18701522941831, -0.194565958462, 0.312184482378, 0.929884367419, 0.961412711796, -0.127282907499, 0.243894770455, -0.194498548592, -0.941456271115, 0.27537320889,  
450, 2864799.226056004, 88.10526473086215, 101.59290918130343, 86.24690699836117, 78.05462746263977, -0.66266403958, 0.276995789499, -0.695808668563, 0.748525484072, 0.274996474917, -0.603395838963, -0.0242068242771, 0.920679244571, 0.389568682359,  
451, 2253476.267851355, 81.33075298320598, 108.38814384528195, 85.5589145736543, 58.01193264372443, 0.479738003412, -0.716194575119, 0.506869587421, -0.680653904785, -0.668319345605, -0.300099173925, -0.553680151335, 0.20103378537, 0.808098822643,  
452, 1282249.8096199026, 67.39505177973679, 136.08706304685995, 63.89006673497699, 35.20739159157734, 0.505121502198, -0.26483916299, -0.82140884203, 0.455413366586, -0.726667651505, 0.514346954682, -0.733110451128, -0.633888272492, -0.246444160906,  
453, 1100966.4278449807, 64.05629598653175, 123.99650950687811, 86.13500449977592, 24.60913371630316, -0.755598441612, 0.567589839312, 0.326975181541, 0.62723860898, 0.770815053582, 0.111426570332, 0.18879280293, -0.289285200938, 0.938440914539,  
454, 3326828.156449251, 92.60773301571591, 98.22493715773498, 92.38792504744926, 87.5194915995694, 0.389713293219, -0.490721405074, 0.779304851577, -0.543240094986, 0.560814090175, 0.62480217306, -0.743648941563, -0.666843354067, -0.048022836738,  
455, 3895894.4807664924, 97.61266997988903, 113.86602538476207, 102.84112956550089, 79.42506461309347, 0.400820745175, 0.543168587012, 0.737774095724, 0.889843418253, -0.0391976976488, -0.454579180662, -0.217994085307, 0.838708189171, -0.499046242535,  
456, 3289024.1431530192, 92.25561692468911, 108.80477346954144, 99.04728780398916, 72.85979001036297, 0.511716499893, -0.168679302795, -0.842433093216, 0.165846715053, 0.981488957738, -0.0957825294338, -0.842995308909, 0.0907012604488, -0.530219002404,  
457, 2651457.590536127, 85.86154361134382, 115.99611063205415, 87.9910544762985, 62.01748153039912, 0.168826900745, 0.859555985625, 0.482349442999, -0.668094550133, -0.260003790326, 0.697171213619, 0.724670373113, -0.439956289411, 0.530369035427,  
458, 3601645.780617706, 95.09057267451112, 109.50336347817456, 90.98495543155087, 86.30090360460515, -0.994738148668, -0.0610877088662, -0.082245409655, -0.0910537410218, 0.159180473702, 0.983041602903, 0.0469598959728, -0.985357736367, 0.163905154137,  
459, 3466493.5130299847, 93.88594763603768, 97.11801102163925, 95.3771288931204, 89.34242951413006, 0.0401058722446, 0.296546846364, 0.95417581552, 0.314261070923, -0.910226997596, 0.26967905397, 0.948489060724, 0.289044599948, -0.129698577196,  
460, 3455718.2014069813, 93.78856773675375, 116.23446865543018, 96.95670493272101, 73.20435676137177, -0.285157241837, -0.952578305866, 0.106206961266, 0.148764764705, 0.0654784105543, 0.986702398159, 0.946865561846, -0.297165187976, -0.123038444581,  
461, 3291865.7602921636, 92.28217796214926, 108.22988494327926, 92.62639408994926, 78.39196543869059, 0.282793050936, 0.794217772239, 0.537816158739, 0.571400203052, 0.310862570714, -0.759517129551, -0.770408916287, 0.522094428612, -0.365906421531,  
462, 2770881.5563515965, 87.13175283774747, 95.76436532069296, 90.04582265586716, 76.71174248752256, -0.661101578211, -0.387772128044, -0.642321944198, -0.53612258826, 0.843052193775, 0.0428435401117, -0.524897393444, -0.372687235204, 0.765236532761,  
463, 2342574.986654918, 82.38882278377052, 92.11418381528338, 87.05204992631104, 69.74280037701583, 0.454028265615, -0.246785708912, 0.856127997381, -0.61205154237, 0.611898354881, 0.500972367278, -0.647496133969, -0.7514500763, 0.126773575025,  
464, 3534645.3853791542, 94.49723040846074, 100.84338840234537, 95.36184732380835, 87.7475814298221, 0.157706185374, 0.0777228162424, 0.984422634304, 0.428767876255, -0.903410843725, 0.0026373721332, 0.889543066628, 0.42167287235, -0.175798524846,  
465, 3177561.9664629092, 91.20146328394422, 100.5129386243766, 91.3958556580442, 82.57659021594324, 0.720742888023, 0.403847214206, 0.563415581025, 0.565858374523, -0.8122406133, -0.141666813642, -0.40041726904, -0.420918773261, 0.813936973586,  
466, 2187483.985421623, 80.52896010976355, 117.7836796305355, 71.20200646128589, 62.27000820778059, 0.642827714337, -0.17571456873, 0.745584951576, -0.000273839573621, 0.973282014256, 0.229612817014, -0.766010740585, -0.147805653009, 0.625604535027,  
467, 2432304.7609127387, 83.42760832003451, 96.87596011777578, 86.14445385924594, 69.58025865511253, -0.944211253757, -0.192433756133, 0.267272066965, -0.319658614295, 0.340156767804, -0.88437081794, -0.0792683958875, 0.920468697359, 0.382692956031,  
468, 3718760.4816788407, 96.11028519301013, 106.53783574880136, 94.28193502982793, 88.38473017305104, -0.183162758635, 0.978462457741, -0.0951978079608, 0.975505442021, 0.192896592692, 0.105735694615, -0.121821740411, 0.0734991382223, 0.989826924388,  
469, 3381433.5116208643, 93.11166250659086, 101.79379829197227, 92.22152959523538, 85.99210935411655, -0.230718100201, -0.560680257142, -0.795240094242, -0.969485504233, 0.202067503638, 0.138804110367, -0.0828674563431, -0.802998364397, 0.590192012361,  
470, 3432357.2278915797, 93.5767499275529, 97.82496490159363, 94.99591021377114, 88.17577043505315, -0.204004397921, -0.130151569526, 0.970279740373, -0.68292162301, -0.691214955664, -0.236304764851, 0.701427303756, -0.710832226349, 0.0521275697662,  
471, 3419741.7751788367, 93.4619636693265, 104.48727657344128, 92.08865579237019, 84.84674014305747, -0.74899655894, 0.271219325417, 0.604519836081, -0.0179188722873, -0.920338979181, 0.390710989628, 0.662331539874, 0.281808873033, 0.694190672919,  
472, 3005637.791497608, 89.52603374825313, 100.45203620626314, 88.18557206686681, 81.00125586301202, 0.382472616134, -0.341741095505, 0.858444943809, -0.335579577622, 0.814263793032, 0.473667417541, -0.86087225823, -0.469241408019, 0.196752270659,  
473, 1349848.8121316517, 68.5591629322981, 97.88407611289787, 63.769378281770464, 51.62645331391797, 0.649175662116, 0.732109834676, 0.206364119184, -0.390011469892, 0.0874495685198, 0.916648038409, 0.653040590675, -0.675549970717, 0.34230136429,  
474, 3461750.9103388162, 93.84311213480117, 102.70964771660343, 95.64565197390247, 84.12609579838913, -0.543126073805, -0.821815593276, -0.172142959779, -0.834181894828, 0.504764451073, 0.222156285696, 0.0956798531305, -0.264257411591, 0.959694423306,  
475, 2215775.3616065, 80.8746423669669, 122.76855061865514, 80.19274603992793, 53.72976061681963, -0.153277253129, -0.536644544992, 0.829770279056, -0.98730072979, 0.0476853414633, -0.151536718868, -0.0417534744537, 0.842459934086, 0.537138629062,  
476, 120583.91990759046, 30.647867598776894, 120.50290917624446, 98.72705939518616, 2.419730813602344, -0.661377758234, -0.746835936175, 0.0693941305203, -0.74889305939, 0.662665993821, -0.00574162262416, 0.0416970803589, 0.0557661642088, 0.997572798556,  
477, 4634310.926947241, 103.42658528507597, 123.81188904465193, 105.08358239207935, 85.0353178318454, -0.502639356365, -0.796856065678, -0.335222445586, 0.0893972452863, -0.433598274149, 0.896660844015, 0.859861506272, -0.42072906632, -0.289180294601,  
478, 3224025.2657572897, 91.6438394388561, 110.18448852671555, 88.52821062621688, 78.9055735745122, -0.925839721481, 0.377024779231, 0.0259446713972, 0.164577954666, 0.34044051521, 0.9257506967, 0.340198334749, 0.861366688147, -0.377243318807,  
479, 2704440.5781857087, 86.42968790175149, 112.18150200922786, 83.31091871780454, 69.08212052024888, -0.972910533063, -0.229502584955, 0.0278147110995, -0.2266310423, 0.923074785855, -0.31075924827, -0.0456449922849, 0.308644622856, 0.950081592002,  
480, 2832541.569263448, 87.77332711611118, 108.03972409957699, 88.5726656963454, 70.66502238790503, 0.219690595035, -0.874046681926, -0.433334097744, 0.545622834166, 0.478302109664, -0.688129940293, 0.808722304187, -0.0852613025076, 0.581978302864,  
481, 3796928.0176620497, 96.77902700943203, 113.60864196766765, 95.37383262493906, 83.65716650828962, -0.269768489959, -0.160879928361, -0.949390652195, 0.0208014501032, -0.986687899354, 0.161289457007, -0.96270050457, 0.0237621109829, 0.269523840472,  
482, 3561743.5125556, 94.73810152003564, 102.56013761705174, 96.90774563908415, 85.5533356568379, -0.819826084018, -0.213936820667, 0.531146146298, 0.219979938669, 0.738732856491, 0.637089156496, 0.528671938491, -0.639143805027, 0.558570656183,  
483, 2782335.5988236857, 87.25164714596656, 156.66492122105788, 97.25856216204186, 43.59345532453409, -0.734635972719, -0.625814910029, -0.262041382177, -0.653785735873, 0.549768889519, 0.519921513005, 0.181312435196, -0.55327196432, 0.813028864396,  
484, 2813876.5513028605, 87.58010812634052, 113.35885609297819, 82.96975141106473, 71.42350972243513, -0.206625988035, -0.814673513645, 0.541860468418, -0.973160622608, 0.228465885629, -0.027599668626, 0.101311912789, 0.533020079612, 0.840015173112,  
485, 2828746.951510009, 87.73411438567634, 97.5653496425217, 91.22892661441786, 75.8712639887137, -0.512426210002, -0.305722590467, -0.802466869709, -0.854964086622, 0.0941965361045, 0.510062175792, 0.0803479302169, -0.947449581911, 0.309650609309,  
486, 3868831.857408216, 97.38612420151894, 103.98987070899693, 100.96488154744401, 87.96904306311382, 0.841052332551, -0.244962836491, 0.482311292268, 0.251736253693, 0.966405684568, 0.0518547144505, 0.478810852516, -0.0778027092871, -0.874463781949,  
487, 1042184.9425164569, 62.89537752611173, 133.3392999115046, 55.19359065291858, 33.807212703159365, -0.93805870771, 0.2334779847, -0.255995881901, 0.337216992834, 0.445560298757, -0.829313402711, 0.0795648203286, 0.864270820306, 0.496694461952,  
488, 2708134.210057194, 86.46901756660053, 120.52429069651858, 93.4892573338602, 57.37798332847417, -0.200856205884, -0.94629988374, -0.25332452426, -0.952439397581, 0.2491339897, -0.175474924451, 0.229163650025, 0.206031029726, -0.951333399128,  
489, 3458621.028099605, 93.81482139773132, 107.36953112493755, 95.5016851304534, 80.52343203885809, -0.452444898761, -0.671069958964, 0.587331868505, 0.501241423691, 0.353362241464, 0.789868445682, -0.737597890969, 0.651767010889, 0.176491118062,  
490, 3799756.636555908, 96.80305371662831, 109.85389318214142, 99.27190046734097, 83.18123881529438, -0.503142656044, 0.850744428001, -0.151925593282, -0.319030243572, -0.0194670108183, 0.947544584268, -0.803160738181, -0.525218957878, -0.281207885611,  
491, 3334667.4914699714, 92.68041621630633, 99.53405661457543, 96.43255860230332, 82.94085959204702, -0.315585652594, 0.948707275712, 0.0189789590681, -0.615530332253, -0.189451026224, -0.765003737729, -0.722169028659, -0.253106328789, 0.643746130375,  
492, 3087551.8009270257, 90.3320530923312, 103.3239004734338, 91.4813369696337, 77.98163702906565, -0.608243568582, -0.530310522753, -0.590601820804, -0.788307516598, 0.490572386903, 0.371362346615, -0.0927955847772, -0.691454613598, 0.716435270475,  
493, 3422357.1710891593, 93.4857839618813, 101.6696063987794, 93.5950419219942, 85.86036643084697, -0.942261950025, -0.138728463292, -0.304789814475, 0.137758200793, -0.99015539039, 0.0247988103884, -0.305229578595, -0.0186203210272, 0.952096732478,  
494, 3543230.565504648, 94.57367558793469, 104.20644081132758, 93.46849054784025, 86.84623840507045, 0.507976020567, 0.050480205418, -0.859890755497, 0.754399893399, 0.455748835402, 0.472412743128, -0.415741702706, 0.888675839601, -0.193427218199,  
495, 3542339.6280143363, 94.56574814292156, 109.1910915827189, 96.38139762970695, 80.35652747876125, -0.285528478539, -0.951990698827, 0.110395639819, 0.186756004358, 0.0577126573402, 0.980709663468, 0.939997703603, -0.300637586689, -0.161311371856,  
496, 3604956.3329046373, 95.11969879519258, 119.56885706703981, 91.59584551605987, 78.58099891965269, 0.718037605407, -0.602668735602, 0.348155701303, -0.411735416737, 0.0354974160339, 0.910611816341, -0.561155899752, -0.797201560826, -0.2226515834,  
497, 3697691.6268844553, 95.9284351866427, 111.0743474482654, 97.06688178724028, 81.8761158196388, -0.365906770187, 0.714653955938, 0.596139210918, -0.28178749496, -0.695569785079, 0.660892186191, -0.886965638125, -0.0738403503993, -0.455894241506,  
498, 3799009.076735169, 96.79670499251567, 102.3366530946702, 95.3488832330185, 92.94689832862159, -0.376914032816, 0.91528860107, -0.142065437803, 0.151799313514, 0.212343624561, 0.965332664694, 0.913724674222, 0.342281991726, -0.218975473186,  
499, 3590624.975581346, 94.99348322719422, 107.06855984257079, 95.73742511217077, 83.62530874324094, -0.835812643711, -0.523532755803, 0.16531992685, -0.0660062160577, 0.394759852965, 0.91641029999, -0.545032479816, 0.755035172749, -0.364501692531,  
500, 3745477.037992227, 96.33989675199992, 110.76135292615496, 92.7834705306039, 87.00809590321175, -0.772046098231, -0.54175546655, 0.332333923441, -0.635459629588, 0.667569947112, -0.387996681529, 0.0116568164737, 0.51073611599, 0.859658501065,  
501, 3301391.074212783, 92.37110121523024, 106.77563703138179, 91.90819659959, 80.31227859803882, 0.932627367667, -0.356829713161, -0.0536539736035, -0.243152279097, -0.731327395725, 0.63721049068, -0.266614257398, -0.581233856609, -0.768819901982,  
502, 3479957.4575321744, 94.00734236722907, 110.11432269917741, 99.87824088941052, 75.53889522540405, -0.673588193421, -0.26764417007, -0.68894524014, -0.374409188985, 0.92724517407, 0.00584348930555, -0.637257173273, -0.261883534021, 0.724789838312,  
503, 2359064.3627847843, 82.58168250949245, 114.43553411974257, 93.822206690145, 52.454727639666395, 0.651086893547, 0.28834515201, 0.702098946278, 0.137818419369, -0.95456342227, 0.264224821218, -0.746385919169, 0.0752711510283, 0.661243006381,  
504, 3682224.168489752, 95.79449191230394, 103.47055991532665, 99.37720928837285, 85.49053186094788, 0.116987975726, 0.992673066683, 0.0302323703673, -0.929738785944, 0.0987677068058, 0.354726274759, 0.349141237105, -0.0696069161424, 0.934481285943,  
505, 3749951.7887603915, 96.37824749327616, 114.16550218692052, 91.22457074254697, 85.95880219591778, -0.219258249037, 0.965331656615, -0.141635493316, 0.967191502411, 0.195958439409, -0.161681438909, 0.128321541031, 0.172438634772, 0.976626079595,  
506, 3284496.6128233457, 92.21326577022774, 99.05453309040738, 95.50700899665911, 82.88398231695223, -0.570703955831, 0.568571328493, 0.592472479711, 0.435872748318, -0.40172504395, 0.805376890863, -0.695925241727, -0.717874385585, 0.0185586758264,  
507, 3235259.8685834315, 91.75016496374482, 103.49513147224987, 90.31253416503911, 82.63282720966473, -0.555311905195, 0.774664102659, -0.302529694412, 0.829358671183, 0.542784580722, -0.132472991455, -0.0615863822857, 0.324469454622, 0.943889130425,  
508, 2915096.521052064, 88.61789776524071, 119.02865791447681, 84.59479976232514, 69.11449295574292, 0.373902041058, 0.44486930478, 0.813811136172, 0.370904480984, -0.875956821494, 0.308430726199, 0.850074778875, 0.18652331903, -0.49252606203,  
509, 3384681.2954220055, 93.14146345558248, 99.01226380543982, 91.36747534539128, 89.31996764854554, 0.347431305256, -0.852082965062, -0.391466612597, -0.869135627389, -0.135914047895, -0.47553194718, -0.351986859601, -0.505452265041, 0.787796457489,  
510, 551125.344195375, 50.86127675306676, 137.92889692647003, 48.442504478416055, 19.691550914137835, -0.883585641767, 0.467351354435, -0.0293108370926, 0.464710228179, 0.867446959478, -0.177708121134, 0.0576265345904, 0.170641390053, 0.983646632949,  
511, 2834839.1977321347, 87.79705327465918, 94.54604906618333, 87.45080320319286, 81.85262885035286, -0.228197163915, 0.936317727679, 0.266899170504, 0.595478749341, -0.0826584176888, 0.799107405214, 0.770279892938, 0.341286827785, -0.538694892974,  
512, 2200674.0309880013, 80.69049315844954, 112.40662182193456, 78.52454432987064, 59.52094096081747, -0.514345291664, -0.612663370794, -0.600077090906, -0.85382764826, 0.431256244111, 0.291541418983, -0.0801702439205, -0.662315367482, 0.744923543719,  
513, 3380186.062961115, 93.10021112022966, 100.3490044570345, 94.44589572224449, 85.14435097541691, 0.948412506052, 0.0901552007262, -0.30395025604, 0.209154347794, -0.898414790499, 0.386141584151, 0.238260733574, 0.42979402508, 0.87092417514,  
514, 3475886.3550530025, 93.97066923083044, 106.06816747135807, 89.30595862250381, 87.60148273825311, 0.750280579379, -0.446054815318, -0.48796941906, -0.543829300722, 0.003304925498, -0.839189352378, -0.375937154167, -0.894999541452, 0.24009805688,  
515, 1939760.9881374922, 77.36654518357214, 98.26293001561538, 93.19882717608837, 50.566099438434975, 0.763117960321, -0.190170854993, -0.617645549281, 0.291038990741, -0.752194756739, 0.591184703628, 0.57701584424, 0.630902602504, 0.518666194821,  
516, 3390724.6177747957, 93.19686495059337, 98.35210189087894, 91.71400092288921, 89.73970239110292, 0.537421424079, -0.433685310053, -0.723253250794, -0.331737933348, -0.897207955173, 0.291492416285, -0.775324549152, 0.0832762692377, -0.626048645445,  
517, 2996441.2671994036, 89.43463112860934, 92.54310909768981, 89.18777864307675, 86.6697865363282, -0.227206633205, 0.940152631296, 0.253949159664, 0.736245007309, -0.00485777166786, 0.676697636517, 0.637432690596, 0.340718992604, -0.691078962955,  
518, 3428265.641281242, 93.53955201074224, 103.87734133910573, 96.89577459248751, 81.3130389221463, 0.128634489309, 0.464929342323, 0.875953123635, 0.923006720198, -0.379135242773, 0.0656891327169, 0.362645505459, 0.800060731654, -0.477902775715,  
519, 3547290.6590281175, 94.6097849510868, 106.28171148382695, 97.8127220470805, 81.46185240101104, -0.999527719402, -0.0240328036698, -0.0191510442123, 0.00991386191444, -0.842062530005, 0.539288801019, -0.0290869986179, 0.538844244574, 0.841903098106,  
520, 3160963.6693228465, 91.04238613759112, 116.18492964623326, 94.40825802455815, 68.79725516223795, 0.254664081366, 0.573160822985, 0.778866404884, -0.835622572909, 0.535796473289, -0.121066324203, -0.486704346917, -0.620007104964, 0.615394238262,  
521, 3085903.426383141, 90.31597481277635, 97.49582421702236, 88.73367928368563, 85.1567771287003, 0.207166111249, 0.00725185278456, -0.978278903473, -0.881134217107, 0.435867464029, -0.183363151272, -0.425070222191, -0.89998164672, -0.0966868231686,  
522, 2976341.213836418, 89.23420721969086, 115.25834362959137, 92.18519838490099, 66.87449879431483, 0.0842560383184, -0.840952384629, 0.53450912695, 0.966949082125, -0.0605436884387, -0.247677076793, 0.240645782397, 0.537711398965, 0.808056965095,  
523, 3418108.8838599734, 93.44708559411765, 104.46851291648926, 99.41495705102838, 78.5706130673057, 0.0101177813894, 0.667727555969, 0.744336981144, 0.354318022817, -0.698472612777, 0.621767438765, 0.935070248274, 0.257441100448, -0.243654900614,  
524, 3369797.450620132, 93.00473565228808, 102.16732832088628, 96.9027448401009, 81.25817655077034, 0.257677823707, -0.798816478979, 0.543593940439, 0.955319050841, 0.126313697508, -0.267227171002, 0.144802107267, 0.588164163082, 0.795672839173,  
525, 3627292.492775873, 95.31574701784814, 112.07812687429919, 100.91963291645646, 76.55920966391933, 0.285482665659, 0.926495999417, 0.245162824818, 0.521928718164, 0.0642480625592, -0.850566046591, -0.803797275913, 0.370779381198, -0.465223161197,  
526, 2526626.6307326746, 84.49236892645662, 103.0900970804196, 79.76435247650461, 73.35448416448709, 0.261979393455, 0.572644815298, -0.776817039538, 0.874657971834, 0.199283801446, 0.441881656995, -0.407848292521, 0.795213104767, 0.448660103302,  
527, 3179527.1428040215, 91.22026071675766, 95.63070508938745, 92.65301817867731, 85.66767858223885, 0.155294610835, -0.966667812606, 0.203560614847, 0.182728517968, 0.230613432037, 0.955734133368, 0.970821236154, 0.111224030835, -0.212450799947,  
528, 3234663.125864837, 91.74452352001494, 96.61936481790282, 92.76267626477194, 86.15946637806539, 0.599518259313, 0.793520210709, -0.104419978679, 0.712951215726, -0.588765012674, -0.380862604945, -0.363701004597, 0.153887735208, -0.918716574471,  
529, 3591688.7515726257, 95.00286337779475, 109.29021595803628, 94.81657783853969, 82.74552667705308, -0.166087740021, 0.843514676123, 0.510781610651, 0.50171143012, -0.373641826685, 0.780177817063, 0.84894081272, 0.385842942809, -0.361143627914,  
530, 1167247.215158801, 65.31677685124579, 123.97496254013441, 61.38149327059755, 36.618689835354964, 0.218450021973, 0.15956676486, 0.962713890755, -0.648971203178, -0.713007353689, 0.265437169649, 0.728777034041, -0.682758347541, -0.0522022367014,  
531, 3640051.216452778, 95.42737152434573, 103.49104470195589, 95.94865866004606, 87.51393383724715, -0.191193772232, 0.174427317682, -0.965929631136, -0.974828134262, -0.148734705646, 0.166096646529, 0.114695466832, -0.973372024553, -0.198473806094,  
532, 3458124.84228202, 93.8103348495077, 98.41021310259988, 96.05936881733204, 87.33174892582775, 0.233239208094, 0.497559020857, 0.835484585478, 0.872877991541, -0.485800093504, 0.0456320176453, 0.428583111766, 0.718632931276, -0.5476159479,  
533, 2635658.9347761255, 85.69066902656637, 110.68544112229623, 88.70061794535744, 64.08899408111131, 0.492053885534, -0.322882325944, 0.80847385692, 0.249109477518, 0.942066478751, 0.22462238941, -0.834162719103, 0.0908721805978, 0.543980518817,  
534, 3988484.044530846, 98.37990901671644, 111.57934752227555, 95.9618244170167, 88.92767463629804, 0.425498503988, -0.655031908351, 0.62440709649, -0.796708390241, -0.59838243563, -0.0848186397461, -0.429193154679, 0.461380168378, 0.776480248432,  
535, 3060864.8411743543, 90.07104079919391, 144.24318694571977, 85.73405499304678, 59.08903114621691, -0.613661842929, 0.688841795556, 0.385896518808, 0.138539849306, -0.387222549631, 0.911518188086, 0.777319659269, 0.612825976728, 0.142191664878,  
536, 802695.4101135023, 57.6528423610613, 138.14873357878187, 68.26709031069745, 20.319072017050004, 0.51624155413, -0.798838820302, 0.308789891299, -0.383239527122, 0.106968015935, 0.917434089414, -0.765912607705, -0.591958092052, -0.250925276951,  
537, 3899546.0644045696, 97.64315758895626, 118.32335702839929, 100.5436105938005, 78.25290804141089, 0.590003853991, -0.482296186835, -0.647522849358, -0.708057667847, -0.694476676155, -0.12789247546, 0.388007462917, -0.533940572012, 0.7512374287,  
538, 3406489.1423170627, 93.34107534465726, 101.24240000996062, 95.24974525745866, 84.33195048101648, -0.106632905258, 0.775231905935, 0.622611367979, 0.678072575473, -0.401284425636, 0.615782747511, 0.727218678189, 0.487838397179, -0.482873370906,  
539, 3400514.6875674888, 93.28647481184343, 115.5579211730604, 90.36371915639963, 77.74316693912073, 0.887288928139, -0.182040289138, -0.423768440464, -0.278558304401, -0.943816668665, -0.177807106157, 0.367591660748, -0.275810494871, 0.888146914574,  
540, 2905660.244895236, 88.52217459097353, 131.40547260044517, 84.34227555122409, 62.58891969147197, 0.614912647162, 0.626203697677, -0.479323862723, 0.689020207856, -0.722280483468, -0.0596829654695, 0.383579964971, 0.293564017236, 0.875606406016,  
541, 2807453.7673308356, 87.51342234839636, 107.35280810468848, 93.55834013417378, 66.73106968579803, 0.284336235879, -0.508179327083, -0.812961669756, 0.301247106085, 0.852370507897, -0.427451398808, -0.910166515557, 0.123362428614, -0.395447373446,  
542, 4299545.268185573, 100.87370495540677, 113.54825192401215, 101.19003654775105, 89.3337800687952, 0.544531581454, 0.813611451782, -0.203768894411, 0.566067395866, -0.177222873998, 0.805083695195, 0.618912804955, -0.553740425165, -0.557062367605,  
543, 3074010.2936641863, 90.19979892007636, 97.45014407410046, 95.31005798295554, 79.0124427864944, -0.522483659635, 0.394964805364, 0.755654436855, 0.446583294894, -0.628197265138, 0.637127582823, -0.726343022363, -0.67035139934, -0.151838121915,  
544, 3180043.3578791083, 91.22519716626131, 109.81723939567077, 85.07313404090075, 81.26087186914023, 0.540142698833, -0.223501751137, 0.811352470962, -0.646968029446, -0.726849331962, 0.230483009136, -0.538217645355, 0.649412823914, 0.537200847322,  
545, 3207494.071245827, 91.48693631625058, 107.12323563919178, 89.89875531258545, 79.51332088754417, 0.133064203417, -0.418965052107, 0.898199422669, -0.455691515846, -0.830649545474, -0.319947769159, 0.880135875962, -0.36672826141, -0.301448539768,  
546, 1860869.3603647556, 76.30314264212873, 102.62069842770939, 81.54977391528188, 53.084722132700485, 0.264818371698, 0.669960674896, -0.693558882939, 0.925434783737, -0.378701933695, -0.0124622014849, -0.271001275018, -0.638543294937, -0.720292141724,  
547, 3288446.977289192, 92.25022019651621, 112.89328776174807, 111.11868299097668, 62.58165267799662, 0.668477585617, -0.741688992917, -0.0550922436803, -0.743205548899, -0.668956315653, -0.0119565811694, -0.0279862397072, 0.0489375677169, -0.998409677864,  
548, 3617727.674429017, 95.23189381154957, 100.54785004091666, 94.12464622128684, 91.25803584605929, 0.443622904159, 0.688575376445, 0.573639843334, 0.395281736355, -0.724780938045, 0.564309259849, 0.804332684783, -0.0235911593825, -0.593710695026,  
549, 1178664.658640772, 65.52905185269599, 104.7173857685518, 62.29992266218687, 43.13157857718795, 0.735678654241, 0.521802565053, -0.431855300764, 0.470404013907, -0.852346999649, -0.228527144755, 0.487336620206, 0.035023924596, 0.872511514716,  
550, 523803.5246448421, 50.00651651523382, 104.31513262915672, 57.28804681984701, 20.925145039210324, 0.137558949289, -0.864240885417, 0.483906217613, 0.884233177273, -0.112998153337, -0.453170062507, 0.446328605044, 0.490223529949, 0.748646556797,  
551, 3827464.9927561907, 97.03778453807354, 114.4482347615999, 95.10062321289583, 83.95182786510689, 0.854717788448, -0.367065628397, 0.367042676757, 0.211870630185, 0.892193775914, 0.39887479525, -0.473886419067, -0.263159819634, 0.840344317024,  
552, 3117126.2771460726, 90.61955579118846, 111.27971134559051, 99.382156138968, 67.28858284162466, 0.941640714338, 0.298577805736, -0.15544793026, -0.278367720355, 0.950342914515, 0.139139344168, -0.189272759172, 0.0877475854542, -0.977996004022,  
553, 1237587.8482060216, 66.60330940102286, 132.3592013423701, 77.0524393450375, 28.969893382040055, 0.0540985284476, -0.101771828579, 0.993335715721, -0.892778940203, -0.450488263541, 0.0024674563909, 0.44723496414, -0.886962693307, -0.115230497402,  
554, 3373524.553443863, 93.03901174739454, 103.18055207134586, 91.10553524212557, 85.67471234115011, -0.917241711707, -0.311836428947, 0.247842054312, -0.352040871209, 0.343504085642, -0.870673399241, -0.186372925348, 0.88586849178, 0.424855443614,  
555, 2195071.8640928026, 80.62196480033256, 96.97914034512898, 78.16957727447446, 69.1264159628966, -0.996801962506, -0.0146123695372, 0.0785641534092, -0.0719281084374, 0.592406023717, -0.802422239398, 0.0348165874409, 0.805507033936, 0.591562527142,  
556, 2895621.782361918, 88.42011495934352, 96.97734325620657, 87.94412845241517, 81.05430646535525, -0.870063755042, -0.290586548268, 0.398181516558, -0.491684750072, 0.454003976809, -0.743052148633, -0.0351449670451, 0.842282522084, 0.537889379226,  
557, 3582416.375023748, 94.92103915115099, 101.0738735726378, 95.48019611479131, 88.62071297358169, -0.683005223948, 0.727359042443, 0.0667284604673, 0.728581311129, 0.68490965814, -0.00824822765862, 0.0517023900185, -0.0429835266378, 0.997737079247,  
558, 2935707.210376301, 88.82626001332532, 104.03796135644478, 86.19637332971375, 78.15257703579657, 0.408333395706, -0.854576255359, -0.320878889503, -0.860723576314, -0.243383409141, -0.447123519101, -0.304004544587, -0.458763490191, 0.834935504658,  
559, 3679280.3564090156, 95.76895696810631, 99.45061193730658, 95.34919310159812, 92.62960040553638, -0.133105981652, -0.99109239932, -0.00431898814877, -0.437742672469, 0.0626984107308, -0.89691151291, 0.889192977001, -0.117493681966, -0.442188969051,  
560, 3165812.752778109, 91.08891694481736, 102.51539145403345, 89.78486583344645, 82.11157878382139, 0.90651937425, -0.385822753537, 0.171357599663, -0.336145973955, -0.414114046683, 0.845881457732, 0.255398724162, 0.824409096986, 0.505095171728,  
561, 4118667.4282837706, 99.43883753205708, 113.64205808477513, 101.27647823524512, 85.43197270272522, -0.81525692731, 0.541600827092, -0.204999235528, -0.230026945441, 0.02200872722, 0.972935362857, -0.531454369485, -0.84034764236, -0.106640016577,  
562, 3669320.846651505, 95.68246597932317, 102.78554103606393, 96.23372081960693, 88.56003405541114, -0.973201729871, 0.0130128418461, 0.229584535461, 0.223917745043, -0.173609829541, 0.95902057879, -0.0523377151856, -0.984728537737, -0.166043580229,  
563, 3144351.1961935074, 90.88261455515087, 111.54343153475122, 88.46171579918271, 76.07519564267564, -0.830221756216, -0.233292926851, -0.506266970864, -0.517629567643, -0.0143849793369, 0.855483899949, 0.206860982808, -0.97230009907, 0.108816594052,  
564, 292354.75928761176, 41.17249507698559, 114.77267366948658, 38.236668565245836, 15.90387719108643, -0.643897083363, 0.370318089443, -0.669523008319, 0.265424526767, 0.928836604777, 0.258480912675, 0.717597635606, -0.0112727218662, -0.69636668438,  
565, 3564454.111051269, 94.76212831464474, 110.63481603441254, 96.69952361927683, 79.5404907251165, 0.0979964470945, 0.760973695193, 0.641339014548, 0.872181017838, -0.376024688634, 0.312898874496, 0.479267116002, 0.528700736487, -0.700555895527,  
566, 3023114.0634991513, 89.69921481277939, 105.05125196332224, 87.8603581112118, 78.19369261199866, 0.187973598602, 0.825344957399, 0.532420536347, 0.348076925587, -0.562880025682, 0.749672282109, 0.918427122913, 0.0444047067709, -0.393090119329,  
567, 3044045.762094135, 89.90576123599595, 97.77931847699625, 89.32872856547222, 83.2002074589201, 0.394712767871, 0.918330230265, -0.029519807932, 0.826958285151, -0.369074789087, -0.424174250374, 0.400427053905, -0.143015342679, 0.905099323975,  
568, 626976.6780412183, 53.09507750014052, 145.11560790882476, 66.51535939805049, 15.506961536130719, -0.388798192465, 0.918652597753, 0.0700954362097, 0.900912324534, 0.395008609874, -0.179792051072, 0.192854735589, 0.0067529821017, 0.981204080808,  
569, 3139616.104466597, 90.83697146525917, 102.94638724937573, 99.28015216617516, 73.33552313853046, 0.24620289122, 0.191710349183, 0.950069091367, 0.400699042426, -0.912681584221, 0.0803280973381, 0.882510291019, 0.360914765339, -0.301522998139,  
570, 3196978.1111362437, 91.38684506378645, 114.7228903799714, 88.87257147418637, 74.85713938231041, -0.0981793076932, -0.610936670561, 0.785568079866, -0.670853799979, -0.542431047592, -0.50569134624, 0.73506190392, -0.576649757801, -0.356593682269,  
571, 3551352.502984094, 94.64588232186959, 108.29414901889423, 94.621202647472, 82.73927594856367, -0.118164557074, 0.0302614461911, 0.992532811712, -0.476409817724, -0.878713864592, -0.0299270738619, 0.871246706179, -0.476388695341, 0.118249684669,  
572, 3446978.9883749215, 93.70943993278185, 104.5373889488733, 94.77999068628127, 83.05422243764158, 0.768020138025, -0.52809179179, 0.362303915286, 0.0776156992058, 0.638306324893, 0.7658595425, 0.635705018719, 0.560075079829, -0.531220325411,  
573, 2629355.8734199554, 85.62230602470548, 114.50646003172939, 102.53733713598943, 53.46243527664266, 0.323030184334, -0.94570647847, -0.0359271010463, -0.838362007171, -0.303564413983, 0.452766818015, -0.439090702408, -0.116137432139, -0.890904850091,  
574, 3781804.4233804382, 96.65036208746312, 105.51944788423344, 98.73844088365199, 86.65461174539439, -0.479038679072, 0.764793816147, 0.430827532473, -0.753300802636, -0.106218214458, -0.649042056931, -0.450621620321, -0.635458975624, 0.627002428702,  
575, 2897339.1029694313, 88.43759142188065, 101.02834885444837, 98.35056527558444, 69.61304049010555, 0.948947186778, -0.176904551448, 0.261158986794, 0.0156136105051, 0.853260899004, 0.521250470885, 0.315048332599, 0.490561533254, -0.81246164846,  
