# Void_ID, Void_Volume, r = (a*b*c)**(1/3.0), a, b, c, vector_a, vector_b, vector_c 

0, 1568047.4960609507, 72.07038930346107, 119.46756229171172, 64.85476489115091, 48.314636074938306, -0.962206462879, 0.0512608928669, -0.26745288119, 0.157652791378, 0.905662522384, -0.393600041819, 0.222045761421, -0.420889197309, -0.879515755074,  
14, 980755.1477648848, 61.63451681535439, 107.42666415365882, 68.79263423598421, 31.682391552717775, 0.229863622092, -0.662888555151, -0.712559807096, 0.63143001487, -0.45556491597, 0.627500393354, -0.74058007775, -0.594171162871, 0.313849928553,  
15, 2082559.547912473, 79.2202617477379, 141.16773672429343, 70.17745817395185, 50.18520852685836, -0.719536183056, 0.198633191071, -0.66544161027, 0.627672715474, -0.223989152842, -0.745557389916, 0.297144146036, 0.954135061097, -0.0364916656594,  
17, 440429.9076350541, 47.19863052147287, 104.21652188140976, 40.30801111812753, 25.029965349025385, 0.358417895209, -0.386668759406, -0.849719884958, -0.669387900066, 0.528001841559, -0.522622133625, -0.650735316115, -0.75610933456, 0.0695860801619,  
55, 1798243.328327126, 75.43738339273352, 105.32497783049763, 74.11752397651163, 54.993019923540196, -0.978090492446, -0.136164009328, -0.157474922291, 0.0797617842887, -0.943820848321, 0.320687174738, -0.192294166198, 0.301100595878, 0.934002882655,  
57, 2689789.1400718214, 86.27332618523731, 113.11120813490622, 86.63835168979317, 65.52602214309073, -0.43196887484, 0.839310619918, -0.330091766729, 0.125280148037, 0.418293138959, 0.899630887869, 0.893144879444, 0.347258597002, -0.285838575302,  
59, 2299396.8029869106, 81.87948541998729, 114.1950359229367, 78.43434165936213, 61.287489632252665, -0.0713258241984, 0.126615322459, -0.989384246348, -0.212301119858, 0.967255213638, 0.139088411439, 0.974597794636, 0.219967979051, -0.0421097005738,  
71, 1760238.085062778, 74.9021472539559, 125.25568421799287, 61.31511202682475, 54.716440123317724, -0.858047312444, 0.34396535006, 0.381369437116, 0.447084776375, 0.865704048367, 0.22510376135, 0.252725171563, -0.363654146956, 0.896596703686,  
72, 2365188.6676358646, 82.6530834679235, 110.0769873859444, 92.89261696715361, 55.22038713504915, -0.600322569144, 0.404141017814, 0.690132487785, -0.289358545744, -0.914223930586, 0.283665713029, -0.745576585591, 0.029404803413, -0.665770915973,  
73, 794973.7313862711, 57.4673789478779, 99.24307589407374, 60.6085375689031, 31.55223645530259, 0.111905916328, -0.389564770448, 0.914175232391, -0.456826441319, -0.837148219466, -0.300819648887, 0.882488905541, -0.383955919697, -0.271645326349,  
74, 1768628.1690655919, 75.02096441477435, 129.8533462878418, 58.37887952556025, 55.69792646330763, 0.661662751494, 0.618140301927, 0.424387759507, 0.630561820534, -0.15248074244, -0.76101341228, 0.405702099785, -0.77113694654, 0.490666501721,  
94, 2060448.7166155602, 78.93889936409745, 137.0565869263623, 77.6970412759859, 46.19221700054225, -0.0587971387627, 0.678564996456, 0.732183339102, -0.851087772465, -0.417394616297, 0.318482869001, 0.521720710758, -0.60442640567, 0.60205998048,  
117, 1944901.9520426784, 77.43483327998176, 94.52964706269387, 79.04218469466205, 62.14155706040197, -0.204006609191, 0.679661182995, 0.704586389122, 0.665236105646, -0.431780735154, 0.609119299066, 0.718221572463, 0.592980668386, -0.364049034842,  
145, 3489106.3176917946, 94.0896525137497, 139.9957967402382, 102.06848552959927, 58.29333824647759, -0.193474848972, -0.98096256429, -0.0167311170399, -0.979580609401, 0.192195759326, 0.0590137253791, 0.0546746056323, -0.0278071494309, 0.998116952035,  
163, 2329431.2281276714, 82.23444416899115, 117.09867363721285, 72.44463173500976, 65.55458901848425, -0.800022827891, 0.598973689488, 0.0345542204949, 0.575625190563, 0.782526470346, -0.237292990196, 0.169171850027, 0.169949529298, 0.97082338386,  
167, 2931694.004460351, 88.78576543977687, 130.64933697285403, 103.60883396692338, 51.704225063912766, -0.873619665874, -0.0948535338, 0.477275063799, 0.416029404894, -0.654343791316, 0.631469506017, -0.252404860614, -0.750224639619, -0.611109463555,  
211, 479430.7288523663, 48.55259191062079, 70.55139776853427, 45.8446917316251, 35.38690481783083, 0.86520682345, 0.166715286077, 0.472888111548, 0.359298563932, -0.863969357748, -0.352791001628, -0.349745185259, -0.47514520124, 0.807412746448,  
213, 368109.8125225791, 44.45933150924073, 106.7891685388282, 83.45343369792494, 9.86091850254467, 0.0497500396791, -0.434188540452, 0.899447188495, 0.326239544549, -0.844099650088, -0.42551561698, 0.943977061757, 0.31460465995, 0.0996554806006,  
233, 1314944.543352711, 67.9630628367663, 128.27281724929642, 62.892585837243324, 38.912106644936586, -0.40674325856, 0.268675213294, 0.873140052556, -0.158380015165, -0.962039649317, 0.222250948116, 0.899708670855, -0.0478888599101, 0.433855926183,  
275, 1751356.4162155553, 74.77595634845095, 107.33772824886533, 89.34919172690915, 43.59562426712315, -0.40312910722, -0.648575067707, 0.645629386305, 0.499703534844, 0.435030821887, 0.749029079057, -0.766670268223, 0.624578710457, 0.148721667104,  
286, 1930967.9779071952, 77.2494662680181, 118.45621072702167, 67.70863406301393, 57.475740320273246, 0.61985876108, 0.714576641173, 0.324276641467, 0.691029648426, -0.301260071334, -0.657054331404, 0.371824073062, -0.631365657372, 0.680532339704,  
287, 172882.0032592276, 34.55840784106712, 115.73055195053495, 49.726988577753346, 7.1716814845511605, -0.732216130843, 0.272036511785, -0.624384235859, 0.661576399631, 0.0663122580121, -0.74693999216, 0.161790621433, 0.959999385778, 0.228527841024,  
294, 985666.3083298223, 61.73722446033532, 88.86854538394584, 53.60092054099922, 49.399321358052596, -0.704487215243, 0.707609788706, -0.0546456813193, 0.641870024107, 0.602396273374, -0.474469811451, 0.302821128245, 0.369333340971, 0.878573985237,  
298, 2690502.034625713, 86.2809473962172, 151.6467970325909, 103.00370826497819, 41.12052146291861, -0.315141175411, 0.725176819778, 0.612212887497, 0.0758289141454, -0.623780572215, 0.777912445913, 0.946010578873, 0.291575681056, 0.141589571919,  
306, 1325196.4350430507, 68.13922921097402, 118.6413027468616, 93.7603380184492, 28.44045750749175, -0.955980155778, -0.00199048063469, -0.293424572497, -0.209895259732, -0.694149353824, 0.688549674699, 0.205051022189, -0.719828252135, -0.663175214952,  
315, 2177608.8768893452, 80.40759817161839, 120.30067104763637, 102.08916248844089, 42.32954283511925, 0.0937434351763, 0.886741859492, 0.452659963974, -0.986348959422, 0.0208937152338, 0.163337634704, 0.135380569537, -0.461792515409, 0.876595559026,  
331, 1539214.3117969092, 71.62591140167588, 101.99168227337488, 88.83338954217854, 40.557342927162566, -0.955705713491, -0.117856481456, -0.269696939136, -0.290459861749, 0.229675370699, 0.928914577777, 0.047535859238, -0.966105104982, 0.253734641335,  
333, 351361.13963410095, 43.77455157900623, 71.83695449076123, 43.40343542043818, 26.902528481224316, -0.31504148596, -0.874554463454, -0.368650718943, -0.915483699787, 0.38245914053, -0.124958398071, -0.250276761902, -0.298126644696, 0.92113085182,  
380, 563867.2842472877, 51.25026272209724, 60.23052734153761, 56.91439041756628, 39.26897214008523, 0.0388430947732, -0.3287456447, 0.943619369809, -0.704139759055, -0.679040450265, -0.207584360254, 0.708998176095, -0.656376696718, -0.257858911614,  
391, 1855519.6344211833, 76.22995235287222, 108.84386480803664, 67.27449145844267, 60.495429883404256, -0.858977134809, 0.430114194653, 0.277776999466, -0.184339489744, -0.765926549778, 0.615934633599, 0.477679007698, 0.477868496454, 0.737200424377,  
412, 1253476.2529794, 66.88712058431655, 133.9965123217541, 55.11872624321822, 40.516771670938255, -0.143821496955, -0.904845999365, 0.400710736626, -0.98307959306, 0.17705551977, 0.0469665479588, 0.113445540775, 0.387175748662, 0.915000026735,  
422, 1581863.7247681934, 72.28144385606001, 116.42710889583793, 60.98904071283863, 53.18320942012608, -0.545131226037, -0.0921271887414, -0.833273381006, -0.836308408872, 0.129095464085, 0.532843885583, -0.0584824046141, -0.987343376059, 0.147420711243,  
434, 1100641.7963956948, 64.04999947834447, 94.48288312159991, 90.54239302100343, 30.7151249082113, 0.250602719549, 0.967960174301, 0.0158549021257, -0.788107897689, 0.194473480186, 0.584008567664, 0.562213676955, -0.158849508879, 0.81159264103,  
437, 1907551.8469381477, 76.93593695892639, 107.23620399068328, 106.699529618316, 39.80006712229331, -0.107819517507, 0.210588689649, 0.971610701586, 0.622152797874, -0.747990922991, 0.231161145568, 0.77543590821, 0.629413999618, -0.0503703220492,  
481, 303788.78273197997, 41.70239921662231, 102.01296018186392, 61.42481332642828, 11.574012021186958, 0.530565243718, 0.31785138762, -0.785793240965, 0.764779395557, -0.579268843759, 0.282063969307, 0.365531118086, 0.750611818478, 0.550426107368,  
491, 641612.0133416398, 53.50503172236227, 135.58720010642497, 53.84061823422436, 20.982399273504537, 0.354657506185, -0.93302260206, -0.0607196619783, -0.365233107129, -0.198027210243, 0.909609807258, -0.860710654496, -0.300423115036, -0.411002580513,  
497, 2184603.6651248527, 80.49359968670916, 108.58768258733784, 92.39411033425411, 51.982743414586814, -0.374048841991, 0.315287976969, -0.872170255961, -0.915436820687, -0.276144976607, 0.292778720581, 0.148535824418, -0.907930307608, -0.391917931959,  
500, 2707069.0311093093, 86.45767924921988, 118.15998038173169, 109.03802698479798, 50.1605542514901, -0.584755531681, -0.578301485584, 0.568883432647, -0.692759854028, 0.720870722268, 0.0207168150035, -0.422071975871, -0.381985331587, -0.822157195211,  
503, 1616382.9683186272, 72.80343748902247, 113.13029506862262, 94.44829331821893, 36.11458443677408, 0.631822842169, 0.286297214837, 0.720301187622, -0.708885013722, 0.589287127442, 0.387585756643, -0.313499495109, -0.755496251618, 0.575276872782,  
520, 1460252.936520628, 70.37955118559489, 131.58843755939643, 85.4145402580881, 31.016296598938688, 0.766646402514, 0.148989941243, -0.624544066437, 0.271306658549, 0.806430029584, 0.525417266953, 0.581932977704, -0.57225222131, 0.577824717943,  
528, 1440987.1386761952, 70.06866317563728, 146.2316650304387, 67.28916199243135, 34.96108888761947, -0.376083418282, -0.81324375294, -0.444067405691, -0.293445862805, -0.35004784385, 0.889581942611, -0.878891795442, 0.464866760826, -0.106995825075,  
529, 1069424.6796509833, 63.43864005097622, 106.59735978835269, 61.44640495922361, 38.97792055568236, 0.192844894837, 0.924413836112, 0.329043927371, 0.288565151217, -0.373938587142, 0.881419359073, 0.937838472253, -0.0750266129486, -0.338865765918,  
530, 1126292.4910969213, 64.54374981762267, 117.42278028653726, 84.72199860101462, 27.028007323977448, 0.735718482971, 0.512363175736, 0.442947276732, 0.35788663176, -0.849335817388, 0.388002355805, -0.575009106556, 0.126935595685, 0.808239990303,  
552, 666194.340566406, 54.17980569888822, 77.62925409248108, 59.48048761419638, 34.44390607434615, -0.0745180984389, -0.848842920161, -0.52336674512, -0.9940623406, 0.104959863757, -0.028696515474, 0.0792913362561, 0.518120761881, -0.851624189477,  
571, 528717.6534572832, 50.16241082614518, 139.1830657557381, 64.78679870065639, 13.99788054316812, 0.335149980268, -0.45677499702, 0.824033429433, -0.379010763113, 0.735363777604, 0.561774826806, -0.86256903038, -0.500596361039, 0.0733345153618,  
576, 1239091.5835925918, 66.6302740098139, 99.15297781125973, 71.82993025225845, 41.533984010163344, -0.869714612297, 0.141381043981, 0.472871963179, 0.0617963358348, -0.919361127254, 0.38853099049, 0.48967101817, 0.367132834403, 0.790844975876,  
578, 3284194.636179651, 92.21043965416162, 117.25114824031604, 107.14623997016463, 62.40885841716409, 0.171593647741, 0.955533430848, -0.239815517821, -0.333118558087, 0.285364080586, 0.898665325786, 0.927139496685, -0.0743182618468, 0.36727258221,  
594, 431465.73817829584, 46.87621835189073, 107.72152374123037, 74.18269895942377, 12.889990214867783, 0.682572304437, -0.730817145954, -0.00116120454838, -0.628428341126, -0.587752294453, 0.509534160223, 0.373058801378, 0.347064172085, 0.860449644761,  
599, 4352715.799465757, 101.28782237538663, 112.26909342988205, 102.27525989724815, 90.49839874922242, 0.621380922741, -0.410742829319, 0.667215165457, -0.667234623807, -0.723798446615, 0.175823108467, -0.410711219284, 0.554442185301, 0.723816383838,  
625, 2561471.750905693, 84.8790129289104, 118.67276959631585, 103.65685083453953, 49.71092824169779, 0.0435821547246, 0.638096030383, 0.768722350266, -0.496196446655, -0.65401445191, 0.571011543683, 0.867115725908, -0.406323212112, 0.288117623865,  
665, 506942.8774181954, 49.464103105204266, 99.13043924380312, 71.14158082903909, 17.160892641348248, 0.780972789277, 0.606878937322, -0.147578649687, 0.148401831161, 0.0492123204473, 0.987701900385, -0.606678167496, 0.793269249972, 0.0516284624251,  
686, 1356608.2015297643, 68.67340947981117, 117.08196381053585, 64.4391467556535, 42.92655630897702, 0.176979715876, 0.980873501148, 0.0810268777309, 0.481098634836, -0.158037206277, 0.862304090789, 0.858616493976, -0.113628412725, -0.499866282213,  
703, 946545.3527520365, 60.90939317516533, 91.525623609323, 81.14403451258333, 30.426606958853952, -0.0313297373284, 0.885499937905, 0.463582039697, -0.929583665796, -0.196244766799, 0.312029164967, 0.367277355475, -0.421162500082, 0.829294575335,  
711, 485084.93541800074, 48.74271613277788, 107.88790727885132, 58.8292417874666, 18.245810420783346, 0.543368194825, 0.138877809212, 0.827927508276, -0.414788331, -0.813016111043, 0.408601815526, 0.729864127985, -0.565435900251, -0.384162201925,  
718, 1970790.040611536, 77.77689175760335, 120.5680853678893, 92.32566184052702, 42.266565144595674, -0.76794402401, 0.590712520809, -0.247630155163, 0.201078581781, 0.589401248011, 0.782415217638, -0.608135988029, -0.551057970273, 0.571406802079,  
747, 922061.6023216, 60.37962932766084, 127.92375045326001, 53.49796405248692, 32.164950659574686, 0.184678049369, -0.193221402164, 0.963617926269, -0.621684332785, 0.736423946346, 0.266811472051, -0.761185002776, -0.648340389759, 0.0158786194357,  
763, 955248.9678841942, 61.09551395845736, 136.4404906033804, 85.48757432334939, 19.55157288014206, 0.546438042806, -0.836813114525, -0.033900984247, -0.725724427737, -0.493324241489, 0.479536492611, 0.41800660325, 0.237434210084, 0.876866851649,  
766, 1671129.6104819078, 73.61627558569658, 115.81177604580587, 90.664636094971, 37.995387720608036, -0.953107502283, 0.242817801849, 0.180625591201, 0.287441212982, 0.9130637662, 0.289295883019, 0.0946764921751, -0.327649315516, 0.940043769125,  
775, 1875731.413158488, 76.50573892756582, 131.9049503724766, 60.106249486364256, 56.480862210348434, -0.989200164999, -0.102941846737, 0.104336042462, 0.039152385763, 0.50039691699, 0.864910409324, -0.141244908777, 0.859654524596, -0.490962293956,  
783, 2027687.7627771485, 78.5182883398733, 117.40098000247978, 78.395818579527, 52.59541054872115, 0.458201086185, -0.827983798861, -0.323256234962, -0.732207944426, -0.145428310715, -0.665373678892, -0.503908018132, -0.541565725712, 0.672891725314,  
801, 976997.1754648411, 61.555694126655204, 128.0034440840596, 90.29826661894545, 20.17918538749237, 0.461734736743, 0.518964402203, 0.719358729794, 0.409471030102, -0.844110715993, 0.346136641591, 0.786851007746, 0.134733249019, -0.602256127588,  
824, 1228404.1440927177, 66.43815362652137, 104.28927967962423, 66.2530245440594, 42.44311854358418, 0.910888758221, -0.393719621123, -0.123557800602, -0.260392112222, -0.780701441003, 0.568067960642, 0.320121255213, 0.485273242574, 0.813653649904,  
879, 295070.1752408602, 41.29957366233832, 117.17814059056475, 42.17247120133288, 14.254797517005718, -0.999554911451, 0.00667664432407, -0.0290757874165, 0.0227614968391, 0.800710800234, -0.598618516796, -0.0192845340873, 0.599013886992, 0.800506383445,  
902, 350891.60406792565, 43.755043757491464, 98.91938745979114, 39.227119793110724, 21.588204697797234, -0.261279580067, -0.775188838882, 0.575165406742, -0.308614201427, 0.631674968211, 0.711156810565, -0.914598412265, 0.00830654013631, -0.4042780549,  
903, 4329697.674615283, 101.10896257711893, 128.45332541455485, 106.96399304254388, 75.22912390274668, -0.32628981927, -0.612224717965, 0.720219305874, 0.664146104611, 0.393691235174, 0.63554477661, -0.67264024974, 0.68570263676, 0.27814921961,  
906, 139910.63525368637, 32.20480741322091, 100.50319348555286, 70.17061121589389, 4.736166897599042, 0.0349649911243, -0.489170144486, 0.87148724554, -0.767661708095, -0.571493964879, -0.289983016798, 0.639900735521, -0.658868133886, -0.395499470075,  
937, 2032143.8262358678, 78.57576373834534, 124.11019138396748, 80.0394239359905, 48.837613471215725, 0.518463183654, 0.220966541623, -0.826056726065, 0.621706689254, 0.565849011847, 0.541567805845, -0.587091747286, 0.794347961082, -0.155995503121,  
956, 1627698.4824287135, 72.97292978982993, 119.5748864293869, 97.64644169701721, 33.280431634403705, 0.157896203998, 0.651840972861, 0.741735892931, 0.982478295815, -0.179030817085, -0.0518108558652, 0.0990211442805, 0.736920153499, -0.668687894576,  
995, 1581507.4796752958, 72.27601737872807, 135.19346397974786, 67.97752993511232, 41.08294473243532, 0.276859181757, 0.190374201718, 0.941863396039, -0.436125130365, 0.898301952609, -0.0533710839641, -0.856238205257, -0.395994021747, 0.331730117112,  
996, 284206.2845023628, 40.78636698382736, 136.0546389313141, 41.38730935318389, 12.04937499165168, -0.661159758461, -0.600424963609, 0.44984179093, -0.0553465049843, 0.636993828185, 0.768879462101, -0.748200867534, 0.483454988524, -0.454386108825,  
1002, 702791.4183450866, 55.15428769599321, 109.41980197245547, 78.8654638182658, 19.442631912704467, -0.482376703677, 0.550866616565, -0.681071719061, 0.874448792518, 0.348536913862, -0.337433443719, -0.0514978156231, 0.758332374642, 0.649830735312,  
1007, 1700332.1332044671, 74.04260973386921, 106.2598996009003, 91.51141691549938, 41.744616146501336, -0.930044636825, -0.316648208353, -0.186415894334, -0.36016675111, 0.886076069782, 0.291803204153, -0.0727797012099, -0.338530812049, 0.938136452967,  
1019, 1872705.9301371376, 76.46458318191671, 112.22243651684711, 82.00555492096969, 48.5800559899782, -0.734565260395, -0.052156045906, 0.676530579573, -0.0315279772888, 0.998588128864, 0.042752023806, -0.677805182091, 0.0100745107515, -0.735172523537,  
1053, 410013.4489006709, 46.08608653890171, 89.85366390735561, 46.99261818941327, 23.181634806469845, 0.468186260391, -0.261029460024, 0.844195028759, 0.385053911949, 0.92016128436, 0.0709696812547, -0.795320759489, 0.291833568603, 0.531317285397,  
1099, 485898.9397529406, 48.76996538789874, 103.30702093623874, 57.20274378676201, 19.62956355053964, -0.585272916367, -0.622775865143, 0.519235818451, 0.225451320174, 0.490128696186, 0.841989051833, -0.778862834907, 0.609855788667, -0.146453410444,  
1100, 980487.5653266014, 61.62891099401703, 139.81512615430012, 64.96372757406289, 25.77082878458727, -0.193094489238, -0.840584406824, 0.506095221506, -0.938903628344, 0.00852094847617, -0.34407465777, -0.284911380798, 0.541613560061, 0.79087309769,  
1116, 1696378.6050709826, 73.98517846136532, 115.22736404910908, 89.92462895860679, 39.08408018105775, 0.242990979821, -0.065985112996, 0.967781663697, 0.738614747954, -0.634152537421, -0.22868933816, 0.628811289523, 0.77038725596, -0.10535576882,  
1128, 858802.5238150695, 58.965986351670225, 123.8359744989056, 77.06443009534773, 21.483444072184852, 0.604701709805, -0.765565394974, 0.219648510527, -0.532606249406, -0.183648113844, 0.826198495143, -0.592170942594, -0.616589812031, -0.518797242136,  
1136, 1753944.7827622902, 74.81277586940087, 131.7032949992845, 60.84135668337313, 52.25547231225706, -0.721292663217, 0.656979470774, 0.219351017709, 0.0405375268104, -0.27610771015, 0.960271441477, 0.69144313064, 0.701528693195, 0.172522142679,  
1154, 960919.8804224071, 61.21617498320034, 135.27577185830222, 64.26317833722278, 26.388599841895633, -0.59081567112, -0.634040474253, -0.49892837138, 0.199124239094, -0.713860845834, 0.671380838415, -0.781848054397, 0.297313588312, 0.548013001708,  
1175, 286805.1332487767, 40.91030998687131, 128.93619952837156, 70.4916565786431, 7.533308088136306, -0.152202938837, 0.00145351674162, 0.988348194058, 0.978973113892, -0.137194855766, 0.150960967899, -0.135815712224, -0.99054301211, -0.0194585064302,  
1204, 1438776.6994557737, 70.03281696532149, 120.59505037564394, 61.23301329776348, 46.51464080724435, -0.929171959191, -0.364230115155, 0.0630546863219, -0.348508837226, 0.9200543919, 0.1790014143, 0.123211446824, -0.144347979411, 0.981826155799,  
1290, 1390856.5099285955, 69.2465125661041, 88.58744482329327, 81.38396429680738, 46.05562730614952, 0.966730475463, -0.10887230202, 0.231471401394, -0.158364100504, 0.45589574376, 0.87583096685, 0.200880560239, 0.883349247282, -0.423486844948,  
1330, 1557915.658448887, 71.91482771532729, 89.61678604535958, 82.38565172966807, 50.374922016044835, -0.669623659192, 0.185271448414, 0.719220859995, 0.335916522571, -0.788123518646, 0.515772633261, -0.66239281768, -0.586971728245, -0.465510413768,  
1335, 1868530.7344026228, 76.40771499811788, 102.42520175108747, 84.16584576010251, 51.74506257136803, 0.574233437412, 0.594517471908, 0.56285427506, 0.742854411378, -0.667353524696, -0.0529773212933, -0.344126841228, -0.448540130503, 0.824856635104,  
1336, 3313917.0365807004, 92.4877769503737, 109.03076849193678, 88.3824842564599, 82.09897682835475, 0.150955446236, -0.906895126404, -0.393387446364, -0.867271128794, -0.312472687903, 0.387558522644, 0.474397768135, -0.282669504933, 0.833693414013,  
1348, 201025.2069133055, 36.340199137712844, 112.78887972773018, 91.85343636813352, 4.632337750503803, -0.930732330138, -0.365136969236, -0.0203057463058, 0.155009689602, -0.444191494602, 0.882420484946, 0.331223981265, -0.818149686684, -0.470023153062,  
1350, 1588207.287730752, 72.377935592555, 150.80415663703022, 103.31406719137503, 24.335809895091742, -0.70691046046, -0.68878340391, -0.160794973149, -0.707267381842, 0.686083423589, 0.170476938199, 0.00710292010712, -0.234236970552, 0.972153583624,  
1364, 1487158.0945856431, 70.80917101590066, 128.56025118558247, 69.39652907576584, 39.79459309152781, -0.561213710346, -0.827050830776, 0.0320327119044, -0.82091900901, 0.551285014794, -0.14891881382, -0.105504274632, 0.109871542157, 0.988330457013,  
1379, 2155585.5376346125, 80.13561063569415, 108.79570307347142, 101.13379306894588, 46.77013384980436, -0.90519281119, -0.395994759688, 0.154318258382, -0.00655104995021, 0.376058201937, 0.926572885692, 0.424950653977, -0.837716168553, 0.342999362433,  
1398, 2422700.9982824754, 83.3176610530393, 123.93343108291317, 89.3378205609286, 52.23810118239536, 0.868584959955, -0.495264710204, -0.0165237455232, -0.408820391952, -0.697339179206, -0.588713815251, -0.280046521963, -0.518103209767, 0.808172635992,  
1415, 1481147.7790506084, 70.71365100266134, 102.57728167910192, 66.5235610142693, 51.8182936037004, -0.671633644402, -0.127443544588, 0.729839976056, -0.740795171284, 0.130722109919, -0.658888643233, 0.0114351173909, 0.983193710782, 0.18220692953,  
1444, 291008.0131752837, 41.10917673155592, 108.13710842088075, 74.20971604960924, 8.657267088855697, 0.560544327495, 0.775537829364, 0.290398230261, 0.623466695808, -0.164414760105, -0.764367101515, 0.545049847383, -0.609515267967, 0.575683769081,  
1485, 486527.12116523855, 48.7909733178937, 121.04880622297624, 54.15749876926396, 17.71737331666559, 0.93909914495, -0.280232410069, 0.198903474835, -0.266985663009, -0.230555034077, 0.935715251564, 0.216359542666, 0.931833768764, 0.291332071165,  
1514, 2268589.489096962, 81.5121663272523, 120.23705659513641, 94.72359116628064, 47.55222201349296, -0.134794303047, -0.956611100195, -0.258313179784, -0.956405363705, 0.193767237269, -0.218501803283, 0.25907388163, 0.217599312373, -0.941026706907,  
1521, 599148.3820657153, 52.29762025091325, 122.68089087419803, 47.78634604841313, 24.39860728683563, 0.0884042638891, -0.996079221469, 0.00329707203588, 0.709612656869, 0.0653019106585, 0.701559361477, -0.699024007698, -0.0596811948787, 0.712603390141,  
1526, 1395634.6096820638, 69.32571761734278, 138.73741292506762, 67.24611061373623, 35.71267314701454, 0.0924689040811, -0.267653209878, 0.959067912621, -0.911570932894, 0.364769621514, 0.189688053189, 0.400609455804, 0.891798678213, 0.210255039077,  
1570, 2087048.5570265336, 79.27714131638092, 123.23272970978394, 79.95698406352979, 50.566334258828014, -0.890113023281, 0.13468420961, -0.435383703723, 0.134761816173, 0.990397231011, 0.030863857621, 0.435359688864, -0.0312007770286, -0.899715762241,  
1576, 437230.0670491253, 47.08404904286921, 139.53423331164382, 45.835879591286975, 16.32056050485782, 0.508821377924, -0.349447025078, 0.786757638686, -0.698396798286, 0.366779755814, 0.614584837813, 0.503331617834, 0.862182919912, 0.0574273027371,  
1614, 426996.7378752457, 46.71381279243365, 94.65715268343864, 61.5365845921792, 17.50044624397366, -0.951388868028, 0.30098763706, -0.0653120519499, 0.126974197179, 0.576501353633, 0.807170206654, 0.280600739564, 0.759639803852, -0.586694633826,  
1626, 731544.6346244946, 55.896430279208886, 96.16185991120518, 70.72141481333709, 25.6802013830228, 0.46697563374, 0.883051490498, 0.046409294573, 0.516796435378, -0.31512676321, 0.796000356463, 0.717534111993, -0.347728612913, -0.603514382503,  
1632, 3662647.3693785383, 95.62442415211667, 139.11625166403752, 89.6316634076616, 70.1240797155815, -0.91155444383, 0.370335330093, -0.178662360944, -0.040898310896, 0.350695113169, 0.935596208717, 0.409140347679, 0.86015387047, -0.304531599373,  
1654, 975285.512039361, 61.519725335967436, 126.11030324350442, 87.43355294453374, 21.116136793975933, -0.388572869462, 0.337900406723, 0.857224848131, -0.775530979845, 0.382435167136, -0.502289799059, -0.497556855463, -0.859980614941, 0.113448303239,  
1664, 492336.4242364966, 48.984399222331035, 105.70729000765871, 64.44156808640908, 17.254497621576874, 0.0291599044139, -0.53518558944, 0.84423106128, -0.995829156823, -0.0886018780278, -0.0217714866643, -0.0864522434422, 0.840075051448, 0.53553703657,  
1669, 989218.3429663995, 61.811296135831135, 101.24970918040891, 87.53345823647179, 26.6462243613546, -0.794167279348, 0.393785057917, 0.462851661522, 0.585162397396, 0.29003324291, 0.757275172366, -0.163961279232, -0.87224655125, 0.460763119992,  
1688, 1369062.7265778284, 68.88292479481466, 107.32075860152483, 75.7452863795568, 40.206418763797174, -0.0544772034035, -0.996434159781, -0.0644298031303, -0.235030143505, 0.0755087828859, -0.969050698029, 0.970460234092, -0.0376482261092, -0.23830557089,  
1710, 484301.6087208274, 48.71646503142508, 116.0298482464834, 51.857910084621075, 19.21509640602881, -0.964934690351, -0.185901658625, 0.185314912186, -0.250778946712, 0.861423954908, -0.441654491425, 0.0775304020634, 0.472640818413, 0.877838079332,  
1744, 726836.1580783571, 55.77624908962239, 119.58730641584485, 81.1078045277527, 17.889581665554797, 0.530235623776, 0.253251054629, -0.809144045649, 0.521327901735, 0.65523173218, 0.546707047711, 0.668630991019, -0.711712919985, 0.215400365309,  
1752, 1861296.1288942527, 76.30897527276517, 94.9154541851586, 75.36582909337952, 62.11771236538495, 0.736498536989, -0.649452642535, 0.189159113229, -0.625102571657, -0.760310559726, -0.176563381473, -0.258489225929, -0.0117948240092, 0.965942131913,  
1768, 1347955.138708048, 68.52708787760812, 119.72753121249102, 64.73365247493092, 41.52051101823059, 0.369622637695, -0.679617970355, 0.6336391087, -0.638882463451, 0.309275610613, 0.704398888823, -0.674691265393, -0.665182689982, -0.319880736137,  
1770, 1025352.8116919454, 62.554934322468704, 129.1628313273694, 64.89037939637021, 29.20564806472829, -0.189672008446, -0.348384366897, 0.917961253057, -0.98126270376, 0.0995240285043, -0.164980222934, 0.0338826713977, 0.93205327136, 0.360733508184,  
1786, 1991921.6492811101, 78.05388918471552, 121.81098012832679, 82.14422138188327, 47.52478790620649, -0.474143774447, 0.238640092937, 0.847489579403, 0.189063416368, -0.91251586777, 0.362725537645, 0.859908544989, 0.332213330725, 0.387545606534,  
1787, 1273645.540414475, 67.24396653164621, 120.40612318458197, 84.7861348173373, 29.78424251074462, 0.7560037187, 0.654527746265, 0.00719768577711, 0.514808726695, -0.601342456752, 0.611031279581, -0.40426520037, 0.458236488156, 0.791573729158,  
1812, 1435031.0488147866, 69.97199065550302, 120.39522438172457, 68.22241564114414, 41.709629775939895, -0.620892812986, 0.0357603001502, 0.783079380214, 0.777722015886, -0.097022865934, 0.621075703511, -0.0981864592958, -0.994639514809, -0.0324292274322,  
1823, 586328.0841052072, 51.92191427183279, 83.54653817306603, 48.85135435042022, 34.2962802684305, 0.751367540495, 0.583602740295, -0.30798483828, 0.261105085805, 0.165698932551, 0.950982648589, 0.606028838635, -0.79495390135, -0.0278808441675,  
1833, 540594.0577775083, 50.53522683495084, 107.745868496336, 50.84148088041336, 23.55937907964934, -0.771794012482, 0.635832419263, -0.00715100770102, 0.0982158780596, 0.130313555858, 0.986596178006, 0.628241707939, 0.760746680422, -0.163024061513,  
1839, 1908784.5205524988, 76.95250557432624, 132.2140685310358, 104.16267290848432, 33.0886089438311, -0.385314530373, 0.627228582785, -0.676843421791, 0.902005280289, 0.410785858188, -0.132821131764, -0.194728495639, 0.661694252393, 0.724045253652,  
1841, 1274512.2684261766, 67.25921646108604, 127.17542062679532, 73.13142319948605, 32.715096303658214, 0.0334574470641, -0.190386491297, 0.981138921442, 0.965800617525, -0.246392479726, -0.0807459789854, 0.257118195436, 0.950286130524, 0.175631727516,  
1852, 491721.6510665995, 48.96400203318101, 120.47926797913794, 65.76319476107874, 14.816154523450544, 0.230376914239, 0.387515220222, 0.89261325975, 0.919784667553, 0.212746087041, -0.32975031127, 0.317683242743, -0.896978849553, 0.307418770955,  
1857, 2966355.276184812, 89.13429868646413, 112.94852254815225, 94.64042537950279, 66.24869340765336, 0.614380913379, -0.282349267977, -0.736759787277, 0.692957738045, 0.639605406938, 0.332737879868, -0.377287246748, 0.714971198223, -0.588617464193,  
1860, 1484179.0084926477, 70.76185759061119, 133.31618079943712, 75.78251083946688, 35.070812026319146, -0.767161221139, -0.59938797419, -0.228468197299, -0.632655162765, 0.765809656153, 0.115251965573, -0.105882509449, -0.232958423197, 0.966705367345,  
1874, 1807936.1332344566, 75.57268024773003, 122.50629169135163, 96.41945872963672, 36.54023973317286, 0.244857311167, -0.965041081803, 0.0934912167074, -0.423405598155, -0.0196846523532, 0.905726346041, -0.872222790702, -0.261358422277, -0.413423727531,  
1883, 3029785.5511958105, 89.76514986364272, 116.22877223333823, 99.25848890849812, 62.69630858566895, -0.152853124032, -0.478410817541, -0.8647306009, -0.986565644418, 0.0228209314357, 0.161763513632, 0.0576554570514, -0.877839560938, 0.475471927167,  
1885, 752506.9404397169, 56.42531169869918, 102.15200084538623, 70.28073032465535, 25.022964347348342, 0.872956274385, 0.421702534322, 0.245182208895, -0.316861222396, 0.108066527271, 0.942295384381, 0.37087236181, -0.900271402539, 0.227958533545,  
1895, 1798070.625200757, 75.43496831559462, 118.86677255916408, 79.43660751063368, 45.46078987433658, -0.421852814383, -0.594364842988, 0.684668267424, -0.129660848693, 0.786937394368, 0.603255834337, -0.89734512163, 0.16571050288, -0.409037604532,  
1904, 1570023.2351572874, 72.1006461511827, 127.53536113765337, 58.03643345188958, 50.63911866103371, -0.38037515086, 0.0890226554034, 0.9205377295, 0.915935181223, -0.101471429432, 0.388286354134, -0.12797456156, -0.990847372623, 0.0429417717318,  
1909, 1719934.8648141664, 74.32606319761423, 112.6975512283899, 80.7761397865567, 45.10511729767325, 0.558567205731, -0.768831419524, -0.311289134141, 0.25185036946, -0.20037155167, 0.946795982609, -0.790299986135, -0.607247469846, 0.0817094993348,  
1917, 824315.9044274347, 58.16588718728822, 115.37707411371495, 55.12448163456326, 30.941476215230068, -0.548368505228, 0.830848952646, -0.0947734159002, -0.0862662261572, 0.0565233262524, 0.994667407636, 0.831775282572, 0.553620024455, 0.0406785917238,  
1928, 1935883.2448521412, 77.31495674241513, 124.60174623138043, 81.12057995068591, 45.72306930020889, 0.560841311891, 0.821078841682, -0.106238216371, -0.407020055497, 0.38518067021, 0.828233376362, 0.72096580869, -0.421266408628, 0.550220788105,  
1944, 2685543.623155306, 86.22791150485969, 111.58555712571737, 87.31913414375255, 65.80004570820898, -0.823434851949, -0.491056533639, -0.284285992209, -0.537945179163, 0.516265275139, 0.666397141276, 0.180471684237, -0.701664910378, 0.689272315368,  
1945, 460256.74899732345, 47.89650807677896, 85.84510602784948, 65.5056366940687, 19.539675303838, 0.718993381957, -0.0782363040466, -0.690599447894, -0.05112565606, -0.996905696106, 0.059709298808, 0.693133958189, 0.00762324083598, 0.720768480307,  
1955, 1874248.7976981506, 76.48557639450829, 105.04804867315457, 82.13231411807665, 51.86048603071904, -0.305817352733, 0.119098705382, 0.944611690137, 0.94702616761, -0.0641412113681, 0.314686102117, -0.0980672454418, -0.990808459482, 0.0931740950638,  
1961, 982466.314769384, 61.67034148016017, 138.66466260262436, 89.94455184140263, 18.805652126793955, -0.975273344291, 0.196890998654, -0.100378476595, 0.123596679153, 0.862448999068, 0.490821337055, 0.183209619881, 0.466278520473, -0.865458593191,  
1962, 1247187.0261996868, 66.77506586335002, 109.65841982096975, 62.44088388223484, 43.4842465708993, -0.900588635894, 0.353288788161, -0.253233372719, 0.43018203911, 0.640886299273, -0.635773674063, 0.0623179117598, 0.681506994509, 0.729153409311,  
1967, 2968544.110336241, 89.15621696790707, 128.97580327331855, 105.95697385942618, 51.85816074896831, -0.524197026353, 0.695823727439, -0.490965190106, -0.733376985189, -0.661900750844, -0.155066416825, -0.432869120125, 0.278777216366, 0.857267512785,  
1991, 771966.1979567594, 56.90755039728184, 142.64022141809224, 61.483845107947786, 21.013899500291526, -0.526873907717, -0.813239507975, 0.247073649009, -0.164780564428, 0.382914020767, 0.908968766398, -0.833817276718, 0.438198990606, -0.335753471581,  
2002, 2818485.570162439, 87.62789963044412, 132.20367676936695, 90.76345742316312, 56.075433774129344, -0.273915650613, 0.192449221957, 0.942302240959, 0.164115410643, 0.97475783251, -0.151371397394, -0.947647797622, 0.113183324424, -0.298585308972,  
2052, 2681027.4762400733, 86.17954930292186, 119.86429892603769, 92.45716565078803, 57.75402151110541, 0.0073537001281, 0.0046258885085, 0.999962261413, 0.564362525185, -0.825527001594, -0.000331369409034, 0.825494314493, 0.564343663732, -0.00868135613726,  
2061, 783787.939554526, 57.19657046754583, 133.12898359179488, 77.24681698740896, 18.19519682592728, -0.559954039886, -0.170110969895, 0.810872203948, -0.211233971852, 0.975664505225, 0.0588131140079, -0.801143983533, -0.138351115517, -0.582260497101,  
2062, 1817791.77759881, 75.70975517291102, 133.01807121324197, 84.67582043476827, 38.528798491261824, 0.51969131544, 0.535226030636, -0.665923443638, 0.613779822689, 0.308301303444, 0.7267906408, -0.594302335446, 0.786437157327, 0.168289428243,  
2072, 985149.7524850166, 61.726437748018355, 88.7267363327804, 56.58258722060211, 46.84641212210922, -0.19093806494, 0.755514102325, 0.626690590759, 0.980606771452, 0.175554342516, 0.0871265321636, 0.0441929308856, -0.631172808359, 0.774382251119,  
2074, 1597545.4084874778, 72.51951106182504, 113.19386488548783, 81.49260663593111, 41.34504832773658, 0.919620551659, -0.379754466702, -0.100422039345, -0.225672660347, -0.72002563515, 0.656227807319, -0.321511883666, -0.580818069404, -0.747850572585,  
2084, 603998.2097462147, 52.438349528164636, 93.96345535386864, 65.6271393132119, 23.3832347365166, 0.812873380696, -0.49957519798, -0.299435282689, 0.34966520045, 0.00742429682874, 0.93684530602, -0.465801582811, -0.866238709237, 0.180719075004,  
2085, 2305676.8858879674, 81.95396039101068, 122.06006093179694, 90.27833673104637, 49.95197971188837, -0.323892495774, -0.774914169996, -0.542772217713, 0.115233581598, -0.601738812324, 0.790336398893, 0.939049984215, -0.193438442099, -0.284194820967,  
2086, 2372682.59787132, 82.74028488625159, 126.89560701522832, 71.46926038008571, 62.457581079984315, 0.734985437945, -0.633403377823, -0.242067277781, -0.426733335388, -0.709496765309, 0.560814586548, -0.526967804024, -0.308892377664, -0.791764126835,  
2100, 980540.9717957374, 61.63002993486896, 131.60249785966764, 76.17132932719754, 23.35185948625105, 0.606911913695, -0.438549840126, 0.662821217781, 0.227930036101, 0.894990246291, 0.383458417154, -0.761384152486, -0.0816486176799, 0.643138924008,  
2102, 840823.0725717972, 58.55158694019194, 114.78744441372169, 99.29266250007154, 17.61182931280558, 0.67097999678, -0.723080192986, -0.164136767459, -0.136396945885, -0.3379543852, 0.931226452952, 0.728822143649, 0.602446568615, 0.325386562247,  
2107, 1515196.2302067939, 71.25140358371269, 116.6586777639628, 61.135903180686434, 50.71855707723895, 0.0315935396832, -0.97623928506, 0.214379818444, 0.568514741075, -0.158858349985, -0.807189577373, 0.822066200151, 0.147380062919, 0.549987526789,  
2115, 3277329.2057188787, 92.14614119103842, 128.73227931784993, 104.2651656290111, 58.29143711653528, -0.80383085743, -0.502236363121, 0.31877043182, -0.00779093379946, 0.544719268905, 0.838582267541, 0.594806904797, -0.671594783811, 0.441775047239,  
2117, 716764.9542759066, 55.51743393668302, 98.3890073979153, 49.178657063027785, 35.36428720842928, 0.541301595362, -0.815496546924, 0.204836434291, -0.64141354802, -0.24296535474, 0.72770632594, 0.543673839058, 0.525293459269, 0.654588067699,  
2120, 1894909.8040461077, 76.76559925353905, 116.29419897140427, 68.50358894178937, 56.78433665809399, 0.778305390147, 0.596874020409, 0.194890029063, 0.448484860407, -0.311237507768, -0.837849953001, 0.439433783013, -0.739508362034, 0.509926791636,  
2135, 2517706.6678496073, 84.39282151111883, 103.32170030639737, 85.92990092507931, 67.69875239071851, -0.409634484116, -0.569019666298, 0.713033104974, 0.141464490382, 0.732542694909, 0.66585959338, 0.901214395903, -0.373627915849, 0.219578671812,  
2150, 1486032.851654019, 70.79130749853203, 130.60680392831773, 74.03245919480742, 36.69034734740926, -0.925597587378, -0.156091167346, 0.344825540987, -0.369235357856, 0.572774037647, -0.731843666575, 0.0832727851642, 0.804714514144, 0.587792645392,  
2158, 2312748.707008928, 82.03766281347593, 112.41893844438567, 96.93082868410738, 50.66854484113804, 0.600210145344, 0.772789167044, -0.206263629189, 0.665288428479, -0.625506545186, -0.407594000031, -0.444003477868, 0.107417248285, -0.889563064888,  
2160, 3093050.6850822493, 90.38564797180942, 120.56874306001743, 86.0047228701102, 71.2100668187684, -0.406362622485, -0.898981658169, 0.163405622063, -0.91033347393, 0.382968579252, -0.156933213653, -0.078500861708, 0.212525399848, 0.973997212075,  
2163, 692021.6146915853, 54.87110212443107, 83.26988980439545, 60.40236692134116, 32.84650026457165, 0.778189225294, 0.626613677207, -0.04215245157, -0.252406185099, 0.373509501032, 0.892626332999, 0.575076210045, -0.68399265506, 0.448822237043,  
2164, 2584439.2963856235, 85.13194886898475, 132.2837657935866, 79.89280809578545, 58.37991935303808, 0.400968810133, -0.22378520208, 0.888337884271, -0.316014568158, 0.876392620582, 0.363415419734, -0.859859759503, -0.426445961311, 0.280686722289,  
2175, 1024669.2212330953, 62.541029689756904, 126.90803523426062, 90.75710269716477, 21.238573228681414, -0.527349857353, -0.829035428328, 0.186017167291, -0.828201186469, 0.452687144163, -0.33038938276, -0.189696923225, 0.328290432523, 0.925332626266,  
