# Void_ID, Void_Volume, r = (a*b*c)**(1/3.0), a, b, c, vector_a, vector_b, vector_c 

20, 3200031.9854413895, 91.4159345259345, 118.65609091094478, 89.21515679399579, 72.16673053801343, -0.62630159256, 0.751425670542, -0.207619307408, 0.779220376528, 0.595304971786, -0.196029577795, 0.0237048510016, 0.284554831654, 0.958366645821,  
21, 1510344.2707761307, 71.17526854146702, 115.40038669183751, 90.93791084304496, 34.35857206623083, -0.390471045832, 0.438291640466, 0.809588043553, 0.893953287948, -0.0295929793597, 0.447182037362, -0.219954271005, -0.898345531224, 0.380257051475,  
59, 1172394.7547620696, 65.41265133157212, 112.99329905757006, 79.94580674232134, 30.983956851137673, -0.296600067853, 0.735901287168, 0.608668789486, 0.944438508133, 0.131491541573, 0.301240566409, -0.14164852313, -0.664198215926, 0.734013913939,  
73, 521064.58447122684, 49.91920370056286, 118.09290211412825, 48.071354515336964, 21.912543535375843, -0.863081343341, -0.0270017084331, 0.504342643961, 0.453468047179, -0.481118086055, 0.750261366098, -0.222390028922, -0.876239861575, -0.427488456012,  
86, 239619.15025914848, 38.53106130767597, 125.96619707556793, 80.9511806939565, 5.609907608998587, -0.111299386271, 0.573923701103, 0.811310071383, -0.6709636801, -0.645619915682, 0.36466788241, 0.733089480625, -0.503772279692, 0.456939058968,  
90, 3245628.4627320147, 91.84807628887769, 134.59155536301972, 107.38275582697818, 53.61148496047321, -0.0238151888684, 0.208930815006, 0.977640399799, 0.0290155528516, 0.977650238024, -0.208226102555, 0.999295218878, -0.0234078327306, 0.0293451681709,  
99, 321125.9751380984, 42.48108583009442, 91.35367660973283, 48.38489965290243, 17.34406735656821, 0.755220072544, -0.632241802176, 0.172953593797, -0.333185284001, -0.143054176249, 0.931945850993, -0.564473390472, -0.761449805463, -0.31869104978,  
103, 277237.1257857484, 40.45022355322207, 77.44460575253709, 61.80568101673048, 13.827485414238584, -0.168252582145, -0.406285576982, 0.89812198422, 0.381122807155, -0.867068489933, -0.320838962145, 0.909085515487, 0.28831278796, 0.300731211933,  
119, 1442628.2900917286, 70.09525366458978, 104.28792389936795, 78.90790728912624, 41.85152500896921, 0.286495898795, -0.335900395727, -0.897268646574, -0.204827592614, -0.936347750042, 0.285129002902, 0.93593042331, -0.102097086847, 0.337061459648,  
136, 739658.1403516853, 56.102318661912044, 134.72196389606165, 70.9427391353814, 18.475494623061934, 0.907707004876, -0.412963422114, -0.0743586262245, -0.238906708594, -0.362950724702, -0.900661066122, -0.344951558755, -0.835301133385, 0.428112647184,  
137, 1090779.8459393801, 63.858125379294975, 108.43892802856872, 61.40489036755694, 39.10752392477241, -0.459852564756, 0.884459121239, -0.079168690428, 0.886031719132, 0.451082927337, -0.107107354356, 0.0590204318805, 0.119399562486, 0.991090476747,  
167, 2959847.213408385, 89.06906528187174, 118.48346096670775, 103.73316776719564, 57.491721359525215, 0.170424705187, -0.840300224623, -0.514636718823, 0.0361666688122, -0.516591070427, 0.855468081241, 0.984706754282, 0.16440559131, 0.0576490209528,  
182, 1544391.7962731794, 71.70613133683234, 118.75870774765811, 74.62776916373885, 41.60092180370934, 0.685160127594, -0.728325155887, -0.00990287121276, 0.23452468645, 0.207713004985, 0.94965966483, -0.689604068289, -0.652991404892, 0.313126897817,  
184, 281269.0814215011, 40.64537441475067, 108.73817997745877, 59.94714627855863, 10.30108123610034, -0.94088602383, -0.0758992042172, 0.330110286056, -0.0684869961494, 0.997070962525, 0.0340444863045, -0.331727330076, 0.00942371946238, -0.943328241914,  
189, 2566812.273975947, 84.93796128639438, 107.75858883424162, 96.44855728952628, 58.96005322895045, 0.243153947149, 0.582077906794, -0.775926200362, -0.230191604041, 0.811709711344, 0.536785962874, -0.942278081786, -0.0480900710318, -0.331359867294,  
221, 815154.5432271647, 57.94960072934993, 85.59798622150164, 71.2071941941669, 31.927427184988314, 0.0403754239927, 0.986613229386, 0.158000508666, 0.94693883335, -0.0882463706363, 0.309062168443, 0.318867795537, 0.137138301254, -0.937825365033,  
222, 1434617.0650077255, 69.96526140341166, 129.557836099807, 94.11623552342446, 28.087892198464434, -0.423357346525, -0.114407678, 0.89870987552, 0.898724982515, -0.178177689973, 0.400682064235, -0.114288944991, -0.977324712678, -0.178253872447,  
235, 485123.2398134758, 48.74399907726685, 118.86756600291586, 60.008870126718776, 16.236209667757084, -0.59229402681, -0.673330629624, 0.442508360391, -0.10851576298, 0.610866973299, 0.784261353196, -0.798380933509, 0.416494182603, -0.434879846472,  
241, 3349034.5537989708, 92.81332677983411, 134.78468365202687, 87.14519986355117, 68.06862928241425, -0.0491583284845, -0.342687937951, 0.938162265242, 0.994486131065, -0.103908565046, 0.0141543360943, -0.0926325745122, -0.933685164974, -0.345906372948,  
276, 1353378.0619880413, 68.61886143213313, 115.44047398048828, 58.089138048412686, 48.18118637983009, 0.706019767723, 0.59649157928, -0.381751075222, 0.529776382578, -0.0871227961785, 0.843650758815, -0.469971352369, 0.797876816454, 0.37751756743,  
289, 2344692.0238401974, 82.41363418239077, 143.89445202144782, 97.31406857051081, 39.973991602847526, -0.288058069229, -0.941440836987, 0.175247536943, 0.645937082209, -0.0559190289966, 0.761339837407, -0.70695674166, 0.332508966268, 0.624219474842,  
296, 1062103.0419631638, 63.29353437567943, 130.7298544659246, 70.8095699061304, 27.391215780592137, 0.411690811737, 0.670216649544, 0.617511391154, 0.736272930539, -0.64392038401, 0.20801132376, -0.5370408246, -0.369020570877, 0.758558482243,  
302, 1579966.6171130403, 72.25253691282923, 135.36618531234936, 66.78092618721872, 41.72503149333709, 0.644104661398, 0.667744662405, -0.373157139815, 0.582182129645, -0.111500985518, 0.805376618825, -0.496178549604, 0.735992252716, 0.460567314141,  
305, 1785603.6189335529, 75.26021986243971, 143.2553000479573, 105.29752313049279, 28.259703045659414, 0.161959126808, 0.984583984309, 0.066057695135, -0.757466174894, 0.0811363146387, 0.647813161597, 0.632466785796, -0.154955723643, 0.758929831128,  
321, 408696.98584961554, 46.036709557337225, 116.56945346586635, 39.99993811530786, 20.925157993238038, -0.659695034371, -0.388654635947, -0.643234044173, 0.270600009708, -0.921328140367, 0.279159618344, -0.701126305577, 0.0101010754209, 0.712965547487,  
325, 711854.8827378373, 55.39037256925729, 121.43030543556165, 64.14187318892509, 21.81896435181282, -0.262714076878, -0.96297833199, -0.0604487049252, -0.0465240973758, -0.0499338585833, 0.997668340748, -0.963751431736, 0.264913838604, -0.0316833701256,  
329, 668382.5311674502, 54.23906076781084, 113.40346119988989, 81.0168111816306, 17.367408763827555, -0.421891329537, -0.898942374072, -0.117941994895, -0.884210077761, 0.379194116888, 0.272734963113, 0.200450104635, -0.219350016676, 0.954832616607,  
331, 657571.1365141934, 53.94502237436971, 133.78435566818243, 79.08674456962672, 14.836966025250648, 0.790925276015, 0.298542470166, 0.534143802048, 0.406672597483, -0.908695283461, -0.0942882827926, -0.457224896759, -0.291796633501, 0.840119109687,  
355, 774312.6525382667, 56.9651504657455, 87.9772783025894, 49.84253685761207, 42.15577574061384, -0.871625635685, -0.328939813555, -0.363410718438, -0.178786570044, -0.476972493873, 0.860542039915, -0.456403454839, 0.815043458441, 0.35693143216,  
364, 1007729.9342318214, 62.194481275956704, 108.63874453100253, 66.98022631580832, 33.06162543167693, -0.605975894847, -0.598464252789, 0.524055104925, -0.767067827701, 0.614112747366, -0.18566766339, 0.210713460819, 0.514495939397, 0.831200195966,  
372, 1219990.696367363, 66.28612576523977, 127.28257961934199, 106.69459223735736, 21.44650524073726, 0.908121942889, -0.210661906702, -0.361850933271, -0.149702732174, -0.970446171665, 0.18927049395, 0.391028936044, 0.117710615347, 0.91282012588,  
373, 798405.3807309832, 57.549949730947525, 79.29780262081806, 63.25955573712275, 37.996846576219276, -0.801849913424, -0.517804793775, 0.298186035699, 0.0937376720926, 0.383847384266, 0.918626384567, 0.590127075445, -0.764551751771, 0.259250175874,  
374, 1184806.0800815767, 65.64266759143227, 123.58286206644395, 98.91517647304187, 23.138621707798915, -0.0395463553648, 0.418790546847, 0.907221342148, -0.15457178472, -0.899566438349, 0.408519015917, 0.987189773623, -0.124075383815, 0.100307776295,  
378, 458403.87962720124, 47.832148833007004, 113.23850375772814, 41.75172674085905, 23.14680811939521, 0.428848182573, 0.0304877058126, -0.902861969571, 0.619523561795, -0.737313486984, 0.26936848051, -0.657479880061, -0.674862446507, -0.335083400976,  
401, 417305.32340317545, 46.357688386696545, 103.61987021301759, 47.570663428762956, 20.21077947402036, 0.903533937063, 0.139197729895, 0.40527819651, 0.309960084712, -0.865352560408, -0.393814286283, -0.295890470377, -0.48144463668, 0.825021146003,  
406, 1690853.7263191168, 73.90477115490813, 118.0068021773891, 76.94578322742008, 44.45550655340877, -0.383836815763, -0.422435707671, -0.821107405733, -0.897869643794, -0.0369134803798, 0.438711178021, 0.215637199061, -0.905640915513, 0.365123445604,  
410, 3145416.569172148, 90.89287771623596, 116.63803513588846, 104.14239280995716, 61.8189770026258, 0.465490268874, 0.780579404465, -0.417150575821, 0.606679595898, -0.624589259153, -0.491760231486, -0.644405677741, -0.0241671403913, -0.764301819847,  
449, 700846.9196124776, 55.10337334522593, 109.23015098898117, 61.433551497697145, 24.93368122693994, 0.420976165258, 0.00948047237672, 0.907022154596, -0.636449239347, 0.715567492876, 0.287915836442, -0.646305991013, -0.698479265105, 0.307270698567,  
450, 2293811.352154114, 81.81313401248602, 143.3857129698508, 77.04069730549175, 49.57274904883161, -0.442477397766, -0.628872488749, 0.63932241112, -0.144246670649, 0.753536342022, 0.641385905098, -0.885102621436, 0.191578636976, -0.424135562505,  
454, 727418.7690090147, 55.79114798777354, 106.7392541518007, 49.13146464435819, 33.11402852386973, 0.212608910687, -0.686514522861, -0.69533823496, 0.600413420351, -0.469635647034, 0.647260445028, -0.770909317468, -0.555103746101, 0.312343809456,  
473, 330209.97784521256, 42.87793493468706, 132.9226528272234, 63.419068913914614, 9.351531065319744, -0.874129319961, -0.367613066163, -0.317424897528, -0.484425922916, 0.612705752109, 0.624438296824, 0.0350636163472, -0.699608672701, 0.713665361279,  
480, 996935.2703251856, 61.97161068660798, 112.95873764384254, 48.35668935909179, 43.57144482127119, -0.65729066043, -0.712129678108, -0.246658284413, 0.398143515575, -0.606008497703, 0.688647545351, -0.639883371183, 0.354436203385, 0.681853539269,  
497, 1967181.6968850403, 77.72939520252571, 121.88717154093327, 74.47809334556798, 51.73319685250118, -0.950539011005, 0.294434325552, -0.098914187523, -0.0743479839818, 0.0935185567888, 0.992837678986, 0.301575804458, 0.951085015902, -0.0670024379608,  
504, 2677480.3438146347, 86.14152592194814, 126.04688740412988, 75.9529713032485, 66.76683476066931, -0.554144844912, 0.799086905836, -0.233202932611, 0.796016437729, 0.590633218549, 0.132326233276, -0.243477558972, 0.112305467668, 0.963382665512,  
508, 2560046.710275917, 84.86326957359243, 121.47225321622992, 89.0103248245236, 56.52516085047526, 0.714942156655, 0.147050923068, 0.683544979253, -0.581967100325, 0.667006900731, 0.465205426146, 0.387520330791, 0.730395660175, -0.56245015141,  
511, 610243.2586730914, 52.618459242803354, 77.92003263020408, 69.01745886129449, 27.089830669108096, -0.555650899568, -0.500767641904, 0.663689570983, -0.649451705189, 0.759827483274, 0.0295749604893, -0.519099759619, -0.41460097019, -0.747423223536,  
514, 1409338.0089030485, 69.55187651826886, 120.29615664992652, 101.18580528117752, 27.64109291425238, 0.587268935388, -0.57876952492, 0.565810069327, -0.0165059289917, 0.690346641645, 0.723290445587, 0.80922354874, 0.434105230783, -0.395866008607,  
559, 3221012.072448788, 91.61528024620692, 109.84635906022368, 92.20664762887232, 75.91993790171057, 0.136398693864, -0.171848392034, 0.975634935038, -0.896404039715, -0.440663350247, 0.0477033471757, 0.421728815586, -0.881069771303, -0.214151498246,  
592, 1727748.3459603155, 74.43844498926802, 104.41958463437199, 85.52822794632742, 46.184946114038716, -0.0294182459402, -0.35156416626, 0.935701450147, -0.994635246164, -0.0825809185258, -0.0622986274669, 0.0991730502437, -0.932514358547, -0.34724872528,  
628, 2757557.325816857, 86.99186601606847, 126.31855324877253, 79.14210588410104, 65.85082118315215, -0.927858386945, -0.171313273389, -0.331256058264, -0.0633495981201, -0.802934179965, 0.592691767331, -0.367512778273, 0.570918965357, 0.734156586024,  
635, 1002991.7175305276, 62.09685128057721, 101.09022141630103, 94.12779137606077, 25.164118472846578, 0.453980392186, 0.690470008892, 0.563163360253, 0.739336559314, 0.060832720256, -0.670582457426, -0.497275834495, 0.720798548117, -0.482872858484,  
647, 1132856.2925752916, 64.66888961085994, 110.2205020502022, 60.69538828239516, 40.4266852401338, -0.881158199118, 0.401570541912, 0.249602339725, 0.428653626783, 0.4556811025, 0.780135117188, -0.199540212421, -0.794415403106, 0.573661808851,  
685, 2422056.672921285, 83.31027419543553, 136.47176764511374, 84.19578350336057, 50.3225374862726, -0.81068925656, 0.404269458205, 0.423496321661, -0.0551382951839, -0.772839146363, 0.632202042272, 0.582874512826, 0.489168538453, 0.648823121726,  
696, 1456182.414295602, 70.3140949150636, 144.36402022974417, 71.02061862282703, 33.90656183418928, -0.120451043306, 0.834204325656, -0.538140027525, 0.984792453186, 0.0320417500914, -0.170754649715, 0.125201319142, 0.550523813571, 0.825377586548,  
717, 3360601.762743168, 92.92005977701352, 122.31892374235628, 104.38942016071654, 62.831626910218866, -0.232516620154, -0.970555310498, -0.0629159011383, -0.885276461868, 0.237987583863, -0.399559127025, 0.402767435891, -0.0372061714127, -0.914545839964,  
718, 275631.58295326453, 40.371986868305044, 76.48792441083603, 67.28149834502807, 12.786504606167608, 0.179792989794, -0.982690247277, 0.0446582436669, 0.607818888484, 0.0752823953374, -0.790499057403, 0.773453734636, 0.169270312987, 0.610832940761,  
726, 912242.9584215493, 60.16454502164188, 119.34244374046972, 53.493530648922885, 34.113456114031635, -0.670181179975, 0.741573534721, -0.0304282534481, -0.0220751806977, 0.0210629357899, 0.99953441118, 0.741869174723, 0.670540860304, 0.00225438661818,  
730, 1273257.7392150757, 67.23714099628971, 143.3547218686266, 87.68982329197547, 24.180569099561342, 0.0400232874236, 0.176797911702, 0.983433086123, -0.946627780543, -0.308331170386, 0.0939560241408, 0.3198343033, -0.934705508589, 0.155021387705,  
732, 683530.7777770096, 54.64576226867084, 118.04623588239605, 51.211435909056604, 26.99295115432188, -0.987611183938, -0.156817021326, 0.00570711689721, -0.0138406090055, 0.123278537303, 0.99227558661, -0.15630926685, 0.979903476911, -0.123921705258,  
759, 805989.795476662, 57.73160674813169, 95.03678034702986, 87.63120115897752, 23.104174420552084, -0.806006118181, -0.336299959021, 0.4870898018, -0.58984749562, 0.387758388226, -0.708324335507, -0.0493362885372, 0.858222447808, 0.510901321892,  
767, 1256903.7537258225, 66.94803039770875, 111.55572304939967, 93.252782951657, 28.844283613791657, -0.511663788949, 0.857417958021, 0.0550873156054, -0.725418405177, -0.396756747747, -0.56245197177, -0.460400156938, -0.327747659609, 0.824992828522,  
771, 157154.93050781204, 33.476994982356345, 73.08785633176687, 36.00590599357411, 14.256746719694585, 0.191991730964, 0.396959009877, -0.897531458902, 0.873951262393, 0.346915104564, 0.340380817891, -0.446484452365, 0.849749053958, 0.280317996378,  
787, 2958412.973107622, 89.0546763542043, 112.7328414289348, 94.62403365125927, 66.20919051418635, 0.413936667316, 0.462437839941, 0.784096728499, -0.420629096271, -0.66671987206, 0.615268864457, -0.80729647517, 0.584496241554, 0.0814649911783,  
791, 394354.8395536854, 45.49177214194718, 130.79010373667717, 49.22521320400102, 14.622986381086937, 0.422903520429, 0.878099372936, -0.223817121011, 0.336501254015, 0.077153698637, 0.938517028526, 0.841379532943, -0.472216897237, -0.262852969375,  
804, 1896273.3377429487, 76.78400776116455, 140.36098971169247, 101.03157819222443, 31.923372868648876, -0.187279463862, -0.858959523268, 0.476565776995, 0.0360086545979, 0.478820518293, 0.877174035215, 0.981646463453, -0.181437175486, 0.0587432731654,  
824, 738000.5082824084, 56.06037741215498, 141.78449085591714, 66.2141292548763, 18.766731970386726, 0.162019436273, 0.209860898501, -0.964213724, 0.796544831622, 0.548947488491, 0.25332387589, -0.582465478364, 0.809082849997, 0.0782234514315,  
829, 1911362.429503471, 76.98713272612758, 110.98370908362234, 77.36394372415297, 53.14428892976855, -0.901115221256, 0.263293866934, -0.344481781311, 0.0990120897472, 0.898473004487, 0.427718208978, 0.422123162245, 0.351315527471, -0.835696976214,  
859, 819934.0954371383, 58.062640057931496, 139.32836655318923, 82.31795598107485, 17.06696167310891, -0.818992739164, 0.118457630648, -0.56144339246, -0.0476526043949, 0.961037591213, 0.272279227209, 0.571821757622, 0.249748949981, -0.781437994657,  
891, 370928.1490935009, 44.57250691676596, 114.75420519814564, 72.46684803423092, 10.64861687315749, 0.396017486044, 0.47264459427, -0.787259320844, -0.26419000181, 0.879749980306, 0.395276631101, 0.879416734939, 0.0514495836576, 0.473264351763,  
928, 1031531.6532257738, 62.680336108944104, 90.20789287335081, 55.83093466126246, 48.89613290012159, -0.607540038907, 0.78227106965, -0.137648373451, 0.728871912609, 0.480197725742, -0.488012171162, 0.315659367254, 0.396814966679, 0.861914755695,  
933, 291823.6050114026, 41.14754570360877, 60.0842637489507, 36.05272978302274, 32.161249371998544, -0.312056972774, -0.650202615873, 0.692717116906, -0.204100541037, 0.757983276403, 0.619519428139, -0.927881142653, 0.0519414189741, -0.369240672331,  
941, 3360235.7083793324, 92.91668587447737, 142.182290765736, 108.91312682909162, 51.8030582704759, 0.781323170247, 0.514570758063, 0.353201130494, 0.556728869595, -0.318812749328, -0.767079785046, 0.282111803007, -0.795974475604, 0.535572184483,  
977, 2060270.116358845, 78.93661848308493, 141.3920517959138, 64.88325034806249, 53.61396905474273, -0.875089455352, 0.0956973389528, -0.474405379869, 0.41477614718, -0.35676808226, -0.837064682812, 0.249357560266, 0.92927851304, -0.272511013246,  
980, 274222.1288134654, 40.30305459891862, 89.62143350854235, 78.25426945618052, 9.334562352166753, -0.172559667107, -0.931106658268, 0.321346467566, -0.406159948521, -0.229952834359, -0.884395720358, 0.897361274797, -0.28312909582, -0.338497647842,  
1042, 526012.4580767687, 50.076712144248106, 126.0830474998473, 50.153003286261004, 19.85883551163229, 0.548144848516, 0.588864281392, -0.593949562796, -0.517361108175, 0.796701281847, 0.312417271051, 0.657171749845, 0.136036486294, 0.741363180636,  
1056, 1882914.1090883177, 76.60326844340705, 138.8233553656403, 67.39683964395644, 48.04407443148072, -0.0607070101308, -0.863514311359, 0.500657261007, -0.98939107641, 0.118380601054, 0.0842100422428, 0.131984684117, 0.490233686492, 0.861539886359,  
1154, 1006952.6071788814, 62.17848562501192, 129.67471727621336, 52.25037770141747, 35.479351854902546, 0.0584657016286, 0.317052013518, 0.946604343143, -0.650531422293, 0.731351674408, -0.204776944379, -0.757225613897, -0.603823441963, 0.249011286076,  
1165, 1067419.1176118117, 63.39895835793752, 126.02916720293486, 63.23460418679779, 31.97573209490663, 0.0846569093935, 0.118547286202, 0.989332981673, 0.773905702039, -0.633227263168, 0.00965388688942, 0.627617058439, 0.764833167505, -0.145351483797,  
1181, 472461.826154113, 48.316192731517624, 126.50422571127262, 60.1516545873553, 14.822638062928652, -0.285235609082, 0.187675780401, 0.939903425232, 0.93824645688, -0.145648767424, 0.313815268431, -0.195791300787, -0.971372347763, 0.134541921115,  
1199, 1609944.711467819, 72.70664711335854, 127.08263006975804, 95.56820103551657, 31.646285895529978, 0.551669907693, 0.311177341289, -0.773840406812, -0.772003521026, 0.541693192853, -0.332534281451, -0.315706947135, -0.780856675124, -0.539065836838,  
1259, 613781.0448991229, 52.719945702787044, 133.26696705707843, 87.91766310359193, 12.506224288332982, 0.218701305473, -0.406933271825, 0.886890664776, 0.701756207133, -0.565942645761, -0.432720634427, 0.678017672878, 0.717017596709, 0.161795553941,  
1261, 1269692.2990557014, 67.1743220523906, 109.35983508852048, 99.0317373899469, 27.988371593105473, 0.632891786096, 0.61818352219, 0.466151391701, 0.382421524304, -0.773101580564, 0.506031346735, -0.67320261797, 0.141996757085, 0.725696325012,  
1281, 3394064.4854693883, 93.22745458266223, 158.7917857444135, 75.9531850665326, 67.1827004892018, 0.171992174436, -0.886792688336, -0.428972516424, -0.742343955779, 0.169581931666, -0.648203224129, -0.64756786768, -0.429931036757, 0.629138427042,  
1292, 1822709.2924146873, 75.77796405333034, 122.28979538303835, 85.4109741339915, 41.6605409568416, 0.0932663007655, 0.638349664662, 0.764075325323, 0.697162194952, -0.589757337101, 0.407616433998, 0.71082084316, 0.494667553981, -0.500037738544,  
1294, 675014.4428551162, 54.417863296549505, 115.88709305546848, 68.95904399726346, 20.16499667947414, 0.508451280089, -0.0976068802635, 0.855540877282, 0.731877493626, 0.572465722058, -0.369646224642, 0.453687811276, -0.814098209059, -0.362507208076,  
1296, 2002376.8726219938, 78.19021435800535, 123.62741567695774, 81.70152887514267, 47.32735536341474, 0.900807827077, 0.43024885564, 0.0585762827196, 0.36871541673, -0.686678909267, -0.626514977501, 0.229334254185, -0.585967574007, 0.777205122262,  
1307, 4383361.333820727, 101.52497417289477, 139.90134217303682, 103.25997994178942, 72.43771556070007, 0.84619718125, -0.110820077234, 0.521218995171, -0.248883153252, 0.782697039777, 0.570475696197, -0.471176725309, -0.612457553146, 0.634734778566,  
1343, 403350.7447308548, 45.83508959505855, 128.57055399016048, 66.87420288738502, 11.19938359666886, 0.666061075496, -0.0365033863301, -0.745003454015, 0.535928654237, 0.718111973632, 0.443954582017, -0.518790055106, 0.694969564882, -0.497869644195,  
1368, 255966.57648208362, 39.38808654686447, 139.96067175364612, 101.94581311477782, 4.282715627387741, -0.730987452358, -0.64975121245, 0.208520278187, 0.115555509045, 0.183295914394, 0.976242558023, 0.672535700781, -0.737716727265, 0.0589046813829,  
1402, 1778079.122361957, 75.15435601898191, 113.00958907150319, 87.19486190848926, 43.078074538467774, -0.938047070744, 0.183897848952, 0.293682267457, 0.182404943567, -0.458545784793, 0.869749504059, 0.294611828734, 0.869435071986, 0.396593653467,  
1404, 2375153.730342028, 82.76899939753292, 115.43555737169754, 73.50360960194848, 66.82744296167033, -0.442601251668, -0.487271339021, 0.752775380967, -0.867047665644, 0.446709042534, -0.220634033685, 0.228762928648, 0.750345036291, 0.62020145839,  
1407, 1598056.0579201374, 72.52723710244662, 110.07140806259497, 84.06169860590927, 41.23165021855389, -0.689533133067, 0.664398453671, -0.288303231275, -0.370624060783, 0.0183046088719, 0.928602577459, -0.622239394423, -0.747154358921, -0.233620418572,  
1408, 841830.0232128262, 58.57495096676739, 107.53575856605477, 70.83069113066777, 26.385262469312874, 0.558824913062, -0.755663688582, 0.341594944779, -0.711913660861, -0.648401580611, -0.269730105367, -0.425315948467, 0.0924542049874, 0.900310259833,  
1418, 2150574.534307925, 80.07346644172549, 109.97251229629596, 92.74586409114603, 50.336984061014846, -0.994092013308, -0.0999293104238, -0.0423698241224, 0.0261609838448, -0.599442445088, 0.799990223659, -0.105340742366, 0.79415545578, 0.598515196176,  
1425, 2460818.593248, 83.7523490423885, 149.90334303408713, 86.72194270185615, 45.190867034839336, 0.0464847601977, 0.330969292304, 0.942495885732, 0.49667708366, -0.826278319808, 0.265661462734, 0.866689703202, 0.455766898498, -0.202794212436,  
1431, 2717711.2553212903, 86.57082731940518, 115.92817729059693, 90.5160967596368, 61.83008991553461, -0.702228907738, 0.388138155629, -0.59684447998, 0.711731729476, 0.403535406884, -0.574975756574, -0.0176778503874, 0.828557751479, 0.559624468791,  
1435, 1912126.568130561, 76.99739085458107, 97.51127651600706, 88.01011064596946, 53.19130160687455, 0.252044652484, 0.933862540953, 0.253720806714, -0.955301326533, 0.198245965577, 0.219312363211, 0.154508474456, -0.297656331594, 0.942086959672,  
1482, 1105289.3253175572, 64.14002459624317, 135.58926472213284, 48.82809731660707, 39.85586684914118, -0.941650965663, -0.319511959162, 0.10585634992, -0.335150779257, 0.860984522708, -0.382595879253, -0.0311032800356, 0.395749617322, 0.917831589324,  
1495, 3101650.4469666253, 90.46933835347455, 124.55784128677017, 89.84948554503646, 66.16336345086502, -0.358887142231, 0.298251251463, -0.884446838505, -0.179922623667, 0.907695693165, 0.379099430364, 0.91587546568, 0.295185906863, -0.27209816566,  
1524, 506794.84759745776, 49.459288049136504, 118.7091843279702, 63.320421179984855, 16.095907433895988, 0.809460271339, -0.578059361987, -0.103060385906, -0.484582869282, -0.558539920083, -0.673210665745, -0.331592388216, -0.594878585673, 0.732233539511,  
1544, 883099.817076696, 59.5169127071101, 113.91165906728398, 81.25782238542664, 22.77654408932672, -0.0577129496765, 0.919873100217, 0.387946768173, -0.835602978365, -0.25715039716, 0.485429022399, 0.546293765282, -0.296153934192, 0.78348961019,  
1551, 2300087.864288582, 81.88768729218889, 116.29950816798029, 83.757126139714, 56.37105614679031, -0.180112513838, -0.29927913431, 0.937011996788, 0.194910142775, 0.922843589268, 0.332219424463, -0.964141856058, 0.242470017762, -0.107883139944,  
1616, 603251.0255890886, 52.41671741569665, 107.76315660216751, 52.6973250249636, 25.36007799318074, 0.151188733674, 0.983002249713, -0.104156343396, -0.365779027646, 0.153521767202, 0.917952487839, 0.918339626579, -0.100685868198, 0.382772368648,  
1630, 294759.25905923214, 41.28506274306057, 123.15502944363917, 52.091713844585385, 10.96877298688081, -0.20881647013, -0.95724421729, 0.200197877778, -0.96142427629, 0.238419132568, 0.137184832202, 0.179050391687, 0.163828647341, 0.970103670515,  
1653, 3062305.528085584, 90.08517011911871, 125.43867449302381, 114.67861059650376, 50.82133045690979, -0.113586370716, 0.595502345859, 0.795283026641, 0.98510386846, -0.0365139954232, 0.168038973109, 0.129106563477, 0.802523323159, -0.582484172362,  
1676, 402134.42350912414, 45.78897065598361, 108.59949039172994, 74.7024407660858, 11.833686582745392, 0.896099664543, 0.292670326122, 0.33369068224, 0.31112446547, -0.95036715151, -0.00196069295672, 0.316554826519, 0.105576311445, -0.942680584434,  
1687, 420209.83910534263, 46.46499227257635, 105.20973497274561, 76.92949316100093, 12.394494241027887, -0.892304880896, 0.365523698825, 0.264923432574, 0.423933685394, 0.47679072176, 0.770033011002, -0.15515227977, -0.799414181286, 0.580400496934,  
1711, 1104379.5718790116, 64.12242207852248, 111.7637788190179, 87.92608378609275, 26.829399236616194, -0.840055397276, 0.497507126629, -0.216318257343, -0.306693655062, -0.106615365644, 0.945818251967, -0.447488470747, -0.860883164408, -0.242145092428,  
1720, 1443484.2168190505, 70.10911367733878, 108.27362828377706, 81.94973480517636, 38.83767180611009, -0.313198013153, 0.947185783722, 0.0688919129657, -0.595987028832, -0.139554457411, -0.790774313493, -0.739396014339, -0.288727630358, 0.60821861978,  
1771, 599947.182183514, 52.32085144309767, 133.94505033969222, 87.353970801795, 12.240948972402771, 0.634292525859, -0.130625709368, -0.76197763464, -0.544392516763, 0.624349475311, -0.56020042875, -0.548916914779, -0.770145867178, -0.324908547037,  
1790, 5902248.402728759, 112.10964000385798, 141.71105098609314, 110.42124124335368, 90.04768046775128, -0.223043359083, 0.328959528289, 0.91762589802, -0.803835549009, -0.5945861583, 0.017768244331, 0.551452690734, -0.733657228619, 0.397047857036,  
1796, 2814114.6215648707, 87.5825779849051, 137.0759280239, 98.57445472104446, 49.71959646924798, -0.711230016719, 0.664235239003, -0.230094351484, 0.674708591837, 0.736903075811, 0.0417393454822, -0.197281979457, 0.125560360494, 0.972272809686,  
1808, 2308306.922036294, 81.98510959161732, 130.20763310942488, 80.57206434024938, 52.52717076164872, -0.0150578962653, 0.632222770204, 0.774640322082, -0.175684144995, -0.764348618838, 0.620408147978, 0.984331418252, -0.126749981129, 0.122580999043,  
1832, 1206730.5324973026, 66.04509420860406, 126.95935255649692, 93.52067337456866, 24.26327205322145, 0.683677900552, 0.129440754647, 0.7182127953, -0.235660181802, -0.892262967284, 0.385137736305, -0.690687199106, 0.432564316893, 0.579516440441,  
1837, 3209425.851466159, 91.50529926893026, 141.67983104895777, 103.61227053465211, 52.19387198527619, -0.225804151937, -0.102781350288, 0.968735505182, 0.286737802782, -0.957378998642, -0.0347402563985, -0.931017678363, -0.269928596098, -0.245651451419,  
1848, 2183304.2055659154, 80.47763661976649, 127.06463581311922, 70.13093419426627, 58.491306469525185, 0.86653362425, -0.401423204453, 0.296612354717, -0.41729226017, -0.256625175445, 0.871785919208, 0.273836899717, 0.879205852036, 0.389885139623,  
1870, 2516290.515942764, 84.37699553856257, 135.43165778700728, 99.23468988025759, 44.698037961609224, 0.584228786988, 0.388809326392, -0.712393172458, 0.722380077179, -0.64921460768, 0.238091195279, 0.369923976715, 0.653718365113, 0.660157973947,  
1880, 2500065.857268459, 84.19525435097708, 104.28197391210502, 86.1189829791449, 66.45913803553123, -0.716630968295, 0.616785689262, -0.325600167079, 0.653487126401, 0.430668270245, -0.622478446721, 0.243710137064, 0.658862849557, 0.711691727201,  
1895, 1618359.916702134, 72.83310661292093, 111.63842929550432, 85.63168638201826, 40.41460045679948, 0.41667004345, 0.856364166586, -0.305002441103, 0.685235007764, -0.516347911127, -0.513651456544, -0.597360074851, 0.005024824619, -0.801957412904,  
1909, 2451667.611924558, 83.64840420485064, 146.55128124915805, 101.32385612164052, 39.41591849773233, -0.776705702508, 0.615384046622, 0.134278542049, 0.0346332261195, -0.171138561489, 0.984638071791, 0.628910797602, 0.769424504376, 0.111611561791,  
1911, 1946797.9777569827, 77.45998806154493, 125.87635346341477, 67.39163548740827, 54.78758125349045, 0.127755307518, -0.00377219174987, 0.991798544045, -0.857344397739, 0.50233338031, 0.112346600713, 0.498637308137, 0.864665799946, -0.0609416880143,  
1920, 2345734.015884617, 82.42584070851439, 140.72010192195324, 71.94990624354627, 55.31001586147433, 0.0696443228947, 0.985367242284, -0.155566918471, 0.769639314186, -0.152288861633, -0.620051150052, 0.634669200724, 0.0765473739366, 0.768983423226,  
1924, 2191584.7362519875, 80.57924970623812, 122.92753971527743, 87.65444632718787, 48.55640411218241, 0.325761090328, 0.936415337671, -0.130407160088, -0.331795234555, 0.242387695764, 0.911679838139, 0.885320074524, -0.253721343833, 0.389658626658,  
1948, 1668566.810501607, 73.57862434389624, 110.24022563880419, 103.07318872433297, 35.05655099278086, 0.287774477893, -0.605502888553, 0.74199198232, 0.0974612494513, 0.789259487955, 0.606276146263, 0.952726169856, 0.10215533577, -0.286141805133,  
1991, 1879114.8278234503, 76.55171124465889, 153.62092122989316, 72.90179970650577, 40.056785543150305, -0.842040283759, 0.321111269512, -0.433423249399, 0.525841431794, 0.667766123688, -0.526857848631, -0.120245370541, 0.671547434399, 0.731139586,  
1996, 2373256.961401075, 82.7469607571206, 132.0350906650712, 93.98600891509672, 45.656601201669574, -0.630261226582, 0.600477895068, -0.492135229181, 0.106151806616, 0.694577930703, 0.711542895497, 0.76909204925, 0.396216854405, -0.501507351956,  
1997, 1314564.3847500018, 67.95651269151783, 133.04142622132156, 67.8474207295483, 34.767464376003105, -0.366318602987, 0.824483866552, 0.43132010723, 0.929926971713, 0.340505349776, 0.138895406888, 0.0323497818603, -0.451976172568, 0.891443229288,  
2019, 1177629.8494274106, 65.50986915007437, 126.5423950752056, 63.86004543155396, 34.79003956264845, 0.755006341879, -0.367352601514, -0.543155125065, -0.479610667728, 0.255480103355, -0.839466213847, -0.447145425029, -0.89430530746, -0.0167028717534,  
2051, 1603725.7230933744, 72.61290781599617, 128.28948114293306, 80.49676573290137, 37.07421856558099, -0.943615181125, -0.320240701502, 0.0838825551112, -0.183638332399, 0.71719061144, 0.672245929505, -0.275440289036, 0.618937411992, -0.735560417105,  
2067, 2216181.7289010994, 80.8795861293609, 124.65742520745083, 100.50865806884178, 42.22747698037323, -0.749122818778, 0.623321154609, -0.224244822914, 0.49538340273, 0.75187886082, 0.435055700977, -0.43978436385, -0.214822989622, 0.87203256616,  
2068, 1572397.4396488573, 72.13697161418406, 112.02504913949973, 65.74074044567648, 50.97109743827015, 0.338441979166, 0.0146274120119, -0.940873565128, 0.502072192745, 0.842853624401, 0.193704107099, 0.795852084254, -0.537944055318, 0.277913031966,  
2070, 1526121.0165639555, 71.4222380046656, 100.91145471078984, 83.31665755729722, 43.33392806846602, 0.550374651194, -0.552347580349, 0.626098948894, 0.0477989926313, 0.769508013472, 0.636845878927, 0.833548438681, 0.320576929434, -0.449919362428,  
2111, 764243.8138167358, 56.71715537989621, 135.64885132696463, 87.69012830353805, 15.338274177422528, -0.981593289935, 0.154140752999, 0.112761879287, 0.179915662248, 0.548250326796, 0.81673247373, -0.0640700213303, -0.821986744074, 0.565891177643,  
2115, 2285608.952496091, 81.7154994944788, 117.58233311483443, 102.92020550093571, 45.08899975207062, 0.459156230108, 0.666684377016, 0.587117959013, -0.219155881908, -0.555469145728, 0.802137598901, -0.860898516538, 0.496976830031, 0.108939316295,  
2152, 2285542.1018180447, 81.71470280091756, 111.56689748958475, 86.10117197040894, 56.80102821888552, 0.813151602217, 0.577762837537, 0.0705306697335, -0.156871561835, 0.100849423952, 0.982456465588, 0.560513857901, -0.80995030542, 0.172640429364,  
2158, 3744153.705110991, 96.32854930818272, 129.3650574135999, 107.37279532613098, 64.35077988345401, 0.194200435992, -0.0122802596971, 0.980885001355, -0.712120498398, -0.689467872552, 0.132357275889, 0.674663313381, -0.72421215672, -0.142639986108,  
2165, 2996107.7057784055, 89.43131240849995, 140.66252094400915, 78.19889873279486, 65.02641011321064, 0.473840048749, 0.769723462241, 0.427786628914, 0.692944874405, -0.625682845693, 0.358257418125, -0.543417895581, -0.126675839376, 0.829849517973,  
2170, 1674465.259529035, 73.6652234864265, 139.04433688626236, 82.85419006955061, 34.699223059761046, -0.963263181681, 0.258145916903, 0.0740589522204, 0.0343220628457, -0.155170310182, 0.987291330277, 0.266356976292, 0.953563244061, 0.140609746305,  
2189, 3177273.302795669, 91.19870148665291, 118.931074387488, 108.36066674837097, 58.857112700244926, -0.168655378183, -0.234945770158, 0.957264774498, -0.954055311522, -0.205102763989, -0.218429207665, 0.247656669539, -0.950122803267, -0.189559575712,  
2201, 1651087.6558412667, 73.32079642699264, 120.97601292142777, 68.40413778163465, 47.63211665972961, 0.402588959731, 0.51090009105, -0.759541458031, -0.374144987726, 0.849119866864, 0.372841762489, 0.835426632124, 0.134076652188, 0.532996992183,  
2202, 1585059.920479657, 72.33009326750273, 140.8634400818549, 54.45197374861798, 49.333866991685056, -0.721084849222, 0.101185655869, 0.685418195898, 0.0150717747833, -0.986753253666, 0.161526647911, 0.692682814734, 0.126804887235, 0.710007773722,  
2210, 273772.51527157944, 40.28101563871045, 98.44171118612825, 50.78857239055503, 13.072422534835956, -0.686527647933, -0.167681947371, -0.707504454508, -0.060102728716, -0.956627617197, 0.285046073498, -0.724615381167, 0.238214958686, 0.646673165389,  
2212, 2688425.4165450656, 86.25874352373708, 115.16107374030126, 89.99558142433055, 61.927349235667556, -0.587219885523, 0.145146602187, 0.796307271045, 0.778429437541, -0.168380444218, 0.604727737726, -0.221856748412, -0.974977174029, 0.0141100427237,  
2217, 707890.7284855144, 55.287362418750845, 115.40610699719414, 53.46468758877261, 27.38935407082454, -0.785037010792, 0.586671343803, 0.198830646649, 0.601282936348, 0.798857180198, 0.0169126019244, 0.14891515082, -0.132830493512, 0.979887921065,  
2227, 1829148.857031852, 75.8670994144543, 133.01433889907122, 96.13502832891304, 34.14918330817873, -0.980338190905, -0.0803150961915, -0.180240164161, -0.0806630871498, -0.670503347388, 0.737508459282, -0.180084696253, 0.73754643682, 0.650841574971,  
2237, 1362406.0378537537, 68.77110197476885, 100.842793294882, 79.68770067402866, 40.47452751456401, -0.662137580905, 0.686948633409, 0.299458509667, 0.335288346382, -0.0858068612895, 0.938199822712, -0.670190680877, -0.721622309532, 0.173509923786,  
2240, 3407245.317205207, 93.34798147315458, 126.63687256641376, 102.44481245627426, 62.69958202205649, 0.628374010955, 0.37693198929, -0.680491276804, 0.73589193356, -0.571638611759, 0.362894419449, 0.252208573362, 0.72880146336, 0.636584057707,  
2241, 982497.383314312, 61.670991540642284, 123.22142159776048, 79.84218470344632, 23.840983448691077, -0.816754153296, 0.392863311908, -0.422576704552, 0.576958412378, 0.548952181517, -0.604789626891, 0.00562525200591, 0.737773624199, 0.675024766935,  
2244, 2153815.751758866, 80.11367356409166, 103.34147499417219, 88.60689772217184, 56.1536191463477, 0.927063071998, 0.264146422327, 0.266046477347, 0.244705511221, -0.963962700409, 0.104379715453, -0.284030409138, 0.0316635404143, 0.958292307646,  
2253, 1313722.8716279988, 67.94200889982154, 121.69678766586584, 58.494344396311845, 44.057734273046144, -0.493865527048, 0.0137038439091, 0.869430299596, 0.251568823694, 0.959367440138, 0.127778095729, -0.832352069823, 0.281826754346, -0.477245966349,  
2259, 2015581.2196213338, 78.36170880737424, 158.7282792314333, 74.21192714592445, 40.8492113367046, 0.844591593598, -0.507165890489, -0.171603611699, -0.197602639991, -0.593148064258, 0.780466892658, -0.497612536711, -0.625266449917, -0.601185187706,  
2261, 2868879.7169363457, 88.14707594165317, 146.48500876973577, 98.41481801832191, 47.508361843500744, 0.130244464364, 0.747794783484, 0.651029447334, -0.366447722564, -0.57382237187, 0.73242334218, 0.92127761621, -0.333962344187, 0.199290507888,  
2275, 2213262.1500931373, 80.8440538303747, 115.65139090684234, 77.72503970152276, 58.7803861661257, 0.594178137684, 0.117711732553, 0.79567348122, -0.253921047641, -0.91119458478, 0.324420298736, 0.763201442781, -0.394801692862, -0.511522415003,  
2281, 108491.07709917717, 29.58705941623321, 110.43397354708974, 68.63151398078756, 3.4172687364327614, -0.239416620096, -0.957755784405, -0.159322124829, -0.120689217687, -0.133464684989, 0.983677432187, -0.963386627869, 0.254737188685, -0.0836371325733,  
2283, 1962819.3940091839, 77.67189668159226, 104.53151535415479, 91.06065108532171, 49.22817476463659, -0.669048513328, 0.148259326129, -0.728281030255, -0.327974751336, 0.820432750977, 0.46831897635, -0.666938264984, -0.552185904691, 0.500283996706,  
2295, 1521478.8314070415, 71.34974659323525, 138.42560270039658, 86.64304000722481, 30.284973650478275, 0.880141210557, 0.322453796665, -0.348389148073, 0.385095945786, -0.0558463288572, 0.921185269146, -0.277583432535, 0.944936366413, 0.173328305285,  
2327, 1522380.0879919915, 71.3638319543043, 113.06139945976493, 87.9206077139044, 36.561958178431674, -0.363502250413, -0.931586195162, 0.00364347762001, 0.187952779402, -0.0695069194602, 0.979715540788, 0.912436226078, -0.356813605586, -0.200360136277,  
2331, 2611125.3497450063, 85.42396074148662, 129.79863014477593, 73.20601946539627, 65.60277488985697, 0.428239211712, 0.0914580629442, -0.899025361308, 0.733928708794, 0.545226694715, 0.405063577451, -0.527218956374, 0.833284629699, -0.166363751904,  
