# Void_ID, Void_Volume, r = (a*b*c)**(1/3.0), a, b, c, vector_a, vector_b, vector_c 

0, 3278997.314370258, 92.16177218143979, 131.2739828517848, 88.14658051433152, 67.65008092150356, 0.0801971226365, -0.678371365328, 0.730329180729, 0.551821315752, -0.579953380503, -0.599289005343, 0.830097378024, 0.451072463298, 0.327829187004,  
6, 2423749.3634017613, 83.32967721924003, 119.15687865345313, 94.98881941538195, 51.12195932859214, -0.378270839891, 0.827145798333, -0.415621221774, -0.480167826113, -0.559182208971, -0.675835864642, -0.791422788688, -0.0560810616012, 0.608691123704,  
9, 1357663.2560450179, 68.69120764631595, 101.82775493990061, 77.34663260019195, 41.15246702146758, 0.719790416076, -0.661232064161, -0.211362045434, -0.558466830952, -0.732415879511, 0.389463449076, 0.41233063875, 0.16229336636, 0.89646210605,  
10, 708912.9479941224, 55.3139619283231, 114.11880525716877, 56.311710156779206, 26.335912234946505, -0.509203934878, 0.698069289387, -0.503399066268, 0.846385928174, 0.512205335049, -0.145864852984, -0.156019913132, 0.500344843045, 0.8516529955,  
47, 536533.4727605646, 50.408379638625775, 101.66015671198069, 70.22794000308576, 17.941035598736526, 0.548673052776, -0.704031789734, -0.450884819218, 0.19976997923, -0.413285263266, 0.888418396121, -0.811818844667, -0.577524484512, -0.0861140710513,  
48, 641354.894968119, 53.4978835993414, 137.67350461145963, 56.50588065787992, 19.68184415208776, -0.527017627208, -0.789838713445, -0.313699262599, -0.797079187612, 0.331334830076, 0.504858395052, 0.294817213351, -0.516112426823, 0.804183296015,  
50, 1930035.080722657, 77.23702390420439, 154.70092763229673, 82.69029026536175, 36.01879332514742, 0.454766131974, 0.556924611507, -0.694998375759, 0.510578498717, 0.476359673568, 0.715814960758, 0.729724168338, -0.680379628219, -0.0677214858646,  
58, 583515.429886076, 51.83875688485905, 106.62203186934077, 48.307933150484565, 27.045706086377702, 0.100225953362, 0.634079850816, 0.766744743094, -0.274782916544, -0.723013758312, 0.633833932562, 0.956268323771, -0.274214966917, 0.101769567508,  
66, 1062825.9646132072, 63.30789141083751, 127.80569001211347, 83.2487716097348, 23.847646366009382, 0.186729509431, -0.620426982051, -0.761710214091, 0.378746520798, 0.760874126146, -0.526898127863, 0.906467408841, -0.190107664508, 0.377062213175,  
94, 588504.228731135, 51.986070671126754, 88.47598503037501, 58.21641420248426, 27.27659278921697, 0.708621996087, 0.0122478968962, -0.705482002381, 0.325010639772, 0.881795903775, 0.34176610148, 0.62627705586, -0.471472133967, 0.620879276668,  
102, 717472.2456751664, 55.5356891514838, 135.3920830900946, 43.65884693935787, 28.976836127001476, 0.882772079789, -0.453269349449, -0.123532797242, -0.357574204689, -0.818800620524, 0.449117169534, 0.304719778298, 0.352295956092, 0.884891753852,  
109, 477445.74422007607, 48.48549186999472, 86.71730562057476, 40.876717999082366, 32.155378262750276, -0.197642161451, -0.755432204906, 0.624707739513, -0.979836356357, 0.171287430957, -0.102865595595, 0.0292966001105, 0.632441933925, 0.774053557213,  
120, 1200240.057299799, 65.9264720663507, 111.82770755338338, 83.24391702116024, 30.780635212545892, 0.301023217639, 0.338125031878, 0.891659399805, -0.341673771668, -0.834709818581, 0.431877937059, -0.890305597082, 0.434661916415, 0.135738580447,  
151, 2068317.1668983186, 79.03925579281905, 125.64578924705297, 86.52894803665579, 45.41707539941874, 0.624764808469, -0.451200632981, -0.637249498153, -0.686946049546, -0.705596015952, -0.173894759225, 0.37117928163, -0.546399351272, 0.750782052142,  
153, 453111.6987517923, 47.647365045004456, 114.42842484524755, 86.21542214602692, 10.964726093633836, 0.325369154813, -0.928364871321, 0.179648486753, -0.177052316877, 0.126813378549, 0.975997358659, 0.928863493838, 0.34936661649, 0.123107989577,  
158, 3714450.38752818, 96.07313979456407, 144.74315026814335, 89.99092817903046, 68.07837815157804, 0.0873523559525, 0.645247119439, 0.758963583293, 0.933297264229, 0.213385050295, -0.28883046393, 0.34831850725, -0.733568657432, 0.583567684455,  
159, 588689.4781295691, 51.991524825087815, 93.37130026077332, 80.97281653507764, 18.58852850087755, 0.161527611434, 0.951283123065, -0.262619973565, -0.459792665315, 0.308010360718, 0.832898746915, 0.873212193952, -0.0137854075447, 0.487145180487,  
260, 1359744.2578626475, 68.7262859457817, 121.9356175280437, 82.73677195319695, 32.176549468546916, -0.821752275453, -0.411870528515, 0.393809427932, -0.56983207777, 0.598564004513, -0.563038662656, 0.00382111663563, 0.68708354677, 0.726568371749,  
266, 2029429.7060604403, 78.54076636624468, 124.6053625286434, 72.60352906666087, 53.55387981758925, -0.0531957434644, 0.813656444112, 0.578907077027, -0.153580371997, -0.579496768957, 0.800372765719, 0.986703239183, -0.0463323399204, 0.155788420824,  
336, 1010586.8347680597, 62.253199322922754, 112.7223544445507, 66.56618664982958, 32.15298494603944, -0.807107463114, 0.589991948954, 0.0220690542657, 0.55469570111, 0.744959559134, 0.370604822452, -0.202213308554, -0.311359527596, 0.928528417669,  
341, 917619.4917314467, 60.282511861147114, 106.50696055547486, 86.53174901075153, 23.769527444102668, -0.377757925523, -0.0652225894, -0.923604332784, 0.0338170741126, -0.997822220016, 0.0566323471314, 0.925286634078, 0.00984027820259, -0.379140889013,  
350, 1286398.5918776286, 67.46766019366935, 123.04447112382347, 78.21085933333127, 31.91227642084396, -0.0212050570609, 0.316008629503, 0.948519315372, -0.922279581629, -0.372420455237, 0.103457130407, 0.385941341224, -0.872606182995, 0.299345503613,  
358, 1189445.043184631, 65.72822796324311, 148.0134976567461, 58.56380858524664, 32.75858525449986, 0.17346281929, -0.812505207476, 0.55654823524, -0.895167631033, -0.365681649838, -0.254856515166, -0.410591722608, 0.453995835661, 0.790760531722,  
362, 2668102.8520222064, 86.04084216387245, 139.69805448026526, 99.00114436383105, 46.0556997518116, -0.275094497792, 0.876380501277, -0.395322949328, -0.807160728333, -0.433917619111, -0.400258739394, -0.522316547623, 0.208980182806, 0.826748273221,  
371, 900682.656017205, 59.90932092165691, 115.7844586630033, 87.18986727621767, 21.299377187677862, 0.781010545605, 0.372559136655, 0.501220727174, -0.48757268755, -0.137764624599, 0.862144873304, -0.39025043499, 0.917725774894, -0.0740540349073,  
413, 859466.7092327847, 58.98118358081441, 101.27646373452214, 71.37342385236697, 28.385424309564414, -0.757979079006, -0.0128242579089, 0.652152784399, 0.640118143518, -0.20678340119, 0.739925257936, -0.125365378512, -0.978302695183, -0.164946532152,  
414, 3078378.9717948525, 90.24250831557691, 130.82331574773434, 92.28875618416704, 60.86947126804692, 0.143954409954, 0.432154074495, 0.890235914661, 0.841773193867, -0.526451853923, 0.119441766512, 0.520283593765, 0.732182560157, -0.439560781531,  
418, 418820.98771913187, 46.41374470486585, 106.17507234375076, 66.07091058879388, 14.253022459889763, -0.622231401069, 0.342939588315, -0.70371906489, -0.139858391345, 0.83577699305, 0.53095804755, 0.770238738246, 0.42879978621, -0.472083710217,  
419, 1737243.1780222543, 74.5745546588714, 113.19553301499481, 101.4445938114673, 36.11717797459394, -0.931002869951, -0.36403846706, 0.0266392688145, -0.0992631239567, 0.322737785529, 0.941268906325, 0.351255588375, -0.873679756142, 0.33660540005,  
460, 1066312.1851686859, 63.37703549888818, 131.672550277755, 65.25576044380728, 29.626589537949794, 0.538934099928, -0.837642047829, -0.0889147661717, -0.747770528352, -0.42715485454, -0.508308928872, -0.387800558099, -0.340432856746, 0.856572353737,  
470, 529194.3130230182, 50.177480754311524, 132.8339295306561, 95.96830287977933, 9.910366693447044, 0.779589374654, -0.617379698357, 0.105274474511, -0.571169251666, -0.769813668665, -0.284872956751, -0.256916509549, -0.161954387383, 0.952766856859,  
490, 1864113.8069657253, 76.34746202331975, 125.14632624629368, 101.11246413553671, 35.16908054609092, 0.65801312996, 0.680479416191, 0.322438342851, 0.39873679135, -0.678115569523, 0.61738824543, -0.638770453312, 0.277681541539, 0.717541127368,  
500, 726318.4222986234, 55.7630025375203, 110.47942373059703, 58.60366022306574, 26.781340331879566, -0.441480521801, -0.1213748637, -0.8890236731, -0.893254892112, -0.0341852909321, 0.448248885779, 0.0847976803256, -0.99201789719, 0.0933265507008,  
507, 1078280.9133160796, 63.61327713638975, 94.46610772343799, 85.20404189128433, 31.982108312600502, -0.296172390679, -0.688645284376, -0.661853146329, 0.95436319687, -0.18552348834, -0.234034022601, 0.0383771215724, -0.700962700563, 0.712164650175,  
511, 838945.8731992953, 58.50798089759549, 110.9155351798042, 74.29561413476259, 24.304672685302084, 0.185751285698, 0.977523161685, -0.0997242609947, 0.317120010702, 0.0364204365666, 0.947685839618, 0.930016859349, -0.207658421861, -0.303227012577,  
516, 1686250.2121223225, 73.83763921084697, 144.47037564777156, 64.14964528185793, 43.43705239718739, -0.989231253347, 0.0750631055054, 0.125646558221, 0.143442428827, 0.326641380161, 0.934200020541, -0.0290825895153, -0.942162904682, 0.333891096061,  
520, 1082634.2037687195, 63.698769771799896, 132.749054524023, 57.51222180420673, 33.85334227981956, -0.105526801404, 0.267179475964, 0.957851356845, 0.974616078046, -0.163471900941, 0.152972017103, -0.197452765489, -0.949679980428, 0.243146746173,  
523, 2049253.2045626948, 78.7956673114873, 145.9189735948824, 64.43235468288957, 52.03448307462589, 0.0565842647941, -0.976750097991, -0.206778787725, 0.39702990362, -0.16801635593, 0.902295827194, -0.916059756025, -0.13315310817, 0.378291915292,  
551, 996670.9975494678, 61.96613428394046, 116.44232937208722, 68.15253918234195, 29.982668677954027, -0.2321973714, 0.699818505008, -0.675528267923, 0.969895301263, 0.218994794782, -0.1065100204, -0.073399491158, 0.679923039694, 0.729600695443,  
552, 1764424.1611996118, 74.96147594563469, 123.03892043760446, 88.56858597385735, 38.65379721033459, 0.601753411191, -0.798566702294, 0.0135666542233, 0.313385998016, 0.251705384372, 0.915660207569, -0.734630552296, -0.546750053923, 0.401724196642,  
607, 2093093.3054044687, 79.35360471327192, 108.5908830912726, 81.28289414496702, 56.61186414104334, 0.223619681416, 0.95901069956, 0.174048028466, 0.447954362228, -0.259715514205, 0.855502624801, 0.865639143896, -0.11334165082, -0.487670526836,  
609, 418046.0464947611, 46.38510070041851, 107.11841015340536, 92.42469766767336, 10.080529721224295, -0.116107866848, -0.767043165889, 0.631002175051, 0.0468036033468, 0.630367935037, 0.774884306971, 0.992133250108, -0.119503339449, 0.0372902921807,  
614, 1789758.3012403261, 75.31854562982922, 129.58041794526372, 82.60660601921128, 39.91642340672405, -0.22746668938, -0.938225542722, -0.260752250627, 0.75188580757, -0.339379914938, 0.565233585088, -0.618810663771, -0.0674841042124, 0.782636095565,  
655, 122954.18312002851, 30.847376428546678, 96.14331656403633, 30.161990920047575, 10.122215873239728, -0.0022699881932, 0.76964799674, 0.638464414253, -0.997041989294, 0.0473085068239, -0.0605737300094, 0.0768252480553, 0.636713331332, -0.767263979974,  
665, 686658.7395810853, 54.72899177255119, 116.9042623787651, 94.681373311929, 14.810081488872337, -0.755971736491, -0.270832524164, -0.595950062909, -0.523353614103, 0.796909341162, 0.301722548997, -0.393201892457, -0.539986338552, 0.744182118802,  
684, 2125859.2818323593, 79.76553849445595, 104.62338473476584, 80.84321533160985, 60.003082289205686, -0.0959761906232, -0.501756913456, -0.859667709427, -0.994934911965, 0.0742879585658, 0.0677186840137, -0.0298846413043, -0.861812798124, 0.50634534579,  
686, 1661704.2990049995, 73.47761390939245, 120.55640118151283, 69.21145628661287, 47.54412638231655, 0.719996337214, 0.128834945492, -0.681914093723, 0.573049054874, -0.664611351713, 0.47948569518, 0.391433334179, 0.73599817119, 0.552346482653,  
721, 2355649.7208150965, 82.54181881783495, 146.84846895142334, 72.83278863263342, 52.58062470433911, 0.173129898682, -0.3894121085, -0.90464592407, -0.816344098489, 0.457130960747, -0.353006512105, -0.551006670599, -0.799618343011, 0.238751239736,  
730, 2248418.5888695745, 81.26986143689065, 135.26518393797554, 89.15982301511579, 44.507513550145966, 0.281952853329, -0.946022646103, 0.159824095679, -0.49911278, -0.00236071348741, 0.866533819232, -0.819383317709, -0.324091931544, -0.472837602743,  
749, 1892747.0951619295, 76.73638329036442, 102.23191591896484, 82.30497513014532, 53.702115100204104, -0.686318373732, 0.233580994192, -0.688772102389, 0.724913131185, 0.296376367256, -0.62182151874, -0.0588900850163, 0.926067474909, 0.372734476273,  
792, 2692612.6668826323, 86.3035032550076, 121.56574083927026, 87.00875069055213, 60.77306518452654, 0.333385403516, 0.878105263044, -0.343198659288, -0.471948408172, 0.470568851128, 0.745539842243, 0.816161058093, -0.0865800402057, 0.571301167416,  
897, 2088921.8264663685, 79.3008531167717, 120.34472367535606, 80.59674642358118, 51.41490220026796, 0.350349512914, -0.542768353239, -0.763320203796, -0.794306055849, 0.259681099667, -0.549220917408, -0.496319562826, -0.798729141322, 0.34014504312,  
925, 480549.0591146398, 48.59031419627389, 130.2434880085227, 61.79649617840495, 14.253753763313433, -0.203973832131, -0.978888671679, 0.0131013077209, -0.975466523062, 0.204356548412, 0.0818746817161, 0.0828235364547, -0.00392040549405, 0.996556517328,  
940, 1920579.0059527333, 77.11067816761437, 106.85763676285711, 79.05617707449692, 54.27529509906816, -0.75594842375, -0.203911905989, 0.622062629666, -0.632142027608, -0.0195505353358, -0.774605856871, -0.170113014087, 0.978794008545, 0.114122089335,  
955, 72330.41869907519, 25.84703851270962, 69.84634804553787, 48.13765971718379, 5.135747855682322, -0.51960609831, 0.853849011549, -0.0308442551618, 0.854254031311, 0.519855789669, 8.90921588883e-05, -0.0161106358757, 0.0263025364857, 0.9995241988,  
970, 1581179.457679831, 72.2710200869992, 130.08595272812977, 71.95078028402511, 40.32985346689821, 0.277268183762, 0.624691333546, -0.729988419131, 0.304549227753, 0.663454955752, 0.683430530166, 0.91124756359, -0.411810951142, -0.00629431262612,  
984, 1258630.7847602677, 66.9786793661973, 132.55456675583324, 61.343954062707866, 36.95245357510693, -0.866337343297, -0.114447426509, -0.486170128839, -0.43907464146, -0.289441203908, 0.850551144086, 0.238061056951, -0.950329193514, -0.200502760874,  
997, 872787.5221722369, 59.28433779119508, 110.3339180461243, 80.93419072381838, 23.333444282247093, -0.881280392546, -0.424040875489, -0.208648521749, 0.187748895818, -0.719301540462, 0.668846504071, -0.433699460263, 0.550267780089, 0.713519550092,  
998, 337675.22431664367, 43.198652089946414, 140.64696671575948, 46.17956267863341, 12.411675186819014, 0.220574888145, 0.917680388017, 0.330468491946, 0.823101284361, 0.0066503863558, -0.567855657755, 0.523307743496, -0.397263738353, 0.753876997783,  
1023, 3191097.2100568227, 91.33077473152463, 118.87435906099236, 85.02353258372047, 75.37443876174265, 0.8109158592, 0.326939509076, -0.485310237584, 0.483499410065, 0.0928062580915, 0.870411005747, -0.329611574077, 0.940477302152, 0.0828169932459,  
1076, 2196357.716330975, 80.63770425433427, 119.50962357086887, 75.67834541643823, 57.97489330813465, 0.280571326172, 0.692634829597, 0.664482297551, -0.49886658856, -0.48620825662, 0.717449411466, 0.820007230303, -0.532783749775, 0.209116279203,  
1097, 1176416.9605210451, 65.4873709976494, 101.65897658650428, 95.08773064183649, 29.05376717011458, -0.824253159246, 0.476042691103, 0.306578025501, 0.552640725269, 0.558484188898, 0.618614289784, -0.123267831358, -0.679322285074, 0.723412935159,  
1108, 1931135.5236853429, 77.25170045794486, 140.54706636561033, 70.96433983292425, 46.223432395311015, 0.411636081895, 0.778278606796, 0.474171009537, 0.836725359849, -0.116550375319, -0.535076333058, 0.361173653895, -0.617007633839, 0.699181787174,  
1112, 602591.4831984966, 52.397607817702834, 127.51903071489082, 79.82977194208262, 14.131702574386015, -0.196397303954, -0.00548777712991, 0.980509042947, 0.152946033431, 0.987572668925, 0.0361626112254, -0.968522384799, 0.157067208211, -0.193117275892,  
1113, 1477411.7968979855, 70.65414594033722, 132.7079028790956, 90.26137051881027, 29.44518202380399, -0.98009214422, -0.121393223099, 0.157108479158, 0.112364978231, 0.313243079367, 0.943002059858, -0.163687203241, 0.94188240169, -0.293366734448,  
1126, 1150145.7527231916, 64.99621853607293, 116.15242331867515, 105.38213468471459, 22.432052050374157, -0.285587986355, -0.268989093535, -0.919828445749, -0.0635698531967, -0.952370804096, 0.298242728781, 0.956241797776, -0.14364789962, -0.254886063018,  
1145, 918109.6791475796, 60.29324414861686, 110.54058674230076, 90.35543827743385, 21.944712443620034, 0.0372424020519, 0.978584091825, 0.202450435209, 0.611070865811, -0.182601055712, 0.770226753242, 0.790699311019, 0.0950264683117, -0.604784730192,  
1162, 3331410.669934589, 92.65023410716537, 114.73841960370223, 96.42220376052806, 71.88754396600578, -0.965789781756, -0.0150718716152, 0.258887883342, 0.114835160513, -0.919950368806, 0.37483890519, 0.232514479904, 0.391745016076, 0.890209446712,  
1163, 388602.9346439411, 45.26951297421871, 84.77625738791367, 52.87988989391347, 20.694392629634535, 0.0171751347125, 0.78035321355, 0.625103092977, -0.661769487109, -0.459787554566, 0.592162604863, 0.749510614121, -0.42384462574, 0.508517032706,  
1164, 2406869.4995187647, 83.1357804320845, 136.2306869046813, 78.49251177677903, 53.73543400679281, -0.540814445695, -0.742760963421, -0.39474787719, 0.173343434938, -0.557642515629, 0.811780067707, -0.823086744452, 0.370595434377, 0.430333864723,  
1165, 2551277.934886843, 84.76626636989496, 141.73598934493745, 84.99960794214388, 50.55592974203902, -0.720512180123, 0.245933958164, -0.648366167005, 0.663503492871, -0.0272658511586, -0.747676192151, 0.201557220766, 0.968903019699, 0.143532662396,  
1166, 2059944.1017378378, 78.93245465215948, 126.42672997248413, 74.81923461685746, 51.989382609782176, -0.376851590388, -0.198811888266, 0.904685974195, -0.901517947091, 0.303019563276, -0.308940990068, 0.212716407205, 0.932015545662, 0.293425889706,  
1167, 4184979.01020541, 99.96966227432232, 113.93481547158142, 103.06403775962508, 85.08266186886091, -0.714253057395, 0.697557402239, -0.0570634785439, -0.546879513578, -0.50536585622, 0.667478950227, -0.436766948876, -0.507955728335, -0.742438960737,  
1168, 2999578.6263176207, 89.46583377415946, 115.52917794289938, 83.73393036956008, 74.02501106923687, 0.2160451895, 0.548945159936, -0.807455068395, 0.803315566373, 0.370130883987, 0.466569640614, -0.554985204233, 0.749441352009, 0.36101119509,  
1169, 2023636.4679933009, 78.46596062172682, 101.28586272722936, 82.54119956184857, 57.786219131308954, -0.543104594167, -0.413445900023, -0.730821378689, -0.839562523318, 0.253787514494, 0.480340157521, 0.0131213275069, -0.874445187099, 0.484946848143,  
1170, 3259344.6302211257, 91.9772791130838, 111.81442680886148, 94.86940966936682, 73.35295841805352, 0.864888504086, -0.253437711145, -0.433286512679, 0.363551190397, -0.278924396991, 0.888837281354, -0.34611906544, -0.926266974113, -0.149100922889,  
1171, 1639394.5755130565, 73.14729910001974, 90.0302777330884, 72.82194951658994, 59.695829775453504, 0.859291875006, -0.269565205148, -0.434686178434, 0.33697322764, -0.34099338998, 0.87759475377, -0.384794123399, -0.90058764602, -0.202176592202,  
1172, 2434718.581080159, 83.45519705906946, 102.77593420932257, 86.43028069336347, 65.43389975699606, 0.361250307552, -0.218008581075, 0.906625873153, 0.800975203544, 0.570362740889, -0.182002931605, -0.477427417102, 0.791933458305, 0.380663183163,  
1173, 1650563.483307762, 73.31303652898477, 115.23825728713868, 80.59575755125734, 42.42626102833957, -0.0242763493187, 0.473758175432, 0.880320311066, 0.880898479039, -0.406219886963, 0.242905893429, 0.472682270125, 0.781369691405, -0.407471320294,  
1174, 3657149.7337894384, 95.57655609081532, 123.89074748325729, 99.05069235405674, 71.14718865372986, -0.689861739321, 0.647644405689, -0.323492665141, -0.121109966368, 0.337306367111, 0.933572059754, 0.713738857473, 0.683213830719, -0.154258564908,  
1175, 2110144.150631263, 79.56850013247087, 111.02566030068975, 76.73310556876919, 59.131292890958505, -0.925851849388, 0.220277877604, -0.307043986464, 0.315797442058, 0.00478412936231, -0.948814569711, 0.207533921504, 0.975425429618, 0.0739925853072,  
1176, 2974971.339246474, 89.22051496883365, 103.05075031103517, 84.87988696100076, 81.19667141040921, -0.790932294371, 0.224541790221, 0.569216206871, -0.162429116178, -0.973909100872, 0.158486104931, 0.589951597962, 0.0328944932022, 0.806768284193,  
1178, 1589590.4729594635, 72.3989410459693, 105.28860023704779, 72.31115417782911, 49.84366821235701, -0.561567593994, -0.697353291856, 0.445354043109, -0.823931340655, 0.520733925731, -0.223547141514, 0.0760196241889, 0.49247798421, 0.866998530453,  
1179, 883506.4264414861, 59.5260458463703, 109.52446785803488, 79.6331926021498, 24.18331452162398, 0.174791031801, -0.286117997228, 0.942117077047, -0.628195263816, -0.769200192076, -0.117054581406, 0.758168059021, -0.571373394701, -0.314187265986,  
1180, 311789.0821207268, 42.06531041328589, 139.75589954038003, 68.18951066797212, 7.810603116100937, 0.751065551913, 0.370547737025, 0.546438387484, 0.56944418822, -0.782411575105, -0.252121882518, -0.334116526428, -0.500526224816, 0.798648636786,  
1181, 2412518.8989565843, 83.20077498793376, 106.37424445525983, 83.40914220046308, 64.9130434610657, 0.224126947393, -0.716706771379, 0.660377555124, 0.809558541674, -0.240331455965, -0.535589169865, 0.542569884029, 0.654654256179, 0.526351333057,  
1182, 292672.8996005981, 41.18742429296576, 117.2654585146972, 69.74203619887095, 8.54336914665774, -0.901113185222, 0.393753392258, 0.181530420329, 0.432523939549, 0.845590902578, 0.312888266309, 0.0302996557141, -0.360463994821, 0.932280880047,  
1183, 1762757.7383592178, 74.93786921405047, 119.11345204325174, 106.12641142995275, 33.290454942027814, 0.196710839123, -0.469226602306, 0.86088979635, -0.0941939468389, 0.864939775469, 0.492957082503, 0.975926404065, 0.178060609062, -0.12594472339,  
1184, 1907394.8292515636, 76.93382593997309, 100.77573138323098, 91.10177059310847, 49.59857684036138, -0.637425450407, -0.432251680339, -0.637845812103, -0.494817063902, 0.864202795509, -0.0911570156656, -0.590630907119, -0.257511190198, 0.764750363503,  
1185, 281464.5506727729, 40.65478779821657, 96.26310285487918, 53.37838047791692, 13.077051874052643, -0.975058708664, 0.10640636, -0.194777311845, 0.154376209297, 0.955668375889, -0.250730814477, 0.159463163963, -0.274546247246, -0.948259383008,  
1186, 3155850.395593151, 90.99326863929828, 120.71355846968466, 98.71847635174319, 63.222738230852286, -0.309304165794, 0.244646063952, 0.918955513839, -0.854568974671, 0.352424752266, -0.381455975861, -0.417184372374, -0.90329679363, 0.100060492024,  
1187, 106425.45699578067, 29.3980802761576, 119.91813729434871, 100.06310856211921, 2.117376311070303, -0.281740068437, 0.868091636708, 0.408704592724, -0.935423488183, -0.153702194092, -0.318368549461, -0.213554282541, -0.472009052676, 0.855337373555,  
1188, 575532.2262050707, 51.601264674628965, 130.36678018354397, 61.97180224175497, 17.006696891421104, -0.0232826367865, 0.985733117269, -0.166697751466, 0.999703104071, 0.0241544496501, 0.00320410250527, -0.00718488239516, 0.166573659628, 0.986002836397,  
1189, 504149.69338052435, 49.37308898855548, 87.71039464681988, 54.265878783108526, 25.28674870373524, -0.841158080342, 0.0176018141274, 0.540502784466, -0.530018863437, -0.225312046923, -0.81750503724, -0.107392217022, 0.974127639301, -0.198852342386,  
1190, 3214263.6335049365, 91.55125353732723, 125.21757282063679, 91.45946592766637, 67.00372431286549, -0.781432838697, -0.623985708313, -0.00213411033785, -0.582846794335, 0.731126342594, -0.354603843038, -0.222828034455, 0.275855228309, 0.935014203141,  
1191, 2631911.4512472884, 85.65003697530443, 104.14609455096291, 92.9291372050683, 64.92138416785765, -0.200850791105, -0.509939283617, 0.83643343234, -0.951651080621, -0.101009166854, -0.290098895144, 0.232420266898, -0.854259372343, -0.464996499234,  
1192, 3786685.375720262, 96.6919245227511, 137.00880962355976, 87.23979568674103, 75.63233006260647, -0.760541708381, -0.649213365218, 0.00991545437425, -0.649258007512, 0.760267225449, -0.0213959246321, -0.00635212524617, 0.0227101812227, 0.99972191042,  
1193, 3154614.3076420845, 90.98138696378912, 133.5835800656095, 81.2045269003076, 69.42635113128023, 0.164936813317, -0.923346934069, 0.346736624771, -0.725362864384, -0.351767054411, -0.591699800916, -0.668314718217, 0.153916791727, 0.727780913901,  
1194, 802391.8837389618, 57.645574612862774, 92.40232269803428, 54.71236986738184, 37.890427305965034, -0.256367953209, 0.54562006775, 0.797856010967, 0.958582347356, 0.249479327185, 0.137404325425, 0.124078023459, -0.800036753516, 0.586980269786,  
1195, 1793937.3756531475, 75.37712283827061, 105.77719201648817, 76.38660885736746, 53.00409269194398, -0.0719773434334, -0.98444706576, 0.160259903748, 0.0559422278047, 0.156439135161, 0.98610205564, 0.995836195958, -0.0799423023626, -0.0438120886565,  
1196, 2966694.6004315196, 89.13769727639993, 103.23507627826382, 95.13725526737507, 72.11179914811596, -0.0121177040891, -0.591362187232, 0.806315028236, -0.738098374629, -0.53871736972, -0.406195008502, 0.674584279848, -0.600061962696, -0.429955451539,  
1197, 2502840.5152839124, 84.22639041965593, 99.270771483868, 87.08566693438557, 69.11566454486919, -0.789108907134, -0.590085300552, -0.170606186158, 0.0741243749539, -0.367194173866, 0.927186073945, 0.609764470693, -0.719004712608, -0.333495897318,  
1198, 1680529.1723300458, 73.75404016888115, 115.74596574771586, 82.15704867377825, 42.189730760497426, 0.863960919463, -0.0893105119159, -0.495575586668, 0.200413439564, -0.841858984397, 0.501106678894, -0.461958854101, -0.532256594935, -0.709434235336,  
1199, 2124747.201114099, 79.7516270704144, 140.11469918412132, 71.57986192092808, 50.57595609600346, -0.299175382227, 0.719731617341, 0.626482633174, 0.172472161992, -0.604951313837, 0.777359158449, 0.9384814564, 0.340617537551, 0.0568528724496,  
1200, 882764.8316983005, 59.509386258192535, 150.36766764243427, 97.28590462782586, 14.406285880339052, 0.0385641307316, -0.130444640081, 0.990705306181, -0.99374614111, -0.108979331713, 0.0243333575058, -0.10479224613, 0.985447969775, 0.133831550905,  
1201, 2321716.3793241847, 82.14355961127163, 93.29123154530603, 90.3759503644406, 65.73956900291283, 0.296502597091, -0.939360072572, -0.172304567484, 0.706564536992, 0.337145964497, -0.622172929087, 0.642536197411, 0.0627315923683, 0.763683168818,  
1202, 455187.6629636894, 47.720020821581485, 113.43500498180569, 79.48180658598773, 12.052774996757776, -0.967338729066, 0.2502055521, -0.0406566716319, -0.156920738035, -0.465114074117, 0.87123176023, 0.199077033393, 0.849156098581, 0.489185297223,  
1203, 1843769.6333349778, 76.06870383588421, 150.1834398263997, 83.11239894897601, 35.26388718278126, -0.822770957547, 0.125794651953, -0.554277599185, 0.553091493299, 0.401817244336, -0.729816896348, -0.130911235036, 0.907038371677, 0.400179510778,  
1204, 1483988.3726036649, 70.75882778374891, 88.08979848850736, 75.15701059784394, 53.511456851874215, 0.074622150932, 0.990966076641, -0.111435046267, -0.229643942773, 0.125820001005, 0.965107759214, 0.970409807317, -0.0464280334857, 0.2369583161,  
1205, 3334465.317183968, 92.67854316842272, 106.59744637514883, 91.85523739378621, 81.29931200191598, -0.623074039439, -0.174296776659, 0.762495491805, -0.777872403794, 0.240051414845, -0.580766598254, 0.0818123755538, 0.954984791438, 0.285150457353,  
1206, 3648500.0751014687, 95.50114607088663, 126.57267744911593, 90.22120148747737, 76.2741149244148, 0.438016536962, 0.406480475393, 0.801819890295, 0.450270013131, -0.871188062213, 0.195673901002, 0.778073536771, 0.275327048041, -0.564620747045,  
1207, 824125.9643463126, 58.161419287725195, 101.33340959633762, 44.60908631990206, 43.52402025675104, 0.721152944061, -0.0334557610582, -0.691967588348, -0.583213450713, -0.568400104054, -0.580330416762, 0.373899053461, -0.822071793558, 0.429415258296,  
1208, 75736.08733062433, 26.24650124369622, 61.66766363002888, 24.334344427790956, 12.048614522043737, -0.748353724346, -0.653242886315, -0.115067087984, -0.651063124212, 0.690242466576, 0.315724794128, 0.126820785165, -0.311189763351, 0.941847874997,  
1209, 2220231.169093825, 80.9288176166358, 102.01284879558517, 74.52908387772177, 69.71543271830322, -0.681539697968, -0.0139401687791, -0.731648352549, 0.0138543892395, -0.999885138554, 0.00614537204605, -0.731649981885, -0.0059482260545, 0.681654547857,  
1210, 1284434.0014560085, 67.43329711415716, 110.90404502874199, 62.169680778851514, 44.473075153051965, -0.107882891472, 0.892506987344, -0.437941273768, -0.100857546199, 0.428413979597, 0.897936087626, 0.989034396319, 0.141041623742, 0.0437975258431,  
1211, 796643.0231535044, 57.507574303723175, 107.4632910557826, 83.83330057504854, 21.110496423768506, -0.438169770105, -0.0943921399904, 0.893922466702, 0.59803275806, 0.711836983367, 0.368300053486, -0.671091702268, 0.695972868019, -0.255455855536,  
1213, 980766.5509595233, 61.63475568831855, 130.18090348284338, 70.8047846717936, 25.40195538041569, -0.152218338412, -0.339875477789, 0.928070168171, -0.826209259903, -0.47157633477, -0.308210998076, 0.542409288547, -0.81369553279, -0.20902570085,  
1214, 2714807.565214765, 86.53998464702214, 96.45505853159275, 83.96263570883177, 80.02752196718845, -0.685310401141, 0.632982644451, 0.360114739925, 0.67172807117, 0.358419195062, 0.648318655457, -0.281302421764, -0.686198697488, 0.670820613186,  
1215, 501787.4578487419, 49.295854320922935, 121.78999718905271, 54.74358317869017, 17.96744615124193, 0.729328550269, -0.472954307858, 0.494362304834, -0.38710540151, 0.310525986495, 0.868172229361, -0.564118138233, -0.824553111928, 0.0433923003116,  
1216, 565795.3439790022, 51.308610468070206, 119.24773213483718, 84.95354901535771, 13.333344642441817, 0.5589677538, 0.45395746769, 0.69388591839, -0.365626402266, -0.616141420863, 0.697629617679, 0.744226030301, -0.643655472303, -0.178424350349,  
1217, 1045520.8003698327, 62.96241187937009, 88.30873901274539, 59.92951644526848, 47.16280330981053, -0.0336651544126, -0.820352403715, -0.570866526517, -0.045250561552, -0.569353427303, 0.820846551736, -0.998408255203, 0.0534659568095, -0.0179540358931,  
1218, 1536541.601054304, 71.58443001038816, 123.89397452009082, 58.47398600818132, 50.634068979653875, 0.3757172758, 0.630384096011, -0.679302892796, 0.739928766411, 0.237284130236, 0.629445519625, -0.557980240961, 0.739129307384, 0.377287579524,  
1219, 12997.49788590707, 14.585580394124255, 107.55663560489515, 33.89807520834278, 0.8510574902095825, 0.327338030265, -0.877737663944, -0.349894851687, 0.643740293817, -0.0639129094758, 0.762570373224, -0.691699535968, -0.47485969854, 0.544113975785,  
1220, 2077049.796090733, 79.15033665986361, 121.21770958456123, 66.69748687360628, 61.33138262923515, -0.602486734827, -0.795738844827, 0.0617205410794, -0.76404283669, 0.552670741146, -0.3328567193, -0.230755884127, 0.247698895265, 0.940955354534,  
1221, 1342341.6114111817, 68.43182904163983, 98.07508233661683, 97.50689065280011, 33.5104650394825, 0.545453012666, 0.798285879719, -0.255383369105, 0.639790144361, -0.593404140996, -0.488405668094, -0.541432897183, 0.103010580478, -0.834409514662,  
1222, 2625447.6657338436, 85.57986271631604, 142.39555667415974, 90.47881665854206, 48.64871873474721, 0.782458120571, -0.458275114165, 0.42159602618, -0.394350358334, 0.159297445725, 0.90504813058, -0.481920205465, -0.874418803276, -0.0560773754925,  
1223, 1448223.6978976594, 70.18576104895453, 132.86280875903762, 66.43732079041779, 39.16800943418961, 0.482039068287, 0.756140718934, 0.442594114076, -0.377748267261, -0.276433080533, 0.88368037127, 0.79053436562, -0.593157622523, 0.152379301799,  
1224, 2357251.6881634826, 82.5605255231727, 110.82796408333506, 101.03362052946164, 50.25763809665636, -0.746277143473, -0.128351512046, -0.653143410351, -0.48827059789, 0.772448157715, 0.406098100067, -0.452396118867, -0.621972453568, 0.639130674148,  
1225, 404407.47431648953, 45.87508213186246, 128.07092933236652, 104.34668566573782, 7.224392684649354, 0.47126870329, 0.827094021263, -0.306302610648, 0.637430195365, -0.559419823838, -0.529841680819, -0.609580638911, 0.0544512689227, -0.790851758535,  
1226, 116519.40702238728, 30.29957606708411, 127.50869074206182, 59.335690349920846, 3.6766633882103283, 0.0839176079958, -0.982130003516, -0.168459167939, 0.5159981869, 0.187453869045, -0.835827086242, 0.852469181956, -0.0167840154478, 0.522507981414,  
1227, 1620504.5828940743, 72.86526545680307, 113.08335916661487, 66.96845667182717, 51.08491357492492, 0.740724205232, -0.260524428137, -0.619237171144, -0.442376239602, -0.88284945156, -0.157734297206, -0.505599559353, 0.390773423129, -0.76919777519,  
1228, 186205.46739583398, 35.42429967109462, 161.33186183788155, 29.786074428357086, 9.250610669996801, -0.605699086455, 0.718882280689, -0.341081930304, 0.763231473243, 0.646093640929, 0.00638164569651, -0.224958518218, 0.256459107194, 0.940011910254,  
1229, 1662250.815231941, 73.48566835220765, 117.96106859705421, 106.8726040648251, 31.47769011603832, -0.79939066267, -0.539273519873, 0.264874761351, 0.0546933954853, 0.373714077669, 0.925930030101, 0.598316973624, -0.754666720425, 0.269248844299,  
1231, 3259349.056899919, 91.97732075271107, 115.21026920403466, 99.80277178967353, 67.67191549425131, 0.639694042266, 0.768247757239, 0.0242263448864, -0.261469544066, 0.187861450933, 0.94675326922, -0.722789879436, 0.611966877167, -0.321047241748,  
1232, 2595073.68547247, 85.24855538163547, 117.22904373439673, 75.28964886627851, 70.19248058165736, 0.190969629879, -0.349625211449, 0.917220154588, -0.694472100789, 0.612248413935, 0.37796875646, -0.693713991275, -0.70916436117, -0.125884102081,  
1233, 702440.4047421135, 55.14510378130908, 108.8488311655846, 88.0870719478535, 17.48980354142589, -0.573384135339, -0.818523573084, -0.0353524206685, -0.811819066065, 0.573441407681, -0.110067051973, -0.110365018533, 0.0344109322947, 0.993295248364,  
1234, 2719068.8480177764, 86.58523998107833, 119.94153532310926, 91.81770138042762, 58.9434531489615, -0.454512281697, -0.16120787934, -0.876031166926, 0.868968374175, -0.296364263122, -0.396310721817, 0.195735920234, 0.941371469284, -0.274785746259,  
1235, 775504.2537260331, 56.994356992804995, 97.14502623872066, 67.20434159586719, 28.35813557396747, -0.893319057513, 0.0294299053277, -0.448458406273, 0.00655030943302, 0.998600246424, 0.0524846766928, 0.449375294081, 0.0439480205881, -0.892261405954,  
1237, 405676.7718642561, 45.92302743330073, 106.65919109024776, 58.211544836923345, 15.598546138913536, 0.416974199957, 0.908520605128, 0.0268854352559, 0.740420981676, -0.356682057224, 0.569697007144, -0.527171022026, 0.217642413407, 0.821414933771,  
1238, 236480.95484678785, 38.362113005446695, 93.31849036366104, 62.080154792680574, 9.745117173363758, -0.721114004028, -0.343067017966, 0.601913294735, -0.678137159521, 0.527407517384, -0.511831323273, 0.14186115068, 0.777268506882, 0.612967439704,  
1239, 3577617.460060537, 94.87863559825448, 116.77423913932851, 90.66387065742214, 80.67221652382011, -0.554602239163, -0.226448976862, -0.800710445288, -0.801262479866, -0.114266400517, 0.587300287819, 0.224487849727, -0.967297291731, 0.118072667176,  
1240, 2024024.5705779286, 78.47097649225081, 114.35278402295158, 86.13763496438109, 49.05547499226489, 0.153905005852, -0.222979716608, 0.96259716141, -0.0335392499003, 0.972463870384, 0.230627707604, 0.987516262089, 0.0677795454383, -0.142188485224,  
1241, 1615544.1983015796, 72.79084230842906, 98.99489911390734, 90.22703286548015, 43.17981144790034, 0.759168983249, 0.648703368822, -0.0533516087061, 0.611984321551, -0.683470554082, 0.397923600555, -0.22167012665, 0.334741603302, 0.91586593668,  
1242, 1185094.5251074347, 65.64799413528253, 87.09368027385997, 69.65838431575968, 46.63417979125, 0.581145850918, 0.643910037328, 0.497643812168, 0.544611915594, -0.762113061668, 0.35011647009, 0.604704358636, 0.0675540158971, -0.793579922618,  
1244, 2705224.2876994465, 86.43803580523465, 109.20470738593822, 88.63819817264601, 66.7194396087102, 0.48603341646, 0.285059733034, 0.82614312724, -0.566743003266, 0.822396830766, 0.0496570336942, -0.665262268833, -0.492345814797, 0.561267950553,  
1245, 1811935.9685116173, 75.62837093700121, 118.27749681150004, 77.90045584788272, 46.94746136276567, 0.27456668113, -0.557831245383, 0.783222471133, -0.917212145566, -0.396469672579, 0.0391622107632, -0.288678051885, 0.729133801438, 0.62050695561,  
1246, 2552499.2567958636, 84.779790361337, 117.33650823486421, 95.42270244844164, 54.42421115599427, 0.922795500246, -0.155730860795, -0.352415044686, -0.130549504994, -0.986948312631, 0.0942860272847, 0.362498677889, 0.0409991120784, 0.931082048661,  
1247, 3065606.3990893154, 90.11752621438298, 113.35157761308199, 87.7050229260862, 73.61659892798795, -0.693958476649, 0.532813478611, -0.484284451224, -0.0446517629858, 0.639461961541, 0.767524996208, 0.718629148274, 0.554254631693, -0.419968987544,  
1249, 1519841.9112299187, 71.32414962191123, 104.19543156378802, 75.58166197702067, 46.07280905067847, -0.11239750826, 0.326902133885, 0.938350571481, 0.301632310325, -0.888550138473, 0.34568280372, 0.946775976409, 0.321890736557, 0.00126657563431,  
1250, 3515336.070157189, 94.32484068806338, 111.29848936356223, 93.52375774409296, 80.62449790558084, -0.79287638612, 0.356538096931, 0.494193911102, -0.0827572591413, -0.86646124036, 0.49233744019, 0.603736923165, 0.349464596763, 0.716502772651,  
1251, 2609631.4241755633, 85.40766618543029, 99.82280659397053, 96.1404143592496, 64.91645539850333, -0.578708011768, -0.506272921949, 0.639362780913, -0.0423107495376, 0.801562398478, 0.596412207973, 0.814436515383, -0.318096604584, 0.48529136873,  
1252, 1989012.5165941918, 78.01587233593906, 119.76791647069058, 73.78525493676305, 53.73272057575995, -0.104125567141, -0.405434354697, 0.908174460277, -0.142674886546, 0.909782637633, 0.389794085397, -0.984277269379, -0.0889861578737, -0.152576933677,  
1253, 2104250.255073752, 79.49434947358617, 106.00917901358387, 74.11297040466548, 63.93977271575175, -0.45039040919, 0.677841633373, 0.581101711731, -0.103918051179, -0.686227595393, 0.719925500285, 0.88676350734, 0.26386058324, 0.379510309034,  
1254, 2836096.9009645553, 87.81003535277219, 108.07402178426369, 96.61442685072187, 64.84390500741321, -0.0690375248643, 0.971077632929, 0.228565200734, 0.131143854857, -0.218289476796, 0.967032054098, 0.988956576142, 0.0967364209897, -0.112280698966,  
1255, 2284485.0824823254, 81.70210369810971, 92.6441240391294, 89.71036039585903, 65.62045485821294, 0.633999706556, 0.233755879779, -0.737158436672, 0.592600478638, 0.465583945846, 0.657309867633, -0.496859180056, 0.853574705599, -0.156656238802,  
1256, 1936500.9325827104, 77.32317890180575, 106.77453366530857, 71.75483037328986, 60.340690509015616, 0.847122884015, -0.36507773351, -0.386136074296, -0.417485829321, -0.00766640529968, -0.908651092855, -0.328768005884, -0.930945473551, 0.158909167709,  
1257, 2234803.496583509, 81.10548847972946, 115.93302214774353, 74.54425823285132, 61.73470512626827, -0.91149788707, 0.131381501949, -0.389756979171, -0.0720432008155, 0.881963197453, 0.46577966417, 0.404946143435, 0.452636520051, -0.794442447024,  
1258, 886274.3531088063, 59.58814385400529, 116.13529131678823, 52.01645974856786, 35.02471162892864, -0.893144033704, 0.375063062932, -0.248236648952, 0.00487028742152, 0.559950681759, 0.828511625928, 0.449744388914, 0.738771231723, -0.501943275499,  
