# Void_ID, Void_Volume, r = (a*b*c)**(1/3.0), a, b, c, vector_a, vector_b, vector_c 

9, 1762574.1109757319, 74.93526701818547, 122.94254795530614, 88.28828348421462, 38.766223450552474, -0.22441594526, 0.922926989914, -0.312799064578, 0.928718794522, 0.299778908101, 0.218206340329, 0.295159082894, -0.241533388056, -0.924414808535,  
18, 2324859.616607219, 82.18061269691194, 100.86241648303604, 83.31585137156851, 66.0466993767563, 0.089417414447, 0.078928687722, 0.992861918017, -0.0644172932064, 0.99522625225, -0.0733152042106, 0.993908918528, 0.0574018212862, -0.0940749306854,  
26, 526859.944302804, 50.103591451916245, 136.68016556962, 72.32283974924657, 12.724056994845277, 0.240478223759, 0.909175342226, 0.339956498668, 0.459832911685, -0.415147244834, 0.784988189999, 0.854823910071, -0.0324493789743, -0.517902616884,  
45, 922543.8848484796, 60.39015464200193, 100.95589728749503, 79.56459035019324, 27.41870259837124, -0.763319833813, 0.159431184855, -0.626038759665, -0.492864793736, 0.482772479581, 0.723888822993, -0.417644737071, -0.86111116022, 0.289931790844,  
50, 1025604.1779873845, 62.560045706947946, 137.80802673087013, 74.61530049156943, 23.811610263309724, -0.972146887862, -0.227945861279, 0.0545079145275, 0.144490989249, -0.39978184713, 0.90515016916, -0.184533960143, 0.887814822489, 0.421582801503,  
68, 1186864.2736068207, 65.68065613039475, 113.28643081437774, 63.233023641409865, 39.5540177840343, -0.999323522691, -0.0289387525463, 0.0226946160392, 0.000958115333691, 0.596402834949, 0.802684708015, -0.0367638274818, 0.802163454083, -0.595971655301,  
69, 1614824.5680576416, 72.78003268540054, 110.19660896157596, 67.82900905653804, 51.576638805587244, 0.428757350373, -0.541298535545, -0.723300096722, 0.610369933282, -0.416694212181, 0.673657537686, -0.666044802582, -0.730316252695, 0.151731644696,  
71, 1111980.2512665188, 64.26918929330243, 114.26189818430905, 60.00925776864698, 38.71584792082366, 0.660503826854, 0.294930910765, 0.690471181576, 0.623058470909, 0.297853873598, -0.723243535617, 0.418966390705, -0.907909041621, -0.0129744210695,  
81, 1035418.5825984818, 62.75896632324842, 123.34761512939487, 95.0353532854747, 21.086834774678493, 0.30199340299, 0.951415868125, 0.0600652181434, 0.280150846802, -0.148795916927, 0.948353983564, -0.911216487771, 0.269569325009, 0.31147534642,  
124, 1335804.1833800285, 68.32055672527694, 109.53159465970329, 78.1830824475511, 37.23934129716932, -0.34302784349, -0.880672446208, 0.326723034205, -0.915596546569, 0.235797571245, -0.325703038528, -0.209797193743, 0.410871692727, 0.887225782771,  
148, 1913427.7626716355, 77.01485236731705, 120.18158329426096, 86.905209265243, 43.736067469950335, -0.140638381754, 0.706153417683, -0.693951148332, 0.987678249671, 0.0514683524311, -0.147792705584, 0.0686478018845, 0.706185782491, 0.704690797374,  
159, 1604646.1654811255, 72.62679697728827, 134.02341559528546, 110.78602447410748, 25.800315303285572, 0.503349507272, 0.0770827012056, -0.860637862695, 0.345505497512, 0.894970867614, 0.282228803121, -0.79200077318, 0.439414841917, -0.423850648207,  
160, 2475055.9405614887, 83.91355813996172, 129.87532943691437, 91.69753830607017, 49.61489434511026, 0.288893705906, 0.521657712143, 0.802753796659, -0.645838636024, 0.725162638774, -0.238812904896, -0.706705655069, -0.449457871983, 0.546401627382,  
166, 1435930.8641444272, 69.98661257249847, 117.8343519521518, 96.20431378852979, 30.239768160661022, -0.2159203691, -0.759442831022, 0.61369779258, 0.401936134346, -0.641933600361, -0.65296906254, 0.889845906949, 0.105677997412, 0.443854055686,  
197, 1233612.7398212438, 66.53192339961636, 124.89798590614444, 56.88525311673072, 41.4510089986927, -0.94550432646, 0.0821703538777, -0.31507078822, 0.325596895907, 0.23007145831, -0.917089845897, 0.00286880145838, 0.969698487683, 0.244287971385,  
205, 1477595.0871856106, 70.6570676450944, 105.29896992362193, 64.87093435205931, 51.640751437473625, -0.912630988738, -0.406143619116, -0.04639007486, 0.0291766335985, -0.177911017521, 0.983613945558, -0.407741833083, 0.896323061455, 0.174217011391,  
264, 3255178.574445336, 91.93807431435052, 126.35073505349678, 114.26706298010046, 53.82541307421703, 0.250786647665, -0.967935950281, 0.0143545639802, 0.897752964458, 0.227004237223, -0.377503233217, 0.362140403931, 0.107559622708, 0.925897000429,  
268, 1893844.9143474542, 76.75121647330167, 109.49534971330425, 86.8799167404764, 47.52703612179449, -0.221305031416, -0.0379257208596, -0.974466891571, -0.96950296752, -0.099339362754, 0.224043939835, 0.105299947956, -0.994330594272, 0.0147847981236,  
271, 3058891.4385134405, 90.05167975218848, 110.17752916143696, 97.39279266758847, 68.05430558610053, -0.128849641411, 0.776307174258, 0.617045331482, 0.944552976521, -0.0934318951539, 0.314785888363, 0.302022258208, 0.623392053337, -0.721224585953,  
284, 2239028.190856426, 81.15656384362156, 118.66767766790608, 77.9616609925728, 57.77732433088424, 0.442408355394, 0.757066991598, -0.480754009146, 0.768467810243, -0.596367315045, -0.231955276221, 0.462311660786, 0.266825028396, 0.8456194963,  
286, 2376109.4256884125, 82.78009921806809, 128.61295745967433, 89.64238282612328, 49.20165491186902, 0.379356063691, 0.137697361075, 0.914947219076, 0.705936636571, 0.596163262492, -0.382417088532, 0.598115743053, -0.790967003868, -0.128952536634,  
304, 1444581.0957802543, 70.12686741986121, 131.1981953906769, 70.66957081525051, 37.19572282000424, 0.190520413827, 0.564250215031, 0.803320401056, -0.53575362997, -0.625937134404, 0.566719288314, 0.822599550139, -0.538353414229, 0.183045299038,  
306, 1746968.7251742838, 74.71345847252594, 107.01420237588916, 75.86841162449578, 51.368171896300765, 0.0145894218876, -0.999057591103, -0.0408788261581, 0.441833524898, 0.0431166231455, -0.896060317771, 0.896978419498, -0.00498863384243, 0.442046183659,  
329, 983527.712249546, 61.692541795956856, 89.15081320399872, 74.38172804127107, 35.40840950036239, -0.993484778977, -0.094475665459, -0.063736508978, 0.10300437366, -0.983689987571, -0.147458832763, -0.0487656943713, -0.153063245063, 0.987012436631,  
335, 3430512.0379704097, 93.55997838011537, 115.3322802008497, 94.73244277193294, 74.95847177628427, -0.687131691676, 0.12056166804, -0.716459993645, 0.724501104712, 0.187403068014, -0.663308555176, -0.0542972150813, 0.974856386499, 0.216117648831,  
339, 2027637.8412486527, 78.51764396302704, 128.9536622351959, 74.05140271954986, 50.69146100508075, -0.757422469655, 0.137702386387, -0.638239183414, 0.651728410891, 0.100292389973, -0.751792201975, 0.0395130471998, 0.985382915062, 0.165708267157,  
367, 2448758.448955756, 83.61530521616145, 107.6319028403253, 90.96001152816557, 59.71257683629937, -0.963695920313, 0.186092380247, -0.191467488585, 0.248100698211, 0.889127233164, -0.384576139136, -0.0986722692486, 0.418117673938, 0.903017936711,  
373, 343327.2201757805, 43.43833889901425, 76.0744927320131, 44.227650046625385, 24.360528057361527, 0.214808410696, 0.293849980827, 0.9314019194, -0.587906358016, 0.800431625598, -0.116941553547, -0.779886825699, -0.522457081022, 0.344695717397,  
376, 1866202.0519767783, 76.37596041028758, 94.90399000083735, 75.20454682757274, 62.422546720989025, 0.249663355712, 0.831025034746, 0.49705693883, 0.744786734352, -0.492843466274, 0.449886694718, -0.618838370779, -0.257881192365, 0.741981375424,  
378, 1413979.3041788489, 69.62814331298196, 99.2939140663106, 96.0676996318701, 35.38786987146148, -0.342855821957, 0.691097810888, 0.636265432925, 0.702175061649, -0.261390130666, 0.662287990521, 0.624019285078, 0.673839012952, -0.395652519865,  
391, 1242106.988869076, 66.68427984251929, 114.03223154098768, 85.2548148409584, 30.501686799344387, -0.25858661569, 0.293583286637, 0.920294418104, 0.947744739445, -0.107173605711, 0.300489146382, -0.186849862297, -0.949906664913, 0.250528355507,  
414, 2715846.270935796, 86.5510201886196, 135.19863116375453, 91.94423347776761, 52.15786223615654, 0.118703457329, -0.662179580962, 0.739883566364, -0.958187450089, -0.271780562459, -0.0895105377098, 0.260358022173, -0.698321937524, -0.666753456581,  
429, 1049803.9682257709, 63.0482737617481, 136.2028619275762, 66.75021300712409, 27.566441766067573, 0.380551867005, 0.558057907363, -0.737395178008, 0.693604587688, 0.355145285455, 0.626725220617, -0.611631386096, 0.74996213121, 0.251920323304,  
442, 810171.728969629, 57.83128269209726, 99.97688699121308, 51.36827730761839, 37.66117484489962, -0.791971295621, -0.142106681987, -0.593790499964, 0.0524203020161, -0.984771761288, 0.165760942644, -0.608303854048, 0.100151231167, 0.787360242866,  
448, 1895679.8130834836, 76.77599591380206, 113.9627885534425, 72.87989033312235, 54.48859355396858, 0.315268305285, 0.830831331917, 0.458612247533, 0.60939199688, -0.547696334762, 0.573297583308, 0.727493841776, 0.0987320758045, -0.678973259699,  
460, 1633769.7521026807, 73.06354621108707, 116.11821447704975, 63.59676060586756, 52.816169158865904, 0.404578047367, -0.25352683783, 0.878658492299, -0.780607297607, 0.404793939867, 0.476229055362, 0.476412479383, 0.87855905251, 0.034134157972,  
464, 3606610.479161674, 95.1342452343835, 100.99178596830808, 93.55248850940501, 91.13165013233098, 0.511210369924, 0.707236479219, -0.488344673508, -0.401779981837, 0.698947655433, 0.591646026911, 0.759761017608, -0.10624847023, 0.641462749267,  
465, 2734804.9272871846, 86.75195050711567, 99.72480411149141, 95.43194243318663, 68.60263370249285, -0.943962292405, -0.307700225508, -0.119397494699, -0.0481913048566, -0.229381223675, 0.972142917663, 0.326516138428, -0.923420178168, -0.201698750363,  
466, 69956.82254598453, 25.561155875904102, 142.75988868316165, 51.74182439998736, 2.2609633775707216, 0.725325431357, -0.157084544627, -0.670244331917, -0.554097276206, 0.444538468276, -0.703819407748, -0.408508539847, -0.88187867423, -0.235394937946,  
467, 3596726.513292685, 95.04726015331337, 96.92585667413329, 96.74894823197732, 91.56571824746281, 0.168966476559, -0.027924048887, 0.985226155404, -0.500866750058, -0.8633417326, 0.0614292392703, 0.848871502929, -0.503846504647, -0.159862038238,  
468, 2753722.716258293, 86.95152420331561, 111.47631745650017, 86.84936435981997, 67.90196462354379, 0.394670468856, 0.414400122791, -0.820065704224, 0.643730747883, -0.761564802571, -0.0750318313491, -0.655626376256, -0.498288661035, -0.567329238662,  
469, 3309232.081936474, 92.4441724198595, 118.31078894541065, 92.94366207439676, 71.8446587292806, -0.593505623034, 0.637316672326, 0.491506393247, 0.803766220383, 0.437969136753, 0.402669713567, -0.0413634911381, -0.634042975221, 0.772190758281,  
470, 4296018.534698601, 100.84611661249296, 113.52483751856448, 100.86269660610908, 89.56865920234499, 0.554744589718, -0.222943090096, -0.801595171366, 0.700662502982, 0.644744981204, 0.305574812653, -0.448698670707, 0.73116365322, -0.5138766536,  
471, 3674748.090636978, 95.72961696391897, 102.99347236268352, 94.83599834073388, 89.81648253237475, 0.351747774943, 0.819734690813, 0.452005021543, -0.596709044538, -0.175694958964, 0.782987610094, 0.721257110183, -0.54512963419, 0.427342793245,  
472, 3733412.248531333, 96.23634333676578, 102.52793295972364, 96.59101927921563, 89.99914588933358, 0.458480051114, 0.884554893296, 0.0857827691126, -0.321728009523, 0.0752251127517, 0.943839112508, -0.828424486974, 0.460330124104, -0.319075298673,  
473, 1762843.4434082517, 74.9390836841448, 97.10403759484737, 73.8409864359979, 58.69354720532194, -0.198554611698, 0.883786815029, -0.423670782275, -0.0242275213817, 0.427719476283, 0.90358678433, 0.979790331337, 0.189675816034, -0.063513710571,  
474, 3087884.952402963, 90.3353019635418, 112.33459236125903, 92.23932800162363, 71.14475003911842, 0.562052691408, -0.627123495134, -0.539270705612, -0.533095455088, -0.773177540232, 0.343519616683, -0.632381220346, 0.0944066371162, -0.768883202458,  
475, 3481568.0991287655, 94.02184338573358, 102.84670670808804, 92.33505734204793, 87.52442620104237, 0.316446779985, 0.917617909501, 0.240497001229, -0.649871898775, 0.0250220808001, 0.759631759904, 0.691033972117, -0.396675267234, 0.604252250095,  
476, 3421530.329581286, 93.47825463354542, 103.01325643429351, 93.26115637753763, 85.02328340959161, -0.325489355703, 0.236037941288, -0.915610599325, 0.945500220587, 0.071750609747, -0.3176179826, 0.00927427593659, 0.96909129615, 0.246527985292,  
477, 2893242.2563996464, 88.39588808235874, 100.59109466654485, 96.4767269746178, 71.17280700732489, -0.473103350596, -0.422982457133, 0.772825375239, 0.793862262525, 0.175718899236, 0.582155972734, -0.38204178802, 0.888936842194, 0.252656610436,  
478, 3928498.2796454346, 97.88421283466595, 119.0299867122003, 103.46676420630419, 76.15189335144623, -0.131072476685, -0.798975139307, 0.586906067974, 0.3718003097, -0.588419521291, -0.718002086815, 0.919012804896, 0.124101546054, 0.374184808223,  
479, 2716719.375976482, 86.5602941592219, 108.81411266944734, 87.76978740950973, 67.90877549995233, -0.652101847312, -0.697616402455, 0.2968072367, -0.725082795876, 0.688223763826, 0.0245558553086, 0.221400361012, 0.199196902414, 0.954621639296,  
480, 2895475.8859825563, 88.41862991372753, 95.6572581966024, 90.01550268852174, 80.27791851214572, -0.0971358297296, -0.512278623411, 0.853308410001, 0.860957980191, -0.473378424956, -0.186183305191, 0.499315518414, 0.716577615323, 0.487032374991,  
481, 3279092.858237942, 92.1626673134775, 100.25365791402452, 95.39432416611585, 81.854459094033, 0.451480678345, 0.830848830463, 0.325354296115, 0.816139807838, -0.237135822069, -0.526955800759, -0.360667452294, 0.503444955095, -0.785151046644,  
482, 3344730.0949599706, 92.77354591936724, 117.43578522572854, 93.94424625958868, 72.37720805842393, 0.562422513287, 0.0861266010804, 0.822352190448, -0.265851012372, -0.922915198497, 0.278479398888, 0.782945819178, -0.375246245778, -0.4961714414,  
483, 3260699.77181481, 91.99002451443602, 98.04996528862218, 90.03879351094277, 88.17492370400122, -0.86613267092, 0.26943781288, 0.420972043437, 0.42729077679, -0.0377957613795, 0.903323902314, -0.259300575463, -0.962275815664, 0.0823921486089,  
484, 2543227.524038057, 84.67701406704062, 112.48282016456943, 102.42579825111567, 52.698839559648746, -0.620851262521, 0.670996631134, 0.405348283372, 0.376593705688, -0.198213997123, 0.904924522919, -0.687547009783, -0.71447514467, 0.12963169746,  
485, 3737909.0967379287, 96.2749663232724, 111.21419345744006, 100.41027351963656, 79.91011568835877, 0.191168752552, -0.478557258125, -0.856993266452, 0.0329847127869, -0.869470415302, 0.492882547507, 0.981002811805, 0.122491418516, 0.150430500963,  
486, 2880364.0352829644, 88.26453890011267, 106.78196640425664, 86.13698520501049, 74.76032638545708, -0.315276119272, 0.275569731855, -0.908109184791, 0.942522479398, -0.0206884180152, -0.333501671945, 0.110690308729, 0.961058433315, 0.253208102769,  
487, 3175989.9702738156, 91.18642114335306, 100.04119849533026, 97.99190209127798, 77.34307581541859, -0.150274110796, 0.767671990836, 0.622974643233, 0.74266014825, -0.328286244998, 0.583681458971, 0.652589913978, 0.550370653134, -0.520786470968,  
488, 2988227.5673907483, 89.35283838650277, 116.86761760623833, 83.4421700862814, 73.15521272004587, -0.255650349507, -0.343866671608, -0.903547791185, -0.920357663589, -0.199535050294, 0.336344369326, 0.295947072752, -0.917573689608, 0.26546912112,  
489, 2712070.297708084, 86.51088955265288, 98.29653831348014, 95.10423932919832, 69.25868367489407, 0.415017122486, 0.178622309644, 0.892106977072, 0.794906584404, 0.405803886073, -0.451050693514, -0.442588194731, 0.896335470984, 0.0264275110339,  
490, 3490977.3223943785, 94.10646777708678, 102.36378332422763, 94.40971429328819, 86.23735070528338, 0.0886781932663, -0.479902942897, 0.872828358521, 0.521603467591, -0.724150113388, -0.451150125654, 0.848567027781, 0.495277476451, 0.186102715413,  
491, 2306664.2297392697, 81.96565691159836, 91.93426726759736, 88.82468341247602, 67.43489480108245, -0.786756852964, -0.233680680136, -0.571320395265, -0.366157482825, 0.921819810726, 0.127188577804, -0.49693294526, -0.309259723023, 0.81081198291,  
492, 2810467.9281437467, 87.54473009864596, 112.08409790227682, 80.48338479127175, 74.37719417522176, 0.535215233057, -0.78439407672, 0.313481397711, -0.531723630588, -0.0244832690772, 0.846563966992, -0.656364711862, -0.619779397804, -0.430184684851,  
493, 2874484.18659644, 88.20443820100608, 102.74103646995353, 96.00980014488798, 69.56836652626272, -0.411725290168, 0.584093768139, 0.69951179794, -0.216293444336, -0.808290562354, 0.547616209354, -0.885267999745, -0.0741676265667, -0.459129319251,  
494, 3074973.5209902474, 90.20921917023986, 95.66978490156544, 91.62733161639358, 83.7438521803514, 0.0451425356147, 0.501594822894, 0.863924062128, 0.466560449417, -0.77528007298, 0.425748934796, 0.883336571482, 0.383853412236, -0.2690224143,  
495, 3043561.2156096715, 89.9009906296377, 102.33387933381023, 91.35015677816038, 77.72570983080915, -0.875542954975, -0.48252491144, 0.0243771169891, 0.134479798543, -0.194931193134, 0.971553917046, -0.464047107282, 0.85391541723, 0.235560485736,  
496, 3069488.6365325092, 90.15555132350728, 98.56759485351704, 90.80344719310547, 81.87304165287759, 0.652695116838, -0.151193480929, 0.742381044869, 0.0179447591307, 0.982695139515, 0.184359020376, 0.757408126492, 0.107008383311, -0.644113449499,  
497, 2741425.9505682955, 86.82190354915589, 110.25441844180868, 94.14897268323503, 63.04872694184603, -0.93765820217, -0.234365791307, 0.25665107007, -0.34034979875, 0.768786567913, -0.541414099823, 0.0704209513806, 0.595012511517, 0.800625381027,  
498, 3716282.978192375, 96.0889369986424, 106.22045093761962, 97.8724147087602, 85.33982003475276, -0.33558332075, -0.885961606217, -0.320087280508, 0.77004891109, -0.453719994697, 0.448511806914, -0.542594240075, -0.0959697802492, 0.834494632647,  
499, 3514369.8438205277, 94.3161978447327, 104.47453027023813, 90.06477426318892, 89.16480463356862, 0.0310212441239, 0.0827743314639, -0.996085384123, -0.783629372642, 0.620634199245, 0.0271697821152, -0.620453615306, -0.779718924214, -0.0841172424423,  
500, 3592934.081390402, 95.01384207849988, 106.64239235051103, 91.6057785896438, 87.80270396057296, -0.966105253921, 0.125442725554, 0.225620834481, 0.237641924747, 0.77354718753, 0.587495586594, 0.100831314328, -0.621199542233, 0.777138452774,  
501, 3572001.668590501, 94.82896588831099, 101.65083822634567, 94.33746147670148, 88.9258231360333, 0.565201437398, 0.759000718321, -0.323210836377, 0.591367593072, -0.0996043276524, 0.800227060138, -0.575179715417, 0.643425898998, 0.505144937094,  
502, 3928776.8100064383, 97.88652610883925, 119.39666861626141, 100.76067648670958, 77.96244746386492, -0.367764354257, 0.280345493033, -0.886654264228, 0.92785531191, 0.174111926844, -0.329802300008, -0.0619184939897, 0.943976398787, 0.324152215225,  
503, 3368568.2724779155, 92.99342604169426, 98.53991111239128, 91.80913206853717, 88.89118517120153, 0.209567349538, 0.361208006076, -0.908631004508, 0.884493088867, 0.326120353908, 0.333642758821, -0.416837500418, 0.873598472476, 0.251141806819,  
504, 2448962.1564199254, 83.61762375020668, 110.04582592515624, 87.58327386891548, 60.65948451874313, 0.178607946791, 0.0345633587099, 0.983313060819, -0.367282325968, -0.924802242198, 0.0992194832493, 0.912799482019, -0.378874896318, -0.152482518887,  
505, 3006634.9274739055, 89.53593289614216, 113.73582632709204, 95.92910846972686, 65.78765305317965, -0.101986047049, -0.770447115989, 0.629293324032, -0.623843473432, -0.443209828137, -0.643726936596, 0.774866547777, -0.458231698714, -0.43543718655,  
506, 3082323.9260188583, 90.28104056506334, 99.31046754758114, 87.09155918075776, 85.07825543004788, -0.126892933731, -0.549357915691, 0.825895915862, -0.983067029353, -0.0413212881785, -0.178526656113, -0.132202114842, 0.834564815704, 0.534812274747,  
507, 4259650.16358394, 100.56073551535138, 120.76093114230481, 101.74103887164647, 82.76804603607867, -0.0349988059152, 0.0197709506261, 0.99919176993, -0.998294122722, -0.0474436399068, -0.0340285993226, -0.0467325167733, 0.998678231736, -0.0213976945557,  
508, 1692963.5105183846, 73.93549691772677, 95.69069023584387, 80.3781702151949, 52.54739434727361, 0.810698094405, -0.00455878090402, -0.585446681812, 0.0641428074063, -0.993258578007, 0.0965561881695, 0.581940117182, 0.11583011151, 0.804940423436,  
509, 4130436.1741446997, 99.53346016945999, 104.60244418813954, 101.09485801388894, 93.24733038538241, 0.204387182989, -0.847560299177, 0.48976261463, -0.796325372594, -0.434934049377, -0.420354937708, 0.569290593978, -0.304095235005, -0.763828716176,  
510, 3746087.7384517146, 96.3451325445066, 116.58288057441588, 105.01453814847223, 73.04746131428315, -0.440075936184, 0.887349748922, 0.137635727485, 0.258968604823, -0.0213467850749, 0.965649820837, -0.859807206359, -0.460602581252, 0.220401520042,  
511, 3103016.737759759, 90.48262045179972, 117.70914575303213, 83.84626106937299, 75.05879707660378, -0.506304457601, 0.236203446192, 0.829375504956, 0.856108523743, 0.0221276032514, 0.5163221521, -0.103604979551, -0.971451646342, 0.213419087785,  
512, 2486681.6428941675, 84.04473774493549, 130.49954083116677, 78.5859277600492, 57.88656920549744, 0.267934250429, -0.949116966391, -0.165493871658, -0.377717779801, -0.261505564378, 0.888225263445, -0.886307235821, -0.1754759924, -0.428564650691,  
513, 3130216.7749999254, 90.74623212523193, 115.88634961995912, 92.85448950441544, 69.44654041771827, -0.44274592003, 0.789548215759, -0.424958427718, -0.167059039232, 0.393005586332, 0.904233314207, 0.880946835915, 0.471338757268, -0.0421004535458,  
514, 2988521.2665240117, 89.35576565033847, 98.98842955633748, 91.48167891058064, 78.78602340350453, -0.578504572775, 0.633652719462, -0.513630889255, 0.187872272963, 0.716276800476, 0.672050261626, -0.793748365876, -0.292287146857, 0.533415181122,  
515, 3311907.215701078, 92.46907587306296, 120.53370471176208, 90.64830794833077, 72.36379671673335, 0.56546094721, -0.574996664343, 0.591297516632, -0.556250461094, 0.263462963302, 0.788145095462, -0.608965796833, -0.774574788489, -0.170864142885,  
516, 3435752.2115319907, 93.60759237075395, 107.63955623176648, 91.6730034620938, 83.12274305329574, 0.119297798965, -0.767128310096, -0.630303253214, -0.323998407381, -0.630162963899, 0.705634233116, -0.938505762996, 0.120036639323, -0.323725405311,  
517, 3146223.246013316, 90.90064721308451, 104.05404443919524, 87.42145189759081, 82.57031586226023, -0.30353091875, -0.894550387454, -0.32809843899, 0.170831741445, -0.389856388433, 0.904891436866, -0.937382257928, 0.218612901503, 0.271151068261,  
518, 3047829.7286513224, 89.9429989073046, 97.31490064164974, 93.17164411206049, 80.24888166326927, -0.386203601173, 0.922397828387, 0.00538745092691, -0.186031961515, -0.0836086311523, 0.978979931404, -0.903459400159, -0.377083336921, -0.203885431752,  
519, 3060798.2048259093, 90.0703871659751, 108.17915820826018, 89.59838958071595, 75.38801133109109, 0.886733664264, 0.414928753014, -0.203807601875, 0.23484145073, -0.024576011449, 0.971722960869, 0.398187018472, -0.909521934636, -0.119234846993,  
520, 2812912.5265744226, 87.57010543290419, 103.52034710634341, 88.85118701465981, 73.0093806172067, -0.769961476101, 0.378289599086, -0.513864091511, -0.0209334063665, 0.789906984794, 0.6128692747, 0.637746907337, 0.48264265725, -0.600279058092,  
521, 2440133.5360037712, 83.51702097652644, 127.7464745943819, 72.44161263676231, 62.948871808954436, -0.519168614729, -0.728781111147, -0.446477369545, -0.803488954337, 0.238121133363, 0.545622420822, 0.291323616857, -0.642009671174, 0.709192591882,  
522, 3504067.652562554, 94.22394664355136, 110.90163025643777, 92.71687097032775, 81.35554828032441, 0.155248511491, 0.96241491738, -0.2228349759, -0.728556132057, 0.263883061274, 0.632116834465, 0.667161046616, 0.0642125904895, 0.742140742111,  
523, 3237111.416431258, 91.76766458048014, 102.86512879591166, 93.54003451202719, 80.31623432236586, -0.868433393512, -0.480709812257, 0.12141465082, -0.465969715509, 0.707655864912, -0.531126539617, -0.169397949405, 0.517823573484, 0.838548198663,  
524, 1727241.5900552797, 74.43116657393078, 85.48557599684484, 72.84764047296252, 66.21496374623028, -0.145818057153, 0.964644491518, 0.219540654987, 0.924680451242, 0.0540004977637, 0.376895223282, 0.35171459637, 0.257963081129, -0.899862151374,  
525, 3636988.0356507576, 95.40059595546803, 104.49551971370202, 93.67110779557028, 88.70537503379572, 0.489892702411, 0.776910025185, 0.39549456746, -0.510455789348, -0.112130123829, 0.852561858431, 0.706710709729, -0.619546324415, 0.341646490774,  
526, 2963178.5982299508, 89.10246926717382, 118.17238241794554, 96.63407977604123, 61.9473756313577, -0.449297921559, 0.383555403134, 0.80685601591, -0.543797402878, 0.599145740221, -0.587629787025, -0.70881292476, -0.702787047904, -0.060618503708,  
527, 3783264.115529463, 96.66279544921527, 99.34245157639361, 96.71842714833952, 94.00132021534209, 0.923192609633, -0.24018096708, -0.300047510525, -0.26472497815, -0.963348002556, -0.043374092664, -0.278632538414, 0.119472712465, -0.952937657727,  
528, 3515763.362167351, 94.32866228739145, 103.40257646190796, 99.51187345268133, 81.56892975579564, -0.0692979326983, 0.789638031047, 0.609647091724, -0.697812721032, -0.475095738927, 0.536042391252, 0.712920193913, -0.388272866393, 0.583942615617,  
529, 3384560.616665752, 93.14035647498623, 100.44040123278829, 93.99192811569557, 85.58835704297462, -0.0164789690241, 0.954792319772, 0.296816558978, 0.984960836766, -0.0355617989638, 0.169078409304, 0.171990097442, 0.295138924166, -0.939847020437,  
530, 2390225.3849307187, 82.94370197194027, 114.4761419898389, 84.6683495636896, 58.872728815317146, -0.574429836448, 0.0221131556061, -0.81825507719, 0.803361257628, -0.176470621092, -0.568743184252, 0.156974688217, 0.984057482183, -0.0836051375141,  
531, 3103983.6405344782, 90.4920176308078, 101.84674553568867, 87.19962461695897, 83.43899089258998, -0.226608133136, -0.960890439233, -0.159180142567, -0.955363458392, 0.25109279212, -0.155669753372, -0.18955056414, -0.116798859313, 0.974899282027,  
532, 2723507.7374296086, 86.63233126725059, 99.81401045419864, 91.72429119939113, 71.01729628012826, 0.51225231245, 0.434053469243, 0.741077023141, -0.40870596685, -0.635713188692, 0.654849734201, -0.755352236411, 0.638330891905, 0.14824530815,  
533, 3050735.7554920632, 89.97157593469822, 103.93888277059322, 85.19415890929335, 82.24852510958925, 0.162720895385, -0.0119250990548, -0.986600072075, 0.779869389973, 0.614095931073, 0.121201988523, -0.604421744139, 0.789141292451, -0.109226259482,  
534, 3604239.3433843534, 95.11339226026034, 124.91706494081272, 98.8278180321617, 69.69859689317464, -0.63180398396, -0.0731107580859, -0.771672561975, -0.75668836503, -0.157683234296, 0.634475149908, 0.168066784586, -0.984779576694, -0.0443028356298,  
535, 3707559.251609386, 96.01369063101141, 115.16626574082987, 89.98723098182855, 85.40697061300025, -0.15543407058, 0.0205523356156, -0.987632447423, -0.981995792636, -0.111864229287, 0.152219110004, 0.107352284313, -0.993510943929, -0.0375698196136,  
536, 1946169.5321606304, 77.45165221503375, 100.80127733159318, 76.34223001871325, 60.37556148273094, -0.92050075995, -0.0898799022005, -0.380263006499, 0.101287040274, -0.994806478959, -0.0100501191082, -0.377384798851, -0.0477668567305, 0.924823789159,  
537, 3518585.144006475, 94.35389186999359, 105.46218488129843, 94.98118593184566, 83.8581163846306, -0.369097457236, -0.17991419149, 0.911810260286, 0.215451265226, 0.937794173676, 0.272255101205, 0.904072906006, -0.296939339799, 0.307374704726,  
538, 3499713.06542702, 94.18489902710024, 100.21987420284077, 94.88063112852252, 87.86429149780571, 0.647449132938, -0.120589605581, -0.752507652642, 0.449230200638, 0.858011213445, 0.24901603249, -0.615631259029, 0.499274378101, -0.609691108906,  
539, 3893359.761270474, 97.5914960306918, 111.95935524507807, 93.12236587942249, 89.15003885030593, -0.846562425734, 0.529978552249, 0.0495458725876, 0.531688929215, 0.837515993767, 0.125991439132, -0.0252772997899, -0.133002610277, 0.990793300227,  
540, 3390852.1177928154, 93.19803308369806, 106.77326927969797, 91.37113139253022, 82.97527440011781, 0.371358484484, 0.0421463226362, -0.927532513441, 0.377851507265, -0.919367536996, 0.109506028943, -0.84812800594, -0.391135551191, -0.357339986756,  
541, 3273916.985774784, 92.1141504992743, 110.84766585746887, 94.98640600730882, 74.23198017014464, 0.705761905413, 0.0502685446061, -0.706663432117, 0.150649977175, 0.964017137466, 0.21903320079, -0.692246139206, 0.261044119057, -0.672793616691,  
542, 3803203.247822844, 96.8323136316073, 115.6859965839707, 108.0035706831224, 72.66780128714085, -0.43482464238, 0.749416040976, 0.499302641599, 0.841886626984, 0.535098579146, -0.0699744089095, -0.319616078578, 0.38992961945, -0.863597391259,  
543, 3750813.0937003144, 96.38562578422574, 114.21456840662536, 96.43529642905007, 81.29789322914324, 0.318657390796, -0.350592087133, -0.880648996894, -0.857897242657, 0.288410694324, -0.425242980473, -0.403075412713, -0.891013164796, 0.208867785518,  
544, 2768489.1555170966, 87.10666887122134, 111.09666137488871, 84.25919724022289, 70.60507070563358, 0.339389304096, 0.164692810652, 0.926116179745, -0.765918309898, 0.619935451618, 0.170438195221, 0.546062306727, 0.767174239627, -0.336540700696,  
545, 3388091.2303285548, 93.17273175932617, 104.59813390657315, 90.10822815553149, 85.81794291057122, -0.120097846962, -0.503814880368, -0.855422160968, -0.988588996687, 0.139614073772, 0.0565659441219, -0.0909302083167, -0.852454383956, 0.514833196764,  
546, 3293207.611834153, 92.2947151442317, 97.45453110710022, 92.72746066042289, 87.0001693899335, -0.23138580093, 0.573868851998, 0.785579500646, -0.700614704797, -0.658540459436, 0.274706204351, 0.674981219406, -0.486825434825, 0.554437867986,  
547, 3556964.5699905497, 94.69571117705269, 113.77315973110211, 96.89084084815461, 77.03150546547873, 0.444999691455, -0.207005286774, -0.871277272659, 0.321135595607, -0.871323909374, 0.37103446496, -0.835970815184, -0.44490836832, -0.321262104767,  
548, 3521433.902719002, 94.37934897395473, 101.69702980055473, 97.07541216307649, 85.15564047057028, 0.139876472371, 0.0347703810758, 0.989558281799, 0.790559070903, -0.605666792771, -0.0904659690041, 0.59619705458, 0.794958336477, -0.112206574563,  
549, 3874307.8878882867, 97.4320500340784, 105.36346050624785, 97.99090098946571, 89.58385447362694, 0.449801814126, -0.455433717501, -0.768282797525, 0.049807791133, -0.846085367546, 0.530715304817, 0.891738477331, 0.276983176001, 0.357886585751,  
550, 3537023.2809170936, 94.51841633120166, 108.60544144382516, 92.93188176342065, 83.66291507620195, 0.246476243339, -0.548415505836, -0.799055626617, -0.927669317069, -0.372135235144, -0.0307409325367, 0.280497949437, -0.748836297012, 0.600470732541,  
551, 2553907.431107749, 84.79537806100406, 94.87650410896791, 89.77572722513501, 71.58119373677904, 0.959934319068, 0.223654768809, -0.1688331942, 0.249971583594, -0.411131932918, 0.876632614685, -0.126650347296, 0.883713232969, 0.450566988811,  
552, 1204298.2287525404, 66.0006905417627, 112.47829726662171, 85.18155374335034, 30.007592089439118, 0.619957708817, 0.711142401871, 0.331555309925, 0.382213727584, -0.642744773111, 0.663921548893, -0.685248207386, 0.284878291379, 0.670282965154,  
553, 3011698.807753052, 89.58617122460055, 128.8438341086285, 96.29188189464408, 57.95215807472861, 0.0348382136834, 0.928496617716, 0.369703029142, -0.511141052924, -0.301329209603, 0.804944427557, 0.858790499996, -0.217013221556, 0.464094967423,  
554, 3385421.1177668762, 93.14824923636516, 109.14377288034123, 96.74289810510398, 76.54309766364909, 0.27746522455, -0.754373144308, 0.594923699572, 0.190966630534, 0.650186957978, 0.735383346084, 0.941565077511, 0.0904327309199, -0.324464367829,  
555, 3526915.7906824453, 94.4282976686169, 98.50797853917753, 95.13401823415262, 89.84610066278444, 0.311811120379, -0.907440575189, 0.281647701407, -0.00926071430007, 0.293509698264, 0.955911238659, 0.950098976096, 0.300672013205, -0.0831160399468,  
556, 3077330.9730424127, 90.23226647820695, 101.43266481324372, 85.82436381012012, 84.39120159077713, 0.350075574315, 0.690581552167, -0.632885623217, 0.767717264936, -0.598641106652, -0.228558584493, 0.536709691907, 0.405864441942, 0.739741009665,  
557, 1767800.879643515, 75.00926537954196, 93.13684090330834, 77.31342421633839, 58.60954160009987, 0.541397730218, -0.810558281962, 0.22334674669, -0.68710423021, -0.579645567033, -0.438062545131, -0.484537175604, -0.0837035731728, 0.870756818691,  
558, 3589224.25639061, 94.98112915680814, 101.06586420429046, 94.16551179274997, 90.03588124785044, -0.717969668664, -0.692715008516, 0.0683042594232, -0.131365559973, 0.231208262205, 0.963994724644, -0.683566123013, 0.683146145759, -0.256999414403,  
559, 3965274.8144770255, 98.18871145738477, 105.47951860837594, 97.399163101043, 92.14278147651565, -0.433989580273, 0.897816208201, -0.0746933765859, 0.161953970614, 0.15930523608, 0.973854585223, 0.886241477035, 0.410545853771, -0.214541712342,  
560, 3451610.070372454, 93.75138795885982, 113.0694406497094, 90.76857522972607, 80.28831728264619, -0.0842570849152, -0.98390316369, 0.15759222101, -0.53344112089, -0.0890438075781, -0.841137189093, 0.841630152849, -0.154937938586, -0.517351834829,  
561, 3538442.8206728986, 94.53105923207083, 107.34263122932835, 95.38557076868949, 82.502793400831, -0.759444919496, -0.588340594721, 0.277666632594, -0.650484538909, 0.693690070939, -0.309295894124, 0.0106432557676, 0.415511046887, 0.909525860557,  
562, 2233453.9432235654, 81.08915919546895, 115.99458541860893, 83.22891255316871, 55.23017948390427, -0.109129866847, 0.620076206517, 0.776914519283, 0.95136787881, -0.161356887924, 0.262417823115, 0.288079557294, 0.767769140322, -0.572311729601,  
563, 3285065.145783885, 92.21858604326953, 111.97358296363674, 90.81197748233102, 77.12526499285617, 0.639042779544, 0.57631294832, -0.509399363478, -0.301662959329, 0.796997990515, 0.523252961848, 0.707547726222, -0.180714107677, 0.68316808064,  
564, 3223996.858839457, 91.64357027981337, 107.83017814617708, 86.50416655564985, 82.51419209629897, -0.790372103463, -0.115186888456, 0.601700854907, -0.228360438822, 0.966773785102, -0.114891071982, -0.568474667904, -0.228211369498, -0.790415158498,  
565, 2993497.7650507945, 89.40533668090653, 106.67636015305074, 93.471220858239, 71.67112554323165, 0.512778635008, -0.0401830488433, 0.857579963656, 0.77192284414, 0.458779324895, -0.440064374545, -0.375756828513, 0.887641173918, 0.266270449339,  
566, 2910655.7378514777, 88.57287548544743, 93.84464435051927, 89.5669424995129, 82.66943898112082, -0.547470780502, 0.181291901736, 0.816951033332, -0.565809657193, 0.639082898751, -0.52099182369, -0.616551033025, -0.747466584463, -0.247302504611,  
567, 3137416.063595976, 90.81574893986834, 115.80091331535617, 84.39979255007181, 76.6355260166176, -0.702980049636, -0.676112843712, -0.220659176973, -0.0466878758973, -0.265719427425, 0.962919222019, -0.709675483625, 0.68721511076, 0.155229183741,  
568, 3072076.4603004595, 90.1808803138222, 113.1382440058046, 83.40802569871565, 77.71880888516327, -0.34061722572, -0.0666525107366, -0.93783652539, 0.0896477361482, -0.995241741832, 0.0381727483788, -0.935918366604, -0.0710726257274, 0.344971727719,  
569, 1893610.4473959657, 76.74804895479437, 148.40967106659508, 66.62963575602217, 45.71643853870785, -0.0195935848259, 0.16591531846, 0.985945332427, -0.349893868377, -0.924913579269, 0.148691464974, 0.936584418142, -0.342062827539, 0.0761751252711,  
570, 3311747.9795038383, 92.46759388106312, 121.63422114302668, 94.49178755527511, 68.7889732652015, -0.266047327234, -0.350712020444, -0.897897487683, -0.19914773463, -0.891375862298, 0.407172263181, -0.943164354428, 0.287141342945, 0.167304661346,  
571, 3162455.2044041534, 91.05670366584692, 100.05363829359217, 94.71542580969715, 79.66768022041518, -0.78697748361, -0.596112841251, 0.159109775902, -0.607842400265, 0.793318271985, -0.034259827415, 0.105801969414, 0.123675380858, 0.986666277643,  
572, 3302687.0740632075, 92.38318675424264, 97.22252217664746, 91.22382454851952, 88.90038830165693, 0.634752728211, -0.386920338481, 0.668865925054, -0.707385278736, 0.057372442619, 0.704495897969, 0.310958263206, 0.920326602081, 0.237284437009,  
573, 1600865.0860459264, 72.56970782659073, 96.60197232302586, 76.12706790589662, 51.968601186500536, -0.932703134999, 0.0699857813686, -0.353789276787, 0.331525272347, -0.219792652797, -0.917486884686, 0.141971320196, 0.973032980008, -0.181799241085,  
574, 2805675.44644689, 87.49494061719501, 124.95303633260077, 86.37829225351179, 62.05794565927575, -0.615475905992, 0.0113430156176, -0.788074073384, -0.184149530806, 0.97015139818, 0.157782175523, 0.766340889844, 0.242234598283, -0.595015999741,  
575, 2376926.0201736204, 82.78958110885802, 106.00737163953046, 93.51733235799708, 57.23990167812316, -0.0883064499756, -0.71535772798, 0.693156037204, 0.933193929701, -0.302775796091, -0.193586949123, 0.348354791071, 0.629754030016, 0.694304545007,  
576, 3420407.3819360603, 93.46802698083212, 101.17565571005103, 97.96853695786983, 82.3809082278995, 0.803978554954, -0.0315281853675, -0.593821906553, 0.391175636285, 0.780159624404, 0.488193181053, -0.447884030472, 0.624785510377, -0.639564665434,  
577, 2505014.0546324896, 84.2507649125502, 121.63939999709123, 71.56629894564712, 68.69715157565382, 0.171556880525, 0.682690827246, -0.710282669884, -0.485942598513, 0.68580165622, 0.541789515657, 0.856987764028, 0.252208887075, 0.449402547373,  
578, 3197830.612570483, 91.39496736865406, 112.35349769596223, 89.67039383838372, 75.77591201251995, 0.82571131216, -0.450836674152, 0.339038526144, -0.490678000397, -0.277544677083, 0.825956446884, 0.278273119251, 0.84836032761, 0.450387417276,  
579, 2894003.260120558, 88.40363760080152, 111.94408345229873, 93.93766843672113, 65.70062261372485, -0.597134549142, 0.72209538692, 0.3492972694, -0.667640479516, -0.206042893038, -0.715403743588, -0.444619523113, -0.660397288317, 0.605135440418,  
580, 3079349.906288569, 90.25199494849554, 108.90279654081293, 94.85883999882248, 71.16289206268195, 0.861645474257, 0.294272825306, -0.413485889698, 0.194528073755, 0.561006897487, 0.804630405524, -0.468749298895, 0.773740761017, -0.426144728381,  
581, 3387185.6446854607, 93.16442979802937, 106.33133464106153, 93.24396237370705, 81.558345165499, 0.271136186812, -0.924803620328, -0.266877185291, -0.662750821853, -0.380439620056, 0.645001584204, -0.698030455163, 0.00198980385663, -0.716065307319,  
582, 3231771.510307526, 91.71717713986996, 116.84272281957733, 87.61279709331818, 75.36727693165875, 0.862103570351, 0.441246451775, -0.249156582861, 0.355830665076, -0.87721363244, -0.322305415488, 0.360779672069, -0.189203096848, 0.913258022885,  
583, 2150114.3491448374, 80.06775459600593, 120.75762148454723, 79.68363303404988, 53.34445361261641, -0.956101049559, -0.0685950175988, 0.284895606484, 0.0156451356621, 0.958881037887, 0.283376754357, -0.292619228287, 0.275394042674, -0.91571398837,  
584, 3087629.327872572, 90.33280915085243, 111.36457949775968, 87.2236048708666, 75.88491200765179, 0.32376979726, -0.921026076007, -0.21652733245, -0.868918596853, -0.380008544355, 0.317134006786, 0.374370926256, -0.0854662128113, 0.923331974992,  
585, 3461148.991257281, 93.8376727646178, 107.68352107785809, 92.37727819945171, 83.06484814647325, 0.738988520863, -0.204513622794, 0.641926899362, -0.511172059548, 0.450459357886, 0.731976428876, 0.438861130165, 0.869057273708, -0.228342644824,  
