# Void_ID, Void_Volume, r = (a*b*c)**(1/3.0), a, b, c, vector_a, vector_b, vector_c 

39, 2328712.4206721247, 82.22598476311292, 134.2904024998537, 81.10984165024192, 51.03977147795975, 0.407698253344, 0.374641163239, -0.832722122336, 0.486131125799, 0.682917462276, 0.545252481193, 0.77295450238, -0.627110627023, 0.0962995260922,  
46, 1033315.4658068597, 62.7164460312415, 131.46523161482642, 52.49516100718502, 35.744904189703085, -0.369390512056, 0.823607369046, 0.430373734394, 0.911058536825, 0.412219244155, -0.00690197258854, 0.183092850981, -0.389546141557, 0.902624402239,  
50, 1249988.9536836285, 66.82503403198109, 113.64484526402583, 82.51743585687467, 31.821606416259353, -0.407393858516, 0.408570426216, -0.816762175217, 0.258558705886, 0.90935316911, 0.325920556947, -0.875886773307, 0.0784029377763, 0.476104336983,  
58, 1534838.066987088, 71.55796546831009, 95.21285085329013, 79.33555390669716, 48.50768241184721, -0.986048750943, -0.0448564517835, -0.160298969108, -0.112604903653, 0.888969197272, 0.443907537641, 0.122588728833, 0.455764922997, -0.881618023028,  
70, 117538.13450018287, 30.387622883465145, 66.75987166206018, 42.8142831583452, 9.817163276277222, 0.928927862428, 0.0878059148967, -0.359698690175, 0.246959249735, -0.870746929419, 0.425218665956, -0.27586981599, -0.483828385087, -0.830545566727,  
88, 2123539.05644892, 79.73650844508191, 95.81306014377414, 83.0733451626242, 63.69205093148883, 0.340460011588, 0.274128529894, 0.899411212743, 0.553337858534, 0.714963116092, -0.427369812857, -0.76020010183, 0.643180605838, 0.0917306570949,  
98, 1303370.4283835809, 67.76307174857907, 136.01281408063574, 103.77764537972642, 22.04426458812298, 0.0535387969768, 0.148669495836, 0.987436569217, 0.298712648716, -0.945958334952, 0.126228293311, 0.952840149614, 0.288201682061, -0.0950549301278,  
139, 1025571.9309098198, 62.559390028459916, 124.35812889849898, 63.59831928799157, 30.956916734307935, 0.656008280309, -0.651192267388, -0.381577996039, 0.250392048868, -0.289163065568, 0.923952673774, -0.712009099682, -0.70166470084, -0.0266399993341,  
150, 647332.650174471, 53.663579071930364, 114.99592045602384, 56.26374627368794, 23.885141777287323, 0.65228253082, -0.755547196887, 0.0606294752074, -0.609423769827, -0.570326301602, -0.550754553745, -0.450699643617, -0.322298530834, 0.832462304411,  
154, 2142275.0597121227, 79.97032742389605, 124.3359760469788, 69.94560644186535, 58.807047374510226, 0.181663167282, 0.941759476663, -0.282997494279, 0.530044924508, 0.148624859895, 0.834843116415, 0.828281879348, -0.301661630203, -0.472175167927,  
168, 1300424.1806641605, 67.71197411912217, 89.53334785410243, 80.58760449422851, 43.02722689112365, 0.217215950177, 0.206331352777, 0.954067400056, 0.975798859762, -0.0711082074561, -0.206785415637, 0.0251757080672, 0.975894971651, -0.216783735621,  
175, 1414062.7667348625, 69.62951325959445, 108.67516061871642, 71.36074119264494, 43.530177182367176, -0.877925952729, 0.477828918568, 0.0304227892272, 0.46999219175, 0.872170074896, -0.135744982043, 0.0913967243293, 0.1048755693, 0.990276604665,  
179, 1888196.2374937176, 76.6748331383756, 124.85878730358627, 72.03570853812964, 50.11775097457831, 0.125453411535, 0.987786621436, 0.0924068831127, 0.882340192827, -0.153673414325, 0.44481486694, -0.453582655814, -0.0257307645051, 0.890842692119,  
195, 3282093.869560516, 92.19077436296274, 126.5303705073127, 87.8773694011143, 70.46777532663806, -0.583223580254, 0.266789267987, -0.767250768603, 0.779198195095, -0.0831900419368, -0.621232315389, 0.229565738289, 0.960157749232, 0.159363321986,  
200, 860962.5287214523, 59.01538078311924, 76.97765008328086, 60.768360473887164, 43.93933426630063, 0.534497996839, -0.354612419534, -0.767177895463, 0.176740935994, -0.840753545666, 0.511757869499, -0.826483232086, -0.409125295431, -0.386706555051,  
205, 946972.9063180652, 60.918562698179436, 104.09976634347767, 65.24482798962946, 33.285347789417784, -0.325645614764, 0.128458617513, -0.936724781978, -0.0277490031637, 0.989002184883, 0.145274468232, 0.945084613359, 0.0733011724555, -0.318499625915,  
224, 490506.6558903364, 48.923640382558325, 81.29209434723603, 55.91038520472873, 25.764130995977307, -0.25421444268, -0.708373554676, -0.658469379826, -0.937227669974, 0.348473815452, -0.0130496965231, -0.23870339706, -0.613818301274, 0.752494372904,  
249, 1530520.436065532, 71.49080288922934, 113.11839743497303, 70.73118927281448, 45.66740346266395, -0.371691923706, 0.804481141853, 0.463308974934, 0.905666695507, 0.204561247202, 0.371379230428, -0.203992525603, -0.557642168909, 0.804625540828,  
251, 1668647.7701292653, 73.57981434752725, 123.48883017848763, 63.654001701858185, 50.67837434517224, 0.346693769063, -0.937955548877, -0.00654360935538, -0.482007736224, -0.184139137739, 0.856598692605, -0.804656431475, -0.293823358982, -0.515941722488,  
253, 315777.68531154917, 42.24392626356347, 119.64367452383395, 88.99499197071415, 7.080069432888175, 0.197762931939, -0.588604377605, 0.783858858096, -0.952499716519, -0.304310730515, 0.0118012425079, 0.231590398726, -0.748959188446, -0.620826885097,  
263, 1080956.5621931779, 63.66585038866754, 146.14989408314864, 95.17595498405925, 18.552134530918938, 0.518168702835, -0.369703498724, -0.771246081632, 0.340284235733, -0.738189131087, 0.582480425128, -0.784670525962, -0.564266009765, -0.256702231991,  
279, 1287998.370357674, 67.49561643266625, 111.62974363651242, 64.8302578990484, 42.48826798267733, -0.519067527478, -0.0514391561029, -0.853183986686, -0.0246874834844, -0.996868733283, 0.0751216131544, -0.85437663245, 0.0600561555807, 0.516172285289,  
289, 1167644.3639910906, 65.32418389117234, 97.03232230600298, 69.2554299415779, 41.48123927952945, -0.178505506852, -0.886721973728, -0.426450378511, -0.969556916658, 0.0846845201282, 0.229756212997, 0.167616137002, -0.45448066335, 0.874844075969,  
299, 903613.1613780148, 59.97422521762391, 106.13011463274607, 59.895725587308036, 33.935908085029375, 0.487050772826, -0.741579041611, 0.461348100389, -0.477586136224, 0.216120180435, 0.85158883864, -0.731227069505, -0.635100458709, -0.248906368283,  
363, 2394982.5275013093, 82.9986917007613, 110.536328618367, 82.786428531475, 62.48122808931897, 0.611274665488, 0.310012444494, -0.728172759441, -0.277482718902, 0.945631999102, 0.16965689784, 0.741179211827, 0.0983483936453, 0.664063979917,  
407, 1002710.8857836844, 62.09105515592637, 134.67656044468083, 94.02249854341738, 18.904418211347128, 0.400766030699, 0.865484941721, -0.300536860122, -0.496049752646, 0.480772375509, 0.723043958447, 0.770273478407, -0.140690222123, 0.622000827862,  
416, 1721238.3621662597, 74.34483510259392, 140.7820731027375, 81.89135165705743, 35.64240592429556, -0.114809741763, -0.837199576139, -0.534710756306, -0.975794757732, 0.195898469761, -0.0972027794246, -0.186127144659, -0.510608126902, 0.839426010297,  
429, 788752.3530529725, 57.31707501440543, 95.83927351371328, 56.28323686062392, 34.908362704825194, 0.516511237132, -0.0896691260073, -0.85157242191, 0.505084071552, 0.834971657574, 0.218431709496, 0.691452256183, -0.54293809858, 0.47656269108,  
458, 2221844.0512905065, 80.94840972882653, 119.55882027169633, 92.59209212880079, 47.91477416457308, 0.438105291664, 0.100502795966, 0.893287714804, 0.720619400093, 0.554783766095, -0.415839696381, -0.537374574785, 0.825902028621, 0.170629439119,  
468, 712792.6881844584, 55.414685857392136, 122.93601852895306, 83.55907859051588, 16.565396702949652, 0.657380277946, -0.321903575626, 0.681343715145, -0.236160772766, 0.770611965285, 0.591933516846, -0.715597134968, -0.550032078118, 0.430564110752,  
482, 1227370.6316554837, 66.41951591560212, 88.94635914895905, 79.37015866867372, 41.505121905320976, 0.969396573303, -0.0605937973836, 0.237904761169, -0.224138954844, 0.176915266912, 0.958364605594, 0.100159935053, 0.982359089158, -0.157919623094,  
521, 1236950.7012415947, 66.59187765202154, 140.61992107253076, 81.76329559869754, 25.683756504745748, -0.745847261522, 0.26739825354, -0.610090187172, 0.659030892791, 0.429457515618, -0.617450017917, -0.0969027596464, 0.862591685725, 0.496533421726,  
532, 886409.865386353, 59.59118072911446, 127.46169598234098, 93.42487915180563, 17.770667214451844, -0.415869307473, 0.217781236957, 0.882963222298, 0.726043403547, 0.66417288481, 0.178144197911, -0.547643766757, 0.71515432734, -0.434327748157,  
544, 1505349.8427328437, 71.09672743868694, 93.91619013236452, 76.32805917620415, 50.1330522205733, 0.767946177046, 0.514486142378, -0.38152677293, 0.159202430622, 0.423644814031, 0.891728466311, -0.620413777446, 0.745539456264, -0.243428970973,  
550, 1380801.6023692049, 69.07924108296197, 90.64357585393343, 74.45719085287428, 48.842624942980436, 0.281977412418, 0.823287914329, -0.492631453529, 0.669129169377, -0.536733194446, -0.513987969381, -0.687571737039, -0.184701077689, -0.702232595602,  
554, 2373915.469438728, 82.75461332075953, 122.10452014497366, 86.20281294467479, 53.84228247192377, -0.486868471617, 0.201438032255, 0.849930473925, -0.102862503456, -0.979496388753, 0.173222775067, 0.867397484852, -0.00308926856561, 0.497606330036,  
559, 448994.4461000302, 47.50260791242862, 80.57734683862891, 66.05736601609156, 20.138083802066713, -0.85881683528, 0.490867926229, 0.146568490608, 0.50383952991, 0.861083669504, 0.0684152191587, 0.0926248969759, -0.132603141411, 0.986831817154,  
561, 686392.7707820927, 54.72192465989588, 145.93185052582393, 79.26723055462907, 14.165774259564753, 0.657399259934, 0.697362757881, -0.285502008677, 0.225582254422, 0.179375868494, 0.95756824524, 0.718984603123, -0.693908842516, -0.039391099875,  
575, 192160.1242303482, 35.797955225486355, 116.73991253673981, 39.005276476088945, 10.074695698045161, 0.131809152542, 0.586642199644, -0.799047731305, 0.486591781312, 0.663991002478, 0.56775380843, 0.863628847171, -0.463645207271, -0.197935181586,  
600, 469566.7617499286, 48.21730278544644, 147.74996770392045, 92.41018655344944, 8.210346706999195, 0.62881384152, 0.128153621589, -0.766922292013, 0.458740163425, 0.735233601057, 0.498987990174, 0.627814156558, -0.665588612546, 0.403535851784,  
609, 932960.4481410985, 60.61659554726133, 132.13938740419061, 71.54906653460813, 23.557997002249135, -0.208586694484, -0.93506153038, -0.286620873783, -0.951723030257, 0.126586034125, 0.279641287442, 0.225199610483, -0.33111313832, 0.916323755596,  
623, 614430.1166042832, 52.73852288664615, 123.43619209593247, 48.448968634071065, 24.527700437581387, 0.592950037126, 0.639614792451, -0.489186233198, 0.421540502454, 0.271048284779, 0.865353356791, 0.686085897146, -0.719323115572, -0.108905450465,  
641, 1206842.1591740225, 66.04713061106219, 120.09479632724937, 68.54801233399795, 34.997966226696434, -0.743033285702, -0.628923182054, 0.228816886208, -0.665075710144, 0.655749025539, -0.357305912743, -0.0746715214511, 0.417670739434, 0.905524884973,  
652, 777934.2973482354, 57.0538255524867, 102.02257831375172, 68.27892639673622, 26.660686684179034, 0.0950488104528, 0.34385279955, 0.934200714982, -0.286519032591, -0.889288292976, 0.356473247158, 0.953348083123, -0.301548643203, 0.0139945770838,  
660, 2205228.9132716563, 80.7461249652918, 113.98088101865491, 82.55458695127821, 55.94893838319904, -0.184482874222, -0.35881944467, 0.91499435804, 0.210095677497, 0.895057026806, 0.393360807736, -0.960117636238, 0.264804691976, -0.0897362785709,  
664, 975896.3062429389, 61.53256535380831, 142.58371245363165, 61.86741186781276, 26.410899846538328, -0.510388451216, 0.365983394069, -0.778177218974, 0.859826525681, 0.232141466731, -0.454762229258, -0.0142117768314, 0.901202804417, 0.433164553848,  
667, 1150490.6371131171, 65.00271450724715, 129.4905068595986, 54.734722994803484, 38.75195561346512, 0.0310417531814, 0.214783133145, -0.976168333473, -0.00095730778219, 0.976644927691, 0.21485755462, 0.99951763022, -0.00573506163734, 0.0305223843561,  
694, 990810.302927133, 61.844436230875694, 89.87344156083812, 62.94960232653634, 41.80974715360203, 0.221493040619, -0.951785639678, -0.212237906745, -0.92036102175, -0.132101699729, -0.368082505116, -0.322298654358, -0.276863209962, 0.905246010965,  
739, 3027784.948350522, 89.74538785376598, 147.08100669170543, 85.3627044800053, 57.57204505886848, -0.346959604185, 0.622048445855, -0.701907945583, 0.913400939987, 0.0542433080827, -0.403430770219, 0.212879674687, 0.781097557631, 0.586999871863,  
775, 2327644.2890661946, 82.21341106156699, 121.36925681913439, 89.07935118985687, 51.3975319270034, 0.325652354189, 0.896150459319, 0.301438050806, 0.867754951406, -0.409877870589, 0.281072011256, -0.375435598367, -0.170042598967, 0.911116691766,  
791, 1239608.4034153074, 66.63953645667003, 104.30680615517156, 80.14338103012713, 35.40100525966413, -0.868499172253, 0.495688851166, -0.00132311172838, 0.470670710265, 0.82549618674, 0.311488568292, -0.155493634254, -0.269904813791, 0.950248978531,  
809, 937396.091688902, 60.71250837499413, 99.52905490793717, 96.16443317984937, 23.381381759077513, 0.453679136669, -0.168454315548, 0.875099071263, 0.605087882281, 0.77914477198, -0.16371340511, -0.654250636735, 0.603785200108, 0.455411392548,  
850, 1051051.292808567, 63.07323414757815, 104.82203463755464, 63.62514690871988, 37.62304292272671, 0.912105919342, -0.384112794808, 0.143248569857, -0.344424742795, -0.907514434087, -0.240393736345, -0.22233845473, -0.169926198064, 0.960047237775,  
881, 1547859.1862482042, 71.75975487987186, 91.88456982661408, 71.90493305958678, 55.92958114377453, -0.276392459749, 0.896987639053, 0.344993309471, 0.96093249791, 0.263428707313, 0.0849355674845, 0.0146949873961, -0.354990833049, 0.934754280972,  
904, 1106831.2353455583, 64.1698364569298, 122.01360841711403, 80.96492930282625, 26.747770317384244, -0.600079940892, 0.248828120159, -0.7602556354, 0.797428787672, 0.110826408984, -0.593148240885, 0.0633355597735, 0.962186090988, 0.264927411149,  
919, 2197388.4936110876, 80.6503170318794, 113.34228360287543, 77.44035792452749, 59.76665177989534, 0.542087890471, 0.799838163953, -0.257681257542, -0.307907026503, 0.474379325368, 0.82471662933, 0.781878495698, -0.367727028034, 0.503431078518,  
933, 1353764.7727588157, 68.62539646880194, 124.0339708149838, 81.25301337463962, 32.06819204771739, -0.836569730402, -0.430975196909, 0.338247639793, 0.126525425789, 0.448725204213, 0.884667738608, -0.533050094086, 0.782883178229, -0.320860602819,  
935, 2042854.4530769489, 78.71356917889453, 136.54951674051492, 91.620860308075, 38.982014924244716, -0.585132360277, -0.104017373412, 0.804239085711, -0.808013586972, 0.158928782603, -0.567323263518, 0.0688052630668, 0.981795308651, 0.177041824679,  
946, 927320.0531607899, 60.49419204616685, 134.9133141763636, 59.80859758862949, 27.436114845956904, -0.125030621333, -0.544718300351, 0.829246234234, 0.00321027578073, 0.835578404801, 0.549361833002, -0.992147689539, 0.0713491604191, -0.102724191158,  
949, 1890564.1651524801, 76.70687158348426, 131.47412588689926, 70.88450654664165, 48.42963545393275, 0.380147499264, -0.299198737541, -0.875195974772, 0.343297478473, -0.832999919849, 0.433887053051, -0.858856635346, -0.465393649489, -0.213948664258,  
1015, 2336320.087416712, 82.31542874332503, 100.96389659349434, 98.28882469930754, 56.20481056457438, 0.726388448633, -0.0287678198829, 0.686682047408, -0.646487736037, -0.367706061656, 0.668465301549, -0.233266861869, 0.929496995563, 0.285695478426,  
1042, 1224444.8792299433, 66.3666979460236, 114.42907036001048, 67.84200666538587, 37.654386415005746, 0.0319066279524, -0.562808463537, 0.825971307289, -0.946947781085, -0.281436556895, -0.155188157865, 0.319799729505, -0.777200165861, -0.541929917235,  
1044, 873764.3417487431, 59.306446460048875, 94.7429643170296, 71.76691359170432, 30.678524612081343, -0.802353522407, 0.596772629974, -0.00955265381268, 0.577002524247, 0.77966715366, 0.243284229896, -0.152633260114, -0.18968805344, 0.969908000941,  
1067, 2583156.0822561453, 85.11785675946332, 114.81954756709746, 89.88416678736856, 59.75345351935461, -0.185233458417, -0.863412521338, 0.469262595867, -0.961456864757, 0.25797302849, 0.0951347138714, 0.203197596183, 0.433553612104, 0.877919132003,  
1076, 2844289.6180710765, 87.8945072159694, 120.88353566434202, 104.39207442552602, 53.808455334521724, -0.332010821201, -0.00830624829922, 0.943239005155, -0.848399280048, 0.439701592317, -0.294756121781, -0.412295374967, -0.898105514933, -0.153032701825,  
1082, 1860783.5611065296, 76.3019699189922, 126.7402025689476, 77.23978306490241, 45.37867481311276, -0.259093390719, 0.660504707699, -0.704701458771, 0.963393823432, 0.124707252265, -0.237319283256, 0.0688691212276, 0.740392890525, 0.668636980582,  
1092, 2852503.2010167595, 87.9790315459558, 120.76937904009796, 109.706056748492, 51.39845832377224, -0.42708572216, 0.895565767322, -0.124738696191, -0.308880048583, -0.0148438115754, 0.950985161212, -0.84981815791, -0.444681478879, -0.282961977706,  
1096, 3690200.017086683, 95.86360696730115, 125.34885208681246, 113.33242384590694, 62.01357362381117, 0.0825413396613, -0.920781280781, -0.381246324848, 0.247468524232, 0.389507122705, -0.88715473897, 0.965373635833, -0.0211195247376, 0.260014824411,  
1109, 3021328.613444203, 89.68155256078136, 137.3721406007871, 105.32976781231397, 49.849357123946625, -0.297052971183, 0.613543868154, 0.73165801722, 0.681702719745, 0.672807325494, -0.287422519391, -0.668611198084, 0.413393546892, -0.618113938675,  
1128, 1775701.2222793412, 75.12083871152204, 108.72514677119209, 75.50971496089866, 51.635507620481356, 0.882024196733, -0.378937414556, -0.280070977126, -0.333685224683, -0.921965803087, 0.196553373837, 0.332697290651, 0.0799092847443, 0.939641963199,  
1131, 454701.6559105645, 47.70303110674245, 95.58733510092428, 67.37018882781616, 16.856593269075727, -0.835692383059, 0.0799444900014, -0.543348064701, -0.105687877236, 0.947446234591, 0.301953150613, 0.538932568604, 0.309765251567, -0.783324438161,  
1136, 2163474.698620918, 80.23325356172907, 116.15147858251042, 112.13799272530983, 39.653880245879584, 0.614735822374, 0.0856757666679, -0.784066025087, 0.253939461305, -0.962650553697, 0.0939077284329, 0.746735976556, 0.256833748704, 0.61353223782,  
1138, 4084445.0769597343, 99.16265597577886, 134.5930469657806, 109.95668687456543, 65.88706784970016, -0.152922732811, 0.12507160409, -0.980291656417, 0.988134456306, 0.00498248209394, -0.153510491934, 0.0143155178459, 0.992135206876, 0.124349496285,  
1141, 888588.6386595423, 59.63996532428146, 111.49536320511724, 45.38688035870786, 41.92036037068451, -0.190248888116, -0.240770300328, 0.951753656705, -0.966413767902, -0.124680288661, -0.224720392553, -0.172770917057, 0.96254064231, 0.208963446851,  
1142, 2468505.9323537247, 83.83946957061552, 129.54681320967228, 92.45603619991543, 49.202091197323575, 0.473921366351, -0.633363389697, 0.611759229687, -0.73020789829, 0.105603118756, 0.675014375094, 0.492133075287, 0.766615156321, 0.412439375313,  
1148, 3828531.471272745, 97.04679651703897, 139.27694696494956, 90.43861239237282, 72.56220702737264, -0.930832995341, -0.0854513117082, -0.355313957103, -0.341379542157, 0.550314415069, 0.76198034933, -0.130422172123, -0.830573366955, 0.541422145025,  
1180, 545978.1345524403, 50.70244239993539, 108.58626466596962, 46.37470621044925, 25.883951412414888, -0.659304899852, 0.654430390431, 0.370186322156, 0.0357853186827, -0.464479899028, 0.88486034738, 0.751023608149, 0.596639998223, 0.282814873235,  
1185, 1597566.7489931304, 72.51983397307302, 107.39526810365062, 88.26484250785809, 40.234397874073544, -0.701809409179, 0.643413749201, 0.305748753925, -0.394125142442, -0.708230976249, 0.585725410389, -0.593404520781, -0.290564333014, -0.750628698557,  
1206, 3228942.4189500655, 91.69040626778201, 142.09038576806893, 103.166929084277, 52.585558937013595, -0.987400502072, 0.0102815156501, 0.157906741287, 0.130296433694, -0.513430297917, 0.84818168369, 0.0897946984773, 0.85806970557, 0.50562168912,  
1212, 2133004.4468836566, 79.85480445205485, 112.32697600563954, 79.63026736600371, 56.92996416034169, 0.696497728868, -0.687793871318, 0.204525070003, -0.648172701125, -0.725328982895, -0.231883626176, -0.307836097944, -0.0289388519216, 0.950999200658,  
1218, 2289140.237521042, 81.75756155080796, 101.02660301919444, 89.91177363103043, 60.163275803141545, -0.160407746677, 0.484933272029, 0.859714531973, 0.984610726814, 0.139819023652, 0.104844443195, -0.069361887587, 0.863302011062, -0.499898555955,  
1220, 849329.9771819545, 58.7483871018273, 136.17265928265428, 70.00068272369, 21.271379163682862, -0.292179755448, 0.655893260698, -0.696013664433, -0.247187945266, 0.651249361311, 0.717476403171, 0.923866391976, 0.381678267606, -0.0281529716976,  
1227, 593711.9478574344, 52.138963478243, 137.6171287322176, 104.43274762676612, 9.86229485541409, -0.943869434049, -0.234439067878, 0.232698979201, -0.325546164027, 0.540898985476, -0.775530774759, -0.0559480701742, 0.807754053511, 0.586858758545,  
1241, 510421.7777214911, 49.57699455033565, 94.05940210815788, 37.52816360341164, 34.52081651169837, -0.293810414469, -0.0774085732738, -0.95272417474, 0.337743904377, -0.94082992923, -0.0277146048297, -0.894206069877, -0.329919622103, 0.302569905222,  
1247, 540202.9772226079, 50.5230377058707, 99.6996824784885, 45.55920218486896, 28.39216293368761, 0.0217408977043, 0.227627903363, 0.973505455032, 0.799832567381, -0.588173351733, 0.119666087374, 0.599829306989, 0.776039719294, -0.194851627027,  
1264, 338386.7858007739, 43.228974057062025, 111.77322636981478, 40.32871682594281, 17.92142730244164, -0.879343303734, -0.433478985173, 0.19710739101, -0.439240344897, 0.898230057447, 0.0158329818241, 0.183911048044, 0.0726548918638, 0.980254045182,  
1285, 1815493.1245952642, 75.67782928248899, 111.70108852247859, 72.44904995848417, 53.55695771500434, -0.231307887919, 0.900524269764, 0.368174823356, 0.971702799577, 0.195229656684, 0.132962590399, -0.0478573952617, -0.388511802546, 0.920200113563,  
1291, 526512.6609450536, 50.09258032318077, 80.08534152202226, 44.32983665686831, 35.405525665269934, -0.983545252846, 0.115097999962, -0.139252238796, 0.0447619900722, 0.902007988149, 0.429392540178, 0.175028854334, 0.416093787169, -0.892317690304,  
1301, 1181300.072985218, 65.57785500443049, 127.48595075231506, 57.97832696299929, 38.15431099052396, -0.625616347203, 0.360552258585, -0.691813742955, 0.718481892372, 0.611802477858, -0.330879885185, -0.303953872233, 0.704059512339, 0.641803900455,  
1306, 2219920.953880187, 80.92504826142277, 105.41742304260707, 88.95157851911156, 56.51748741331192, -0.185983313636, -0.874928277985, 0.447113761174, -0.835395867019, -0.0987373564386, -0.540707573288, 0.517227176796, -0.47407957436, -0.712547966637,  
1332, 1401280.6469799185, 69.41907752307195, 148.54365316053367, 56.834360240230886, 39.62519739027973, -0.0747263583889, -0.486602825402, 0.870421542514, -0.290615811387, 0.845599502388, 0.447776653849, -0.95391740813, -0.219497544113, -0.204603046396,  
1349, 1286890.4078895387, 67.4762571785653, 128.9167658972954, 61.978870798585035, 38.4503142009366, -0.358523966486, 0.209049095372, -0.909812640701, 0.89963804519, -0.182818242779, -0.396520967609, 0.249222697806, 0.960664335672, 0.122523797962,  
1351, 2116460.969480887, 79.64781842530654, 101.78983852167501, 89.37668172280469, 55.53835377068461, 0.887381629409, -0.0949718998647, 0.451147627749, -0.431327307925, -0.516607330555, 0.739644251958, -0.162820751825, 0.850939013239, 0.49939182865,  
1352, 2631251.4592213253, 85.64287702479596, 132.06074703838658, 115.25220199764055, 41.27154845448531, -0.438741208764, -0.393876595359, 0.807692626784, 0.711799997471, 0.396293446826, 0.579907119807, -0.548495137019, 0.829344760417, 0.106491093695,  
1359, 725293.6858534506, 55.73676552553625, 102.18913036632891, 66.06651345699629, 25.647154957243583, -0.904234677747, 0.237920425468, -0.354617425832, 0.125683433528, 0.941908407422, 0.311467857994, 0.408121700104, 0.237070502534, -0.881608901233,  
1373, 1160869.5850651525, 65.19759980266845, 116.78608759825762, 77.0818316191723, 30.7858882144257, 0.098346037234, -0.369113029561, 0.924166450575, -0.980815997474, -0.193017110726, 0.0272832194832, 0.16830934632, -0.909120435572, -0.381014432228,  
1423, 1198955.255454224, 65.90293991436828, 118.26394493079496, 76.56363065682767, 31.611091013311306, -0.614558258572, 0.276510181112, 0.738823569306, 0.0706812474903, -0.913490433904, 0.400673668238, 0.785698611475, 0.298458283362, 0.541849005738,  
1433, 948153.2911895373, 60.94386349010861, 126.00558844475353, 63.41339697883377, 28.32820928753678, -0.750954293696, 0.5903553015, -0.295885563639, 0.645304458489, 0.560936250848, -0.518587194538, 0.140177760838, 0.580371553813, 0.802196394215,  
1444, 278524.859712243, 40.51275568251613, 102.44209377312716, 81.84334868803245, 7.930736452475469, 0.472642854776, 0.829985362846, 0.296197618643, 0.655054482662, -0.106050963168, -0.748102144065, -0.589501786743, 0.547610710881, -0.59380986246,  
1450, 2525424.9999674307, 84.47897231188483, 114.82075477553605, 76.46865906878116, 68.66603872238059, 0.928111708792, -0.29895073454, -0.221894376498, 0.193604971752, -0.121532501085, 0.973522966392, -0.318002784447, -0.94649791838, -0.0549173887399,  
1461, 3240356.1056847875, 91.79831517059944, 131.66133571177454, 95.82948054076064, 61.31217752209001, 0.186754574784, 0.0941259613668, 0.977887024249, -0.511740799763, -0.840366717625, 0.178620082203, 0.838596495733, -0.533782805366, -0.108774234264,  
1465, 2606061.6581712617, 85.36870480749522, 149.20614762515655, 93.30219829566816, 44.69073360221823, 0.53565155336, 0.356325962465, 0.76557770465, -0.497060652495, -0.599861572695, 0.626974322716, 0.682647874914, -0.716378323288, -0.144201167811,  
1478, 1650200.2077474596, 73.307657600552, 137.5673620946178, 85.69692490196304, 33.41699397130699, -0.0718714878231, 0.0755145199664, 0.994551178428, -0.779247841986, -0.626655054844, -0.00873172374004, 0.622581151336, -0.775629421511, 0.103883157866,  
1489, 1451246.756805083, 70.23456295429341, 102.95683966419016, 86.24316357437031, 39.018697762291765, -0.806047780804, 0.336955616086, 0.486567454573, 0.295619554445, -0.48300017633, 0.824208656042, -0.512733901835, -0.80819041225, -0.289710551164,  
1514, 2463565.1359981615, 83.78349638517378, 103.46699160008409, 87.0465145937308, 65.30136087135529, 0.626015800581, 0.364502934245, 0.689377856004, 0.204867174485, -0.929854121555, 0.305615368471, 0.752418539272, -0.0500891560513, -0.65677805856,  
1517, 1330301.7060828605, 68.22661838593379, 151.6063568563156, 112.17852228185205, 18.673873492241363, -0.653742526982, -0.155205909453, 0.740629350003, -0.745184910838, -0.0381777154038, -0.665764155468, -0.131606067775, 0.987144157516, 0.0906987056547,  
1528, 2067092.5015572323, 79.02365281057327, 113.57965719256711, 91.24192434129453, 47.61856596832026, 0.189369262965, 0.425273887197, 0.885031865592, -0.474558720137, -0.74944177784, 0.461661177456, 0.859612298299, -0.50742402633, 0.059896194511,  
1535, 1438990.2830946902, 70.03628220626825, 91.88076750060853, 79.90318521741143, 46.79296293117594, -0.761040846191, -0.0180045783811, 0.648454058192, 0.578135680172, -0.472228091591, 0.665401957334, -0.294237940689, -0.88129249666, -0.369793955588,  
1538, 3669746.92411497, 95.68616934989447, 115.34909168702737, 101.18492950718746, 75.06154397055572, -0.726844411032, -0.67926577916, -0.101465281811, -0.0487601336498, -0.09632630489, 0.994154762777, 0.685069085215, -0.727543293728, -0.0368931461691,  
1539, 1953044.5209217481, 77.54274627610084, 115.61018186268711, 93.22557835005313, 43.26058255748937, -0.528092129646, 0.26048765514, 0.80824803379, 0.524071691505, 0.848888113583, 0.0688319168684, -0.668182284087, 0.459929507791, -0.584805337779,  
1543, 1221442.7951729603, 66.31241444669335, 124.31202210692024, 75.36240072746642, 31.125523682791084, 0.658128863195, -0.0260134228943, 0.752455780268, 0.549681407637, 0.699554426184, -0.456589481816, 0.514506316314, -0.714105669097, -0.474696054162,  
1545, 669895.2159668813, 54.27994792480351, 127.37656347264034, 70.03488829763609, 17.927275760828884, 0.268402669716, 0.898407991721, 0.347596155475, 0.742622902079, 0.0368582665464, -0.668694768557, 0.613572515843, -0.437612326836, 0.65728549292,  
1556, 568996.6081755107, 51.405196397945524, 74.85951892512826, 69.9760448909395, 25.93132117875014, -0.162916694608, -0.984473558192, 0.0653449603141, -0.977414420996, 0.152003261533, -0.146819815121, 0.134607578713, -0.0877885055329, -0.987002521805,  
1558, 2687058.8022299614, 86.24412500228894, 103.34425736970343, 95.17335168844221, 65.22090914631328, 0.803390460377, 0.593948807817, 0.0422916288246, 0.576359766547, -0.793507612661, 0.195333274571, -0.149576694982, 0.132553696068, 0.979824642463,  
1566, 223470.97963386247, 37.645306825054554, 105.03780008295799, 58.86157571306796, 8.628891780980034, -0.497350516988, 0.351428421219, -0.793183792075, 0.864304737643, 0.279717226552, -0.418013867782, -0.0749652168634, 0.893451922562, 0.442858756638,  
1571, 1882154.558693033, 76.59296670456922, 129.3739717635545, 90.09325727691062, 38.55027447939079, 0.488572123083, -0.515181659434, 0.704191123438, 0.519190846645, 0.820296360364, 0.239905702169, -0.701240433308, 0.248398347329, 0.668251536278,  
1575, 390461.79593580536, 45.34157961606885, 121.11375868508608, 34.9355230175466, 22.030746152087822, -0.436400968128, 0.772386852896, 0.461489701391, -0.150860591233, -0.56845957812, 0.80876126889, 0.887014812182, 0.283323591528, 0.364599047522,  
1578, 936210.103943836, 60.68689320570864, 116.12204214544586, 52.372380756657165, 36.75087919003554, 0.476117708519, -0.843431748602, -0.248867059058, -0.66879242219, -0.531052501342, 0.520288320876, 0.570989162468, 0.0812780798739, 0.816924262142,  
1583, 1028789.7592084163, 62.62475037279186, 107.23340172619233, 85.54507311285137, 26.773980222562546, -0.43887776822, 0.53647916837, 0.720816485985, 0.846817914399, 0.515205886545, 0.132145050313, -0.300475830002, 0.668395838089, -0.680412580138,  
1584, 4385045.388827511, 101.5379742229416, 125.33583189622865, 108.19772005960183, 77.19552521740928, 0.729218686488, 0.680432859682, -0.0724653761524, -0.586721384936, 0.676233126549, 0.445496099889, -0.352133673107, 0.282347094941, -0.892346342091,  
1595, 531760.6437159465, 50.25846197716072, 85.72305304870152, 63.847174322369476, 23.194673873317328, -0.940267812382, -0.0335319821269, -0.338780234329, -0.324772743093, -0.21002273724, 0.92217846168, 0.102074023832, -0.977121310799, -0.186587345879,  
1597, 194117.5663098272, 35.91909695618097, 83.4257007279857, 46.192508753011936, 12.02554632345736, 0.545404991635, 0.829394765693, -0.120986436186, 0.722586331382, -0.392121936593, 0.569306051736, -0.424738023728, 0.397925507455, 0.813174582556,  
1613, 197505.21937994927, 36.12684112882587, 82.51568087321138, 37.13792472581886, 15.386358545795476, 0.609590238368, 0.753890620555, -0.245048308553, -0.471170943043, 0.593173421557, 0.652796472409, 0.637493281312, -0.28247871459, 0.716804082079,  
1620, 750282.4205861639, 56.36965634756567, 135.0505580020343, 61.529000469971656, 21.555590202097036, -0.384734520758, -0.204807191076, -0.900018534821, -0.886584238681, -0.18928597131, 0.422065408186, 0.256802913261, -0.96032538004, 0.108753980119,  
1636, 1722309.000035871, 74.36024646763377, 109.02301309313802, 77.7086636077225, 48.53274335920281, -0.982095867979, 0.106976035782, -0.155060742505, 0.149678389065, 0.94291948799, -0.297488182983, 0.114385689422, -0.315371157426, -0.942049333697,  
1648, 2038901.7714310267, 78.66276925331923, 127.68983420472415, 72.97873749602401, 52.23420929195484, 0.840982984877, 0.540128448038, 0.0317628519887, -0.192662791864, 0.244086386855, 0.950422476788, 0.50559733759, -0.805408651165, 0.309335152949,  
1659, 2530199.0092447377, 84.53217121663467, 107.75474445979562, 104.80503259692682, 53.48691300602357, 0.956020121198, -0.284883895829, -0.0697616926466, 0.289052407005, 0.874795317842, 0.388821112963, 0.0497416713497, 0.391885592716, -0.918668301594,  
1664, 1985869.2883373902, 77.97475461543502, 142.17854059894415, 62.607756337125224, 53.2598400402092, -0.324138034414, 0.611590574835, 0.721728136779, -0.368645672695, -0.784268109903, 0.499022945157, 0.87122609158, -0.104309637915, 0.479671342472,  
1666, 2282061.985434663, 81.67320700949034, 103.06923086134675, 82.77477141538732, 63.85748381076731, -0.925236301763, -0.364973194423, -0.103597071638, -0.00606127379304, -0.258806294993, 0.965910224934, -0.379342914603, 0.894323134569, 0.237244776794,  
1668, 2986555.065135058, 89.33616510108973, 135.73344801244028, 90.6462342784023, 57.94890964929924, 0.325331563884, -0.688231789739, -0.648456920029, -0.7558289811, -0.601350855048, 0.259036098765, 0.568227001181, -0.405849914039, 0.715823946514,  
1671, 1385262.385490735, 69.15354967665762, 97.96826942255524, 61.13643772835046, 55.215100405148604, -0.468342909205, 0.750955907568, -0.46553210876, 0.859581182347, 0.265378419005, -0.436685797436, 0.204389604317, 0.604681337248, 0.769795667714,  
1684, 1959688.217776755, 77.63057281930159, 135.71442795033462, 95.77539524290819, 35.99302921288675, 0.0815022946585, 0.682739817519, 0.726101726716, 0.923671303046, -0.32542465734, 0.202311928281, 0.374417814607, 0.654190441668, -0.6571500332,  
1696, 4355113.633091567, 101.30641818034876, 121.42428847057087, 108.95834905602499, 78.58593059477165, -0.56060042669, -0.0699360553584, 0.825127935387, 0.42219370844, -0.881333007278, 0.212142883065, -0.71237604827, -0.467291213744, -0.523602222501,  
1697, 1753266.898503554, 74.80313646710931, 115.13875039535496, 90.14267436266786, 40.328073299192205, -0.638236881406, 0.488820767345, -0.594733503871, -0.306267347887, 0.547550017463, 0.778710016627, -0.706295968297, -0.679148905461, 0.199756775553,  
1699, 582040.209776994, 51.79503446888597, 84.18033963806887, 66.39374157545649, 24.861456148772195, -0.786612814333, -0.458454211271, 0.413594023766, -0.617102902454, 0.561388764131, -0.551386129034, -0.0205982550385, 0.688957467247, 0.724509020106,  
1707, 1024932.0065138163, 62.546375628702876, 102.48700666425543, 80.67758767313556, 29.592709666686673, -0.608488970768, -0.724800089694, 0.323119176826, 0.722349469117, -0.337305959591, 0.603685293916, -0.328561131176, 0.600740809005, 0.728805916192,  
1708, 3212087.4897178747, 91.5305879777775, 110.05271735584358, 99.09412793474728, 70.31533759198398, 0.160867077827, -0.239323559637, 0.957520765871, -0.848596721648, -0.528938740231, 0.0103640287263, 0.503989471398, -0.814216213843, -0.288178017611,  
1715, 1983624.4829196164, 77.94536292823781, 141.8972613351421, 81.05505271311677, 41.17340124197462, -0.963172292751, -0.230727029237, -0.138073069267, -0.268881995808, 0.824056791913, 0.498631001876, 0.00126759923889, -0.517392927745, 0.855747013732,  
1718, 3309191.3711891435, 92.44379333022124, 141.84181155232173, 118.88627514494657, 46.848671970569754, -0.90890328669, -0.408183211068, 0.0853304262641, -0.177321729847, 0.563514667134, 0.806850806562, 0.377427899828, -0.718218411159, 0.584560086137,  
1725, 1437936.8046479302, 70.01918694924943, 109.88078177608826, 75.44405149071862, 41.40992529769562, 0.681653660444, 0.65695929259, -0.322106775905, 0.549971389387, -0.750405931035, -0.366636617815, 0.482576168143, -0.0727696815109, 0.872825764625,  
1730, 1844153.5832849764, 76.0739836979301, 102.78129066700065, 73.1209979096392, 58.58039567273233, -0.0832677190499, -0.728275129259, 0.680207191279, 0.577042297496, -0.591735751815, -0.56291294791, 0.812458413622, 0.345635843233, 0.469518040131,  
1731, 1108176.7361989703, 64.19582825658665, 113.01931008654554, 106.21862208446784, 22.03774250823292, -0.406800466777, 0.593789521695, 0.694209899206, 0.244336749129, -0.66151974964, 0.70900717476, -0.880234589899, -0.458045439626, -0.124021941538,  
1732, 699764.6826229754, 55.0749954739487, 94.98887982269373, 65.50240799149465, 26.849325405592996, -0.28899472377, 0.413073445831, 0.863627453236, 0.125171023847, -0.878071823962, 0.461868040411, 0.949112356058, 0.241578559301, 0.202053298077,  
1736, 1828460.9841813238, 75.85758798496515, 135.08286510647767, 73.09949027575117, 44.20612795279214, 0.230641431265, -0.238462210223, -0.943366474113, -0.870216507327, 0.383216700913, -0.309625887997, -0.435347861555, -0.892345636196, 0.119128103326,  
1743, 3464199.188306038, 93.86523002519135, 117.88817726172121, 87.84406177464184, 79.86041905367183, -0.369998100888, 0.637920185051, -0.675395619503, 0.192979512647, 0.763904586338, 0.61579922919, 0.90876856957, 0.0975070278334, -0.405748772624,  
1748, 1114956.9587809038, 64.32648651081504, 130.34650264244166, 61.77367356592152, 33.05724688836807, -0.872404378522, -0.488575397729, -0.014306679214, -0.488572088024, 0.872514530154, -0.00396351784517, -0.0144192628, -0.00353205381379, 0.999889798656,  
1756, 2761365.6915137917, 87.03189473255972, 136.01269302858645, 95.14833206835706, 50.93950214853154, -0.532344945214, -0.359552630118, 0.766375081459, -0.846473202033, 0.23634927647, -0.477097618681, 0.00959049238782, 0.902696474839, 0.430171008749,  
1758, 2970053.0195362135, 89.17132042646502, 130.48779484834188, 89.05602522470919, 61.015811719597075, -0.821563948129, -0.484988897583, -0.299697261174, -0.548125727368, 0.816525020571, 0.18123211023, -0.156814750998, -0.313165547279, 0.9366624119,  
1767, 2252409.6411039494, 81.31791899744081, 108.45963807633196, 88.47959400785153, 56.033467194626766, -0.974599886491, 0.0460635277489, 0.219164807081, -0.00102677387758, -0.979527304399, 0.201308732228, 0.223950903072, 0.19597043488, 0.95469449651,  
1776, 575359.9067436544, 51.59611420154334, 100.30754595821062, 41.96169091733928, 32.63355597571928, -0.701397536109, 0.683717905481, 0.201423241123, 0.633514638317, 0.468489287379, 0.615773489726, -0.326650729951, -0.559506580244, 0.761742533463,  
1778, 2807440.6972204624, 87.51328654184245, 121.91034951415284, 94.4277507238026, 58.221281536883005, 0.469617895615, 0.781111343745, 0.411490098047, -0.302253353483, -0.295673209357, 0.906212041178, 0.829519103111, -0.549947653819, 0.0972400927223,  
1781, 2248439.03256824, 81.27010775097861, 116.1065382599397, 101.02955588582448, 45.7601443864903, -0.683596954096, -0.562730904947, -0.464789342572, -0.713403188894, 0.380709731199, 0.588316233539, 0.15411390082, -0.733753384448, 0.661706034721,  
1789, 1100491.9034139705, 64.04709175629448, 117.6318589121319, 77.60308431007655, 28.780232612912197, 0.347134887725, 0.91079248407, -0.223504856068, -0.332046010891, 0.342252909455, 0.878981451807, 0.877064887209, -0.230911231713, 0.421232936382,  
1798, 2482879.323936615, 84.00187903288, 137.13396347660256, 70.10575131498776, 61.655003453211535, -0.263139105168, -0.596612045879, -0.758163490313, 0.228341848177, -0.802044803319, 0.551891414899, -0.937346153618, -0.0278962395322, 0.347280849051,  
1802, 805780.1572024439, 57.72660097595916, 93.2686093264931, 57.4099466572216, 35.92570624728371, -0.930378102376, -0.366095693993, -0.0192491417963, -0.0458175273973, 0.0640221378347, 0.996896143061, -0.363727014124, 0.928372289928, -0.0763383945983,  
1806, 1581215.0113776017, 72.2715617676066, 96.26370548681726, 75.64990839167275, 51.83598290260566, -0.326939117972, -0.801452291583, -0.500784422138, -0.939362952136, 0.333618913727, 0.0793452239104, -0.103479743396, -0.496359390684, 0.86192766401,  
1809, 1651490.3272703786, 73.32675649619448, 82.59541686649077, 77.41913287722141, 61.657111182407434, 0.741053504795, 0.64580927765, 0.183766373238, 0.519975456202, -0.725126047004, 0.451461782329, -0.424811991331, 0.239003332317, 0.873162172315,  
1816, 3503012.1616082317, 94.21448501965672, 126.4365153179469, 86.96368139405718, 76.05759729376851, -0.0674305020854, 0.678072892219, -0.731894992623, 0.995612999458, -0.00196342476992, -0.0935462467139, 0.064868194823, 0.734992039278, 0.674965791355,  
