# Void_ID, Void_Volume, r = (a*b*c)**(1/3.0), a, b, c, vector_a, vector_b, vector_c 

20, 206894.61501590224, 36.69049119681243, 79.61435468391976, 53.53534627732511, 11.588536218705519, 0.037581124547, 0.803132130625, 0.594614530461, -0.804338426365, -0.328782886002, 0.494915659223, 0.592981749255, -0.496870802755, 0.633634003523,  
27, 152327.98773975554, 33.13068118113839, 124.40239914602392, 54.47756868738793, 5.365925304605433, -0.478772498148, 0.578671770314, 0.660239257587, -0.19937192954, -0.804048539047, 0.560139965159, 0.855001595746, 0.136546435688, 0.500327235089,  
44, 2816004.812161371, 87.60218281463501, 117.64402166225825, 84.09978371803172, 67.94852629536683, 0.643141002369, 0.750743624046, -0.150843170303, 0.54386001548, -0.58650317993, -0.600191888893, 0.539060232844, -0.3039704441, 0.785503682028,  
55, 910424.066703888, 60.12453170289476, 122.76150902102825, 66.5316337711621, 26.611215613416544, 0.22353656511, -0.926094311662, 0.303941984539, 0.341028877961, 0.366434583171, 0.865693364104, -0.913088554553, -0.0898611270975, 0.397736432052,  
65, 2057224.9528380854, 78.89770878956584, 136.47225062016918, 100.66445847278312, 35.7497211625019, -0.945652701767, 0.0641193122868, -0.318794105079, -0.309361375255, -0.479431515104, 0.821243545987, 0.100182369416, -0.875233760842, -0.4732117462,  
78, 1015576.3462079929, 62.35548420220013, 98.6341252297781, 79.59876752118845, 30.880934007481212, -0.41755215857, 0.823476043635, -0.384105975524, 0.900613717325, 0.318956384006, -0.295231700988, 0.120603180057, 0.469205744489, 0.874814747417,  
84, 1808827.4322255978, 75.58509712951447, 118.90819110882555, 97.98675234607123, 37.062045961175215, -0.328050041876, 0.944495116135, 0.0176676433638, -0.909876118206, -0.310886862996, -0.2747267878, -0.253985471127, -0.106199501004, 0.961359998358,  
125, 3368153.010461175, 92.98960461357254, 159.14697210624533, 80.00585925676351, 63.151406747221905, 0.975973196188, 0.212168853228, 0.0496054235139, 0.131399945597, -0.754715549533, 0.64275850332, -0.173811319019, 0.620796920911, 0.764461122862,  
126, 843170.6622421816, 58.60602858501549, 89.11074486790896, 81.5033131404652, 27.71542486376945, -0.598065737071, 0.520106529515, 0.609759437892, 0.569757633557, -0.259154015942, 0.779881680144, -0.56364316118, -0.813835606236, 0.141343527895,  
134, 3194377.198060867, 91.36205564090291, 134.22456071414243, 91.91376750934513, 61.81374105659867, -0.536535940024, 0.839943672395, -0.0813868064585, -0.0199718403318, 0.0837779822811, 0.996284284368, 0.843641102991, 0.536167769349, -0.0281746775637,  
168, 2042981.7142246766, 78.71520365186419, 125.38363417137879, 122.57767087860935, 31.733914824857532, 0.123062829395, -0.629565224508, 0.767139601449, 0.3359231829, -0.700956349586, -0.629138944245, 0.933815375335, 0.335123595209, 0.125223882397,  
180, 1608547.609098743, 72.6856095324755, 135.58696259152205, 91.4415526633745, 30.973036667633192, -0.838759962663, 0.541699271583, 0.0551690511135, 0.52079177115, 0.768535939193, 0.371656348352, -0.158926574669, -0.340462052709, 0.926729698741,  
197, 369397.6227965132, 44.5111172748465, 127.96014732865052, 68.16663298936817, 10.110180574972098, -0.623363862897, -0.516670634118, 0.586914772581, 0.113097702698, 0.683126892978, 0.721489125167, -0.773709508846, 0.516128960561, -0.367402357086,  
214, 557117.5606701097, 51.04494570387431, 119.86777824256247, 51.082502105470724, 21.721190340315722, 0.821998189987, 0.567813504965, -0.0436669123877, 0.289024588141, -0.349879581038, 0.891094308265, 0.490697221419, -0.74509871987, -0.45171244674,  
222, 2210820.7422578363, 80.81431704209523, 116.66149478765398, 102.75096108115616, 44.030284509898095, 0.172190118292, -0.984761341313, -0.0244062249945, 0.861190642433, 0.162519121166, -0.481599639369, 0.478227185078, 0.0619082862902, 0.876051438867,  
225, 2795236.7755208164, 87.38629584142615, 118.39331705498141, 99.99193469081092, 56.368675762580594, 0.959847613664, 0.145494989317, -0.239841127888, -0.257188831153, 0.797814199987, -0.545294789476, -0.112010998, -0.585084361766, -0.803199742246,  
248, 2337644.9370401357, 82.33098525288614, 128.28335404269285, 71.53132315035815, 60.81677311563384, -0.807046050926, -0.221156399492, -0.54750937768, -0.532485146588, -0.128183233747, 0.836677134413, 0.255218025121, -0.966777588461, 0.0143127252122,  
251, 1116007.192310147, 64.34667761370429, 115.0283331523379, 76.77575391957382, 30.168204810517455, -0.88356987114, -0.243120499695, 0.400245806277, -0.427097063414, 0.0678036715092, -0.901660002746, -0.192073895251, 0.967623420943, 0.163745332774,  
290, 2422359.4389382508, 83.31374541464555, 121.5172112779753, 75.8319850735208, 62.75665071895605, -0.776762095472, -0.628995369468, 0.0317091820367, -0.126548671764, 0.205203548608, 0.970503445287, -0.616949009816, 0.749837534954, -0.238992866967,  
307, 1748060.7190889874, 74.72902250778911, 111.14777193930662, 75.55773398878536, 49.69219931306647, 0.554111169527, -0.724128387265, -0.410607952386, -0.288459914014, -0.629723402478, 0.721276170671, -0.780865987102, -0.281223247844, -0.557818783351,  
311, 1809881.691806937, 75.59977898638148, 106.76877441087625, 82.16771730440979, 49.2511185195207, 0.754415653943, -0.656347731399, -0.00804217464705, -0.164694567449, -0.201133992405, 0.965619395286, -0.635399654185, -0.72715388508, -0.259835538129,  
323, 2855253.859122749, 88.00730174400486, 138.63004461766997, 83.02107974481854, 59.22572387469101, -0.559608232637, 0.137074143326, -0.817342832107, 0.145126773762, 0.987196176972, 0.0661961306256, 0.815951497028, -0.0815744286141, -0.572336236048,  
337, 3259137.104661216, 91.9753269781573, 124.1615531140839, 104.29590665180925, 60.084108414992485, 0.54718947423, 0.832897524969, -0.0828576622433, -0.508436330742, 0.40939054385, 0.757556519467, -0.664888093496, 0.372399107822, -0.647489557924,  
340, 435699.00685120997, 47.02902627741813, 115.41151218246821, 79.54470584554194, 11.330199296412903, 0.241090999833, 0.66637266502, 0.705565447789, 0.424037986592, -0.726272478948, 0.541036109931, 0.872964441273, 0.1687476152, -0.457665081296,  
367, 2433026.4296313743, 83.43585853914495, 90.8343012350273, 81.17457328367496, 78.77498395638582, -0.814795553656, 0.1230227222, 0.566545334078, 0.560082654977, -0.0853312682478, 0.82403033576, -0.149718486958, -0.98872846853, -0.000624645083727,  
396, 1948303.1494800565, 77.47994571345977, 119.2405133464794, 74.70072963230668, 52.217880790493446, -0.983272121754, 0.182112138622, -0.00333219865015, 0.118226946345, 0.652042045757, 0.748908245197, 0.138558015789, 0.735986643582, -0.662665327846,  
438, 2003407.5973440413, 78.2036282102551, 121.23951192346105, 96.0432182102617, 41.07426718024464, -0.341740236915, 0.79593896889, -0.499694675052, 0.939372787654, 0.305225708397, -0.156256304665, -0.0281491791571, 0.522798646455, 0.851991313909,  
443, 625800.7367580731, 53.061862139633, 92.27985290814314, 67.68512863040236, 23.9192362644048, 0.487983160565, 0.393370032609, 0.779187045869, -0.477706709951, -0.626767733949, 0.615596058263, 0.730526340574, -0.672623390261, -0.117936595681,  
478, 1785005.819643696, 75.25182017671422, 116.40042365814918, 88.28219724074339, 41.46897800270038, -0.70853422461, 0.615113087752, -0.345854220493, 0.705516962314, 0.6070452108, -0.365707434888, 0.0150022813031, 0.503122252858, 0.864085024888,  
515, 1772066.3664289154, 75.06954630901703, 159.3767615536796, 79.78552066121408, 33.269194961258336, 0.279959474067, -0.902614558235, 0.326970414781, -0.603895837609, 0.0991831386726, 0.790868207934, -0.746279110118, -0.418867120058, -0.517317915345,  
530, 328757.4770390094, 42.814973202452705, 62.217615161680975, 45.818319942662534, 27.53179383360385, 0.636611605573, -0.522778257277, 0.566946697114, -0.566667378219, 0.181543114464, 0.803697816379, 0.523081012954, 0.832913555724, 0.180668930861,  
548, 904362.2139651293, 59.99079257297159, 93.72654615325966, 78.05263325759695, 29.512338682501532, -0.740797296829, -0.217973044785, 0.635379506089, -0.10960438165, 0.972433875337, 0.205813599209, 0.662726372294, -0.0828257800662, 0.744267186985,  
561, 2094090.9768695158, 79.36621065740378, 113.52204246630684, 91.85912775234107, 47.940705698551106, 0.564700450272, 0.720001549847, 0.40337472613, 0.632938127694, -0.0641683193566, -0.771538562421, -0.529625082463, 0.690999417517, -0.491952311731,  
574, 1513670.4921302297, 71.22747984217047, 119.68163716227787, 92.07948118797627, 32.79082552708427, 0.407329205736, 0.895695736453, -0.178359372769, 0.473177450462, -0.374015402056, -0.797631230206, -0.781144044674, 0.240502862197, -0.576170421617,  
582, 936244.738781134, 60.687641561497756, 112.68611478867678, 88.25385259938804, 22.47484485372004, 0.797418090547, -0.105331882827, 0.594162926586, -0.547813588369, -0.539250933809, 0.639616058885, -0.253030949227, 0.835531941248, 0.487710686665,  
590, 3976563.3337517395, 98.2817991629568, 133.45167266492652, 97.74931560037707, 72.77488830696458, -0.538256815805, 0.330571551175, 0.775243219766, -0.189114243859, -0.943780695455, 0.271134287129, 0.82128886697, -0.000669657266972, 0.570512180895,  
613, 330202.7549873341, 42.87762230180793, 97.02864184322128, 83.58661345769006, 9.719756849783664, -0.882302518755, 0.2852598635, 0.374391607378, -0.322890065827, -0.945570625477, -0.0404746541003, -0.342467912058, 0.15659822001, -0.926386920623,  
637, 2068758.3011196428, 79.04487460257485, 142.11285923279166, 69.35140105397542, 50.1109375160119, -0.929197388669, 0.0155335327564, 0.369257257548, 0.368765985946, 0.105398647733, 0.923527353501, 0.0245735732142, -0.994308721885, 0.103664386765,  
667, 2439006.2490594536, 83.50415799891456, 145.1122013394489, 75.29151362980403, 53.29351254165759, 0.156237018919, 0.366110239959, -0.917362134665, 0.678500018733, -0.714733544071, -0.169687022367, -0.717793646182, -0.595918831031, -0.360073642917,  
671, 755835.6963228218, 56.508389476811985, 128.36217594599162, 86.0278533057609, 16.340398103423, 0.361649536382, -0.30433196613, -0.881244385642, 0.572865418228, -0.673197208687, 0.46757965184, -0.735550695353, -0.673934397851, -0.0691201993582,  
693, 1469619.7294597847, 70.52971378715547, 111.9967808750821, 67.04051183035077, 46.727602966354404, 0.1261057785, 0.519672057543, 0.845007861051, -0.734261409016, -0.523875835705, 0.431757214176, 0.667051359236, -0.674903742302, 0.315511367099,  
711, 901884.4531497491, 59.935955108593085, 134.17183909501026, 81.97904930884611, 19.574831887606063, -0.467966873135, -0.692071165678, -0.549585759718, 0.0260888980082, -0.632429481633, 0.774178480819, -0.883360840794, 0.347951796085, 0.314011421054,  
744, 418510.8205779809, 46.402284300418174, 105.26984594697038, 54.43738847230636, 17.434793658624912, 0.687474727908, -0.566772396781, 0.454034743972, 0.239498307166, 0.767182162127, 0.595039570935, -0.68557936036, -0.300334114547, 0.663159377742,  
808, 2855533.5728778797, 88.01017551638472, 105.13269402141123, 84.88768166584936, 76.38642679133763, 0.490841095727, 0.83894115614, 0.235059046368, -0.283949604007, -0.101026352504, 0.953502122957, 0.823679331494, -0.534762949945, 0.18862912351,  
840, 1738830.0487806, 74.59725425702045, 88.90558290329312, 81.10402166387549, 57.57011589362139, -0.509532837629, 0.477002480966, -0.716131915592, -0.437117121444, 0.573385877049, 0.692933805021, -0.741151070645, -0.66610604948, 0.0836529815878,  
856, 730323.189703805, 55.86530324485233, 121.86859434117103, 62.48857694458851, 22.894651919099953, -0.0644503229425, -0.16405030975, 0.984344275009, -0.317146098447, -0.931888688002, -0.176073352367, 0.946184182975, -0.323528930769, 0.00803261120218,  
863, 1005214.236124849, 62.142684026147165, 85.45756892222224, 64.52996914993082, 43.516907990497735, -0.720862243224, -0.482408182488, 0.497634375584, -0.692788616119, 0.480777338932, -0.537491473184, -0.0200389538266, 0.732212739467, 0.680781128184,  
879, 1129130.16405406, 64.59790994981262, 170.21774159347714, 90.70565131636454, 17.458873968897958, 0.37732558241, 0.923906473457, 0.0634210782268, 0.824337821011, -0.303875086783, -0.477626515683, 0.422010144085, -0.232501096636, 0.876270893247,  
887, 1774361.6446928068, 75.10194373337842, 122.4220141646951, 87.90098096051452, 39.36409665030435, 0.35988432652, -0.677212250631, 0.641768524564, -0.316513040093, 0.558448814998, 0.766781857165, -0.87766893928, -0.479080879, -0.013369532554,  
955, 2504527.420649975, 84.24530892979638, 125.94903505868469, 96.5993876860057, 49.143712709969456, 0.600893989368, 0.717476415432, 0.352354944396, -0.551684149396, 0.0532714411986, 0.832350138378, -0.578421137966, 0.694542832986, -0.42783085478,  
957, 1956955.5114418531, 77.59447179733228, 143.6013320702013, 92.69537477283707, 35.097469898216566, -0.128075449781, 0.888242068162, 0.441160636855, 0.547277392297, -0.307668637857, 0.778349192304, 0.827093788542, 0.341124665813, -0.446710003615,  
960, 177388.98402396505, 34.856144366438066, 95.2333297754853, 57.83186284986136, 7.689212898898507, 0.88665637031, 0.318464005597, -0.335292645502, -0.237972064303, 0.935922967627, 0.259648792179, 0.396496882208, -0.150428972633, 0.905627598184,  
979, 546727.2354902982, 50.72562030606378, 89.57735378056714, 67.84269727679222, 21.47735347373945, -0.768403379402, -0.216545211479, -0.602216255102, -0.463562042289, 0.837096149268, 0.290482821916, -0.44121024407, -0.502372579134, 0.743609650464,  
1005, 616412.7830901275, 52.79518820465018, 94.02858908835516, 57.66564300061265, 27.139757866248093, -0.578723431792, -0.811490035802, 0.0810130315974, -0.0752416586615, 0.152044870573, 0.985505479505, -0.812045492751, 0.564239558279, -0.149049785566,  
1063, 743418.4382305652, 56.197229597635896, 116.40330173554915, 57.00112879575361, 26.74828634479386, -0.0113488779472, 0.188513734459, 0.982004977019, -0.993928187375, -0.109614975166, 0.00955591759091, -0.10944387288, 0.975933977859, -0.18861312136,  
1113, 1342381.4107812485, 68.43250535154205, 115.60530047072918, 85.55477047299017, 32.40151692447419, 0.942764497146, -0.0807165676011, -0.323542792589, 0.278310050566, -0.343990895863, 0.896779671557, -0.183680752055, -0.935497247071, -0.30183817195,  
1114, 2351228.3792638103, 82.49014529839634, 122.49582148261396, 74.08978362894489, 61.848134501839965, -0.948726538076, 0.0592902392194, -0.310487718732, 0.0680786613305, 0.997525844322, -0.01753527246, 0.308679853281, -0.037773766586, -0.950415641042,  
1129, 1044614.0856404975, 62.94420549603654, 126.93959747335916, 63.56136124982427, 30.90843115978184, -0.187707667546, 0.688454740271, 0.700568270865, 0.0815936265436, -0.699851787196, 0.709612539394, 0.97883007292, 0.190361620492, 0.0751940276328,  
1132, 382771.01748910156, 45.04191144823954, 63.2103562548323, 61.25302290659678, 23.601231932547634, -0.825615263365, 0.313769351273, -0.468943739802, -0.335212211457, -0.941307628267, -0.0396575624035, 0.453863647132, -0.12445377924, -0.882337263548,  
1141, 99879.31910439814, 28.782531451956494, 113.59168942762079, 39.57649197258462, 5.3039950352085645, -0.865014916282, 0.254292502039, -0.432532678554, 0.0558907775516, 0.905524577097, 0.420596554025, 0.4986235209, 0.339647705248, -0.797504871913,  
1147, 763669.4067367107, 56.70294224506963, 98.4526984211738, 48.5028506532929, 38.17876672469449, -0.495335689319, -0.196496867269, 0.846186466472, -0.797650163977, 0.48870778723, -0.35343869993, 0.344088318306, 0.850031575798, 0.398810167061,  
1191, 1617292.2836131933, 72.81708707378014, 139.07530443568766, 65.20995962725047, 42.57316662562291, 0.086426288296, -0.727377214328, -0.680773739775, -0.921036923396, 0.202143437262, -0.332909922522, -0.379765035822, -0.655789919751, 0.652470764647,  
1200, 1653127.8313870535, 73.35098374519497, 123.23845754047488, 66.4407981310481, 48.1988563329157, -0.281557156689, -0.697915490864, -0.658513124493, -0.923545483562, 0.383320005669, -0.0113803798449, -0.260363798, -0.604962594601, 0.752483190393,  
1210, 1147743.8006956822, 64.95094120113987, 98.62523504946346, 60.764719939194926, 45.72111305682268, 0.566628021656, 0.480552991066, -0.669329147618, 0.597431816298, -0.799038500427, -0.0679168588059, 0.567457408048, 0.361394933021, 0.739855251004,  
1260, 1896644.5540024745, 76.78901787087675, 100.45895518271742, 77.7018153902414, 58.006614156989194, 0.75720780563, -0.631656628916, 0.166271591799, -0.267439097819, -0.0675784384582, 0.961202103417, -0.595913305818, -0.772297259999, -0.220100600062,  
1278, 1162080.7872246464, 65.2202667260467, 114.10396259035447, 86.17315372967852, 28.214671457107432, 0.72921642737, 0.53343765762, 0.4285879927, 0.495296949892, -0.843628631823, 0.207296075687, -0.472148634946, -0.0611146218247, 0.879397901702,  
1287, 1378271.611319169, 69.03702485349204, 113.58013755898483, 70.20311293366612, 41.26553132505741, 0.539308735498, 0.831534659579, -0.1330270564, 0.79132454254, -0.446394685069, 0.417776559319, -0.288013118086, 0.330578122478, 0.898758337235,  
1301, 1206110.2015117488, 66.03377523843683, 116.05394724643989, 62.50210872892681, 39.6957301969264, -0.027517098522, -0.449511991169, 0.89285036769, -0.518064208137, -0.757462348419, -0.397316331119, 0.854898991423, -0.47348681135, -0.212032907685,  
1318, 973567.630907888, 61.483583547850856, 116.40696577661441, 68.39525507859862, 29.192586382228924, 0.366637882336, -0.0189511086492, 0.930170693323, 0.792482293687, 0.530122546615, -0.301565746998, 0.487389451495, -0.84770923143, -0.20938142592,  
1335, 2089269.7252198928, 79.30525524999392, 128.38652081235998, 91.5212181143661, 42.44872792184126, -0.086782388392, 0.176450636666, -0.980476409653, -0.1843500135, -0.97003631922, -0.158254895392, 0.979021904549, -0.167017101559, -0.11671074586,  
1375, 1049736.7471386886, 63.046928029880675, 127.09019103553089, 87.56332878487402, 22.519435271966543, -0.974317117314, 0.136625759594, -0.17899596846, -0.0614430109131, 0.60343308216, 0.795042937057, 0.216635434127, 0.785621993818, -0.579540483064,  
1420, 1208359.7855661975, 66.07480417808567, 120.48832985523565, 63.209342814799946, 37.87750765775949, 0.390481713336, -0.127998362752, 0.911669046685, -0.336723270642, -0.941526759294, 0.0120333096797, 0.856820559136, -0.311678970524, -0.410749009464,  
1459, 671947.0197094455, 54.335308964785575, 108.73582467524133, 54.851409145831525, 26.895893781510285, 0.582627406692, -0.412673170636, 0.700175805929, 0.287420947329, 0.910450261754, 0.297438262347, -0.760220036574, 0.0279495099943, 0.649064188569,  
1490, 2044456.3990619318, 78.73413875337931, 114.46618846971045, 97.87319633303639, 43.56605648846591, 0.421947296936, 0.623226036551, 0.658444975661, -0.683229045979, 0.69598141255, -0.220925200275, -0.595951801188, -0.356649941469, 0.719473606125,  
1521, 1241318.7896815666, 66.67017165986694, 124.25553400584418, 70.05872524818409, 34.04213181343977, 0.320371335312, -0.0906695669404, 0.942942859956, -0.758950864679, 0.57110926833, 0.312774341387, 0.56688252091, 0.815851232308, -0.114153292675,  
1522, 1750139.9005154362, 74.758638876828, 130.47668691623508, 93.34129424490636, 34.306579389956816, -0.996137566681, -0.0119248664884, 0.0869927916959, -0.0813330602918, -0.248038530425, -0.965329902535, -0.0330889944148, 0.968676770127, -0.246110612256,  
1549, 1111388.6991803504, 64.25779061463315, 141.1853376229593, 82.01058534460255, 22.91489432654514, -0.775274701136, 0.584240700862, 0.240024876284, 0.612965356401, 0.787614562939, 0.0627437016636, 0.152389663794, -0.195770538392, 0.968736954321,  
1550, 1343036.738851007, 68.4436394066904, 106.71950476794345, 78.80188732188726, 38.12579105134381, -0.938842677168, -0.0675837175657, -0.337649031761, -0.342335037974, 0.0773606520897, 0.936387767586, 0.037163817142, -0.994709892696, 0.0957657562345,  
1567, 2965375.1719827205, 89.12448074313272, 123.50950863555602, 118.5658733425652, 48.342704068777884, 0.0278034890482, -0.444093311772, 0.895549047477, 0.195377225694, -0.876202103249, -0.440565107494, 0.9803339766, 0.18721913551, 0.0624042436217,  
1570, 3113035.4095715764, 90.57989587580097, 118.98956469521723, 101.01808304671196, 61.828320949869486, 0.513046125877, -0.548602827475, 0.660165593173, -0.589052886479, 0.334390929502, 0.735662560688, -0.624339947187, -0.766301274926, -0.151598108145,  
1575, 777344.9388778849, 57.0394140310799, 92.34497421242892, 71.9542862353474, 27.92899010604472, -0.519338173022, 0.59165791122, 0.616626935945, -0.681715318446, 0.148280698807, -0.716433569117, -0.515317461997, -0.792435328877, 0.326334434145,  
1593, 1687343.7275023398, 73.85359673724375, 106.65853819915479, 75.43049655841523, 50.06939666784666, -0.680923376929, -0.719472145748, -0.136759592878, -0.696885827266, 0.579137245957, 0.423025051386, 0.225152167449, -0.383353468535, 0.895738030707,  
1607, 898827.3093647771, 59.86815623135372, 95.5341780128179, 56.69134947487429, 39.619782193034375, -0.343913910841, -0.459868857022, -0.818684222562, -0.928196110903, 0.0346068754345, 0.370478533626, 0.142039436899, -0.887312232821, 0.438750270486,  
1614, 1049105.0972698298, 63.034279914633515, 116.17057969684156, 66.44849262089265, 32.44509856686864, 0.684637041093, -0.294897057172, 0.666564211187, -0.597625894668, 0.296418773535, 0.744969261593, 0.41727138889, 0.908389584026, -0.0267011544104,  
1618, 1067556.529208426, 63.40167874463035, 110.6395318641431, 76.51577899576702, 30.105159890982986, 0.255797545748, -0.83551763377, 0.48628993332, -0.606376343782, 0.253097118136, 0.75382330721, -0.752911246623, -0.487700863696, -0.441896506276,  
1643, 1131091.5212717503, 64.6352916118045, 132.81537359544316, 82.80612228157473, 24.55264823649973, -0.0742744891438, -0.81325003767, 0.577154811548, -0.256717003527, -0.543655281836, -0.799084047289, 0.963628393294, -0.207517013187, -0.16839539446,  
1645, 1663461.7367300396, 73.503508374789, 96.9877488679678, 89.01044824911524, 46.00090108556987, -0.182750343588, 0.827883088294, 0.530294167454, 0.699157627172, -0.269778623814, 0.662116384407, 0.691216987845, 0.491761208566, -0.529518639393,  
1717, 732022.376314617, 55.90859551735089, 106.18822069079638, 54.81288460268701, 30.02456649517469, 0.266354500649, 0.724538242083, -0.635688300776, 0.629209130548, 0.368906454807, 0.684108103765, 0.730172000298, -0.582196155399, -0.357626182793,  
1723, 2909454.2484886413, 88.56068647792655, 103.7513274651168, 97.08138195238833, 68.95937409470177, -0.039789309802, -0.933908872035, 0.355290063975, 0.643533512029, -0.295959699979, -0.705884179511, 0.764383038615, 0.200554418356, 0.612777688527,  
1732, 3273019.0873417114, 92.10572871031543, 126.03073282677713, 91.7425990757166, 67.57910372257516, 0.406161071653, -0.460008083074, 0.789573142515, -0.806960119644, -0.585988736716, 0.0737059410486, -0.428775639674, 0.667090521555, 0.609213991036,  
1745, 1457235.2673081357, 70.33103706260461, 133.4532501152415, 93.70553479051607, 27.819329942662726, -0.0278752477015, 0.784443935729, 0.619572983807, -0.50866251115, -0.544697563939, 0.666758587189, 0.860514625278, -0.296567489009, 0.414200801721,  
1754, 1501177.5656027482, 71.03098198450091, 114.52370070237214, 83.41651904321024, 37.514228553267635, 0.568297877914, -0.29188551249, -0.769311620578, -0.216021654389, -0.955095844641, 0.202796874693, -0.793959801749, 0.0509389354822, -0.605832533014,  
1758, 1776552.735984712, 75.13284452287806, 101.1878210176532, 78.58877860845331, 53.33357691149888, 0.481199814041, 0.865351045632, -0.14005108636, -0.370745879504, 0.345672460891, 0.862008145328, 0.794351453576, -0.362874796045, 0.487162858392,  
1761, 2341218.0132668633, 82.37291137079237, 116.50895997062624, 105.79435433387648, 45.34521127265207, -0.49808306778, 0.240818725658, 0.833018366522, -0.846083679892, 0.0753949366495, -0.527691207193, -0.189883291029, -0.967637300284, 0.16619985225,  
1766, 2352258.9932611673, 82.50219617366746, 115.13168733776622, 104.03456241319732, 46.883930546934685, -0.973337487185, -0.070358766224, -0.218320361065, -0.227465879197, 0.173439574642, 0.958216044402, 0.0295535081015, -0.982328029715, 0.184819458378,  
1767, 2428485.145111492, 83.3839147326291, 107.29457461343577, 75.35039130231019, 71.71063491529937, 0.204605667182, 0.438149652881, 0.875306462125, 0.840428280142, -0.537066747229, 0.0723851846604, -0.501813537975, -0.720821885559, 0.478120259353,  
1774, 1261604.3432813413, 67.031384360113, 127.90815892608342, 74.51142638719352, 31.601917939972374, -0.105769897772, 0.871031937776, 0.479704171444, 0.755196105721, -0.243473435434, 0.608604574533, 0.646909244508, 0.426642765804, -0.63204776699,  
1798, 427980.32649125194, 46.7496537686044, 143.88403862977032, 60.51189580618228, 11.734965514316729, -0.564492443539, -0.715725887281, -0.411199143315, -0.798593281473, 0.34753318747, 0.491395415519, 0.208799070817, -0.605769872049, 0.767753743165,  
1806, 460492.382290269, 47.9046803896553, 129.20792981157962, 33.35208184936251, 25.510661774468296, -0.778084194395, -0.601958213627, 0.179530764717, 0.0446129748588, 0.23212667275, 0.971661921798, -0.626573753765, 0.764044185139, -0.153758948514,  
1822, 375261.94120601634, 44.7454249719083, 124.48119010974413, 80.45802610810252, 8.944844725628585, 0.447478034928, -0.306776973268, 0.840030533332, -0.647047743127, 0.537345704154, 0.540914792127, -0.617327001168, -0.785587348994, 0.0419510515757,  
1831, 1070082.5694288341, 63.45164613365626, 103.35153411315831, 65.79500555935076, 37.56806486750293, -0.967091491499, -0.130104109292, 0.218648045535, -0.233140890584, 0.797263246367, -0.556791380259, 0.101879204005, 0.589444006449, 0.801359089955,  
1834, 204775.09200660125, 36.56476950983143, 105.09007422773753, 40.636012888544904, 11.447633904900409, 0.779877663146, 0.567172879312, 0.264774914785, 0.259345951903, -0.677788135757, 0.687999215304, 0.569675791796, -0.467886917963, -0.6756858177,  
1852, 1732418.0185035008, 74.50544750758063, 107.81426208071285, 81.58918642110177, 47.017037968617586, 0.616949450377, -0.556647497457, -0.556342465802, -0.70777181362, -0.701556073465, -0.082934526162, 0.344140139369, -0.444929926347, 0.826804042755,  
1854, 1269963.5996238696, 67.17910618627776, 137.56338149404056, 89.66017362978837, 24.58103954437687, 0.828383882593, -0.180270843692, -0.530360788497, -0.432489120028, 0.395886540277, -0.810078396382, -0.355996213629, -0.900431157914, -0.249980850746,  
1856, 1008355.483571575, 62.207347709015266, 90.96541731677881, 79.6798440975303, 33.21240025837836, -0.493192118162, 0.840107736934, -0.22578867316, -0.150974269169, 0.17295238077, 0.973290421218, -0.856719501723, -0.514107444344, -0.0415359005938,  
1866, 105123.80292187908, 29.277735615717773, 87.8788180151801, 75.01760513060975, 3.8068437480001096, 0.699045655315, 0.702574834457, -0.133130664283, 0.691161282274, -0.616106147951, 0.377768839825, -0.183388259358, 0.356092426829, 0.916278849415,  
1870, 3019101.0860977904, 89.65950737794304, 145.97775289804602, 79.11900497524175, 62.40531133847713, 0.471370265158, 0.829392075725, -0.299864732587, 0.730653638371, -0.176830962671, 0.659451341174, -0.493918347361, 0.529943011432, 0.689351195527,  
1871, 1058664.913567328, 63.22516482273516, 115.89542415804033, 70.31279832163453, 31.01481813475383, 0.638251897913, 0.455618787187, 0.620520777712, 0.696074533018, -0.685836558205, -0.21238752297, -0.328808088851, -0.567485450202, 0.754881119458,  
1882, 1639994.3493371836, 73.1562183451415, 138.2874064595348, 81.90557849338367, 34.56667677560336, 0.886026480108, 0.408638736862, 0.219023878342, 0.379144933315, -0.910509291037, 0.16499075876, -0.266844891443, 0.0631443874862, 0.961668648881,  
1928, 295492.23062005563, 41.319255311628424, 119.46254343483433, 56.957684174549975, 10.367484078830415, 0.448807925508, -0.451289314379, 0.771303702006, -0.558888193516, 0.531730829962, 0.636322490264, -0.697291497976, -0.716659109476, -0.0135752589419,  
1932, 907410.3343114097, 60.05811592946153, 119.37145185778009, 65.14874059466779, 27.85534944512459, -0.438517272242, 0.251594802507, -0.862787724354, 0.877792492087, 0.325882309385, -0.351114028865, -0.192828791372, 0.911318152887, 0.363753050073,  
1935, 4535281.983610801, 102.68457938009921, 129.36785805552037, 101.96744256908637, 82.07819002367823, 0.83139848266, 0.113292651027, 0.544004906461, -0.214797226229, -0.837373041005, 0.502661458441, 0.512482892042, -0.534762718802, -0.671855728519,  
1966, 3822937.484382496, 96.99950744271632, 138.91919730857938, 93.99868917927837, 69.89152621894179, -0.4081418062, -0.787365294718, 0.462034802483, 0.236112153244, 0.397845239943, 0.886549612907, -0.881856744104, 0.470929992386, 0.0235292403069,  
1982, 2401692.5118773547, 83.07613146237759, 120.85680487086267, 84.31281517263702, 56.26833905950545, 0.584767551717, -0.147801748384, -0.79762243802, 0.487089464455, -0.722297791981, 0.490947811194, -0.648683870677, -0.675603835745, -0.350383636962,  
1983, 769201.8353172775, 56.8395416955077, 99.41676265105905, 61.14043385708824, 30.210893463513244, 0.657922771734, -0.237442118803, 0.714673958286, -0.655986209794, -0.646807820251, 0.389000946299, -0.369891496244, 0.724748841931, 0.581308349438,  
1985, 2023196.2185072312, 78.46027002383732, 122.03697474409145, 81.78658404210718, 48.392258645450035, -0.499517449108, -0.09936278915, 0.860586633738, -0.834561696729, -0.211250666391, -0.508802447226, -0.232355530147, 0.972368341773, -0.0225990160931,  
1995, 568490.1433422936, 51.389939919995506, 113.15846605848726, 50.49388713638866, 23.752453317650588, 0.202440790155, -0.644577216567, -0.73725025491, 0.695009703102, -0.435807616225, 0.571868196557, -0.689912486534, -0.628165530352, 0.359762181728,  
2002, 2170215.611231888, 80.31649690524462, 119.33884852976979, 91.09773710340701, 47.65679606748918, 0.433111300122, 0.0767965372323, 0.898062856138, -0.12713197523, 0.991607776003, -0.0234835994682, 0.892329570607, 0.104001492484, -0.439239828545,  
2023, 399697.23883758974, 45.69627993662384, 129.28861589506786, 71.78235825619528, 10.281690596128874, 0.405327016176, -0.882468494585, 0.238661614055, -0.871013288313, -0.45206699255, -0.192279187197, -0.277571362968, 0.129941488033, 0.951876750503,  
2047, 310997.77091915644, 42.02969343879393, 114.82913711963594, 46.12341941539354, 14.018290926887785, -0.977526525741, -0.0536084254199, -0.203882388149, -0.149995442466, -0.502708409453, 0.851343422072, 0.148132571411, -0.862792206611, -0.483369785463,  
2057, 1980861.953760494, 77.90916212906146, 111.45667368610785, 98.1229711191098, 43.24031345126047, 0.484382569199, -0.778998542546, 0.398164284395, -0.548585379659, 0.0840702482181, 0.831857123904, -0.681489257348, -0.621364196004, -0.386625048391,  
2075, 2977873.517794843, 89.24951801696574, 112.65819076052952, 96.78537828962762, 65.19962742853473, -0.960541015041, 0.0252964243046, -0.27698564826, -0.27343483806, -0.268251342186, 0.923728643461, 0.0509347402049, -0.963016774689, -0.264583340193,  
2080, 1893500.1803172207, 76.74655921730368, 110.79698063534357, 68.33353102910057, 59.7055843556241, -0.831568308176, -0.450744897183, 0.324535339372, 0.169336040221, 0.350739796743, 0.921035775887, -0.528979635071, 0.820859691205, -0.215336743349,  
2087, 631321.5006655857, 53.21744136078989, 96.84295432562931, 48.502489242123275, 32.087059022679355, -0.0813106431752, -0.0641265623056, 0.994623729514, 0.0269317886703, 0.997422315297, 0.0665086739262, -0.996324875764, 0.0321948591434, -0.0793740069499,  
2096, 387787.4609432341, 45.23782514530229, 111.11004838037888, 73.36002027181316, 11.357751789329091, -0.697240847848, -0.712122537663, 0.082077350374, 0.0781693093556, 0.0382841554024, 0.996204739258, -0.712562108989, 0.701010566823, 0.0289728499737,  
2107, 3708140.514646263, 96.01870797434667, 142.26157472973992, 120.94033053840826, 51.452775947663675, 0.370234302707, 0.918540679007, -0.138598636747, 0.500894508535, -0.323052879628, -0.802957986624, -0.782324262962, 0.227859294243, -0.579697239607,  
2109, 541772.9154845193, 50.5719337314426, 90.31426437180447, 55.50565443729824, 25.80091476938052, -0.401515117989, 0.500340811085, -0.767101481415, 0.909649820659, 0.120551990407, -0.397497699848, 0.106408711117, 0.857395060851, 0.503538375724,  
2113, 1975919.9567794022, 77.84431704391774, 113.64584982745664, 91.04127337921899, 45.592019975096534, -0.244904793119, 0.534096001543, 0.809174334395, 0.951060947856, -0.0298598874282, 0.307557247656, 0.188426950754, 0.84489635356, -0.500645019921,  
2117, 1417333.641783197, 69.683158700108, 114.54461186141995, 67.99971435149752, 43.44119195205421, 0.547788833561, -0.494446478341, 0.674870412658, 0.466850527761, 0.850050788936, 0.243852908447, -0.694246338525, 0.181483708041, 0.696480929502,  
2119, 3139610.6651824517, 90.83691900784954, 102.69664224171629, 95.56788587033222, 76.3693270055746, -0.358495429439, -0.311976073372, 0.879859055028, -0.909842527418, 0.327742010587, -0.254502946542, -0.208967945804, -0.891771329512, -0.401343111921,  
2122, 3287325.2536141714, 92.23972983182253, 113.96854117857009, 98.85152823551405, 69.6603560081032, 0.388953545111, 0.303940081705, 0.869675552421, 0.423842964861, 0.779131851218, -0.461855712919, -0.817968386237, 0.548246281474, 0.17422323027,  
2123, 3182482.642999125, 91.2485162816216, 127.10007559576823, 90.2991996165535, 66.1984353495281, 0.532066294008, 0.240348905175, 0.811873058158, -0.757798723556, 0.562893455339, 0.329987958134, 0.377685786545, 0.790811837113, -0.481632728253,  
2137, 360243.6497398473, 44.14036379674562, 116.97709343626069, 52.02145949106533, 14.13267481250184, 0.871274860156, 0.482362907413, -0.0905877674603, -0.166727224477, 0.464490894063, 0.869741479953, 0.461608222066, -0.742680439277, 0.485122267511,  
2147, 2558455.459876604, 84.8456830845871, 134.3018793236894, 89.09360409588805, 51.045872779803204, 0.306769925024, 0.729533116496, -0.61128851211, 0.897003315811, -0.00685653596771, 0.44197063176, -0.318240890717, 0.683911119847, 0.656497003515,  
2163, 3114959.2616811995, 90.59855145523811, 112.39393749373704, 89.0665419898921, 74.28588208909088, 0.239808551631, -0.372297326514, -0.896597211258, 0.465539539718, -0.766334647697, 0.442723553359, -0.851918303316, -0.523570347145, -0.0104544759048,  
2166, 2937098.5186521034, 88.8402901582057, 111.80266010145709, 93.09745325378746, 67.36587691587991, -0.174899834387, 0.974728123722, -0.138978893208, 0.832954579888, 0.22174527206, 0.506967160833, 0.524973061952, -0.0270946331365, -0.850687466159,  
2171, 830329.5722323229, 58.30699131922779, 110.94784614490521, 54.967518533489944, 32.5040059790487, 0.834230183666, 0.1308274749, -0.535671702138, 0.369731020163, 0.588003200482, 0.719410320299, -0.409095310886, 0.798208248538, -0.442159042174,  
2174, 2291269.9177029766, 81.78290781945118, 122.03585138085928, 87.43829532595531, 51.262351767443754, 0.425278994851, -0.745204501879, 0.513622455621, 0.458960157115, 0.666688603794, 0.587266446983, -0.78005983791, -0.014019841353, 0.625547834565,  
2176, 1389557.8011553425, 69.22495293522462, 113.01539993136164, 72.33007265648845, 40.581816228955795, 0.522739075487, 0.849376111934, 0.0728291111796, 0.667907351946, -0.461144682756, 0.5841620929, -0.529758084577, 0.256721253585, 0.808362894858,  
2179, 300238.7438191859, 41.53931925128192, 87.10875068524233, 48.1420493918484, 17.09195598692584, -0.709533250955, -0.207605856299, 0.673396149543, -0.689800772276, 0.00933908733728, -0.723939000203, -0.144005070593, 0.97816797631, 0.149833073004,  
2191, 945142.5244114964, 60.879288025253786, 132.17377636609513, 53.992269369808604, 31.61781208579878, 0.384858156629, -0.914214209587, 0.126872291164, -0.709705665642, -0.381003017538, -0.592582963629, -0.590086491484, -0.138018403179, 0.795455123154,  
2193, 2900906.134444075, 88.47386957124668, 116.3043446038785, 86.81707088547577, 68.58734625478202, 0.468768993866, -0.650810644128, 0.597244619799, -0.707140251952, -0.681679050736, -0.187793332834, -0.529347045387, 0.334304019234, 0.779764405615,  
2205, 799040.6248538733, 57.56520871957311, 103.36486237907388, 55.0727363227507, 33.50970966513071, 0.307072256505, -0.887154137797, -0.344476653889, 0.313274343282, -0.24756411985, 0.916826697039, -0.89864665755, -0.389447740207, 0.201902556996,  
2211, 1262572.5127163131, 67.04852685645244, 133.92794060624138, 54.54696730098692, 41.259686170626395, 0.172236850652, -0.759930976691, -0.626768998869, 0.392885657926, -0.530481877733, 0.751152339538, -0.903313526453, -0.37562466381, 0.207197453806,  
2231, 663397.3966731849, 54.10387668178418, 84.4832010610926, 45.81277434160452, 40.91930040941354, 0.788969446285, 0.352226105964, -0.503452066343, 0.48484975615, -0.86020790016, 0.157997096379, 0.377422742809, 0.368753493244, 0.849454492266,  
2235, 874839.0966478524, 59.330752700195816, 107.08127456789585, 81.66618158639639, 23.88272028816886, -0.492840656528, -0.287743724411, 0.821164804613, 0.836694847499, -0.415778513728, 0.356468735923, -0.238851040277, -0.862746646811, -0.445666247291,  
2236, 780624.7970618093, 57.11952376394567, 77.6743226306203, 61.82929349706969, 38.80448954831613, 0.170754311981, -0.80378591404, 0.569886979437, 0.453246278742, -0.449478797832, -0.769764003514, 0.874877577576, 0.389739675541, 0.28756253157,  
2249, 3387197.0009351424, 93.16453391567106, 155.18916692565347, 76.68494618638115, 67.94857103488994, -0.12025504604, -0.825361995808, -0.551648710483, -0.229192596958, -0.517587522425, 0.824362729707, -0.965924157168, 0.225567578579, -0.126924347911,  
2255, 1745570.8117479803, 74.69352474087465, 148.24012732911183, 65.02723646573963, 43.23025377390238, 0.0492856351061, 0.843654121724, -0.534620097893, -0.867443028936, 0.301485382231, 0.395789282133, -0.495089403767, -0.444245750908, -0.746680785261,  
2259, 1623358.0664376793, 72.90800891625825, 104.61990180852324, 86.96812633337422, 42.594281068321244, -0.604561567704, 0.783365188067, -0.144375527634, -0.61787940952, -0.346793247307, 0.705662439779, -0.502722931789, -0.515823056626, -0.693683089102,  
2264, 489199.47516383376, 48.88014186719731, 125.18681761409852, 47.157792414206504, 19.782688263588145, 0.682838885274, 0.225723509634, 0.694823685518, 0.586466591803, 0.397773126101, -0.705573154854, 0.435646638294, -0.889283665289, -0.139235660634,  
2268, 2095595.7746342546, 79.38521675630179, 144.45291819491206, 69.87711291579869, 49.56300525105111, -0.675973038136, -0.566012921718, 0.471900226914, -0.676556796374, 0.222825580165, -0.701868692922, -0.292115307701, 0.793711618456, 0.533563973423,  
2269, 1589761.0805039092, 72.40153109749318, 110.64552480573747, 66.96170923738478, 51.22510621305034, -0.203875398092, 0.764381546601, 0.611682657322, 0.933535643486, 0.339976553659, -0.113697604652, 0.294866112658, -0.547847418702, 0.782890274194,  
2274, 1655122.5982314493, 73.38047517246507, 115.42487436706558, 84.64960618436977, 40.440564256625514, -0.648505177308, -0.239085427432, 0.722688863478, -0.750276510962, 0.0404256137925, -0.65988705613, -0.128554237985, 0.97015665134, 0.205596400156,  
2277, 1251862.259256967, 66.85839998680106, 103.65225953660652, 78.11417230379992, 36.91129890113866, 0.36668962208, 0.888917231958, 0.274526639486, 0.892411030853, -0.4194767961, 0.166258141291, -0.262947281923, -0.184025466342, 0.947097331148,  
2280, 1840538.4781666407, 76.02424175468883, 110.53959118092422, 76.84978693484679, 51.72443674363125, -0.996403082002, 0.0583532738895, 0.0614474865467, -0.0618859861516, -0.996439958197, -0.0572497548202, 0.0578880203028, -0.0608465704481, 0.996467095277,  
2285, 1215261.4344021531, 66.20036270699636, 132.13837498154766, 84.55601853666913, 25.966153483362316, -0.876873695694, 0.287900001781, 0.384975467758, -0.0575826944593, -0.857968535158, 0.510464715703, 0.477259630704, 0.425445157046, 0.76890809805,  
2287, 1584728.6630463635, 72.32505422554313, 107.08129040438862, 64.66316338093026, 54.63812165870792, 0.410197052698, -0.433312478667, -0.802482818376, 0.601127067373, -0.533260396797, 0.595213909515, -0.685845920619, -0.726549134636, 0.0417340164708,  
