# Void_ID, Void_Volume, r = (a*b*c)**(1/3.0), a, b, c, vector_a, vector_b, vector_c 

6, 1778244.6386323115, 75.15668791422662, 124.21304531390058, 96.25163971385807, 35.508109662631064, -0.45704728587, -0.882777089345, -0.108684814976, -0.885864847602, 0.462746392207, -0.0333053791701, -0.0796947317009, -0.0810579239004, 0.993518174324,  
23, 73099.08599745044, 25.938276320395296, 104.66860303276007, 75.24334922509087, 2.2158420055071204, 0.599499559066, 0.766445789553, 0.230566975858, 0.302883175932, -0.483899274817, 0.821037924562, 0.740852252758, -0.422377015839, -0.522240936804,  
27, 934928.0425378358, 60.65917867672652, 154.2649310427169, 43.233706506621324, 33.46569877626826, -0.636844438761, 0.579167695109, -0.508914473917, 0.768203284936, 0.420571223191, -0.48268370517, 0.0655200261951, 0.698344203933, 0.712756970503,  
28, 1404371.7986254853, 69.47008498342464, 94.043243602747, 84.3730793221313, 42.253432110543635, 0.654625544273, 0.714288002588, -0.247503628547, 0.718996071019, -0.689423799501, -0.0879742834017, -0.233473867153, -0.120363923334, -0.96488469742,  
30, 208734.4439696583, 36.79892823038504, 127.3998170227033, 62.59719916652429, 6.248586758118201, -0.7311779691, -0.560940339601, 0.388232807618, -0.634845166679, 0.767808854106, -0.0862622623273, 0.249700604419, 0.309540787241, 0.917515181993,  
60, 1230379.6692647804, 66.47374993229703, 148.33604922042355, 69.00540748513893, 28.695956434577923, 0.795556309714, -0.589415351429, -0.140284359693, -0.336723131601, -0.622610766409, 0.706380468441, -0.503694044753, -0.514728449817, -0.69379170666,  
74, 1893343.7011899166, 76.7444450434992, 126.9585226855446, 76.80586020963503, 46.35372416529393, 0.43225268979, -0.596047532555, 0.676671967134, 0.493450819529, 0.784423222268, 0.375747916924, -0.754760823623, 0.171486288961, 0.633189191176,  
79, 808968.9013179813, 57.80264863149206, 126.4241820289884, 80.65539465683526, 18.939985593284113, -0.704457703962, -0.532684465225, -0.469027295407, -0.707317679334, 0.581524744153, 0.401908786219, -0.0586604111059, -0.614879038873, 0.786436725823,  
89, 1231693.905516284, 66.49740960069018, 115.94240895540939, 101.06672855364693, 25.09363955525115, -0.943355806447, -0.331172744794, -0.0201105829843, 0.111718394295, -0.374138226536, 0.920619132878, 0.312408102997, -0.866224682488, -0.389943555699,  
103, 1749929.6077869218, 74.75564448233015, 95.64519481683344, 82.05211301041766, 53.23276739769844, 0.597282256413, 0.763806875288, 0.244648653046, -0.446514473016, 0.0632850220633, 0.892535619104, -0.666242246906, 0.642334852896, -0.37884984518,  
109, 3284334.72558009, 92.21175073373817, 117.81677638901225, 92.32027225455633, 72.08660801402678, 0.601828855281, 0.164908592261, -0.78141358137, 0.359244406814, -0.929768114181, 0.0804655828604, -0.713263965951, -0.329144968138, -0.618803769239,  
111, 1219024.0672005601, 66.26861442064022, 142.99662102131458, 51.53197161476371, 39.493091959177306, -0.847842937055, -0.18590568145, -0.496589802243, -0.101721557662, -0.862105406046, 0.496414135146, -0.520398961177, 0.47139510654, 0.712019364018,  
122, 1118402.7181649932, 64.39268507417364, 102.68819350533612, 60.68061801183623, 42.84884259402899, -0.435159648056, -0.735982108641, -0.518619722402, -0.894885578387, 0.290170196309, 0.339088570684, 0.0990751346089, -0.611662973324, 0.784890135476,  
141, 1937438.139663928, 77.33565090599228, 130.24710565706368, 85.76041588318337, 41.408002027599444, 0.80675056876, -0.590705923072, -0.0148334841816, 0.196648986358, 0.244729517987, 0.949440171464, -0.557209741452, -0.768878387961, 0.313597398837,  
171, 2508859.6981439316, 84.2938561877772, 151.35966854377895, 102.18653287087946, 38.72433190326006, 0.758877530423, 0.579951687332, -0.296244720087, -0.230851778188, 0.664922873514, 0.710341487445, 0.608943634769, -0.470673573338, 0.638477906458,  
177, 2247282.052371524, 81.25616562839262, 125.100673865803, 79.99847144774319, 53.60775697560829, 0.801709839381, -0.597134600171, 0.0262983405953, -0.153602218876, -0.163305724868, 0.974544816097, -0.577639759535, -0.785341651451, -0.222645006008,  
184, 828007.319653582, 58.25258320888474, 96.68120502759886, 51.072092145881726, 40.033159143431384, -0.048570709067, 0.653126954196, -0.755689134448, 0.975129018607, -0.132797584583, -0.177449143697, 0.216250510497, 0.745513234779, 0.630432973026,  
189, 1732201.3606172488, 74.50234147012988, 137.6976834502038, 63.560279769905655, 47.24951249447773, -0.255304831419, -0.906155440144, 0.337196917766, 0.316660613352, 0.251153243355, 0.914684702126, -0.913534618395, 0.340300406478, 0.222823101013,  
190, 1257274.2402695834, 66.95460764694717, 108.49684763448846, 90.64815224678905, 30.518650966668897, -0.828013754753, -0.277822593688, -0.487039863232, -0.220337752274, -0.637518798825, 0.738255413843, 0.515601102465, -0.718598905915, -0.466659528516,  
196, 2038045.5898454369, 78.65175694514667, 120.36395145669118, 82.78124023547822, 48.83114634556883, 0.345030675661, 0.168364836985, 0.923367269574, -0.662135041171, -0.653595597267, 0.366592392839, 0.665230050514, -0.737879446048, -0.114030272266,  
209, 3797578.343469146, 96.78455202909977, 132.47086403646412, 101.6240073174236, 67.34439371284127, 0.365878045983, 0.217167012671, -0.904970576359, 0.858713572345, 0.296122495973, 0.418237334595, -0.358809498395, 0.930134375231, 0.0781395410478,  
215, 2604594.3985041375, 85.35268042681388, 115.1595637112685, 105.17478555376178, 51.33810653523243, 0.681532854956, 0.514166435437, 0.520716664114, 0.281256227534, -0.840957739466, 0.462260765052, -0.675579678565, 0.168591094377, 0.717752841031,  
227, 2115087.8615005435, 79.63059018181825, 116.03605381691823, 77.78985131997115, 55.940186678055404, -0.0942208053146, -0.253775085832, 0.962663308565, -0.960630603908, -0.230684171903, -0.15483428454, 0.261364272007, -0.939352446446, -0.222048865509,  
233, 1726673.6739337607, 74.42300803695339, 95.48736068982123, 89.06274366950309, 48.47074544214898, 0.960693549613, -0.277557869724, 0.0054343983363, -0.0899115708042, -0.292565545204, 0.952009091971, 0.262647697813, 0.91507760912, 0.306021496173,  
244, 665812.2742872004, 54.16944624168753, 105.58621872444385, 76.3884555690457, 19.707349616716048, -0.0803823765008, -0.703881505669, 0.705754560399, -0.512357576943, -0.57816825915, -0.634989116017, 0.855001980639, -0.412640630681, -0.314164484012,  
295, 3199073.0849538906, 91.40680258165082, 124.33045264283511, 86.14497536062886, 71.30633033490773, -0.515729153908, 0.710603988456, 0.478607784517, 0.80953076755, 0.221279081276, 0.543778911488, -0.280505572492, -0.66789036509, 0.689375865563,  
308, 327769.58643941116, 42.77204495566642, 122.61500286733381, 89.70721963266666, 7.113920946511308, -0.249619452185, 0.95851130001, 0.137645257251, -0.73715512975, -0.0959195432308, -0.668880972902, -0.627927100685, -0.268431609501, 0.730514905561,  
333, 1461318.626595184, 70.396667980691, 106.63875925353385, 73.39052807230074, 44.57601231288738, 0.29367782418, 0.0344783675983, -0.95528245967, 0.889851873343, 0.35517467718, 0.286381899215, -0.349166119623, 0.934163899355, -0.0736262864006,  
349, 502058.5795230619, 49.304731099296845, 118.30398448418923, 75.71799089814492, 13.380345567786746, 0.0804731235133, -0.754634078379, 0.651192355715, -0.580195576749, -0.566689968889, -0.585009035726, 0.810491930319, -0.33074142001, -0.483438666199,  
358, 2111927.0372723085, 79.59090329089905, 130.06465823012923, 72.99431000545499, 53.1058041008837, 0.873306407342, -0.033075733656, 0.48604723509, -0.197257241494, 0.888242312337, 0.414867659927, -0.445449772224, -0.458182922442, 0.769183274654,  
372, 215470.88656928152, 37.190612402372295, 83.72594528042747, 52.27606552513163, 11.752683375204283, -0.923019230941, 0.280858042197, -0.26297197464, 0.362796815363, 0.862912472485, -0.351796156307, -0.128117017118, 0.420120012572, 0.898379210001,  
388, 1595564.9109714923, 72.48953088039637, 101.39201093726521, 68.40751521742234, 54.91845555088761, -0.940579737278, 0.0520191203167, 0.335564850578, 0.298702201437, -0.343279367248, 0.890469691162, -0.16151393958, -0.93779170776, -0.307343391304,  
405, 3466362.501441467, 93.88476485560433, 145.5145037441521, 81.09747266238685, 70.12482106488017, -0.0852762677532, 0.966808105714, -0.24085274523, 0.138074939435, 0.250867965414, 0.958123465441, 0.986743770823, 0.0484494649693, -0.154885054431,  
406, 2031667.656621472, 78.56962599792973, 128.87557292370292, 90.50288267400875, 41.58445711202601, 0.387540591973, 0.64982061865, 0.653869599501, 0.797985977675, 0.118657757204, -0.590879612179, 0.461552455314, -0.750768606318, 0.472563044217,  
431, 392241.5826649346, 45.410366575617715, 103.24830003439546, 71.34690541917485, 12.711797695623734, -0.265816476235, -0.386157886416, 0.883302715789, -0.506586946805, 0.835511452431, 0.212815126774, -0.820189774557, -0.390899858808, -0.417715254803,  
448, 1987190.7416510587, 77.99204631260785, 109.01651039194937, 74.00429390977604, 58.80330694265291, 0.53616765496, -0.648242786052, -0.540652879496, 0.440723492246, -0.331282485193, 0.834274965696, -0.719921557642, -0.685589677093, 0.108072871277,  
459, 182069.2812335316, 35.16003964866706, 124.79719170909141, 54.268231295408064, 6.417968607666042, 0.552180928959, 0.737384555858, 0.389050431791, 0.388163470432, -0.640357354425, 0.662775662541, 0.737851842795, -0.214956915256, -0.639818867077,  
480, 1168029.9783093643, 65.33137419926398, 129.50886829179913, 67.4968390756844, 31.89939429567909, -0.323754377499, 0.683499441985, 0.654225966969, 0.0312907111675, -0.683354408988, 0.72941596028, 0.945623600829, 0.256622805929, 0.199851797671,  
491, 841895.9095500943, 58.576479061588444, 92.6720666609082, 70.11133223727548, 30.933760758001693, 0.591909144847, 0.120715839609, -0.796913577695, 0.341419836749, 0.858082226341, 0.383571881025, 0.730120578618, -0.499121807684, 0.466691934549,  
505, 3197223.2887103297, 91.38918116905486, 148.52415218028747, 97.44284006175417, 52.739662111832835, 0.568486876001, -0.822522063705, -0.0167369810181, 0.420299100231, 0.272881012782, 0.865381198784, -0.707227925184, -0.498992392309, 0.500834557771,  
537, 307948.0390893575, 41.89185688927351, 89.10538637038357, 55.78713502644718, 14.789408929169603, 0.697532960681, 0.14518626605, -0.701689900821, 0.324387866267, 0.809182732069, 0.489893680649, 0.638921185266, -0.569336679191, 0.517334963777,  
568, 2978996.968403899, 89.26074021050437, 115.59287293316135, 100.34579652291204, 61.312808445537364, -0.246758139236, 0.947539958831, 0.203170980064, 0.958195446711, 0.207234596285, 0.197269632748, 0.144816803662, 0.243355395506, -0.959065297493,  
630, 662166.2216196808, 54.07038615090499, 120.55458207636767, 64.72118685011482, 20.260409496549496, 0.15774871401, -0.921858705397, -0.35396591716, 0.592714161733, -0.198308174768, 0.780617569813, -0.78981343728, -0.332942029644, 0.515115850259,  
671, 1510341.2288074167, 71.17522075697849, 116.67027357973136, 79.74028015541113, 38.756852049836986, 0.298394987402, -0.898304225566, 0.322505736109, -0.813937087718, -0.0630299099552, 0.577523720456, 0.498464490943, 0.43482956291, 0.749970934429,  
675, 1935045.2577972729, 77.3037993402787, 139.71297853121263, 67.53156797035071, 48.96197556126713, -0.462841608867, 0.864656115139, -0.195313715993, 0.84342698296, 0.497362121486, 0.20313011723, -0.272779342173, 0.0707157879424, 0.959474182987,  
677, 908242.6103304792, 60.076472070186334, 161.91383909558607, 59.061832443175874, 22.673698960190613, -0.811753116369, 0.0474010672931, 0.582073892976, 0.549434146298, 0.399801292671, 0.733676390011, 0.197936850908, -0.915375368468, 0.350583710196,  
678, 1466806.881141467, 70.48468715206653, 112.3031202024017, 94.7547454652808, 32.907245960027716, 0.719729522019, 0.570083800349, -0.396224526896, -0.655825021713, 0.745535842902, -0.118616389438, -0.227778304563, -0.345225676228, -0.910459376602,  
741, 350270.8217231747, 43.7292253449439, 148.0889584111429, 37.856632037272476, 14.915942468578844, -0.256444932818, -0.838571075544, 0.480660532698, 0.138347357953, 0.460324551384, 0.876904393842, -0.956606504776, 0.291375803138, -0.00203380589638,  
776, 2638947.205217509, 85.72629035200279, 118.6057818330077, 94.46055532603542, 56.23228577336102, 0.0530032521134, -0.966936828454, 0.249447038556, -0.872393918888, -0.166389958122, -0.459612045234, 0.485921295637, -0.193255146413, -0.852369017991,  
799, 584765.7248440878, 51.87575533487017, 157.16983121907603, 105.59449742619117, 8.411681604170887, -0.528267504869, -0.10970785795, 0.84196058649, 0.0663420523774, 0.983252790098, 0.169742990581, -0.846482235718, 0.145527099432, -0.512142253622,  
802, 2167382.152660294, 80.2815276333486, 112.08567714684936, 107.86458857682445, 42.797447944242045, -0.92976109869, -0.168304648862, -0.327441360452, -0.0951270214096, -0.749367805841, 0.655285236646, 0.355661565481, -0.640407242885, -0.680722714546,  
805, 1761297.2908958357, 74.91716811654918, 106.17293007705442, 80.83721104748508, 48.99129657373625, -0.246105346163, -0.0320673796743, -0.968712465983, -0.951570838541, -0.18199049683, 0.247774894414, 0.184241954582, -0.982777259721, -0.0142744508541,  
813, 389932.24134705676, 45.32107252703131, 114.32343740568426, 48.979275030326235, 16.6246652840972, -0.293882931928, -0.316806965288, 0.901812712855, 0.14149748385, 0.918660853949, 0.368836952442, -0.945310152482, 0.23599911476, -0.225151356751,  
820, 1190130.8286133958, 65.74085760682853, 122.88299199120647, 95.10975084633493, 24.310241583846118, -0.782607037793, -0.141450592806, -0.606232590837, -0.586167468922, -0.160453726921, 0.794142493445, 0.209604205051, -0.976855327729, -0.0426584799657,  
833, 138800.52736593803, 32.11940579595855, 57.431843621984676, 26.705788783013165, 21.60450594546824, -0.803267624417, 0.512023799983, 0.304290571353, 0.589999138776, 0.614005341651, 0.524307597378, -0.0816219321446, -0.600690493245, 0.79530421319,  
854, 898236.1253476273, 59.855027695520896, 106.59351160750644, 85.78724925990727, 23.450299617033632, 0.296495434386, 0.107901821746, 0.948919203227, 0.744662279108, 0.595995735249, -0.300444959415, -0.597970356675, 0.795704895315, 0.0963595979133,  
858, 506711.3270122323, 49.45657091047076, 123.10311159370032, 53.770941149353895, 18.274913705841914, 0.777777552026, -0.615507447661, -0.127328949724, -0.459601625626, -0.695122837639, 0.552784394058, 0.428752172339, 0.371422700526, 0.823539162547,  
861, 3196645.1656781323, 91.3836724957911, 135.98676751626115, 88.68557246118273, 63.278503216890314, -0.0242703867723, -0.877735841745, 0.478529769651, -0.547376127013, -0.388875083156, -0.741050298749, 0.836534711714, -0.27992134934, -0.471013496921,  
865, 1541548.9209474558, 71.66210606604865, 140.9952936113201, 68.58273204411609, 38.05829292638027, -0.646638135594, -0.72306403278, -0.242976389995, -0.711023125649, 0.68670380361, -0.151274587753, -0.276234024675, -0.0749419148859, 0.958164115904,  
878, 1785054.1504228478, 75.25249934280568, 110.23455447610912, 105.317828948518, 36.70651358490421, 0.276887534464, -0.411047263612, 0.868546740444, -0.941044465504, -0.298807114482, 0.158586324379, 0.194341470622, -0.861251679483, -0.469549717692,  
893, 2114785.147126533, 79.62679105290493, 88.87998622010939, 83.54466835511275, 67.99154724599659, -0.715483261946, 0.564900315787, -0.411061230352, -0.653397604924, -0.332800164602, 0.679937953287, -0.247295919405, -0.755070648128, -0.607217460702,  
929, 520714.565998956, 49.90802366790192, 82.1877305483366, 57.559833323680415, 26.27753365586256, -0.279316930491, 0.122570942798, -0.952343644029, 0.944937386268, -0.141041718323, -0.295297425872, 0.170515067882, 0.982386684394, 0.0764265264865,  
969, 3269330.2393795117, 92.07111319235158, 117.13639945834409, 87.49099014262052, 76.15790349466705, -0.056839835365, 0.889308067872, -0.453762485816, -0.951406222186, -0.186022821359, -0.245401121268, 0.302647374847, -0.417763893069, -0.856666735753,  
983, 745053.1651869072, 56.23839074680751, 120.16826971148886, 89.45844301756172, 16.5457901425156, 0.626426414065, 0.468331975269, -0.623101202617, 0.228649863579, 0.653810935616, 0.721283924924, -0.745190705556, 0.594303307587, -0.302480397619,  
1013, 1733140.7830056336, 74.51580728701647, 137.6367095126281, 99.18950308562576, 30.307159644303468, 0.696606750748, 0.711705421133, -0.0906334835592, -0.269247902149, 0.376423762935, 0.88645965384, -0.665014738183, 0.593110903818, -0.453844525991,  
1023, 123451.98202390422, 30.8889504871264, 80.15214085823507, 30.285782320417788, 12.141030057155222, -0.263184234912, -0.712167832518, -0.650807987674, -0.964359234347, 0.213292540778, 0.156580839116, -0.0273006524421, -0.668822301045, 0.74292085985,  
1043, 2305563.144646831, 81.95261274649143, 136.91357389899798, 75.65853645977312, 53.13540176310694, 0.502424131102, 0.290440955387, -0.814379545372, 0.431269063383, 0.732173034501, 0.527190328551, 0.749384405666, -0.616089846518, 0.242603201878,  
1055, 2348349.9035677216, 82.4564688814733, 116.79373626312831, 110.56037664944, 43.41653262639997, 0.12814735815, 0.988645919109, 0.0784697472129, -0.557233181974, 0.00632382106831, 0.830331975895, 0.820408090834, -0.150130796027, 0.551716692314,  
1091, 1247680.886263223, 66.78387854493631, 138.22919762776698, 57.56630265176107, 37.43232379927202, -0.810827093817, 0.488355686431, 0.322595950784, 0.580668687845, 0.602112693332, 0.547981915289, -0.0733709676084, -0.631639951284, 0.771782140927,  
1096, 723156.9041518198, 55.68197647846916, 104.32829800094486, 50.0071314145565, 33.09099778665914, 0.753029879064, 0.373185560105, 0.541921155673, 0.418919863345, -0.907028145939, 0.0424981243117, 0.5073974274, 0.195019179067, -0.839354138885,  
1115, 2614112.8496993855, 85.45652739079266, 148.52676220502326, 69.8088933388347, 60.18943345740886, -0.981081297651, 0.143463006962, -0.129991742169, -0.0561841618759, 0.431568333019, 0.900328892067, 0.185264209585, 0.890599314826, -0.415343271377,  
1146, 1945271.4439844696, 77.43973665230871, 126.08111889165936, 82.5066099066836, 44.64294178684883, 0.647107911843, 0.691272043185, -0.321549860426, 0.688257342118, -0.711103307343, -0.143645108887, 0.327953017139, 0.128355165837, 0.935933635442,  
1170, 3403211.8919458855, 93.31113247069725, 132.90923080925015, 100.24173967140621, 60.98129475895776, 0.609594407481, 0.766546968942, 0.201991095777, -0.440796275383, 0.115998965811, 0.890080268031, 0.658857573362, -0.63162487628, 0.408603369648,  
1187, 1122704.2843528336, 64.47513451544283, 105.00313239670479, 77.07434456074431, 33.11804375389119, 0.492098399309, 0.666355921424, -0.560186532666, 0.535511580589, 0.275624425373, 0.798284738169, 0.686342853429, -0.692821017378, -0.22120697418,  
1201, 3135053.354249066, 90.79294619393592, 131.32726627823246, 113.91975393505359, 50.02676094299536, -0.660966219826, 0.736495578652, 0.143867713104, -0.719728125575, -0.567912147657, -0.399333466917, -0.212403110865, -0.367491571561, 0.905447327748,  
1221, 1772521.9145439942, 75.0759785098569, 116.7621061597931, 72.28183067937391, 50.138569662381464, -0.670129381924, 0.680690450204, 0.29595121639, 0.720761808705, 0.692003067967, 0.040424856675, 0.177282335821, -0.240400218232, 0.954347268283,  
1228, 1545551.7170803295, 71.72407855723269, 111.59479654457523, 72.05016935642588, 45.88978066453826, 0.263664971085, -0.926035766992, -0.270071363301, 0.271116957768, -0.197549949009, 0.942056056112, -0.92573018652, -0.321608109194, 0.198976998338,  
1234, 2462910.1577174454, 83.77607066521675, 142.19966206408625, 76.93214095701529, 53.746919485289645, 0.660489802273, -0.23141216523, -0.714283998755, 0.341628389496, -0.754520222069, 0.56034746183, -0.668612940784, -0.614123476405, -0.419295946968,  
1235, 903589.9075416711, 59.97371074865972, 117.7166273124618, 83.95886706612102, 21.82621263765551, -0.881431108753, 0.36984297249, 0.293760746566, 0.431382825083, 0.883649621219, 0.181857650769, 0.192322798301, -0.287018331505, 0.938420171689,  
1237, 349149.7448275982, 43.68252222625376, 142.40399965315336, 69.99088044389904, 8.362949525346954, -0.351850624329, -0.927646078665, -0.125195410848, -0.0726754461259, -0.106271770892, 0.991677664487, -0.933230634779, 0.358021037719, -0.0300253036769,  
1248, 877245.4975042918, 59.3851028339462, 107.34319392633441, 87.9929142822705, 22.17227843350871, -0.330475709991, 0.922209737813, 0.200785967112, -0.575402651132, -0.0282339293435, -0.817382795454, -0.748129396679, -0.385657937448, 0.539972555883,  
1288, 1288232.758522295, 67.49971043735657, 109.80333162755774, 68.76806680135614, 40.72896707294526, 0.126236049851, -0.955273740588, 0.267425765887, -0.244183680386, 0.231364644588, 0.941724339426, -0.961477399605, -0.184180568402, -0.204055698946,  
1302, 642080.1829433122, 53.51804235738348, 131.59706107935446, 50.37661634365232, 23.12200403415986, 0.350643330042, -0.323142563803, -0.878992684017, -0.787320749741, 0.406532680452, -0.463526932067, -0.507124533151, -0.854581806022, 0.111868872763,  
1312, 2503446.5701869484, 84.23318825554504, 132.69775640227658, 71.67663792851046, 62.83599717043032, 0.0209587990467, 0.881360577702, 0.471979089384, 0.564593552575, -0.400036373651, 0.721945302739, 0.825102932447, 0.251345244293, -0.505994781631,  
1347, 2518888.1146603646, 84.4060200354438, 118.1368918936966, 81.7803135264186, 62.24234637001813, 0.168418241205, 0.313052460562, 0.934683611157, -0.592542391011, 0.789931637688, -0.157802162956, -0.787736511077, -0.527262899051, 0.318535750585,  
1351, 1335393.177322919, 68.31354895087826, 111.32064011174118, 69.6638672105051, 41.10903377624788, -0.00978725545689, -0.997662183217, 0.0676341467735, -0.510368380378, -0.0531802813203, -0.858309952167, 0.859900183708, -0.0429188287101, -0.508654743614,  
1354, 1174629.4837819117, 65.45418647977498, 117.68238088313399, 58.84788513413159, 40.492070310401246, -0.902544540216, -0.257220221439, 0.345327541053, -0.365078317961, 0.88235271397, -0.296936878652, 0.228322523376, 0.394070356449, 0.890268150327,  
1355, 1810761.7149153214, 75.61203002149398, 141.97028780101164, 74.0287005361618, 41.13155281747652, -0.608969963806, -0.756228959722, -0.239318498368, 0.249849734701, -0.469237794713, 0.846989375425, -0.752815178681, 0.45599742597, 0.474695327822,  
1366, 1333056.8460065473, 68.27368647075897, 102.34253615660008, 71.15879695702264, 43.699381290362666, -0.795641773706, -0.309066299048, 0.520991545735, -0.604582623572, 0.458911997459, -0.651060388799, 0.0378684460895, 0.832993278113, 0.551985669569,  
1374, 2823468.419409564, 87.67950885376635, 115.24453283153854, 86.03569155583132, 67.98221951693856, 0.249416856797, -0.956600951834, -0.150684606037, -0.569024591662, -0.270677336957, 0.776495198531, -0.783582953891, -0.107927745316, -0.611840956591,  
1377, 1012371.4071767442, 62.289821612909705, 158.28816087268783, 43.6077842814522, 35.013764599353465, -0.103489925893, 0.832641740898, 0.544056583962, 0.376339548451, -0.473546571231, 0.796317894529, 0.9206836479, 0.287160889032, -0.264348717228,  
1381, 1061561.4988666896, 63.28277521752925, 107.02310473878457, 67.61823058109786, 35.01992421571945, -0.260442002373, -0.964504629001, 0.0435979820145, 0.0317027430783, 0.0365888689547, 0.998827407889, -0.964968859333, 0.261518785758, 0.0210481641559,  
1382, 913089.5176937322, 60.183150118710145, 132.44611371462577, 48.49897883031413, 33.93539696495083, -0.414384172215, -0.832204138208, 0.368404709753, 0.188088328271, 0.317746394618, 0.929333099311, -0.890454119304, 0.454393553054, 0.0248588084279,  
1383, 865897.1714930665, 59.12791576493413, 103.90725074108214, 64.12205202297922, 31.025904080680455, 0.321776350373, 0.352197852304, -0.87887237593, 0.906745145566, 0.152555190696, 0.393115955901, -0.272531138282, 0.92340867801, 0.270265040362,  
1385, 2421197.2518187743, 83.30041933687097, 121.94484747888025, 96.99271677796236, 48.86962246955604, -0.607433298366, -0.363374000589, 0.706388082948, 0.515594175224, -0.856828958236, 0.00260438156328, -0.604307400675, -0.365791569099, -0.707819958369,  
1397, 1263904.1443332375, 67.07209053736034, 125.38162509148765, 74.8953574598041, 32.13192437768157, -0.731831589034, -0.265506085788, -0.627637669123, -0.642483718437, -0.0382948171283, 0.765341870359, 0.22723819405, -0.963348340628, 0.142557980394,  
1405, 2385479.445995232, 82.88876899772302, 123.17031953125654, 97.41265671655573, 47.46413969993256, 0.82650109652, -0.241961258216, -0.508282093894, -0.507494336112, 0.0704737297754, -0.858768276211, -0.243609187563, -0.967723205743, 0.0645473531682,  
1415, 2869207.415671324, 88.15043202351231, 121.99583018930865, 106.47979411532201, 52.73040971686384, 0.757914290937, 0.596152062218, -0.264893650936, 0.436500417624, -0.161676164385, 0.885058305019, -0.484802344267, 0.786424526947, 0.382757299617,  
1416, 1900415.9501577176, 76.83988139269333, 122.1852954470505, 94.72455802316578, 39.19931939887289, -0.947086959454, 0.0795224273573, -0.31097021526, 0.32066669068, 0.27701172581, -0.905779982806, -0.0141125731205, 0.957570199678, 0.287854386747,  
1422, 1807802.2673224988, 75.5708149798749, 139.5755562170864, 60.941258925152724, 50.738956188253184, -0.243404969699, 0.956039918678, -0.163528880082, 0.267560233957, 0.228241370643, 0.936118260655, 0.932290481519, 0.184102011455, -0.311353348219,  
1430, 423781.56113198184, 46.59626956697942, 103.25969181831792, 56.56982217079695, 17.319598064002868, -0.104733822794, -0.695528266089, 0.71082435062, -0.202296712539, 0.71471137456, 0.669524974269, -0.973707793159, -0.0736755193115, -0.215557536159,  
1431, 519228.7831826854, 49.8605100340266, 114.03185790787472, 50.79553477204262, 21.40022861421092, -0.115291679306, 0.371021901942, -0.921439404932, 0.975366871122, -0.133338000974, -0.175728325017, 0.188061945645, 0.91900148301, 0.346509709568,  
1432, 705936.852884116, 55.23644864330045, 126.70646763695702, 69.9390192013474, 19.017740797068765, 0.316841731423, 0.0931197517456, 0.943896196127, 0.850738245769, 0.412093523593, -0.326225941638, 0.419351588067, -0.906370586265, -0.0513478912769,  
1440, 2339157.2551732277, 82.3487358529658, 103.38174122384225, 100.38650722677323, 53.80859141647705, 0.259081334256, -0.944921157196, 0.200002172299, 0.932730321384, 0.191007355901, -0.305827300226, 0.250780800326, 0.26578223544, 0.930843055253,  
1442, 3637651.5395661015, 95.40639698454967, 135.597441577238, 92.4169705418801, 69.29936603946115, 0.195313964199, -0.491640432424, 0.848611890439, -0.501641897396, -0.793601482745, -0.34431394593, 0.842738311794, -0.358449957164, -0.401628890947,  
1446, 2560157.367052884, 84.86449228052673, 108.93239527658774, 91.48662153158459, 61.32865052927517, -0.966280126179, -0.162581156971, 0.199674948728, 0.0271159337354, 0.706896569691, 0.706796976434, -0.256061406481, 0.68837824425, -0.678651566677,  
1459, 1960474.4246451275, 77.64095296188084, 107.52239512581977, 67.35317016651439, 64.62723863430013, -0.826287463428, 0.55886232158, -0.0701564914975, 0.209301093888, 0.420292126636, 0.882919917312, 0.522916895767, 0.714861828472, -0.464252610456,  
1460, 2171456.721689658, 80.331804546824, 112.24174522066437, 94.9918514658255, 48.62076697997874, 0.613643830429, 0.0855899965657, -0.784930316566, 0.447448463109, 0.781381044075, 0.435009812329, -0.650562158627, 0.618156951307, -0.44119254449,  
1474, 3006407.028537607, 89.53367060402906, 111.68000021612377, 90.01451345483918, 71.39556326777979, -0.782032372241, 0.157768102511, 0.602938300822, 0.589190196123, 0.502532661733, 0.632705173587, 0.203175494487, -0.85004126354, 0.485952228844,  
1478, 2084397.9712545068, 79.24356601032278, 109.30627288478274, 74.5073407026952, 61.100938857941124, -0.455104226411, 0.855788049815, -0.245981619021, -0.0235589549326, 0.264578674309, 0.964076294047, 0.890126462221, 0.44455026588, -0.100249400799,  
1479, 1638872.139224281, 73.13952816959004, 131.28113721361714, 98.68585125674898, 30.19946444181588, -0.116637638664, -0.992546230919, 0.0353219582615, -0.894198952679, 0.0894705963717, -0.438637943425, 0.432208160814, -0.0827465520336, -0.897969439264,  
1483, 1193157.1823741712, 65.7965340320334, 122.9767541301411, 63.604832228064986, 36.41630796719776, 0.777208332256, -0.528613267192, 0.341343261279, -0.433255209086, -0.842953048158, -0.318935859385, -0.456330069217, -0.0999908613333, 0.884174584332,  
1490, 1467116.9856567844, 70.48965396805025, 116.10178640957754, 77.8798208805293, 38.73577859765411, -0.160033381438, -0.0834689780837, 0.983576253538, -0.535855165562, -0.829474754818, -0.157578147784, 0.829004558712, -0.552272180013, 0.0880163667604,  
1491, 2339970.7097596386, 82.35828048607257, 121.08719638767344, 80.90870534941766, 57.020147472792885, -0.462611378401, -0.65734592313, 0.594884064267, -0.883741696832, 0.395386612546, -0.250339848805, 0.0706493160187, 0.641533914898, 0.763834347343,  
1492, 1130154.1808257378, 64.61743216206162, 125.13870158211077, 76.95313310817123, 28.017613217229393, 0.857378021932, -0.142327749998, 0.494616759813, -0.431096155852, -0.723584519961, 0.539056163014, -0.28117437991, 0.67540229053, 0.68174241032,  
1494, 703817.3567079761, 55.181112813732156, 92.3556622848012, 53.7237079550165, 33.86428081420733, 0.242709423715, -0.815426981083, -0.525519718147, -0.906123199776, -0.384024881408, 0.177385561105, 0.346457620018, -0.433132461241, 0.832083762941,  
1497, 1011115.0704718787, 62.26404405640432, 89.42237882653941, 76.17900623530079, 35.434838066762275, 0.784911597867, 0.410337955171, -0.464259136776, -0.244619689848, 0.893633931337, 0.376270652724, -0.569275847786, 0.181772273213, -0.801800380281,  
1499, 2046584.152335558, 78.76144327920026, 97.85651420197931, 81.81962366454593, 61.02303146921265, -0.618093510345, -0.734722064163, 0.279542306103, -0.102313260939, 0.4277677116, 0.89807949623, 0.77941799383, -0.526496223485, 0.339572256743,  
1501, 2007622.6973104503, 78.25843569591883, 120.6173554709791, 76.14677337524192, 52.18337691617487, 0.294864398701, 0.598722170747, -0.744705813482, 0.850135392692, 0.191448052296, 0.490527733533, -0.436262306957, 0.777739934379, 0.452543692918,  
1513, 1120250.4470423772, 64.42812691722307, 123.7134958393693, 58.26488243870569, 37.102447814463545, -0.93982487592, -0.0341904726039, 0.339941486413, -0.340189695329, 0.00154637385236, -0.940355560371, -0.0316255243988, 0.999414138539, 0.0130845670722,  
1514, 2680600.783872415, 86.17497716192638, 119.5184920543724, 86.19904991566685, 62.116352637824015, 0.286530935945, -0.866824619049, 0.408062620877, 0.690285743149, 0.482141644227, 0.539485892037, -0.664383635825, 0.127100411929, 0.736505172918,  
1517, 1352818.0547461584, 68.60939564628282, 124.7894664859903, 79.22055450152158, 32.66893490573282, -0.195645479349, 0.143375535314, -0.970137259507, 0.970706378595, -0.112377799532, -0.212368445695, 0.139470330053, 0.983267352273, 0.117189338206,  
1521, 2137760.7038693265, 79.91411484811952, 108.13332641492096, 85.75888374020445, 55.03409102524016, 0.619913048548, -0.684455901671, 0.383702920118, -0.45960727294, 0.0796060895627, 0.884547356089, -0.635978747208, -0.724695100833, -0.265232056751,  
1525, 2187907.1282464713, 80.53415223230785, 127.96592278139892, 76.25266172034908, 53.529222218470174, 0.0138665443656, 0.762854259185, 0.646421764942, -0.836065811611, -0.3457549869, 0.425966486579, 0.548453897427, -0.546357820734, 0.633001938481,  
1526, 565042.8728683344, 51.28585466913925, 87.82249062046277, 46.3050791169109, 33.170988371292005, -0.499454824023, 0.577306668643, -0.645958117141, -0.202623687528, 0.647094769389, 0.734991156873, 0.842311415103, 0.497981294599, -0.206218598137,  
1528, 1706131.229415961, 74.12668997300644, 87.61747210405099, 81.4807893461696, 57.05291998129254, -0.000719858857369, 0.294669831905, 0.955598855152, -0.985995655941, 0.159155624498, -0.0498202133324, -0.16676944645, -0.942252183524, 0.290428604609,  
1534, 1165529.0790578274, 65.28471331508955, 129.7475512719923, 75.39787093246585, 28.443055670054616, -0.153702074967, -0.636561363041, -0.755754790415, 0.154728019387, -0.770913065076, 0.617861057287, -0.975927718721, -0.0219699153167, 0.216984816643,  
1539, 1425678.4585546562, 69.81964872050877, 145.13030445937238, 51.80073145643216, 45.27296934001471, 0.130544549997, 0.443028313023, 0.886952103738, 0.873324547529, -0.474866680271, 0.108654823419, -0.469321164183, -0.760412749649, 0.448898758098,  
1545, 1711600.588840275, 74.20581500316895, 126.7501898281746, 81.67009167147947, 39.47318376351885, 0.039253539577, -0.798291445678, 0.600990788106, 0.0126839613528, 0.601803955835, 0.798543120855, 0.999148776086, 0.0237227000687, -0.0337484332432,  
1548, 1277595.2497336154, 67.31340501609336, 126.20830995100589, 73.68194721767392, 32.79862469277235, 0.348564300177, -0.916877242142, -0.194522624606, -0.660108953683, -0.387477710281, 0.643519380674, -0.665401456197, -0.095901756379, -0.740299773885,  
1562, 1209507.12556664, 66.09571028166233, 103.58071099896505, 77.83852734131268, 35.81346350166723, 0.27146671988, -0.956832789911, 0.103811522237, -0.842607023825, -0.184153903955, 0.50606397131, -0.465101304447, -0.224851844132, -0.856225685665,  
1574, 1871108.6360314656, 76.44283725671696, 94.87733716999352, 91.95938964565764, 51.19786213705465, -0.692252568042, -0.0783596107698, 0.717388425777, -0.0280471311684, 0.996257671275, 0.0817558001531, 0.721110075143, -0.0364749753318, 0.691859693653,  
1575, 1666797.2849557004, 73.55260494660388, 127.04626112011053, 89.14772341930131, 35.13354959753957, 0.45883850644, 0.139378626402, 0.877519699785, -0.326187247625, -0.892237188723, 0.312273403521, 0.82647994803, -0.429518797682, -0.36392924854,  
1582, 2625376.6602034215, 85.57909120365723, 117.26312690487305, 103.12019709257565, 51.831980736106374, 0.641915570673, -0.096343304379, 0.760698605118, 0.731798843776, 0.373188535164, -0.570263771838, -0.228942901999, 0.922739554221, 0.310059450268,  
1583, 774803.5771598294, 56.97718681253482, 115.56846184065066, 64.10252240742186, 24.96827595450056, 0.200274777798, 0.127553845977, 0.971401065346, 0.799314996462, 0.552077643594, -0.237288457104, 0.56655586645, -0.82397833213, -0.00861152545248,  
1586, 1532625.4708541324, 71.52356335482988, 110.48256441858335, 81.25521582400243, 40.75702119492077, 0.082095566956, -0.952862056799, -0.292085978095, -0.0705938546245, -0.297898844046, 0.951983606164, 0.994121132245, 0.0575341588053, 0.0917223800123,  
1588, 2611085.843002707, 85.42352991327122, 104.10647532268247, 87.21777805518302, 68.65146023945746, 0.689544705831, 0.715756668358, 0.110546326769, 0.396563731647, -0.50086216325, 0.769333672841, 0.606024178893, -0.486651297262, -0.629209988375,  
1591, 635906.6894267992, 53.345967341917934, 114.58812824800498, 66.93651105127893, 19.792565327289005, 0.655736634399, 0.0634651303605, 0.752317515106, -0.311249426854, 0.930567530575, 0.192789691951, -0.687846829309, -0.360577659136, 0.62996070603,  
1596, 633914.5073613107, 53.29020127078152, 107.66640440041833, 70.46857834002866, 19.946484410636263, 0.72425021307, -0.688797074154, -0.0319408751507, -0.361714419851, -0.418953198769, 0.832851064545, -0.58704710828, -0.591639085828, -0.552574777547,  
1611, 1783537.0047969783, 75.23117387206398, 124.11269488284485, 83.43422666214799, 41.11810248542534, -0.793867890697, 0.397319550559, 0.460337861645, 0.585487871198, 0.703901076133, 0.402153239075, 0.164248971992, -0.588778778288, 0.791430240411,  
1613, 2380124.800778153, 82.82670286404363, 119.37050929988567, 81.6212276822719, 58.31911847689665, 0.248705077786, 0.529149428777, -0.811262390542, 0.703654812523, 0.476865209786, 0.526753715231, -0.665594237578, 0.701855009044, 0.253739743009,  
1615, 1139582.3440295751, 64.79662227961339, 122.90671247184848, 65.40820997854358, 33.841471309432784, -0.930649825603, -0.058286814706, -0.361238908946, 0.0215823049849, -0.994256580873, 0.104823926193, -0.36527401525, 0.0897580003248, 0.926562677406,  
1623, 1764429.6216998394, 74.96155327525176, 100.154694822375, 67.37154849959923, 62.426342308885744, -0.301545934559, -0.89927045897, 0.316832275778, -0.0798309037905, 0.354946659675, 0.931471897368, -0.950103718628, 0.255588556882, -0.178822295702,  
1624, 419897.50513397093, 46.45347723782772, 104.03953112786846, 69.24997566557965, 13.913509007181492, -0.628164421503, -0.571545311915, -0.527963460843, -0.103787810809, -0.610933234921, 0.784849458684, -0.771127453723, 0.54781067797, 0.324447085389,  
1629, 2208108.1965181096, 80.7812520597931, 132.37410665891204, 98.88349386287462, 40.27215737267015, 0.909998333914, 0.382128009007, 0.160876402886, -0.231560934632, 0.146553855921, 0.96171799446, 0.34392232528, -0.912414462866, 0.221849683631,  
1631, 2078470.6272607255, 79.16838046288196, 116.76344611719738, 97.38278135189766, 43.63813723740377, -0.882641972939, 0.354565108881, -0.308588287483, 0.469194906434, 0.625102610599, -0.623781104234, 0.0282716710345, 0.695363437195, 0.718101944594,  
1642, 844622.71803782, 58.63965183714581, 115.60662925363737, 58.91519632563262, 29.604932921880202, 0.448442341486, -0.0324539044933, -0.893222374577, 0.45574672993, 0.867974090343, 0.197271124726, 0.768891659807, -0.495547901394, 0.404027094269,  
1644, 1852901.2877203973, 76.19407913106294, 117.73822443415091, 66.68854979008537, 56.33715588978563, -0.0162540849406, 0.489790944694, -0.871688381946, 0.999708904422, 0.0235072553577, -0.00543280458659, -0.017830062896, 0.871522942579, 0.49003045764,  
1648, 2315734.9759155675, 82.0729572018632, 123.95038173111934, 89.02411157506148, 50.10080787453321, 0.54290375896, -0.839793789802, -0.00137808439268, 0.238656774326, 0.152711354758, 0.959021473272, -0.805169828406, -0.520985251939, 0.283330045507,  
1651, 2887207.2373593114, 88.33438358631884, 116.0016368607116, 99.69045951746672, 59.603482188648485, -0.491874481015, -0.72653290004, 0.479801459029, 0.741927323208, -0.061371151872, 0.667665656444, -0.455635097423, 0.684385510423, 0.569221513226,  
1653, 1128294.402607923, 64.58196795296851, 161.8577364017192, 48.298683510014754, 34.45601665372044, -0.690121750054, -0.698623913105, -0.188829547847, -0.59870509636, 0.404573481689, 0.691283231032, 0.406551568309, -0.590122805822, 0.697474656424,  
1667, 3554693.348796727, 94.67555160041431, 115.97583259064781, 97.84219629357337, 74.78591996266927, 0.279493299179, -0.834637727084, -0.474619173908, -0.541477753806, -0.545228983171, 0.639943120944, -0.792896801512, 0.0781359100414, -0.604325609017,  
1669, 710146.8971360221, 55.34603688312189, 106.98058848432356, 68.08713196126727, 23.27499311622328, 0.357384655875, -0.872848800635, 0.332281776471, -0.878885388262, -0.193942073925, 0.435829033293, 0.315969432136, 0.44779620721, 0.83644597839,  
1671, 1774691.1233594918, 75.10659196972287, 139.27273739003388, 69.29519022195392, 43.90004493569573, 0.143840157417, -0.504653508112, 0.851254865398, -0.771611612423, 0.481401531808, 0.415774078974, 0.619617243698, 0.716643148243, 0.320151634993,  
1678, 1791932.6361089775, 75.34903419085457, 126.54731993299457, 76.42978880041831, 44.23005287218442, 0.751612274724, 0.184315187258, 0.633330008945, 0.248671110539, -0.968497265785, -0.0132561287638, 0.610935076147, 0.167454345756, -0.773768295306,  
1680, 1922997.485306548, 77.14303166763345, 127.66314076134796, 102.3257146708402, 35.14307794429947, 0.463938883902, -0.202193838039, 0.862483833972, -0.748771495198, 0.430775640819, 0.503759461705, -0.473394085285, -0.879516912365, 0.0484565875855,  
1681, 710596.4921553885, 55.357714304254834, 96.68547343722994, 55.42666504630004, 31.655886008459586, -0.254946706641, 0.929632409824, 0.2660559328, -0.0885171412527, -0.296430433128, 0.950943591398, 0.962895057873, 0.218889426244, 0.157862366008,  
1683, 1282041.4011696782, 67.39140026575393, 104.94819722145138, 75.56407887742917, 38.5942908496046, -0.875119025246, 0.259588715586, 0.408387549264, 0.478784076234, 0.586964968393, 0.652869002346, 0.0702317591805, -0.766867540466, 0.637951154386,  
