# Void_ID, Void_Volume, r = (a*b*c)**(1/3.0), a, b, c, vector_a, vector_b, vector_c 

5, 571074.3181436387, 51.46768965346832, 131.7763024042739, 47.32622474027572, 21.86073912394224, -0.700812566941, 0.337990785064, -0.628191034025, 0.680819813496, 0.579795036129, -0.447573566725, -0.212946302077, 0.741350082816, 0.63643847082,  
24, 3122885.358473737, 90.67532984606504, 118.15337209945802, 92.39914574538496, 68.28940916097086, 0.777403043475, -0.622606405873, -0.0894749761812, -0.537438855322, -0.583574025152, -0.608769935163, -0.326808789335, -0.52134692915, 0.788285097334,  
56, 265261.75139431556, 39.85920886562248, 115.2658260253632, 49.50192522438002, 11.098476498389369, -0.736525449407, 0.0118568917175, -0.676305904525, -0.181330180524, -0.966710415994, 0.180527940331, -0.651651462062, 0.25559809414, 0.714156835902,  
59, 2324774.31559386, 82.17960759317312, 126.18315703578057, 87.52504945014167, 50.2525883406529, -0.906350662308, -0.314943136103, 0.281672323731, -0.362491855278, 0.237074909533, -0.901329652307, -0.217090146694, 0.919024650535, 0.329037322985,  
62, 1680022.4811550558, 73.74662697262099, 105.32959733073295, 71.33003565411393, 53.383078972696914, 0.706543766951, 0.642143512888, -0.297401436174, -0.35278646332, 0.683921449778, 0.638586847525, 0.613463622948, -0.346270355922, 0.70975997628,  
63, 759512.1148284284, 56.59986110414763, 146.64961768665, 49.03052650771814, 25.217301114706576, -0.0750429111058, 0.77826408414, 0.623436906856, 0.194100064078, -0.60184130447, 0.774669096685, 0.97810721632, 0.179142567728, -0.10589718509,  
69, 927383.0992168667, 60.49556296220298, 115.59889078196721, 59.53174509970368, 32.17127605303511, 0.616100454172, 0.584965737789, -0.527480156956, -0.408355793053, 0.809859524189, 0.421156856007, 0.67354715993, -0.0440753524498, 0.737828968431,  
70, 1832436.2193737824, 75.91252188587832, 142.65811217690464, 79.60248968130865, 38.522736871938164, -0.626299779015, 0.727456013312, -0.280279031505, 0.767122422627, 0.511060176765, -0.387737906875, 0.138822820561, 0.457848495051, 0.878124695058,  
106, 864994.7007573184, 59.1073668419981, 125.18567937347106, 105.27994337779442, 15.66839618015871, -0.884404550593, -0.457644044854, 0.0915997767454, -0.0215885537164, 0.23616548009, 0.971473005473, 0.466221540942, -0.857197640118, 0.21874569833,  
113, 368705.6819812278, 44.48330775701499, 125.84539705021967, 87.69991483443366, 7.975441138827442, -0.547238527195, 0.477804068132, 0.687192307021, 0.836933560329, 0.320721273965, 0.443486279407, 0.00849764370514, -0.81782708252, 0.575401297486,  
115, 1223141.9189819186, 66.34314880917732, 123.57161129805804, 53.81563220406407, 43.909762174567895, 0.507880649109, -0.786727595964, 0.350880230292, -0.648694199941, -0.0812856281997, 0.756695765556, 0.56679192057, 0.611925106853, 0.551629026049,  
133, 4374835.219747033, 101.45910574530566, 117.7888868661894, 103.67248858113201, 85.52739594719912, 0.912137286187, -0.382909576075, -0.146238940426, -0.282123842143, -0.845323972325, 0.453688791471, -0.297341064841, -0.372568971282, -0.879079434862,  
159, 758714.0733254902, 56.58003044938818, 126.38900661339039, 86.50864918462567, 16.566116053379435, 0.667809899071, -0.689863057159, 0.279497586877, -0.697851396504, -0.710904683327, -0.0872809235847, -0.258908028265, 0.136760716551, 0.956171082656,  
166, 1707968.257126911, 74.15328502366704, 144.32353183759074, 86.11593310827166, 32.80730270056805, -0.980974667978, 0.107339330481, 0.161762075029, 0.155297346491, -0.0661297857723, 0.985651858217, 0.116496501916, 0.992020725371, 0.0482021314436,  
202, 2000903.5877819045, 78.17103303351557, 100.61956341033817, 87.63369930912695, 54.17313637569198, -0.900723596648, 0.0915918716769, -0.424626814373, 0.434083213683, 0.152890851637, -0.887804117519, 0.0163940855288, 0.98398949005, 0.177470891786,  
237, 1241520.1942375372, 66.67377722041569, 118.98759979541272, 63.86130220949585, 39.00548699858516, 0.376883630748, -0.418176960349, 0.826490628324, -0.69654306176, -0.716120859334, -0.0447065760268, -0.610562439057, 0.558837136078, 0.561172489839,  
239, 607482.0348517798, 52.53897671335496, 99.86664655978221, 59.94556853588949, 24.225194875810423, -0.614165160419, -0.68400050735, -0.393629853634, -0.175922383701, -0.367571586211, 0.913204491844, -0.769319485416, 0.630106685376, 0.105418662505,  
293, 2568594.5647083106, 84.95761590078742, 128.54855249443548, 73.4688223686108, 64.92869598003053, 0.926414116389, 0.375995279289, 0.0196070117005, -0.187368187278, 0.415234412951, 0.890209831836, 0.326573188354, -0.828376685001, 0.455128575674,  
294, 2488348.8148256596, 84.06351587930081, 103.76610833591663, 87.465157446746, 65.45337401233624, 0.646341339332, -0.720371494939, 0.251610378067, -0.301834706931, 0.0614791183601, 0.951375912927, -0.700812872858, -0.690858326494, -0.177696623354,  
298, 709657.6978630257, 55.33332521242953, 91.77548951226053, 60.583325751499316, 30.470563699621835, -0.0541040076706, -0.995075646985, 0.0830494619513, -0.662498963228, -0.0264568839029, -0.748595456182, 0.747106337864, -0.0955221967428, -0.657805161012,  
306, 2692153.6059647836, 86.29859837611077, 131.5393450965307, 105.39895335345982, 46.3574195149972, -0.272946221574, -0.314170772904, -0.909283831145, -0.961485421461, 0.0573084763261, 0.26881503466, 0.0323441562967, -0.947635195628, 0.317712750074,  
310, 2149598.326532155, 80.06134872311421, 123.54272510310291, 66.355254915033, 62.60027013927083, -0.304050444617, -0.24175750992, -0.921469822363, -0.32909092538, -0.881063603182, 0.33974415371, -0.894009222526, 0.406546717542, 0.188327577626,  
324, 2517347.8595669745, 84.38881226964864, 122.31940333165936, 105.31187383787714, 46.65325276401221, -0.68238294981, -0.63580888468, 0.360694568812, -0.713385514124, 0.686881467275, -0.138834283059, 0.159482343996, 0.352052428022, 0.922293049891,  
366, 3609552.2307487363, 95.16010379445822, 137.3096468295439, 94.72347990818729, 66.25307294664461, -0.855547167776, 0.270589771497, 0.441384434787, 0.515091374097, 0.530759622744, 0.67303424816, 0.0521528526738, -0.803165859849, 0.593468349225,  
373, 2137148.416229773, 79.9064845745536, 122.6975764741215, 94.59029215021373, 43.960591006268004, -0.435729413324, -0.63272049469, 0.640159865942, 0.756178980005, 0.128431394492, 0.641637535613, -0.488193843226, 0.763655781428, 0.422488602129,  
394, 2217275.278238278, 80.89288697515245, 136.4357522401304, 94.26077783348757, 41.15966170326224, -0.135087592536, -0.839891353651, 0.525674667837, -0.989336177032, 0.0851781340812, -0.11814657968, -0.0544543033965, 0.536029103256, 0.842441410013,  
401, 533425.8854234923, 50.31086981450299, 115.58312131347192, 75.65372969375726, 14.563330841470904, -0.987481659286, -0.154504534189, 0.031754078303, -0.145896954705, 0.818163520253, -0.556167719968, -0.0599504060182, 0.55383824628, 0.830463211573,  
413, 2345628.4936324554, 82.42460472143962, 107.80883342346291, 85.12684006663801, 61.01684672613446, -0.875823027764, -0.419282808744, 0.239031274794, -0.478976781521, 0.694259185801, -0.537201475886, -0.0592896854517, 0.584983853814, 0.808874912441,  
417, 2610689.267874001, 85.41920494853264, 121.8249443267619, 91.51639911553218, 55.902525619888856, 0.631623505475, -0.290611793016, -0.718746501272, 0.463470935228, -0.601642644666, 0.650554240873, -0.621487280264, -0.744023463258, -0.24532151677,  
423, 815497.9743177178, 57.95773779590615, 137.50071449172094, 92.35197747299276, 15.331446197040417, -0.680577524558, 0.706299531731, 0.194820955091, 0.700709143798, 0.705137824534, -0.108569536289, 0.214058237088, -0.0626228383859, 0.974811495238,  
433, 1584185.1933167202, 72.31678551836787, 121.22616784486605, 80.9652396404802, 38.53207156680617, -0.213826139108, 0.654184495212, -0.725479860822, 0.969328810931, 0.0499763898854, -0.240632534693, 0.121161208861, 0.754682056682, 0.644806137369,  
460, 2055340.6785878923, 78.8736131694169, 135.22393652773158, 72.44494751493728, 50.087981653290676, 0.171608767458, 0.686189362029, 0.706890790978, -0.394730540213, -0.609528192583, 0.687505042214, 0.902628512487, -0.39701327671, 0.166259515702,  
467, 1165373.8269040463, 65.28181447638545, 130.1030793961012, 101.55773616833801, 21.056009282143723, 0.926868414813, 0.0730232677423, 0.36821535002, -0.17679343905, 0.95021643312, 0.256579052414, 0.331148035675, 0.302913077626, -0.89363563373,  
482, 786298.1958190026, 57.257567000730724, 112.59651474727684, 56.730487380201986, 29.387132248516338, 0.499953504468, 0.862481386181, -0.0785643167253, 0.59376982902, -0.275318917584, 0.756066719123, 0.630463229313, -0.424647326746, -0.649762082898,  
483, 1495933.0737690646, 70.94816787260869, 115.46268052088175, 99.99181563302865, 30.932674026047785, -0.619234595877, 0.567138585014, -0.543049114406, 0.777125780538, 0.541620724973, -0.320503528067, -0.112356737641, 0.620484339583, 0.776128306299,  
494, 1512530.2812772798, 71.20959071179433, 104.61893015232516, 90.2252496059985, 38.25402189014596, 0.562678667137, -0.826374448046, 0.022315670841, -0.804007016957, -0.540771514362, 0.247262787211, -0.192263970189, -0.157071451485, -0.96869144979,  
497, 1474048.4834337758, 70.60049071444772, 111.9864545510279, 95.62191499558234, 32.86247182512605, 0.0265080642854, -0.850064207061, 0.526011564893, -0.482635711652, -0.471687962545, -0.737952055236, 0.875419952003, -0.23431028544, -0.422774878359,  
501, 394249.7624702991, 45.487731307923724, 99.11509449498531, 65.81256116242037, 14.428933755999793, 0.691735612083, -0.089435384005, 0.716591344536, -0.249458417607, -0.960810108417, 0.120890171017, 0.677696348567, -0.262383779322, -0.686936977813,  
519, 881852.1970717328, 59.488871525648825, 155.46563737810624, 60.27381460898732, 22.466949145802843, 0.949164213686, -0.259800442419, -0.177738644016, 0.137401015219, -0.166068762771, 0.976494816703, -0.283210622108, -0.951275404996, -0.121929682091,  
549, 1920269.8533275528, 77.10654048348668, 126.71674975536789, 70.84593505399863, 51.06515953632383, -0.135024420794, 0.896452915491, -0.422067027967, 0.977069176325, 0.0496868651512, -0.207043570553, 0.164633624953, 0.440344621563, 0.882605451941,  
559, 1627909.5307954405, 72.97608355822034, 121.90844759093736, 82.59152568612673, 38.59867235119541, -0.823836384556, 0.396120011837, 0.405441176626, 0.55398383251, 0.411276894919, 0.723846136291, -0.11998135188, -0.820938640782, 0.558268952453,  
563, 365337.86413489986, 44.347454013590095, 117.14337176174, 81.7197365680946, 9.110902475533381, 0.307518206279, 0.201106940006, 0.930047607109, 0.548804109514, 0.760980410639, -0.346009918938, -0.777333005981, 0.616818298452, 0.123647015766,  
564, 1689166.16878632, 73.88017607094564, 110.87543895665938, 107.77700253921776, 33.74600077510195, -0.634090904194, 0.77206402456, -0.0429635566453, 0.605322269485, 0.53018546161, 0.593707273295, -0.481158679942, -0.350457584136, 0.803533326277,  
574, 3389206.2962083803, 93.18295209987912, 136.18658111169668, 89.81066812039708, 66.15263545504499, 0.429533890398, -0.391761440179, -0.813648333734, -0.771965081878, 0.308227776623, -0.555936642145, -0.468583556435, -0.866901731286, 0.170031876223,  
603, 1345977.6074792617, 68.49356035735372, 137.27330200469063, 80.20085727745408, 29.18664222471277, 0.269673752899, 0.250414244167, -0.929821904085, 0.238407910757, 0.91817162068, 0.316421464294, 0.932972526437, -0.307007461303, 0.187906049979,  
614, 1391356.5853974195, 69.25481065021077, 108.96476050364382, 76.92321905327765, 39.62838009123381, 0.0283204199001, -0.67288166696, -0.739207830104, -0.0484185259079, -0.739559830887, 0.671347080792, 0.998425560653, -0.0167785222465, 0.0535245833766,  
632, 3451000.6759378365, 93.74587025016855, 137.03624875721118, 91.07478729549953, 66.01198734292619, 0.156194115049, 0.199770782051, -0.967313306568, 0.418333032575, 0.873780194113, 0.248003318995, 0.894763025768, -0.443395767926, 0.0529086070919,  
647, 1681468.5356593581, 73.76777967765729, 123.96017966607822, 70.7691951781981, 45.758700460856325, -0.849806720167, 0.517518710738, -0.100014610906, -0.130814864071, -0.0232638670488, 0.991133827406, 0.510603573917, 0.855355584845, 0.0874689303546,  
652, 1693301.6375986682, 73.94041884494371, 131.63748530426747, 62.2032384922947, 49.36886533910909, 0.887412196584, 0.447877876534, -0.10911004109, -0.217947541843, 0.616209420821, 0.75682548761, 0.406200027523, -0.647835903144, 0.644445637923,  
653, 1509832.2781286312, 71.16722504802826, 118.11429481284908, 85.49752644833454, 35.69308488611681, -0.0190128925565, -0.809548702456, 0.586744755638, 0.99647054056, -0.0633336668236, -0.0550936334152, 0.0817616763089, 0.583626374489, 0.807895589348,  
662, 3264320.306649084, 92.02405912033562, 137.61910440319556, 87.27187161333404, 64.88602063216274, -0.898274223891, 0.435721644564, -0.057009360211, 0.428817032457, 0.897507794736, 0.102935470381, -0.0960175576009, -0.0680176950997, 0.993052980352,  
680, 1859251.3838477447, 76.28102171061403, 128.5537464962386, 75.70932108022049, 45.605310237005924, 0.559635517081, 0.0458631887568, -0.827468824753, -0.656845904939, 0.633374072403, -0.409134136404, -0.505333103196, -0.772485502986, -0.384583674238,  
686, 1450244.7430677693, 70.21839474126267, 121.57497617618549, 68.45718713161064, 41.5996280179927, -0.13178468821, 0.338273037185, 0.931774730429, 0.990981480345, 0.0219544853799, 0.132188146917, -0.024259051241, -0.940791875435, 0.338115580161,  
735, 2413610.814974018, 83.21332543279007, 126.36794628071307, 96.01742185486388, 47.488851427525624, -0.929395019375, 0.0984902214199, -0.355702929769, 0.367092220125, 0.346719106307, -0.863150718731, -0.0383170965138, 0.932783757152, 0.358394004566,  
738, 1066720.9530475487, 63.38513293571754, 119.85391836676916, 48.416244725552104, 43.885280445293304, -0.31943910948, -0.331994351554, 0.887546283791, -0.930059402187, 0.289254687532, -0.226541903728, 0.18151629056, 0.897837110102, 0.401173727934,  
746, 3115618.7659665677, 90.60494489536697, 133.48395328745357, 86.46792304412823, 64.44238630908889, -0.521250373801, -0.226550927814, -0.822783522513, -0.812612657974, 0.426270238862, 0.397434713583, -0.260688925566, -0.875767298183, 0.406291672965,  
752, 700211.2052523684, 55.0867075077493, 114.32926258434851, 54.20905539722058, 26.971879145400994, 0.831327136747, 0.555022977187, -0.0290634908758, 0.303365003981, -0.409329212755, 0.860476187901, 0.465687519767, -0.724154051552, -0.508661030111,  
753, 953849.4087918177, 61.06566185415892, 146.2568202359903, 70.58991985030244, 22.056286254116685, 0.429101335746, -0.848640894589, -0.309322931081, -0.814156967497, -0.215079352432, -0.539341547106, -0.391178317315, -0.483269597833, 0.783217734652,  
765, 825213.7045755382, 58.18699656798007, 130.78326892763187, 45.03890948844667, 33.445505753634166, -0.546759877933, 0.687778149159, 0.477509008733, 0.775861254369, 0.20176347458, 0.597771540217, -0.314790326806, -0.697318232849, 0.643936590268,  
816, 816496.7290200747, 57.98138876332885, 112.2894370821406, 50.555496970210264, 34.336699783503214, 0.911425717047, -0.291654921819, 0.290242258956, -0.279575795905, -0.956509014241, -0.083233887454, -0.301894909943, 0.00528320499737, 0.953326571063,  
819, 1820495.865137218, 75.7472776910496, 119.23168904592006, 82.12819729278648, 44.383045656940666, -0.13961030241, 0.608027933353, 0.781543981951, -0.241456220637, -0.786352931745, 0.568636931839, 0.960316539989, -0.109321082128, 0.256595097431,  
827, 2173064.9590498274, 80.3516315945134, 114.28680210133187, 100.47228813293954, 45.17953178897985, 0.0449030427825, -0.995313611499, 0.085641879434, 0.158632900414, -0.077536576299, -0.984288414156, 0.98631603437, 0.0577831645027, 0.154407856811,  
829, 2358009.2716864725, 82.56936912619994, 132.1689962400185, 87.997274802434, 48.401417944121455, -0.285117225792, 0.77855940062, 0.559064779129, -0.0638443882605, -0.59740585555, 0.79939360633, 0.956363979688, 0.192227738532, 0.220037348864,  
838, 1455748.102442669, 70.30710373934693, 106.68641525432362, 78.71787801807014, 41.38234740009588, -0.126221252327, 0.851151624463, 0.509518505684, 0.31376835127, -0.453001827398, 0.834469152285, 0.9410725887, 0.265198522899, -0.209885983928,  
884, 697312.7116600228, 55.01059271593845, 117.44775421280296, 80.31606874569071, 17.647850389904516, -0.985064365901, 0.113564794526, 0.129426552437, -0.0674423009408, -0.946080875489, 0.316831995034, 0.158428946456, 0.303371083786, 0.939609628754,  
894, 1659112.783375798, 73.43939662849826, 136.43617638675715, 74.98323399317, 38.71627740929674, 0.637787836128, -0.748979030542, 0.17960258321, -0.676727308918, -0.433578429463, 0.59502091969, 0.367786385626, 0.501039077631, 0.783385612094,  
966, 2199919.2635934595, 80.68126727032644, 98.4222876888935, 88.3674673132601, 60.385444849202436, -0.219037438962, 0.232563927045, 0.947595177368, -0.876623703473, -0.473344794007, -0.0864614856197, 0.428431421399, -0.849622696156, 0.307551282446,  
976, 1817058.31965342, 75.69957113306033, 113.63557106868059, 78.29821655837193, 48.75443056267531, 0.723499674311, 0.593722823108, -0.35219515981, 0.446078961208, -0.0127289151153, 0.894903086981, 0.526841324917, -0.804568943001, -0.274056626118,  
983, 1388768.5824458024, 69.21184469447037, 145.7969249567171, 71.46953935105277, 31.81793033382772, -0.933153917009, 0.180217845742, 0.311039057431, 0.34979176185, 0.654713050261, 0.670072044753, 0.0828823896437, -0.734079253143, 0.673986765146,  
1046, 2193145.2268727883, 80.59837031920532, 129.43990294179667, 74.37978549422172, 54.382063356234454, -0.421606831572, -0.498288286764, 0.757599143905, 0.0623500266378, 0.817576385936, 0.572434561621, -0.904632607056, 0.288578648611, -0.31362750169,  
1100, 749736.0496911248, 56.35596984860579, 115.79319957776796, 45.61091865712349, 33.88971451105519, 0.175586138564, -0.905473931876, 0.386376068924, -0.815588086864, -0.353598904879, -0.45802171022, -0.551348873681, 0.234701455388, 0.800580818112,  
1130, 1304950.0366737691, 67.79043564937099, 115.21851449599035, 82.1446711754398, 32.915738814391034, -0.341035948641, -0.790704444808, 0.508410230716, 0.777734952506, 0.0664667992389, 0.625068402856, -0.528036765183, 0.608579202373, 0.592290915897,  
1199, 1849091.5302164536, 76.14182231927451, 122.06743895480174, 70.26666316676496, 51.466026217146876, -0.660263961284, 0.747459905334, 0.073179172915, 0.0948413793035, -0.0136757715825, 0.995398455918, 0.745021217283, 0.664166141256, -0.0618605092772,  
1254, 2955780.253783424, 89.02825165149272, 132.95177128405228, 98.83220223067576, 53.70205856097659, 0.537921144939, 0.562721466934, -0.627682557093, -0.587611526857, 0.784178606431, 0.199440734856, 0.604444815787, 0.261550117314, 0.752487874189,  
1289, 280280.19764180575, 40.59768491215701, 122.08110554410747, 40.898284199486525, 13.401402891758346, -0.773953506877, -0.52048283798, -0.360684882636, 0.193744557934, -0.736900548782, 0.647642360779, -0.602875621886, 0.431364343187, 0.671167481306,  
1295, 640324.9840033031, 53.46923197629289, 111.15058834524426, 97.28375851367439, 14.137080505005471, -0.502941340455, 0.813037694884, -0.293291177433, -0.217141118177, 0.209592659866, 0.95337330135, -0.836600109287, -0.543176420354, -0.0711311008849,  
1316, 597961.2011602274, 52.26305575324631, 112.17047257925802, 69.2709272822266, 18.371932683522093, 0.30019057841, 0.805409156593, 0.511078963673, 0.768846434567, 0.112828223361, -0.629400470342, 0.564589033446, -0.581881330246, 0.585365988783,  
1322, 1900937.7687608197, 76.84691367953093, 130.76279517157036, 90.47032909280766, 38.36091209520836, -0.184209717917, -0.976673192413, -0.11034606947, 0.0786155038349, -0.126548348032, 0.988840289514, 0.97973791515, -0.173479078949, -0.100093090597,  
1323, 408577.1364036699, 46.03220906451787, 125.13853473300745, 78.37109104753304, 9.945771852025645, 0.23467287611, -0.969076060678, 0.0762904308532, -0.624155150268, -0.0900484028986, 0.776093830365, -0.745224120391, -0.229745236636, -0.62598573197,  
1326, 1172351.076207605, 65.41183898700285, 112.8438097427195, 83.65427756126259, 29.648531268681353, -0.306710447373, 0.951366628573, -0.0288138770495, 0.316824263842, 0.13059374334, 0.939450722519, -0.897524978657, -0.279010416004, 0.341470497185,  
1382, 2758162.793965016, 86.99823239318516, 132.33813305789678, 103.21184695163596, 48.20773568471297, -0.998977653752, -0.0204301708373, -0.0403268573535, -0.0435857957566, 0.198545727733, 0.979121990565, 0.0119969042974, -0.979878667039, 0.199233210506,  
1395, 244688.25053056527, 38.80087345313589, 76.22139593699053, 57.78014308870176, 13.263831474546219, 0.0247158534707, 0.204485638252, 0.978557484431, 0.782609261988, -0.61301448826, 0.10833272928, 0.622022402842, 0.763150614841, -0.175183530707,  
1423, 2480073.0989240487, 83.97021995107593, 132.8727354218581, 107.8941508591054, 41.29924336309973, 0.133310352239, -0.89034469024, -0.435332841107, 0.413702255409, 0.449145653598, -0.791908217992, 0.900599130499, -0.074528614738, 0.428213371732,  
1462, 712394.67351837, 55.40436964410533, 121.83500646561224, 78.3362543322075, 17.81956761537205, 0.643732387386, 0.764906975822, -0.0229332023386, -0.259038127368, 0.246005268339, 0.934013199328, 0.720074900271, -0.595313972865, 0.356501629325,  
1511, 1546456.7047152277, 71.73807501311093, 112.16959278297453, 79.61398498475081, 41.34134965010449, 0.692120105593, 0.597989257006, 0.40420119735, 0.253478212628, -0.725709478409, 0.63960499425, 0.675809555391, -0.340227279112, -0.653855368863,  
1529, 1471272.1537692947, 70.55613816481122, 118.29697389859955, 86.23118641091773, 34.43232979393679, -0.967058136994, -0.0731211887003, 0.243827503446, -0.245657494369, 0.519118168776, -0.818638334252, 0.06671547897, 0.851568915949, 0.519980217177,  
1538, 1533728.4355738738, 71.54071671942744, 95.51968053527739, 77.17265013800798, 49.67107789818575, 0.0641802226951, 0.330914078952, 0.941475847468, -0.400012780343, -0.855782890783, 0.32806313326, 0.91425963193, -0.397657536323, 0.0774455242671,  
1539, 697021.46319006, 55.0029328421468, 107.8662623759179, 55.36407636662845, 27.864025098194205, 0.523367129224, -0.292843609574, -0.800205891243, -0.66857803792, 0.441092265654, -0.598699440782, -0.528289934846, -0.848339692289, -0.0350643868918,  
1551, 1632208.5106616158, 73.04026545388241, 102.92103871680526, 95.66488659294512, 39.575855084733895, 0.835208735954, -0.294672441358, -0.464321569272, 0.0637603161054, -0.78674186123, 0.613980346492, 0.546224303265, 0.542407039125, 0.638305267431,  
1602, 1734616.300483946, 74.5369477486798, 99.30226118354913, 91.53221472971346, 45.559789133927985, 0.218385844601, -0.746320301238, 0.628739716289, 0.575653525736, -0.421731605454, -0.700546551821, 0.787991523549, 0.514925684854, 0.337521699884,  
1613, 478744.9317124408, 48.529430331786564, 139.9687843879783, 50.44441670079745, 16.187183300277685, 0.309831298783, -0.942738670455, 0.123484272371, -0.840723321847, -0.332300531298, -0.427505149678, -0.444059525736, -0.0286383680975, 0.895539491857,  
1618, 524684.610275265, 50.034539326448616, 135.1779049813396, 96.57633014615392, 9.594742125864304, 0.0675387339502, -0.460668845841, 0.88499871971, -0.830943664434, -0.516944573448, -0.205671909892, 0.552241927015, -0.721493258772, -0.417703640867,  
1657, 968678.0288013838, 61.38047995590592, 136.88476984957833, 93.60484093584445, 18.048345675872696, 0.466591601575, 0.539896280556, -0.700574252725, 0.337208315085, 0.623668999873, 0.705214528235, 0.817669144323, -0.565286639537, 0.108941202417,  
1658, 1657799.6895911645, 73.42001714090131, 113.66278056095365, 82.6767599458879, 42.11547662862184, 0.138600238529, -0.930756425097, -0.338352554327, 0.58924724965, 0.352099014096, -0.727195959183, 0.79597591211, -0.0985837786492, 0.597246670923,  
1679, 2142675.1705636284, 79.9753057768306, 128.98175076307376, 83.01811205295324, 47.77125022419021, -0.503401742692, -0.494874173161, -0.708298128045, 0.0196705358999, -0.826090911713, 0.563193461967, -0.863828545182, 0.269579966471, 0.425590044768,  
1690, 2150227.182994246, 80.06915517189276, 136.2884795431215, 78.8185262593022, 47.78683658634243, 0.593669976467, -0.303267056929, 0.745375778533, -0.453751948015, 0.638813169053, 0.62131063464, -0.664578910826, -0.707069181358, 0.241636181188,  
1709, 1370774.7399120007, 68.91162554047655, 117.84181513265412, 87.99918594768789, 31.557268538073426, 0.491623583383, 0.782247193909, -0.38261675327, -0.263435235393, 0.552393408267, 0.79086244016, -0.830004896982, 0.288011892332, -0.477641100473,  
1743, 2333118.3006188334, 82.27780876389764, 114.32116595608936, 87.01605611458118, 55.9915010152438, 0.00557943373883, -0.589032751247, 0.808089900863, 0.999975263519, 0.00674747529345, -0.00198593224032, -0.00428278750965, 0.80808099194, 0.589055827741,  
1772, 1895666.5086417496, 76.77581630116447, 111.5841021965129, 103.00775811426327, 39.37323232104205, -0.900251904736, 0.435098681985, -0.0153507313722, 0.387546749463, 0.816932503135, 0.427116848535, -0.198378489256, -0.378563630394, 0.904066121887,  
1783, 1702816.0194557777, 74.07864660264585, 123.10095014469313, 73.87195754359455, 44.70314779593145, -0.921414463034, 0.0794220490315, -0.380378134807, 0.36604665529, 0.505912125227, -0.781065149459, -0.130404115973, 0.858920869275, 0.495226924613,  
1800, 2061241.725486845, 78.949025187306, 130.97879102683106, 77.71521204102476, 48.34296710564822, 0.433168868995, -0.874110958572, -0.219760694934, -0.852413917072, -0.318085316758, -0.414984632541, -0.292839964684, -0.367085498715, 0.882889003056,  
1812, 328231.8465661759, 42.79214293928459, 150.6670113945525, 27.430640426905217, 18.95998483746812, -0.750026081091, -0.0917405405519, 0.655014924183, -0.567288955666, -0.419954498879, -0.708393576799, -0.340064873903, 0.902896390562, -0.262933431589,  
1813, 2577948.451285771, 85.06061920733873, 119.44926123852419, 78.48938102092055, 65.64342722320004, 0.259278373879, -0.804449066437, -0.534449646222, -0.33886551371, -0.593966769764, 0.729639390407, -0.904403056417, -0.00807316074387, -0.426602784355,  
1832, 1334745.5538156289, 68.30250386075062, 96.82025635620744, 75.20328757200701, 43.762973105551666, 0.664757904997, -0.735905077553, 0.128610437274, -0.0565016403707, 0.122136209857, 0.990903784874, 0.744919118012, 0.665977824761, -0.0396111669501,  
1834, 2380361.6014860016, 82.82944960676964, 105.36720999555514, 89.806330171203, 60.05399399077934, 0.888019063584, 0.454135196648, -0.0719955962367, 0.261923656836, -0.370919976055, 0.89096260828, -0.377912874485, 0.810049130935, 0.448332761204,  
1870, 152530.76275816007, 33.145375560492006, 98.02894281420213, 55.68172411819881, 6.671167413795137, 0.309829235826, 0.266858810046, -0.912574501139, 0.492516794187, 0.77594836117, 0.394120981733, 0.813285344803, -0.57156847035, 0.108979042157,  
1872, 1709613.6441956272, 74.17708946629075, 104.73257140007279, 80.71402404323376, 48.2812604656085, 0.803639158974, 0.148174642869, 0.576375205378, -0.487820278059, 0.718765052862, 0.495386894355, 0.340874578809, 0.6792798201, -0.649910338067,  
1908, 3296751.8098048936, 92.32781291229084, 134.14759665018562, 83.88989958161409, 69.93668985642367, -0.164805932175, -0.490511343491, 0.855708844541, -0.944300383765, -0.172080466667, -0.280508641957, -0.284843448127, 0.854275678512, 0.434830168182,  
1921, 839716.0081620296, 58.52587846103327, 89.67733916364435, 60.334407887563756, 37.0506690319703, -0.085443660632, -0.874877085164, 0.476748850773, 0.56857637497, -0.435750761626, -0.697740768171, 0.818181084286, 0.211450607939, 0.534666581823,  
1936, 1051063.76932318, 63.07348371707083, 114.33719216355013, 55.450240442462345, 39.57760412990923, -0.941047154439, -0.185006130762, 0.283201314797, -0.0159150118239, 0.860478325165, 0.509238415991, -0.337900822019, 0.474710210025, -0.812695054111,  
1943, 1364613.4071112168, 68.80822289711277, 116.97639962260533, 95.48318088779747, 29.16727765100935, -0.829504011457, -0.485427185475, 0.276194754798, -0.538940766219, 0.825453307948, -0.167838276045, 0.14651261203, 0.288075136032, 0.946333329497,  
1957, 215902.27581438207, 37.21541534365415, 113.53169113104532, 27.43952101876797, 16.54531263310547, -0.12570816425, 0.587191074602, 0.799627475359, -0.421614062082, -0.761231791873, 0.492714665599, 0.898019509864, -0.275195931927, 0.343261065306,  
2007, 773137.8688761451, 56.936326794040525, 103.06424755435833, 59.7855955547001, 29.954614842943172, 0.147712191947, 0.69781236937, 0.700884445186, 0.442673357992, -0.680358605499, 0.584082584955, 0.884432816258, 0.223986752013, -0.409400205726,  
2029, 360768.7490653046, 44.16180005037832, 94.08602388958168, 87.80447207171407, 10.425539780024133, -0.357235932836, -0.21398076934, 0.909172546134, -0.348573078969, 0.933619645618, 0.0827717701477, -0.866532917383, -0.287344023199, -0.408110420625,  
2041, 174993.70685819918, 34.69854577995048, 119.91721895096057, 47.028701925562316, 7.407800568648615, -0.249236554034, -0.948475512141, -0.195640852077, -0.149624108881, -0.161877255448, 0.975401650711, -0.956814384389, 0.272378334375, -0.101569073976,  
2059, 750922.7567381159, 56.38568820615202, 111.08197854014222, 57.522653908246006, 28.05589549398903, 0.619590290771, -0.300052919659, 0.725311048438, -0.690363592238, -0.648024036641, 0.321656584649, -0.373504996078, 0.7000236377, 0.608655012766,  
2064, 2118184.260783951, 79.66942984152594, 113.43883365425953, 70.63357430998379, 63.11058286273342, 0.843884212769, -0.0649969464851, -0.532573781168, -0.408907083253, -0.720559538687, -0.559990132479, 0.347353469402, -0.690340023579, 0.634646530865,  
2083, 2045254.5082407915, 78.74438275821312, 109.97336580951075, 75.50238540542672, 58.80449969029642, 0.732143476849, -0.12320518573, -0.669915227112, 0.581856679858, 0.62444982927, 0.521061622872, -0.354130955172, 0.771286518056, -0.52887462943,  
2094, 2104370.2388576665, 79.49586036034928, 98.04071609955662, 77.69055262311531, 65.95669057273156, 0.611022607585, -0.345198467028, -0.712382896609, -0.703782976737, -0.648876488028, -0.289221065866, 0.362409843514, -0.678083565386, 0.639423008405,  
2095, 935690.6783043708, 60.67566774834347, 121.28516746415251, 98.17860655341504, 18.759408367806614, -0.977069320611, -0.186941494627, 0.10192360035, 0.0139557869363, 0.421434526352, 0.90675144114, 0.212463593899, -0.887381438608, 0.409161830676,  
2106, 1748835.713716786, 74.74006446488234, 116.8616319438188, 85.5004090408714, 41.78498638942624, 0.523792262141, -0.840838665201, -0.136499103381, -0.274041171927, -0.318048971724, 0.907604697913, -0.806562522195, -0.437989943593, -0.397016003584,  
2112, 295787.9882698009, 41.333036171366494, 157.0665166872709, 56.235393643481345, 7.994633746598758, 0.938514513168, -0.11124170818, -0.326826851611, -0.252844919738, -0.866059882456, -0.431288449372, 0.235074360863, -0.487406978162, 0.840936669734,  
2114, 1654042.1829856625, 73.36450482655975, 119.95049213667549, 70.86599560516609, 46.45345760335626, 0.405693469775, 0.246302887664, 0.880197532438, -0.351487302578, -0.846912540271, 0.398993515308, 0.843723583117, -0.471247320056, -0.257014549456,  
2137, 2121637.822882257, 79.71270494420654, 95.74871379340956, 77.34936888257607, 68.39004925343163, -0.889747487785, 0.450171204803, -0.075467173968, 0.400395804026, 0.849120045497, 0.344497240125, -0.219163427832, -0.276298814152, 0.935749088805,  
2175, 795054.1668797208, 57.469317066883335, 116.56130491572007, 86.94941216901069, 18.72781272093091, -0.999054575666, 0.0101224434037, -0.0422787296507, -0.01058806817, 0.88657515356, 0.462463393041, 0.0421645307547, 0.462473818968, -0.885629786714,  
2188, 1668662.1017629728, 73.58002500031796, 131.5538540599492, 64.38560647717881, 47.03134798393186, -0.543883424073, -0.81792567917, 0.187585725399, 0.0285596298173, 0.205368288454, 0.978267966174, -0.838674650006, 0.53742110998, -0.0883367533054,  
2196, 1939628.3221244265, 77.36478136745271, 128.85483700835306, 83.78613348777883, 42.89009739460532, 0.217579197669, 0.480684264149, 0.849471559819, -0.866987344312, 0.494942892655, -0.0580041189339, 0.448321578272, 0.723860602057, -0.524436451103,  
2204, 1243498.9395698416, 66.70918016095649, 93.7344312141629, 75.46971579305561, 41.96477964810482, 0.373119015788, -0.509464030873, 0.775389322408, 0.652858933887, 0.73798758439, 0.170732357012, -0.659209687809, 0.442516357363, 0.607965345201,  
2228, 1819602.3232545143, 75.73488281868543, 96.75832485963996, 70.12687949968225, 64.0199039534944, -0.929502531369, 0.150284021319, 0.336808190392, 0.313776206162, 0.802163108225, 0.508014606336, 0.193828626952, -0.577883258747, 0.792768189722,  
2241, 1211197.204837143, 66.12648176902847, 106.17237098858759, 69.07794042179196, 39.42533154710279, 0.247965430623, -0.894658029116, -0.371618293623, -0.793351890166, -0.407677066092, 0.452097542742, 0.555972952208, -0.182719513796, 0.810868457699,  
2243, 2304536.028699593, 81.94044112317653, 135.69189896367573, 89.05255375669161, 45.529679624695326, 0.890520028236, 0.388927630739, -0.236028340161, 0.185355404255, 0.163623655542, 0.968953390758, 0.415472566392, -0.906621529303, 0.0736203041318,  
2261, 602739.1006084171, 52.401886099011314, 154.94215660895537, 86.21112583361554, 10.772285207757927, 0.573536298337, 0.730213552806, 0.371273863594, 0.724083373916, -0.239945653849, -0.646629222057, 0.383091871629, -0.639698562213, 0.666353035106,  
2300, 1690585.8012889214, 73.90086741017399, 96.57775630421489, 72.29540188985752, 57.80438965166602, 0.513860112805, 0.494176752361, 0.701239703592, 0.400674879781, -0.861034119268, 0.313177084361, 0.758556145041, 0.120039922037, -0.640455300499,  
2310, 1847911.8664406699, 76.12562682433511, 119.20776122347064, 84.86507432876104, 43.60729193202961, 0.508640634564, -0.845813948805, -0.160883401498, 0.300667532874, -0.000599910920054, 0.95372882665, -0.806773660667, -0.533477650997, 0.254003654186,  
2319, 3392824.2396992864, 93.21609759526082, 128.36233123258933, 84.76969878873025, 74.43796933469312, -0.370444629564, -0.793555973735, -0.482741849208, -0.927610758168, 0.289174560748, 0.236466392426, 0.0480526560977, -0.53539423789, 0.843234221481,  
2321, 1384468.8554660326, 69.14034257593708, 122.70393448489698, 76.69233457569136, 35.12239593274773, 0.742576746145, 0.135579380824, 0.655894814418, 0.242488680428, -0.967282607945, -0.0745895182379, 0.624322845929, 0.214435509798, -0.75115803676,  
2322, 1280175.05558312, 67.35868246510819, 115.0028761815552, 65.26047320046435, 40.721318441640655, -0.481066702492, 0.292145369095, -0.826574806699, 0.865080360985, 0.00529534470792, -0.501605351209, 0.142164681941, 0.956359264419, 0.255276635374,  
2341, 2267010.769132114, 81.49325373166685, 120.9286454239588, 102.32493673037013, 43.737534788976724, 0.0901564598747, -0.0365147504196, 0.995257999588, 0.648079864241, -0.756647787847, -0.0864674199458, 0.756217099984, 0.652802265735, -0.0445522114296,  
2416, 1870241.4285383741, 76.43102571281902, 132.78510382691567, 64.54348220772425, 52.0963520549407, 0.512833172942, 0.827968755975, -0.226869733235, 0.617867241819, -0.172500401176, 0.76712690155, -0.596021986354, 0.533583499298, 0.600038699635,  
2417, 1891238.5833690674, 76.71599167617363, 107.80339012172823, 65.38866956856556, 64.05053926283664, -0.280600642954, -0.958261518126, -0.0547552924519, -0.890808903737, 0.238759013764, 0.386592330975, 0.357383234352, -0.157254558676, 0.920623825229,  
2424, 2227306.9359699585, 81.01469849420491, 126.82815379782357, 88.55874242365147, 47.34175448749921, 0.740327425904, -0.284807106529, -0.608933670053, -0.44541945168, -0.886267360983, -0.127010538621, 0.503504532769, -0.365260286545, 0.782986659244,  
2434, 2479192.0307749175, 83.96027504943378, 144.78410713150544, 89.88882047394739, 45.47733261563562, 0.309953288156, 0.0838324906544, 0.947048611568, -0.59690523396, 0.792481781806, 0.125206897479, -0.74002236509, -0.604106562632, 0.295672386522,  
2436, 2508216.474036833, 84.28665178933711, 124.47056902648546, 91.80595556505922, 52.40091571044157, 0.867596569402, 0.490139221201, 0.0839031382163, 0.43607491492, -0.831012568699, 0.345335748572, -0.238987157269, 0.263024056893, 0.934721072917,  
2448, 178452.90961437763, 34.92569105597213, 57.7734631719632, 37.98306214706675, 19.414072553263523, 0.771650130059, -0.244220311453, -0.587292530391, -0.139179861571, -0.965803822211, 0.218750870021, -0.620632776215, -0.0870598442204, -0.779253194162,  
2450, 1659530.6365771028, 73.44556143164928, 135.86186388775712, 99.42048848285948, 29.330752417481474, 0.877070427991, -0.476356924544, -0.0618994732031, 0.364837969184, 0.576763586572, 0.730915194428, -0.312475151949, -0.663647380499, 0.679655378682,  
2454, 1725673.8664445174, 74.40864071162738, 116.9378338272285, 66.86915514004302, 52.68527267853349, -0.150009838431, 0.929157993327, 0.337879374645, 0.199910207101, -0.306181994234, 0.930746203594, 0.968262855567, 0.207166623382, -0.13981785539,  
2461, 1075700.8281506053, 63.56249916444186, 74.36747260286438, 71.68928514425788, 48.16877721884962, 0.983091722647, -0.0285205257777, -0.180879087992, 0.073480232604, -0.843332312771, 0.53234506258, 0.167723940688, 0.536635062073, 0.826977321257,  
2479, 568260.5178703279, 51.3830198185532, 72.611992421392, 62.74911277002226, 29.774393947534552, 0.51196560504, 0.778874769291, 0.362277949947, 0.578372939691, -0.000732837708507, -0.815772152983, -0.635118856506, 0.627179046773, -0.450855277667,  
2484, 1568742.983752726, 72.08104303259886, 135.1470797426556, 70.08874234165629, 39.537413435739545, 0.662254416084, 0.688267221244, -0.296154217492, -0.520151717148, 0.706798014124, 0.479456732541, 0.539315565811, -0.163477213678, 0.826083483119,  
2486, 1242668.8794355963, 66.6943336246698, 106.5645584203453, 81.55683536741212, 34.13450880399846, -0.661662124221, 0.110246880963, 0.741652788446, -0.135125542731, -0.990469164375, 0.0266818688351, -0.737525810445, 0.0825618535451, -0.6702531009,  
2506, 2374333.535843206, 82.75947096254066, 110.93989141516391, 102.61288226795544, 49.79244981542324, -0.319734595429, 0.567028347928, 0.759110427495, -0.894357806239, 0.0839465552018, -0.439405382636, -0.312880013593, -0.819409438874, 0.480285611462,  
2513, 3217592.6944278157, 91.58284963254552, 121.22249563640999, 100.06596595381181, 63.324656860840044, 0.588169634475, -0.602828668173, -0.539123434763, -0.745184749944, -0.66299934871, -0.0716348522776, 0.314254943529, -0.443880006802, 0.83917481494,  
2516, 613441.6580617126, 52.71022684367732, 123.37257277794421, 46.104476697466175, 25.746780900071983, -0.730606856188, -0.666997973995, -0.146038776965, -0.18839212705, -0.00866214305544, 0.9820556877, -0.656294162824, 0.745009174416, -0.119328545954,  
2528, 1888842.482834156, 76.68357959892725, 125.05608877297476, 74.46833547084081, 48.420653287795794, 0.942160569153, 0.140761853311, -0.304170285506, 0.251760719023, -0.89630618909, 0.365036649881, 0.221246474073, 0.420501267599, 0.879902654649,  
2554, 1764578.3809938978, 74.96365988886353, 136.61147699411924, 64.92555070299422, 47.49517759814577, 0.0859212341045, -0.417308250444, -0.904694072956, -0.930404094726, 0.291152086124, -0.222662711882, -0.356322553379, -0.860862524947, 0.363249158424,  
2562, 2480670.2787820175, 83.97695917443896, 115.05648281805139, 99.93262898135644, 51.50649857042204, 0.415315963016, 0.0770775427327, 0.906405926321, 0.836441083375, 0.359337738085, -0.413814818525, -0.357601684709, 0.930019054856, 0.0847678753935,  
2567, 1176835.7820687713, 65.49514156108512, 135.9024181408994, 48.58123094457615, 42.55313453750467, -0.785400065992, -0.51168128959, 0.348323117554, -0.602081844851, 0.500889005687, -0.621777818905, -0.143680856207, 0.698063365222, 0.701472272933,  
2573, 2602269.6844808822, 85.3272792056081, 120.21030838986279, 91.89082136588867, 56.24058743910868, 0.219127324628, -0.96945131893, -0.110215043554, 0.935030986193, 0.240922190404, -0.260141409678, 0.27874768243, -0.0460503897405, 0.959259657832,  
