# Void_ID, Void_Volume, r = (a*b*c)**(1/3.0), a, b, c, vector_a, vector_b, vector_c 

0, 894908.0892042186, 59.7810136679352, 141.99738270731595, 50.60878279482369, 29.729225335527627, -0.439495715753, -0.384070746597, -0.811993335837, -0.0909728417644, -0.880297570634, 0.465618007809, -0.893626016797, 0.278506460864, 0.351947003625,  
1, 529186.8397267271, 50.177244550623, 111.75584800528958, 62.169479234199464, 18.183309799147374, 0.305278176832, 0.177964939127, -0.93548581774, 0.305383042609, -0.948791889926, -0.0808402554239, -0.901968088148, -0.261002739549, -0.343992932938,  
2, 353354.62590768514, 43.85718209045211, 149.19508587328679, 64.0602050529128, 8.82631308681698, 0.868840248153, -0.49034910711, 0.0683694108876, -0.176552136443, -0.177848437946, 0.968090531013, -0.462542934554, -0.85318678276, -0.241094063422,  
3, 2648280.5114759277, 85.82723569692779, 101.68199402315452, 96.60888393101781, 64.35973630030773, -0.0066602995393, -0.434370978092, 0.900709439165, -0.176743034102, -0.886037279051, -0.428602193215, 0.984234494572, -0.162048738113, -0.0708707709125,  
4, 974959.5406519294, 61.51287062365306, 128.6440959955925, 85.09789752308143, 21.261274493005438, -0.492508607325, 0.758872693701, 0.426083919511, -0.13477698595, -0.550177176537, 0.824099653243, 0.859808371539, 0.348449866082, 0.373245569375,  
5, 1726688.1333896285, 74.42321577997062, 134.99934237897668, 100.24741700406338, 30.459337341322996, -0.676607469735, 0.482269195506, -0.556433962807, 0.099729603214, 0.808727374879, 0.579667179824, -0.729559002509, -0.336714205503, 0.595287498332,  
6, 1713345.5798792725, 74.23102425333154, 107.2312250390005, 70.21193970615094, 54.32805041577777, -0.485918890974, -0.82691167644, 0.283019276309, 0.158385790016, 0.235144782226, 0.958968650641, -0.859532880649, 0.510807214866, 0.0167097673486,  
7, 1448042.9789736602, 70.18284151314313, 103.48689870257202, 64.67028479325228, 51.653850025070575, 0.677725729305, -0.626935947637, -0.38423840698, 0.476627738355, -0.0233578194193, 0.878794863038, -0.559923061561, -0.77872057237, 0.282984867615,  
8, 522608.4714822089, 49.96845774686158, 117.28437388970444, 46.15630698404461, 23.04711819876642, -0.856349980661, -0.383669715585, -0.345633129148, 0.178440515381, -0.847943597649, 0.499149915032, -0.484586104931, 0.365772066387, 0.794598705234,  
9, 1156950.7390427508, 65.12415273563632, 100.64570391778122, 71.91286388974692, 38.16141170910632, -0.680998807553, 0.578783672906, 0.448609054845, 0.712810429876, 0.383593263838, 0.587160539374, -0.167755522029, -0.719628840386, 0.673789593949,  
10, 1331895.6145615028, 68.25385621275328, 157.48201986220187, 65.4760920434824, 30.836696947203833, -0.931889943811, 0.277142352147, 0.234036854514, 0.349523387068, 0.513461275808, 0.783703336817, -0.0970285242457, -0.812126612599, 0.575357133084,  
11, 2310130.799480313, 82.00669704816941, 117.95351703150833, 77.42203177576587, 60.39103905954368, -0.282510612667, 0.168754138513, -0.944303867653, 0.181545814525, 0.97602002864, 0.120108371575, 0.941928272725, -0.137502525172, -0.306372623797,  
12, 1313528.440271077, 67.93865692226761, 117.1947592481678, 81.07063487572641, 33.00495203415465, 0.717616087086, 0.107616319711, 0.688074036196, -0.284114944125, -0.856799071744, 0.430318543852, 0.635850493497, -0.504295625987, -0.584277392622,  
13, 775120.7118329825, 56.984959525205504, 140.21193423564515, 68.08993054887823, 19.38263692970743, -0.0232434233802, 0.0480853122287, 0.998572754494, 0.597677858182, -0.800019769288, 0.0524361191134, 0.801399351827, 0.598043620062, -0.0101443282127,  
14, 1239071.8396732267, 66.6299201081432, 117.28985463860408, 74.39539751962235, 33.90012978277948, -0.258887766075, 0.691021783611, -0.674882226134, 0.077211400256, 0.711272108296, 0.698663286305, 0.96281645408, 0.128766775742, -0.237494406708,  
15, 1074075.0735671693, 63.53046140676693, 111.86256185019587, 91.10342812819862, 25.16092180404013, 0.774703757438, 0.606489311918, -0.178898861764, 0.238352480634, -0.0180378540963, 0.97101118984, -0.585680956825, 0.794887004768, 0.158532225318,  
17, 2390072.7393606356, 82.94193627259352, 125.73948609439954, 90.03973407103734, 50.39838553581199, 0.60610557391, 0.640255764219, 0.471920109405, 0.722447096296, -0.691352528328, 0.0100932962043, -0.33272545188, -0.334819709635, 0.881583538703,  
19, 1668569.5865903574, 73.57866514950992, 102.25341242974228, 90.85366774446828, 42.878090771818684, -0.502538904265, 0.460350828222, -0.731800358469, 0.862752791434, 0.321649392789, -0.390127272811, -0.0557877277934, 0.827416934244, 0.558810295497,  
21, 799594.6132641237, 57.57850929121902, 131.11557089238616, 60.427345079066576, 24.093143455226627, -0.968942807435, -0.0507547295805, 0.242020233337, -0.195499858698, -0.442088283916, -0.875407193524, -0.151425365009, 0.895534425162, -0.41843572049,  
22, 497021.39203057176, 49.1392839844293, 111.09588430484084, 41.45462818372768, 25.76412975064117, 0.281594498514, -0.18439713242, -0.94164867969, 0.521477979427, -0.794372279184, 0.311501844355, -0.805459654719, -0.578766256462, -0.127531819564,  
24, 1264541.6644593135, 67.08336581758226, 100.55979784833737, 56.957175281395386, 52.70741285158817, -0.703475623584, 0.552245672101, 0.447377653297, 0.705054413279, 0.621578526013, 0.341377225829, 0.0895562467895, -0.555576145677, 0.826628589522,  
25, 499456.96951749426, 49.21941974978917, 117.70447163025638, 69.71723120825614, 14.530360031932192, -0.0790770945805, 0.040167174931, 0.996058939607, 0.226062055364, 0.973879438943, -0.0213257011286, -0.970897914426, 0.223484756667, -0.0860918306264,  
26, 1089793.4202444344, 63.83886995275891, 120.86180790616744, 51.598310084058014, 41.71872313528855, -0.471074157755, -0.856882544597, -0.2093834823, -0.791831407925, 0.306183840148, 0.528445340084, 0.388705749018, -0.414733361086, 0.82274180633,  
28, 1710150.8451303965, 74.18485804974353, 111.49526329738801, 73.9758822160243, 49.499320755592905, 0.621962528849, -0.643831328532, 0.445694775725, -0.663153937875, -0.130414177606, 0.73703391846, 0.416400609255, 0.753971725385, 0.508072012545,  
29, 959368.3323212444, 61.18320969386636, 89.92245942395444, 59.26333042895662, 42.977637554291455, -0.0350882208956, -0.495527851114, 0.867883036776, 0.882259927206, -0.423291575798, -0.206013743973, 0.469453126096, 0.758469769093, 0.452036914167,  
30, 1340360.1880290546, 68.39814184023216, 103.7072688425931, 93.41546296436694, 33.02972385554992, 0.988145589374, -0.153129408938, 0.0109397586646, 0.104403499483, 0.722539804789, 0.683400424196, 0.112553114115, 0.674156965857, -0.729961767416,  
31, 1119538.0733922333, 64.4144672835808, 135.96854850719274, 61.35724772912765, 32.036563690393436, 0.449382216815, 0.69211623479, -0.564828062999, -0.546286475356, 0.713174898881, 0.439263759544, 0.70684277605, 0.111160609688, 0.698581855476,  
33, 3300512.8543389975, 92.36290978629135, 115.25597363655726, 85.51115226975244, 79.94781830021275, 0.590948457914, -0.748385154695, 0.301163710166, -0.654079884129, -0.663014722363, -0.364130447928, -0.472185795283, -0.018197202033, 0.881311203021,  
34, 322628.5411163596, 42.547239864684364, 115.45857163450576, 64.4122882041446, 10.356649224723268, -0.326189818286, -0.669539698876, -0.66732060816, 0.0244002265701, -0.711660302766, 0.702099880651, -0.944989328717, 0.212735058454, 0.248473265191,  
35, 112779.71168261013, 29.971889554302923, 133.47969855828015, 30.23638207989797, 6.671098126996347, -0.665233114042, 0.238033853492, -0.707675623837, 0.221333311868, 0.968085585298, 0.117566426313, 0.71307536, -0.0784231096694, -0.696687409697,  
36, 1378880.2091710484, 69.04718482533663, 105.00893780934406, 74.70283944887285, 41.963775393611925, 0.565808828999, -0.532061971465, -0.629897156326, -0.673045510789, 0.143276999845, -0.725590409062, -0.476308838291, -0.834494913008, 0.277034529852,  
38, 1965017.5692524267, 77.70088096549428, 91.95394653086372, 81.68757887001276, 62.452730501402996, -0.450722868456, -0.57813387468, 0.680154481569, 0.642159296366, 0.319266494423, 0.696922049895, -0.620064782052, 0.750886228723, 0.227353332002,  
39, 1769969.5718407156, 75.03992598450037, 109.0879600968535, 74.33265539983341, 52.109957967771074, -0.922283294556, 0.0676325771357, -0.380551388242, 0.18101682343, 0.945501539488, -0.270665380982, 0.34150612618, -0.318516362745, -0.88426290912,  
40, 1032055.470478717, 62.690944116089334, 109.87527482657663, 71.23562240077152, 31.47873223163865, 0.660677721638, -0.690298081148, 0.294946617703, -0.379779274386, 0.031548616237, 0.924539013541, -0.647512664646, -0.722836941486, -0.241317436472,  
41, 1695025.017172667, 73.9654949445653, 121.20999469908385, 62.049909564583416, 53.80317664346661, 0.256124093519, 0.383131832717, 0.887474195387, 0.853817612976, -0.5201125477, -0.0218728484003, -0.453206280286, -0.763343262553, 0.460338061673,  
42, 2343068.331496592, 82.39460605615945, 115.10379130061905, 76.70212665605153, 63.35768651912864, -0.428209892133, 0.0623692355499, -0.901524468185, 0.0167872910797, 0.99799234383, 0.0610693746091, 0.903523367234, 0.0110163566511, -0.428397204413,  
43, 197865.6788430205, 36.14880569204105, 75.77837095640353, 56.78062026351722, 10.978334593073226, 0.882730379805, 0.350959708984, -0.312432967592, -0.378808972524, 0.924946742168, -0.0312615816703, -0.278012299915, -0.145947959298, -0.949425275771,  
45, 718801.1539742537, 55.56995589839288, 146.63174026006357, 49.45192092512524, 23.665135819333493, 0.188154699264, -0.492273262439, -0.849861661821, -0.915390342976, -0.401457173662, 0.0298773777631, 0.355890894983, -0.772333589068, 0.526158244319,  
46, 907661.8024561503, 60.06366333086291, 119.09080721688474, 80.24636827913343, 22.674192235211905, 0.834513695049, -0.343772988837, -0.430589160246, -0.350304136779, -0.934239391231, 0.0669609709218, -0.425292728048, 0.0949573168183, -0.90006066654,  
48, 1043345.644368749, 62.918718135962635, 139.47335497086524, 92.39872040970184, 19.32779868142751, 0.333425690676, -0.853962666534, 0.399468488072, -0.61091356797, 0.12701626204, 0.78144192468, -0.718061223899, -0.504593532799, -0.479346894628,  
52, 1612767.6252165167, 72.74911746422084, 111.52890160219711, 89.35826801726935, 38.63323002908374, -0.897644134335, -0.273242887128, 0.345793771963, -0.102792500062, 0.892773295969, 0.438622324939, 0.428565875946, -0.358181750844, 0.82948003191,  
53, 1403535.804617119, 69.4562975370586, 124.38751021554152, 69.34641515979636, 38.84490794567518, -0.97887280088, 0.144802531193, 0.14436158304, 0.193809319693, 0.432079210463, 0.880764158834, -0.0651612407623, -0.890134699271, 0.451014667008,  
54, 1219072.9576894771, 66.26950033742494, 105.2214230829242, 71.9586916439769, 38.4373695048421, -0.349146069601, -0.653497250256, -0.671593899607, 0.175773227589, -0.749648459059, 0.638068147061, -0.920435111534, 0.104730758321, 0.376604133961,  
55, 3118041.5633471115, 90.62842450601354, 106.02721626832232, 86.07947531426, 81.55983159200812, -0.702509655986, -0.654110546673, 0.280391825804, -0.709247897954, 0.675991767771, -0.200006372781, 0.0587162881561, 0.339373721193, 0.938817274484,  
56, 3163209.472920152, 91.06394231859281, 112.41703849539843, 97.57273985349815, 68.84599848612281, 0.0485251462333, 0.277568391382, 0.959479597641, 0.998454198032, -0.0395452691591, -0.0390561918269, 0.0271021146025, 0.95989163961, -0.279058265585,  
57, 449863.78443964216, 47.53324616426026, 126.02598840404767, 38.595551077845, 22.07979640858945, -0.496469346681, 0.00291684252671, 0.868049353341, 0.233488611749, -0.962691802851, 0.136775585934, 0.836062949777, 0.270584524232, 0.477265920904,  
58, 1168955.3604777239, 65.3486227662624, 151.30004876377546, 46.26057793625105, 39.87118977520601, -0.836991065457, 0.545644618405, -0.0414476386626, -0.12411309583, -0.115522181512, 0.985520453883, 0.532955810352, 0.830016009475, 0.164412676601,  
59, 309831.42567239795, 41.9770858344778, 126.6905657982873, 51.16094189954884, 11.411797298875864, -0.103676901162, -0.288456104635, -0.951863527962, 0.136337131336, -0.952108774446, 0.273680595298, -0.985222455481, -0.101399986797, 0.138038965126,  
60, 3476982.056543366, 93.98054229864997, 134.68955066503779, 111.33883682647911, 55.35199217693901, -0.711671493377, -0.654489883842, -0.255277647794, -0.665593941713, 0.744427941776, -0.0530258829049, -0.224740717871, -0.132174246552, 0.965412646633,  
62, 1692562.5289765217, 73.92965920370104, 101.0831244337649, 94.15783306462703, 42.45423310722238, -0.0961402570189, 0.206156013066, 0.973784755096, 0.994347678963, -0.0243891809579, 0.103333736951, 0.0450526838311, 0.978215143069, -0.202645970971,  
63, 1155592.2570389174, 65.09865333851832, 101.8650473107747, 61.075912214893464, 44.34257002044711, 0.230920699787, -0.672755192504, -0.702905456921, -0.890181289111, 0.145534537627, -0.431737154845, -0.392750433387, -0.725410331686, 0.565267147248,  
64, 840442.9404082323, 58.54276197762883, 90.8434848138449, 58.5657893204149, 37.71219733360016, 0.483200187263, 0.825559791217, -0.29149375663, -0.527325990448, 0.540206178563, 0.65582359247, 0.698888316419, -0.163181848769, 0.69636686122,  
65, 87393.10407476455, 27.529364449936672, 125.17339697932263, 25.862215273309737, 6.44482004156314, -0.842369151116, 0.0718989942483, 0.534083090796, 0.527187216849, -0.0955666962323, 0.844358126012, -0.111749056547, -0.992823016049, -0.0425982061082,  
67, 723227.1614813107, 55.683779655742775, 128.55264429170563, 72.41461727515902, 18.54722176378799, 0.00596418331927, 0.985252650725, 0.171001879394, -0.98150076744, 0.0384927142342, -0.187548805554, 0.191365284289, 0.166719900402, -0.967255810414,  
68, 2981224.2797401343, 89.28298057447836, 130.52190342737566, 81.27722265358366, 67.08938131180116, 0.270402354596, 0.128467042604, 0.954137718358, 0.818071514635, 0.491849887598, -0.298064900672, 0.507584045821, -0.861150339392, -0.0279021395903,  
69, 1585751.2867576538, 72.34060797379546, 102.04636348637784, 71.24651045402821, 52.069730778500045, 0.207378937681, -0.420959979852, -0.883055304932, 0.425227433008, -0.774150578346, 0.468905653904, -0.881008289645, -0.4727404969, 0.0184612070889,  
70, 2002696.9395246021, 78.19438020156936, 127.89116200899998, 63.9370503490847, 58.470053967697325, -0.6616146214, 0.41863939749, -0.622098985386, 0.0981409001226, 0.870846469253, 0.481658375523, 0.743393877075, 0.257618869375, -0.617250404349,  
71, 2808914.5589799755, 87.52859822434623, 109.04361510683923, 88.5670400048373, 69.43485745537596, 0.112286369138, 0.990789944119, 0.0756773277651, -0.981270427852, 0.0985658356449, 0.16550868094, 0.156525137689, -0.0928442926383, 0.983300472183,  
73, 1004501.3683396025, 62.12799064304223, 110.39447859511219, 84.0198662321071, 25.854288164392944, -0.97061893143, -0.172417801321, 0.167842163172, 0.190372393963, -0.123644410545, 0.973894455964, -0.147163995486, 0.977232910584, 0.15283519524,  
74, 799923.928042237, 57.58641281765893, 140.13465230606133, 59.34855048496036, 22.961720279986427, 0.618273866589, 0.688517404219, 0.379053043757, 0.619230491234, -0.723733146177, 0.304571718732, -0.484036181106, -0.0464124682955, 0.873816261103,  
75, 359337.40124728385, 44.10331874960358, 109.59278922393338, 48.32336725915812, 16.198494173947662, 0.324974230656, -0.758407362031, 0.564986745532, -0.702010299509, 0.206857422265, 0.681462798865, 0.633698105404, 0.618084363231, 0.465186447713,  
76, 607441.2650408398, 52.537801341385034, 112.71169939160411, 76.61415169602583, 16.793363435973326, 0.527490643401, 0.693234831352, 0.491099877544, 0.165156210473, -0.650710948277, 0.741146873389, 0.833352894797, -0.30983984636, -0.457735974489,  
77, 2349482.382330878, 82.46972147684909, 102.42225971142929, 85.49632409760707, 64.05334102434433, 0.561279983928, 0.690705805804, -0.455949854118, -0.314511311883, 0.687591815031, 0.654446430658, 0.765537336999, -0.22392629531, 0.603166311998,  
78, 343948.62109161523, 43.464530001218506, 110.17764816485526, 94.400129389251, 7.89475898254978, 0.667280381801, -0.384345814071, -0.637977419091, 0.168595425854, -0.756389107151, 0.632021440273, 0.72547396538, 0.529295582629, 0.439924666012,  
79, 1953031.5335475833, 77.54257439422084, 106.42792480315187, 85.53379650720537, 51.21855277932141, 0.0689148086213, -0.996501252989, -0.0472863822233, 0.52443747907, 0.0765082616117, -0.848004608744, 0.848655454056, 0.0336413242341, 0.527875157215,  
80, 1012632.9614098972, 62.29518550852504, 129.53231352321453, 87.63341832208425, 21.296859973686896, 0.52485124031, -0.82222438854, 0.220177724656, -0.300769521948, 0.0628383726352, 0.951624418346, -0.796284415402, -0.565684005267, -0.214319238458,  
82, 1312748.5754504309, 67.92520880396036, 132.5041470918208, 60.48202456524537, 39.10543805557748, -0.908390849449, -0.0112749527975, -0.41797002294, -0.367726775203, -0.454233992674, 0.811448395586, 0.199005234696, -0.890811066017, -0.408475900421,  
83, 4511245.350943578, 102.50285126011032, 112.68861381695916, 100.99993410287536, 94.62517835901195, 0.888541214674, -0.40296937951, -0.219340349691, -0.370257618697, -0.347497778634, -0.861483946247, -0.270931366995, -0.846676427581, 0.457968581189,  
84, 4509632.8550224975, 102.49063695904917, 122.22069490701786, 120.78920405359231, 72.92554919988098, -0.250489473006, 0.964511507384, -0.0835019522957, -0.280780536308, -0.154922412439, -0.94718600948, -0.92650812967, -0.213814401405, 0.309622491767,  
85, 2042387.8542002582, 78.70757585592047, 117.80557578958988, 79.59436964799721, 51.99976917887442, 0.493231574205, 0.391577043689, 0.776781843932, 0.816051251482, 0.101008452094, -0.56908492122, 0.30130212273, -0.914584447419, 0.26972637872,  
86, 1307141.5785711382, 67.82836366346002, 148.21695173310462, 81.64051089719146, 25.78875812599394, -0.384203450517, 0.161793268439, 0.908961301101, -0.886988131663, -0.337891748422, -0.314771696056, -0.25620258176, 0.927174257967, -0.273327884533,  
87, 66467.80898431956, 25.128944738487142, 106.78138640611334, 71.6029415947234, 2.075373820924097, 0.560628307188, -0.601267550384, -0.569362129084, 0.462537514153, -0.342932498975, 0.817591798606, -0.68684419571, -0.721716449863, 0.0858511317157,  
89, 1037590.2700109369, 62.80281257810187, 111.7851843521171, 95.11544340066648, 23.297107144406176, 0.413117074211, -0.043383708019, 0.909643961599, 0.746399873323, 0.588402993688, -0.310916622462, -0.521748514228, 0.807403103102, 0.275460917379,  
90, 370976.31316315295, 44.57443604187291, 114.13288986964332, 49.55764201664254, 15.657994041609975, -0.967472890851, -0.0413987151129, 0.249564324083, -0.242734395752, 0.42975808116, -0.869705700106, 0.0712475865333, 0.901994533279, 0.425828185245,  
91, 3281660.5663318513, 92.1867171645379, 101.70048786183533, 100.89431491817105, 76.35110329200047, -0.561298103237, 0.00360438330932, 0.827605852882, -0.826115489102, 0.0577031701462, -0.560538618492, -0.0497758773836, -0.998327277287, -0.0294110430733,  
92, 3167607.7998187155, 91.10612979657385, 103.51073150457883, 91.62164473943271, 79.73689737874476, 0.145269225171, 0.17041507946, 0.974605331871, 0.585711584903, -0.808711699452, 0.0541047731684, 0.797395003451, 0.562977875109, -0.217295008248,  
93, 3073994.6241772235, 90.19964565806792, 110.15447261378613, 90.63367965085655, 73.50599259122144, -0.0257333210004, -0.713091609925, 0.700598424238, -0.97895777119, -0.123942851474, -0.162110615924, 0.202433886533, -0.690027916409, -0.694897111923,  
94, 3294233.965924077, 92.30430227329886, 111.42026786069142, 87.2570502211765, 80.8911679366655, -0.680605236958, -0.152248302335, -0.71665679782, -0.670306332643, 0.524252584681, 0.525212954786, -0.295746397855, -0.837842277455, 0.458862055812,  
95, 3261465.15723881, 91.99722157034519, 108.06934908246396, 87.73231566987306, 82.12247047499946, 0.0752615127045, 0.378107169309, 0.922697498221, -0.261879828837, -0.885346536288, 0.38416203083, 0.962161452124, -0.270548478466, 0.032386121192,  
96, 4105905.209294253, 99.33602326944892, 108.45531666263564, 100.61646962554107, 89.82565399073722, 0.00473372525947, -0.955830295676, 0.293880992431, -0.980225099681, -0.0625747729691, -0.18773159495, 0.19782908229, -0.287180855308, -0.937225058641,  
97, 3254419.717433473, 91.93092946571889, 96.92063610901414, 93.47966832879756, 85.75343679050069, -0.910139544641, 0.0761851753459, 0.407236820952, 0.400553866837, -0.0893050339712, 0.911910747096, -0.105842378297, -0.993086315466, -0.0507637763722,  
98, 3657747.9958787644, 95.58176750012075, 100.80354508332637, 93.94407185902911, 92.21041697501195, -0.557098761678, 0.778997028901, 0.287757882082, -0.0758990439869, -0.392821547677, 0.916477259294, 0.826970558641, 0.488727798109, 0.277965527534,  
99, 3501755.1168095865, 94.2032141483792, 107.85652079645587, 91.94095164406544, 84.30275375901967, 0.172681354254, 0.984964522914, -0.00510279270445, -0.302754509896, 0.058006509771, 0.951301714264, 0.937294434333, -0.162727174819, 0.308219094063,  
100, 2728983.185963481, 86.69034876855942, 93.20958166465974, 85.94022346533693, 81.33083163500469, 0.479668134473, 0.65555019801, -0.583243018526, -0.324433276635, 0.750100391752, 0.576274631843, 0.815267765696, -0.0871971340251, 0.572481554318,  
101, 3540995.327592507, 94.55378421766906, 100.56564571064052, 92.82247462854502, 90.5594873811125, -0.432745304367, -0.717148196734, 0.546287438507, 0.159134235576, 0.535684306663, 0.829288019124, -0.887360015223, 0.445803530175, -0.117692038249,  
102, 3237425.361294595, 91.7706311198728, 98.81267200280942, 94.35863198928803, 82.89281267731313, 0.420670465265, -0.90673499291, 0.0294620482281, -0.111464317459, -0.0194289278903, 0.993578493474, 0.900339972226, 0.421253094224, 0.109241773236,  
103, 3387285.2727207956, 93.16534321101943, 100.25138426043942, 95.5975577824289, 84.37737087316454, 0.505738892756, 0.515972068204, 0.691376161859, 0.640751302003, 0.31195149506, -0.701515526351, -0.577638244349, 0.797783861433, -0.172843770794,  
104, 3671709.357435276, 95.70322268434788, 98.39601410104115, 96.07355024844082, 92.72532010636114, -0.44078605878, 0.206665287981, 0.87349705731, 0.38558863856, -0.835176523737, 0.392175440349, -0.810573286137, -0.509676007816, -0.288446381253,  
105, 3551582.1213488807, 94.64792210477385, 102.42748010766313, 93.61406450640632, 88.42512076373694, 0.281125827677, -0.95099854554, -0.128724649518, 0.647613945841, 0.0890100068356, 0.75675187204, -0.708212147711, -0.296106374575, 0.640902932409,  
106, 3534955.1849245634, 94.49999111385762, 103.09008127509829, 91.43925154607176, 89.52529451586675, -0.754273358711, 0.655692448683, 0.0337507493214, -0.248290973507, -0.332453682952, 0.909849515671, 0.607802017777, 0.677895243701, 0.413563472461,  
107, 3240919.149123859, 91.80363181317449, 97.20005128223868, 93.12489809159906, 85.476608677656, -0.570278673297, -0.634448089028, -0.521783343076, -0.819909513906, 0.400728994248, 0.408857752985, 0.0503053057798, -0.660977984125, 0.748717223465,  
108, 3620724.0433713375, 95.2581783719935, 101.24195101854646, 95.74046512172589, 89.17657282861201, -0.408897645232, -0.150161907213, 0.900141165232, 0.201419156605, 0.947193842387, 0.249507812094, 0.890074737916, -0.283328831158, 0.357059847026,  
109, 3276130.9659231408, 92.13490982697861, 99.12446422626599, 94.77076017388252, 83.25636168966946, 0.753938587033, 0.633022668667, -0.175667037139, -0.628423692783, 0.772878706346, 0.0879895881635, -0.191468716325, -0.0440545824054, -0.98050952287,  
110, 3259474.282575193, 91.97849867447758, 98.06541318880966, 92.64415512618856, 85.64954532937882, 0.363317210832, 0.488084710772, 0.793582963164, 0.752795711948, 0.348053369189, -0.558710540682, -0.548907296714, 0.800395007047, -0.240974298022,  
111, 3636071.055178134, 95.392577613937, 101.79880476489458, 98.16211441314577, 86.8674691630028, -0.873213391524, -0.44306977348, -0.202947157387, 0.0687827197646, -0.524321347826, 0.848737922845, 0.482459646318, -0.727170062669, -0.488319966449,  
112, 4000709.869485313, 98.48032717671636, 115.21101811109159, 98.76364913810163, 83.93774658874428, 0.433660490942, -0.900661881598, 0.0273267932928, -0.817007562826, -0.405810915169, -0.409653687173, -0.380048971688, -0.155324422308, 0.911831729517,  
113, 3261108.045541638, 91.99386372537867, 103.13696697300796, 92.22868977773251, 81.84575965227243, 0.0267195429894, 0.748209416886, 0.662924380684, 0.180814980621, -0.65583987688, 0.732925643347, 0.983154112439, 0.100283220811, -0.152811213,  
114, 3412495.5944502796, 93.39590398503877, 99.250058726076, 92.74581370640294, 88.50308345232527, 0.519728014705, -0.795678275049, -0.31109303005, -0.52954482335, -0.58577826786, 0.613552036071, -0.670421562, -0.154142477982, -0.725792687816,  
115, 3740586.136023981, 96.29794444258104, 108.73804802775797, 93.97341186295947, 87.39056013313295, 0.353244367378, -0.675142812083, 0.64761145775, -0.394101650159, 0.520429866119, 0.757520061644, -0.848470568881, -0.522814439112, -0.0822359775135,  
116, 3476272.579348546, 93.9741496295582, 100.31109702639446, 93.77578292397703, 88.22375426049348, 0.59454811119, -0.132067689371, 0.793139753703, -0.47871909809, -0.850675949086, 0.217206019187, 0.646019015668, -0.508830575999, -0.568991103906,  
117, 3277377.3613214465, 92.14659250682449, 103.70789460743326, 92.49719756326147, 81.56379935531054, -0.957198292223, 0.196505826517, -0.212501504723, -0.235892668757, -0.104235687131, 0.966172640036, 0.167708312827, 0.9749463481, 0.146128505554,  
118, 3217821.8050485295, 91.58502331822838, 99.45511387136223, 94.96391416202539, 81.33690732955304, -0.287931544682, -0.954201492538, -0.0812092187804, -0.155801993054, -0.0369952554358, 0.987095279107, 0.944892144394, -0.296868426602, 0.138014393269,  
119, 3514316.815891529, 94.31572346686693, 106.28450522679557, 90.6959886507776, 87.0350667744471, 0.324743021023, 0.441199709536, 0.836591170526, 0.836585419405, -0.546621593746, -0.0364646306689, -0.441210614487, -0.711721609589, 0.546612791753,  
120, 3386864.924881534, 93.16148924266312, 100.93016541557506, 94.88842605614539, 84.42577173215086, -0.51092869074, -0.581663688051, -0.632944884633, -0.85944640239, 0.360576990778, 0.362403249353, -0.0174285512489, -0.72914442172, 0.684137893905,  
121, 3465453.3023310285, 93.8765557306384, 101.7101798676906, 93.69443477374213, 86.81469099757791, -0.88681221626, 0.428431484133, -0.173235552052, 0.459349630575, 0.776141534111, -0.431974809356, 0.0506163015481, 0.462656224891, 0.88509163796,  
122, 3556482.781577866, 94.69143549427929, 108.99707910074329, 89.24782150068212, 87.28098067378389, -0.669401735698, -0.74075652879, -0.0564010753349, 0.291967151368, -0.332133223946, 0.896907299599, -0.683122608882, 0.583924041812, 0.438607130161,  
123, 3699287.880560592, 95.94223695846375, 107.36026722782712, 94.82901342033125, 86.74505051340736, -0.328744637001, 0.673795614477, 0.661760102722, 0.0572293599258, -0.685205764513, 0.726097693593, 0.942683278734, 0.276572829811, 0.186696828588,  
124, 3266286.7748229066, 92.04253423313408, 98.9561974929572, 92.63890670362863, 85.0607648464923, 0.641831906867, 0.740441277811, -0.199495657701, 0.574239987689, -0.291659634313, 0.764972610131, -0.508232466364, 0.605542213084, 0.612387449502,  
125, 3524366.834609646, 94.40554392713469, 115.07746536136956, 88.39513522900863, 82.71301355176762, 0.650882209488, -0.413325403478, 0.636800172904, -0.604520889081, -0.789586145294, 0.1053955114, -0.459245951572, 0.453559070022, 0.763791415221,  
126, 3578193.797341193, 94.88373015809901, 103.18361168338915, 96.76358887870768, 85.55641067668166, 0.504844188238, -0.859678566642, 0.0780071000485, 0.0165671256105, 0.100001481236, 0.994849352465, 0.863051490904, 0.500951560339, -0.0647275694155,  
127, 3025122.618451769, 89.7190757809088, 105.92043109109792, 96.85931152191247, 70.39361297222226, -0.326195092543, 0.910959798804, -0.252485656156, -0.773905884475, -0.410726502036, -0.482051265427, -0.542831874133, 0.0381573779085, 0.838974118156,  
128, 3854508.6399343736, 97.26579437775764, 106.11828818569622, 96.08821967117345, 90.24435217640325, 0.763950541402, 0.557124500234, -0.325563913128, 0.43905757118, -0.818531575533, -0.370451763451, 0.472872096323, -0.14006552429, 0.869927370201,  
129, 3515235.3153063683, 94.3239395152347, 98.5753522915771, 94.45422135291072, 90.13139301964853, -0.242890806619, -0.91596312384, -0.319398828778, -0.901098640885, 0.334965500961, -0.275353141548, 0.35920091238, 0.220929103856, -0.906733166711,  
130, 3451370.6816095435, 93.74922051166877, 106.94218066634146, 94.07895639287194, 81.89576979651598, 0.431364733424, -0.558362471116, 0.708629534812, -0.754943990172, -0.653451209656, -0.0553271027817, -0.49394740455, 0.511109447622, 0.703408198765,  
131, 3357461.167437818, 92.89110511572717, 97.59961618733945, 95.7136622280838, 85.80257973793482, -0.423643668141, -0.898290741903, -0.116618118044, 0.868380090863, -0.439384529408, 0.229907053198, -0.257763574303, -0.003870184595, 0.966200269837,  
132, 3239087.320021249, 91.78633216753722, 106.9163973890886, 89.06342205872023, 81.20641762489781, -0.196494999356, 0.617469311842, 0.761656985894, 0.947714868922, 0.318812691664, -0.013964055955, 0.251448289819, -0.719089783384, 0.647829947579,  
133, 3555707.7127728867, 94.68455625296124, 110.06070876559816, 92.04761097946424, 83.79008249534458, 0.104204545537, 0.268770902277, 0.957550841877, 0.763431435408, -0.638686034664, 0.0961903974234, 0.637427530093, 0.721000937041, -0.271742143704,  
134, 3366014.9797981987, 92.96992451907497, 98.52494943131396, 94.65206695134384, 86.16901175797445, 0.144420714502, -0.900097067941, 0.411057083027, -0.519888252358, -0.422477821737, -0.742447772709, 0.841937564362, -0.106478910699, -0.528964440481,  
135, 3564373.3729299456, 94.76141282649968, 104.77078040352573, 93.36421905579287, 86.99092195174042, -0.156148249014, 0.683323485431, -0.713222783279, 0.956339218746, 0.28519559606, 0.0638652540647, -0.247048624806, 0.672110471758, 0.698021841159,  
136, 3374450.8195897336, 93.04752618576177, 107.49785021458891, 96.0012540934039, 78.06166462022459, -0.287400408719, 0.849631315902, 0.44218506545, -0.857565095884, -0.0226402240481, -0.513876956651, -0.426594785939, -0.526890925424, 0.735120970532,  
137, 3701342.7750170403, 95.95999845596731, 104.89531991528996, 100.280026339622, 84.00403471498788, -0.509961557046, -0.224666755584, 0.830339725215, 0.54823428724, 0.658951269843, 0.514997466272, -0.662856226213, 0.717849617195, -0.212869796972,  
138, 3478965.414064325, 93.99840851919686, 101.23379367800162, 92.59910265856163, 88.5990798937591, 0.722744487183, 0.25040561567, 0.644156373785, -0.215600534179, -0.8038477345, 0.554387255807, 0.656625323841, -0.539560791182, -0.526988934144,  
139, 3512894.813683704, 94.30300072278636, 103.81521181201822, 92.99810662958889, 86.86432226150282, -0.313390817012, -0.93972860322, -0.13673459, -0.0204850149448, -0.137264667022, 0.990322561265, -0.949403265202, 0.313159006699, 0.0237671316639,  
140, 3431916.7502690586, 93.57274682561045, 104.14303207359004, 95.98369887216357, 81.96348865277697, 0.793494657166, 0.209273194163, -0.571463873971, -0.262838219543, 0.964769524256, -0.0116548451052, -0.548891883158, -0.159450604489, -0.820544456645,  
141, 3585245.2625421435, 94.94601766339696, 100.64309662255782, 93.28909128730753, 91.16232812495849, -0.697861077073, -0.61080101784, 0.37404817031, -0.0928405455056, 0.594980769837, 0.798359891674, -0.710190502765, 0.522417457719, -0.471921020568,  
142, 3641567.200641166, 95.44061733685265, 105.73982559996551, 94.92179452666029, 86.61541480081904, 0.777828547105, -0.482138363096, 0.403144329167, -0.56560615582, -0.816676407773, 0.114583251332, -0.273993481323, 0.317147038167, 0.907934649837,  
143, 3260746.850864637, 91.99046723965941, 111.94626554615375, 93.48686201169889, 74.38207361146173, -0.947782481709, -0.0782044366421, 0.309180260455, -0.306768323899, -0.0414771116417, -0.950880036946, -0.0871869417838, 0.996074151506, -0.0153206358557,  
144, 3307736.977313037, 92.43024829020311, 106.0012239240831, 94.66709972907442, 78.69233047360382, -0.714532856902, 0.56712298179, -0.409651461529, 0.591901399452, 0.80221149494, 0.0781629753334, -0.372955130995, 0.186623259298, 0.908887357902,  
145, 3733794.824177088, 96.2396304479665, 98.85780177922491, 97.49327505170551, 92.48604992671626, -0.674420921146, 0.442327676648, 0.591187489374, 0.292260344748, -0.575365160461, 0.763897128555, -0.678041526758, -0.687968864556, -0.258763462245,  
146, 3324140.375317084, 92.58278669366577, 102.51309177524107, 94.50343313868059, 81.91507404507807, 0.593176805433, 0.522487191948, -0.612493601392, 0.608870181967, 0.206587814416, 0.765897236218, -0.526705210728, 0.827241566403, 0.19558377184,  
147, 3597250.396795255, 95.05187465245058, 103.85781919668673, 96.581023632648, 85.61523572638613, -0.375077655951, -0.580990390923, 0.722334353095, -0.0265555333537, 0.785637254412, 0.618117228468, 0.926612948137, -0.21265998715, 0.310103489517,  
148, 2546531.3896100027, 84.71366571167931, 101.85937795715387, 85.32811478653606, 69.94670394238858, 0.0619535834005, -0.724617339627, 0.686361030811, -0.925917229932, -0.29845816889, -0.231516748288, 0.372611106677, -0.621170212208, -0.689426232926,  
149, 3354793.3235912398, 92.86649479074997, 98.609617458054, 96.83497921051298, 83.873665467673, -0.260149571689, -0.446507160158, 0.856127067834, -0.920001428382, -0.15454120106, -0.3601588385, 0.293120405507, -0.88133329286, -0.370583397864,  
150, 2167736.5628554216, 80.28590327166174, 100.3814926462275, 75.76770464333444, 68.04247676329169, -0.577330592638, -0.549313217706, -0.604106261892, -0.793555949296, 0.551683223791, 0.25673834136, -0.192245525672, -0.627615016902, 0.754414374477,  
151, 3189405.483468846, 91.31463252910412, 118.6091508117176, 88.53758354706986, 72.50622027252315, 0.0852714365584, -0.932987945036, 0.349660230115, 0.854574461883, -0.111950550395, -0.507118884842, 0.51228046147, 0.342053458809, 0.787761486818,  
152, 3333177.7051554285, 92.66661228302947, 107.88456935151906, 89.52489100677978, 82.38852461006265, 0.525596447303, 0.726624995096, -0.442452812268, 0.714094294769, -0.0941332174654, 0.693691772727, -0.462404274161, 0.680554960213, 0.568354848108,  
153, 3194162.4137005773, 91.36000791983096, 99.52601830769747, 88.0722852884696, 86.99463901590609, -0.936422424825, -0.119383006966, -0.329940509689, -0.350640103365, 0.352778165454, 0.86752468777, -0.0128281018737, -0.928059946139, 0.372209855022,  
154, 3781060.9962041858, 96.64402849583192, 101.99933560400228, 96.80450548494885, 91.418093619431, -0.546968937991, 0.757424758835, 0.356556749449, 0.79498851426, 0.336485862362, 0.504747983279, -0.262332314188, -0.559539988861, 0.786191298475,  
155, 3445122.7197804064, 93.6926154297916, 102.71685164063257, 91.47115050267648, 87.536715319256, -0.453097675939, 0.89055176165, 0.0402499177752, 0.885932563228, 0.444808107549, 0.131412483696, -0.0991261291035, -0.0952014037762, 0.990510324655,  
156, 3575222.746552062, 94.85746155657466, 101.87921055710946, 94.00035897161648, 89.12497321107006, 0.374424469207, -0.776077311624, 0.507454749944, 0.585128413448, 0.622295714621, 0.519973829477, -0.71932680795, 0.102235267628, 0.6871076287,  
157, 3789157.019081654, 96.71295751520766, 107.37676123479592, 93.86475472578805, 89.75138168508329, -0.385119593088, -0.377339884769, 0.842198023259, -0.917318500626, 0.0566026351047, -0.394110276584, -0.101042898956, 0.924343417276, 0.367939641122,  
158, 2371179.745853685, 82.72281202423795, 100.56664150654574, 78.21493578840901, 71.966805836018, 0.221493918502, 0.610258495455, -0.760608317593, 0.809835714332, -0.549619047799, -0.205146333354, 0.543237112004, 0.570529114964, 0.615946401174,  
159, 3429540.962621844, 93.55114953652746, 108.0125242237113, 89.017453922893, 85.1526368982197, 0.8890877207, -0.42886573144, 0.159991278817, 0.183704166688, 0.654456023821, 0.73344399379, -0.419256251047, -0.622704984147, 0.660653236332,  
160, 3890966.8110199017, 97.57149792535245, 103.07331189374172, 95.83172688228628, 94.04016276589965, -0.409497566071, 0.810182691237, -0.41942311596, -0.307402425516, 0.310319092358, 0.899558674965, 0.858961868868, 0.4972987711, 0.121977211371,  
161, 3079273.4735566387, 90.25124822555937, 97.77848904481472, 91.41554072536458, 82.24249878944684, -0.608143585834, 0.408447639882, -0.680684878989, 0.30829398103, 0.911688302101, 0.271623380941, -0.731516370473, 0.0446650342888, 0.680359342144,  
162, 3592689.005798648, 95.01168171758923, 104.67785668205953, 94.32082419601149, 86.86975704310004, 0.553470378977, 0.7619624823, 0.33627922202, -0.517849780378, -0.00139431707005, 0.855470432477, 0.652305254125, -0.647619665735, 0.393810390918,  
163, 3418672.4712658077, 93.452221251295, 97.61247216473278, 92.91433134861417, 89.9872267209035, 0.438688749375, -0.631208767332, 0.639630888259, -0.743072821415, 0.145486371699, 0.653204790034, 0.505366167492, 0.761845921229, 0.405210845192,  
164, 3558626.352352111, 94.71045588043754, 100.87407723029386, 94.75860099303719, 88.8782645696339, 0.505832986155, -0.59985951666, -0.619920600069, -0.626050628837, 0.239118171483, -0.742215002677, -0.593459013117, -0.763538512676, 0.254588568893,  
165, 3728755.739784376, 96.19631634247564, 103.24792763292844, 98.2718339928203, 87.73339209495178, -0.586811364095, 0.607984905162, -0.534796015378, -0.585675546252, 0.137378404052, 0.798818708233, -0.559139139653, -0.781972844283, -0.275466682764,  
166, 3790425.5498073474, 96.72374880462455, 108.42297303448912, 99.03344490989159, 84.27449588821406, -0.58032350555, -0.787461438296, 0.207675497118, -0.793142886884, 0.488635421491, -0.363537874023, -0.184794453085, 0.375685916773, 0.908136059216,  
167, 3740936.443824266, 96.3009504659556, 108.53241958308905, 93.93574103904122, 87.59944803131326, -0.670472265901, -0.698118403567, 0.251192426754, -0.726981193018, 0.685792013457, -0.0344624328374, 0.148206901513, 0.205718275512, 0.967323475092,  
168, 2234618.0022898936, 81.10324443134031, 102.24082321777264, 82.59353733941973, 63.17485875400943, -0.709292479513, 0.580143413052, -0.400422025865, -0.0341642857993, 0.539084219606, 0.841558676354, 0.704085918111, 0.610591372739, -0.362548197423,  
169, 3514535.841370106, 94.31768279669922, 99.4965070252919, 97.25733249964489, 86.70600550215649, -0.559562584278, 0.577666262179, -0.594299086164, 0.233412858937, 0.797885634623, 0.555784986614, -0.795240939313, -0.172279434648, 0.581301681435,  
170, 2833491.3629342844, 87.78313659077577, 103.69993809926105, 84.71058335302658, 77.00467889545405, -0.970608961439, -0.19264849425, -0.144238696743, 0.0984283479249, -0.864693479788, 0.492561718303, -0.219613533963, 0.463887641219, 0.858241313399,  
171, 2831841.3076757323, 87.76609340583484, 104.31083142698733, 94.48065431277118, 68.59745506297563, 0.565858445498, 0.107228728531, 0.817499981307, 0.794850106575, 0.192569298125, -0.575439287412, -0.219129020753, 0.97540712792, 0.0237361973873,  
172, 3688084.032065366, 95.84528052258108, 101.11409266649957, 97.59427095699634, 89.2228692301363, -0.816315284878, 0.197858884893, -0.542661236264, 0.576523930495, 0.221608677592, -0.786453909382, 0.0353484545811, 0.954851535939, 0.294972932782,  
173, 3226724.6205916964, 91.66940894822248, 101.58092621751727, 91.52792574552191, 82.85286008223376, 0.629752000677, 0.43337441792, -0.64466970732, 0.261066714272, 0.663556760651, 0.701096709516, 0.731612321071, -0.609818857766, 0.304736562247,  
174, 3139178.639619217, 90.83275228406663, 101.91990619799812, 87.24228709496028, 84.283267438706, -0.782283169544, -0.622835209024, -0.0104568182622, -0.159761889488, 0.184379727784, 0.969783612281, -0.602087353558, 0.760315999031, -0.243742487684,  
175, 3174049.184384018, 91.16784327401497, 101.62130568656416, 94.55067004128215, 78.86342990967823, -0.729392291029, 0.0962731374357, 0.677287508223, 0.680344732967, -0.00144991922073, 0.732890811825, -0.0715397100284, -0.995353897236, 0.0644413620784,  
