# Void_ID, Void_Volume, r = (a*b*c)**(1/3.0), a, b, c, vector_a, vector_b, vector_c 

32, 260716.32675175162, 39.63022516035272, 82.19677722344352, 46.07066717496582, 16.43615877009589, -0.570715790258, -0.017030652244, 0.820971037025, 0.166346788031, -0.981453262979, 0.0952797916675, 0.804122026101, 0.190943576673, 0.562963868881,  
42, 1992463.857939216, 78.060970730834, 111.71833095799869, 87.4472899144115, 48.68902180870982, -0.509637295229, 0.589782460282, -0.626439523702, -0.725651614412, -0.685832496927, -0.0553490800309, -0.462276499309, 0.426368896265, 0.777502413169,  
43, 427693.9601743811, 46.73922454062382, 124.02733314154298, 35.36177975712352, 23.280536666866006, -0.0476445481426, 0.412463656626, 0.909727282758, 0.0342304182797, -0.909552420759, 0.414177102646, 0.998277654511, 0.0508736263158, 0.0292164106076,  
53, 479644.4625721745, 48.55980587205246, 104.03161013236715, 44.32169479815281, 24.83414122835138, 0.494879082248, 0.0113815648346, 0.868887307961, -0.610688140928, 0.715902530188, 0.338442848647, -0.618186612993, -0.698107461106, 0.361235773788,  
60, 369884.0752496308, 44.53064730896969, 153.18014799406694, 26.814658952497837, 21.498208082191315, -0.69497598314, -0.532562518549, 0.483099934481, -0.181866785621, 0.780223393596, 0.598478009933, -0.695652826593, 0.328068011122, -0.639091953424,  
63, 1749807.9824059801, 74.753912528018, 144.33368133625552, 97.34323069570993, 29.732288588464808, 0.808489147141, 0.352237815934, -0.471459245303, -0.238670932182, 0.928514109428, 0.284425270896, 0.537941897501, -0.11743112713, 0.834762508319,  
73, 391960.037176216, 45.39949900095588, 149.35220166176498, 61.56655770654697, 10.176458823532833, -0.987143340517, -0.149288749569, -0.0571042426158, -0.145446780282, 0.690833809146, 0.708232929372, 0.0662816669849, -0.707433047993, 0.70366556206,  
74, 1951244.2541350569, 77.51891330768186, 106.88367798994588, 77.14987694944132, 56.49062766818439, -0.0931606344452, -0.995618269271, 0.00808443459697, -0.983961283853, 0.0908232204533, -0.153529588371, -0.15212260867, 0.022257684504, 0.988110979299,  
99, 552377.5107225239, 50.89976685774321, 78.1328154859781, 57.51838262132198, 29.343184178402236, 0.351735307239, -0.326116691842, -0.877456652458, 0.236693550313, -0.875911413943, 0.420422832592, -0.905681200468, -0.355565884508, -0.230899252689,  
116, 1976637.173712171, 77.85373451522217, 103.62387876271406, 100.47988370551971, 45.32098928290604, 0.543654574312, -0.238613844184, 0.804675796326, -0.65931399672, 0.471858133118, 0.585367368359, -0.519369577044, -0.848771662801, 0.0992063852141,  
119, 408153.97388239205, 46.016311752760245, 109.54880577479483, 55.66874008214355, 15.977777906804208, 0.803823696738, -0.170704450579, 0.569848624737, 0.220458177681, 0.975214457928, -0.0188401948451, -0.552508512564, 0.140771984431, 0.821533682781,  
127, 933632.3475847973, 60.631143675067136, 104.74349563987774, 59.989941528184694, 35.47168170017868, 0.00489332754961, 0.999987082887, -0.00137455592828, -0.812438593333, 0.00477699334601, 0.583027196962, 0.583026232179, -0.00173620076024, 0.812451474365,  
143, 361728.89361254335, 44.200942530967815, 89.03686324699405, 52.79902637344584, 18.369563012704987, -0.553501243447, 0.238062203812, -0.798099467873, 0.141749870267, 0.971223275983, 0.191395722178, 0.82069686717, -0.00719272581525, -0.571318577427,  
178, 1696465.045728023, 73.98643510277675, 117.0569219139961, 67.38251494114368, 51.346635348269864, -0.783461322752, 0.51326055044, 0.350359762406, 0.61701493213, 0.575303793147, 0.536952622788, -0.0740332984541, -0.636858817127, 0.767417694458,  
224, 1125769.2392919858, 64.533753046439, 95.14585191218916, 89.5088015840049, 31.557687185778363, 0.932109121202, -0.0799013394792, 0.35325396264, -0.264548187269, 0.515947103215, 0.81474710389, 0.247359743661, 0.852885902471, -0.459781246445,  
248, 958344.7616946266, 61.16144272509139, 99.03939496826253, 55.985026555294226, 41.262287137439934, 0.122782804134, 0.0127051921411, -0.992352236407, 0.733395253967, 0.672503156724, 0.0993524315512, -0.668622303298, 0.739985190588, -0.0732538957545,  
250, 1843767.479306863, 76.06867421284316, 117.86351457848522, 77.18085159278513, 48.38698788453029, 0.213914977782, 0.76503521014, 0.607422019296, -0.483943809185, -0.457148901549, 0.746199216941, 0.848550983637, -0.453581314714, 0.272443056638,  
252, 534519.0745452588, 50.345214958744585, 122.1658886943807, 60.48514509221118, 17.269346883753865, -0.841446557557, 0.340991263689, -0.419157069442, 0.523709010943, 0.323686111102, -0.788007724161, 0.13302842791, 0.882582721091, 0.450944761362,  
259, 1785162.891761145, 75.25402738073255, 108.1827522190917, 79.91708826508112, 49.293716513320234, -0.0757894334522, 0.532484473853, 0.843039884515, -0.528816050443, -0.738241997222, 0.418750926365, 0.845345814783, -0.414076126628, 0.337537279105,  
278, 1665497.5786598674, 73.53348211685974, 109.16363485529418, 77.63137846563187, 46.918066929977385, 0.717209883628, -0.132777272167, -0.684090767971, -0.628984199861, 0.299246078915, -0.717517010655, -0.299981431345, -0.944892576037, -0.131107439141,  
288, 634656.4253357586, 53.31098301310657, 89.3973370156488, 53.65833708854408, 31.585538123086778, -0.0694771197952, -0.00268572689042, 0.997579929979, -0.520186871782, -0.853183090542, -0.0385257373574, 0.851221797331, -0.521604640397, 0.0578796239192,  
292, 1559565.606570657, 71.94020646855581, 126.11584880674762, 71.96333917645114, 41.02362802818183, -0.0539826753875, -0.796203330102, 0.602616070059, -0.215189040559, 0.598591881068, 0.77160964013, -0.975079251949, -0.0880228212124, -0.2036478219,  
296, 367962.3488484175, 44.45339395853977, 74.559892559492, 38.345548601956686, 30.725187661303416, 0.292606793017, 0.783726486451, 0.547863175543, -0.507874969467, -0.358075823153, 0.783482431368, 0.810212490689, -0.507498275179, 0.293259647107,  
303, 2097195.858083346, 79.40541636689954, 131.5980015003307, 73.52670293983334, 51.74352317382022, 0.724150644805, -0.129591656778, -0.677356513309, -0.485004116676, 0.602560554589, -0.633791594186, -0.490282419056, -0.787481289014, -0.373492127115,  
313, 1287833.8339507089, 67.49274221600157, 147.6141802424968, 84.27352070234384, 24.714510004153013, 0.605026273045, 0.689347577269, -0.398425810707, -0.399923528843, 0.695812439447, 0.596578762771, 0.688479760053, -0.201605969217, 0.696671122678,  
320, 2555709.5790985283, 84.81531847184286, 122.72801031089594, 89.98878447760312, 55.24472453534196, 0.00654401012912, 0.395020944406, 0.918648806352, 0.439041084732, -0.82652405702, 0.352279589366, 0.898443154489, 0.401019247228, -0.178839205725,  
326, 1977179.3527306179, 77.8608521260714, 105.78386398120273, 88.75414789744764, 50.274686593961015, 0.186648991233, 0.495104626652, 0.848547914227, 0.734488144788, -0.643942171935, 0.214162658674, 0.652448710044, 0.583275139083, -0.48383963551,  
360, 2162278.593250021, 80.21846483372873, 107.2742931205819, 75.01362083670301, 64.14860981494698, 0.281375140412, 0.680343827977, 0.676727645432, 0.897761275249, -0.435697646592, 0.0647476132226, -0.338899281531, -0.589321505197, 0.733380829099,  
368, 1500306.9304187484, 71.0172474264184, 151.18629497324855, 58.976345359756735, 40.16994389917598, -0.206431995963, -0.790172799509, -0.577072593319, -0.975073156864, 0.117094766443, 0.188470566497, 0.0813521346183, -0.601594350529, 0.794648392438,  
381, 683316.3408601183, 54.64004719103173, 108.64820950114668, 66.99165305259584, 22.412480736230314, -0.970531885689, -0.145680321493, 0.191950782207, -0.111503784831, 0.97765482315, 0.178207611339, -0.213622950145, 0.151552930359, -0.965089086287,  
390, 978092.3581622783, 61.57868619479435, 129.0230812575403, 81.82051401709715, 22.118804175241134, 0.735824841523, 0.513137338226, -0.441873143239, 0.616377558022, -0.237301133064, 0.750844110461, -0.280429150703, 0.824850437573, 0.490898408096,  
392, 1205009.3145062106, 66.01367816546853, 123.6795284964621, 88.94225408311885, 26.151454105319868, 0.139935197912, -0.278773263445, 0.950107156048, -0.554877585026, -0.816803004686, -0.157935800794, 0.820078658435, -0.505092386722, -0.268984525306,  
415, 285678.02433416847, 40.85664880179418, 109.37732840662683, 31.676992785900307, 19.68416366892348, -0.229737002297, -0.139917566547, -0.96314276426, -0.970107420308, 0.112417571415, 0.215067158582, -0.0781824970113, -0.98376082673, 0.161561545401,  
423, 1761507.2556618557, 74.92014496411474, 117.40577666258557, 67.4878493851362, 53.073871965352104, -0.708326466902, 0.403350789968, -0.579294188231, 0.016029212428, 0.829643043239, 0.558064051121, 0.705702969127, 0.386005908034, -0.594123521103,  
459, 1012368.2363823501, 62.28975658130109, 77.8271604098588, 63.31302043094311, 49.048494702107725, -0.987590876964, -0.0556073161695, -0.146874388941, 0.123373281985, -0.853383799073, -0.506473222166, -0.0971766074246, -0.518308709041, 0.849654511612,  
461, 648202.0189791399, 53.68759175017865, 144.02133749865212, 47.39319235242501, 22.67143276227019, 0.180426586759, -0.982674951209, 0.0423814470791, -0.881638414892, -0.142471665478, 0.44990613457, 0.436073333486, 0.118540140046, 0.89206966265,  
503, 1270833.09379122, 67.19443431991307, 123.62177849539829, 73.03759042399439, 33.60148584560024, 0.110374950834, 0.993634289067, 0.0225448401826, -0.529951328126, 0.0396479891134, 0.847100718201, 0.84081446232, -0.10544636812, 0.530953956012,  
508, 402666.51916067, 45.80915741661208, 96.606274716212, 57.283924856926646, 17.370759577465083, -0.00652935441935, 0.954727058593, 0.297411518138, 0.286438453477, -0.283169441442, 0.91529671681, 0.958076395649, 0.0911663919647, -0.271621628512,  
562, 702934.0457299172, 55.158018523052675, 110.59829009364593, 63.09017199457152, 24.050042327555424, 0.258970625737, -0.814650106582, -0.518921399493, -0.921136296018, -0.369935559986, 0.121060338741, 0.290589296368, -0.446646264178, 0.846206225179,  
576, 520635.9186613345, 49.90551088317992, 109.38714227082959, 62.587119409503195, 18.154917403432925, -0.132405966271, 0.801815499451, -0.582718255194, -0.0598835165383, 0.580349445628, 0.812162844143, 0.989384972871, 0.14243042442, -0.0288261974013,  
599, 378155.2912951977, 44.86012961854779, 94.51168354286219, 76.18556652515915, 12.537858714006195, -0.00633933922182, -0.721210201688, 0.692687272699, 0.264590865011, -0.669222593765, -0.694357828607, 0.964339922917, 0.178876954849, 0.195068060156,  
622, 1478119.6147414052, 70.66542744422875, 123.61401642222388, 73.47634003392174, 38.85131634081747, 0.429626260368, -0.711632963646, 0.555877505801, 0.490885450054, 0.700736942362, 0.51768640366, -0.757926613418, 0.0504605059621, 0.650385259681,  
634, 1586982.3321798346, 72.35932287570685, 109.68818340985932, 75.02099667311035, 46.04058242323089, 0.437042416649, 0.70988017779, -0.552326044316, 0.484304395469, 0.331726559838, 0.809571949877, 0.757920298303, -0.621311212419, -0.198819512982,  
665, 2077945.779000786, 79.16171612611032, 112.10360014678568, 89.64936807911097, 49.36041577081989, -0.586015111322, 0.803523504653, 0.104576607198, 0.800607663421, 0.594065098073, -0.0781922535959, 0.124954626057, -0.037902990942, 0.991438200144,  
683, 1219890.762516496, 66.28431580370858, 122.63437302035688, 69.20279364096291, 34.315986754196906, 0.842728826402, -0.0495811490139, 0.53605021669, -0.195108073751, -0.956181006584, 0.218290453766, 0.501737944257, -0.288547383129, -0.815474979985,  
700, 188772.61615258208, 35.586351307368545, 102.89907196174825, 46.169767240898544, 9.485958980090434, -0.786883988655, -0.565533848837, -0.246951522001, 0.0933375580257, -0.504648150657, 0.858264728566, -0.610001384147, 0.652304920921, 0.449885098087,  
717, 1294129.5458729959, 67.60254528513414, 130.31868886596007, 71.27964082057667, 33.25959363770862, -0.70772705551, 0.602432255216, -0.369049851341, 0.655754056305, 0.365777405578, -0.660449473622, 0.262885968698, 0.709423898276, 0.653917961229,  
722, 490215.10844406637, 48.913945380345794, 112.49800820089582, 66.49179301507534, 15.64534719476769, -0.300788671831, -0.891228333944, 0.339467570872, -0.0892039111359, 0.380682609158, 0.920393075443, -0.949509787804, 0.2465619757, -0.194006069501,  
726, 2515596.8150009983, 84.3692410310794, 98.5725525727629, 95.00577149980617, 64.12781386620016, 0.259162057649, 0.800100941365, 0.540993078978, -0.828158395281, -0.104133160732, 0.550735832466, 0.496979577248, -0.590757791707, 0.635622947459,  
730, 455693.520926687, 47.737691640141556, 94.4876230415897, 58.627445186241104, 19.638501729956722, 0.22032314645, -0.971581183184, 0.0865315874165, -0.892992204442, -0.236600617312, -0.382864298012, -0.392457174662, -0.00708183380038, 0.919743015025,  
737, 1769931.9492229584, 75.03939429580163, 131.4583387023489, 128.1580706690403, 25.08036537770179, -0.562176074446, 0.654622664635, 0.505398088902, 0.697190923306, 0.703839780445, -0.136141029533, -0.444840283449, 0.275823730685, -0.852078864784,  
738, 1169483.3856348873, 65.35846075888007, 146.65931040649653, 63.466004614309284, 29.995399425424413, -0.788638158464, -0.380083093541, 0.483308076716, -0.588540624489, 0.239133411861, -0.772292136861, -0.17796007513, 0.893505485902, 0.412284074787,  
741, 2422181.3550289846, 83.31170371364382, 117.81571380899614, 85.10565020404768, 57.67086090632898, -0.0341300638342, 0.340175239766, 0.93974248866, 0.977187813369, -0.185856767772, 0.102767890303, 0.209616593205, 0.921812382279, -0.326071795361,  
764, 1216643.8007232787, 66.22545428325469, 127.73941882713507, 53.72695683402142, 42.321169463653625, -0.00260399470121, 0.186508516821, 0.982449893056, -0.145479408552, -0.972071762666, 0.184152735288, 0.989357852801, -0.142446696627, 0.0296644184362,  
772, 2212566.003859251, 80.83557687322526, 130.1629124848703, 98.81001077284292, 41.069500563883786, -0.200535195586, -0.269283142785, 0.941951285547, -0.437974312331, -0.835410016306, -0.332067171508, 0.876335630378, -0.479141621722, 0.0495900117307,  
774, 1740205.7888816555, 74.61692253541223, 117.01017403104277, 100.2233134069648, 35.425796041444066, 0.625869647189, 0.201887339744, 0.753344998509, -0.358393514155, -0.78344828664, 0.507703526847, -0.692705762744, 0.587750188611, 0.417981389596,  
789, 2701679.953465708, 86.40026947457191, 117.21496758004555, 83.45109700899737, 65.9371496129812, 0.234749215117, 0.909989575709, -0.34177738091, -0.527242261351, 0.414586494317, 0.741709940998, 0.816644600697, 0.00608365269566, 0.577108815842,  
800, 2721349.756658831, 86.60944407888383, 124.47115877854482, 99.67349840518567, 52.36574886739297, 0.615248600721, 0.542366312298, -0.572108331171, 0.645737314297, 0.0695707281068, 0.760383610236, -0.452208447771, 0.837256649466, 0.30742287275,  
803, 1305334.4168961279, 67.79709101138343, 117.0605149543371, 94.428967552886, 28.19145610676678, -0.192106318716, 0.863105558278, 0.467058837385, -0.934828078471, -0.305773492708, 0.180552028123, 0.298649671038, -0.401934530026, 0.865596330608,  
804, 1850224.2382796665, 76.15736668251996, 128.1947186263251, 78.45868751856237, 43.91618282409677, 0.160083042008, 0.858006075873, -0.488056342471, -0.662442367874, 0.459938306894, 0.591292535973, 0.731808396308, 0.228653291287, 0.642007899855,  
822, 605565.1339595036, 52.4836564879965, 102.42541826118115, 47.37800960244404, 29.791179292571787, 0.46651713173, -0.881457989965, 0.0734409812718, 0.532004284314, 0.345957925967, 0.772841869293, -0.70663513023, -0.321473055463, 0.630334726425,  
887, 747569.1747003791, 56.3016244216682, 143.8697447945207, 71.80183529300247, 17.276579289087277, 0.171157401794, -0.0176951652802, 0.985084780583, -0.709698986584, -0.69573563943, 0.110811860684, 0.683397755522, -0.718079940642, -0.131638545247,  
947, 651926.3278668581, 53.79021790908543, 99.03968914261412, 52.987049527963, 29.657251833302098, 0.112551060357, 0.949092550532, -0.294203312926, 0.420429982025, 0.222787582418, 0.879547794798, 0.900317104706, -0.222685930504, -0.373951985325,  
952, 2774243.8943143804, 87.16698205677112, 111.79708762233972, 87.17757607082251, 67.954895663616, 0.403111189003, 0.143683917051, 0.903801029697, 0.707046937088, 0.57811877095, -0.407263201663, 0.581021512557, -0.803202103244, -0.131454871683,  
955, 676698.7627186538, 54.463087493464776, 102.66330134752282, 82.78905761808711, 19.007220295665505, -0.763168839108, 0.258072400687, 0.592428864099, 0.585673270424, -0.111158607231, 0.802888899132, -0.273057033101, -0.959709539414, 0.0663133216786,  
956, 867673.8716831915, 59.16832888146864, 122.82423869938137, 57.437754306825596, 29.362050271541737, -0.928346812339, 0.29481446744, -0.226399261943, -0.0281675716503, 0.551521203983, 0.833685162075, 0.370646440597, 0.780326080139, -0.50369874402,  
960, 567938.1409135341, 51.373301368160284, 107.8024991397537, 81.31848856446773, 15.466580245784522, 0.642590322215, 0.71843164429, -0.266333719755, -0.111072283859, 0.431270543335, 0.895359517853, -0.758116498669, 0.545767066553, -0.356928120931,  
1007, 898378.9601148618, 59.85820018197597, 140.5542550561256, 56.21278418718527, 27.14512644986311, 0.773389849115, -0.594662191307, 0.219647489209, -0.559866252194, -0.478199562196, 0.676664583358, 0.297351510742, 0.646298736611, 0.702765979622,  
1009, 1560837.1591065924, 71.95975270246083, 92.03721668637662, 85.6891427153528, 47.24759555152068, -0.642273756749, 0.598514245272, 0.47881637357, 0.395079630351, -0.276803559017, 0.875951982358, -0.656807815935, -0.751771566317, 0.0586771250511,  
1025, 727149.1433996704, 55.784253939082284, 111.95790655708726, 76.15844669952168, 20.359262435899204, -0.434075967438, 0.688375941775, -0.581133906496, 0.116415742071, 0.682529540111, 0.721526715981, 0.893322690572, 0.245544272304, -0.376407466514,  
1042, 3417649.8419711282, 93.44290218466004, 129.28074192103855, 92.99389883716536, 67.8657516317775, 0.501913186405, -0.842472617356, 0.195762719431, -0.766322401203, -0.538104186252, -0.350989831978, -0.40104006125, -0.026149067744, 0.915687225819,  
1044, 1661502.5430452258, 73.47464002558331, 97.93563527204158, 72.19924980366167, 56.09691409389354, -0.9171338343, 0.337476093914, 0.212074081439, 0.376422490753, 0.908297223003, 0.18248907677, 0.131040598432, -0.247196360655, 0.960063706658,  
1069, 862081.3808222271, 59.040933928049725, 111.473490450644, 85.3019831843213, 21.643571536101117, -0.639471316296, -0.75510279873, -0.144555176264, -0.764822354728, 0.643941634394, 0.0196452844781, -0.0782508871723, -0.123121626222, 0.98930170515,  
1079, 1576554.490324043, 72.20048676165467, 92.1270889316428, 73.70296369189683, 55.43040814504184, 0.356559940786, -0.56004185457, 0.74780888585, 0.833216514513, 0.552696516051, 0.0166373401312, 0.422628972704, -0.617154504378, -0.663705559082,  
1089, 2198427.350568598, 80.66302468358684, 110.1721490506558, 95.62784940667096, 49.81582180487072, -0.0255317329012, -0.941865561514, 0.335018498966, -0.994892854374, -0.00879704536288, -0.10055257485, 0.0976541803059, -0.335874792188, -0.936830713118,  
1116, 1134986.3270858952, 64.70939510876028, 110.06659312060185, 60.33374356376857, 40.80244831406466, -0.528933537123, -0.0390318105321, -0.847765198079, -0.0937100610884, -0.990147021638, 0.104054312707, -0.843473614144, 0.134481944174, 0.520064293077,  
1136, 1919528.7057989028, 77.09661919115806, 105.12008822182992, 96.60818436242297, 45.123872670889924, -0.718011504929, 0.686716575514, 0.113489310969, 0.318562207866, 0.17925240574, 0.930798955068, -0.618851838899, -0.704477763986, 0.347467238082,  
1138, 1353928.9308746117, 68.62817020534456, 116.34301997162231, 60.58764592969343, 45.854593471694734, -0.859180783714, -0.197636563704, 0.471962042525, 0.085930630039, 0.85355736665, 0.513863550622, -0.504404904534, 0.482057683814, -0.716377052786,  
1140, 1044992.6916888077, 62.951808998846516, 110.23320395777415, 51.773065133165346, 43.71277082136669, 0.243992636102, 0.540591915429, 0.805126061248, -0.390705935802, -0.705061785462, 0.591808035101, 0.887590257527, -0.458964333749, 0.0391825865546,  
1147, 2471140.033612608, 83.86928020003857, 137.77746695043655, 79.65118815326377, 53.75740458344594, 0.277220661017, -0.935524481887, -0.218958098493, 0.302921220283, -0.13116560156, 0.943946142145, -0.911804496264, -0.328008427877, 0.24702840289,  
1161, 1019780.052898732, 62.441400385725764, 121.03169187214819, 91.6099950502331, 21.957148526629968, -0.472652019869, -0.521676566193, 0.710248990424, 0.771949262893, 0.143668714922, 0.61923633281, -0.425081643491, 0.840959488107, 0.334802532442,  
1175, 1532614.7259035858, 71.52339620833045, 123.86531643844738, 57.43123480999206, 51.433551595523284, -0.805609364323, 0.0898034482088, 0.585601308746, 0.264323808403, -0.830131728628, 0.490932008975, 0.530213613958, 0.55028779181, 0.645024704766,  
1180, 1644145.5292338764, 73.21789106823981, 105.53155943613683, 70.90588395987847, 52.45501496095459, -0.206983017715, 0.975438668676, 0.0753487493543, 0.961385894182, 0.188513336532, 0.200499088321, -0.181370319639, -0.113939131123, 0.97679203598,  
1188, 1701504.8886170797, 74.0596287451464, 111.25784378990828, 85.4609061908371, 42.7214967088814, 0.762228925497, 0.64598159331, -0.0414107019995, 0.450978716924, -0.484064125327, 0.749866734462, -0.464354672656, 0.59024546053, 0.660291628227,  
1190, 4063200.901986428, 98.99043415004004, 135.52021636219254, 91.27650371162046, 78.41815212766144, -0.0410461136471, -0.331432290962, 0.942585727169, 0.83052966944, -0.53576974821, -0.152221040212, 0.555459885802, 0.776597330288, 0.297255617028,  
1199, 2544261.254754991, 84.68848523541544, 117.93700794231044, 78.26506462841412, 65.80441631405169, 0.0779376869467, 0.946854439248, -0.312077534965, 0.93777488937, 0.0366208993573, 0.345307350918, -0.338384358121, 0.319570932043, 0.885082168825,  
1213, 2247542.369963629, 81.25930298753704, 106.84173441969865, 76.46102257289805, 65.6807717244384, -0.978226789782, -0.0640425544377, 0.197410483445, 0.0976290912118, 0.697380707488, 0.71002021758, -0.183141771047, 0.713833804218, -0.675944074353,  
1222, 249766.870585265, 39.067480829624394, 103.01640303615389, 47.528561370851776, 12.178258053938217, 0.640991415242, 0.708082529247, 0.296224808822, 0.671183828201, -0.329867814863, -0.663852011731, 0.372346981118, -0.624344741704, 0.686695980154,  
1240, 2805353.5497172233, 87.49159437455734, 114.93068148730995, 95.5145572454405, 61.008934988392674, 0.797599260473, 0.547572724699, 0.252981285589, 0.416380974777, -0.80326919848, 0.425893740994, -0.436419870693, 0.234355938563, 0.86868578354,  
1242, 1152823.1255959058, 65.04661338265268, 106.3532680801285, 83.24578543087205, 31.08572320210164, 0.45058745085, -0.451119341223, 0.770365036273, 0.487808143692, 0.847128600763, 0.210751865275, -0.747672497879, 0.280828192573, 0.601765205185,  
1245, 1249047.665118136, 66.80825590074389, 109.21225737303223, 58.07288114413144, 47.015996530381564, -0.356005814725, -0.684734276262, 0.635923604526, -0.921607075765, 0.369845835771, -0.117704951736, 0.154597082063, 0.627975340818, 0.762723222108,  
1254, 2555923.4812435936, 84.81768463433463, 112.71732021962207, 85.2599373944898, 63.49266759194881, -0.464331621239, 0.795647075326, 0.38902683332, 0.885613393221, 0.421690782662, 0.194591370737, 0.0092229748084, -0.434882300564, 0.900440070961,  
1255, 2926801.6686874386, 88.73635013907858, 124.56557021756488, 99.25881493577339, 56.511596736029304, -0.870265128716, 0.414549341758, -0.266059108075, -0.340205662194, -0.115222535041, 0.933265168551, -0.356228456405, -0.90270294708, -0.241306187613,  
1265, 2229464.5821307776, 81.04085035141577, 145.97716725325014, 69.35545291347496, 52.57102251828333, -0.368519726051, 0.834499700309, -0.409638208295, -0.301374938322, 0.30960582168, 0.901841106699, 0.879412507338, 0.455800927341, 0.137401443121,  
1269, 4412076.802704701, 101.74618904612696, 136.59192833942816, 91.76317841145199, 84.03514821188925, 0.545638059378, 0.129222636407, -0.827997957968, 0.642134660762, 0.570385700086, 0.512174999962, -0.538462798722, 0.811148360892, -0.2282458127,  
1291, 498772.07972515514, 49.19691177251625, 106.85934287929045, 71.76674135519987, 15.52665127474502, -0.940985592533, 0.174942125258, 0.289726366516, -0.115251894179, -0.97051632871, 0.211695669763, 0.318218659938, 0.165811062714, 0.933404293942,  
1298, 2382676.9412199506, 82.8562965319557, 108.82446005462633, 85.34592067241627, 61.24452403050056, 0.454780095915, -0.49788698282, 0.738433217494, -0.238553799727, 0.730739773197, 0.639618220897, -0.858060108032, -0.467041685726, 0.213553072557,  
1301, 1530300.6234287124, 71.48738023336054, 123.39951192719748, 63.84224679011886, 46.373144011450584, -0.850538579668, 0.231249178213, 0.472343034321, 0.508846582152, 0.588797362888, 0.62800702328, 0.132888224941, -0.77449434022, 0.618465226702,  
1303, 2398847.1961850994, 83.0433113813412, 132.82727885403864, 86.37240429336353, 49.91736946451264, -0.00309839982898, -0.61132780264, 0.791371415732, -0.933664442082, -0.281652493106, -0.221229705781, 0.358135602127, -0.739560809432, -0.569902359744,  
1305, 756378.5851910545, 56.52191553535573, 101.42172457021135, 90.61679646075027, 19.647663862597437, -0.148042021492, -0.0211013233253, 0.988755932486, -0.972231300288, -0.180117769072, -0.149411806777, 0.18124529956, -0.983418691819, 0.00614963162565,  
1319, 1876536.7178237764, 76.51668605519747, 129.73733966577177, 68.51665035269785, 50.397308819926515, 0.161438818784, 0.322057170411, -0.932854054382, -0.341644012628, 0.905042934441, 0.25333111821, 0.925860073891, 0.277806525851, 0.25613796628,  
1330, 706712.4015090753, 55.256668994728315, 103.08167273583354, 74.6592325432533, 21.922451830849035, -0.992764710164, -0.0987516341585, -0.0683106507363, -0.119744585291, 0.771972377877, 0.624275485734, 0.008914288898, -0.6279385022, 0.778211907457,  
1333, 1195722.7714779878, 65.84365998915573, 110.52350434962891, 72.39473382718182, 35.67633789463682, 0.42316576784, 0.901886908017, 0.08677982528, -0.443505170538, 0.122664791827, 0.887838111681, 0.790084740161, -0.414189997457, 0.451899047766,  
1334, 1078983.1769956197, 63.62708417521077, 123.85078805364785, 78.98337593958844, 26.332469947636692, -0.837470106735, 0.377259928277, 0.395371681892, 0.534945652052, 0.713813464737, 0.451999432424, 0.111700356652, -0.590038375088, 0.799610996827,  
1335, 1436608.8331827107, 69.99762547290588, 94.71205845691216, 80.49105634959574, 44.98803460082868, 0.488299057828, -0.69520180387, 0.527502115654, -0.626586061323, 0.141430270646, 0.76641202124, -0.607415786657, -0.704763740867, -0.366543492207,  
1344, 3323602.224246279, 92.57779029268315, 111.61105772916711, 85.63818129547563, 83.01293559494655, -0.493127303726, 0.321895802211, 0.808213186504, 0.122891182153, -0.893935438311, 0.431018780891, 0.861233545369, 0.311869403197, 0.401265816735,  
1349, 4747949.578665541, 104.26514775067555, 122.79678299597781, 108.0924526790795, 85.39552802216019, 0.75688534183, 0.352469083838, -0.550354544145, 0.375370086994, 0.454896175061, 0.807568429116, -0.534997081406, 0.817823339636, -0.211997896296,  
1352, 285265.90524773195, 40.836992747801126, 94.36042611193488, 62.66828263064716, 11.51658114962446, 0.895793053676, -0.444254882734, -0.0138709823816, -0.300138180383, -0.627625496323, 0.718333703123, -0.327829037247, -0.639315130067, -0.695560412046,  
1368, 923908.4034924632, 60.41991398441527, 113.63097853496518, 49.61097724250231, 39.12602962818663, 0.952912212771, -0.0860476460603, 0.290781906863, -0.182131027896, 0.604282967961, 0.775674147636, 0.242459488222, 0.792109776003, -0.560156673914,  
1374, 4457684.063396025, 102.0955685144167, 140.9325185088593, 104.17163226439737, 72.48697784093876, 0.623593679214, 0.0581828234058, -0.779580452746, 0.466282283275, 0.772733332443, 0.430655348551, 0.627464545252, -0.632058506779, 0.454742002085,  
1379, 1262417.977540195, 67.04579123042863, 130.82283534975952, 74.07416691680721, 31.100274905490902, 0.292384249083, 0.76924924109, 0.568125915595, 0.714389231115, -0.570638642979, 0.404993290816, -0.635735383123, -0.2874493768, 0.716389125003,  
1399, 1548725.8396313437, 71.77314525188258, 109.56477715028204, 79.99157708193076, 42.18622999835832, -0.82389310746, 0.104692176976, -0.556991647657, 0.0299386659672, 0.989457712362, 0.141693725082, 0.565953906038, 0.10006489658, -0.818341733454,  
1405, 1903471.4322569, 76.88104030611483, 121.23764705990929, 86.47927322771999, 43.34192772826133, 0.558037522925, 0.755942871542, 0.342263784197, 0.765926145949, -0.627925618549, 0.138081702341, -0.319298076974, -0.185094009992, 0.929402466914,  
1407, 1256860.9455460156, 66.9472703406104, 88.9448456308465, 68.11484139027463, 49.52632313862932, -0.0988393230717, -0.975284927548, -0.197610977204, -0.161565954552, -0.180220398708, 0.970266484127, 0.981899806775, -0.127827688652, 0.139759978067,  
1408, 802064.5481361109, 57.63773471326134, 132.91981328855766, 85.59835676742404, 16.829280969600042, 0.406991017262, -0.334606474167, 0.849939303312, -0.869263041629, 0.143967842073, 0.472921795761, 0.280606622027, 0.931295746739, 0.232267422985,  
1417, 1849648.4014677193, 76.14946515998527, 124.7731494134382, 80.23907298171493, 44.10557947052233, -0.147550968626, -0.703830770357, 0.694874778904, -0.988774774485, 0.088263817629, -0.120556807522, -0.0235192899495, 0.70486292653, 0.708953523021,  
1430, 804328.918653809, 57.69192426660054, 123.98608090391306, 54.55556071433498, 28.3878902747082, 0.450330751539, 0.880099271223, 0.150424356442, -0.524933261856, 0.1246930853, 0.841960037695, 0.722251538465, -0.458123244631, 0.518146512015,  
1434, 1547061.0995531143, 71.74741948744465, 108.29301417167298, 80.07914981322665, 42.589148902976646, 0.736467800738, -0.596130583448, -0.319755384558, -0.556015222201, -0.802666150966, 0.215810386159, 0.385307995189, -0.0188514607241, 0.922595453746,  
1438, 809204.4624895137, 57.80825854563283, 124.66198057658636, 62.79589456682189, 24.677683257345787, 0.144082680767, 0.320912884016, 0.936084986513, -0.240928876796, -0.906114054702, 0.34772200994, 0.959788235721, -0.27563062374, -0.0532381613862,  
1439, 1335067.5883632544, 68.307996542391, 117.4854627742176, 93.06714667148498, 29.149701526322605, 0.257443682614, -0.963911317517, -0.0678065059179, -0.706054796195, -0.235553598873, 0.667833157928, -0.659704005636, -0.124054318832, -0.741215994786,  
1442, 1585469.26595965, 72.33631920423257, 136.49317739177616, 73.30534985739581, 37.828803398382746, 0.690246231001, 0.722967951341, 0.0296223213685, -0.248869064954, 0.198765768202, 0.947922126496, 0.679429414361, -0.661671754517, 0.317121680395,  
1451, 3323565.9077140586, 92.57745309664072, 122.13513053057237, 98.00495380780936, 66.28680045838334, -0.463956138613, -0.874123053551, -0.143713564752, -0.0313506727814, -0.145927294112, 0.988798442631, 0.88530324565, -0.463264624253, -0.0402995180717,  
1453, 1531600.3021290284, 71.50761249655723, 140.3164570419485, 77.73375440242103, 33.52266830239954, -0.410495888954, -0.0629781190864, 0.909685045314, 0.0717707859981, 0.992285812656, 0.101083234412, -0.909033596425, 0.106783062881, -0.402809257655,  
1461, 2417298.3843591437, 83.25568227129479, 121.89242215090381, 72.78037283423232, 65.05050454000404, -0.541132040185, 0.840557988687, -0.0252662371686, 0.0894858301701, 0.0874316519387, 0.992143131024, 0.836162903557, 0.534619466438, -0.122530097614,  
1466, 1851745.4560562454, 76.178232658604, 123.71016018807448, 91.83920797541793, 38.90981620499202, 0.467401920881, -0.852397707404, -0.234421826564, 0.466142594745, 0.0123191441259, 0.884623829688, -0.751163448073, -0.522748875753, 0.403096870712,  
1481, 382892.45054773364, 45.046674085711246, 119.34099991172873, 50.416913037006466, 15.192256037394952, -0.190675303896, 0.446777092956, -0.874089902524, -0.237275006569, 0.843048120173, 0.482670113359, 0.952545799288, 0.299432957909, -0.054739418847,  
1483, 2169037.662562871, 80.30196289112361, 120.8811230845521, 80.15532813488699, 53.442602775035766, 0.241942289361, -0.160035073985, 0.957001935062, -0.431004985, -0.901382232516, -0.0417704897008, 0.869309284158, -0.402366556761, -0.287058395587,  
1485, 1775180.7428502524, 75.11349838656727, 110.36992375679144, 98.58558954555001, 38.94841495365261, -0.185553719461, -0.981841081411, -0.0394703438956, -0.644990980142, 0.152000807872, -0.74892081687, 0.741320748886, -0.113507027357, -0.661482956705,  
1486, 2614340.9818957867, 85.45901323325899, 124.84263171261317, 77.72067965527586, 64.32415898333191, -0.433485869604, 0.617563238693, 0.656281682716, 0.00713286273102, -0.725888768647, 0.687775121549, 0.901132134108, 0.302821963812, 0.310257530303,  
1491, 937531.3274728634, 60.71542784839302, 111.90776630247741, 87.77147613873083, 22.78681096988956, 0.409791233341, -0.0151444544892, 0.912053611678, 0.656710871873, 0.698842778373, -0.283460053412, -0.633089232132, 0.71511496741, 0.296325171973,  
1492, 1425776.0293260836, 69.8212414596343, 102.43110153258344, 80.56504230741277, 41.246225995729155, 0.768223726743, -0.390453934624, -0.507324384005, 0.133412315019, -0.677425955374, 0.723391477131, 0.626125754039, 0.623409816992, 0.468323328703,  
1494, 2145697.7203830886, 80.01289364420686, 121.63410043100197, 90.01825994937407, 46.78363570003228, -0.99857059523, -0.0503039562802, -0.0180631759265, 0.0205415402296, -0.673191075877, 0.739183211717, -0.049343808801, 0.737755574254, 0.673262134084,  
1499, 797661.2789647186, 57.53206561232863, 117.94605364455765, 67.58647876369096, 23.88837821198313, -0.635849295795, 0.206856874392, 0.74357642953, 0.768668998896, 0.256595848591, 0.5859236645, 0.0695962870568, -0.944123299153, 0.322160756184,  
1502, 1659856.7397570133, 73.45037188065437, 114.49206048132116, 59.145054715250545, 58.517826600993516, -0.37605547451, 0.193659211257, -0.906133759434, 0.924034716703, 0.00570144567105, -0.382266053743, 0.068863070058, 0.981052293924, 0.181091894268,  
1504, 1002122.9276591911, 62.07891670249726, 125.97879462960569, 64.04180476624556, 29.653187127145692, 0.639207868079, 0.586167638095, 0.497816031719, 0.577850355456, 0.0610477874798, -0.813856335199, 0.50744681306, -0.807886543826, 0.299694951944,  
1512, 2756621.450048231, 86.98202363483604, 131.25980806907336, 97.41178489930842, 51.4689437730928, 0.374041353725, -0.614578938216, 0.694539987622, -0.481839613336, 0.511108104858, 0.711757748233, -0.792416337997, -0.600883710755, -0.104952910513,  
1514, 1467471.0918201075, 70.49532468443635, 109.05516106114217, 94.88826657402889, 33.8549525096377, -0.211508549267, 0.665105107847, 0.7161699024, 0.725751673657, -0.383909915006, 0.570874491761, 0.65463626677, 0.640506340856, -0.401500916006,  
1515, 418720.84061064414, 46.41004497554675, 84.50743995190894, 65.0286940964357, 18.19013782840439, 0.0673793326479, -0.852229805704, 0.518810547119, 0.444999420807, -0.4397372474, -0.780132468707, 0.892992464141, 0.283435198095, 0.349612567663,  
1516, 1953118.3342706063, 77.54372314710326, 147.18036363858684, 82.271321345757, 38.50717010333274, 0.619270796146, 0.779964111899, -0.0903308651018, 0.620662495134, -0.556731911468, -0.552111986727, 0.480917610589, -0.285841849461, 0.828862285861,  
1519, 444844.80402142863, 47.35581380228565, 113.86641954751408, 72.1459182858358, 12.927438565088655, -0.996387001746, 0.0747949406199, 0.0402325690217, 0.0786333686306, 0.633456525527, 0.769772449238, -0.0320895012461, -0.770154885153, 0.637049226343,  
1530, 2704735.605621636, 86.43283065916538, 127.36736029312573, 87.43610999591472, 57.98120448882938, 0.16318649201, 0.694865276396, -0.700380194241, -0.918302006276, 0.366503210991, 0.149655676813, 0.360682123337, 0.618738752619, 0.697904550718,  
1531, 2628665.244400001, 85.61480882384086, 113.79134873319173, 97.1156689890077, 56.786894948968474, 0.382717292074, 0.672188024005, -0.633790765735, 0.537494923514, -0.719971745775, -0.439021517107, -0.751416450143, -0.172638192963, -0.636843287462,  
1535, 1334988.0393173376, 68.30663982109635, 128.2804764786507, 62.00593944947381, 40.06774573735243, -0.327936280457, 0.937602930711, -0.115579151593, 0.942157625895, 0.333566342291, 0.0327490955465, -0.0692589628044, 0.0981541624855, 0.992758256807,  
1565, 1183438.3658820011, 65.61739904633968, 114.73434280919992, 67.6787471403925, 36.38407115786243, -0.281080986984, -0.873809990299, -0.396799167855, -0.222447107157, -0.342885484261, 0.912659207591, -0.933547408155, 0.344797977861, -0.097997914208,  
1567, 3152474.040099821, 90.9608066810214, 110.85419442538455, 92.93539059591436, 73.0515862647865, -0.484158756191, -0.825645218001, -0.289655438058, -0.0987938548485, -0.277341381552, 0.955678571656, 0.869384881999, -0.491316325875, -0.0527085845091,  
1579, 1872274.8800067643, 76.45871598600446, 104.63233689307242, 78.95290393097812, 54.106191818001875, -0.986613154443, -0.142619901929, -0.0790825331776, -0.149875631942, 0.601845178442, 0.784423148649, 0.0642789112391, -0.785774741742, 0.615163617918,  
1601, 3034401.2731251908, 89.81071092593227, 104.45217139161667, 88.52227429357711, 78.34555595248419, 0.893337682902, -0.238063069713, 0.381147949155, 0.31412841355, 0.937326206505, -0.150807567452, -0.321358248855, 0.254451483467, 0.912131195856,  
1608, 2740579.137508065, 86.81296300815619, 133.08759327378806, 84.89030419046456, 57.910601628205555, 0.328801303609, -0.28888856529, 0.899129078381, 0.873042772349, 0.456022229301, -0.172742710503, 0.360119452951, -0.841776171692, -0.40215277741,  
1612, 3571689.0349436775, 94.82619922383263, 119.67207139774928, 101.97980133837405, 69.86795974002344, -0.560052723053, 0.104594524734, 0.821827799966, -0.69573933793, 0.479168973791, -0.535111080256, -0.449764072662, -0.871468347074, -0.195589363184,  
1616, 4274413.776475828, 100.67678008821791, 138.6238434269592, 97.60364896592085, 75.41955429815621, -0.313141586541, -0.832764550811, -0.456558374899, -0.941594121139, 0.209537042544, 0.26361854798, 0.123866290069, -0.512442612117, 0.849740967278,  
1617, 1570529.438291148, 72.10839415780104, 86.69798151523258, 72.12916926056664, 59.95667706848741, -0.448113066277, 0.638362530206, -0.625849790174, 0.870007057925, 0.472431210706, -0.141054848593, -0.205626844047, 0.607702255368, 0.767082505228,  
1621, 1247663.4988088647, 66.78356831415883, 124.32559244577617, 79.56688605589856, 30.110360916663588, 0.547137614098, 0.622276491895, -0.559832473936, 0.559548923512, 0.225512567216, 0.797526854861, 0.622531471843, -0.749610598686, -0.224807733191,  
1626, 1518625.6616878777, 71.3051188894141, 110.6701963828606, 77.90119587408353, 42.052064294720324, 0.0606821112693, 0.495674181183, 0.866386049911, -0.400294832374, -0.783044916465, 0.476030152378, 0.914375048078, -0.375696373294, 0.150898994519,  
1629, 1499104.8365322636, 70.99827526198541, 98.08700434835987, 92.89448945178447, 39.27733137381022, 0.251118620178, -0.645655421026, 0.721157760757, -0.577765581296, -0.697736141216, -0.423498772502, 0.776612111462, -0.310311705452, -0.548252016677,  
1634, 871971.3882239468, 59.26585331916908, 105.17457820798894, 60.25098073155092, 32.85025355124302, 0.373877781929, 0.927208206596, 0.0223684107813, -0.565687688297, 0.208857150656, 0.797731865936, 0.734991730218, -0.310907755196, 0.602597315186,  
1635, 2359029.8297180715, 82.58127955133784, 118.85347618493685, 74.61198324625258, 63.50740260469321, -0.67867341803, -0.234784884593, -0.695901178061, -0.73434197887, 0.23242344611, 0.637746971586, -0.012010400833, -0.94385136524, 0.330152011362,  
1639, 2327728.8262542556, 82.21440634629711, 109.95909710291579, 77.24164617750762, 65.42761501153039, -0.549905536373, 0.647748530972, -0.527281463443, 0.834660201294, 0.40293150575, -0.375484420516, 0.0307611677728, 0.646581814079, 0.76222418504,  
1641, 2584204.095228405, 85.1293662662049, 101.4747098158963, 87.22823324949367, 69.69847996773227, -0.550391499119, -0.574475237829, 0.60584436848, -0.833495957921, 0.420234335197, -0.358730527906, 0.048514800086, 0.702411065291, 0.710116194386,  
