# Void_ID, Void_Volume, r = (a*b*c)**(1/3.0), a, b, c, vector_a, vector_b, vector_c 

36, 1014054.8806442774, 62.32432976184144, 119.04505551625498, 91.39397984833683, 22.250711302531816, -0.0856494292154, -0.247733630314, 0.965034830297, -0.27513102513, -0.925050109696, -0.261887788114, 0.957583988111, -0.287941561716, 0.0110708062236,  
65, 617612.3673329514, 52.82941377496425, 114.48626372592828, 44.683730593581735, 28.82203011093348, -0.970670079017, 0.186814633428, -0.151327097503, 0.200269314528, 0.976546722665, -0.0790487198565, -0.133010523494, 0.107036401236, 0.985317923033,  
116, 201227.67033697618, 36.3523951081613, 109.35254241381199, 74.71845363707644, 5.879526201055028, -0.198240352586, 0.712488401424, 0.673098091249, -0.63846241663, -0.614917294025, 0.462863331946, 0.74368441234, -0.337989643844, 0.576798487773,  
128, 314718.1290156735, 42.196625081098524, 103.00535004501177, 60.382842412788975, 12.079802013345779, 0.56017051415, 0.0583069422684, -0.826322755078, 0.710163769743, 0.479746522574, 0.515277298376, -0.426469711961, 0.875467631932, -0.227332378289,  
150, 552227.4298313368, 50.895156620376405, 110.48963663766882, 57.90374758643938, 20.606353582051305, 0.26298553452, -0.314585413076, -0.912071612601, 0.396853325347, -0.826399342866, 0.399464096349, -0.879400959059, -0.467011931315, -0.0924868056253,  
154, 753016.5288067978, 56.43804566512559, 108.48145950516195, 78.23380267546071, 21.181950068829288, -0.569043385665, -0.142911826425, -0.809793699098, 0.121962492819, -0.988558231704, 0.0887568187581, 0.813212626302, 0.048257977564, -0.579962405699,  
172, 4527007.658681403, 102.62209426818272, 118.8919763198843, 108.18056598488097, 84.02738039004186, 0.290559498856, -0.956053680257, 0.0391987001352, -0.392438074419, -0.0817056911303, 0.916142203909, -0.8726783688, -0.281576882049, -0.39893222999,  
174, 2249566.4774038442, 81.28368935895018, 107.45893487142102, 92.81723652070741, 53.84421588894308, -0.865238500789, 0.279536417991, -0.416199144364, 0.487573420566, 0.275813044071, -0.828371489296, 0.116766845937, 0.919666545949, 0.374938592243,  
234, 1752049.5870460116, 74.78582026012263, 117.92329079173491, 83.41395237200179, 42.52256898180328, 0.658143192451, -0.665060443111, 0.352905292166, -0.649558513276, -0.264567020229, 0.712795924258, 0.380685271663, 0.698354422064, 0.606118655977,  
236, 1248402.8054756934, 66.79675664268937, 135.4639458769365, 104.7376097459503, 21.005825158315503, -0.904735422715, -0.124807079805, -0.407280011437, 0.399745562704, -0.579074398152, -0.710546498481, 0.147164193961, 0.805664964011, -0.573800196741,  
290, 1657799.2436804967, 73.42001055812536, 143.95194343753127, 79.28789120942295, 34.67519628394765, -0.736394473975, 0.163981351848, -0.656378926342, 0.122139020285, 0.98646335587, 0.109417125028, 0.665436126479, 0.000404687229512, -0.746454685701,  
321, 452493.3150297668, 47.62567961290581, 131.3164097144655, 48.65699254955654, 16.906717496630012, 0.0804995582693, -0.878278030928, -0.471325282058, -0.729606257901, -0.374091213358, 0.572477486474, 0.679113046222, -0.297797690516, 0.67091132497,  
333, 2607573.1665668488, 85.38520615349154, 144.46979720775389, 95.32302217088943, 45.20360047124131, -0.010341925013, -0.498919560695, 0.866586589178, -0.897455535171, -0.377560245267, -0.228082931377, 0.44098368108, -0.780081747735, -0.443853421606,  
385, 3214356.5611475958, 91.55213580888892, 126.05613477880229, 83.33214528658061, 73.0514586942016, -0.0303214527752, -0.530558635151, -0.847105745564, -0.030785515505, -0.846597641951, 0.53134234226, -0.999065994585, 0.0421896588027, 0.00933654933126,  
403, 347796.85107296467, 43.62602850273594, 111.8623604926247, 39.328601561838276, 18.87315700133921, 0.269629133444, 0.105831611181, 0.95713102576, -0.684674590547, 0.719994163923, 0.113265656648, -0.677141665722, -0.685863014014, 0.266591617555,  
415, 313472.82404441485, 42.14089571214042, 80.69951867792085, 35.24216041285029, 26.313451584606753, 0.138201678968, -0.690944052734, -0.709574951589, -0.670686729184, -0.5924637367, 0.446280216895, -0.728752089003, 0.414225828127, -0.545286489917,  
418, 1023862.4782340254, 62.52461210383364, 135.40282623757147, 86.80635398622597, 20.795711000833755, 0.42899095927, -0.0070270941977, 0.90328144939, -0.364494880516, 0.913600567117, 0.180215109915, -0.826504832982, -0.406552116845, 0.389365043817,  
488, 2250814.6366975773, 81.29871984522276, 130.47564859664107, 67.5796710864298, 60.940439667874166, 0.953210621452, 0.225898199102, 0.200896776463, 0.157643362411, -0.938470880534, 0.307279964653, 0.257949765338, -0.261232482727, -0.930171762918,  
491, 3864331.699852034, 97.34835027289768, 117.879986629689, 91.58739068914824, 85.44959804375277, -0.808333115181, -0.536809474499, -0.241729524449, -0.553131463509, 0.83309388367, -0.000406284251238, -0.201601485556, -0.133379792617, 0.970343584481,  
514, 3054528.2477106857, 90.00884292351891, 136.54168961155492, 89.93384688999666, 59.3836780751318, 0.517452056883, 0.106329537261, -0.849080325018, 0.750810443077, 0.419607658766, 0.510110861747, -0.410520459167, 0.901456289684, -0.137293519129,  
518, 2034986.7851268803, 78.61238902890601, 127.80900341264844, 99.45218963882702, 38.22057233682265, 0.582302706153, 0.185177869929, -0.7916013611, 0.163886018998, 0.926984825381, 0.337402587854, -0.796281942018, 0.326202835675, -0.509437708472,  
549, 1047287.7588219508, 62.997861310132194, 79.35726289654632, 59.988899119498654, 52.51941086209158, -0.985707302983, -0.147997484563, -0.0804851378119, 0.0258373381505, -0.604905069069, 0.795878313169, -0.166473856214, 0.782423543855, 0.600083205247,  
608, 1089811.0948687883, 63.83921507074941, 109.62384259291824, 74.82235596628578, 31.719491437841842, 0.610039166431, -0.0592089528274, 0.790156006954, -0.734316567049, 0.332425667446, 0.591838115519, 0.297710253061, 0.941269077112, -0.15931456209,  
612, 1513386.0318006813, 71.2230176949482, 112.65449489865458, 83.91014841294592, 38.220652584337294, -0.69845074555, -0.709169788407, 0.0961497127001, -0.701280448334, 0.705008829942, 0.105680095043, 0.14273152709, -0.00638442754277, 0.989740850051,  
641, 1163630.760757318, 65.24925059056906, 118.34882346007659, 74.16653208461186, 31.648611897757508, 0.319760592573, -0.388921686881, 0.863998313026, -0.901507582655, 0.155765170996, 0.403758950267, 0.291611457, 0.908007231787, 0.300808286402,  
648, 405513.38589761086, 45.91686145234096, 112.64325044555613, 36.391521622875096, 23.616264078492144, -0.387919461108, -0.65192869651, -0.651542374953, -0.183403275519, -0.63816310835, 0.747737310604, -0.903261717456, 0.409556860286, 0.127990030746,  
738, 1197450.9550883777, 65.87536610040449, 125.81451351932901, 54.68641807510905, 41.54884011422347, -0.0378732209684, 0.42810318118, 0.90293592541, 0.734270522597, -0.60096650193, 0.315730998168, 0.677799689274, 0.674956983683, -0.291583009448,  
746, 979807.7284190987, 61.614663900041165, 92.35897489453212, 61.78337183603375, 40.99222965296262, -0.166566552072, 0.779553836155, 0.603780920755, 0.0130229357164, -0.610542450447, 0.791876454598, 0.985944210834, 0.139763130827, 0.0915438713686,  
753, 2158060.482389258, 80.1662682534937, 124.32598261267475, 83.74384530312216, 49.48347650785763, 0.922496680848, 0.38562595951, -0.0171024318785, 0.247717063777, -0.557447699483, 0.792394042542, 0.296034001659, -0.735217438377, -0.609769782925,  
779, 1060141.353524001, 63.25454295639472, 133.93552764247124, 47.337728236197, 39.91829297666237, -0.832517961664, 0.291572330189, 0.471062012663, -0.117668703757, -0.923958813531, 0.363942560104, 0.541357478624, 0.247559461882, 0.803521246247,  
816, 3257424.4919361747, 91.95921374437118, 128.56440205852985, 105.34300290446299, 57.41948852838151, 0.708461936823, -0.632525054517, 0.313039517444, 0.142987756584, 0.563002268164, 0.81399198246, 0.691112281428, 0.53192151813, -0.489309015868,  
831, 799258.6204845201, 57.57044325648768, 135.47371928905446, 53.42390072952969, 26.363803803279517, 0.202487034894, 0.729242884126, 0.653608305219, 0.841711512371, 0.211528198592, -0.496767099498, 0.500520459764, -0.650738532094, 0.570980413154,  
851, 3911393.1132307746, 97.74193949427226, 119.42134661051158, 103.05821267395025, 75.87143306982894, 0.9363262894, -0.232130934379, 0.263454567397, 0.0839403992411, 0.876524276312, 0.473982280693, 0.340950273724, 0.421687588553, -0.840197886517,  
863, 544910.0016957631, 50.66935664272586, 104.6392139580482, 43.71534898606813, 28.43856980673227, 0.732541460937, -0.432117383643, -0.525982485223, -0.531415925058, 0.11987001914, -0.838587081409, -0.425417586146, -0.893815274688, 0.141824300219,  
871, 591870.043424218, 52.08498978985718, 110.33148485955763, 57.182844851584576, 22.396106772896836, -0.910802396985, -0.329984709961, 0.248090880199, -0.365897774088, 0.366909432465, -0.855275562194, -0.191200974274, 0.869762932965, 0.454922661423,  
884, 2197461.7281929054, 80.65121299340275, 118.2176638841744, 68.74489194753566, 64.55202996393066, -0.897718518204, -0.392178395019, 0.20074254296, 0.136635507098, 0.185344177088, 0.973128087263, -0.418846272842, 0.901023663673, -0.112801406137,  
886, 3097193.134707355, 90.42598042523427, 109.41864220933523, 98.9570365691964, 68.2875727526195, -0.0268858594055, 0.769619702553, 0.637936253874, -0.841977734478, -0.361430181746, 0.400551767399, 0.538841948262, -0.526358943275, 0.657720014617,  
969, 970556.9021070828, 61.42013938827718, 122.483482598246, 63.76353365506849, 29.667605131734845, -0.871509723676, 0.0302739831891, 0.48944283372, -0.445196285561, -0.467313244024, -0.763818433453, -0.205599291976, 0.883573323444, -0.420745901034,  
995, 2297718.7824991723, 81.85956296473104, 146.17196665500316, 76.70704950331323, 48.922528704661254, 0.413512708854, -0.302512592945, -0.858774342145, 0.406823800519, -0.782416746439, 0.471506553743, -0.81455609687, -0.54434379394, -0.200469945506,  
1007, 1704034.6403526769, 74.09631385881993, 136.16303952426165, 69.18710581446294, 43.18226401979577, -0.106365958109, 0.770694320757, 0.628264710857, -0.117664369606, -0.637165553468, 0.761692295878, 0.987340558815, 0.00709375968637, 0.15845598598,  
1030, 2117914.6302544265, 79.66604923822771, 117.38124700434233, 73.30691598931388, 58.75924041148837, -0.678733409642, -0.447307484062, -0.582440532018, -0.68758933185, 0.665649151242, 0.290055370881, -0.2579571076, -0.597350167116, 0.759362172145,  
1038, 3659276.66085311, 95.59508098794215, 125.61399166043508, 95.25614286194958, 73.00887021646271, 0.532567302062, 0.843108272277, 0.0744346021188, 0.736606618354, -0.505009752705, 0.449862022703, -0.416872592733, 0.184752783176, 0.889990814861,  
1076, 1410346.5425479626, 69.56846319029384, 107.61613716354134, 94.16536614761485, 33.22527852601122, -0.382739591103, -0.0218476890153, 0.923597901626, -0.899089260818, 0.238739628555, -0.36693581297, -0.212482720438, -0.970837817682, -0.11101813038,  
1096, 968054.0318727216, 61.36729722748869, 122.62083688040772, 68.66007956832831, 27.450003905826822, -0.808491779897, -0.584548342734, 0.0681489313564, -0.535147616619, 0.682058757105, -0.498410353308, -0.244863370609, 0.439430411855, 0.864258550939,  
1103, 2405611.554941639, 83.12129433593294, 105.86140849582819, 87.56694381327434, 61.95252779817645, -0.809479169131, 0.38833888867, 0.440382086703, 0.447467349192, -0.0775947685073, 0.890927619567, -0.380153187741, -0.918243954212, 0.110957624361,  
1125, 73728.29658488854, 26.012486246648454, 114.02805843296524, 21.301167692277527, 7.246535929352744, -0.386152166201, 0.0581044011681, 0.920603271287, -0.111016832148, -0.993687286791, 0.0161505123786, 0.915730182706, -0.095965903503, 0.390165064872,  
1151, 1493424.5457941436, 70.9084880584852, 139.13839207835412, 94.87997496258797, 27.00680036545323, 0.239284380549, 0.294281608065, 0.925279050006, 0.899668170225, 0.291193757355, -0.325274313714, -0.365157731275, 0.910277172532, -0.19507767801,  
1241, 3216682.460889168, 91.57421277768049, 118.11412239487176, 83.59277220887115, 77.77661292416535, 0.759346942016, 0.0539936423054, -0.648441908148, 0.347632260211, 0.808744464213, 0.474430398758, 0.550040028827, -0.585676598641, 0.59534770386,  
1265, 2306149.4132006182, 81.95955857922247, 127.73574274982907, 91.14245852809084, 47.289601588730605, -0.212098533924, -0.333175335547, 0.918699302106, -0.974108669494, -0.00321681411329, -0.226057408913, -0.0782720379484, 0.942859399852, 0.323866701261,  
1276, 2078761.9464651297, 79.17207904649003, 121.01622824562105, 73.66750575177059, 55.66684017732124, -0.45122181107, 0.380102810978, 0.807416082513, 0.145258946461, -0.86140863105, 0.486698067415, 0.880510485848, 0.336893192924, 0.333473028704,  
1303, 1574900.421272531, 72.17522780164623, 123.54267176175271, 73.33944072729888, 41.496350838329626, 0.67745907489, -0.0178222540128, 0.735344524091, 0.645855764405, 0.492848820851, -0.583069782591, 0.352022063845, -0.869932415219, -0.345395511723,  
1328, 1356960.3278382488, 68.67935067497065, 104.13692498054942, 85.76982816768299, 36.26930654062112, 0.696870515525, 0.206459623257, -0.686837614402, 0.538398566964, 0.482083391214, 0.691174787595, -0.473812692615, 0.85145171788, -0.224792136064,  
1337, 1041172.2289316942, 62.874998658902236, 82.62459185276386, 74.39161880350497, 40.43902070512224, 0.914353539565, -0.0401069106131, -0.402925601576, 0.178092921845, -0.853833180583, 0.489133735214, 0.363648890928, 0.518999359784, 0.773562633967,  
1353, 657388.7379159132, 53.940034114886444, 129.53834656392755, 107.7834016702409, 11.240442674009744, 0.989425596903, -0.124501023785, 0.0744075484665, 0.0793721248179, 0.894149583021, 0.440677420553, 0.121396268453, 0.430111634648, -0.894576395701,  
1384, 1243623.2332005599, 66.71140272013923, 113.91382867111233, 88.94591059149285, 29.30203502447128, -0.674578687065, 0.617658738072, 0.404278713564, 0.243298974821, -0.331028959537, 0.911715655673, -0.696957103277, -0.713384546532, -0.0730293431427,  
1414, 1836725.5205434186, 75.97170683600038, 129.18662445061946, 95.76875526610802, 35.44167654179538, -0.256693782851, 0.864408118423, 0.432327314253, -0.925728368359, -0.0913565227973, -0.366989064903, -0.277732406934, -0.494421470556, 0.823657768489,  
1446, 331714.6083190122, 42.94296194689245, 106.63774181048807, 60.676793712210525, 12.23890108964146, 0.694314448979, -0.570206199077, 0.439081241312, -0.635147346879, -0.198620083939, 0.746416713377, 0.338401084057, 0.797129194541, 0.500069748654,  
1470, 948331.8498778524, 60.94768895215357, 113.76463301698823, 60.50196055352705, 32.89235804343439, 0.603632506033, 0.47288191892, -0.641880431559, 0.404307735695, 0.512334598019, 0.757659893706, 0.687141217304, -0.716865364229, 0.11807199944,  
1539, 1140041.3020503416, 64.8053198924384, 132.043079736422, 64.42069912441443, 31.995647049938164, -0.993713214262, 0.0318023578579, 0.107343643671, -0.0318607389897, -0.999491631229, 0.00117150096472, 0.107326330007, -0.00225591182403, 0.994221288119,  
1566, 2852616.9313165, 87.98020078199717, 144.04331685807247, 95.90876537588949, 49.29506375558351, 0.146130262542, -0.853284824099, -0.500550652114, 0.85587109239, 0.362797342095, -0.36859566164, 0.496115530477, -0.374543852614, 0.783317485371,  
1571, 1432909.9567806365, 69.93749890092865, 97.44836586477103, 71.72565758952867, 48.94194130104875, 0.651765369833, 0.644203236047, -0.400255035387, 0.540732147009, -0.0246547441003, 0.840833448897, -0.531799443284, 0.764456888424, 0.364410507345,  
1597, 2305524.0115714655, 81.95214907439127, 130.70734393323957, 92.71785063823259, 45.41692174851518, -0.113774418969, 0.579592593992, 0.806924907645, 0.699742108813, -0.529821361682, 0.479218432303, 0.705277507611, 0.619162135224, -0.345285226389,  
1601, 2265049.0595979383, 81.46974079715781, 96.99474821639495, 81.6781214916542, 68.25508986683228, 0.304150623818, -0.800724794453, -0.516073833457, -0.839191001681, -0.481591639678, 0.252641950773, 0.450833517752, -0.356243310309, 0.818437439961,  
1620, 523136.0215227931, 49.98526573874687, 135.36765660343272, 84.89303096881645, 10.867735638957091, -0.0645303411521, 0.525644810878, 0.848253127238, -0.857630899102, -0.463801827542, 0.222164591406, 0.510201015265, -0.713151735303, 0.480738521919,  
1625, 2332078.1192883435, 82.26557955654299, 125.0623558496668, 95.75042500460845, 46.49295705639867, 0.519445978863, 0.331626800989, 0.787527485177, -0.237910502025, -0.829051333013, 0.506036046399, -0.820715826623, 0.450219448818, 0.351749882496,  
1632, 993577.1380807278, 61.90194953706781, 137.10918184722294, 77.44766018655625, 22.337683836896183, -0.542517917399, 0.114821534352, 0.83216003542, 0.127291705864, -0.967939062839, 0.216542818511, 0.830343983491, 0.223405429387, 0.510508455563,  
1634, 2142918.6794771883, 79.9783353170968, 135.40098015631898, 73.63980459615907, 51.30771168417874, -0.541300601788, -0.614045215775, -0.574405894371, -0.821862478029, 0.24210743999, 0.515680186462, 0.177583010766, -0.751220647004, 0.635713625623,  
1636, 2579512.009719419, 85.07781251329877, 119.17070463147947, 78.32375922319432, 65.97598973553185, -0.0287920215432, 0.826187239201, 0.562659457645, 0.998244337241, 0.0529138530078, -0.0266151709801, 0.0517615944682, -0.560905312813, 0.826260229829,  
1637, 391402.7435617384, 45.37797227289339, 98.10579481345309, 45.02975643760404, 21.151491530068462, 0.534950774459, -0.792068804747, -0.294031762657, -0.653478552785, -0.608485283498, 0.450234872946, 0.535530998128, 0.0487100432368, 0.843109649887,  
1645, 1348590.8938725197, 68.53785965115866, 113.42185330566764, 69.90679770993674, 40.604621429481256, -0.166634073298, 0.146175086926, 0.975123545802, 0.97036354318, -0.151217044108, 0.188488725493, -0.17500765607, -0.977632983043, 0.116645063263,  
1657, 220540.63251441682, 37.48003624220981, 98.35986926022917, 44.14189554738702, 12.126377528807136, -0.037106647115, 0.988636062518, -0.145677152049, 0.998995413862, 0.04036381498, 0.0194660094492, -0.0251248845469, 0.144808488458, 0.989140658272,  
1671, 960286.1751870788, 61.20271512312307, 94.88687093202881, 74.74338193302226, 32.32460283083154, 0.842124017871, 0.303135557864, 0.446022389666, 0.401272597546, -0.904772760362, -0.142711438101, -0.36028799728, -0.299157292515, 0.883570864929,  
1711, 4043837.628931317, 98.83293666988041, 114.88313399198633, 107.3399472334315, 78.28660286130409, -0.841140749929, -0.538968593867, 0.0446664710211, -0.265404925006, 0.483340012959, 0.834231776939, 0.471213820458, -0.689851641078, 0.549601900207,  
1715, 594590.4009137132, 52.164665650960416, 107.84847576711697, 49.58722531750688, 26.542722403817763, 0.275438460301, -0.579222076225, 0.767225808352, -0.826518451548, 0.264877816126, 0.49669607586, 0.490918428904, 0.770935489479, 0.405780195702,  
1721, 708854.0113956681, 55.312429014623476, 117.05196043797956, 108.03402994598025, 13.382243364350726, -0.0126429163037, 0.243295575588, 0.969869795162, 0.997162865205, -0.0689129314105, 0.0302857745498, 0.0742049656223, 0.967501044332, -0.241734052821,  
1740, 269935.59478065796, 40.09195020426184, 105.09548082434806, 53.341834154722406, 11.495280168210655, 0.545695546988, 0.103740712083, -0.831537271958, 0.503349868992, 0.752769632683, 0.424236713989, 0.669966625574, -0.650058262595, 0.358565162627,  
1747, 2360773.709525818, 82.60162355779019, 123.29798403832297, 84.28008237006762, 54.23564676940097, -0.894117800917, -0.186682685076, -0.407066251581, -0.441102390838, 0.210134591623, 0.872509102646, 0.0773436414955, -0.95968381694, 0.270231257673,  
1763, 2185170.877305231, 80.50056555730237, 122.59219226283294, 88.37795531202153, 48.14930618984117, 0.615450575778, 0.500548544806, 0.608828172038, -0.469288948464, -0.387884301608, 0.79329291653, 0.633236505284, -0.77394891489, -0.00382171651259,  
1778, 1290116.1648855535, 67.5325894542034, 97.88250806507098, 85.15395645703093, 36.95134811495796, -0.463235918002, 0.444051425459, -0.76696206935, -0.18934636718, 0.795843360503, 0.575135895923, -0.865771585067, -0.41164508632, 0.284583705436,  
1781, 373085.19045429555, 44.658740124187005, 75.35121651915317, 48.52884563263201, 24.357301493405387, -0.950638804016, -0.303776077333, -0.0632926468072, -0.306498502495, 0.95108143125, 0.0387656948765, -0.0484203703883, -0.0562512752795, 0.997241827122,  
1790, 1342060.560692472, 68.42705277182202, 132.54573581412362, 51.12309916143227, 47.282515174319315, -0.0821061399777, -0.685304859921, -0.72361303937, 0.158277177315, -0.725816111684, 0.669432078079, -0.983975059094, -0.0595669454312, 0.168062078092,  
1809, 3246238.61907118, 91.85383153527326, 120.67983021826494, 102.60566914272236, 62.58723755234302, 0.635477480541, 0.360575042445, 0.682754722057, 0.141961971031, -0.923749122783, 0.355716680715, -0.758956632823, 0.129124733973, 0.638209708928,  
1818, 2151830.0053259293, 80.0890452802454, 112.0131006476589, 70.55011080971902, 65.00590822662373, -0.655202087898, 0.75146410291, -0.0775366110441, 0.753769705299, 0.643440112438, -0.13347678854, 0.0504128494313, 0.145899018994, 0.9880141805,  
1819, 1095553.9001728727, 63.95115315396866, 151.1236987344283, 61.94948548289307, 27.93668441892637, 0.63506604457, 0.561159056957, -0.530840495657, 0.640057629612, 0.00245578111009, 0.768322978905, -0.432455026343, 0.827704344518, 0.357614552635,  
1849, 1478545.0183701606, 70.67220597679463, 130.31471628496175, 66.86349067376572, 40.51011113252163, -0.701393349606, 0.280224239581, -0.655379084713, 0.670699537458, -0.051760375069, -0.739920937686, 0.24126644935, 0.958538073904, 0.151641885025,  
1850, 1153951.7858360938, 65.0678342096697, 104.22510626723354, 59.81038942394515, 44.192653348102134, -0.150802661178, -0.267717256102, 0.951622839242, -0.987629561528, -0.00104171547689, -0.15680167099, -0.0429698333496, 0.963496956723, 0.264248382791,  
1857, 2028200.507682645, 78.52490613379997, 103.2493197193373, 94.19406401980399, 49.78649398268957, -0.954114698572, 0.208207692355, -0.215208500793, -0.280503814874, -0.369928097343, 0.885703569281, -0.10479862504, -0.905429599494, -0.411356887081,  
1864, 2209796.8760683197, 80.80183965126925, 118.83051706115614, 112.5918318228941, 39.43019039612216, 0.993283265648, -0.0427614200765, 0.107516580755, -0.0877977830438, 0.32669143915, 0.941044235346, 0.0753651343575, 0.944163208634, -0.320742781656,  
1877, 476927.3690342283, 48.467938198366184, 151.76485902156438, 59.385406072975044, 12.633179969248843, -0.74091673476, -0.151203499453, 0.654354562837, -0.615811350734, -0.235835451071, -0.751769925127, -0.26799024695, 0.959957885415, -0.0816216011143,  
1900, 829433.0786189659, 58.28599938593115, 117.61636271175217, 84.04563466500015, 20.031332339172234, 0.231753605915, 0.970451114666, 0.0671930069957, -0.274824893015, -0.000941831989539, 0.961493833122, -0.933146046621, 0.24129597385, -0.266485850804,  
1901, 1311644.146875733, 67.90615473914339, 120.96292907674959, 86.19770694188769, 30.031664872784148, 0.491550871013, -0.739188798442, 0.46041031859, -0.647635289563, -0.663738201166, -0.374192640261, -0.5821909248, 0.114243251751, 0.804985842429,  
1920, 297891.46208055044, 41.43078374379918, 126.10700412824045, 90.79116238303821, 6.211359441630616, 0.466530119648, 0.44569408113, 0.764006828181, 0.236506048771, -0.895174323895, 0.377793354539, -0.852299557876, -0.00444025727206, 0.523035130521,  
1936, 1451777.5284991597, 70.24312432265351, 94.8649444752331, 75.0453248256269, 48.68353010450263, -0.977605793287, 0.108481907656, 0.180329112022, 0.186626960443, 0.842890483851, 0.504684069363, 0.0972486018769, -0.527036344045, 0.844260268808,  
1949, 1295507.4569102908, 67.62652981148145, 117.05363637583723, 53.20861200678707, 49.657456142738326, 0.478674423746, -0.360571631805, 0.800536629011, -0.646421897309, -0.761743448718, 0.0434240603245, -0.594146048317, 0.538270393644, 0.597708504704,  
1964, 1787756.1778701842, 75.29044997667853, 125.71568636706408, 108.06139998442998, 31.416631472072336, -0.999011296118, -0.0440135987724, 0.00626365320858, -0.0137941250795, 0.440819475779, 0.897489783723, 0.042262895567, -0.896516030474, 0.440990764939,  
1981, 1145923.761054702, 64.91659096011855, 158.87169758203808, 58.88167430787126, 29.244246007464287, -0.96402810557, 0.148180994833, -0.220663101678, 0.19362541868, 0.960249093456, -0.201074304071, -0.182096152933, 0.236567265881, 0.954398721605,  
2005, 1193302.715798367, 65.79920906533809, 132.20001992310642, 94.15475730961164, 22.886966336824948, 0.496944567644, -0.463877035979, -0.733392249877, 0.604961712213, -0.420720086794, 0.676029537316, -0.622147429027, -0.779623437346, 0.071553284311,  
2009, 2465578.524392849, 83.80631464195551, 100.4776687240483, 84.48167490594363, 69.34228742386334, 0.284924998255, 0.82230096402, -0.492583870972, 0.90584002543, -0.06292466917, 0.418920439151, -0.313483003842, 0.565563091602, 0.762801937412,  
2014, 1072441.7031726637, 63.49824099591304, 118.3414511098212, 86.69544766320251, 24.954673991151985, 0.508659902809, -0.768524185598, 0.388118125608, -0.433545177192, 0.160831682226, 0.886663267157, -0.743843856335, -0.619276792835, -0.251381326372,  
2019, 628502.1020495633, 53.13810244452105, 102.41628367891708, 49.84263042112835, 29.393287224999202, -0.334202829669, 0.370457382317, 0.866642831003, 0.0790697640453, -0.905251910209, 0.417452933246, 0.939178599126, 0.208039195703, 0.273245772146,  
2029, 201683.1575520955, 36.379802825980576, 120.2712224157243, 62.95663637470902, 6.35883829470314, 0.83442640883, 0.479223360218, 0.272171892869, -0.277256386446, -0.0617881034872, 0.95880713725, 0.476299763197, -0.875515391806, 0.0813101118532,  
2033, 1382104.4079028969, 69.10095999556128, 137.08641650952623, 50.58807955316231, 47.57837729704811, -0.881574073812, 0.467783835753, -0.0632885091556, -0.130618377432, -0.112897491816, 0.984983754089, 0.453614364697, 0.876602783107, 0.160628667398,  
2090, 1397201.0346502445, 69.35164439694266, 97.6651659043048, 81.25490770913424, 42.03209100627528, 0.367497957976, -0.0758659155355, 0.926924815583, 0.446709273674, 0.888569409188, -0.104380217805, -0.815718134957, 0.452425428015, 0.360437451422,  
2103, 3373536.574087735, 93.03912225372902, 120.02760295089564, 101.89445758366713, 65.85141612963008, -0.7120408486, 0.702067701878, -0.009938405521, 0.46257085748, 0.479696503432, 0.745600071355, -0.528229146994, -0.52630049076, 0.666319564241,  
2108, 683732.2155079981, 54.651129809076735, 111.414004700049, 50.363631303582025, 29.089791798824844, -0.393554672699, -0.408884363721, 0.82336401227, 0.197821250273, 0.836991791547, 0.510207304753, -0.897764708895, 0.363673367168, -0.248516014526,  
2117, 1672413.4033608595, 73.6351218916433, 109.41027095340392, 93.54033312619984, 39.01198282972976, -0.321280465408, 0.0743512540561, -0.944060778535, 0.945999269669, -0.0202546661971, -0.323535361718, 0.0431768958142, 0.997026398606, 0.0638288034536,  
2118, 1198277.2366846513, 65.89051469232005, 129.5940971761863, 83.73769440706327, 26.361036373165156, 0.904783312108, 0.425777290295, 0.00899206312142, 0.330851745653, -0.716046309709, 0.614666417458, -0.268149735275, 0.553164877249, 0.788735911475,  
2135, 1596035.8266996015, 72.49666170956347, 122.70052894522286, 67.41510386088939, 46.062805303337996, 0.849393688354, 0.524986647487, 0.0540313070841, 0.312706593342, -0.583107563556, 0.749800077223, 0.425141092656, -0.619979507148, -0.659454670202,  
2143, 1816349.6731359223, 75.68972899571116, 125.70902800831882, 87.17481039127766, 39.56884476242296, 0.830336391461, -0.117697775312, -0.544691390332, 0.371694898585, -0.611274930952, 0.698702984934, -0.415191978946, -0.782617526303, -0.463816157699,  
2146, 1691895.2002576746, 73.91994181381082, 149.23355372927927, 54.80465658975656, 49.38566512881479, -0.129682359821, -0.491385176449, 0.861233472362, -0.909765748323, -0.286467748724, -0.300437201623, -0.394346001284, 0.822482119749, 0.409895589101,  
2150, 1916492.5068743906, 77.0559487567033, 94.0620066209574, 79.85314077745853, 60.91332052539467, 0.773665447402, -0.0660184617121, -0.630145489716, 0.191987437975, 0.972225905156, 0.133856688302, -0.603806756468, 0.224540312765, -0.764852305211,  
2155, 3457527.086992897, 93.80492933277164, 104.79134533590253, 98.94890905598989, 79.60503828406875, -0.509740750836, -0.315285629133, 0.800474446187, -0.000969326657289, 0.930639197881, 0.365936802976, 0.860327511674, -0.185756979489, 0.474690338251,  
2170, 1233802.6013049053, 66.53533646469812, 131.6092195226683, 69.72224168958331, 32.099584924112484, -0.77976596509, 0.0352190928574, 0.625079719064, 0.624416792979, -0.0287841888468, 0.780560785025, -0.0454830554465, -0.998965007381, -0.000453537781781,  
2179, 490905.93956812384, 48.93691177091946, 94.41618590638808, 74.39750124615021, 16.684180346356893, 0.0105733114309, 0.4191674281, 0.907847383818, 0.0621373491502, -0.906418945621, 0.417784208485, 0.998011600597, 0.0519938673162, -0.0356298026312,  
2189, 2251471.220210187, 81.30662427363066, 112.07133291959832, 90.06543786439231, 53.25067149287693, 0.710696946369, 0.219602626992, -0.668344624157, -0.654771930723, 0.553899487317, -0.514265570194, -0.257261674485, -0.803100270308, -0.537444310299,  
2202, 1540089.4884795358, 71.6394840081938, 131.72423943540792, 91.33132555566004, 30.561304414096593, -0.932162130425, 0.159642519661, 0.324943115818, -0.037373673748, -0.93516757014, 0.352228369485, 0.360106888454, 0.316189629298, 0.877694221932,  
2204, 575580.3792832919, 51.60270374286689, 148.04036224718476, 67.5201391096018, 13.746872485893055, 0.138418330897, -0.94925366208, 0.282414324528, -0.6059560464, 0.144380157875, 0.782286162375, -0.78336302919, -0.279413412417, -0.555221135638,  
2205, 992839.5433456954, 61.88662784289752, 97.46416384945456, 83.51022502567007, 29.120970313103374, 0.0575296564286, 0.8095972939, 0.584159704483, -0.924489801513, -0.17766428347, 0.337274382777, 0.376840742926, -0.559452968613, 0.738243476355,  
2207, 1436335.5911150067, 69.99318735720638, 123.14635929823447, 98.4339747871735, 28.287900353009015, -0.188390907002, 0.0938798434788, 0.977596768176, -0.332546813123, -0.942715886361, 0.0264456931051, 0.924078721344, -0.320114561665, 0.208818543642,  
2211, 2066438.6356900397, 79.01531963754637, 115.30965752527912, 92.55384756227454, 46.22466197725733, 0.315350872377, 0.453818630949, 0.83342814777, 0.560263095478, 0.619810602765, -0.549490746551, -0.765936740949, 0.640221420216, -0.0588000166705,  
2213, 2265134.9265932012, 81.47077027794245, 100.70812526803495, 96.71044245745328, 55.52231754848789, -0.851835408873, -0.482478588927, -0.203938342195, 0.107639218004, -0.542262127132, 0.833286015859, 0.512630700346, -0.687870770352, -0.513851698798,  
2219, 1756012.9593612778, 74.84216965994828, 120.28950844667764, 97.67786686594557, 35.67920677125623, -0.00242139660613, -0.726410368583, 0.687256948494, 0.483550375128, -0.60241913057, -0.635035609896, 0.875313184838, 0.330785682183, 0.352714701864,  
2223, 905728.3558606303, 60.0209850115373, 110.37119506116987, 85.01892379633841, 23.042946263928624, -0.45062276723, -0.620292748561, -0.642009367328, 0.580558906041, -0.749940324426, 0.317081797673, -0.678152253016, -0.229839978858, 0.69805666378,  
2226, 1592370.6928683151, 72.44112544175027, 116.33242740436968, 78.30104401151661, 41.73373208573981, 0.501293515833, -0.121664578613, 0.856681119959, -0.767102620058, 0.395568037832, 0.505053955281, 0.400322846317, 0.910342604603, -0.104966475414,  
2228, 1826791.70505908, 75.83449642635141, 101.23155889543449, 71.50546452510908, 60.24836484802467, 0.676584909641, -0.502541812397, 0.538223547273, -0.544854672798, -0.833338194552, -0.0931710203336, -0.495344572571, 0.230215508368, 0.837636301822,  
2232, 1450007.126386236, 70.21455953267379, 130.22827736370644, 68.4845790243882, 38.81355667305204, 0.374974536665, 0.0182402019877, -0.926855647814, -0.7074899003, 0.651697577805, -0.27340136806, -0.599042684478, -0.758259561176, -0.257274755968,  
2234, 1125667.8740643128, 64.53181609681526, 112.45946460723951, 66.76414039932612, 35.79170515065392, 0.0833069034902, 0.409841405842, 0.908344638278, 0.818343793463, -0.54828413684, 0.172330905499, 0.568659296531, 0.728981842948, -0.381067024448,  
2242, 337463.913451181, 43.189639239056255, 90.41677551252384, 48.578361757213, 18.342006779076556, 0.912586818023, -0.334490286878, 0.235162810742, -0.324646797477, -0.942395060851, -0.0805978050104, -0.248575454258, 0.00279235897881, 0.968608510324,  
2243, 2619165.480279893, 85.51154954694695, 124.63213236291945, 81.47293890002139, 61.57875738427933, -0.543709635351, 0.250832403577, -0.800913814179, 0.211079740381, 0.964488617523, 0.158767282112, 0.812296236374, -0.0827333789015, -0.57734739316,  
2245, 447005.575845757, 47.432364752366134, 122.68771993532835, 35.02372874812166, 24.834810755440376, -0.859311243896, 0.494851459783, 0.129252539102, 0.490645692132, 0.868943459119, -0.0648387973879, 0.144398721965, -0.00770049387123, 0.989489621719,  
2246, 1676077.6175771083, 73.68886020916862, 114.65059043840266, 72.26704763457343, 48.29352530725899, -0.0910015222312, 0.00285099297431, 0.99584667233, 0.728346519244, -0.681775531897, 0.0685089192043, 0.679139213163, 0.731555873427, 0.0599661004134,  
2264, 1543896.3940229074, 71.69846333921619, 114.28053024103623, 83.15442527581916, 38.78572648647715, 0.853761163499, 0.244362157235, 0.4597597327, -0.261903287692, -0.561621624259, 0.784848914799, 0.449998381772, -0.790486108212, -0.415491479006,  
2267, 2492730.7361269537, 84.11283154006428, 133.39591387308394, 105.5525904212662, 42.2644611891405, -0.7124755575, 0.228940126433, -0.663298574154, -0.545356239877, 0.414159314112, 0.72873769915, -0.441548583503, -0.880941814789, 0.170224461707,  
2268, 2599075.274374869, 85.2923504750228, 106.13085896177141, 81.49160623800084, 71.74236533513236, -0.69818482373, 0.156031457072, -0.698707475498, 0.0194875159388, 0.979741195516, 0.199317401478, 0.715652281933, 0.125544311752, -0.687081099399,  
2282, 925504.8160826166, 60.45469362622796, 111.25944956272934, 85.92823792152751, 23.110921406889222, -0.481571737122, 0.722421569658, -0.496181154114, 0.282942689445, 0.663993655116, 0.692138613614, -0.829477001788, -0.19292356429, 0.524164479764,  
2285, 2355990.4314860576, 82.54579811952206, 109.0850629909248, 104.85983729100822, 49.17115919272172, -0.895292688642, -0.35682307815, 0.266698879945, -0.319262957863, 0.93146491656, 0.174482872954, 0.310680165767, -0.0710661671792, 0.947854120887,  
2287, 1077197.1952256747, 63.591958644838826, 120.97425106098254, 54.90683433915228, 38.71571260996772, 0.0852134473854, -0.701543708002, -0.707513317294, -0.655700082686, -0.574142033258, 0.490324716094, -0.750197354001, 0.422134281254, -0.508926889287,  
2294, 1225677.039613844, 66.38895211274364, 103.31303418599481, 65.88695226659662, 42.986581172996544, -0.609853691565, -0.13649361157, 0.780671485892, 0.0355292181663, 0.979357814933, 0.198987298555, -0.79171721564, 0.149089786137, -0.592415467496,  
2296, 1397470.3744245039, 69.35610043813871, 115.01897580590538, 84.25827425103891, 34.42484112989383, 0.474688680367, 0.71234634214, -0.516946172798, 0.491784815676, 0.272436197529, 0.826998315202, 0.729944074435, -0.646793017213, -0.220998735478,  
2298, 1365263.7090924713, 68.81915127127172, 112.87537172793402, 57.48607275231322, 50.230338294600365, 0.0232877981801, -0.962349737403, -0.270814810111, 0.444921515795, 0.252559597777, -0.859219700864, 0.895266733012, -0.100482000829, 0.434051660832,  
2299, 1212393.8136981851, 66.14825127384908, 113.61065718639836, 92.61462128636593, 27.507839086167255, 0.430654529068, -0.902505242284, -0.00457867262118, -0.332309839379, -0.163283260219, 0.928928817286, -0.839110747902, -0.398525864382, -0.370230047637,  
2307, 714123.5261038523, 55.4491522206244, 146.23358777044592, 55.120723263224924, 21.150599836033575, -0.982087065843, -0.115111802511, -0.149178644674, -0.181748620336, 0.369777592249, 0.911170659798, 0.0497235770019, -0.921961932616, 0.384075201877,  
2310, 2428599.5005776333, 83.3852235398622, 116.57009460879445, 78.7937015172465, 63.12314666720544, -0.0877986766776, -0.624426852196, -0.776133041837, -0.0778299484714, -0.772460016803, 0.630276147067, -0.993093093066, 0.115743806307, 0.0192218575311,  
2317, 1297681.1970882735, 67.66433233741047, 103.31529783611951, 90.544051493922, 33.11729426494287, -0.488983288435, -0.862211866413, -0.132234795144, 0.00377843517724, -0.153686628007, 0.988112414556, 0.872284968951, -0.482670817212, -0.0784080043976,  
2327, 409206.36524561344, 46.055827564480424, 105.62030090393687, 81.29984866649477, 11.376708582849941, 0.119722987473, -0.200846385498, 0.972279350651, -0.97133296868, -0.226281379183, 0.0728628944748, 0.205374463424, -0.953130351456, -0.222179798599,  
2346, 2597506.50238768, 85.27518652682937, 133.32303254632174, 72.96148201448024, 63.748387472235144, 0.880722018371, -0.026935588067, 0.472867000807, -0.216484528747, 0.865097097595, 0.452483657766, -0.42126378336, -0.500880710177, 0.756078923791,  
2351, 969487.9860524607, 61.39758289181893, 94.37273381825065, 62.578630156617855, 39.19053878352163, 0.551478067836, -0.825831177524, -0.117791370331, 0.512822277473, 0.224256548435, 0.828687101512, -0.657940158695, -0.517408800382, 0.547177193296,  
2352, 1001615.9168001023, 62.0684456004068, 113.8912944278932, 67.53075780665598, 31.089980944417643, 0.186267917151, 0.291552429734, 0.93824380827, -0.911681622779, 0.407275415406, 0.054436703549, 0.366252483578, 0.865519449072, -0.3416653356,  
2362, 2557730.712331295, 84.83767076246717, 110.08577408292703, 86.5940273377021, 64.05412015311941, -0.205653043548, -0.465492570218, -0.860827214225, 0.149253880167, -0.884257869561, 0.442505705471, 0.967176356687, 0.0374791567591, -0.251326894451,  
2365, 2533914.600083631, 84.57352940490662, 125.38036638666769, 112.96706982149938, 42.70925205757296, -0.513519051554, -0.454388233029, -0.727893891564, -0.0182515329292, -0.842307946059, 0.538687484124, 0.857884062818, -0.289911465262, -0.424247895779,  
2385, 2971628.159601079, 89.18708136807687, 112.94615671616438, 87.32386932166618, 71.92857016691799, 0.505880786629, -0.376090768934, -0.77629914546, -0.543395563014, -0.83787615138, 0.0518152202158, -0.669929766331, 0.395625186852, -0.628231501687,  
2393, 3563227.6527555035, 94.75125847528096, 121.21343739132243, 95.38092407267324, 73.57710026373212, 0.56776360583, 0.787550002978, -0.239602756047, 0.631321586218, -0.603365614804, -0.487219652362, 0.528277902879, -0.125359194646, 0.8397663542,  
2394, 2824887.7816768833, 87.69419860413153, 136.1409828158672, 104.82668104853754, 47.255446794998434, 0.829967646154, 0.443352459898, 0.338514848479, -0.213285383713, -0.30851895794, 0.926998057002, -0.515425117193, 0.84157866471, 0.161500153786,  
2396, 1300912.1951757884, 67.72044322578496, 115.8032235185646, 69.8015950327778, 38.42141721082982, 0.155892571764, 0.768397868787, -0.620694950288, -0.832997925739, 0.439977199257, 0.33546165183, 0.530859644146, 0.464741626474, 0.708663007952,  
2398, 1734218.6065159272, 74.5312509729347, 111.5662551046757, 96.51890935779355, 38.447665122607994, -0.684443908138, 0.703772085868, 0.19037170947, -0.272189296059, -0.48890238621, 0.828786730027, -0.676350148757, -0.515440886922, -0.526185488554,  
2403, 2345159.1652135924, 82.41910700659648, 125.11811382163171, 86.29572927528852, 51.853039911578854, 0.018191255962, -0.0581725141825, 0.998140790069, 0.788140798335, -0.613451239746, -0.0501164489406, 0.615226104946, 0.787587160286, 0.0346886832465,  
2411, 2164877.594410534, 80.25059211638519, 96.40226682673764, 89.6920545417178, 59.772788643550705, -0.856785276207, -0.514772950054, -0.0304598156179, -0.509741542065, 0.854384375946, -0.100949979855, -0.0779907094959, 0.0709658229891, 0.994425110906,  
2418, 2105970.38113791, 79.5160045435993, 137.8108586583683, 82.45788904894705, 44.24334950015988, 0.68571483449, -0.666706654211, -0.292057191303, 0.357146295106, -0.041437238839, 0.933128865232, -0.634225267277, -0.744167449213, 0.209697682102,  
