# Void_ID, Void_Volume, r = (a*b*c)**(1/3.0), a, b, c, vector_a, vector_b, vector_c 

8, 3333553.9742190624, 92.67009907257184, 135.25511298092678, 82.64362320880538, 71.19604050555212, 0.906240987835, 0.421799882067, -0.0284979202204, 0.276410132563, -0.540166243446, 0.794869717663, -0.319882338657, 0.728220632041, 0.606110551373,  
9, 1495056.1233584282, 70.93430134611725, 94.94791147639899, 80.4748905660524, 46.71142064463347, -0.398696606423, -0.360475371643, 0.84326657853, -0.916525526121, 0.188672343275, -0.352680743523, 0.0319683592839, 0.913487960141, 0.405607902638,  
38, 1967756.2067207112, 77.73696134915936, 140.43632714208698, 64.56280597287432, 51.81086246750768, -0.797343776734, -0.307713829549, 0.519186961324, -0.216382059264, 0.948820310892, 0.230040913899, -0.563401904623, 0.0710789472569, -0.82311972223,  
41, 236233.04579557813, 38.34870298928845, 89.31855589342368, 56.53448599499763, 11.168552740681065, 0.27759627488, -0.7608358591, -0.586574039385, -0.841986361608, 0.101325706752, -0.529898167592, -0.462600556678, -0.640985098624, 0.612485778041,  
74, 636202.3299785679, 53.354233118451646, 97.63586491243461, 57.63024890990308, 26.99272765193632, -0.580089242603, -0.813018053429, 0.0499811505941, -0.134750453555, 0.156297387622, 0.978475059411, -0.803329811399, 0.560867873408, -0.200220984655,  
86, 944937.6823477778, 60.874889556342296, 124.07595426671307, 52.366665529773556, 34.719384219456025, -0.823400401568, 0.245857210808, 0.511435245746, 0.50864579746, -0.0797979640216, 0.857269932789, -0.251577485925, -0.966015795332, 0.0593485614331,  
93, 2308644.1954835304, 81.98910242486913, 116.28153696043285, 84.13407309716493, 56.33596242609726, 0.32159228667, 0.387076555335, 0.864147060091, -0.693877599082, 0.717324402111, -0.0630839094262, 0.644292075574, 0.579324988625, -0.499269745636,  
104, 1515022.420450068, 71.24867903832796, 97.33989865499723, 94.84326518925445, 39.17717023707936, -0.500576204926, 0.865233823199, -0.0281761291425, -0.675895336604, -0.410958057812, -0.611783432823, -0.54091492586, -0.287200114748, 0.790523331136,  
105, 1395561.775410326, 69.32451162451366, 112.92850512294333, 66.92134485610337, 44.085139259499456, -0.793959228366, -0.606698397553, 0.0393166389669, -0.605555951293, 0.783391691634, -0.139998026172, -0.0541362498293, 0.134961149543, 0.989370888276,  
109, 2124885.135535865, 79.75335280615121, 112.64138164712315, 77.77668059936244, 57.90278811008795, 0.368378590144, -0.67485513869, -0.639427678559, -0.589916548083, -0.70127161603, 0.400270642001, -0.718537181099, 0.229757834108, -0.656441663093,  
118, 890235.0524973331, 59.67677706426978, 116.89986741006936, 64.32621797590858, 28.262725758738977, -0.495804221321, 0.864487985285, -0.0826964172083, 0.838900935892, 0.501388994059, 0.211788329225, -0.224551539475, -0.0356314458652, 0.973810559701,  
131, 1522435.9012035858, 71.36470405276167, 134.9999344443944, 81.52016972793004, 33.025680459418744, 0.254325851473, 0.838974670982, -0.481081970898, -0.549347092542, 0.534719452143, 0.642100365531, 0.795949830823, 0.100978259792, 0.596881276186,  
137, 2786310.0307994047, 87.29317230082158, 121.53128520922384, 94.82838979399199, 57.71841045458364, -0.893179678297, -0.377511745043, -0.244366414696, -0.148895794316, -0.264489099337, 0.952825041005, -0.424334896882, 0.887429095019, 0.180026377517,  
151, 688922.1987984207, 54.78906090110081, 137.60766236343767, 97.75189713124918, 12.226826729259454, 0.620614898119, -0.111353094575, 0.776168561951, -0.398410883095, -0.89734874022, 0.189826253868, 0.675356140465, -0.427043003402, -0.601272281734,  
153, 395640.5057985847, 45.54115557814032, 102.10503941052139, 38.34688622173109, 24.123196636555075, -0.525841630346, 0.763411013936, 0.375092260113, -0.0852163926656, -0.486046960531, 0.869768083215, 0.846302987243, 0.425396257577, 0.320638858879,  
155, 508685.06289820536, 49.52070192897251, 89.83008711606286, 62.366422989353715, 21.676428075563546, -0.567835386167, -0.729301410392, 0.381683674024, -0.808176288495, 0.58197185485, -0.0903318707727, 0.15624999498, 0.359761327775, 0.919868319982,  
164, 738388.5789953399, 56.07020196656878, 120.98779139765178, 66.81167230584487, 21.80732872086443, -0.401024921987, -0.54954778092, -0.732923084935, -0.915058237668, 0.202770025559, 0.348644142945, 0.0429817824213, -0.810482296673, 0.584184057605,  
180, 322076.2208298247, 42.522946574307824, 82.80932680561654, 62.6643956494276, 14.817329639585346, 0.708675963537, 0.390641118818, 0.587518420982, -0.610128343213, -0.078841357693, 0.788370119377, -0.354290535456, 0.917160594774, -0.182468243485,  
191, 3659939.4560386343, 95.60085226828777, 121.39054902130066, 87.34915560700433, 82.40274994104713, -0.766569700094, 0.334864047801, 0.547938832707, 0.179299713563, -0.707725565429, 0.683356522434, 0.616621851391, 0.622085680215, 0.482479946587,  
200, 1966036.7498195316, 77.7143121500192, 142.66061647098044, 81.98392680247855, 40.130097037356194, -0.752267377256, -0.611644865167, -0.244917030913, -0.658837614783, 0.695418835682, 0.286924450554, 0.00517595039584, -0.377204456356, 0.926115547674,  
248, 1078081.7201767485, 63.60935975624427, 117.80451124852304, 101.93697893736093, 21.432330251608214, 0.752601567436, -0.07542529066, 0.654142114698, -0.112530811785, 0.964071573934, 0.240630041208, 0.648789408893, 0.254709689375, -0.717074108476,  
305, 1879282.9315811424, 76.55399392343371, 104.06832128092803, 91.5816259023498, 47.073518573550786, 0.663122098288, 0.613357793066, -0.429023659543, -0.623262700426, 0.769865606225, 0.137297321931, -0.414502942112, -0.176349556385, -0.892797930633,  
314, 2348564.9888828644, 82.45898620000133, 103.50791118385668, 85.47543363646022, 63.37224839646664, -0.748502021365, -0.0196198487089, 0.662842202601, 0.162554095681, -0.974494209211, 0.154716522038, -0.642900373301, -0.223553344307, -0.732600172167,  
367, 14639.372568859739, 15.175556225238799, 119.4922817293065, 52.50183239951711, 0.5570825295343407, -0.441239533157, 0.861329375933, -0.251832048269, 0.0281694009135, 0.293783226532, 0.955456906752, 0.896947132908, 0.414491401556, -0.153891906233,  
372, 1070809.3805957993, 63.466008554244745, 116.84799500495212, 63.30877691995926, 34.557185932612285, 0.118402505031, 0.963735628719, 0.239153684355, 0.955779028729, -0.045318466646, -0.290573028381, 0.269197501928, -0.262982650605, 0.926484123143,  
396, 859115.2414561681, 58.97314262098518, 90.44760692602084, 75.8946564629563, 29.878207177133916, -0.627904736416, 0.164036613249, 0.760807223612, 0.777605231893, 0.0912208497465, 0.6221003616, -0.0326457549869, -0.982227441118, 0.1848337323,  
421, 372779.26183578727, 44.64653011327181, 67.33744793859346, 44.1617605022407, 29.92678776970745, 0.660247310352, 0.0243507322258, -0.750653402719, 0.692881190302, 0.365920701541, 0.621303224125, -0.289808808179, 0.930327405822, -0.224725994665,  
426, 880706.5361526844, 59.46309864633782, 88.65850110246666, 79.00726305373985, 30.016165283863334, 0.113893023957, 0.41399432882, 0.903126278434, -0.701423103747, -0.610270841535, 0.368205281741, 0.703586532435, -0.67540965027, 0.220879595479,  
454, 783207.0654568329, 57.18243730068293, 94.15094206978479, 76.37481105951886, 26.002384058695323, 0.364164410653, 0.662661046913, 0.654419299011, 0.792252296373, 0.148985396475, -0.591725992778, -0.489612684584, 0.73395073986, -0.47073955703,  
458, 1598928.6810924127, 72.5404359367828, 110.55212381589877, 90.17083719011055, 38.291933093196654, 0.25048175989, -0.834110047262, -0.491446148646, -0.354449440605, -0.551394855416, 0.75520150124, -0.900902037969, -0.0149713886271, -0.433764193433,  
461, 3019903.6679173154, 89.66745154333655, 135.84893824663126, 101.72149657652187, 52.171760355174335, -0.978799270206, 0.166123371288, -0.119812412364, 0.135121267119, 0.963328673783, 0.231819130873, 0.153929307855, 0.210715191143, -0.965352203294,  
498, 1099416.3981054171, 64.02622065346408, 116.7757199094095, 64.81789928375605, 34.67576858934919, 0.059428002849, -0.0125274814412, 0.998153983455, -0.695884308403, -0.717421419756, 0.0324273926442, 0.715690814385, -0.696526789639, -0.0513525999359,  
505, 1426403.1041701394, 69.83147605608535, 117.28213654884823, 67.98443267651137, 42.70830339540489, -0.250624291672, -0.90593869679, 0.341266086921, -0.963800483392, 0.20037093049, -0.175898034177, -0.0909730324691, 0.372996739762, 0.923361976416,  
514, 836113.2934600505, 58.442058729983366, 113.06962246657507, 64.00078423997029, 27.583240196913582, -0.815422747372, 0.353330877966, -0.458522664374, 0.565792229177, 0.653875211886, -0.502320973764, -0.122331093641, 0.669032508894, 0.733096586796,  
548, 487525.25073513214, 48.82431606205833, 92.45787596856897, 62.187301720645685, 20.242440876133863, -0.919198706785, -0.340275731794, 0.198207375738, -0.133331270329, 0.74252641457, 0.656412443528, -0.370535436628, 0.576946228013, -0.727898715608,  
551, 708743.575572442, 55.30955640108807, 101.90300792983885, 56.97327019784251, 29.143544754986618, 0.499997020193, -0.45362482227, 0.737717764744, -0.762748197602, 0.17276044374, 0.62319259955, 0.410144080603, 0.874287338178, 0.259621808497,  
588, 4056619.0992763224, 98.93695516155724, 134.9081458132353, 96.6854261486987, 74.24657640706431, -0.726027417486, -0.687544102599, -0.0129342970434, -0.663372247066, 0.695299523575, 0.276578803126, 0.181166914421, -0.209384047859, 0.960904193779,  
601, 533578.558417142, 50.31566921814703, 117.4285586627553, 72.80644567408427, 14.899311495776585, -0.823713519825, -0.410083374285, 0.391570764222, -0.538511507667, 0.781978262053, -0.313871556193, 0.177486318821, 0.469405606924, 0.864960682817,  
604, 1504271.2418451353, 71.07974283402811, 120.24227756872482, 110.38495867599573, 27.05642737833793, 0.32566981398, -0.451638302124, 0.830639522486, 0.502172003162, 0.827000245615, 0.252772373871, -0.801100774873, 0.334803580935, 0.496129127034,  
609, 1425423.625209682, 69.81548849426045, 102.49726660308174, 66.86958085237852, 49.649451900625316, 0.402363169468, 0.91512054147, -0.0256568594053, 0.819632435311, -0.372579784404, -0.435186138612, 0.407807001952, -0.154073679884, 0.899974860941,  
683, 1467535.6112644551, 70.49635781155028, 116.22044199137315, 64.38702773329022, 46.81867720578809, -0.264956773382, -0.950226058691, 0.163915666192, -0.933023266416, 0.295559531584, 0.205212445081, 0.243445050403, 0.0985647029812, 0.964893520945,  
692, 1897172.318912896, 76.79613970974532, 111.45357486025738, 81.80857036269295, 49.67356889063472, 0.182952580477, -0.601672270758, 0.77750809121, 0.684350749223, -0.489851068312, -0.540101826429, 0.705827461449, 0.630901267612, 0.322135352283,  
695, 2571171.713114239, 84.98601991626826, 130.81856839198417, 75.97716816064248, 61.75753848752872, -0.839349720807, 0.543279579104, -0.0184213221455, 0.121794075021, 0.220978493223, 0.967643895668, 0.529771884372, 0.809948025778, -0.251646470405,  
715, 1643840.0469083118, 73.21335615803247, 131.91910840156913, 56.55208062234443, 52.60350131210169, -0.00889617612062, 0.305185930262, 0.952251230517, 0.25615650727, -0.919818025315, 0.297184528685, 0.966594383303, 0.24656915516, -0.0699924988116,  
716, 430769.8962109251, 46.85100507857641, 83.97461830763709, 73.78974622953652, 16.596353666079356, 0.714584426887, -0.130658168043, -0.687239070466, 0.302072030093, 0.943724762366, 0.134670195412, -0.630968767441, 0.303828925582, -0.713839196524,  
721, 1945729.843842765, 77.44581902132829, 126.97494743048483, 76.69008605523062, 47.70200835239572, -0.133586053528, -0.367669165351, 0.92031198577, -0.572259688045, -0.729554207685, -0.374525710049, 0.809119036818, -0.576688861431, -0.112943974428,  
725, 1163191.1451826135, 65.24103257707915, 91.40752181365963, 66.28040586567448, 45.83480460053218, -0.134891860456, -0.0375100483244, -0.990150080673, -0.988572180889, -0.0627769528711, 0.137055088778, 0.0672995479529, -0.997322440569, 0.0286132903108,  
750, 1742330.7399697553, 74.6472815534493, 113.22070574757493, 99.96763885387514, 36.749945333042305, -0.397747860452, 0.273533748205, 0.875771618688, 0.550505662367, 0.834762817955, -0.0107029651162, -0.733989206466, 0.477860153552, -0.482607002062,  
767, 1094263.1025945377, 63.92602722311999, 95.17542673501148, 81.17836447064666, 33.8117785811453, -0.0472467313573, -0.375839899069, 0.925479398282, -0.157372160715, -0.912142397853, -0.378457724285, 0.986408510409, -0.163525583034, -0.0160509901684,  
773, 158749.3465742595, 33.58982792452535, 47.03980096325803, 31.504638168509107, 25.573099330100884, 0.125359512659, -0.958155418201, -0.257338662384, -0.848337748499, 0.0309646394961, -0.528549198819, -0.514400677543, -0.284568771429, 0.808957698072,  
781, 394687.6224041525, 45.50456487215272, 118.21806510900524, 74.31170282657433, 10.72565535039065, -0.12227290792, -0.631984434642, 0.765274467338, 0.0917290696177, 0.760563962063, 0.642750525008, 0.988248508107, -0.148788890651, 0.0350250230982,  
793, 965151.8265935078, 61.30590989247317, 122.82448852245837, 64.09294532995494, 29.269266146372406, -0.90294020255, -0.226413810874, 0.365288621318, -0.386960432243, 0.0585205499792, -0.920237452568, -0.186977577524, 0.972271634614, 0.140453743373,  
808, 1477048.3796665662, 70.64835224088587, 106.68641783988556, 99.6279112403056, 33.17538356875873, -0.261363865709, -0.908023712382, 0.327386419165, -0.743788371611, -0.0267127690328, -0.6678811917, 0.615197356917, -0.418066221695, -0.668395725839,  
813, 567238.6082648631, 51.35220043960355, 106.35397834681825, 77.85761906997564, 16.3539367906531, -0.589142394362, 0.773592701897, 0.233378599568, 0.794688300573, 0.502454797659, 0.340601939575, -0.146224977684, -0.386126284887, 0.910782492158,  
815, 1063990.7013418677, 63.33100905799563, 106.59776386326422, 88.78679037518695, 26.838162129101466, 0.554338051139, -0.191385250922, 0.80998827818, -0.363337864839, -0.931217410287, 0.0286309404647, -0.748795647045, 0.310170631278, 0.585746752837,  
839, 1842697.6382926612, 76.05395848648385, 108.48753570931639, 87.00393508916301, 46.60652574143223, -0.960676737573, 0.0674462945836, -0.269353305592, -0.00824061114824, 0.962698338644, 0.270451476423, 0.277546929751, 0.262036077895, -0.924286100549,  
891, 2040864.9067620486, 78.68800769750437, 141.70108538521916, 66.36839608769701, 51.8073227197955, 0.0553880196026, 0.627646567228, 0.776525565536, -0.462772786918, -0.673003807174, 0.576981128996, 0.884744886944, -0.391312742159, 0.253181403051,  
932, 637905.9238336501, 53.401813858790014, 104.9922709015674, 93.67496036830751, 15.484143181854133, -0.144646386139, 0.788004436492, 0.598436655834, 0.669087329687, -0.367672054977, 0.645863302287, 0.728971582594, 0.493828176654, -0.474061350157,  
949, 2807701.7327506538, 87.51599878306594, 146.21891125765373, 87.32190466818066, 52.49713647542745, 0.176660071656, 0.259498849703, -0.949448032325, 0.73996957986, 0.601053198373, 0.301960384169, -0.649027148866, 0.755907004683, 0.0858391536948,  
954, 2363013.015536609, 82.6277324923049, 138.3517837432168, 86.31396486281504, 47.240194289544256, 0.178755451578, -0.643454056015, -0.744320741569, -0.909827315126, -0.396063336655, 0.123887408595, 0.374514011997, -0.655057792226, 0.656230556788,  
957, 1562059.3868523175, 71.97853071501642, 123.830489266368, 88.14705174391652, 34.16438063378811, 0.4203557751, -0.321077728806, -0.848651939493, 0.441483205445, 0.889495888957, -0.11785432889, 0.792712811584, -0.325124830785, 0.515655158761,  
958, 2633677.261934471, 85.66918756125439, 121.99589536102631, 77.38992711560981, 66.5954086946158, -0.519229720478, 0.587077311974, -0.621080290411, 0.847866819071, 0.445127956564, -0.288067629914, -0.107342230696, 0.676166645178, 0.728887037516,  
963, 1680302.8529177553, 73.75072916409627, 121.5958761640839, 78.66391066547892, 41.937696856368746, 0.487533963497, 0.315364580672, -0.814159576308, -0.683718796536, 0.717822525176, -0.131375148381, -0.542991014382, -0.620706052497, -0.565583552354,  
981, 1521746.3616847794, 71.35392829208449, 124.5798430293118, 95.88415051660554, 30.412985750886158, 0.336284927085, -0.941760041325, 0.000687298164262, -0.102788144656, -0.0359782660747, 0.994052393835, 0.936134095701, 0.334355482882, 0.108900715942,  
982, 368188.97051047924, 44.46251811178246, 122.44619816938437, 51.702035591362346, 13.884467164216396, -0.653710780837, -0.423833602207, 0.62691888842, -0.708733794381, 0.0525153427252, -0.703518690215, -0.265252000407, 0.904216354873, 0.334715042777,  
1007, 1187427.8767207658, 65.69105101860869, 105.32972225599353, 68.60051837026246, 39.23198611054246, -0.564157739131, -0.807313921971, -0.173119255922, -0.821177376017, 0.570453792504, 0.0158173239326, -0.0859869902767, -0.151085082025, 0.984773849923,  
1024, 1569693.0798677993, 72.09559185687903, 126.73767835301587, 69.99858127938911, 42.240704148228794, -0.88432449045, -0.451328502814, 0.119468732886, -0.45353167671, 0.769717272372, -0.449270896936, -0.110811614061, 0.451484111747, 0.885371607309,  
1025, 972641.3695105602, 61.46407867435462, 156.61484873940566, 67.0343776339936, 22.11737651670104, 0.0713486380365, -0.464241214798, 0.882830372344, 0.954411826522, 0.288963847254, 0.0748195186787, 0.289840365107, -0.837245477421, -0.463694482706,  
1046, 1832582.451199692, 75.91454115241389, 119.21268086776033, 94.67786121808344, 38.76180755052406, -0.0663451264771, -0.943572301095, 0.324452826771, 0.356468309646, -0.326124357792, -0.875541688027, 0.93194885504, 0.0575692266909, 0.357990384965,  
1049, 1131788.4703514709, 64.64856441274036, 112.86213992426654, 63.34616386831105, 37.79271180831503, -0.976094819418, 0.0268121926728, 0.215684978217, -0.0357880632858, -0.99864359658, -0.0378177410162, 0.214378445816, -0.0446326487383, 0.975730397516,  
1084, 1077316.4752223883, 63.594305775798354, 115.2848146882076, 65.98667611380446, 33.808533565167636, 0.203823364855, 0.0528307505045, -0.977581171944, 0.852647339037, 0.481111350078, 0.203775327405, -0.481091000926, 0.875066157857, -0.0530157354059,  
1092, 808704.1218631874, 57.79634158068359, 129.64802124807616, 53.410010746527476, 27.881265964998676, -0.765379889824, 0.639884422238, -0.068858916856, -0.175639276106, -0.104748793473, 0.978865943301, 0.619148180118, 0.761298638146, 0.19256145672,  
1107, 1314957.6246786444, 67.96328820597363, 88.85491064551283, 75.39994306361315, 46.85659177170311, -0.809623369666, 0.537946883475, 0.234783197547, 0.550472715661, 0.55710051395, 0.621786785538, -0.203690423446, -0.632654856867, 0.747166677174,  
1123, 479869.11411509186, 48.567386023218994, 79.59288938664625, 69.67285431679973, 20.658382549295773, -0.681246076256, -0.394468568473, 0.616683332086, 0.0627493318475, 0.807834642968, 0.586059477335, 0.729360202464, -0.437947186437, 0.525581541679,  
1128, 223785.2846529138, 37.66294754371898, 146.56714403061457, 78.1719706779167, 4.662890643630592, -0.718507045486, -0.692983670148, 0.0593401929174, -0.693829404908, 0.708202956539, -0.130573080056, -0.0484601121738, 0.13498964871, 0.989661261376,  
1144, 2671466.128104103, 86.07697990110827, 145.6802810255548, 99.28575587415237, 44.09337538555024, 0.911744386193, 0.393053800454, 0.119293269695, -0.228066070257, 0.242867732172, 0.942868565743, 0.34162558722, -0.886861868962, 0.311075527065,  
1150, 1759790.3179076063, 74.8957955439373, 129.31321685426352, 83.6364993128814, 38.8448592697619, -0.569875440602, 0.818582819409, -0.0718620203334, -0.0297660764242, 0.0668307337566, 0.997320226266, 0.821191794219, 0.570487353754, -0.0137191950833,  
1169, 2143828.1380155156, 79.98964803327773, 92.71813804642832, 81.23123719199195, 67.95377503423063, 0.793345593778, 0.351920890038, -0.496743853497, -0.432232653341, 0.90023010066, -0.052542356727, -0.428693016292, -0.256393161024, -0.866305283813,  
1175, 1730444.6317737948, 74.47714719332991, 131.91347124958313, 87.0554481585584, 35.97360769955879, 0.176724642399, -0.875033596194, -0.450649094419, -0.279597310965, -0.483624591185, 0.829417023278, -0.943712744679, -0.0205781518504, -0.330125423432,  
1183, 521554.66109989677, 49.934848958374715, 123.0996121660248, 37.66032018289001, 26.857805786878917, 0.873755189122, -0.34102665998, -0.346774691501, 0.000237386177418, -0.712692142948, 0.701476908407, -0.486365925133, -0.613001408288, -0.622637503132,  
1213, 1420088.1020766427, 69.72827047034521, 117.80299443304396, 71.91994774439027, 40.014830942399094, 0.258177310484, -0.880780894845, 0.396950238225, -0.746252834757, 0.079129557548, 0.660942675078, 0.613556177516, 0.466865642769, 0.636855783231,  
1221, 800051.31103252, 57.58946941669387, 103.45183450626739, 89.21233217175002, 20.695033929610002, -0.266543794531, -0.881614112667, 0.389500913918, 0.824154779142, -0.418007353914, -0.382150169556, 0.499723229013, 0.219149283411, 0.838003750568,  
1225, 1864768.1520291623, 76.35639419266641, 135.81557003454702, 76.66029858248457, 42.75788027091977, 0.804724720163, 0.581790332966, 0.118059871366, 0.482131995438, -0.524472395006, -0.701767373031, 0.346362330131, -0.621649994245, 0.702555635464,  
1237, 3007429.16277073, 89.54381616532872, 133.82480211235654, 104.65803621261998, 51.26224313253208, -0.541480362182, -0.338325007917, -0.76963316352, 0.0834547704346, -0.93256171465, 0.351232045323, 0.836561007138, -0.125955696131, -0.533198690873,  
1241, 1034689.8011174847, 62.744238525165066, 106.11457127257506, 49.13612829542316, 47.37460502700735, -0.439015460468, 0.119446000831, -0.890504395472, 0.247437963531, 0.968870945569, 0.00797151401934, 0.863736001145, -0.216844976233, -0.454904799501,  
1259, 1823224.0374771066, 75.78509677999782, 148.2161447236024, 73.97390872139277, 39.69879723472442, -0.119013770249, -0.964804417946, -0.234495538556, -0.241515391039, -0.200950194603, 0.949362594155, -0.96307114918, 0.169621503355, -0.209099275984,  
1261, 3263129.0216246587, 92.0128633009193, 117.92115601367125, 114.33085200436881, 57.7817204141761, 0.783920641025, 0.502057968147, -0.365248169326, 0.558633097344, -0.313671116047, 0.767814752079, -0.270919713435, 0.805945548768, 0.526359460155,  
1263, 702738.0662666917, 55.152891990112714, 126.02076199317085, 92.4962082064803, 14.392586194948636, -0.135473744981, -0.924792187711, 0.355536600043, -0.292998133821, -0.305400267904, -0.906025810858, 0.946466564649, -0.226914269964, -0.22958866716,  
1270, 1541838.0305349238, 71.66658573939922, 122.39042551868852, 81.56940111085976, 36.870194271747714, 0.0610440728016, -0.99745401531, 0.036866088992, 0.729580228998, 0.0193834849666, -0.683620486795, 0.68116540622, 0.0686277484136, 0.728905975773,  
1276, 1098138.212120126, 64.00139864989617, 126.08881196751432, 78.30558084661999, 26.55211538143953, -0.0432695519533, -0.0438487767256, 0.998100711679, -0.959241868617, -0.277423013191, -0.0537727556006, 0.279253976457, -0.95974671478, -0.0300576130405,  
1279, 1817647.983410554, 75.70775881117281, 118.66084056135422, 80.23972943569083, 45.57474985421754, -0.899363870678, -0.266824906176, 0.346336682382, -0.0546355955482, 0.854550708099, 0.516486242785, -0.433773650443, 0.445586755561, -0.783130170182,  
1280, 1250224.6633863319, 66.8292341541476, 113.01372197337271, 55.225817559950514, 47.8218222355916, -0.585202532316, 0.311132698692, 0.748822034916, -0.129368488398, -0.947454920897, 0.292562757504, 0.800500962136, 0.0743344918165, 0.594703785885,  
1284, 1598722.445413872, 72.53731695895993, 129.029370124986, 98.65696288107216, 29.982520830181905, -0.423802705992, 0.58292482376, 0.693245927676, 0.810683183131, 0.585475829768, 0.00329079730407, -0.4039604473, 0.563397464143, -0.7206935926,  
1293, 1809440.7623828403, 75.5936391975173, 106.25759295515091, 91.03372646579928, 44.6574032310331, -0.649084705638, 0.598964987628, 0.468966937537, 0.742852184864, 0.366253198301, 0.560383106613, -0.163889219749, -0.712109217978, 0.682671799125,  
1322, 2303390.327067059, 81.92685995720942, 136.45266008295263, 82.59318015853657, 48.7924622162913, -0.972118105317, -0.0518932736942, 0.22867767154, -0.123580821472, 0.942161160244, -0.311544745889, -0.199284143574, -0.331118462597, -0.922304935392,  
1327, 2054145.8606792227, 78.8583265109971, 118.2006049383428, 78.39346105078617, 52.92283873648687, -0.908894329002, 0.118653505965, 0.399790500426, 0.171776830253, -0.76704354049, 0.618172247501, 0.380005025357, 0.630527995029, 0.676779600896,  
1351, 1947516.2798282816, 77.46951358822318, 110.05997305857973, 83.40340375362607, 50.649983755262625, -0.27802309028, -0.0614456397883, -0.958607111711, 0.937660494043, -0.234032383633, -0.256946767487, 0.208556848801, 0.970285152294, -0.122681555484,  
1362, 1422443.0390884576, 69.76679272835912, 113.04039874886664, 72.94303485481333, 41.18402280387366, 0.176957389201, 0.978171575565, 0.108933241778, -0.722702287304, 0.054006342804, 0.689046238551, 0.668122358803, -0.200658126409, 0.71648365646,  
1368, 2140041.015781969, 79.94251908010912, 126.95012300234781, 78.43266635382383, 51.310161601385175, -0.898527064066, -0.408904597244, -0.159518480102, -0.410163438531, 0.91162724883, -0.0264898637796, -0.156253220233, -0.0416267887787, 0.98683947105,  
1369, 380777.5209968679, 44.96358156788467, 115.18885472624103, 66.97804587104459, 11.782562712560972, -0.581898609598, 0.0454417344113, 0.811990798545, -0.770651716272, -0.349751613309, -0.532700423497, -0.259788260618, 0.935739738261, -0.238539728103,  
1380, 2041676.8994652508, 78.69844209976176, 121.07679688268625, 70.36341653785743, 57.21245237168035, -0.713954337526, -0.362461549652, -0.599074977738, -0.165056561125, -0.744352151231, 0.647067389525, -0.680459797164, 0.560857825105, 0.471606790093,  
1388, 327162.21225752163, 42.74560900795773, 156.35075994501082, 68.56345660989341, 7.285876847227271, 0.784681238668, -0.0188616325338, -0.619612453475, 0.21957695919, -0.926274465963, 0.306270424131, -0.579707954642, -0.376377274184, -0.722688615381,  
1392, 1475221.6672399463, 70.61921587606258, 122.66734312622232, 94.68216575640456, 30.322955655528776, -0.811018903552, 0.488127275681, 0.322459456083, 0.572822583371, 0.774554262586, 0.268216297586, 0.118838655586, -0.402240546249, 0.907788475853,  
1405, 1300729.2192916954, 67.71726807196825, 142.73902286765536, 90.44460979357564, 24.053200868750647, -0.730574616756, 0.422616505697, 0.536335732973, 0.678699355538, 0.535721692253, 0.502363865382, 0.0750194251078, -0.731025004745, 0.678214220062,  
1408, 415106.2278257661, 46.276113751504305, 94.58243743720037, 41.10081269789758, 25.49234155272022, -0.697589074509, -0.0545344403177, -0.714419679141, -0.657110571336, -0.348773802874, 0.668253343776, 0.285613690435, -0.935618955156, -0.207465637125,  
1423, 1471601.3307221767, 70.56139976163145, 79.46121173548373, 76.3208709731955, 57.92993766592633, 0.476610702636, -0.567930780201, 0.671041628391, 0.844483715006, 0.507906419836, -0.16993623445, -0.244314332821, 0.647677155371, 0.721681930762,  
1447, 3917341.2400310733, 97.79146038328683, 137.16152091496176, 109.30541921316745, 62.37762123875635, -0.806891494132, 0.542599827973, -0.233477072495, 0.590605049063, 0.733993839857, -0.335318831969, 0.0105732075827, 0.408458651194, 0.912715584148,  
1458, 2393427.431222753, 82.98072373355505, 143.8765656688344, 78.54702399284388, 50.56055787123247, 0.358781068901, -0.121100697857, 0.925532692873, -0.689384091981, 0.634116109757, 0.350208984852, 0.629305743119, 0.763695868999, -0.144023961035,  
1463, 2184622.699308104, 80.4938334629774, 126.44069632801866, 85.40187530457968, 48.298489240310936, -0.702843357799, -0.554095246789, -0.446082584153, -0.699906851147, 0.650673080656, 0.294541918624, -0.127049652168, -0.519233087924, 0.845136312253,  
1464, 1142334.3816667786, 64.84874061035784, 123.22315207159468, 69.62105980598969, 31.78862147506861, 0.14104372933, -0.523038599651, 0.840557725378, -0.711587174253, -0.643855039462, -0.281237233661, 0.688295256307, -0.558463348336, -0.462999275065,  
1466, 1587238.9978365724, 72.36322360217869, 123.42000758143773, 72.24410630839044, 42.497729149205455, 0.813308615782, 0.145704519873, -0.563293252564, 0.23169747643, 0.806955553674, 0.543266982074, 0.533709073289, -0.572357342299, 0.622544534796,  
1475, 3071261.5129030575, 90.17290534160358, 136.40724666460522, 105.55921886877891, 50.920724884892955, 0.300793645482, 0.932928864402, -0.197906333407, 0.596386769623, -0.34594064925, -0.724325816339, -0.744208306764, 0.0998438839446, -0.660443180737,  
1480, 527451.2774141327, 50.122329407692824, 119.28322504492611, 46.7896563245279, 22.561320307678578, -0.0759937542994, -0.784498178442, 0.615457193742, 0.0783093398851, 0.610639883202, 0.788027017512, -0.994028468704, 0.10808117812, 0.0150287172453,  
1485, 3202600.181255399, 91.44038336928229, 107.48383317298925, 103.66957416281831, 68.61509260080058, 0.0477209672187, 0.13635161357, 0.989510458138, 0.48481521246, -0.869287326843, 0.0964041137974, 0.873313757509, 0.475129225439, -0.10758856853,  
1496, 836126.3952784381, 58.442363988950156, 109.57106462424099, 60.76660413855397, 29.979368190271448, 0.0826669596248, 0.587973642953, 0.804644747065, -0.629253327237, -0.595305205294, 0.499651841497, 0.772791319793, -0.547630082942, 0.320772299785,  
1499, 1012013.3106355008, 62.28247635074081, 105.35169537219723, 62.721292975301566, 36.56293782035306, 0.134645474551, -0.0130877825418, 0.990807401129, -0.597671349538, -0.7986203954, 0.0706712246354, 0.790354068835, -0.601692757143, -0.115352814779,  
1503, 2583302.9300648905, 85.11946966160113, 130.01449007238017, 99.75704910514759, 47.550093624100406, -0.958204160616, -0.281887974776, -0.0488257744949, 0.0205808783789, -0.238147931332, 0.971010808512, -0.285344027489, 0.929421719393, 0.23399584077,  
1509, 1958769.4832535647, 77.61843942053079, 118.82800803337784, 93.99656297479018, 41.86623716763484, -0.0464735522053, -0.856231822615, 0.514497108726, 0.433854753318, -0.481239368052, -0.76169463938, 0.89978345282, 0.187818360601, 0.393845149078,  
1510, 847290.4403023351, 58.70132430215672, 112.97749482572407, 92.0872990356131, 19.44249614967501, 0.126857519142, -0.580208068004, 0.804528288912, -0.104213411971, 0.798796290589, 0.592506583007, 0.986431312663, 0.15900655321, -0.0408678533039,  
1520, 1852980.7018831247, 76.19516765865934, 110.11364749836132, 74.4748506110054, 53.94255306460404, -0.925185999706, 0.379492743158, -0.00401545006572, -0.0786682928359, -0.181417540153, 0.980254546446, 0.37127101375, 0.907233671121, 0.197699014498,  
1529, 1962347.3801281354, 77.66567006819488, 105.79145251150474, 73.69198575681555, 60.091969901486365, -0.826066487649, -0.0462015422141, 0.56167568532, 0.518082307302, -0.454528753705, 0.724564928019, -0.221821732126, -0.889533040169, -0.3994071727,  
1532, 2570509.449948901, 84.97872260206566, 111.7899231049893, 83.3173931083603, 65.88586697673115, 0.675745423033, 0.536322954628, -0.505693396822, 0.560488261197, 0.0717378922961, 0.825049443288, -0.478770333574, 0.840958597761, 0.252126167902,  
1536, 480714.88106765464, 48.59590253600491, 117.165760791089, 80.75993336756433, 12.128365832851275, -0.153546968878, 0.988108347234, -0.00807604331006, 0.922988926953, 0.146336739849, 0.355917124192, 0.352866503186, 0.0471958970428, -0.934482625965,  
1540, 3610476.5054939515, 95.16822544583, 151.74664142474685, 86.92898168305342, 65.34197152691513, 0.461157546535, -0.150311682458, 0.874494205464, -0.629889209952, 0.638687809352, 0.441947355882, -0.624958639, -0.754641822523, 0.199855996252,  
1545, 1535359.485313974, 71.5660678236518, 120.06571204327814, 60.716464658061696, 50.28008351380298, 0.522654736953, -0.744114578104, -0.416083550017, -0.635648952499, -0.0148864363584, -0.771834699401, -0.568139450423, -0.667886134507, 0.48077611859,  
1555, 2188174.689998625, 80.53743497075835, 103.74981477776022, 80.19343206413247, 62.786641142203706, 0.900919042528, -0.388268204285, -0.193888319279, 0.280707115357, 0.180612860991, 0.942646545547, -0.330980957457, -0.903674054063, 0.271707213402,  
1558, 3345512.7119340934, 92.78078123059234, 118.10796171674761, 89.56694700142877, 75.50003091940309, -0.26006007471, -0.0461940054435, 0.964486843561, -0.965530367767, 0.00111498983758, -0.260288043746, -0.0109483542807, 0.998931864873, 0.044891679405,  
1559, 2037968.6576588647, 78.65076728331785, 101.31397580979142, 87.30517412841162, 55.004668289543446, 0.362600058368, -0.803571043375, 0.472011415032, -0.801597337036, -0.0105836218662, 0.597770605002, -0.475355558428, -0.595114749605, -0.647978030395,  
1561, 347080.96743367263, 43.59607556460307, 135.13217114907636, 49.95938893759239, 12.273440389570077, 0.0595157715035, 0.521630729929, -0.851092976435, 0.902497421495, 0.336217719794, 0.269176613196, -0.426563333091, 0.78412947049, 0.450760131746,  
1565, 2050071.7612429073, 78.80615733354192, 117.39726645777027, 78.08459705231373, 53.38965272595065, -0.147403704425, 0.896241405356, -0.418358089737, 0.898132572271, 0.298454908293, 0.322928088499, 0.414282549171, -0.328140230758, -0.848936957854,  
1571, 2393175.3882814334, 82.97781083417031, 125.87282167067207, 91.32728301130724, 49.699659481804495, 0.377756657069, -0.911995015031, -0.159890589459, -0.861600170702, -0.283008519837, -0.4213683941, -0.339035475852, -0.296936475122, 0.892683413006,  
1581, 852313.1283052748, 58.817088523199494, 99.46113512542432, 68.61018801513161, 29.817315992450325, 0.819576703001, -0.475901121132, -0.319080163599, -0.33232575826, -0.848475685538, 0.411884208786, -0.46674791729, -0.231532144542, -0.853545105867,  
1582, 616494.562038866, 52.79752286533417, 96.57649598802053, 66.10059456686699, 23.054931209778534, 0.625648185869, 0.347077962576, 0.698642423142, 0.685674821976, 0.182445980046, -0.704672621061, 0.372040839193, -0.919918666111, 0.123835623766,  
1591, 1038651.5148362856, 62.82421680410119, 123.920544797129, 51.13435879178272, 39.13137613951602, 0.354823612808, 0.82409403359, -0.441553199055, 0.660225481745, 0.113532928025, 0.742436924936, 0.661968667724, -0.55495882555, -0.503803716636,  
1596, 236797.3661277025, 38.37921486989004, 70.84098231208716, 49.781340310580916, 16.030131984029566, -0.365866345395, -0.619482642848, 0.694538028129, -0.142380147409, 0.774751812255, 0.616025586345, 0.919711754264, -0.126494603119, 0.371657644144,  
1598, 2706981.0562618207, 86.45674266633817, 142.36764595769938, 74.45036479321007, 60.97031982053352, -0.51226130884, -0.750206250653, -0.418065704103, -0.834329767522, 0.319264955165, 0.449403746569, 0.203671771466, -0.579016813128, 0.789466490501,  
1600, 2153496.52239373, 80.10971533310016, 121.56985445110438, 68.56996416522045, 61.67309537452179, -0.681574233342, 0.0462448774702, 0.730286228648, -0.322856925619, -0.91461345658, -0.243404253501, 0.656673411997, -0.401676034075, 0.638307444438,  
1604, 1244560.7816964127, 66.72816274383548, 93.52224835403571, 73.24508611221147, 43.3744588190991, 0.816782268203, 0.457194784897, -0.351908589002, -0.250653169043, 0.830577384971, 0.497306943873, -0.519653456833, 0.317984490563, -0.792998202118,  
1605, 1311597.8973630192, 67.90535658986671, 97.28236602556427, 69.67192964323137, 46.19767708366886, 0.628615639725, -0.77643979316, 0.0445379062198, -0.731248262285, -0.609584996711, -0.30607533499, -0.264798709207, -0.15983547598, 0.950964912192,  
1613, 1059277.7596341618, 63.23736251901634, 150.466005413143, 45.9976280966655, 36.538222471120356, -0.267143080527, -0.954498159615, -0.1325437204, -0.879959493697, 0.29768898084, -0.370206104947, -0.392817850893, -0.0177351057903, 0.91944526865,  
1615, 1424960.3862545595, 69.8079247175561, 119.1873622946724, 70.27947429644324, 40.61210206967149, 0.770600734772, -0.611646199508, -0.179062654384, -0.540159861946, -0.477704239901, -0.69283907419, -0.338233397392, -0.630624758321, 0.698505964957,  
1617, 459347.121535414, 47.864933879294185, 110.39168745209764, 50.09637034801963, 19.829408379733714, -0.576636840328, 0.00311324655552, -0.816994652414, -0.0942199959422, -0.993574090512, 0.0627145838586, -0.811549472763, 0.113140772314, 0.573224754262,  
1618, 2982265.9626017474, 89.293378284915, 114.97181019545734, 83.16551140128442, 74.46001696801656, -0.995935398118, -0.0690846343797, -0.0577926990876, -0.0715015145532, 0.996603593323, 0.0408510855809, -0.0547742292671, -0.0448173076965, 0.997492452472,  
1630, 1677328.00032546, 73.70718004025929, 117.38449908488624, 92.88680251177843, 36.72523837352213, -0.10879124288, -0.52981103031, 0.841109230502, -0.76462652858, -0.496092938174, -0.411385547249, 0.635224950127, -0.687889576063, -0.351137001581,  
1638, 3351833.556563111, 92.83917626119917, 118.68500025068725, 98.24768160379871, 68.62394633633463, -0.422821212616, -0.416857015818, 0.804644300623, 0.669558330319, 0.454634366072, 0.587366355426, -0.610666737642, 0.787107249077, 0.0868810335339,  
1642, 1832546.1862181956, 75.91404039139063, 111.8627508189521, 92.45605433736121, 42.3004969396534, -0.120813573026, -0.863330637637, 0.489963560573, -0.179862724248, -0.466371336633, -0.866110372177, 0.976244580522, -0.192764069484, -0.0989370128764,  
1645, 1054476.2461800743, 63.1416699658833, 109.85391834993356, 64.477347890233, 35.54065879894025, -0.963030276379, 0.0723109360377, -0.259506869479, 0.245708083974, 0.63073674711, -0.736069761174, -0.110454625289, 0.772620401215, 0.625185965436,  
1646, 1254393.3516372049, 66.90342913271002, 121.67706017450165, 65.2527387093838, 37.71704691218857, -0.894619276777, -0.198538172211, 0.400298568314, -0.423891887278, 0.0937554146949, -0.900847151361, -0.141322388599, 0.975598542634, 0.168034121804,  
1648, 1779696.4785539282, 75.17713613141163, 127.72409964536617, 70.06956952633111, 47.4739133169344, -0.632324741646, -0.0703115999759, 0.771506124416, -0.0659819744057, 0.997142119455, 0.0367963675264, -0.771888463547, -0.0276382437655, -0.635156931258,  
1652, 1440944.6449129914, 70.06797440926559, 105.6477963762575, 74.67702771568355, 43.60248298391871, 0.621756935793, -0.700045659848, 0.351218431922, -0.395900224037, 0.106009651401, 0.912154025599, -0.675782010267, -0.706185547811, -0.211235997551,  
1654, 1935581.1001062952, 77.31093419896722, 98.00878998266447, 84.91480302923677, 55.52317972780043, -0.793663125641, 0.343878475673, 0.501843040169, 0.608093992087, 0.472706290126, 0.637785590981, 0.0179036249108, -0.811354643325, 0.584279986796,  
1658, 1591932.250436016, 72.43447619881789, 116.30339561240552, 76.12695732119217, 42.92448616470304, -0.726000731724, 0.491635816777, -0.480850456169, 0.67467455658, 0.373781970966, -0.636475671872, 0.133181005553, 0.786499371801, 0.603060161109,  
1659, 3539510.50919128, 94.54056619901347, 136.98407533893803, 82.66846765069474, 74.61817565199277, -0.303068486992, 0.500615759522, 0.810884303406, -0.00358851525858, -0.851496812352, 0.524347500341, 0.952962021673, 0.15600333289, 0.259858317889,  
1661, 2996135.787017497, 89.43159180813738, 136.55352031811287, 87.74987382676082, 59.69301038505462, -0.645713863048, 0.209051307489, -0.734405309012, 0.755367830519, 0.315555076203, -0.574320846304, -0.111682799411, 0.925593077286, 0.361668919864,  
1662, 696042.059353957, 54.97715872689408, 132.30847378342486, 48.55633942671099, 25.86504721868487, 0.933001341698, -0.305281482044, 0.190556325298, -0.178624320476, 0.0668299716545, 0.981645102378, -0.312412945513, -0.949914191709, 0.00782175593533,  
1664, 1671736.172847091, 73.62518123062915, 106.11957346618729, 76.02205257927702, 49.4702429801786, -0.182562887932, 0.953349650371, -0.240406397769, 0.572160992027, 0.301863661831, 0.762568114248, 0.799564000661, 0.00166547414539, -0.60057858357,  
1668, 1667081.591478134, 73.55678667817348, 131.08751088209365, 103.66966634175733, 29.28567434615331, -0.997390598466, -0.00822946007175, -0.0717235671049, -0.0454051705421, 0.843898342613, 0.534578299057, 0.0561281086388, 0.53643999042, -0.842069933022,  
1676, 1161299.3341467094, 65.20564410332285, 113.6791532215634, 89.61023219731356, 27.215551234924458, -0.753999361993, 0.286741678091, -0.590985763077, 0.64896519555, 0.185973967743, -0.737738339987, 0.101632362361, 0.93978342897, 0.32630962222,  
