# Void_ID, Void_Volume, r = (a*b*c)**(1/3.0), a, b, c, vector_a, vector_b, vector_c 

0, 1636148.3235254313, 73.09898625058801, 112.69505416382722, 101.07127128846983, 34.29268398828076, -0.107539299393, -0.644128461273, 0.757320159816, -0.982160830663, -0.0493597884979, -0.18144892943, 0.154257582627, -0.763323087989, -0.627329627504,  
44, 2150007.1553839436, 80.06642398361627, 101.14385670619541, 88.25660893217322, 57.499563751581924, -0.122485532943, 0.768905486725, 0.627520236092, 0.971066257423, -0.0377572924164, 0.235806510859, 0.205006385056, 0.638246613273, -0.742033451222,  
67, 2021400.2376905286, 78.43704689219429, 101.47282130965937, 92.44762233357267, 51.44204460593223, -0.825771522939, -0.383908824588, 0.413177209325, 0.491421706606, -0.849255565991, 0.193053593362, -0.27677806665, -0.362462409137, -0.889952191853,  
117, 824828.9953212928, 58.177953029550466, 101.7386260372433, 84.79086918307463, 22.826554063850317, 0.202516518344, 0.895742889225, 0.395767275302, -0.714059080468, -0.141496012915, 0.685637300568, 0.670154228069, -0.42145409564, 0.610958063921,  
125, 1968373.4714448953, 77.74508892568969, 135.86732394076077, 87.33449950929968, 39.602083633798486, -0.609042061668, -0.542050530415, -0.579006899438, -0.776356045325, 0.5568056397, 0.295362100626, -0.162293123723, -0.629403449367, 0.75994226091,  
130, 658576.8400151313, 53.972509926620624, 100.2714156009263, 67.95214639873325, 23.07477734572231, 0.492202567327, 0.853383786796, -0.171676280102, 0.715302799209, -0.508905570195, -0.478912336516, 0.496063038494, -0.112921357844, 0.860912439673,  
169, 825109.1743667318, 58.18453960614448, 81.73306508589765, 71.88940839639976, 33.52433033074878, 0.438074945267, 0.256767254545, 0.861487619947, 0.8584403143, 0.164914547994, -0.485678307776, -0.266778127126, 0.95229920133, -0.148174431108,  
194, 2106056.7872952246, 79.51709201986762, 105.28080038239935, 77.93134999405078, 61.280188207974874, -0.523327449559, 0.252648740856, -0.813816314829, -0.0778677549397, 0.936861450595, 0.340921156764, 0.848566434217, 0.241783448839, -0.470612123291,  
242, 2178664.4023380536, 80.42058773365643, 145.36416240452448, 83.87901668519739, 42.657072527197364, -0.489064517648, -0.201026048322, 0.848766413964, 0.225854307383, 0.910707365088, 0.345835115352, -0.842499691047, 0.360833234432, -0.399992059315,  
243, 1927869.271238381, 77.20812230693085, 107.98259267065743, 76.16774533147711, 55.95824958491108, 0.158297331843, -0.915262676833, 0.370454028361, 0.752371895593, -0.131161950861, -0.645548660729, 0.639436068308, 0.380907830116, 0.667855328273,  
262, 1924680.9271133316, 77.16553610459714, 152.34299379422472, 68.24568337765994, 44.194931026856, -0.99596309837, 0.0824107979458, 0.0355804309486, 0.0817645725053, 0.996465689631, -0.0192531574384, 0.0370413467301, 0.0162662156097, 0.999181339328,  
276, 673244.0078118332, 54.3702457252026, 138.59944530335432, 54.18624677520889, 21.400963419640508, 0.648183607563, 0.65773178946, -0.383727643024, 0.610364061457, -0.750071352413, -0.254654037413, 0.455317167882, 0.0691509900384, 0.887639801501,  
291, 1148905.9037378768, 64.97285498421311, 104.19544125442395, 85.69336620456983, 30.718494726676354, 0.973512778445, -0.171712563661, 0.150955840182, -0.00667142145498, 0.638639262723, 0.769477344855, 0.228535254041, 0.750103117971, -0.620577916196,  
308, 1347979.9129744815, 68.52750769819006, 116.29701470217815, 70.24663068768764, 39.39133920903754, -0.972990146726, 0.0238649404916, -0.229609753689, 0.0180874119771, 0.999465420607, 0.0272345100863, 0.230136959008, 0.0223458637559, -0.972901661254,  
318, 1151954.3705429526, 65.0302698014776, 143.35351437451638, 57.468408176935284, 33.38175423650956, -0.895031565263, 0.148486531863, 0.42055944531, -0.119669128854, -0.988328198586, 0.0942691438292, 0.42964845721, 0.034045876906, 0.902354188488,  
332, 783818.4792099774, 57.19731333041318, 107.09579741453322, 85.01631738486483, 20.551909132392478, 0.303857716445, -0.620446614799, 0.722991345966, 0.731732933762, 0.637960495635, 0.239944409514, -0.610112614035, 0.456127618319, 0.647850441075,  
352, 1640589.5012665433, 73.16506670871752, 131.262288157576, 93.34871620605472, 31.964138111326218, -0.930194248034, 0.0853765936805, 0.357000697725, -0.339225505187, -0.571497102942, -0.747206208459, -0.140230943643, 0.816150659241, -0.560565236047,  
372, 1250514.6038189817, 66.83439989220854, 121.56439265451756, 60.314475247733704, 40.716667009018835, -0.725940844804, -0.680387682659, -0.100411608546, -0.68623389952, 0.70686005598, 0.171557268601, 0.045748497189, -0.19344627819, 0.980043678853,  
404, 1609149.0119375258, 72.69466695482703, 118.81969219909796, 73.67068189109588, 43.885852682655404, 0.182126990957, -0.344598612011, 0.920913435544, -0.387172747055, 0.835782408906, 0.389313535471, -0.903840153513, -0.427457087394, 0.0187993439855,  
419, 325045.24256870535, 42.65321137321454, 104.76886873923799, 42.663059479324104, 17.360848751612068, 0.0995093105829, 0.248717569551, 0.963450812291, -0.597986588453, 0.788848439512, -0.141880863788, -0.79530493343, -0.562012197444, 0.227227535275,  
440, 5152244.250755388, 107.14435086170363, 125.37230690356044, 110.3261617411951, 88.92578498303428, -0.210625440472, 0.850199382965, 0.482491381304, 0.87764235361, -0.0529262566966, 0.476385044372, 0.43055873348, 0.523793681289, -0.735023371374,  
450, 833495.9750313465, 58.38101382781979, 118.58868871386632, 43.78663569103657, 38.32040169299606, -0.35763842131, 0.917302516336, 0.175073850493, -0.198127916717, -0.257736771257, 0.945683395941, 0.912600727712, 0.303525699514, 0.273919808547,  
451, 1617277.3122494968, 72.81686238249235, 119.27263206165267, 65.72746903423337, 49.25021972633048, -0.803045342098, -0.0301679373321, 0.595153823891, 0.549311265991, -0.424666249126, 0.719663608854, -0.231030975393, -0.904847209429, -0.357597841155,  
481, 2856190.4094111454, 88.01692310141209, 146.85936633072745, 92.4609220336322, 50.21560243554577, -0.452655052532, -0.409233101421, 0.792232082233, 0.121862704768, 0.851738048443, 0.509599625217, -0.883319242745, 0.327216389468, -0.335673278441,  
487, 296090.82664006774, 41.34713744251755, 83.93251421640308, 34.14164195354599, 24.667305183360664, -0.639560008605, 0.537663825248, 0.549436626385, 0.259548610352, -0.521728130664, 0.812671075244, 0.723600382986, 0.66235743273, 0.194126549058,  
527, 251550.49294793524, 39.1602559019254, 91.34972484566332, 39.202520514102446, 16.769315246822845, -0.276266699612, 0.955192403006, 0.106227039516, 0.961007890369, 0.275916504659, 0.0182733988287, 0.0118551817054, -0.107133354731, 0.994173978221,  
548, 2372741.144797118, 82.74096543092008, 127.24798463324029, 90.6469256791212, 49.108623352953714, 0.0681048559359, -0.51802132442, 0.852652119005, -0.178731616073, -0.847145308672, -0.500399675671, 0.981537945275, -0.118316243356, -0.150281497678,  
557, 3385571.9682552987, 93.14963274225741, 116.28758453705416, 103.96239174582989, 66.8549901143212, 0.551760461842, 0.833993926258, -0.00381099900158, 0.643876291784, -0.428876322121, -0.633631139704, -0.530078969236, 0.347158798375, -0.773625914176,  
564, 407964.2587994105, 46.00918099499604, 119.35061776680365, 65.88776091530391, 12.385230316992113, 0.726395212415, 0.577521712773, 0.372583771328, 0.586591918444, -0.803462453328, 0.101774295914, -0.358133936674, -0.144626267906, 0.922400848891,  
600, 1683269.2849117147, 73.79410386577017, 160.73449049499717, 58.58923987364872, 42.671513602372094, 0.372769573547, -0.0637471505412, 0.92573168134, -0.521166891066, 0.811038256625, 0.265710402407, -0.767742089959, -0.581509455717, 0.26910748079,  
608, 1203671.5215994786, 65.98923981165659, 122.79609633765777, 70.04259563691812, 33.40970057618849, 0.241301209974, 0.509670694791, -0.825838670042, -0.703937743332, 0.677706988602, 0.21256738017, -0.668016002486, -0.53004624371, -0.522307955091,  
617, 926025.2705147684, 60.46602366530974, 122.94019638277682, 56.722178956510994, 31.70205542096532, 0.797562856178, -0.429776319897, -0.423303443526, -0.419997174715, 0.108080499371, -0.901066578499, -0.433007925651, -0.896443484282, 0.0943038483403,  
667, 1284792.398985862, 67.43956853528265, 123.88922541490473, 94.10478358030231, 26.308683202127746, 0.855992646245, -0.227932818715, 0.464029330676, 0.0510736159806, 0.930455541597, 0.362827742685, 0.514459012289, 0.286878223753, -0.808104454517,  
668, 184911.12962568065, 35.34202915457419, 120.43788427958253, 69.59017866135882, 5.267000665612914, 0.361783948183, -0.922948227094, -0.131449400688, -0.649295111313, -0.350634941654, 0.674885913408, -0.668975510212, -0.158813437074, -0.726119865409,  
675, 1354864.093497398, 68.6439671273638, 128.2788990404671, 92.21146766190317, 27.344309791044846, 0.259319322452, -0.256886835149, 0.931000882346, 0.843852076193, 0.529136116849, -0.0890429298186, -0.469752235235, 0.808717579735, 0.353989708494,  
700, 657218.6649704163, 53.935382107543326, 122.90747993480136, 46.45088293971126, 27.48204155636092, -0.697915138275, 0.323272770749, -0.639068991157, 0.651462017427, -0.0841231845796, -0.754003003751, 0.297509158878, 0.942559284877, 0.151889087413,  
715, 1885702.3542397418, 76.6410615197665, 135.5591885677131, 81.27923431358482, 40.85789327679345, 0.384070451251, -0.679533945411, -0.62507879944, -0.421111966135, -0.731409260555, 0.536381585769, -0.821677917711, 0.0572198445327, -0.567072560558,  
716, 1953302.7313257034, 77.54616341300527, 119.50137560042597, 84.47168198521634, 46.19520531019075, 0.0978286856131, -0.535212169281, 0.839033659709, -0.414683024668, -0.788324052221, -0.454514221716, 0.904691957145, -0.303468486903, -0.299064107062,  
718, 1427655.4055765197, 69.85190610979255, 97.13706183976528, 78.33306999326649, 44.79243521489683, -0.60934362259, 0.031524598134, 0.792279337937, 0.654991484266, 0.58314302952, 0.48055214354, -0.446862960143, 0.811757603497, -0.375982829418,  
724, 1999525.9918177063, 78.15308900334693, 99.04750370558584, 88.59937603620081, 54.39565952178676, -0.00141624863553, 0.881450249129, 0.47227476383, 0.206420312886, -0.461846335155, 0.862605713598, 0.978462390012, 0.0987087686826, -0.181295146976,  
730, 2128394.004538725, 79.79722814580869, 127.45278896936485, 80.92624097588032, 49.26343678333789, -0.159939085704, 0.187959520909, 0.969066926153, 0.969548985779, -0.154526334579, 0.189990463174, -0.185456876495, -0.969944756376, 0.157521162195,  
749, 1151408.7599359942, 65.02000122107756, 100.42863012638632, 88.63244987694344, 30.88094823412643, -0.821606697143, -0.10250949698, -0.560762194017, -0.00613774715592, -0.982051032383, 0.188515510915, 0.570021721752, -0.158327422845, -0.806230527769,  
752, 1546527.6802449473, 71.73917248321078, 117.35156613903322, 76.24677540853432, 41.26280208998202, -0.662282756403, -0.258425568698, 0.703276457742, -0.739280747008, 0.0727485997088, -0.669456210923, -0.121842224517, 0.963288049694, 0.239229190613,  
754, 3347503.3504562625, 92.79917964396824, 132.0443075229714, 97.0972080785949, 62.331271367941255, -0.642934068222, -0.590743661101, -0.487501498242, -0.750757119677, 0.360039357524, 0.553836987107, 0.151655963198, -0.722075887911, 0.674986578328,  
756, 69276.14693001063, 25.47798270400582, 100.6261357044746, 64.90377772500331, 2.532295275274105, 0.716303293419, -0.491795984848, -0.49502151582, 0.13656255456, -0.5968939401, 0.790612606125, -0.684295448275, -0.633919816348, -0.360396179102,  
762, 1462207.9574402992, 70.41094577772554, 99.76847320283078, 85.37614983574873, 40.981763420235524, -0.761396745436, -0.330472404393, 0.557730208949, -0.648272088642, 0.393799751373, -0.651663298726, 0.00427728043295, 0.857735242224, 0.514073884883,  
782, 1504351.0414771647, 71.08099970775945, 100.24668492278794, 78.89599651264685, 45.40833690126971, 0.0156671204873, 0.543288473842, 0.839399890116, 0.859441154477, -0.436351248133, 0.266380348832, 0.510994562913, 0.717241397609, -0.473760840752,  
788, 1762377.410119795, 74.93247935677225, 120.72971491082885, 90.09785398900756, 38.67957435328022, 0.10425972852, 0.338022256223, 0.93534531768, -0.986174888548, -0.0866579701904, 0.141242647245, 0.128798284954, -0.937139984474, 0.324314124411,  
812, 2729430.750360852, 86.6950877000174, 104.89092799294622, 90.09602599422495, 68.95089499518622, -0.375564709715, 0.866215626866, 0.329577967392, 0.256372635235, -0.244634776863, 0.935107960533, -0.890631360732, -0.435688321765, 0.130197793982,  
868, 185414.53967137286, 35.374072315783565, 106.73541432987467, 55.41322296327976, 7.4839904938151625, 0.786242361521, 0.607958569811, 0.110495820482, 0.30021183636, -0.532130499996, 0.79165016534, 0.540088698511, -0.589256742318, -0.600899899628,  
871, 1110402.852038215, 64.23878523293357, 112.62055114870313, 73.51225607871032, 32.01950100286455, -0.700146552166, 0.248875968146, -0.669220111749, 0.0731672255324, 0.957358702645, 0.279483222354, 0.710240355512, 0.146714235672, -0.688500958934,  
873, 2048506.5577007837, 78.78609639653617, 143.31913816229715, 82.51827323509373, 41.351801071657206, 0.447726067726, -0.217398761234, -0.867340271688, 0.717323502573, 0.66643742682, 0.203244062127, -0.533843011506, 0.713161226335, -0.454326649359,  
886, 287579.4611023409, 40.94709399458903, 95.18187134547348, 41.387514269156135, 17.4279246529052, 0.131223121001, 0.521080832743, -0.843359507128, -0.312552043485, 0.829074726246, 0.463623034818, 0.94079312956, 0.202755675748, 0.271658652216,  
894, 1624449.5780946952, 72.92434585673765, 121.1675066894969, 63.36361351507401, 50.51164574241528, 0.218348124154, 0.083642973721, 0.972279769215, -0.882768068945, 0.441632578585, 0.160253555289, 0.415986337671, 0.893288597531, -0.170266991492,  
899, 1395144.2973150006, 69.31759819558026, 103.20175562563095, 67.32079805440367, 47.939574814560416, 0.292979529999, -0.296033875307, -0.909135270283, 0.852376300996, 0.511636089094, 0.108088638796, -0.433148515525, 0.806593117381, -0.402231160517,  
902, 3324880.0824721865, 92.58965353870654, 129.14886616985314, 108.10792533596204, 56.851148970428795, -0.149245838509, -0.927138452458, 0.343714954084, -0.283685532782, -0.292846708424, -0.913106414311, 0.947231860833, -0.233784292326, -0.219309613295,  
917, 2414846.67936416, 83.22752584947929, 130.06041792863883, 87.40568513917827, 50.7126291000151, 0.76918805134, 0.603413339204, -0.210338022589, -0.215900876306, 0.555197377402, 0.803207746312, 0.601445386786, -0.57240563781, 0.557328657542,  
920, 1438811.0081528313, 70.03337362237701, 98.31076574584009, 89.3302290931466, 39.11250358584365, -0.514043839701, -0.211208706541, -0.831354204384, -0.850698316718, 0.00138674309556, 0.525652404995, 0.109869489846, -0.977440002877, 0.180387737876,  
928, 1231861.540738347, 66.50042625991371, 90.10855714007398, 67.64426382804619, 48.24766243455185, -0.697738903626, -0.679634785067, -0.226400047026, -0.132020122078, -0.188633393694, 0.973133151295, -0.704081749325, 0.708882219914, 0.0418913900105,  
943, 1219223.8429169424, 66.27223429360235, 138.15180337743516, 77.26793916249099, 27.2670999550404, 0.331677321427, -0.671603762313, -0.662524370041, -0.812122079005, 0.154091467935, -0.562773087756, -0.480049875787, -0.724709739107, 0.494315598378,  
966, 2039172.135409943, 78.66624606611597, 101.49398045041646, 78.00511665346247, 61.4896332585828, -0.063055125705, 0.273703488585, -0.959744992932, -0.996000330973, -0.0782561847695, 0.0431197199274, 0.0633039637276, -0.958625249971, -0.277543218787,  
981, 1391324.0126490751, 69.25427020952472, 113.73168142064466, 97.69653125433918, 29.89365838487467, -0.588613939523, -0.808373123311, 0.00815620669037, 0.784944901419, -0.56908319453, 0.244960852874, -0.193378209568, 0.150589545496, 0.969498662635,  
987, 1772324.541939551, 75.07319180403002, 104.72525643972791, 80.41015433923666, 50.244937905542905, -0.283874730106, 0.676930392952, 0.679102628993, -0.781940178122, 0.246479508337, -0.572553412189, -0.554963688403, -0.693551076034, 0.459349768135,  
1014, 3615994.322957952, 95.21668198722831, 128.33321307598584, 103.13429010711822, 65.2224305872001, -0.992101453071, 0.0851091374325, -0.0921473903059, -0.0729080173282, 0.206533096539, 0.975719478663, 0.102074129063, 0.974730996101, -0.198696646717,  
1018, 2738760.274463481, 86.79375346314542, 134.00100852494495, 115.38407744735804, 42.28744651773301, -0.123516972666, 0.983008110655, 0.135788850239, 0.60388218616, -0.0341246120316, 0.796342775501, 0.787445149012, 0.180362316573, -0.589406118104,  
1042, 1007626.1346581107, 62.19234578902646, 122.98186324692064, 101.47023532964775, 19.276628501571537, -0.766383854678, 0.390769597425, 0.509857734096, -0.338615235056, -0.92022066929, 0.196299878756, -0.545889649908, 0.022204538722, -0.83756280277,  
1052, 2543186.5872447053, 84.67655973306371, 106.3773380385021, 81.81142018478575, 69.76322758438216, -0.33963437376, -0.858372638915, 0.384506053168, -0.935607504454, 0.266439894773, -0.231621199555, -0.0963695479451, 0.438413269912, 0.893592029393,  
1054, 1721617.1838461591, 74.35028880578507, 133.11542312831463, 83.8587629624408, 36.818928950217824, -0.0726919818468, 0.677287390216, 0.732118615273, -0.87579368861, -0.394555924651, 0.278048624008, 0.477180564111, -0.620972957041, 0.621845073839,  
1055, 2852499.124087488, 87.97898963137125, 115.7651866248417, 98.69863609987681, 59.60020903392755, 0.822019447999, 0.0182599587254, 0.569166584594, -0.436738466221, -0.621179381777, 0.650688625825, -0.365436094597, 0.7834556462, 0.50264670615,  
1060, 1211828.7657046744, 66.13797333050343, 102.85435376336166, 71.48757421775122, 39.345893105815826, 0.755252333294, 0.440766865138, -0.485096365323, -0.295158868216, 0.889539065572, 0.348714056691, 0.58521376912, -0.120186610804, 0.801922703891,  
1065, 990722.1558012067, 61.84260218623528, 114.96638615856271, 62.06923611914065, 33.14484446916905, 0.437542729991, -0.887415010644, -0.145089483822, -0.571130824925, -0.39889388283, 0.717421250774, -0.694525694451, -0.231037376034, -0.68136318555,  
1067, 1569379.1416743407, 72.09078517009763, 101.93205002409361, 77.0772066128951, 47.687278862203186, 0.0825251487642, -0.259045750376, 0.962333049954, -0.980277901473, -0.195089485875, 0.0315488254216, 0.179568470801, -0.945957394238, -0.270036613408,  
1074, 537439.9478925514, 50.43675204263157, 90.02293927261779, 76.0272953836194, 18.74643133192445, 0.200145635184, -0.9782177789, -0.0550608913924, -0.0104856841816, -0.0583333939779, 0.998242087659, 0.979710046465, 0.199216445584, 0.0219324568805,  
1079, 2054469.017678634, 78.86246160909674, 116.30804814885757, 74.7851221608223, 56.387911831774595, 0.0788742551179, -0.422268772556, 0.903032632635, 0.569765081241, -0.724221989915, -0.388420212557, 0.818013816557, 0.545152816234, 0.183471531506,  
1083, 1480430.2846901473, 70.70223084114797, 117.28538776705487, 78.50854735159203, 38.382963386185935, 0.295866687659, 0.88082398283, -0.369610625395, 0.598486390906, 0.130640775771, 0.790409405059, 0.744497779066, -0.455062741803, -0.488508912907,  
1086, 2070968.103397292, 79.07300925490391, 96.1976010210611, 90.85683717380765, 56.566973657615186, 0.201788117467, 0.974709383072, 0.0960373583593, -0.965384394909, 0.181390136566, 0.187431556634, 0.165271067387, -0.130534428055, 0.977571602174,  
1090, 3566632.1757927467, 94.78142589555574, 139.04017140873532, 93.12849256106024, 65.75773506758223, 0.199429575429, 0.675670607897, 0.709716192621, 0.887783199863, 0.182009949456, -0.422745039403, 0.414811806106, -0.714381976203, 0.563550847388,  
1102, 2407633.292106441, 83.1445735659624, 116.62603234968088, 88.6636016070893, 55.58541607305429, 0.708611626413, 0.276728131005, -0.649069414179, 0.64979747349, -0.614465938662, 0.447431395491, 0.275014193013, 0.73881875432, 0.615234948541,  
1108, 2875218.404692507, 88.2119474649705, 117.76031192114544, 81.88141819915717, 71.18654693414179, -0.709443840425, -0.497330625853, 0.499351265014, 0.077982560656, 0.648792321352, 0.756959208933, -0.700434263522, 0.575960738543, -0.421498600402,  
1113, 2537334.1103647635, 84.61155621386159, 135.5946710131961, 78.61241453631759, 56.82707351335368, 0.248695163481, 0.798582514751, 0.548102803127, 0.868670924894, -0.434206136314, 0.23848659382, -0.428440824276, -0.416810506491, 0.801690377747,  
1120, 1683354.3869906485, 73.79534746275468, 143.67706800568456, 108.60922730317458, 25.753292771377133, 0.000438821370181, -0.777078559788, 0.629403463093, -0.759650138994, 0.409062137611, 0.50556882212, -0.650331818199, -0.478348282625, -0.590128330745,  
1123, 411389.9701358503, 46.13760323583518, 127.78986002143547, 81.97714137608544, 9.375100359673556, 0.0877418863772, 0.912617203587, 0.39928836834, 0.904742424471, -0.240733447037, 0.351409380694, 0.416824311595, 0.330419804482, -0.846805908145,  
1129, 1404622.5728165924, 69.47421975446181, 94.15701181350425, 65.91737851163303, 54.027943804475086, 0.603520544878, -0.754935123905, -0.256585094275, -0.31983187048, -0.523982702248, 0.789398316676, -0.730390667065, -0.394354011567, -0.557686638737,  
1134, 1097880.0238613992, 63.99638237031093, 105.95084443567542, 92.74878457575853, 26.671879735489604, -0.647472100753, -0.707294090564, 0.2837515607, -0.756685448145, 0.552396437487, -0.349693163242, -0.0905925566098, 0.441127243893, 0.892860427716,  
1137, 2512688.4695942686, 84.33671468513438, 132.77758577149854, 85.58287011801612, 52.78839074983993, -0.633405910851, -0.644194651912, 0.428730920913, -0.769505025613, 0.582788212788, -0.261189422817, 0.0816024978515, 0.495349522542, 0.864852520874,  
1141, 1632150.0836202465, 73.03939391949511, 110.42800474245514, 71.71629548221023, 49.20105430650166, -0.736827713231, -0.669111353782, 0.0968241563564, -0.624571937943, 0.618845580153, -0.476382243853, -0.258833566889, 0.411485290337, 0.873890748599,  
1146, 1914713.4148606134, 77.0320975345998, 110.97388641500966, 80.18857542950758, 51.36672495708556, 0.765814991098, -0.57253526259, -0.292798177079, -0.387966392643, -0.774473857288, 0.499672215115, -0.512844496499, -0.269060620436, -0.815228130612,  
1147, 2548061.374171621, 84.73062795461098, 114.49151182695906, 102.27689649031035, 51.948192810897446, -0.0271284309097, -0.999575341713, -0.0106388192954, -0.971534138501, 0.0288700034782, -0.235133878091, 0.235341169291, 0.00395716297246, -0.971904766373,  
1150, 667142.3865750819, 54.20549420009201, 97.49421710210703, 48.28945819478226, 33.829745926697164, -0.0664554775983, 0.964324420154, -0.256246135953, 0.115689036035, 0.262528571871, 0.957963880265, 0.991059895485, 0.0340170787288, -0.129008224219,  
1154, 1291548.0790320893, 67.55756527121716, 98.55150706205963, 78.0129103924743, 40.10441801242005, 0.338856102012, -0.760400593368, -0.554046459906, -0.840282211357, -0.509488904728, 0.185329062037, -0.423204852768, 0.402755500973, -0.811594516387,  
1165, 2292043.3983904435, 81.79210946821239, 115.27324155596223, 74.07688501153007, 64.08007472960526, -0.839186830463, -0.370197673052, -0.398395715896, -0.482613368303, 0.844616348214, 0.231748918151, -0.250698624473, -0.386751738453, 0.887453262145,  
1166, 828023.3854304744, 58.252959963586534, 125.50403841555926, 48.481914242432325, 32.48751803475564, 0.552993263836, 0.795391734503, -0.248093609021, -0.553307138112, 0.573202953371, 0.604391913548, 0.622936321839, -0.196952692118, 0.75707329632,  
1169, 2821787.9276934876, 87.66211016668781, 125.66813067924927, 94.30692974343327, 56.841692471974326, -0.807106670289, -0.587760844781, 0.0558212514893, -0.586673582583, 0.809026038795, 0.0359301551602, 0.0662791843231, 0.00374938570115, 0.997794072859,  
1170, 949043.2205049229, 60.96292467344508, 80.20081295089203, 76.98643897734277, 36.69478771760278, -0.382149783712, 0.57440821853, 0.723890006351, -0.90481853919, -0.0733963295441, -0.419423878609, -0.187789653461, -0.815271842574, 0.54778359665,  
1171, 1546351.2093581588, 71.7364437127943, 140.7427037966402, 58.97523852646776, 44.4758168331055, 0.510152872026, 0.804340637054, 0.304598402404, 0.697956697576, -0.594106162447, 0.399867873243, -0.502593767841, -0.00860275106294, 0.864479899825,  
1172, 2590491.235119353, 85.19834775950416, 137.65508973463642, 91.37152957239331, 49.16888375155663, 0.452694372894, -0.877906053164, -0.156040913124, -0.602840585534, -0.430280174643, 0.671894485572, -0.657001547321, -0.210095057362, -0.724022812962,  
1176, 2518863.922753149, 84.405749817124, 118.4628963864799, 87.93854246142767, 57.72374332485316, -0.9213482514, -0.0541318216058, -0.384950835214, -0.323893381886, -0.440700307002, 0.837183562057, 0.214966222492, -0.89602063888, -0.38850551848,  
1177, 803280.5986883756, 57.66684916403208, 109.80192638995312, 60.66980629680198, 28.78697963432463, 0.0292098323239, -0.994581146164, -0.0997753947192, 0.877025727135, 0.0733893264937, -0.474805097592, 0.479554647187, -0.0736366108166, 0.874416942831,  
1181, 1156496.2748828463, 65.11562443547949, 132.03844206014938, 61.897161882721896, 33.78193340033194, -0.124994351133, -0.900531587596, 0.416436396015, -0.991883600795, 0.123280797762, -0.0311250281577, 0.0233095400972, 0.41694688468, 0.908631917058,  
1183, 2482254.8525706423, 83.99483597792491, 129.07200531464127, 80.08733103400242, 57.32735187464165, 0.00098932350613, 0.504668357923, 0.863312729983, -0.754929266893, -0.565788848884, 0.331609379341, 0.655805476668, -0.652068115299, 0.380429165263,  
1187, 2261987.586919751, 81.43301902565322, 133.26653311494798, 81.72749666878812, 49.58066090789304, -0.0982084583418, 0.46470752888, 0.88000114279, 0.993744685013, 0.0930359950755, 0.0617721994766, 0.0531657758148, -0.880563010933, 0.470937558557,  
1188, 1988964.3872684003, 78.01524306528478, 132.51889948660678, 110.37377218509782, 32.46345148406136, -0.430729318106, 0.901477093989, -0.0425594118525, -0.406575294692, -0.235932815846, -0.882628028193, -0.805710111808, -0.362870163309, 0.468141496035,  
1193, 4325272.015591109, 101.07450086818615, 137.24811895985803, 89.02797566510058, 84.50685058651814, -0.756411547998, -0.642756852509, 0.12126499333, -0.322850923806, 0.528116141511, 0.785404750478, -0.568866285741, 0.554938707992, -0.606987791738,  
1199, 2466461.647971356, 83.81631939297407, 111.65884894995948, 87.79212805203356, 60.06715112759213, 0.545814960263, -0.136295644978, 0.82674634944, -0.417329214272, -0.899812233045, 0.127178112022, 0.726582656047, -0.414441120574, -0.548011132651,  
1200, 505227.94007293944, 49.40826270954381, 134.53616771447116, 78.21374862338763, 11.462427367980494, 0.589686718961, 0.0578458361056, 0.805557839466, -0.363879110761, -0.871428720037, 0.328943731732, 0.721014262156, -0.48709942018, -0.492821051324,  
1206, 1621356.0054326458, 72.87802450067831, 114.34522948060904, 60.899848951939056, 55.584731137103724, -0.381039333947, 0.572836474933, -0.725718539774, 0.34426724579, 0.816397240722, 0.46365462234, 0.85807289286, -0.0731704744288, -0.508288296354,  
1210, 2072208.1609325684, 79.08878859277634, 110.73024580998676, 72.38835671370653, 61.717707890793555, 0.835817150259, 0.053375370106, 0.546407138679, 0.254882426013, -0.919228679429, -0.300089293088, 0.486255735435, 0.390089354869, -0.781911539098,  
1211, 1316146.9841393377, 67.98377262307586, 93.26426677273263, 85.08718841783195, 39.59463375486493, 0.93422516449, 0.0152403152759, -0.356358071081, 0.24892771624, -0.743404514153, 0.620793621443, 0.255457108185, 0.668668423904, 0.698300941394,  
1217, 1958553.0752002664, 77.61558084458083, 106.379774713608, 87.61428540652703, 50.16637801842276, 0.583974935832, 0.78455936124, 0.20842236687, -0.448882809137, 0.0981689078708, 0.888181900958, -0.676370828748, 0.612233186146, -0.409503391682,  
1220, 2511135.3367897943, 84.31933448098802, 129.410299765117, 82.96307304074367, 55.83774056918071, -0.0258391530555, 0.42107862253, 0.906656016258, 0.563569439459, -0.742957895176, 0.361113628798, 0.825664474879, 0.520294493189, -0.2181096405,  
1222, 2578227.750235294, 85.06369096305478, 135.9016065214558, 73.47508182228425, 61.64076219847441, -0.652457686022, 0.509245402436, -0.56122017787, -0.228148849382, 0.57421331997, 0.786274230593, 0.722666638552, 0.641052402903, -0.258466141412,  
1228, 1643105.766514864, 73.2024534065679, 112.0094722359416, 94.70120415120785, 36.979978844196566, 0.823262324896, 0.283169928885, 0.49198977203, -0.281557631576, -0.548881687481, 0.787054123456, -0.492914236463, 0.786475482468, 0.372144959618,  
1229, 680211.6806683919, 54.55716886237397, 88.41904333367206, 51.56062730565305, 35.61979961537625, -0.194977754085, 0.384309985715, 0.90237991461, 0.0404916761251, -0.916099185349, 0.398901876114, 0.979971478961, 0.114315867149, 0.163057606205,  
1232, 3857260.439985503, 97.2889354465201, 110.96447270161092, 96.7591840332201, 85.76581181970019, -0.350830676163, 0.775895540946, 0.524312832385, 0.920690725566, 0.388046790266, 0.0418123955537, 0.171015860436, -0.497399033076, 0.850498546368,  
1236, 1749065.4068333565, 74.74333645638941, 131.67774026853857, 90.89292851050436, 34.887912123079595, 0.79087592769, 0.383350062999, -0.47703039337, 0.350806407712, 0.354718908518, 0.866665656553, 0.501448034505, -0.852770323791, 0.146056987347,  
1237, 2094667.4689424702, 79.37349302062518, 99.28897906964085, 85.6025685675878, 58.83539010489831, 0.707717666682, -0.480226797425, 0.518187154705, -0.655583107735, -0.719779628562, 0.22831573568, -0.263337223192, 0.501297824992, 0.824229335525,  
1246, 880617.6008056162, 59.461097015026844, 101.56556975935374, 86.65472124237536, 23.88691221003017, -0.366866624394, -0.113588326141, 0.9233128246, -0.845190825712, 0.455369722527, -0.279805082045, -0.388666113828, -0.883026674552, -0.263063764117,  
1247, 2329553.7456696397, 82.23588586360057, 106.27253893987988, 81.58497802940948, 64.14353167230001, 0.242291989238, -0.471797327423, 0.847762864124, -0.69808196511, 0.522051152494, 0.490045063406, -0.673777531489, -0.710541959364, -0.202864393239,  
1248, 3799847.8084386378, 96.80382794569243, 116.53960135406008, 107.10327926561415, 72.67772042122846, 0.620643225238, 0.499990861231, 0.60399596493, -0.758168484298, 0.579120748123, 0.299665994918, -0.199956336193, -0.643916374833, 0.73850468234,  
1252, 838787.9642967237, 58.50430981818074, 109.64483541934725, 85.44617526376534, 21.373850788702157, -0.427955672408, 0.903716755288, -0.0122461694333, 0.893037194322, 0.424905532331, 0.148121092869, -0.13906297858, -0.0524529771049, 0.988893408402,  
1260, 1564270.0779484855, 72.01247037437102, 130.21209939825488, 84.577492645368, 33.90915610022472, -0.854883111888, 0.336878173587, -0.394573137922, 0.504497354984, 0.362296226873, -0.783724353844, 0.121067269824, 0.869053818906, 0.479675073381,  
1262, 462130.48598212126, 47.96141673690535, 96.4759597658124, 55.81834052832741, 20.487076130472545, 0.0571205606536, -0.891666689156, 0.44907433349, -0.495817419598, -0.415753384302, -0.762439643424, 0.866546206485, -0.179107897342, -0.465851943364,  
1271, 1355485.1100093308, 68.65445342527227, 147.21539446812994, 64.99795085904945, 33.81841503764493, 0.64286296899, 0.72797499841, -0.238284713718, 0.672949970664, -0.685353219675, -0.278261210492, 0.365876400011, -0.0185301368252, 0.930478959431,  
1273, 2443722.1990204444, 83.55794327738055, 117.59826842297767, 87.96588186340286, 56.39596558277801, 0.0615185836666, 0.961497548571, 0.267839369691, -0.813329390561, -0.107253805203, 0.571832076504, 0.578541931335, -0.25301993076, 0.775416113016,  
1276, 4103330.830355884, 99.31525789060287, 111.82391513387002, 105.70749666555866, 82.87192792550154, -0.534652908697, 0.443824214858, 0.719142776872, 0.476561832545, -0.544412801087, 0.690292345151, -0.697878991647, -0.711782809794, -0.0795622064727,  
1279, 2403531.083832917, 83.09732519487419, 112.41569049135754, 86.08397814174268, 59.29415342748705, -0.927539177419, -0.219595296225, 0.302405324405, -0.211838678905, 0.975543217324, 0.0586498529603, -0.307888694941, -0.00966110804538, -0.95137333078,  
1285, 1363183.7337252956, 68.78418491464224, 122.3644324969726, 65.0763719685938, 40.86836398507764, -0.824428110681, 0.564521923969, -0.0404139539831, 0.563376226204, 0.811735556702, -0.153924051837, 0.0540880584534, 0.149667576126, 0.98725584252,  
1287, 1078278.5029835799, 63.61322973709529, 129.3202220241708, 76.53643884962067, 26.008041232363748, 0.0512260483161, 0.489814713685, 0.870320307836, -0.900251076171, -0.354622460165, 0.252568625525, 0.432346957694, -0.796444886357, 0.422790315841,  
1289, 378880.8676529289, 44.88880271885277, 89.92564064829791, 51.517377374239345, 19.524358769505024, 0.656463535927, -0.750500141858, -0.0761916207309, -0.67892530058, -0.543773928891, -0.49332580562, -0.328810070146, -0.375578821728, 0.866501290501,  
1292, 674050.0464227473, 54.39193525573466, 91.71385369479768, 67.08293560999019, 26.155108855200165, 0.778821179324, 0.0769458352111, -0.622508561451, 0.534779071792, 0.437189689724, 0.723102011872, -0.327794013077, 0.896071712333, -0.299343567407,  
1293, 4008449.4661996374, 98.54379150048042, 110.82316811557276, 101.03287956235968, 85.46622292386819, -0.112525789711, 0.53386764251, 0.838047305903, -0.822810191664, -0.522897113255, 0.222625239906, 0.557064929019, -0.664502783464, 0.498111147863,  
1296, 709502.2300082273, 55.32928421178379, 114.5264704450324, 71.19496115757487, 20.773516608855154, -0.543206562653, 0.817907377985, 0.189615799258, 0.03151872384, -0.205816450224, 0.978082899792, 0.839007270731, 0.537277497998, 0.0860214496899,  
1305, 1959864.269828511, 77.63289744289106, 125.78509624186205, 87.9170604399731, 42.309222147752855, -0.775188628186, -0.513396736906, 0.368111914051, -0.63089135892, 0.659159604288, -0.409248957623, 0.0325374241732, 0.549483763736, 0.834870594415,  
1306, 3892266.8485038746, 97.58236347507803, 120.83458098387877, 102.59404101284882, 74.95500219602731, 0.0716345170049, 0.250418476133, 0.965483859412, -0.992937261329, -0.0738760871616, 0.092832746428, 0.0945732046467, -0.965314928175, 0.243357758055,  
1307, 2831803.2574255667, 87.76570031215424, 139.69722348729914, 77.95724064855354, 62.076930539847815, -0.638883815138, -0.759270815959, 0.123835773458, -0.767700888466, 0.639622889306, -0.0389603044726, 0.0496267730519, 0.119959941268, 0.991537591767,  
1308, 2025424.7549031256, 78.48906726485319, 117.6149765718714, 90.50464623966543, 45.42490239272766, -0.944110715948, -0.0300786695708, -0.328253301079, 0.295034644046, -0.52121031812, -0.800808568322, 0.147001751163, 0.852898046617, -0.500954496169,  
1310, 3082757.4034621576, 90.2852725408034, 129.84793358756542, 85.96091370198096, 65.93479715149338, 0.316353656262, -0.339456064805, -0.885827265463, -0.317985353154, -0.917708111078, 0.238111608371, -0.893759296091, 0.206352617935, -0.398262372968,  
1311, 1530135.1523032065, 71.48480350138371, 122.05118119427591, 72.83951329895399, 41.08962342457248, 0.502907166717, 0.63855738103, 0.582519401219, 0.557753001563, -0.754602262526, 0.345668937914, 0.660299909823, 0.15106255831, -0.735652181785,  
1312, 2848836.3752566697, 87.94131705585468, 135.91156365156607, 95.92639956753655, 52.165616388458155, 0.288070766257, 0.886187340295, 0.362887353775, 0.229718825099, -0.431836903387, 0.872207630251, 0.929647511169, -0.167895463829, -0.327973502287,  
1317, 334841.0576105369, 43.07745445156153, 92.9813073478455, 44.099369931797945, 19.494947184358132, 0.582662685375, 0.713088599891, -0.389883115532, 0.575294326118, -0.70074341571, -0.421894659454, 0.574056298117, -0.0215247310075, 0.818532865893,  
1324, 357192.0692323656, 44.01537430663704, 128.32097866546326, 64.83597251857773, 10.249425089728478, 0.364960759907, 0.921088089309, -0.13564798362, 0.568159007683, -0.104918789844, 0.816203032049, 0.737562868993, -0.374951702583, -0.56161573608,  
1327, 2345232.4453455117, 82.41996545865332, 117.41293916367802, 81.30396577164447, 58.65021318485603, 0.268586785224, 0.0702066193815, -0.960693587674, 0.297870260121, 0.942403571585, 0.152147350944, 0.91604281938, -0.327026816728, 0.232204681699,  
1330, 281367.59426924505, 40.65011912893688, 102.71773052291245, 58.09664056464601, 11.256128245989292, 0.559720331543, -0.442063695472, 0.700922848538, -0.762412397457, -0.606142642435, 0.226535721743, -0.324716009246, 0.661188918667, 0.67630520268,  
1334, 1830649.1574596914, 75.8878362607097, 125.00932216286598, 65.2498966800182, 53.578960331556374, -0.0356760830484, 0.971449679185, 0.234547943733, -0.865045069686, 0.0875044932757, -0.494004039526, 0.500424064679, 0.220518671472, -0.837225937858,  
1336, 2326847.703005569, 82.20403140250858, 116.59493272695988, 84.38614615141837, 56.45839395370858, -0.222427040401, 0.949239465611, -0.22241998252, 0.663629146149, 0.3145363826, 0.678721754774, 0.71422865252, 0.0033616880841, -0.699904372735,  
1337, 2896670.1621769588, 88.43078470901884, 120.9074556071316, 94.27743400157479, 60.66659231442824, 0.724843873144, 0.366978150741, -0.58303378671, -0.210224057182, 0.923768522063, 0.32008993022, -0.656054270124, 0.109447496659, -0.746735589166,  
1339, 3490527.7942140475, 94.10242828506418, 113.38156664534984, 92.89480958050667, 79.11677734108719, 0.849787118287, 0.287661839299, -0.441715428533, -0.283421560881, 0.955879100636, 0.0772487138793, 0.444448053681, 0.059546714261, 0.89382331386,  
1344, 727290.7511721051, 55.78787491618748, 111.65701471872548, 47.62310321312078, 32.652448391306855, -0.935593632005, 0.337847150216, -0.102585860832, 0.353022314322, 0.900281456575, -0.254693039829, -0.00630883052794, 0.274504284188, 0.96156518064,  
1345, 2845092.5248293984, 87.90277693810732, 125.09812120210614, 90.83469306025633, 59.773026351213026, -0.0402486616171, -0.920215689768, -0.389336781647, 0.0826098731759, -0.391383131391, 0.916512331241, 0.99576887584, -0.00472533253345, -0.0917715486442,  
1353, 2731776.3759324956, 86.71991534211612, 107.09980123323689, 92.68131168624824, 65.70156269641386, -0.487096148737, -0.809025430701, -0.328960779372, 0.825867031553, -0.549194787777, 0.127783924155, -0.284043989691, -0.209434805031, 0.935658096936,  
1355, 1981954.8363227518, 77.92348752757633, 142.70234656609017, 73.7014606632799, 44.988129314168596, -0.649784793472, 0.464613728269, -0.601592724089, 0.203050899213, 0.868782612649, 0.451649315607, 0.732495770979, 0.171320913677, -0.658861965843,  
1358, 1731290.2540641662, 74.48927688504992, 120.34715557467051, 102.87857602122648, 33.382626274365975, -0.92401370242, 0.13246314036, 0.358681187388, 0.322157364941, -0.235550896075, 0.916913522407, -0.205944919711, -0.962792444821, -0.174978279341,  
1359, 1482958.053268718, 70.74244826028041, 107.69378236370464, 75.67371273657798, 43.44147724453446, -0.998582404057, 0.0374788808549, -0.0377957113704, 0.0488360080003, 0.362679636612, -0.930633400169, 0.0211713634592, 0.931159929699, 0.363995822356,  
1360, 4043392.048741548, 98.82930648651703, 129.16693648498324, 92.32136378155421, 80.94754330491139, 0.0418321793528, -0.457843971589, 0.888047840181, -0.850643924201, -0.482540456476, -0.20870942021, 0.52407536003, -0.746681729751, -0.409647911585,  
1362, 3096444.797275228, 90.41869699215967, 128.41115322177828, 101.39528471138205, 56.77461885100625, -0.130587741058, 0.990814909467, -0.0351092162221, 0.620579929745, 0.109305982132, 0.776487445531, 0.773192985407, 0.0796116665352, -0.629153868198,  
1364, 2475687.747039601, 83.92069772526497, 107.90643721327633, 88.04919504961089, 62.20632061534084, 0.808015016655, 0.531059045397, 0.2551235449, 0.486997280661, -0.84573984946, 0.218077407503, -0.331580128309, 0.0519653474567, 0.941994809526,  
1366, 1681406.540559276, 73.76687306993261, 110.5666885240866, 96.15749907673401, 37.75519008127582, 0.701361749501, 0.696428657511, -0.151917152866, -0.59921604949, 0.691475979576, 0.403486177834, -0.386046399246, 0.191958575395, -0.902286031678,  
1369, 450168.75204780116, 47.54398484148992, 149.3102554993495, 81.69867568544605, 8.81012521530124, 0.78645058415, 0.588880338077, -0.186320761365, 0.399872322884, -0.255526122457, 0.880232086517, 0.470741547009, -0.766763554278, -0.43643561696,  
