# Void_ID, Void_Volume, r = (a*b*c)**(1/3.0), a, b, c, vector_a, vector_b, vector_c 

0, 1607254.0131948167, 72.66611968902444, 106.26258749374453, 94.7913151437987, 38.09315764590551, -0.72820519902, -0.663996357577, -0.169782287784, 0.153754007872, -0.399687036376, 0.903664748685, 0.667889881031, -0.631948660951, -0.39314627906,  
3, 601339.7427457318, 52.36130147845675, 106.69136500186931, 102.30762981947932, 13.152066716983553, -0.454714287315, 0.676571067401, 0.579211971274, 0.418576464785, -0.411697369862, 0.80950541615, -0.786147988638, -0.61053817768, 0.0959920494423,  
23, 1258804.105692461, 66.98175367902965, 121.42878586091935, 69.19588312664797, 35.7657743597081, -0.335596719711, 0.382191949389, -0.860990218029, -0.0097908192411, 0.912532223404, 0.408887614274, 0.941954872368, 0.145651141674, -0.302500848513,  
24, 424269.93112737924, 46.61416202710204, 110.96092280263423, 80.97495202136787, 11.272828113461452, 0.800465226236, 0.596276346916, -0.0609092742993, 0.382552812596, -0.430020221124, 0.817762774281, -0.461420380089, 0.677891678318, 0.572323427185,  
28, 2183670.1114848303, 80.4821321909913, 120.53974086093159, 83.1670819566086, 52.00159962201843, 0.050092991798, 0.998520231909, -0.0211669232818, -0.865314962992, 0.053973858236, 0.498313994836, 0.498719066204, -0.00664598341989, 0.866738209559,  
38, 2537156.3984565064, 84.60958080298796, 155.91719873435474, 94.89999795329007, 40.93534015146155, -0.893715316722, 0.349871096439, 0.280825833094, 0.401240780073, 0.343322348481, 0.849197033344, -0.200695712616, -0.871619171949, 0.447214993071,  
43, 1240119.23308561, 66.6486890184445, 106.05753363700437, 61.581615254419205, 45.329636276326454, -0.752696600981, -0.583673934048, 0.304585891965, -0.61814179728, 0.78576396195, -0.0218108816207, 0.226602174144, 0.204694247146, 0.952235117951,  
49, 1557603.008018025, 71.9100166491232, 141.77442098925215, 112.5853835650498, 23.296370997149108, 0.256266630626, -0.214568856002, 0.942490116692, -0.485632735414, 0.814477286309, 0.317470622863, -0.835756100978, -0.539061180313, 0.104521689409,  
50, 1717894.7237755384, 74.29666370313197, 119.53785883383995, 89.37913695718308, 38.385420917171054, -0.150649872548, -0.132652003641, 0.979646906712, 0.851825996983, -0.520314829172, 0.0605388256308, 0.501694216397, 0.843608869367, 0.191381787953,  
52, 268985.02429552586, 40.04483396899927, 123.3700508420413, 64.85664983293478, 8.025557985588568, -0.547577823682, -0.644276317687, 0.533916242007, 0.236012717238, 0.493251555954, 0.837257964937, -0.802780495723, 0.584474917355, -0.118036209147,  
53, 509578.1727265348, 49.54966652176544, 135.91549356899375, 52.900028195583985, 16.919882305284155, -0.805685946774, 0.00570947596689, -0.59231542024, -0.57754671583, -0.229674885452, 0.78338319999, 0.131567268742, -0.973250660866, -0.18834331663,  
55, 2297238.6383892666, 81.85386062416487, 144.8237407083364, 76.52739246272607, 49.48354744496375, -0.149727608389, -0.126740298349, 0.980570517638, -0.962992163507, -0.20610735224, -0.173683195436, -0.224115453083, 0.970286893721, 0.0911899531879,  
61, 1883198.401244214, 76.60712356922578, 125.58288563622693, 74.93526162440223, 47.77390939373845, -0.166293624036, 0.603656415434, 0.779708511375, 0.98605810247, 0.106601004615, 0.127771844977, 0.00598741668668, -0.790085538357, 0.61296736693,  
70, 1655737.2195186098, 73.38955720272324, 106.86136789496018, 66.83924185719209, 55.341453055837995, -0.929459378879, 0.16346300281, -0.330734198001, 0.337468199757, 0.0144835376476, -0.941225499702, 0.149065345294, 0.986443142735, 0.0686254251909,  
71, 988125.0218331108, 61.7885156885932, 118.73088827333262, 93.9915209283128, 21.138340699440917, -0.613610908128, -0.242354625091, -0.751495767868, 0.760105604307, -0.439026504017, -0.479056571892, 0.213824983872, 0.865170482892, -0.453606560583,  
82, 2164901.0182270925, 80.25088155051205, 113.54757304861656, 90.60265942596988, 50.23780244173991, 0.0576202515401, -0.0159435894858, 0.998211254478, 0.505806615181, -0.861576615115, -0.0429581694927, 0.860720381222, 0.507377116395, -0.0415798882523,  
85, 2301311.091552869, 81.90220115802873, 103.71427915766684, 80.58593914534762, 65.73382383321879, 0.555237453623, -0.823477054887, 0.1166057896, -0.750761579479, -0.556585465236, -0.355766314688, -0.357866484701, -0.109991635876, 0.927272030833,  
87, 533865.5034251782, 50.324687098490884, 124.74940361290018, 71.61288127924371, 14.266374629144192, 0.471768789114, 0.879849203726, 0.0574420431512, 0.790863302259, -0.451058856157, 0.413619566053, -0.389832588116, 0.149703997896, 0.908635937137,  
97, 529697.5638215697, 50.19338156568454, 99.11006512054065, 48.420057231159355, 26.350951782160504, 0.775861546522, -0.390107930377, -0.49583733551, -0.236823065762, -0.908526915183, 0.344229109621, -0.584768070393, -0.149648411433, -0.797277653521,  
102, 1432463.589721194, 69.93023604915774, 101.54983441590088, 84.50494638064848, 39.85048694033239, -0.470434267751, 0.0519296164145, 0.880905735402, -0.830709435494, 0.310693351378, -0.461943151471, -0.297680085841, -0.949090594384, -0.103022376914,  
105, 521187.31918595446, 49.92312281693969, 117.21585945629106, 64.6260704508618, 16.425216596612806, 0.736357415871, -0.589253224895, 0.332503222606, -0.515988337041, -0.806955907124, -0.287364228802, -0.437645738161, -0.040034996041, 0.898255758101,  
106, 1986688.039549954, 77.98546917647711, 147.42749467479445, 84.31786998685179, 38.15425303280469, 0.553372785817, 0.532773342327, 0.640258639632, 0.467187369451, -0.834911909244, 0.290960591194, 0.689575609881, 0.138111076706, -0.710922505445,  
110, 1519487.750558417, 71.31860909587016, 117.94638338660911, 75.04539686532871, 40.98263770584962, 0.178693776502, -0.157748303973, 0.971176609496, -0.828936429403, -0.555870111143, 0.0622319495721, 0.530031065362, -0.816164133084, -0.230093845244,  
119, 1435242.2393299749, 69.97542303092237, 105.94348539715826, 90.7551347813386, 35.636179292490425, -0.124290634234, 0.773285824715, 0.621756279853, 0.831312199964, -0.260956363746, 0.490735980352, 0.54173043521, 0.577867467085, -0.610407508187,  
126, 1244077.7928281196, 66.71952967683549, 137.00755945858336, 87.53722927943157, 24.76404600182461, -0.644226197495, 0.0402549382215, 0.763774931776, -0.76361290223, -0.0902830498412, -0.639331139911, -0.0432196946929, 0.995102261509, -0.0889018961018,  
133, 2700579.9149253075, 86.38854139791046, 115.89403711679503, 84.31002792376236, 65.98239864578413, -0.826226192352, -0.519471383209, -0.217944399099, 0.0851792446533, -0.497632646216, 0.863195369369, -0.556861540558, 0.694630283998, 0.455405306513,  
135, 2803575.9947611163, 87.47311138318602, 123.7662143282278, 89.3400197322633, 60.5306826941523, -0.839064555171, -0.543085584656, 0.0320736651147, -0.0230008581065, 0.0943154730259, 0.995276620882, -0.543545428443, 0.834363613353, -0.0916282048926,  
138, 690853.5839306503, 54.84021328779089, 122.18204948389352, 49.59704256537142, 27.216621854413688, 0.156577852685, -0.985604956145, -0.0637671268834, 0.525672474229, 0.0285035676766, 0.850209383898, -0.836152991914, -0.166644583027, 0.522568423329,  
141, 2526619.349271741, 84.49228776046412, 113.00548131180346, 82.69298600924772, 64.5480348239474, -0.540773771829, 0.060579301853, 0.838983835296, 0.173305468011, -0.967980890216, 0.181599038911, 0.823121462762, 0.243604483462, 0.512959952801,  
143, 2574525.8393572024, 85.02295897351665, 128.74403591094833, 74.35959108337374, 64.20140515641424, 0.607759655241, -0.723143603112, -0.328163877872, 0.484700900638, 0.0104596205749, 0.874617421081, -0.629041523576, -0.690618509465, 0.356865291113,  
144, 647981.819032399, 53.68151167872441, 150.3809873737144, 63.54401129742098, 16.18850160381703, 0.76055624585, 0.227292005786, -0.608187915865, 0.349092756829, 0.646650258365, 0.678216551321, 0.547438073235, -0.728135830366, 0.412467899975,  
147, 142996.20046723163, 32.439834477344526, 116.43288886685481, 53.63015699988013, 5.467026101004498, 0.726130002096, 0.597223578996, -0.340674649405, 0.582315848321, -0.79763385754, -0.157125688862, 0.365572801025, 0.0842865706872, 0.926958629688,  
149, 434608.7862675185, 46.98976764851287, 134.45233475790292, 50.03323575977646, 15.423500574714152, 0.0773194570987, -0.552207022474, 0.83011391139, -0.320953111617, 0.774499144908, 0.545105654602, -0.94393368501, -0.308574916133, -0.117348708712,  
163, 1821700.508953255, 75.76398163273514, 120.94049123530223, 86.70605673563576, 41.47316757083876, -0.437278462636, -0.20999568825, 0.87446518343, -0.083805802089, 0.977639861534, 0.192864949321, -0.895412828617, 0.0110504324393, -0.445099712752,  
166, 1716396.9749404867, 74.27506554292296, 97.59791593153923, 84.1298075629698, 49.90438312811659, 0.439819666748, -0.299844298091, 0.84655304479, 0.854873727903, 0.42865113597, -0.292316802414, -0.275226397868, 0.85226263589, 0.444858212673,  
167, 1401456.6952025457, 69.42198452900298, 122.64172127765943, 80.9565669287549, 33.69773829308271, 0.31452370406, 0.761547380051, -0.56667488697, 0.912041171806, -0.407940926216, -0.0420131128292, 0.263164854256, 0.503616708079, 0.822869656038,  
180, 1599603.077414207, 72.55063320770093, 100.72964255735089, 83.13937144203803, 45.599448699772, -0.830417193903, 0.409280880788, 0.378016460874, -0.451940433257, -0.891625908598, -0.0274423742511, -0.325817631287, 0.193629542525, -0.925392063616,  
182, 1748396.4975992057, 74.7338070085237, 102.979813236057, 85.11474019153002, 47.62055370774851, -0.569604270829, -0.307432013337, -0.762257523301, -0.481606257921, 0.876364105703, 0.00643168455245, -0.666037826992, -0.370771508359, 0.647241918919,  
218, 2072385.226779408, 79.09104118572557, 117.83439433861454, 73.87147715423403, 56.837245309386546, 0.379994461232, 0.849341961685, -0.366363810378, 0.42266084101, 0.192874166449, 0.885526605695, 0.822777018949, -0.491342841647, -0.285692472866,  
220, 429290.20278008515, 46.79729917968512, 131.1194346759597, 29.781068342931693, 26.2455106149609, -0.971109590578, 0.0640904353926, -0.229866437694, 0.236583095566, 0.384587256437, -0.892256174581, -0.0312186159091, 0.920861041785, 0.388639086741,  
222, 2996998.8591893357, 89.44017825786327, 124.59985949422263, 107.90665186356762, 53.21477108981429, 0.628404678702, 0.628204781037, 0.458766076413, -0.566185494058, -0.0350445975431, 0.823532550967, -0.533424358372, 0.777258405722, -0.333658245262,  
225, 985817.2956767108, 61.74037666432161, 77.94040212844118, 61.977144334658675, 48.72071129447187, -0.997079040331, -0.0412583252951, 0.0642739288302, -0.0383172335677, 0.998190625552, 0.0463385872927, -0.0660694857339, 0.0437404350048, -0.996855855879,  
236, 1562841.8693851205, 71.99054744576297, 116.41986837895863, 70.59880314327755, 45.39436923899038, 0.593340845095, -0.803727999208, -0.0443615242146, -0.697350460389, -0.48571887874, -0.527047916447, -0.402055937572, -0.343654585485, 0.848676940265,  
238, 1383011.4978489773, 69.1160739232851, 85.74875590930579, 67.60344517579598, 56.956136843217635, -0.961177938124, 0.19206798014, -0.198108208484, 0.275889641643, 0.681127809786, -0.678195998491, -0.00467727457605, 0.706523034119, 0.707674590021,  
241, 2469741.206048126, 83.85345203934966, 121.58415397071023, 88.83811300748945, 54.586661780997325, 0.14936062274, 0.985791568336, -0.0768530296934, -0.85793695472, 0.167843877726, 0.485564222771, 0.491564427212, -0.00658912043699, 0.870816282227,  
251, 3166233.8164649447, 91.09295514268368, 134.71818720749968, 101.22412522021735, 55.429902051985, -0.142423546708, -0.398236068227, -0.906158687707, 0.985350358506, -0.143810620499, -0.0916688410744, 0.093809404301, 0.905939589264, -0.412884071223,  
278, 996432.5638697534, 61.96119250214848, 85.97996717321719, 59.0809237825241, 46.82898562260619, -0.0894039225513, 0.540475687666, -0.836596061235, 0.972887407746, -0.132494705131, -0.189565938294, 0.213300329305, 0.830861711811, 0.513976444367,  
285, 1984296.4175312568, 77.95416302707596, 103.1642351669292, 84.23481171613895, 54.512633940549094, 0.51506097859, 0.738248346716, 0.435547433588, -0.394834337026, -0.246670641848, 0.88501945784, -0.760800916561, 0.62780807021, -0.164435374356,  
286, 2652460.3294671713, 85.87236606884522, 125.24149551543344, 78.55069814084159, 64.36681112426824, 0.687921073267, -0.69125436184, 0.221205796018, -0.62106572178, -0.402949161096, 0.672242026953, 0.375555543409, 0.599832794042, 0.706511608543,  
291, 894507.4057079555, 59.77209027804875, 94.11826973433159, 55.16618608532751, 41.129027112964444, -0.469506040949, 0.00243634607907, -0.88292589821, -0.00320395473895, 0.999984907598, 0.00446309868315, 0.882923446391, 0.00492430640881, -0.469491149033,  
304, 1770715.5428731595, 75.05046660803954, 103.36541646659435, 101.59210846970295, 40.25547517981819, 0.839496961792, -0.445611170458, 0.310926898008, 0.279971533681, 0.845155295499, 0.455333357903, 0.465683144928, 0.295200290064, -0.834263745632,  
307, 2643375.303719549, 85.77421253501798, 117.0394453130321, 94.94538130264148, 56.78898690037283, -0.361770773445, -0.868821041361, -0.338041277909, -0.102534427299, -0.323320435465, 0.940718123153, 0.926611352563, -0.374985191841, -0.0278838161071,  
309, 284044.9104990071, 40.77864594244051, 103.45160636175268, 43.7001002461232, 14.99956729766183, 0.0140007449974, -0.672794961341, 0.739696504746, 0.566325153874, -0.604340397417, -0.560400307048, 0.824062982562, 0.426754758666, 0.372559494211,  
335, 2107924.290142845, 79.54058846207296, 123.03407248976416, 83.53865203734205, 48.961367152400186, -0.930816503905, -0.352727659323, -0.0957279186422, -0.331699103918, 0.705286542244, 0.626535392288, 0.153480749669, -0.614942348255, 0.773491802027,  
372, 1199540.0360308292, 65.9136527120507, 150.15316361657648, 66.79974732242496, 28.55070467168898, -0.734680760337, 0.646143609266, -0.206742875563, 0.649508670993, 0.581916695812, -0.489399065631, 0.195914947608, 0.49383336799, 0.847198877457,  
377, 2350293.548035406, 82.4792113561168, 141.43817515815417, 79.93291857841263, 49.6296467546905, -0.473653116844, -0.688047957729, 0.549766070951, -0.254547039991, 0.704538223491, 0.662443730495, -0.843124266841, 0.173827211635, -0.508847296503,  
388, 336432.57693301106, 43.14559649931608, 118.98324305761949, 37.446573685905, 18.026505453602493, -0.272392358849, -0.894743096154, 0.35388867561, -0.957281984328, 0.214920911019, -0.193443026463, -0.0970237358651, 0.3914636559, 0.915064260469,  
392, 126127.98329686007, 31.11054463550599, 98.4641222755587, 29.661191515957128, 10.309942317577015, 0.381588375614, -0.169566122963, -0.908646048547, -0.444379903584, -0.895626569126, -0.0194820421469, -0.810504048656, 0.411218164262, -0.417112465043,  
400, 1493540.82554248, 70.91032834946492, 84.7714406366898, 76.11722997346607, 55.258100266543416, -0.648563323354, -0.700608377909, 0.297512212194, -0.751794146981, 0.528492257717, -0.394336777512, -0.119042749322, 0.479420310727, 0.869473972869,  
405, 1920102.518165774, 77.10430069234367, 117.51819371021818, 91.32889906814086, 42.70930239869784, 0.425155907682, -0.259571815657, 0.867101451204, -0.322986293223, -0.938434338689, -0.122559562502, -0.845530785101, 0.227954961532, 0.482819041629,  
406, 1625409.676913236, 72.93870985838548, 117.96900918571434, 79.608668839853, 41.31863234687755, -0.495770683521, 0.0367916205799, 0.867673790094, 0.86668337972, -0.0427967265264, 0.497019475992, -0.0554197498903, -0.998406138229, 0.0106693237072,  
419, 1596953.6557940159, 72.5105558827403, 157.59487772516394, 86.36843273124565, 28.00957809887164, 0.314077980926, 0.948731645435, 0.0355427467802, 0.720324318733, -0.213742116529, -0.659884219741, 0.618456059667, -0.232857408241, 0.750526168556,  
469, 3412402.9753525145, 93.3950590195892, 124.81613848753975, 110.7829368471847, 58.91529900703611, 0.784913291009, 0.0839337681332, 0.613894329804, -0.341378116763, -0.768257147861, 0.541518177124, -0.517080368021, 0.634614904748, 0.57436209457,  
475, 803869.8619434842, 57.68094662451433, 104.34557272371735, 75.19385601682393, 24.45911583806517, 0.755899152279, -0.577160603049, 0.309034156482, -0.609733628549, -0.792526299835, 0.0112679317749, -0.238414290261, 0.196945937654, 0.950984186956,  
486, 3952114.32482151, 98.07996374022686, 128.58679429278945, 92.31278102874396, 79.48454375441077, 0.0360743349719, -0.270582886397, 0.962020552767, 0.486041753747, -0.836371548979, -0.253468036787, 0.873190732871, 0.476725847471, 0.10134303322,  
493, 248477.8189178517, 39.00015553174954, 77.06245245946985, 71.27817947989911, 10.799399123822058, -0.800915302628, -0.578935309995, 0.152867867316, -0.214405306922, 0.515653563347, 0.829537079926, 0.559075167022, -0.631613259399, 0.537121632566,  
500, 1507358.0186047305, 71.12832835234595, 132.51753433383718, 72.17451506667017, 37.62448681705958, -0.0711876890427, -0.593547844285, -0.801644103997, -0.0759316000501, -0.798126350157, 0.597686139457, -0.994568602482, 0.103418014528, 0.0117477329089,  
522, 1311818.4275099984, 67.90916221227494, 127.91156723108965, 88.47673787651479, 27.67235980896659, -0.993615832924, -0.038204574175, -0.106150775193, 0.0500806494469, -0.99249399441, -0.111568811103, -0.101091567961, -0.116172636934, 0.988071056815,  
532, 2662271.2134781624, 85.9781103119737, 105.00658414950728, 83.13444691146071, 72.80582777442993, -0.0947384887176, 0.350064068858, 0.931922618274, 0.0277213723008, -0.934842445146, 0.353978994111, 0.995116146122, 0.0593696087965, 0.0788613040602,  
560, 921780.0740441643, 60.37348356931664, 117.89056956080955, 93.1660845401184, 20.035574352146302, 0.388624671709, 0.914516290223, -0.112386918526, 0.872609224878, -0.404463247151, -0.273793028328, -0.295844562559, 0.00833286388887, -0.955199747793,  
570, 1152791.0718475715, 65.04601051274909, 111.13170774502096, 60.413643046378944, 40.991044201099335, -0.966607906556, 0.104793573964, 0.233853505084, -0.0193444378002, -0.939798565412, 0.341180962505, 0.255528761024, 0.32526445134, 0.91044389667,  
574, 2001409.7210955033, 78.17762366064852, 143.10428299502064, 71.50468385682402, 46.693913311272546, 0.438502473687, -0.875492717409, -0.203046995382, -0.829210160005, -0.481249862481, 0.284269380001, 0.346592110578, -0.043715805206, 0.936996711446,  
585, 515975.09804197424, 49.756143419326776, 107.2551359771299, 45.97054615127822, 24.98287250998353, -0.178635536708, 0.861551552774, 0.475203395336, -0.207959222215, -0.505121487921, 0.837618794164, 0.961687218861, 0.0508055543643, 0.26940023891,  
586, 522232.44262486434, 49.95647038512374, 111.5972645351274, 83.36383273418812, 13.401210095005398, 0.639132620886, 0.584546931185, -0.499814343693, 0.623313153752, -0.0129890502218, 0.781864436417, -0.450544343299, 0.811255921283, 0.372657516904,  
594, 905530.2376682486, 60.01660838061521, 86.55768963315059, 59.20203211146405, 42.18636225358161, -0.889192054036, 0.304242137524, -0.341722420678, -0.0584635249277, 0.665202835956, 0.744370340146, 0.45378354674, 0.681866488977, -0.573706008263,  
601, 3926884.90449541, 97.87081114193626, 126.14727657367462, 108.41804215940829, 68.54568547943593, 0.18135310546, 0.698774789257, 0.691971708264, -0.519430917058, -0.529415568433, 0.670753813485, 0.835046449932, -0.481074786077, 0.266954072187,  
609, 1068789.1933739893, 63.42607180627642, 103.60579050000479, 76.99087349050735, 31.987490438431653, -0.107902084051, -0.605462429672, 0.78852545077, -0.831658233383, -0.379599284353, -0.405276407115, 0.544703334947, -0.69951385231, -0.462578260755,  
613, 1300798.7302240487, 67.71847432010554, 99.62286144853577, 70.0974645488797, 44.469287756723965, -0.833774264401, 0.05956679159, -0.548882750104, -0.104482585476, 0.959174764553, 0.262806317231, 0.542129011725, 0.276469832683, -0.793511541354,  
625, 2335983.7133589415, 82.31147807122908, 115.77179967052743, 87.05379567209899, 55.333826629756885, -0.444615553321, -0.873143596312, -0.199843113379, -0.871523291852, 0.473208735653, -0.128532658349, -0.206794974565, -0.117020309014, 0.971360945155,  
635, 3502208.599113265, 94.20728045657755, 109.40381505405013, 101.01972636334345, 75.65101273526297, 0.00153829512045, -0.866253708869, 0.499601987105, -0.789461946885, -0.307707218885, -0.531098956755, 0.613797579067, -0.393599770474, -0.684347684014,  
650, 1438111.0870337703, 70.022015682272, 121.01886796361426, 79.48558842665382, 35.691298245343845, 0.859782306516, -0.296433684942, 0.415814208312, 0.227024312045, 0.95125774377, 0.208731086949, -0.457421410893, -0.0850633607982, 0.88517223042,  
653, 3311365.6561322245, 92.46403544978727, 138.06695016228312, 96.48123423601386, 59.345247956614436, 0.661370560189, -0.730291083832, 0.171066989777, -0.68008789189, -0.680057076189, -0.27386644999, -0.316337543489, -0.0647866189968, 0.946431853109,  
655, 3119315.0463047046, 90.64076110071247, 112.9916211464977, 98.08198724391106, 67.19471782756187, -0.0124380482048, -0.867800985398, 0.496756222607, 0.650749998573, -0.384215920917, -0.654906531858, 0.759190183231, 0.31511835214, 0.569500386155,  
661, 2603647.4293818916, 85.34233509877747, 110.68775868437461, 78.25452283715029, 71.76034596396613, -0.102509648238, 0.907943282489, -0.406362852389, 0.966555731715, -0.00562600269463, -0.256394940635, 0.235078262516, 0.419055299307, 0.877001064204,  
670, 620357.3741373947, 52.90756569883407, 130.5741567686899, 55.420288413160314, 20.46573414567724, 0.101001082217, 0.970262398142, 0.21997649907, 0.874278766265, -0.192081575057, 0.445804113239, -0.47480040043, -0.14729408432, 0.867680259356,  
671, 2976101.6604391546, 89.23181312467288, 109.03696790007122, 88.56399514961907, 73.57464702606508, -0.620111840269, 0.131137448504, -0.773475452201, 0.131912286547, 0.98932206203, 0.0619758520606, 0.773343684409, -0.0635989558142, -0.630788965189,  
672, 1087466.602708731, 63.793403462878445, 105.10181814168239, 81.65011567117256, 30.252431458501583, 0.0092997039384, -0.205166597752, 0.978682881568, -0.372370476678, -0.909043586487, -0.187029371931, 0.928037576613, -0.36269329334, -0.0848518200249,  
673, 3369767.033308807, 93.00445581721861, 106.40324360522465, 99.8109171129429, 75.74925303050497, -0.90448907893, 0.406908567982, 0.127769023629, 0.423901381569, 0.824696665947, 0.374410240084, -0.0469800468324, -0.392811438833, 0.918418231919,  
674, 2478488.3701007576, 83.952330911002, 100.80774704220406, 84.57202301184762, 69.40290482433466, -0.74008044901, -0.628057759226, -0.240467004116, -0.659770735984, 0.747340905589, 0.0786393462102, -0.130320777052, -0.216852534939, 0.967466523017,  
675, 3519929.7632177607, 94.36590938014545, 107.26253102846741, 92.9898295578353, 84.24844545197325, -0.823649631449, 0.298615303206, -0.482110138147, 0.564567077518, 0.512014053443, -0.647383676084, -0.0535284933139, 0.805400837949, 0.590308555448,  
676, 3286202.6727495505, 92.22922906128352, 102.59689982879509, 100.57599073802284, 76.02863231402527, -0.380829742482, 0.899174760751, 0.215530640211, -0.528690994243, -0.0205179323717, -0.848566348058, -0.758587199897, -0.437108412273, 0.483199437161,  
677, 2889431.6916525536, 88.35706356050936, 107.37682421342474, 86.6035549746821, 74.17841473971524, 0.684031485886, 0.575368669613, -0.44838802431, 0.59655789113, -0.0875037119716, 0.797785549456, -0.419785193697, 0.813199849003, 0.403096014287,  
678, 2844920.064388093, 87.90100077349021, 98.80678995026558, 85.91825604044371, 80.00354212943908, 0.65254824049, 0.450986316425, 0.608927036869, 0.668063259826, -0.721640636415, -0.181455980185, -0.357592330319, -0.525210561844, 0.772192716247,  
679, 2696798.5473475447, 86.34820198619545, 110.13997695764455, 83.98071970625243, 69.60418021706559, 0.631367463172, -0.315780423228, -0.708278088574, -0.447543439698, -0.894262159164, -0.000245501149088, -0.63330876832, 0.317140213461, -0.705933487643,  
680, 2428880.9024496074, 83.38844403131067, 100.20573399609441, 86.60508507349252, 66.81618031554203, 0.780110875179, 0.0680754474667, 0.621926648311, -0.389669629612, -0.724842267979, 0.568120820168, -0.489473801326, 0.685543156922, 0.53893040164,  
681, 2526755.996775134, 84.49381093569643, 107.5116859407925, 76.67758007138954, 73.17296030481025, 0.652132856758, 0.246923474051, -0.716764630195, 0.526223000646, 0.533157771663, 0.662444068663, 0.545721623841, -0.809179577398, 0.217752889292,  
682, 2294543.2391314465, 81.82183446642769, 122.27740510719684, 70.92964356523343, 63.15876736312245, -0.69771154951, -0.649836930805, 0.301513775874, -0.0852679374499, 0.493226106885, 0.865712068952, -0.711286139696, 0.578307851277, -0.399539806062,  
683, 3230063.426511977, 91.70101590739745, 110.68450319269746, 102.09639720316724, 68.23782945098034, -0.241538980895, 0.818510030787, 0.521248741207, -0.300099371414, 0.447815233997, -0.84225998568, -0.922821373823, -0.359865038176, 0.137469510487,  
684, 3164564.8336033537, 91.07694671219647, 122.74774950927484, 106.82818266853516, 57.613732199252034, -0.878722808235, 0.393617631688, -0.270021084941, -0.394822734872, -0.281447923747, 0.874586802008, -0.268255911987, -0.875129833935, -0.402723899764,  
685, 1976368.25368243, 77.85020370737449, 113.98537088190517, 66.18833912332796, 62.53867272631182, 0.458122959427, 0.529946090446, 0.713638910982, 0.709431947215, 0.265735298929, -0.652756511399, 0.535564810566, -0.805320987013, 0.254221245294,  
686, 3954316.505480999, 98.09817759372845, 124.2666604855421, 96.20471640780612, 78.96448860971293, -0.00435126420766, -0.0984433796268, 0.995133140593, -0.59486390402, -0.799662932284, -0.081707590988, 0.803814656618, -0.59232431635, -0.0550808684343,  
687, 2392213.5065680747, 82.96669233795528, 108.53957907423788, 82.98189141838795, 63.407388436004155, -0.616790855176, 0.569474665581, -0.543385357028, 0.784532693831, 0.38876468379, -0.483084333164, 0.0638552525749, 0.724265576912, 0.686557995234,  
688, 3970216.0225322405, 98.22947949886552, 107.09952019780823, 100.4441577912578, 88.10758987533396, -0.908471865034, -0.414465407895, 0.0538265371357, 0.0485802501252, 0.0231978120406, 0.998549858953, 0.415113032486, -0.90976935933, 0.000939726385474,  
689, 3859540.809323948, 97.30810371407031, 102.26411183447469, 99.75824641827926, 90.31813701051945, -0.721056137721, -0.128958406978, -0.680769987238, -0.500612639121, 0.77624043877, 0.383194163277, -0.479025084736, -0.617106563316, 0.624271141177,  
690, 3028621.385692298, 89.7536512634349, 103.94295119055907, 87.64855861787632, 79.36272174343704, 0.22821578409, 0.932142539309, -0.281118911323, 0.524106189878, 0.125714371511, 0.842323333719, 0.820506098468, -0.339567641578, -0.459851670834,  
691, 3388641.867990927, 93.17777900988894, 101.79739266674684, 94.5002474397465, 84.09447485425336, 0.265679438269, 0.193431954524, 0.94445673011, -0.777041214439, 0.622833552432, 0.0910237168455, -0.570632444875, -0.758064934511, 0.3157786692,  
692, 1533419.9455147323, 71.53591989463133, 110.85350179006386, 99.6275502250287, 33.14695436865011, 0.311464911901, 0.670426307507, 0.67343758052, -0.758145551656, 0.60257440841, -0.249237647303, -0.572891727257, -0.43293492413, 0.695961507779,  
693, 1343974.0392342568, 68.45955789189199, 93.09338617922675, 88.64829724648921, 38.87881726532462, -0.109928519297, 0.989964229455, 0.0888062218786, 0.144108667348, -0.072529120951, 0.986900308344, 0.983437040506, 0.121286235877, -0.134689406957,  
694, 1730577.785775115, 74.47905742989037, 103.00376823004271, 93.51246750845277, 42.89235438429847, 0.47282106235, 0.339731937364, 0.81303287371, 0.855891256635, 0.0423043473705, -0.51542264115, -0.209500357552, 0.939570408713, -0.270771208324,  
695, 2963158.34887925, 89.10226630142846, 129.89801007680344, 88.90049680179524, 61.2575418080897, 0.441195249415, -0.100495223659, -0.891766483961, 0.72281526877, 0.628737017883, 0.2867539879, -0.531869193624, 0.771096927996, -0.350035267521,  
696, 2646390.296009406, 85.80681105022228, 106.32942744361235, 84.97252838876288, 69.92512794811087, -0.044429015918, 0.817648825288, 0.574000401611, 0.973690885101, -0.0931011095023, 0.207986162232, 0.22349971547, 0.568139579606, -0.79200081772,  
697, 3047605.831695593, 89.94079641585148, 104.42768828717958, 93.61449703992245, 74.4237268784742, 0.956635505283, -0.15476023631, -0.246774754157, 0.0672385442537, -0.706984129717, 0.704025864933, 0.283421044029, 0.690088914261, 0.665920267161,  
698, 1671042.6089124742, 73.61499803813801, 95.58738564510517, 88.52902674176353, 47.14250340977141, -0.667321752738, -0.712932885785, -0.215426039951, 0.0150576236761, -0.302107884939, 0.95315481105, 0.744617315332, -0.6328171349, -0.212338238394,  
699, 987841.9618300648, 61.78261511009802, 121.49549781606964, 68.81561771663407, 28.206659992763996, 0.903596530024, -0.424540811071, 0.0572574070703, -0.338994730372, -0.790346877303, -0.510327724425, -0.26190815892, -0.441720401694, 0.858071793627,  
700, 1028816.4915959035, 62.62529278831077, 103.10854922893327, 65.91195168387077, 36.14019239293182, 0.420104670475, 0.896062230758, 0.143473148898, -0.428439209734, 0.0564744835562, 0.901804012117, 0.799969942815, -0.440321599875, 0.407633388323,  
701, 2359583.353982953, 82.587738020938, 102.04772816919744, 79.06938887818475, 69.81278952078067, 0.708898241726, -0.614980278866, 0.345344088532, 0.394784932419, 0.751721723289, 0.528260643878, -0.584472531445, -0.238146398966, 0.775679155738,  
702, 2381554.0644144546, 82.8432786764316, 121.07988588103628, 74.74006614913911, 62.827004671510004, 0.848335157202, -0.488911355437, 0.203207154352, -0.363676622609, -0.259146144029, 0.894752809553, 0.38479445841, 0.832951956933, 0.397648415334,  
703, 1838660.7821283462, 75.99837994107816, 101.59825097875017, 74.52297694447991, 57.974441930928066, 0.11086051867, -0.875930783506, 0.469526578489, 0.884019376189, -0.12895989082, -0.44930956932, 0.454114179391, 0.464881284918, 0.760043224435,  
704, 2861246.672200364, 88.06883074455662, 104.50523048467466, 84.22787200275744, 77.60198590093965, -0.988177529448, 0.142063351824, -0.057646980511, 0.129592281105, 0.573072808642, -0.809193052784, 0.08192076032, 0.80709699545, 0.584707986062,  
705, 2386673.076180979, 82.9025918009922, 114.1236526133964, 83.33556493081511, 59.909856264297325, 0.506001108354, 0.805084061701, -0.309519840946, 0.50314496445, 0.0159612380884, 0.864054618428, 0.70057692161, -0.592945943973, -0.39699758744,  
706, 3540458.6655098116, 94.54900721856846, 122.3544388499317, 97.61744390204301, 70.76585496241692, 0.612124022749, 0.72051893682, 0.325816884857, 0.358078902604, -0.619928800759, 0.69818892966, 0.705041615994, -0.310710063683, -0.63747594154,  
707, 1138904.3587707193, 64.78376965572552, 99.04221165314111, 65.5734379941172, 41.86492927133122, 0.245450849349, -0.943325834258, 0.223361256655, -0.844168949127, -0.0947146938879, 0.527643735954, 0.47658437436, 0.31806524045, 0.819574180251,  
708, 2827153.4044613945, 87.7176365714239, 97.8196874707997, 88.12791373349002, 78.29265216854338, -0.235915492325, -0.121546977752, 0.964142216004, -0.839946207672, -0.473447732013, -0.265212392752, 0.488706710306, -0.872395310196, 0.00960073177065,  
709, 1403423.909764035, 69.45445172053242, 87.8457325312471, 82.68987774053103, 46.12402973054639, -0.356862933854, 0.516047642262, 0.778680728769, 0.119775209639, -0.801408592165, 0.586001849451, -0.926446299359, -0.30238898677, -0.22418330688,  
710, 2973964.7345896857, 89.2104510156287, 103.2616208409285, 93.86685829661602, 73.24803609692343, -0.980047053793, 0.18400745366, 0.075160024946, 0.197931264503, 0.868860312869, 0.453767529968, -0.0181930449533, -0.45959004963, 0.887944817766,  
711, 3013172.0326804984, 89.60077638873686, 106.0340053635061, 100.17905916809129, 67.7194158004812, 0.259466446585, -0.809211559148, 0.527118407607, -0.855479384383, -0.445860253724, -0.263369810429, 0.448143041888, -0.382603301986, -0.807949582163,  
712, 2661732.281575461, 85.97230831436994, 92.37659352694999, 87.17149587975726, 78.91132226839032, -0.506881950012, -0.859862216173, -0.0608905407375, -0.854875035076, 0.492354497771, 0.16363289073, 0.110722008458, -0.134996361888, 0.984640350138,  
713, 2804475.001189412, 87.48246021547759, 132.14842339352876, 89.51776015258991, 56.596786171057886, -0.11307942767, -0.191335091125, 0.974989192731, 0.240936919569, 0.946714714068, 0.21373032297, -0.963930725637, 0.259079395306, -0.0609542705728,  
714, 3581070.613408363, 94.90915172875408, 111.0382519935988, 91.64690800120364, 84.01055268909403, -0.215462367386, 0.928462205328, -0.302545701537, 0.0308887406701, 0.316147819375, 0.948206961588, 0.976023490465, 0.194957661, -0.0967969858887,  
715, 2523130.456216452, 84.45337933458686, 150.95019236549732, 83.9571210360211, 47.529132536480034, 0.712703630068, 0.701250924954, -0.0173400097892, 0.551961793313, -0.575888541452, -0.60306763016, 0.432887646406, -0.420237466292, 0.797501572107,  
716, 1949889.5742368747, 77.50096960755553, 101.28913124244816, 79.9406117617637, 57.48983923859564, 0.677563517603, -0.695368173538, 0.239521988226, -0.257913832683, 0.0803373776482, 0.96282208152, -0.688758400692, -0.714149150376, -0.124911394569,  
717, 3785764.80080492, 96.68408834893205, 115.3351154324028, 90.47180533193304, 86.61442137215502, -0.62279857547, -0.274042744067, 0.732818196292, -0.15576579673, 0.96132996877, 0.227116066615, -0.766719603872, 0.0272995525504, -0.641401421474,  
718, 1862636.838957184, 76.32729291259652, 101.16927358702344, 72.78990774833521, 60.383707971543394, -0.989920563214, 0.0789702709148, 0.117562642184, 0.14143154696, 0.594466452409, 0.791584963529, 0.00737536781327, -0.800233299277, 0.59964345296,  
719, 4517964.052295229, 102.55371263595215, 116.06857553826899, 102.59744955941323, 90.57387371980012, 0.404429079407, -0.443095576581, -0.800064640979, -0.718236344767, 0.387694324072, -0.577779944389, -0.566192257794, -0.808306514323, 0.16145248873,  
720, 2565861.7218966316, 84.9274751378769, 106.78928845901821, 96.03550899894229, 59.72898068197097, 0.204041586848, -0.424929499254, 0.881930808794, 0.978961965849, 0.0879156310953, -0.184131233719, 0.00070728930368, 0.900947147436, 0.433928262815,  
721, 3122197.641077267, 90.6686732264431, 112.34872068588902, 85.48175735043372, 77.61223832384837, -0.363045787142, 0.931685607188, -0.0126366845693, -0.118422539978, -0.0326846734169, 0.992425218416, 0.924215266301, 0.361792262883, 0.122198609053,  
722, 3006215.253988531, 89.53176682051532, 104.74683803237343, 88.03881265595487, 77.8245048451513, -0.944101547885, 0.13682571675, 0.299918306405, 0.329554596903, 0.414164443859, 0.848446569386, 0.00812618859525, -0.899859176026, 0.436104836456,  
723, 2950142.7841368266, 88.97161533843774, 111.32354003334027, 91.52819069839515, 69.121402402936, -0.128809474988, -0.552285859116, 0.823643399157, -0.145211150551, 0.832114348272, 0.535256418135, 0.980980041035, 0.0506561074314, 0.187382277366,  
724, 2481592.257182966, 83.98736165223302, 99.29719249190099, 88.31401729222061, 67.55775448926997, 0.275970305367, -0.776312201227, 0.566727233139, -0.643695948784, 0.288598859132, 0.708777979361, -0.713789826262, -0.560401699439, -0.420064303639,  
725, 1568246.544916795, 72.07343872673003, 101.00273307932312, 90.94915084180052, 40.756225436300326, 0.645375666039, 0.168851245792, 0.74496946681, -0.541346121679, -0.586962706087, 0.602012589741, -0.538919869951, 0.791810607695, 0.28740448033,  
726, 3119588.3659439757, 90.64340838878886, 120.28582148769834, 87.07226275321536, 71.10733685431772, 0.158836605534, 0.919706045169, -0.359042787453, -0.573827005954, 0.381926355218, 0.724468651101, 0.803426101132, 0.0909563063764, 0.588416052084,  
727, 2914827.552947526, 88.61517216982948, 120.32957161114932, 90.08421237928822, 64.19529522651723, -0.0309754429954, -0.110480106188, 0.993395524486, 0.39529040487, -0.914200552937, -0.0893467673, 0.918033778109, 0.389912163373, 0.0719894930191,  
728, 3348413.5975975413, 92.80759014416995, 112.5979664886907, 95.66453008179874, 74.21112200866763, 0.20191099818, 0.145536851607, 0.968530316324, 0.734712421961, -0.676419196912, -0.051524043561, 0.647633851671, 0.721994525515, -0.243504207966,  
729, 3509290.002192922, 94.27073285399821, 104.2679611937097, 102.77785663137304, 78.17721800409228, -0.880433609733, -0.2142919613, 0.422984177217, -0.16508086635, 0.974772056341, 0.150225649417, 0.444505305276, -0.0624371163632, 0.893597582854,  
730, 1690090.5006950847, 73.89364965195114, 113.93970363958412, 77.46603546621247, 45.71249602844639, -0.916724128652, 0.394561187915, -0.0627562023974, 0.347426404643, 0.864850720915, 0.362392223827, -0.197260653209, -0.31041053385, 0.929910498473,  
731, 3515873.341977831, 94.32964587086575, 113.41600446414029, 94.39035460204374, 78.40479994162419, 0.712645059903, -0.102804032847, -0.693951258682, 0.240793407489, 0.964952854158, 0.104328922938, 0.658904813692, -0.241448379746, 0.712423417928,  
732, 2048734.2653945351, 78.78901552080454, 115.39330162124992, 75.55747696645207, 56.09691456346728, 0.379141298988, -0.537546042235, -0.753190631832, -0.471939909286, -0.812471958432, 0.342289407934, -0.795942584251, 0.225684667708, -0.561731104121,  
733, 3351074.596036357, 92.83216849586573, 114.64223575677626, 90.9247221074345, 76.7483162925212, 0.602096418583, -0.301638343236, -0.739252468795, 0.345768144683, -0.73605567422, 0.581950543062, -0.719669571993, -0.606000292358, -0.338879555019,  
734, 3201994.86937373, 91.43462206753621, 101.14235562570929, 91.48261989264465, 82.61527725475328, 0.685108319312, 0.65968572008, 0.308935821057, -0.494601450629, 0.109914672521, 0.862141618181, 0.534785934599, -0.743460500287, 0.401584970669,  
735, 3030720.2930500885, 89.77438028757243, 118.50263432607778, 98.62568273868602, 61.906923226136016, 0.00464715888069, -0.923604841972, 0.383317753046, -0.692303837439, -0.279576203309, -0.665246227505, 0.721591158885, -0.262280846479, -0.640714411411,  
736, 3291752.92038711, 92.28112352150258, 105.67893790752049, 97.80831879069085, 76.02814360911196, -0.244035757999, -0.968065971188, -0.0574005596229, -0.854602972968, 0.242655202019, -0.459099348211, 0.458367000789, -0.0629819685338, -0.886528603164,  
737, 2973459.5669863177, 89.20539953433487, 99.884407274141, 89.22621754926209, 79.64953566971317, 0.820353041536, -0.507318331626, 0.263910965365, -0.325488224455, -0.0347792167649, 0.944906250282, -0.470189645765, -0.861056627916, -0.19365737925,  
738, 4441346.149796954, 101.97068523792102, 144.30255068357422, 92.65156493682035, 79.3047583880538, 0.104987346916, 0.97128193314, -0.213515955712, 0.940369922504, -0.166812612633, -0.296442171623, 0.32354607993, 0.169661305613, 0.930877529829,  
739, 3222661.9579934594, 91.63092014675584, 100.88098817680127, 90.41840802071192, 84.34511976323527, -0.998683993236, -0.0479716628929, 0.018138390604, -0.0441800939249, 0.625092195567, -0.77929959986, -0.0260461312904, 0.779075392116, 0.626388962582,  
740, 2896443.281721039, 88.42847588089714, 99.20156221932726, 96.35706580287328, 72.33930652153141, 0.973211024742, -0.170329302852, 0.154428721131, -0.215280154438, -0.439302082398, 0.872162906518, 0.0807140410662, 0.882043994929, 0.464202148406,  
741, 3534299.1509439847, 94.49414483126846, 116.65607588745561, 97.22644658501247, 74.39143223786063, 0.597964029381, -0.0698156861143, 0.798476542886, -0.212526127431, -0.974352135245, 0.0739632456265, 0.772833529763, -0.213924487885, -0.597465186231,  
742, 381498.83351975994, 44.991955386268145, 112.0406765622665, 58.291080234986396, 13.945265233465816, -0.960658373261, 0.0246932730595, 0.276632847197, 0.0236779644898, -0.985131490893, 0.170162568292, 0.276721599953, 0.170018198778, 0.945790129048,  
743, 2068731.880380942, 79.04453809913265, 135.33494446495624, 78.89305835418511, 46.255870312697496, -0.181102907706, 0.878353719493, 0.442375949022, -0.10973042413, -0.46505234614, 0.878456344601, 0.977323370661, 0.110548897789, 0.180604458298,  
