# Void_ID, Void_Volume, r = (a*b*c)**(1/3.0), a, b, c, vector_a, vector_b, vector_c 

0, 1572595.3281929072, 72.13999766877649, 123.75856098713892, 71.9018899684359, 42.19031955428258, -0.947388715749, -0.247424565004, -0.203065767435, -0.305935995212, 0.88649309505, 0.347178857739, -0.0941158228178, -0.391038459823, 0.915549635375,  
10, 362050.5486083074, 44.21404003961454, 98.4574807900321, 53.54842468179495, 16.39400949108322, -0.722896734164, 0.679418502334, 0.125741045098, 0.137978755435, -0.0363692953425, 0.989767213745, 0.677039271227, 0.732849079308, -0.0674540745442,  
37, 1434411.1256790978, 69.96191340465094, 138.25290511002598, 89.78488654738364, 27.587194171164715, -0.082707426737, 0.0109670756978, 0.996513524651, -0.786645529018, -0.614624808514, -0.0585248360567, 0.611840087963, -0.788743347363, 0.059461237385,  
53, 1049659.3976843883, 63.04537946218039, 106.10453089482355, 60.49940419066335, 39.03684963402235, 0.531657169348, -0.297045274117, -0.793161244266, 0.280614532806, -0.821807991273, 0.495870052996, -0.799122104724, -0.486205440739, -0.353564889569,  
59, 2580635.1477795416, 85.09015855187522, 136.78846340611418, 84.96269235123806, 53.01029994090398, 0.498426551375, 0.753664170741, 0.42844053336, 0.734159144785, -0.104108600799, -0.670948395458, 0.461065421619, -0.648962030462, 0.605199933911,  
73, 348131.01521585986, 43.63999603189005, 95.55400166479359, 41.99699431605154, 20.710329969915545, 0.142686244096, -0.857758964833, 0.49385240102, -0.452776939457, 0.38712167596, 0.803199757905, -0.880132762055, -0.338210535392, -0.333136540938,  
119, 672676.5491705927, 54.35496570893951, 78.79406363398942, 59.67663656606549, 34.152290940856524, -0.485229046921, 0.663335796864, 0.569682712238, 0.87373828044, 0.392929818007, 0.286683755059, 0.0336777273316, -0.636860878622, 0.770242839605,  
130, 856487.0820379944, 58.91294536672134, 81.71795276302359, 59.52191784018146, 42.03759035661477, -0.998035004867, -0.0522654392396, -0.034560858218, -0.0621606260311, 0.895285902388, 0.441134004082, -0.00788578665015, -0.442415502494, 0.89677552237,  
133, 2247233.8580343532, 81.25558476152814, 116.29058910428195, 74.51146805942376, 61.91444289877897, 0.932178310373, 0.0387557140964, -0.359918869045, 0.257282304913, 0.628496279706, 0.734028774623, -0.254655479519, 0.776846459103, -0.575899440641,  
168, 1190983.9151976807, 65.75656155231748, 133.6873081411588, 97.65673241238788, 21.77834731299515, -0.510832031114, 0.635220059245, -0.579263422219, -0.525506151436, -0.763995463191, -0.374371763126, -0.680363080121, 0.113165403528, 0.724085402872,  
204, 2701335.5383175416, 86.39659782992474, 98.58230460176881, 88.87334819301068, 73.60705027976188, -0.862915611088, -0.485045237806, -0.141801852674, -0.146121192611, -0.029128763264, 0.98883775829, 0.483761558218, -0.87400379429, 0.0457397240664,  
230, 1531420.960056667, 71.50482133666556, 122.72418858335288, 91.75206280865633, 32.46833147919443, 0.126182460156, 0.808327019177, 0.575052533963, 0.931385861232, -0.296072678514, 0.211804972875, 0.341465026388, 0.508869727049, -0.790223535873,  
248, 3132691.7156683737, 90.77014233024212, 120.58537525447994, 90.49621014725763, 68.53367458892825, -0.41144612283, -0.891190079264, -0.19102965903, -0.196611783394, -0.117873212664, 0.973370285332, -0.889975221362, 0.438048111921, -0.126719994491,  
277, 2976220.66265329, 89.23300244804665, 121.65877585020785, 96.0914893502275, 60.77824441358561, 0.680292545363, -0.728599200788, 0.0796571235725, 0.166432852137, 0.259405190583, 0.951319637571, -0.713794198949, -0.633918095427, 0.297734260434,  
299, 4269316.574599257, 100.63674543722666, 138.9770231655981, 119.41798789194756, 61.41253091131295, 0.845435471347, 0.229287933536, 0.48235454525, -0.503140307306, 0.0390098206566, 0.863323847149, -0.179133176582, 0.972576617767, -0.148344287455,  
327, 2564321.0436832723, 84.91047342818437, 149.90625291687462, 85.9612530663142, 47.507404152178516, -0.0824492736572, -0.982543756672, 0.166762956011, 0.150521541001, 0.153135877076, 0.976674290051, -0.985162617525, 0.105627502935, 0.135268058519,  
336, 2009113.0349042895, 78.27779568169574, 143.53067112505076, 80.07541662783171, 41.732253760298, -0.737468326689, -0.347078123839, 0.579376598666, -0.644947266088, 0.107290075153, -0.75665835338, -0.200458202866, 0.931678923088, 0.302970119283,  
370, 1832392.5377624165, 75.91191868023095, 115.64686119623876, 70.60962155542322, 53.57129827252258, 0.383962977771, 0.891794269581, -0.239322820568, 0.8199567846, -0.448490904938, -0.355706029716, 0.424550707325, 0.0596564240534, 0.903436665173,  
440, 2919497.88247355, 88.66247527839172, 147.4535750929432, 82.9758699842644, 56.96556825136876, -0.233715293913, -0.766312883059, -0.598449435332, -0.0650123830067, -0.60180169864, 0.795995041172, -0.970129141634, 0.224942838901, 0.0908304342187,  
449, 2266396.570695616, 81.48589344462313, 127.96508759943293, 79.4384683015304, 53.22613548084196, 0.384596520421, -0.0984689617312, -0.917817727033, -0.796808393809, 0.466564412803, -0.383945350619, -0.46602778891, -0.878988914766, -0.100978154479,  
464, 2701253.2571156877, 86.39572062332542, 116.02132285109379, 85.98284745419505, 64.64382680253627, -0.940343947809, -0.0468227938331, 0.336987960908, 0.0142175194385, 0.984211512484, 0.176424377102, -0.33992811293, 0.170690728138, -0.924831635146,  
484, 2251615.0493921237, 81.30835558841723, 117.91234811372925, 88.02748651440733, 51.787857459263364, -0.806340296892, 0.175580003594, 0.564789330588, 0.565852264933, 0.506911411631, 0.650270739791, 0.172123618013, -0.843926823307, 0.508095440863,  
488, 350163.4551675184, 43.72475686340165, 126.6039321041591, 32.56656441687073, 20.27510303251923, -0.366950320592, 0.373834251759, -0.851818885931, 0.0475762857278, 0.922041056253, 0.384157243353, 0.929023120947, 0.100440244901, -0.356128906368,  
517, 2303484.5500759804, 81.92797704823697, 123.63934562544509, 108.58515824228343, 40.96090353663332, 0.486986804311, 0.433266723186, -0.75836917066, 0.291807906647, 0.737680441586, 0.608831431284, -0.823220503902, 0.517790993241, -0.232809985338,  
524, 2967280.0561912404, 89.14356045105816, 126.1739318795026, 88.50265156376688, 63.43720045518385, -0.981541056694, -0.159584540923, 0.105403644734, -0.150035731863, 0.984289164305, 0.0930812558799, -0.118601994878, 0.075548761276, -0.990063609815,  
559, 3140117.8616407784, 90.84181023883252, 119.83893310899884, 105.54493016620981, 59.268239761922956, 0.203188220498, -0.185307898259, 0.961444501723, -0.959252922801, -0.234570006393, 0.157514260304, 0.196337406393, -0.954273490643, -0.225419005204,  
579, 2385304.119093287, 82.88673824074026, 116.84629263382097, 90.16333250306157, 54.05181183885704, 0.29577883475, -0.706231796267, 0.64323520648, 0.787402090471, 0.561491592374, 0.254411359054, -0.540844551453, 0.431235250919, 0.722165721652,  
583, 1836277.781191186, 75.96553311601275, 129.56034161890213, 92.18260648635892, 36.705293560215964, -0.945170840654, -0.318215257165, 0.0734243289688, -0.185158636212, 0.707364545375, 0.682166899947, -0.269013682577, 0.631169113673, -0.727500645039,  
690, 719112.5838532601, 55.57798020654236, 109.90708900200735, 55.366398237083885, 28.212157637064223, 0.786954918358, 0.207203188804, -0.581178797808, 0.434503085128, 0.482659891765, 0.760425208614, -0.438074223718, 0.850944338621, -0.289801150935,  
702, 1379941.2271215757, 69.06489038074429, 131.22887029759684, 67.02309966674612, 37.455714088764715, 0.253963488814, -0.684489688815, 0.683356724014, -0.817841312082, -0.529164544595, -0.226098370177, -0.516370152702, 0.501456628882, 0.694192419109,  
711, 1101265.396916051, 64.06209365592588, 157.8984063401965, 50.61365299678284, 32.89712568657366, -0.546703174194, -0.829228092213, -0.116174052226, 0.149111534174, -0.232941908812, 0.96099106005, -0.823942588839, 0.508053971743, 0.25099755396,  
740, 726974.5345037116, 55.7797884605146, 140.71206523646413, 68.40174250391661, 18.031509548103898, -0.289379554112, -0.867322672689, 0.404982536787, -0.957042044524, 0.270186003056, -0.10521429925, 0.0181658656915, 0.418032182006, 0.908250569023,  
753, 317858.72718764964, 42.336521961313295, 70.24925897984039, 53.98404164229885, 20.009599092749855, 0.299044181385, 0.895080807726, -0.330761130153, 0.826558468967, -0.41618103104, -0.378938579169, -0.476837157696, -0.16007403613, -0.864293137771,  
816, 1924402.8009065264, 77.1618189877474, 111.19505337227486, 89.38822359419527, 46.22124046881279, -0.106615960493, -0.993621073451, -0.0367450590085, -0.721543688861, 0.102742925822, -0.684703290673, 0.684110913546, -0.0464871335636, -0.727895050389,  
820, 1921487.7838863395, 77.12283863806651, 131.70488815990223, 85.09345599456047, 40.93086870134181, -0.414634397487, 0.81564528151, -0.403486172219, 0.896690852546, 0.290693711812, -0.333830317487, 0.154996230216, 0.500219892312, 0.851913274902,  
849, 1855858.3644046006, 76.234590729983, 99.74089487156273, 95.80932361255262, 46.36339016547537, -0.575636465647, -0.145238330748, 0.804703974577, 0.636085771686, 0.538874041918, 0.552276794738, -0.513845843106, 0.829771410829, -0.217811513226,  
871, 2729291.0251478464, 86.69360830774184, 109.87372074232778, 84.40492321588941, 70.25862190665639, 0.849586745349, -0.525349837405, 0.0470096848168, -0.445495099616, -0.667009122729, 0.597187530357, 0.282376483344, 0.528305194499, 0.800722887845,  
895, 1569655.9847847954, 72.09502392992442, 125.55923566681878, 56.5183207593525, 52.80535392478129, -0.579608593307, -0.421401551162, 0.697477319518, 0.408031384526, 0.590806520354, 0.696030203906, -0.705382355752, 0.688017723744, -0.170491477817,  
903, 660797.601118505, 54.0331080578849, 111.26775567815432, 93.20376402615996, 15.21167606711799, 0.0096330343897, -0.041824195953, 0.999078546102, 0.982295992494, -0.186536803341, -0.0172801657681, 0.187087647316, 0.981557312454, 0.0392868246324,  
931, 311451.82265039673, 42.050137717501975, 98.76059966814634, 67.21649256279831, 11.200636484023665, -0.08579013343, 0.611546911288, -0.786543341654, 0.995690074295, 0.0247085385687, -0.0893910737796, 0.0352324985734, 0.790822270435, 0.611030938356,  
971, 1478725.9646085901, 70.67508884430836, 100.05725710061405, 71.4345826788766, 49.390336394636286, 0.374953678312, -0.09455735806, 0.922208569228, -0.239998953234, -0.970771173502, -0.00195733069625, 0.895438574982, -0.220595182934, -0.386687889259,  
973, 1350252.636697491, 68.56599903462157, 108.31448289708447, 71.99752873784696, 41.3354151856743, -0.480132246434, -0.172894178731, -0.859988737656, 0.840147285421, -0.372549586343, -0.394156497493, 0.252241084548, 0.911764448022, -0.324129644725,  
994, 1067181.0270276046, 63.394244240422005, 116.2490393862429, 101.33257574723646, 21.627734588679825, 0.260911767026, 0.92774426116, 0.26686257833, -0.776431778308, 0.0374019989933, 0.629090441912, 0.573653853348, -0.371337685075, 0.730088748155,  
996, 1793319.4133214965, 75.36846672559993, 111.0436119358037, 80.33229611016424, 47.99381581081347, -0.59037912588, 0.170882854378, 0.78882921967, -0.131236258396, -0.984648700965, 0.115082492891, 0.796385291305, -0.0355806937459, 0.603742065807,  
1008, 1808418.2772489015, 75.5793976083388, 133.89008628291958, 97.74443506949788, 32.98905052588729, -0.810338295504, -0.428188202287, 0.400008387741, -0.0257702034441, 0.708033864938, 0.70570811439, -0.585395373619, 0.561554013006, -0.584781452358,  
1022, 173299.5913372137, 34.586210186275956, 93.82308597663548, 52.1349245576713, 8.458054251131054, 0.570635203039, 0.274142365064, -0.774093940507, 0.70455817765, 0.320812800766, 0.632990458988, -0.4218687466, 0.906600855141, 0.0100821674431,  
1034, 866351.9314066129, 59.1382650692345, 92.57415344673043, 62.15699592999929, 35.94396416801744, 0.767600744804, 0.309780187182, 0.561092980001, -0.335263074845, -0.552047285971, 0.763441199241, 0.54624881439, -0.7741317909, -0.319894049797,  
1051, 756183.0261968398, 56.51704393537941, 90.79164640304839, 79.36707565155302, 25.05255620350753, 0.279293714708, 0.358694962131, 0.890692396435, -0.850099018109, -0.33893316956, 0.403058266237, 0.446460166571, -0.869748372067, 0.210264331144,  
1069, 2654887.7292125104, 85.89855345455656, 137.10029356815446, 88.8553496657833, 52.027814832995446, 0.777533988163, 0.44728770389, -0.442011998932, 0.467262595415, 0.0594557356153, 0.882117159128, -0.420840307216, 0.89241174659, 0.162771958184,  
1082, 1229187.4701636103, 66.45227267136468, 86.31349019535531, 74.33252579200551, 45.73744990770256, 0.263709167881, 0.338134201072, 0.90339511668, 0.578372726998, 0.694092717884, -0.428626046392, -0.771973097615, 0.635531715217, -0.0125289868998,  
1089, 1770206.693601997, 75.04327685281639, 111.291939715423, 75.58275134088396, 50.23992247066313, 0.216230795362, -0.220275555951, -0.951169239719, 0.647690718642, -0.696622588119, 0.308567176976, -0.730575783969, -0.682785214524, -0.00796082316301,  
1090, 1982719.5773993544, 77.93350854787131, 115.00767544712112, 74.35283741763097, 55.35391130310572, 0.879233401964, -0.0467557621878, 0.474091260807, -0.330410641012, 0.657061092788, 0.677568836836, 0.343187169308, 0.752385950857, -0.562261458554,  
1092, 1700339.7466865378, 74.04272024585475, 117.68571441090586, 87.22532581148667, 39.54401381546872, 0.603121783978, 0.755933601769, 0.254575142951, 0.738657612193, -0.408852219507, -0.535933572893, 0.301046583839, -0.511277079793, 0.804963789271,  
1101, 1378979.5538157262, 69.04884300740542, 97.92503223252108, 71.15847514008244, 47.24423939211829, 0.733779933277, -0.502691622606, -0.457020942718, -0.594290745372, -0.800909288198, -0.0732312914207, 0.329219561214, -0.325338968831, 0.886436143145,  
1132, 2391002.7468484617, 82.95269279584849, 107.68652578390034, 77.89753556924504, 68.04659239766512, 0.694490348617, -0.717859307323, 0.0485918775883, -0.570183815477, -0.50791568107, 0.645687290793, 0.438832054716, 0.476129893844, 0.762054297239,  
1138, 1084023.866586309, 63.72601257275532, 136.24765129921923, 51.96086980636994, 36.554832469926595, -0.588963934552, 0.434173425353, -0.681626672391, 0.716851193144, -0.108778677304, -0.68868829397, 0.373156603432, 0.894237460679, 0.247171020215,  
1154, 603529.7536707314, 52.424789103322865, 93.34229337406586, 65.50226742756107, 23.56542492550922, -0.981432558735, -0.189247324787, -0.0312343195309, -0.00435826509007, -0.140797412841, 0.990028834965, -0.191758019861, 0.971782660165, 0.137358375139,  
1156, 1080003.4771907758, 63.64713338322765, 120.92050321223363, 49.072966487309515, 43.450450787493104, 0.127657174298, 0.902992217511, 0.410254434425, 0.532845575543, -0.411315235261, 0.739523745303, 0.836528085885, 0.124196748579, -0.533662748529,  
1188, 2119652.701534815, 79.68783598546936, 122.29286242223753, 100.1901084579133, 41.30000864701876, 0.666160349575, 0.727939546231, 0.162278790011, 0.146424184312, -0.341006380177, 0.92858742557, -0.731293611966, 0.59482658457, 0.333752883711,  
1204, 3022374.3153741537, 89.69189782797523, 108.88848928813447, 98.23684668784266, 67.45330825362389, 0.185170875464, -0.919463963808, 0.346839683627, 0.384126635126, -0.257140094977, -0.886750077385, 0.904521130249, 0.297430648747, 0.305575742034,  
1206, 2460018.4505646625, 83.743270614307, 107.45079985125575, 101.6778841222365, 53.75434846057658, 0.256548877464, 0.635769587294, 0.727997050367, -0.685000716849, -0.411779179651, 0.601009089051, 0.681877328695, -0.652866708507, 0.329861136745,  
1207, 2444617.3595245685, 83.56814474237692, 119.41912876798338, 89.0197908035112, 54.89866888333241, 0.820386814509, -0.149290513819, 0.551976283062, 0.449620398164, 0.764820941883, -0.461400503264, 0.3532803025, -0.626706685252, -0.694573076447,  
1216, 2133253.846672658, 79.85791664985155, 131.73697395899617, 70.27821255970355, 55.007959793297026, 0.239157044971, 0.556048152777, -0.795998969619, -0.480905009246, 0.780010632707, 0.400392039066, 0.843524913635, 0.287043314951, 0.453951380016,  
1231, 2840130.968364414, 87.8516493258737, 123.52580055719899, 87.81557073465238, 62.50583376421588, 0.311597739692, -0.83342746482, 0.45640498409, -0.83538548409, -0.0113848129639, 0.549546612223, 0.452811154445, 0.5525115808, 0.699780688139,  
1245, 2255091.7114517717, 81.35018279534859, 117.42443887927678, 84.57186135182002, 54.211474113434626, -0.713138946587, -0.441351564573, 0.544648179387, -0.697061250127, 0.36396301538, -0.617767380983, -0.0744208064486, 0.820207120113, 0.567205274731,  
1261, 1951247.5696430954, 77.5189572137577, 107.73560665738755, 66.44820816981694, 65.07006341743877, -0.989504445858, 0.0249001319626, 0.142340911392, 0.140525553202, 0.395321284604, 0.907729943781, 0.0336677965567, -0.918205350326, 0.394671273477,  
1270, 1519850.71708294, 71.32428737061629, 105.25776397541914, 90.34251451179601, 38.15627844181779, -0.0852189796855, -0.877202604884, 0.472496894684, -0.978912139257, -0.0146511435877, -0.203755656623, 0.185657612599, -0.479896795131, -0.857455723001,  
1273, 2043660.6281142288, 78.72392210588715, 143.0856479406055, 61.74283794508118, 55.2252266437703, 0.664995918963, 0.746779315329, 0.0100539524281, -0.460548460188, 0.399439652222, 0.792680944675, 0.587941785878, -0.531759925559, 0.609553802374,  
1284, 2297704.7770544877, 81.8593966429689, 95.3553528275841, 83.27991026019305, 69.07490430191034, -0.204304431982, -0.975225133621, -0.0848271054888, -0.972072716695, 0.212336868626, -0.0999384194413, -0.115474380408, -0.0620402528646, 0.991371108362,  
1287, 1000252.5905107622, 62.040271805140165, 128.30966973903782, 52.689924982599486, 35.321090878541334, -0.583288904541, -0.812197033261, 0.0104896616231, -0.0124137735141, 0.0218261948089, 0.999684708019, -0.812169903448, 0.582974781944, -0.0228134072801,  
1288, 2076375.827714943, 79.1417747411234, 133.37510738144795, 72.83069218793912, 51.030301637986376, -0.0534369947295, 0.228811594611, 0.972002953579, -0.933054665173, 0.335332873631, -0.130233849908, 0.355743558471, 0.91389119595, -0.195574544796,  
1301, 1356105.2872308367, 68.66492235528189, 171.02448119553878, 75.82980332217444, 24.963563991626827, -0.0308891741007, 0.867239932535, 0.496931341676, 0.563160638314, -0.395642320571, 0.72547725645, 0.825769916125, 0.302261564857, -0.476174329456,  
1307, 2290409.7677778415, 81.77267268507158, 140.19360270457892, 98.96953850211725, 39.40894750070825, 0.461583947769, 0.127370900365, 0.877904842738, -0.505720769156, -0.775290121673, 0.37838040499, 0.728825605208, -0.618629033408, -0.293447365328,  
1314, 3233496.022888622, 91.73348803936261, 133.22282519450752, 107.6738770276802, 53.8139327259458, -0.000831411883021, -0.900063503258, 0.43575795903, -0.0926686978921, -0.433813694243, -0.896224408906, 0.995696651187, -0.0411262542829, -0.0830470350067,  
1332, 1071779.1444653405, 63.485161814308796, 109.23382419475082, 92.53120862521556, 25.31461457774978, -0.944624194655, 0.234665752458, 0.229384209342, -0.285102060186, -0.933004763322, -0.219588084597, -0.162486756844, 0.272826128225, -0.948242562643,  
1348, 3174108.0007643364, 91.16840639587295, 121.73824422562352, 99.36177878534255, 62.64504116469656, 0.523523186503, 0.0472222667198, 0.850701787185, -0.801551523592, 0.365806423602, 0.4729702057, 0.288857453117, 0.929492182849, -0.229359224364,  
1361, 2442096.15698306, 83.53940613555496, 149.28992615412545, 94.8337349516258, 41.17947376423992, 0.310799114442, 0.334706126999, 0.88959300751, -0.851473717195, 0.513959607615, 0.104105862787, 0.422370002946, 0.789821074858, -0.44473166103,  
1375, 2580462.2104069423, 85.08825777986488, 109.83762263533511, 88.36789572788153, 63.469233923850524, 0.387093971255, 0.919603837261, 0.0669853708847, -0.51976667002, 0.157627565969, 0.839640494011, 0.761577879244, -0.359836536418, 0.538996104721,  
1382, 799239.0662671821, 57.56997375716603, 116.05253767816085, 73.74739662614174, 22.293936470322993, 0.419185526031, -0.543468156367, -0.727272890861, -0.742699290447, -0.665997957448, 0.0696023321723, 0.522188910966, -0.510968769779, 0.682810118243,  
1383, 2554908.6115050665, 84.8064570816101, 129.17112994250488, 92.6994000007533, 50.93829204342254, -0.892722865365, 0.0327035907475, -0.449417802058, 0.0580256477835, 0.997402248371, -0.0426823048057, 0.446854461602, -0.0641812285364, -0.892301440125,  
1391, 3000681.6829028, 89.4767990679595, 102.12705815088404, 97.6205945622576, 71.8536853083147, 0.626929319238, 0.690454578976, 0.360876853027, -0.580761952011, 0.10542372443, 0.807218305927, -0.519302593654, 0.715652368611, -0.46708297285,  
1392, 2582703.451745798, 85.11288491001298, 124.76756861988326, 91.3203441424811, 54.114877820808424, -0.452508504852, 0.34150698822, -0.823777293954, 0.881780986218, 0.309162518638, -0.356203354018, -0.133035128371, 0.887576201836, 0.441033037938,  
1396, 2622243.918753878, 85.54503845520723, 140.11603155166074, 97.98198153969682, 45.59848682715429, 0.347687675338, -0.885562112944, -0.30804711415, -0.900113270358, -0.223270202868, -0.374094262235, -0.262505963636, -0.407345259736, 0.874734507394,  
1407, 1680958.678339857, 73.76032293300297, 136.56362350606304, 76.12626166817725, 38.6010300118581, 0.700536114333, 0.491588249381, 0.517291161325, -0.217451073462, -0.543363495072, 0.810845942749, 0.679679470902, -0.680512384379, -0.273749358979,  
1408, 1865799.0742106996, 76.37046260804013, 119.13990705967723, 80.84427506515854, 46.245527322068845, 0.470591119574, -0.301208980683, 0.829347423058, -0.483325450647, -0.874368772352, -0.0433100299397, 0.738200858124, -0.380463401514, -0.557052145829,  
1414, 2789006.8234720966, 87.32132610473975, 144.8833568256026, 109.42597402819601, 41.997365389710055, -0.77860352149, 0.0336260031993, 0.626614593058, 0.433933790644, -0.692477616434, 0.576347305082, -0.453296836148, -0.720655286976, -0.524574051676,  
1415, 428776.76373909187, 46.77863492431497, 91.37293913540076, 33.68307651925605, 33.25931390261284, 0.342057095123, 0.900573051298, 0.268263159886, -0.664082264572, 0.029695323861, 0.747069564111, 0.66482455547, -0.433689251673, 0.608212087537,  
1418, 1506910.4886425145, 71.12128839490455, 140.5158430740148, 97.63770584370786, 26.2214067005625, 0.909598397831, 0.0784102122646, 0.408022785241, -0.274124704942, -0.624715568605, 0.731153954023, 0.312228123018, -0.776905590761, -0.546746104002,  
1422, 2296191.3423094116, 81.84141985340489, 108.62139255296181, 78.76960159113096, 64.06863195854608, -0.0503143778086, 0.794242648341, 0.605513896572, 0.338066065942, -0.55694790454, 0.758630586443, 0.939776461955, 0.242873726831, -0.240484000239,  
1424, 2344622.1077957107, 82.41281501402685, 128.1139621220647, 76.79099504728086, 56.89544369876093, 0.855765570423, -0.417245649594, -0.305894354923, -0.411468584973, -0.19048246641, -0.89129682686, -0.313622212317, -0.888607054825, 0.334691813548,  
1437, 565344.3338980655, 51.29497370452192, 86.49717202354577, 59.40421280009947, 26.266685895908616, -0.130757205673, 0.479683197291, 0.867644272384, 0.781683903272, -0.488423409348, 0.387830953594, 0.609813765448, 0.728935253254, -0.311095753801,  
1444, 649259.789012957, 53.71677928820071, 118.30047422749573, 58.66790382246513, 22.332782691952023, 0.199302563535, -0.273584485675, 0.940972910007, -0.397361110058, 0.855186908449, 0.332805498498, -0.895758134979, -0.440235029064, 0.0617291082336,  
1446, 1874304.9784982493, 76.48634060787371, 114.08567155032758, 76.21443628237562, 51.46160234127284, -0.754394944423, 0.623733491979, -0.204560012743, 0.0362079263184, 0.350694961805, 0.935789522188, 0.655421432287, 0.698548190713, -0.28714660254,  
1450, 1897981.5554403425, 76.8070572573607, 123.6086873204295, 74.06782868261116, 49.49083378640066, 0.0891750400948, -0.939912386382, -0.32956413359, 0.892914973832, 0.2220454644, -0.391661411485, 0.441305633016, -0.259346327648, 0.859062757081,  
1458, 2419889.0045849835, 83.28541337553588, 141.85495200513012, 110.02907995779928, 37.01304832843748, -0.903840807566, 0.381996190824, 0.192745180935, 0.420432506471, 0.709291952354, 0.565810422163, -0.0794248203025, -0.592438888428, 0.801690626987,  
1459, 1800586.0045762646, 75.47012806742246, 100.2537804350019, 86.03066333662751, 49.839219338294974, 0.546722081701, 0.155271393234, 0.822791443698, -0.590768839521, 0.767898452138, 0.247637124549, -0.593369314703, -0.621468230601, 0.51155654108,  
1466, 2485969.179492537, 84.03671037782378, 110.25538848062605, 81.91814659078497, 65.7093527257749, -0.0833293035596, 0.728363973648, 0.680104513336, 0.081532946148, -0.675206834459, 0.733108524975, 0.993181053918, 0.116540347481, -0.0031211453654,  
1467, 360922.73486511747, 44.16808230443845, 111.8081461552339, 50.38970991797285, 15.2936210651393, -0.990593642513, -0.0822596456991, 0.109350748066, 0.074157531174, 0.348879117916, 0.934229105547, -0.114999547753, 0.933550594114, -0.339497263973,  
1468, 2312148.919848078, 82.03057033070311, 107.58103033125542, 94.38630283103309, 54.3603843902294, -0.356151344929, -0.108961685517, 0.928053646399, -0.934408856706, 0.0351247257889, -0.354466277872, -0.00602561324859, 0.993425188289, 0.114324482318,  
1484, 3362659.5766163464, 92.93902197349294, 135.78219465031577, 111.09903831378804, 53.215870450785374, -0.115062356186, 0.264808940292, 0.957411551701, -0.812166492746, -0.580033410098, 0.0628238110188, 0.571966994022, -0.770348926338, 0.281808959118,  
1485, 1987526.9597857725, 77.99644462577211, 121.98227429579373, 72.84085353401039, 53.4014029209579, -0.767427047721, -0.2854289885, -0.574095827324, 0.0565800121894, -0.922092018287, 0.382811980002, -0.638634816345, 0.261297918737, 0.723787930969,  
1526, 1514122.9388403946, 71.23457593270136, 132.1637549854677, 84.82491843128157, 32.243094035667944, 0.348002235816, 0.83465968677, 0.42689302073, 0.846930507819, -0.475157053181, 0.238609492136, -0.40199895372, -0.278512086081, 0.872254469243,  
1529, 2251800.1495690495, 81.31058358599225, 107.49882090681228, 82.55561481392442, 60.57465056741918, 0.614728951654, 0.542606016534, 0.572439539882, 0.413838621443, -0.839730094541, 0.351555064995, 0.671450602353, 0.0207865134909, -0.740757726559,  
1530, 1413747.543001623, 69.62433892391809, 117.25752565063728, 77.72427624238368, 37.03273962541255, -0.273718991835, -0.689653796955, 0.670414464234, -0.939938266713, 0.339605721225, -0.0344094300943, 0.20394599353, 0.639566724007, 0.741188530177,  
1532, 982212.4046703681, 61.66502829658511, 131.10554655026715, 71.80761200931558, 24.907219936907374, -0.842956336882, -0.069945343372, -0.533415656924, 0.0756530700519, -0.997071423863, 0.0111887760065, -0.532636111339, -0.0309228824234, 0.845779255031,  
1533, 2185623.1343470546, 80.50611881275388, 93.95892545148179, 84.31725583975864, 65.86158295017664, 0.0410105957682, 0.99176297245, -0.121343881231, -0.288428657966, 0.128026837175, 0.948903597963, 0.956622726208, -0.00391604906323, 0.291303320031,  
1534, 3835847.2737942887, 97.10857159202236, 134.07970829550607, 93.25755140085289, 73.23617152424562, 0.658486525104, 0.13534765502, -0.740321895217, 0.617933083698, 0.464282566028, 0.634508000701, -0.429597719185, 0.875284360173, -0.222088019732,  
1535, 3699459.860778594, 95.94372372309422, 121.5139512239513, 105.05928000500633, 69.18136826759311, -0.629478759369, -0.0774479565436, 0.773148307591, 0.133092798494, -0.991061948554, 0.00908411346743, -0.765534322217, -0.108618728384, -0.634160211107,  
1536, 2725270.602250375, 86.65101895052894, 119.49340055945225, 94.7516819653802, 57.46324848109623, -0.629343311272, 0.545260074994, -0.553731385398, -0.440358556062, 0.336885757854, 0.832221321679, -0.640321277688, -0.767593275617, -0.0280931409346,  
1537, 3491724.5981623926, 94.11318208268948, 104.20241507015032, 93.44258819353855, 85.61083429727532, 0.618500458002, -0.595310847789, -0.51289587438, -0.369607005783, -0.796407753895, 0.478670398931, -0.693431932296, -0.106487952563, -0.712609620501,  
1538, 3792502.56759122, 96.74141263156028, 118.60279153482631, 104.0517975774379, 73.3656510291741, 0.0913627191596, -0.250662670858, 0.963753640194, -0.463373791548, -0.867343283067, -0.181660008325, 0.881440629228, -0.429981226052, -0.195393352981,  
1539, 2557245.2704280545, 84.83230319635159, 119.11572697160663, 73.35243548039415, 69.87151034613147, -0.820933756627, -0.546850805143, 0.164383588429, -0.532418644451, 0.837081957031, 0.125794213914, 0.206393203067, -0.015747829269, 0.978342399981,  
1540, 2270922.6081698067, 81.54010034122106, 118.72014056685516, 71.6377542581208, 63.745181148811675, -0.315413715947, -0.731485690343, 0.604518711552, -0.9413281612, 0.321777323294, -0.101787264162, 0.120064485691, 0.601155586381, 0.790061061082,  
1541, 2888992.4957758375, 88.35258655274615, 122.02431715366382, 98.62390175598796, 57.30984559049514, -0.805736072434, 0.491312852532, -0.330758314354, 0.169720402709, 0.726565189136, 0.665806286272, -0.56743666297, -0.480327707791, 0.66880559705,  
1542, 538697.6677919211, 50.47606551216616, 110.03648425190313, 73.27774891967138, 15.949521586607737, -0.870387107505, 0.295100754884, -0.394134276049, 0.111493719348, 0.897822019125, 0.426010296261, 0.479578391544, 0.326850373171, -0.814354591024,  
1543, 1017741.0238243174, 62.39975585572911, 98.49910022012446, 69.27988722403447, 35.60485619968027, -0.211144889156, 0.221555972678, 0.952014068569, 0.97179768617, -0.0570534350324, 0.228810320365, -0.105009965898, -0.973477198768, 0.203261040389,  
1544, 685873.9407177555, 54.708133461721225, 143.71143132202096, 71.81873004686489, 15.864509788130635, -0.79995043507, 0.55004635696, 0.239850592299, -0.0144332132518, -0.417228429666, 0.908687030739, 0.599892476854, 0.723442770835, 0.341701000203,  
1547, 35919.7203732492, 20.46828455184607, 64.49630483704563, 42.666019971510906, 3.1162147008422103, -0.234702931035, 0.213279325167, 0.948380969663, -0.757880174743, 0.570797565798, -0.315923692704, -0.608713540917, -0.792907351672, 0.0276723105059,  
1548, 580730.1048888307, 51.75614373983324, 133.8954775859113, 46.084938888233104, 22.467813303287272, -0.620600642879, 0.433964410158, -0.653092438154, 0.0688136936265, 0.859819650229, 0.505939566203, 0.781101477164, 0.269044717095, -0.563467321658,  
1549, 1585393.1836224461, 72.33516211163267, 111.45208742333625, 75.39679202956047, 45.04092514695503, 0.500830722227, -0.617608037713, -0.606406546325, 0.569626298018, -0.292312619741, 0.768166136292, -0.651685866258, -0.730146316907, 0.205406639688,  
1550, 1809051.8946067707, 75.58822352120201, 120.28440473553556, 72.96308578956184, 49.209607326530545, -0.703766621753, -0.699308016329, 0.125223162411, -0.0326502645303, 0.20791490534, 0.977601837336, -0.709680563586, 0.683914973104, -0.169156162265,  
1551, 868220.6833291034, 59.18075564618168, 94.15731178745054, 66.41378637619226, 33.14585503894951, 0.76251079009, 0.646824188923, 0.0139915553447, 0.391999744527, -0.479098557459, 0.785366648472, 0.514697479387, -0.593365857516, -0.618872736391,  
1552, 2123378.687127104, 79.73450116519759, 104.86560703546374, 82.15007327023969, 58.84340755797304, 0.754808981991, 0.594229675321, 0.277766977291, 0.519869187283, -0.283710582546, -0.805756994053, 0.399999286024, -0.752595109152, 0.52306899436,  
1553, 1677867.2894585684, 73.71507855939981, 114.4084909267616, 79.87845056333506, 43.83097271867656, 0.051155207706, 0.962941570054, -0.264814420654, -0.265922330632, 0.268722350495, 0.92578270259, 0.962636202724, 0.0230614614836, 0.269814214226,  
1554, 1652574.9714636777, 73.34280584548834, 127.33968141583442, 81.08435870552475, 38.20953183326765, 0.550318921937, 0.627896250273, -0.550359321763, 0.628879997298, 0.121884083457, 0.767889457669, -0.549234952599, 0.768694067294, 0.327796274766,  
1555, 1107315.3696789136, 64.1791911780174, 120.5733508222635, 73.91291928348451, 29.662724123684892, -0.906427605423, -0.304848173579, 0.292329586584, -0.0323303814863, 0.740180425033, 0.671630616359, -0.421122004364, 0.599333404261, -0.680775827991,  
1556, 191458.05256278804, 35.754305169549, 109.054446471811, 56.503115014112296, 7.417699899849687, 0.80108776261, 0.029282088619, -0.597830206566, 0.54305531972, 0.384445661621, 0.746520229455, -0.251692900815, 0.922683094322, -0.292072920916,  
1557, 428067.6488266882, 46.752833051299916, 79.61624898097581, 41.14156705464848, 31.19904179221748, -0.00768609424332, 0.691733288269, 0.722112167088, -0.670835565301, -0.539092540726, 0.509272890366, 0.741566293923, -0.480504204388, 0.468182807547,  
1558, 2455012.7208568617, 83.68643081961845, 117.16104078610063, 78.25191752880275, 63.92738327523005, -0.645263846964, 0.651696782927, 0.398655077636, 0.153643312631, -0.400463176009, 0.903339901225, 0.74835038604, 0.644143266505, 0.158275556959,  
1559, 2315961.2560297437, 82.07563034501264, 112.12869057557793, 77.65678203912499, 63.49602520983032, 0.214947430922, -0.860980901682, 0.460987514883, 0.438302054687, 0.506858620068, 0.742284075082, -0.872747907931, 0.0424997200046, 0.486317656478,  
1562, 2676746.2058642553, 86.13365215806783, 129.43335682103464, 123.46602422053046, 39.98756033212263, 0.169905093995, -0.726325444922, 0.666020725724, 0.199111289024, -0.636606167084, -0.745041799239, 0.965135717719, 0.259198642145, 0.0364569649328,  
1563, 2621277.054384796, 85.53452320950589, 98.45536639930667, 84.34851904261993, 75.35419974323024, 0.481312001458, 0.447214123346, -0.753882142734, 0.795267217305, 0.138901536114, 0.590132541337, -0.368630994807, 0.883575628424, 0.28879975506,  
1564, 1934031.5307761852, 77.29029773724699, 103.19723942068903, 83.0907221668482, 53.846109179142495, 0.537975024741, -0.317142279827, 0.781027302404, 0.578866230476, 0.812515106976, -0.0687974429015, -0.612777904277, 0.489121636489, 0.620695790826,  
1566, 3028250.0623422195, 89.74998303903409, 103.29603683933202, 92.07547888621247, 76.01083089861201, 0.447003175206, 0.88914108444, -0.0980627009403, 0.845019929155, -0.383750943254, 0.372392981786, -0.293478245679, 0.249325781884, 0.922879826305,  
1567, 240721.99318538388, 38.59008369432313, 124.01702370731938, 45.58097953749669, 10.166283186013692, -0.879429169887, -0.439989228189, 0.181697039684, 0.164863404175, 0.0765573658839, 0.983340748516, -0.446569583734, 0.894733730674, 0.00521134123171,  
1568, 4366395.106143826, 101.3938173696063, 122.28681053701017, 102.8525664644724, 82.87807806391554, 0.566697192053, -0.741573792455, -0.35905793803, -0.541847663605, -0.663726756169, 0.515623799481, -0.620689456946, -0.0976478545011, -0.777952115845,  
1569, 1625413.519318941, 72.93876733310462, 136.65419997477284, 80.83969824859184, 35.125910516542426, -0.17705428587, 0.760316673717, -0.624956266888, 0.835235427654, 0.451963154806, 0.313226893943, 0.52060883612, -0.466527450817, -0.715065435739,  
1570, 2618406.5335621443, 85.50328928493481, 108.7451939880522, 81.56210420190575, 70.47741603204426, -0.734123590187, 0.498945064859, -0.460560936884, 0.629897686986, 0.247135277494, -0.736310436262, 0.253557603438, 0.83064912982, 0.495712179463,  
1571, 3549811.0483892607, 94.63218674690127, 117.29744910859179, 94.50005162086674, 76.45326097608104, -0.143470124381, 0.78087942117, -0.607983267042, 0.430818482295, 0.602353955699, 0.671985972596, 0.890961143217, -0.165520517297, -0.42283708403,  
1572, 1459646.8611435418, 70.3698128691121, 171.56129617526352, 72.17592231066781, 28.141518458005343, -0.400744457028, 0.29020215214, 0.869014724303, -0.29072478402, -0.939768306097, 0.179762706957, 0.868840019864, -0.18060520964, 0.460975897562,  
1573, 802583.9338243133, 57.65017334431768, 116.14639087256282, 65.16208328044354, 25.31635475559616, -0.516829632436, -0.676244764253, 0.52495728384, 0.200052153054, 0.500824922756, 0.84211254165, -0.832385888332, 0.540247550265, -0.123556939663,  
1574, 1483659.5106654544, 70.753600518088, 121.86067955487896, 60.934584382752064, 47.699978870017766, 0.0692039475705, 0.637520772722, 0.767318759049, 0.7217313737, 0.49900409005, -0.479686087281, 0.688705044165, -0.586994192869, 0.425585690173,  
1575, 1360098.8357039667, 68.73225929949031, 103.26234900328893, 76.71298918425026, 40.9893426647292, 0.451210350533, 0.784607869676, -0.425205491985, 0.294950476509, 0.318576395489, 0.900840328052, 0.84226684369, -0.53188304267, -0.0876754979537,  
1576, 2532827.380941065, 84.56143177091981, 154.91927026163043, 69.50850646882262, 56.15308016893475, -0.0370909353132, -0.77993438599, 0.624761247253, -0.180032605426, 0.620177276248, 0.763523678094, -0.982961099689, -0.084157587758, -0.163416574807,  
1577, 1579706.6414669666, 72.24857376362492, 98.77288120611685, 86.60696197339287, 44.08565603242806, -0.0214645375487, -0.461996150788, 0.886622146286, 0.964241634829, -0.243879095364, -0.103735512274, 0.264154014336, 0.852691353012, 0.45071067572,  
1578, 1563270.826686449, 71.99713332129124, 121.58234666205486, 73.06500088860686, 42.01125918198411, -0.531704908769, -0.468564324269, -0.705505041805, -0.837576975193, 0.41437305523, 0.356033399734, -0.125517730289, -0.780219485223, 0.612782876932,  
1579, 1070710.865419199, 63.4640621895277, 128.71181882161633, 81.23968306636863, 24.445389008535788, -0.82068315076, -0.31932353427, -0.473826599632, -0.571181988777, 0.436460532677, 0.695164253333, 0.0151756962009, -0.841150809235, 0.540587656507,  
1580, 2667927.781219908, 86.0389602313309, 124.32839867994406, 78.12289012261984, 65.57477642508415, 0.707378377629, -0.5227128957, 0.475801491729, -0.558966556461, -0.00166768303271, 0.829188523553, 0.432634048153, 0.85250715393, 0.293358710245,  
1581, 2485369.8354479964, 84.02995634529738, 110.09820615838593, 90.23139505691947, 59.72614698807527, -0.935408225177, 0.352147993806, -0.0316740071691, 0.16006693769, 0.501650007569, 0.850132839834, 0.315261839952, 0.790151289542, -0.525614794223,  
1582, 1218344.1009920035, 66.25629068274998, 97.85826900134269, 78.94241524785774, 37.65073135797213, -0.960744834783, -0.183901330619, -0.207724969694, -0.266339693779, 0.401765458747, 0.876155056868, 0.077669363044, -0.897086850174, 0.434974313368,  
1583, 112751.82732296769, 29.969419205032597, 122.24055479459938, 21.667685866336402, 10.162653930844346, -0.106146193149, -0.167862251825, 0.98007920603, 0.0113373211281, 0.985379209351, 0.169997879189, -0.994285899945, 0.029156100409, -0.102691143627,  
1584, 629324.7040332162, 53.161275240013154, 95.9723617119094, 49.47953348316643, 31.638391262150773, 0.0642103962468, 0.356441964211, 0.932108443886, -0.785198242535, -0.558422906788, 0.267633288463, 0.615906441705, -0.749074751492, 0.244021047746,  
1585, 475198.61297229567, 48.409305451237046, 70.16798874525527, 44.58199842648119, 36.26502611097817, -0.48909890705, -0.469396387534, -0.735152562733, -0.145327389911, -0.787207298622, 0.59932013043, -0.860036167184, 0.399964623895, 0.316806077544,  
1586, 3006023.083108161, 89.52985902132531, 109.09382470003598, 91.29680508253728, 72.05231753442321, 0.587724912563, 0.690782660944, -0.421187300962, 0.760539833751, -0.294138933083, 0.578844926835, -0.2759684555, 0.660531303864, 0.69824050884,  
1587, 1602367.6512483961, 72.59240526716196, 127.42260547304608, 64.1600460719343, 46.791009094951484, 0.0544854618282, -0.85386032659, 0.517642615252, -0.370622373367, 0.464085271089, 0.804527139081, -0.927184119153, -0.235684967347, -0.291173840442,  
1588, 960436.0725573784, 61.20589946857506, 111.34605556931317, 60.365140958204286, 34.112912319538275, -0.102010466892, 0.241416430742, 0.96504506196, -0.0652436725232, -0.969640737168, 0.23566948046, 0.992641490086, -0.0389223302588, 0.114664398865,  
1589, 1797289.0744864154, 75.42403719186677, 117.36505345088923, 70.80068628591097, 51.636055233316405, -0.623625805654, 0.173634294312, -0.762195504028, -0.194379269017, 0.909953414412, 0.366335206303, 0.757170756368, 0.376611093091, -0.533719523966,  
1590, 858861.3238341524, 58.9673320712039, 140.83668993134347, 54.694265038455576, 26.618086779826534, -0.940228817017, -0.32117166286, 0.113218967612, -0.0205129922541, 0.385275938207, 0.922573394689, -0.339924975252, 0.865107631694, -0.368835731438,  
