# Void_ID, Void_Volume, r = (a*b*c)**(1/3.0), a, b, c, vector_a, vector_b, vector_c 

0, 2093088.2946499782, 79.3535413904461, 135.5651349939594, 74.36842666392192, 49.563541997061634, -0.385120424691, -0.922339830328, 0.0311688286013, -0.161701670006, 0.100692514442, 0.981689150115, -0.908589471876, 0.373028490769, -0.187922634802,  
4, 1153560.7938761855, 65.06048443005207, 118.14918246009596, 69.49879359748178, 33.53851978289627, -0.464693669237, 0.802785521669, -0.373624410296, 0.0943572766246, 0.464441564081, 0.880562739333, 0.880429723555, 0.373937748498, -0.291571710098,  
13, 1289378.9458566331, 67.51972348197093, 148.37274144870588, 51.29984019054486, 40.44099494772, -0.0204599052773, 0.553929389413, 0.83231221535, 0.763109343602, -0.529201234854, 0.370958464974, 0.645945448148, 0.642735003383, -0.411881285619,  
16, 1750551.9065841422, 74.7645048071695, 123.12567637294075, 70.85038917981016, 47.90661816110292, -0.622688733105, -0.618374972211, -0.479448782882, -0.189033272195, -0.47570354534, 0.859053292267, -0.759292541559, 0.62555457851, 0.179321793541,  
18, 614340.8246251809, 52.73596802315428, 108.81679650061183, 62.46971544799017, 21.575223480088773, 0.14142047353, -0.910389899672, 0.388832200624, 0.289821234274, 0.413645415631, 0.863076544862, -0.946574826324, -0.00936486535683, 0.322348254946,  
21, 1319632.0537454337, 68.0437252388737, 89.8965895230542, 86.5087256112505, 40.50989490260985, 0.883100784348, -0.436272365796, -0.172625106887, -0.162479286294, -0.629528605777, 0.759798799705, 0.440151662737, 0.642930911803, 0.626822428155,  
44, 1681578.765437894, 73.76939160757934, 109.70844099678058, 90.74755876011218, 40.32307196839629, -0.710272339404, 0.36332329121, 0.602917398938, 0.595802442122, -0.145844552111, 0.789777700736, -0.374876851564, -0.920176913796, 0.112879552965,  
49, 2163948.589986546, 80.23911127915261, 126.2489262480249, 86.79837935896221, 47.14319583517186, -0.512843069145, -0.689753562367, -0.511108608451, -0.852316141016, 0.33785818159, 0.399260622773, 0.102709211824, -0.640384159966, 0.761156321311,  
51, 963596.7448406012, 61.272966215406086, 114.99036194532702, 85.31108688560812, 23.449835415737855, 0.471410813617, -0.074750766098, 0.878740102518, -0.49266330818, 0.804111402792, 0.33269763551, -0.731474339658, -0.589760268981, 0.342239850914,  
58, 1783288.1584449792, 75.22767485599483, 102.4245121167002, 94.1095967463908, 44.16671512052339, -0.389167672088, -0.837913919337, 0.382686277234, 0.593153917776, 0.0899055625812, 0.800053385496, -0.704781492967, 0.5383467782, 0.462023585516,  
68, 518493.47245979705, 49.836962104634225, 75.23888098700138, 54.391367898177016, 30.247004788676172, 0.316629984389, 0.0716966646405, -0.945835631209, 0.565225558589, -0.81503405065, 0.127434548684, -0.761751613653, -0.574960072144, -0.298589006054,  
69, 1093653.7488924386, 63.914159024913594, 99.75878115664949, 69.10881792230212, 37.870988205897866, 0.189395577554, -0.935829678628, 0.297240858231, -0.431917645403, 0.192457503102, 0.881139748898, -0.881802961433, -0.295267543253, -0.367750751337,  
70, 1663307.5393466298, 73.50123712749787, 110.85618485668311, 95.10425951374387, 37.663792638847845, -0.0470726462764, 0.268839858822, 0.962033937177, 0.469370270021, -0.844200141124, 0.258877715044, 0.881745833896, 0.463736187971, -0.0864467024981,  
71, 2388612.3930453067, 82.92504018591578, 128.9489647730612, 111.07873138986398, 39.811477991625914, -0.0394303581433, 0.993156599363, 0.109932779453, 0.102235186771, -0.10543115303, 0.989157337615, 0.993978477354, 0.0502418263218, -0.0973783623049,  
75, 1555948.0500829825, 71.88453941995486, 134.43629255124836, 85.33534635684053, 32.37881875459081, 0.370713168183, 0.153269833397, -0.916013157715, 0.882959731703, 0.247699337709, 0.398782083712, -0.288017116031, 0.95663650164, 0.0435056847353,  
81, 2712644.845524333, 86.51699818648626, 131.42163153761535, 79.09325268230697, 62.30143319559614, 0.106380242618, -0.768903196884, -0.630453105157, -0.713936048201, 0.382254421998, -0.586665898056, -0.692082771827, -0.512512859043, 0.508283391679,  
88, 3121550.1340099317, 90.66240492097275, 125.04809308899297, 96.30143505014091, 61.883073138443955, 0.186594874457, 0.386944114541, 0.903026359, -0.474245223822, -0.769507439484, 0.427726277262, 0.860391666922, -0.508067468749, 0.0399202541428,  
96, 517091.20993910584, 49.79199361843883, 90.39437931033751, 66.52251448268001, 20.529031549611343, -0.434464098187, 0.777928506069, 0.453947339272, -0.352999194272, -0.610747136213, 0.708787347835, -0.828632920074, -0.147699610879, -0.539955839598,  
97, 3048127.7268557735, 89.94593017108583, 137.4949600870843, 102.74256001768394, 51.51187878311306, -0.346517110531, -0.494533802505, 0.797096111074, -0.16882959784, 0.868746276393, 0.465592605339, 0.922725559959, -0.026762388414, 0.384527392476,  
100, 1299824.5031658341, 67.70156428746057, 99.6191676845879, 74.48869307181062, 41.8179603932359, -0.947608497462, -0.0966947681785, 0.304447462371, -0.0947113071003, 0.995276599081, 0.0213133673612, -0.305070326064, -0.00863788908355, -0.952290650499,  
106, 797416.6880440364, 57.52618456155446, 155.36998824048993, 82.85781304327128, 14.787546105330604, -0.707157756402, 0.380561935559, 0.595903113571, 0.707045062781, 0.385256190855, 0.593013445551, 0.00389701900172, -0.840684412019, 0.541511341185,  
114, 398740.11422911054, 45.65977564657697, 110.46222700194981, 32.98219923470592, 26.128105089961444, 0.078343507899, 0.877440403028, -0.473244792792, 0.821132572759, 0.212399362981, 0.529743153386, -0.565334938531, 0.430098651172, 0.703854784409,  
123, 1655535.1785214336, 73.38657196603606, 100.53866200339085, 90.31118438269903, 43.52864669411407, 0.785338604964, -0.102115152173, -0.610586415874, 0.527736760168, 0.626042767146, 0.574076968422, -0.323631252386, 0.773073702438, -0.54554547297,  
135, 489217.49137477437, 48.880741911542515, 106.63843825021803, 43.75724224057256, 25.029354403050814, 0.632795905505, -0.639074664552, 0.43721037854, -0.385036390286, 0.230178701272, 0.893736394938, -0.671800803908, -0.733894637266, -0.100410862263,  
136, 817040.4426114786, 57.99425604249002, 111.96810279032721, 87.8249462528956, 19.83548083240768, 0.207057021499, -0.0269634302117, 0.977957240005, 0.935266047867, -0.287854234458, -0.205954750886, 0.287062379207, 0.957294580125, -0.0343842596017,  
140, 3656724.0349237486, 95.57284751872575, 108.97538446377592, 96.50280147687937, 83.01092361404784, 0.440184690107, -0.897773638333, 0.0154897678843, -0.372963141894, -0.167119624304, 0.912671641918, -0.816783896379, -0.407521196364, -0.408399976897,  
141, 2667165.72538292, 86.03076751386946, 107.69814479960613, 89.13685042396004, 66.32784472678964, 0.566832758245, 0.0431063568921, 0.822704361345, -0.501209163516, 0.810597568688, 0.302854678095, -0.653827193215, -0.584014917303, 0.481078556767,  
142, 3770665.2496505845, 96.55537533676612, 106.67076316829707, 96.9870138207841, 87.01024252119244, 0.58418064528, 0.773235459676, -0.246657449878, 0.67720208607, -0.296863704966, 0.673252757363, -0.447359260889, 0.560338169835, 0.697058697042,  
143, 3744733.762697014, 96.33352357160935, 107.71438761725587, 98.66644936023887, 84.11803528623501, -0.940315261216, 0.163057189707, -0.298696438562, -0.281134106939, 0.122378040976, 0.951833614138, -0.191757199188, -0.978997430013, 0.0692330021589,  
144, 3000845.774879739, 89.47843004815815, 104.58263334298564, 93.2224898714935, 73.48095556765442, -0.416116432756, -0.858386262812, -0.300033561801, -0.907245816158, 0.414147140796, 0.0733973762093, -0.061254742298, -0.302746048013, 0.951100776447,  
145, 3246248.967806032, 91.85392914259145, 97.8088807614114, 95.13225078816743, 83.28890527904002, 0.129825812994, 0.405512446293, 0.904823139725, -0.281473721187, -0.859932385042, 0.425780268962, 0.950745919035, -0.309961205729, 0.00249967623771,  
146, 3142489.852634166, 90.86467792855514, 103.06110046566492, 91.57590267689396, 79.48941319644891, -0.177565639846, -0.735702672004, 0.653614582114, 0.822207269613, -0.475876949517, -0.312276055301, 0.540782441784, 0.481957163372, 0.689399480224,  
147, 3530885.541521087, 94.46371258284222, 99.87148625815735, 94.73373001831538, 89.09408661567352, -0.207861247781, -0.678594993172, 0.704487428499, -0.949973688311, -0.0315961771486, -0.310727651016, 0.23311733781, -0.73383275808, -0.638079767726,  
148, 999699.5359309075, 62.02883536647291, 95.70996499096154, 59.008578303833524, 42.25796436434568, 0.492928322404, -0.856762087835, -0.15159285544, 0.446195809788, 0.0993452342105, 0.889404195946, -0.74694776812, -0.506052615138, 0.431253733216,  
149, 3263996.725348, 92.02101833941286, 96.86773974541673, 90.90172456909286, 88.49318293276409, 0.654034550113, -0.226604606098, -0.721726513129, 0.411326810272, -0.694176495227, 0.590702335044, -0.63486145135, -0.683205200485, -0.360806861936,  
150, 3838306.4127663733, 97.12931906902209, 101.91238302760368, 98.88767123019596, 90.92471028016624, -0.773740079617, 0.62601625021, -0.0971078970433, -0.303488554873, -0.231737901121, 0.924225211864, -0.556076421237, -0.744581224352, -0.369293669167,  
151, 2722956.617610979, 86.62648733115144, 107.23462813075147, 86.93249442791594, 69.73244956889852, 0.626243095102, 0.313383385423, 0.7138700439, 0.640873581252, -0.728347689463, -0.242467927996, -0.443960176919, -0.609344317274, 0.656961843881,  
152, 3518000.147147365, 94.34866251525783, 100.74276648389768, 96.48206609277771, 86.40657208936867, 0.613709367901, 0.139359959419, 0.77713551808, -0.725963020002, 0.486555872921, 0.486046372392, -0.310384447645, -0.862462859628, 0.399774074226,  
153, 3598535.471653084, 95.06319202158173, 101.76123434391083, 93.38953296308695, 90.39753933442691, 0.593188681523, -0.175330179102, -0.785739471077, -0.651763179168, 0.468332360684, -0.596548035129, -0.472580095214, -0.865981598091, -0.163535700613,  
154, 3610249.7731040963, 95.1662332645709, 101.51991133252727, 97.9666357275069, 86.66010603532538, 0.141178259088, -0.924670194766, 0.353629368227, 0.615366531374, -0.197849258716, -0.763007013657, 0.77549515229, 0.325331679578, 0.541079076511,  
155, 3240164.3244273113, 91.7965040997297, 100.8167926238836, 95.07847552059076, 80.69810569903004, -0.525332396844, 0.774962202835, 0.351367979479, 0.392168118063, -0.145953196121, 0.90824106476, -0.755135775872, -0.614923774722, 0.227241526311,  
156, 3630905.7689093407, 95.34738565931183, 99.18504463812593, 97.22646804915085, 89.88674754063011, 0.969417120089, -0.234639230046, 0.0719366318565, -0.191178853281, -0.538200964515, 0.820847347473, 0.153886624947, 0.809496234407, 0.566599287984,  
157, 3679331.571190494, 95.76940132705433, 103.92042060247512, 94.57533581218827, 89.37201091054047, 0.299347822097, 0.756473927521, -0.581496413047, -0.457026721372, 0.648660950387, 0.608576656959, 0.837566389821, 0.0835833023054, 0.539904041676,  
158, 1314151.3889039606, 67.94939532817287, 103.85951004846694, 72.58378571031487, 41.617012783147615, 0.444305380272, -0.892398431725, -0.078852825666, -0.595270866989, -0.359854020218, 0.718441145152, -0.669511257542, -0.272268476301, -0.691103865448,  
159, 3403856.3737410344, 93.31702235083701, 102.7305921008154, 97.20397285309919, 81.37646322517315, -0.334868063611, -0.79462990418, 0.50638591544, 0.758128292227, 0.0919253158253, 0.645593702599, -0.559557747242, 0.600094202349, 0.571648559701,  
160, 3360842.6653453857, 92.92228002911148, 98.56330510202433, 91.31715504637967, 89.14396390337778, -0.0129220682456, -0.880965240658, -0.473004508335, 0.0267959885077, -0.473179210422, 0.880558578304, -0.999557399629, -0.00129598532636, 0.0297207885139,  
161, 2412057.4459406147, 83.19546992459554, 113.18202584840425, 75.2371404984481, 67.62219958902169, 0.099198929943, 0.0390356211246, 0.994301660756, -0.686496830187, 0.726032494943, 0.0399864780844, -0.720334418476, -0.686551554197, 0.0988194767687,  
162, 3269918.1744652838, 92.07663201825646, 99.84874888558815, 90.94868291949466, 85.96253895643325, 0.371518881863, -0.475204635608, 0.797592800065, 0.634897074159, 0.756849004603, 0.155194360258, -0.677406396223, 0.448731699937, 0.582889728703,  
163, 3343765.704947065, 92.76462855992222, 112.9052589390413, 87.72977474530663, 80.59090717946974, -0.303003852253, 0.0248444862982, -0.95266542764, -0.134434132815, 0.988549425293, 0.0685382935864, 0.943459659686, 0.148838117612, -0.296194337035,  
164, 3616498.159178367, 95.2211041351374, 106.09408154928595, 96.76508566685642, 84.09879946230816, 0.119672942158, -0.864353634229, 0.488437490279, 0.788839006353, -0.215943120318, -0.575414277581, 0.602836137745, 0.454160064055, 0.655993313415,  
165, 3332379.8545582253, 92.65921793661403, 100.81305967494845, 89.90406196007757, 87.7747863841097, 0.158946072788, 0.928377591965, -0.335933315826, 0.789105257165, -0.323947833637, -0.521891458253, 0.593337205188, 0.182134147864, 0.784077874398,  
166, 3450734.4880333743, 93.74345987119716, 95.6358558498233, 93.29534905880678, 92.32986327047328, -0.900198563636, 0.424120286466, -0.0988156295063, 0.387128670241, 0.88329342001, 0.264431705445, -0.199434046001, -0.199786678172, 0.959328590484,  
167, 3724482.783494713, 96.1595570055175, 100.12793967873915, 98.12123758232906, 90.50218503823193, 0.824551321179, 0.200489603039, 0.529073754609, -0.508263909441, -0.148335221288, 0.848330395828, -0.248561696773, 0.968401043576, 0.0204083732473,  
168, 3128125.4971692977, 90.72601863040477, 101.14122829135762, 90.96188060933139, 81.17230988340056, 0.374298330082, -0.374249111596, 0.848432886307, -0.495434343531, -0.854119909781, -0.158189730913, 0.783865786565, -0.361132637941, -0.505111518842,  
169, 3551864.930961373, 94.65043428392886, 97.73854021632782, 96.30827057951915, 90.08207893803089, 0.956316180113, -0.146934764655, 0.252724234276, -0.0486094545969, 0.772543101435, 0.633098947519, 0.288264608612, 0.617727554316, -0.731653048965,  
170, 3550819.3516109716, 94.64114580646766, 101.6834493833695, 95.31295754297578, 87.46569526108932, 0.481006052887, 0.804944920022, -0.347414525916, -0.387448855147, 0.550640781218, 0.739376842149, -0.786458239026, 0.22103937611, -0.57673653645,  
171, 3512470.8782920083, 94.29920708155201, 103.56500967979733, 96.11321468616632, 84.24186433164857, 0.851677631683, 0.488744301206, -0.189140740531, 0.408993557136, -0.394211663484, 0.82299540375, -0.327672827545, 0.778284120622, 0.535634526218,  
172, 3596144.9251798177, 95.04213685242486, 107.00610724953927, 92.75424137142649, 86.49803334547964, -0.765718213444, 0.117639673542, -0.63232628034, 0.136722172308, 0.990432942627, 0.0186984961486, 0.628476463521, -0.0721352435908, -0.774476495081,  
173, 3616305.789737635, 95.219415765658, 101.067449335869, 95.364587820983, 89.57320129073848, -0.961158936635, 0.258287235927, -0.0972687117437, 0.12334167981, 0.717257139742, 0.685805384574, 0.246901455137, 0.647170687876, -0.721255691281,  
174, 2953555.9602193777, 89.00591410226839, 107.22873411966712, 96.1792607104547, 68.36974827778117, -0.567832854086, 0.273430762448, 0.776402903116, -0.81547722101, -0.315298523188, -0.48536969754, -0.112083682283, 0.908747742458, -0.402013418611,  
175, 3395096.2456958042, 93.23690035040873, 104.18211350156673, 93.24525383053181, 83.43409930920532, -0.868272983238, -0.241330450603, 0.433430086854, -0.0427929440511, 0.906877145337, 0.419216659026, -0.494237585093, 0.345446749699, -0.797744164883,  
176, 3648696.159653542, 95.5028569076323, 107.83944666840847, 90.05719766663249, 89.69185593603599, 0.00842824551919, -0.167197915219, -0.985887327144, -0.878937126078, 0.468928091979, -0.0870400652269, -0.47686318067, -0.867266568997, 0.143004213999,  
177, 3893559.9074292197, 97.59316829916601, 109.43650868811224, 97.72122597810721, 86.91747786330146, 0.273212991045, -0.833125757719, 0.480890978652, 0.0771715507945, 0.517282357324, 0.852328290361, 0.958853071785, 0.195756058976, -0.205621866789,  
178, 3710310.1495209695, 96.03743118789677, 107.56502347464178, 97.0022794103389, 84.8923564729667, 0.847196710158, 0.319861813129, 0.424200606789, -0.412031720423, -0.108477410416, 0.904689180213, -0.335391704822, 0.941233803012, -0.0398915079304,  
179, 3307685.589858839, 92.42976963669267, 113.18210930983373, 91.06304568920626, 76.61532654692964, 0.393870883298, 0.0508150458964, -0.917760076709, 0.602407743756, -0.768410446586, 0.215986795524, -0.694241051475, -0.637936687053, -0.33326587848,  
180, 3814284.743044587, 96.92627007185854, 100.06658841851592, 96.25180374493343, 94.5423800031941, 0.51191957087, 0.408865436148, 0.755491501001, 0.740736000215, -0.65547465501, -0.147184084143, -0.435027046224, -0.634966165841, 0.638411651907,  
181, 3570831.9491476924, 94.81861357928727, 99.1577485344763, 98.14023590204324, 87.60059335381298, -0.0448255039721, -0.0895775271263, 0.994970623098, -0.667952264138, -0.737917472779, -0.0965275929506, 0.742852910761, -0.66891977845, -0.0267559894527,  
182, 3504842.6153021445, 94.23089234900638, 108.62207595403054, 94.24139647110991, 81.7372646622274, -0.777152914858, 0.323717182196, -0.539667057434, -0.070278677838, 0.807542833715, 0.5856069323, 0.625375290821, 0.493033221667, -0.604833851536,  
183, 3170310.332851029, 91.13203234423263, 98.88955492827702, 91.52172029816238, 83.62546964723613, -0.496485924022, 0.7767918527, 0.387422437175, 0.868032408534, 0.446668808784, 0.216810315699, 0.00463303169302, -0.443938501189, 0.89604527909,  
184, 3181191.6615115046, 91.23617622191207, 106.92926958989548, 92.30637448876135, 76.94367623520672, -0.798481927296, 0.543424566079, 0.259068239588, -0.0959846322236, -0.539745106092, 0.836338550365, 0.594317728288, 0.64293464787, 0.483137119678,  
185, 3240737.7126706317, 91.80191863290881, 101.41466093051287, 97.3962610993338, 78.32713572843191, -0.800442667979, 0.0291445965564, -0.598700365601, -0.520720914044, 0.460901606053, 0.718623294373, -0.29688594604, -0.886972548634, 0.353749110266,  
186, 3459837.5886748335, 93.82581981135404, 101.76587669200909, 92.21765556034686, 88.01381539650961, 0.261865725237, -0.577995753287, -0.77288243034, -0.278422035297, -0.812022950702, 0.512932644501, -0.924071161874, 0.0808680203508, -0.373567732918,  
187, 2514476.423197031, 84.35671376618691, 112.17220479266791, 87.93099750795025, 60.859965583412986, 0.0922468170842, 0.977154276851, -0.191468127815, -0.986942854149, 0.115224188072, 0.112548607843, 0.132039113077, 0.178585849703, 0.97502449554,  
188, 3517319.320160743, 94.34257579391166, 100.273279705345, 96.92133204169971, 86.40096520057635, -0.316872518898, 0.907892031416, 0.274451937612, -0.409966097462, 0.129830279323, -0.902813323729, -0.85528919419, -0.398592721789, 0.331065305398,  
189, 3722423.022113659, 96.14182727166671, 110.35001420329779, 98.5835358643822, 81.68838913576839, 0.614624142721, 0.123318858781, 0.779121057509, -0.552691698069, -0.637402708107, 0.536888884765, -0.562822396561, 0.760598610811, 0.323605783574,  
190, 3497930.180252684, 94.16890253632917, 106.68929511763312, 94.42027901406709, 82.89653962016352, 0.636149559125, -0.281345471716, -0.71844169142, 0.681158142901, 0.642147090128, 0.351668450391, -0.362404915509, 0.713086137984, -0.600142347306,  
191, 2838519.004936531, 87.83502562699672, 112.08306650360436, 79.2451551793204, 76.29401536049261, -0.972247775149, 0.024854781866, -0.232629541408, 0.206045656172, -0.380003460844, -0.901744175096, 0.110812685601, 0.924651074495, -0.364336299516,  
192, 3514693.3625138826, 94.31909187867429, 104.82538596778053, 94.44352454938387, 84.75399443925414, -0.773713212476, 0.473093323275, 0.421367502678, 0.613951869075, 0.724002947913, 0.314456410132, 0.156304085999, -0.501998445104, 0.850627176743,  
193, 3502526.681042826, 94.21013244036169, 104.00646449173801, 98.67453838910997, 81.4755697261144, -0.887611104148, -0.364177239677, -0.281995506869, 0.196259052608, -0.852922047923, 0.483742043279, 0.416688027262, -0.37403063814, -0.82853616075,  
194, 3329944.854407775, 92.63664346058911, 105.38053634055595, 95.27113971853385, 79.18203642210689, 0.200576060217, 0.443096614476, 0.873747465981, 0.618787919744, -0.748745871406, 0.237657590729, 0.759520081661, 0.492995953627, -0.424363329308,  
195, 3500693.1707258606, 94.19369046236798, 97.09870106041745, 93.91747933881635, 91.64432775901591, 0.454064472479, -0.846376268224, 0.27833912305, -0.471740998799, 0.0366375652021, 0.88097566304, -0.755834561849, -0.531323725617, -0.382634569415,  
196, 3441498.800396865, 93.65975219729974, 102.8976913209113, 93.32151846675598, 85.56015954025835, 0.691640346732, -0.691860079057, 0.207275810889, -0.650115639815, -0.471365226113, 0.595956775681, 0.31461609247, 0.546940997383, 0.775804266385,  
197, 3293047.183194432, 92.29321640725625, 115.5519386288167, 94.07325664706848, 72.32125088894676, 0.412069349043, -0.251265905242, -0.87582206894, -0.728018455544, 0.487207955887, -0.482304401916, -0.547894132078, -0.836357490899, -0.0178372489663,  
198, 3271974.456669972, 92.0959287157959, 101.94704924175059, 93.69918114443433, 81.77317110705513, -0.534244753088, 0.844624328036, -0.0345295277673, 0.824528341196, 0.529669248532, 0.19900628564, -0.186374779308, -0.0778474896826, 0.979389713029,  
199, 2454203.639964852, 83.67723649772942, 101.59397172405801, 96.90659466236008, 59.511475081426, -0.230290991575, 0.608180651629, 0.759659367206, 0.920092933504, -0.118095643546, 0.373473443088, 0.31685178383, 0.784964785171, -0.532386357005,  
200, 3810524.955278232, 96.89441246000192, 104.78220076613589, 95.39069938285009, 91.01283699502666, -0.609183862021, 0.0117033129341, 0.792942655379, 0.753193267419, -0.30438341522, 0.583138609984, -0.248183247155, -0.952477700004, -0.17661060791,  
201, 3551171.508618416, 94.64427442155137, 103.87074385780811, 95.7346256508121, 85.25517558042819, 0.433220146096, 0.0125997451562, -0.901200061828, 0.0940497016409, -0.995075391798, 0.0312988539749, 0.896367647027, 0.0983168910253, 0.432271708884,  
202, 3608705.4871977707, 95.15266219685839, 101.5112789499924, 95.80252054440871, 88.58732660565688, -0.896288763016, 0.272387098518, -0.349959600315, 0.428348653801, 0.327423521657, -0.842206191056, 0.114821095962, 0.904764668865, 0.410142670172,  
203, 3319005.23457642, 92.53508807995182, 100.06671831390754, 97.2445823514446, 81.42621643786717, -0.0759816629718, 0.380061125459, 0.921835304058, -0.942392580134, -0.329417834939, 0.0581387558562, 0.325765271016, -0.864313271296, 0.383196499541,  
204, 3243786.6167954784, 91.83069886171012, 108.00954219698903, 91.82806156749018, 78.07754086742186, 0.679999106841, 0.725528658142, 0.105874363803, 0.598849210128, -0.632883417811, 0.490752690252, -0.42306127006, 0.270308611915, 0.864842422699,  
205, 3224656.742180161, 91.64982234751176, 110.6064802795564, 94.15674906051193, 73.92015259378064, -0.993597934108, 0.0667996353937, 0.0911095716611, 0.0554561818684, -0.414227911267, 0.908482167915, 0.098426405144, 0.90771859419, 0.407871544155,  
206, 3391847.6400265307, 93.2071528793997, 97.04378615279556, 93.86079977134676, 88.89876830828723, 0.521913296322, 0.737416122852, -0.428746980025, 0.227223509906, 0.364283799205, 0.903142729685, -0.822177588887, 0.568783592762, -0.0225662787438,  
207, 3266467.66450304, 92.04423333248636, 103.99248460285673, 93.2929491199729, 80.37832978562449, -0.356793136366, -0.638317630071, 0.682091827383, -0.742415853986, 0.6369281772, 0.207704590316, -0.567025006143, -0.432288214307, -0.701148730427,  
208, 1368098.2126823356, 68.86674483337623, 109.48743643485366, 66.79071861936691, 44.66303822428353, 0.406873726303, -0.910563468272, 0.0729927468499, -0.757010854591, -0.291378985379, 0.584835748661, 0.511261515153, 0.293210602004, 0.807860882823,  
209, 1746213.5277110413, 74.70269095545895, 101.69858046413093, 82.11846942358501, 49.91752015265201, 0.0728986589489, -0.486649066558, 0.870550671438, 0.538310313223, -0.715609555707, -0.445112312184, 0.839587870447, 0.501074495258, 0.209801234507,  
210, 3614163.4857831574, 95.20060935222949, 109.0940760485502, 94.81590008759795, 83.41359594196403, 0.411919239599, -0.715832551001, 0.563831800252, 0.593904934423, 0.680191099605, 0.429670800597, -0.691085717488, 0.157872818895, 0.705320284791,  
211, 3398539.4239517273, 93.26840881437082, 102.89592620957008, 90.4988392424678, 87.12895660055024, 0.546244431594, -0.797500232951, 0.256145270101, 0.301800098273, 0.472646098054, 0.827962780973, -0.781366573149, -0.374965390985, 0.498865947855,  
212, 2904637.49208605, 88.51178717242956, 104.0598512894379, 96.47028469052907, 69.07590259235062, -0.805857838254, -0.374082336494, 0.458972275903, -0.0952979701109, 0.846984545995, 0.523006190917, 0.584389802629, -0.377729512176, 0.718198422593,  
213, 3621721.351120224, 95.26692367607004, 100.9285628898439, 94.76144024548151, 90.40255021305917, -0.175767285191, -0.428458669776, 0.886300755811, -0.942605254729, -0.186395743946, -0.277041441659, 0.283903496306, -0.884126571783, -0.37110511968,  
214, 3121903.2200989113, 90.66582314009483, 105.8855324786837, 96.26978793363541, 73.11461311910607, -0.223194431042, -0.0711885921088, 0.972170988204, -0.533797670679, -0.825572092855, -0.18300482583, 0.815625093244, -0.559788266984, 0.146262788902,  
215, 3542640.430182597, 94.56842478980334, 101.27493895591942, 97.6481785159851, 85.52091301634748, -0.389266622942, -0.439608083182, 0.809454278798, -0.855040252857, 0.499299056255, -0.14002363521, -0.34260423561, -0.74662251883, -0.570243064068,  
216, 3582104.286238376, 94.9182826641881, 102.99516239655631, 99.32356813289941, 83.59503355811458, 0.899831942224, -0.425389087315, -0.0966778162074, -0.109035316141, -0.43389972112, 0.894339047479, 0.422390548648, 0.794213545847, 0.436819262404,  
217, 3803185.1693142434, 96.83216020071633, 102.32377510543549, 99.37062873814068, 89.2944094345592, 0.00529864389353, 0.760247592569, 0.649611824373, -0.626307077867, -0.503901589704, 0.594829918638, 0.779558444625, -0.410008275387, 0.473478453076,  
218, 3502769.8011217783, 94.21231218534687, 103.13836993371802, 93.90571236580061, 86.33973526356264, 0.642801914988, -0.446666676396, -0.622329959334, -0.463999381022, -0.873445841561, 0.147637855143, -0.609516425126, 0.193858819911, -0.768705720965,  
219, 2026967.357096077, 78.50898846602395, 87.7004992974459, 84.91418807776586, 64.97941814481788, -0.00513289980835, -0.0756422444345, 0.99712181011, -0.131266260928, -0.988455689491, -0.0756605488696, 0.99133386005, -0.13127680972, -0.00485563057598,  
220, 3807753.947261398, 96.87091960741846, 104.23620020157715, 100.04258065543823, 87.17195987638202, 0.0489201845246, 0.370866519397, 0.927396808457, 0.989193116894, -0.14647885642, 0.00639703930684, 0.138216471652, 0.917061595212, -0.374024380959,  
221, 3277197.8678286932, 92.1449102658265, 108.29622643760915, 92.07772021644179, 78.45961494937877, 0.317664328531, -0.945990374658, 0.0647424546431, -0.873523152734, -0.318522397793, -0.368104310952, -0.368845056923, -0.0603795756725, 0.927527698145,  
222, 3614834.418852146, 95.20649999932634, 104.15343860595553, 99.1113259183981, 83.59934997735301, -0.73790860174, 0.601499346141, -0.306087294852, 0.454256950215, 0.778068897344, 0.433888711732, -0.499140780401, -0.181127931526, 0.847378990631,  
223, 3591685.8530452815, 95.00283782171326, 101.91044967128653, 98.18897286694505, 85.68963637359482, 0.874335969082, -0.274348883191, 0.400336487796, -0.34334779944, -0.932658642427, 0.110725540536, -0.342999856835, 0.234265974906, 0.909654083271,  
224, 4349790.827297569, 101.2651292291753, 105.67190564913948, 103.53785536840387, 94.91198566557487, 0.369973823623, 0.693755578959, 0.61791792861, -0.245605101086, -0.568413011254, 0.78522912768, -0.895989678598, 0.442278018107, 0.0399080260719,  
225, 3344629.6494837906, 92.77261721699895, 106.19483264324954, 91.5567762189939, 82.12314045741238, 0.255226824626, 0.732512114176, 0.631098463456, -0.589588704171, -0.399413062864, 0.702035871682, 0.766318750851, -0.551266911576, 0.329939940438,  
226, 3185015.707248478, 91.27271929997342, 96.7830203721971, 91.61172202745149, 85.75762621678162, -0.00629935560421, 0.110470825991, 0.993859403902, -0.376263910188, -0.921100299431, 0.0999985413806, 0.92649111599, -0.373323499118, 0.0473685232825,  
227, 797258.7532328804, 57.52238646907705, 108.75477588745771, 82.1896093569944, 21.29342060808489, 0.040529998825, -0.234640857585, 0.971236833706, -0.784967432869, -0.608893453677, -0.114345491401, 0.618209874177, -0.75775486143, -0.208863882587,  
228, 3616745.238813365, 95.22327259191934, 108.80016922138363, 93.8488624174941, 84.56111981534788, 0.685428882662, 0.240224099974, -0.687371536073, -0.330322668179, 0.943867950717, 0.000475916691841, 0.648902289794, 0.22672819278, 0.726305820505,  
229, 3220628.681527244, 91.6116451713068, 102.05283486687705, 91.54306248922543, 82.30032239078275, 0.544922400276, -0.0107883183458, 0.838417073934, -0.515534904049, -0.792897470144, 0.324865148247, 0.66127402821, -0.609259562113, -0.437629347267,  
230, 3463000.5476016197, 93.85440273550145, 97.26581745886928, 95.9838021254306, 88.55350602489118, 0.848317060614, 0.340959732004, -0.405098291558, 0.521182315484, -0.402712756783, 0.752456928702, -0.093419262993, 0.849452115588, 0.519330284718,  
231, 4030424.0108438213, 98.72353763616746, 110.13939443945463, 99.24964904714717, 88.02184430942158, -0.408038927779, -0.753391115994, -0.515660799129, -0.910706768691, 0.296188730844, 0.287898275752, 0.0641670856212, -0.587089483863, 0.806974920961,  
232, 2894518.85537697, 88.40888728270072, 102.14055657728812, 95.41822756895228, 70.90195471272702, 0.0781736601467, 0.0402025705327, 0.996128823086, -0.990856505195, -0.107079471377, 0.0820815017064, 0.109964835162, -0.993437335785, 0.0314641843337,  
233, 3770820.849183893, 96.55670346356357, 100.67520716714671, 98.68396454321835, 90.61042550055993, -0.159921083066, 0.409429136478, 0.898216582676, -0.29383511507, -0.888424748474, 0.352650523112, 0.942383240695, -0.207531319328, 0.262382505429,  
234, 2814787.3674471034, 87.58955663029472, 115.24387122987011, 84.03298989027724, 69.38879241649317, 0.791985946455, -0.506766712404, 0.340508090678, -0.407893296097, -0.854170138797, -0.322515787191, -0.454292108249, -0.116537003511, 0.883197490483,  
235, 3916692.422797552, 97.7860611184824, 103.82327242222608, 98.5207058061951, 91.41314076985991, -0.344455915971, 0.919054905236, -0.191541648513, -0.873357072751, -0.388546103837, -0.293733465356, -0.344379943419, 0.0661060235948, 0.936500105828,  
236, 2193575.2884566123, 80.60363824779989, 95.39181551434962, 78.6517932837514, 69.79819505055333, -0.583774249534, -0.150638871613, -0.797819250169, 0.188241490582, -0.980974295521, 0.0474823414643, -0.789792863227, -0.122463716612, 0.601024018912,  
237, 3277558.7759808716, 92.14829269088625, 103.65693661277963, 94.75255171151393, 79.66592349262571, 0.335518729168, 0.763535670553, 0.551761236561, 0.374707307287, 0.429214708493, -0.821808473964, -0.864304122542, 0.482481102021, -0.142092821596,  
238, 3068740.0421178713, 90.14822160864347, 104.56485710688781, 100.7876577951389, 69.51497803163713, -0.462665576977, -0.840663315778, -0.281470697205, 0.657624002588, -0.538366718655, 0.52696484462, -0.594534469229, 0.0587066073757, 0.801924123062,  
239, 4113313.1031961036, 99.39572822063093, 107.24330729639105, 103.19265799089504, 88.73279507269321, 0.0971792563865, -0.958965390418, 0.266348591339, -0.467477293979, -0.28023792863, -0.838410211633, 0.87864735346, -0.0430358378207, -0.475527859248,  
240, 3813275.8075400116, 96.9177231676487, 107.64003626019506, 92.2217993659805, 91.70693563921192, -0.126950140714, -0.991414537031, -0.0313189644831, -0.966774086928, 0.116608590147, 0.227486926104, 0.22188178523, -0.0591578605711, 0.973277360733,  
241, 3592372.1711124526, 95.00888864891822, 103.26735345985946, 95.9707303059884, 86.53481457028344, -0.140810076089, -0.600713574352, 0.786966151789, -0.99003598445, 0.0845322111644, -0.112619069299, -0.00112781473663, 0.794982708532, 0.606631042042,  
242, 3594870.189958209, 95.03090557745927, 100.77713820712125, 95.24532231661605, 89.41058288934583, -0.0561481885981, 0.211201652988, 0.975828490408, -0.213631059793, -0.957276347929, 0.194894237955, 0.975299518717, -0.197524316153, 0.0988685658817,  
243, 3237938.2486614534, 91.77547710155497, 107.90194789425016, 100.59973583684274, 71.21210565778055, -0.73617226741, -0.670597255336, -0.0913767685591, -0.67598881675, 0.721978871161, 0.147599557, 0.033007761598, -0.170428374202, 0.984817067755,  
244, 3701199.1102533527, 95.95875690213954, 112.38842338068096, 99.52289073216379, 78.99675992554167, -0.23035593933, 0.283954358634, 0.930755641094, -0.934953599955, -0.329783423738, -0.130784782598, 0.269810872922, -0.900340388764, 0.341451720179,  
245, 3275333.8644298366, 92.12743690317782, 97.99805059257882, 96.59136059391075, 82.60593398496427, -0.928791655831, -0.35873027513, 0.0930518659913, 0.260590411919, -0.453632890114, 0.852238134692, 0.263512233634, -0.815800092371, -0.514812113312,  
246, 3390607.829955184, 93.19579493510061, 100.37434127666457, 93.1342274457531, 86.5878441364111, -0.887310517257, -0.155535523906, -0.434152907129, -0.452239093412, 0.109060082749, 0.885203762272, 0.0903318789509, -0.981791525302, 0.167109402761,  
247, 3402404.299110793, 93.3037508788319, 97.62635424033543, 95.62605244394022, 87.0069630241667, 0.461118459406, -0.14436381296, 0.875516336742, 0.797698592459, 0.499598699831, -0.337754488818, -0.388647297667, 0.854142979035, 0.345532993187,  
248, 1942629.3503347351, 77.40466087259954, 109.46074655379114, 74.02811584982265, 57.23296361304791, 0.563415414563, 0.337327825089, 0.75417041115, 0.257413694544, -0.939082952074, 0.227730979413, 0.785048572061, 0.0658266476751, -0.61592661248,  
249, 3439564.1601128597, 93.64219861534679, 98.35221986979374, 94.87912046198979, 87.99540387983939, 0.476368317097, -0.763708806635, 0.43568576421, -0.0378924604867, 0.477229630439, 0.877961298276, 0.878428931619, 0.434742151741, -0.198398270142,  
250, 3610390.467915644, 95.16746948756264, 101.08187059501974, 98.43741399535494, 86.62277617000379, 0.12039371294, -0.799804710737, 0.58806273353, -0.816995868034, -0.416333711018, -0.398978687007, 0.563935373514, -0.432410297926, -0.703561105198,  
251, 2192313.845242825, 80.58818457126297, 131.73479991400345, 73.2491315796066, 54.23893094499658, 0.659332463268, 0.751712893674, -0.0144370483586, 0.65388661917, -0.563839234098, 0.504497380927, -0.371097011778, 0.342071693621, 0.863292513736,  
252, 3792416.839039582, 96.74068368776199, 105.90737866212032, 98.51617840380318, 86.77481202789524, 0.0327759198378, -0.475218297427, 0.879257248403, -0.633398034402, -0.690388962261, -0.349528268963, 0.773131728165, -0.545463702347, -0.323630468786,  
253, 3641833.8473149263, 95.44294676450731, 102.60963137687438, 93.46906628183972, 90.6516027426826, 0.296398210518, -0.110008867203, -0.948707620892, 0.805946121789, 0.561793248066, 0.186652605661, -0.512444094097, 0.819930726076, -0.255175733292,  
254, 3762100.8912038156, 96.48221744936183, 104.54648959396832, 99.77449637891141, 86.1019187531933, 0.125884892257, 0.394323435543, 0.910308750965, -0.238314346615, -0.878718003671, 0.413595142889, 0.96299494604, -0.269005015205, -0.0166443893195,  
255, 2268212.171466028, 81.50764697239413, 101.96021037400934, 73.64029375343371, 72.11885652034047, -0.159209083145, 0.893075942128, -0.420794283988, -0.181639217368, 0.392456481785, 0.901656866341, 0.970391499632, 0.219984707418, 0.099734978539,  
256, 3537969.2978098863, 94.52684225330597, 105.93167952782662, 92.31368088662248, 86.37210902533243, 0.585362480522, -0.793099568947, -0.168356289257, -0.65903767063, -0.586391629877, 0.470971554449, 0.472250055678, 0.16473594066, 0.865934151519,  
257, 2696756.6680683508, 86.34775500939257, 114.918531649654, 89.8688264587845, 62.33816486034926, -0.0415063619261, -0.83906915922, 0.54243909148, 0.929980353637, -0.230916455134, -0.286031698588, 0.365258488975, 0.492585562917, 0.789902335379,  
258, 3427649.256500288, 93.53394569566485, 101.06413603167968, 96.10457354568206, 84.2493661726755, 0.265697161605, -0.264389047083, 0.927094089129, -0.845514883199, -0.525906936019, 0.0923389242756, 0.463151811617, -0.80840604057, -0.363276854432,  
259, 3617738.6169463396, 95.23198982721566, 100.87283648232214, 95.50982474253033, 89.64504615568386, -0.73571384057, 0.106815807988, -0.668816512923, -0.467793490906, 0.633969574765, 0.615834253788, -0.489790153699, -0.765945795364, 0.416452450952,  
260, 3964368.3317775894, 98.18122873502767, 102.78644730282282, 99.06641179344778, 92.94437266893854, -0.0610889641187, 0.990625242951, 0.122187423621, 0.397806085877, -0.0881095305293, 0.913228902668, 0.915433480108, 0.104395108401, -0.38869423052,  
261, 3643519.4325047573, 95.45766942077925, 101.92295505048412, 98.05233600869929, 87.03672264777424, 0.454193219561, -0.324437522292, 0.829728156346, 0.0219400661345, 0.935124537622, 0.35363926908, 0.890633006801, 0.142416267563, -0.431845405129,  
262, 3023197.940011925, 89.70004437545315, 113.63021119123971, 93.59860611902116, 67.86014426845219, 0.924526556734, 0.37171725185, -0.0841244944775, 0.317583490264, -0.62937495239, 0.709244595338, 0.210692602162, -0.682432014183, -0.699925119861,  
263, 3443040.229419402, 93.67373334522878, 111.33513682406884, 103.10980405157426, 71.60136127584477, -0.383852026028, -0.279416152885, 0.880104673105, 0.450180010084, 0.775547922664, 0.442564546899, -0.806223034051, 0.566084828589, -0.171908074873,  
264, 3374527.7119158367, 93.04823292657842, 97.80888310960052, 92.31353602439023, 89.22379744336065, -0.0234434803456, -0.890334988727, 0.454702112461, -0.360310185894, -0.416735406173, -0.834570650804, 0.9325379205, -0.183399043316, -0.311027036992,  
265, 3610617.2004284053, 95.1694616181468, 106.21117045461551, 95.40063721027448, 85.06900773266239, 0.263817006412, 0.394267165801, -0.88031471026, -0.918565073712, 0.381190574374, -0.104555972404, -0.294344683126, -0.836209990361, -0.46272460442,  
266, 3465259.9387789727, 93.87480967316624, 110.17146402681927, 88.78096081169019, 84.57816277793665, 0.602142557921, -0.358456688969, -0.71339550186, 0.437323890536, -0.599487046481, 0.670345504846, -0.667961192515, -0.715628453343, -0.2042149898,  
267, 3280210.7897821427, 92.17313970639323, 104.0175893738975, 92.2045981664014, 81.64954695377058, -0.84120432458, -0.066191227064, -0.536650729775, -0.108873254691, -0.95141865185, 0.288008963968, -0.529643180567, 0.300701297591, 0.793131030099,  
268, 3611503.454006464, 95.17724767162537, 97.48785393222805, 96.26150828086473, 91.87476748902215, 0.906196438214, -0.133560512579, 0.401210175404, -0.0719561646488, 0.88626426431, 0.457556514735, 0.41668972358, 0.443505629375, -0.7935190174,  
269, 3399896.0708669927, 93.28081762204278, 99.38848377443414, 91.27637422493194, 89.4710608532647, -0.936541501519, 0.316927977561, -0.149822137786, -0.135006684332, 0.0683361304216, 0.988485391124, 0.323516941006, 0.945984582495, -0.0212122267706,  
270, 3931398.218538031, 97.90829230032439, 106.0076410505221, 98.16455691558103, 90.19169444460822, -0.234326752948, 0.964868329077, 0.118827944514, 0.469529601353, 0.00529611549425, 0.882900846423, 0.85125373791, 0.262680525935, -0.454275263457,  
271, 2893539.4930162686, 88.39891508950754, 104.70814601546988, 94.47727863251376, 69.82853969774858, 0.297274564331, 0.914323038457, 0.275029479781, 0.880426279078, -0.151049060285, -0.449481644226, -0.369428478208, 0.375762641482, -0.849897074213,  
272, 3314428.0034030797, 92.49253021328474, 104.30269275481447, 91.47938520331888, 82.9280059148722, 0.555806792968, 0.707037345605, -0.437237922429, -0.572504649212, 0.706908297937, 0.415354168076, 0.602758024021, 0.0194640752986, 0.797686601524,  
273, 3017776.7353997193, 89.6463955284026, 104.15375910942869, 95.80915404199014, 72.1965662019279, -0.372584702668, -0.430395405496, 0.822155967116, 0.355532418805, 0.752144647564, 0.55486496404, -0.857191541323, 0.499037297272, -0.127218070318,  
