# Void_ID, Void_Volume, r = (a*b*c)**(1/3.0), a, b, c, vector_a, vector_b, vector_c 

1, 401406.82767631323, 45.76133812343079, 132.18008783686827, 41.87733557784748, 17.312152445667554, 0.0464685926807, -0.950981466861, -0.305736683406, -0.330861272157, -0.303443654782, 0.893561842829, -0.942534608638, 0.0596338667074, -0.328743537519,  
3, 1877095.5577907031, 76.52428095734608, 128.65317325791838, 71.39607273345187, 48.78686893638036, -0.416907946254, -0.89936461166, -0.131647482487, -0.894829614449, 0.38067529505, 0.233165779746, 0.159586106715, -0.215010732367, 0.963484644149,  
4, 1893624.9387477536, 76.74824473250231, 107.8035768872003, 81.00045537365637, 51.77078187005426, 0.107442237861, -0.116401668608, 0.987373696768, -0.479984998303, -0.875792014164, -0.0510171474184, 0.870672479712, -0.468443165679, -0.149968108612,  
8, 2176228.102461725, 80.3905996752527, 110.44577515685528, 80.94804244071904, 58.111267283542134, 0.209842685248, -0.490996412536, -0.845510833949, -0.901881917936, 0.236760165388, -0.361322058815, -0.377591119531, -0.838371723618, 0.393138397372,  
9, 1909436.6212624682, 76.96126770709003, 105.36995420331489, 92.26691297438244, 46.88715230881021, -0.933334841896, 0.359007015435, -0.00018913562858, 0.283616131898, 0.737658855474, 0.612716331322, -0.220108978987, -0.571815858306, 0.790302892288,  
11, 902262.3301991625, 59.94432471713978, 108.65272281356302, 51.34275811909531, 38.6121875685119, -0.818419296461, 0.541651643978, 0.19184199685, -0.207577437579, -0.58999749116, 0.780265703355, 0.535818497803, 0.598762437867, 0.595299991947,  
12, 619080.6741192543, 52.871246052865345, 88.34241686909314, 60.37915295552247, 27.707819187549497, -0.111275883553, 0.824448314602, 0.554889767692, 0.362624274894, -0.486174252691, 0.795071211451, 0.925268238403, 0.289688751197, -0.244865502741,  
21, 2380803.2018476203, 82.83457141307812, 125.0762951595, 102.42923592805307, 44.36453632358097, 0.116445537044, -0.980396193924, 0.158945713506, -0.0867386261309, 0.149384517123, 0.984967348079, 0.989402267856, 0.128481784637, 0.0676430586025,  
23, 119883.06247810661, 30.58837504639897, 82.67516802795124, 63.88524593102693, 5.418680719399441, -0.882283695781, -0.285962738964, 0.373899441139, 0.0258431963612, 0.763692438848, 0.645062778378, 0.470008094996, -0.578791128795, 0.666403196171,  
25, 2087982.2940043532, 79.28896230979485, 140.10640463550655, 73.33661390425617, 48.51313718126626, -0.435130763003, -0.491360261668, 0.754470882368, -0.886258784742, 0.0859831769109, -0.455139824401, -0.15876581986, 0.866701786396, 0.472886273752,  
26, 3216580.815031966, 91.57324819822998, 111.22425295624124, 84.43092243466056, 81.77203887609691, -0.415011446113, 0.00996704171337, 0.909761593867, 0.263349688308, 0.958450556123, 0.109633357769, -0.870868785331, 0.285084530529, -0.400392768653,  
28, 1629119.7324882871, 72.99416275781638, 102.40865435965225, 80.3048478094924, 47.2918138858027, 0.246321599972, 0.204519860367, 0.947363339011, -0.876116196973, -0.37098111106, 0.307885408292, 0.414422584796, -0.905839192105, 0.0878025014341,  
38, 2309271.800326773, 81.99653132992958, 93.62466240128933, 80.98391923633024, 72.71054292006072, -0.458136435004, -0.752309433749, -0.473435869801, 0.224336575754, -0.613237180995, 0.757372603561, -0.8601070327, 0.240771002695, 0.449716818187,  
41, 3075319.078162202, 90.21259819934144, 113.27078019207232, 96.39438142223263, 67.24065890493397, -0.848926189129, -0.0842811952812, -0.521748028778, -0.191411221957, 0.96921328854, 0.154878486003, -0.492631778837, -0.231348830642, 0.83892291007,  
45, 2664636.039445163, 86.00356014772204, 113.87001027898172, 89.37577712812801, 62.505768231104284, 0.717579441353, 0.214810624912, 0.662522558689, -0.402728472217, -0.648119380749, 0.64633663517, 0.568233686974, -0.730614579462, -0.378566788382,  
47, 2375226.648076427, 82.76984639760659, 121.85929419903768, 102.22389629644992, 45.52032552643769, 0.77668948924, -0.308566134025, 0.549126923613, 0.130844694637, 0.931811368136, 0.338536910984, 0.616143735819, 0.191087715844, -0.764102337167,  
50, 2059417.162075078, 78.9257236947498, 105.28363228162394, 102.48761095364279, 45.56417267410266, -0.302511024241, -0.238427758268, -0.922843044239, -0.0411761220077, -0.964034592042, 0.262567767107, 0.952256061776, -0.117428741944, -0.281813561378,  
51, 2128806.4200155376, 79.80238187305383, 101.07666016449814, 76.29813224182466, 65.89959901958214, -0.507098574526, 0.0482966658727, 0.860533827214, -0.857318909941, -0.130936180617, -0.497855403972, -0.0886302565282, 0.990213688388, -0.107803195484,  
52, 432115.9204412612, 46.89975269582505, 129.82913587161337, 97.15817380386837, 8.17824559426961, 0.572722438944, 0.794071799824, 0.203565676513, 0.184629139448, -0.36689800444, 0.911755414135, -0.798687103186, 0.484598628829, 0.356739513008,  
54, 2301921.2794086197, 81.90943925118252, 124.49876785230248, 91.97935600206073, 47.989523808403746, 0.274604308819, 0.793535713088, 0.543041016528, 0.353365801073, -0.608515161162, 0.71052227922, 0.894273495196, -0.00322035556484, -0.447509268172,  
57, 1324891.713242339, 68.13400606071387, 112.4865422128148, 75.60925700979438, 37.18914870635458, 0.189461705275, 0.338505198768, 0.921693274707, 0.589581079222, -0.789854171247, 0.168892093325, 0.785174129259, 0.511414331605, -0.349223378615,  
58, 2728555.6045315727, 86.6858209381043, 130.92656859213037, 88.5676703137877, 56.17475570133161, 0.286229598056, -0.890426975577, -0.353853668005, 0.666165963323, -0.080508306871, 0.741445427415, -0.68869116918, -0.447948896291, 0.570128283638,  
62, 1666588.543188733, 73.54953435890896, 145.4631056615423, 69.35458884047853, 39.437713316297305, 0.882199254865, 0.030767321044, -0.469870031681, 0.229783068045, 0.842854363153, 0.48661716385, 0.411003912823, -0.537261476815, 0.736495681708,  
63, 679990.813677092, 54.55126325851071, 84.02176138251777, 54.62233508646569, 35.371411653755615, 0.388812791195, -0.854614472135, 0.344178322125, -0.741450772108, -0.0685059101551, 0.667501080759, 0.546877834569, 0.514724241018, 0.66029053436,  
68, 117067.07976202751, 30.346973952062374, 103.78806930262259, 66.66011009703834, 4.0395474692724465, 0.548588250598, 0.358249844957, -0.755452169163, 0.776927221262, -0.552276361935, 0.302282835948, 0.30892559649, 0.752760166743, 0.581306379801,  
74, 714460.9005707039, 55.45788282175588, 87.25768252622565, 65.90427567567014, 29.66009868798425, -0.416740274207, 0.855652639277, 0.306897547648, 0.875714823911, 0.468453803448, -0.116938365036, 0.243825944141, -0.220021805587, 0.944531266836,  
79, 920950.7354924033, 60.3553718444795, 106.66942032914582, 87.1592938937183, 23.647985559283292, -0.224112939792, -0.893765955695, -0.388530316268, 0.0172163689529, -0.402239915599, 0.91537240888, 0.974411097462, -0.198457720284, -0.105534574437,  
80, 1422996.0603931248, 69.77583293188776, 131.64501290094165, 68.1096796989737, 37.888013818330315, -0.398203212476, -0.189926019564, 0.897419806259, 0.144696171057, 0.95307665304, 0.26590959274, -0.905813015835, 0.235739263854, -0.352036617161,  
83, 1172756.5357989396, 65.41937904932908, 145.47997968065664, 53.42298923364889, 36.023660085052484, -0.0036623786466, -0.756180720974, 0.654352584017, -0.987631033612, -0.0998379575271, -0.120902124396, -0.156753081084, 0.646701708258, 0.746461902649,  
86, 2045975.1713973375, 78.75363042743595, 123.63851570667929, 91.01688967347391, 43.404621846407025, 0.740891987293, 0.286521656785, -0.607440864083, -0.208465266524, 0.957870518961, 0.197550756917, 0.638452265888, -0.0197334512548, 0.769408405909,  
87, 504317.3614466787, 49.37856181597749, 136.83965443547677, 73.30554268796061, 12.002356658228432, 0.286125859525, 0.685197095842, -0.669803652095, -0.534561999603, 0.694283390194, 0.481885922892, 0.795220385233, 0.220171555725, 0.564932761449,  
92, 510539.24374228856, 49.5807973959069, 120.56892978742151, 74.82219100523507, 13.510601796334397, 0.542719284211, -0.0921799751232, -0.834840482207, 0.406338322059, 0.89871558572, 0.16492260006, 0.735081591779, -0.428734356181, 0.52520653581,  
93, 4160698.743266631, 99.77595365927482, 120.01989140509684, 99.7970794798665, 82.92903292449184, -0.556160161101, -0.8289872992, 0.0588721748301, -0.79527808956, 0.551434076351, 0.251899225297, 0.2412853818, -0.0932765629955, 0.965961100317,  
94, 1228528.2621000113, 66.4403911891239, 146.71524274068835, 64.76146823120314, 30.867724806961494, 0.271198385507, 0.603226581098, -0.750046083621, 0.756461062983, -0.615414511273, -0.221430891036, 0.595162243333, 0.507328957552, 0.623216842632,  
102, 1891891.9000791041, 76.72482434798997, 112.02353064061938, 72.95958788669901, 55.26066159874822, -0.576381933281, 0.790215382427, -0.208191057356, 0.769948941117, 0.610506925985, 0.185633836887, -0.273792795851, 0.0533004943738, 0.960310659235,  
103, 920032.9360186148, 60.33531556346959, 147.55991250803217, 55.66134405339063, 26.741926292132007, 0.365671537441, 0.878564083638, 0.307261253083, 0.754912213344, -0.473062179792, 0.45422431044, -0.544418843217, -0.0658583706984, 0.836224131534,  
104, 1203154.4069783331, 65.97978848211477, 114.17400998548034, 81.24587259727157, 30.964508790900073, 0.261357009725, -0.964248096357, -0.0437963713059, -0.916183637018, -0.262099270966, 0.303169120162, 0.303809243981, 0.0391098559354, 0.951929809619,  
105, 2513548.3610435543, 84.3463341491242, 113.86838444399794, 88.22071278493884, 59.734456270908524, -0.160727759484, -0.128598836768, -0.978585165692, -0.978024701386, -0.112645150353, 0.175438745952, 0.132794091776, -0.98527834102, 0.107667636296,  
108, 1033905.746216316, 62.728385993313914, 91.12845246728214, 82.88794526096875, 32.67736060025019, -0.714282206142, 0.546956143446, 0.436623301183, 0.479768906812, -0.0715328798273, 0.874474038014, -0.509531869509, -0.834099528983, 0.2113178878,  
117, 3174011.1267843447, 91.16747889789809, 123.53656336425983, 109.98030407433612, 55.771124847152876, -0.774481633853, -0.270542435126, 0.571826013417, 0.209486122313, 0.743247082652, 0.635373385252, 0.596903479118, -0.611874631705, 0.518956329273,  
118, 637436.1056866557, 53.3887004815103, 117.85884874850748, 67.16421442746676, 19.224184055124116, -0.184276567088, -0.926853047739, 0.327086494249, -0.64154649811, -0.138690658067, -0.754442172819, 0.744620868352, -0.348867208638, -0.569061888684,  
122, 1587463.0540169687, 72.3666283960088, 143.86250125474606, 65.88982089582908, 39.98057936781143, -0.544949379604, 0.726910346058, -0.417889366295, 0.83038505574, 0.398847770379, -0.389077261308, 0.116150044649, 0.559036496892, 0.820967333254,  
123, 2549071.7946976414, 84.74182630491886, 122.7182279889402, 74.33287479933554, 66.71192204707236, 0.870700230093, -0.343034660036, 0.352432023702, 0.269854352472, 0.932314343837, 0.240766676947, -0.411168746099, -0.11453028547, 0.904335709757,  
124, 572025.18174654, 51.496239128637185, 123.32625043764175, 39.182107957661714, 28.260719465844634, -0.801813578273, 0.16751342371, 0.57361506132, 0.510188285498, 0.691680112701, 0.511161945997, 0.311131642616, -0.702508273668, 0.640061892626,  
127, 1261145.3416159302, 67.02325417009145, 135.1109697064526, 79.46465869562137, 28.042188050223924, 0.475814953214, 0.75988667199, -0.44291350852, 0.765689241994, -0.11007187229, 0.633722468929, -0.432804938734, 0.640668735512, 0.634210892641,  
131, 964193.871148893, 61.285620244973394, 114.32259376135609, 94.83074944471394, 21.232175987764474, -0.528634651803, 0.844453038819, -0.0862813429592, 0.842737996656, 0.534285589832, 0.0658147209208, -0.101676319295, 0.0379206240368, 0.994094538949,  
132, 3247107.560626776, 91.86202650593519, 135.10263976717292, 91.93881333857426, 62.408728841609346, -0.635596971671, 0.762980521198, 0.117801586893, 0.741508679513, 0.645801959259, -0.181946991246, 0.214898505831, 0.0282940574986, 0.976226448373,  
137, 1334673.386322329, 68.30127283727538, 121.76302907465504, 61.685689217297494, 42.42154938256441, -0.30991644176, 0.275860623543, -0.909864119253, -0.25846385853, 0.896497421974, 0.359845531065, 0.914958049836, 0.346689037571, -0.206539289888,  
138, 372768.44409950747, 44.64609824101752, 111.02429772822582, 58.610424842884605, 13.675953878631297, 0.62819529072, 0.642073071131, -0.439446069553, -0.457665960302, 0.761689913069, 0.458661471142, 0.629215817902, -0.0870094687828, 0.772345005062,  
139, 1917030.7198080614, 77.06316134713802, 124.43093644257304, 65.19885906561579, 56.41207797856531, -0.538772902879, -0.390442152602, -0.746511007685, -0.842292042091, 0.26686766347, 0.468322288627, -0.0163668858921, -0.881099640033, 0.472647383766,  
140, 577775.8588312259, 51.66823118977177, 116.74193150344433, 50.576927808802964, 23.36100178153384, -0.848020335034, 0.0857872649737, 0.522974240798, 0.0351507202332, -0.975533649023, 0.217021949332, 0.528796688943, 0.202421947409, 0.82425688773,  
142, 2356875.9722787715, 82.55613892482769, 105.20343351434869, 75.59834267823332, 70.74665829176183, -0.650499190339, 0.200749480793, 0.732496040488, 0.752514763721, 0.300919280461, 0.585806381861, 0.10282185444, -0.93228066193, 0.346814696404,  
144, 569235.610203821, 51.41239282420908, 130.64106283138085, 54.96483058277714, 18.925129192134595, 0.675195148258, 0.557282416267, -0.483267855634, -0.487349439333, 0.828820044732, 0.274859704999, 0.55371656626, 0.0499363792241, 0.8312065461,  
146, 935362.0249980345, 60.66856298089924, 122.73504793225618, 60.94697048289196, 29.85179188414477, 0.468690222999, -0.258512230581, -0.844689825619, -0.764097845063, -0.598466782721, -0.240815267684, 0.443265110328, -0.758293437015, 0.478024168161,  
147, 3467128.038057948, 93.89167574417203, 140.97397468671676, 81.51158057265742, 72.03159170530145, 0.299696741691, 0.0611901761818, 0.952070178799, -0.65981646489, 0.734081448891, 0.160519964658, -0.689074811381, -0.676298890087, 0.260376104103,  
148, 2571159.411957177, 84.98588438427961, 135.5852995335119, 81.50070319685132, 55.547745066315585, 0.105649935343, -0.929557447865, 0.353215291686, -0.950604112015, -0.198668191045, -0.238501094521, -0.291873111784, 0.310570283488, 0.904630413833,  
152, 1671207.4846374367, 73.61741906697051, 127.28595636356467, 73.06213431597357, 42.90114841342436, -0.54201319211, 0.203291784029, -0.81541041821, 0.840147477398, 0.153408905616, -0.520209500009, -0.0193369025595, 0.967025417569, 0.253944730158,  
154, 1624443.3695613653, 72.92425295269297, 115.02108987330992, 82.33421022126801, 40.95040149790437, 0.846942304911, -0.518457374576, -0.117858741294, -0.22009895628, -0.543666989822, 0.809927560725, -0.483988823834, -0.660021329144, -0.574566500484,  
160, 1067772.075498332, 63.40594552164454, 130.85477511749326, 84.11488774768758, 23.159410706644064, 0.827839414293, -0.55317179024, -0.0931819436729, -0.419733134785, -0.500608847959, -0.7571095541, -0.372163941976, -0.665876679145, 0.646608265076,  
162, 1656075.298198042, 73.39455190755203, 115.5649835588662, 58.96590436260331, 58.018199154560655, 0.637954981757, -0.611621923399, -0.467901767541, 0.437273476388, -0.212432937235, 0.873878798247, -0.633881178218, -0.762096365295, 0.131923394081,  
165, 848236.0466550216, 58.723153773910155, 86.50626679356215, 80.14596893931476, 29.207800996716095, -0.156438691857, 0.975587372404, -0.154130511246, 0.96670952753, 0.183231988755, 0.178602149148, 0.202483641496, -0.121059147129, -0.971774180467,  
169, 791965.3132487803, 57.394796067908366, 139.5038331909238, 40.836442399025046, 33.18818560685587, 0.921126051443, 0.388453865574, -0.0251076018982, 0.19350191276, -0.40096844681, 0.895422422335, 0.337762945142, -0.829655289252, -0.444509048171,  
170, 641000.5530937916, 53.488029443883626, 100.30401969515532, 55.73826347583967, 27.371463758229957, -0.895832150917, -0.427323525808, -0.121980988993, -0.435138732561, 0.78776110565, 0.435989362083, 0.0902166326626, -0.443651940958, 0.891646743097,  
171, 251169.67738190788, 39.14048470005057, 125.87735165853907, 82.20824729226982, 5.794495264332038, 0.470580843733, 0.751094888109, 0.463044423968, 0.824369755946, -0.561354121801, 0.0727740023588, -0.31459207713, -0.347473767346, 0.883342405873,  
173, 2821958.0927400584, 87.66387225602021, 102.46047856254152, 86.0698947299236, 76.39312903060792, 0.765310162051, 0.180099364239, -0.617951919539, 0.568803883729, -0.638591138935, 0.518327598271, 0.301268149189, 0.74817483002, 0.591161505859,  
174, 2368157.5144660906, 82.68765178077474, 128.43212941789375, 71.67090488830169, 61.419376752366034, -0.635371192238, 0.772136741498, 0.0104067527569, 0.75786043067, 0.62609600859, -0.183443058337, 0.148158751679, 0.108667568557, 0.982975250881,  
182, 986903.494298344, 61.763044048048165, 104.13338421400788, 68.39470678332987, 33.080617114640916, 0.70257435181, -0.382755898038, -0.599905994883, -0.620776338515, -0.741792567321, -0.253733176008, 0.34788793845, -0.550673868623, 0.758770237092,  
183, 720211.9840281345, 55.606288861105035, 90.59845429898493, 68.99010352778974, 27.508325168436606, -0.0778194810226, -0.113880048858, 0.990442054259, -0.575174265019, -0.80632351311, -0.137901983546, 0.814321001346, -0.580408241394, -0.00275319607568,  
184, 1501554.4640283566, 71.03692603485057, 104.82571371990011, 92.33002968912851, 37.037501058277414, 0.855675275626, -0.515357111404, -0.0471897277849, -0.00595775360889, -0.100989256908, 0.994869677476, 0.51747881875, 0.851004240715, 0.0894843809304,  
186, 927236.9881343095, 60.492385729246074, 114.85584657398081, 45.40477815414948, 42.447046102312164, -0.832527193222, 0.553237965497, 0.0287441485938, 0.548118615882, 0.830133332212, -0.102198990575, 0.0804018374756, 0.069328235832, 0.994348600968,  
192, 67933.03759722611, 25.312253329736436, 60.34144022086493, 28.28273570623721, 9.502882036022072, 0.303578955842, 0.547194170368, -0.78001176753, -0.419641070008, 0.811757776498, 0.406141212705, 0.855418721991, 0.204029047467, 0.476057725341,  
193, 1188065.044039355, 65.70279873743387, 124.47333347148754, 67.13884047615316, 33.93918833565182, 0.18156065169, 0.981614889884, -0.0588891986374, 0.83632458539, -0.185634528965, -0.515849793572, 0.517297706964, -0.0444075400607, 0.85465259185,  
196, 1490224.1896604586, 70.85780037084506, 105.6686513238645, 66.88801599837348, 50.33482008658372, -0.696725097155, -0.651528641482, -0.30014091411, -0.695296303694, 0.716286161023, 0.0591370070023, -0.1764573293, -0.249889105117, 0.952060001302,  
209, 928857.7372289728, 60.527610780247265, 140.33425287898936, 83.39127584216845, 18.948563371540367, 0.730079177406, -0.497666040462, -0.468308559488, -0.529738428339, -0.845081458214, 0.0722116785821, 0.431696180501, -0.195360797382, 0.880609201966,  
215, 3117190.055473861, 90.62017383098988, 120.76427685533828, 103.59472381302065, 59.483778907582206, -0.0707368583129, -0.826028440699, 0.559171987883, -0.100079454425, 0.563624749796, 0.819945878836, 0.992461787515, -0.00203876797818, 0.122537519753,  
216, 1169927.40112291, 65.36673121895502, 112.54441913703634, 90.05084056113405, 27.55868992873718, -0.986848478824, 0.0279719307447, -0.159209456166, -0.149397568151, 0.218286048186, 0.964381443101, 0.0617288139581, 0.975483865709, -0.211236316171,  
219, 2613349.524859807, 85.44820877002985, 136.83879522154456, 86.18475292531565, 52.90164863399949, -0.485072431203, 0.796349638688, 0.36129211097, 0.148132638553, -0.332354201895, 0.931449089257, 0.861836096878, 0.505339427954, 0.0432504875444,  
221, 742749.8651451624, 56.180378063342715, 101.79818346549048, 91.40859014965488, 19.05578891531462, 0.60607816847, -0.137839225326, -0.78337066684, -0.0537037015536, -0.989714043827, 0.132597224296, 0.793590049171, 0.0382943783476, 0.607246551611,  
222, 642938.6234565349, 53.541882368757186, 136.51723404569708, 49.64342147696077, 22.64809720486365, -0.977771024357, 0.0531331989435, -0.20283167183, 0.140038734627, 0.885457148131, -0.443119387557, -0.156054403114, 0.461673588149, 0.873215048699,  
225, 1366559.1788139227, 68.84091140022151, 97.35997679237138, 77.21228439286553, 43.398325309455636, -0.589199172491, 0.333378774931, 0.736004706208, 0.797640980713, 0.0946819180164, 0.59565443026, -0.128892206989, -0.938026613069, 0.32170308073,  
232, 4328859.177553487, 101.10243517437188, 109.64958297085884, 99.59022444723752, 94.6370410955277, -0.689820864381, -0.33156326776, -0.643593796223, -0.680446387733, -0.00669069023109, 0.732767321928, 0.247264814491, -0.94340926121, 0.220995650134,  
234, 2804490.0800559353, 87.48261700465392, 147.02101120248912, 74.18328241402259, 61.387485929680125, -0.606299637853, 0.27452206617, -0.746350041419, -0.205416043042, 0.852611173169, 0.480477300867, 0.76824800579, 0.444625485745, -0.460546608961,  
236, 917847.4596700479, 60.287503524253005, 125.87767218731437, 68.10295003655614, 25.560378059108697, 0.399872747702, -0.486793721429, -0.776616802821, 0.589835554366, -0.511882867197, 0.624555801411, -0.70156667855, -0.707819046825, 0.0824402359333,  
237, 1996316.8665365477, 78.11125619740837, 105.80065034941292, 74.65611095818477, 60.33747986317485, 0.279378504669, -0.867669498146, 0.411214412583, -0.862073638476, -0.415255002292, -0.290503571262, -0.422819929726, 0.273336651509, 0.864008322858,  
239, 1519541.155420403, 71.31944462215276, 120.92435449801349, 74.75424823118615, 40.130465887809855, 0.28755721556, -0.30082738405, -0.909292985118, 0.428537122632, -0.808644491151, 0.403050891896, -0.856543508706, -0.505565991674, -0.103615856684,  
243, 1008081.7027186827, 62.201717180690245, 117.41807013270697, 88.25518122959372, 23.22372999410668, -0.160135339719, 0.985993983147, 0.0466104942176, 0.870655995731, 0.118839084651, 0.477321075438, 0.465096559943, 0.117017678825, -0.877491910374,  
249, 1299736.4138677628, 67.70003487124858, 94.1798716538026, 76.7179039278837, 42.944925559847285, 0.244539992359, -0.821895462165, 0.514478416855, 0.0573615643467, 0.541920394833, 0.838469997436, 0.967941032849, 0.175528159953, -0.179666418651,  
250, 1858739.1464120594, 76.27401573960292, 128.94425634049244, 103.71537702453784, 33.18063430551459, -0.70845981462, 0.387840687984, 0.589630640158, 0.559729393984, -0.200101667536, 0.804153174563, -0.429869394793, -0.899743809867, 0.0753218429601,  
252, 3145781.641380685, 90.89639406870089, 119.22561288801955, 89.82967866245986, 70.12139615018009, 0.239003795741, 0.856943639174, 0.456645141111, 0.78961459676, 0.102183387975, -0.605034993869, 0.565142437094, -0.505179329051, 0.652232988505,  
260, 3193360.5625648135, 91.35236238321872, 122.26597285728894, 100.79406684303687, 61.86126147581027, 0.0576919430809, -0.274683229783, 0.959802460395, -0.550744771563, -0.810631654891, -0.198888201473, 0.832677510384, -0.517131939997, -0.198047267933,  
278, 2231310.348593682, 81.063208667737, 112.800079028593, 87.66558485076419, 53.868245651791504, 0.760722731517, -0.304493686919, 0.573222923809, 0.119695504455, 0.933799131313, 0.337182693169, -0.637945069709, -0.187890332337, 0.74680875132,  
279, 1467223.5568424463, 70.4913607131353, 103.34386535173918, 85.61469656507076, 39.5890115668329, 0.703866618575, 0.22861373631, 0.672538134849, -0.180519804266, -0.858139823257, 0.480633586017, -0.687011196069, 0.459708389428, 0.562746668729,  
280, 2630448.4507231116, 85.6341639394974, 109.69769589367469, 82.72246143443793, 69.2022526615828, 0.0276681586609, -0.175351841583, 0.984116966956, 0.83727024024, -0.533761746216, -0.118646294023, 0.546088836917, 0.827254573834, 0.132048673847,  
281, 3476188.246368016, 93.97338969833515, 123.97919741067558, 89.06670612140829, 75.15371706689395, -0.39532956273, -0.323412745014, 0.859720148184, -0.0955973286495, 0.945368187586, 0.31167313111, -0.913551141199, 0.0410266530836, -0.404649386692,  
282, 3334984.5777774123, 92.68335371653222, 102.0721381228301, 90.43934784001071, 86.24632259660224, 0.116290773889, -0.96087174525, -0.251399970344, 0.763612215214, 0.248353285702, -0.596000864309, 0.635116399319, -0.12266268651, 0.762614597719,  
283, 2116144.0552410455, 79.6438427967816, 94.7653465876376, 76.3555086118058, 69.81788518861356, -0.262623393604, -0.964742695906, 0.0173344693449, -0.964647670091, 0.26210323807, -0.0275093653408, -0.0219960387361, 0.0239462583476, 0.9994712357,  
284, 3298862.9657656257, 92.34751683417916, 101.6057811326564, 94.86033472844873, 81.70950778036617, 0.542102711839, -0.26537168871, 0.797309548826, -0.563605037397, 0.588940035591, 0.579222751882, -0.623276833869, -0.763365902637, 0.169701169865,  
285, 2076082.7776518674, 79.13805133149305, 105.4716042972272, 86.54164172510016, 54.29944301668773, -0.33995669087, -0.934315568699, 0.107162803339, 0.805958404738, -0.230725399141, 0.545157628602, -0.484624079224, 0.271698745449, 0.831456128462,  
286, 2832517.527712958, 87.77307878638159, 99.29146675282101, 86.41530571158471, 78.81001311089561, -0.119000357943, -0.673174818834, 0.729845585105, -0.987947458452, 0.153563525341, -0.0194438428119, 0.0989885556408, 0.723362915121, 0.683335465843,  
287, 2650813.9886762686, 85.85459584530598, 116.23222958557406, 89.19145976659094, 61.043693616488106, 0.620013570906, 0.618520390972, 0.482716995603, 0.690259742188, -0.722500346528, 0.0391757269319, -0.372994182537, -0.308910626587, 0.874899745442,  
288, 1038773.1480999393, 62.82666909156086, 93.31196823297982, 58.860097005764445, 45.15166624293985, 0.833734502159, 0.125412004404, -0.537734701374, 0.211213725418, 0.82736500641, 0.520438188801, 0.510172071076, -0.547484223808, 0.663314015061,  
289, 3227289.584828106, 91.67475874008001, 104.37774201793783, 88.53033440425558, 83.3775874993576, -0.666220795991, 0.227639746175, -0.710161951213, 0.0453701636278, 0.962881239952, 0.266085072863, 0.744373158598, 0.145051245115, -0.651819558658,  
290, 3591674.472452893, 95.00273747981633, 103.9174063700922, 92.40647104798737, 89.2930535445206, -0.325425174783, -0.929432405861, -0.173936363515, -0.944567041143, 0.311072630386, 0.105009158702, 0.043492072891, -0.198467180057, 0.97914208266,  
291, 3656185.609467814, 95.56815649115025, 100.91204182861352, 95.61743744701728, 90.4606140848809, 0.312877905145, 0.591220662684, 0.743347526053, 0.892054354681, 0.0857985240617, -0.443708960427, 0.326108026222, -0.801933127689, 0.500556504251,  
292, 3906116.822848617, 97.69796991564152, 119.9906376263297, 103.10817210985611, 75.37306389963625, -0.171512157397, -0.811627737373, -0.558429938123, -0.427002061573, 0.57206266119, -0.700295331332, 0.887836031752, 0.118341571731, -0.444682418275,  
293, 2904582.7018760378, 88.51123063598124, 97.27966407920216, 96.32805891570271, 73.99804841818357, 0.582961766487, -0.661885779768, 0.471235390602, 0.81248958715, 0.472014271557, -0.3421449959, 0.00403107777816, 0.582331299166, 0.812941577497,  
294, 3839170.7122349893, 97.1366089610992, 105.58838238995874, 95.4831563484592, 90.90879707417841, 0.520451692481, 0.0238884798019, -0.853556896947, 0.688925929238, 0.578835619257, 0.436268712955, -0.504490931353, 0.815094268421, -0.284798584565,  
295, 1986331.5345929444, 77.98080414788768, 97.26962629991195, 80.17197649046949, 60.80835995129868, 0.571726887775, -0.537997131177, -0.619425098491, -0.136767541267, -0.806919906241, 0.574608479373, -0.80896415585, -0.243801869882, -0.534918351519,  
296, 3617253.6203477555, 95.2277340143862, 102.8960469961583, 97.40724489128225, 86.15895052842426, -0.254142164895, -0.966932880845, 0.0212735507895, -0.0235600165146, 0.0281785736593, 0.99932521914, 0.966879871362, -0.253469469418, 0.0299423183546,  
297, 3346996.1374660595, 92.79449243662195, 107.46767642440481, 90.72583640648938, 81.95166135209787, -0.109207074459, -0.664489518154, 0.73927497939, -0.993939676504, 0.0636009664644, -0.0896595590917, -0.0125592340467, 0.744586192008, 0.667408172194,  
298, 2430724.2104144515, 83.40953354006317, 106.15762432898198, 84.4072293954242, 64.76140187118126, 0.485608847795, -0.817952450259, -0.308444218713, -0.816968301981, -0.29909664655, -0.493055767212, -0.311041541441, -0.491421392633, 0.8134852023,  
299, 2775172.068725061, 87.1767020794845, 109.62341829553557, 80.31123424107348, 75.25262711709766, -0.980981436683, 0.179667075789, 0.0734517716714, 0.150069056421, 0.462037123207, 0.874071493119, -0.123104423921, -0.868470747151, 0.480212309458,  
300, 3563347.385483281, 94.75231975086915, 108.63204027522075, 90.19757509150146, 86.81939508608905, 0.684758909763, -0.547627740327, -0.480842067133, -0.363507660036, -0.828519916087, 0.42593066307, -0.631638675665, -0.116870041808, -0.766403272913,  
301, 3289810.5727341454, 92.26296933492502, 98.0186603755949, 92.40814865735413, 86.70881489788609, -0.766097821027, -0.0277418010197, -0.642125004259, -0.387752300439, 0.816723857004, 0.42732925819, -0.512583926906, -0.576361461131, 0.636447314395,  
302, 3441993.3441934804, 93.6642382883539, 99.44827757007485, 96.82936165347631, 85.3330134352035, -0.68007232367, 0.664826689206, -0.309042242901, -0.66064614481, -0.372946677691, 0.651503988435, -0.31788096188, -0.647237397651, -0.692845902893,  
303, 2691387.2952474435, 86.29040941587148, 109.59264089564675, 82.12175613338765, 71.3917402187532, 0.214540270396, 0.0129827328486, -0.976628855311, 0.337217143266, -0.939410066594, 0.0615899753948, -0.916655371809, -0.342549522594, -0.205919289783,  
304, 3767514.5022326247, 96.52847412667467, 105.69223937235418, 93.68187733382388, 90.83801565578133, 0.716393644187, 0.645227661591, -0.265445684249, 0.600420475579, -0.376370668989, 0.705578041063, -0.355352499744, 0.664850648073, 0.657037454551,  
305, 3371731.5575694093, 93.0225257128366, 107.15517081481137, 89.32807806099693, 84.09366073718867, -0.175334903198, 0.974696345764, 0.138653183426, -0.0176249001776, -0.143919908215, 0.989432374098, 0.984351072847, 0.171038281016, 0.0424131089727,  
306, 3261856.754923568, 92.00090339793675, 105.45277539128386, 97.43935609256941, 75.78510488456939, 0.285349380885, -0.587994162431, 0.756861014834, -0.653592242701, 0.458201778966, 0.602385516122, -0.70099423044, -0.666568822178, -0.25356082937,  
307, 2134410.051240749, 79.8723414704353, 90.36673651648624, 85.01605683527393, 66.32537156304622, -0.032450173351, 0.42740053225, 0.903479812327, 0.999354986949, -3.68073593064e-05, 0.0359111223161, 0.0153816874977, 0.904062378201, -0.427123658923,  
308, 4485766.365446614, 102.30951211592514, 132.65957101169428, 98.87586036911182, 81.6430417721061, 0.0304078860872, -0.897832486944, 0.439285995511, 0.145865492318, -0.430798279181, -0.890581888883, 0.988837003057, 0.0911573806321, 0.117863112727,  
309, 4219307.78720903, 100.24226381317416, 117.01035088570288, 104.43784495095939, 82.42717477494733, -0.0111324499232, -0.550756693026, 0.834591596918, 0.3145344206, -0.794205231831, -0.51990974985, 0.949180787214, 0.25671991512, 0.182073387305,  
310, 2860770.72767817, 88.06394730192886, 98.29052190702797, 86.13541276049195, 80.66795803459901, -0.583677529207, -0.811713824239, 0.0210049860592, 0.167357692302, -0.0949478057885, 0.981313567115, -0.794551411003, 0.576286024224, 0.191265453121,  
311, 2070591.195024139, 79.068211967516, 93.10249170687341, 85.241485445031, 62.286430073499815, -0.803745405995, 0.583205861506, 0.117746530509, 0.594409260478, 0.795717627225, 0.116237209105, 0.0259027681952, -0.163414750948, 0.986217352196,  
312, 1812116.3704102815, 75.6308807845116, 107.93476362759402, 78.64297142351766, 50.965491319371544, -0.206757087069, 0.51547578798, 0.831586567324, -0.659418685403, -0.701318511053, 0.270775448288, 0.722785240779, -0.492378978085, 0.48491693892,  
313, 3098581.9034583606, 90.4394939523902, 104.48074732940182, 97.6713781037694, 72.48877907403457, -0.755125230404, -0.423926793971, -0.500071954584, -0.643624971899, 0.33437943736, 0.688431033161, 0.124630581945, -0.841710440249, 0.525348220536,  
314, 2770747.1576974853, 87.1303440707285, 110.40591046584034, 86.37362070702125, 69.36411320469078, 0.547777751751, -0.115245654483, 0.828648281124, -0.266210748918, 0.914977093349, 0.303230532444, -0.793140196843, -0.386698018832, 0.470524463109,  
315, 3382337.142526428, 93.11995594011664, 102.70994110974058, 99.70086759839913, 78.85275429844836, 0.325147574317, -0.067497193259, 0.943251389513, -0.47854310054, 0.848566458342, 0.225680009534, -0.815644258143, -0.524765752198, 0.243609009436,  
316, 3307909.67900484, 92.4318569008188, 100.98429218779513, 92.23619650667044, 84.78320343092666, -0.582717054579, 0.561311637231, -0.587681954983, -0.130099986716, 0.649385846573, 0.749247633114, 0.802193759487, 0.513056788455, -0.305381571253,  
317, 3292697.034719163, 92.2899451235822, 111.06117321172579, 90.3422055554242, 78.34480743278387, -0.99422103372, -0.0975356403931, 0.0448479092262, -0.0965901035013, 0.995063230459, 0.0227929658709, 0.0468496319567, -0.0183293818957, 0.998733771205,  
318, 1404249.182319336, 69.46806310357366, 99.6534651760642, 71.95079624094467, 46.75494616327022, -0.957255904257, -0.261787835891, 0.122997002992, -0.120374066089, 0.747231384434, 0.653571222079, -0.263004216656, 0.610829261821, -0.746804120854,  
319, 3386783.031184599, 93.16073836139799, 105.95545199905123, 94.70709889410898, 80.57362890986235, -0.181547934618, 0.92393675452, -0.336721281006, 0.500955463347, 0.381544676484, 0.776831567066, 0.84621744911, -0.0276501987987, -0.532119812944,  
320, 2870026.237436303, 88.15881675800627, 99.6146681889038, 91.67517183158306, 75.0278035114414, -0.29037550694, -0.565375119775, 0.772031760298, 0.907253711057, 0.0938664295872, 0.409975361661, -0.304257734071, 0.81947548306, 0.485682163479,  
321, 3547341.864523681, 94.61024018280013, 111.03620507191916, 101.23139753190704, 75.34155720992774, 0.175447777839, 0.412327436712, 0.893982193439, -0.588897084181, -0.683738602294, 0.430931256672, 0.78893491588, -0.60206943841, 0.122858006812,  
322, 2609819.310632307, 85.4097158438013, 115.80518650602019, 85.71668940616384, 62.76657505926326, 0.485062194124, 0.85036024493, 0.203965981659, 0.357587916063, -0.405729331455, 0.841138865992, 0.798026033483, -0.335068893572, -0.500882507624,  
323, 3312211.3411279954, 92.47190619957759, 118.47810105711717, 86.17347882854642, 77.44933978771668, -0.391338651556, 0.775586273424, -0.495297882363, -0.240306150913, 0.433421234777, 0.868561446921, 0.888316955614, 0.458924793098, 0.016763670494,  
324, 2757442.414020455, 86.99065763617841, 96.19949144623094, 92.00501684597457, 74.37612653620228, -0.317024213289, 0.122713828891, 0.940445088449, 0.161087497293, 0.984153373813, -0.074114472469, 0.934637077375, -0.127997863311, 0.331768112668,  
325, 3777170.7828894905, 96.610872467198, 107.55203830634734, 97.07230774154995, 86.37021734866961, 0.261682517482, 0.591078110908, 0.762986845791, 0.513089269241, 0.584375680251, -0.62868471122, -0.817472728496, 0.555996161081, -0.150354936826,  
326, 3269768.0909754187, 92.07522327824506, 111.09856115927859, 92.76664131473073, 75.74048376170585, -0.545392530979, -0.629947514806, 0.552913298576, -0.819461481234, 0.262109119969, -0.509687835839, -0.176152967405, 0.731071089442, 0.659170079916,  
327, 3298572.1067841384, 92.34480267737014, 100.85417166571548, 93.30322030400629, 83.68485590926701, -0.912661158715, 0.247303891506, -0.325408043261, 0.0752771941077, 0.884257981532, 0.460891707611, 0.401724972363, 0.396142155474, -0.825644257073,  
328, 2922699.973904414, 88.69487829557758, 106.36159496515917, 92.54859196490798, 70.88281709080027, -0.643327446656, -0.204660161476, -0.737728957466, -0.452888697707, 0.878656044297, 0.151179969932, -0.617269490472, -0.43136733085, 0.65795182347,  
329, 3408662.9381440254, 93.36092582089326, 124.75073886745227, 114.91443880971067, 56.76461835318537, -0.881084534337, 0.408430644984, -0.238483650573, -0.453987994048, -0.588976133178, 0.668582093544, -0.13260823735, -0.697346056693, -0.70436037126,  
330, 2640192.3900745814, 85.73977152277654, 104.95076542698519, 91.88548963755449, 65.36035786052214, 0.307865443001, 0.681398972468, 0.664013786999, -0.645185418044, 0.662447589467, -0.380655970074, -0.699252919443, -0.311221193894, 0.643573401503,  
331, 3510859.5536283664, 94.28478514666277, 104.16085810011658, 96.54007403774214, 83.35135621375186, -0.249872685858, 0.867481458387, 0.430162248712, -0.248078026758, -0.486780810287, 0.837557004255, -0.935959899516, -0.102568816367, -0.336836316936,  
332, 2560153.9256747565, 84.86445425539824, 98.81582350042753, 91.05666248481631, 67.92650129659408, 0.331249333592, -0.297954571068, 0.895263621831, -0.572580483276, 0.690676347316, 0.441721375337, -0.749950311132, -0.658930388461, 0.0581831074799,  
333, 3809159.2118976344, 96.88283498995949, 103.41902611340026, 98.71985170217542, 89.07084613789517, -0.310864056368, -0.125899583902, 0.942078995218, 0.622494563636, 0.722049062695, 0.301903410555, -0.71823676925, 0.680289971876, -0.146087293983,  
334, 3785656.233033031, 96.68316410799748, 104.4212086309669, 97.92552531850752, 88.38283726010127, 0.438178473042, -0.873325312621, -0.21284389608, -0.698458303793, -0.479842605223, 0.530949217981, -0.56582296138, -0.0839879309693, -0.82023801657,  
335, 3268803.509215662, 92.06616832253708, 97.22919813282863, 93.92365169627108, 85.45323979675993, 0.395903964748, -0.733894408473, 0.551959281024, -0.477237188338, 0.349088818655, 0.806462437289, -0.784541086728, -0.582697171696, -0.212036056682,  
336, 2623964.8877710574, 85.56374866045209, 105.29252965454161, 89.53470627585244, 66.44777405581002, -0.25949947527, -0.30615958018, 0.915929218771, 0.894732373685, 0.280737194534, 0.347333567462, -0.363474898466, 0.909644402538, 0.20107973323,  
337, 3868739.751812102, 97.38535136891416, 107.69722473330793, 96.87097025225225, 88.52842646154774, 0.692810282024, -0.291016250735, -0.659790462897, -0.668143671426, -0.603262056091, -0.435498479922, 0.271289416409, -0.742552646947, 0.612386821426,  
338, 1551840.124841685, 71.82122184526803, 102.82668218034387, 63.636538767747716, 56.61688803278514, 0.077788225041, -0.722949172509, -0.6865081835, 0.418635678318, -0.601259470568, 0.680610915202, -0.904816644898, -0.340340334108, 0.255881410219,  
339, 2514179.688841301, 84.3533953126108, 102.53569444351758, 81.85215656910101, 71.51588228054122, -0.0951531545786, -0.916022113884, -0.389678539376, -0.150785480402, -0.373674973965, 0.915221695947, -0.983976430649, 0.14584409727, -0.102566481941,  
340, 2848932.185312279, 87.94230290491889, 117.0057534903945, 95.94358378980081, 60.5857303957182, -0.755658063586, -0.573608840484, 0.316154691657, 0.102494127034, 0.373194363848, 0.922074249025, 0.646897089854, -0.72917684063, 0.223215792962,  
341, 1043267.3728077201, 62.91714471381206, 85.53988525857179, 69.60051530825696, 41.83366340407353, 0.898687666454, -0.244130829746, 0.364363302394, -0.0329611795395, 0.790818810741, 0.611162146424, 0.437348875392, 0.561253727423, -0.702652271502,  
342, 3766875.698129957, 96.52301816265353, 106.61590945914992, 97.40415382480064, 86.59507371030222, 0.338155041863, 0.70680471774, 0.621351960359, 0.874841412459, 0.00724814558286, -0.484355207912, -0.346848195481, 0.707371582243, -0.615891040628,  
343, 3082589.722138448, 90.28363554005728, 107.8646587312408, 88.87029039557655, 76.76996519542503, -0.936568967694, -0.132810763095, -0.324345294336, -0.150665059299, -0.68298871596, 0.714721242008, -0.316446849658, 0.718253238821, 0.619656095156,  
344, 3716890.406136103, 96.09417197186744, 115.23572978847203, 92.29811899376774, 83.4278669317948, 0.278728868632, -0.207522147296, -0.93768052991, 0.658123081191, -0.669798862586, 0.343865516854, -0.699417062842, -0.712954445992, -0.0501171641855,  
345, 3371680.7213421958, 93.02205820448182, 99.69652794879919, 97.17164918835604, 83.08798485230119, 0.951098852147, -0.208693537834, 0.227723474219, 0.0245603315849, 0.78599945425, 0.617739142382, 0.307908693538, 0.58193802521, -0.752688761215,  
346, 3484788.2954376703, 94.05082223338714, 105.95994420441777, 95.16924107198088, 82.49914793515711, 0.925315419909, 0.317098519299, 0.20794206582, 0.313880863733, -0.948186991669, 0.0491958556373, 0.212767894809, 0.0197473514091, -0.976903201474,  
