# Void_ID, Void_Volume, r = (a*b*c)**(1/3.0), a, b, c, vector_a, vector_b, vector_c 

7, 1638699.593623851, 73.13696129317653, 108.12424500748688, 78.33940206607373, 46.185685755564734, 0.586622473425, 0.0157304170918, 0.809707742121, -0.4236299065, 0.858076948832, 0.290244125183, -0.690225887657, -0.513280141699, 0.510031097234,  
17, 360633.4076445626, 44.156276966370264, 94.64522314707041, 79.3175356617759, 11.468574344435112, -0.280396034148, 0.71226543661, 0.643471842309, -0.898408933053, 0.0413100276984, -0.437212614893, -0.337993273667, -0.700693534594, 0.628322463019,  
24, 1825609.3249657846, 75.81813175256116, 134.76701247482407, 77.04270653482139, 41.97629504633457, -0.954942838054, -0.129086922068, -0.267246595116, -0.259160764341, 0.801513638826, 0.538898492299, -0.144637043237, -0.583877087516, 0.798853974389,  
53, 1819721.3174068711, 75.73653369437916, 106.76826299268242, 74.49821483183538, 54.61704886246887, 0.54439511294, 0.513430187253, 0.663342599133, 0.760182655521, 0.0323429980248, -0.648903891747, 0.354621335022, -0.857521645964, 0.372693353108,  
98, 1297355.7711539385, 67.65867569140133, 91.99610211269975, 84.06441308226293, 40.04874091948363, 0.928857792425, 0.114222278999, 0.35238682216, -0.35776902098, 0.0299742879878, 0.933328918274, -0.0960444120101, 0.993002927005, -0.0687070439013,  
118, 3790376.1477425643, 96.7233285902712, 125.2777595691529, 98.16047747570668, 73.58394386394876, 0.362861453264, 0.835669981928, 0.412295097036, 0.780411494712, -0.0307525992831, -0.624509548813, 0.509204737465, -0.5483702754, 0.66332539255,  
128, 3135587.706764589, 90.79810428616739, 127.50824282378571, 109.89062234390906, 53.423390882499234, -0.95709820613, -0.265898116761, -0.115157350287, -0.197114126531, 0.306153235794, 0.931351822533, 0.212388900238, -0.914094299138, 0.345430987811,  
135, 924425.7075151617, 60.43118841842212, 104.57967751967871, 63.93717787219795, 33.00522089623984, -0.012770579304, 0.422101141085, -0.906458790568, -0.999825292747, -0.0177647236619, 0.00581365431858, 0.0136490398036, -0.906374669377, -0.422254262767,  
138, 333655.7128072985, 43.02656263538145, 103.86932341399577, 39.15901362687171, 19.583526919047564, 0.592540556058, -0.748273539833, -0.298299177021, -0.5299083312, -0.640984540744, 0.555280090632, -0.606706560003, -0.170954754578, -0.776325718972,  
149, 1073250.653529069, 63.514202707231654, 94.04110289086113, 83.59684269671642, 32.59154609895559, -0.343562152053, 0.163268519178, 0.92482886975, 0.774751456099, 0.605848058907, 0.180854391131, -0.530777946932, 0.778647237306, -0.334638985904,  
212, 2473946.636803227, 83.90101976535509, 139.7807570559087, 75.17232262057618, 56.20777074134975, -0.990645943235, -0.130629408316, -0.039453426143, -0.019764375671, -0.148721323759, 0.988681615746, -0.135018460241, 0.980213204126, 0.144748367355,  
246, 1226311.7557079582, 66.40040996103798, 104.49092918975342, 90.55140478084158, 30.941295883369545, 0.442378989363, 0.376629990526, 0.81391073221, -0.531483944607, 0.841104449065, -0.10034003383, -0.722375003994, -0.388192163755, 0.572259729148,  
249, 964201.1864631551, 61.28577523539301, 117.02313421651458, 62.422886185235704, 31.5110940423326, -0.054315653851, -0.252705880919, 0.966017363972, 0.632844863221, -0.757043718422, -0.162456724982, 0.77237114708, 0.602515183332, 0.201042943206,  
263, 372518.6999084862, 44.63612547742956, 139.2781345647132, 92.36649129989814, 6.912928760634382, -0.651738658932, -0.0793801389048, 0.754278141007, -0.000944348085525, 0.994592024097, 0.10385477268, -0.758443029278, 0.0669738691516, -0.648289034452,  
294, 2140013.2128980113, 79.94217288079328, 127.29301580727889, 104.70943910399194, 38.32987795357004, 0.643964219658, 0.62587152884, -0.439994219494, -0.218364836429, 0.701554073221, 0.678335227272, -0.733230442638, 0.340744349527, -0.58844405533,  
301, 2038406.1018664504, 78.65639426897113, 124.4239637537478, 80.88707289750215, 48.352501742966126, 0.309871975059, 0.886179480733, 0.344478282336, 0.380088496739, -0.447561020247, 0.809457761592, 0.871499910338, -0.119896042819, -0.475513243976,  
322, 3085065.559805243, 90.30780004987733, 122.28114104640902, 86.17729370769887, 69.89135400254452, -0.379658889219, -0.922104089048, -0.0747206584386, 0.214868365401, -0.166450228247, 0.962354356288, -0.899828157699, 0.349311280203, 0.26132530711,  
353, 1432182.0163221287, 69.92565378386703, 115.85082682677435, 70.72367969910792, 41.72973439239605, 0.380343404431, -0.485683165205, -0.787051940943, -0.848266251116, -0.522268080452, -0.0876380017964, 0.368487804308, -0.700962135338, 0.610629857523,  
363, 2169521.0029836893, 80.30792718004413, 97.05608070093729, 89.91396035692597, 59.35063539305442, 0.260764823328, 0.905733176439, 0.334139372139, -0.202998056231, -0.286933147894, 0.936195042609, -0.943818571592, 0.311956377941, -0.109040002664,  
388, 786596.2023895725, 57.264799615569274, 116.68999533043208, 59.740506786569995, 26.93771235363477, -0.0539992447863, -0.220642009862, 0.973858914344, -0.942979624467, 0.332058612097, 0.0229457179739, 0.328441028806, 0.917090061889, 0.225991833879,  
403, 1968104.3498978675, 77.74154558859328, 128.67065197597074, 115.63046419367846, 31.57968118733832, -0.800716993245, 0.535003922997, -0.269486732709, -0.485653882218, -0.316391650975, 0.814884427315, -0.350703013125, -0.783369086428, -0.513166903662,  
404, 373784.9189400635, 44.68664213129138, 97.7560147881039, 76.51776840966951, 11.929641193068994, 0.0973176355481, 0.0472595122406, -0.99413068372, 0.00856508174442, -0.998874734733, -0.0466465827971, 0.995216517742, 0.00397527542649, 0.0976129089785,  
426, 499905.94756335794, 49.2341636429128, 92.77303630109922, 73.9885530956874, 17.38654902489558, -0.0653687074914, 0.997614380935, 0.0221918686135, 0.218862733211, -0.00736401843631, 0.975727869461, 0.973563575783, 0.0686390427099, -0.217859233735,  
456, 1385900.482037632, 69.16416616540971, 146.1345579001381, 100.22480891916113, 22.58994999396448, -0.799743835856, -0.174098856792, 0.574542761745, -0.589938626488, 0.0505184058889, -0.805866184701, -0.111275397046, 0.983431481462, 0.143109424156,  
477, 829358.1084958382, 58.28424323050199, 133.2472554922936, 64.56186873011275, 23.015431452788192, 0.00273070152502, 0.299188201354, 0.954190213448, 0.139510799897, -0.94497619068, 0.295899874552, 0.990216784336, 0.132311825693, -0.0443204332155,  
495, 1841214.225933352, 76.03354463467086, 153.18840376257393, 62.917120689557244, 45.605894903379046, -0.86987739841, -0.492742464394, 0.0227634689412, 0.130855112298, -0.186022122518, 0.973792950026, -0.475594629197, 0.850059194243, 0.226294310495,  
531, 2140334.944785227, 79.94617887745103, 116.65721406967697, 77.14151807198219, 56.779733666100555, 0.139723223367, -0.87955083897, 0.454827156753, 0.499336732258, 0.459238723838, 0.734685390045, -0.855067394226, 0.124459295337, 0.503358356576,  
540, 2973586.909329893, 89.20667296261155, 136.15966302094546, 80.7191529540436, 64.5902496413512, -0.264522545691, 0.607389121689, -0.749070275525, 0.93966491468, 0.33705266907, -0.0585264589056, -0.216927801216, 0.71935662444, 0.659900277264,  
547, 798706.0282721457, 57.557172494376466, 91.68698770961397, 68.26426277115462, 30.464723725783188, -0.245894803246, 0.961501406017, -0.122681669225, -0.599303363245, -0.250287109277, -0.760389269869, -0.761820992451, -0.11345223293, 0.637775325882,  
576, 1776670.967885665, 75.13451121549362, 118.73881819596734, 83.53041482464087, 42.76426736630001, -0.765653800863, 0.632690088468, -0.116092674953, 0.616921239374, 0.773362402663, 0.146009515294, -0.182160483182, -0.0401727034334, 0.982447816561,  
688, 511844.0267382253, 49.62299927630192, 94.12890834727645, 51.40032152708029, 25.25574432826633, 0.612918493692, -0.503236345279, 0.609166726669, -0.442129955047, 0.420533284258, 0.792258076438, -0.654867943131, -0.754920484304, 0.0352567644183,  
690, 577264.5564230091, 51.652985434659485, 84.75598751319758, 52.82099605821037, 30.78288421666839, 0.306068829232, 0.463339519639, 0.831647979204, 0.862832324767, 0.234141236551, -0.447993594468, 0.402296223088, -0.854689634246, 0.32812098074,  
727, 666362.8897726136, 54.18437453246376, 93.45695118594509, 68.15103874519139, 24.97687525873217, 0.0521348249572, 0.860224695024, 0.507242973433, -0.600135445845, -0.378995575738, 0.704414508803, 0.798197598761, -0.341139015126, 0.496492462874,  
736, 1013919.3365641147, 62.32155276869352, 144.32150260424118, 61.86117397812712, 27.112252269854306, -0.800999750812, -0.0207432917431, -0.598305202256, -0.14641331369, 0.975838006341, 0.162183004519, 0.580484746374, 0.217508393466, -0.784683093993,  
738, 3298445.016325736, 92.34361667994928, 114.26311341198775, 100.54791761912365, 68.53959053992203, 0.0431866646736, 0.0134759596115, 0.9989761311, 0.367522772653, -0.930008514809, -0.00334274809443, 0.929011261275, 0.367290839657, -0.0451166879132,  
786, 2222593.0982685755, 80.95750537906545, 93.113576797165, 82.97148534109277, 68.67987208872555, 0.0177352302744, 0.27616217927, 0.960947403528, -0.223158755158, -0.935760637328, 0.273042486849, 0.974620762965, -0.219286297723, 0.045032077763,  
787, 2749973.31406485, 86.91204258195214, 124.07990317216947, 103.98365864393024, 50.88307280786302, -0.897893000916, -0.298944953216, 0.323140950442, -0.435216059433, 0.713124354205, -0.549582238661, 0.0661448449764, 0.634102176614, 0.770415010949,  
790, 619401.8192524303, 52.880386707670674, 111.55696454852597, 72.85722806258006, 18.19342792662512, -0.0825526737297, 0.648445661554, 0.756771616851, 0.919990535918, -0.242359333046, 0.308024946241, 0.383148104369, 0.721651008242, -0.576556460741,  
867, 891173.428258001, 59.6977376621114, 114.21667281847621, 62.33136832628044, 29.883912346474926, 0.447329444029, -0.680120836134, 0.580802906984, -0.422019489224, 0.412043555181, 0.8075392618, -0.7885403726, -0.606346235158, -0.102705033421,  
923, 556498.2009723778, 51.02602276469741, 114.0205003621167, 96.49446584505512, 12.075074155082847, -0.90860963839, -0.299372873843, -0.291211963065, 0.152676670589, -0.887100485852, 0.435594492917, 0.388739449095, -0.351324081737, -0.851735305308,  
934, 2816378.482132238, 87.60605743601018, 125.24971493818897, 85.87573608645188, 62.510819075205184, 0.713249114375, 0.469356743681, 0.520557343627, 0.487863402731, 0.200806971667, -0.849509187946, 0.503254409935, -0.859872552935, 0.0857565833654,  
937, 1532023.7880645506, 71.5142024834134, 127.22432061848227, 66.78266813134509, 43.04701016157624, -0.659373631767, -0.71949043591, 0.218082384351, -0.0537771028113, 0.334468221621, 0.940871421576, -0.749889616506, 0.608657967466, -0.259231637144,  
951, 583180.2661195612, 51.82882981196095, 96.6970783530832, 48.57936202549284, 29.638010736892344, -0.980656486939, -0.177344365358, 0.0828361678282, -0.0359852587276, 0.579336862605, 0.814293473375, -0.192400404831, 0.795561296006, -0.574512235307,  
955, 358707.22168004734, 44.07752194211958, 83.51921580245927, 37.877067515121155, 27.070031113338384, 0.313590756628, -0.941804512725, -0.121099534136, 0.48131206842, 0.0477197979068, 0.875249400846, -0.818534990181, -0.332756789109, 0.468266365599,  
957, 3035082.4726720825, 89.81743102572372, 136.22037290113028, 85.03387916546559, 62.552955054226416, -0.491566014712, 0.418795552739, 0.763526776339, 0.867848494084, 0.308201628946, 0.389680314144, 0.0721238136582, -0.854179162074, 0.514952536242,  
961, 1394160.6811094808, 69.30130407634691, 101.91522198844541, 88.62691313219818, 36.84847705024486, 0.987069683431, -0.1379876789, -0.0815649466524, -0.110107432243, -0.953491197617, 0.280590251847, 0.116489456242, 0.267981224227, 0.956355723591,  
1002, 873042.8226010909, 59.29011767880273, 121.53236601097784, 61.60291565913082, 27.83900547025184, 0.17490481506, 0.983242673093, -0.0514018625971, 0.788945437123, -0.171193076103, -0.590133906785, 0.589044482965, -0.0626639968711, 0.805667313836,  
1010, 1275891.1778417793, 67.28346389078553, 107.05926617543146, 77.69876728663615, 36.617326656562966, -0.489602367381, -0.232213083174, 0.840456189136, -0.861429692024, -0.020432298816, -0.507465670626, -0.135012619979, 0.972450309871, 0.190031542851,  
1034, 1491781.8133269367, 70.8824792873994, 140.27961646319673, 67.28583793699022, 37.73101288322447, -0.561429710644, 0.803506570064, 0.197923904244, 0.805004830449, 0.474882484007, 0.355603500177, -0.191739153438, -0.358976069186, 0.913439805784,  
1081, 1524421.390701484, 71.39571407603248, 115.11878259901344, 59.2475298380066, 53.358054747263616, 0.712726679713, 0.557319890048, 0.425928656211, 0.389459814016, -0.819440544852, 0.420521398645, 0.58338814977, -0.133834724972, -0.801090839481,  
1092, 1640631.5939939767, 73.16569243722746, 100.93999386962223, 82.82655880615664, 46.84783971656334, -0.0783717168237, -0.79290054346, 0.604290163897, -0.941245269445, -0.140887495795, -0.306933309166, 0.328504515569, -0.592840148531, -0.735272290748,  
1134, 2460777.1330620362, 83.75187868298899, 119.05503766687498, 87.1657701310867, 56.6095789559309, 0.0297271670139, 0.877291872615, 0.479035766708, -0.938813967749, -0.140016058702, 0.314680532071, 0.343139373288, -0.45908002957, 0.819451583042,  
1335, 2427595.7178111393, 83.3737337649738, 111.42058559164762, 90.56767394765328, 57.43136029311252, 0.117336789294, -0.951982921354, -0.28277304562, 0.608471503965, 0.293950267991, -0.737126630105, 0.784853175276, -0.0855672682701, 0.613745660563,  
1354, 2241337.1710749096, 81.1844516156045, 123.87457617769697, 86.57549659796909, 49.89320600128571, -0.643903765252, 0.394940822654, -0.655293588932, -0.159052270253, 0.768667613832, 0.619558290053, 0.748391820119, 0.50316184876, -0.432131736315,  
1441, 2695953.759037996, 86.33918468060732, 111.97424618410895, 94.54901776719316, 60.79231203934826, -0.931103689583, 0.307737280188, 0.195815437662, 0.349014090968, 0.595653543954, 0.72345422791, -0.105995677034, -0.741953247824, 0.662019859591,  
1443, 321175.51946075726, 42.483270422804395, 107.79516473351067, 62.7706882479743, 11.331767489184433, 0.908540789994, 0.381420121043, 0.170506082532, -0.221532028212, 0.0937866719973, 0.970632587868, 0.354227601117, -0.919631856462, 0.169705790083,  
1448, 504816.04599013564, 49.39483213533248, 77.39737938977242, 49.510994623950495, 31.44970923186664, 0.424466224955, 0.546224878937, 0.722126585511, -0.56069352015, -0.46765579429, 0.683316057567, 0.710950912746, -0.694936284631, 0.107760660584,  
1470, 944727.3573359896, 60.870372693428486, 88.61513374755556, 75.84811402444898, 33.55561468028977, 0.187173406379, 0.95915460071, -0.212105086882, -0.943000931995, 0.235924373738, 0.234710315353, 0.275164238594, 0.156083765374, 0.948642451077,  
1525, 1464986.5775292371, 70.45551797656302, 101.8793845876495, 99.15668105083331, 34.62077150671761, -0.148003310529, -0.517722817792, 0.842649454999, 0.141880311537, -0.85433465587, -0.499982272663, 0.978756863205, 0.0455563356315, 0.199899032046,  
1539, 3472281.8627788676, 93.93817548515077, 99.63783169168012, 97.32424177013266, 85.48325795209198, -0.972340023141, -0.207252532812, 0.107709178071, 0.14371387092, -0.167345158405, 0.975367582639, 0.184122792459, -0.963868240789, -0.192501458945,  
1543, 2209147.3376501556, 80.79392202426632, 124.64309429931679, 80.03286576336727, 52.86880358504099, 0.541800659987, 0.660150172008, 0.520243976645, 0.494050353662, -0.750878852048, 0.438286661437, 0.679975214904, 0.0195627182218, -0.732974083561,  
1549, 3765122.471111696, 96.50804085004435, 129.3289588395417, 101.04216475745487, 68.78473598808515, 0.371796337995, -0.858330147877, -0.353605486807, -0.394311462752, -0.49086002289, 0.776900835545, -0.840408206407, -0.149418188901, -0.520949375112,  
1557, 586550.5814411002, 51.92848114507007, 120.97746810607981, 84.03088338941612, 13.774423775628966, -0.0926133756565, -0.367301088417, 0.925479698911, -0.477124900206, -0.799442215587, -0.365025990227, 0.873941984489, -0.475375698143, -0.101209452929,  
1603, 2484060.185934388, 84.01519407188506, 124.1770894233345, 85.89258530639312, 55.600199982760515, -0.63617239762, 0.425545903465, -0.643580115099, 0.758915773849, 0.495453886572, -0.422578151925, -0.1390378679, 0.757255657176, 0.638147585567,  
1616, 1795892.5098402689, 75.40449631033842, 137.4771004254178, 90.5284004389353, 34.44899204842304, -0.345054490572, 0.299967081638, -0.889357716821, -0.909398039963, -0.341302664556, 0.237713474753, 0.232233941207, -0.890804266436, -0.390557493144,  
1622, 321230.84199091926, 42.48570953261029, 88.35648170962061, 55.69811687534271, 15.582950831441455, -0.0324060193533, -0.945485995124, -0.324046420954, -0.999041638601, 0.0401863702377, -0.0173453160286, -0.0294220028327, -0.323173774726, 0.945882158135,  
1630, 4423909.27839442, 101.83706345991357, 134.82590675961066, 123.80701623504673, 63.270169220297376, -0.245959945372, -0.11896758564, 0.961951359914, -0.252104568692, 0.966134345452, 0.0550246579442, -0.935920398173, -0.228978470832, -0.267622622696,  
1633, 1627319.693665518, 72.96726873516182, 149.8049631540963, 106.96108030446831, 24.245563837142296, -0.0925769882703, 0.617259803868, 0.781293693672, -0.268315011961, -0.771102411336, 0.577415037549, 0.95887254398, -0.156177481605, 0.237006410548,  
1644, 421831.5111829736, 46.524688047910686, 139.05314154116743, 73.86635708014232, 9.804442938731679, 0.1389997157, 0.955339649588, 0.260778129758, -0.376978247394, -0.192461944744, 0.906005408823, 0.91573275579, -0.224242176563, 0.333390111166,  
1663, 2838121.5988505776, 87.83092632934422, 119.86550716076168, 79.8842503400026, 70.75986542033374, 0.146355080688, -0.557731429415, -0.817016427619, -0.773874153761, -0.579014505074, 0.256633974866, 0.616197196113, -0.594708210434, 0.516355652574,  
1681, 2237301.8738505878, 81.13570092653804, 113.78993138453234, 105.60032624671705, 44.449500156199456, -0.622438909401, 0.726109232518, 0.292121869288, -0.650173401722, -0.271921142909, -0.709459963446, -0.435711316995, -0.631525355383, 0.641351209363,  
1761, 2076960.4415199894, 79.14920162917555, 116.38768217036011, 91.22836066619251, 46.69847790164232, 0.928520618182, -0.134585687594, 0.346029123495, -0.303000660067, 0.26393018559, 0.915713632711, -0.214569479682, -0.955106041144, 0.204285066904,  
1766, 1626548.2760554492, 72.95573706687125, 120.59821277461168, 94.67715981946844, 34.00887417980042, 0.674747340112, 0.557902344041, -0.483178022601, -0.470875667007, 0.829532335014, 0.300253578473, -0.568323968553, -0.0249214702418, -0.822427374964,  
1772, 2119343.9608240626, 79.68396678656387, 124.39763609305153, 88.87070253720825, 45.76590938607449, 0.183670436923, 0.796111411203, 0.576603669389, -0.572870898947, -0.389981529383, 0.720925335856, 0.798801667337, -0.462732133845, 0.384440981904,  
1798, 1290940.6696827905, 67.54697293581646, 107.26563354246903, 80.00560527813455, 35.91175721582426, -0.989366245985, -0.0946796810163, 0.110409190324, -0.145182586185, 0.59724193413, -0.788811820896, -0.00874345320968, 0.796453281819, 0.604636851264,  
1806, 1689346.552601137, 73.88280583267661, 128.53741843123817, 92.77741429656537, 33.81880852149731, -0.0396115566415, -0.958059097154, -0.283819821261, -0.993420945873, 0.0683044757572, -0.0919201985026, 0.107451146488, 0.278311453145, -0.954461621107,  
1832, 1104367.917316037, 64.12219651554453, 144.0088990308796, 64.58546732609946, 28.34660393818243, 0.0560955718792, -0.458905919184, 0.886712266834, 0.8698806674, -0.413452154307, -0.269007324402, 0.490062150445, 0.786423978167, 0.376000552214,  
1840, 2745579.2037505712, 86.86572641208562, 115.52331841774118, 84.82741117552958, 66.88665827358268, 0.797192595605, -0.584039856038, 0.152909816795, -0.473404921241, -0.447548184877, 0.758675426489, 0.374662175909, 0.677198692241, 0.633269441209,  
1864, 1702255.185479814, 74.07051294181565, 143.29943378176947, 76.52376609106061, 37.05913230372535, 0.306999804621, -0.789110118601, -0.532030394512, 0.409030442479, -0.39536076605, 0.822425657305, -0.859328352313, -0.470101143787, 0.201394383044,  
1888, 1284993.8769241457, 67.44309358598157, 89.95218070731484, 78.57021948057235, 43.40530239671184, -0.219284780208, 0.813135509722, 0.539189046623, 0.948886005226, 0.0491616236497, 0.311766713821, 0.227001176771, 0.579994635828, -0.782353301364,  
1896, 826870.6900953891, 58.225916001831365, 132.9782565236487, 80.12733033410478, 18.526256842559526, 0.0399083469324, 0.899582825083, 0.434923056024, -0.349934972121, -0.395121050631, 0.849367335512, 0.935923522053, -0.186091633783, 0.299026862847,  
1911, 902693.1623224549, 59.95386437845424, 111.93053780108009, 64.15704022248067, 30.0094912394489, 0.452414623257, 0.891538901191, -0.0218951210606, 0.712192215591, -0.346409906397, 0.61055910836, -0.536752509742, 0.291819403764, 0.79166797262,  
1951, 1937084.021486442, 77.3309389054961, 114.29618304347586, 79.2166511567153, 51.07538433662583, -0.241059512665, -0.942963665735, -0.229586228806, -0.0410519632141, -0.226443402738, 0.973158836816, -0.969641710979, 0.244014160367, 0.0158758265921,  
1953, 1899137.7939441812, 76.82265088439063, 117.24497876090172, 92.3142028248439, 41.88949177048983, 0.842666632362, 0.522426529794, -0.130320634095, 0.318959884797, -0.289341349493, 0.902522119044, -0.433794350578, 0.802092329125, 0.410451406338,  
1999, 706570.3922586445, 55.25296759097693, 111.46579851218162, 82.54098336714806, 18.33392943925485, 0.659924125268, 0.446544353616, -0.604233637877, -0.271271908823, 0.891579425017, 0.362626088927, -0.700650911918, 0.0753940922126, -0.709509711341,  
2006, 1701824.2047299973, 74.06426130184076, 118.3198894571066, 78.92396061657773, 43.50703232959032, -0.222826817417, 0.955083112619, 0.195357255894, 0.943391984558, 0.160756977999, 0.290118523187, -0.245682260066, -0.248944656531, 0.936838718816,  
2029, 1791383.6499724481, 75.34133862622897, 108.03574524835905, 78.9599149420297, 50.133249214455454, 0.213950933177, 0.864059669084, 0.455659836341, -0.44360697079, -0.329646436939, 0.833394313684, 0.870309056404, -0.380439370827, 0.312774729583,  
2044, 2710727.7869106526, 86.49661251706112, 156.9632831887926, 84.70166782900719, 48.675145921037384, 0.344928013701, 0.349305601248, -0.871211950275, 0.828970089388, 0.321994862705, 0.457305039652, -0.440264984145, 0.879945967278, 0.178498847075,  
2067, 1902276.0503850353, 76.86494314712895, 119.98969863700262, 77.39067302536627, 48.90489657685719, -0.0293678772888, 0.9159527701, 0.400210008283, 0.886755503757, -0.16090425231, 0.433329549124, 0.461304893037, 0.367614396528, -0.807500743731,  
2086, 597706.1683292659, 52.25562456294235, 136.00408574585308, 55.636826415090184, 18.857530713048515, 0.0640849521171, -0.28435756376, 0.956574040441, -0.445467598789, -0.865895990341, -0.227558239448, 0.893001532664, -0.41153968198, -0.182162984205,  
2119, 1240619.8904249282, 66.65765688352235, 136.9581935057063, 85.15688705984176, 25.394656002692905, -0.743453324488, -0.667916204838, 0.0341335263659, -0.118996741514, 0.182333003126, 0.976009452557, -0.658116197807, 0.721555693821, -0.215035929318,  
2129, 1474406.9731186775, 70.60621361444385, 131.48686699232337, 82.17571435005193, 32.576385935480445, 0.33522636761, -0.869374816554, -0.363057448348, -0.885178915803, -0.158677442938, -0.437355411674, -0.32261675325, -0.467983864513, 0.822745120361,  
2130, 752813.4290396776, 56.432971148525716, 112.1554476066479, 52.97452595454324, 30.24901911089276, 0.590496954055, 0.533947389747, 0.605155791704, 0.739314459005, -0.658576844223, -0.140323451209, -0.32361625107, -0.530260997279, 0.783642646113,  
2143, 1475460.2790132298, 70.62302313845062, 117.75295117661146, 85.62134433378428, 34.93695658693905, -0.0346162710396, 0.720408173169, 0.692685915701, -0.228091187015, -0.680503710589, 0.696339795129, 0.973024215621, -0.133890865657, 0.187875256243,  
2171, 1464839.8362311728, 70.45316549098699, 112.87997136159801, 78.95653764205527, 39.23706794645963, -0.819140826767, -0.531214718782, 0.216377513788, -0.123853051015, 0.532138723026, 0.837549282855, -0.560061360636, 0.659271796762, -0.501689117199,  
2173, 2448635.32477048, 83.6139037932095, 124.52423430842809, 103.96720492737798, 45.15285883741826, -0.63578241185, 0.63539707987, -0.43823655219, 0.571400062388, 0.769146469439, 0.28620914949, -0.518924554714, 0.0684416499058, 0.852075728485,  
2177, 1934294.6689042023, 77.29380286830458, 130.19948110817643, 98.96788583579094, 35.83690366376471, 0.559955939818, -0.757707200463, 0.335155402505, -0.00166336588459, 0.403492929195, 0.914981250794, 0.828520717108, 0.512906672266, -0.224677918069,  
2181, 687541.2943910817, 54.75242925475967, 78.84542256779919, 65.3991127075863, 31.83184686728549, 0.044010126946, -0.879211408458, 0.474394780708, 0.723578247352, -0.299362643671, -0.621945759317, 0.68883788273, 0.370633655799, 0.623003262034,  
2204, 2334907.457452179, 82.29883502888475, 129.07280082282907, 87.60298814746416, 49.29778524196478, 0.238693751283, 0.929824959479, 0.280090767123, 0.905325656699, -0.317410969323, 0.282198036626, -0.351298659862, -0.186214449714, 0.917558407022,  
2213, 3448049.057618239, 93.71913588346753, 132.9420265205607, 85.71214732511538, 72.24040243248052, -0.961139942017, 0.134433866073, -0.241117289951, -0.144071959078, 0.500774778466, 0.853503305125, 0.235485206473, 0.85507435753, -0.461946491087,  
2214, 2033560.6704902207, 78.59402093621155, 116.59743920767117, 77.54463927843571, 53.69424403700216, 0.470034864032, -0.331270286787, 0.818124210427, -0.822649832513, -0.500321448051, 0.27004759152, -0.319866346558, 0.799961527645, 0.507687969749,  
2222, 2866531.3076418764, 88.12301754696124, 121.95361865714888, 89.69012286090202, 62.56461404287742, 0.864481896249, -0.230767023695, 0.446562013424, -0.304503685671, 0.466414551673, 0.8305028425, -0.399935690419, -0.853934451093, 0.332937526821,  
2231, 558236.4315321632, 51.07909439796717, 109.85588106246037, 62.21024049454614, 19.500438388294047, -0.569032071028, 0.607689028474, -0.554000493514, -0.0264503313483, 0.65983338739, 0.75094625697, 0.821889823585, 0.441966000455, -0.3593927828,  
2237, 391352.05116232805, 45.37601315052459, 107.88808510295287, 76.76239494882967, 11.281244299584658, 0.275624895235, 0.398389081192, 0.874824014939, -0.605289930744, 0.778924871797, -0.164012633164, -0.746763025911, -0.484316202582, 0.455831985549,  
2239, 3648191.7581178173, 95.49845588276074, 108.07882275480176, 105.17137663573251, 76.62154139399844, -0.25747079759, -0.108659188966, 0.960157262661, -0.803643339815, -0.527650106251, -0.275214003538, 0.536531612078, -0.842483558312, 0.0485312601824,  
2253, 4850073.868463432, 105.00740222312947, 128.88401069658497, 107.49224549788143, 83.57638190187846, 0.835746416479, -0.141175437089, -0.53065753863, 0.214988164354, -0.805115917887, 0.552782459882, -0.505280136687, -0.576071050069, -0.642521695153,  
2277, 1390617.8978397837, 69.24255241640162, 140.74360179701063, 90.9206483438417, 25.943467424424778, 0.316694741854, 0.878925997588, -0.356642021144, 0.808101181676, -0.446888828729, -0.383748426617, 0.496665803791, 0.166671729817, 0.851788479509,  
2311, 1149741.631601156, 64.98860517586456, 98.3229058632881, 62.67221587337696, 44.54324910668627, -0.544103626888, 0.00879990257435, -0.838971873737, -0.221331495267, -0.96603024807, 0.133408879077, -0.809298222172, 0.258279154266, 0.527568257253,  
2313, 1610478.2332320157, 72.71467767784418, 120.6169106663907, 72.65286551414908, 43.87380505859055, -0.685087450382, -0.719119098674, -0.116288035722, 0.163688132678, -0.30752073091, 0.937356493166, -0.709831938243, 0.623136198582, 0.328389855914,  
2317, 1037481.9515305104, 62.80062708409187, 109.44120511549423, 55.14173939105339, 41.04219816515775, -0.381739190619, -0.719672495464, -0.579954040953, -0.901501552722, 0.151498692267, 0.405392521739, 0.203887568983, -0.677583681558, 0.706618860278,  
2325, 3781426.470923688, 96.6471422436459, 151.56168542734432, 83.55143518804586, 71.28919493597681, -0.329040876101, 0.942582660945, 0.0571841686097, 0.877306666576, 0.327535596551, -0.350789745821, 0.349378182828, 0.0652561129486, 0.93470665189,  
2329, 569174.3656267703, 51.41054892270976, 118.83766301605381, 69.87830804755693, 16.36289860675518, 0.221794095779, 0.974916530554, -0.0185778774386, -0.346596035484, 0.0966303848403, 0.933023985175, 0.911415693997, -0.200500192465, 0.359334253248,  
2340, 616758.6510013293, 52.80506078126598, 127.11075472202194, 46.548236856829504, 24.885198406954775, -0.832468072368, 0.364536370295, -0.417265075486, 0.245455525169, 0.917789343666, 0.312112649242, 0.496737852043, 0.157403797238, -0.853507791976,  
2343, 1316162.7756008266, 67.98404451743787, 128.17459422887248, 78.80206653573977, 31.10866945920452, -0.930791211015, 0.00756913585855, -0.365472885012, -0.35708465101, -0.232757321744, 0.904607418269, 0.0782193934379, -0.972505391942, -0.219351291615,  
2352, 1492819.5458441153, 70.89891153938842, 140.90014158857238, 63.60722177992334, 39.764987195699504, 0.0481949093875, -0.818723612793, 0.572161600043, -0.720446769785, -0.425255983433, -0.547826432788, 0.691833580144, -0.385809531258, -0.610341955772,  
2377, 242367.73992532448, 38.67782712368141, 126.32021090521688, 86.97442861127894, 5.266496227130556, 0.543519077189, -0.658346844576, -0.520736444824, -0.703891796723, -0.0194959824856, -0.710039608172, -0.457300066956, -0.752462184368, 0.474001381705,  
2383, 532793.5560613229, 50.29098225380469, 90.51993367776075, 74.39026316655762, 18.88904634162777, -0.779100356177, 0.612872428882, -0.131871228556, 0.62243657525, 0.731191295694, -0.279163032818, 0.0746682315046, 0.299577494177, 0.951145614607,  
2386, 3207233.7343288856, 91.48446106393801, 128.86242181298124, 113.38683497020669, 52.40262952138424, 0.315562362432, -0.271491404943, 0.90923748958, -0.0483814473058, 0.952347053362, 0.301154985863, 0.947670634225, 0.139023404488, -0.287389738912,  
2392, 2345921.8468814716, 82.428040690056, 120.92278138208698, 108.76405772631384, 42.582524088513644, -0.980142709948, -0.197339728774, -0.0194242009422, -0.170837241627, 0.79063673187, 0.58796955286, 0.100672265337, -0.579612447817, 0.808649803887,  
2401, 618232.9101321737, 52.84710121165675, 113.5679074435272, 66.58765206014698, 19.517050478730997, 0.723699200694, 0.672489362471, 0.154975882893, 0.175425200747, -0.396452221297, 0.901139076487, 0.667446976065, -0.624966954, -0.404883737077,  
2414, 3032099.247439607, 89.7879937736216, 109.15405381765412, 101.64101770041539, 65.24480373925847, -0.780619959509, -0.624733228482, -0.0184627204737, -0.146643826655, 0.154359807322, 0.977071460021, 0.607559105702, -0.765428927539, 0.212109617804,  
2417, 1353795.7402342288, 68.62591973525521, 115.05895457671187, 71.1482682546961, 39.48023930010346, 0.640330945032, 0.266249360746, 0.720477313131, -0.243883865372, -0.818985539166, 0.51940672584, 0.728352209473, -0.508304991653, -0.459487861011,  
2425, 766883.4799099946, 56.78237990214965, 100.92427385171003, 71.96108990945231, 25.208523388566718, -0.398452883766, -0.513720830343, 0.759819852262, 0.1905508472, 0.763981240762, 0.61646008662, 0.897176501058, -0.390414615808, 0.206520589078,  
2431, 2234491.4515497885, 81.10171339123207, 111.76048703304143, 73.77154133740221, 64.70129081577282, -0.908602930236, 0.377834458178, -0.177993925117, 0.375156151012, 0.925622892571, 0.0498008343846, -0.183571723104, 0.0215263318005, 0.982770593534,  
2433, 3792277.360371735, 96.73949768705907, 141.4897482361727, 88.34801878633115, 72.42519870125393, 0.339601504063, 0.880994350394, -0.329423394755, 0.47132208006, 0.143695369506, 0.870176497976, 0.813957194996, -0.45077776715, -0.366432926138,  
2436, 1157513.6099928613, 65.13471226062477, 89.03308507810016, 63.723378082893994, 48.70654052545815, -0.0209112353231, 0.281642409411, 0.959291547684, -0.123519598582, -0.952878180982, 0.277066925082, 0.992121781337, -0.112697495222, 0.0547142172309,  
2437, 1661462.5157553023, 73.47404999452013, 99.04106133112928, 73.71845449788252, 54.32633795624658, -0.590515006157, 0.181293340481, -0.786399867879, 0.801190677434, 0.248672156667, -0.544293722995, -0.0968789239038, 0.951469854066, 0.2920951744,  
2444, 405102.51267246716, 45.90134829051661, 115.09721499521363, 64.18970759017999, 13.090194971378885, -0.830700173713, 0.524462567239, -0.186751805772, 0.513629665006, 0.851399555217, 0.106317282708, -0.214759839401, 0.00760348222377, 0.976637291137,  
2451, 3630102.915612622, 95.34035751347808, 113.53237216230275, 104.30035277118874, 73.18546539891899, 0.629179275838, -0.776602582135, 0.0319666744684, -0.751702374163, -0.59751595049, 0.279138369965, -0.197678981009, -0.199657502565, -0.959718657804,  
2467, 1228262.9835851877, 66.43560864358813, 105.86203331390746, 92.6617155021121, 29.892496475076253, -0.83076224862, 0.0602316064486, 0.553359051478, 0.400563748168, -0.625593462243, 0.669463593971, -0.386500672601, -0.777820656439, -0.495592833378,  
2475, 2756490.333177399, 86.98064453221714, 116.3259105232146, 109.4056746780273, 51.70726361604375, -0.546318341285, -0.166909797154, 0.820778526516, -0.650514684516, 0.701837578227, -0.290266530998, -0.527604885501, -0.69250641398, -0.492004015626,  
2484, 1462134.7727009612, 70.40977104908767, 111.90142239404817, 66.3742312573272, 46.99630193188667, -0.220136970396, -0.32837986704, 0.918534907985, -0.974343077247, 0.119249602445, -0.190879805472, 0.0468538374676, 0.936987830892, 0.346205896361,  
2490, 1306147.7287459779, 67.81116881620511, 101.26286138973686, 67.71417651137367, 45.47512420210644, -0.885758730933, 0.0631342014799, 0.459832081503, 0.0919779849185, -0.947182919545, 0.307220714166, 0.454941227926, 0.314417858154, 0.833168584146,  
2493, 640031.1085454274, 53.461050870399575, 101.36002381657333, 65.14131135062607, 23.141381020124363, -0.539368420102, 0.73318825422, -0.414145736753, 0.0386793820571, 0.512871294066, 0.857593692332, 0.841181082051, 0.446540053743, -0.3049858482,  
2495, 1807640.0035440957, 75.5685538968836, 128.25407184109048, 71.47693407169702, 47.07455863287759, 0.918910816166, 0.328306588444, -0.218672576968, 0.301663555117, -0.227678032083, 0.925830337168, -0.25416925748, 0.916721057733, 0.308253938922,  
2496, 1412887.8266277374, 69.61022293791692, 122.80683738909767, 101.63591233964573, 27.02398161414289, 0.63729898649, 0.559569294535, -0.529841680535, 0.665357383355, -0.0526790174763, 0.744664000427, -0.388779570236, 0.827107686901, 0.405885846065,  
2502, 1146815.7504323646, 64.93343032692428, 87.17156356705588, 78.62690862602321, 39.94468520587337, -0.313628323755, 0.877646836465, 0.362454555746, -0.918011613382, -0.182698687091, -0.351960036695, -0.242676641303, -0.443122127836, 0.862989471308,  
2506, 2478891.7002810724, 83.95688458339436, 100.04996116459424, 84.34819039646428, 70.12554507952828, -0.875169629326, 0.209334658498, 0.436184732261, 0.483462173959, 0.343902933108, 0.804981427705, -0.018505303464, -0.915374116605, 0.402178791575,  
2507, 1503745.7809150678, 71.07146551974188, 142.70632233904848, 60.89680053669189, 41.30932728226755, 0.552950989896, 0.804355830058, -0.217386525399, 0.363208398083, 0.00211819445346, 0.931705518291, 0.749883232467, -0.594144100286, -0.290977534804,  
2517, 1295410.4925402366, 67.62484256338604, 99.46564293162868, 62.65037872359162, 49.62745523161199, 0.876986673109, 0.469836091317, 0.10073937902, 0.354131623191, -0.773665490917, 0.525387953441, -0.324784803594, 0.425083233568, 0.84487814263,  
2518, 3275352.9154346767, 92.1276155228154, 110.96073112355337, 89.63730841067498, 78.61607825733631, -0.0779480398832, -0.944163694871, 0.32012344551, -0.616704158011, -0.206629793905, -0.759592067996, 0.783326295084, -0.256630172734, -0.566163289054,  
2523, 2038043.2822678476, 78.65172726064549, 114.1808815005094, 93.49466534650034, 45.576877772718774, 0.377486796878, -0.852377939511, 0.361877833555, -0.839472276831, -0.150037446159, 0.522278719826, -0.390883633087, -0.500939729893, -0.772184804564,  
2527, 2197085.4539436097, 80.64660939302804, 120.70959246054578, 109.00508100519104, 39.86298478372723, 0.499268991844, -0.369706469072, 0.783611894058, -0.0164812242027, 0.900180869836, 0.435204286319, 0.866290276427, 0.230198888591, -0.443339180154,  
2528, 855621.542873817, 58.893093482201465, 115.19393893248109, 62.442598846824545, 28.397656566979204, -0.422827981586, -0.000139683524946, -0.906209952757, -0.23274788539, -0.96643809101, 0.108746669331, -0.875811006915, 0.256899584921, 0.408604556305,  
2530, 2118514.512660636, 79.67357011895122, 114.07435872414652, 78.90756061469222, 56.18704348530076, 0.688354619312, -0.725373220473, -0.00126850017225, 0.316710887671, 0.298973726288, 0.900171608428, -0.652581130361, -0.620039032651, 0.435533542091,  
2535, 1330604.6470779069, 68.23179692822853, 93.7332112030171, 77.1820070149566, 43.90872871207187, 0.329025225328, -0.637825868203, 0.696362379045, 0.806640599742, 0.57324933737, 0.143931025328, -0.490992203548, 0.514357229031, 0.703109733255,  
2538, 4552600.535058495, 102.81511807287912, 126.24571797893634, 112.36597609355587, 76.61599577690477, -0.56489102863, -0.342514514564, 0.75072094222, -0.818375738059, 0.349018980005, -0.456559856922, 0.105637479759, 0.872278372373, 0.477463259278,  
2540, 765951.3734100846, 56.759365244041255, 106.67043010865999, 54.44258096066317, 31.486895157333926, -0.348088773401, 9.34737752195e-05, 0.937461570996, 0.0776309249058, -0.996562498231, 0.0289244985889, 0.934241748869, 0.0828443020551, 0.346884961171,  
2544, 3875688.566632515, 97.44362254265967, 121.21573480566256, 99.89641733817626, 76.41020254555423, -0.0680951001137, -0.543749261781, 0.836480602078, -0.0433104066672, 0.839247446774, 0.542022076818, 0.996738313709, -0.00068073253948, 0.080698640561,  
2546, 2582534.9697484537, 85.11103409735996, 131.93556181436827, 92.56346751984223, 50.48427404436494, -0.900332325322, 0.259462585451, 0.349400730869, 0.149731127387, -0.569158969865, 0.808479224541, 0.408634669934, 0.780216145548, 0.473582593382,  
2547, 3375639.618203071, 93.05845159643557, 118.8198480495434, 87.4311224013465, 77.57332728998536, 0.842532838874, -0.484074311933, -0.236242409286, -0.456272583936, -0.874481024774, 0.16461551099, 0.286275644383, 0.0309030392767, 0.957648817467,  
2561, 48442.76024204023, 22.614140734176623, 107.35209741165825, 16.825275068753946, 6.402765036593911, 0.734874623823, -0.536646244831, -0.414692772025, -0.53852333791, -0.833409053957, 0.124185197626, 0.412252230785, -0.132061185408, 0.901447692061,  
2566, 624644.1281524875, 53.0291522311449, 114.95913842250215, 54.07317612280393, 23.989360595211444, -0.968729326232, -0.234530573878, -0.0809870509061, 0.0759239615171, -0.590939278352, 0.803135307011, -0.236218213873, 0.771871867098, 0.590266699228,  
2568, 3231655.6724515758, 91.71608130661362, 117.7169396074272, 87.64554706927856, 74.77693376640275, 0.113837606754, -0.499883946308, 0.85857849933, 0.576131927499, -0.670833494696, -0.466962979807, 0.809390512302, 0.547812433792, 0.211633021946,  
2584, 964738.9958970209, 61.297167720114906, 128.30655041532032, 84.13309726086702, 21.335632301623175, 0.766675659781, -0.608742899967, 0.204060075564, -0.442348645542, -0.270473940348, 0.855085681894, 0.465334405011, 0.74583907737, 0.476642383954,  
2585, 1242847.121181306, 66.69752223115117, 127.34775832306777, 71.68004459258673, 32.504203624490614, -0.974620032923, 0.102936995404, 0.198795790705, 0.217206730803, 0.219841663344, 0.951047253901, -0.0541943495097, -0.970089489704, 0.236620697417,  
2589, 1457455.5002269547, 70.33457994267134, 84.55574954739589, 81.11337707352389, 50.73072481357518, -0.47139663468, 0.728539012211, 0.497007163428, 0.309976187224, -0.390723808665, 0.866746600049, -0.825651243665, -0.562641815926, 0.0416438567551,  
2595, 534607.9966423276, 50.34800659835448, 101.63594260395301, 53.44137377876217, 23.497513528300086, -0.0843976349273, 0.919284172101, 0.384439397231, 0.850721749368, -0.134399442192, 0.508142986856, 0.518796245525, 0.369937022834, -0.770712043999,  
