# Void_ID, Void_Volume, r = (a*b*c)**(1/3.0), a, b, c, vector_a, vector_b, vector_c 

1, 2714898.3732910245, 86.54094953332535, 124.77757976881895, 93.93415104886516, 55.29742339575523, 0.289931879685, -0.739093607626, 0.608013276425, -0.178895716577, 0.582250341393, 0.793083137217, 0.940178614803, 0.338711055494, -0.036592255373,  
3, 445743.70830651524, 47.387689865495474, 104.43401049876061, 70.11427524069326, 14.532763535079987, -0.632392068284, 0.1006604141, 0.768080564137, -0.0559805871339, -0.994867449758, 0.0842907543936, 0.772623094293, 0.0103072035617, 0.634781313303,  
4, 2594880.278232991, 85.24643751018841, 136.37686663429227, 77.38465227964326, 58.699333834137285, 0.648487217676, 0.165670805791, 0.742978810343, 0.618504413944, 0.454298400801, -0.64114370695, 0.443752879927, -0.875309172314, -0.192138581287,  
9, 1747762.1913410793, 74.72476827782961, 125.21894779350687, 112.70982794800176, 29.563911527053303, 0.92268493122, -0.239364543855, 0.302253424869, -0.154863598051, 0.487839736822, 0.859086524849, 0.353086085394, 0.83947424399, -0.413053519509,  
13, 375052.0331455037, 44.737080420944984, 111.464037574088, 39.77451177818475, 20.19590349602378, -0.235886422686, -0.955651952816, 0.176314890666, -0.935879318747, 0.272262019918, 0.223614161563, 0.261701158449, 0.112261915129, 0.958597812473,  
15, 2437131.1686101137, 83.48275349503942, 129.08099595157256, 92.15613329457155, 48.91068472318592, 0.676666801867, -0.29511745042, -0.674557432476, -0.593505417085, -0.760816746472, -0.262505615517, 0.435744603112, -0.577982325634, 0.689973240143,  
17, 2188566.0183197, 80.54223573015481, 114.99773285389885, 72.01630987531007, 63.088601387389765, -0.87173978081, -0.0477432406578, 0.487637506274, -0.0875270357193, 0.994406829805, -0.0591107000074, -0.482087930332, -0.0942106140978, -0.87104281618,  
18, 1961438.3348392542, 77.65367550207391, 126.0018987007215, 82.98437343667335, 44.782944059061506, -0.170373906204, -0.461017969613, 0.870881831122, -0.631445398058, -0.627412379619, -0.45566480572, 0.756471705589, -0.627547717385, -0.184212977418,  
19, 778576.0029325396, 57.06950883764334, 94.44215473968225, 63.60103011147937, 30.944421474484344, 0.764094130809, -0.588785469671, -0.263613030723, 0.186464245203, -0.189617503708, 0.963989775645, -0.617568817642, -0.78573333453, -0.0350981834936,  
20, 782137.0786357695, 57.15638529784487, 111.12416446688506, 57.11648764343303, 29.418753289548548, -0.689259921051, -0.555021599083, 0.465694949279, -0.127098198473, 0.72542821369, 0.676461347549, -0.713278914014, 0.407068705914, -0.570550838653,  
23, 1736156.4730586866, 74.55900177149998, 109.20606074079609, 93.41111055766046, 40.63076296339868, -0.401684498561, 0.0264258950057, 0.91539676408, 0.0675012696374, 0.997718853095, 0.000817787454308, 0.91328699882, -0.0621189363409, 0.402551978674,  
24, 1126626.560023493, 64.55013061417523, 116.2988855042881, 71.57794958162273, 32.30997111710578, 0.343162480927, -0.937748858487, 0.0535405462237, -0.874174505422, -0.339710344133, -0.347009821415, -0.343596341299, -0.0722769707077, 0.936331989068,  
26, 510635.4818811458, 49.58391257522394, 125.01267080762135, 58.814139991121074, 16.580078975185394, -0.469463753187, 0.77104881662, -0.430217975953, 0.103026269236, 0.531757693416, 0.840606533011, 0.876920391079, 0.35031054492, -0.329079245512,  
29, 1459686.0103344247, 70.37044199311009, 129.40354970014891, 104.07327010865892, 25.875303106944997, -0.476269416384, 0.142379201358, 0.867695572213, 0.751338772211, 0.578534392395, 0.31747126829, -0.456790425021, 0.803135181546, -0.38251325176,  
31, 3157225.8473239383, 91.00648627793659, 139.78803909254833, 86.2878529683651, 62.488106446498435, -0.883096790195, 0.165137221165, -0.439169394806, 0.428196705872, -0.0989747254258, -0.89824917746, 0.191801043346, 0.981291853585, -0.0166930482143,  
33, 2238387.2644699197, 81.14881936063895, 108.23600035944038, 83.22047636265611, 59.32594763100634, -0.98647713444, -0.0433480950427, 0.158062664419, -0.0148674180341, 0.984081914884, 0.177092474939, -0.163223230908, 0.172347693501, -0.971418781699,  
34, 2065854.2523934355, 79.00787049523902, 127.39982993069239, 111.03872668615847, 34.863240186978146, -0.798497534625, -0.140697024876, 0.585325579818, 0.505203074662, -0.685361250045, 0.524451914182, -0.327370647051, -0.714481843106, -0.618339838051,  
37, 1010742.2871266137, 62.256391168217135, 132.9211857923951, 46.747478771454624, 38.83286443105082, 0.879634198102, -0.164235594664, -0.446397073214, 0.310553571832, -0.512554325747, 0.800527664844, -0.360277887957, -0.842801716066, -0.399856362767,  
40, 595167.6471657276, 52.18154120004511, 97.38886710829723, 52.186235239471785, 27.956668997952953, 0.301072736625, -0.573959567069, 0.761528477886, 0.504172790502, 0.773648454071, 0.383767985676, -0.809422636561, 0.268399860066, 0.522299253818,  
42, 156604.45948654626, 33.43786231721653, 98.41933480289921, 42.48886689722258, 8.940461572154868, 0.132805073483, -0.741777569406, -0.657365081201, -0.781796957273, -0.486073112262, 0.390546344413, 0.609226009011, -0.462059484333, 0.644472422127,  
46, 2456237.773969231, 83.70034836796381, 102.06179814331021, 94.35339747977478, 60.89211210876828, -0.359188306791, -0.777723362278, -0.515878020497, 0.920318964716, -0.386923861048, -0.0574711139203, -0.154908887568, -0.495415277842, 0.854732086114,  
47, 1354157.29123896, 68.632028377556, 135.16197400005723, 99.96250453612238, 23.9270329985562, -0.574040407135, 0.536626240772, -0.618473838324, -0.432968395122, 0.442164640394, 0.785511807429, -0.694993510618, -0.71869514295, 0.0214781679454,  
48, 3380961.5502819484, 93.10733030552394, 125.23484471481547, 106.65112333554018, 60.431170571726916, -0.417055027208, -0.709182923545, -0.568440573176, -0.0247131175036, -0.616349232382, 0.787085056119, 0.908545192109, -0.342305718173, -0.239525424959,  
50, 3041783.145045015, 89.88348028210702, 149.20777785885173, 86.95859994738858, 55.96746526195269, 0.15603289894, 0.132084776611, -0.978880659854, 0.248228996858, -0.964458000714, -0.0905711321414, -0.956052351897, -0.228854487931, -0.183274449356,  
52, 1330955.097439252, 68.2377866259629, 99.54595575839258, 91.82843132326795, 34.759539037340645, -0.879297708209, 0.335903222031, 0.337645621573, 0.453860613924, 0.376051866817, 0.807833854572, -0.144381728301, -0.863570506035, 0.48311478723,  
54, 2346544.526673692, 82.4353330237424, 125.64586634018657, 72.59345069006402, 61.41784078000624, -0.284195763592, 0.460932573654, 0.840698477756, 0.927729917776, 0.353504277377, 0.119799522285, 0.241971005742, -0.813987646356, 0.528085356699,  
55, 979345.5453744016, 61.60497433512097, 100.82442209899848, 59.48232267135187, 38.98465390003944, 0.306971502605, -0.951713793042, 0.00305822198154, 0.399407221523, 0.131742582036, 0.907258377461, -0.863853209743, -0.277280991436, 0.420562580129,  
57, 663654.0421834708, 54.110852755193086, 101.65387406688166, 59.51039165450827, 26.19005387083433, 0.089299704657, -0.82697804265, -0.555097180431, 0.463965559931, 0.527701230947, -0.711524679864, 0.88134075246, -0.194007030367, 0.43081289468,  
58, 761592.7122990546, 56.651496953638876, 111.07729905827992, 58.61072040964728, 27.92748323959338, -0.573029540545, 0.619748356195, 0.53623606803, 0.815488603744, 0.496135329341, 0.298040386767, 0.0813356184376, -0.608080348287, 0.789697921486,  
60, 3247067.0943613234, 91.8616449018437, 119.79016199779012, 99.109241035378, 65.29310932652494, -0.276594784834, -0.767229188588, 0.578666309009, -0.959677659364, 0.18910744815, -0.20798356467, -0.0501409525347, 0.612860298301, 0.788598845831,  
62, 2795928.8546257913, 87.3935073043112, 150.91056855587703, 83.50872452463592, 52.96463710553209, -0.875426184339, -0.303226394151, 0.376407690761, -0.038299029996, 0.819812099739, 0.571350422615, -0.481832107767, 0.485759070951, -0.729298255115,  
63, 963778.290998589, 61.276814012091094, 136.15405409603406, 85.88964618439039, 19.675108649901777, -0.655880063906, -0.64913698425, -0.385282386632, 0.112105129204, -0.588501208834, 0.800686435009, -0.746494328027, 0.481962138429, 0.458757795949,  
68, 2614849.326788499, 85.46455189326117, 111.5295229071032, 101.86196318162308, 54.94854197385794, 0.677622841579, -0.458487797974, -0.574992368366, 0.51172323485, 0.855501376536, -0.0790994668669, -0.52817290302, 0.240637349249, -0.814326132862,  
69, 1953466.117579962, 77.54832549874183, 114.177131035968, 79.33463141840787, 51.48436244555845, -0.832130923573, -0.44533262337, -0.330510182288, -0.514638593283, 0.842159401353, 0.160980312516, -0.206652472373, -0.304049991409, 0.929972235277,  
73, 1319516.9506088838, 68.0417468404508, 105.06109474452391, 80.98370074812698, 37.024297193556244, 0.482921444395, 0.450838430394, -0.75068741046, -0.805139641596, 0.565672651741, -0.178226284825, -0.344292079598, -0.690477487506, -0.636163346299,  
76, 2532040.9431751696, 84.55267881389976, 106.94982671032936, 87.33502789207607, 64.71628309895515, 0.369881106899, 0.593525340592, 0.714783629383, 0.759732939176, 0.249618535089, -0.600413564196, -0.534783907658, 0.765126301348, -0.358591571423,  
77, 136145.56590846146, 31.913293821328118, 103.33444476962903, 27.600875420796186, 11.395855271576332, -0.270014824247, 0.102399883861, 0.957395560086, 0.942630495309, -0.174619415122, 0.284527343458, -0.196315419668, -0.979296851648, 0.0493754225595,  
78, 1953067.250544709, 77.54304709029631, 123.94242740498862, 88.42210595990558, 42.54492246940826, -0.340708914038, -0.568403017115, -0.748889475177, -0.917623040103, 0.0276493318219, 0.396488928878, 0.20465920983, -0.822285549298, 0.531000078387,  
80, 1143801.9527698955, 64.87649938600353, 126.0331136980685, 51.95935735522827, 41.697861987856065, -0.733943589013, 0.369527679683, -0.569891307263, 0.658640601872, 0.592141172996, -0.464285891245, -0.165889619062, 0.716113206966, 0.677984151066,  
81, 962480.382559724, 61.249294743069775, 96.01599487728903, 67.02880364832892, 35.70246670502386, 0.388910251599, 0.848676463138, 0.358464889656, -0.365572986711, -0.214988484143, 0.905613793553, 0.845638934527, -0.483247568645, 0.226641963922,  
82, 2529213.760070964, 84.52119763126375, 128.83143833320437, 77.32818197601782, 60.6090213168129, -0.443652339244, 0.601798823885, -0.664086423181, 0.895684872459, 0.322837717321, -0.305817621341, -0.0303514601173, 0.730488866339, 0.682249811304,  
83, 1911739.8673083312, 76.99219995661018, 138.48940502641454, 77.75752534321695, 42.38197662726582, -0.846002442177, -0.416326358193, -0.333094928368, -0.516798625471, 0.486631266346, 0.704350190833, 0.131145143037, -0.768024982724, 0.626848129429,  
85, 2564714.621351928, 84.91481728841339, 124.47573284618974, 98.06217457252082, 50.16077372977185, 0.302624453416, 0.80478574832, -0.51062543953, 0.842024701106, -0.476758804628, -0.252379565213, -0.446556651414, -0.353583005121, -0.821928351845,  
86, 872405.9467206884, 59.275696991907374, 147.96439025024395, 43.080411015045826, 32.67329704309874, 0.909866478058, 0.224703644913, 0.348785412639, 0.348235506726, -0.870596730511, -0.347553398312, -0.225554924491, -0.437686651368, 0.870376568648,  
91, 591171.254382557, 52.0644837380807, 105.35860461939491, 68.31381131167151, 19.608581296932282, -0.148729145377, 0.848434435671, 0.507975048288, 0.984780490091, 0.0803629520141, 0.154107697018, -0.0899279025221, -0.52316422308, 0.847473992543,  
95, 2000788.971865524, 78.16954040526478, 119.30370609299038, 65.92865430444466, 60.727377891339565, -0.647188080552, -0.313790654967, -0.694753922801, -0.697564666134, -0.123838615528, 0.705738998402, 0.307491666476, -0.94138165595, 0.138742397586,  
100, 1236616.510360689, 66.58587999916098, 122.94191967005094, 75.4856209378293, 31.81135800937752, 0.00687602834557, -0.501377830349, 0.865201127755, -0.99912891163, -0.0390579321729, -0.0146933957501, -0.0411599098454, 0.86434642891, 0.501209649401,  
101, 1693428.4336376374, 73.94226437520227, 132.87440837478346, 64.7536798020389, 46.98642915171861, 0.310392635252, -0.0165135561325, -0.950464999064, -0.72293995488, 0.645136563919, -0.247298676771, -0.617263504202, -0.763888811516, -0.188307328647,  
102, 587021.4039903347, 51.94237171240719, 117.52451810534362, 65.28790974378917, 18.264344237567148, 0.254668363002, 0.944356682821, -0.208169355327, 0.824548516803, -0.0995861091253, 0.556958122579, -0.505236348973, 0.313485346517, 0.804029333542,  
104, 319104.08930059685, 42.39174103397683, 87.65682277997183, 73.15037969491952, 11.880684158535924, -0.616058800976, -0.171450213984, 0.768814917821, -0.787393032132, 0.161291827277, -0.594976604081, 0.0219946968487, 0.971900082611, 0.234363953568,  
105, 1377220.1365526475, 69.01946441608595, 113.5393460690937, 81.2660490519667, 35.63356057849656, -0.77259918053, -0.266332614272, 0.576331020178, -0.628924139072, 0.445244199018, -0.637347652803, 0.086861576877, 0.854882764954, 0.511498313435,  
107, 2046354.1896037345, 78.75849318060665, 129.26055147569554, 77.58169751919594, 48.71547183823155, -0.955212344786, 0.210746289776, 0.207738724637, -0.139738437189, -0.940042841369, 0.311115132327, 0.260849660801, 0.268151930324, 0.92738988388,  
108, 4279690.802946583, 100.71819360758903, 132.55290466880058, 96.15564122167939, 80.16037991025463, 0.235808881048, 0.960276611371, -0.149207912903, 0.412150191489, 0.0402222580437, 0.910227658124, 0.880071810294, -0.276135835436, -0.386293423597,  
110, 292460.5916912956, 41.177462624455515, 110.98904429927698, 74.54141264419232, 8.43919485067324, -0.0252515410941, 0.230090133151, 0.972841657362, 0.420299972576, -0.880519710889, 0.219164257551, 0.907033788083, 0.414419557166, -0.0744723969899,  
112, 1750601.3293676004, 74.7652084014939, 108.04369465552065, 95.91139526460107, 40.330073067775366, -0.251609243016, 0.551640681708, 0.795226601111, 0.6865736839, -0.477379163057, 0.548384638056, 0.682135884854, 0.683960300722, -0.25862896518,  
113, 737276.0443485596, 56.04202737131655, 86.65079989775593, 71.2917712400197, 28.4924328000984, -0.217406542271, -0.371853577172, 0.902473995482, 0.689811025909, -0.712678696028, -0.127474800499, 0.690575950864, 0.594822657077, 0.411449708611,  
114, 4171629.6810819777, 99.8632539818209, 146.7483114396208, 97.70979789252998, 69.45538320573212, 0.742077139352, -0.538100273623, -0.39971191473, -0.216509519946, -0.756755055633, 0.616802572584, -0.634385645348, -0.371173653834, -0.6780744588,  
115, 3435190.107583142, 93.60248722309855, 109.12160990711787, 88.1906143420869, 85.21754812628647, -0.941711663227, 0.0275740264997, -0.335289153426, 0.284341664864, 0.59789537728, -0.749447086491, -0.179802561062, 0.801099738416, 0.570885494776,  
116, 3559714.1972235246, 94.72010565132828, 98.58315413080034, 94.32496515279038, 91.38968045699629, 0.876608397877, -0.344375758127, 0.336099767907, 0.244911589219, 0.920517495397, 0.30441066692, -0.414217370759, -0.184534218731, 0.891274981069,  
117, 3233276.7731252243, 91.73141463851871, 101.02237326392813, 92.47584545665087, 82.62441463183389, -0.882294333762, -0.446990401998, -0.147500132656, -0.464147840476, 0.878292375152, 0.11475750926, -0.0782527366492, -0.169711768219, 0.982382015783,  
118, 3301463.2375145, 92.3717742401188, 104.33026771253215, 88.59518439458908, 85.270226817834, -0.339748293693, 0.398116098799, -0.852100151866, 0.18766668895, 0.916468805936, 0.353364035527, 0.921603119999, -0.0398559860316, -0.386081843119,  
119, 3434704.2043281137, 93.59807369755751, 100.26099070592225, 94.64892261432922, 86.4078234971565, 0.631144739366, 0.480751012241, -0.608715682564, -0.425013788387, 0.870813687818, 0.247076507968, -0.648860229673, -0.102771520072, -0.753935287018,  
120, 3637327.16411718, 95.40356105112389, 100.03184793153252, 97.33171696034732, 89.1869023820091, -0.51476374264, 0.845654032949, 0.141023210221, 0.399189077999, 0.090846337713, 0.912356850651, -0.75872680806, -0.525943152329, 0.384340254525,  
121, 3725444.345244041, 96.1678315679357, 102.12264834482592, 95.26065224885741, 91.42265951152332, 0.299276834859, 0.0137557136348, 0.954067165591, -0.258361635142, 0.963711685792, 0.0671494762094, -0.918521987545, -0.26659063564, 0.291970531708,  
122, 3860770.7545404844, 97.31843922040807, 100.20745510015387, 96.66177086584449, 95.15478349268757, -0.561533265872, -0.577158320242, -0.592932259786, -0.806163489409, 0.543103062502, 0.234817997275, -0.186496165276, -0.609858456428, 0.77025440178,  
123, 2615287.1730282297, 85.46932186143977, 115.58670898432857, 96.16175737813579, 56.17207723762284, 0.875624434399, 0.45286136011, -0.167923906587, -0.295459469035, 0.777261134608, 0.555489721584, -0.382080557005, 0.436785664998, -0.814391018375,  
124, 3444113.0135188587, 93.68346130363157, 104.67283868627784, 96.77275808466054, 81.17114334886405, -0.754862709348, 0.551864922245, -0.35443955427, 0.654544980831, 0.668350303944, -0.35338186044, -0.0418707308911, 0.498751419861, 0.865733136181,  
125, 3679221.5913839424, 95.76844709528925, 103.17032590594545, 93.80419086819047, 90.75912323259924, 0.306159383533, 0.639995887186, 0.704749385427, 0.896019773456, 0.0563498195538, -0.440423958717, 0.321582022896, -0.766309312368, 0.556196943832,  
126, 3044582.608638568, 89.91104617189242, 94.75320079801547, 89.6280487253715, 85.58572261764797, -0.480655190902, 0.334149840416, 0.810749327233, 0.876907625448, 0.181153566167, 0.445215006369, -0.00189839143331, -0.924947171256, 0.380090945032,  
127, 3745073.5567361377, 96.33643722485589, 100.2325465831569, 98.61648939615343, 90.4510140339527, -0.456553879549, 0.446324091227, 0.769644957535, -0.834448945523, 0.0852752101511, -0.54444751432, -0.308631677546, -0.890799048116, 0.333501939262,  
128, 3595036.291187212, 95.03236919146755, 96.95048270918565, 96.07020643041125, 92.1458901813715, -0.891357653667, 0.0582153874194, 0.449546996339, 0.310998173834, 0.800043572345, 0.513040367048, 0.329790341158, -0.597110752722, 0.731229840653,  
129, 3524279.0580817475, 94.4047601778785, 102.96738266592978, 96.53311694116046, 84.64585130015789, 0.721434946419, 0.305953923701, -0.621227667331, 0.297950704157, 0.672671938252, 0.677301883492, -0.625105587864, 0.673724468949, -0.394129856724,  
130, 2815419.56633464, 87.596113653129, 104.98083713424535, 82.10343919058053, 77.97998264064104, -0.801205537689, 0.521082904163, -0.294180715489, -0.0213421371202, 0.466424156929, 0.884303691622, 0.598008527999, 0.714787459895, -0.362580594652,  
131, 3342363.0808547563, 92.75165595041484, 98.00276756613353, 94.57591693393928, 86.08869320921674, 0.218153517882, 0.974116276385, 0.0592158991866, -0.87288989181, 0.16762907472, 0.458217994065, 0.436431299762, -0.151650827197, 0.886865123454,  
132, 3540339.9719244065, 94.54795062419888, 99.85425867217276, 95.83524121648198, 88.32111174103639, -0.0305015905399, 0.597068556319, 0.801610124705, 0.485406197807, -0.692216088556, 0.534057777656, 0.873756531366, 0.405396134415, -0.268707086055,  
133, 3484687.4498608685, 94.04991498545648, 97.91192843753008, 93.27027911284964, 91.0953777699846, -0.176569346559, -0.276293327235, 0.944714381801, -0.760721677914, -0.5707514949, -0.309103962804, 0.624600508011, -0.773242994404, -0.109405104988,  
134, 3320740.25986292, 92.55120965235828, 104.77268475516618, 94.88897149954235, 79.7411484477962, 0.41856643212, 0.136987925895, -0.897795327489, 0.129621868976, -0.987449077113, -0.0902357534034, 0.898888376265, 0.0786042509556, 0.431069668089,  
135, 3699819.4846139313, 95.94683251313651, 101.89905413909818, 97.21442554822413, 89.16431119346379, -0.0264643438455, -0.549154846293, 0.835301498441, -0.788707483894, -0.501930391607, -0.354973783302, 0.614198781629, -0.668202691385, -0.419839278618,  
136, 3496027.2633910757, 94.15182309335101, 101.55566587172791, 91.84059812562481, 89.48440195458032, -0.42920573877, 0.354820916994, 0.830592891054, 0.0506161365302, -0.908710151032, 0.414347520971, 0.901787358821, 0.21988173702, 0.372063947723,  
137, 3723971.298104852, 96.15515492134158, 109.21015098400542, 94.07688591125309, 86.53101043962968, 0.765216210304, 0.308756695874, -0.564901278314, 0.255506959574, 0.659754694812, 0.706710645372, 0.590897914277, -0.685122649915, 0.425965502683,  
138, 3701209.1850562175, 95.95884396983958, 105.77561440230008, 103.97699923635874, 80.34006628893971, -0.612236417138, 0.493428118804, -0.617814908451, -0.490270397918, 0.376119225301, 0.786237410254, -0.620323711021, -0.78425953608, -0.0116393132351,  
139, 2983823.0862566577, 89.30891642954413, 94.25705793236237, 89.39881391294651, 84.53544122006814, -0.98663512311, -0.0655735254857, 0.149168517458, -0.146115505716, 0.7612251597, -0.631812088542, 0.0721206824344, 0.645163831127, 0.760632787994,  
140, 3143030.9125813604, 90.8698925215316, 97.84721323837391, 89.36022006617489, 85.81581914790779, -0.511626956658, 0.697049493349, 0.502354318229, 0.0426727813809, -0.5633356013, 0.825125465634, 0.858147359694, 0.443593286841, 0.258472638629,  
141, 2126520.084100628, 79.7738024137062, 119.31447370199342, 94.03875794637018, 45.24607022403481, -0.00210831132434, -0.993273816019, 0.11576995048, -0.976319610989, -0.0229992463931, -0.215107070697, 0.21632284258, -0.11348198569, -0.96970421609,  
142, 3706786.9923875597, 96.00702383652381, 101.27664909443624, 95.6729117127392, 91.32942134278903, -0.745197566272, -0.635386684431, 0.202396512989, -0.645588203685, 0.763432019656, 0.0196830543105, 0.1670223293, 0.115997037084, 0.979105831309,  
143, 3549907.7189404415, 94.63304576563834, 101.35286732700531, 94.75256268673748, 88.24730471646892, 0.81099040714, -0.584249866008, -0.0307677362836, -0.207410959992, -0.336281976555, 0.918637646692, -0.547060557161, -0.738624753385, -0.393901282664,  
144, 3310586.6893470543, 92.45678445744798, 104.64698599361671, 93.04903073060979, 81.16667908462051, 0.371839404221, 0.804320363467, -0.463469751312, -0.366798618633, 0.585943627967, 0.722584831154, 0.852756841566, -0.0986854485558, 0.512900527789,  
145, 4037283.5076116687, 98.77951272048348, 106.65406016137048, 99.23601768326505, 91.06550860734413, 0.25831226854, -0.0799428903009, 0.962748101121, -0.455797492028, 0.868590933278, 0.194418201021, -0.851776624581, -0.489038776497, 0.187929925504,  
146, 3965937.370768723, 98.19417992456216, 112.77303647598991, 97.09408047732802, 86.46875680301365, -0.210375345178, -0.199344013267, -0.95708107207, 0.973644030715, -0.130934091899, -0.186744651948, 0.0880881126695, 0.971142743346, -0.221635413355,  
147, 3446978.7521361294, 93.70943779198885, 101.8118894045759, 92.61596442694749, 87.2701347397991, -0.903461598775, 0.421844542555, -0.0761860975228, 0.412463175909, 0.903872716723, 0.113526386727, -0.116753021621, -0.0711427711107, 0.990609629501,  
148, 3330596.350975124, 92.64268445349329, 103.35799981532486, 90.69313430708641, 84.82324546237307, -0.328481511804, -0.12674306429, 0.935967997347, 0.899373629218, -0.34464930035, 0.268968278493, -0.288490851622, -0.930136041352, -0.22720029293,  
149, 2917538.243594502, 88.64263335928304, 101.92470657833138, 94.55347799777512, 72.27214924993352, -0.00369207163322, -0.109194268596, 0.994013571493, -0.874947239037, -0.480959354613, -0.0560841163863, 0.484204189891, -0.869916496519, -0.0937634874369,  
150, 3248637.525506531, 91.87645202192554, 104.3542370817217, 93.22570273257496, 79.71992733984364, -0.222835628639, 0.753997092423, 0.617926101752, 0.871873957366, -0.129411363692, 0.472322454912, 0.436096417179, 0.644003946855, -0.628552966232,  
151, 3622407.7384085916, 95.27294161327102, 107.74726559692222, 95.82973662810343, 83.75334700238318, -0.215550092651, 0.00793074825551, -0.976460578206, -0.256395468823, 0.964422089649, 0.0644313321697, -0.942231139968, -0.264248247355, 0.205847862861,  
152, 2351880.1915515685, 82.49776728909666, 99.52903140152293, 86.45286379673364, 65.25254026722534, 0.349116560402, -0.751430823564, -0.559883331285, 0.120033476128, -0.556695158364, 0.821999066461, 0.929359775255, 0.354178229217, 0.104154645058,  
153, 3550969.46403585, 94.64247945280752, 112.35804069388995, 89.96027733722372, 83.8693708953692, 0.548235778702, 0.75510600036, -0.359516980367, -0.590900639203, 0.653947034042, 0.472429583384, 0.591839476159, -0.046563987025, 0.804709779717,  
154, 3726702.222064451, 96.17865387196937, 105.29296165940762, 95.88067909247312, 88.12632100447142, 0.595911573813, 0.766849727091, -0.238392307462, 0.626147503457, -0.629568608182, -0.459981164296, 0.502820743517, -0.12483935138, 0.855328262269,  
155, 2594068.3758026324, 85.23754576926011, 105.70575905886966, 90.57175742619535, 64.68466987784517, 0.490387829773, -0.294646409164, -0.820184899872, 0.290370251626, 0.942580871554, -0.165004295551, -0.821708520938, 0.157241197358, -0.547786739957,  
156, 3578228.8290125225, 94.88403980452868, 104.64955833456291, 90.82383804480745, 89.875692754557, -0.685877043219, -0.675150954095, 0.271558227217, -0.722481103485, 0.587068754308, -0.365200400907, -0.0871420489336, 0.446678258817, 0.890440787705,  
157, 3207071.845025707, 91.48292177223288, 100.54847211953539, 90.6064102837867, 84.03992954163094, 0.0546671675383, -0.139218321763, -0.988751616777, 0.122532934218, -0.981812625194, 0.145016030292, 0.990957708898, 0.129082252441, 0.0366140858101,  
158, 3331932.362247841, 92.65507013579429, 106.30873058575796, 89.56360634028758, 83.54242214986986, -0.229312571656, 0.548749963532, 0.803921154096, 0.253936420972, -0.763599344925, 0.593660117014, 0.939644634202, 0.340278588737, 0.0357553277524,  
159, 3682281.978935148, 95.79499323007722, 101.49499580298964, 96.29818254043634, 89.94265693180908, 0.669409995563, 0.116547044567, 0.733694108088, -0.675737706816, 0.505859563654, 0.536175953813, 0.308656458588, 0.854706316966, -0.417382680893,  
160, 3124696.264182984, 90.69285346328977, 107.63620657936573, 93.09016825242988, 74.44867967762693, 0.0145242729472, 0.921496073973, 0.388116002179, -0.705569443375, -0.265589696263, 0.656988488342, 0.708491923786, -0.28338507175, 0.646321974745,  
161, 3705678.805396857, 95.99745541159959, 103.62911557903682, 93.54376461369597, 91.2604337776302, -0.734101064335, 0.498473771866, -0.461106848902, 0.651299718875, 0.708987609791, -0.270453776745, -0.192104928451, 0.498859166423, 0.845124386431,  
162, 3378023.1073127124, 93.08034884133953, 101.5390254511726, 99.80386270936523, 79.57811832902571, -0.360171709534, -0.312952294372, -0.878827173623, 0.0990136935814, -0.949554933575, 0.297559601772, 0.927616638561, -0.0201566259786, -0.372989386303,  
163, 3272465.8174128253, 92.10053857848655, 107.52222925852509, 92.90901814838814, 78.20425424552774, 0.224322678592, 0.553730064922, 0.801911685331, -0.885217447173, -0.228324827152, 0.405287360434, 0.407516143349, -0.800781361239, 0.438953077677,  
164, 2555020.2441936424, 84.8076922249324, 116.50731383283663, 75.36360544445179, 69.46897318260815, 0.24467314996, -0.708999303965, -0.661403837806, -0.569063975996, -0.657300691453, 0.494087029014, -0.785048559589, 0.255491267938, -0.564289793542,  
165, 3434386.9965899037, 93.5951922318345, 103.46128162804047, 96.72309250493849, 81.93181849379954, 0.436413042268, -0.850311842047, 0.294131650478, -0.45519693108, 0.0733244993771, 0.88736648107, -0.776105283112, -0.521146130242, -0.355059573114,  
166, 3689490.131681038, 95.85745946496051, 114.87612415778521, 102.26887589206166, 74.97293057613794, -0.430940114704, 0.010706164236, 0.902317015015, 0.416425468647, 0.889450548341, 0.188328306733, -0.800550090001, 0.456906007952, -0.387758240785,  
167, 3245418.571212002, 91.84609633870322, 106.4224116458695, 89.13387910732921, 81.67820858412986, -0.081988424713, 0.649249827918, 0.756143213394, -0.139906779988, -0.758682522958, 0.63626010583, 0.986764405077, -0.0536235984112, 0.153037637747,  
168, 3163722.173580204, 91.06886200765085, 99.0317377777431, 91.40508106430703, 83.43821236865233, 0.57747326535, 0.00128507954867, -0.816408584213, 0.680190986001, 0.552290317886, 0.481991314581, -0.451513953681, 0.833650858177, -0.318058793766,  
169, 3559156.4657868217, 94.71515851822056, 103.18449230977123, 94.64709537693115, 87.00350507438236, 0.510430551037, -0.317405937168, -0.799195923174, 0.525703045591, -0.620305553387, 0.582114531939, -0.680512277938, -0.717268772141, -0.149761637569,  
170, 3292491.9418093627, 92.2880289227499, 102.62189321379417, 96.89189113139395, 79.051234496928, 0.326668712286, 0.825668915375, 0.459954774513, 0.910035134049, -0.143377677605, -0.388945878446, -0.255193274223, 0.545631454141, -0.798224723397,  
171, 2933627.477124808, 88.80527942793235, 108.67852763199981, 87.00315686133803, 74.06919051046546, 0.778349598253, 0.355048486432, -0.51779578521, -0.294618374502, 0.934846385741, 0.198147037506, 0.554411324113, -0.00167551447519, 0.832241116712,  
172, 3068883.691153784, 90.14962821231907, 105.95533976423005, 85.13172641701641, 81.22272031029041, 0.333847474421, -0.906538622489, -0.258328453251, 0.468194138605, -0.0783863722491, 0.880141934702, -0.818132087379, -0.41478102968, 0.398266977064,  
173, 3820577.9298278736, 96.97954698606347, 103.2092508021353, 100.03769188683744, 88.34015660706021, -0.763538651871, -0.644733135329, -0.0364405174027, -0.091014710563, 0.0515758794773, 0.994513072371, 0.639316079542, -0.76266579369, 0.0980603771875,  
174, 2977512.3648434747, 89.24590984603614, 101.3325118802299, 88.79229724313299, 79.00250532379323, 0.370729207235, 0.447832842248, -0.813637265805, 0.627904224543, 0.524649953651, 0.574872778043, 0.684321663915, -0.72400840571, -0.0866930721439,  
175, 3221733.620797944, 91.62212073787357, 99.54108092235086, 90.58897868764227, 85.29494708310456, 0.412719422064, -0.590708466849, -0.693344204449, -0.827298536959, 0.0753837183919, -0.556681619732, -0.381103410372, -0.803355962319, 0.457579925706,  
176, 3777064.885572698, 96.60996959320687, 102.39063408312337, 94.95032753089878, 92.74897880364456, -0.625631246447, 0.659004986503, 0.417490085192, 0.195449333315, -0.385684402325, 0.901691244224, 0.755238440213, 0.645724375851, 0.112494128098,  
177, 3225994.9298028406, 91.66249839402111, 105.37546803814404, 93.7703100472729, 77.94175896513961, 0.00110122250606, 0.882606679449, 0.470110877029, -0.573746835761, -0.384478649371, 0.723180984701, 0.819031962602, -0.270521011328, 0.505969393013,  
178, 2931373.4910561326, 88.78252976045201, 97.60749543095159, 92.34260432739052, 77.64209743854835, -0.870251586971, -0.139180506481, 0.472536730838, 0.454596589516, -0.596402550118, 0.661548138092, -0.189747506375, -0.790526903292, -0.582291249287,  
179, 3177896.0679133916, 91.20465959961246, 108.87170692726694, 85.90010469274544, 81.12269222836822, 0.334602097081, -0.9375217384, 0.0953647034089, -0.809534534181, -0.337766722142, -0.480174425997, -0.482384985875, -0.0834663491521, 0.871973677333,  
180, 2766883.4530164488, 87.08982521419878, 105.9198718751635, 82.9334378614273, 75.19606963565003, 0.901092079049, -0.378929717247, 0.210820621528, -0.218040466059, 0.0243049537725, 0.975637035164, -0.374821851331, -0.925106230986, -0.0607210108261,  
181, 3557174.2252376187, 94.69757166439395, 102.72740145489838, 94.19982862369521, 87.75666536810478, 0.706016405134, 0.327767458867, -0.627781274481, -0.3037909944, 0.940918933482, 0.149608129243, 0.639727963593, 0.0850885040538, 0.763877005201,  
182, 3606892.663899083, 95.13672630186204, 105.31674001710111, 93.21691059783136, 87.71068370348343, 0.792680795799, 0.452211464072, 0.408854433427, 0.397950857471, -0.89187789461, 0.214916114202, -0.461835761943, 0.00765590407282, 0.886932419141,  
183, 3030502.3395973803, 89.77222820233433, 93.9203164187256, 89.88674523243338, 85.6980247916915, -0.698219296014, -0.715274716377, -0.0295278645473, 0.0662017245754, -0.105583206193, 0.992204373218, -0.712816348253, 0.690821443415, 0.121072651668,  
184, 3646964.067061262, 95.48774228709968, 119.43365011683295, 98.2038032005838, 74.23143605300784, -0.658792103794, 0.649163629991, 0.380236170657, 0.732004487943, 0.669776385647, 0.124775890543, 0.173673238035, -0.360535954833, 0.916434084735,  
185, 3273702.7714906796, 92.11214142805383, 113.82220641272342, 90.38158205003796, 75.97027486829151, 0.480066777219, 0.790713197884, -0.379879623175, 0.3619048279, 0.21595417527, 0.906856487944, 0.799099984328, -0.572831941215, -0.18249049885,  
186, 3824845.4164879415, 97.0156414318347, 99.45989955262944, 97.658469751235, 94.00854847993317, 0.714881074199, 0.219515726346, -0.663895997607, 0.557472349642, 0.394213297013, 0.730630177205, -0.42210144413, 0.892417347627, -0.159441677483,  
187, 2712607.958119492, 86.51660602284949, 106.83794781825648, 82.77838575480162, 73.2244185577739, -0.36884288825, -0.735676655528, 0.568097511259, -0.228385962047, 0.664185370693, 0.71182697736, -0.900996546124, 0.132806821618, -0.412998271188,  
188, 3471816.9959257552, 93.9339831706367, 99.22374965571656, 97.25653942446188, 85.88825280747292, 0.68414413911, -0.131712800415, -0.717355236356, 0.512722246695, 0.786362160278, 0.344601872641, -0.518712535674, 0.603561339956, -0.605517146119,  
189, 3174912.3697013916, 91.17610691524386, 98.38758432126895, 91.8683739385369, 83.85651441093849, 0.604090776412, 0.730697002529, -0.31805066318, 0.489885339289, -0.0257061230524, 0.871407797525, -0.628559216147, 0.682217770021, 0.373486580835,  
190, 3765376.6350651965, 96.51021238748896, 108.00104268640696, 95.38941321129698, 87.25527437421158, 0.172577119074, 0.239729131809, 0.955377978255, 0.455654122705, -0.87934123313, 0.138341303233, 0.873267690021, 0.411447370972, -0.260987743938,  
191, 3825106.276010843, 97.01784691343983, 105.2566647621377, 100.62427016593945, 86.21891410026447, 0.503787901437, -0.632129681348, 0.588735778024, 0.779829500969, 0.625973545056, 0.00480315602092, -0.371569239556, 0.456693756087, 0.808311272572,  
192, 3226790.523073465, 91.67003302796631, 105.50454994271654, 92.1078579647486, 79.27099175313315, 0.613371344248, 0.563529696205, 0.553362336585, 0.293320873103, -0.813067146324, 0.502876407252, 0.733306524897, -0.146137254198, -0.664007111015,  
193, 3477749.8336995603, 93.98745929370295, 115.94425351846175, 90.92252861985362, 78.75696925342902, 0.710362600651, 0.685900919272, -0.157876231707, 0.589772609407, -0.457654936108, 0.665372248181, -0.384126599951, 0.565766637756, 0.729626525568,  
194, 3144203.276541599, 90.88118940311568, 106.61814616693921, 91.23406715752004, 77.16739574036103, -0.0826016362144, -0.143558753846, 0.986188548853, -0.23880400354, -0.957888927806, -0.159441054562, 0.96754825078, -0.248675865698, 0.0448407875867,  
195, 2853156.6750569902, 87.985749344262, 105.82476859173097, 86.15495009175226, 74.70840229060343, 0.0407512428376, 0.370742461596, 0.927841238239, 0.000137419712155, -0.928614686133, 0.371045476746, -0.999169313642, 0.0149930606508, 0.0378931498996,  
196, 3400106.9896568493, 93.28274653103705, 107.13913811395213, 92.13607513062641, 82.22920990664176, 0.482504034748, 0.82878813008, -0.283372708444, 0.801979202857, -0.287950633777, 0.523367739446, -0.352163619128, 0.479786064769, 0.803608186504,  
197, 3334690.8689096556, 92.68063279220007, 111.9239911402921, 88.84853771391157, 80.05592835349738, 0.244297959317, -0.138046497728, 0.959823771084, -0.770204913332, 0.573752009106, 0.278555243222, 0.589154392797, 0.807311461898, -0.0338423541604,  
198, 3355507.849349817, 92.87308742660476, 102.14559519362756, 96.9086901172718, 80.92585248251142, 0.853610089955, -0.491671051591, 0.172073796243, -0.171111340476, 0.047344222704, 0.984113526854, 0.492006832764, 0.86949301412, 0.0437169865098,  
199, 3449988.8723765058, 93.73670752841858, 110.35786030246028, 95.66800293663938, 78.0115856405085, 0.930480973525, -0.226859185187, 0.287645733507, -0.261608380328, 0.138177249546, 0.955231962955, -0.25644924108, -0.964075701283, 0.0692230376769,  
200, 3594501.3547635367, 95.0276553959956, 103.82530073284505, 95.93876928539154, 86.14948818014882, -0.948113565921, -0.213716952859, -0.2353842182, -0.317499105367, 0.597848224856, 0.736051505078, 0.0165826478028, -0.772594695877, 0.634682953682,  
201, 3370104.597789005, 93.00756126953493, 96.94105167525547, 93.24035337591486, 89.01088790514413, -0.493346376874, 0.593003803402, 0.636361407988, 0.868227925528, 0.380138240554, 0.318865469128, 0.0528168700225, -0.709817869047, 0.702402285747,  
202, 3296970.0213055178, 92.32984992197743, 97.44334619989237, 95.51715467280432, 84.56542245613943, -0.879981549706, -0.452642975178, -0.144037527051, -0.473521889663, 0.859892496745, 0.190688001855, -0.0375432042702, -0.236006845375, 0.971025888815,  
203, 2698869.0697183465, 86.37029486716155, 95.41547171332081, 85.47881100509524, 78.99797020566174, 0.633270715908, 0.56261975714, -0.531438810447, 0.723057334763, -0.674955162629, 0.147049716378, 0.275964293016, 0.477383009036, 0.834235681126,  
204, 3334669.6003467864, 92.68043575364052, 105.50588843051115, 89.49926144761524, 84.30785709441311, 0.639549774927, -0.757958257417, -0.128356399936, 0.486945627208, 0.270220104692, 0.830581152665, -0.594861363289, -0.593700576919, 0.541903666192,  
205, 3769515.342660063, 96.54555912112772, 104.52560341992732, 97.36689695200208, 88.42252107413988, -0.4108589785, -0.503846632399, -0.759824631613, 0.0578205712086, -0.846138696221, 0.529817032854, 0.909863550941, -0.173746590692, -0.376776380486,  
206, 3331891.1791393375, 92.6546883913976, 103.21038014618976, 89.79794304266396, 85.82472749793013, 0.553348077534, 0.473401645055, -0.685344283954, 0.667281927385, 0.240517047323, 0.704901680614, -0.498538598781, 0.847373844537, 0.182802716389,  
207, 2452106.8879482727, 83.65339979014898, 95.89616425414229, 86.24262341039578, 70.78277630802405, -0.778916186917, 0.564853139615, 0.272452756319, 0.453642035845, 0.207519707935, 0.86668591435, -0.433010943364, -0.798671710708, 0.417881587823,  
208, 2779373.422721518, 87.22067238761753, 112.37208630700748, 89.6803585942469, 65.84192364747683, -0.942482089506, 0.325918009301, -0.0741954322971, 0.114808678953, 0.524110062158, 0.843876537167, 0.313921133722, 0.786820242468, -0.531382562609,  
209, 2878703.521792365, 88.24757430474222, 106.73126555258337, 94.10719937780495, 68.4216939012184, 0.895609782908, -0.252327655492, 0.366352113456, 0.117577590996, 0.92854613707, 0.35210450356, 0.429020543629, 0.272273439038, -0.861283082116,  
210, 3509320.7037296235, 94.27100776695995, 103.68038626793408, 93.06823537056503, 86.82331492769474, 0.523607168077, -0.331849128789, -0.784672982369, -0.723159042266, 0.313811976239, -0.615274770454, -0.45041817584, -0.889605642569, 0.0756654979642,  
211, 3796668.247788767, 96.7768198875326, 109.11623504779722, 92.925876194671, 89.38980780942408, -0.830140421437, -0.541112980207, 0.134400979712, 0.0764594647662, 0.12829391368, 0.988784416322, -0.552286909988, 0.831106139048, -0.0651287547257,  
212, 2726783.511550319, 86.667050493847, 102.24381746917514, 93.18061520539582, 68.3281119041941, -0.664250470105, 0.03653078775, 0.746616912822, 0.375349705982, -0.847456737095, 0.375406016163, -0.646439410297, -0.529606061425, -0.549211715568,  
213, 3302737.4399322565, 92.3836563653734, 110.40649802057324, 92.1124152988343, 77.53050904381186, -0.129228986316, -0.529299021136, 0.838535875989, -0.981476024623, -0.0523411434452, -0.184296548509, -0.141437909294, 0.846819314215, 0.512730306191,  
214, 1915707.4658409765, 77.04542600172735, 89.1621513318562, 86.81359604731666, 59.084327606694444, -0.944263430146, -0.0305314810986, -0.327771876692, -0.30353955284, -0.304582766224, 0.902825054139, 0.127398250969, -0.951996411328, -0.278338855478,  
215, 4121637.4231503257, 99.46273376239816, 113.39330955541502, 107.11812658086124, 81.00853453042532, -0.447043193516, -0.833478115353, -0.324756238368, 0.832307421928, -0.520595279654, 0.190380960724, -0.327744929076, -0.185188514845, 0.926438597768,  
216, 3107219.0530950814, 90.52344792361316, 97.19566577119424, 92.3241244051073, 82.6649039575681, -0.388536801432, 0.912771532615, 0.126044766576, -0.377568498537, -0.0329304129159, -0.925395924358, -0.840524349942, -0.407140905773, 0.357428454381,  
