# Void_ID, Void_Volume, r = (a*b*c)**(1/3.0), a, b, c, vector_a, vector_b, vector_c 

10, 1622887.6688702237, 72.90096609477793, 120.24597718197471, 91.91611616953892, 35.05400382508575, 0.802671385278, 0.463874481045, -0.374885466631, -0.366699312543, 0.87954954713, 0.303190053141, -0.47037247096, 0.105891737061, -0.876091706721,  
13, 2533926.3442754643, 84.57366006521892, 120.40366994093817, 76.00646085182439, 66.10208256450346, 0.210434623203, -0.0772607015391, -0.974550180009, 0.645594002629, -0.737599072507, 0.197878730554, -0.734115558429, -0.670804287579, -0.105337337345,  
31, 1890337.64633319, 76.70380790469775, 117.4745580056033, 97.88295613985012, 39.246404671752714, -0.276605057169, -0.958910476734, -0.0630899354808, 0.935109409883, -0.283708699558, 0.212319959833, -0.221494997454, -0.000267217709498, 0.97516147109,  
41, 1587528.4322793835, 72.36762183424153, 121.95815735900757, 86.10693677824433, 36.08975294941639, -0.850973362883, 0.424956401556, -0.308636343356, -0.0147849568323, 0.568029299074, 0.822875519411, 0.525000705443, 0.704808323, -0.477094840796,  
56, 513809.73969964334, 49.68644306108301, 136.31365878889395, 71.0251050416152, 12.66958716079939, 0.0669739340344, 0.0329545580867, 0.997210353567, -0.700737421038, -0.709925033488, 0.0705231421974, 0.710268652636, -0.703505823664, -0.0244539803171,  
75, 1919560.571562679, 77.09704581134059, 110.7008795069483, 77.23038154920562, 53.60113176605956, 0.344399590255, 0.92108276934, -0.181646509069, 0.887091156699, -0.255932636772, 0.384145499963, -0.307340530909, 0.293436564626, 0.905227474506,  
86, 1575248.1530727837, 72.18053941259694, 148.4705872108021, 56.62706633150311, 44.72968922795477, 0.11487741343, 0.0752086288233, 0.990528566995, -0.90859589079, 0.411038831612, 0.074165936568, 0.401567786461, 0.90851017664, -0.115553328896,  
89, 3142872.695668915, 90.86836773060215, 137.08071397014766, 101.07712245669542, 54.15130825708841, 0.292592255296, -0.956172387994, -0.0111416596446, -0.0742106148746, -0.0343220600797, 0.996651785145, 0.953353322111, 0.290785764147, 0.0810005098042,  
93, 757008.069143761, 56.537591006990546, 114.91178498302224, 55.750331216106666, 28.20979153176668, 0.249541842713, -0.143358257175, 0.95769372914, -0.374520914967, 0.897732748158, 0.231969819454, -0.893007812389, -0.416562507896, 0.170331218594,  
97, 559976.6657057919, 51.13211696018912, 78.77225978894799, 56.53035226787012, 30.0210808900135, -0.333338814495, -0.376470861769, 0.864381238222, -0.736028265856, 0.676862105241, 0.0109582092544, -0.589192351115, -0.632556227325, -0.502717607271,  
101, 1981596.1632864955, 77.91878665691767, 117.51852950039745, 103.13493924622092, 39.03142235270014, -0.407409616255, -0.872662184085, 0.269217601672, 0.787203008944, -0.186133976877, 0.587933300095, -0.462956614913, 0.451458586273, 0.762795069195,  
119, 1866324.4410292716, 76.37763000033034, 124.56003202966005, 67.77107627261522, 52.780735797679384, -0.117737724235, -0.19740027707, -0.973227084963, 0.150102282995, -0.972320773635, 0.179057582353, -0.981634928541, -0.125001775072, 0.144109067366,  
123, 1659738.4236434137, 73.44862663585322, 97.57940557932424, 83.74268936606137, 48.48930581683317, -0.930567592384, -0.290067799168, 0.223393437438, -0.0977044832952, 0.784786090234, 0.612016851499, 0.352842443519, -0.547696507622, 0.758637426964,  
130, 1153240.1453339397, 65.05445571073922, 109.75817190699861, 62.663214760769655, 40.02963282409827, -0.248239202828, -0.029067272204, 0.968262563495, 0.957797458569, -0.156898644286, 0.240846099783, -0.144918344383, -0.987186866357, -0.0667889538267,  
153, 1423889.5242312483, 69.79043337998026, 160.40729309321222, 55.755596488266804, 38.0080080256843, 0.47228685458, 0.697981304299, -0.538300311944, 0.548543572373, 0.245293810568, 0.799331530534, 0.689960198996, -0.672794950446, -0.267024115869,  
186, 1263733.887623815, 67.06907870921407, 125.67576478482506, 79.77160618466563, 30.093115280947043, 0.310116395204, 0.328310159902, -0.892210883329, 0.875371931935, 0.267503968851, 0.402697910882, -0.370879767857, 0.905899589112, 0.204436132425,  
187, 693357.0413803976, 54.90637522775801, 85.37851958706901, 65.5998366882488, 29.55404585098253, 0.245536108071, -0.779454124598, 0.576336088824, -0.856601873615, -0.452785724394, -0.247423357638, 0.453811910105, -0.432939205239, -0.778857108085,  
205, 1527624.2603677656, 71.44568083848746, 129.81414528328642, 72.34852668548687, 38.83079014043813, -0.957090518117, -0.256430704125, 0.134985310731, 0.0897477224215, 0.180613308091, 0.979450958068, -0.275541442348, 0.949537849126, -0.149849212966,  
219, 429819.6932444075, 46.81653134714932, 100.74300257652541, 38.66320803018923, 26.344194479957988, 0.104529434416, 0.0842548449808, -0.990946375158, 0.645628929159, 0.752146802156, 0.132054813769, 0.756463405046, -0.653587262043, 0.024224114486,  
230, 491958.0683404238, 48.971847990427634, 137.038720196653, 49.20526892827354, 17.41745007799251, 0.414396377285, 0.469590739551, -0.779589750972, 0.390386040418, 0.682073918339, 0.618363897207, 0.822115795943, -0.560588714879, 0.09932729137,  
245, 2907408.1431366154, 88.53992118728938, 133.54432536868117, 78.1713245756098, 66.48818592648955, -0.0970496597481, -0.0392807074592, 0.994504092281, 0.26051319851, -0.965386645418, -0.0127081962019, 0.960580156439, 0.257848115895, 0.103923588203,  
250, 422411.6120452219, 46.54600512882783, 121.133278054789, 71.52699092549344, 11.638950307343261, 0.558969911269, -0.146099499008, -0.816215397236, 0.697618686335, 0.614929953283, 0.367681004447, -0.448197285547, 0.774929731617, -0.445649081996,  
269, 1984237.8993592358, 77.95339671348071, 128.01860797051677, 83.9487981629231, 44.07756023974643, -0.190467140608, 0.725655219796, -0.661170757317, 0.133133428328, 0.686371487505, 0.714961307625, 0.972624161025, 0.0481527062768, -0.227340181816,  
278, 1513940.2862371965, 71.2317114132219, 128.33514189253307, 98.38742585967053, 28.62430450293373, -0.52655279761, 0.849916109607, 0.0196152481524, 0.821562570438, 0.502783562041, 0.268781756445, -0.218579720434, -0.157642939494, 0.96300135485,  
338, 270407.12602591194, 40.11528121424645, 115.69705625178257, 64.55238217132029, 8.64360556319212, 0.0562686309071, -0.923283815103, 0.379974785932, -0.631154803085, -0.327781036139, -0.702995879711, 0.773613246861, -0.200266295508, -0.601178804653,  
373, 2816617.630492433, 87.60853700946916, 109.89785076028173, 97.63252457983141, 62.66940415118754, -0.570394415369, 0.74018028806, 0.356066499524, -0.340342974506, -0.607522447053, 0.717692926, -0.74754054781, -0.288183305371, -0.59844257192,  
383, 1318846.8235201186, 68.0302263774133, 116.51435316263728, 86.70042536996192, 31.16772416120308, 0.849133243477, 0.269565715289, -0.454210369722, -0.231726566639, 0.9629053531, 0.138260910186, -0.47463199759, 0.0121493256045, -0.880100483327,  
387, 408683.1641586733, 46.03619058087732, 105.5309919920765, 57.126531877354964, 16.183790889064223, 0.726133008796, 0.280187670628, 0.627873970447, -0.215219929659, -0.774680821431, 0.594600712062, 0.653001711648, -0.566890195836, -0.502219344958,  
411, 3085837.8872775286, 90.31533542464058, 125.16897276231948, 103.58611630320142, 56.818041405076116, -0.271002436237, 0.8823775399, 0.384665512665, -0.730610923331, 0.071625651355, -0.679026836566, -0.626709947474, -0.465058752362, 0.625263943139,  
413, 1445419.58691791, 70.14043291736822, 108.87094751787718, 81.85651222051105, 38.72042250185272, -0.364824170257, -0.914144158066, 0.176759110291, 0.661857694695, -0.12109481099, 0.739784048709, -0.654864655306, 0.386880478993, 0.649211659018,  
430, 637936.3656291722, 53.4026633159375, 145.54627371547525, 41.724300665161266, 25.078328864892075, 0.174338847015, -0.38193457941, 0.907596795649, -0.857929281185, -0.511293280332, -0.0503639749457, -0.483283886455, 0.769873469174, 0.416811140152,  
442, 2101903.4023543536, 79.46478535217156, 96.59705680266454, 85.47549943308667, 60.774109308496165, -0.289126935136, -0.476355006194, 0.83035626297, -0.502005391656, 0.814014316736, 0.292183638997, -0.815105025213, -0.332365160966, -0.474486246006,  
462, 2132132.600462663, 79.84392299118292, 111.01650262895147, 79.62213425004165, 57.584320327784475, 0.778721395576, 0.359233042567, 0.514339002216, 0.457311474045, -0.886274483676, -0.0733740777923, -0.429487140412, -0.292351091519, 0.854442295014,  
501, 1104774.7012046527, 64.13006849193486, 118.17031543017329, 75.67191426343065, 29.494565047234104, -0.939090451516, -0.213010535131, 0.269695450081, 0.117725901163, 0.537884740231, 0.834757820222, -0.322877277099, 0.815663238199, -0.480045566362,  
503, 1305604.0570885246, 67.80175892427698, 124.6850037997235, 84.8024311404767, 29.478158922046266, -0.306275443809, 0.740579535447, -0.598111447973, -0.646398602941, -0.623039574048, -0.440443566517, -0.69883059366, 0.251721355565, 0.669531299132,  
552, 1087644.4997612133, 63.796881896035245, 125.32067864040744, 73.07310668543029, 28.354242475114102, 0.801560819048, -0.582184217569, -0.136241660955, -0.445824850975, -0.43011194719, -0.785012047766, -0.398422458729, -0.689974818162, 0.60431307671,  
558, 834802.7270213373, 58.41150774507371, 78.55023618630493, 77.74289915158097, 32.63525590165292, 0.692240939737, -0.291871491186, 0.660010237788, -0.0553621809702, 0.890391215789, 0.451816900707, 0.71953979061, 0.349305762161, -0.600206609636,  
577, 1047693.3818133442, 63.00599345351567, 119.23958781660966, 83.5489897825824, 25.106369836854245, 0.113431629611, -0.23509938757, 0.965329758874, 0.726060315813, -0.643615791459, -0.242064311261, 0.678210648107, 0.728345378889, 0.0976899475177,  
623, 2260127.0830830033, 81.41068645367908, 127.75833724965526, 108.03478882357994, 39.09231340838419, -0.495812580924, 0.223727898808, 0.839116030053, 0.815998800204, 0.450673966162, 0.361993003094, -0.297179815369, 0.864198358896, -0.406011519318,  
635, 450334.3102147272, 47.549812530329035, 110.40003845671016, 77.27317924136015, 12.602259601783219, 0.587801238213, -0.734346758499, 0.339447407762, -0.719309940528, -0.66642684087, -0.19613381969, -0.370247098317, 0.12888019262, 0.919949445425,  
649, 1943321.9031193699, 77.41385810561037, 95.57401818522416, 87.36939881194552, 55.559322813306046, -0.99781353584, -0.0225330550133, 0.0621321907344, 0.00783976870224, 0.8930967875, 0.449796249633, 0.065625343583, -0.449299888259, 0.890967409443,  
650, 2579832.6263140948, 85.08133724050465, 103.91339683765518, 89.48881976164347, 66.23119627957162, -0.802970405288, 0.112184350342, 0.5853658683, 0.564354737242, -0.172748815165, 0.807255583698, -0.191682703403, -0.978556344008, -0.0754004165659,  
667, 1042550.2392365031, 62.90272516353523, 97.93851396889124, 57.649929838994865, 44.081472141318386, -0.914942428208, 0.346057980838, -0.20766373531, 0.352699221794, 0.435502722277, -0.828215333012, 0.196172403796, 0.831012185703, 0.520514298748,  
673, 1656985.231560181, 73.40799169973823, 118.94768075020473, 92.41002505412906, 35.98777211978902, 0.194505459292, 0.0902780784995, 0.976738191558, -0.72576563805, -0.656620141776, 0.20521751397, 0.659872612655, -0.748798943613, -0.0621954750127,  
687, 606526.6678916638, 52.51142015726485, 152.21458527797924, 56.415292801872326, 16.86196471631817, 0.502443030133, -0.854555524671, 0.131475688721, -0.550957954744, -0.19925872366, 0.810395763285, -0.666330498758, -0.479615279468, -0.570940320984,  
697, 629303.7515602873, 53.16068525706006, 99.43231916017443, 62.28473355691731, 24.25842114667879, 0.519575489466, -0.574479492709, -0.632467092585, -0.802174193222, -0.0730930770434, -0.592599329916, -0.294207196504, -0.815248866632, 0.498809994868,  
725, 1112849.497603354, 64.28593155908604, 129.54664690956773, 98.28935133451128, 20.864845794949257, -0.824720393018, 0.56345598704, 0.0485141629632, -0.45377012258, -0.710486182146, 0.5378680701, -0.337533626759, -0.42157648849, -0.841631935682,  
743, 1106221.5441557367, 64.15805177269239, 117.18898646909406, 93.82610236947725, 24.01834225547245, -0.388875556872, 0.136080451379, 0.91118489453, 0.566976472977, 0.814906256007, 0.120272494826, -0.726163535547, 0.563391431133, -0.394051538467,  
749, 1092390.0408151362, 63.88953210549222, 156.1161487963197, 71.35080737005296, 23.41220950905868, 0.709095293086, -0.522228339106, -0.473773603273, -0.270606463637, -0.822012197263, 0.501066951004, -0.651119042235, -0.227098017132, -0.724203343995,  
761, 457766.00716867106, 47.809952268879705, 112.30636961559871, 58.76414767570575, 16.55915229200883, -0.92685521493, -0.0604094308207, 0.370526802303, -0.354563546737, 0.465236162862, -0.811073365418, 0.123385987382, 0.883122875614, 0.452625545771,  
790, 1893977.8407994187, 76.75301211984188, 135.75553093893646, 72.57052955200092, 45.895326042522, -0.559802218771, -0.526937770553, 0.639498289148, 0.178101924639, 0.677204989587, 0.713913934952, -0.809259649494, 0.513546480899, -0.285252224633,  
817, 2301284.7535316832, 81.90188870568413, 136.53910714909628, 87.57812150704049, 45.9440278632242, -0.0758665194724, -0.815569330153, 0.573664482896, -0.722482185439, -0.351550823032, -0.595341507497, 0.687214495588, -0.459628857383, -0.562563374665,  
828, 1299047.103883379, 67.68806460772008, 105.57203361142896, 66.3129029289219, 44.29853483500123, -0.0111332229855, -0.891766838459, 0.452358217755, 0.393099724844, -0.419865840664, -0.818037457682, 0.919428440757, 0.168714497504, 0.355227758852,  
837, 835075.1237133518, 58.417860292281574, 136.16807934208808, 49.27974037088758, 29.709354396308854, -0.714150956087, 0.542519770653, 0.442335517871, 0.658138851543, 0.305171718092, 0.688275725684, -0.238414898882, -0.782650957278, 0.574992013044,  
863, 2803493.1981983404, 87.4722502752928, 113.38491746741333, 93.6804217774499, 63.00960713324377, -0.363771601643, 0.204980704722, 0.908654572723, -0.920039988022, -0.231534364568, -0.316098494878, -0.145590666865, 0.950986197963, -0.272816071752,  
864, 693361.0177395974, 54.906480189098204, 120.44147815357444, 38.055550664177034, 36.11409401324723, 0.134076993973, 0.215113769169, 0.96734142163, 0.781025752037, -0.623755751268, 0.0304554989466, -0.609936172352, -0.751435179556, 0.251640689442,  
870, 2101309.275808433, 79.4572974426517, 123.52467711536839, 95.05521388699015, 42.72397945723462, -0.435476296548, -0.86820906827, -0.237851653176, 0.658400413756, -0.487372463155, 0.573565146538, -0.613896807542, 0.0931723989799, 0.78386836507,  
880, 2172021.969193582, 80.33877427858006, 127.71989695880826, 105.82614577465027, 38.36401619182651, -0.938413666993, 0.297637303095, 0.175475996671, -0.26289465407, -0.944634167369, 0.196348391132, -0.224201227612, -0.138124312288, -0.964704868803,  
898, 2127437.2165754554, 79.78526913342475, 129.45053096892457, 113.4883430637986, 34.57108831718277, -0.0692763587898, -0.322276747554, 0.944107241842, 0.745717468128, -0.645359760586, -0.165578492397, 0.662650921557, 0.692566586981, 0.285035574545,  
903, 815865.3126042176, 57.96643877815981, 115.79315049509901, 81.81683680510322, 20.55910973134169, -0.702570491717, -0.40466662762, 0.585354272777, -0.0643772580699, 0.85534312787, 0.514046400871, -0.70869617807, 0.323470329545, -0.626990169853,  
915, 2588794.400832548, 85.17974137161768, 139.26222952132798, 78.5639005871792, 56.4875280702536, 0.676956075891, -0.152273374311, 0.720099500618, -0.648773316858, -0.585496891675, 0.486093173344, -0.347596971574, 0.796245068628, 0.495146580356,  
957, 3639079.168399152, 95.41887638298533, 126.85731644190122, 94.35578889580795, 72.58031093668596, -0.325525018801, -0.030960253114, 0.945026414902, 0.00579325173076, 0.999379714993, 0.0347364865088, -0.9455156796, 0.0167823713376, -0.325143739973,  
959, 1602062.7650499383, 72.58780086684659, 101.95133622764388, 64.1326895641779, 58.494972569447846, -0.0119714277562, -0.679366876899, 0.733701118637, -0.493673134286, -0.634076744541, -0.59517519985, 0.869565133501, -0.369333627774, -0.32779437151,  
965, 1792217.4844231422, 75.35302651135537, 122.05928484023092, 72.3802432612369, 48.42964004422444, 0.428818410397, -0.757779115319, -0.491818648784, -0.75816640979, -0.00584973158722, -0.652034873075, -0.491221402191, -0.652484937012, 0.577031143876,  
978, 1145684.4939361177, 64.91207248417565, 111.54116505701215, 76.47370283947832, 32.0648439285956, -0.0302209874194, -0.312870356376, 0.949314927735, 0.780317482196, -0.600919300601, -0.173206873837, 0.624652958768, 0.735532551466, 0.262298583365,  
997, 1382853.9549956324, 69.11344941944039, 138.72921077615706, 128.46022627690067, 18.524696803748856, -0.838552159613, 0.282155738396, -0.466066963964, -0.521689902142, -0.169219504698, 0.836184432546, -0.157066615202, -0.944326690569, -0.289097180665,  
1020, 1097838.1298123805, 63.995568346427085, 101.35196024879302, 56.62129546096159, 45.670708278593985, -0.867403095795, -0.282123284921, -0.409900379983, 0.126977444409, -0.921965817652, 0.365863034062, -0.481132619988, 0.26530262567, 0.835539298176,  
1043, 1180660.479227566, 65.5660175495975, 111.1344547194752, 60.797762967106706, 41.715753642941074, 0.209423431274, -0.748422296286, -0.629289991066, -0.852155166995, -0.455313006108, 0.257917889709, 0.479555416815, -0.482238667975, 0.733125138917,  
1046, 1842428.2916148116, 76.05025270954735, 121.58957014725671, 65.73849736965306, 55.02827368111351, -0.688410235374, 0.725269894426, -0.00865610021261, 0.655843254177, 0.617326407119, -0.434485595877, 0.309775683008, 0.304781376256, 0.900637184944,  
1052, 1581064.437247082, 72.26926763030475, 128.74957492619612, 69.11837764548315, 42.415209972659135, -0.680316648179, 0.236531814974, 0.693701635226, 0.730659402588, 0.293133099425, 0.616611566086, 0.0574986575501, -0.926350736237, 0.372247522293,  
1057, 2035922.194318506, 78.62443226633734, 100.0000051961428, 90.9129714256532, 53.46218351322325, -0.609180079465, -0.451438559103, 0.651999124338, 0.575477552455, -0.817330251955, -0.0282284583397, -0.545642023128, -0.358014645782, -0.757694064911,  
1066, 2360512.0425151614, 82.59857160375779, 124.65399193158359, 76.10048429971093, 59.40513669140137, 0.799315100371, 0.554839757541, -0.230755744826, 0.412112284119, -0.785623951949, -0.461474236986, 0.437331493946, -0.273766048981, 0.856617367807,  
1067, 387379.82682782237, 45.22196856759166, 109.57195278683456, 65.53122712248351, 12.879549991683675, 0.281668850399, -0.957572209269, -0.0609764114322, -0.657442439227, -0.238892470387, 0.714632651574, -0.698879172545, -0.161201276759, -0.696837176501,  
1072, 3558836.813469535, 94.71232293750441, 129.73825319741402, 87.6337497898276, 74.72742606391535, -0.270566207996, 0.65219296935, -0.708123052739, 0.0171248501627, 0.738702557016, 0.673813974153, 0.962549046333, 0.170184790707, -0.211036656566,  
1074, 717463.3130072069, 55.535458673843785, 131.06066458534863, 47.60905951724356, 27.45042805281504, -0.443188677847, 0.397711424758, 0.803373772565, 0.0937554572253, -0.870714344562, 0.482769556222, 0.891512035852, 0.289278676697, 0.348603122677,  
1075, 1171774.729541597, 65.40111805885279, 123.61070584349015, 94.63497596650363, 23.913753923738156, -0.310289648568, -0.950134185481, -0.0310703004728, 0.731606783957, -0.259538511021, 0.630389780188, -0.607018819857, 0.17287218075, 0.775656729142,  
1078, 2861532.1098294896, 88.07175922588512, 98.50890650848564, 84.73308450629852, 81.84299238389458, -0.466047691389, 0.77944302487, 0.418650355705, 0.872317039782, 0.325720985079, 0.36464890235, -0.1478598372, -0.5351396181, 0.831722945267,  
1084, 1328570.8413034445, 68.19701550120028, 107.75031817299126, 70.90264618214516, 41.51596164725445, -0.820662600244, 0.381151004172, -0.425719166329, 0.571409644776, 0.549984847478, -0.609104002122, -0.00197848870733, 0.743128911807, 0.669145354926,  
1085, 1722056.7529512825, 74.3566160561395, 108.7598035615245, 67.19580040123422, 56.253338900823046, 0.915301598407, 0.0649025534185, 0.397505525135, 0.258073032064, 0.663213534613, -0.702528374963, 0.309226929737, -0.745610800663, -0.590290809567,  
1090, 2244280.0205828734, 81.21996748817986, 103.4187842786514, 83.93546241896043, 61.722501418888946, -0.0624468921617, 0.583728561029, 0.809543916473, 0.998019464965, 0.0303577804543, 0.055095850263, -0.00758506490825, -0.811381151004, 0.584468215205,  
1091, 2866562.155675673, 88.12333365631439, 148.39927598256438, 96.22117649718608, 47.925903494595, 0.215119138438, -0.922465072565, 0.320596235435, -0.871164242566, -0.0328985419663, 0.489888301973, 0.441357699323, 0.384676326064, 0.810695692239,  
1092, 1162977.3482076526, 65.2370351858991, 134.03088016142246, 71.31663694185355, 29.046039387188426, 0.313898268919, 0.821349472627, 0.476290794143, 0.892200114702, -0.0836006411767, -0.443835429095, 0.324725779843, -0.564265874044, 0.759050190234,  
1098, 4813745.049651666, 104.74456365190169, 142.3824050599236, 102.36358924391506, 78.84835655196794, -0.21855380607, 0.966464889943, 0.134832675415, -0.156524289995, -0.171104140753, 0.972740211803, 0.963189690816, 0.191491486819, 0.188670691899,  
1099, 316953.1668441006, 42.29627898790509, 137.68975077228305, 42.66954547689481, 12.879139745512335, -0.241217613762, 0.596512774096, -0.765497598397, 0.957153847881, 0.276458610666, -0.0861809031875, -0.160220392887, 0.753487323668, 0.637641183405,  
1100, 2056919.015515222, 78.89379754164744, 132.34597772385598, 77.08375204148435, 48.134336681780624, -0.00261145975213, 0.957531323351, 0.288317438043, 0.207235287885, -0.281541104281, 0.936903485988, 0.97828764468, 0.0621962330203, -0.197699046191,  
1107, 2702084.801004155, 86.40458496098093, 128.96266597199818, 87.66701934328833, 57.0571561788746, -0.215975375867, 0.685346337669, 0.695453114497, 0.973379409935, 0.0951555588912, 0.208513654053, -0.0767278393668, -0.721973557034, 0.687653271358,  
1118, 1714261.5559387133, 74.24425017589547, 106.00170772135218, 74.2746245527801, 51.9798652494746, 0.494547098083, 0.342940626509, -0.798633141353, 0.429471373294, 0.702431618893, 0.567577448724, 0.75563053624, -0.623683852179, 0.2001023369,  
1122, 2553170.615049662, 84.78722263546805, 114.88288345700238, 84.90205963398417, 62.49102882643459, -0.961772065185, 0.228471952849, -0.150980334449, 0.232601683075, 0.390550891299, -0.890711209279, 0.144537025221, 0.891779439137, 0.428763898053,  
1134, 2490022.129281938, 84.08235476781103, 120.2371157074198, 88.10504650487924, 56.114521379105426, 0.32487618339, -0.187497079579, 0.926984525553, 0.745634111694, 0.653731681523, -0.129091673053, 0.581794840941, -0.733130093314, -0.352186072031,  
1139, 1420751.0008944825, 69.73911852913294, 106.02182745165122, 69.52066481502199, 46.01719675967892, -0.67415060912, -0.122247318133, 0.728406857074, -0.169430750234, 0.985504701419, 0.0085851241259, -0.718897890593, -0.117626853611, -0.685091049577,  
1143, 879772.5854399621, 59.44207187458142, 127.88848947315682, 57.43421955948534, 28.594310818810797, -0.977039784277, -0.107525775476, -0.183933323647, 0.101956755085, -0.994004329466, 0.0394995328431, -0.187077737938, 0.019839370217, 0.982144754788,  
1152, 1005970.8093914189, 62.158270654782456, 115.19163637729747, 109.33295283622236, 19.068860611257794, 0.738818447374, 0.668537677734, -0.0848803585671, 0.669818316671, -0.71464129351, 0.201571933221, -0.0740994228917, 0.20577948163, 0.975788952831,  
1153, 3916882.4796836646, 97.78764277733066, 110.09725852769395, 103.66559391404556, 81.92959102025345, -0.441512686836, 0.224033249144, 0.868835801887, -0.550850485135, 0.696680165411, -0.459565544998, -0.708258632414, -0.681502641522, -0.184184307719,  
1154, 1715978.937400158, 74.26903502525913, 108.45061981407314, 67.60423368543394, 55.874983876963334, -0.780353626945, -0.000149929469596, -0.625338463902, -0.22088422038, 0.935605042995, 0.275414895584, 0.585028527597, 0.353048411756, -0.730135905743,  
1168, 925586.0467651989, 60.45646225825048, 104.39937132576381, 80.7785845031037, 26.20197739162492, -0.871227084299, 0.0776591578066, 0.484698280163, 0.426598496861, -0.368715036564, 0.825871021581, -0.242851992086, -0.926292759888, -0.288105246255,  
1172, 614571.0021713526, 52.742553466463626, 88.69516038684657, 63.371859841328856, 26.102798989910827, -0.336443293633, -0.897935798027, -0.28375555112, -0.0228364591493, -0.293453256124, 0.955700623942, 0.941426792854, -0.328019037698, -0.0782247058476,  
1174, 1942165.5323091492, 77.39850005854287, 142.2845050153936, 72.14072067452094, 45.170983782466315, 0.248772997329, 0.0768875390839, 0.965505205648, -0.849766878867, 0.49566447455, 0.179479748854, 0.464766874228, 0.865104060216, -0.188644421114,  
1188, 3129760.7272520973, 90.74182490919063, 104.27049491914829, 89.43064954439056, 80.12622963073994, 0.450761244907, -0.892637499527, -0.00354887692441, -0.485870098551, -0.248684416172, 0.837905906702, -0.748828783784, -0.37597121644, -0.545803166889,  
1210, 2060441.713460901, 78.93880993018875, 113.15418732870799, 77.63333512210497, 55.99546436365423, -0.971644690668, -0.205715216822, -0.116566910677, -0.141932529404, 0.113154130613, 0.983387665075, -0.189107779305, 0.972048040116, -0.139143291297,  
1222, 1166110.340081292, 65.29556422490317, 135.36761850196092, 58.34216101813378, 35.24956297549437, -0.166984523331, -0.309644203307, -0.936075123228, -0.978480818937, 0.168758856501, 0.118725461994, -0.121208316304, -0.93575686784, 0.331161030842,  
1224, 3054728.917845833, 90.01081395250586, 121.82234108461178, 79.40227722238883, 75.39180962119069, -0.121728202776, -0.88546373236, 0.44848213267, -0.948162023483, 0.237367241577, 0.211294983022, 0.293549011025, 0.39951316787, 0.86845737191,  
1225, 1891704.0576541836, 76.72228497561727, 103.40873490692456, 97.03341460996074, 45.00761984240006, 0.056861699054, -0.70402515685, 0.707894996241, 0.700101881865, -0.477379147818, -0.531005182873, 0.711775317211, 0.525792475935, 0.465744747753,  
1226, 508294.1455720392, 49.50801335678881, 134.75719144409055, 60.345990241932746, 14.921968851719702, 0.646299834644, 0.708871620571, -0.28248460009, -0.340304393693, 0.599085419794, 0.724768638548, 0.683000324578, -0.372287100687, 0.628420934795,  
1235, 1188724.0027633738, 65.71494381611124, 134.52109464360223, 59.02599764713197, 35.74034117557642, 0.180850858638, 0.0110867309824, -0.983448042006, 0.579801142108, 0.80649912777, 0.11571427101, 0.794432881079, -0.591131323228, 0.139427960462,  
1245, 843413.0486912985, 58.61164387612957, 129.97677475789993, 110.37954813855093, 14.034512720186436, -0.967287142314, -0.00859351854647, -0.253538430527, -0.0544276019307, -0.969122651294, 0.240497240934, 0.247776553497, -0.246429377688, -0.936952155315,  
1248, 1415028.9137326302, 69.64536758409612, 125.83102275527852, 106.08706600635703, 25.306176901917443, -0.125476101098, 0.400622526911, 0.907610786067, 0.858443956793, -0.414752545996, 0.301752048271, 0.497322552374, 0.816995664934, -0.29187045479,  
1266, 49289.64374264997, 22.745161418234375, 116.8985490649284, 21.125958403565907, 4.764765469689128, -0.795629923775, -0.590683489941, 0.134409966536, -0.605476809392, 0.78245971879, -0.145446284788, 0.0192576655209, 0.197103534168, 0.980193521269,  
1268, 742230.7810370103, 56.16728745729766, 113.22879333589499, 62.936316476117675, 24.86521115223727, 0.776186190792, 0.335052095668, 0.534111496236, 0.454866003401, 0.289048528818, -0.842346642979, 0.436614150221, -0.896766993804, -0.0719516688496,  
1270, 4182292.4299337533, 99.94826559077971, 134.62583829867984, 111.85654454390784, 66.30342557743066, -0.11593915417, -0.904017154467, 0.411474296839, -0.231452399206, -0.378274334614, -0.89629142285, 0.965912987506, -0.19915198267, -0.165380132925,  
1273, 1003847.1491513631, 62.11449998588258, 147.3350379872361, 50.57741874441619, 32.1600177827748, -0.614654260126, -0.134884806651, 0.777178376851, 0.297892286974, 0.872614548955, 0.387045261324, -0.730383684012, 0.469414462801, -0.496175106432,  
1275, 1111467.820386522, 64.25931544366273, 122.12000959673891, 64.58289042477432, 33.64371739134438, 0.836149660008, 0.475716857034, -0.273033364266, 0.460894341446, -0.339492760155, 0.819951871652, -0.297372076853, 0.81144201132, 0.503121963516,  
1281, 1534047.5542990896, 71.54567813645171, 92.38998351069982, 85.55674763301214, 46.33093415653174, -0.177261770202, -0.912504345669, 0.368665273602, -0.979857355299, 0.128630992015, -0.15275349803, 0.0919664509041, -0.388316735447, -0.916925452193,  
1284, 2529885.165986663, 84.52867597786528, 125.71685032668076, 104.10267852312006, 46.14841649936221, -0.759727694343, -0.24240873039, 0.603367083854, 0.510503483937, -0.797081610183, 0.322563326491, -0.402740640285, -0.553081290715, -0.729315475308,  
1293, 1870029.4887464694, 76.42813849420128, 116.63289878074389, 73.96366521482003, 51.751191336845764, 0.709331431606, 0.692413632205, 0.131955606447, 0.60946058284, -0.696522020351, 0.378701562092, -0.354128109729, 0.188203180376, 0.91606377769,  
1295, 632693.5041153264, 53.255964619546916, 110.32441772038447, 52.45433294225167, 26.100675891756147, -0.366445645791, 0.919330109038, 0.143351802561, -0.287248036558, -0.258322387679, 0.922365496708, 0.884989352577, 0.296819296274, 0.358736882945,  
1298, 3114993.876435876, 90.5988870438984, 119.20225911683389, 94.86868229871197, 65.75991351156334, -0.0289043195762, -0.712162647091, 0.701419207321, -0.533438538003, -0.582447098847, -0.613350391879, 0.845344821054, -0.391892512219, -0.363059764203,  
1299, 1192935.1226973736, 65.79245195919376, 119.23928866930146, 67.52584585674498, 35.37030513870672, 0.287909357891, -0.91879934923, 0.270029549297, 0.662722487891, 0.394701795068, 0.636403486016, -0.691308256628, -0.0042718643038, 0.722547330971,  
1305, 2811077.887862283, 87.55106295823761, 123.50551507831784, 87.87487772610395, 61.834831932490786, 0.408154583176, -0.0537523968338, 0.911328983445, -0.640176695396, 0.694829793809, 0.327697049586, -0.65083303151, -0.717162629722, 0.249186933096,  
1309, 1862445.0800297107, 76.32467351808664, 113.11872758255042, 68.29741015801558, 57.55142997220035, 0.742421588857, -0.263011255881, -0.616145489052, -0.508702378088, 0.377135763471, -0.773944769631, -0.435926685266, -0.888027981086, -0.146199281401,  
1315, 1518019.221396678, 71.29562608384981, 119.176747779625, 80.21083666132357, 37.91089917880612, 0.738070020628, -0.128307653335, 0.662412100392, 0.488361501852, 0.779011924588, -0.393247332933, 0.465570282728, -0.613740635322, -0.637625865532,  
1317, 1872684.9940599941, 76.46429823339166, 115.1387777939281, 87.1813370852319, 44.53802766091374, 0.122798027832, 0.801165296635, 0.585708811465, 0.957329776316, -0.251199381496, 0.142893562186, 0.261611054313, 0.54316943784, -0.79782618286,  
1318, 2330774.3028979204, 82.25024570685828, 148.9839364667086, 73.03735529808958, 51.13604412362442, 0.0766566777455, -0.809652566648, -0.581881839446, -0.431543932356, -0.553046005087, 0.712678013345, -0.898829009436, 0.196476048355, -0.391795321844,  
1323, 1269217.2691099285, 67.16594369833699, 95.57914569257417, 69.49673591799457, 45.61627429864616, -0.0541106564525, 0.873501347741, -0.483805159494, -0.991967425419, -0.102502414964, -0.0741207247273, 0.114335750165, -0.475908237396, -0.87203135598,  
1324, 542332.6509009879, 50.589343953018606, 129.50705928064954, 55.41183430053745, 18.041854396646922, 0.262246085062, -0.0130826768813, -0.964912345467, -0.716666698087, 0.666967850441, -0.203820338364, -0.646232028549, -0.744971630361, -0.165533788798,  
1327, 2812162.0879538264, 87.56231732083738, 146.7479682497392, 70.06296413919489, 65.29668533180742, -0.706932131214, -0.706376309806, 0.0357696910991, -0.658207196047, 0.638530524246, -0.398800773167, -0.258863378888, 0.305468948587, 0.916339714582,  
1328, 1440374.1259299188, 70.05872575731519, 133.69205107931037, 54.46441497317186, 47.224598339799655, 0.460222852493, 0.122748432777, -0.87927683257, 0.631873426934, -0.740997691122, 0.227284830305, 0.623643246077, 0.660193338351, 0.418585543969,  
1330, 2213177.047439509, 80.84301763263755, 106.69015432747537, 88.06701624006249, 56.232827655882964, 0.665098252655, -0.746742289304, 0.00450196408004, -0.65874418586, -0.583860551337, 0.474513386733, 0.351710693484, 0.31856366704, 0.880236773903,  
1331, 2151502.0716212625, 80.08497661441912, 118.3283374960051, 85.55980752006242, 50.73347350653937, 0.169774664082, -0.434422178244, 0.884564262496, 0.186418360035, 0.895546162281, 0.404036219002, 0.967690424918, -0.0963039058017, -0.233025318903,  
1332, 3677714.651820591, 95.75537032837403, 127.18286401925118, 106.22183943369392, 64.99006963335708, -0.880779455616, 0.319356901935, -0.349626543259, 0.466656507261, 0.460082779981, -0.755351269143, 0.0803694892083, 0.828453381157, 0.554261436917,  
1333, 1090138.7652169303, 63.845612546973385, 127.89754894648486, 53.5874439546432, 37.97238802604082, 0.195073777077, 0.419863962967, 0.886374906063, 0.913506831321, -0.406737090292, -0.00837905191742, -0.357003488256, -0.811344065106, 0.462892338876,  
1334, 1727401.067638913, 74.43345726627977, 114.85087168522075, 91.47756470744247, 39.25144814447502, 0.0954688393363, -0.923430039852, 0.371702383923, -0.521754169804, -0.364424615566, -0.771341225309, 0.847737156793, -0.120298217225, -0.516594668889,  
1335, 1163259.215899028, 65.2423052017371, 116.26060526995683, 101.6603751300677, 23.496523250675267, -0.571534077613, 0.0780225595607, 0.816860623562, 0.81799267969, -0.0247917444758, 0.574694132022, -0.0650905069965, -0.996643291055, 0.0496525557599,  
1336, 3524622.3406134923, 94.4078252447463, 103.03750993010573, 98.82043629200517, 82.63839213242767, 0.405548326465, -0.902497575445, -0.145012693296, -0.00564461419269, -0.161114051376, 0.986919652647, 0.91405617619, 0.39942507278, 0.0704337845287,  
1337, 1295384.0304983766, 67.6243820906607, 108.94156179936694, 91.81525669774335, 30.917294272704154, -0.220883739963, -0.878227552615, -0.424177721302, 0.373049125885, -0.477925686256, 0.795249261611, -0.901135241291, 0.017418502956, 0.433188033836,  
1338, 2617299.4153956296, 85.4912367142174, 116.42529087029747, 84.65853200492914, 63.39379247055797, -0.728906363838, -0.170823792588, -0.662959082178, 0.0485022964554, -0.978821938988, 0.198884737963, -0.682893139514, 0.11281331323, 0.721754886623,  
1339, 2555581.3387132445, 84.81389982720795, 103.69111554061575, 85.2827450871532, 68.99194380464886, 0.523007914873, -0.0606291480029, -0.850168705254, 0.68183910332, 0.628277947989, 0.374649512552, -0.511427568835, 0.775622928029, -0.369933663448,  
1340, 1168219.9350409477, 65.33491562138799, 105.28230341137579, 84.44329939927837, 31.37006595038188, 0.256821085101, 0.963037014876, 0.081256619578, 0.765593975444, -0.151411403871, -0.625252310305, -0.589837939616, 0.222787555208, -0.776180977758,  
1341, 2687248.7627916317, 86.24615728586048, 106.16055291504229, 95.88472926422142, 63.02409878407546, -0.250293775581, -0.884221628774, -0.394341396652, -0.643549739605, 0.456246123636, -0.614559360291, 0.723323412147, 0.0999579205252, -0.68323616383,  
1342, 2327058.5600005295, 82.20651441439097, 130.58084930414617, 70.396690576213, 60.434783569244985, 0.134910087592, -0.878825146841, -0.457674152149, -0.822632862935, -0.356817299381, 0.442669840493, 0.55233544254, -0.316777171118, 0.771088699679,  
1343, 2176717.325337508, 80.3966232432164, 104.20172662052975, 75.69810814667838, 65.87998380021047, -0.990820194737, 0.031142800907, 0.131550247636, 0.0841595118579, -0.619436615726, 0.780522552949, 0.105794698664, 0.784428712536, 0.611129345298,  
1344, 2483352.5839070566, 84.00721587450553, 126.657690528145, 80.60094927051388, 58.07350704601933, -0.631531890691, 0.298033207613, 0.715781864956, 0.746495641183, 0.483220612063, 0.457429882903, 0.209551255629, -0.823209601036, 0.527649717168,  
1345, 1514057.4922135852, 71.23354956736907, 153.18159210350444, 69.13468643164438, 34.13117038621609, -0.601127432244, 0.702155641268, 0.38160616562, -0.196084444549, -0.592509358938, 0.781334467547, 0.774723628664, 0.394854549178, 0.493855428423,  
1346, 2442578.7936895303, 83.54490913044343, 106.98906828704011, 76.72817932083274, 71.0339024449137, -0.0263805695995, -0.0215411725211, -0.999419853432, 0.988926330355, -0.146623044866, -0.0229433180689, 0.146043756037, 0.988957865938, -0.0251706321328,  
1347, 2471461.6976303696, 83.87291908179701, 98.4089634898305, 81.21928499770718, 73.81956054041602, -0.875278749205, 0.254511754757, -0.411230930111, -0.135371578919, 0.687392638154, 0.713558614715, 0.464286169092, 0.680231672081, -0.567206510441,  
1348, 941831.403821598, 60.808111980325826, 123.97721582622515, 55.96940006469332, 32.40350782189732, 0.2383735653, 0.0798635623863, -0.96788421558, 0.476805968098, 0.858608282685, 0.188276089007, 0.846069803357, -0.506373013013, 0.166590094361,  
1349, 2222367.773376755, 80.95476948202769, 99.10146999165173, 73.20538985896384, 73.13144708295437, -0.503145306717, -0.838565092609, 0.208933926844, -0.612535706522, 0.51659037775, 0.59827618192, 0.60962677809, -0.173040362558, 0.773571085525,  
1351, 2707644.4217321863, 86.46380437485338, 102.97075248721274, 86.24905953383151, 72.78380678041582, 0.2385833764, -0.29588743892, 0.924947888259, 0.71509404664, -0.590893287203, -0.373477747127, 0.657052872276, 0.750530310266, 0.0706100304936,  
1352, 1636540.6974971665, 73.1048292104732, 121.77784236708692, 71.07244231215472, 45.14074119835924, 0.695698782697, 0.461875123151, 0.55015868108, 0.452203923121, -0.876676230008, 0.164165768819, 0.558135123126, 0.134573988395, -0.818764328717,  
1353, 2302818.4262217972, 81.92007895007308, 134.293455183699, 90.59204025836036, 45.18832026619701, 0.649036384905, 0.756436605034, 0.0809656324224, -0.326911533649, 0.181218678863, 0.927517460536, 0.686935674017, -0.62846117859, 0.364905366866,  
1354, 1954774.3970059706, 77.56563357785714, 100.72330670423003, 74.92559445255493, 61.83692150911067, 0.255889964095, 0.961769202074, -0.0975721692802, -0.66236955756, 0.247952328568, 0.706955594062, 0.704121364179, -0.116274006985, 0.700495153307,  
1356, 1822615.3227749194, 75.77666178854813, 101.21693820066965, 76.0318497301499, 56.54024104587335, 0.728430562702, 0.645361158496, -0.229995413926, 0.491380588235, -0.258193116967, 0.831794104245, -0.477424373936, 0.718919529193, 0.505193703163,  
1357, 3122572.7141968347, 90.67230379101466, 100.93360580807045, 89.40937638618252, 82.6047643943219, -0.51855622755, 0.364896044886, -0.773272471575, 0.85496784545, 0.209245428873, -0.474601236558, 0.0113763841676, 0.907230525788, 0.420479905538,  
1358, 2964610.6208730247, 89.11682054572665, 106.05151090133567, 96.6462143964768, 69.05217191703406, -0.339212164116, -0.911528076017, 0.232490159679, 0.0899032870489, 0.214599350255, 0.97255566311, 0.936404029623, -0.350804340769, -0.00915466025334,  
1359, 2059780.1777467395, 78.93036086294593, 98.74892937382258, 81.12657606201248, 61.381390481355865, -0.924946635685, -0.379839194658, -0.0139966902104, -0.357333463991, 0.881515110067, -0.308616114674, -0.129562790368, 0.280451951189, 0.951083690548,  
1360, 2246179.4765255963, 81.24287464853668, 116.57848243434293, 85.59103635031117, 53.74142314633666, 0.397733985573, -0.757180961357, -0.518155062195, -0.30612426842, -0.641900439133, 0.703030410811, -0.864925204283, -0.120999247929, -0.487097087854,  
1361, 2432578.3692913107, 83.43073644185385, 90.68282716023074, 88.18898845549639, 72.61708622230769, 0.0204318595243, 0.80948683322, 0.586782417903, -0.0988708227811, -0.582392120563, 0.80687296293, 0.994890496245, -0.0745015754841, 0.0681352752355,  
1362, 1249317.6113149468, 66.81306845674976, 102.9093624051976, 75.53365297301896, 38.369741803218425, -0.248906054227, 0.922816753162, -0.294032338788, 0.317002435609, 0.364487986555, 0.875590065884, -0.915180436847, -0.124730700876, 0.383258424919,  
1363, 2264746.350660334, 81.4661113367889, 116.40843432748878, 80.80653330688597, 57.47778660885579, 0.611352337354, 0.291256635297, 0.735811043684, 0.598759394374, -0.778201322991, -0.189446268226, -0.517431645013, -0.556392193773, 0.6501478443,  
