# Void_ID, Void_Volume, r = (a*b*c)**(1/3.0), a, b, c, vector_a, vector_b, vector_c 

6, 2535589.768933689, 84.59216246289783, 115.57319126205924, 95.28853715726578, 54.96580796274459, -0.155821053924, 0.635848491192, 0.755920958436, 0.642598223684, -0.515945023502, 0.566452341898, 0.750191523594, 0.574018666049, -0.328200013643,  
11, 1303402.0015679423, 67.7636189142543, 98.25305634765577, 74.81465750130101, 42.33085236053062, 0.16380327098, 0.963019342455, 0.213921094035, -0.824625645418, 0.0146480132292, 0.565489151645, 0.541443471967, -0.26903379298, 0.796529839302,  
14, 1538938.2310726356, 71.62162875873975, 144.25419078309054, 59.329699064281584, 42.927143984066355, -0.0319161641506, -0.184746913904, 0.982267751822, 0.239688709878, -0.955505615639, -0.171925393239, 0.970325038749, 0.229951291117, 0.0747778235231,  
17, 376887.6322100946, 44.80994651942537, 89.47309149133729, 61.80314728695204, 16.27122465944567, 0.573175465029, 0.68391572733, 0.451363671777, 0.673879096144, -0.70680135965, 0.215218033111, -0.466215454559, -0.180806846958, 0.865997710172,  
21, 1936761.988744331, 77.32665334462703, 126.24203753497746, 88.27797046022978, 41.488841511892446, 0.844701404983, 0.408678344271, 0.345632098255, 0.482616296666, -0.860777262256, -0.161691109762, -0.231432596263, -0.303388390858, 0.924334591844,  
41, 1398849.0552734481, 69.37890080219739, 91.14367474492511, 62.99194220472643, 58.166202516987596, -0.79277698301, -0.597588070593, 0.119971467837, -0.0261046854384, 0.229940944851, 0.97285441217, -0.608952543806, 0.768124768359, -0.197891737134,  
44, 463067.44534363877, 47.993808426935544, 98.38342693391671, 46.15371485676978, 24.34596718342159, -0.180192009485, -0.138367594858, 0.9738507321, 0.206624191095, -0.97329090312, -0.100056291944, 0.961684607016, 0.18319177546, 0.203969336008,  
48, 1032980.0582838424, 62.70965951253042, 123.0467083735699, 80.6730035161847, 24.843060758112788, 0.114548302272, 0.344623552547, -0.93172597553, 0.159562104834, -0.932104870796, -0.325146804598, 0.980519566938, 0.111423143328, 0.161759889909,  
51, 1010793.2676227895, 62.25743786046566, 94.28397782605643, 60.07903466132907, 42.60032264857524, 0.197888130252, 0.256183232914, -0.946155610393, 0.43500015817, -0.887942668217, -0.149441227082, -0.878416273926, -0.382005195165, -0.287153061222,  
68, 3338999.317502626, 92.72053033297753, 120.94270262751728, 105.31121626315276, 62.58545632864478, -0.0238819285503, 0.950514890393, 0.30975974017, -0.384679230195, -0.29472847687, 0.874732538996, 0.922741319843, -0.0982678383968, 0.372682020751,  
75, 771708.130044862, 56.901208302013075, 115.4243116637125, 55.29376975009998, 28.86629019331901, 0.277910501768, 0.191113371932, -0.94140396859, 0.315726781439, 0.907390907234, 0.27741366396, 0.907238861871, -0.374322615585, 0.191833852519,  
77, 4325489.098254875, 101.07619179496419, 117.44880885789473, 108.88801982873052, 80.74541961539404, -0.710950036147, 0.701795788548, 0.0450856659972, 0.487767307902, 0.445915511986, 0.750494776472, -0.506589675619, -0.55555560239, 0.659336691843,  
80, 3403346.5283263936, 93.31236296587532, 122.70072963577937, 107.32439753343043, 61.69812376326834, -0.489590424311, 0.0920449331383, 0.867080703687, -0.825695328479, 0.270645353552, -0.494952843338, -0.280229264979, -0.958268659033, -0.0565043021809,  
83, 849863.2450665256, 58.760679957953975, 101.3036970912983, 67.134772777432, 29.83236055719718, 0.428273303432, 0.876525606987, -0.219738111996, 0.512519397299, -0.0353377676602, 0.857948197486, 0.744248510217, -0.480056353435, -0.464370598301,  
93, 1486687.184948485, 70.80169630259473, 145.56455364320252, 60.99997301161044, 39.971064340595056, 0.518963009773, -0.839794856647, -0.159442758494, -0.41128338255, -0.408832616882, 0.814678998509, -0.749348632965, -0.357212108029, -0.55756267464,  
94, 1329474.8427075394, 68.21247979265891, 122.82714908846829, 89.52256382671648, 28.864539374239147, 0.152566639546, 0.0285323957894, 0.987881229141, 0.966175069603, -0.214597476908, -0.143016285023, 0.20791622201, 0.976285729331, -0.0603077053946,  
96, 1819413.7319755226, 75.732266233785, 108.97653662044829, 81.78111450777482, 48.73678003556292, 0.388324363183, -0.765811538715, 0.512578653602, -0.730184502432, 0.0836212684233, 0.678113615757, 0.562169708688, 0.637605027143, 0.526711541545,  
97, 408910.14572673105, 46.04471179708368, 132.63398592659019, 89.25887060085228, 8.245805153142161, -0.210793551777, 0.638893497326, 0.739852132256, -0.864050714361, -0.475724435664, 0.16462874696, 0.457145973998, -0.604567085101, 0.652316026226,  
101, 1342219.376836253, 68.42975182836422, 129.82442581604533, 105.42715585353335, 23.411324993467282, 0.196413937047, 0.97954329618, 0.0437778053719, -0.965833330176, 0.185579922914, 0.180903484025, 0.169078513286, -0.0778140290731, 0.982526047097,  
121, 1089965.9027502423, 63.84223771867142, 112.71939843864644, 78.6257276929944, 29.360332027450607, -0.00325073103759, 0.0605419901834, 0.998160357945, -0.645626443561, -0.762376751073, 0.0441382464352, 0.763646468022, -0.644295240435, 0.0415657915752,  
140, 747866.7449667631, 56.30909372684974, 109.76549156167982, 88.33465841301312, 18.413597772585668, -0.875374223216, 0.0436210793112, 0.48147395648, 0.432243027602, -0.375445997134, 0.81988186242, -0.216531601431, -0.925817209106, -0.309800840712,  
154, 897186.004876108, 59.83169325948165, 97.47006351918526, 52.74192195197185, 41.66454853708996, 0.159419541546, -0.4688678004, 0.868762565677, -0.790042308557, 0.467092000887, 0.397061976771, 0.591961620769, 0.749658621277, 0.295961806796,  
178, 238557.728461486, 38.47408444186631, 89.6963227353719, 57.56498663970376, 11.029906591721245, 0.769268008668, -0.189124280172, -0.610293976284, 0.10728557723, -0.903389267864, 0.415183857617, -0.629854376628, -0.384863400906, -0.674658155576,  
180, 299124.22404013784, 41.487855987356134, 120.57541962736283, 47.554376279749995, 12.454138864205126, -0.782985556198, -0.475181784295, -0.401417352216, 0.0304450832301, -0.673825553859, 0.738262974741, -0.621294387302, 0.565828061199, 0.542062625041,  
231, 949476.3759430716, 60.97219801505421, 120.14498552987405, 69.67726559167984, 27.07689156833702, 0.839617082025, -0.0368718152587, 0.541925848075, -0.189208748067, 0.915354325615, 0.355424405792, -0.509159312227, -0.400957513731, 0.761570657887,  
232, 1391789.9164973986, 69.26199959291029, 113.26303981615295, 72.31783804562262, 40.56499518599824, 0.593857134285, 0.427847823406, 0.681380909672, 0.628212206769, -0.775689979819, -0.0604522826325, -0.502675966528, -0.463951824241, 0.729428253812,  
235, 1370744.311056831, 68.91111562995464, 104.56123227434156, 68.36174360526948, 45.78086760646853, -0.174879299379, 0.280587664102, -0.94376257258, -0.156170369694, 0.938494326869, 0.307959760463, 0.972125530103, 0.20124353701, -0.120303751119,  
246, 459419.54601589905, 47.867449341372485, 137.33113181008602, 65.19243645370568, 12.250523489686044, 0.428609582658, 0.898174016351, 0.0978634865787, 0.799289939778, -0.427446409112, 0.422404024018, -0.421223714696, 0.102825112153, 0.901109082458,  
258, 334284.2530211646, 43.05356348268483, 111.35373140470517, 61.93122813179812, 11.57211771205578, 0.0978204303984, 0.636261730304, 0.765246479213, 0.505589692511, -0.694086688226, 0.512467298521, 0.857210724515, 0.336770960414, -0.389583231157,  
283, 1770574.4324293053, 75.04847293453463, 121.07466448569048, 86.14343204475311, 40.52752987011366, -0.514943099388, 0.10433526172, 0.850851195894, 0.856999993475, 0.0853667686077, 0.508196345915, 0.0196116184032, -0.990871670793, 0.133374347025,  
285, 1372650.224762643, 68.94303936015356, 121.07583776086268, 105.82356007930464, 25.57592947129379, 0.860424977532, 0.485971269327, 0.153299652407, -0.365752677855, 0.37949656912, 0.849827825308, -0.354815214839, 0.787282845879, -0.504273620076,  
286, 1124946.6298488954, 64.51803075682419, 109.58646725350782, 66.4579238053845, 36.87564398316873, 0.551585922888, 0.57455135883, 0.604684798666, 0.638325679324, 0.175893586866, -0.749400942897, 0.536929508211, -0.799344845586, 0.26973045999,  
299, 2409395.204099853, 83.16485042202198, 124.90915641016345, 88.70104202005089, 51.9154275711572, -0.725337315855, -0.59330926149, -0.349098694439, 0.0021534112202, -0.50907385058, 0.8607201505, -0.688390253453, 0.62356069062, 0.370527899172,  
309, 1586971.5943127738, 72.35915967570848, 129.45956269720708, 60.196284638668054, 48.615719903274574, 0.378343362192, 0.880253780522, -0.286373151955, 0.627750181999, -0.0166302881097, 0.778237201962, 0.680283771146, -0.474211677833, -0.558871430046,  
330, 805591.3235599296, 57.72209123639404, 134.08410366676497, 76.24763693723196, 18.81145937710121, 0.766230198849, -0.573529393094, 0.289750440257, -0.51782378524, -0.284147631184, 0.806919234578, 0.38045999765, 0.768325555315, 0.514709657223,  
344, 2517407.7769179186, 84.3894817988842, 128.62337125132788, 105.16938171882293, 44.427896462841616, 0.202090875968, -0.975662783872, 0.0850964747611, 0.773321364326, 0.105654559856, -0.625148927423, 0.600943712278, 0.192143816315, 0.775852697698,  
348, 963556.1434767084, 61.27210561995019, 101.3500534173115, 81.89410787443288, 27.714801810983047, -0.637928470806, 0.412378083162, 0.650378030581, 0.678115568276, 0.701060229391, 0.220621465018, -0.364974714462, 0.581772181608, -0.726866278287,  
354, 3231131.2962237583, 91.71112034757554, 136.98124927805367, 102.15388329992165, 55.12517652357215, -0.971487698207, -0.235098930802, -0.0306617835274, -0.188141715396, 0.685749852539, 0.703100159772, -0.144271782276, 0.688821916375, -0.710429461917,  
355, 1013449.8731022782, 62.311932605420665, 118.2568853840439, 69.11388591913793, 29.602058669975225, -0.965835184336, 0.130473036563, 0.223917805072, 0.233518972575, 0.812849123333, 0.533615209813, 0.112388994771, -0.567673400316, 0.815546212319,  
358, 2076766.0049558128, 79.14673167696823, 103.2764786714527, 80.58825047634255, 59.569754114413364, -0.305977783236, -0.413073100411, 0.857757663844, -0.927344269533, -0.0745592339922, -0.366706321722, -0.215430271621, 0.907640641633, 0.360247503428,  
361, 1069129.239317153, 63.43279763883905, 115.44340822299529, 62.6183207127502, 35.307831172191534, 0.807729584852, -0.507449159875, -0.300113758259, -0.306138623519, -0.796060686765, 0.522079042078, -0.503837335798, -0.329822275065, -0.798351555348,  
372, 1155798.439945572, 65.10252478229934, 151.69855103848704, 50.51966276240623, 36.00407180861131, 0.706650653772, -0.658674704562, 0.258442425105, -0.450396083359, -0.137035664329, 0.882249734937, -0.545699754095, -0.739843808024, -0.39350084893,  
382, 3175893.594644591, 91.1854987813294, 117.91283064171729, 93.08882780931783, 69.07465224953846, 0.498698962764, 0.550162205542, 0.66979167816, 0.796089032296, 0.0149267179417, -0.604995409693, 0.342843400399, -0.834924392197, 0.43053415906,  
391, 1575851.950560447, 72.18976057584234, 136.65905003697256, 73.71587788098586, 37.34456155297917, -0.1116804897, 0.136873300951, 0.984272913224, 0.756565792028, -0.63047581207, 0.173517874379, 0.644310228503, 0.764045777347, -0.0331418099056,  
437, 704942.4451598701, 55.210500447823215, 136.23075303509395, 43.65335539037298, 28.299076482242455, -0.70564103973, -0.246764561125, -0.664212296199, -0.641732675422, 0.619998813012, 0.451420696422, -0.300416205196, -0.744787703467, 0.595853489055,  
438, 3908576.901852456, 97.7184757271287, 133.7809275278872, 89.66866082252042, 77.7848763147896, -0.314198793966, -0.558454967994, 0.767728576121, -0.928768491282, 0.348321747413, -0.126732197495, 0.196642333877, 0.752861214967, 0.628117651022,  
446, 834261.9702562037, 58.398892692595076, 108.26757530555444, 70.22317037190501, 26.196000742445925, -0.290226973017, 0.0619035693414, 0.954953534072, -0.929846836426, -0.25409066082, -0.266125528412, -0.226170654423, 0.965197329144, -0.131304801477,  
454, 2530689.662642437, 84.53763499190379, 124.29881024429297, 91.43471448786194, 53.158436255898074, 0.712901967685, -0.328177340779, -0.61973415064, -0.124465573463, -0.928922080114, 0.34872925042, -0.690129774385, -0.17147420236, -0.703077159658,  
498, 2147044.0339159095, 80.02962478613601, 113.98413376350823, 76.85948853821311, 58.507352845633164, -0.491688235304, -0.833388960508, 0.252399524103, -0.827244696762, 0.356561592265, -0.434200463612, -0.27186189682, 0.422287427501, 0.864733737998,  
507, 2270938.787008769, 81.54029398073051, 119.36998386513667, 83.56784979678243, 54.347860956503744, -0.140983330475, 0.541488804168, 0.828802494862, 0.709713188264, -0.528394807342, 0.465946475444, 0.690239734391, 0.653902747001, -0.30980688587,  
517, 1831738.999958728, 75.90289273794554, 135.41733383215, 77.15873796508534, 41.85194138315863, 0.524491665713, -0.437875347672, 0.730187422857, -0.429557447302, 0.604374419383, 0.670978360801, -0.735111482746, -0.665580003528, 0.128896729354,  
526, 557204.3376581414, 51.047595830761374, 161.76407141625867, 32.1432945066103, 25.583114983774472, -0.734607058767, -0.301950576711, 0.60760045954, -0.593303422493, 0.720315041576, -0.359356772215, 0.32915576566, 0.624477453638, 0.708296824665,  
536, 3000477.0299718264, 89.47476485180097, 110.97217548463964, 97.51360209033254, 66.19457495134074, 0.479367312558, 0.868272479428, 0.127710144935, -0.19248210885, -0.0379588217714, 0.980566043478, -0.856246236443, 0.494633227067, -0.148930699516,  
557, 1941828.9623833913, 77.39402884468062, 130.06036163364163, 79.7045040997888, 44.71925334150257, -0.920881380736, -0.0482832819885, 0.386841320562, 0.123763276562, 0.904758593123, 0.407546978329, -0.369675714632, 0.42317917346, -0.827199645286,  
568, 1201503.2835511721, 65.9495926773576, 110.29302715847197, 73.00184889819599, 35.62496418757262, -0.862036672918, -0.401755874381, -0.30900645939, -0.102177388761, -0.459398708928, 0.882333614605, -0.496439881326, 0.792177406668, 0.354968168423,  
588, 2265570.7326372284, 81.47599486403267, 113.93573501169091, 78.5468729028839, 60.43661868419428, -0.255356741525, 0.415924757775, 0.872811279961, 0.953939569616, 0.255399961676, 0.157385377649, 0.157455492376, -0.872798633962, 0.461985186424,  
593, 1737305.3192422024, 74.57544382599335, 108.0899407911917, 90.27618284214367, 42.50392862850205, 0.449487625656, -0.774053173936, 0.44587280507, -0.8193601733, -0.158436508325, 0.550950795662, -0.355822681673, -0.612975983827, -0.705443592684,  
596, 1934498.23845912, 77.29651429818634, 119.89188874352841, 71.75150554204366, 53.68573571462627, 0.932980306575, -0.355243797368, -0.0578756596104, 0.165722267362, 0.281244837954, 0.945218213549, -0.319505677014, -0.891461264193, 0.321267702703,  
617, 990736.1786368637, 61.84289396146559, 110.61930358817834, 65.8349214618011, 32.47746857788787, -0.0472796795777, 0.991720530299, -0.119394395524, -0.106805636759, 0.113823671613, 0.987743249907, 0.993155168066, 0.0594521788001, 0.100539796004,  
645, 755387.2447572155, 56.49721143493261, 117.77630864714922, 61.30360528897307, 24.976816494386632, 0.750362106199, -0.396166324625, 0.529158721759, -0.477663292899, 0.228397609811, 0.848335022529, 0.456940355186, 0.889318151769, 0.0178531996076,  
654, 1301890.1675393342, 67.73740879119977, 127.0953228591217, 105.63556260411929, 23.1497347570184, -0.305745767154, -0.815619941793, 0.491206307388, 0.0622868213037, 0.497672173198, 0.865125863627, 0.950073617021, -0.295104250351, 0.101358786819,  
656, 2011244.7472878576, 78.30547070747787, 118.27064272664512, 114.62129119890017, 35.4188177077171, 0.510895060442, -0.274059897838, -0.814786726459, 0.23093554237, -0.869222835381, 0.437173235368, 0.828042880826, 0.411512861097, 0.38079148187,  
658, 632804.2167001942, 53.25907079000993, 114.12382948188753, 105.29012041517056, 12.572359662526333, -0.373830276464, 0.604896860945, 0.703100783684, -0.81965687549, 0.139313241096, -0.555656753147, -0.434066274733, -0.784022709157, 0.443728363602,  
662, 1712622.0204576051, 74.22057333201094, 147.43415570511934, 68.89857294742473, 40.24987913974664, -0.368659902271, 0.537786052443, 0.758205802045, 0.927162202163, 0.154131147461, 0.341487686838, -0.0667841847816, -0.828872578374, 0.555436874436,  
687, 770010.0265158018, 56.85944160388909, 108.99914281812347, 89.20588820872655, 18.905630543117443, -0.116533311061, 0.405703157907, 0.906545605625, 0.809297311749, -0.49031644528, 0.323461967909, 0.575723760677, 0.771359015733, -0.271196276226,  
691, 651597.9516963721, 53.78118499051843, 83.8286270712837, 60.0772194358896, 30.887938489838795, 0.768601337319, -0.489648303225, -0.411699554797, -0.493667923014, -0.863276733116, 0.105096450212, 0.406870945212, -0.122465591942, 0.90523931241,  
696, 383265.12852308963, 45.0612843324709, 126.6496130710359, 94.38869566698224, 7.653971580099253, 0.762436484917, 0.257370790862, 0.593675738496, -0.592429591169, 0.646639545969, 0.480504398623, 0.260226412908, 0.718065159717, -0.645495654847,  
699, 536314.1711646531, 50.40151076330203, 115.00221469796062, 62.86394898146234, 17.7101728647849, -0.181517356569, -0.238290261588, -0.954080290383, -0.981263492172, -0.0198459209992, 0.191645762674, 0.0646019209896, -0.970991189791, 0.230223155118,  
717, 2030853.7241614952, 78.55913233432067, 105.4339846157165, 83.97337827046724, 54.760548456008976, -0.919429776102, -0.184964751814, -0.347040238882, 0.110722909068, -0.968540460113, 0.222867257648, -0.377345099643, 0.166485487987, 0.910984773784,  
768, 1125138.6918877999, 64.52170226712032, 123.15435395580883, 76.21904212817554, 28.615688099686245, -0.101882135514, -0.288576466276, 0.952020826229, 0.595935116916, -0.783984590523, -0.173866322929, 0.796543386696, 0.549628770111, 0.251846874462,  
776, 2356691.77299608, 82.55398817132676, 120.66619667810747, 73.96499352645574, 63.03798587767407, -0.987299712057, 0.0280121395104, -0.15637966176, -0.0677634163088, 0.816046289337, 0.57400049919, 0.14369202477, 0.577307347692, -0.803784068216,  
788, 680890.9248166975, 54.57532267665145, 99.23619276053677, 63.748156900164744, 25.69515309233942, 0.340278923611, -0.831632105613, 0.438860222691, 0.564751822275, 0.553907488005, 0.611753115211, -0.751841494854, 0.0396804189293, 0.658148790905,  
789, 3689816.3727679322, 95.86028476230845, 126.71517426679569, 103.41778085264787, 67.21903984350492, -0.824459024066, 0.0573260873521, 0.563010690258, -0.54454972868, -0.351180422698, -0.761667843426, -0.154054894863, 0.934551245477, -0.320750773883,  
790, 2456592.4213406066, 83.70437657189699, 98.60428595423859, 86.48359771808447, 68.77252311229984, -0.207157450024, 0.488123081909, 0.847833502409, -0.508264213243, -0.794193448082, 0.33305293357, 0.835914637051, -0.361929031622, 0.412618583723,  
791, 1339034.1868758127, 68.37557926330855, 143.4998724602646, 71.0337055849765, 31.360795451703748, 0.0840640526473, -0.85089705491, -0.518562857325, -0.93229092247, -0.250892723473, 0.260550335228, 0.351805160468, -0.461548527517, 0.814374659365,  
792, 2598149.0593074, 85.28221758315556, 102.41813985758516, 79.94788333975306, 75.75156337646504, 0.468934027691, 0.164823110972, 0.867717822661, -0.530739204941, -0.732694363595, 0.42599866889, 0.70598638373, -0.660297138905, -0.256107232114,  
793, 1172333.2548688757, 65.41150753553748, 101.98530224354033, 71.54320969346597, 38.358045291298644, -0.0660803129792, -0.782811468047, 0.618740331424, 0.976860452942, -0.177165195279, -0.11981714844, 0.203413489511, 0.596505405739, 0.776404696797,  
794, 2466949.669680355, 83.82184708023854, 93.33512982682196, 86.43954842657317, 72.99851990112352, 0.0706162773565, 0.94750752642, 0.311837824436, -0.316458974476, -0.275188690138, 0.907813252984, 0.945974132229, -0.162790270585, 0.280414459251,  
795, 1694095.2091295023, 73.95196784996901, 117.26467413781417, 69.67508652546573, 49.49991887984085, -0.978518964486, 0.101876584948, -0.179225549461, 0.147835720123, 0.952677651042, -0.265612298398, 0.143684501586, -0.286402609353, -0.947274146887,  
796, 1629523.312775763, 73.0001898517371, 91.80982161935029, 71.88666782406082, 58.94330345233163, 0.3882033493, -0.81794386019, 0.424577438367, -0.263607816408, 0.342904003779, 0.901625068042, -0.883067992128, -0.46193580265, -0.082499912173,  
797, 2352754.4388221595, 82.5079881205468, 154.98384847433, 105.52484298255057, 34.34368061421099, 0.279982396412, -0.315947435222, 0.90652472436, -0.143088062161, 0.920009432815, 0.364840307531, 0.949281656921, 0.23186172972, -0.212378139471,  
798, 1159998.069709239, 65.18128015880784, 100.3682884446586, 81.04680068003003, 34.04366146504997, 0.261637031397, 0.136097425417, -0.955522660431, 0.303212898595, 0.928295239055, 0.215243785677, -0.916301261555, 0.346042540654, -0.201609915755,  
799, 1012180.1775070962, 62.28589933299913, 133.13545285380135, 67.57680133130376, 26.858259623783848, 0.384465231937, -0.708174542004, -0.592178438892, 0.394137657544, -0.454151651126, 0.799000491042, -0.834770622589, -0.54058773186, 0.104512735233,  
800, 3278372.7556017833, 92.15592038261613, 111.45115558612554, 85.34715371912293, 82.28034510780792, -0.957498374983, -0.248140518271, 0.147048104705, 0.0602082095676, 0.326633918307, 0.943231283892, -0.282084798253, 0.911995924664, -0.297811349667,  
801, 2182463.2422473426, 80.46730252286105, 104.57541661802973, 89.93875118253774, 55.39644204832026, 0.882352432446, 0.300602299075, 0.36206690369, -0.351722329083, -0.0898958612919, 0.931777944227, -0.312642908414, 0.949503550237, -0.0264087088805,  
802, 3217969.3577179466, 91.58642316870056, 99.69657366816992, 88.39117903529527, 87.177444728076, 0.663091014581, 0.602667425123, 0.443962026617, 0.601696228397, -0.781956200205, 0.162807093502, -0.445277391201, -0.159174356156, 0.881130846826,  
803, 3280878.8384894663, 92.17939661802119, 112.72909425455674, 105.95635864779968, 65.57503646855892, -0.579730976979, 0.479222242718, -0.658982576716, 0.814803767928, 0.34355300806, -0.466975535144, -0.00261038324432, 0.807661669722, 0.589640410048,  
804, 3217788.555519048, 91.58470786991107, 130.37935173461858, 96.34767256804541, 61.15315219411642, -0.0785072011617, 0.0908265399052, 0.992767424433, -0.278312856277, -0.958243608805, 0.0656592736388, 0.95727664413, -0.271145211709, 0.100507217505,  
805, 3638066.220772846, 95.41002219311575, 114.04726519574317, 103.46997909454423, 73.60083708389118, 0.124692314869, 0.331924646619, 0.935028264588, -0.52230012223, -0.779285485487, 0.346289928279, 0.843596117186, -0.531545069656, 0.0761933723708,  
806, 2828604.261810049, 87.73263917831754, 111.93234078212332, 83.41288567354879, 72.32606713335916, 0.901412145924, -0.103946761393, 0.420298957858, -0.210642333914, 0.742831305571, 0.63547734706, -0.378267035761, -0.661359752525, 0.647701572792,  
807, 122893.15876728784, 30.842272216424387, 86.33411350823133, 53.05817152855426, 6.404782476371145, -0.115213202117, -0.90568889373, 0.407987188319, 0.0574853943947, 0.403954797377, 0.91297094757, 0.991676029502, -0.128639610738, -0.00552295753863,  
808, 3514883.9731445587, 94.32079690144033, 124.85808973229449, 93.46858940981372, 71.9018408533134, 0.471804576534, 0.336773071897, 0.814852342211, 0.394431141767, -0.907164822526, 0.146547122712, 0.7885585051, 0.252261536537, -0.560838302203,  
809, 2207782.32763703, 80.77727801067662, 132.9606686017808, 73.93855882468945, 53.61341506685833, 0.370881859442, -0.565868098964, -0.736369432358, -0.51483801133, -0.785203116106, 0.344089942526, -0.772909094543, 0.25149425646, -0.582547998487,  
810, 2683343.954932277, 86.20436262827627, 110.45695835774445, 90.59795990211705, 64.01418744796045, -0.0956227871556, -0.947217380471, 0.305999210311, -0.7621076286, -0.128089508075, -0.634653480531, 0.640350095655, -0.29389166721, -0.709633315832,  
811, 3202646.4897226696, 91.44082409903847, 119.0202597571828, 84.30033272943858, 76.20267408519493, -0.326776665559, -0.561149138626, -0.760479227241, -0.945085242485, 0.198750931112, 0.259445469837, -0.00555835258624, -0.80349842041, 0.595280936294,  
812, 1076256.8393948576, 63.57344873206013, 90.38329384924508, 83.47194556328655, 34.0563903120382, 0.500182209769, -0.413068024765, 0.761047018224, -0.740691990108, 0.251168278874, 0.623129096959, -0.448545574964, -0.875379519182, -0.180326272562,  
813, 2563308.6045716396, 84.89929724041072, 119.22690243345897, 78.62918753417428, 65.27610569400613, 0.226068060573, -0.899396683586, 0.374137458087, -0.555250937936, 0.196599030542, 0.808112131521, -0.800368432604, -0.390428516819, -0.454946090592,  
814, 2472760.39996554, 83.88760767439398, 133.5492345169459, 87.34390244438931, 50.608030096661714, -0.80991743886, 0.550770911147, -0.201705591556, 0.582039787918, 0.712145467506, -0.392528366352, 0.0725494831896, 0.435316248887, 0.897349617453,  
815, 2210155.3965193466, 80.80620921509474, 103.44188576233253, 81.98787985156066, 62.21399867113731, -0.0797338102398, -0.940689483871, 0.329766302764, -0.996803941775, 0.0736033372612, -0.0310556018445, -0.00494177767069, 0.331188531924, 0.943551660035,  
816, 2304836.1793696005, 81.94399837003206, 150.53736001099443, 62.89607790776181, 58.11437791830078, -0.736783499474, -0.190371953313, 0.648774686849, -0.647723382983, -0.0764694788298, -0.758028256693, -0.193918782074, 0.978729246625, 0.0669669154096,  
817, 2888845.386512488, 88.3510868713911, 134.02776691763705, 82.22817524325735, 62.57779480370407, 0.393405751152, 0.904878884743, 0.162561123601, 0.299420341356, -0.293284903537, 0.907926992957, 0.869240688269, -0.308509593536, -0.386319112334,  
818, 2633663.62423221, 85.669039690328, 124.9054766526655, 86.7447791910485, 58.029238191419154, 0.820007031198, 0.498467948644, 0.281279528159, -0.141295720064, -0.299931966079, 0.943438569922, 0.554638610518, -0.813369854309, -0.175514933334,  
819, 1527326.1590074168, 71.44103322089309, 109.0937560270119, 73.2849537496057, 45.606681038890095, 0.277601318996, 0.013304887744, 0.9606042305, -0.8270205852, 0.512110594058, 0.23190448704, 0.488850139968, 0.858816464337, -0.153165992431,  
820, 377171.68069745746, 44.82120098022727, 122.44143913151129, 76.40683133983626, 9.62475875594149, 0.727088349472, 0.495113453355, -0.475610345104, 0.244223160045, 0.460919216208, 0.853175552995, 0.641636641847, -0.736489066068, 0.214210819994,  
821, 490961.59379146225, 48.93876103414279, 121.7914650058053, 61.36251034429504, 15.683353733149378, 0.169635692263, -0.127144700698, -0.977270667213, 0.251590401797, -0.953196909463, 0.167683993016, -0.9528515108, -0.274317110065, -0.129707831264,  
822, 477341.28034755506, 48.48195544604872, 132.9373494468031, 46.36771170893598, 18.487479497752616, 0.667879693423, 0.727354448413, 0.157772689292, -0.483781937208, 0.263169995773, 0.834683527186, 0.565589738542, -0.633795755507, 0.527646840185,  
823, 2231527.72115687, 81.06584095437893, 127.18596306987229, 79.90133321695092, 52.422830711293095, -0.732192917082, -0.403397276233, -0.548784265174, -0.634831990181, 0.112307012116, 0.764444556049, 0.246742530623, -0.908106696681, 0.338319894515,  
824, 1762689.7276746393, 74.93690545118771, 118.95740047341684, 73.5514273150457, 48.09552770893584, -0.379439111141, -0.7502000169, -0.541503366176, 0.0740032389619, -0.60800514163, 0.790476608366, -0.922252395801, 0.25986473865, 0.286218161629,  
825, 1394069.3693573119, 69.29979106048806, 90.2164256123758, 84.19684354622298, 43.81414576794357, -0.49889646509, -0.708962483131, -0.498472180401, -0.865686526211, 0.434933058151, 0.247830735108, -0.0410993364665, -0.55516252795, 0.830725834498,  
826, 2021235.792728932, 78.4349198308444, 117.62411688915067, 71.08411013920103, 57.71111485826721, -0.685548740417, -0.540862432605, -0.487330230449, -0.26540223132, -0.437653368662, 0.859081593627, -0.677926677542, 0.718280834977, 0.156486619175,  
827, 2378735.86701973, 82.81058841653335, 131.5729155263397, 88.64747802443554, 48.68831319619386, 0.659685930727, 0.499517067831, -0.56151328724, -0.479980373722, 0.854952501816, 0.196659758161, 0.578302095486, 0.13978168186, 0.803758525786,  
828, 2206935.91700391, 80.76695400284588, 104.55500473150389, 82.3135245266284, 61.21883906805091, 0.133509776262, 0.968202334881, -0.211564123551, -0.913025675751, 0.203187551597, 0.353693277142, 0.385433853031, 0.145941966573, 0.911121115621,  
829, 2986828.1352051203, 89.33888777976848, 109.72288208658952, 92.7138139285814, 70.09385903188733, -0.93695770958, -0.327792074846, 0.121089248599, -0.207448866186, 0.800619864555, 0.562114579421, -0.281203162102, 0.501557761527, -0.81814704881,  
830, 2241486.6129257455, 81.18625590833241, 98.88367893750211, 76.2516722515194, 70.96979516907598, -0.853038081869, -0.307691274553, -0.421487971887, 0.0556794815228, -0.856736637096, 0.512739826807, -0.518869758436, 0.413918366614, 0.747961068211,  
831, 1347984.1100005, 68.52757881978258, 94.65140140181695, 69.08032166796352, 49.216957602613775, -0.624915117546, -0.311569310904, 0.715825160473, -0.147338894547, 0.947501546557, 0.28378172849, -0.766663124206, 0.0718706043836, -0.638014318185,  
832, 436336.05228748557, 47.05193585213991, 112.89085425027059, 77.35431885883013, 11.92859141352458, -0.938749314586, -0.143628463933, -0.313242060894, -0.344025231437, 0.443130413157, 0.827817659313, -0.019908905038, -0.884876432777, 0.465400187168,  
833, 2027991.961452695, 78.52221464539568, 123.18832588472843, 70.54309735784075, 55.712614827237275, 0.136372089634, 0.082242101455, -0.987238010774, 0.36056964324, -0.932316136341, -0.0278595457891, -0.922709155445, -0.352168792862, -0.156795904893,  
834, 659726.3904196313, 54.00389480197435, 87.26101816200847, 51.37797601301825, 35.12998627582334, 0.599580423076, -0.310728167131, -0.737530556937, 0.537193489838, -0.526844239315, 0.65867921022, -0.59323390896, -0.791127773278, -0.148964343411,  
835, 1125256.4219591857, 64.52395262071093, 91.67056450708316, 70.35642404643477, 41.651363912771416, -0.00635732274316, 0.862188059413, 0.506548452424, 0.98389236015, -0.0851048146251, 0.157203670972, 0.17864884015, 0.499388546859, -0.847759205895,  
836, 3157255.714237157, 91.00677324655909, 100.75559726534874, 95.977026376956, 77.94435662873083, -0.902758309806, -0.423907593103, 0.0730053873781, 0.0435587624482, 0.0787579034182, 0.995941678445, 0.427936991029, -0.902274650624, 0.0526344616257,  
837, 2068869.6528444886, 79.04629278422958, 130.81705433904185, 77.10277842738599, 48.967747367273844, 0.332282731643, -0.326005473188, -0.885047240379, -0.415022058756, -0.893176412937, 0.173183677403, -0.846962146142, 0.309768182394, -0.432086560978,  
838, 1347375.9641656023, 68.51727181638014, 117.47191355615064, 75.59006175099478, 36.22442020516838, -0.982742166642, 0.162232092977, -0.0888739664482, 0.167427726391, 0.984378788948, -0.054464266308, -0.0786497955457, 0.0684042972139, 0.994552694322,  
839, 1084798.715609889, 63.741192520921885, 122.37860116809304, 63.47965809415095, 33.33653746129021, 0.420266843293, 0.573185727733, -0.703444313327, -0.438525842867, 0.806986152727, 0.39556091117, 0.794399688801, 0.142237374944, 0.590506277361,  
840, 2330269.1673722146, 82.24430340078037, 103.87959827810462, 98.50445432970672, 54.366496700183234, -0.532406964245, -0.370039268845, 0.761323691958, 0.345157318591, -0.916126954835, -0.203906419829, -0.772922538063, -0.154215246125, -0.615474132695,  
841, 3046915.687424986, 89.93400673515748, 116.03660934599752, 88.25407518089384, 71.03003509090384, 0.761810655749, -0.632947022022, 0.137922413339, -0.596003797061, -0.768249901727, -0.233605570109, -0.253818830422, -0.0957609305018, 0.962499789877,  
842, 3278957.695193753, 92.16140099192917, 110.8611306646982, 105.71339521040319, 66.79406566916221, 0.690837999173, 0.458687632203, 0.558881485614, -0.335988177679, -0.480786752018, 0.809911133115, -0.640199034175, 0.747294958599, 0.178032136126,  
843, 1096535.1083034729, 63.970239592765445, 137.05869905218682, 58.06105902485701, 32.89594551768356, -0.806150346486, -0.248968804229, -0.536783153034, -0.157592060621, -0.78406626134, 0.600337272087, -0.570338812716, 0.568554863095, 0.592839781358,  
844, 1339452.7641165014, 68.38270317392993, 107.70306350089119, 70.61914170538383, 42.04247765735006, 0.803913244671, -0.526486392296, 0.276650634862, -0.537167455297, -0.443082717833, 0.717724759311, 0.255293204006, 0.725596157573, 0.639011420949,  
845, 859934.050982734, 58.991872137120126, 116.1121684447923, 65.54585168547618, 26.97451160116276, -0.577984257955, -0.701110089371, -0.417586925248, -0.815986447204, 0.490258980963, 0.306287854092, 0.0100157643206, -0.5177748296, 0.855458304243,  
846, 3413829.262121665, 93.40806936090304, 114.15323289950419, 96.91125175325702, 73.67001676710959, 0.0652785992962, 0.986658946554, -0.149140295221, -0.234496133859, 0.160441624121, 0.958785715608, 0.96992281532, -0.0276153659082, 0.241841112896,  
847, 2623749.9919046187, 85.56141278088681, 122.57065576448208, 91.70431163995167, 55.72596220441464, -0.953173692393, -0.155525189553, 0.259368131319, -0.00917638847666, 0.872111110053, 0.489221836816, -0.302284147822, 0.463933321866, -0.832700526503,  
848, 1464169.1009462296, 70.44241058630048, 137.6636392393543, 71.59773310819422, 35.46370533726535, 0.8066642381, 0.590997254252, -0.0038797470684, 0.244905309217, -0.328287399693, 0.912276697455, 0.537879351237, -0.736851157745, -0.40955607045,  
849, 438757.69577133894, 47.1388206191379, 148.3638920609603, 75.81824977963402, 9.311811270294724, -0.0636269425462, -0.817287002688, -0.572707226616, -0.989035088367, 0.128275957615, -0.0731769955488, -0.133271175285, -0.561771513993, 0.81648732991,  
850, 2297496.18049282, 81.85691937295422, 116.19358671895633, 82.41593188724687, 57.27602331796519, 0.134225979017, 0.373725873157, 0.91777576689, 0.819759818397, -0.562228813175, 0.109053206181, 0.55675598488, 0.73771792263, -0.381831166789,  
851, 2416870.135761439, 83.250765455189, 137.00786248755088, 70.52232158313726, 59.71626195836745, -0.999046189563, 0.0168844202451, -0.0402694359515, 0.0360609897671, 0.839068958313, -0.542828599295, -0.0246234874842, 0.543762999429, 0.838877514489,  
852, 1324729.608464296, 68.13122714217849, 112.89505896978974, 87.83254992219189, 31.893942570068265, -0.634851954157, 0.744427002558, 0.206860905359, -0.302557640314, -0.485880546475, 0.819987176024, -0.710930285324, -0.457983113684, -0.533694291697,  
853, 2642483.639838706, 85.76456699227262, 136.49858897067335, 103.25003651878188, 44.76157114386845, -0.818178419604, 0.569157727859, 0.0815080027561, -0.429097799613, -0.698800068114, 0.572322936087, -0.382699819782, -0.433287370717, -0.815967464006,  
854, 2117765.6269300478, 79.66418092487262, 123.17862516985888, 84.51152202522023, 48.56663456471585, -0.775397560287, -0.18044363771, -0.60514355083, 0.0541449592377, -0.973773178479, 0.220984434438, -0.629147794155, 0.138585318432, 0.764831460274,  
855, 1681682.9632462538, 73.77091526505487, 137.16975878845756, 103.05214796602786, 28.401422457432894, -0.930639792434, -0.320537046533, 0.17653775386, 0.128849616069, 0.164499368324, 0.977925219155, -0.342501610473, 0.932842944777, -0.111788582611,  
856, 703791.8587046658, 55.18044643574113, 121.10638188319551, 58.97394162702449, 23.524935657960963, -0.813461226214, -0.501932440129, 0.293844617089, -0.115774581276, 0.634847034033, 0.763914582732, -0.569979894186, 0.587395155689, -0.574534464847,  
857, 149185.6217670268, 32.901279414185645, 119.64962651984463, 40.1300788015339, 7.417490512476493, -0.794327371314, 0.190617697647, 0.576809258356, 0.533645029826, 0.672660691364, 0.512592017531, 0.290287804297, -0.714977263721, 0.636034985704,  
858, 2464001.9440781455, 83.78844790101813, 131.40055169671464, 100.38522200478525, 44.594927726068676, 0.620658928294, 0.784078260687, 0.00194315423055, 0.568698299168, -0.451872271031, 0.687309024527, -0.53978212202, 0.425479414063, 0.726362532731,  
859, 2827137.0632207426, 87.71746756541144, 103.74680367069101, 88.79846876053637, 73.26187889939044, -0.729895170618, 0.676960618109, -0.0947489389827, 0.65704180071, 0.733040761713, 0.175918486201, -0.188544721559, -0.0661480400163, 0.979834335372,  
860, 726660.8487218071, 55.77176440877713, 96.19719272295372, 63.77901770789306, 28.275020460829346, 0.448767382537, 0.717085140883, 0.533288605819, -0.438582383592, -0.343213349845, 0.830572145747, 0.778622712984, -0.606624675737, 0.160477953665,  
861, 1519056.7615487997, 71.31186549795041, 117.12461234727614, 85.21677304684275, 36.33391048206179, 0.413187008333, 0.258327010578, 0.873237454391, -0.577556528965, -0.667048293183, 0.470611336893, 0.704063173298, -0.698794483498, -0.126417237107,  
863, 1315789.4202036795, 67.97761557342899, 103.19272992284253, 76.94745512159687, 39.55983012930229, -0.142382865198, 0.405650674322, 0.902870228837, 0.183890830105, 0.907124397383, -0.378562399448, 0.972579704858, -0.112128756768, 0.203754410024,  
864, 3585898.812942388, 94.95178651445359, 118.63429822107443, 105.55147137441416, 68.3651646226826, -0.22861512721, 0.455150258589, 0.860565724229, 0.947659194396, -0.0983377936809, 0.303762620497, 0.222883769907, 0.884967751074, -0.408845820171,  
865, 1750534.929861329, 74.76426311951037, 109.35358488914457, 69.32403971842726, 55.12711747984133, -0.576918872793, -0.593676118771, -0.560993119581, -0.09530494594, -0.63319888466, 0.768099042927, -0.811222276256, 0.496596252973, 0.308724116387,  
866, 3047579.492924953, 89.94053731226184, 113.08518649662753, 88.97508657557105, 72.30898999640495, -0.203731295978, -0.885041970445, 0.418562145432, -0.846593787559, -0.0554605628403, -0.529342124563, 0.491703689132, -0.462195669083, -0.737971981565,  
867, 3129273.276469921, 90.73711374286151, 97.7877494104704, 88.25385371549238, 86.56388763106911, -0.376995093938, -0.920367475996, -0.10391538998, -0.907079510726, 0.344187359264, 0.242367124304, 0.187300454796, -0.185630737895, 0.964603425653,  
868, 2550075.366374684, 84.75294582152898, 117.63161305192591, 105.32070757796656, 49.1390307706415, 0.371810462936, 0.50820406353, -0.776843362244, 0.186447131527, 0.778903100838, 0.598788298692, -0.909392350307, 0.367475971074, -0.19485113263,  
869, 2620765.699729813, 85.52896086716278, 105.8591907239694, 78.74752374567805, 75.05404636441509, 0.891384809939, 0.145995322829, -0.429090300895, 0.334917182367, 0.425709428362, 0.840596195304, -0.305390899612, 0.893004394343, -0.330574575728,  
870, 1326081.8418634627, 68.15440117726203, 112.455735871066, 56.818433821804874, 49.54625674400213, -0.518630935964, 0.572493559544, -0.635037854416, 0.810010721028, 0.566746626589, -0.150601769811, -0.273687018474, 0.592494207171, 0.757658254352,  
871, 3044870.4285084135, 89.91387933202311, 104.07663683820948, 96.44197006506893, 72.42039410608315, 0.109725845905, 0.771021296793, 0.627284942137, -0.726357105537, -0.368601744688, 0.580119047308, 0.678502464238, -0.519286928108, 0.519591659208,  
872, 526259.6847771818, 50.08455629384328, 130.99545224659872, 79.02737860771154, 12.136059500931696, -0.401983306005, -0.847763113152, 0.345987175588, 0.0262148600342, 0.367050480824, 0.929831557671, -0.915271655197, 0.382846768962, -0.125324174399,  
873, 2319237.8158214306, 82.11431823845867, 119.24656460871304, 82.1170155917623, 56.5428429560151, -0.105350894795, 0.76978961838, 0.629543590548, 0.988855236536, 0.148063940797, -0.0155688988608, 0.105197481633, -0.620887278715, 0.776809163816,  
874, 1827489.5611204754, 75.84415175548926, 103.03858612290624, 85.90735321006048, 49.28741783981281, 0.923891303824, 0.382434944303, -0.0129758273054, 0.316671610642, -0.745103617807, 0.586975033323, -0.214811428307, 0.546410204981, 0.809501042718,  
875, 2697618.836192237, 86.35695598163183, 105.05845422401609, 90.16780117430885, 67.98443466645212, -0.0431588425657, -0.992536074632, -0.114058997288, -0.486662150155, 0.120590783272, -0.865227030667, 0.872523504506, 0.0181659996648, -0.488234298817,  
876, 2401978.25640702, 83.07942602910698, 114.91951977580722, 85.03146398644665, 58.68228327399027, -0.989365201703, -0.0801388930489, -0.121384741548, -0.1453645248, 0.51571246113, 0.844339867805, 0.00506483855541, -0.853005518889, 0.521877315233,  
