# Void_ID, Void_Volume, r = (a*b*c)**(1/3.0), a, b, c, vector_a, vector_b, vector_c 

8, 415868.94117359526, 46.3044388822276, 100.87316758651937, 77.17750802167113, 12.75268014674923, -0.350825147312, 0.609246006687, 0.711154708449, 0.740954356922, 0.644984874089, -0.187032492246, -0.572632829108, 0.461317478026, -0.677700396558,  
19, 2673055.760678624, 86.09404963405522, 134.74565441434913, 90.48510345437694, 52.33925707782798, -0.0508275447694, -0.878022218715, -0.475913378816, 0.13650122684, -0.478164866375, 0.867597703798, 0.989335118028, 0.020864898946, -0.1441550562,  
38, 859430.129176462, 58.980346796172604, 131.707693876136, 99.54098650063413, 15.649803156709645, -0.455100380589, -0.379729327812, 0.805412491328, -0.730325775855, 0.676648836332, -0.0936515531763, -0.509419183688, -0.630834360106, -0.585269258889,  
41, 1213409.9906791938, 66.1667269974986, 123.69666470300596, 62.87230482517102, 37.247882278875025, -0.596297200645, -0.583888835421, -0.550911495953, 0.00341517909559, -0.688107457594, 0.725600760305, -0.802756491755, 0.430792240731, 0.412310635651,  
63, 2895875.7087142807, 88.42269949819618, 111.9263668855125, 104.19214181347412, 59.28214866822132, -0.778520609309, -0.331225566599, 0.533099695097, -0.0466820225413, 0.877607158841, 0.477102152083, 0.625880539443, -0.346547686159, 0.698697539401,  
71, 707759.705038638, 55.28395116356032, 99.83022633470819, 67.52785668575207, 25.064105081545904, 0.928690260709, 0.0981436502934, -0.357634203582, 0.303119542083, 0.354720288445, 0.884472758299, -0.213665492937, 0.929807152517, -0.29967601882,  
83, 1126334.8219100605, 64.54455841610132, 124.65880508506399, 66.10854596854728, 32.62859226808025, -0.831626268621, 0.156559294324, -0.532810413468, 0.555277992605, 0.220594085252, -0.801875676449, 0.00800626426898, 0.962718773533, 0.270385766674,  
85, 576188.7252423203, 51.62087742409731, 127.49491027076192, 78.64184005200367, 13.719226694807167, 0.535543541793, 0.750364381277, -0.387487303216, 0.29018040697, 0.267391378511, 0.918856453484, 0.793087918363, -0.604528862841, -0.0745413156424,  
87, 1337324.8350362238, 68.34647179356827, 114.17114856580842, 75.57151064787504, 37.00273510841314, 0.588916858119, 0.308498806862, 0.746997604005, 0.725888458046, -0.608279027701, -0.321064745705, -0.355334885283, -0.731317380229, 0.582161497075,  
101, 2027974.3974247118, 78.52198795640429, 102.0224685285432, 90.16465678473129, 52.63100914030136, 0.612979474751, 0.783089265971, -0.105011261564, -0.480715233704, 0.475120992831, 0.737002650101, -0.627031919139, 0.401286984205, -0.667682356131,  
114, 1958560.5113013939, 77.61567907297625, 136.37434708551658, 71.2343916500352, 48.13112142579929, -0.483204511147, -0.613303661189, -0.624797582885, -0.874057046212, 0.296868050277, 0.38456942246, 0.0503753945275, -0.731934409559, 0.67951036764,  
222, 2934642.9518210418, 88.81552489043528, 131.62729843197002, 92.93708847104425, 57.2705863803545, 0.185996318287, 0.81974998625, -0.541678252865, -0.799292458265, 0.446860919966, 0.401804535026, 0.571434104464, 0.358225178136, 0.738334467572,  
236, 935415.2081879413, 60.669712798285445, 121.02378226411884, 47.64837213462737, 38.72549946095737, -0.178556214404, 0.974823505354, -0.133554527092, 0.941879444861, 0.208600737785, 0.263341685923, -0.284571238263, 0.078770969303, 0.955413180121,  
239, 2132555.0447654217, 79.84919586257529, 101.61285679595171, 82.19970278340946, 60.95266963283339, 0.712835718275, -0.113695837437, -0.692053823991, 0.54196502027, 0.715596509502, 0.440676244415, -0.445128246188, 0.689198731962, -0.571721918687,  
249, 727431.969429401, 55.79148546515879, 122.76151576757464, 48.33331696419828, 29.268127063151574, -0.421320505986, -0.90521723438, -0.0554147075855, -0.856844969094, 0.377296199235, 0.351374838288, 0.297162800792, -0.195523238067, 0.934593458784,  
259, 1615013.794641832, 72.78287538409664, 121.65027700911016, 84.0094983516428, 37.72646673235853, 0.689082015935, -0.35009469388, 0.634507431502, -0.630855006496, -0.72068072125, 0.287473927161, -0.356634176845, 0.598375303079, 0.717467114627,  
282, 1366636.2591057073, 68.84220569171815, 129.93994785947277, 94.63371366401758, 26.532352489988213, 0.0652428481008, -0.581424963148, -0.810979890626, 0.029864773196, -0.811209651599, 0.583992291451, 0.997422411064, 0.0623210508632, 0.0355615034222,  
286, 1518595.8702226623, 71.30465261302712, 121.80172341979615, 82.11629375911095, 36.24689687215957, 0.714168507235, 0.516280882509, -0.4726704916, 0.152872360632, 0.543926933535, 0.825090014684, 0.683076411999, -0.661511557973, 0.309530408909,  
296, 2709125.8078669165, 86.47956997635116, 127.02870486548292, 102.20682749711759, 49.81484530567724, -0.713744834107, -0.614412012996, 0.33625316366, -0.70037742329, 0.621764955819, -0.350542158178, -0.00630687959863, 0.485701778874, 0.874101827746,  
312, 390554.00331481156, 45.345148466425734, 93.23465558603336, 60.31444871980437, 16.5803521769755, -0.943198964906, -0.0709990348103, 0.32455330788, 0.156592905637, 0.766569559982, 0.622775859851, -0.293009171365, 0.638224291895, -0.711909670345,  
313, 1304897.503670124, 67.78952596371461, 132.3888268970544, 63.44225465997654, 37.090086676588605, 0.726260920261, 0.55600635264, 0.404230146729, 0.580961615576, -0.810790412893, 0.0714318387605, -0.367462483702, -0.182964046154, 0.911863740307,  
315, 523944.6429741302, 50.01100687729879, 134.07570978623144, 55.430980092691726, 16.830388177168278, -0.465561404459, -0.755634556791, -0.460726594914, 0.107425536563, -0.56498622013, 0.818077212222, -0.878471589052, 0.331371374211, 0.344210225853,  
321, 1069855.2488690508, 63.4471527466916, 104.72085680943036, 78.01916357224087, 31.260932992001905, -0.814909733192, 0.477784840435, 0.328091104725, 0.186841337727, -0.31929696744, 0.929053153, -0.548646007245, -0.818395437936, -0.170928247813,  
347, 1119038.9398260252, 64.40489303659552, 164.98822730340027, 92.40838543553384, 17.52234597950902, -0.957189059271, 0.0500387034396, 0.285105652295, 0.235787048705, -0.436554965264, 0.868230516606, -0.167909417472, -0.898284971744, -0.406067158316,  
372, 2307861.194570952, 81.97983222185412, 122.99928498904563, 93.47351208837003, 47.92144751482083, -0.234742528162, 0.787435417154, 0.569948602317, 0.89265669597, -0.0574722227151, 0.447058124583, 0.384785613832, 0.613711990617, -0.689418322908,  
388, 2557522.39041597, 84.8353674152297, 112.9337422656124, 78.23906895864374, 69.10085833433045, -0.0507388918391, 0.146621136183, -0.98789058467, -0.118126645232, -0.983102196263, -0.139843367341, -0.991701396864, 0.109600703133, 0.0672013789404,  
391, 1718559.4096485586, 74.30624472775635, 120.8680504854021, 92.75149742134533, 36.596832107888886, -0.98607267831, -0.145111640836, 0.0812605979866, 0.117656748996, -0.263317759297, 0.957507518015, -0.117548128471, 0.953732860571, 0.276723812058,  
392, 3807318.6021062685, 96.86722767656603, 156.19543850344257, 84.39228280625048, 68.95401040626093, -0.0316771478892, 0.717611940038, -0.695722402842, 0.15606333817, 0.691085351508, 0.705723225784, 0.987238974505, -0.086221461635, -0.133884527757,  
410, 1165487.8550717852, 65.28394361376128, 139.98374512127185, 73.14733304463049, 27.173340964258312, -0.650969899796, -0.719261277102, -0.242696116204, -0.759030766121, 0.621171038054, 0.194984198242, -0.0105112149915, -0.311142663008, 0.950305086599,  
425, 815415.2781201671, 57.95577864673058, 119.34922199669198, 43.273081524161086, 37.69231569195864, 0.39439448207, 0.705990220644, 0.588243827734, 0.493867437846, -0.702669668315, 0.5122014165, 0.774950286372, 0.088505059656, -0.625794621315,  
454, 632229.1847389387, 53.242933650819, 86.4096695404137, 55.94078183604737, 31.22446848093486, -0.687768953568, -0.485342542343, -0.539830050202, -0.725615724622, 0.437762576634, 0.530891464124, 0.0213468191853, -0.756839839788, 0.653251689795,  
477, 855245.1789866827, 58.88445707649072, 122.02456822236064, 82.63451953371039, 20.248517863976087, 0.488544587807, 0.173175892193, -0.855180855777, -0.833153710125, 0.38372873201, -0.398255138742, -0.259189276454, -0.907062495418, -0.331750732295,  
490, 89676.33385171789, 27.76705018956774, 79.55577037607097, 59.686472710637986, 4.508599266889591, -0.970275629149, -0.224354084132, 0.0907218188321, 0.206530417534, -0.572273479348, 0.793629794972, -0.126136394875, 0.788776463751, 0.601598952891,  
542, 1107404.580933308, 64.18091467147902, 139.2436747040626, 78.47995191615423, 24.19265332358867, 0.381407165843, 0.922554063525, -0.0585027667502, 0.672090031024, -0.320197866493, -0.667658832408, 0.634683829983, -0.215330736698, 0.742165149943,  
546, 494643.0912009719, 49.0607797137698, 104.85965328039987, 76.1728174277689, 14.78410034508837, 0.0973570673327, 0.386638582633, 0.917078081659, -0.835693192664, -0.468664233795, 0.286305298059, 0.540498371113, -0.794269754165, 0.277483456161,  
563, 948940.8033760453, 60.960731632359604, 120.34280237846177, 69.10028118868347, 27.2427268987967, 0.84693294364, -0.353172632587, -0.397459030049, 0.141276495589, -0.571178069775, 0.808576876, -0.512587105545, -0.740962012656, -0.433854532108,  
569, 1004615.2669064226, 62.13033874724521, 116.81616200898831, 64.0552050526955, 32.05190192997804, 0.179231885751, -0.394382850662, 0.90129800745, -0.776513238865, 0.505809037774, 0.375745135928, 0.604072115725, 0.767215344222, 0.21558639705,  
572, 1759049.3964314312, 74.88528298598503, 132.3236471106971, 89.27086983077636, 35.55021217079828, 0.857251139419, -0.271333622974, 0.437605471867, 0.347679881709, 0.931908996769, -0.103268202246, -0.379788340815, 0.240673402735, 0.893217291255,  
606, 1210342.5314039413, 66.11092420177228, 121.50759857615084, 61.243759297132385, 38.828839136978154, 0.0446196255503, -0.995909148928, 0.0785751620886, -0.96913266399, -0.0240613417096, 0.245362856649, 0.242468489919, 0.087097754946, 0.96624169465,  
632, 1081952.544912417, 63.6853980818342, 122.14036734718964, 97.50447816814224, 21.688814746552328, -0.800671247339, 0.184971842772, 0.569834161021, 0.591293385761, 0.397067009252, 0.701932989764, 0.0964245074671, -0.898956732855, 0.427292764757,  
655, 2044704.3843736234, 78.73732201529148, 135.17530637293797, 123.12542581380619, 29.32896997112121, -0.237951817443, 0.746863924837, 0.620945416564, -0.772899158074, -0.532778413499, 0.344636117606, 0.588222597342, -0.397921399132, 0.704026090489,  
659, 1808629.9660801003, 75.58234653711717, 129.3815440680404, 68.870938073314, 48.456582858033684, -0.854512423717, -0.469733336334, -0.221718538805, 0.0880582075875, -0.551674233749, 0.829398150404, -0.511912365341, 0.689206886612, 0.512776362225,  
693, 314326.7526256998, 42.179126233929665, 86.57456306324089, 70.68461814540198, 12.26245740787091, 0.871144349974, -0.128925726126, 0.47379919655, -0.0110049992072, 0.959546009102, 0.281336713582, 0.49090366825, 0.250299048259, -0.834484256855,  
713, 2872890.405702982, 88.18813330027288, 106.67018665944694, 94.58200299428681, 67.97964426765564, 0.267384804429, -0.849619841515, -0.454589365544, 0.890454636837, 0.398150041361, -0.220379409881, 0.368233493989, -0.345865102994, 0.863007198368,  
716, 197477.24266520637, 36.12513525313931, 137.33623488653052, 66.67005533508883, 5.148876710834387, 0.35144209833, 0.929547325858, -0.111490898782, 0.731016788272, -0.346862085919, -0.587623305032, 0.584895637517, -0.125013848599, 0.801416640002,  
729, 634656.9325261014, 53.31099721439064, 116.91820414672377, 39.834719257825775, 32.53168229093365, -0.903691372228, 0.0474135312421, 0.425551243467, 0.421318449081, 0.27572788631, 0.863982000493, 0.0763719073047, -0.960065669507, 0.269149107389,  
736, 32329.296490558936, 19.76222691251244, 91.94956789530151, 78.69725322013936, 1.0665921371868206, -0.249486768203, -0.540919229242, 0.803220231274, -0.597501187974, -0.566751577955, -0.567260944588, 0.762068686446, -0.621449142184, -0.181802862512,  
801, 1082595.8832674378, 63.698018210598335, 114.2298558323824, 57.87727875271748, 39.092192604163515, -0.987278505487, -0.117810646892, 0.106779230577, -0.0978598155435, 0.979529152939, 0.175915022224, -0.125318031844, 0.163227724425, -0.978597006369,  
816, 3199384.556686299, 91.40976903583422, 125.67505527091222, 88.34341448490439, 68.79463474320923, 0.298338021576, 0.953755337775, -0.0366767030789, 0.353736663738, -0.0747965255403, 0.93234964069, 0.886490156522, -0.291129241805, -0.359692878657,  
854, 1193621.2937428164, 65.80506405120607, 114.51244514568424, 60.68811501035961, 41.003564482925256, -0.366292432848, -0.806028841777, 0.464916508486, 0.00609151228358, 0.497553841956, 0.867411706073, -0.930479847775, 0.320558388721, -0.177340272652,  
865, 773016.2175491039, 56.93334037410826, 88.3582841252354, 69.3603117452549, 30.112144518958612, -0.960977739407, -0.136718442523, -0.240478381229, 0.0480229645364, -0.938580178909, 0.341703149879, -0.272425364534, 0.316820635745, 0.908520283497,  
893, 3421161.7010032344, 93.47489746191518, 117.17433213649832, 97.66124577236604, 71.37239092639713, -0.351738371828, 0.425595920533, 0.833755497859, -0.795351722177, 0.333826011563, -0.505940541995, -0.493655503174, -0.84108757358, 0.221079030566,  
925, 1110126.385994094, 64.23345343917921, 128.27880725787838, 67.44342415586695, 30.632983088298978, -0.255374050377, -0.501260904708, 0.82675365122, -0.962828796704, 0.209683573632, -0.170274799035, 0.0880045602881, 0.839505988281, 0.536176177211,  
927, 1765763.774498918, 74.98044228208384, 109.07626670341253, 98.32077107023834, 39.30686910965132, 0.654570086506, -0.252207045796, -0.71269180429, 0.201126007359, -0.850644402413, 0.485749348747, 0.72875670221, 0.461297850303, 0.506080983924,  
951, 855162.2394942106, 58.88255352688597, 116.94059121360148, 92.49637020296805, 18.874259909555708, 0.217593946032, -0.835712939639, 0.504218957568, -0.32471597619, 0.425187073267, 0.844852346587, -0.920441420981, -0.347562706928, -0.178851209935,  
985, 125073.2697114568, 31.023583748104027, 124.33105833054015, 51.56096221704205, 4.657740087637974, -0.840715387361, -0.385503221691, 0.380243216272, 0.0405240780349, 0.655468630562, 0.754134386863, -0.539958735974, 0.649421388942, -0.535440401007,  
999, 3093480.6097965036, 90.38983555526053, 107.11983421432343, 94.84146119893246, 72.69267666238932, -0.408696190859, -0.638270496093, 0.652363546954, -0.912666687058, 0.283754492821, -0.294147762423, -0.00263475084472, 0.715607547208, 0.698497599471,  
1010, 1515351.0685019756, 71.25383056750502, 113.23937047479113, 81.87186453485727, 39.020472398029334, -0.32340033766, -0.0421795441483, -0.945321695328, -0.925353759705, -0.194748998159, 0.325258738723, 0.197819718432, -0.979945770832, -0.0239508920032,  
1021, 1859715.4619211538, 76.2873678857365, 120.46019567872617, 67.05328586230223, 54.96601644822925, 0.380864607222, 0.104886436505, 0.918662607491, -0.465203868273, 0.880372893768, 0.0923522000928, -0.799079164983, -0.462539083057, 0.384096452385,  
1036, 2391120.8757293303, 82.95405888202377, 116.65802826080035, 85.50966879133354, 57.22463954465618, -0.972159945566, -0.0611791592786, -0.226190518607, -0.03575178749, -0.9152827237, 0.401222314169, -0.23157471781, 0.398138978456, 0.887613938548,  
1073, 290047.60427653044, 41.06390291241175, 111.69130454896602, 73.56906749651411, 8.426865427718933, -0.0287418947459, -0.997183928865, 0.0692684307598, -0.992062444066, 0.0199702964052, -0.124150289308, 0.122417362168, -0.0722869232642, -0.98984270981,  
1074, 698523.0672649633, 55.04240240089969, 118.87635447505079, 89.85951976878565, 15.61106641768535, 0.484182080593, -0.801339525063, 0.351315639282, -0.597354645663, -0.00935991826092, 0.801922576833, -0.639323971189, -0.598136570945, -0.483215792748,  
1110, 323839.7532424931, 42.60041699271185, 92.08903043189136, 69.50562724481284, 12.078518899448712, -0.885732573737, -0.189710789892, 0.423659797503, 0.119977700563, 0.788102356743, 0.603738376007, 0.44842296907, -0.585580473969, 0.675286864463,  
1118, 4120849.671511048, 99.45639672400394, 122.70808681318218, 98.47957414554611, 81.41019886768834, 0.5500083401, 0.183494710815, 0.814751813084, -0.526570434941, -0.681028145411, 0.508845990654, 0.648239464139, -0.70889375527, -0.277948270135,  
1142, 1279976.082095638, 67.3551925032373, 128.84175085551593, 75.25951369991812, 31.51339691367927, -0.975187751068, 0.0923571068474, -0.201193973523, 0.218598847408, 0.545317640523, -0.809223834824, -0.0349770507527, 0.83312594231, 0.551976240586,  
1165, 1008529.0515555952, 62.21091674945174, 96.30973895247817, 61.864264562882965, 40.41008309800739, -0.700076728321, -0.637302356053, 0.322084276911, -0.113037176775, 0.544276882279, 0.83125523883, -0.705063948256, 0.545534950654, -0.453074438127,  
1182, 217184.90556668714, 37.28896618891014, 109.32821535765237, 46.50857056306419, 10.197078871380503, -0.0947300270568, -0.403807601679, 0.909926174368, -0.208948873786, 0.901741131331, 0.37842211908, -0.973327586231, -0.154280111783, -0.169797105366,  
1193, 351744.4542075213, 43.790464290626616, 111.73194608727263, 44.480240113809835, 16.896399263811634, -0.154917882469, -0.979160199899, 0.131323084887, -0.249956580717, 0.167450959398, 0.953667596153, -0.955783530643, 0.114915095307, -0.270688683589,  
1194, 647876.6733782013, 53.678607953741675, 117.73304813936345, 66.73673535497794, 19.68522523151604, -0.853290742069, 0.153163463026, -0.498433408886, 0.521349999704, 0.267902384196, -0.810199043662, -0.00943860733541, 0.951193600765, 0.308450395616,  
1202, 484053.15240335267, 48.70813276924014, 118.26985521891108, 39.319092849480555, 24.85002837106691, 0.0879762925326, -0.669993199693, -0.737135865575, -0.363791694268, -0.710500518794, 0.602365848945, -0.927316437433, 0.215169991305, -0.30624516275,  
1255, 3069846.923813653, 90.15905900122006, 110.21792302476213, 91.9337154580094, 72.32710393672363, -0.0560325551754, 0.619710225035, 0.782827943898, 0.709403769205, -0.527013903715, 0.467977176291, 0.702571451881, 0.581563050991, -0.410094833816,  
1259, 1573145.809424878, 72.14841413407929, 123.34278612246746, 76.28641705394205, 39.913461746129165, 0.516631682604, 0.0821906591617, 0.852253718136, 0.666212111078, 0.58665565756, -0.460430844434, 0.537822580024, -0.805654910616, -0.248328486923,  
1317, 3443676.063773171, 93.67949930667488, 105.22751804297754, 95.79027480232668, 81.56107409656956, -0.270213058307, 0.962124547332, -0.0360729613746, -0.906619411728, -0.266878230799, -0.326829087143, -0.324077375634, -0.0556090401599, 0.944394774051,  
1348, 2036409.2573554113, 78.63070166134553, 119.52003649177111, 73.30120523835, 55.491264426137924, -0.987751874822, -0.0207621171954, -0.154645298265, -0.00300493451135, -0.988392657598, 0.151891160953, -0.156003859422, 0.150495477994, 0.9762243118,  
1350, 149771.01052250544, 32.9442569748382, 94.4439810373652, 36.21627616868255, 10.453484320640975, -0.105963360829, 0.89229213085, 0.438846806283, 0.239852368218, -0.405364593238, 0.882128328538, 0.965009123077, 0.198731728146, -0.171064586066,  
1351, 1669045.127097843, 73.58565443194081, 121.6751663465569, 64.02596982476575, 51.14714015873942, -0.959123921939, -0.0369740312483, -0.280560552069, -0.248061151825, -0.367274965866, 0.896423317637, 0.136187250942, -0.929377221833, -0.343090384912,  
1360, 1362789.8131520033, 68.77755873133273, 127.73087858113985, 66.93228560408097, 38.05473607517471, 0.386734157249, 0.824726222396, 0.412629797409, 0.642140572187, -0.561975062645, 0.521382311281, 0.661885320255, 0.0633299854516, -0.746925120593,  
1376, 400754.34759633546, 45.73652991372659, 92.11667001025178, 51.02704571112395, 20.354056622082677, 0.195764880765, 0.417728117446, -0.887231272755, 0.617402169002, 0.650418543562, 0.442459353955, 0.761899385202, -0.634396514876, -0.130577137137,  
1391, 2350046.082645021, 82.47631647423368, 121.842023332439, 85.80262384629269, 53.664872031882226, 0.0995073418276, -0.782092653877, 0.615166131767, 0.935293856605, -0.137479378805, -0.326074872076, 0.339593419722, 0.607807947591, 0.717806246927,  
1394, 2406631.6349575166, 83.13304164526133, 114.18304869953045, 87.57535469284961, 57.45627578733969, -0.400243367536, -0.863225674391, -0.307647008462, -0.11384890698, -0.286270531437, 0.951360924786, -0.909309448495, 0.415801175927, 0.0163005820223,  
1397, 1389258.3945773626, 69.21998063514887, 125.68397054948622, 96.95620779988973, 27.216915646872398, 0.15580421058, 0.708061382771, 0.688748231354, -0.725888480504, -0.390823518877, 0.56598841946, 0.669933550314, -0.588137785999, 0.453081651409,  
1405, 1602471.9559639662, 72.5939803459508, 131.22873279895066, 85.77226230021073, 33.98803278027144, -0.944544486652, 0.0810514672043, 0.318223777236, 0.328377573355, 0.227313515075, 0.916786090199, -0.00197029233927, -0.97044279869, 0.241323211523,  
1420, 3217952.871975115, 91.58626676853743, 125.68292560762883, 106.46128143812942, 57.414699914920504, 0.679856471863, 0.727759224195, 0.0903420680779, 0.672987516871, -0.668091028573, 0.317399085813, -0.291346837637, 0.154986738589, 0.943978882741,  
1431, 1809584.4212590838, 75.5956397069377, 132.57655316523463, 84.23252355048153, 38.685098206851826, 0.529069846047, -0.100686842575, 0.842583679961, -0.74466446579, 0.421020788513, 0.517896060064, 0.406890564395, 0.901445314688, -0.147771489923,  
1444, 1012331.6189944418, 62.28900556482376, 85.82264539199906, 61.04027250390787, 46.133439153871606, 0.426241957759, -0.733796226744, 0.529018800292, 0.646658686564, 0.656104807437, 0.389048871929, -0.632574372337, 0.176265649729, 0.754175101809,  
1454, 156263.78332286395, 33.41359788905976, 106.82099930230237, 87.66863703291489, 3.9835368078619102, 0.472443594484, -0.717233587701, 0.512223613966, -0.840794401267, -0.192479366628, 0.505980699455, -0.264313875589, -0.669722087209, -0.693981628774,  
1477, 532392.8279629045, 50.27837069966334, 126.48189236237744, 47.61904014500154, 21.102533347177683, 0.217733989482, -0.960987093062, 0.170574666327, 0.680319691513, 0.274747712054, 0.679469507822, -0.699826426454, -0.0318983022938, 0.713600358147,  
1496, 1346741.2644811356, 68.50651146384638, 108.58682683173816, 83.2833684548896, 35.5516804354967, -0.377507970156, -0.791393886755, 0.480815399582, 0.734711300889, 0.0600649939545, 0.675715547288, -0.563637327378, 0.608348512374, 0.558771018109,  
1513, 1336134.839392285, 68.32619346440478, 95.98701049514834, 74.47987280920337, 44.61801927954953, -0.418674482144, -0.822157160412, -0.385706211494, -0.01379148291, -0.418917548711, 0.907919535191, 0.908031647577, -0.385442201848, -0.16405132134,  
1515, 1006796.8475947349, 62.17527945145281, 106.28159213344465, 58.89266981839086, 38.40024039560846, 0.0376381763787, -0.606958648755, 0.793841650697, -0.405381847304, -0.735375590872, -0.543036185006, 0.913372282016, -0.301370103115, -0.273728214463,  
1539, 1835018.4941921777, 75.94816386948467, 128.44740571620304, 93.25676442610026, 36.5717848192424, -0.169987524965, 0.121399359077, -0.977939894355, -0.274342403038, 0.947320992741, 0.165285155435, -0.946488503497, -0.29638679513, 0.127727759007,  
1577, 461714.59588975465, 47.947024939750385, 109.21278296258498, 56.56488042120041, 17.84286736779977, -0.617283582416, -0.644599807826, -0.451056611338, -0.76735274969, 0.366800168255, 0.525953794654, 0.173582074028, -0.670782173525, 0.721055156876,  
1622, 1923637.0667621938, 77.15158321001458, 100.95231613048578, 77.8958987766259, 58.39876295472233, -0.857696522331, -0.499014879936, 0.123858084854, -0.49144866944, 0.724873711296, -0.482738343182, -0.151112146721, 0.474912889144, 0.866961860083,  
1653, 3641131.4327408564, 95.43681021991709, 117.35865154371616, 99.37313801735282, 74.5355793434065, -0.776939558975, 0.00978179959275, -0.629499196264, -0.605399309477, -0.286030633457, 0.74275039738, 0.172790618333, -0.958170544904, -0.22815040893,  
1655, 1748116.904736034, 74.72982313854014, 115.46079569282637, 99.80870613111196, 36.21419964814805, -0.47892518739, -0.505943200662, 0.717392600037, 0.650124185466, 0.344719226631, 0.677131595972, -0.589889149211, 0.790689656247, 0.163831191011,  
1669, 2916611.9257054795, 88.63325102598344, 114.13011043243401, 93.84702289013384, 65.00837353175393, 0.197828813122, -0.728845209504, 0.655475721351, -0.709089793146, -0.568099102056, -0.417678196102, 0.676797921063, -0.382162361863, -0.629203069938,  
1677, 2391053.529988843, 82.95328007642564, 111.7189328777942, 92.87757502632462, 55.01271049029521, 0.698641722812, 0.618195623043, 0.360185944751, 0.637533836881, -0.76638586412, 0.0787611205399, -0.324731196496, -0.174604922403, 0.929549767949,  
1689, 2818820.262860475, 87.63136807198705, 136.2664247606769, 84.23539502753086, 58.62667947879791, -0.146453570556, -0.0903299112758, -0.985084696257, -0.13267801364, 0.988618069689, -0.0709285343223, 0.980279499106, 0.12031134366, -0.156771439423,  
1693, 487338.1324909121, 48.81806880316672, 101.68956060485611, 60.22022998726699, 18.998661494684786, -0.824084777723, -0.123012229965, 0.552948705038, -0.565092473494, 0.246468798306, -0.787352289551, 0.0394306419501, 0.96131218797, 0.272624470169,  
1699, 1899514.0405485313, 76.82772377466937, 121.86162252893934, 72.32092054646908, 51.45445671392908, 0.879128976798, -0.39439218446, 0.267557558276, -0.363986286829, -0.918033427169, -0.157253329381, -0.307646266278, -0.0408586764072, 0.950623134269,  
1707, 952537.6518447213, 61.037656016789484, 132.01820760872562, 49.22209407890443, 34.9944863964544, -0.147870247641, 0.824530782904, 0.546153254963, 0.988847242495, 0.133177054171, 0.0666708575952, 0.0177629072118, -0.549920776372, 0.835027915007,  
1720, 2014781.719403206, 78.35134645496562, 111.83181879593019, 78.36744182450693, 54.88306210630889, -0.90886669683, -0.351281998903, -0.224860589344, 0.0470633043607, -0.622053298235, 0.781559172128, -0.414422939491, 0.699750420794, 0.58189601805,  
1745, 2007173.2927058227, 78.25259589910144, 133.62777649527436, 78.41347362474734, 45.730802787490376, 0.255613398698, 0.966513675745, 0.0226518212043, -0.557422415716, 0.128196828643, 0.820271798603, 0.789900019537, -0.222299095193, 0.571525215028,  
1746, 239813.46126434187, 38.541473645168544, 137.42959882336697, 37.889278376663526, 10.994825356965553, -0.638022919276, 0.644976954556, 0.420632241478, 0.736571030806, 0.670451476315, 0.0892072557875, 0.224476883122, -0.366741797453, 0.902834748414,  
1753, 1699667.2613019168, 74.03295764535422, 109.84188879978201, 90.6748417315281, 40.73995091535209, -0.115946353173, 0.708520774799, 0.696099673082, 0.831543137157, -0.314048465614, 0.458158894154, 0.543224128913, 0.631958758879, -0.55275281351,  
1754, 2145165.11269047, 80.00627279717152, 130.3992341419347, 67.98072912993437, 57.771182489246385, 0.88291215131, -0.36932634419, -0.289938242658, 0.306175304766, -0.0153047096163, 0.951852114887, -0.355981482412, -0.929173728293, 0.0995658918982,  
1770, 1311756.4868904336, 67.9080933647121, 113.88514424430792, 98.71753423640426, 27.855004696144732, -0.149867493529, -0.251730372455, -0.956123189744, 0.988507257548, -0.0187562049278, -0.150005355074, 0.0198276614199, -0.967615638754, 0.251648245537,  
1779, 840866.9691704655, 58.55260585085656, 88.46362642263603, 66.82292873719253, 33.95849533715265, -0.383543653075, 0.878454264623, -0.284977843264, 0.905342433578, 0.41857124151, 0.0717857488856, -0.182344026906, 0.230469565771, 0.955842264762,  
1780, 1807313.1372917627, 75.56399873122602, 108.85811462362565, 87.13941651825007, 45.48511953029451, -0.9508040366, 0.053191409836, 0.305192329366, 0.0857354592714, -0.901490685877, 0.424221609893, 0.297692987838, 0.429517423624, 0.852580593138,  
1781, 1544616.1962053503, 71.70960413256917, 95.41175987655042, 84.25488521749023, 45.87065876744235, 0.529234007602, 0.752652524776, 0.391695726484, -0.276786819122, -0.283244888963, 0.918238198746, -0.802060111187, 0.594379096053, -0.0584214705184,  
1791, 1224893.3341360944, 66.3747992603485, 115.90991142559086, 61.430191697934475, 41.06834648231492, -0.773729740216, 0.633409758706, -0.0115916642733, 0.615324447201, 0.747033041805, -0.251629607019, 0.150725292444, 0.201825944881, 0.967754190996,  
1798, 1889314.0411915367, 76.6899605393433, 140.74750040253758, 65.39718818614045, 49.00222231802049, 0.597980780002, 0.770070593313, -0.222284205608, 0.62645706822, -0.276050439773, 0.728936002937, -0.499970527556, 0.575141231365, 0.647489023504,  
1803, 1024408.1714399921, 62.535718151432434, 111.20938511963968, 96.22221674971468, 22.854284394438473, -0.907469699707, -0.418601291395, 0.0356609444143, 0.180037452583, -0.310790213838, 0.933271642476, 0.379585642223, -0.853336042732, -0.357396612173,  
1815, 2446780.3194267047, 83.59278408072336, 101.46272329538421, 80.70762674701453, 71.33214401754438, 0.699074637867, -0.596326626894, 0.394574713772, -0.538440239322, -0.802107721756, -0.258273714068, -0.470506917452, 0.0319023001809, 0.881819416816,  
1817, 3332591.236243418, 92.66117710177177, 120.36165260387762, 90.33773120189991, 73.17051592986438, 0.0157690994759, 0.764845519751, 0.644020703408, -0.976218320675, 0.15105889275, -0.155495984833, 0.216215461704, 0.626252777908, -0.749038271574,  
1851, 1246199.3514000783, 66.7574343278228, 103.70442234921808, 80.9718638901267, 35.42970191351373, 0.490658911426, -0.248136182275, 0.835273768105, -0.338528011211, -0.937577565887, -0.0796686486025, -0.802902620661, 0.243673435136, 0.544031836151,  
1866, 1075277.5641506286, 63.55416126776375, 135.11244835437208, 62.90664665679639, 30.202304103286128, 0.495278303164, 0.712273497226, 0.497358892114, 0.698763009968, -0.666790001898, 0.259077882633, -0.516168246133, -0.21922034239, 0.827956993549,  
1867, 2116786.1209765626, 79.65189697617676, 96.90966777860443, 87.64395981465462, 59.49757624706434, -0.515951895431, -0.851114915114, -0.0969383457237, 0.836411581156, -0.524979394275, 0.157519213096, -0.184957585703, 0.000191981542487, 0.982746485434,  
1873, 2225198.966158647, 80.98913242608633, 102.65660897006659, 90.27381214890299, 57.32334743956092, 0.628245169028, 0.354809857727, -0.692400153418, -0.281570305769, 0.933319547512, 0.222784167168, -0.725276616542, -0.0549962461531, -0.686257417014,  
1874, 1437871.609486422, 70.0181287244422, 117.99982586974556, 71.73057115212126, 40.55513431635898, -0.796934102496, 0.487580367801, 0.35659700113, 0.123469580539, -0.446384705635, 0.886282098012, 0.591313198704, 0.750337310488, 0.295537851262,  
1882, 1821401.3773185604, 75.7598344738659, 106.98697031274627, 84.4018417144275, 48.1542073797773, -0.950212724016, -0.204820011477, 0.234828750406, -0.280698227659, 0.889853061259, -0.359680461463, 0.135293326175, 0.407688965104, 0.903042315523,  
1906, 616704.5191355015, 52.80351586571357, 112.11089638875903, 50.893743883788794, 25.803362084088974, 0.444189807899, 0.0996776658383, -0.890370584359, 0.562125356819, 0.742841268654, 0.363595837167, 0.697646398815, -0.662005447498, 0.273931176947,  
1907, 739860.3870955015, 56.10743159928984, 113.16030691199171, 77.09789569136672, 20.24531436527088, -0.882669403823, 0.144378276834, 0.447269087612, -0.188581759417, -0.980478841404, -0.0556611316349, 0.430501618545, -0.133477169351, 0.89266578387,  
1912, 4734797.212797628, 104.16878323581945, 121.77303907917715, 112.86648095622765, 82.24256461329665, -0.633662300068, 0.421977751373, 0.648387898421, 0.668672613928, 0.720240018493, 0.184746450964, -0.389036019997, 0.550626091924, -0.738553912749,  
1913, 1107786.3402804015, 64.18828892581742, 128.68724790832448, 67.07791277117653, 30.637430761193862, -0.338699967022, -0.233090368292, -0.911565254136, -0.226079676711, -0.920283514346, 0.31932151979, -0.913329246284, 0.314240566178, 0.259003000852,  
1915, 2010567.856340729, 78.29668506835755, 123.59572587375028, 75.52996010207963, 51.417081040756, -0.025938694337, -0.979082013027, 0.20180583714, -0.909755660462, -0.0605513007753, -0.410704490152, 0.41433298492, -0.194247140886, -0.889154781725,  
1926, 560213.4935038799, 51.13932428427866, 128.83623342308005, 74.08255220592115, 14.012350774471868, 0.411000024682, -0.663528470868, -0.625147141127, -0.792217665122, 0.0793467676129, -0.605058064601, -0.451076657322, -0.743931487986, 0.493047452486,  
1928, 1151605.9409619852, 65.02371261046682, 117.87827976698966, 108.516549306325, 21.492430085454696, -0.32928512586, 0.869382814969, 0.368435648281, -0.146955068427, -0.43262787096, 0.889515223665, -0.932724779209, -0.238760646475, -0.270218134003,  
1931, 2116141.985796365, 79.64381683468952, 119.89484667425805, 78.01829773655956, 54.008138382172206, -0.917950386704, 0.157167601313, 0.364232662796, 0.395425297606, 0.435929289309, 0.808458093371, 0.0317162665382, -0.886151228527, 0.46230950522,  
1938, 1339473.0019540004, 68.38304757106032, 95.22331503056569, 73.48132218735604, 45.70093615695956, 0.0204270191225, -0.43841867093, 0.898538705827, -0.99310078994, -0.112696010506, -0.0324103415129, 0.115471026282, -0.891677451883, -0.437695971987,  
1945, 799386.5151136582, 57.57351383448101, 110.58723983815973, 61.84016082220261, 27.90567806230731, 0.378522016621, -0.543917480732, -0.748915787714, 0.475999118577, -0.57953676001, 0.661484680783, -0.793817310246, -0.606869770175, 0.0395368183019,  
1966, 2032583.8869405093, 78.58143518899917, 127.98637520861715, 84.11933300491867, 45.071323322041366, 0.251386128026, 0.828093983307, -0.501064236846, 0.752321686088, -0.492881267898, -0.437127139853, 0.608947530808, 0.267073792359, 0.746896575275,  
1975, 657849.4446535062, 53.95263180266421, 113.01187702545761, 61.22031200429144, 22.699603758248337, -0.105575971099, 0.473570582947, -0.874405293496, -0.147201267345, 0.862189532026, 0.48472775633, 0.983455896936, 0.179889170969, -0.0213163071277,  
2005, 1974879.6051017446, 77.83065257620646, 88.59234147331232, 75.66238859522593, 70.33569576841671, 0.380318945713, 0.668815254505, -0.63878294817, -0.57521017951, 0.711901089956, 0.402902081786, 0.724217335418, 0.214203159314, 0.655458814587,  
2018, 2009033.7922291993, 78.276766533779, 121.59242443116881, 98.02030597906138, 40.24167604721059, -0.629281850253, 0.583999932369, 0.512784976317, -0.463030570117, -0.811644376861, 0.356140557431, -0.624185104019, 0.0133223310012, -0.781162896851,  
2025, 687584.0823889138, 54.75356504022499, 113.38215924329552, 50.230949554776274, 28.821799550729317, 0.104236775317, -0.529844362806, -0.841664806128, -0.864004142637, 0.370895822901, -0.340489544716, -0.492576426738, -0.762693411376, 0.41912673986,  
2028, 1091808.0662756541, 63.87818430096859, 115.57703964126685, 83.8591145756124, 26.892789362595888, -0.815385983969, -0.170472041363, -0.553249473801, -0.576850871126, 0.319928492951, 0.751590867347, -0.048875040953, -0.931979099826, 0.359202154587,  
2037, 1403299.9801617782, 69.45240726437763, 124.15874431162577, 85.34093501956156, 31.617476271410514, 0.780355505161, -0.152181833952, 0.606536045903, 0.423764168436, 0.841960931473, -0.333954666718, 0.459857820542, -0.517631605766, -0.721518056322,  
2049, 834658.6408594536, 58.40814696136223, 141.6755910904348, 92.88328613010157, 15.142154715220087, 0.0906963775245, 0.903475800602, -0.418933938504, -0.981729746692, 0.151770426557, 0.114771259831, 0.167274838407, 0.400870571818, 0.900734096771,  
2057, 1084487.0422304296, 63.73508744492668, 104.10519765244828, 67.27743655926113, 36.965272287636324, -0.650390541646, 0.253907498564, 0.715907204539, 0.756635175531, 0.299743636453, 0.581082578946, 0.0670474047718, -0.919611186632, 0.387065770812,  
2058, 2487673.23641708, 84.05590753593114, 109.8810122129349, 82.01903526461972, 65.89726900857323, -0.921057819076, 0.0357258372712, -0.387783649049, 0.388775295364, 0.141890967444, -0.910340992745, -0.0225003029545, 0.98923739209, 0.144579107958,  
2059, 1450518.194118449, 70.22280780951735, 122.86797171288441, 60.48666057319886, 46.59467363946589, -0.483921818999, 0.875107783806, -0.00245760435654, -0.175521927713, -0.0943090301173, 0.979947886232, 0.857328248682, 0.474649527084, 0.199238802573,  
2061, 1208099.9431350268, 66.07006765596422, 135.41674244371652, 88.18022635802052, 24.152977843609808, 0.539162631288, -0.238588973844, 0.807699794839, -0.255933406187, 0.867263731264, 0.427026594056, -0.802372574693, -0.436954141751, 0.406533306615,  
2070, 643614.4111837029, 53.560634950454514, 105.02194013362983, 64.21710634639115, 22.78276242178825, 0.96158920704, 0.273860152184, -0.01862294152, 0.210881219267, -0.693616401303, 0.68878545223, 0.175713711091, -0.666255885445, -0.72472600812,  
2073, 771262.799360775, 56.89026084277875, 118.6868537371242, 85.81695215795646, 18.077487567143447, -0.583404502831, 0.652172454233, -0.484056067017, 0.144983732267, 0.670048517222, 0.728021086196, -0.799136348475, -0.35455052462, 0.485463718559,  
2083, 617663.5816743469, 52.83087399445525, 111.18959552120836, 57.680198767271975, 22.991774297166018, 0.171522179283, -0.907454516882, -0.383544576032, -0.870770866271, -0.321737730701, 0.371810342914, 0.460801736616, -0.270205722429, 0.845370112494,  
2104, 883949.1869224907, 59.53598781490307, 135.87807017959562, 79.89015334632099, 19.439991310571216, 0.530088491067, 0.84121509138, 0.106599069756, 0.784092217505, -0.438424665075, -0.439298540291, 0.322808900259, -0.31645060134, 0.891994075555,  
2108, 2746098.0655455873, 86.8711980526735, 132.52953921735596, 104.47974616456804, 47.34592830238277, -0.309565823064, 0.221626497885, 0.924689513635, 0.94968742166, 0.120710428604, 0.289003103041, 0.0475689219118, -0.967631483501, 0.247843720531,  
2115, 1269321.14262019, 67.16777594886203, 127.05828011455158, 94.26957277616505, 25.299293504811203, -0.377083814003, 0.369320310096, 0.849358761518, 0.916713486509, 0.0180524983943, 0.399137183126, -0.132076420564, -0.929126802892, 0.345368214054,  
2124, 1540227.2875622914, 71.64162058550457, 129.85875061859372, 91.93893603411803, 30.79821243776596, -0.618228596896, -0.62267126885, 0.479660184849, -0.781181639984, 0.419305331956, -0.462534629996, -0.0868829519129, 0.660653865153, 0.745645910017,  
2128, 1488758.3084034666, 70.83455930454767, 100.2880689892921, 71.97707113195747, 49.23706412139531, -0.581020644384, -0.787181568632, 0.206785368935, -0.128892133066, 0.339858949253, 0.931602228769, -0.80361796199, 0.514627119979, -0.298926577186,  
2129, 940142.4771566492, 60.77174245200833, 102.7565846816416, 53.71467191017402, 40.66328658956688, -0.48587972162, -0.822449278226, -0.295800745206, -0.115291098853, -0.275168142141, 0.954458200277, -0.866388399417, 0.497855077605, 0.038877539265,  
2148, 2200493.593276524, 80.68828777263585, 156.27474487093528, 69.58548196042071, 48.30855654607157, -0.514435479807, 0.135029957971, 0.846831180086, 0.857111290065, 0.111788173597, 0.502855486883, 0.0267651557073, -0.984515268898, 0.173243504195,  
2165, 803595.7144089802, 57.674388810454076, 106.23015705921159, 79.12063552018132, 22.82503289592234, -0.159890211687, 0.98700102221, -0.0162512264859, 0.986490004713, 0.159169170015, -0.0387639770698, 0.0356733907613, 0.0222296529922, 0.99911623534,  
2166, 2376794.978087932, 82.78805965935194, 127.00305048730208, 120.14294864934291, 37.18695968120776, -0.601500674009, -0.690053122243, 0.402521586562, 0.626047555438, -0.0941741996459, 0.7740773078, -0.496247314851, 0.717605677655, 0.488651914864,  
2170, 3100220.7901628157, 90.45543607952483, 111.5714969632864, 93.59370039291133, 70.87680575554478, -0.310450157522, 0.522598960943, 0.794047244008, 0.53863301534, 0.784990020668, -0.306047614329, -0.783259327732, 0.332687531285, -0.525189329716,  
2175, 1438554.4621123965, 70.02921096016122, 119.91801028751183, 73.280150052512, 39.08111404790479, -0.519465786795, 0.392460115981, -0.759032511632, 0.206137324693, 0.919607259699, 0.334409765524, 0.829254303407, 0.0172495006571, -0.558605187058,  
2177, 2068151.3349196531, 79.03714335302074, 121.65666528174208, 85.5958120124284, 47.4138565263144, -0.918807975028, -0.0106817643062, -0.394560267812, -0.389039204306, -0.14425545948, 0.909856505128, 0.0666363454658, -0.989482825683, -0.128387441525,  
