# Void_ID, Void_Volume, r = (a*b*c)**(1/3.0), a, b, c, vector_a, vector_b, vector_c 

22, 677423.6137786956, 54.482526738651224, 127.99205528300696, 66.39136261962645, 19.031679998725924, -0.291862025306, 0.919926762893, 0.261823049211, 0.942620153145, 0.23025183161, 0.241767121265, -0.1621228086, -0.317362324409, 0.934343272024,  
24, 1125972.7376317584, 64.53764126791197, 109.51529211255715, 62.48425565275079, 39.28202788049346, 0.388206806223, 0.280353202448, 0.877893819023, 0.551799176669, -0.833680773739, 0.0222269234191, 0.738114587465, 0.475792443587, -0.47833921687,  
43, 1544411.3904872576, 71.70643458875533, 137.74498475029083, 78.32791737905613, 34.1729138683609, -0.89960805767, -0.41529186506, -0.135048174331, -0.42149455691, 0.906615401766, 0.0197699715801, -0.114226446459, -0.0747072961344, 0.990641781288,  
56, 164787.70927675278, 34.01042579297421, 96.04028405088948, 77.28664618530621, 5.300029778859323, 0.254761323028, 0.105251320692, -0.961258980599, 0.168506576128, -0.983682142891, -0.0630474072342, 0.952209116786, 0.145916418712, 0.268339703845,  
60, 1671868.227046122, 73.62711978578795, 136.78217135078268, 76.51040506746324, 38.13848524746122, 0.794360468836, -0.290096557908, 0.533699758891, -0.546318186606, -0.7252995948, 0.418899673867, -0.265570865371, 0.624327225798, 0.734634351629,  
89, 153054.16181074159, 33.18324432101204, 82.63740293691258, 37.7560926517217, 11.710968984855738, 0.552813321347, 0.804599105074, -0.216835679385, 0.514255790265, -0.124653323947, 0.848529628833, 0.655696891803, -0.580587486037, -0.482679766655,  
100, 1931471.9873517617, 77.25618674431895, 103.79944285890524, 86.09211355577217, 51.599015118416446, -0.826514461191, 0.424624681565, 0.369550707276, 0.562125303342, 0.587817927223, 0.581794833062, -0.02981591497, -0.6885956464, 0.724532295328,  
141, 3544188.7222683085, 94.58219965830388, 127.05067489051741, 104.43214837332096, 63.770091666206596, -0.273443230362, 0.596449305478, 0.754637015898, -0.45788997963, 0.609229025943, -0.647438615239, -0.845911086535, -0.52257843425, 0.106518607452,  
149, 2050829.4492561584, 78.81586481911538, 128.27017368920636, 93.96736354543128, 40.61984024845176, -0.864286899463, -0.306701816179, -0.398675496325, -0.49635961355, 0.39168369529, 0.774732868078, 0.0814572860713, -0.867477883751, 0.490761481526,  
163, 893773.8177100929, 59.755746057059774, 107.90051658851367, 61.06891821120472, 32.38137365981221, 0.836823827528, -0.210361955555, -0.505444091208, 0.227547870623, -0.706065374131, 0.67059201757, -0.497943619557, -0.676180105525, -0.542984913819,  
182, 938620.0787223951, 60.73892161467377, 109.73539506784077, 77.98539529608958, 26.184315280970456, -0.932472748657, -0.21984594321, 0.286639729044, -0.316068098693, 0.112313172165, -0.942065129568, -0.174915779738, 0.96904773495, 0.174215261635,  
201, 1849695.2522874933, 76.15010809924932, 115.73407175517616, 92.64004371213072, 41.18618713984394, -0.887966093936, 0.188247696204, 0.419617708032, 0.441799532588, 0.0956364481261, 0.892001593493, -0.127786497819, -0.977454078033, 0.168089667474,  
214, 1011284.2415113134, 62.26751635676169, 140.72449213287408, 97.85986185266871, 17.531147438108352, 0.531818431109, 0.0808801572777, 0.842987281334, -0.773556389402, 0.451503165216, 0.444696980219, 0.344644264058, 0.888596247999, -0.302683067404,  
223, 2213274.074047298, 80.84419901261334, 125.21293560267304, 74.23753792397044, 56.84258628422176, 0.511279738692, 0.765940534269, -0.389779587416, -0.490519639745, 0.632488757873, 0.599456799268, 0.705679468192, -0.115295572888, 0.699087561787,  
228, 320050.3676608588, 42.43360281899961, 117.66777535689432, 32.23880301285666, 20.141567671299196, 0.232198560147, -0.551928538595, 0.800911179189, -0.832322023383, 0.313334841941, 0.457232245382, 0.503312902732, 0.772784682244, 0.386626378864,  
261, 534482.6594752751, 50.3440716467795, 124.56872874295198, 65.87448857269872, 15.54958209261406, -0.0142674739809, -0.101097608596, 0.994774201878, -0.978705466432, 0.205156515851, 0.00681278057905, 0.20477316514, 0.973493748074, 0.101871847428,  
300, 2572654.7243072265, 85.00235630668968, 123.2721242425969, 94.89450098352306, 52.50334436048928, 0.642996169228, -0.722216232289, 0.254871811263, -0.316808663226, 0.0521598054396, 0.947054183034, -0.697271967931, -0.689697809562, -0.195265804026,  
305, 325424.8103130664, 42.66980750957437, 105.40383473339794, 35.83755872574339, 20.566823547935382, 0.123173270756, 0.799872451689, -0.587394591735, -0.579938337565, 0.53833044071, 0.611450620433, 0.805294896292, 0.265338270201, 0.530184621027,  
318, 3817510.0995036126, 96.95358263643006, 122.96551797824044, 105.90754901712279, 69.98119019660446, -0.514339552116, 0.464117893955, 0.721144510927, 0.841288189405, 0.436227987117, 0.319279384901, 0.166400142719, -0.770908375727, 0.61482621019,  
349, 1547227.6392803902, 71.74999390999422, 134.7486000995672, 119.64671277249988, 22.91081679438539, 0.669457089348, -0.237682765065, -0.703799764644, 0.610354733972, 0.71603886063, 0.338755736167, -0.423431581533, 0.656349947253, -0.624428092338,  
356, 115155.527145272, 30.18089118128886, 129.65894287194448, 20.31810580481469, 10.435433249920349, 0.322903153171, 0.124576907294, 0.938197286204, 0.818301388135, -0.534808537114, -0.210624468681, -0.47551697325, -0.835739446717, 0.274632819145,  
357, 127253.63244522041, 31.20282099228612, 103.49115772286315, 50.273033283868045, 5.839064112504288, -0.345611376298, 0.0765546852562, -0.935249783073, 0.938203649204, 0.00899314302667, -0.345966813434, 0.0180745454467, 0.997024825942, 0.0749320176098,  
358, 1983501.8235277652, 77.94375628545349, 130.10430349388395, 95.78907753293467, 37.995865508807114, 0.386882649232, 0.786351913405, -0.48163521882, 0.851084779253, -0.103460163371, 0.514733613745, -0.354931703638, 0.609053908025, 0.70927908673,  
359, 862230.30326516, 59.04433345778568, 84.89903840608734, 69.89421973223594, 34.68890895935237, -0.0796527635361, 0.626673248859, 0.775200668489, -0.676056656527, -0.605446650622, 0.419978273744, 0.732531797553, -0.490627141947, 0.471892120254,  
360, 906951.7390913542, 60.047996653752044, 105.02541404304961, 66.82102279566573, 30.852335641056047, -0.184384168679, -0.814640900993, -0.549875150166, -0.121986352772, -0.53617373472, 0.835246703635, -0.975254740095, 0.22108353314, -0.000513123986963,  
392, 1587903.341282031, 72.37331813903212, 113.30373691845334, 87.50755056376647, 38.23364398652131, 0.659682878706, -0.730826873212, 0.175244346369, -0.0821884697149, 0.161626639369, 0.983423553151, 0.747036515164, 0.663150745184, -0.0465567843984,  
432, 1334181.5353393625, 68.2928817267507, 120.50743509861172, 73.83529832906962, 35.79714901810554, -0.962887710643, -0.261618653619, 0.0663546288601, -0.259466307213, 0.964949637314, 0.0393628361268, 0.0743269272428, -0.0206852006457, 0.997019373112,  
433, 1335768.958496592, 68.3199561869568, 95.65915984463473, 62.46357998322255, 53.369029320787746, 0.300402240335, -0.421468060865, -0.855641962314, -0.89139750582, 0.195123890666, -0.40906864205, -0.33936555603, -0.885602247604, 0.317079924339,  
438, 489312.5383579629, 48.88390728365242, 134.71203084440836, 61.72998240085984, 14.04737572450538, -0.75801426421, 0.269051099554, -0.594159811063, 0.189057696009, 0.962482051322, 0.194641949391, 0.624236784268, 0.0352108891109, -0.780441304939,  
442, 486752.2434940272, 48.7984975601943, 121.5799772522361, 69.96440964053777, 13.660925436845599, -0.0167677959195, 0.428004048512, 0.903621256654, -0.576888417386, -0.742291906749, 0.340884847215, 0.816650840266, -0.515572749117, 0.259357177386,  
457, 1387827.5562751063, 69.19620857044382, 125.82217014926206, 99.982291276056, 26.33702041949065, -0.264614758312, -0.89792474979, 0.351724570365, 0.879764867188, -0.0753983702185, 0.469392015516, -0.394959248714, 0.433642974673, 0.809914169756,  
468, 1224088.1237493271, 66.3602517641704, 106.53252607930295, 90.82075060214592, 30.203464598735863, -0.314748960376, -0.945853172576, -0.0793402033607, 0.279063095504, -0.172108501489, 0.944723479354, -0.907224823663, 0.275209810222, 0.318123686147,  
470, 1582918.4756494616, 72.29750549628291, 123.27487693685633, 86.69741099558088, 35.3581254758703, 0.833264207163, 0.227807994148, -0.503760140209, -0.341962461679, 0.928328995106, -0.145831929449, 0.434433465404, 0.293783584713, 0.851445106563,  
475, 950426.4021519662, 60.99252707176759, 132.3401886283394, 85.41902569390005, 20.07167055463094, 0.0574471713664, 0.0277247299212, 0.997963507275, -0.723361847202, -0.687791655954, 0.0607476420306, 0.688075185219, -0.725378506265, -0.0194566732749,  
491, 210368.43888040513, 36.89470070209095, 67.99302692211958, 44.36428127114839, 16.64922985692808, 0.813067300121, -0.415868533506, 0.40740020657, 0.277090987876, 0.891889830672, 0.357425676724, -0.51199819327, -0.177724204269, 0.840399879406,  
524, 854429.4229912017, 58.86572925798465, 125.09885760315446, 59.78946725091035, 27.271533445592926, -0.529078746853, 0.292099624728, 0.796714182666, 0.83926071591, 0.0414123299131, 0.542149859043, -0.125367979794, -0.95549088335, 0.267058123781,  
533, 1521231.7505464284, 71.3458840986649, 114.42176537145488, 68.60181299194545, 46.26606190619473, 0.217669580772, -0.0318287061626, 0.975503401875, -0.802918334868, 0.562416098267, 0.197510202125, 0.554925311316, 0.826241529987, -0.096865024576,  
534, 1318155.9741708434, 68.018345582368, 133.61650312007498, 92.64129948276207, 25.422218849922707, 0.707940261338, -0.366268220706, -0.603877617467, -0.633453157067, 0.0488444441948, -0.772237863662, -0.312342254872, -0.929226458282, 0.197434812151,  
551, 698596.7301271412, 55.04433716801756, 101.79341063633572, 55.74131572254315, 29.392806646586248, 0.794801543797, -0.605961830039, -0.0331778015282, 0.323996947831, 0.377468959981, 0.867492456479, -0.513143726235, -0.700233850072, 0.496342695563,  
555, 2044788.4688698468, 78.73840130697383, 113.73085085627916, 90.4867735752743, 47.43472495050714, -0.319517559601, -0.672172716421, 0.667901466091, -0.736154695452, 0.6198899588, 0.271684933964, -0.59664461237, -0.404870693281, -0.692888828205,  
580, 698871.584727429, 55.05155506876929, 116.83385645027428, 101.23904552761418, 14.105614789330152, -0.0654205962953, -0.860029227999, 0.50603346981, 0.649380383193, -0.421734958848, -0.632807034102, 0.757644549577, 0.287209595023, 0.586076262122,  
583, 1494276.693938343, 70.92197229009477, 103.68223189940836, 80.572447298159, 42.70232495515887, -0.010338415236, -0.119714065508, 0.992754581803, 0.966637159848, -0.255310101216, -0.0207208450285, 0.255940849361, 0.959419248679, 0.118359566117,  
584, 1380942.5296284417, 69.08159112294891, 120.76771717537936, 73.07051631370189, 37.358889870452145, -0.84407905608, 0.211659547352, -0.492677159102, 0.0317236144129, 0.936900972012, 0.348152525383, 0.535279515183, 0.278238754772, -0.797533093964,  
594, 837604.905227713, 58.476791294030434, 137.60204532639352, 46.776181627822716, 31.06711651565689, -0.485343145981, 0.182921123929, 0.854974790897, -0.287999089427, -0.956743734889, 0.041206191774, 0.825529257591, -0.226232818512, 0.517030131317,  
598, 990051.9580076556, 61.82865406946923, 115.74111757451476, 62.10478881812676, 32.88187824098077, 0.247672698893, -0.450108897006, -0.857939517134, 0.539311264162, -0.671596944838, 0.508036321568, -0.804861226902, -0.588523172459, 0.0764125703581,  
605, 1603021.7286922093, 72.60228119374378, 126.4417398366523, 65.53229877040171, 46.1854239175204, 0.383284755006, 0.385443246926, 0.83936064953, -0.386006158163, -0.758748292874, 0.524690645926, 0.839101926133, -0.525104305316, -0.142033186609,  
606, 3218064.0978864976, 91.58732195786982, 124.32877561293425, 109.51338321092616, 56.42443620146961, -0.618359136387, 0.784958287268, -0.0383727207224, 0.770250557378, 0.595632298358, -0.227895247893, 0.156032231625, 0.170477718198, 0.972929231903,  
616, 515926.05452910264, 49.75456692633459, 112.09965912731471, 43.33005670158369, 25.357433888445964, -0.894562006704, -0.279601783478, 0.348685616048, -0.00789280095474, 0.789916325412, 0.613163846407, -0.446874165572, 0.545760974717, -0.708835974412,  
617, 1650733.9528153772, 73.31556035537088, 122.83624596696608, 64.70066944774734, 49.58532511798016, -0.83440859252, 0.421918188066, 0.354608718602, 0.0699339873644, -0.557149921655, 0.827461903782, 0.546691446925, 0.715240524145, 0.435384260717,  
620, 1415657.7987783286, 69.65568361434217, 131.3549257272859, 56.40161914204336, 45.617527410605874, -0.581165273084, -0.138068168592, -0.801987597275, -0.758560318155, -0.264943833509, 0.595307490971, 0.294674683476, -0.954328007504, -0.0492431214591,  
622, 1153444.3460495835, 65.0582951488304, 118.69604384677177, 91.52433005252776, 25.3475058853503, -0.828945381944, -0.193245035359, -0.524886568758, -0.436163760468, 0.810812080843, 0.390313903945, -0.350158146852, -0.552485407832, 0.756405411354,  
651, 1384986.2072976434, 69.14895368291542, 96.38800893427256, 62.257851792136286, 55.098490205496475, -0.0619416540975, 0.825418138277, -0.561113293811, -0.0219945233546, 0.560927446911, 0.827572740153, 0.997837397791, 0.0636026438564, -0.0165900953707,  
654, 609302.2091115324, 52.59139787445083, 96.23974718685295, 47.9787188216579, 31.502210063302115, -0.769058342153, 0.516013826593, 0.377198882725, 0.634034601261, 0.690588345612, 0.347976811453, 0.0809283063439, -0.506771612928, 0.858273348976,  
678, 906867.2868958962, 60.04613277561185, 115.82610629573347, 77.13857732384186, 24.23131843333733, -0.00858959297915, -0.897979453085, 0.439953543832, -0.899481695793, -0.185279985286, -0.395732240265, 0.436874006809, -0.399129338549, -0.806124601587,  
690, 1391339.084177873, 69.2545202744388, 103.51347886803151, 74.82263101621294, 42.885896768362194, -0.0956888117366, -0.0384223686215, 0.994669479223, 0.995355039321, -0.0143170568281, 0.0952017204827, -0.0105828638614, -0.999159018111, -0.0396138803855,  
707, 2750990.7907928717, 86.92276027099989, 116.89233442269035, 82.29699841177508, 68.27009382640472, -0.591588100524, -0.238403035045, 0.770186673606, -0.773821955087, 0.436060718969, -0.459402471911, 0.226325211022, 0.867764393285, 0.442449835125,  
728, 457415.6295988148, 47.797751122177345, 88.9381599783938, 61.861480582503546, 19.847871542624485, -0.105423740185, -0.993663240634, -0.038976906227, -0.0330145553239, -0.0356763871291, 0.998817918611, 0.993879205005, -0.106585925971, 0.0290442118638,  
763, 890731.5395804401, 59.68786898228964, 108.6340212498546, 51.615303141286454, 37.923977726271104, 0.447530240706, -0.88560011067, 0.1242140396, -0.438450717086, -0.0962327455827, 0.893588399301, -0.779408527244, -0.454369566166, -0.431359067369,  
818, 1575896.0717929008, 72.19043430061295, 111.30804721278824, 61.579778298926186, 54.88760476911769, 0.578721063866, -0.695400019389, 0.426029040409, -0.511812360899, 0.0970128083402, 0.853602145176, -0.63492522195, -0.712044470558, -0.299770970041,  
837, 1188737.2669797498, 65.71518823897974, 105.16810700270247, 54.97240429622249, 49.08722486996956, -0.828819496582, 0.418750018323, -0.371088485728, -0.111997544386, 0.525643610799, 0.843300269464, 0.548192294854, 0.740504703956, -0.38876469912,  
866, 1894493.5009903538, 76.75997715759763, 109.59941925705925, 96.4995657160088, 42.76326916041089, 0.58042287123, -0.307239709163, -0.754130659545, 0.398424765204, 0.914819360943, -0.0660548508057, -0.710188001183, 0.262124584799, -0.653393989121,  
890, 504888.95408314606, 49.3972099715669, 93.63023879850118, 57.26956545648164, 22.478495547168837, 0.253827385078, 0.187968578415, 0.948809502541, -0.884511340149, 0.442068266194, 0.149048103549, 0.391422211597, 0.877065255014, -0.278469371234,  
918, 2726224.827448169, 86.66113108852149, 104.84393280535252, 81.56310717386319, 76.10899615435235, -0.990603890843, -0.0980631177471, 0.0953286755668, 0.0558986367826, 0.345838878702, 0.936627360471, -0.124816961401, 0.933155450563, -0.337107744246,  
919, 1377752.7127523639, 69.0283599649139, 115.60034611682664, 75.97114989465663, 37.451984174524426, -0.140264650237, 0.553643339763, 0.820856187301, -0.822792521896, -0.526346729829, 0.214409854975, 0.550761558032, -0.645320209148, 0.529361439717,  
925, 1075090.1958107494, 63.55046959167434, 120.76073442508208, 88.71998667335465, 23.955711740548953, 0.722071554551, 0.670449588243, -0.170616586919, -0.14283138333, 0.385779877852, 0.911467542911, -0.676913484903, 0.633775382504, -0.374321918257,  
935, 509410.5587578901, 49.544233186597424, 88.73871095416106, 66.3668163614663, 20.649770656530798, -0.245614701883, -0.0451768083332, -0.968314243522, -0.968990885782, -0.0164012960672, 0.246551537732, 0.0270200201584, -0.998844358985, 0.0397475160795,  
974, 542664.3297734507, 50.59965496604267, 100.84458906298532, 74.70467471634542, 17.19658800874233, -0.173837212317, -0.698014860786, 0.694662419982, 0.757008780509, -0.545889773689, -0.359085033403, 0.629855800836, 0.463443210224, 0.623299335031,  
1012, 2327943.701971425, 82.21693604187664, 116.9445267858048, 83.67624743709253, 56.79390983723794, -0.915878367511, 0.307618055287, -0.257949506664, 0.135475543081, 0.841672819518, 0.522717172198, 0.377906328543, 0.44379950084, -0.81254465102,  
1025, 1047514.2397348399, 63.00240217760916, 128.17820293148827, 72.068625013164, 27.071412181784652, 0.7048625307, -0.693812454135, -0.147624832948, -0.649038454135, -0.714788886298, 0.260434124259, 0.286213028826, 0.0877560625374, 0.954138866003,  
1073, 1761681.4730923781, 74.92261481199209, 125.22273911493227, 92.6318389835115, 36.25728601045539, -0.989531821758, 0.0140073517241, -0.143633449538, -0.0415168633407, -0.98083432219, 0.190369069107, -0.138214050613, 0.194339462056, 0.971148314986,  
1075, 2220999.3799353326, 80.9381504625284, 124.42884597991117, 82.61635558984177, 51.578976671168085, -0.162855017806, 0.248041093024, -0.954962752858, -0.0261443829224, 0.966459265924, 0.255485730621, 0.986303560988, 0.0665740450969, -0.150907859645,  
1076, 740164.4076317566, 56.11511569565467, 94.6822801170578, 74.20964526320608, 25.14840955496267, -0.99153121521, -0.129843874346, -0.00253329029723, 0.0918857740108, -0.715188473912, 0.692865391918, -0.0917761069083, 0.686764890686, 0.721062501537,  
1080, 462583.72449263564, 47.97709113987715, 121.18050236499141, 86.18286997445811, 10.574212608499034, 0.682057295946, 0.408739966, 0.606407029347, -0.416723495823, -0.464182233001, 0.781585812689, -0.600948727494, 0.785790363113, 0.146267331153,  
1097, 917751.8128879084, 60.28540931060708, 126.19851752714163, 70.54973790022993, 24.608604352045628, 0.378602207285, -0.921406532963, -0.0875806465605, 0.485630707582, 0.117203694669, 0.866271383465, -0.787923336685, -0.370504109247, 0.491836884077,  
1121, 917026.7213550495, 60.269528489560315, 118.10635383886128, 45.74244667848916, 40.52291967991312, -0.81653069129, -0.511210377155, 0.268219276843, -0.550228382068, 0.54853078939, -0.629573427535, -0.174717937681, 0.66164788474, 0.729174683373,  
1132, 1421653.4038061732, 69.75388054916544, 121.6730578370572, 58.162472035637805, 47.95874838344462, 0.226821853285, 0.210155666132, 0.950992346376, 0.506765257623, -0.859316103071, 0.0690275935388, 0.831709577039, 0.466272914714, -0.301411261344,  
1134, 2917837.5780138886, 88.6456647829909, 122.31018238246347, 91.21436869748338, 62.437662143399585, -0.566017537196, 0.429045840212, -0.703948730081, 0.0942117447855, 0.881969299733, 0.461794652927, 0.818992243389, 0.19506363404, -0.539631248117,  
1150, 1399818.2937198018, 69.39492091836536, 122.13829897004057, 62.30220977081653, 43.91650167624318, -0.501890473287, 0.241977193916, -0.830393274569, -0.0985131811261, 0.937828568223, 0.332825374286, 0.859302685885, 0.248846567686, -0.446849280835,  
1212, 1277671.1545906777, 67.3147380708312, 113.68909396308756, 74.12498124658586, 36.1948748078377, -0.367126601783, -0.875157382908, -0.315146971118, -0.920569219176, 0.390403085812, -0.0117364088986, -0.133305554905, -0.285805853212, 0.94897030686,  
1215, 1052377.8047878705, 63.09975750489117, 116.90033018127012, 66.265130524131, 32.43263803495254, -0.863487341761, -0.482858008095, 0.14573179007, -0.468193154972, 0.874819854622, 0.124440313391, 0.187576065253, -0.0392220088455, 0.981466685001,  
1224, 1566067.3482228625, 72.04003942778357, 127.42732640022338, 83.91162910498663, 34.96528734361418, -0.868679410225, 0.143603437057, -0.474103506755, 0.47597874194, -0.0232250389079, -0.879150063862, 0.13726004325, 0.989362749669, 0.0481770702074,  
1234, 4154942.6556602786, 99.72992099222337, 131.9093687808257, 106.69103932387817, 70.48112653683884, -0.0766606832133, 0.976697284795, -0.200463347083, 0.974918692137, 0.11556064624, 0.190208519165, 0.20894181815, -0.180853949127, -0.961059397599,  
1241, 1882089.4201929516, 76.59208310576989, 92.13471221784658, 74.85506699622273, 65.1489104600429, 0.141211846226, 0.59673366715, 0.789916543044, -0.501564304263, -0.644800836847, 0.576771297387, 0.853517699391, -0.477640881092, 0.208246789976,  
1245, 1825051.0066137463, 75.81040191869195, 111.4124559186872, 76.4524921356307, 51.15180966041857, 0.305453460632, 0.904930451695, -0.296309063281, 0.779843168614, -0.059180835161, 0.623171133089, -0.546390717119, 0.421424377966, 0.723780821729,  
1289, 4597914.175688981, 103.15511092386097, 136.41851432858982, 97.6360764025668, 82.4116514587435, -0.783127205547, -0.620990382997, 0.0329047740794, 0.114924179826, -0.092522501159, 0.989056125642, -0.611149910271, 0.778338313977, 0.143823698229,  
1298, 1289871.5492418495, 67.52832095692251, 124.31756468822155, 62.88512234917107, 39.38922628546964, -0.237835960564, -0.860701459375, 0.450141148633, 0.245632101608, 0.395078362213, 0.885199389048, -0.939733433758, 0.321101363344, 0.117452066549,  
1303, 2677256.2283981205, 86.13912239572704, 142.63308325345534, 97.81800838782327, 45.81020569171058, -0.941850648824, 0.214932417511, -0.258304880348, 0.0965853469989, 0.909409270486, 0.404531889348, 0.321851869738, 0.356060155953, -0.877287033581,  
1310, 1581872.4108397276, 72.28157615583461, 117.84068068147145, 91.43724102438048, 35.04810057867344, 0.610560566154, 0.655823715258, 0.443971901772, 0.754913208621, -0.651415494526, -0.0759203591993, -0.239419803915, -0.3815142304, 0.892818598314,  
1358, 1066666.5382639316, 63.38405513215123, 116.67474051159726, 54.60437536343965, 39.970149707601195, -0.333063020373, -0.826527985028, 0.453784656446, 0.0313472249083, 0.471290353582, 0.881420872292, -0.942383348723, 0.307793587631, -0.131060029997,  
1361, 2179028.0128514646, 80.4250614446351, 116.62432479679285, 81.15884316082067, 54.96031507473137, 0.757021376439, -0.278862409585, 0.590892877039, -0.367314445778, 0.566286806684, 0.737834229687, -0.540369071596, -0.775599773785, 0.32626102643,  
1376, 1584452.3720582323, 72.32085078836985, 93.84566767666121, 71.0909171661913, 56.69728123634011, 0.242238673908, 0.23211057499, 0.942043048826, -0.604272553757, -0.723550801523, 0.333659884301, 0.759061990643, -0.650076086772, -0.0350139367631,  
1382, 1136702.0048591197, 64.74198421713913, 117.85366464342685, 58.194415718947006, 39.56704465530278, -0.743449985973, 0.189725122393, 0.641316221758, 0.650962073316, 0.425222967307, 0.628835278256, 0.153396536667, -0.884980116165, 0.439635868113,  
1383, 1328619.7345661442, 68.19785207274724, 136.1724341255898, 99.49193942809272, 23.411810066317276, -0.332173254895, 0.678072766798, 0.655651013619, 0.926225281518, 0.103141479075, 0.362585939015, -0.178234835568, -0.727721896209, 0.662308980136,  
1385, 2930027.0419945116, 88.76893437457886, 153.68227845600586, 78.76221522138546, 57.78848463568175, -0.959195389902, 0.250175155474, -0.131744432802, 0.282677362455, 0.838386558152, -0.466048804167, 0.00614107046829, 0.484273033209, 0.874895374636,  
1390, 34458.21577441191, 20.18682689790838, 78.19772276551592, 56.455328307616846, 1.863395891595397, 0.495717995277, -0.257512113659, 0.829428225031, 0.733049697791, 0.63620132994, -0.240595112897, -0.465727183796, 0.727279436737, 0.504145624966,  
1391, 1360566.748633654, 68.74014035063279, 106.41659618507997, 75.8601066547251, 40.235409989274146, 0.792294138382, 0.601061936265, 0.104854885714, 0.440735074082, -0.682641744522, 0.58288321567, -0.421927236332, 0.415601729314, 0.805762129808,  
1400, 1032871.8485560089, 62.70746972125736, 128.5631122602796, 71.0869955279292, 26.98058082927105, 0.143654098956, 0.985621018682, 0.088964641211, -0.516444201447, -0.00202180939143, 0.856318456579, 0.844185339037, -0.168958929386, 0.508727818717,  
1418, 415807.4733169772, 46.30215741438222, 138.7734601222379, 56.91926401394118, 12.567184427173695, -0.39786152046, -0.735762004762, -0.548051533056, 0.231399476236, -0.65853059513, 0.716094782606, -0.887784035076, 0.158087721302, 0.432258926384,  
1428, 1490541.1613166167, 70.86282384813266, 118.46234981297141, 78.50503787074358, 38.26286573401466, -0.240008449014, 0.487922225184, 0.839242424198, 0.968612239902, 0.17798246265, 0.173529742987, 0.064701415085, -0.854549088795, 0.515324734246,  
1440, 3362368.146346904, 92.93633699293932, 126.17925032570484, 96.62161064976097, 65.84069974633296, -0.174147430868, 0.721048090818, 0.670643215913, 0.420919883116, -0.561187794809, 0.712667321375, 0.890224198907, 0.406396247136, -0.205774065407,  
1447, 3490110.48692404, 94.0986780218089, 137.2238103266265, 108.25206973492338, 56.08992811836736, 0.245052100032, -0.366274467984, 0.897659446769, -0.597192086032, 0.672359422475, 0.437372174915, -0.763748047887, -0.64325408752, -0.0539731251412,  
1449, 1440647.1389245125, 70.06315186065397, 91.92559932435562, 71.49029731488584, 52.334181777249604, -0.63503833223, 0.763450335068, 0.117770550151, 0.733010446647, 0.547436560011, 0.403743604121, -0.243766285002, -0.342719708578, 0.907260271173,  
1480, 2325229.9729052754, 82.18497632833753, 115.73474956399406, 72.99913835458958, 65.70460261844829, -0.364724768914, -0.4092720369, -0.836344571784, -0.913549804083, -0.0163568266558, 0.406397846552, 0.180007217635, -0.91226578037, 0.367924649304,  
1489, 1963200.1023388074, 77.67691810239818, 123.6792074814964, 65.03146413364261, 58.271437669043756, 0.412228513489, 0.578767822265, -0.703630201581, 0.695031524485, 0.299566978539, 0.653598351697, -0.589066068144, 0.758477048618, 0.278771831578,  
1514, 1330157.8946709512, 68.22415976574233, 117.2028963583546, 79.31896957517424, 34.1585305059577, -0.822519774296, -0.553801506067, 0.129480163617, -0.552241094748, 0.723257974064, -0.414641623844, -0.135981594943, 0.412555202162, 0.900725935569,  
1519, 538465.0031678237, 50.46879756041996, 112.17010121473099, 56.46976446757851, 20.29437984833698, 0.4859008596, -0.588636065745, -0.646071154552, -0.785729177498, -0.617939777119, -0.0279301178537, 0.382792390557, -0.521208225145, 0.762766000667,  
1537, 1287449.2002906152, 67.48602225863927, 128.4185346045893, 73.96378756526761, 32.35896632873573, 0.199025359734, -0.836193373945, -0.511047500291, -0.941556068757, -0.018542320405, -0.336345583799, -0.271773942036, -0.548121176132, 0.791013337881,  
1539, 1524322.527332967, 71.3941706328554, 131.84133162753986, 78.66702161441145, 35.086816857290316, 0.843026130871, 0.409256485964, 0.349021591546, -0.256752358161, -0.264000488006, 0.929721446946, 0.472636402795, -0.873391590885, -0.117481742088,  
1545, 1717933.018136681, 74.29721575910521, 119.0246231920497, 82.24348400704208, 41.89665036558942, 0.657727669081, 0.30832109071, -0.687264445719, 0.648836911829, 0.231565309728, 0.724836649997, -0.382629030751, 0.922667660837, 0.0477431929403,  
1549, 230644.882288439, 38.04390347443163, 86.26778124097649, 58.08553549082062, 10.988504426703791, 0.700564005063, -0.186347749114, 0.688828419282, -0.257375399965, 0.834342405669, 0.48747374657, -0.665558395862, -0.51879405018, 0.536548930849,  
1550, 727572.1768792798, 55.79506970841207, 132.94683422618377, 65.82297394818889, 19.84869567339715, -0.681157944548, -0.586156231179, -0.438685225679, -0.0479237395767, -0.562203313023, 0.825609320448, -0.730566334951, 0.583393784228, 0.354858454543,  
1556, 4991441.946417565, 106.0178855660684, 138.27908477850795, 109.72470423498072, 78.53739638496714, 0.111836723103, 0.372824963646, 0.921137391407, -0.721947089676, -0.606482818078, 0.333123086987, 0.682850603774, -0.702267853357, 0.20133284647,  
1557, 1952161.2639158221, 77.5310550421367, 94.8921779261907, 78.98143995347553, 62.18299272811082, 0.436680276279, -0.555512994808, 0.707612640438, -0.298926989778, 0.65227815936, 0.696545660818, -0.848500436707, -0.515692268142, 0.118779179519,  
1562, 567620.141146685, 51.36371126980927, 107.95480694709205, 59.71392414263044, 21.020913777451764, -0.950698653836, 0.30772789068, 0.038413733125, 0.0996843654442, 0.185945912066, 0.977490227609, 0.293658129261, 0.933127892137, -0.207454187799,  
1565, 1357116.2270077902, 68.68198073066749, 102.12443026106486, 68.33705469278185, 46.42399710763896, 0.0838458674208, -0.989029795136, 0.121613876055, 0.690283793975, -0.030370525001, -0.722901040936, 0.718664145684, 0.1445603526, 0.680164796329,  
1570, 1516735.1059175022, 71.27551706218897, 116.74066329481373, 87.4257930419602, 35.47802150185119, -0.676345356977, -0.558636406145, -0.480085746325, -0.706086966818, 0.306106332789, 0.638545306393, 0.209757367892, -0.770859441634, 0.601479482492,  
1580, 1046549.1549378764, 62.98304799591594, 109.36047354901427, 75.28193161089271, 30.34728799045415, -0.0317098943267, 0.825204757016, 0.563942897463, -0.308943446141, -0.544688714052, 0.779658997172, 0.950551644935, -0.149503557758, 0.272213622968,  
1587, 1372815.3331945457, 68.94580350709167, 118.99578817485204, 79.49184186671307, 34.647297254305016, -0.546693307979, 0.449672575225, 0.706343402391, 0.832676314689, 0.380798868441, 0.402047729443, 0.0881849304993, -0.807952224383, 0.582611895818,  
1592, 2286446.8386831735, 81.72548369340622, 119.05146259997099, 102.59363064702758, 44.69072133290369, 0.439702627131, 0.897792425231, 0.0251069888904, 0.516043322928, -0.229660337988, -0.825200229046, -0.735092435382, 0.375799002596, -0.564282040377,  
1597, 3080548.8947959864, 90.26370705944274, 121.48154698765923, 97.74935443190448, 61.93202571691127, -0.0981236472694, 0.980512236459, 0.170198425376, 0.827247446968, -0.0147051763924, 0.561645278865, 0.553202866344, 0.195906896104, -0.809683318791,  
1602, 3567655.1935177003, 94.79048708687388, 116.59347843490058, 89.43597050508083, 81.67850527824467, 0.615643489949, -0.0714578427991, -0.784778229812, 0.413559397894, -0.818417551796, 0.398950291799, -0.670784404781, -0.57016356216, -0.47430137538,  
1603, 1984789.7298665624, 77.96062250619835, 127.34322727971215, 83.75654141964327, 44.425395934452965, -0.505526526123, 0.86280812223, 0.00225290929915, -0.0936422357648, -0.057461101547, 0.993946353427, 0.857714441447, 0.502255279737, 0.109843392654,  
1616, 2155128.2224099096, 80.12994321554861, 137.64997701638882, 68.11134280810363, 54.87681776721936, -0.29165676075, 0.0663279550854, -0.954220590997, 0.951847196925, 0.118644283831, -0.282684360409, -0.0944629430756, 0.990718999661, 0.0977374856295,  
1629, 868073.9325006651, 59.17742111981516, 86.5594826568409, 55.2012961372614, 43.371473625900705, 0.452452526095, -0.570695912687, -0.685268477951, -0.665293042854, 0.295701673215, -0.685525847498, -0.59386183474, -0.766072252271, 0.245889051279,  
1631, 2802027.9021991338, 87.45700797263835, 115.76446683267397, 94.18922742966683, 61.34897848135566, 0.00369084194708, -0.921461388835, 0.388452425108, 0.980307354262, -0.0733643457704, -0.183344386198, 0.197443330772, 0.381479464266, 0.903044599938,  
1638, 1240821.5687773672, 66.66126870105603, 132.49722601297518, 67.47700866763584, 33.13279834619945, 0.219776506752, -0.975539631187, -0.00455138038545, 0.592278953419, 0.129722707927, 0.795221768052, -0.775179932929, -0.177466749087, 0.606301595373,  
1641, 2254429.710449939, 81.34222167446968, 113.64633475825813, 78.77266360650616, 60.11974437479359, 0.586879332487, 0.767658580408, -0.257435337563, -0.315381455932, 0.50957402909, 0.800542844657, 0.745725945877, -0.388631718731, 0.541163746792,  
1649, 650767.2585005848, 53.758320859459836, 121.19461205498938, 42.871339846290155, 29.901069041730622, -0.661185634164, 0.660041373314, -0.356621567895, 0.153075901341, 0.584046177838, 0.797156089221, 0.734439463539, 0.472477986436, -0.487199370617,  
1654, 897076.2493487897, 59.82925336154599, 101.07516098025634, 79.7199974507371, 26.578412134744703, -0.542549184724, -0.260558459433, 0.798592306107, 0.806018157014, -0.429231130994, 0.407547993186, -0.236590601505, -0.864794730213, -0.442893849445,  
1656, 510037.4784590227, 49.56454916573705, 131.61342009768555, 58.26929458929733, 15.877186468157023, 0.767905534603, 0.395625785066, 0.503786986848, -0.361630008417, -0.381403465363, 0.850737993522, 0.528719989161, -0.835470906017, -0.149811675986,  
1657, 644232.6367193395, 53.57777873260806, 95.85824878049506, 91.44409367424203, 17.545629826941312, 0.58471061296, 0.77623914004, 0.235725044409, 0.621081399821, -0.241402795949, -0.74564239747, -0.521892128594, 0.582389463828, -0.623258468481,  
1660, 2163123.9545252672, 80.22891750287562, 135.86591791951665, 82.62277925116375, 46.002609797987176, -0.893285979953, 0.302276415707, 0.332669695834, 0.43834722336, 0.422072432591, 0.79354053042, -0.099457879484, -0.854683467813, 0.509533414071,  
1664, 282529.15866603097, 40.705980695399205, 118.69651225043792, 78.89123481191635, 7.202909451307973, 0.591741480855, 0.465850953485, -0.65789429924, 0.589595275339, -0.806663472326, -0.0408834161081, 0.549744878224, 0.363698957314, 0.751999758853,  
1667, 2412713.601249198, 83.20301316672048, 129.99838759326678, 82.72046813504322, 53.563162879022485, -0.533519469065, -0.767161173222, -0.356118955449, 0.200817123845, -0.523908347823, 0.827763568811, -0.821601764177, 0.370113195363, 0.433574403902,  
1681, 2234388.971730713, 81.10047352433052, 136.8471104432964, 104.58951195112786, 37.268885166404566, 0.725691376685, 0.573754280136, 0.379707850631, 0.389910578567, -0.797663404851, 0.460111761731, -0.566870149617, 0.185847030074, 0.80257031772,  
1683, 1022423.8946067889, 62.49531486099498, 131.7803203376836, 86.81357991041601, 21.33556543066328, -0.213962708993, -0.203603747634, 0.955387603599, -0.954112954335, -0.166193283166, -0.249094887543, -0.209495655159, 0.96484470594, 0.158701808086,  
1694, 1999245.0263873937, 78.14942824492209, 134.76668778963355, 67.20088056970674, 52.70112624941498, -0.730312080803, 0.584288648683, 0.353908236203, -0.0942221199785, -0.599288630641, 0.794968759947, 0.676584404741, 0.547229304958, 0.492720642003,  
1699, 2038258.9446084157, 78.6545014276564, 134.10438165715038, 76.39686205120508, 47.495477576221795, 0.277017045649, 0.257420328559, -0.925740963156, -0.724109059299, 0.689231256616, -0.0250268884335, -0.631607177493, -0.677270292681, -0.377329198434,  
1702, 2106017.42245903, 79.51659659213692, 109.1283059433394, 77.3647910572393, 59.551482837267514, 0.0141477713712, -0.339777590553, 0.940399398938, -0.955074747861, -0.283031529967, -0.0878941354289, 0.296027138222, -0.896908212697, -0.328517262003,  
1708, 826328.6783885111, 58.21319090601702, 104.88866702658322, 84.3377959906621, 22.30043849308942, -0.889301486026, 0.31553351588, -0.331030915939, -0.315334458439, 0.101174832612, 0.943571848121, -0.331220540233, -0.943505301311, -0.009523661359,  
1715, 162483.5719741145, 33.85116472769524, 105.06444924987025, 60.210917291139474, 6.131825916985344, -0.195414153967, 0.407152340367, -0.892210894443, 0.00602377661855, 0.910231278792, 0.414056437245, 0.98070231087, 0.0755380092538, -0.180324670007,  
1721, 1258745.6358932694, 66.98071659144567, 117.57025693805512, 79.76179892539585, 32.04475539579928, -0.750471610432, 0.651839697167, -0.109075071088, 0.615895498468, 0.629912211801, -0.473163122391, 0.239718787129, 0.422274335736, 0.874196367229,  
1730, 148673.7903414192, 32.863610002391304, 70.6801302015938, 50.15267506479787, 10.012772781763571, -0.46697863097, 0.735561861091, -0.490794974226, -0.21989096156, 0.440999757982, 0.870153537305, -0.856492220187, -0.514264486396, 0.0441940583179,  
1746, 2930412.7852479042, 88.7728297328231, 116.69544669750067, 85.8734201504692, 69.81158850706792, -0.941149581858, 0.2411284781, 0.236842820489, 0.300084634228, 0.918565110632, 0.257269022289, 0.155520663798, -0.313201523908, 0.936866120934,  
1747, 2535675.9974611504, 84.59312136865996, 110.61970507300283, 99.4335603926381, 55.03508780996942, 0.13910108002, 0.27181610925, 0.952243084663, -0.433236756686, -0.84798162878, 0.305340907688, 0.89048121945, -0.45501995561, -0.000194430813953,  
1749, 1540283.5748281267, 71.64249328393764, 113.1460800720227, 72.62786555104645, 44.74755201238235, 0.568363510199, 0.44314024184, 0.693245733009, 0.651851674635, -0.756645831238, -0.0507590420063, -0.502048119755, -0.480742979285, 0.718911589362,  
1760, 1664190.1793881198, 73.51423605913025, 121.14290961542834, 70.69976523827279, 46.38722294667277, 0.480506976061, -0.421275278901, -0.769181503511, 0.50122481108, -0.58778831794, 0.63504218919, -0.719643477504, -0.690675055783, -0.0712827651378,  
1761, 1343789.9351325568, 68.4564317747228, 124.40063978189106, 103.7708427457263, 24.851054224939613, -0.929654778441, -0.326298517926, 0.171088486232, -0.0790851311605, 0.630278076633, 0.772330944703, 0.359843764641, -0.704470597907, 0.611746386776,  
1772, 348020.9361596584, 43.63539589019943, 96.13621746282304, 41.61849200822391, 20.76554773342821, -0.00634046299003, 0.672366474132, 0.740191274599, -0.56991580143, -0.610653521144, 0.549816566133, 0.821678634144, -0.418360611886, 0.387064104011,  
1774, 1304407.0284507396, 67.7810314908532, 129.79289844884784, 92.75769333673492, 25.86566507606855, 0.0117364745586, -0.752239882128, 0.658784801663, -0.603302037178, -0.530731855436, -0.595273340208, 0.797426427391, -0.390459802492, -0.460056774253,  
1783, 2718953.110504102, 86.5840114597053, 137.61666469199318, 72.3272843240139, 65.21386225940795, 0.245878543371, 0.95572221851, -0.161674929893, 0.822322289811, -0.117369998084, 0.556785717515, -0.513156694967, 0.269850559747, 0.814770447313,  
1785, 1807565.154146119, 75.56751085386878, 112.60770103598662, 76.01030369332183, 50.415582727032074, 0.101547963083, -0.900081399955, -0.42372335863, 0.90523485112, 0.26025127422, -0.33588560342, 0.412598928151, -0.349460652609, 0.841213038871,  
1790, 1321381.9411915857, 68.07378823228767, 139.58830886587245, 70.3225726858538, 32.136306551531916, 0.558233923303, -0.786853126342, 0.263129330254, -0.64068325082, -0.610322541928, -0.465866254342, -0.527162080382, -0.0914797922022, 0.844826365963,  
1791, 1624364.7857612895, 72.92307700991914, 112.36417767734106, 78.48704234980582, 43.971280709974266, -0.882426705844, 0.3308966705, -0.334410679055, -0.00224428431542, 0.707862672509, 0.706346515569, 0.470444547212, 0.62404954156, -0.623894300084,  
1801, 773538.92802557, 56.94617018178491, 91.07524783554648, 69.57154891463809, 29.144830292868107, -0.401111105119, -0.672334879816, 0.622154073146, -0.0723666426744, 0.700320830284, 0.710150550024, 0.913166441772, -0.239826070421, 0.329561080178,  
1807, 1320957.1095968203, 68.06649208397238, 136.8566910941193, 80.67171369087487, 28.563589909077375, 0.32193076336, -0.716178868741, 0.619232114455, 0.451264665487, 0.691049510861, 0.564633310407, -0.832298495304, 0.0976647403506, 0.545656314182,  
1814, 1540415.71534564, 71.64454195549091, 117.5155569071109, 67.13396076007234, 46.61349833871773, 0.149878998318, 0.189337385582, 0.970405915215, 0.86826954286, 0.444255222674, -0.220783373624, 0.47291044269, -0.875664691276, 0.0978113574535,  
1816, 382592.53735734156, 45.03490958050275, 153.12795768416893, 35.277039762576166, 16.90835122426923, 0.346942354247, -0.522144311517, 0.779099686035, 0.555647668237, 0.7836495823, 0.277757089817, -0.755570427963, 0.33653922522, 0.562009500165,  
