# Void_ID, Void_Volume, r = (a*b*c)**(1/3.0), a, b, c, vector_a, vector_b, vector_c 

14, 586431.5566108809, 51.92496840637405, 145.33567961336317, 72.74078128862912, 13.24276022414562, 0.497169524534, 0.860288652433, -0.112809123608, -0.51186614179, 0.395793159102, 0.762457099185, 0.700582269804, -0.321327262619, 0.637128930071,  
17, 711395.612185928, 55.37845785627342, 87.15664808585537, 65.94282422054535, 29.54979756160259, 0.562003488341, -0.0941901924549, 0.821754395631, -0.501262372288, -0.829057535092, 0.247789502674, -0.657942332747, 0.551173122669, 0.513147226073,  
21, 1024046.3437287973, 62.52835460861145, 111.591328947687, 97.96861387038719, 22.36215168209481, 0.61039724861, -0.787375296667, 0.0863443170582, -0.0394411236191, 0.0786596113666, 0.996121008366, 0.791112884901, 0.611435039672, -0.0169586439444,  
29, 579647.3494170998, 51.72395775454666, 111.28924939269511, 79.9283944313062, 15.55682415003496, 0.0829305831117, 0.912807421572, 0.399881394301, 0.945548119605, -0.198803604262, 0.25771278673, 0.314740006826, 0.356734828767, -0.879590239855,  
31, 1508252.53999427, 71.14239562070881, 118.15860648465369, 72.74639281237465, 41.88983331703618, 0.364350446742, -0.919882330461, -0.145138726963, -0.807304064297, -0.389684407141, 0.44317740308, 0.464229361123, 0.0443008006345, 0.884606431886,  
38, 867034.0006184346, 59.15378063034642, 145.86790780037666, 60.55649988752892, 23.432951845883622, -0.214268307709, 0.483476110302, -0.848728427165, -0.189037902291, 0.83195576425, 0.521645739779, 0.958307760487, 0.272213991372, -0.0868664439949,  
54, 302273.445268595, 41.63294463113958, 98.49021908308322, 48.04238713335858, 15.250837890482183, -0.24084561287, 0.937474940942, 0.251265051026, 0.0674917422888, -0.242081940852, 0.967905573202, 0.968213951296, 0.250074127049, -0.00496744370678,  
104, 385102.96378130873, 45.133195559173465, 144.56889320863965, 59.67993839048649, 10.655774699382668, -0.945987403373, -0.308470431182, 0.0997688616042, 0.0768661612659, 0.0855587289398, 0.99336362786, -0.314959403593, 0.94737832833, -0.0572265419167,  
123, 537361.0625341352, 50.43428422214353, 100.7087229331009, 52.45747354767504, 24.283043935020434, 0.926400970686, -0.359398571008, -0.112311658653, -0.169812756945, -0.66499321307, 0.727287875706, -0.336072713993, -0.65468824163, -0.677080820273,  
134, 1319055.3723328651, 68.03381205416426, 133.51075492906418, 70.24654352187513, 33.57632859973562, 0.606295294865, 0.612759753067, 0.506884109482, -0.356279513656, -0.360550260703, 0.862014163257, 0.710964783638, -0.703227555296, -0.00028617981635,  
144, 1132262.1530868483, 64.65758218666328, 131.91270695558796, 69.21646691290657, 29.60481296455075, 0.361949289684, 0.733061097857, 0.57585947809, 0.811425715096, -0.551849423319, 0.192485123744, -0.45889107703, -0.39759733499, 0.794566132321,  
156, 4131163.8562604, 99.5393049489498, 136.73211852087653, 117.30779203689416, 61.48743950135006, 0.252508821468, 0.0400144238244, 0.966766849332, 0.775483466758, -0.605912648603, -0.177469025604, 0.578674941454, 0.794524202369, -0.184028812919,  
205, 189840.89827556015, 35.653353919232536, 102.8720478072458, 39.18302165853398, 11.243612288754433, -0.953344795039, 0.116041157637, -0.278690063522, 0.267807161237, -0.100986772781, -0.958165432539, 0.139330636121, 0.988097222675, -0.0651985611856,  
229, 299801.12926213717, 41.519127486957906, 91.27072637008295, 40.063265854797734, 19.57342379074355, 0.0273917290807, 0.670293504688, 0.741590392839, -0.462786534113, -0.649073550255, 0.603764979278, 0.886046453083, -0.359736214374, 0.292423561031,  
230, 1414730.605591079, 69.64047316342766, 92.42291242331817, 70.8372817686426, 51.587395493962525, 0.727626061344, 0.0663085577458, 0.682761664142, 0.544381273203, 0.549788242101, -0.633547092357, 0.417383929061, -0.832668039508, -0.363943116083,  
239, 1787194.4665592941, 75.28256375446564, 123.63046889705913, 87.08047746392747, 39.631169081667906, 0.0244760696483, 0.973866547714, 0.225798293301, 0.507689422598, -0.206681096226, 0.836381715872, 0.861192412993, 0.0941640680194, -0.499480486203,  
240, 1379839.347788241, 69.06319068078179, 102.62262564782428, 84.7203107886461, 37.88866066380802, -0.319309021903, 0.381030092121, 0.867673796671, -0.933906728974, -0.281897751948, -0.219890606949, -0.160810354483, 0.880539451896, -0.445859062425,  
243, 980857.5056560575, 61.63666093179258, 107.44623863111798, 70.71850301301691, 30.817189917726278, -0.506253784618, 0.651918826588, 0.564543133074, 0.0438662295108, -0.634316353707, 0.771828036112, 0.861268169311, 0.415505243, 0.29252783384,  
265, 1224910.9064732003, 66.37511666343384, 128.58060107586252, 76.01833489981746, 29.91727875617551, -0.0578370275825, 0.244347112203, 0.967961449128, -0.670798945791, -0.727605773541, 0.143591826495, 0.739380587091, -0.641002595212, 0.205990340466,  
279, 1893660.973993421, 76.7487315632106, 108.21868559863137, 91.28562944054767, 45.76241660159489, -0.241822872412, -0.0615428553215, 0.968366756625, -0.639730149198, -0.740255928535, -0.206800620104, 0.729566333232, -0.669502529665, 0.139639994941,  
323, 820315.2876360151, 58.07163655188564, 93.53550867253475, 67.37324796643668, 31.076220835774087, 0.483996713329, -0.761321935185, 0.431434922662, -0.547731114746, 0.120935751857, 0.82786784565, -0.682449857078, -0.636995647496, -0.358467205817,  
333, 1305858.0957576765, 67.8061561613234, 120.86542712236259, 68.92265924067983, 37.42340158183777, -0.422513421769, -0.0526479674301, 0.904826281642, 0.223244338507, 0.961509608764, 0.160191253127, -0.878432907939, 0.269680299205, -0.3944973542,  
352, 289274.4053321186, 41.027381526537795, 154.68703261445015, 63.022264068827496, 7.083917433962394, -0.481995635407, 0.87608840493, -0.0122194188238, 0.830204245991, 0.452204789109, -0.325993464114, 0.280073414281, 0.167272040265, 0.945293048297,  
366, 2934348.3347426443, 88.81255264400039, 150.30346228750366, 70.89121792716347, 65.74483436990745, -0.596838668099, 0.219445998741, 0.771768785258, 0.704132418149, 0.604410239731, 0.372673851807, 0.3846831709, -0.765853586363, 0.515254444213,  
441, 2304662.209076356, 81.94193659224386, 133.07529118577318, 79.49974552550759, 52.006246191072435, 0.350741267958, 0.704804960883, 0.616628356522, 0.786412578788, 0.135839895973, -0.602580101385, 0.50846417659, -0.696274004812, 0.506622829477,  
465, 1870365.0372192108, 76.43270951149694, 108.29986806760336, 83.27519906576575, 49.51014055125072, 0.329670030936, 0.373828542928, 0.86693130708, -0.518125608058, 0.839263949633, -0.164869272823, -0.789217032873, -0.394826852353, 0.470370313353,  
467, 2131710.715176917, 79.83865640218919, 115.70805809172958, 84.54358998569016, 52.02299707813094, -0.18641742605, 0.205077420774, 0.960828702087, 0.819149132911, -0.507514565225, 0.267252061051, 0.542441924372, 0.836882439518, -0.0733794324744,  
508, 1818533.4591783644, 75.72005061236501, 122.0835154511722, 68.25848875651232, 52.09775289104453, 0.480592854323, 0.47530087426, 0.736966476376, -0.385507525899, -0.640315150014, 0.664364701153, 0.787663923161, -0.603395051017, -0.124498821518,  
546, 2283808.8066478497, 81.69404081457816, 112.33564940696974, 89.1042997531771, 54.46968605879534, -0.897313750375, -0.440433817856, -0.0290875484747, -0.440688729468, 0.89021211545, 0.115394251266, 0.0249294425827, -0.116363403156, 0.99289379155,  
548, 1130571.5373294833, 64.62538540919627, 93.97541046693634, 84.05586187216353, 34.16860132299374, -0.67711332412, -0.431302932593, 0.596234288376, -0.735843106004, 0.404816444288, -0.542824621568, 0.0072435934171, 0.806288674589, 0.591477897798,  
550, 1315753.0410202497, 67.97698908185936, 105.16836435805972, 85.32987730723558, 35.00253772966216, -0.707212337575, 0.61617684246, 0.346665268518, -0.371761511688, -0.74117189412, 0.55897907098, -0.601368512652, -0.266440091169, -0.753236742206,  
556, 1638682.7735324395, 73.13671105927394, 123.13718472041613, 95.78175143117032, 33.16914559900347, -0.794881700731, -0.401956862268, -0.454525865842, -0.0194485772649, -0.731834496282, 0.68120483182, 0.606452664835, -0.550317136683, -0.573904359965,  
558, 1258456.7577586332, 66.97559224535043, 99.28167056449499, 72.55271640522463, 41.708726959102854, 0.0988838468321, 0.984132297466, 0.147328225128, -0.625396032107, -0.0536992911375, 0.778457570556, 0.774016658645, -0.169115366585, 0.610162441424,  
567, 2146637.512248451, 80.02457352658519, 113.50060461979234, 102.94037907389824, 43.861771371544606, 0.255432907272, -0.661899241864, 0.70472932641, -0.927909763583, -0.372557121683, -0.0135890297687, 0.271546497915, -0.650454137279, -0.70934611775,  
571, 1666768.9834363943, 73.55218864677953, 109.69645981579687, 76.99808085917553, 47.110128422219546, -0.882967729641, 0.406817726714, -0.234237754523, 0.0627855478737, 0.596838792061, 0.799900888404, 0.465216039482, 0.691579925621, -0.552531667044,  
583, 1292068.5668932314, 67.56663918047536, 108.83139037317136, 70.57086810430445, 40.16218335994019, 0.789968377884, 0.511986425424, -0.337371993686, 0.33078650984, 0.107423751342, 0.937571555965, 0.516265674678, -0.852249985526, -0.0844968361581,  
588, 676398.0831351968, 54.45501971627985, 116.54016273988347, 105.1045564874597, 13.183071110450822, 0.497964757493, 0.667835973669, -0.553196359865, 0.175049234755, 0.547372353472, 0.818377218687, -0.849346140102, 0.504359612705, -0.155667965122,  
646, 2530546.0513556246, 84.53603585098156, 125.71309206246117, 78.48511276059787, 61.22909504837283, 0.640845636813, 0.429399146637, -0.636343651375, 0.699944892512, 0.0135904175859, 0.714067537419, -0.315268167159, 0.903012554407, 0.291846379725,  
657, 974902.5955707211, 61.51167299323285, 89.62251168740632, 80.36908084991688, 32.31219826175692, -0.864329651495, -0.500771904089, -0.0464946622863, -0.502923923577, 0.860379820215, 0.0825475139579, 0.00133440656372, -0.0947315419534, 0.995501960982,  
680, 2676328.9658382395, 86.12917654078544, 131.87377177727595, 93.36266568757522, 51.89424695105455, 0.733344461886, 0.656316170656, -0.177355530945, 0.247213371826, -0.0144152645751, 0.968853832597, 0.633317810433, -0.754348251328, -0.172821487975,  
684, 1569845.9597503156, 72.09793235854492, 116.32977024356433, 115.12214482516472, 27.984573194318905, 0.285696748028, -0.944262195245, -0.163542883667, 0.544977450401, 0.300461145953, -0.782766043161, 0.788274664517, 0.134506529226, 0.600442375982,  
693, 1149080.5788378175, 64.97614755580668, 123.96913650514968, 69.79214624070497, 31.706021157986505, 0.259803075276, -0.464412524573, -0.846654220504, -0.865183470592, -0.501365007517, 0.00952320598011, 0.428905495758, -0.730037078687, 0.532058210585,  
716, 1282309.7827563733, 67.39610249273453, 110.22332307659414, 92.5606377910549, 30.005751449408084, 0.0998031558238, 0.463109882353, -0.880663708208, 0.0785680980726, -0.885987104853, -0.457005365396, 0.991900390187, 0.0235814949005, 0.124809971739,  
721, 1619455.0281711032, 72.84953113949788, 97.21690819328906, 65.6225397050466, 60.60178881284896, -0.618611523639, 0.380996394946, 0.687140109336, 0.188502494567, -0.777049068389, 0.600551042675, 0.762749364053, 0.501035420259, 0.40887273727,  
744, 488378.6100484942, 48.852786654821784, 152.62431835073298, 50.211147027886256, 15.214025692928118, 0.689287614785, -0.329358956289, 0.645294709428, 0.49115172636, 0.867204519615, -0.0820140405878, -0.532590429691, 0.373468872962, 0.75951855483,  
746, 2066329.5226714185, 79.01392887896529, 99.28633465662764, 82.41333430209754, 60.28704648560251, 0.269401030991, -0.834194760442, -0.481188306334, -0.194864117766, -0.536545310452, 0.821064617091, 0.94310713077, 0.127429319561, 0.307100485847,  
780, 929448.4460220997, 60.54043894321346, 109.94623552619449, 66.59535918092594, 30.30486590623569, -0.372325754338, 0.45352255144, 0.809747385295, 0.90233206517, -0.0272829911666, 0.430177268761, -0.21718742326, -0.89082710653, 0.399069780175,  
793, 2764646.1605442488, 87.06634537314523, 121.55579833897067, 85.77968538137885, 63.298120786167004, -0.0274874063223, 0.531657731777, 0.846513141502, -0.979339554165, 0.155400889977, -0.129400931378, 0.200345901233, 0.832580698573, -0.516401878602,  
801, 150138.04027403574, 32.97114615419008, 170.6905673337365, 49.49208514571383, 4.242842008820057, -0.886830200585, -0.396461671276, -0.237382262477, -0.425051935229, 0.901404321083, 0.0824687958632, -0.181281680509, -0.174035608832, 0.967909375495,  
836, 3336974.0159535985, 92.70177970375714, 95.53147038807644, 94.51490532154799, 88.23023779120332, -0.209818832903, -0.687163150598, 0.695545010635, 0.457268356969, -0.69775279762, -0.551404282835, 0.864223181287, 0.202355721129, 0.460619642494,  
865, 1248743.0957277846, 66.80282525561151, 132.97887059006658, 73.91844056515725, 30.328368934790603, -0.0163329617128, -0.344149781629, 0.938772689295, 0.804150037376, -0.562490726797, -0.192215763285, 0.594201945259, 0.751774640482, 0.285935199265,  
869, 1589121.1118245786, 72.39181455755858, 135.14281470696392, 68.10676522603656, 41.21783481188811, 0.429650880415, 0.81305455632, -0.392864365151, 0.614714341252, 0.0553412643764, 0.786805962812, 0.6614577837, -0.579551234063, -0.476018873028,  
892, 2648049.041863401, 85.82473508370194, 112.14513180626047, 104.29186538006886, 54.05135100928051, 0.747987619441, -0.0645041444625, -0.660570765709, 0.124127716519, -0.964110378969, 0.234698715711, 0.652002171127, 0.257546874398, 0.713135875085,  
907, 1658938.3661717516, 73.4368230555941, 123.45459617603784, 86.92790667963871, 36.90414578176291, 0.662529928411, 0.628510675585, -0.407465857018, -0.350468039551, 0.740881012728, 0.572946313569, 0.661986591415, -0.236790320019, 0.711128748633,  
909, 796701.2216487658, 57.508974668627545, 111.25467830420301, 60.99648867939287, 28.027460962996024, -0.114293888003, -0.496231291247, 0.860634308375, -0.980325806365, 0.196670711657, -0.0167912045592, 0.160929240785, 0.845621154397, 0.508946601027,  
911, 559605.6839582877, 51.12082287492809, 89.66595242580726, 56.38172409845874, 26.425766290408493, -0.18876358802, 0.689332727841, -0.699420258617, 0.973040343172, 0.22740076599, -0.038488728058, -0.132517162655, 0.687829398873, 0.713673538565,  
923, 2042464.805280146, 78.70856433237158, 110.69506058760625, 70.94808811789403, 62.086479313024455, 0.239815287574, -0.589928213441, -0.771020966532, 0.587772948644, -0.543865058695, 0.598943869468, -0.772665250085, -0.596821163262, 0.21631669005,  
947, 2667572.480844018, 86.03514065866952, 118.8788075815306, 102.94015980743865, 52.04012617276263, 0.548497145219, -0.276758727332, 0.789021855548, 0.710096670037, 0.652418642624, -0.264787903725, -0.441490204749, 0.705517201493, 0.554375213649,  
1000, 2388659.758237176, 82.92558830533007, 127.40614965882051, 84.67418751967254, 52.859646510467336, 0.794055720382, -0.124365578006, 0.594986315755, -0.465532713671, 0.504961122365, 0.726838054453, 0.390838592554, 0.854135509101, -0.343071022768,  
1006, 2032004.3956543372, 78.57396660258648, 111.50261835512715, 88.62507119401359, 49.09015133111502, -0.149534556826, 0.606241425088, 0.781095865321, -0.909693567114, -0.393889965523, 0.131561046708, 0.387423579904, -0.690884961168, 0.610394085953,  
1013, 3286331.139404489, 92.23043087660383, 133.62813136207353, 88.6332576267785, 66.24118692998637, -0.127539524813, -0.541116120665, 0.831220195596, -0.812322218675, -0.423874715846, -0.400578130098, 0.569092507996, -0.726308177858, -0.38549986786,  
1038, 3819066.357362772, 96.96675564468924, 125.75178718457107, 93.69454030278752, 77.38203460126643, 0.132087959513, -0.989887020991, 0.0517344819768, -0.333082936026, 0.0048322983773, 0.942885150281, -0.933599769002, -0.141775648706, -0.329076186853,  
1042, 940858.0895578075, 60.787157839930046, 108.88257839029427, 57.984483310832836, 35.57667249389318, 0.81698247438, 0.411876744895, -0.403605232338, 0.352245617393, 0.197713700788, 0.914785394258, 0.456577114608, -0.889531809176, 0.0164468501927,  
1055, 2516152.9610276236, 84.37545799988727, 155.18689025377094, 77.45726156518636, 49.97252114399012, -0.6145573233, 0.571118012192, 0.544190695004, 0.00146393490039, -0.689006973545, 0.724753232005, 0.788870808988, 0.446199066065, 0.422598201806,  
1058, 631771.3126764154, 53.23007737448147, 92.70891355306433, 54.7375945635749, 29.72104616161234, 0.417875752588, 0.884114460896, -0.209096808761, 0.476732542317, -0.0174695205271, 0.878874791395, 0.773373091396, -0.466943718116, -0.428786223679,  
1091, 3105339.97752801, 90.50519637273688, 117.12564274319622, 84.63927219876079, 74.78192453099126, -0.0551473561663, -0.817371160377, 0.573465914674, -0.648971009728, -0.407137997026, -0.642709327698, 0.758811832829, -0.407606473896, -0.507997603141,  
1155, 1980297.26707333, 77.90175820611427, 118.53918664135574, 64.57339681694569, 61.76269004085642, -0.695497578487, 0.497394226987, -0.518538427967, 0.0871384480974, 0.774727980834, 0.626261484187, 0.713225076103, 0.39037871186, -0.582163595688,  
1210, 830743.5247356035, 58.31667916525843, 110.18273190817945, 91.33052921034509, 19.708285509080337, 0.595321779299, 0.765400984728, 0.244444905181, 0.223369784753, -0.449892233774, 0.864698165402, -0.771814691718, 0.46017204453, 0.438798098312,  
1211, 1250500.8469684955, 66.83415481064628, 118.1141295106496, 64.90340234497867, 38.942700400692814, 0.917248106561, -0.346940323144, -0.19567402277, -0.213355424683, -0.842781763088, 0.494164307255, 0.336356022345, 0.411523160933, 0.84706157642,  
1237, 1921004.7169736482, 77.1163751371708, 100.69032114927607, 76.14141128251993, 59.81790156136618, 0.194049077356, -0.796878341868, -0.572127489148, 0.547839328411, -0.395766877061, 0.737048607127, -0.813767181584, -0.4564575416, 0.359763098293,  
1264, 1408182.6283266924, 69.53286502583224, 134.75994708981207, 68.61947317221095, 36.35483366379559, 0.671260556865, 0.0520066706789, 0.739394732874, 0.64055149012, 0.461235118889, -0.613967388066, 0.372965217282, -0.885752488739, -0.276295992352,  
1289, 828114.6242159675, 58.255099490162294, 112.82540936542796, 76.46884099095669, 22.9145017871715, -0.168939876917, -0.925780008969, -0.338216931835, -0.96867431312, 0.219321875353, -0.116481715705, -0.182014815577, -0.307943647416, 0.933831524916,  
1312, 275749.84550093755, 40.37776004722834, 111.16430481414467, 68.98334338372753, 8.584540873997968, -0.359360723545, 0.0609869494022, -0.931203770598, -0.0428326282151, 0.995732647684, 0.0817426467467, 0.932215230691, 0.0692610015779, -0.3552149734,  
1361, 2062869.715570994, 78.96980463718259, 119.0037036268222, 81.66098514948173, 50.67667337296804, -0.250569936773, -0.965415784869, -0.072021310119, 0.102947207713, -0.100544451669, 0.989592181488, -0.962609255726, 0.240547657574, 0.124580276232,  
1374, 1145596.6292263546, 64.91041303190092, 137.11570228378997, 75.35335452041194, 26.46996303186726, 0.879463399564, 0.0418995081481, -0.474118719356, -0.356088828678, 0.7188872004, -0.596994086396, -0.315824120228, -0.693862828171, -0.647154927945,  
1390, 368642.14806142304, 44.480752547087825, 84.37020972687911, 59.66364009828352, 17.4830622440575, 0.426594507292, -0.128858895332, 0.895216460663, -0.679277265844, 0.607868502545, 0.411191293344, -0.597159545227, -0.783512136925, 0.171782446241,  
1422, 937634.719122839, 60.71765968048692, 120.2759372726098, 91.33919300250629, 20.375541096825465, -0.720671441751, 0.692820627683, 0.0251445998513, -0.57256154257, -0.615244973912, 0.54189196529, -0.390904020208, -0.37612923302, -0.84007192969,  
1432, 1949832.0577963598, 77.5002075774391, 107.49550366871486, 91.22390673662065, 47.468950611552955, 0.854243880383, -0.124497892679, -0.504745151088, -0.0609808065016, -0.988195558598, 0.140537821261, 0.516283579118, 0.089273807383, 0.851751990458,  
1437, 353662.9675376008, 43.86993515538975, 123.36547298876575, 93.17139568756103, 7.345557252479839, -0.523727406351, -0.850111112859, -0.0549608918292, 0.505141370235, -0.361857301437, 0.783512277807, -0.685960494427, 0.382583832892, 0.618940878352,  
1459, 2094490.6514462112, 79.37125956870752, 121.88012823041896, 92.22283665162564, 44.48549609231107, -0.699121992386, -0.0651027336582, -0.712032354484, -0.683858836154, -0.229823432258, 0.692472585883, 0.208723577911, -0.971052431157, -0.116153536187,  
1484, 1194634.3104346155, 65.82367486161155, 128.97522766798727, 51.16727384872188, 43.21632098425796, -0.634013914656, -0.0211695984069, 0.773031826075, 0.33251349083, 0.895036885634, 0.297226768259, -0.698184169427, 0.445489417896, -0.560426662557,  
1516, 1333948.1241431069, 68.28889894718165, 135.07379759512037, 89.75414593396636, 26.267860573446058, 0.259594598793, -0.949404751625, 0.176751978406, -0.908625913087, -0.302119574533, -0.288310098247, -0.327123209731, 0.0857576834863, 0.941082369072,  
1550, 667464.4846919627, 54.21421631543158, 131.04502597147413, 44.81236223599627, 27.134459410913568, -0.246917895086, 0.959184849272, -0.137825897473, 0.938365616957, 0.201171463363, -0.281069406448, 0.241870878775, 0.198732149528, 0.949738917148,  
1584, 1748607.3957854628, 74.73681177902593, 110.59533383823124, 100.78886782744448, 37.450216349766485, -0.107629683959, -0.352500605722, 0.929601621178, 0.654775658482, -0.728737970761, -0.200523831578, 0.748120771126, 0.587098197014, 0.309242653708,  
1602, 1947251.4706433276, 77.46600218092532, 116.19093961748791, 94.91764723723031, 42.151613437771715, -0.747090743322, 0.653350991409, -0.122425092476, -0.531981772055, -0.477244528377, 0.699451967139, -0.398560930653, -0.587682007687, -0.704115787636,  
1641, 845033.5729240946, 58.64915844151861, 125.40748347834096, 65.65974386025921, 24.499810043065875, 0.0964027039995, -0.990271937046, 0.100339470598, -0.271449218593, 0.0708307322707, 0.959842866875, -0.957612573219, -0.119768518669, -0.261980269389,  
1646, 1659641.2539233193, 73.44719325300342, 141.14362635250373, 85.28016790540836, 32.91670036140799, -0.971703124041, 0.0810848669874, -0.221851939534, 0.148819075247, 0.939533508995, -0.308430978208, 0.183428246385, -0.332719145559, -0.925014620753,  
1668, 323968.83590690733, 42.606076422317564, 139.9722024362196, 34.491044750458215, 16.020146391020923, -0.622594567717, -0.0426596699198, 0.781380929388, -0.778858006072, 0.130588642778, -0.613454817207, 0.0758696950489, 0.990518429379, 0.114529605053,  
1682, 1793761.7866467973, 75.3746634759527, 109.82842044992776, 75.40627811839478, 51.70754461258801, -0.959168757929, 0.265757287383, 0.0967902785214, 0.2007672729, 0.398703930448, 0.894833882895, 0.199217960901, 0.877729024271, -0.43577971959,  
1720, 653190.2905565336, 53.824958509712516, 120.47007894653004, 56.115981137326465, 23.066694069092627, 0.531141550622, -0.72078788342, -0.445368926081, -0.507215186793, -0.691542232814, 0.514297671122, -0.678690951384, -0.0472669794872, -0.732901374784,  
1775, 2156209.026968985, 80.14333612856058, 117.29651468581542, 98.89145936634303, 44.37704264868034, 0.830970425927, 0.545231725358, -0.110501207681, -0.377026702315, 0.698000425282, 0.608807253609, -0.409070919251, 0.464238916905, -0.785584630103,  
1789, 3266719.893146784, 92.04660241503282, 133.2779524065691, 95.22283268502362, 61.45028187018063, -0.816292244681, 0.152571745438, -0.557125509888, -0.0543576069424, 0.93991788514, 0.337045426852, 0.575075840078, 0.305411577529, -0.758954245307,  
1811, 1346303.9611029092, 68.49909569343342, 132.96709919084628, 55.73541894387986, 43.3689642235631, 0.911931707478, -0.387199347666, 0.135857373976, -0.250521505143, -0.263132982191, 0.931665180816, -0.324991594288, -0.883650212952, -0.336961073111,  
1843, 1210749.6799564601, 66.11833641463764, 101.88341965684145, 76.2887684390531, 37.187898444545965, -0.90558964877, 0.212207691596, -0.36725370477, -0.115717385824, 0.709395765511, 0.695246096352, 0.40806479223, 0.672105306855, -0.617865342805,  
1850, 1283884.2195900462, 67.42367448537708, 93.11248181122087, 62.3329102996036, 52.8094865203567, 0.0379973381016, -0.665928646829, 0.745047139199, 0.417254050371, -0.666904096621, -0.617363736673, 0.907995187072, 0.334332115182, 0.252520844707,  
1877, 2380843.71949537, 82.83504131653257, 123.56042118908618, 116.20287442779839, 39.58640181092226, 0.642982943829, -0.472015294495, 0.603137211344, -0.0743944522794, 0.745291913617, 0.662574847822, 0.762258748336, 0.470894388647, -0.444094669328,  
1911, 258426.7895822058, 39.513876763871465, 117.62838186394107, 47.24499382757902, 11.101483141626625, -0.644308204435, 0.732653130702, -0.21928594978, 0.737349614868, 0.671212279545, 0.0760895606609, -0.202934677056, 0.112665282411, 0.972689082383,  
1918, 1227857.9084652143, 66.42830446105258, 137.10985619082018, 92.1736087273006, 23.194458404799466, 0.674522753668, 0.712355039791, 0.193828150868, 0.30398662598, -0.507259418381, 0.80639941325, 0.672763841188, -0.485013587179, -0.558704424756,  
1931, 1394021.76028393, 69.29900216230038, 127.47408233236963, 64.80570657263186, 40.28522554129411, 0.0672863318121, 0.774868297773, 0.628531360123, -0.826954891819, -0.309147448765, 0.469652490485, 0.558227692298, -0.551368276226, 0.619979731542,  
1941, 1181485.8883381896, 65.5812932314315, 113.15749653085616, 55.545375804100935, 44.87543685513723, 0.773665972183, -0.268228057272, -0.574016265256, 0.310110567237, -0.629727876511, 0.712231870694, -0.552514614806, -0.729038072282, -0.404018674802,  
1950, 1840160.9109603781, 76.01904287332435, 138.95456626438764, 68.76145594478113, 45.97791838779408, -0.470504076587, 0.0730833437321, 0.879366100543, 0.84837626037, -0.236588922506, 0.473585686637, -0.242659503739, -0.968857320051, -0.0493138786637,  
1980, 1720324.9208078312, 74.33168145981365, 100.53227489743135, 84.55259505956424, 48.31582725481068, -0.270497426633, -0.961738868491, -0.0434682760046, -0.953761548351, 0.261561353283, 0.148069468006, 0.131034541522, -0.081510780285, 0.988021225291,  
1981, 269010.3324103542, 40.046089835041236, 138.28386479595784, 50.035018685762516, 9.281854936978412, -0.381063114622, -0.375171920368, -0.845007060824, -0.898288194802, 0.366525233154, 0.242358355626, -0.218790360288, -0.851413697111, 0.476681754021,  
1984, 49161.0037899716, 22.72535681420419, 76.74719938089446, 62.131411971426026, 2.461264982870783, -0.877704799805, -0.219720365416, -0.425860593882, -0.0356622937205, -0.856273562703, 0.515290002448, 0.477872875571, -0.467459674023, -0.743719683722,  
1992, 701377.412127825, 55.11727298288731, 167.7653976337692, 77.69506094498436, 12.845983616067901, -0.84369982937, 0.494662125776, -0.208518534532, 0.531472324358, 0.715043489383, -0.454147527499, 0.0755497608356, 0.493986021679, 0.866181299742,  
1996, 2241256.8333987677, 81.1834816220082, 103.39195091479549, 96.81069237986429, 53.455569539743806, -0.510857160702, 0.513309474377, 0.689592883428, -8.37364651153e-05, -0.802193800125, 0.597063731967, -0.859665606121, -0.3049565388, -0.409849429785,  
2019, 1566675.6500534103, 72.04936563699712, 115.10831717162442, 74.90453967476132, 43.3786108368498, -0.769802743613, 0.570248538067, -0.286740894814, -0.0578167628298, 0.385094099754, 0.921064469117, 0.63565789373, 0.72561638568, -0.26347657006,  
2073, 2989034.211697482, 89.3608776530702, 137.33691761815402, 90.43732040960771, 57.45228347466419, -0.0987944234399, 0.830769439701, 0.547778969983, 0.578965640178, -0.399724489506, 0.710646972823, 0.809344456576, 0.387353159982, -0.441496410021,  
2121, 2897165.402282336, 88.43582405570478, 136.36204022141257, 92.85398346466434, 54.62489946432668, 0.572517318605, 0.609302711901, -0.548611087354, -0.489047375979, 0.790840935354, 0.367971845413, 0.658070348782, 0.0576265584456, 0.750748024184,  
2123, 2246394.2459410373, 81.24546392346538, 116.43621695314472, 99.59843940362455, 46.24414438772533, -0.487734611936, -0.729252515632, -0.479901778247, 0.0851286805642, -0.586830717702, 0.805222215607, 0.868831431329, -0.351881339668, -0.348297956824,  
2124, 1445656.348754845, 70.14426241002823, 103.28711031201932, 71.2270452161174, 46.91215708136524, -0.496399330932, 0.792875422383, -0.353463249619, 0.865128868928, 0.485464872699, -0.125999593341, -0.0716920106901, 0.368337375183, 0.926923855366,  
2131, 228984.4875522681, 37.952391816807406, 125.14571066532152, 62.23288631350542, 7.019101787577655, -0.856092432341, 0.173345670415, 0.486885023221, 0.51652876118, 0.318746302561, 0.794731925543, 0.0174294624902, -0.931854105079, 0.362414321855,  
2182, 627362.1619215437, 53.105956747602136, 113.88438697571716, 68.53166450365015, 19.189967699640434, 0.701877282623, 0.509524119543, -0.497748381958, 0.553408680152, -0.83002232085, -0.0692948744318, 0.448449677076, 0.226821776942, 0.864548881577,  
2189, 1522615.8144262573, 71.36751510666734, 130.87317865713467, 69.08768706863285, 40.20225580749936, -0.772396954207, -0.316029988531, 0.550933745092, -0.614018343262, 0.593381798863, -0.520460867805, 0.162432814634, 0.740285814485, 0.652374504102,  
2190, 2190454.284040043, 80.56539266235534, 121.52455299610259, 82.50195820507872, 52.157563479746614, 0.757919667416, 0.650157342212, 0.053415429531, 0.363832097312, -0.489256789357, 0.792624752978, 0.541464664322, -0.581311641408, -0.60736545247,  
2195, 156634.54547811864, 33.44000347980096, 149.7821094244785, 30.458000851554555, 8.196672909882263, -0.102594662478, 0.926197288952, -0.362812509665, 0.942778164642, -0.0257859420506, -0.332422047202, 0.317243861256, 0.376156439704, 0.870553080153,  
2200, 147146.9162889044, 32.750719991059036, 102.94407506674723, 47.05840908595565, 7.251435012162851, -0.0192708205994, -0.0958069534227, 0.995213375688, -0.859108522325, -0.507584844959, -0.0654994048519, 0.51143052543, -0.856258519866, -0.0725269936973,  
2209, 2826278.3223853726, 87.70858529360862, 117.75337010715232, 84.73783238315137, 67.62007096889444, 0.727918045508, 0.631665380578, 0.266709891086, -0.370149753015, 0.0345821924322, 0.928328192133, 0.577169368008, -0.77446944352, 0.258983786534,  
2210, 544352.4946090702, 50.65207050700074, 113.95559316802624, 41.5455085954344, 27.449338457485666, 0.395793023897, 0.577746784643, -0.713832287775, 0.586173558086, 0.439426536225, 0.680665027059, 0.706928880465, -0.687832081322, -0.164737930874,  
2239, 2233808.4489199864, 81.09344926946517, 136.6682880503494, 81.26393590967888, 48.016634019802126, -0.0550413564125, -0.868765123042, 0.492156083036, -0.988730734824, -0.0213029731572, -0.148181366402, -0.139219190841, 0.49476594903, 0.857802233957,  
2254, 1535261.2863612555, 71.56454204357449, 105.30454240323145, 71.2127221634522, 48.87525056174027, -0.677820728108, -0.159980829352, -0.71761075437, -0.70768281837, 0.406620213694, 0.577793241912, -0.199359196256, -0.899481037074, 0.388831293511,  
2270, 2803165.625378591, 87.46884325819877, 140.01491086030134, 74.66323547699903, 64.01460285426587, 0.184491546347, -0.146103416244, -0.971913916501, 0.700277039819, 0.713408959189, 0.0256851017426, 0.689619414481, -0.685347684545, 0.233930789893,  
2327, 140528.89266967576, 32.25217480225112, 82.00957014198582, 42.624133174631005, 9.597473447371232, -0.678136226832, 0.38445602329, -0.626358383048, -0.140036399013, 0.769054377339, 0.62365468943, 0.72147145807, 0.51063581039, -0.467685796596,  
2375, 1185704.4442516055, 65.6592543063892, 99.75277846684723, 65.05393245020356, 43.62036374975376, 0.502114181028, -0.709897612418, 0.493889389534, 0.414671683336, 0.698803475357, 0.582855983814, -0.758899693141, -0.0878583104301, 0.645253572666,  
2385, 2611950.8425467093, 85.43296189684733, 135.8476104791297, 94.89172375617294, 48.372223438398095, 0.730996439212, 0.17041112368, -0.660760361089, -0.146937471049, 0.984908972592, 0.0914532411098, 0.666373457951, 0.0302384628218, 0.745004731465,  
2489, 641006.1504271954, 53.488185132497314, 102.34686102796019, 47.510467151893444, 31.470943202583214, -0.320027770009, -0.793432577863, -0.51773252825, -0.946629496848, 0.289947020226, 0.140795316543, -0.0384034128839, -0.5351592939, 0.843877780269,  
2522, 384687.26396658237, 45.11695001994057, 104.73031897230838, 68.51478411325965, 12.798600379458506, -0.886696700337, -0.377607558316, -0.266798601035, -0.458234139157, 0.640886503468, 0.615861967801, 0.0615665113738, -0.668339001986, 0.74130462234,  
2539, 929767.952569515, 60.54737526144201, 100.61472721467307, 69.4480701274262, 31.766124056261503, 0.503287282059, -0.0269262655798, -0.863699535683, 0.295671609296, -0.933817429443, 0.201403346357, -0.811960720216, -0.35673517445, -0.462017103728,  
2540, 1540441.9297523203, 71.64494836277582, 124.70057798699429, 89.44565052574019, 32.97076535415274, -0.16213070186, -0.803528327869, 0.572761609945, -0.891935706898, -0.128951204133, -0.433384680985, 0.422095167319, -0.581131493954, -0.695788657899,  
2585, 1001240.745562085, 62.06069505677352, 107.65840068314915, 81.27852319519667, 27.31657071795953, 0.597899987038, 0.731476298526, -0.327807916614, 0.345558387294, 0.133787415905, 0.928811244719, 0.723259985393, -0.668613006185, -0.172776275827,  
2612, 2227436.5221643364, 81.01626962669417, 113.81162447649034, 73.54880090562197, 63.5264385080154, -0.994276715943, -0.0362690072621, 0.100490652533, -0.0365799670512, 0.999329943641, -0.00125289788231, -0.10037787677, -0.00492167195043, -0.994937213597,  
2664, 894312.8740595896, 59.76775701552858, 129.25709081317606, 99.55268553330679, 16.591800468187365, -0.406385586942, 0.845579170629, 0.3461887071, 0.253834568718, -0.259491264099, 0.931789834448, -0.877735020635, -0.46654061994, 0.109183714427,  
2699, 1078177.389952302, 63.611241281257804, 109.12900347293133, 56.74988353790797, 41.56200084547656, 0.425308511563, 0.896995817664, -0.120462330563, 0.825512862852, -0.439041768605, -0.35464184565, 0.371000246977, -0.0513889921424, 0.927209786526,  
2764, 3073534.9760679, 90.1951496446489, 120.34823042973241, 89.90658023508215, 67.81384396710556, -0.916678273948, 0.397584478661, -0.0403425879221, 0.398404562586, 0.901321044106, -0.169982881381, 0.0312209318075, 0.1718922854, 0.984620889295,  
2771, 2104134.593820067, 79.49289296359127, 115.47258924478908, 75.52492739567434, 57.599098570114364, 0.29242406968, -0.609344285608, -0.737012689896, -0.892837399424, -0.450026454256, 0.0178204562164, 0.342534000738, -0.652821363059, 0.675643934534,  
2798, 1249083.802412448, 66.8089001906272, 127.21605843320096, 89.23099197805364, 26.26910707269422, -0.628182640996, 0.0494421711873, 0.776493426411, 0.776815641906, -0.0166993804261, 0.629506623622, -0.0440911333746, -0.998637372824, 0.027917191049,  
2806, 1799760.7943395076, 75.45859696242896, 119.75483401291609, 98.33883420232084, 36.48447229642182, 0.765957325298, 0.634336076114, -0.10453285781, -0.487028177138, 0.678674581356, 0.549731177299, -0.419658111438, 0.370160175006, -0.828775309926,  
2827, 1480439.0310178574, 70.7023700762675, 124.25733628328624, 72.52020685271697, 39.22119698352577, 0.147192522005, -0.340943364777, 0.928489086355, -0.523862634871, -0.823114995572, -0.219202289794, 0.838988856452, -0.454135801363, -0.299763861512,  
2838, 907595.2480531894, 60.0621952367073, 107.24339227703368, 54.59302658852896, 37.008023332840864, 0.80292741091, -0.0683857953463, -0.59214099318, -0.479138038967, -0.664991139488, -0.572899226756, 0.354590344518, -0.743713767116, 0.566705849782,  
2854, 1297408.5516701264, 67.65959320158646, 111.61270549785483, 84.86331025762937, 32.70051128293451, -0.803450767448, 0.208460613317, -0.557683635212, -0.416937550879, 0.471657114228, 0.776983040526, -0.425005815201, -0.856786869235, 0.292038212828,  
2855, 2094928.78331151, 79.37679355592911, 118.44594186228063, 74.69581791019606, 56.52807309577184, 0.725353844133, -0.208983636075, -0.655886911483, -0.570160330131, -0.716278161183, -0.40232175402, 0.385718807873, -0.665786328837, 0.638709296619,  
2864, 333799.7171786602, 43.032751771557024, 86.6956294440737, 42.302531441869945, 21.72870251275795, 0.708011164032, 0.270352659898, -0.652402966649, 0.613096095459, -0.693787647985, 0.377851660359, 0.350475918345, 0.667508905401, 0.656961560421,  
2877, 265647.00249661936, 39.87849594853608, 121.66159491629455, 88.36971901100821, 5.89874104296657, 0.551970451627, 0.627265834712, 0.549423509812, 0.435327551277, -0.778738950299, 0.451725104889, 0.711209212279, -0.0101597190158, -0.702906989921,  
2880, 1543233.8978946412, 71.68820644409676, 95.80766608129682, 80.41144088987912, 47.8217032252304, 0.187678704988, 0.169808519879, 0.96744083554, -0.314552006961, -0.922680771959, 0.222973603761, 0.930501874587, -0.346157853636, -0.119753921671,  
2934, 2036066.432888654, 78.62628898560264, 129.09092003188164, 101.8028015855418, 36.9868979385587, -0.496605284885, 0.840719858091, -0.215808505938, 0.329692853052, 0.412706839369, 0.849102872086, -0.802923292519, -0.350518451654, 0.482131726171,  
2944, 2417908.331149067, 83.26268420175667, 142.56141780270366, 71.42807802519698, 56.68657949123641, 0.113224503435, 0.182284327154, 0.976704989183, -0.732696984616, 0.679267947703, -0.0418351999896, 0.671070294796, 0.710892030689, -0.210468952927,  
2952, 636231.9928193905, 53.355062316676545, 126.78551462139498, 84.46808115657674, 14.182886523612266, 0.0973169989167, -0.512734549813, 0.853013882156, -0.143460467956, 0.840904446795, 0.521822580475, 0.984859632565, 0.173155978206, -0.00827715868454,  
2954, 2020502.5696812244, 78.42543433906194, 120.23704746062386, 73.1432077607283, 54.84770901525878, 0.0682194013407, -0.88616746557, 0.458315760416, 0.423488708807, -0.390224507234, -0.817546419151, 0.903329080011, 0.249864076887, 0.348661033509,  
2973, 1585959.0966771536, 72.34376787228354, 113.58399083685941, 69.03484391479701, 48.2856299712935, 0.792470293109, -0.384693193143, 0.473288476184, 0.359060219923, 0.921533505869, 0.147823394728, -0.493017842485, 0.0527934153965, 0.868415950039,  
2985, 1184946.7147268353, 65.6452647163091, 114.97752100243171, 72.95581866332999, 33.72386452605498, -0.709951650507, -0.657027447232, -0.253542082358, 0.0944675930376, -0.445609907143, 0.890229006785, -0.697885755556, 0.608068042442, 0.378429290558,  
3002, 378759.3206146537, 44.88400201495435, 122.1870828925459, 78.42090227350252, 9.436644364730197, 0.757122864125, 0.381402827633, 0.530374256251, 0.571346039342, 0.00704732630828, -0.82067901065, 0.31674701569, -0.924382073747, 0.212577303083,  
3003, 937658.5155262192, 60.718173331012586, 105.32485069807922, 69.50408129774225, 30.578412391093636, -0.735578236482, -0.553562081281, -0.390504392013, -0.67606366377, 0.563124933805, 0.475213879697, 0.043157624396, -0.613562817562, 0.788465654522,  
3012, 2844988.9876576858, 87.90171062066952, 131.10549294126196, 90.49094729612175, 57.24874334458307, 0.211084620319, 0.620926792308, 0.754912711285, 0.698511120738, -0.63607166671, 0.327864375945, 0.683758361755, 0.458107796707, -0.567989215855,  
3031, 796385.0493242221, 57.50136614842589, 131.82046911503252, 67.62241683952651, 21.328531157687035, -0.151268832359, 0.387883450775, 0.909210739582, 0.979165790399, -0.0672574593488, 0.191600597791, -0.135469905399, -0.91925125117, 0.369628248317,  
3034, 768554.0480218349, 56.82358130983307, 135.70855680345878, 44.52577439150781, 30.3645669419286, -0.487933936843, -0.0540451233563, 0.871205829823, -0.872576680269, 0.00386629944635, -0.488461860106, -0.0230306388668, 0.998531009218, 0.0490450130328,  
3039, 325298.65644699824, 42.66429301821267, 151.5262926885949, 38.67581018398229, 13.25153666208722, 0.0582077812292, -0.577692351881, 0.814176516969, -0.427243287744, 0.722681757509, 0.543317817159, -0.902261063818, -0.379476776552, -0.204749478082,  
3051, 2681743.254475258, 86.18721799928241, 142.22752429696953, 75.46233868108946, 59.65058080218794, 0.179531516044, -0.670965515869, -0.719425959541, -0.824158934324, -0.501894479176, 0.262419478597, 0.5371503381, -0.545808765308, 0.643088101267,  
3065, 1485945.795506402, 70.7899250843057, 117.80819458412813, 89.2067888727714, 33.75522064233675, -0.0101603390426, 0.229785405694, 0.973188283345, 0.605948806619, -0.772776743877, 0.18879128126, 0.795438753939, 0.591620462335, -0.131386518637,  
