# Void_ID, Void_Volume, r = (a*b*c)**(1/3.0), a, b, c, vector_a, vector_b, vector_c 

12, 2614792.231311412, 85.46392984659988, 129.2204051465028, 76.68579664215925, 62.99448717299678, -0.31692725839, 0.936794929928, -0.148230807025, -0.15610784279, 0.102633066221, 0.982393401412, 0.93551453987, 0.334487238889, 0.11371381935,  
16, 1620434.5655082895, 72.86421600818565, 125.64650057158254, 77.26109832310249, 39.850301743072585, -0.720866040205, 0.0162507860073, -0.692883874854, 0.683092408922, -0.152402731825, -0.714253574164, 0.117204577354, 0.988184860887, -0.0987611652465,  
51, 1184584.0212122195, 65.6385663725234, 99.27713198893188, 91.19208118648436, 31.237114622859753, -0.00483310918485, 0.987402622031, 0.158154048519, -0.622341515922, -0.126764977072, 0.772412893567, 0.782730910732, -0.094692674454, 0.615114313595,  
94, 3048907.431369681, 89.9535988423805, 140.30328665894848, 101.67762774583014, 51.02257582899081, -0.0544501863859, -0.411544569234, 0.909761641715, 0.710567111599, -0.656083539843, -0.254261221306, 0.701519463106, 0.632602131107, 0.328153906884,  
102, 359051.29774334416, 44.09161065919012, 92.36117691660687, 52.904433015876904, 17.5422933343857, 0.477870916343, 0.293828970891, -0.827830854208, -0.643493405275, 0.758597574469, -0.102205466471, -0.597959551041, -0.581544715284, -0.551588723094,  
125, 1227089.0032360961, 66.41443539260064, 125.12836646082602, 96.65578036950407, 24.221656916651757, -0.400382961162, 0.884094668356, 0.240977388556, -0.473999184542, 0.0252442036215, -0.880163338953, -0.784230997516, -0.466625489625, 0.408952802861,  
130, 2195332.8123179968, 80.62515942998752, 135.56426788688515, 84.4677323941854, 45.769449713163056, 0.243867273234, 0.579609755641, 0.777548252015, -0.342833188453, -0.698463986582, 0.628182667974, 0.907190254545, -0.419762540746, 0.0283769527246,  
155, 1003501.6706737927, 62.10737350746684, 147.66763516651423, 52.36778998877127, 30.979893778280616, 0.0939745179439, 0.220002797603, -0.970962182077, 0.406721981673, -0.898663981282, -0.164256745284, -0.908705683707, -0.379475714367, -0.173931488249,  
195, 1787544.8502624421, 75.28748320789634, 106.46776094940772, 94.14997672787827, 42.57258292780168, 0.463206910951, -0.885369956807, -0.0394892039806, -0.492945794431, -0.294415922668, 0.818732989583, -0.736507842049, -0.359776741971, -0.572814886797,  
196, 2448366.001890335, 83.61083814505966, 107.79536843584599, 95.42265357637042, 56.82456766017059, -0.877881531128, -0.460714687364, 0.130636878988, -0.461303214438, 0.740362678229, -0.488940128273, -0.128543228734, 0.489494720639, 0.862479887773,  
198, 2020968.3201738016, 78.43145988256877, 124.00515336967328, 93.62836989115146, 41.55503959252655, -0.827761798409, -0.528094231396, 0.189543894287, -0.528892106769, 0.847178523394, 0.0506131296915, 0.187306018303, 0.058352654318, 0.980566888714,  
236, 1352782.1820344804, 68.6087892018772, 108.04393067905686, 68.02254768949722, 43.94262488699703, 0.907820042534, 0.230679335849, -0.350213955156, 0.308811065394, 0.197277875151, 0.930439232764, -0.283722569184, 0.95282132847, -0.107856477542,  
244, 1501898.4092054511, 71.04234951285429, 140.4995022040805, 96.39002477632481, 26.47555485938634, 0.89583032445, 0.35035748783, -0.273381895006, -0.254748589046, 0.908927797037, 0.330080923641, 0.364130726765, -0.226052848897, 0.903498159008,  
249, 784360.9843702688, 57.21050630059928, 133.7053831677205, 104.63516483976761, 13.384458881288733, -0.715581759621, 0.546563552158, 0.434983940795, 0.660711513117, 0.327478753058, 0.675439088838, -0.22672238913, -0.770730789412, 0.595458653912,  
266, 1286002.7822346266, 67.46073981663034, 115.58293884294649, 79.87489211264769, 33.25441264681536, -0.878469504392, 0.211001268123, 0.428683793377, -0.0174706097466, -0.91079144406, 0.412496937227, 0.477478908067, 0.35487661275, 0.803788829279,  
295, 2529677.371031205, 84.52636162863253, 115.2790368733229, 90.77861759673263, 57.70887688086126, 0.702302128912, 0.560167086543, 0.439300073844, 0.11325613143, -0.697160222922, 0.707912898787, 0.702812043451, -0.447415309002, -0.553059465927,  
307, 540790.9752147662, 50.54136209742986, 67.07590166927524, 53.326447163620166, 36.093720973433165, 0.176344643777, -0.983532213702, -0.0395847346988, 0.136976692327, -0.0153038543759, 0.990456045365, 0.974751225888, 0.180083804522, -0.132022236682,  
317, 609898.308179802, 52.608542877868175, 137.54499744539785, 81.81145905981695, 12.93927316966514, 0.659377217588, -0.0193109192568, 0.751564217697, -0.699325329763, 0.35121291769, 0.622570132274, 0.275981463285, 0.936096455952, -0.21807718147,  
401, 504457.37824141036, 49.383131153156775, 131.4784003025483, 50.76672950795286, 18.042730888159863, 0.407674517815, -0.716150014317, 0.566507409059, 0.390606482321, 0.697546813779, 0.600712092899, -0.825365412102, -0.0236135465568, 0.564104898867,  
422, 364306.3381502063, 44.3056765455836, 110.71275248393138, 71.09906474235551, 11.048837385305946, -0.517943574309, -0.798398346659, 0.307074150467, -0.852657249759, 0.453061705651, -0.26021280773, -0.0686299370992, 0.396604552326, 0.915420537681,  
424, 926133.7942766683, 60.46838563973979, 82.60317241782712, 76.50135069960055, 34.98801406261964, 0.463442033241, 0.833973158803, 0.299516697735, 0.18531562652, -0.421747617871, 0.88757369575, -0.866533092497, 0.355833833715, 0.350003831965,  
430, 1302751.7217911237, 67.7523477328472, 86.07054704550725, 80.81277635550506, 44.71347835787222, 0.817666380395, 0.00291395396985, -0.575684982647, 0.482868343402, 0.541021242459, 0.688574017915, -0.31346427757, 0.841003878754, -0.440967824912,  
473, 2406552.4227581206, 83.13212955119243, 123.25352916800783, 99.25602947413441, 46.962418627094486, -0.981113814016, 0.184629721941, 0.0576849176336, -0.117129257749, -0.804393364501, 0.582436307356, 0.153936418452, 0.564679715345, 0.810826984104,  
479, 907840.4129980552, 60.06760286715838, 118.83571262006184, 57.58141531083706, 31.67317440692769, -0.876591824423, 0.471937794269, -0.0941354964702, 0.479826015966, 0.842185018283, -0.245949973333, 0.0367935830995, 0.260766396073, 0.964700533286,  
481, 2443742.6020864593, 83.55817582338337, 119.82233449887418, 92.42281333514984, 52.680500181454505, -0.969647533608, -0.167282140793, 0.178326514967, -0.240452655126, 0.784659963684, -0.571394138957, 0.0443416419567, 0.59693000156, 0.801067033416,  
482, 668482.3672546782, 54.241761190477405, 136.25789162865684, 67.34809691722134, 17.390591513596508, 0.808806658046, 0.588067819896, 0.00283356730482, 0.509371102343, -0.702961852443, 0.496372555756, -0.293892616442, 0.400026090665, 0.868104980281,  
488, 679305.229096832, 54.532923755353565, 104.03266192051214, 90.46359624024305, 17.23188504831639, 0.316906211421, 0.296118977566, -0.901046061136, 0.138935035057, -0.954258250415, -0.264741850769, 0.938225724011, 0.0412885291598, 0.343551667385,  
492, 2253531.05634061, 81.33141210603728, 111.99863600528045, 82.69853357806993, 58.08505380924558, 0.68364137249, 0.720088430973, -0.118773420421, 0.666880204624, -0.682472166886, -0.299169741295, 0.296488223207, -0.125317169632, 0.946778929051,  
515, 1783919.7902834963, 75.23655556426306, 124.60404844664735, 73.35282045542934, 46.594831313870415, -0.837915272609, -0.526134383947, 0.145191618069, -0.497546867419, 0.845672767747, 0.19309242505, 0.224377161605, -0.0895554572287, 0.970378642299,  
531, 1290093.10157404, 67.53218702676531, 99.49212719193731, 76.80123986856408, 40.306537865785394, -0.90390837568, 0.070378764006, 0.421896288147, -0.377286845529, -0.595878131904, -0.708931511579, -0.201505048488, 0.799985050795, -0.565172216177,  
534, 435586.10211326403, 47.02496364203499, 105.4425029713359, 44.768582858209975, 22.029079573072956, -0.760848409601, 0.480928258866, 0.435680740258, 0.604431710914, 0.280874406805, 0.745501089499, -0.236160971478, -0.830552573547, 0.504391136048,  
545, 3331855.9878133363, 92.65436218498319, 138.12710717882513, 96.14347251551672, 59.896147837635866, 0.228518417701, 0.191521155051, 0.954515049614, 0.818247082269, -0.569028521468, -0.0817205856225, 0.527495066451, 0.799703813248, -0.286745123666,  
564, 1101209.046762125, 64.06100098246695, 131.56015560215283, 56.66639545186307, 35.26396930122944, 0.622155242792, 0.0577526662979, 0.780760836237, -0.447218388662, -0.792331389384, 0.414977929822, 0.642587400054, -0.607351297795, -0.467125073571,  
571, 3950178.295829988, 98.06394559123477, 127.3294140487038, 99.00793866814317, 74.80477654633397, -0.859178765148, -0.488869690908, -0.151057190596, -0.510831124854, 0.836483267894, 0.19836154974, -0.0293838629192, -0.247592745947, 0.968418515289,  
585, 1238115.914888103, 66.61278104849008, 122.01329056311968, 66.5382523473922, 36.407777409403955, -0.415031482416, -0.409340682979, 0.812520199049, -0.86826258778, 0.444992552357, -0.219321013605, 0.271788423716, 0.796506016051, 0.540101119355,  
639, 2666164.531841519, 86.02000150012692, 134.13169674170328, 84.20428428582211, 56.35503582314862, 0.419436022621, -0.823206389991, 0.382628622042, 0.355505068426, 0.536785872722, 0.765164735968, -0.835278138856, -0.184911239044, 0.517801375457,  
646, 433639.5997197152, 46.95481226854747, 135.30835788310767, 68.84884438449218, 11.112686100678177, -0.715344438468, 0.614029597687, 0.333541582891, 0.0459520412219, -0.434955168051, 0.89927882867, 0.697259452614, 0.658621025287, 0.282926847064,  
650, 256494.5844918623, 39.41515120202567, 102.69975048794645, 39.84625517847188, 14.963482856072712, -0.791453287503, 0.469716183196, -0.391111749945, 0.571708320095, 0.795241966492, -0.201841054954, -0.216220467199, 0.383349608027, 0.897937518756,  
664, 1720451.6931537746, 74.33350727191535, 98.16724747473476, 83.69084686582387, 49.993011331051704, -0.783798968024, -0.526984954201, -0.328551420282, -0.181383662117, -0.311720101845, 0.932700672897, 0.593935303582, -0.790643684697, -0.148739433265,  
690, 1711432.6474795563, 74.2033879117778, 127.17454957712015, 80.52724324260826, 39.89589049451163, -0.683194212051, -0.261499817043, -0.681809001339, -0.70345373353, 0.486229521978, 0.518395309334, -0.195955386255, -0.833785762437, 0.51614221776,  
734, 2631729.8123624446, 85.64806657781988, 119.98128672225687, 100.42093187480023, 52.145270968511944, 0.95647187888, -0.0602897085438, -0.285528800572, 0.18554054941, -0.62957122432, 0.754463238358, 0.225247085302, 0.774600041668, 0.590980986167,  
755, 875946.6073492613, 59.355778915409225, 112.97847084602792, 70.81922807703943, 26.136181934265043, -0.66698481988, 0.729916104314, -0.149511640725, 0.00479752290821, 0.20487076568, 0.978777274534, 0.745055859532, 0.652112298636, -0.140147479977,  
813, 809499.6911044747, 57.815287909159494, 93.15055897649063, 59.68209286952149, 34.7615048101057, 0.527864190174, 0.426387797275, -0.734542608068, 0.522247843166, 0.519080104295, 0.676618825952, 0.669788464397, -0.740776141395, 0.0513236914098,  
819, 535131.6222645771, 50.36443913946994, 118.14489955845556, 57.066822729514314, 18.948434518679175, -0.746553781962, -0.13276214599, -0.651944524657, 0.151053899124, -0.98812187511, 0.0282467606854, -0.647950746737, -0.0773910364441, 0.757740362711,  
838, 733520.7416112004, 55.946715666888075, 111.23537880938962, 57.53849548819266, 27.36039415574612, -0.581506668435, -0.278414629931, 0.76441826797, -0.00137833975911, 0.939953697246, 0.341299204822, -0.813540469027, 0.197414135444, -0.546973092923,  
846, 1643876.1926152774, 73.2138927733247, 123.11971433142817, 96.38224702326725, 33.07164902405207, -0.40081495907, 0.461415302958, 0.791481703378, -0.554788224406, 0.565260142807, -0.610484231586, -0.729079827348, -0.683795941163, 0.0294230556386,  
857, 2626487.9795770035, 85.59116468213378, 109.31459166224951, 89.03470026684627, 64.42424985578896, -0.423003233775, -0.786668543622, 0.449689744926, 0.0613034223511, 0.470293923744, 0.880378052712, 0.904052075173, -0.399970283602, 0.150710376589,  
864, 1744671.4664706886, 74.68069478134647, 120.63511498352813, 76.5807037117057, 45.08498751616716, -0.970915098167, 0.157252601904, 0.180542214857, 0.227750482151, 0.839187156699, 0.493856896186, 0.0738484260565, -0.520611693324, 0.850593836531,  
868, 1203905.7371497904, 65.99351969019739, 82.92430759972724, 70.91523306081133, 48.874517873558894, -0.182834946619, -0.352027142307, 0.917958753634, -0.93183587547, -0.235639122363, -0.27596395634, 0.313453798002, -0.905842754065, -0.284948453982,  
918, 1160259.4854158273, 65.18617618148834, 110.51645974491981, 80.09886978513794, 31.290547756575062, 0.367610455825, -0.832099783756, -0.415298088896, -0.436050691068, -0.548659368877, 0.713325095425, -0.821414845, -0.0811347448182, -0.56453060643,  
926, 805442.91013312, 57.71854632089862, 106.19107150595593, 99.0683201778353, 18.277776043125797, -0.465161433627, -0.825818429381, 0.318824030401, 0.75452942194, -0.181526677208, 0.630661095113, -0.462936488186, 0.533921330494, 0.707543511559,  
927, 790451.813631964, 57.358210965219904, 146.82814947494802, 110.92341098854003, 11.586552922562875, 0.37594230734, 0.282569481967, 0.882508849481, -0.820236996595, 0.544582671058, 0.175045662043, -0.431136464438, -0.789673478246, 0.436505609113,  
936, 2764014.073260311, 87.0597094757883, 109.92483530900434, 88.08520253612686, 68.1479599933642, 0.595144653521, -0.140026820922, 0.791325047504, -0.265139850743, 0.895349020549, 0.357842131323, -0.75861960226, -0.422779636246, 0.495735492216,  
941, 1418188.3029945039, 69.69716234853044, 92.88893150655792, 67.93772298277963, 53.65007527395767, 0.640892921743, -0.462668981809, -0.612530551182, 0.432106001725, -0.442079438243, 0.786034460794, -0.634460925615, -0.768442049575, -0.0834035389663,  
971, 1143026.1876558736, 64.86182892451623, 127.6889554847347, 67.92900514580836, 31.460019152552864, -0.597729941199, -0.784562302889, 0.164866340651, -0.79468849456, 0.55270647443, -0.25096961915, -0.105778608462, 0.281029439753, 0.953851843833,  
976, 3457214.8273301907, 93.80210531272283, 137.51587167526966, 95.1064272209283, 63.106640989325484, 0.788200802107, 0.581290522349, -0.202091128417, -0.24464133124, 0.597270145191, 0.763818690995, 0.56470356348, -0.552602662219, 0.612976494738,  
981, 2490932.3201518483, 84.09259854137677, 116.69316015162224, 105.21134100527276, 48.43567553592079, -0.958137606986, 0.101739148129, 0.267621882172, -0.282753274738, -0.483084888411, -0.828661315746, -0.0449767907339, 0.869642533646, -0.491628876256,  
989, 3581411.395942216, 94.91216222094128, 139.1345886752535, 92.6218931755411, 66.34632011040101, 0.409276048043, 0.228056574391, 0.883449667709, 0.331413678169, -0.939284510926, 0.0889358277481, 0.850092989279, 0.256387999743, -0.460007720769,  
1016, 869669.0535270798, 59.213645910443994, 118.4357139020093, 67.73261184298714, 25.88122939066445, 0.236826300202, -0.639393093523, 0.731498308602, 0.487202239692, 0.729564407639, 0.479968491409, -0.84056366872, 0.242718452248, 0.484293786628,  
1020, 1467968.5626884322, 70.50328972681457, 117.44632953459333, 64.50290342356489, 46.260405301284855, 0.470235360063, 0.882479333845, -0.0104370246083, 0.509941747, -0.262035944715, 0.819326905664, 0.720304186308, -0.390598757057, -0.573231620004,  
1028, 2328757.6859047785, 82.22651752593669, 117.58990750513266, 103.3303387776373, 45.75491890386899, -0.394498297317, -0.15026622805, -0.906526973742, -0.257575803881, 0.965071098412, -0.0478798523974, -0.882057707108, -0.214610893755, 0.419423849599,  
1043, 825609.363556148, 58.196294575341064, 126.25260713254775, 56.16154519496437, 27.79755493552649, -0.642740308781, -0.713231071976, 0.279618192249, 0.161039430169, 0.231051531726, 0.959521490962, -0.7489667532, 0.661752693727, -0.0336478074361,  
1053, 172529.52934635352, 34.5349058288896, 88.40963915695372, 43.65636865428457, 10.671552421794154, -0.67194114679, -0.342434924432, 0.65668365122, 0.0254942609597, 0.875465491716, 0.482607724215, -0.740165615189, 0.341025652031, -0.579531161154,  
1071, 1581849.1069144406, 72.28122120670164, 121.18499927355435, 75.58480836377896, 41.22807557259051, 0.765553604825, 0.0627688984793, 0.640302852972, -0.295075834541, 0.918638616433, 0.262741972793, -0.571714902736, -0.39008096311, 0.721788689444,  
1086, 247255.79977883404, 38.93611590562464, 91.60704211220421, 69.61384876061278, 9.256213691010627, 0.460415516987, -0.693188919374, 0.554532842828, -0.431385344028, 0.371246502232, 0.822242494364, -0.775837764404, -0.617790544309, -0.128103890206,  
1090, 527826.5743861346, 50.13421442251576, 84.15179952330156, 41.99345055979618, 35.65805687561935, -0.157999144877, -0.417186808405, -0.894981249586, 0.288329425476, -0.886357600778, 0.362265573782, -0.944405851646, -0.200811778629, 0.260330975762,  
1137, 871400.0869090679, 59.25290715387648, 156.7620318835471, 81.41194875144255, 16.300463554100624, 0.566859362488, 0.673265063925, 0.474746897682, 0.343250114136, -0.716898375479, 0.606824586171, 0.748899073511, -0.181027271244, -0.637478866128,  
1144, 1580500.7927320483, 72.2606786871346, 141.83665416942256, 72.51702618579812, 36.68408108117199, -0.413179838896, -0.839453606762, 0.352987340884, -0.870059756167, 0.478335901211, 0.119125086827, 0.26884650161, 0.257899995556, 0.928013551013,  
1156, 108850.7937922632, 29.619723294702094, 121.4966016755723, 63.280831691223874, 3.3799220321571353, 0.933930009207, 0.31650689498, -0.166126829054, 0.203508424734, -0.0887232219352, 0.975044876378, 0.293869118765, -0.944431879661, -0.147273099094,  
1162, 3659109.597694633, 95.59362617772577, 141.91131575367908, 99.53836709782048, 61.84139385945451, 0.838085337206, -0.429503424356, 0.336362566328, 0.233968562576, 0.839969075473, 0.489602557158, -0.492820128735, -0.331630458064, 0.804456064678,  
1172, 803034.4326727339, 57.66095787737175, 88.54446714971562, 56.94168307301041, 38.02365226518565, -0.883108154166, 0.118630773957, 0.453923702306, -0.131702313699, -0.991285241441, 0.00284089208747, 0.450304884063, -0.0572739868691, 0.891036027227,  
1187, 1279892.5742103527, 67.3537276810703, 141.13575552004045, 51.103555277418415, 42.36397884841127, 0.157364358393, 0.254532528956, 0.954174853164, -0.57073601846, -0.765067896385, 0.298213868143, 0.805913677722, -0.591510190634, 0.0248764635035,  
1195, 1034943.5780326957, 62.74936783627299, 114.17537165743619, 93.79123590828604, 23.072431860170994, 0.153242843872, 0.26986532509, 0.95062576081, 0.719557274249, -0.689828671738, 0.0798356607291, 0.677313782436, 0.671795437587, -0.299894865177,  
1243, 2899704.142531547, 88.46164815235608, 131.07685844186437, 86.51464303835054, 61.04490686997395, -0.193330382466, -0.0914303743859, 0.976864294493, -0.972164148699, -0.116470724157, -0.203301348736, -0.132364010211, 0.988976772758, 0.0663680024327,  
1270, 1126226.8504872469, 64.54249591793852, 107.96698111266343, 68.5874595861811, 36.3079386077943, 0.343993371234, -0.0828878325814, 0.9353064566, -0.634374893813, -0.754900429121, 0.16641465144, 0.692269495679, -0.650580471059, -0.312262703552,  
1273, 413520.6251492918, 46.21711748413009, 106.92648776948666, 91.50173409933734, 10.090064443151892, -0.820516405185, 0.0558571406375, 0.56888734268, 0.39292673255, -0.667701108225, 0.632284598044, -0.415164318879, -0.742330930189, -0.525911949298,  
1286, 2627621.041100029, 85.60347086360018, 130.4188603223409, 97.58590287382432, 49.28861743731132, -0.70308426435, 0.573893405054, -0.419903413726, 0.358099889979, 0.795896743067, 0.488172964401, -0.614359004183, -0.192859363294, 0.765093641308,  
1304, 1815803.8299390932, 75.68214622984273, 126.66682659516884, 79.66624309906747, 42.95790478446258, 0.396303041526, 0.740530187225, 0.542732845041, 0.856763690923, -0.510757499825, 0.0712934379101, -0.329999813929, -0.436739989217, 0.836874127109,  
1349, 648547.412980316, 53.69712585577752, 88.64970573033818, 55.856863371102335, 31.26794067783844, 0.902727335529, -0.226966891274, 0.365471459836, -0.338533862299, 0.149459294405, 0.929008473262, 0.265477271656, 0.96236580861, -0.0580850122908,  
1369, 527798.2225698155, 50.13331676562232, 131.10422103778757, 69.9020535637497, 13.749050434039576, 0.888636065631, -0.180420947256, 0.421632807845, -0.312008331521, -0.911647510723, 0.267487602056, -0.336120133169, 0.369252079187, 0.866415695896,  
1383, 424819.19460299506, 46.63426905008606, 123.89819630095901, 55.224605503656264, 14.82237906892914, 0.461212451412, 0.718458776214, -0.520672700977, 0.755202235014, -0.625906097535, -0.194707835742, 0.465781771748, 0.303411509257, 0.83125735916,  
1404, 488018.30259429483, 48.840769780135126, 101.99331953402019, 77.45411606723319, 14.747936939419931, -0.975753893325, 0.0977534709788, 0.195827982101, -0.174062466763, -0.889001796562, -0.423530475141, 0.132689853894, -0.447347811686, 0.884462174462,  
1500, 476826.45876826183, 48.46451960828373, 103.00985640977277, 60.925334403881415, 18.138235378798303, -0.0666653256002, -0.579392327088, 0.812317835378, 0.354456867143, -0.774777432681, -0.523526751126, 0.932692909643, 0.253030553728, 0.257020378924,  
1526, 639606.5091930957, 53.44922615918552, 126.57635761601263, 86.79456982667577, 13.898857949757806, -0.742496293389, 0.662626365041, 0.0981099111007, 0.66984154194, 0.735223110146, 0.10372698298, 0.00340044028682, -0.142734994519, 0.989755100187,  
1612, 866627.2244483688, 59.1445283548454, 68.19215101438067, 67.22004147225236, 45.134699233295926, -0.591103021825, -0.731942158337, -0.338906911171, -0.32587203825, -0.167644039418, 0.930431561553, 0.737837808923, -0.660421193555, 0.139424584727,  
1616, 1697497.2843944905, 74.0014380987065, 104.53654217690503, 81.99874600576912, 47.27648044374092, 0.706790348895, 0.0615389987746, -0.704741338605, 0.229944613285, 0.922128337344, 0.31113470441, -0.669008877019, 0.381958480854, -0.637600848002,  
1668, 476606.66347109113, 48.45707181782757, 88.16991841343885, 56.42702162963251, 22.869882540786293, -0.142879406017, -0.974452081243, 0.173287670354, -0.42576793825, -0.0975410818323, -0.899559558958, 0.893480351264, -0.202308869592, -0.40095384172,  
1685, 386517.1738006722, 45.18837547289369, 92.30699243641693, 55.57155469411549, 17.98842078920666, -0.519266713703, -0.603594745718, 0.60500864703, -0.0643986957199, 0.733556710608, 0.676570292218, -0.852182426496, 0.312358664461, -0.4197822968,  
1690, 2036739.8101514168, 78.63495591295501, 105.27579099149297, 84.96204163542008, 54.3617576086906, -0.519275789751, 0.841943264961, -0.146574870852, -0.568486381095, -0.468366328118, -0.676355096968, -0.63810335267, -0.26788900924, 0.721844574711,  
1729, 797172.6924425929, 57.52031662656765, 125.46453414907957, 71.15325023202277, 21.318079744785102, -0.100252720568, 0.508647769644, 0.855118026038, 0.994624065738, 0.0288358765138, 0.0994558197444, -0.0259299030876, -0.860491684249, 0.508804187743,  
1826, 2569411.9281072817, 84.96662651982732, 121.97029881618303, 87.3280944380311, 57.58867086171341, 0.493754524687, 0.686790988007, -0.533408481507, -0.52382214786, 0.724519439517, 0.447975377865, 0.694130266422, 0.0582213067007, 0.717491081954,  
1847, 1555806.4540197584, 71.88235878233354, 113.90178991483725, 75.32779373700494, 43.289359780014834, 0.528901944629, -0.83670768842, 0.142066805087, -0.224523823333, 0.0234829329376, 0.974185610968, -0.818444735901, -0.547146046317, -0.175440640319,  
1851, 828663.1035929688, 58.26795788287583, 92.87163023910063, 78.24055645138894, 27.225407780565778, 0.561215285907, 0.422084705492, 0.711956392101, 0.654312054095, 0.300527813265, -0.693944356069, -0.506865996818, 0.855293829537, -0.107514308008,  
1897, 2227482.167590718, 81.01682302771131, 110.94483208840404, 88.73045811993914, 54.01891110800986, -0.949890880964, 0.0937290854297, 0.298198210602, -0.283707187275, -0.658982437061, -0.696600588238, -0.131215647504, 0.746295522022, -0.652553022873,  
1919, 4446131.712911427, 102.00729665926652, 130.89735528289899, 93.85009083678793, 86.40286545673906, 0.0919392498419, -0.277327081588, -0.956366490503, 0.705967293905, -0.659181655872, 0.259016842114, -0.702251631735, -0.698977277442, 0.135179182365,  
1928, 289977.9055249095, 41.060613415545774, 97.84158539886081, 41.92852765094749, 16.874977637273876, -0.198177930129, -0.934015956445, 0.297219954102, 0.0705367839768, 0.288857862862, 0.954769970815, -0.977624708217, 0.210179276261, 0.00863722838731,  
1932, 1915995.0353686896, 77.04928094107076, 110.3254646682655, 81.34798235232626, 50.96631324167093, 0.520453218107, 0.765239208504, -0.378863301905, 0.775749112643, -0.238313637578, 0.584311496018, -0.356849775111, 0.598009668745, 0.717664736553,  
1954, 2936848.822524925, 88.8377725142444, 136.04667682627135, 101.44899152851242, 50.79925111600728, 0.199153522897, -0.0483574606755, -0.97877445324, 0.205898097242, -0.97442255167, 0.0900370165522, 0.958093861722, 0.219458986588, 0.184102974815,  
1959, 1600913.1919587753, 72.57043472462912, 114.52158675708962, 92.61548212214463, 36.033647473961466, 0.162945418845, -0.816563784288, 0.553780079694, 0.0358045285218, 0.565805776902, 0.823760801788, 0.98598520588, 0.114400214217, -0.121432140607,  
1965, 165136.1753631843, 34.034382142569434, 127.13579658311457, 112.59804852675774, 2.7539427035184194, -0.0107048627586, 0.940243494843, 0.340334506506, 0.202647585156, -0.331251516848, 0.921523949128, 0.979193220025, 0.0788327532929, -0.186992071662,  
1974, 1149276.0777617956, 64.97983225434972, 107.90258193015387, 79.00125198003158, 32.186217891649534, 0.188086228056, -0.979356016017, 0.0740632480127, 0.942476739471, 0.158757383745, -0.294166090265, 0.276335242723, 0.125131478842, 0.952880342242,  
1976, 3580406.2927362705, 94.90328253324806, 116.38370773287521, 108.01163015411268, 67.99562859339812, 0.0200570709658, -0.101732034704, 0.994609625441, -0.79224070341, -0.60845281024, -0.046258464849, 0.609878989443, -0.787042419966, -0.0928000399277,  
2005, 780208.8329942769, 57.10937638329387, 123.8175329680228, 80.39186541321031, 18.712335727945483, -0.392466851665, -0.888366410739, -0.238274821614, -0.912935434266, 0.407767220812, -0.0165766852038, -0.111886832136, -0.211023728292, 0.97105629234,  
2026, 2791817.4152796473, 87.35064863471634, 102.62567037342413, 87.24339121999934, 74.4405986548048, 0.144998274223, -0.46477039527, 0.873478093688, -0.429142465062, -0.824990627853, -0.367732523223, 0.891522431099, -0.321525961059, -0.319074930403,  
2044, 848798.5536200319, 58.736131640967436, 123.93853499093188, 69.77721490188071, 23.431280996893644, -0.517133162168, -0.85062074654, -0.0949612454757, -0.849339964619, 0.523713742538, -0.0659207128203, -0.105806035216, -0.0465645941993, 0.993295938519,  
2072, 1606580.6412182958, 72.65597025335728, 125.14651498758523, 89.94019453162399, 34.07542942198363, 0.610933436933, 0.196251022861, -0.766971884532, 0.452528524215, 0.708352610018, 0.541714421676, 0.649598545572, -0.678028108493, 0.343947108848,  
2100, 1073762.0605331587, 63.52428933834284, 110.06098175071259, 58.13052313584084, 40.06653924792584, 0.131924895997, 0.0507675788306, 0.989958824778, 0.732750038549, 0.667595588966, -0.131884459282, 0.667587599363, -0.742791210592, -0.0508725332975,  
2117, 485223.0519084793, 48.74734180658999, 91.63669536993355, 65.98443964299156, 19.15763363737148, -0.0791916939647, -0.771432212874, 0.63136440868, -0.995431853272, 0.0950789580632, -0.00868430908565, 0.0533301143602, 0.62916796857, 0.775437661085,  
2129, 1284491.7030834802, 67.4343068851847, 102.28115348508689, 84.80117008466065, 35.35454335589602, -0.880846406236, -0.421763854622, -0.214999673383, 0.00875988148542, -0.46860222118, 0.883365848775, 0.473321109921, -0.776226261627, -0.416461183862,  
2130, 1352800.722835241, 68.60910264383321, 137.61563084921684, 83.61073312705507, 28.068255457230745, 0.297831000925, -0.694123078946, -0.655354748333, -0.708790769557, 0.299074412978, -0.638881945662, -0.639462539855, -0.654788245754, 0.402914399525,  
2142, 963401.5892991077, 61.268829434359176, 123.09258738871968, 64.46644077816286, 28.983655248159543, 0.695624885692, -0.259491431194, -0.669903138925, -0.529850830675, -0.815029766374, -0.234487904075, 0.485143396985, -0.5180643561, 0.704446738441,  
2153, 1536174.3375195318, 71.57872619568796, 147.42398638099823, 59.18412036238417, 42.0318541842748, 0.818418958822, -0.527916872707, 0.226923298391, -0.471627872185, -0.842729090235, -0.25956662083, -0.328264463534, -0.105410891195, 0.938685775964,  
2174, 1897001.2795014656, 76.79383179054048, 105.72455677905731, 88.16268016225459, 48.586806745041415, 0.0848975237486, -0.991728611619, -0.0962640709642, 0.413094813072, 0.122951594638, -0.902350032299, 0.906722165757, 0.0368410948962, 0.42011623136,  
2193, 2568999.500896618, 84.96208015865395, 109.87806995858229, 92.28832634765463, 60.48081268470833, 0.141644573117, 0.381565707931, 0.913424559248, 0.475954020906, -0.835325338471, 0.275135146594, 0.867988816109, 0.39577669138, -0.299927033911,  
2222, 1808245.6849793177, 75.57699314344777, 113.88188102663509, 82.44825972781246, 45.97616078888669, -0.0160432378947, -0.759811380412, 0.649945598272, -0.0601755526384, -0.648117258364, -0.75915935236, 0.998058874708, -0.0512902096508, -0.0353241703577,  
2247, 508833.6157132582, 49.52552201918806, 95.04192176340104, 66.45415180765617, 19.23312513228142, -0.186221492822, 0.977006139121, 0.103829474284, 0.964592047981, 0.161712962634, 0.208353302563, -0.186771883815, -0.138952948278, 0.972526781935,  
2251, 1535790.8627049846, 71.57276964019407, 89.82913496280305, 79.84210130116969, 51.12040599234732, -0.501564802739, 0.514328240194, -0.695628643741, 0.1340521385, 0.840576553731, 0.524843863907, -0.854671148932, -0.169992701773, 0.490550413849,  
2261, 541294.6873253632, 50.5570492403815, 110.54460146302449, 48.37855438830356, 24.163215660245683, -0.576947749208, 0.810508539055, 0.101030702277, 0.796278739546, 0.530605781287, 0.290512777366, -0.181855612044, -0.248059293282, 0.9515225291,  
2266, 1250879.0514419782, 66.84089195881741, 121.34893927781685, 69.34323959705183, 35.48841461067066, 0.508275089822, 0.693396649795, 0.510742125852, 0.72698379463, -0.663401899187, 0.177179238346, -0.461682786567, -0.281245455444, 0.841278787549,  
2272, 2274318.494429349, 81.58072450518034, 135.63523558186372, 78.37787192671298, 51.0736246063796, -0.938622399011, 0.176321515153, 0.296477175123, 0.319228886943, 0.769656986125, 0.552920465755, 0.130693954779, -0.613627612648, 0.778704207758,  
2281, 1447058.792828318, 70.16693760328367, 102.0719740391692, 80.63384790173428, 41.97335341906259, -0.889304662613, 0.20892507996, -0.406801583106, 0.235245989612, 0.971817581131, -0.0151628947249, -0.392169021501, 0.109182873971, 0.913390693299,  
2292, 1698449.3413451468, 74.0152703085795, 124.95501328420818, 79.87316294223302, 40.626501104741145, -0.422174848801, -0.0800448825857, -0.902973539929, 0.877738557778, -0.285076575911, -0.3851056609, 0.226590867491, 0.955156616812, -0.19061064013,  
2310, 2517073.896176013, 84.38575080904184, 114.99936022209792, 86.7737825778416, 60.217594505506106, 0.845677023252, 0.362457411715, 0.391733323879, 0.47053602518, -0.160001451693, -0.867753066525, 0.251845630003, -0.918163471365, 0.305858821189,  
2323, 1085421.5081817915, 63.753388315457656, 124.09273369327293, 80.1467167841375, 26.054198986873228, -0.224844075398, 0.125533510051, 0.966274536357, -0.96445835732, -0.169931273544, -0.202344852337, -0.138799203002, 0.977427593291, -0.159279882974,  
2326, 2376026.600658037, 82.77913737349091, 130.47825205034263, 102.09652758770007, 42.580777543508866, -0.686195968422, 0.719439041525, -0.1074362995, -0.499790495681, -0.358984487274, 0.788250974197, -0.528530560467, -0.59459028198, -0.60590250307,  
2327, 1330719.2351158266, 68.2337555173367, 111.1250396226477, 75.8186648406198, 37.70593930448082, 0.378189637407, 0.877504043875, -0.294888540198, -0.193481747549, 0.386438283332, 0.90179280688, 0.905283056023, -0.283993144561, 0.315927970144,  
2369, 1216277.438432428, 66.21880622820107, 115.05611464692717, 76.17758863970029, 33.12890764172468, 0.260615312501, -0.441308210566, 0.85867730969, -0.509126882662, 0.692865269968, 0.510614859776, -0.82028621605, -0.570249753143, -0.0441105746851,  
2373, 755456.6399007192, 56.4989414579857, 135.16597932030342, 52.51508157654654, 25.407942245870075, 0.476472711016, 0.597480045409, -0.644973914972, 0.458883170685, 0.456744127421, 0.762109596927, 0.749933324582, -0.659092100851, -0.0565474250257,  
2389, 418378.0704072859, 46.3973775674066, 147.4810943146439, 81.74169981125695, 8.285148315306742, -0.888807475707, 0.378219977515, -0.258787402583, 0.124085911969, 0.742212871635, 0.658576297502, 0.441162053647, 0.553235665687, -0.70661611971,  
2391, 1466119.7332772857, 70.47367889370939, 110.79559950900625, 92.93902485410769, 33.99070768730503, 0.0575421635342, 0.398274641589, 0.915459561796, -0.734813226417, -0.603849035658, 0.308894584636, 0.675824253559, -0.690466256961, 0.257910694426,  
2392, 948779.0548460077, 60.957267816357295, 125.62540744934365, 95.26254998432167, 18.92678259304091, -0.0645058184229, 0.285811484354, 0.956112333777, -0.309017266534, -0.916734540327, 0.25319184733, 0.948866338519, -0.279122872553, 0.147455395439,  
2397, 2681608.0774461445, 86.18576984575807, 125.30431446046101, 114.55042888157261, 44.60093379152652, 0.429211678452, -0.85601033878, 0.288138222009, -0.885406053236, -0.33575005703, 0.321446760905, -0.17841932623, -0.393088029717, -0.902024581107,  
2405, 2787749.1936151013, 87.3081990402258, 115.60820096096052, 100.29896186692949, 57.395786134569185, 0.182203624866, -0.832687608301, -0.522908391659, 0.0583765329647, -0.521711424804, 0.851122417533, 0.981526372282, 0.185603168643, 0.0464482971183,  
2417, 812750.790619765, 57.89258346378776, 114.36801863780919, 48.42389055475193, 35.03519303884867, 0.484329331736, -0.119128834987, -0.866737226093, -0.404297729508, -0.90903626054, -0.100977338737, -0.775866254154, 0.39932617958, -0.488436442095,  
2455, 2517236.9365402968, 84.38757276409385, 120.1124190646526, 87.67015251023273, 57.068414981052854, 0.532582111706, -0.839970715072, 0.103949469033, 0.562218415094, 0.442902007693, 0.698389766041, -0.632666379714, -0.313507590662, 0.708128690689,  
2475, 2295495.3321885746, 81.83314989613062, 139.54829116626456, 82.63661549905069, 47.52156780770361, -0.00259747761972, -0.73760371466, 0.675228859891, 0.680892855547, -0.495830929985, -0.539014478595, 0.73237843522, 0.458358428514, 0.503517009281,  
2479, 2263006.1962761395, 81.44524072361003, 133.58040866434328, 113.87145777774964, 35.51726253604183, -0.118590179549, -0.992577782457, 0.0269390995874, -0.984685874844, 0.114069049256, -0.13184073682, 0.127789268712, -0.042161567496, -0.990904791102,  
2480, 1052853.9151670411, 63.109271806672666, 100.4849183035543, 70.26642588941102, 35.59842303748531, 0.767615229677, 0.186313933802, -0.613232400677, 0.133870216083, 0.889098848825, 0.437700813643, 0.626773981922, -0.418079364582, 0.657543930469,  
2482, 2428733.0937033067, 83.38675247157678, 112.11240354153279, 92.97337517879467, 55.62613949652798, -0.0951269555076, -0.222783340919, 0.970215669501, -0.275720347051, -0.930607944082, -0.240722131581, 0.956519290217, -0.29040736461, 0.0271000004162,  
2483, 948454.842374876, 60.950323678387434, 142.45594045470799, 42.85765822564098, 37.08677312508854, -0.565700640477, -0.41438898685, 0.712926751456, 0.109771867019, 0.819023788313, 0.563160875229, -0.817271633287, 0.396839768364, -0.417834028856,  
2494, 1513215.6858526543, 71.22034531934906, 139.27953643965932, 105.76848994564726, 24.52271825826557, -0.626946890039, 0.121113368376, -0.769590247515, 0.776802019688, 0.172371598412, -0.605695182636, -0.0592977173085, 0.977557969668, 0.202148946721,  
2512, 735136.7270752203, 55.987770069887056, 129.13687103141928, 73.30705773380853, 18.53887870151323, -0.923725971252, 0.338813861655, -0.178705056404, -0.0357446953029, 0.388249182013, 0.920860950103, 0.381382546522, 0.857010933312, -0.346525054494,  
2521, 1893105.4907116992, 76.74122638195293, 135.27526028224244, 78.91916914918168, 42.33361181647317, 0.76432542402, -0.17988526432, -0.619231731969, 0.296278574941, -0.754966842532, 0.585016301232, -0.572735237459, -0.630607927604, -0.523744202274,  
2542, 1403288.3755337072, 69.45221581764778, 129.32666501380564, 85.57047834774929, 30.272360053294015, -0.00394997061868, 0.579806912797, 0.814744341254, -0.768480548333, -0.523091245217, 0.368528419543, 0.639860957213, -0.624659501689, 0.447636529323,  
2551, 2030473.2570262472, 78.55422618173753, 105.52297167217408, 81.653909947114, 56.258048874895934, -0.123793079618, -0.94632619757, -0.298566577552, -0.724509027621, 0.291792178832, -0.624454956957, 0.678057477161, 0.139010978578, -0.72174372564,  
2557, 1785024.6310144712, 75.2520845241097, 114.46070203965479, 78.29483598888459, 47.55170351064378, 0.642498544774, -0.0240096696029, 0.765910670855, -0.453434913005, 0.793828298659, 0.405257216982, -0.617731656654, -0.607667810578, 0.499146704241,  
2567, 1000214.6005949122, 62.03948635868832, 83.0161525790381, 62.993237078388916, 45.66127690966476, -0.573935611295, 0.123163650932, -0.809585467494, 0.816150048824, 0.166989229566, -0.553185045906, -0.0670597635897, 0.978235816303, 0.196361085272,  
2570, 286985.6225910055, 40.918889943213216, 108.31013870082043, 27.61233905044996, 22.908635450407754, -0.593464224685, 0.377249256875, -0.710973425809, 0.746893436714, -0.0710339559808, -0.661138692931, 0.299917335632, 0.923383547225, 0.239608882353,  
2575, 1104972.9580617545, 64.13390440687901, 145.60670719710728, 74.83774269065277, 24.2081153557862, 0.24218052015, 0.932686495467, -0.267291033957, 0.722956950979, 0.0102532821412, 0.690816992579, -0.647056290203, 0.360542329525, 0.67180903978,  
2578, 445299.7081572136, 47.371950528593494, 103.21563598327025, 65.10043727873312, 15.821017195807817, 0.145130329732, 0.9839193015, 0.104115299204, -0.947804916194, 0.108060275429, 0.299981362275, 0.283906724524, -0.142217386457, 0.948246374504,  
2579, 1214421.2384888367, 66.18510286362435, 100.37776871823694, 67.57672137421223, 42.74113882881668, 0.097991339358, -0.481795438842, 0.870787489875, -0.269425592118, -0.855165829656, -0.442833212508, 0.958022728187, -0.191218615463, -0.213606866411,  
2596, 2449537.419078629, 83.62417051404223, 113.72574983174702, 82.59668603610163, 62.25497127211322, 0.129269401015, -0.0543168429811, 0.990120751489, -0.252607429586, -0.967360304506, -0.0200880010054, 0.958894628455, -0.247515094156, -0.138770925218,  
2603, 2209089.6987618757, 80.79321935310941, 121.30791786832447, 68.60295846426587, 63.371319185625545, -0.770232934295, 0.495784932216, 0.40117144454, 0.226647818946, -0.375178833444, 0.898816782833, 0.596130852325, 0.783222920964, 0.176606520216,  
2604, 2986416.648858054, 89.33478494121277, 133.19896727359938, 111.35675910506043, 48.06670458174753, 0.0052056134075, -0.310699942684, 0.95049379125, -0.9962937939, -0.0832210390078, -0.021747066534, 0.0858578932039, -0.946857858542, -0.309981641217,  
2609, 2114919.1193248653, 79.6284724768228, 121.19426648728368, 82.20613375539855, 50.67792870227469, -0.325052634945, -0.620125091335, -0.713992755994, -0.0546858229216, -0.741403040968, 0.668828073285, -0.944113470557, 0.256449608968, 0.207082961089,  
2612, 1528015.1521708146, 71.45177421061953, 131.2545985532465, 69.29807511468498, 40.1054461601863, 0.882642914812, 0.274772618949, 0.381367923152, -0.199611609411, -0.515438898252, 0.833353434959, 0.425554567971, -0.811678969818, -0.40010068687,  
2621, 901939.8608975105, 59.93718248247888, 140.75949044102794, 104.62641103860436, 14.620760309430791, 0.260288377886, 0.937532144648, 0.230832056028, 0.219194369815, -0.290207549738, 0.931522091159, -0.940321109291, 0.191867287019, 0.281039419999,  
2626, 322402.0820068033, 42.53728262895328, 87.99843112887937, 48.52517805346543, 18.024663320627003, -0.050630092392, -0.257080132295, 0.965062899154, -0.0272943818684, 0.966297450942, 0.255977055656, -0.998344434783, -0.0133806533185, -0.0559405725209,  
