# Void_ID, Void_Volume, r = (a*b*c)**(1/3.0), a, b, c, vector_a, vector_b, vector_c 

8, 1962394.4825624153, 77.66629146902125, 110.91128333032798, 72.46126525679341, 58.29295367314956, -0.560006596842, -0.494917120946, -0.664416778, -0.788174547426, 0.0711376447064, 0.611326687047, 0.25529099922, -0.866023370874, 0.429918628134,  
10, 409934.880858342, 46.083142631480655, 100.95475100805581, 68.11908712513585, 14.23084481936004, 0.825861121557, 0.275584714404, -0.491941534217, 0.430049725635, -0.872112640207, 0.233402605537, 0.364706239846, 0.404317459402, 0.838759053984,  
17, 1753691.347290904, 74.80917234957258, 106.03107855661972, 88.07617285788392, 44.830433212944435, -0.653801477771, 0.468614649298, -0.594090850062, -0.372825634644, 0.483713630645, 0.791847314626, -0.658441093658, -0.739203242682, 0.141541132506,  
18, 1609993.4329800052, 72.70738054269819, 120.58702947981203, 83.7883358178928, 38.04094821230846, 0.755464459512, -0.654440215609, -0.0313281759452, 0.241566792506, 0.233772470378, 0.941804606515, -0.609031144665, -0.719067755005, 0.334697816754,  
60, 1253160.6420900167, 66.88150631078705, 138.94288397701533, 84.10717638533364, 25.600519298562183, 0.266327220857, 0.95293615627, 0.144853351718, -0.56486564837, 0.0325326317469, 0.824541343514, 0.781022797825, -0.301420486936, 0.546945225167,  
63, 1486078.4074511924, 70.79203088350259, 129.48860511286986, 76.64007968326047, 35.749141305803, 0.0738047350906, 0.593160459318, 0.801694162745, -0.299443770918, -0.753611633723, 0.585152060217, 0.951255112542, -0.283249316007, 0.12199809771,  
65, 1018456.1350198225, 62.414367404153175, 99.87013620329726, 63.37306402641015, 38.41610872224638, 0.494545554578, 0.867612723756, 0.0516996714097, -0.328750461974, 0.13166341643, 0.935194032555, 0.804579286459, -0.479492342328, 0.350341641045,  
82, 1007279.6586660376, 62.18521661540355, 128.81160065842434, 85.37922336654435, 21.8652414502877, -0.173077804545, -0.762040840841, 0.623969414687, -0.124921492131, 0.64539899492, 0.75356138314, 0.976953783133, -0.0524775594571, 0.206899519999,  
103, 350715.14454852574, 43.74770788459648, 94.83248092966916, 86.24186521118584, 10.237423219004373, 0.376054975517, 0.874442945919, 0.306483588013, 0.675276753117, -0.0321398969563, -0.736863850194, -0.634495044968, 0.484062559341, -0.60257736147,  
113, 1229371.793153678, 66.45559412549404, 90.85665953025644, 78.43168545960741, 41.185687683844534, -0.752243251446, -0.538942689675, -0.379039401513, 0.180769306029, -0.72201216677, 0.66784795353, 0.633602831947, -0.433865426466, -0.640553075917,  
121, 1017134.6415765479, 62.38736055390655, 105.09886969032316, 75.69718432898578, 30.521935171010977, 0.629223053781, 0.291555301374, 0.720467802772, 0.159430602264, -0.955680525838, 0.247500738575, 0.760697201028, -0.0408685548316, -0.647819056198,  
123, 2768994.747151758, 87.11197112815196, 104.36212286976604, 89.79333850591068, 70.54179378851089, 0.715074216558, 0.432342207569, -0.54931692161, -0.558961651261, 0.825526642794, -0.0778950220267, -0.419798448345, -0.362747815418, -0.831975531597,  
127, 2143831.3753254884, 79.98968829632406, 109.08264127586601, 89.53824556053203, 52.40078434897703, -0.53786428405, 0.820664481352, -0.192903657277, 0.813456061057, 0.445147532708, -0.374343306143, 0.221339668096, 0.35826454356, 0.907003455426,  
131, 1134106.464759522, 64.69266948063427, 97.36677545807454, 76.49242426273277, 36.35264405354653, -0.471763604993, 0.583780245966, -0.660787201317, 0.856925284049, 0.480056227983, -0.187683445012, -0.207649123671, 0.654787478801, 0.726729109809,  
136, 2214191.539807857, 80.85536821799761, 109.09562134095961, 86.93772512334262, 55.7328158183636, -0.482909884434, 0.129238080084, -0.866080574873, 0.870377771409, -0.0377334727182, -0.49093657439, 0.096127928061, 0.990895405022, 0.0942640851753,  
149, 2414986.7483483492, 83.22913497435891, 128.51462451371788, 89.34706636105528, 50.210355198082375, 0.707144057046, -0.385424269955, -0.592786145852, 0.263994081033, -0.633825089276, 0.727030179142, -0.655937807847, -0.670607104297, -0.346455919134,  
168, 1320729.0649241896, 68.06257495093118, 146.66315565462284, 85.88837180761966, 25.030511872118364, 0.844860822681, -0.0787044039814, 0.5291651983, 0.442069818716, 0.659777418253, -0.607674282609, 0.301304606137, -0.74732815761, -0.592212933972,  
184, 4338506.24035214, 101.17748326947103, 126.71182795284543, 98.43651882264565, 83.03825505146025, -0.191482169962, -0.347059871216, 0.91808715511, -0.677069400822, -0.630488352278, -0.379554296658, 0.710571322991, -0.694286600355, -0.114256341224,  
185, 1763172.9187164025, 74.94375209636617, 132.9588375313218, 88.142016217017, 35.91750057688212, 0.780466163402, -0.463967793588, -0.419054237895, -0.447282732179, 0.0539427162418, -0.892764437497, -0.436818870103, -0.884208159812, 0.16542431757,  
196, 932237.8757923653, 60.60094244058229, 126.81403833866005, 54.45026124868172, 32.23078135691482, 0.37543709292, 0.72736546394, 0.57444448916, -0.404728005799, -0.428911949103, 0.807607442535, 0.833811867619, -0.535699562986, 0.133355718417,  
203, 2463191.872099594, 83.7792647219337, 114.13362964937305, 86.86720595875019, 59.31166993228217, 0.854892902673, 0.0692496252711, -0.51416205068, 0.214644801726, 0.855042314057, 0.472048991382, 0.472319525376, -0.51391354387, 0.716105533686,  
212, 852410.8966478391, 58.81933739520265, 86.01422325023937, 56.91315727338847, 41.569751927865184, 0.938876630289, 0.341802896053, -0.0410055282505, 0.24838647388, -0.755070482752, -0.606772383741, 0.238358622019, -0.559499192427, 0.793817246589,  
214, 2191886.295787048, 80.58294540738004, 121.45121138535428, 72.12215706941248, 59.73912452665957, -0.544627895243, -0.515795523394, 0.661313415689, -0.837651124623, 0.373546160148, -0.398502019639, 0.0414855292916, 0.770985242586, 0.635500359224,  
221, 1035487.9443561392, 62.76036768082076, 115.69050345367036, 91.87125554712175, 23.258359285511933, -0.441107298949, -0.176489186996, -0.879929495862, -0.224218788494, 0.97105195436, -0.082365264638, -0.868993835249, -0.160964806111, 0.467910296417,  
236, 1030476.3847114057, 62.658954585866574, 130.60927807051903, 102.56224739181286, 18.36487076689562, -0.906895304901, 0.11117863806, -0.406423690731, -0.309619846671, 0.478391417687, 0.821752518725, -0.285790931445, -0.87108034183, 0.399427817737,  
240, 912665.6370073239, 60.173835798826644, 136.42150415247494, 56.19671681532843, 28.420342844093053, 0.479088082665, -0.769089926422, -0.423054717648, -0.698380077984, -0.0420186227971, -0.714492618586, -0.531732898854, -0.63775788542, 0.557247704223,  
243, 819075.7981677299, 58.0423732240032, 122.38914130671795, 65.40594385905476, 24.42729512042317, -0.409396776947, 0.518978946951, 0.7503699965, -0.0136102893213, -0.825835176417, 0.563747302803, 0.912254919992, 0.220583576029, 0.345157713134,  
250, 1676747.901672907, 73.69868192779727, 110.31172854663845, 78.83076265887044, 46.03220134043327, 0.0124721051592, -0.989650158319, -0.142958073337, -0.0200611847097, -0.143188071157, 0.989492155172, 0.999720958798, 0.00947314189856, 0.021639411305,  
287, 1978052.0323503574, 77.87230574632954, 98.66839170987922, 78.17596613405314, 61.220630178252044, 0.483098921732, 0.702712704072, -0.522312442277, 0.743585905459, -0.0143252036181, 0.668486940593, -0.462272033573, 0.711329490516, 0.529447752756,  
291, 1357767.1851354109, 68.69296037170417, 110.60340921184532, 60.59239162313068, 48.36710465927196, 0.081544037442, -0.30560096332, -0.948661489244, -0.799801302828, 0.547881372824, -0.245242486748, -0.59470029927, -0.778738757562, 0.19974358943,  
298, 2367033.7254991503, 82.67457013780091, 150.96336582282484, 78.38449561636124, 47.75447756657645, 0.0935620554457, -0.662959937618, 0.742785475689, 0.411099486959, 0.70521327702, 0.577643008905, -0.906776352582, 0.251313260749, 0.338523693955,  
310, 747304.840273906, 56.294987706050435, 94.38809689305623, 75.32753583915166, 25.092168509794647, 0.90631419314, -0.398728389379, 0.140036619554, -0.0905249118395, 0.140503468254, 0.985933068593, 0.412795135206, 0.906241936191, -0.0912454351675,  
311, 816681.4055910794, 57.98575987569908, 98.84943075903062, 61.26859097865306, 32.192299002480866, -0.339837382053, 0.75498991539, -0.560803692407, 0.903143477064, 0.428333740612, 0.029360968807, -0.262378378673, 0.496508241937, 0.827428034389,  
325, 1000993.6417836386, 62.05558916055925, 137.36953784574402, 85.41367717286752, 20.366896350051885, -0.485570009285, 0.677314436913, -0.552690618368, -0.143293642502, 0.562008363061, 0.814624779802, 0.862373873736, 0.474754413775, -0.175839553285,  
342, 1311210.0266432264, 67.89866218646635, 102.2815985002896, 82.29875932743103, 37.18714672630921, -0.193242991298, 0.468012307338, 0.862334985081, -0.9461717212, -0.321478923973, -0.0375549656193, 0.259646336997, -0.823174210979, 0.504943559285,  
379, 495772.98935458163, 49.09810732121634, 83.9209269439109, 59.16374346823382, 23.837918745322924, 0.781928572316, -0.0483196685029, 0.621492491855, 0.551028724771, 0.519743631077, -0.652865914589, 0.291470499834, -0.85295472775, -0.433027920735,  
412, 2192846.5193403955, 80.59471097293475, 134.47120292291524, 90.50718393051132, 43.013747786905306, 0.850419638543, -0.166827431293, 0.498953952332, 0.193655945748, 0.981067376219, -0.00204401444223, -0.48916644719, 0.0983636695466, 0.866626087455,  
446, 1889328.8167834694, 76.69016045962896, 103.01301262403851, 98.2035500603121, 44.58611821661088, 0.910996639166, -0.200854617493, 0.360197926229, -0.021752581059, 0.848772462919, 0.52831063912, 0.411839712322, 0.489124451261, -0.768859754788,  
453, 887332.3531241481, 59.61184576486281, 90.23418324299206, 78.49510674697754, 29.90776994317379, 0.489299261742, 0.798589506801, 0.350486850089, 0.226027227539, -0.504270240517, 0.833440589929, -0.842316997852, 0.328582294343, 0.427242028567,  
454, 542474.8514525848, 50.593765104225085, 72.74961131260908, 51.17294397823346, 34.78723574459549, -0.685463302988, 0.664164800622, -0.298370873029, 0.727375382874, 0.643005552843, -0.239726743192, -0.0326360635681, 0.381351513211, 0.923853836235,  
458, 2266706.4742610254, 81.48960736040685, 114.78646770704299, 92.13688355205393, 51.166117704763494, -0.464921016197, -0.336109169778, 0.819072081498, 0.706382173286, 0.416898052433, 0.572031676694, -0.533734647519, 0.844527465432, 0.0435968596215,  
466, 1122112.5079972553, 64.4638042638882, 133.32732639201507, 54.450046947020574, 36.90033978596648, -0.968514815636, 0.161608141844, 0.189372279868, 0.215328225288, 0.925561839052, 0.311398518759, 0.124951219631, -0.342371275928, 0.931219148285,  
505, 932834.5920489996, 60.61386970433793, 117.74388923462837, 71.35179727070198, 26.50774226150343, -0.66092986088, -0.747575478321, -0.0655943839878, -0.706893950523, 0.649532690163, -0.280014690908, -0.251937813184, 0.138701797477, 0.95775213373,  
517, 961806.3380831152, 61.23499336410758, 130.29266965064969, 70.59347542134336, 24.964017551550384, 0.871744938441, 0.326609874671, 0.365221510964, 0.340221800894, 0.132884039266, -0.93090867345, 0.35257607477, -0.935771244416, -0.00472118887941,  
521, 167150.05106602955, 34.1721760225793, 133.59377592976176, 93.40271085708126, 3.1979538947690935, 0.631838058542, 0.763413414481, 0.134091857951, 0.141584003827, -0.283763344073, 0.948384064829, 0.762059471195, -0.580239884144, -0.287379608202,  
603, 1224454.7661343366, 66.36687657375458, 134.3049265367866, 71.19845490431383, 30.56973148882925, -0.986684108278, -0.0692279561664, 0.147180027709, -0.0658758739153, 0.997447840605, 0.0275349688379, -0.148710590434, 0.0174727032261, -0.988726385273,  
604, 603436.4816772833, 52.422088316011504, 115.95972867703289, 74.65922063930154, 16.63996125358442, -0.387258264866, 0.920792795344, 0.0466011194696, 0.89319823686, 0.38722199102, -0.228595799044, 0.22853434307, 0.0469015747475, 0.972405417675,  
625, 1010857.0213812398, 62.258746753964296, 145.3138364659259, 91.02650211039676, 18.24426196494069, -0.50522965832, 0.5083639809, -0.697358627449, 0.858779142263, 0.375850387649, -0.348187982155, -0.0850962817475, 0.774791939186, 0.626463146406,  
628, 2138757.2416664283, 79.92653049789128, 119.71992610010082, 74.31438098599455, 57.389650382032976, 0.301080782928, -0.0990095041768, -0.948444769206, 0.668425474935, 0.731267221958, 0.135851516545, 0.680115980263, -0.674866926269, 0.286350982569,  
643, 1779328.854830231, 75.17195944309887, 132.8307139986307, 114.43575571710385, 27.94520907964492, -0.980317687871, -0.0790589742525, 0.180905802665, -0.0702394412953, 0.996031493134, 0.0546597253196, 0.184509218562, -0.0408771730386, 0.981980348576,  
716, 1874450.1208052763, 76.48831487167016, 107.21414568599486, 73.31827786662126, 56.927345613040394, 0.188954963721, -0.622260673175, -0.759662870163, -0.813532034252, 0.334060916831, -0.475992576719, -0.549965136105, -0.707951240175, 0.443106522863,  
720, 1031487.4250466531, 62.67944026415961, 105.98274899343976, 72.49180898291793, 32.05171046945869, -0.463501919991, 0.62169252365, -0.631398745803, 0.85436433097, 0.124569571991, -0.504523549203, 0.235005447025, 0.77329220077, 0.588890152828,  
732, 662105.8657893206, 54.06874327931859, 98.03160417268745, 67.70284115180145, 23.81583553110455, -0.982525970467, -0.0654760731291, -0.174228588944, 0.0568274857601, -0.99691289301, 0.0541785992046, -0.177238128573, 0.0433309081048, 0.983213648289,  
736, 830863.8161979804, 58.31949377644552, 132.8350104750806, 91.4118560557264, 16.3352639110884, 0.445493673668, 0.83889621454, 0.312711573102, 0.462134924135, -0.514630423304, 0.72220969206, 0.766789866011, -0.177224909763, -0.616947836322,  
739, 2062572.6820240866, 78.96601415590482, 102.66276913468297, 82.75806718385908, 57.955857853609544, 0.773380625601, 0.564311729813, 0.288850618039, 0.385479840009, -0.780342602739, 0.492413155081, -0.503276962409, 0.269476703902, 0.821032645613,  
765, 3058897.3775890106, 90.05173803293013, 128.1945821314659, 95.90799683191662, 59.39526256765097, -0.112013772841, -0.887520686624, 0.446945125837, 0.1540592209, 0.428827142051, 0.89015337931, 0.981691739371, -0.168565456295, -0.0886961994359,  
781, 734244.784334868, 55.96511755123626, 127.23995016844314, 69.27854070356969, 19.885203487271106, 0.798904196046, -0.564515242963, 0.2075442748, -0.523142635403, -0.481933813417, 0.702895143324, 0.296772418804, 0.670121138264, 0.680340937684,  
829, 1571653.4736551177, 72.12559282857116, 127.8594202131674, 89.85011403708906, 32.66004840264721, 0.774786021551, 0.209907626424, -0.596360133794, -0.174021606604, 0.977643402344, 0.118024820645, 0.607801860185, 0.0123355673659, 0.793992904586,  
830, 1950982.6576195478, 77.51544892269393, 132.8210764240171, 105.115586150946, 33.36035685910459, -0.962473917045, -0.101115259271, 0.251832609785, -0.0500348578944, 0.978201855747, 0.201538190944, 0.26672171266, -0.181374843228, 0.94655305939,  
851, 1420921.8530307552, 69.74191390514459, 131.22069117181647, 65.59801756962274, 39.40837693314243, 0.0456212391284, -0.984707277232, -0.168137683782, 0.684683591267, 0.153382901678, -0.712518115785, 0.727411219593, -0.0826151538159, 0.681210432958,  
899, 461306.1793061458, 47.932883348754146, 133.07667304244194, 74.35052265704412, 11.130500722833675, -0.83975001726, -0.0525116290888, 0.54042801308, -0.542007422035, 0.140406889447, -0.828561319309, 0.03237071161, 0.988700376356, 0.146368380546,  
908, 2101524.272645178, 79.4600072587355, 108.23819382821502, 71.12259805326642, 65.17149024504029, 0.303320414402, 0.262778581053, -0.915938940949, -0.555104077351, 0.830006745283, 0.0542979382011, 0.77450383441, 0.491971767609, 0.397627451719,  
918, 2261130.795552253, 81.42273604572823, 111.10090620794539, 82.98658264020958, 58.54793654069069, -0.918922728556, -0.372311038229, -0.130251716906, -0.0261808752248, -0.271920975184, 0.961963380295, -0.393567758736, 0.887380118139, 0.24012693563,  
931, 501021.6611374156, 49.270764133810026, 94.34327517396024, 71.06711701781967, 17.8397287430193, 0.356616156516, -0.863908199587, -0.355650867563, -0.821921862759, -0.471094543174, 0.320178673414, -0.44415016428, 0.178136335648, -0.878064962,  
932, 3723059.481754433, 96.14730640048266, 121.3174719843967, 98.27065724411436, 74.5528332916731, 0.597763766734, 0.349465285702, 0.721493238548, 0.43111789134, -0.898899687084, 0.0782094388635, 0.675881530261, 0.264297874849, -0.687990399935,  
972, 3268904.797812928, 92.06711924710848, 138.70375732315776, 92.83254444386142, 60.60733437138324, 0.561660617855, 0.0890744513299, -0.822558868696, 0.710514878972, 0.457462589544, 0.534692982867, -0.423917394205, 0.884756306159, -0.193649997683,  
976, 1241400.762847058, 66.6716391971247, 116.99841577705925, 80.66647958219923, 31.40149416233234, -0.747018494961, 0.532771388481, 0.397640561062, 0.621772041595, 0.771605194396, 0.134257038068, 0.235293213834, -0.347534273988, 0.907665704942,  
986, 1467528.979106094, 70.49625161453318, 121.80543710492438, 69.68825623509751, 41.2735480680675, -0.953389540393, -0.214321240823, 0.212402424662, -0.153077160361, 0.950149491394, 0.271630865292, -0.260030319858, 0.226456065796, -0.938670273855,  
1029, 1105311.3574587551, 64.14045076902782, 121.4702685408511, 106.8086806794725, 20.33852628444605, -0.787155992448, 0.608820279461, 0.0986068500166, -0.255168248505, -0.467034227069, 0.846621636684, -0.561493195425, -0.641261957442, -0.52298039488,  
1102, 2339161.924355154, 82.34879064491739, 127.40489062913501, 86.79436931985829, 50.50030786178165, 0.580150547792, 0.657139303327, 0.481241392566, 0.391326061379, -0.743055100093, 0.542893204886, 0.714345333562, -0.126637491482, -0.688239558707,  
1124, 1451622.3336980185, 70.24062124028922, 126.45458232478018, 95.25624080336871, 28.769811876788136, -0.326510435347, 0.620458738716, 0.713037088208, 0.923052751883, 0.0469876460896, 0.38179284744, -0.203382774224, -0.782830195295, 0.588058102982,  
1146, 440178.70061513747, 47.18965528913807, 112.81730386250968, 60.825807576513604, 15.313582917350088, 0.428266187801, -0.476763853895, 0.767648552402, 0.387935073527, 0.864233375351, 0.32032335484, -0.816146096672, 0.160614135579, 0.555075353748,  
1150, 3798159.38245261, 96.7894878702088, 129.19427714072873, 87.35879497083761, 80.34052488048553, -0.377493033833, 0.732676115897, -0.566290313004, -0.334735383966, 0.462217640935, 0.82116202733, 0.863395177267, 0.499540350325, 0.07076868141,  
1171, 1602817.4673458347, 72.59919733668148, 118.94287929296227, 82.24169238668608, 39.11694876601174, 0.196104483669, 0.936818523662, 0.28967927991, -0.537374706654, -0.144433668182, 0.830883469654, 0.82022646637, -0.318606291871, 0.475098489418,  
1177, 518101.5635838713, 49.82440233808828, 97.79650328248896, 62.83387751929417, 20.128393109463623, -0.986141568883, -0.163432670499, 0.028540643549, -0.14289655963, 0.74930695917, -0.646621724183, -0.0842934123556, 0.641738921332, 0.762276706637,  
1214, 1968636.0618635516, 77.74854596064576, 123.1327631597369, 81.38052501696976, 46.90106606144353, -0.37090605572, -0.923224996321, 0.10042063532, 0.100808421557, 0.0674685281371, 0.992615564987, -0.923182733793, 0.378290369794, 0.0680443689647,  
1218, 1289956.196057483, 67.52979808909761, 120.13997102427899, 70.48908725760772, 36.3644433253986, -0.416381123799, 0.113804048204, 0.902039576934, 0.216237344307, -0.951270760274, 0.219830279023, 0.883101449818, 0.286587821201, 0.371482503045,  
1221, 363366.6800699923, 44.26755109267723, 128.8321501378931, 56.57219234160817, 11.90225436418015, 0.135476233822, -0.983907856441, -0.116496867356, 0.272255040283, -0.0760855166471, 0.959212274315, -0.952640217034, -0.161667325675, 0.257566093846,  
1236, 952922.6028618269, 61.04587733423541, 116.60338094290847, 69.47277421934692, 28.082982819594985, 0.373336303274, -0.267286835032, -0.888356770941, 0.741646162974, 0.66125197724, 0.112724405265, -0.557297921765, 0.70093050327, -0.445101624331,  
1245, 803445.8964964316, 57.670804423673616, 145.60548044494834, 50.61552814547123, 26.0259465273932, -0.401021128887, -0.5327440339, -0.745228722293, -0.90592361757, 0.109896914143, 0.40893161701, 0.135957542324, -0.839110518708, 0.526696387,  
1276, 1949084.133513751, 77.49029703157227, 130.83532735467, 104.10843724110451, 34.16103529518647, -0.384801854126, -0.868679307514, 0.311967616522, 0.0891555852712, 0.30143106346, 0.949310589637, 0.918683196034, -0.393110130471, 0.0385436200364,  
1290, 1269994.7153221187, 67.17965483920128, 131.08876748452712, 78.49097384000738, 29.466469671708648, 0.406617619891, -0.306848733521, 0.860526563175, 0.82695095689, 0.523999570623, -0.203903322401, 0.388348073374, -0.794523948489, -0.466816312037,  
1309, 2868883.400502223, 88.14711366781044, 111.40207079883162, 106.35709393969884, 57.80488775632129, -0.0760351750994, 0.258978833231, 0.962885567493, -0.531804918157, -0.827398079301, 0.180543477847, 0.84344660837, -0.498339625464, 0.200637575047,  
1345, 3597031.8411009796, 95.04994961277681, 130.80677883334266, 106.07468680069029, 61.88902824967425, 0.319583543263, -0.700214285748, 0.638409204907, -0.762270893015, 0.210226433791, 0.612166588599, -0.562858281042, -0.682279122185, -0.4665680603,  
1368, 2775035.9590658564, 87.17527684831485, 135.899379736432, 93.88136901578548, 51.92579054948896, -0.18407009342, 0.176320931498, -0.966969042847, -0.204725360057, -0.969080306708, -0.137734839817, -0.961356191876, 0.172610220629, 0.214476068774,  
1386, 2349626.99346722, 82.4714134517214, 133.11600138117095, 81.59774217827324, 51.64186382113987, -0.900924725062, 0.430876346183, -0.0517707839677, 0.402314572498, 0.784503767702, -0.471907642678, 0.162719465733, 0.445981404054, 0.88012667424,  
1398, 1287197.8975905373, 67.48163101141246, 137.43891610972886, 85.21000773585547, 26.239550208561866, 0.418156839978, -0.584759280177, 0.695126924688, 0.652197160494, 0.725925823578, 0.218335893766, -0.632284525371, 0.362061159073, 0.68492919055,  
1415, 1443894.260893679, 70.11575157579928, 107.30302338887738, 76.65882868854852, 41.905655928698245, 0.231463645392, -0.613391245107, -0.755099835312, -0.918006527226, 0.119197045515, -0.378227550969, -0.32200713786, -0.780732505258, 0.535507384076,  
1423, 3086122.3901684764, 90.31811091980522, 142.81216810993226, 90.08426252401101, 57.26778635700572, 0.430391333322, 0.340094522436, 0.836121412242, 0.695309797433, -0.715595474515, -0.0668386299025, -0.575593246829, -0.610130176817, 0.544457143899,  
1452, 1470216.8609170034, 70.53926496721738, 93.49403692716339, 71.43935697153006, 52.54983305066837, 0.380746121124, 0.828491735609, 0.410650502589, 0.295311017115, -0.529791825517, 0.795054730686, 0.876255553146, -0.181444387192, -0.446378919683,  
1459, 47751.143631763385, 22.506003876590523, 123.06866309992733, 62.34422340059422, 1.4857695917786473, 0.109150097731, -0.518678453666, 0.847973418138, -0.311032003546, -0.828054866275, -0.466459249247, 0.944110877458, -0.212832798555, -0.25170786822,  
1472, 1472676.477456452, 70.57857954829025, 107.90733828468036, 72.56171438134841, 44.9014354995771, -0.29485158171, -0.544078818199, -0.78551943601, -0.919688121032, 0.384665408686, 0.0787799682213, -0.259299642876, -0.745661292375, 0.613802030183,  
1482, 611239.8124429565, 52.64708640910797, 142.3736684161538, 95.51559387571147, 10.730478011154224, 0.0634266405624, -0.875116248966, 0.479738066097, 0.299976521828, -0.441758570515, -0.845495979723, 0.951835672592, 0.197537126059, 0.234495066493,  
1483, 1183247.5576251498, 65.61387231303834, 117.84543589885631, 83.64534744201758, 28.65711396349172, 0.314293084346, -0.463548884838, 0.828457777136, -0.876683197043, 0.193077871107, 0.440621728597, -0.364206574838, -0.864779374785, -0.345702478716,  
1498, 1858977.1565375787, 76.27727121043863, 115.9236439261085, 97.03747497568814, 39.45244584936374, -0.811128234349, -0.0495960294578, -0.582761719148, 0.0133072363231, -0.997705147551, 0.0663879206787, 0.584716944259, -0.0460941689654, -0.809926800818,  
1504, 2356466.765900035, 82.55136078427635, 124.609286999069, 104.24316988663749, 43.30865431947679, -0.108908612525, -0.164095461769, 0.980413990896, 0.235315111832, -0.962503589175, -0.134957915547, 0.965797966586, 0.216008148578, 0.143439072384,  
1513, 2186164.448982557, 80.51276459756669, 128.74580571181227, 82.9736502732294, 48.856340337287065, -0.293750352175, 0.832143205923, 0.470370508676, 0.941964917392, 0.168337088623, 0.290456053469, -0.162520229509, -0.528394085347, 0.833298785293,  
1535, 1564175.827282935, 72.01102404280378, 100.18178416918005, 77.15681564681837, 48.30965136381302, 0.803421155476, 0.292776451191, 0.518455780719, -0.374396777488, -0.428651001457, 0.82224410728, 0.462970301359, -0.854716484326, -0.234772723036,  
1551, 177768.0157113064, 34.88095271740952, 116.54868061316103, 43.28218894199567, 8.412952510868708, -0.156524525047, 0.943328338605, -0.292628977792, 0.0862524105437, 0.308204356555, 0.947402024631, 0.983900703696, 0.123051697205, -0.129605883666,  
1579, 801425.7543788996, 57.62242904403672, 134.26005346956777, 70.25595824277872, 20.28358460705453, -0.0070761448838, -0.545152544093, 0.838307003336, -0.999625379006, 0.0260215793397, 0.00848404717924, 0.0264391721023, 0.837932921586, 0.54513245097,  
1588, 694567.9788714716, 54.938321019483475, 107.26890771716842, 44.68340478292428, 34.59441824998088, -0.681293203542, -0.529552520839, -0.50538470345, 0.126803986256, -0.765345685302, 0.631004541235, -0.720944047675, 0.365814310357, 0.588574184331,  
1624, 1918552.1529566355, 77.08354277060535, 104.60068299656427, 72.18825623892056, 60.65741921832473, 0.816345198844, -0.540749471299, 0.202905213373, -0.385075564013, -0.247748708347, 0.889009216776, 0.430461759421, 0.803872245324, 0.410477876229,  
1642, 1940128.4908003637, 77.37143077105004, 142.82606319120106, 118.63281451162604, 27.335661281457096, 0.900339821233, 0.395602150806, 0.181348130898, 0.289774970313, -0.85586927434, 0.428390303136, -0.3246824185, 0.333146699696, 0.885208790963,  
1722, 1347378.6834550293, 68.51731791046039, 99.34923566454329, 73.45805163493682, 44.0754878006371, 0.455636065533, 0.58359028677, 0.672174198384, 0.757344904834, -0.650957325995, 0.0518001433955, -0.467786779322, -0.485465690776, 0.738578765042,  
1731, 2070187.920786723, 79.0630784508556, 149.86277746711534, 83.94667122991719, 39.284741888613915, 0.869049913163, -0.0622221707905, -0.490795935082, 0.253416615946, -0.796035290811, 0.549643370328, -0.424890888575, -0.602043368243, -0.676026268396,  
1742, 2665061.770740114, 86.00814019251251, 126.70357834704743, 94.69164126159907, 53.02957490949616, 0.0316559977483, -0.323595984087, 0.945665658089, 0.995645938315, -0.0727858741107, -0.0582355737156, 0.0876758993258, 0.943391676671, 0.319882917744,  
1754, 616947.8011838434, 52.81045839018971, 109.81360817334956, 43.89516711701283, 30.555327511351038, -0.617975844412, 0.239458851835, -0.748842649694, -0.336382817705, 0.780367594621, 0.527136621018, 0.710600067321, 0.577655499016, -0.401698479933,  
1768, 1333643.9148475071, 68.28370741665113, 125.25535045223602, 122.66709390197857, 20.72177317139351, -0.0983885163961, -0.967723370474, 0.232015469484, 0.981468287462, -0.132886843977, -0.138061897005, 0.164437527798, 0.214132120282, 0.962864338583,  
1776, 1685888.227464475, 73.83235529644308, 119.24519455981267, 84.47943829389133, 39.95289598502512, -0.850589100588, 0.27133525887, 0.450416872747, -0.109635970813, -0.929269294716, 0.352758460993, 0.514274377998, 0.250670610947, 0.820174438118,  
1777, 1931710.4866044277, 77.25936649264496, 125.62819452871453, 96.00266526934521, 38.23693031192874, -0.920244097182, -0.27154815204, -0.281802063024, 0.103786072989, -0.863645686212, 0.493299685528, -0.377331754104, 0.424708994267, 0.822947761121,  
1793, 787876.1597372489, 57.29584340501665, 110.82135084386103, 57.01592042397714, 29.768007800231548, 0.0177410132069, 0.780394053984, 0.625036300511, 0.388831088645, -0.581311155336, 0.714764104572, 0.921138231186, 0.230352905752, -0.313754518467,  
1798, 1121041.7870477042, 64.44329392862753, 120.34151990541226, 82.21521964743422, 27.049888439446317, 0.398590893815, -0.914663309978, -0.0672036364231, -0.83459820819, -0.392126328189, 0.386888580378, 0.380225104713, 0.0981222305173, 0.919674343246,  
1826, 1492517.5374320757, 70.89413009257278, 127.09451525184149, 61.14334247252234, 45.851637294681886, -0.857154699579, 0.126673536554, -0.499239057092, 0.446549957829, -0.300254661723, -0.842876190954, 0.256668962191, 0.94541046813, -0.200798631961,  
1830, 2233315.3731662347, 81.08748215740522, 134.39502213049377, 80.21681985558482, 49.45529791038501, 0.256073797117, -0.584947712996, 0.76958585193, 0.603488717178, 0.718662416635, 0.345435520982, -0.755134146142, 0.375979393023, 0.537039958804,  
1831, 2368063.7011553873, 82.6865598904542, 122.26575761054018, 78.85214073950849, 58.6389843847209, 0.663839868498, -0.506164381223, 0.550558124247, 0.512980597979, 0.843866285133, 0.157291445773, -0.544212766379, 0.178009303121, 0.819844590707,  
1835, 64655.69718128567, 24.898473967745467, 55.610284715947834, 21.260913071884122, 13.055128754181096, 0.356202950077, -0.737564532198, -0.573688085287, 0.660219177662, -0.235806672548, 0.713095961726, -0.661233767895, -0.632766761157, 0.40295921651,  
1861, 479429.42640199215, 48.55254794361648, 86.74136921046998, 55.884808489691615, 23.61109002698415, 0.470591182617, -0.881117864538, -0.0466395501199, 0.257668402818, 0.0866779373523, 0.962337741838, -0.843890356049, -0.464885194396, 0.267826105895,  
1867, 1122913.3336993074, 64.4791360583949, 140.6577687831868, 89.74050984561482, 21.23759687223797, 0.573943133193, -0.732349282826, 0.366406615393, 0.5405346751, 0.674924097829, 0.502294462625, -0.615151643804, -0.0902329768583, 0.783228233028,  
1868, 3065031.377097891, 90.11189135317949, 107.30160549361639, 86.06411416930658, 79.23516968595345, -0.930892727098, -0.248970939483, 0.267305446876, -0.344040012072, 0.843507530007, -0.412470019413, 0.12278110901, 0.475929110388, 0.870870989961,  
1879, 1873980.2333766934, 76.48192297023833, 121.32888472013569, 97.3187904542886, 37.88920459761882, -0.583573530893, 0.760410725039, 0.284986777388, -0.402993412016, -0.575864086331, 0.711320507188, -0.705009392783, -0.300260026177, -0.642499550792,  
1892, 254339.81436626147, 39.304467206932195, 127.01735701642471, 73.24261032864233, 6.5267782116880335, 0.733491032656, -0.489389691953, -0.471687008962, 0.414349182887, -0.22816261142, 0.881054242025, -0.538800203837, -0.841688512551, 0.0354229895096,  
1904, 2598400.9994682623, 85.28497407385596, 115.68540271091187, 81.49130414287234, 65.80027891306736, 0.101936952603, 0.878880771966, -0.46602301055, -0.417872929143, 0.462959009476, 0.781697620973, 0.902768559922, 0.115054527127, 0.414453113155,  
1913, 2100483.442809096, 79.44688694016018, 109.67396795330872, 98.64571249916864, 46.34990869069979, -0.214819073763, 0.832319130864, 0.510977132507, 0.391210647134, -0.406052820985, 0.825878523839, 0.894878201275, 0.37731415421, -0.238384214905,  
1917, 1928989.3184376182, 77.2230714532673, 123.27348504679759, 75.41760460539354, 49.53347594938554, -0.0885146606226, 0.309654879874, 0.946720132999, -0.867394390898, -0.491218380238, 0.0795705570874, 0.489685741567, -0.814136572257, 0.312072934136,  
1937, 2040324.1957606652, 78.68105782878455, 99.92999066021865, 89.52434432391942, 54.44695228358499, 0.0105104589472, -0.110932256828, 0.993772390765, -0.992486199002, -0.122315896091, -0.00315695322013, 0.121904368433, -0.986272201757, -0.111384330131,  
1939, 2973925.318387458, 89.21005688937785, 116.25755020113883, 89.22955974163374, 68.44024122441002, -0.799934415491, 0.473991616888, -0.368017496911, 0.551028826014, 0.823050420157, -0.137678025776, -0.23763872541, 0.312921640351, 0.919569400962,  
1943, 355489.2951619071, 43.945320819576715, 126.4945057782849, 97.71855368877505, 6.86576959475284, 0.896633181503, -0.442393214074, 0.0183625152959, -0.0500289494389, -0.0600172811719, 0.996942841982, 0.439938679869, 0.894810689533, 0.0759459535013,  
1947, 3344115.272408241, 92.76786107964165, 138.8573373755844, 115.03879040913483, 49.978071041541554, 0.120115275022, 0.127561639018, 0.984530522106, 0.962733794576, -0.257024673489, -0.0841543700572, 0.242313766609, 0.957949030726, -0.153680490118,  
1955, 2309026.9995776736, 81.9936338044523, 114.32952993090665, 98.53082352693163, 48.9339046420561, -0.654309087142, -0.685106928411, 0.32016888532, -0.0520246995755, 0.463153417407, 0.884749875715, 0.754435583146, -0.562243193456, 0.338687971878,  
1958, 2474284.2052370342, 83.90483567193463, 117.87816946715768, 84.53682737077368, 59.276376182297284, -0.965025745789, -0.0949924434355, -0.244339406677, -0.256750803337, 0.530745024273, 0.80770585252, -0.0529559718199, -0.842191281657, 0.536571999036,  
1972, 431762.9659166096, 46.88697989716041, 148.23188851151514, 47.11650590991368, 14.758494611720936, -0.169010108109, 0.777278793755, -0.606030741906, 0.956625345514, 0.277394739315, 0.088994982555, -0.237283652359, 0.564703316245, 0.790447109518,  
1988, 2470947.8978888094, 83.86710647963787, 110.18886714266729, 90.66257427359628, 59.048546853220266, -0.878263073634, -0.393037196082, -0.272352227798, -0.442346021714, 0.884116144944, 0.150561081699, -0.181614896318, -0.252706162854, 0.950345002981,  
2003, 2021899.3692401147, 78.44350234851366, 129.24318198227905, 99.03779231259347, 37.710503832421004, 0.190011208878, 0.975184154636, -0.113629243805, -0.706286806356, 0.216165944944, 0.674115146999, 0.681949182614, -0.0478345982887, 0.729833654704,  
2010, 1214894.619361674, 66.19370138796532, 89.81983075705779, 80.0262195986861, 40.35017897562496, -0.755313847741, -0.52997341443, 0.385524540605, -0.65099800408, 0.674515654553, -0.348181318348, 0.0755154957267, 0.513961877731, 0.854482649411,  
2015, 1460011.774356654, 70.37567655563926, 127.67445534478857, 84.18552321488481, 32.42845960944541, -0.83429190861, -0.451511064071, -0.316377575454, -0.134821337656, -0.389345569461, 0.911171352959, -0.534584154405, 0.802837335058, 0.26395453263,  
2018, 978005.369128388, 61.57686059036264, 85.52896479333273, 66.90884018125682, 40.799600671076455, 0.398557977923, -0.680575224584, 0.614791754919, -0.679984158497, 0.230548195738, 0.696038126567, -0.615445434158, -0.695460202401, -0.370893548676,  
2025, 1811132.679486154, 75.61719312841433, 107.41658656312704, 84.39117775686655, 47.69724142077999, 0.110798122613, 0.992910621811, 0.0430380427047, -0.243942621524, -0.0148095884246, 0.969676581905, 0.963439553594, -0.11793715778, 0.24057234543,  
2048, 1928312.8878841852, 77.21404390164578, 92.47269128287846, 85.65083912420145, 58.122431606942406, -0.501758108782, 0.785471933755, 0.362315665621, 0.459140082927, -0.113141893962, 0.881129556921, -0.733095617584, -0.608467544832, 0.303871786063,  
2054, 2077337.0830156005, 79.15398571513589, 120.76012618203393, 113.121821137481, 36.30349340480791, 0.183218519929, 0.483067016684, 0.856199294176, -0.70387303223, -0.543549735373, 0.457292509971, 0.686289828319, -0.686440050236, 0.240429467781,  
2056, 1447547.017687273, 70.17482795102659, 105.22603031200795, 70.09294118399278, 46.85399198660013, 0.347188016474, -0.22511895309, -0.910374614198, 0.620011733145, 0.783428360133, 0.0427253473019, 0.703595005653, -0.579276670943, 0.411573330673,  
2057, 122788.79765393288, 30.833539304444376, 126.75003075661668, 76.23170586449153, 3.033796359445558, 0.621285455974, -0.363071002415, 0.6943945776, 0.362793275217, 0.918755918482, 0.155783830073, -0.694539719276, 0.1551354552, 0.702529407845,  
2058, 2353938.1550531667, 82.52182292178608, 103.95783330031807, 101.81485776697242, 53.09309722104807, 0.23512817602, 0.645079556341, -0.727039962335, 0.140476890468, 0.717603316904, 0.682137612812, -0.96175931713, 0.262522085849, -0.0781099888305,  
2069, 117466.99863477748, 30.38149129591673, 135.47465247869218, 28.761795084957487, 7.197028618437776, -0.655987624547, -0.111328807322, -0.746515996547, -0.740476244778, 0.286511102617, 0.607952563114, -0.146202487532, -0.951586719505, 0.270384074793,  
2084, 1354314.3027829914, 68.63468085236002, 111.06210858842162, 67.670364685283, 43.01960556854138, -0.664687460785, -0.664280481902, 0.34193862145, -0.703607890343, 0.40265497104, -0.585495440583, -0.251249907705, 0.629762189768, 0.73503269874,  
2087, 679427.945712579, 54.536207351900806, 114.54416007684654, 48.76220668075137, 29.04012582524863, -0.453115040239, 0.528521133613, -0.717880332391, 0.856874966696, 0.036114779014, -0.514257731285, 0.245869989545, 0.848151598513, 0.469240678309,  
2100, 1023738.9700201951, 62.522097894533275, 99.28019207727587, 61.69746476213185, 39.899798181915315, -0.969012327745, 0.162882369284, -0.185699871982, 0.245135507844, 0.726620251782, -0.641818971747, -0.030392292966, 0.667452128228, 0.74403223388,  
2108, 1879656.7014188685, 76.55906885150581, 131.96736885975585, 76.62185209576549, 44.37830643891485, -0.0963981460626, -0.989244180795, 0.110015218033, -0.5881721607, -0.0325525586716, -0.808080342727, 0.802970053497, -0.142605335409, -0.578707880972,  
2131, 1214784.6255135997, 66.1917036509981, 129.39098654697906, 112.29246336482558, 19.959793517638555, -0.74246622023, 0.586403474625, 0.323843908026, 0.665674126907, 0.591746960736, 0.454657553799, -0.074979120985, -0.553142386197, 0.829705750256,  
2132, 1505012.67168595, 71.09141891674967, 135.3786553062282, 110.93117329023579, 23.92476853564451, -0.306633733136, 0.686839962324, 0.658958739117, 0.525518561369, 0.699389928518, -0.484441915553, -0.793603172473, 0.197748815529, -0.57540369359,  
2143, 1804518.5356172319, 75.52503108554887, 136.3499146438614, 67.41155485528111, 46.8687664508649, 0.301493428939, -0.492249071635, -0.816573673211, -0.600941270345, -0.763011383545, 0.238082376872, -0.740250837151, 0.418932548337, -0.525855700779,  
2153, 898460.6603739184, 59.860014665780625, 108.59265081149736, 59.62315868516889, 33.12798660863241, -0.808958478415, 0.541914822211, 0.227847549182, -0.0917831748039, -0.499260950624, 0.861576666353, 0.58065654997, 0.676067177616, 0.453620041805,  
2157, 992514.0750815364, 61.879864637019004, 110.04098304532599, 74.72450177764496, 28.81579298288324, -0.917856266824, -0.396907481395, -0.00207958294188, -0.390715665624, 0.902590523892, 0.18075291095, 0.0698651707831, -0.166717717696, 0.983526339514,  
2164, 2044037.526434469, 78.72876131284451, 137.17366036599597, 73.5095150389534, 48.393381571147025, -0.0767699169026, -0.69863529312, 0.711347388458, 0.898519942506, -0.357720490895, -0.254357943286, 0.432166973262, 0.619632776409, 0.655199915767,  
2165, 548810.1185638206, 50.78995564510374, 117.441662308074, 68.60836838205792, 16.260512129026704, -0.0694827469516, -0.644033339937, 0.76183541853, -0.891705331786, -0.302288199093, -0.336873041298, 0.447251326594, -0.70273956893, -0.553284148625,  
2172, 891929.819132481, 59.714622536744514, 113.51933821197551, 76.55710939758632, 24.50116282184429, 0.740728144559, 0.267507681442, 0.616247885373, 0.344939944399, -0.938597294111, -0.00718012856329, 0.576487858168, 0.217887034625, -0.787519516918,  
2176, 561523.5688464885, 51.179156843348885, 125.70158394790097, 70.36212067818288, 15.15652742693191, 0.498264602049, -0.476949302481, 0.724052311099, 0.403692326514, 0.866676710015, 0.293093817456, -0.767310166659, 0.146256087668, 0.624375099569,  
2192, 428951.56577136327, 46.78499090424477, 129.61749732833582, 46.79242904140068, 16.88419759027199, 0.71974280224, 0.172193599113, -0.672547145595, 0.490670481558, -0.811506819154, 0.317331311084, 0.491134174286, 0.558395958877, 0.668566508253,  
2211, 1607070.7548766101, 72.66335779888394, 101.12133793185036, 74.94267620078818, 50.62608965297896, 0.739028787094, -0.136034822226, 0.659796164727, -0.411929153883, 0.683719601914, 0.602363576372, -0.533057993119, -0.716953299107, 0.449251758897,  
