# Void_ID, Void_Volume, r = (a*b*c)**(1/3.0), a, b, c, vector_a, vector_b, vector_c 

11, 1193711.5039015855, 65.80672178965423, 113.68863857999945, 72.21503138999884, 34.71091800795269, -0.0380325851107, 0.886261123879, 0.461621861236, 0.969554501685, -0.0791020562436, 0.231747563007, 0.241904094078, 0.456381512552, -0.856270006639,  
24, 661337.0710529159, 54.04780812560318, 131.69089181224084, 76.1333736907554, 15.747203668892466, 0.152873670238, 0.125732993988, 0.980214698508, 0.741219710253, -0.6706104252, -0.0295803776898, 0.653622966304, 0.731076515719, -0.195714450374,  
35, 1975867.6787827353, 77.84363051461719, 115.62724066438834, 93.59230231868256, 43.588202038374625, 0.513984504181, -0.231224296667, 0.826047973239, 0.697790001689, 0.672788468627, -0.245855221677, -0.498907850213, 0.702773790856, 0.507148849828,  
51, 904785.8386374153, 60.00015814662351, 114.90226331305223, 57.386107752062046, 32.75833594638029, 0.347858524482, 0.226768010927, 0.909709138222, 0.315250045387, -0.942100783447, 0.114295768565, 0.882956315923, 0.247027089706, -0.39920641418,  
53, 312483.26937228086, 42.09650624282833, 105.73318513549684, 71.67865100533757, 9.843216149595193, -0.721889804142, 0.190289972639, -0.665330622314, 0.666874041842, -0.0654684985916, -0.742288951831, 0.184808341244, 0.979542547317, 0.0796384015499,  
56, 1835214.5224078565, 75.95086819335269, 116.49889708120888, 76.51887680736031, 49.148223839361044, 0.641076829191, -0.754688349924, 0.139520584729, -0.610012799514, -0.611373022402, -0.504090678259, -0.465730483761, -0.238051511163, 0.852306631752,  
58, 420636.51557115105, 46.48071363400122, 100.97336953130905, 36.117143139785256, 27.5358268711617, -0.694513102573, 0.34779917327, -0.629831156284, 0.691179703588, 0.56562918482, -0.449815787438, -0.199805324508, 0.747729470031, 0.633228609544,  
67, 652924.0471442224, 53.81764441439988, 114.57959957975676, 75.9158909870251, 17.919837246452687, 0.222754317716, 0.896357304444, -0.383306791891, 0.940593758517, -0.094260903614, 0.326187466786, -0.256249673907, 0.433195642661, 0.864105109233,  
68, 412957.98715466936, 46.19614689875958, 93.8900446166278, 58.33994116972644, 17.998310042181107, -0.715877761296, 0.698145080912, 0.0106055117964, 0.695653549218, 0.711855821039, 0.0965786183, -0.05987629198, -0.0765162469801, 0.995268854937,  
71, 693812.7542354264, 54.91840176900209, 122.96032932060363, 56.95591940293405, 23.651015101671693, -0.0331198869815, 0.572338250018, 0.819348522091, -0.747628653525, -0.558250446217, 0.359733006167, 0.663290637288, -0.600654115831, 0.446385666908,  
83, 2052954.5407873732, 78.84307870375889, 136.85981928343233, 74.34749926236833, 48.16686670335042, 0.223520326638, -0.393162325069, 0.89188679199, 0.707282020317, 0.695037553951, 0.129131492415, 0.670664452104, -0.601951978769, -0.433431664672,  
125, 2391113.7688889513, 82.95397669715874, 139.6545323329191, 74.79979492682632, 54.64572458931967, -0.27808195385, -0.137643298786, -0.95064438632, -0.153892680901, -0.97051184991, 0.185536497621, -0.948149497552, 0.197891564963, 0.2486995352,  
130, 1296558.2091754733, 67.64480824139079, 115.02400947888009, 92.78333291921878, 29.00313465422817, -0.923781002926, 0.370465916903, 0.0968693090978, 0.249250205212, 0.389701557379, 0.886570375874, -0.29069398658, -0.843141566161, 0.45233760133,  
145, 632233.1540894022, 53.243045076351684, 101.00072918000114, 56.005265420705015, 26.68303882074575, -0.131934720414, 0.618102560951, 0.77494674249, -0.6453507455, -0.646964410163, 0.406152024819, 0.752406568838, -0.446526904149, 0.484250017078,  
146, 1078588.665765595, 63.619328521642, 87.98903645363768, 64.70347054153756, 45.22838758858284, -0.358156891943, 0.0768714993239, -0.930491490206, 0.0262335537649, 0.997039918152, 0.0722717252343, 0.933292795113, 0.00147451794925, -0.359113330839,  
149, 1965150.394869086, 77.70263165974711, 121.69892944141827, 75.5287636990985, 51.039692574033154, -0.445263982485, 0.0218997372557, 0.895131491687, 0.263739777676, 0.958557967222, 0.107740211373, -0.855675940747, 0.284054616199, -0.432587169763,  
184, 4512879.1252246, 102.51522377197263, 120.06402876620302, 106.0049841734074, 84.64979183230122, 0.297240496051, 0.871399272445, 0.390270925754, 0.77836155064, 0.0155868249298, -0.627622774741, -0.552993113875, 0.490326787837, -0.673630653353,  
190, 2705810.817187497, 86.44428233514617, 125.59613998399794, 100.5468930057337, 51.152147604616275, -0.194347612152, 0.283623206519, 0.939035080481, -0.394003572772, -0.899243314339, 0.190059586075, 0.898326327285, -0.333045549948, 0.286514347575,  
200, 1108786.3687417055, 64.20759794711388, 135.10823506893672, 107.96919706832418, 18.145860857189287, -0.797383515011, -0.325696615073, 0.508036657062, -0.571595818144, 0.677610285981, -0.462733747432, 0.193540049262, 0.659367890682, 0.726482094803,  
237, 1187076.2670632955, 65.6845664456397, 133.44027731187091, 89.20338619006874, 23.80793545903887, 0.440984796967, 0.879772554118, -0.177574384031, 0.729165816168, -0.235826591048, 0.642419669287, -0.523306431621, 0.412778478091, 0.745496013838,  
245, 1600207.4620538303, 72.559769425637, 107.06424829429612, 71.23226617116268, 50.09177817546572, 0.253338672077, 0.321443863293, -0.91241074083, 0.311907220703, 0.865666942711, 0.391579659802, 0.915714695144, -0.383789769339, 0.119046251716,  
321, 2396809.5755887874, 83.0197919321255, 115.39140486027578, 91.4688426065845, 54.21235545007837, -0.873818820227, 0.484289423415, -0.0436397042224, 0.136021107844, 0.329614639976, 0.934265726297, 0.466839295301, 0.810443053818, -0.353897059724,  
327, 882404.6764734074, 59.501292169025476, 126.75305935300781, 98.480512222931, 16.876035976729234, 0.564549097967, 0.794471996285, -0.223827083044, -0.484774832106, 0.538623789389, 0.689113761044, -0.668040177041, 0.280532815591, -0.689219603055,  
343, 984410.5048584357, 61.71099422755265, 110.95884315966727, 62.812054331980974, 33.719623151171284, 0.309120430019, 0.134807566206, -0.941419927471, -0.698493409035, 0.703976188294, -0.128547593719, -0.645408023873, -0.69731230192, -0.311775618531,  
350, 962243.1944000161, 61.244263021108814, 158.13877118402078, 67.76320473141654, 21.43699675134713, -0.276842139415, 0.832550466853, -0.479810535511, 0.957801490372, 0.198916573727, -0.207481328651, 0.0772964092693, 0.517002820921, 0.852486567797,  
395, 898061.4044530053, 59.85114653263547, 85.42466836663317, 62.56031372083197, 40.11762399930793, 0.39731452549, 0.313769542693, 0.862374536911, 0.704472444016, 0.497942526331, -0.505738881335, 0.588098413071, -0.808456501334, 0.0232021980285,  
420, 2743128.450365099, 86.83987274809085, 114.42914846541727, 80.67021988626864, 70.94268613261355, -0.522483283253, 0.821399305054, -0.228723414582, -0.290763367934, 0.0805283598006, 0.953400150585, 0.801540942553, 0.564640031281, 0.196758106532,  
436, 2999241.950592251, 89.46248640382952, 122.18491857231623, 84.55789312269727, 69.30285649419707, 0.479931599822, 0.255812447448, -0.839181536512, 0.781442224067, -0.559432543287, 0.276375252069, 0.398765231605, 0.788413103165, 0.468392003371,  
441, 2071132.739336664, 79.07510455744708, 135.22953235629495, 71.69990550621351, 50.995187743377535, -0.989008340069, -0.142550280499, 0.0392672994137, -0.0371562171132, 0.496656397577, 0.867151565919, -0.143115054427, 0.856161106495, -0.496493948524,  
447, 860425.4212538492, 59.0031060733547, 98.28589906310789, 61.67713081144579, 33.88513707111552, -0.674706815855, 0.064223399176, -0.735286384777, 0.737876313924, 0.0349561394748, -0.674030128157, 0.0175857325571, 0.997323128836, 0.0709740706112,  
453, 758312.2884432431, 56.5700411724946, 113.77028817315157, 94.39513783001732, 16.85702773704984, -0.547734590485, 0.318958751277, 0.77346760331, -0.233279859551, -0.946038805679, 0.224924621322, -0.803472044015, 0.0572354185181, -0.592584830512,  
458, 1490411.5078653765, 70.86076914113093, 108.28230741160475, 58.67826761098281, 55.9993261082129, -0.547144150928, -0.836946314802, 0.0124154840722, -0.745353790118, 0.480409773601, -0.462227408302, -0.380895006087, 0.262158950961, 0.886674505537,  
463, 2131552.8132328847, 79.83668506054187, 99.33100582331842, 86.56748607094762, 59.1790309536003, -0.759786863829, 0.459605110539, 0.459877227007, -0.570699466666, -0.810307880746, -0.133053587507, -0.311490032425, 0.363544056158, -0.877957674909,  
506, 3026289.4939168124, 89.7306100274614, 105.26679480510843, 99.38020948458906, 69.06063278721476, -0.283431701189, -0.483830430239, 0.827994314918, 0.94320552348, -0.296660322062, 0.14951920877, 0.173291117021, 0.823347294943, 0.540434473986,  
522, 1459156.637097425, 70.36193405997965, 115.52752824438927, 95.22710665108832, 31.664106310723525, 0.169934317838, 0.964570218605, -0.201808376935, -0.919986971569, 0.22867969023, 0.318323061402, 0.353194422047, 0.131567065242, 0.926252561442,  
529, 1501180.760483182, 71.03103237501628, 154.75538606732474, 60.454779158684076, 38.306102673137886, 0.11504766401, -0.779345218998, 0.615942419898, -0.722650093573, 0.359777182795, 0.590201000507, 0.681572356588, 0.51301209378, 0.52180237099,  
541, 1245994.5503046506, 66.75377714282916, 90.83050245566722, 68.92510172597915, 47.513650758358025, 0.619199900734, 0.349946113601, -0.702943241312, 0.736574079185, 0.0513796177899, 0.67440252131, -0.272121496401, 0.935359744939, 0.225946982154,  
547, 264632.34007253987, 39.827658009213835, 89.35763309065302, 75.8573943363319, 9.32018923780926, -0.588673601527, 0.480249031988, 0.650249381499, 0.490841972985, -0.426777291048, 0.759562572408, -0.642290859675, -0.766304124431, -0.0155061425859,  
548, 299017.55980844516, 41.48292403820587, 129.1538841303747, 69.71497178685671, 7.928199250304291, 0.0320320712918, -0.601294616168, 0.798385076875, -0.188831580441, -0.788050125072, -0.585934838187, 0.981486923314, -0.131991609358, -0.13878629047,  
589, 1922852.300583861, 77.1410902070369, 94.61278735036326, 79.22183343056211, 61.24386501172062, -0.211879784882, -0.885860026367, 0.412745648607, -0.962599103802, 0.11620083521, -0.244745441748, -0.168848814382, 0.449165202995, 0.877348675442,  
598, 1733442.9062412241, 74.52013693120647, 91.38687430073804, 70.7285708805364, 64.0239148584116, 0.0213303699058, 0.717222103118, 0.69651810466, 0.305723092775, -0.667983765619, 0.678477029393, 0.951881508311, 0.198469503121, -0.233519700383,  
601, 1581746.9152877762, 72.27966465397083, 107.17937221013905, 83.83044146721424, 42.02768076182717, 0.613815772501, 0.149616895017, -0.775141910978, 0.460103597596, 0.730077803865, 0.50526337665, -0.64150984163, 0.666784211743, -0.379293999507,  
621, 3277982.7136392607, 92.15226551028412, 137.48935800348355, 114.86014911399202, 49.55409965490409, -0.735162190108, 0.262752327968, 0.624898206417, 0.673422264105, 0.388747095037, 0.628791022763, 0.0777110574025, -0.883083750415, 0.462735433385,  
665, 1756175.7633883418, 74.84448251874866, 144.511972912099, 91.52656801129187, 31.697744608509126, -0.48926737832, 0.870539959474, 0.0527030499312, 0.870825519197, 0.490949381366, -0.0251320522823, 0.0477529855352, -0.0335988674876, 0.998293928899,  
762, 2015517.7705309212, 78.36088654144072, 120.20812362919976, 77.54686817775855, 51.61785355618733, 0.301744184541, -0.708919638594, -0.637482072776, -0.772974944099, -0.573319309422, 0.271688618164, 0.558086178732, -0.410777209031, 0.720972885516,  
773, 2615116.195300355, 85.46745926561313, 119.23559850372192, 88.25666381916402, 59.32652877439015, -0.946803361912, -0.0440788817631, -0.318779619885, 0.00249617854613, -0.99155122184, 0.129691725101, -0.321802987811, 0.12199683049, 0.938914059106,  
783, 814531.1609434866, 57.93482481258184, 136.450196349692, 55.519813281171956, 25.668289706575887, 0.304851237698, -0.861975544046, 0.405048002514, -0.748143020446, -0.479913106302, -0.458219850462, -0.589362149982, 0.163344947476, 0.791183091517,  
866, 2959698.439988835, 89.06757293778703, 128.82705601712087, 97.37637055288424, 56.324609396731574, 0.561422324028, 0.716970992464, -0.413228229974, 0.532289135241, 0.0694656616351, 0.84370776834, 0.633619168418, -0.693633273293, -0.342636296377,  
886, 2061959.635055843, 78.95818983808631, 95.86376163628152, 83.90573579114118, 61.19915607436828, 0.716355785636, -0.189301742807, 0.671564768698, -0.354976369986, -0.927498923647, 0.117207181457, -0.600688076407, 0.322351666358, 0.731616865619,  
897, 2482774.9420744777, 84.00070185183465, 127.0557238585814, 89.64966138769279, 52.03623374932712, -0.0847072006202, 0.160186416929, 0.983445474846, -0.929561251971, -0.368119056417, -0.0201056991102, 0.358804360338, -0.915875904331, 0.180085421034,  
906, 622351.019950012, 52.964181535531424, 108.58439992864973, 50.274552027090024, 27.2164295823088, -0.343453649187, 0.779010430685, -0.5245782494, 0.929072113101, 0.363506304268, -0.0684702520522, -0.137348460198, 0.510887380585, 0.848604433668,  
917, 1482324.0387325005, 70.7323652297633, 97.02389530131656, 77.4587463468366, 47.087471668621944, 0.454609861444, 0.866507000706, 0.206144346525, -0.427513499862, 0.00923852590906, 0.903961756423, -0.781384720425, 0.499079419898, -0.37464336551,  
939, 3598397.38173974, 95.06197602357639, 144.0761899283699, 89.46667782017111, 66.64491014509859, -0.94341448063, -0.22499713497, 0.243609127482, -0.327707695535, 0.745001435609, -0.5810168046, 0.0507620332971, 0.627972252728, 0.776578435046,  
970, 2214138.753257762, 80.85472567950809, 138.69859909575212, 71.255346433162, 53.48434647403988, 0.886755185541, 0.393728399589, 0.242163556864, 0.337866258269, -0.194562499371, -0.920864716102, 0.315454644029, -0.898400457032, 0.305556846373,  
988, 1087971.6549228975, 63.80327779313377, 124.00123523299426, 68.3744806481784, 30.634367606176827, -0.971490206351, 0.188160388435, 0.144230534867, -0.0585920129413, -0.780044700003, 0.622974511531, 0.229725390376, 0.596762879393, 0.768830482483,  
992, 2346422.3545832583, 82.43390234249486, 107.73710659484067, 97.47300579752668, 53.341830085308565, 0.699033090004, -0.698152115744, -0.154713807922, -0.01234566636, -0.228106289767, 0.973557961855, 0.714982743569, 0.67863918532, 0.168072997675,  
1019, 785016.1980811901, 57.22643207798672, 100.24595504353945, 75.42638411401926, 24.78562431361896, -0.283132934774, -0.44312094722, 0.85057602093, 0.901615334938, 0.179396443285, 0.393581889752, -0.326994692694, 0.878328379521, 0.348731599771,  
1030, 919906.0430179541, 60.332541575369675, 129.856513629979, 73.10811418921993, 23.13265826895368, -0.472153506024, -0.61780703638, 0.628796892922, 0.186309620395, 0.627261600333, 0.756195484049, -0.861603036263, 0.474191259459, -0.181060369366,  
1033, 878152.4043141973, 59.40556012734224, 123.55829763719603, 81.22161328710074, 20.889967188865587, 0.590303324945, 0.614705980129, -0.523142946576, 0.538120345013, 0.183378523477, 0.822677829658, 0.601638162721, -0.767143321108, -0.222536841977,  
1060, 2624880.236006243, 85.57369690344578, 114.73190519978778, 77.79637307022799, 70.20650083339162, -0.504951243124, 0.797550174608, -0.330057511732, 0.812854223557, 0.568010894187, 0.128963697724, -0.29033128201, 0.203168262944, 0.935109835056,  
1070, 2443385.2145092306, 83.55410227517463, 133.37548271457882, 89.20649000215876, 49.026498457324806, 0.672176329244, 0.254963707459, 0.695106100018, 0.441930637861, -0.89141491865, -0.100383037054, 0.594033916307, 0.374663783527, -0.711864281721,  
1086, 764295.5996784897, 56.71843641978415, 100.54611390796879, 96.18394222539953, 18.867088509813104, 0.548772704854, -0.334406473309, 0.766172845392, -0.18913920925, 0.843073254608, 0.503441999528, 0.814294097935, 0.421188553944, -0.399406214392,  
1088, 2242845.33330018, 81.20265680021753, 134.46439733856772, 71.0620873646815, 56.0357832065059, 0.484111285361, -0.743411916922, -0.461492129039, -0.611634839635, -0.664667613097, 0.429091816567, -0.625730841761, 0.074536473482, -0.776469721103,  
1091, 1270422.2560084327, 67.18719261683249, 99.74115799928516, 66.17206721353273, 45.952630363704614, 0.52719835833, -0.0133684465021, 0.84963708465, 8.17152317164e-05, 0.999877031823, 0.0156816630457, -0.8497422458, -0.00819791872232, 0.527134622115,  
1114, 3519131.0908741844, 94.35877162948184, 114.54514759531614, 105.2323898340486, 69.69806260102187, -0.500823371997, 0.514642767294, -0.695930148889, -0.317461102261, 0.638781009378, 0.700840403095, -0.805229407444, -0.571928006073, 0.156537398908,  
1122, 1613571.9374607948, 72.76120915897828, 136.03913330521442, 81.749634549003, 34.63777977042905, 0.289501306249, -0.951286312021, 0.106034646423, 0.527689339989, 0.251042378628, 0.811493490174, -0.798581839351, -0.178975072832, 0.574660742668,  
1158, 2958519.1068433127, 89.0557412936998, 123.71969043589316, 82.521734990084, 69.17968722466829, 0.650329114553, 0.750574520664, -0.117089417521, -0.335002170613, 0.421702103574, 0.842579896227, 0.681795855406, -0.508729028828, 0.525689249251,  
1166, 1352432.4011239435, 68.60287543548819, 115.52503325873124, 84.28058406141201, 33.160671683439794, 0.754029621006, 0.503830469182, -0.421419255574, 0.434656072318, 0.0982837470273, 0.895217517628, -0.492456525434, 0.858192963962, 0.144884116327,  
1171, 4528642.442036397, 102.6344456721683, 134.30502467995106, 107.77368750124644, 74.69205692412308, -0.356237448445, -0.708627887741, 0.609049585043, -0.90148007793, 0.0891673295376, -0.423536133568, -0.245822190658, 0.699925498934, 0.670578665424,  
1178, 2531703.5005244603, 84.54892256241978, 136.3270033817709, 98.18089482993626, 45.15598896794682, -0.29494469722, -0.900207875541, 0.320364489911, 0.795121683279, -0.0452945972594, 0.604756073338, -0.529895399453, 0.433098349424, 0.729134202575,  
1182, 2858863.358936987, 88.04437125284046, 121.20400635370325, 81.28913260974127, 69.2716168032146, 0.574528088759, 0.0358833003828, 0.817697905085, -0.392574724138, -0.864542887564, 0.313768515838, 0.718193957922, -0.501276355234, -0.482617296093,  
1208, 2613990.7424036413, 85.45519678922835, 123.62102560827923, 91.11201826527136, 55.4048044665711, -0.654621879598, 0.479521743054, 0.584404904746, 0.734483881443, 0.586392645876, 0.341580287433, 0.178895563534, -0.652841912565, 0.7360664471,  
1220, 1827021.647585416, 75.83767811441842, 120.39984296370609, 95.88614097765023, 37.780989053388936, -0.79426354307, 0.402954398457, 0.454723187131, 0.595842973885, 0.370243286577, 0.712664759348, -0.118813192118, -0.836987252895, 0.534168291711,  
1227, 2214659.2954970063, 80.86106147666911, 121.08043224795217, 96.22169142165772, 45.380718196560615, 0.559485207256, -0.563905924779, -0.607442516508, -0.651713366619, -0.752114285419, 0.0979478914422, -0.51209959054, 0.341078011117, -0.788301845552,  
1231, 710537.9712193059, 55.35619460719658, 95.80892079900995, 74.3052480509833, 23.827212923241483, 0.48144573229, -0.657355251293, 0.579736216273, 0.0112647061631, 0.666026105716, 0.745843370219, 0.876403510522, 0.35255254942, -0.328060339941,  
1246, 2136130.551765878, 79.89379681325855, 118.547401514081, 88.1080596329115, 48.8237919362578, -0.804314409138, 0.526441568315, -0.275567789125, -0.141246497104, 0.281078808156, 0.949233443712, 0.577172208538, 0.802405121342, -0.151717708049,  
1247, 1514312.861306665, 71.2375542203005, 104.17269933701378, 80.47190508744556, 43.12496949518271, -0.246627662623, 0.453986869474, 0.856195490746, 0.765467999709, 0.63307993996, -0.115189109911, -0.594334533282, 0.626981428724, -0.503647446716,  
1254, 1643760.092850802, 73.2121691407174, 115.278345918451, 80.76965820294454, 42.14575534454314, 0.408626992229, 0.756544116128, -0.510553603038, 0.82206930104, -0.548101222274, -0.15423071818, 0.396517396226, 0.356687609113, 0.845900646645,  
1270, 937061.9542572265, 60.705293803819025, 112.81254892776437, 55.28920389726969, 35.86591769497971, 0.921766679747, 0.382749461627, -0.0620406135737, 0.27093419591, -0.521317978226, 0.809210866873, -0.277382136403, 0.762712537725, 0.584233459502,  
1271, 3615429.2396136364, 95.2117217873211, 114.48776152855572, 107.37450055568596, 70.21195016029318, -0.340787192967, 0.48593323793, 0.804818599055, 0.627267451197, 0.755181818084, -0.190357469788, -0.70028539452, 0.439965123515, -0.562166395573,  
1272, 836073.8560448693, 58.441139859303014, 139.444161444771, 68.95361542569367, 20.758628495093262, 0.397627572043, -0.545493536074, 0.737786633149, -0.55200227982, 0.500081250841, 0.66724225408, -0.732929598955, -0.672573820973, -0.102267581944,  
1273, 1236647.4562146394, 66.58643542323207, 108.58160980956555, 72.4705661966528, 37.517973185870495, 0.327362197282, 0.922394421805, -0.204993957017, 0.361108706444, 0.0783530464284, 0.929226184653, 0.873174950351, -0.378218628228, -0.307434831047,  
1274, 1509771.9630904058, 71.16627736858041, 110.66621177483648, 99.8571267923007, 32.615845194260174, 0.453677254268, -0.20486519123, 0.867298796484, -0.553679624037, 0.697791461785, 0.454451262278, -0.698294939754, -0.686379872434, 0.203142432376,  
1275, 519385.04921545263, 49.865511504694496, 87.40976795023496, 46.496910445606105, 30.508213076380144, -0.918883489144, 0.388785628883, 0.0670736025072, 0.33917099217, 0.6916066791, 0.637685847024, -0.20153454158, -0.608708416402, 0.767370765896,  
1276, 710058.4645185327, 55.343739425086646, 122.71930981063575, 76.17682319009775, 18.133003204553383, -0.515810316571, -0.787366116845, 0.337630441997, -0.83346722095, 0.370041938196, -0.410367342241, -0.19817191759, 0.493075614911, 0.847115298563,  
1277, 3247474.433336493, 91.86548603627921, 125.01621587129492, 90.0097522057935, 68.89714348536884, -0.906318872654, 0.404524483341, 0.122254011993, 0.42211528264, 0.880354229596, 0.216321794079, 0.0201193745577, -0.247661811366, 0.968637619525,  
1278, 1240815.390276271, 66.6611580573192, 115.72161071472811, 58.8269401072453, 43.51388235711782, -0.247262496588, 0.835661942391, 0.49043896238, 0.915555121538, 0.0357972799681, 0.400596273288, -0.317206679007, -0.548076338466, 0.773945896047,  
1279, 20369.058287724547, 16.941847982774107, 93.15061505108439, 72.50771127615633, 0.7199667137351162, -0.109447076768, 0.464553482875, 0.878755596816, -0.990473629373, -0.125294882818, -0.0571242667843, 0.0835663024375, -0.876636329323, 0.473841132879,  
1280, 1148693.0827122116, 64.9688429226859, 134.41985690111773, 56.08609339488354, 36.37447861473872, -0.773557474625, 0.580636557931, -0.253909474118, -0.0581399046817, 0.333948339245, 0.940796608305, 0.63105355156, 0.742522521079, -0.224570079829,  
1281, 1986127.9811267497, 77.97814030838413, 103.95574792343169, 82.54261602409329, 55.25758296261965, 0.484151618803, -0.0661590589779, -0.872479334383, 0.280219345216, -0.932895178899, 0.226238157156, -0.828899468317, -0.354019157817, -0.433123662851,  
1282, 2119985.420867682, 79.69200526855596, 113.48650749169533, 73.88211839328376, 60.36159328303959, 0.173445645845, -0.176772955156, 0.968848765423, -0.664939353596, 0.704659818305, 0.247608958855, -0.726479362389, -0.687172367599, 0.00467688275239,  
1283, 2217440.4333637557, 80.89489537758783, 102.97692180872644, 83.06765695002987, 61.885867986859374, -0.291228549066, -0.655285550887, -0.696984059364, -0.952863386508, 0.133905425833, 0.272251177379, 0.0850723154802, -0.743417906518, 0.663394692025,  
1284, 97405.1704472293, 28.542880577664665, 93.20760731011423, 50.943013456927076, 4.89730790966029, 0.931363414135, 0.184178773645, -0.314070645156, -0.231443351242, 0.965393561629, -0.12020501791, 0.281062565946, 0.184644118518, 0.941759196143,  
1285, 2042981.4503005422, 78.71520026223637, 115.00936120789433, 98.22873640706199, 43.17218857613903, 0.605812257706, 0.445550851534, 0.659147894717, -0.585747614708, -0.310889388241, 0.748496840436, -0.538415490376, 0.839542867861, -0.0726397463295,  
1286, 2474182.8514116774, 83.90368999484507, 117.30176397076207, 99.32582764281877, 50.696321418811294, 0.771552622791, -0.146005663509, -0.619184057036, 0.568613608177, 0.594742592593, 0.568295533285, -0.285280764968, 0.790546390023, -0.541896014343,  
1287, 3295205.522462762, 92.31337570631084, 133.70653167791173, 113.79955062598046, 51.70121233611699, -0.94590769854, -0.324431351177, -0.00171003376707, -0.166939655869, 0.482194017644, 0.860011674715, 0.278190181604, -0.813777136396, 0.510271491598,  
1288, 2299160.205692136, 81.87667698355934, 108.2367161458178, 80.65173819248919, 62.87706850495142, 0.00188633383882, -0.971628760549, 0.236503685844, -0.999693402747, 0.00400677805984, 0.0244345295233, 0.0246889094148, 0.236477266143, 0.97132330372,  
1289, 2817948.1615606486, 87.62232985674628, 114.89605473478822, 92.32176483640887, 63.4213052950671, 0.60557418823, 0.793556170985, -0.0595693380951, 0.476751868902, -0.301842241859, 0.825590041442, 0.637171529533, -0.528355812423, -0.561117258183,  
1291, 2634223.7594004814, 85.6751127058759, 130.51903215652618, 77.54389039925177, 62.135904216126086, -0.939198457485, -0.211999443868, -0.270115703464, -0.341382805573, 0.491885908401, 0.800940717641, 0.0369328785393, -0.844455143223, 0.534351451357,  
1292, 2229404.2346438835, 81.04011913612445, 145.58726298402533, 72.67069234734716, 50.305738988521156, 0.827633331776, -0.228223319102, 0.512774009434, -0.394212813373, -0.886685653639, 0.241629487859, -0.399523874012, 0.402122702976, 0.82381915846,  
1293, 2616442.3159308177, 85.48190362164448, 113.99015855467437, 88.24845057719993, 62.093781392500595, 0.0149720008515, 0.99973239747, -0.0176344163465, -0.962093390165, 0.0192069226916, 0.272043016306, 0.272308919778, 0.0128929271346, 0.962123497603,  
1294, 904813.574509143, 60.00077123450005, 128.23796368417194, 94.19279435266814, 17.882828188501254, -0.773387240685, 0.522688069505, 0.358705112792, 0.626316559701, 0.54255329825, 0.559788786599, -0.0979782781535, -0.657596457226, 0.746971991747,  
1296, 949638.3552438323, 60.975665074260036, 100.81341189676267, 61.76697576589184, 36.40784610956493, -0.683883241828, -0.208505277833, 0.699163257517, -0.702268819224, 0.447918463795, -0.553342168407, 0.197793369689, 0.869421991272, 0.452750686361,  
1297, 2778216.5272946493, 87.20856903609759, 127.92479493587658, 102.16057743217443, 50.7503933646493, -0.341533454213, -0.909437604461, -0.237230148264, -0.935047076283, 0.303242624784, 0.18365967344, 0.095088720612, -0.28454727921, 0.95393447422,  
1298, 3043516.174446809, 89.90054715078203, 106.96996993372827, 99.4250438740069, 68.31708696060777, 0.655026588507, 0.735642447774, -0.172540886118, 0.315203830211, -0.0584969085719, 0.947219434507, -0.686721714939, 0.674839462925, 0.270194347664,  
1299, 1024063.5837016589, 62.5287054980329, 106.81590029411237, 74.23454190031734, 30.83162216918821, -0.685821330311, -0.393545910652, -0.6121852, -0.710370320439, 0.179157840075, 0.680644162672, 0.158186948671, -0.901678481804, 0.402433602874,  
1300, 1716960.004670475, 74.28318613874167, 119.03316846411532, 74.46453961076288, 46.243858827012225, -0.808194480733, -0.214361749606, 0.548516838045, -0.588910693979, 0.290341712964, -0.754245241437, -0.00242401123869, 0.932604273001, 0.360892496667,  
1301, 1255689.2713565412, 66.92646061983791, 108.01673065397244, 74.66926527525112, 37.16727046224676, 0.648417993126, 0.322637573735, -0.68953542491, 0.421981953555, 0.601547153725, 0.678286261632, 0.633628705998, -0.730784522181, 0.253906764534,  
1302, 1681553.204711033, 73.76901783009863, 99.94206835968484, 69.77245245696201, 57.569132095542834, -0.428404012008, 0.456746597997, 0.779648990067, 0.893013922688, 0.0824054985574, 0.442420012763, -0.137826471989, -0.8857719114, 0.443183917345,  
1303, 634132.1744998125, 53.29629998919271, 92.4891865417162, 70.82697237964638, 23.110084971806085, -0.895635296279, -0.43135880924, 0.108475774946, -0.432054988279, 0.901663155055, 0.0182220174495, 0.105668837233, 0.0305472176755, 0.993932072292,  
1304, 1638944.552138851, 73.14060536739292, 102.88513787226044, 71.0249324921177, 53.54416843978188, -0.241189330689, 0.425450922648, -0.872249516583, 0.969354242807, 0.148855061397, -0.195434190068, -0.0466910988627, 0.892655411183, 0.448314909603,  
1305, 893340.2367608896, 59.746081738825346, 109.9338070425133, 67.79186474459937, 28.616692573169292, 0.283499061047, -0.897649189883, -0.337422901251, -0.342998615089, -0.423497983341, 0.838451792384, -0.895533490402, -0.121964708046, -0.427953709598,  
1306, 2154245.9421190554, 80.11900701872284, 122.26229291880315, 84.39466885151408, 49.84242046081012, -0.479552231407, 0.727721472172, -0.49035815104, 0.876507855458, 0.370493768562, -0.307357034695, 0.0419956744469, 0.577196523201, 0.815524700381,  
1307, 1640896.5591486692, 73.16963102517425, 108.54813933127811, 85.10309653075423, 42.405759810187504, 0.670110918504, 0.611190652928, 0.421185639208, -0.378440533334, -0.206820328128, 0.902223982503, -0.638540617057, 0.763983859546, -0.0927067566153,  
1308, 1169382.345587245, 65.35657844278991, 88.17197625030045, 65.73830723052195, 48.16358790636044, -0.234827889625, 0.391129762599, 0.889872671264, 0.972008427174, 0.0874726104727, 0.21805540562, -0.00744847348982, -0.916169226304, 0.400722433882,  
1309, 1229403.161101185, 66.45615933499653, 102.54937062341322, 88.00503305140197, 32.52109847532619, 0.716005506082, -0.238523528747, -0.656081276591, 0.633228439192, 0.617532878746, 0.466556414022, -0.293867077193, 0.749506284097, -0.593196823188,  
1310, 2340523.4936872544, 82.3647652893598, 119.54783571402633, 98.9657188921996, 47.227819387768065, -0.912248468746, -0.221366017975, -0.34467349384, -0.40961365669, 0.48390290768, 0.773339917625, 0.00440267223592, -0.846661125849, 0.532114230643,  
1311, 1105700.8456907072, 64.14798379484385, 98.08060544468825, 68.97825190418772, 39.01698533853604, 0.513074587784, -0.796401871072, 0.320153911615, -0.858343570132, -0.47643296574, 0.190415190491, -0.000884863616328, 0.372499246856, 0.92803207278,  
1312, 3026798.246600218, 89.73563798120227, 116.48810515232665, 84.63867379160585, 73.28995140889636, -0.238213346689, -0.964341990281, 0.115320974853, 0.0130832993402, 0.11554206954, 0.993216420245, -0.971124723575, 0.238106186287, -0.0149068881433,  
1313, 1094313.7609255004, 63.92701368175889, 138.0086590628595, 74.36039412989864, 25.456883322494864, -0.303326947132, 0.241612836836, -0.921746169083, 0.917177992325, -0.188298162038, -0.35118133858, 0.258413028962, 0.951928064115, 0.164486069968,  
1314, 2419175.667056363, 83.2772289161799, 103.35748116250718, 81.65559612480334, 68.43069102186469, 0.694665707921, 0.517041412771, -0.500107720115, 0.639813625609, -0.126373977253, 0.758068692375, -0.328752306037, 0.846580058443, 0.418597809266,  
1315, 2631124.147967821, 85.64149574570361, 114.99221321434703, 93.77101953268999, 58.2526464631409, 0.880495736663, 0.152751145136, 0.448769813355, -0.335784415866, -0.467273813936, 0.817865520041, -0.334628277019, 0.870817013195, 0.360141146982,  
1316, 1368485.0537691116, 68.87323510228191, 126.99146644625866, 85.45810160964044, 30.103962886311574, -0.935930683882, 0.0829162126563, 0.342284467434, 0.130765101921, -0.820598332241, 0.556344196737, 0.327008016855, 0.565458467795, 0.757180611288,  
1317, 1800872.6200307566, 75.47413227445554, 120.92616038088221, 66.11408157809761, 53.77496707230183, -0.351737281329, 0.254535683651, 0.900828768786, 0.337064323702, -0.863335692147, 0.375551759885, 0.873308952554, 0.435732794742, 0.217872451162,  
1318, 1156124.4115887517, 65.10864452933771, 109.28442682613418, 75.7665604388864, 33.33343817040316, 0.117785115769, -0.850450921424, 0.512698641263, 0.797056141372, -0.226982777476, -0.55962516583, 0.592307499534, 0.474565115636, 0.651121937134,  
1319, 206058.28106481832, 36.64098621342923, 122.88645218828184, 51.17444854103618, 7.82247683822266, 0.596694235263, 0.0298112973693, -0.801914756163, -0.69988202602, 0.508214054234, -0.501880089996, -0.392582652773, -0.860714680733, -0.324112787642,  
1320, 700488.7106510502, 55.093983807423704, 68.56214030780853, 62.02838455161583, 39.322189692038364, -0.476030572613, -0.568507003526, -0.670965484119, -0.879427768707, 0.308858804369, 0.362233403473, -0.00130137041213, -0.762499853053, 0.646987079106,  
1321, 109268.38604205284, 29.657552396234916, 99.0385623481112, 70.37978076556287, 3.742429965900219, -0.0919721657756, 0.198095266767, 0.975858281723, 0.865401405862, -0.468874054862, 0.176741413964, 0.49256626707, 0.860764419549, -0.128308560053,  
1322, 560776.912977863, 51.1564625346392, 122.20056852522384, 72.97121395810201, 15.013319208723102, -0.871163575562, -0.38493280301, 0.30479626274, 0.119756021619, 0.435443875675, 0.892214731117, -0.476164383275, 0.81376616316, -0.333244822611,  
1323, 1376835.6013878947, 69.01304015102113, 106.62817375057132, 79.73321110875725, 38.66181621731355, -0.89872211882, 0.0848486606047, -0.430231632888, -0.131183899296, 0.884152580604, 0.448402719414, 0.418436778629, 0.459428905279, -0.783476702452,  
1325, 2731105.6982853743, 86.71281790060667, 118.72481809175883, 84.73923347985021, 64.80728907076706, 0.709413279127, 0.148129094455, 0.689050484924, -0.403966754331, -0.715672952083, 0.569757042126, 0.577532389389, -0.682546699526, -0.447868666211,  
1326, 61.31653655228401, 2.446224635281642, 132.42331667754465, 49.53597291486199, 0.0022315357476732937, 0.564948584651, 0.712919246578, 0.415426581431, 0.754312326761, -0.650293887817, 0.0901707999515, -0.334433865506, -0.262419525428, 0.905146387208,  
1327, 3777742.1439399756, 96.61574356514335, 123.68701848994344, 106.09946911280626, 68.72367417036118, 0.934862751581, 0.0838725058713, 0.344959473656, -0.256197715793, -0.513255472627, 0.819104114409, -0.245752652333, 0.854127755419, 0.458335478982,  
1328, 858182.9397553088, 58.95180258080092, 88.65653878801002, 69.09217487213553, 33.446573461822446, -0.959311054038, 0.280885832626, -0.0287306566476, 0.0966370318308, 0.422237300184, 0.901319558432, 0.265299049527, 0.861869370243, -0.432200882641,  
1329, 1851189.2828038828, 76.17060516355237, 82.34279130145099, 74.58859860665822, 71.95553152276533, -0.494047802726, -0.306233347172, -0.813718566644, 0.162848158194, -0.951946466282, 0.259380806357, -0.854047566588, -0.00436605241616, 0.520176596544,  
1330, 28176.33325388559, 18.876955642781677, 75.97279112763748, 22.72045394444316, 3.896913625039829, 0.472053399949, 0.79638722816, -0.37806477014, 0.637590577937, -0.60458402572, -0.477447809472, 0.608805258291, 0.0156696735316, 0.79316493796,  
1331, 2853626.9994880483, 87.99058370593914, 125.75854304744745, 90.79609785081821, 59.66283894351758, -0.913568413399, 0.171631038276, -0.368694373078, 0.0969142989912, 0.97234383725, 0.212497248953, 0.394968824959, 0.158399017869, -0.904936118435,  
1332, 2299925.2469639275, 81.88575741367237, 136.32522350959817, 79.78056875159507, 50.48376830705908, 0.299395123417, -0.824457302243, 0.480242352207, -0.689972451584, 0.160567983973, 0.705801628348, 0.659014852739, 0.542667558733, 0.520779554676,  
1334, 3844963.8628442856, 97.18544278838655, 135.94993983944883, 102.27861550799425, 66.01456909297367, 0.163120510782, -0.838675445785, -0.519629864037, 0.913117733551, 0.327796426372, -0.242415980356, 0.373641142858, -0.434940225198, 0.819279742743,  
1335, 743871.4353514784, 56.20864175034812, 104.39426057659884, 61.767628532654875, 27.540493786746808, -0.968843857933, 0.0358663368536, 0.245061593945, 0.118062142828, -0.802926767024, 0.584268720049, 0.217722092075, 0.594997657708, 0.773676210016,  
1336, 573821.0151741215, 51.55007245755261, 111.59309685582728, 76.64263077424721, 16.01696057533912, 0.548163171867, -0.167340611475, -0.819459734679, -0.700975997852, 0.442541243529, -0.559276227111, -0.456234355835, -0.880996235819, -0.125283059625,  
1337, 2653600.9293838325, 85.88467313038119, 134.472802136772, 88.85038429194412, 53.02164968584706, -0.935149926708, -0.0940204320478, -0.341547614447, 0.094826937083, -0.995389986043, 0.0143745500568, -0.341324576585, -0.018945554714, 0.939754542088,  
1340, 321850.0729781604, 42.51299165884963, 107.16573664648858, 63.69573952093793, 11.25637789909804, -0.252156376378, 0.967461977114, 0.0208442963625, 0.956933897101, 0.252498836274, -0.143254508686, 0.143856450778, 0.0161759240595, 0.989466351651,  
1342, 939279.8786496628, 60.75315035688619, 118.33918569213624, 107.70596722210733, 17.59292567718808, -0.543105047596, 0.225341660858, 0.808862190461, 0.556454412866, 0.817996324995, 0.145741204528, -0.628804734141, 0.529247719104, -0.569650294607,  
1343, 3360818.1912928824, 92.92205447156466, 123.63835743235735, 92.04041849139158, 70.50576004281803, 0.709215152841, -0.228599425416, 0.666900419613, -0.643823973709, -0.595433230431, 0.480572532482, -0.287236066429, 0.770195800299, 0.569468059986,  
1344, 690098.8915873244, 54.82023675931819, 97.8472404598249, 70.58416751588206, 23.854309056358897, 0.684675508414, -0.62578184128, 0.37365296105, -0.5427141769, -0.779925430803, -0.311733290776, -0.486498479308, -0.0106493901486, 0.87361651777,  
1345, 1984922.6433801446, 77.96236270547654, 109.75955715698525, 79.8770156052192, 54.04939043693545, -0.629914727029, -0.316923279792, -0.709060696555, -0.736929155812, -0.0443856337355, 0.67451118214, 0.245240404473, -0.947412027707, 0.205590840676,  
1346, 730042.5796748201, 55.85814733873006, 112.80117243222844, 85.24487818040714, 18.124985743371646, -0.855451911421, -0.401729107003, -0.326826791791, -0.505427050514, 0.78520095599, 0.357775006562, -0.112896075463, -0.471246414626, 0.87474641631,  
1347, 1431787.3715412924, 69.91923040818229, 107.75404302534193, 79.03332805747048, 40.13710769780673, 0.750644024129, 0.537025765764, 0.384885536161, -0.231016787658, -0.332434819732, 0.914395064756, 0.619003063692, -0.775300211232, -0.125478243548,  
1348, 1353244.1614516787, 68.61659835289396, 110.68666054111435, 83.36358040387765, 35.01191850474884, -0.0208911393474, 0.831523503795, 0.555096588832, 0.0525661401114, -0.553536256937, 0.831164492246, 0.998398898843, 0.046543258292, -0.032145977929,  
1349, 1579942.8826757483, 72.25217511575599, 125.63300764024311, 89.13266541435353, 33.683105600406414, 0.617115825664, -0.59798160966, -0.51145483889, -0.690224076814, -0.723477870158, 0.0130573802145, 0.37783433076, -0.344960528032, 0.859210947671,  
1350, 3238264.9451121893, 91.77856360413824, 126.89607454747544, 96.34678947722523, 63.23220610396458, -0.0460429531443, 0.940820423289, 0.335763276115, -0.995909863965, -0.0170747576629, -0.088724266737, 0.0777405256157, 0.338475085896, -0.937758512041,  
1351, 3329354.2192340586, 92.63116612311248, 116.60234869969494, 108.38922943886453, 62.88947465378601, -0.870109865673, 0.0111428935248, 0.492731831306, 0.339385028488, -0.711403666913, 0.6154044403, -0.357388617749, -0.702695281489, -0.615217617821,  
1352, 1675170.7692163738, 73.67556792944045, 124.0065632051396, 87.54400872782605, 36.83828267109776, 0.63329214947, -0.689248987933, 0.351961483763, -0.185611541532, 0.306238495833, 0.933684282464, -0.751325102116, -0.656623039729, 0.0660058681269,  
1353, 1231806.866817683, 66.49944241210817, 115.67463727727184, 65.16005755695672, 39.01525105596502, -0.410107362921, 0.136843967796, 0.901712636795, 0.877811047031, -0.209081878803, 0.430966975146, -0.24750700311, -0.968276043509, 0.0343771287001,  
1354, 1754149.4979805395, 74.81568639772848, 138.8699638209285, 76.54259328684915, 39.39730364327755, 0.823831575415, -0.555834556137, -0.111128221226, -0.434474711481, -0.493292751314, -0.753587411377, -0.364051178316, -0.669111506182, 0.647886202864,  
1355, 2868970.1647891356, 88.1480022765238, 121.5824728753693, 78.96578542759974, 71.33907780122253, -0.918768608261, -0.379625728131, 0.10839073307, -0.394538560616, 0.892808272861, -0.217330881602, 0.0142677490131, 0.242441115431, 0.97006120265,  
1356, 2428794.06950725, 83.38745030202631, 135.45609998854573, 93.41839254775397, 45.821692549407494, -0.0421968557194, 0.320378289223, -0.946349394865, 0.998336737328, -0.0237215739687, -0.0525456547232, 0.0392833841369, 0.946992628653, 0.318844440139,  
