# Void_ID, Void_Volume, r = (a*b*c)**(1/3.0), a, b, c, vector_a, vector_b, vector_c 

14, 2807827.5644396185, 87.51730615382436, 152.21686442913685, 103.31673463194831, 42.62342855869123, 0.378397977304, -0.891203734487, -0.250141708654, -0.34507769668, -0.386572506689, 0.855267841279, -0.858915801477, -0.237313296527, -0.453812786581,  
16, 1415238.5177584258, 69.64880620139402, 123.77432146901172, 71.56399300449742, 38.143093448424004, -0.261585082563, -0.874737624899, 0.407930548214, -0.958012260141, 0.18389804911, -0.219986401746, -0.117412750585, 0.448347627539, 0.886114355419,  
34, 891197.9496137939, 59.698285200892855, 120.93799612819083, 61.212096364607284, 28.739919525991308, 0.17109505179, -0.00212420361769, 0.985252237253, -0.889623746624, 0.429436769429, 0.155414447541, 0.423433669771, 0.903094429626, -0.0715847643251,  
37, 1020563.2894378226, 62.457382221146474, 115.5175995028856, 80.58230622662924, 26.17360144501439, 0.150238481261, 0.984663790917, -0.0886883171855, -0.793502518086, 0.173607115955, 0.583278941058, 0.589730576229, -0.0172565392447, 0.807415666998,  
51, 1481101.8345368858, 70.71291982693653, 115.89566289475256, 63.220015525889465, 48.25857886659459, -0.322949405407, -0.928128987529, -0.185149302067, -0.945688873622, 0.324134162367, 0.0246900606341, -0.0370976529599, -0.183067275324, 0.982400191801,  
53, 909772.1064459695, 60.11017642708085, 145.04848814652982, 71.46761552717653, 20.951808168723744, 0.880232347132, -0.454360555513, -0.13692151276, -0.324017698171, -0.364656428667, -0.872948005499, -0.346703830861, -0.812762065199, 0.468203245439,  
58, 283686.1220514391, 40.76146899711586, 146.47946712077768, 50.765350570685705, 9.107629188634705, -0.844327624405, 0.0947311585387, -0.527386831717, 0.160306751351, 0.983825908994, -0.0799270058518, 0.511285251242, -0.152028248674, -0.845857436846,  
92, 774936.1616011187, 56.98043660721252, 126.46431476191529, 59.965244763283316, 24.39549935062625, -0.100140770619, 0.415233951918, 0.904186148553, 0.0853820640527, -0.901815704036, 0.423601627821, 0.991303046095, 0.119621073097, 0.0548549876793,  
119, 1410118.9475691463, 69.56472078037007, 105.70350540385422, 83.75305701741966, 38.02568805167017, -0.493384215684, 0.690966356367, -0.52833465728, -0.699783663641, -0.676078257029, -0.230696802046, -0.516599302957, 0.255897801362, 0.817093308896,  
143, 1453010.5139318234, 70.26300437547235, 140.2376347570284, 74.84478682356239, 33.04867204558083, -0.582534919114, 0.360747462912, -0.728364150693, 0.111378044772, 0.923086442333, 0.368111873109, 0.805138496878, 0.13331424524, -0.577909433095,  
160, 2222239.4495325997, 80.9532112900094, 116.6685282311417, 94.90475792462966, 47.9137914953763, -0.952975158031, -0.303047096069, -0.00089763075695, -0.152095287159, 0.475719358341, 0.866347572123, 0.26211709559, -0.825744239861, 0.499440765793,  
204, 2717904.335477477, 86.57287741615485, 143.42649291370452, 75.98277633579598, 59.53892922017855, 0.467826575231, 0.859323515781, 0.206643148283, 0.619864097868, -0.485676581834, 0.616349542088, 0.630005393375, -0.160254026729, -0.759876207836,  
213, 587393.6725019806, 51.95334940601052, 91.27387143699447, 69.15658213959394, 22.215733727721947, -0.682510877629, 0.714555773225, 0.153586942376, 0.730811790238, 0.664439863663, 0.156313130686, -0.00964516291037, -0.218928560324, 0.975693218336,  
244, 426595.7034567447, 46.69918370741686, 121.09844624753312, 45.196293865627496, 18.607433391122857, -0.134515748512, 0.989557640666, -0.0517802008571, -0.248046324602, 0.0169653029888, 0.968599607343, 0.95936360899, 0.1431357897, 0.243174035319,  
285, 1890968.0346656411, 76.71233333254384, 131.70621453619478, 69.72439165919522, 49.159173983847374, -0.381839056743, -0.903343008199, 0.195372322206, -0.880721427329, 0.419735739475, 0.219434902536, 0.280229731095, 0.0882797742729, 0.955865042391,  
291, 964184.7468429282, 61.28542692613611, 144.47630557664704, 60.425284358276684, 26.366732728927726, 0.605949350217, 0.750359627341, 0.264170048697, 0.669824853615, -0.302121756963, -0.678275098651, 0.429138731009, -0.587948019494, 0.68568000986,  
310, 941588.2399409594, 60.80287834398434, 118.59196433755, 66.26900617206014, 28.60267794321853, 0.526211016939, 0.019911685878, 0.850120868123, -0.452955579608, 0.852656155158, 0.260401082894, -0.719675766269, -0.522092909199, 0.457696171723,  
330, 2123791.537341664, 79.7396684445738, 152.12819380880708, 98.14945472079576, 33.95671553619577, -0.261747755794, 0.951651210827, 0.160773397265, -0.822007036337, -0.132522562317, -0.55384312101, -0.505759374159, -0.277124057794, 0.816951474717,  
331, 1149473.68061051, 64.98355618235976, 126.57454003668533, 78.14909751588216, 27.742148843737734, 0.261813095194, -0.926252534346, -0.271127545268, -0.317312274116, -0.347921515287, 0.882192461936, -0.911464110034, -0.144937441051, -0.385001706881,  
357, 1300849.384700927, 67.7193533183413, 107.04299502782665, 69.69809095882718, 41.625481640978315, -0.371104499875, -0.874612998911, -0.311983256454, -0.927934584772, 0.336653821847, 0.160005033107, 0.0349121262089, -0.348878641322, 0.936517398169,  
371, 1235614.8023962737, 66.56789608266241, 129.5256320555505, 67.53121735301018, 33.72362056540009, -0.838865698622, 0.203856895856, 0.504724385866, 0.543856031078, 0.352908269291, 0.761364808043, 0.0229119431027, -0.91318022289, 0.406911444156,  
373, 1580499.2867476307, 72.26065573586683, 104.12587304039869, 85.47107987771932, 42.396289405208094, 0.190703929184, 0.309718477458, -0.931507636101, 0.22392234551, 0.910179918663, 0.348469939656, -0.955767123611, 0.275039961431, -0.104221998833,  
377, 4417690.3029486155, 101.78932143232586, 129.03164002880646, 99.91975935486741, 81.80108438112075, -0.934396742085, 0.231017231607, 0.271171102962, 0.347808292855, 0.756202606545, 0.554244539239, 0.0770202557917, -0.612199850176, 0.786942960857,  
379, 916647.4671789946, 60.261218799991354, 120.58620272900197, 79.42778640010684, 22.847761403936946, -0.594785551663, 0.74502054744, -0.301951207029, -0.0789969908874, 0.319628033987, 0.94424435149, 0.799993514326, 0.585476134255, -0.131255755125,  
382, 3306972.1785652717, 92.42312398461566, 135.1038493466805, 93.72456522509526, 62.34774843875511, 0.355107018175, -0.854877466773, -0.37826382651, -0.769191744921, -0.0372437813999, -0.637931783416, -0.531265531715, -0.517491466162, 0.67079021852,  
394, 543913.0762558556, 50.638437526357656, 100.53363229647924, 40.74924471696525, 31.696401030611508, 0.351624038054, 0.823265203616, 0.445639922333, 0.842263134719, -0.485994421781, 0.23324286461, -0.408599250802, -0.293332280039, 0.864293252161,  
398, 705548.2864077496, 55.226312244992734, 113.53777351109544, 67.21381666262997, 22.071873665120624, -0.989135955231, 0.0966871472264, -0.11073236939, 0.12598066414, 0.94571655329, -0.299581496584, -0.0757557544511, 0.310276967231, 0.947622957338,  
416, 575657.8125033475, 51.60501768805297, 104.29123163760114, 92.5403768658387, 14.239565367782513, -0.468822168718, 0.742457758403, 0.478500001156, -0.74528186416, -0.0417408386658, -0.665441691917, -0.474089355579, -0.668591190022, 0.57290933275,  
435, 1988251.5075681705, 78.00592127462654, 91.95994706188073, 78.39404603556939, 65.8416823065086, 0.0621746840746, -0.985725251137, -0.156460978941, 0.671140280371, 0.157321054531, -0.724445173816, 0.738718507094, -0.0599651154625, 0.671341308281,  
438, 435160.5190392246, 47.00964363232901, 152.4732147669327, 66.42339465078763, 10.257611647324174, 0.893442385226, -0.124126445775, 0.431686610564, -0.371443620213, 0.336224906049, 0.865437721362, 0.252567498472, 0.933565979464, -0.254291605649,  
472, 2497603.0017245635, 84.16759789583247, 118.59248185935694, 100.5275902095838, 50.014089672897946, -0.283450122376, 0.473250619837, 0.834080259297, -0.41356352324, 0.724394542665, -0.551559388282, -0.865229010361, -0.501284746806, -0.00961052805123,  
484, 1594502.149699289, 72.47343288768622, 107.87378214399232, 90.5251405521551, 38.980857301804605, -0.184219578495, 0.969574002282, 0.161212285507, 0.352838446267, -0.0878506622601, 0.931551014157, 0.917370251172, 0.228491827512, -0.325919172534,  
487, 1994054.1516583627, 78.08173344262477, 143.13172892791678, 63.242132052885076, 52.59033276626139, -0.609816600047, -0.753061886844, 0.247025320342, -0.773115787091, 0.496647753633, -0.394503470913, -0.174400957734, 0.431553940307, 0.885068077917,  
490, 1044688.6719057735, 62.94570354893499, 98.27749668691764, 70.33193432238663, 36.08208527950378, -0.566166785068, 0.718358964909, -0.404246915908, 0.816489278609, 0.556050288498, -0.15541343114, -0.113138982688, 0.418053195414, 0.901349597215,  
521, 1045471.8012067238, 62.96142826951592, 124.97672901353019, 57.13914283109529, 34.951099242199845, -0.261085734058, 0.455125436559, 0.851290242202, 0.947978385678, 0.287272570153, 0.137154842151, 0.182129678413, -0.842813922189, 0.506451846483,  
535, 246012.74492180636, 38.87075705638955, 101.85230510748131, 84.46646886020294, 6.826746813659738, -0.00605941199259, -0.995507898799, 0.0944844270482, -0.994092812183, -0.00424231040796, -0.108450373763, 0.108364035977, -0.0945834352872, -0.989601540761,  
540, 766194.1182413687, 56.765360658269394, 87.88470162875596, 82.72495869257875, 25.159404808005124, 0.138235123082, -0.51300369063, 0.84718254476, 0.98941037499, 0.0333119533744, -0.141270745818, 0.0442511085523, 0.857739778232, 0.512176055893,  
580, 627089.6878849783, 53.09826736144986, 114.70095842184448, 83.90512371983279, 15.555555364434868, -0.558670651003, 0.807745254335, -0.188241089583, -0.235281634882, 0.0632914482228, 0.969864291986, -0.795317330375, -0.586124386698, -0.154688549427,  
589, 1061989.3455644553, 63.291275805203945, 104.12064895902456, 66.36190285378883, 36.692377556473616, -0.759565791502, 0.643171388305, -0.0969039403001, 0.0532705785387, 0.209998342126, 0.976249426001, 0.648245365461, 0.736363539001, -0.193769668905,  
610, 1027395.394330235, 62.59644487054636, 144.69067027328737, 80.79303112679212, 20.981405377740288, 0.429058673461, 0.277404661144, -0.859625097763, 0.709325191921, 0.485745452439, 0.510792646326, -0.55925524301, 0.828913752697, -0.0116431849572,  
631, 1951549.7286207695, 77.52295838720823, 138.1599960079877, 65.25414422301964, 51.67739372088986, 0.193366209102, -0.928865521843, 0.315940423986, 0.386031888446, 0.368073726029, 0.845872988876, -0.901991624285, -0.0416001747325, 0.429744732582,  
656, 1773574.5621738676, 75.09083735986054, 152.84159567305258, 97.33146963229022, 28.46203824315306, 0.717250553456, -0.556334834171, -0.419575018148, 0.381605533445, -0.190204201156, 0.90454385118, -0.583034184599, -0.808896726505, 0.0758763826187,  
659, 442572.9188743017, 47.27505856329392, 142.18717238082442, 33.56905149765222, 22.135877286057376, -0.328798624657, 0.146037270345, -0.933040502923, 0.938675787389, 0.159148726363, -0.305874891199, -0.103823073507, 0.97639377229, 0.189409532073,  
671, 2800918.8192648967, 87.44546753611223, 116.79300437106001, 106.14548971240119, 53.93783829172908, -0.340337364142, 0.900208435584, 0.271652813481, -0.281767400137, 0.177988004288, -0.942829466314, -0.897093981024, -0.397423002395, 0.193073422248,  
698, 1966059.7704080292, 77.7146154712767, 123.81138888385075, 90.41296060281717, 41.92922367011229, 0.383859534232, 0.750528133817, 0.537921349574, 0.54427465243, -0.654496573165, 0.524785040219, 0.745933616819, 0.0913332144641, -0.659728188904,  
701, 2127741.6007724986, 79.78907405839419, 125.80117691529583, 95.80431311387414, 42.14640245774776, 0.0864503718633, -0.488897042767, 0.86804724225, 0.863555689191, -0.397708970527, -0.309998623267, 0.496787585262, 0.776406630791, 0.387807734315,  
713, 3249536.869956676, 91.88492951983602, 120.3733509976417, 88.11465038704002, 73.13990408509372, 0.430264955766, -0.824686645367, 0.367102172143, -0.833317336398, -0.206511828481, 0.512771958628, 0.347065245591, 0.526540408374, 0.776080481427,  
723, 375289.64189664385, 44.746525935032196, 124.46274511594167, 110.9072666071959, 6.490506531280576, -0.724446064507, -0.354286325326, 0.59131979445, 0.544659650446, -0.819983299511, 0.175992197835, -0.422520727062, -0.449564887652, -0.786999140402,  
746, 1899534.1016776052, 76.8279942377851, 123.91214987132639, 90.76189623572164, 40.32190411933268, 0.304171320596, 0.529210365236, 0.792096078171, -0.282724074168, -0.743880360171, 0.605565114284, -0.909696051224, 0.408140170871, 0.0766465609668,  
755, 733328.4507297801, 55.94182646932318, 119.18011399062024, 84.56834307898934, 17.369939550984917, 0.640774958372, -0.185780968751, 0.744911326517, 0.128351473363, 0.982546817482, 0.134638964428, -0.756923610418, 0.00933718945679, 0.653436657132,  
767, 472231.8037556217, 48.30835039729401, 154.5745277837096, 45.65002678706018, 15.976721251364285, -0.677575183235, -0.568706076046, 0.466331716841, 0.192623982672, 0.474710513058, 0.858804942983, -0.709780157769, 0.67173158915, -0.212105633531,  
786, 718380.4358656885, 55.55911198630718, 128.064811721351, 84.08095937690236, 15.92716258311715, -0.815103690417, -0.328663413618, -0.477060095184, 0.0893343422953, -0.88495016513, 0.457036738701, -0.572385664701, 0.329914482533, 0.750687075325,  
795, 874904.3940587443, 59.332228799503135, 110.55482613418278, 92.3580135590978, 20.455952142457246, 0.746195758943, 0.572698755441, 0.339423076486, -0.280466871646, -0.191959746127, 0.940473173342, -0.60376338349, 0.796974021774, -0.0173834798867,  
816, 1510066.8122140795, 71.17090984492074, 103.93933399402232, 63.75207360252275, 54.40431025996463, -0.969040591985, -0.00365947097585, 0.246874339205, -0.21603033241, -0.471564663308, -0.854960621197, -0.119545918225, 0.88182389205, -0.45617474376,  
853, 1845562.161294433, 76.0933473906391, 136.9972572063833, 93.19244049880096, 34.51020274663481, -0.969057570229, -0.126498011161, -0.211956785108, 0.0267096546663, -0.907395698749, 0.419427753301, -0.245385451746, 0.400788346966, 0.882697389261,  
881, 1884897.463048396, 76.63015550479862, 113.5666405586135, 66.14734942927859, 59.90125137993151, 0.633525156016, 0.641053839735, 0.433238792418, 0.495506592424, -0.76620263434, 0.409153687499, 0.594238246462, -0.0445364759701, -0.803055047148,  
893, 2235881.6543264114, 81.11852921643043, 115.87663509151442, 84.4898355602527, 54.52050413868906, 0.114172578595, 0.622856388274, 0.773960297356, -0.957547578283, -0.13858126101, 0.25278027894, 0.264702205547, -0.769964384685, 0.580592446295,  
899, 1285997.3713598014, 67.46064520249323, 132.1252414890625, 114.05430214178062, 20.372954062038193, 0.453640281199, 0.341649478796, -0.823095455529, -0.188265434516, 0.939491482517, 0.286202516488, -0.871072110356, -0.0251274335237, -0.490511967891,  
902, 1867732.9731149497, 76.39683946672062, 107.65309531956194, 89.289163853045, 46.38749270875467, -0.37825007007, -0.290535149486, 0.87892901386, -0.372405170196, 0.917009410794, 0.142857025475, -0.847491164381, -0.273282029101, -0.45505566568,  
906, 908342.6553712194, 60.07867784367906, 114.56261759994193, 94.01781355866457, 20.13297824902838, 0.401899656536, 0.549156294777, 0.732737354024, -0.887072343392, 0.431967328746, 0.162809350115, -0.227110818026, -0.715424063617, 0.660748882354,  
907, 902391.2920653606, 59.94718056199457, 100.19409412796192, 53.867439278013414, 39.91515615204557, -0.733017294675, 0.468866758174, -0.492797736183, 0.661971082773, 0.32507535444, -0.67536678887, 0.156460638119, 0.8212733875, 0.548662092462,  
912, 1504099.1912010305, 71.07703282148329, 119.00515038175769, 83.86774346464118, 35.977182801347155, 0.152740039418, -0.367302878528, -0.91747429162, -0.0280412226192, -0.929604338114, 0.367490767766, 0.987868498431, 0.0304034534957, 0.152287425033,  
913, 858485.65122078, 58.95873322767622, 118.59949852408191, 83.4610887053763, 20.70510957381601, -0.142496754664, 0.831050895002, -0.537632853187, 0.987524147344, 0.0825933697047, -0.134068615613, 0.0670129339881, 0.550029767555, 0.832452113627,  
927, 903890.3499622293, 59.980357071284274, 133.38087624707302, 72.0611769434417, 22.45082079799802, 0.881357014386, 0.0253412940707, 0.47177074094, -0.238598543213, 0.885737956562, 0.398169571265, -0.407775119851, -0.463493356068, 0.786697756772,  
931, 2368930.3237865837, 82.69664538835866, 116.81107478794054, 93.90315470268149, 51.55840518793902, -0.822047880674, -0.528721415806, 0.211402332881, -0.569062897563, 0.749702339075, -0.337807373221, -0.0201171691928, 0.397995059333, 0.917166959855,  
935, 1160569.5433264486, 65.19198226473297, 110.04126256926527, 78.2238449063674, 32.18754373063261, 0.525358915384, 0.725979037062, -0.443793248905, 0.374490474941, 0.271056884277, 0.886727156269, 0.764038542356, -0.632046361616, -0.129470083655,  
936, 1727362.0587401597, 74.43289696616388, 118.82011310643827, 83.33882799915418, 41.64447742819733, 0.586624911, 0.771109215764, 0.247511194006, 0.606787985486, -0.620908804573, 0.49626665924, -0.536357674005, 0.140935566013, 0.832140379845,  
942, 1903564.704196451, 76.88229603402675, 138.71287567717874, 116.07067818267325, 28.225376064921118, -0.309715985939, 0.336314511748, 0.889364130849, 0.378312219809, 0.901719368911, -0.209241592598, -0.872327846854, 0.271651852409, -0.406508792876,  
944, 2520948.63020967, 84.42902919751612, 122.85633804816702, 77.50842444651325, 63.201722057227045, -0.57491240912, -0.662418086219, 0.480289496959, -0.813670913978, 0.401079953577, -0.420802227399, -0.0861125170066, 0.632722016282, 0.769576172011,  
947, 2756358.5796766295, 86.9792586893974, 120.79852471141506, 86.37755708309706, 63.064442109979176, -0.439157306319, 0.834593555617, 0.332557449516, 0.183693576093, -0.278927891745, 0.942579387271, 0.879430230552, 0.475029291864, -0.0308162532194,  
977, 333510.5753469322, 43.020322998252425, 97.69779455244016, 56.089058840165414, 14.529748184097754, 0.809491671565, 0.522919477311, 0.266980250048, 0.461005652538, -0.84767805043, 0.262518020614, -0.363589083988, 0.0894267469341, 0.927257156854,  
986, 2962613.5383660966, 89.0968051435322, 116.35612056916771, 95.93605165385084, 63.36002211265282, 0.123420654078, -0.939560669167, -0.319363571971, 0.502926762405, 0.33665466458, -0.796070542398, 0.85547180772, -0.0623649402464, 0.514080344328,  
990, 1022027.6079596324, 62.48723952181174, 84.48110141599949, 75.0473067965734, 38.48392321649251, 0.0105643431593, 0.872070814679, 0.489265662844, -0.608048163566, -0.382834552717, 0.69549632352, 0.793829846653, -0.304844549616, 0.526216661777,  
1010, 295699.4783559971, 41.328913005924626, 90.33930935275022, 59.079033542240296, 13.22670906349508, 0.812251180416, 0.356918399105, 0.461364580666, 0.431584296423, 0.16435973193, -0.886972870837, 0.39240669591, -0.919562469275, 0.0205389898853,  
1011, 2894826.2557486286, 88.41201687166435, 119.2002954486426, 92.19379728264396, 62.886128492173974, 0.409683486659, -0.807618027027, 0.424161010915, 0.32641615374, 0.563970117568, 0.758544791735, -0.851828583306, -0.172310269316, 0.49466881421,  
1025, 3193009.596146175, 91.34901556560753, 126.58198579125835, 90.6693214732119, 66.4170136513363, 0.658722066646, 0.638481768436, 0.398027976766, -0.422260561038, -0.124124621841, 0.897936020463, 0.622720850386, -0.759561787893, 0.187842042332,  
1047, 1164607.1078685941, 65.26749466771183, 108.59433023745349, 91.49885624824834, 27.98130791468866, 0.231237116241, -0.379003965197, 0.896038721506, -0.853934690376, -0.520380126094, 0.000262560150239, 0.466181231545, -0.765219261866, -0.443975833379,  
1048, 1649051.8075082044, 73.29064833755552, 103.68939081405398, 61.95379787223106, 61.28348201150312, -0.817762353667, -0.473642498208, -0.326997732127, -0.245364543875, -0.227039574621, 0.942469772547, -0.520635163559, 0.85094994885, 0.0694493413848,  
1058, 3789960.478366856, 96.71979275866178, 119.36697453718932, 90.36594860327892, 83.87973960071687, -0.084747493975, -0.0470061308318, -0.995293065348, -0.100359555725, -0.993404190419, 0.0554623659198, -0.99133537304, 0.104587466376, 0.0794710012356,  
1063, 1567898.015212804, 72.0680990911011, 96.12621785095456, 80.69455404303464, 48.25508891381657, -0.215924198229, 0.363679475583, 0.906153397422, 0.950899213279, -0.132430909495, 0.279736912824, 0.22173729232, 0.922062521335, -0.317227489264,  
1068, 1654378.5926819604, 73.36947827040589, 108.36537562561743, 86.03533541930808, 42.36223797103196, 0.718325220486, 0.691467819525, 0.0766885400482, 0.386759546434, -0.488527498862, 0.782149561208, -0.578295712292, 0.532177731042, 0.618353403587,  
1070, 1660920.2399475358, 73.46605552479747, 152.42977883671685, 76.62464015188809, 33.94860245874357, -0.991798955618, 0.118734044266, 0.0472975513815, 0.0872875104949, 0.358950574582, 0.929266041303, 0.0933580320383, 0.925773574768, -0.366370804124,  
1078, 3195383.2380736866, 91.37164585003924, 129.55741287064862, 85.00498587580348, 69.26720708494312, -0.470877331955, -0.601020538528, -0.645793194853, -0.199511350198, -0.640512442766, 0.741578742821, -0.859342632128, 0.478035692108, 0.181692370995,  
1079, 2144663.372829895, 80.00003466566316, 118.49856932561613, 90.2967174396121, 47.850387143600166, -0.276610901337, -0.942633942359, 0.186889432482, -0.957999367521, 0.285797935625, 0.0235955890469, 0.0756546171191, 0.172513160961, 0.982097545157,  
1084, 2256798.692930252, 81.37070350292777, 120.41962620510539, 88.79130125154455, 50.38909017883859, 0.43524745873, -0.00740449119388, -0.900280413637, 0.38306262853, -0.90341501892, 0.192624832805, -0.814753135798, -0.428703250629, -0.390372707304,  
1087, 2752198.965875896, 86.93548326803189, 113.76337904607347, 81.6984815926965, 70.69272940391654, 0.30449174167, 0.91109766683, 0.277823362503, 0.835504150937, -0.1154099912, -0.537227463648, 0.457403096865, -0.395703898678, 0.796367271772,  
1088, 445200.68042854493, 47.36843867327018, 96.03067635253157, 53.57195748365483, 20.659495263733135, -0.111596614549, -0.126641275917, 0.985651146631, -0.91855580077, -0.36533849292, -0.150940473243, 0.379211598574, -0.922220024086, -0.0755565396359,  
1089, 2045439.4375683484, 78.74675600920607, 119.83589291701546, 82.02493516731067, 49.67812591223126, -0.785012743343, -0.403262747089, 0.470249029344, -0.606978883838, 0.652436588506, -0.453765503926, 0.123820948806, 0.641642934029, 0.756943008322,  
1092, 594356.7879623442, 52.157832970949045, 105.83343253593823, 61.591498980410165, 21.767821218300828, -0.965152652887, -0.255889679403, -0.054779819282, -0.23702419909, 0.943538179544, -0.231420035408, -0.110904849629, 0.210371518313, 0.971310423403,  
1101, 3260926.1678657136, 91.99215347424519, 121.613705618275, 91.94669886237806, 69.61994778926397, 0.934681358327, -0.0882027121453, -0.344370498106, 0.267549848887, -0.46331072255, 0.844843330287, -0.234068017372, -0.881795586256, -0.409449273175,  
1106, 1004749.1087948291, 62.13309777114791, 100.39545337063707, 78.73246576850092, 30.345976840838922, -0.0969516536692, -0.879003538072, 0.466854535062, -0.92052120849, -0.0991760065039, -0.37789525593, 0.378472035389, -0.46638707078, -0.799526121298,  
1108, 1829425.3169334864, 75.87092143877267, 132.60145061140406, 108.29168727616086, 30.41463997696911, 0.417102910105, 0.202521872101, 0.886007930948, -0.846533631946, 0.441354407301, 0.29763584653, -0.330765736384, -0.874180289458, 0.355531783612,  
1115, 1071186.3679447176, 63.47345559244632, 111.42362722960178, 96.70512985747736, 23.732835184975933, -0.545040951818, -0.131154470375, -0.828087474692, -0.490072806936, 0.851223257693, 0.18774346717, -0.680263922859, -0.508151031155, 0.528226774021,  
1120, 1681788.8157846804, 73.77246305477472, 127.24528897352859, 95.54593216598731, 33.02394379906078, -0.608975552208, -0.354835661073, 0.709394411061, 0.558001822093, -0.827273182186, 0.0652154013794, -0.563722221802, -0.435557959022, -0.70178808837,  
1131, 974089.8422546529, 61.49457463019083, 92.2321483938053, 65.61332778044074, 38.42695886441822, -0.875233609761, 0.203436366831, 0.438839119718, 0.447289321649, 0.685734905813, 0.574195003191, 0.184115157125, -0.698842817521, 0.691173151472,  
1134, 3173789.9608126055, 91.16536132367852, 111.19140494152663, 95.35380998775389, 71.4628454336552, 0.0975837705616, -0.751132234447, 0.652899513017, 0.908622940834, -0.200421998836, -0.366381459373, 0.406056349676, 0.628992359857, 0.662938045469,  
1137, 2436434.365026613, 83.47479651302835, 116.28549025024094, 80.90242006394668, 61.82712698615865, -0.378415743553, -0.672808082702, -0.635712835234, -0.906691703245, 0.131191013233, 0.400872889222, 0.186310709026, -0.728092165799, 0.659674251282,  
1140, 1187710.6140818312, 65.69626448344627, 129.06441779702632, 67.02775433837182, 32.7763684005252, 0.541561353861, -0.599594497587, -0.589234875468, 0.271122226205, -0.538891068522, 0.79755197619, -0.795741188114, -0.591677999195, -0.129279181646,  
1145, 936954.3351981828, 60.702969767972945, 126.62678104119614, 49.67488594626561, 35.56045999245722, -0.145382887352, 0.705325007831, 0.693815861302, 0.983715399973, 0.0281461968906, 0.177515642851, -0.105677944346, -0.708325084216, 0.697931047561,  
1150, 367359.2423212684, 44.42909365249858, 118.40339681487687, 77.61962781146264, 9.542598326063148, -0.105901037715, 0.118983471396, 0.987232446664, 0.720202009625, -0.675379687183, 0.158654793412, 0.685634039078, 0.727808499315, -0.0141687254874,  
1152, 1973183.9646521783, 77.8083709493125, 117.59603505669382, 72.08427783888754, 55.57068333341171, 0.742377733618, -0.65862225472, 0.122849608123, -0.528412078707, -0.688311759777, -0.496998587955, -0.411893160546, -0.304045468541, 0.859011278945,  
1153, 1305299.3258188602, 67.79648348015172, 119.23266378398849, 90.20203606824619, 28.974097489031756, -0.896109508258, -0.338557773377, -0.286995441244, 0.0885739940555, -0.770036575581, 0.631821430346, 0.434905043413, -0.540760858748, -0.720024511291,  
1154, 3164956.7918769284, 91.08070677515673, 104.6792226459166, 94.11681344320495, 76.6922488089819, -0.871219001043, -0.350372340073, -0.343826519532, -0.0412548867182, -0.645671917388, 0.762499711094, 0.489157936196, -0.678488760709, -0.548067071669,  
1159, 2583055.0493980926, 85.11674703010047, 136.76327351147057, 83.9016466331475, 53.74091802005889, 0.798122756151, 0.286480159823, -0.530027531494, 0.497680266936, 0.182352188913, 0.847975253826, -0.339579766794, 0.940572590089, -0.00296390919286,  
1161, 1560033.8876650836, 71.94740609458258, 107.6217849407886, 81.4262454252644, 42.499206604575335, 0.00653634330111, -0.292912953406, 0.956116770036, 0.452464795452, -0.851795187925, -0.26404652375, 0.891758310919, 0.434335077509, 0.126965173778,  
1163, 895484.8484425697, 59.79385366338691, 141.07675981187313, 63.24705315887535, 23.959285401333755, 0.577641294006, 0.277562378737, -0.767652044464, 0.667762265769, 0.38020812021, 0.639949483742, -0.469493441779, 0.88227031642, -0.0342782276321,  
1170, 2279541.9466311443, 81.64313253303847, 129.0156924242936, 79.38169555591602, 53.13688240672532, -0.501710547419, 0.629845729446, -0.592942563582, 0.86394369279, 0.399271155789, -0.306893857619, -0.043449077063, 0.666240873298, 0.744469795525,  
1172, 2049229.4036393855, 78.79536225452131, 124.33855586005232, 102.80580827316413, 38.27176564926679, 0.773876584582, 0.608918014293, -0.174166253059, 0.292569664746, -0.0998115924849, 0.951020839559, -0.561709910101, 0.786928521452, 0.255392793593,  
1175, 2430789.8329220433, 83.41028413851564, 116.20306018903658, 97.2891888436312, 51.330637045605506, 0.184618738373, -0.925055750247, 0.331945447892, 0.136634777867, 0.358629651557, 0.923426072028, 0.973266078171, 0.125126463861, -0.192604540763,  
1179, 1187777.9427241776, 65.69750585112845, 112.66481545912953, 75.68780089784339, 33.2531238663181, 0.913633416831, 0.0117015640645, 0.406370585855, -0.336380545704, 0.583102756314, 0.739485837627, 0.228302667793, 0.812314131957, -0.53667834212,  
1181, 520847.62764008244, 49.91227441510518, 142.3011780458763, 62.590490826427036, 13.960636792607875, -0.32732077613, 0.0601098658335, -0.942999423936, 0.941175071682, -0.0679431384126, -0.331018450222, 0.0839678150147, 0.995876766459, 0.0343347064867,  
1184, 931162.2624892341, 60.57762640825722, 124.86886723746609, 50.229536673515064, 35.442423727046474, -0.539920256712, 0.674649586979, 0.503323008793, 0.321522838864, -0.387321365118, 0.864063206144, 0.77788764001, 0.62835507073, -0.00779259955929,  
1185, 2715298.230000171, 86.54519797725901, 105.41425992068453, 83.08743463322392, 74.01064908125386, 0.640964093851, 0.596522930271, 0.483037704588, 0.704208636285, -0.206640439528, -0.679256892003, 0.30537718804, -0.775538601497, 0.552525701314,  
1186, 345370.3636290976, 43.52433585284002, 142.4942191054199, 72.00630794283813, 8.035791677570854, -0.977660363188, -0.181171951332, -0.106568936851, -0.188488797754, 0.980048366558, 0.0630648263865, -0.0930171348298, -0.0817430318544, 0.992303325285,  
1189, 908962.4032001805, 60.092338314639115, 115.02956922358118, 59.126797554455976, 31.90534611078354, -0.98242313272, 0.179730346097, 0.050416177841, 0.00774072403529, -0.230627944606, 0.97301121903, 0.186507022622, 0.956298987691, 0.225182984823,  
1200, 1329921.9544652943, 68.22012571480177, 105.3196592694021, 71.25077691077291, 42.30955879617888, -0.130183349695, -0.348310564366, 0.928295236556, -0.9882130592, 0.121639362154, -0.092945226885, 0.080543436034, 0.929453396532, 0.360040467984,  
1204, 827008.4648167269, 58.22914972545102, 118.6165128422298, 83.26870738855516, 19.989151991442217, -0.953143541046, -0.0696251618733, -0.294397226545, -0.296165298687, 0.413151908964, 0.861157137793, -0.0616725710236, -0.907996606245, 0.414413630362,  
1205, 1546279.2904823825, 71.73533157122785, 114.84066740932523, 76.75319722859291, 41.88004568853628, -0.965713547514, 0.254757565047, -0.0499592553856, 0.248714350738, 0.85272471191, -0.45934925431, 0.0744212058784, 0.456025381694, 0.886849668978,  
1207, 1116190.8494840213, 64.35020718496894, 104.0580300783345, 86.58976699979422, 29.573837179923075, 0.393036476833, -0.0197783101251, -0.919310146973, 0.213848693781, 0.974321975423, 0.0704657674024, -0.894310384624, 0.224288891067, -0.387173642307,  
1208, 1606920.6853349344, 72.66109594115066, 93.37122917064539, 88.56917193029565, 46.388483133343094, -0.467675768329, 0.552648986565, 0.689824958498, 0.761266087267, 0.648430833708, -0.00337613304936, -0.44916958946, 0.523561411437, -0.723968319997,  
1209, 2535681.166283745, 84.59317884794628, 114.55209945227286, 91.65307888723841, 57.65751541515378, 0.826901466639, 0.097083726111, -0.553903163553, 0.40786787629, 0.574559567797, 0.709595024322, -0.387140491244, 0.812684473321, -0.435506816092,  
1210, 1677330.1742086676, 73.70721188271581, 141.73335383543093, 83.48954458775835, 33.83964469138038, 0.722485658122, -0.671861675599, 0.163145219571, 0.322405097035, 0.536135218426, 0.780137155229, -0.611612154239, -0.511039055675, 0.603961634843,  
1211, 1149046.4577334959, 64.97550440977179, 104.41028295108279, 76.78319235265222, 34.21681185438178, -0.738121490567, 0.494666229735, -0.458783158282, -0.0500965488534, 0.637950781787, 0.768445922503, 0.672805321736, 0.59018990264, -0.446104111017,  
1216, 1374924.6038454159, 68.98109617414704, 100.13950684930177, 84.72446199346403, 38.687975686984416, 0.363966340172, -0.911996243904, 0.189186031006, -0.0602786195229, 0.179627662064, 0.981886139555, 0.92945951566, 0.368777377461, -0.0104045481625,  
1219, 2660239.926508817, 85.95623792836567, 116.64083562477994, 94.97865497367219, 57.32651760447164, -0.784471943634, 0.570972095635, 0.242063288534, 0.378758181754, 0.132034797504, 0.916028958059, -0.491066196561, -0.810282468188, 0.319837947001,  
1221, 2275636.9688979625, 81.59648619730076, 105.2598734976738, 79.04457224297987, 65.2949319918046, 0.765003409085, 0.47896730589, 0.430534672212, 0.323989994988, -0.863968491275, 0.385472345613, 0.556597042066, -0.15539873221, -0.816119456202,  
1223, 1835211.8366470577, 75.95083114301308, 94.55275621977351, 83.14110167356239, 55.732384463278905, 0.206951557446, -0.933010913474, -0.294383573268, 0.876470693914, 0.310505239779, -0.367947847908, 0.434706999692, -0.181871194555, 0.882016265729,  
1225, 1957146.5334553802, 77.5969964280499, 117.89708320362593, 100.12018753161743, 39.58311959629162, 0.496057220451, 0.622908140023, 0.60490716902, -0.305422375774, -0.526965749407, 0.793110503857, -0.812800348434, 0.578180376739, 0.0711550809094,  
1226, 2689968.1772445817, 86.27524031169925, 123.30199351912077, 92.99206384052894, 56.0070306762264, 0.915798896339, 0.40131678125, 0.0160381592662, -0.250745143449, 0.540090273058, 0.803386189815, 0.313750305979, -0.739761676512, 0.595242309873,  
1228, 872138.3898996364, 59.26963664858932, 103.55455497482502, 72.12495120044208, 27.87674455452622, -0.360371754761, 0.299954382302, -0.883266418986, 0.916488092167, -0.06249757989, -0.395150135295, 0.173729028334, 0.951904102862, 0.25238225704,  
1229, 2328908.4465003163, 82.22829189850232, 101.91491481097682, 89.60009800004049, 60.88601862868439, 0.242079583339, 0.402476325381, 0.882842161906, -0.215208232915, -0.864967837205, 0.453338788421, -0.946088205093, 0.299738966619, 0.122774834857,  
1234, 493273.688570935, 49.0154635006995, 81.38069544898258, 72.83888083489313, 19.866194366931083, 0.643339267896, -0.300284109112, -0.704232944556, -0.0773979066404, -0.940664715197, 0.330392883746, 0.761658814976, 0.158048560251, 0.628407910653,  
1235, 478390.17265634116, 48.51744029420289, 117.56634991234436, 52.665146532920026, 18.445367335660542, 0.240497904598, -0.969055068245, -0.0556150392682, -0.743402651743, -0.220731052622, 0.631371760367, 0.62410997049, 0.110499217722, 0.773483463054,  
1238, 2780843.1259331633, 87.23604346766149, 97.41840569598325, 94.32758666381484, 72.24505724024668, 0.345897110982, -0.814533682646, 0.46571457831, -0.912311453275, -0.176020325107, 0.369735929243, -0.219187136572, -0.5527673335, -0.803993329684,  
1241, 1471833.7556473527, 70.56511439194043, 110.55309639836611, 73.23177417309519, 43.400994679340975, 0.841850317596, 0.0200386129151, 0.539338944224, -0.168841245416, 0.958930340465, 0.227914975337, -0.512621377442, -0.282932953416, 0.810659156033,  
1242, 2530963.117880362, 84.54067980439524, 136.80153839424565, 86.60795537187015, 50.997447553629755, 0.796875173477, 0.604132629447, 0.00370458261813, 0.265069573478, -0.355134476593, 0.896447223628, 0.54288864338, -0.713374564708, -0.443135026055,  
1243, 419509.49912560405, 46.43916439348843, 117.42890925174207, 69.41600492217974, 12.286227357935486, 0.522411835089, 0.0721384418392, 0.849636345602, -0.566873463168, -0.714958279976, 0.40925436424, 0.636977512409, -0.695435621105, -0.332609298702,  
1246, 767107.1507050506, 56.787899786996796, 137.72584574321837, 80.33975691012742, 16.550894124723598, -0.339863481696, 0.498408033709, -0.797547644811, -0.180909957164, 0.797542824409, 0.575497202975, 0.922910830584, 0.339874793369, -0.180888705076,  
1249, 2162816.8254063693, 80.22512024737149, 109.00308518961562, 86.16758642420066, 54.9728700602131, 0.0977699984945, -0.971601047443, 0.215481860031, -0.178106962766, 0.195941332308, 0.964305399812, 0.979141939255, 0.132658957109, 0.153891727816,  
1258, 1490673.3513243755, 70.86491863101499, 110.77859159583964, 87.83399713483004, 36.574246872732125, -0.374885584893, -0.309246312714, 0.873972262896, -0.470706154509, 0.875662708982, 0.107937649618, -0.798684239451, -0.370919854106, -0.473837469479,  
1275, 3104697.2509012697, 90.49895184839119, 124.90860890421156, 85.70895157386131, 69.23283143697746, 0.191559868376, -0.0840629389145, 0.977874347311, 0.854785129487, 0.503919259915, -0.124128006082, 0.482335152394, -0.859650395095, -0.168386457227,  
1282, 1772489.5923127143, 75.07552216610713, 99.62336577063105, 79.64348351122274, 53.33147889184654, 0.589981286768, -0.803363784663, -0.0808004378389, -0.729611297528, -0.487591100333, -0.479502109897, -0.345817055368, -0.341850184098, 0.873812918106,  
1290, 1584986.355022002, 72.32897426065094, 116.41146317641424, 67.17585306135716, 48.386920194275646, -0.45134513298, 0.351812786588, 0.820070322673, 0.0241813581526, -0.913841772076, 0.405349821175, 0.892021767029, 0.202783083124, 0.403950725145,  
1292, 2262525.071015335, 81.43946844010627, 125.33729636273519, 75.46660883288853, 57.10440801572132, 0.111877804146, 0.993690272347, -0.00793722758433, 0.913908173129, -0.106025070644, -0.391829727667, 0.390198933914, -0.0365831523694, 0.920003513545,  
1293, 2904347.3631322533, 88.50884008209142, 102.7711944859696, 89.2745134614493, 75.57202362459101, 0.460994652973, 0.725658759735, -0.510786936354, 0.750548682261, -0.625933160726, -0.211859278436, 0.473456022758, 0.285704467455, 0.833194066104,  
1303, 479373.93781024765, 48.5506747332911, 73.71115791660118, 64.4587494260435, 24.08633380043494, -0.113995021978, 0.991879750208, 0.0563887940278, 0.866411412102, 0.0714803584777, 0.494188044504, 0.486144422927, 0.105190871655, -0.867524340049,  
1305, 1165145.855319317, 65.27755736766531, 117.10701643888505, 73.69585912051409, 32.230399059823625, -0.647807202539, -0.262353459207, -0.715203810659, -0.727412351184, -0.0658783005048, 0.683030980898, 0.226311952145, -0.962720474471, 0.148162709045,  
1312, 653596.43236104, 53.8361119907238, 134.3611097581967, 87.29485465455578, 13.303283161689224, -0.134017999111, -0.238932928825, 0.961743329292, -0.990804966112, 0.0504893998295, -0.12552425914, 0.0185659646112, 0.969722576837, 0.243502420789,  
1314, 1760775.7724138168, 74.90977308545581, 138.72388793421118, 66.33447690963361, 45.67987257274451, 0.36093923565, -0.397623175051, -0.843574939665, 0.555516860938, -0.634892201559, 0.536947771773, -0.749082028473, -0.662425620777, -0.00827112791036,  
1315, 2702568.664238343, 86.40974215252383, 137.48417792631275, 109.71908862227073, 42.77137528326765, -0.825849082204, -0.244096857351, -0.508320782236, -0.477650213196, 0.781936235112, 0.400532143594, -0.299705801172, -0.573578633188, 0.762354238064,  
1317, 1378591.3085998378, 69.04236227335889, 103.27777407667845, 67.45694408615879, 47.24038133779635, -0.584587395744, 0.690419015266, -0.426121062724, 0.793841335056, 0.378279385543, -0.476151909825, 0.167551518924, 0.616624918271, 0.769220513684,  
1318, 2507918.369164846, 84.28331246339276, 113.16323949982038, 91.5444063492922, 57.79464534219169, 0.686206211755, 0.525292147398, -0.503179088229, -0.1405995089, 0.774480628961, 0.616775107687, -0.71368957751, 0.352488177456, -0.60530923643,  
1323, 2495003.0729676588, 84.13838245291002, 120.51820910470319, 87.44445915406781, 56.51939574709008, -0.601765828964, 0.449301291822, 0.660307683023, 0.772504160526, 0.537336389035, 0.338388721721, 0.202768856241, -0.713721202001, 0.670437794842,  
1325, 1783551.8332211475, 75.23138236351707, 98.76920029842655, 72.93018682907515, 59.11099399193839, -0.225668938175, 0.569185436647, -0.790633587101, 0.974067005903, 0.118217843539, -0.192919696972, 0.0163400842617, 0.813666074123, 0.581102849303,  
1335, 1763013.012979893, 74.94148642745961, 111.63875322339126, 80.02294485753416, 47.112635711026364, 0.623781656042, -0.574239097297, -0.530231934837, -0.41791892769, -0.81831976188, 0.394584005245, -0.660484833636, -0.0245403026058, -0.750438244018,  
1350, 560723.5659446754, 51.15484030187333, 102.80033443277857, 54.4359592830795, 23.921025361847146, 0.19056350862, 0.463929466276, -0.865132937474, -0.73485553526, 0.651751539395, 0.187636012521, -0.650901598923, -0.599991150949, -0.465121196359,  
1357, 1907113.0104345721, 76.93003674587061, 130.16025774841916, 73.22815263350255, 47.767371240130515, -0.79821318624, 0.543077293045, -0.260619959119, 0.589384859553, 0.614751426504, -0.524124194196, 0.12442345696, 0.571968301036, 0.810784228983,  
1365, 3750079.993120718, 96.37934581590862, 129.45108876882142, 98.43092919023296, 70.26104909359006, -0.861562312456, 0.407931602501, -0.302162521563, -0.0875194247179, 0.466947211184, 0.879943550613, 0.50005072948, 0.784571290355, -0.366602179887,  
